0.000000000000000000e+00 1.129765210805352103e-02 6.366544433174689543e-02 3.623516622882507528e-03 1.182499014584154464e-03 0.000000000000000000e+00 1.071774975751697417e-01 2.082610204790003462e-03 1.523519329651494992e-03 0.000000000000000000e+00 2.191419141914191515e-01 1.095118898623279047e-03 4.812528577960676485e-02 7.930214115781126106e-04 1.376462491397109373e-03 0.000000000000000000e+00 5.455918444402491768e-02 2.216885276186957455e-03 9.686372467388287832e-02 2.939238170554896515e-02 0.000000000000000000e+00 0.000000000000000000e+00 1.361161524500907388e-03 0.000000000000000000e+00 0.000000000000000000e+00 0.000000000000000000e+00 0.000000000000000000e+00 0.000000000000000000e+00 2.066420664206642180e-02 1.098230628431970694e-03 1.452550032278889566e-03 6.232471174820816305e-04 5.170185264971994751e-03 1.571257005604483753e-02 0.000000000000000000e+00 0.000000000000000000e+00 5.071639754377985088e-02 0.000000000000000000e+00 1.076716016150740252e-02 0.000000000000000000e+00 2.145922746781115872e-03 0.000000000000000000e+00 3.235722375020223330e-04 0.000000000000000000e+00 2.120141342756183545e-03 0.000000000000000000e+00 0.000000000000000000e+00 0.000000000000000000e+00 8.991773483833939706e-03 1.283532280836862923e-04 2.663100360507035871e-02 2.106593638087212979e-04 7.418397626112759914e-03 2.118644067796610108e-04 7.757243896874287115e-03 1.568627450980392200e-04 2.953321364452423659e-01 2.557755775577557570e-03 3.867733078667780905e-02 5.564830272676683526e-04 4.429828803559338751e-02 0.000000000000000000e+00 1.040118870728083201e-03 2.537427048972342217e-04 4.586894586894586789e-02 7.966313872766586689e-04 8.118860112040269736e-03 5.045917852457362535e-04 6.852159468438538681e-02 7.101355713363460484e-03 1.198581560283688008e-01 8.140670791273201445e-05 1.857047428189712718e-02 1.338986833296139248e-03 9.900990099009901110e-03 0.000000000000000000e+00 5.877541481654591921e-02 3.065525609911866171e-03 0.000000000000000000e+00 0.000000000000000000e+00 2.532561505065122984e-03 0.000000000000000000e+00 2.307692307692307907e-03 0.000000000000000000e+00 1.637057700778152963e-02 8.058017727639001028e-05 6.581112207963145692e-04 0.000000000000000000e+00 1.206001963259010004e-02 0.000000000000000000e+00 2.780094523213789449e-03 4.391743522178304972e-04 2.462502798298634322e-03 3.949447077409162657e-04 2.537764350453172377e-02 6.289308176100629269e-03 1.438848920863309384e-03 0.000000000000000000e+00 0.000000000000000000e+00 8.643042350907519707e-04 1.635768811341330392e-03 0.000000000000000000e+00 2.308802308802308800e-03 3.422313483915126573e-04 2.822865208186309260e-03 4.139072847682119202e-04 4.496402877697841527e-03 0.000000000000000000e+00 0.000000000000000000e+00 0.000000000000000000e+00 0.000000000000000000e+00 1.955034213098729226e-03 0.000000000000000000e+00 1.156069364161849784e-03 0.000000000000000000e+00 0.000000000000000000e+00
1.129765210805352103e-02 0.000000000000000000e+00 2.496684091441054697e-03 9.964670712926895768e-02 0.000000000000000000e+00 1.574555188159344982e-04 1.778208858713223447e-03 1.223533495314127056e-01 0.000000000000000000e+00 8.211866146581810232e-04 1.320132013201320148e-03 2.180851063829787329e-01 1.143118427069044315e-04 5.154639175257731687e-02 0.000000000000000000e+00 1.808913007728992026e-03 2.076647158769114650e-03 1.500092370219840987e-01 3.399944490702192651e-02 5.667589297482535787e-02 0.000000000000000000e+00 0.000000000000000000e+00 5.671506352087114658e-04 1.342732460557233970e-03 0.000000000000000000e+00 0.000000000000000000e+00 0.000000000000000000e+00 0.000000000000000000e+00 1.792303637322087547e-03 2.342892007321537365e-02 1.936733376371852899e-03 6.232471174820816305e-04 1.823926468476231438e-02 1.351080864691753432e-02 3.734129947722180992e-04 5.497526113249038161e-04 1.591994541732999827e-03 3.737563861253025144e-02 0.000000000000000000e+00 2.419984387197501863e-02 0.000000000000000000e+00 0.000000000000000000e+00 0.000000000000000000e+00 0.000000000000000000e+00 0.000000000000000000e+00 5.757715338553661506e-04 0.000000000000000000e+00 0.000000000000000000e+00 1.913143294432753042e-04 3.850596842510589039e-03 2.325851843237585642e-04 5.477143459026753529e-03 0.000000000000000000e+00 2.118644067796610162e-03 0.000000000000000000e+00 4.862745098039215549e-03 3.534560143626571099e-03 2.740924092409240953e-01 4.774979109466395851e-04 2.114635503617139783e-02 1.934423058322855174e-04 5.323798172427492842e-02 1.485884101040118742e-04 2.385181426034001587e-02 0.000000000000000000e+00 4.620462046204620171e-02 4.871316067224161993e-04 1.594510041376526535e-02 3.405315614617940301e-02 1.267484398536690426e-01 3.940110323089046759e-04 1.008629111038749637e-01 9.352037408149633125e-04 3.057353269359517831e-02 0.000000000000000000e+00 0.000000000000000000e+00 3.271792474877307979e-03 1.023119172308085273e-01 0.000000000000000000e+00 3.952569169960474041e-03 2.411963338157260101e-04 9.290838527578500899e-03 0.000000000000000000e+00 2.470660901791229321e-03 7.341065922771986072e-05 3.948428686543110216e-02 0.000000000000000000e+00 9.995002498750624360e-04 1.402327864254662606e-04 4.124173484254174682e-02 1.112037809285515736e-03 6.148440931049626960e-03 1.567047235280949252e-03 4.739336492890995622e-03 3.021148036253776432e-03 5.188679245283019104e-02 2.158273381294963968e-03 0.000000000000000000e+00 6.435006435006434796e-04 4.321521175453760071e-03 0.000000000000000000e+00 1.992031872509960125e-03 2.886002886002886000e-04 2.053388090349076052e-03 0.000000000000000000e+00 8.278145695364239054e-03 1.798561151079136784e-03 2.604166666666666522e-03 0.000000000000000000e+00 0.000000000000000000e+00 0.000000000000000000e+00 9.775171065493646130e-04 0.000000000000000000e+00 1.156069364161849784e-03 2.403846153846153980e-03 0.000000000000000000e+00
6.366544433174689543e-02 2.496684091441054697e-03 0.000000000000000000e+00 6.159978258900262321e-03 8.612534489554592165e-02 2.361832782239017391e-03 2.875040413837697817e-01 1.197500867754251914e-02 9.598171776804417799e-02 5.953602956271813150e-03 2.871287128712871409e-02 2.033792240300375496e-03 4.138088705989940302e-02 8.458895056833200601e-03 2.018811654049093920e-02 6.413418845584608133e-03 1.019444968850292607e-02 3.694808793644928911e-04 9.256175409381071917e-02 4.613154079346250443e-03 1.283697047496790665e-03 0.000000000000000000e+00 1.588021778584391974e-01 1.477005706612957367e-02 5.321549454682211050e-02 4.761904761904762334e-03 1.039168665067945717e-02 1.326259946949602054e-03 3.711122825513969714e-02 2.562538133007931547e-03 3.889606197546804228e-02 1.698348395138672348e-02 1.220738187562832137e-02 6.405124099279423111e-03 1.867064973861090387e-03 0.000000000000000000e+00 3.479645212644984914e-02 2.688894864210809518e-04 4.486316733961417534e-04 0.000000000000000000e+00 2.145922746781115872e-03 0.000000000000000000e+00 3.235722375020223330e-04 9.620935154897055741e-05 3.886925795053003743e-03 0.000000000000000000e+00 8.094981111710739408e-04 0.000000000000000000e+00 5.930744212741534405e-03 0.000000000000000000e+00 1.116408884754041195e-02 2.106593638087212979e-04 2.472799208704253016e-03 0.000000000000000000e+00 1.825233858088067505e-03 0.000000000000000000e+00 8.976660682226212176e-03 6.600660066006600740e-04 1.527993315029246672e-02 0.000000000000000000e+00 2.804913434568140178e-03 1.324327903588928704e-04 8.915304606240712993e-04 2.537427048972342217e-04 8.547008547008547001e-04 1.138044838966655319e-04 1.039214094341154443e-02 1.009183570491472453e-04 9.136212624584718472e-03 4.303851947493006502e-04 4.491725768321513240e-02 8.954737870400520912e-04 9.111556446225785311e-02 5.021200624860521801e-03 9.900990099009901457e-02 0.000000000000000000e+00 8.740359897172236825e-02 3.831907012389832497e-03 0.000000000000000000e+00 0.000000000000000000e+00 1.326579835986492961e-03 0.000000000000000000e+00 4.615384615384615814e-03 6.176652254478073303e-04 2.789605050653354897e-03 0.000000000000000000e+00 3.290556103981572846e-04 0.000000000000000000e+00 2.383957369232926702e-03 3.362097949120251123e-04 1.946066166249652485e-03 8.783487044356609943e-04 3.134094470561898504e-03 1.579778830963665063e-03 1.993957703927492359e-02 1.415094339622641542e-02 0.000000000000000000e+00 0.000000000000000000e+00 6.435006435006434796e-04 0.000000000000000000e+00 5.452562704471101670e-04 9.960159362549800624e-04 1.154401154401154400e-03 3.422313483915126573e-04 1.411432604093154630e-03 1.241721854304635815e-03 1.798561151079136784e-03 0.000000000000000000e+00 0.000000000000000000e+00 0.000000000000000000e+00 0.000000000000000000e+00 0.000000000000000000e+00 0.000000000000000000e+00 1.156069364161849784e-03 0.000000000000000000e+00 0.000000000000000000e+00
3.623516622882507528e-03 9.964670712926895768e-02 6.159978258900262321e-03 0.000000000000000000e+00 3.941663381947181546e-04 4.314281215556605570e-02 7.193663110248949173e-03 2.354217285664699788e-01 1.142639497238621136e-03 3.777458427427633075e-02 2.310231023102310259e-03 3.379224030037546872e-02 3.200731595793324027e-03 4.017975151995770849e-02 9.176416609314062486e-04 3.387600723565203226e-02 1.887861053426467903e-03 1.958248660631812382e-02 6.661115736885928583e-03 1.437986028733359567e-01 0.000000000000000000e+00 0.000000000000000000e+00 1.225045372050816671e-02 1.894931184961396453e-01 1.692365550959007078e-03 1.017316017316017250e-02 0.000000000000000000e+00 7.957559681697612538e-04 1.792303637322087547e-03 2.111043319097010221e-02 9.845061329890250970e-03 3.910875662200062608e-02 5.457417779692661126e-03 9.507606084867894006e-03 0.000000000000000000e+00 0.000000000000000000e+00 0.000000000000000000e+00 2.043560096800215234e-02 0.000000000000000000e+00 1.522248243559718925e-02 0.000000000000000000e+00 2.766251728907330714e-03 0.000000000000000000e+00 1.924187030979411148e-04 3.533568904593639422e-04 2.187931828650391524e-03 0.000000000000000000e+00 1.355013550135501354e-04 0.000000000000000000e+00 7.059427544602746643e-03 0.000000000000000000e+00 6.214451232357278559e-03 0.000000000000000000e+00 2.754237288135593167e-03 2.281542322610084382e-04 6.274509803921568801e-04 6.171454219030520329e-04 1.617161716171617095e-02 0.000000000000000000e+00 1.131515488777592310e-02 2.901634587484282625e-04 5.032446033637928695e-03 0.000000000000000000e+00 6.343567622430854730e-04 0.000000000000000000e+00 7.169682485489927912e-03 7.306974100836242719e-04 5.449591280653950758e-03 4.152823920265780828e-04 4.519044544867656908e-03 1.970055161544523054e-03 3.077173559101269856e-02 2.672010688042752383e-03 7.007364427583129274e-02 0.000000000000000000e+00 3.030303030303030387e-02 4.206590324842252558e-03 7.880955422148422373e-02 0.000000000000000000e+00 1.976284584980237020e-03 0.000000000000000000e+00 9.408444078560508324e-04 0.000000000000000000e+00 6.176652254478073303e-04 0.000000000000000000e+00 1.047542304593069998e-03 0.000000000000000000e+00 0.000000000000000000e+00 0.000000000000000000e+00 1.344839179648100449e-03 2.502085070892410244e-03 3.513394817742643977e-03 1.119319453772106608e-03 1.184834123222748906e-03 2.416918429003021146e-03 3.773584905660377214e-02 0.000000000000000000e+00 1.926782273603082829e-03 0.000000000000000000e+00 1.728608470181503941e-03 0.000000000000000000e+00 0.000000000000000000e+00 0.000000000000000000e+00 6.844626967830253145e-04 0.000000000000000000e+00 5.380794701986754691e-03 0.000000000000000000e+00 0.000000000000000000e+00 0.000000000000000000e+00 0.000000000000000000e+00 0.000000000000000000e+00 0.000000000000000000e+00 0.000000000000000000e+00 1.156069364161849784e-03 0.000000000000000000e+00 0.000000000000000000e+00
1.182499014584154464e-03 0.000000000000000000e+00 8.612534489554592165e-02 3.941663381947181546e-04 0.000000000000000000e+00 1.102188631711541406e-03 2.586485612673779678e-03 8.677542519958347756e-05 3.681203580270424602e-01 6.158899609936357945e-04 0.000000000000000000e+00 0.000000000000000000e+00 4.572473708276177259e-04 0.000000000000000000e+00 1.032346868547832086e-01 6.577865482650879997e-04 0.000000000000000000e+00 0.000000000000000000e+00 1.387732445184568545e-04 1.318044022670357223e-04 7.702182284980744857e-03 5.497526113249038161e-04 5.104355716878402650e-03 5.035246727089627387e-04 1.980067694622038299e-01 3.896103896103896101e-03 1.722621902478017608e-01 1.591511936339522508e-03 6.958355297838692347e-03 0.000000000000000000e+00 1.016785022595222653e-02 2.025553131816765218e-03 2.872325147206663751e-04 0.000000000000000000e+00 3.734129947722180992e-04 0.000000000000000000e+00 4.548555833522856338e-04 0.000000000000000000e+00 0.000000000000000000e+00 0.000000000000000000e+00 2.145922746781115872e-03 0.000000000000000000e+00 0.000000000000000000e+00 0.000000000000000000e+00 0.000000000000000000e+00 0.000000000000000000e+00 5.396654074473826272e-04 0.000000000000000000e+00 3.826286588865506085e-04 0.000000000000000000e+00 4.651703686475171283e-04 0.000000000000000000e+00 4.945598417408506248e-04 0.000000000000000000e+00 4.563084645220168763e-04 0.000000000000000000e+00 1.122082585278276522e-04 0.000000000000000000e+00 1.193744777366598963e-04 0.000000000000000000e+00 9.672115291614275868e-05 0.000000000000000000e+00 0.000000000000000000e+00 0.000000000000000000e+00 2.849002849002848820e-04 0.000000000000000000e+00 0.000000000000000000e+00 0.000000000000000000e+00 0.000000000000000000e+00 0.000000000000000000e+00 1.591804570527974652e-02 3.256268316509280578e-04 2.645290581162324656e-02 1.115822361080116040e-04 3.465346534653465649e-02 0.000000000000000000e+00 2.804393549894835039e-03 0.000000000000000000e+00 0.000000000000000000e+00 0.000000000000000000e+00 2.411963338157260101e-04 0.000000000000000000e+00 2.307692307692307907e-03 0.000000000000000000e+00 9.543385699603582030e-04 0.000000000000000000e+00 3.290556103981572846e-04 0.000000000000000000e+00 7.011639321273313574e-04 0.000000000000000000e+00 0.000000000000000000e+00 0.000000000000000000e+00 0.000000000000000000e+00 0.000000000000000000e+00 0.000000000000000000e+00 0.000000000000000000e+00 0.000000000000000000e+00 0.000000000000000000e+00 0.000000000000000000e+00 0.000000000000000000e+00 0.000000000000000000e+00 0.000000000000000000e+00 0.000000000000000000e+00 0.000000000000000000e+00 0.000000000000000000e+00 0.000000000000000000e+00 0.000000000000000000e+00 0.000000000000000000e+00 0.000000000000000000e+00 0.000000000000000000e+00 0.000000000000000000e+00 0.000000000000000000e+00 0.000000000000000000e+00 0.000000000000000000e+00 0.000000000000000000e+00 0.000000000000000000e+00
0.000000000000000000e+00 1.574555188159344982e-04 2.361832782239017391e-03 4.314281215556605570e-02 1.102188631711541406e-03 0.000000000000000000e+00 8.891044293566117236e-04 1.041305102395001687e-02 9.521995810321843157e-04 3.769246561281051067e-01 0.000000000000000000e+00 1.564455569461827326e-04 2.286236854138088629e-04 2.379064234734337615e-03 6.882312456985546865e-04 1.327084361124815093e-01 0.000000000000000000e+00 1.847404396822464455e-04 0.000000000000000000e+00 6.590220113351785572e-04 1.925545571245186214e-03 1.209455744914788265e-02 1.361161524500907388e-03 2.064451158106747272e-02 3.572771718691237358e-03 2.965367965367965430e-01 7.993605115907273994e-04 2.381962864721485496e-01 1.054296257248286777e-04 1.122635753508236661e-02 3.712072304712718020e-03 4.985976939856653044e-03 1.436162573603331875e-04 5.004003202562049306e-04 0.000000000000000000e+00 5.497526113249038161e-04 0.000000000000000000e+00 2.688894864210809518e-04 0.000000000000000000e+00 0.000000000000000000e+00 0.000000000000000000e+00 0.000000000000000000e+00 0.000000000000000000e+00 0.000000000000000000e+00 0.000000000000000000e+00 0.000000000000000000e+00 2.698327037236913136e-04 1.355013550135501354e-04 0.000000000000000000e+00 0.000000000000000000e+00 0.000000000000000000e+00 0.000000000000000000e+00 0.000000000000000000e+00 0.000000000000000000e+00 0.000000000000000000e+00 1.568627450980392200e-04 0.000000000000000000e+00 8.250825082508250925e-05 0.000000000000000000e+00 0.000000000000000000e+00 0.000000000000000000e+00 1.324327903588928704e-04 0.000000000000000000e+00 0.000000000000000000e+00 0.000000000000000000e+00 0.000000000000000000e+00 0.000000000000000000e+00 2.018367140982944906e-04 0.000000000000000000e+00 0.000000000000000000e+00 3.230890464933018017e-03 2.849234776945620481e-02 5.344021376085504333e-04 2.421334523543851661e-02 0.000000000000000000e+00 0.000000000000000000e+00 0.000000000000000000e+00 1.915953506194916249e-03 0.000000000000000000e+00 0.000000000000000000e+00 0.000000000000000000e+00 0.000000000000000000e+00 0.000000000000000000e+00 6.176652254478073303e-04 0.000000000000000000e+00 8.058017727639001028e-05 0.000000000000000000e+00 0.000000000000000000e+00 0.000000000000000000e+00 3.362097949120251123e-04 0.000000000000000000e+00 0.000000000000000000e+00 0.000000000000000000e+00 0.000000000000000000e+00 0.000000000000000000e+00 1.572327044025157317e-03 0.000000000000000000e+00 0.000000000000000000e+00 0.000000000000000000e+00 0.000000000000000000e+00 0.000000000000000000e+00 0.000000000000000000e+00 0.000000000000000000e+00 0.000000000000000000e+00 0.000000000000000000e+00 0.000000000000000000e+00 0.000000000000000000e+00 0.000000000000000000e+00 0.000000000000000000e+00 0.000000000000000000e+00 0.000000000000000000e+00 0.000000000000000000e+00 0.000000000000000000e+00 0.000000000000000000e+00 0.000000000000000000e+00 0.000000000000000000e+00
1.071774975751697417e-01 1.778208858713223447e-03 2.875040413837697817e-01 7.193663110248949173e-03 2.586485612673779678e-03 8.891044293566117236e-04 0.000000000000000000e+00 1.718153418951752845e-02 5.408493620262807416e-02 4.105933073290905441e-03 5.643564356435643720e-02 4.849812265331664846e-03 2.093049839963420089e-01 1.282051282051282007e-02 8.947006194081211575e-03 4.111165926656799863e-03 3.964508212195582554e-03 5.542213190467393637e-04 9.852900360810436589e-03 7.644655331488071567e-03 0.000000000000000000e+00 0.000000000000000000e+00 1.610707803992740550e-02 1.544142329640819065e-02 3.948852952237683761e-03 1.731601731601731600e-03 0.000000000000000000e+00 2.652519893899203999e-04 1.897733263046916252e-02 2.562538133007931547e-03 2.501613944480310034e-02 1.558117793705204174e-02 3.159557661927330126e-03 8.907125700560448306e-03 1.493651979088872397e-03 0.000000000000000000e+00 8.414828292017284550e-03 5.377789728421619037e-04 0.000000000000000000e+00 0.000000000000000000e+00 0.000000000000000000e+00 0.000000000000000000e+00 3.235722375020223330e-04 0.000000000000000000e+00 2.296819787985865651e-03 1.151543067710732410e-04 2.698327037236913136e-04 0.000000000000000000e+00 6.887315859957911061e-03 0.000000000000000000e+00 1.860681474590068774e-02 2.106593638087212979e-04 5.440158259149356981e-03 0.000000000000000000e+00 8.441706593657312754e-03 0.000000000000000000e+00 6.227558348294434318e-03 3.300330033003300370e-04 7.639966575146233362e-03 9.274717121127804974e-05 1.837701905406712369e-02 1.324327903588928704e-04 1.485884101040118796e-03 0.000000000000000000e+00 2.991452991452991581e-02 1.138044838966655319e-04 3.409921247056913341e-03 4.036734281965889811e-04 6.229235880398670700e-04 0.000000000000000000e+00 1.196217494089834577e-01 1.953760989905568238e-03 4.288577154308616940e-02 4.463289444320464594e-03 3.960396039603960444e-02 0.000000000000000000e+00 4.054685674222949232e-02 4.215097713628815877e-03 0.000000000000000000e+00 0.000000000000000000e+00 2.532561505065122984e-03 0.000000000000000000e+00 3.076923076923076920e-03 6.176652254478073303e-04 2.261048304213771759e-02 1.611603545527800206e-04 1.645278051990786477e-03 0.000000000000000000e+00 2.005328845884167890e-02 1.120699316373416951e-04 1.112037809285515736e-03 8.783487044356609943e-04 1.119319453772106608e-03 7.898894154818325315e-04 9.063444108761330165e-03 6.289308176100629269e-03 0.000000000000000000e+00 0.000000000000000000e+00 0.000000000000000000e+00 0.000000000000000000e+00 0.000000000000000000e+00 9.960159362549800624e-04 0.000000000000000000e+00 3.422313483915126573e-04 0.000000000000000000e+00 4.139072847682119202e-04 0.000000000000000000e+00 0.000000000000000000e+00 0.000000000000000000e+00 0.000000000000000000e+00 0.000000000000000000e+00 0.000000000000000000e+00 0.000000000000000000e+00 2.312138728323699568e-03 0.000000000000000000e+00 0.000000000000000000e+00
2.082610204790003462e-03 1.223533495314127056e-01 1.197500867754251914e-02 2.354217285664699788e-01 8.677542519958347756e-05 1.041305102395001687e-02 1.718153418951752845e-02 0.000000000000000000e+00 9.521995810321843157e-04 3.859577088893451080e-02 4.290429042904290481e-03 1.628598247809762145e-01 8.459076360310928064e-03 2.257467618292360589e-01 1.835283321862812497e-03 1.595132379542838277e-02 1.510288842741174193e-03 7.574358026972104023e-03 1.054676658340271932e-02 2.161592197179385694e-02 0.000000000000000000e+00 5.497526113249038161e-04 1.826225045372050979e-02 2.114803625377643589e-02 7.521624670928920469e-04 4.329004329004329001e-04 0.000000000000000000e+00 0.000000000000000000e+00 3.162888771744860276e-03 1.037217815741305754e-02 1.065203357004518986e-02 3.116235587410408261e-03 5.026569007611661997e-03 5.704563650920736750e-03 0.000000000000000000e+00 5.497526113249038161e-04 6.822833750284284507e-04 3.764452809895132892e-03 4.486316733961417534e-04 4.683840749414519902e-03 0.000000000000000000e+00 0.000000000000000000e+00 0.000000000000000000e+00 2.886280546469116993e-04 0.000000000000000000e+00 2.533394748963611193e-03 0.000000000000000000e+00 1.355013550135501354e-04 1.913143294432753042e-04 4.107303298677961352e-03 2.325851843237585642e-04 5.793132504739835313e-03 0.000000000000000000e+00 3.177966101694915460e-03 0.000000000000000000e+00 5.490196078431372646e-03 1.122082585278276522e-04 5.115511551155115140e-03 2.387489554733197925e-04 6.028566128733073640e-03 3.868846116645710347e-04 1.867302344060389405e-02 0.000000000000000000e+00 1.014970819588936887e-03 0.000000000000000000e+00 2.719927165130306065e-02 2.435658033612080997e-04 4.036734281965890028e-03 2.076411960132890414e-04 1.721540778997202601e-03 3.230890464933018017e-03 6.903288830999673720e-02 4.943219772879091888e-03 4.173175630439634326e-02 4.950495049504950555e-03 7.575757575757575968e-03 7.361533068473942627e-03 4.304508877251245202e-02 0.000000000000000000e+00 1.976284584980237020e-03 0.000000000000000000e+00 2.352111019640126810e-03 0.000000000000000000e+00 1.235330450895614661e-03 7.341065922771986072e-05 1.708299758259468337e-02 0.000000000000000000e+00 4.997501249375312180e-04 0.000000000000000000e+00 1.804325899361201510e-02 0.000000000000000000e+00 2.635046113306982983e-03 6.715916722632639651e-04 1.579778830963665063e-03 1.812688821752265859e-03 1.415094339622641542e-02 0.000000000000000000e+00 0.000000000000000000e+00 1.287001287001286959e-03 0.000000000000000000e+00 0.000000000000000000e+00 0.000000000000000000e+00 0.000000000000000000e+00 3.422313483915126573e-04 7.057163020465773151e-04 3.311258278145695361e-03 0.000000000000000000e+00 0.000000000000000000e+00 0.000000000000000000e+00 0.000000000000000000e+00 0.000000000000000000e+00 0.000000000000000000e+00 2.083333333333333304e-03 0.000000000000000000e+00 0.000000000000000000e+00 0.000000000000000000e+00
1.523519329651494992e-03 0.000000000000000000e+00 9.598171776804417799e-02 1.142639497238621136e-03 3.681203580270424602e-01 9.521995810321843157e-04 5.408493620262807416e-02 9.521995810321843157e-04 0.000000000000000000e+00 8.211866146581810232e-04 6.600660066006600740e-04 0.000000000000000000e+00 2.057613168724279837e-02 3.965107057890563053e-04 2.640513879330121383e-01 8.222331853313599725e-04 1.887861053426467741e-04 0.000000000000000000e+00 4.163197335553705364e-04 0.000000000000000000e+00 1.283697047496790665e-03 2.199010445299615264e-03 2.155172413793103418e-03 1.174890902987579724e-03 5.791650996615269054e-02 2.380952380952381167e-03 2.677857713828936739e-02 1.326259946949602054e-03 9.699525566684238237e-03 1.220256253813300801e-04 6.617172369270497151e-03 2.025553131816765218e-03 0.000000000000000000e+00 0.000000000000000000e+00 3.734129947722180992e-04 0.000000000000000000e+00 2.274277916761428169e-04 0.000000000000000000e+00 4.486316733961417534e-04 0.000000000000000000e+00 0.000000000000000000e+00 0.000000000000000000e+00 1.617861187510111665e-04 0.000000000000000000e+00 0.000000000000000000e+00 0.000000000000000000e+00 5.396654074473826272e-04 0.000000000000000000e+00 0.000000000000000000e+00 0.000000000000000000e+00 3.488777764856378734e-04 0.000000000000000000e+00 4.945598417408506248e-04 0.000000000000000000e+00 2.281542322610084382e-04 0.000000000000000000e+00 1.683123877917414783e-04 8.250825082508250925e-05 1.193744777366598963e-04 0.000000000000000000e+00 9.672115291614276139e-04 0.000000000000000000e+00 5.943536404160474967e-04 0.000000000000000000e+00 8.547008547008547001e-04 0.000000000000000000e+00 0.000000000000000000e+00 0.000000000000000000e+00 2.076411960132890414e-04 0.000000000000000000e+00 1.717888100866824322e-02 2.442201237381960298e-04 2.591850367401469721e-02 3.347467083240348120e-04 4.455445544554455239e-02 0.000000000000000000e+00 7.945781724702033477e-03 1.277302337463277662e-04 0.000000000000000000e+00 0.000000000000000000e+00 3.617945007235889745e-04 0.000000000000000000e+00 7.692307692307692301e-04 0.000000000000000000e+00 2.128909117603875866e-03 0.000000000000000000e+00 3.290556103981572846e-04 0.000000000000000000e+00 2.243724582807460170e-03 0.000000000000000000e+00 0.000000000000000000e+00 0.000000000000000000e+00 0.000000000000000000e+00 0.000000000000000000e+00 1.812688821752265859e-03 1.572327044025157317e-03 0.000000000000000000e+00 0.000000000000000000e+00 0.000000000000000000e+00 0.000000000000000000e+00 1.090512540894220334e-03 0.000000000000000000e+00 2.886002886002886000e-04 0.000000000000000000e+00 0.000000000000000000e+00 0.000000000000000000e+00 0.000000000000000000e+00 0.000000000000000000e+00 0.000000000000000000e+00 0.000000000000000000e+00 0.000000000000000000e+00 0.000000000000000000e+00 0.000000000000000000e+00 0.000000000000000000e+00 0.000000000000000000e+00 0.000000000000000000e+00
0.000000000000000000e+00 8.211866146581810232e-04 5.953602956271813150e-03 3.777458427427633075e-02 6.158899609936357945e-04 3.769246561281051067e-01 4.105933073290905441e-03 3.859577088893451080e-02 8.211866146581810232e-04 0.000000000000000000e+00 0.000000000000000000e+00 3.128911138923654652e-04 3.429355281207132808e-04 1.004493787998942712e-02 1.835283321862812497e-03 2.068738694293701663e-01 0.000000000000000000e+00 0.000000000000000000e+00 0.000000000000000000e+00 2.636088045340714446e-04 1.283697047496790665e-03 3.298515667949422896e-03 2.495462794918330320e-03 7.888553205773750007e-03 5.453177886423467638e-03 3.549783549783550041e-02 0.000000000000000000e+00 1.068965517241379365e-01 3.162888771744860059e-04 6.101281269066504385e-03 4.680438992898644686e-03 2.804612028669367391e-03 2.872325147206663751e-04 8.006405124099278889e-04 0.000000000000000000e+00 0.000000000000000000e+00 0.000000000000000000e+00 0.000000000000000000e+00 0.000000000000000000e+00 0.000000000000000000e+00 0.000000000000000000e+00 0.000000000000000000e+00 0.000000000000000000e+00 0.000000000000000000e+00 0.000000000000000000e+00 0.000000000000000000e+00 0.000000000000000000e+00 1.355013550135501354e-04 0.000000000000000000e+00 1.283532280836862923e-04 0.000000000000000000e+00 0.000000000000000000e+00 0.000000000000000000e+00 0.000000000000000000e+00 0.000000000000000000e+00 0.000000000000000000e+00 0.000000000000000000e+00 2.475247524752475278e-04 0.000000000000000000e+00 9.274717121127804974e-05 0.000000000000000000e+00 0.000000000000000000e+00 0.000000000000000000e+00 0.000000000000000000e+00 0.000000000000000000e+00 0.000000000000000000e+00 0.000000000000000000e+00 0.000000000000000000e+00 0.000000000000000000e+00 2.151925973746503251e-04 2.206461780929866185e-03 2.157277759687398211e-02 5.344021376085504333e-04 1.260879268020531109e-02 0.000000000000000000e+00 0.000000000000000000e+00 1.168497312456181402e-04 4.726018648614127050e-03 0.000000000000000000e+00 0.000000000000000000e+00 0.000000000000000000e+00 2.352111019640127081e-04 0.000000000000000000e+00 1.235330450895614661e-03 0.000000000000000000e+00 2.417405318291700308e-04 0.000000000000000000e+00 0.000000000000000000e+00 0.000000000000000000e+00 4.482797265493667803e-04 0.000000000000000000e+00 4.391743522178304972e-04 0.000000000000000000e+00 3.949447077409162657e-04 0.000000000000000000e+00 1.572327044025157317e-03 0.000000000000000000e+00 0.000000000000000000e+00 0.000000000000000000e+00 8.643042350907519707e-04 0.000000000000000000e+00 0.000000000000000000e+00 0.000000000000000000e+00 0.000000000000000000e+00 7.057163020465773151e-04 0.000000000000000000e+00 0.000000000000000000e+00 0.000000000000000000e+00 0.000000000000000000e+00 0.000000000000000000e+00 0.000000000000000000e+00 0.000000000000000000e+00 0.000000000000000000e+00 0.000000000000000000e+00 0.000000000000000000e+00 0.000000000000000000e+00
2.191419141914191515e-01 1.320132013201320148e-03 2.871287128712871409e-02 2.310231023102310259e-03 0.000000000000000000e+00 0.000000000000000000e+00 5.643564356435643720e-02 4.290429042904290481e-03 6.600660066006600740e-04 0.000000000000000000e+00 0.000000000000000000e+00 1.564455569461827272e-03 9.110653863740283964e-02 7.930214115781126106e-04 1.147052076164257811e-03 0.000000000000000000e+00 4.719652633566169542e-02 0.000000000000000000e+00 8.048848182070496640e-03 1.713457229471464444e-03 0.000000000000000000e+00 0.000000000000000000e+00 6.805807622504537156e-03 1.678415575696542462e-04 0.000000000000000000e+00 0.000000000000000000e+00 0.000000000000000000e+00 0.000000000000000000e+00 2.456510279388508106e-02 4.881025015253203205e-04 1.936733376371852899e-03 1.558117793705204076e-04 2.585092632485997376e-03 1.501200960768614900e-03 0.000000000000000000e+00 0.000000000000000000e+00 2.274277916761428169e-04 0.000000000000000000e+00 0.000000000000000000e+00 0.000000000000000000e+00 0.000000000000000000e+00 0.000000000000000000e+00 0.000000000000000000e+00 0.000000000000000000e+00 1.766784452296819711e-04 0.000000000000000000e+00 0.000000000000000000e+00 0.000000000000000000e+00 1.913143294432753042e-04 0.000000000000000000e+00 1.162925921618792983e-03 1.053296819043606490e-04 0.000000000000000000e+00 0.000000000000000000e+00 4.563084645220168763e-04 0.000000000000000000e+00 2.973518850987432512e-03 8.250825082508250925e-05 1.193744777366599098e-03 0.000000000000000000e+00 6.963923009962278733e-03 0.000000000000000000e+00 2.228826151560178194e-03 0.000000000000000000e+00 4.273504273504273934e-03 0.000000000000000000e+00 6.495088089632215268e-04 0.000000000000000000e+00 2.076411960132890414e-04 0.000000000000000000e+00 1.473601260835303434e-02 8.140670791273201445e-05 1.068804275217100867e-03 5.579111805400580743e-04 0.000000000000000000e+00 0.000000000000000000e+00 2.687543818649217129e-03 3.831907012389832714e-04 0.000000000000000000e+00 0.000000000000000000e+00 5.668113844669560655e-03 0.000000000000000000e+00 4.230769230769231004e-02 0.000000000000000000e+00 4.331228894435472203e-03 0.000000000000000000e+00 6.581112207963145692e-04 0.000000000000000000e+00 2.524190155658392800e-03 0.000000000000000000e+00 0.000000000000000000e+00 0.000000000000000000e+00 0.000000000000000000e+00 0.000000000000000000e+00 0.000000000000000000e+00 0.000000000000000000e+00 0.000000000000000000e+00 0.000000000000000000e+00 0.000000000000000000e+00 0.000000000000000000e+00 0.000000000000000000e+00 0.000000000000000000e+00 0.000000000000000000e+00 0.000000000000000000e+00 0.000000000000000000e+00 0.000000000000000000e+00 0.000000000000000000e+00 0.000000000000000000e+00 0.000000000000000000e+00 0.000000000000000000e+00 0.000000000000000000e+00 0.000000000000000000e+00 0.000000000000000000e+00 0.000000000000000000e+00 0.000000000000000000e+00 0.000000000000000000e+00
1.095118898623279047e-03 2.180851063829787329e-01 2.033792240300375496e-03 3.379224030037546872e-02 0.000000000000000000e+00 1.564455569461827326e-04 4.849812265331664846e-03 1.628598247809762145e-01 0.000000000000000000e+00 3.128911138923654652e-04 1.564455569461827272e-03 0.000000000000000000e+00 4.572473708276177259e-04 1.500132170235262963e-01 0.000000000000000000e+00 2.631146193060351999e-03 3.775722106852935482e-04 4.858673563643081672e-02 3.885650846516791601e-03 2.174772637406089532e-02 0.000000000000000000e+00 0.000000000000000000e+00 2.041742286751360973e-03 4.028197381671701910e-03 0.000000000000000000e+00 0.000000000000000000e+00 0.000000000000000000e+00 0.000000000000000000e+00 5.271481286241434154e-04 4.649176327028676364e-02 2.098127824402840676e-03 1.246494234964163261e-03 2.010627603044664626e-03 6.905524419535628150e-03 0.000000000000000000e+00 5.497526113249038161e-04 2.274277916761428169e-04 8.066684592632428555e-04 0.000000000000000000e+00 1.561280249804839967e-03 0.000000000000000000e+00 0.000000000000000000e+00 0.000000000000000000e+00 0.000000000000000000e+00 1.766784452296819711e-04 2.303086135421464819e-04 0.000000000000000000e+00 0.000000000000000000e+00 0.000000000000000000e+00 3.850596842510589039e-04 0.000000000000000000e+00 5.266484095218031906e-04 0.000000000000000000e+00 4.237288135593220216e-04 0.000000000000000000e+00 1.882352941176470640e-03 5.610412926391382610e-05 1.443894389438943847e-02 0.000000000000000000e+00 1.205713225746614728e-03 0.000000000000000000e+00 6.356773937226857345e-03 0.000000000000000000e+00 2.118751585891905445e-02 0.000000000000000000e+00 6.486855582109935479e-03 0.000000000000000000e+00 1.513775355737208544e-03 6.229235880398670700e-04 6.455777921239508940e-04 3.152088258471237407e-04 2.946922826440898785e-02 9.352037408149633125e-04 8.368667708100871114e-03 0.000000000000000000e+00 0.000000000000000000e+00 1.285347043701799393e-03 3.959637246136160291e-03 0.000000000000000000e+00 5.928853754940711061e-03 0.000000000000000000e+00 1.646477713748088767e-02 0.000000000000000000e+00 2.470660901791229321e-03 7.341065922771986072e-05 1.595487510072522014e-02 0.000000000000000000e+00 9.995002498750624360e-04 0.000000000000000000e+00 1.950016810489745706e-02 0.000000000000000000e+00 4.391743522178304972e-04 0.000000000000000000e+00 0.000000000000000000e+00 0.000000000000000000e+00 3.144654088050314635e-03 0.000000000000000000e+00 0.000000000000000000e+00 6.435006435006434796e-04 0.000000000000000000e+00 0.000000000000000000e+00 0.000000000000000000e+00 0.000000000000000000e+00 0.000000000000000000e+00 0.000000000000000000e+00 0.000000000000000000e+00 0.000000000000000000e+00 0.000000000000000000e+00 0.000000000000000000e+00 0.000000000000000000e+00 0.000000000000000000e+00 0.000000000000000000e+00 0.000000000000000000e+00 0.000000000000000000e+00 0.000000000000000000e+00 0.000000000000000000e+00
4.812528577960676485e-02 1.143118427069044315e-04 4.138088705989940302e-02 3.200731595793324027e-03 4.572473708276177259e-04 2.286236854138088629e-04 2.093049839963420089e-01 8.459076360310928064e-03 2.057613168724279837e-02 3.429355281207132808e-04 9.110653863740283964e-02 4.572473708276177259e-04 0.000000000000000000e+00 4.625958234205656931e-03 8.625831612755219258e-02 9.866798223976320538e-04 1.094959410987351306e-02 0.000000000000000000e+00 5.689703025256730683e-03 2.108870436272571557e-03 0.000000000000000000e+00 0.000000000000000000e+00 2.109800362976406440e-02 7.720711648204095327e-03 5.641218503196690623e-04 1.731601731601731600e-03 0.000000000000000000e+00 0.000000000000000000e+00 1.745914602003162952e-01 4.881025015253203205e-04 9.683666881859263192e-03 6.855718292302898260e-03 4.021255206089329251e-03 2.802241793434747611e-03 3.734129947722180992e-04 0.000000000000000000e+00 2.274277916761428386e-03 0.000000000000000000e+00 4.486316733961417534e-04 3.903200624512099919e-04 2.145922746781115872e-03 0.000000000000000000e+00 0.000000000000000000e+00 0.000000000000000000e+00 3.533568904593639422e-04 0.000000000000000000e+00 0.000000000000000000e+00 0.000000000000000000e+00 7.652573177731012170e-04 0.000000000000000000e+00 1.511803698104430748e-03 0.000000000000000000e+00 9.891196834817012496e-04 0.000000000000000000e+00 4.563084645220168763e-04 0.000000000000000000e+00 7.349640933572710623e-03 1.650165016501650185e-04 1.909991643786558340e-03 0.000000000000000000e+00 2.243930747654512142e-02 0.000000000000000000e+00 6.835066864784546808e-03 0.000000000000000000e+00 1.310541310541310511e-02 0.000000000000000000e+00 1.623772022408053817e-03 1.009183570491472453e-04 1.661129568106312331e-03 0.000000000000000000e+00 8.092986603624902076e-02 1.058287202865516039e-03 2.418169672678690749e-02 2.231644722160232297e-03 5.940594059405940319e-02 0.000000000000000000e+00 3.225052582379060728e-02 1.405032571209605292e-03 0.000000000000000000e+00 0.000000000000000000e+00 3.497346840328026917e-03 1.176055509820063541e-04 0.000000000000000000e+00 0.000000000000000000e+00 1.761855821465276722e-02 0.000000000000000000e+00 1.645278051990786477e-03 0.000000000000000000e+00 8.694432758378908485e-03 0.000000000000000000e+00 8.340283569641367481e-04 8.783487044356609943e-04 2.238638907544213217e-04 0.000000000000000000e+00 1.027190332326284074e-02 4.716981132075471518e-03 0.000000000000000000e+00 0.000000000000000000e+00 6.435006435006434796e-04 0.000000000000000000e+00 0.000000000000000000e+00 0.000000000000000000e+00 0.000000000000000000e+00 0.000000000000000000e+00 0.000000000000000000e+00 8.278145695364238403e-04 8.992805755395683921e-04 0.000000000000000000e+00 0.000000000000000000e+00 0.000000000000000000e+00 0.000000000000000000e+00 0.000000000000000000e+00 0.000000000000000000e+00 0.000000000000000000e+00 0.000000000000000000e+00 0.000000000000000000e+00
