2.993923821456353496e-01 4.980788643116312309e-01 3.711084288364938644e-01 5.085843167399306530e-01 0.000000000000000000e+00 0.000000000000000000e+00 3.605026834269753899e-01 4.685920829958877265e-01 3.659783454089707844e-01 0.000000000000000000e+00 3.305509993024271509e-01 4.795689962430338404e-01 3.706096963780358133e-01 4.607383597319681390e-01 3.793245103565834886e-01 0.000000000000000000e+00 2.983316843640888560e-01 4.902735612187644199e-01 3.793191952063007522e-01 5.230682191852514817e-01 0.000000000000000000e+00 0.000000000000000000e+00 3.980485006302090234e-01 4.743724492884165422e-01 0.000000000000000000e+00 0.000000000000000000e+00 0.000000000000000000e+00 0.000000000000000000e+00 4.088237227350074998e-01 4.963375010869244264e-01 3.969966238146095394e-01 3.887259999999999605e-01 3.948868526021147574e-01 5.046553267897175843e-01 3.867768734177215451e-01 0.000000000000000000e+00 4.887545563461372367e-01 5.140853693181817174e-01 0.000000000000000000e+00 0.000000000000000000e+00 4.548995851811907243e-01 0.000000000000000000e+00 0.000000000000000000e+00 0.000000000000000000e+00 4.333926431819670744e-01 5.044957373737374295e-01 0.000000000000000000e+00 5.527917651515151798e-01 4.352353930012348715e-01 0.000000000000000000e+00 4.372144307935426633e-01 4.901482702407524705e-01 4.176570263395532057e-01 0.000000000000000000e+00 4.205179777207780356e-01 0.000000000000000000e+00 2.967258133585960467e-01 4.880370473088000982e-01 4.264127613489976376e-01 5.091214472222223009e-01 4.260352961014846618e-01 5.130137600000000964e-01 3.810766711126662987e-01 4.613299921898024736e-01 4.438541624284600973e-01 4.971381763285505073e-01 4.356646104153106269e-01 5.049832755537722040e-01 3.262432117279214228e-01 5.309710929474903418e-01 3.511958402366051057e-01 5.215721763734780803e-01 3.880355942744934672e-01 4.827880518980293689e-01 0.000000000000000000e+00 0.000000000000000000e+00 4.015875874710522764e-01 4.732660949998648836e-01 3.915388540983607002e-01 0.000000000000000000e+00 4.317204401383541446e-01 0.000000000000000000e+00 3.915353630555555853e-01 4.931439092851592765e-01 4.379940125151595698e-01 4.933705289487710366e-01 4.138325427450209593e-01 0.000000000000000000e+00 4.272264201856797450e-01 4.266354832214764858e-01 4.501142055513518425e-01 4.647058508083540262e-01 4.366433699056571638e-01 4.567198989324668945e-01 4.585386016149868849e-01 4.583998965134105652e-01 4.568610810810810330e-01 4.174673739130433936e-01 0.000000000000000000e+00 4.890539999999999887e-01 4.659596198347106810e-01 4.651148230769230896e-01 4.930084583131539300e-01 4.682608385296243014e-01 4.608425234773477208e-01 4.645801932625930886e-01 0.000000000000000000e+00 0.000000000000000000e+00 4.377183311256193088e-01 0.000000000000000000e+00 0.000000000000000000e+00 0.000000000000000000e+00 0.000000000000000000e+00 0.000000000000000000e+00 4.966706371681416377e-01 4.892461481481480967e-01
4.980788643116312309e-01 3.219216913720511775e-01 4.923885215086776235e-01 3.648491006317655660e-01 0.000000000000000000e+00 0.000000000000000000e+00 4.766499755526329429e-01 3.102165451389308770e-01 0.000000000000000000e+00 4.284833434343433556e-01 4.615309185010623150e-01 3.459368465985867003e-01 0.000000000000000000e+00 3.971659281588595380e-01 0.000000000000000000e+00 4.024966446186961644e-01 4.961969679051020932e-01 3.242861617409579233e-01 5.256738752476423082e-01 3.800918493698127176e-01 0.000000000000000000e+00 0.000000000000000000e+00 4.505276463414633059e-01 4.350027513481337094e-01 0.000000000000000000e+00 4.560398551724138549e-01 0.000000000000000000e+00 0.000000000000000000e+00 4.893790243446852206e-01 4.225334532154788603e-01 4.401447689180380540e-01 4.400402949228297556e-01 5.220869491764520420e-01 5.019042486219323917e-01 0.000000000000000000e+00 4.181045213675212979e-01 5.266588047363596203e-01 5.032207753330817379e-01 0.000000000000000000e+00 5.446198382171233421e-01 0.000000000000000000e+00 4.600988794326240638e-01 0.000000000000000000e+00 4.500220476585066742e-01 5.217807132352940691e-01 4.254503027653309122e-01 0.000000000000000000e+00 4.740291968828671543e-01 4.959397734375000089e-01 4.303168827999548363e-01 5.068932853711226594e-01 4.247519337430681885e-01 0.000000000000000000e+00 4.316541079153365379e-01 0.000000000000000000e+00 4.092707293626093867e-01 5.102798429201489405e-01 3.487200018581952943e-01 5.085839066178786672e-01 4.293783792704657376e-01 5.175590022460642148e-01 4.085978302495433812e-01 0.000000000000000000e+00 4.198233246659779927e-01 0.000000000000000000e+00 4.197868360109161534e-01 5.236662802416940377e-01 4.319137402202964937e-01 5.397744608548042944e-01 3.236921130072141217e-01 4.798504686562443111e-01 3.793960709938469233e-01 4.805872321880990672e-01 4.053817135983153741e-01 0.000000000000000000e+00 0.000000000000000000e+00 4.691154232840542004e-01 4.218854239492744740e-01 0.000000000000000000e+00 4.745805396825396039e-01 4.560640800000000383e-01 4.464873172929225698e-01 0.000000000000000000e+00 3.988277595512528806e-01 4.434216022191780349e-01 4.334529959131830368e-01 0.000000000000000000e+00 4.280471415929203438e-01 4.674568620689656395e-01 4.419884077707031400e-01 4.701607251661917286e-01 4.986142244704062088e-01 4.847023500000000595e-01 4.673182175035443531e-01 4.736534387820290348e-01 4.696462183810440338e-01 4.593466516393442389e-01 0.000000000000000000e+00 0.000000000000000000e+00 4.789545747252747510e-01 0.000000000000000000e+00 4.384505548004716813e-01 5.009062001827236932e-01 4.865537404608993866e-01 4.989863070930232736e-01 4.711375193737353251e-01 4.586295078125000035e-01 0.000000000000000000e+00 4.612840273641979905e-01 4.540887737714293104e-01 4.364790090090090446e-01 5.051443761467889759e-01 0.000000000000000000e+00 0.000000000000000000e+00 0.000000000000000000e+00 4.629563025577751456e-01
3.711084288364938644e-01 4.923885215086776235e-01 2.852575336765104663e-01 4.750555021896062380e-01 2.293256298448833053e-01 4.506398634726053176e-01 3.236841962948603935e-01 4.710274662628831099e-01 3.215747425393816195e-01 4.263409839814114033e-01 4.118906931675586081e-01 4.936107779238939064e-01 3.618038722670895990e-01 4.458498552399544623e-01 3.681437086994657770e-01 4.406683215694235933e-01 4.088559347076297090e-01 4.993267175223499721e-01 3.077175052400138444e-01 5.276798204353906341e-01 0.000000000000000000e+00 0.000000000000000000e+00 3.117570342737465694e-01 4.561877149810965038e-01 3.297162775340105600e-01 4.627779474448224795e-01 4.492298913043478170e-01 4.564718354430379321e-01 3.778935685595589677e-01 4.894997855760792604e-01 3.997774598416810599e-01 4.447341769616575680e-01 4.342655745368041442e-01 5.156463447893296914e-01 4.751563872752775364e-01 0.000000000000000000e+00 4.611309511351746604e-01 0.000000000000000000e+00 4.475956297929776784e-01 0.000000000000000000e+00 4.008994814814814678e-01 0.000000000000000000e+00 4.520931787029819904e-01 0.000000000000000000e+00 4.424591310424907942e-01 0.000000000000000000e+00 0.000000000000000000e+00 0.000000000000000000e+00 4.485070600831187471e-01 0.000000000000000000e+00 4.359119732708467976e-01 0.000000000000000000e+00 4.194281747981667419e-01 0.000000000000000000e+00 4.409970281673780690e-01 0.000000000000000000e+00 3.961116779630483586e-01 0.000000000000000000e+00 4.388350811100728555e-01 0.000000000000000000e+00 4.340901563112212758e-01 0.000000000000000000e+00 4.075146553619004020e-01 0.000000000000000000e+00 4.155723000803476230e-01 4.648637876004592107e-01 4.668728122446786366e-01 5.340983170731707919e-01 4.200365801745671868e-01 0.000000000000000000e+00 3.872879979565236885e-01 4.443932423887998473e-01 3.836216729560941729e-01 4.752009587861182327e-01 4.016350729697029665e-01 0.000000000000000000e+00 4.169848516074082800e-01 4.295772703134407844e-01 3.991815057471264638e-01 0.000000000000000000e+00 3.901292429939489104e-01 4.701892110920526391e-01 4.156246562500000019e-01 0.000000000000000000e+00 4.053531390642420851e-01 0.000000000000000000e+00 0.000000000000000000e+00 0.000000000000000000e+00 4.162550765562395561e-01 0.000000000000000000e+00 4.507524740493319415e-01 4.434803083132226043e-01 4.886594145950280410e-01 4.619527177148752828e-01 4.648229516399053352e-01 0.000000000000000000e+00 4.885668437499999794e-01 0.000000000000000000e+00 4.469472301587301133e-01 0.000000000000000000e+00 0.000000000000000000e+00 4.816460000000000186e-01 4.550337149526477720e-01 4.859166682874762611e-01 4.129088682634730612e-01 4.805540451131997126e-01 0.000000000000000000e+00 0.000000000000000000e+00 4.660052791722454346e-01 0.000000000000000000e+00 0.000000000000000000e+00 0.000000000000000000e+00 0.000000000000000000e+00 0.000000000000000000e+00 4.930438083333333887e-01 0.000000000000000000e+00
5.085843167399306530e-01 3.648491006317655660e-01 4.750555021896062380e-01 2.930292833572079592e-01 4.081600177838576871e-01 2.795726822274422485e-01 4.600055246707648871e-01 3.183417164551750056e-01 4.282567861344537263e-01 3.083383119410165740e-01 4.675107558286498710e-01 4.150010632645778630e-01 4.386180843113092198e-01 3.765856469156544928e-01 4.433580312593635719e-01 3.609474205366408062e-01 5.080781486142103009e-01 4.207875097089612271e-01 5.290413150420599786e-01 3.085941158322226818e-01 0.000000000000000000e+00 0.000000000000000000e+00 4.669871432127350452e-01 3.281988065958640899e-01 4.676395228465576315e-01 3.878360032332393015e-01 0.000000000000000000e+00 3.616610744444243575e-01 4.825421924336288915e-01 3.894844280879727894e-01 4.469977712758419486e-01 4.028839648832716613e-01 5.099576172358197823e-01 4.365160659626367567e-01 5.003051368055555503e-01 4.944977974945912180e-01 5.263588757811771268e-01 4.663221964868052294e-01 0.000000000000000000e+00 4.697749703324207715e-01 0.000000000000000000e+00 4.321162474226803996e-01 0.000000000000000000e+00 4.365102914229668785e-01 5.307549347826087116e-01 4.677511857679239049e-01 0.000000000000000000e+00 4.940684972882251058e-01 0.000000000000000000e+00 4.541265820594381775e-01 5.193847862068965426e-01 4.390193241561857196e-01 0.000000000000000000e+00 4.613124871212120892e-01 0.000000000000000000e+00 4.196370855835520608e-01 4.943224174581322683e-01 4.179635340378785036e-01 5.294715368082040241e-01 4.410026208740031595e-01 5.531562413793102984e-01 4.095038657838862006e-01 0.000000000000000000e+00 4.289307086317992734e-01 4.828934965401101564e-01 4.404256202967267719e-01 5.208104920903419144e-01 4.609533895913366930e-01 5.631198802138421833e-01 4.547715816820747659e-01 4.665365041308275340e-01 4.044500742263635873e-01 4.629590740878128940e-01 3.931269493087876099e-01 0.000000000000000000e+00 3.967462840909090627e-01 4.755852242804696761e-01 4.240515913758095001e-01 0.000000000000000000e+00 4.340220273663504269e-01 4.914853247863247843e-01 4.076515360835318846e-01 0.000000000000000000e+00 4.373526758377335177e-01 4.492198218537206689e-01 4.203088032946547536e-01 0.000000000000000000e+00 4.093172137404579858e-01 0.000000000000000000e+00 4.193929257909551622e-01 4.544013805279227824e-01 4.699567292426383713e-01 4.368034871001031938e-01 4.631704153381277500e-01 4.789962469734461714e-01 4.480022259717570399e-01 4.795336416548127700e-01 0.000000000000000000e+00 0.000000000000000000e+00 0.000000000000000000e+00 4.734589484326973685e-01 0.000000000000000000e+00 5.087361882352940956e-01 4.613162386084652122e-01 0.000000000000000000e+00 4.595816148274072810e-01 0.000000000000000000e+00 0.000000000000000000e+00 4.405329112297801109e-01 4.371609242805864493e-01 0.000000000000000000e+00 0.000000000000000000e+00 0.000000000000000000e+00 0.000000000000000000e+00 4.663052133673468713e-01 5.201007572815534719e-01
0.000000000000000000e+00 0.000000000000000000e+00 2.293256298448833053e-01 4.081600177838576871e-01 2.076903073595341431e-01 4.748551868894457795e-01 2.832047414103509575e-01 0.000000000000000000e+00 2.282548115066063144e-01 4.467037940087226211e-01 0.000000000000000000e+00 0.000000000000000000e+00 3.606631983405483299e-01 4.113384367597935354e-01 2.986816984714588674e-01 4.466863577456950951e-01 4.619137382550335680e-01 0.000000000000000000e+00 0.000000000000000000e+00 0.000000000000000000e+00 3.422394219359924383e-01 5.027561666666667817e-01 3.550102397934774001e-01 4.357989958037113420e-01 1.686732413171679046e-01 4.570913744742479690e-01 2.388533598610607100e-01 4.900057204545453793e-01 3.430410767962475682e-01 0.000000000000000000e+00 3.811643226286769992e-01 4.331595383157140211e-01 3.268976833333333554e-01 0.000000000000000000e+00 4.195385567010309624e-01 0.000000000000000000e+00 0.000000000000000000e+00 0.000000000000000000e+00 0.000000000000000000e+00 0.000000000000000000e+00 4.375275196276053880e-01 0.000000000000000000e+00 4.837431764705882875e-01 0.000000000000000000e+00 0.000000000000000000e+00 0.000000000000000000e+00 0.000000000000000000e+00 0.000000000000000000e+00 0.000000000000000000e+00 0.000000000000000000e+00 4.556343577235773545e-01 0.000000000000000000e+00 0.000000000000000000e+00 0.000000000000000000e+00 4.030318625647152375e-01 0.000000000000000000e+00 0.000000000000000000e+00 0.000000000000000000e+00 0.000000000000000000e+00 0.000000000000000000e+00 0.000000000000000000e+00 0.000000000000000000e+00 0.000000000000000000e+00 0.000000000000000000e+00 4.449306106870228872e-01 0.000000000000000000e+00 4.482971103448276651e-01 5.558596666666666408e-01 4.537853390092879691e-01 0.000000000000000000e+00 3.498948939355505661e-01 4.911674032910653964e-01 3.553660449135649935e-01 4.335173763440861028e-01 0.000000000000000000e+00 0.000000000000000000e+00 4.048840456778883268e-01 0.000000000000000000e+00 0.000000000000000000e+00 0.000000000000000000e+00 0.000000000000000000e+00 0.000000000000000000e+00 0.000000000000000000e+00 0.000000000000000000e+00 4.323770125649798457e-01 0.000000000000000000e+00 4.077276299699119089e-01 0.000000000000000000e+00 4.174764181671175578e-01 0.000000000000000000e+00 0.000000000000000000e+00 0.000000000000000000e+00 0.000000000000000000e+00 0.000000000000000000e+00 0.000000000000000000e+00 0.000000000000000000e+00 0.000000000000000000e+00 0.000000000000000000e+00 0.000000000000000000e+00 0.000000000000000000e+00 0.000000000000000000e+00 0.000000000000000000e+00 0.000000000000000000e+00 0.000000000000000000e+00 0.000000000000000000e+00 0.000000000000000000e+00 0.000000000000000000e+00 0.000000000000000000e+00 0.000000000000000000e+00 0.000000000000000000e+00 0.000000000000000000e+00 0.000000000000000000e+00 0.000000000000000000e+00 0.000000000000000000e+00 0.000000000000000000e+00 0.000000000000000000e+00
0.000000000000000000e+00 0.000000000000000000e+00 4.506398634726053176e-01 2.795726822274422485e-01 4.748551868894457795e-01 2.317857057650709873e-01 4.569380187183724740e-01 2.934630624901838902e-01 4.543043050626027202e-01 2.329720241276910242e-01 0.000000000000000000e+00 4.176651299999999400e-01 4.370747485633461049e-01 3.418169569694029519e-01 4.481894569456335020e-01 2.742219971139147616e-01 0.000000000000000000e+00 0.000000000000000000e+00 4.590275076923076569e-01 3.921767491950506890e-01 0.000000000000000000e+00 3.210278353805646745e-01 4.578302186432892662e-01 3.314964359992724763e-01 4.608200677663063516e-01 2.531556666708592584e-01 4.563975346033152802e-01 2.099777275435538437e-01 4.665033880597014293e-01 2.955240511953648452e-01 4.268442810812098087e-01 3.802474950780214136e-01 0.000000000000000000e+00 3.953332067927964877e-01 0.000000000000000000e+00 0.000000000000000000e+00 0.000000000000000000e+00 4.861249857142856956e-01 0.000000000000000000e+00 0.000000000000000000e+00 0.000000000000000000e+00 0.000000000000000000e+00 0.000000000000000000e+00 0.000000000000000000e+00 0.000000000000000000e+00 0.000000000000000000e+00 0.000000000000000000e+00 4.862871851418948954e-01 0.000000000000000000e+00 0.000000000000000000e+00 0.000000000000000000e+00 0.000000000000000000e+00 0.000000000000000000e+00 0.000000000000000000e+00 0.000000000000000000e+00 4.829435663716813987e-01 0.000000000000000000e+00 0.000000000000000000e+00 0.000000000000000000e+00 4.808179743589743871e-01 0.000000000000000000e+00 0.000000000000000000e+00 0.000000000000000000e+00 0.000000000000000000e+00 0.000000000000000000e+00 0.000000000000000000e+00 0.000000000000000000e+00 4.499960926552711293e-01 0.000000000000000000e+00 0.000000000000000000e+00 4.725120829644746667e-01 3.638021238227401866e-01 0.000000000000000000e+00 3.448172368031131030e-01 0.000000000000000000e+00 0.000000000000000000e+00 4.795438043478260082e-01 3.942153917596256107e-01 0.000000000000000000e+00 0.000000000000000000e+00 0.000000000000000000e+00 0.000000000000000000e+00 0.000000000000000000e+00 3.421314090909091110e-01 0.000000000000000000e+00 4.416597802344844337e-01 0.000000000000000000e+00 0.000000000000000000e+00 0.000000000000000000e+00 4.242273961634696056e-01 0.000000000000000000e+00 0.000000000000000000e+00 0.000000000000000000e+00 0.000000000000000000e+00 0.000000000000000000e+00 0.000000000000000000e+00 0.000000000000000000e+00 0.000000000000000000e+00 0.000000000000000000e+00 0.000000000000000000e+00 0.000000000000000000e+00 0.000000000000000000e+00 0.000000000000000000e+00 0.000000000000000000e+00 0.000000000000000000e+00 0.000000000000000000e+00 0.000000000000000000e+00 0.000000000000000000e+00 0.000000000000000000e+00 0.000000000000000000e+00 0.000000000000000000e+00 0.000000000000000000e+00 0.000000000000000000e+00 0.000000000000000000e+00 0.000000000000000000e+00 0.000000000000000000e+00
3.605026834269753899e-01 4.766499755526329429e-01 3.236841962948603935e-01 4.600055246707648871e-01 2.832047414103509575e-01 4.569380187183724740e-01 2.866466559867660302e-01 4.536147866992028543e-01 3.060297803689381868e-01 4.216253113670898056e-01 3.629115864685483750e-01 4.677517358874274667e-01 2.885444214789957829e-01 4.361273809241260624e-01 3.636361363728917717e-01 4.410301893629450243e-01 3.856671105547295197e-01 4.855631791719017265e-01 4.010343846582472560e-01 4.917674807156522387e-01 0.000000000000000000e+00 0.000000000000000000e+00 3.858505970828637888e-01 4.557426085701074547e-01 3.377844063974057010e-01 4.425134097434872404e-01 0.000000000000000000e+00 4.252014499999999808e-01 3.642944223763521783e-01 4.704739122691731779e-01 3.846564579132517592e-01 4.423071153152488555e-01 3.931109198139293159e-01 4.812767249940397285e-01 4.659590493827159285e-01 0.000000000000000000e+00 4.448974825194358940e-01 0.000000000000000000e+00 4.640205131578946651e-01 4.782689705882353093e-01 4.357352825888412551e-01 0.000000000000000000e+00 4.879337423312882782e-01 0.000000000000000000e+00 4.217331265540015250e-01 5.034855269461078198e-01 0.000000000000000000e+00 0.000000000000000000e+00 4.208554983915854253e-01 0.000000000000000000e+00 4.211576298640118399e-01 4.667965212121211738e-01 4.056582255328218256e-01 0.000000000000000000e+00 4.147682229840317092e-01 4.325872989867659557e-01 3.855591367445481699e-01 4.791612073667635419e-01 4.299492383790615713e-01 5.048583639457393524e-01 4.245017717043994554e-01 0.000000000000000000e+00 4.122950034073746828e-01 0.000000000000000000e+00 4.223058344376928730e-01 4.343503908667715185e-01 4.264896413664884256e-01 4.713726630114146721e-01 4.076655341444798131e-01 4.617883960803689236e-01 3.440429950504649281e-01 4.151707073417585381e-01 3.655257753749068805e-01 4.615969749514568510e-01 3.572295982716062190e-01 0.000000000000000000e+00 3.990666797354578410e-01 4.577010006920034235e-01 4.002153749999999843e-01 0.000000000000000000e+00 3.775751332108157610e-01 4.891111023622047305e-01 4.163266142136511916e-01 0.000000000000000000e+00 4.083871495177003319e-01 0.000000000000000000e+00 3.985022000033546230e-01 0.000000000000000000e+00 4.156668130222662128e-01 0.000000000000000000e+00 0.000000000000000000e+00 4.466542314659197044e-01 4.553124407010323282e-01 4.803005049699924922e-01 4.614758351612213705e-01 0.000000000000000000e+00 0.000000000000000000e+00 0.000000000000000000e+00 4.481869917355372213e-01 0.000000000000000000e+00 0.000000000000000000e+00 0.000000000000000000e+00 0.000000000000000000e+00 4.466471424479167007e-01 0.000000000000000000e+00 0.000000000000000000e+00 0.000000000000000000e+00 0.000000000000000000e+00 4.544448144602754591e-01 0.000000000000000000e+00 0.000000000000000000e+00 0.000000000000000000e+00 0.000000000000000000e+00 0.000000000000000000e+00 0.000000000000000000e+00 4.654511666666665826e-01
4.685920829958877265e-01 3.102165451389308770e-01 4.710274662628831099e-01 3.183417164551750056e-01 0.000000000000000000e+00 2.934630624901838902e-01 4.536147866992028543e-01 2.785953531988981102e-01 4.026646560439560707e-01 1.982230834922434071e-01 4.554583020943786531e-01 3.715198843049191679e-01 4.551672866996749889e-01 3.251433614091608360e-01 4.220993315909071786e-01 3.549087252886116706e-01 4.558550235657747307e-01 3.962095820470896701e-01 4.953508323500576127e-01 4.095627337735579521e-01 0.000000000000000000e+00 0.000000000000000000e+00 4.631575995543249502e-01 3.916258030979813398e-01 4.484713094692032165e-01 0.000000000000000000e+00 0.000000000000000000e+00 3.498402999999999929e-01 4.412160416511959893e-01 3.745193631587140914e-01 4.464440849173522685e-01 3.973405076096401811e-01 4.872238854741104408e-01 4.642219069586764890e-01 0.000000000000000000e+00 5.034447770833332392e-01 4.861938277094582928e-01 4.433215489242334773e-01 0.000000000000000000e+00 4.712370319873607771e-01 4.477782380952381458e-01 4.095745116279069786e-01 0.000000000000000000e+00 4.584319666666666349e-01 0.000000000000000000e+00 3.797483129104722299e-01 0.000000000000000000e+00 4.286121152871621987e-01 0.000000000000000000e+00 3.869513743784693816e-01 5.115352188915534004e-01 3.979260670375452946e-01 0.000000000000000000e+00 3.962536432791236574e-01 0.000000000000000000e+00 3.787656384262408360e-01 4.096477570093458587e-01 4.009466033942709617e-01 4.567916467741935382e-01 4.343462661582411233e-01 4.530082050275810457e-01 3.839652676940791820e-01 0.000000000000000000e+00 3.888854221242183384e-01 4.419830600439748625e-01 3.981021372535423763e-01 4.920069481900316566e-01 4.808560337882387126e-01 0.000000000000000000e+00 4.687887236997809182e-01 4.547324751080806249e-01 3.446030283317476628e-01 4.558064285950549355e-01 3.795090714797157427e-01 0.000000000000000000e+00 0.000000000000000000e+00 4.592121238918167037e-01 4.047906872634544073e-01 0.000000000000000000e+00 3.972339743589743954e-01 4.172634778761061813e-01 4.065940673930487637e-01 0.000000000000000000e+00 3.774837582055027285e-01 4.443005715510071063e-01 3.972892689147518586e-01 0.000000000000000000e+00 4.036631757099391482e-01 4.418748795180723055e-01 3.941172178724152708e-01 4.407373408115712876e-01 4.210435196135831060e-01 4.643001907587285815e-01 4.725630605401627271e-01 4.401253684984549053e-01 4.706524101753593592e-01 0.000000000000000000e+00 0.000000000000000000e+00 0.000000000000000000e+00 0.000000000000000000e+00 0.000000000000000000e+00 0.000000000000000000e+00 4.550082403100775275e-01 4.523375897843642246e-01 0.000000000000000000e+00 4.983250072182719981e-01 0.000000000000000000e+00 0.000000000000000000e+00 4.741431317703022064e-01 4.329350604938271285e-01 0.000000000000000000e+00 0.000000000000000000e+00 0.000000000000000000e+00 0.000000000000000000e+00 0.000000000000000000e+00 0.000000000000000000e+00
3.659783454089707844e-01 0.000000000000000000e+00 3.215747425393816195e-01 4.282567861344537263e-01 2.282548115066063144e-01 4.543043050626027202e-01 3.060297803689381868e-01 4.026646560439560707e-01 2.475062717606554274e-01 4.229303705897393684e-01 3.503579344262294781e-01 0.000000000000000000e+00 3.023353629912434726e-01 4.229988499999999818e-01 2.956427896314547388e-01 4.340913431099330810e-01 3.664538235294118595e-01 0.000000000000000000e+00 4.096516864035087413e-01 0.000000000000000000e+00 3.537581176168326236e-01 0.000000000000000000e+00 3.617945046887406924e-01 4.187593952773934758e-01 3.453625705437164406e-01 4.368271307543835080e-01 2.453052885041443476e-01 0.000000000000000000e+00 3.536690959082808838e-01 4.327816849315068715e-01 3.539046409750264965e-01 3.989752520822987258e-01 0.000000000000000000e+00 0.000000000000000000e+00 5.119757372881356128e-01 0.000000000000000000e+00 4.378029240621218454e-01 0.000000000000000000e+00 0.000000000000000000e+00 0.000000000000000000e+00 4.127683921568627845e-01 0.000000000000000000e+00 4.759682212121212341e-01 0.000000000000000000e+00 0.000000000000000000e+00 0.000000000000000000e+00 0.000000000000000000e+00 0.000000000000000000e+00 0.000000000000000000e+00 0.000000000000000000e+00 0.000000000000000000e+00 0.000000000000000000e+00 0.000000000000000000e+00 0.000000000000000000e+00 0.000000000000000000e+00 0.000000000000000000e+00 0.000000000000000000e+00 0.000000000000000000e+00 4.786066470588236088e-01 0.000000000000000000e+00 4.373659700000000483e-01 0.000000000000000000e+00 0.000000000000000000e+00 0.000000000000000000e+00 0.000000000000000000e+00 0.000000000000000000e+00 3.617825348837209742e-01 0.000000000000000000e+00 0.000000000000000000e+00 0.000000000000000000e+00 3.226106602771781073e-01 4.665565785288087186e-01 3.486931455685124415e-01 0.000000000000000000e+00 0.000000000000000000e+00 0.000000000000000000e+00 4.053483471357666179e-01 0.000000000000000000e+00 0.000000000000000000e+00 0.000000000000000000e+00 0.000000000000000000e+00 0.000000000000000000e+00 4.589369555555555258e-01 0.000000000000000000e+00 4.058720860052720814e-01 0.000000000000000000e+00 3.898255645161291527e-01 0.000000000000000000e+00 3.910508774642051377e-01 0.000000000000000000e+00 0.000000000000000000e+00 0.000000000000000000e+00 0.000000000000000000e+00 0.000000000000000000e+00 0.000000000000000000e+00 0.000000000000000000e+00 0.000000000000000000e+00 0.000000000000000000e+00 0.000000000000000000e+00 0.000000000000000000e+00 0.000000000000000000e+00 0.000000000000000000e+00 0.000000000000000000e+00 0.000000000000000000e+00 0.000000000000000000e+00 0.000000000000000000e+00 0.000000000000000000e+00 0.000000000000000000e+00 0.000000000000000000e+00 0.000000000000000000e+00 0.000000000000000000e+00 0.000000000000000000e+00 0.000000000000000000e+00 0.000000000000000000e+00 0.000000000000000000e+00 0.000000000000000000e+00
0.000000000000000000e+00 4.284833434343433556e-01 4.263409839814114033e-01 3.083383119410165740e-01 4.467037940087226211e-01 2.329720241276910242e-01 4.216253113670898056e-01 1.982230834922434071e-01 4.229303705897393684e-01 2.237516030819517721e-01 0.000000000000000000e+00 3.386668461538461239e-01 0.000000000000000000e+00 2.930133294888238593e-01 4.359026953230133450e-01 2.814854431769509002e-01 0.000000000000000000e+00 0.000000000000000000e+00 0.000000000000000000e+00 3.738768753739906692e-01 0.000000000000000000e+00 3.394127471033259180e-01 4.482689136365404226e-01 3.696465657359059298e-01 4.500751834186972333e-01 1.481388160456501013e-01 4.633247300284899506e-01 2.878849130620267927e-01 0.000000000000000000e+00 3.375706275719391747e-01 4.275741495834178285e-01 3.897936640054892599e-01 0.000000000000000000e+00 4.047869470453862029e-01 0.000000000000000000e+00 0.000000000000000000e+00 0.000000000000000000e+00 0.000000000000000000e+00 0.000000000000000000e+00 4.848493037974682673e-01 0.000000000000000000e+00 0.000000000000000000e+00 0.000000000000000000e+00 0.000000000000000000e+00 0.000000000000000000e+00 0.000000000000000000e+00 0.000000000000000000e+00 4.398587304347825744e-01 0.000000000000000000e+00 0.000000000000000000e+00 0.000000000000000000e+00 0.000000000000000000e+00 0.000000000000000000e+00 0.000000000000000000e+00 0.000000000000000000e+00 4.132382151898734701e-01 0.000000000000000000e+00 0.000000000000000000e+00 0.000000000000000000e+00 0.000000000000000000e+00 0.000000000000000000e+00 0.000000000000000000e+00 0.000000000000000000e+00 0.000000000000000000e+00 0.000000000000000000e+00 0.000000000000000000e+00 0.000000000000000000e+00 0.000000000000000000e+00 0.000000000000000000e+00 4.446354205607476184e-01 4.802481053039577286e-01 3.469215690044975542e-01 4.553936663811884444e-01 3.481863542863765093e-01 0.000000000000000000e+00 0.000000000000000000e+00 0.000000000000000000e+00 3.701960538820597280e-01 0.000000000000000000e+00 0.000000000000000000e+00 0.000000000000000000e+00 0.000000000000000000e+00 0.000000000000000000e+00 2.986686470588235665e-01 0.000000000000000000e+00 3.933193419306184602e-01 0.000000000000000000e+00 3.694819868421052589e-01 0.000000000000000000e+00 0.000000000000000000e+00 0.000000000000000000e+00 0.000000000000000000e+00 0.000000000000000000e+00 0.000000000000000000e+00 0.000000000000000000e+00 0.000000000000000000e+00 0.000000000000000000e+00 0.000000000000000000e+00 0.000000000000000000e+00 0.000000000000000000e+00 0.000000000000000000e+00 0.000000000000000000e+00 0.000000000000000000e+00 0.000000000000000000e+00 0.000000000000000000e+00 0.000000000000000000e+00 0.000000000000000000e+00 0.000000000000000000e+00 0.000000000000000000e+00 0.000000000000000000e+00 0.000000000000000000e+00 0.000000000000000000e+00 0.000000000000000000e+00 0.000000000000000000e+00 0.000000000000000000e+00 0.000000000000000000e+00
3.305509993024271509e-01 4.615309185010623150e-01 4.118906931675586081e-01 4.675107558286498710e-01 0.000000000000000000e+00 0.000000000000000000e+00 3.629115864685483750e-01 4.554583020943786531e-01 3.503579344262294781e-01 0.000000000000000000e+00 3.059937084028010457e-01 4.728319814990971648e-01 3.312392698644747724e-01 4.415213064102563867e-01 4.000853479869613261e-01 4.576561030303030186e-01 3.828190300427129489e-01 4.408889012345679759e-01 4.188930763058321127e-01 4.662964112288409679e-01 0.000000000000000000e+00 0.000000000000000000e+00 4.047146530996176272e-01 4.673221105673638909e-01 0.000000000000000000e+00 0.000000000000000000e+00 0.000000000000000000e+00 0.000000000000000000e+00 3.759499237117046033e-01 0.000000000000000000e+00 3.884207240531315497e-01 4.296451906503790386e-01 4.087299502276767194e-01 4.682916356839230132e-01 4.702849185110663521e-01 0.000000000000000000e+00 4.382426944960676751e-01 0.000000000000000000e+00 4.450607333333333471e-01 0.000000000000000000e+00 0.000000000000000000e+00 0.000000000000000000e+00 0.000000000000000000e+00 0.000000000000000000e+00 4.084139336332958115e-01 0.000000000000000000e+00 0.000000000000000000e+00 0.000000000000000000e+00 4.312786800000000254e-01 0.000000000000000000e+00 4.200451452910178851e-01 0.000000000000000000e+00 0.000000000000000000e+00 0.000000000000000000e+00 0.000000000000000000e+00 0.000000000000000000e+00 4.045624566235876962e-01 0.000000000000000000e+00 4.189865079178403673e-01 0.000000000000000000e+00 4.312227301937739954e-01 0.000000000000000000e+00 4.255033011049399461e-01 0.000000000000000000e+00 4.438418075097320670e-01 0.000000000000000000e+00 4.448504851556671635e-01 0.000000000000000000e+00 4.072514639175258133e-01 0.000000000000000000e+00 3.667567166983869420e-01 0.000000000000000000e+00 4.011618375373891543e-01 4.760722533333333062e-01 3.479851999999999945e-01 0.000000000000000000e+00 4.087506925168892802e-01 4.078313097345132587e-01 0.000000000000000000e+00 0.000000000000000000e+00 4.117144993946730835e-01 0.000000000000000000e+00 4.544427844827585994e-01 0.000000000000000000e+00 4.294578013322679078e-01 4.175513602941176572e-01 0.000000000000000000e+00 0.000000000000000000e+00 4.503518338666084864e-01 4.525298834355828137e-01 0.000000000000000000e+00 0.000000000000000000e+00 0.000000000000000000e+00 0.000000000000000000e+00 0.000000000000000000e+00 0.000000000000000000e+00 0.000000000000000000e+00 0.000000000000000000e+00 0.000000000000000000e+00 0.000000000000000000e+00 0.000000000000000000e+00 0.000000000000000000e+00 0.000000000000000000e+00 0.000000000000000000e+00 0.000000000000000000e+00 0.000000000000000000e+00 0.000000000000000000e+00 0.000000000000000000e+00 0.000000000000000000e+00 0.000000000000000000e+00 0.000000000000000000e+00 0.000000000000000000e+00 0.000000000000000000e+00 0.000000000000000000e+00 0.000000000000000000e+00 0.000000000000000000e+00
4.795689962430338404e-01 3.459368465985867003e-01 4.936107779238939064e-01 4.150010632645778630e-01 0.000000000000000000e+00 4.176651299999999400e-01 4.677517358874274667e-01 3.715198843049191679e-01 0.000000000000000000e+00 3.386668461538461239e-01 4.728319814990971648e-01 3.358277030730796864e-01 4.398832261847389624e-01 3.207217831926792995e-01 0.000000000000000000e+00 3.772425783621667361e-01 4.152373980582524382e-01 4.180221306241251322e-01 5.089685142197741818e-01 4.406183757100461396e-01 0.000000000000000000e+00 0.000000000000000000e+00 4.721568047344049113e-01 4.266514783043552361e-01 0.000000000000000000e+00 0.000000000000000000e+00 0.000000000000000000e+00 0.000000000000000000e+00 4.824304615384615302e-01 3.629158258553236704e-01 4.560425719480036832e-01 4.255094505934109428e-01 4.976663072923007136e-01 4.275102698659010714e-01 4.701747272727272997e-01 4.712478807920474910e-01 4.820349192810457484e-01 4.568722400165444730e-01 0.000000000000000000e+00 0.000000000000000000e+00 0.000000000000000000e+00 4.321076779661016665e-01 0.000000000000000000e+00 0.000000000000000000e+00 0.000000000000000000e+00 4.692808962962962682e-01 0.000000000000000000e+00 0.000000000000000000e+00 0.000000000000000000e+00 4.212322352941177406e-01 0.000000000000000000e+00 4.311695198841158927e-01 0.000000000000000000e+00 0.000000000000000000e+00 0.000000000000000000e+00 4.448185646258503434e-01 4.786153225371120312e-01 4.223365891099594704e-01 0.000000000000000000e+00 4.342126430366528567e-01 4.884731925925926421e-01 4.434258882607567953e-01 0.000000000000000000e+00 4.466313657430948658e-01 0.000000000000000000e+00 4.311378115894028418e-01 5.046606080625000157e-01 4.780571085437489987e-01 5.034799389900149746e-01 4.466885819306141703e-01 4.781025307359306753e-01 3.676129618418991774e-01 4.618645097296494306e-01 3.951192502120106642e-01 0.000000000000000000e+00 0.000000000000000000e+00 4.749614526161045069e-01 3.992435038884917242e-01 0.000000000000000000e+00 4.410753283532817259e-01 4.533383805309734171e-01 4.403344636016159885e-01 0.000000000000000000e+00 4.724363621667612145e-01 0.000000000000000000e+00 4.424182458262962969e-01 0.000000000000000000e+00 4.562447161218764480e-01 0.000000000000000000e+00 4.354233362737535695e-01 0.000000000000000000e+00 0.000000000000000000e+00 0.000000000000000000e+00 0.000000000000000000e+00 0.000000000000000000e+00 0.000000000000000000e+00 0.000000000000000000e+00 0.000000000000000000e+00 0.000000000000000000e+00 0.000000000000000000e+00 0.000000000000000000e+00 0.000000000000000000e+00 0.000000000000000000e+00 0.000000000000000000e+00 0.000000000000000000e+00 0.000000000000000000e+00 0.000000000000000000e+00 0.000000000000000000e+00 0.000000000000000000e+00 0.000000000000000000e+00 0.000000000000000000e+00 0.000000000000000000e+00 0.000000000000000000e+00 0.000000000000000000e+00 0.000000000000000000e+00 0.000000000000000000e+00
3.706096963780358133e-01 0.000000000000000000e+00 3.618038722670895990e-01 4.386180843113092198e-01 3.606631983405483299e-01 4.370747485633461049e-01 2.885444214789957829e-01 4.551672866996749889e-01 3.023353629912434726e-01 0.000000000000000000e+00 3.312392698644747724e-01 4.398832261847389624e-01 2.447691291555516291e-01 4.339271394505160861e-01 2.703377727844634149e-01 4.348089620811287914e-01 3.980415133222843793e-01 0.000000000000000000e+00 4.007690197664754983e-01 4.829999773032439547e-01 0.000000000000000000e+00 0.000000000000000000e+00 3.877393387113419188e-01 4.545448351498186379e-01 0.000000000000000000e+00 4.635135185185185192e-01 0.000000000000000000e+00 0.000000000000000000e+00 3.120898721563662992e-01 0.000000000000000000e+00 3.676273219376288148e-01 4.448356146231449149e-01 3.907784341567352993e-01 4.445790369826441712e-01 0.000000000000000000e+00 0.000000000000000000e+00 4.641327171136653273e-01 0.000000000000000000e+00 0.000000000000000000e+00 0.000000000000000000e+00 4.257487498445998164e-01 0.000000000000000000e+00 0.000000000000000000e+00 0.000000000000000000e+00 0.000000000000000000e+00 5.195413028571428393e-01 0.000000000000000000e+00 0.000000000000000000e+00 0.000000000000000000e+00 0.000000000000000000e+00 4.229196067032383599e-01 0.000000000000000000e+00 0.000000000000000000e+00 0.000000000000000000e+00 0.000000000000000000e+00 0.000000000000000000e+00 4.084075090166611743e-01 0.000000000000000000e+00 4.208361414166901793e-01 0.000000000000000000e+00 4.278730278147874211e-01 0.000000000000000000e+00 4.076542570464394277e-01 0.000000000000000000e+00 4.238432272179197824e-01 0.000000000000000000e+00 4.177372366936455972e-01 0.000000000000000000e+00 3.954582518380376777e-01 4.888160559999999433e-01 3.462914876959766186e-01 4.007015660377358790e-01 3.874771805884787979e-01 4.441982483421583194e-01 0.000000000000000000e+00 0.000000000000000000e+00 4.152923612735451298e-01 4.213275669642857491e-01 3.702119535427807473e-01 0.000000000000000000e+00 3.808043125452417188e-01 0.000000000000000000e+00 4.031813076923076999e-01 0.000000000000000000e+00 4.083504721861819786e-01 0.000000000000000000e+00 3.979286213896669477e-01 0.000000000000000000e+00 4.038895424579058702e-01 0.000000000000000000e+00 0.000000000000000000e+00 0.000000000000000000e+00 0.000000000000000000e+00 0.000000000000000000e+00 0.000000000000000000e+00 0.000000000000000000e+00 0.000000000000000000e+00 0.000000000000000000e+00 0.000000000000000000e+00 0.000000000000000000e+00 0.000000000000000000e+00 0.000000000000000000e+00 0.000000000000000000e+00 4.596865437971013879e-01 0.000000000000000000e+00 0.000000000000000000e+00 0.000000000000000000e+00 0.000000000000000000e+00 0.000000000000000000e+00 0.000000000000000000e+00 0.000000000000000000e+00 0.000000000000000000e+00 0.000000000000000000e+00 0.000000000000000000e+00 0.000000000000000000e+00 4.848022916666667181e-01
