0.000000000000000000e+00 1.495782814971006840e-02 3.981953707336210319e-02 3.495892326516343487e-03 3.390979993218040276e-04 0.000000000000000000e+00 1.126861014531514715e-01 3.850816515724167326e-03 1.585414189456995715e-03 0.000000000000000000e+00 1.930388219544846018e-01 1.993355481727574537e-03 2.854159415245387937e-02 2.532286654849328755e-04 2.773925104022191362e-04 0.000000000000000000e+00 4.278074866310160179e-02 4.054292261589987657e-03 5.681413829913414815e-02 3.396332335329341201e-02 0.000000000000000000e+00 0.000000000000000000e+00 2.460456942003514877e-03 3.510003510003509839e-04 0.000000000000000000e+00 0.000000000000000000e+00 0.000000000000000000e+00 0.000000000000000000e+00 2.995319812792511874e-02 6.893699158968702879e-04 7.528230865746550092e-04 0.000000000000000000e+00 1.156323185011709671e-02 1.122182451388217123e-02 8.316008316008316470e-04 0.000000000000000000e+00 8.263027295285359231e-02 2.050440844781628059e-03 0.000000000000000000e+00 0.000000000000000000e+00 4.437869822485206867e-02 0.000000000000000000e+00 0.000000000000000000e+00 0.000000000000000000e+00 2.200911806319761233e-03 1.925298421255294519e-04 3.840245775729646694e-04 0.000000000000000000e+00 5.508411493226142604e-03 2.410994133247609090e-04 6.495288628670752712e-03 1.881467544684854189e-04 1.491795126802585763e-03 0.000000000000000000e+00 3.923107100823852202e-03 4.051863857374392026e-04 3.071005917159763121e-01 2.460629921259842486e-03 2.849389416553595525e-02 1.710961560396943035e-03 5.676676264911559300e-02 1.014541765302671593e-03 7.988262145418976654e-03 0.000000000000000000e+00 3.780880773361976199e-02 4.205804009533155676e-04 4.323132999915232574e-03 1.766041544024892721e-03 4.547701433514582392e-02 1.086335048599199569e-02 8.446751788971516850e-02 5.733287467033597448e-04 5.004943153732081124e-02 1.397098334228909135e-03 1.101321585903083803e-03 0.000000000000000000e+00 5.431409062693978718e-02 4.537205081669691727e-03 1.349527665317138943e-03 0.000000000000000000e+00 4.246885617214042619e-03 0.000000000000000000e+00 1.853568118628359622e-03 0.000000000000000000e+00 3.572750833024805617e-02 1.266143327424664377e-04 0.000000000000000000e+00 0.000000000000000000e+00 2.189101071262226222e-02 6.656681644200366241e-04 1.186708860759493707e-03 5.159958720330236944e-04 0.000000000000000000e+00 0.000000000000000000e+00 2.051282051282051280e-02 3.012048192771084494e-03 1.719197707736389675e-03 0.000000000000000000e+00 1.179245283018867880e-03 6.887052341597796334e-04 0.000000000000000000e+00 0.000000000000000000e+00 1.994415636218587829e-04 3.463203463203463200e-04 0.000000000000000000e+00 8.729812309035355454e-04 0.000000000000000000e+00 0.000000000000000000e+00 0.000000000000000000e+00 0.000000000000000000e+00 0.000000000000000000e+00 0.000000000000000000e+00 0.000000000000000000e+00 0.000000000000000000e+00 0.000000000000000000e+00 0.000000000000000000e+00
1.495782814971006840e-02 0.000000000000000000e+00 5.001961553550412186e-03 5.873099108547456815e-02 0.000000000000000000e+00 8.963250672243800420e-04 5.259873406436658613e-03 1.806318191542465867e-01 0.000000000000000000e+00 2.598527501082719803e-03 5.890227576974564963e-03 9.617940199335547891e-02 6.961364427427776383e-04 2.519625221575082230e-02 0.000000000000000000e+00 3.160709944079746932e-03 2.970885323826500269e-03 7.949938304248192755e-02 3.392242913058949455e-02 5.183383233532934398e-02 0.000000000000000000e+00 0.000000000000000000e+00 8.787346221441124251e-04 1.404001404001403936e-03 0.000000000000000000e+00 0.000000000000000000e+00 0.000000000000000000e+00 0.000000000000000000e+00 7.800312012480499491e-04 4.177581690335033932e-02 7.528230865746550092e-04 1.219140505943309884e-03 2.107728337236533869e-02 9.190287317403501161e-03 0.000000000000000000e+00 1.003009027081243733e-03 1.488833746898263026e-03 1.051876153372975214e-01 0.000000000000000000e+00 7.194244604316547137e-03 0.000000000000000000e+00 0.000000000000000000e+00 0.000000000000000000e+00 4.683402023229673856e-04 3.144159723313944541e-04 1.443973815941470944e-03 0.000000000000000000e+00 0.000000000000000000e+00 1.488759863034092522e-04 5.947118862010768690e-03 2.744488152959472893e-04 8.278457196613358757e-03 0.000000000000000000e+00 4.976499861763892564e-03 3.923107100823852418e-04 5.064829821717990385e-03 3.786982248520710023e-03 3.370242782152230721e-01 3.392130257801899331e-04 2.247062849321318501e-02 6.855889208830385486e-04 4.869800473452823991e-02 3.260515161395500443e-04 8.947675549503987871e-03 0.000000000000000000e+00 1.682321603813262401e-02 2.712554039162499032e-03 9.418888234799428424e-03 2.685780194430713308e-02 7.470935772822565046e-02 1.683737898133857254e-03 1.255589955280357883e-01 2.965892239248640785e-03 5.556152606125738802e-02 0.000000000000000000e+00 4.098360655737705131e-03 2.482929857231533192e-03 6.110102843315184246e-02 0.000000000000000000e+00 0.000000000000000000e+00 0.000000000000000000e+00 1.447818218379247866e-02 0.000000000000000000e+00 0.000000000000000000e+00 5.553498704183635910e-04 2.139782223347682852e-02 0.000000000000000000e+00 1.675041876046901197e-03 0.000000000000000000e+00 4.393409885172241958e-02 0.000000000000000000e+00 1.805985552115583039e-03 0.000000000000000000e+00 7.142857142857142851e-04 2.564102564102564100e-03 6.325301204819276657e-02 5.730659025787965223e-04 2.418379685610640758e-03 0.000000000000000000e+00 1.377410468319559267e-03 0.000000000000000000e+00 4.474272930648769695e-04 0.000000000000000000e+00 2.077922077922077920e-03 0.000000000000000000e+00 4.364906154517678161e-03 0.000000000000000000e+00 0.000000000000000000e+00 0.000000000000000000e+00 0.000000000000000000e+00 0.000000000000000000e+00 0.000000000000000000e+00 0.000000000000000000e+00 0.000000000000000000e+00 0.000000000000000000e+00 0.000000000000000000e+00
3.981953707336210319e-02 5.001961553550412186e-03 0.000000000000000000e+00 5.593427722426149058e-03 3.187521193624957838e-02 6.871825515386913510e-03 3.113131853436748031e-01 1.369179205590815088e-02 1.268331351565596572e-02 1.299263750541359945e-02 6.372155287817939107e-02 6.976744186046511531e-03 4.907761921336582095e-02 6.710559635350721308e-03 4.715672676837725369e-02 8.023340627279358997e-03 3.763121410180233876e-03 2.820377225453904457e-03 1.002253587949235025e-01 7.485029940119760500e-03 0.000000000000000000e+00 0.000000000000000000e+00 1.653778558875219629e-01 8.775008775008774978e-03 1.617250673854447526e-02 1.016088060965283577e-02 0.000000000000000000e+00 3.311258278145695361e-04 4.118564742589703870e-02 3.171101613125603194e-03 2.409033877038896029e-02 1.950624809509295815e-02 7.025761124121779853e-03 8.416368385411628419e-03 8.316008316008316470e-04 5.015045135406218666e-04 8.188585607940446209e-03 0.000000000000000000e+00 1.209189842805320379e-03 4.796163069544364613e-04 8.875739644970414427e-03 0.000000000000000000e+00 1.159708416169648836e-03 0.000000000000000000e+00 7.231567363622072066e-03 2.887947631882941779e-04 1.536098310291858678e-03 0.000000000000000000e+00 5.359535506922733297e-03 8.036647110825364084e-05 3.750800475711279711e-03 9.407337723424270945e-05 2.486325211337642757e-04 0.000000000000000000e+00 1.373087485288348401e-03 0.000000000000000000e+00 2.840236686390532408e-03 4.101049868766404143e-04 5.201266395296245786e-03 5.703205201323143089e-04 2.331002331002331000e-03 0.000000000000000000e+00 6.521030322791000885e-04 0.000000000000000000e+00 1.933404940923737908e-03 0.000000000000000000e+00 1.525811647028905635e-02 7.568749474392397376e-04 5.602240896358543464e-03 3.811701924909471841e-04 6.692858145082082599e-02 1.834651989450751010e-03 9.651507661888285294e-02 5.803331542181622629e-03 1.982378854625550801e-02 2.049180327868852566e-03 5.276225946617008056e-02 5.444646098003629552e-03 2.699055330634277886e-03 0.000000000000000000e+00 5.662514156285391098e-04 0.000000000000000000e+00 9.267840593141798110e-04 0.000000000000000000e+00 4.072565716401332567e-03 1.266143327424664377e-04 0.000000000000000000e+00 0.000000000000000000e+00 1.630181648812296285e-03 0.000000000000000000e+00 0.000000000000000000e+00 7.739938080495356500e-04 0.000000000000000000e+00 4.761904761904761901e-04 2.564102564102564100e-03 6.024096385542168988e-03 1.146131805157593045e-03 1.209189842805320379e-03 0.000000000000000000e+00 1.377410468319559267e-03 0.000000000000000000e+00 0.000000000000000000e+00 3.988831272437175657e-04 1.731601731601731600e-04 3.713330857779428037e-04 8.729812309035355454e-04 0.000000000000000000e+00 0.000000000000000000e+00 0.000000000000000000e+00 0.000000000000000000e+00 0.000000000000000000e+00 0.000000000000000000e+00 0.000000000000000000e+00 7.627765064836003429e-04 0.000000000000000000e+00 0.000000000000000000e+00
3.495892326516343487e-03 5.873099108547456815e-02 5.593427722426149058e-03 0.000000000000000000e+00 1.356391997287216111e-03 4.182850313713773818e-03 1.301595792101274858e-02 2.136490052057334332e-01 3.963535473642489288e-04 7.362494586401039515e-03 4.283801874163320131e-03 5.282392026578073413e-02 9.397841977027497629e-03 7.204355533046340188e-02 1.386962552011095735e-03 2.771699489423778279e-02 9.902951079421666841e-04 1.921381984840472498e-02 6.404934171509903650e-03 1.422155688622754599e-01 0.000000000000000000e+00 0.000000000000000000e+00 1.915641476274165117e-02 2.825552825552825609e-01 7.701193685021178077e-04 1.439458086367485096e-02 0.000000000000000000e+00 0.000000000000000000e+00 9.360374414976599606e-04 4.660140631462843241e-02 9.535759096612295843e-03 3.626943005181346852e-02 3.073770491803278632e-03 1.605881783883138236e-02 0.000000000000000000e+00 5.015045135406218666e-04 0.000000000000000000e+00 1.291777732212425617e-02 0.000000000000000000e+00 4.316546762589927935e-03 0.000000000000000000e+00 0.000000000000000000e+00 1.656726308813783973e-04 2.810041213937804531e-04 0.000000000000000000e+00 6.546014632268001149e-03 0.000000000000000000e+00 2.999100269919024401e-04 0.000000000000000000e+00 8.679578879691392940e-03 0.000000000000000000e+00 3.292568203198494980e-03 0.000000000000000000e+00 1.244124965440973141e-03 0.000000000000000000e+00 1.215559157212317771e-03 7.100591715976331021e-04 1.911089238845144200e-02 2.261420171867933068e-04 1.311737196304322943e-02 2.742355683532154086e-04 4.058167061210686370e-03 3.260515161395500443e-04 3.890293717175646523e-04 0.000000000000000000e+00 2.803869339688770668e-03 6.781385097906247579e-04 1.362374905390631614e-02 1.318174328554951339e-03 1.600914808461978422e-02 2.104672372667321621e-03 2.855177158582731384e-02 4.325259515570934604e-03 5.867813003761418456e-02 1.101321585903083803e-03 2.254098360655737779e-02 1.086281812538795718e-03 4.022988505747126381e-02 0.000000000000000000e+00 0.000000000000000000e+00 2.831257078142695549e-04 1.407601045646491005e-03 0.000000000000000000e+00 0.000000000000000000e+00 9.255831173639393183e-05 1.772600658394530345e-03 1.100110011001100051e-03 8.375209380234505986e-04 0.000000000000000000e+00 1.830587452155100743e-03 0.000000000000000000e+00 5.159958720330236944e-04 5.238344683080146946e-04 4.761904761904761901e-04 0.000000000000000000e+00 1.506024096385542160e-02 0.000000000000000000e+00 0.000000000000000000e+00 0.000000000000000000e+00 6.887052341597796334e-04 0.000000000000000000e+00 4.474272930648769695e-04 0.000000000000000000e+00 1.038961038961038960e-03 0.000000000000000000e+00 8.729812309035355454e-04 0.000000000000000000e+00 0.000000000000000000e+00 0.000000000000000000e+00 0.000000000000000000e+00 0.000000000000000000e+00 0.000000000000000000e+00 0.000000000000000000e+00 0.000000000000000000e+00 0.000000000000000000e+00 0.000000000000000000e+00
3.390979993218040276e-04 0.000000000000000000e+00 3.187521193624957838e-02 1.356391997287216111e-03 0.000000000000000000e+00 1.045712578428443368e-02 1.961308727823838673e-03 2.852456678314198280e-04 3.111375346809354125e-01 1.212646167171935879e-02 0.000000000000000000e+00 0.000000000000000000e+00 0.000000000000000000e+00 0.000000000000000000e+00 9.570041608876560246e-02 2.917578409919766632e-03 0.000000000000000000e+00 0.000000000000000000e+00 0.000000000000000000e+00 0.000000000000000000e+00 3.712296983758700542e-02 0.000000000000000000e+00 7.732864674868189861e-03 1.053001053001053006e-03 1.393916056988833141e-01 2.159187129551227644e-02 1.326915027208036835e-01 3.311258278145695361e-03 8.736349453978159776e-03 1.378739831793740413e-04 2.383939774153074134e-02 7.010057909174032161e-03 0.000000000000000000e+00 0.000000000000000000e+00 0.000000000000000000e+00 0.000000000000000000e+00 4.962779156327543420e-04 0.000000000000000000e+00 0.000000000000000000e+00 0.000000000000000000e+00 1.183431952662721866e-02 0.000000000000000000e+00 4.970178926441351378e-04 0.000000000000000000e+00 3.144159723313944541e-04 9.626492106276472597e-05 2.304147465437788016e-03 0.000000000000000000e+00 1.488759863034092522e-04 8.036647110825364084e-05 4.574146921599121850e-04 0.000000000000000000e+00 7.458975634012928813e-04 0.000000000000000000e+00 3.923107100823852418e-04 0.000000000000000000e+00 2.366863905325443764e-04 0.000000000000000000e+00 5.653550429669832941e-04 0.000000000000000000e+00 2.742355683532154086e-04 0.000000000000000000e+00 0.000000000000000000e+00 0.000000000000000000e+00 4.296455424274973249e-04 0.000000000000000000e+00 3.390692548953123790e-04 0.000000000000000000e+00 0.000000000000000000e+00 0.000000000000000000e+00 2.469482250596323827e-02 4.586629973626877525e-04 3.052397429560059147e-02 3.224073078989790229e-04 2.312775330396475704e-02 0.000000000000000000e+00 1.551831160769708354e-03 1.512401693889897278e-04 0.000000000000000000e+00 0.000000000000000000e+00 1.415628539071347774e-04 0.000000000000000000e+00 1.482854494902687698e-02 0.000000000000000000e+00 1.758607922991484596e-03 0.000000000000000000e+00 2.200220022002200362e-02 0.000000000000000000e+00 3.027480204937121454e-03 0.000000000000000000e+00 0.000000000000000000e+00 0.000000000000000000e+00 0.000000000000000000e+00 0.000000000000000000e+00 0.000000000000000000e+00 3.012048192771084494e-03 0.000000000000000000e+00 0.000000000000000000e+00 0.000000000000000000e+00 0.000000000000000000e+00 0.000000000000000000e+00 0.000000000000000000e+00 0.000000000000000000e+00 0.000000000000000000e+00 0.000000000000000000e+00 0.000000000000000000e+00 0.000000000000000000e+00 0.000000000000000000e+00 0.000000000000000000e+00 0.000000000000000000e+00 0.000000000000000000e+00 0.000000000000000000e+00 0.000000000000000000e+00 0.000000000000000000e+00 0.000000000000000000e+00 0.000000000000000000e+00
0.000000000000000000e+00 8.963250672243800420e-04 6.871825515386913510e-03 4.182850313713773818e-03 1.045712578428443368e-02 0.000000000000000000e+00 8.915039671926540160e-05 1.782785423946373722e-03 5.945303210463733987e-03 3.594629709831095865e-01 0.000000000000000000e+00 1.661129568106312385e-04 0.000000000000000000e+00 1.266143327424664377e-04 5.547850208044382723e-04 1.641137855579868632e-01 0.000000000000000000e+00 0.000000000000000000e+00 0.000000000000000000e+00 9.356287425149701167e-05 9.280742459396751354e-03 9.363295880149813052e-03 7.908611599297012476e-03 1.088101088101088056e-02 2.079322294955718298e-02 7.366638441998306364e-02 5.023022185014650552e-03 1.993377483443708742e-01 0.000000000000000000e+00 1.130566662070867263e-02 1.656210790464240912e-02 1.600121914050594424e-02 1.463700234192037469e-04 3.869594659959369127e-04 0.000000000000000000e+00 1.003009027081243733e-03 0.000000000000000000e+00 1.025220422390814030e-03 0.000000000000000000e+00 0.000000000000000000e+00 0.000000000000000000e+00 0.000000000000000000e+00 0.000000000000000000e+00 4.683402023229673856e-04 0.000000000000000000e+00 0.000000000000000000e+00 0.000000000000000000e+00 6.997900629811056213e-04 0.000000000000000000e+00 8.036647110825364084e-05 0.000000000000000000e+00 2.822201317027281148e-04 0.000000000000000000e+00 1.105888858169753975e-03 0.000000000000000000e+00 1.823338735818476547e-03 1.183431952662721882e-04 3.280839895013123314e-04 1.130710085933966534e-04 5.703205201323143089e-04 1.371177841766077043e-04 0.000000000000000000e+00 1.630257580697750221e-04 0.000000000000000000e+00 0.000000000000000000e+00 2.803869339688770451e-04 1.695346274476561895e-04 2.522916491464132459e-04 0.000000000000000000e+00 0.000000000000000000e+00 1.683737898133857254e-03 2.086916638000229501e-02 6.178942165101335149e-04 2.181622783449758268e-02 0.000000000000000000e+00 2.049180327868852566e-03 0.000000000000000000e+00 1.663641863278886952e-03 0.000000000000000000e+00 0.000000000000000000e+00 0.000000000000000000e+00 4.021717273275688819e-04 0.000000000000000000e+00 7.358351729212656359e-04 0.000000000000000000e+00 8.863003291972651725e-04 0.000000000000000000e+00 1.675041876046901197e-03 0.000000000000000000e+00 6.656681644200366241e-04 0.000000000000000000e+00 2.579979360165118472e-04 0.000000000000000000e+00 0.000000000000000000e+00 0.000000000000000000e+00 0.000000000000000000e+00 0.000000000000000000e+00 0.000000000000000000e+00 0.000000000000000000e+00 0.000000000000000000e+00 0.000000000000000000e+00 0.000000000000000000e+00 0.000000000000000000e+00 1.731601731601731600e-04 0.000000000000000000e+00 0.000000000000000000e+00 0.000000000000000000e+00 0.000000000000000000e+00 0.000000000000000000e+00 0.000000000000000000e+00 0.000000000000000000e+00 0.000000000000000000e+00 0.000000000000000000e+00 0.000000000000000000e+00 0.000000000000000000e+00 0.000000000000000000e+00
1.126861014531514715e-01 5.259873406436658613e-03 3.113131853436748031e-01 1.301595792101274858e-02 1.961308727823838673e-03 8.915039671926540160e-05 0.000000000000000000e+00 3.465734864151751027e-02 5.271502179944510813e-02 3.897791251624079488e-03 1.129852744310575613e-01 1.328903654485049865e-02 2.516533240515140823e-01 1.253481894150417809e-02 2.662968099861303881e-02 5.592025285679552531e-03 5.545652604476133951e-03 1.939009342499559314e-03 9.607401257264855041e-03 1.038547904191616800e-02 0.000000000000000000e+00 0.000000000000000000e+00 3.233743409490334036e-02 1.526851526851526891e-02 1.155179052753176712e-03 1.270110076206604471e-03 0.000000000000000000e+00 0.000000000000000000e+00 2.074882995319812795e-02 5.928581276713084346e-03 2.007528230865746402e-02 2.971654983236817968e-02 4.830210772833723812e-03 1.015768598239334512e-02 1.663201663201663294e-03 0.000000000000000000e+00 4.714640198511166683e-03 4.100881689563256227e-04 6.045949214026601895e-04 0.000000000000000000e+00 5.917159763313609329e-03 0.000000000000000000e+00 1.656726308813783973e-04 0.000000000000000000e+00 2.043703820154064033e-03 0.000000000000000000e+00 1.152073732718894008e-03 0.000000000000000000e+00 8.932559178204555134e-04 0.000000000000000000e+00 7.318635074558594742e-04 9.407337723424270945e-05 2.486325211337642757e-04 0.000000000000000000e+00 3.138485680659081935e-03 0.000000000000000000e+00 7.810650887573964557e-03 8.202099737532808285e-05 3.505201266395296337e-03 5.703205201323143089e-04 1.000959824489236309e-02 0.000000000000000000e+00 9.129442451907401890e-03 0.000000000000000000e+00 9.881847475832438582e-03 0.000000000000000000e+00 1.695346274476561841e-03 6.727777310571020613e-04 1.977261492832426901e-03 3.811701924909471841e-04 9.891960151536410839e-02 1.949317738791422894e-03 4.634206623826001015e-02 1.149919398173025221e-02 9.911894273127754007e-03 2.049180327868852566e-03 2.808814400993172103e-02 6.654567453115547808e-03 1.349527665317138943e-03 0.000000000000000000e+00 7.644394110985277060e-03 2.010858636637844409e-04 1.853568118628359622e-03 7.358351729212656359e-04 3.137726767863754235e-02 2.532286654849328755e-04 1.100110011001100051e-03 0.000000000000000000e+00 2.212389380530973421e-02 0.000000000000000000e+00 0.000000000000000000e+00 5.159958720330236944e-04 0.000000000000000000e+00 0.000000000000000000e+00 0.000000000000000000e+00 3.012048192771084494e-03 0.000000000000000000e+00 0.000000000000000000e+00 0.000000000000000000e+00 6.887052341597796334e-04 0.000000000000000000e+00 0.000000000000000000e+00 0.000000000000000000e+00 1.731601731601731600e-04 0.000000000000000000e+00 8.729812309035355454e-04 0.000000000000000000e+00 0.000000000000000000e+00 0.000000000000000000e+00 0.000000000000000000e+00 0.000000000000000000e+00 0.000000000000000000e+00 0.000000000000000000e+00 0.000000000000000000e+00 0.000000000000000000e+00 0.000000000000000000e+00
3.850816515724167326e-03 1.806318191542465867e-01 1.369179205590815088e-02 2.136490052057334332e-01 2.852456678314198280e-04 1.782785423946373722e-03 3.465734864151751027e-02 0.000000000000000000e+00 1.585414189456995715e-03 1.113035946297098316e-01 1.793842034805890120e-02 2.152823920265780622e-01 2.297250261051166087e-02 2.433527475310205135e-01 3.051317614424410660e-03 3.185023097495745525e-02 5.941770647653000972e-04 1.463070685704213024e-02 1.577511564464476393e-02 1.506362275449101874e-02 0.000000000000000000e+00 0.000000000000000000e+00 4.235500878734622249e-02 3.194103194103194154e-02 1.925298421255294519e-03 2.540220152413208941e-03 0.000000000000000000e+00 6.622516556291390723e-04 2.496099843993759750e-03 2.440369502274920832e-02 2.183186951066499321e-02 9.295946357817738356e-03 8.343091334894614172e-03 5.901131856438038108e-03 0.000000000000000000e+00 1.504513540621865491e-03 0.000000000000000000e+00 2.460529013737953845e-03 0.000000000000000000e+00 1.918465227817745845e-03 0.000000000000000000e+00 0.000000000000000000e+00 3.313452617627567947e-04 4.683402023229673856e-04 4.716239584970916541e-04 3.176742395071235903e-03 1.920122887864823347e-04 2.999100269919024401e-04 1.488759863034092522e-04 5.063087679819978926e-03 0.000000000000000000e+00 6.208842897460018634e-03 2.486325211337642757e-04 5.391208183577550495e-03 0.000000000000000000e+00 2.836304700162074581e-03 1.183431952662721882e-04 7.053805774278215125e-03 1.130710085933966534e-04 1.710961560396943035e-03 1.371177841766077043e-04 5.072708826513358180e-03 3.260515161395500443e-04 1.361602801011476283e-03 0.000000000000000000e+00 5.327351745408663748e-03 3.390692548953123790e-04 2.354722058699857106e-03 6.590871642774756697e-04 1.905850962454736083e-03 5.191525185912725972e-03 1.031991744066047406e-01 1.260504201680672301e-02 5.029554003224073061e-02 4.405286343612335211e-03 1.024590163934426153e-02 1.008690254500310343e-02 3.206291591046581818e-02 0.000000000000000000e+00 6.389776357827475772e-03 1.415628539071347774e-04 1.065755077418057556e-02 9.267840593141798110e-04 0.000000000000000000e+00 2.776749352091817955e-04 1.088883261585211516e-02 0.000000000000000000e+00 0.000000000000000000e+00 2.328830926874708978e-04 3.494757863205192466e-02 0.000000000000000000e+00 1.031991744066047389e-03 0.000000000000000000e+00 2.380952380952380950e-04 2.564102564102564100e-03 6.024096385542168988e-03 5.730659025787965223e-04 0.000000000000000000e+00 0.000000000000000000e+00 0.000000000000000000e+00 0.000000000000000000e+00 0.000000000000000000e+00 1.994415636218587829e-04 1.731601731601731600e-04 0.000000000000000000e+00 0.000000000000000000e+00 0.000000000000000000e+00 0.000000000000000000e+00 0.000000000000000000e+00 0.000000000000000000e+00 0.000000000000000000e+00 0.000000000000000000e+00 0.000000000000000000e+00 0.000000000000000000e+00 0.000000000000000000e+00 0.000000000000000000e+00
1.585414189456995715e-03 0.000000000000000000e+00 1.268331351565596572e-02 3.963535473642489288e-04 3.111375346809354125e-01 5.945303210463733987e-03 5.271502179944510813e-02 1.585414189456995715e-03 0.000000000000000000e+00 4.763967085318319278e-03 5.354752342704150164e-04 0.000000000000000000e+00 2.436477549599721463e-03 0.000000000000000000e+00 2.596393897364770997e-01 1.701920739119863833e-03 3.961180431768666953e-04 0.000000000000000000e+00 1.186098920649982208e-04 0.000000000000000000e+00 1.082753286929621049e-02 0.000000000000000000e+00 1.405975395430580054e-03 1.755001755001754920e-04 1.925298421255294519e-03 2.963590177815410721e-03 8.371703641691083386e-03 6.622516556291390723e-04 1.419656786271450942e-02 0.000000000000000000e+00 1.756587202007528319e-03 1.523925632429137464e-03 0.000000000000000000e+00 0.000000000000000000e+00 4.158004158004158235e-04 0.000000000000000000e+00 2.481389578163771710e-04 0.000000000000000000e+00 0.000000000000000000e+00 0.000000000000000000e+00 1.183431952662721866e-02 0.000000000000000000e+00 1.656726308813783865e-03 9.366804046459347984e-05 3.144159723313944541e-04 0.000000000000000000e+00 7.680491551459293388e-04 0.000000000000000000e+00 0.000000000000000000e+00 0.000000000000000000e+00 4.574146921599121850e-04 0.000000000000000000e+00 0.000000000000000000e+00 0.000000000000000000e+00 1.176932130247155834e-03 0.000000000000000000e+00 3.550295857988165511e-04 0.000000000000000000e+00 2.261420171867933068e-04 0.000000000000000000e+00 1.371177841766077043e-04 0.000000000000000000e+00 0.000000000000000000e+00 0.000000000000000000e+00 6.444683136412459332e-04 0.000000000000000000e+00 1.695346274476561895e-04 0.000000000000000000e+00 1.647717910693689174e-04 0.000000000000000000e+00 1.066367335484776253e-02 0.000000000000000000e+00 2.261492832427088387e-02 3.224073078989790229e-04 2.973568281938325855e-02 0.000000000000000000e+00 3.103662321539416707e-03 3.024803387779794557e-04 0.000000000000000000e+00 0.000000000000000000e+00 0.000000000000000000e+00 0.000000000000000000e+00 5.560704355885078866e-03 0.000000000000000000e+00 2.221399481673454364e-03 0.000000000000000000e+00 1.100110011001100181e-02 0.000000000000000000e+00 3.027480204937121454e-03 0.000000000000000000e+00 0.000000000000000000e+00 0.000000000000000000e+00 0.000000000000000000e+00 0.000000000000000000e+00 2.564102564102564100e-03 0.000000000000000000e+00 0.000000000000000000e+00 0.000000000000000000e+00 0.000000000000000000e+00 0.000000000000000000e+00 0.000000000000000000e+00 0.000000000000000000e+00 0.000000000000000000e+00 0.000000000000000000e+00 0.000000000000000000e+00 0.000000000000000000e+00 0.000000000000000000e+00 0.000000000000000000e+00 0.000000000000000000e+00 0.000000000000000000e+00 0.000000000000000000e+00 0.000000000000000000e+00 0.000000000000000000e+00 0.000000000000000000e+00 0.000000000000000000e+00 0.000000000000000000e+00
0.000000000000000000e+00 2.598527501082719803e-03 1.299263750541359945e-02 7.362494586401039515e-03 1.212646167171935879e-02 3.594629709831095865e-01 3.897791251624079488e-03 1.113035946297098316e-01 4.763967085318319278e-03 0.000000000000000000e+00 0.000000000000000000e+00 9.966777408637872687e-04 8.701705534284719665e-04 1.519371992909597470e-03 5.547850208044382723e-04 1.560904449307075059e-01 0.000000000000000000e+00 0.000000000000000000e+00 0.000000000000000000e+00 2.806886227544910079e-04 0.000000000000000000e+00 0.000000000000000000e+00 8.787346221441125552e-03 3.510003510003510165e-03 9.626492106276472380e-03 8.890770533446232596e-03 8.371703641691084254e-04 2.317880794701986970e-03 0.000000000000000000e+00 5.101337377636840260e-03 7.026348808030113274e-03 6.400487656202377001e-03 0.000000000000000000e+00 4.836993324949211679e-04 0.000000000000000000e+00 5.015045135406218666e-04 0.000000000000000000e+00 0.000000000000000000e+00 0.000000000000000000e+00 0.000000000000000000e+00 0.000000000000000000e+00 0.000000000000000000e+00 0.000000000000000000e+00 0.000000000000000000e+00 0.000000000000000000e+00 0.000000000000000000e+00 0.000000000000000000e+00 5.998200539838048802e-04 1.488759863034092522e-04 3.214658844330145634e-04 0.000000000000000000e+00 9.407337723424270945e-05 0.000000000000000000e+00 2.764722145424384938e-04 0.000000000000000000e+00 2.025931928687196013e-04 0.000000000000000000e+00 8.202099737532808285e-05 0.000000000000000000e+00 0.000000000000000000e+00 1.371177841766077043e-04 0.000000000000000000e+00 0.000000000000000000e+00 1.945146858587823262e-04 0.000000000000000000e+00 0.000000000000000000e+00 8.476731372382809474e-05 8.409721638213775766e-05 0.000000000000000000e+00 1.905850962454735920e-04 4.209344745334643134e-04 3.898635477582845787e-03 0.000000000000000000e+00 1.440085975282106440e-02 0.000000000000000000e+00 2.049180327868852566e-03 0.000000000000000000e+00 1.814882032667876517e-03 0.000000000000000000e+00 0.000000000000000000e+00 0.000000000000000000e+00 0.000000000000000000e+00 0.000000000000000000e+00 0.000000000000000000e+00 0.000000000000000000e+00 5.064573309698657509e-04 0.000000000000000000e+00 0.000000000000000000e+00 0.000000000000000000e+00 4.992511233150274952e-04 3.955696202531645508e-04 0.000000000000000000e+00 0.000000000000000000e+00 0.000000000000000000e+00 0.000000000000000000e+00 0.000000000000000000e+00 0.000000000000000000e+00 0.000000000000000000e+00 0.000000000000000000e+00 0.000000000000000000e+00 0.000000000000000000e+00 0.000000000000000000e+00 0.000000000000000000e+00 0.000000000000000000e+00 0.000000000000000000e+00 0.000000000000000000e+00 0.000000000000000000e+00 0.000000000000000000e+00 0.000000000000000000e+00 0.000000000000000000e+00 0.000000000000000000e+00 0.000000000000000000e+00 0.000000000000000000e+00 0.000000000000000000e+00 0.000000000000000000e+00 0.000000000000000000e+00
1.930388219544846018e-01 5.890227576974564963e-03 6.372155287817939107e-02 4.283801874163320131e-03 0.000000000000000000e+00 0.000000000000000000e+00 1.129852744310575613e-01 1.793842034805890120e-02 5.354752342704150164e-04 0.000000000000000000e+00 0.000000000000000000e+00 3.488372093023255766e-03 8.666898712147580452e-02 1.139528994682198048e-03 2.773925104022191362e-04 4.862630683199610873e-04 3.802733214497920622e-02 8.813678829543451429e-04 2.253587949234966276e-02 4.771706586826347622e-03 0.000000000000000000e+00 0.000000000000000000e+00 9.314586994727591662e-03 5.265005265005265030e-04 0.000000000000000000e+00 0.000000000000000000e+00 0.000000000000000000e+00 0.000000000000000000e+00 3.650546021840873900e-02 6.893699158968702879e-04 4.767879548306147922e-03 3.047851264858274711e-04 1.170960187353629976e-03 3.676114926961400724e-03 0.000000000000000000e+00 0.000000000000000000e+00 7.444168734491315130e-04 0.000000000000000000e+00 1.209189842805320379e-03 0.000000000000000000e+00 2.958579881656804664e-03 0.000000000000000000e+00 0.000000000000000000e+00 9.366804046459347984e-05 6.288319446627889083e-04 0.000000000000000000e+00 0.000000000000000000e+00 0.000000000000000000e+00 5.955039452136370089e-04 0.000000000000000000e+00 2.744488152959472893e-04 0.000000000000000000e+00 0.000000000000000000e+00 0.000000000000000000e+00 7.846214201647704837e-04 0.000000000000000000e+00 7.455621301775148223e-03 8.202099737532808285e-05 2.826775214834916471e-03 1.140641040264628699e-04 1.302618949677773232e-02 0.000000000000000000e+00 8.966416693837625865e-03 0.000000000000000000e+00 9.452201933404940498e-03 0.000000000000000000e+00 1.525811647028905678e-03 8.409721638213775766e-05 6.590871642774756697e-04 1.905850962454735920e-04 5.401992423179458741e-02 4.586629973626877525e-04 5.684626791893227990e-03 1.074691026329930221e-03 0.000000000000000000e+00 0.000000000000000000e+00 4.810676598386095723e-03 1.512401693889897170e-03 0.000000000000000000e+00 0.000000000000000000e+00 1.698754246885617221e-03 0.000000000000000000e+00 0.000000000000000000e+00 0.000000000000000000e+00 6.386523509811180971e-03 0.000000000000000000e+00 0.000000000000000000e+00 0.000000000000000000e+00 3.726129482999534365e-03 1.664170411050091560e-04 0.000000000000000000e+00 0.000000000000000000e+00 0.000000000000000000e+00 2.380952380952380950e-04 0.000000000000000000e+00 0.000000000000000000e+00 0.000000000000000000e+00 0.000000000000000000e+00 0.000000000000000000e+00 0.000000000000000000e+00 0.000000000000000000e+00 0.000000000000000000e+00 1.994415636218587829e-04 0.000000000000000000e+00 0.000000000000000000e+00 0.000000000000000000e+00 0.000000000000000000e+00 0.000000000000000000e+00 0.000000000000000000e+00 0.000000000000000000e+00 0.000000000000000000e+00 0.000000000000000000e+00 0.000000000000000000e+00 0.000000000000000000e+00 0.000000000000000000e+00 0.000000000000000000e+00
1.993355481727574537e-03 9.617940199335547891e-02 6.976744186046511531e-03 5.282392026578073413e-02 0.000000000000000000e+00 1.661129568106312385e-04 1.328903654485049865e-02 2.152823920265780622e-01 0.000000000000000000e+00 9.966777408637872687e-04 3.488372093023255766e-03 0.000000000000000000e+00 1.218238774799860731e-03 1.970119017472777845e-01 0.000000000000000000e+00 1.312910284463894919e-02 0.000000000000000000e+00 7.562136435748281760e-02 4.151346222274937374e-03 2.638473053892215550e-02 0.000000000000000000e+00 0.000000000000000000e+00 6.502636203866432422e-03 8.424008424008424048e-03 3.850596842510589039e-04 0.000000000000000000e+00 0.000000000000000000e+00 0.000000000000000000e+00 6.240249609984399376e-04 5.321935750723838510e-02 3.011292346298620037e-03 2.285888448643706196e-03 1.610070257611241271e-03 5.514172390442100870e-03 0.000000000000000000e+00 0.000000000000000000e+00 2.481389578163771710e-04 4.100881689563256227e-04 0.000000000000000000e+00 0.000000000000000000e+00 0.000000000000000000e+00 0.000000000000000000e+00 0.000000000000000000e+00 9.366804046459347984e-05 0.000000000000000000e+00 9.626492106276472597e-05 0.000000000000000000e+00 0.000000000000000000e+00 0.000000000000000000e+00 1.607329422165072817e-04 9.148293843198243428e-05 1.881467544684854189e-04 0.000000000000000000e+00 2.764722145424384938e-04 0.000000000000000000e+00 2.025931928687196013e-04 1.183431952662721882e-04 2.788713910761154817e-03 1.130710085933966534e-04 6.843846241587771924e-04 0.000000000000000000e+00 9.299966181941156373e-03 0.000000000000000000e+00 9.142190235362770631e-03 0.000000000000000000e+00 2.243095471751016361e-03 0.000000000000000000e+00 5.045832982928264918e-04 0.000000000000000000e+00 1.334095673718315280e-03 1.122491932089238025e-03 2.316248136681573269e-02 1.482946119624320392e-03 5.803331542181622629e-03 0.000000000000000000e+00 0.000000000000000000e+00 2.172563625077591435e-03 2.571082879612824994e-03 0.000000000000000000e+00 6.389776357827475772e-03 0.000000000000000000e+00 1.669012668409410732e-02 0.000000000000000000e+00 0.000000000000000000e+00 0.000000000000000000e+00 6.077487971638389878e-03 0.000000000000000000e+00 8.375209380234505986e-04 0.000000000000000000e+00 1.714095523381594169e-02 0.000000000000000000e+00 0.000000000000000000e+00 0.000000000000000000e+00 0.000000000000000000e+00 0.000000000000000000e+00 3.012048192771084494e-03 0.000000000000000000e+00 0.000000000000000000e+00 0.000000000000000000e+00 0.000000000000000000e+00 0.000000000000000000e+00 0.000000000000000000e+00 0.000000000000000000e+00 0.000000000000000000e+00 0.000000000000000000e+00 0.000000000000000000e+00 0.000000000000000000e+00 0.000000000000000000e+00 0.000000000000000000e+00 0.000000000000000000e+00 0.000000000000000000e+00 0.000000000000000000e+00 0.000000000000000000e+00 0.000000000000000000e+00 0.000000000000000000e+00 0.000000000000000000e+00
2.854159415245387937e-02 6.961364427427776383e-04 4.907761921336582095e-02 9.397841977027497629e-03 0.000000000000000000e+00 0.000000000000000000e+00 2.516533240515140823e-01 2.297250261051166087e-02 2.436477549599721463e-03 8.701705534284719665e-04 8.666898712147580452e-02 1.218238774799860731e-03 0.000000000000000000e+00 4.558115978728792192e-03 1.952843273231622823e-01 2.917578409919766632e-03 7.526242820360467753e-03 0.000000000000000000e+00 2.134978057169968028e-03 1.216317365269461125e-03 0.000000000000000000e+00 0.000000000000000000e+00 2.407732864674868092e-02 6.493506493506493935e-03 0.000000000000000000e+00 0.000000000000000000e+00 0.000000000000000000e+00 0.000000000000000000e+00 1.112324492979719220e-01 1.240865848614366562e-03 1.129234629861982503e-02 1.173422736970435899e-02 8.782201405152224817e-04 3.095675727967495301e-03 2.079002079002079117e-03 0.000000000000000000e+00 7.444168734491315130e-04 0.000000000000000000e+00 1.209189842805320379e-03 0.000000000000000000e+00 0.000000000000000000e+00 0.000000000000000000e+00 6.626905235255135893e-04 0.000000000000000000e+00 0.000000000000000000e+00 0.000000000000000000e+00 1.728110599078341121e-03 0.000000000000000000e+00 0.000000000000000000e+00 8.036647110825364084e-05 2.744488152959472893e-04 0.000000000000000000e+00 4.972650422675285514e-04 0.000000000000000000e+00 7.846214201647704837e-04 0.000000000000000000e+00 5.207100591715976660e-03 8.202099737532808285e-05 1.469923111714156521e-03 0.000000000000000000e+00 1.343754284930755508e-02 0.000000000000000000e+00 1.320508640365177649e-02 0.000000000000000000e+00 8.163265306122449716e-03 0.000000000000000000e+00 1.441044333305077597e-03 0.000000000000000000e+00 8.238589553468446142e-04 0.000000000000000000e+00 3.563911884383331313e-02 6.879944960440316287e-04 3.571428571428571230e-02 4.621171413218700015e-03 1.651982378854625552e-02 0.000000000000000000e+00 2.032898820608317753e-02 2.268602540834845863e-03 1.349527665317138943e-03 0.000000000000000000e+00 6.087202718006795403e-03 0.000000000000000000e+00 2.780352177942539433e-03 0.000000000000000000e+00 8.978156238430210628e-03 0.000000000000000000e+00 3.300330033003300370e-03 0.000000000000000000e+00 6.986492780624126500e-03 0.000000000000000000e+00 0.000000000000000000e+00 2.579979360165118472e-04 0.000000000000000000e+00 2.380952380952380950e-04 0.000000000000000000e+00 3.012048192771084494e-03 0.000000000000000000e+00 0.000000000000000000e+00 0.000000000000000000e+00 0.000000000000000000e+00 0.000000000000000000e+00 0.000000000000000000e+00 0.000000000000000000e+00 0.000000000000000000e+00 0.000000000000000000e+00 0.000000000000000000e+00 0.000000000000000000e+00 0.000000000000000000e+00 0.000000000000000000e+00 0.000000000000000000e+00 0.000000000000000000e+00 0.000000000000000000e+00 0.000000000000000000e+00 0.000000000000000000e+00 0.000000000000000000e+00 0.000000000000000000e+00
