0.000000000000000000e+00 2.124626663046429512e-02 5.357873210633946892e-02 3.098973465039705621e-03 3.104518799586064148e-03 0.000000000000000000e+00 1.204025961809801482e-01 5.742485419470614791e-03 9.250693802035153072e-04 0.000000000000000000e+00 2.153846153846153966e-01 2.344207853096308067e-03 1.911842804036112745e-02 0.000000000000000000e+00 8.933889219773674499e-04 0.000000000000000000e+00 7.477417196386751397e-02 3.478865889719951181e-03 7.540630975143403081e-02 1.774207785329684831e-02 0.000000000000000000e+00 0.000000000000000000e+00 1.646090534979423997e-04 2.210921954455007837e-04 3.797949107481959647e-04 0.000000000000000000e+00 0.000000000000000000e+00 0.000000000000000000e+00 1.783347391251957972e-02 1.369521912350597694e-03 9.575104727707959076e-03 4.853583562530334994e-04 1.303492375799311306e-02 1.385956860945387718e-02 7.704160246533128158e-04 5.042864346949067550e-04 3.581765557163531233e-02 1.083188908145580557e-03 0.000000000000000000e+00 6.523157208088714576e-04 1.574803149606299191e-03 0.000000000000000000e+00 1.149689583812370697e-04 7.861017215627702146e-05 7.877560207067296500e-04 0.000000000000000000e+00 2.067824648469809758e-04 0.000000000000000000e+00 1.094947598936336702e-03 1.638269986893840118e-04 4.823882770547009702e-03 1.417233560090702985e-04 0.000000000000000000e+00 0.000000000000000000e+00 1.828989483310470903e-03 0.000000000000000000e+00 2.720074130233341991e-01 2.206381534283774655e-03 1.835622927522501113e-02 3.938041480703596700e-04 3.869807928848519041e-02 5.632745024408561743e-04 2.465584549003493105e-03 0.000000000000000000e+00 1.821618834851349011e-02 0.000000000000000000e+00 5.296610169491525189e-03 5.678591709256104562e-04 5.509355509355509661e-02 8.378718056137410969e-03 4.750593824228028367e-02 1.042752867570385846e-03 2.936269602936269693e-02 1.753826530612244894e-03 8.130081300813008990e-03 0.000000000000000000e+00 5.752481263925460914e-02 3.386550556361877032e-03 1.162790697674418589e-03 8.873114463176575307e-04 3.083138422283648612e-03 0.000000000000000000e+00 0.000000000000000000e+00 0.000000000000000000e+00 1.219652514095040906e-02 0.000000000000000000e+00 1.323626737260092659e-03 0.000000000000000000e+00 1.338840620994160430e-02 0.000000000000000000e+00 3.749531308586426877e-04 4.135649296939619517e-04 1.112347052280311449e-03 2.918855808523058981e-04 6.825938566552901092e-03 1.584786053882725892e-03 1.204093919325707404e-03 0.000000000000000000e+00 8.143322475570032937e-04 0.000000000000000000e+00 0.000000000000000000e+00 0.000000000000000000e+00 7.760962359332556704e-04 0.000000000000000000e+00 0.000000000000000000e+00 0.000000000000000000e+00 8.896797153024910577e-04 0.000000000000000000e+00 0.000000000000000000e+00 0.000000000000000000e+00 0.000000000000000000e+00 0.000000000000000000e+00 0.000000000000000000e+00 0.000000000000000000e+00 0.000000000000000000e+00 0.000000000000000000e+00
2.124626663046429512e-02 0.000000000000000000e+00 4.089979550102249874e-03 7.185744722060817546e-02 0.000000000000000000e+00 7.460830639144491782e-04 4.232903771987583767e-03 1.257963212202781456e-01 0.000000000000000000e+00 4.513217279174725795e-03 1.139601139601139528e-03 1.127173276030474652e-01 0.000000000000000000e+00 1.736052587224001451e-02 0.000000000000000000e+00 4.911591355599213794e-04 5.185680829708932439e-03 5.044355540093929668e-02 2.951720841300191356e-02 1.551769794333127395e-01 0.000000000000000000e+00 0.000000000000000000e+00 0.000000000000000000e+00 4.421843908910015673e-04 0.000000000000000000e+00 0.000000000000000000e+00 0.000000000000000000e+00 0.000000000000000000e+00 2.650921797806964682e-03 3.560756972111554092e-02 3.391182924396568803e-03 1.617861187510111665e-04 1.192818494835218811e-02 3.588802202845341877e-02 7.704160246533128158e-04 5.042864346949067550e-04 2.170767004341534172e-03 9.293760831889082141e-02 0.000000000000000000e+00 1.304631441617742915e-02 0.000000000000000000e+00 1.988071570576540811e-02 0.000000000000000000e+00 7.861017215627702146e-05 0.000000000000000000e+00 3.426201424578487198e-03 0.000000000000000000e+00 2.399808015358771294e-04 0.000000000000000000e+00 1.130406290956749611e-02 9.101665604805679220e-05 1.388888888888888812e-02 0.000000000000000000e+00 1.205626255860683125e-03 0.000000000000000000e+00 3.962430290578221499e-03 3.790750568612585251e-03 3.059232858112695408e-01 2.368545712932259618e-04 3.557364137568915646e-02 3.784653231147696163e-04 4.036800600826136176e-02 2.054653790836244074e-04 8.938869665513264617e-03 0.000000000000000000e+00 4.573632731781237387e-02 6.179378531073446848e-04 1.201968578459208792e-02 3.049203049203049257e-02 1.288227901131127062e-01 7.684784127427692806e-04 3.940116192462386757e-02 2.585919252585919086e-03 4.057716836734694132e-02 0.000000000000000000e+00 0.000000000000000000e+00 9.621227466072513473e-03 5.878084179970972240e-02 0.000000000000000000e+00 8.873114463176575307e-04 4.252604720391239389e-04 8.152173913043477818e-04 0.000000000000000000e+00 0.000000000000000000e+00 5.753077896674721177e-05 1.340302908457311273e-02 0.000000000000000000e+00 0.000000000000000000e+00 0.000000000000000000e+00 5.109034267912772841e-03 7.499062617172853754e-04 3.722084367245657565e-03 7.415647015202075963e-04 8.756567425569176943e-04 7.963594994311717218e-03 5.863708399366085455e-02 0.000000000000000000e+00 7.027406886858749129e-04 1.628664495114006587e-03 1.491424310216256420e-03 7.513148009015778016e-04 1.011122345803842307e-03 7.760962359332556704e-04 1.108401684770560745e-03 9.886307464162134503e-04 1.542020046260601318e-03 8.896797153024910577e-04 4.434589800443458976e-03 0.000000000000000000e+00 3.731343283582089481e-03 0.000000000000000000e+00 0.000000000000000000e+00 0.000000000000000000e+00 0.000000000000000000e+00 0.000000000000000000e+00 0.000000000000000000e+00
5.357873210633946892e-02 4.089979550102249874e-03 0.000000000000000000e+00 3.970559752082122515e-03 8.554674025526043390e-02 4.973887092762994521e-04 2.271658357633336567e-01 1.022880215343203308e-02 8.140610545790934183e-02 1.934235976789168291e-03 3.437796771130104123e-02 4.102363742918538683e-03 5.381483448397946651e-02 4.550817461655149408e-03 1.756998213222156144e-02 3.192534381139489237e-03 5.687520910003345843e-03 1.391546355887980559e-03 1.365917782026768723e-01 3.530761761850119331e-03 5.489864864864865170e-03 0.000000000000000000e+00 1.176954732510288038e-01 6.632765863365023239e-03 1.785036080516521143e-02 4.166666666666666609e-03 8.381924198250729000e-03 7.067137809187278843e-04 2.301482106277864814e-02 1.743027888446215109e-03 2.732894474366646606e-02 1.488432292509302667e-02 1.869158878504672758e-02 4.864616796695732381e-03 3.081664098613251263e-03 0.000000000000000000e+00 1.356729377713458695e-02 0.000000000000000000e+00 7.062146892655367207e-04 0.000000000000000000e+00 0.000000000000000000e+00 0.000000000000000000e+00 2.299379167624741394e-04 0.000000000000000000e+00 3.151024082826918600e-03 0.000000000000000000e+00 2.067824648469809758e-04 0.000000000000000000e+00 1.720631941185671743e-03 1.638269986893840118e-04 5.734049331027578356e-03 2.125850340136054342e-04 0.000000000000000000e+00 0.000000000000000000e+00 2.286236854138088900e-03 0.000000000000000000e+00 4.127706174711481477e-03 1.697216564833672707e-04 1.314542870677404100e-02 3.938041480703596700e-04 1.002933106254139464e-02 1.877581674802853914e-04 1.232792274501746553e-03 0.000000000000000000e+00 4.983674170819728591e-03 0.000000000000000000e+00 8.915960451977400503e-03 2.839295854628052281e-04 2.425502425502425348e-03 8.378718056137410969e-04 3.842392063713846728e-02 1.787576344406375736e-03 6.781781781781781593e-02 2.869897959183673620e-03 8.130081300813008990e-03 0.000000000000000000e+00 6.623455539801498260e-02 4.354136429608127488e-03 0.000000000000000000e+00 0.000000000000000000e+00 1.807357006166276795e-03 0.000000000000000000e+00 6.313131313131313668e-04 0.000000000000000000e+00 4.257277643539293319e-03 0.000000000000000000e+00 0.000000000000000000e+00 0.000000000000000000e+00 6.124483691781797655e-03 0.000000000000000000e+00 3.749531308586426877e-04 0.000000000000000000e+00 7.415647015202075963e-04 2.918855808523058981e-04 5.688282138794084099e-03 4.754358161648177677e-03 0.000000000000000000e+00 0.000000000000000000e+00 1.628664495114006587e-03 0.000000000000000000e+00 0.000000000000000000e+00 0.000000000000000000e+00 0.000000000000000000e+00 2.216803369541121599e-04 4.943153732081067252e-04 0.000000000000000000e+00 8.896797153024910577e-04 0.000000000000000000e+00 0.000000000000000000e+00 0.000000000000000000e+00 0.000000000000000000e+00 0.000000000000000000e+00 0.000000000000000000e+00 0.000000000000000000e+00 0.000000000000000000e+00 0.000000000000000000e+00
3.098973465039705621e-03 7.185744722060817546e-02 3.970559752082122515e-03 0.000000000000000000e+00 6.898930665746808976e-04 9.201691121611539625e-02 7.242968676512087471e-03 2.071781067743382609e-01 4.625346901017576536e-04 2.836879432624113406e-02 3.038936372269705408e-03 4.512600117210392725e-02 3.009382191538325247e-03 2.663070959042642891e-02 0.000000000000000000e+00 1.178781925343811397e-02 5.018400802944128622e-04 1.617672638719777276e-02 9.679732313575526575e-03 1.171330214493777055e-01 4.222972972972973207e-04 5.458515283842794476e-04 9.382716049382715945e-03 2.425381384037143540e-01 7.595898214963919294e-04 4.404761904761905073e-02 0.000000000000000000e+00 5.300353356890459729e-03 8.434751174840342171e-04 1.979581673306772885e-02 7.779772591262716641e-03 4.319689370651998150e-02 5.533694048204623912e-03 1.899954107388710303e-02 0.000000000000000000e+00 1.008572869389813510e-03 7.235890014471779491e-04 1.408145580589254681e-02 0.000000000000000000e+00 4.566210045662100203e-03 0.000000000000000000e+00 3.578528827037773252e-02 0.000000000000000000e+00 0.000000000000000000e+00 0.000000000000000000e+00 3.786854206113064638e-03 0.000000000000000000e+00 2.399808015358771294e-04 0.000000000000000000e+00 3.522280471821756173e-03 0.000000000000000000e+00 2.125850340136054614e-03 0.000000000000000000e+00 0.000000000000000000e+00 0.000000000000000000e+00 4.402700322864690555e-04 0.000000000000000000e+00 8.570943652410047131e-03 0.000000000000000000e+00 1.142032029404043032e-02 2.838489923360771987e-04 2.253098009763424697e-03 0.000000000000000000e+00 4.325259515570934387e-04 1.718508334765423708e-04 2.066400330624052796e-03 0.000000000000000000e+00 8.517887563884156410e-03 1.039501039501039559e-03 2.513615416841223291e-03 1.187648456057007178e-03 3.284671532846715480e-02 2.168835502168835628e-03 6.505102040816326814e-02 0.000000000000000000e+00 2.702702702702702853e-02 4.456147457970427786e-03 8.708272859216255324e-02 0.000000000000000000e+00 8.873114463176575307e-04 0.000000000000000000e+00 4.076086956521738909e-04 0.000000000000000000e+00 5.081300813008130619e-04 0.000000000000000000e+00 1.273287763034445857e-03 0.000000000000000000e+00 0.000000000000000000e+00 0.000000000000000000e+00 3.738317757009345624e-04 7.499062617172853754e-04 1.240694789081885855e-03 0.000000000000000000e+00 5.837711617046117962e-04 1.023890784982935120e-02 1.901743264659271071e-02 1.806140878988561106e-03 1.405481377371749826e-03 1.628664495114006587e-03 2.237136465324384739e-03 0.000000000000000000e+00 0.000000000000000000e+00 1.164144353899883560e-03 2.216803369541121599e-04 0.000000000000000000e+00 3.855050115651503296e-04 0.000000000000000000e+00 7.390983000739098294e-04 0.000000000000000000e+00 0.000000000000000000e+00 1.051524710830704489e-03 0.000000000000000000e+00 0.000000000000000000e+00 0.000000000000000000e+00 0.000000000000000000e+00 0.000000000000000000e+00
3.104518799586064148e-03 0.000000000000000000e+00 8.554674025526043390e-02 6.898930665746808976e-04 0.000000000000000000e+00 1.740860482467047974e-03 1.768413131408146099e-02 8.972633467922835611e-05 3.186864014801110145e-01 6.447453255963894302e-04 1.899335232668565880e-04 0.000000000000000000e+00 4.248539564524694313e-03 0.000000000000000000e+00 1.328171530673019629e-01 7.367387033398821233e-04 0.000000000000000000e+00 0.000000000000000000e+00 2.390057361376672954e-04 0.000000000000000000e+00 2.533783783783783924e-02 0.000000000000000000e+00 1.283950617283950539e-02 8.843687817820031346e-04 1.162172426889479665e-01 5.059523809523809763e-03 9.766763848396500802e-02 3.533568904593639422e-04 6.868297385227135551e-03 0.000000000000000000e+00 5.784959106323558573e-03 3.073936256269212217e-03 4.918839153959665266e-04 9.178522257916475117e-05 7.704160246533128158e-04 0.000000000000000000e+00 1.808972503617944873e-04 0.000000000000000000e+00 0.000000000000000000e+00 0.000000000000000000e+00 0.000000000000000000e+00 0.000000000000000000e+00 0.000000000000000000e+00 0.000000000000000000e+00 0.000000000000000000e+00 0.000000000000000000e+00 0.000000000000000000e+00 0.000000000000000000e+00 0.000000000000000000e+00 0.000000000000000000e+00 1.820333120961135844e-04 0.000000000000000000e+00 0.000000000000000000e+00 0.000000000000000000e+00 1.524157902758725843e-04 0.000000000000000000e+00 3.369556060988964969e-04 0.000000000000000000e+00 1.184272856466129809e-04 0.000000000000000000e+00 1.230012300123001267e-03 0.000000000000000000e+00 2.054653790836244074e-04 0.000000000000000000e+00 1.546657501288881175e-03 0.000000000000000000e+00 8.827683615819209009e-05 0.000000000000000000e+00 0.000000000000000000e+00 0.000000000000000000e+00 1.334357971216990416e-02 7.448234768359898901e-05 1.092759426092759431e-02 1.594387755102040689e-04 1.626016260162601798e-02 0.000000000000000000e+00 2.126797650394976740e-03 1.209482341557813206e-04 0.000000000000000000e+00 0.000000000000000000e+00 2.126302360195619695e-04 0.000000000000000000e+00 6.313131313131313668e-04 0.000000000000000000e+00 1.783454147969163470e-03 0.000000000000000000e+00 0.000000000000000000e+00 0.000000000000000000e+00 1.851588092864264387e-03 0.000000000000000000e+00 3.749531308586426877e-04 0.000000000000000000e+00 3.707823507601037982e-04 0.000000000000000000e+00 1.137656427758816776e-03 0.000000000000000000e+00 0.000000000000000000e+00 0.000000000000000000e+00 0.000000000000000000e+00 0.000000000000000000e+00 0.000000000000000000e+00 0.000000000000000000e+00 0.000000000000000000e+00 0.000000000000000000e+00 0.000000000000000000e+00 0.000000000000000000e+00 0.000000000000000000e+00 0.000000000000000000e+00 0.000000000000000000e+00 0.000000000000000000e+00 0.000000000000000000e+00 0.000000000000000000e+00 0.000000000000000000e+00 0.000000000000000000e+00 0.000000000000000000e+00 0.000000000000000000e+00
0.000000000000000000e+00 7.460830639144491782e-04 4.973887092762994521e-04 9.201691121611539625e-02 1.740860482467047974e-03 0.000000000000000000e+00 8.465807543975166667e-04 7.716464782413638354e-03 1.387604070305272852e-03 2.959381044487427448e-01 0.000000000000000000e+00 5.860519632740770167e-04 5.310674455655867892e-04 8.427439743805831274e-04 2.977963073257891861e-04 1.520137524557956810e-01 0.000000000000000000e+00 0.000000000000000000e+00 1.195028680688336477e-04 0.000000000000000000e+00 8.445945945945946415e-04 3.056768558951964906e-02 3.456790123456790313e-03 4.112314835286314668e-02 3.797949107481959647e-03 1.741071428571428492e-01 7.288629737609329329e-04 2.346289752650176641e-01 0.000000000000000000e+00 8.217131474103585298e-03 4.987033712347895172e-03 5.662514156285390447e-03 0.000000000000000000e+00 8.260670032124827877e-04 0.000000000000000000e+00 0.000000000000000000e+00 0.000000000000000000e+00 0.000000000000000000e+00 0.000000000000000000e+00 0.000000000000000000e+00 0.000000000000000000e+00 0.000000000000000000e+00 0.000000000000000000e+00 0.000000000000000000e+00 0.000000000000000000e+00 9.016319538364440066e-05 0.000000000000000000e+00 1.199904007679385647e-04 0.000000000000000000e+00 2.457404980340759906e-04 0.000000000000000000e+00 1.417233560090702985e-04 0.000000000000000000e+00 0.000000000000000000e+00 0.000000000000000000e+00 1.467566774288230004e-04 0.000000000000000000e+00 0.000000000000000000e+00 0.000000000000000000e+00 1.312680493567865657e-04 0.000000000000000000e+00 0.000000000000000000e+00 0.000000000000000000e+00 0.000000000000000000e+00 0.000000000000000000e+00 0.000000000000000000e+00 0.000000000000000000e+00 9.464319515426840486e-05 0.000000000000000000e+00 0.000000000000000000e+00 9.082017605141818771e-04 2.673916281841203640e-02 1.668335001668335078e-04 2.901785714285714385e-02 0.000000000000000000e+00 1.544401544401544438e-02 0.000000000000000000e+00 3.144654088050314635e-03 0.000000000000000000e+00 8.873114463176575307e-04 0.000000000000000000e+00 4.076086956521738909e-04 0.000000000000000000e+00 0.000000000000000000e+00 0.000000000000000000e+00 3.350757271143278400e-04 0.000000000000000000e+00 0.000000000000000000e+00 0.000000000000000000e+00 1.246105919003115208e-04 0.000000000000000000e+00 0.000000000000000000e+00 0.000000000000000000e+00 0.000000000000000000e+00 1.137656427758816776e-03 0.000000000000000000e+00 0.000000000000000000e+00 0.000000000000000000e+00 0.000000000000000000e+00 0.000000000000000000e+00 0.000000000000000000e+00 0.000000000000000000e+00 0.000000000000000000e+00 0.000000000000000000e+00 0.000000000000000000e+00 0.000000000000000000e+00 0.000000000000000000e+00 0.000000000000000000e+00 0.000000000000000000e+00 0.000000000000000000e+00 0.000000000000000000e+00 0.000000000000000000e+00 0.000000000000000000e+00 0.000000000000000000e+00 0.000000000000000000e+00 0.000000000000000000e+00
1.204025961809801482e-01 4.232903771987583767e-03 2.271658357633336567e-01 7.242968676512087471e-03 1.768413131408146099e-02 8.465807543975166667e-04 0.000000000000000000e+00 1.740690892777030027e-02 1.123959296947271008e-01 5.157962604771115442e-03 9.021842355175688222e-02 7.227974213713616106e-03 2.223402372101256907e-01 4.213719871902915637e-03 1.042287075640262010e-02 6.385068762278978474e-03 6.189360990297758380e-03 2.957036006261958526e-03 2.174952198852772578e-02 7.414599699885250465e-03 1.689189189189189283e-03 0.000000000000000000e+00 2.485596707818930190e-02 6.632765863365023239e-03 0.000000000000000000e+00 2.678571428571428596e-03 0.000000000000000000e+00 7.067137809187278843e-04 1.217014098084106578e-02 3.237051792828685420e-03 1.635747057650109582e-02 2.167933991263549728e-02 5.164781111657648638e-03 9.270307480495640004e-03 3.852080123266564079e-04 0.000000000000000000e+00 4.703328509406657157e-03 2.166377816291161060e-04 2.824858757062146883e-03 0.000000000000000000e+00 1.574803149606299191e-03 1.988071570576540551e-03 2.299379167624741394e-04 0.000000000000000000e+00 9.002925950934053453e-04 9.016319538364440066e-05 2.067824648469809758e-04 1.199904007679385647e-04 2.815579540122008662e-03 0.000000000000000000e+00 6.371165923363975372e-03 7.086167800453514927e-05 0.000000000000000000e+00 0.000000000000000000e+00 6.401463191586648054e-03 0.000000000000000000e+00 4.885856288433998960e-03 3.394433129667345415e-04 8.645191852202747593e-03 2.625360987135731314e-04 1.996404579430409790e-02 0.000000000000000000e+00 2.876515307170741595e-03 0.000000000000000000e+00 1.546657501288881305e-02 0.000000000000000000e+00 2.383474576271186595e-03 2.839295854628052281e-04 8.662508662508662267e-04 0.000000000000000000e+00 7.922313818639094285e-02 1.564129301355578769e-03 3.411745078411745208e-02 4.225127551020408517e-03 8.130081300813008990e-03 3.861003861003861094e-03 3.048409965566133140e-02 7.377842283502660491e-03 1.162790697674418589e-03 0.000000000000000000e+00 2.445247714224962812e-03 0.000000000000000000e+00 0.000000000000000000e+00 0.000000000000000000e+00 2.640662754573696799e-02 0.000000000000000000e+00 6.618133686300463293e-04 0.000000000000000000e+00 2.563737359350519787e-02 2.492211838006230416e-04 3.749531308586426877e-04 0.000000000000000000e+00 0.000000000000000000e+00 2.918855808523058981e-04 0.000000000000000000e+00 1.584786053882725892e-03 0.000000000000000000e+00 7.027406886858749129e-04 0.000000000000000000e+00 0.000000000000000000e+00 0.000000000000000000e+00 0.000000000000000000e+00 0.000000000000000000e+00 0.000000000000000000e+00 0.000000000000000000e+00 0.000000000000000000e+00 0.000000000000000000e+00 0.000000000000000000e+00 0.000000000000000000e+00 0.000000000000000000e+00 0.000000000000000000e+00 0.000000000000000000e+00 0.000000000000000000e+00 0.000000000000000000e+00 0.000000000000000000e+00 0.000000000000000000e+00
5.742485419470614791e-03 1.257963212202781456e-01 1.022880215343203308e-02 2.071781067743382609e-01 8.972633467922835611e-05 7.716464782413638354e-03 1.740690892777030027e-02 0.000000000000000000e+00 0.000000000000000000e+00 1.560283687943262443e-01 7.977207977207977779e-03 1.121312756397733895e-01 4.425562046379890452e-03 2.610820832631046695e-01 2.977963073257891861e-04 2.725933202357563867e-02 4.516560722649715434e-03 6.957731779439902363e-03 1.673040152963671187e-02 1.659458028069556168e-02 0.000000000000000000e+00 0.000000000000000000e+00 1.843621399176954834e-02 1.017024099049303534e-02 3.797949107481959647e-04 4.166666666666666609e-03 0.000000000000000000e+00 1.766784452296819765e-03 4.096879142065309488e-03 1.992031872509960125e-02 1.655695192499501145e-02 4.368225206277301549e-03 1.303492375799311306e-02 7.159247361174850971e-03 0.000000000000000000e+00 5.042864346949067550e-04 1.266280752532561492e-03 1.083188908145580557e-03 0.000000000000000000e+00 0.000000000000000000e+00 0.000000000000000000e+00 3.976143141153081102e-03 0.000000000000000000e+00 4.716610329376621558e-04 2.250731487733513363e-04 6.852402849156974396e-03 0.000000000000000000e+00 3.599712023038156806e-04 0.000000000000000000e+00 9.501965923984272144e-03 0.000000000000000000e+00 1.176303854875283481e-02 0.000000000000000000e+00 1.071667782987273864e-03 0.000000000000000000e+00 4.842970355151159610e-03 8.423890152472412421e-05 4.582484725050916391e-03 0.000000000000000000e+00 7.613546862693620215e-03 3.784653231147696163e-04 3.942921517085993220e-03 2.054653790836244074e-04 2.883506343713956258e-04 1.718508334765423708e-04 1.350048216007714540e-02 2.648305084745762703e-04 7.760742002650009713e-03 0.000000000000000000e+00 8.378718056137410969e-04 1.676680173256951158e-03 9.131535826009236356e-02 5.005005005005004962e-03 4.719387755102040505e-02 0.000000000000000000e+00 2.316602316602316483e-02 1.154547295928701721e-02 3.616352201257861526e-02 0.000000000000000000e+00 2.661934338952972375e-03 4.252604720391239389e-04 3.532608695652173902e-03 0.000000000000000000e+00 5.081300813008130619e-04 5.753077896674721177e-05 1.239780190323012954e-02 0.000000000000000000e+00 0.000000000000000000e+00 0.000000000000000000e+00 7.975077881619937331e-03 0.000000000000000000e+00 0.000000000000000000e+00 3.707823507601037982e-04 0.000000000000000000e+00 2.275312855517633553e-03 3.169572107765451785e-03 0.000000000000000000e+00 0.000000000000000000e+00 8.143322475570032937e-04 0.000000000000000000e+00 0.000000000000000000e+00 0.000000000000000000e+00 7.760962359332556704e-04 0.000000000000000000e+00 0.000000000000000000e+00 3.855050115651503296e-04 0.000000000000000000e+00 7.390983000739098294e-04 0.000000000000000000e+00 0.000000000000000000e+00 1.051524710830704489e-03 0.000000000000000000e+00 0.000000000000000000e+00 0.000000000000000000e+00 0.000000000000000000e+00 0.000000000000000000e+00
9.250693802035153072e-04 0.000000000000000000e+00 8.140610545790934183e-02 4.625346901017576536e-04 3.186864014801110145e-01 1.387604070305272852e-03 1.123959296947271008e-01 0.000000000000000000e+00 0.000000000000000000e+00 6.447453255963894302e-04 2.469135802469135752e-03 0.000000000000000000e+00 2.301292264117543035e-02 0.000000000000000000e+00 9.112567004169148943e-02 0.000000000000000000e+00 1.672800267648042784e-04 0.000000000000000000e+00 2.390057361376672954e-04 0.000000000000000000e+00 1.393581081081081072e-02 0.000000000000000000e+00 2.798353909465020606e-03 6.632765863365023239e-04 2.658564375237371970e-03 2.678571428571428596e-03 7.653061224489795741e-03 0.000000000000000000e+00 1.108567297264730772e-02 0.000000000000000000e+00 2.393776181926989769e-03 2.103219543763145110e-03 2.459419576979832633e-04 0.000000000000000000e+00 0.000000000000000000e+00 0.000000000000000000e+00 7.235890014471779491e-04 0.000000000000000000e+00 0.000000000000000000e+00 0.000000000000000000e+00 0.000000000000000000e+00 0.000000000000000000e+00 2.299379167624741394e-04 0.000000000000000000e+00 0.000000000000000000e+00 0.000000000000000000e+00 2.067824648469809758e-04 0.000000000000000000e+00 0.000000000000000000e+00 0.000000000000000000e+00 0.000000000000000000e+00 0.000000000000000000e+00 0.000000000000000000e+00 0.000000000000000000e+00 0.000000000000000000e+00 0.000000000000000000e+00 1.684778030494482484e-04 0.000000000000000000e+00 2.368545712932259618e-04 0.000000000000000000e+00 3.784653231147696163e-04 0.000000000000000000e+00 8.218615163344976295e-04 0.000000000000000000e+00 1.031105000859254116e-03 0.000000000000000000e+00 8.827683615819209009e-05 0.000000000000000000e+00 1.732501732501732508e-04 0.000000000000000000e+00 9.501187648456057427e-03 0.000000000000000000e+00 1.242909576242909493e-02 0.000000000000000000e+00 0.000000000000000000e+00 0.000000000000000000e+00 3.848490986429005303e-03 1.209482341557813206e-04 0.000000000000000000e+00 0.000000000000000000e+00 6.378907080586859084e-04 0.000000000000000000e+00 0.000000000000000000e+00 0.000000000000000000e+00 1.150615579334944181e-03 0.000000000000000000e+00 6.618133686300463293e-04 0.000000000000000000e+00 7.121492664862555085e-04 0.000000000000000000e+00 0.000000000000000000e+00 0.000000000000000000e+00 0.000000000000000000e+00 0.000000000000000000e+00 1.137656427758816776e-03 1.584786053882725892e-03 0.000000000000000000e+00 0.000000000000000000e+00 0.000000000000000000e+00 0.000000000000000000e+00 7.513148009015778016e-04 0.000000000000000000e+00 0.000000000000000000e+00 0.000000000000000000e+00 0.000000000000000000e+00 0.000000000000000000e+00 0.000000000000000000e+00 0.000000000000000000e+00 0.000000000000000000e+00 0.000000000000000000e+00 0.000000000000000000e+00 0.000000000000000000e+00 0.000000000000000000e+00 0.000000000000000000e+00 0.000000000000000000e+00 0.000000000000000000e+00
0.000000000000000000e+00 4.513217279174725795e-03 1.934235976789168291e-03 2.836879432624113406e-02 6.447453255963894302e-04 2.959381044487427448e-01 5.157962604771115442e-03 1.560283687943262443e-01 6.447453255963894302e-04 0.000000000000000000e+00 0.000000000000000000e+00 7.814026176987692472e-04 3.540449637103911928e-04 1.685487948761166255e-03 0.000000000000000000e+00 1.114931237721021595e-01 0.000000000000000000e+00 3.478865889719951398e-04 1.195028680688336477e-04 3.530761761850119114e-04 0.000000000000000000e+00 1.637554585152838343e-03 2.962962962962962816e-03 1.989829759009506972e-03 3.797949107481959647e-04 5.059523809523809763e-03 0.000000000000000000e+00 2.826855123674911537e-03 0.000000000000000000e+00 1.992031872509960125e-03 2.593257530420905836e-03 3.235722375020223330e-04 1.229709788489916317e-04 0.000000000000000000e+00 0.000000000000000000e+00 0.000000000000000000e+00 0.000000000000000000e+00 0.000000000000000000e+00 0.000000000000000000e+00 0.000000000000000000e+00 0.000000000000000000e+00 1.988071570576540551e-03 0.000000000000000000e+00 0.000000000000000000e+00 0.000000000000000000e+00 0.000000000000000000e+00 0.000000000000000000e+00 0.000000000000000000e+00 0.000000000000000000e+00 1.638269986893840118e-04 0.000000000000000000e+00 7.086167800453514927e-05 0.000000000000000000e+00 0.000000000000000000e+00 0.000000000000000000e+00 0.000000000000000000e+00 0.000000000000000000e+00 0.000000000000000000e+00 0.000000000000000000e+00 1.312680493567865657e-04 0.000000000000000000e+00 0.000000000000000000e+00 0.000000000000000000e+00 0.000000000000000000e+00 0.000000000000000000e+00 0.000000000000000000e+00 0.000000000000000000e+00 0.000000000000000000e+00 0.000000000000000000e+00 0.000000000000000000e+00 4.191700433142377894e-04 4.543423208699538113e-03 8.341675008341675388e-05 8.848852040816326814e-03 0.000000000000000000e+00 1.158301158301158242e-02 0.000000000000000000e+00 8.466376390904692580e-04 0.000000000000000000e+00 0.000000000000000000e+00 0.000000000000000000e+00 5.434782608695652240e-04 0.000000000000000000e+00 0.000000000000000000e+00 0.000000000000000000e+00 1.005227181342983412e-03 0.000000000000000000e+00 0.000000000000000000e+00 0.000000000000000000e+00 8.722741433021806998e-04 0.000000000000000000e+00 0.000000000000000000e+00 0.000000000000000000e+00 0.000000000000000000e+00 1.137656427758816776e-03 0.000000000000000000e+00 0.000000000000000000e+00 0.000000000000000000e+00 0.000000000000000000e+00 0.000000000000000000e+00 0.000000000000000000e+00 0.000000000000000000e+00 0.000000000000000000e+00 0.000000000000000000e+00 0.000000000000000000e+00 0.000000000000000000e+00 0.000000000000000000e+00 0.000000000000000000e+00 0.000000000000000000e+00 0.000000000000000000e+00 0.000000000000000000e+00 0.000000000000000000e+00 0.000000000000000000e+00 0.000000000000000000e+00 0.000000000000000000e+00 0.000000000000000000e+00
2.153846153846153966e-01 1.139601139601139528e-03 3.437796771130104123e-02 3.038936372269705408e-03 1.899335232668565880e-04 0.000000000000000000e+00 9.021842355175688222e-02 7.977207977207977779e-03 2.469135802469135752e-03 0.000000000000000000e+00 0.000000000000000000e+00 1.172103926548154033e-03 1.695875376172774063e-01 8.427439743805831274e-04 5.658129839189993994e-03 0.000000000000000000e+00 5.436600869856138968e-02 3.478865889719951398e-04 1.744741873804971435e-02 1.765380880925059666e-03 0.000000000000000000e+00 0.000000000000000000e+00 5.432098765432098568e-03 1.989829759009506972e-03 0.000000000000000000e+00 0.000000000000000000e+00 0.000000000000000000e+00 0.000000000000000000e+00 7.024942764188456257e-02 3.735059760956175234e-04 3.989626969878316137e-03 9.707167125060669989e-04 3.197245450073782531e-03 9.178522257916475659e-04 0.000000000000000000e+00 0.000000000000000000e+00 2.532561505065122984e-03 2.166377816291161060e-04 0.000000000000000000e+00 0.000000000000000000e+00 0.000000000000000000e+00 0.000000000000000000e+00 0.000000000000000000e+00 0.000000000000000000e+00 2.250731487733513363e-04 0.000000000000000000e+00 0.000000000000000000e+00 0.000000000000000000e+00 1.564210855623338146e-04 0.000000000000000000e+00 4.550832802402839474e-04 0.000000000000000000e+00 0.000000000000000000e+00 0.000000000000000000e+00 1.066910531931108009e-03 0.000000000000000000e+00 6.233678712829584731e-03 0.000000000000000000e+00 1.657981999052581760e-03 0.000000000000000000e+00 1.324628630901693652e-02 0.000000000000000000e+00 4.725703718923361316e-03 0.000000000000000000e+00 1.323251417769376152e-02 0.000000000000000000e+00 1.412429378531073441e-03 0.000000000000000000e+00 1.732501732501732508e-04 0.000000000000000000e+00 2.752549951096828346e-02 1.489646953671979780e-04 1.426426426426426371e-02 8.769132653061224468e-04 1.626016260162601798e-02 0.000000000000000000e+00 6.076564715414218762e-03 9.675858732462505650e-04 1.162790697674418589e-03 0.000000000000000000e+00 2.764193068254305712e-03 0.000000000000000000e+00 0.000000000000000000e+00 0.000000000000000000e+00 8.054309055344609919e-03 0.000000000000000000e+00 0.000000000000000000e+00 0.000000000000000000e+00 4.842615012106537761e-03 0.000000000000000000e+00 0.000000000000000000e+00 0.000000000000000000e+00 0.000000000000000000e+00 2.918855808523058981e-04 0.000000000000000000e+00 0.000000000000000000e+00 0.000000000000000000e+00 0.000000000000000000e+00 0.000000000000000000e+00 0.000000000000000000e+00 0.000000000000000000e+00 0.000000000000000000e+00 3.880481179666278352e-04 0.000000000000000000e+00 0.000000000000000000e+00 0.000000000000000000e+00 0.000000000000000000e+00 0.000000000000000000e+00 0.000000000000000000e+00 0.000000000000000000e+00 0.000000000000000000e+00 0.000000000000000000e+00 0.000000000000000000e+00 0.000000000000000000e+00 0.000000000000000000e+00 0.000000000000000000e+00
2.344207853096308067e-03 1.127173276030474652e-01 4.102363742918538683e-03 4.512600117210392725e-02 0.000000000000000000e+00 5.860519632740770167e-04 7.227974213713616106e-03 1.121312756397733895e-01 0.000000000000000000e+00 7.814026176987692472e-04 1.172103926548154033e-03 0.000000000000000000e+00 1.770224818551955964e-04 1.404011461318051546e-01 0.000000000000000000e+00 4.666011787819253701e-03 1.003680160588825724e-03 6.035832318664115237e-02 3.824091778202676727e-03 1.765380880925059709e-02 0.000000000000000000e+00 0.000000000000000000e+00 1.975308641975308688e-03 4.421843908910015782e-03 0.000000000000000000e+00 0.000000000000000000e+00 0.000000000000000000e+00 0.000000000000000000e+00 3.614893360645860931e-04 6.025896414342629681e-02 2.393776181926989769e-03 1.294288950008089332e-03 1.967535661583866106e-03 6.792106470858191858e-03 0.000000000000000000e+00 5.042864346949067550e-04 1.808972503617944873e-04 8.665511265164644239e-04 0.000000000000000000e+00 6.523157208088714576e-04 0.000000000000000000e+00 1.988071570576540551e-03 1.149689583812370697e-04 0.000000000000000000e+00 0.000000000000000000e+00 4.508159769182219626e-04 0.000000000000000000e+00 4.799616030717542589e-04 0.000000000000000000e+00 9.010484927916120922e-04 0.000000000000000000e+00 2.409297052154194940e-03 0.000000000000000000e+00 1.339584728734092331e-04 0.000000000000000000e+00 3.522160258291752444e-03 0.000000000000000000e+00 4.412763068567549310e-03 1.184272856466129809e-04 1.706484641638225273e-03 0.000000000000000000e+00 1.408186256102140523e-02 0.000000000000000000e+00 1.326412918108419922e-02 0.000000000000000000e+00 1.666896266703402768e-02 0.000000000000000000e+00 2.271436683702441825e-03 0.000000000000000000e+00 6.284038542103058227e-04 1.397233477714125965e-04 3.396395054372113725e-02 1.167834501167834419e-03 9.964923469387754890e-03 0.000000000000000000e+00 0.000000000000000000e+00 2.531901964755924484e-03 6.410256410256410034e-03 0.000000000000000000e+00 0.000000000000000000e+00 0.000000000000000000e+00 7.065217391304347803e-03 0.000000000000000000e+00 0.000000000000000000e+00 0.000000000000000000e+00 2.157887682616271147e-02 0.000000000000000000e+00 8.613264427217915591e-04 0.000000000000000000e+00 8.348909657320872924e-03 0.000000000000000000e+00 0.000000000000000000e+00 0.000000000000000000e+00 0.000000000000000000e+00 0.000000000000000000e+00 0.000000000000000000e+00 0.000000000000000000e+00 0.000000000000000000e+00 0.000000000000000000e+00 0.000000000000000000e+00 0.000000000000000000e+00 0.000000000000000000e+00 0.000000000000000000e+00 0.000000000000000000e+00 0.000000000000000000e+00 0.000000000000000000e+00 0.000000000000000000e+00 0.000000000000000000e+00 0.000000000000000000e+00 0.000000000000000000e+00 0.000000000000000000e+00 0.000000000000000000e+00 0.000000000000000000e+00 0.000000000000000000e+00 0.000000000000000000e+00 0.000000000000000000e+00
1.911842804036112745e-02 0.000000000000000000e+00 5.381483448397946651e-02 3.009382191538325247e-03 4.248539564524694313e-03 5.310674455655867892e-04 2.223402372101256907e-01 4.425562046379890452e-03 2.301292264117543035e-02 3.540449637103911928e-04 1.695875376172774063e-01 1.770224818551955964e-04 0.000000000000000000e+00 5.056463846283498981e-04 1.480047647409171996e-01 9.823182711198427588e-04 1.840080294412847197e-03 0.000000000000000000e+00 3.585086042065009377e-03 3.530761761850119114e-04 1.266891891891891962e-03 0.000000000000000000e+00 2.222222222222222307e-02 1.547645368118505350e-03 1.139384732244587894e-03 5.952380952380952918e-04 7.288629737609329329e-04 0.000000000000000000e+00 9.615616339317990813e-02 4.980079681274900312e-04 9.974067424695790343e-03 7.442161462546513333e-03 2.828332513526807691e-03 1.835704451583295023e-04 7.704160246533128158e-04 0.000000000000000000e+00 1.447178002894355898e-03 0.000000000000000000e+00 7.062146892655367207e-04 0.000000000000000000e+00 0.000000000000000000e+00 0.000000000000000000e+00 0.000000000000000000e+00 0.000000000000000000e+00 2.250731487733513363e-04 0.000000000000000000e+00 0.000000000000000000e+00 0.000000000000000000e+00 1.564210855623338146e-04 0.000000000000000000e+00 1.820333120961135844e-04 0.000000000000000000e+00 0.000000000000000000e+00 0.000000000000000000e+00 1.524157902758725843e-04 0.000000000000000000e+00 1.516300227445034100e-03 0.000000000000000000e+00 7.105637138796779126e-04 0.000000000000000000e+00 6.150061500615006116e-03 0.000000000000000000e+00 3.492911444421614980e-03 0.000000000000000000e+00 2.577762502148135508e-03 0.000000000000000000e+00 5.296610169491525405e-04 9.464319515426840486e-05 1.732501732501732508e-04 0.000000000000000000e+00 3.444180522565320340e-02 5.213764337851929231e-04 2.327327327327327264e-02 1.116071428571428509e-03 0.000000000000000000e+00 0.000000000000000000e+00 1.276078590236985957e-02 6.047411707789066438e-04 1.162790697674418589e-03 0.000000000000000000e+00 1.913672124176057834e-03 0.000000000000000000e+00 0.000000000000000000e+00 0.000000000000000000e+00 5.062708549073754311e-03 0.000000000000000000e+00 0.000000000000000000e+00 0.000000000000000000e+00 2.421307506053268881e-03 0.000000000000000000e+00 0.000000000000000000e+00 0.000000000000000000e+00 0.000000000000000000e+00 0.000000000000000000e+00 1.137656427758816776e-03 3.169572107765451785e-03 0.000000000000000000e+00 0.000000000000000000e+00 0.000000000000000000e+00 0.000000000000000000e+00 0.000000000000000000e+00 0.000000000000000000e+00 0.000000000000000000e+00 0.000000000000000000e+00 0.000000000000000000e+00 0.000000000000000000e+00 0.000000000000000000e+00 0.000000000000000000e+00 0.000000000000000000e+00 0.000000000000000000e+00 0.000000000000000000e+00 0.000000000000000000e+00 0.000000000000000000e+00 0.000000000000000000e+00 0.000000000000000000e+00 0.000000000000000000e+00
