0.000000000000000000e+00 1.698289997657530942e-02 1.022787493375728607e-01 4.775951678606545590e-03 6.662225183211192663e-04 0.000000000000000000e+00 1.049049820236260949e-01 6.493506493506493935e-03 8.116883116883117418e-04 0.000000000000000000e+00 2.523834745762711940e-01 3.208213025344882892e-04 5.968218773096822111e-02 1.887148518588412885e-04 2.365184484389782401e-03 0.000000000000000000e+00 4.113570310753409537e-02 3.018867924528301737e-03 8.749816796130734098e-02 2.427699655080923363e-02 0.000000000000000000e+00 0.000000000000000000e+00 2.419504932067746174e-03 5.555555555555555551e-04 8.431703204047217085e-04 0.000000000000000000e+00 0.000000000000000000e+00 0.000000000000000000e+00 3.368003962357602604e-02 1.115573404730031302e-03 3.184713375796178179e-04 2.356267672007539998e-04 1.356874284780120940e-02 3.948667324777887198e-03 1.251564455569461861e-03 0.000000000000000000e+00 7.371112057946314911e-02 9.633911368015414143e-04 9.729729729729729229e-03 4.170141784820683740e-04 0.000000000000000000e+00 0.000000000000000000e+00 0.000000000000000000e+00 0.000000000000000000e+00 4.142394822006472202e-03 0.000000000000000000e+00 3.582945180938731369e-04 0.000000000000000000e+00 7.613247049866767903e-03 0.000000000000000000e+00 3.566889773786325463e-02 0.000000000000000000e+00 2.727272727272727487e-03 0.000000000000000000e+00 3.775228691738057290e-03 0.000000000000000000e+00 2.633565621370499432e-01 1.200611220257585690e-03 4.212475407938896105e-02 2.195148721325869867e-04 3.243791180942726809e-02 0.000000000000000000e+00 7.655332027772832580e-03 0.000000000000000000e+00 5.071289695398574493e-02 0.000000000000000000e+00 8.387614883554921769e-03 8.223684210526315333e-04 1.362881806108897642e-01 9.234507897934386006e-03 1.331681635181170692e-02 3.875217981011431622e-04 2.216358839050132021e-02 8.698488637599217661e-04 4.873294346978557234e-04 0.000000000000000000e+00 3.096774193548387094e-02 3.001071811361200568e-03 0.000000000000000000e+00 0.000000000000000000e+00 5.985523385300668513e-03 0.000000000000000000e+00 0.000000000000000000e+00 0.000000000000000000e+00 2.269430935926968623e-02 9.573042312847022950e-05 0.000000000000000000e+00 0.000000000000000000e+00 1.032504780114722708e-02 0.000000000000000000e+00 2.867794665901921285e-04 5.512679162072767463e-04 0.000000000000000000e+00 0.000000000000000000e+00 2.518891687657430663e-03 0.000000000000000000e+00 0.000000000000000000e+00 0.000000000000000000e+00 1.408450704225352188e-03 0.000000000000000000e+00 0.000000000000000000e+00 0.000000000000000000e+00 1.871257485029940233e-04 9.085402786190188056e-04 2.078137988362427357e-03 6.872852233676976464e-04 2.092050209205020741e-03 0.000000000000000000e+00 0.000000000000000000e+00 0.000000000000000000e+00 0.000000000000000000e+00 0.000000000000000000e+00 0.000000000000000000e+00 0.000000000000000000e+00 0.000000000000000000e+00 0.000000000000000000e+00
1.698289997657530942e-02 0.000000000000000000e+00 1.722310545839957551e-03 7.529147352156201345e-02 0.000000000000000000e+00 1.568012544100352802e-03 1.155624036979969278e-03 1.499999999999999944e-01 0.000000000000000000e+00 7.882882882882882164e-03 1.588983050847457730e-03 6.095604748155277613e-02 0.000000000000000000e+00 1.566333270428382773e-02 0.000000000000000000e+00 5.683355886332882266e-03 2.459199642298233717e-03 8.452830188679245904e-02 1.773413454492158911e-02 7.521889095250729185e-02 0.000000000000000000e+00 0.000000000000000000e+00 0.000000000000000000e+00 2.777777777777777775e-04 0.000000000000000000e+00 0.000000000000000000e+00 0.000000000000000000e+00 0.000000000000000000e+00 2.724120851906884459e-03 3.078982597054886333e-02 0.000000000000000000e+00 9.425070688030159991e-04 1.291482752983488629e-02 9.323242294614456777e-03 0.000000000000000000e+00 9.140767824497257740e-04 2.130379207498934654e-03 1.046885035324341684e-01 5.405405405405405489e-04 1.709758131776480464e-02 0.000000000000000000e+00 0.000000000000000000e+00 0.000000000000000000e+00 0.000000000000000000e+00 0.000000000000000000e+00 1.283098098681908225e-03 0.000000000000000000e+00 0.000000000000000000e+00 1.268874508311127912e-04 2.975922084949048432e-03 4.236211132762857058e-04 7.306542676851544502e-03 0.000000000000000000e+00 1.100110011001100051e-03 1.452011035283868126e-04 2.114164904862579370e-03 2.177700348432055639e-03 2.666448373717528741e-01 1.157273463719476965e-04 1.832949182307101396e-02 0.000000000000000000e+00 3.138710766115423295e-02 0.000000000000000000e+00 2.094920281794586739e-02 4.860661049902786825e-04 2.215405589638718559e-02 1.338449183545998081e-03 4.831414473684210800e-03 2.058432934926958738e-02 7.946537059538275050e-02 6.193868070610095838e-04 3.371439643479945403e-02 6.596306068601582879e-04 2.576927258888768099e-02 0.000000000000000000e+00 8.309098462816784251e-04 3.225806451612903223e-03 5.058949624866023592e-02 0.000000000000000000e+00 0.000000000000000000e+00 0.000000000000000000e+00 4.937629937629937904e-03 0.000000000000000000e+00 0.000000000000000000e+00 0.000000000000000000e+00 2.000765843385027623e-02 0.000000000000000000e+00 0.000000000000000000e+00 1.912045889101338418e-04 5.528989838613269751e-03 0.000000000000000000e+00 6.063947078280043992e-03 0.000000000000000000e+00 1.994017946161515294e-03 0.000000000000000000e+00 7.177033492822966487e-02 8.169934640522876065e-04 0.000000000000000000e+00 0.000000000000000000e+00 5.636070853462157686e-03 0.000000000000000000e+00 0.000000000000000000e+00 1.871257485029940233e-04 5.451241671714113050e-03 8.312551953449709213e-04 2.749140893470790586e-03 0.000000000000000000e+00 2.551020408163265103e-03 0.000000000000000000e+00 0.000000000000000000e+00 7.163323782234956799e-04 0.000000000000000000e+00 0.000000000000000000e+00 0.000000000000000000e+00 0.000000000000000000e+00 0.000000000000000000e+00
1.022787493375728607e-01 1.722310545839957551e-03 0.000000000000000000e+00 3.511729175445989660e-03 9.926715522984676243e-02 7.840062720501764226e-03 2.293271700051361106e-01 7.792207792207792201e-03 1.217532467532467504e-03 2.252252252252252233e-03 5.455508474576271222e-02 2.566570420275906313e-03 7.982261640798225810e-02 4.151726740894508619e-03 5.203405865657521195e-02 3.518267929634641238e-03 1.363737983456293247e-02 1.006289308176100579e-03 1.141726513263960074e-01 2.918546033430618244e-03 0.000000000000000000e+00 0.000000000000000000e+00 1.930020472734040593e-01 4.722222222222222272e-03 1.602023608768971333e-02 2.180232558139534853e-03 1.152516327314636897e-03 4.101722723543888677e-04 2.897473997028231912e-02 1.338688085676037432e-03 3.439490445859872542e-02 1.649387370405278053e-02 8.010462645087460323e-03 3.729296917845782450e-03 3.337505214851898151e-03 0.000000000000000000e+00 3.536429484448231492e-02 6.422607578676942401e-04 5.405405405405405489e-04 0.000000000000000000e+00 0.000000000000000000e+00 0.000000000000000000e+00 0.000000000000000000e+00 0.000000000000000000e+00 1.812297734627831697e-03 1.166452816983553080e-04 3.582945180938731369e-04 0.000000000000000000e+00 1.903311762466691976e-03 9.017945711966814581e-05 3.558417351520799798e-03 0.000000000000000000e+00 3.030303030303030300e-04 0.000000000000000000e+00 1.452011035283868072e-03 0.000000000000000000e+00 2.758420441347270505e-03 1.091464745688714252e-04 5.323457933109594122e-03 1.097574360662934934e-04 1.689474573407670141e-03 0.000000000000000000e+00 2.136371728680790377e-03 0.000000000000000000e+00 2.916396629941672095e-03 0.000000000000000000e+00 8.119925046845721806e-03 4.111842105263157666e-04 7.968127490039840499e-03 2.430133657351154369e-04 4.010529575720037099e-02 0.000000000000000000e+00 5.026385224274406566e-02 1.413504403609872843e-03 1.656920077972709460e-02 0.000000000000000000e+00 5.032258064516129115e-02 3.858520900321543278e-03 1.129943502824858797e-03 0.000000000000000000e+00 2.366369710467706045e-03 0.000000000000000000e+00 0.000000000000000000e+00 0.000000000000000000e+00 2.132923811961436565e-03 0.000000000000000000e+00 0.000000000000000000e+00 0.000000000000000000e+00 3.059273422562141468e-03 0.000000000000000000e+00 0.000000000000000000e+00 0.000000000000000000e+00 0.000000000000000000e+00 0.000000000000000000e+00 1.763224181360201551e-02 4.784688995215310818e-03 0.000000000000000000e+00 0.000000000000000000e+00 0.000000000000000000e+00 0.000000000000000000e+00 0.000000000000000000e+00 1.715265866209262410e-03 3.742514970059880467e-04 3.028467595396729171e-04 2.493765586034912655e-03 0.000000000000000000e+00 1.046025104602510370e-03 0.000000000000000000e+00 0.000000000000000000e+00 0.000000000000000000e+00 0.000000000000000000e+00 0.000000000000000000e+00 0.000000000000000000e+00 0.000000000000000000e+00 0.000000000000000000e+00 0.000000000000000000e+00
4.775951678606545590e-03 7.529147352156201345e-02 3.511729175445989660e-03 0.000000000000000000e+00 1.998667554963357799e-03 6.232849862798902491e-02 9.116589625064201383e-03 1.103896103896103847e-01 1.623376623376623484e-03 5.630630630630630365e-03 2.648305084745762594e-03 9.335899903753609730e-02 2.032520325203252248e-03 3.528967729760332239e-02 1.419110690633869441e-03 5.223274695534506351e-02 8.942544153811759957e-04 4.125786163522012634e-02 4.543455957789828414e-03 1.719288936057309647e-01 0.000000000000000000e+00 0.000000000000000000e+00 1.246975618834915249e-02 1.702777777777777779e-01 8.431703204047217085e-04 1.162790697674418589e-02 0.000000000000000000e+00 0.000000000000000000e+00 9.905894006934125307e-04 2.565818830879071713e-02 1.337579617834394954e-02 8.459000942507069465e-02 9.808729769494851057e-04 2.029176264121970025e-02 0.000000000000000000e+00 2.742230347349177214e-03 4.260758414997869417e-04 2.247912652536929873e-02 0.000000000000000000e+00 5.421184320266889296e-03 0.000000000000000000e+00 0.000000000000000000e+00 0.000000000000000000e+00 1.016363451570281493e-04 0.000000000000000000e+00 2.332905633967106160e-04 0.000000000000000000e+00 1.589067217543302108e-04 1.268874508311127912e-04 8.116151140770132581e-04 8.472422265525714387e-05 7.472600464961806285e-04 0.000000000000000000e+00 1.375137513751375064e-04 0.000000000000000000e+00 1.626280696048138040e-04 0.000000000000000000e+00 7.967692643527613319e-03 1.157273463719476965e-04 1.163428822302711024e-02 0.000000000000000000e+00 0.000000000000000000e+00 1.780309773900658828e-04 3.707823507601037982e-04 1.620220349967595608e-04 6.816632583503749428e-04 8.922994556973319906e-05 7.606907894736842334e-03 1.162018592297476812e-03 4.374240583232077810e-03 1.083926912356766772e-03 1.918232900600658902e-02 1.978891820580475081e-03 6.828313580515385506e-02 0.000000000000000000e+00 8.309098462816784251e-04 2.580645161290322578e-03 1.189710610932475932e-01 0.000000000000000000e+00 0.000000000000000000e+00 0.000000000000000000e+00 3.378378378378378566e-03 0.000000000000000000e+00 2.691790040376850629e-03 8.531695247845746857e-05 1.148765077541642754e-03 0.000000000000000000e+00 1.273885350318471272e-03 0.000000000000000000e+00 1.344889420203227836e-03 2.867794665901921285e-04 3.307607497243660478e-03 0.000000000000000000e+00 2.991026919242273374e-03 2.518891687657430663e-03 1.148325358851674666e-01 8.169934640522876065e-04 0.000000000000000000e+00 1.408450704225352188e-03 1.610305958132045084e-03 0.000000000000000000e+00 0.000000000000000000e+00 1.871257485029940233e-04 5.451241671714113050e-03 4.156275976724854606e-04 6.872852233676975814e-03 0.000000000000000000e+00 0.000000000000000000e+00 0.000000000000000000e+00 0.000000000000000000e+00 0.000000000000000000e+00 0.000000000000000000e+00 5.235602094240838014e-03 0.000000000000000000e+00 2.840909090909090988e-03 0.000000000000000000e+00
6.662225183211192663e-04 0.000000000000000000e+00 9.926715522984676243e-02 1.998667554963357799e-03 0.000000000000000000e+00 8.624068992551940302e-03 7.832562917308679915e-03 5.194805194805194801e-04 4.188311688311688319e-01 2.252252252252252233e-03 0.000000000000000000e+00 0.000000000000000000e+00 1.847745750184774573e-04 0.000000000000000000e+00 9.035004730368968728e-02 0.000000000000000000e+00 0.000000000000000000e+00 0.000000000000000000e+00 1.612194049538326302e-03 0.000000000000000000e+00 2.084781097984711451e-03 0.000000000000000000e+00 3.033686953284943366e-02 1.944444444444444389e-03 1.568296795952782430e-01 3.633720930232558089e-03 1.917018824433346091e-01 8.203445447087777355e-04 6.438831104507181449e-03 0.000000000000000000e+00 1.528662420382165613e-02 6.833176248821866590e-03 1.634788294915808329e-04 1.096852034660524282e-04 0.000000000000000000e+00 0.000000000000000000e+00 0.000000000000000000e+00 0.000000000000000000e+00 0.000000000000000000e+00 0.000000000000000000e+00 0.000000000000000000e+00 0.000000000000000000e+00 0.000000000000000000e+00 0.000000000000000000e+00 0.000000000000000000e+00 0.000000000000000000e+00 0.000000000000000000e+00 0.000000000000000000e+00 0.000000000000000000e+00 0.000000000000000000e+00 0.000000000000000000e+00 0.000000000000000000e+00 0.000000000000000000e+00 0.000000000000000000e+00 0.000000000000000000e+00 0.000000000000000000e+00 0.000000000000000000e+00 0.000000000000000000e+00 0.000000000000000000e+00 0.000000000000000000e+00 3.378949146815340607e-04 0.000000000000000000e+00 0.000000000000000000e+00 0.000000000000000000e+00 1.620220349967595608e-04 0.000000000000000000e+00 0.000000000000000000e+00 0.000000000000000000e+00 0.000000000000000000e+00 0.000000000000000000e+00 1.641375038711675310e-02 0.000000000000000000e+00 3.562005277044855145e-02 1.087311079699902208e-04 2.923976608187134341e-03 0.000000000000000000e+00 2.365591397849462364e-03 0.000000000000000000e+00 0.000000000000000000e+00 0.000000000000000000e+00 0.000000000000000000e+00 0.000000000000000000e+00 0.000000000000000000e+00 0.000000000000000000e+00 1.706339049569149371e-04 0.000000000000000000e+00 1.986097318768619609e-03 0.000000000000000000e+00 1.912045889101338418e-04 0.000000000000000000e+00 0.000000000000000000e+00 0.000000000000000000e+00 0.000000000000000000e+00 0.000000000000000000e+00 0.000000000000000000e+00 0.000000000000000000e+00 0.000000000000000000e+00 0.000000000000000000e+00 0.000000000000000000e+00 0.000000000000000000e+00 0.000000000000000000e+00 0.000000000000000000e+00 0.000000000000000000e+00 0.000000000000000000e+00 0.000000000000000000e+00 0.000000000000000000e+00 0.000000000000000000e+00 0.000000000000000000e+00 0.000000000000000000e+00 0.000000000000000000e+00 0.000000000000000000e+00 0.000000000000000000e+00 0.000000000000000000e+00 0.000000000000000000e+00 0.000000000000000000e+00 0.000000000000000000e+00
0.000000000000000000e+00 1.568012544100352802e-03 7.840062720501764226e-03 6.232849862798902491e-02 8.624068992551940302e-03 0.000000000000000000e+00 2.182845403184386149e-03 2.077922077922077920e-03 1.623376623376623484e-03 2.522522522522522292e-01 0.000000000000000000e+00 0.000000000000000000e+00 9.238728750923872867e-04 3.774297037176825771e-04 1.892147587511825921e-03 6.847090663058186255e-02 2.235636038452939989e-04 0.000000000000000000e+00 1.465630954125751110e-04 1.459273016715309122e-03 6.949270326615705198e-04 0.000000000000000000e+00 1.023636702028661756e-02 6.083333333333333648e-02 9.274873524451939660e-03 7.776162790697674354e-02 2.305032654629273793e-03 2.079573420836751396e-01 0.000000000000000000e+00 2.074966532797858226e-02 1.624203821656050942e-02 2.709707822808670938e-02 0.000000000000000000e+00 1.864648458922891225e-03 0.000000000000000000e+00 4.570383912248628870e-04 0.000000000000000000e+00 3.211303789338471200e-04 0.000000000000000000e+00 0.000000000000000000e+00 0.000000000000000000e+00 0.000000000000000000e+00 0.000000000000000000e+00 0.000000000000000000e+00 0.000000000000000000e+00 0.000000000000000000e+00 0.000000000000000000e+00 0.000000000000000000e+00 0.000000000000000000e+00 0.000000000000000000e+00 0.000000000000000000e+00 0.000000000000000000e+00 0.000000000000000000e+00 0.000000000000000000e+00 0.000000000000000000e+00 0.000000000000000000e+00 0.000000000000000000e+00 4.365858982754857007e-04 0.000000000000000000e+00 0.000000000000000000e+00 0.000000000000000000e+00 3.374957813027337121e-04 0.000000000000000000e+00 0.000000000000000000e+00 0.000000000000000000e+00 0.000000000000000000e+00 0.000000000000000000e+00 2.055921052631578833e-04 0.000000000000000000e+00 4.860267314702308738e-04 6.193868070610095838e-04 4.495252857973260768e-02 0.000000000000000000e+00 3.359791236272697407e-02 0.000000000000000000e+00 1.287910261736601586e-02 0.000000000000000000e+00 6.430868167202572275e-03 0.000000000000000000e+00 0.000000000000000000e+00 0.000000000000000000e+00 0.000000000000000000e+00 0.000000000000000000e+00 0.000000000000000000e+00 0.000000000000000000e+00 4.786521156423511475e-04 0.000000000000000000e+00 1.273885350318471272e-03 0.000000000000000000e+00 2.988643156007172487e-04 0.000000000000000000e+00 0.000000000000000000e+00 0.000000000000000000e+00 0.000000000000000000e+00 0.000000000000000000e+00 4.784688995215310818e-03 0.000000000000000000e+00 0.000000000000000000e+00 0.000000000000000000e+00 0.000000000000000000e+00 0.000000000000000000e+00 0.000000000000000000e+00 0.000000000000000000e+00 0.000000000000000000e+00 0.000000000000000000e+00 0.000000000000000000e+00 0.000000000000000000e+00 0.000000000000000000e+00 0.000000000000000000e+00 0.000000000000000000e+00 0.000000000000000000e+00 0.000000000000000000e+00 0.000000000000000000e+00 0.000000000000000000e+00 0.000000000000000000e+00 0.000000000000000000e+00
1.049049820236260949e-01 1.155624036979969278e-03 2.293271700051361106e-01 9.116589625064201383e-03 7.832562917308679915e-03 2.182845403184386149e-03 0.000000000000000000e+00 2.168831168831168721e-02 6.087662337662337955e-03 3.378378378378378566e-03 4.528601694915253967e-02 8.020532563362207934e-03 3.381374722838137448e-01 4.529156444612191142e-03 3.736991485335856150e-02 2.976995940460080980e-03 3.800581265369997602e-03 2.012578616352201158e-03 3.971859885680785462e-02 6.500397983550012908e-03 0.000000000000000000e+00 0.000000000000000000e+00 1.879769216452633479e-02 8.888888888888888881e-03 0.000000000000000000e+00 2.180232558139534853e-03 0.000000000000000000e+00 0.000000000000000000e+00 9.410599306587419041e-03 6.693440428380187162e-04 1.687898089171974494e-02 1.578699340245051999e-02 4.904364884747425095e-03 7.787649446089722240e-03 1.668752607425949075e-03 0.000000000000000000e+00 3.408606731998295534e-03 0.000000000000000000e+00 5.405405405405405489e-04 0.000000000000000000e+00 3.115264797507788074e-03 0.000000000000000000e+00 1.239310943115627672e-04 0.000000000000000000e+00 2.330097087378640939e-03 1.166452816983553080e-04 0.000000000000000000e+00 0.000000000000000000e+00 3.679736074102271486e-03 0.000000000000000000e+00 1.830043209353554232e-02 0.000000000000000000e+00 1.212121212121212120e-03 0.000000000000000000e+00 6.388848555249020296e-03 0.000000000000000000e+00 5.081300813008129968e-03 0.000000000000000000e+00 4.281911815762064893e-03 1.097574360662934934e-04 1.115053218449062362e-02 0.000000000000000000e+00 1.068185864340395232e-02 0.000000000000000000e+00 1.782242384964355039e-02 0.000000000000000000e+00 2.319978584813063311e-03 4.111842105263157666e-04 1.328021248339973344e-03 2.430133657351154369e-04 6.611954165376277004e-02 5.812826971517147433e-04 2.414248021108179529e-02 2.609546591279765081e-03 7.309941520467835852e-03 0.000000000000000000e+00 3.311827956989247396e-02 5.359056806002143562e-03 0.000000000000000000e+00 0.000000000000000000e+00 1.099665924276169333e-02 0.000000000000000000e+00 1.715265866209262410e-03 0.000000000000000000e+00 2.175582288200665626e-02 0.000000000000000000e+00 1.986097318768619609e-03 0.000000000000000000e+00 2.122370936902485614e-02 0.000000000000000000e+00 0.000000000000000000e+00 0.000000000000000000e+00 0.000000000000000000e+00 9.970089730807576468e-04 2.518891687657430663e-03 4.784688995215310818e-03 0.000000000000000000e+00 0.000000000000000000e+00 0.000000000000000000e+00 0.000000000000000000e+00 0.000000000000000000e+00 0.000000000000000000e+00 0.000000000000000000e+00 0.000000000000000000e+00 4.156275976724854606e-04 6.872852233676976464e-04 0.000000000000000000e+00 0.000000000000000000e+00 0.000000000000000000e+00 0.000000000000000000e+00 0.000000000000000000e+00 0.000000000000000000e+00 0.000000000000000000e+00 0.000000000000000000e+00 0.000000000000000000e+00 0.000000000000000000e+00
6.493506493506493935e-03 1.499999999999999944e-01 7.792207792207792201e-03 1.103896103896103847e-01 5.194805194805194801e-04 2.077922077922077920e-03 2.168831168831168721e-02 0.000000000000000000e+00 4.058441558441558709e-04 6.306306306306305731e-02 1.218220338983050897e-02 1.270452358036573692e-01 3.695491500369549147e-03 3.625212304208341174e-01 1.892147587511825921e-03 8.660351826792964114e-02 3.129890453834115877e-03 1.534591194968553535e-02 1.157848453759343331e-02 2.042982223401432901e-02 0.000000000000000000e+00 0.000000000000000000e+00 1.879769216452633479e-02 5.000000000000000104e-03 0.000000000000000000e+00 0.000000000000000000e+00 0.000000000000000000e+00 0.000000000000000000e+00 2.476473501733531327e-03 9.817045961624274938e-03 1.847133757961783376e-02 8.246936852026390263e-03 1.307830635932646663e-03 2.522759679719205686e-03 0.000000000000000000e+00 4.570383912248628870e-04 8.521516829995738835e-04 7.707129094412331315e-03 0.000000000000000000e+00 4.170141784820683740e-04 0.000000000000000000e+00 0.000000000000000000e+00 0.000000000000000000e+00 0.000000000000000000e+00 0.000000000000000000e+00 1.283098098681908225e-03 0.000000000000000000e+00 1.589067217543302108e-04 2.537749016622255823e-04 5.500946884299756298e-03 8.472422265525714387e-05 8.053802723347724263e-03 0.000000000000000000e+00 5.500550055005500255e-04 0.000000000000000000e+00 1.788908765652951708e-03 0.000000000000000000e+00 8.185985592665357552e-03 2.314546927438953931e-04 6.695203600043902852e-03 3.378949146815340607e-04 2.193722578467769205e-02 1.780309773900658828e-04 9.084167593622544112e-03 0.000000000000000000e+00 1.755282890252215372e-02 2.676898367091995836e-04 6.373355263157894600e-03 0.000000000000000000e+00 3.159173754556500544e-03 1.083926912356766772e-03 2.906413485758574042e-02 1.978891820580475081e-03 5.425682287702511541e-02 4.873294346978557234e-04 4.154549231408392125e-04 7.096774193548387524e-03 7.802786709539120957e-02 0.000000000000000000e+00 0.000000000000000000e+00 1.391982182628062300e-04 8.835758835758836249e-03 0.000000000000000000e+00 0.000000000000000000e+00 0.000000000000000000e+00 1.952900631820792682e-02 0.000000000000000000e+00 0.000000000000000000e+00 0.000000000000000000e+00 7.322175732217573244e-03 2.867794665901921285e-04 1.653803748621830239e-03 0.000000000000000000e+00 0.000000000000000000e+00 2.518891687657430663e-03 2.870813397129186664e-02 0.000000000000000000e+00 0.000000000000000000e+00 0.000000000000000000e+00 8.051529790660225420e-04 0.000000000000000000e+00 0.000000000000000000e+00 0.000000000000000000e+00 1.817080557238037611e-03 4.156275976724854606e-04 0.000000000000000000e+00 0.000000000000000000e+00 0.000000000000000000e+00 0.000000000000000000e+00 0.000000000000000000e+00 0.000000000000000000e+00 0.000000000000000000e+00 0.000000000000000000e+00 0.000000000000000000e+00 0.000000000000000000e+00 0.000000000000000000e+00
8.116883116883117418e-04 0.000000000000000000e+00 1.217532467532467504e-03 1.623376623376623484e-03 4.188311688311688319e-01 1.623376623376623484e-03 6.087662337662337955e-03 4.058441558441558709e-04 0.000000000000000000e+00 1.126126126126126116e-03 5.296610169491525405e-04 0.000000000000000000e+00 2.014042867701404393e-02 0.000000000000000000e+00 4.001892147587511883e-01 0.000000000000000000e+00 2.235636038452939989e-04 0.000000000000000000e+00 0.000000000000000000e+00 0.000000000000000000e+00 0.000000000000000000e+00 0.000000000000000000e+00 3.722315280104224883e-04 2.777777777777777775e-04 5.059021922428330251e-03 0.000000000000000000e+00 5.608912792931233099e-02 0.000000000000000000e+00 1.163942545814759810e-02 0.000000000000000000e+00 0.000000000000000000e+00 7.068803016022620535e-04 0.000000000000000000e+00 0.000000000000000000e+00 0.000000000000000000e+00 0.000000000000000000e+00 0.000000000000000000e+00 0.000000000000000000e+00 0.000000000000000000e+00 0.000000000000000000e+00 0.000000000000000000e+00 0.000000000000000000e+00 0.000000000000000000e+00 0.000000000000000000e+00 0.000000000000000000e+00 0.000000000000000000e+00 0.000000000000000000e+00 0.000000000000000000e+00 0.000000000000000000e+00 0.000000000000000000e+00 8.472422265525714387e-05 0.000000000000000000e+00 0.000000000000000000e+00 0.000000000000000000e+00 2.904022070567736252e-04 0.000000000000000000e+00 0.000000000000000000e+00 0.000000000000000000e+00 0.000000000000000000e+00 1.097574360662934934e-04 1.689474573407670304e-04 0.000000000000000000e+00 3.560619547801317656e-04 0.000000000000000000e+00 1.620220349967595608e-04 0.000000000000000000e+00 0.000000000000000000e+00 0.000000000000000000e+00 0.000000000000000000e+00 0.000000000000000000e+00 2.322700526478785939e-03 0.000000000000000000e+00 2.598944591029023893e-02 0.000000000000000000e+00 2.436647173489278617e-03 0.000000000000000000e+00 1.075268817204301074e-03 0.000000000000000000e+00 0.000000000000000000e+00 0.000000000000000000e+00 1.391982182628062300e-04 0.000000000000000000e+00 0.000000000000000000e+00 0.000000000000000000e+00 4.265847623922873564e-04 0.000000000000000000e+00 0.000000000000000000e+00 0.000000000000000000e+00 5.736137667304015524e-04 0.000000000000000000e+00 0.000000000000000000e+00 0.000000000000000000e+00 0.000000000000000000e+00 0.000000000000000000e+00 0.000000000000000000e+00 0.000000000000000000e+00 0.000000000000000000e+00 0.000000000000000000e+00 0.000000000000000000e+00 0.000000000000000000e+00 0.000000000000000000e+00 0.000000000000000000e+00 0.000000000000000000e+00 0.000000000000000000e+00 0.000000000000000000e+00 0.000000000000000000e+00 0.000000000000000000e+00 0.000000000000000000e+00 0.000000000000000000e+00 0.000000000000000000e+00 0.000000000000000000e+00 0.000000000000000000e+00 0.000000000000000000e+00 0.000000000000000000e+00 0.000000000000000000e+00 0.000000000000000000e+00
0.000000000000000000e+00 7.882882882882882164e-03 2.252252252252252233e-03 5.630630630630630365e-03 2.252252252252252233e-03 2.522522522522522292e-01 3.378378378378378566e-03 6.306306306306305731e-02 1.126126126126126116e-03 0.000000000000000000e+00 0.000000000000000000e+00 6.095604748155277440e-03 1.847745750184774573e-04 5.661445555765238927e-04 1.419110690633869441e-03 8.930987821380242941e-02 0.000000000000000000e+00 2.515723270440251447e-04 0.000000000000000000e+00 3.979835500132661340e-04 0.000000000000000000e+00 0.000000000000000000e+00 1.116694584031267465e-03 0.000000000000000000e+00 0.000000000000000000e+00 0.000000000000000000e+00 0.000000000000000000e+00 0.000000000000000000e+00 0.000000000000000000e+00 8.924587237840250417e-03 1.592356687898089252e-03 2.356267672007539998e-04 0.000000000000000000e+00 0.000000000000000000e+00 0.000000000000000000e+00 0.000000000000000000e+00 0.000000000000000000e+00 3.211303789338471200e-04 0.000000000000000000e+00 0.000000000000000000e+00 0.000000000000000000e+00 0.000000000000000000e+00 0.000000000000000000e+00 0.000000000000000000e+00 0.000000000000000000e+00 0.000000000000000000e+00 0.000000000000000000e+00 1.589067217543302108e-04 0.000000000000000000e+00 1.803589142393362916e-04 0.000000000000000000e+00 0.000000000000000000e+00 0.000000000000000000e+00 0.000000000000000000e+00 0.000000000000000000e+00 0.000000000000000000e+00 0.000000000000000000e+00 7.640253219820999355e-04 0.000000000000000000e+00 0.000000000000000000e+00 0.000000000000000000e+00 3.374957813027337121e-04 0.000000000000000000e+00 9.269558769002595768e-04 0.000000000000000000e+00 1.704158145875937357e-04 0.000000000000000000e+00 1.027960526315789417e-04 0.000000000000000000e+00 0.000000000000000000e+00 1.548467017652523960e-04 5.425305173416004705e-03 1.319261213720316576e-04 7.719908665869305159e-03 0.000000000000000000e+00 7.062733693394266342e-03 2.150537634408602149e-04 3.215434083601286137e-03 0.000000000000000000e+00 0.000000000000000000e+00 0.000000000000000000e+00 1.819126819126819228e-03 0.000000000000000000e+00 1.345895020188425315e-03 0.000000000000000000e+00 7.658433850277618360e-04 0.000000000000000000e+00 0.000000000000000000e+00 0.000000000000000000e+00 4.482964734010759273e-04 0.000000000000000000e+00 5.512679162072767463e-04 0.000000000000000000e+00 0.000000000000000000e+00 0.000000000000000000e+00 4.784688995215310818e-03 0.000000000000000000e+00 0.000000000000000000e+00 0.000000000000000000e+00 0.000000000000000000e+00 0.000000000000000000e+00 0.000000000000000000e+00 0.000000000000000000e+00 6.056935190793458343e-04 0.000000000000000000e+00 0.000000000000000000e+00 0.000000000000000000e+00 0.000000000000000000e+00 0.000000000000000000e+00 0.000000000000000000e+00 0.000000000000000000e+00 0.000000000000000000e+00 0.000000000000000000e+00 0.000000000000000000e+00 0.000000000000000000e+00 0.000000000000000000e+00
2.523834745762711940e-01 1.588983050847457730e-03 5.455508474576271222e-02 2.648305084745762594e-03 0.000000000000000000e+00 0.000000000000000000e+00 4.528601694915253967e-02 1.218220338983050897e-02 5.296610169491525405e-04 0.000000000000000000e+00 0.000000000000000000e+00 2.887391722810394440e-03 1.498521803399852081e-01 3.774297037176825771e-04 2.365184484389782401e-03 0.000000000000000000e+00 6.773977196512408205e-02 7.547169811320754342e-04 2.652792026967609393e-02 1.193950650039798294e-03 0.000000000000000000e+00 0.000000000000000000e+00 9.864135492276195072e-03 8.333333333333333868e-04 0.000000000000000000e+00 0.000000000000000000e+00 0.000000000000000000e+00 0.000000000000000000e+00 7.924715205547300245e-02 0.000000000000000000e+00 4.458598726114649559e-03 9.425070688030159991e-04 6.212195520680072192e-03 1.535592848524734103e-03 4.171881518564872688e-04 0.000000000000000000e+00 8.521516829995738835e-04 3.211303789338471200e-04 0.000000000000000000e+00 0.000000000000000000e+00 0.000000000000000000e+00 0.000000000000000000e+00 0.000000000000000000e+00 0.000000000000000000e+00 5.177993527508090253e-04 0.000000000000000000e+00 0.000000000000000000e+00 0.000000000000000000e+00 7.613247049866768553e-04 0.000000000000000000e+00 2.202829789036685713e-03 0.000000000000000000e+00 3.030303030303030300e-04 0.000000000000000000e+00 2.904022070567736252e-04 0.000000000000000000e+00 4.645760743321718927e-03 0.000000000000000000e+00 1.851637541951163144e-03 0.000000000000000000e+00 7.095793208312215113e-03 0.000000000000000000e+00 5.518960299092041770e-03 0.000000000000000000e+00 1.150356448476992817e-02 0.000000000000000000e+00 3.212278040510395220e-03 2.055921052631578833e-04 9.960159362549800624e-04 0.000000000000000000e+00 1.889129761536079144e-02 0.000000000000000000e+00 2.638522427440633152e-03 1.087311079699902208e-04 9.746588693957114469e-04 0.000000000000000000e+00 6.451612903225806446e-03 1.286173633440514498e-03 1.129943502824858797e-03 0.000000000000000000e+00 8.212694877505567759e-03 0.000000000000000000e+00 0.000000000000000000e+00 0.000000000000000000e+00 6.142820578448937412e-03 0.000000000000000000e+00 0.000000000000000000e+00 0.000000000000000000e+00 3.824091778202676727e-03 0.000000000000000000e+00 0.000000000000000000e+00 0.000000000000000000e+00 0.000000000000000000e+00 0.000000000000000000e+00 0.000000000000000000e+00 0.000000000000000000e+00 0.000000000000000000e+00 0.000000000000000000e+00 0.000000000000000000e+00 0.000000000000000000e+00 0.000000000000000000e+00 0.000000000000000000e+00 0.000000000000000000e+00 0.000000000000000000e+00 0.000000000000000000e+00 0.000000000000000000e+00 0.000000000000000000e+00 1.275510204081632551e-03 0.000000000000000000e+00 0.000000000000000000e+00 0.000000000000000000e+00 0.000000000000000000e+00 0.000000000000000000e+00 0.000000000000000000e+00 0.000000000000000000e+00 0.000000000000000000e+00
3.208213025344882892e-04 6.095604748155277613e-02 2.566570420275906313e-03 9.335899903753609730e-02 0.000000000000000000e+00 0.000000000000000000e+00 8.020532563362207934e-03 1.270452358036573692e-01 0.000000000000000000e+00 6.095604748155277440e-03 2.887391722810394440e-03 0.000000000000000000e+00 1.847745750184774573e-04 1.462540101906019963e-01 0.000000000000000000e+00 3.951285520974289617e-02 4.471272076905879979e-04 4.603773584905660604e-02 1.172504763300600888e-03 2.573626956752454384e-02 0.000000000000000000e+00 0.000000000000000000e+00 3.722315280104224883e-04 7.222222222222221891e-03 0.000000000000000000e+00 0.000000000000000000e+00 0.000000000000000000e+00 0.000000000000000000e+00 7.429420505200593980e-04 7.652833556448014607e-02 9.554140127388535079e-04 1.885014137606031998e-03 0.000000000000000000e+00 2.522759679719205686e-03 0.000000000000000000e+00 0.000000000000000000e+00 8.521516829995738835e-04 3.211303789338471200e-04 0.000000000000000000e+00 0.000000000000000000e+00 0.000000000000000000e+00 0.000000000000000000e+00 0.000000000000000000e+00 0.000000000000000000e+00 0.000000000000000000e+00 1.166452816983553080e-04 0.000000000000000000e+00 0.000000000000000000e+00 0.000000000000000000e+00 5.410767427180088749e-04 0.000000000000000000e+00 5.812022583859183028e-04 0.000000000000000000e+00 1.375137513751375064e-04 0.000000000000000000e+00 3.252561392096276079e-04 0.000000000000000000e+00 2.946954813359528493e-03 0.000000000000000000e+00 1.756118977060695894e-03 0.000000000000000000e+00 2.699966250421869697e-03 0.000000000000000000e+00 9.825732295142750733e-03 0.000000000000000000e+00 3.408316291751874606e-03 8.922994556973319906e-05 2.055921052631578833e-03 1.660026560424966680e-04 2.187120291616038905e-03 0.000000000000000000e+00 5.812826971517147433e-04 1.319261213720316576e-04 4.023050994889637924e-03 4.873294346978557234e-04 0.000000000000000000e+00 6.451612903225806446e-04 1.286173633440514498e-03 0.000000000000000000e+00 7.662835249042145198e-03 0.000000000000000000e+00 1.377338877338877415e-02 0.000000000000000000e+00 0.000000000000000000e+00 0.000000000000000000e+00 1.005169442848937410e-02 0.000000000000000000e+00 1.273885350318471272e-03 0.000000000000000000e+00 1.105797967722653950e-02 0.000000000000000000e+00 0.000000000000000000e+00 0.000000000000000000e+00 0.000000000000000000e+00 0.000000000000000000e+00 0.000000000000000000e+00 0.000000000000000000e+00 0.000000000000000000e+00 0.000000000000000000e+00 0.000000000000000000e+00 0.000000000000000000e+00 0.000000000000000000e+00 0.000000000000000000e+00 0.000000000000000000e+00 0.000000000000000000e+00 0.000000000000000000e+00 0.000000000000000000e+00 0.000000000000000000e+00 0.000000000000000000e+00 0.000000000000000000e+00 0.000000000000000000e+00 0.000000000000000000e+00 0.000000000000000000e+00 0.000000000000000000e+00 0.000000000000000000e+00 0.000000000000000000e+00
5.968218773096822111e-02 0.000000000000000000e+00 7.982261640798225810e-02 2.032520325203252248e-03 1.847745750184774573e-04 9.238728750923872867e-04 3.381374722838137448e-01 3.695491500369549147e-03 2.014042867701404393e-02 1.847745750184774573e-04 1.498521803399852081e-01 1.847745750184774573e-04 0.000000000000000000e+00 1.698433666729571570e-03 2.043519394512771925e-01 0.000000000000000000e+00 7.824726134585289691e-03 0.000000000000000000e+00 5.715960721090429519e-03 1.326611833377553599e-04 0.000000000000000000e+00 0.000000000000000000e+00 1.749488181648985521e-02 2.500000000000000052e-03 0.000000000000000000e+00 0.000000000000000000e+00 0.000000000000000000e+00 0.000000000000000000e+00 1.119366022783556264e-01 2.231146809460062387e-04 5.095541401273885086e-03 5.183788878416588537e-03 9.808729769494851057e-04 9.871668311944717996e-04 0.000000000000000000e+00 0.000000000000000000e+00 2.556455048998721759e-03 0.000000000000000000e+00 0.000000000000000000e+00 0.000000000000000000e+00 3.115264797507788074e-03 0.000000000000000000e+00 0.000000000000000000e+00 0.000000000000000000e+00 0.000000000000000000e+00 0.000000000000000000e+00 1.791472590469365684e-04 0.000000000000000000e+00 0.000000000000000000e+00 0.000000000000000000e+00 2.202829789036685713e-03 0.000000000000000000e+00 0.000000000000000000e+00 0.000000000000000000e+00 1.016407724698707715e-03 0.000000000000000000e+00 4.210220673635307886e-03 0.000000000000000000e+00 6.943640782316861521e-04 0.000000000000000000e+00 5.406318634904544972e-03 0.000000000000000000e+00 8.011393982552964671e-03 0.000000000000000000e+00 1.344782890473104377e-02 0.000000000000000000e+00 7.138395645578655925e-04 0.000000000000000000e+00 4.980079681274900312e-04 2.430133657351154369e-04 1.532982347475998763e-02 0.000000000000000000e+00 1.437994722955145133e-02 5.436555398499510767e-04 3.411306042884990064e-03 0.000000000000000000e+00 9.677419354838710103e-03 2.143622722400857316e-04 1.129943502824858797e-03 0.000000000000000000e+00 1.071826280623608060e-02 0.000000000000000000e+00 0.000000000000000000e+00 0.000000000000000000e+00 1.109120382219947083e-02 0.000000000000000000e+00 0.000000000000000000e+00 0.000000000000000000e+00 4.015296367112810433e-03 0.000000000000000000e+00 0.000000000000000000e+00 0.000000000000000000e+00 0.000000000000000000e+00 0.000000000000000000e+00 0.000000000000000000e+00 0.000000000000000000e+00 0.000000000000000000e+00 0.000000000000000000e+00 0.000000000000000000e+00 0.000000000000000000e+00 0.000000000000000000e+00 0.000000000000000000e+00 0.000000000000000000e+00 0.000000000000000000e+00 0.000000000000000000e+00 0.000000000000000000e+00 0.000000000000000000e+00 0.000000000000000000e+00 0.000000000000000000e+00 0.000000000000000000e+00 0.000000000000000000e+00 0.000000000000000000e+00 0.000000000000000000e+00 0.000000000000000000e+00 0.000000000000000000e+00 0.000000000000000000e+00
