0.000000000000000000e+00 1.464390313593828125e-02 3.935496256479170674e-02 3.135123837391577163e-03 1.851540144756774970e-03 0.000000000000000000e+00 1.040685224839400375e-01 2.456834777861188843e-03 4.103306782524740459e-03 0.000000000000000000e+00 2.280701754385964786e-01 2.405773857257417769e-03 4.038504093826067454e-02 3.171247357293868730e-04 1.709401709401709400e-03 0.000000000000000000e+00 1.310413552566019046e-01 2.072896873380549159e-03 9.370112327598464907e-02 2.739726027397260122e-02 0.000000000000000000e+00 0.000000000000000000e+00 1.839080459770114874e-03 0.000000000000000000e+00 0.000000000000000000e+00 0.000000000000000000e+00 0.000000000000000000e+00 0.000000000000000000e+00 4.087566273302548070e-02 2.334062727935813219e-03 1.560332871012482621e-03 1.593117731400350455e-04 9.186181912278431477e-03 1.629701060752169681e-02 5.146680391147710190e-04 0.000000000000000000e+00 3.841565258888093859e-02 1.899335232668566097e-03 0.000000000000000000e+00 6.983240223463687375e-04 6.287425149700598404e-02 0.000000000000000000e+00 1.357220412595005490e-04 0.000000000000000000e+00 0.000000000000000000e+00 9.393199323689648949e-05 0.000000000000000000e+00 0.000000000000000000e+00 1.766160367361356359e-04 1.173846695621551771e-04 1.608313744896696729e-03 0.000000000000000000e+00 2.976190476190476459e-04 1.689474573407670304e-04 8.724100327153762021e-04 0.000000000000000000e+00 3.577805006126378307e-01 3.029806747461513163e-03 2.464289608548686158e-02 8.828351620633118806e-04 7.781362687416967794e-02 1.647175094712567830e-04 6.501324343847821041e-03 1.260080645161290288e-04 4.941531497548094787e-02 3.963011889035667249e-04 6.357103372028744849e-03 1.651982378854625596e-03 1.059740259740259705e-01 1.666666666666666644e-02 8.309932397295892448e-02 3.119612511288071682e-03 1.722696103027262018e-02 1.119194180190263106e-03 0.000000000000000000e+00 0.000000000000000000e+00 1.050175029171528523e-01 4.052836985890122777e-03 6.346967559943582186e-03 0.000000000000000000e+00 4.609972097537304130e-03 2.462750892747198419e-04 0.000000000000000000e+00 0.000000000000000000e+00 2.999484118210627229e-02 1.660302174995849193e-04 2.608242044861763050e-04 0.000000000000000000e+00 1.650584052818689779e-02 0.000000000000000000e+00 1.000500250125062459e-03 4.372540445999125607e-04 1.419782300047326036e-03 0.000000000000000000e+00 3.065395095367847572e-02 1.659292035398230065e-03 1.335113484646194889e-03 0.000000000000000000e+00 8.517887563884156844e-04 0.000000000000000000e+00 3.036437246963562785e-03 1.145475372279496041e-03 1.154734411085450328e-03 1.476232654266312417e-03 4.106776180698152104e-03 0.000000000000000000e+00 0.000000000000000000e+00 0.000000000000000000e+00 0.000000000000000000e+00 0.000000000000000000e+00 0.000000000000000000e+00 9.107468123861566477e-04 0.000000000000000000e+00 0.000000000000000000e+00 0.000000000000000000e+00 0.000000000000000000e+00
1.464390313593828125e-02 0.000000000000000000e+00 1.343827990017277705e-03 9.781586372661719986e-02 1.683218313415250022e-04 1.006441223832528096e-03 1.713062098501070586e-03 1.360131031188152595e-01 0.000000000000000000e+00 4.603828446813665841e-03 2.339181286549707700e-04 1.491579791499599017e-01 0.000000000000000000e+00 7.822410147991542759e-03 0.000000000000000000e+00 7.069635913750442176e-04 1.494768310911808720e-03 5.786837104854033326e-02 2.900611403384046466e-02 5.981386594165011283e-02 0.000000000000000000e+00 5.219206680584550628e-04 1.149425287356321796e-04 9.283327144448570364e-04 0.000000000000000000e+00 2.254791431792559141e-04 0.000000000000000000e+00 2.708559046587215454e-04 1.026167265264238014e-03 2.334062727935813306e-02 1.386962552011095735e-03 3.186235462800700909e-04 9.703713287618062275e-03 2.439729990356798509e-02 0.000000000000000000e+00 6.605019815059445234e-04 1.431639226914817407e-03 6.514719848053181217e-02 0.000000000000000000e+00 1.047486033519553009e-02 0.000000000000000000e+00 8.298755186721991708e-03 0.000000000000000000e+00 8.748906386701661719e-05 0.000000000000000000e+00 5.635919594213789369e-04 0.000000000000000000e+00 0.000000000000000000e+00 0.000000000000000000e+00 2.112924052118793188e-03 3.711493257453915779e-04 3.396264109479572510e-03 0.000000000000000000e+00 8.447372867038350705e-04 0.000000000000000000e+00 8.128834355828220767e-03 3.413267985296691669e-03 2.901244677366524582e-01 1.090393632101188497e-03 3.619624164459579047e-02 2.846840007591573316e-04 5.534508318234228341e-02 7.223693715386467944e-04 2.343750000000000000e-02 7.544322897019992364e-04 3.328929986789960077e-02 1.934770591487009481e-03 7.378854625550660545e-03 2.441558441558441470e-02 8.363095238095237527e-02 1.664066562662506500e-03 8.414744273869140256e-02 6.690081953503929958e-04 1.385002797985450396e-02 0.000000000000000000e+00 0.000000000000000000e+00 3.617269544924154191e-03 6.439507655358750471e-02 7.052186177715091559e-04 0.000000000000000000e+00 0.000000000000000000e+00 1.625415589213151032e-02 0.000000000000000000e+00 0.000000000000000000e+00 3.684869924091679818e-04 3.602855719740993140e-02 0.000000000000000000e+00 2.011397921555481069e-03 2.539360081259522386e-04 3.057001735415832214e-02 5.002501250625312514e-03 3.935286401399212992e-03 2.839564600094652072e-03 3.201707577374599770e-03 9.536784741144414476e-03 1.659292035398230239e-02 6.675567423230974445e-04 0.000000000000000000e+00 2.555366269165246836e-03 2.710027100271002708e-03 6.072874493927125569e-03 3.436426116838487907e-03 2.309468822170900656e-03 2.361972246826099867e-03 0.000000000000000000e+00 1.737921445950643077e-03 0.000000000000000000e+00 9.363295880149812836e-04 0.000000000000000000e+00 0.000000000000000000e+00 0.000000000000000000e+00 0.000000000000000000e+00 0.000000000000000000e+00 1.926782273603082829e-03 0.000000000000000000e+00 0.000000000000000000e+00
3.935496256479170674e-02 1.343827990017277705e-03 0.000000000000000000e+00 4.389173372348207508e-03 7.002188183807439570e-02 2.818035426731078843e-03 2.451820128479657301e-01 8.462430901521872731e-03 5.286024619840695021e-02 4.846135207172279878e-03 2.736842105263158006e-02 3.528468323977546062e-03 5.045364018588183175e-02 6.659619450317125038e-03 1.636141636141636227e-02 3.534817956875220980e-03 6.228201295465869702e-03 8.637070305752288886e-04 9.853547561495805407e-02 5.019345393704904325e-03 0.000000000000000000e+00 0.000000000000000000e+00 2.017241379310344696e-01 1.318232454511696940e-02 1.644126226465128515e-02 6.087936865839909707e-03 1.866729678638941528e-02 5.417118093174430908e-04 2.172054044809303835e-02 3.063457330415754985e-03 2.912621359223301065e-02 1.354150071690297941e-02 1.500840988484926884e-02 4.532304725168755793e-03 1.544004117344312949e-03 0.000000000000000000e+00 3.101884991648770976e-03 0.000000000000000000e+00 0.000000000000000000e+00 0.000000000000000000e+00 7.485029940119760500e-03 0.000000000000000000e+00 0.000000000000000000e+00 0.000000000000000000e+00 1.734304543877904941e-04 9.393199323689648949e-05 3.963535473642489288e-04 1.268874508311127912e-04 1.766160367361356359e-04 0.000000000000000000e+00 2.474328838302610519e-03 0.000000000000000000e+00 5.952380952380952918e-04 0.000000000000000000e+00 4.362050163576881010e-04 1.533742331288343648e-04 2.538071065989847518e-03 8.188666885031116362e-05 6.433322429397012737e-03 0.000000000000000000e+00 1.233630669956348527e-03 1.647175094712567830e-04 7.223693715386467944e-04 1.260080645161290288e-04 5.658242172764994110e-03 0.000000000000000000e+00 1.861065045144646990e-02 1.101321585903083748e-04 6.233766233766233761e-03 2.976190476190476459e-04 3.203328133125325078e-02 3.858468106066825342e-03 5.485867201873222826e-02 2.937884722999440246e-03 0.000000000000000000e+00 0.000000000000000000e+00 4.049008168028004478e-02 3.152206544581206797e-03 2.820874471086036624e-03 0.000000000000000000e+00 3.639451655950503260e-03 1.231375446373599210e-04 0.000000000000000000e+00 0.000000000000000000e+00 5.306212690692018591e-03 0.000000000000000000e+00 5.216484089723526099e-04 0.000000000000000000e+00 3.809040121889283904e-03 0.000000000000000000e+00 5.002501250625312297e-04 0.000000000000000000e+00 9.465215333648840240e-04 3.557452863749555180e-04 8.174386920980925703e-03 5.530973451327433552e-04 6.675567423230974445e-04 0.000000000000000000e+00 0.000000000000000000e+00 0.000000000000000000e+00 0.000000000000000000e+00 0.000000000000000000e+00 3.849114703618167579e-04 2.952465308532624833e-04 0.000000000000000000e+00 0.000000000000000000e+00 0.000000000000000000e+00 0.000000000000000000e+00 0.000000000000000000e+00 0.000000000000000000e+00 0.000000000000000000e+00 0.000000000000000000e+00 0.000000000000000000e+00 0.000000000000000000e+00 0.000000000000000000e+00 0.000000000000000000e+00
3.135123837391577163e-03 9.781586372661719986e-02 4.389173372348207508e-03 0.000000000000000000e+00 1.009930988049149905e-03 1.871980676328502402e-02 4.782298358315489190e-03 1.460451784617484428e-01 4.827419744146753768e-04 1.696147322510297914e-02 2.105263157894736795e-03 2.117080994386527637e-02 2.102235007745076323e-03 4.217758985200845828e-02 7.326007326007326001e-04 1.572993990809473316e-02 1.245640259093173897e-03 1.675591639315944167e-02 5.971847006967154897e-03 1.077067865732510704e-01 0.000000000000000000e+00 0.000000000000000000e+00 9.080459770114943097e-03 1.754548830300779738e-01 2.651816494298594659e-04 1.533258173618940248e-02 4.725897920604915062e-04 2.708559046587215454e-04 1.026167265264238014e-03 3.238512035010941009e-02 5.374479889042996054e-03 2.246296001274494109e-02 2.199508345193427420e-03 1.388621022179363507e-02 5.146680391147710190e-04 2.642007926023778094e-03 0.000000000000000000e+00 2.773029439696106380e-02 0.000000000000000000e+00 4.539106145251397065e-03 0.000000000000000000e+00 1.037344398340248964e-03 0.000000000000000000e+00 8.748906386701661719e-05 0.000000000000000000e+00 2.724027803869998304e-03 0.000000000000000000e+00 1.268874508311127912e-04 0.000000000000000000e+00 6.690926165042845528e-03 0.000000000000000000e+00 5.294176405953450806e-03 0.000000000000000000e+00 5.068423720223010640e-04 0.000000000000000000e+00 1.380368098159509256e-03 2.625590757920532345e-04 1.711431378971503547e-02 3.271180896303565707e-04 4.552907050069365802e-02 3.795786676788764241e-04 5.929830340965244403e-03 2.407897905128822467e-04 8.820564516129032013e-04 5.658242172764994544e-04 1.070013210039630173e-02 7.370554634236226336e-04 2.984581497797356847e-02 1.558441558441558440e-03 2.202380952380952536e-02 3.432137285491419602e-03 2.315080863640095118e-02 1.170764341863187851e-03 4.644655847789591618e-02 0.000000000000000000e+00 1.369863013698630061e-01 3.383897316219369993e-03 7.280096067247072977e-02 0.000000000000000000e+00 1.404494382022471871e-03 1.213150551983501087e-04 1.108237901736239478e-03 0.000000000000000000e+00 9.389671361502347196e-04 2.947895939273343421e-04 2.822513697492943629e-03 0.000000000000000000e+00 0.000000000000000000e+00 0.000000000000000000e+00 4.672273394740355211e-03 2.501250625312656257e-03 4.372540445999125607e-04 2.839564600094652072e-03 7.114905727499110360e-04 8.174386920980925703e-03 4.424778761061946841e-03 6.675567423230974445e-04 0.000000000000000000e+00 1.703577512776831369e-03 6.775067750677506769e-04 0.000000000000000000e+00 0.000000000000000000e+00 1.154734411085450328e-03 8.857395925597874500e-04 1.540041067761807039e-03 6.951685783802572308e-04 0.000000000000000000e+00 0.000000000000000000e+00 0.000000000000000000e+00 0.000000000000000000e+00 0.000000000000000000e+00 1.821493624772313295e-03 0.000000000000000000e+00 0.000000000000000000e+00 0.000000000000000000e+00 0.000000000000000000e+00
1.851540144756774970e-03 1.683218313415250022e-04 7.002188183807439570e-02 1.009930988049149905e-03 0.000000000000000000e+00 3.623188405797101493e-03 8.351177730192720083e-03 4.094724629768648253e-04 3.193338160753077526e-01 2.907681124303368014e-03 9.356725146198830801e-04 0.000000000000000000e+00 1.051117503872538161e-02 2.114164904862579153e-04 2.151404151404151532e-01 5.302226935312831903e-04 7.473841554559043599e-04 0.000000000000000000e+00 1.279681501492961702e-03 0.000000000000000000e+00 2.838605028386050402e-02 0.000000000000000000e+00 1.712643678160919586e-02 2.784998143334571109e-03 2.190400424290639136e-01 1.082299887260428431e-02 2.221172022684310132e-01 2.979414951245937162e-03 1.470839746878741319e-02 1.458789204959883262e-04 1.022884882108183145e-02 3.186235462800700909e-03 1.811359813688704972e-03 9.643201542912247176e-05 5.146680391147710190e-04 0.000000000000000000e+00 1.431639226914817407e-03 0.000000000000000000e+00 0.000000000000000000e+00 0.000000000000000000e+00 1.347305389221556925e-02 1.037344398340248964e-03 1.357220412595005490e-04 0.000000000000000000e+00 0.000000000000000000e+00 0.000000000000000000e+00 7.927070947284978577e-04 0.000000000000000000e+00 0.000000000000000000e+00 0.000000000000000000e+00 1.237164419151305260e-04 0.000000000000000000e+00 0.000000000000000000e+00 0.000000000000000000e+00 1.090512540894220334e-03 0.000000000000000000e+00 4.375984596534220213e-04 0.000000000000000000e+00 1.090393632101188524e-04 0.000000000000000000e+00 9.489466691971910602e-05 0.000000000000000000e+00 7.223693715386467944e-04 0.000000000000000000e+00 1.886080724254998091e-04 0.000000000000000000e+00 4.606596646397641596e-04 1.101321585903083748e-04 0.000000000000000000e+00 0.000000000000000000e+00 3.380135205408216215e-02 4.104753304326409823e-04 4.850309416290349285e-02 0.000000000000000000e+00 0.000000000000000000e+00 0.000000000000000000e+00 8.868144690781797762e-03 0.000000000000000000e+00 0.000000000000000000e+00 0.000000000000000000e+00 1.455780662380201304e-03 1.231375446373599210e-04 2.561475409836065382e-03 0.000000000000000000e+00 3.390080330164345259e-03 0.000000000000000000e+00 1.304121022430881688e-03 0.000000000000000000e+00 2.031488065007617909e-03 0.000000000000000000e+00 0.000000000000000000e+00 0.000000000000000000e+00 0.000000000000000000e+00 0.000000000000000000e+00 1.362397820163487689e-03 5.530973451327433552e-04 0.000000000000000000e+00 0.000000000000000000e+00 0.000000000000000000e+00 0.000000000000000000e+00 0.000000000000000000e+00 0.000000000000000000e+00 0.000000000000000000e+00 0.000000000000000000e+00 0.000000000000000000e+00 0.000000000000000000e+00 0.000000000000000000e+00 0.000000000000000000e+00 0.000000000000000000e+00 0.000000000000000000e+00 0.000000000000000000e+00 0.000000000000000000e+00 0.000000000000000000e+00 0.000000000000000000e+00 0.000000000000000000e+00 0.000000000000000000e+00
0.000000000000000000e+00 1.006441223832528096e-03 2.818035426731078843e-03 1.871980676328502402e-02 3.623188405797101493e-03 0.000000000000000000e+00 2.855103497501784672e-04 3.753497577287927267e-03 2.172338884866039169e-03 2.808335352556336484e-01 2.339181286549707700e-04 8.019246190858059231e-04 1.106439477760566564e-04 6.131078224101480303e-03 4.884004884004884001e-04 2.196889360197949725e-01 0.000000000000000000e+00 0.000000000000000000e+00 0.000000000000000000e+00 6.274181742131130406e-04 4.055150040551500079e-03 7.306889352818371312e-03 2.413793103448276002e-03 1.485332343111771258e-02 6.099177936886767716e-03 2.047350620067643623e-01 1.417769376181474573e-03 1.072589382448537326e-01 0.000000000000000000e+00 2.042304886943836773e-02 5.547850208044382940e-03 5.575912059901226916e-03 0.000000000000000000e+00 9.643201542912247176e-04 0.000000000000000000e+00 1.321003963011889047e-03 0.000000000000000000e+00 3.798670465337131760e-04 0.000000000000000000e+00 0.000000000000000000e+00 0.000000000000000000e+00 0.000000000000000000e+00 0.000000000000000000e+00 0.000000000000000000e+00 0.000000000000000000e+00 9.393199323689648949e-05 0.000000000000000000e+00 2.537749016622255823e-04 0.000000000000000000e+00 0.000000000000000000e+00 0.000000000000000000e+00 9.989012086704625109e-05 0.000000000000000000e+00 0.000000000000000000e+00 0.000000000000000000e+00 3.067484662576687297e-04 0.000000000000000000e+00 0.000000000000000000e+00 0.000000000000000000e+00 0.000000000000000000e+00 0.000000000000000000e+00 0.000000000000000000e+00 0.000000000000000000e+00 0.000000000000000000e+00 0.000000000000000000e+00 2.642007926023777985e-04 0.000000000000000000e+00 4.405286343612334994e-04 0.000000000000000000e+00 0.000000000000000000e+00 1.456058242329693296e-03 2.167309744684344300e-02 1.672520488375982490e-04 4.043088975937324941e-02 0.000000000000000000e+00 0.000000000000000000e+00 1.166861143523920715e-04 3.752626838787151073e-03 0.000000000000000000e+00 0.000000000000000000e+00 0.000000000000000000e+00 1.231375446373599210e-04 0.000000000000000000e+00 3.129890453834115551e-04 0.000000000000000000e+00 4.150755437489622984e-04 0.000000000000000000e+00 3.352329869259135296e-04 0.000000000000000000e+00 5.339741022560405429e-04 0.000000000000000000e+00 0.000000000000000000e+00 0.000000000000000000e+00 0.000000000000000000e+00 0.000000000000000000e+00 1.106194690265486710e-03 0.000000000000000000e+00 0.000000000000000000e+00 0.000000000000000000e+00 0.000000000000000000e+00 0.000000000000000000e+00 0.000000000000000000e+00 0.000000000000000000e+00 0.000000000000000000e+00 0.000000000000000000e+00 0.000000000000000000e+00 0.000000000000000000e+00 0.000000000000000000e+00 0.000000000000000000e+00 0.000000000000000000e+00 0.000000000000000000e+00 0.000000000000000000e+00 2.336448598130840947e-03 0.000000000000000000e+00 0.000000000000000000e+00 0.000000000000000000e+00
1.040685224839400375e-01 1.713062098501070586e-03 2.451820128479657301e-01 4.782298358315489190e-03 8.351177730192720083e-03 2.855103497501784672e-04 0.000000000000000000e+00 1.637889851907459171e-02 1.052377504223992316e-01 1.453840562151684007e-03 1.522807017543859609e-01 5.132317562149157908e-03 2.828059305156008230e-01 8.139534883720930120e-03 1.514041514041514040e-02 2.120890774125132761e-03 1.270553064275037336e-02 1.727414061150457777e-03 4.123418171477321453e-02 1.254836348426226038e-02 0.000000000000000000e+00 0.000000000000000000e+00 4.206896551724138150e-02 1.596732268845154137e-02 7.955449482895783977e-04 2.029312288613303091e-03 1.181474480151228738e-03 0.000000000000000000e+00 2.685137677441423038e-02 5.835156819839533264e-03 1.733703190013869549e-02 1.354150071690297941e-02 5.692845128735929232e-03 9.064609450337511587e-03 1.029336078229542038e-03 0.000000000000000000e+00 3.101884991648770976e-03 7.597340930674263519e-04 1.003009027081243733e-03 0.000000000000000000e+00 1.497005988023952187e-03 0.000000000000000000e+00 1.357220412595005490e-04 0.000000000000000000e+00 6.937218175511619764e-04 9.393199323689648949e-05 1.981767736821244644e-04 0.000000000000000000e+00 5.298481102084069347e-04 1.173846695621551771e-04 2.721761722132871354e-03 0.000000000000000000e+00 5.952380952380952918e-04 1.689474573407670304e-04 4.580152671755725359e-03 0.000000000000000000e+00 1.076492210747418202e-02 0.000000000000000000e+00 8.177952240758913291e-03 2.522386177323748075e-04 2.362877206301005825e-02 0.000000000000000000e+00 2.407897905128822576e-03 0.000000000000000000e+00 3.564692568841946324e-02 0.000000000000000000e+00 1.133222775013819836e-02 3.303964757709250974e-04 1.558441558441558440e-03 0.000000000000000000e+00 8.070722828913157176e-02 8.291601674739348601e-03 3.328315771868205208e-02 3.497481813094571908e-03 0.000000000000000000e+00 1.369863013698630061e-02 4.795799299883313910e-02 6.604623236265386166e-03 9.873060648801128616e-03 0.000000000000000000e+00 9.583889360669659019e-03 1.231375446373599210e-04 1.024590163934426283e-03 0.000000000000000000e+00 4.340776770579998778e-02 0.000000000000000000e+00 2.608242044861763050e-04 0.000000000000000000e+00 3.199593702386998445e-02 0.000000000000000000e+00 0.000000000000000000e+00 8.745080891998251215e-04 4.732607666824420120e-04 0.000000000000000000e+00 8.174386920980925703e-03 5.530973451327433552e-04 0.000000000000000000e+00 0.000000000000000000e+00 0.000000000000000000e+00 0.000000000000000000e+00 0.000000000000000000e+00 0.000000000000000000e+00 0.000000000000000000e+00 2.952465308532624833e-04 5.133470225872690130e-04 0.000000000000000000e+00 0.000000000000000000e+00 0.000000000000000000e+00 0.000000000000000000e+00 0.000000000000000000e+00 0.000000000000000000e+00 0.000000000000000000e+00 2.336448598130840947e-03 0.000000000000000000e+00 0.000000000000000000e+00 0.000000000000000000e+00
2.456834777861188843e-03 1.360131031188152595e-01 8.462430901521872731e-03 1.460451784617484428e-01 4.094724629768648253e-04 3.753497577287927267e-03 1.637889851907459171e-02 0.000000000000000000e+00 1.448225923244025968e-03 7.463048219045310960e-02 1.146198830409356738e-02 1.775461106655974453e-01 7.634432396547909117e-03 3.396405919661733552e-01 9.768009768009768001e-04 2.562743018734535069e-02 3.986048829098156297e-03 1.986526170323026433e-02 2.530925636286079916e-02 2.917494510090975698e-02 0.000000000000000000e+00 0.000000000000000000e+00 2.655172413793103342e-02 2.487931674712216823e-02 1.060726597719437864e-03 2.931228861330327073e-03 7.088846880907372864e-04 2.979414951245937162e-03 2.907473918248674408e-03 4.201312910284463881e-02 1.837725381414701681e-02 3.871276087302851637e-02 8.668650536938802414e-03 7.810993249758919725e-03 0.000000000000000000e+00 0.000000000000000000e+00 2.386065378191362435e-04 4.748338081671414808e-03 0.000000000000000000e+00 6.983240223463687375e-04 0.000000000000000000e+00 0.000000000000000000e+00 0.000000000000000000e+00 8.748906386701661719e-05 0.000000000000000000e+00 5.166259628029306814e-03 0.000000000000000000e+00 3.806623524933384277e-04 0.000000000000000000e+00 5.399694799859138146e-03 0.000000000000000000e+00 9.389671361502347630e-03 0.000000000000000000e+00 4.561581348200709901e-03 0.000000000000000000e+00 1.104294478527607405e-02 2.625590757920532345e-04 6.796593514575827340e-03 4.361574528404754095e-04 1.412536259301299009e-02 2.846840007591573316e-04 1.976610113655081699e-02 0.000000000000000000e+00 1.386088709677419425e-03 1.886080724254998091e-04 2.179656538969616808e-02 7.370554634236226336e-04 1.729074889867841455e-02 2.597402597402597400e-04 2.083333333333333304e-03 1.476859074362974443e-02 8.841638617519087529e-02 3.679545074427161694e-03 3.875209848908785920e-02 0.000000000000000000e+00 5.479452054794520244e-02 6.534422403733955789e-03 3.347343140198138361e-02 7.052186177715091559e-04 0.000000000000000000e+00 0.000000000000000000e+00 3.447851249846077895e-03 0.000000000000000000e+00 1.251956181533646221e-03 2.210921954455007837e-04 2.274613979744313438e-02 0.000000000000000000e+00 1.676164934629567485e-03 2.539360081259522386e-04 3.203844613536243474e-02 1.000500250125062459e-03 0.000000000000000000e+00 4.732607666824420120e-04 3.557452863749555180e-04 1.362397820163487689e-03 1.659292035398230065e-03 0.000000000000000000e+00 1.051524710830704489e-03 0.000000000000000000e+00 0.000000000000000000e+00 0.000000000000000000e+00 0.000000000000000000e+00 3.849114703618167579e-04 2.952465308532624833e-04 5.133470225872690130e-04 0.000000000000000000e+00 0.000000000000000000e+00 0.000000000000000000e+00 0.000000000000000000e+00 0.000000000000000000e+00 0.000000000000000000e+00 0.000000000000000000e+00 0.000000000000000000e+00 0.000000000000000000e+00 0.000000000000000000e+00 0.000000000000000000e+00
4.103306782524740459e-03 0.000000000000000000e+00 5.286024619840695021e-02 4.827419744146753768e-04 3.193338160753077526e-01 2.172338884866039169e-03 1.052377504223992316e-01 1.448225923244025968e-03 0.000000000000000000e+00 1.696147322510298044e-03 5.614035087719297830e-03 0.000000000000000000e+00 6.041159548572692939e-02 0.000000000000000000e+00 1.785103785103785146e-01 1.767408978437610544e-04 2.491280518186347686e-04 0.000000000000000000e+00 2.843736669984359578e-04 0.000000000000000000e+00 0.000000000000000000e+00 0.000000000000000000e+00 1.954022988505747013e-03 1.485332343111771215e-03 3.102625298329355491e-02 5.411499436302142155e-03 1.748582230623818567e-02 8.125677139761646904e-04 8.380365999657943959e-03 0.000000000000000000e+00 5.201109570041609169e-03 1.593117731400350455e-03 7.762970630094448952e-04 0.000000000000000000e+00 0.000000000000000000e+00 0.000000000000000000e+00 7.158196134574087034e-04 0.000000000000000000e+00 0.000000000000000000e+00 0.000000000000000000e+00 2.994011976047904373e-03 0.000000000000000000e+00 0.000000000000000000e+00 0.000000000000000000e+00 0.000000000000000000e+00 0.000000000000000000e+00 5.945303210463733119e-04 0.000000000000000000e+00 0.000000000000000000e+00 0.000000000000000000e+00 1.237164419151305260e-04 0.000000000000000000e+00 0.000000000000000000e+00 0.000000000000000000e+00 2.181025081788440505e-04 0.000000000000000000e+00 4.375984596534220213e-04 0.000000000000000000e+00 0.000000000000000000e+00 0.000000000000000000e+00 1.233630669956348527e-03 0.000000000000000000e+00 4.815795810257644935e-04 0.000000000000000000e+00 1.886080724254998091e-04 0.000000000000000000e+00 9.213193292795282920e-05 0.000000000000000000e+00 2.597402597402597400e-04 0.000000000000000000e+00 1.404056162246489908e-02 4.925703965191691788e-04 2.742933600936611413e-02 0.000000000000000000e+00 0.000000000000000000e+00 0.000000000000000000e+00 7.001166861143524184e-03 1.501050735514860418e-04 0.000000000000000000e+00 0.000000000000000000e+00 3.154191435157102825e-03 0.000000000000000000e+00 2.561475409836065382e-03 0.000000000000000000e+00 2.726803743827842935e-03 0.000000000000000000e+00 7.824726134585289691e-04 0.000000000000000000e+00 1.142712036566785128e-03 0.000000000000000000e+00 0.000000000000000000e+00 0.000000000000000000e+00 0.000000000000000000e+00 0.000000000000000000e+00 6.811989100817438447e-04 5.530973451327433552e-04 0.000000000000000000e+00 0.000000000000000000e+00 0.000000000000000000e+00 0.000000000000000000e+00 0.000000000000000000e+00 0.000000000000000000e+00 0.000000000000000000e+00 0.000000000000000000e+00 0.000000000000000000e+00 0.000000000000000000e+00 0.000000000000000000e+00 0.000000000000000000e+00 0.000000000000000000e+00 0.000000000000000000e+00 0.000000000000000000e+00 0.000000000000000000e+00 0.000000000000000000e+00 0.000000000000000000e+00 0.000000000000000000e+00 0.000000000000000000e+00
0.000000000000000000e+00 4.603828446813665841e-03 4.846135207172279878e-03 1.696147322510297914e-02 2.907681124303368014e-03 2.808335352556336484e-01 1.453840562151684007e-03 7.463048219045310960e-02 1.696147322510298044e-03 0.000000000000000000e+00 2.339181286549707700e-04 4.811547714514835539e-03 7.745076344323965000e-04 3.995771670190274849e-02 2.442002442002442000e-04 1.663131848709791527e-01 0.000000000000000000e+00 1.381931248920366178e-03 0.000000000000000000e+00 8.365575656174840903e-04 8.110300081103001026e-04 0.000000000000000000e+00 4.022988505747126381e-03 7.055328629780913650e-03 1.060726597719437864e-02 9.244644870349491908e-03 1.890359168241966025e-03 4.523293607800649846e-02 0.000000000000000000e+00 1.663019693654266967e-02 7.454923717059639549e-03 6.691094471881472126e-03 2.587656876698149651e-04 6.750241080038572481e-04 0.000000000000000000e+00 0.000000000000000000e+00 0.000000000000000000e+00 0.000000000000000000e+00 0.000000000000000000e+00 3.491620111731843687e-04 0.000000000000000000e+00 0.000000000000000000e+00 0.000000000000000000e+00 0.000000000000000000e+00 0.000000000000000000e+00 0.000000000000000000e+00 0.000000000000000000e+00 1.268874508311127912e-04 0.000000000000000000e+00 0.000000000000000000e+00 0.000000000000000000e+00 4.994506043352312961e-04 0.000000000000000000e+00 0.000000000000000000e+00 0.000000000000000000e+00 7.668711656441717971e-04 0.000000000000000000e+00 8.188666885031116362e-05 2.180787264202377047e-04 1.261193088661874038e-04 0.000000000000000000e+00 6.588700378850271318e-04 0.000000000000000000e+00 2.520161290322580575e-04 0.000000000000000000e+00 1.321003963011888993e-04 9.213193292795282920e-05 4.405286343612334994e-04 0.000000000000000000e+00 5.952380952380952918e-04 1.976079043161726306e-03 1.879977013381495601e-02 3.345040976751964979e-04 3.245663122551762508e-02 0.000000000000000000e+00 0.000000000000000000e+00 2.333722287047841431e-04 8.105673971780245554e-03 0.000000000000000000e+00 0.000000000000000000e+00 1.213150551983501087e-04 6.156877231867996861e-04 0.000000000000000000e+00 1.877934272300469439e-03 7.369739848183358552e-05 1.079196413747301976e-03 0.000000000000000000e+00 6.704659738518270592e-04 0.000000000000000000e+00 1.868909357896141954e-03 0.000000000000000000e+00 4.372540445999125607e-04 0.000000000000000000e+00 0.000000000000000000e+00 1.362397820163487689e-03 5.530973451327433552e-04 0.000000000000000000e+00 0.000000000000000000e+00 0.000000000000000000e+00 0.000000000000000000e+00 0.000000000000000000e+00 0.000000000000000000e+00 0.000000000000000000e+00 0.000000000000000000e+00 0.000000000000000000e+00 0.000000000000000000e+00 0.000000000000000000e+00 0.000000000000000000e+00 0.000000000000000000e+00 0.000000000000000000e+00 0.000000000000000000e+00 0.000000000000000000e+00 0.000000000000000000e+00 0.000000000000000000e+00 0.000000000000000000e+00 0.000000000000000000e+00
2.280701754385964786e-01 2.339181286549707700e-04 2.736842105263158006e-02 2.105263157894736795e-03 9.356725146198830801e-04 2.339181286549707700e-04 1.522807017543859609e-01 1.146198830409356738e-02 5.614035087719297830e-03 2.339181286549707700e-04 0.000000000000000000e+00 1.764234161988773031e-03 9.482186324408055367e-02 4.228329809725158307e-04 5.616605616605616601e-03 3.534817956875221088e-04 5.181863477827603620e-02 1.727414061150457723e-04 1.791554102090146469e-02 1.882254522639339013e-03 8.110300081103001026e-04 0.000000000000000000e+00 1.034482758620689641e-02 1.856665428889714073e-03 0.000000000000000000e+00 2.254791431792559141e-04 2.362948960302457531e-04 0.000000000000000000e+00 4.805883358987515092e-02 5.835156819839533047e-04 7.108183079056865777e-03 1.593117731400350455e-03 4.269633846551947574e-03 9.643201542912247176e-04 1.029336078229542038e-03 0.000000000000000000e+00 7.158196134574087034e-04 0.000000000000000000e+00 0.000000000000000000e+00 0.000000000000000000e+00 1.497005988023952187e-03 0.000000000000000000e+00 0.000000000000000000e+00 8.748906386701661719e-05 0.000000000000000000e+00 0.000000000000000000e+00 0.000000000000000000e+00 0.000000000000000000e+00 0.000000000000000000e+00 0.000000000000000000e+00 4.948657676605221038e-04 0.000000000000000000e+00 0.000000000000000000e+00 0.000000000000000000e+00 2.181025081788440505e-04 0.000000000000000000e+00 2.275511990197794446e-03 0.000000000000000000e+00 6.542361792607131413e-04 0.000000000000000000e+00 1.518314670715505826e-02 0.000000000000000000e+00 6.019744762822056006e-03 0.000000000000000000e+00 6.978498679743492909e-03 1.321003963011888993e-04 2.211166390270867792e-03 0.000000000000000000e+00 5.194805194805194801e-04 0.000000000000000000e+00 9.880395215808631532e-03 1.641901321730563929e-03 1.839772537213580847e-03 5.595970900951315529e-04 0.000000000000000000e+00 1.369863013698630061e-02 1.073512252042006961e-02 1.200840588411888335e-03 1.410437235543018312e-03 0.000000000000000000e+00 4.609972097537304130e-03 0.000000000000000000e+00 0.000000000000000000e+00 0.000000000000000000e+00 8.475200825410863364e-03 0.000000000000000000e+00 2.608242044861763050e-04 0.000000000000000000e+00 2.920264093448450907e-03 1.334935255640101357e-04 0.000000000000000000e+00 0.000000000000000000e+00 0.000000000000000000e+00 0.000000000000000000e+00 2.724795640326975379e-03 5.530973451327433552e-04 0.000000000000000000e+00 0.000000000000000000e+00 0.000000000000000000e+00 0.000000000000000000e+00 0.000000000000000000e+00 0.000000000000000000e+00 0.000000000000000000e+00 0.000000000000000000e+00 5.133470225872690130e-04 0.000000000000000000e+00 0.000000000000000000e+00 0.000000000000000000e+00 0.000000000000000000e+00 0.000000000000000000e+00 0.000000000000000000e+00 0.000000000000000000e+00 0.000000000000000000e+00 1.926782273603082829e-03 0.000000000000000000e+00 0.000000000000000000e+00
2.405773857257417769e-03 1.491579791499599017e-01 3.528468323977546062e-03 2.117080994386527637e-02 0.000000000000000000e+00 8.019246190858059231e-04 5.132317562149157908e-03 1.775461106655974453e-01 0.000000000000000000e+00 4.811547714514835539e-03 1.764234161988773031e-03 0.000000000000000000e+00 6.638636866563398572e-04 1.110993657505285476e-01 0.000000000000000000e+00 7.069635913750441959e-03 7.473841554559043599e-04 1.051995163240628806e-01 5.687473339968719156e-03 2.185506640175676960e-02 0.000000000000000000e+00 0.000000000000000000e+00 2.758620689655172202e-03 6.498329001113999255e-03 0.000000000000000000e+00 0.000000000000000000e+00 0.000000000000000000e+00 0.000000000000000000e+00 0.000000000000000000e+00 6.229029905178701948e-02 5.201109570041609169e-03 3.026923689660665755e-03 1.811359813688704972e-03 4.821600771456123480e-03 0.000000000000000000e+00 1.981505944517833462e-03 0.000000000000000000e+00 5.698005698005697639e-04 0.000000000000000000e+00 3.491620111731843687e-04 0.000000000000000000e+00 0.000000000000000000e+00 0.000000000000000000e+00 8.748906386701661719e-05 0.000000000000000000e+00 2.817959797106894685e-04 0.000000000000000000e+00 0.000000000000000000e+00 0.000000000000000000e+00 9.390773564972414167e-04 0.000000000000000000e+00 1.098791329537508830e-03 0.000000000000000000e+00 1.689474573407670304e-04 0.000000000000000000e+00 1.380368098159509256e-03 0.000000000000000000e+00 5.158860137569603634e-03 0.000000000000000000e+00 1.513431706394249062e-03 1.897893338394382120e-04 7.082852907264042264e-03 0.000000000000000000e+00 1.108870967741935540e-02 0.000000000000000000e+00 4.623513870541611989e-03 2.763957987838584741e-04 1.872246696035242183e-03 0.000000000000000000e+00 5.952380952380952918e-04 1.872074882995319921e-03 2.339709383466053588e-02 3.345040976751964979e-04 5.875769445998880493e-03 0.000000000000000000e+00 0.000000000000000000e+00 1.283547257876312651e-03 3.152206544581206797e-03 0.000000000000000000e+00 1.123595505617977497e-02 0.000000000000000000e+00 3.829577638221894065e-02 0.000000000000000000e+00 3.129890453834115551e-04 0.000000000000000000e+00 1.818030881620454758e-02 0.000000000000000000e+00 1.340931947703654118e-03 1.269680040629761193e-04 2.149245761580563172e-02 0.000000000000000000e+00 0.000000000000000000e+00 0.000000000000000000e+00 3.557452863749555180e-04 2.043596730245231426e-03 0.000000000000000000e+00 0.000000000000000000e+00 0.000000000000000000e+00 0.000000000000000000e+00 0.000000000000000000e+00 0.000000000000000000e+00 0.000000000000000000e+00 0.000000000000000000e+00 2.952465308532624833e-04 0.000000000000000000e+00 0.000000000000000000e+00 0.000000000000000000e+00 0.000000000000000000e+00 0.000000000000000000e+00 0.000000000000000000e+00 0.000000000000000000e+00 0.000000000000000000e+00 0.000000000000000000e+00 0.000000000000000000e+00 0.000000000000000000e+00 0.000000000000000000e+00
4.038504093826067454e-02 0.000000000000000000e+00 5.045364018588183175e-02 2.102235007745076323e-03 1.051117503872538161e-02 1.106439477760566564e-04 2.828059305156008230e-01 7.634432396547909117e-03 6.041159548572692939e-02 7.745076344323965000e-04 9.482186324408055367e-02 6.638636866563398572e-04 0.000000000000000000e+00 1.902748414376321346e-03 2.510378510378510342e-01 1.590668080593849463e-03 1.121076233183856442e-02 0.000000000000000000e+00 7.393715341959334469e-03 8.365575656174840903e-04 0.000000000000000000e+00 0.000000000000000000e+00 3.321839080459770138e-02 7.983661344225770687e-03 7.955449482895783977e-04 2.254791431792559087e-03 1.181474480151228738e-03 0.000000000000000000e+00 1.405849153412006280e-01 8.752735229759300113e-04 1.664355062413314795e-02 7.487653337581647028e-03 4.916548065726484770e-03 1.060752169720347244e-03 0.000000000000000000e+00 0.000000000000000000e+00 1.431639226914817407e-03 0.000000000000000000e+00 0.000000000000000000e+00 0.000000000000000000e+00 0.000000000000000000e+00 0.000000000000000000e+00 1.357220412595005490e-04 0.000000000000000000e+00 0.000000000000000000e+00 0.000000000000000000e+00 3.963535473642489288e-04 0.000000000000000000e+00 0.000000000000000000e+00 0.000000000000000000e+00 2.474328838302610519e-04 0.000000000000000000e+00 0.000000000000000000e+00 0.000000000000000000e+00 2.181025081788440505e-04 0.000000000000000000e+00 2.450551374059163449e-03 0.000000000000000000e+00 8.723149056809508190e-04 0.000000000000000000e+00 2.049724805465932831e-02 0.000000000000000000e+00 6.260534553334938523e-03 0.000000000000000000e+00 8.487363259147491165e-03 0.000000000000000000e+00 2.303298323198820635e-03 0.000000000000000000e+00 1.818181818181818180e-03 0.000000000000000000e+00 4.430577223088923849e-02 1.723996387817092234e-03 2.291353069075096130e-02 8.393956351426972752e-04 0.000000000000000000e+00 0.000000000000000000e+00 1.948658109684947570e-02 9.006304413089161968e-04 7.757404795486600932e-03 0.000000000000000000e+00 1.552832706538881391e-02 0.000000000000000000e+00 0.000000000000000000e+00 0.000000000000000000e+00 1.584494067359422040e-02 0.000000000000000000e+00 5.216484089723526099e-04 0.000000000000000000e+00 4.951752158456068816e-03 1.334935255640101357e-04 0.000000000000000000e+00 0.000000000000000000e+00 0.000000000000000000e+00 0.000000000000000000e+00 2.724795640326975379e-03 0.000000000000000000e+00 0.000000000000000000e+00 0.000000000000000000e+00 0.000000000000000000e+00 0.000000000000000000e+00 0.000000000000000000e+00 0.000000000000000000e+00 0.000000000000000000e+00 0.000000000000000000e+00 0.000000000000000000e+00 0.000000000000000000e+00 0.000000000000000000e+00 0.000000000000000000e+00 0.000000000000000000e+00 0.000000000000000000e+00 0.000000000000000000e+00 0.000000000000000000e+00 0.000000000000000000e+00 0.000000000000000000e+00 1.865671641791044741e-03 0.000000000000000000e+00
