0.000000000000000000e+00 3.077530084829354848e-02 6.660293180369662724e-02 5.038065382892969492e-03 6.030150753768843963e-03 1.773993258825616451e-04 5.714954912753249933e-02 4.422392406428648365e-03 4.424778761061946841e-03 0.000000000000000000e+00 2.169926650366748033e-01 6.252605252188411702e-04 3.832691634581729401e-02 1.638538423726036285e-04 2.042205582028590750e-03 0.000000000000000000e+00 1.062765691422855735e-01 3.773584905660377388e-03 4.250746268656716703e-02 3.134715025906735508e-02 0.000000000000000000e+00 0.000000000000000000e+00 1.663339986693280039e-03 2.334812047630165836e-04 0.000000000000000000e+00 0.000000000000000000e+00 3.022061045633121779e-04 0.000000000000000000e+00 5.336426914153132028e-02 1.607247223845704358e-03 3.445729756337681526e-03 1.744287458573172780e-04 5.448504983388704516e-03 1.235818476499189571e-02 0.000000000000000000e+00 0.000000000000000000e+00 1.017013232514177717e-01 1.646284101599247490e-03 0.000000000000000000e+00 0.000000000000000000e+00 2.515723270440251708e-02 0.000000000000000000e+00 0.000000000000000000e+00 0.000000000000000000e+00 1.892863903085368097e-04 0.000000000000000000e+00 0.000000000000000000e+00 0.000000000000000000e+00 3.284611594678929361e-04 0.000000000000000000e+00 1.038129426603279400e-02 1.079796998164345151e-04 2.174858634188777881e-03 0.000000000000000000e+00 1.938401895326297662e-03 0.000000000000000000e+00 3.041338582677165503e-01 3.117085525034092933e-03 2.013542409123307217e-02 1.983733386232890399e-03 8.471841213490398370e-02 2.486943546381497261e-04 2.188183807439824866e-03 1.848428835489833563e-04 2.354940519543578456e-02 2.060156571899464362e-04 2.614732666125687416e-03 3.800354699771978681e-04 7.232629831633863304e-02 3.673576489110469585e-03 6.958595274225015670e-02 1.963093835885355355e-04 4.015215553677092125e-02 2.041693531055233015e-03 5.351681957186544061e-03 0.000000000000000000e+00 4.713275726630007656e-02 1.030320871357079740e-03 4.862236628849271082e-03 0.000000000000000000e+00 6.440532417346501006e-04 0.000000000000000000e+00 1.461988304093567170e-03 0.000000000000000000e+00 1.315295001878992801e-02 0.000000000000000000e+00 7.674597083653108111e-04 0.000000000000000000e+00 9.631591620515290303e-03 0.000000000000000000e+00 1.331912626531699551e-03 1.854427445526193700e-03 7.964954201513341171e-04 0.000000000000000000e+00 2.683178534571723298e-02 0.000000000000000000e+00 0.000000000000000000e+00 0.000000000000000000e+00 2.290076335877862680e-03 1.133786848072562388e-03 0.000000000000000000e+00 0.000000000000000000e+00 8.987417615338525725e-04 5.065856129685917262e-04 2.446982055464926378e-03 0.000000000000000000e+00 0.000000000000000000e+00 0.000000000000000000e+00 0.000000000000000000e+00 0.000000000000000000e+00 1.968503937007873988e-03 0.000000000000000000e+00 7.407407407407407690e-03 1.869158878504672975e-03 0.000000000000000000e+00 0.000000000000000000e+00
3.077530084829354848e-02 0.000000000000000000e+00 5.417463352453791813e-03 5.385132109270040351e-02 0.000000000000000000e+00 3.547986517651232903e-04 3.513291954561424246e-03 7.776938841548916570e-02 0.000000000000000000e+00 2.500000000000000052e-03 0.000000000000000000e+00 8.545227177990830092e-02 0.000000000000000000e+00 1.359986891692610209e-02 0.000000000000000000e+00 1.389274798555154315e-03 4.751187796949237103e-03 9.155908639523337167e-02 3.570149253731343120e-02 7.733160621761657472e-02 0.000000000000000000e+00 0.000000000000000000e+00 0.000000000000000000e+00 4.669624095260331673e-04 0.000000000000000000e+00 0.000000000000000000e+00 0.000000000000000000e+00 0.000000000000000000e+00 3.163889474794347092e-03 3.594389246054938841e-02 1.476741324144720561e-03 8.721437292865864442e-04 2.299003322259136201e-02 1.590356564019448915e-02 4.161464835622139219e-04 0.000000000000000000e+00 4.914933837429111101e-03 1.091251175917215405e-01 0.000000000000000000e+00 8.669046404895462341e-03 0.000000000000000000e+00 1.333333333333333419e-02 1.936483346243222426e-04 0.000000000000000000e+00 1.892863903085368097e-04 6.163328197226502526e-04 0.000000000000000000e+00 0.000000000000000000e+00 4.926917392018393500e-04 1.866832607342874904e-03 3.880857669544969632e-04 1.004211208292840954e-02 0.000000000000000000e+00 2.146434533746720882e-03 2.153779883695886412e-04 2.784481158344161676e-03 4.921259842519684971e-03 2.803428794077537645e-01 1.425516749821810480e-03 2.658202737552073022e-02 6.454736162659351247e-04 3.780154190499875749e-02 0.000000000000000000e+00 9.057301293900185679e-03 2.427773731488225338e-04 9.064688916357643844e-03 1.532774321521954662e-03 2.280212819863187100e-03 3.130187336969409567e-02 6.402519023878247562e-02 1.951008020810752162e-03 5.594817432273262864e-02 2.958579881656804664e-03 3.986675263271007713e-02 7.645259938837920552e-04 1.698670605612998680e-02 2.042419481539669863e-03 6.579334707094494639e-02 0.000000000000000000e+00 0.000000000000000000e+00 0.000000000000000000e+00 1.255965837729213852e-03 0.000000000000000000e+00 0.000000000000000000e+00 0.000000000000000000e+00 9.258401999814832792e-03 0.000000000000000000e+00 0.000000000000000000e+00 2.407897905128822467e-04 5.487736588643744862e-03 2.663825253063398886e-04 5.099675475197033327e-03 0.000000000000000000e+00 3.456221198156682241e-03 2.063983488132094778e-03 7.086614173228346358e-02 0.000000000000000000e+00 0.000000000000000000e+00 7.633587786259541904e-04 2.267573696145124777e-03 0.000000000000000000e+00 1.324503311258278145e-03 0.000000000000000000e+00 2.279635258358662497e-03 4.078303425774877839e-04 6.315789473684210384e-03 0.000000000000000000e+00 0.000000000000000000e+00 0.000000000000000000e+00 0.000000000000000000e+00 1.968503937007873988e-03 5.319148936170212637e-03 0.000000000000000000e+00 3.738317757009345949e-03 3.846153846153846367e-03 6.097560975609756309e-03
6.660293180369662724e-02 5.417463352453791813e-03 0.000000000000000000e+00 9.964173757277206001e-03 5.326633165829145616e-02 3.547986517651233011e-03 2.526056915329664143e-01 1.747384316686441744e-02 2.900688298918387489e-02 2.500000000000000052e-03 5.226161369193153827e-02 5.835764902042517299e-03 8.540427021351067183e-02 6.881861379649353155e-03 4.322668481960517672e-02 3.612114476243401089e-03 1.550387596899224785e-02 1.787487586891757779e-03 9.444776119402985282e-02 7.901554404145078384e-03 1.078748651564185451e-03 0.000000000000000000e+00 1.994344644045242809e-01 8.872285780994630666e-03 2.436598707110890216e-02 4.270696452036793454e-03 1.783016016923541849e-02 8.896797153024910577e-04 3.733389580257329837e-02 1.315020455873758091e-03 1.845926655180900669e-02 2.319902319902319987e-02 1.315614617940199377e-02 6.179092382495947854e-03 1.248439450686641711e-03 0.000000000000000000e+00 3.175803402646502904e-02 7.055503292568203683e-04 0.000000000000000000e+00 0.000000000000000000e+00 0.000000000000000000e+00 0.000000000000000000e+00 9.682416731216111861e-04 0.000000000000000000e+00 1.325004732159757804e-03 0.000000000000000000e+00 4.602991944764096453e-04 0.000000000000000000e+00 4.105764493348661864e-03 1.555693839452395753e-04 6.597458038226447670e-03 0.000000000000000000e+00 5.219660722053066741e-03 0.000000000000000000e+00 2.584535860435063694e-03 0.000000000000000000e+00 1.115485564304461927e-02 2.922267679719462124e-04 2.066999287241625197e-02 1.190240031739734283e-03 1.129578828465386403e-02 0.000000000000000000e+00 2.188183807439824866e-03 0.000000000000000000e+00 4.855547462976450568e-03 0.000000000000000000e+00 1.370480569831394879e-02 5.067139599695971936e-04 1.375385345032013353e-02 5.247966413014956396e-04 5.343594190331671379e-02 2.355712603062426209e-03 6.029867568329106559e-02 3.546099290780141758e-03 7.645259938837920552e-04 7.385524372230428854e-04 8.091123330714847239e-02 4.415660877244627705e-03 3.241491085899513621e-03 0.000000000000000000e+00 1.717475311292400268e-03 0.000000000000000000e+00 0.000000000000000000e+00 0.000000000000000000e+00 5.386446198171113663e-03 0.000000000000000000e+00 7.674597083653108111e-04 0.000000000000000000e+00 2.167108114615940492e-03 0.000000000000000000e+00 1.065530101225359554e-03 1.854427445526193700e-03 0.000000000000000000e+00 1.152073732718894008e-03 3.611971104231165991e-02 2.624671916010498651e-03 8.077544426494346220e-04 0.000000000000000000e+00 0.000000000000000000e+00 3.401360544217686948e-03 0.000000000000000000e+00 1.324503311258278145e-03 2.995805871779508756e-04 5.065856129685917262e-04 2.039151712887438649e-03 0.000000000000000000e+00 0.000000000000000000e+00 0.000000000000000000e+00 0.000000000000000000e+00 0.000000000000000000e+00 0.000000000000000000e+00 5.319148936170212637e-03 1.481481481481481538e-02 1.869158878504672975e-03 3.846153846153846367e-03 0.000000000000000000e+00
5.038065382892969492e-03 5.385132109270040351e-02 9.964173757277206001e-03 0.000000000000000000e+00 2.010050251256281610e-03 8.976405889657619597e-02 1.651247218643869460e-02 1.479883507712220769e-01 3.441494591937069910e-03 6.199999999999999956e-02 1.528117359413203036e-03 5.898290954564401611e-02 7.175358767938396637e-03 3.588399147960019686e-02 7.147719537100067841e-03 5.307029730480689045e-02 1.500375093773443410e-03 2.502482621648460803e-02 1.516417910447761218e-02 9.352331606217616222e-02 0.000000000000000000e+00 0.000000000000000000e+00 1.713240186294078676e-02 2.005603548914312306e-01 1.989060169070114206e-03 3.909329829172141640e-02 1.208824418253248711e-03 4.448398576512455939e-03 3.374815439780637014e-03 3.974284044418469053e-02 3.101156780703913374e-02 5.128205128205128027e-02 1.528239202657807362e-02 3.342787682333873273e-02 0.000000000000000000e+00 2.401372212692967547e-03 3.780718336483932158e-04 2.798682972718720754e-02 7.087172218284904564e-04 4.589495155532891113e-03 0.000000000000000000e+00 1.000000000000000021e-02 0.000000000000000000e+00 6.104260774020265875e-04 0.000000000000000000e+00 1.078582434514637834e-03 0.000000000000000000e+00 7.338103100348559657e-04 1.642305797339464681e-04 2.333540759178593521e-03 0.000000000000000000e+00 9.718172983479105411e-04 0.000000000000000000e+00 0.000000000000000000e+00 0.000000000000000000e+00 7.425283088917765265e-04 0.000000000000000000e+00 8.571985193843755998e-03 3.563791874554526201e-04 7.538186867684983430e-03 1.613684040664837812e-04 7.460830639144491782e-04 0.000000000000000000e+00 3.696857670979667126e-04 0.000000000000000000e+00 8.240626287597857449e-04 3.606527815345776026e-04 1.912845198885229289e-02 7.114062129475930835e-04 5.247966413014957046e-03 2.384565358768696991e-03 2.954456223007459817e-02 4.085657931811778262e-03 7.468300021491511287e-02 0.000000000000000000e+00 1.772525849335302925e-02 3.456402199528672576e-03 7.359434795407712726e-02 0.000000000000000000e+00 0.000000000000000000e+00 0.000000000000000000e+00 7.535795026375282681e-04 0.000000000000000000e+00 0.000000000000000000e+00 2.505323813102843791e-04 2.777520599944449382e-04 0.000000000000000000e+00 1.536098310291858678e-03 0.000000000000000000e+00 6.719677455482136455e-04 2.663825253063398886e-04 2.781641168289290551e-03 3.982477100756670585e-04 2.304147465437788016e-03 7.223942208462332155e-03 2.887139107611548516e-02 8.077544426494346220e-04 0.000000000000000000e+00 0.000000000000000000e+00 5.668934240362811725e-03 0.000000000000000000e+00 0.000000000000000000e+00 0.000000000000000000e+00 1.013171225937183452e-03 0.000000000000000000e+00 4.210526315789473589e-03 0.000000000000000000e+00 0.000000000000000000e+00 0.000000000000000000e+00 0.000000000000000000e+00 1.968503937007873988e-03 0.000000000000000000e+00 1.481481481481481538e-02 3.738317757009345949e-03 0.000000000000000000e+00 3.048780487804878155e-03
6.030150753768843963e-03 0.000000000000000000e+00 5.326633165829145616e-02 2.010050251256281610e-03 0.000000000000000000e+00 2.483590562355863195e-03 7.963461763672560756e-03 5.393161471254449358e-04 2.374631268436578069e-01 4.000000000000000083e-03 6.112469437652811709e-04 0.000000000000000000e+00 2.625131256562828006e-03 1.638538423726036285e-04 1.215112321307011550e-01 0.000000000000000000e+00 5.001250312578145061e-04 0.000000000000000000e+00 9.552238805970149566e-04 0.000000000000000000e+00 1.143473570658036648e-01 0.000000000000000000e+00 2.661343978709248062e-02 1.400887228578099556e-03 6.713078070611636083e-02 6.570302233902759227e-03 1.997582351163493530e-01 4.448398576512455939e-03 2.678759755325880662e-02 0.000000000000000000e+00 1.599803101156780857e-02 4.535147392290249553e-03 2.126245847176079853e-03 0.000000000000000000e+00 0.000000000000000000e+00 0.000000000000000000e+00 0.000000000000000000e+00 0.000000000000000000e+00 2.126151665485471152e-03 0.000000000000000000e+00 0.000000000000000000e+00 0.000000000000000000e+00 0.000000000000000000e+00 0.000000000000000000e+00 0.000000000000000000e+00 0.000000000000000000e+00 2.301495972382048226e-04 0.000000000000000000e+00 0.000000000000000000e+00 0.000000000000000000e+00 3.880857669544969632e-04 0.000000000000000000e+00 0.000000000000000000e+00 0.000000000000000000e+00 4.307559767391772824e-04 0.000000000000000000e+00 0.000000000000000000e+00 0.000000000000000000e+00 5.345687811831789302e-04 0.000000000000000000e+00 2.097789252864289047e-03 0.000000000000000000e+00 0.000000000000000000e+00 0.000000000000000000e+00 1.213886865744112642e-03 0.000000000000000000e+00 1.803263907672888013e-04 0.000000000000000000e+00 2.371354043158643702e-04 0.000000000000000000e+00 2.655538694992412574e-02 6.870828425598744012e-04 2.535925612848689836e-02 1.074575542660649005e-04 7.645259938837920552e-04 0.000000000000000000e+00 2.356637863315004088e-03 1.471886959081542641e-04 0.000000000000000000e+00 0.000000000000000000e+00 4.293688278231000671e-04 0.000000000000000000e+00 0.000000000000000000e+00 0.000000000000000000e+00 1.878992859827132572e-03 0.000000000000000000e+00 0.000000000000000000e+00 0.000000000000000000e+00 7.223693715386467944e-04 0.000000000000000000e+00 0.000000000000000000e+00 0.000000000000000000e+00 0.000000000000000000e+00 0.000000000000000000e+00 3.095975232198142600e-03 0.000000000000000000e+00 0.000000000000000000e+00 0.000000000000000000e+00 0.000000000000000000e+00 0.000000000000000000e+00 0.000000000000000000e+00 0.000000000000000000e+00 0.000000000000000000e+00 0.000000000000000000e+00 0.000000000000000000e+00 0.000000000000000000e+00 0.000000000000000000e+00 0.000000000000000000e+00 0.000000000000000000e+00 0.000000000000000000e+00 0.000000000000000000e+00 0.000000000000000000e+00 0.000000000000000000e+00 0.000000000000000000e+00 0.000000000000000000e+00 0.000000000000000000e+00
1.773993258825616451e-04 3.547986517651232903e-04 3.547986517651233011e-03 8.976405889657619597e-02 2.483590562355863195e-03 0.000000000000000000e+00 1.873755709099426264e-03 6.148204077230072159e-03 4.424778761061946841e-03 4.249999999999999889e-01 0.000000000000000000e+00 4.168403501458941315e-04 1.050052502625131289e-03 4.915615271178109397e-04 4.424778761061946841e-03 1.733814948596832384e-01 0.000000000000000000e+00 0.000000000000000000e+00 0.000000000000000000e+00 1.165803108808290047e-03 2.157497303128370902e-03 3.249630723781388175e-02 3.825681969394544284e-03 6.117207564791034280e-02 7.458975634012928596e-03 3.643232588699080177e-01 3.022061045633121779e-03 1.685943060498220625e-01 2.109259649862898134e-04 1.344243132670952696e-02 1.107555993108540540e-02 4.325832897261468885e-02 2.657807308970099817e-04 2.329821717990275456e-03 0.000000000000000000e+00 0.000000000000000000e+00 0.000000000000000000e+00 7.055503292568203683e-04 0.000000000000000000e+00 0.000000000000000000e+00 0.000000000000000000e+00 0.000000000000000000e+00 0.000000000000000000e+00 0.000000000000000000e+00 0.000000000000000000e+00 0.000000000000000000e+00 0.000000000000000000e+00 5.503577325261419743e-04 0.000000000000000000e+00 1.555693839452395753e-04 0.000000000000000000e+00 5.398984990821725349e-04 0.000000000000000000e+00 2.384927259718578577e-04 0.000000000000000000e+00 9.281603861147206310e-04 0.000000000000000000e+00 9.740892265731540415e-05 1.781895937277263101e-04 1.983733386232890291e-04 0.000000000000000000e+00 2.486943546381497261e-04 0.000000000000000000e+00 0.000000000000000000e+00 0.000000000000000000e+00 2.060156571899464362e-04 2.704895861509331884e-04 1.266784899923992930e-03 0.000000000000000000e+00 5.247966413014956396e-04 3.034901365705614668e-03 6.340793089909697866e-02 9.861932938856016271e-04 4.986030517945411883e-02 0.000000000000000000e+00 1.255539143279172862e-02 1.571091908876669229e-04 4.415660877244627705e-03 0.000000000000000000e+00 0.000000000000000000e+00 0.000000000000000000e+00 5.023863350916854759e-04 0.000000000000000000e+00 3.053435114503816761e-03 0.000000000000000000e+00 1.573928339968521479e-03 0.000000000000000000e+00 2.304147465437788016e-03 0.000000000000000000e+00 1.567924739612498687e-03 0.000000000000000000e+00 4.636068613815484251e-04 0.000000000000000000e+00 0.000000000000000000e+00 0.000000000000000000e+00 0.000000000000000000e+00 0.000000000000000000e+00 0.000000000000000000e+00 0.000000000000000000e+00 0.000000000000000000e+00 0.000000000000000000e+00 0.000000000000000000e+00 0.000000000000000000e+00 5.065856129685917262e-04 0.000000000000000000e+00 0.000000000000000000e+00 0.000000000000000000e+00 0.000000000000000000e+00 0.000000000000000000e+00 0.000000000000000000e+00 0.000000000000000000e+00 0.000000000000000000e+00 0.000000000000000000e+00 0.000000000000000000e+00 0.000000000000000000e+00 0.000000000000000000e+00
5.714954912753249933e-02 3.513291954561424246e-03 2.526056915329664143e-01 1.651247218643869460e-02 7.963461763672560756e-03 1.873755709099426264e-03 0.000000000000000000e+00 2.998597778017473778e-02 7.079646017699114946e-02 6.000000000000000125e-03 4.951100244498777420e-02 1.354731137974155876e-02 2.759887994399720101e-01 9.995084384728821283e-03 2.280462899931926316e-02 4.723534315087524367e-03 5.501375343835959025e-03 2.979145978152929631e-03 4.298507462686567034e-03 1.036269430051813510e-02 0.000000000000000000e+00 0.000000000000000000e+00 1.363938789088489645e-02 1.400887228578099469e-02 0.000000000000000000e+00 4.270696452036793454e-03 1.813236627379873067e-03 8.896797153024910577e-04 1.434296561906770774e-02 2.337814143775569699e-03 6.399212404627123083e-03 2.319902319902319987e-02 1.993355481727574537e-03 9.420583468395462776e-03 0.000000000000000000e+00 0.000000000000000000e+00 4.158790170132324777e-03 4.703668861712135608e-04 7.087172218284904564e-04 0.000000000000000000e+00 0.000000000000000000e+00 0.000000000000000000e+00 0.000000000000000000e+00 0.000000000000000000e+00 5.678591709256104562e-04 1.540832049306625632e-04 0.000000000000000000e+00 0.000000000000000000e+00 1.642305797339464572e-03 0.000000000000000000e+00 9.702144173862423809e-03 1.079796998164345151e-04 5.219660722053066741e-03 0.000000000000000000e+00 5.169071720870127389e-03 0.000000000000000000e+00 8.530183727034120617e-03 9.740892265731540415e-05 1.461154668567355742e-02 1.983733386232890291e-04 3.308052283362917373e-02 4.973887092762994521e-04 1.094091903719912433e-03 0.000000000000000000e+00 1.408108764263170734e-02 0.000000000000000000e+00 1.081958344603732754e-03 2.533569799847985968e-04 2.371354043158643756e-03 7.871949619522435136e-04 1.348363321049208807e-01 4.024342363564978667e-03 2.676810369118061417e-02 6.554910810229959243e-03 0.000000000000000000e+00 7.385524372230428854e-04 3.613511390416339342e-02 3.532528701795701904e-03 1.620745542949756810e-03 0.000000000000000000e+00 1.073422069557750059e-03 0.000000000000000000e+00 0.000000000000000000e+00 0.000000000000000000e+00 1.503194287861706058e-02 9.258401999814832629e-05 7.674597083653108111e-04 0.000000000000000000e+00 1.444738743077293545e-02 0.000000000000000000e+00 5.327650506126797771e-04 4.636068613815484251e-04 3.982477100756670585e-04 0.000000000000000000e+00 4.127966976264189555e-03 5.249343832020997302e-03 0.000000000000000000e+00 0.000000000000000000e+00 0.000000000000000000e+00 0.000000000000000000e+00 0.000000000000000000e+00 0.000000000000000000e+00 0.000000000000000000e+00 2.532928064842958631e-04 0.000000000000000000e+00 6.015037593984962115e-04 0.000000000000000000e+00 0.000000000000000000e+00 0.000000000000000000e+00 0.000000000000000000e+00 1.968503937007873988e-03 0.000000000000000000e+00 0.000000000000000000e+00 0.000000000000000000e+00 0.000000000000000000e+00 0.000000000000000000e+00
4.422392406428648365e-03 7.776938841548916570e-02 1.747384316686441744e-02 1.479883507712220769e-01 5.393161471254449358e-04 6.148204077230072159e-03 2.998597778017473778e-02 0.000000000000000000e+00 4.916420845624385741e-04 5.999999999999999778e-02 5.195599022004889628e-03 1.425593997498957877e-01 8.400420021001050314e-03 2.515156480419465934e-01 6.807351940095302499e-04 4.918032786885245811e-02 1.000250062515629012e-03 2.363455809334657348e-02 2.400000000000000050e-02 1.088082901554404160e-02 0.000000000000000000e+00 0.000000000000000000e+00 2.395209580838323499e-02 3.969180480971282003e-03 4.972650422675285514e-04 3.285151116951379830e-04 0.000000000000000000e+00 0.000000000000000000e+00 3.374815439780637014e-03 3.009935710111046048e-02 2.067437853802608916e-02 7.849293563579277239e-03 1.235880398671096274e-02 8.711507293354943046e-03 0.000000000000000000e+00 6.861063464837049205e-04 3.780718336483932158e-04 1.552210724365004658e-02 0.000000000000000000e+00 3.059663437021927553e-03 0.000000000000000000e+00 2.000000000000000042e-02 0.000000000000000000e+00 1.220852154804053229e-04 0.000000000000000000e+00 4.314329738058551335e-03 0.000000000000000000e+00 1.834525775087139914e-04 3.284611594678929361e-04 8.245177349097698033e-03 2.910643252158726818e-04 1.360544217687074779e-02 0.000000000000000000e+00 2.623419985690436489e-03 0.000000000000000000e+00 5.197698162242435360e-03 4.921259842519684971e-04 9.643483343074224848e-03 5.345687811831789302e-04 2.221781392580837039e-02 6.454736162659351247e-04 1.890077095249937875e-02 3.646973012399708290e-04 4.436229205175600335e-03 0.000000000000000000e+00 8.446641944787803072e-03 2.704895861509331884e-04 2.356219913858626641e-02 4.742708086317287404e-04 4.723169771713460648e-03 3.143290700195100658e-03 8.922261484098939488e-02 4.085657931811778262e-03 3.932946486137975373e-02 0.000000000000000000e+00 1.107828655834564198e-02 5.341712490180675760e-03 5.239917574330291150e-02 0.000000000000000000e+00 1.904761904761904760e-03 0.000000000000000000e+00 4.019090680733483807e-03 0.000000000000000000e+00 0.000000000000000000e+00 2.505323813102843791e-04 1.185075455976298577e-02 0.000000000000000000e+00 1.536098310291858678e-03 2.407897905128822467e-04 1.209541941986784670e-02 7.991475759190196657e-04 3.708854891052387401e-03 3.982477100756670585e-04 1.152073732718894008e-03 2.063983488132094778e-03 1.312335958005249326e-02 0.000000000000000000e+00 0.000000000000000000e+00 0.000000000000000000e+00 7.936507936507936067e-03 0.000000000000000000e+00 1.324503311258278145e-03 8.987417615338525725e-04 1.773049645390070879e-03 0.000000000000000000e+00 2.406015037593984846e-03 0.000000000000000000e+00 0.000000000000000000e+00 0.000000000000000000e+00 0.000000000000000000e+00 0.000000000000000000e+00 0.000000000000000000e+00 0.000000000000000000e+00 1.869158878504672975e-03 0.000000000000000000e+00 3.048780487804878155e-03
4.424778761061946841e-03 0.000000000000000000e+00 2.900688298918387489e-02 3.441494591937069910e-03 2.374631268436578069e-01 4.424778761061946841e-03 7.079646017699114946e-02 4.916420845624385741e-04 0.000000000000000000e+00 5.000000000000000104e-04 6.112469437652811709e-04 0.000000000000000000e+00 4.462723136156807741e-02 0.000000000000000000e+00 2.457454050374404397e-01 5.557099194220616392e-04 5.001250312578145061e-04 0.000000000000000000e+00 3.582089552238806223e-04 0.000000000000000000e+00 0.000000000000000000e+00 0.000000000000000000e+00 8.316699933466400194e-04 1.167406023815082891e-03 4.972650422675285514e-04 2.956636005256241956e-03 3.022061045633121779e-03 4.448398576512455288e-04 6.960556844547563515e-03 0.000000000000000000e+00 2.215111986217081167e-03 3.139717425431711329e-03 0.000000000000000000e+00 0.000000000000000000e+00 0.000000000000000000e+00 0.000000000000000000e+00 0.000000000000000000e+00 0.000000000000000000e+00 0.000000000000000000e+00 0.000000000000000000e+00 0.000000000000000000e+00 0.000000000000000000e+00 0.000000000000000000e+00 0.000000000000000000e+00 0.000000000000000000e+00 0.000000000000000000e+00 0.000000000000000000e+00 0.000000000000000000e+00 0.000000000000000000e+00 0.000000000000000000e+00 2.910643252158726818e-04 0.000000000000000000e+00 0.000000000000000000e+00 0.000000000000000000e+00 0.000000000000000000e+00 0.000000000000000000e+00 1.640419947506561657e-04 0.000000000000000000e+00 0.000000000000000000e+00 0.000000000000000000e+00 1.290947232531870249e-03 0.000000000000000000e+00 3.646973012399708290e-04 0.000000000000000000e+00 2.427773731488225338e-04 0.000000000000000000e+00 0.000000000000000000e+00 0.000000000000000000e+00 2.371354043158643702e-04 0.000000000000000000e+00 8.237589421200954345e-03 4.907734589713388116e-04 1.676528599605522571e-02 0.000000000000000000e+00 0.000000000000000000e+00 0.000000000000000000e+00 2.513747054202670767e-03 0.000000000000000000e+00 0.000000000000000000e+00 0.000000000000000000e+00 0.000000000000000000e+00 0.000000000000000000e+00 0.000000000000000000e+00 0.000000000000000000e+00 6.263309532757108935e-04 0.000000000000000000e+00 7.674597083653108111e-04 0.000000000000000000e+00 4.815795810257644935e-04 0.000000000000000000e+00 5.327650506126797771e-04 0.000000000000000000e+00 3.982477100756670585e-04 0.000000000000000000e+00 1.031991744066047389e-03 0.000000000000000000e+00 0.000000000000000000e+00 0.000000000000000000e+00 0.000000000000000000e+00 0.000000000000000000e+00 0.000000000000000000e+00 0.000000000000000000e+00 0.000000000000000000e+00 2.532928064842958631e-04 0.000000000000000000e+00 0.000000000000000000e+00 0.000000000000000000e+00 0.000000000000000000e+00 0.000000000000000000e+00 0.000000000000000000e+00 0.000000000000000000e+00 0.000000000000000000e+00 0.000000000000000000e+00 0.000000000000000000e+00 0.000000000000000000e+00 0.000000000000000000e+00
0.000000000000000000e+00 2.500000000000000052e-03 2.500000000000000052e-03 6.199999999999999956e-02 4.000000000000000083e-03 4.249999999999999889e-01 6.000000000000000125e-03 5.999999999999999778e-02 5.000000000000000104e-04 0.000000000000000000e+00 0.000000000000000000e+00 1.667361400583576526e-03 5.250262513125656446e-04 1.540226118302474162e-02 1.701837985023825625e-03 1.128091136426785240e-01 0.000000000000000000e+00 7.944389275074478654e-04 2.388059701492537391e-04 1.036269430051813423e-03 0.000000000000000000e+00 0.000000000000000000e+00 1.497005988023952187e-03 1.167406023815082891e-03 1.491795126802585763e-03 6.570302233902759661e-04 3.022061045633121779e-04 1.334519572953736695e-03 2.109259649862898134e-04 5.113968439509059341e-03 3.691853310361801511e-03 2.267573696145124777e-03 0.000000000000000000e+00 3.038897893030794426e-04 0.000000000000000000e+00 0.000000000000000000e+00 0.000000000000000000e+00 2.351834430856067804e-04 0.000000000000000000e+00 0.000000000000000000e+00 0.000000000000000000e+00 0.000000000000000000e+00 0.000000000000000000e+00 1.220852154804053229e-04 0.000000000000000000e+00 0.000000000000000000e+00 0.000000000000000000e+00 1.834525775087139914e-04 0.000000000000000000e+00 1.555693839452395753e-04 0.000000000000000000e+00 2.159593996328690302e-04 0.000000000000000000e+00 2.384927259718578577e-04 0.000000000000000000e+00 1.856320772229441316e-04 0.000000000000000000e+00 0.000000000000000000e+00 0.000000000000000000e+00 1.983733386232890291e-04 0.000000000000000000e+00 1.243471773190748522e-03 0.000000000000000000e+00 5.545286506469500418e-04 0.000000000000000000e+00 6.180469715698392544e-04 0.000000000000000000e+00 3.800354699771978681e-04 0.000000000000000000e+00 5.247966413014956396e-04 2.167786689789724685e-04 7.754220651747153678e-03 0.000000000000000000e+00 7.629486352890607788e-03 0.000000000000000000e+00 6.646971935007385535e-03 0.000000000000000000e+00 5.004415660877244328e-03 0.000000000000000000e+00 0.000000000000000000e+00 0.000000000000000000e+00 1.507159005275056536e-03 0.000000000000000000e+00 1.526717557251908381e-03 0.000000000000000000e+00 1.111008239977779753e-03 0.000000000000000000e+00 0.000000000000000000e+00 0.000000000000000000e+00 1.119946242580356112e-03 0.000000000000000000e+00 4.636068613815484251e-04 0.000000000000000000e+00 0.000000000000000000e+00 1.031991744066047389e-03 5.249343832020997302e-03 0.000000000000000000e+00 0.000000000000000000e+00 0.000000000000000000e+00 0.000000000000000000e+00 0.000000000000000000e+00 0.000000000000000000e+00 0.000000000000000000e+00 2.532928064842958631e-04 0.000000000000000000e+00 3.007518796992481058e-04 0.000000000000000000e+00 0.000000000000000000e+00 0.000000000000000000e+00 0.000000000000000000e+00 0.000000000000000000e+00 0.000000000000000000e+00 0.000000000000000000e+00 0.000000000000000000e+00 0.000000000000000000e+00 0.000000000000000000e+00
2.169926650366748033e-01 0.000000000000000000e+00 5.226161369193153827e-02 1.528117359413203036e-03 6.112469437652811709e-04 0.000000000000000000e+00 4.951100244498777420e-02 5.195599022004889628e-03 6.112469437652811709e-04 0.000000000000000000e+00 0.000000000000000000e+00 8.336807002917882630e-04 1.240812040602030097e-01 6.554153694904145139e-04 6.466984343090538025e-03 0.000000000000000000e+00 2.200550137534383610e-02 5.958291956305859262e-04 2.125373134328358352e-02 3.886010362694300338e-04 0.000000000000000000e+00 0.000000000000000000e+00 8.982035928143712253e-03 7.004436142890497780e-04 0.000000000000000000e+00 0.000000000000000000e+00 0.000000000000000000e+00 0.000000000000000000e+00 3.881037755747732826e-02 1.461133839859731062e-04 4.922471080482401871e-04 5.232862375719518882e-04 1.461794019933554791e-03 1.012965964343598034e-03 0.000000000000000000e+00 0.000000000000000000e+00 3.780718336483932158e-04 2.351834430856067804e-04 0.000000000000000000e+00 0.000000000000000000e+00 0.000000000000000000e+00 0.000000000000000000e+00 0.000000000000000000e+00 0.000000000000000000e+00 3.785727806170736194e-04 0.000000000000000000e+00 0.000000000000000000e+00 0.000000000000000000e+00 3.284611594678929361e-04 0.000000000000000000e+00 1.940428834772484762e-03 0.000000000000000000e+00 8.699434536755110874e-04 0.000000000000000000e+00 8.615119534783545648e-04 0.000000000000000000e+00 1.804461942257217996e-02 0.000000000000000000e+00 6.236635780470420852e-03 3.967466772465780582e-04 5.244473132160722834e-02 0.000000000000000000e+00 3.646973012399708398e-03 0.000000000000000000e+00 1.335275552318523906e-02 0.000000000000000000e+00 1.442611126138310411e-03 0.000000000000000000e+00 0.000000000000000000e+00 0.000000000000000000e+00 2.048558421851289987e-02 4.907734589713388116e-04 4.226542688081149366e-04 3.223726627981947151e-04 0.000000000000000000e+00 0.000000000000000000e+00 4.713275726630007960e-04 1.471886959081542641e-04 1.620745542949756810e-03 0.000000000000000000e+00 1.073422069557750059e-03 0.000000000000000000e+00 0.000000000000000000e+00 0.000000000000000000e+00 1.290241763747964482e-02 0.000000000000000000e+00 0.000000000000000000e+00 0.000000000000000000e+00 6.982903924873585209e-03 0.000000000000000000e+00 0.000000000000000000e+00 0.000000000000000000e+00 0.000000000000000000e+00 0.000000000000000000e+00 0.000000000000000000e+00 0.000000000000000000e+00 0.000000000000000000e+00 0.000000000000000000e+00 0.000000000000000000e+00 0.000000000000000000e+00 0.000000000000000000e+00 0.000000000000000000e+00 0.000000000000000000e+00 0.000000000000000000e+00 0.000000000000000000e+00 0.000000000000000000e+00 0.000000000000000000e+00 0.000000000000000000e+00 0.000000000000000000e+00 0.000000000000000000e+00 0.000000000000000000e+00 0.000000000000000000e+00 0.000000000000000000e+00 0.000000000000000000e+00 0.000000000000000000e+00 0.000000000000000000e+00
6.252605252188411702e-04 8.545227177990830092e-02 5.835764902042517299e-03 5.898290954564401611e-02 0.000000000000000000e+00 4.168403501458941315e-04 1.354731137974155876e-02 1.425593997498957877e-01 0.000000000000000000e+00 1.667361400583576526e-03 8.336807002917882630e-04 0.000000000000000000e+00 2.100105005250262578e-03 1.464853350811076427e-01 0.000000000000000000e+00 9.169213670464018348e-03 0.000000000000000000e+00 5.521350546176762714e-02 5.970149253731343343e-03 1.489637305699481780e-02 0.000000000000000000e+00 0.000000000000000000e+00 3.493013972055888147e-03 1.727760915246322540e-02 0.000000000000000000e+00 0.000000000000000000e+00 0.000000000000000000e+00 0.000000000000000000e+00 0.000000000000000000e+00 5.537697253068381287e-02 5.414718188530642275e-03 2.442002442002442000e-03 2.790697674418604699e-03 1.063614262560778033e-02 0.000000000000000000e+00 0.000000000000000000e+00 3.780718336483932158e-04 4.703668861712135608e-04 0.000000000000000000e+00 0.000000000000000000e+00 0.000000000000000000e+00 0.000000000000000000e+00 0.000000000000000000e+00 0.000000000000000000e+00 1.892863903085368097e-04 0.000000000000000000e+00 0.000000000000000000e+00 0.000000000000000000e+00 0.000000000000000000e+00 6.222775357809583012e-04 9.702144173862424080e-05 2.375553395961559414e-03 0.000000000000000000e+00 0.000000000000000000e+00 0.000000000000000000e+00 1.856320772229441316e-04 1.640419947506561657e-04 4.091174751607247299e-03 0.000000000000000000e+00 5.554453481452092597e-03 1.613684040664837812e-04 2.138771449888087622e-02 0.000000000000000000e+00 1.275415896487985291e-02 0.000000000000000000e+00 1.400906468891635788e-02 1.803263907672888013e-04 4.813782619711172960e-03 0.000000000000000000e+00 2.623983206507478198e-04 3.251680034684587299e-04 3.906556733411856858e-02 4.226542688081149366e-04 5.910165484633569596e-03 0.000000000000000000e+00 1.477104874446085771e-03 3.142183817753338459e-04 1.766264350897850952e-03 0.000000000000000000e+00 3.809523809523809521e-03 0.000000000000000000e+00 2.386335091685506254e-02 0.000000000000000000e+00 0.000000000000000000e+00 0.000000000000000000e+00 1.953522821960929426e-02 0.000000000000000000e+00 1.536098310291858678e-03 0.000000000000000000e+00 1.556725277186695074e-02 0.000000000000000000e+00 0.000000000000000000e+00 0.000000000000000000e+00 0.000000000000000000e+00 0.000000000000000000e+00 2.624671916010498651e-03 0.000000000000000000e+00 0.000000000000000000e+00 0.000000000000000000e+00 0.000000000000000000e+00 0.000000000000000000e+00 0.000000000000000000e+00 0.000000000000000000e+00 0.000000000000000000e+00 0.000000000000000000e+00 0.000000000000000000e+00 0.000000000000000000e+00 0.000000000000000000e+00 0.000000000000000000e+00 0.000000000000000000e+00 0.000000000000000000e+00 0.000000000000000000e+00 0.000000000000000000e+00 0.000000000000000000e+00 0.000000000000000000e+00 0.000000000000000000e+00
3.832691634581729401e-02 0.000000000000000000e+00 8.540427021351067183e-02 7.175358767938396637e-03 2.625131256562828006e-03 1.050052502625131289e-03 2.759887994399720101e-01 8.400420021001050314e-03 4.462723136156807741e-02 5.250262513125656446e-04 1.240812040602030097e-01 2.100105005250262578e-03 0.000000000000000000e+00 3.604784532197279935e-03 1.392103471749489563e-01 5.557099194220616392e-04 1.175293823455863911e-02 0.000000000000000000e+00 6.447761194029850984e-03 3.886010362694300338e-04 0.000000000000000000e+00 0.000000000000000000e+00 2.578176979374584288e-02 3.969180480971282003e-03 9.945300845350571028e-04 1.314060446780551932e-03 1.511030522816560889e-03 0.000000000000000000e+00 6.686353090065387528e-02 5.844535359438924249e-04 9.598818606940683756e-03 1.046572475143903690e-02 1.196013289036544809e-03 8.103727714748784052e-04 0.000000000000000000e+00 0.000000000000000000e+00 1.134215500945179485e-03 0.000000000000000000e+00 0.000000000000000000e+00 0.000000000000000000e+00 6.289308176100629269e-03 0.000000000000000000e+00 0.000000000000000000e+00 0.000000000000000000e+00 1.892863903085368097e-04 0.000000000000000000e+00 0.000000000000000000e+00 0.000000000000000000e+00 1.642305797339464681e-04 0.000000000000000000e+00 1.358300184340739290e-03 0.000000000000000000e+00 3.479773814702044350e-03 0.000000000000000000e+00 6.461339651087659236e-04 0.000000000000000000e+00 3.280839895013123314e-03 0.000000000000000000e+00 2.138275124732715721e-03 1.983733386232890291e-04 3.324189123769565740e-02 0.000000000000000000e+00 4.741064916119620831e-03 0.000000000000000000e+00 1.141053653799465814e-02 0.000000000000000000e+00 7.213055630691552053e-04 0.000000000000000000e+00 7.114062129475930835e-04 0.000000000000000000e+00 4.996748319965315516e-02 1.177856301531213104e-03 1.831501831501831587e-02 4.298302170642596021e-04 0.000000000000000000e+00 7.385524372230428854e-04 9.583660644147682164e-03 1.177509567265234112e-03 1.620745542949756810e-03 0.000000000000000000e+00 3.220266208673250394e-03 0.000000000000000000e+00 1.461988304093567170e-03 0.000000000000000000e+00 1.402981335337592436e-02 0.000000000000000000e+00 0.000000000000000000e+00 0.000000000000000000e+00 7.464483505899350245e-03 0.000000000000000000e+00 2.663825253063398886e-04 0.000000000000000000e+00 3.982477100756670585e-04 0.000000000000000000e+00 4.127966976264189555e-03 0.000000000000000000e+00 0.000000000000000000e+00 0.000000000000000000e+00 0.000000000000000000e+00 0.000000000000000000e+00 0.000000000000000000e+00 0.000000000000000000e+00 0.000000000000000000e+00 0.000000000000000000e+00 0.000000000000000000e+00 0.000000000000000000e+00 0.000000000000000000e+00 0.000000000000000000e+00 0.000000000000000000e+00 0.000000000000000000e+00 0.000000000000000000e+00 0.000000000000000000e+00 0.000000000000000000e+00 0.000000000000000000e+00 0.000000000000000000e+00 0.000000000000000000e+00
