0.000000000000000000e+00 1.505911636589919028e-02 5.703624733475479852e-02 5.653054336820789380e-03 9.535918626827717334e-04 0.000000000000000000e+00 1.060799863562718465e-01 6.744708892162182973e-03 3.462870334744132424e-03 0.000000000000000000e+00 3.040437158469945222e-01 3.162680371614943857e-03 3.917759430144082677e-02 3.743448964312452937e-04 1.655971848478575816e-03 0.000000000000000000e+00 1.133382826033160068e-01 4.074402125775021880e-03 8.816730875068794215e-02 2.986022871664548856e-02 0.000000000000000000e+00 0.000000000000000000e+00 1.350590883511536321e-03 6.354249404289118207e-04 3.004807692307692474e-04 0.000000000000000000e+00 0.000000000000000000e+00 0.000000000000000000e+00 3.677049364668840553e-02 2.202946440864656311e-03 5.405405405405405705e-03 1.474056603773584849e-04 1.119138688199461731e-02 3.101864867397619713e-02 0.000000000000000000e+00 0.000000000000000000e+00 1.007380809894274920e-01 5.074854097944684434e-04 1.040582726326743073e-03 7.361059992638939887e-04 4.106776180698152104e-03 0.000000000000000000e+00 0.000000000000000000e+00 0.000000000000000000e+00 0.000000000000000000e+00 0.000000000000000000e+00 0.000000000000000000e+00 0.000000000000000000e+00 1.765536723163841802e-04 1.146657493406719381e-04 6.375976964212257993e-03 2.090956612650287532e-04 1.023192360163710729e-03 0.000000000000000000e+00 5.612722170252572784e-04 0.000000000000000000e+00 2.645891802961385930e-01 1.588382119355570728e-03 1.563131653415981634e-02 1.153535586572845817e-04 6.001154068090017168e-02 4.052958659821669584e-04 9.088613986367078887e-03 5.693950177935942812e-04 4.193360512521840389e-02 6.898454746136865878e-04 8.187134502923977195e-03 5.210368633580826202e-04 6.483617904937702403e-02 4.560260586319218011e-03 7.374500222123500648e-02 3.084753605305776180e-04 4.381995713265063319e-02 1.626171800267840100e-03 1.923076923076923184e-02 0.000000000000000000e+00 6.581141757536883297e-02 1.317870321560358484e-03 0.000000000000000000e+00 0.000000000000000000e+00 6.685633001422474839e-03 0.000000000000000000e+00 5.984440454817474423e-04 4.130524576621231124e-04 9.192738509076862907e-03 0.000000000000000000e+00 0.000000000000000000e+00 0.000000000000000000e+00 4.984894259818730897e-03 0.000000000000000000e+00 5.059021922428330251e-03 3.379520108144643204e-04 4.898958971218616079e-03 0.000000000000000000e+00 6.282722513089004923e-02 2.742230347349177214e-03 1.003086419753086364e-02 1.394700139470013900e-03 3.048780487804878155e-03 0.000000000000000000e+00 3.802281368821292754e-03 8.561643835616437881e-04 1.522649409973353711e-03 7.872466049990159637e-04 1.320422535211267581e-03 1.062416998671978719e-03 0.000000000000000000e+00 0.000000000000000000e+00 0.000000000000000000e+00 0.000000000000000000e+00 0.000000000000000000e+00 1.069518716577540132e-03 1.373626373626373734e-03 5.952380952380952918e-04 3.076923076923076920e-03 0.000000000000000000e+00
1.505911636589919028e-02 0.000000000000000000e+00 1.687988628287135718e-03 8.876139048261896813e-02 0.000000000000000000e+00 1.007252215954875007e-03 3.922571842756033059e-03 1.265214357702147407e-01 0.000000000000000000e+00 3.598117907556047743e-03 1.748633879781420764e-03 1.858074718323779462e-01 0.000000000000000000e+00 4.267531819316196934e-02 0.000000000000000000e+00 2.429711905588337589e-03 2.722098490472655164e-03 6.306465899025685828e-02 2.146395156851953895e-02 1.354510800508259283e-01 0.000000000000000000e+00 0.000000000000000000e+00 3.376477208778840802e-04 1.429706115965051570e-03 0.000000000000000000e+00 0.000000000000000000e+00 0.000000000000000000e+00 0.000000000000000000e+00 5.622399640166423056e-04 5.452292441140024759e-02 0.000000000000000000e+00 1.474056603773584849e-04 1.940784813712990650e-02 4.170180864023990269e-02 0.000000000000000000e+00 0.000000000000000000e+00 1.196888090963494885e-03 3.958386196396853490e-02 0.000000000000000000e+00 3.275671696724328369e-02 0.000000000000000000e+00 5.594405594405594401e-03 0.000000000000000000e+00 8.047642040882021705e-05 0.000000000000000000e+00 5.098789037603568752e-04 0.000000000000000000e+00 2.877283844051215650e-04 0.000000000000000000e+00 2.751977984176126515e-03 0.000000000000000000e+00 8.468374281233663828e-03 0.000000000000000000e+00 6.534524068830320455e-04 0.000000000000000000e+00 1.245995016019935987e-03 6.096970870028065384e-03 3.160124045079797384e-01 1.078021829942056239e-03 3.264505710001153194e-02 4.616272360069243884e-04 4.444744663604430907e-02 7.573844988639232044e-04 1.978647686832740379e-02 1.941370607649000170e-04 4.773730684326710910e-02 1.529464687359424280e-03 7.555034518692197235e-03 1.292108906322104317e-02 1.967426710097719966e-01 5.330964015992892442e-04 6.979255032004318127e-02 5.953798523457966372e-04 2.812320642816146937e-02 0.000000000000000000e+00 0.000000000000000000e+00 1.796023091725465004e-03 7.986294148655771752e-02 1.930501930501930547e-03 1.079913606911447150e-03 1.422475106685633123e-04 1.336135715358054317e-02 0.000000000000000000e+00 5.369681949607600299e-03 0.000000000000000000e+00 3.789218880923563709e-02 0.000000000000000000e+00 4.370629370629370626e-04 0.000000000000000000e+00 1.355319629545967929e-02 5.621135469364811751e-04 3.717472118959107633e-03 1.224739742804654020e-03 5.391690453536314605e-03 2.169035153328346954e-02 5.575868372943327406e-02 7.716049382716048954e-04 2.092050209205020741e-03 7.621951219512195386e-04 4.159733777038269326e-03 5.703422053231939348e-03 5.136986301369862729e-03 3.806623524933384277e-04 4.920291281243849638e-03 8.802816901408450903e-04 3.187250996015936373e-03 0.000000000000000000e+00 2.588438308886971320e-03 0.000000000000000000e+00 2.999999999999999889e-02 0.000000000000000000e+00 0.000000000000000000e+00 2.747252747252747467e-03 1.190476190476190584e-03 0.000000000000000000e+00 0.000000000000000000e+00
5.703624733475479852e-02 1.687988628287135718e-03 0.000000000000000000e+00 4.809314883563955804e-03 8.900190718372535947e-02 6.244963738920225431e-03 2.794406071459026308e-01 1.093107992867664233e-02 3.770681031165833141e-02 6.642679213949626536e-03 2.557377049180327780e-02 3.360347894840877685e-03 4.144406669904484447e-02 8.360369353631144640e-03 1.034982405299109988e-02 3.471017007983339103e-03 1.163078445929225518e-02 7.085916740478299817e-04 1.080902586681342925e-01 3.939008894536213251e-03 0.000000000000000000e+00 0.000000000000000000e+00 1.708497467642093315e-01 9.849086576648133709e-03 1.983173076923076816e-02 3.717472118959107633e-03 2.519949601007979989e-03 3.677822728944464981e-04 3.733273361070504892e-02 2.202946440864656311e-03 2.181467181467181340e-02 1.621462264150943383e-02 9.349766255843603921e-03 2.342798238215725026e-03 2.291475710357470177e-03 0.000000000000000000e+00 2.872531418312387896e-02 7.612281146917026110e-04 0.000000000000000000e+00 3.680529996319469943e-04 3.080082135523614078e-03 0.000000000000000000e+00 0.000000000000000000e+00 0.000000000000000000e+00 0.000000000000000000e+00 0.000000000000000000e+00 2.159827213822894138e-04 0.000000000000000000e+00 0.000000000000000000e+00 0.000000000000000000e+00 7.198683669271904381e-03 1.045478306325143766e-04 3.410641200545702612e-04 0.000000000000000000e+00 1.870907390084190747e-04 0.000000000000000000e+00 8.709958385754378377e-03 2.269117313365100923e-04 1.361002560301846111e-02 2.307071173145691634e-04 4.616272360069243776e-03 0.000000000000000000e+00 0.000000000000000000e+00 0.000000000000000000e+00 1.164822364589400069e-02 0.000000000000000000e+00 1.682411156095366470e-02 1.302592158395206551e-04 6.922011998154130145e-03 6.514657980456026350e-04 3.669480231008440813e-02 1.542376802652888198e-03 7.061205048821148078e-02 2.487086282762578874e-03 5.769230769230769551e-02 0.000000000000000000e+00 9.749839640795381068e-02 2.767527675276752579e-03 1.930501930501930547e-03 0.000000000000000000e+00 1.280227596017069784e-03 0.000000000000000000e+00 5.984440454817474423e-04 0.000000000000000000e+00 4.403244495944379916e-03 9.310120100549297312e-05 4.384042086804033466e-04 0.000000000000000000e+00 1.812688821752265859e-03 0.000000000000000000e+00 3.372681281618886834e-03 3.379520108144643204e-04 1.224739742804654020e-03 1.585791309863621981e-03 3.365744203440538401e-02 7.312614259597806192e-03 5.401234567901234268e-03 6.973500697350069498e-04 7.621951219512195386e-04 1.247920133111480841e-03 9.505703422053231669e-03 0.000000000000000000e+00 1.522649409973353711e-03 7.872466049990159637e-04 8.802816901408450903e-04 2.656042496679946797e-04 9.671179883945841453e-04 0.000000000000000000e+00 0.000000000000000000e+00 0.000000000000000000e+00 1.428571428571428570e-03 1.069518716577540132e-03 0.000000000000000000e+00 0.000000000000000000e+00 1.538461538461538460e-03 2.118644067796610162e-03
5.653054336820789380e-03 8.876139048261896813e-02 4.809314883563955804e-03 0.000000000000000000e+00 2.542911633820724767e-03 4.673650282030620412e-02 9.635883005031124424e-03 2.754477091247383713e-01 2.308580223162754949e-03 2.435649045114863034e-02 3.715846994535519122e-03 4.170784740067207119e-02 4.856726566294317440e-03 2.495632642874968943e-02 1.034982405299109858e-03 1.561957653592502618e-02 2.227171492204899680e-03 2.338352524357838885e-02 9.356081452944413346e-03 1.217280813214739466e-01 0.000000000000000000e+00 4.737091425864519236e-04 1.631963984243106278e-02 2.149324861000794229e-01 3.906250000000000000e-03 8.596654275092936726e-03 4.199916001679966648e-04 7.355645457888929963e-04 4.497919712133138228e-04 2.533388406994354844e-02 1.003861003861003867e-02 2.343750000000000000e-02 6.091514378807196678e-03 1.096429575484959319e-02 0.000000000000000000e+00 6.720430107526882257e-04 3.989626969878316463e-04 3.121035270235980597e-02 0.000000000000000000e+00 1.177769598822230382e-02 0.000000000000000000e+00 1.398601398601398600e-03 0.000000000000000000e+00 1.609528408176404341e-04 0.000000000000000000e+00 1.274697259400892242e-03 0.000000000000000000e+00 1.438641922025607825e-04 0.000000000000000000e+00 2.407980736154110863e-03 0.000000000000000000e+00 1.254573967590172411e-03 0.000000000000000000e+00 4.356349379220213636e-04 0.000000000000000000e+00 0.000000000000000000e+00 7.742185231781670415e-04 1.021102791014295505e-02 2.695054574855140599e-04 3.414465336255623207e-02 0.000000000000000000e+00 4.863550391786004151e-03 0.000000000000000000e+00 5.693950177935942812e-04 1.941370607649000170e-04 4.552980132450330959e-03 7.197480881691408058e-04 8.597108245408362909e-03 0.000000000000000000e+00 3.257328990228013175e-03 1.155042203465126696e-03 3.709416210380196005e-02 1.309835675160752472e-03 4.658503921943753928e-02 0.000000000000000000e+00 0.000000000000000000e+00 1.282873636946760655e-03 1.136004217185029030e-01 0.000000000000000000e+00 0.000000000000000000e+00 0.000000000000000000e+00 7.506380423359856066e-04 0.000000000000000000e+00 3.717472118959107633e-03 0.000000000000000000e+00 1.862024020109859408e-03 0.000000000000000000e+00 0.000000000000000000e+00 0.000000000000000000e+00 2.258866049243279809e-04 5.621135469364811751e-04 1.351808043257857282e-03 0.000000000000000000e+00 1.268633047890897541e-03 2.094240837696335206e-02 4.661791590493601783e-02 0.000000000000000000e+00 1.394700139470013900e-03 2.286585365853658399e-03 1.247920133111480841e-03 3.802281368821292754e-03 4.280821917808218940e-03 3.806623524933384277e-04 9.840582562487699275e-04 4.401408450704225451e-04 1.062416998671978719e-03 0.000000000000000000e+00 8.628127696289905483e-04 0.000000000000000000e+00 1.250000000000000069e-02 7.142857142857142851e-04 0.000000000000000000e+00 0.000000000000000000e+00 0.000000000000000000e+00 1.538461538461538460e-03 0.000000000000000000e+00
9.535918626827717334e-04 0.000000000000000000e+00 8.900190718372535947e-02 2.542911633820724767e-03 0.000000000000000000e+00 7.453666398066076046e-03 7.759870384582587440e-03 7.752538956508256938e-04 1.996921893035782936e-01 4.705231109880985210e-03 8.743169398907103818e-04 0.000000000000000000e+00 6.961308078355188909e-03 1.247816321437484493e-04 6.768784930656178422e-02 3.471017007983339103e-04 0.000000000000000000e+00 0.000000000000000000e+00 2.201430930104567951e-04 0.000000000000000000e+00 1.230215827338129453e-01 4.737091425864519236e-04 6.640405177265053596e-03 5.083399523431294566e-03 4.897836538461538408e-02 1.626394052044609698e-02 8.063838723225535965e-02 2.206693637366678989e-03 1.045766333070954728e-02 1.376841525540410194e-04 9.073359073359073615e-03 1.046580188679245224e-02 7.083156254426972503e-04 0.000000000000000000e+00 9.165902841429881143e-04 0.000000000000000000e+00 0.000000000000000000e+00 0.000000000000000000e+00 0.000000000000000000e+00 0.000000000000000000e+00 1.026694045174538026e-03 0.000000000000000000e+00 2.650410813676119608e-04 0.000000000000000000e+00 0.000000000000000000e+00 0.000000000000000000e+00 6.479481641468682685e-04 0.000000000000000000e+00 0.000000000000000000e+00 0.000000000000000000e+00 4.113533525298231400e-04 1.045478306325143766e-04 3.410641200545702612e-04 0.000000000000000000e+00 1.870907390084190747e-04 0.000000000000000000e+00 0.000000000000000000e+00 0.000000000000000000e+00 0.000000000000000000e+00 0.000000000000000000e+00 4.616272360069243884e-04 0.000000000000000000e+00 0.000000000000000000e+00 0.000000000000000000e+00 1.941370607649000170e-04 0.000000000000000000e+00 8.996851102114260073e-05 0.000000000000000000e+00 0.000000000000000000e+00 0.000000000000000000e+00 3.536206130608618436e-02 1.079663761857021717e-03 2.583948559180757401e-02 1.913143294432753042e-04 1.923076923076923184e-02 0.000000000000000000e+00 3.335471456061577834e-03 2.635740643120717077e-04 0.000000000000000000e+00 0.000000000000000000e+00 2.844950213371266246e-04 0.000000000000000000e+00 4.189108318372231771e-03 0.000000000000000000e+00 1.158748551564310527e-03 0.000000000000000000e+00 8.768084173608066932e-04 0.000000000000000000e+00 7.552870090634441081e-04 1.129433024621639904e-04 0.000000000000000000e+00 0.000000000000000000e+00 0.000000000000000000e+00 0.000000000000000000e+00 1.495886312640239309e-03 9.140767824497257740e-04 0.000000000000000000e+00 0.000000000000000000e+00 0.000000000000000000e+00 0.000000000000000000e+00 1.901140684410646377e-03 0.000000000000000000e+00 0.000000000000000000e+00 3.936233024995079819e-04 0.000000000000000000e+00 0.000000000000000000e+00 0.000000000000000000e+00 0.000000000000000000e+00 0.000000000000000000e+00 2.500000000000000052e-03 0.000000000000000000e+00 0.000000000000000000e+00 0.000000000000000000e+00 0.000000000000000000e+00 0.000000000000000000e+00 0.000000000000000000e+00
0.000000000000000000e+00 1.007252215954875007e-03 6.244963738920225431e-03 4.673650282030620412e-02 7.453666398066076046e-03 0.000000000000000000e+00 1.620192717660100517e-03 7.364912008682843875e-03 5.771450557906887373e-03 2.596180459451978839e-01 0.000000000000000000e+00 0.000000000000000000e+00 3.237817710862878474e-04 1.497379585724981175e-03 1.241978886358931916e-03 9.024644220756682100e-02 0.000000000000000000e+00 0.000000000000000000e+00 0.000000000000000000e+00 6.353240152477763938e-04 2.517985611510791151e-03 4.831833254381809328e-02 7.878446820483961041e-03 3.320095313741064369e-02 3.125000000000000000e-02 2.214219330855018708e-01 1.217975640487190328e-02 1.835233541743288010e-01 0.000000000000000000e+00 1.018862728899903695e-02 8.494208494208494928e-03 1.739386792452830149e-02 0.000000000000000000e+00 2.342798238215725026e-03 0.000000000000000000e+00 4.032258064516128920e-03 0.000000000000000000e+00 5.074854097944684434e-04 0.000000000000000000e+00 3.680529996319469943e-04 0.000000000000000000e+00 1.398601398601398600e-03 0.000000000000000000e+00 0.000000000000000000e+00 0.000000000000000000e+00 0.000000000000000000e+00 0.000000000000000000e+00 1.438641922025607825e-04 0.000000000000000000e+00 3.439972480220158143e-04 0.000000000000000000e+00 4.181913225300575064e-04 0.000000000000000000e+00 0.000000000000000000e+00 0.000000000000000000e+00 0.000000000000000000e+00 0.000000000000000000e+00 0.000000000000000000e+00 0.000000000000000000e+00 4.614142346291383269e-04 0.000000000000000000e+00 0.000000000000000000e+00 0.000000000000000000e+00 1.423487544483985703e-04 0.000000000000000000e+00 5.518763796909492269e-04 0.000000000000000000e+00 7.815552950371239304e-04 0.000000000000000000e+00 1.302931596091205270e-03 3.642825410928476285e-03 3.346957661756767149e-02 1.190759704691593193e-04 2.496651999234742597e-02 0.000000000000000000e+00 0.000000000000000000e+00 0.000000000000000000e+00 3.690036900369003583e-03 0.000000000000000000e+00 0.000000000000000000e+00 0.000000000000000000e+00 1.501276084671971268e-04 0.000000000000000000e+00 4.130524576621231124e-04 0.000000000000000000e+00 9.310120100549297312e-05 0.000000000000000000e+00 4.370629370629370626e-04 0.000000000000000000e+00 2.258866049243279809e-04 0.000000000000000000e+00 0.000000000000000000e+00 0.000000000000000000e+00 0.000000000000000000e+00 7.479431563201196544e-04 2.742230347349177214e-03 0.000000000000000000e+00 0.000000000000000000e+00 0.000000000000000000e+00 0.000000000000000000e+00 0.000000000000000000e+00 0.000000000000000000e+00 0.000000000000000000e+00 0.000000000000000000e+00 0.000000000000000000e+00 0.000000000000000000e+00 0.000000000000000000e+00 8.628127696289905483e-04 0.000000000000000000e+00 0.000000000000000000e+00 0.000000000000000000e+00 0.000000000000000000e+00 0.000000000000000000e+00 0.000000000000000000e+00 0.000000000000000000e+00 0.000000000000000000e+00
1.060799863562718465e-01 3.922571842756033059e-03 2.794406071459026308e-01 9.635883005031124424e-03 7.759870384582587440e-03 1.620192717660100517e-03 0.000000000000000000e+00 2.069927901387704633e-02 7.502885725278952977e-02 2.491004705231109843e-03 8.262295081967213628e-02 7.709033405811424947e-03 2.345798931520155506e-01 8.360369353631144640e-03 1.262678534464914057e-02 2.082610204790003462e-03 1.385795595149715356e-02 1.948627103631532260e-03 3.412217941662080284e-03 8.767471410419313757e-03 0.000000000000000000e+00 0.000000000000000000e+00 8.216094541361846151e-03 1.239078633836378056e-02 6.009615384615384949e-04 1.626394052044609698e-03 0.000000000000000000e+00 0.000000000000000000e+00 2.451366243112560600e-02 3.717472118959107633e-03 1.351351351351351426e-02 1.783608490566037860e-02 1.983283751239552518e-03 7.215818573704432630e-03 9.165902841429881143e-04 0.000000000000000000e+00 1.356473169758627521e-02 2.537427048972342217e-04 0.000000000000000000e+00 0.000000000000000000e+00 4.106776180698152104e-03 0.000000000000000000e+00 0.000000000000000000e+00 0.000000000000000000e+00 0.000000000000000000e+00 0.000000000000000000e+00 4.319654427645788276e-04 0.000000000000000000e+00 1.765536723163841802e-04 0.000000000000000000e+00 1.223776223776223797e-02 1.045478306325143766e-04 1.705320600272851360e-03 0.000000000000000000e+00 1.870907390084190856e-03 1.779992880028479982e-04 1.219394174005613077e-02 2.269117313365100923e-04 8.893680097021964409e-03 2.307071173145691634e-04 2.873629544143104300e-02 1.350986219940556528e-04 2.272153496591769722e-03 0.000000000000000000e+00 4.465152397592700440e-02 4.139072847682119202e-04 5.578047683310841109e-03 5.210368633580826202e-04 3.691739732348869353e-03 0.000000000000000000e+00 7.232341181697023169e-02 2.005089843448754679e-03 5.537032626815908271e-02 5.165486894968433079e-03 0.000000000000000000e+00 0.000000000000000000e+00 8.967286722257857001e-02 7.380073800738007166e-03 1.930501930501930547e-03 0.000000000000000000e+00 3.840682788051209134e-03 0.000000000000000000e+00 1.196888090963494885e-03 0.000000000000000000e+00 2.456546929316338196e-02 1.862024020109859462e-04 4.384042086804033466e-04 0.000000000000000000e+00 1.435045317220543827e-02 0.000000000000000000e+00 3.372681281618886834e-03 0.000000000000000000e+00 3.061849357011634833e-03 0.000000000000000000e+00 2.318623784592371145e-02 2.742230347349177214e-03 7.716049382716048954e-04 0.000000000000000000e+00 1.524390243902439077e-03 8.319467554076539302e-04 3.802281368821292754e-03 0.000000000000000000e+00 7.613247049866768553e-04 5.904349537492619999e-04 4.401408450704225451e-04 2.656042496679946797e-04 0.000000000000000000e+00 0.000000000000000000e+00 0.000000000000000000e+00 0.000000000000000000e+00 0.000000000000000000e+00 1.069518716577540132e-03 1.373626373626373734e-03 0.000000000000000000e+00 0.000000000000000000e+00 0.000000000000000000e+00
6.744708892162182973e-03 1.265214357702147407e-01 1.093107992867664233e-02 2.754477091247383713e-01 7.752538956508256938e-04 7.364912008682843875e-03 2.069927901387704633e-02 0.000000000000000000e+00 5.386687187379761259e-03 1.228895654580680896e-01 1.027322404371584785e-02 8.479936746392567615e-02 1.796988829528897366e-02 2.204891439980034840e-01 1.862968329538397874e-03 1.162790697674418589e-02 2.722098490472655164e-03 1.346324180690876803e-02 1.761144744083654318e-02 1.054637865311308827e-02 0.000000000000000000e+00 0.000000000000000000e+00 3.680360157568936252e-02 2.081016679904686140e-02 2.403846153846153980e-03 0.000000000000000000e+00 8.399832003359933297e-04 0.000000000000000000e+00 1.461823906443269951e-03 1.913809720501170181e-02 2.046332046332046198e-02 1.356132075471698159e-02 1.090806063181753820e-02 5.903851560303626303e-03 0.000000000000000000e+00 0.000000000000000000e+00 1.595850787951326585e-03 7.612281146917026543e-03 0.000000000000000000e+00 1.104158998895841091e-03 0.000000000000000000e+00 0.000000000000000000e+00 1.325205406838059804e-04 2.414292612264606376e-04 0.000000000000000000e+00 1.402166985340981597e-03 0.000000000000000000e+00 0.000000000000000000e+00 0.000000000000000000e+00 2.866643733516798399e-03 2.056766762649115700e-04 1.160480920020909648e-02 0.000000000000000000e+00 8.712698758440427273e-04 0.000000000000000000e+00 1.245995016019935987e-03 5.806638923836252540e-04 5.975342258528098908e-03 2.695054574855140599e-04 8.766870457953627668e-03 4.616272360069243884e-04 1.175358011348284250e-02 0.000000000000000000e+00 8.540925266903914761e-04 0.000000000000000000e+00 3.187086092715232105e-02 8.996851102114260344e-04 5.991923928617949591e-03 0.000000000000000000e+00 1.628664495114006587e-03 2.487783207463349806e-03 7.148916480296135800e-02 1.786139557037389912e-03 4.448058159556150803e-02 0.000000000000000000e+00 0.000000000000000000e+00 5.003207184092367185e-03 4.625724828676858191e-02 0.000000000000000000e+00 2.159827213822894301e-03 1.422475106685633123e-04 4.353700645548716323e-03 0.000000000000000000e+00 2.065262288310615400e-03 0.000000000000000000e+00 1.973745461316451025e-02 0.000000000000000000e+00 8.741258741258741251e-04 0.000000000000000000e+00 7.454257962502823694e-03 1.124227093872962350e-03 0.000000000000000000e+00 0.000000000000000000e+00 0.000000000000000000e+00 3.739715781600598272e-03 2.010968921389396855e-02 7.716049382716048954e-04 0.000000000000000000e+00 0.000000000000000000e+00 4.159733777038269651e-04 1.901140684410646377e-03 8.561643835616437881e-04 7.613247049866768553e-04 1.968116512497539909e-04 0.000000000000000000e+00 0.000000000000000000e+00 0.000000000000000000e+00 0.000000000000000000e+00 0.000000000000000000e+00 7.499999999999999722e-03 0.000000000000000000e+00 0.000000000000000000e+00 0.000000000000000000e+00 0.000000000000000000e+00 0.000000000000000000e+00 0.000000000000000000e+00
3.462870334744132424e-03 0.000000000000000000e+00 3.770681031165833141e-02 2.308580223162754949e-03 1.996921893035782936e-01 5.771450557906887373e-03 7.502885725278952977e-02 5.386687187379761259e-03 0.000000000000000000e+00 4.151674508718516260e-03 5.245901639344262291e-03 0.000000000000000000e+00 2.250283309049700559e-02 1.247816321437484493e-04 1.821569033326433384e-01 8.677542519958347756e-04 0.000000000000000000e+00 0.000000000000000000e+00 2.201430930104567951e-04 1.270648030495552679e-04 1.079136690647481984e-03 0.000000000000000000e+00 3.714124929656724937e-03 2.700555996822875428e-03 6.610576923076923010e-03 5.111524163568773212e-03 2.519949601007979989e-03 3.677822728944464981e-04 1.473068705723602767e-02 4.130524576621231124e-04 7.722007722007721972e-04 4.864386792452829976e-03 2.833262501770789001e-04 0.000000000000000000e+00 4.582951420714940572e-04 0.000000000000000000e+00 0.000000000000000000e+00 0.000000000000000000e+00 0.000000000000000000e+00 0.000000000000000000e+00 0.000000000000000000e+00 0.000000000000000000e+00 1.325205406838059804e-04 0.000000000000000000e+00 0.000000000000000000e+00 0.000000000000000000e+00 0.000000000000000000e+00 0.000000000000000000e+00 0.000000000000000000e+00 0.000000000000000000e+00 2.056766762649115700e-04 0.000000000000000000e+00 3.410641200545702612e-04 0.000000000000000000e+00 0.000000000000000000e+00 0.000000000000000000e+00 7.742185231781670415e-04 0.000000000000000000e+00 0.000000000000000000e+00 0.000000000000000000e+00 3.115983843046739744e-03 0.000000000000000000e+00 5.049229992426155058e-04 0.000000000000000000e+00 2.523781789943700411e-03 0.000000000000000000e+00 8.996851102114260073e-05 0.000000000000000000e+00 4.614674665436086691e-04 0.000000000000000000e+00 1.066192803198578488e-02 3.084753605305776180e-04 1.821862348178137497e-02 1.913143294432753042e-04 0.000000000000000000e+00 0.000000000000000000e+00 3.335471456061577834e-03 1.317870321560358539e-04 0.000000000000000000e+00 0.000000000000000000e+00 9.957325746799429965e-04 0.000000000000000000e+00 1.196888090963494885e-03 0.000000000000000000e+00 1.158748551564310527e-03 0.000000000000000000e+00 8.768084173608066932e-04 0.000000000000000000e+00 7.552870090634441081e-04 0.000000000000000000e+00 0.000000000000000000e+00 0.000000000000000000e+00 0.000000000000000000e+00 0.000000000000000000e+00 2.243829468960358963e-03 0.000000000000000000e+00 0.000000000000000000e+00 0.000000000000000000e+00 0.000000000000000000e+00 0.000000000000000000e+00 0.000000000000000000e+00 0.000000000000000000e+00 0.000000000000000000e+00 0.000000000000000000e+00 0.000000000000000000e+00 2.656042496679946797e-04 0.000000000000000000e+00 0.000000000000000000e+00 0.000000000000000000e+00 0.000000000000000000e+00 0.000000000000000000e+00 0.000000000000000000e+00 0.000000000000000000e+00 0.000000000000000000e+00 0.000000000000000000e+00 0.000000000000000000e+00
0.000000000000000000e+00 3.598117907556047743e-03 6.642679213949626536e-03 2.435649045114863034e-02 4.705231109880985210e-03 2.596180459451978839e-01 2.491004705231109843e-03 1.228895654580680896e-01 4.151674508718516260e-03 0.000000000000000000e+00 4.371584699453551909e-04 1.581340185807471928e-03 4.856726566294317440e-04 1.734464686798103256e-02 6.209894431794659581e-04 2.110378340853870105e-01 0.000000000000000000e+00 0.000000000000000000e+00 0.000000000000000000e+00 1.270648030495552679e-04 3.597122302158273460e-04 2.842254855518711650e-03 4.952166572875633249e-03 6.671961874503574280e-03 8.112980769230769898e-03 8.364312267657991740e-03 4.199916001679966648e-04 1.103346818683339538e-02 0.000000000000000000e+00 7.847996695580339299e-03 2.702702702702702853e-03 3.242924528301886940e-03 1.416631250885394501e-04 4.685596476431449619e-04 0.000000000000000000e+00 0.000000000000000000e+00 0.000000000000000000e+00 2.537427048972342217e-04 0.000000000000000000e+00 0.000000000000000000e+00 0.000000000000000000e+00 0.000000000000000000e+00 0.000000000000000000e+00 8.047642040882021705e-05 0.000000000000000000e+00 0.000000000000000000e+00 0.000000000000000000e+00 0.000000000000000000e+00 0.000000000000000000e+00 0.000000000000000000e+00 0.000000000000000000e+00 2.090956612650287532e-04 0.000000000000000000e+00 0.000000000000000000e+00 0.000000000000000000e+00 1.779992880028479982e-04 0.000000000000000000e+00 3.781862188941835143e-04 0.000000000000000000e+00 3.460606759718537180e-04 0.000000000000000000e+00 0.000000000000000000e+00 0.000000000000000000e+00 2.846975088967971406e-04 0.000000000000000000e+00 9.657836644591612013e-04 0.000000000000000000e+00 3.907776475185619652e-04 0.000000000000000000e+00 0.000000000000000000e+00 1.066192803198578488e-03 1.372715354361070395e-02 1.190759704691593193e-04 1.195714559020470691e-02 0.000000000000000000e+00 0.000000000000000000e+00 0.000000000000000000e+00 6.325777543489720552e-03 0.000000000000000000e+00 1.079913606911447150e-03 0.000000000000000000e+00 4.503828254015913531e-04 0.000000000000000000e+00 0.000000000000000000e+00 0.000000000000000000e+00 8.379108090494366903e-04 0.000000000000000000e+00 0.000000000000000000e+00 0.000000000000000000e+00 4.517732098486559617e-04 0.000000000000000000e+00 0.000000000000000000e+00 0.000000000000000000e+00 0.000000000000000000e+00 0.000000000000000000e+00 0.000000000000000000e+00 0.000000000000000000e+00 0.000000000000000000e+00 0.000000000000000000e+00 0.000000000000000000e+00 0.000000000000000000e+00 0.000000000000000000e+00 0.000000000000000000e+00 0.000000000000000000e+00 0.000000000000000000e+00 0.000000000000000000e+00 0.000000000000000000e+00 0.000000000000000000e+00 0.000000000000000000e+00 2.500000000000000052e-03 0.000000000000000000e+00 0.000000000000000000e+00 0.000000000000000000e+00 0.000000000000000000e+00 0.000000000000000000e+00 0.000000000000000000e+00
3.040437158469945222e-01 1.748633879781420764e-03 2.557377049180327780e-02 3.715846994535519122e-03 8.743169398907103818e-04 0.000000000000000000e+00 8.262295081967213628e-02 1.027322404371584785e-02 5.245901639344262291e-03 4.371584699453551909e-04 0.000000000000000000e+00 1.581340185807471928e-03 9.502994981382548167e-02 1.746942850012478182e-03 4.139929621196439431e-03 0.000000000000000000e+00 5.122494432071269393e-02 1.771479185119574954e-04 1.232801320858557988e-02 2.287166454891994931e-03 0.000000000000000000e+00 0.000000000000000000e+00 5.852560495216657319e-03 1.747418586179507643e-03 0.000000000000000000e+00 0.000000000000000000e+00 0.000000000000000000e+00 0.000000000000000000e+00 3.958169346677161554e-02 2.753683051080820388e-04 1.930501930501930547e-03 1.326650943396226337e-03 1.274968125796855159e-03 1.311967013400805893e-03 0.000000000000000000e+00 0.000000000000000000e+00 1.396369439457410735e-03 0.000000000000000000e+00 0.000000000000000000e+00 0.000000000000000000e+00 0.000000000000000000e+00 0.000000000000000000e+00 0.000000000000000000e+00 0.000000000000000000e+00 0.000000000000000000e+00 0.000000000000000000e+00 2.159827213822894138e-04 0.000000000000000000e+00 1.765536723163841802e-04 0.000000000000000000e+00 9.255450431921019702e-04 0.000000000000000000e+00 0.000000000000000000e+00 0.000000000000000000e+00 0.000000000000000000e+00 0.000000000000000000e+00 1.200038710926158887e-02 0.000000000000000000e+00 2.425549117369626539e-03 0.000000000000000000e+00 3.439122908251587146e-02 0.000000000000000000e+00 7.068921989396617298e-03 0.000000000000000000e+00 2.154921374490390354e-02 0.000000000000000000e+00 1.259559154295996491e-03 0.000000000000000000e+00 2.307337332718043346e-04 0.000000000000000000e+00 2.612172367836517253e-02 2.313565203979332135e-04 7.263634198618718410e-03 5.739429883298258856e-04 0.000000000000000000e+00 0.000000000000000000e+00 1.667735728030788917e-03 9.225092250922508957e-04 0.000000000000000000e+00 0.000000000000000000e+00 3.556187766714082564e-03 0.000000000000000000e+00 0.000000000000000000e+00 0.000000000000000000e+00 8.497489378138278066e-03 0.000000000000000000e+00 0.000000000000000000e+00 0.000000000000000000e+00 4.380664652567975610e-03 0.000000000000000000e+00 0.000000000000000000e+00 0.000000000000000000e+00 0.000000000000000000e+00 0.000000000000000000e+00 7.479431563201196544e-04 0.000000000000000000e+00 0.000000000000000000e+00 0.000000000000000000e+00 0.000000000000000000e+00 0.000000000000000000e+00 0.000000000000000000e+00 0.000000000000000000e+00 0.000000000000000000e+00 0.000000000000000000e+00 0.000000000000000000e+00 0.000000000000000000e+00 0.000000000000000000e+00 0.000000000000000000e+00 0.000000000000000000e+00 0.000000000000000000e+00 0.000000000000000000e+00 0.000000000000000000e+00 0.000000000000000000e+00 0.000000000000000000e+00 0.000000000000000000e+00 0.000000000000000000e+00
3.162680371614943857e-03 1.858074718323779462e-01 3.360347894840877685e-03 4.170784740067207119e-02 0.000000000000000000e+00 0.000000000000000000e+00 7.709033405811424947e-03 8.479936746392567615e-02 0.000000000000000000e+00 1.581340185807471928e-03 1.581340185807471928e-03 0.000000000000000000e+00 9.713453132588634881e-04 1.911654604442226124e-01 0.000000000000000000e+00 8.156889968760846349e-03 2.474634991338777422e-04 5.403011514614703553e-02 3.412217941662080284e-03 1.359593392630241426e-02 0.000000000000000000e+00 0.000000000000000000e+00 1.800787844682048356e-03 7.307386814932485992e-03 0.000000000000000000e+00 0.000000000000000000e+00 0.000000000000000000e+00 0.000000000000000000e+00 3.373439784099853942e-04 3.979072008811785494e-02 3.861003861003860986e-04 4.422169811320754602e-03 1.133305000708315600e-03 4.498172617374191634e-03 0.000000000000000000e+00 1.344086021505376451e-03 0.000000000000000000e+00 1.522456229383405222e-03 0.000000000000000000e+00 3.680529996319469943e-04 0.000000000000000000e+00 0.000000000000000000e+00 0.000000000000000000e+00 0.000000000000000000e+00 0.000000000000000000e+00 0.000000000000000000e+00 0.000000000000000000e+00 0.000000000000000000e+00 0.000000000000000000e+00 2.293314986813438762e-04 0.000000000000000000e+00 9.409304756926293624e-04 0.000000000000000000e+00 0.000000000000000000e+00 0.000000000000000000e+00 1.067995728017087989e-03 0.000000000000000000e+00 5.672793283412752227e-03 1.347527287427570299e-04 9.228284692582766537e-04 2.308136180034621942e-04 8.781410429613617161e-03 0.000000000000000000e+00 1.181494661921708191e-02 0.000000000000000000e+00 8.140176600441501042e-03 2.699055330634277886e-04 1.172332942555685733e-03 0.000000000000000000e+00 0.000000000000000000e+00 2.665482007996446221e-04 1.418986658440657064e-02 4.763038818766372772e-04 2.295771953319303543e-03 0.000000000000000000e+00 0.000000000000000000e+00 0.000000000000000000e+00 5.930416447021613288e-03 0.000000000000000000e+00 1.079913606911447150e-03 0.000000000000000000e+00 1.381173997898213490e-02 0.000000000000000000e+00 2.065262288310615400e-03 0.000000000000000000e+00 1.182385252769760711e-02 0.000000000000000000e+00 4.370629370629370626e-04 0.000000000000000000e+00 1.129433024621639969e-02 0.000000000000000000e+00 0.000000000000000000e+00 0.000000000000000000e+00 0.000000000000000000e+00 0.000000000000000000e+00 1.828153564899451548e-03 0.000000000000000000e+00 0.000000000000000000e+00 0.000000000000000000e+00 0.000000000000000000e+00 1.901140684410646377e-03 0.000000000000000000e+00 0.000000000000000000e+00 0.000000000000000000e+00 0.000000000000000000e+00 0.000000000000000000e+00 0.000000000000000000e+00 0.000000000000000000e+00 0.000000000000000000e+00 0.000000000000000000e+00 0.000000000000000000e+00 0.000000000000000000e+00 0.000000000000000000e+00 0.000000000000000000e+00 0.000000000000000000e+00 0.000000000000000000e+00
3.917759430144082677e-02 0.000000000000000000e+00 4.144406669904484447e-02 4.856726566294317440e-03 6.961308078355188909e-03 3.237817710862878474e-04 2.345798931520155506e-01 1.796988829528897366e-02 2.250283309049700559e-02 4.856726566294317440e-04 9.502994981382548167e-02 9.713453132588634881e-04 0.000000000000000000e+00 4.117793860743698339e-03 1.229559097495342562e-01 5.206525511975008654e-04 2.474634991338777422e-03 0.000000000000000000e+00 2.751788662630710088e-03 1.270648030495552679e-04 0.000000000000000000e+00 0.000000000000000000e+00 2.037141249296567369e-02 5.559968228752978567e-03 6.009615384615384949e-04 9.293680297397769081e-04 0.000000000000000000e+00 0.000000000000000000e+00 8.287417069605307329e-02 5.507366102161640777e-04 7.528957528957529004e-03 6.191037735849056964e-03 1.558294375973934059e-03 5.622715771717739543e-04 0.000000000000000000e+00 0.000000000000000000e+00 9.974067424695790343e-04 5.074854097944684434e-04 0.000000000000000000e+00 0.000000000000000000e+00 0.000000000000000000e+00 0.000000000000000000e+00 0.000000000000000000e+00 0.000000000000000000e+00 0.000000000000000000e+00 0.000000000000000000e+00 0.000000000000000000e+00 0.000000000000000000e+00 0.000000000000000000e+00 0.000000000000000000e+00 9.255450431921019702e-04 0.000000000000000000e+00 3.410641200545702612e-04 0.000000000000000000e+00 1.870907390084190747e-04 0.000000000000000000e+00 4.548533823671731084e-03 0.000000000000000000e+00 1.212774558684813269e-03 1.153535586572845817e-04 2.446624350836699296e-02 2.701972439881113056e-04 1.009845998485230968e-02 0.000000000000000000e+00 1.902543195496020356e-02 0.000000000000000000e+00 1.439496176338281612e-03 0.000000000000000000e+00 6.922011998154130579e-04 0.000000000000000000e+00 5.606397156819191430e-02 8.483072414590884765e-04 1.417004048582995966e-02 1.530514635546202434e-03 3.846153846153846367e-02 0.000000000000000000e+00 1.680564464400256461e-02 1.449657353716394311e-03 1.930501930501930547e-03 0.000000000000000000e+00 5.120910384068279135e-03 0.000000000000000000e+00 0.000000000000000000e+00 0.000000000000000000e+00 9.887987640015449484e-03 0.000000000000000000e+00 4.384042086804033466e-04 0.000000000000000000e+00 6.344410876132930942e-03 0.000000000000000000e+00 5.621135469364811751e-04 0.000000000000000000e+00 0.000000000000000000e+00 0.000000000000000000e+00 1.495886312640239309e-03 1.828153564899451548e-03 0.000000000000000000e+00 0.000000000000000000e+00 0.000000000000000000e+00 0.000000000000000000e+00 0.000000000000000000e+00 0.000000000000000000e+00 0.000000000000000000e+00 0.000000000000000000e+00 0.000000000000000000e+00 5.312084993359893594e-04 0.000000000000000000e+00 0.000000000000000000e+00 0.000000000000000000e+00 0.000000000000000000e+00 0.000000000000000000e+00 0.000000000000000000e+00 0.000000000000000000e+00 0.000000000000000000e+00 0.000000000000000000e+00 0.000000000000000000e+00
