3.001143644799491583e-01 4.371767601451499452e-01 3.587614340163351456e-01 4.560545431105386682e-01 4.166245638297872977e-01 0.000000000000000000e+00 3.318702118500624909e-01 4.031388751702041362e-01 3.674096022710180987e-01 0.000000000000000000e+00 2.906408331937755940e-01 4.264692614204621535e-01 3.378694953589066463e-01 0.000000000000000000e+00 3.588233719119065523e-01 0.000000000000000000e+00 2.954858252519135253e-01 4.322486929268338773e-01 3.837698145775630953e-01 4.479453370713608051e-01 0.000000000000000000e+00 0.000000000000000000e+00 3.673782830269155530e-01 0.000000000000000000e+00 0.000000000000000000e+00 0.000000000000000000e+00 0.000000000000000000e+00 0.000000000000000000e+00 3.758310380290622588e-01 4.156285811202685143e-01 3.506830400000000569e-01 0.000000000000000000e+00 3.743438224847742690e-01 4.320074062897978906e-01 4.035307071125466827e-01 0.000000000000000000e+00 4.458053419450795363e-01 0.000000000000000000e+00 0.000000000000000000e+00 0.000000000000000000e+00 4.042173018665828343e-01 0.000000000000000000e+00 4.034294017531556698e-01 0.000000000000000000e+00 3.770960371677224421e-01 4.631079727891155851e-01 0.000000000000000000e+00 0.000000000000000000e+00 3.710335639148531484e-01 4.667921569767441992e-01 3.665077035016846563e-01 4.137547977526776499e-01 3.570364951031231304e-01 0.000000000000000000e+00 3.513749100673118075e-01 0.000000000000000000e+00 2.921656845972738226e-01 4.199470588639599988e-01 3.796675126336386819e-01 4.455412616332284914e-01 3.769437019633196106e-01 4.383198103716508531e-01 3.474999563782019130e-01 4.184300615981902949e-01 3.913048828725821937e-01 0.000000000000000000e+00 3.991912475673681793e-01 4.399952271242555946e-01 3.209444683194918047e-01 4.499788933325072904e-01 3.383694600660968610e-01 4.283751599999999771e-01 3.797882484639287792e-01 0.000000000000000000e+00 0.000000000000000000e+00 0.000000000000000000e+00 3.664248679890551585e-01 4.175635654205607228e-01 3.637154285714285784e-01 0.000000000000000000e+00 3.566373610067381517e-01 4.575405886524822607e-01 0.000000000000000000e+00 0.000000000000000000e+00 3.821497353408441766e-01 3.885581428571428519e-01 0.000000000000000000e+00 0.000000000000000000e+00 3.665692414058990267e-01 4.257041593798449597e-01 4.033073755290084161e-01 4.690368949118207120e-01 4.077663132427095660e-01 4.117355620958897955e-01 3.647178645833333288e-01 4.309396069978131405e-01 0.000000000000000000e+00 0.000000000000000000e+00 4.315711538461537988e-01 0.000000000000000000e+00 3.878278529411764985e-01 4.474199760779220547e-01 4.145745638349583873e-01 4.263420624472984977e-01 4.122739162504162058e-01 4.420065703747426133e-01 0.000000000000000000e+00 0.000000000000000000e+00 0.000000000000000000e+00 0.000000000000000000e+00 0.000000000000000000e+00 0.000000000000000000e+00 0.000000000000000000e+00 0.000000000000000000e+00 4.662988080808080360e-01 4.100038352941176578e-01
4.371767601451499452e-01 3.121606870489507246e-01 4.426461469592870568e-01 3.853210823829129050e-01 0.000000000000000000e+00 3.711454538461538277e-01 4.223851490282550247e-01 3.291384489771290167e-01 0.000000000000000000e+00 0.000000000000000000e+00 4.030327173611111813e-01 3.606341455497717452e-01 0.000000000000000000e+00 3.682538559096400488e-01 4.053214812030074832e-01 4.018475782566704457e-01 4.137961902715640572e-01 3.491096896293007790e-01 4.576783217994112585e-01 3.862516375360134369e-01 0.000000000000000000e+00 0.000000000000000000e+00 4.981618639053254638e-01 3.981345619240799216e-01 0.000000000000000000e+00 0.000000000000000000e+00 0.000000000000000000e+00 0.000000000000000000e+00 4.233044394659586374e-01 3.993595696480543578e-01 0.000000000000000000e+00 4.308618601202887088e-01 4.499832344503557069e-01 4.388468915516066104e-01 4.389045822142046416e-01 0.000000000000000000e+00 4.495918298227126186e-01 4.799017276183343284e-01 0.000000000000000000e+00 4.916699873853920821e-01 0.000000000000000000e+00 3.855761176470587914e-01 0.000000000000000000e+00 3.459946725663716749e-01 0.000000000000000000e+00 3.689046822634255984e-01 0.000000000000000000e+00 0.000000000000000000e+00 4.087126739130435005e-01 3.834939117275424358e-01 4.273509988113984304e-01 3.821220309394796621e-01 0.000000000000000000e+00 3.709111260053949422e-01 3.873791564625850836e-01 3.801354246850142671e-01 4.341882346456227282e-01 3.433197803761640077e-01 4.295881984890109750e-01 3.916385564638711347e-01 4.416169126213592699e-01 3.664802238846387450e-01 4.405416861313867782e-01 3.836168254465716632e-01 4.057319629493988389e-01 3.683223662476537985e-01 4.590537369550538038e-01 3.926581860639434263e-01 4.537378494810930252e-01 3.151485409079173849e-01 4.541554371754430441e-01 3.796928706657278219e-01 4.135465101730645410e-01 4.125471669200782565e-01 0.000000000000000000e+00 4.561789376123562278e-01 4.106771163775672084e-01 3.827193815194551152e-01 0.000000000000000000e+00 0.000000000000000000e+00 5.198162184873948988e-01 4.045854540041703973e-01 0.000000000000000000e+00 0.000000000000000000e+00 0.000000000000000000e+00 3.960005089048789229e-01 0.000000000000000000e+00 0.000000000000000000e+00 3.707639506172838995e-01 3.927470004443836538e-01 4.219125341588511047e-01 4.136677272341306999e-01 0.000000000000000000e+00 0.000000000000000000e+00 4.221139787699499379e-01 4.109286319952421551e-01 0.000000000000000000e+00 0.000000000000000000e+00 0.000000000000000000e+00 3.971231370412734996e-01 0.000000000000000000e+00 0.000000000000000000e+00 4.302939226782753201e-01 4.136733278000097047e-01 4.594770198209718881e-01 4.379261729808495707e-01 0.000000000000000000e+00 3.741716936936936855e-01 0.000000000000000000e+00 0.000000000000000000e+00 0.000000000000000000e+00 0.000000000000000000e+00 0.000000000000000000e+00 0.000000000000000000e+00 4.442064787234043521e-01 0.000000000000000000e+00
3.587614340163351456e-01 4.426461469592870568e-01 2.627127814987951226e-01 4.130729549622566554e-01 2.264766316451257699e-01 4.137984292671947895e-01 3.142923790817590546e-01 4.006754816925727214e-01 2.721666027673353416e-01 4.223223178169979164e-01 3.575250169721249094e-01 3.849525549962602433e-01 3.076927516682483876e-01 3.999193912478702373e-01 2.980583977738528456e-01 4.312474500131245336e-01 3.816636338731906331e-01 4.330692111331757577e-01 3.074945517867867517e-01 4.426363936804351695e-01 3.480315101543541845e-01 0.000000000000000000e+00 2.964199084013373620e-01 4.086890648813088500e-01 2.555125440422580940e-01 4.155257686577791820e-01 3.141883453227663492e-01 0.000000000000000000e+00 3.489722317810289298e-01 3.887582932326555940e-01 3.541516799766418200e-01 4.124392442791846025e-01 4.048255288438064592e-01 4.274116377439589054e-01 3.773344188034188917e-01 0.000000000000000000e+00 4.323727546728304283e-01 0.000000000000000000e+00 0.000000000000000000e+00 0.000000000000000000e+00 3.339135540697674154e-01 0.000000000000000000e+00 3.244191337579617751e-01 0.000000000000000000e+00 3.696729184611310948e-01 0.000000000000000000e+00 3.794545753854940973e-01 0.000000000000000000e+00 3.911415878808821023e-01 0.000000000000000000e+00 3.676613001590958163e-01 0.000000000000000000e+00 3.417935589263794149e-01 0.000000000000000000e+00 3.408944727106781869e-01 0.000000000000000000e+00 3.832323557325402197e-01 4.440084866340902603e-01 4.067505095470742571e-01 4.676953275862068549e-01 3.835228770248669816e-01 4.539984518941799774e-01 3.860301999474134438e-01 4.613766869565217310e-01 3.487699942100660477e-01 4.195520775193798957e-01 4.146588968350100046e-01 4.828950955414013091e-01 3.971134576713243880e-01 4.267047214285714096e-01 3.197427849380374276e-01 4.183382518693499752e-01 3.509586376559699628e-01 4.153008801087123003e-01 3.287747817057803945e-01 4.560229450549450614e-01 3.973562559046573406e-01 4.182989284202361380e-01 0.000000000000000000e+00 0.000000000000000000e+00 3.542922286535994392e-01 4.741278125000000232e-01 3.750637356321839810e-01 0.000000000000000000e+00 3.477209752883669291e-01 0.000000000000000000e+00 3.786290364963503241e-01 0.000000000000000000e+00 3.233179547254075303e-01 0.000000000000000000e+00 4.290265006586412300e-01 4.080459507042253908e-01 4.007044084507042081e-01 4.732889413946186341e-01 4.135759657920792254e-01 4.473768785046728369e-01 4.880457241379310140e-01 0.000000000000000000e+00 0.000000000000000000e+00 0.000000000000000000e+00 4.130928978102189619e-01 0.000000000000000000e+00 4.323496837334333542e-01 4.359187839628616001e-01 4.644565929203539056e-01 4.550970118703855927e-01 0.000000000000000000e+00 0.000000000000000000e+00 0.000000000000000000e+00 4.061445053763441115e-01 0.000000000000000000e+00 0.000000000000000000e+00 0.000000000000000000e+00 3.992808016528925918e-01 0.000000000000000000e+00 0.000000000000000000e+00
4.560545431105386682e-01 3.853210823829129050e-01 4.130729549622566554e-01 2.674871056641758837e-01 4.253923570398312481e-01 1.942219538138173773e-01 4.101904952748979816e-01 2.999568835411373646e-01 4.182538051945676738e-01 3.089721538461538963e-01 4.506098348958036404e-01 3.551761781802347806e-01 3.941469773458107784e-01 3.302854517274557700e-01 4.077899445340301132e-01 2.943370000147155219e-01 4.401993155725393847e-01 3.852448047474980042e-01 4.684523068718298711e-01 3.436116029084070322e-01 3.678648080393765452e-01 0.000000000000000000e+00 4.043889948954524360e-01 2.662434114609343316e-01 4.590340218794835003e-01 2.479817378932649419e-01 0.000000000000000000e+00 2.813257831439327505e-01 4.229694341444705796e-01 3.559441210038530867e-01 3.570603505061304417e-01 3.187760301393520734e-01 4.442123818140674696e-01 3.606126870063025014e-01 0.000000000000000000e+00 4.246502620778985770e-01 5.037482980769230068e-01 4.560278519151371723e-01 0.000000000000000000e+00 5.058137609062504092e-01 0.000000000000000000e+00 0.000000000000000000e+00 0.000000000000000000e+00 3.880097096774194343e-01 0.000000000000000000e+00 4.105158928542831376e-01 0.000000000000000000e+00 4.330112590361446800e-01 0.000000000000000000e+00 4.141874706063807809e-01 0.000000000000000000e+00 4.021590001254036206e-01 0.000000000000000000e+00 3.706511614933167276e-01 0.000000000000000000e+00 3.785391629222338850e-01 4.660889537718562736e-01 4.092741202261215849e-01 0.000000000000000000e+00 4.148802743132913862e-01 0.000000000000000000e+00 3.993735418604884568e-01 4.303299574468085198e-01 4.288494376904373184e-01 4.122620916030534932e-01 3.791998862549267879e-01 4.656651235296848657e-01 4.073781204124709565e-01 4.861619844867210993e-01 4.128876007526439684e-01 4.202859377568831656e-01 3.231493600578205783e-01 4.106609695052145792e-01 3.766820336861020913e-01 0.000000000000000000e+00 3.616368095738166644e-01 4.253887041318892281e-01 3.983624894112635650e-01 0.000000000000000000e+00 4.158042980769230956e-01 4.838206096491227681e-01 3.549450278018748683e-01 0.000000000000000000e+00 0.000000000000000000e+00 0.000000000000000000e+00 3.699359258722033084e-01 0.000000000000000000e+00 0.000000000000000000e+00 0.000000000000000000e+00 3.731913804406187807e-01 4.477728642220552002e-01 4.469686747077676880e-01 0.000000000000000000e+00 4.194324782608695457e-01 0.000000000000000000e+00 4.427184448262695415e-01 0.000000000000000000e+00 0.000000000000000000e+00 4.660261360153256649e-01 3.753759779411764974e-01 0.000000000000000000e+00 0.000000000000000000e+00 0.000000000000000000e+00 3.871177898615938417e-01 4.473468287671232280e-01 4.553829351623147059e-01 0.000000000000000000e+00 0.000000000000000000e+00 0.000000000000000000e+00 0.000000000000000000e+00 4.186548145695364043e-01 0.000000000000000000e+00 0.000000000000000000e+00 0.000000000000000000e+00 4.036226239316239583e-01 0.000000000000000000e+00
4.166245638297872977e-01 0.000000000000000000e+00 2.264766316451257699e-01 4.253923570398312481e-01 2.166105529736078172e-01 4.123823727396325189e-01 0.000000000000000000e+00 3.834747515527950901e-01 2.160307304144694351e-01 4.183664787068838153e-01 0.000000000000000000e+00 0.000000000000000000e+00 0.000000000000000000e+00 4.161891341463413996e-01 2.343197269333314459e-01 4.183594947530334673e-01 0.000000000000000000e+00 0.000000000000000000e+00 0.000000000000000000e+00 0.000000000000000000e+00 3.047983133033714265e-01 4.094824857142856933e-01 1.967083692302150078e-01 4.146840207427507918e-01 2.407094365792038504e-01 4.262878233727839805e-01 2.214375485528890797e-01 4.123530642751160880e-01 2.898565734033172747e-01 0.000000000000000000e+00 3.699640334891108329e-01 3.929641278453125941e-01 0.000000000000000000e+00 0.000000000000000000e+00 0.000000000000000000e+00 0.000000000000000000e+00 3.719802280701754449e-01 0.000000000000000000e+00 0.000000000000000000e+00 0.000000000000000000e+00 0.000000000000000000e+00 0.000000000000000000e+00 4.187297923076923056e-01 0.000000000000000000e+00 4.649617433628318031e-01 0.000000000000000000e+00 4.297199494378214357e-01 0.000000000000000000e+00 0.000000000000000000e+00 0.000000000000000000e+00 3.940495430656934528e-01 0.000000000000000000e+00 0.000000000000000000e+00 0.000000000000000000e+00 0.000000000000000000e+00 0.000000000000000000e+00 4.474802890624999807e-01 0.000000000000000000e+00 0.000000000000000000e+00 0.000000000000000000e+00 4.117668365384615781e-01 0.000000000000000000e+00 0.000000000000000000e+00 0.000000000000000000e+00 0.000000000000000000e+00 0.000000000000000000e+00 0.000000000000000000e+00 0.000000000000000000e+00 0.000000000000000000e+00 0.000000000000000000e+00 2.640032886866736095e-01 4.027487659574467971e-01 2.804597771089486491e-01 4.190664285714286730e-01 2.660821325959621952e-01 0.000000000000000000e+00 3.412213903905113033e-01 4.121358421052631615e-01 0.000000000000000000e+00 0.000000000000000000e+00 4.015861294117648028e-01 0.000000000000000000e+00 3.402101456730769469e-01 0.000000000000000000e+00 3.582061440497248395e-01 0.000000000000000000e+00 0.000000000000000000e+00 0.000000000000000000e+00 3.584604803921568328e-01 0.000000000000000000e+00 3.800254306569343377e-01 0.000000000000000000e+00 0.000000000000000000e+00 0.000000000000000000e+00 0.000000000000000000e+00 0.000000000000000000e+00 0.000000000000000000e+00 0.000000000000000000e+00 0.000000000000000000e+00 0.000000000000000000e+00 0.000000000000000000e+00 0.000000000000000000e+00 0.000000000000000000e+00 3.888042959687499911e-01 0.000000000000000000e+00 0.000000000000000000e+00 0.000000000000000000e+00 0.000000000000000000e+00 0.000000000000000000e+00 0.000000000000000000e+00 0.000000000000000000e+00 0.000000000000000000e+00 0.000000000000000000e+00 0.000000000000000000e+00 0.000000000000000000e+00 0.000000000000000000e+00
0.000000000000000000e+00 3.711454538461538277e-01 4.137984292671947895e-01 1.942219538138173773e-01 4.123823727396325189e-01 2.115979573042215955e-01 4.066881968533573866e-01 2.066666766403333355e-01 4.064190045643615301e-01 1.680140000009581192e-01 0.000000000000000000e+00 0.000000000000000000e+00 3.813663066666665991e-01 2.781019257700999558e-01 4.222467721235216298e-01 2.354209148501736348e-01 0.000000000000000000e+00 0.000000000000000000e+00 0.000000000000000000e+00 3.564866161106233777e-01 3.775597323222775192e-01 3.891027940090387993e-01 4.016586483402500019e-01 2.938808907073523491e-01 4.130928967312524902e-01 2.022579679552717613e-01 3.972119757443122734e-01 2.642473959944960371e-01 0.000000000000000000e+00 2.785695517241379981e-01 3.620049795014909089e-01 3.452613581778720131e-01 0.000000000000000000e+00 0.000000000000000000e+00 0.000000000000000000e+00 0.000000000000000000e+00 0.000000000000000000e+00 3.263290056206089029e-01 0.000000000000000000e+00 0.000000000000000000e+00 0.000000000000000000e+00 0.000000000000000000e+00 0.000000000000000000e+00 0.000000000000000000e+00 0.000000000000000000e+00 4.004730419161676158e-01 0.000000000000000000e+00 3.950396762589928334e-01 0.000000000000000000e+00 0.000000000000000000e+00 0.000000000000000000e+00 0.000000000000000000e+00 0.000000000000000000e+00 0.000000000000000000e+00 0.000000000000000000e+00 0.000000000000000000e+00 0.000000000000000000e+00 3.587397126054626129e-01 0.000000000000000000e+00 0.000000000000000000e+00 0.000000000000000000e+00 0.000000000000000000e+00 0.000000000000000000e+00 0.000000000000000000e+00 0.000000000000000000e+00 0.000000000000000000e+00 0.000000000000000000e+00 3.578250866141731712e-01 0.000000000000000000e+00 3.597285123966942888e-01 4.257820768698493130e-01 2.955847284073194192e-01 0.000000000000000000e+00 2.705688007760279623e-01 0.000000000000000000e+00 2.483662206360901514e-01 0.000000000000000000e+00 2.997061780745193804e-01 0.000000000000000000e+00 0.000000000000000000e+00 0.000000000000000000e+00 3.627062272727272219e-01 0.000000000000000000e+00 3.278330320987654090e-01 0.000000000000000000e+00 3.578180082644628057e-01 0.000000000000000000e+00 0.000000000000000000e+00 0.000000000000000000e+00 3.639900595295578190e-01 0.000000000000000000e+00 0.000000000000000000e+00 0.000000000000000000e+00 0.000000000000000000e+00 0.000000000000000000e+00 0.000000000000000000e+00 0.000000000000000000e+00 0.000000000000000000e+00 0.000000000000000000e+00 0.000000000000000000e+00 0.000000000000000000e+00 0.000000000000000000e+00 0.000000000000000000e+00 0.000000000000000000e+00 0.000000000000000000e+00 0.000000000000000000e+00 0.000000000000000000e+00 0.000000000000000000e+00 0.000000000000000000e+00 0.000000000000000000e+00 0.000000000000000000e+00 0.000000000000000000e+00 0.000000000000000000e+00 0.000000000000000000e+00 0.000000000000000000e+00 0.000000000000000000e+00
3.318702118500624909e-01 4.223851490282550247e-01 3.142923790817590546e-01 4.101904952748979816e-01 0.000000000000000000e+00 4.066881968533573866e-01 2.672096572091997579e-01 3.998068528395289367e-01 2.995723498849888755e-01 4.332241632003412946e-01 3.369330609126010012e-01 3.859055878682405849e-01 2.809994328200879909e-01 3.985015393197920419e-01 2.958863591419282346e-01 4.331046949906871557e-01 3.641125997551177274e-01 4.079151470317285977e-01 3.642854313917771036e-01 4.147038712658450144e-01 0.000000000000000000e+00 0.000000000000000000e+00 3.279100271560724256e-01 3.949632158424570272e-01 0.000000000000000000e+00 4.223411387979046361e-01 0.000000000000000000e+00 0.000000000000000000e+00 3.400118939487530301e-01 4.022943577373542801e-01 3.326986427485018050e-01 4.153368382281765747e-01 3.510867128415676719e-01 3.986937968062753135e-01 0.000000000000000000e+00 0.000000000000000000e+00 4.147633409997866227e-01 0.000000000000000000e+00 0.000000000000000000e+00 0.000000000000000000e+00 0.000000000000000000e+00 0.000000000000000000e+00 3.047339891304347570e-01 0.000000000000000000e+00 3.536460674592136755e-01 4.433771438848920776e-01 0.000000000000000000e+00 0.000000000000000000e+00 3.481563447290573210e-01 0.000000000000000000e+00 3.514994886190655476e-01 4.311676692792130172e-01 3.410199373606314643e-01 0.000000000000000000e+00 3.409332771165130560e-01 0.000000000000000000e+00 3.630769451799872871e-01 0.000000000000000000e+00 3.856093263743962107e-01 3.957007532467532451e-01 3.865465050679610104e-01 3.895870619469026241e-01 3.398320301514493602e-01 3.977239315062350844e-01 3.780755004524676277e-01 0.000000000000000000e+00 3.978051610586175735e-01 4.164529247370415410e-01 3.603266945527907050e-01 0.000000000000000000e+00 3.028713592587455317e-01 4.132782741201687093e-01 3.547032609778749124e-01 3.962597619838029162e-01 3.592099090909090520e-01 0.000000000000000000e+00 3.680177285637120099e-01 4.160527403524315049e-01 3.322874142857143442e-01 0.000000000000000000e+00 3.462604191460583181e-01 0.000000000000000000e+00 0.000000000000000000e+00 0.000000000000000000e+00 3.618412466854402099e-01 0.000000000000000000e+00 0.000000000000000000e+00 0.000000000000000000e+00 3.452300125451130408e-01 4.405432758620689282e-01 4.056479052285595910e-01 0.000000000000000000e+00 0.000000000000000000e+00 0.000000000000000000e+00 3.967524451976082722e-01 0.000000000000000000e+00 4.485117142857142913e-01 0.000000000000000000e+00 0.000000000000000000e+00 0.000000000000000000e+00 0.000000000000000000e+00 0.000000000000000000e+00 3.965293904518328860e-01 0.000000000000000000e+00 0.000000000000000000e+00 4.438771566253754131e-01 0.000000000000000000e+00 0.000000000000000000e+00 0.000000000000000000e+00 0.000000000000000000e+00 0.000000000000000000e+00 0.000000000000000000e+00 0.000000000000000000e+00 0.000000000000000000e+00 0.000000000000000000e+00 0.000000000000000000e+00
4.031388751702041362e-01 3.291384489771290167e-01 4.006754816925727214e-01 2.999568835411373646e-01 3.834747515527950901e-01 2.066666766403333355e-01 3.998068528395289367e-01 2.579009548278501374e-01 4.148963971200159695e-01 2.189575846170499773e-01 4.013889169091821585e-01 2.945956935038551716e-01 3.986864282980963070e-01 2.582920989576673598e-01 4.232579307347242858e-01 3.028250220798563430e-01 4.071278747490195138e-01 3.509746979065831995e-01 4.215954111713469121e-01 3.683509373091235495e-01 0.000000000000000000e+00 0.000000000000000000e+00 4.005854633123802078e-01 3.338348060537443263e-01 0.000000000000000000e+00 0.000000000000000000e+00 0.000000000000000000e+00 3.403743635088298247e-01 3.798350216484465136e-01 3.321356628590528826e-01 3.749455405022097954e-01 3.258603280680577030e-01 4.013986594207898939e-01 3.334327461930403080e-01 4.351557399999999576e-01 0.000000000000000000e+00 0.000000000000000000e+00 3.818990718014494967e-01 0.000000000000000000e+00 0.000000000000000000e+00 0.000000000000000000e+00 0.000000000000000000e+00 0.000000000000000000e+00 3.371949628509142149e-01 0.000000000000000000e+00 3.498305556367661273e-01 0.000000000000000000e+00 0.000000000000000000e+00 0.000000000000000000e+00 3.580973948671885565e-01 3.722821721311475596e-01 3.654968817791330871e-01 0.000000000000000000e+00 3.567413293065863078e-01 0.000000000000000000e+00 3.612530508692871623e-01 0.000000000000000000e+00 3.633265535521413847e-01 4.336249632352940919e-01 3.797701744200248086e-01 0.000000000000000000e+00 3.620405831899399796e-01 0.000000000000000000e+00 3.855422149473267113e-01 0.000000000000000000e+00 3.505290269731771713e-01 4.723451583997396730e-01 3.998875068731958526e-01 0.000000000000000000e+00 3.874578817022072408e-01 3.719726022727272707e-01 2.916899532663730921e-01 4.121748836983496478e-01 3.589525696271048671e-01 4.533794597701149010e-01 3.412412763157893769e-01 4.187474910149104890e-01 3.743120185383668197e-01 0.000000000000000000e+00 3.473842568807339881e-01 0.000000000000000000e+00 3.688664597977000525e-01 0.000000000000000000e+00 0.000000000000000000e+00 0.000000000000000000e+00 3.715289022718067935e-01 0.000000000000000000e+00 0.000000000000000000e+00 0.000000000000000000e+00 3.701062365243617536e-01 4.533952883435582448e-01 0.000000000000000000e+00 0.000000000000000000e+00 0.000000000000000000e+00 0.000000000000000000e+00 4.483706666666665841e-01 0.000000000000000000e+00 0.000000000000000000e+00 0.000000000000000000e+00 0.000000000000000000e+00 0.000000000000000000e+00 0.000000000000000000e+00 0.000000000000000000e+00 4.581871783783783014e-01 0.000000000000000000e+00 4.446316103341103609e-01 0.000000000000000000e+00 0.000000000000000000e+00 0.000000000000000000e+00 0.000000000000000000e+00 0.000000000000000000e+00 0.000000000000000000e+00 0.000000000000000000e+00 0.000000000000000000e+00 0.000000000000000000e+00 0.000000000000000000e+00
3.674096022710180987e-01 0.000000000000000000e+00 2.721666027673353416e-01 4.182538051945676738e-01 2.160307304144694351e-01 4.064190045643615301e-01 2.995723498849888755e-01 4.148963971200159695e-01 2.097418285390027226e-01 4.093119387577424106e-01 3.293905765312619693e-01 0.000000000000000000e+00 3.156731713076857404e-01 4.240479303758169505e-01 2.248891841923765511e-01 4.256789689491286000e-01 4.155659612403100334e-01 3.864724148148148686e-01 3.672270509038491615e-01 0.000000000000000000e+00 2.297107908045976921e-01 0.000000000000000000e+00 3.124745286968874103e-01 4.234060533781138225e-01 2.829415621848739848e-01 4.252544901931756272e-01 2.375667895368520355e-01 3.984878928571429224e-01 3.042938215163896176e-01 0.000000000000000000e+00 3.447187746740256742e-01 4.005383476751722682e-01 0.000000000000000000e+00 4.133789374999999877e-01 0.000000000000000000e+00 0.000000000000000000e+00 0.000000000000000000e+00 0.000000000000000000e+00 0.000000000000000000e+00 0.000000000000000000e+00 0.000000000000000000e+00 0.000000000000000000e+00 4.276758137931034875e-01 0.000000000000000000e+00 0.000000000000000000e+00 0.000000000000000000e+00 0.000000000000000000e+00 0.000000000000000000e+00 4.589515566951566927e-01 0.000000000000000000e+00 4.163434575163399431e-01 0.000000000000000000e+00 4.172626880733944499e-01 0.000000000000000000e+00 0.000000000000000000e+00 0.000000000000000000e+00 4.162301202761627961e-01 0.000000000000000000e+00 3.945707717391304103e-01 0.000000000000000000e+00 3.967045601147878298e-01 0.000000000000000000e+00 3.872165166455963092e-01 0.000000000000000000e+00 3.986877779627894802e-01 0.000000000000000000e+00 0.000000000000000000e+00 0.000000000000000000e+00 3.538661693793103136e-01 0.000000000000000000e+00 2.926093898721582320e-01 4.180272580645160718e-01 2.945675471238731191e-01 4.053288126310438111e-01 2.993527022289766970e-01 0.000000000000000000e+00 3.671013349880969945e-01 4.319122678571428731e-01 0.000000000000000000e+00 0.000000000000000000e+00 3.542337307251353096e-01 0.000000000000000000e+00 3.384751641414140977e-01 0.000000000000000000e+00 3.634021286308300458e-01 0.000000000000000000e+00 0.000000000000000000e+00 0.000000000000000000e+00 4.118909664988009700e-01 0.000000000000000000e+00 0.000000000000000000e+00 4.145342219045660137e-01 0.000000000000000000e+00 0.000000000000000000e+00 0.000000000000000000e+00 3.901209940049304992e-01 0.000000000000000000e+00 0.000000000000000000e+00 0.000000000000000000e+00 0.000000000000000000e+00 0.000000000000000000e+00 0.000000000000000000e+00 4.359710703125000419e-01 0.000000000000000000e+00 0.000000000000000000e+00 0.000000000000000000e+00 0.000000000000000000e+00 0.000000000000000000e+00 0.000000000000000000e+00 0.000000000000000000e+00 0.000000000000000000e+00 0.000000000000000000e+00 0.000000000000000000e+00 0.000000000000000000e+00 0.000000000000000000e+00 0.000000000000000000e+00
0.000000000000000000e+00 0.000000000000000000e+00 4.223223178169979164e-01 3.089721538461538963e-01 4.183664787068838153e-01 1.680140000009581192e-01 4.332241632003412946e-01 2.189575846170499773e-01 4.093119387577424106e-01 1.809284823554422328e-01 0.000000000000000000e+00 0.000000000000000000e+00 0.000000000000000000e+00 2.792472929582211494e-01 4.107858083299393837e-01 2.095722274747306713e-01 0.000000000000000000e+00 0.000000000000000000e+00 0.000000000000000000e+00 0.000000000000000000e+00 0.000000000000000000e+00 0.000000000000000000e+00 3.986273685811648759e-01 0.000000000000000000e+00 4.337684109408033173e-01 0.000000000000000000e+00 0.000000000000000000e+00 0.000000000000000000e+00 0.000000000000000000e+00 0.000000000000000000e+00 3.564962750254131452e-01 3.363269238981733134e-01 3.431275235294117265e-01 0.000000000000000000e+00 0.000000000000000000e+00 0.000000000000000000e+00 0.000000000000000000e+00 0.000000000000000000e+00 0.000000000000000000e+00 0.000000000000000000e+00 0.000000000000000000e+00 0.000000000000000000e+00 0.000000000000000000e+00 0.000000000000000000e+00 0.000000000000000000e+00 0.000000000000000000e+00 0.000000000000000000e+00 0.000000000000000000e+00 0.000000000000000000e+00 0.000000000000000000e+00 0.000000000000000000e+00 0.000000000000000000e+00 0.000000000000000000e+00 0.000000000000000000e+00 0.000000000000000000e+00 0.000000000000000000e+00 0.000000000000000000e+00 0.000000000000000000e+00 0.000000000000000000e+00 0.000000000000000000e+00 0.000000000000000000e+00 0.000000000000000000e+00 0.000000000000000000e+00 0.000000000000000000e+00 0.000000000000000000e+00 0.000000000000000000e+00 0.000000000000000000e+00 0.000000000000000000e+00 0.000000000000000000e+00 0.000000000000000000e+00 4.462827500000000058e-01 2.602431895480541990e-01 0.000000000000000000e+00 2.554865288502294329e-01 0.000000000000000000e+00 2.501621749999999866e-01 0.000000000000000000e+00 3.360932116338571363e-01 0.000000000000000000e+00 0.000000000000000000e+00 0.000000000000000000e+00 3.330148640776698921e-01 0.000000000000000000e+00 0.000000000000000000e+00 0.000000000000000000e+00 0.000000000000000000e+00 0.000000000000000000e+00 0.000000000000000000e+00 0.000000000000000000e+00 0.000000000000000000e+00 0.000000000000000000e+00 0.000000000000000000e+00 0.000000000000000000e+00 0.000000000000000000e+00 0.000000000000000000e+00 0.000000000000000000e+00 0.000000000000000000e+00 0.000000000000000000e+00 0.000000000000000000e+00 0.000000000000000000e+00 0.000000000000000000e+00 0.000000000000000000e+00 0.000000000000000000e+00 0.000000000000000000e+00 0.000000000000000000e+00 0.000000000000000000e+00 0.000000000000000000e+00 0.000000000000000000e+00 0.000000000000000000e+00 0.000000000000000000e+00 0.000000000000000000e+00 0.000000000000000000e+00 0.000000000000000000e+00 0.000000000000000000e+00 0.000000000000000000e+00 0.000000000000000000e+00
2.906408331937755940e-01 4.030327173611111813e-01 3.575250169721249094e-01 4.506098348958036404e-01 0.000000000000000000e+00 0.000000000000000000e+00 3.369330609126010012e-01 4.013889169091821585e-01 3.293905765312619693e-01 0.000000000000000000e+00 2.922309561623274154e-01 3.946683945362893242e-01 2.982110745307706146e-01 3.958991797752809405e-01 3.409186364308832706e-01 0.000000000000000000e+00 3.086903033854648259e-01 4.392151910112359059e-01 3.824544905427115782e-01 4.246035901874646856e-01 0.000000000000000000e+00 0.000000000000000000e+00 3.510374270147701425e-01 0.000000000000000000e+00 0.000000000000000000e+00 0.000000000000000000e+00 0.000000000000000000e+00 0.000000000000000000e+00 3.318250104083831364e-01 3.719522025316456260e-01 3.269368454370466526e-01 3.402170754716981049e-01 3.582666117655637361e-01 4.313737916666666727e-01 4.053929310344827064e-01 0.000000000000000000e+00 0.000000000000000000e+00 0.000000000000000000e+00 0.000000000000000000e+00 0.000000000000000000e+00 0.000000000000000000e+00 0.000000000000000000e+00 0.000000000000000000e+00 0.000000000000000000e+00 3.816323241670012134e-01 0.000000000000000000e+00 0.000000000000000000e+00 0.000000000000000000e+00 3.869185669460337706e-01 0.000000000000000000e+00 3.936489257498346217e-01 0.000000000000000000e+00 3.491257981343588446e-01 0.000000000000000000e+00 0.000000000000000000e+00 0.000000000000000000e+00 3.844138478226943323e-01 4.250943576158939807e-01 4.047310183969003994e-01 4.068774797297297074e-01 4.165573240742487804e-01 0.000000000000000000e+00 3.984273385472461015e-01 0.000000000000000000e+00 4.256701187796888552e-01 0.000000000000000000e+00 3.993357653575608790e-01 4.738081362169009880e-01 3.796728180921136730e-01 0.000000000000000000e+00 3.447892527007202501e-01 0.000000000000000000e+00 3.839779229804601846e-01 0.000000000000000000e+00 3.719269600529099828e-01 4.314646831683168204e-01 4.081683339473230476e-01 4.059319695249341553e-01 3.579601525423728448e-01 0.000000000000000000e+00 3.716821063214670318e-01 0.000000000000000000e+00 0.000000000000000000e+00 0.000000000000000000e+00 3.953431794941283384e-01 0.000000000000000000e+00 0.000000000000000000e+00 0.000000000000000000e+00 3.814385776365909475e-01 0.000000000000000000e+00 4.632799834710743525e-01 4.253992047244095076e-01 0.000000000000000000e+00 4.573311230769230851e-01 0.000000000000000000e+00 0.000000000000000000e+00 0.000000000000000000e+00 0.000000000000000000e+00 0.000000000000000000e+00 0.000000000000000000e+00 0.000000000000000000e+00 0.000000000000000000e+00 4.319860420168066817e-01 0.000000000000000000e+00 0.000000000000000000e+00 0.000000000000000000e+00 0.000000000000000000e+00 0.000000000000000000e+00 0.000000000000000000e+00 0.000000000000000000e+00 4.053886692913384882e-01 0.000000000000000000e+00 0.000000000000000000e+00 0.000000000000000000e+00 0.000000000000000000e+00 0.000000000000000000e+00
4.264692614204621535e-01 3.606341455497717452e-01 3.849525549962602433e-01 3.551761781802347806e-01 0.000000000000000000e+00 0.000000000000000000e+00 3.859055878682405849e-01 2.945956935038551716e-01 0.000000000000000000e+00 0.000000000000000000e+00 3.946683945362893242e-01 2.705457965151035205e-01 3.834103771609946865e-01 2.796022715774265643e-01 0.000000000000000000e+00 3.395202500000000789e-01 4.234846150326797010e-01 3.385839460203353135e-01 4.174633062045156606e-01 3.590159334370814359e-01 0.000000000000000000e+00 0.000000000000000000e+00 3.863524404114035971e-01 3.277144232917429956e-01 0.000000000000000000e+00 0.000000000000000000e+00 0.000000000000000000e+00 0.000000000000000000e+00 0.000000000000000000e+00 3.382720923689989667e-01 3.608134216060498445e-01 3.059481805113800634e-01 4.078280151401337261e-01 3.281785839361748280e-01 0.000000000000000000e+00 4.361028104575162545e-01 0.000000000000000000e+00 4.155684426931887110e-01 0.000000000000000000e+00 0.000000000000000000e+00 0.000000000000000000e+00 0.000000000000000000e+00 0.000000000000000000e+00 0.000000000000000000e+00 0.000000000000000000e+00 3.949861865256411586e-01 0.000000000000000000e+00 0.000000000000000000e+00 0.000000000000000000e+00 3.620353296478890925e-01 0.000000000000000000e+00 3.863560562594638426e-01 0.000000000000000000e+00 3.383641359223301115e-01 0.000000000000000000e+00 3.804145970213487771e-01 0.000000000000000000e+00 3.799865709950167036e-01 4.135283841463414101e-01 4.140371754631669843e-01 0.000000000000000000e+00 3.988530777827540286e-01 0.000000000000000000e+00 3.957183221221952651e-01 0.000000000000000000e+00 3.866895386763363196e-01 0.000000000000000000e+00 4.029373896703294378e-01 0.000000000000000000e+00 0.000000000000000000e+00 0.000000000000000000e+00 3.448615896882687992e-01 3.914410652201988916e-01 3.566439300401870183e-01 0.000000000000000000e+00 3.668887391304348489e-01 4.159251170804419417e-01 4.118968469564679435e-01 0.000000000000000000e+00 3.834263673469387457e-01 0.000000000000000000e+00 3.904305540282119735e-01 0.000000000000000000e+00 0.000000000000000000e+00 0.000000000000000000e+00 3.996315073607211721e-01 0.000000000000000000e+00 4.048778053691274859e-01 0.000000000000000000e+00 3.908551485161927408e-01 4.600045395683453608e-01 0.000000000000000000e+00 0.000000000000000000e+00 0.000000000000000000e+00 0.000000000000000000e+00 4.369934731182796295e-01 0.000000000000000000e+00 0.000000000000000000e+00 0.000000000000000000e+00 0.000000000000000000e+00 0.000000000000000000e+00 0.000000000000000000e+00 0.000000000000000000e+00 0.000000000000000000e+00 0.000000000000000000e+00 0.000000000000000000e+00 0.000000000000000000e+00 0.000000000000000000e+00 0.000000000000000000e+00 0.000000000000000000e+00 0.000000000000000000e+00 0.000000000000000000e+00 0.000000000000000000e+00 0.000000000000000000e+00 0.000000000000000000e+00 0.000000000000000000e+00
3.378694953589066463e-01 0.000000000000000000e+00 3.076927516682483876e-01 3.941469773458107784e-01 0.000000000000000000e+00 3.813663066666665991e-01 2.809994328200879909e-01 3.986864282980963070e-01 3.156731713076857404e-01 0.000000000000000000e+00 2.982110745307706146e-01 3.834103771609946865e-01 2.411467861426027093e-01 3.939162999425907530e-01 2.765126395073377319e-01 4.452038501984126317e-01 3.816387518168086745e-01 0.000000000000000000e+00 3.671886775523960367e-01 3.986601806823471539e-01 0.000000000000000000e+00 0.000000000000000000e+00 3.318717195039179169e-01 3.896132327307398335e-01 0.000000000000000000e+00 0.000000000000000000e+00 0.000000000000000000e+00 0.000000000000000000e+00 3.024608073482457637e-01 3.656167901234567696e-01 3.482048501847181954e-01 4.147486676642617720e-01 3.457573797979798247e-01 3.774778360822831358e-01 0.000000000000000000e+00 0.000000000000000000e+00 0.000000000000000000e+00 0.000000000000000000e+00 0.000000000000000000e+00 0.000000000000000000e+00 0.000000000000000000e+00 0.000000000000000000e+00 0.000000000000000000e+00 0.000000000000000000e+00 0.000000000000000000e+00 0.000000000000000000e+00 0.000000000000000000e+00 0.000000000000000000e+00 3.380114747813707243e-01 0.000000000000000000e+00 3.983190077349003100e-01 0.000000000000000000e+00 0.000000000000000000e+00 0.000000000000000000e+00 3.365514350649350672e-01 0.000000000000000000e+00 3.898595432554859408e-01 0.000000000000000000e+00 3.966102728276378331e-01 0.000000000000000000e+00 4.137586230194557624e-01 0.000000000000000000e+00 4.093282919526627373e-01 0.000000000000000000e+00 4.116911416934331269e-01 0.000000000000000000e+00 3.929904232897231675e-01 4.203076026490066286e-01 4.286745728155338386e-01 0.000000000000000000e+00 3.176936593340464743e-01 0.000000000000000000e+00 3.732830188323083553e-01 3.936026424879000007e-01 3.725864195178906213e-01 4.054051240237425691e-01 3.947180206479653508e-01 0.000000000000000000e+00 0.000000000000000000e+00 0.000000000000000000e+00 3.680192947750403065e-01 0.000000000000000000e+00 0.000000000000000000e+00 0.000000000000000000e+00 3.820754311391341140e-01 0.000000000000000000e+00 0.000000000000000000e+00 0.000000000000000000e+00 3.832325006446339333e-01 0.000000000000000000e+00 0.000000000000000000e+00 4.522702214285714284e-01 0.000000000000000000e+00 0.000000000000000000e+00 0.000000000000000000e+00 0.000000000000000000e+00 0.000000000000000000e+00 0.000000000000000000e+00 0.000000000000000000e+00 4.371347703703703513e-01 0.000000000000000000e+00 0.000000000000000000e+00 4.290245461538461091e-01 4.268391447696934793e-01 0.000000000000000000e+00 4.562886814159292093e-01 0.000000000000000000e+00 0.000000000000000000e+00 0.000000000000000000e+00 0.000000000000000000e+00 0.000000000000000000e+00 0.000000000000000000e+00 0.000000000000000000e+00 0.000000000000000000e+00 4.785684646464645753e-01 0.000000000000000000e+00
