0.000000000000000000e+00 4.611081714415299869e-03 6.706225864180088980e-02 1.985627836611195043e-03 1.369863013698630148e-03 0.000000000000000000e+00 1.661382371591629548e-01 1.739479494212885615e-03 5.212510024057738500e-03 0.000000000000000000e+00 2.119097464526634167e-01 3.477656059815684066e-04 4.140951622536332560e-02 1.185536455245998804e-04 2.671118530884808006e-03 0.000000000000000000e+00 4.606931530008453318e-02 3.418219107844812734e-04 4.094348019581664500e-02 1.347638361899777641e-02 0.000000000000000000e+00 0.000000000000000000e+00 7.321716210279689526e-04 2.455795677799606897e-04 0.000000000000000000e+00 0.000000000000000000e+00 0.000000000000000000e+00 0.000000000000000000e+00 8.222557215293956057e-02 1.419244961680385993e-04 0.000000000000000000e+00 3.125000000000000065e-04 4.561506768687463402e-03 6.126995915336056614e-03 1.915708812260536300e-03 0.000000000000000000e+00 1.046258173891983501e-01 1.988466892026247667e-04 0.000000000000000000e+00 0.000000000000000000e+00 2.711864406779661008e-01 0.000000000000000000e+00 9.932459276916964601e-05 0.000000000000000000e+00 6.662225183211192663e-04 0.000000000000000000e+00 0.000000000000000000e+00 0.000000000000000000e+00 4.020313161235717671e-03 0.000000000000000000e+00 2.665864902786129614e-02 0.000000000000000000e+00 1.742160278745644598e-03 0.000000000000000000e+00 1.644736842105263067e-03 0.000000000000000000e+00 2.601079784043191512e-01 1.222961094550179591e-03 5.095785440613026518e-02 1.202790473899446752e-04 5.773918342474101267e-02 0.000000000000000000e+00 1.927623204218948880e-02 0.000000000000000000e+00 4.752387297357317519e-02 0.000000000000000000e+00 1.599177031702983184e-02 7.402533311399901728e-04 1.060454480491639234e-01 2.690341673392520738e-03 1.006528835690968376e-01 0.000000000000000000e+00 9.046793760831889353e-02 9.313877677739832708e-04 1.336898395721925099e-02 0.000000000000000000e+00 8.707904748485274793e-02 4.133370074400661448e-04 0.000000000000000000e+00 0.000000000000000000e+00 3.822502908426126181e-03 0.000000000000000000e+00 0.000000000000000000e+00 0.000000000000000000e+00 2.619414483821263379e-02 6.936736958934517337e-05 2.790697674418604699e-03 0.000000000000000000e+00 2.292263610315186176e-02 0.000000000000000000e+00 1.983411467724485906e-03 8.274720728175423553e-04 3.332222592469177044e-04 0.000000000000000000e+00 2.348993288590604106e-02 2.004454342984409929e-02 4.990019960079839900e-04 0.000000000000000000e+00 3.981797497155858609e-03 1.612903225806451612e-03 0.000000000000000000e+00 0.000000000000000000e+00 9.759271307742355388e-04 2.751410097675058286e-04 2.389078498293515165e-03 0.000000000000000000e+00 1.392757660167130923e-03 0.000000000000000000e+00 0.000000000000000000e+00 0.000000000000000000e+00 4.766444232602478400e-04 0.000000000000000000e+00 0.000000000000000000e+00 0.000000000000000000e+00 0.000000000000000000e+00 0.000000000000000000e+00
4.611081714415299869e-03 0.000000000000000000e+00 4.709428275407365303e-04 5.682677760968229963e-02 0.000000000000000000e+00 6.447453255963894302e-04 5.284295075036989694e-04 1.266474877901919982e-01 0.000000000000000000e+00 1.794526693584567014e-03 0.000000000000000000e+00 6.190227786471917681e-02 1.990842126219390779e-04 1.102548903378778970e-02 0.000000000000000000e+00 1.204529029149602410e-03 4.226542688081149366e-04 6.819347120150401342e-02 1.602136181575434040e-02 8.609184875049064045e-02 0.000000000000000000e+00 0.000000000000000000e+00 0.000000000000000000e+00 0.000000000000000000e+00 0.000000000000000000e+00 0.000000000000000000e+00 0.000000000000000000e+00 0.000000000000000000e+00 1.370426202548992607e-04 9.948907181379505749e-02 1.719320868257038408e-03 0.000000000000000000e+00 1.147733961153619801e-02 1.476049015967322714e-02 4.214559386973179729e-03 0.000000000000000000e+00 4.843787842092516166e-04 8.252137601908927922e-02 0.000000000000000000e+00 0.000000000000000000e+00 0.000000000000000000e+00 7.488986784140969077e-02 0.000000000000000000e+00 1.862081807460741034e-04 0.000000000000000000e+00 0.000000000000000000e+00 0.000000000000000000e+00 0.000000000000000000e+00 0.000000000000000000e+00 2.460889435753207781e-03 1.336273134228636308e-04 5.578880772991315525e-03 0.000000000000000000e+00 5.519525320822408739e-04 0.000000000000000000e+00 1.312527344319673432e-03 8.398320335932813602e-04 2.896889092715738134e-01 2.554278416347382130e-04 2.237190281452971011e-02 3.046922608165752761e-04 7.114960095092545678e-02 0.000000000000000000e+00 2.075206740521142249e-02 0.000000000000000000e+00 3.733194099986946596e-02 1.028710371270924982e-03 5.181773317979931209e-03 7.003001286265542538e-03 4.950228679042238678e-02 2.720348204570185047e-04 6.397760265450021244e-02 1.155401502021952674e-04 6.271344303011487653e-02 0.000000000000000000e+00 4.016064257028112081e-03 2.818092151613357950e-04 8.087627445577294516e-02 0.000000000000000000e+00 2.638522427440633152e-03 0.000000000000000000e+00 6.169154228855721310e-03 0.000000000000000000e+00 0.000000000000000000e+00 0.000000000000000000e+00 2.136514983351831334e-02 0.000000000000000000e+00 0.000000000000000000e+00 1.910219675262655255e-04 1.497111870800424405e-02 1.262170934006491248e-03 3.516756309474555146e-03 0.000000000000000000e+00 5.202913631633715365e-04 1.677852348993288598e-02 4.899777282850779209e-02 0.000000000000000000e+00 2.636203866432337492e-03 0.000000000000000000e+00 5.645161290322580315e-03 0.000000000000000000e+00 1.506024096385542247e-03 0.000000000000000000e+00 1.925987068372541017e-03 0.000000000000000000e+00 1.627604166666666739e-03 0.000000000000000000e+00 0.000000000000000000e+00 0.000000000000000000e+00 0.000000000000000000e+00 0.000000000000000000e+00 0.000000000000000000e+00 0.000000000000000000e+00 0.000000000000000000e+00 0.000000000000000000e+00 0.000000000000000000e+00
6.706225864180088980e-02 4.709428275407365303e-04 0.000000000000000000e+00 5.578668683812405306e-03 9.530332681017612828e-02 2.793896410917687603e-03 3.447474106954132589e-01 7.961463838897437847e-03 6.255012028869286200e-02 4.486316733961417426e-03 5.326820190742032751e-02 2.260476438880194752e-03 7.545291658371490462e-02 3.319502074688796597e-03 3.606010016694490700e-02 2.168152252469284641e-03 1.542688081149619535e-02 1.709109553922406367e-04 9.227117638332590910e-02 3.140128221902394306e-03 0.000000000000000000e+00 0.000000000000000000e+00 1.644457460828818163e-01 6.385068762278978474e-03 2.784116841624828878e-02 4.512635379061372002e-04 2.211595935445307901e-02 0.000000000000000000e+00 4.056461559545018747e-02 2.838489923360771987e-04 2.428540726413066717e-02 2.187499999999999861e-02 7.798705120659211315e-03 6.034162643891571171e-03 2.681992337164750776e-03 0.000000000000000000e+00 1.816420440784693655e-02 1.988466892026247667e-04 0.000000000000000000e+00 0.000000000000000000e+00 0.000000000000000000e+00 0.000000000000000000e+00 0.000000000000000000e+00 6.206939358202471016e-05 4.441483455474128442e-04 0.000000000000000000e+00 1.826817683595177157e-04 0.000000000000000000e+00 1.269572577232331873e-03 0.000000000000000000e+00 2.605732611745840976e-03 0.000000000000000000e+00 0.000000000000000000e+00 0.000000000000000000e+00 2.055921052631578833e-04 0.000000000000000000e+00 2.639472105578884089e-03 0.000000000000000000e+00 1.008939974457215803e-02 0.000000000000000000e+00 2.132845825716026770e-03 0.000000000000000000e+00 9.092562284051645700e-04 0.000000000000000000e+00 1.998667554963357799e-03 1.305312622373058459e-04 1.131581408398017394e-02 8.225037012666557023e-05 2.286694297556095355e-03 0.000000000000000000e+00 4.148531011969532056e-02 3.110742430526752594e-04 9.924898902368572973e-02 1.241850357031977622e-03 6.238859180035650695e-03 0.000000000000000000e+00 9.454699168662815401e-02 1.377790024800220573e-04 2.797202797202797200e-03 0.000000000000000000e+00 8.309788931361143400e-04 0.000000000000000000e+00 0.000000000000000000e+00 0.000000000000000000e+00 1.733436055469953808e-03 6.936736958934517337e-05 0.000000000000000000e+00 0.000000000000000000e+00 9.551098376313275733e-04 0.000000000000000000e+00 1.262170934006491248e-03 2.275548200248241667e-03 6.664445184938354088e-04 0.000000000000000000e+00 2.013422818791946178e-02 1.559020044543429906e-02 4.990019960079839900e-04 0.000000000000000000e+00 2.844141069397042049e-03 4.032258064516128920e-03 0.000000000000000000e+00 0.000000000000000000e+00 3.253090435914118644e-04 5.502820195350116572e-04 1.365187713310580218e-03 3.255208333333333153e-04 0.000000000000000000e+00 0.000000000000000000e+00 0.000000000000000000e+00 0.000000000000000000e+00 0.000000000000000000e+00 1.730103806228373755e-03 0.000000000000000000e+00 0.000000000000000000e+00 0.000000000000000000e+00 0.000000000000000000e+00
1.985627836611195043e-03 5.682677760968229963e-02 5.578668683812405306e-03 0.000000000000000000e+00 3.131115459882583257e-03 5.781216419514292187e-02 5.178609173536250290e-03 1.999732387770121189e-01 1.202886928628708885e-03 2.422611036339165566e-02 1.163061177017911136e-03 3.825421665797252430e-02 2.588094764085207850e-03 3.200948429164196529e-02 6.677796327212020015e-04 2.529510961214165299e-02 4.226542688081149366e-04 2.102204751324559737e-02 4.895416110369381693e-03 1.013999738322648170e-01 0.000000000000000000e+00 1.389854065323141040e-03 1.669351295943769312e-02 2.202848722986247565e-01 4.564125969876768564e-04 3.880866425992780117e-02 1.195457262402868995e-03 1.117149758454106211e-02 5.481704810195970430e-04 5.265398807834232447e-02 2.192134107027723933e-02 8.031249999999999500e-02 7.945850500294291199e-03 2.450798366134422646e-02 3.831417624521072924e-04 2.440512507626601494e-03 0.000000000000000000e+00 3.638894412408033574e-02 0.000000000000000000e+00 8.941877794336810722e-03 0.000000000000000000e+00 5.286343612334801906e-02 0.000000000000000000e+00 1.241387871640494203e-04 0.000000000000000000e+00 1.913143294432753042e-04 0.000000000000000000e+00 9.424182452172274256e-05 0.000000000000000000e+00 1.669889259975391180e-03 0.000000000000000000e+00 1.725427043193190207e-03 0.000000000000000000e+00 2.759762660411204369e-04 0.000000000000000000e+00 1.458363715910748228e-04 0.000000000000000000e+00 9.401513414354505799e-03 0.000000000000000000e+00 1.455376473418330471e-02 0.000000000000000000e+00 1.018848700967906265e-03 0.000000000000000000e+00 1.248244655952566702e-03 0.000000000000000000e+00 3.785406604881869259e-03 2.805573739829795308e-04 1.044579700608652684e-02 2.858367871945119193e-04 8.878127522195319518e-03 6.800870511425462618e-04 3.183326420572376442e-02 4.621606008087810694e-04 8.237607368312117873e-02 0.000000000000000000e+00 2.275769745649263570e-02 1.409046075806678975e-04 7.963626343345274472e-02 0.000000000000000000e+00 0.000000000000000000e+00 0.000000000000000000e+00 3.980099502487562048e-04 0.000000000000000000e+00 0.000000000000000000e+00 0.000000000000000000e+00 1.387347391786903413e-03 0.000000000000000000e+00 1.230769230769230812e-03 0.000000000000000000e+00 1.414593893669692298e-03 1.803101334294987459e-04 1.241208109226313696e-03 0.000000000000000000e+00 0.000000000000000000e+00 6.711409395973154217e-03 4.231625835189309348e-02 0.000000000000000000e+00 1.757469244288224850e-03 5.688282138794083882e-04 0.000000000000000000e+00 0.000000000000000000e+00 3.012048192771084494e-03 4.879635653871177694e-04 6.878525244187645715e-04 3.412969283276450546e-04 9.765625000000000000e-04 0.000000000000000000e+00 0.000000000000000000e+00 0.000000000000000000e+00 0.000000000000000000e+00 4.766444232602478400e-04 0.000000000000000000e+00 0.000000000000000000e+00 0.000000000000000000e+00 0.000000000000000000e+00 0.000000000000000000e+00
1.369863013698630148e-03 0.000000000000000000e+00 9.530332681017612828e-02 3.131115459882583257e-03 0.000000000000000000e+00 7.307113690092413398e-03 1.310505178609173461e-02 1.338061149394527438e-04 4.178027265437048721e-01 9.421265141318977202e-03 2.326122354035822218e-04 0.000000000000000000e+00 1.592673700975512710e-02 0.000000000000000000e+00 2.190317195325542643e-01 1.445434834979523022e-03 0.000000000000000000e+00 0.000000000000000000e+00 2.076843198338525383e-03 0.000000000000000000e+00 2.257761053621825179e-02 2.084781097984711451e-03 3.426563186410894885e-02 3.192534381139489237e-03 2.911912368781378602e-01 9.927797833935018620e-03 2.101016138673042488e-01 2.717391304347826012e-03 6.166917911470467736e-03 0.000000000000000000e+00 4.319793681495809334e-02 1.328124999999999965e-02 8.828722778104767036e-04 9.283327144448570093e-05 3.831417624521072924e-04 0.000000000000000000e+00 2.421893921046258083e-04 0.000000000000000000e+00 0.000000000000000000e+00 0.000000000000000000e+00 0.000000000000000000e+00 0.000000000000000000e+00 0.000000000000000000e+00 0.000000000000000000e+00 0.000000000000000000e+00 0.000000000000000000e+00 0.000000000000000000e+00 0.000000000000000000e+00 1.057977147693609849e-04 0.000000000000000000e+00 6.681365671143181539e-05 0.000000000000000000e+00 0.000000000000000000e+00 0.000000000000000000e+00 0.000000000000000000e+00 0.000000000000000000e+00 0.000000000000000000e+00 0.000000000000000000e+00 2.554278416347382130e-04 0.000000000000000000e+00 7.617306520414381631e-04 0.000000000000000000e+00 1.818512456810329086e-04 0.000000000000000000e+00 2.220741727737064221e-04 0.000000000000000000e+00 9.351912466099316788e-05 0.000000000000000000e+00 1.429183935972559597e-04 0.000000000000000000e+00 3.699673558215451491e-02 1.347988386561592682e-03 3.443096476025418740e-02 0.000000000000000000e+00 6.238859180035650695e-03 0.000000000000000000e+00 2.113569113710018436e-03 0.000000000000000000e+00 0.000000000000000000e+00 0.000000000000000000e+00 0.000000000000000000e+00 0.000000000000000000e+00 0.000000000000000000e+00 0.000000000000000000e+00 1.059322033898305081e-03 0.000000000000000000e+00 9.302325581395349359e-04 0.000000000000000000e+00 5.730659025787965223e-04 0.000000000000000000e+00 1.803101334294987459e-04 0.000000000000000000e+00 0.000000000000000000e+00 0.000000000000000000e+00 0.000000000000000000e+00 0.000000000000000000e+00 0.000000000000000000e+00 0.000000000000000000e+00 0.000000000000000000e+00 0.000000000000000000e+00 0.000000000000000000e+00 0.000000000000000000e+00 0.000000000000000000e+00 0.000000000000000000e+00 0.000000000000000000e+00 0.000000000000000000e+00 0.000000000000000000e+00 0.000000000000000000e+00 0.000000000000000000e+00 0.000000000000000000e+00 0.000000000000000000e+00 0.000000000000000000e+00 0.000000000000000000e+00 0.000000000000000000e+00 0.000000000000000000e+00 0.000000000000000000e+00
0.000000000000000000e+00 6.447453255963894302e-04 2.793896410917687603e-03 5.781216419514292187e-02 7.307113690092413398e-03 0.000000000000000000e+00 6.341154090044388066e-04 5.017729310229477810e-03 2.405773857257417769e-03 2.606550022431583513e-01 0.000000000000000000e+00 1.912710832898626345e-03 3.981684252438781558e-04 4.623592175459395430e-03 2.003338898163605896e-03 1.168393158275114474e-01 0.000000000000000000e+00 0.000000000000000000e+00 2.966918854769321975e-04 3.925160277377992882e-04 1.034807149576669888e-02 2.154273801250868731e-02 4.393029726167813932e-03 4.616895874263261118e-02 6.389776357827475772e-03 4.115523465703971318e-01 4.482964734010759164e-03 1.956521739130434867e-01 0.000000000000000000e+00 1.845018450184501835e-02 1.998710509348807299e-02 1.921874999999999972e-02 0.000000000000000000e+00 1.485332343111771215e-03 0.000000000000000000e+00 0.000000000000000000e+00 0.000000000000000000e+00 1.590773513620998133e-03 0.000000000000000000e+00 0.000000000000000000e+00 0.000000000000000000e+00 0.000000000000000000e+00 0.000000000000000000e+00 6.206939358202471016e-05 0.000000000000000000e+00 0.000000000000000000e+00 0.000000000000000000e+00 4.712091226086136857e-04 0.000000000000000000e+00 0.000000000000000000e+00 0.000000000000000000e+00 5.751423477310634296e-05 0.000000000000000000e+00 0.000000000000000000e+00 0.000000000000000000e+00 2.916727431821496456e-04 0.000000000000000000e+00 7.643506840938622446e-05 0.000000000000000000e+00 1.202790473899446752e-04 0.000000000000000000e+00 0.000000000000000000e+00 0.000000000000000000e+00 1.560305819940708378e-04 0.000000000000000000e+00 0.000000000000000000e+00 0.000000000000000000e+00 0.000000000000000000e+00 0.000000000000000000e+00 0.000000000000000000e+00 2.312295973884657182e-03 3.846951472418083662e-02 1.155401502021952674e-04 4.625892579944116539e-02 0.000000000000000000e+00 2.409638554216867595e-02 0.000000000000000000e+00 1.928906034720308639e-03 0.000000000000000000e+00 0.000000000000000000e+00 0.000000000000000000e+00 1.990049751243781024e-04 0.000000000000000000e+00 0.000000000000000000e+00 0.000000000000000000e+00 9.017758046614872403e-04 0.000000000000000000e+00 2.461538461538461623e-03 0.000000000000000000e+00 1.178828244724743627e-04 0.000000000000000000e+00 0.000000000000000000e+00 0.000000000000000000e+00 0.000000000000000000e+00 0.000000000000000000e+00 0.000000000000000000e+00 0.000000000000000000e+00 0.000000000000000000e+00 0.000000000000000000e+00 0.000000000000000000e+00 0.000000000000000000e+00 0.000000000000000000e+00 0.000000000000000000e+00 0.000000000000000000e+00 0.000000000000000000e+00 0.000000000000000000e+00 0.000000000000000000e+00 0.000000000000000000e+00 0.000000000000000000e+00 0.000000000000000000e+00 0.000000000000000000e+00 0.000000000000000000e+00 0.000000000000000000e+00 0.000000000000000000e+00 0.000000000000000000e+00 0.000000000000000000e+00
1.661382371591629548e-01 5.284295075036989694e-04 3.447474106954132589e-01 5.178609173536250290e-03 1.310505178609173461e-02 6.341154090044388066e-04 0.000000000000000000e+00 6.690305746972637080e-03 5.733761026463512350e-02 1.794526693584567014e-03 8.187950686206094120e-02 2.086593635889410440e-03 2.964363925940672884e-01 1.422643746295198510e-03 1.569282136894824611e-02 7.227174174897615109e-04 6.339814032121724591e-03 1.709109553922406367e-04 1.275775107550808536e-02 3.140128221902394306e-03 0.000000000000000000e+00 0.000000000000000000e+00 1.039683701859715932e-02 5.893909626719056986e-03 4.564125969876768564e-04 0.000000000000000000e+00 1.494321578003586460e-03 3.019323671497584397e-04 1.178566534192133745e-02 1.277320465512347394e-03 2.578981302385557721e-03 1.609375000000000042e-02 1.471453796350794506e-03 4.177497215001857098e-03 0.000000000000000000e+00 0.000000000000000000e+00 4.843787842092515949e-03 0.000000000000000000e+00 0.000000000000000000e+00 0.000000000000000000e+00 1.694915254237288130e-02 0.000000000000000000e+00 0.000000000000000000e+00 0.000000000000000000e+00 1.110370863868532110e-04 0.000000000000000000e+00 0.000000000000000000e+00 0.000000000000000000e+00 5.289885738468049110e-04 0.000000000000000000e+00 4.610142313088795574e-03 0.000000000000000000e+00 3.484320557491289196e-04 0.000000000000000000e+00 6.167763157894736500e-04 0.000000000000000000e+00 1.319736052789442044e-03 0.000000000000000000e+00 1.404853128991059982e-03 0.000000000000000000e+00 5.332114564290066708e-03 0.000000000000000000e+00 9.092562284051645700e-04 0.000000000000000000e+00 7.772596047079724339e-03 0.000000000000000000e+00 1.309267745253904405e-03 0.000000000000000000e+00 7.145919679862798796e-04 2.690341673392520738e-04 7.997823721436343736e-02 4.147656574035669583e-04 3.523974581166955389e-02 1.138362827279312947e-03 5.347593582887700224e-03 0.000000000000000000e+00 6.791602085388191712e-02 8.266740148801322895e-04 0.000000000000000000e+00 0.000000000000000000e+00 1.329566229017782944e-03 0.000000000000000000e+00 0.000000000000000000e+00 0.000000000000000000e+00 9.052388289676424962e-03 0.000000000000000000e+00 9.302325581395349359e-04 0.000000000000000000e+00 7.449856733524355332e-03 0.000000000000000000e+00 5.409304002884962647e-04 2.068680182043855888e-04 0.000000000000000000e+00 0.000000000000000000e+00 3.355704697986577108e-03 4.454342984409799359e-03 0.000000000000000000e+00 8.787346221441124251e-04 5.688282138794083882e-04 8.064516129032258058e-04 0.000000000000000000e+00 3.012048192771084494e-03 0.000000000000000000e+00 0.000000000000000000e+00 3.412969283276450546e-04 0.000000000000000000e+00 0.000000000000000000e+00 0.000000000000000000e+00 0.000000000000000000e+00 0.000000000000000000e+00 0.000000000000000000e+00 0.000000000000000000e+00 0.000000000000000000e+00 0.000000000000000000e+00 0.000000000000000000e+00 0.000000000000000000e+00
1.739479494212885615e-03 1.266474877901919982e-01 7.961463838897437847e-03 1.999732387770121189e-01 1.338061149394527438e-04 5.017729310229477810e-03 6.690305746972637080e-03 0.000000000000000000e+00 4.009623095429029616e-04 1.973979362943023841e-01 3.023959060246569127e-03 1.937054425317336070e-01 4.778021102926538304e-03 3.231772377000592944e-01 1.001669449081802948e-03 1.710431221392435391e-02 2.113271344040574683e-04 1.999658178089215588e-02 9.642486278000296854e-03 4.134502158838152669e-02 0.000000000000000000e+00 0.000000000000000000e+00 2.533313808756772548e-02 1.571709233791748414e-02 0.000000000000000000e+00 0.000000000000000000e+00 0.000000000000000000e+00 9.057971014492753733e-04 4.111278607646978093e-04 4.938972466647743170e-02 1.998710509348807299e-02 8.906249999999999237e-03 1.118304885226603824e-02 1.652432231711845403e-02 1.532567049808429170e-03 1.220256253813300747e-03 0.000000000000000000e+00 1.173195466295486218e-02 0.000000000000000000e+00 4.470938897168405361e-03 0.000000000000000000e+00 1.321585903083700476e-02 0.000000000000000000e+00 1.241387871640494203e-04 0.000000000000000000e+00 2.869714941649129428e-04 0.000000000000000000e+00 0.000000000000000000e+00 0.000000000000000000e+00 2.197222710493935798e-03 0.000000000000000000e+00 5.751423477310634025e-03 0.000000000000000000e+00 8.279287981233613650e-04 0.000000000000000000e+00 8.750182295464488825e-04 0.000000000000000000e+00 9.477948482763891291e-03 3.831417624521072924e-04 5.532836179937454871e-03 1.523461304082876380e-04 1.952793343521820255e-02 0.000000000000000000e+00 5.617100951786550486e-03 0.000000000000000000e+00 2.623678370969847323e-02 7.481529972879453431e-04 4.770521467346603046e-03 5.716735743890238386e-04 2.690341673392520738e-04 1.360174102285092524e-03 1.515968477810037407e-01 1.155401502021952565e-03 8.237607368312117873e-02 0.000000000000000000e+00 1.740294511378848857e-02 7.045230379033394063e-04 6.778726922017085099e-02 0.000000000000000000e+00 0.000000000000000000e+00 0.000000000000000000e+00 2.189054726368159370e-03 0.000000000000000000e+00 0.000000000000000000e+00 9.630200308166410198e-05 1.061320754716981070e-02 0.000000000000000000e+00 1.846153846153846109e-03 0.000000000000000000e+00 8.605446186490627730e-03 1.803101334294987459e-04 2.068680182043855888e-04 0.000000000000000000e+00 0.000000000000000000e+00 0.000000000000000000e+00 2.004454342984409929e-02 0.000000000000000000e+00 0.000000000000000000e+00 0.000000000000000000e+00 0.000000000000000000e+00 0.000000000000000000e+00 0.000000000000000000e+00 0.000000000000000000e+00 0.000000000000000000e+00 0.000000000000000000e+00 3.255208333333333153e-04 0.000000000000000000e+00 0.000000000000000000e+00 0.000000000000000000e+00 0.000000000000000000e+00 0.000000000000000000e+00 0.000000000000000000e+00 0.000000000000000000e+00 0.000000000000000000e+00 0.000000000000000000e+00 0.000000000000000000e+00
5.212510024057738500e-03 0.000000000000000000e+00 6.255012028869286200e-02 1.202886928628708885e-03 4.178027265437048721e-01 2.405773857257417769e-03 5.733761026463512350e-02 4.009623095429029616e-04 0.000000000000000000e+00 3.589053387169134027e-03 2.093510118632240131e-03 0.000000000000000000e+00 3.225164244475413333e-02 0.000000000000000000e+00 1.786310517529215436e-01 1.204529029149602410e-03 4.226542688081149366e-04 0.000000000000000000e+00 0.000000000000000000e+00 0.000000000000000000e+00 9.407337723424271216e-04 0.000000000000000000e+00 1.757211890467125443e-03 1.473477406679764247e-03 9.128251939753537127e-04 1.353790613718411492e-03 4.482964734010759164e-03 6.038647342995168794e-04 7.263258873509661172e-03 0.000000000000000000e+00 6.877283473028153633e-03 2.656250000000000191e-03 0.000000000000000000e+00 0.000000000000000000e+00 0.000000000000000000e+00 0.000000000000000000e+00 0.000000000000000000e+00 0.000000000000000000e+00 0.000000000000000000e+00 0.000000000000000000e+00 0.000000000000000000e+00 0.000000000000000000e+00 0.000000000000000000e+00 0.000000000000000000e+00 0.000000000000000000e+00 0.000000000000000000e+00 1.826817683595177157e-04 0.000000000000000000e+00 0.000000000000000000e+00 0.000000000000000000e+00 0.000000000000000000e+00 0.000000000000000000e+00 3.484320557491289196e-04 0.000000000000000000e+00 0.000000000000000000e+00 0.000000000000000000e+00 0.000000000000000000e+00 0.000000000000000000e+00 1.277139208173691065e-04 0.000000000000000000e+00 4.570383912248628870e-04 0.000000000000000000e+00 1.818512456810329086e-04 0.000000000000000000e+00 0.000000000000000000e+00 0.000000000000000000e+00 1.870382493219863358e-04 0.000000000000000000e+00 2.858367871945119193e-04 0.000000000000000000e+00 9.657236126224157460e-03 4.147656574035669583e-04 1.640670132871172721e-02 1.034875297526647973e-04 2.673796791443850112e-03 0.000000000000000000e+00 2.818092151613357625e-03 0.000000000000000000e+00 0.000000000000000000e+00 0.000000000000000000e+00 3.323915572544457360e-04 0.000000000000000000e+00 0.000000000000000000e+00 0.000000000000000000e+00 6.741140215716487274e-04 0.000000000000000000e+00 9.302325581395349359e-04 0.000000000000000000e+00 3.820439350525310510e-04 0.000000000000000000e+00 0.000000000000000000e+00 2.068680182043855888e-04 0.000000000000000000e+00 0.000000000000000000e+00 0.000000000000000000e+00 2.227171492204899680e-03 0.000000000000000000e+00 0.000000000000000000e+00 0.000000000000000000e+00 0.000000000000000000e+00 0.000000000000000000e+00 0.000000000000000000e+00 0.000000000000000000e+00 0.000000000000000000e+00 0.000000000000000000e+00 0.000000000000000000e+00 0.000000000000000000e+00 0.000000000000000000e+00 0.000000000000000000e+00 0.000000000000000000e+00 0.000000000000000000e+00 0.000000000000000000e+00 0.000000000000000000e+00 0.000000000000000000e+00 0.000000000000000000e+00 0.000000000000000000e+00
0.000000000000000000e+00 1.794526693584567014e-03 4.486316733961417426e-03 2.422611036339165566e-02 9.421265141318977202e-03 2.606550022431583513e-01 1.794526693584567014e-03 1.973979362943023841e-01 3.589053387169134027e-03 0.000000000000000000e+00 0.000000000000000000e+00 3.999304468788036568e-03 0.000000000000000000e+00 1.315945465323058693e-02 2.003338898163605896e-03 1.247892074198988233e-01 0.000000000000000000e+00 5.127328661767219372e-04 0.000000000000000000e+00 5.233547036503990871e-04 9.407337723424271216e-04 6.949270326615705198e-04 2.489383511495094504e-03 1.719056974459724991e-03 1.369237790963030678e-03 1.353790613718411535e-02 1.195457262402868995e-03 1.479468599033816403e-02 0.000000000000000000e+00 7.380073800738007166e-03 7.522028798624543280e-03 3.125000000000000173e-03 0.000000000000000000e+00 8.354994430003713762e-04 0.000000000000000000e+00 0.000000000000000000e+00 0.000000000000000000e+00 1.988466892026247667e-04 0.000000000000000000e+00 0.000000000000000000e+00 0.000000000000000000e+00 0.000000000000000000e+00 0.000000000000000000e+00 0.000000000000000000e+00 0.000000000000000000e+00 0.000000000000000000e+00 0.000000000000000000e+00 9.424182452172274256e-05 0.000000000000000000e+00 0.000000000000000000e+00 0.000000000000000000e+00 0.000000000000000000e+00 0.000000000000000000e+00 0.000000000000000000e+00 0.000000000000000000e+00 0.000000000000000000e+00 0.000000000000000000e+00 2.293052052281586734e-04 0.000000000000000000e+00 1.202790473899446752e-04 0.000000000000000000e+00 0.000000000000000000e+00 0.000000000000000000e+00 0.000000000000000000e+00 0.000000000000000000e+00 2.610625244746116918e-04 0.000000000000000000e+00 8.225037012666557023e-05 0.000000000000000000e+00 0.000000000000000000e+00 4.080522306855277571e-04 7.569473247615097870e-03 0.000000000000000000e+00 9.106902618234503574e-03 0.000000000000000000e+00 2.677376171352074865e-03 1.409046075806678975e-04 3.857812069440617279e-03 0.000000000000000000e+00 0.000000000000000000e+00 0.000000000000000000e+00 1.990049751243781024e-04 0.000000000000000000e+00 0.000000000000000000e+00 0.000000000000000000e+00 3.468368479467258533e-04 0.000000000000000000e+00 6.153846153846154058e-04 0.000000000000000000e+00 2.357656489449487254e-04 0.000000000000000000e+00 0.000000000000000000e+00 0.000000000000000000e+00 0.000000000000000000e+00 0.000000000000000000e+00 0.000000000000000000e+00 0.000000000000000000e+00 0.000000000000000000e+00 0.000000000000000000e+00 0.000000000000000000e+00 0.000000000000000000e+00 0.000000000000000000e+00 0.000000000000000000e+00 0.000000000000000000e+00 0.000000000000000000e+00 3.255208333333333153e-04 0.000000000000000000e+00 0.000000000000000000e+00 0.000000000000000000e+00 0.000000000000000000e+00 0.000000000000000000e+00 0.000000000000000000e+00 0.000000000000000000e+00 0.000000000000000000e+00 0.000000000000000000e+00 0.000000000000000000e+00
2.119097464526634167e-01 0.000000000000000000e+00 5.326820190742032751e-02 1.163061177017911136e-03 2.326122354035822218e-04 0.000000000000000000e+00 8.187950686206094120e-02 3.023959060246569127e-03 2.093510118632240131e-03 0.000000000000000000e+00 0.000000000000000000e+00 3.477656059815684066e-04 1.071073063906032297e-01 1.185536455245998804e-04 4.006677796327211792e-03 0.000000000000000000e+00 2.176669484361792167e-02 0.000000000000000000e+00 1.112594570538495697e-02 1.308386759125997664e-03 0.000000000000000000e+00 0.000000000000000000e+00 6.443110265046126696e-03 2.455795677799606897e-04 0.000000000000000000e+00 0.000000000000000000e+00 0.000000000000000000e+00 0.000000000000000000e+00 9.058517198848842211e-02 2.838489923360771987e-04 2.149151085321298010e-04 3.125000000000000065e-04 4.414361389052383518e-04 8.354994430003713762e-04 3.831417624521072924e-04 0.000000000000000000e+00 7.265681763138774792e-04 0.000000000000000000e+00 0.000000000000000000e+00 0.000000000000000000e+00 0.000000000000000000e+00 0.000000000000000000e+00 0.000000000000000000e+00 0.000000000000000000e+00 0.000000000000000000e+00 0.000000000000000000e+00 0.000000000000000000e+00 0.000000000000000000e+00 1.057977147693609849e-04 0.000000000000000000e+00 2.071223358054386128e-03 0.000000000000000000e+00 6.968641114982578391e-04 0.000000000000000000e+00 4.111842105263157666e-04 0.000000000000000000e+00 4.319136172765447243e-03 0.000000000000000000e+00 1.277139208173691011e-03 0.000000000000000000e+00 1.843388177940280190e-02 0.000000000000000000e+00 5.637388616112020030e-03 0.000000000000000000e+00 1.532311792138574269e-02 0.000000000000000000e+00 1.870382493219863466e-03 1.645007402533311405e-04 1.000428755180791853e-03 0.000000000000000000e+00 7.793797606093580410e-02 0.000000000000000000e+00 2.206816868861929612e-02 1.034875297526647973e-04 0.000000000000000000e+00 0.000000000000000000e+00 9.581513315485417140e-03 0.000000000000000000e+00 1.398601398601398600e-03 0.000000000000000000e+00 3.490111351171680445e-03 0.000000000000000000e+00 0.000000000000000000e+00 0.000000000000000000e+00 9.533898305084746380e-03 0.000000000000000000e+00 0.000000000000000000e+00 0.000000000000000000e+00 4.202483285577841669e-03 0.000000000000000000e+00 0.000000000000000000e+00 0.000000000000000000e+00 0.000000000000000000e+00 0.000000000000000000e+00 3.355704697986577108e-03 0.000000000000000000e+00 0.000000000000000000e+00 0.000000000000000000e+00 5.688282138794083882e-04 0.000000000000000000e+00 0.000000000000000000e+00 0.000000000000000000e+00 0.000000000000000000e+00 0.000000000000000000e+00 0.000000000000000000e+00 0.000000000000000000e+00 0.000000000000000000e+00 0.000000000000000000e+00 0.000000000000000000e+00 0.000000000000000000e+00 4.766444232602478400e-04 0.000000000000000000e+00 0.000000000000000000e+00 0.000000000000000000e+00 0.000000000000000000e+00 0.000000000000000000e+00
3.477656059815684066e-04 6.190227786471917681e-02 2.260476438880194752e-03 3.825421665797252430e-02 0.000000000000000000e+00 1.912710832898626345e-03 2.086593635889410440e-03 1.937054425317336070e-01 0.000000000000000000e+00 3.999304468788036568e-03 3.477656059815684066e-04 0.000000000000000000e+00 5.972526378658172879e-04 1.596917605216360281e-01 0.000000000000000000e+00 5.781739339918092087e-03 0.000000000000000000e+00 8.870278584857289872e-02 2.670226969292389778e-03 1.700902786863797006e-02 0.000000000000000000e+00 0.000000000000000000e+00 2.050080538878313197e-03 6.139489194499017297e-03 0.000000000000000000e+00 4.512635379061372002e-04 0.000000000000000000e+00 0.000000000000000000e+00 0.000000000000000000e+00 4.938972466647743170e-02 1.289490651192778860e-03 1.406249999999999948e-03 2.501471453796350660e-03 1.838098774600816984e-02 0.000000000000000000e+00 6.101281269066503735e-04 0.000000000000000000e+00 3.778087094849870865e-03 0.000000000000000000e+00 9.935419771485345247e-04 0.000000000000000000e+00 0.000000000000000000e+00 0.000000000000000000e+00 0.000000000000000000e+00 0.000000000000000000e+00 0.000000000000000000e+00 0.000000000000000000e+00 0.000000000000000000e+00 0.000000000000000000e+00 2.636667252592722545e-04 0.000000000000000000e+00 4.025996434117444143e-04 0.000000000000000000e+00 0.000000000000000000e+00 0.000000000000000000e+00 4.375091147732244412e-04 0.000000000000000000e+00 3.668883283650538774e-03 0.000000000000000000e+00 6.013952369497233084e-04 0.000000000000000000e+00 7.471557140431312610e-03 0.000000000000000000e+00 1.295053830550787870e-02 0.000000000000000000e+00 5.873906800678762793e-03 9.351912466099316788e-05 1.233755551899983621e-03 1.429183935972559597e-04 2.690341673392520738e-04 8.161044613710555142e-04 5.070510161758606110e-02 0.000000000000000000e+00 1.604056711166304550e-02 0.000000000000000000e+00 5.354752342704149730e-03 0.000000000000000000e+00 1.171121521080187300e-02 0.000000000000000000e+00 1.055408970976253261e-02 0.000000000000000000e+00 1.253731343283582059e-02 0.000000000000000000e+00 0.000000000000000000e+00 0.000000000000000000e+00 1.338790233074361839e-02 0.000000000000000000e+00 6.153846153846154058e-04 0.000000000000000000e+00 6.601438170458564202e-03 0.000000000000000000e+00 0.000000000000000000e+00 0.000000000000000000e+00 0.000000000000000000e+00 6.711409395973154217e-03 4.454342984409799359e-03 0.000000000000000000e+00 0.000000000000000000e+00 0.000000000000000000e+00 0.000000000000000000e+00 0.000000000000000000e+00 0.000000000000000000e+00 0.000000000000000000e+00 0.000000000000000000e+00 3.412969283276450546e-04 0.000000000000000000e+00 0.000000000000000000e+00 0.000000000000000000e+00 0.000000000000000000e+00 0.000000000000000000e+00 0.000000000000000000e+00 0.000000000000000000e+00 0.000000000000000000e+00 0.000000000000000000e+00 0.000000000000000000e+00 0.000000000000000000e+00
4.140951622536332560e-02 1.990842126219390779e-04 7.545291658371490462e-02 2.588094764085207850e-03 1.592673700975512710e-02 3.981684252438781558e-04 2.964363925940672884e-01 4.778021102926538304e-03 3.225164244475413333e-02 0.000000000000000000e+00 1.071073063906032297e-01 5.972526378658172879e-04 0.000000000000000000e+00 1.066982809721398829e-03 1.495826377295492449e-01 0.000000000000000000e+00 2.958579881656804664e-03 0.000000000000000000e+00 2.670226969292389778e-03 7.850320554755985765e-04 0.000000000000000000e+00 0.000000000000000000e+00 1.830429052569922457e-02 4.911591355599213794e-04 4.564125969876768564e-04 0.000000000000000000e+00 8.965929468021518545e-04 0.000000000000000000e+00 7.578456900095929816e-02 1.419244961680385993e-04 1.074575542660648978e-03 4.375000000000000416e-03 2.942907592701589012e-04 3.713330857779428037e-04 3.831417624521072924e-04 0.000000000000000000e+00 0.000000000000000000e+00 0.000000000000000000e+00 0.000000000000000000e+00 0.000000000000000000e+00 0.000000000000000000e+00 0.000000000000000000e+00 0.000000000000000000e+00 0.000000000000000000e+00 0.000000000000000000e+00 0.000000000000000000e+00 0.000000000000000000e+00 0.000000000000000000e+00 1.057977147693609849e-04 0.000000000000000000e+00 5.345092536914545231e-04 0.000000000000000000e+00 0.000000000000000000e+00 0.000000000000000000e+00 2.055921052631578833e-04 0.000000000000000000e+00 1.199760047990401819e-03 7.643506840938622446e-05 7.662835249042145849e-04 1.202790473899446752e-04 4.265691651432053540e-03 0.000000000000000000e+00 2.182214948172394794e-03 0.000000000000000000e+00 7.772596047079724339e-03 0.000000000000000000e+00 2.805573739829795308e-04 0.000000000000000000e+00 2.858367871945119193e-04 0.000000000000000000e+00 3.944504896626768037e-02 1.036914143508917396e-04 2.541883304448295730e-02 3.104625892579944055e-04 1.158645276292335179e-02 0.000000000000000000e+00 2.155840495984218813e-02 0.000000000000000000e+00 0.000000000000000000e+00 0.000000000000000000e+00 1.994349343526674416e-03 0.000000000000000000e+00 0.000000000000000000e+00 0.000000000000000000e+00 7.415254237288135784e-03 0.000000000000000000e+00 0.000000000000000000e+00 0.000000000000000000e+00 4.011461318051575548e-03 0.000000000000000000e+00 1.803101334294987459e-04 2.068680182043855888e-04 0.000000000000000000e+00 0.000000000000000000e+00 1.006711409395973089e-02 0.000000000000000000e+00 0.000000000000000000e+00 0.000000000000000000e+00 0.000000000000000000e+00 0.000000000000000000e+00 0.000000000000000000e+00 0.000000000000000000e+00 0.000000000000000000e+00 1.375705048837529143e-04 0.000000000000000000e+00 0.000000000000000000e+00 0.000000000000000000e+00 0.000000000000000000e+00 0.000000000000000000e+00 0.000000000000000000e+00 0.000000000000000000e+00 0.000000000000000000e+00 0.000000000000000000e+00 0.000000000000000000e+00 0.000000000000000000e+00 0.000000000000000000e+00
