0.000000000000000000e+00 1.695027477984506481e-02 1.062006385481431697e-01 5.681818181818181976e-03 7.211105101856859741e-04 0.000000000000000000e+00 1.776115914933395767e-01 4.725794043301461550e-03 4.909481436023320142e-03 0.000000000000000000e+00 2.372640552060077124e-01 1.746724890829694362e-03 4.957058912159108266e-02 3.796507213363705573e-04 4.494382022471910508e-03 0.000000000000000000e+00 7.743097238895557677e-02 1.784121320249777059e-03 4.946552085516663089e-02 2.810754189944134063e-02 0.000000000000000000e+00 0.000000000000000000e+00 2.626740215392697839e-03 4.207868714496107486e-04 0.000000000000000000e+00 0.000000000000000000e+00 0.000000000000000000e+00 0.000000000000000000e+00 2.546262028127313157e-02 1.230012300123001267e-03 9.334889148191365723e-04 0.000000000000000000e+00 1.046357615894039778e-02 1.218265462600102295e-02 0.000000000000000000e+00 0.000000000000000000e+00 8.262617239839213645e-02 2.085505735140771584e-04 3.293084522502744138e-03 0.000000000000000000e+00 4.975124378109452641e-03 0.000000000000000000e+00 1.513317191283293050e-04 0.000000000000000000e+00 9.893992932862190597e-04 0.000000000000000000e+00 0.000000000000000000e+00 0.000000000000000000e+00 7.523322299127294804e-03 8.995232526760817181e-05 4.007963988919667486e-02 3.564554074285306799e-04 1.032702237521514708e-02 0.000000000000000000e+00 4.490749056942698429e-03 0.000000000000000000e+00 2.026627218934911323e-01 2.798041371040271667e-03 3.476898981989037102e-02 5.051355447044956820e-04 5.350832912670368258e-02 0.000000000000000000e+00 1.074979844127922635e-02 1.892505677517032549e-04 5.507062371052214023e-02 2.369668246445497703e-04 5.045499594558067874e-03 4.649432769202157590e-04 9.419743782969103307e-02 5.737893045673628928e-03 8.135024635706049334e-02 7.007708479327259604e-04 4.035648225996300853e-02 1.290450665078419698e-03 6.640106241699867372e-03 0.000000000000000000e+00 5.110062893081761259e-02 6.164468006411047245e-04 0.000000000000000000e+00 0.000000000000000000e+00 1.167315175097276237e-03 5.858230814294083195e-04 0.000000000000000000e+00 0.000000000000000000e+00 1.437330384963312821e-02 1.776041204155936364e-04 0.000000000000000000e+00 0.000000000000000000e+00 1.194144838212634827e-02 0.000000000000000000e+00 1.268069997463859913e-03 5.109862033725089949e-04 0.000000000000000000e+00 0.000000000000000000e+00 5.454545454545454281e-02 6.825938566552901092e-03 3.192338387869114291e-03 0.000000000000000000e+00 1.014198782961460432e-03 0.000000000000000000e+00 0.000000000000000000e+00 6.553079947575360473e-04 3.497726477789436968e-04 0.000000000000000000e+00 3.808073115003808161e-04 3.940110323089046759e-04 0.000000000000000000e+00 0.000000000000000000e+00 0.000000000000000000e+00 0.000000000000000000e+00 0.000000000000000000e+00 0.000000000000000000e+00 0.000000000000000000e+00 0.000000000000000000e+00 1.805054151624548801e-03 0.000000000000000000e+00
1.695027477984506481e-02 0.000000000000000000e+00 5.629305998991766292e-03 8.057004470938897156e-02 0.000000000000000000e+00 5.832037325038880778e-04 9.347978499649451213e-04 1.808989998900978058e-01 0.000000000000000000e+00 2.433090024330900308e-03 8.118530545971179178e-04 1.262882096069868898e-01 0.000000000000000000e+00 5.796001012401923863e-02 0.000000000000000000e+00 2.782931354359925724e-03 2.250900360144057494e-03 4.504906333630687154e-02 2.525675958918465608e-02 7.987081005586592342e-02 0.000000000000000000e+00 0.000000000000000000e+00 7.880220646178093518e-04 1.051967178624027034e-03 0.000000000000000000e+00 0.000000000000000000e+00 0.000000000000000000e+00 0.000000000000000000e+00 7.401924500370095882e-04 3.110173958882446119e-02 1.166861143523920553e-03 0.000000000000000000e+00 2.384105960264900834e-02 1.354574884988924907e-02 0.000000000000000000e+00 0.000000000000000000e+00 4.466279589102277567e-04 7.758081334723671008e-02 1.097694840834248118e-03 3.267973856209150426e-03 0.000000000000000000e+00 1.798561151079136611e-02 0.000000000000000000e+00 0.000000000000000000e+00 1.413427561837455877e-04 1.470433777964499618e-03 0.000000000000000000e+00 0.000000000000000000e+00 3.009328919650918052e-04 6.746424395070612506e-03 1.731301939058171749e-04 2.815997718685392393e-02 0.000000000000000000e+00 4.343629343629343623e-03 0.000000000000000000e+00 7.290015847860539105e-03 2.007607776838545976e-03 3.557509743179774198e-01 7.830853563038371167e-04 4.613571308301060714e-02 2.523977788995456807e-04 3.857890148212728826e-02 0.000000000000000000e+00 1.627554882664648123e-02 3.174099349309633189e-04 5.248815165876777322e-02 7.207856563654382832e-04 5.765296633810675433e-03 2.882441597588545484e-02 7.436309387193022757e-02 1.991823042247614899e-03 1.016117729502452743e-01 1.008912056499075213e-03 1.053206273575540974e-01 0.000000000000000000e+00 1.069217782779966278e-02 7.861635220125786586e-04 8.630255208975465275e-02 0.000000000000000000e+00 0.000000000000000000e+00 0.000000000000000000e+00 1.113063854715875753e-02 0.000000000000000000e+00 0.000000000000000000e+00 0.000000000000000000e+00 3.774087558831364791e-02 0.000000000000000000e+00 0.000000000000000000e+00 1.926040061633282040e-04 1.482049316468634151e-02 2.536139994927719826e-03 4.598875830352580629e-03 0.000000000000000000e+00 6.238303181534622568e-04 6.060606060606060601e-03 6.825938566552901265e-02 1.117318435754189980e-02 1.273885350318471402e-02 5.070993914807302161e-03 9.090909090909090468e-03 0.000000000000000000e+00 2.621231979030144189e-03 5.246589716684155452e-04 3.453833755468569983e-03 3.808073115003808161e-04 3.152088258471237407e-03 1.100110011001100051e-03 0.000000000000000000e+00 0.000000000000000000e+00 0.000000000000000000e+00 2.304147465437788016e-03 0.000000000000000000e+00 0.000000000000000000e+00 0.000000000000000000e+00 0.000000000000000000e+00 0.000000000000000000e+00
1.062006385481431697e-01 5.629305998991766292e-03 0.000000000000000000e+00 1.173621460506706418e-02 6.021272760050477846e-02 1.944012441679626854e-03 2.255199813040429935e-01 1.549620837454665327e-02 1.258054617980975710e-02 6.812652068126520688e-03 6.494824436776942822e-02 5.240174672489082870e-03 6.056953442820551398e-02 5.947861300936471522e-03 7.763023493360572680e-02 2.411873840445269077e-03 1.470588235294117627e-02 2.676181980374665263e-03 1.189478096835045046e-01 1.064944134078212208e-02 1.676445934618608566e-03 0.000000000000000000e+00 1.859732072498029853e-01 1.115085209341468500e-02 1.308990699276610381e-02 5.821764442454097771e-03 1.216287678476996384e-02 1.556662515566625089e-03 3.123612139156180592e-02 1.757160428747144574e-03 3.057176196032672030e-02 2.384446074834923116e-02 6.092715231788079465e-03 1.192707445902197946e-02 4.537205081669691293e-04 0.000000000000000000e+00 2.679767753461366822e-02 0.000000000000000000e+00 0.000000000000000000e+00 0.000000000000000000e+00 4.975124378109452641e-03 0.000000000000000000e+00 1.059322033898305081e-03 0.000000000000000000e+00 1.272084805653710344e-03 0.000000000000000000e+00 1.789308879445314186e-03 0.000000000000000000e+00 9.479386096900391592e-03 0.000000000000000000e+00 1.739958448753462644e-02 1.425821629714122828e-04 3.442340791738382217e-03 0.000000000000000000e+00 3.951859170109574271e-03 0.000000000000000000e+00 1.215131022823330575e-02 3.997201958628959989e-04 1.957713390759592900e-02 1.683785149014985607e-04 6.814740030287733813e-03 2.179598953792502266e-04 1.074979844127922505e-03 1.892505677517032549e-04 8.093953340739565988e-03 1.184834123222748851e-04 1.189296333002973216e-02 2.789659661521294337e-04 1.770911831198191538e-02 0.000000000000000000e+00 3.522381801027361231e-02 7.007708479327259604e-04 8.567344879771313093e-02 2.680166765932102350e-03 1.726427622841965326e-02 5.627462014631401518e-04 1.001572327044025212e-01 1.972629762051534771e-03 0.000000000000000000e+00 0.000000000000000000e+00 1.750972762645914465e-03 0.000000000000000000e+00 3.712871287128712700e-03 0.000000000000000000e+00 5.226655945321137531e-03 1.776041204155936364e-04 8.936550491510276842e-04 0.000000000000000000e+00 7.704160246533127941e-03 0.000000000000000000e+00 5.072279989855439869e-04 5.109862033725089949e-04 0.000000000000000000e+00 0.000000000000000000e+00 4.848484848484848481e-02 1.365187713310580218e-02 1.596169193934557145e-03 0.000000000000000000e+00 0.000000000000000000e+00 1.515151515151515150e-03 0.000000000000000000e+00 0.000000000000000000e+00 0.000000000000000000e+00 6.907667510937140183e-04 3.808073115003808161e-04 3.940110323089046759e-04 0.000000000000000000e+00 0.000000000000000000e+00 0.000000000000000000e+00 0.000000000000000000e+00 0.000000000000000000e+00 0.000000000000000000e+00 0.000000000000000000e+00 0.000000000000000000e+00 0.000000000000000000e+00 0.000000000000000000e+00
5.681818181818181976e-03 8.057004470938897156e-02 1.173621460506706418e-02 0.000000000000000000e+00 1.802776275464214881e-03 6.376360808709176375e-02 1.519046506193035689e-02 1.954060885811627624e-01 6.136851795029150177e-04 1.751824817518248326e-02 5.885934645829105256e-03 4.681222707423580986e-02 7.232183215308120826e-03 4.568463680080991907e-02 1.430030643513789668e-03 4.322820037105751245e-02 1.200480192076830649e-03 1.917930419268510170e-02 1.278557954307273092e-02 8.484636871508380307e-02 1.676445934618608566e-03 0.000000000000000000e+00 1.864985552928815488e-02 2.657269093204291943e-01 1.033413709955218699e-03 5.150022391401701954e-02 5.288207297726070857e-04 9.339975093399750100e-03 1.776461880088823012e-03 3.760323317518889791e-02 1.866977829638272884e-02 6.493030080704328966e-02 1.112582781456953641e-02 1.584597035270063001e-02 0.000000000000000000e+00 9.975062344139650188e-04 8.932559178204555134e-04 3.086548488008342139e-02 0.000000000000000000e+00 5.228758169934640161e-03 0.000000000000000000e+00 3.597122302158273568e-03 0.000000000000000000e+00 0.000000000000000000e+00 0.000000000000000000e+00 1.470433777964499618e-03 0.000000000000000000e+00 0.000000000000000000e+00 1.504664459825459026e-04 5.037330214986057188e-03 8.656509695290858745e-05 4.919084622513723512e-03 0.000000000000000000e+00 1.287001287001286959e-03 0.000000000000000000e+00 7.923930269413629462e-04 5.283178360101437520e-04 1.419006695313280650e-02 0.000000000000000000e+00 2.407812763091429428e-02 3.785966683493185211e-04 3.269398430688753073e-03 0.000000000000000000e+00 2.460257380772142531e-03 3.174099349309633189e-04 2.014218009478672966e-03 4.504910352283989406e-04 1.366933234145434328e-02 1.695553880934438495e-03 8.721597429423915901e-03 1.153160708669671852e-03 3.871758934828311433e-02 2.017824112998150426e-03 8.874329958308517508e-02 4.426737494466578176e-04 1.913337084974676278e-02 2.987421383647798946e-03 7.816545432129207160e-02 0.000000000000000000e+00 0.000000000000000000e+00 0.000000000000000000e+00 8.787346221441124251e-04 0.000000000000000000e+00 0.000000000000000000e+00 0.000000000000000000e+00 1.953645324571530190e-03 0.000000000000000000e+00 0.000000000000000000e+00 1.926040061633282040e-04 1.022102976874920141e-03 2.536139994927719935e-04 3.065917220235053753e-03 0.000000000000000000e+00 0.000000000000000000e+00 1.818181818181818094e-02 3.754266211604095904e-02 4.788507581803671219e-03 0.000000000000000000e+00 2.028397565922920864e-03 0.000000000000000000e+00 0.000000000000000000e+00 0.000000000000000000e+00 3.497726477789436968e-04 2.532811420676951437e-03 7.616146230007616322e-04 2.758077226162332623e-03 1.100110011001100051e-03 0.000000000000000000e+00 0.000000000000000000e+00 0.000000000000000000e+00 7.680491551459293388e-04 0.000000000000000000e+00 0.000000000000000000e+00 0.000000000000000000e+00 0.000000000000000000e+00 0.000000000000000000e+00
7.211105101856859741e-04 0.000000000000000000e+00 6.021272760050477846e-02 1.802776275464214881e-03 0.000000000000000000e+00 4.276827371695178515e-03 1.320401963075484852e-02 6.594131223211342025e-04 3.700521632402577477e-01 4.379562043795620814e-03 6.088897909478384112e-04 0.000000000000000000e+00 1.506704836522525280e-03 2.531004808909137049e-04 1.930541368743615982e-01 5.565862708719851882e-04 0.000000000000000000e+00 0.000000000000000000e+00 0.000000000000000000e+00 0.000000000000000000e+00 6.454316848281642371e-02 5.931198102016607774e-04 1.142631993695823397e-02 3.366294971596885989e-03 2.456079917326903228e-01 1.253918495297805594e-02 2.628239026969857450e-01 6.226650062266500573e-04 3.404885270170244106e-03 3.514320857494289256e-04 2.473745624270711624e-02 9.721203228173148220e-03 1.324503311258278145e-04 0.000000000000000000e+00 0.000000000000000000e+00 0.000000000000000000e+00 0.000000000000000000e+00 0.000000000000000000e+00 1.097694840834248118e-03 0.000000000000000000e+00 0.000000000000000000e+00 0.000000000000000000e+00 0.000000000000000000e+00 0.000000000000000000e+00 1.413427561837455877e-04 1.050309841403213897e-04 1.341981659583985640e-03 0.000000000000000000e+00 1.504664459825459026e-04 0.000000000000000000e+00 6.059556786703600715e-04 0.000000000000000000e+00 5.737234652897302972e-04 0.000000000000000000e+00 5.388898868331237248e-04 0.000000000000000000e+00 0.000000000000000000e+00 0.000000000000000000e+00 1.566170712607674233e-04 0.000000000000000000e+00 1.261988894497728404e-04 0.000000000000000000e+00 2.687449610319806261e-04 0.000000000000000000e+00 6.348198698619266379e-04 0.000000000000000000e+00 3.603928281827191416e-04 0.000000000000000000e+00 1.883948756593820670e-04 0.000000000000000000e+00 2.599853234091623749e-02 1.401541695865451921e-03 2.883806961493189797e-02 2.977963073257891861e-04 1.150951748561310391e-02 0.000000000000000000e+00 3.459119496855346011e-03 2.465787202564418464e-04 0.000000000000000000e+00 0.000000000000000000e+00 3.891050583657587819e-04 0.000000000000000000e+00 8.663366336633664122e-03 0.000000000000000000e+00 5.729219016986631524e-03 0.000000000000000000e+00 0.000000000000000000e+00 0.000000000000000000e+00 4.815100154083204638e-03 0.000000000000000000e+00 0.000000000000000000e+00 0.000000000000000000e+00 0.000000000000000000e+00 0.000000000000000000e+00 0.000000000000000000e+00 0.000000000000000000e+00 0.000000000000000000e+00 0.000000000000000000e+00 0.000000000000000000e+00 0.000000000000000000e+00 0.000000000000000000e+00 0.000000000000000000e+00 0.000000000000000000e+00 0.000000000000000000e+00 0.000000000000000000e+00 0.000000000000000000e+00 0.000000000000000000e+00 0.000000000000000000e+00 0.000000000000000000e+00 0.000000000000000000e+00 0.000000000000000000e+00 0.000000000000000000e+00 0.000000000000000000e+00 0.000000000000000000e+00 0.000000000000000000e+00 0.000000000000000000e+00
0.000000000000000000e+00 5.832037325038880778e-04 1.944012441679626854e-03 6.376360808709176375e-02 4.276827371695178515e-03 0.000000000000000000e+00 3.505491937368543798e-04 2.088141554016924740e-03 2.761583307763117688e-03 3.995133819951338094e-01 0.000000000000000000e+00 0.000000000000000000e+00 1.506704836522525172e-04 3.796507213363705573e-04 2.042900919305413695e-04 1.858998144712430411e-01 0.000000000000000000e+00 0.000000000000000000e+00 0.000000000000000000e+00 8.729050279329609219e-05 5.196982397317686381e-02 5.931198102016607340e-03 3.940110323089046108e-03 1.100357668840732106e-01 9.645194626248708436e-03 2.875055978504254539e-01 1.057641459545214171e-03 2.484433374844333686e-01 0.000000000000000000e+00 1.142154278685643919e-02 1.166861143523920639e-02 2.256052824651504085e-02 0.000000000000000000e+00 7.667405009371273039e-04 0.000000000000000000e+00 0.000000000000000000e+00 0.000000000000000000e+00 1.042752867570385846e-03 0.000000000000000000e+00 6.535947712418300201e-04 0.000000000000000000e+00 0.000000000000000000e+00 0.000000000000000000e+00 9.704968944099378225e-05 0.000000000000000000e+00 0.000000000000000000e+00 0.000000000000000000e+00 0.000000000000000000e+00 0.000000000000000000e+00 0.000000000000000000e+00 0.000000000000000000e+00 7.129108148570614139e-05 0.000000000000000000e+00 3.217503217503217398e-04 0.000000000000000000e+00 3.169572107765451785e-04 0.000000000000000000e+00 1.998600979314479995e-04 0.000000000000000000e+00 0.000000000000000000e+00 0.000000000000000000e+00 0.000000000000000000e+00 0.000000000000000000e+00 0.000000000000000000e+00 0.000000000000000000e+00 0.000000000000000000e+00 0.000000000000000000e+00 4.649432769202157590e-04 0.000000000000000000e+00 0.000000000000000000e+00 5.241639584862144586e-04 3.241065171688857494e-02 8.407600470825625874e-05 2.997816160412944061e-02 0.000000000000000000e+00 5.064715813168261041e-03 0.000000000000000000e+00 4.438416964615953669e-03 0.000000000000000000e+00 0.000000000000000000e+00 0.000000000000000000e+00 8.787346221441124251e-04 0.000000000000000000e+00 1.709401709401709400e-03 0.000000000000000000e+00 6.216144214545777681e-04 0.000000000000000000e+00 4.678362573099415292e-03 0.000000000000000000e+00 5.110514884374600707e-04 0.000000000000000000e+00 0.000000000000000000e+00 0.000000000000000000e+00 0.000000000000000000e+00 0.000000000000000000e+00 0.000000000000000000e+00 7.980845969672785726e-04 0.000000000000000000e+00 0.000000000000000000e+00 0.000000000000000000e+00 0.000000000000000000e+00 0.000000000000000000e+00 0.000000000000000000e+00 0.000000000000000000e+00 0.000000000000000000e+00 0.000000000000000000e+00 0.000000000000000000e+00 0.000000000000000000e+00 0.000000000000000000e+00 0.000000000000000000e+00 0.000000000000000000e+00 0.000000000000000000e+00 0.000000000000000000e+00 0.000000000000000000e+00 0.000000000000000000e+00 0.000000000000000000e+00
1.776115914933395767e-01 9.347978499649451213e-04 2.255199813040429935e-01 1.519046506193035689e-02 1.320401963075484852e-02 3.505491937368543798e-04 0.000000000000000000e+00 1.505659962633256431e-02 5.369745320650506221e-02 1.946472019464720290e-03 8.707124010554090354e-02 2.270742358078602433e-03 1.844206719903570824e-01 5.062009617818274097e-03 2.145045965270684502e-02 2.226345083487940753e-03 5.702280912364946289e-03 0.000000000000000000e+00 7.231188430098511866e-03 4.189944134078212208e-03 0.000000000000000000e+00 0.000000000000000000e+00 1.418439716312056703e-02 1.262360614348832268e-02 6.889424733034792050e-04 4.478280340349305769e-04 2.644103648863035429e-03 0.000000000000000000e+00 1.006661732050333040e-02 1.230012300123001267e-03 8.868144690781797762e-03 1.779163609684519462e-02 1.324503311258278145e-03 7.497018231385244556e-03 9.074410163339382586e-04 0.000000000000000000e+00 9.379187137114783704e-03 2.085505735140771584e-04 0.000000000000000000e+00 0.000000000000000000e+00 0.000000000000000000e+00 0.000000000000000000e+00 3.026634382566586101e-04 0.000000000000000000e+00 2.826855123674911754e-04 0.000000000000000000e+00 0.000000000000000000e+00 0.000000000000000000e+00 1.053265121877821264e-03 0.000000000000000000e+00 1.281163434903047176e-02 7.129108148570614139e-05 9.753298909925416788e-03 0.000000000000000000e+00 2.155559547332494899e-03 0.000000000000000000e+00 6.022823330515638361e-03 9.993004896572399974e-05 2.036021926389976720e-03 1.683785149014985607e-04 7.950530035335688292e-03 0.000000000000000000e+00 1.612469766191883865e-03 0.000000000000000000e+00 1.777495635613394673e-02 0.000000000000000000e+00 9.009820704567978811e-04 2.789659661521294337e-04 1.507159005275056536e-03 0.000000000000000000e+00 5.472271726596079217e-02 7.007708479327259604e-04 3.354632587859424780e-02 2.878697637482628691e-03 3.541389995573262540e-03 1.125492402926280304e-03 5.833333333333333426e-02 8.630255208975465709e-04 0.000000000000000000e+00 0.000000000000000000e+00 2.723735408560311148e-03 0.000000000000000000e+00 0.000000000000000000e+00 0.000000000000000000e+00 1.356920293496833782e-02 0.000000000000000000e+00 1.787310098302055368e-03 0.000000000000000000e+00 1.521571648690292836e-02 0.000000000000000000e+00 2.536139994927719935e-04 5.109862033725089949e-04 0.000000000000000000e+00 0.000000000000000000e+00 3.636363636363636187e-02 0.000000000000000000e+00 0.000000000000000000e+00 0.000000000000000000e+00 0.000000000000000000e+00 0.000000000000000000e+00 0.000000000000000000e+00 0.000000000000000000e+00 0.000000000000000000e+00 2.302555836979046637e-04 7.616146230007616322e-04 0.000000000000000000e+00 0.000000000000000000e+00 0.000000000000000000e+00 0.000000000000000000e+00 0.000000000000000000e+00 7.680491551459293388e-04 0.000000000000000000e+00 0.000000000000000000e+00 0.000000000000000000e+00 0.000000000000000000e+00 0.000000000000000000e+00
4.725794043301461550e-03 1.808989998900978058e-01 1.549620837454665327e-02 1.954060885811627624e-01 6.594131223211342025e-04 2.088141554016924740e-03 1.505659962633256431e-02 0.000000000000000000e+00 1.227370359005830035e-03 3.990267639902676106e-02 4.059265272985589264e-03 6.480349344978166004e-02 4.670784993219828304e-03 2.294355859276132614e-01 4.085801838610827390e-04 3.580705009276437950e-02 1.200480192076830649e-03 5.352363960749330525e-03 1.645357367428212231e-02 7.681564245810055570e-03 0.000000000000000000e+00 0.000000000000000000e+00 2.140793275545048446e-02 1.073006522196507523e-02 6.889424733034792050e-04 1.343484102104791677e-03 0.000000000000000000e+00 3.113325031133250286e-04 1.332346410066617259e-03 3.145317167457389179e-02 1.796966161026837885e-02 4.952311078503301121e-03 7.284768211920530229e-03 3.066962003748509216e-03 0.000000000000000000e+00 0.000000000000000000e+00 0.000000000000000000e+00 9.176225234619394752e-03 0.000000000000000000e+00 4.575163398692810683e-03 0.000000000000000000e+00 3.597122302158273568e-03 0.000000000000000000e+00 0.000000000000000000e+00 0.000000000000000000e+00 4.201239365612855587e-04 0.000000000000000000e+00 3.164556962025316515e-04 0.000000000000000000e+00 8.995232526760817181e-04 8.656509695290858745e-05 8.412347615313323437e-03 0.000000000000000000e+00 8.043758043758043224e-04 0.000000000000000000e+00 1.901743264659271071e-03 2.113271344040574683e-04 6.395523133806335983e-03 0.000000000000000000e+00 2.357299208620980066e-03 0.000000000000000000e+00 5.231037489102005437e-03 0.000000000000000000e+00 2.649507948523845569e-03 1.587049674654816595e-04 1.279620853080568749e-02 3.603928281827191416e-04 2.231727729217035470e-03 1.883948756593820670e-04 9.180628873077806154e-04 8.386623335779431554e-04 9.740714786264891012e-02 9.248360517908188732e-04 4.318046456223943036e-02 8.853474988933156351e-04 9.003939223410242429e-03 6.289308176100628619e-04 3.217852299346566497e-02 0.000000000000000000e+00 0.000000000000000000e+00 0.000000000000000000e+00 4.100761570005858128e-03 0.000000000000000000e+00 0.000000000000000000e+00 0.000000000000000000e+00 9.324216321818666955e-03 0.000000000000000000e+00 0.000000000000000000e+00 0.000000000000000000e+00 4.471700523827775754e-03 7.608419984783160346e-04 1.532958610117526876e-03 0.000000000000000000e+00 0.000000000000000000e+00 0.000000000000000000e+00 1.365187713310580218e-02 7.980845969672785726e-04 0.000000000000000000e+00 1.014198782961460432e-03 0.000000000000000000e+00 0.000000000000000000e+00 0.000000000000000000e+00 3.497726477789436968e-04 1.151277918489523400e-03 3.808073115003808161e-04 7.880220646178093518e-04 0.000000000000000000e+00 0.000000000000000000e+00 0.000000000000000000e+00 0.000000000000000000e+00 0.000000000000000000e+00 0.000000000000000000e+00 0.000000000000000000e+00 0.000000000000000000e+00 0.000000000000000000e+00 0.000000000000000000e+00
4.909481436023320142e-03 0.000000000000000000e+00 1.258054617980975710e-02 6.136851795029150177e-04 3.700521632402577477e-01 2.761583307763117688e-03 5.369745320650506221e-02 1.227370359005830035e-03 0.000000000000000000e+00 2.433090024330900308e-03 3.044448954739192165e-03 0.000000000000000000e+00 5.303601024559288779e-02 1.265502404454568524e-04 1.981613891726251298e-01 3.710575139146567560e-04 3.001200480192076623e-04 0.000000000000000000e+00 1.047998323202682869e-04 0.000000000000000000e+00 0.000000000000000000e+00 0.000000000000000000e+00 2.364066193853427839e-03 6.311803071744161771e-04 4.822597313124354218e-03 4.478280340349305444e-03 1.507139079851930151e-02 0.000000000000000000e+00 9.030347890451517409e-03 1.757160428747144628e-04 1.866977829638273145e-03 1.283932501834189220e-03 1.324503311258278145e-04 0.000000000000000000e+00 0.000000000000000000e+00 0.000000000000000000e+00 0.000000000000000000e+00 0.000000000000000000e+00 0.000000000000000000e+00 0.000000000000000000e+00 4.975124378109452641e-03 0.000000000000000000e+00 0.000000000000000000e+00 0.000000000000000000e+00 0.000000000000000000e+00 0.000000000000000000e+00 2.236636099306642733e-04 0.000000000000000000e+00 0.000000000000000000e+00 0.000000000000000000e+00 4.328254847645429237e-04 0.000000000000000000e+00 0.000000000000000000e+00 0.000000000000000000e+00 1.796299622777079263e-04 0.000000000000000000e+00 4.226542688081149366e-04 0.000000000000000000e+00 0.000000000000000000e+00 0.000000000000000000e+00 1.766784452296819765e-03 0.000000000000000000e+00 2.687449610319806261e-04 0.000000000000000000e+00 1.587049674654816703e-03 0.000000000000000000e+00 0.000000000000000000e+00 0.000000000000000000e+00 1.883948756593820670e-04 0.000000000000000000e+00 3.459482126009015557e-03 0.000000000000000000e+00 1.042542458382377663e-02 0.000000000000000000e+00 4.426737494466577959e-03 5.627462014631401518e-04 2.044025157232704382e-03 1.232893601282209232e-04 0.000000000000000000e+00 0.000000000000000000e+00 5.836575875486381187e-04 0.000000000000000000e+00 7.425742574257425399e-03 0.000000000000000000e+00 2.814353201326766363e-03 0.000000000000000000e+00 0.000000000000000000e+00 0.000000000000000000e+00 3.659476117103235577e-03 0.000000000000000000e+00 0.000000000000000000e+00 5.109862033725089949e-04 0.000000000000000000e+00 0.000000000000000000e+00 6.060606060606060601e-03 0.000000000000000000e+00 0.000000000000000000e+00 0.000000000000000000e+00 0.000000000000000000e+00 0.000000000000000000e+00 0.000000000000000000e+00 0.000000000000000000e+00 0.000000000000000000e+00 0.000000000000000000e+00 0.000000000000000000e+00 0.000000000000000000e+00 0.000000000000000000e+00 0.000000000000000000e+00 0.000000000000000000e+00 0.000000000000000000e+00 0.000000000000000000e+00 0.000000000000000000e+00 0.000000000000000000e+00 0.000000000000000000e+00 0.000000000000000000e+00 0.000000000000000000e+00
0.000000000000000000e+00 2.433090024330900308e-03 6.812652068126520688e-03 1.751824817518248326e-02 4.379562043795620814e-03 3.995133819951338094e-01 1.946472019464720290e-03 3.990267639902676106e-02 2.433090024330900308e-03 0.000000000000000000e+00 0.000000000000000000e+00 3.493449781659388399e-04 3.013409673045050344e-04 1.063022019741837430e-02 2.042900919305413695e-04 1.152133580705009264e-01 0.000000000000000000e+00 2.230151650312221323e-04 0.000000000000000000e+00 0.000000000000000000e+00 8.382229673093042829e-04 0.000000000000000000e+00 2.626740215392697839e-03 4.628655585945718777e-03 0.000000000000000000e+00 6.717420510523959033e-03 0.000000000000000000e+00 1.556662515566625089e-03 0.000000000000000000e+00 2.811456685995431404e-03 5.600933488914819000e-03 9.170946441672780296e-04 0.000000000000000000e+00 0.000000000000000000e+00 0.000000000000000000e+00 0.000000000000000000e+00 0.000000000000000000e+00 6.256517205422315294e-04 0.000000000000000000e+00 0.000000000000000000e+00 0.000000000000000000e+00 0.000000000000000000e+00 0.000000000000000000e+00 0.000000000000000000e+00 0.000000000000000000e+00 0.000000000000000000e+00 0.000000000000000000e+00 0.000000000000000000e+00 0.000000000000000000e+00 0.000000000000000000e+00 0.000000000000000000e+00 0.000000000000000000e+00 0.000000000000000000e+00 1.608751608751608699e-04 0.000000000000000000e+00 4.754358161648177677e-04 0.000000000000000000e+00 0.000000000000000000e+00 0.000000000000000000e+00 1.683785149014985607e-04 0.000000000000000000e+00 0.000000000000000000e+00 0.000000000000000000e+00 1.892505677517032549e-04 0.000000000000000000e+00 0.000000000000000000e+00 9.009820704567978540e-05 1.859773107680862982e-04 0.000000000000000000e+00 0.000000000000000000e+00 0.000000000000000000e+00 3.679046951646811319e-03 1.681520094165125175e-04 1.409569188008735416e-02 0.000000000000000000e+00 9.003939223410242429e-03 0.000000000000000000e+00 6.657625446923930504e-03 0.000000000000000000e+00 0.000000000000000000e+00 0.000000000000000000e+00 5.858230814294083195e-04 0.000000000000000000e+00 1.709401709401709400e-03 0.000000000000000000e+00 4.440103010389841046e-04 0.000000000000000000e+00 1.169590643274853823e-03 0.000000000000000000e+00 0.000000000000000000e+00 2.536139994927719935e-04 0.000000000000000000e+00 0.000000000000000000e+00 0.000000000000000000e+00 0.000000000000000000e+00 6.825938566552901092e-03 0.000000000000000000e+00 0.000000000000000000e+00 0.000000000000000000e+00 0.000000000000000000e+00 0.000000000000000000e+00 0.000000000000000000e+00 0.000000000000000000e+00 0.000000000000000000e+00 0.000000000000000000e+00 3.940110323089046759e-04 0.000000000000000000e+00 0.000000000000000000e+00 0.000000000000000000e+00 0.000000000000000000e+00 0.000000000000000000e+00 0.000000000000000000e+00 0.000000000000000000e+00 0.000000000000000000e+00 0.000000000000000000e+00 0.000000000000000000e+00
2.372640552060077124e-01 8.118530545971179178e-04 6.494824436776942822e-02 5.885934645829105256e-03 6.088897909478384112e-04 0.000000000000000000e+00 8.707124010554090354e-02 4.059265272985589264e-03 3.044448954739192165e-03 0.000000000000000000e+00 0.000000000000000000e+00 6.986899563318776799e-04 1.368087991562453032e-01 5.062009617818274097e-04 3.677221654749744488e-03 0.000000000000000000e+00 3.046218487394957916e-02 0.000000000000000000e+00 2.504715992454412121e-02 1.833100558659217895e-03 0.000000000000000000e+00 0.000000000000000000e+00 1.168899395849750528e-02 1.893540921523248531e-03 0.000000000000000000e+00 0.000000000000000000e+00 0.000000000000000000e+00 0.000000000000000000e+00 4.189489267209474399e-02 0.000000000000000000e+00 3.033838973162193697e-03 1.834189288334556059e-03 6.225165562913907713e-03 2.385414891804396153e-03 0.000000000000000000e+00 0.000000000000000000e+00 1.339883876730683324e-03 0.000000000000000000e+00 0.000000000000000000e+00 0.000000000000000000e+00 0.000000000000000000e+00 0.000000000000000000e+00 0.000000000000000000e+00 0.000000000000000000e+00 0.000000000000000000e+00 0.000000000000000000e+00 0.000000000000000000e+00 0.000000000000000000e+00 3.009328919650918052e-04 0.000000000000000000e+00 6.578947368421052266e-03 0.000000000000000000e+00 5.737234652897302972e-04 0.000000000000000000e+00 5.388898868331237248e-04 0.000000000000000000e+00 4.437869822485207214e-03 0.000000000000000000e+00 2.975724353954581260e-03 0.000000000000000000e+00 2.183240787481070116e-02 0.000000000000000000e+00 3.762429454447729308e-03 0.000000000000000000e+00 2.237740041263291610e-02 0.000000000000000000e+00 8.108838634111180822e-04 0.000000000000000000e+00 1.883948756593820670e-04 0.000000000000000000e+00 4.130411992871370341e-02 0.000000000000000000e+00 4.203800235412813099e-03 9.926543577526304848e-05 0.000000000000000000e+00 0.000000000000000000e+00 4.874213836477987206e-03 0.000000000000000000e+00 0.000000000000000000e+00 0.000000000000000000e+00 1.361867704280155574e-03 0.000000000000000000e+00 0.000000000000000000e+00 0.000000000000000000e+00 7.136395617650014706e-03 0.000000000000000000e+00 8.936550491510276842e-04 0.000000000000000000e+00 4.237288135593220324e-03 0.000000000000000000e+00 0.000000000000000000e+00 0.000000000000000000e+00 0.000000000000000000e+00 0.000000000000000000e+00 0.000000000000000000e+00 3.412969283276450546e-03 0.000000000000000000e+00 0.000000000000000000e+00 0.000000000000000000e+00 0.000000000000000000e+00 0.000000000000000000e+00 0.000000000000000000e+00 0.000000000000000000e+00 0.000000000000000000e+00 0.000000000000000000e+00 0.000000000000000000e+00 0.000000000000000000e+00 0.000000000000000000e+00 0.000000000000000000e+00 0.000000000000000000e+00 0.000000000000000000e+00 0.000000000000000000e+00 0.000000000000000000e+00 0.000000000000000000e+00 0.000000000000000000e+00 0.000000000000000000e+00
1.746724890829694362e-03 1.262882096069868898e-01 5.240174672489082870e-03 4.681222707423580986e-02 0.000000000000000000e+00 0.000000000000000000e+00 2.270742358078602433e-03 6.480349344978166004e-02 0.000000000000000000e+00 3.493449781659388399e-04 6.986899563318776799e-04 0.000000000000000000e+00 1.506704836522525172e-04 2.013414325487218326e-01 0.000000000000000000e+00 6.307977736549164743e-03 0.000000000000000000e+00 8.407671721677073551e-02 5.763990777614755659e-03 1.964036312849162108e-02 0.000000000000000000e+00 0.000000000000000000e+00 1.707381140005253487e-03 3.787081843046497063e-03 0.000000000000000000e+00 0.000000000000000000e+00 0.000000000000000000e+00 0.000000000000000000e+00 0.000000000000000000e+00 1.008610086100860948e-01 2.100350058343057342e-03 1.100513573000733679e-03 1.456953642384105959e-03 6.474697563469074962e-03 0.000000000000000000e+00 0.000000000000000000e+00 0.000000000000000000e+00 4.379562043795620814e-03 0.000000000000000000e+00 0.000000000000000000e+00 0.000000000000000000e+00 0.000000000000000000e+00 0.000000000000000000e+00 0.000000000000000000e+00 0.000000000000000000e+00 1.050309841403213897e-04 0.000000000000000000e+00 0.000000000000000000e+00 0.000000000000000000e+00 1.799046505352163436e-04 8.656509695290858745e-05 1.069366222285592040e-03 0.000000000000000000e+00 0.000000000000000000e+00 0.000000000000000000e+00 3.169572107765451785e-04 0.000000000000000000e+00 3.597481762766063882e-03 0.000000000000000000e+00 1.515406634113487154e-03 0.000000000000000000e+00 8.282476024411507959e-03 0.000000000000000000e+00 1.911430734292202810e-02 0.000000000000000000e+00 6.753554502369668588e-03 1.801964140913595708e-04 3.719546215361725964e-04 0.000000000000000000e+00 2.295157218269451539e-04 0.000000000000000000e+00 6.009110021023125747e-02 1.681520094165125175e-04 1.826484018264840081e-02 0.000000000000000000e+00 1.125492402926280304e-03 3.144654088050314309e-04 2.219208482307976835e-02 0.000000000000000000e+00 7.633587786259541687e-03 0.000000000000000000e+00 2.108963093145869994e-02 0.000000000000000000e+00 0.000000000000000000e+00 0.000000000000000000e+00 1.278749666992274291e-02 0.000000000000000000e+00 1.169590643274853823e-03 0.000000000000000000e+00 1.098760700140539136e-02 0.000000000000000000e+00 0.000000000000000000e+00 0.000000000000000000e+00 0.000000000000000000e+00 6.060606060606060601e-03 6.825938566552901092e-03 0.000000000000000000e+00 0.000000000000000000e+00 0.000000000000000000e+00 0.000000000000000000e+00 0.000000000000000000e+00 6.553079947575360473e-04 0.000000000000000000e+00 2.302555836979046637e-04 3.808073115003808161e-04 0.000000000000000000e+00 0.000000000000000000e+00 0.000000000000000000e+00 0.000000000000000000e+00 0.000000000000000000e+00 0.000000000000000000e+00 0.000000000000000000e+00 0.000000000000000000e+00 0.000000000000000000e+00 0.000000000000000000e+00 0.000000000000000000e+00
4.957058912159108266e-02 0.000000000000000000e+00 6.056953442820551398e-02 7.232183215308120826e-03 1.506704836522525280e-03 1.506704836522525172e-04 1.844206719903570824e-01 4.670784993219828304e-03 5.303601024559288779e-02 3.013409673045050344e-04 1.368087991562453032e-01 1.506704836522525172e-04 0.000000000000000000e+00 1.138952164009111563e-03 1.887640449438202361e-01 3.710575139146567560e-04 2.250900360144057494e-03 0.000000000000000000e+00 5.554391112974219058e-03 1.745810055865921844e-04 0.000000000000000000e+00 0.000000000000000000e+00 3.598634095087995671e-02 6.101409636019356451e-03 0.000000000000000000e+00 4.478280340349305769e-04 2.644103648863035429e-04 0.000000000000000000e+00 1.464100666173205056e-01 0.000000000000000000e+00 6.301050175029171592e-03 6.603081438004402073e-03 1.986754966887417217e-03 5.111603339580849054e-04 0.000000000000000000e+00 0.000000000000000000e+00 8.932559178204555134e-04 0.000000000000000000e+00 0.000000000000000000e+00 0.000000000000000000e+00 0.000000000000000000e+00 0.000000000000000000e+00 0.000000000000000000e+00 0.000000000000000000e+00 1.413427561837455877e-04 0.000000000000000000e+00 4.473272198613285466e-04 0.000000000000000000e+00 1.504664459825459026e-04 0.000000000000000000e+00 2.943213296398892054e-03 0.000000000000000000e+00 1.721170395869191109e-03 0.000000000000000000e+00 1.796299622777079263e-04 0.000000000000000000e+00 3.803888419273034754e-03 0.000000000000000000e+00 7.830853563038371167e-04 0.000000000000000000e+00 1.161029782937910218e-02 0.000000000000000000e+00 3.762429454447729308e-03 0.000000000000000000e+00 1.825107125853039219e-02 0.000000000000000000e+00 3.603928281827191416e-04 0.000000000000000000e+00 1.318764129615674361e-03 0.000000000000000000e+00 1.645874829646713430e-02 1.751927119831814901e-04 2.194383722885488372e-02 3.970617431010521939e-04 1.770694997786631270e-03 0.000000000000000000e+00 1.399371069182389973e-02 4.931574405128836928e-04 0.000000000000000000e+00 0.000000000000000000e+00 3.891050583657587603e-03 0.000000000000000000e+00 1.237623762376237639e-03 0.000000000000000000e+00 7.035883003316915907e-03 0.000000000000000000e+00 0.000000000000000000e+00 0.000000000000000000e+00 2.889060092449922870e-03 0.000000000000000000e+00 0.000000000000000000e+00 0.000000000000000000e+00 0.000000000000000000e+00 0.000000000000000000e+00 6.060606060606060601e-03 0.000000000000000000e+00 0.000000000000000000e+00 0.000000000000000000e+00 0.000000000000000000e+00 0.000000000000000000e+00 0.000000000000000000e+00 0.000000000000000000e+00 0.000000000000000000e+00 4.605111673958093275e-04 0.000000000000000000e+00 0.000000000000000000e+00 0.000000000000000000e+00 0.000000000000000000e+00 0.000000000000000000e+00 0.000000000000000000e+00 0.000000000000000000e+00 0.000000000000000000e+00 0.000000000000000000e+00 0.000000000000000000e+00 0.000000000000000000e+00 0.000000000000000000e+00
