0.000000000000000000e+00 1.656730467524317532e-02 6.495934199457893687e-02 4.710315591144606864e-03 0.000000000000000000e+00 0.000000000000000000e+00 1.349851593754032852e-01 5.146406388642413461e-03 3.777861730260672333e-04 0.000000000000000000e+00 1.734148204736440102e-01 2.464157706093189799e-03 6.214367160775370602e-02 0.000000000000000000e+00 2.131060202450719109e-03 0.000000000000000000e+00 4.294383071417457592e-02 3.064194882794545917e-03 8.683884064508852474e-02 2.738450074515648425e-02 0.000000000000000000e+00 0.000000000000000000e+00 3.181167488468267940e-04 0.000000000000000000e+00 0.000000000000000000e+00 0.000000000000000000e+00 0.000000000000000000e+00 0.000000000000000000e+00 3.290870488322717585e-02 5.326704545454545060e-04 1.606683804627249404e-03 0.000000000000000000e+00 1.056194989844278995e-02 8.294657845363878276e-03 0.000000000000000000e+00 0.000000000000000000e+00 7.578166401695812793e-02 1.202404809619238421e-03 5.681818181818181542e-04 0.000000000000000000e+00 8.968609865470851886e-03 0.000000000000000000e+00 1.013171225937183317e-04 0.000000000000000000e+00 1.265182186234817827e-04 9.451795841209830395e-05 1.292991983449702596e-04 0.000000000000000000e+00 1.475237091675447735e-03 0.000000000000000000e+00 5.902893249085466865e-03 0.000000000000000000e+00 2.911208151382824118e-04 0.000000000000000000e+00 7.218479307025986100e-03 0.000000000000000000e+00 1.483793517406962748e-01 1.736587149255095419e-03 1.282051282051282007e-02 1.120277013952540980e-03 6.602304578013079572e-02 1.369112814895947399e-04 1.196785775346212964e-02 1.048218029350104878e-03 2.054794520547945091e-02 9.035872413481521234e-05 5.614952695946465698e-03 1.154734411085450328e-03 1.019500065436461239e-01 1.341441602575567903e-02 7.720154908233708979e-02 3.975352812562114846e-04 6.655721141702450327e-02 3.090305596886803226e-03 0.000000000000000000e+00 1.367989056087551281e-03 4.807583794154158402e-02 2.923549188715100083e-03 3.142183817753338784e-03 0.000000000000000000e+00 6.511721097976357758e-03 0.000000000000000000e+00 0.000000000000000000e+00 0.000000000000000000e+00 2.916494703535562130e-02 0.000000000000000000e+00 9.000900090009000517e-04 0.000000000000000000e+00 2.549150283238920192e-02 0.000000000000000000e+00 8.210180623973727153e-04 0.000000000000000000e+00 1.478743068391866851e-03 0.000000000000000000e+00 4.901960784313725422e-02 0.000000000000000000e+00 6.090133982947624515e-04 0.000000000000000000e+00 2.626395272488509305e-03 8.810572687224669988e-04 0.000000000000000000e+00 0.000000000000000000e+00 4.600585529067335866e-03 5.374899220639612523e-04 3.247807729782396964e-03 3.554923569143263315e-04 0.000000000000000000e+00 0.000000000000000000e+00 0.000000000000000000e+00 0.000000000000000000e+00 1.386962552011095735e-03 0.000000000000000000e+00 0.000000000000000000e+00 0.000000000000000000e+00 0.000000000000000000e+00 0.000000000000000000e+00
1.656730467524317532e-02 0.000000000000000000e+00 4.299467239928965109e-03 9.590202543570419680e-02 0.000000000000000000e+00 1.199999999999999895e-03 9.033423667570008664e-04 1.993788819875776386e-01 0.000000000000000000e+00 0.000000000000000000e+00 1.018589253883371440e-03 1.216397849462365621e-01 7.601672367920942483e-04 4.455909943714821651e-03 0.000000000000000000e+00 9.342883836810962498e-04 1.555935895441107808e-03 8.732955415964455126e-02 3.811886771174016059e-02 7.675111773472428900e-02 0.000000000000000000e+00 0.000000000000000000e+00 0.000000000000000000e+00 0.000000000000000000e+00 0.000000000000000000e+00 0.000000000000000000e+00 0.000000000000000000e+00 0.000000000000000000e+00 3.538570417551309389e-04 3.320312500000000000e-02 1.606683804627249404e-03 6.868131868131868668e-04 2.897765741367637135e-02 1.925545571245186258e-02 0.000000000000000000e+00 1.430103682516982444e-03 1.324854266030736595e-03 1.178356713426853691e-01 0.000000000000000000e+00 3.394945303658996726e-03 0.000000000000000000e+00 1.189591078066914442e-01 0.000000000000000000e+00 6.093102607847916214e-05 0.000000000000000000e+00 3.780718336483932158e-04 0.000000000000000000e+00 1.939487975174553893e-04 0.000000000000000000e+00 1.821493624772313295e-03 2.494180246092450918e-04 3.930870891223314269e-03 0.000000000000000000e+00 1.267909217700012808e-04 0.000000000000000000e+00 2.358225715889949569e-03 2.400960384153661299e-03 2.800475276482953801e-01 5.990893841361131329e-04 1.894286587228842175e-02 3.114294612270321013e-04 7.762869660460021415e-02 1.709693964780304289e-04 2.096436058700209756e-02 7.827788649706458142e-04 6.867263034245956084e-03 1.769094685024228883e-03 5.418369159708651822e-03 4.017798717445360268e-02 1.870863888392058638e-01 1.347028119211988485e-03 6.678592725104352812e-02 2.778479413993432783e-03 1.139979397962687380e-01 0.000000000000000000e+00 8.207934336525307684e-03 3.498476469924387960e-03 9.253033182283292024e-02 7.855459544383346961e-04 1.167315175097276281e-02 0.000000000000000000e+00 1.061744527932048307e-02 0.000000000000000000e+00 1.041124414367516904e-03 6.878525244187645715e-05 2.978270779516790923e-02 0.000000000000000000e+00 0.000000000000000000e+00 0.000000000000000000e+00 2.348520432127759391e-02 2.736726874657909232e-04 8.562691131498470845e-03 0.000000000000000000e+00 5.963029218843172649e-03 3.267973856209150426e-03 1.111111111111111049e-01 0.000000000000000000e+00 8.988764044943821016e-03 6.565988181221273264e-04 1.233480176211453755e-02 0.000000000000000000e+00 9.615384615384615918e-03 2.091175240485152592e-04 5.374899220639613173e-03 9.743423189347190242e-04 4.976892996800568424e-03 0.000000000000000000e+00 8.771929824561403022e-03 0.000000000000000000e+00 0.000000000000000000e+00 2.773925104022191470e-03 2.911208151382824010e-03 0.000000000000000000e+00 1.031991744066047389e-03 0.000000000000000000e+00 0.000000000000000000e+00
6.495934199457893687e-02 4.299467239928965109e-03 0.000000000000000000e+00 8.195949128591615770e-03 1.204780361757105955e-01 8.800000000000000530e-03 3.070073557878436055e-01 1.437444543034605178e-02 1.545145447676614936e-01 1.625239005736137804e-02 4.150751209574739253e-02 3.136200716845878242e-03 7.677689091600152504e-02 1.547842401500938020e-02 2.344166222695791280e-02 9.342883836810962281e-03 7.779679477205539255e-03 7.660487206986364792e-04 1.053343859253411535e-01 7.358420268256333878e-03 0.000000000000000000e+00 0.000000000000000000e+00 2.113885796087164037e-01 1.472920915476999722e-02 6.207827260458839702e-02 5.560704355885078866e-03 4.887585532746823065e-03 6.944444444444444709e-04 2.795470629865534282e-02 1.775568181818181759e-03 1.799485861182519367e-02 1.144688644688644612e-02 5.416384563303994377e-03 3.653599289029327377e-03 5.778676683039584263e-04 3.575259206292456110e-04 1.404345521992580829e-02 2.004008016032064125e-04 0.000000000000000000e+00 0.000000000000000000e+00 8.968609865470851886e-03 0.000000000000000000e+00 7.092198581560284166e-04 0.000000000000000000e+00 2.530364372469635654e-04 9.451795841209830395e-05 1.163692785104732336e-03 0.000000000000000000e+00 1.475237091675447735e-03 0.000000000000000000e+00 3.824409710675091660e-03 0.000000000000000000e+00 2.911208151382824118e-04 0.000000000000000000e+00 3.368623676612126847e-03 0.000000000000000000e+00 2.641056422569027645e-03 9.139932364500502561e-05 9.585430146177810126e-03 3.055300947143293534e-04 2.076196408180213792e-03 1.369112814895947399e-04 5.129081894340913137e-04 1.310272536687631098e-04 3.131115459882583257e-03 0.000000000000000000e+00 2.199830782247519378e-02 6.217800675075501682e-04 3.010077215024211435e-03 5.365766410302271437e-04 6.457316046472470761e-02 1.490757304710793162e-03 8.436473857034604285e-02 2.289115256953187447e-03 1.742919389978213676e-02 0.000000000000000000e+00 7.098521611556257715e-02 4.092968864201140117e-03 2.356637863315004088e-03 0.000000000000000000e+00 6.010819475055098702e-04 0.000000000000000000e+00 1.146788990825688137e-03 0.000000000000000000e+00 1.582060806163158515e-03 0.000000000000000000e+00 9.000900090009000517e-04 0.000000000000000000e+00 2.999000333222259177e-03 2.348520432127759619e-04 1.368363437328954562e-03 6.116207951070336008e-04 7.393715341959334253e-04 0.000000000000000000e+00 3.594771241830065078e-02 0.000000000000000000e+00 6.090133982947624515e-04 0.000000000000000000e+00 1.313197636244254653e-03 0.000000000000000000e+00 0.000000000000000000e+00 0.000000000000000000e+00 2.091175240485152863e-03 0.000000000000000000e+00 6.495615459564793494e-04 3.554923569143263315e-04 0.000000000000000000e+00 1.253132832080200432e-03 0.000000000000000000e+00 0.000000000000000000e+00 0.000000000000000000e+00 1.455604075691412005e-03 0.000000000000000000e+00 1.031991744066047389e-03 8.718395815170009062e-04 0.000000000000000000e+00
4.710315591144606864e-03 9.590202543570419680e-02 8.195949128591615770e-03 0.000000000000000000e+00 2.906976744186046471e-03 5.199999999999999761e-02 1.393728222996515678e-02 1.819875776397515410e-01 5.289006422364941375e-03 1.242829827915870045e-02 4.583651642475172240e-03 5.913978494623656212e-02 7.791714177118966127e-03 4.573170731707316972e-02 3.196590303676078663e-03 6.041731547804422148e-02 1.711529484985218697e-03 2.604565650375363986e-02 1.150332694259614298e-02 1.609538002980625826e-01 0.000000000000000000e+00 8.064516129032258058e-04 1.972323842850326123e-02 2.123272150464536601e-01 6.072874493927125569e-03 1.390176088971269673e-02 1.466275659824046920e-03 3.472222222222222029e-03 1.238499646142958259e-03 4.332386363636363952e-02 2.024421593830334071e-02 5.563186813186812851e-02 5.010155721056195298e-03 9.479608966130146849e-03 2.889338341519792131e-04 1.787629603146228055e-03 1.589825119236884044e-03 3.026052104208416804e-02 0.000000000000000000e+00 8.298755186721991708e-03 0.000000000000000000e+00 3.717472118959107633e-03 1.013171225937183317e-04 2.437241043139166485e-04 0.000000000000000000e+00 2.835538752362948712e-04 0.000000000000000000e+00 9.697439875872769467e-05 1.053740779768177089e-04 2.049180327868852566e-03 1.662786830728300521e-04 2.033209081667231369e-03 0.000000000000000000e+00 1.267909217700012808e-04 0.000000000000000000e+00 6.737787759685569733e-04 2.400960384153661570e-04 3.473174298510190838e-03 1.198178768272226266e-04 1.303595070781138690e-02 2.076196408180213738e-04 5.339539978094194964e-03 1.709693964780304289e-04 7.861635220125786586e-04 0.000000000000000000e+00 3.343272792988162979e-03 7.691716021844472980e-04 1.154734411085450371e-02 1.046983379138856189e-03 1.788588803434090551e-03 2.862434753325475856e-03 3.627509441462929696e-02 4.294013639808032246e-03 7.462515737667391180e-02 0.000000000000000000e+00 6.839945280437756403e-02 7.335515178873716104e-03 9.238415436339716957e-02 0.000000000000000000e+00 0.000000000000000000e+00 0.000000000000000000e+00 1.796798431885004814e-03 0.000000000000000000e+00 2.602811035918792260e-03 2.063557573256293986e-04 1.975383680291748975e-03 0.000000000000000000e+00 1.624255549539794325e-03 0.000000000000000000e+00 2.231094410521371543e-03 0.000000000000000000e+00 4.281345565749235423e-03 0.000000000000000000e+00 1.788908765652951708e-03 3.267973856209150426e-03 5.555555555555555247e-02 0.000000000000000000e+00 0.000000000000000000e+00 6.565988181221273264e-04 1.762114537444933998e-03 0.000000000000000000e+00 1.602564102564102509e-03 4.182350480970305185e-04 2.687449610319806587e-03 3.247807729782396747e-04 2.843938855314610652e-03 0.000000000000000000e+00 1.253132832080200432e-03 0.000000000000000000e+00 0.000000000000000000e+00 2.080443828016643494e-03 0.000000000000000000e+00 0.000000000000000000e+00 0.000000000000000000e+00 0.000000000000000000e+00 0.000000000000000000e+00
0.000000000000000000e+00 0.000000000000000000e+00 1.204780361757105955e-01 2.906976744186046471e-03 0.000000000000000000e+00 6.000000000000000125e-03 6.065298748225577199e-03 1.774622892635315061e-04 3.332074046089912867e-01 4.780114722753346125e-03 0.000000000000000000e+00 0.000000000000000000e+00 0.000000000000000000e+00 0.000000000000000000e+00 7.298881193393713662e-02 6.228589224540642027e-04 0.000000000000000000e+00 0.000000000000000000e+00 1.127777151234916003e-04 9.314456035767511169e-05 5.584016393442622905e-02 8.064516129032258058e-04 1.288372832829648429e-02 1.133016088828461441e-03 5.263157894736841813e-02 1.019462465245597749e-02 2.463343108504398860e-01 4.166666666666666609e-03 6.900212314225053281e-03 0.000000000000000000e+00 8.033419023136246367e-03 1.373626373626373734e-03 2.708192281651997297e-04 0.000000000000000000e+00 0.000000000000000000e+00 0.000000000000000000e+00 0.000000000000000000e+00 0.000000000000000000e+00 0.000000000000000000e+00 0.000000000000000000e+00 0.000000000000000000e+00 0.000000000000000000e+00 0.000000000000000000e+00 0.000000000000000000e+00 1.265182186234817827e-04 0.000000000000000000e+00 9.050943884147918169e-04 0.000000000000000000e+00 1.053740779768177089e-04 7.589556769884639182e-05 0.000000000000000000e+00 0.000000000000000000e+00 0.000000000000000000e+00 0.000000000000000000e+00 3.208213025344882892e-04 0.000000000000000000e+00 0.000000000000000000e+00 0.000000000000000000e+00 1.198178768272226266e-04 0.000000000000000000e+00 0.000000000000000000e+00 0.000000000000000000e+00 0.000000000000000000e+00 0.000000000000000000e+00 0.000000000000000000e+00 0.000000000000000000e+00 0.000000000000000000e+00 0.000000000000000000e+00 1.308729223923570236e-04 0.000000000000000000e+00 2.719313015659201999e-02 7.950705625124229693e-04 3.700429401363980464e-02 3.433672885429781604e-04 8.714596949891068381e-03 0.000000000000000000e+00 6.432682541473873881e-03 1.461774594357550042e-04 0.000000000000000000e+00 0.000000000000000000e+00 0.000000000000000000e+00 0.000000000000000000e+00 4.587155963302752548e-03 0.000000000000000000e+00 8.254230293025175942e-04 0.000000000000000000e+00 1.890189018901890228e-02 0.000000000000000000e+00 1.166277907364211830e-03 0.000000000000000000e+00 0.000000000000000000e+00 0.000000000000000000e+00 0.000000000000000000e+00 0.000000000000000000e+00 1.633986928104575213e-03 0.000000000000000000e+00 0.000000000000000000e+00 0.000000000000000000e+00 0.000000000000000000e+00 0.000000000000000000e+00 0.000000000000000000e+00 0.000000000000000000e+00 2.091175240485152592e-04 0.000000000000000000e+00 0.000000000000000000e+00 0.000000000000000000e+00 0.000000000000000000e+00 0.000000000000000000e+00 0.000000000000000000e+00 0.000000000000000000e+00 0.000000000000000000e+00 0.000000000000000000e+00 0.000000000000000000e+00 0.000000000000000000e+00 0.000000000000000000e+00 0.000000000000000000e+00
0.000000000000000000e+00 1.199999999999999895e-03 8.800000000000000530e-03 5.199999999999999761e-02 6.000000000000000125e-03 0.000000000000000000e+00 1.290489095367144056e-04 5.323868677905945184e-04 1.888930865130336329e-03 1.271510516252390144e-01 0.000000000000000000e+00 0.000000000000000000e+00 1.900418091980235621e-04 7.035647279549718568e-04 5.860415556739478199e-03 1.918405481158517722e-01 0.000000000000000000e+00 0.000000000000000000e+00 0.000000000000000000e+00 0.000000000000000000e+00 7.172131147540983763e-03 2.016129032258064460e-02 4.612692858278988513e-03 6.752775889417629573e-02 2.766531713900135039e-02 8.433734939759035543e-02 5.865102639296187678e-03 1.138888888888888867e-01 0.000000000000000000e+00 1.136363636363636395e-02 1.606683804627249273e-02 1.030219780219780203e-02 0.000000000000000000e+00 3.949837069220894521e-04 0.000000000000000000e+00 3.575259206292456110e-04 0.000000000000000000e+00 6.012024048096192104e-04 0.000000000000000000e+00 0.000000000000000000e+00 0.000000000000000000e+00 0.000000000000000000e+00 0.000000000000000000e+00 1.218620521569583243e-04 0.000000000000000000e+00 0.000000000000000000e+00 0.000000000000000000e+00 5.818463925523661680e-04 0.000000000000000000e+00 1.517911353976927836e-04 0.000000000000000000e+00 6.777363605557438348e-05 0.000000000000000000e+00 2.535818435400025617e-04 0.000000000000000000e+00 2.245929253228523244e-04 0.000000000000000000e+00 9.139932364500502561e-05 0.000000000000000000e+00 1.018433649047764602e-04 0.000000000000000000e+00 0.000000000000000000e+00 0.000000000000000000e+00 0.000000000000000000e+00 0.000000000000000000e+00 9.035872413481521234e-05 0.000000000000000000e+00 2.664771717889500798e-04 0.000000000000000000e+00 0.000000000000000000e+00 6.314194308806196296e-03 2.603856092228185384e-02 1.262945188178833157e-04 1.705390866430124899e-02 0.000000000000000000e+00 0.000000000000000000e+00 1.128540796749802507e-04 1.023242216050285029e-03 0.000000000000000000e+00 0.000000000000000000e+00 0.000000000000000000e+00 0.000000000000000000e+00 0.000000000000000000e+00 2.602811035918792260e-03 0.000000000000000000e+00 1.367573317125057083e-03 0.000000000000000000e+00 1.082837033026529550e-03 0.000000000000000000e+00 9.394081728511038476e-04 0.000000000000000000e+00 0.000000000000000000e+00 0.000000000000000000e+00 0.000000000000000000e+00 0.000000000000000000e+00 0.000000000000000000e+00 0.000000000000000000e+00 0.000000000000000000e+00 0.000000000000000000e+00 0.000000000000000000e+00 0.000000000000000000e+00 0.000000000000000000e+00 0.000000000000000000e+00 0.000000000000000000e+00 0.000000000000000000e+00 0.000000000000000000e+00 0.000000000000000000e+00 0.000000000000000000e+00 0.000000000000000000e+00 0.000000000000000000e+00 0.000000000000000000e+00 0.000000000000000000e+00 0.000000000000000000e+00 0.000000000000000000e+00 0.000000000000000000e+00 0.000000000000000000e+00
1.349851593754032852e-01 9.033423667570008664e-04 3.070073557878436055e-01 1.393728222996515678e-02 6.065298748225577199e-03 1.290489095367144056e-04 0.000000000000000000e+00 2.307009760425909536e-02 9.671326029467321173e-02 2.868068833652007762e-03 4.660045836516425038e-02 9.856630824372759198e-03 1.201064234131508923e-01 1.665103189493433514e-02 5.327650506126798205e-03 2.802865151043288858e-03 5.601369223587988541e-03 6.128389765589091400e-04 1.590165783241231576e-02 1.276080476900148981e-02 0.000000000000000000e+00 0.000000000000000000e+00 2.497216478447590246e-02 9.290731928393382993e-03 0.000000000000000000e+00 9.267840593141798110e-04 0.000000000000000000e+00 0.000000000000000000e+00 1.309271054493984371e-02 1.953125000000000000e-03 9.318766066838046411e-03 1.350732600732600791e-02 2.031144211238998000e-03 8.097165991902834092e-03 5.778676683039584263e-04 0.000000000000000000e+00 1.589825119236884044e-03 2.004008016032064125e-04 0.000000000000000000e+00 0.000000000000000000e+00 0.000000000000000000e+00 0.000000000000000000e+00 1.013171225937183317e-04 0.000000000000000000e+00 3.795546558704453481e-04 0.000000000000000000e+00 3.878975950349107787e-04 0.000000000000000000e+00 9.483667017913593664e-04 0.000000000000000000e+00 3.990688393747921468e-03 0.000000000000000000e+00 5.822416302765648236e-04 0.000000000000000000e+00 4.812319538017324067e-03 1.122964626614261622e-04 1.320528211284513823e-03 1.827986472900100512e-04 1.677450275581116772e-03 1.018433649047764602e-04 1.245717844908128362e-02 0.000000000000000000e+00 5.983928876731064821e-03 1.310272536687631098e-04 3.522504892367906218e-03 1.807174482696304247e-04 2.538266287208676072e-03 9.770829632261503108e-04 1.308729223923570236e-04 0.000000000000000000e+00 6.423640343492170723e-02 7.950705625124229693e-04 2.513260924475877595e-02 2.289115256953187447e-03 2.178649237472767095e-03 2.735978112175102561e-03 1.963660986344656356e-02 5.554743458558690158e-03 2.356637863315004088e-03 0.000000000000000000e+00 5.610098176718092411e-03 0.000000000000000000e+00 0.000000000000000000e+00 0.000000000000000000e+00 1.361947998349154025e-02 7.597629539583650009e-05 9.000900090009000517e-04 0.000000000000000000e+00 1.316227924025324854e-02 0.000000000000000000e+00 0.000000000000000000e+00 6.116207951070336008e-04 0.000000000000000000e+00 0.000000000000000000e+00 1.633986928104575213e-03 0.000000000000000000e+00 0.000000000000000000e+00 0.000000000000000000e+00 6.565988181221273264e-04 0.000000000000000000e+00 0.000000000000000000e+00 0.000000000000000000e+00 0.000000000000000000e+00 5.374899220639612523e-04 3.247807729782396747e-04 0.000000000000000000e+00 0.000000000000000000e+00 1.253132832080200432e-03 0.000000000000000000e+00 0.000000000000000000e+00 6.934812760055478675e-04 0.000000000000000000e+00 0.000000000000000000e+00 0.000000000000000000e+00 0.000000000000000000e+00 0.000000000000000000e+00
5.146406388642413461e-03 1.993788819875776386e-01 1.437444543034605178e-02 1.819875776397515410e-01 1.774622892635315061e-04 5.323868677905945184e-04 2.307009760425909536e-02 0.000000000000000000e+00 5.289006422364941375e-03 7.170172084130019274e-02 1.349630761395467261e-02 1.525537634408602183e-01 1.710376282782212140e-02 3.299718574108818081e-01 3.729355354288758657e-03 2.242292120834631086e-02 2.333903843161661603e-03 1.532097441397272872e-02 2.176609901883387946e-02 1.890834575260804881e-02 0.000000000000000000e+00 0.000000000000000000e+00 2.449498966120566140e-02 1.948787672784953531e-02 6.747638326585694716e-04 0.000000000000000000e+00 0.000000000000000000e+00 0.000000000000000000e+00 3.007784854918612791e-03 4.456676136363636048e-02 1.285347043701799523e-02 1.098901098901098987e-02 6.364251861882193675e-03 2.666140021724103856e-03 0.000000000000000000e+00 3.575259206292456110e-04 1.589825119236884044e-03 1.142284569138276619e-02 0.000000000000000000e+00 3.017729158807996945e-03 0.000000000000000000e+00 1.115241635687732290e-02 0.000000000000000000e+00 6.093102607847916214e-05 0.000000000000000000e+00 1.039697542533081194e-03 0.000000000000000000e+00 1.939487975174553893e-04 0.000000000000000000e+00 1.669702489374620593e-03 8.313934153641502607e-05 4.540833615723483679e-03 0.000000000000000000e+00 5.071636870800051234e-04 0.000000000000000000e+00 4.042672655811341623e-03 2.400960384153661570e-04 4.387167534960241012e-03 1.198178768272226266e-04 3.055300947143293425e-03 2.076196408180213738e-04 2.259036144578313240e-02 0.000000000000000000e+00 6.158280922431865617e-03 1.956947162426614535e-04 5.150447275684467280e-03 1.307591723713560526e-03 6.395452122934802350e-03 6.543646119617851182e-04 3.577177606868180777e-04 3.704327327832968551e-03 7.980520771218445331e-02 6.567314978529931874e-03 4.658349547899736515e-02 0.000000000000000000e+00 3.146374829001367945e-02 1.207538652522288647e-02 3.859084929103932110e-02 0.000000000000000000e+00 3.891050583657587603e-03 1.001803245842516541e-04 1.241424371120548875e-02 0.000000000000000000e+00 2.082248828735033808e-03 0.000000000000000000e+00 1.739857164564655861e-02 9.000900090009000517e-04 5.414185165132647751e-04 0.000000000000000000e+00 2.395490840770314600e-02 0.000000000000000000e+00 0.000000000000000000e+00 3.696857670979667126e-04 0.000000000000000000e+00 6.535947712418300852e-03 1.851851851851851749e-02 0.000000000000000000e+00 2.247191011235955254e-03 0.000000000000000000e+00 0.000000000000000000e+00 0.000000000000000000e+00 0.000000000000000000e+00 4.182350480970305185e-04 1.612469766191883865e-03 0.000000000000000000e+00 3.554923569143263315e-04 0.000000000000000000e+00 1.253132832080200432e-03 0.000000000000000000e+00 0.000000000000000000e+00 0.000000000000000000e+00 0.000000000000000000e+00 0.000000000000000000e+00 0.000000000000000000e+00 0.000000000000000000e+00 0.000000000000000000e+00
3.777861730260672333e-04 0.000000000000000000e+00 1.545145447676614936e-01 5.289006422364941375e-03 3.332074046089912867e-01 1.888930865130336329e-03 9.671326029467321173e-02 5.289006422364941375e-03 0.000000000000000000e+00 1.434034416826003751e-02 2.546473134708428601e-04 0.000000000000000000e+00 3.610794374762447967e-02 1.172607879924953203e-03 1.283963771976558421e-01 4.671441918405481140e-03 4.667807686323323423e-04 0.000000000000000000e+00 2.255554302469832005e-04 9.314456035767511169e-05 5.122950819672131414e-04 0.000000000000000000e+00 1.351996182599013788e-02 3.399048266485384107e-03 8.771929824561403022e-03 3.707136237256719244e-03 1.955034213098729226e-03 6.944444444444444709e-04 3.538570417551309064e-03 0.000000000000000000e+00 2.249357326478149208e-03 3.434065934065934009e-03 0.000000000000000000e+00 9.874592673052236301e-05 0.000000000000000000e+00 0.000000000000000000e+00 2.649708532061473406e-04 0.000000000000000000e+00 0.000000000000000000e+00 0.000000000000000000e+00 0.000000000000000000e+00 0.000000000000000000e+00 3.039513677811550357e-04 0.000000000000000000e+00 2.530364372469635654e-04 0.000000000000000000e+00 5.171967933798810382e-04 0.000000000000000000e+00 0.000000000000000000e+00 0.000000000000000000e+00 0.000000000000000000e+00 0.000000000000000000e+00 0.000000000000000000e+00 0.000000000000000000e+00 0.000000000000000000e+00 0.000000000000000000e+00 1.200480192076830785e-04 0.000000000000000000e+00 0.000000000000000000e+00 0.000000000000000000e+00 1.038098204090106869e-04 0.000000000000000000e+00 0.000000000000000000e+00 0.000000000000000000e+00 0.000000000000000000e+00 0.000000000000000000e+00 0.000000000000000000e+00 8.882572392965002209e-05 0.000000000000000000e+00 0.000000000000000000e+00 1.641690520289611210e-02 7.950705625124229693e-04 1.730234907805001249e-02 1.144557628476593778e-04 6.535947712418300852e-03 0.000000000000000000e+00 6.094120302448933699e-03 2.923549188715100083e-04 0.000000000000000000e+00 0.000000000000000000e+00 0.000000000000000000e+00 0.000000000000000000e+00 0.000000000000000000e+00 0.000000000000000000e+00 3.439262622093822858e-04 0.000000000000000000e+00 2.700270027002700263e-03 0.000000000000000000e+00 6.664445184938354088e-04 0.000000000000000000e+00 0.000000000000000000e+00 0.000000000000000000e+00 0.000000000000000000e+00 0.000000000000000000e+00 0.000000000000000000e+00 0.000000000000000000e+00 0.000000000000000000e+00 0.000000000000000000e+00 0.000000000000000000e+00 0.000000000000000000e+00 0.000000000000000000e+00 0.000000000000000000e+00 2.091175240485152592e-04 0.000000000000000000e+00 0.000000000000000000e+00 0.000000000000000000e+00 0.000000000000000000e+00 0.000000000000000000e+00 0.000000000000000000e+00 0.000000000000000000e+00 0.000000000000000000e+00 0.000000000000000000e+00 0.000000000000000000e+00 0.000000000000000000e+00 0.000000000000000000e+00 0.000000000000000000e+00
0.000000000000000000e+00 0.000000000000000000e+00 1.625239005736137804e-02 1.242829827915870045e-02 4.780114722753346125e-03 1.271510516252390144e-01 2.868068833652007762e-03 7.170172084130019274e-02 1.434034416826003751e-02 0.000000000000000000e+00 0.000000000000000000e+00 0.000000000000000000e+00 5.701254275940707134e-04 2.063789868667917360e-02 2.663825253063399102e-03 1.298660853316723762e-01 0.000000000000000000e+00 0.000000000000000000e+00 1.127777151234916003e-04 0.000000000000000000e+00 0.000000000000000000e+00 1.612903225806451612e-03 5.407984730396055498e-03 1.359619306594153556e-03 6.747638326585694716e-04 0.000000000000000000e+00 4.887585532746823065e-04 3.472222222222222355e-04 0.000000000000000000e+00 1.953125000000000000e-03 4.498714652956298417e-03 1.831501831501831500e-03 0.000000000000000000e+00 0.000000000000000000e+00 0.000000000000000000e+00 0.000000000000000000e+00 0.000000000000000000e+00 8.016032064128256500e-04 0.000000000000000000e+00 0.000000000000000000e+00 0.000000000000000000e+00 0.000000000000000000e+00 0.000000000000000000e+00 6.093102607847916214e-05 0.000000000000000000e+00 0.000000000000000000e+00 0.000000000000000000e+00 0.000000000000000000e+00 0.000000000000000000e+00 0.000000000000000000e+00 0.000000000000000000e+00 0.000000000000000000e+00 0.000000000000000000e+00 0.000000000000000000e+00 0.000000000000000000e+00 0.000000000000000000e+00 0.000000000000000000e+00 0.000000000000000000e+00 0.000000000000000000e+00 0.000000000000000000e+00 0.000000000000000000e+00 1.369112814895947399e-04 0.000000000000000000e+00 0.000000000000000000e+00 0.000000000000000000e+00 0.000000000000000000e+00 0.000000000000000000e+00 0.000000000000000000e+00 0.000000000000000000e+00 0.000000000000000000e+00 1.683785149014985607e-04 5.863645398529119222e-03 2.525890376357666314e-04 9.843195604898706541e-03 0.000000000000000000e+00 0.000000000000000000e+00 2.257081593499605013e-04 2.046484432100570058e-03 0.000000000000000000e+00 0.000000000000000000e+00 0.000000000000000000e+00 0.000000000000000000e+00 0.000000000000000000e+00 1.561686621551275356e-03 0.000000000000000000e+00 9.876918401458744876e-04 0.000000000000000000e+00 1.624255549539794325e-03 0.000000000000000000e+00 2.348520432127759619e-04 0.000000000000000000e+00 0.000000000000000000e+00 0.000000000000000000e+00 0.000000000000000000e+00 0.000000000000000000e+00 0.000000000000000000e+00 0.000000000000000000e+00 0.000000000000000000e+00 0.000000000000000000e+00 0.000000000000000000e+00 0.000000000000000000e+00 0.000000000000000000e+00 0.000000000000000000e+00 2.687449610319806261e-04 0.000000000000000000e+00 0.000000000000000000e+00 0.000000000000000000e+00 0.000000000000000000e+00 0.000000000000000000e+00 0.000000000000000000e+00 0.000000000000000000e+00 0.000000000000000000e+00 0.000000000000000000e+00 0.000000000000000000e+00 0.000000000000000000e+00 0.000000000000000000e+00
1.734148204736440102e-01 1.018589253883371440e-03 4.150751209574739253e-02 4.583651642475172240e-03 0.000000000000000000e+00 0.000000000000000000e+00 4.660045836516425038e-02 1.349630761395467261e-02 2.546473134708428601e-04 0.000000000000000000e+00 0.000000000000000000e+00 2.688172043010752903e-03 1.725579627518054049e-01 9.380863039399624757e-04 1.065530101225359554e-03 0.000000000000000000e+00 6.317099735490898371e-02 1.532097441397272850e-04 1.815721213488214608e-02 3.446348733233979295e-03 0.000000000000000000e+00 0.000000000000000000e+00 2.226817241927787558e-03 6.798096532970767780e-04 0.000000000000000000e+00 0.000000000000000000e+00 0.000000000000000000e+00 0.000000000000000000e+00 5.856334041047416700e-02 5.326704545454545060e-04 4.177377892030847972e-03 1.144688644688644742e-03 2.708192281651997189e-03 2.271156314802014620e-03 0.000000000000000000e+00 0.000000000000000000e+00 2.119766825649178725e-03 0.000000000000000000e+00 0.000000000000000000e+00 0.000000000000000000e+00 0.000000000000000000e+00 0.000000000000000000e+00 0.000000000000000000e+00 0.000000000000000000e+00 0.000000000000000000e+00 0.000000000000000000e+00 0.000000000000000000e+00 0.000000000000000000e+00 2.107481559536354178e-04 0.000000000000000000e+00 2.494180246092450918e-04 0.000000000000000000e+00 0.000000000000000000e+00 0.000000000000000000e+00 1.604106512672441446e-04 0.000000000000000000e+00 9.723889555822328584e-03 1.827986472900100512e-04 1.078360891445003531e-03 1.018433649047764602e-04 1.048479186131008080e-02 0.000000000000000000e+00 7.351684048555308902e-03 0.000000000000000000e+00 1.956947162426614535e-04 0.000000000000000000e+00 1.846011845242673645e-03 2.664771717889500798e-04 7.852375343541421419e-04 0.000000000000000000e+00 3.620138070382219325e-02 0.000000000000000000e+00 1.010356150543066482e-02 4.578230513906375110e-04 0.000000000000000000e+00 2.735978112175102561e-03 2.482789752849565677e-03 8.770647566145300250e-04 0.000000000000000000e+00 0.000000000000000000e+00 2.905229412943298103e-03 0.000000000000000000e+00 0.000000000000000000e+00 0.000000000000000000e+00 1.238134543953776229e-03 0.000000000000000000e+00 0.000000000000000000e+00 0.000000000000000000e+00 6.664445184938354088e-04 0.000000000000000000e+00 2.736726874657909232e-04 0.000000000000000000e+00 0.000000000000000000e+00 0.000000000000000000e+00 0.000000000000000000e+00 0.000000000000000000e+00 0.000000000000000000e+00 0.000000000000000000e+00 0.000000000000000000e+00 0.000000000000000000e+00 0.000000000000000000e+00 0.000000000000000000e+00 0.000000000000000000e+00 0.000000000000000000e+00 0.000000000000000000e+00 0.000000000000000000e+00 0.000000000000000000e+00 0.000000000000000000e+00 0.000000000000000000e+00 0.000000000000000000e+00 0.000000000000000000e+00 0.000000000000000000e+00 0.000000000000000000e+00 0.000000000000000000e+00 0.000000000000000000e+00 0.000000000000000000e+00
2.464157706093189799e-03 1.216397849462365621e-01 3.136200716845878242e-03 5.913978494623656212e-02 0.000000000000000000e+00 0.000000000000000000e+00 9.856630824372759198e-03 1.525537634408602183e-01 0.000000000000000000e+00 0.000000000000000000e+00 2.688172043010752903e-03 0.000000000000000000e+00 1.900418091980235567e-03 1.301594746716698003e-01 0.000000000000000000e+00 4.360012457178448660e-03 3.111871790882215615e-04 1.470813543741381936e-02 4.736664035186646804e-03 3.474292101341281552e-02 0.000000000000000000e+00 0.000000000000000000e+00 1.908700493080960764e-03 5.665080444142306555e-03 0.000000000000000000e+00 0.000000000000000000e+00 0.000000000000000000e+00 0.000000000000000000e+00 7.077140835102618778e-04 8.309659090909091161e-02 9.640102827763495988e-04 1.602564102564102509e-03 9.478672985781990811e-04 5.134788189987162660e-03 2.889338341519792131e-04 7.150518412584912220e-04 2.649708532061473406e-04 1.202404809619238421e-03 0.000000000000000000e+00 3.772161448509996182e-04 0.000000000000000000e+00 0.000000000000000000e+00 0.000000000000000000e+00 0.000000000000000000e+00 0.000000000000000000e+00 0.000000000000000000e+00 0.000000000000000000e+00 0.000000000000000000e+00 0.000000000000000000e+00 1.517911353976927836e-04 0.000000000000000000e+00 8.132836326668925475e-04 0.000000000000000000e+00 0.000000000000000000e+00 0.000000000000000000e+00 6.737787759685569733e-04 0.000000000000000000e+00 5.392560095055296335e-03 0.000000000000000000e+00 1.120277013952540980e-03 2.076196408180213738e-04 4.791894852135815570e-03 0.000000000000000000e+00 1.323375262054507333e-02 0.000000000000000000e+00 1.084304689617782494e-03 2.307514806553342057e-04 2.753597441819150698e-03 1.308729223923570236e-04 1.788588803434090389e-04 3.367570298029971213e-04 1.987676406281057434e-02 5.051780752715332628e-04 1.751173171569188336e-02 2.178649237472767095e-03 4.103967168262653842e-03 2.482789752849565677e-03 9.793889782195586147e-03 0.000000000000000000e+00 1.556420233463035041e-02 0.000000000000000000e+00 3.577262332571055220e-02 0.000000000000000000e+00 5.205622071837584519e-04 0.000000000000000000e+00 1.223218355872967601e-02 0.000000000000000000e+00 5.414185165132647751e-04 0.000000000000000000e+00 1.080319398778769452e-02 0.000000000000000000e+00 1.223241590214067202e-03 0.000000000000000000e+00 0.000000000000000000e+00 0.000000000000000000e+00 1.851851851851851749e-02 0.000000000000000000e+00 0.000000000000000000e+00 0.000000000000000000e+00 0.000000000000000000e+00 0.000000000000000000e+00 0.000000000000000000e+00 0.000000000000000000e+00 2.687449610319806261e-04 0.000000000000000000e+00 7.109847138286526629e-04 0.000000000000000000e+00 0.000000000000000000e+00 0.000000000000000000e+00 0.000000000000000000e+00 0.000000000000000000e+00 0.000000000000000000e+00 0.000000000000000000e+00 0.000000000000000000e+00 0.000000000000000000e+00 0.000000000000000000e+00
6.214367160775370602e-02 7.601672367920942483e-04 7.677689091600152504e-02 7.791714177118966127e-03 0.000000000000000000e+00 1.900418091980235621e-04 1.201064234131508923e-01 1.710376282782212140e-02 3.610794374762447967e-02 5.701254275940707134e-04 1.725579627518054049e-01 1.900418091980235567e-03 0.000000000000000000e+00 6.801125703564728057e-03 1.315929675013319256e-01 1.557147306135160452e-03 4.512214096779212751e-03 0.000000000000000000e+00 9.586105785496786685e-03 2.049180327868852566e-03 0.000000000000000000e+00 0.000000000000000000e+00 1.590583744234133970e-02 5.665080444142306555e-03 0.000000000000000000e+00 1.853568118628359622e-03 0.000000000000000000e+00 0.000000000000000000e+00 7.625619249823072099e-02 7.102272727272727470e-04 6.748071979434447192e-03 5.723443223443223059e-03 2.843601895734597026e-03 1.579934827688357808e-03 5.778676683039584263e-04 0.000000000000000000e+00 1.324854266030736595e-03 2.004008016032064125e-04 5.681818181818181542e-04 0.000000000000000000e+00 4.484304932735425943e-03 0.000000000000000000e+00 0.000000000000000000e+00 0.000000000000000000e+00 0.000000000000000000e+00 9.451795841209830395e-05 5.171967933798810382e-04 0.000000000000000000e+00 0.000000000000000000e+00 0.000000000000000000e+00 1.662786830728300521e-04 0.000000000000000000e+00 0.000000000000000000e+00 0.000000000000000000e+00 0.000000000000000000e+00 0.000000000000000000e+00 2.160864345738295385e-03 0.000000000000000000e+00 7.189072609633357595e-04 0.000000000000000000e+00 3.944773175542406508e-03 0.000000000000000000e+00 7.522653445033338979e-03 0.000000000000000000e+00 1.956947162426614373e-03 0.000000000000000000e+00 2.230597646334897457e-03 8.882572392965002209e-05 2.617458447847140473e-04 0.000000000000000000e+00 6.735140596059942253e-02 3.975352812562114846e-04 2.917403384693104465e-02 1.144557628476593723e-03 2.178649237472767095e-03 1.367989056087551281e-03 1.839521498702178029e-02 3.654436485893875104e-03 0.000000000000000000e+00 0.000000000000000000e+00 8.214786615908634820e-03 0.000000000000000000e+00 0.000000000000000000e+00 0.000000000000000000e+00 6.121887467327004687e-03 0.000000000000000000e+00 0.000000000000000000e+00 0.000000000000000000e+00 2.665778073975341635e-03 0.000000000000000000e+00 0.000000000000000000e+00 6.116207951070336008e-04 0.000000000000000000e+00 0.000000000000000000e+00 3.267973856209150426e-03 0.000000000000000000e+00 0.000000000000000000e+00 0.000000000000000000e+00 0.000000000000000000e+00 0.000000000000000000e+00 0.000000000000000000e+00 0.000000000000000000e+00 0.000000000000000000e+00 0.000000000000000000e+00 0.000000000000000000e+00 0.000000000000000000e+00 0.000000000000000000e+00 0.000000000000000000e+00 0.000000000000000000e+00 0.000000000000000000e+00 0.000000000000000000e+00 0.000000000000000000e+00 0.000000000000000000e+00 0.000000000000000000e+00 0.000000000000000000e+00 0.000000000000000000e+00
