0.000000000000000000e+00 2.487455962421266167e-02 3.286343612334801517e-02 7.292616226071102839e-03 3.683763105695664515e-03 0.000000000000000000e+00 1.731281444214264609e-01 6.563354603463992729e-03 1.460387002555677298e-03 0.000000000000000000e+00 2.226376614547926625e-01 1.439440674480773263e-03 4.199893673577884123e-02 3.638568829593693231e-04 2.969876962240135861e-03 0.000000000000000000e+00 4.094827586206896408e-02 2.348205300234820422e-03 4.533594259621656630e-02 4.415783145698983642e-02 1.329787234042553159e-03 0.000000000000000000e+00 9.961576775295289104e-04 1.233552631578947300e-03 0.000000000000000000e+00 0.000000000000000000e+00 0.000000000000000000e+00 0.000000000000000000e+00 3.564578005115089793e-02 1.372683596431022602e-03 1.615508885298869244e-03 4.248088360237893026e-04 7.702368841738119545e-03 1.791757913597451582e-02 3.395585738539898301e-04 0.000000000000000000e+00 6.425800193986420938e-02 1.958224543080939756e-03 0.000000000000000000e+00 0.000000000000000000e+00 0.000000000000000000e+00 0.000000000000000000e+00 2.372197841299964415e-04 0.000000000000000000e+00 0.000000000000000000e+00 0.000000000000000000e+00 0.000000000000000000e+00 0.000000000000000000e+00 3.779486511142968966e-03 8.788118463836891946e-05 2.556645248562732647e-02 1.963993453355155423e-04 4.162949747249479297e-03 0.000000000000000000e+00 7.589812784617979563e-03 0.000000000000000000e+00 3.205007403419033452e-01 1.972872996300863071e-03 2.878479293957909163e-02 6.464124111182934515e-04 4.656778199379096178e-02 2.451581269919097584e-04 9.913609970259170193e-03 1.560305819940708378e-04 5.958439355385920094e-02 2.745744096650192239e-04 1.132745983564077859e-02 6.623143154508468692e-04 1.294546660036466068e-01 7.155635062611806832e-03 1.660501438553226572e-01 2.913249892101856062e-03 7.755145342669213238e-02 3.311258278145695361e-03 3.954802259887005463e-03 0.000000000000000000e+00 6.980412777704746163e-02 4.750593824228028714e-03 1.137656427758816776e-03 0.000000000000000000e+00 2.288053949903660900e-03 0.000000000000000000e+00 0.000000000000000000e+00 0.000000000000000000e+00 2.567772352247853218e-02 8.627383314640670151e-05 0.000000000000000000e+00 0.000000000000000000e+00 1.658847184986595238e-02 0.000000000000000000e+00 5.970149253731343343e-03 0.000000000000000000e+00 6.568144499178981723e-03 0.000000000000000000e+00 3.103448275862068922e-02 0.000000000000000000e+00 5.012531328320801944e-04 0.000000000000000000e+00 1.302931596091205270e-03 0.000000000000000000e+00 0.000000000000000000e+00 0.000000000000000000e+00 1.660669803487406634e-03 2.176752285589899770e-04 3.976861894432393539e-03 3.372681281618887051e-04 5.047955577990913614e-04 0.000000000000000000e+00 0.000000000000000000e+00 0.000000000000000000e+00 0.000000000000000000e+00 0.000000000000000000e+00 0.000000000000000000e+00 7.800312012480499491e-04 0.000000000000000000e+00 0.000000000000000000e+00
2.487455962421266167e-02 0.000000000000000000e+00 2.114537444933920537e-03 6.786184543705053862e-02 0.000000000000000000e+00 0.000000000000000000e+00 4.241886159613297673e-03 1.121239744758432133e-01 0.000000000000000000e+00 2.717391304347826012e-03 1.019714479945615275e-03 2.529302899444787339e-02 0.000000000000000000e+00 8.732565191024863754e-03 0.000000000000000000e+00 2.432350258437214995e-03 2.424568965517241454e-03 3.203622945320361987e-02 3.120243531202435139e-02 5.169963930484205994e-02 0.000000000000000000e+00 0.000000000000000000e+00 0.000000000000000000e+00 4.111842105263157666e-04 0.000000000000000000e+00 0.000000000000000000e+00 0.000000000000000000e+00 0.000000000000000000e+00 1.758312020460357956e-03 1.880576527110500856e-02 8.077544426494346220e-04 4.248088360237893026e-04 1.482342682749600293e-02 4.081226358749751558e-03 0.000000000000000000e+00 1.167315175097276237e-03 7.274490785645005208e-04 6.364229765013054707e-02 0.000000000000000000e+00 1.407349491790461232e-02 0.000000000000000000e+00 9.615384615384615918e-03 0.000000000000000000e+00 2.395496466642711827e-04 0.000000000000000000e+00 1.095290251916757919e-03 0.000000000000000000e+00 2.088554720133667386e-04 0.000000000000000000e+00 4.130415678003339364e-03 1.352722353736895619e-04 5.826513911620294188e-03 2.973535533749628069e-04 3.278688524590163932e-04 0.000000000000000000e+00 3.434816549570647928e-03 4.442051420110378589e-03 1.854500616522811451e-01 6.788866259334690829e-04 2.343244990303813835e-02 1.264803955386915087e-03 3.015444962000490489e-02 0.000000000000000000e+00 1.232641597753159589e-02 0.000000000000000000e+00 1.043382756727073007e-02 3.183534463611460870e-03 6.717759485287160513e-03 1.839880656389855651e-02 8.010335917312660925e-02 2.568845047266748831e-03 3.722485973241260182e-02 1.166984935285380861e-03 5.468050832289243074e-02 0.000000000000000000e+00 7.315288953913679903e-04 3.549362429341396119e-03 6.725840730091262043e-02 1.137656427758816776e-03 0.000000000000000000e+00 0.000000000000000000e+00 4.193290734824280976e-03 0.000000000000000000e+00 1.221001221001221000e-03 1.683785149014985607e-04 1.682339746354930693e-02 0.000000000000000000e+00 1.105583195135433896e-03 1.675603217158176976e-04 1.138820815914660597e-02 3.648424543946932139e-03 2.276867030965391836e-03 2.463054187192118254e-03 6.821282401091405224e-04 6.896551724137930939e-03 6.557377049180328210e-02 0.000000000000000000e+00 3.442340791738382217e-03 1.302931596091205270e-03 7.788161993769470402e-03 0.000000000000000000e+00 2.958579881656804664e-03 1.383891502906172159e-03 3.700478885502829583e-03 5.422993492407809056e-03 1.011804384485666007e-03 0.000000000000000000e+00 7.290400972053462728e-03 2.777777777777777624e-02 1.600000000000000033e-02 0.000000000000000000e+00 4.504504504504504465e-03 0.000000000000000000e+00 7.800312012480499491e-04 0.000000000000000000e+00 0.000000000000000000e+00
3.286343612334801517e-02 2.114537444933920537e-03 0.000000000000000000e+00 6.887470880178264178e-03 7.537546047038820585e-02 5.606373561522572796e-03 2.992995955410870934e-01 1.586144029170464750e-02 5.987586710478276508e-02 3.623188405797101493e-03 4.894629503738952975e-02 6.580300226197819888e-03 9.657983342193868226e-02 8.368708308065493998e-03 5.600339414509970110e-02 1.824262693827911246e-03 5.118534482758620510e-03 1.677289500167728951e-04 1.715590345727331933e-01 4.153459394469340843e-03 3.989361702127659261e-03 2.118644067796610162e-03 2.010815426213177770e-01 1.110197368421052613e-02 6.907378335949763970e-02 1.323626737260092702e-02 3.757632691404415391e-03 1.189414213499851228e-03 1.854219948849104849e-02 8.236101578586135612e-04 4.631125471190091630e-02 2.251486830926083260e-02 8.864990553698590126e-03 5.673900059725263748e-03 1.358234295415959320e-03 0.000000000000000000e+00 4.607177497575169929e-03 6.527415143603133244e-04 0.000000000000000000e+00 7.818608287724784865e-04 0.000000000000000000e+00 0.000000000000000000e+00 2.372197841299964415e-04 2.395496466642711827e-04 1.589193484306714336e-03 1.564700359881082703e-04 5.000833472245374417e-04 0.000000000000000000e+00 1.303271210738954876e-03 0.000000000000000000e+00 9.401420358471423294e-03 6.546644844517185197e-05 2.378828426999702456e-03 0.000000000000000000e+00 2.361275088547815700e-03 0.000000000000000000e+00 2.826759994615695229e-03 2.466091245376078839e-04 6.517311608961303716e-03 6.464124111182934515e-04 2.759572266298723590e-03 0.000000000000000000e+00 1.132983996601047948e-03 4.680917459822125405e-04 4.452926208651399390e-03 0.000000000000000000e+00 1.606574368845783626e-02 1.892326615573848082e-04 2.088513177523619938e-02 3.975352812562114846e-04 6.031648170982326085e-02 3.344842468709538410e-03 6.619987269255250828e-02 2.774297476284231460e-03 3.389830508474576173e-03 0.000000000000000000e+00 5.573813592743525475e-02 3.625453181647705827e-03 0.000000000000000000e+00 0.000000000000000000e+00 4.816955684007707072e-04 3.993610223642172358e-04 0.000000000000000000e+00 0.000000000000000000e+00 3.283381040579221987e-03 0.000000000000000000e+00 0.000000000000000000e+00 0.000000000000000000e+00 5.864611260053618873e-03 0.000000000000000000e+00 2.653399668325041438e-03 0.000000000000000000e+00 0.000000000000000000e+00 6.821282401091405224e-04 1.724137931034482735e-02 0.000000000000000000e+00 0.000000000000000000e+00 0.000000000000000000e+00 6.514657980456026350e-04 0.000000000000000000e+00 0.000000000000000000e+00 0.000000000000000000e+00 1.107113202324937684e-03 2.176752285589899770e-04 5.061460592913955177e-03 0.000000000000000000e+00 5.047955577990913614e-04 0.000000000000000000e+00 0.000000000000000000e+00 0.000000000000000000e+00 6.858710562414265617e-04 0.000000000000000000e+00 0.000000000000000000e+00 0.000000000000000000e+00 0.000000000000000000e+00 0.000000000000000000e+00
7.292616226071102839e-03 6.786184543705053862e-02 6.887470880178264178e-03 0.000000000000000000e+00 1.700198356474922051e-03 5.989967542047801990e-02 1.016079708000394537e-02 2.272561531449407424e-01 2.920774005111354595e-03 4.257246376811594374e-02 5.438477226376614224e-03 4.544519843717869517e-02 1.045543150806308753e-02 6.221952698605215382e-02 1.272804412388629531e-03 1.276983885679537807e-02 2.693965517241379273e-04 7.883260650788325580e-03 8.153946510110893220e-03 1.652639632746748244e-01 0.000000000000000000e+00 0.000000000000000000e+00 1.223850860964849872e-02 1.833881578947368363e-01 1.569858712715855665e-03 5.294506949040370634e-03 4.697040864255519238e-04 1.784121320249777059e-03 2.877237851662404165e-03 2.443376801647220362e-02 2.342487883683360209e-02 1.656754460492778150e-02 4.650486847841883188e-03 1.343818435198088773e-02 0.000000000000000000e+00 3.891050583657587819e-04 2.424830261881668312e-04 2.480417754569190503e-02 0.000000000000000000e+00 9.382329945269742705e-03 0.000000000000000000e+00 0.000000000000000000e+00 0.000000000000000000e+00 2.395496466642711827e-04 0.000000000000000000e+00 1.564700359881082703e-04 0.000000000000000000e+00 0.000000000000000000e+00 0.000000000000000000e+00 1.669742508129009673e-03 6.763611768684478097e-05 3.273322422258592734e-04 0.000000000000000000e+00 0.000000000000000000e+00 0.000000000000000000e+00 3.122560499609679935e-04 2.692152375824471543e-04 3.452527743526510266e-03 0.000000000000000000e+00 2.230122818358112532e-02 0.000000000000000000e+00 1.716106888943368580e-03 4.248689987253929804e-04 1.560305819940708324e-03 4.240882103477523280e-04 1.372872048325096120e-04 3.701784260013326580e-04 6.339294162172390626e-03 6.630200563567048436e-04 7.553170343868017937e-03 2.671598849157418715e-03 4.240397065170479346e-02 7.426267769997877809e-04 6.094505101127617452e-02 0.000000000000000000e+00 2.926115581565471961e-03 2.629157355067700957e-03 7.113389173646705865e-02 0.000000000000000000e+00 0.000000000000000000e+00 0.000000000000000000e+00 5.990415335463258537e-04 0.000000000000000000e+00 0.000000000000000000e+00 8.418925745074928033e-05 6.901906651712536121e-04 0.000000000000000000e+00 0.000000000000000000e+00 1.675603217158176976e-04 5.766181346403344591e-04 2.985074626865671672e-03 1.366120218579234971e-03 1.642036124794745431e-03 6.821282401091405224e-04 3.448275862068965469e-03 4.918032786885245811e-02 1.002506265664160389e-03 0.000000000000000000e+00 0.000000000000000000e+00 0.000000000000000000e+00 0.000000000000000000e+00 0.000000000000000000e+00 5.535566011624688419e-04 8.707009142359599082e-04 3.615328994938539335e-04 3.372681281618887051e-04 5.047955577990913614e-04 2.430133657351154098e-03 0.000000000000000000e+00 0.000000000000000000e+00 0.000000000000000000e+00 0.000000000000000000e+00 0.000000000000000000e+00 7.800312012480499491e-04 9.165902841429881143e-04 0.000000000000000000e+00
3.683763105695664515e-03 0.000000000000000000e+00 7.537546047038820585e-02 1.700198356474922051e-03 0.000000000000000000e+00 4.131012097964001373e-03 1.479727730097661967e-02 4.557885141294439274e-04 4.330047462577583106e-01 1.811594202898550747e-03 6.798096532970767780e-04 4.112687641373637430e-04 1.187311713627503020e-02 2.425712553062462154e-04 1.964361476453118371e-01 6.080875646093037486e-04 8.081896551724137819e-04 0.000000000000000000e+00 3.152859317242878712e-03 0.000000000000000000e+00 5.319148936170212637e-03 3.177966101694915460e-03 1.764622171623737162e-02 1.644736842105263067e-03 7.613814756671899442e-02 1.191264063534083414e-02 2.005636449037106750e-01 1.189414213499851228e-03 7.352941176470588133e-03 0.000000000000000000e+00 6.462035541195476976e-03 9.770603228547154392e-03 8.719662839703531520e-04 9.954210631096953896e-05 0.000000000000000000e+00 3.891050583657587819e-04 0.000000000000000000e+00 0.000000000000000000e+00 6.134969325153374594e-04 0.000000000000000000e+00 0.000000000000000000e+00 0.000000000000000000e+00 0.000000000000000000e+00 0.000000000000000000e+00 0.000000000000000000e+00 0.000000000000000000e+00 8.334722453742289972e-04 0.000000000000000000e+00 0.000000000000000000e+00 0.000000000000000000e+00 4.734528238079133990e-04 0.000000000000000000e+00 0.000000000000000000e+00 0.000000000000000000e+00 5.059875189745319203e-04 0.000000000000000000e+00 5.384304751648943087e-04 0.000000000000000000e+00 4.073319755600814823e-04 0.000000000000000000e+00 1.264803955386915087e-03 0.000000000000000000e+00 2.407590992777226997e-03 0.000000000000000000e+00 1.272264631043257092e-03 0.000000000000000000e+00 4.442141112015991571e-04 0.000000000000000000e+00 0.000000000000000000e+00 0.000000000000000000e+00 1.757090012330456141e-02 7.552870090634441081e-04 2.143008699342244944e-02 1.789869339538213819e-04 5.649717514124293983e-04 0.000000000000000000e+00 2.629157355067700849e-04 0.000000000000000000e+00 0.000000000000000000e+00 0.000000000000000000e+00 1.204238921001926687e-03 1.996805111821086179e-04 2.645502645502645356e-03 0.000000000000000000e+00 2.357299208620980066e-03 0.000000000000000000e+00 2.136752136752136967e-03 0.000000000000000000e+00 3.183646112600536145e-03 0.000000000000000000e+00 0.000000000000000000e+00 0.000000000000000000e+00 0.000000000000000000e+00 0.000000000000000000e+00 0.000000000000000000e+00 0.000000000000000000e+00 0.000000000000000000e+00 0.000000000000000000e+00 0.000000000000000000e+00 0.000000000000000000e+00 0.000000000000000000e+00 0.000000000000000000e+00 0.000000000000000000e+00 0.000000000000000000e+00 0.000000000000000000e+00 0.000000000000000000e+00 0.000000000000000000e+00 0.000000000000000000e+00 0.000000000000000000e+00 0.000000000000000000e+00 0.000000000000000000e+00 0.000000000000000000e+00 0.000000000000000000e+00 0.000000000000000000e+00 0.000000000000000000e+00 0.000000000000000000e+00
0.000000000000000000e+00 0.000000000000000000e+00 5.606373561522572796e-03 5.989967542047801990e-02 4.131012097964001373e-03 0.000000000000000000e+00 6.905396073789089916e-04 4.284412032816773200e-03 3.285870755750273757e-03 2.527173913043478382e-01 0.000000000000000000e+00 4.112687641373637430e-04 1.772107035264929953e-04 1.697998787143723508e-03 1.272804412388629531e-03 1.258741258741258862e-01 0.000000000000000000e+00 3.354579000335457901e-04 1.087192868014785763e-04 9.837140671111596277e-04 1.063829787234042527e-02 1.483050847457627157e-02 4.411555429059342906e-03 5.509868421052631360e-02 1.177394034536891759e-02 1.257445400397088076e-01 8.454673555659934087e-03 2.256913470115967935e-01 0.000000000000000000e+00 1.811942347288949748e-02 1.400107700592353316e-02 1.274426508071367821e-02 0.000000000000000000e+00 4.578936890304598738e-03 0.000000000000000000e+00 7.782101167315175639e-04 0.000000000000000000e+00 6.527415143603133244e-04 0.000000000000000000e+00 7.818608287724784865e-04 0.000000000000000000e+00 0.000000000000000000e+00 0.000000000000000000e+00 0.000000000000000000e+00 0.000000000000000000e+00 0.000000000000000000e+00 0.000000000000000000e+00 4.177109440267334772e-04 0.000000000000000000e+00 8.788118463836891946e-05 0.000000000000000000e+00 6.546644844517185197e-05 0.000000000000000000e+00 1.092896174863387977e-04 0.000000000000000000e+00 1.561280249804839967e-04 0.000000000000000000e+00 8.220304151253596129e-05 0.000000000000000000e+00 0.000000000000000000e+00 0.000000000000000000e+00 0.000000000000000000e+00 0.000000000000000000e+00 1.560305819940708378e-04 0.000000000000000000e+00 0.000000000000000000e+00 0.000000000000000000e+00 0.000000000000000000e+00 0.000000000000000000e+00 0.000000000000000000e+00 2.671598849157418715e-03 2.352179542511868837e-02 0.000000000000000000e+00 4.197243601217111320e-02 0.000000000000000000e+00 1.097293343087051877e-02 2.629157355067700849e-04 2.000250031253906872e-03 0.000000000000000000e+00 0.000000000000000000e+00 0.000000000000000000e+00 5.990415335463258537e-04 0.000000000000000000e+00 0.000000000000000000e+00 8.418925745074928033e-05 2.588214994392200774e-04 0.000000000000000000e+00 5.527915975677169481e-04 0.000000000000000000e+00 7.207726683004181010e-04 0.000000000000000000e+00 0.000000000000000000e+00 0.000000000000000000e+00 0.000000000000000000e+00 0.000000000000000000e+00 0.000000000000000000e+00 0.000000000000000000e+00 0.000000000000000000e+00 0.000000000000000000e+00 0.000000000000000000e+00 0.000000000000000000e+00 0.000000000000000000e+00 0.000000000000000000e+00 0.000000000000000000e+00 0.000000000000000000e+00 0.000000000000000000e+00 0.000000000000000000e+00 0.000000000000000000e+00 0.000000000000000000e+00 0.000000000000000000e+00 0.000000000000000000e+00 0.000000000000000000e+00 0.000000000000000000e+00 0.000000000000000000e+00 0.000000000000000000e+00 0.000000000000000000e+00
1.731281444214264609e-01 4.241886159613297673e-03 2.992995955410870934e-01 1.016079708000394537e-02 1.479727730097661967e-02 6.905396073789089916e-04 0.000000000000000000e+00 2.370100273473108379e-02 1.018619934282584821e-01 3.623188405797101493e-03 5.948334466349421840e-02 8.431009664815957219e-03 2.208045365940102811e-01 1.079442086112795615e-02 1.272804412388629618e-02 6.080875646093037486e-04 6.465517241379310255e-03 6.709158000670915802e-04 1.467710371819960780e-02 8.306918788938681686e-03 0.000000000000000000e+00 0.000000000000000000e+00 2.931549736729756675e-02 1.192434210526315853e-02 2.354788069073783172e-03 3.309066843150231755e-03 0.000000000000000000e+00 0.000000000000000000e+00 2.109974424552429548e-02 2.059025394646534120e-03 1.615508885298869157e-02 1.954120645709430878e-02 2.325243423920941594e-03 9.058331674298227693e-03 6.791171477079796601e-04 0.000000000000000000e+00 7.274490785645005208e-04 6.527415143603133244e-04 0.000000000000000000e+00 0.000000000000000000e+00 0.000000000000000000e+00 0.000000000000000000e+00 4.744395682599928830e-04 0.000000000000000000e+00 3.972983710766785840e-04 0.000000000000000000e+00 1.666944490748458049e-04 0.000000000000000000e+00 5.213084842955818853e-04 0.000000000000000000e+00 8.183970240108218511e-03 6.546644844517185197e-05 2.973535533749628503e-03 0.000000000000000000e+00 6.577837746668915506e-03 0.000000000000000000e+00 3.903620944945483846e-03 8.220304151253596129e-05 1.900882552613713476e-03 0.000000000000000000e+00 1.103828906519489436e-02 0.000000000000000000e+00 6.656280980031157452e-03 0.000000000000000000e+00 1.738761662425784491e-02 1.372872048325096120e-04 1.184570963204264419e-03 2.838489923360771987e-04 1.657550140891762055e-03 0.000000000000000000e+00 7.572955199342375210e-02 5.718601640051791321e-03 2.079354975599406047e-02 2.953284410238052760e-03 1.129943502824858797e-03 0.000000000000000000e+00 1.104246089128434367e-02 3.375421927740967793e-03 2.275312855517633553e-03 0.000000000000000000e+00 7.345857418111753460e-03 0.000000000000000000e+00 0.000000000000000000e+00 0.000000000000000000e+00 2.045798956053207496e-02 0.000000000000000000e+00 2.136752136752136967e-03 0.000000000000000000e+00 1.156166219839142167e-02 0.000000000000000000e+00 3.316749585406301797e-04 0.000000000000000000e+00 0.000000000000000000e+00 0.000000000000000000e+00 0.000000000000000000e+00 0.000000000000000000e+00 0.000000000000000000e+00 0.000000000000000000e+00 6.514657980456026350e-04 0.000000000000000000e+00 0.000000000000000000e+00 0.000000000000000000e+00 2.767783005812344209e-04 0.000000000000000000e+00 7.230657989877078669e-04 0.000000000000000000e+00 0.000000000000000000e+00 0.000000000000000000e+00 0.000000000000000000e+00 0.000000000000000000e+00 0.000000000000000000e+00 0.000000000000000000e+00 0.000000000000000000e+00 0.000000000000000000e+00 0.000000000000000000e+00 0.000000000000000000e+00
6.563354603463992729e-03 1.121239744758432133e-01 1.586144029170464750e-02 2.272561531449407424e-01 4.557885141294439274e-04 4.284412032816773200e-03 2.370100273473108379e-02 0.000000000000000000e+00 1.460387002555677298e-03 1.268115942028985588e-01 2.277362338545207282e-02 1.737610528480361960e-01 2.923976608187134341e-02 1.945421467556094630e-01 4.242681374628765284e-04 1.276983885679537807e-02 1.885775862068965599e-03 5.702784300570278540e-03 1.848227875625135797e-02 2.819980325718657657e-02 0.000000000000000000e+00 0.000000000000000000e+00 2.533086665717945024e-02 5.037006578947368640e-02 3.139717425431711329e-03 6.618133686300463293e-04 4.697040864255519238e-04 0.000000000000000000e+00 9.271099744245524243e-03 7.961564859299930658e-03 2.261712439418416681e-02 1.125743415463041630e-02 6.394419415782589926e-03 1.433406330877961404e-02 0.000000000000000000e+00 2.334630350194552475e-03 2.424830261881668312e-04 1.958224543080939756e-03 0.000000000000000000e+00 1.563721657544956973e-03 0.000000000000000000e+00 0.000000000000000000e+00 1.186098920649982208e-04 1.197748233321355914e-04 1.324327903588928704e-04 1.721170395869191109e-03 0.000000000000000000e+00 6.265664160401002158e-04 2.606542421477909426e-04 3.427366200896387900e-03 1.352722353736895619e-04 5.695581014729950674e-03 0.000000000000000000e+00 6.557377049180327863e-04 0.000000000000000000e+00 7.025761124121779853e-03 2.692152375824471543e-04 1.372790793259350516e-02 6.788866259334690829e-04 2.585649644473173806e-03 3.449465332873404488e-04 1.519980387349840686e-02 1.416229995751309935e-04 4.680917459822125405e-03 2.120441051738761640e-04 6.452498627127952087e-03 1.184570963204264419e-03 2.081559277131232646e-03 4.972650422675285514e-04 1.192605843768634400e-03 6.576243321002876903e-03 1.143720328010358195e-01 4.774029280712921604e-03 2.174691247538929756e-02 5.649717514124293983e-04 0.000000000000000000e+00 7.493098461942947555e-03 9.376172021502687109e-03 0.000000000000000000e+00 0.000000000000000000e+00 0.000000000000000000e+00 6.789137380191693008e-03 0.000000000000000000e+00 0.000000000000000000e+00 8.418925745074928033e-05 1.898024329220947271e-02 0.000000000000000000e+00 0.000000000000000000e+00 0.000000000000000000e+00 1.196482629378693881e-02 3.316749585406301797e-04 0.000000000000000000e+00 0.000000000000000000e+00 0.000000000000000000e+00 0.000000000000000000e+00 0.000000000000000000e+00 0.000000000000000000e+00 0.000000000000000000e+00 0.000000000000000000e+00 0.000000000000000000e+00 0.000000000000000000e+00 0.000000000000000000e+00 5.535566011624688419e-04 2.176752285589899770e-04 0.000000000000000000e+00 3.372681281618887051e-04 0.000000000000000000e+00 0.000000000000000000e+00 0.000000000000000000e+00 0.000000000000000000e+00 0.000000000000000000e+00 0.000000000000000000e+00 0.000000000000000000e+00 0.000000000000000000e+00 0.000000000000000000e+00 0.000000000000000000e+00
1.460387002555677298e-03 0.000000000000000000e+00 5.987586710478276508e-02 2.920774005111354595e-03 4.330047462577583106e-01 3.285870755750273757e-03 1.018619934282584821e-01 1.460387002555677298e-03 0.000000000000000000e+00 0.000000000000000000e+00 6.798096532970767780e-04 0.000000000000000000e+00 7.442849548112705910e-03 0.000000000000000000e+00 2.316504030547305859e-01 0.000000000000000000e+00 1.346982758620689745e-03 0.000000000000000000e+00 4.348771472059143051e-04 0.000000000000000000e+00 0.000000000000000000e+00 0.000000000000000000e+00 2.846164792941511482e-03 1.644736842105263067e-03 8.634222919937204963e-03 5.956320317670417072e-03 5.166744950681071216e-03 5.947071067499256139e-04 3.516624040920715913e-03 0.000000000000000000e+00 4.308023694130317695e-03 5.310110450297366065e-03 2.906554279901176993e-04 9.954210631096953896e-05 0.000000000000000000e+00 0.000000000000000000e+00 0.000000000000000000e+00 0.000000000000000000e+00 0.000000000000000000e+00 0.000000000000000000e+00 0.000000000000000000e+00 0.000000000000000000e+00 0.000000000000000000e+00 0.000000000000000000e+00 0.000000000000000000e+00 0.000000000000000000e+00 1.666944490748458049e-04 0.000000000000000000e+00 0.000000000000000000e+00 0.000000000000000000e+00 6.763611768684478097e-05 0.000000000000000000e+00 0.000000000000000000e+00 0.000000000000000000e+00 0.000000000000000000e+00 0.000000000000000000e+00 5.384304751648943087e-04 0.000000000000000000e+00 1.357773251866938274e-04 0.000000000000000000e+00 5.749108888122340813e-04 0.000000000000000000e+00 5.664919983005239738e-04 0.000000000000000000e+00 2.120441051738761640e-04 0.000000000000000000e+00 1.480713704005330524e-04 0.000000000000000000e+00 1.657550140891762109e-04 0.000000000000000000e+00 1.017262638717632631e-02 2.157962883038411737e-04 2.089963929556545863e-02 8.949346697691069094e-05 1.129943502824858797e-03 0.000000000000000000e+00 1.577494413040620401e-03 2.500312539067383591e-04 0.000000000000000000e+00 0.000000000000000000e+00 1.083815028901733996e-03 0.000000000000000000e+00 0.000000000000000000e+00 0.000000000000000000e+00 1.178649604310490033e-03 0.000000000000000000e+00 0.000000000000000000e+00 0.000000000000000000e+00 0.000000000000000000e+00 0.000000000000000000e+00 0.000000000000000000e+00 0.000000000000000000e+00 0.000000000000000000e+00 0.000000000000000000e+00 0.000000000000000000e+00 0.000000000000000000e+00 0.000000000000000000e+00 0.000000000000000000e+00 0.000000000000000000e+00 0.000000000000000000e+00 0.000000000000000000e+00 0.000000000000000000e+00 0.000000000000000000e+00 2.176752285589899770e-04 0.000000000000000000e+00 0.000000000000000000e+00 0.000000000000000000e+00 0.000000000000000000e+00 0.000000000000000000e+00 0.000000000000000000e+00 0.000000000000000000e+00 0.000000000000000000e+00 0.000000000000000000e+00 0.000000000000000000e+00 0.000000000000000000e+00 0.000000000000000000e+00
0.000000000000000000e+00 2.717391304347826012e-03 3.623188405797101493e-03 4.257246376811594374e-02 1.811594202898550747e-03 2.527173913043478382e-01 3.623188405797101493e-03 1.268115942028985588e-01 0.000000000000000000e+00 0.000000000000000000e+00 0.000000000000000000e+00 8.225375282747274860e-04 5.316321105794790400e-04 1.285627653123104855e-02 4.242681374628765284e-04 8.300395256916996700e-02 0.000000000000000000e+00 8.386447500838644211e-04 0.000000000000000000e+00 3.279046890370532273e-04 0.000000000000000000e+00 0.000000000000000000e+00 1.138465917176604593e-03 2.878289473684210367e-03 7.849293563579278323e-04 6.618133686300463293e-04 0.000000000000000000e+00 1.784121320249777059e-03 1.598465473145780182e-04 5.490734385724090408e-03 1.346257404415724225e-03 4.248088360237893026e-04 0.000000000000000000e+00 4.977105315548477219e-04 0.000000000000000000e+00 0.000000000000000000e+00 0.000000000000000000e+00 0.000000000000000000e+00 0.000000000000000000e+00 0.000000000000000000e+00 0.000000000000000000e+00 0.000000000000000000e+00 0.000000000000000000e+00 0.000000000000000000e+00 0.000000000000000000e+00 0.000000000000000000e+00 0.000000000000000000e+00 0.000000000000000000e+00 0.000000000000000000e+00 8.788118463836891946e-05 0.000000000000000000e+00 6.546644844517185197e-05 0.000000000000000000e+00 0.000000000000000000e+00 0.000000000000000000e+00 0.000000000000000000e+00 0.000000000000000000e+00 8.220304151253596129e-05 0.000000000000000000e+00 1.616031027795733629e-04 0.000000000000000000e+00 0.000000000000000000e+00 0.000000000000000000e+00 1.560305819940708378e-04 0.000000000000000000e+00 0.000000000000000000e+00 0.000000000000000000e+00 0.000000000000000000e+00 0.000000000000000000e+00 1.987676406281057423e-04 3.082614056720098684e-04 4.747518342684505822e-03 0.000000000000000000e+00 6.443529622337569422e-03 0.000000000000000000e+00 2.194586686174103754e-03 0.000000000000000000e+00 3.750468808601075386e-04 0.000000000000000000e+00 3.225806451612903223e-03 0.000000000000000000e+00 5.990415335463258537e-04 0.000000000000000000e+00 0.000000000000000000e+00 0.000000000000000000e+00 6.039168320248468292e-04 0.000000000000000000e+00 5.527915975677169481e-04 0.000000000000000000e+00 5.766181346403344591e-04 0.000000000000000000e+00 0.000000000000000000e+00 0.000000000000000000e+00 0.000000000000000000e+00 0.000000000000000000e+00 0.000000000000000000e+00 0.000000000000000000e+00 0.000000000000000000e+00 0.000000000000000000e+00 0.000000000000000000e+00 0.000000000000000000e+00 0.000000000000000000e+00 0.000000000000000000e+00 0.000000000000000000e+00 0.000000000000000000e+00 0.000000000000000000e+00 0.000000000000000000e+00 0.000000000000000000e+00 0.000000000000000000e+00 0.000000000000000000e+00 0.000000000000000000e+00 0.000000000000000000e+00 0.000000000000000000e+00 0.000000000000000000e+00 0.000000000000000000e+00 0.000000000000000000e+00
2.226376614547926625e-01 1.019714479945615275e-03 4.894629503738952975e-02 5.438477226376614224e-03 6.798096532970767780e-04 0.000000000000000000e+00 5.948334466349421840e-02 2.277362338545207282e-02 6.798096532970767780e-04 0.000000000000000000e+00 0.000000000000000000e+00 2.467612584824182675e-03 8.488392698919014490e-02 1.697998787143723508e-03 2.121340687314382696e-03 0.000000000000000000e+00 1.293103448275862051e-02 1.677289500167728951e-04 1.272015655577299342e-02 1.858126571209968306e-03 0.000000000000000000e+00 0.000000000000000000e+00 3.415397751529813779e-03 1.850328947368420950e-03 0.000000000000000000e+00 0.000000000000000000e+00 0.000000000000000000e+00 0.000000000000000000e+00 5.099104859335038681e-02 4.118050789293067806e-04 4.577275175013462497e-03 1.699235344095157210e-03 2.179915709925882988e-03 2.687636870396177633e-03 0.000000000000000000e+00 0.000000000000000000e+00 7.274490785645005208e-04 3.263707571801566622e-04 0.000000000000000000e+00 0.000000000000000000e+00 0.000000000000000000e+00 0.000000000000000000e+00 0.000000000000000000e+00 0.000000000000000000e+00 0.000000000000000000e+00 0.000000000000000000e+00 0.000000000000000000e+00 0.000000000000000000e+00 1.303271210738954713e-04 0.000000000000000000e+00 1.149814000676361182e-03 0.000000000000000000e+00 2.973535533749628069e-04 0.000000000000000000e+00 1.180637544273907850e-03 0.000000000000000000e+00 4.980481895275272464e-03 0.000000000000000000e+00 9.504412763068567378e-04 1.616031027795733629e-04 1.011843164309532070e-02 0.000000000000000000e+00 4.815181985554453994e-03 0.000000000000000000e+00 7.209499575911789901e-03 0.000000000000000000e+00 4.442141112015991571e-04 1.892326615573848082e-04 6.630200563567048436e-04 0.000000000000000000e+00 2.116728318947801168e-02 2.697453603798014889e-03 1.029068533842563207e-02 1.252908537676749538e-03 1.129943502824858797e-03 0.000000000000000000e+00 4.469567503615091281e-03 1.500187523440430154e-03 0.000000000000000000e+00 0.000000000000000000e+00 2.408477842003853373e-03 0.000000000000000000e+00 0.000000000000000000e+00 0.000000000000000000e+00 6.903519110961441746e-03 0.000000000000000000e+00 0.000000000000000000e+00 0.000000000000000000e+00 3.518766756032171757e-03 0.000000000000000000e+00 0.000000000000000000e+00 0.000000000000000000e+00 0.000000000000000000e+00 6.821282401091405224e-04 3.448275862068965469e-03 0.000000000000000000e+00 0.000000000000000000e+00 0.000000000000000000e+00 0.000000000000000000e+00 0.000000000000000000e+00 0.000000000000000000e+00 0.000000000000000000e+00 2.767783005812344209e-04 0.000000000000000000e+00 1.084598698481561855e-03 0.000000000000000000e+00 0.000000000000000000e+00 0.000000000000000000e+00 0.000000000000000000e+00 0.000000000000000000e+00 0.000000000000000000e+00 0.000000000000000000e+00 0.000000000000000000e+00 0.000000000000000000e+00 0.000000000000000000e+00 0.000000000000000000e+00
1.439440674480773263e-03 2.529302899444787339e-02 6.580300226197819888e-03 4.544519843717869517e-02 4.112687641373637430e-04 4.112687641373637430e-04 8.431009664815957219e-03 1.737610528480361960e-01 0.000000000000000000e+00 8.225375282747274860e-04 2.467612584824182675e-03 0.000000000000000000e+00 3.367003367003366856e-03 1.654335961188599102e-01 0.000000000000000000e+00 3.952569169960474041e-03 0.000000000000000000e+00 2.633344515263334393e-02 2.609262883235485830e-03 1.617663132582795871e-02 0.000000000000000000e+00 0.000000000000000000e+00 2.561548313647360117e-03 1.500822368421052613e-02 0.000000000000000000e+00 0.000000000000000000e+00 0.000000000000000000e+00 0.000000000000000000e+00 9.590792838874680551e-04 3.898421413864104623e-02 4.846526655896607298e-03 1.699235344095157210e-03 4.359831419851765760e-04 7.167031654389807022e-03 3.395585738539898301e-04 7.782101167315175639e-04 0.000000000000000000e+00 1.305483028720626649e-03 0.000000000000000000e+00 0.000000000000000000e+00 0.000000000000000000e+00 0.000000000000000000e+00 0.000000000000000000e+00 0.000000000000000000e+00 1.324327903588928704e-04 4.694101079643248379e-04 0.000000000000000000e+00 0.000000000000000000e+00 0.000000000000000000e+00 7.909306617453203429e-04 0.000000000000000000e+00 4.582651391162029502e-04 0.000000000000000000e+00 0.000000000000000000e+00 1.686625063248439825e-04 1.405152224824355971e-03 0.000000000000000000e+00 5.425400739827373336e-03 0.000000000000000000e+00 1.616031027795733575e-03 0.000000000000000000e+00 2.206423142927188205e-03 0.000000000000000000e+00 7.645498517709471351e-03 2.120441051738761640e-04 5.079626578802855751e-03 5.182497964018657104e-04 1.703093954016463192e-03 1.657550140891762109e-04 9.938382031405286303e-04 1.130291820797369590e-03 3.862753560638756967e-02 1.060895395713982699e-03 1.950957580096653043e-02 5.649717514124293983e-04 6.583760058522311262e-03 1.577494413040620401e-03 3.025378172271533939e-02 1.137656427758816776e-03 0.000000000000000000e+00 1.204238921001926768e-04 1.257987220447284379e-02 0.000000000000000000e+00 0.000000000000000000e+00 0.000000000000000000e+00 1.173324130791131119e-02 0.000000000000000000e+00 5.527915975677169481e-04 1.675603217158176976e-04 7.640190283984431285e-03 0.000000000000000000e+00 0.000000000000000000e+00 8.210180623973727153e-04 0.000000000000000000e+00 3.448275862068965469e-03 0.000000000000000000e+00 0.000000000000000000e+00 0.000000000000000000e+00 6.514657980456026350e-04 1.557632398753894037e-03 0.000000000000000000e+00 0.000000000000000000e+00 5.535566011624688419e-04 0.000000000000000000e+00 1.084598698481561855e-03 0.000000000000000000e+00 0.000000000000000000e+00 0.000000000000000000e+00 0.000000000000000000e+00 0.000000000000000000e+00 0.000000000000000000e+00 0.000000000000000000e+00 0.000000000000000000e+00 0.000000000000000000e+00 0.000000000000000000e+00 0.000000000000000000e+00
4.199893673577884123e-02 0.000000000000000000e+00 9.657983342193868226e-02 1.045543150806308753e-02 1.187311713627503020e-02 1.772107035264929953e-04 2.208045365940102811e-01 2.923976608187134341e-02 7.442849548112705910e-03 5.316321105794790400e-04 8.488392698919014490e-02 3.367003367003366856e-03 0.000000000000000000e+00 1.018799272286234105e-02 1.285532456512515909e-01 0.000000000000000000e+00 2.963362068965517092e-03 1.677289500167728951e-04 7.719069362904978915e-03 8.744125040988085700e-04 0.000000000000000000e+00 0.000000000000000000e+00 3.714245054788672257e-02 9.251644736842104533e-03 1.569858712715855665e-03 0.000000000000000000e+00 0.000000000000000000e+00 2.973535533749628069e-04 6.202046035805626467e-02 1.509951956074124862e-03 8.885298869143781059e-03 1.550552251486830846e-02 1.162621711960470797e-03 4.180768465060720473e-03 6.791171477079796601e-04 0.000000000000000000e+00 1.454898157129001042e-03 0.000000000000000000e+00 6.134969325153374594e-04 0.000000000000000000e+00 0.000000000000000000e+00 0.000000000000000000e+00 0.000000000000000000e+00 0.000000000000000000e+00 2.648655807177857408e-04 0.000000000000000000e+00 1.666944490748458049e-04 0.000000000000000000e+00 0.000000000000000000e+00 0.000000000000000000e+00 1.014541765302671593e-03 0.000000000000000000e+00 2.973535533749628069e-04 0.000000000000000000e+00 2.529937594872659710e-03 0.000000000000000000e+00 3.095975232198142600e-03 0.000000000000000000e+00 1.221995926680244501e-03 0.000000000000000000e+00 8.278716798896171639e-03 0.000000000000000000e+00 7.930887976207336501e-03 1.560305819940708378e-04 8.693808312128922453e-03 0.000000000000000000e+00 1.036499592803731421e-03 0.000000000000000000e+00 1.657550140891762055e-03 0.000000000000000000e+00 4.634196465269214971e-02 3.992231333621061931e-03 3.129641417356248539e-02 1.700375872561303006e-03 5.084745762711864042e-03 0.000000000000000000e+00 1.932430655974760186e-02 1.125140642580322453e-03 0.000000000000000000e+00 0.000000000000000000e+00 4.455684007707128892e-03 0.000000000000000000e+00 0.000000000000000000e+00 0.000000000000000000e+00 1.035527866644216262e-02 0.000000000000000000e+00 0.000000000000000000e+00 0.000000000000000000e+00 3.016085790884718339e-03 0.000000000000000000e+00 1.326699834162520719e-03 0.000000000000000000e+00 2.463054187192118254e-03 0.000000000000000000e+00 5.172413793103448204e-03 0.000000000000000000e+00 5.012531328320801944e-04 1.721170395869191109e-03 0.000000000000000000e+00 0.000000000000000000e+00 0.000000000000000000e+00 0.000000000000000000e+00 1.937448104068641109e-03 4.353504571179799541e-04 7.230657989877078669e-04 3.372681281618887051e-04 0.000000000000000000e+00 0.000000000000000000e+00 0.000000000000000000e+00 0.000000000000000000e+00 0.000000000000000000e+00 0.000000000000000000e+00 0.000000000000000000e+00 0.000000000000000000e+00 0.000000000000000000e+00 0.000000000000000000e+00
