2.982170046464007740e-01 4.631819787235518793e-01 3.858892972134812527e-01 4.880729096177131576e-01 3.156904410866910871e-01 0.000000000000000000e+00 3.229694019421288087e-01 4.640376608452781992e-01 3.700106553842816837e-01 0.000000000000000000e+00 3.211067637886266257e-01 4.741871026315789828e-01 3.647133060980560781e-01 4.693982207792206651e-01 3.907556906335091784e-01 0.000000000000000000e+00 3.080127858725884016e-01 4.726254184128901303e-01 4.042065081511154734e-01 4.881743927306299025e-01 0.000000000000000000e+00 0.000000000000000000e+00 4.392467835728393610e-01 4.737272504479284052e-01 0.000000000000000000e+00 0.000000000000000000e+00 0.000000000000000000e+00 0.000000000000000000e+00 4.024687387654543591e-01 4.586127014138776103e-01 4.606359328373015871e-01 4.502918392857143126e-01 4.333800900286313151e-01 4.805866785725800838e-01 4.542773924050633183e-01 5.048123896103895447e-01 4.872958885996312439e-01 0.000000000000000000e+00 0.000000000000000000e+00 0.000000000000000000e+00 4.598657558139535584e-01 0.000000000000000000e+00 4.487529252873563301e-01 0.000000000000000000e+00 4.380632777777777598e-01 0.000000000000000000e+00 0.000000000000000000e+00 0.000000000000000000e+00 4.271667778808539984e-01 5.095928525641024720e-01 4.174924049820347705e-01 0.000000000000000000e+00 3.867026236559139019e-01 0.000000000000000000e+00 4.171772707691275839e-01 0.000000000000000000e+00 3.346936924981333550e-01 4.892286252873169761e-01 4.197953541241834508e-01 5.220266211434904102e-01 4.088932981450353887e-01 0.000000000000000000e+00 3.933977669729230020e-01 4.958344033613444890e-01 4.097409519409239143e-01 4.377447874015748530e-01 4.383135799413712119e-01 5.585402686535163586e-01 3.506589412885344759e-01 4.489825438596490859e-01 3.521794817137498534e-01 0.000000000000000000e+00 3.849983157532065881e-01 4.732762849776990244e-01 3.813873335081554017e-01 0.000000000000000000e+00 4.138528053176133148e-01 4.605065255937580426e-01 4.132294721908435498e-01 0.000000000000000000e+00 3.979238431741268789e-01 0.000000000000000000e+00 4.559608155339806013e-01 0.000000000000000000e+00 4.153418827803031510e-01 0.000000000000000000e+00 4.405410370370369533e-01 0.000000000000000000e+00 4.092200760109908630e-01 0.000000000000000000e+00 4.550584733894528777e-01 0.000000000000000000e+00 4.902081582733813225e-01 0.000000000000000000e+00 4.363088582468745980e-01 0.000000000000000000e+00 5.175683547029071851e-01 0.000000000000000000e+00 4.677458159811986871e-01 0.000000000000000000e+00 0.000000000000000000e+00 0.000000000000000000e+00 4.739625187401571571e-01 0.000000000000000000e+00 4.411005906033669821e-01 4.252530481203007362e-01 0.000000000000000000e+00 0.000000000000000000e+00 0.000000000000000000e+00 0.000000000000000000e+00 0.000000000000000000e+00 0.000000000000000000e+00 0.000000000000000000e+00 0.000000000000000000e+00 0.000000000000000000e+00 0.000000000000000000e+00
4.631819787235518793e-01 2.687673496412176788e-01 4.674762737931147383e-01 3.699290179825606706e-01 0.000000000000000000e+00 0.000000000000000000e+00 4.568205445711071011e-01 3.095504504084879427e-01 0.000000000000000000e+00 4.051224469696969588e-01 0.000000000000000000e+00 3.540486865976225639e-01 0.000000000000000000e+00 3.675701207695724615e-01 0.000000000000000000e+00 4.086906704758728193e-01 0.000000000000000000e+00 3.531936600535755533e-01 4.944855936471085900e-01 3.504163759806701584e-01 0.000000000000000000e+00 0.000000000000000000e+00 0.000000000000000000e+00 3.757955981027682468e-01 0.000000000000000000e+00 0.000000000000000000e+00 0.000000000000000000e+00 0.000000000000000000e+00 5.173383255813953641e-01 3.968528481500957494e-01 4.645504748427673469e-01 4.575470852713178216e-01 4.905612388048967154e-01 4.359434952328228863e-01 0.000000000000000000e+00 0.000000000000000000e+00 0.000000000000000000e+00 4.907133360099777963e-01 0.000000000000000000e+00 0.000000000000000000e+00 0.000000000000000000e+00 4.460541361741080513e-01 0.000000000000000000e+00 0.000000000000000000e+00 0.000000000000000000e+00 4.241526776033069379e-01 0.000000000000000000e+00 0.000000000000000000e+00 0.000000000000000000e+00 4.160699808404500488e-01 0.000000000000000000e+00 4.066546091936958929e-01 0.000000000000000000e+00 3.935760113057384935e-01 0.000000000000000000e+00 3.799402627776374830e-01 4.834862295255702991e-01 3.380808360269950685e-01 5.024556615384615510e-01 4.218316676606145288e-01 0.000000000000000000e+00 3.723843288130024853e-01 0.000000000000000000e+00 3.775112908892793717e-01 0.000000000000000000e+00 3.892360228735695649e-01 4.892728410913684822e-01 4.115400116046742385e-01 4.935387676366654319e-01 3.581981871118060101e-01 4.298231666666667006e-01 3.583608571368713802e-01 3.959907187500000258e-01 3.766912596427199333e-01 0.000000000000000000e+00 4.306330849358974699e-01 0.000000000000000000e+00 4.089706845750185615e-01 0.000000000000000000e+00 0.000000000000000000e+00 4.888381796407186286e-01 4.271280289637160443e-01 0.000000000000000000e+00 3.950775333333333417e-01 0.000000000000000000e+00 4.026119823768519179e-01 0.000000000000000000e+00 0.000000000000000000e+00 0.000000000000000000e+00 4.231951620821149396e-01 0.000000000000000000e+00 4.681462924529508629e-01 0.000000000000000000e+00 4.339483076923076887e-01 0.000000000000000000e+00 4.322983200007780580e-01 4.561794296296296514e-01 5.468165656565656674e-01 0.000000000000000000e+00 4.793014892142259953e-01 0.000000000000000000e+00 5.099882272727271904e-01 0.000000000000000000e+00 4.206894114442255583e-01 0.000000000000000000e+00 4.280780954534244009e-01 0.000000000000000000e+00 4.632542689792663593e-01 0.000000000000000000e+00 0.000000000000000000e+00 4.568390350877192252e-01 0.000000000000000000e+00 0.000000000000000000e+00 4.454918308823529460e-01 0.000000000000000000e+00 0.000000000000000000e+00
3.858892972134812527e-01 4.674762737931147383e-01 2.822016973403485007e-01 4.861048183396249889e-01 2.616681044057737049e-01 4.287954173280422721e-01 3.271073928203090952e-01 4.759638781796187712e-01 3.522281775669616199e-01 4.503613450584807443e-01 4.108010592215363133e-01 4.880059843491741378e-01 3.669560547815733931e-01 4.706715494269231304e-01 3.587174940171151127e-01 4.651638124999999957e-01 4.089448085420637757e-01 5.152062837837838583e-01 3.052430122813177271e-01 5.068552689021319502e-01 0.000000000000000000e+00 0.000000000000000000e+00 2.859971349755309755e-01 4.732929549630231492e-01 2.815655033541363261e-01 4.546252562666323604e-01 3.250411739007645906e-01 0.000000000000000000e+00 3.660215676304076626e-01 4.724227558139534877e-01 4.261549493002813049e-01 4.822278156753733169e-01 4.293969499718786054e-01 4.947604991935999896e-01 0.000000000000000000e+00 0.000000000000000000e+00 4.370061129813571088e-01 0.000000000000000000e+00 4.343522040816327201e-01 0.000000000000000000e+00 4.357883923076923405e-01 0.000000000000000000e+00 4.528868011101004343e-01 0.000000000000000000e+00 4.784951156462585731e-01 0.000000000000000000e+00 4.454952100549725014e-01 0.000000000000000000e+00 4.622882762344442398e-01 0.000000000000000000e+00 4.381703668701709131e-01 0.000000000000000000e+00 4.491914243321489808e-01 0.000000000000000000e+00 4.322536190243416176e-01 0.000000000000000000e+00 4.262610031762353868e-01 4.946063100775193733e-01 4.456338791441794567e-01 0.000000000000000000e+00 4.087292028840693314e-01 0.000000000000000000e+00 3.827597298671853165e-01 4.579882677165355020e-01 4.099449702363687220e-01 0.000000000000000000e+00 4.531696616275954770e-01 4.505897789936526565e-01 4.076514099885408249e-01 4.504793870872118022e-01 3.743680395444952125e-01 4.751738253418502089e-01 3.830696797733166292e-01 4.831396089362653412e-01 3.535920296828287124e-01 0.000000000000000000e+00 4.209718743742153491e-01 4.693722229753285458e-01 4.078231444444445075e-01 0.000000000000000000e+00 3.983444889532432587e-01 4.605176141732283401e-01 0.000000000000000000e+00 0.000000000000000000e+00 4.137802620844077683e-01 0.000000000000000000e+00 4.099593624999999797e-01 0.000000000000000000e+00 4.366810861056821813e-01 0.000000000000000000e+00 4.105225943029214286e-01 0.000000000000000000e+00 0.000000000000000000e+00 0.000000000000000000e+00 4.390750129968379878e-01 4.168002510024089169e-01 4.863530315964901263e-01 0.000000000000000000e+00 4.217655818452380467e-01 0.000000000000000000e+00 0.000000000000000000e+00 0.000000000000000000e+00 3.772169934210526376e-01 4.271312959593067116e-01 4.464443663283252373e-01 3.926942173913043344e-01 0.000000000000000000e+00 0.000000000000000000e+00 0.000000000000000000e+00 0.000000000000000000e+00 0.000000000000000000e+00 0.000000000000000000e+00 0.000000000000000000e+00 0.000000000000000000e+00 0.000000000000000000e+00 0.000000000000000000e+00
4.880729096177131576e-01 3.699290179825606706e-01 4.861048183396249889e-01 2.764972577584003388e-01 4.509883362260927453e-01 2.475293800406029865e-01 4.815095197511314318e-01 3.393954555266397444e-01 4.635074614840604679e-01 2.690090514982760306e-01 4.946020482573055821e-01 3.835206663564386109e-01 4.691757168854123194e-01 3.805423723273186343e-01 4.562796709401709117e-01 3.384615339805284728e-01 4.870734687500000160e-01 4.312373230486421516e-01 5.092645272494858988e-01 3.161282832149350797e-01 3.386686651748251897e-01 3.449148113207547439e-01 4.817489327062304816e-01 2.876892277528891317e-01 4.306539454930265465e-01 2.718735194508573039e-01 4.439724678866707186e-01 2.884175778742762430e-01 4.885687780554959780e-01 3.941897192991181686e-01 4.513770343605204016e-01 3.191261523389357646e-01 5.065952557148849511e-01 3.917041141654754033e-01 4.909430000000000183e-01 4.865455449438202407e-01 0.000000000000000000e+00 4.738336825807690222e-01 0.000000000000000000e+00 4.392358238993710473e-01 0.000000000000000000e+00 4.431390295725937123e-01 0.000000000000000000e+00 4.509619838814081239e-01 0.000000000000000000e+00 4.061028630418623275e-01 0.000000000000000000e+00 4.713730208333333227e-01 0.000000000000000000e+00 4.241800418788154725e-01 0.000000000000000000e+00 4.378305082143971183e-01 0.000000000000000000e+00 4.504314151097406627e-01 0.000000000000000000e+00 0.000000000000000000e+00 4.565914962406014688e-01 4.033196024124574008e-01 4.954085409836065379e-01 4.282359712001408969e-01 0.000000000000000000e+00 3.884109610145730640e-01 0.000000000000000000e+00 3.818835128205127494e-01 0.000000000000000000e+00 4.042163071858552170e-01 4.904587750272997870e-01 4.303564833571362214e-01 5.070531240601503509e-01 3.932027486352304146e-01 4.931532779426358037e-01 3.798283846017950216e-01 4.806103600974347412e-01 3.966880627656587666e-01 0.000000000000000000e+00 3.447239370383623491e-01 4.833606518784222539e-01 4.205968450759411392e-01 0.000000000000000000e+00 0.000000000000000000e+00 0.000000000000000000e+00 4.019245400078990671e-01 0.000000000000000000e+00 0.000000000000000000e+00 4.950148837025836190e-01 4.069706974107968334e-01 0.000000000000000000e+00 4.100986179775281126e-01 0.000000000000000000e+00 4.163275149292611776e-01 4.276796666666666247e-01 4.373133376474619971e-01 0.000000000000000000e+00 0.000000000000000000e+00 4.625290599999998808e-01 4.487950947803302504e-01 4.286316224489795657e-01 4.084574358974358832e-01 0.000000000000000000e+00 0.000000000000000000e+00 0.000000000000000000e+00 0.000000000000000000e+00 4.385247793103448366e-01 4.373436930880164053e-01 4.546557818211892643e-01 4.379399656812853481e-01 0.000000000000000000e+00 4.056389534836065680e-01 0.000000000000000000e+00 0.000000000000000000e+00 0.000000000000000000e+00 0.000000000000000000e+00 0.000000000000000000e+00 0.000000000000000000e+00 0.000000000000000000e+00 0.000000000000000000e+00
3.156904410866910871e-01 0.000000000000000000e+00 2.616681044057737049e-01 4.509883362260927453e-01 2.228089354516493703e-01 4.098481630055282876e-01 3.201431048579991834e-01 4.463040804597701028e-01 2.389536800398106564e-01 4.446765652425417326e-01 3.760728779686620116e-01 0.000000000000000000e+00 3.264777819139770831e-01 0.000000000000000000e+00 2.623959025874619266e-01 0.000000000000000000e+00 0.000000000000000000e+00 0.000000000000000000e+00 3.630724252558892862e-01 0.000000000000000000e+00 3.228605691615186180e-01 3.816139743589743727e-01 3.085971642108314428e-01 4.223147941271609418e-01 1.704791741640037939e-01 4.007465289855072221e-01 2.698751264732328070e-01 0.000000000000000000e+00 0.000000000000000000e+00 0.000000000000000000e+00 3.597695744818316110e-01 4.626215953884220133e-01 3.702016048147387939e-01 0.000000000000000000e+00 0.000000000000000000e+00 0.000000000000000000e+00 3.280276792114695250e-01 0.000000000000000000e+00 0.000000000000000000e+00 0.000000000000000000e+00 0.000000000000000000e+00 0.000000000000000000e+00 0.000000000000000000e+00 0.000000000000000000e+00 0.000000000000000000e+00 0.000000000000000000e+00 0.000000000000000000e+00 0.000000000000000000e+00 0.000000000000000000e+00 0.000000000000000000e+00 3.674193649635036918e-01 0.000000000000000000e+00 0.000000000000000000e+00 0.000000000000000000e+00 3.835872249999999761e-01 0.000000000000000000e+00 3.960604479895105667e-01 0.000000000000000000e+00 0.000000000000000000e+00 0.000000000000000000e+00 3.543254770856647529e-01 0.000000000000000000e+00 3.864283789473683117e-01 0.000000000000000000e+00 3.542991693548386278e-01 0.000000000000000000e+00 0.000000000000000000e+00 0.000000000000000000e+00 4.178773518862091141e-01 0.000000000000000000e+00 3.291154453222321918e-01 4.952401946672816968e-01 3.344686306177736546e-01 0.000000000000000000e+00 3.124416642422789825e-01 0.000000000000000000e+00 3.496236648644917566e-01 0.000000000000000000e+00 0.000000000000000000e+00 0.000000000000000000e+00 0.000000000000000000e+00 0.000000000000000000e+00 4.141504459459459109e-01 0.000000000000000000e+00 3.749670749999999830e-01 0.000000000000000000e+00 0.000000000000000000e+00 0.000000000000000000e+00 3.916437700867998473e-01 0.000000000000000000e+00 0.000000000000000000e+00 0.000000000000000000e+00 0.000000000000000000e+00 0.000000000000000000e+00 0.000000000000000000e+00 0.000000000000000000e+00 0.000000000000000000e+00 0.000000000000000000e+00 0.000000000000000000e+00 0.000000000000000000e+00 0.000000000000000000e+00 0.000000000000000000e+00 0.000000000000000000e+00 0.000000000000000000e+00 0.000000000000000000e+00 0.000000000000000000e+00 0.000000000000000000e+00 0.000000000000000000e+00 0.000000000000000000e+00 0.000000000000000000e+00 0.000000000000000000e+00 0.000000000000000000e+00 0.000000000000000000e+00 0.000000000000000000e+00 0.000000000000000000e+00 0.000000000000000000e+00
0.000000000000000000e+00 0.000000000000000000e+00 4.287954173280422721e-01 2.475293800406029865e-01 4.098481630055282876e-01 1.925651805960072460e-01 4.705574782608695217e-01 3.263126746515679910e-01 0.000000000000000000e+00 1.902312193841444177e-01 0.000000000000000000e+00 0.000000000000000000e+00 0.000000000000000000e+00 2.682194801061008049e-01 4.730105365853658483e-01 2.386720094575763007e-01 0.000000000000000000e+00 0.000000000000000000e+00 0.000000000000000000e+00 0.000000000000000000e+00 3.632097437229437342e-01 2.797250271739130656e-01 4.534991956408393476e-01 2.822324147648003767e-01 4.241208866605810646e-01 1.418107571980421200e-01 4.170248645941050381e-01 2.280688964514105133e-01 0.000000000000000000e+00 2.983530411138297644e-01 3.926050485574655857e-01 3.140541078894259486e-01 4.433894276934307044e-01 3.394718961834548021e-01 0.000000000000000000e+00 0.000000000000000000e+00 0.000000000000000000e+00 4.240276885245901628e-01 0.000000000000000000e+00 0.000000000000000000e+00 0.000000000000000000e+00 0.000000000000000000e+00 0.000000000000000000e+00 0.000000000000000000e+00 0.000000000000000000e+00 0.000000000000000000e+00 0.000000000000000000e+00 0.000000000000000000e+00 0.000000000000000000e+00 0.000000000000000000e+00 0.000000000000000000e+00 0.000000000000000000e+00 0.000000000000000000e+00 0.000000000000000000e+00 0.000000000000000000e+00 0.000000000000000000e+00 0.000000000000000000e+00 3.847407327586206960e-01 0.000000000000000000e+00 0.000000000000000000e+00 0.000000000000000000e+00 0.000000000000000000e+00 0.000000000000000000e+00 0.000000000000000000e+00 0.000000000000000000e+00 0.000000000000000000e+00 0.000000000000000000e+00 0.000000000000000000e+00 0.000000000000000000e+00 0.000000000000000000e+00 4.933951193942380242e-01 3.486756436173394924e-01 0.000000000000000000e+00 3.426783691570137180e-01 0.000000000000000000e+00 3.023692060671618886e-01 0.000000000000000000e+00 3.212273367567001769e-01 0.000000000000000000e+00 0.000000000000000000e+00 0.000000000000000000e+00 0.000000000000000000e+00 0.000000000000000000e+00 0.000000000000000000e+00 0.000000000000000000e+00 4.118846075949366692e-01 0.000000000000000000e+00 0.000000000000000000e+00 0.000000000000000000e+00 0.000000000000000000e+00 0.000000000000000000e+00 0.000000000000000000e+00 0.000000000000000000e+00 0.000000000000000000e+00 0.000000000000000000e+00 0.000000000000000000e+00 0.000000000000000000e+00 0.000000000000000000e+00 0.000000000000000000e+00 0.000000000000000000e+00 0.000000000000000000e+00 0.000000000000000000e+00 0.000000000000000000e+00 0.000000000000000000e+00 0.000000000000000000e+00 0.000000000000000000e+00 0.000000000000000000e+00 0.000000000000000000e+00 0.000000000000000000e+00 0.000000000000000000e+00 0.000000000000000000e+00 0.000000000000000000e+00 0.000000000000000000e+00 0.000000000000000000e+00 0.000000000000000000e+00 0.000000000000000000e+00
3.229694019421288087e-01 4.568205445711071011e-01 3.271073928203090952e-01 4.815095197511314318e-01 3.201431048579991834e-01 4.705574782608695217e-01 2.844710116876934536e-01 4.562136759958670962e-01 3.173764196075086197e-01 4.440735011036893720e-01 3.687452238346595190e-01 4.600091529382170918e-01 2.897474183905339729e-01 4.529232817863089733e-01 3.617276460142183625e-01 4.294246739130434531e-01 3.703849263764932287e-01 4.700546630353740207e-01 3.944968490626601931e-01 4.838602439377988618e-01 0.000000000000000000e+00 0.000000000000000000e+00 3.975955363607577286e-01 4.770118902734248323e-01 3.552336071428571218e-01 4.807262289156625790e-01 0.000000000000000000e+00 0.000000000000000000e+00 3.390978726437952062e-01 4.768030224719101429e-01 4.088354094712445264e-01 4.765705060356829614e-01 4.333230355521420218e-01 4.784170206923336055e-01 4.810121857142856117e-01 0.000000000000000000e+00 4.546575577646181365e-01 4.993326509433962390e-01 0.000000000000000000e+00 0.000000000000000000e+00 0.000000000000000000e+00 0.000000000000000000e+00 0.000000000000000000e+00 0.000000000000000000e+00 4.252982000000000151e-01 0.000000000000000000e+00 0.000000000000000000e+00 0.000000000000000000e+00 4.135144787810481892e-01 0.000000000000000000e+00 4.181246288448834947e-01 0.000000000000000000e+00 4.290173496721211843e-01 0.000000000000000000e+00 4.027128604820279789e-01 0.000000000000000000e+00 3.917661970152125916e-01 0.000000000000000000e+00 4.045748242931179739e-01 0.000000000000000000e+00 3.956772340101765151e-01 0.000000000000000000e+00 3.888671219575018378e-01 0.000000000000000000e+00 3.960489876676739907e-01 0.000000000000000000e+00 4.585420060358177952e-01 4.821607027867313433e-01 4.032629781991357021e-01 0.000000000000000000e+00 3.447234759261456616e-01 4.856059646231590810e-01 3.564013276525790364e-01 4.691131556298898664e-01 3.404973715145865332e-01 0.000000000000000000e+00 4.023709658676938306e-01 4.532749480882725668e-01 0.000000000000000000e+00 0.000000000000000000e+00 3.815314369650586457e-01 0.000000000000000000e+00 0.000000000000000000e+00 0.000000000000000000e+00 4.024647012033254478e-01 0.000000000000000000e+00 3.894848971198476284e-01 0.000000000000000000e+00 4.077516248707545587e-01 0.000000000000000000e+00 4.192577693856472387e-01 4.413289652777777627e-01 0.000000000000000000e+00 3.969155319148935934e-01 4.381258187209087773e-01 4.287846710828796537e-01 4.327308241758241469e-01 0.000000000000000000e+00 0.000000000000000000e+00 0.000000000000000000e+00 0.000000000000000000e+00 0.000000000000000000e+00 4.568418854961832087e-01 4.153745575221238218e-01 4.576378293458993052e-01 0.000000000000000000e+00 0.000000000000000000e+00 0.000000000000000000e+00 0.000000000000000000e+00 0.000000000000000000e+00 4.532626810344826951e-01 0.000000000000000000e+00 0.000000000000000000e+00 0.000000000000000000e+00 0.000000000000000000e+00 0.000000000000000000e+00
4.640376608452781992e-01 3.095504504084879427e-01 4.759638781796187712e-01 3.393954555266397444e-01 4.463040804597701028e-01 3.263126746515679910e-01 4.562136759958670962e-01 2.643422552875988041e-01 4.413465456871734638e-01 3.135327477153557751e-01 4.869560840575876681e-01 3.146743237774413671e-01 4.409276890907899982e-01 2.811737725478801186e-01 4.837807415730336902e-01 3.057961866406165852e-01 4.672956881720428668e-01 3.816794283795787446e-01 4.890035288391325619e-01 4.002681491702820837e-01 0.000000000000000000e+00 0.000000000000000000e+00 4.733744600137474445e-01 3.884555123662121190e-01 4.651481250000000234e-01 3.338844100122099756e-01 0.000000000000000000e+00 0.000000000000000000e+00 4.771917513668816890e-01 3.451734424510911059e-01 4.498916612182367047e-01 3.566049222168919397e-01 4.830269895843817274e-01 3.792091861020925325e-01 4.254998618421053647e-01 0.000000000000000000e+00 0.000000000000000000e+00 4.265404946623688742e-01 0.000000000000000000e+00 0.000000000000000000e+00 0.000000000000000000e+00 4.281677848441048928e-01 0.000000000000000000e+00 4.053629015201813957e-01 0.000000000000000000e+00 3.840948311739554866e-01 0.000000000000000000e+00 0.000000000000000000e+00 0.000000000000000000e+00 3.922390224812932202e-01 0.000000000000000000e+00 3.917409120543752787e-01 0.000000000000000000e+00 3.736817235614705579e-01 0.000000000000000000e+00 3.862668451654385771e-01 4.628104301075268712e-01 3.771316079356243356e-01 4.699127103448275111e-01 4.000817978040634992e-01 4.870044771573604492e-01 3.722082594589192217e-01 0.000000000000000000e+00 3.768949061800987432e-01 0.000000000000000000e+00 3.724069282435828465e-01 4.741452820808148005e-01 4.187936191065483871e-01 0.000000000000000000e+00 4.036155031949659744e-01 4.674421799089871765e-01 3.047208882679751096e-01 4.551704913853040768e-01 3.679870597497395535e-01 0.000000000000000000e+00 3.297776514809961923e-01 4.731051657380963560e-01 3.762734392226120272e-01 0.000000000000000000e+00 0.000000000000000000e+00 0.000000000000000000e+00 4.029320998130384579e-01 0.000000000000000000e+00 0.000000000000000000e+00 4.641431026558734962e-01 3.980253510019991503e-01 0.000000000000000000e+00 0.000000000000000000e+00 0.000000000000000000e+00 4.027732618053300739e-01 0.000000000000000000e+00 4.217215805800756945e-01 0.000000000000000000e+00 0.000000000000000000e+00 0.000000000000000000e+00 4.018301077112398367e-01 0.000000000000000000e+00 0.000000000000000000e+00 0.000000000000000000e+00 0.000000000000000000e+00 0.000000000000000000e+00 0.000000000000000000e+00 0.000000000000000000e+00 3.854398790181450263e-01 0.000000000000000000e+00 3.908821990654205436e-01 0.000000000000000000e+00 4.341897227722771868e-01 0.000000000000000000e+00 0.000000000000000000e+00 0.000000000000000000e+00 0.000000000000000000e+00 0.000000000000000000e+00 0.000000000000000000e+00 0.000000000000000000e+00 0.000000000000000000e+00
3.700106553842816837e-01 0.000000000000000000e+00 3.522281775669616199e-01 4.635074614840604679e-01 2.389536800398106564e-01 0.000000000000000000e+00 3.173764196075086197e-01 4.413465456871734638e-01 2.542236788741583098e-01 4.666969375000000197e-01 3.666811820954848367e-01 4.419944666666666411e-01 2.840203218612429859e-01 4.516854207848837177e-01 2.596277770079062353e-01 0.000000000000000000e+00 3.711660000000000514e-01 0.000000000000000000e+00 4.123942338066421409e-01 0.000000000000000000e+00 2.904057575757575393e-01 0.000000000000000000e+00 3.839848175750834591e-01 0.000000000000000000e+00 3.491598666666666517e-01 0.000000000000000000e+00 3.364292952911818180e-01 0.000000000000000000e+00 3.440774856188114073e-01 0.000000000000000000e+00 3.650226163269731927e-01 4.700471971859008224e-01 4.519925161290322957e-01 0.000000000000000000e+00 0.000000000000000000e+00 0.000000000000000000e+00 4.121697979475918983e-01 0.000000000000000000e+00 0.000000000000000000e+00 0.000000000000000000e+00 0.000000000000000000e+00 0.000000000000000000e+00 4.464418416069180773e-01 0.000000000000000000e+00 4.703208515625000308e-01 0.000000000000000000e+00 0.000000000000000000e+00 0.000000000000000000e+00 0.000000000000000000e+00 0.000000000000000000e+00 0.000000000000000000e+00 0.000000000000000000e+00 0.000000000000000000e+00 0.000000000000000000e+00 0.000000000000000000e+00 0.000000000000000000e+00 0.000000000000000000e+00 0.000000000000000000e+00 4.127448985507246593e-01 0.000000000000000000e+00 3.810746451405993551e-01 0.000000000000000000e+00 3.989866367924528312e-01 0.000000000000000000e+00 3.963007028985507385e-01 0.000000000000000000e+00 0.000000000000000000e+00 0.000000000000000000e+00 4.307298463246769238e-01 4.169108720930232992e-01 3.136411089816920073e-01 4.987562801375828303e-01 3.401939797357201312e-01 0.000000000000000000e+00 3.120916284319943390e-01 0.000000000000000000e+00 3.490832233942700591e-01 0.000000000000000000e+00 0.000000000000000000e+00 0.000000000000000000e+00 3.894101766126740749e-01 0.000000000000000000e+00 0.000000000000000000e+00 0.000000000000000000e+00 3.991106071264763355e-01 0.000000000000000000e+00 3.916976590909090894e-01 0.000000000000000000e+00 4.058540158730157832e-01 0.000000000000000000e+00 0.000000000000000000e+00 0.000000000000000000e+00 0.000000000000000000e+00 0.000000000000000000e+00 0.000000000000000000e+00 0.000000000000000000e+00 0.000000000000000000e+00 0.000000000000000000e+00 0.000000000000000000e+00 0.000000000000000000e+00 0.000000000000000000e+00 0.000000000000000000e+00 3.831015724637680808e-01 0.000000000000000000e+00 3.770060736897274944e-01 0.000000000000000000e+00 0.000000000000000000e+00 0.000000000000000000e+00 0.000000000000000000e+00 0.000000000000000000e+00 0.000000000000000000e+00 0.000000000000000000e+00 0.000000000000000000e+00 0.000000000000000000e+00 0.000000000000000000e+00 0.000000000000000000e+00
0.000000000000000000e+00 4.051224469696969588e-01 4.503613450584807443e-01 2.690090514982760306e-01 4.446765652425417326e-01 1.902312193841444177e-01 4.440735011036893720e-01 3.135327477153557751e-01 4.666969375000000197e-01 1.910454084144209697e-01 0.000000000000000000e+00 3.616288823529412166e-01 0.000000000000000000e+00 3.214824057515700551e-01 4.604198906249999945e-01 2.594643477896717010e-01 0.000000000000000000e+00 3.504291948051947436e-01 0.000000000000000000e+00 3.824738271604938289e-01 0.000000000000000000e+00 0.000000000000000000e+00 4.509425093269125440e-01 2.923245652814016604e-01 4.323133137915252111e-01 2.596021433667055067e-01 4.434622352941176016e-01 2.109512549019608163e-01 0.000000000000000000e+00 3.388062287463116662e-01 3.982808109262020446e-01 3.524544164694863313e-01 0.000000000000000000e+00 3.893176271186440940e-01 0.000000000000000000e+00 0.000000000000000000e+00 0.000000000000000000e+00 0.000000000000000000e+00 0.000000000000000000e+00 0.000000000000000000e+00 0.000000000000000000e+00 0.000000000000000000e+00 0.000000000000000000e+00 0.000000000000000000e+00 0.000000000000000000e+00 0.000000000000000000e+00 0.000000000000000000e+00 0.000000000000000000e+00 0.000000000000000000e+00 0.000000000000000000e+00 0.000000000000000000e+00 4.497424428571428767e-01 0.000000000000000000e+00 0.000000000000000000e+00 0.000000000000000000e+00 0.000000000000000000e+00 0.000000000000000000e+00 3.065025384615384652e-01 0.000000000000000000e+00 0.000000000000000000e+00 0.000000000000000000e+00 0.000000000000000000e+00 0.000000000000000000e+00 0.000000000000000000e+00 0.000000000000000000e+00 3.548995217391303081e-01 0.000000000000000000e+00 0.000000000000000000e+00 0.000000000000000000e+00 0.000000000000000000e+00 4.906915409544159168e-01 3.170861982790330602e-01 0.000000000000000000e+00 3.523065895635340561e-01 0.000000000000000000e+00 3.205026854845908768e-01 3.625735070422534956e-01 3.583535948761473744e-01 0.000000000000000000e+00 0.000000000000000000e+00 0.000000000000000000e+00 0.000000000000000000e+00 0.000000000000000000e+00 0.000000000000000000e+00 0.000000000000000000e+00 3.701736168194139642e-01 0.000000000000000000e+00 0.000000000000000000e+00 0.000000000000000000e+00 4.209130985915492951e-01 0.000000000000000000e+00 0.000000000000000000e+00 0.000000000000000000e+00 0.000000000000000000e+00 0.000000000000000000e+00 0.000000000000000000e+00 0.000000000000000000e+00 0.000000000000000000e+00 0.000000000000000000e+00 0.000000000000000000e+00 0.000000000000000000e+00 0.000000000000000000e+00 0.000000000000000000e+00 0.000000000000000000e+00 0.000000000000000000e+00 0.000000000000000000e+00 0.000000000000000000e+00 0.000000000000000000e+00 0.000000000000000000e+00 0.000000000000000000e+00 0.000000000000000000e+00 0.000000000000000000e+00 0.000000000000000000e+00 0.000000000000000000e+00 0.000000000000000000e+00 0.000000000000000000e+00
3.211067637886266257e-01 0.000000000000000000e+00 4.108010592215363133e-01 4.946020482573055821e-01 3.760728779686620116e-01 0.000000000000000000e+00 3.687452238346595190e-01 4.869560840575876681e-01 3.666811820954848367e-01 0.000000000000000000e+00 2.809075714419215775e-01 0.000000000000000000e+00 2.960959514091797140e-01 0.000000000000000000e+00 3.628624770740461747e-01 4.631857263157894145e-01 3.252636750030314938e-01 0.000000000000000000e+00 4.332771322549913151e-01 4.937380924541898697e-01 0.000000000000000000e+00 0.000000000000000000e+00 4.245418679336083745e-01 4.946578505747126764e-01 0.000000000000000000e+00 0.000000000000000000e+00 0.000000000000000000e+00 0.000000000000000000e+00 3.417788089063577561e-01 0.000000000000000000e+00 4.367076407616603539e-01 4.560651197972165893e-01 4.431971059246937461e-01 4.924150837028869465e-01 0.000000000000000000e+00 0.000000000000000000e+00 4.404630302622793425e-01 0.000000000000000000e+00 0.000000000000000000e+00 0.000000000000000000e+00 0.000000000000000000e+00 0.000000000000000000e+00 0.000000000000000000e+00 0.000000000000000000e+00 4.019455669291338573e-01 0.000000000000000000e+00 4.642095873015873453e-01 0.000000000000000000e+00 4.615370041504058829e-01 0.000000000000000000e+00 4.324197505474376979e-01 0.000000000000000000e+00 0.000000000000000000e+00 0.000000000000000000e+00 4.026541258695652825e-01 0.000000000000000000e+00 4.020567748434343835e-01 0.000000000000000000e+00 4.315599816059854654e-01 4.673303270440251067e-01 4.143755597951391256e-01 0.000000000000000000e+00 4.061846956824185506e-01 0.000000000000000000e+00 4.106856599924548767e-01 0.000000000000000000e+00 4.537611556366376586e-01 4.899193368496672640e-01 4.078446605702093497e-01 0.000000000000000000e+00 3.738820833382437425e-01 0.000000000000000000e+00 3.873683556843512399e-01 4.867157835051545978e-01 0.000000000000000000e+00 0.000000000000000000e+00 4.127932310851680775e-01 4.590536666666666377e-01 0.000000000000000000e+00 0.000000000000000000e+00 4.035073028055717326e-01 0.000000000000000000e+00 0.000000000000000000e+00 0.000000000000000000e+00 4.180810529713812063e-01 0.000000000000000000e+00 0.000000000000000000e+00 0.000000000000000000e+00 4.129867885579383557e-01 0.000000000000000000e+00 0.000000000000000000e+00 0.000000000000000000e+00 0.000000000000000000e+00 0.000000000000000000e+00 0.000000000000000000e+00 0.000000000000000000e+00 4.714029594594594808e-01 0.000000000000000000e+00 0.000000000000000000e+00 0.000000000000000000e+00 0.000000000000000000e+00 0.000000000000000000e+00 0.000000000000000000e+00 0.000000000000000000e+00 0.000000000000000000e+00 0.000000000000000000e+00 0.000000000000000000e+00 0.000000000000000000e+00 0.000000000000000000e+00 0.000000000000000000e+00 0.000000000000000000e+00 0.000000000000000000e+00 0.000000000000000000e+00 0.000000000000000000e+00 0.000000000000000000e+00 0.000000000000000000e+00
4.741871026315789828e-01 3.540486865976225639e-01 4.880059843491741378e-01 3.835206663564386109e-01 0.000000000000000000e+00 0.000000000000000000e+00 4.600091529382170918e-01 3.146743237774413671e-01 4.419944666666666411e-01 3.616288823529412166e-01 0.000000000000000000e+00 2.476451170485668707e-01 0.000000000000000000e+00 2.678542498309007258e-01 0.000000000000000000e+00 3.562146944109381708e-01 0.000000000000000000e+00 3.233256946148253541e-01 4.935883331787576100e-01 4.011282398884321587e-01 0.000000000000000000e+00 0.000000000000000000e+00 4.722103408714837247e-01 3.771166277405536560e-01 0.000000000000000000e+00 0.000000000000000000e+00 0.000000000000000000e+00 0.000000000000000000e+00 0.000000000000000000e+00 2.932853659168798144e-01 4.505688670599179990e-01 3.977211325301204803e-01 5.100955870098038414e-01 3.696930760223449131e-01 0.000000000000000000e+00 0.000000000000000000e+00 0.000000000000000000e+00 4.354097574082706479e-01 0.000000000000000000e+00 0.000000000000000000e+00 0.000000000000000000e+00 0.000000000000000000e+00 0.000000000000000000e+00 0.000000000000000000e+00 0.000000000000000000e+00 0.000000000000000000e+00 0.000000000000000000e+00 0.000000000000000000e+00 0.000000000000000000e+00 4.453545000000000420e-01 0.000000000000000000e+00 3.834827301440490999e-01 0.000000000000000000e+00 4.020123747667515013e-01 0.000000000000000000e+00 0.000000000000000000e+00 4.274718034188033644e-01 4.007788599922953998e-01 0.000000000000000000e+00 4.190314968807316021e-01 4.826509629629629483e-01 3.948181679143132339e-01 0.000000000000000000e+00 3.919561954919317803e-01 0.000000000000000000e+00 3.949509873640559832e-01 4.919371311192625718e-01 4.405784482758620668e-01 4.825637380952380595e-01 4.298082637865509592e-01 0.000000000000000000e+00 3.287918557568329514e-01 0.000000000000000000e+00 3.567098182772220905e-01 0.000000000000000000e+00 3.814805612244898114e-01 4.586199768429487511e-01 3.880047217910814195e-01 0.000000000000000000e+00 4.036631743661971417e-01 0.000000000000000000e+00 4.203823684275015404e-01 0.000000000000000000e+00 0.000000000000000000e+00 0.000000000000000000e+00 4.236720143233463909e-01 0.000000000000000000e+00 0.000000000000000000e+00 0.000000000000000000e+00 4.385257828657898038e-01 0.000000000000000000e+00 0.000000000000000000e+00 0.000000000000000000e+00 0.000000000000000000e+00 0.000000000000000000e+00 0.000000000000000000e+00 0.000000000000000000e+00 0.000000000000000000e+00 0.000000000000000000e+00 0.000000000000000000e+00 0.000000000000000000e+00 0.000000000000000000e+00 0.000000000000000000e+00 3.828551311475409946e-01 0.000000000000000000e+00 0.000000000000000000e+00 0.000000000000000000e+00 0.000000000000000000e+00 0.000000000000000000e+00 0.000000000000000000e+00 0.000000000000000000e+00 0.000000000000000000e+00 0.000000000000000000e+00 0.000000000000000000e+00 0.000000000000000000e+00 0.000000000000000000e+00
3.647133060980560781e-01 0.000000000000000000e+00 3.669560547815733931e-01 4.691757168854123194e-01 3.264777819139770831e-01 0.000000000000000000e+00 2.897474183905339729e-01 4.409276890907899982e-01 2.840203218612429859e-01 0.000000000000000000e+00 2.960959514091797140e-01 0.000000000000000000e+00 2.358090644900928123e-01 4.541508255739905575e-01 2.765503720621573236e-01 0.000000000000000000e+00 3.902767594477964952e-01 0.000000000000000000e+00 4.129357365181454131e-01 4.195360120481927413e-01 0.000000000000000000e+00 0.000000000000000000e+00 3.889616726466987862e-01 4.742208796839664231e-01 0.000000000000000000e+00 0.000000000000000000e+00 0.000000000000000000e+00 0.000000000000000000e+00 2.732624555962356871e-01 0.000000000000000000e+00 4.179776340497737830e-01 4.699041573291810603e-01 4.234886608499966454e-01 4.549270317744857350e-01 4.070130094339622917e-01 4.910725985401459548e-01 4.379399260985173958e-01 0.000000000000000000e+00 4.601152025316455618e-01 0.000000000000000000e+00 0.000000000000000000e+00 0.000000000000000000e+00 0.000000000000000000e+00 0.000000000000000000e+00 0.000000000000000000e+00 0.000000000000000000e+00 0.000000000000000000e+00 0.000000000000000000e+00 0.000000000000000000e+00 0.000000000000000000e+00 4.160881120680681167e-01 0.000000000000000000e+00 3.820379692307692143e-01 0.000000000000000000e+00 4.119133785645799350e-01 0.000000000000000000e+00 3.964933154234297485e-01 0.000000000000000000e+00 4.180242322947887446e-01 0.000000000000000000e+00 4.089784720219487024e-01 0.000000000000000000e+00 3.970749040267559371e-01 0.000000000000000000e+00 4.019611406774731277e-01 0.000000000000000000e+00 4.441497941149504247e-01 0.000000000000000000e+00 3.861419692899570322e-01 0.000000000000000000e+00 3.213105899103070873e-01 4.765471768518517726e-01 3.627813963510804207e-01 4.595764557068883760e-01 3.286878021944305561e-01 0.000000000000000000e+00 3.890222603436857551e-01 0.000000000000000000e+00 0.000000000000000000e+00 0.000000000000000000e+00 3.923518680570542982e-01 0.000000000000000000e+00 0.000000000000000000e+00 0.000000000000000000e+00 4.133212127453326779e-01 0.000000000000000000e+00 4.041154657534246630e-01 0.000000000000000000e+00 4.028534657567612864e-01 0.000000000000000000e+00 3.828456838235294590e-01 0.000000000000000000e+00 0.000000000000000000e+00 0.000000000000000000e+00 3.605184867256637782e-01 0.000000000000000000e+00 0.000000000000000000e+00 0.000000000000000000e+00 0.000000000000000000e+00 0.000000000000000000e+00 0.000000000000000000e+00 0.000000000000000000e+00 0.000000000000000000e+00 0.000000000000000000e+00 0.000000000000000000e+00 0.000000000000000000e+00 0.000000000000000000e+00 0.000000000000000000e+00 0.000000000000000000e+00 0.000000000000000000e+00 0.000000000000000000e+00 0.000000000000000000e+00 0.000000000000000000e+00 0.000000000000000000e+00 0.000000000000000000e+00 0.000000000000000000e+00
