0.000000000000000000e+00 1.188794726930320067e-02 6.788421778084080538e-02 3.901950975487743917e-03 0.000000000000000000e+00 0.000000000000000000e+00 1.140984483681112827e-01 3.635041802980734302e-03 4.191114836546521415e-04 0.000000000000000000e+00 1.934057096903900319e-01 2.728512960436562306e-04 3.794147325933400899e-02 1.951981260979894690e-04 1.687289088863891959e-03 0.000000000000000000e+00 3.343394474111911069e-02 4.016064257028112081e-03 7.196689818235554870e-02 1.770235624465877136e-02 0.000000000000000000e+00 0.000000000000000000e+00 7.094714437743880435e-04 0.000000000000000000e+00 0.000000000000000000e+00 0.000000000000000000e+00 0.000000000000000000e+00 0.000000000000000000e+00 2.475011899095668627e-02 1.739130434782608760e-03 1.737619461337966886e-03 4.755111745126010606e-04 1.175052726724917090e-02 1.181786583246437206e-02 0.000000000000000000e+00 0.000000000000000000e+00 5.263157894736841813e-02 1.023890784982935164e-03 8.333333333333333868e-04 0.000000000000000000e+00 0.000000000000000000e+00 0.000000000000000000e+00 1.250000000000000026e-04 0.000000000000000000e+00 2.600633197648122893e-03 1.085540599218410803e-04 1.905124785673461738e-04 0.000000000000000000e+00 5.565423327412669791e-03 8.448086508405845576e-05 3.227729517969681744e-02 2.442797817767282842e-04 4.014452027298273835e-03 0.000000000000000000e+00 5.547602004294917288e-03 0.000000000000000000e+00 2.419786096256684449e-01 1.853782875680685949e-03 2.537485582468281334e-02 8.774495466510676004e-04 3.595302619692863910e-02 2.145462347135807673e-04 6.595218466611706652e-03 0.000000000000000000e+00 4.636721175740012718e-02 0.000000000000000000e+00 5.008608545938331331e-03 3.322259136212624771e-04 1.328528691868370859e-01 4.718152470821951501e-03 4.338394793926247245e-02 2.380385622470840279e-04 1.848166050611316572e-02 1.661129568106312331e-03 7.293946024799416580e-04 0.000000000000000000e+00 2.702113750272390480e-02 1.653196179279941159e-03 1.564945226917057938e-03 0.000000000000000000e+00 4.007442393015600048e-03 2.534211860111505320e-04 0.000000000000000000e+00 0.000000000000000000e+00 1.956585223401148543e-02 0.000000000000000000e+00 0.000000000000000000e+00 0.000000000000000000e+00 1.262007911094368065e-02 0.000000000000000000e+00 0.000000000000000000e+00 0.000000000000000000e+00 0.000000000000000000e+00 8.912655971479500373e-04 4.761904761904761640e-02 0.000000000000000000e+00 0.000000000000000000e+00 0.000000000000000000e+00 9.505703422053231886e-04 1.086956521739130448e-03 0.000000000000000000e+00 0.000000000000000000e+00 2.429543245869776353e-04 0.000000000000000000e+00 1.013171225937183452e-03 0.000000000000000000e+00 3.533568904593639530e-03 0.000000000000000000e+00 0.000000000000000000e+00 0.000000000000000000e+00 0.000000000000000000e+00 0.000000000000000000e+00 0.000000000000000000e+00 0.000000000000000000e+00 0.000000000000000000e+00 0.000000000000000000e+00
1.188794726930320067e-02 0.000000000000000000e+00 1.263496439237307570e-03 7.713856928464232765e-02 0.000000000000000000e+00 0.000000000000000000e+00 1.872659176029962567e-03 1.194717072579667971e-01 0.000000000000000000e+00 4.444444444444444441e-03 2.010454362685966823e-03 4.802182810368349486e-02 0.000000000000000000e+00 1.659184071832910459e-02 0.000000000000000000e+00 3.443957420162805250e-03 3.714882749013234328e-03 6.066370746142464576e-02 1.861977242500369514e-02 1.174459772921499223e-01 0.000000000000000000e+00 0.000000000000000000e+00 0.000000000000000000e+00 0.000000000000000000e+00 0.000000000000000000e+00 0.000000000000000000e+00 0.000000000000000000e+00 0.000000000000000000e+00 2.141837220371251797e-03 2.913043478260869679e-02 4.344048653344917757e-03 2.377555872563005303e-04 1.175052726724917090e-02 2.073919592167767362e-02 4.608294930875576033e-04 4.397537379067722281e-04 1.021972406745017990e-03 9.180887372013651904e-02 0.000000000000000000e+00 2.050728548300053897e-02 0.000000000000000000e+00 0.000000000000000000e+00 1.250000000000000026e-04 1.198753296571565530e-04 3.392130257801899331e-04 5.427702996092054286e-04 0.000000000000000000e+00 0.000000000000000000e+00 1.184132622853759602e-04 2.534425952521753619e-03 5.109862033725089949e-04 9.771191271069130935e-03 0.000000000000000000e+00 1.642845408247083961e-04 1.789549033643521758e-04 1.536360532604984707e-03 1.871657754010695122e-03 2.244235893870930310e-01 3.145643284051588399e-04 2.661596958174904798e-02 0.000000000000000000e+00 2.767646427805191961e-02 0.000000000000000000e+00 1.552841851349314080e-02 2.069964810598219770e-04 1.714508377711390988e-02 1.173892627954296365e-03 3.986710963455149075e-03 2.026108240413380598e-02 8.318847777501862939e-02 6.197706848466067895e-04 3.951440133301594576e-02 8.529997156667614312e-04 3.513927932532583814e-02 0.000000000000000000e+00 3.901170351105331686e-03 2.397036391370668904e-03 4.592211609110948001e-02 0.000000000000000000e+00 0.000000000000000000e+00 0.000000000000000000e+00 4.308160162189558773e-03 0.000000000000000000e+00 0.000000000000000000e+00 0.000000000000000000e+00 9.549415909512330367e-03 0.000000000000000000e+00 0.000000000000000000e+00 0.000000000000000000e+00 4.946122593181417025e-03 3.629764065335752926e-04 4.441976679622432374e-03 0.000000000000000000e+00 0.000000000000000000e+00 4.761904761904762334e-03 0.000000000000000000e+00 2.086230876216968021e-03 4.184100418410041482e-03 3.802281368821292754e-03 6.521739130434782254e-03 0.000000000000000000e+00 0.000000000000000000e+00 2.429543245869776353e-04 2.245298905416783820e-03 0.000000000000000000e+00 2.038735983690112292e-03 0.000000000000000000e+00 1.381215469613259611e-03 0.000000000000000000e+00 0.000000000000000000e+00 0.000000000000000000e+00 0.000000000000000000e+00 0.000000000000000000e+00 0.000000000000000000e+00 0.000000000000000000e+00 0.000000000000000000e+00
6.788421778084080538e-02 1.263496439237307570e-03 0.000000000000000000e+00 4.602301150575287964e-03 1.209837366124553726e-01 6.157189424121694774e-03 2.253879079721776424e-01 1.272264631043256919e-02 7.124895222129085971e-03 8.888888888888888881e-03 8.323281061519903490e-02 8.185538881309685835e-04 9.001009081735621142e-02 7.417528791723599496e-03 4.330708661417322775e-02 2.504696305572949155e-03 1.903877408869282528e-02 8.454872120059183727e-04 1.545736663218560680e-01 3.540471248931754446e-03 0.000000000000000000e+00 0.000000000000000000e+00 3.061369279886484440e-01 2.472187886279357018e-03 6.355932203389830920e-03 7.225433526011560553e-03 5.167958656330749571e-03 0.000000000000000000e+00 3.022370299857210854e-02 8.695652173913043801e-04 3.504199247031566933e-02 1.402757964812173172e-02 1.235311840915938493e-02 3.475842891901286154e-03 4.608294930875576033e-04 0.000000000000000000e+00 5.518650996423096755e-02 1.023890784982935164e-03 0.000000000000000000e+00 0.000000000000000000e+00 0.000000000000000000e+00 0.000000000000000000e+00 0.000000000000000000e+00 0.000000000000000000e+00 2.600633197648122893e-03 0.000000000000000000e+00 0.000000000000000000e+00 0.000000000000000000e+00 3.789224393132030726e-03 0.000000000000000000e+00 4.087889626980071960e-03 0.000000000000000000e+00 0.000000000000000000e+00 0.000000000000000000e+00 1.252684323550465285e-03 0.000000000000000000e+00 2.005347593582887909e-03 1.158614297300428718e-04 5.033029254482541438e-03 9.749439407234083846e-05 1.445347786811201516e-03 0.000000000000000000e+00 8.244023083264633315e-04 0.000000000000000000e+00 2.690954253777685674e-03 0.000000000000000000e+00 6.808577242134919438e-03 1.107419712070874924e-04 7.342942616263258178e-03 2.483238142537869553e-04 4.756740006197706511e-02 1.190192811235420058e-03 6.880864373045209037e-02 1.916687963199591085e-03 6.564551422319474597e-03 0.000000000000000000e+00 9.522771845718021322e-02 2.939015429831006408e-03 0.000000000000000000e+00 0.000000000000000000e+00 1.431229426077000079e-03 0.000000000000000000e+00 1.533742331288343594e-03 0.000000000000000000e+00 2.141536065414192599e-03 0.000000000000000000e+00 0.000000000000000000e+00 0.000000000000000000e+00 1.506875117724618650e-03 0.000000000000000000e+00 7.259528130671505852e-04 1.110494169905608093e-03 0.000000000000000000e+00 0.000000000000000000e+00 3.333333333333333287e-02 0.000000000000000000e+00 0.000000000000000000e+00 0.000000000000000000e+00 9.505703422053231886e-04 0.000000000000000000e+00 0.000000000000000000e+00 0.000000000000000000e+00 4.859086491739552705e-04 5.613247263541959551e-04 2.026342451874366905e-03 0.000000000000000000e+00 0.000000000000000000e+00 0.000000000000000000e+00 0.000000000000000000e+00 0.000000000000000000e+00 0.000000000000000000e+00 0.000000000000000000e+00 0.000000000000000000e+00 0.000000000000000000e+00 0.000000000000000000e+00 0.000000000000000000e+00
3.901950975487743917e-03 7.713856928464232765e-02 4.602301150575287964e-03 0.000000000000000000e+00 3.966679888932962694e-03 1.093806591814559942e-01 9.095773140716960359e-03 1.596995032109535806e-01 8.382229673093042829e-04 2.412698412698412870e-02 5.629272215520707452e-03 6.166439290586630401e-02 6.054490413723511225e-03 3.084130392348233621e-02 1.687289088863891959e-03 4.633688165309956392e-02 2.089621546319944418e-03 3.656732191925596981e-02 5.024383035318456814e-03 2.054694176535221684e-01 0.000000000000000000e+00 0.000000000000000000e+00 1.472153245831855223e-02 2.857849196538936876e-01 1.412429378531073441e-03 5.057803468208092734e-02 3.691399040236249384e-04 3.546099290780141758e-03 2.141837220371251797e-03 3.673913043478260754e-02 3.069794381697074984e-02 1.894912030432715222e-01 4.519433564326604327e-03 1.645232302166608693e-02 4.608294930875576033e-04 1.319261213720316576e-03 1.532958610117526876e-03 4.266211604095563464e-02 0.000000000000000000e+00 1.079330814894765254e-03 0.000000000000000000e+00 0.000000000000000000e+00 0.000000000000000000e+00 1.198753296571565530e-04 0.000000000000000000e+00 2.171081198436821606e-04 0.000000000000000000e+00 1.868809568304989740e-04 1.184132622853759602e-04 1.774098166765227707e-03 8.516436722875149012e-05 2.768504193469587329e-03 0.000000000000000000e+00 3.285690816494167923e-04 0.000000000000000000e+00 0.000000000000000000e+00 1.336898395721925164e-04 1.274475727030471503e-02 3.145643284051588399e-04 9.359461830944720492e-03 5.420054200542005415e-04 2.360008581849388359e-03 3.297609233305853435e-04 1.055329413538368729e-03 0.000000000000000000e+00 1.948304974672035233e-03 3.130380341211457082e-04 1.428571428571428527e-02 0.000000000000000000e+00 8.939657313136329525e-03 1.394484040904865304e-03 4.927398238514639484e-02 3.127665624111458653e-03 9.685663174035266665e-02 0.000000000000000000e+00 1.105331599479843913e-02 3.704510786663761310e-03 1.223365172667156553e-01 0.000000000000000000e+00 0.000000000000000000e+00 0.000000000000000000e+00 2.534211860111505212e-03 0.000000000000000000e+00 0.000000000000000000e+00 0.000000000000000000e+00 1.297978861487112962e-03 0.000000000000000000e+00 0.000000000000000000e+00 0.000000000000000000e+00 1.059883412824589363e-03 3.629764065335752926e-04 7.773459189339256004e-03 3.593244699964067606e-04 1.782531194295900075e-03 9.523809523809524669e-03 0.000000000000000000e+00 1.390820584144645275e-03 4.184100418410041482e-03 2.851711026615969674e-03 6.521739130434782254e-03 0.000000000000000000e+00 2.267573696145124777e-03 2.429543245869776353e-04 1.964636542239685518e-03 1.013171225937183452e-03 2.038735983690112292e-03 0.000000000000000000e+00 0.000000000000000000e+00 0.000000000000000000e+00 0.000000000000000000e+00 0.000000000000000000e+00 0.000000000000000000e+00 0.000000000000000000e+00 0.000000000000000000e+00 0.000000000000000000e+00 0.000000000000000000e+00
0.000000000000000000e+00 0.000000000000000000e+00 1.209837366124553726e-01 3.966679888932962694e-03 0.000000000000000000e+00 2.535313292285403756e-03 5.082932049224183832e-03 1.211680600993578119e-04 3.172673931265716507e-01 3.809523809523809521e-03 0.000000000000000000e+00 0.000000000000000000e+00 6.054490413723511658e-04 0.000000000000000000e+00 8.492688413948255854e-02 3.130870381966186443e-04 0.000000000000000000e+00 0.000000000000000000e+00 1.034431801389094126e-03 1.220852154804053229e-04 6.657789613848202849e-04 0.000000000000000000e+00 3.387726144022703417e-02 1.236093943139678509e-03 1.419491525423728917e-01 1.011560693641618512e-02 1.912144702842377142e-01 3.546099290780141758e-03 1.665873393622084803e-03 0.000000000000000000e+00 9.846510280915146338e-03 2.377555872563005303e-03 4.519433564326604653e-04 0.000000000000000000e+00 0.000000000000000000e+00 0.000000000000000000e+00 1.021972406745017990e-03 0.000000000000000000e+00 0.000000000000000000e+00 0.000000000000000000e+00 0.000000000000000000e+00 0.000000000000000000e+00 1.250000000000000026e-04 0.000000000000000000e+00 2.261420171867933068e-04 0.000000000000000000e+00 1.905124785673461738e-04 0.000000000000000000e+00 0.000000000000000000e+00 0.000000000000000000e+00 0.000000000000000000e+00 0.000000000000000000e+00 0.000000000000000000e+00 0.000000000000000000e+00 0.000000000000000000e+00 0.000000000000000000e+00 0.000000000000000000e+00 0.000000000000000000e+00 0.000000000000000000e+00 0.000000000000000000e+00 0.000000000000000000e+00 0.000000000000000000e+00 1.648804616652926717e-04 0.000000000000000000e+00 0.000000000000000000e+00 0.000000000000000000e+00 1.565190170605728541e-04 0.000000000000000000e+00 0.000000000000000000e+00 0.000000000000000000e+00 7.282305546947629750e-03 2.380385622470840279e-04 2.459482513505828818e-02 0.000000000000000000e+00 4.376367614879649731e-03 0.000000000000000000e+00 1.525386794508607445e-03 0.000000000000000000e+00 0.000000000000000000e+00 0.000000000000000000e+00 0.000000000000000000e+00 0.000000000000000000e+00 0.000000000000000000e+00 0.000000000000000000e+00 7.787403874233427437e-04 0.000000000000000000e+00 0.000000000000000000e+00 0.000000000000000000e+00 1.883593897155773312e-04 0.000000000000000000e+00 0.000000000000000000e+00 0.000000000000000000e+00 0.000000000000000000e+00 0.000000000000000000e+00 0.000000000000000000e+00 0.000000000000000000e+00 0.000000000000000000e+00 0.000000000000000000e+00 0.000000000000000000e+00 0.000000000000000000e+00 0.000000000000000000e+00 0.000000000000000000e+00 0.000000000000000000e+00 0.000000000000000000e+00 0.000000000000000000e+00 0.000000000000000000e+00 0.000000000000000000e+00 0.000000000000000000e+00 0.000000000000000000e+00 0.000000000000000000e+00 0.000000000000000000e+00 0.000000000000000000e+00 0.000000000000000000e+00 0.000000000000000000e+00 0.000000000000000000e+00 0.000000000000000000e+00
0.000000000000000000e+00 0.000000000000000000e+00 6.157189424121694774e-03 1.093806591814559942e-01 2.535313292285403756e-03 0.000000000000000000e+00 2.675227394328517721e-04 7.270083605961468170e-04 0.000000000000000000e+00 3.307936507936508064e-01 0.000000000000000000e+00 2.728512960436562306e-04 4.036326942482341106e-04 3.903962521959789380e-04 0.000000000000000000e+00 7.357545397620537941e-02 0.000000000000000000e+00 0.000000000000000000e+00 0.000000000000000000e+00 4.883408619216212916e-04 7.989347536617842985e-03 2.857142857142857140e-03 3.547357218871940217e-03 9.789864029666255074e-02 4.237288135593220324e-03 1.604046242774566366e-01 1.476559616094499754e-03 2.319148936170212782e-01 0.000000000000000000e+00 1.782608695652173822e-02 8.977700550246162786e-03 3.423680456490727636e-02 0.000000000000000000e+00 2.896535743251071795e-03 0.000000000000000000e+00 0.000000000000000000e+00 0.000000000000000000e+00 0.000000000000000000e+00 0.000000000000000000e+00 0.000000000000000000e+00 0.000000000000000000e+00 0.000000000000000000e+00 0.000000000000000000e+00 0.000000000000000000e+00 0.000000000000000000e+00 0.000000000000000000e+00 0.000000000000000000e+00 1.868809568304989740e-04 0.000000000000000000e+00 0.000000000000000000e+00 0.000000000000000000e+00 0.000000000000000000e+00 0.000000000000000000e+00 1.642845408247083961e-04 0.000000000000000000e+00 1.707067258449982978e-04 0.000000000000000000e+00 0.000000000000000000e+00 0.000000000000000000e+00 9.749439407234083846e-05 0.000000000000000000e+00 0.000000000000000000e+00 0.000000000000000000e+00 0.000000000000000000e+00 0.000000000000000000e+00 0.000000000000000000e+00 7.825950853028642705e-05 0.000000000000000000e+00 0.000000000000000000e+00 0.000000000000000000e+00 4.648280136349550650e-04 2.570816472268507361e-02 1.421666192777935628e-04 4.561717352415026877e-02 0.000000000000000000e+00 7.152145643693107874e-03 0.000000000000000000e+00 2.020573108008817068e-03 0.000000000000000000e+00 0.000000000000000000e+00 0.000000000000000000e+00 0.000000000000000000e+00 0.000000000000000000e+00 0.000000000000000000e+00 0.000000000000000000e+00 2.781383274615241907e-04 0.000000000000000000e+00 0.000000000000000000e+00 0.000000000000000000e+00 5.299417064122946813e-04 0.000000000000000000e+00 0.000000000000000000e+00 0.000000000000000000e+00 0.000000000000000000e+00 0.000000000000000000e+00 0.000000000000000000e+00 0.000000000000000000e+00 0.000000000000000000e+00 0.000000000000000000e+00 0.000000000000000000e+00 0.000000000000000000e+00 0.000000000000000000e+00 0.000000000000000000e+00 0.000000000000000000e+00 0.000000000000000000e+00 0.000000000000000000e+00 0.000000000000000000e+00 0.000000000000000000e+00 0.000000000000000000e+00 0.000000000000000000e+00 0.000000000000000000e+00 0.000000000000000000e+00 0.000000000000000000e+00 0.000000000000000000e+00 0.000000000000000000e+00 0.000000000000000000e+00
1.140984483681112827e-01 1.872659176029962567e-03 2.253879079721776424e-01 9.095773140716960359e-03 5.082932049224183832e-03 2.675227394328517721e-04 0.000000000000000000e+00 1.950805767599660817e-02 1.802179379715004165e-02 3.174603174603174600e-03 7.840772014475271001e-02 4.365620736698499690e-03 3.551967709384460381e-01 4.684755026351746822e-03 3.149606299212598381e-02 1.565435190983093276e-03 2.553981889946598492e-03 6.341154090044388066e-04 2.763410669425151595e-02 8.912220730069588329e-03 0.000000000000000000e+00 0.000000000000000000e+00 5.143667967364313857e-03 4.944375772558714036e-03 0.000000000000000000e+00 2.890173410404624135e-03 3.691399040236249384e-04 0.000000000000000000e+00 7.139457401237505989e-03 1.304347826086956624e-03 4.923255140457573169e-03 1.117451260104612536e-02 7.532389273877674240e-04 5.561348627042057846e-03 4.608294930875576033e-04 0.000000000000000000e+00 6.642820643842616175e-03 3.412969283276450546e-04 0.000000000000000000e+00 0.000000000000000000e+00 0.000000000000000000e+00 0.000000000000000000e+00 2.500000000000000052e-04 0.000000000000000000e+00 2.713704206241519465e-03 0.000000000000000000e+00 5.715374357020384672e-04 0.000000000000000000e+00 4.499703966844286786e-03 8.448086508405845576e-05 1.609606540623403220e-02 0.000000000000000000e+00 4.415897230028100959e-03 0.000000000000000000e+00 7.695060844667143615e-03 0.000000000000000000e+00 3.475935828877005536e-03 1.158614297300428718e-04 3.669917164726853222e-03 2.924831822170225154e-04 1.120144534778681061e-02 0.000000000000000000e+00 1.170651277823577842e-02 0.000000000000000000e+00 2.090664458704202117e-02 0.000000000000000000e+00 2.269525747378306479e-03 4.429678848283499695e-04 1.223823769377209696e-03 4.966476285075739107e-04 7.111868608614813070e-02 0.000000000000000000e+00 3.269832243389252102e-02 1.788908765652951708e-03 1.458789204959883316e-03 0.000000000000000000e+00 5.774678579211157264e-02 5.878030859662012816e-03 1.564945226917057938e-03 0.000000000000000000e+00 1.202232717904680101e-02 0.000000000000000000e+00 3.067484662576687188e-03 0.000000000000000000e+00 2.238878613842110524e-02 0.000000000000000000e+00 0.000000000000000000e+00 0.000000000000000000e+00 1.431531361838387674e-02 0.000000000000000000e+00 0.000000000000000000e+00 5.552470849528040467e-04 0.000000000000000000e+00 0.000000000000000000e+00 4.761904761904762334e-03 0.000000000000000000e+00 0.000000000000000000e+00 0.000000000000000000e+00 0.000000000000000000e+00 0.000000000000000000e+00 5.803830528148578097e-04 0.000000000000000000e+00 4.859086491739552705e-04 5.613247263541959551e-04 1.013171225937183452e-03 0.000000000000000000e+00 0.000000000000000000e+00 0.000000000000000000e+00 0.000000000000000000e+00 0.000000000000000000e+00 0.000000000000000000e+00 0.000000000000000000e+00 0.000000000000000000e+00 0.000000000000000000e+00 0.000000000000000000e+00 0.000000000000000000e+00
3.635041802980734302e-03 1.194717072579667971e-01 1.272264631043256919e-02 1.596995032109535806e-01 1.211680600993578119e-04 7.270083605961468170e-04 1.950805767599660817e-02 0.000000000000000000e+00 0.000000000000000000e+00 1.409523809523809401e-01 6.433453960595094355e-03 1.945429740791268791e-01 5.045408678102926599e-03 3.378879562756197386e-01 0.000000000000000000e+00 1.020663744520976801e-01 2.553981889946598492e-03 1.627562883111392800e-02 4.137727205556376506e-03 1.538273715053107074e-02 0.000000000000000000e+00 0.000000000000000000e+00 1.933309684285207386e-02 5.686032138442521922e-03 7.062146892655367207e-04 0.000000000000000000e+00 0.000000000000000000e+00 0.000000000000000000e+00 2.379819133745835185e-03 2.217391304347825914e-02 1.824500434404865284e-02 9.034712315739419283e-03 1.205182283820427835e-03 1.853782875680685949e-03 0.000000000000000000e+00 0.000000000000000000e+00 5.109862033725089299e-03 9.215017064846417125e-03 0.000000000000000000e+00 1.618996222342147882e-03 0.000000000000000000e+00 0.000000000000000000e+00 0.000000000000000000e+00 0.000000000000000000e+00 0.000000000000000000e+00 8.684324793747286424e-04 0.000000000000000000e+00 1.868809568304989740e-04 0.000000000000000000e+00 3.463715468446396713e-03 2.554931016862544975e-04 7.572673235078576648e-03 0.000000000000000000e+00 1.314276326597667169e-03 0.000000000000000000e+00 2.048480710139979465e-03 2.673796791443850329e-04 6.488240064882400820e-03 0.000000000000000000e+00 6.337135614702154446e-03 0.000000000000000000e+00 1.652006007294571852e-02 0.000000000000000000e+00 3.015226895823910902e-03 4.139929621196439540e-04 1.389790881932718471e-02 1.565190170605728541e-04 4.872646733111849447e-03 1.359804188196899572e-04 2.234914328284082381e-03 1.549426712116516811e-03 5.355867650559390652e-02 1.705999431333522862e-03 5.903398926654740420e-02 0.000000000000000000e+00 7.802340702210663372e-03 8.498583569405099986e-03 8.468038207200587197e-02 0.000000000000000000e+00 8.064516129032257841e-03 0.000000000000000000e+00 5.575266092245311812e-03 0.000000000000000000e+00 0.000000000000000000e+00 0.000000000000000000e+00 1.121824587428147529e-02 0.000000000000000000e+00 2.068252326783867785e-03 0.000000000000000000e+00 2.826355767532238300e-03 3.629764065335752926e-04 3.886729594669628002e-03 0.000000000000000000e+00 0.000000000000000000e+00 1.428571428571428527e-02 2.702702702702702853e-02 6.954102920723226377e-04 0.000000000000000000e+00 1.901140684410646377e-03 2.173913043478260896e-03 0.000000000000000000e+00 0.000000000000000000e+00 4.859086491739552705e-04 1.964636542239685518e-03 1.013171225937183452e-03 0.000000000000000000e+00 0.000000000000000000e+00 0.000000000000000000e+00 0.000000000000000000e+00 0.000000000000000000e+00 0.000000000000000000e+00 0.000000000000000000e+00 0.000000000000000000e+00 0.000000000000000000e+00 0.000000000000000000e+00 0.000000000000000000e+00
4.191114836546521415e-04 0.000000000000000000e+00 7.124895222129085971e-03 8.382229673093042829e-04 3.172673931265716507e-01 0.000000000000000000e+00 1.802179379715004165e-02 0.000000000000000000e+00 0.000000000000000000e+00 0.000000000000000000e+00 0.000000000000000000e+00 0.000000000000000000e+00 5.428859737638748462e-02 0.000000000000000000e+00 4.724409448818897572e-01 0.000000000000000000e+00 0.000000000000000000e+00 0.000000000000000000e+00 0.000000000000000000e+00 0.000000000000000000e+00 6.657789613848202849e-04 0.000000000000000000e+00 3.547357218871940217e-04 0.000000000000000000e+00 3.813559322033898552e-02 0.000000000000000000e+00 4.946474713916574478e-02 0.000000000000000000e+00 6.425511661113754956e-03 0.000000000000000000e+00 0.000000000000000000e+00 4.755111745126010606e-04 1.506477854775534794e-04 0.000000000000000000e+00 0.000000000000000000e+00 0.000000000000000000e+00 5.109862033725089949e-04 0.000000000000000000e+00 8.333333333333333868e-04 0.000000000000000000e+00 0.000000000000000000e+00 0.000000000000000000e+00 0.000000000000000000e+00 0.000000000000000000e+00 1.130710085933966534e-04 0.000000000000000000e+00 3.810249571346923476e-04 0.000000000000000000e+00 1.184132622853759602e-04 0.000000000000000000e+00 2.554931016862544975e-04 8.142659392557609474e-05 0.000000000000000000e+00 0.000000000000000000e+00 1.789549033643521758e-04 0.000000000000000000e+00 1.336898395721925164e-04 0.000000000000000000e+00 0.000000000000000000e+00 0.000000000000000000e+00 1.806684733514001895e-04 0.000000000000000000e+00 0.000000000000000000e+00 0.000000000000000000e+00 2.069964810598219770e-04 0.000000000000000000e+00 0.000000000000000000e+00 0.000000000000000000e+00 1.359804188196899572e-04 0.000000000000000000e+00 2.324140068174775434e-03 0.000000000000000000e+00 2.544782485072505027e-02 1.277791975466394038e-04 5.835156819839533264e-03 0.000000000000000000e+00 8.716495968620614591e-04 0.000000000000000000e+00 0.000000000000000000e+00 0.000000000000000000e+00 1.431229426077000133e-04 0.000000000000000000e+00 0.000000000000000000e+00 0.000000000000000000e+00 5.840552905675070036e-04 0.000000000000000000e+00 1.062699256110520660e-03 0.000000000000000000e+00 1.130156338293463987e-03 0.000000000000000000e+00 0.000000000000000000e+00 0.000000000000000000e+00 0.000000000000000000e+00 0.000000000000000000e+00 0.000000000000000000e+00 0.000000000000000000e+00 0.000000000000000000e+00 0.000000000000000000e+00 0.000000000000000000e+00 0.000000000000000000e+00 0.000000000000000000e+00 0.000000000000000000e+00 0.000000000000000000e+00 0.000000000000000000e+00 0.000000000000000000e+00 0.000000000000000000e+00 0.000000000000000000e+00 0.000000000000000000e+00 0.000000000000000000e+00 0.000000000000000000e+00 0.000000000000000000e+00 0.000000000000000000e+00 0.000000000000000000e+00 0.000000000000000000e+00 0.000000000000000000e+00 0.000000000000000000e+00
0.000000000000000000e+00 4.444444444444444441e-03 8.888888888888888881e-03 2.412698412698412870e-02 3.809523809523809521e-03 3.307936507936508064e-01 3.174603174603174600e-03 1.409523809523809401e-01 0.000000000000000000e+00 0.000000000000000000e+00 0.000000000000000000e+00 1.091405184174624923e-03 4.036326942482341106e-04 2.147179387077883996e-03 0.000000000000000000e+00 1.036318096430807745e-01 0.000000000000000000e+00 4.227436060029591863e-04 0.000000000000000000e+00 6.104260774020265875e-04 0.000000000000000000e+00 0.000000000000000000e+00 3.724725079815537337e-03 7.416563658838071270e-04 2.118644067796610162e-03 0.000000000000000000e+00 3.691399040236249384e-04 2.765957446808510467e-02 0.000000000000000000e+00 5.869565217391303942e-03 6.371271358239212132e-03 3.566333808844507954e-03 0.000000000000000000e+00 3.475842891901286154e-04 0.000000000000000000e+00 0.000000000000000000e+00 0.000000000000000000e+00 1.023890784982935164e-03 0.000000000000000000e+00 0.000000000000000000e+00 0.000000000000000000e+00 0.000000000000000000e+00 0.000000000000000000e+00 0.000000000000000000e+00 0.000000000000000000e+00 0.000000000000000000e+00 0.000000000000000000e+00 0.000000000000000000e+00 0.000000000000000000e+00 0.000000000000000000e+00 0.000000000000000000e+00 3.257063757023043789e-04 0.000000000000000000e+00 1.642845408247083961e-04 0.000000000000000000e+00 0.000000000000000000e+00 0.000000000000000000e+00 3.475842891901286154e-04 0.000000000000000000e+00 6.824607585063859234e-04 0.000000000000000000e+00 4.290924694271615347e-04 0.000000000000000000e+00 3.015226895823910577e-04 0.000000000000000000e+00 1.039095986491752081e-03 0.000000000000000000e+00 1.107419712070874924e-04 0.000000000000000000e+00 0.000000000000000000e+00 0.000000000000000000e+00 9.997619614377529010e-03 0.000000000000000000e+00 1.942243802708918873e-02 0.000000000000000000e+00 1.950585175552665843e-03 2.179123992155153648e-04 3.673769287288758227e-03 0.000000000000000000e+00 0.000000000000000000e+00 0.000000000000000000e+00 1.013684744044602128e-03 0.000000000000000000e+00 0.000000000000000000e+00 0.000000000000000000e+00 1.019840534025588663e-03 0.000000000000000000e+00 1.034126163391933893e-03 0.000000000000000000e+00 1.059883412824589363e-03 0.000000000000000000e+00 0.000000000000000000e+00 0.000000000000000000e+00 0.000000000000000000e+00 0.000000000000000000e+00 0.000000000000000000e+00 0.000000000000000000e+00 0.000000000000000000e+00 9.505703422053231886e-04 0.000000000000000000e+00 0.000000000000000000e+00 0.000000000000000000e+00 0.000000000000000000e+00 2.806623631770979775e-04 0.000000000000000000e+00 0.000000000000000000e+00 0.000000000000000000e+00 0.000000000000000000e+00 0.000000000000000000e+00 0.000000000000000000e+00 0.000000000000000000e+00 0.000000000000000000e+00 0.000000000000000000e+00 0.000000000000000000e+00 0.000000000000000000e+00 0.000000000000000000e+00
1.934057096903900319e-01 2.010454362685966823e-03 8.323281061519903490e-02 5.629272215520707452e-03 0.000000000000000000e+00 0.000000000000000000e+00 7.840772014475271001e-02 6.433453960595094355e-03 0.000000000000000000e+00 0.000000000000000000e+00 0.000000000000000000e+00 2.728512960436562306e-04 6.397578203834509980e-02 7.807925043919578759e-04 1.124859392575928117e-03 0.000000000000000000e+00 7.661945669839795303e-02 0.000000000000000000e+00 2.526969114821929832e-02 1.709193016725674575e-03 0.000000000000000000e+00 0.000000000000000000e+00 6.385242993969492825e-03 1.483312731767614254e-03 0.000000000000000000e+00 0.000000000000000000e+00 0.000000000000000000e+00 0.000000000000000000e+00 5.544978581627796332e-02 2.173913043478260950e-04 3.764842166232261911e-03 2.139800285306704773e-03 3.163603495028623203e-03 1.737921445950643077e-03 9.216589861751152066e-04 0.000000000000000000e+00 0.000000000000000000e+00 0.000000000000000000e+00 0.000000000000000000e+00 0.000000000000000000e+00 0.000000000000000000e+00 0.000000000000000000e+00 1.250000000000000026e-04 0.000000000000000000e+00 5.653550429669832941e-04 0.000000000000000000e+00 0.000000000000000000e+00 0.000000000000000000e+00 7.104795737122557341e-04 0.000000000000000000e+00 2.043944813490035980e-03 0.000000000000000000e+00 0.000000000000000000e+00 0.000000000000000000e+00 3.579098067287043517e-04 0.000000000000000000e+00 5.213903743315507870e-03 0.000000000000000000e+00 6.291286568103176798e-04 0.000000000000000000e+00 6.323396567299006607e-03 0.000000000000000000e+00 5.111294311624072634e-03 0.000000000000000000e+00 7.658869799213413772e-03 0.000000000000000000e+00 2.582563781499452350e-03 1.107419712070874924e-04 6.799020940984498674e-04 0.000000000000000000e+00 8.521846916640842678e-03 0.000000000000000000e+00 3.411998862667045725e-03 1.277791975466394038e-04 0.000000000000000000e+00 0.000000000000000000e+00 1.525386794508607445e-03 9.184423218221895568e-04 0.000000000000000000e+00 0.000000000000000000e+00 5.009302991269500710e-03 0.000000000000000000e+00 0.000000000000000000e+00 0.000000000000000000e+00 3.212304098121288899e-03 0.000000000000000000e+00 0.000000000000000000e+00 0.000000000000000000e+00 1.695234507440195873e-03 0.000000000000000000e+00 0.000000000000000000e+00 0.000000000000000000e+00 0.000000000000000000e+00 0.000000000000000000e+00 0.000000000000000000e+00 0.000000000000000000e+00 0.000000000000000000e+00 0.000000000000000000e+00 0.000000000000000000e+00 0.000000000000000000e+00 0.000000000000000000e+00 0.000000000000000000e+00 0.000000000000000000e+00 0.000000000000000000e+00 0.000000000000000000e+00 0.000000000000000000e+00 0.000000000000000000e+00 0.000000000000000000e+00 0.000000000000000000e+00 0.000000000000000000e+00 0.000000000000000000e+00 0.000000000000000000e+00 0.000000000000000000e+00 0.000000000000000000e+00 0.000000000000000000e+00 0.000000000000000000e+00
2.728512960436562306e-04 4.802182810368349486e-02 8.185538881309685835e-04 6.166439290586630401e-02 0.000000000000000000e+00 2.728512960436562306e-04 4.365620736698499690e-03 1.945429740791268791e-01 0.000000000000000000e+00 1.091405184174624923e-03 2.728512960436562306e-04 0.000000000000000000e+00 2.018163471241170553e-04 2.008588717548311642e-01 0.000000000000000000e+00 1.972448340638697714e-02 2.321801718133271455e-04 3.825829634326780720e-02 2.955519432540268778e-04 1.782444146013917666e-02 0.000000000000000000e+00 0.000000000000000000e+00 1.241575026605179185e-03 8.405438813349814034e-03 0.000000000000000000e+00 0.000000000000000000e+00 0.000000000000000000e+00 0.000000000000000000e+00 7.139457401237505989e-04 1.206521739130434756e-01 2.316825948450622515e-03 1.188777936281502651e-03 0.000000000000000000e+00 1.853782875680685949e-03 0.000000000000000000e+00 0.000000000000000000e+00 5.109862033725089949e-04 0.000000000000000000e+00 0.000000000000000000e+00 0.000000000000000000e+00 0.000000000000000000e+00 0.000000000000000000e+00 0.000000000000000000e+00 0.000000000000000000e+00 0.000000000000000000e+00 1.085540599218410803e-04 0.000000000000000000e+00 0.000000000000000000e+00 0.000000000000000000e+00 3.379234603362338231e-04 0.000000000000000000e+00 9.771191271069131368e-04 0.000000000000000000e+00 1.642845408247083961e-04 0.000000000000000000e+00 1.707067258449982978e-04 0.000000000000000000e+00 3.244120032441200410e-03 0.000000000000000000e+00 1.559910305157453415e-03 0.000000000000000000e+00 5.792748337266681070e-03 0.000000000000000000e+00 1.025177144580129672e-02 0.000000000000000000e+00 4.416157942589946615e-03 0.000000000000000000e+00 8.859357696566999389e-04 0.000000000000000000e+00 4.966476285075739107e-04 1.549426712116516974e-04 1.547250654606046119e-02 7.108330963889678954e-04 5.238947099412215314e-03 0.000000000000000000e+00 0.000000000000000000e+00 1.525386794508607445e-03 7.347538574577516021e-04 0.000000000000000000e+00 0.000000000000000000e+00 0.000000000000000000e+00 1.241763811454637580e-02 0.000000000000000000e+00 0.000000000000000000e+00 0.000000000000000000e+00 6.675319859076580577e-03 0.000000000000000000e+00 1.034126163391933893e-03 0.000000000000000000e+00 4.416180886769122127e-03 0.000000000000000000e+00 0.000000000000000000e+00 0.000000000000000000e+00 0.000000000000000000e+00 0.000000000000000000e+00 0.000000000000000000e+00 0.000000000000000000e+00 0.000000000000000000e+00 0.000000000000000000e+00 0.000000000000000000e+00 0.000000000000000000e+00 0.000000000000000000e+00 0.000000000000000000e+00 0.000000000000000000e+00 0.000000000000000000e+00 0.000000000000000000e+00 0.000000000000000000e+00 0.000000000000000000e+00 0.000000000000000000e+00 0.000000000000000000e+00 0.000000000000000000e+00 0.000000000000000000e+00 0.000000000000000000e+00 0.000000000000000000e+00 0.000000000000000000e+00 0.000000000000000000e+00
3.794147325933400899e-02 0.000000000000000000e+00 9.001009081735621142e-02 6.054490413723511225e-03 6.054490413723511658e-04 4.036326942482341106e-04 3.551967709384460381e-01 5.045408678102926599e-03 5.428859737638748462e-02 4.036326942482341106e-04 6.397578203834509980e-02 2.018163471241170553e-04 0.000000000000000000e+00 2.342377513175873411e-03 2.109111361079865077e-01 6.261740763932372887e-04 4.643603436266542477e-03 0.000000000000000000e+00 6.354366779961578143e-03 7.325112928824319917e-04 0.000000000000000000e+00 0.000000000000000000e+00 1.507626818020574647e-02 2.719406674907292980e-03 0.000000000000000000e+00 0.000000000000000000e+00 0.000000000000000000e+00 0.000000000000000000e+00 1.230366492146596907e-01 4.347826086956521900e-04 2.027222704894294809e-03 2.615311459819305833e-03 2.109068996685748657e-03 1.390337156760514462e-03 0.000000000000000000e+00 0.000000000000000000e+00 5.109862033725089949e-04 0.000000000000000000e+00 0.000000000000000000e+00 0.000000000000000000e+00 0.000000000000000000e+00 0.000000000000000000e+00 0.000000000000000000e+00 0.000000000000000000e+00 0.000000000000000000e+00 0.000000000000000000e+00 1.905124785673461738e-04 0.000000000000000000e+00 1.184132622853759602e-04 0.000000000000000000e+00 2.980752853006302019e-03 0.000000000000000000e+00 4.014452027298273944e-04 0.000000000000000000e+00 8.947745168217609334e-04 0.000000000000000000e+00 4.144385026737968172e-03 0.000000000000000000e+00 4.194191045402118046e-04 0.000000000000000000e+00 5.781391147244806065e-03 0.000000000000000000e+00 5.441055234954657489e-03 0.000000000000000000e+00 1.511074311736700440e-02 0.000000000000000000e+00 8.608545938331507111e-04 0.000000000000000000e+00 5.439216752787598289e-04 0.000000000000000000e+00 1.812829253176324873e-02 0.000000000000000000e+00 2.217799260733579678e-02 7.666751852798364773e-04 1.458789204959883316e-03 0.000000000000000000e+00 9.806057964698191090e-03 7.347538574577516021e-04 1.564945226917057938e-03 0.000000000000000000e+00 1.116358952340060044e-02 0.000000000000000000e+00 0.000000000000000000e+00 0.000000000000000000e+00 1.148642071449430466e-02 0.000000000000000000e+00 2.125398512221041321e-03 0.000000000000000000e+00 6.404219250329628611e-03 0.000000000000000000e+00 0.000000000000000000e+00 0.000000000000000000e+00 0.000000000000000000e+00 0.000000000000000000e+00 0.000000000000000000e+00 0.000000000000000000e+00 0.000000000000000000e+00 0.000000000000000000e+00 0.000000000000000000e+00 0.000000000000000000e+00 0.000000000000000000e+00 0.000000000000000000e+00 0.000000000000000000e+00 0.000000000000000000e+00 0.000000000000000000e+00 0.000000000000000000e+00 0.000000000000000000e+00 0.000000000000000000e+00 0.000000000000000000e+00 0.000000000000000000e+00 0.000000000000000000e+00 0.000000000000000000e+00 0.000000000000000000e+00 0.000000000000000000e+00 0.000000000000000000e+00 0.000000000000000000e+00
