0.000000000000000000e+00 1.362220128976161099e-02 4.453665283540802350e-02 3.393890996206827635e-03 5.053057099545225266e-04 0.000000000000000000e+00 1.584197144533542045e-01 4.527762332194772837e-03 2.280130293159609006e-03 0.000000000000000000e+00 2.272825383121087894e-01 2.171814671814671811e-03 3.067575577949021789e-02 2.843062926459438938e-04 2.668801708033093252e-03 0.000000000000000000e+00 5.786002978089768017e-02 1.445086705202312067e-03 4.123083172539859786e-02 2.462380300957592305e-02 0.000000000000000000e+00 0.000000000000000000e+00 1.208094231350045292e-03 1.719690455717970748e-04 0.000000000000000000e+00 0.000000000000000000e+00 0.000000000000000000e+00 0.000000000000000000e+00 1.985331310065756305e-02 7.728828530418460543e-04 0.000000000000000000e+00 1.698658060132495254e-04 6.296581855564122032e-03 8.712224339776749454e-03 8.456659619450316613e-04 0.000000000000000000e+00 3.788941902890822361e-02 2.656042496679946797e-04 0.000000000000000000e+00 0.000000000000000000e+00 1.739130434782608760e-03 0.000000000000000000e+00 3.780718336483932158e-04 0.000000000000000000e+00 4.792140888942134601e-03 8.847991505928153955e-05 0.000000000000000000e+00 0.000000000000000000e+00 7.388204795852236322e-03 0.000000000000000000e+00 1.620076238881829750e-02 0.000000000000000000e+00 2.346994042245892798e-03 0.000000000000000000e+00 1.044932079414838139e-03 0.000000000000000000e+00 3.172038045987625732e-01 1.280409731113956416e-03 2.725986884402726088e-02 2.704530087897227819e-04 4.357443043574430602e-02 0.000000000000000000e+00 1.612903225806451568e-02 0.000000000000000000e+00 1.480513825386457587e-02 0.000000000000000000e+00 1.327668613913967136e-02 9.735374811930259768e-04 7.451151939340915076e-02 3.999304468788036568e-03 7.842205323193916777e-02 0.000000000000000000e+00 4.986116141494627285e-02 7.760962359332556704e-04 0.000000000000000000e+00 0.000000000000000000e+00 5.341614906832298226e-02 1.723867732330355666e-03 1.156069364161849784e-03 0.000000000000000000e+00 3.559592488032404731e-03 0.000000000000000000e+00 6.693440428380187162e-04 0.000000000000000000e+00 9.369817578772803024e-03 0.000000000000000000e+00 0.000000000000000000e+00 0.000000000000000000e+00 5.722942265611850182e-03 1.255492780916509714e-04 2.075303883782982691e-03 4.116920543433511773e-04 2.254509018036072229e-03 0.000000000000000000e+00 3.147353361945636613e-02 3.558718861209964231e-03 1.782531194295900075e-03 0.000000000000000000e+00 2.074688796680497927e-03 0.000000000000000000e+00 1.591511936339522508e-03 0.000000000000000000e+00 2.292000916800366727e-03 7.176175098672408050e-04 3.036876355748373019e-03 0.000000000000000000e+00 1.180637544273907850e-03 0.000000000000000000e+00 0.000000000000000000e+00 0.000000000000000000e+00 0.000000000000000000e+00 0.000000000000000000e+00 0.000000000000000000e+00 0.000000000000000000e+00 0.000000000000000000e+00 0.000000000000000000e+00
1.362220128976161099e-02 0.000000000000000000e+00 4.333794375288151438e-03 5.240566979437013412e-02 0.000000000000000000e+00 0.000000000000000000e+00 2.640328574222570047e-03 1.131940583048693244e-01 0.000000000000000000e+00 2.342834830144474665e-03 4.316857327865313899e-04 1.634893822393822527e-01 0.000000000000000000e+00 2.321834723275208526e-02 0.000000000000000000e+00 1.629726205997392499e-03 1.063603488619442638e-03 7.388005780346820761e-02 2.518533563521884941e-02 7.779297765617874949e-02 0.000000000000000000e+00 0.000000000000000000e+00 3.020235578375113231e-04 1.031814273430782395e-03 0.000000000000000000e+00 0.000000000000000000e+00 0.000000000000000000e+00 0.000000000000000000e+00 1.264542235710672778e-04 3.080490228552500848e-02 5.995203836930455225e-04 1.698658060132495254e-04 1.092264199434592707e-02 1.715219166893547365e-02 0.000000000000000000e+00 0.000000000000000000e+00 0.000000000000000000e+00 7.065073041168658252e-02 0.000000000000000000e+00 4.452926208651399390e-03 0.000000000000000000e+00 3.436426116838487907e-03 0.000000000000000000e+00 4.754207473614148320e-04 0.000000000000000000e+00 1.238718810829941581e-03 0.000000000000000000e+00 6.988120195667365132e-04 1.296176279974076595e-04 2.950174825174825023e-03 7.941550190597204922e-05 1.875272568687309099e-02 0.000000000000000000e+00 3.170664460987041629e-03 0.000000000000000000e+00 1.511081262592343759e-03 1.200480192076830649e-03 3.248826291079812134e-01 9.000900090009000517e-04 2.109533468559837699e-02 3.317850033178500321e-04 3.755582622817701943e-02 2.016129032258064514e-04 1.654475792406827003e-02 0.000000000000000000e+00 3.379145126717942454e-02 1.669069114634701492e-03 1.442605540313302015e-02 2.158063575386410041e-02 1.003303773256824932e-01 2.851711026615969674e-04 4.557680812910938628e-02 7.243752263672582469e-04 3.356616220411331314e-02 0.000000000000000000e+00 8.733624454148471161e-03 1.794340924775707355e-03 6.535025858015984512e-02 0.000000000000000000e+00 1.921229586935638755e-03 0.000000000000000000e+00 7.601246105919003473e-03 0.000000000000000000e+00 0.000000000000000000e+00 0.000000000000000000e+00 1.531744857185141258e-02 0.000000000000000000e+00 0.000000000000000000e+00 0.000000000000000000e+00 1.330822347771500394e-02 2.964719833975689172e-04 1.646768217373404709e-03 5.010020040080159906e-04 1.468428781204111520e-03 2.861230329041487830e-03 4.270462633451957424e-02 1.782531194295900075e-03 0.000000000000000000e+00 6.915629322268326785e-04 0.000000000000000000e+00 5.305039787798407997e-04 2.000000000000000042e-03 6.876002750401100615e-04 2.511661284535342872e-03 8.676789587852494186e-04 4.262120404901438217e-03 0.000000000000000000e+00 0.000000000000000000e+00 1.515151515151515194e-02 0.000000000000000000e+00 0.000000000000000000e+00 2.732240437158469943e-03 0.000000000000000000e+00 0.000000000000000000e+00 0.000000000000000000e+00 6.211180124223602064e-03
4.453665283540802350e-02 4.333794375288151438e-03 0.000000000000000000e+00 4.491914553803154006e-03 1.707933299646285930e-01 9.806325079676390336e-04 2.560140817523958723e-01 7.307967273016125614e-03 1.153094462540716625e-01 4.685669660288949330e-03 3.475070148931577729e-02 3.981660231660231510e-03 8.269116775340841496e-02 2.937831690674753624e-03 4.857219108620229597e-02 4.889178617992177714e-04 7.870665815783875127e-03 1.625722543352601211e-03 1.270437696760434720e-01 7.295941632466940163e-03 1.075268817204301074e-03 0.000000000000000000e+00 1.614315916641498039e-01 7.910576096302666255e-03 4.777070063694267843e-02 1.284109149277688593e-03 6.597938144329897232e-03 2.864508736751647088e-04 3.426909458775923012e-02 6.624710168930109501e-04 2.977617905675459739e-02 1.800577543740445111e-02 8.738113595476741310e-03 7.623196297304655339e-03 8.456659619450316613e-04 4.466279589102277567e-04 2.133033960145944499e-02 0.000000000000000000e+00 5.767012687427912516e-04 0.000000000000000000e+00 6.956521739130435041e-03 0.000000000000000000e+00 2.520478890989287925e-04 0.000000000000000000e+00 9.584281777884269852e-04 0.000000000000000000e+00 0.000000000000000000e+00 0.000000000000000000e+00 1.685029163966299520e-03 0.000000000000000000e+00 2.382465057179161422e-03 0.000000000000000000e+00 1.805380032496840489e-04 0.000000000000000000e+00 2.985520226899536999e-04 0.000000000000000000e+00 5.263643919106103866e-03 1.707212974818608754e-04 2.700270027002700263e-03 0.000000000000000000e+00 1.327140013271400128e-03 0.000000000000000000e+00 1.411290322580645079e-03 0.000000000000000000e+00 1.088613106901807062e-03 0.000000000000000000e+00 5.841741901221455223e-03 4.425170369059208838e-04 6.124234470691163230e-03 3.477656059815684066e-04 3.526615969581749221e-02 5.230125523012551852e-04 9.042617409151273988e-02 1.746216530849825340e-03 0.000000000000000000e+00 2.183406113537117790e-03 8.281573498964803215e-02 1.723867732330355666e-03 0.000000000000000000e+00 0.000000000000000000e+00 2.454891371056830830e-04 0.000000000000000000e+00 0.000000000000000000e+00 0.000000000000000000e+00 1.409618573797678277e-03 0.000000000000000000e+00 0.000000000000000000e+00 0.000000000000000000e+00 1.346574650732200017e-03 0.000000000000000000e+00 1.185887933590275669e-03 4.116920543433511773e-04 1.753507014028056130e-03 7.342143906020557600e-04 3.290414878397711351e-02 1.067615658362989356e-02 1.188354129530600194e-03 0.000000000000000000e+00 2.074688796680497927e-03 0.000000000000000000e+00 5.305039787798407997e-04 0.000000000000000000e+00 3.896401558560623393e-03 7.176175098672408050e-04 8.676789587852494186e-04 5.327650506126797771e-04 1.180637544273907850e-03 1.021450459652706875e-03 0.000000000000000000e+00 0.000000000000000000e+00 0.000000000000000000e+00 1.092896174863387977e-02 0.000000000000000000e+00 0.000000000000000000e+00 0.000000000000000000e+00 0.000000000000000000e+00
3.393890996206827635e-03 5.240566979437013412e-02 4.491914553803154006e-03 0.000000000000000000e+00 5.053057099545225266e-04 9.806325079676391637e-03 9.387834930569136788e-03 2.191595837636031441e-01 1.302931596091205270e-03 3.592346739554861529e-02 3.021800129505719783e-03 3.438706563706563774e-02 2.519264967397747638e-03 2.501895375284306222e-02 2.935681878836402404e-03 2.346805736636245129e-02 1.276324186343331295e-03 1.860549132947976816e-02 1.157713009038285716e-02 1.514819881440948590e-01 0.000000000000000000e+00 0.000000000000000000e+00 1.192993053458169667e-02 1.693895098882201300e-01 3.980891719745223130e-04 2.889245585874799550e-03 0.000000000000000000e+00 8.593526210254941265e-04 2.276176024279211001e-03 2.086783703212984412e-02 1.878497202238209318e-02 1.800577543740445111e-02 5.525571832433821481e-03 1.660767764769942659e-02 0.000000000000000000e+00 4.466279589102277567e-04 0.000000000000000000e+00 1.992031872509960125e-02 1.153402537485582503e-03 0.000000000000000000e+00 0.000000000000000000e+00 0.000000000000000000e+00 0.000000000000000000e+00 3.803365978891318656e-04 0.000000000000000000e+00 3.539196602371261582e-04 0.000000000000000000e+00 1.397624039133473026e-04 0.000000000000000000e+00 4.370629370629370626e-04 7.941550190597204922e-05 1.017589765954353929e-03 0.000000000000000000e+00 0.000000000000000000e+00 0.000000000000000000e+00 5.036937541974479196e-04 0.000000000000000000e+00 2.731540759709774006e-03 2.571685740002571576e-04 5.814739688979039811e-03 0.000000000000000000e+00 4.060089321965083191e-04 0.000000000000000000e+00 8.707767328456983771e-04 0.000000000000000000e+00 5.043500189131257120e-04 2.276003338138229135e-04 8.584830515974865156e-03 1.166520851560221743e-03 5.912015301686663130e-03 1.711026615969581804e-03 2.667364016736401694e-02 2.414584087890860823e-03 5.442374854481955848e-02 0.000000000000000000e+00 9.825327510917029883e-02 2.208419599723947680e-03 1.051559316721517034e-01 0.000000000000000000e+00 0.000000000000000000e+00 0.000000000000000000e+00 3.738317757009345624e-04 0.000000000000000000e+00 2.388059701492537337e-03 0.000000000000000000e+00 2.219920082877016457e-04 0.000000000000000000e+00 5.646527385657820058e-04 0.000000000000000000e+00 3.766478342749529141e-04 2.075303883782982691e-03 1.646768217373404709e-03 5.010020040080159906e-04 3.671071953010278800e-04 7.153075822603719575e-03 2.135231316725978712e-02 1.188354129530600194e-03 0.000000000000000000e+00 0.000000000000000000e+00 0.000000000000000000e+00 5.305039787798407997e-04 0.000000000000000000e+00 1.604400641760256666e-03 2.511661284535342872e-03 4.338394793926247093e-04 3.196590303676078663e-03 0.000000000000000000e+00 0.000000000000000000e+00 0.000000000000000000e+00 0.000000000000000000e+00 0.000000000000000000e+00 2.732240437158469943e-03 0.000000000000000000e+00 1.876172607879924951e-03 0.000000000000000000e+00 0.000000000000000000e+00
5.053057099545225266e-04 0.000000000000000000e+00 1.707933299646285930e-01 5.053057099545225266e-04 0.000000000000000000e+00 4.903162539838195168e-04 9.778994719342852266e-04 7.943442688061005572e-05 3.361563517915309718e-01 1.561889886762983255e-03 0.000000000000000000e+00 0.000000000000000000e+00 4.445761707172495481e-04 0.000000000000000000e+00 1.745396317053642954e-01 1.629726205997392391e-04 0.000000000000000000e+00 0.000000000000000000e+00 4.062150908906265946e-04 0.000000000000000000e+00 1.827956989247311870e-02 1.263423878711307556e-03 1.842343702808819234e-02 6.878761822871882993e-04 2.392515923566878866e-01 9.630818619582664445e-04 1.657731958762886648e-01 0.000000000000000000e+00 1.213960546282245867e-02 0.000000000000000000e+00 5.595523581135092121e-03 1.528792254119245783e-03 0.000000000000000000e+00 0.000000000000000000e+00 0.000000000000000000e+00 0.000000000000000000e+00 0.000000000000000000e+00 0.000000000000000000e+00 0.000000000000000000e+00 0.000000000000000000e+00 0.000000000000000000e+00 0.000000000000000000e+00 1.260239445494643962e-04 0.000000000000000000e+00 0.000000000000000000e+00 0.000000000000000000e+00 0.000000000000000000e+00 0.000000000000000000e+00 0.000000000000000000e+00 0.000000000000000000e+00 0.000000000000000000e+00 0.000000000000000000e+00 0.000000000000000000e+00 0.000000000000000000e+00 0.000000000000000000e+00 0.000000000000000000e+00 0.000000000000000000e+00 0.000000000000000000e+00 0.000000000000000000e+00 0.000000000000000000e+00 0.000000000000000000e+00 0.000000000000000000e+00 0.000000000000000000e+00 0.000000000000000000e+00 0.000000000000000000e+00 0.000000000000000000e+00 0.000000000000000000e+00 0.000000000000000000e+00 0.000000000000000000e+00 0.000000000000000000e+00 1.264258555133079831e-02 0.000000000000000000e+00 1.702281781963056739e-02 0.000000000000000000e+00 0.000000000000000000e+00 0.000000000000000000e+00 9.661835748792270287e-04 0.000000000000000000e+00 0.000000000000000000e+00 0.000000000000000000e+00 0.000000000000000000e+00 0.000000000000000000e+00 0.000000000000000000e+00 0.000000000000000000e+00 8.291873963515754493e-05 0.000000000000000000e+00 0.000000000000000000e+00 0.000000000000000000e+00 0.000000000000000000e+00 0.000000000000000000e+00 0.000000000000000000e+00 0.000000000000000000e+00 0.000000000000000000e+00 0.000000000000000000e+00 0.000000000000000000e+00 0.000000000000000000e+00 0.000000000000000000e+00 0.000000000000000000e+00 0.000000000000000000e+00 0.000000000000000000e+00 0.000000000000000000e+00 0.000000000000000000e+00 0.000000000000000000e+00 0.000000000000000000e+00 0.000000000000000000e+00 0.000000000000000000e+00 0.000000000000000000e+00 0.000000000000000000e+00 0.000000000000000000e+00 0.000000000000000000e+00 0.000000000000000000e+00 0.000000000000000000e+00 0.000000000000000000e+00 0.000000000000000000e+00 0.000000000000000000e+00 0.000000000000000000e+00
0.000000000000000000e+00 0.000000000000000000e+00 9.806325079676390336e-04 9.806325079676391637e-03 4.903162539838195168e-04 0.000000000000000000e+00 0.000000000000000000e+00 2.780204940821351910e-03 6.514657980456026350e-04 4.096056228035923619e-01 0.000000000000000000e+00 0.000000000000000000e+00 0.000000000000000000e+00 2.843062926459438938e-04 0.000000000000000000e+00 1.043024771838331199e-01 0.000000000000000000e+00 0.000000000000000000e+00 0.000000000000000000e+00 0.000000000000000000e+00 0.000000000000000000e+00 1.263423878711307687e-02 1.812141347025067939e-03 4.969905417024935573e-02 3.980891719745222913e-03 1.634028892455858806e-01 4.123711340206185770e-04 2.457748496132913241e-01 0.000000000000000000e+00 5.410179971292923030e-03 7.194244604316547137e-03 1.647698318328520359e-02 0.000000000000000000e+00 4.537616843633723493e-04 0.000000000000000000e+00 0.000000000000000000e+00 0.000000000000000000e+00 0.000000000000000000e+00 0.000000000000000000e+00 0.000000000000000000e+00 0.000000000000000000e+00 0.000000000000000000e+00 0.000000000000000000e+00 0.000000000000000000e+00 0.000000000000000000e+00 0.000000000000000000e+00 0.000000000000000000e+00 0.000000000000000000e+00 0.000000000000000000e+00 0.000000000000000000e+00 0.000000000000000000e+00 0.000000000000000000e+00 0.000000000000000000e+00 0.000000000000000000e+00 0.000000000000000000e+00 0.000000000000000000e+00 0.000000000000000000e+00 0.000000000000000000e+00 0.000000000000000000e+00 0.000000000000000000e+00 0.000000000000000000e+00 0.000000000000000000e+00 0.000000000000000000e+00 0.000000000000000000e+00 0.000000000000000000e+00 0.000000000000000000e+00 0.000000000000000000e+00 8.850340738118418218e-05 0.000000000000000000e+00 0.000000000000000000e+00 6.653992395437262211e-04 2.338613269575612677e-02 0.000000000000000000e+00 9.022118742724098348e-03 0.000000000000000000e+00 0.000000000000000000e+00 0.000000000000000000e+00 4.701457451810060859e-04 0.000000000000000000e+00 0.000000000000000000e+00 0.000000000000000000e+00 0.000000000000000000e+00 0.000000000000000000e+00 0.000000000000000000e+00 0.000000000000000000e+00 7.399733609590054405e-05 0.000000000000000000e+00 0.000000000000000000e+00 0.000000000000000000e+00 0.000000000000000000e+00 0.000000000000000000e+00 0.000000000000000000e+00 0.000000000000000000e+00 0.000000000000000000e+00 0.000000000000000000e+00 0.000000000000000000e+00 0.000000000000000000e+00 0.000000000000000000e+00 0.000000000000000000e+00 0.000000000000000000e+00 0.000000000000000000e+00 0.000000000000000000e+00 0.000000000000000000e+00 0.000000000000000000e+00 0.000000000000000000e+00 0.000000000000000000e+00 0.000000000000000000e+00 0.000000000000000000e+00 0.000000000000000000e+00 0.000000000000000000e+00 0.000000000000000000e+00 0.000000000000000000e+00 0.000000000000000000e+00 0.000000000000000000e+00 0.000000000000000000e+00 0.000000000000000000e+00
1.584197144533542045e-01 2.640328574222570047e-03 2.560140817523958723e-01 9.387834930569136788e-03 9.778994719342852266e-04 0.000000000000000000e+00 0.000000000000000000e+00 1.048534434824052730e-02 9.837133550488599831e-02 1.561889886762983255e-03 1.301532484351392294e-01 4.705598455598455736e-03 2.704505038529934624e-01 4.454131918119787724e-03 1.868161195623165363e-02 0.000000000000000000e+00 6.381620931716656476e-04 1.083815028901733996e-03 1.624860363562506335e-02 9.211126310989511956e-03 0.000000000000000000e+00 0.000000000000000000e+00 8.758683177287828261e-03 4.987102321582115305e-03 7.961783439490446260e-04 0.000000000000000000e+00 0.000000000000000000e+00 0.000000000000000000e+00 7.587253414264036669e-03 1.324942033786021900e-03 4.796163069544364180e-03 1.240020383896721541e-02 8.995116936520175261e-04 9.619747708503493394e-03 0.000000000000000000e+00 4.466279589102277567e-04 1.403311815885489779e-03 0.000000000000000000e+00 0.000000000000000000e+00 0.000000000000000000e+00 3.478260869565217520e-03 0.000000000000000000e+00 1.260239445494643962e-04 0.000000000000000000e+00 1.797052833353300584e-03 8.847991505928153955e-05 0.000000000000000000e+00 0.000000000000000000e+00 4.536616979909267704e-03 0.000000000000000000e+00 9.529860228716645690e-03 2.180549498473615408e-04 2.708070048745260788e-03 0.000000000000000000e+00 4.478280340349305769e-04 1.678979180658159913e-04 4.801920768307322597e-03 8.536064874093043768e-05 4.371865758004371896e-03 0.000000000000000000e+00 5.197965051979650322e-03 2.030044660982541595e-04 3.225806451612903223e-03 1.741553465691396808e-04 5.225342913128674244e-03 0.000000000000000000e+00 1.138001669069114595e-03 5.310204442871050388e-04 2.478856809565470852e-03 1.738828029907842033e-04 1.236692015209125417e-01 5.230125523012551852e-04 1.931667270312688658e-02 1.358168412883197559e-03 0.000000000000000000e+00 0.000000000000000000e+00 1.904761904761904934e-02 2.350728725905030375e-03 1.156069364161849784e-03 0.000000000000000000e+00 1.472934822634098390e-03 0.000000000000000000e+00 1.338688085676037432e-03 0.000000000000000000e+00 5.970149253731343343e-03 0.000000000000000000e+00 0.000000000000000000e+00 0.000000000000000000e+00 7.742804241710149991e-03 1.255492780916509714e-04 0.000000000000000000e+00 0.000000000000000000e+00 0.000000000000000000e+00 0.000000000000000000e+00 7.153075822603719575e-03 0.000000000000000000e+00 0.000000000000000000e+00 0.000000000000000000e+00 0.000000000000000000e+00 0.000000000000000000e+00 0.000000000000000000e+00 0.000000000000000000e+00 0.000000000000000000e+00 0.000000000000000000e+00 0.000000000000000000e+00 0.000000000000000000e+00 0.000000000000000000e+00 0.000000000000000000e+00 0.000000000000000000e+00 0.000000000000000000e+00 1.041666666666666652e-03 0.000000000000000000e+00 0.000000000000000000e+00 0.000000000000000000e+00 0.000000000000000000e+00 0.000000000000000000e+00
4.527762332194772837e-03 1.131940583048693244e-01 7.307967273016125614e-03 2.191595837636031441e-01 7.943442688061005572e-05 2.780204940821351910e-03 1.048534434824052730e-02 0.000000000000000000e+00 1.302931596091205270e-03 8.317063647012885863e-02 3.453485862292251119e-03 1.482866795366795387e-01 4.001185536455245662e-03 2.814632297194844535e-01 5.337603416066186287e-04 6.192959582790090976e-03 1.063603488619442638e-03 3.612716763005780277e-03 1.817812531735554099e-02 3.511171910624714954e-02 0.000000000000000000e+00 0.000000000000000000e+00 1.797040169133192269e-02 3.387790197764402322e-02 0.000000000000000000e+00 0.000000000000000000e+00 0.000000000000000000e+00 0.000000000000000000e+00 1.643904906423874612e-03 1.082035994258584606e-02 1.638689048760991196e-02 8.323424494649227234e-03 7.710100231303007243e-03 1.606316362646338300e-02 0.000000000000000000e+00 1.786511835640911027e-03 0.000000000000000000e+00 1.593625498007968187e-03 0.000000000000000000e+00 0.000000000000000000e+00 0.000000000000000000e+00 0.000000000000000000e+00 0.000000000000000000e+00 0.000000000000000000e+00 1.198035222235533732e-04 1.327198725889223215e-03 0.000000000000000000e+00 1.397624039133473026e-04 0.000000000000000000e+00 1.529720279720279746e-03 0.000000000000000000e+00 1.112080244221543869e-02 0.000000000000000000e+00 1.102839812517231871e-03 0.000000000000000000e+00 1.678979180658159913e-04 9.234463015975621317e-05 4.694835680751173815e-03 0.000000000000000000e+00 4.056795131845841729e-03 0.000000000000000000e+00 3.654080389768574709e-03 6.048387096774193814e-04 8.707767328456983771e-04 0.000000000000000000e+00 1.349136300592611304e-02 6.069342235035278055e-04 4.690680591202761249e-03 0.000000000000000000e+00 5.216484089723526099e-04 5.893536121673003704e-03 7.337118947997608998e-02 2.414584087890860823e-03 2.987970508343034542e-02 0.000000000000000000e+00 2.401746724890829743e-02 3.174603174603174600e-03 2.946246669800971565e-02 0.000000000000000000e+00 0.000000000000000000e+00 1.227445685528415415e-04 2.990654205607476499e-03 0.000000000000000000e+00 0.000000000000000000e+00 0.000000000000000000e+00 4.291845493562231745e-03 0.000000000000000000e+00 0.000000000000000000e+00 1.683218313415250022e-04 3.892027620841180275e-03 5.929439667951378343e-04 0.000000000000000000e+00 2.505010020040079953e-04 3.671071953010278800e-04 1.430615164520743915e-03 3.558718861209964231e-03 5.941770647653000972e-04 0.000000000000000000e+00 1.383125864453665357e-03 0.000000000000000000e+00 0.000000000000000000e+00 0.000000000000000000e+00 2.292000916800366781e-04 0.000000000000000000e+00 0.000000000000000000e+00 0.000000000000000000e+00 0.000000000000000000e+00 0.000000000000000000e+00 0.000000000000000000e+00 0.000000000000000000e+00 0.000000000000000000e+00 0.000000000000000000e+00 0.000000000000000000e+00 0.000000000000000000e+00 0.000000000000000000e+00 0.000000000000000000e+00
2.280130293159609006e-03 0.000000000000000000e+00 1.153094462540716625e-01 1.302931596091205270e-03 3.361563517915309718e-01 6.514657980456026350e-04 9.837133550488599831e-02 1.302931596091205270e-03 0.000000000000000000e+00 3.904724716907458136e-04 8.633714655730627798e-04 0.000000000000000000e+00 1.526378186129223428e-02 0.000000000000000000e+00 2.156391780090739230e-01 1.629726205997392391e-04 0.000000000000000000e+00 0.000000000000000000e+00 5.077688636132832297e-04 0.000000000000000000e+00 0.000000000000000000e+00 0.000000000000000000e+00 5.436424041075203599e-03 5.159071367153911973e-04 2.269108280254776913e-02 6.420545746388442963e-04 9.072164948453607936e-03 5.729017473503294176e-04 6.575619625695498446e-03 0.000000000000000000e+00 4.796163069544364180e-03 3.906913538304739031e-03 0.000000000000000000e+00 9.075233687267447800e-05 0.000000000000000000e+00 0.000000000000000000e+00 2.806623631770979775e-04 0.000000000000000000e+00 0.000000000000000000e+00 0.000000000000000000e+00 0.000000000000000000e+00 0.000000000000000000e+00 0.000000000000000000e+00 0.000000000000000000e+00 1.198035222235533732e-04 0.000000000000000000e+00 0.000000000000000000e+00 0.000000000000000000e+00 0.000000000000000000e+00 0.000000000000000000e+00 1.588310038119440984e-04 0.000000000000000000e+00 1.805380032496840489e-04 0.000000000000000000e+00 1.492760113449768499e-04 0.000000000000000000e+00 4.617231507987810523e-04 0.000000000000000000e+00 1.285842870001285788e-04 0.000000000000000000e+00 0.000000000000000000e+00 0.000000000000000000e+00 0.000000000000000000e+00 0.000000000000000000e+00 0.000000000000000000e+00 0.000000000000000000e+00 0.000000000000000000e+00 0.000000000000000000e+00 4.374453193350831266e-04 0.000000000000000000e+00 7.129277566539924185e-03 7.471607890017931217e-05 1.171073282627067488e-02 0.000000000000000000e+00 6.578947368421052266e-03 0.000000000000000000e+00 4.140786749482401954e-03 0.000000000000000000e+00 0.000000000000000000e+00 0.000000000000000000e+00 0.000000000000000000e+00 0.000000000000000000e+00 0.000000000000000000e+00 0.000000000000000000e+00 8.291873963515754493e-05 0.000000000000000000e+00 0.000000000000000000e+00 0.000000000000000000e+00 0.000000000000000000e+00 0.000000000000000000e+00 0.000000000000000000e+00 0.000000000000000000e+00 0.000000000000000000e+00 0.000000000000000000e+00 0.000000000000000000e+00 0.000000000000000000e+00 0.000000000000000000e+00 0.000000000000000000e+00 0.000000000000000000e+00 0.000000000000000000e+00 0.000000000000000000e+00 0.000000000000000000e+00 0.000000000000000000e+00 0.000000000000000000e+00 0.000000000000000000e+00 0.000000000000000000e+00 0.000000000000000000e+00 0.000000000000000000e+00 0.000000000000000000e+00 0.000000000000000000e+00 0.000000000000000000e+00 0.000000000000000000e+00 0.000000000000000000e+00 0.000000000000000000e+00 0.000000000000000000e+00 0.000000000000000000e+00
0.000000000000000000e+00 2.342834830144474665e-03 4.685669660288949330e-03 3.592346739554861529e-02 1.561889886762983255e-03 4.096056228035923619e-01 1.561889886762983255e-03 8.317063647012885863e-02 3.904724716907458136e-04 0.000000000000000000e+00 0.000000000000000000e+00 1.809845559845559915e-03 0.000000000000000000e+00 1.203563305534495823e-02 5.337603416066186287e-04 8.719035202086049263e-02 0.000000000000000000e+00 0.000000000000000000e+00 1.015537727226566487e-04 1.823985408116735041e-04 0.000000000000000000e+00 0.000000000000000000e+00 2.114164904862579370e-03 6.878761822871883209e-03 1.194267515923566831e-03 1.284109149277688593e-02 8.247422680412371540e-04 3.322830134631910709e-02 0.000000000000000000e+00 3.643590592911560063e-03 5.395683453237410353e-03 2.547987090198742827e-03 0.000000000000000000e+00 9.982757055994192445e-04 0.000000000000000000e+00 4.466279589102277567e-04 0.000000000000000000e+00 2.656042496679946797e-04 0.000000000000000000e+00 0.000000000000000000e+00 0.000000000000000000e+00 0.000000000000000000e+00 0.000000000000000000e+00 0.000000000000000000e+00 0.000000000000000000e+00 0.000000000000000000e+00 0.000000000000000000e+00 0.000000000000000000e+00 0.000000000000000000e+00 0.000000000000000000e+00 0.000000000000000000e+00 7.268498328245384243e-05 0.000000000000000000e+00 1.378549765646539839e-04 0.000000000000000000e+00 0.000000000000000000e+00 0.000000000000000000e+00 8.536064874093043768e-05 0.000000000000000000e+00 0.000000000000000000e+00 0.000000000000000000e+00 0.000000000000000000e+00 0.000000000000000000e+00 1.741553465691396808e-04 0.000000000000000000e+00 1.260875047282814280e-04 0.000000000000000000e+00 0.000000000000000000e+00 0.000000000000000000e+00 0.000000000000000000e+00 9.505703422053231343e-05 9.638374178123132463e-03 2.414584087890860823e-04 4.365541327124563241e-03 0.000000000000000000e+00 0.000000000000000000e+00 0.000000000000000000e+00 1.723867732330355666e-03 0.000000000000000000e+00 0.000000000000000000e+00 0.000000000000000000e+00 0.000000000000000000e+00 0.000000000000000000e+00 0.000000000000000000e+00 0.000000000000000000e+00 7.399733609590054405e-05 0.000000000000000000e+00 0.000000000000000000e+00 0.000000000000000000e+00 1.255492780916509714e-04 0.000000000000000000e+00 0.000000000000000000e+00 0.000000000000000000e+00 0.000000000000000000e+00 0.000000000000000000e+00 0.000000000000000000e+00 0.000000000000000000e+00 0.000000000000000000e+00 0.000000000000000000e+00 0.000000000000000000e+00 0.000000000000000000e+00 0.000000000000000000e+00 0.000000000000000000e+00 0.000000000000000000e+00 0.000000000000000000e+00 0.000000000000000000e+00 0.000000000000000000e+00 0.000000000000000000e+00 0.000000000000000000e+00 0.000000000000000000e+00 0.000000000000000000e+00 0.000000000000000000e+00 0.000000000000000000e+00 0.000000000000000000e+00 0.000000000000000000e+00 0.000000000000000000e+00
2.272825383121087894e-01 4.316857327865313899e-04 3.475070148931577729e-02 3.021800129505719783e-03 0.000000000000000000e+00 0.000000000000000000e+00 1.301532484351392294e-01 3.453485862292251119e-03 8.633714655730627798e-04 0.000000000000000000e+00 0.000000000000000000e+00 1.447876447876447802e-03 1.401896858328393614e-01 4.738438210765731563e-04 9.073925807312517230e-03 0.000000000000000000e+00 2.127206977238885188e-02 0.000000000000000000e+00 2.020920077180867261e-02 3.739170086639306834e-03 0.000000000000000000e+00 0.000000000000000000e+00 2.114164904862579370e-03 1.031814273430782395e-03 0.000000000000000000e+00 0.000000000000000000e+00 0.000000000000000000e+00 0.000000000000000000e+00 4.602933737986848739e-02 2.208236722976703167e-04 7.993605115907273994e-04 3.397316120264990509e-04 3.084040092521202637e-03 1.633542063708140523e-03 1.268498942917547492e-03 0.000000000000000000e+00 8.419870895312938242e-04 0.000000000000000000e+00 0.000000000000000000e+00 0.000000000000000000e+00 0.000000000000000000e+00 0.000000000000000000e+00 1.260239445494643962e-04 0.000000000000000000e+00 2.396070444471067463e-04 0.000000000000000000e+00 0.000000000000000000e+00 0.000000000000000000e+00 2.592352559948153190e-04 0.000000000000000000e+00 1.588310038119440876e-03 0.000000000000000000e+00 5.416140097490522009e-04 0.000000000000000000e+00 1.492760113449768499e-04 0.000000000000000000e+00 5.910056330224397643e-03 1.707212974818608754e-04 5.143371480005143152e-04 0.000000000000000000e+00 9.179385091793850274e-03 0.000000000000000000e+00 1.048387096774193623e-02 0.000000000000000000e+00 4.136729806226866965e-03 0.000000000000000000e+00 6.069342235035278055e-04 0.000000000000000000e+00 1.020705745115193944e-03 0.000000000000000000e+00 4.885931558935361491e-02 0.000000000000000000e+00 9.175419533985271561e-03 9.701202949165695880e-05 0.000000000000000000e+00 0.000000000000000000e+00 4.002760524499654818e-03 0.000000000000000000e+00 1.156069364161849784e-03 0.000000000000000000e+00 2.332146802503989261e-03 0.000000000000000000e+00 0.000000000000000000e+00 0.000000000000000000e+00 5.389718076285240217e-03 0.000000000000000000e+00 0.000000000000000000e+00 0.000000000000000000e+00 4.208045783538124675e-03 0.000000000000000000e+00 0.000000000000000000e+00 0.000000000000000000e+00 0.000000000000000000e+00 3.671071953010278800e-04 1.430615164520743915e-03 0.000000000000000000e+00 0.000000000000000000e+00 0.000000000000000000e+00 6.915629322268326785e-04 1.057082452431289685e-03 0.000000000000000000e+00 0.000000000000000000e+00 0.000000000000000000e+00 3.588087549336204025e-04 0.000000000000000000e+00 0.000000000000000000e+00 0.000000000000000000e+00 0.000000000000000000e+00 0.000000000000000000e+00 0.000000000000000000e+00 0.000000000000000000e+00 0.000000000000000000e+00 0.000000000000000000e+00 0.000000000000000000e+00 0.000000000000000000e+00 0.000000000000000000e+00
2.171814671814671811e-03 1.634893822393822527e-01 3.981660231660231510e-03 3.438706563706563774e-02 0.000000000000000000e+00 0.000000000000000000e+00 4.705598455598455736e-03 1.482866795366795387e-01 0.000000000000000000e+00 1.809845559845559915e-03 1.447876447876447802e-03 0.000000000000000000e+00 0.000000000000000000e+00 1.974033358605003785e-01 0.000000000000000000e+00 6.029986962190351900e-03 0.000000000000000000e+00 1.000722543352601107e-01 6.296333908804712352e-03 4.231646146830825295e-02 0.000000000000000000e+00 0.000000000000000000e+00 9.060706735125339693e-04 4.643164230438520668e-03 0.000000000000000000e+00 0.000000000000000000e+00 0.000000000000000000e+00 0.000000000000000000e+00 0.000000000000000000e+00 7.320304736667770928e-02 1.199040767386091045e-03 1.528792254119245783e-03 2.441531739912618845e-03 9.982757055994192011e-03 0.000000000000000000e+00 4.466279589102277567e-04 2.806623631770979775e-04 2.656042496679946689e-03 0.000000000000000000e+00 0.000000000000000000e+00 0.000000000000000000e+00 0.000000000000000000e+00 0.000000000000000000e+00 0.000000000000000000e+00 0.000000000000000000e+00 2.654397451778446322e-04 0.000000000000000000e+00 0.000000000000000000e+00 0.000000000000000000e+00 0.000000000000000000e+00 0.000000000000000000e+00 2.689344381450792156e-03 0.000000000000000000e+00 8.271298593879239033e-04 0.000000000000000000e+00 6.715916722632639651e-04 1.846892603195124263e-04 7.170294494238156277e-03 0.000000000000000000e+00 1.622718052738336691e-03 0.000000000000000000e+00 1.075923670320746983e-02 2.016129032258064514e-04 1.288749564611633633e-02 0.000000000000000000e+00 1.059135039717564071e-02 3.793338896897048649e-04 2.124081777148420155e-03 1.458151064450277179e-04 1.912710832898626345e-03 2.376425855513307917e-03 2.136879856545128437e-02 1.207292043945430412e-04 1.464881645324020258e-02 0.000000000000000000e+00 1.310043668122270674e-02 6.901311249137336229e-04 8.776053910045447659e-03 0.000000000000000000e+00 2.881844380403458025e-03 0.000000000000000000e+00 1.009345794392523324e-02 0.000000000000000000e+00 1.194029850746268669e-03 0.000000000000000000e+00 1.050762172561787826e-02 0.000000000000000000e+00 5.646527385657820058e-04 0.000000000000000000e+00 1.067168863779033305e-02 0.000000000000000000e+00 4.116920543433511773e-04 0.000000000000000000e+00 0.000000000000000000e+00 0.000000000000000000e+00 3.558718861209964231e-03 0.000000000000000000e+00 0.000000000000000000e+00 0.000000000000000000e+00 0.000000000000000000e+00 0.000000000000000000e+00 0.000000000000000000e+00 2.292000916800366781e-04 3.588087549336204025e-04 0.000000000000000000e+00 5.327650506126797771e-04 0.000000000000000000e+00 0.000000000000000000e+00 0.000000000000000000e+00 0.000000000000000000e+00 0.000000000000000000e+00 0.000000000000000000e+00 0.000000000000000000e+00 0.000000000000000000e+00 0.000000000000000000e+00 0.000000000000000000e+00
3.067575577949021789e-02 0.000000000000000000e+00 8.269116775340841496e-02 2.519264967397747638e-03 4.445761707172495481e-04 0.000000000000000000e+00 2.704505038529934624e-01 4.001185536455245662e-03 1.526378186129223428e-02 0.000000000000000000e+00 1.401896858328393614e-01 0.000000000000000000e+00 0.000000000000000000e+00 7.581501137225170502e-04 1.393114491593274717e-01 0.000000000000000000e+00 1.914486279514996834e-03 0.000000000000000000e+00 1.086625368132426196e-02 6.383948928408572643e-04 0.000000000000000000e+00 0.000000000000000000e+00 2.763515554213228503e-02 2.579535683576956312e-03 3.980891719745223130e-04 0.000000000000000000e+00 0.000000000000000000e+00 0.000000000000000000e+00 7.979261507334345360e-02 1.104118361488351584e-04 2.997601918465227829e-03 4.756242568370986495e-03 1.285016705217167802e-03 1.633542063708140523e-03 0.000000000000000000e+00 0.000000000000000000e+00 1.122649452708391910e-03 0.000000000000000000e+00 0.000000000000000000e+00 0.000000000000000000e+00 0.000000000000000000e+00 0.000000000000000000e+00 1.260239445494643962e-04 0.000000000000000000e+00 4.792140888942134926e-04 0.000000000000000000e+00 0.000000000000000000e+00 0.000000000000000000e+00 7.777057679844458487e-04 0.000000000000000000e+00 3.256035578144854045e-03 0.000000000000000000e+00 1.083228019498104402e-03 0.000000000000000000e+00 4.478280340349305769e-04 0.000000000000000000e+00 3.693785206390248418e-03 0.000000000000000000e+00 1.285842870001285788e-03 0.000000000000000000e+00 8.515815085158150860e-03 0.000000000000000000e+00 6.854838709677419512e-03 0.000000000000000000e+00 4.572175048987589530e-03 0.000000000000000000e+00 1.062134891131173578e-03 8.850340738118418218e-05 5.832604257801108716e-04 0.000000000000000000e+00 6.739543726235741605e-02 7.471607890017931217e-05 2.571532053603766896e-02 3.880481179666278352e-04 3.289473684210526133e-03 0.000000000000000000e+00 2.236024844720497021e-02 1.567152483936687043e-04 0.000000000000000000e+00 0.000000000000000000e+00 3.559592488032404731e-03 0.000000000000000000e+00 0.000000000000000000e+00 0.000000000000000000e+00 6.467661691542288260e-03 0.000000000000000000e+00 0.000000000000000000e+00 0.000000000000000000e+00 5.217976771587275013e-03 0.000000000000000000e+00 2.964719833975689172e-04 0.000000000000000000e+00 0.000000000000000000e+00 0.000000000000000000e+00 5.722460658082975660e-03 0.000000000000000000e+00 0.000000000000000000e+00 0.000000000000000000e+00 0.000000000000000000e+00 0.000000000000000000e+00 0.000000000000000000e+00 0.000000000000000000e+00 4.584001833600733562e-04 1.076426264800861045e-03 8.676789587852494186e-04 0.000000000000000000e+00 0.000000000000000000e+00 0.000000000000000000e+00 0.000000000000000000e+00 0.000000000000000000e+00 0.000000000000000000e+00 0.000000000000000000e+00 0.000000000000000000e+00 0.000000000000000000e+00 0.000000000000000000e+00 0.000000000000000000e+00
