2.952739726268646669e-01 4.894587051963028013e-01 3.784182996038438773e-01 4.777784220770489587e-01 0.000000000000000000e+00 0.000000000000000000e+00 3.720148723214152797e-01 4.466995354312236488e-01 3.340064868421052657e-01 0.000000000000000000e+00 3.167334293242329846e-01 4.438672727272726104e-01 3.750469059121712134e-01 4.466246986301368738e-01 4.000790902777777713e-01 0.000000000000000000e+00 3.627309623181934617e-01 4.643546977249027319e-01 4.302824116043817981e-01 4.931009995175316685e-01 0.000000000000000000e+00 0.000000000000000000e+00 3.782085093789037122e-01 0.000000000000000000e+00 0.000000000000000000e+00 0.000000000000000000e+00 0.000000000000000000e+00 0.000000000000000000e+00 4.044068049036020351e-01 4.651780650646268889e-01 4.206726557558334023e-01 4.245282865448505305e-01 4.354479531615191856e-01 4.800849444685775236e-01 0.000000000000000000e+00 0.000000000000000000e+00 4.568038932820681075e-01 5.142155850342134960e-01 5.397748219178083451e-01 0.000000000000000000e+00 0.000000000000000000e+00 0.000000000000000000e+00 4.753274086021505584e-01 0.000000000000000000e+00 4.399265473407715787e-01 4.534124353741497693e-01 4.006347391304347916e-01 0.000000000000000000e+00 4.155095409058522371e-01 5.127328835616439262e-01 4.234958969912001048e-01 4.721118190115402569e-01 4.011035655209487238e-01 0.000000000000000000e+00 4.162389968799322104e-01 0.000000000000000000e+00 3.028574787790600520e-01 4.862932564274909941e-01 4.362419021935303176e-01 5.029851080267918606e-01 4.302165567822400782e-01 4.883658248175181682e-01 4.186547896248841161e-01 0.000000000000000000e+00 4.339263883935772226e-01 0.000000000000000000e+00 4.588811098522959653e-01 4.934414908144389433e-01 3.130709017832068453e-01 5.072725979283323472e-01 3.469108939933756020e-01 4.513766911764705569e-01 3.893482375852403421e-01 4.607407108274145235e-01 4.247552188405797069e-01 0.000000000000000000e+00 4.211411427145687059e-01 4.598383255607451092e-01 4.127021956521738644e-01 0.000000000000000000e+00 4.174973724355124927e-01 5.005754096385541807e-01 0.000000000000000000e+00 0.000000000000000000e+00 4.515389159091688920e-01 0.000000000000000000e+00 0.000000000000000000e+00 0.000000000000000000e+00 4.427365500845444890e-01 0.000000000000000000e+00 0.000000000000000000e+00 0.000000000000000000e+00 0.000000000000000000e+00 4.551672155688623600e-01 4.809883605275094287e-01 0.000000000000000000e+00 0.000000000000000000e+00 0.000000000000000000e+00 5.149863302752293315e-01 4.766241360946745775e-01 0.000000000000000000e+00 0.000000000000000000e+00 5.179419500000000953e-01 0.000000000000000000e+00 4.467253518518518041e-01 0.000000000000000000e+00 5.363121325892022950e-01 0.000000000000000000e+00 0.000000000000000000e+00 0.000000000000000000e+00 0.000000000000000000e+00 0.000000000000000000e+00 0.000000000000000000e+00 0.000000000000000000e+00 0.000000000000000000e+00 0.000000000000000000e+00
4.894587051963028013e-01 2.901419101312546767e-01 4.815519172443861740e-01 3.350617509168646313e-01 0.000000000000000000e+00 0.000000000000000000e+00 4.667475073457861834e-01 3.197692412060496037e-01 0.000000000000000000e+00 3.356891557622378452e-01 4.377004635514056829e-01 3.384677565594131909e-01 0.000000000000000000e+00 3.765088964623781731e-01 0.000000000000000000e+00 4.067690831726473166e-01 4.652024321065579837e-01 3.605359923409303113e-01 4.962309916201498861e-01 3.881318565269258891e-01 0.000000000000000000e+00 0.000000000000000000e+00 0.000000000000000000e+00 0.000000000000000000e+00 0.000000000000000000e+00 0.000000000000000000e+00 0.000000000000000000e+00 0.000000000000000000e+00 4.693605736390407679e-01 4.324791807938978550e-01 4.344878008382065393e-01 4.524375390070922154e-01 5.100564960706766016e-01 4.952716271602549125e-01 4.726322820512821044e-01 4.187141647058824079e-01 4.923989600751741413e-01 5.334199820060878672e-01 0.000000000000000000e+00 5.668637729844444584e-01 0.000000000000000000e+00 0.000000000000000000e+00 5.481248973821990500e-01 4.523082954545454837e-01 4.665283337520128026e-01 4.474883964813399229e-01 0.000000000000000000e+00 0.000000000000000000e+00 5.693599693251534255e-01 4.458396099899340492e-01 4.922624457449706337e-01 4.175193689489328230e-01 0.000000000000000000e+00 3.888647765957447544e-01 4.828047050359711156e-01 4.317634561949197924e-01 4.780813587593354397e-01 3.683345710313329358e-01 5.176026992351545619e-01 4.167108907515961191e-01 0.000000000000000000e+00 4.312814611905621542e-01 0.000000000000000000e+00 4.261355246056876545e-01 4.961930909090909170e-01 4.266445473239595665e-01 5.186509597124527859e-01 4.601178179417624303e-01 5.228961063996732106e-01 3.769762664011563902e-01 4.804908054344193546e-01 4.492810403632592764e-01 4.763641907665773778e-01 4.297646124000175649e-01 0.000000000000000000e+00 4.408957734823200081e-01 4.674313316595136159e-01 4.452274690548904124e-01 0.000000000000000000e+00 0.000000000000000000e+00 0.000000000000000000e+00 4.568713620396766539e-01 0.000000000000000000e+00 0.000000000000000000e+00 0.000000000000000000e+00 4.497565970855740836e-01 0.000000000000000000e+00 0.000000000000000000e+00 0.000000000000000000e+00 4.549156873276865021e-01 5.062504064516128999e-01 5.264918486921789098e-01 0.000000000000000000e+00 0.000000000000000000e+00 4.744332365591397704e-01 0.000000000000000000e+00 5.203839111697564634e-01 5.722385300388981300e-01 5.490931718248835969e-01 5.234864482701325761e-01 0.000000000000000000e+00 0.000000000000000000e+00 5.244180512820512119e-01 4.836280923263928111e-01 0.000000000000000000e+00 4.813418514064988774e-01 0.000000000000000000e+00 4.895207196261681659e-01 0.000000000000000000e+00 0.000000000000000000e+00 0.000000000000000000e+00 0.000000000000000000e+00 0.000000000000000000e+00 0.000000000000000000e+00 0.000000000000000000e+00 0.000000000000000000e+00
3.784182996038438773e-01 4.815519172443861740e-01 2.793679565456816394e-01 4.471225357450165361e-01 2.086012165477652280e-01 4.040617969556046796e-01 3.374124461307673739e-01 4.548403360220800717e-01 3.167801710353756461e-01 4.329489301451844296e-01 4.029605053561748362e-01 4.251777447874033888e-01 3.616350097671732211e-01 4.482682528056975979e-01 3.419684887264367035e-01 4.579023895607081673e-01 4.185108918958143631e-01 4.691524281780719563e-01 3.366742624567281017e-01 4.903428183391497219e-01 0.000000000000000000e+00 0.000000000000000000e+00 2.597185243273826827e-01 4.531009710286994507e-01 3.433791031262683480e-01 4.091477206853618154e-01 3.337635617140940480e-01 0.000000000000000000e+00 3.815755320211796642e-01 4.576828432539682412e-01 3.634648600297010201e-01 4.174522226012535864e-01 4.412557851340075388e-01 4.863506109003521427e-01 4.963719072164948232e-01 0.000000000000000000e+00 4.217476024218871911e-01 4.457100420918367334e-01 0.000000000000000000e+00 0.000000000000000000e+00 0.000000000000000000e+00 0.000000000000000000e+00 0.000000000000000000e+00 0.000000000000000000e+00 4.518019134404129833e-01 0.000000000000000000e+00 0.000000000000000000e+00 0.000000000000000000e+00 4.536758139971854842e-01 0.000000000000000000e+00 4.285188837032073983e-01 0.000000000000000000e+00 0.000000000000000000e+00 0.000000000000000000e+00 4.112821823046106107e-01 0.000000000000000000e+00 4.251359670950773384e-01 5.048987924528302029e-01 4.591325359293267350e-01 4.736616794871794656e-01 4.130165133994800897e-01 0.000000000000000000e+00 3.719961363935630483e-01 0.000000000000000000e+00 4.031521265777191498e-01 0.000000000000000000e+00 4.858489259587992493e-01 4.832371401869159366e-01 3.976336454656785868e-01 4.970161914893616584e-01 3.673505099756745884e-01 4.443020302741568228e-01 3.671521337747249980e-01 4.481601442227803322e-01 3.119520954097471099e-01 0.000000000000000000e+00 4.038862539201247825e-01 4.403919941110944758e-01 0.000000000000000000e+00 0.000000000000000000e+00 3.881345118686448936e-01 0.000000000000000000e+00 4.708164679487180093e-01 0.000000000000000000e+00 4.049784667104805447e-01 0.000000000000000000e+00 0.000000000000000000e+00 0.000000000000000000e+00 4.008161089453390336e-01 0.000000000000000000e+00 4.514845418857005299e-01 4.574068665851272475e-01 0.000000000000000000e+00 0.000000000000000000e+00 4.617171934753368512e-01 0.000000000000000000e+00 0.000000000000000000e+00 0.000000000000000000e+00 4.759974148148147233e-01 0.000000000000000000e+00 0.000000000000000000e+00 0.000000000000000000e+00 4.249033323778896865e-01 4.699313115882753911e-01 4.403922090517241594e-01 0.000000000000000000e+00 0.000000000000000000e+00 0.000000000000000000e+00 0.000000000000000000e+00 0.000000000000000000e+00 0.000000000000000000e+00 0.000000000000000000e+00 0.000000000000000000e+00 0.000000000000000000e+00 0.000000000000000000e+00 0.000000000000000000e+00
4.777784220770489587e-01 3.350617509168646313e-01 4.471225357450165361e-01 2.849231124254266168e-01 4.286399809022790608e-01 1.860493625166682319e-01 4.530818114059383395e-01 3.234554257695778645e-01 4.418118555673382630e-01 3.281826631690325513e-01 4.473623479679707526e-01 3.911395502647981304e-01 4.332595444768557180e-01 3.614322386873302095e-01 4.613339335712883238e-01 3.423160214022183401e-01 4.661706305033461728e-01 4.224200166120768984e-01 5.077484957601081650e-01 3.470208011480823140e-01 0.000000000000000000e+00 0.000000000000000000e+00 4.379874281819390869e-01 2.041403702285314314e-01 4.549995145752895320e-01 2.206411912418735077e-01 4.619362758620689791e-01 3.108966638101774982e-01 4.664186236185118850e-01 4.010217737110723935e-01 4.212138070748067675e-01 2.605010663825217399e-01 4.960186349153600793e-01 3.840074727224202511e-01 4.526517928994083229e-01 5.115780167880431550e-01 4.662436545934411924e-01 4.573256210154643675e-01 0.000000000000000000e+00 4.630948836174944017e-01 0.000000000000000000e+00 0.000000000000000000e+00 0.000000000000000000e+00 4.405783132530119439e-01 0.000000000000000000e+00 4.990979979707792502e-01 0.000000000000000000e+00 4.391422356321839082e-01 4.931668362068966083e-01 4.688667697381136423e-01 4.541220291970803347e-01 4.340128690850417748e-01 0.000000000000000000e+00 4.219567187586877877e-01 0.000000000000000000e+00 0.000000000000000000e+00 5.080489252873562345e-01 4.276180616994293970e-01 4.909090743982218452e-01 4.576593670350384002e-01 4.667218851574799765e-01 4.220540206968791952e-01 4.629241384615384591e-01 4.191804632127055230e-01 0.000000000000000000e+00 4.304370358914537120e-01 4.885995917127496369e-01 4.741241918550296863e-01 0.000000000000000000e+00 4.428578443971628587e-01 4.718394545224056102e-01 3.709938367470327902e-01 4.386366154844568155e-01 3.872579380716986153e-01 0.000000000000000000e+00 3.721465385633633272e-01 4.591289628033199954e-01 4.125726413960210115e-01 0.000000000000000000e+00 0.000000000000000000e+00 0.000000000000000000e+00 4.135096683031754816e-01 0.000000000000000000e+00 0.000000000000000000e+00 0.000000000000000000e+00 4.256218606614777245e-01 0.000000000000000000e+00 0.000000000000000000e+00 0.000000000000000000e+00 4.410026181760238750e-01 4.829551493506493154e-01 4.790808846290656176e-01 4.583325847953216847e-01 4.314688241848463335e-01 4.410953277097902081e-01 0.000000000000000000e+00 4.566009504322602885e-01 4.912146907040215726e-01 4.787025121429450691e-01 4.973946666850878606e-01 0.000000000000000000e+00 4.982833923076922522e-01 4.425147260273971650e-01 4.673735621715148225e-01 4.786834347826086633e-01 4.711312578549007313e-01 0.000000000000000000e+00 0.000000000000000000e+00 0.000000000000000000e+00 0.000000000000000000e+00 0.000000000000000000e+00 0.000000000000000000e+00 0.000000000000000000e+00 0.000000000000000000e+00 0.000000000000000000e+00 0.000000000000000000e+00
0.000000000000000000e+00 0.000000000000000000e+00 2.086012165477652280e-01 4.286399809022790608e-01 1.800397008136860599e-01 4.172048094238943183e-01 2.910690854250096438e-01 4.049343924050632926e-01 2.297810458808080825e-01 4.379592979440971590e-01 0.000000000000000000e+00 0.000000000000000000e+00 3.560877084029019923e-01 0.000000000000000000e+00 2.596728229630920759e-01 4.198420693069305765e-01 0.000000000000000000e+00 0.000000000000000000e+00 3.737742025190639028e-01 4.445415624999999871e-01 4.450454999999998162e-01 0.000000000000000000e+00 2.481780478887878061e-01 4.332284878693171137e-01 2.233276676348446843e-01 3.885956857067421333e-01 2.417297203553789853e-01 3.731978240469066010e-01 3.402724824557211702e-01 0.000000000000000000e+00 2.970665488718171043e-01 3.619300320187161524e-01 3.521838950320512751e-01 0.000000000000000000e+00 0.000000000000000000e+00 0.000000000000000000e+00 3.836199129981024414e-01 0.000000000000000000e+00 0.000000000000000000e+00 0.000000000000000000e+00 0.000000000000000000e+00 0.000000000000000000e+00 4.376422512987013236e-01 0.000000000000000000e+00 4.388402467359445724e-01 0.000000000000000000e+00 4.480698978102189978e-01 0.000000000000000000e+00 0.000000000000000000e+00 0.000000000000000000e+00 0.000000000000000000e+00 0.000000000000000000e+00 0.000000000000000000e+00 0.000000000000000000e+00 0.000000000000000000e+00 0.000000000000000000e+00 0.000000000000000000e+00 0.000000000000000000e+00 0.000000000000000000e+00 0.000000000000000000e+00 0.000000000000000000e+00 0.000000000000000000e+00 3.420331260504201887e-01 0.000000000000000000e+00 0.000000000000000000e+00 0.000000000000000000e+00 4.052702231620038953e-01 0.000000000000000000e+00 0.000000000000000000e+00 0.000000000000000000e+00 3.156135909700162889e-01 4.672400897435897704e-01 3.334922581194780244e-01 0.000000000000000000e+00 2.942818250371962985e-01 0.000000000000000000e+00 3.578168805625189797e-01 0.000000000000000000e+00 0.000000000000000000e+00 0.000000000000000000e+00 0.000000000000000000e+00 0.000000000000000000e+00 0.000000000000000000e+00 0.000000000000000000e+00 3.857021360944162813e-01 0.000000000000000000e+00 0.000000000000000000e+00 0.000000000000000000e+00 3.659267176470588079e-01 0.000000000000000000e+00 0.000000000000000000e+00 0.000000000000000000e+00 0.000000000000000000e+00 0.000000000000000000e+00 0.000000000000000000e+00 0.000000000000000000e+00 0.000000000000000000e+00 0.000000000000000000e+00 0.000000000000000000e+00 0.000000000000000000e+00 0.000000000000000000e+00 0.000000000000000000e+00 0.000000000000000000e+00 0.000000000000000000e+00 0.000000000000000000e+00 0.000000000000000000e+00 0.000000000000000000e+00 0.000000000000000000e+00 0.000000000000000000e+00 0.000000000000000000e+00 0.000000000000000000e+00 0.000000000000000000e+00 0.000000000000000000e+00 0.000000000000000000e+00 0.000000000000000000e+00 0.000000000000000000e+00
0.000000000000000000e+00 0.000000000000000000e+00 4.040617969556046796e-01 1.860493625166682319e-01 4.172048094238943183e-01 1.692544878140209985e-01 4.021250626444752840e-01 2.932604884362897679e-01 0.000000000000000000e+00 1.838215677526224556e-01 0.000000000000000000e+00 3.019747735849055981e-01 4.650812474242424499e-01 3.167397770562770942e-01 0.000000000000000000e+00 2.639381849802883151e-01 0.000000000000000000e+00 0.000000000000000000e+00 0.000000000000000000e+00 3.509344114989686458e-01 3.396315375765746047e-01 3.221517942307692284e-01 4.379528567663396599e-01 1.706281847539932450e-01 4.335224751833626766e-01 1.901801104239315143e-01 4.569899710075703281e-01 2.455126648292016711e-01 0.000000000000000000e+00 2.629031467404852052e-01 4.289689638058225007e-01 2.918202215560447566e-01 0.000000000000000000e+00 3.542972928167234525e-01 0.000000000000000000e+00 0.000000000000000000e+00 0.000000000000000000e+00 0.000000000000000000e+00 0.000000000000000000e+00 0.000000000000000000e+00 0.000000000000000000e+00 0.000000000000000000e+00 0.000000000000000000e+00 0.000000000000000000e+00 0.000000000000000000e+00 0.000000000000000000e+00 0.000000000000000000e+00 4.396745081300812985e-01 0.000000000000000000e+00 0.000000000000000000e+00 0.000000000000000000e+00 0.000000000000000000e+00 0.000000000000000000e+00 4.658245514018692912e-01 0.000000000000000000e+00 4.535221858407079143e-01 0.000000000000000000e+00 0.000000000000000000e+00 0.000000000000000000e+00 4.455823945578230583e-01 0.000000000000000000e+00 0.000000000000000000e+00 0.000000000000000000e+00 0.000000000000000000e+00 0.000000000000000000e+00 0.000000000000000000e+00 5.312482833333332932e-01 0.000000000000000000e+00 0.000000000000000000e+00 0.000000000000000000e+00 4.824429789453314465e-01 3.285449921700435705e-01 3.954989545454545286e-01 3.334404120104429992e-01 0.000000000000000000e+00 3.087733232417866902e-01 0.000000000000000000e+00 3.499905342517196649e-01 0.000000000000000000e+00 0.000000000000000000e+00 0.000000000000000000e+00 0.000000000000000000e+00 0.000000000000000000e+00 0.000000000000000000e+00 0.000000000000000000e+00 4.085172717869078318e-01 0.000000000000000000e+00 0.000000000000000000e+00 0.000000000000000000e+00 4.106062125000000118e-01 0.000000000000000000e+00 0.000000000000000000e+00 0.000000000000000000e+00 0.000000000000000000e+00 0.000000000000000000e+00 0.000000000000000000e+00 0.000000000000000000e+00 0.000000000000000000e+00 0.000000000000000000e+00 0.000000000000000000e+00 0.000000000000000000e+00 0.000000000000000000e+00 0.000000000000000000e+00 0.000000000000000000e+00 0.000000000000000000e+00 0.000000000000000000e+00 0.000000000000000000e+00 0.000000000000000000e+00 0.000000000000000000e+00 0.000000000000000000e+00 0.000000000000000000e+00 0.000000000000000000e+00 0.000000000000000000e+00 0.000000000000000000e+00 0.000000000000000000e+00 0.000000000000000000e+00
3.720148723214152797e-01 4.667475073457861834e-01 3.374124461307673739e-01 4.530818114059383395e-01 2.910690854250096438e-01 4.021250626444752840e-01 2.816299362869176814e-01 4.428536786445049223e-01 2.328889223683982268e-01 4.479110694885362065e-01 3.389452399420141981e-01 4.446821462068592523e-01 2.881284293285176767e-01 4.400386900572110238e-01 3.536063410421795283e-01 4.327747564752029708e-01 3.946678609564817086e-01 4.690259367109794186e-01 4.275491822469771885e-01 4.769002618250343106e-01 0.000000000000000000e+00 0.000000000000000000e+00 4.087037428760802449e-01 4.456084211209789814e-01 0.000000000000000000e+00 4.423142310344827521e-01 2.704230000000000800e-01 0.000000000000000000e+00 3.576873539362088739e-01 4.511764940969659743e-01 3.859190253696985762e-01 4.277381643475841044e-01 4.170911424271752099e-01 4.569224722961135465e-01 5.143838913043478067e-01 0.000000000000000000e+00 3.877150051414664511e-01 4.442035599999999973e-01 0.000000000000000000e+00 0.000000000000000000e+00 0.000000000000000000e+00 0.000000000000000000e+00 3.936239170362159090e-01 0.000000000000000000e+00 4.074098830967116669e-01 0.000000000000000000e+00 4.123558771612965135e-01 0.000000000000000000e+00 4.042355504575296798e-01 5.014028951048951077e-01 4.064387603431010576e-01 0.000000000000000000e+00 3.991474242485722468e-01 0.000000000000000000e+00 3.977549939478773333e-01 0.000000000000000000e+00 4.003639883129330168e-01 5.175913137254901653e-01 4.242818126291081904e-01 4.719446369430682631e-01 4.065100418561718443e-01 0.000000000000000000e+00 3.742647651004803455e-01 0.000000000000000000e+00 4.129660838272650736e-01 0.000000000000000000e+00 4.590350032573710104e-01 4.787478046966504586e-01 4.295643140437664931e-01 4.641485289449112650e-01 3.217984998949413034e-01 0.000000000000000000e+00 3.513031249723237437e-01 4.393359918346144144e-01 3.206801520833333363e-01 0.000000000000000000e+00 3.802142841348756241e-01 4.377467820250182662e-01 3.560510537634408168e-01 0.000000000000000000e+00 3.857770424035941725e-01 0.000000000000000000e+00 4.041477869137497514e-01 0.000000000000000000e+00 4.242445483595138622e-01 0.000000000000000000e+00 0.000000000000000000e+00 0.000000000000000000e+00 4.196609303768889521e-01 0.000000000000000000e+00 0.000000000000000000e+00 4.271638984375000225e-01 0.000000000000000000e+00 0.000000000000000000e+00 4.755448351648352556e-01 0.000000000000000000e+00 0.000000000000000000e+00 0.000000000000000000e+00 0.000000000000000000e+00 0.000000000000000000e+00 3.597210000000000130e-01 0.000000000000000000e+00 4.350295973200313249e-01 4.255660061583832476e-01 4.406681680672268620e-01 0.000000000000000000e+00 0.000000000000000000e+00 0.000000000000000000e+00 0.000000000000000000e+00 0.000000000000000000e+00 0.000000000000000000e+00 0.000000000000000000e+00 0.000000000000000000e+00 0.000000000000000000e+00 0.000000000000000000e+00 0.000000000000000000e+00
4.466995354312236488e-01 3.197692412060496037e-01 4.548403360220800717e-01 3.234554257695778645e-01 4.049343924050632926e-01 2.932604884362897679e-01 4.428536786445049223e-01 2.583684739694474541e-01 0.000000000000000000e+00 2.634775623071752282e-01 4.448442003440092329e-01 2.817171973362425641e-01 4.334027641168761158e-01 3.054339166255727878e-01 0.000000000000000000e+00 3.040379430338394640e-01 4.446194162627451485e-01 3.933560855653019384e-01 4.610615189247387335e-01 3.957247804454820383e-01 0.000000000000000000e+00 0.000000000000000000e+00 4.583591283924668969e-01 3.533297154530919415e-01 4.638885764705882320e-01 0.000000000000000000e+00 0.000000000000000000e+00 0.000000000000000000e+00 4.409601259167009735e-01 3.443941047627768759e-01 4.221937505499465670e-01 3.608122719830246239e-01 4.691029211232139451e-01 3.637832687757663885e-01 0.000000000000000000e+00 0.000000000000000000e+00 4.614017907332666479e-01 4.083192257678825432e-01 0.000000000000000000e+00 4.198383248510048626e-01 0.000000000000000000e+00 0.000000000000000000e+00 0.000000000000000000e+00 0.000000000000000000e+00 0.000000000000000000e+00 3.972167305516380864e-01 0.000000000000000000e+00 3.768057222222221947e-01 0.000000000000000000e+00 4.197228957441361263e-01 4.340137213234234737e-01 4.008629842504823348e-01 0.000000000000000000e+00 3.920382331659965081e-01 0.000000000000000000e+00 3.948347990825121223e-01 4.272716043052476320e-01 4.004404435490805936e-01 0.000000000000000000e+00 4.314920550935687493e-01 0.000000000000000000e+00 4.033433106018541880e-01 0.000000000000000000e+00 4.119939363889075779e-01 4.603470430005147107e-01 4.089480100611148639e-01 4.566473675975922797e-01 4.426288697453333310e-01 4.841936274509803795e-01 4.090765785375720665e-01 4.598072580723076008e-01 3.001194992923308935e-01 4.344501620475021419e-01 3.557171870357435095e-01 0.000000000000000000e+00 3.574563399100047500e-01 4.473845600171197923e-01 3.740805648273092809e-01 0.000000000000000000e+00 3.426401294117647489e-01 0.000000000000000000e+00 4.211842338218895754e-01 0.000000000000000000e+00 0.000000000000000000e+00 0.000000000000000000e+00 4.177722141238814912e-01 0.000000000000000000e+00 3.677222340136054868e-01 0.000000000000000000e+00 4.283802730930273417e-01 4.229560215827338210e-01 4.442216967499509339e-01 0.000000000000000000e+00 0.000000000000000000e+00 4.415666807764090929e-01 4.551990937500000611e-01 4.465602291666666557e-01 0.000000000000000000e+00 4.881678336131198281e-01 3.970982290393701430e-01 0.000000000000000000e+00 0.000000000000000000e+00 4.548228038981922960e-01 4.285046163333013358e-01 4.200603850467289901e-01 0.000000000000000000e+00 0.000000000000000000e+00 0.000000000000000000e+00 0.000000000000000000e+00 0.000000000000000000e+00 0.000000000000000000e+00 0.000000000000000000e+00 0.000000000000000000e+00 0.000000000000000000e+00 0.000000000000000000e+00 0.000000000000000000e+00
3.340064868421052657e-01 0.000000000000000000e+00 3.167801710353756461e-01 4.418118555673382630e-01 2.297810458808080825e-01 0.000000000000000000e+00 2.328889223683982268e-01 0.000000000000000000e+00 2.279821572602607482e-01 0.000000000000000000e+00 0.000000000000000000e+00 0.000000000000000000e+00 2.683982309228162833e-01 0.000000000000000000e+00 2.732133474500937909e-01 0.000000000000000000e+00 0.000000000000000000e+00 0.000000000000000000e+00 0.000000000000000000e+00 0.000000000000000000e+00 4.217337916666666353e-01 0.000000000000000000e+00 3.271458199017199253e-01 0.000000000000000000e+00 2.653950278913674854e-01 0.000000000000000000e+00 2.258202271689039864e-01 0.000000000000000000e+00 3.224757260174797580e-01 0.000000000000000000e+00 0.000000000000000000e+00 4.138563065593683366e-01 3.692987500000000090e-01 0.000000000000000000e+00 0.000000000000000000e+00 0.000000000000000000e+00 3.367535616438356305e-01 0.000000000000000000e+00 4.083452535211267720e-01 0.000000000000000000e+00 0.000000000000000000e+00 0.000000000000000000e+00 0.000000000000000000e+00 0.000000000000000000e+00 4.558116094674556917e-01 0.000000000000000000e+00 4.526005387596899743e-01 0.000000000000000000e+00 4.660512426470588276e-01 0.000000000000000000e+00 4.314340971051842111e-01 5.331682430939226336e-01 0.000000000000000000e+00 0.000000000000000000e+00 4.314713333333333733e-01 0.000000000000000000e+00 4.127673846153845916e-01 0.000000000000000000e+00 0.000000000000000000e+00 0.000000000000000000e+00 3.778337741935483551e-01 0.000000000000000000e+00 0.000000000000000000e+00 0.000000000000000000e+00 3.869931333333333501e-01 0.000000000000000000e+00 0.000000000000000000e+00 0.000000000000000000e+00 4.689754931506850411e-01 0.000000000000000000e+00 3.019978072007559189e-01 0.000000000000000000e+00 3.551390475485912690e-01 5.332550104712041605e-01 3.214928064115021300e-01 0.000000000000000000e+00 3.654243450263560122e-01 0.000000000000000000e+00 0.000000000000000000e+00 0.000000000000000000e+00 3.637949750000000204e-01 0.000000000000000000e+00 0.000000000000000000e+00 0.000000000000000000e+00 3.949217469328195063e-01 0.000000000000000000e+00 3.838346296296296090e-01 0.000000000000000000e+00 3.876224555531397886e-01 0.000000000000000000e+00 0.000000000000000000e+00 0.000000000000000000e+00 0.000000000000000000e+00 0.000000000000000000e+00 0.000000000000000000e+00 0.000000000000000000e+00 0.000000000000000000e+00 0.000000000000000000e+00 0.000000000000000000e+00 0.000000000000000000e+00 0.000000000000000000e+00 0.000000000000000000e+00 0.000000000000000000e+00 0.000000000000000000e+00 0.000000000000000000e+00 0.000000000000000000e+00 0.000000000000000000e+00 0.000000000000000000e+00 0.000000000000000000e+00 0.000000000000000000e+00 0.000000000000000000e+00 0.000000000000000000e+00 0.000000000000000000e+00 0.000000000000000000e+00 0.000000000000000000e+00 0.000000000000000000e+00
0.000000000000000000e+00 3.356891557622378452e-01 4.329489301451844296e-01 3.281826631690325513e-01 4.379592979440971590e-01 1.838215677526224556e-01 4.479110694885362065e-01 2.634775623071752282e-01 0.000000000000000000e+00 1.692963362233036173e-01 0.000000000000000000e+00 3.181133547000113415e-01 4.380786534090909123e-01 3.431911278791032749e-01 0.000000000000000000e+00 2.518383211888375883e-01 0.000000000000000000e+00 3.783875732834507399e-01 0.000000000000000000e+00 3.531076891736024681e-01 0.000000000000000000e+00 0.000000000000000000e+00 4.429346408582469086e-01 3.458482095204486462e-01 4.299695234002336441e-01 0.000000000000000000e+00 4.147344054054054041e-01 2.364764180635011426e-01 0.000000000000000000e+00 3.098394287791406132e-01 4.095912876052548168e-01 3.319187173967846904e-01 0.000000000000000000e+00 2.941543442680715215e-01 0.000000000000000000e+00 0.000000000000000000e+00 0.000000000000000000e+00 3.995164059639639831e-01 0.000000000000000000e+00 0.000000000000000000e+00 0.000000000000000000e+00 0.000000000000000000e+00 0.000000000000000000e+00 0.000000000000000000e+00 0.000000000000000000e+00 0.000000000000000000e+00 0.000000000000000000e+00 0.000000000000000000e+00 0.000000000000000000e+00 0.000000000000000000e+00 0.000000000000000000e+00 3.654834320285328397e-01 0.000000000000000000e+00 3.520119801324503306e-01 0.000000000000000000e+00 0.000000000000000000e+00 0.000000000000000000e+00 3.849010501089324410e-01 0.000000000000000000e+00 4.128273938297675194e-01 0.000000000000000000e+00 3.709395144028595492e-01 0.000000000000000000e+00 3.770569017486081198e-01 0.000000000000000000e+00 3.860556210567178126e-01 0.000000000000000000e+00 4.088489655172413695e-01 0.000000000000000000e+00 0.000000000000000000e+00 0.000000000000000000e+00 3.226820887760714074e-01 0.000000000000000000e+00 3.367518815181628766e-01 0.000000000000000000e+00 3.294479979381034762e-01 4.362387230769230739e-01 3.602528783646212762e-01 0.000000000000000000e+00 0.000000000000000000e+00 0.000000000000000000e+00 3.875438372669993137e-01 0.000000000000000000e+00 0.000000000000000000e+00 0.000000000000000000e+00 4.018183438564511545e-01 0.000000000000000000e+00 3.866212619047618149e-01 0.000000000000000000e+00 4.001101679709642145e-01 0.000000000000000000e+00 0.000000000000000000e+00 0.000000000000000000e+00 0.000000000000000000e+00 0.000000000000000000e+00 0.000000000000000000e+00 0.000000000000000000e+00 0.000000000000000000e+00 3.868653082706766666e-01 0.000000000000000000e+00 0.000000000000000000e+00 0.000000000000000000e+00 0.000000000000000000e+00 3.867379489051094854e-01 0.000000000000000000e+00 0.000000000000000000e+00 0.000000000000000000e+00 0.000000000000000000e+00 0.000000000000000000e+00 0.000000000000000000e+00 0.000000000000000000e+00 0.000000000000000000e+00 0.000000000000000000e+00 0.000000000000000000e+00 0.000000000000000000e+00 0.000000000000000000e+00
3.167334293242329846e-01 4.377004635514056829e-01 4.029605053561748362e-01 4.473623479679707526e-01 0.000000000000000000e+00 0.000000000000000000e+00 3.389452399420141981e-01 4.448442003440092329e-01 0.000000000000000000e+00 0.000000000000000000e+00 3.300112466588360216e-01 4.357314711538461949e-01 3.174120750583880324e-01 4.509260037913527253e-01 3.690320672268907476e-01 0.000000000000000000e+00 3.169914990755471340e-01 0.000000000000000000e+00 4.214421920568829916e-01 4.723232905973642204e-01 0.000000000000000000e+00 0.000000000000000000e+00 4.151240918336982499e-01 4.491053702211947329e-01 0.000000000000000000e+00 0.000000000000000000e+00 0.000000000000000000e+00 0.000000000000000000e+00 3.885435020892751279e-01 4.671162266666666896e-01 4.008421418038942696e-01 4.455266329097522515e-01 4.092510325521508951e-01 4.631126231291317619e-01 4.749987763933697371e-01 0.000000000000000000e+00 0.000000000000000000e+00 0.000000000000000000e+00 0.000000000000000000e+00 0.000000000000000000e+00 0.000000000000000000e+00 0.000000000000000000e+00 4.152042302158274190e-01 0.000000000000000000e+00 4.523662513168092980e-01 0.000000000000000000e+00 0.000000000000000000e+00 0.000000000000000000e+00 4.483421984638526481e-01 0.000000000000000000e+00 4.377998478450389475e-01 0.000000000000000000e+00 0.000000000000000000e+00 0.000000000000000000e+00 4.180448497931035234e-01 0.000000000000000000e+00 3.788324068846223303e-01 0.000000000000000000e+00 4.499528781369623864e-01 0.000000000000000000e+00 4.394532951022880884e-01 0.000000000000000000e+00 4.349689627336993381e-01 0.000000000000000000e+00 4.471844201939684793e-01 0.000000000000000000e+00 4.611456939975612235e-01 4.769305804195804743e-01 4.476135821686391125e-01 0.000000000000000000e+00 3.552024181667317593e-01 0.000000000000000000e+00 3.896146195753322772e-01 4.313478433734939665e-01 0.000000000000000000e+00 0.000000000000000000e+00 4.075999860926887708e-01 4.458876470510960144e-01 0.000000000000000000e+00 0.000000000000000000e+00 4.214856837127500810e-01 0.000000000000000000e+00 0.000000000000000000e+00 0.000000000000000000e+00 4.489178709588909633e-01 0.000000000000000000e+00 0.000000000000000000e+00 0.000000000000000000e+00 4.611271952428451781e-01 0.000000000000000000e+00 0.000000000000000000e+00 0.000000000000000000e+00 0.000000000000000000e+00 0.000000000000000000e+00 0.000000000000000000e+00 0.000000000000000000e+00 0.000000000000000000e+00 0.000000000000000000e+00 0.000000000000000000e+00 0.000000000000000000e+00 0.000000000000000000e+00 0.000000000000000000e+00 0.000000000000000000e+00 0.000000000000000000e+00 0.000000000000000000e+00 0.000000000000000000e+00 0.000000000000000000e+00 0.000000000000000000e+00 0.000000000000000000e+00 0.000000000000000000e+00 0.000000000000000000e+00 0.000000000000000000e+00 0.000000000000000000e+00 0.000000000000000000e+00 0.000000000000000000e+00 0.000000000000000000e+00
4.438672727272726104e-01 3.384677565594131909e-01 4.251777447874033888e-01 3.911395502647981304e-01 0.000000000000000000e+00 3.019747735849055981e-01 4.446821462068592523e-01 2.817171973362425641e-01 0.000000000000000000e+00 3.181133547000113415e-01 4.357314711538461949e-01 2.516641431171330323e-01 4.296816117647059285e-01 2.358166067453425219e-01 0.000000000000000000e+00 3.749632150557598576e-01 4.725902886597938557e-01 3.807774121446653171e-01 4.653226423831070546e-01 4.133332069469676240e-01 0.000000000000000000e+00 0.000000000000000000e+00 4.641369864671682777e-01 3.946905247184058774e-01 0.000000000000000000e+00 0.000000000000000000e+00 0.000000000000000000e+00 0.000000000000000000e+00 4.334057810328369453e-01 3.269810417818376780e-01 4.266578267866428797e-01 4.032699007373475308e-01 0.000000000000000000e+00 3.834209295998098899e-01 0.000000000000000000e+00 0.000000000000000000e+00 4.782601588785047042e-01 0.000000000000000000e+00 0.000000000000000000e+00 0.000000000000000000e+00 0.000000000000000000e+00 0.000000000000000000e+00 0.000000000000000000e+00 0.000000000000000000e+00 0.000000000000000000e+00 5.007234916666666313e-01 0.000000000000000000e+00 0.000000000000000000e+00 0.000000000000000000e+00 3.996590176877823919e-01 0.000000000000000000e+00 4.177700262827107047e-01 0.000000000000000000e+00 4.468261650485436665e-01 0.000000000000000000e+00 4.021405196850393882e-01 0.000000000000000000e+00 4.089835894713759190e-01 0.000000000000000000e+00 4.463703670641996357e-01 0.000000000000000000e+00 4.302597637818167398e-01 0.000000000000000000e+00 4.256180325759292837e-01 0.000000000000000000e+00 4.394974909112417949e-01 0.000000000000000000e+00 4.474072167743858297e-01 0.000000000000000000e+00 4.224222833333333149e-01 4.552627529411765184e-01 3.585516478376997718e-01 4.426604475165598629e-01 3.586472100175348010e-01 0.000000000000000000e+00 0.000000000000000000e+00 4.633525341112560980e-01 3.653789333854188248e-01 0.000000000000000000e+00 0.000000000000000000e+00 0.000000000000000000e+00 4.365655449162662571e-01 0.000000000000000000e+00 0.000000000000000000e+00 0.000000000000000000e+00 4.531800185804715775e-01 0.000000000000000000e+00 4.479522653061224768e-01 0.000000000000000000e+00 4.688256212374997123e-01 0.000000000000000000e+00 0.000000000000000000e+00 0.000000000000000000e+00 0.000000000000000000e+00 0.000000000000000000e+00 0.000000000000000000e+00 0.000000000000000000e+00 0.000000000000000000e+00 0.000000000000000000e+00 0.000000000000000000e+00 0.000000000000000000e+00 0.000000000000000000e+00 0.000000000000000000e+00 0.000000000000000000e+00 0.000000000000000000e+00 0.000000000000000000e+00 0.000000000000000000e+00 0.000000000000000000e+00 0.000000000000000000e+00 0.000000000000000000e+00 0.000000000000000000e+00 0.000000000000000000e+00 0.000000000000000000e+00 0.000000000000000000e+00 0.000000000000000000e+00 0.000000000000000000e+00
3.750469059121712134e-01 0.000000000000000000e+00 3.616350097671732211e-01 4.332595444768557180e-01 3.560877084029019923e-01 4.650812474242424499e-01 2.881284293285176767e-01 4.334027641168761158e-01 2.683982309228162833e-01 4.380786534090909123e-01 3.174120750583880324e-01 4.296816117647059285e-01 2.423872514411218315e-01 4.301825341858505625e-01 3.251704900696828493e-01 4.671272124310289486e-01 3.902172509545155932e-01 0.000000000000000000e+00 4.040211222803890556e-01 4.504483715751240180e-01 0.000000000000000000e+00 0.000000000000000000e+00 3.877895231583822211e-01 4.475764347023371559e-01 0.000000000000000000e+00 0.000000000000000000e+00 0.000000000000000000e+00 0.000000000000000000e+00 3.329346536233845910e-01 4.394107091018685796e-01 3.831500666319452852e-01 4.253288405151382512e-01 3.979392654425438214e-01 4.504503632889253484e-01 0.000000000000000000e+00 0.000000000000000000e+00 4.135055967741935179e-01 0.000000000000000000e+00 0.000000000000000000e+00 0.000000000000000000e+00 0.000000000000000000e+00 0.000000000000000000e+00 0.000000000000000000e+00 0.000000000000000000e+00 0.000000000000000000e+00 0.000000000000000000e+00 4.316374285714286163e-01 0.000000000000000000e+00 4.352706277372262456e-01 0.000000000000000000e+00 4.232181852565570779e-01 0.000000000000000000e+00 4.379949256198346630e-01 0.000000000000000000e+00 4.158256142513691023e-01 0.000000000000000000e+00 3.981482494508912784e-01 0.000000000000000000e+00 4.222068923908132154e-01 0.000000000000000000e+00 4.284812166583297777e-01 0.000000000000000000e+00 3.988082961099911894e-01 0.000000000000000000e+00 4.265049914603519232e-01 0.000000000000000000e+00 4.561160267742305763e-01 0.000000000000000000e+00 4.324407684578578936e-01 0.000000000000000000e+00 3.089975590250236270e-01 0.000000000000000000e+00 3.614491190165162182e-01 4.513928606372801799e-01 3.257474548387096491e-01 0.000000000000000000e+00 3.818802816248603738e-01 4.340013560452871122e-01 3.891402597402597308e-01 0.000000000000000000e+00 3.931783151214715555e-01 0.000000000000000000e+00 0.000000000000000000e+00 0.000000000000000000e+00 4.296885847167744021e-01 0.000000000000000000e+00 4.155421888327721636e-01 0.000000000000000000e+00 4.231226766357840119e-01 0.000000000000000000e+00 0.000000000000000000e+00 0.000000000000000000e+00 0.000000000000000000e+00 0.000000000000000000e+00 0.000000000000000000e+00 0.000000000000000000e+00 0.000000000000000000e+00 0.000000000000000000e+00 0.000000000000000000e+00 0.000000000000000000e+00 0.000000000000000000e+00 0.000000000000000000e+00 0.000000000000000000e+00 0.000000000000000000e+00 0.000000000000000000e+00 0.000000000000000000e+00 0.000000000000000000e+00 0.000000000000000000e+00 0.000000000000000000e+00 0.000000000000000000e+00 0.000000000000000000e+00 0.000000000000000000e+00 0.000000000000000000e+00 0.000000000000000000e+00 0.000000000000000000e+00 0.000000000000000000e+00
