2.988152867416237757e-01 4.779012215100459926e-01 3.805427700329904739e-01 4.847851022178351621e-01 3.949058333333332893e-01 0.000000000000000000e+00 3.320323759727480950e-01 4.550393561049922431e-01 3.639191523018786012e-01 0.000000000000000000e+00 3.311231512510482977e-01 4.682123966917602353e-01 3.707961978491804422e-01 4.415572995201428319e-01 3.636458773272869816e-01 0.000000000000000000e+00 3.356004193334505281e-01 4.744898431648351123e-01 3.980997700780600779e-01 5.014419319827417842e-01 0.000000000000000000e+00 0.000000000000000000e+00 3.880941769279792619e-01 4.866543855421686660e-01 0.000000000000000000e+00 0.000000000000000000e+00 0.000000000000000000e+00 0.000000000000000000e+00 3.923405304895528078e-01 4.717133453694544731e-01 0.000000000000000000e+00 4.350133898305084679e-01 4.125086975287199365e-01 5.000116397689398084e-01 4.528789368985126629e-01 0.000000000000000000e+00 4.875998681625161590e-01 5.072552891566264321e-01 0.000000000000000000e+00 0.000000000000000000e+00 4.495790196078431888e-01 0.000000000000000000e+00 4.289144025681912997e-01 0.000000000000000000e+00 4.512111025188202396e-01 4.834296771653542879e-01 0.000000000000000000e+00 0.000000000000000000e+00 4.484570572268602451e-01 0.000000000000000000e+00 4.285730656169634556e-01 0.000000000000000000e+00 4.384561423248030665e-01 0.000000000000000000e+00 4.304958241081945358e-01 0.000000000000000000e+00 3.302426999626020820e-01 5.053822034759275494e-01 4.227394775482684053e-01 5.028395856608969261e-01 3.989155648402516463e-01 0.000000000000000000e+00 3.854448751274132112e-01 0.000000000000000000e+00 4.138372338498857994e-01 0.000000000000000000e+00 4.440386952521632735e-01 4.971006401089340110e-01 3.435293448160214314e-01 5.104963535823354714e-01 3.429402291784276469e-01 0.000000000000000000e+00 3.907576256994272912e-01 4.635496200710437775e-01 0.000000000000000000e+00 0.000000000000000000e+00 3.961213228180424650e-01 4.612966476684856598e-01 4.630017049180327193e-01 0.000000000000000000e+00 3.567108540182210574e-01 0.000000000000000000e+00 4.288941795774647292e-01 0.000000000000000000e+00 4.332065107931129533e-01 0.000000000000000000e+00 0.000000000000000000e+00 0.000000000000000000e+00 4.259780545722822720e-01 4.535284285714286101e-01 4.729797211216208441e-01 4.537496846153846186e-01 4.514645897981948153e-01 0.000000000000000000e+00 4.486715878031228844e-01 4.393963191489362874e-01 5.152853658697374994e-01 0.000000000000000000e+00 4.494592015204779134e-01 0.000000000000000000e+00 4.309864854550267133e-01 0.000000000000000000e+00 4.519114118654304901e-01 4.351801638842869302e-01 4.674481283865387082e-01 0.000000000000000000e+00 5.159095376344086104e-01 0.000000000000000000e+00 0.000000000000000000e+00 0.000000000000000000e+00 0.000000000000000000e+00 0.000000000000000000e+00 0.000000000000000000e+00 0.000000000000000000e+00 0.000000000000000000e+00 0.000000000000000000e+00
4.779012215100459926e-01 3.124945865115211219e-01 4.999384245552337958e-01 3.339066567876959879e-01 0.000000000000000000e+00 0.000000000000000000e+00 4.724282498961053789e-01 3.154286650521603841e-01 0.000000000000000000e+00 3.763137770274906924e-01 4.536783930046635049e-01 3.567592186823173028e-01 0.000000000000000000e+00 3.855278444857106468e-01 0.000000000000000000e+00 3.963673916653812634e-01 4.887599652515161597e-01 3.039902502891604352e-01 5.136566397793550509e-01 3.991062501237096494e-01 0.000000000000000000e+00 0.000000000000000000e+00 4.562498283506755126e-01 4.183938221148151282e-01 0.000000000000000000e+00 0.000000000000000000e+00 0.000000000000000000e+00 0.000000000000000000e+00 4.919669743589743516e-01 4.477995758763294032e-01 4.167537412528807828e-01 4.472453153153153615e-01 5.107767703436796314e-01 4.751432209625883196e-01 0.000000000000000000e+00 0.000000000000000000e+00 0.000000000000000000e+00 5.163771297558068518e-01 0.000000000000000000e+00 5.302357866709518364e-01 0.000000000000000000e+00 4.309547790697674796e-01 0.000000000000000000e+00 4.615353749124518901e-01 0.000000000000000000e+00 4.550499303093503145e-01 0.000000000000000000e+00 4.612305465842118646e-01 4.653234380165289230e-01 4.233419458020031279e-01 4.994549580419579971e-01 4.109662956592045613e-01 0.000000000000000000e+00 4.196398485617257035e-01 0.000000000000000000e+00 4.215466559866543061e-01 5.222134156616788925e-01 3.137868917431779203e-01 4.987728286849471004e-01 4.117765353531687711e-01 4.707924015343691870e-01 3.953093817748581928e-01 4.756313130434783321e-01 3.778530466647704866e-01 0.000000000000000000e+00 4.181179915709423711e-01 4.959805438410875289e-01 4.124391646222957397e-01 5.303109812527887490e-01 3.517141102923187490e-01 4.531600313467105678e-01 3.806735336390040247e-01 4.780823906179501037e-01 4.270632479412795335e-01 0.000000000000000000e+00 3.899053317406205310e-01 4.613032947360051206e-01 4.286627106149811239e-01 0.000000000000000000e+00 4.085784248413537600e-01 0.000000000000000000e+00 4.173634148623300288e-01 0.000000000000000000e+00 0.000000000000000000e+00 0.000000000000000000e+00 4.325410005735740859e-01 0.000000000000000000e+00 0.000000000000000000e+00 0.000000000000000000e+00 4.386563437860772630e-01 4.480489104477612394e-01 4.914902920698273614e-01 4.438577921989050878e-01 4.918779573564771579e-01 4.490375152746982068e-01 4.647106065167045941e-01 4.771587594471557447e-01 0.000000000000000000e+00 4.371989185185185534e-01 0.000000000000000000e+00 4.701778796992480691e-01 5.595238480000002124e-01 4.464395121418777701e-01 4.676249660384637630e-01 4.809175262280701579e-01 4.606959852135145694e-01 0.000000000000000000e+00 0.000000000000000000e+00 4.005000744680850544e-01 0.000000000000000000e+00 0.000000000000000000e+00 4.731589214285714107e-01 0.000000000000000000e+00 0.000000000000000000e+00 0.000000000000000000e+00 4.427031272727272038e-01
3.805427700329904739e-01 4.999384245552337958e-01 2.477971166590378915e-01 4.598083920368409849e-01 1.777332824087312912e-01 4.561577319213253046e-01 2.981965344951422736e-01 4.609838147669564901e-01 3.343583777083904973e-01 4.337397572972298554e-01 3.847742900934817967e-01 4.795315746789449163e-01 3.536084979257847483e-01 4.487999454950450384e-01 3.376379762460040568e-01 4.516334843447817882e-01 4.078553919209557121e-01 4.928414446553204820e-01 2.996525938821188451e-01 5.051406121598910337e-01 3.242844444444445973e-01 0.000000000000000000e+00 2.292312415943429382e-01 4.516398130148338574e-01 2.122614485734268253e-01 3.870797914577925880e-01 2.893176733273415957e-01 4.630243583333333857e-01 3.718794393741852722e-01 4.810462453782742842e-01 3.685860676235096500e-01 4.276202660121607990e-01 4.109221413414468338e-01 4.777658196007026903e-01 4.555512557791095984e-01 5.062130327868852309e-01 4.673820053716025713e-01 0.000000000000000000e+00 4.453794876033058125e-01 0.000000000000000000e+00 3.958179593222211912e-01 0.000000000000000000e+00 4.237849539423271250e-01 0.000000000000000000e+00 4.541169090562787725e-01 0.000000000000000000e+00 0.000000000000000000e+00 0.000000000000000000e+00 4.066881203314451909e-01 0.000000000000000000e+00 3.917732129450727796e-01 0.000000000000000000e+00 3.861580849056604481e-01 0.000000000000000000e+00 4.143469684941520348e-01 0.000000000000000000e+00 4.008510804897953417e-01 4.912235890179910136e-01 4.520718022512622003e-01 0.000000000000000000e+00 3.919400475689434615e-01 0.000000000000000000e+00 3.667926985112051064e-01 0.000000000000000000e+00 4.034878651511350500e-01 0.000000000000000000e+00 4.510916662036039693e-01 5.181464676955983562e-01 3.837866774181966645e-01 5.390367673886138355e-01 3.760456041467775123e-01 4.749363130613727946e-01 3.795825490069309471e-01 4.664368108635938981e-01 0.000000000000000000e+00 4.235996585365853218e-01 4.052801268430133441e-01 4.672013827489391868e-01 0.000000000000000000e+00 0.000000000000000000e+00 3.932190263661900498e-01 0.000000000000000000e+00 0.000000000000000000e+00 0.000000000000000000e+00 3.824084230156263864e-01 0.000000000000000000e+00 0.000000000000000000e+00 0.000000000000000000e+00 3.733047603125049241e-01 0.000000000000000000e+00 4.401122167419206366e-01 4.390083649635036500e-01 4.397503700599728615e-01 4.396442857142857652e-01 4.391434972840961293e-01 4.215577282787553171e-01 4.509135637914773453e-01 0.000000000000000000e+00 4.673307407551636206e-01 0.000000000000000000e+00 4.115378551724138134e-01 0.000000000000000000e+00 4.266665441377965884e-01 4.579209300762690504e-01 4.482115334505413218e-01 4.918813396226416335e-01 4.319979099099098829e-01 4.422966143790849070e-01 0.000000000000000000e+00 0.000000000000000000e+00 0.000000000000000000e+00 4.489061122698887463e-01 0.000000000000000000e+00 0.000000000000000000e+00 0.000000000000000000e+00 0.000000000000000000e+00
4.847851022178351621e-01 3.339066567876959879e-01 4.598083920368409849e-01 2.450905799014322095e-01 4.387694043927647947e-01 1.920696976583168847e-01 4.644707979701727107e-01 3.105212717685298385e-01 4.588018859485658019e-01 3.454020303033458195e-01 4.486715164414282753e-01 3.964845459149355933e-01 4.545781230914062720e-01 3.757623381540737828e-01 4.477546202595482083e-01 3.414010911749866817e-01 4.774328089313049639e-01 4.256798043475771842e-01 4.885106810861762905e-01 2.846062265810618830e-01 0.000000000000000000e+00 0.000000000000000000e+00 4.461088629699133667e-01 2.499143004151775094e-01 4.642669000000000934e-01 2.489553306841306435e-01 0.000000000000000000e+00 3.336730070105820012e-01 4.603207923104906674e-01 4.019961690661840725e-01 4.372033677958129250e-01 3.603112978246216236e-01 4.880012438160560295e-01 4.207851742960914132e-01 0.000000000000000000e+00 5.049654927536231241e-01 0.000000000000000000e+00 4.839917541555896485e-01 4.365856515151514960e-01 0.000000000000000000e+00 0.000000000000000000e+00 0.000000000000000000e+00 0.000000000000000000e+00 4.603723437050852851e-01 0.000000000000000000e+00 4.882862603663901679e-01 0.000000000000000000e+00 4.321958544303797778e-01 0.000000000000000000e+00 4.401755222285340663e-01 4.562496341463415095e-01 4.089854682785229456e-01 0.000000000000000000e+00 0.000000000000000000e+00 0.000000000000000000e+00 4.462883897542757050e-01 0.000000000000000000e+00 4.293056624492846973e-01 5.337166155591865913e-01 4.407329360205575752e-01 0.000000000000000000e+00 4.395223569514501438e-01 0.000000000000000000e+00 4.085888592143623876e-01 0.000000000000000000e+00 4.231738453178613968e-01 5.142824822288822872e-01 4.463792796010330188e-01 5.281405517684115702e-01 4.460698387932408582e-01 4.929235062011576574e-01 3.824033289280546755e-01 4.595230564492077119e-01 4.010497361641113256e-01 0.000000000000000000e+00 3.771815031928902884e-01 4.491237776743720600e-01 4.208105924022867428e-01 0.000000000000000000e+00 0.000000000000000000e+00 0.000000000000000000e+00 4.239066412291412900e-01 0.000000000000000000e+00 3.578600653917358154e-01 0.000000000000000000e+00 4.202594356387818753e-01 0.000000000000000000e+00 4.148412406015037912e-01 0.000000000000000000e+00 4.422177135222066791e-01 4.394956103918798429e-01 4.461564097426370945e-01 4.380400873754153324e-01 4.463833410852712791e-01 4.575527059437448640e-01 4.134514940614089085e-01 4.385293719485614528e-01 0.000000000000000000e+00 0.000000000000000000e+00 0.000000000000000000e+00 4.599634436619717826e-01 0.000000000000000000e+00 4.533473906636716899e-01 4.376069917797075770e-01 4.378411287878787861e-01 4.674373830426898357e-01 0.000000000000000000e+00 0.000000000000000000e+00 0.000000000000000000e+00 0.000000000000000000e+00 0.000000000000000000e+00 4.649497808219177908e-01 0.000000000000000000e+00 3.987041440677965842e-01 0.000000000000000000e+00 0.000000000000000000e+00
3.949058333333332893e-01 0.000000000000000000e+00 1.777332824087312912e-01 4.387694043927647947e-01 2.070202815789034534e-01 4.463343447488584692e-01 3.328796901218428195e-01 4.362775999999999321e-01 2.493214502175214453e-01 4.512071340496576211e-01 0.000000000000000000e+00 0.000000000000000000e+00 3.429604270899471175e-01 0.000000000000000000e+00 2.656920016132814921e-01 4.580175452380953471e-01 0.000000000000000000e+00 0.000000000000000000e+00 3.597055659869117239e-01 0.000000000000000000e+00 3.143476735236663266e-01 4.240546100543478580e-01 2.138912324494407491e-01 4.551794643833256826e-01 1.900917077930941446e-01 4.314931321548822196e-01 2.471000702423238049e-01 0.000000000000000000e+00 3.534029078096456167e-01 0.000000000000000000e+00 3.934723966116501215e-01 4.024431808480994910e-01 0.000000000000000000e+00 0.000000000000000000e+00 0.000000000000000000e+00 0.000000000000000000e+00 0.000000000000000000e+00 0.000000000000000000e+00 0.000000000000000000e+00 0.000000000000000000e+00 0.000000000000000000e+00 0.000000000000000000e+00 4.527643699421965429e-01 0.000000000000000000e+00 0.000000000000000000e+00 0.000000000000000000e+00 0.000000000000000000e+00 0.000000000000000000e+00 0.000000000000000000e+00 0.000000000000000000e+00 0.000000000000000000e+00 0.000000000000000000e+00 0.000000000000000000e+00 0.000000000000000000e+00 0.000000000000000000e+00 0.000000000000000000e+00 0.000000000000000000e+00 0.000000000000000000e+00 0.000000000000000000e+00 0.000000000000000000e+00 0.000000000000000000e+00 0.000000000000000000e+00 0.000000000000000000e+00 0.000000000000000000e+00 0.000000000000000000e+00 0.000000000000000000e+00 0.000000000000000000e+00 0.000000000000000000e+00 0.000000000000000000e+00 0.000000000000000000e+00 3.710112534224106473e-01 0.000000000000000000e+00 3.537018773856357434e-01 0.000000000000000000e+00 0.000000000000000000e+00 0.000000000000000000e+00 3.480141790824273218e-01 0.000000000000000000e+00 0.000000000000000000e+00 0.000000000000000000e+00 0.000000000000000000e+00 0.000000000000000000e+00 0.000000000000000000e+00 0.000000000000000000e+00 3.727994197530864473e-01 0.000000000000000000e+00 0.000000000000000000e+00 0.000000000000000000e+00 0.000000000000000000e+00 0.000000000000000000e+00 0.000000000000000000e+00 0.000000000000000000e+00 0.000000000000000000e+00 0.000000000000000000e+00 0.000000000000000000e+00 0.000000000000000000e+00 0.000000000000000000e+00 0.000000000000000000e+00 0.000000000000000000e+00 0.000000000000000000e+00 0.000000000000000000e+00 0.000000000000000000e+00 0.000000000000000000e+00 0.000000000000000000e+00 0.000000000000000000e+00 0.000000000000000000e+00 0.000000000000000000e+00 0.000000000000000000e+00 0.000000000000000000e+00 0.000000000000000000e+00 0.000000000000000000e+00 0.000000000000000000e+00 0.000000000000000000e+00 0.000000000000000000e+00 0.000000000000000000e+00 0.000000000000000000e+00
0.000000000000000000e+00 0.000000000000000000e+00 4.561577319213253046e-01 1.920696976583168847e-01 4.463343447488584692e-01 2.086013358539138274e-01 0.000000000000000000e+00 2.131933951970861885e-01 4.246875105882352841e-01 2.238767683598577862e-01 0.000000000000000000e+00 0.000000000000000000e+00 0.000000000000000000e+00 3.545547063378278740e-01 0.000000000000000000e+00 2.807212592787504124e-01 0.000000000000000000e+00 0.000000000000000000e+00 0.000000000000000000e+00 0.000000000000000000e+00 0.000000000000000000e+00 3.543534131339618476e-01 4.336875860406947947e-01 2.547186715248811462e-01 4.226632173597534847e-01 2.630395490406350345e-01 4.070553728813559591e-01 1.977789644868227226e-01 0.000000000000000000e+00 3.078991888454660764e-01 3.964205863673742058e-01 3.437330065619883523e-01 0.000000000000000000e+00 3.774166386996468670e-01 0.000000000000000000e+00 0.000000000000000000e+00 0.000000000000000000e+00 0.000000000000000000e+00 0.000000000000000000e+00 0.000000000000000000e+00 0.000000000000000000e+00 0.000000000000000000e+00 0.000000000000000000e+00 0.000000000000000000e+00 0.000000000000000000e+00 0.000000000000000000e+00 0.000000000000000000e+00 0.000000000000000000e+00 0.000000000000000000e+00 0.000000000000000000e+00 0.000000000000000000e+00 0.000000000000000000e+00 0.000000000000000000e+00 0.000000000000000000e+00 0.000000000000000000e+00 0.000000000000000000e+00 0.000000000000000000e+00 0.000000000000000000e+00 0.000000000000000000e+00 0.000000000000000000e+00 0.000000000000000000e+00 0.000000000000000000e+00 0.000000000000000000e+00 0.000000000000000000e+00 0.000000000000000000e+00 0.000000000000000000e+00 0.000000000000000000e+00 4.648217280701754661e-01 0.000000000000000000e+00 0.000000000000000000e+00 4.777294637684071921e-01 3.685243334222703115e-01 0.000000000000000000e+00 3.500915230258689892e-01 0.000000000000000000e+00 0.000000000000000000e+00 0.000000000000000000e+00 3.474856186364616017e-01 0.000000000000000000e+00 0.000000000000000000e+00 0.000000000000000000e+00 0.000000000000000000e+00 0.000000000000000000e+00 0.000000000000000000e+00 0.000000000000000000e+00 4.139345781250000078e-01 0.000000000000000000e+00 0.000000000000000000e+00 0.000000000000000000e+00 0.000000000000000000e+00 0.000000000000000000e+00 0.000000000000000000e+00 0.000000000000000000e+00 0.000000000000000000e+00 0.000000000000000000e+00 0.000000000000000000e+00 0.000000000000000000e+00 0.000000000000000000e+00 0.000000000000000000e+00 0.000000000000000000e+00 0.000000000000000000e+00 0.000000000000000000e+00 0.000000000000000000e+00 0.000000000000000000e+00 0.000000000000000000e+00 0.000000000000000000e+00 0.000000000000000000e+00 0.000000000000000000e+00 0.000000000000000000e+00 0.000000000000000000e+00 0.000000000000000000e+00 0.000000000000000000e+00 0.000000000000000000e+00 0.000000000000000000e+00 0.000000000000000000e+00 0.000000000000000000e+00
3.320323759727480950e-01 4.724282498961053789e-01 2.981965344951422736e-01 4.644707979701727107e-01 3.328796901218428195e-01 0.000000000000000000e+00 2.794955508673979683e-01 4.514349276967630775e-01 3.177817851406142813e-01 4.200814357310732605e-01 3.484687241645181288e-01 4.628406511463163397e-01 3.346743085710158216e-01 4.495755810426271815e-01 3.429276671082833738e-01 0.000000000000000000e+00 4.106586023283467779e-01 4.711668291190409530e-01 3.869234000025655318e-01 4.855368458446868152e-01 0.000000000000000000e+00 0.000000000000000000e+00 3.566700053177454532e-01 4.633931696232246322e-01 3.313705067466267140e-01 0.000000000000000000e+00 0.000000000000000000e+00 0.000000000000000000e+00 3.729085681528739871e-01 4.594286714793704429e-01 3.668958143602605859e-01 4.341483396157392316e-01 3.934457792282874955e-01 4.622249718822307729e-01 0.000000000000000000e+00 5.066907058823528764e-01 4.659900236567789955e-01 0.000000000000000000e+00 0.000000000000000000e+00 0.000000000000000000e+00 4.387856933806308923e-01 0.000000000000000000e+00 4.213841372549019249e-01 0.000000000000000000e+00 4.507658553393485978e-01 5.469071241379310777e-01 0.000000000000000000e+00 0.000000000000000000e+00 4.183264898021564759e-01 0.000000000000000000e+00 4.107595382015301055e-01 5.020904476148710938e-01 3.984452828819870507e-01 0.000000000000000000e+00 4.113934737148681742e-01 5.031012899408283667e-01 3.999925459833644781e-01 5.382001555555554484e-01 4.249636889970796472e-01 0.000000000000000000e+00 4.100492257859337242e-01 4.568262638888888061e-01 3.722255972598287332e-01 4.343749722222221554e-01 3.957127986148880616e-01 0.000000000000000000e+00 4.502773866513727352e-01 4.892530218033794842e-01 4.223672303676164197e-01 4.680686952380951893e-01 3.509206071075177125e-01 4.408542783107522456e-01 3.687138578463352578e-01 4.629663710507765373e-01 0.000000000000000000e+00 0.000000000000000000e+00 3.758699914069398851e-01 4.493297258250086856e-01 3.657715824175824526e-01 0.000000000000000000e+00 3.779051949597398985e-01 0.000000000000000000e+00 3.925439900460299114e-01 0.000000000000000000e+00 4.012669482363152018e-01 0.000000000000000000e+00 0.000000000000000000e+00 0.000000000000000000e+00 3.964664758789325782e-01 4.601149382716048786e-01 0.000000000000000000e+00 0.000000000000000000e+00 0.000000000000000000e+00 0.000000000000000000e+00 4.269277433861657367e-01 0.000000000000000000e+00 0.000000000000000000e+00 0.000000000000000000e+00 0.000000000000000000e+00 0.000000000000000000e+00 0.000000000000000000e+00 0.000000000000000000e+00 0.000000000000000000e+00 0.000000000000000000e+00 0.000000000000000000e+00 0.000000000000000000e+00 0.000000000000000000e+00 0.000000000000000000e+00 0.000000000000000000e+00 0.000000000000000000e+00 4.553500934579439163e-01 0.000000000000000000e+00 0.000000000000000000e+00 0.000000000000000000e+00 0.000000000000000000e+00 0.000000000000000000e+00
4.550393561049922431e-01 3.154286650521603841e-01 4.609838147669564901e-01 3.105212717685298385e-01 4.362775999999999321e-01 2.131933951970861885e-01 4.514349276967630775e-01 2.608221519656893084e-01 4.431376406275839286e-01 2.966327598181527359e-01 4.429594358853308766e-01 3.122847667443811037e-01 4.403275568468290602e-01 2.865422476316168421e-01 4.538959258241758166e-01 3.476672726885253750e-01 4.524826806838967985e-01 3.816514679074583527e-01 4.662850953293486977e-01 4.091347534402040576e-01 0.000000000000000000e+00 0.000000000000000000e+00 4.478021141386294146e-01 3.731749840474652413e-01 0.000000000000000000e+00 0.000000000000000000e+00 0.000000000000000000e+00 0.000000000000000000e+00 4.590731274015080188e-01 3.691833384835733756e-01 4.413003174447514554e-01 3.794449176638339805e-01 4.531587449797654377e-01 4.092240906602959138e-01 0.000000000000000000e+00 4.939289787704362333e-01 0.000000000000000000e+00 4.407932838117761265e-01 0.000000000000000000e+00 0.000000000000000000e+00 0.000000000000000000e+00 0.000000000000000000e+00 0.000000000000000000e+00 0.000000000000000000e+00 4.343677960199005539e-01 4.362096721284924317e-01 0.000000000000000000e+00 4.362963931623932146e-01 0.000000000000000000e+00 4.332835559244801460e-01 0.000000000000000000e+00 4.001116909006697808e-01 0.000000000000000000e+00 4.014549749220403529e-01 0.000000000000000000e+00 4.388229918699186327e-01 4.437965851063829792e-01 3.952779827400961232e-01 0.000000000000000000e+00 4.215757341497541333e-01 0.000000000000000000e+00 3.902365226839027423e-01 4.463917908354416153e-01 3.918731947618568912e-01 0.000000000000000000e+00 3.937627225551296184e-01 4.892685139680750250e-01 4.609835025294706234e-01 0.000000000000000000e+00 4.088589374407455845e-01 4.732921766016544574e-01 3.283986013558675143e-01 4.503036500381286666e-01 3.895849010990685701e-01 0.000000000000000000e+00 3.641164024521251208e-01 4.473453436028955732e-01 3.987801908581988797e-01 0.000000000000000000e+00 0.000000000000000000e+00 4.710994580152672029e-01 3.981867129848132847e-01 0.000000000000000000e+00 0.000000000000000000e+00 0.000000000000000000e+00 4.097389656338784047e-01 0.000000000000000000e+00 0.000000000000000000e+00 4.524556598639454807e-01 4.113036376208921707e-01 4.201363480113636806e-01 0.000000000000000000e+00 4.658133765432099227e-01 4.216353999999999935e-01 4.204662111111111544e-01 3.555261098901099093e-01 4.657831157024793778e-01 0.000000000000000000e+00 4.359908656910569391e-01 0.000000000000000000e+00 0.000000000000000000e+00 0.000000000000000000e+00 4.400493192307692314e-01 0.000000000000000000e+00 0.000000000000000000e+00 0.000000000000000000e+00 0.000000000000000000e+00 0.000000000000000000e+00 0.000000000000000000e+00 0.000000000000000000e+00 0.000000000000000000e+00 0.000000000000000000e+00 0.000000000000000000e+00 0.000000000000000000e+00 0.000000000000000000e+00 0.000000000000000000e+00
3.639191523018786012e-01 0.000000000000000000e+00 3.343583777083904973e-01 4.588018859485658019e-01 2.493214502175214453e-01 4.246875105882352841e-01 3.177817851406142813e-01 4.431376406275839286e-01 2.232807147280531923e-01 4.438429375000000343e-01 3.501981797181372702e-01 0.000000000000000000e+00 2.517095342025327809e-01 0.000000000000000000e+00 2.644372946949981595e-01 4.563895396825397022e-01 0.000000000000000000e+00 0.000000000000000000e+00 3.899054539040618939e-01 0.000000000000000000e+00 0.000000000000000000e+00 0.000000000000000000e+00 3.344167123486064819e-01 4.563716658507165902e-01 3.069104531182206830e-01 4.058335433046037499e-01 2.837944908906184782e-01 4.254918938307030718e-01 3.280286095553072712e-01 0.000000000000000000e+00 3.675958894612538774e-01 4.214103997778613775e-01 0.000000000000000000e+00 4.033803076923075936e-01 0.000000000000000000e+00 0.000000000000000000e+00 3.404384950495050188e-01 0.000000000000000000e+00 0.000000000000000000e+00 0.000000000000000000e+00 0.000000000000000000e+00 0.000000000000000000e+00 0.000000000000000000e+00 0.000000000000000000e+00 4.034565703703704154e-01 0.000000000000000000e+00 0.000000000000000000e+00 0.000000000000000000e+00 0.000000000000000000e+00 0.000000000000000000e+00 3.734012526504064677e-01 0.000000000000000000e+00 4.199072671755725294e-01 0.000000000000000000e+00 4.020709018404907686e-01 0.000000000000000000e+00 3.810524499461551140e-01 0.000000000000000000e+00 4.202658813559321804e-01 0.000000000000000000e+00 0.000000000000000000e+00 0.000000000000000000e+00 0.000000000000000000e+00 0.000000000000000000e+00 0.000000000000000000e+00 0.000000000000000000e+00 0.000000000000000000e+00 0.000000000000000000e+00 4.094778547313411288e-01 0.000000000000000000e+00 3.097582319183320165e-01 5.034999999999999476e-01 3.262212880435321205e-01 0.000000000000000000e+00 2.860225763888888939e-01 0.000000000000000000e+00 3.550021906314856923e-01 0.000000000000000000e+00 0.000000000000000000e+00 0.000000000000000000e+00 0.000000000000000000e+00 0.000000000000000000e+00 0.000000000000000000e+00 0.000000000000000000e+00 4.092701746031746080e-01 0.000000000000000000e+00 0.000000000000000000e+00 0.000000000000000000e+00 0.000000000000000000e+00 0.000000000000000000e+00 0.000000000000000000e+00 0.000000000000000000e+00 0.000000000000000000e+00 0.000000000000000000e+00 0.000000000000000000e+00 0.000000000000000000e+00 0.000000000000000000e+00 0.000000000000000000e+00 0.000000000000000000e+00 0.000000000000000000e+00 0.000000000000000000e+00 0.000000000000000000e+00 0.000000000000000000e+00 0.000000000000000000e+00 0.000000000000000000e+00 0.000000000000000000e+00 0.000000000000000000e+00 0.000000000000000000e+00 0.000000000000000000e+00 0.000000000000000000e+00 0.000000000000000000e+00 0.000000000000000000e+00 0.000000000000000000e+00 0.000000000000000000e+00 0.000000000000000000e+00 0.000000000000000000e+00
0.000000000000000000e+00 3.763137770274906924e-01 4.337397572972298554e-01 3.454020303033458195e-01 4.512071340496576211e-01 2.238767683598577862e-01 4.200814357310732605e-01 2.966327598181527359e-01 4.438429375000000343e-01 2.814181776107436139e-01 0.000000000000000000e+00 3.708575851410014779e-01 0.000000000000000000e+00 3.360536144535975489e-01 4.684882615463564770e-01 2.951787091196600987e-01 0.000000000000000000e+00 0.000000000000000000e+00 4.056929672131147080e-01 3.828641759188653459e-01 0.000000000000000000e+00 0.000000000000000000e+00 4.453975014912334163e-01 3.404197682063827002e-01 4.245751933779733922e-01 2.953096695229979751e-01 4.416496425407925308e-01 2.154892221756196935e-01 0.000000000000000000e+00 3.455806176755764070e-01 4.235874966082978643e-01 3.660875367226195665e-01 0.000000000000000000e+00 3.908776390263046796e-01 0.000000000000000000e+00 4.923100096153846805e-01 0.000000000000000000e+00 4.050896400000000286e-01 0.000000000000000000e+00 0.000000000000000000e+00 0.000000000000000000e+00 0.000000000000000000e+00 0.000000000000000000e+00 0.000000000000000000e+00 0.000000000000000000e+00 0.000000000000000000e+00 0.000000000000000000e+00 0.000000000000000000e+00 0.000000000000000000e+00 0.000000000000000000e+00 0.000000000000000000e+00 3.765216171875000462e-01 0.000000000000000000e+00 3.892739655172414159e-01 0.000000000000000000e+00 0.000000000000000000e+00 0.000000000000000000e+00 4.312219152542373646e-01 0.000000000000000000e+00 0.000000000000000000e+00 0.000000000000000000e+00 0.000000000000000000e+00 0.000000000000000000e+00 3.858348362068965698e-01 0.000000000000000000e+00 3.994697165354330615e-01 0.000000000000000000e+00 0.000000000000000000e+00 0.000000000000000000e+00 0.000000000000000000e+00 3.600701574074073319e-01 3.495239810390305402e-01 4.265390707568292861e-01 3.557684797364192297e-01 0.000000000000000000e+00 0.000000000000000000e+00 0.000000000000000000e+00 3.818614863975617890e-01 0.000000000000000000e+00 0.000000000000000000e+00 0.000000000000000000e+00 0.000000000000000000e+00 0.000000000000000000e+00 0.000000000000000000e+00 0.000000000000000000e+00 4.044781925925925448e-01 0.000000000000000000e+00 0.000000000000000000e+00 0.000000000000000000e+00 4.161710150375940165e-01 0.000000000000000000e+00 0.000000000000000000e+00 0.000000000000000000e+00 0.000000000000000000e+00 0.000000000000000000e+00 0.000000000000000000e+00 0.000000000000000000e+00 0.000000000000000000e+00 0.000000000000000000e+00 0.000000000000000000e+00 0.000000000000000000e+00 0.000000000000000000e+00 0.000000000000000000e+00 0.000000000000000000e+00 0.000000000000000000e+00 0.000000000000000000e+00 0.000000000000000000e+00 0.000000000000000000e+00 0.000000000000000000e+00 0.000000000000000000e+00 0.000000000000000000e+00 0.000000000000000000e+00 0.000000000000000000e+00 0.000000000000000000e+00 0.000000000000000000e+00 0.000000000000000000e+00
3.311231512510482977e-01 4.536783930046635049e-01 3.847742900934817967e-01 4.486715164414282753e-01 0.000000000000000000e+00 0.000000000000000000e+00 3.484687241645181288e-01 4.429594358853308766e-01 3.501981797181372702e-01 0.000000000000000000e+00 2.782852019249852371e-01 4.479619398534795960e-01 3.111721942276919339e-01 4.199547345883851146e-01 3.871329546419893797e-01 0.000000000000000000e+00 3.343734628563553302e-01 0.000000000000000000e+00 3.923706308708932444e-01 4.660564910828234320e-01 0.000000000000000000e+00 0.000000000000000000e+00 3.842921515237233687e-01 4.491113159319415349e-01 0.000000000000000000e+00 0.000000000000000000e+00 0.000000000000000000e+00 0.000000000000000000e+00 3.611243233351062454e-01 4.363899415204678389e-01 3.908001051047058083e-01 4.017572436991870277e-01 3.824442915508736163e-01 4.470043706725698174e-01 4.096126040972968840e-01 0.000000000000000000e+00 4.465723936615025313e-01 0.000000000000000000e+00 0.000000000000000000e+00 0.000000000000000000e+00 0.000000000000000000e+00 0.000000000000000000e+00 4.581035824175824223e-01 0.000000000000000000e+00 4.157637794117646779e-01 0.000000000000000000e+00 0.000000000000000000e+00 0.000000000000000000e+00 4.203839351552551840e-01 0.000000000000000000e+00 4.281809838537511403e-01 0.000000000000000000e+00 4.324472500000000053e-01 0.000000000000000000e+00 4.213398518518519098e-01 0.000000000000000000e+00 3.900003751337790536e-01 4.545944778874267955e-01 3.991856247424567239e-01 0.000000000000000000e+00 4.176964954593158086e-01 0.000000000000000000e+00 4.070798421376084497e-01 0.000000000000000000e+00 4.196579194131991319e-01 0.000000000000000000e+00 4.176571838921825375e-01 0.000000000000000000e+00 4.317867378847491389e-01 0.000000000000000000e+00 3.439626928243326720e-01 0.000000000000000000e+00 3.987344383898573930e-01 4.847346823529411486e-01 0.000000000000000000e+00 0.000000000000000000e+00 4.070937639079462156e-01 0.000000000000000000e+00 4.274354190476190585e-01 0.000000000000000000e+00 3.904344029063495092e-01 0.000000000000000000e+00 0.000000000000000000e+00 0.000000000000000000e+00 4.152328171657796441e-01 0.000000000000000000e+00 0.000000000000000000e+00 0.000000000000000000e+00 4.200672604940848265e-01 0.000000000000000000e+00 0.000000000000000000e+00 0.000000000000000000e+00 0.000000000000000000e+00 4.417180728476821638e-01 4.485171411764705685e-01 0.000000000000000000e+00 0.000000000000000000e+00 0.000000000000000000e+00 4.597478965517242111e-01 4.303064577464788543e-01 0.000000000000000000e+00 0.000000000000000000e+00 0.000000000000000000e+00 4.297509999999999941e-01 0.000000000000000000e+00 0.000000000000000000e+00 0.000000000000000000e+00 0.000000000000000000e+00 0.000000000000000000e+00 0.000000000000000000e+00 0.000000000000000000e+00 0.000000000000000000e+00 0.000000000000000000e+00 0.000000000000000000e+00 0.000000000000000000e+00 0.000000000000000000e+00
4.682123966917602353e-01 3.567592186823173028e-01 4.795315746789449163e-01 3.964845459149355933e-01 0.000000000000000000e+00 0.000000000000000000e+00 4.628406511463163397e-01 3.122847667443811037e-01 0.000000000000000000e+00 3.708575851410014779e-01 4.479619398534795960e-01 2.939785085225691819e-01 0.000000000000000000e+00 3.124346650548713855e-01 0.000000000000000000e+00 3.809872199992452857e-01 0.000000000000000000e+00 3.319158699702110527e-01 4.693579014767742530e-01 4.315090982281605259e-01 0.000000000000000000e+00 0.000000000000000000e+00 4.629918666847041564e-01 4.007589666307665444e-01 0.000000000000000000e+00 0.000000000000000000e+00 0.000000000000000000e+00 0.000000000000000000e+00 0.000000000000000000e+00 3.733204783892164480e-01 4.115349100631157664e-01 3.995669173539965757e-01 4.371482718971109183e-01 4.072497559975360448e-01 0.000000000000000000e+00 4.648262077922077906e-01 4.782348333333333867e-01 4.696131348779832848e-01 0.000000000000000000e+00 0.000000000000000000e+00 0.000000000000000000e+00 0.000000000000000000e+00 0.000000000000000000e+00 0.000000000000000000e+00 0.000000000000000000e+00 4.636573152870679948e-01 0.000000000000000000e+00 0.000000000000000000e+00 0.000000000000000000e+00 0.000000000000000000e+00 0.000000000000000000e+00 4.181045284280960894e-01 0.000000000000000000e+00 4.280675373166059061e-01 0.000000000000000000e+00 4.371909752405921390e-01 4.799622267055582148e-01 4.054958333257201453e-01 0.000000000000000000e+00 4.498107040814008362e-01 0.000000000000000000e+00 4.097914584492807766e-01 4.450064210526316066e-01 4.046076626068687010e-01 0.000000000000000000e+00 4.202501170661657737e-01 5.006511063576774001e-01 4.661553914349566008e-01 5.151784545454546338e-01 4.584971098092693875e-01 4.884083409201713799e-01 3.489631249717131678e-01 4.353193529411765184e-01 4.039954308628694313e-01 0.000000000000000000e+00 3.332946784831234410e-01 4.523650730884091198e-01 4.020689873692439575e-01 0.000000000000000000e+00 4.333262191897722104e-01 0.000000000000000000e+00 4.242237319771413606e-01 0.000000000000000000e+00 3.371739666666666579e-01 0.000000000000000000e+00 4.333069018306099918e-01 0.000000000000000000e+00 4.031381287878787467e-01 0.000000000000000000e+00 4.338393597133247681e-01 0.000000000000000000e+00 4.704255398773005692e-01 0.000000000000000000e+00 0.000000000000000000e+00 0.000000000000000000e+00 4.248875897435897553e-01 0.000000000000000000e+00 0.000000000000000000e+00 0.000000000000000000e+00 0.000000000000000000e+00 0.000000000000000000e+00 0.000000000000000000e+00 4.581217844827585317e-01 4.682223373493976104e-01 0.000000000000000000e+00 4.627811627906976977e-01 0.000000000000000000e+00 0.000000000000000000e+00 0.000000000000000000e+00 0.000000000000000000e+00 0.000000000000000000e+00 0.000000000000000000e+00 0.000000000000000000e+00 0.000000000000000000e+00 0.000000000000000000e+00 0.000000000000000000e+00
3.707961978491804422e-01 0.000000000000000000e+00 3.536084979257847483e-01 4.545781230914062720e-01 3.429604270899471175e-01 0.000000000000000000e+00 3.346743085710158216e-01 4.403275568468290602e-01 2.517095342025327809e-01 0.000000000000000000e+00 3.111721942276919339e-01 0.000000000000000000e+00 2.639694007636029238e-01 4.277779602913079349e-01 3.272444795439587439e-01 0.000000000000000000e+00 4.007620664089591167e-01 0.000000000000000000e+00 4.009112309591633672e-01 4.613341446834901549e-01 0.000000000000000000e+00 0.000000000000000000e+00 3.763702095037620987e-01 4.463874805842780735e-01 2.734249000000000263e-01 0.000000000000000000e+00 0.000000000000000000e+00 0.000000000000000000e+00 3.714359753024124577e-01 4.689016315789473754e-01 3.800648154763832665e-01 4.248926680065790440e-01 3.809756546723658266e-01 4.416708227877541026e-01 0.000000000000000000e+00 0.000000000000000000e+00 4.176273359966422571e-01 0.000000000000000000e+00 0.000000000000000000e+00 0.000000000000000000e+00 0.000000000000000000e+00 0.000000000000000000e+00 4.564135751295336219e-01 0.000000000000000000e+00 4.141281701537669058e-01 0.000000000000000000e+00 0.000000000000000000e+00 0.000000000000000000e+00 3.910032220025076444e-01 0.000000000000000000e+00 4.099636649816407741e-01 0.000000000000000000e+00 4.204442804589388349e-01 0.000000000000000000e+00 4.045065893037517735e-01 0.000000000000000000e+00 3.903771781541983676e-01 0.000000000000000000e+00 4.082314713156687813e-01 0.000000000000000000e+00 4.100129813564281078e-01 0.000000000000000000e+00 3.887268662298100641e-01 0.000000000000000000e+00 3.912074104925422624e-01 0.000000000000000000e+00 4.405717466601264398e-01 4.322606158940396903e-01 4.119001329027765501e-01 0.000000000000000000e+00 3.350718105212106557e-01 4.702714651162790416e-01 3.846972741253091854e-01 4.244555030934293871e-01 3.533327073170731136e-01 0.000000000000000000e+00 3.847000636980771326e-01 4.602780990099010205e-01 0.000000000000000000e+00 0.000000000000000000e+00 3.943947331263171208e-01 0.000000000000000000e+00 0.000000000000000000e+00 0.000000000000000000e+00 4.015941139915138458e-01 0.000000000000000000e+00 0.000000000000000000e+00 0.000000000000000000e+00 4.071401893671582894e-01 0.000000000000000000e+00 4.548044925373134761e-01 0.000000000000000000e+00 0.000000000000000000e+00 0.000000000000000000e+00 4.232914337259722215e-01 0.000000000000000000e+00 0.000000000000000000e+00 0.000000000000000000e+00 0.000000000000000000e+00 0.000000000000000000e+00 0.000000000000000000e+00 0.000000000000000000e+00 4.306933313302941935e-01 4.282048786684453101e-01 4.321266083974573124e-01 0.000000000000000000e+00 0.000000000000000000e+00 0.000000000000000000e+00 0.000000000000000000e+00 0.000000000000000000e+00 0.000000000000000000e+00 0.000000000000000000e+00 0.000000000000000000e+00 0.000000000000000000e+00 0.000000000000000000e+00 0.000000000000000000e+00
