2.827769285398633592e-01 4.910403298789894899e-01 3.676293873161989301e-01 5.022540525644596521e-01 3.914881849566487770e-01 0.000000000000000000e+00 3.415282073352549075e-01 4.830113706261106032e-01 3.635885012155503637e-01 0.000000000000000000e+00 3.079065473378674866e-01 4.839069767753719220e-01 3.695003128736888409e-01 4.202496923076922686e-01 3.529248970588235168e-01 0.000000000000000000e+00 3.356032140775936923e-01 4.957355065714643683e-01 4.019768783267732570e-01 5.102150333229379386e-01 0.000000000000000000e+00 0.000000000000000000e+00 4.050729789233525890e-01 0.000000000000000000e+00 0.000000000000000000e+00 0.000000000000000000e+00 0.000000000000000000e+00 0.000000000000000000e+00 4.032943984363798196e-01 5.157849079921801305e-01 0.000000000000000000e+00 0.000000000000000000e+00 4.283124258098679471e-01 4.991022039003566446e-01 4.390694722222222568e-01 0.000000000000000000e+00 4.865080269103902455e-01 5.438755799581943551e-01 0.000000000000000000e+00 5.479101399999999344e-01 4.324270099779919385e-01 0.000000000000000000e+00 4.406677285620432261e-01 0.000000000000000000e+00 4.090209860646868423e-01 4.895703304347826523e-01 4.182229705882352100e-01 0.000000000000000000e+00 4.221570677637653257e-01 0.000000000000000000e+00 3.919928510419588563e-01 4.760320319562698077e-01 0.000000000000000000e+00 0.000000000000000000e+00 3.861053609386295160e-01 0.000000000000000000e+00 3.350104537176668562e-01 4.930969125846235146e-01 4.188092776410174967e-01 4.991926742310252019e-01 4.004185530379372748e-01 0.000000000000000000e+00 3.827101720950905062e-01 0.000000000000000000e+00 4.143421036323249873e-01 4.528236541353383715e-01 4.258624024896293103e-01 5.049467808762292398e-01 2.876719806930564949e-01 5.028722941966168314e-01 3.653136796005741482e-01 4.832992022324983372e-01 3.837967343757148764e-01 4.883785804594477642e-01 4.082095660377358937e-01 0.000000000000000000e+00 3.925541006062302496e-01 4.738269473060174874e-01 0.000000000000000000e+00 0.000000000000000000e+00 4.200943665815486394e-01 5.039756090909091046e-01 0.000000000000000000e+00 0.000000000000000000e+00 4.172725890094104439e-01 0.000000000000000000e+00 4.230497441520467139e-01 0.000000000000000000e+00 4.292816419690723695e-01 4.764422307692307013e-01 4.480116078351223941e-01 5.053447614707415880e-01 4.608696694999999677e-01 4.410190956521738981e-01 4.432041655202511587e-01 0.000000000000000000e+00 4.826339703703703687e-01 0.000000000000000000e+00 0.000000000000000000e+00 4.339268175988225673e-01 4.616225468749999838e-01 0.000000000000000000e+00 4.573849516178168928e-01 4.591589649070944579e-01 4.354033008608008681e-01 4.440197522123894291e-01 4.091899545454545373e-01 0.000000000000000000e+00 0.000000000000000000e+00 4.188398299004651437e-01 4.638737288135593717e-01 0.000000000000000000e+00 4.401064642857143161e-01 3.881150373831776523e-01 0.000000000000000000e+00 0.000000000000000000e+00
4.910403298789894899e-01 2.828455805547927526e-01 5.197908551563087398e-01 3.546799529842237786e-01 0.000000000000000000e+00 4.029186478116869030e-01 4.716163646456795200e-01 3.201081155495101860e-01 0.000000000000000000e+00 3.883989490109213683e-01 4.847845146408726325e-01 3.721571962700884195e-01 0.000000000000000000e+00 3.934662319578794976e-01 0.000000000000000000e+00 4.261458648612562183e-01 4.834648492705374001e-01 3.701380221591427100e-01 5.169928335302914624e-01 3.652023485702639571e-01 0.000000000000000000e+00 0.000000000000000000e+00 0.000000000000000000e+00 4.033212961922549300e-01 0.000000000000000000e+00 0.000000000000000000e+00 0.000000000000000000e+00 0.000000000000000000e+00 4.988171461717331168e-01 4.297382420787179136e-01 4.466662752100840073e-01 4.042995882352942161e-01 5.112551290665873216e-01 4.692249341009427921e-01 0.000000000000000000e+00 4.026266400000000356e-01 5.151831940998122805e-01 5.108744568974723510e-01 0.000000000000000000e+00 5.396222054885971842e-01 0.000000000000000000e+00 4.508723147640333884e-01 0.000000000000000000e+00 4.490223884350473815e-01 5.512516340519975078e-01 4.301245911487338591e-01 0.000000000000000000e+00 4.353883356164383600e-01 4.708936129805191828e-01 4.292999981645382324e-01 0.000000000000000000e+00 4.057504151333387599e-01 0.000000000000000000e+00 3.918071117508062362e-01 0.000000000000000000e+00 4.083210057099020407e-01 4.803777442050817248e-01 3.363708691347827018e-01 4.615535416666666779e-01 4.100842907462757814e-01 0.000000000000000000e+00 3.937129420601330754e-01 0.000000000000000000e+00 3.865358618325973605e-01 0.000000000000000000e+00 4.011371937913798535e-01 5.022808223880843581e-01 3.969951073045314138e-01 5.130176848749629093e-01 3.610679965160619176e-01 4.962221425257882790e-01 3.783453575391218515e-01 4.940150383396832989e-01 3.997936790262707207e-01 0.000000000000000000e+00 4.906714456521739098e-01 4.878998499647867471e-01 4.060947055824891128e-01 0.000000000000000000e+00 4.158105937500000127e-01 0.000000000000000000e+00 4.234375234703695590e-01 0.000000000000000000e+00 3.960244054054053997e-01 4.584790308342420184e-01 4.200374634766345650e-01 0.000000000000000000e+00 4.034787663551402392e-01 4.740428749999999747e-01 4.351188404806292653e-01 4.450952899783566785e-01 4.730739665919705406e-01 4.568657533753364697e-01 4.579721901111029614e-01 0.000000000000000000e+00 4.703944014741597290e-01 0.000000000000000000e+00 4.670950041486291449e-01 4.546164826417299354e-01 4.929666012227753580e-01 4.385262311136624014e-01 4.383757387387386961e-01 4.595917916666666381e-01 4.725664718662583863e-01 4.738044661101203925e-01 4.915151116530455111e-01 4.478881989745693293e-01 5.087455563967467898e-01 0.000000000000000000e+00 0.000000000000000000e+00 4.989001020770107431e-01 4.912722727272726408e-01 0.000000000000000000e+00 0.000000000000000000e+00 0.000000000000000000e+00 0.000000000000000000e+00
3.676293873161989301e-01 5.197908551563087398e-01 2.863617553974593943e-01 4.601924851063621258e-01 2.055974089083270617e-01 4.260632565263654525e-01 3.315660589327180108e-01 4.617030962630406798e-01 2.675562992586164035e-01 4.339072227694296124e-01 4.168949112458467665e-01 4.796171774307056435e-01 3.746212969543770699e-01 4.509777093418698701e-01 3.737826168728184406e-01 3.641621612903224725e-01 4.141449704804299747e-01 5.260639442857611980e-01 3.060201042063688814e-01 5.048402785575695217e-01 2.831248604651163125e-01 0.000000000000000000e+00 2.874152901344527722e-01 4.509588622833237137e-01 2.843358871614102834e-01 4.298982662029037782e-01 2.953784810973552610e-01 3.981425277777777549e-01 3.789461691293493084e-01 4.729564588125061420e-01 3.895632983409375028e-01 4.408347936793148292e-01 4.185336514900377947e-01 4.964407221618424848e-01 4.494299164952492709e-01 0.000000000000000000e+00 4.706264672022338336e-01 0.000000000000000000e+00 0.000000000000000000e+00 0.000000000000000000e+00 4.243496451612904230e-01 0.000000000000000000e+00 4.279917129629630113e-01 0.000000000000000000e+00 4.267074687449643466e-01 0.000000000000000000e+00 0.000000000000000000e+00 0.000000000000000000e+00 4.366955173490831288e-01 0.000000000000000000e+00 4.095000429280020726e-01 0.000000000000000000e+00 0.000000000000000000e+00 0.000000000000000000e+00 3.778314685981308818e-01 0.000000000000000000e+00 4.307440806779924136e-01 5.151702068965517967e-01 4.441581964760706880e-01 4.900989136690647729e-01 3.844648352629125854e-01 0.000000000000000000e+00 4.223611241600930266e-01 0.000000000000000000e+00 4.176839185672630572e-01 0.000000000000000000e+00 4.467381290157186324e-01 0.000000000000000000e+00 4.147525683422960685e-01 0.000000000000000000e+00 3.712856994879780159e-01 4.554641257330344639e-01 3.855180454366616827e-01 4.837643134080436558e-01 3.664478792477557367e-01 0.000000000000000000e+00 4.125559593941740544e-01 4.886254642251253721e-01 3.876108141680646435e-01 0.000000000000000000e+00 4.048708554336323817e-01 0.000000000000000000e+00 0.000000000000000000e+00 0.000000000000000000e+00 3.853896599450364335e-01 0.000000000000000000e+00 0.000000000000000000e+00 0.000000000000000000e+00 3.870561790277214365e-01 0.000000000000000000e+00 4.394240293388035346e-01 4.635387952144338630e-01 4.391690660679851699e-01 4.585114353175760993e-01 4.447215090261584791e-01 0.000000000000000000e+00 0.000000000000000000e+00 4.616841423611111050e-01 0.000000000000000000e+00 4.542828953579258755e-01 4.405793787904696557e-01 0.000000000000000000e+00 4.289315898823676809e-01 4.388139907804859408e-01 4.488516832381496680e-01 4.190444958677686516e-01 4.248592320370219722e-01 0.000000000000000000e+00 0.000000000000000000e+00 3.971184603420908066e-01 4.263340943396226601e-01 0.000000000000000000e+00 0.000000000000000000e+00 0.000000000000000000e+00 0.000000000000000000e+00 0.000000000000000000e+00
5.022540525644596521e-01 3.546799529842237786e-01 4.601924851063621258e-01 2.603564039151636256e-01 4.230250630426859448e-01 2.304186796321094355e-01 4.562192857339446017e-01 3.362434126556478331e-01 0.000000000000000000e+00 3.088061037424916777e-01 4.843252146227428057e-01 4.042455139538501108e-01 4.512816456620215022e-01 3.538910651994252587e-01 0.000000000000000000e+00 3.317414936315153939e-01 4.874248495235679046e-01 4.337187486142674020e-01 5.074929254228194297e-01 2.985042851086999738e-01 0.000000000000000000e+00 0.000000000000000000e+00 4.545046470603537059e-01 2.819755243220199437e-01 4.290316354585264613e-01 2.547691694621920244e-01 0.000000000000000000e+00 3.623752200244417243e-01 4.846733476414961106e-01 3.831881465970213840e-01 4.430418602611928547e-01 3.827315649285600863e-01 5.000155931215348737e-01 3.912704405487087422e-01 0.000000000000000000e+00 4.992766446363918198e-01 4.742306828159645327e-01 4.720190128403781160e-01 0.000000000000000000e+00 4.243927407407407371e-01 0.000000000000000000e+00 4.557653895575018987e-01 0.000000000000000000e+00 0.000000000000000000e+00 0.000000000000000000e+00 4.516942895842784855e-01 0.000000000000000000e+00 0.000000000000000000e+00 0.000000000000000000e+00 4.375158420943852655e-01 0.000000000000000000e+00 4.239107718554495641e-01 0.000000000000000000e+00 4.195999012697190778e-01 0.000000000000000000e+00 3.987026118053279000e-01 4.914691869401225377e-01 4.220639053301445398e-01 0.000000000000000000e+00 4.304909654930988983e-01 0.000000000000000000e+00 4.380566606428631937e-01 0.000000000000000000e+00 4.125840455839659970e-01 0.000000000000000000e+00 4.078581033975944847e-01 4.530847596039012659e-01 4.345592892217223224e-01 0.000000000000000000e+00 3.699979857597051058e-01 4.872298467114383747e-01 3.694099062616179596e-01 4.678114325596733347e-01 3.907845789594157071e-01 0.000000000000000000e+00 0.000000000000000000e+00 4.781767690582195418e-01 4.209146905178222653e-01 0.000000000000000000e+00 4.018194204545453840e-01 0.000000000000000000e+00 4.228229505839085078e-01 0.000000000000000000e+00 4.591239838709676446e-01 4.635720952380952831e-01 4.116509590365188265e-01 0.000000000000000000e+00 4.004749513888888890e-01 0.000000000000000000e+00 4.147682540751208013e-01 4.558048684554489305e-01 4.609904158555402920e-01 4.604062240000000861e-01 4.551751971770649496e-01 0.000000000000000000e+00 4.447693620740780784e-01 4.408828085058411617e-01 4.382747630455408605e-01 5.289388584070796595e-01 4.158616083916084061e-01 0.000000000000000000e+00 0.000000000000000000e+00 0.000000000000000000e+00 4.703749432199587077e-01 0.000000000000000000e+00 4.748566354643708465e-01 0.000000000000000000e+00 0.000000000000000000e+00 0.000000000000000000e+00 0.000000000000000000e+00 0.000000000000000000e+00 4.683659886606760248e-01 0.000000000000000000e+00 4.539962571428571292e-01 0.000000000000000000e+00 0.000000000000000000e+00
3.914881849566487770e-01 0.000000000000000000e+00 2.055974089083270617e-01 4.230250630426859448e-01 2.220575652479811202e-01 4.443461680642611378e-01 3.153312531422609588e-01 4.303514025974026214e-01 2.447305767417253530e-01 4.289084879653679572e-01 3.689215743351064170e-01 0.000000000000000000e+00 3.371061905603168762e-01 4.200414456521739393e-01 2.972957875976595110e-01 4.466057468354429627e-01 0.000000000000000000e+00 0.000000000000000000e+00 4.343796929824561559e-01 4.496835098039214662e-01 2.505112862005655083e-01 3.731880102590087178e-01 2.911547973916887022e-01 4.332412038955291145e-01 1.941369761568683683e-01 4.312809187018403212e-01 1.953299962203552953e-01 4.239519624589131452e-01 3.233464812137002431e-01 0.000000000000000000e+00 3.223041239444404127e-01 4.183060016909044831e-01 0.000000000000000000e+00 0.000000000000000000e+00 0.000000000000000000e+00 0.000000000000000000e+00 0.000000000000000000e+00 0.000000000000000000e+00 0.000000000000000000e+00 0.000000000000000000e+00 3.978861025641025062e-01 0.000000000000000000e+00 4.562655030075187246e-01 0.000000000000000000e+00 0.000000000000000000e+00 0.000000000000000000e+00 4.645159889016018395e-01 0.000000000000000000e+00 0.000000000000000000e+00 0.000000000000000000e+00 0.000000000000000000e+00 0.000000000000000000e+00 4.254717031429323670e-01 0.000000000000000000e+00 0.000000000000000000e+00 0.000000000000000000e+00 4.353625407666071312e-01 0.000000000000000000e+00 0.000000000000000000e+00 0.000000000000000000e+00 3.913901464646464823e-01 0.000000000000000000e+00 3.925984897959184372e-01 0.000000000000000000e+00 4.076252809059059401e-01 0.000000000000000000e+00 0.000000000000000000e+00 5.087944072164948262e-01 4.616804309830588871e-01 0.000000000000000000e+00 3.218137588067609411e-01 4.653873816514867978e-01 3.568577982600729670e-01 0.000000000000000000e+00 0.000000000000000000e+00 0.000000000000000000e+00 3.681955614190472459e-01 0.000000000000000000e+00 0.000000000000000000e+00 0.000000000000000000e+00 0.000000000000000000e+00 0.000000000000000000e+00 4.119719366003148919e-01 0.000000000000000000e+00 3.936637753219375813e-01 0.000000000000000000e+00 4.121863636363636285e-01 0.000000000000000000e+00 3.367316350364963906e-01 0.000000000000000000e+00 3.851867073170732736e-01 0.000000000000000000e+00 3.913169685039369905e-01 0.000000000000000000e+00 0.000000000000000000e+00 0.000000000000000000e+00 0.000000000000000000e+00 0.000000000000000000e+00 0.000000000000000000e+00 0.000000000000000000e+00 0.000000000000000000e+00 0.000000000000000000e+00 0.000000000000000000e+00 4.209199552238806485e-01 0.000000000000000000e+00 0.000000000000000000e+00 0.000000000000000000e+00 0.000000000000000000e+00 0.000000000000000000e+00 0.000000000000000000e+00 0.000000000000000000e+00 0.000000000000000000e+00 0.000000000000000000e+00 0.000000000000000000e+00 0.000000000000000000e+00 0.000000000000000000e+00
0.000000000000000000e+00 4.029186478116869030e-01 4.260632565263654525e-01 2.304186796321094355e-01 4.443461680642611378e-01 1.721338902981460195e-01 4.005033572035394673e-01 2.626553109825420229e-01 4.283531967061598444e-01 2.456438673558132557e-01 0.000000000000000000e+00 3.206961401994301575e-01 0.000000000000000000e+00 3.020296598103267005e-01 0.000000000000000000e+00 2.232804550884897321e-01 0.000000000000000000e+00 4.010046818181818296e-01 4.073686650485437433e-01 3.581461643733852007e-01 3.766340987096774007e-01 2.213038573441284962e-01 4.265274166018765412e-01 2.372869337123952038e-01 4.457429376174733560e-01 2.155766842091586810e-01 4.349216803266793274e-01 2.293454145474403960e-01 0.000000000000000000e+00 2.762312170132946165e-01 3.925799631275583845e-01 3.418292010697581707e-01 0.000000000000000000e+00 3.651206480671241872e-01 0.000000000000000000e+00 0.000000000000000000e+00 0.000000000000000000e+00 0.000000000000000000e+00 0.000000000000000000e+00 0.000000000000000000e+00 0.000000000000000000e+00 0.000000000000000000e+00 4.593827931034482615e-01 4.904556451612903101e-01 0.000000000000000000e+00 0.000000000000000000e+00 0.000000000000000000e+00 0.000000000000000000e+00 0.000000000000000000e+00 0.000000000000000000e+00 0.000000000000000000e+00 0.000000000000000000e+00 0.000000000000000000e+00 4.125830113636363428e-01 0.000000000000000000e+00 0.000000000000000000e+00 0.000000000000000000e+00 4.031739647616978117e-01 0.000000000000000000e+00 3.891212500000000296e-01 0.000000000000000000e+00 0.000000000000000000e+00 0.000000000000000000e+00 0.000000000000000000e+00 0.000000000000000000e+00 0.000000000000000000e+00 0.000000000000000000e+00 4.228090106304985829e-01 0.000000000000000000e+00 0.000000000000000000e+00 4.952542133585638995e-01 3.290009195478574289e-01 0.000000000000000000e+00 3.066387193681819334e-01 0.000000000000000000e+00 2.768714680911680825e-01 0.000000000000000000e+00 3.563198473171446667e-01 0.000000000000000000e+00 0.000000000000000000e+00 0.000000000000000000e+00 3.950251830561926081e-01 0.000000000000000000e+00 0.000000000000000000e+00 0.000000000000000000e+00 3.946141799436475583e-01 0.000000000000000000e+00 0.000000000000000000e+00 0.000000000000000000e+00 3.870549966880965642e-01 0.000000000000000000e+00 0.000000000000000000e+00 0.000000000000000000e+00 0.000000000000000000e+00 0.000000000000000000e+00 0.000000000000000000e+00 0.000000000000000000e+00 0.000000000000000000e+00 0.000000000000000000e+00 0.000000000000000000e+00 0.000000000000000000e+00 0.000000000000000000e+00 0.000000000000000000e+00 0.000000000000000000e+00 0.000000000000000000e+00 0.000000000000000000e+00 0.000000000000000000e+00 0.000000000000000000e+00 0.000000000000000000e+00 0.000000000000000000e+00 0.000000000000000000e+00 0.000000000000000000e+00 0.000000000000000000e+00 0.000000000000000000e+00 0.000000000000000000e+00 0.000000000000000000e+00
3.415282073352549075e-01 4.716163646456795200e-01 3.315660589327180108e-01 4.562192857339446017e-01 3.153312531422609588e-01 4.005033572035394673e-01 2.992950524373304555e-01 4.543120680597713679e-01 2.931345267803355248e-01 4.287975281025093177e-01 3.702311510321400490e-01 4.687631631882989147e-01 3.227401843311411556e-01 4.320594757992030077e-01 3.130759708920664575e-01 4.121529166666667021e-01 3.988419596356709840e-01 4.767365732516313237e-01 4.010246577978746618e-01 4.866775763023705181e-01 0.000000000000000000e+00 0.000000000000000000e+00 3.751159096151402972e-01 4.425293566630248421e-01 3.495377532051281988e-01 3.282941194029850851e-01 0.000000000000000000e+00 0.000000000000000000e+00 3.589774476420845573e-01 4.794469493354283074e-01 3.954243606518673126e-01 4.254053963508114267e-01 4.189705625804587275e-01 4.675555841583141081e-01 4.264283353174602720e-01 4.909076941176470643e-01 4.486529993255926052e-01 4.706343978494623714e-01 0.000000000000000000e+00 0.000000000000000000e+00 4.103546899146666149e-01 0.000000000000000000e+00 0.000000000000000000e+00 5.264747196969696841e-01 4.143123442808926415e-01 0.000000000000000000e+00 0.000000000000000000e+00 0.000000000000000000e+00 4.141432092972076595e-01 0.000000000000000000e+00 3.862799643469574384e-01 4.358214241669345346e-01 3.467536521739130739e-01 0.000000000000000000e+00 3.914714516960033364e-01 0.000000000000000000e+00 4.065945317983245544e-01 5.121979702380953237e-01 3.974320167666055004e-01 0.000000000000000000e+00 4.078270097610087741e-01 0.000000000000000000e+00 3.840458803751315986e-01 0.000000000000000000e+00 4.214752055604043535e-01 0.000000000000000000e+00 4.287206386126845570e-01 0.000000000000000000e+00 4.632344582307696412e-01 4.912743956786304045e-01 3.347310129646364762e-01 4.522915077064642020e-01 3.740580957912982840e-01 4.546650348024454114e-01 3.362062328820417112e-01 0.000000000000000000e+00 3.941750956145544382e-01 4.607254820274228058e-01 3.688738888888888900e-01 0.000000000000000000e+00 3.974620369805232922e-01 0.000000000000000000e+00 4.020191031746032095e-01 0.000000000000000000e+00 4.133250448387610354e-01 0.000000000000000000e+00 4.054650476344958121e-01 0.000000000000000000e+00 4.149714873395328185e-01 0.000000000000000000e+00 4.110207175570689819e-01 4.456632567941176681e-01 4.415419794851618285e-01 4.412466238126864226e-01 4.698914021739130642e-01 0.000000000000000000e+00 4.388224711538462608e-01 0.000000000000000000e+00 0.000000000000000000e+00 4.615586691003911723e-01 4.489327899159664681e-01 0.000000000000000000e+00 4.240466153562200136e-01 4.414134875353883936e-01 5.045084226804124050e-01 0.000000000000000000e+00 0.000000000000000000e+00 0.000000000000000000e+00 0.000000000000000000e+00 4.051528923890924117e-01 0.000000000000000000e+00 0.000000000000000000e+00 0.000000000000000000e+00 4.248607115384616106e-01 0.000000000000000000e+00 0.000000000000000000e+00
4.830113706261106032e-01 3.201081155495101860e-01 4.617030962630406798e-01 3.362434126556478331e-01 4.303514025974026214e-01 2.626553109825420229e-01 4.543120680597713679e-01 2.667496654636577480e-01 4.148684235294117228e-01 2.886442208227558703e-01 4.739586691817532227e-01 3.351660960377918497e-01 4.412352112694409856e-01 2.658102432845176333e-01 0.000000000000000000e+00 3.313625797425985287e-01 4.865176549888179380e-01 4.177100777339728954e-01 4.814813384696571830e-01 3.981088430748099816e-01 0.000000000000000000e+00 0.000000000000000000e+00 4.407917857333213951e-01 3.473792934691612433e-01 0.000000000000000000e+00 4.010008450932698310e-01 0.000000000000000000e+00 3.347070370370370251e-01 4.580639799782181276e-01 3.828865182423757396e-01 4.293984596527284925e-01 3.754205158709892909e-01 4.741024337015395385e-01 3.915471025071307620e-01 0.000000000000000000e+00 0.000000000000000000e+00 0.000000000000000000e+00 4.610777530753840114e-01 0.000000000000000000e+00 4.505345633802816940e-01 0.000000000000000000e+00 4.115605138842700073e-01 0.000000000000000000e+00 4.358620597014924991e-01 5.096775878787878078e-01 4.240766017157770462e-01 0.000000000000000000e+00 4.303971048387096876e-01 0.000000000000000000e+00 3.961754865023388028e-01 4.698436666666666595e-01 3.934554352948058109e-01 0.000000000000000000e+00 3.902790992669504244e-01 0.000000000000000000e+00 3.875414673192614790e-01 4.890529111111110994e-01 4.096683681195090743e-01 5.275290530973451020e-01 4.202942087656306169e-01 0.000000000000000000e+00 3.996922381189260687e-01 0.000000000000000000e+00 4.058053393436493184e-01 0.000000000000000000e+00 3.960437665424745846e-01 4.565493813533595957e-01 4.384084709221011678e-01 0.000000000000000000e+00 4.149279448613610310e-01 4.682078032168086601e-01 3.260030700643696822e-01 4.445380164654982313e-01 3.737659208796181298e-01 0.000000000000000000e+00 0.000000000000000000e+00 4.623672892878596952e-01 3.853150232941359166e-01 0.000000000000000000e+00 3.765369333333333235e-01 0.000000000000000000e+00 4.154548110042506348e-01 0.000000000000000000e+00 4.148391091031482514e-01 4.269197238049581844e-01 4.028819753831084371e-01 0.000000000000000000e+00 3.663560158730158611e-01 0.000000000000000000e+00 4.029759430592712022e-01 4.379519790322580763e-01 4.465083193277310514e-01 4.176148271604938622e-01 4.536411331040767769e-01 0.000000000000000000e+00 4.345967558139534614e-01 0.000000000000000000e+00 0.000000000000000000e+00 0.000000000000000000e+00 4.599260784313725092e-01 0.000000000000000000e+00 0.000000000000000000e+00 3.978272868852458788e-01 4.456927577294362841e-01 0.000000000000000000e+00 0.000000000000000000e+00 0.000000000000000000e+00 0.000000000000000000e+00 0.000000000000000000e+00 0.000000000000000000e+00 0.000000000000000000e+00 0.000000000000000000e+00 0.000000000000000000e+00 0.000000000000000000e+00 0.000000000000000000e+00 0.000000000000000000e+00
3.635885012155503637e-01 0.000000000000000000e+00 2.675562992586164035e-01 0.000000000000000000e+00 2.447305767417253530e-01 4.283531967061598444e-01 2.931345267803355248e-01 4.148684235294117228e-01 2.507628099043896497e-01 3.813499166666666218e-01 3.972869675334909090e-01 0.000000000000000000e+00 3.077673031209665067e-01 0.000000000000000000e+00 2.703439299717159128e-01 4.533186363636363958e-01 3.610061885491129829e-01 0.000000000000000000e+00 3.627198986733001784e-01 4.291666160714285305e-01 3.469121883687943386e-01 0.000000000000000000e+00 3.364250000000000296e-01 4.223917823517924774e-01 2.743871167471819694e-01 4.198279895129912176e-01 0.000000000000000000e+00 0.000000000000000000e+00 3.476551257636963377e-01 0.000000000000000000e+00 3.407333849924585323e-01 4.127023890411719576e-01 0.000000000000000000e+00 4.396352499999999774e-01 0.000000000000000000e+00 0.000000000000000000e+00 0.000000000000000000e+00 0.000000000000000000e+00 0.000000000000000000e+00 0.000000000000000000e+00 3.860986976744185672e-01 0.000000000000000000e+00 0.000000000000000000e+00 0.000000000000000000e+00 0.000000000000000000e+00 0.000000000000000000e+00 4.682612752293578429e-01 0.000000000000000000e+00 0.000000000000000000e+00 0.000000000000000000e+00 0.000000000000000000e+00 0.000000000000000000e+00 0.000000000000000000e+00 0.000000000000000000e+00 0.000000000000000000e+00 0.000000000000000000e+00 4.066401595130442193e-01 0.000000000000000000e+00 4.304252803030302887e-01 4.743593555555555286e-01 0.000000000000000000e+00 0.000000000000000000e+00 3.780223497696063584e-01 0.000000000000000000e+00 3.968402478530013711e-01 0.000000000000000000e+00 0.000000000000000000e+00 0.000000000000000000e+00 0.000000000000000000e+00 0.000000000000000000e+00 3.269260183103860351e-01 4.821206249999999693e-01 3.492156470514002908e-01 0.000000000000000000e+00 3.147676737588652740e-01 0.000000000000000000e+00 3.707253206852334504e-01 0.000000000000000000e+00 0.000000000000000000e+00 0.000000000000000000e+00 3.923945220662881650e-01 0.000000000000000000e+00 3.671577600000000552e-01 0.000000000000000000e+00 4.028398483535586827e-01 0.000000000000000000e+00 0.000000000000000000e+00 0.000000000000000000e+00 4.129715464878672138e-01 0.000000000000000000e+00 0.000000000000000000e+00 4.333368159999999580e-01 0.000000000000000000e+00 0.000000000000000000e+00 0.000000000000000000e+00 0.000000000000000000e+00 0.000000000000000000e+00 0.000000000000000000e+00 0.000000000000000000e+00 4.278011349206348735e-01 0.000000000000000000e+00 0.000000000000000000e+00 0.000000000000000000e+00 0.000000000000000000e+00 0.000000000000000000e+00 0.000000000000000000e+00 0.000000000000000000e+00 0.000000000000000000e+00 0.000000000000000000e+00 0.000000000000000000e+00 0.000000000000000000e+00 0.000000000000000000e+00 0.000000000000000000e+00 0.000000000000000000e+00 0.000000000000000000e+00 0.000000000000000000e+00
0.000000000000000000e+00 3.883989490109213683e-01 4.339072227694296124e-01 3.088061037424916777e-01 4.289084879653679572e-01 2.456438673558132557e-01 4.287975281025093177e-01 2.886442208227558703e-01 3.813499166666666218e-01 2.423871065193962671e-01 0.000000000000000000e+00 3.484452193906628081e-01 0.000000000000000000e+00 3.144619504347503924e-01 0.000000000000000000e+00 2.849165394881905677e-01 0.000000000000000000e+00 3.843661673181710259e-01 0.000000000000000000e+00 3.617344194922864076e-01 0.000000000000000000e+00 2.993670505666957693e-01 4.208114711645152273e-01 3.306946717400984226e-01 4.343630491195550891e-01 0.000000000000000000e+00 0.000000000000000000e+00 3.020046308442810301e-01 0.000000000000000000e+00 3.308348244364672230e-01 0.000000000000000000e+00 3.374726821400472199e-01 4.622985204081632715e-01 3.611140408163265314e-01 0.000000000000000000e+00 0.000000000000000000e+00 0.000000000000000000e+00 0.000000000000000000e+00 0.000000000000000000e+00 0.000000000000000000e+00 0.000000000000000000e+00 0.000000000000000000e+00 0.000000000000000000e+00 0.000000000000000000e+00 0.000000000000000000e+00 0.000000000000000000e+00 0.000000000000000000e+00 0.000000000000000000e+00 0.000000000000000000e+00 0.000000000000000000e+00 0.000000000000000000e+00 3.884260512820512656e-01 0.000000000000000000e+00 0.000000000000000000e+00 0.000000000000000000e+00 0.000000000000000000e+00 0.000000000000000000e+00 3.772149619782733110e-01 0.000000000000000000e+00 0.000000000000000000e+00 0.000000000000000000e+00 0.000000000000000000e+00 0.000000000000000000e+00 0.000000000000000000e+00 0.000000000000000000e+00 0.000000000000000000e+00 0.000000000000000000e+00 4.369583181818182394e-01 0.000000000000000000e+00 0.000000000000000000e+00 4.873117559523809650e-01 3.172829707661354304e-01 0.000000000000000000e+00 3.405309636811372220e-01 0.000000000000000000e+00 0.000000000000000000e+00 0.000000000000000000e+00 3.722453746014270370e-01 0.000000000000000000e+00 0.000000000000000000e+00 0.000000000000000000e+00 3.984186340906033519e-01 0.000000000000000000e+00 0.000000000000000000e+00 0.000000000000000000e+00 3.986759608372092423e-01 0.000000000000000000e+00 0.000000000000000000e+00 0.000000000000000000e+00 4.150397762348831954e-01 0.000000000000000000e+00 0.000000000000000000e+00 0.000000000000000000e+00 0.000000000000000000e+00 0.000000000000000000e+00 0.000000000000000000e+00 4.278938833333333358e-01 0.000000000000000000e+00 0.000000000000000000e+00 0.000000000000000000e+00 3.724814883720929948e-01 0.000000000000000000e+00 0.000000000000000000e+00 0.000000000000000000e+00 0.000000000000000000e+00 0.000000000000000000e+00 0.000000000000000000e+00 0.000000000000000000e+00 0.000000000000000000e+00 0.000000000000000000e+00 0.000000000000000000e+00 0.000000000000000000e+00 0.000000000000000000e+00 0.000000000000000000e+00 0.000000000000000000e+00 0.000000000000000000e+00
3.079065473378674866e-01 4.847845146408726325e-01 4.168949112458467665e-01 4.843252146227428057e-01 3.689215743351064170e-01 0.000000000000000000e+00 3.702311510321400490e-01 4.739586691817532227e-01 3.972869675334909090e-01 0.000000000000000000e+00 3.080089324113293725e-01 4.687584337416907942e-01 3.123143906311307005e-01 0.000000000000000000e+00 3.815489553712154702e-01 0.000000000000000000e+00 3.103375077397468318e-01 0.000000000000000000e+00 4.293168545626505628e-01 4.944304714953733360e-01 0.000000000000000000e+00 0.000000000000000000e+00 4.028388877612276153e-01 4.856019518072287600e-01 0.000000000000000000e+00 0.000000000000000000e+00 0.000000000000000000e+00 0.000000000000000000e+00 3.562359916269503546e-01 0.000000000000000000e+00 4.079204992248062212e-01 4.269917552882067646e-01 4.359594965528288957e-01 4.898184532760823107e-01 4.152330439560439346e-01 0.000000000000000000e+00 4.206765470245525940e-01 0.000000000000000000e+00 0.000000000000000000e+00 0.000000000000000000e+00 0.000000000000000000e+00 0.000000000000000000e+00 4.619407099999999211e-01 0.000000000000000000e+00 0.000000000000000000e+00 0.000000000000000000e+00 0.000000000000000000e+00 0.000000000000000000e+00 4.595815730223123952e-01 0.000000000000000000e+00 4.148979521408940885e-01 0.000000000000000000e+00 0.000000000000000000e+00 0.000000000000000000e+00 4.100689835920736659e-01 0.000000000000000000e+00 3.873525180233665655e-01 0.000000000000000000e+00 4.285182865323960977e-01 0.000000000000000000e+00 4.298503428002028448e-01 0.000000000000000000e+00 4.256474248972639818e-01 0.000000000000000000e+00 4.388937025322235952e-01 0.000000000000000000e+00 4.422587618424048683e-01 0.000000000000000000e+00 4.025039548122065769e-01 0.000000000000000000e+00 3.733390100207585327e-01 4.924536923076923145e-01 3.907232387537928897e-01 4.328403908045978521e-01 0.000000000000000000e+00 0.000000000000000000e+00 3.841134516323118642e-01 4.607445283018867244e-01 4.434926089743589928e-01 0.000000000000000000e+00 4.202625132309419365e-01 0.000000000000000000e+00 0.000000000000000000e+00 0.000000000000000000e+00 4.393023926393826994e-01 0.000000000000000000e+00 0.000000000000000000e+00 0.000000000000000000e+00 4.306381705386141956e-01 0.000000000000000000e+00 0.000000000000000000e+00 0.000000000000000000e+00 0.000000000000000000e+00 4.532839041916166822e-01 0.000000000000000000e+00 0.000000000000000000e+00 0.000000000000000000e+00 0.000000000000000000e+00 0.000000000000000000e+00 0.000000000000000000e+00 0.000000000000000000e+00 0.000000000000000000e+00 0.000000000000000000e+00 0.000000000000000000e+00 0.000000000000000000e+00 0.000000000000000000e+00 0.000000000000000000e+00 0.000000000000000000e+00 0.000000000000000000e+00 0.000000000000000000e+00 0.000000000000000000e+00 0.000000000000000000e+00 0.000000000000000000e+00 0.000000000000000000e+00 0.000000000000000000e+00 0.000000000000000000e+00
4.839069767753719220e-01 3.721571962700884195e-01 4.796171774307056435e-01 4.042455139538501108e-01 0.000000000000000000e+00 3.206961401994301575e-01 4.687631631882989147e-01 3.351660960377918497e-01 0.000000000000000000e+00 3.484452193906628081e-01 4.687584337416907942e-01 3.015691663635094999e-01 4.707041271708682917e-01 3.353362644427052008e-01 0.000000000000000000e+00 3.699282978141187339e-01 4.467168311688312077e-01 3.311990610624290232e-01 4.907149807494963767e-01 4.181227525759720343e-01 0.000000000000000000e+00 0.000000000000000000e+00 4.696367593621025294e-01 3.928602080954983200e-01 0.000000000000000000e+00 4.297638200000000186e-01 0.000000000000000000e+00 0.000000000000000000e+00 0.000000000000000000e+00 3.714468567330736493e-01 4.382043213953186744e-01 3.890588220551378651e-01 4.664496965653560645e-01 4.092236342126279736e-01 0.000000000000000000e+00 0.000000000000000000e+00 0.000000000000000000e+00 4.304053718382390703e-01 0.000000000000000000e+00 0.000000000000000000e+00 0.000000000000000000e+00 0.000000000000000000e+00 0.000000000000000000e+00 0.000000000000000000e+00 0.000000000000000000e+00 4.019814836956521198e-01 0.000000000000000000e+00 0.000000000000000000e+00 0.000000000000000000e+00 4.049597689565618275e-01 0.000000000000000000e+00 4.100935185206243672e-01 0.000000000000000000e+00 4.236871825396825719e-01 0.000000000000000000e+00 3.807266568006517637e-01 4.838321755725191187e-01 4.215485251852880699e-01 0.000000000000000000e+00 4.513016492640719024e-01 0.000000000000000000e+00 3.832918498417686171e-01 0.000000000000000000e+00 4.016854132326544979e-01 0.000000000000000000e+00 4.062869318434436661e-01 4.964009784172661588e-01 4.563342615384615164e-01 0.000000000000000000e+00 4.250370851063829392e-01 4.746198351965528195e-01 3.532273698465611678e-01 0.000000000000000000e+00 3.852875338878596900e-01 0.000000000000000000e+00 0.000000000000000000e+00 4.656703918999507974e-01 3.927401830077716927e-01 0.000000000000000000e+00 4.107436052960130590e-01 0.000000000000000000e+00 4.221399622627597936e-01 0.000000000000000000e+00 2.804023890196078450e-01 0.000000000000000000e+00 4.253931945198046738e-01 0.000000000000000000e+00 4.359862899706458128e-01 4.290285866666666559e-01 4.329806907997262311e-01 0.000000000000000000e+00 0.000000000000000000e+00 0.000000000000000000e+00 0.000000000000000000e+00 0.000000000000000000e+00 0.000000000000000000e+00 4.343386635514018823e-01 0.000000000000000000e+00 0.000000000000000000e+00 0.000000000000000000e+00 0.000000000000000000e+00 0.000000000000000000e+00 0.000000000000000000e+00 0.000000000000000000e+00 0.000000000000000000e+00 0.000000000000000000e+00 0.000000000000000000e+00 0.000000000000000000e+00 0.000000000000000000e+00 0.000000000000000000e+00 0.000000000000000000e+00 0.000000000000000000e+00 0.000000000000000000e+00 0.000000000000000000e+00 0.000000000000000000e+00 0.000000000000000000e+00
3.695003128736888409e-01 0.000000000000000000e+00 3.746212969543770699e-01 4.512816456620215022e-01 3.371061905603168762e-01 0.000000000000000000e+00 3.227401843311411556e-01 4.412352112694409856e-01 3.077673031209665067e-01 0.000000000000000000e+00 3.123143906311307005e-01 4.707041271708682917e-01 2.780580439443559593e-01 4.307853975851096417e-01 2.527653698865620635e-01 4.329658134365633737e-01 4.006063098097618069e-01 4.046257075471698106e-01 4.083108549825513744e-01 4.718547059200602911e-01 0.000000000000000000e+00 0.000000000000000000e+00 3.695303335205653572e-01 4.503383350916846939e-01 3.848464743589743442e-01 0.000000000000000000e+00 0.000000000000000000e+00 0.000000000000000000e+00 3.492355763602248975e-01 4.500980282323323589e-01 3.529389398556535551e-01 4.468824392001475299e-01 3.908833984404822548e-01 4.684961442019187627e-01 0.000000000000000000e+00 0.000000000000000000e+00 4.336020313789756830e-01 0.000000000000000000e+00 0.000000000000000000e+00 0.000000000000000000e+00 4.714903533834586824e-01 0.000000000000000000e+00 0.000000000000000000e+00 0.000000000000000000e+00 0.000000000000000000e+00 0.000000000000000000e+00 0.000000000000000000e+00 0.000000000000000000e+00 0.000000000000000000e+00 0.000000000000000000e+00 4.166103533834586425e-01 0.000000000000000000e+00 0.000000000000000000e+00 0.000000000000000000e+00 0.000000000000000000e+00 0.000000000000000000e+00 3.956866474307603188e-01 0.000000000000000000e+00 4.066443467221159125e-01 0.000000000000000000e+00 4.270537023968552504e-01 0.000000000000000000e+00 4.162472942384283225e-01 0.000000000000000000e+00 4.303134979899934098e-01 0.000000000000000000e+00 4.349903550977944344e-01 0.000000000000000000e+00 4.251937979682653967e-01 0.000000000000000000e+00 3.204846423783689890e-01 4.659876930322069399e-01 3.756464161709366922e-01 4.388369726258432579e-01 3.693921638173680577e-01 0.000000000000000000e+00 3.786231588880746846e-01 4.611190132699076183e-01 3.975945335116585766e-01 0.000000000000000000e+00 4.031555117271507505e-01 0.000000000000000000e+00 0.000000000000000000e+00 0.000000000000000000e+00 4.185543337333333391e-01 0.000000000000000000e+00 4.370928776978417196e-01 0.000000000000000000e+00 4.289301194510891646e-01 0.000000000000000000e+00 4.359312031249999997e-01 4.543113310810811267e-01 4.315509595036319812e-01 4.361821709387104229e-01 0.000000000000000000e+00 0.000000000000000000e+00 0.000000000000000000e+00 4.630133879310345257e-01 4.273963697478992407e-01 0.000000000000000000e+00 0.000000000000000000e+00 0.000000000000000000e+00 3.871531472093023285e-01 0.000000000000000000e+00 0.000000000000000000e+00 0.000000000000000000e+00 0.000000000000000000e+00 0.000000000000000000e+00 0.000000000000000000e+00 0.000000000000000000e+00 0.000000000000000000e+00 0.000000000000000000e+00 0.000000000000000000e+00 0.000000000000000000e+00 0.000000000000000000e+00 0.000000000000000000e+00
