0.000000000000000000e+00 1.347150259067357581e-02 8.513119533527696570e-02 4.870882944178134971e-03 2.959455460195324172e-04 0.000000000000000000e+00 1.473416942371316429e-01 3.023990323230965702e-03 2.906976744186046471e-03 0.000000000000000000e+00 2.004454342984409720e-01 8.022462896109105058e-04 6.189531133713718769e-02 0.000000000000000000e+00 5.173404866832726628e-03 0.000000000000000000e+00 3.806156405990016728e-02 1.266051727256284950e-03 4.185306690525897322e-02 2.679755903422658542e-02 0.000000000000000000e+00 0.000000000000000000e+00 2.172260236776365951e-03 6.317917614354309113e-04 0.000000000000000000e+00 0.000000000000000000e+00 0.000000000000000000e+00 0.000000000000000000e+00 2.624671916010498651e-02 0.000000000000000000e+00 1.454427925016160347e-03 1.101668240478438686e-03 9.620762948875713830e-03 1.531100478468899566e-02 7.059654076950229451e-04 0.000000000000000000e+00 2.608382802662349495e-02 0.000000000000000000e+00 3.090659340659340521e-03 0.000000000000000000e+00 4.752851711026615834e-03 0.000000000000000000e+00 1.578531965272296652e-04 8.348639171814994833e-05 4.211297262656779269e-03 2.988047808764940079e-04 0.000000000000000000e+00 0.000000000000000000e+00 5.104463437796771114e-03 0.000000000000000000e+00 2.015206318742156916e-02 3.217710277366625689e-04 1.154734411085450328e-03 0.000000000000000000e+00 1.063506532968702461e-03 0.000000000000000000e+00 3.067515923566879188e-01 2.317161477190441549e-03 4.216867469879517771e-02 1.010936494807462621e-03 2.756537335976588440e-02 0.000000000000000000e+00 3.407431445724484927e-03 0.000000000000000000e+00 3.029283069673510687e-02 0.000000000000000000e+00 1.142774482858382838e-02 2.134471718249733325e-03 8.657947114017629231e-02 1.598579040852575461e-02 3.800575588285085710e-02 3.618272274988693017e-04 3.207385552488817293e-02 4.475774868524113053e-04 0.000000000000000000e+00 0.000000000000000000e+00 5.920734654422426385e-02 2.783576896311760768e-04 1.148105625717566044e-03 0.000000000000000000e+00 4.847505554433448154e-03 0.000000000000000000e+00 0.000000000000000000e+00 0.000000000000000000e+00 9.032634032634032084e-03 0.000000000000000000e+00 4.870920603994155084e-04 0.000000000000000000e+00 9.012439705509012883e-03 0.000000000000000000e+00 1.558239189715621359e-03 0.000000000000000000e+00 1.468968049944913623e-03 0.000000000000000000e+00 2.181818181818181990e-02 4.898530440867739782e-03 0.000000000000000000e+00 0.000000000000000000e+00 0.000000000000000000e+00 0.000000000000000000e+00 1.819836214740673400e-03 6.430868167202572492e-04 9.188361408882082413e-04 0.000000000000000000e+00 3.739482704892490000e-03 0.000000000000000000e+00 0.000000000000000000e+00 0.000000000000000000e+00 0.000000000000000000e+00 6.211180124223602064e-03 0.000000000000000000e+00 0.000000000000000000e+00 0.000000000000000000e+00 1.081081081081081098e-03 0.000000000000000000e+00 0.000000000000000000e+00
1.347150259067357581e-02 0.000000000000000000e+00 1.652089407191447909e-03 7.824338951600433301e-02 0.000000000000000000e+00 1.575216592281438680e-03 1.384934984996537667e-03 1.536859082050937575e-01 0.000000000000000000e+00 6.952769120115080345e-03 2.227171492204899842e-04 9.881000133707715238e-02 0.000000000000000000e+00 2.485029940119760569e-02 0.000000000000000000e+00 3.918367346938775309e-03 2.287853577371048389e-03 3.924760354494483822e-02 2.554925936971865971e-02 7.296365083576546173e-02 0.000000000000000000e+00 0.000000000000000000e+00 3.258390355164548710e-04 1.389941875157947853e-03 0.000000000000000000e+00 3.790032215273829615e-04 0.000000000000000000e+00 0.000000000000000000e+00 9.998750156230470226e-04 5.518142526887124394e-02 6.464124111182934515e-04 1.573811772112055382e-04 2.684864078756012823e-02 1.052631578947368397e-02 3.529827038475114726e-04 2.453987730061349837e-03 1.259219284043892797e-03 4.241231209735146779e-02 0.000000000000000000e+00 1.867064973861090257e-02 0.000000000000000000e+00 3.105590062111801032e-03 0.000000000000000000e+00 1.669727834362998967e-04 9.154994049253867977e-05 2.888446215139442094e-03 0.000000000000000000e+00 2.150537634408602149e-04 1.187084520417853810e-04 1.330648691236977973e-02 1.476341625452129696e-04 1.795482334770577212e-02 0.000000000000000000e+00 0.000000000000000000e+00 0.000000000000000000e+00 8.716224629560453095e-04 9.235668789808916881e-03 2.974656046343229776e-01 6.487488415199258894e-04 7.885304659498207358e-02 1.888039271216841405e-04 3.481432360742705429e-02 0.000000000000000000e+00 1.428085685141108549e-02 0.000000000000000000e+00 2.121940868581128833e-02 7.232749891508751276e-04 1.440768409818569962e-02 2.544782485072505027e-02 5.150976909413854110e-02 4.232266802099204158e-04 4.640434192672998615e-02 7.613971637955648138e-04 3.267315654022602545e-02 0.000000000000000000e+00 0.000000000000000000e+00 1.208313194780086947e-03 7.849686847599164630e-02 0.000000000000000000e+00 0.000000000000000000e+00 4.039587962027872919e-04 2.877007911771757489e-03 0.000000000000000000e+00 7.587253414264036669e-04 0.000000000000000000e+00 7.768982703019642298e-03 0.000000000000000000e+00 5.194805194805194801e-04 0.000000000000000000e+00 5.734836702954899251e-03 7.791195948578106796e-04 2.761668047500690556e-03 1.101726037458685380e-03 4.186728072011722777e-03 8.000000000000000167e-03 2.799160251924422832e-02 0.000000000000000000e+00 1.680672268907563126e-03 1.728608470181503941e-03 4.892966360856268807e-03 0.000000000000000000e+00 2.572347266881028997e-03 3.062787136294027471e-04 2.631117347833713312e-03 6.232471174820816305e-04 3.653635367190354206e-03 0.000000000000000000e+00 0.000000000000000000e+00 0.000000000000000000e+00 0.000000000000000000e+00 0.000000000000000000e+00 6.793478260869565029e-04 0.000000000000000000e+00 0.000000000000000000e+00 3.875968992248061962e-03 0.000000000000000000e+00
8.513119533527696570e-02 1.652089407191447909e-03 0.000000000000000000e+00 4.406989330446884311e-03 8.079313406333234193e-02 5.250721974271462629e-04 2.413633915518965944e-01 5.577582151737114392e-03 1.902748414376321390e-02 1.678254615200191905e-03 1.848552338530066660e-02 2.807862013638186879e-03 3.001736541801041866e-02 3.093812375249501215e-03 2.088522705499137877e-02 3.265306122448979604e-04 5.823627287853577403e-03 1.808645324651835798e-04 7.982900884779799144e-02 5.218006544618378033e-03 5.037783375314861326e-04 0.000000000000000000e+00 1.791028565222113622e-01 6.823351023502653885e-03 9.520182787509519698e-03 9.475080538184574037e-04 6.921555702043506904e-03 0.000000000000000000e+00 2.287214098237720303e-02 9.046135289978891880e-04 6.787330316742081621e-03 9.600251809883537588e-03 5.034120147667524477e-03 4.401913875598085710e-03 0.000000000000000000e+00 0.000000000000000000e+00 5.936319481921208466e-03 3.579098067287043517e-04 6.868131868131868668e-04 0.000000000000000000e+00 1.901140684410646377e-03 0.000000000000000000e+00 3.946329913180741901e-04 0.000000000000000000e+00 2.197198571820928314e-03 0.000000000000000000e+00 1.244555071561916494e-04 0.000000000000000000e+00 1.899335232668566097e-03 8.754267705506433965e-05 4.281390713811176335e-03 1.287084110946650384e-04 0.000000000000000000e+00 0.000000000000000000e+00 6.077180188392585338e-04 0.000000000000000000e+00 4.140127388535031795e-03 0.000000000000000000e+00 7.877664504170527743e-03 9.190331770976931808e-05 2.265647125460209469e-03 0.000000000000000000e+00 9.735518416355671374e-04 1.700102006120367281e-04 4.039044092898014249e-03 1.414627245720752671e-04 1.403153478952697854e-02 1.778726431874777590e-04 1.705999431333522862e-03 1.268713524486170946e-03 3.707465718638903313e-02 1.809136137494346454e-03 4.073474826306271862e-02 2.797359292827570915e-03 0.000000000000000000e+00 0.000000000000000000e+00 7.443209279845336424e-02 2.644398051496172405e-03 0.000000000000000000e+00 0.000000000000000000e+00 1.918804281963239732e-03 0.000000000000000000e+00 1.479289940828402332e-03 0.000000000000000000e+00 2.258158508158508021e-03 7.329228965112870016e-05 0.000000000000000000e+00 0.000000000000000000e+00 2.030972328002031164e-03 0.000000000000000000e+00 3.895597974289053398e-04 5.523336095001380895e-04 2.203452074917370759e-03 4.186728072011723103e-04 1.309090909090909055e-02 5.598320503848844970e-03 0.000000000000000000e+00 0.000000000000000000e+00 0.000000000000000000e+00 0.000000000000000000e+00 1.819836214740673400e-03 0.000000000000000000e+00 9.188361408882082413e-04 1.754078231889142335e-04 4.051106263633530435e-03 7.307270734380708630e-04 0.000000000000000000e+00 0.000000000000000000e+00 0.000000000000000000e+00 0.000000000000000000e+00 0.000000000000000000e+00 0.000000000000000000e+00 2.721088435374149472e-03 0.000000000000000000e+00 1.937984496124030981e-03 0.000000000000000000e+00
4.870882944178134971e-03 7.824338951600433301e-02 4.406989330446884311e-03 0.000000000000000000e+00 8.878366380585971974e-04 5.513258072985035424e-02 6.232207432484419829e-03 2.061017404744304726e-01 1.057082452431289685e-03 2.924958043634619947e-02 7.572383073496659518e-03 2.928198957079823639e-02 7.070205904242123432e-03 2.225548902195608955e-02 2.299291051925656231e-03 2.236734693877550847e-02 2.079866888519134663e-03 6.330258636281425183e-03 9.046624913013221955e-03 1.555673476607411232e-01 0.000000000000000000e+00 0.000000000000000000e+00 1.129575323123710277e-02 1.878948698508971504e-01 2.284843869002285005e-03 5.817699450445328740e-02 6.591957811470006059e-04 2.236511042773273693e-03 2.999625046869141502e-03 2.764096894160216963e-02 1.696832579185520232e-02 2.785646836638338078e-02 8.949546929186709410e-03 1.550239234449760778e-02 3.529827038475114726e-04 0.000000000000000000e+00 3.597769382982550848e-04 1.073729420186113163e-02 0.000000000000000000e+00 3.734129947722180992e-04 0.000000000000000000e+00 3.105590062111801032e-03 0.000000000000000000e+00 1.669727834362998967e-04 0.000000000000000000e+00 5.677290836653386095e-03 0.000000000000000000e+00 5.376344086021505372e-04 1.187084520417853810e-04 7.703755580845661997e-03 7.381708127260648480e-05 8.559109337795224592e-03 0.000000000000000000e+00 3.883495145631068231e-04 0.000000000000000000e+00 9.961399576640518443e-04 6.369426751592356358e-04 6.589427950760318696e-03 9.267840593141797839e-05 2.463008914621817730e-02 1.888039271216841405e-04 1.657824933687002730e-03 0.000000000000000000e+00 6.800408024481469126e-04 3.365870077415011874e-04 1.697552694864903206e-03 4.339649934905250982e-04 1.858769121309142638e-02 4.264998578333807156e-04 3.298655163664044720e-03 1.185034704587777186e-03 4.332881049298959591e-02 3.521461882554487426e-03 7.261944724180373345e-02 0.000000000000000000e+00 2.222222222222222307e-02 7.491541807636539242e-03 8.503827418232429158e-02 0.000000000000000000e+00 0.000000000000000000e+00 3.029690971520905096e-04 8.391273076000959523e-04 0.000000000000000000e+00 2.655538694992412834e-03 3.642191142191142459e-04 1.319261213720316576e-03 0.000000000000000000e+00 5.194805194805194801e-04 2.538715410002538955e-04 2.235614307931570784e-03 0.000000000000000000e+00 3.314001657000828320e-03 0.000000000000000000e+00 1.256018421603516877e-03 2.181818181818181903e-03 2.869139258222533351e-02 0.000000000000000000e+00 1.680672268907563126e-03 0.000000000000000000e+00 1.223241590214067202e-03 0.000000000000000000e+00 1.929260450160771639e-03 6.125574272588054942e-04 1.227854762322399661e-03 6.232471174820816305e-04 2.192181220314212697e-03 0.000000000000000000e+00 0.000000000000000000e+00 0.000000000000000000e+00 0.000000000000000000e+00 0.000000000000000000e+00 0.000000000000000000e+00 2.721088435374149472e-03 0.000000000000000000e+00 0.000000000000000000e+00 0.000000000000000000e+00
2.959455460195324172e-04 0.000000000000000000e+00 8.079313406333234193e-02 8.878366380585971974e-04 0.000000000000000000e+00 1.050144394854292526e-03 1.246441486496883966e-02 0.000000000000000000e+00 3.282241014799154311e-01 1.438503955885878744e-03 0.000000000000000000e+00 0.000000000000000000e+00 7.442322004465393029e-04 0.000000000000000000e+00 8.507376892124927925e-02 0.000000000000000000e+00 0.000000000000000000e+00 0.000000000000000000e+00 1.988269211651257692e-04 0.000000000000000000e+00 1.712846347607053024e-02 0.000000000000000000e+00 1.292494840881937626e-02 3.790750568612585251e-04 6.283320639756283243e-02 4.358537047564904274e-03 9.657218193803560058e-02 0.000000000000000000e+00 8.873890763654542976e-03 0.000000000000000000e+00 1.454427925016160347e-03 2.203336480956877372e-03 2.237386732296677515e-04 0.000000000000000000e+00 0.000000000000000000e+00 0.000000000000000000e+00 5.396654074473826272e-04 0.000000000000000000e+00 0.000000000000000000e+00 0.000000000000000000e+00 9.505703422053231886e-04 0.000000000000000000e+00 0.000000000000000000e+00 0.000000000000000000e+00 9.154994049253867977e-05 0.000000000000000000e+00 4.978220286247665976e-04 0.000000000000000000e+00 1.187084520417853810e-04 0.000000000000000000e+00 1.476341625452129696e-04 0.000000000000000000e+00 0.000000000000000000e+00 0.000000000000000000e+00 1.519295047098146334e-04 0.000000000000000000e+00 6.369426751592356087e-05 0.000000000000000000e+00 1.853568118628359568e-04 0.000000000000000000e+00 4.720098178042103241e-04 0.000000000000000000e+00 0.000000000000000000e+00 0.000000000000000000e+00 3.365870077415011874e-04 0.000000000000000000e+00 7.232749891508752089e-05 0.000000000000000000e+00 0.000000000000000000e+00 0.000000000000000000e+00 1.218892839004570919e-02 1.085481682496607959e-03 2.664890073284477065e-02 1.118943717131028263e-04 7.751937984496123923e-03 0.000000000000000000e+00 1.449975833736104293e-03 1.391788448155880384e-04 0.000000000000000000e+00 0.000000000000000000e+00 5.049484952534841285e-04 0.000000000000000000e+00 3.698224852071005722e-03 0.000000000000000000e+00 6.555944055944056209e-04 0.000000000000000000e+00 4.870920603994155084e-04 0.000000000000000000e+00 5.077430820005077909e-04 0.000000000000000000e+00 0.000000000000000000e+00 0.000000000000000000e+00 0.000000000000000000e+00 0.000000000000000000e+00 2.181818181818181903e-03 6.997900629811056213e-04 0.000000000000000000e+00 0.000000000000000000e+00 0.000000000000000000e+00 0.000000000000000000e+00 0.000000000000000000e+00 0.000000000000000000e+00 0.000000000000000000e+00 0.000000000000000000e+00 0.000000000000000000e+00 0.000000000000000000e+00 0.000000000000000000e+00 0.000000000000000000e+00 0.000000000000000000e+00 0.000000000000000000e+00 0.000000000000000000e+00 0.000000000000000000e+00 0.000000000000000000e+00 0.000000000000000000e+00 0.000000000000000000e+00 0.000000000000000000e+00
0.000000000000000000e+00 1.575216592281438680e-03 5.250721974271462629e-04 5.513258072985035424e-02 1.050144394854292526e-03 0.000000000000000000e+00 7.694083249980764819e-05 7.123177205832941471e-03 7.928118393234672096e-04 2.831455286502038149e-01 0.000000000000000000e+00 2.674154298703035381e-04 0.000000000000000000e+00 9.980039920159680070e-05 1.916075876604713616e-04 3.657142857142857417e-02 0.000000000000000000e+00 0.000000000000000000e+00 9.941346058256288459e-05 7.959671000265322680e-04 8.564231738035265121e-03 1.872175597159457874e-02 2.932551319648093839e-03 6.317917614354308896e-03 9.900990099009901110e-03 5.078643168466932117e-02 9.887936717205010172e-04 1.587922840369024313e-01 0.000000000000000000e+00 1.507689214996481980e-02 5.494505494505494934e-03 3.305004721435316276e-03 1.118693366148338758e-04 1.052631578947368397e-03 0.000000000000000000e+00 0.000000000000000000e+00 0.000000000000000000e+00 0.000000000000000000e+00 0.000000000000000000e+00 0.000000000000000000e+00 0.000000000000000000e+00 3.105590062111801032e-03 0.000000000000000000e+00 0.000000000000000000e+00 0.000000000000000000e+00 3.984063745019920466e-04 0.000000000000000000e+00 0.000000000000000000e+00 0.000000000000000000e+00 1.750853541101286793e-04 0.000000000000000000e+00 7.078962610206577383e-04 0.000000000000000000e+00 0.000000000000000000e+00 0.000000000000000000e+00 0.000000000000000000e+00 0.000000000000000000e+00 7.241129616220129839e-05 0.000000000000000000e+00 5.514199062586159356e-04 0.000000000000000000e+00 0.000000000000000000e+00 0.000000000000000000e+00 0.000000000000000000e+00 1.682935038707505937e-04 0.000000000000000000e+00 0.000000000000000000e+00 1.067235859124866662e-03 0.000000000000000000e+00 0.000000000000000000e+00 1.692906720839681771e-04 3.274536408864767156e-02 2.855239364233368052e-04 4.531722054380664388e-02 0.000000000000000000e+00 0.000000000000000000e+00 1.208313194780087001e-04 3.340292275574112922e-03 0.000000000000000000e+00 0.000000000000000000e+00 0.000000000000000000e+00 0.000000000000000000e+00 0.000000000000000000e+00 7.587253414264036669e-04 0.000000000000000000e+00 2.198768689533861140e-04 0.000000000000000000e+00 0.000000000000000000e+00 0.000000000000000000e+00 5.832037325038880778e-04 0.000000000000000000e+00 0.000000000000000000e+00 0.000000000000000000e+00 4.186728072011723103e-04 0.000000000000000000e+00 2.099370188943316864e-03 0.000000000000000000e+00 0.000000000000000000e+00 0.000000000000000000e+00 0.000000000000000000e+00 0.000000000000000000e+00 6.430868167202572492e-04 3.062787136294027471e-04 0.000000000000000000e+00 0.000000000000000000e+00 0.000000000000000000e+00 0.000000000000000000e+00 0.000000000000000000e+00 0.000000000000000000e+00 0.000000000000000000e+00 0.000000000000000000e+00 0.000000000000000000e+00 0.000000000000000000e+00 0.000000000000000000e+00 0.000000000000000000e+00 0.000000000000000000e+00
1.473416942371316429e-01 1.384934984996537667e-03 2.413633915518965944e-01 6.232207432484419829e-03 1.246441486496883966e-02 7.694083249980764819e-05 0.000000000000000000e+00 9.878368389221153789e-03 4.968287526427061368e-02 1.918005274514504848e-03 1.142538975501113524e-01 3.342692873378794172e-03 3.253535102952120894e-01 3.193612774451097622e-03 3.889634029507568758e-02 3.265306122448979604e-04 5.407653910149750817e-03 3.617290649303671595e-04 1.988269211651257432e-02 1.070133545591226733e-02 0.000000000000000000e+00 0.000000000000000000e+00 1.933311610730965510e-02 1.010866818296689458e-02 3.046458492003046529e-03 1.137009664582148884e-03 3.295978905735003029e-04 0.000000000000000000e+00 2.374703162104736809e-02 1.306663986330284383e-03 4.201680672268907381e-03 1.054453887315077130e-02 1.566170712607674233e-03 1.023923444976076493e-02 0.000000000000000000e+00 1.226993865030674919e-03 3.058103975535168221e-03 0.000000000000000000e+00 1.030219780219780246e-03 0.000000000000000000e+00 9.505703422053231886e-04 0.000000000000000000e+00 2.367797947908445249e-04 0.000000000000000000e+00 2.014098690835850955e-03 9.960159362549801166e-05 0.000000000000000000e+00 0.000000000000000000e+00 4.036087369420703064e-03 0.000000000000000000e+00 1.557540414851996818e-02 1.287084110946650384e-04 1.732101616628175600e-03 0.000000000000000000e+00 1.367365542388331891e-03 0.000000000000000000e+00 6.815286624203821704e-03 0.000000000000000000e+00 9.360518999073216481e-03 9.190331770976931808e-05 6.324931558576418408e-03 3.315649867374005134e-04 1.784845042998539589e-03 0.000000000000000000e+00 1.901716593739481709e-02 1.414627245720752671e-04 4.050339939244900628e-03 4.446816079686944246e-04 2.558999147000284510e-03 0.000000000000000000e+00 7.186389029964448949e-02 4.522840343735866353e-03 2.940896545160369413e-02 2.573570549401364965e-03 0.000000000000000000e+00 0.000000000000000000e+00 6.101981633639439601e-02 3.897007654836464642e-03 0.000000000000000000e+00 0.000000000000000000e+00 2.827711573419511206e-03 0.000000000000000000e+00 2.218934911242603607e-03 0.000000000000000000e+00 1.165501165501165587e-02 0.000000000000000000e+00 0.000000000000000000e+00 0.000000000000000000e+00 1.282051282051282007e-02 0.000000000000000000e+00 1.168679392286716074e-03 8.285004142502070800e-04 3.672420124862284165e-03 2.093364036005861551e-04 1.309090909090909055e-02 4.898530440867739782e-03 0.000000000000000000e+00 0.000000000000000000e+00 0.000000000000000000e+00 1.223241590214067202e-03 9.099181073703367000e-04 0.000000000000000000e+00 9.188361408882082413e-04 1.754078231889142335e-04 1.246494234964163261e-03 3.653635367190354315e-04 0.000000000000000000e+00 0.000000000000000000e+00 0.000000000000000000e+00 0.000000000000000000e+00 0.000000000000000000e+00 0.000000000000000000e+00 0.000000000000000000e+00 1.081081081081081098e-03 0.000000000000000000e+00 0.000000000000000000e+00
3.023990323230965702e-03 1.536859082050937575e-01 5.577582151737114392e-03 2.061017404744304726e-01 0.000000000000000000e+00 7.123177205832941471e-03 9.878368389221153789e-03 0.000000000000000000e+00 5.285412262156448425e-04 1.397746343802445390e-01 7.126948775055679496e-03 1.311672683513838700e-01 9.550979905730587124e-03 2.683632734530937980e-01 1.149645525962828116e-03 2.693877551020408198e-02 1.455906821963394351e-03 3.617290649303671595e-03 1.391788448155880341e-02 1.255859202264084269e-02 0.000000000000000000e+00 0.000000000000000000e+00 1.879005104811556567e-02 8.466009603234774666e-03 7.616146230007616322e-04 7.580064430547659229e-04 0.000000000000000000e+00 2.795638803466592116e-04 4.374453193350831375e-03 3.196301135792541798e-02 1.583710407239818929e-02 4.721435316336165984e-03 1.297684304732072899e-02 2.200956937799042855e-03 0.000000000000000000e+00 1.226993865030674919e-03 0.000000000000000000e+00 1.002147458840372228e-02 0.000000000000000000e+00 3.734129947722180992e-04 0.000000000000000000e+00 0.000000000000000000e+00 7.892659826361483259e-05 1.669727834362998967e-04 0.000000000000000000e+00 3.984063745019920250e-03 0.000000000000000000e+00 2.150537634408602149e-04 2.374169040835707621e-04 9.892322507222271397e-03 7.381708127260648480e-05 1.930626166419975587e-02 0.000000000000000000e+00 2.588996763754045126e-04 0.000000000000000000e+00 1.618727431204084084e-03 8.917197452229299335e-04 7.675597393193338280e-03 9.267840593141797839e-05 1.093649480746254968e-02 9.440196356084207025e-05 4.310344827586206837e-03 0.000000000000000000e+00 2.210132607956477330e-03 3.365870077415011874e-04 8.770688923468666562e-03 5.786199913207001671e-04 6.136606189967982496e-03 7.108330963889678954e-04 5.074854097944684434e-04 1.523616048755713649e-03 9.009497964721845109e-02 6.091177310364518510e-03 5.270224907687143245e-02 0.000000000000000000e+00 8.888888888888889228e-02 9.062348960850652099e-03 7.181628392484341872e-02 0.000000000000000000e+00 0.000000000000000000e+00 3.029690971520905096e-04 4.914888515943419134e-03 0.000000000000000000e+00 7.587253414264036669e-04 2.185314685314685313e-04 8.355321020228671791e-03 0.000000000000000000e+00 0.000000000000000000e+00 2.538715410002538955e-04 9.039657853810265098e-03 0.000000000000000000e+00 2.485501242750621457e-03 0.000000000000000000e+00 1.046682018002930694e-03 4.363636363636363806e-03 2.449265220433869891e-02 0.000000000000000000e+00 0.000000000000000000e+00 0.000000000000000000e+00 0.000000000000000000e+00 0.000000000000000000e+00 1.286173633440514498e-03 3.062787136294027471e-04 1.052446939133485455e-03 0.000000000000000000e+00 1.826817683595177103e-03 0.000000000000000000e+00 0.000000000000000000e+00 0.000000000000000000e+00 0.000000000000000000e+00 0.000000000000000000e+00 6.793478260869565029e-04 1.360544217687074736e-03 0.000000000000000000e+00 0.000000000000000000e+00 0.000000000000000000e+00
2.906976744186046471e-03 0.000000000000000000e+00 1.902748414376321390e-02 1.057082452431289685e-03 3.282241014799154311e-01 7.928118393234672096e-04 4.968287526427061368e-02 5.285412262156448425e-04 0.000000000000000000e+00 7.192519779429393722e-04 1.336302895322939851e-03 0.000000000000000000e+00 1.500868270900520933e-02 9.980039920159680070e-05 2.552213067637478239e-01 3.265306122448979604e-04 2.079866888519134825e-04 0.000000000000000000e+00 4.970673029128144229e-04 0.000000000000000000e+00 5.037783375314861326e-04 0.000000000000000000e+00 2.932551319648093839e-03 1.010866818296689328e-03 6.854531607006854148e-03 3.600530604510138351e-03 3.559657218193803402e-02 2.795638803466592116e-04 8.498937632795900560e-03 0.000000000000000000e+00 1.292824822236586903e-03 2.360717658168082992e-03 1.118693366148338758e-04 0.000000000000000000e+00 0.000000000000000000e+00 0.000000000000000000e+00 0.000000000000000000e+00 0.000000000000000000e+00 0.000000000000000000e+00 0.000000000000000000e+00 0.000000000000000000e+00 0.000000000000000000e+00 7.892659826361483259e-05 0.000000000000000000e+00 0.000000000000000000e+00 0.000000000000000000e+00 1.244555071561916494e-04 0.000000000000000000e+00 0.000000000000000000e+00 0.000000000000000000e+00 2.952683250904259392e-04 0.000000000000000000e+00 0.000000000000000000e+00 0.000000000000000000e+00 0.000000000000000000e+00 0.000000000000000000e+00 4.458598726114649667e-04 0.000000000000000000e+00 3.707136237256719135e-04 0.000000000000000000e+00 4.720098178042103241e-04 0.000000000000000000e+00 4.867759208177835687e-04 0.000000000000000000e+00 1.851228542578256531e-03 0.000000000000000000e+00 0.000000000000000000e+00 0.000000000000000000e+00 0.000000000000000000e+00 0.000000000000000000e+00 1.151176570170983626e-02 0.000000000000000000e+00 2.645855144189587782e-02 1.118943717131028263e-04 7.751937984496123923e-03 0.000000000000000000e+00 3.987433542774286750e-03 0.000000000000000000e+00 0.000000000000000000e+00 0.000000000000000000e+00 7.069278933548778015e-04 0.000000000000000000e+00 1.479289940828402332e-03 0.000000000000000000e+00 1.092657342657342738e-03 0.000000000000000000e+00 9.741841207988310167e-04 0.000000000000000000e+00 5.077430820005077909e-04 0.000000000000000000e+00 0.000000000000000000e+00 0.000000000000000000e+00 0.000000000000000000e+00 0.000000000000000000e+00 1.454545454545454457e-03 0.000000000000000000e+00 0.000000000000000000e+00 0.000000000000000000e+00 0.000000000000000000e+00 0.000000000000000000e+00 0.000000000000000000e+00 0.000000000000000000e+00 0.000000000000000000e+00 0.000000000000000000e+00 0.000000000000000000e+00 0.000000000000000000e+00 0.000000000000000000e+00 0.000000000000000000e+00 0.000000000000000000e+00 0.000000000000000000e+00 0.000000000000000000e+00 0.000000000000000000e+00 0.000000000000000000e+00 0.000000000000000000e+00 0.000000000000000000e+00 0.000000000000000000e+00
0.000000000000000000e+00 6.952769120115080345e-03 1.678254615200191905e-03 2.924958043634619947e-02 1.438503955885878744e-03 2.831455286502038149e-01 1.918005274514504848e-03 1.397746343802445390e-01 7.192519779429393722e-04 0.000000000000000000e+00 2.227171492204899842e-04 5.883139457146677187e-03 2.480774001488464343e-04 3.143712574850299202e-02 0.000000000000000000e+00 1.639183673469387648e-01 2.079866888519134825e-04 1.808645324651835798e-04 9.941346058256288459e-05 1.238171044485716910e-03 1.007556675062972265e-03 6.455777921239508940e-04 3.041164331486911985e-03 3.917108920899671498e-03 6.092916984006093058e-03 4.169035436801213010e-03 0.000000000000000000e+00 1.341906625663964216e-02 1.249843769528808778e-04 7.136395617650014706e-03 3.393665158371040810e-03 3.147623544224110764e-04 2.237386732296677515e-04 9.569377990430622287e-05 0.000000000000000000e+00 0.000000000000000000e+00 0.000000000000000000e+00 1.789549033643521758e-04 0.000000000000000000e+00 0.000000000000000000e+00 0.000000000000000000e+00 3.105590062111801032e-03 0.000000000000000000e+00 0.000000000000000000e+00 0.000000000000000000e+00 9.960159362549801166e-05 0.000000000000000000e+00 3.225806451612903223e-04 0.000000000000000000e+00 8.754267705506434778e-04 0.000000000000000000e+00 9.009588776626552145e-04 0.000000000000000000e+00 0.000000000000000000e+00 0.000000000000000000e+00 1.245174947080064805e-04 0.000000000000000000e+00 7.965242577842143908e-04 0.000000000000000000e+00 1.838066354195386362e-04 0.000000000000000000e+00 1.657824933687002567e-04 0.000000000000000000e+00 1.700102006120367281e-04 0.000000000000000000e+00 7.073136228603763356e-04 0.000000000000000000e+00 7.114905727499110360e-04 0.000000000000000000e+00 0.000000000000000000e+00 8.464533604198408857e-05 2.216191768430574374e-02 2.855239364233368052e-04 2.137182499720264098e-02 0.000000000000000000e+00 0.000000000000000000e+00 3.624939584340260731e-04 6.263048016701461621e-03 0.000000000000000000e+00 0.000000000000000000e+00 0.000000000000000000e+00 4.795013186286262120e-04 0.000000000000000000e+00 5.690440060698027068e-03 0.000000000000000000e+00 7.329228965112869745e-04 0.000000000000000000e+00 5.194805194805194801e-04 0.000000000000000000e+00 1.944012441679626745e-04 0.000000000000000000e+00 2.761668047500690447e-04 0.000000000000000000e+00 6.280092108017584383e-04 7.272727272727272287e-04 6.997900629811057080e-03 0.000000000000000000e+00 0.000000000000000000e+00 0.000000000000000000e+00 6.116207951070336008e-04 0.000000000000000000e+00 0.000000000000000000e+00 0.000000000000000000e+00 3.508156463778284669e-04 0.000000000000000000e+00 1.461454146876141726e-03 0.000000000000000000e+00 0.000000000000000000e+00 0.000000000000000000e+00 0.000000000000000000e+00 0.000000000000000000e+00 6.793478260869565029e-04 1.360544217687074736e-03 0.000000000000000000e+00 0.000000000000000000e+00 0.000000000000000000e+00
2.004454342984409720e-01 2.227171492204899842e-04 1.848552338530066660e-02 7.572383073496659518e-03 0.000000000000000000e+00 0.000000000000000000e+00 1.142538975501113524e-01 7.126948775055679496e-03 1.336302895322939851e-03 2.227171492204899842e-04 0.000000000000000000e+00 9.359540045460623290e-04 1.474820143884892076e-01 3.992015968063872028e-04 1.111324008430733881e-02 0.000000000000000000e+00 3.348585690515806790e-02 1.808645324651835798e-04 1.133313450641216906e-02 8.048111789157159912e-03 0.000000000000000000e+00 0.000000000000000000e+00 3.801455414358640306e-03 3.538033864038412756e-03 0.000000000000000000e+00 0.000000000000000000e+00 0.000000000000000000e+00 0.000000000000000000e+00 4.011998500187476807e-02 7.035883003316915907e-04 2.747252747252747467e-03 3.147623544224110656e-03 1.230562702763172674e-03 3.349282296650717746e-03 3.529827038475114726e-04 0.000000000000000000e+00 1.798884691491275424e-04 0.000000000000000000e+00 0.000000000000000000e+00 0.000000000000000000e+00 9.505703422053231886e-04 0.000000000000000000e+00 7.892659826361483259e-05 0.000000000000000000e+00 5.492996429552320786e-04 0.000000000000000000e+00 0.000000000000000000e+00 0.000000000000000000e+00 7.122507122507122862e-04 0.000000000000000000e+00 3.026500332176865551e-03 0.000000000000000000e+00 0.000000000000000000e+00 0.000000000000000000e+00 3.038590094196292669e-04 0.000000000000000000e+00 9.745222929936306344e-03 0.000000000000000000e+00 2.594995366079703557e-03 0.000000000000000000e+00 6.419333522137260668e-03 1.657824933687002567e-04 2.271620963816323429e-03 0.000000000000000000e+00 5.721979131605520186e-03 0.000000000000000000e+00 2.386807464197887932e-03 1.778726431874777590e-04 5.686664771111742513e-04 0.000000000000000000e+00 2.505501946842729130e-02 1.447308909995477207e-03 6.662225183211192663e-04 1.118943717131028263e-04 0.000000000000000000e+00 0.000000000000000000e+00 7.249879168680521463e-04 6.958942240779401921e-04 0.000000000000000000e+00 0.000000000000000000e+00 1.413855786709755603e-03 0.000000000000000000e+00 7.396449704142011661e-04 0.000000000000000000e+00 4.079254079254079034e-03 0.000000000000000000e+00 0.000000000000000000e+00 0.000000000000000000e+00 2.919522721502919391e-03 0.000000000000000000e+00 0.000000000000000000e+00 0.000000000000000000e+00 0.000000000000000000e+00 0.000000000000000000e+00 0.000000000000000000e+00 0.000000000000000000e+00 0.000000000000000000e+00 0.000000000000000000e+00 0.000000000000000000e+00 0.000000000000000000e+00 0.000000000000000000e+00 0.000000000000000000e+00 0.000000000000000000e+00 0.000000000000000000e+00 0.000000000000000000e+00 0.000000000000000000e+00 0.000000000000000000e+00 0.000000000000000000e+00 0.000000000000000000e+00 0.000000000000000000e+00 0.000000000000000000e+00 0.000000000000000000e+00 0.000000000000000000e+00 0.000000000000000000e+00 0.000000000000000000e+00 0.000000000000000000e+00
8.022462896109105058e-04 9.881000133707715238e-02 2.807862013638186879e-03 2.928198957079823639e-02 0.000000000000000000e+00 2.674154298703035381e-04 3.342692873378794172e-03 1.311672683513838700e-01 0.000000000000000000e+00 5.883139457146677187e-03 9.359540045460623290e-04 0.000000000000000000e+00 6.201935003721161400e-04 2.358283433133732399e-01 0.000000000000000000e+00 3.265306122448979886e-02 2.079866888519134825e-04 8.410200759631036860e-02 4.175365344467640502e-03 2.980454585654904176e-02 0.000000000000000000e+00 0.000000000000000000e+00 2.389486260454002243e-03 4.801617386909274796e-03 0.000000000000000000e+00 0.000000000000000000e+00 0.000000000000000000e+00 0.000000000000000000e+00 3.749531308586426877e-04 5.005528193788320174e-02 2.100840336134453690e-03 4.721435316336166418e-04 1.901778722452175793e-03 1.626794258373205843e-03 0.000000000000000000e+00 0.000000000000000000e+00 0.000000000000000000e+00 1.610594130279169745e-03 0.000000000000000000e+00 0.000000000000000000e+00 0.000000000000000000e+00 0.000000000000000000e+00 0.000000000000000000e+00 0.000000000000000000e+00 0.000000000000000000e+00 7.968127490039840933e-04 0.000000000000000000e+00 0.000000000000000000e+00 1.187084520417853810e-04 5.252560623303860650e-04 7.381708127260648480e-05 4.247377566123946430e-03 0.000000000000000000e+00 0.000000000000000000e+00 0.000000000000000000e+00 7.471049682480388832e-04 6.369426751592356087e-05 1.202027516292541662e-02 9.267840593141797839e-05 3.032809484422387646e-03 0.000000000000000000e+00 1.856763925729442918e-02 0.000000000000000000e+00 1.649098945936756239e-02 0.000000000000000000e+00 1.089262979204979470e-02 2.893099956603500836e-04 6.225542511561721294e-04 0.000000000000000000e+00 2.537427048972342217e-04 8.464533604198408857e-05 4.622342831298055510e-02 5.710478728466736103e-04 7.049345417925478342e-03 0.000000000000000000e+00 2.222222222222222307e-02 4.833252779120348003e-04 6.541405706332637481e-03 0.000000000000000000e+00 0.000000000000000000e+00 0.000000000000000000e+00 4.555262526971948743e-03 0.000000000000000000e+00 0.000000000000000000e+00 7.284382284382284376e-05 7.255936675461741384e-03 0.000000000000000000e+00 0.000000000000000000e+00 0.000000000000000000e+00 3.596423017107309560e-03 0.000000000000000000e+00 0.000000000000000000e+00 0.000000000000000000e+00 2.093364036005861551e-04 0.000000000000000000e+00 2.799160251924422485e-03 0.000000000000000000e+00 0.000000000000000000e+00 0.000000000000000000e+00 6.116207951070336008e-04 0.000000000000000000e+00 0.000000000000000000e+00 0.000000000000000000e+00 0.000000000000000000e+00 0.000000000000000000e+00 3.653635367190354315e-04 0.000000000000000000e+00 0.000000000000000000e+00 0.000000000000000000e+00 0.000000000000000000e+00 0.000000000000000000e+00 0.000000000000000000e+00 0.000000000000000000e+00 0.000000000000000000e+00 0.000000000000000000e+00 0.000000000000000000e+00
6.189531133713718769e-02 0.000000000000000000e+00 3.001736541801041866e-02 7.070205904242123432e-03 7.442322004465393029e-04 0.000000000000000000e+00 3.253535102952120894e-01 9.550979905730587124e-03 1.500868270900520933e-02 2.480774001488464343e-04 1.474820143884892076e-01 6.201935003721161400e-04 0.000000000000000000e+00 3.493013972055888147e-03 1.404483617551255115e-01 8.163265306122449282e-04 4.367720465890182618e-03 0.000000000000000000e+00 8.450144149517843997e-03 7.075263111346953614e-04 0.000000000000000000e+00 0.000000000000000000e+00 2.465515368741175162e-02 1.124589335355066951e-02 7.616146230007616322e-04 5.685048322910744422e-04 0.000000000000000000e+00 0.000000000000000000e+00 1.041119860017497845e-01 9.046135289978891880e-04 8.241758241758241968e-03 1.243311299968523700e-02 1.006824029533504895e-03 7.655502392344497829e-04 7.059654076950229451e-04 0.000000000000000000e+00 3.597769382982550848e-04 1.789549033643521758e-04 3.434065934065934334e-04 0.000000000000000000e+00 0.000000000000000000e+00 0.000000000000000000e+00 7.892659826361483259e-05 0.000000000000000000e+00 3.661997619701547191e-04 0.000000000000000000e+00 1.244555071561916494e-04 0.000000000000000000e+00 0.000000000000000000e+00 0.000000000000000000e+00 3.912305307448143803e-03 0.000000000000000000e+00 0.000000000000000000e+00 0.000000000000000000e+00 0.000000000000000000e+00 0.000000000000000000e+00 5.987261146496815345e-03 0.000000000000000000e+00 2.780352177942539433e-03 0.000000000000000000e+00 7.268951194184839273e-03 0.000000000000000000e+00 3.082914165179295989e-03 0.000000000000000000e+00 1.901716593739481709e-02 0.000000000000000000e+00 1.012584984811225157e-03 0.000000000000000000e+00 1.421666192777935628e-04 0.000000000000000000e+00 2.708650753343490661e-02 2.713704206241519465e-03 4.853906919196726392e-03 4.475774868524112944e-03 0.000000000000000000e+00 2.222222222222222307e-02 3.745770903818269621e-03 4.175365344467640502e-03 1.148105625717566044e-03 0.000000000000000000e+00 1.817814582912542949e-03 0.000000000000000000e+00 2.218934911242603607e-03 0.000000000000000000e+00 5.754662004662004955e-03 7.329228965112870016e-05 0.000000000000000000e+00 0.000000000000000000e+00 2.919522721502919391e-03 0.000000000000000000e+00 0.000000000000000000e+00 0.000000000000000000e+00 0.000000000000000000e+00 0.000000000000000000e+00 7.272727272727272287e-04 0.000000000000000000e+00 0.000000000000000000e+00 0.000000000000000000e+00 0.000000000000000000e+00 0.000000000000000000e+00 0.000000000000000000e+00 0.000000000000000000e+00 0.000000000000000000e+00 1.754078231889142335e-04 3.116235587410408152e-04 0.000000000000000000e+00 0.000000000000000000e+00 0.000000000000000000e+00 0.000000000000000000e+00 0.000000000000000000e+00 0.000000000000000000e+00 0.000000000000000000e+00 0.000000000000000000e+00 0.000000000000000000e+00 0.000000000000000000e+00 0.000000000000000000e+00
