0.000000000000000000e+00 2.938557435440783752e-02 6.129100084104289331e-02 6.097560975609756309e-03 8.193363375665710943e-04 0.000000000000000000e+00 7.740893066980022996e-02 2.813172265431077360e-03 3.412969283276450546e-03 0.000000000000000000e+00 2.030292102416155764e-01 0.000000000000000000e+00 4.159190996574783916e-02 2.016129032258064514e-04 2.998001332445036481e-03 3.573981415296640556e-04 5.802901450725362481e-02 1.561280249804839967e-03 5.931800158604282058e-02 4.096916299559471425e-02 0.000000000000000000e+00 0.000000000000000000e+00 2.896081771720613197e-03 7.433102081268582600e-04 0.000000000000000000e+00 0.000000000000000000e+00 0.000000000000000000e+00 0.000000000000000000e+00 4.456878255836388414e-02 1.480384900074019176e-03 2.043318348998774021e-04 5.238344683080146946e-04 1.848652384243261795e-02 1.820418204182041796e-02 0.000000000000000000e+00 0.000000000000000000e+00 8.035991312441824463e-02 2.981514609421585999e-04 5.847953216374268681e-03 4.699248120300751619e-04 1.481481481481481538e-02 6.666666666666666574e-02 2.996254681647940194e-04 0.000000000000000000e+00 5.940594059405940449e-04 2.354880489815141902e-04 3.183699458771092092e-04 0.000000000000000000e+00 2.529761904761904882e-03 9.937394415184338950e-05 1.272657153875819507e-02 1.081665765278528907e-04 8.559811684142948959e-04 0.000000000000000000e+00 2.001847859562673384e-03 0.000000000000000000e+00 3.083787053841500203e-01 1.776198934280639498e-03 2.391482391482391626e-02 4.476275738585496844e-04 6.616602394966511480e-02 0.000000000000000000e+00 1.511666118961551078e-02 1.886792452830188586e-04 2.404498739577273780e-02 1.789869339538213819e-04 6.802078412848370538e-03 3.565062388591800258e-04 5.113488129402556787e-02 8.188666885031116796e-03 7.685810810810811411e-02 8.020532563362207500e-04 3.445875391576749130e-02 2.296387017758726341e-03 3.478260869565217520e-03 0.000000000000000000e+00 7.613499397348331976e-02 1.318764129615674361e-03 0.000000000000000000e+00 0.000000000000000000e+00 4.335761359694762299e-03 0.000000000000000000e+00 3.021148036253776432e-03 0.000000000000000000e+00 1.225626740947075195e-02 0.000000000000000000e+00 0.000000000000000000e+00 0.000000000000000000e+00 4.182433778131846441e-03 0.000000000000000000e+00 1.907992368030527776e-03 1.802884615384615485e-03 3.684598378776713420e-04 0.000000000000000000e+00 1.533742331288343551e-02 6.451612903225806446e-03 2.493765586034912655e-03 1.386962552011095735e-03 1.511715797430083184e-03 0.000000000000000000e+00 0.000000000000000000e+00 0.000000000000000000e+00 1.656377051648848069e-03 5.865102639296187678e-04 2.780674313521028923e-03 4.819277108433734714e-04 0.000000000000000000e+00 3.395585738539898084e-03 0.000000000000000000e+00 0.000000000000000000e+00 0.000000000000000000e+00 0.000000000000000000e+00 0.000000000000000000e+00 0.000000000000000000e+00 0.000000000000000000e+00 0.000000000000000000e+00
2.938557435440783752e-02 0.000000000000000000e+00 2.943650126156434170e-03 8.390243902439024903e-02 0.000000000000000000e+00 0.000000000000000000e+00 1.175088131609870702e-03 1.105411219592917493e-01 0.000000000000000000e+00 2.000000000000000042e-03 0.000000000000000000e+00 3.684348053305461224e-02 0.000000000000000000e+00 9.475806451612903136e-03 0.000000000000000000e+00 2.859185132237312445e-03 5.002501250625312297e-04 2.706219099661722610e-02 3.632038065027756030e-02 9.486049926578560276e-02 0.000000000000000000e+00 0.000000000000000000e+00 0.000000000000000000e+00 9.910802775024776801e-04 0.000000000000000000e+00 0.000000000000000000e+00 0.000000000000000000e+00 0.000000000000000000e+00 9.646922631680493769e-04 2.640019738465334415e-02 2.043318348998774021e-04 0.000000000000000000e+00 2.228749136143745591e-02 2.017220172201722103e-02 0.000000000000000000e+00 1.384402399630826116e-03 0.000000000000000000e+00 3.130590339892665164e-02 0.000000000000000000e+00 7.048872180451127428e-03 0.000000000000000000e+00 0.000000000000000000e+00 0.000000000000000000e+00 1.072616110693982630e-04 0.000000000000000000e+00 4.709760979630283804e-04 0.000000000000000000e+00 2.769699487605594931e-04 0.000000000000000000e+00 1.788730994733180903e-03 1.542614731970690318e-04 7.247160627366144164e-03 0.000000000000000000e+00 1.787629603146228055e-04 0.000000000000000000e+00 3.901767271058067480e-03 1.512401693889897170e-03 2.725782210684519757e-01 6.552006552006552206e-04 3.692927484333034804e-02 2.029632636492794795e-04 5.894006934125804731e-02 0.000000000000000000e+00 3.377358490566037541e-02 1.939111886755865821e-04 3.132271344191873974e-02 6.613131790269248652e-04 4.396910279263220589e-03 5.191755804852595663e-02 7.206026858827382919e-02 0.000000000000000000e+00 5.598331729226820735e-02 8.701705534284719665e-04 3.888548683404776524e-02 0.000000000000000000e+00 8.460236886632825420e-04 1.205303334672559214e-03 7.460437076111529897e-02 0.000000000000000000e+00 0.000000000000000000e+00 1.734304543877904941e-04 3.721424774056352955e-03 0.000000000000000000e+00 0.000000000000000000e+00 0.000000000000000000e+00 2.296763166328383635e-02 0.000000000000000000e+00 0.000000000000000000e+00 0.000000000000000000e+00 5.689360895126113933e-03 6.359974560101759253e-04 6.009615384615384949e-04 0.000000000000000000e+00 6.165228113440197368e-04 3.067484662576687188e-03 0.000000000000000000e+00 2.493765586034912655e-03 1.386962552011095735e-03 0.000000000000000000e+00 2.072538860103626847e-03 0.000000000000000000e+00 1.127395715896279543e-03 1.505797319680771021e-04 1.466275659824046920e-03 3.475842891901286154e-04 1.204819277108433841e-03 0.000000000000000000e+00 0.000000000000000000e+00 0.000000000000000000e+00 0.000000000000000000e+00 0.000000000000000000e+00 0.000000000000000000e+00 0.000000000000000000e+00 0.000000000000000000e+00 0.000000000000000000e+00 0.000000000000000000e+00
6.129100084104289331e-02 2.943650126156434170e-03 0.000000000000000000e+00 6.097560975609756309e-03 1.474805407619828035e-01 7.275666936135812175e-03 3.193301997649823920e-01 1.290749627668376712e-02 1.934015927189988715e-02 1.099999999999999936e-02 3.678326721961774209e-02 4.442121766396655604e-03 4.159190996574783916e-02 8.669354838709677005e-03 5.296469020652898319e-02 8.220157255182273387e-03 1.375687843921961050e-02 1.040853499869893312e-03 1.148295003965107003e-01 6.167400881057268774e-03 0.000000000000000000e+00 1.101321585903083803e-03 2.696763202725723785e-01 1.090188305252725448e-02 1.025093432995194814e-01 5.154639175257731860e-03 1.697792869269949129e-02 0.000000000000000000e+00 3.125602932664479916e-02 1.233654083395015980e-03 3.534940743767878840e-02 1.571503404924044084e-02 1.364892881824464332e-02 8.979089790897908790e-03 1.970831690973590990e-03 0.000000000000000000e+00 3.568104250698107133e-02 0.000000000000000000e+00 5.116959064327485096e-03 1.409774436090225486e-03 3.703703703703703845e-03 0.000000000000000000e+00 0.000000000000000000e+00 0.000000000000000000e+00 9.900990099009901110e-04 0.000000000000000000e+00 1.591849729385546046e-04 0.000000000000000000e+00 5.803571428571428770e-03 9.937394415184338950e-05 6.170458927882761270e-03 1.081665765278528907e-04 0.000000000000000000e+00 0.000000000000000000e+00 1.385894672004927544e-03 0.000000000000000000e+00 2.132486388384755016e-02 2.732613745047137647e-04 1.916461916461916631e-02 6.714413607878245809e-04 5.885934645829105256e-03 0.000000000000000000e+00 2.957607624055208669e-03 0.000000000000000000e+00 3.102579018809385313e-03 1.789869339538213819e-04 2.257912139820500777e-02 3.565062388591800258e-04 2.530654839551265203e-02 0.000000000000000000e+00 2.972972972972973138e-02 2.887391722810394440e-03 9.363035154890358980e-02 2.296387017758726341e-03 1.565217391304347949e-02 0.000000000000000000e+00 1.000401767778224121e-01 1.130369253956292402e-03 7.130124777183600299e-03 0.000000000000000000e+00 6.243496357960457571e-03 0.000000000000000000e+00 0.000000000000000000e+00 0.000000000000000000e+00 4.178272980501392987e-03 1.068261937827155245e-04 0.000000000000000000e+00 0.000000000000000000e+00 2.389962158932483743e-03 1.896453631708704699e-04 2.119991520033919895e-03 1.201923076923076990e-03 0.000000000000000000e+00 0.000000000000000000e+00 2.147239263803681075e-02 0.000000000000000000e+00 8.312551953449709213e-04 1.386962552011095735e-03 0.000000000000000000e+00 0.000000000000000000e+00 0.000000000000000000e+00 1.127395715896279543e-03 9.034783918084626124e-04 1.759530791788856303e-03 1.737921445950643077e-03 4.819277108433734714e-04 1.246882793017456328e-03 1.697792869269949042e-03 0.000000000000000000e+00 0.000000000000000000e+00 0.000000000000000000e+00 0.000000000000000000e+00 0.000000000000000000e+00 0.000000000000000000e+00 0.000000000000000000e+00 0.000000000000000000e+00
6.097560975609756309e-03 8.390243902439024903e-02 6.097560975609756309e-03 0.000000000000000000e+00 8.193363375665710943e-04 1.382376717865804461e-01 1.116333725029377243e-02 1.850074466324673206e-01 3.412969283276450546e-03 3.699999999999999817e-02 7.573025604038947055e-03 4.625032662660046728e-02 6.034904583265372421e-03 4.717741935483871218e-02 2.331778814123917215e-03 2.930664760543245234e-02 1.500750375187593797e-03 1.847514962269060715e-02 1.252973830293417981e-02 1.694566813509544856e-01 8.190008190008190529e-04 0.000000000000000000e+00 1.584327086882453273e-02 2.618929633300297599e-01 1.601708489054991897e-03 7.130584192439862190e-02 0.000000000000000000e+00 4.294149221685453557e-03 3.858769052672197507e-04 3.108808290155440357e-02 1.655087862689006914e-02 6.076479832372970458e-02 9.156876295784380920e-03 2.201722017220172217e-02 7.883326763894363091e-04 1.845869866174434677e-03 3.102699348433136614e-04 1.192605843768634530e-02 0.000000000000000000e+00 1.268796992481202937e-02 0.000000000000000000e+00 0.000000000000000000e+00 0.000000000000000000e+00 1.072616110693982630e-04 0.000000000000000000e+00 4.709760979630283804e-04 0.000000000000000000e+00 0.000000000000000000e+00 0.000000000000000000e+00 2.683096492099771354e-03 0.000000000000000000e+00 4.975662520281233514e-03 0.000000000000000000e+00 1.787629603146228055e-04 0.000000000000000000e+00 6.885471654808354887e-04 3.024803387779794557e-04 1.639568247028282480e-02 0.000000000000000000e+00 3.088630259623992985e-02 4.059265272985589589e-04 2.476473501733531327e-03 0.000000000000000000e+00 5.660377358490566299e-04 1.939111886755865821e-04 5.190621084660819451e-03 3.778932451582427956e-04 1.675579322638146018e-02 2.608922515001304253e-03 1.048149361283982894e-02 1.858108108108108211e-03 4.315046519088867188e-02 3.132613992342499210e-03 8.756889161053275916e-02 0.000000000000000000e+00 2.538071065989847518e-03 1.406187223784652416e-03 8.835719668425018325e-02 0.000000000000000000e+00 0.000000000000000000e+00 0.000000000000000000e+00 3.189792663476874023e-03 0.000000000000000000e+00 0.000000000000000000e+00 0.000000000000000000e+00 1.281914325392586240e-03 0.000000000000000000e+00 0.000000000000000000e+00 0.000000000000000000e+00 5.689360895126114367e-04 0.000000000000000000e+00 6.009615384615384949e-04 0.000000000000000000e+00 0.000000000000000000e+00 9.202453987730061999e-03 6.451612903225806446e-03 0.000000000000000000e+00 0.000000000000000000e+00 7.558578987150415922e-04 2.072538860103626847e-03 0.000000000000000000e+00 0.000000000000000000e+00 4.517391959042313062e-04 1.026392961876832844e-03 0.000000000000000000e+00 1.686746987951807204e-03 0.000000000000000000e+00 0.000000000000000000e+00 0.000000000000000000e+00 0.000000000000000000e+00 0.000000000000000000e+00 0.000000000000000000e+00 0.000000000000000000e+00 0.000000000000000000e+00 0.000000000000000000e+00 0.000000000000000000e+00
8.193363375665710943e-04 0.000000000000000000e+00 1.474805407619828035e-01 8.193363375665710943e-04 0.000000000000000000e+00 2.021018593371059179e-03 2.643948296122209350e-03 4.964421644878371301e-04 2.423208191126279831e-01 5.000000000000000104e-03 0.000000000000000000e+00 0.000000000000000000e+00 2.283477409884195064e-03 2.016129032258064514e-04 1.429047301798800906e-01 1.786990707648320170e-03 0.000000000000000000e+00 0.000000000000000000e+00 1.586042823156225275e-04 1.468428781204111574e-04 6.879606879606879610e-02 2.202643171806167605e-03 8.177172061328790917e-03 1.486620416253716520e-03 7.581420181526962732e-02 4.295532646048110317e-03 1.761460101867572126e-01 1.610305958132045084e-03 5.981092031641906462e-03 0.000000000000000000e+00 1.266857376379239807e-02 5.238344683080146946e-03 1.727712508638562484e-04 1.230012300123001104e-04 3.941663381947181546e-04 0.000000000000000000e+00 0.000000000000000000e+00 0.000000000000000000e+00 0.000000000000000000e+00 0.000000000000000000e+00 0.000000000000000000e+00 0.000000000000000000e+00 0.000000000000000000e+00 0.000000000000000000e+00 0.000000000000000000e+00 0.000000000000000000e+00 1.591849729385546046e-04 0.000000000000000000e+00 0.000000000000000000e+00 0.000000000000000000e+00 1.542614731970690318e-04 0.000000000000000000e+00 0.000000000000000000e+00 0.000000000000000000e+00 0.000000000000000000e+00 0.000000000000000000e+00 0.000000000000000000e+00 0.000000000000000000e+00 0.000000000000000000e+00 0.000000000000000000e+00 0.000000000000000000e+00 0.000000000000000000e+00 0.000000000000000000e+00 0.000000000000000000e+00 0.000000000000000000e+00 0.000000000000000000e+00 0.000000000000000000e+00 0.000000000000000000e+00 5.217845030002608723e-04 0.000000000000000000e+00 2.179054054054054002e-02 2.085338466474173907e-03 3.080403759136790889e-02 1.530924678505817525e-04 1.739130434782608760e-03 0.000000000000000000e+00 1.205303334672559214e-03 0.000000000000000000e+00 0.000000000000000000e+00 0.000000000000000000e+00 0.000000000000000000e+00 0.000000000000000000e+00 0.000000000000000000e+00 0.000000000000000000e+00 8.356545961002785324e-04 0.000000000000000000e+00 9.920634920634920084e-04 0.000000000000000000e+00 5.974905397331209357e-04 0.000000000000000000e+00 0.000000000000000000e+00 0.000000000000000000e+00 0.000000000000000000e+00 0.000000000000000000e+00 0.000000000000000000e+00 0.000000000000000000e+00 0.000000000000000000e+00 0.000000000000000000e+00 0.000000000000000000e+00 1.036269430051813423e-03 0.000000000000000000e+00 0.000000000000000000e+00 1.505797319680771021e-04 1.466275659824046920e-04 0.000000000000000000e+00 0.000000000000000000e+00 0.000000000000000000e+00 0.000000000000000000e+00 0.000000000000000000e+00 0.000000000000000000e+00 0.000000000000000000e+00 0.000000000000000000e+00 0.000000000000000000e+00 0.000000000000000000e+00 0.000000000000000000e+00 0.000000000000000000e+00
0.000000000000000000e+00 0.000000000000000000e+00 7.275666936135812175e-03 1.382376717865804461e-01 2.021018593371059179e-03 0.000000000000000000e+00 5.875440658049353509e-04 1.323845771967565752e-03 4.550625711035267106e-03 2.260000000000000064e-01 0.000000000000000000e+00 0.000000000000000000e+00 3.262110585548850324e-04 1.008064516129032230e-03 9.993337774816788994e-04 1.833452466047176543e-01 0.000000000000000000e+00 2.602133749674733279e-04 0.000000000000000000e+00 2.936857562408223148e-04 5.733005733005732719e-03 6.607929515418502382e-03 3.066439522998296377e-03 1.412289395441030694e-02 8.542445274959956786e-03 2.714776632302405290e-01 2.122241086587436411e-03 1.798174986580783619e-01 0.000000000000000000e+00 7.155193683691093119e-03 1.491622394769104992e-02 9.690937663698271851e-03 0.000000000000000000e+00 4.920049200492004416e-04 0.000000000000000000e+00 0.000000000000000000e+00 0.000000000000000000e+00 5.963029218843171999e-04 0.000000000000000000e+00 0.000000000000000000e+00 0.000000000000000000e+00 0.000000000000000000e+00 0.000000000000000000e+00 2.145232221387965261e-04 0.000000000000000000e+00 1.177440244907570951e-04 0.000000000000000000e+00 1.384849743802797465e-04 0.000000000000000000e+00 9.937394415184338950e-05 7.713073659853451588e-05 1.081665765278528907e-04 0.000000000000000000e+00 0.000000000000000000e+00 0.000000000000000000e+00 6.885471654808354887e-04 0.000000000000000000e+00 0.000000000000000000e+00 0.000000000000000000e+00 0.000000000000000000e+00 0.000000000000000000e+00 0.000000000000000000e+00 3.286230693394676539e-04 0.000000000000000000e+00 0.000000000000000000e+00 0.000000000000000000e+00 0.000000000000000000e+00 0.000000000000000000e+00 0.000000000000000000e+00 0.000000000000000000e+00 3.716216216216216423e-03 1.957009945460378569e-02 5.221023320570832016e-04 3.643600734843845806e-02 0.000000000000000000e+00 1.692047377326565084e-03 2.008838891120932023e-04 3.202712886209495031e-03 0.000000000000000000e+00 0.000000000000000000e+00 0.000000000000000000e+00 2.658160552897395200e-04 0.000000000000000000e+00 2.320185614849187838e-03 0.000000000000000000e+00 9.614357440444397341e-04 0.000000000000000000e+00 0.000000000000000000e+00 0.000000000000000000e+00 7.585814526834818794e-04 0.000000000000000000e+00 0.000000000000000000e+00 0.000000000000000000e+00 0.000000000000000000e+00 0.000000000000000000e+00 0.000000000000000000e+00 0.000000000000000000e+00 0.000000000000000000e+00 0.000000000000000000e+00 0.000000000000000000e+00 0.000000000000000000e+00 0.000000000000000000e+00 0.000000000000000000e+00 0.000000000000000000e+00 0.000000000000000000e+00 0.000000000000000000e+00 0.000000000000000000e+00 0.000000000000000000e+00 0.000000000000000000e+00 0.000000000000000000e+00 0.000000000000000000e+00 0.000000000000000000e+00 0.000000000000000000e+00 0.000000000000000000e+00 0.000000000000000000e+00 0.000000000000000000e+00
7.740893066980022996e-02 1.175088131609870702e-03 3.193301997649823920e-01 1.116333725029377243e-02 2.643948296122209350e-03 5.875440658049353509e-04 0.000000000000000000e+00 2.598047327486347965e-02 4.835039817974971788e-02 2.000000000000000042e-03 8.150018031013342434e-02 1.123595505617977497e-02 1.906703637253302774e-01 9.072580645161290938e-03 2.664890073284477065e-03 2.501786990707648498e-03 1.025512756378189026e-02 7.806401249024199837e-04 1.015067406819984176e-02 7.195301027900146904e-03 0.000000000000000000e+00 0.000000000000000000e+00 1.260647359454855274e-02 1.090188305252725448e-02 5.339028296849972991e-04 0.000000000000000000e+00 0.000000000000000000e+00 0.000000000000000000e+00 6.752845842176345530e-03 3.454231433506044745e-03 1.348590110339190767e-02 1.492928234677841880e-02 5.183137525915687722e-04 1.463714637146371414e-02 3.941663381947181546e-04 0.000000000000000000e+00 7.756748371082842347e-03 2.981514609421585999e-04 7.309941520467835852e-04 4.699248120300751619e-04 0.000000000000000000e+00 0.000000000000000000e+00 4.494382022471910291e-04 0.000000000000000000e+00 1.980198019801980330e-04 0.000000000000000000e+00 1.591849729385546046e-04 0.000000000000000000e+00 1.636904761904761944e-03 0.000000000000000000e+00 1.257231006556112571e-02 0.000000000000000000e+00 6.419858763107211177e-04 0.000000000000000000e+00 4.157684016014783282e-03 0.000000000000000000e+00 6.957047791893526505e-03 4.098920617570706200e-04 4.422604422604422929e-03 0.000000000000000000e+00 1.583113456464380064e-02 4.952947003467062653e-04 4.929346040092014158e-03 0.000000000000000000e+00 1.687027341477603110e-02 0.000000000000000000e+00 1.700519603212092635e-03 2.376708259061200172e-04 1.826245760500913107e-03 0.000000000000000000e+00 8.209459459459458874e-02 6.256015399422521286e-03 2.245040027845457767e-02 4.133496631965707588e-03 1.739130434782608760e-03 0.000000000000000000e+00 3.656086781840096195e-02 2.449133383571966763e-03 3.565062388591800149e-03 0.000000000000000000e+00 7.804370447450571964e-03 0.000000000000000000e+00 3.021148036253776432e-03 0.000000000000000000e+00 1.903435468895078864e-02 0.000000000000000000e+00 9.920634920634920084e-04 0.000000000000000000e+00 6.174068910575582388e-03 0.000000000000000000e+00 0.000000000000000000e+00 0.000000000000000000e+00 0.000000000000000000e+00 0.000000000000000000e+00 6.134969325153374377e-03 0.000000000000000000e+00 0.000000000000000000e+00 0.000000000000000000e+00 0.000000000000000000e+00 0.000000000000000000e+00 0.000000000000000000e+00 0.000000000000000000e+00 1.505797319680771021e-04 1.466275659824046920e-04 0.000000000000000000e+00 0.000000000000000000e+00 0.000000000000000000e+00 0.000000000000000000e+00 0.000000000000000000e+00 0.000000000000000000e+00 0.000000000000000000e+00 0.000000000000000000e+00 0.000000000000000000e+00 0.000000000000000000e+00 0.000000000000000000e+00 0.000000000000000000e+00
2.813172265431077360e-03 1.105411219592917493e-01 1.290749627668376712e-02 1.850074466324673206e-01 4.964421644878371301e-04 1.323845771967565752e-03 2.598047327486347965e-02 0.000000000000000000e+00 2.275312855517633553e-03 8.999999999999999667e-02 3.966822935448971812e-03 1.541677554220015622e-01 1.011254281520143454e-02 1.600806451612903358e-01 6.662225183211192663e-04 1.965689778413152317e-02 1.500750375187593797e-03 7.285974499089253181e-03 1.141950832672482090e-02 1.556534508076358285e-02 0.000000000000000000e+00 0.000000000000000000e+00 1.635434412265758183e-02 1.684836471754212056e-02 5.339028296849972991e-04 8.591065292096219767e-04 0.000000000000000000e+00 0.000000000000000000e+00 1.929384526336098754e-04 9.869232667160127842e-03 1.389456477319166335e-02 9.429020429544264503e-03 5.010366275051831610e-03 2.583025830258302725e-03 0.000000000000000000e+00 0.000000000000000000e+00 3.102699348433136614e-04 2.385211687537268799e-03 0.000000000000000000e+00 1.409774436090225486e-03 0.000000000000000000e+00 0.000000000000000000e+00 0.000000000000000000e+00 4.290464442775930522e-04 0.000000000000000000e+00 9.419521959260567607e-04 0.000000000000000000e+00 0.000000000000000000e+00 0.000000000000000000e+00 3.179966212858988464e-03 7.713073659853451588e-05 8.545159545700379070e-03 0.000000000000000000e+00 1.251340722202359639e-03 0.000000000000000000e+00 9.639660316731695974e-03 1.512401693889897278e-04 1.257002322721683350e-02 1.638001638001638051e-04 4.252461951656221623e-03 0.000000000000000000e+00 1.733531451213472102e-02 0.000000000000000000e+00 8.301886792452830427e-03 0.000000000000000000e+00 1.825666726328977960e-02 2.834199338686821238e-04 1.544860368389780166e-03 0.000000000000000000e+00 1.637733377006223489e-03 1.689189189189189283e-03 1.050689765800449094e-01 2.436477549599721463e-03 2.173913043478260809e-02 0.000000000000000000e+00 8.460236886632825420e-04 5.825632784250703300e-03 1.996985681989449715e-02 0.000000000000000000e+00 0.000000000000000000e+00 0.000000000000000000e+00 8.771929824561403022e-03 0.000000000000000000e+00 0.000000000000000000e+00 9.285051067780872281e-05 2.852259373998504433e-02 0.000000000000000000e+00 1.858736059479553816e-03 0.000000000000000000e+00 8.913332069030912436e-03 0.000000000000000000e+00 0.000000000000000000e+00 3.684598378776713420e-04 0.000000000000000000e+00 0.000000000000000000e+00 6.451612903225806446e-03 0.000000000000000000e+00 0.000000000000000000e+00 0.000000000000000000e+00 0.000000000000000000e+00 0.000000000000000000e+00 0.000000000000000000e+00 1.505797319680771021e-04 4.398826979472140759e-04 0.000000000000000000e+00 0.000000000000000000e+00 0.000000000000000000e+00 0.000000000000000000e+00 0.000000000000000000e+00 0.000000000000000000e+00 0.000000000000000000e+00 0.000000000000000000e+00 0.000000000000000000e+00 0.000000000000000000e+00 0.000000000000000000e+00 0.000000000000000000e+00
3.412969283276450546e-03 0.000000000000000000e+00 1.934015927189988715e-02 3.412969283276450546e-03 2.423208191126279831e-01 4.550625711035267106e-03 4.835039817974971788e-02 2.275312855517633553e-03 0.000000000000000000e+00 4.000000000000000083e-03 0.000000000000000000e+00 0.000000000000000000e+00 5.219376936878160345e-02 2.016129032258064514e-04 1.862091938707528260e-01 3.931379556826304286e-03 7.503751875937968987e-04 0.000000000000000000e+00 4.758128469468675555e-04 0.000000000000000000e+00 8.190008190008190529e-04 0.000000000000000000e+00 2.044293015332197729e-03 1.486620416253716520e-03 4.271222637479978393e-03 8.591065292096220635e-03 4.668930390492359757e-03 5.367686527106816947e-04 7.717538105344395015e-03 0.000000000000000000e+00 1.225991009399264413e-03 3.143006809848088168e-03 1.727712508638562484e-04 0.000000000000000000e+00 0.000000000000000000e+00 0.000000000000000000e+00 0.000000000000000000e+00 0.000000000000000000e+00 0.000000000000000000e+00 0.000000000000000000e+00 0.000000000000000000e+00 0.000000000000000000e+00 1.498127340823970097e-04 0.000000000000000000e+00 0.000000000000000000e+00 0.000000000000000000e+00 0.000000000000000000e+00 0.000000000000000000e+00 0.000000000000000000e+00 0.000000000000000000e+00 7.713073659853451588e-05 0.000000000000000000e+00 0.000000000000000000e+00 0.000000000000000000e+00 1.539882968894364058e-04 0.000000000000000000e+00 3.024803387779794557e-04 0.000000000000000000e+00 0.000000000000000000e+00 0.000000000000000000e+00 4.059265272985589589e-04 0.000000000000000000e+00 1.314492277357870616e-03 0.000000000000000000e+00 5.817335660267597191e-04 0.000000000000000000e+00 9.447331128956069891e-05 1.188354129530600086e-04 0.000000000000000000e+00 0.000000000000000000e+00 9.290540540540541056e-03 1.604106512672441446e-04 1.235642185868430186e-02 4.592774035517452574e-04 0.000000000000000000e+00 0.000000000000000000e+00 1.406187223784652416e-03 0.000000000000000000e+00 0.000000000000000000e+00 0.000000000000000000e+00 1.907734998265695489e-03 0.000000000000000000e+00 3.021148036253776432e-03 0.000000000000000000e+00 8.356545961002785324e-04 0.000000000000000000e+00 2.976190476190476025e-03 0.000000000000000000e+00 1.991635132443736272e-04 0.000000000000000000e+00 2.119991520033919841e-04 0.000000000000000000e+00 0.000000000000000000e+00 0.000000000000000000e+00 0.000000000000000000e+00 0.000000000000000000e+00 0.000000000000000000e+00 0.000000000000000000e+00 0.000000000000000000e+00 0.000000000000000000e+00 0.000000000000000000e+00 0.000000000000000000e+00 0.000000000000000000e+00 0.000000000000000000e+00 0.000000000000000000e+00 0.000000000000000000e+00 0.000000000000000000e+00 0.000000000000000000e+00 0.000000000000000000e+00 0.000000000000000000e+00 0.000000000000000000e+00 0.000000000000000000e+00 0.000000000000000000e+00 0.000000000000000000e+00 0.000000000000000000e+00 0.000000000000000000e+00
0.000000000000000000e+00 2.000000000000000042e-03 1.099999999999999936e-02 3.699999999999999817e-02 5.000000000000000104e-03 2.260000000000000064e-01 2.000000000000000042e-03 8.999999999999999667e-02 4.000000000000000083e-03 0.000000000000000000e+00 0.000000000000000000e+00 3.135615364515286028e-03 4.893165878323274673e-04 1.391129032258064599e-02 1.998667554963357799e-03 7.183702644746246813e-02 0.000000000000000000e+00 0.000000000000000000e+00 0.000000000000000000e+00 0.000000000000000000e+00 0.000000000000000000e+00 0.000000000000000000e+00 2.385008517887564090e-03 1.982160555004955360e-03 4.805125467164976343e-03 2.491408934707903949e-02 4.244482173174872605e-04 4.294149221685453557e-03 0.000000000000000000e+00 9.869232667160127842e-04 7.560277891295463445e-03 9.690937663698271851e-03 0.000000000000000000e+00 1.230012300123001104e-04 0.000000000000000000e+00 0.000000000000000000e+00 0.000000000000000000e+00 0.000000000000000000e+00 0.000000000000000000e+00 0.000000000000000000e+00 0.000000000000000000e+00 0.000000000000000000e+00 0.000000000000000000e+00 0.000000000000000000e+00 0.000000000000000000e+00 1.177440244907570951e-04 0.000000000000000000e+00 0.000000000000000000e+00 0.000000000000000000e+00 0.000000000000000000e+00 0.000000000000000000e+00 5.408328826392645077e-04 0.000000000000000000e+00 0.000000000000000000e+00 0.000000000000000000e+00 0.000000000000000000e+00 0.000000000000000000e+00 1.366306872523568824e-04 0.000000000000000000e+00 0.000000000000000000e+00 0.000000000000000000e+00 0.000000000000000000e+00 0.000000000000000000e+00 0.000000000000000000e+00 0.000000000000000000e+00 1.789869339538213819e-04 0.000000000000000000e+00 1.188354129530600086e-04 0.000000000000000000e+00 0.000000000000000000e+00 1.182432432432432498e-03 6.416426050689766000e-03 5.221023320570832016e-04 1.362522963870177635e-02 0.000000000000000000e+00 0.000000000000000000e+00 4.017677782241864046e-04 2.449133383571966763e-03 0.000000000000000000e+00 0.000000000000000000e+00 0.000000000000000000e+00 2.126528442317916160e-03 0.000000000000000000e+00 0.000000000000000000e+00 0.000000000000000000e+00 1.068261937827155164e-03 0.000000000000000000e+00 0.000000000000000000e+00 0.000000000000000000e+00 5.689360895126114367e-04 0.000000000000000000e+00 0.000000000000000000e+00 0.000000000000000000e+00 0.000000000000000000e+00 0.000000000000000000e+00 0.000000000000000000e+00 0.000000000000000000e+00 0.000000000000000000e+00 0.000000000000000000e+00 0.000000000000000000e+00 0.000000000000000000e+00 0.000000000000000000e+00 0.000000000000000000e+00 0.000000000000000000e+00 0.000000000000000000e+00 0.000000000000000000e+00 0.000000000000000000e+00 0.000000000000000000e+00 0.000000000000000000e+00 0.000000000000000000e+00 0.000000000000000000e+00 0.000000000000000000e+00 0.000000000000000000e+00 0.000000000000000000e+00 0.000000000000000000e+00 0.000000000000000000e+00
2.030292102416155764e-01 0.000000000000000000e+00 3.678326721961774209e-02 7.573025604038947055e-03 0.000000000000000000e+00 0.000000000000000000e+00 8.150018031013342434e-02 3.966822935448971812e-03 0.000000000000000000e+00 0.000000000000000000e+00 0.000000000000000000e+00 1.045205121505095270e-03 1.211874082531397834e-01 1.209677419354838763e-03 6.662225183211192663e-04 0.000000000000000000e+00 3.751875937968984775e-02 2.602133749674733279e-04 9.992069785884218069e-03 7.342143906020557600e-04 0.000000000000000000e+00 0.000000000000000000e+00 4.599659284497444565e-03 2.973240832507433040e-03 0.000000000000000000e+00 8.591065292096219767e-04 0.000000000000000000e+00 0.000000000000000000e+00 2.199498360023152688e-02 4.934616333580063921e-04 2.860645688598283630e-03 5.238344683080146946e-04 1.727712508638562646e-03 1.230012300123001267e-03 3.941663381947181546e-04 0.000000000000000000e+00 3.102699348433136614e-04 0.000000000000000000e+00 0.000000000000000000e+00 0.000000000000000000e+00 0.000000000000000000e+00 0.000000000000000000e+00 0.000000000000000000e+00 0.000000000000000000e+00 0.000000000000000000e+00 0.000000000000000000e+00 0.000000000000000000e+00 0.000000000000000000e+00 0.000000000000000000e+00 0.000000000000000000e+00 2.005399151561897304e-03 0.000000000000000000e+00 4.279905842071474479e-04 0.000000000000000000e+00 4.619648906683092174e-04 0.000000000000000000e+00 1.391409558378705301e-02 0.000000000000000000e+00 1.474201474201474165e-03 0.000000000000000000e+00 2.313781205601786115e-02 0.000000000000000000e+00 1.347354584291817273e-02 0.000000000000000000e+00 9.113825867752568463e-03 0.000000000000000000e+00 3.778932451582427956e-04 2.376708259061200172e-04 0.000000000000000000e+00 0.000000000000000000e+00 2.888513513513513500e-02 2.245749117741418187e-03 2.436477549599721463e-03 4.592774035517452574e-04 0.000000000000000000e+00 0.000000000000000000e+00 2.008838891120932023e-04 0.000000000000000000e+00 3.565062388591800149e-03 0.000000000000000000e+00 9.538674991328478098e-03 0.000000000000000000e+00 0.000000000000000000e+00 0.000000000000000000e+00 5.849582172701949835e-03 0.000000000000000000e+00 9.920634920634920084e-04 0.000000000000000000e+00 3.584943238398725397e-03 0.000000000000000000e+00 0.000000000000000000e+00 0.000000000000000000e+00 0.000000000000000000e+00 0.000000000000000000e+00 0.000000000000000000e+00 0.000000000000000000e+00 0.000000000000000000e+00 0.000000000000000000e+00 0.000000000000000000e+00 0.000000000000000000e+00 0.000000000000000000e+00 0.000000000000000000e+00 0.000000000000000000e+00 0.000000000000000000e+00 0.000000000000000000e+00 0.000000000000000000e+00 0.000000000000000000e+00 0.000000000000000000e+00 0.000000000000000000e+00 0.000000000000000000e+00 0.000000000000000000e+00 0.000000000000000000e+00 0.000000000000000000e+00 0.000000000000000000e+00 0.000000000000000000e+00 0.000000000000000000e+00
0.000000000000000000e+00 3.684348053305461224e-02 4.442121766396655604e-03 4.625032662660046728e-02 0.000000000000000000e+00 0.000000000000000000e+00 1.123595505617977497e-02 1.541677554220015622e-01 0.000000000000000000e+00 3.135615364515286028e-03 1.045205121505095270e-03 0.000000000000000000e+00 9.786331756646549345e-04 1.737903225806451679e-01 0.000000000000000000e+00 5.003573981415296995e-03 0.000000000000000000e+00 1.264637002341920391e-01 1.903251387787470222e-03 8.223201174743025033e-03 0.000000000000000000e+00 0.000000000000000000e+00 5.451448040885860033e-03 9.910802775024776801e-03 0.000000000000000000e+00 0.000000000000000000e+00 0.000000000000000000e+00 0.000000000000000000e+00 0.000000000000000000e+00 1.046138662718973655e-01 1.430322844299141815e-03 1.047668936616029389e-03 1.382170006910849987e-03 2.952029520295202866e-03 0.000000000000000000e+00 0.000000000000000000e+00 0.000000000000000000e+00 1.192605843768634400e-03 0.000000000000000000e+00 0.000000000000000000e+00 0.000000000000000000e+00 0.000000000000000000e+00 0.000000000000000000e+00 0.000000000000000000e+00 0.000000000000000000e+00 0.000000000000000000e+00 0.000000000000000000e+00 0.000000000000000000e+00 0.000000000000000000e+00 3.974957766073735580e-04 0.000000000000000000e+00 7.571660356949702891e-04 0.000000000000000000e+00 0.000000000000000000e+00 0.000000000000000000e+00 1.147578609134725742e-03 0.000000000000000000e+00 5.738488864598988680e-03 0.000000000000000000e+00 2.238137869292748422e-04 0.000000000000000000e+00 4.952947003467062653e-03 0.000000000000000000e+00 2.037735849056603737e-02 0.000000000000000000e+00 6.801503490245212023e-03 9.447331128956069891e-05 2.376708259061200172e-04 5.217845030002608723e-04 3.275466754012446545e-04 1.013513513513513570e-03 5.197305101058709992e-02 1.740341106856944096e-04 1.071647274954072322e-03 0.000000000000000000e+00 0.000000000000000000e+00 1.406187223784652416e-03 1.130369253956292402e-03 0.000000000000000000e+00 0.000000000000000000e+00 0.000000000000000000e+00 1.674641148325358916e-02 0.000000000000000000e+00 0.000000000000000000e+00 0.000000000000000000e+00 1.965601965601965553e-02 0.000000000000000000e+00 9.293680297397769081e-04 0.000000000000000000e+00 8.344395979518300782e-03 0.000000000000000000e+00 0.000000000000000000e+00 0.000000000000000000e+00 0.000000000000000000e+00 0.000000000000000000e+00 0.000000000000000000e+00 0.000000000000000000e+00 0.000000000000000000e+00 0.000000000000000000e+00 0.000000000000000000e+00 0.000000000000000000e+00 0.000000000000000000e+00 0.000000000000000000e+00 0.000000000000000000e+00 0.000000000000000000e+00 0.000000000000000000e+00 0.000000000000000000e+00 0.000000000000000000e+00 0.000000000000000000e+00 0.000000000000000000e+00 0.000000000000000000e+00 0.000000000000000000e+00 0.000000000000000000e+00 0.000000000000000000e+00 0.000000000000000000e+00 0.000000000000000000e+00
4.159190996574783916e-02 0.000000000000000000e+00 4.159190996574783916e-02 6.034904583265372421e-03 2.283477409884195064e-03 3.262110585548850324e-04 1.906703637253302774e-01 1.011254281520143454e-02 5.219376936878160345e-02 4.893165878323274673e-04 1.211874082531397834e-01 9.786331756646549345e-04 0.000000000000000000e+00 2.822580645161290158e-03 3.081279147235176374e-01 7.147962830593281112e-04 1.825912956478238994e-02 2.602133749674733279e-04 7.454401268834258930e-03 1.468428781204111574e-04 0.000000000000000000e+00 0.000000000000000000e+00 1.073253833049403819e-02 5.203171456888007820e-03 5.339028296849972991e-04 8.591065292096219767e-04 0.000000000000000000e+00 0.000000000000000000e+00 1.493343623384140451e-01 2.467308166790031961e-04 2.656313853698406228e-03 5.762179151388161641e-03 8.638562543192813232e-04 6.150061500615006333e-04 0.000000000000000000e+00 0.000000000000000000e+00 1.241079739373254645e-03 0.000000000000000000e+00 0.000000000000000000e+00 9.398496240601503238e-04 0.000000000000000000e+00 0.000000000000000000e+00 2.996254681647940194e-04 0.000000000000000000e+00 0.000000000000000000e+00 0.000000000000000000e+00 0.000000000000000000e+00 0.000000000000000000e+00 1.488095238095238229e-04 0.000000000000000000e+00 2.313922097956035585e-03 0.000000000000000000e+00 4.279905842071474479e-04 0.000000000000000000e+00 3.079765937788728116e-04 0.000000000000000000e+00 1.058681185722928041e-02 1.366306872523568824e-04 2.293202293202293001e-03 0.000000000000000000e+00 2.699411406535416960e-02 0.000000000000000000e+00 3.319093000328623283e-02 0.000000000000000000e+00 1.531898390537133996e-02 0.000000000000000000e+00 3.778932451582427956e-04 1.188354129530600086e-04 2.869814766501434852e-03 0.000000000000000000e+00 4.273648648648648712e-02 9.624639076034649217e-04 2.540898016011138016e-02 4.439681567666870984e-03 1.739130434782608760e-03 0.000000000000000000e+00 1.908396946564885552e-02 5.651846269781462010e-04 8.912655971479501241e-03 0.000000000000000000e+00 2.722858133888310730e-02 0.000000000000000000e+00 0.000000000000000000e+00 0.000000000000000000e+00 1.049210770659238581e-02 0.000000000000000000e+00 0.000000000000000000e+00 0.000000000000000000e+00 5.178251344353713981e-03 0.000000000000000000e+00 2.119991520033919841e-04 0.000000000000000000e+00 0.000000000000000000e+00 0.000000000000000000e+00 0.000000000000000000e+00 0.000000000000000000e+00 0.000000000000000000e+00 0.000000000000000000e+00 7.558578987150415922e-04 0.000000000000000000e+00 0.000000000000000000e+00 0.000000000000000000e+00 1.505797319680771021e-04 1.466275659824046920e-04 3.475842891901286154e-04 0.000000000000000000e+00 0.000000000000000000e+00 0.000000000000000000e+00 0.000000000000000000e+00 0.000000000000000000e+00 0.000000000000000000e+00 0.000000000000000000e+00 0.000000000000000000e+00 0.000000000000000000e+00 0.000000000000000000e+00 0.000000000000000000e+00
