2.852674451142360179e-01 4.849727356978948412e-01 3.841707059761464982e-01 4.859594048834129931e-01 4.379236242564102932e-01 0.000000000000000000e+00 3.443520377704313296e-01 4.601664584218609355e-01 4.385559607664233361e-01 0.000000000000000000e+00 2.905716976293288289e-01 0.000000000000000000e+00 3.627818137607108362e-01 0.000000000000000000e+00 3.960399425584001376e-01 0.000000000000000000e+00 3.073374158845629256e-01 4.357702983095171900e-01 4.057784202829650133e-01 5.026076386771707316e-01 0.000000000000000000e+00 0.000000000000000000e+00 4.125149894518406191e-01 0.000000000000000000e+00 0.000000000000000000e+00 0.000000000000000000e+00 0.000000000000000000e+00 0.000000000000000000e+00 4.285312007705605608e-01 4.615277249999999998e-01 4.309417838621737440e-01 0.000000000000000000e+00 4.703682129736913020e-01 4.956050866372146424e-01 4.786552500000000321e-01 0.000000000000000000e+00 5.246234493367943896e-01 0.000000000000000000e+00 0.000000000000000000e+00 0.000000000000000000e+00 4.714911261484409088e-01 0.000000000000000000e+00 0.000000000000000000e+00 0.000000000000000000e+00 4.476531438307135291e-01 0.000000000000000000e+00 0.000000000000000000e+00 0.000000000000000000e+00 4.423409349733957718e-01 0.000000000000000000e+00 4.471903792001503120e-01 0.000000000000000000e+00 0.000000000000000000e+00 0.000000000000000000e+00 4.779836516445753469e-01 0.000000000000000000e+00 3.301440907956606496e-01 5.034714695652173777e-01 4.379957319054211262e-01 4.946159088912746027e-01 4.321738984236452308e-01 5.440181075268817334e-01 3.953570266263010669e-01 4.771175359999998977e-01 4.536599290615999647e-01 4.741544407322068055e-01 4.328672446693399012e-01 0.000000000000000000e+00 3.898847801676953440e-01 4.997523755979044746e-01 3.777311401741164087e-01 4.908319055241090467e-01 4.121586387870483925e-01 4.668550891365432776e-01 4.017219435552942253e-01 0.000000000000000000e+00 4.163655190958724384e-01 4.211162656250000413e-01 4.406792172299027754e-01 0.000000000000000000e+00 3.991723420654532672e-01 0.000000000000000000e+00 0.000000000000000000e+00 0.000000000000000000e+00 4.568984849923575231e-01 0.000000000000000000e+00 0.000000000000000000e+00 0.000000000000000000e+00 4.693339965667975844e-01 0.000000000000000000e+00 4.756768221332618451e-01 4.504151722211878761e-01 4.202859449286472926e-01 0.000000000000000000e+00 4.702454035480124195e-01 0.000000000000000000e+00 5.296898577183370982e-01 0.000000000000000000e+00 4.871665736530981783e-01 4.123952280701754236e-01 0.000000000000000000e+00 0.000000000000000000e+00 4.847081355196241614e-01 4.712804154623670416e-01 5.295270593220338107e-01 0.000000000000000000e+00 5.289698192660550191e-01 0.000000000000000000e+00 0.000000000000000000e+00 0.000000000000000000e+00 4.899626320754716935e-01 0.000000000000000000e+00 0.000000000000000000e+00 0.000000000000000000e+00 4.627472988505748619e-01 0.000000000000000000e+00
4.849727356978948412e-01 2.842487815326817935e-01 4.835180884213710617e-01 3.673002184460568698e-01 0.000000000000000000e+00 3.878415692324708175e-01 4.874969740870786494e-01 3.496251043735946751e-01 0.000000000000000000e+00 4.010979538950456558e-01 0.000000000000000000e+00 3.704582186454417059e-01 0.000000000000000000e+00 4.136343187649216269e-01 0.000000000000000000e+00 4.231733532953230181e-01 0.000000000000000000e+00 2.999152409016699883e-01 4.940870722057667530e-01 3.967295770258074117e-01 0.000000000000000000e+00 0.000000000000000000e+00 0.000000000000000000e+00 3.817094613143840465e-01 0.000000000000000000e+00 4.686554626865671591e-01 0.000000000000000000e+00 0.000000000000000000e+00 0.000000000000000000e+00 4.486475671264936738e-01 4.729626124451289937e-01 0.000000000000000000e+00 4.848316951703616762e-01 4.950978639054491870e-01 0.000000000000000000e+00 0.000000000000000000e+00 0.000000000000000000e+00 5.402745603371208460e-01 0.000000000000000000e+00 5.539667169030393357e-01 0.000000000000000000e+00 4.844739281823612909e-01 0.000000000000000000e+00 0.000000000000000000e+00 0.000000000000000000e+00 4.536015339805825608e-01 0.000000000000000000e+00 0.000000000000000000e+00 0.000000000000000000e+00 4.577760426579511877e-01 0.000000000000000000e+00 4.431770306590962494e-01 0.000000000000000000e+00 4.368480888888888747e-01 0.000000000000000000e+00 4.660739358655607845e-01 0.000000000000000000e+00 3.409121724019878452e-01 0.000000000000000000e+00 4.449029636999636272e-01 0.000000000000000000e+00 4.283069871844015220e-01 0.000000000000000000e+00 4.193328405933982594e-01 0.000000000000000000e+00 4.427686819593822931e-01 0.000000000000000000e+00 4.428502827741242487e-01 5.141615938209450620e-01 3.020535990409498051e-01 4.669028438377897383e-01 3.966599522999432748e-01 4.922079016533986717e-01 4.296631948983555827e-01 0.000000000000000000e+00 4.483882470451441837e-01 0.000000000000000000e+00 4.273938581676634541e-01 0.000000000000000000e+00 0.000000000000000000e+00 0.000000000000000000e+00 4.482378472355557641e-01 0.000000000000000000e+00 0.000000000000000000e+00 0.000000000000000000e+00 4.623397930509112186e-01 0.000000000000000000e+00 0.000000000000000000e+00 0.000000000000000000e+00 4.640666002774150867e-01 4.392384449448686889e-01 4.786105159081829874e-01 0.000000000000000000e+00 4.242094917585718106e-01 4.710337509203900708e-01 5.152645780598384961e-01 0.000000000000000000e+00 5.398728258372957889e-01 5.145608217054263855e-01 4.768854115369620672e-01 4.196184166666667159e-01 4.396013777777777465e-01 4.517451303922611072e-01 4.531783894207214725e-01 0.000000000000000000e+00 4.477523053540452547e-01 0.000000000000000000e+00 0.000000000000000000e+00 0.000000000000000000e+00 0.000000000000000000e+00 4.995582967102629168e-01 0.000000000000000000e+00 0.000000000000000000e+00 0.000000000000000000e+00 0.000000000000000000e+00 0.000000000000000000e+00
3.841707059761464982e-01 4.835180884213710617e-01 2.763659613440323515e-01 4.681381481961609525e-01 2.479433475498267758e-01 4.325219463838252953e-01 3.288222757013043451e-01 4.463669288386237222e-01 2.190695722766816400e-01 4.815231861273526204e-01 4.035886923469744758e-01 0.000000000000000000e+00 3.715760776421306866e-01 5.051467142857142267e-01 3.584541316760263552e-01 4.026214430916552067e-01 4.170413468648183630e-01 4.858695212055192392e-01 3.462649759327214860e-01 4.961893614601766700e-01 3.781703221861472120e-01 0.000000000000000000e+00 2.437292918931081021e-01 4.315127830970886258e-01 2.211742410694186867e-01 4.006133797137604868e-01 3.328308495889969465e-01 4.380349682539683154e-01 4.029889908636738460e-01 5.223903018867923631e-01 3.979363263855578703e-01 3.985582594901679876e-01 4.523061854893540845e-01 4.858411959631946941e-01 4.438864714571253978e-01 0.000000000000000000e+00 4.775683879653794262e-01 0.000000000000000000e+00 0.000000000000000000e+00 0.000000000000000000e+00 4.112171138211382360e-01 0.000000000000000000e+00 0.000000000000000000e+00 0.000000000000000000e+00 0.000000000000000000e+00 0.000000000000000000e+00 0.000000000000000000e+00 0.000000000000000000e+00 4.393191734426081241e-01 0.000000000000000000e+00 4.324275839993686477e-01 0.000000000000000000e+00 0.000000000000000000e+00 0.000000000000000000e+00 0.000000000000000000e+00 0.000000000000000000e+00 4.158125320449771456e-01 0.000000000000000000e+00 4.440227094745004544e-01 0.000000000000000000e+00 4.237700592783910647e-01 0.000000000000000000e+00 3.966220654574382221e-01 0.000000000000000000e+00 4.365703948115078337e-01 0.000000000000000000e+00 4.433704999673620528e-01 0.000000000000000000e+00 3.961149027026248937e-01 0.000000000000000000e+00 4.056520579899451362e-01 4.956809630535579658e-01 4.091581989957931986e-01 4.772509390804597906e-01 3.931239044559133866e-01 0.000000000000000000e+00 4.292701958571305543e-01 4.403193343434343987e-01 4.125979491395568299e-01 0.000000000000000000e+00 3.942772398374278509e-01 0.000000000000000000e+00 0.000000000000000000e+00 0.000000000000000000e+00 4.334781843525716827e-01 0.000000000000000000e+00 0.000000000000000000e+00 0.000000000000000000e+00 4.445859934133891134e-01 0.000000000000000000e+00 4.700702489816416807e-01 4.439522086761277797e-01 4.463828093584762957e-01 0.000000000000000000e+00 4.702513972820521193e-01 4.759693445413282209e-01 0.000000000000000000e+00 0.000000000000000000e+00 4.777769371268500431e-01 0.000000000000000000e+00 0.000000000000000000e+00 0.000000000000000000e+00 4.595406827417063966e-01 4.516854218803418863e-01 0.000000000000000000e+00 4.244076869565217569e-01 5.395880000000000676e-01 0.000000000000000000e+00 0.000000000000000000e+00 0.000000000000000000e+00 4.651786384615385073e-01 4.383777539682540136e-01 0.000000000000000000e+00 0.000000000000000000e+00 4.148983410852712939e-01 0.000000000000000000e+00
4.859594048834129931e-01 3.673002184460568698e-01 4.681381481961609525e-01 2.491073137627876910e-01 5.160362817310981676e-01 1.992427867836236988e-01 4.360705721471336838e-01 3.287926011793682046e-01 0.000000000000000000e+00 3.054327798446805908e-01 4.910857523253847612e-01 4.278325636436905444e-01 4.336658961305808191e-01 3.658763100087524811e-01 0.000000000000000000e+00 3.262389918221650920e-01 4.391264021739130219e-01 4.276457053797009245e-01 4.966393843148917409e-01 2.848591227476894305e-01 0.000000000000000000e+00 0.000000000000000000e+00 4.526810325816280067e-01 1.951820259404976332e-01 4.618614155462185122e-01 1.973297565796412467e-01 0.000000000000000000e+00 2.407127351282051242e-01 0.000000000000000000e+00 3.921579504367430080e-01 4.272782620518358332e-01 3.309287618392920405e-01 4.912906228643976747e-01 4.121539934249691117e-01 0.000000000000000000e+00 4.814086541295305444e-01 0.000000000000000000e+00 4.816868088964765815e-01 0.000000000000000000e+00 4.919899335865412504e-01 0.000000000000000000e+00 4.406000762383900371e-01 0.000000000000000000e+00 0.000000000000000000e+00 0.000000000000000000e+00 3.941507784810125981e-01 0.000000000000000000e+00 0.000000000000000000e+00 0.000000000000000000e+00 4.822273653262250104e-01 5.397781171875000172e-01 4.583840898449769719e-01 0.000000000000000000e+00 0.000000000000000000e+00 0.000000000000000000e+00 0.000000000000000000e+00 0.000000000000000000e+00 4.341641748796293276e-01 0.000000000000000000e+00 4.724713463639035882e-01 0.000000000000000000e+00 4.467070952834726327e-01 0.000000000000000000e+00 4.328461169022059241e-01 0.000000000000000000e+00 4.385508944112094243e-01 4.912741148024504789e-01 4.775092946732759636e-01 5.211419199866086371e-01 4.326414791129711279e-01 5.003513516165997155e-01 4.071539878167620419e-01 4.568911570380458365e-01 4.086246381095862690e-01 4.835164117647058335e-01 4.088449394020883254e-01 0.000000000000000000e+00 4.300301406966415829e-01 0.000000000000000000e+00 4.154579425287354688e-01 0.000000000000000000e+00 4.102772715431998729e-01 0.000000000000000000e+00 0.000000000000000000e+00 0.000000000000000000e+00 4.260789389610836753e-01 0.000000000000000000e+00 0.000000000000000000e+00 0.000000000000000000e+00 0.000000000000000000e+00 4.538464390399805093e-01 4.370976381094066054e-01 4.348226387230513801e-01 4.236584293552035918e-01 4.561543336143940586e-01 4.323241763373406599e-01 0.000000000000000000e+00 4.905449803571428902e-01 0.000000000000000000e+00 4.592279866490997509e-01 0.000000000000000000e+00 4.744855230769230992e-01 4.499398925619834677e-01 4.413187689464392882e-01 0.000000000000000000e+00 4.222279397966319792e-01 0.000000000000000000e+00 0.000000000000000000e+00 0.000000000000000000e+00 0.000000000000000000e+00 0.000000000000000000e+00 0.000000000000000000e+00 0.000000000000000000e+00 0.000000000000000000e+00 4.626227747747747587e-01 4.903328494623656608e-01
4.379236242564102932e-01 0.000000000000000000e+00 2.479433475498267758e-01 5.160362817310981676e-01 2.509066817464911670e-01 4.588513199867199077e-01 3.510726748164380573e-01 0.000000000000000000e+00 2.631926356634235464e-01 4.670035840120663195e-01 0.000000000000000000e+00 0.000000000000000000e+00 3.444075604200033669e-01 0.000000000000000000e+00 2.974608800608921633e-01 0.000000000000000000e+00 0.000000000000000000e+00 0.000000000000000000e+00 4.087683692140791081e-01 4.642147723577235707e-01 3.199592827036599751e-01 4.130583027741922542e-01 2.064139395989864900e-01 4.309207923633924242e-01 2.146787734683061610e-01 4.218032875255173786e-01 3.212007317668237327e-01 3.566155156250000458e-01 3.636979511108186514e-01 0.000000000000000000e+00 3.545527330584494208e-01 4.019538909833613172e-01 3.890982932263814531e-01 0.000000000000000000e+00 0.000000000000000000e+00 0.000000000000000000e+00 0.000000000000000000e+00 0.000000000000000000e+00 0.000000000000000000e+00 0.000000000000000000e+00 0.000000000000000000e+00 0.000000000000000000e+00 0.000000000000000000e+00 0.000000000000000000e+00 0.000000000000000000e+00 0.000000000000000000e+00 4.811703262559362537e-01 0.000000000000000000e+00 0.000000000000000000e+00 0.000000000000000000e+00 4.357947398373983594e-01 0.000000000000000000e+00 0.000000000000000000e+00 0.000000000000000000e+00 4.684289808823529633e-01 0.000000000000000000e+00 4.097006450980392733e-01 0.000000000000000000e+00 0.000000000000000000e+00 0.000000000000000000e+00 4.142566279069767043e-01 0.000000000000000000e+00 0.000000000000000000e+00 0.000000000000000000e+00 4.306268253968254522e-01 0.000000000000000000e+00 0.000000000000000000e+00 0.000000000000000000e+00 0.000000000000000000e+00 0.000000000000000000e+00 3.588418124201078196e-01 5.259268720053238422e-01 3.841096957372411302e-01 0.000000000000000000e+00 0.000000000000000000e+00 0.000000000000000000e+00 3.839886329066573012e-01 4.007187444444444413e-01 0.000000000000000000e+00 0.000000000000000000e+00 4.091154936010777954e-01 0.000000000000000000e+00 0.000000000000000000e+00 0.000000000000000000e+00 4.422791073371439841e-01 0.000000000000000000e+00 3.880745641688200243e-01 0.000000000000000000e+00 4.268046918482647500e-01 0.000000000000000000e+00 0.000000000000000000e+00 0.000000000000000000e+00 0.000000000000000000e+00 0.000000000000000000e+00 0.000000000000000000e+00 0.000000000000000000e+00 0.000000000000000000e+00 0.000000000000000000e+00 0.000000000000000000e+00 0.000000000000000000e+00 0.000000000000000000e+00 0.000000000000000000e+00 4.187577954545453895e-01 0.000000000000000000e+00 0.000000000000000000e+00 0.000000000000000000e+00 0.000000000000000000e+00 0.000000000000000000e+00 0.000000000000000000e+00 0.000000000000000000e+00 0.000000000000000000e+00 0.000000000000000000e+00 0.000000000000000000e+00 0.000000000000000000e+00 0.000000000000000000e+00 0.000000000000000000e+00
0.000000000000000000e+00 3.878415692324708175e-01 4.325219463838252953e-01 1.992427867836236988e-01 4.588513199867199077e-01 2.219752490878093842e-01 4.236848284878863002e-01 3.237216856004423438e-01 3.696214142857143226e-01 2.565290999805944772e-01 0.000000000000000000e+00 3.948619387755101795e-01 0.000000000000000000e+00 3.432124579503648687e-01 4.544702384901868619e-01 2.787603270122850918e-01 0.000000000000000000e+00 0.000000000000000000e+00 0.000000000000000000e+00 3.582968225108225102e-01 0.000000000000000000e+00 3.680262335164835030e-01 4.323748111662444327e-01 1.802891943785108753e-01 4.616273062297678864e-01 2.731082934761259184e-01 4.936077241379310809e-01 2.836840243469548883e-01 0.000000000000000000e+00 3.654464193850718301e-01 3.753390553178704292e-01 3.616459486282228575e-01 0.000000000000000000e+00 3.658875839285714027e-01 0.000000000000000000e+00 0.000000000000000000e+00 0.000000000000000000e+00 4.188753395393498558e-01 0.000000000000000000e+00 0.000000000000000000e+00 0.000000000000000000e+00 0.000000000000000000e+00 0.000000000000000000e+00 4.699027915892454721e-01 0.000000000000000000e+00 0.000000000000000000e+00 0.000000000000000000e+00 4.655342364456955817e-01 0.000000000000000000e+00 4.900759892951349617e-01 0.000000000000000000e+00 4.607453087628528010e-01 0.000000000000000000e+00 0.000000000000000000e+00 0.000000000000000000e+00 4.668591149425287967e-01 0.000000000000000000e+00 4.080893605472197816e-01 0.000000000000000000e+00 4.498510078124999811e-01 0.000000000000000000e+00 4.162486429280396472e-01 0.000000000000000000e+00 0.000000000000000000e+00 0.000000000000000000e+00 4.408793739130434930e-01 0.000000000000000000e+00 0.000000000000000000e+00 0.000000000000000000e+00 0.000000000000000000e+00 5.197100591414173243e-01 4.025913875653877594e-01 0.000000000000000000e+00 3.727460971779558152e-01 0.000000000000000000e+00 3.567012704173430082e-01 0.000000000000000000e+00 3.843651539176738408e-01 0.000000000000000000e+00 0.000000000000000000e+00 0.000000000000000000e+00 4.430867478260869796e-01 0.000000000000000000e+00 3.992043529411764546e-01 0.000000000000000000e+00 4.512009157663253722e-01 0.000000000000000000e+00 4.158363142677071189e-01 0.000000000000000000e+00 4.262765553410552966e-01 4.409613065693430700e-01 4.519996774193548728e-01 0.000000000000000000e+00 0.000000000000000000e+00 0.000000000000000000e+00 0.000000000000000000e+00 0.000000000000000000e+00 0.000000000000000000e+00 0.000000000000000000e+00 0.000000000000000000e+00 0.000000000000000000e+00 0.000000000000000000e+00 0.000000000000000000e+00 0.000000000000000000e+00 0.000000000000000000e+00 0.000000000000000000e+00 0.000000000000000000e+00 0.000000000000000000e+00 0.000000000000000000e+00 0.000000000000000000e+00 0.000000000000000000e+00 0.000000000000000000e+00 0.000000000000000000e+00 0.000000000000000000e+00 0.000000000000000000e+00 0.000000000000000000e+00
3.443520377704313296e-01 4.874969740870786494e-01 3.288222757013043451e-01 4.360705721471336838e-01 3.510726748164380573e-01 4.236848284878863002e-01 2.785588186471437688e-01 4.517171560192299040e-01 3.004801487201938515e-01 0.000000000000000000e+00 3.535422823384876678e-01 4.709123882352942436e-01 3.068099557792717813e-01 4.104210410958903932e-01 3.480382771819631182e-01 0.000000000000000000e+00 4.084627848389761895e-01 0.000000000000000000e+00 4.257280439818151296e-01 4.761305327564325784e-01 0.000000000000000000e+00 0.000000000000000000e+00 3.978691035080523242e-01 4.314228877878008572e-01 3.346671923076923183e-01 0.000000000000000000e+00 3.962621481481481411e-01 3.681032711864405949e-01 3.810679666739058558e-01 0.000000000000000000e+00 4.037162651858333118e-01 4.148532351656410433e-01 4.474856904785605161e-01 4.684785801432331809e-01 0.000000000000000000e+00 0.000000000000000000e+00 4.659718002138034110e-01 0.000000000000000000e+00 0.000000000000000000e+00 0.000000000000000000e+00 0.000000000000000000e+00 0.000000000000000000e+00 0.000000000000000000e+00 0.000000000000000000e+00 4.473692981465939300e-01 0.000000000000000000e+00 0.000000000000000000e+00 0.000000000000000000e+00 4.116016451137229915e-01 0.000000000000000000e+00 4.173173520444905527e-01 0.000000000000000000e+00 0.000000000000000000e+00 0.000000000000000000e+00 4.334287312499999767e-01 0.000000000000000000e+00 4.240409072478987795e-01 0.000000000000000000e+00 4.273056561924581942e-01 0.000000000000000000e+00 4.233761402313330202e-01 0.000000000000000000e+00 3.973486265780046822e-01 0.000000000000000000e+00 4.340547431363087072e-01 0.000000000000000000e+00 4.409310996666117588e-01 4.479794379084968137e-01 4.182389629586202306e-01 0.000000000000000000e+00 3.643667159514842324e-01 4.799361338178579350e-01 4.024017201042172642e-01 4.575608987341772682e-01 4.201803076923076308e-01 0.000000000000000000e+00 4.125986407475760176e-01 4.307770805735930408e-01 4.098383333333332490e-01 0.000000000000000000e+00 4.038033534366827215e-01 0.000000000000000000e+00 0.000000000000000000e+00 0.000000000000000000e+00 4.262261685594395111e-01 0.000000000000000000e+00 0.000000000000000000e+00 0.000000000000000000e+00 4.423048353657109133e-01 0.000000000000000000e+00 4.397454269619270328e-01 0.000000000000000000e+00 4.490665362318840281e-01 0.000000000000000000e+00 4.422980987203207204e-01 0.000000000000000000e+00 0.000000000000000000e+00 0.000000000000000000e+00 0.000000000000000000e+00 0.000000000000000000e+00 0.000000000000000000e+00 0.000000000000000000e+00 4.692372479338843272e-01 0.000000000000000000e+00 0.000000000000000000e+00 0.000000000000000000e+00 0.000000000000000000e+00 0.000000000000000000e+00 0.000000000000000000e+00 0.000000000000000000e+00 4.574648191489362192e-01 0.000000000000000000e+00 0.000000000000000000e+00 0.000000000000000000e+00 0.000000000000000000e+00 0.000000000000000000e+00
4.601664584218609355e-01 3.496251043735946751e-01 4.463669288386237222e-01 3.287926011793682046e-01 0.000000000000000000e+00 3.237216856004423438e-01 4.517171560192299040e-01 2.711859741604468743e-01 0.000000000000000000e+00 2.967903386395278620e-01 0.000000000000000000e+00 3.475402234345645880e-01 4.590266052631578608e-01 3.256380299276022128e-01 4.621757123287671409e-01 3.200571540632845546e-01 4.683408988660338057e-01 4.131337429540152817e-01 4.797155576500771179e-01 4.164088968763194898e-01 0.000000000000000000e+00 0.000000000000000000e+00 4.593045613976881603e-01 3.617193361193946632e-01 0.000000000000000000e+00 3.296866366783626767e-01 0.000000000000000000e+00 3.469432142857143408e-01 4.400385332503556901e-01 3.871890815828784027e-01 4.338611941293971652e-01 3.645576538833493752e-01 4.696541341340570441e-01 4.009974393186356290e-01 0.000000000000000000e+00 4.066696363636363998e-01 0.000000000000000000e+00 4.604984469641794642e-01 0.000000000000000000e+00 4.381109111111111121e-01 0.000000000000000000e+00 0.000000000000000000e+00 0.000000000000000000e+00 0.000000000000000000e+00 0.000000000000000000e+00 4.604727307692307869e-01 0.000000000000000000e+00 0.000000000000000000e+00 0.000000000000000000e+00 4.407904970255580590e-01 0.000000000000000000e+00 4.360878625441300671e-01 0.000000000000000000e+00 0.000000000000000000e+00 0.000000000000000000e+00 4.542788946811970874e-01 0.000000000000000000e+00 4.231227414112301854e-01 0.000000000000000000e+00 4.345976490513400736e-01 4.403125099266598230e-01 4.327013798028111480e-01 0.000000000000000000e+00 4.263893082121352762e-01 0.000000000000000000e+00 4.394662808300735524e-01 4.754991644571739950e-01 4.532099013641934238e-01 0.000000000000000000e+00 4.448468663994629146e-01 4.694111606331552999e-01 3.559432509702575298e-01 4.465281447368421586e-01 3.959730046266666803e-01 0.000000000000000000e+00 3.800952595238095144e-01 4.516004444444444710e-01 4.063436628599850775e-01 0.000000000000000000e+00 4.182268181818181718e-01 0.000000000000000000e+00 4.253572768196284271e-01 0.000000000000000000e+00 0.000000000000000000e+00 0.000000000000000000e+00 4.469222872981153394e-01 0.000000000000000000e+00 3.711303220338983966e-01 0.000000000000000000e+00 4.461177275977263323e-01 4.600581405683630276e-01 4.229828657903939582e-01 3.981899494319159905e-01 0.000000000000000000e+00 4.864297578947368028e-01 0.000000000000000000e+00 0.000000000000000000e+00 5.067879294117647593e-01 4.506500727543693019e-01 3.885823973509934248e-01 3.846811417910447894e-01 0.000000000000000000e+00 4.329777434868738450e-01 4.124413483052511986e-01 0.000000000000000000e+00 4.212441071473188581e-01 0.000000000000000000e+00 3.829600704225352148e-01 0.000000000000000000e+00 0.000000000000000000e+00 0.000000000000000000e+00 0.000000000000000000e+00 0.000000000000000000e+00 0.000000000000000000e+00 0.000000000000000000e+00 0.000000000000000000e+00
4.385559607664233361e-01 0.000000000000000000e+00 2.190695722766816400e-01 0.000000000000000000e+00 2.631926356634235464e-01 3.696214142857143226e-01 3.004801487201938515e-01 0.000000000000000000e+00 1.787119303485252830e-01 5.069469436619717939e-01 3.644038956605500368e-01 0.000000000000000000e+00 3.246712124168924518e-01 0.000000000000000000e+00 2.408950256782249333e-01 0.000000000000000000e+00 0.000000000000000000e+00 0.000000000000000000e+00 0.000000000000000000e+00 0.000000000000000000e+00 0.000000000000000000e+00 3.836153409090909405e-01 3.487873734202696085e-01 4.121752352873563341e-01 3.463334651162790490e-01 4.065360626840967551e-01 3.300375887116163698e-01 0.000000000000000000e+00 3.664550367747446691e-01 0.000000000000000000e+00 3.890636055508830404e-01 3.763325083586626096e-01 0.000000000000000000e+00 0.000000000000000000e+00 0.000000000000000000e+00 0.000000000000000000e+00 0.000000000000000000e+00 0.000000000000000000e+00 0.000000000000000000e+00 0.000000000000000000e+00 0.000000000000000000e+00 0.000000000000000000e+00 0.000000000000000000e+00 0.000000000000000000e+00 0.000000000000000000e+00 0.000000000000000000e+00 0.000000000000000000e+00 0.000000000000000000e+00 0.000000000000000000e+00 0.000000000000000000e+00 4.189820930232558971e-01 0.000000000000000000e+00 4.623863538461538414e-01 0.000000000000000000e+00 0.000000000000000000e+00 0.000000000000000000e+00 0.000000000000000000e+00 0.000000000000000000e+00 3.925640879999999777e-01 0.000000000000000000e+00 4.135671359835357275e-01 0.000000000000000000e+00 0.000000000000000000e+00 0.000000000000000000e+00 4.079516287001286878e-01 0.000000000000000000e+00 0.000000000000000000e+00 0.000000000000000000e+00 0.000000000000000000e+00 0.000000000000000000e+00 3.770471398686609521e-01 5.048974168894830861e-01 3.896533981043271977e-01 0.000000000000000000e+00 3.257392602417907290e-01 0.000000000000000000e+00 4.098963076948276552e-01 0.000000000000000000e+00 4.023997105263157903e-01 0.000000000000000000e+00 3.874009042553192006e-01 0.000000000000000000e+00 0.000000000000000000e+00 0.000000000000000000e+00 4.455459320581296456e-01 0.000000000000000000e+00 0.000000000000000000e+00 0.000000000000000000e+00 3.961308749999999934e-01 0.000000000000000000e+00 0.000000000000000000e+00 0.000000000000000000e+00 0.000000000000000000e+00 0.000000000000000000e+00 0.000000000000000000e+00 0.000000000000000000e+00 0.000000000000000000e+00 0.000000000000000000e+00 0.000000000000000000e+00 0.000000000000000000e+00 0.000000000000000000e+00 0.000000000000000000e+00 4.381917462686567011e-01 0.000000000000000000e+00 0.000000000000000000e+00 0.000000000000000000e+00 0.000000000000000000e+00 0.000000000000000000e+00 0.000000000000000000e+00 0.000000000000000000e+00 0.000000000000000000e+00 0.000000000000000000e+00 0.000000000000000000e+00 0.000000000000000000e+00 0.000000000000000000e+00 0.000000000000000000e+00
0.000000000000000000e+00 4.010979538950456558e-01 4.815231861273526204e-01 3.054327798446805908e-01 4.670035840120663195e-01 2.565290999805944772e-01 0.000000000000000000e+00 2.967903386395278620e-01 5.069469436619717939e-01 2.198602312781725576e-01 0.000000000000000000e+00 3.948385221252167510e-01 0.000000000000000000e+00 3.472310611866541996e-01 4.621530834562697643e-01 3.234716200315833623e-01 0.000000000000000000e+00 0.000000000000000000e+00 0.000000000000000000e+00 4.087436341866615974e-01 0.000000000000000000e+00 0.000000000000000000e+00 4.124307845823788621e-01 3.386799495614135069e-01 0.000000000000000000e+00 3.951207213393720385e-01 3.981537321428572085e-01 3.688066081782188088e-01 0.000000000000000000e+00 3.789733134783354607e-01 4.241690811428909802e-01 3.518199080099270737e-01 0.000000000000000000e+00 3.476890781249999951e-01 0.000000000000000000e+00 0.000000000000000000e+00 0.000000000000000000e+00 4.335273043549293104e-01 0.000000000000000000e+00 3.691638312462512395e-01 0.000000000000000000e+00 0.000000000000000000e+00 0.000000000000000000e+00 0.000000000000000000e+00 0.000000000000000000e+00 0.000000000000000000e+00 0.000000000000000000e+00 4.684289927152318067e-01 0.000000000000000000e+00 0.000000000000000000e+00 0.000000000000000000e+00 4.169836424854606594e-01 0.000000000000000000e+00 0.000000000000000000e+00 0.000000000000000000e+00 0.000000000000000000e+00 0.000000000000000000e+00 0.000000000000000000e+00 0.000000000000000000e+00 0.000000000000000000e+00 0.000000000000000000e+00 4.229042854590600586e-01 0.000000000000000000e+00 4.163509852941176259e-01 0.000000000000000000e+00 4.794036449158898816e-01 0.000000000000000000e+00 0.000000000000000000e+00 0.000000000000000000e+00 4.992422761194029168e-01 5.193154927158635248e-01 3.712828438457999036e-01 0.000000000000000000e+00 4.132028441055954349e-01 0.000000000000000000e+00 3.823834475206765449e-01 0.000000000000000000e+00 3.922521157013244553e-01 0.000000000000000000e+00 3.864213510638295768e-01 0.000000000000000000e+00 4.345252656843350270e-01 0.000000000000000000e+00 0.000000000000000000e+00 0.000000000000000000e+00 4.241100215103775772e-01 0.000000000000000000e+00 0.000000000000000000e+00 0.000000000000000000e+00 4.633670327102803466e-01 0.000000000000000000e+00 4.334620362318840070e-01 0.000000000000000000e+00 0.000000000000000000e+00 0.000000000000000000e+00 4.341276499999999761e-01 0.000000000000000000e+00 0.000000000000000000e+00 4.244882834645669067e-01 0.000000000000000000e+00 0.000000000000000000e+00 0.000000000000000000e+00 0.000000000000000000e+00 0.000000000000000000e+00 0.000000000000000000e+00 0.000000000000000000e+00 0.000000000000000000e+00 0.000000000000000000e+00 0.000000000000000000e+00 0.000000000000000000e+00 0.000000000000000000e+00 0.000000000000000000e+00 0.000000000000000000e+00 0.000000000000000000e+00 0.000000000000000000e+00 0.000000000000000000e+00
2.905716976293288289e-01 0.000000000000000000e+00 4.035886923469744758e-01 4.910857523253847612e-01 0.000000000000000000e+00 0.000000000000000000e+00 3.535422823384876678e-01 0.000000000000000000e+00 3.644038956605500368e-01 0.000000000000000000e+00 2.888317556700487621e-01 0.000000000000000000e+00 3.103567970477736915e-01 0.000000000000000000e+00 3.712002034410570861e-01 0.000000000000000000e+00 2.910583941865770297e-01 0.000000000000000000e+00 4.182463750526235757e-01 4.611537723850341886e-01 0.000000000000000000e+00 0.000000000000000000e+00 4.151050124631668892e-01 4.437288555555555791e-01 3.912665454545454780e-01 0.000000000000000000e+00 3.957665119047618640e-01 0.000000000000000000e+00 3.777118850198366573e-01 4.900037204301073701e-01 4.246057727272727345e-01 4.632879130434782722e-01 4.394157837540818567e-01 0.000000000000000000e+00 0.000000000000000000e+00 0.000000000000000000e+00 4.577001654676259301e-01 0.000000000000000000e+00 0.000000000000000000e+00 0.000000000000000000e+00 0.000000000000000000e+00 0.000000000000000000e+00 0.000000000000000000e+00 0.000000000000000000e+00 0.000000000000000000e+00 0.000000000000000000e+00 0.000000000000000000e+00 0.000000000000000000e+00 0.000000000000000000e+00 0.000000000000000000e+00 4.527065190786560556e-01 0.000000000000000000e+00 0.000000000000000000e+00 0.000000000000000000e+00 0.000000000000000000e+00 0.000000000000000000e+00 4.179502376383921747e-01 0.000000000000000000e+00 4.140817680695680347e-01 0.000000000000000000e+00 4.470874505700724866e-01 0.000000000000000000e+00 4.266556077956699111e-01 0.000000000000000000e+00 4.530221003794596135e-01 0.000000000000000000e+00 0.000000000000000000e+00 0.000000000000000000e+00 4.688810270270269975e-01 0.000000000000000000e+00 3.654395599904908254e-01 0.000000000000000000e+00 4.113760617687205468e-01 0.000000000000000000e+00 4.210792727272726910e-01 0.000000000000000000e+00 4.287396940281309465e-01 0.000000000000000000e+00 0.000000000000000000e+00 0.000000000000000000e+00 4.311559918493974575e-01 0.000000000000000000e+00 0.000000000000000000e+00 0.000000000000000000e+00 4.498825134326271957e-01 0.000000000000000000e+00 0.000000000000000000e+00 0.000000000000000000e+00 4.584734260746400891e-01 0.000000000000000000e+00 0.000000000000000000e+00 0.000000000000000000e+00 0.000000000000000000e+00 0.000000000000000000e+00 0.000000000000000000e+00 0.000000000000000000e+00 0.000000000000000000e+00 0.000000000000000000e+00 0.000000000000000000e+00 0.000000000000000000e+00 0.000000000000000000e+00 0.000000000000000000e+00 0.000000000000000000e+00 0.000000000000000000e+00 0.000000000000000000e+00 0.000000000000000000e+00 0.000000000000000000e+00 0.000000000000000000e+00 0.000000000000000000e+00 0.000000000000000000e+00 0.000000000000000000e+00 0.000000000000000000e+00 0.000000000000000000e+00 0.000000000000000000e+00 0.000000000000000000e+00 0.000000000000000000e+00
0.000000000000000000e+00 3.704582186454417059e-01 0.000000000000000000e+00 4.278325636436905444e-01 0.000000000000000000e+00 3.948619387755101795e-01 4.709123882352942436e-01 3.475402234345645880e-01 0.000000000000000000e+00 3.948385221252167510e-01 0.000000000000000000e+00 3.093299844433549106e-01 0.000000000000000000e+00 3.400803766668613615e-01 0.000000000000000000e+00 3.772622225540301355e-01 0.000000000000000000e+00 3.704101248150771242e-01 4.796464455847163078e-01 4.426943541278279270e-01 0.000000000000000000e+00 0.000000000000000000e+00 4.370128472222222227e-01 4.219018952302320824e-01 0.000000000000000000e+00 0.000000000000000000e+00 0.000000000000000000e+00 0.000000000000000000e+00 0.000000000000000000e+00 3.392151683910130666e-01 4.674483432400600713e-01 4.447564358664720108e-01 0.000000000000000000e+00 4.217996904984113726e-01 0.000000000000000000e+00 0.000000000000000000e+00 0.000000000000000000e+00 4.854800183100296262e-01 0.000000000000000000e+00 4.758149880952381450e-01 0.000000000000000000e+00 0.000000000000000000e+00 0.000000000000000000e+00 0.000000000000000000e+00 0.000000000000000000e+00 0.000000000000000000e+00 0.000000000000000000e+00 0.000000000000000000e+00 0.000000000000000000e+00 4.598238296114714463e-01 0.000000000000000000e+00 4.521809105651393712e-01 0.000000000000000000e+00 0.000000000000000000e+00 0.000000000000000000e+00 4.644461162790697317e-01 0.000000000000000000e+00 4.360891643080820890e-01 0.000000000000000000e+00 4.413436413922364743e-01 0.000000000000000000e+00 4.483288147008088753e-01 0.000000000000000000e+00 4.488154006797726026e-01 0.000000000000000000e+00 4.711554916890694500e-01 0.000000000000000000e+00 0.000000000000000000e+00 0.000000000000000000e+00 4.454425920517290916e-01 5.034319777777778171e-01 3.876478316935686452e-01 4.833581566265061080e-01 4.049417028008374109e-01 0.000000000000000000e+00 0.000000000000000000e+00 0.000000000000000000e+00 4.146444755438872809e-01 0.000000000000000000e+00 4.676789387755102001e-01 0.000000000000000000e+00 4.513835326753685706e-01 0.000000000000000000e+00 0.000000000000000000e+00 0.000000000000000000e+00 4.690122832456175561e-01 0.000000000000000000e+00 4.439713507462686448e-01 0.000000000000000000e+00 4.612746953984278586e-01 4.030510960000000531e-01 0.000000000000000000e+00 0.000000000000000000e+00 0.000000000000000000e+00 0.000000000000000000e+00 0.000000000000000000e+00 0.000000000000000000e+00 0.000000000000000000e+00 0.000000000000000000e+00 0.000000000000000000e+00 0.000000000000000000e+00 0.000000000000000000e+00 0.000000000000000000e+00 4.757981651376147481e-01 0.000000000000000000e+00 0.000000000000000000e+00 0.000000000000000000e+00 0.000000000000000000e+00 0.000000000000000000e+00 0.000000000000000000e+00 0.000000000000000000e+00 0.000000000000000000e+00 0.000000000000000000e+00 0.000000000000000000e+00 0.000000000000000000e+00 0.000000000000000000e+00
3.627818137607108362e-01 0.000000000000000000e+00 3.715760776421306866e-01 4.336658961305808191e-01 3.444075604200033669e-01 0.000000000000000000e+00 3.068099557792717813e-01 4.590266052631578608e-01 3.246712124168924518e-01 0.000000000000000000e+00 3.103567970477736915e-01 0.000000000000000000e+00 2.468785298975582354e-01 0.000000000000000000e+00 2.725285302724464453e-01 0.000000000000000000e+00 3.971959671454539653e-01 0.000000000000000000e+00 4.134422524729806647e-01 0.000000000000000000e+00 0.000000000000000000e+00 0.000000000000000000e+00 3.880448999543653632e-01 0.000000000000000000e+00 3.716092122549019550e-01 4.492851803278687939e-01 0.000000000000000000e+00 0.000000000000000000e+00 3.431692892758468894e-01 0.000000000000000000e+00 3.948490255531505455e-01 4.118073204493753470e-01 4.373851868131867771e-01 4.798529316126911581e-01 0.000000000000000000e+00 0.000000000000000000e+00 4.703827717262284436e-01 0.000000000000000000e+00 0.000000000000000000e+00 0.000000000000000000e+00 0.000000000000000000e+00 0.000000000000000000e+00 0.000000000000000000e+00 0.000000000000000000e+00 4.174608362068966128e-01 0.000000000000000000e+00 0.000000000000000000e+00 0.000000000000000000e+00 4.280736207758115142e-01 0.000000000000000000e+00 4.340453210471806877e-01 0.000000000000000000e+00 0.000000000000000000e+00 0.000000000000000000e+00 0.000000000000000000e+00 0.000000000000000000e+00 4.184598534445191920e-01 0.000000000000000000e+00 4.250905051002012436e-01 0.000000000000000000e+00 4.330385207970121053e-01 0.000000000000000000e+00 4.017616719269676007e-01 0.000000000000000000e+00 4.361695672104009547e-01 0.000000000000000000e+00 4.629803259816420158e-01 0.000000000000000000e+00 4.166238440623565853e-01 0.000000000000000000e+00 3.360061714039065395e-01 4.619018727272726776e-01 4.074440959937548068e-01 0.000000000000000000e+00 4.083363846153845733e-01 0.000000000000000000e+00 4.223787085141723630e-01 4.366414571428571256e-01 0.000000000000000000e+00 0.000000000000000000e+00 4.064083029023909388e-01 0.000000000000000000e+00 0.000000000000000000e+00 0.000000000000000000e+00 4.390005208609440990e-01 0.000000000000000000e+00 0.000000000000000000e+00 0.000000000000000000e+00 4.491869826540316191e-01 0.000000000000000000e+00 4.198447703703703793e-01 0.000000000000000000e+00 0.000000000000000000e+00 0.000000000000000000e+00 4.723621087301587695e-01 0.000000000000000000e+00 0.000000000000000000e+00 0.000000000000000000e+00 0.000000000000000000e+00 0.000000000000000000e+00 0.000000000000000000e+00 0.000000000000000000e+00 4.561962368421052516e-01 0.000000000000000000e+00 0.000000000000000000e+00 0.000000000000000000e+00 0.000000000000000000e+00 0.000000000000000000e+00 0.000000000000000000e+00 0.000000000000000000e+00 0.000000000000000000e+00 0.000000000000000000e+00 0.000000000000000000e+00 0.000000000000000000e+00 0.000000000000000000e+00 0.000000000000000000e+00
