0.000000000000000000e+00 2.157094748338946044e-02 5.647415927789759676e-02 5.851462865716429082e-03 6.207324643078832981e-04 0.000000000000000000e+00 1.426088635705320129e-01 5.463163814573793013e-03 0.000000000000000000e+00 0.000000000000000000e+00 1.990993126333254204e-01 4.286326618088298233e-04 3.565518278922822498e-02 1.481262035254036406e-04 2.009242515571629611e-04 0.000000000000000000e+00 9.309504467912266268e-02 1.541128876902331029e-03 6.467398492262928233e-02 4.441185712789357670e-02 0.000000000000000000e+00 0.000000000000000000e+00 1.174225744899456882e-03 4.479617739286247753e-04 0.000000000000000000e+00 0.000000000000000000e+00 0.000000000000000000e+00 0.000000000000000000e+00 2.945449742438251139e-02 1.070950468540830033e-03 1.203007518796992423e-03 6.195786864931846416e-04 1.725854629936940041e-02 2.073526115220802532e-02 3.971756398940864616e-03 0.000000000000000000e+00 4.296783282460671372e-02 8.357709987463435514e-04 5.393743257820927256e-04 0.000000000000000000e+00 3.257328990228013175e-03 5.434782608695652023e-03 0.000000000000000000e+00 0.000000000000000000e+00 2.273760800363801651e-04 1.877934272300469493e-04 0.000000000000000000e+00 0.000000000000000000e+00 2.058407307345941177e-03 1.559575795383655642e-04 8.408567888121791858e-03 8.608074373762589085e-05 2.023706273489447784e-03 0.000000000000000000e+00 4.616173704906821607e-03 0.000000000000000000e+00 2.329530723360124511e-01 1.941152431548835320e-03 3.128712871287128716e-02 1.214034235765448517e-03 5.684515958849907513e-02 4.376367614879650056e-04 5.078290308929327493e-03 4.170141784820683740e-04 3.675400291120815149e-02 1.577287066246056896e-04 1.692407287524276202e-02 2.389610389610389435e-03 9.032123487692950148e-02 1.057977147693609822e-02 7.267820584403499040e-02 5.083453359315427819e-04 1.674055954746980421e-02 1.487862176977290630e-03 2.405773857257417769e-03 0.000000000000000000e+00 4.514862591138530529e-02 2.279431482971305909e-03 0.000000000000000000e+00 4.629629629629629373e-03 2.182770663562281620e-03 0.000000000000000000e+00 0.000000000000000000e+00 0.000000000000000000e+00 2.884454133825255576e-02 1.646632636258850706e-04 0.000000000000000000e+00 0.000000000000000000e+00 1.272346593654372603e-02 0.000000000000000000e+00 3.431066749844042304e-03 5.817335660267597191e-04 4.796163069544364613e-04 0.000000000000000000e+00 3.495440729483282466e-02 7.518796992481202590e-03 3.738317757009345949e-03 0.000000000000000000e+00 2.027027027027027140e-03 2.739726027397260295e-03 7.733952049497293518e-04 0.000000000000000000e+00 1.492537313432835836e-03 8.880994671403197489e-04 7.275372862859221575e-04 5.242463958060288162e-04 0.000000000000000000e+00 0.000000000000000000e+00 0.000000000000000000e+00 0.000000000000000000e+00 0.000000000000000000e+00 0.000000000000000000e+00 0.000000000000000000e+00 0.000000000000000000e+00 0.000000000000000000e+00 0.000000000000000000e+00
2.157094748338946044e-02 0.000000000000000000e+00 1.118300183720744370e-03 6.601650412603150830e-02 0.000000000000000000e+00 0.000000000000000000e+00 1.351742782659071194e-03 1.200289226319595087e-01 0.000000000000000000e+00 8.467400508044030166e-04 2.370229912301493203e-04 8.101157308186883454e-02 1.504438092372498788e-04 2.221893052881054528e-02 0.000000000000000000e+00 1.065286866534773981e-03 1.462225832656376947e-03 4.700443074552109607e-02 2.512895119693162385e-02 7.436891170001047602e-02 0.000000000000000000e+00 0.000000000000000000e+00 0.000000000000000000e+00 8.959235478572495507e-04 0.000000000000000000e+00 0.000000000000000000e+00 0.000000000000000000e+00 2.831257078142695549e-04 7.924976885484083652e-04 3.092369477911646736e-02 3.007518796992481058e-04 4.130524576621231124e-04 1.692665117822768003e-02 1.412239408204438509e-02 0.000000000000000000e+00 4.332755632582322119e-04 7.043907020427330259e-04 6.727956539908065692e-02 0.000000000000000000e+00 5.750798722044728369e-03 0.000000000000000000e+00 2.173913043478260809e-02 0.000000000000000000e+00 0.000000000000000000e+00 0.000000000000000000e+00 5.633802816901408751e-04 0.000000000000000000e+00 0.000000000000000000e+00 0.000000000000000000e+00 1.637554585152838343e-03 0.000000000000000000e+00 4.992683136782301995e-03 0.000000000000000000e+00 1.995283874478505273e-03 0.000000000000000000e+00 1.265983035827319882e-03 2.333419756287269994e-03 2.758479771148344972e-01 5.280528052805280158e-04 3.666383392011654530e-02 2.637826431020839045e-04 6.477024070021882018e-02 0.000000000000000000e+00 1.570753405615791035e-02 0.000000000000000000e+00 1.277602523659305926e-02 2.404513086100064628e-03 7.480519480519480686e-03 2.670004171881518520e-02 7.024968260685569843e-02 3.722315280104224883e-04 2.524781835126662863e-02 5.350863782296285450e-04 3.492560689115113692e-02 0.000000000000000000e+00 6.238303181534622568e-04 2.804262478968031543e-03 8.112094395280236570e-02 0.000000000000000000e+00 0.000000000000000000e+00 1.455180442374854450e-04 2.934395304967511980e-03 0.000000000000000000e+00 0.000000000000000000e+00 0.000000000000000000e+00 1.506668862176848388e-02 0.000000000000000000e+00 0.000000000000000000e+00 0.000000000000000000e+00 9.641584573464681909e-03 1.559575795383655750e-03 1.512507271669575291e-02 0.000000000000000000e+00 5.586592178770949900e-03 1.519756838905775070e-03 1.353383458646616466e-01 6.230529595015576582e-04 1.895734597156398162e-03 6.756756756756757132e-04 1.232876712328767090e-02 7.733952049497293518e-04 2.279635258358662497e-03 1.865671641791044795e-04 6.216696269982237809e-03 1.091305929428883128e-03 3.145478374836173114e-03 0.000000000000000000e+00 2.006688963210702132e-03 0.000000000000000000e+00 0.000000000000000000e+00 6.235385814497272118e-03 0.000000000000000000e+00 2.430133657351154098e-03 0.000000000000000000e+00 0.000000000000000000e+00 4.545454545454545234e-03
5.647415927789759676e-02 1.118300183720744370e-03 0.000000000000000000e+00 4.426106526631657517e-03 2.136871508379888374e-01 1.062925170068027307e-03 3.191078497634450284e-01 7.712701855868884203e-03 4.472507234938174342e-02 1.411233418007338397e-03 5.404124200047404764e-02 2.571795970852979157e-03 5.054911990371595970e-02 3.555028884609687592e-03 3.998392605987542703e-02 2.891492923451529501e-03 8.285946385052802773e-03 9.632055480639568120e-04 1.220737997619362469e-01 5.551482140986697088e-03 0.000000000000000000e+00 0.000000000000000000e+00 2.327902539263173309e-01 5.076900104524413940e-03 1.544554455445544539e-01 2.342834830144474665e-03 1.735015772870662429e-02 0.000000000000000000e+00 3.605864482895258100e-02 1.874163319946452449e-03 1.503759398496240518e-02 1.197852127220156923e-02 5.974112180550945894e-03 3.922887245012328904e-03 0.000000000000000000e+00 0.000000000000000000e+00 4.766377083822493504e-02 0.000000000000000000e+00 0.000000000000000000e+00 0.000000000000000000e+00 0.000000000000000000e+00 0.000000000000000000e+00 1.194029850746268696e-04 0.000000000000000000e+00 0.000000000000000000e+00 0.000000000000000000e+00 1.747946163258171581e-04 0.000000000000000000e+00 2.573009134182426471e-04 0.000000000000000000e+00 4.425562046379890452e-04 0.000000000000000000e+00 0.000000000000000000e+00 0.000000000000000000e+00 6.838775859121217155e-04 0.000000000000000000e+00 4.407570650764843466e-03 0.000000000000000000e+00 2.244224422442244338e-03 2.428068471530897088e-04 1.318913215510419523e-03 0.000000000000000000e+00 8.463817181548878793e-04 0.000000000000000000e+00 2.001455604075691452e-03 0.000000000000000000e+00 6.196245260334781908e-03 4.155844155844156057e-04 1.981643721318314399e-02 0.000000000000000000e+00 2.931323283082077139e-02 1.270863339828857009e-03 6.260510625286654085e-02 3.445575567736883314e-03 4.811547714514835539e-03 1.247660636306924514e-03 8.889512058328659372e-02 3.352105122016626592e-03 0.000000000000000000e+00 0.000000000000000000e+00 8.731082654249126699e-04 0.000000000000000000e+00 4.940711462450592551e-04 5.216484089723526099e-04 3.605567667281569470e-03 0.000000000000000000e+00 4.017677782241864046e-04 0.000000000000000000e+00 2.899017555161861621e-03 0.000000000000000000e+00 2.183406113537117790e-03 2.908667830133798704e-03 1.438848920863309384e-03 1.314492277357870616e-03 6.382978723404254817e-02 0.000000000000000000e+00 1.246105919003115316e-03 0.000000000000000000e+00 1.351351351351351426e-03 0.000000000000000000e+00 7.733952049497293518e-04 7.598784194528875350e-04 1.679104477611940288e-03 5.920663114268797603e-04 1.818843215714805285e-03 2.621231979030144081e-04 0.000000000000000000e+00 2.006688963210702132e-03 0.000000000000000000e+00 0.000000000000000000e+00 1.558846453624318030e-03 0.000000000000000000e+00 1.215066828675577049e-03 7.639419404125286344e-04 0.000000000000000000e+00 0.000000000000000000e+00
5.851462865716429082e-03 6.601650412603150830e-02 4.426106526631657517e-03 0.000000000000000000e+00 1.396648044692737475e-03 7.844387755102040505e-02 9.848411702230375903e-03 1.852655258295171636e-01 7.892659826361483801e-04 1.608806096528365634e-02 4.503436833372837303e-03 6.322331761680240192e-02 4.663758086354746757e-03 6.873055843578729229e-02 2.612015270243118331e-03 3.165423831989042786e-02 8.123476848090982558e-04 3.043729531882103517e-02 1.309350614998016152e-02 1.549177752173457601e-01 4.574565416285453104e-04 0.000000000000000000e+00 1.365037428445618588e-02 3.849484843959982139e-01 1.980198019801980222e-03 1.491604841858648889e-01 0.000000000000000000e+00 5.379388448471121055e-03 4.490820235107647294e-03 5.649263721552878065e-02 1.834586466165413418e-02 5.245766212308963089e-02 5.642217059409226389e-03 2.376148845550325045e-02 0.000000000000000000e+00 8.665511265164644239e-04 2.817562808170932104e-03 1.984956122022565883e-02 0.000000000000000000e+00 1.277955271565495241e-03 0.000000000000000000e+00 5.434782608695652023e-02 0.000000000000000000e+00 9.040773890245005313e-05 0.000000000000000000e+00 0.000000000000000000e+00 0.000000000000000000e+00 1.288992008249548920e-04 0.000000000000000000e+00 3.119151590767311284e-04 0.000000000000000000e+00 8.608074373762589085e-04 0.000000000000000000e+00 1.813894431344095727e-04 0.000000000000000000e+00 3.797949107481959647e-04 2.592688618096966298e-04 9.705762157744176818e-03 3.960396039603960661e-04 1.141192181619521753e-02 0.000000000000000000e+00 2.188183807439824866e-03 0.000000000000000000e+00 4.170141784820683740e-04 1.819505094614265006e-04 1.419558359621451125e-03 1.017293997965411975e-03 1.007792207792207809e-02 8.343763037129745376e-04 2.962336013542107415e-03 9.305788200260562207e-04 3.244937727696348140e-02 4.357131937012688992e-03 7.376664056382145618e-02 0.000000000000000000e+00 9.981285090455396108e-03 3.084688726864834741e-03 7.750067042102440351e-02 0.000000000000000000e+00 0.000000000000000000e+00 0.000000000000000000e+00 1.257597987843219389e-03 0.000000000000000000e+00 1.043296817944705220e-03 8.385041086701325514e-05 2.634612218014161129e-03 0.000000000000000000e+00 1.951219512195121950e-03 0.000000000000000000e+00 3.877593795849926684e-03 0.000000000000000000e+00 5.817335660267597191e-04 9.592326139088729227e-04 6.572461386789353079e-04 3.039513677811550140e-03 6.015037593984962072e-02 6.230529595015576582e-04 0.000000000000000000e+00 2.027027027027027140e-03 4.109589041095890009e-03 7.733952049497293518e-04 7.598784194528875350e-04 1.865671641791044795e-04 7.400828892835997546e-04 0.000000000000000000e+00 2.621231979030144081e-04 6.038647342995168794e-04 1.337792642140468160e-03 0.000000000000000000e+00 0.000000000000000000e+00 0.000000000000000000e+00 0.000000000000000000e+00 0.000000000000000000e+00 0.000000000000000000e+00 0.000000000000000000e+00 4.545454545454545234e-03
6.207324643078832981e-04 0.000000000000000000e+00 2.136871508379888374e-01 1.396648044692737475e-03 0.000000000000000000e+00 1.700680272108843474e-03 1.515882977696244097e-02 1.606812886639350966e-04 4.225203893712181080e-01 1.693480101608806033e-03 4.740459824602986406e-04 0.000000000000000000e+00 5.265533323303745947e-03 0.000000000000000000e+00 1.748040988547317764e-01 1.065286866534773981e-03 0.000000000000000000e+00 0.000000000000000000e+00 0.000000000000000000e+00 0.000000000000000000e+00 5.032021957913998360e-03 0.000000000000000000e+00 5.357404961103771901e-02 8.959235478572495507e-04 3.039603960396039528e-01 3.514252245216712214e-03 2.168769716088328192e-01 2.831257078142695549e-04 6.075815612204464242e-03 1.338688085676037541e-04 4.812030075187969692e-03 2.065262288310615400e-03 0.000000000000000000e+00 0.000000000000000000e+00 0.000000000000000000e+00 0.000000000000000000e+00 2.347969006809110177e-04 0.000000000000000000e+00 0.000000000000000000e+00 0.000000000000000000e+00 0.000000000000000000e+00 0.000000000000000000e+00 1.194029850746268696e-04 0.000000000000000000e+00 0.000000000000000000e+00 0.000000000000000000e+00 3.495892326516343161e-04 0.000000000000000000e+00 0.000000000000000000e+00 0.000000000000000000e+00 2.655337227827933946e-04 0.000000000000000000e+00 2.891008962127782859e-04 0.000000000000000000e+00 3.419387929560608577e-04 0.000000000000000000e+00 1.296344309048483149e-04 0.000000000000000000e+00 0.000000000000000000e+00 0.000000000000000000e+00 1.318913215510419523e-04 0.000000000000000000e+00 0.000000000000000000e+00 0.000000000000000000e+00 5.458515283842794476e-04 0.000000000000000000e+00 9.248127254231018320e-05 0.000000000000000000e+00 0.000000000000000000e+00 0.000000000000000000e+00 1.330727712637260439e-02 4.236211132762857058e-04 3.944351016664118803e-02 4.698512137823022700e-04 8.821170809943865154e-03 0.000000000000000000e+00 1.682557487380818752e-03 1.340842048806650583e-04 0.000000000000000000e+00 0.000000000000000000e+00 1.455180442374854450e-04 0.000000000000000000e+00 0.000000000000000000e+00 0.000000000000000000e+00 1.173905752138185545e-03 0.000000000000000000e+00 0.000000000000000000e+00 0.000000000000000000e+00 9.663391850539539097e-04 0.000000000000000000e+00 0.000000000000000000e+00 0.000000000000000000e+00 0.000000000000000000e+00 0.000000000000000000e+00 0.000000000000000000e+00 7.518796992481202590e-03 0.000000000000000000e+00 0.000000000000000000e+00 0.000000000000000000e+00 0.000000000000000000e+00 0.000000000000000000e+00 0.000000000000000000e+00 0.000000000000000000e+00 0.000000000000000000e+00 0.000000000000000000e+00 0.000000000000000000e+00 0.000000000000000000e+00 0.000000000000000000e+00 0.000000000000000000e+00 0.000000000000000000e+00 0.000000000000000000e+00 0.000000000000000000e+00 0.000000000000000000e+00 0.000000000000000000e+00 0.000000000000000000e+00 0.000000000000000000e+00
0.000000000000000000e+00 0.000000000000000000e+00 1.062925170068027307e-03 7.844387755102040505e-02 1.700680272108843474e-03 0.000000000000000000e+00 0.000000000000000000e+00 4.820438659918052302e-03 0.000000000000000000e+00 2.901495907423087828e-01 0.000000000000000000e+00 4.286326618088298233e-04 0.000000000000000000e+00 4.443786105762109490e-04 0.000000000000000000e+00 1.308781007457008039e-01 0.000000000000000000e+00 0.000000000000000000e+00 0.000000000000000000e+00 1.047449460563527765e-04 9.149130832570906207e-04 9.635974304068522373e-03 1.467782181124321211e-03 3.255188890548006697e-02 3.960396039603960444e-03 1.550175712612260892e-01 3.943217665615141834e-04 2.378255945639864144e-01 0.000000000000000000e+00 9.103078982597054628e-03 4.812030075187969692e-03 9.293680297397769949e-03 0.000000000000000000e+00 2.241649854292759435e-04 0.000000000000000000e+00 4.332755632582322119e-04 0.000000000000000000e+00 4.178854993731717757e-04 0.000000000000000000e+00 0.000000000000000000e+00 0.000000000000000000e+00 0.000000000000000000e+00 0.000000000000000000e+00 0.000000000000000000e+00 0.000000000000000000e+00 0.000000000000000000e+00 0.000000000000000000e+00 0.000000000000000000e+00 0.000000000000000000e+00 0.000000000000000000e+00 0.000000000000000000e+00 8.608074373762589085e-05 0.000000000000000000e+00 0.000000000000000000e+00 0.000000000000000000e+00 1.265983035827319882e-04 0.000000000000000000e+00 1.021659174499387011e-04 0.000000000000000000e+00 0.000000000000000000e+00 0.000000000000000000e+00 4.376367614879650056e-04 0.000000000000000000e+00 0.000000000000000000e+00 0.000000000000000000e+00 1.577287066246056896e-04 0.000000000000000000e+00 2.077922077922078029e-04 0.000000000000000000e+00 0.000000000000000000e+00 8.375209380234505986e-04 2.329916123019571197e-02 7.644091117566121491e-05 2.889584964761159058e-02 8.019246190858059231e-04 1.060511540860885858e-02 0.000000000000000000e+00 1.474926253687315614e-03 0.000000000000000000e+00 0.000000000000000000e+00 0.000000000000000000e+00 6.287989939216096945e-04 0.000000000000000000e+00 5.216484089723526099e-04 0.000000000000000000e+00 1.070311213568252932e-03 0.000000000000000000e+00 9.756097560975609748e-04 0.000000000000000000e+00 3.039195137287780280e-03 0.000000000000000000e+00 5.817335660267597191e-04 0.000000000000000000e+00 0.000000000000000000e+00 0.000000000000000000e+00 0.000000000000000000e+00 0.000000000000000000e+00 0.000000000000000000e+00 0.000000000000000000e+00 0.000000000000000000e+00 0.000000000000000000e+00 0.000000000000000000e+00 0.000000000000000000e+00 0.000000000000000000e+00 0.000000000000000000e+00 0.000000000000000000e+00 0.000000000000000000e+00 0.000000000000000000e+00 0.000000000000000000e+00 0.000000000000000000e+00 0.000000000000000000e+00 0.000000000000000000e+00 0.000000000000000000e+00 0.000000000000000000e+00 0.000000000000000000e+00 0.000000000000000000e+00
1.426088635705320129e-01 1.351742782659071194e-03 3.191078497634450284e-01 9.848411702230375903e-03 1.515882977696244097e-02 0.000000000000000000e+00 0.000000000000000000e+00 1.132803085080742386e-02 3.341225993159694513e-02 5.644933672029353805e-04 9.623133443944062448e-02 3.429061294470638586e-03 2.313825786068903212e-01 7.406310176270182628e-03 6.831424552943539917e-03 2.130573733069547962e-03 1.137286758732737602e-03 1.541128876902331029e-03 1.097738394392276141e-02 8.798575468733632957e-03 0.000000000000000000e+00 0.000000000000000000e+00 3.610744165565830249e-02 6.719426608929371034e-03 6.930693069306930777e-03 3.904724716907458136e-04 1.182965299684542605e-03 0.000000000000000000e+00 1.149121648395192222e-02 3.212851405622490098e-03 1.624060150375939912e-02 1.239157372986369327e-02 1.493528045137736474e-03 7.061197041022192547e-03 8.826125330979700230e-04 0.000000000000000000e+00 3.287156609532753977e-03 2.089427496865858879e-04 5.393743257820927256e-04 0.000000000000000000e+00 0.000000000000000000e+00 0.000000000000000000e+00 0.000000000000000000e+00 0.000000000000000000e+00 2.273760800363801651e-04 0.000000000000000000e+00 1.747946163258171581e-04 0.000000000000000000e+00 7.719027402547279414e-04 0.000000000000000000e+00 5.133651973800672404e-03 0.000000000000000000e+00 1.445504481063891213e-03 0.000000000000000000e+00 8.377500427423491963e-03 0.000000000000000000e+00 9.333679025149079975e-03 3.064977523498161032e-04 5.412541254125412434e-03 2.428068471530897088e-04 1.622263255077815991e-02 2.188183807439825028e-04 1.057977147693609822e-03 0.000000000000000000e+00 1.710334788937408965e-02 0.000000000000000000e+00 6.473689077961712959e-04 2.077922077922078029e-04 2.085940759282436507e-03 0.000000000000000000e+00 4.829704075935231655e-02 2.118105566381428637e-03 2.491973704326555517e-02 6.264682850430696934e-03 1.603849238171611846e-03 0.000000000000000000e+00 2.243409983174425235e-02 5.765620809868597478e-03 0.000000000000000000e+00 0.000000000000000000e+00 3.492433061699650679e-03 2.095996646405365739e-04 0.000000000000000000e+00 0.000000000000000000e+00 3.144390407512996644e-02 1.646632636258850706e-04 1.607071112896745618e-03 0.000000000000000000e+00 1.755516186181349525e-02 1.047998323202682869e-04 0.000000000000000000e+00 2.326934264107038876e-03 0.000000000000000000e+00 6.572461386789353079e-04 6.079027355623100280e-03 0.000000000000000000e+00 0.000000000000000000e+00 0.000000000000000000e+00 1.351351351351351426e-03 0.000000000000000000e+00 0.000000000000000000e+00 0.000000000000000000e+00 3.731343283582089589e-04 2.960331557134398802e-04 0.000000000000000000e+00 0.000000000000000000e+00 0.000000000000000000e+00 0.000000000000000000e+00 0.000000000000000000e+00 0.000000000000000000e+00 0.000000000000000000e+00 0.000000000000000000e+00 0.000000000000000000e+00 0.000000000000000000e+00 0.000000000000000000e+00 0.000000000000000000e+00
5.463163814573793013e-03 1.200289226319595087e-01 7.712701855868884203e-03 1.852655258295171636e-01 1.606812886639350966e-04 4.820438659918052302e-03 1.132803085080742386e-02 0.000000000000000000e+00 2.630886608787161448e-04 1.574936494496189665e-01 7.584735719364778250e-03 1.883840548649807212e-01 6.017752369489995368e-03 2.510739149755591981e-01 2.009242515571629611e-04 3.485009891949474720e-02 1.299756295694557166e-03 2.485070314005008787e-02 1.944187276815236010e-02 2.032051953493244079e-02 0.000000000000000000e+00 0.000000000000000000e+00 1.731982973726698891e-02 2.538450052262206796e-02 4.950495049504950555e-04 2.342834830144474665e-03 3.943217665615141834e-04 0.000000000000000000e+00 6.075815612204464242e-03 3.574297188755019838e-02 1.413533834586466233e-02 9.500206526228830231e-03 5.476269498838367070e-03 1.075991930060524529e-02 4.413062665489850115e-04 0.000000000000000000e+00 1.173984503404555116e-03 6.477225240284162008e-03 0.000000000000000000e+00 0.000000000000000000e+00 0.000000000000000000e+00 1.630434782608695607e-02 0.000000000000000000e+00 9.040773890245005313e-05 0.000000000000000000e+00 1.690140845070422625e-03 0.000000000000000000e+00 0.000000000000000000e+00 1.286504567091213236e-04 3.898939488459139159e-03 8.851124092759779819e-05 9.210639579925969725e-03 0.000000000000000000e+00 4.171957192091420470e-03 0.000000000000000000e+00 2.785162678820103741e-03 2.592688618096966298e-04 1.716387413158970005e-02 0.000000000000000000e+00 1.796770668932863926e-02 0.000000000000000000e+00 3.960612691466083163e-02 0.000000000000000000e+00 6.811231581873783587e-03 0.000000000000000000e+00 1.356466876971608795e-02 2.774438176269305631e-04 6.441558441558441726e-03 4.171881518564872688e-04 0.000000000000000000e+00 7.444630560208449765e-04 8.768957044819113145e-02 5.274422871120623517e-03 5.121378230227095069e-02 8.019246190858059231e-04 2.495321272613849027e-03 7.992148065058889833e-03 4.076159828372218075e-02 0.000000000000000000e+00 0.000000000000000000e+00 0.000000000000000000e+00 4.820792286732340955e-03 0.000000000000000000e+00 0.000000000000000000e+00 0.000000000000000000e+00 2.264119874855919506e-02 0.000000000000000000e+00 4.878048780487804874e-04 1.610565308423256607e-04 1.309997904003353669e-02 9.357454772301933852e-04 1.163467132053519438e-03 0.000000000000000000e+00 3.286230693394676539e-04 1.519756838905775070e-03 7.518796992481202590e-03 6.230529595015576582e-04 0.000000000000000000e+00 6.756756756756757132e-04 0.000000000000000000e+00 0.000000000000000000e+00 0.000000000000000000e+00 3.731343283582089589e-04 1.480165778567199401e-04 7.275372862859221575e-04 0.000000000000000000e+00 0.000000000000000000e+00 0.000000000000000000e+00 0.000000000000000000e+00 0.000000000000000000e+00 0.000000000000000000e+00 0.000000000000000000e+00 0.000000000000000000e+00 0.000000000000000000e+00 0.000000000000000000e+00 0.000000000000000000e+00
0.000000000000000000e+00 0.000000000000000000e+00 4.472507234938174342e-02 7.892659826361483801e-04 4.225203893712181080e-01 0.000000000000000000e+00 3.341225993159694513e-02 2.630886608787161448e-04 0.000000000000000000e+00 2.822466836014676903e-04 1.659160938611045242e-03 0.000000000000000000e+00 5.100045133142771386e-02 2.962524070508072813e-04 2.252360859955796768e-01 3.043676761527925505e-04 3.249390739236392915e-04 0.000000000000000000e+00 1.322576378785874794e-04 1.047449460563527765e-04 4.574565416285453104e-04 0.000000000000000000e+00 2.054895053574049436e-03 2.986411826190831474e-04 1.138613861386138584e-02 7.809449433814916273e-04 4.219242902208202028e-02 0.000000000000000000e+00 3.698322546559239254e-03 1.338688085676037541e-04 1.503759398496240692e-03 1.445683601817430866e-03 1.659475605708596172e-04 0.000000000000000000e+00 0.000000000000000000e+00 0.000000000000000000e+00 0.000000000000000000e+00 2.089427496865858879e-04 0.000000000000000000e+00 0.000000000000000000e+00 0.000000000000000000e+00 0.000000000000000000e+00 0.000000000000000000e+00 0.000000000000000000e+00 0.000000000000000000e+00 0.000000000000000000e+00 1.747946163258171581e-04 0.000000000000000000e+00 0.000000000000000000e+00 0.000000000000000000e+00 0.000000000000000000e+00 0.000000000000000000e+00 0.000000000000000000e+00 0.000000000000000000e+00 0.000000000000000000e+00 0.000000000000000000e+00 1.296344309048483149e-04 0.000000000000000000e+00 0.000000000000000000e+00 0.000000000000000000e+00 0.000000000000000000e+00 0.000000000000000000e+00 0.000000000000000000e+00 0.000000000000000000e+00 3.639010189228530012e-04 0.000000000000000000e+00 0.000000000000000000e+00 0.000000000000000000e+00 0.000000000000000000e+00 0.000000000000000000e+00 2.605620696072957418e-03 0.000000000000000000e+00 1.200122305457881032e-02 5.481597494126859817e-04 3.207698476343223692e-03 0.000000000000000000e+00 7.010656197420078858e-04 2.681684097613301165e-04 0.000000000000000000e+00 0.000000000000000000e+00 0.000000000000000000e+00 0.000000000000000000e+00 4.940711462450592551e-04 0.000000000000000000e+00 1.090055341271172276e-03 8.233163181294253529e-05 0.000000000000000000e+00 0.000000000000000000e+00 4.831695925269769549e-04 0.000000000000000000e+00 0.000000000000000000e+00 0.000000000000000000e+00 4.796163069544364613e-04 0.000000000000000000e+00 0.000000000000000000e+00 0.000000000000000000e+00 0.000000000000000000e+00 0.000000000000000000e+00 0.000000000000000000e+00 0.000000000000000000e+00 0.000000000000000000e+00 0.000000000000000000e+00 0.000000000000000000e+00 0.000000000000000000e+00 0.000000000000000000e+00 0.000000000000000000e+00 0.000000000000000000e+00 0.000000000000000000e+00 0.000000000000000000e+00 0.000000000000000000e+00 0.000000000000000000e+00 0.000000000000000000e+00 0.000000000000000000e+00 0.000000000000000000e+00 0.000000000000000000e+00 0.000000000000000000e+00
0.000000000000000000e+00 8.467400508044030166e-04 1.411233418007338397e-03 1.608806096528365634e-02 1.693480101608806033e-03 2.901495907423087828e-01 5.644933672029353805e-04 1.574936494496189665e-01 2.822466836014676903e-04 0.000000000000000000e+00 0.000000000000000000e+00 1.928846978139734259e-03 4.513314277117496634e-04 9.924455636202044601e-03 8.036970062286518442e-04 1.990564602039263387e-01 0.000000000000000000e+00 1.926411096127913787e-04 0.000000000000000000e+00 1.047449460563527765e-04 4.574565416285453104e-04 0.000000000000000000e+00 2.935564362248642423e-03 2.090488278333582032e-03 2.475247524752475278e-03 9.371339320577898660e-03 0.000000000000000000e+00 3.963759909399773226e-03 0.000000000000000000e+00 1.178045515394912993e-02 4.812030075187969692e-03 4.130524576621230799e-03 0.000000000000000000e+00 6.724949562878278306e-04 0.000000000000000000e+00 0.000000000000000000e+00 0.000000000000000000e+00 2.089427496865858879e-04 0.000000000000000000e+00 0.000000000000000000e+00 0.000000000000000000e+00 0.000000000000000000e+00 0.000000000000000000e+00 0.000000000000000000e+00 0.000000000000000000e+00 0.000000000000000000e+00 0.000000000000000000e+00 0.000000000000000000e+00 0.000000000000000000e+00 0.000000000000000000e+00 0.000000000000000000e+00 0.000000000000000000e+00 0.000000000000000000e+00 0.000000000000000000e+00 0.000000000000000000e+00 0.000000000000000000e+00 0.000000000000000000e+00 2.043318348998774021e-04 0.000000000000000000e+00 1.214034235765448544e-04 0.000000000000000000e+00 8.752735229759300113e-04 0.000000000000000000e+00 0.000000000000000000e+00 0.000000000000000000e+00 6.309148264984227586e-04 0.000000000000000000e+00 1.038961038961039014e-04 0.000000000000000000e+00 0.000000000000000000e+00 1.861157640052112441e-04 3.727865796831313951e-03 6.879682005809508935e-04 1.174628034455755740e-02 8.019246190858059231e-04 6.862133499688084608e-03 0.000000000000000000e+00 2.681684097613301274e-03 0.000000000000000000e+00 0.000000000000000000e+00 0.000000000000000000e+00 8.383986585621462954e-04 0.000000000000000000e+00 0.000000000000000000e+00 0.000000000000000000e+00 1.317306109007080565e-03 0.000000000000000000e+00 4.878048780487804874e-04 0.000000000000000000e+00 8.383986585621462954e-04 0.000000000000000000e+00 0.000000000000000000e+00 0.000000000000000000e+00 0.000000000000000000e+00 0.000000000000000000e+00 0.000000000000000000e+00 0.000000000000000000e+00 0.000000000000000000e+00 0.000000000000000000e+00 1.369863013698630148e-03 0.000000000000000000e+00 0.000000000000000000e+00 0.000000000000000000e+00 1.480165778567199401e-04 0.000000000000000000e+00 0.000000000000000000e+00 0.000000000000000000e+00 0.000000000000000000e+00 0.000000000000000000e+00 0.000000000000000000e+00 0.000000000000000000e+00 0.000000000000000000e+00 1.215066828675577049e-03 0.000000000000000000e+00 0.000000000000000000e+00 0.000000000000000000e+00
1.990993126333254204e-01 2.370229912301493203e-04 5.404124200047404764e-02 4.503436833372837303e-03 4.740459824602986406e-04 0.000000000000000000e+00 9.623133443944062448e-02 7.584735719364778250e-03 1.659160938611045242e-03 0.000000000000000000e+00 0.000000000000000000e+00 1.714530647235319293e-03 1.060628855122611736e-01 8.887572211524218981e-04 5.826803295157725708e-03 3.043676761527925505e-04 5.718927701056052137e-02 1.926411096127913787e-04 1.547414363179473555e-02 1.990153975070702713e-03 0.000000000000000000e+00 0.000000000000000000e+00 1.262292675766916138e-02 1.791847095714499101e-03 0.000000000000000000e+00 0.000000000000000000e+00 0.000000000000000000e+00 0.000000000000000000e+00 5.798441421212521124e-02 8.032128514056225245e-04 4.511278195488722075e-03 4.750103263114415116e-03 4.148689014271489915e-03 2.241649854292759435e-03 4.413062665489850115e-04 0.000000000000000000e+00 2.347969006809110177e-04 2.089427496865858879e-04 5.393743257820927256e-04 0.000000000000000000e+00 0.000000000000000000e+00 0.000000000000000000e+00 0.000000000000000000e+00 0.000000000000000000e+00 0.000000000000000000e+00 0.000000000000000000e+00 0.000000000000000000e+00 0.000000000000000000e+00 0.000000000000000000e+00 0.000000000000000000e+00 8.851124092759779819e-05 0.000000000000000000e+00 2.891008962127782859e-04 0.000000000000000000e+00 3.419387929560608577e-04 0.000000000000000000e+00 8.166969147005443894e-03 0.000000000000000000e+00 1.452145214521452206e-03 0.000000000000000000e+00 1.305724083355315306e-02 0.000000000000000000e+00 2.115954295387219644e-03 0.000000000000000000e+00 8.005822416302765809e-03 0.000000000000000000e+00 3.699250901692407328e-04 0.000000000000000000e+00 1.042970379641218253e-03 0.000000000000000000e+00 3.517587939698492427e-02 1.016690671863085564e-03 3.516281914080415967e-03 8.613938919342208284e-04 0.000000000000000000e+00 0.000000000000000000e+00 8.412787436904093762e-04 1.340842048806650637e-03 0.000000000000000000e+00 0.000000000000000000e+00 1.455180442374854558e-03 0.000000000000000000e+00 0.000000000000000000e+00 0.000000000000000000e+00 6.372631225893006686e-03 0.000000000000000000e+00 0.000000000000000000e+00 0.000000000000000000e+00 3.865356740215815639e-03 0.000000000000000000e+00 0.000000000000000000e+00 0.000000000000000000e+00 0.000000000000000000e+00 0.000000000000000000e+00 0.000000000000000000e+00 0.000000000000000000e+00 0.000000000000000000e+00 0.000000000000000000e+00 0.000000000000000000e+00 0.000000000000000000e+00 0.000000000000000000e+00 0.000000000000000000e+00 1.865671641791044795e-04 0.000000000000000000e+00 3.637686431429610788e-04 0.000000000000000000e+00 0.000000000000000000e+00 0.000000000000000000e+00 0.000000000000000000e+00 0.000000000000000000e+00 0.000000000000000000e+00 0.000000000000000000e+00 0.000000000000000000e+00 0.000000000000000000e+00 0.000000000000000000e+00 0.000000000000000000e+00
4.286326618088298233e-04 8.101157308186883454e-02 2.571795970852979157e-03 6.322331761680240192e-02 0.000000000000000000e+00 4.286326618088298233e-04 3.429061294470638586e-03 1.883840548649807212e-01 0.000000000000000000e+00 1.928846978139734259e-03 1.714530647235319293e-03 0.000000000000000000e+00 4.513314277117496634e-04 1.521256110205895518e-01 0.000000000000000000e+00 4.413331304215492579e-03 3.249390739236392915e-04 5.625120400693507661e-02 1.322576378785874848e-03 1.445480255577668433e-02 0.000000000000000000e+00 0.000000000000000000e+00 1.761338617349185324e-03 8.809914887262954367e-03 0.000000000000000000e+00 0.000000000000000000e+00 0.000000000000000000e+00 0.000000000000000000e+00 5.283317923656055768e-04 6.974564926372155138e-02 2.406015037593984846e-03 2.891367203634861733e-03 1.659475605708596172e-04 7.845774490024657807e-03 0.000000000000000000e+00 0.000000000000000000e+00 0.000000000000000000e+00 1.044713748432929412e-03 0.000000000000000000e+00 0.000000000000000000e+00 0.000000000000000000e+00 5.434782608695652023e-03 0.000000000000000000e+00 0.000000000000000000e+00 0.000000000000000000e+00 0.000000000000000000e+00 0.000000000000000000e+00 0.000000000000000000e+00 0.000000000000000000e+00 3.119151590767311284e-04 0.000000000000000000e+00 3.443229749505035634e-04 0.000000000000000000e+00 0.000000000000000000e+00 0.000000000000000000e+00 3.797949107481959647e-04 0.000000000000000000e+00 5.721291377196567260e-03 0.000000000000000000e+00 1.335437659341993412e-03 0.000000000000000000e+00 6.345733041575492284e-03 0.000000000000000000e+00 6.116207951070336442e-03 0.000000000000000000e+00 2.996845425867508076e-03 0.000000000000000000e+00 9.350649350649350858e-04 0.000000000000000000e+00 4.231908590774439397e-04 9.305788200260562207e-05 2.736592391764805510e-02 4.586454670539672623e-04 1.487862176977290630e-03 0.000000000000000000e+00 0.000000000000000000e+00 1.402131239484015772e-03 1.609010458567980591e-03 0.000000000000000000e+00 0.000000000000000000e+00 0.000000000000000000e+00 1.362397820163487733e-02 0.000000000000000000e+00 5.216484089723526099e-04 0.000000000000000000e+00 1.342005598550963241e-02 0.000000000000000000e+00 4.878048780487804874e-04 0.000000000000000000e+00 8.907985747222804673e-03 0.000000000000000000e+00 0.000000000000000000e+00 0.000000000000000000e+00 0.000000000000000000e+00 3.039513677811550140e-03 0.000000000000000000e+00 0.000000000000000000e+00 0.000000000000000000e+00 0.000000000000000000e+00 0.000000000000000000e+00 0.000000000000000000e+00 7.598784194528875350e-04 0.000000000000000000e+00 0.000000000000000000e+00 0.000000000000000000e+00 0.000000000000000000e+00 0.000000000000000000e+00 0.000000000000000000e+00 0.000000000000000000e+00 0.000000000000000000e+00 0.000000000000000000e+00 0.000000000000000000e+00 0.000000000000000000e+00 0.000000000000000000e+00 0.000000000000000000e+00 0.000000000000000000e+00
3.565518278922822498e-02 1.504438092372498788e-04 5.054911990371595970e-02 4.663758086354746757e-03 5.265533323303745947e-03 0.000000000000000000e+00 2.313825786068903212e-01 6.017752369489995368e-03 5.100045133142771386e-02 4.513314277117496634e-04 1.060628855122611736e-01 4.513314277117496634e-04 0.000000000000000000e+00 4.295659902236705768e-03 1.963029937713481887e-01 2.587125247298737059e-03 3.411860276198212805e-03 0.000000000000000000e+00 5.819336066657849853e-03 0.000000000000000000e+00 0.000000000000000000e+00 0.000000000000000000e+00 2.113606340819022475e-02 3.733014782738539560e-03 4.950495049504950555e-04 7.809449433814916273e-04 0.000000000000000000e+00 0.000000000000000000e+00 8.875974111742174211e-02 1.606425702811245049e-03 2.015037593984962336e-02 1.218504750103263125e-02 1.327580484566876938e-03 3.362474781439139153e-04 4.413062665489850115e-04 0.000000000000000000e+00 1.408781404085466052e-03 0.000000000000000000e+00 0.000000000000000000e+00 0.000000000000000000e+00 0.000000000000000000e+00 0.000000000000000000e+00 1.194029850746268696e-04 0.000000000000000000e+00 0.000000000000000000e+00 0.000000000000000000e+00 0.000000000000000000e+00 1.288992008249548920e-04 0.000000000000000000e+00 0.000000000000000000e+00 3.540449637103911928e-04 0.000000000000000000e+00 5.782017924255565718e-04 0.000000000000000000e+00 6.838775859121217155e-04 0.000000000000000000e+00 4.666839512574539987e-03 0.000000000000000000e+00 1.584158415841584264e-03 0.000000000000000000e+00 1.226589290424690004e-02 0.000000000000000000e+00 2.962336013542107415e-03 0.000000000000000000e+00 1.128093158660844336e-02 1.577287066246056896e-04 6.473689077961712959e-04 0.000000000000000000e+00 1.042970379641218253e-03 0.000000000000000000e+00 2.596314907872696726e-02 4.236211132762857058e-04 2.033328237272588254e-02 2.192638997650743927e-03 8.019246190858059231e-04 6.238303181534622568e-04 1.766685361749859712e-02 1.206757843925985443e-03 0.000000000000000000e+00 0.000000000000000000e+00 5.384167636786961302e-03 0.000000000000000000e+00 4.940711462450592551e-04 0.000000000000000000e+00 1.886634244507797917e-02 8.233163181294253529e-05 0.000000000000000000e+00 0.000000000000000000e+00 9.824448381381864839e-03 0.000000000000000000e+00 0.000000000000000000e+00 5.817335660267597191e-04 0.000000000000000000e+00 0.000000000000000000e+00 4.559270516717324993e-03 0.000000000000000000e+00 0.000000000000000000e+00 0.000000000000000000e+00 0.000000000000000000e+00 0.000000000000000000e+00 1.546790409899458704e-03 0.000000000000000000e+00 0.000000000000000000e+00 1.480165778567199401e-04 3.637686431429610788e-04 0.000000000000000000e+00 0.000000000000000000e+00 0.000000000000000000e+00 0.000000000000000000e+00 0.000000000000000000e+00 0.000000000000000000e+00 0.000000000000000000e+00 0.000000000000000000e+00 7.639419404125286344e-04 0.000000000000000000e+00 0.000000000000000000e+00
