0.000000000000000000e+00 2.609847304456217043e-02 4.706314918650611467e-02 4.792043399638336483e-03 6.605019815059445234e-04 0.000000000000000000e+00 1.364575584759070981e-01 3.555878084179970883e-03 1.636125654450261771e-03 0.000000000000000000e+00 1.960717913985777217e-01 2.214022140221402150e-03 2.322756945498709660e-02 2.418379685610640975e-04 7.696254489481785645e-04 0.000000000000000000e+00 7.282415630550621854e-02 5.507474429583005503e-03 6.476822609998929281e-02 3.624413145539905762e-02 0.000000000000000000e+00 0.000000000000000000e+00 1.308729223923570236e-03 3.410059676044330658e-04 3.679175864606328179e-04 0.000000000000000000e+00 0.000000000000000000e+00 0.000000000000000000e+00 3.153704837721984372e-02 1.817906377821542274e-03 1.585863162664250198e-03 1.549426712116516974e-04 1.147471313217169643e-02 1.719590674121742810e-02 0.000000000000000000e+00 0.000000000000000000e+00 1.085456475583864155e-01 1.300108342361863591e-03 1.196172248803827705e-03 0.000000000000000000e+00 3.257328990228013175e-03 0.000000000000000000e+00 0.000000000000000000e+00 1.504777669099390534e-04 1.248959200666111555e-03 1.670285618840821771e-04 0.000000000000000000e+00 0.000000000000000000e+00 3.765465303926842418e-03 1.480056242137201179e-04 4.976450724251311152e-03 4.524886877828054486e-04 1.473296500920810281e-03 0.000000000000000000e+00 3.145817912657290858e-03 0.000000000000000000e+00 2.500921715620007535e-01 3.281198731269823702e-03 3.128097808128648544e-02 1.255886970172684488e-03 5.135212888377445328e-02 8.893632159373888492e-04 9.165902841429880710e-03 5.491488193300384478e-04 3.387978142076502469e-02 2.926543751829089853e-04 5.869528760690927507e-03 1.773993258825616506e-03 4.359958144401814006e-02 9.335649153278332418e-03 5.071554104946020269e-02 1.419059054688352880e-03 5.297024014707572143e-02 2.191519771319675944e-03 1.107419712070874945e-02 0.000000000000000000e+00 8.879680331508066349e-02 4.228021577489429750e-03 4.587155963302752548e-03 0.000000000000000000e+00 4.458314757021845931e-03 1.582278481012658257e-04 0.000000000000000000e+00 0.000000000000000000e+00 3.214052134915443976e-02 1.024695153191925345e-04 0.000000000000000000e+00 0.000000000000000000e+00 2.350061199510403848e-02 1.529519730804527425e-04 4.623208506703652089e-04 8.663008951775916363e-04 1.903311762466692138e-04 3.272251308900523759e-04 4.496788008565310441e-02 3.217158176943699793e-02 6.042296072507552865e-04 9.416195856873822581e-04 0.000000000000000000e+00 0.000000000000000000e+00 2.043596730245231426e-03 0.000000000000000000e+00 3.101736972704714638e-04 6.803878210580030159e-04 1.154068090017310944e-03 0.000000000000000000e+00 0.000000000000000000e+00 0.000000000000000000e+00 0.000000000000000000e+00 0.000000000000000000e+00 0.000000000000000000e+00 0.000000000000000000e+00 0.000000000000000000e+00 0.000000000000000000e+00 0.000000000000000000e+00 0.000000000000000000e+00
2.609847304456217043e-02 0.000000000000000000e+00 3.217207463921316433e-03 6.428571428571427937e-02 0.000000000000000000e+00 2.299379167624741394e-04 4.545830233903628073e-03 1.515239477503628474e-01 0.000000000000000000e+00 4.312203536006899152e-03 4.740941415509651244e-03 9.114391143911439175e-02 1.518141794443600943e-04 3.446191051995163568e-02 0.000000000000000000e+00 2.320724065908563467e-03 2.762976119992105982e-03 5.664830841856805660e-02 4.207258323519965509e-02 6.281690140845069825e-02 0.000000000000000000e+00 0.000000000000000000e+00 1.177856301531213104e-03 2.898550724637681195e-03 3.679175864606328179e-04 4.389815627743634779e-04 0.000000000000000000e+00 0.000000000000000000e+00 7.654623392529087082e-04 2.832904105438570005e-02 1.585863162664250198e-03 3.098853424233033948e-04 1.629125938518203795e-02 8.545205190420930921e-03 3.732736095558044070e-04 0.000000000000000000e+00 1.326963906581740899e-03 9.664138678223185841e-02 0.000000000000000000e+00 7.434944237918215482e-04 0.000000000000000000e+00 0.000000000000000000e+00 1.514921981517951895e-04 3.009555338198781067e-04 0.000000000000000000e+00 2.254885585435109554e-03 0.000000000000000000e+00 3.331852509995557776e-04 0.000000000000000000e+00 5.032191223266484388e-03 2.665955745134630664e-04 5.429864253393664950e-03 0.000000000000000000e+00 3.754531330916623718e-03 0.000000000000000000e+00 3.850866444950113744e-03 3.932653312031460929e-03 2.769331729191731317e-01 5.507214450930718840e-04 1.742543171114599790e-02 5.753739930955120837e-04 2.668089647812166634e-02 0.000000000000000000e+00 1.537616694124107654e-02 6.557377049180327863e-04 1.565700907228563185e-02 1.928559449941304746e-03 8.869966294128082962e-03 3.679804673875131105e-02 9.986973512809378672e-02 3.012804418779814215e-03 8.503438489247898413e-02 1.263931977479030265e-03 5.602667937112910945e-02 0.000000000000000000e+00 2.018163471241170553e-03 3.403877460411425162e-03 6.837731447732905976e-02 2.293577981651376274e-03 2.066115702479338900e-03 0.000000000000000000e+00 2.136075949367088542e-02 0.000000000000000000e+00 0.000000000000000000e+00 7.474539848640567637e-04 1.537042729787888029e-02 0.000000000000000000e+00 7.347538574577516021e-04 4.895960832313341711e-04 3.762618537779137406e-02 0.000000000000000000e+00 1.443834825295986241e-03 0.000000000000000000e+00 9.816753926701570192e-04 8.565310492505353798e-03 8.310991957104557626e-02 0.000000000000000000e+00 0.000000000000000000e+00 0.000000000000000000e+00 1.779359430604982115e-03 0.000000000000000000e+00 1.025641025641025640e-03 0.000000000000000000e+00 2.041163463174009048e-03 0.000000000000000000e+00 0.000000000000000000e+00 8.605851979345955543e-04 1.877934272300469439e-03 1.111111111111111049e-01 0.000000000000000000e+00 0.000000000000000000e+00 0.000000000000000000e+00 0.000000000000000000e+00 0.000000000000000000e+00 0.000000000000000000e+00 0.000000000000000000e+00
4.706314918650611467e-02 3.217207463921316433e-03 0.000000000000000000e+00 6.781193490054249380e-03 2.377807133421400154e-02 2.069441250862267146e-03 3.196131911728242181e-01 1.523947750362844751e-02 3.435863874345549546e-02 1.121172919361793953e-02 7.551642397561801612e-02 9.040590405904059754e-03 4.463336875664187381e-02 3.627569528415961354e-03 3.155464340687531843e-02 3.713158505453701720e-03 9.275705545687783563e-03 1.770259638080251769e-03 1.035221068408093414e-01 7.230046948356807536e-03 0.000000000000000000e+00 0.000000000000000000e+00 1.554770318021201359e-01 8.354646206308611114e-03 6.475349521707138289e-02 2.194907813871817444e-03 1.076136669357008295e-03 0.000000000000000000e+00 3.796693202694427505e-02 3.181336161187698925e-03 1.178069777979157302e-02 1.115587232723892243e-02 4.533220002833262402e-03 7.173752505538559185e-03 1.493094438223217628e-03 5.122950819672131414e-04 2.574309978768577617e-02 4.333694474539544943e-04 1.196172248803827705e-03 0.000000000000000000e+00 0.000000000000000000e+00 0.000000000000000000e+00 3.029843963035903790e-04 0.000000000000000000e+00 5.550929780738273964e-03 1.670285618840821771e-04 5.503577325261419743e-04 0.000000000000000000e+00 4.706831629908553132e-03 2.960112484274402358e-04 5.243046298764773676e-03 7.541478129713424143e-05 7.366482504604051403e-04 0.000000000000000000e+00 1.295336787564766888e-03 0.000000000000000000e+00 3.318176232026545484e-03 2.187465820846549406e-04 7.710100231303007243e-03 4.709576138147566560e-04 2.445339470655926491e-03 3.557452863749555180e-04 1.649862511457378606e-03 0.000000000000000000e+00 3.934426229508196718e-03 1.463271875914544926e-04 1.173905752138185501e-02 5.321979776476849083e-04 4.011161492849668261e-03 4.342162396873643212e-04 4.807933718302787041e-02 1.200742277043990915e-03 6.859703550499827995e-02 5.050023820867079877e-03 1.882613510520487338e-02 0.000000000000000000e+00 6.260174633713186387e-02 2.915876949992710337e-03 2.293577981651376274e-03 0.000000000000000000e+00 1.634715410908010001e-03 1.582278481012658257e-04 0.000000000000000000e+00 0.000000000000000000e+00 4.391292161076333460e-03 0.000000000000000000e+00 7.468259895444361984e-04 0.000000000000000000e+00 1.713586291309669545e-03 3.059039461609054851e-04 0.000000000000000000e+00 2.887669650591972483e-04 0.000000000000000000e+00 3.272251308900523759e-04 2.355460385438972251e-02 1.072386058981233264e-02 0.000000000000000000e+00 9.416195856873822581e-04 0.000000000000000000e+00 0.000000000000000000e+00 6.811989100817438447e-04 5.128205128205128201e-04 0.000000000000000000e+00 1.700969552645007540e-04 1.154068090017310944e-03 0.000000000000000000e+00 0.000000000000000000e+00 0.000000000000000000e+00 0.000000000000000000e+00 1.162790697674418589e-02 0.000000000000000000e+00 6.644518272425249325e-03 0.000000000000000000e+00 0.000000000000000000e+00 0.000000000000000000e+00 0.000000000000000000e+00
4.792043399638336483e-03 6.428571428571427937e-02 6.781193490054249380e-03 0.000000000000000000e+00 1.321003963011889047e-03 6.254311335939295724e-02 1.033143234978097305e-02 1.961538461538461509e-01 3.599476439790575810e-03 5.174644243208279849e-03 1.693193362682018270e-03 5.442804428044280274e-02 6.679823895551844151e-03 5.163240628778718172e-02 1.026167265264238014e-03 1.879786493385936577e-02 1.184132622853759521e-03 1.829268292682926719e-02 7.386789422973986073e-03 1.265727699530516392e-01 0.000000000000000000e+00 0.000000000000000000e+00 1.426514854076691569e-02 2.243819266837169535e-01 3.311258278145695361e-03 7.901668129938543145e-03 2.690341673392520738e-04 6.188118811881188194e-04 1.837109614206981030e-03 5.862748068474473578e-02 9.288627095604892747e-03 2.200185931205454054e-02 2.974925626859328560e-03 6.540774343285156445e-03 3.732736095558044070e-04 1.536885245901639316e-03 7.961783439490446260e-04 3.293607800650054374e-02 0.000000000000000000e+00 0.000000000000000000e+00 0.000000000000000000e+00 0.000000000000000000e+00 0.000000000000000000e+00 5.266721841847867274e-04 1.387732445184568545e-04 7.432771003841656503e-03 0.000000000000000000e+00 4.442470013327409826e-04 0.000000000000000000e+00 9.028343077036926623e-03 8.886519150448769333e-05 3.544494720965309185e-03 0.000000000000000000e+00 1.294665976178146095e-03 1.850481125092523970e-04 1.225275687029581725e-03 3.686862480029495163e-04 1.651536694739144662e-02 2.202885780372287753e-04 1.789638932496075488e-02 2.876869965477560419e-04 1.956599075062255295e-03 1.833180568285976229e-04 1.098297638660076896e-03 0.000000000000000000e+00 6.584723441615452331e-03 2.515512326010397519e-04 1.809473124002128688e-02 1.220788280432507939e-03 2.062527138514980499e-02 2.008536279186542810e-03 2.849033948258923588e-02 2.527863954958060530e-03 7.041448308718437077e-02 2.214839424141749630e-03 3.027245206861755612e-03 1.923930738493414335e-03 5.248578509986878693e-02 0.000000000000000000e+00 4.132231404958677801e-03 1.486104919007281869e-04 1.898734177215189800e-03 0.000000000000000000e+00 0.000000000000000000e+00 1.868634962160141909e-04 1.537042729787888072e-03 0.000000000000000000e+00 0.000000000000000000e+00 2.447980416156670855e-04 3.823799327011318319e-03 0.000000000000000000e+00 2.310135720473577986e-03 0.000000000000000000e+00 3.272251308900523759e-04 6.423982869379014915e-03 3.485254691689008283e-02 0.000000000000000000e+00 0.000000000000000000e+00 0.000000000000000000e+00 0.000000000000000000e+00 0.000000000000000000e+00 5.128205128205128201e-04 1.550868486352357319e-04 1.020581731587004524e-03 0.000000000000000000e+00 5.408328826392645077e-04 0.000000000000000000e+00 0.000000000000000000e+00 0.000000000000000000e+00 0.000000000000000000e+00 0.000000000000000000e+00 0.000000000000000000e+00 0.000000000000000000e+00 0.000000000000000000e+00 0.000000000000000000e+00 0.000000000000000000e+00
6.605019815059445234e-04 0.000000000000000000e+00 2.377807133421400154e-02 1.321003963011889047e-03 0.000000000000000000e+00 1.149689583812370589e-02 6.612116703859822770e-04 7.256894049346878967e-05 4.685863874345549962e-01 1.509271237602414877e-02 6.772773450728073515e-04 0.000000000000000000e+00 1.062699256110520660e-03 1.209189842805320487e-04 1.865059004617752592e-01 4.873520538407983237e-03 0.000000000000000000e+00 0.000000000000000000e+00 0.000000000000000000e+00 0.000000000000000000e+00 1.279707495429616149e-02 4.358655043586550509e-03 4.973171050909566682e-03 3.751065643648763669e-03 1.806475349521707019e-01 1.404741000877963129e-02 2.036588646758138166e-01 2.784653465346534525e-03 5.052051439069197777e-03 0.000000000000000000e+00 2.446760308110557461e-02 5.732878834831112505e-03 1.416631250885394501e-04 0.000000000000000000e+00 0.000000000000000000e+00 0.000000000000000000e+00 2.653927813163481906e-04 0.000000000000000000e+00 0.000000000000000000e+00 0.000000000000000000e+00 0.000000000000000000e+00 0.000000000000000000e+00 9.089531889107711369e-04 0.000000000000000000e+00 0.000000000000000000e+00 0.000000000000000000e+00 2.201430930104567897e-03 1.110617503331852457e-04 0.000000000000000000e+00 7.400281210686005895e-05 5.331911490269261329e-04 0.000000000000000000e+00 0.000000000000000000e+00 0.000000000000000000e+00 5.551443375277571911e-04 0.000000000000000000e+00 1.228954160009831540e-04 0.000000000000000000e+00 2.202885780372287753e-04 0.000000000000000000e+00 0.000000000000000000e+00 0.000000000000000000e+00 1.833180568285976229e-04 0.000000000000000000e+00 6.557377049180327863e-04 0.000000000000000000e+00 8.385041086701325514e-05 0.000000000000000000e+00 0.000000000000000000e+00 0.000000000000000000e+00 1.305548581471252870e-02 2.183167776443619649e-04 3.780305641732736172e-02 5.717008099094806998e-04 2.547065337763012097e-02 0.000000000000000000e+00 3.107888116027822823e-03 0.000000000000000000e+00 0.000000000000000000e+00 0.000000000000000000e+00 2.972209838014563737e-04 0.000000000000000000e+00 9.265858873841768123e-03 0.000000000000000000e+00 1.681771465944127773e-03 0.000000000000000000e+00 5.974607916355489587e-03 0.000000000000000000e+00 4.651162790697674354e-03 0.000000000000000000e+00 0.000000000000000000e+00 0.000000000000000000e+00 0.000000000000000000e+00 0.000000000000000000e+00 4.282655246252676899e-03 0.000000000000000000e+00 0.000000000000000000e+00 0.000000000000000000e+00 0.000000000000000000e+00 0.000000000000000000e+00 0.000000000000000000e+00 0.000000000000000000e+00 0.000000000000000000e+00 0.000000000000000000e+00 0.000000000000000000e+00 0.000000000000000000e+00 0.000000000000000000e+00 0.000000000000000000e+00 0.000000000000000000e+00 0.000000000000000000e+00 0.000000000000000000e+00 0.000000000000000000e+00 0.000000000000000000e+00 0.000000000000000000e+00 0.000000000000000000e+00 0.000000000000000000e+00
0.000000000000000000e+00 2.299379167624741394e-04 2.069441250862267146e-03 6.254311335939295724e-02 1.149689583812370589e-02 0.000000000000000000e+00 2.479543763947433810e-04 5.805515239477503607e-03 1.636125654450261771e-03 2.915049590340664243e-01 0.000000000000000000e+00 3.690036900369003583e-04 4.554425383330802830e-04 3.627569528415961462e-04 1.282709081580297571e-03 2.227895103272221067e-01 0.000000000000000000e+00 3.933910306845003930e-04 0.000000000000000000e+00 2.816901408450704376e-04 6.093845216331505521e-04 1.245330012453300115e-03 4.449679361340139021e-03 4.688832054560954782e-02 3.568800588668138291e-02 1.755926251097453816e-01 7.532956685499058065e-03 1.596534653465346565e-01 0.000000000000000000e+00 1.772458718376003495e-02 1.381966470321703729e-02 3.982026650139448148e-02 0.000000000000000000e+00 2.426416288638042103e-03 0.000000000000000000e+00 0.000000000000000000e+00 0.000000000000000000e+00 1.300108342361863591e-03 0.000000000000000000e+00 0.000000000000000000e+00 0.000000000000000000e+00 0.000000000000000000e+00 0.000000000000000000e+00 3.761944172748476469e-04 0.000000000000000000e+00 8.351428094204108856e-05 0.000000000000000000e+00 6.663705019991115553e-04 0.000000000000000000e+00 1.480056242137201179e-04 0.000000000000000000e+00 3.016591251885369657e-04 0.000000000000000000e+00 3.883997928534438067e-04 0.000000000000000000e+00 8.751969193068440426e-04 0.000000000000000000e+00 1.093732910423274703e-04 0.000000000000000000e+00 0.000000000000000000e+00 0.000000000000000000e+00 7.114905727499110360e-04 0.000000000000000000e+00 0.000000000000000000e+00 0.000000000000000000e+00 2.926543751829089853e-04 4.192520543350662350e-04 3.547986517651232903e-04 0.000000000000000000e+00 2.171081198436821606e-04 8.787346221441124251e-04 1.899355965505949290e-02 0.000000000000000000e+00 1.848499285373987611e-02 0.000000000000000000e+00 4.036326942482341106e-03 0.000000000000000000e+00 1.312144627496719630e-03 0.000000000000000000e+00 0.000000000000000000e+00 0.000000000000000000e+00 7.911392405063291016e-04 0.000000000000000000e+00 1.011122345803842307e-03 0.000000000000000000e+00 1.639512245107080553e-03 0.000000000000000000e+00 1.469507714915503204e-03 0.000000000000000000e+00 4.588559192413582005e-04 0.000000000000000000e+00 0.000000000000000000e+00 0.000000000000000000e+00 0.000000000000000000e+00 0.000000000000000000e+00 0.000000000000000000e+00 0.000000000000000000e+00 0.000000000000000000e+00 0.000000000000000000e+00 0.000000000000000000e+00 0.000000000000000000e+00 0.000000000000000000e+00 0.000000000000000000e+00 0.000000000000000000e+00 0.000000000000000000e+00 0.000000000000000000e+00 0.000000000000000000e+00 0.000000000000000000e+00 0.000000000000000000e+00 0.000000000000000000e+00 0.000000000000000000e+00 0.000000000000000000e+00 0.000000000000000000e+00 0.000000000000000000e+00 0.000000000000000000e+00 0.000000000000000000e+00
1.364575584759070981e-01 4.545830233903628073e-03 3.196131911728242181e-01 1.033143234978097305e-02 6.612116703859822770e-04 2.479543763947433810e-04 0.000000000000000000e+00 3.751814223512336954e-02 1.668848167539267041e-02 6.037084950409659680e-03 7.246867592279038206e-02 1.143911439114391089e-02 2.671929558220738077e-01 1.330108827085852395e-02 5.387378142637250060e-03 4.177303318635414327e-03 1.973554371422932534e-03 2.557041699449252772e-03 1.091960175570067491e-02 1.239436619718309839e-02 0.000000000000000000e+00 0.000000000000000000e+00 5.130218557780395067e-02 1.892583120204603675e-02 3.679175864606328179e-03 4.389815627743634779e-04 2.690341673392520738e-04 0.000000000000000000e+00 1.638089406001224865e-02 8.332070898348734392e-03 1.472587222473946585e-02 2.479082739386426898e-02 5.949851253718657119e-03 1.118261419981010640e-02 8.212019410227696520e-03 0.000000000000000000e+00 5.573248407643311732e-03 1.300108342361863591e-03 1.794258373205741665e-03 0.000000000000000000e+00 0.000000000000000000e+00 0.000000000000000000e+00 3.029843963035903790e-04 0.000000000000000000e+00 1.526505689703025210e-03 8.351428094204108856e-05 1.100715465052283949e-03 0.000000000000000000e+00 4.034427111350188228e-04 2.220084363205801904e-04 1.155247489558339918e-03 0.000000000000000000e+00 3.683241252302025702e-04 1.294665976178145932e-04 2.405625462620281270e-03 1.750393838613688139e-04 5.530293720044242474e-03 0.000000000000000000e+00 1.982597202335058869e-03 9.419152276295133120e-04 9.349827387802071496e-03 0.000000000000000000e+00 1.026581118240146688e-02 1.830496064433461583e-04 1.420765027322404457e-02 1.463271875914544926e-04 3.102465202079490291e-03 1.064395955295369817e-03 1.046389954656435283e-03 2.171081198436821606e-04 7.557117750439366899e-02 1.200742277043990915e-03 3.952660002298058473e-02 1.295855169128156195e-02 1.328903654485049865e-02 2.018163471241170553e-03 4.099452419712890094e-02 4.373815424989065288e-03 0.000000000000000000e+00 0.000000000000000000e+00 6.241640659830583956e-03 0.000000000000000000e+00 2.138275124732715721e-03 0.000000000000000000e+00 2.915070540969821530e-02 0.000000000000000000e+00 0.000000000000000000e+00 0.000000000000000000e+00 2.766217870257037942e-02 6.118078923218109701e-04 0.000000000000000000e+00 0.000000000000000000e+00 0.000000000000000000e+00 3.272251308900523759e-04 8.565310492505353798e-03 5.361930294906166322e-03 0.000000000000000000e+00 0.000000000000000000e+00 0.000000000000000000e+00 0.000000000000000000e+00 0.000000000000000000e+00 0.000000000000000000e+00 1.550868486352357319e-04 0.000000000000000000e+00 0.000000000000000000e+00 0.000000000000000000e+00 0.000000000000000000e+00 0.000000000000000000e+00 0.000000000000000000e+00 0.000000000000000000e+00 0.000000000000000000e+00 0.000000000000000000e+00 0.000000000000000000e+00 0.000000000000000000e+00 0.000000000000000000e+00 0.000000000000000000e+00
3.555878084179970883e-03 1.515239477503628474e-01 1.523947750362844751e-02 1.961538461538461509e-01 7.256894049346878967e-05 5.805515239477503607e-03 3.751814223512336954e-02 0.000000000000000000e+00 5.562827225130889848e-03 7.934454506252694439e-02 2.404334575008465827e-02 1.378228782287822807e-01 2.262031273720965449e-02 2.912938331318016827e-01 1.795792714212416687e-03 5.082385704339754257e-02 1.776198934280639498e-03 1.396538158929976417e-02 1.381008457338614784e-02 1.849765258215962591e-02 0.000000000000000000e+00 0.000000000000000000e+00 3.913100379531474909e-02 4.944586530264279828e-02 3.679175864606328179e-04 4.828797190517998203e-03 0.000000000000000000e+00 1.547029702970297103e-03 5.358236374770361174e-03 3.590365096197545985e-02 1.971001359311282120e-02 9.606445615122404316e-03 7.083156254426972720e-03 7.384745226289693432e-03 0.000000000000000000e+00 5.122950819672131414e-04 7.961783439490446260e-04 8.667388949079089452e-03 0.000000000000000000e+00 0.000000000000000000e+00 0.000000000000000000e+00 0.000000000000000000e+00 0.000000000000000000e+00 2.257166503649085936e-04 0.000000000000000000e+00 3.925171204275931108e-03 0.000000000000000000e+00 3.331852509995557776e-04 0.000000000000000000e+00 4.884185599052764080e-03 0.000000000000000000e+00 3.469079939668174781e-03 0.000000000000000000e+00 3.366131538063179586e-03 1.850481125092523970e-04 3.850866444950113744e-03 2.457908320019663081e-04 1.279667505195231265e-02 3.304328670558431629e-04 2.511773940345368977e-03 4.315304948216340357e-04 7.470651013874065986e-03 0.000000000000000000e+00 2.196595277320153791e-03 4.371584699453551909e-04 7.755340942347087839e-03 6.708032869361060411e-04 3.814085506475075465e-03 0.000000000000000000e+00 3.256621797655232138e-03 2.510670348983178295e-03 9.300294727649820181e-02 1.080087326209353167e-02 5.240590757503572894e-02 3.322259136212624663e-03 4.036326942482341106e-03 1.006363770904247432e-02 3.848957573990377523e-02 0.000000000000000000e+00 0.000000000000000000e+00 2.972209838014563737e-04 1.297468354430379722e-02 0.000000000000000000e+00 0.000000000000000000e+00 1.868634962160141909e-04 1.024695153191925411e-02 0.000000000000000000e+00 0.000000000000000000e+00 0.000000000000000000e+00 2.340165188130926763e-02 0.000000000000000000e+00 5.775339301183944965e-04 0.000000000000000000e+00 0.000000000000000000e+00 4.282655246252676899e-03 8.042895442359249483e-03 0.000000000000000000e+00 0.000000000000000000e+00 0.000000000000000000e+00 0.000000000000000000e+00 0.000000000000000000e+00 0.000000000000000000e+00 0.000000000000000000e+00 1.700969552645007540e-04 0.000000000000000000e+00 0.000000000000000000e+00 0.000000000000000000e+00 0.000000000000000000e+00 0.000000000000000000e+00 0.000000000000000000e+00 0.000000000000000000e+00 0.000000000000000000e+00 0.000000000000000000e+00 0.000000000000000000e+00 0.000000000000000000e+00 0.000000000000000000e+00
1.636125654450261771e-03 0.000000000000000000e+00 3.435863874345549546e-02 3.599476439790575810e-03 4.685863874345549962e-01 1.636125654450261771e-03 1.668848167539267041e-02 5.562827225130889848e-03 0.000000000000000000e+00 5.174644243208279849e-03 6.772773450728073515e-04 1.845018450184501791e-04 1.244876271443752860e-02 1.209189842805320487e-04 1.803488968701898454e-01 1.160362032954281733e-03 1.973554371422932806e-04 0.000000000000000000e+00 0.000000000000000000e+00 0.000000000000000000e+00 4.265691651432053540e-03 6.226650062266500573e-04 1.570475068708284284e-03 2.728047740835464526e-03 3.679175864606328179e-03 1.755926251097453912e-03 1.775625504439063904e-02 0.000000000000000000e+00 1.622780159216166695e-02 3.029843963035903790e-04 2.945174444947893256e-03 2.788968081809730607e-03 1.416631250885394501e-04 0.000000000000000000e+00 0.000000000000000000e+00 0.000000000000000000e+00 1.061571125265392762e-03 0.000000000000000000e+00 0.000000000000000000e+00 0.000000000000000000e+00 0.000000000000000000e+00 0.000000000000000000e+00 1.060445387062566381e-03 0.000000000000000000e+00 0.000000000000000000e+00 0.000000000000000000e+00 3.302146395156851846e-03 0.000000000000000000e+00 1.344809037116729319e-04 0.000000000000000000e+00 1.777303830089753867e-04 0.000000000000000000e+00 1.104972375690607819e-03 0.000000000000000000e+00 1.850481125092523970e-04 1.750393838613688139e-04 3.686862480029495163e-04 0.000000000000000000e+00 3.304328670558431629e-04 0.000000000000000000e+00 5.753739930955120837e-04 0.000000000000000000e+00 7.332722273143904915e-04 0.000000000000000000e+00 1.092896174863387977e-03 0.000000000000000000e+00 1.677008217340265103e-04 0.000000000000000000e+00 0.000000000000000000e+00 0.000000000000000000e+00 6.402209389907105586e-03 0.000000000000000000e+00 1.769504768470642198e-02 2.858504049547403499e-04 1.439645625692137325e-02 1.009081735620585276e-03 3.403877460411425162e-03 0.000000000000000000e+00 0.000000000000000000e+00 0.000000000000000000e+00 1.486104919007281869e-04 0.000000000000000000e+00 9.978617248752673363e-03 0.000000000000000000e+00 2.242361954592170508e-03 0.000000000000000000e+00 3.734129947722180775e-03 0.000000000000000000e+00 4.651162790697674354e-03 0.000000000000000000e+00 0.000000000000000000e+00 2.887669650591972483e-04 0.000000000000000000e+00 0.000000000000000000e+00 0.000000000000000000e+00 0.000000000000000000e+00 0.000000000000000000e+00 0.000000000000000000e+00 0.000000000000000000e+00 0.000000000000000000e+00 0.000000000000000000e+00 0.000000000000000000e+00 0.000000000000000000e+00 0.000000000000000000e+00 0.000000000000000000e+00 0.000000000000000000e+00 0.000000000000000000e+00 0.000000000000000000e+00 0.000000000000000000e+00 0.000000000000000000e+00 0.000000000000000000e+00 0.000000000000000000e+00 0.000000000000000000e+00 0.000000000000000000e+00 0.000000000000000000e+00 0.000000000000000000e+00
0.000000000000000000e+00 4.312203536006899152e-03 1.121172919361793953e-02 5.174644243208279849e-03 1.509271237602414877e-02 2.915049590340664243e-01 6.037084950409659680e-03 7.934454506252694439e-02 5.174644243208279849e-03 0.000000000000000000e+00 0.000000000000000000e+00 2.767527675276752579e-03 1.214513435554880755e-03 7.496977025392986480e-03 3.591585428424833373e-03 1.132513344163379038e-01 0.000000000000000000e+00 0.000000000000000000e+00 1.070549191735360267e-04 1.877934272300469493e-04 0.000000000000000000e+00 0.000000000000000000e+00 9.291977489857349004e-03 1.875532821824381835e-03 1.324503311258278145e-02 1.316944688323090380e-03 5.380683346785041475e-04 2.908415841584158570e-02 1.530924678505817525e-04 7.574609907589758932e-03 1.087449025826914446e-02 1.657886581964673062e-02 0.000000000000000000e+00 8.439708830045363364e-04 0.000000000000000000e+00 5.122950819672131414e-04 0.000000000000000000e+00 1.733477789815817977e-03 0.000000000000000000e+00 0.000000000000000000e+00 0.000000000000000000e+00 0.000000000000000000e+00 0.000000000000000000e+00 1.504777669099390534e-04 0.000000000000000000e+00 8.351428094204108856e-05 0.000000000000000000e+00 3.331852509995557776e-04 0.000000000000000000e+00 3.700140605343002812e-04 0.000000000000000000e+00 7.541478129713424143e-05 0.000000000000000000e+00 2.589331952356291864e-04 0.000000000000000000e+00 7.001575354454752558e-04 0.000000000000000000e+00 1.093732910423274703e-04 1.101442890186143876e-04 0.000000000000000000e+00 0.000000000000000000e+00 7.114905727499110360e-04 0.000000000000000000e+00 1.830496064433461583e-04 0.000000000000000000e+00 1.463271875914544926e-04 8.385041086701325514e-05 1.773993258825616451e-04 0.000000000000000000e+00 0.000000000000000000e+00 0.000000000000000000e+00 7.204453662263944624e-03 8.043203493048374118e-04 1.648404001905669214e-02 0.000000000000000000e+00 7.063572149344096718e-03 0.000000000000000000e+00 1.457938474996355168e-03 0.000000000000000000e+00 0.000000000000000000e+00 0.000000000000000000e+00 1.424050632911392405e-03 0.000000000000000000e+00 1.011122345803842307e-03 0.000000000000000000e+00 1.127164668511117934e-03 0.000000000000000000e+00 7.347538574577516021e-04 0.000000000000000000e+00 9.177118384827164009e-04 0.000000000000000000e+00 0.000000000000000000e+00 0.000000000000000000e+00 0.000000000000000000e+00 0.000000000000000000e+00 0.000000000000000000e+00 0.000000000000000000e+00 0.000000000000000000e+00 0.000000000000000000e+00 0.000000000000000000e+00 0.000000000000000000e+00 0.000000000000000000e+00 0.000000000000000000e+00 0.000000000000000000e+00 0.000000000000000000e+00 0.000000000000000000e+00 0.000000000000000000e+00 0.000000000000000000e+00 0.000000000000000000e+00 0.000000000000000000e+00 0.000000000000000000e+00 0.000000000000000000e+00 0.000000000000000000e+00 0.000000000000000000e+00 0.000000000000000000e+00 0.000000000000000000e+00
1.960717913985777217e-01 4.740941415509651244e-03 7.551642397561801612e-02 1.693193362682018270e-03 6.772773450728073515e-04 0.000000000000000000e+00 7.246867592279038206e-02 2.404334575008465827e-02 6.772773450728073515e-04 0.000000000000000000e+00 0.000000000000000000e+00 1.660516605166051721e-03 4.508881129497495366e-02 2.418379685610640975e-04 1.539250897896357129e-03 0.000000000000000000e+00 4.164199723702387973e-02 3.933910306845003930e-04 2.237447810726903019e-02 4.413145539906103594e-03 0.000000000000000000e+00 0.000000000000000000e+00 5.104043973301924247e-03 6.820119352088661316e-04 3.679175864606328179e-04 0.000000000000000000e+00 0.000000000000000000e+00 0.000000000000000000e+00 3.123086344151867685e-02 6.059687926071807580e-04 6.796556411418215289e-04 3.098853424233033948e-04 1.983283751239552518e-03 1.687941766009072673e-03 3.732736095558044070e-04 0.000000000000000000e+00 2.123142250530785525e-03 2.166847237269772472e-04 5.980861244019138523e-04 0.000000000000000000e+00 0.000000000000000000e+00 0.000000000000000000e+00 0.000000000000000000e+00 0.000000000000000000e+00 5.550929780738274181e-04 0.000000000000000000e+00 0.000000000000000000e+00 0.000000000000000000e+00 2.689618074233458638e-04 0.000000000000000000e+00 2.665955745134630664e-04 0.000000000000000000e+00 0.000000000000000000e+00 0.000000000000000000e+00 1.850481125092523970e-04 0.000000000000000000e+00 9.217156200073737746e-03 0.000000000000000000e+00 1.982597202335058869e-03 0.000000000000000000e+00 1.869965477560414299e-02 1.778726431874777590e-04 9.715857011915672928e-03 0.000000000000000000e+00 8.306010928961748627e-03 0.000000000000000000e+00 5.869528760690927724e-04 8.869966294128082257e-05 1.918381583536798128e-03 2.171081198436821606e-04 2.447903590258599174e-02 0.000000000000000000e+00 5.515339538090313805e-03 8.575512148642210498e-04 0.000000000000000000e+00 0.000000000000000000e+00 6.511765576439247985e-03 1.020556932497448553e-03 0.000000000000000000e+00 0.000000000000000000e+00 4.309704265121117907e-03 0.000000000000000000e+00 0.000000000000000000e+00 0.000000000000000000e+00 6.259927123236475911e-03 0.000000000000000000e+00 0.000000000000000000e+00 0.000000000000000000e+00 3.671970624235006229e-03 1.529519730804527425e-04 0.000000000000000000e+00 0.000000000000000000e+00 0.000000000000000000e+00 0.000000000000000000e+00 2.141327623126338450e-03 2.680965147453083161e-03 0.000000000000000000e+00 0.000000000000000000e+00 0.000000000000000000e+00 0.000000000000000000e+00 0.000000000000000000e+00 0.000000000000000000e+00 0.000000000000000000e+00 0.000000000000000000e+00 0.000000000000000000e+00 0.000000000000000000e+00 0.000000000000000000e+00 0.000000000000000000e+00 0.000000000000000000e+00 0.000000000000000000e+00 0.000000000000000000e+00 0.000000000000000000e+00 0.000000000000000000e+00 0.000000000000000000e+00 0.000000000000000000e+00 0.000000000000000000e+00
2.214022140221402150e-03 9.114391143911439175e-02 9.040590405904059754e-03 5.442804428044280274e-02 0.000000000000000000e+00 3.690036900369003583e-04 1.143911439114391089e-02 1.378228782287822807e-01 1.845018450184501791e-04 2.767527675276752579e-03 1.660516605166051721e-03 0.000000000000000000e+00 1.366327614999240849e-03 1.643288996372430366e-01 0.000000000000000000e+00 3.945230912044558023e-03 0.000000000000000000e+00 1.071990558615263517e-01 3.318702494379616869e-03 2.497652582159624532e-02 0.000000000000000000e+00 0.000000000000000000e+00 3.010077215024211435e-03 1.261722080136402392e-02 0.000000000000000000e+00 4.389815627743634779e-04 0.000000000000000000e+00 0.000000000000000000e+00 4.592774035517452574e-04 7.847295864262990306e-02 4.757589487992749944e-03 7.747133560582584056e-04 1.133305000708315600e-03 8.650701550796497177e-03 0.000000000000000000e+00 5.122950819672131414e-04 0.000000000000000000e+00 1.950162513542795170e-03 0.000000000000000000e+00 0.000000000000000000e+00 0.000000000000000000e+00 0.000000000000000000e+00 0.000000000000000000e+00 0.000000000000000000e+00 0.000000000000000000e+00 1.670285618840821771e-04 0.000000000000000000e+00 0.000000000000000000e+00 0.000000000000000000e+00 2.960112484274402358e-04 0.000000000000000000e+00 7.541478129713424143e-05 0.000000000000000000e+00 9.062661833247021795e-04 0.000000000000000000e+00 1.750393838613688085e-03 4.915816640039326162e-04 5.468664552116373270e-03 0.000000000000000000e+00 7.849293563579278323e-04 0.000000000000000000e+00 5.158306652436855065e-03 0.000000000000000000e+00 8.969430715723961459e-03 0.000000000000000000e+00 1.024290313140181503e-03 1.677008217340265103e-04 7.095973035302465806e-04 3.487966515521450945e-04 1.085540599218410857e-03 7.532011046949535537e-04 1.801113415565986156e-02 1.034126163391933893e-03 9.528346831824678620e-03 0.000000000000000000e+00 0.000000000000000000e+00 2.071925410685215505e-03 2.624289254993439260e-03 0.000000000000000000e+00 0.000000000000000000e+00 0.000000000000000000e+00 1.724683544303797639e-02 0.000000000000000000e+00 1.011122345803842307e-03 0.000000000000000000e+00 4.918536735321241658e-03 0.000000000000000000e+00 2.204261572373255023e-03 0.000000000000000000e+00 1.590700520036708587e-02 0.000000000000000000e+00 0.000000000000000000e+00 0.000000000000000000e+00 0.000000000000000000e+00 0.000000000000000000e+00 0.000000000000000000e+00 0.000000000000000000e+00 0.000000000000000000e+00 0.000000000000000000e+00 0.000000000000000000e+00 0.000000000000000000e+00 0.000000000000000000e+00 0.000000000000000000e+00 0.000000000000000000e+00 0.000000000000000000e+00 0.000000000000000000e+00 0.000000000000000000e+00 0.000000000000000000e+00 0.000000000000000000e+00 0.000000000000000000e+00 0.000000000000000000e+00 0.000000000000000000e+00 0.000000000000000000e+00 0.000000000000000000e+00 0.000000000000000000e+00 0.000000000000000000e+00
2.322756945498709660e-02 1.518141794443600943e-04 4.463336875664187381e-02 6.679823895551844151e-03 1.062699256110520660e-03 4.554425383330802830e-04 2.671929558220738077e-01 2.262031273720965449e-02 1.244876271443752860e-02 1.214513435554880755e-03 4.508881129497495366e-02 1.366327614999240849e-03 0.000000000000000000e+00 5.925030229746069792e-03 2.478193945613134941e-01 1.160362032954281733e-03 3.749753305703572032e-03 0.000000000000000000e+00 4.710416443635585121e-03 1.220657276995305157e-03 0.000000000000000000e+00 0.000000000000000000e+00 2.591283863368669046e-02 7.672634271099744441e-03 0.000000000000000000e+00 0.000000000000000000e+00 0.000000000000000000e+00 0.000000000000000000e+00 1.567666870789957145e-01 2.575367368580517950e-03 5.210693248753965091e-03 1.224047102572048407e-02 1.416631250885394501e-03 2.320919928262474979e-03 7.465472191116088140e-04 0.000000000000000000e+00 3.184713375796178504e-03 2.166847237269772472e-04 5.980861244019138523e-04 0.000000000000000000e+00 0.000000000000000000e+00 0.000000000000000000e+00 1.514921981517951895e-04 0.000000000000000000e+00 1.387732445184568545e-04 0.000000000000000000e+00 5.503577325261419743e-04 1.110617503331852457e-04 2.689618074233458638e-04 0.000000000000000000e+00 3.554607660179507733e-04 7.541478129713424143e-05 0.000000000000000000e+00 0.000000000000000000e+00 5.551443375277571911e-04 0.000000000000000000e+00 3.441071648027528747e-03 3.281198731269823702e-04 1.211587179204758318e-03 0.000000000000000000e+00 1.237054085155350931e-02 0.000000000000000000e+00 1.961503208065994500e-02 0.000000000000000000e+00 1.180327868852459015e-02 0.000000000000000000e+00 5.869528760690927724e-04 0.000000000000000000e+00 6.975933031042901890e-04 0.000000000000000000e+00 2.987697715289982375e-02 2.183167776443619649e-04 3.366655176375962094e-02 4.764173415912339310e-03 6.644518272425249325e-03 0.000000000000000000e+00 2.323516353411277102e-02 2.041113864994897106e-03 0.000000000000000000e+00 0.000000000000000000e+00 7.727745578837865933e-03 0.000000000000000000e+00 0.000000000000000000e+00 0.000000000000000000e+00 8.782584322152666920e-03 0.000000000000000000e+00 0.000000000000000000e+00 0.000000000000000000e+00 5.140758873929008634e-03 0.000000000000000000e+00 0.000000000000000000e+00 5.775339301183944965e-04 0.000000000000000000e+00 0.000000000000000000e+00 4.282655246252676899e-03 5.361930294906166322e-03 0.000000000000000000e+00 0.000000000000000000e+00 0.000000000000000000e+00 0.000000000000000000e+00 0.000000000000000000e+00 0.000000000000000000e+00 0.000000000000000000e+00 1.700969552645007540e-04 0.000000000000000000e+00 0.000000000000000000e+00 0.000000000000000000e+00 0.000000000000000000e+00 0.000000000000000000e+00 0.000000000000000000e+00 0.000000000000000000e+00 0.000000000000000000e+00 0.000000000000000000e+00 0.000000000000000000e+00 0.000000000000000000e+00 0.000000000000000000e+00
