2.928186696588097049e-01 4.699026123384219544e-01 3.817694649669585161e-01 4.893236054858536854e-01 4.683613984374999650e-01 0.000000000000000000e+00 3.138646011725644280e-01 4.720032493788242633e-01 4.014631499015907656e-01 0.000000000000000000e+00 3.111837653468215725e-01 4.800018249722805552e-01 3.813765934250839540e-01 4.964005883095662930e-01 3.656718939098999033e-01 0.000000000000000000e+00 3.263761199655443868e-01 4.698658068943738497e-01 4.186391461732572039e-01 4.946203011672084537e-01 0.000000000000000000e+00 0.000000000000000000e+00 4.459798493403482333e-01 0.000000000000000000e+00 0.000000000000000000e+00 0.000000000000000000e+00 0.000000000000000000e+00 0.000000000000000000e+00 3.861125391442459809e-01 4.776729515875299259e-01 4.387283450456653244e-01 0.000000000000000000e+00 4.151980590004658023e-01 4.761540430651128863e-01 0.000000000000000000e+00 0.000000000000000000e+00 4.680278069563298393e-01 4.921300210204515024e-01 4.468620272727273357e-01 0.000000000000000000e+00 0.000000000000000000e+00 0.000000000000000000e+00 4.373226729696999548e-01 0.000000000000000000e+00 4.087978151296156604e-01 0.000000000000000000e+00 3.755381346153846001e-01 0.000000000000000000e+00 4.245032359056894466e-01 4.927755476190476824e-01 4.264024289122387290e-01 4.666063148148147932e-01 4.283587389853137917e-01 0.000000000000000000e+00 4.284421488393859723e-01 0.000000000000000000e+00 3.604386121169509405e-01 4.701479313280453320e-01 4.292121131010235846e-01 4.909537248518080488e-01 4.068745749401097567e-01 0.000000000000000000e+00 4.049027849820519553e-01 4.689152458304902682e-01 4.343645783161048657e-01 4.415310566037735640e-01 4.192157294180187121e-01 4.815573433805114267e-01 3.300585136953016474e-01 4.705955135402053457e-01 3.319152463715917545e-01 4.792658573921287912e-01 3.762126711617920227e-01 4.563869218911479897e-01 0.000000000000000000e+00 0.000000000000000000e+00 3.947226235163107111e-01 4.626326790756467022e-01 0.000000000000000000e+00 0.000000000000000000e+00 4.039733276227045478e-01 0.000000000000000000e+00 0.000000000000000000e+00 0.000000000000000000e+00 4.324308387942268905e-01 0.000000000000000000e+00 0.000000000000000000e+00 0.000000000000000000e+00 4.355596432737066648e-01 0.000000000000000000e+00 4.331809060284947388e-01 4.328384976306353105e-01 0.000000000000000000e+00 0.000000000000000000e+00 0.000000000000000000e+00 4.231376999999999500e-01 5.019602613636363619e-01 0.000000000000000000e+00 0.000000000000000000e+00 0.000000000000000000e+00 0.000000000000000000e+00 0.000000000000000000e+00 4.530471834112149709e-01 4.338269915966387336e-01 4.490332697485122648e-01 0.000000000000000000e+00 0.000000000000000000e+00 0.000000000000000000e+00 0.000000000000000000e+00 0.000000000000000000e+00 0.000000000000000000e+00 0.000000000000000000e+00 0.000000000000000000e+00 0.000000000000000000e+00 0.000000000000000000e+00 0.000000000000000000e+00
4.699026123384219544e-01 3.085845317624334450e-01 5.053021069582682712e-01 3.711577494965041524e-01 0.000000000000000000e+00 3.507858328208556253e-01 4.737556320232413354e-01 3.098043940627917547e-01 0.000000000000000000e+00 3.430725000000000025e-01 4.657851555555555523e-01 3.163450137993991107e-01 4.845636454545454441e-01 3.759111489343536228e-01 0.000000000000000000e+00 3.990814111139819320e-01 4.756903830521637677e-01 3.538992988973398424e-01 5.054409462281330701e-01 3.645091689279148506e-01 0.000000000000000000e+00 0.000000000000000000e+00 0.000000000000000000e+00 0.000000000000000000e+00 0.000000000000000000e+00 0.000000000000000000e+00 0.000000000000000000e+00 0.000000000000000000e+00 4.730952527318077472e-01 4.115582697724142203e-01 4.716382726346036725e-01 0.000000000000000000e+00 4.972279567859473337e-01 4.115299213114273491e-01 0.000000000000000000e+00 0.000000000000000000e+00 5.048508167450900253e-01 5.149691075724756040e-01 0.000000000000000000e+00 4.461181558441557615e-01 0.000000000000000000e+00 0.000000000000000000e+00 0.000000000000000000e+00 4.116669076190475618e-01 0.000000000000000000e+00 4.305822645375964042e-01 0.000000000000000000e+00 0.000000000000000000e+00 0.000000000000000000e+00 4.307490570446123601e-01 0.000000000000000000e+00 4.242941649450275854e-01 0.000000000000000000e+00 4.173108091602297232e-01 0.000000000000000000e+00 4.265375269208924736e-01 4.684028525766505968e-01 3.699131929567505139e-01 5.063491065743563890e-01 4.293039512036646022e-01 4.934323949579832447e-01 4.019214723021709568e-01 0.000000000000000000e+00 3.944911364475563453e-01 0.000000000000000000e+00 4.190141247829700655e-01 5.189882802011998031e-01 4.391135305184617477e-01 5.048208744584922192e-01 3.658446861553750762e-01 4.936586459979735442e-01 3.682217336537843000e-01 4.456392781007751935e-01 4.069709097677499665e-01 0.000000000000000000e+00 4.022134333333333145e-01 4.659511430315358971e-01 4.008679949383006091e-01 0.000000000000000000e+00 0.000000000000000000e+00 0.000000000000000000e+00 4.335328242397522569e-01 0.000000000000000000e+00 4.497282230215826626e-01 0.000000000000000000e+00 4.306416409107285959e-01 0.000000000000000000e+00 0.000000000000000000e+00 0.000000000000000000e+00 4.316465546675612996e-01 4.354994758838117153e-01 4.747324011744596395e-01 0.000000000000000000e+00 4.484107306695184203e-01 4.807176020408163719e-01 4.561173960905349767e-01 4.800394336283185792e-01 4.816376504847128537e-01 0.000000000000000000e+00 0.000000000000000000e+00 0.000000000000000000e+00 0.000000000000000000e+00 0.000000000000000000e+00 4.451689963796673366e-01 4.593534321901424078e-01 4.760093451327434000e-01 4.357423644067796586e-01 4.602419928571428454e-01 4.075035555555555078e-01 0.000000000000000000e+00 0.000000000000000000e+00 0.000000000000000000e+00 0.000000000000000000e+00 3.849378002047502134e-01 4.430636391990758205e-01 0.000000000000000000e+00
3.817694649669585161e-01 5.053021069582682712e-01 2.874794949766342200e-01 4.720644674777031979e-01 2.642159867613640967e-01 4.394025201716588724e-01 3.429699494039422092e-01 4.780895426094034506e-01 3.484811148675585613e-01 4.549408996666985949e-01 4.105022001669234588e-01 4.898057341870990511e-01 3.789250521164407859e-01 4.719557361298017950e-01 3.498036083457912726e-01 4.482252266692329234e-01 4.131812628201869120e-01 4.976216245648710790e-01 3.527420521047703317e-01 5.148618115314443910e-01 0.000000000000000000e+00 0.000000000000000000e+00 3.062006643003145623e-01 4.745318346537802934e-01 2.428091868147080612e-01 4.303978209815078615e-01 3.062600560701366770e-01 0.000000000000000000e+00 3.876216355507620670e-01 5.033660916304423250e-01 3.883898830907469013e-01 4.608618173453439826e-01 4.195889053277662706e-01 4.961215752232165932e-01 4.771437431192660505e-01 0.000000000000000000e+00 4.435315828343809885e-01 5.070008981481483046e-01 0.000000000000000000e+00 0.000000000000000000e+00 0.000000000000000000e+00 0.000000000000000000e+00 4.152150475885616476e-01 0.000000000000000000e+00 4.220443419116353678e-01 0.000000000000000000e+00 0.000000000000000000e+00 0.000000000000000000e+00 4.064303524648963384e-01 0.000000000000000000e+00 4.007971021920390120e-01 0.000000000000000000e+00 0.000000000000000000e+00 0.000000000000000000e+00 3.955007771371822911e-01 0.000000000000000000e+00 4.156015681919944527e-01 4.540714375000000080e-01 4.326896062053849357e-01 0.000000000000000000e+00 4.156638145459589651e-01 4.978636577181207445e-01 3.951664865342346955e-01 4.495225781250000163e-01 4.147431594513725783e-01 0.000000000000000000e+00 4.419819273114885538e-01 4.921087413983740166e-01 3.759598986790679831e-01 0.000000000000000000e+00 3.876325871499358144e-01 5.038159992947116583e-01 3.839632779974217480e-01 4.758391836190435931e-01 3.404240613446631314e-01 4.413984945054943987e-01 4.100154804748045723e-01 4.802764793029020152e-01 0.000000000000000000e+00 0.000000000000000000e+00 4.097017666355812771e-01 0.000000000000000000e+00 0.000000000000000000e+00 0.000000000000000000e+00 3.948683771774495477e-01 4.175304127906977469e-01 0.000000000000000000e+00 0.000000000000000000e+00 4.400175077142856606e-01 0.000000000000000000e+00 4.198041329365242436e-01 4.507031817592672129e-01 4.773885373134329480e-01 0.000000000000000000e+00 4.581868585858585585e-01 4.499343106796115932e-01 4.146935700934579194e-01 0.000000000000000000e+00 0.000000000000000000e+00 0.000000000000000000e+00 0.000000000000000000e+00 0.000000000000000000e+00 4.248104347145755244e-01 4.369442826625320464e-01 4.633285879088487325e-01 4.211486272727272828e-01 0.000000000000000000e+00 0.000000000000000000e+00 0.000000000000000000e+00 0.000000000000000000e+00 0.000000000000000000e+00 0.000000000000000000e+00 0.000000000000000000e+00 0.000000000000000000e+00 0.000000000000000000e+00 0.000000000000000000e+00
4.893236054858536854e-01 3.711577494965041524e-01 4.720644674777031979e-01 2.804289941568535727e-01 4.677801498002269742e-01 3.015120075122674215e-01 4.882157938821654608e-01 3.407825968204963307e-01 4.624407724946251186e-01 3.078602568002266060e-01 4.861758803736214163e-01 4.022635695665179867e-01 4.641901288800245884e-01 3.829753693735425402e-01 0.000000000000000000e+00 3.427859828934155528e-01 4.813721847262072417e-01 4.210643631441350898e-01 5.198121975595700883e-01 3.533121627292598044e-01 4.736792653061224767e-01 3.563228153846153545e-01 4.764145584198180017e-01 2.737899172541166104e-01 4.544250940994953303e-01 2.457712125794846991e-01 4.316666506224433042e-01 3.065796872866480838e-01 5.005336773699210484e-01 4.024456011058801241e-01 4.474458374022707852e-01 3.282448343616173880e-01 5.160984139904031265e-01 4.254986097571625270e-01 0.000000000000000000e+00 4.665487989102887201e-01 0.000000000000000000e+00 4.783172811304302607e-01 0.000000000000000000e+00 0.000000000000000000e+00 0.000000000000000000e+00 0.000000000000000000e+00 0.000000000000000000e+00 4.686667844150475548e-01 0.000000000000000000e+00 4.069699042293016822e-01 0.000000000000000000e+00 3.838066356589147077e-01 0.000000000000000000e+00 4.234719713659643725e-01 0.000000000000000000e+00 4.121004704018220166e-01 0.000000000000000000e+00 0.000000000000000000e+00 0.000000000000000000e+00 0.000000000000000000e+00 4.928182945386277991e-01 4.295187362148575883e-01 5.185589026548672598e-01 4.580050041798222615e-01 4.843307454545455193e-01 4.389661863363441552e-01 0.000000000000000000e+00 4.035646939102564001e-01 4.889876532258065067e-01 4.084652407452293854e-01 4.521529281045751358e-01 4.530223265130077226e-01 5.131581893874284095e-01 3.983163114601417365e-01 4.915647754896285138e-01 4.048794848902777521e-01 4.717307463364605047e-01 3.978944603313644968e-01 0.000000000000000000e+00 3.852707345228587599e-01 4.675565546994668864e-01 4.217118977812470138e-01 0.000000000000000000e+00 3.981809599999999727e-01 0.000000000000000000e+00 4.220390653933767666e-01 0.000000000000000000e+00 4.315384285714284895e-01 0.000000000000000000e+00 4.156520718572381812e-01 0.000000000000000000e+00 0.000000000000000000e+00 0.000000000000000000e+00 4.016248124380742412e-01 4.534823290600690227e-01 4.332991261771841351e-01 4.392680140845070524e-01 0.000000000000000000e+00 4.980211075268817789e-01 4.117436047430829138e-01 4.659249736027734623e-01 0.000000000000000000e+00 4.561045655737704929e-01 0.000000000000000000e+00 0.000000000000000000e+00 0.000000000000000000e+00 4.756459042979129803e-01 4.226872835231691994e-01 4.584548598130840369e-01 0.000000000000000000e+00 4.635226914862342618e-01 0.000000000000000000e+00 0.000000000000000000e+00 0.000000000000000000e+00 4.871659196428571037e-01 0.000000000000000000e+00 0.000000000000000000e+00 0.000000000000000000e+00 4.404839017857143380e-01 0.000000000000000000e+00
4.683613984374999650e-01 0.000000000000000000e+00 2.642159867613640967e-01 4.677801498002269742e-01 2.082939523408945670e-01 4.773560280974091796e-01 3.255274579850351291e-01 4.939934888732329665e-01 2.110530785293295297e-01 4.599026496786056684e-01 0.000000000000000000e+00 0.000000000000000000e+00 3.559586782296351171e-01 4.879359487179487642e-01 3.011941746718468371e-01 4.831469186046511433e-01 3.865712833133253534e-01 0.000000000000000000e+00 4.161744338167773782e-01 0.000000000000000000e+00 3.225250383115909614e-01 0.000000000000000000e+00 2.599937456553626514e-01 4.490077466937627548e-01 2.248216362203286356e-01 4.548019365861420971e-01 2.705618297371916725e-01 4.377305157894737508e-01 3.605073931733708825e-01 3.957279010989010470e-01 3.845213592320056994e-01 4.456447867811782482e-01 0.000000000000000000e+00 4.242488837209301700e-01 0.000000000000000000e+00 0.000000000000000000e+00 0.000000000000000000e+00 0.000000000000000000e+00 0.000000000000000000e+00 0.000000000000000000e+00 0.000000000000000000e+00 0.000000000000000000e+00 0.000000000000000000e+00 0.000000000000000000e+00 0.000000000000000000e+00 0.000000000000000000e+00 4.956877174918729589e-01 0.000000000000000000e+00 0.000000000000000000e+00 0.000000000000000000e+00 3.513456638655461650e-01 0.000000000000000000e+00 0.000000000000000000e+00 0.000000000000000000e+00 0.000000000000000000e+00 0.000000000000000000e+00 4.261764792762139931e-01 0.000000000000000000e+00 3.813405182481751643e-01 0.000000000000000000e+00 4.364918981481480942e-01 0.000000000000000000e+00 4.477383714285714245e-01 0.000000000000000000e+00 4.017694865598575582e-01 0.000000000000000000e+00 3.427631138211382766e-01 0.000000000000000000e+00 4.643785900739857420e-01 0.000000000000000000e+00 3.591416245156013876e-01 5.237335480769995666e-01 3.612278957541185109e-01 3.881436365740740246e-01 3.339505682942646714e-01 5.066994315789473680e-01 3.812579756363237427e-01 3.944455270270270097e-01 0.000000000000000000e+00 0.000000000000000000e+00 3.792722965750335296e-01 0.000000000000000000e+00 0.000000000000000000e+00 0.000000000000000000e+00 3.707736745129737721e-01 0.000000000000000000e+00 0.000000000000000000e+00 0.000000000000000000e+00 4.273941795542345323e-01 0.000000000000000000e+00 0.000000000000000000e+00 0.000000000000000000e+00 0.000000000000000000e+00 0.000000000000000000e+00 0.000000000000000000e+00 0.000000000000000000e+00 0.000000000000000000e+00 0.000000000000000000e+00 0.000000000000000000e+00 0.000000000000000000e+00 0.000000000000000000e+00 0.000000000000000000e+00 0.000000000000000000e+00 0.000000000000000000e+00 0.000000000000000000e+00 0.000000000000000000e+00 0.000000000000000000e+00 0.000000000000000000e+00 0.000000000000000000e+00 0.000000000000000000e+00 0.000000000000000000e+00 0.000000000000000000e+00 0.000000000000000000e+00 0.000000000000000000e+00 0.000000000000000000e+00 0.000000000000000000e+00
0.000000000000000000e+00 3.507858328208556253e-01 4.394025201716588724e-01 3.015120075122674215e-01 4.773560280974091796e-01 2.178563810554765834e-01 0.000000000000000000e+00 3.226015470950468478e-01 4.238150866633366709e-01 2.553815012965932052e-01 0.000000000000000000e+00 0.000000000000000000e+00 0.000000000000000000e+00 3.329585844703626951e-01 4.645997088607595193e-01 2.655370585778097925e-01 0.000000000000000000e+00 3.595419076923077606e-01 0.000000000000000000e+00 0.000000000000000000e+00 4.633995247842009890e-01 3.575689528940630968e-01 4.542157619023501347e-01 3.012737758118316789e-01 4.657471279978595557e-01 2.810647682003751258e-01 4.762785906687420079e-01 2.283961158895847499e-01 0.000000000000000000e+00 3.096553876558082452e-01 4.421077030805291019e-01 3.509714410799276707e-01 0.000000000000000000e+00 3.849141764982754732e-01 0.000000000000000000e+00 0.000000000000000000e+00 0.000000000000000000e+00 0.000000000000000000e+00 0.000000000000000000e+00 0.000000000000000000e+00 0.000000000000000000e+00 0.000000000000000000e+00 0.000000000000000000e+00 0.000000000000000000e+00 0.000000000000000000e+00 0.000000000000000000e+00 0.000000000000000000e+00 0.000000000000000000e+00 0.000000000000000000e+00 3.834629301794626466e-01 0.000000000000000000e+00 0.000000000000000000e+00 0.000000000000000000e+00 0.000000000000000000e+00 0.000000000000000000e+00 0.000000000000000000e+00 0.000000000000000000e+00 0.000000000000000000e+00 0.000000000000000000e+00 0.000000000000000000e+00 0.000000000000000000e+00 0.000000000000000000e+00 0.000000000000000000e+00 0.000000000000000000e+00 0.000000000000000000e+00 0.000000000000000000e+00 0.000000000000000000e+00 3.300432224637681045e-01 0.000000000000000000e+00 0.000000000000000000e+00 4.946410289561531393e-01 3.784218515181688725e-01 0.000000000000000000e+00 3.459650588424815210e-01 0.000000000000000000e+00 0.000000000000000000e+00 3.471753809523809853e-01 3.671009027419978588e-01 0.000000000000000000e+00 0.000000000000000000e+00 0.000000000000000000e+00 0.000000000000000000e+00 0.000000000000000000e+00 0.000000000000000000e+00 0.000000000000000000e+00 3.963299083483159957e-01 0.000000000000000000e+00 0.000000000000000000e+00 0.000000000000000000e+00 0.000000000000000000e+00 4.507430722891566655e-01 0.000000000000000000e+00 0.000000000000000000e+00 0.000000000000000000e+00 0.000000000000000000e+00 0.000000000000000000e+00 0.000000000000000000e+00 0.000000000000000000e+00 0.000000000000000000e+00 0.000000000000000000e+00 0.000000000000000000e+00 0.000000000000000000e+00 0.000000000000000000e+00 0.000000000000000000e+00 0.000000000000000000e+00 0.000000000000000000e+00 0.000000000000000000e+00 0.000000000000000000e+00 0.000000000000000000e+00 0.000000000000000000e+00 0.000000000000000000e+00 0.000000000000000000e+00 0.000000000000000000e+00 0.000000000000000000e+00 0.000000000000000000e+00 0.000000000000000000e+00
3.138646011725644280e-01 4.737556320232413354e-01 3.429699494039422092e-01 4.882157938821654608e-01 3.255274579850351291e-01 0.000000000000000000e+00 2.893442287792626355e-01 4.662321321761245252e-01 3.063857427874591699e-01 4.914946760563381201e-01 3.698277806612916829e-01 4.771688104664021379e-01 2.958323007390532555e-01 4.593647966027113450e-01 3.278084805781284472e-01 4.265164361702127871e-01 3.884018567398735966e-01 4.766413299159769079e-01 4.135686133999075254e-01 5.005958370997355411e-01 0.000000000000000000e+00 0.000000000000000000e+00 3.880473402468589961e-01 4.750269619168526192e-01 0.000000000000000000e+00 0.000000000000000000e+00 3.336089906487434420e-01 0.000000000000000000e+00 3.526227482049045237e-01 4.652032551585837949e-01 4.126684632789216489e-01 4.550500283486285102e-01 3.882415381835973567e-01 4.887308539298271248e-01 0.000000000000000000e+00 0.000000000000000000e+00 4.225450152785971691e-01 0.000000000000000000e+00 4.528482148760330506e-01 0.000000000000000000e+00 0.000000000000000000e+00 0.000000000000000000e+00 4.068745446428571610e-01 0.000000000000000000e+00 3.994468839703481100e-01 0.000000000000000000e+00 0.000000000000000000e+00 0.000000000000000000e+00 3.883725707544221639e-01 0.000000000000000000e+00 4.018787998542501239e-01 0.000000000000000000e+00 4.164305307276190415e-01 0.000000000000000000e+00 4.190146635842210143e-01 0.000000000000000000e+00 3.930651341268806553e-01 0.000000000000000000e+00 4.011774038675943177e-01 0.000000000000000000e+00 4.049810589388677662e-01 0.000000000000000000e+00 3.986555428444635285e-01 0.000000000000000000e+00 4.239985252697445195e-01 0.000000000000000000e+00 3.940041563854932427e-01 4.956143373760487636e-01 4.371813642320973581e-01 5.899992561983471440e-01 3.428813859819978549e-01 5.023799644563645694e-01 3.557402063726894936e-01 4.693844802924773130e-01 3.795695238095239121e-01 0.000000000000000000e+00 3.860115122748541405e-01 4.724135051930596352e-01 0.000000000000000000e+00 0.000000000000000000e+00 3.879523155337738505e-01 0.000000000000000000e+00 4.239734469499730207e-01 0.000000000000000000e+00 4.115017426939981404e-01 4.299515540540541636e-01 0.000000000000000000e+00 0.000000000000000000e+00 4.137411160520365616e-01 0.000000000000000000e+00 4.121812416943521629e-01 4.543063836328400384e-01 0.000000000000000000e+00 0.000000000000000000e+00 4.795917407407407351e-01 4.067632234042554140e-01 4.245844574468085053e-01 0.000000000000000000e+00 0.000000000000000000e+00 0.000000000000000000e+00 0.000000000000000000e+00 4.472464672131147845e-01 4.577997073170732012e-01 4.417597420930123309e-01 4.144379166666666836e-01 0.000000000000000000e+00 0.000000000000000000e+00 0.000000000000000000e+00 0.000000000000000000e+00 0.000000000000000000e+00 0.000000000000000000e+00 0.000000000000000000e+00 0.000000000000000000e+00 0.000000000000000000e+00 0.000000000000000000e+00 0.000000000000000000e+00
4.720032493788242633e-01 3.098043940627917547e-01 4.780895426094034506e-01 3.407825968204963307e-01 4.939934888732329665e-01 3.226015470950468478e-01 4.662321321761245252e-01 2.778799738357705662e-01 4.748086075337800693e-01 3.047973626994087137e-01 4.830173280824996973e-01 3.074624939987899985e-01 4.642185308419185530e-01 3.079089329333119518e-01 0.000000000000000000e+00 3.212022335103927873e-01 4.749397012647367244e-01 3.928316021526587210e-01 4.984535674815525064e-01 4.293005384969161842e-01 0.000000000000000000e+00 0.000000000000000000e+00 4.825146507727412493e-01 3.974685598981813062e-01 4.826829115275576565e-01 0.000000000000000000e+00 4.540130635077980203e-01 0.000000000000000000e+00 4.695607581497765470e-01 3.671155745747466947e-01 4.523231389956661741e-01 3.646138963929879129e-01 4.987997964276240648e-01 4.207040372885332280e-01 0.000000000000000000e+00 0.000000000000000000e+00 0.000000000000000000e+00 4.313189526959336217e-01 0.000000000000000000e+00 0.000000000000000000e+00 0.000000000000000000e+00 0.000000000000000000e+00 0.000000000000000000e+00 3.940702861456846229e-01 0.000000000000000000e+00 3.967544184439342758e-01 0.000000000000000000e+00 3.929038099850473698e-01 4.342962269503546358e-01 3.981948653662888415e-01 0.000000000000000000e+00 3.903623491721111560e-01 0.000000000000000000e+00 3.884523851818459939e-01 0.000000000000000000e+00 3.985973542190545671e-01 4.570737024592732012e-01 3.950398860929812961e-01 4.959590291076790836e-01 4.197874235672818255e-01 0.000000000000000000e+00 3.784475918594313870e-01 4.658516277141494522e-01 3.906387238157803532e-01 0.000000000000000000e+00 3.963462627820553141e-01 5.132966180755854646e-01 4.265628014130687928e-01 0.000000000000000000e+00 4.526068241435771133e-01 4.898351974032059131e-01 3.361285937466000906e-01 4.567323055236265361e-01 3.714736938721603376e-01 0.000000000000000000e+00 3.781452212347770070e-01 4.505915744876487494e-01 4.056969494801330733e-01 0.000000000000000000e+00 0.000000000000000000e+00 0.000000000000000000e+00 4.096202692941515178e-01 0.000000000000000000e+00 0.000000000000000000e+00 0.000000000000000000e+00 4.134313175371198690e-01 0.000000000000000000e+00 4.451462571428571602e-01 0.000000000000000000e+00 4.201551680060502392e-01 4.433649845315836280e-01 4.370221675524896265e-01 4.847255080470696531e-01 0.000000000000000000e+00 0.000000000000000000e+00 0.000000000000000000e+00 4.473388613219780874e-01 0.000000000000000000e+00 4.526799593495934859e-01 0.000000000000000000e+00 0.000000000000000000e+00 0.000000000000000000e+00 4.579326640624999945e-01 4.270535950413222870e-01 4.481474747474747389e-01 4.909686288659793618e-01 0.000000000000000000e+00 4.214180204081631742e-01 0.000000000000000000e+00 0.000000000000000000e+00 4.912616240601503370e-01 0.000000000000000000e+00 0.000000000000000000e+00 0.000000000000000000e+00 0.000000000000000000e+00 0.000000000000000000e+00
4.014631499015907656e-01 0.000000000000000000e+00 3.484811148675585613e-01 4.624407724946251186e-01 2.110530785293295297e-01 4.238150866633366709e-01 3.063857427874591699e-01 4.748086075337800693e-01 2.781284232457584271e-01 0.000000000000000000e+00 4.095393643619648083e-01 0.000000000000000000e+00 2.798681339265077228e-01 0.000000000000000000e+00 2.643824124872655723e-01 4.876449068965517664e-01 3.820749782088121993e-01 0.000000000000000000e+00 4.138473296495512321e-01 0.000000000000000000e+00 3.272355925925925502e-01 0.000000000000000000e+00 3.613616605407639626e-01 4.497248835839523506e-01 0.000000000000000000e+00 4.590033736842104584e-01 2.744858666841331618e-01 0.000000000000000000e+00 3.803957192553553690e-01 0.000000000000000000e+00 3.986163713506161166e-01 4.500682723202478752e-01 0.000000000000000000e+00 4.549982134391770128e-01 0.000000000000000000e+00 0.000000000000000000e+00 0.000000000000000000e+00 0.000000000000000000e+00 0.000000000000000000e+00 0.000000000000000000e+00 0.000000000000000000e+00 0.000000000000000000e+00 3.506676928104575097e-01 0.000000000000000000e+00 0.000000000000000000e+00 0.000000000000000000e+00 0.000000000000000000e+00 0.000000000000000000e+00 3.502420551181102404e-01 0.000000000000000000e+00 4.186330480332098869e-01 0.000000000000000000e+00 0.000000000000000000e+00 0.000000000000000000e+00 0.000000000000000000e+00 0.000000000000000000e+00 3.960231121521571307e-01 0.000000000000000000e+00 4.028202281879194602e-01 0.000000000000000000e+00 4.108494434862027811e-01 0.000000000000000000e+00 4.058613409455128496e-01 0.000000000000000000e+00 4.088940282306035567e-01 0.000000000000000000e+00 0.000000000000000000e+00 0.000000000000000000e+00 4.299874379562043658e-01 0.000000000000000000e+00 3.509153229192570334e-01 0.000000000000000000e+00 3.686525637465141725e-01 4.725899130434782491e-01 3.316088031868304475e-01 0.000000000000000000e+00 4.037580573206968060e-01 4.851410639999999552e-01 0.000000000000000000e+00 0.000000000000000000e+00 3.774585702320076286e-01 0.000000000000000000e+00 0.000000000000000000e+00 0.000000000000000000e+00 3.926086993884531084e-01 0.000000000000000000e+00 0.000000000000000000e+00 0.000000000000000000e+00 0.000000000000000000e+00 0.000000000000000000e+00 4.288781680000000596e-01 0.000000000000000000e+00 0.000000000000000000e+00 0.000000000000000000e+00 0.000000000000000000e+00 0.000000000000000000e+00 0.000000000000000000e+00 0.000000000000000000e+00 0.000000000000000000e+00 0.000000000000000000e+00 0.000000000000000000e+00 0.000000000000000000e+00 0.000000000000000000e+00 0.000000000000000000e+00 0.000000000000000000e+00 0.000000000000000000e+00 0.000000000000000000e+00 0.000000000000000000e+00 0.000000000000000000e+00 0.000000000000000000e+00 0.000000000000000000e+00 0.000000000000000000e+00 0.000000000000000000e+00 0.000000000000000000e+00 0.000000000000000000e+00 0.000000000000000000e+00
0.000000000000000000e+00 3.430725000000000025e-01 4.549408996666985949e-01 3.078602568002266060e-01 4.599026496786056684e-01 2.553815012965932052e-01 4.914946760563381201e-01 3.047973626994087137e-01 0.000000000000000000e+00 2.677117167609940895e-01 0.000000000000000000e+00 3.340689848728084499e-01 0.000000000000000000e+00 3.272078148407898679e-01 0.000000000000000000e+00 3.114785964398368301e-01 0.000000000000000000e+00 4.121742042433000353e-01 0.000000000000000000e+00 0.000000000000000000e+00 0.000000000000000000e+00 0.000000000000000000e+00 4.640423663665818044e-01 3.592440510992275793e-01 4.814164222035969276e-01 2.515906940860215268e-01 4.106950398167724670e-01 3.105580166666666586e-01 0.000000000000000000e+00 3.642999742400782059e-01 4.534147046872207820e-01 3.469391335540682464e-01 0.000000000000000000e+00 0.000000000000000000e+00 0.000000000000000000e+00 4.535894035087719711e-01 0.000000000000000000e+00 3.979894408602149825e-01 0.000000000000000000e+00 0.000000000000000000e+00 0.000000000000000000e+00 0.000000000000000000e+00 0.000000000000000000e+00 0.000000000000000000e+00 0.000000000000000000e+00 0.000000000000000000e+00 0.000000000000000000e+00 0.000000000000000000e+00 0.000000000000000000e+00 3.746084630872483223e-01 0.000000000000000000e+00 0.000000000000000000e+00 0.000000000000000000e+00 0.000000000000000000e+00 0.000000000000000000e+00 0.000000000000000000e+00 0.000000000000000000e+00 0.000000000000000000e+00 0.000000000000000000e+00 0.000000000000000000e+00 0.000000000000000000e+00 4.424604596831885339e-01 0.000000000000000000e+00 0.000000000000000000e+00 0.000000000000000000e+00 3.836697706104710281e-01 0.000000000000000000e+00 3.658431209677419638e-01 0.000000000000000000e+00 3.715753738317756905e-01 4.641949655172413758e-01 3.501689668705306180e-01 0.000000000000000000e+00 3.784549697584156380e-01 0.000000000000000000e+00 3.836229219961240222e-01 0.000000000000000000e+00 3.807481527425714551e-01 0.000000000000000000e+00 0.000000000000000000e+00 0.000000000000000000e+00 0.000000000000000000e+00 0.000000000000000000e+00 0.000000000000000000e+00 0.000000000000000000e+00 4.208008256696255667e-01 0.000000000000000000e+00 0.000000000000000000e+00 0.000000000000000000e+00 0.000000000000000000e+00 0.000000000000000000e+00 3.997829534883721170e-01 0.000000000000000000e+00 0.000000000000000000e+00 0.000000000000000000e+00 0.000000000000000000e+00 0.000000000000000000e+00 0.000000000000000000e+00 0.000000000000000000e+00 0.000000000000000000e+00 0.000000000000000000e+00 0.000000000000000000e+00 0.000000000000000000e+00 0.000000000000000000e+00 0.000000000000000000e+00 0.000000000000000000e+00 0.000000000000000000e+00 0.000000000000000000e+00 0.000000000000000000e+00 0.000000000000000000e+00 0.000000000000000000e+00 0.000000000000000000e+00 0.000000000000000000e+00 0.000000000000000000e+00 0.000000000000000000e+00 0.000000000000000000e+00
3.111837653468215725e-01 4.657851555555555523e-01 4.105022001669234588e-01 4.861758803736214163e-01 0.000000000000000000e+00 0.000000000000000000e+00 3.698277806612916829e-01 4.830173280824996973e-01 4.095393643619648083e-01 0.000000000000000000e+00 2.896678722195568656e-01 4.794711108580141934e-01 3.313857936716694264e-01 4.465839780219779676e-01 4.012215934174745424e-01 0.000000000000000000e+00 3.141580792646811449e-01 4.663077748612395879e-01 4.283174640071963912e-01 5.002009808207105168e-01 0.000000000000000000e+00 0.000000000000000000e+00 4.166352332841752326e-01 4.706652318811435642e-01 0.000000000000000000e+00 0.000000000000000000e+00 0.000000000000000000e+00 0.000000000000000000e+00 3.745940537412328353e-01 4.824355571428571854e-01 4.261351394835550810e-01 4.498747806927002046e-01 4.067186230550299264e-01 4.968844283058128641e-01 0.000000000000000000e+00 0.000000000000000000e+00 0.000000000000000000e+00 0.000000000000000000e+00 0.000000000000000000e+00 0.000000000000000000e+00 0.000000000000000000e+00 0.000000000000000000e+00 0.000000000000000000e+00 0.000000000000000000e+00 4.537495800404873214e-01 0.000000000000000000e+00 0.000000000000000000e+00 0.000000000000000000e+00 3.871335583897796417e-01 0.000000000000000000e+00 4.543248522579449999e-01 0.000000000000000000e+00 0.000000000000000000e+00 0.000000000000000000e+00 0.000000000000000000e+00 0.000000000000000000e+00 4.043950972861299897e-01 4.666166415094339381e-01 4.481928084692871073e-01 0.000000000000000000e+00 4.273921641454773157e-01 0.000000000000000000e+00 4.238708764544082408e-01 0.000000000000000000e+00 4.542399887705407258e-01 0.000000000000000000e+00 4.466736018019257792e-01 0.000000000000000000e+00 4.237587606488759651e-01 0.000000000000000000e+00 3.789187964276123921e-01 4.992459821428571476e-01 4.138101687677796514e-01 4.973960881960335922e-01 0.000000000000000000e+00 0.000000000000000000e+00 4.056510327972521202e-01 0.000000000000000000e+00 0.000000000000000000e+00 0.000000000000000000e+00 3.966267119554003351e-01 0.000000000000000000e+00 0.000000000000000000e+00 0.000000000000000000e+00 4.324548134650290643e-01 0.000000000000000000e+00 0.000000000000000000e+00 0.000000000000000000e+00 4.412082623720605667e-01 0.000000000000000000e+00 0.000000000000000000e+00 0.000000000000000000e+00 0.000000000000000000e+00 0.000000000000000000e+00 0.000000000000000000e+00 0.000000000000000000e+00 0.000000000000000000e+00 0.000000000000000000e+00 0.000000000000000000e+00 0.000000000000000000e+00 0.000000000000000000e+00 0.000000000000000000e+00 0.000000000000000000e+00 0.000000000000000000e+00 0.000000000000000000e+00 0.000000000000000000e+00 0.000000000000000000e+00 0.000000000000000000e+00 0.000000000000000000e+00 0.000000000000000000e+00 0.000000000000000000e+00 0.000000000000000000e+00 0.000000000000000000e+00 0.000000000000000000e+00 0.000000000000000000e+00 0.000000000000000000e+00
4.800018249722805552e-01 3.163450137993991107e-01 4.898057341870990511e-01 4.022635695665179867e-01 0.000000000000000000e+00 0.000000000000000000e+00 4.771688104664021379e-01 3.074624939987899985e-01 0.000000000000000000e+00 3.340689848728084499e-01 4.794711108580141934e-01 2.884751187656834914e-01 4.785069063526834476e-01 2.925692895150133199e-01 0.000000000000000000e+00 3.692463009121321749e-01 0.000000000000000000e+00 2.880374876014062391e-01 4.997857794942078824e-01 4.279452487766116642e-01 0.000000000000000000e+00 0.000000000000000000e+00 4.638013428066734556e-01 4.136402752706456742e-01 0.000000000000000000e+00 0.000000000000000000e+00 0.000000000000000000e+00 0.000000000000000000e+00 4.646296168224298695e-01 3.487324952061400807e-01 4.707505284328033501e-01 3.852457846335698433e-01 4.858815521214839284e-01 4.033492538783610137e-01 0.000000000000000000e+00 0.000000000000000000e+00 0.000000000000000000e+00 4.578563484415816842e-01 0.000000000000000000e+00 0.000000000000000000e+00 0.000000000000000000e+00 0.000000000000000000e+00 0.000000000000000000e+00 0.000000000000000000e+00 0.000000000000000000e+00 3.266649414141414298e-01 0.000000000000000000e+00 0.000000000000000000e+00 0.000000000000000000e+00 3.909014041448604648e-01 0.000000000000000000e+00 4.238118492412972227e-01 0.000000000000000000e+00 0.000000000000000000e+00 0.000000000000000000e+00 4.310151635678102777e-01 4.746792856292967322e-01 4.137792411224464062e-01 0.000000000000000000e+00 4.256381930499201771e-01 0.000000000000000000e+00 4.193432679883492553e-01 0.000000000000000000e+00 4.120470655840079988e-01 0.000000000000000000e+00 4.285710073624814931e-01 4.661527422680412647e-01 4.260497879098319451e-01 0.000000000000000000e+00 4.127682638888889310e-01 4.919477496316937426e-01 3.540275487135749466e-01 4.550515460082086294e-01 3.792533242111323366e-01 0.000000000000000000e+00 0.000000000000000000e+00 4.649635030131318847e-01 4.140090785347098068e-01 0.000000000000000000e+00 0.000000000000000000e+00 0.000000000000000000e+00 4.114594430370339118e-01 0.000000000000000000e+00 0.000000000000000000e+00 0.000000000000000000e+00 4.483390078734968420e-01 0.000000000000000000e+00 4.662132978723404486e-01 0.000000000000000000e+00 4.563420924271913148e-01 4.255378403361345097e-01 4.344305123966941684e-01 0.000000000000000000e+00 0.000000000000000000e+00 0.000000000000000000e+00 0.000000000000000000e+00 0.000000000000000000e+00 0.000000000000000000e+00 0.000000000000000000e+00 0.000000000000000000e+00 0.000000000000000000e+00 0.000000000000000000e+00 0.000000000000000000e+00 0.000000000000000000e+00 0.000000000000000000e+00 0.000000000000000000e+00 0.000000000000000000e+00 0.000000000000000000e+00 0.000000000000000000e+00 0.000000000000000000e+00 0.000000000000000000e+00 0.000000000000000000e+00 0.000000000000000000e+00 0.000000000000000000e+00 0.000000000000000000e+00 0.000000000000000000e+00
3.813765934250839540e-01 4.845636454545454441e-01 3.789250521164407859e-01 4.641901288800245884e-01 3.559586782296351171e-01 0.000000000000000000e+00 2.958323007390532555e-01 4.642185308419185530e-01 2.798681339265077228e-01 0.000000000000000000e+00 3.313857936716694264e-01 4.785069063526834476e-01 2.862659689823349729e-01 4.513367483582962914e-01 2.594422591773708486e-01 0.000000000000000000e+00 3.700658784008895585e-01 4.809199999999999586e-01 4.203740704621951041e-01 4.902521722190370523e-01 0.000000000000000000e+00 0.000000000000000000e+00 3.950216702657874390e-01 4.696205539822312924e-01 0.000000000000000000e+00 0.000000000000000000e+00 0.000000000000000000e+00 0.000000000000000000e+00 3.447221075278504299e-01 4.520327043478261086e-01 3.745420576687224501e-01 4.422619291298781619e-01 4.091441685484000224e-01 4.728919351881170630e-01 0.000000000000000000e+00 0.000000000000000000e+00 0.000000000000000000e+00 0.000000000000000000e+00 4.518384062500000464e-01 0.000000000000000000e+00 0.000000000000000000e+00 0.000000000000000000e+00 0.000000000000000000e+00 0.000000000000000000e+00 0.000000000000000000e+00 0.000000000000000000e+00 0.000000000000000000e+00 0.000000000000000000e+00 3.917745327456976234e-01 0.000000000000000000e+00 4.274040529537522226e-01 0.000000000000000000e+00 4.162040095791358918e-01 0.000000000000000000e+00 4.188973204046456678e-01 0.000000000000000000e+00 4.082771485713605486e-01 0.000000000000000000e+00 4.222754509286669178e-01 4.300457777777777491e-01 4.276002387020980122e-01 0.000000000000000000e+00 4.113092840017389396e-01 0.000000000000000000e+00 4.367172343604630025e-01 0.000000000000000000e+00 4.153356914886081608e-01 0.000000000000000000e+00 4.401862627887503931e-01 0.000000000000000000e+00 3.607389824421861069e-01 4.776572997268511145e-01 3.950471023068976018e-01 4.710783977272727241e-01 0.000000000000000000e+00 0.000000000000000000e+00 4.166308136180453259e-01 4.725553039215687479e-01 0.000000000000000000e+00 0.000000000000000000e+00 3.957667187071199910e-01 0.000000000000000000e+00 0.000000000000000000e+00 0.000000000000000000e+00 4.162349076715957663e-01 0.000000000000000000e+00 0.000000000000000000e+00 0.000000000000000000e+00 4.302520507495056212e-01 0.000000000000000000e+00 4.419932755905511823e-01 4.423759864728334934e-01 0.000000000000000000e+00 0.000000000000000000e+00 0.000000000000000000e+00 0.000000000000000000e+00 0.000000000000000000e+00 0.000000000000000000e+00 0.000000000000000000e+00 0.000000000000000000e+00 0.000000000000000000e+00 0.000000000000000000e+00 0.000000000000000000e+00 4.262533945345580166e-01 0.000000000000000000e+00 0.000000000000000000e+00 0.000000000000000000e+00 0.000000000000000000e+00 0.000000000000000000e+00 0.000000000000000000e+00 0.000000000000000000e+00 0.000000000000000000e+00 0.000000000000000000e+00 0.000000000000000000e+00 0.000000000000000000e+00 0.000000000000000000e+00
