0.000000000000000000e+00 8.432762178164528166e-03 6.128537333787930502e-02 1.362683438155136255e-03 3.500175008750437450e-04 0.000000000000000000e+00 1.034810126582278444e-01 1.074979844127922505e-03 0.000000000000000000e+00 0.000000000000000000e+00 1.574074074074074125e-01 2.143622722400857316e-04 2.127992489438272627e-02 0.000000000000000000e+00 2.228826151560178194e-03 0.000000000000000000e+00 1.014874496436318496e-01 8.942944017170452757e-04 9.502785661726059763e-02 1.418202121719709663e-02 0.000000000000000000e+00 0.000000000000000000e+00 3.847633705271258429e-04 2.267573696145124831e-04 0.000000000000000000e+00 0.000000000000000000e+00 0.000000000000000000e+00 0.000000000000000000e+00 4.421352893235534071e-02 2.217294900221729488e-04 2.886002886002886000e-04 0.000000000000000000e+00 9.568651275820169722e-03 7.421150278293135553e-03 3.483106931382793617e-04 0.000000000000000000e+00 5.960413855150697299e-02 1.128349788434414606e-03 0.000000000000000000e+00 0.000000000000000000e+00 2.840909090909090988e-03 0.000000000000000000e+00 0.000000000000000000e+00 0.000000000000000000e+00 2.761668047500690447e-04 0.000000000000000000e+00 0.000000000000000000e+00 0.000000000000000000e+00 1.767131356764186246e-03 0.000000000000000000e+00 1.082269383613765172e-02 0.000000000000000000e+00 3.869969040247678250e-04 0.000000000000000000e+00 3.370975897522332835e-04 0.000000000000000000e+00 2.421802824336808657e-01 8.656343175916129474e-04 3.923587279798673028e-02 0.000000000000000000e+00 5.699937225360954263e-02 0.000000000000000000e+00 5.464480874316939886e-03 0.000000000000000000e+00 3.457844183564567908e-02 1.443001443001443000e-04 7.458512026850643711e-03 3.954522985664854127e-04 1.080468454854552340e-01 1.078390709249274146e-02 2.768601541607676464e-02 2.124495432334820404e-04 2.949096037953583688e-02 2.140640051375361237e-04 1.151461470327723620e-02 0.000000000000000000e+00 3.404424427076434279e-02 3.287310979618672090e-04 1.042752867570385846e-03 0.000000000000000000e+00 1.106960011069600030e-03 0.000000000000000000e+00 0.000000000000000000e+00 0.000000000000000000e+00 8.342783087639721318e-03 0.000000000000000000e+00 4.115226337448560021e-03 0.000000000000000000e+00 4.150126308191988064e-03 0.000000000000000000e+00 5.206977349648529534e-04 2.337814143775569699e-03 2.057613168724280010e-03 1.725625539257981097e-03 2.070393374741200804e-02 0.000000000000000000e+00 8.120178643930166381e-04 0.000000000000000000e+00 1.393728222996515678e-03 2.906976744186046471e-03 0.000000000000000000e+00 0.000000000000000000e+00 1.281640499839794894e-03 9.273570324574961820e-04 1.001502253380069998e-03 0.000000000000000000e+00 1.342281879194630800e-03 0.000000000000000000e+00 0.000000000000000000e+00 0.000000000000000000e+00 1.123595505617977627e-03 0.000000000000000000e+00 0.000000000000000000e+00 0.000000000000000000e+00 0.000000000000000000e+00 0.000000000000000000e+00
8.432762178164528166e-03 0.000000000000000000e+00 1.363791339924991415e-03 6.006289308176100683e-02 0.000000000000000000e+00 4.040404040404040401e-04 4.324894514767932407e-03 9.406073636119323400e-02 0.000000000000000000e+00 6.553079947575360473e-04 7.122507122507122862e-04 8.252947481243301520e-02 1.564700359881082703e-04 1.745955470126541592e-02 0.000000000000000000e+00 2.404897245299519003e-03 1.549426712116516974e-04 1.015918440350563473e-01 2.869757174392936067e-02 8.978224455611390209e-02 0.000000000000000000e+00 0.000000000000000000e+00 5.130178273695010878e-04 1.360544217687074736e-03 0.000000000000000000e+00 0.000000000000000000e+00 0.000000000000000000e+00 0.000000000000000000e+00 4.074979625101874292e-04 4.146341463414634360e-02 2.886002886002886000e-04 5.428881650380021958e-04 1.685905224787363418e-02 8.788204276926081873e-03 3.483106931382793617e-04 9.629272989889263142e-04 0.000000000000000000e+00 1.337094499294781413e-01 0.000000000000000000e+00 6.114130434782608960e-03 0.000000000000000000e+00 1.834862385321101019e-02 0.000000000000000000e+00 0.000000000000000000e+00 0.000000000000000000e+00 1.082641645615301310e-03 0.000000000000000000e+00 0.000000000000000000e+00 0.000000000000000000e+00 6.823642479577126697e-03 0.000000000000000000e+00 1.701542248932010754e-02 0.000000000000000000e+00 1.567398119122256992e-03 0.000000000000000000e+00 1.842374616171954960e-03 1.319783555496898417e-03 2.925843993459651959e-01 0.000000000000000000e+00 3.946538897995208878e-02 5.021971123666038855e-04 5.822613405551794324e-02 3.642987249544626591e-04 4.984537020192832124e-02 2.134471718249733216e-04 3.318903318903319161e-02 1.025545403691963424e-03 8.996539792387544046e-03 9.822440498677748391e-03 1.397760265450020689e-01 4.719207173194903408e-04 3.994051412789462185e-02 0.000000000000000000e+00 4.313389703521353091e-02 8.857395925597874500e-04 3.558129913115432030e-02 6.623393826996953546e-04 6.919789612097304587e-02 0.000000000000000000e+00 4.016064257028112081e-03 0.000000000000000000e+00 6.696428571428571057e-03 0.000000000000000000e+00 1.344086021505376451e-03 0.000000000000000000e+00 1.915322580645161324e-02 0.000000000000000000e+00 1.988071570576540551e-03 0.000000000000000000e+00 1.116480586568905156e-02 7.810466024472793216e-04 1.753360607831677383e-03 5.144032921810700026e-04 8.628127696289905483e-04 2.898550724637681195e-02 1.358695652173912971e-01 0.000000000000000000e+00 0.000000000000000000e+00 0.000000000000000000e+00 1.937984496124030981e-03 0.000000000000000000e+00 1.572327044025157317e-03 6.408202499198974470e-04 1.236476043276661576e-03 3.004506760140210429e-03 5.109862033725089949e-04 0.000000000000000000e+00 2.615518744551002719e-03 0.000000000000000000e+00 0.000000000000000000e+00 0.000000000000000000e+00 0.000000000000000000e+00 0.000000000000000000e+00 0.000000000000000000e+00 0.000000000000000000e+00 0.000000000000000000e+00
6.128537333787930502e-02 1.363791339924991415e-03 0.000000000000000000e+00 1.048218029350104878e-02 1.067553377668883502e-01 8.080808080808080801e-03 3.235232067510548370e-01 1.491534533727492673e-02 5.090311986863711030e-02 9.174311926605505096e-03 6.433998100664767295e-02 2.572347266881028997e-03 9.403849162885306867e-02 6.887714239948742809e-03 2.451708766716196100e-02 5.247048535198950946e-03 3.486210102262163324e-02 5.365766410302271437e-04 6.380742142331546907e-02 4.801786711334450272e-03 0.000000000000000000e+00 1.879699248120300648e-03 2.549698602026420624e-01 1.451247165532879892e-02 1.062215477996965030e-01 4.137115839243498717e-03 8.628127696289905483e-04 0.000000000000000000e+00 4.136104319478402930e-02 6.651884700665188464e-04 2.251082251082251254e-02 3.935939196525515410e-02 2.733900364520048740e-03 9.081144419490283851e-03 1.393242772553117447e-03 0.000000000000000000e+00 3.913630229419703260e-02 5.641748942172073030e-04 5.151983513652756566e-04 0.000000000000000000e+00 2.840909090909090988e-03 0.000000000000000000e+00 2.853067047075606255e-04 0.000000000000000000e+00 1.380834023750345224e-04 0.000000000000000000e+00 2.316423442205235066e-04 0.000000000000000000e+00 1.178087571176124164e-03 0.000000000000000000e+00 3.973957892956793761e-03 0.000000000000000000e+00 3.869969040247678250e-04 0.000000000000000000e+00 1.685487948761166417e-04 0.000000000000000000e+00 8.842549821829219156e-03 2.885447725305376491e-04 1.555708075955158920e-02 2.521750094565628560e-04 3.892027620841180275e-03 0.000000000000000000e+00 1.457194899817850636e-03 0.000000000000000000e+00 5.122732123799359286e-03 0.000000000000000000e+00 9.509602834234570992e-03 9.886307464162135317e-05 3.966754816773706248e-03 8.295313148071339166e-04 3.869749882019820481e-02 2.124495432334820404e-04 1.064239005000641169e-01 1.284384030825216688e-03 2.568644818423383366e-02 0.000000000000000000e+00 1.013379255530533901e-01 6.574621959237344181e-04 1.042752867570385846e-03 0.000000000000000000e+00 6.918500069185000998e-04 0.000000000000000000e+00 0.000000000000000000e+00 0.000000000000000000e+00 1.538959987040336951e-03 0.000000000000000000e+00 0.000000000000000000e+00 0.000000000000000000e+00 9.022013713460844608e-04 0.000000000000000000e+00 5.206977349648529534e-04 4.675628287551139399e-03 5.144032921810700026e-04 1.725625539257981097e-03 2.484472049689440826e-02 0.000000000000000000e+00 4.060089321965083191e-04 1.862197392923649894e-03 2.090592334494773517e-03 7.751937984496123923e-03 0.000000000000000000e+00 0.000000000000000000e+00 6.408202499198974470e-04 3.091190108191653723e-03 1.001502253380069998e-03 5.109862033725089949e-04 0.000000000000000000e+00 1.743679163034001812e-03 0.000000000000000000e+00 0.000000000000000000e+00 0.000000000000000000e+00 0.000000000000000000e+00 0.000000000000000000e+00 0.000000000000000000e+00 0.000000000000000000e+00 0.000000000000000000e+00
1.362683438155136255e-03 6.006289308176100683e-02 1.048218029350104878e-02 0.000000000000000000e+00 5.250262513125656012e-03 2.909090909090909088e-02 1.086497890295358600e-02 2.332706261757591937e-01 2.463054187192118254e-03 5.045871559633027803e-02 5.223171889838556549e-03 8.060021436227224334e-02 7.510561727429197407e-03 6.519301617811949778e-02 4.086181277860327123e-03 4.700480979449059987e-02 4.648280136349550650e-04 3.451976390627794350e-02 9.145380006307159484e-03 7.504187604690117086e-02 3.778337531486145994e-03 0.000000000000000000e+00 2.513787354110555428e-02 2.526077097505669000e-01 1.062215477996965134e-02 8.333333333333332871e-02 1.294219154443485660e-03 5.784805244890088745e-03 6.112469437652811709e-04 4.146341463414634360e-02 4.704184704184704441e-02 3.528773072747014294e-02 8.049817739975697814e-03 1.952934283761351489e-02 6.966213862765587234e-04 5.296100144439094999e-03 0.000000000000000000e+00 4.795486600846262520e-02 0.000000000000000000e+00 1.358695652173913006e-03 0.000000000000000000e+00 0.000000000000000000e+00 0.000000000000000000e+00 1.063038163070054187e-04 0.000000000000000000e+00 7.217610970768675036e-04 0.000000000000000000e+00 1.715560130382569792e-04 0.000000000000000000e+00 1.633829889476213441e-03 8.455229559482540407e-05 1.665339222358989133e-03 0.000000000000000000e+00 0.000000000000000000e+00 0.000000000000000000e+00 1.432958034800409317e-03 0.000000000000000000e+00 6.540348177358853814e-03 0.000000000000000000e+00 7.565250283696885354e-03 1.255492780916509714e-04 3.046716316858497000e-03 0.000000000000000000e+00 2.001091504456976606e-03 0.000000000000000000e+00 3.030303030303030300e-03 4.661570016781652320e-04 5.536332179930795669e-03 0.000000000000000000e+00 5.184570717544587440e-03 1.730375963504797790e-03 3.144253239855534371e-02 5.128862674701885165e-04 8.947875414749009715e-02 8.857395925597874500e-04 1.406702523789822058e-02 7.948072592396343387e-04 1.556541748849441242e-01 0.000000000000000000e+00 4.016064257028112081e-03 0.000000000000000000e+00 4.687499999999999827e-03 0.000000000000000000e+00 0.000000000000000000e+00 0.000000000000000000e+00 3.528225806451612805e-03 0.000000000000000000e+00 0.000000000000000000e+00 0.000000000000000000e+00 1.499750041659723412e-03 1.562093204894558643e-03 0.000000000000000000e+00 0.000000000000000000e+00 1.725625539257981097e-03 2.484472049689440826e-02 3.804347826086956763e-02 0.000000000000000000e+00 0.000000000000000000e+00 0.000000000000000000e+00 9.689922480620154904e-04 0.000000000000000000e+00 0.000000000000000000e+00 1.281640499839794894e-03 3.091190108191653940e-04 1.001502253380069998e-03 5.109862033725089949e-04 0.000000000000000000e+00 0.000000000000000000e+00 0.000000000000000000e+00 0.000000000000000000e+00 0.000000000000000000e+00 0.000000000000000000e+00 0.000000000000000000e+00 0.000000000000000000e+00 0.000000000000000000e+00 0.000000000000000000e+00
3.500175008750437450e-04 0.000000000000000000e+00 1.067553377668883502e-01 5.250262513125656012e-03 0.000000000000000000e+00 5.252525252525252521e-03 4.957805907172995602e-03 5.374899220639612523e-04 3.973727422003284215e-01 4.587155963302752548e-03 2.374169040835707621e-04 0.000000000000000000e+00 1.564700359881082865e-03 0.000000000000000000e+00 2.091381872213967374e-01 6.558810668998688682e-04 0.000000000000000000e+00 0.000000000000000000e+00 1.051193104173236623e-04 0.000000000000000000e+00 8.816120906801007753e-03 0.000000000000000000e+00 1.051686546107477235e-02 1.814058956916099865e-03 3.793626707132018161e-02 7.683215130023640475e-03 1.251078515962036342e-01 0.000000000000000000e+00 2.648736756316218480e-03 0.000000000000000000e+00 2.886002886002886000e-03 3.257328990228013175e-03 1.518833535844471311e-04 0.000000000000000000e+00 0.000000000000000000e+00 0.000000000000000000e+00 2.249212775528565086e-04 0.000000000000000000e+00 0.000000000000000000e+00 0.000000000000000000e+00 0.000000000000000000e+00 0.000000000000000000e+00 0.000000000000000000e+00 0.000000000000000000e+00 0.000000000000000000e+00 0.000000000000000000e+00 0.000000000000000000e+00 0.000000000000000000e+00 0.000000000000000000e+00 0.000000000000000000e+00 1.691045911896508081e-04 0.000000000000000000e+00 0.000000000000000000e+00 0.000000000000000000e+00 0.000000000000000000e+00 0.000000000000000000e+00 0.000000000000000000e+00 0.000000000000000000e+00 0.000000000000000000e+00 0.000000000000000000e+00 0.000000000000000000e+00 0.000000000000000000e+00 0.000000000000000000e+00 0.000000000000000000e+00 0.000000000000000000e+00 0.000000000000000000e+00 1.864628006712660819e-04 0.000000000000000000e+00 0.000000000000000000e+00 0.000000000000000000e+00 1.368570080226521983e-02 0.000000000000000000e+00 3.782536222592640385e-02 0.000000000000000000e+00 1.771479185119574900e-03 0.000000000000000000e+00 3.179229036958537355e-03 0.000000000000000000e+00 0.000000000000000000e+00 0.000000000000000000e+00 0.000000000000000000e+00 0.000000000000000000e+00 0.000000000000000000e+00 0.000000000000000000e+00 6.479831524380365651e-04 0.000000000000000000e+00 0.000000000000000000e+00 0.000000000000000000e+00 5.413208228076506548e-04 0.000000000000000000e+00 0.000000000000000000e+00 0.000000000000000000e+00 0.000000000000000000e+00 0.000000000000000000e+00 2.070393374741200977e-03 0.000000000000000000e+00 0.000000000000000000e+00 9.310986964618249472e-04 0.000000000000000000e+00 0.000000000000000000e+00 0.000000000000000000e+00 0.000000000000000000e+00 0.000000000000000000e+00 0.000000000000000000e+00 0.000000000000000000e+00 0.000000000000000000e+00 0.000000000000000000e+00 0.000000000000000000e+00 0.000000000000000000e+00 0.000000000000000000e+00 0.000000000000000000e+00 0.000000000000000000e+00 0.000000000000000000e+00 0.000000000000000000e+00 0.000000000000000000e+00 0.000000000000000000e+00
0.000000000000000000e+00 4.040404040404040401e-04 8.080808080808080801e-03 2.909090909090909088e-02 5.252525252525252521e-03 0.000000000000000000e+00 3.164556962025316515e-04 3.762429454447729308e-03 8.210180623973727153e-04 3.879423328964613504e-01 0.000000000000000000e+00 2.143622722400857316e-04 0.000000000000000000e+00 3.203588018580810445e-04 1.114413075780089097e-03 1.233056405771753433e-01 0.000000000000000000e+00 3.577177606868180777e-04 0.000000000000000000e+00 2.233389168062534821e-04 1.889168765743072997e-03 5.639097744360901943e-03 3.078106964217006743e-03 3.401360544217686948e-03 1.062215477996965134e-02 1.530732860520094551e-01 1.294219154443485660e-03 1.577323563440030940e-01 0.000000000000000000e+00 1.086474501108647406e-02 9.235209235209235201e-03 4.071661237785016360e-03 0.000000000000000000e+00 4.882335709403378397e-04 0.000000000000000000e+00 4.814636494944631571e-04 0.000000000000000000e+00 0.000000000000000000e+00 0.000000000000000000e+00 0.000000000000000000e+00 0.000000000000000000e+00 0.000000000000000000e+00 0.000000000000000000e+00 1.063038163070054187e-04 0.000000000000000000e+00 0.000000000000000000e+00 0.000000000000000000e+00 0.000000000000000000e+00 0.000000000000000000e+00 9.610764055742431605e-05 0.000000000000000000e+00 1.448121062920860222e-04 0.000000000000000000e+00 0.000000000000000000e+00 0.000000000000000000e+00 0.000000000000000000e+00 0.000000000000000000e+00 0.000000000000000000e+00 0.000000000000000000e+00 0.000000000000000000e+00 0.000000000000000000e+00 0.000000000000000000e+00 0.000000000000000000e+00 0.000000000000000000e+00 0.000000000000000000e+00 0.000000000000000000e+00 0.000000000000000000e+00 0.000000000000000000e+00 0.000000000000000000e+00 0.000000000000000000e+00 3.146138115463268867e-03 2.039515615041427588e-02 0.000000000000000000e+00 1.894466445467194587e-02 0.000000000000000000e+00 8.274720728175423553e-04 0.000000000000000000e+00 4.437869822485207214e-03 0.000000000000000000e+00 0.000000000000000000e+00 0.000000000000000000e+00 4.464285714285714146e-04 0.000000000000000000e+00 1.344086021505376451e-03 0.000000000000000000e+00 6.048387096774193814e-04 0.000000000000000000e+00 0.000000000000000000e+00 0.000000000000000000e+00 1.666388935177470548e-04 0.000000000000000000e+00 0.000000000000000000e+00 0.000000000000000000e+00 0.000000000000000000e+00 0.000000000000000000e+00 1.086956521739130405e-02 0.000000000000000000e+00 0.000000000000000000e+00 0.000000000000000000e+00 0.000000000000000000e+00 0.000000000000000000e+00 0.000000000000000000e+00 0.000000000000000000e+00 0.000000000000000000e+00 0.000000000000000000e+00 0.000000000000000000e+00 0.000000000000000000e+00 0.000000000000000000e+00 0.000000000000000000e+00 0.000000000000000000e+00 0.000000000000000000e+00 0.000000000000000000e+00 0.000000000000000000e+00 0.000000000000000000e+00 0.000000000000000000e+00 0.000000000000000000e+00
1.034810126582278444e-01 4.324894514767932407e-03 3.235232067510548370e-01 1.086497890295358600e-02 4.957805907172995602e-03 3.164556962025316515e-04 0.000000000000000000e+00 2.969631819403386122e-02 1.219211822660098560e-01 6.553079947575360473e-04 9.662867996201329746e-02 7.717041800643086556e-03 2.525426380848067587e-01 8.169149447381066770e-03 7.429420505200593980e-03 4.372540445999125607e-04 1.967771924387976337e-02 1.073153282060454287e-03 9.355618627141806809e-03 1.619207146845337911e-02 0.000000000000000000e+00 0.000000000000000000e+00 2.411183788636655015e-02 7.936507936507936067e-03 2.276176024279211001e-03 5.910165484633569596e-04 0.000000000000000000e+00 0.000000000000000000e+00 2.017114914425427799e-02 1.330376940133037693e-03 8.369408369408370268e-03 1.085776330076004305e-02 9.113001215066828409e-04 1.113172541743970290e-02 3.483106931382793617e-04 0.000000000000000000e+00 8.996851102114259910e-03 5.641748942172073030e-04 5.151983513652756566e-04 0.000000000000000000e+00 0.000000000000000000e+00 0.000000000000000000e+00 0.000000000000000000e+00 0.000000000000000000e+00 2.761668047500690447e-04 1.202935161794779263e-04 0.000000000000000000e+00 0.000000000000000000e+00 1.079913606911447150e-03 0.000000000000000000e+00 1.099179842732730256e-02 0.000000000000000000e+00 0.000000000000000000e+00 0.000000000000000000e+00 6.741951795044665669e-04 0.000000000000000000e+00 5.147155866437904542e-03 1.923631816870250994e-04 9.380004575611987708e-03 1.260875047282814280e-04 1.544256120527306986e-02 0.000000000000000000e+00 2.185792349726775954e-03 0.000000000000000000e+00 2.433297758804695704e-02 1.443001443001443000e-04 1.305239604698862519e-03 2.965892239248640459e-04 5.666792595391008771e-04 2.073828287017834792e-04 6.323737612081170578e-02 0.000000000000000000e+00 3.333760738556225400e-02 9.632880231189125701e-04 4.428697962798937467e-03 0.000000000000000000e+00 3.139488673996555790e-02 1.643655489809336045e-03 0.000000000000000000e+00 0.000000000000000000e+00 2.490660024906600229e-03 2.232142857142857073e-04 0.000000000000000000e+00 0.000000000000000000e+00 1.028673254495383188e-02 0.000000000000000000e+00 0.000000000000000000e+00 0.000000000000000000e+00 5.232767953807289374e-03 0.000000000000000000e+00 2.603488674824264767e-04 1.168907071887784850e-03 0.000000000000000000e+00 8.628127696289905483e-04 1.242236024844720413e-02 0.000000000000000000e+00 0.000000000000000000e+00 0.000000000000000000e+00 0.000000000000000000e+00 9.689922480620154904e-04 0.000000000000000000e+00 0.000000000000000000e+00 0.000000000000000000e+00 0.000000000000000000e+00 2.003004506760139997e-03 0.000000000000000000e+00 0.000000000000000000e+00 0.000000000000000000e+00 0.000000000000000000e+00 0.000000000000000000e+00 1.123595505617977627e-03 0.000000000000000000e+00 0.000000000000000000e+00 0.000000000000000000e+00 0.000000000000000000e+00 0.000000000000000000e+00
1.074979844127922505e-03 9.406073636119323400e-02 1.491534533727492673e-02 2.332706261757591937e-01 5.374899220639612523e-04 3.762429454447729308e-03 2.969631819403386122e-02 0.000000000000000000e+00 8.210180623973727153e-04 8.322411533420707996e-02 7.834757834757835257e-03 1.303322615219721370e-01 9.231732123298388298e-03 2.183245234662822276e-01 1.114413075780089097e-03 2.448622649759510383e-02 1.084598698481561855e-03 1.770702915399749444e-02 1.271943656049616400e-02 1.072026800670016801e-02 0.000000000000000000e+00 0.000000000000000000e+00 3.155059638322431359e-02 1.791383219954648456e-02 7.587253414264036669e-04 0.000000000000000000e+00 4.314063848144952741e-04 0.000000000000000000e+00 1.222493887530562342e-03 2.239467849223946913e-02 2.655122655122655120e-02 9.229098805646037545e-03 1.366950182260024370e-02 5.956449565472122197e-03 0.000000000000000000e+00 4.814636494944631571e-04 2.249212775528565086e-04 1.607898448519040971e-02 0.000000000000000000e+00 0.000000000000000000e+00 0.000000000000000000e+00 9.174311926605505096e-03 0.000000000000000000e+00 4.252152652280216747e-04 0.000000000000000000e+00 8.420546132563455112e-04 0.000000000000000000e+00 0.000000000000000000e+00 0.000000000000000000e+00 2.691013935607881012e-03 0.000000000000000000e+00 5.140829773369053231e-03 0.000000000000000000e+00 3.134796238244514309e-04 0.000000000000000000e+00 8.188331627430910694e-04 0.000000000000000000e+00 4.809079542175627268e-03 0.000000000000000000e+00 4.917412684402975610e-03 0.000000000000000000e+00 1.218686526743398800e-02 0.000000000000000000e+00 4.002183008913953212e-03 0.000000000000000000e+00 1.082251082251082207e-02 3.729256013425321639e-04 1.384083044982698917e-03 0.000000000000000000e+00 8.295313148071339166e-04 7.865345288658172167e-04 2.953048650945400491e-02 1.538658802410565549e-03 3.136037675264904262e-02 0.000000000000000000e+00 7.860984691766652321e-03 1.457146641939329693e-03 4.273504273504273587e-02 0.000000000000000000e+00 0.000000000000000000e+00 0.000000000000000000e+00 4.241071428571428249e-03 0.000000000000000000e+00 0.000000000000000000e+00 0.000000000000000000e+00 7.963709677419354357e-03 0.000000000000000000e+00 0.000000000000000000e+00 0.000000000000000000e+00 4.499250124979170019e-03 2.603488674824264767e-04 5.844535359438924249e-04 0.000000000000000000e+00 0.000000000000000000e+00 6.211180124223602064e-03 0.000000000000000000e+00 4.060089321965083191e-04 0.000000000000000000e+00 0.000000000000000000e+00 9.689922480620154904e-04 0.000000000000000000e+00 0.000000000000000000e+00 3.204101249599487235e-04 0.000000000000000000e+00 0.000000000000000000e+00 0.000000000000000000e+00 0.000000000000000000e+00 0.000000000000000000e+00 0.000000000000000000e+00 0.000000000000000000e+00 0.000000000000000000e+00 0.000000000000000000e+00 0.000000000000000000e+00 0.000000000000000000e+00 0.000000000000000000e+00 0.000000000000000000e+00
0.000000000000000000e+00 0.000000000000000000e+00 5.090311986863711030e-02 2.463054187192118254e-03 3.973727422003284215e-01 8.210180623973727153e-04 1.219211822660098560e-01 8.210180623973727153e-04 0.000000000000000000e+00 6.553079947575360473e-04 9.496676163342830483e-04 0.000000000000000000e+00 4.975747144421843043e-02 1.601794009290405222e-04 1.396731054977711772e-01 1.093135111499781266e-03 0.000000000000000000e+00 0.000000000000000000e+00 1.051193104173236623e-04 0.000000000000000000e+00 0.000000000000000000e+00 0.000000000000000000e+00 2.052071309478004351e-03 4.535147392290249662e-04 1.517450682852807334e-03 5.910165484633569596e-04 5.565142364106989009e-02 0.000000000000000000e+00 1.018744906275468546e-03 0.000000000000000000e+00 2.886002886002886000e-04 2.714440825190010762e-03 0.000000000000000000e+00 9.764671418806756523e-05 0.000000000000000000e+00 0.000000000000000000e+00 0.000000000000000000e+00 0.000000000000000000e+00 0.000000000000000000e+00 0.000000000000000000e+00 0.000000000000000000e+00 0.000000000000000000e+00 1.426533523537803127e-04 0.000000000000000000e+00 0.000000000000000000e+00 0.000000000000000000e+00 0.000000000000000000e+00 0.000000000000000000e+00 0.000000000000000000e+00 0.000000000000000000e+00 0.000000000000000000e+00 0.000000000000000000e+00 0.000000000000000000e+00 0.000000000000000000e+00 0.000000000000000000e+00 0.000000000000000000e+00 0.000000000000000000e+00 0.000000000000000000e+00 1.143902997025852259e-04 0.000000000000000000e+00 1.255492780916509714e-04 0.000000000000000000e+00 1.821493624772313295e-04 0.000000000000000000e+00 2.134471718249733216e-04 0.000000000000000000e+00 0.000000000000000000e+00 0.000000000000000000e+00 0.000000000000000000e+00 0.000000000000000000e+00 7.393424571338682097e-03 0.000000000000000000e+00 1.192460571868188268e-02 0.000000000000000000e+00 8.857395925597874500e-04 0.000000000000000000e+00 1.987018148099086064e-03 0.000000000000000000e+00 0.000000000000000000e+00 0.000000000000000000e+00 0.000000000000000000e+00 0.000000000000000000e+00 0.000000000000000000e+00 0.000000000000000000e+00 8.099789405475457064e-05 0.000000000000000000e+00 0.000000000000000000e+00 0.000000000000000000e+00 0.000000000000000000e+00 0.000000000000000000e+00 0.000000000000000000e+00 5.844535359438924249e-04 0.000000000000000000e+00 0.000000000000000000e+00 2.070393374741200977e-03 0.000000000000000000e+00 0.000000000000000000e+00 0.000000000000000000e+00 0.000000000000000000e+00 0.000000000000000000e+00 0.000000000000000000e+00 0.000000000000000000e+00 0.000000000000000000e+00 0.000000000000000000e+00 0.000000000000000000e+00 0.000000000000000000e+00 0.000000000000000000e+00 0.000000000000000000e+00 0.000000000000000000e+00 0.000000000000000000e+00 0.000000000000000000e+00 0.000000000000000000e+00 0.000000000000000000e+00 0.000000000000000000e+00 0.000000000000000000e+00 0.000000000000000000e+00
0.000000000000000000e+00 6.553079947575360473e-04 9.174311926605505096e-03 5.045871559633027803e-02 4.587155963302752548e-03 3.879423328964613504e-01 6.553079947575360473e-04 8.322411533420707996e-02 6.553079947575360473e-04 0.000000000000000000e+00 0.000000000000000000e+00 6.430868167202572492e-04 0.000000000000000000e+00 2.723049815793689068e-03 7.429420505200593980e-04 8.482728465238303928e-02 0.000000000000000000e+00 1.788588803434090389e-04 0.000000000000000000e+00 0.000000000000000000e+00 6.297229219143576657e-04 0.000000000000000000e+00 2.693343593689880629e-03 9.070294784580499323e-04 7.587253414264036669e-03 6.501182033096926556e-03 1.294219154443485660e-03 1.542614731970690318e-03 0.000000000000000000e+00 3.325942350332594232e-03 6.060606060606060601e-03 5.428881650380021958e-04 0.000000000000000000e+00 2.929401425642027363e-04 0.000000000000000000e+00 0.000000000000000000e+00 0.000000000000000000e+00 0.000000000000000000e+00 0.000000000000000000e+00 0.000000000000000000e+00 0.000000000000000000e+00 0.000000000000000000e+00 0.000000000000000000e+00 0.000000000000000000e+00 0.000000000000000000e+00 0.000000000000000000e+00 0.000000000000000000e+00 0.000000000000000000e+00 0.000000000000000000e+00 0.000000000000000000e+00 0.000000000000000000e+00 1.448121062920860222e-04 0.000000000000000000e+00 0.000000000000000000e+00 0.000000000000000000e+00 0.000000000000000000e+00 0.000000000000000000e+00 9.618159084351254971e-05 0.000000000000000000e+00 0.000000000000000000e+00 0.000000000000000000e+00 0.000000000000000000e+00 0.000000000000000000e+00 0.000000000000000000e+00 0.000000000000000000e+00 0.000000000000000000e+00 0.000000000000000000e+00 9.886307464162135317e-05 0.000000000000000000e+00 0.000000000000000000e+00 1.101148340412144147e-03 5.736137667304015524e-03 1.282215668675471291e-04 1.348603232366477576e-02 0.000000000000000000e+00 4.137360364087711777e-04 0.000000000000000000e+00 5.095332018408941198e-03 0.000000000000000000e+00 0.000000000000000000e+00 0.000000000000000000e+00 4.464285714285714146e-04 0.000000000000000000e+00 0.000000000000000000e+00 0.000000000000000000e+00 1.008064516129032257e-04 0.000000000000000000e+00 0.000000000000000000e+00 0.000000000000000000e+00 0.000000000000000000e+00 0.000000000000000000e+00 0.000000000000000000e+00 0.000000000000000000e+00 0.000000000000000000e+00 0.000000000000000000e+00 0.000000000000000000e+00 0.000000000000000000e+00 0.000000000000000000e+00 0.000000000000000000e+00 0.000000000000000000e+00 0.000000000000000000e+00 0.000000000000000000e+00 0.000000000000000000e+00 0.000000000000000000e+00 0.000000000000000000e+00 0.000000000000000000e+00 0.000000000000000000e+00 0.000000000000000000e+00 0.000000000000000000e+00 0.000000000000000000e+00 0.000000000000000000e+00 0.000000000000000000e+00 0.000000000000000000e+00 0.000000000000000000e+00 0.000000000000000000e+00 0.000000000000000000e+00
1.574074074074074125e-01 7.122507122507122862e-04 6.433998100664767295e-02 5.223171889838556549e-03 2.374169040835707621e-04 0.000000000000000000e+00 9.662867996201329746e-02 7.834757834757835257e-03 9.496676163342830483e-04 0.000000000000000000e+00 0.000000000000000000e+00 2.143622722400857425e-03 1.444218432170239486e-01 6.407176037161620890e-04 5.572065378900445919e-03 0.000000000000000000e+00 3.036876355748372933e-02 0.000000000000000000e+00 2.144433932513402710e-02 1.786711334450027857e-03 0.000000000000000000e+00 0.000000000000000000e+00 3.334615877901757341e-02 1.360544217687074736e-03 0.000000000000000000e+00 0.000000000000000000e+00 0.000000000000000000e+00 0.000000000000000000e+00 1.813365933170334177e-02 0.000000000000000000e+00 3.463203463203463200e-03 1.085776330076004392e-03 3.797083839611178468e-03 1.659994141197148731e-03 0.000000000000000000e+00 0.000000000000000000e+00 2.024291497975708523e-03 0.000000000000000000e+00 0.000000000000000000e+00 0.000000000000000000e+00 2.840909090909090988e-03 0.000000000000000000e+00 0.000000000000000000e+00 0.000000000000000000e+00 0.000000000000000000e+00 0.000000000000000000e+00 0.000000000000000000e+00 0.000000000000000000e+00 6.872177498527390956e-04 9.610764055742431605e-05 3.212987232603365002e-03 0.000000000000000000e+00 0.000000000000000000e+00 0.000000000000000000e+00 1.685487948761166417e-04 0.000000000000000000e+00 3.695393955391315915e-03 9.618159084351254971e-05 3.317318691374971252e-03 1.260875047282814280e-04 2.787193973634651684e-02 3.385240352064996486e-04 6.375227686703096967e-03 0.000000000000000000e+00 3.052294557097118624e-02 0.000000000000000000e+00 3.729256013425321639e-04 1.977261492832427063e-04 1.511144692104268933e-03 0.000000000000000000e+00 2.406795658329400830e-02 0.000000000000000000e+00 9.231952814463392429e-03 4.281280102750722474e-04 2.657218777679362133e-03 0.000000000000000000e+00 9.007815604715856128e-03 1.643655489809336045e-04 0.000000000000000000e+00 0.000000000000000000e+00 5.396430053964300713e-03 0.000000000000000000e+00 0.000000000000000000e+00 0.000000000000000000e+00 1.150170095577515011e-02 1.008064516129032257e-04 0.000000000000000000e+00 0.000000000000000000e+00 1.984843016961385879e-03 0.000000000000000000e+00 0.000000000000000000e+00 0.000000000000000000e+00 0.000000000000000000e+00 0.000000000000000000e+00 0.000000000000000000e+00 0.000000000000000000e+00 0.000000000000000000e+00 0.000000000000000000e+00 0.000000000000000000e+00 9.689922480620154904e-04 0.000000000000000000e+00 0.000000000000000000e+00 0.000000000000000000e+00 0.000000000000000000e+00 0.000000000000000000e+00 0.000000000000000000e+00 0.000000000000000000e+00 0.000000000000000000e+00 0.000000000000000000e+00 0.000000000000000000e+00 1.123595505617977627e-03 0.000000000000000000e+00 0.000000000000000000e+00 0.000000000000000000e+00 0.000000000000000000e+00 0.000000000000000000e+00
2.143622722400857316e-04 8.252947481243301520e-02 2.572347266881028997e-03 8.060021436227224334e-02 0.000000000000000000e+00 2.143622722400857316e-04 7.717041800643086556e-03 1.303322615219721370e-01 0.000000000000000000e+00 6.430868167202572492e-04 2.143622722400857425e-03 0.000000000000000000e+00 2.659990611797840784e-03 2.128784238346948521e-01 0.000000000000000000e+00 1.945780498469610806e-02 0.000000000000000000e+00 4.632445000894294673e-02 1.576789656259854934e-03 2.691233947515354538e-02 0.000000000000000000e+00 0.000000000000000000e+00 1.923816852635629052e-03 1.292517006802721032e-02 0.000000000000000000e+00 0.000000000000000000e+00 0.000000000000000000e+00 0.000000000000000000e+00 0.000000000000000000e+00 7.694013303769400847e-02 1.731601731601731600e-03 2.171552660152008783e-03 1.366950182260024370e-03 1.435406698564593332e-02 0.000000000000000000e+00 0.000000000000000000e+00 0.000000000000000000e+00 2.256699576868829212e-03 0.000000000000000000e+00 0.000000000000000000e+00 0.000000000000000000e+00 0.000000000000000000e+00 0.000000000000000000e+00 0.000000000000000000e+00 0.000000000000000000e+00 1.202935161794779263e-04 0.000000000000000000e+00 0.000000000000000000e+00 0.000000000000000000e+00 6.727534839019702530e-04 0.000000000000000000e+00 2.172181594381290305e-03 0.000000000000000000e+00 0.000000000000000000e+00 0.000000000000000000e+00 8.188331627430910694e-04 0.000000000000000000e+00 2.500721361931326509e-03 0.000000000000000000e+00 1.639137561467658537e-03 0.000000000000000000e+00 1.150981719702098838e-02 0.000000000000000000e+00 1.164271420774968223e-02 0.000000000000000000e+00 6.926406926406926401e-03 9.323140033563304097e-05 1.285219970341077659e-03 0.000000000000000000e+00 6.221484861053505188e-04 0.000000000000000000e+00 2.273210112598257962e-02 1.282215668675471291e-04 7.385208177244996335e-03 0.000000000000000000e+00 0.000000000000000000e+00 2.649357530798781310e-04 2.958579881656804664e-03 0.000000000000000000e+00 4.016064257028112081e-03 0.000000000000000000e+00 1.830357142857142946e-02 0.000000000000000000e+00 1.344086021505376451e-03 0.000000000000000000e+00 1.270161290322580593e-02 0.000000000000000000e+00 1.988071570576540551e-03 0.000000000000000000e+00 5.499083486085652728e-03 0.000000000000000000e+00 0.000000000000000000e+00 0.000000000000000000e+00 0.000000000000000000e+00 2.070393374741200977e-03 0.000000000000000000e+00 0.000000000000000000e+00 0.000000000000000000e+00 0.000000000000000000e+00 0.000000000000000000e+00 0.000000000000000000e+00 0.000000000000000000e+00 0.000000000000000000e+00 0.000000000000000000e+00 0.000000000000000000e+00 0.000000000000000000e+00 0.000000000000000000e+00 0.000000000000000000e+00 0.000000000000000000e+00 0.000000000000000000e+00 0.000000000000000000e+00 0.000000000000000000e+00 0.000000000000000000e+00 0.000000000000000000e+00 0.000000000000000000e+00 0.000000000000000000e+00
2.127992489438272627e-02 1.564700359881082703e-04 9.403849162885306867e-02 7.510561727429197407e-03 1.564700359881082865e-03 0.000000000000000000e+00 2.525426380848067587e-01 9.231732123298388298e-03 4.975747144421843043e-02 0.000000000000000000e+00 1.444218432170239486e-01 2.659990611797840784e-03 0.000000000000000000e+00 3.203588018580810336e-03 2.213967310549777023e-01 0.000000000000000000e+00 3.253796095444685347e-03 0.000000000000000000e+00 1.145800483548828005e-02 2.791736460078168662e-03 0.000000000000000000e+00 0.000000000000000000e+00 4.604335000641272130e-02 4.308390022675736772e-03 0.000000000000000000e+00 0.000000000000000000e+00 0.000000000000000000e+00 0.000000000000000000e+00 7.559087204563977314e-02 4.434589800443458976e-04 8.080808080808080801e-03 6.243213897937025143e-03 2.126366950182259890e-03 3.027048139830094617e-03 0.000000000000000000e+00 0.000000000000000000e+00 4.273504273504273934e-03 0.000000000000000000e+00 0.000000000000000000e+00 0.000000000000000000e+00 0.000000000000000000e+00 0.000000000000000000e+00 0.000000000000000000e+00 0.000000000000000000e+00 1.380834023750345224e-04 0.000000000000000000e+00 0.000000000000000000e+00 0.000000000000000000e+00 1.963479285293540273e-04 0.000000000000000000e+00 2.198359685465460425e-03 0.000000000000000000e+00 0.000000000000000000e+00 0.000000000000000000e+00 0.000000000000000000e+00 0.000000000000000000e+00 9.238484888478289787e-04 0.000000000000000000e+00 1.830244795241363614e-03 0.000000000000000000e+00 1.180163214061519077e-02 0.000000000000000000e+00 4.371584699453551909e-03 0.000000000000000000e+00 1.622198505869797136e-02 0.000000000000000000e+00 4.661570016781652320e-04 9.886307464162135317e-05 0.000000000000000000e+00 0.000000000000000000e+00 2.815793613339625731e-02 4.248990864669640807e-04 3.615848185664828629e-02 1.070320025687680537e-03 8.857395925597874933e-03 0.000000000000000000e+00 2.238707113524970177e-02 1.643655489809336045e-04 1.042752867570385846e-03 0.000000000000000000e+00 4.704580047045800288e-03 0.000000000000000000e+00 0.000000000000000000e+00 0.000000000000000000e+00 5.507856795723311237e-03 0.000000000000000000e+00 0.000000000000000000e+00 0.000000000000000000e+00 2.526163839769036534e-03 0.000000000000000000e+00 0.000000000000000000e+00 1.753360607831677383e-03 0.000000000000000000e+00 0.000000000000000000e+00 2.070393374741200977e-03 0.000000000000000000e+00 0.000000000000000000e+00 0.000000000000000000e+00 0.000000000000000000e+00 9.689922480620154904e-04 0.000000000000000000e+00 0.000000000000000000e+00 0.000000000000000000e+00 0.000000000000000000e+00 0.000000000000000000e+00 0.000000000000000000e+00 0.000000000000000000e+00 0.000000000000000000e+00 0.000000000000000000e+00 0.000000000000000000e+00 0.000000000000000000e+00 0.000000000000000000e+00 0.000000000000000000e+00 0.000000000000000000e+00 0.000000000000000000e+00 0.000000000000000000e+00
