2.727542312979346906e-01 4.673618232056578892e-01 3.437089849580780565e-01 4.631708087026327192e-01 3.105360053073644155e-01 0.000000000000000000e+00 3.102274088522836704e-01 4.161151026375264350e-01 0.000000000000000000e+00 0.000000000000000000e+00 2.990697702751923814e-01 4.323072413793104807e-01 3.531409955552079483e-01 0.000000000000000000e+00 2.854990909090909246e-01 0.000000000000000000e+00 3.122770144132936410e-01 4.717566874999999937e-01 4.073133861580253146e-01 4.645732582457126059e-01 0.000000000000000000e+00 0.000000000000000000e+00 4.275658693278943101e-01 0.000000000000000000e+00 3.187289565217391041e-01 0.000000000000000000e+00 0.000000000000000000e+00 0.000000000000000000e+00 4.030213064651386734e-01 0.000000000000000000e+00 3.230365268706598125e-01 0.000000000000000000e+00 4.054028367992182358e-01 4.490671708726093336e-01 4.469647549045082657e-01 0.000000000000000000e+00 5.156872151449585218e-01 0.000000000000000000e+00 0.000000000000000000e+00 0.000000000000000000e+00 0.000000000000000000e+00 0.000000000000000000e+00 0.000000000000000000e+00 0.000000000000000000e+00 3.999420742578234655e-01 0.000000000000000000e+00 0.000000000000000000e+00 0.000000000000000000e+00 4.319793228187699952e-01 0.000000000000000000e+00 3.855142737007071774e-01 4.674595267857143410e-01 0.000000000000000000e+00 0.000000000000000000e+00 4.119291847826087039e-01 0.000000000000000000e+00 3.067507409315725631e-01 4.662289569963444791e-01 4.117955250055184702e-01 4.641239754515481541e-01 3.873736967396034236e-01 0.000000000000000000e+00 3.882653764075834624e-01 0.000000000000000000e+00 3.924373304452096201e-01 0.000000000000000000e+00 4.052456512868557459e-01 5.147535184490384941e-01 3.655425028802671839e-01 5.029011500366229459e-01 3.402152141690344411e-01 4.115106431970649847e-01 3.989831814200075488e-01 4.349935209442330475e-01 3.722609941042495096e-01 0.000000000000000000e+00 4.168633223548380284e-01 4.036094646464646885e-01 4.027996701149425540e-01 0.000000000000000000e+00 4.093751487174540071e-01 0.000000000000000000e+00 0.000000000000000000e+00 0.000000000000000000e+00 4.113172409907490668e-01 0.000000000000000000e+00 4.092145677966101402e-01 0.000000000000000000e+00 4.209377075247588418e-01 0.000000000000000000e+00 4.586847971911381938e-01 0.000000000000000000e+00 0.000000000000000000e+00 0.000000000000000000e+00 4.690076005980041152e-01 4.351226304347825535e-01 0.000000000000000000e+00 0.000000000000000000e+00 4.936724497202106265e-01 0.000000000000000000e+00 0.000000000000000000e+00 0.000000000000000000e+00 5.062407748831668775e-01 0.000000000000000000e+00 4.777082938144330271e-01 0.000000000000000000e+00 4.510757499999999975e-01 0.000000000000000000e+00 0.000000000000000000e+00 0.000000000000000000e+00 0.000000000000000000e+00 0.000000000000000000e+00 0.000000000000000000e+00 0.000000000000000000e+00 0.000000000000000000e+00 0.000000000000000000e+00
4.673618232056578892e-01 3.006413120396292382e-01 4.739072487859927185e-01 3.444414365161211355e-01 0.000000000000000000e+00 3.008368571428571281e-01 0.000000000000000000e+00 3.279147113390116219e-01 0.000000000000000000e+00 3.284673297872340303e-01 0.000000000000000000e+00 3.534797573170983531e-01 0.000000000000000000e+00 3.495474147916062257e-01 0.000000000000000000e+00 3.769959222649397201e-01 4.607947642150580503e-01 3.387634787537515679e-01 4.908842050140399538e-01 3.744033976930130070e-01 0.000000000000000000e+00 0.000000000000000000e+00 0.000000000000000000e+00 4.298756370967741214e-01 0.000000000000000000e+00 3.568639775280898485e-01 0.000000000000000000e+00 0.000000000000000000e+00 4.512647536231884637e-01 4.103322456322064937e-01 0.000000000000000000e+00 3.466834069767441573e-01 4.731262810168085919e-01 4.601126247944426484e-01 0.000000000000000000e+00 0.000000000000000000e+00 5.253808131758100908e-01 5.161324260367500250e-01 0.000000000000000000e+00 4.623094971597481728e-01 0.000000000000000000e+00 4.623909101109982545e-01 0.000000000000000000e+00 0.000000000000000000e+00 0.000000000000000000e+00 4.318808110725113059e-01 0.000000000000000000e+00 0.000000000000000000e+00 0.000000000000000000e+00 4.319344681172880840e-01 0.000000000000000000e+00 3.962751651713041778e-01 0.000000000000000000e+00 0.000000000000000000e+00 0.000000000000000000e+00 3.869953933142092350e-01 4.834379153833701648e-01 2.983795939692321375e-01 5.480457777777777428e-01 4.423145294224093416e-01 4.836244571428571781e-01 3.927357235436109706e-01 4.725335631067961173e-01 3.724610871544208335e-01 0.000000000000000000e+00 3.912775890454279204e-01 4.639724592537833869e-01 4.221245534607001026e-01 4.921196506523596303e-01 3.703259426174613789e-01 4.480622427474499347e-01 3.769054365672758200e-01 4.654156819053478777e-01 4.027938987354881539e-01 4.600267714285714571e-01 4.177575082230741144e-01 4.294634297652034083e-01 4.279900879309737616e-01 0.000000000000000000e+00 0.000000000000000000e+00 5.072742432432433279e-01 4.090046884319388232e-01 0.000000000000000000e+00 0.000000000000000000e+00 0.000000000000000000e+00 4.037030935604346005e-01 0.000000000000000000e+00 0.000000000000000000e+00 0.000000000000000000e+00 4.313795622411767949e-01 0.000000000000000000e+00 4.734378846282246700e-01 0.000000000000000000e+00 5.005719203539823470e-01 4.319103631332481541e-01 4.466659988080624588e-01 0.000000000000000000e+00 4.928325350877192923e-01 0.000000000000000000e+00 4.901363476990449608e-01 0.000000000000000000e+00 0.000000000000000000e+00 0.000000000000000000e+00 4.656216924445961136e-01 0.000000000000000000e+00 0.000000000000000000e+00 0.000000000000000000e+00 0.000000000000000000e+00 0.000000000000000000e+00 0.000000000000000000e+00 4.578822551020408360e-01 0.000000000000000000e+00 0.000000000000000000e+00 0.000000000000000000e+00 0.000000000000000000e+00 4.330713571662279104e-01
3.437089849580780565e-01 4.739072487859927185e-01 2.401070695785099962e-01 4.054596797911539374e-01 2.651972974787278337e-01 3.862792020283224992e-01 2.765747114212047109e-01 4.147022072397283932e-01 1.908711568300587302e-01 3.581876723230490445e-01 3.935213936875481266e-01 4.078035504587155802e-01 3.364706343186034121e-01 0.000000000000000000e+00 3.286318636097060875e-01 3.986746485333704793e-01 4.026176500900267019e-01 4.732323349844065330e-01 2.960712050943315465e-01 4.649224902051013464e-01 3.038949750000000116e-01 0.000000000000000000e+00 2.620865469153622063e-01 4.100964579930121978e-01 2.447094643091500266e-01 3.770408895148669726e-01 2.986868552779135544e-01 3.946388309859155119e-01 3.652558116609403438e-01 4.383268533386327492e-01 3.458640428354388674e-01 3.969886886380844526e-01 3.753263223687112737e-01 4.458494294259548463e-01 4.217237778156349148e-01 0.000000000000000000e+00 4.296956137231163209e-01 0.000000000000000000e+00 0.000000000000000000e+00 0.000000000000000000e+00 0.000000000000000000e+00 0.000000000000000000e+00 0.000000000000000000e+00 0.000000000000000000e+00 4.405800181205193899e-01 0.000000000000000000e+00 0.000000000000000000e+00 0.000000000000000000e+00 4.457266384933678549e-01 0.000000000000000000e+00 4.303655782774398197e-01 0.000000000000000000e+00 4.133771964157706424e-01 0.000000000000000000e+00 4.116743457943926598e-01 0.000000000000000000e+00 4.130735238062396286e-01 4.972016129032257314e-01 4.600435085497992516e-01 0.000000000000000000e+00 4.020137651480837904e-01 0.000000000000000000e+00 3.767080096963655311e-01 4.737020396039602899e-01 4.123145414106796358e-01 0.000000000000000000e+00 4.487285346929958396e-01 0.000000000000000000e+00 4.469888709598014986e-01 0.000000000000000000e+00 3.503577031102989570e-01 4.378266341935434514e-01 3.442765431637521689e-01 4.677831234567901286e-01 3.146898212852476950e-01 0.000000000000000000e+00 3.894894908137206402e-01 4.616570297029703451e-01 0.000000000000000000e+00 0.000000000000000000e+00 4.130779287975561154e-01 0.000000000000000000e+00 0.000000000000000000e+00 0.000000000000000000e+00 4.022716592794481349e-01 0.000000000000000000e+00 0.000000000000000000e+00 0.000000000000000000e+00 4.294172690981453155e-01 0.000000000000000000e+00 0.000000000000000000e+00 0.000000000000000000e+00 0.000000000000000000e+00 0.000000000000000000e+00 4.097079401030152557e-01 4.314653580246913256e-01 4.473479759493671493e-01 0.000000000000000000e+00 0.000000000000000000e+00 0.000000000000000000e+00 0.000000000000000000e+00 0.000000000000000000e+00 0.000000000000000000e+00 0.000000000000000000e+00 4.801674976794976235e-01 0.000000000000000000e+00 4.168991894736841508e-01 0.000000000000000000e+00 0.000000000000000000e+00 0.000000000000000000e+00 0.000000000000000000e+00 0.000000000000000000e+00 0.000000000000000000e+00 0.000000000000000000e+00 0.000000000000000000e+00 4.104155520833334125e-01
4.631708087026327192e-01 3.444414365161211355e-01 4.054596797911539374e-01 2.388909808915739563e-01 3.629315347703464534e-01 3.176346359648953843e-01 3.979658496286204161e-01 3.059081989023637038e-01 0.000000000000000000e+00 2.938483141959329914e-01 4.367412666666665721e-01 3.680177552214914383e-01 4.053783850453757109e-01 3.150585012164059395e-01 0.000000000000000000e+00 3.308763510930211593e-01 4.723205407894736085e-01 4.115474211768431201e-01 4.908849542740690852e-01 2.846919846700802781e-01 0.000000000000000000e+00 0.000000000000000000e+00 4.175086196359239499e-01 2.211713044738737588e-01 4.139448320556826655e-01 2.750373599001504354e-01 0.000000000000000000e+00 3.075912737156511478e-01 0.000000000000000000e+00 3.402337619734739360e-01 3.956300504540494201e-01 2.605709127992599794e-01 4.645242842474940348e-01 3.629872128178396884e-01 4.606394722222222904e-01 4.034889086646661904e-01 4.935302323232323429e-01 4.579853153494435336e-01 0.000000000000000000e+00 4.809973609177164988e-01 0.000000000000000000e+00 4.483072303506187017e-01 0.000000000000000000e+00 4.559324817518248252e-01 0.000000000000000000e+00 4.291328354264848377e-01 0.000000000000000000e+00 0.000000000000000000e+00 0.000000000000000000e+00 4.299994995107074280e-01 0.000000000000000000e+00 4.389950233806658164e-01 0.000000000000000000e+00 0.000000000000000000e+00 0.000000000000000000e+00 0.000000000000000000e+00 0.000000000000000000e+00 4.150900683091648391e-01 0.000000000000000000e+00 4.451709059776516875e-01 0.000000000000000000e+00 4.473791465461252614e-01 0.000000000000000000e+00 3.548432236842105070e-01 0.000000000000000000e+00 4.186109402051787498e-01 0.000000000000000000e+00 4.282695351603563738e-01 4.967931125541125148e-01 3.950304384107296563e-01 4.959066510776527492e-01 3.637660787990821265e-01 4.098725873694206712e-01 3.435827660662135186e-01 0.000000000000000000e+00 3.270666995325327009e-01 4.875215684210527090e-01 3.914714754894675908e-01 0.000000000000000000e+00 0.000000000000000000e+00 0.000000000000000000e+00 4.125216143980848793e-01 0.000000000000000000e+00 0.000000000000000000e+00 0.000000000000000000e+00 3.952457665452055458e-01 0.000000000000000000e+00 0.000000000000000000e+00 0.000000000000000000e+00 3.922216657406019658e-01 0.000000000000000000e+00 4.203517901129686374e-01 0.000000000000000000e+00 0.000000000000000000e+00 0.000000000000000000e+00 4.247002541347084104e-01 0.000000000000000000e+00 0.000000000000000000e+00 0.000000000000000000e+00 4.338592887978142132e-01 0.000000000000000000e+00 0.000000000000000000e+00 0.000000000000000000e+00 4.019016228688075953e-01 0.000000000000000000e+00 4.482115662650602572e-01 0.000000000000000000e+00 0.000000000000000000e+00 0.000000000000000000e+00 0.000000000000000000e+00 0.000000000000000000e+00 0.000000000000000000e+00 0.000000000000000000e+00 0.000000000000000000e+00 3.722739100000000412e-01 0.000000000000000000e+00
3.105360053073644155e-01 0.000000000000000000e+00 2.651972974787278337e-01 3.629315347703464534e-01 2.259471189230433108e-01 3.905054084124830460e-01 2.868159550868450425e-01 0.000000000000000000e+00 1.852066595555556805e-01 3.971253611111111304e-01 2.733121394542090687e-01 0.000000000000000000e+00 2.869701260445942648e-01 0.000000000000000000e+00 2.638878244780967774e-01 4.238238947368421217e-01 3.318598580357142724e-01 0.000000000000000000e+00 3.560729706867233335e-01 0.000000000000000000e+00 3.074803540023040571e-01 3.270566879999999843e-01 2.956137712159059294e-01 4.219755850932568331e-01 2.326187167132432732e-01 4.159187246376812030e-01 2.225707242553948140e-01 3.931023805683563910e-01 2.878216611523551349e-01 0.000000000000000000e+00 3.524040419163156912e-01 3.404174073611314633e-01 3.787814999999999377e-01 3.398543483146067579e-01 0.000000000000000000e+00 0.000000000000000000e+00 0.000000000000000000e+00 0.000000000000000000e+00 0.000000000000000000e+00 0.000000000000000000e+00 0.000000000000000000e+00 0.000000000000000000e+00 0.000000000000000000e+00 0.000000000000000000e+00 0.000000000000000000e+00 0.000000000000000000e+00 0.000000000000000000e+00 0.000000000000000000e+00 0.000000000000000000e+00 0.000000000000000000e+00 0.000000000000000000e+00 0.000000000000000000e+00 0.000000000000000000e+00 0.000000000000000000e+00 0.000000000000000000e+00 0.000000000000000000e+00 3.299919500000000339e-01 0.000000000000000000e+00 0.000000000000000000e+00 0.000000000000000000e+00 3.326815578947368568e-01 0.000000000000000000e+00 3.589015299800132897e-01 0.000000000000000000e+00 3.507560097338855987e-01 0.000000000000000000e+00 0.000000000000000000e+00 0.000000000000000000e+00 4.368325078125000482e-01 0.000000000000000000e+00 3.065932060007617865e-01 4.139840786951064500e-01 2.805463087544194933e-01 0.000000000000000000e+00 3.369729166666666220e-01 0.000000000000000000e+00 3.495577294281699832e-01 0.000000000000000000e+00 0.000000000000000000e+00 0.000000000000000000e+00 3.567099272727272674e-01 0.000000000000000000e+00 0.000000000000000000e+00 0.000000000000000000e+00 3.717003797325094672e-01 0.000000000000000000e+00 0.000000000000000000e+00 0.000000000000000000e+00 4.091907536231883524e-01 0.000000000000000000e+00 0.000000000000000000e+00 0.000000000000000000e+00 0.000000000000000000e+00 0.000000000000000000e+00 0.000000000000000000e+00 0.000000000000000000e+00 0.000000000000000000e+00 0.000000000000000000e+00 0.000000000000000000e+00 0.000000000000000000e+00 0.000000000000000000e+00 0.000000000000000000e+00 0.000000000000000000e+00 0.000000000000000000e+00 0.000000000000000000e+00 0.000000000000000000e+00 0.000000000000000000e+00 0.000000000000000000e+00 0.000000000000000000e+00 0.000000000000000000e+00 0.000000000000000000e+00 0.000000000000000000e+00 0.000000000000000000e+00 0.000000000000000000e+00 0.000000000000000000e+00 0.000000000000000000e+00
0.000000000000000000e+00 3.008368571428571281e-01 3.862792020283224992e-01 3.176346359648953843e-01 3.905054084124830460e-01 2.032347484762133671e-01 4.480888026315789641e-01 2.982416522168686579e-01 0.000000000000000000e+00 2.706077394034391292e-01 0.000000000000000000e+00 0.000000000000000000e+00 0.000000000000000000e+00 3.135281769757334858e-01 4.527289999999999370e-01 2.660136437406826482e-01 0.000000000000000000e+00 0.000000000000000000e+00 0.000000000000000000e+00 3.218270704225352219e-01 3.359047445798593601e-01 3.486743480676438023e-01 3.862323561394001015e-01 2.791139743656531058e-01 3.648492750210969859e-01 2.374137366126779780e-01 3.639091636363636084e-01 2.444104640393316707e-01 0.000000000000000000e+00 3.130028055591572156e-01 3.887804887107524920e-01 3.308467042657132762e-01 0.000000000000000000e+00 3.566831800629441385e-01 0.000000000000000000e+00 3.838044105263158090e-01 0.000000000000000000e+00 0.000000000000000000e+00 0.000000000000000000e+00 0.000000000000000000e+00 0.000000000000000000e+00 0.000000000000000000e+00 0.000000000000000000e+00 0.000000000000000000e+00 0.000000000000000000e+00 4.714610388349514958e-01 0.000000000000000000e+00 4.198971614219114135e-01 0.000000000000000000e+00 3.572239090909090642e-01 0.000000000000000000e+00 3.271160775862069214e-01 0.000000000000000000e+00 4.093514325396825915e-01 0.000000000000000000e+00 3.913530166666666643e-01 0.000000000000000000e+00 0.000000000000000000e+00 0.000000000000000000e+00 0.000000000000000000e+00 0.000000000000000000e+00 0.000000000000000000e+00 0.000000000000000000e+00 0.000000000000000000e+00 0.000000000000000000e+00 0.000000000000000000e+00 0.000000000000000000e+00 3.999166019417476070e-01 0.000000000000000000e+00 0.000000000000000000e+00 3.908757752403845820e-01 3.453115743824676231e-01 0.000000000000000000e+00 3.034021119272862776e-01 0.000000000000000000e+00 2.691964637534478011e-01 0.000000000000000000e+00 3.307351748538011615e-01 0.000000000000000000e+00 0.000000000000000000e+00 0.000000000000000000e+00 3.521257479674796964e-01 0.000000000000000000e+00 0.000000000000000000e+00 0.000000000000000000e+00 3.809804576103967277e-01 0.000000000000000000e+00 3.931362982456140243e-01 0.000000000000000000e+00 3.563106468447813091e-01 0.000000000000000000e+00 0.000000000000000000e+00 0.000000000000000000e+00 0.000000000000000000e+00 0.000000000000000000e+00 0.000000000000000000e+00 0.000000000000000000e+00 0.000000000000000000e+00 0.000000000000000000e+00 0.000000000000000000e+00 0.000000000000000000e+00 0.000000000000000000e+00 0.000000000000000000e+00 0.000000000000000000e+00 0.000000000000000000e+00 0.000000000000000000e+00 0.000000000000000000e+00 0.000000000000000000e+00 0.000000000000000000e+00 0.000000000000000000e+00 0.000000000000000000e+00 0.000000000000000000e+00 0.000000000000000000e+00 0.000000000000000000e+00 0.000000000000000000e+00 0.000000000000000000e+00
3.102274088522836704e-01 0.000000000000000000e+00 2.765747114212047109e-01 3.979658496286204161e-01 2.868159550868450425e-01 4.480888026315789641e-01 2.461498809827817325e-01 4.208451902816277568e-01 2.632503510886018416e-01 0.000000000000000000e+00 3.113959455051213965e-01 0.000000000000000000e+00 2.711196415428601125e-01 3.746575625000000409e-01 2.341265609239940038e-01 3.817476102706665042e-01 3.895885149208996867e-01 0.000000000000000000e+00 3.888078970055819927e-01 4.292532552513050326e-01 0.000000000000000000e+00 0.000000000000000000e+00 3.233379483889159411e-01 3.940382274077577907e-01 3.012383267662344100e-01 0.000000000000000000e+00 0.000000000000000000e+00 4.413294027777777684e-01 3.552239383936077743e-01 4.321677999999999908e-01 3.290249963011482315e-01 4.047483675426163385e-01 3.649707712238779989e-01 4.125211492438128347e-01 0.000000000000000000e+00 0.000000000000000000e+00 4.576285346534654797e-01 0.000000000000000000e+00 0.000000000000000000e+00 0.000000000000000000e+00 0.000000000000000000e+00 0.000000000000000000e+00 0.000000000000000000e+00 0.000000000000000000e+00 4.097195541555673226e-01 0.000000000000000000e+00 0.000000000000000000e+00 0.000000000000000000e+00 4.245347277790336160e-01 0.000000000000000000e+00 3.831308015895383834e-01 0.000000000000000000e+00 0.000000000000000000e+00 0.000000000000000000e+00 0.000000000000000000e+00 0.000000000000000000e+00 3.447494402985074036e-01 0.000000000000000000e+00 4.009141758745475292e-01 0.000000000000000000e+00 3.716452455551813028e-01 0.000000000000000000e+00 3.785254925373134349e-01 0.000000000000000000e+00 3.784803489621569872e-01 0.000000000000000000e+00 4.063301576193124043e-01 0.000000000000000000e+00 0.000000000000000000e+00 0.000000000000000000e+00 3.055027463924683828e-01 4.177768644000578457e-01 3.182678196072675769e-01 4.066168591549296218e-01 3.052039302325581516e-01 0.000000000000000000e+00 3.569681531669438579e-01 0.000000000000000000e+00 3.727682207207206888e-01 0.000000000000000000e+00 3.897633573930389672e-01 0.000000000000000000e+00 4.160799073295984862e-01 0.000000000000000000e+00 4.039994470602170651e-01 0.000000000000000000e+00 4.107196499999999917e-01 0.000000000000000000e+00 4.216979085598340227e-01 0.000000000000000000e+00 0.000000000000000000e+00 0.000000000000000000e+00 0.000000000000000000e+00 0.000000000000000000e+00 4.114114823529412823e-01 0.000000000000000000e+00 0.000000000000000000e+00 0.000000000000000000e+00 0.000000000000000000e+00 0.000000000000000000e+00 0.000000000000000000e+00 0.000000000000000000e+00 0.000000000000000000e+00 0.000000000000000000e+00 0.000000000000000000e+00 0.000000000000000000e+00 0.000000000000000000e+00 0.000000000000000000e+00 0.000000000000000000e+00 0.000000000000000000e+00 0.000000000000000000e+00 0.000000000000000000e+00 0.000000000000000000e+00 0.000000000000000000e+00 0.000000000000000000e+00 0.000000000000000000e+00
4.161151026375264350e-01 3.279147113390116219e-01 4.147022072397283932e-01 3.059081989023637038e-01 0.000000000000000000e+00 2.982416522168686579e-01 4.208451902816277568e-01 2.287404208631378943e-01 0.000000000000000000e+00 2.683622664966797133e-01 0.000000000000000000e+00 3.534971421606383779e-01 4.063307988989271480e-01 2.171228029145809424e-01 0.000000000000000000e+00 2.643625474915882179e-01 0.000000000000000000e+00 3.761722715786784410e-01 4.462769366595885079e-01 3.671077640089407956e-01 0.000000000000000000e+00 0.000000000000000000e+00 4.147921702211890271e-01 2.925485012253615791e-01 0.000000000000000000e+00 0.000000000000000000e+00 0.000000000000000000e+00 0.000000000000000000e+00 4.193612374999999837e-01 3.437690605313316605e-01 3.973255075372290612e-01 3.146346509314701945e-01 4.109209455259361099e-01 3.517964616066430183e-01 4.674048281249999492e-01 4.132244303797467655e-01 0.000000000000000000e+00 4.016319349242704617e-01 0.000000000000000000e+00 3.915006499291641684e-01 0.000000000000000000e+00 0.000000000000000000e+00 0.000000000000000000e+00 0.000000000000000000e+00 0.000000000000000000e+00 4.049353666303839305e-01 0.000000000000000000e+00 0.000000000000000000e+00 0.000000000000000000e+00 3.916144909041929245e-01 0.000000000000000000e+00 3.907535968539432858e-01 0.000000000000000000e+00 0.000000000000000000e+00 0.000000000000000000e+00 4.266577190082644910e-01 0.000000000000000000e+00 3.546202574234776361e-01 0.000000000000000000e+00 4.335628272029155572e-01 4.594641086956521847e-01 3.826022358918249600e-01 0.000000000000000000e+00 3.684239439127051652e-01 0.000000000000000000e+00 3.772593125788101798e-01 4.234021610169490524e-01 4.254058108977188946e-01 0.000000000000000000e+00 4.878821666666667278e-01 4.644553936676931172e-01 3.230537597213451462e-01 4.191602489008097732e-01 3.269585612754338233e-01 0.000000000000000000e+00 3.130496940316105370e-01 4.074661242636594127e-01 3.674301922613615323e-01 0.000000000000000000e+00 0.000000000000000000e+00 0.000000000000000000e+00 3.996473479184039501e-01 0.000000000000000000e+00 0.000000000000000000e+00 0.000000000000000000e+00 3.966966063798487707e-01 0.000000000000000000e+00 0.000000000000000000e+00 0.000000000000000000e+00 4.035669716714023192e-01 0.000000000000000000e+00 0.000000000000000000e+00 0.000000000000000000e+00 0.000000000000000000e+00 0.000000000000000000e+00 4.027489999999999681e-01 0.000000000000000000e+00 0.000000000000000000e+00 0.000000000000000000e+00 3.632888234347336764e-01 0.000000000000000000e+00 0.000000000000000000e+00 0.000000000000000000e+00 3.814503902439024818e-01 0.000000000000000000e+00 0.000000000000000000e+00 0.000000000000000000e+00 0.000000000000000000e+00 0.000000000000000000e+00 0.000000000000000000e+00 0.000000000000000000e+00 0.000000000000000000e+00 0.000000000000000000e+00 0.000000000000000000e+00 0.000000000000000000e+00 0.000000000000000000e+00
0.000000000000000000e+00 0.000000000000000000e+00 1.908711568300587302e-01 0.000000000000000000e+00 1.852066595555556805e-01 0.000000000000000000e+00 2.632503510886018416e-01 0.000000000000000000e+00 2.268317133424067322e-01 4.179043411815068776e-01 0.000000000000000000e+00 0.000000000000000000e+00 2.705304497150997078e-01 0.000000000000000000e+00 2.805059388159530376e-01 0.000000000000000000e+00 0.000000000000000000e+00 0.000000000000000000e+00 0.000000000000000000e+00 0.000000000000000000e+00 0.000000000000000000e+00 0.000000000000000000e+00 3.106001791044776250e-01 0.000000000000000000e+00 2.640191236263736418e-01 4.008283377477477316e-01 0.000000000000000000e+00 0.000000000000000000e+00 2.907317359688268432e-01 0.000000000000000000e+00 3.405418648648648183e-01 0.000000000000000000e+00 0.000000000000000000e+00 0.000000000000000000e+00 0.000000000000000000e+00 0.000000000000000000e+00 0.000000000000000000e+00 0.000000000000000000e+00 0.000000000000000000e+00 0.000000000000000000e+00 0.000000000000000000e+00 0.000000000000000000e+00 0.000000000000000000e+00 0.000000000000000000e+00 0.000000000000000000e+00 0.000000000000000000e+00 0.000000000000000000e+00 0.000000000000000000e+00 0.000000000000000000e+00 0.000000000000000000e+00 0.000000000000000000e+00 0.000000000000000000e+00 0.000000000000000000e+00 0.000000000000000000e+00 0.000000000000000000e+00 0.000000000000000000e+00 0.000000000000000000e+00 0.000000000000000000e+00 0.000000000000000000e+00 0.000000000000000000e+00 3.589519215686273745e-01 0.000000000000000000e+00 0.000000000000000000e+00 0.000000000000000000e+00 3.557202400536566000e-01 0.000000000000000000e+00 0.000000000000000000e+00 0.000000000000000000e+00 0.000000000000000000e+00 0.000000000000000000e+00 2.820096048308717296e-01 0.000000000000000000e+00 2.806127513348466440e-01 0.000000000000000000e+00 0.000000000000000000e+00 0.000000000000000000e+00 3.193343883963271068e-01 0.000000000000000000e+00 0.000000000000000000e+00 0.000000000000000000e+00 3.591064457831324441e-01 0.000000000000000000e+00 0.000000000000000000e+00 0.000000000000000000e+00 3.710969065420560709e-01 0.000000000000000000e+00 0.000000000000000000e+00 0.000000000000000000e+00 0.000000000000000000e+00 0.000000000000000000e+00 0.000000000000000000e+00 0.000000000000000000e+00 0.000000000000000000e+00 0.000000000000000000e+00 0.000000000000000000e+00 0.000000000000000000e+00 0.000000000000000000e+00 0.000000000000000000e+00 0.000000000000000000e+00 0.000000000000000000e+00 0.000000000000000000e+00 0.000000000000000000e+00 0.000000000000000000e+00 0.000000000000000000e+00 0.000000000000000000e+00 0.000000000000000000e+00 0.000000000000000000e+00 0.000000000000000000e+00 0.000000000000000000e+00 0.000000000000000000e+00 0.000000000000000000e+00 0.000000000000000000e+00 0.000000000000000000e+00 0.000000000000000000e+00 0.000000000000000000e+00 0.000000000000000000e+00
0.000000000000000000e+00 3.284673297872340303e-01 3.581876723230490445e-01 2.938483141959329914e-01 3.971253611111111304e-01 2.706077394034391292e-01 0.000000000000000000e+00 2.683622664966797133e-01 4.179043411815068776e-01 2.249978190409739065e-01 0.000000000000000000e+00 2.880005445853699442e-01 0.000000000000000000e+00 2.727400683589438768e-01 0.000000000000000000e+00 2.518445714545970993e-01 0.000000000000000000e+00 0.000000000000000000e+00 0.000000000000000000e+00 3.277746573360725280e-01 0.000000000000000000e+00 0.000000000000000000e+00 3.723828881978261118e-01 3.181594507804972882e-01 3.932872142857143372e-01 0.000000000000000000e+00 0.000000000000000000e+00 0.000000000000000000e+00 0.000000000000000000e+00 3.121159966767791394e-01 4.042625554950001754e-01 3.187627850182140343e-01 0.000000000000000000e+00 3.129803960088574089e-01 0.000000000000000000e+00 0.000000000000000000e+00 0.000000000000000000e+00 0.000000000000000000e+00 0.000000000000000000e+00 0.000000000000000000e+00 0.000000000000000000e+00 0.000000000000000000e+00 0.000000000000000000e+00 0.000000000000000000e+00 0.000000000000000000e+00 0.000000000000000000e+00 0.000000000000000000e+00 0.000000000000000000e+00 0.000000000000000000e+00 0.000000000000000000e+00 0.000000000000000000e+00 4.071987522935779369e-01 0.000000000000000000e+00 0.000000000000000000e+00 0.000000000000000000e+00 0.000000000000000000e+00 0.000000000000000000e+00 0.000000000000000000e+00 0.000000000000000000e+00 0.000000000000000000e+00 0.000000000000000000e+00 0.000000000000000000e+00 0.000000000000000000e+00 0.000000000000000000e+00 0.000000000000000000e+00 0.000000000000000000e+00 0.000000000000000000e+00 0.000000000000000000e+00 0.000000000000000000e+00 0.000000000000000000e+00 4.953037083333333146e-01 3.460287037441326374e-01 0.000000000000000000e+00 3.081323370530869021e-01 0.000000000000000000e+00 0.000000000000000000e+00 2.904539032258063869e-01 3.226381927507693814e-01 0.000000000000000000e+00 0.000000000000000000e+00 0.000000000000000000e+00 3.802383333333334003e-01 0.000000000000000000e+00 0.000000000000000000e+00 0.000000000000000000e+00 3.506695808470764453e-01 0.000000000000000000e+00 0.000000000000000000e+00 0.000000000000000000e+00 3.753460645161289522e-01 0.000000000000000000e+00 0.000000000000000000e+00 0.000000000000000000e+00 0.000000000000000000e+00 0.000000000000000000e+00 0.000000000000000000e+00 0.000000000000000000e+00 0.000000000000000000e+00 0.000000000000000000e+00 0.000000000000000000e+00 0.000000000000000000e+00 0.000000000000000000e+00 0.000000000000000000e+00 0.000000000000000000e+00 0.000000000000000000e+00 0.000000000000000000e+00 0.000000000000000000e+00 0.000000000000000000e+00 0.000000000000000000e+00 0.000000000000000000e+00 0.000000000000000000e+00 0.000000000000000000e+00 0.000000000000000000e+00 0.000000000000000000e+00 0.000000000000000000e+00 0.000000000000000000e+00
2.990697702751923814e-01 0.000000000000000000e+00 3.935213936875481266e-01 4.367412666666665721e-01 2.733121394542090687e-01 0.000000000000000000e+00 3.113959455051213965e-01 0.000000000000000000e+00 0.000000000000000000e+00 0.000000000000000000e+00 2.978761710696806730e-01 0.000000000000000000e+00 2.626817448159452506e-01 0.000000000000000000e+00 3.418600264423077295e-01 0.000000000000000000e+00 3.637605790210738377e-01 0.000000000000000000e+00 4.143481892614273576e-01 4.193284756097560573e-01 0.000000000000000000e+00 0.000000000000000000e+00 3.716856538451225878e-01 4.108327922077921746e-01 0.000000000000000000e+00 0.000000000000000000e+00 0.000000000000000000e+00 0.000000000000000000e+00 4.084871989080433585e-01 4.213938125000000201e-01 3.728608060406602420e-01 4.166587787247474917e-01 3.787256725489376863e-01 4.438551243643545918e-01 0.000000000000000000e+00 0.000000000000000000e+00 0.000000000000000000e+00 0.000000000000000000e+00 0.000000000000000000e+00 0.000000000000000000e+00 0.000000000000000000e+00 0.000000000000000000e+00 0.000000000000000000e+00 0.000000000000000000e+00 0.000000000000000000e+00 0.000000000000000000e+00 0.000000000000000000e+00 0.000000000000000000e+00 4.344566354267310748e-01 0.000000000000000000e+00 4.117125900759011636e-01 0.000000000000000000e+00 0.000000000000000000e+00 0.000000000000000000e+00 4.492115263088313215e-01 0.000000000000000000e+00 3.992920435628518616e-01 4.831794999999999840e-01 4.152434894342309502e-01 0.000000000000000000e+00 4.231120733625133301e-01 0.000000000000000000e+00 4.153190591636962137e-01 0.000000000000000000e+00 4.164457041892049571e-01 0.000000000000000000e+00 4.402630912818566999e-01 0.000000000000000000e+00 4.100942692307692483e-01 0.000000000000000000e+00 3.509472441549680299e-01 3.928222777777777286e-01 0.000000000000000000e+00 0.000000000000000000e+00 0.000000000000000000e+00 0.000000000000000000e+00 3.942217826625652455e-01 0.000000000000000000e+00 0.000000000000000000e+00 0.000000000000000000e+00 4.106534355812232473e-01 0.000000000000000000e+00 0.000000000000000000e+00 0.000000000000000000e+00 4.183667507523982643e-01 0.000000000000000000e+00 0.000000000000000000e+00 0.000000000000000000e+00 4.243545829118120505e-01 0.000000000000000000e+00 0.000000000000000000e+00 0.000000000000000000e+00 0.000000000000000000e+00 0.000000000000000000e+00 0.000000000000000000e+00 0.000000000000000000e+00 0.000000000000000000e+00 0.000000000000000000e+00 0.000000000000000000e+00 0.000000000000000000e+00 0.000000000000000000e+00 0.000000000000000000e+00 0.000000000000000000e+00 0.000000000000000000e+00 0.000000000000000000e+00 0.000000000000000000e+00 0.000000000000000000e+00 0.000000000000000000e+00 0.000000000000000000e+00 0.000000000000000000e+00 0.000000000000000000e+00 0.000000000000000000e+00 0.000000000000000000e+00 0.000000000000000000e+00 0.000000000000000000e+00 0.000000000000000000e+00
4.323072413793104807e-01 3.534797573170983531e-01 4.078035504587155802e-01 3.680177552214914383e-01 0.000000000000000000e+00 0.000000000000000000e+00 0.000000000000000000e+00 3.534971421606383779e-01 0.000000000000000000e+00 2.880005445853699442e-01 0.000000000000000000e+00 2.665612981969465722e-01 0.000000000000000000e+00 2.886138001696063604e-01 0.000000000000000000e+00 3.261653636999037320e-01 0.000000000000000000e+00 3.233967428434415536e-01 4.726406172638112912e-01 3.945747635226774519e-01 0.000000000000000000e+00 0.000000000000000000e+00 4.348694115602707022e-01 3.338428368657938017e-01 0.000000000000000000e+00 0.000000000000000000e+00 0.000000000000000000e+00 0.000000000000000000e+00 3.936548630634071344e-01 3.410975323679196203e-01 4.086062596980676864e-01 3.912008842242978290e-01 0.000000000000000000e+00 3.689162732885660212e-01 0.000000000000000000e+00 0.000000000000000000e+00 0.000000000000000000e+00 4.042276233535951890e-01 0.000000000000000000e+00 0.000000000000000000e+00 0.000000000000000000e+00 0.000000000000000000e+00 0.000000000000000000e+00 3.980694742268041098e-01 0.000000000000000000e+00 4.330495033006067085e-01 0.000000000000000000e+00 0.000000000000000000e+00 0.000000000000000000e+00 4.292952895667488944e-01 0.000000000000000000e+00 4.116400738688622551e-01 0.000000000000000000e+00 0.000000000000000000e+00 0.000000000000000000e+00 4.087002259501965051e-01 0.000000000000000000e+00 3.775684036339808647e-01 4.795354250000000151e-01 4.436999839761795461e-01 0.000000000000000000e+00 4.138608429963367419e-01 0.000000000000000000e+00 3.895656274679085151e-01 0.000000000000000000e+00 4.167398506876265341e-01 0.000000000000000000e+00 4.622596154412558223e-01 0.000000000000000000e+00 4.337112702702702327e-01 4.594814629629629388e-01 3.206340691311361235e-01 0.000000000000000000e+00 3.767581224994550615e-01 0.000000000000000000e+00 0.000000000000000000e+00 4.519560104166666648e-01 3.363412087838225650e-01 0.000000000000000000e+00 4.044766600665581913e-01 0.000000000000000000e+00 4.148539985317881151e-01 0.000000000000000000e+00 0.000000000000000000e+00 0.000000000000000000e+00 4.278699270451831738e-01 0.000000000000000000e+00 0.000000000000000000e+00 0.000000000000000000e+00 4.372405381095719190e-01 0.000000000000000000e+00 0.000000000000000000e+00 0.000000000000000000e+00 0.000000000000000000e+00 0.000000000000000000e+00 0.000000000000000000e+00 0.000000000000000000e+00 0.000000000000000000e+00 0.000000000000000000e+00 0.000000000000000000e+00 0.000000000000000000e+00 0.000000000000000000e+00 0.000000000000000000e+00 0.000000000000000000e+00 0.000000000000000000e+00 0.000000000000000000e+00 0.000000000000000000e+00 0.000000000000000000e+00 0.000000000000000000e+00 0.000000000000000000e+00 0.000000000000000000e+00 0.000000000000000000e+00 0.000000000000000000e+00 0.000000000000000000e+00 0.000000000000000000e+00 0.000000000000000000e+00
3.531409955552079483e-01 0.000000000000000000e+00 3.364706343186034121e-01 4.053783850453757109e-01 2.869701260445942648e-01 0.000000000000000000e+00 2.711196415428601125e-01 4.063307988989271480e-01 2.705304497150997078e-01 0.000000000000000000e+00 2.626817448159452506e-01 0.000000000000000000e+00 2.438533655583737247e-01 0.000000000000000000e+00 2.805026961801431185e-01 0.000000000000000000e+00 3.906954499055728114e-01 0.000000000000000000e+00 3.960636477798969435e-01 4.281016818181818673e-01 0.000000000000000000e+00 0.000000000000000000e+00 3.450365815220265975e-01 4.323983703480924756e-01 0.000000000000000000e+00 0.000000000000000000e+00 0.000000000000000000e+00 0.000000000000000000e+00 3.683766243900997162e-01 0.000000000000000000e+00 3.603425859085608862e-01 4.389622675501170246e-01 3.756589622232787140e-01 0.000000000000000000e+00 0.000000000000000000e+00 0.000000000000000000e+00 3.959955647058823192e-01 0.000000000000000000e+00 0.000000000000000000e+00 0.000000000000000000e+00 0.000000000000000000e+00 0.000000000000000000e+00 0.000000000000000000e+00 0.000000000000000000e+00 0.000000000000000000e+00 0.000000000000000000e+00 0.000000000000000000e+00 0.000000000000000000e+00 0.000000000000000000e+00 0.000000000000000000e+00 3.882547018024801178e-01 0.000000000000000000e+00 0.000000000000000000e+00 0.000000000000000000e+00 4.087152661290323064e-01 0.000000000000000000e+00 3.749779059379294011e-01 0.000000000000000000e+00 4.121295928572577538e-01 4.848118823529411481e-01 3.967785547027761761e-01 0.000000000000000000e+00 3.925465796366196525e-01 0.000000000000000000e+00 4.005474605639421370e-01 0.000000000000000000e+00 4.090891294085553520e-01 0.000000000000000000e+00 0.000000000000000000e+00 0.000000000000000000e+00 3.029399603563201482e-01 0.000000000000000000e+00 3.406762901854176739e-01 0.000000000000000000e+00 3.114847148603031024e-01 0.000000000000000000e+00 3.695825454173926605e-01 0.000000000000000000e+00 4.029410136408729803e-01 0.000000000000000000e+00 3.883801035460123785e-01 0.000000000000000000e+00 0.000000000000000000e+00 0.000000000000000000e+00 4.073347873444193024e-01 0.000000000000000000e+00 0.000000000000000000e+00 0.000000000000000000e+00 4.216738912510218373e-01 0.000000000000000000e+00 0.000000000000000000e+00 0.000000000000000000e+00 0.000000000000000000e+00 0.000000000000000000e+00 4.025457607048124609e-01 0.000000000000000000e+00 0.000000000000000000e+00 0.000000000000000000e+00 0.000000000000000000e+00 0.000000000000000000e+00 0.000000000000000000e+00 0.000000000000000000e+00 0.000000000000000000e+00 0.000000000000000000e+00 0.000000000000000000e+00 0.000000000000000000e+00 0.000000000000000000e+00 0.000000000000000000e+00 0.000000000000000000e+00 0.000000000000000000e+00 0.000000000000000000e+00 0.000000000000000000e+00 0.000000000000000000e+00 0.000000000000000000e+00 0.000000000000000000e+00 0.000000000000000000e+00
