0.000000000000000000e+00 8.289374529012811382e-03 1.112006446414182115e-01 3.048625577968599315e-03 2.210107558567850176e-03 0.000000000000000000e+00 1.309968017057569212e-01 4.761149023964450326e-04 5.361930294906166756e-04 0.000000000000000000e+00 2.270882027309632234e-01 2.574002574002573810e-04 2.217013380212911472e-02 0.000000000000000000e+00 5.171299288946347829e-04 0.000000000000000000e+00 7.084342909888080575e-02 2.979293907343959560e-04 5.150092474036135903e-02 1.392268180589348488e-02 0.000000000000000000e+00 0.000000000000000000e+00 1.029050898440591992e-03 0.000000000000000000e+00 0.000000000000000000e+00 0.000000000000000000e+00 0.000000000000000000e+00 0.000000000000000000e+00 4.017227296354050625e-02 5.242267655208566980e-04 1.486620416253716520e-03 0.000000000000000000e+00 4.311926605504587222e-03 9.548248493167035486e-03 3.516174402250351683e-04 0.000000000000000000e+00 7.613230035756853031e-02 1.416430594900849763e-04 1.471453796350794506e-03 0.000000000000000000e+00 0.000000000000000000e+00 0.000000000000000000e+00 1.145213009619789273e-04 0.000000000000000000e+00 4.872107186358100046e-04 8.853474988933156893e-05 3.553660270078180458e-04 0.000000000000000000e+00 1.313197636244254653e-03 1.518948887369940114e-04 9.470848900860195929e-03 0.000000000000000000e+00 0.000000000000000000e+00 0.000000000000000000e+00 1.210165389269866800e-03 0.000000000000000000e+00 2.815527214440030623e-01 9.746588693957114469e-04 3.239832892829738048e-02 4.902441415825081186e-04 4.408973252804141568e-02 0.000000000000000000e+00 5.674142123750338176e-03 1.006846556584776520e-04 1.927525057825751897e-02 0.000000000000000000e+00 9.793040412613435858e-03 7.176461207240252384e-04 1.256544502617800985e-01 1.790332206087129514e-03 6.509163977348840502e-02 1.305653479566523147e-03 4.267762585947996318e-02 9.553053565336062838e-04 1.020408163265306041e-02 0.000000000000000000e+00 5.971931919976112418e-02 1.077844311377245496e-03 0.000000000000000000e+00 0.000000000000000000e+00 6.470537485980502532e-03 0.000000000000000000e+00 0.000000000000000000e+00 0.000000000000000000e+00 1.041085703662390782e-02 5.305039787798408811e-05 5.877167205406994346e-04 0.000000000000000000e+00 3.465280554444888708e-03 0.000000000000000000e+00 1.761338617349185324e-03 0.000000000000000000e+00 4.836309523809523975e-03 0.000000000000000000e+00 2.662229617304492577e-02 0.000000000000000000e+00 1.235330450895614661e-03 0.000000000000000000e+00 2.166064981949458474e-03 0.000000000000000000e+00 5.851375073142188509e-04 0.000000000000000000e+00 6.973500697350069498e-04 3.260515161395500443e-04 1.324503311258278145e-03 3.290556103981572846e-04 2.369668246445497811e-03 0.000000000000000000e+00 4.975124378109452641e-03 2.724795640326975379e-03 7.047216349541931234e-04 2.017484868863483709e-03 1.331557922769640570e-03 4.474272930648769478e-03 0.000000000000000000e+00 1.663893510815307860e-03
8.289374529012811382e-03 0.000000000000000000e+00 3.161222339304531077e-03 1.056856867029114383e-01 0.000000000000000000e+00 0.000000000000000000e+00 1.199360341151386013e-03 1.375443051367507830e-01 0.000000000000000000e+00 1.597444089456868943e-03 7.380981670562184339e-04 1.763191763191763184e-01 9.766578767457760200e-05 3.187388131626049670e-02 0.000000000000000000e+00 2.590114396719188448e-03 1.153801776854736309e-04 6.941754804111426036e-02 1.664532650448143428e-02 7.461476074614760423e-02 0.000000000000000000e+00 0.000000000000000000e+00 5.541043299295496426e-04 7.789678675754625184e-04 0.000000000000000000e+00 0.000000000000000000e+00 0.000000000000000000e+00 0.000000000000000000e+00 5.940447018638152828e-04 1.924661124840859605e-02 2.229930624380574780e-03 3.472624146313230738e-04 1.229357798165137648e-02 1.497881482365578595e-02 3.516174402250351683e-04 0.000000000000000000e+00 4.469606674612633867e-04 7.181303116147308430e-02 0.000000000000000000e+00 9.771986970684039524e-04 0.000000000000000000e+00 0.000000000000000000e+00 0.000000000000000000e+00 2.043735949315348527e-04 0.000000000000000000e+00 1.239486498450641802e-03 0.000000000000000000e+00 4.444938326480720337e-04 0.000000000000000000e+00 1.002506265664160345e-02 0.000000000000000000e+00 1.138495374862539579e-02 0.000000000000000000e+00 2.031537196478668764e-03 0.000000000000000000e+00 7.601672367920942483e-04 7.666039445257509391e-04 3.199926900584795231e-01 3.410350413504987664e-04 3.000294146484949395e-02 3.451251078515961976e-04 4.774021567914697728e-02 0.000000000000000000e+00 2.527184857027789042e-02 0.000000000000000000e+00 3.515794028559065393e-02 1.175164849513612260e-03 6.060122797225101290e-03 5.968586387434554608e-03 1.193554804058086366e-01 3.044510747122937139e-03 8.871915393654523918e-02 7.903264048051845394e-04 4.414875469123166057e-02 0.000000000000000000e+00 5.421686746987951916e-02 8.957897879964168411e-04 6.526946107784431517e-02 0.000000000000000000e+00 2.945508100147275349e-03 1.725476662928134030e-04 7.215447154471544763e-03 0.000000000000000000e+00 4.826254826254826368e-04 6.196938712276135351e-05 1.167108753315649824e-02 0.000000000000000000e+00 2.855511136493432364e-04 0.000000000000000000e+00 3.554072677159643163e-03 1.761338617349185324e-03 3.776435045317220757e-03 1.116071428571428509e-03 7.996801279488204711e-04 0.000000000000000000e+00 3.366488140780413141e-02 0.000000000000000000e+00 3.944773175542406183e-04 1.444043321299638910e-03 3.454231433506044745e-04 5.851375073142188509e-04 3.369272237196765680e-04 0.000000000000000000e+00 1.793283338767525216e-03 0.000000000000000000e+00 2.961500493583415616e-03 0.000000000000000000e+00 0.000000000000000000e+00 4.975124378109452641e-03 0.000000000000000000e+00 0.000000000000000000e+00 0.000000000000000000e+00 0.000000000000000000e+00 1.118568232662192369e-03 1.094091903719912433e-03 0.000000000000000000e+00
1.112006446414182115e-01 3.161222339304531077e-03 0.000000000000000000e+00 4.268075809156038694e-03 3.889789303079416866e-02 3.804451207913258693e-04 2.837153518123667340e-01 6.189493731153784990e-03 1.823056300268096480e-02 1.825650387950707425e-03 2.952392668224873909e-02 1.372801372801372771e-03 6.572907510499072237e-02 3.235577585019964227e-03 2.391725921137685673e-02 1.618821497949492726e-03 8.191992615668627561e-03 0.000000000000000000e+00 1.051358656992459756e-01 7.434441741011084057e-03 0.000000000000000000e+00 0.000000000000000000e+00 2.108762764189028860e-01 7.789678675754625400e-03 3.150553150553150883e-02 3.440599069014369654e-03 6.607427660059238955e-03 0.000000000000000000e+00 2.502413306601321621e-02 6.740058413839586891e-04 1.585728444003964288e-02 1.481652969093645057e-02 7.247706422018348679e-03 1.175628095721191133e-02 3.516174402250351683e-04 0.000000000000000000e+00 1.996424314660309729e-02 1.416430594900849763e-04 5.885815185403178024e-04 0.000000000000000000e+00 0.000000000000000000e+00 0.000000000000000000e+00 1.145213009619789273e-04 0.000000000000000000e+00 2.436053593179050023e-04 0.000000000000000000e+00 0.000000000000000000e+00 0.000000000000000000e+00 9.848982271831909895e-04 0.000000000000000000e+00 1.563993396472325957e-03 6.468723720809883848e-05 3.607503607503607500e-04 0.000000000000000000e+00 4.033884630899556181e-04 0.000000000000000000e+00 3.205798313471321971e-03 3.045808966861598271e-04 6.735442066672350271e-03 0.000000000000000000e+00 3.623813632441760021e-03 0.000000000000000000e+00 8.105917319643339168e-04 1.006846556584776520e-04 3.469545104086352912e-03 0.000000000000000000e+00 4.374224717634001176e-03 2.392153735746750524e-04 2.345549738219895181e-02 1.989258006763477298e-04 3.653412896547524741e-02 2.350176263219741404e-03 5.721963170789536035e-02 6.823609689525759634e-04 1.020408163265306041e-02 0.000000000000000000e+00 6.798049168906140916e-02 4.790419161676646650e-04 0.000000000000000000e+00 0.000000000000000000e+00 6.901906651712536121e-04 0.000000000000000000e+00 1.151631477927063342e-03 0.000000000000000000e+00 2.478775484910454140e-03 5.305039787798408811e-05 2.938583602703497173e-04 0.000000000000000000e+00 1.332800213248034119e-03 0.000000000000000000e+00 2.201673271686481817e-03 0.000000000000000000e+00 2.232142857142857019e-03 0.000000000000000000e+00 9.983361064891846728e-03 0.000000000000000000e+00 0.000000000000000000e+00 0.000000000000000000e+00 1.444043321299638910e-03 0.000000000000000000e+00 0.000000000000000000e+00 0.000000000000000000e+00 3.486750348675034749e-04 0.000000000000000000e+00 3.973509933774834434e-03 3.290556103981572846e-04 0.000000000000000000e+00 0.000000000000000000e+00 4.975124378109452641e-03 0.000000000000000000e+00 0.000000000000000000e+00 0.000000000000000000e+00 0.000000000000000000e+00 2.237136465324384739e-03 1.094091903719912433e-03 1.663893510815307860e-03
3.048625577968599315e-03 1.056856867029114383e-01 4.268075809156038694e-03 0.000000000000000000e+00 5.746279652276410806e-03 7.608902415826516996e-02 4.930703624733475711e-03 2.830767603025974855e-01 1.429848078641644251e-03 2.259242355089000412e-02 1.230163611760364201e-03 3.389103389103389347e-02 1.562652602793241632e-03 4.185598237642847164e-02 1.292824822236586903e-03 2.180012950571983549e-02 1.153801776854736309e-04 1.593922240429018408e-02 8.962868117797695780e-03 1.190186536901865350e-01 2.240645305848084311e-04 0.000000000000000000e+00 2.050186020739333537e-02 2.433300876338851115e-01 7.215007215007215001e-03 2.631046346893341562e-02 0.000000000000000000e+00 1.648653599560358967e-03 8.168114650627459868e-04 3.003070471055193508e-02 2.675916749256689736e-02 2.245630281282555776e-02 5.596330275229357588e-03 1.945455630482783443e-02 0.000000000000000000e+00 2.671415850400712423e-03 0.000000000000000000e+00 4.546742209631728093e-02 0.000000000000000000e+00 4.560260586319218011e-03 0.000000000000000000e+00 2.074688796680497927e-03 0.000000000000000000e+00 3.065603923973022520e-04 0.000000000000000000e+00 2.213368747233288979e-03 0.000000000000000000e+00 0.000000000000000000e+00 1.641497045305318316e-04 6.835269993164729864e-03 8.688852202624033547e-05 2.264053302283459360e-03 0.000000000000000000e+00 1.934797329979684563e-04 0.000000000000000000e+00 3.800836183960471242e-04 3.484563384207958617e-04 2.205165692007797149e-02 1.705175206752493832e-04 3.206196685949602720e-02 0.000000000000000000e+00 2.181025081788440668e-03 0.000000000000000000e+00 9.061619009262987870e-04 0.000000000000000000e+00 4.218952834270878714e-03 3.917216165045374560e-04 1.347579937804002821e-02 1.047120418848167646e-03 8.553809429082952220e-03 3.531632466662607255e-03 5.020237628933280766e-02 7.112937643246660530e-04 6.386898669396109951e-02 0.000000000000000000e+00 9.036144578313252962e-02 4.976609933313426654e-04 8.131736526946108101e-02 0.000000000000000000e+00 0.000000000000000000e+00 0.000000000000000000e+00 1.117886178861788671e-03 0.000000000000000000e+00 4.826254826254826368e-04 0.000000000000000000e+00 9.549071618037135046e-04 0.000000000000000000e+00 2.855511136493432364e-04 0.000000000000000000e+00 4.351925727134256646e-04 1.761338617349185324e-03 1.888217522658610379e-03 0.000000000000000000e+00 1.199520191923230707e-03 0.000000000000000000e+00 1.836266258607498203e-02 0.000000000000000000e+00 7.889546351084812366e-04 7.220216606498194552e-04 1.727115716753022372e-03 0.000000000000000000e+00 6.738544474393531360e-04 0.000000000000000000e+00 1.793283338767525216e-03 4.415011037527593815e-04 3.619611714379730293e-03 0.000000000000000000e+00 6.414368184733803277e-04 4.975124378109452641e-03 0.000000000000000000e+00 0.000000000000000000e+00 1.344989912575655661e-03 0.000000000000000000e+00 1.118568232662192369e-03 5.470459518599562164e-03 0.000000000000000000e+00
2.210107558567850176e-03 0.000000000000000000e+00 3.889789303079416866e-02 5.746279652276410806e-03 0.000000000000000000e+00 4.945786570287236464e-03 1.379264392324093882e-02 4.232132465746177947e-04 4.318141197497765704e-01 5.705157462345960759e-03 6.150818058801821005e-04 0.000000000000000000e+00 3.906631506983103755e-03 8.949469916012666804e-04 1.127343244990303833e-01 2.805957263112454116e-03 0.000000000000000000e+00 0.000000000000000000e+00 0.000000000000000000e+00 0.000000000000000000e+00 4.234819628052879231e-02 1.155401502021952565e-03 1.337766167972769676e-02 8.471275559883154060e-03 5.242905242905242930e-02 1.072657356810362284e-02 1.736158578263841401e-01 1.099102399706906050e-03 1.856389693324422829e-02 7.488953793155096847e-05 8.424182358771060281e-03 6.945248292626461477e-03 9.174311926605504554e-05 1.193531061645879382e-04 0.000000000000000000e+00 0.000000000000000000e+00 4.469606674612633867e-04 0.000000000000000000e+00 0.000000000000000000e+00 0.000000000000000000e+00 0.000000000000000000e+00 0.000000000000000000e+00 0.000000000000000000e+00 0.000000000000000000e+00 0.000000000000000000e+00 0.000000000000000000e+00 0.000000000000000000e+00 0.000000000000000000e+00 0.000000000000000000e+00 0.000000000000000000e+00 2.606655660787209929e-04 0.000000000000000000e+00 3.607503607503607500e-04 0.000000000000000000e+00 1.344628210299851970e-04 0.000000000000000000e+00 0.000000000000000000e+00 0.000000000000000000e+00 0.000000000000000000e+00 0.000000000000000000e+00 5.176876617773943506e-04 0.000000000000000000e+00 1.350986219940556528e-04 0.000000000000000000e+00 3.855050115651503296e-04 0.000000000000000000e+00 1.305738721681791339e-04 0.000000000000000000e+00 0.000000000000000000e+00 0.000000000000000000e+00 3.604700724593557642e-02 1.044522783653218474e-03 2.236623725598672202e-02 6.823609689525759363e-05 1.530612244897959148e-02 0.000000000000000000e+00 2.090176171991639260e-03 2.395209580838323325e-04 0.000000000000000000e+00 0.000000000000000000e+00 4.313691657320334804e-04 0.000000000000000000e+00 7.677543186180422639e-04 0.000000000000000000e+00 9.915101939641816561e-04 0.000000000000000000e+00 2.938583602703497173e-04 0.000000000000000000e+00 2.665600426496068237e-04 0.000000000000000000e+00 0.000000000000000000e+00 0.000000000000000000e+00 0.000000000000000000e+00 0.000000000000000000e+00 0.000000000000000000e+00 0.000000000000000000e+00 0.000000000000000000e+00 0.000000000000000000e+00 0.000000000000000000e+00 0.000000000000000000e+00 0.000000000000000000e+00 0.000000000000000000e+00 0.000000000000000000e+00 0.000000000000000000e+00 0.000000000000000000e+00 0.000000000000000000e+00 0.000000000000000000e+00 0.000000000000000000e+00 0.000000000000000000e+00 0.000000000000000000e+00 0.000000000000000000e+00 0.000000000000000000e+00 0.000000000000000000e+00 0.000000000000000000e+00 0.000000000000000000e+00 0.000000000000000000e+00
0.000000000000000000e+00 0.000000000000000000e+00 3.804451207913258693e-04 7.608902415826516996e-02 4.945786570287236464e-03 0.000000000000000000e+00 0.000000000000000000e+00 1.428344707189335098e-03 5.361930294906166756e-04 3.021451392058420726e-01 0.000000000000000000e+00 1.287001287001286959e-03 0.000000000000000000e+00 2.960209279911881972e-03 1.292824822236586957e-04 1.019857543708180408e-01 0.000000000000000000e+00 0.000000000000000000e+00 0.000000000000000000e+00 2.027575020275750256e-04 2.016580775263275907e-03 1.733102253032928848e-03 1.029050898440591992e-03 1.947419668938656437e-02 6.253006253006253290e-03 1.242663428455778180e-01 3.189792663476874023e-03 1.613848690236306949e-01 0.000000000000000000e+00 1.333033775181607060e-02 5.327056491575817530e-03 3.935640699154994981e-03 0.000000000000000000e+00 1.193531061645879382e-04 0.000000000000000000e+00 0.000000000000000000e+00 0.000000000000000000e+00 0.000000000000000000e+00 0.000000000000000000e+00 0.000000000000000000e+00 0.000000000000000000e+00 0.000000000000000000e+00 0.000000000000000000e+00 0.000000000000000000e+00 0.000000000000000000e+00 0.000000000000000000e+00 0.000000000000000000e+00 1.111234581620180084e-04 0.000000000000000000e+00 0.000000000000000000e+00 0.000000000000000000e+00 1.293744744161976770e-04 0.000000000000000000e+00 0.000000000000000000e+00 0.000000000000000000e+00 9.502090459901178104e-05 0.000000000000000000e+00 1.218323586744639309e-04 0.000000000000000000e+00 0.000000000000000000e+00 0.000000000000000000e+00 0.000000000000000000e+00 0.000000000000000000e+00 0.000000000000000000e+00 0.000000000000000000e+00 1.081782778018173911e-04 0.000000000000000000e+00 7.973845785822502197e-05 0.000000000000000000e+00 0.000000000000000000e+00 1.035133654021798671e-03 1.188144666405535968e-02 7.903264048051845936e-05 1.282838621630842668e-02 0.000000000000000000e+00 2.008032128514056040e-03 0.000000000000000000e+00 3.592814371257484988e-03 0.000000000000000000e+00 0.000000000000000000e+00 0.000000000000000000e+00 3.048780487804878046e-04 0.000000000000000000e+00 1.930501930501930547e-03 0.000000000000000000e+00 2.652519893899203999e-04 0.000000000000000000e+00 2.855511136493432364e-04 0.000000000000000000e+00 5.802567636179009223e-04 0.000000000000000000e+00 3.776435045317220541e-04 0.000000000000000000e+00 1.999200319872051178e-04 0.000000000000000000e+00 7.651109410864575123e-04 0.000000000000000000e+00 0.000000000000000000e+00 0.000000000000000000e+00 0.000000000000000000e+00 0.000000000000000000e+00 0.000000000000000000e+00 0.000000000000000000e+00 0.000000000000000000e+00 0.000000000000000000e+00 0.000000000000000000e+00 0.000000000000000000e+00 0.000000000000000000e+00 0.000000000000000000e+00 0.000000000000000000e+00 0.000000000000000000e+00 0.000000000000000000e+00 0.000000000000000000e+00 0.000000000000000000e+00 0.000000000000000000e+00 0.000000000000000000e+00
1.309968017057569212e-01 1.199360341151386013e-03 2.837153518123667340e-01 4.930703624733475711e-03 1.379264392324093882e-02 0.000000000000000000e+00 0.000000000000000000e+00 6.136592075331958294e-03 2.949061662198391304e-02 2.282062984938384282e-04 8.402017468323287608e-02 8.580008580008580089e-04 2.476804375427287819e-01 2.409472669695717894e-03 1.228183581124757569e-02 1.079214331966328475e-04 5.076727818160839921e-03 4.468940861015939341e-04 1.116801821027173063e-02 6.690997566909975304e-03 0.000000000000000000e+00 0.000000000000000000e+00 2.018522916171930706e-02 5.744888023369035951e-03 1.443001443001443000e-03 2.023881805302570449e-04 9.113693324219639602e-04 0.000000000000000000e+00 1.492537313432835792e-02 3.744476896577548152e-04 5.946481665014866080e-03 1.064938071536057455e-02 5.504587155963303275e-04 8.235364325356566567e-03 3.516174402250351683e-04 0.000000000000000000e+00 1.057806912991656779e-02 1.416430594900849763e-04 5.885815185403178024e-04 0.000000000000000000e+00 1.470588235294117627e-03 0.000000000000000000e+00 1.145213009619789273e-04 0.000000000000000000e+00 1.218026796589525011e-04 0.000000000000000000e+00 1.776830135039090229e-04 0.000000000000000000e+00 4.924491135915954948e-04 0.000000000000000000e+00 8.254409592492831585e-03 0.000000000000000000e+00 0.000000000000000000e+00 0.000000000000000000e+00 1.344628210299852024e-03 0.000000000000000000e+00 6.272214091574326161e-03 0.000000000000000000e+00 9.634239918151590518e-03 1.960976566330032366e-04 1.829163071613459923e-02 0.000000000000000000e+00 2.566873817887057457e-03 1.006846556584776520e-04 1.175790285273708644e-02 2.163565556036347822e-04 2.023895018606776657e-03 7.973845785822502197e-05 3.455497382198952690e-03 0.000000000000000000e+00 9.127443219874566138e-02 3.329416372894633980e-03 2.845175057298664212e-02 4.094165813715455347e-04 1.020408163265306041e-02 0.000000000000000000e+00 5.802727182243455628e-02 8.383233532934131638e-04 0.000000000000000000e+00 0.000000000000000000e+00 3.105857993270641146e-03 1.016260162601626015e-04 1.151631477927063342e-03 0.000000000000000000e+00 2.088368346037057857e-02 0.000000000000000000e+00 1.175433441081398869e-03 0.000000000000000000e+00 7.596961215513794476e-03 0.000000000000000000e+00 4.403346543372963309e-04 3.776435045317220541e-04 2.604166666666666522e-03 0.000000000000000000e+00 8.319467554076538651e-03 0.000000000000000000e+00 0.000000000000000000e+00 0.000000000000000000e+00 2.166064981949458474e-03 0.000000000000000000e+00 1.170275014628437702e-03 0.000000000000000000e+00 3.486750348675034749e-04 0.000000000000000000e+00 8.830022075055187630e-04 6.581112207963145692e-04 0.000000000000000000e+00 6.414368184733803277e-04 0.000000000000000000e+00 2.724795640326975379e-03 0.000000000000000000e+00 6.724949562878278306e-04 0.000000000000000000e+00 0.000000000000000000e+00 0.000000000000000000e+00 0.000000000000000000e+00
4.761149023964450326e-04 1.375443051367507830e-01 6.189493731153784990e-03 2.830767603025974855e-01 4.232132465746177947e-04 1.428344707189335098e-03 6.136592075331958294e-03 0.000000000000000000e+00 3.574620196604110628e-04 1.024646280237334617e-01 1.230163611760364201e-03 1.138567138567138509e-01 2.148647328840706892e-03 2.686906237092110961e-01 9.049773755656108972e-04 2.061299374055687583e-02 2.307603553709472617e-04 5.064799642484731253e-03 7.326789016929862244e-03 9.529602595296025880e-03 0.000000000000000000e+00 0.000000000000000000e+00 2.129343782157840440e-02 2.366114897760467420e-02 7.215007215007215001e-04 1.821493624772313295e-03 2.278423331054909900e-04 1.831837332844843326e-04 4.455335263978614621e-04 1.542724481389949782e-02 1.684836471754212056e-02 5.787706910522051086e-03 3.486238532110091676e-03 2.566091782538640603e-03 0.000000000000000000e+00 4.452359750667853858e-04 1.489868891537544622e-04 9.065155807365438481e-03 0.000000000000000000e+00 3.257328990228013175e-04 0.000000000000000000e+00 0.000000000000000000e+00 0.000000000000000000e+00 2.043735949315348527e-04 0.000000000000000000e+00 7.082779991146525515e-04 0.000000000000000000e+00 0.000000000000000000e+00 1.641497045305318316e-04 6.987164881901724092e-03 0.000000000000000000e+00 5.563102399896500787e-03 0.000000000000000000e+00 3.869594659959369127e-04 0.000000000000000000e+00 4.751045229950588917e-04 0.000000000000000000e+00 7.797270955165691575e-03 8.525876033762469161e-05 1.029512697323266973e-02 2.588438308886971753e-04 1.017811704834605674e-02 0.000000000000000000e+00 3.020539669754329290e-03 0.000000000000000000e+00 1.676763305928169467e-02 0.000000000000000000e+00 3.189538314329000770e-03 1.047120418848167511e-04 7.957032027053909193e-04 4.992997625281617169e-03 9.420289855072463969e-02 3.161305619220738375e-04 3.377686796315250428e-02 0.000000000000000000e+00 3.815261044176707084e-02 0.000000000000000000e+00 5.293413173652694592e-02 0.000000000000000000e+00 1.472754050073637674e-03 0.000000000000000000e+00 2.743902439024390079e-03 0.000000000000000000e+00 0.000000000000000000e+00 6.196938712276135351e-05 4.880636604774535835e-03 0.000000000000000000e+00 0.000000000000000000e+00 0.000000000000000000e+00 2.103430768114891020e-03 0.000000000000000000e+00 7.552870090634441081e-04 0.000000000000000000e+00 5.997600959616153533e-04 1.663893510815307860e-03 7.651109410864575557e-03 0.000000000000000000e+00 3.944773175542406183e-04 0.000000000000000000e+00 3.454231433506044745e-04 0.000000000000000000e+00 0.000000000000000000e+00 0.000000000000000000e+00 1.141180306488425236e-03 0.000000000000000000e+00 3.290556103981572846e-04 0.000000000000000000e+00 0.000000000000000000e+00 0.000000000000000000e+00 0.000000000000000000e+00 0.000000000000000000e+00 0.000000000000000000e+00 1.331557922769640570e-03 0.000000000000000000e+00 0.000000000000000000e+00 0.000000000000000000e+00
5.361930294906166756e-04 0.000000000000000000e+00 1.823056300268096480e-02 1.429848078641644251e-03 4.318141197497765704e-01 5.361930294906166756e-04 2.949061662198391304e-02 3.574620196604110628e-04 0.000000000000000000e+00 6.846188954815153388e-04 1.722229056464509751e-03 0.000000000000000000e+00 2.129114171305791434e-02 2.753683051080820388e-04 1.785391079508726608e-01 6.475285991797971119e-04 6.922810661128418665e-04 0.000000000000000000e+00 3.556693697538767943e-04 0.000000000000000000e+00 7.170064978713869795e-03 0.000000000000000000e+00 3.878730309506847173e-03 1.363193768257059488e-03 6.012506012506012645e-03 1.619105444242056359e-03 1.253132832080200432e-02 1.831837332844843326e-04 2.524689982921214659e-02 0.000000000000000000e+00 2.477700693756194200e-04 1.157541382104410174e-03 0.000000000000000000e+00 0.000000000000000000e+00 0.000000000000000000e+00 0.000000000000000000e+00 1.489868891537544622e-04 0.000000000000000000e+00 0.000000000000000000e+00 0.000000000000000000e+00 0.000000000000000000e+00 0.000000000000000000e+00 0.000000000000000000e+00 0.000000000000000000e+00 0.000000000000000000e+00 0.000000000000000000e+00 1.776830135039090229e-04 0.000000000000000000e+00 0.000000000000000000e+00 0.000000000000000000e+00 8.688852202624033547e-05 0.000000000000000000e+00 0.000000000000000000e+00 0.000000000000000000e+00 1.344628210299851970e-04 0.000000000000000000e+00 1.393825353683183501e-04 0.000000000000000000e+00 1.705175206752493832e-04 0.000000000000000000e+00 1.294219154443485660e-03 0.000000000000000000e+00 6.754931099702783182e-04 0.000000000000000000e+00 1.156515034695451043e-03 0.000000000000000000e+00 6.528693608408956696e-05 0.000000000000000000e+00 0.000000000000000000e+00 0.000000000000000000e+00 2.185958716434268853e-02 1.305653479566523092e-04 2.173397613214257326e-02 1.364721937905151873e-04 5.102040816326530205e-03 0.000000000000000000e+00 2.587837165322981817e-03 0.000000000000000000e+00 0.000000000000000000e+00 0.000000000000000000e+00 5.176429988784401548e-04 0.000000000000000000e+00 7.677543186180422639e-04 0.000000000000000000e+00 6.816632583503749428e-04 0.000000000000000000e+00 5.877167205406994346e-04 0.000000000000000000e+00 0.000000000000000000e+00 0.000000000000000000e+00 0.000000000000000000e+00 0.000000000000000000e+00 3.720238095238095032e-04 0.000000000000000000e+00 0.000000000000000000e+00 0.000000000000000000e+00 0.000000000000000000e+00 0.000000000000000000e+00 0.000000000000000000e+00 3.454231433506044745e-04 0.000000000000000000e+00 0.000000000000000000e+00 0.000000000000000000e+00 0.000000000000000000e+00 0.000000000000000000e+00 0.000000000000000000e+00 0.000000000000000000e+00 0.000000000000000000e+00 0.000000000000000000e+00 0.000000000000000000e+00 0.000000000000000000e+00 0.000000000000000000e+00 0.000000000000000000e+00 0.000000000000000000e+00 0.000000000000000000e+00 0.000000000000000000e+00
0.000000000000000000e+00 1.597444089456868943e-03 1.825650387950707425e-03 2.259242355089000412e-02 5.705157462345960759e-03 3.021451392058420726e-01 2.282062984938384282e-04 1.024646280237334617e-01 6.846188954815153388e-04 0.000000000000000000e+00 0.000000000000000000e+00 3.174603174603174600e-03 9.766578767457760200e-05 2.147872779843040120e-02 2.585649644473173915e-04 1.388948845240664809e-01 0.000000000000000000e+00 4.468940861015939341e-04 0.000000000000000000e+00 2.703433360367667009e-04 2.240645305848084311e-04 0.000000000000000000e+00 2.374732842555212723e-03 1.557935735150925037e-03 3.848003848003848145e-03 6.274033596437967632e-03 1.594896331738437012e-03 1.392196372962080896e-02 0.000000000000000000e+00 1.235677375870590858e-02 4.335976214073339850e-03 9.260331056835281608e-04 0.000000000000000000e+00 1.193531061645879382e-04 0.000000000000000000e+00 0.000000000000000000e+00 0.000000000000000000e+00 0.000000000000000000e+00 0.000000000000000000e+00 0.000000000000000000e+00 0.000000000000000000e+00 0.000000000000000000e+00 0.000000000000000000e+00 0.000000000000000000e+00 0.000000000000000000e+00 0.000000000000000000e+00 0.000000000000000000e+00 0.000000000000000000e+00 0.000000000000000000e+00 0.000000000000000000e+00 0.000000000000000000e+00 1.293744744161976770e-04 0.000000000000000000e+00 0.000000000000000000e+00 0.000000000000000000e+00 9.502090459901178104e-05 0.000000000000000000e+00 0.000000000000000000e+00 0.000000000000000000e+00 9.804882831650161830e-05 0.000000000000000000e+00 0.000000000000000000e+00 0.000000000000000000e+00 1.006846556584776520e-04 0.000000000000000000e+00 1.081782778018173911e-04 0.000000000000000000e+00 0.000000000000000000e+00 0.000000000000000000e+00 0.000000000000000000e+00 7.306825793095049568e-04 8.552030291160726133e-03 7.903264048051845936e-05 1.583077447969976140e-02 0.000000000000000000e+00 1.405622489959839315e-02 9.953219866626854392e-05 2.874251497005987990e-03 0.000000000000000000e+00 0.000000000000000000e+00 0.000000000000000000e+00 6.097560975609756092e-04 0.000000000000000000e+00 2.895752895752895604e-03 0.000000000000000000e+00 2.122015915119363524e-04 0.000000000000000000e+00 2.855511136493432364e-04 0.000000000000000000e+00 7.253209545223761529e-05 0.000000000000000000e+00 0.000000000000000000e+00 0.000000000000000000e+00 0.000000000000000000e+00 0.000000000000000000e+00 0.000000000000000000e+00 0.000000000000000000e+00 0.000000000000000000e+00 0.000000000000000000e+00 0.000000000000000000e+00 0.000000000000000000e+00 0.000000000000000000e+00 0.000000000000000000e+00 0.000000000000000000e+00 0.000000000000000000e+00 3.290556103981572846e-04 0.000000000000000000e+00 0.000000000000000000e+00 0.000000000000000000e+00 0.000000000000000000e+00 0.000000000000000000e+00 0.000000000000000000e+00 0.000000000000000000e+00 0.000000000000000000e+00 0.000000000000000000e+00 0.000000000000000000e+00
2.270882027309632234e-01 7.380981670562184339e-04 2.952392668224873909e-02 1.230163611760364201e-03 6.150818058801821005e-04 0.000000000000000000e+00 8.402017468323287608e-02 1.230163611760364201e-03 1.722229056464509751e-03 0.000000000000000000e+00 0.000000000000000000e+00 0.000000000000000000e+00 1.543119445258326061e-01 0.000000000000000000e+00 4.654169360051712938e-03 0.000000000000000000e+00 6.276681666089765910e-02 1.489646953671979780e-04 1.230616019348413671e-02 1.622060016220600205e-03 0.000000000000000000e+00 0.000000000000000000e+00 1.195282197419456939e-02 9.737098344693281479e-05 0.000000000000000000e+00 0.000000000000000000e+00 0.000000000000000000e+00 0.000000000000000000e+00 4.900868790376475964e-02 0.000000000000000000e+00 1.734390485629335940e-03 4.630165528417640804e-04 2.110091743119265912e-03 7.161186369875275747e-04 3.516174402250351683e-04 0.000000000000000000e+00 4.022646007151371023e-03 0.000000000000000000e+00 0.000000000000000000e+00 0.000000000000000000e+00 0.000000000000000000e+00 0.000000000000000000e+00 0.000000000000000000e+00 0.000000000000000000e+00 0.000000000000000000e+00 0.000000000000000000e+00 0.000000000000000000e+00 0.000000000000000000e+00 0.000000000000000000e+00 0.000000000000000000e+00 3.562429403075853714e-03 0.000000000000000000e+00 0.000000000000000000e+00 0.000000000000000000e+00 2.689256420599703940e-04 0.000000000000000000e+00 1.198689804167537773e-02 6.091617933723196543e-05 3.410350413504987556e-03 9.804882831650161830e-05 4.132873166522864350e-02 0.000000000000000000e+00 8.511213185625506397e-03 0.000000000000000000e+00 1.657671549730146618e-02 0.000000000000000000e+00 1.044590977345433071e-03 2.392153735746750524e-04 1.151832460732984302e-03 1.989258006763477298e-04 3.050599768617183113e-02 7.181094137615876873e-04 1.138070022919465685e-02 0.000000000000000000e+00 0.000000000000000000e+00 0.000000000000000000e+00 1.403404001194386366e-02 0.000000000000000000e+00 0.000000000000000000e+00 0.000000000000000000e+00 4.572513156759554394e-03 0.000000000000000000e+00 0.000000000000000000e+00 0.000000000000000000e+00 1.660779574890004426e-02 0.000000000000000000e+00 0.000000000000000000e+00 0.000000000000000000e+00 3.332000533120085296e-03 0.000000000000000000e+00 8.806693086745926618e-04 0.000000000000000000e+00 3.720238095238095032e-04 0.000000000000000000e+00 1.663893510815307860e-03 0.000000000000000000e+00 6.176652254478073303e-04 0.000000000000000000e+00 0.000000000000000000e+00 0.000000000000000000e+00 0.000000000000000000e+00 0.000000000000000000e+00 0.000000000000000000e+00 0.000000000000000000e+00 0.000000000000000000e+00 0.000000000000000000e+00 0.000000000000000000e+00 0.000000000000000000e+00 0.000000000000000000e+00 0.000000000000000000e+00 0.000000000000000000e+00 0.000000000000000000e+00 0.000000000000000000e+00 0.000000000000000000e+00 0.000000000000000000e+00 0.000000000000000000e+00
2.574002574002573810e-04 1.763191763191763184e-01 1.372801372801372771e-03 3.389103389103389347e-02 0.000000000000000000e+00 1.287001287001286959e-03 8.580008580008580089e-04 1.138567138567138509e-01 0.000000000000000000e+00 3.174603174603174600e-03 0.000000000000000000e+00 0.000000000000000000e+00 1.953315753491552040e-04 2.675891504887787375e-01 0.000000000000000000e+00 8.849557522123893682e-03 0.000000000000000000e+00 5.481900789512885591e-02 1.564945226917057938e-03 1.696404433630711167e-02 0.000000000000000000e+00 0.000000000000000000e+00 3.087152695321776410e-03 1.032132424537487818e-02 2.405002405002405091e-04 2.023881805302570449e-04 0.000000000000000000e+00 0.000000000000000000e+00 0.000000000000000000e+00 6.298210140043436489e-02 1.238850346878097100e-03 2.546591040629702686e-03 2.752293577981651637e-04 4.296711821925165882e-03 0.000000000000000000e+00 4.452359750667853858e-04 0.000000000000000000e+00 2.974504249291784908e-03 0.000000000000000000e+00 3.257328990228013175e-04 0.000000000000000000e+00 0.000000000000000000e+00 0.000000000000000000e+00 0.000000000000000000e+00 0.000000000000000000e+00 2.656042496679946797e-04 0.000000000000000000e+00 1.111234581620180084e-04 0.000000000000000000e+00 1.670843776106933909e-03 0.000000000000000000e+00 4.075295944110227109e-03 0.000000000000000000e+00 1.934797329979684563e-04 0.000000000000000000e+00 6.651463321930824266e-04 0.000000000000000000e+00 3.776803118908381857e-03 0.000000000000000000e+00 2.843416021178546849e-03 8.628127696289904940e-05 1.042045316854477155e-02 0.000000000000000000e+00 1.610954490535642519e-02 0.000000000000000000e+00 1.784941583729986875e-02 0.000000000000000000e+00 1.196076867873375289e-03 0.000000000000000000e+00 1.989258006763477298e-04 7.306825793095049568e-04 3.884319101710406036e-02 7.903264048051845936e-05 1.132719208461275932e-02 0.000000000000000000e+00 2.008032128514056214e-02 0.000000000000000000e+00 1.592814371257484860e-02 0.000000000000000000e+00 7.363770250368188372e-03 0.000000000000000000e+00 1.422764227642276356e-02 3.838771593090211320e-04 0.000000000000000000e+00 0.000000000000000000e+00 1.511936339522546371e-02 0.000000000000000000e+00 0.000000000000000000e+00 0.000000000000000000e+00 6.600420686153622707e-03 0.000000000000000000e+00 0.000000000000000000e+00 0.000000000000000000e+00 0.000000000000000000e+00 0.000000000000000000e+00 7.651109410864575123e-04 0.000000000000000000e+00 0.000000000000000000e+00 0.000000000000000000e+00 0.000000000000000000e+00 0.000000000000000000e+00 0.000000000000000000e+00 0.000000000000000000e+00 0.000000000000000000e+00 0.000000000000000000e+00 6.581112207963145692e-04 0.000000000000000000e+00 0.000000000000000000e+00 4.975124378109452641e-03 0.000000000000000000e+00 0.000000000000000000e+00 6.724949562878278306e-04 0.000000000000000000e+00 0.000000000000000000e+00 1.094091903719912433e-03 0.000000000000000000e+00
2.217013380212911472e-02 9.766578767457760200e-05 6.572907510499072237e-02 1.562652602793241632e-03 3.906631506983103755e-03 0.000000000000000000e+00 2.476804375427287819e-01 2.148647328840706892e-03 2.129114171305791434e-02 9.766578767457760200e-05 1.543119445258326061e-01 1.953315753491552040e-04 0.000000000000000000e+00 6.884207627702050971e-04 1.407886231415643175e-01 0.000000000000000000e+00 1.015345563632167984e-02 0.000000000000000000e+00 7.611324512732963767e-03 4.055150040551500513e-04 0.000000000000000000e+00 0.000000000000000000e+00 3.870814533364996118e-02 1.168451801363193723e-03 9.620009620009620363e-04 0.000000000000000000e+00 4.556846662109819801e-04 0.000000000000000000e+00 9.445310759634661935e-02 0.000000000000000000e+00 2.849355797819623330e-03 2.199328625998379395e-03 1.376146788990825764e-03 7.757951900698215573e-04 0.000000000000000000e+00 0.000000000000000000e+00 2.532777115613826183e-03 0.000000000000000000e+00 0.000000000000000000e+00 0.000000000000000000e+00 2.941176470588235253e-03 0.000000000000000000e+00 0.000000000000000000e+00 0.000000000000000000e+00 0.000000000000000000e+00 0.000000000000000000e+00 1.776830135039090229e-04 0.000000000000000000e+00 0.000000000000000000e+00 0.000000000000000000e+00 1.129550786341124375e-03 0.000000000000000000e+00 0.000000000000000000e+00 0.000000000000000000e+00 0.000000000000000000e+00 0.000000000000000000e+00 2.160429298208934278e-03 0.000000000000000000e+00 1.534657686077244530e-03 0.000000000000000000e+00 1.044003451251078463e-02 0.000000000000000000e+00 4.728451769791947902e-03 0.000000000000000000e+00 4.240555127216653897e-03 0.000000000000000000e+00 5.222954886727165357e-04 0.000000000000000000e+00 8.376963350785340085e-04 1.989258006763477298e-04 2.934908360226511428e-02 3.916960438699569006e-04 3.256144787797360385e-02 6.823609689525759363e-05 5.102040816326530205e-03 0.000000000000000000e+00 3.264656116253607937e-02 1.197604790419161663e-04 0.000000000000000000e+00 0.000000000000000000e+00 3.882322491588301432e-03 0.000000000000000000e+00 1.573896353166986603e-02 0.000000000000000000e+00 9.419346842659725300e-03 0.000000000000000000e+00 2.938583602703497173e-04 0.000000000000000000e+00 1.199520191923230707e-03 0.000000000000000000e+00 0.000000000000000000e+00 0.000000000000000000e+00 2.604166666666666522e-03 0.000000000000000000e+00 6.655574043261231441e-03 0.000000000000000000e+00 0.000000000000000000e+00 0.000000000000000000e+00 0.000000000000000000e+00 0.000000000000000000e+00 1.170275014628437702e-03 0.000000000000000000e+00 6.973500697350069498e-04 0.000000000000000000e+00 8.830022075055187630e-04 3.290556103981572846e-04 0.000000000000000000e+00 0.000000000000000000e+00 0.000000000000000000e+00 0.000000000000000000e+00 0.000000000000000000e+00 0.000000000000000000e+00 0.000000000000000000e+00 0.000000000000000000e+00 0.000000000000000000e+00 0.000000000000000000e+00
