0.000000000000000000e+00 2.029733819994658517e-02 6.293576275913358165e-02 3.716682595306360862e-03 0.000000000000000000e+00 0.000000000000000000e+00 1.069275515600211501e-01 3.923715667487909058e-03 1.251956181533646221e-03 0.000000000000000000e+00 2.541448516579406514e-01 1.457253886010362667e-03 1.994979521733386205e-02 1.332800213248034119e-04 8.212428141253764026e-04 0.000000000000000000e+00 4.428676290677759086e-02 4.968383017163504820e-03 3.522259967816913917e-02 2.864954826438421281e-02 0.000000000000000000e+00 0.000000000000000000e+00 2.810492505353319025e-03 4.822375823822536395e-04 0.000000000000000000e+00 0.000000000000000000e+00 0.000000000000000000e+00 0.000000000000000000e+00 3.428829235280848181e-02 1.333606893721789050e-03 3.178928247048138159e-03 1.769598301185630791e-04 1.808103471030751003e-02 1.819944001723023883e-02 0.000000000000000000e+00 0.000000000000000000e+00 4.929716887745001080e-02 8.504847763225038782e-04 5.505505505505505458e-03 0.000000000000000000e+00 1.408450704225352144e-02 0.000000000000000000e+00 0.000000000000000000e+00 0.000000000000000000e+00 3.339455668725997933e-04 0.000000000000000000e+00 0.000000000000000000e+00 0.000000000000000000e+00 6.285355122564425037e-04 0.000000000000000000e+00 7.309566555527058362e-03 1.020304050607080898e-04 0.000000000000000000e+00 0.000000000000000000e+00 3.130664030318009404e-03 0.000000000000000000e+00 2.246459216375478185e-01 2.168835502168835628e-03 3.642191142191142372e-02 8.887572211524218981e-04 5.886659833064870201e-02 0.000000000000000000e+00 4.527296937416777980e-03 1.501501501501501434e-04 4.540511147362696898e-02 8.844339622641509639e-04 3.857476398335194564e-03 5.731972945087699181e-04 8.552958727001491734e-02 1.140684410646387870e-02 9.658236010603997446e-02 1.277760876178886569e-03 2.970985691573926890e-02 2.321299927959657224e-03 0.000000000000000000e+00 0.000000000000000000e+00 6.264803410705827025e-02 1.580670655978322174e-03 6.442166910688140735e-02 0.000000000000000000e+00 5.157861831822444822e-03 0.000000000000000000e+00 0.000000000000000000e+00 0.000000000000000000e+00 2.162788452254513910e-02 8.899964400142399909e-05 5.552470849528040467e-04 0.000000000000000000e+00 2.102649006622516609e-02 1.331380641725469268e-04 4.978662873399715416e-03 8.779631255487269558e-04 3.984063745019920250e-03 6.675567423230974445e-04 2.356902356902356929e-02 4.032258064516128920e-03 1.900237529691211399e-03 0.000000000000000000e+00 2.192982456140350755e-03 1.787310098302055368e-03 1.152737752161383340e-03 8.936550491510276842e-04 6.644518272425249542e-04 5.961251862891207148e-04 2.225189141076991482e-03 0.000000000000000000e+00 7.702182284980744857e-03 0.000000000000000000e+00 0.000000000000000000e+00 0.000000000000000000e+00 8.285004142502070800e-04 1.314060446780551932e-03 0.000000000000000000e+00 0.000000000000000000e+00 9.389671361502347196e-04 3.424657534246575152e-03
2.029733819994658517e-02 0.000000000000000000e+00 2.974807102351956656e-03 5.861739407454603229e-02 0.000000000000000000e+00 0.000000000000000000e+00 3.490216816499206766e-03 6.770690756455881310e-02 0.000000000000000000e+00 2.738225629791894798e-03 1.745200698080279266e-03 8.759715025906736341e-02 0.000000000000000000e+00 1.785952285752365892e-02 0.000000000000000000e+00 1.249553730810424798e-03 1.223391240518717895e-03 2.009936766034326958e-02 2.413731450026819145e-02 1.040180694246314735e-01 0.000000000000000000e+00 0.000000000000000000e+00 5.353319057815846124e-04 6.429834431763382582e-04 0.000000000000000000e+00 0.000000000000000000e+00 0.000000000000000000e+00 0.000000000000000000e+00 1.240694789081885855e-03 4.000820681165367237e-02 4.995458673932788411e-03 3.539196602371261582e-04 2.045664511020192644e-02 1.410725823820805497e-02 0.000000000000000000e+00 0.000000000000000000e+00 0.000000000000000000e+00 9.831604014288143623e-02 0.000000000000000000e+00 9.371745921555015360e-03 0.000000000000000000e+00 2.004008016032063962e-03 0.000000000000000000e+00 5.916284573287975204e-04 0.000000000000000000e+00 4.329004329004329001e-04 0.000000000000000000e+00 0.000000000000000000e+00 2.095118374188141498e-04 2.403485053327324671e-03 1.282380097460887299e-04 3.367003367003366856e-03 0.000000000000000000e+00 1.858390633711206144e-04 0.000000000000000000e+00 2.206287920573635035e-03 4.238602295048072080e-03 2.102936269602936337e-01 1.311188811188811242e-03 1.777514442304843623e-02 8.786059452335627214e-04 5.737199259716224686e-02 2.663115845539280814e-04 2.327327327327327264e-02 0.000000000000000000e+00 4.761202830188679402e-02 1.218150441579534966e-03 3.553823225954373492e-03 3.033316757831924435e-02 1.868187579214195260e-01 7.881349860285161201e-04 5.384849406753879075e-02 6.955484896661366743e-04 2.153205795245337340e-02 0.000000000000000000e+00 3.048780487804878155e-03 3.789673140691615389e-03 4.933950547589477376e-02 0.000000000000000000e+00 0.000000000000000000e+00 1.562988433885589151e-04 6.383777694329703309e-03 0.000000000000000000e+00 9.615384615384615918e-04 1.931061118084387458e-04 1.931292274830900824e-02 0.000000000000000000e+00 0.000000000000000000e+00 0.000000000000000000e+00 2.170150446012514972e-02 0.000000000000000000e+00 6.145741878841089016e-03 3.621876131836291235e-04 7.343124165554071672e-03 6.734006734006733712e-03 6.854838709677418818e-02 0.000000000000000000e+00 4.640371229698375677e-03 5.482456140350876889e-04 3.574620196604110737e-03 5.763688760806916700e-04 3.574620196604110737e-03 3.322259136212624771e-04 3.874813710879284646e-03 0.000000000000000000e+00 4.712939160239931757e-03 0.000000000000000000e+00 4.285714285714285927e-03 4.854368932038834877e-02 5.893909626719056986e-03 2.485501242750621457e-03 5.256241787122207729e-03 0.000000000000000000e+00 0.000000000000000000e+00 9.389671361502347196e-04 0.000000000000000000e+00
6.293576275913358165e-02 2.974807102351956656e-03 0.000000000000000000e+00 3.398109801422958664e-03 7.451471509079524158e-02 2.143048486472006603e-03 2.734003172924378555e-01 1.377862943699242546e-02 4.413145539906103421e-02 1.095290251916757919e-03 2.705061082024432656e-02 5.829015544041450669e-03 3.738935130136081253e-02 4.664800746368119415e-03 1.916233232959211469e-02 2.142092109960728411e-03 9.787129924149743157e-03 1.806684733514001733e-03 1.070981584123010949e-01 6.300523062291963836e-03 1.386962552011095735e-03 1.397298556124825387e-03 1.619379014989293375e-01 6.751326153351551278e-03 4.292646509891750312e-02 4.358485426314355829e-03 1.956947162426614373e-03 0.000000000000000000e+00 5.064290548161515942e-02 2.667213787443578100e-03 1.771117166212534191e-02 1.397982657936648436e-02 8.842549821829219156e-03 7.215162610381219317e-03 0.000000000000000000e+00 0.000000000000000000e+00 1.425460304890120711e-02 8.504847763225038782e-04 0.000000000000000000e+00 0.000000000000000000e+00 2.012072434607646045e-03 2.004008016032063962e-03 5.373455131649651105e-04 0.000000000000000000e+00 2.337618968108198282e-03 1.443001443001443000e-04 0.000000000000000000e+00 0.000000000000000000e+00 7.542426147077310045e-03 1.502178158329577919e-04 1.192613490638625220e-02 1.020304050607080898e-04 7.217610970768675036e-04 0.000000000000000000e+00 2.306805074971165007e-03 0.000000000000000000e+00 1.033805437816602904e-02 5.839172505839172094e-04 3.015734265734265618e-02 2.962524070508072813e-04 8.053887831307659020e-03 0.000000000000000000e+00 2.663115845539280814e-04 0.000000000000000000e+00 1.685698749320282616e-02 1.474056603773584849e-04 2.060704497005380262e-02 0.000000000000000000e+00 4.972650422675285731e-03 0.000000000000000000e+00 4.922261230923551112e-02 4.137511408579251995e-03 9.052066772655008309e-02 5.042823981429600880e-03 8.733624454148471161e-03 0.000000000000000000e+00 7.188536238749407281e-02 4.177486733656994751e-03 1.464128843338213803e-03 0.000000000000000000e+00 1.562988433885589314e-03 0.000000000000000000e+00 0.000000000000000000e+00 0.000000000000000000e+00 6.082842521965820155e-03 1.779992880028479982e-04 5.552470849528040467e-04 0.000000000000000000e+00 6.953642384105960042e-03 0.000000000000000000e+00 2.489331436699857708e-03 8.779631255487269558e-04 2.535313292285403756e-03 2.002670226969292550e-03 1.414141414141414227e-02 2.016129032258064460e-03 2.850356294536817315e-03 0.000000000000000000e+00 1.644736842105263067e-03 8.936550491510276842e-04 0.000000000000000000e+00 0.000000000000000000e+00 1.661129568106312331e-03 2.980625931445603574e-04 1.335113484646194889e-03 4.284490145672665185e-04 3.851091142490372429e-03 0.000000000000000000e+00 0.000000000000000000e+00 0.000000000000000000e+00 0.000000000000000000e+00 0.000000000000000000e+00 0.000000000000000000e+00 0.000000000000000000e+00 1.877934272300469439e-03 9.132420091324200406e-03
3.716682595306360862e-03 5.861739407454603229e-02 3.398109801422958664e-03 0.000000000000000000e+00 3.130870381966186443e-04 5.652290383069916851e-02 4.865150713907985189e-03 2.316817227849256311e-01 9.389671361502347196e-04 2.738225629791894711e-02 1.963350785340314038e-03 5.618523316062176004e-02 1.981767736821244373e-03 3.185392509662801630e-02 2.737476047084587828e-04 3.052481256694037845e-02 0.000000000000000000e+00 1.422764227642276356e-02 7.509386733416770730e-03 1.112696148359486464e-01 0.000000000000000000e+00 4.657661853749417956e-04 7.093147751605995491e-03 1.372769651181482142e-01 7.465472191116088140e-04 1.688913102696812732e-02 0.000000000000000000e+00 4.975124378109452425e-04 1.015113918339724790e-03 2.646696758309396644e-02 7.493188010899182183e-03 1.114846929746947379e-02 4.091329022040385462e-03 7.215162610381219317e-03 0.000000000000000000e+00 5.494505494505494501e-04 1.979805979014056573e-04 3.095764585813913852e-02 0.000000000000000000e+00 1.041305102395001731e-03 0.000000000000000000e+00 1.202404809619238464e-02 0.000000000000000000e+00 0.000000000000000000e+00 0.000000000000000000e+00 1.010101010101010100e-03 0.000000000000000000e+00 0.000000000000000000e+00 0.000000000000000000e+00 5.257623554153522880e-03 1.282380097460887299e-04 4.387307417610447971e-03 0.000000000000000000e+00 0.000000000000000000e+00 1.647717910693689174e-04 3.677146534289391544e-04 5.169027189083014520e-04 1.543209876543209791e-02 1.019813519813519758e-03 1.762701821952303294e-02 0.000000000000000000e+00 2.159161011721159786e-03 0.000000000000000000e+00 7.507507507507507442e-04 2.718868950516584865e-04 1.356132075471698159e-02 0.000000000000000000e+00 1.203714318468416915e-02 1.491795126802585763e-03 1.064638783269961954e-02 1.146378161496023566e-03 2.488591420748402852e-02 2.980922098569157609e-03 5.555110862082766193e-02 0.000000000000000000e+00 9.146341463414633596e-03 2.368545712932259781e-03 5.871062436490911279e-02 0.000000000000000000e+00 0.000000000000000000e+00 0.000000000000000000e+00 7.510326699211415657e-04 0.000000000000000000e+00 0.000000000000000000e+00 9.655305590421937292e-05 1.334994660021359986e-03 0.000000000000000000e+00 0.000000000000000000e+00 0.000000000000000000e+00 2.662761283450938536e-04 3.556187766714082672e-04 1.755926251097453912e-03 7.243752263672582469e-04 3.337783711615487439e-03 5.387205387205387490e-03 3.629032258064516375e-02 0.000000000000000000e+00 4.640371229698375677e-03 2.192982456140350755e-03 1.787310098302055368e-03 0.000000000000000000e+00 8.936550491510276842e-04 0.000000000000000000e+00 2.086438152011922502e-03 0.000000000000000000e+00 2.142245072836332538e-03 0.000000000000000000e+00 0.000000000000000000e+00 2.912621359223301065e-02 0.000000000000000000e+00 4.142502071251035617e-03 0.000000000000000000e+00 3.472222222222222029e-03 0.000000000000000000e+00 2.816901408450704376e-03 1.141552511415525051e-03
0.000000000000000000e+00 0.000000000000000000e+00 7.451471509079524158e-02 3.130870381966186443e-04 0.000000000000000000e+00 5.357621216180016507e-04 1.713379164463247131e-02 3.649968062779450437e-04 2.985915492957746387e-01 1.642935377875136879e-03 2.181500872600349082e-04 0.000000000000000000e+00 5.945303210463733987e-03 1.332800213248034119e-04 7.966055297016151615e-02 3.570153516601214019e-04 0.000000000000000000e+00 0.000000000000000000e+00 1.072769533345253054e-03 0.000000000000000000e+00 8.321775312066573976e-03 1.863064741499767182e-03 2.957708779443254943e-02 4.822375823822536395e-04 1.041433370660694302e-01 5.448106782892944353e-03 1.118721461187214550e-01 4.975124378109452425e-04 4.060455673358899162e-03 0.000000000000000000e+00 8.174386920980925703e-03 1.769598301185630954e-03 0.000000000000000000e+00 0.000000000000000000e+00 0.000000000000000000e+00 0.000000000000000000e+00 0.000000000000000000e+00 0.000000000000000000e+00 0.000000000000000000e+00 0.000000000000000000e+00 0.000000000000000000e+00 0.000000000000000000e+00 0.000000000000000000e+00 0.000000000000000000e+00 0.000000000000000000e+00 0.000000000000000000e+00 0.000000000000000000e+00 0.000000000000000000e+00 0.000000000000000000e+00 0.000000000000000000e+00 0.000000000000000000e+00 0.000000000000000000e+00 0.000000000000000000e+00 0.000000000000000000e+00 0.000000000000000000e+00 0.000000000000000000e+00 0.000000000000000000e+00 0.000000000000000000e+00 0.000000000000000000e+00 0.000000000000000000e+00 0.000000000000000000e+00 0.000000000000000000e+00 0.000000000000000000e+00 0.000000000000000000e+00 0.000000000000000000e+00 0.000000000000000000e+00 0.000000000000000000e+00 0.000000000000000000e+00 0.000000000000000000e+00 0.000000000000000000e+00 1.705237515225335038e-02 4.867660480681472489e-04 2.603338632750397397e-02 8.004482510205714800e-05 0.000000000000000000e+00 0.000000000000000000e+00 4.737091425864519236e-04 1.129050468555944410e-04 0.000000000000000000e+00 0.000000000000000000e+00 0.000000000000000000e+00 0.000000000000000000e+00 0.000000000000000000e+00 0.000000000000000000e+00 9.655305590421937292e-05 0.000000000000000000e+00 0.000000000000000000e+00 0.000000000000000000e+00 0.000000000000000000e+00 0.000000000000000000e+00 0.000000000000000000e+00 0.000000000000000000e+00 0.000000000000000000e+00 0.000000000000000000e+00 0.000000000000000000e+00 0.000000000000000000e+00 0.000000000000000000e+00 0.000000000000000000e+00 0.000000000000000000e+00 0.000000000000000000e+00 0.000000000000000000e+00 0.000000000000000000e+00 0.000000000000000000e+00 0.000000000000000000e+00 0.000000000000000000e+00 0.000000000000000000e+00 0.000000000000000000e+00 0.000000000000000000e+00 0.000000000000000000e+00 0.000000000000000000e+00 0.000000000000000000e+00 0.000000000000000000e+00 0.000000000000000000e+00 0.000000000000000000e+00 0.000000000000000000e+00 0.000000000000000000e+00
0.000000000000000000e+00 0.000000000000000000e+00 2.143048486472006603e-03 5.652290383069916851e-02 5.357621216180016507e-04 0.000000000000000000e+00 4.230565838180856686e-04 5.657450497308148286e-03 3.129890453834115877e-03 2.412376779846659436e-01 0.000000000000000000e+00 3.238341968911917219e-04 3.963535473642489288e-04 3.998400639744102356e-04 8.212428141253764026e-04 1.024634059264548369e-01 0.000000000000000000e+00 0.000000000000000000e+00 1.787949222242088334e-04 1.188777936281502651e-04 2.080443828016643494e-03 2.934326967862133095e-02 8.029978586723768644e-04 3.343513904516958596e-02 2.986188876446435256e-03 1.095069463361481865e-01 3.261578604044357288e-04 1.572139303482587014e-01 0.000000000000000000e+00 8.309396799343454418e-03 3.178928247048138159e-03 5.485754733675455262e-03 0.000000000000000000e+00 3.230669825543829618e-04 0.000000000000000000e+00 5.494505494505494501e-04 0.000000000000000000e+00 0.000000000000000000e+00 0.000000000000000000e+00 0.000000000000000000e+00 0.000000000000000000e+00 0.000000000000000000e+00 0.000000000000000000e+00 0.000000000000000000e+00 0.000000000000000000e+00 0.000000000000000000e+00 0.000000000000000000e+00 0.000000000000000000e+00 0.000000000000000000e+00 0.000000000000000000e+00 0.000000000000000000e+00 0.000000000000000000e+00 0.000000000000000000e+00 1.858390633711206144e-04 0.000000000000000000e+00 1.838573267144695772e-04 0.000000000000000000e+00 0.000000000000000000e+00 0.000000000000000000e+00 0.000000000000000000e+00 0.000000000000000000e+00 0.000000000000000000e+00 0.000000000000000000e+00 0.000000000000000000e+00 0.000000000000000000e+00 1.474056603773584849e-04 0.000000000000000000e+00 1.146394589017539836e-04 0.000000000000000000e+00 2.534854245880861692e-04 7.164863509350146743e-04 1.417706114998478796e-02 9.936406995230525274e-05 2.073160970143280227e-02 0.000000000000000000e+00 0.000000000000000000e+00 0.000000000000000000e+00 6.774302811335666460e-04 0.000000000000000000e+00 0.000000000000000000e+00 0.000000000000000000e+00 1.877581674802853914e-04 0.000000000000000000e+00 0.000000000000000000e+00 0.000000000000000000e+00 0.000000000000000000e+00 0.000000000000000000e+00 0.000000000000000000e+00 0.000000000000000000e+00 0.000000000000000000e+00 0.000000000000000000e+00 0.000000000000000000e+00 0.000000000000000000e+00 0.000000000000000000e+00 0.000000000000000000e+00 0.000000000000000000e+00 0.000000000000000000e+00 0.000000000000000000e+00 0.000000000000000000e+00 0.000000000000000000e+00 0.000000000000000000e+00 0.000000000000000000e+00 0.000000000000000000e+00 0.000000000000000000e+00 0.000000000000000000e+00 0.000000000000000000e+00 0.000000000000000000e+00 0.000000000000000000e+00 0.000000000000000000e+00 0.000000000000000000e+00 0.000000000000000000e+00 0.000000000000000000e+00 0.000000000000000000e+00 0.000000000000000000e+00 0.000000000000000000e+00 0.000000000000000000e+00
1.069275515600211501e-01 3.490216816499206766e-03 2.734003172924378555e-01 4.865150713907985189e-03 1.713379164463247131e-02 4.230565838180856686e-04 0.000000000000000000e+00 1.724609909663290391e-02 1.039123630672926513e-01 1.369112814895947399e-03 5.650087260034904191e-02 4.371761658031088002e-03 1.812656889945831740e-01 5.731040916966546710e-03 2.189980837667670262e-03 2.856122813280971215e-03 7.095669195008563745e-03 2.935862691960253006e-03 4.827462900053638636e-03 8.559201141226819090e-03 0.000000000000000000e+00 0.000000000000000000e+00 1.632762312633832813e-02 9.323259926056903443e-03 2.202314296379246153e-02 2.996458730591119741e-03 1.956947162426614373e-03 0.000000000000000000e+00 1.567787051658019529e-02 3.077554370127205501e-03 1.021798365122615800e-02 1.097150946735091052e-02 2.771545466543486828e-03 7.215162610381219317e-03 1.020408163265306214e-03 5.494505494505494501e-04 9.899029895070283677e-04 3.401939105290015079e-04 0.000000000000000000e+00 0.000000000000000000e+00 0.000000000000000000e+00 2.004008016032063962e-03 1.791151710549883521e-04 0.000000000000000000e+00 5.009183503088996629e-04 0.000000000000000000e+00 2.663115845539280814e-04 0.000000000000000000e+00 2.514142049025770015e-03 1.502178158329577919e-04 5.898948448320081792e-03 2.040608101214161797e-04 3.608805485384337518e-04 0.000000000000000000e+00 5.437469105289174411e-03 0.000000000000000000e+00 4.652124470174713068e-03 1.668335001668335078e-04 6.555944055944055993e-03 0.000000000000000000e+00 1.581490701420413050e-02 0.000000000000000000e+00 1.065246338215712326e-03 0.000000000000000000e+00 2.392604676454595028e-02 0.000000000000000000e+00 2.537813419957364765e-03 1.146394589017539836e-04 4.972650422675285514e-04 0.000000000000000000e+00 8.203768718205918520e-02 6.267112868877395410e-03 3.090222575516693090e-02 7.123989434083086159e-03 0.000000000000000000e+00 6.097560975609756309e-03 1.918522027475130440e-02 5.419442249068533168e-03 0.000000000000000000e+00 0.000000000000000000e+00 2.813379180994060851e-03 0.000000000000000000e+00 1.011122345803842307e-03 0.000000000000000000e+00 1.680023172733417086e-02 8.899964400142399909e-05 1.110494169905608093e-03 0.000000000000000000e+00 1.655629139072847811e-02 0.000000000000000000e+00 3.556187766714082672e-04 0.000000000000000000e+00 0.000000000000000000e+00 0.000000000000000000e+00 4.040404040404040401e-03 4.032258064516128920e-03 0.000000000000000000e+00 0.000000000000000000e+00 0.000000000000000000e+00 1.787310098302055368e-03 0.000000000000000000e+00 0.000000000000000000e+00 0.000000000000000000e+00 2.980625931445603574e-04 0.000000000000000000e+00 0.000000000000000000e+00 1.283697047496790665e-03 0.000000000000000000e+00 0.000000000000000000e+00 0.000000000000000000e+00 0.000000000000000000e+00 0.000000000000000000e+00 3.472222222222222029e-03 1.248439450686641711e-03 0.000000000000000000e+00 0.000000000000000000e+00
3.923715667487909058e-03 6.770690756455881310e-02 1.377862943699242546e-02 2.316817227849256311e-01 3.649968062779450437e-04 5.657450497308148286e-03 1.724609909663290391e-02 0.000000000000000000e+00 3.755868544600938878e-03 9.063526834611171368e-02 6.980802792321117063e-03 6.347150259067357858e-02 1.109789932619897022e-02 2.323070771691323477e-01 3.011223651793046990e-03 3.123884327026062169e-02 2.202104232933692167e-03 8.130081300813008990e-03 1.233684963347041023e-02 9.272467902995721115e-03 6.934812760055478675e-04 0.000000000000000000e+00 3.131691648822269858e-02 3.198842629802282900e-02 2.986188876446435256e-03 1.634432034867883436e-03 3.261578604044357288e-04 0.000000000000000000e+00 4.511617414843221291e-03 2.892901107919573084e-02 2.974568574023614756e-02 1.061758980711378572e-02 6.994852844133561849e-03 5.384449709239715921e-03 1.020408163265306214e-03 0.000000000000000000e+00 3.959611958028113146e-04 1.700969552645007756e-03 0.000000000000000000e+00 0.000000000000000000e+00 0.000000000000000000e+00 2.004008016032063962e-03 0.000000000000000000e+00 0.000000000000000000e+00 0.000000000000000000e+00 2.886002886002886000e-04 0.000000000000000000e+00 0.000000000000000000e+00 0.000000000000000000e+00 3.004356316659155621e-03 0.000000000000000000e+00 3.264972961942658874e-03 0.000000000000000000e+00 1.858390633711206144e-04 0.000000000000000000e+00 1.103143960286817517e-03 3.101416313449808495e-04 3.670337003670337116e-03 4.370629370629370626e-04 7.110057769219375184e-03 1.464343242055937959e-04 1.079580505860579936e-02 0.000000000000000000e+00 3.453453453453453597e-03 2.718868950516584865e-04 2.992334905660377214e-02 9.136128311846513327e-04 2.292789178035079672e-03 0.000000000000000000e+00 0.000000000000000000e+00 9.529268467435694778e-03 9.607544873745056668e-02 1.023449920508744115e-02 3.169775074041462914e-02 0.000000000000000000e+00 1.219512195121951262e-02 1.172430127901468583e-02 1.941966805916224559e-02 0.000000000000000000e+00 0.000000000000000000e+00 1.562988433885589151e-04 3.567405182125422437e-03 0.000000000000000000e+00 0.000000000000000000e+00 0.000000000000000000e+00 1.326094695621217456e-02 0.000000000000000000e+00 0.000000000000000000e+00 3.311258278145695361e-04 8.254559978697909028e-03 0.000000000000000000e+00 8.779631255487269558e-04 3.621876131836291235e-04 0.000000000000000000e+00 1.346801346801346872e-03 4.032258064516128920e-03 0.000000000000000000e+00 0.000000000000000000e+00 0.000000000000000000e+00 0.000000000000000000e+00 0.000000000000000000e+00 0.000000000000000000e+00 0.000000000000000000e+00 0.000000000000000000e+00 0.000000000000000000e+00 0.000000000000000000e+00 0.000000000000000000e+00 0.000000000000000000e+00 0.000000000000000000e+00 0.000000000000000000e+00 8.285004142502070800e-04 0.000000000000000000e+00 0.000000000000000000e+00 0.000000000000000000e+00 0.000000000000000000e+00 0.000000000000000000e+00
1.251956181533646221e-03 0.000000000000000000e+00 4.413145539906103421e-02 9.389671361502347196e-04 2.985915492957746387e-01 3.129890453834115877e-03 1.039123630672926513e-01 3.755868544600938878e-03 0.000000000000000000e+00 3.285870755750273757e-03 4.363001745200698164e-04 0.000000000000000000e+00 4.267406526621746882e-02 2.665600426496068237e-04 2.055844511360525595e-01 1.428061406640485607e-03 0.000000000000000000e+00 0.000000000000000000e+00 0.000000000000000000e+00 2.377555872563005303e-04 3.467406380027739446e-03 9.315323707498835912e-04 6.423982869379014915e-03 8.037293039704227144e-04 3.359462486002239446e-03 7.899754835194769398e-03 1.174168297455968624e-02 2.487562189054726212e-04 7.782540040604557161e-03 2.051702913418137000e-04 4.768392370572207238e-03 3.716156432489824742e-03 1.319783555496898580e-04 1.076889941847943206e-04 5.102040816326531072e-04 0.000000000000000000e+00 0.000000000000000000e+00 0.000000000000000000e+00 0.000000000000000000e+00 0.000000000000000000e+00 0.000000000000000000e+00 0.000000000000000000e+00 0.000000000000000000e+00 0.000000000000000000e+00 0.000000000000000000e+00 0.000000000000000000e+00 0.000000000000000000e+00 0.000000000000000000e+00 0.000000000000000000e+00 0.000000000000000000e+00 0.000000000000000000e+00 0.000000000000000000e+00 0.000000000000000000e+00 0.000000000000000000e+00 0.000000000000000000e+00 0.000000000000000000e+00 0.000000000000000000e+00 0.000000000000000000e+00 1.456876456876456875e-04 0.000000000000000000e+00 0.000000000000000000e+00 0.000000000000000000e+00 0.000000000000000000e+00 0.000000000000000000e+00 0.000000000000000000e+00 0.000000000000000000e+00 1.015125367982945895e-04 2.292789178035079672e-04 0.000000000000000000e+00 0.000000000000000000e+00 1.182202479042774278e-02 3.042287800425920170e-04 1.748807631160572210e-02 1.200672376530857342e-03 8.733624454148471161e-03 0.000000000000000000e+00 1.894836570345807695e-03 1.129050468555944410e-04 0.000000000000000000e+00 0.000000000000000000e+00 3.125976867771178302e-04 0.000000000000000000e+00 0.000000000000000000e+00 0.000000000000000000e+00 9.655305590421937292e-05 0.000000000000000000e+00 0.000000000000000000e+00 0.000000000000000000e+00 1.655629139072847681e-04 0.000000000000000000e+00 0.000000000000000000e+00 0.000000000000000000e+00 0.000000000000000000e+00 0.000000000000000000e+00 0.000000000000000000e+00 0.000000000000000000e+00 0.000000000000000000e+00 0.000000000000000000e+00 0.000000000000000000e+00 0.000000000000000000e+00 0.000000000000000000e+00 0.000000000000000000e+00 0.000000000000000000e+00 0.000000000000000000e+00 0.000000000000000000e+00 0.000000000000000000e+00 0.000000000000000000e+00 0.000000000000000000e+00 0.000000000000000000e+00 0.000000000000000000e+00 0.000000000000000000e+00 0.000000000000000000e+00 0.000000000000000000e+00 0.000000000000000000e+00 0.000000000000000000e+00 0.000000000000000000e+00
0.000000000000000000e+00 2.738225629791894798e-03 1.095290251916757919e-03 2.738225629791894711e-02 1.642935377875136879e-03 2.412376779846659436e-01 1.369112814895947399e-03 9.063526834611171368e-02 3.285870755750273757e-03 0.000000000000000000e+00 0.000000000000000000e+00 1.781088082901554443e-03 1.321178491214163096e-04 7.463681194188991064e-03 3.011223651793046990e-03 2.302749018207782827e-01 0.000000000000000000e+00 0.000000000000000000e+00 0.000000000000000000e+00 5.943889681407513257e-04 6.934812760055478675e-04 2.794597112249650774e-03 1.338329764453961368e-03 7.394309596527889536e-03 1.493094438223217628e-03 4.712612367202397012e-02 0.000000000000000000e+00 4.054726368159203981e-02 1.127904353710805323e-04 6.668034468608945685e-03 7.039055404178019837e-03 4.070076092726950846e-03 0.000000000000000000e+00 2.153779883695886412e-04 0.000000000000000000e+00 0.000000000000000000e+00 0.000000000000000000e+00 0.000000000000000000e+00 0.000000000000000000e+00 0.000000000000000000e+00 0.000000000000000000e+00 0.000000000000000000e+00 0.000000000000000000e+00 0.000000000000000000e+00 0.000000000000000000e+00 0.000000000000000000e+00 0.000000000000000000e+00 0.000000000000000000e+00 0.000000000000000000e+00 0.000000000000000000e+00 0.000000000000000000e+00 2.040608101214161797e-04 0.000000000000000000e+00 0.000000000000000000e+00 0.000000000000000000e+00 0.000000000000000000e+00 0.000000000000000000e+00 0.000000000000000000e+00 0.000000000000000000e+00 0.000000000000000000e+00 0.000000000000000000e+00 6.169031462060456687e-04 0.000000000000000000e+00 3.003003003003002869e-04 0.000000000000000000e+00 1.474056603773585012e-03 0.000000000000000000e+00 0.000000000000000000e+00 0.000000000000000000e+00 2.534854245880861692e-04 9.314322562155191200e-04 6.997261940979616554e-03 5.961844197138314351e-04 1.640918914592171679e-02 0.000000000000000000e+00 9.146341463414633596e-03 2.368545712932259618e-04 2.596816077678672143e-03 0.000000000000000000e+00 0.000000000000000000e+00 0.000000000000000000e+00 3.755163349605707829e-04 0.000000000000000000e+00 0.000000000000000000e+00 0.000000000000000000e+00 5.339978640085439945e-04 0.000000000000000000e+00 0.000000000000000000e+00 0.000000000000000000e+00 1.065104513380375414e-03 0.000000000000000000e+00 0.000000000000000000e+00 0.000000000000000000e+00 0.000000000000000000e+00 6.734006734006734362e-04 4.032258064516128920e-03 0.000000000000000000e+00 0.000000000000000000e+00 0.000000000000000000e+00 0.000000000000000000e+00 0.000000000000000000e+00 0.000000000000000000e+00 0.000000000000000000e+00 2.980625931445603574e-04 0.000000000000000000e+00 0.000000000000000000e+00 0.000000000000000000e+00 0.000000000000000000e+00 0.000000000000000000e+00 0.000000000000000000e+00 0.000000000000000000e+00 0.000000000000000000e+00 0.000000000000000000e+00 0.000000000000000000e+00 0.000000000000000000e+00 0.000000000000000000e+00
2.541448516579406514e-01 1.745200698080279266e-03 2.705061082024432656e-02 1.963350785340314038e-03 2.181500872600349082e-04 0.000000000000000000e+00 5.650087260034904191e-02 6.980802792321117063e-03 4.363001745200698164e-04 0.000000000000000000e+00 0.000000000000000000e+00 9.715025906735751116e-04 1.408376271634297905e-01 2.665600426496068237e-04 3.011223651793046990e-03 0.000000000000000000e+00 5.407389283092733229e-02 2.258355916892502166e-04 1.090649025567673805e-02 2.258678078934854821e-03 0.000000000000000000e+00 0.000000000000000000e+00 2.676659528907922737e-03 1.125221025558591952e-03 3.732736095558044070e-04 0.000000000000000000e+00 3.261578604044357288e-04 0.000000000000000000e+00 4.004060455673359026e-02 2.051702913418137000e-04 1.362397820163487689e-03 5.308794903556892644e-04 3.563415599841625921e-03 1.292267930217531847e-03 0.000000000000000000e+00 0.000000000000000000e+00 1.979805979014056573e-04 0.000000000000000000e+00 0.000000000000000000e+00 0.000000000000000000e+00 0.000000000000000000e+00 0.000000000000000000e+00 3.582303421099767042e-04 0.000000000000000000e+00 0.000000000000000000e+00 0.000000000000000000e+00 2.663115845539280814e-04 0.000000000000000000e+00 6.285355122564425037e-04 0.000000000000000000e+00 7.694280584765324877e-04 0.000000000000000000e+00 3.608805485384337518e-04 0.000000000000000000e+00 4.943153732081067252e-04 0.000000000000000000e+00 9.821151659257728456e-03 0.000000000000000000e+00 2.913752913752913967e-03 0.000000000000000000e+00 1.771855322887684950e-02 0.000000000000000000e+00 6.657789613848202198e-03 0.000000000000000000e+00 1.522566612289287698e-02 0.000000000000000000e+00 9.136128311846513327e-04 0.000000000000000000e+00 4.972650422675285514e-04 0.000000000000000000e+00 3.797377659955578078e-02 1.399452388195923354e-03 1.192368839427662870e-03 1.040582726326743073e-03 0.000000000000000000e+00 0.000000000000000000e+00 9.474182851729038473e-04 6.774302811335666460e-04 1.464128843338213803e-03 0.000000000000000000e+00 6.095654892153797716e-03 0.000000000000000000e+00 0.000000000000000000e+00 0.000000000000000000e+00 1.351742782659071107e-02 0.000000000000000000e+00 0.000000000000000000e+00 0.000000000000000000e+00 7.284768211920530229e-03 0.000000000000000000e+00 0.000000000000000000e+00 0.000000000000000000e+00 0.000000000000000000e+00 0.000000000000000000e+00 0.000000000000000000e+00 0.000000000000000000e+00 0.000000000000000000e+00 0.000000000000000000e+00 0.000000000000000000e+00 8.936550491510276842e-04 0.000000000000000000e+00 0.000000000000000000e+00 0.000000000000000000e+00 0.000000000000000000e+00 0.000000000000000000e+00 0.000000000000000000e+00 0.000000000000000000e+00 0.000000000000000000e+00 0.000000000000000000e+00 0.000000000000000000e+00 8.285004142502070800e-04 0.000000000000000000e+00 0.000000000000000000e+00 0.000000000000000000e+00 0.000000000000000000e+00 0.000000000000000000e+00
1.457253886010362667e-03 8.759715025906736341e-02 5.829015544041450669e-03 5.618523316062176004e-02 0.000000000000000000e+00 3.238341968911917219e-04 4.371761658031088002e-03 6.347150259067357858e-02 0.000000000000000000e+00 1.781088082901554443e-03 9.715025906735751116e-04 0.000000000000000000e+00 7.927070947284978577e-04 2.077835532453685130e-01 0.000000000000000000e+00 6.247768654052123991e-03 7.340347443112307585e-04 5.962059620596205783e-02 3.754693366708385365e-03 2.258678078934854908e-02 0.000000000000000000e+00 0.000000000000000000e+00 2.141327623126338450e-03 2.089696190323099209e-02 0.000000000000000000e+00 8.172160174339417179e-04 0.000000000000000000e+00 0.000000000000000000e+00 7.895330475975637259e-04 6.226918342224045666e-02 2.951861943687556552e-03 1.061758980711378572e-02 2.243632044344727287e-03 1.583028214516476323e-02 0.000000000000000000e+00 0.000000000000000000e+00 0.000000000000000000e+00 1.020581731587004524e-03 0.000000000000000000e+00 3.471017007983339103e-04 0.000000000000000000e+00 0.000000000000000000e+00 0.000000000000000000e+00 0.000000000000000000e+00 0.000000000000000000e+00 4.329004329004329001e-04 0.000000000000000000e+00 1.785714285714285713e-04 0.000000000000000000e+00 1.502178158329577811e-03 0.000000000000000000e+00 1.326395265789205276e-03 0.000000000000000000e+00 0.000000000000000000e+00 0.000000000000000000e+00 9.192866335723478589e-04 0.000000000000000000e+00 4.838171504838171752e-03 0.000000000000000000e+00 2.814397866982669416e-03 0.000000000000000000e+00 8.328192473781616256e-03 0.000000000000000000e+00 1.936936936936936929e-02 0.000000000000000000e+00 1.046580188679245224e-02 1.015125367982945895e-04 2.292789178035079672e-03 0.000000000000000000e+00 5.069708491761723383e-04 1.289675431683026457e-03 5.463948889564952671e-02 1.093004769475357631e-03 9.845513487553029380e-03 0.000000000000000000e+00 0.000000000000000000e+00 2.013263855992420553e-03 3.725866546234616553e-03 0.000000000000000000e+00 2.074688796680497927e-03 1.562988433885589151e-04 1.051445737889598192e-02 0.000000000000000000e+00 0.000000000000000000e+00 0.000000000000000000e+00 8.454966180135279480e-03 0.000000000000000000e+00 1.831501831501831500e-03 0.000000000000000000e+00 1.411263480228997468e-02 0.000000000000000000e+00 0.000000000000000000e+00 0.000000000000000000e+00 0.000000000000000000e+00 0.000000000000000000e+00 0.000000000000000000e+00 0.000000000000000000e+00 0.000000000000000000e+00 0.000000000000000000e+00 0.000000000000000000e+00 0.000000000000000000e+00 0.000000000000000000e+00 0.000000000000000000e+00 0.000000000000000000e+00 0.000000000000000000e+00 0.000000000000000000e+00 0.000000000000000000e+00 0.000000000000000000e+00 0.000000000000000000e+00 0.000000000000000000e+00 0.000000000000000000e+00 0.000000000000000000e+00 0.000000000000000000e+00 0.000000000000000000e+00 0.000000000000000000e+00 0.000000000000000000e+00
1.994979521733386205e-02 0.000000000000000000e+00 3.738935130136081253e-02 1.981767736821244373e-03 5.945303210463733987e-03 3.963535473642489288e-04 1.812656889945831740e-01 1.109789932619897022e-02 4.267406526621746882e-02 1.321178491214163096e-04 1.408376271634297905e-01 7.927070947284978577e-04 0.000000000000000000e+00 2.532320405171264825e-03 1.669860388721598754e-01 1.428061406640485607e-03 2.691460729141179412e-03 0.000000000000000000e+00 3.933488288932594605e-03 1.307655729909652917e-03 0.000000000000000000e+00 0.000000000000000000e+00 1.619379014989293444e-02 4.179392380646198245e-03 3.359462486002239446e-03 8.172160174339417179e-04 6.523157208088714576e-04 0.000000000000000000e+00 1.154974058199864650e-01 1.436192039392695900e-03 5.676657584014531931e-03 6.016634224031145069e-03 5.147155866437904542e-03 7.538229592935601900e-04 2.551020408163265103e-03 0.000000000000000000e+00 1.385864185309839628e-03 1.700969552645007540e-04 0.000000000000000000e+00 0.000000000000000000e+00 4.024144869215292089e-03 0.000000000000000000e+00 0.000000000000000000e+00 0.000000000000000000e+00 0.000000000000000000e+00 0.000000000000000000e+00 2.663115845539280814e-04 0.000000000000000000e+00 0.000000000000000000e+00 0.000000000000000000e+00 5.129520389843549195e-04 1.020304050607080898e-04 0.000000000000000000e+00 0.000000000000000000e+00 4.943153732081067252e-04 0.000000000000000000e+00 5.892690995554636900e-03 8.341675008341675388e-05 1.311188811188811242e-03 0.000000000000000000e+00 1.405769512373700354e-02 0.000000000000000000e+00 9.054593874833555961e-03 0.000000000000000000e+00 1.468189233278956000e-02 0.000000000000000000e+00 2.030250735965891790e-04 2.292789178035079672e-04 1.243162605668821433e-03 2.534854245880861692e-04 6.813785197391990234e-02 2.494675996349254854e-03 2.702702702702702853e-02 3.602017129592571809e-03 0.000000000000000000e+00 3.048780487804878155e-03 1.894836570345807825e-02 2.709721124534266584e-03 4.392386530014641410e-03 0.000000000000000000e+00 1.891216005001563130e-02 0.000000000000000000e+00 0.000000000000000000e+00 0.000000000000000000e+00 2.307618036110842957e-02 0.000000000000000000e+00 2.220988339811216187e-03 0.000000000000000000e+00 1.341059602649006567e-02 0.000000000000000000e+00 0.000000000000000000e+00 0.000000000000000000e+00 0.000000000000000000e+00 0.000000000000000000e+00 1.346801346801346872e-03 4.032258064516128920e-03 0.000000000000000000e+00 0.000000000000000000e+00 0.000000000000000000e+00 0.000000000000000000e+00 5.763688760806916700e-04 0.000000000000000000e+00 0.000000000000000000e+00 0.000000000000000000e+00 0.000000000000000000e+00 4.284490145672665185e-04 0.000000000000000000e+00 0.000000000000000000e+00 0.000000000000000000e+00 0.000000000000000000e+00 8.285004142502070800e-04 0.000000000000000000e+00 0.000000000000000000e+00 0.000000000000000000e+00 0.000000000000000000e+00 1.141552511415525051e-03
