2.849343781751274562e-01 4.773192119860767968e-01 3.349753045612540170e-01 4.911646071706182726e-01 2.831794273701913056e-01 0.000000000000000000e+00 3.301840534134862781e-01 4.695313563065617313e-01 3.371438105344559122e-01 0.000000000000000000e+00 2.882537459331110941e-01 4.651674534545173767e-01 3.376562960291492055e-01 4.250561122448979212e-01 3.897392483561101240e-01 0.000000000000000000e+00 2.737178863653494942e-01 4.759471371272173124e-01 3.345118510966198500e-01 4.999474256933676419e-01 4.157878470588234898e-01 0.000000000000000000e+00 3.991176512052712622e-01 4.620015324675324497e-01 0.000000000000000000e+00 0.000000000000000000e+00 0.000000000000000000e+00 0.000000000000000000e+00 3.917333241577008462e-01 4.915600851235811808e-01 4.086720045972468407e-01 0.000000000000000000e+00 4.228135119864822045e-01 4.934157283167729946e-01 3.822590138888888878e-01 0.000000000000000000e+00 4.559783605737344758e-01 5.250645604395605126e-01 5.018714894650133651e-01 0.000000000000000000e+00 4.943649264705882729e-01 0.000000000000000000e+00 0.000000000000000000e+00 0.000000000000000000e+00 4.308252574066417928e-01 5.431719421487603006e-01 4.288419156675586930e-01 0.000000000000000000e+00 4.581966382978723273e-01 4.824865085714285518e-01 3.961053633831666532e-01 0.000000000000000000e+00 3.937792098765431903e-01 4.529409868421052643e-01 4.053155654761031457e-01 0.000000000000000000e+00 2.896316707282030056e-01 4.707762031001985203e-01 3.962904713098701626e-01 4.711366308314753337e-01 3.983135464651005875e-01 0.000000000000000000e+00 3.921344119017295404e-01 4.522657590702947594e-01 4.147281516229850973e-01 4.730014108669108319e-01 4.130191927758971593e-01 4.829714999999999980e-01 3.264853503331063278e-01 4.973744190104188445e-01 3.531686736251589687e-01 4.860254212797288087e-01 3.726104758712676657e-01 4.658266254122880867e-01 3.170788800000000629e-01 0.000000000000000000e+00 3.775160621097380931e-01 4.448677833817529792e-01 0.000000000000000000e+00 0.000000000000000000e+00 3.892925852647776130e-01 0.000000000000000000e+00 0.000000000000000000e+00 0.000000000000000000e+00 4.149503863070335696e-01 0.000000000000000000e+00 0.000000000000000000e+00 0.000000000000000000e+00 4.079455478245938016e-01 4.847316624203821256e-01 4.329362554039687394e-01 4.467444661771250436e-01 4.161423100884874549e-01 0.000000000000000000e+00 4.417589071587096350e-01 4.410047982456140603e-01 4.672352019881362284e-01 0.000000000000000000e+00 4.545207339734909091e-01 0.000000000000000000e+00 3.828400442622950650e-01 0.000000000000000000e+00 3.947775386548411092e-01 0.000000000000000000e+00 4.602732448565303724e-01 0.000000000000000000e+00 5.073735046728972131e-01 0.000000000000000000e+00 0.000000000000000000e+00 0.000000000000000000e+00 4.199652912745097666e-01 4.286196800298062715e-01 0.000000000000000000e+00 3.681539200000000234e-01 0.000000000000000000e+00 4.353773814432989608e-01
4.773192119860767968e-01 2.888041247085749164e-01 4.858089036671306427e-01 3.215720227834337197e-01 0.000000000000000000e+00 2.629804250000000176e-01 4.766786526228234955e-01 3.002887161179448872e-01 0.000000000000000000e+00 3.000489778787184258e-01 4.779761982154891453e-01 3.074221335782705844e-01 4.605220216220564100e-01 3.447925510213305511e-01 0.000000000000000000e+00 3.774557807336270110e-01 4.802505226085003187e-01 3.221033561327849570e-01 5.029824674232237225e-01 3.613906533682408329e-01 0.000000000000000000e+00 4.412873956834532652e-01 4.657281228156295860e-01 4.293913223958489844e-01 3.716155048543688943e-01 0.000000000000000000e+00 0.000000000000000000e+00 0.000000000000000000e+00 4.676708765234678933e-01 4.221944723118908893e-01 4.704785881004542869e-01 4.080783848768196331e-01 5.118544848222006394e-01 4.543326346252581360e-01 0.000000000000000000e+00 4.117230107526880789e-01 5.154291630434781890e-01 5.169842170583097696e-01 4.569385518181818262e-01 5.010611101712615367e-01 0.000000000000000000e+00 0.000000000000000000e+00 0.000000000000000000e+00 4.317727375457875993e-01 0.000000000000000000e+00 4.003759716345681730e-01 0.000000000000000000e+00 0.000000000000000000e+00 0.000000000000000000e+00 4.245769971849319147e-01 4.682680406504065029e-01 4.082352573921380068e-01 0.000000000000000000e+00 0.000000000000000000e+00 0.000000000000000000e+00 4.149360991160584433e-01 4.762339046420528410e-01 2.975050702550717796e-01 5.174404285714285789e-01 4.066535299425095284e-01 0.000000000000000000e+00 3.786256121747268444e-01 0.000000000000000000e+00 3.751957480171433934e-01 0.000000000000000000e+00 3.956122095071875622e-01 5.254232209023780298e-01 3.262598958689415518e-01 5.155621541471383518e-01 2.572452209850957239e-01 4.882465175172114313e-01 3.665664403634514290e-01 4.563264213182610107e-01 3.609386601368441139e-01 0.000000000000000000e+00 4.404845428556968256e-01 4.421165148304110892e-01 3.897353619901452459e-01 0.000000000000000000e+00 0.000000000000000000e+00 0.000000000000000000e+00 4.171751573125889179e-01 0.000000000000000000e+00 4.688587904647436022e-01 4.508569280996438944e-01 4.096796512006482538e-01 0.000000000000000000e+00 3.624343368421052980e-01 0.000000000000000000e+00 4.219723982985769672e-01 4.985230750000000932e-01 4.340405334234284651e-01 4.234590468750000225e-01 4.182053010436979634e-01 4.628746965934066315e-01 4.260840252864983579e-01 4.388863399999999859e-01 4.563572501667150227e-01 0.000000000000000000e+00 4.379887089476592887e-01 0.000000000000000000e+00 4.253623987501350401e-01 0.000000000000000000e+00 4.319069798597766074e-01 4.500832536528346361e-01 4.018282384763370851e-01 0.000000000000000000e+00 0.000000000000000000e+00 0.000000000000000000e+00 4.455237058823529606e-01 4.038006355140186798e-01 4.179766115212211197e-01 3.862112432527127770e-01 4.110958737864077173e-01 4.265463067477767156e-01 0.000000000000000000e+00
3.349753045612540170e-01 4.858089036671306427e-01 2.709878329055013801e-01 4.606504015736420099e-01 1.925924829116296422e-01 4.371625756910569316e-01 3.041124858930127628e-01 4.629311391688253341e-01 2.798069127394447464e-01 4.236463952621934981e-01 3.840213372157618155e-01 4.679698917842514683e-01 3.456890722907032809e-01 4.462996138438310445e-01 3.211823525284790981e-01 4.319432062198733102e-01 3.751025724775816639e-01 4.802632543315138447e-01 3.187770687994471164e-01 5.031031975581010673e-01 2.948694125295507895e-01 0.000000000000000000e+00 2.811112965974144062e-01 4.513047931930380119e-01 1.986374007061749991e-01 3.962238645289957173e-01 2.844428225573392699e-01 4.324621538461538295e-01 3.320282156085510028e-01 4.509615918450189942e-01 3.727286233230009960e-01 4.463121721929673158e-01 4.181464354339174960e-01 4.916214630481522407e-01 4.537980229768516227e-01 0.000000000000000000e+00 4.091654292241740931e-01 4.662580635720064426e-01 4.211504632643437995e-01 0.000000000000000000e+00 3.823134999999999728e-01 0.000000000000000000e+00 0.000000000000000000e+00 0.000000000000000000e+00 4.546004167225880521e-01 5.408184024390244593e-01 4.109813396226414950e-01 4.511031124260354574e-01 4.402109064484318601e-01 4.659178235294117454e-01 4.073754700934325013e-01 5.654872349397590536e-01 4.109785852933124928e-01 0.000000000000000000e+00 3.989497021671236099e-01 0.000000000000000000e+00 4.036673803338642896e-01 4.831122272727272349e-01 4.264714097398832893e-01 4.760144047619047636e-01 4.066851936487202446e-01 4.710216006546644740e-01 3.514477836086933316e-01 0.000000000000000000e+00 4.005662974573394042e-01 0.000000000000000000e+00 4.355671147916458930e-01 5.117858440126222819e-01 3.812149507937732107e-01 4.388447202797203239e-01 3.610442211683708158e-01 4.615545566063314897e-01 3.442579819923405893e-01 4.527773707585108776e-01 2.996186480769230664e-01 0.000000000000000000e+00 3.840973957176644915e-01 4.527541065665890985e-01 3.867413339383938276e-01 0.000000000000000000e+00 3.928271172411263445e-01 0.000000000000000000e+00 0.000000000000000000e+00 0.000000000000000000e+00 3.788511407081676108e-01 0.000000000000000000e+00 0.000000000000000000e+00 0.000000000000000000e+00 3.854542584880533695e-01 0.000000000000000000e+00 4.127482364695255757e-01 3.977679376519668852e-01 4.162534942151233097e-01 0.000000000000000000e+00 4.238633181249131798e-01 4.362237260886321910e-01 3.821230659172202837e-01 0.000000000000000000e+00 3.822924462783852118e-01 3.964985807005493856e-01 3.912308913352671169e-01 4.148001806451612761e-01 3.900858824892279308e-01 3.997718732812500231e-01 4.365211815847369614e-01 0.000000000000000000e+00 4.208465708722628484e-01 0.000000000000000000e+00 0.000000000000000000e+00 0.000000000000000000e+00 4.460187498442043652e-01 4.081159046678446423e-01 4.311397599999998720e-01 0.000000000000000000e+00 4.361131044776119237e-01 3.971872743287640506e-01
4.911646071706182726e-01 3.215720227834337197e-01 4.606504015736420099e-01 2.783338563954313449e-01 4.159524043393036941e-01 2.566100306461574498e-01 4.602879888495298166e-01 3.004993034829062104e-01 4.250736359328022296e-01 2.894377064281172807e-01 4.835847899969716868e-01 3.842252738159238623e-01 4.524689832215690877e-01 3.463721593953506539e-01 4.254439597943885931e-01 3.245173030334055908e-01 4.784173045941845781e-01 4.004901032474612044e-01 5.062175961179490313e-01 3.240508546310995053e-01 0.000000000000000000e+00 0.000000000000000000e+00 4.564246066937270863e-01 2.618659353196494122e-01 4.402937448965821843e-01 3.129160568910798190e-01 4.011789684331705241e-01 2.742281060841759710e-01 4.470829957024996526e-01 3.605219740799194827e-01 4.363453723715551846e-01 3.659600478792777167e-01 5.033407045940404556e-01 4.344105998674219205e-01 0.000000000000000000e+00 4.384522741201456464e-01 0.000000000000000000e+00 4.464348528629314417e-01 0.000000000000000000e+00 0.000000000000000000e+00 0.000000000000000000e+00 0.000000000000000000e+00 0.000000000000000000e+00 0.000000000000000000e+00 4.887348220858895864e-01 4.435308158993925276e-01 0.000000000000000000e+00 4.295749523087293298e-01 0.000000000000000000e+00 4.382169461948786648e-01 4.591137320261438615e-01 4.341108894824916575e-01 0.000000000000000000e+00 4.503706021761134659e-01 0.000000000000000000e+00 4.113436774351585945e-01 4.713095523028765776e-01 4.256734246165565505e-01 4.474440818039550627e-01 4.329568418087659798e-01 4.901927904145910175e-01 4.085772081490773311e-01 0.000000000000000000e+00 3.955538026387935280e-01 0.000000000000000000e+00 4.211692481668400934e-01 4.834011913318582709e-01 4.481817394657510722e-01 5.234845467754100090e-01 4.200143408016832614e-01 4.537707631046320467e-01 3.744280396307967385e-01 4.594570710498282473e-01 3.575045994083211887e-01 0.000000000000000000e+00 3.534011820726024045e-01 4.399369442825862286e-01 3.925913223442213940e-01 0.000000000000000000e+00 3.911773578947368990e-01 4.292960331074036073e-01 0.000000000000000000e+00 0.000000000000000000e+00 3.428100535714285746e-01 4.395606879201908734e-01 3.742979466938022304e-01 0.000000000000000000e+00 0.000000000000000000e+00 0.000000000000000000e+00 3.594308335398465615e-01 0.000000000000000000e+00 4.214087717745757522e-01 3.772502857142857047e-01 4.075231665507296763e-01 4.124516669667735447e-01 4.191859132876676330e-01 4.527352903225805858e-01 0.000000000000000000e+00 4.335408559322033728e-01 4.249934787716429518e-01 0.000000000000000000e+00 4.079806439947055163e-01 0.000000000000000000e+00 4.185186859210922594e-01 4.305895718699737640e-01 0.000000000000000000e+00 0.000000000000000000e+00 0.000000000000000000e+00 0.000000000000000000e+00 0.000000000000000000e+00 3.822038958333333070e-01 4.633551249999999788e-01 3.855788874256114163e-01 3.874284300000001013e-01 3.665965851063829328e-01 0.000000000000000000e+00
2.831794273701913056e-01 0.000000000000000000e+00 1.925924829116296422e-01 4.159524043393036941e-01 2.030856329989711717e-01 4.572549726389283364e-01 2.802989408046863695e-01 4.351827506630880360e-01 2.199838466899223799e-01 4.135525045568466673e-01 0.000000000000000000e+00 0.000000000000000000e+00 2.943135426031369684e-01 0.000000000000000000e+00 2.622939503931165928e-01 4.371221058701377782e-01 3.332223229166666467e-01 0.000000000000000000e+00 3.762688339520669500e-01 0.000000000000000000e+00 2.946158139809455512e-01 3.196771290322580339e-01 1.848196473081157032e-01 4.436268061716214239e-01 1.629479608764675957e-01 4.447208127900358909e-01 2.045571877964209584e-01 4.962253797468352823e-01 2.968105064484925504e-01 0.000000000000000000e+00 3.208939533207310624e-01 4.080920630884711242e-01 3.548634091282895087e-01 0.000000000000000000e+00 0.000000000000000000e+00 0.000000000000000000e+00 0.000000000000000000e+00 0.000000000000000000e+00 0.000000000000000000e+00 0.000000000000000000e+00 0.000000000000000000e+00 0.000000000000000000e+00 0.000000000000000000e+00 0.000000000000000000e+00 0.000000000000000000e+00 0.000000000000000000e+00 0.000000000000000000e+00 0.000000000000000000e+00 0.000000000000000000e+00 0.000000000000000000e+00 0.000000000000000000e+00 0.000000000000000000e+00 0.000000000000000000e+00 0.000000000000000000e+00 3.927124683544303552e-01 0.000000000000000000e+00 3.710137043160999237e-01 0.000000000000000000e+00 0.000000000000000000e+00 0.000000000000000000e+00 3.360117222222221978e-01 0.000000000000000000e+00 3.812116607843137328e-01 0.000000000000000000e+00 3.478281908396946842e-01 0.000000000000000000e+00 0.000000000000000000e+00 0.000000000000000000e+00 0.000000000000000000e+00 0.000000000000000000e+00 3.255701702864842173e-01 4.742532132075472084e-01 3.037880311086069152e-01 3.365702988505747117e-01 0.000000000000000000e+00 0.000000000000000000e+00 3.582224416417910673e-01 0.000000000000000000e+00 0.000000000000000000e+00 0.000000000000000000e+00 3.429447836700336705e-01 0.000000000000000000e+00 0.000000000000000000e+00 0.000000000000000000e+00 0.000000000000000000e+00 0.000000000000000000e+00 0.000000000000000000e+00 0.000000000000000000e+00 3.196520070422534943e-01 0.000000000000000000e+00 0.000000000000000000e+00 0.000000000000000000e+00 0.000000000000000000e+00 0.000000000000000000e+00 0.000000000000000000e+00 0.000000000000000000e+00 0.000000000000000000e+00 0.000000000000000000e+00 0.000000000000000000e+00 0.000000000000000000e+00 0.000000000000000000e+00 0.000000000000000000e+00 0.000000000000000000e+00 0.000000000000000000e+00 4.362599905511810316e-01 0.000000000000000000e+00 0.000000000000000000e+00 0.000000000000000000e+00 0.000000000000000000e+00 0.000000000000000000e+00 0.000000000000000000e+00 0.000000000000000000e+00 0.000000000000000000e+00 0.000000000000000000e+00 0.000000000000000000e+00 0.000000000000000000e+00
0.000000000000000000e+00 2.629804250000000176e-01 4.371625756910569316e-01 2.566100306461574498e-01 4.572549726389283364e-01 1.953803932456900927e-01 4.214040934988063647e-01 2.724354819155787588e-01 3.958014837398374230e-01 2.088760921443982288e-01 0.000000000000000000e+00 2.923874306647152865e-01 4.389156059298199852e-01 2.935296219238678894e-01 3.866505573333333667e-01 2.658734864924747754e-01 0.000000000000000000e+00 0.000000000000000000e+00 0.000000000000000000e+00 3.336412879201680615e-01 4.496351486013985821e-01 3.348470677056613609e-01 4.315193934402106746e-01 2.683672158609406444e-01 4.667004064666730456e-01 1.892787945384580284e-01 4.610223215708142974e-01 2.155692557099203877e-01 0.000000000000000000e+00 2.988405979608530494e-01 4.315095015453281335e-01 3.601418085318403572e-01 0.000000000000000000e+00 3.502679383838383509e-01 0.000000000000000000e+00 4.535822132352941294e-01 0.000000000000000000e+00 0.000000000000000000e+00 0.000000000000000000e+00 0.000000000000000000e+00 0.000000000000000000e+00 3.622333386327504234e-01 0.000000000000000000e+00 0.000000000000000000e+00 0.000000000000000000e+00 0.000000000000000000e+00 0.000000000000000000e+00 4.124517794117647518e-01 0.000000000000000000e+00 0.000000000000000000e+00 0.000000000000000000e+00 0.000000000000000000e+00 0.000000000000000000e+00 0.000000000000000000e+00 0.000000000000000000e+00 0.000000000000000000e+00 0.000000000000000000e+00 4.294328106060605887e-01 0.000000000000000000e+00 0.000000000000000000e+00 0.000000000000000000e+00 3.059939999999999327e-01 0.000000000000000000e+00 3.764767429945825028e-01 0.000000000000000000e+00 3.240693786259541964e-01 0.000000000000000000e+00 4.418134444444444253e-01 0.000000000000000000e+00 0.000000000000000000e+00 4.967367424425986888e-01 3.391741102190858892e-01 4.143420102055839216e-01 3.365097717127973342e-01 0.000000000000000000e+00 2.379898750000000174e-01 0.000000000000000000e+00 3.649611571061291415e-01 0.000000000000000000e+00 0.000000000000000000e+00 0.000000000000000000e+00 3.552697423247679342e-01 0.000000000000000000e+00 0.000000000000000000e+00 4.220518027210883871e-01 3.582496247307047632e-01 0.000000000000000000e+00 0.000000000000000000e+00 0.000000000000000000e+00 3.606830833117770085e-01 0.000000000000000000e+00 0.000000000000000000e+00 0.000000000000000000e+00 0.000000000000000000e+00 0.000000000000000000e+00 0.000000000000000000e+00 0.000000000000000000e+00 0.000000000000000000e+00 0.000000000000000000e+00 0.000000000000000000e+00 0.000000000000000000e+00 0.000000000000000000e+00 0.000000000000000000e+00 0.000000000000000000e+00 0.000000000000000000e+00 0.000000000000000000e+00 0.000000000000000000e+00 0.000000000000000000e+00 0.000000000000000000e+00 0.000000000000000000e+00 0.000000000000000000e+00 0.000000000000000000e+00 0.000000000000000000e+00 0.000000000000000000e+00 0.000000000000000000e+00 0.000000000000000000e+00
3.301840534134862781e-01 4.766786526228234955e-01 3.041124858930127628e-01 4.602879888495298166e-01 2.802989408046863695e-01 4.214040934988063647e-01 2.769221667550154642e-01 4.480908135442352447e-01 2.710571101791623416e-01 4.248162923466764496e-01 3.230371111070305945e-01 4.685806774299185462e-01 3.042416808236256265e-01 4.366529166815946716e-01 3.170271012655901388e-01 4.215151165017601009e-01 3.492830328204356016e-01 4.747411909226233462e-01 3.778895265235447942e-01 4.938423831786740159e-01 0.000000000000000000e+00 0.000000000000000000e+00 3.399429878353905643e-01 4.493851470817345484e-01 2.949633898186397873e-01 4.119497853998645431e-01 2.800061256671347309e-01 3.903865139389736116e-01 3.214269686771477619e-01 4.458234875947367781e-01 3.632660735361675219e-01 4.438967173452739168e-01 4.053470840988379065e-01 4.871233626263498095e-01 4.183887794117647219e-01 0.000000000000000000e+00 4.191732581921346901e-01 4.870401006271016797e-01 0.000000000000000000e+00 0.000000000000000000e+00 4.018091641791044499e-01 0.000000000000000000e+00 0.000000000000000000e+00 0.000000000000000000e+00 4.084701830677712753e-01 0.000000000000000000e+00 0.000000000000000000e+00 0.000000000000000000e+00 3.988452039881558719e-01 0.000000000000000000e+00 3.904158764688822614e-01 4.535024645669291643e-01 3.973049897959183840e-01 0.000000000000000000e+00 3.714892338630969015e-01 0.000000000000000000e+00 3.702656167106831431e-01 4.763435056179775029e-01 3.972536223766969798e-01 4.460589141104294719e-01 3.979268574181691331e-01 0.000000000000000000e+00 3.780967636604549154e-01 0.000000000000000000e+00 3.915466059707422009e-01 4.696680779943657180e-01 4.267470166257706365e-01 5.063503137254902198e-01 3.927640324410163752e-01 0.000000000000000000e+00 3.198482360280007764e-01 4.634754748742222485e-01 3.305870263173978363e-01 4.339280006622062147e-01 3.245563269230768433e-01 3.983413033205779330e-01 3.532616255870553723e-01 4.476175644628253569e-01 0.000000000000000000e+00 0.000000000000000000e+00 3.825053920716005584e-01 0.000000000000000000e+00 0.000000000000000000e+00 0.000000000000000000e+00 3.915424640579073245e-01 0.000000000000000000e+00 4.262812198581559797e-01 0.000000000000000000e+00 3.918327216740840058e-01 0.000000000000000000e+00 4.177603882527872181e-01 4.101617298600034878e-01 3.620926833333333317e-01 4.569911363636363077e-01 4.274571419626884694e-01 4.461505856273196846e-01 4.122661851851851522e-01 0.000000000000000000e+00 0.000000000000000000e+00 4.277489602649006128e-01 0.000000000000000000e+00 0.000000000000000000e+00 4.052172023956859270e-01 4.480491963146502332e-01 4.827654597701149797e-01 0.000000000000000000e+00 0.000000000000000000e+00 0.000000000000000000e+00 0.000000000000000000e+00 0.000000000000000000e+00 0.000000000000000000e+00 0.000000000000000000e+00 0.000000000000000000e+00 0.000000000000000000e+00 0.000000000000000000e+00 0.000000000000000000e+00
4.695313563065617313e-01 3.002887161179448872e-01 4.629311391688253341e-01 3.004993034829062104e-01 4.351827506630880360e-01 2.724354819155787588e-01 4.480908135442352447e-01 2.583104747978659521e-01 4.093072108512784135e-01 2.610414405346412892e-01 4.701538205129823234e-01 3.148181497237816373e-01 4.464164719145783389e-01 2.758400649799936377e-01 4.298776410153564709e-01 2.947092176445311185e-01 4.596594688233052728e-01 3.768361946886920055e-01 4.844497538864798725e-01 3.705414944052474735e-01 0.000000000000000000e+00 0.000000000000000000e+00 4.506838491739706409e-01 3.487715722095842685e-01 4.414951574379271104e-01 3.182106213175752152e-01 4.537397833964462723e-01 2.747451107622536082e-01 4.471745096218733839e-01 3.209806504030886520e-01 4.208463124094878882e-01 3.409293172520040383e-01 4.838153200970620182e-01 3.910685434403268768e-01 0.000000000000000000e+00 0.000000000000000000e+00 0.000000000000000000e+00 4.190965511520268194e-01 0.000000000000000000e+00 0.000000000000000000e+00 0.000000000000000000e+00 4.344182016129032875e-01 0.000000000000000000e+00 0.000000000000000000e+00 0.000000000000000000e+00 4.187070749305710216e-01 0.000000000000000000e+00 0.000000000000000000e+00 0.000000000000000000e+00 3.941286686858544441e-01 0.000000000000000000e+00 3.814325596287683195e-01 4.146325419354838782e-01 0.000000000000000000e+00 0.000000000000000000e+00 3.798132458150408342e-01 4.726479955669647404e-01 3.674944891809561742e-01 4.421361645569619747e-01 3.897377291588443038e-01 4.372740952380952950e-01 3.757755780442684213e-01 0.000000000000000000e+00 3.855839984703013368e-01 4.309573511450381922e-01 3.772028842946301141e-01 4.665167931803185231e-01 4.303755982007890779e-01 4.243462136012942088e-01 3.915733789229546846e-01 4.569266565682108538e-01 3.107818997551589080e-01 4.347939719685295912e-01 3.242756186535588614e-01 0.000000000000000000e+00 3.058541987179487220e-01 4.456086916684373067e-01 3.666639223113407620e-01 0.000000000000000000e+00 0.000000000000000000e+00 0.000000000000000000e+00 3.990320426954112598e-01 0.000000000000000000e+00 3.355052826086956652e-01 4.329208221383878952e-01 3.879729588856632438e-01 0.000000000000000000e+00 0.000000000000000000e+00 0.000000000000000000e+00 3.899837411796860942e-01 0.000000000000000000e+00 0.000000000000000000e+00 0.000000000000000000e+00 0.000000000000000000e+00 4.652856124031007901e-01 4.174403200712481499e-01 0.000000000000000000e+00 3.877311046511627279e-01 0.000000000000000000e+00 0.000000000000000000e+00 0.000000000000000000e+00 0.000000000000000000e+00 0.000000000000000000e+00 0.000000000000000000e+00 4.642393130089716990e-01 0.000000000000000000e+00 0.000000000000000000e+00 0.000000000000000000e+00 0.000000000000000000e+00 0.000000000000000000e+00 0.000000000000000000e+00 4.199757410714285988e-01 0.000000000000000000e+00 0.000000000000000000e+00 0.000000000000000000e+00 0.000000000000000000e+00
3.371438105344559122e-01 0.000000000000000000e+00 2.798069127394447464e-01 4.250736359328022296e-01 2.199838466899223799e-01 3.958014837398374230e-01 2.710571101791623416e-01 4.093072108512784135e-01 2.127846061738665751e-01 4.180743403276710457e-01 0.000000000000000000e+00 0.000000000000000000e+00 2.713449947520675809e-01 4.172797541724863057e-01 2.391753313327922015e-01 4.182215016174829492e-01 4.043207222222221509e-01 0.000000000000000000e+00 0.000000000000000000e+00 0.000000000000000000e+00 3.106285023600700579e-01 3.626294153846154056e-01 3.089003539087727401e-01 4.289834230602618259e-01 2.829455976015829988e-01 4.085825009817075637e-01 2.645549533123736641e-01 3.961062261518445982e-01 3.086880950548808733e-01 3.738206648974990443e-01 3.128380324364224419e-01 4.327926258859333686e-01 3.857596510416667068e-01 0.000000000000000000e+00 0.000000000000000000e+00 0.000000000000000000e+00 0.000000000000000000e+00 0.000000000000000000e+00 0.000000000000000000e+00 0.000000000000000000e+00 0.000000000000000000e+00 3.186653163265306121e-01 0.000000000000000000e+00 0.000000000000000000e+00 0.000000000000000000e+00 0.000000000000000000e+00 0.000000000000000000e+00 0.000000000000000000e+00 0.000000000000000000e+00 0.000000000000000000e+00 0.000000000000000000e+00 0.000000000000000000e+00 0.000000000000000000e+00 0.000000000000000000e+00 0.000000000000000000e+00 0.000000000000000000e+00 0.000000000000000000e+00 0.000000000000000000e+00 0.000000000000000000e+00 0.000000000000000000e+00 3.549379207569218764e-01 0.000000000000000000e+00 3.967408491745282317e-01 0.000000000000000000e+00 3.857056812473617646e-01 0.000000000000000000e+00 0.000000000000000000e+00 0.000000000000000000e+00 0.000000000000000000e+00 0.000000000000000000e+00 2.883457612671126991e-01 4.357866213114360288e-01 2.989492234882360489e-01 4.077452444565066725e-01 0.000000000000000000e+00 0.000000000000000000e+00 3.443271107698501199e-01 4.273851965811965581e-01 0.000000000000000000e+00 0.000000000000000000e+00 3.637255989240027465e-01 0.000000000000000000e+00 0.000000000000000000e+00 0.000000000000000000e+00 3.784722644961613369e-01 0.000000000000000000e+00 0.000000000000000000e+00 0.000000000000000000e+00 0.000000000000000000e+00 0.000000000000000000e+00 0.000000000000000000e+00 0.000000000000000000e+00 0.000000000000000000e+00 0.000000000000000000e+00 3.688069042553192012e-01 0.000000000000000000e+00 0.000000000000000000e+00 0.000000000000000000e+00 0.000000000000000000e+00 0.000000000000000000e+00 0.000000000000000000e+00 0.000000000000000000e+00 0.000000000000000000e+00 3.611099132947976909e-01 3.862125555555555034e-01 0.000000000000000000e+00 0.000000000000000000e+00 0.000000000000000000e+00 0.000000000000000000e+00 0.000000000000000000e+00 0.000000000000000000e+00 0.000000000000000000e+00 0.000000000000000000e+00 0.000000000000000000e+00 0.000000000000000000e+00 0.000000000000000000e+00
0.000000000000000000e+00 3.000489778787184258e-01 4.236463952621934981e-01 2.894377064281172807e-01 4.135525045568466673e-01 2.088760921443982288e-01 4.248162923466764496e-01 2.610414405346412892e-01 4.180743403276710457e-01 2.271655887094749249e-01 0.000000000000000000e+00 3.208866756191149916e-01 4.135606736946464412e-01 3.177467403141378544e-01 4.317209270263878129e-01 2.577235646158722582e-01 0.000000000000000000e+00 0.000000000000000000e+00 0.000000000000000000e+00 2.970633500000000038e-01 0.000000000000000000e+00 3.370630839963483782e-01 4.498392007942772497e-01 2.880675269170702713e-01 4.668452735035924506e-01 1.888688385476535447e-01 4.834278058271498368e-01 2.047964693433907690e-01 3.710150422535211656e-01 3.110834265711316937e-01 4.036542556619041600e-01 3.171752367518621551e-01 0.000000000000000000e+00 0.000000000000000000e+00 0.000000000000000000e+00 0.000000000000000000e+00 0.000000000000000000e+00 3.413191086956521292e-01 0.000000000000000000e+00 0.000000000000000000e+00 0.000000000000000000e+00 0.000000000000000000e+00 0.000000000000000000e+00 0.000000000000000000e+00 0.000000000000000000e+00 4.210538911392405215e-01 0.000000000000000000e+00 0.000000000000000000e+00 0.000000000000000000e+00 0.000000000000000000e+00 0.000000000000000000e+00 3.266331934782608637e-01 0.000000000000000000e+00 0.000000000000000000e+00 0.000000000000000000e+00 4.115574545454545041e-01 0.000000000000000000e+00 3.676624088192771422e-01 0.000000000000000000e+00 4.282148399999999855e-01 0.000000000000000000e+00 3.461281623931623530e-01 0.000000000000000000e+00 0.000000000000000000e+00 0.000000000000000000e+00 3.462634409896506726e-01 0.000000000000000000e+00 0.000000000000000000e+00 0.000000000000000000e+00 0.000000000000000000e+00 4.633693491801819664e-01 3.107387601252752929e-01 4.298314951200248313e-01 3.251209540816095145e-01 0.000000000000000000e+00 3.475787954545454528e-01 0.000000000000000000e+00 3.438740291455478770e-01 0.000000000000000000e+00 0.000000000000000000e+00 0.000000000000000000e+00 3.913008173803904088e-01 0.000000000000000000e+00 3.265515909090908608e-01 0.000000000000000000e+00 3.596386659385965023e-01 0.000000000000000000e+00 0.000000000000000000e+00 0.000000000000000000e+00 3.906476912820243119e-01 0.000000000000000000e+00 0.000000000000000000e+00 0.000000000000000000e+00 0.000000000000000000e+00 0.000000000000000000e+00 3.474545517241379167e-01 0.000000000000000000e+00 0.000000000000000000e+00 0.000000000000000000e+00 0.000000000000000000e+00 0.000000000000000000e+00 0.000000000000000000e+00 0.000000000000000000e+00 0.000000000000000000e+00 3.871198627450979646e-01 0.000000000000000000e+00 0.000000000000000000e+00 0.000000000000000000e+00 0.000000000000000000e+00 0.000000000000000000e+00 0.000000000000000000e+00 0.000000000000000000e+00 0.000000000000000000e+00 0.000000000000000000e+00 0.000000000000000000e+00 0.000000000000000000e+00
2.882537459331110941e-01 4.779761982154891453e-01 3.840213372157618155e-01 4.835847899969716868e-01 0.000000000000000000e+00 0.000000000000000000e+00 3.230371111070305945e-01 4.701538205129823234e-01 0.000000000000000000e+00 0.000000000000000000e+00 3.198682891973876896e-01 4.579093803861516987e-01 3.192148187328130993e-01 4.365633877551020059e-01 3.813999224222708873e-01 0.000000000000000000e+00 2.851562587191695530e-01 4.791122816178506882e-01 3.965771141910129360e-01 4.900465794426511756e-01 0.000000000000000000e+00 0.000000000000000000e+00 3.802310921354016826e-01 4.683253742540937070e-01 3.848024810126581818e-01 0.000000000000000000e+00 0.000000000000000000e+00 0.000000000000000000e+00 3.274681902929685307e-01 4.431689291497976080e-01 4.132567411678580438e-01 4.445129027342389350e-01 4.059757452413837453e-01 4.904150102988000248e-01 0.000000000000000000e+00 0.000000000000000000e+00 0.000000000000000000e+00 4.480146048387096958e-01 0.000000000000000000e+00 0.000000000000000000e+00 0.000000000000000000e+00 0.000000000000000000e+00 0.000000000000000000e+00 0.000000000000000000e+00 3.801647982456140551e-01 0.000000000000000000e+00 0.000000000000000000e+00 0.000000000000000000e+00 4.270930606060606149e-01 0.000000000000000000e+00 3.710906746987951976e-01 0.000000000000000000e+00 0.000000000000000000e+00 0.000000000000000000e+00 3.870042142857142986e-01 0.000000000000000000e+00 3.385597930625331431e-01 4.648898211382114232e-01 4.296669615496104266e-01 5.361569626168224412e-01 4.015910090684779998e-01 0.000000000000000000e+00 3.993019719532860390e-01 0.000000000000000000e+00 4.137214247114932020e-01 0.000000000000000000e+00 4.460629479550272669e-01 0.000000000000000000e+00 3.905190496221410124e-01 0.000000000000000000e+00 3.429100956891050211e-01 4.759105295889833331e-01 3.524429784708428826e-01 4.447644804119627593e-01 0.000000000000000000e+00 0.000000000000000000e+00 3.830463734103842222e-01 4.599396445075757400e-01 0.000000000000000000e+00 0.000000000000000000e+00 4.000704113108828897e-01 0.000000000000000000e+00 0.000000000000000000e+00 0.000000000000000000e+00 4.158760033616377139e-01 0.000000000000000000e+00 0.000000000000000000e+00 0.000000000000000000e+00 4.127901622915718938e-01 0.000000000000000000e+00 0.000000000000000000e+00 0.000000000000000000e+00 0.000000000000000000e+00 0.000000000000000000e+00 4.963369999999999727e-01 0.000000000000000000e+00 0.000000000000000000e+00 0.000000000000000000e+00 0.000000000000000000e+00 0.000000000000000000e+00 0.000000000000000000e+00 0.000000000000000000e+00 0.000000000000000000e+00 0.000000000000000000e+00 0.000000000000000000e+00 0.000000000000000000e+00 0.000000000000000000e+00 0.000000000000000000e+00 0.000000000000000000e+00 0.000000000000000000e+00 0.000000000000000000e+00 0.000000000000000000e+00 0.000000000000000000e+00 0.000000000000000000e+00 0.000000000000000000e+00 0.000000000000000000e+00
4.651674534545173767e-01 3.074221335782705844e-01 4.679698917842514683e-01 3.842252738159238623e-01 0.000000000000000000e+00 2.923874306647152865e-01 4.685806774299185462e-01 3.148181497237816373e-01 0.000000000000000000e+00 3.208866756191149916e-01 4.579093803861516987e-01 2.795292165293787323e-01 4.666800458485680370e-01 2.881220498582584000e-01 0.000000000000000000e+00 3.346010667288522034e-01 4.718375798298297674e-01 3.262605612064075622e-01 4.791719212823621343e-01 4.015073463685047139e-01 0.000000000000000000e+00 0.000000000000000000e+00 4.684498663634367732e-01 3.937297940061004753e-01 4.071459861538461733e-01 0.000000000000000000e+00 0.000000000000000000e+00 2.991802018742533154e-01 4.538245317920094335e-01 3.508895689194397316e-01 4.512496517932700346e-01 3.800941136436979395e-01 4.746478655423230775e-01 3.986200895577006742e-01 0.000000000000000000e+00 4.798361956766937775e-01 0.000000000000000000e+00 4.654791541191147242e-01 0.000000000000000000e+00 0.000000000000000000e+00 0.000000000000000000e+00 4.922417757009345252e-01 0.000000000000000000e+00 4.803346209150326507e-01 0.000000000000000000e+00 0.000000000000000000e+00 0.000000000000000000e+00 4.424483838383838630e-01 0.000000000000000000e+00 4.012859819541253481e-01 0.000000000000000000e+00 3.990742496655987348e-01 0.000000000000000000e+00 0.000000000000000000e+00 0.000000000000000000e+00 3.860469357449786143e-01 0.000000000000000000e+00 3.729422743834638898e-01 0.000000000000000000e+00 3.982020652090534907e-01 0.000000000000000000e+00 4.316715995595770128e-01 0.000000000000000000e+00 4.286314763575375109e-01 0.000000000000000000e+00 4.193011199458400728e-01 4.628474253731343357e-01 4.421804275721867850e-01 4.820947964601770552e-01 4.263597784556556469e-01 4.685322296075825066e-01 3.374510789702975244e-01 4.657936483862595289e-01 3.384767989112101305e-01 0.000000000000000000e+00 3.046980476190476184e-01 4.605845190770819775e-01 3.951176866084373240e-01 0.000000000000000000e+00 0.000000000000000000e+00 4.316368496240601815e-01 4.343932114150869661e-01 0.000000000000000000e+00 3.295410805555555322e-01 0.000000000000000000e+00 4.364651713937032773e-01 0.000000000000000000e+00 0.000000000000000000e+00 0.000000000000000000e+00 4.404952892994979385e-01 0.000000000000000000e+00 0.000000000000000000e+00 0.000000000000000000e+00 3.790042323943662028e-01 0.000000000000000000e+00 3.932426142857143314e-01 0.000000000000000000e+00 0.000000000000000000e+00 0.000000000000000000e+00 0.000000000000000000e+00 0.000000000000000000e+00 0.000000000000000000e+00 0.000000000000000000e+00 0.000000000000000000e+00 0.000000000000000000e+00 0.000000000000000000e+00 0.000000000000000000e+00 0.000000000000000000e+00 0.000000000000000000e+00 0.000000000000000000e+00 0.000000000000000000e+00 0.000000000000000000e+00 3.336779062499999893e-01 0.000000000000000000e+00 0.000000000000000000e+00 0.000000000000000000e+00
3.376562960291492055e-01 4.605220216220564100e-01 3.456890722907032809e-01 4.524689832215690877e-01 2.943135426031369684e-01 4.389156059298199852e-01 3.042416808236256265e-01 4.464164719145783389e-01 2.713449947520675809e-01 4.135606736946464412e-01 3.192148187328130993e-01 4.666800458485680370e-01 2.787508973703217152e-01 4.394989586778865753e-01 2.764056926577939111e-01 4.142894939172735436e-01 3.670634583638608950e-01 4.747194249999999727e-01 3.869056304773167421e-01 4.829436063231556386e-01 3.308069089743589930e-01 0.000000000000000000e+00 3.616615931815089779e-01 4.422353894993226175e-01 3.103960571875361563e-01 4.345218141438179082e-01 3.099185559395121192e-01 3.786534500000000025e-01 3.302013900507781985e-01 4.118127719184493385e-01 3.494143024758159521e-01 4.447332883926068958e-01 3.995951759188594021e-01 4.572584618044715499e-01 4.383544985588971876e-01 0.000000000000000000e+00 4.366396250000000312e-01 4.397960425531914352e-01 0.000000000000000000e+00 0.000000000000000000e+00 0.000000000000000000e+00 3.991836129032258484e-01 0.000000000000000000e+00 0.000000000000000000e+00 0.000000000000000000e+00 0.000000000000000000e+00 0.000000000000000000e+00 0.000000000000000000e+00 0.000000000000000000e+00 0.000000000000000000e+00 4.032862949058803048e-01 0.000000000000000000e+00 0.000000000000000000e+00 0.000000000000000000e+00 3.911006283004844764e-01 0.000000000000000000e+00 3.876114191813501142e-01 4.635399091179180364e-01 4.123822706888209400e-01 4.714989360465116075e-01 4.118396276928806832e-01 0.000000000000000000e+00 3.988715357575733367e-01 0.000000000000000000e+00 4.109043903174503520e-01 4.540335624999999875e-01 4.223147761061185612e-01 0.000000000000000000e+00 4.457282212173913072e-01 0.000000000000000000e+00 3.297233326369987116e-01 4.671934827576812443e-01 3.560585951796178539e-01 4.204846477554304296e-01 0.000000000000000000e+00 0.000000000000000000e+00 3.872899862766467916e-01 4.447700657812018732e-01 3.764156859131745358e-01 0.000000000000000000e+00 3.881358566133233934e-01 0.000000000000000000e+00 4.136928809523810480e-01 0.000000000000000000e+00 4.042353345514091423e-01 0.000000000000000000e+00 3.976140003791828192e-01 0.000000000000000000e+00 4.081224836101393638e-01 0.000000000000000000e+00 4.088055583333333742e-01 4.240514556213017539e-01 3.937710708661417147e-01 0.000000000000000000e+00 4.515331747893258640e-01 0.000000000000000000e+00 0.000000000000000000e+00 0.000000000000000000e+00 4.288989350425950198e-01 0.000000000000000000e+00 0.000000000000000000e+00 0.000000000000000000e+00 0.000000000000000000e+00 4.057675528455284009e-01 4.126434838032113639e-01 0.000000000000000000e+00 0.000000000000000000e+00 0.000000000000000000e+00 0.000000000000000000e+00 0.000000000000000000e+00 4.473895743749999876e-01 0.000000000000000000e+00 3.919585714285714340e-01 0.000000000000000000e+00 0.000000000000000000e+00 0.000000000000000000e+00
