0.000000000000000000e+00 3.385289819775937764e-02 3.056418478805491418e-02 2.465483234714003959e-03 1.183898973954222679e-03 0.000000000000000000e+00 9.447437664453076089e-02 1.582278481012658203e-03 3.667481662591687026e-03 0.000000000000000000e+00 1.673151750972762530e-01 5.238344683080146946e-04 4.226254002134471888e-02 0.000000000000000000e+00 3.249390739236393023e-03 0.000000000000000000e+00 5.425437296175511515e-02 4.966021955044432577e-03 5.280392959476053888e-02 2.613538988860325540e-02 0.000000000000000000e+00 0.000000000000000000e+00 1.238938053097345072e-03 0.000000000000000000e+00 0.000000000000000000e+00 0.000000000000000000e+00 0.000000000000000000e+00 0.000000000000000000e+00 6.743566992014196626e-02 1.045660508888114279e-03 1.133786848072562388e-03 0.000000000000000000e+00 1.875661775828165248e-02 1.446089773253123566e-02 0.000000000000000000e+00 0.000000000000000000e+00 1.219898605830164739e-01 3.324468085106383006e-03 0.000000000000000000e+00 0.000000000000000000e+00 1.746724890829694232e-02 0.000000000000000000e+00 0.000000000000000000e+00 0.000000000000000000e+00 3.807348181991243152e-04 2.593360995850622409e-04 2.683843263553408473e-04 0.000000000000000000e+00 1.793990133054268205e-03 1.058873358746293899e-04 4.993429697766097256e-03 4.554563672800145862e-04 0.000000000000000000e+00 0.000000000000000000e+00 1.471453796350794506e-03 0.000000000000000000e+00 4.108065779169929321e-01 6.936067551266585952e-03 2.239899518526271630e-02 2.375861249703017377e-04 4.175893704523885031e-02 7.490636704119850485e-04 1.474975140868412318e-02 1.745539177657098612e-03 1.233529576675077011e-02 0.000000000000000000e+00 3.863213621405065315e-03 7.491759065028468900e-04 5.467800729040097479e-02 1.084598698481561811e-02 4.739076838789207241e-02 1.492334825668158952e-03 4.774661203907973328e-02 3.796867584242999676e-03 1.576044129235618704e-03 0.000000000000000000e+00 8.250305890578570056e-02 2.820377225453904457e-03 0.000000000000000000e+00 0.000000000000000000e+00 1.728608470181503941e-03 0.000000000000000000e+00 0.000000000000000000e+00 0.000000000000000000e+00 8.247152768687000118e-03 0.000000000000000000e+00 1.013171225937183452e-03 0.000000000000000000e+00 1.788908765652951708e-03 0.000000000000000000e+00 1.929384526336098754e-03 2.293577981651376274e-03 2.625360987135731314e-04 0.000000000000000000e+00 2.901785714285714385e-02 0.000000000000000000e+00 0.000000000000000000e+00 1.494768310911808720e-03 1.020408163265306214e-03 0.000000000000000000e+00 1.036269430051813423e-03 1.612903225806451612e-03 1.068376068376068484e-03 3.155569580309245965e-04 4.990019960079840333e-03 0.000000000000000000e+00 2.819548872180450971e-03 0.000000000000000000e+00 0.000000000000000000e+00 0.000000000000000000e+00 1.298701298701298700e-03 0.000000000000000000e+00 0.000000000000000000e+00 0.000000000000000000e+00 0.000000000000000000e+00 0.000000000000000000e+00
3.385289819775937764e-02 0.000000000000000000e+00 8.016835354243911915e-03 3.287310979618671830e-02 0.000000000000000000e+00 8.737439930100480631e-04 4.761308106753539722e-03 1.303401898734177222e-01 0.000000000000000000e+00 1.646090534979423835e-03 1.459143968871595351e-03 7.883708748035621328e-02 0.000000000000000000e+00 1.723650748799095828e-02 0.000000000000000000e+00 2.810743285446595709e-03 2.668247850578120417e-03 3.502352326189231424e-02 5.225815254468549331e-02 5.155669808626106576e-02 0.000000000000000000e+00 0.000000000000000000e+00 5.309734513274336643e-04 3.915426781519185584e-04 0.000000000000000000e+00 0.000000000000000000e+00 0.000000000000000000e+00 4.770992366412213554e-04 8.873114463176575307e-04 3.049843150923666618e-02 7.086167800453515089e-03 9.302325581395349359e-04 2.299198305853879937e-02 2.556686719111522441e-02 1.138303927148548705e-03 1.764705882352941239e-03 3.485424588086185205e-03 7.413563829787234161e-02 0.000000000000000000e+00 2.941176470588235253e-02 0.000000000000000000e+00 0.000000000000000000e+00 0.000000000000000000e+00 9.173259947253755049e-04 0.000000000000000000e+00 3.501037344398340388e-03 0.000000000000000000e+00 1.563477173233270793e-04 1.494991777545223504e-04 5.294366793731469442e-03 0.000000000000000000e+00 1.329932592457642483e-02 0.000000000000000000e+00 1.251042535446205122e-03 0.000000000000000000e+00 2.565620682849812512e-03 4.698512137823023134e-03 1.943606755126658647e-01 6.280092108017584383e-04 2.470895699691138050e-02 7.908889591901296749e-04 9.213483146067415197e-02 4.971826317533974094e-04 3.782001551590380428e-02 2.803476310625175271e-04 2.423186569528032810e-02 1.001573901845757538e-03 1.363500149835181370e-02 3.475091130012150642e-02 1.146963123644251653e-01 2.328448157786604418e-03 9.076109076109076246e-02 9.454774661203907806e-04 5.054579971523492921e-02 0.000000000000000000e+00 1.149425287356321823e-02 4.020276175493794554e-03 5.270579940066984215e-02 0.000000000000000000e+00 0.000000000000000000e+00 0.000000000000000000e+00 1.094736842105263099e-02 0.000000000000000000e+00 4.672897196261681894e-03 2.618143736091111209e-04 4.032065087341469428e-02 0.000000000000000000e+00 0.000000000000000000e+00 0.000000000000000000e+00 9.751567216159740328e-03 0.000000000000000000e+00 2.293577981651376274e-03 0.000000000000000000e+00 0.000000000000000000e+00 6.696428571428571057e-03 2.994011976047904200e-02 0.000000000000000000e+00 0.000000000000000000e+00 0.000000000000000000e+00 4.504504504504504465e-03 0.000000000000000000e+00 0.000000000000000000e+00 0.000000000000000000e+00 2.208898706216471958e-03 0.000000000000000000e+00 9.896091044037606116e-04 0.000000000000000000e+00 0.000000000000000000e+00 0.000000000000000000e+00 0.000000000000000000e+00 0.000000000000000000e+00 0.000000000000000000e+00 0.000000000000000000e+00 3.333333333333333547e-03 0.000000000000000000e+00 0.000000000000000000e+00
3.056418478805491418e-02 8.016835354243911915e-03 0.000000000000000000e+00 9.697567389875082558e-03 1.704814522494080553e-01 0.000000000000000000e+00 2.878085452950758238e-01 1.562500000000000000e-02 7.334963325183374572e-02 1.646090534979423835e-03 4.985408560311284376e-02 8.119434258774227767e-03 5.677694770544289976e-02 1.158519355750211970e-02 3.290008123476848012e-02 9.681449094316053189e-03 1.008004743551734438e-02 2.352326189231573623e-03 9.387365261290762930e-02 8.997429305912596834e-03 4.210526315789473589e-03 0.000000000000000000e+00 3.023008849557521915e-01 8.222396241190289834e-03 1.328571428571428681e-01 7.894736842105263414e-03 8.410428931875525704e-03 0.000000000000000000e+00 3.886424134871339919e-02 3.311258278145695361e-03 5.924036281179138191e-02 2.395348837209302154e-02 1.890788080471940760e-02 8.445164275798241679e-03 3.414911781445646114e-03 0.000000000000000000e+00 3.929024081115335687e-02 1.994680851063829630e-03 3.439380911435941605e-03 0.000000000000000000e+00 4.366812227074235581e-03 0.000000000000000000e+00 0.000000000000000000e+00 1.146657493406719381e-04 1.142204454597372945e-03 1.296680497925311204e-04 2.683843263553408473e-04 0.000000000000000000e+00 1.644490955299745746e-03 2.117746717492587799e-04 8.015768725361365962e-03 1.821825469120058345e-04 6.142506142506142354e-04 0.000000000000000000e+00 1.177163037080635605e-03 0.000000000000000000e+00 1.346906812842599797e-02 4.523522316043425786e-04 2.302700439606447658e-02 4.751722499406034754e-04 1.091426763682378995e-02 3.745318352059925243e-04 6.629101756711965098e-04 1.939487975174553893e-04 4.765909728062798015e-03 1.583782071586949634e-04 1.688367434539991482e-02 7.491759065028468900e-04 5.953827460510328212e-02 0.000000000000000000e+00 7.574304889741131919e-02 1.085334418667752024e-03 6.965017333753545370e-02 5.457997152349312008e-03 3.230890464933017930e-02 0.000000000000000000e+00 6.816990036706870038e-02 2.820377225453904457e-03 0.000000000000000000e+00 0.000000000000000000e+00 1.296456352636127848e-03 0.000000000000000000e+00 0.000000000000000000e+00 0.000000000000000000e+00 6.152637779814111585e-03 1.196458482890643693e-04 1.013171225937183452e-03 0.000000000000000000e+00 2.385211687537268799e-03 0.000000000000000000e+00 5.788153579008296261e-04 1.146788990825688137e-03 2.625360987135731314e-04 8.445945945945946415e-04 1.116071428571428596e-02 5.988023952095808747e-03 0.000000000000000000e+00 0.000000000000000000e+00 0.000000000000000000e+00 0.000000000000000000e+00 0.000000000000000000e+00 0.000000000000000000e+00 6.410256410256410251e-04 9.466708740927737894e-04 4.990019960079839900e-04 4.948045522018803058e-04 0.000000000000000000e+00 0.000000000000000000e+00 0.000000000000000000e+00 0.000000000000000000e+00 0.000000000000000000e+00 0.000000000000000000e+00 0.000000000000000000e+00 0.000000000000000000e+00 0.000000000000000000e+00 0.000000000000000000e+00
2.465483234714003959e-03 3.287310979618671830e-02 9.697567389875082558e-03 0.000000000000000000e+00 2.367797947908445357e-03 6.553079947575360040e-03 7.016664578373637759e-03 1.536787974683544167e-01 6.112469437652811709e-04 8.230452674897120041e-03 5.350194552529182954e-03 3.431115767417496076e-02 3.201707577374599770e-03 2.543091268719977274e-02 2.843216896831844004e-03 2.092442223610243429e-02 5.929439667951378343e-04 1.672765290120229939e-02 7.504434438531860062e-03 1.475292773493287746e-01 0.000000000000000000e+00 8.176614881439084499e-04 9.557522123893805524e-03 2.893500391542678241e-01 7.142857142857142851e-04 1.315789473684210497e-03 0.000000000000000000e+00 4.770992366412213554e-04 2.661934338952972375e-03 3.311258278145695622e-02 2.352607709750566961e-02 6.069767441860465101e-02 3.932839207381636643e-03 2.082369273484497782e-02 5.691519635742743524e-04 5.882352941176470073e-04 3.168567807351077114e-04 2.293882978723404270e-02 0.000000000000000000e+00 8.650519031141869208e-03 0.000000000000000000e+00 0.000000000000000000e+00 0.000000000000000000e+00 0.000000000000000000e+00 0.000000000000000000e+00 6.613070539419087061e-03 0.000000000000000000e+00 0.000000000000000000e+00 1.494991777545223504e-04 6.776789495976280955e-03 0.000000000000000000e+00 7.196210603024230136e-03 0.000000000000000000e+00 6.255212677231025611e-04 0.000000000000000000e+00 3.947108742845865611e-04 3.132341425215348467e-04 4.674306393244873764e-03 2.093364036005861551e-04 1.211689237348538908e-02 3.163555836760518700e-04 4.868913857677902544e-03 1.657275439177991274e-04 9.697439875872769467e-04 0.000000000000000000e+00 1.108647450110864744e-03 0.000000000000000000e+00 1.798022175606832362e-02 9.720534629404617476e-04 8.947939262472885680e-03 1.369675386933296704e-03 3.215303215303215445e-02 3.624330286794831199e-03 6.502135738016136257e-02 2.364066193853427839e-03 1.880877742946708564e-02 1.573151546932354504e-03 7.985193019566366734e-02 0.000000000000000000e+00 0.000000000000000000e+00 2.160760587726879927e-04 2.105263157894736795e-03 0.000000000000000000e+00 0.000000000000000000e+00 1.309071868045555604e-04 1.316104331179708022e-03 0.000000000000000000e+00 0.000000000000000000e+00 0.000000000000000000e+00 2.321801718133271455e-04 1.929384526336098754e-04 4.587155963302752548e-03 0.000000000000000000e+00 3.378378378378378566e-03 2.232142857142857019e-03 5.389221556886227699e-02 0.000000000000000000e+00 0.000000000000000000e+00 0.000000000000000000e+00 2.252252252252252233e-03 0.000000000000000000e+00 0.000000000000000000e+00 0.000000000000000000e+00 1.577784790154622982e-03 1.497005988023952187e-03 9.896091044037606116e-04 0.000000000000000000e+00 0.000000000000000000e+00 0.000000000000000000e+00 0.000000000000000000e+00 0.000000000000000000e+00 0.000000000000000000e+00 0.000000000000000000e+00 1.666666666666666774e-03 0.000000000000000000e+00 0.000000000000000000e+00
1.183898973954222679e-03 0.000000000000000000e+00 1.704814522494080553e-01 2.367797947908445357e-03 0.000000000000000000e+00 1.310615989515072095e-03 1.039969928580378351e-02 0.000000000000000000e+00 3.001222493887530374e-01 2.469135802469135752e-03 7.295719844357976755e-04 0.000000000000000000e+00 1.131270010672358675e-02 0.000000000000000000e+00 2.303005686433793608e-01 3.435352904434728089e-03 2.964719833975689172e-04 0.000000000000000000e+00 1.364442625187610935e-04 0.000000000000000000e+00 3.157894736842105192e-03 0.000000000000000000e+00 1.061946902654867242e-02 1.957713390759592900e-03 2.071428571428571563e-01 1.052631578947368397e-02 1.396131202691337225e-01 0.000000000000000000e+00 7.453416149068322824e-03 1.742767514813523889e-04 1.048752834467120247e-02 3.953488372093022854e-03 0.000000000000000000e+00 0.000000000000000000e+00 0.000000000000000000e+00 0.000000000000000000e+00 6.337135614702154229e-04 0.000000000000000000e+00 0.000000000000000000e+00 0.000000000000000000e+00 0.000000000000000000e+00 0.000000000000000000e+00 5.007511266900349992e-04 0.000000000000000000e+00 0.000000000000000000e+00 0.000000000000000000e+00 0.000000000000000000e+00 0.000000000000000000e+00 0.000000000000000000e+00 0.000000000000000000e+00 0.000000000000000000e+00 0.000000000000000000e+00 0.000000000000000000e+00 0.000000000000000000e+00 2.942907592701589012e-04 0.000000000000000000e+00 0.000000000000000000e+00 0.000000000000000000e+00 0.000000000000000000e+00 0.000000000000000000e+00 3.163555836760518700e-04 0.000000000000000000e+00 0.000000000000000000e+00 0.000000000000000000e+00 2.803476310625175271e-04 0.000000000000000000e+00 0.000000000000000000e+00 0.000000000000000000e+00 0.000000000000000000e+00 0.000000000000000000e+00 1.506642925626626439e-02 0.000000000000000000e+00 1.591553734635991341e-02 8.305647840531561656e-04 7.880220646178093518e-04 0.000000000000000000e+00 1.048767697954903003e-03 1.762735765908690286e-04 0.000000000000000000e+00 0.000000000000000000e+00 0.000000000000000000e+00 0.000000000000000000e+00 0.000000000000000000e+00 0.000000000000000000e+00 9.163503076318889502e-04 0.000000000000000000e+00 0.000000000000000000e+00 0.000000000000000000e+00 5.963029218843171999e-04 0.000000000000000000e+00 0.000000000000000000e+00 0.000000000000000000e+00 2.625360987135731314e-04 8.445945945945946415e-04 2.232142857142857019e-03 0.000000000000000000e+00 0.000000000000000000e+00 0.000000000000000000e+00 0.000000000000000000e+00 0.000000000000000000e+00 0.000000000000000000e+00 0.000000000000000000e+00 0.000000000000000000e+00 3.155569580309245965e-04 0.000000000000000000e+00 0.000000000000000000e+00 0.000000000000000000e+00 0.000000000000000000e+00 0.000000000000000000e+00 0.000000000000000000e+00 0.000000000000000000e+00 0.000000000000000000e+00 0.000000000000000000e+00 0.000000000000000000e+00 0.000000000000000000e+00 0.000000000000000000e+00
0.000000000000000000e+00 8.737439930100480631e-04 0.000000000000000000e+00 6.553079947575360040e-03 1.310615989515072095e-03 0.000000000000000000e+00 1.252975817566720951e-04 3.955696202531645508e-04 1.833740831295843513e-03 3.283950617283950546e-01 0.000000000000000000e+00 2.619172341540073473e-04 2.134471718249733216e-04 2.825656965244419398e-04 1.218521527213647492e-03 1.727045596502186087e-01 0.000000000000000000e+00 0.000000000000000000e+00 0.000000000000000000e+00 1.428163381890888305e-04 1.052631578947368397e-02 1.226492232215862718e-02 1.415929203539823033e-03 3.367267032106499580e-02 4.285714285714285927e-03 1.092105263157894801e-01 2.523128679562657798e-03 3.191793893129771242e-01 0.000000000000000000e+00 7.668177065179505002e-03 1.133786848072562388e-03 7.906976744186045708e-03 0.000000000000000000e+00 4.627487274409995493e-04 0.000000000000000000e+00 0.000000000000000000e+00 0.000000000000000000e+00 0.000000000000000000e+00 0.000000000000000000e+00 0.000000000000000000e+00 0.000000000000000000e+00 0.000000000000000000e+00 0.000000000000000000e+00 2.293314986813438762e-04 0.000000000000000000e+00 0.000000000000000000e+00 0.000000000000000000e+00 1.563477173233270793e-04 0.000000000000000000e+00 1.058873358746293899e-04 0.000000000000000000e+00 0.000000000000000000e+00 0.000000000000000000e+00 0.000000000000000000e+00 0.000000000000000000e+00 0.000000000000000000e+00 0.000000000000000000e+00 0.000000000000000000e+00 0.000000000000000000e+00 0.000000000000000000e+00 0.000000000000000000e+00 0.000000000000000000e+00 0.000000000000000000e+00 0.000000000000000000e+00 0.000000000000000000e+00 0.000000000000000000e+00 0.000000000000000000e+00 1.498351813005693834e-04 0.000000000000000000e+00 0.000000000000000000e+00 4.109026160799890436e-04 2.645502645502645356e-02 0.000000000000000000e+00 1.483151400094921690e-02 7.880220646178093518e-04 2.089864158829676279e-03 0.000000000000000000e+00 8.813678829543451429e-04 0.000000000000000000e+00 0.000000000000000000e+00 0.000000000000000000e+00 4.210526315789473915e-04 0.000000000000000000e+00 0.000000000000000000e+00 0.000000000000000000e+00 0.000000000000000000e+00 0.000000000000000000e+00 0.000000000000000000e+00 0.000000000000000000e+00 2.321801718133271455e-04 0.000000000000000000e+00 0.000000000000000000e+00 0.000000000000000000e+00 0.000000000000000000e+00 0.000000000000000000e+00 0.000000000000000000e+00 0.000000000000000000e+00 0.000000000000000000e+00 0.000000000000000000e+00 0.000000000000000000e+00 0.000000000000000000e+00 0.000000000000000000e+00 0.000000000000000000e+00 0.000000000000000000e+00 0.000000000000000000e+00 0.000000000000000000e+00 0.000000000000000000e+00 0.000000000000000000e+00 0.000000000000000000e+00 0.000000000000000000e+00 0.000000000000000000e+00 0.000000000000000000e+00 0.000000000000000000e+00 0.000000000000000000e+00 0.000000000000000000e+00 0.000000000000000000e+00
9.447437664453076089e-02 4.761308106753539722e-03 2.878085452950758238e-01 7.016664578373637759e-03 1.039969928580378351e-02 1.252975817566720951e-04 0.000000000000000000e+00 1.819620253164556944e-02 9.474327628361858822e-02 4.115226337448560021e-03 1.284046692607003770e-01 9.429020429544264503e-03 2.207043756670224177e-01 1.158519355750211970e-02 1.584077985377741610e-02 5.309181761399125662e-03 8.597687518529498543e-03 1.306847882906429694e-03 7.777322963569381978e-03 5.284204512996286754e-03 1.052631578947368397e-03 0.000000000000000000e+00 1.876106194690265599e-02 9.397024275646046268e-03 0.000000000000000000e+00 0.000000000000000000e+00 0.000000000000000000e+00 0.000000000000000000e+00 2.484472049689440826e-02 4.356918787033810074e-03 2.012471655328798223e-02 2.534883720930232454e-02 2.117682650128573443e-03 6.247107820453493346e-03 0.000000000000000000e+00 0.000000000000000000e+00 2.788339670468948164e-02 9.973404255319148152e-04 0.000000000000000000e+00 8.650519031141868775e-04 0.000000000000000000e+00 0.000000000000000000e+00 0.000000000000000000e+00 1.146657493406719381e-04 3.807348181991243152e-04 0.000000000000000000e+00 0.000000000000000000e+00 0.000000000000000000e+00 2.541486021826880066e-03 1.058873358746293899e-04 1.143232588699080211e-02 9.109127345600291723e-05 0.000000000000000000e+00 0.000000000000000000e+00 3.237198351971747913e-03 0.000000000000000000e+00 6.577916992952232214e-03 0.000000000000000000e+00 2.323634079966506102e-02 2.375861249703017377e-04 2.435937994305599485e-02 0.000000000000000000e+00 3.480278422273781758e-03 1.939487975174553893e-04 1.429772918418839404e-02 0.000000000000000000e+00 6.009443411074545660e-03 4.495055439017081231e-04 7.290400972053463378e-04 0.000000000000000000e+00 9.272702369538420031e-02 6.783340116673449880e-04 3.214623384809328632e-02 3.559563360227811953e-03 2.364066193853427839e-03 3.134796238244513984e-03 5.768222338751966688e-02 3.172924378635642514e-03 0.000000000000000000e+00 0.000000000000000000e+00 3.457216940363007883e-03 0.000000000000000000e+00 0.000000000000000000e+00 0.000000000000000000e+00 2.225422175677444631e-02 1.196458482890643693e-04 1.013171225937183452e-03 0.000000000000000000e+00 5.366726296958854690e-03 0.000000000000000000e+00 1.929384526336098754e-04 0.000000000000000000e+00 0.000000000000000000e+00 0.000000000000000000e+00 6.696428571428571057e-03 1.197604790419161749e-02 0.000000000000000000e+00 0.000000000000000000e+00 0.000000000000000000e+00 2.252252252252252233e-03 0.000000000000000000e+00 1.612903225806451612e-03 2.136752136752136750e-04 9.466708740927737894e-04 1.497005988023952187e-03 0.000000000000000000e+00 0.000000000000000000e+00 0.000000000000000000e+00 0.000000000000000000e+00 0.000000000000000000e+00 1.298701298701298700e-03 0.000000000000000000e+00 0.000000000000000000e+00 0.000000000000000000e+00 0.000000000000000000e+00 0.000000000000000000e+00
1.582278481012658203e-03 1.303401898734177222e-01 1.562500000000000000e-02 1.536787974683544167e-01 0.000000000000000000e+00 3.955696202531645508e-04 1.819620253164556944e-02 0.000000000000000000e+00 2.444987775061124684e-03 1.119341563786008242e-01 6.322957198443579854e-03 1.293871136720796122e-01 5.122732123799359286e-03 2.379203164735801124e-01 0.000000000000000000e+00 3.778888194878201462e-02 8.894159501927068057e-04 3.397804495556717118e-03 6.276436075863010139e-03 3.570408454727220897e-03 0.000000000000000000e+00 0.000000000000000000e+00 1.716814159292035305e-02 1.487862176977290500e-02 7.142857142857142851e-04 0.000000000000000000e+00 0.000000000000000000e+00 0.000000000000000000e+00 3.194321206743567110e-03 1.289647960962007726e-02 3.061224489795918297e-02 1.744186046511627883e-02 4.991680532445923364e-03 1.735307727903748296e-03 0.000000000000000000e+00 0.000000000000000000e+00 1.584283903675538611e-03 1.662234042553191503e-03 0.000000000000000000e+00 0.000000000000000000e+00 0.000000000000000000e+00 0.000000000000000000e+00 0.000000000000000000e+00 5.733287467033597448e-04 0.000000000000000000e+00 1.945020746887966834e-03 0.000000000000000000e+00 0.000000000000000000e+00 0.000000000000000000e+00 4.341380770859805394e-03 0.000000000000000000e+00 6.740754235744215658e-03 0.000000000000000000e+00 6.255212677231025611e-04 0.000000000000000000e+00 9.867771857114662672e-04 1.566170712607674233e-04 5.880579010856453251e-03 0.000000000000000000e+00 1.663102874792112083e-03 1.581777918380259350e-04 3.033707865168539311e-02 0.000000000000000000e+00 5.236617532971295404e-03 0.000000000000000000e+00 6.810262907823883861e-03 1.430819859779653780e-04 1.048846269103985603e-03 0.000000000000000000e+00 2.711496746203904636e-04 2.054513080399945381e-03 4.504137837471170608e-02 3.309171131421367786e-03 2.278120550545799719e-02 0.000000000000000000e+00 3.134796238244513984e-03 2.447124628561440484e-03 1.921381984840472498e-02 0.000000000000000000e+00 0.000000000000000000e+00 0.000000000000000000e+00 6.736842105263158263e-03 0.000000000000000000e+00 0.000000000000000000e+00 2.618143736091111209e-04 1.842546063651591404e-02 0.000000000000000000e+00 0.000000000000000000e+00 2.981514609421585999e-04 3.947062920826561148e-03 0.000000000000000000e+00 1.146788990825688137e-03 0.000000000000000000e+00 0.000000000000000000e+00 4.464285714285714038e-03 5.988023952095808747e-03 0.000000000000000000e+00 0.000000000000000000e+00 0.000000000000000000e+00 2.252252252252252233e-03 0.000000000000000000e+00 1.612903225806451612e-03 0.000000000000000000e+00 3.155569580309245965e-04 0.000000000000000000e+00 0.000000000000000000e+00 0.000000000000000000e+00 0.000000000000000000e+00 0.000000000000000000e+00 0.000000000000000000e+00 0.000000000000000000e+00 0.000000000000000000e+00 0.000000000000000000e+00 1.666666666666666774e-03 0.000000000000000000e+00 0.000000000000000000e+00
3.667481662591687026e-03 0.000000000000000000e+00 7.334963325183374572e-02 6.112469437652811709e-04 3.001222493887530374e-01 1.833740831295843513e-03 9.474327628361858822e-02 2.444987775061124684e-03 0.000000000000000000e+00 0.000000000000000000e+00 2.188715953307393026e-03 0.000000000000000000e+00 4.631803628601920825e-02 1.412828482622209645e-03 1.762794476035743352e-01 3.123048094940661899e-03 2.964719833975689172e-04 0.000000000000000000e+00 2.728885250375221870e-04 0.000000000000000000e+00 0.000000000000000000e+00 0.000000000000000000e+00 7.079646017699115163e-04 7.830853563038371167e-04 2.142857142857142964e-03 1.315789473684210453e-02 5.046257359125315596e-03 0.000000000000000000e+00 3.904170363797693135e-03 1.742767514813523889e-04 3.684807256235827708e-03 3.255813953488372221e-03 0.000000000000000000e+00 1.156871818602498873e-04 5.691519635742743524e-04 0.000000000000000000e+00 3.168567807351077114e-04 0.000000000000000000e+00 8.598452278589854012e-04 0.000000000000000000e+00 0.000000000000000000e+00 0.000000000000000000e+00 1.669170422300116845e-04 0.000000000000000000e+00 0.000000000000000000e+00 0.000000000000000000e+00 0.000000000000000000e+00 0.000000000000000000e+00 0.000000000000000000e+00 0.000000000000000000e+00 0.000000000000000000e+00 0.000000000000000000e+00 0.000000000000000000e+00 0.000000000000000000e+00 2.942907592701589012e-04 0.000000000000000000e+00 0.000000000000000000e+00 0.000000000000000000e+00 2.093364036005861551e-04 0.000000000000000000e+00 7.908889591901296749e-04 0.000000000000000000e+00 0.000000000000000000e+00 0.000000000000000000e+00 0.000000000000000000e+00 0.000000000000000000e+00 0.000000000000000000e+00 0.000000000000000000e+00 2.430133657351154369e-04 0.000000000000000000e+00 5.752636625119846719e-03 0.000000000000000000e+00 5.988023952095808747e-03 3.559563360227812061e-04 0.000000000000000000e+00 0.000000000000000000e+00 5.243838489774515013e-04 1.762735765908690286e-04 0.000000000000000000e+00 0.000000000000000000e+00 2.160760587726879927e-04 0.000000000000000000e+00 0.000000000000000000e+00 0.000000000000000000e+00 1.309071868045555604e-04 0.000000000000000000e+00 0.000000000000000000e+00 0.000000000000000000e+00 2.981514609421585999e-04 0.000000000000000000e+00 0.000000000000000000e+00 0.000000000000000000e+00 0.000000000000000000e+00 0.000000000000000000e+00 0.000000000000000000e+00 0.000000000000000000e+00 0.000000000000000000e+00 0.000000000000000000e+00 0.000000000000000000e+00 0.000000000000000000e+00 0.000000000000000000e+00 0.000000000000000000e+00 0.000000000000000000e+00 0.000000000000000000e+00 0.000000000000000000e+00 0.000000000000000000e+00 0.000000000000000000e+00 0.000000000000000000e+00 0.000000000000000000e+00 0.000000000000000000e+00 0.000000000000000000e+00 0.000000000000000000e+00 0.000000000000000000e+00 0.000000000000000000e+00 0.000000000000000000e+00 0.000000000000000000e+00
0.000000000000000000e+00 1.646090534979423835e-03 1.646090534979423835e-03 8.230452674897120041e-03 2.469135802469135752e-03 3.283950617283950546e-01 4.115226337448560021e-03 1.119341563786008242e-01 0.000000000000000000e+00 0.000000000000000000e+00 2.431906614785992252e-04 0.000000000000000000e+00 2.134471718249733216e-04 2.543091268719977188e-03 8.123476848090982558e-04 1.602123672704559576e-01 0.000000000000000000e+00 0.000000000000000000e+00 0.000000000000000000e+00 1.428163381890888305e-04 0.000000000000000000e+00 8.176614881439084499e-04 2.477876106194690144e-03 7.830853563038371167e-04 0.000000000000000000e+00 0.000000000000000000e+00 0.000000000000000000e+00 2.862595419847328241e-03 0.000000000000000000e+00 1.917044266294876250e-03 3.401360544217686948e-03 1.395348837209302350e-03 0.000000000000000000e+00 0.000000000000000000e+00 0.000000000000000000e+00 5.882352941176470073e-04 0.000000000000000000e+00 0.000000000000000000e+00 0.000000000000000000e+00 0.000000000000000000e+00 0.000000000000000000e+00 0.000000000000000000e+00 0.000000000000000000e+00 0.000000000000000000e+00 0.000000000000000000e+00 0.000000000000000000e+00 0.000000000000000000e+00 0.000000000000000000e+00 0.000000000000000000e+00 0.000000000000000000e+00 0.000000000000000000e+00 0.000000000000000000e+00 0.000000000000000000e+00 0.000000000000000000e+00 0.000000000000000000e+00 1.973554371422932806e-04 0.000000000000000000e+00 0.000000000000000000e+00 0.000000000000000000e+00 0.000000000000000000e+00 0.000000000000000000e+00 0.000000000000000000e+00 0.000000000000000000e+00 0.000000000000000000e+00 0.000000000000000000e+00 0.000000000000000000e+00 0.000000000000000000e+00 1.498351813005693834e-04 0.000000000000000000e+00 2.711496746203904636e-04 0.000000000000000000e+00 2.849002849002849145e-03 0.000000000000000000e+00 6.169909824394873878e-03 0.000000000000000000e+00 0.000000000000000000e+00 0.000000000000000000e+00 1.762735765908690286e-04 0.000000000000000000e+00 0.000000000000000000e+00 0.000000000000000000e+00 4.210526315789473915e-04 0.000000000000000000e+00 0.000000000000000000e+00 0.000000000000000000e+00 0.000000000000000000e+00 0.000000000000000000e+00 0.000000000000000000e+00 0.000000000000000000e+00 0.000000000000000000e+00 0.000000000000000000e+00 0.000000000000000000e+00 0.000000000000000000e+00 0.000000000000000000e+00 0.000000000000000000e+00 0.000000000000000000e+00 0.000000000000000000e+00 0.000000000000000000e+00 0.000000000000000000e+00 0.000000000000000000e+00 0.000000000000000000e+00 0.000000000000000000e+00 0.000000000000000000e+00 0.000000000000000000e+00 0.000000000000000000e+00 0.000000000000000000e+00 0.000000000000000000e+00 0.000000000000000000e+00 0.000000000000000000e+00 0.000000000000000000e+00 0.000000000000000000e+00 0.000000000000000000e+00 0.000000000000000000e+00 0.000000000000000000e+00 0.000000000000000000e+00 0.000000000000000000e+00
1.673151750972762530e-01 1.459143968871595351e-03 4.985408560311284376e-02 5.350194552529182954e-03 7.295719844357976755e-04 0.000000000000000000e+00 1.284046692607003770e-01 6.322957198443579854e-03 2.188715953307393026e-03 2.431906614785992252e-04 0.000000000000000000e+00 1.309586170770036737e-03 1.775880469583777932e-01 5.651313930488838797e-04 2.437043054427294984e-03 0.000000000000000000e+00 3.142603024014230945e-02 0.000000000000000000e+00 1.828353117751398485e-02 1.856612396458154823e-03 0.000000000000000000e+00 0.000000000000000000e+00 1.256637168141592868e-02 2.349256068911511567e-03 0.000000000000000000e+00 0.000000000000000000e+00 0.000000000000000000e+00 0.000000000000000000e+00 7.861579414374444963e-02 1.045660508888114279e-03 8.786848072562358780e-03 3.720930232558139743e-03 3.479050068068370843e-03 3.470615455807496592e-03 5.691519635742743524e-04 0.000000000000000000e+00 3.168567807351077223e-03 0.000000000000000000e+00 0.000000000000000000e+00 0.000000000000000000e+00 0.000000000000000000e+00 0.000000000000000000e+00 0.000000000000000000e+00 1.146657493406719381e-04 1.903674090995621576e-04 0.000000000000000000e+00 0.000000000000000000e+00 0.000000000000000000e+00 0.000000000000000000e+00 1.058873358746293899e-04 7.884362680683310943e-04 0.000000000000000000e+00 0.000000000000000000e+00 0.000000000000000000e+00 2.942907592701589012e-04 0.000000000000000000e+00 1.393891934220830089e-02 0.000000000000000000e+00 5.024073686414067506e-03 0.000000000000000000e+00 2.578298006959822697e-02 0.000000000000000000e+00 7.126284388465363266e-03 0.000000000000000000e+00 8.690776562938042418e-03 0.000000000000000000e+00 1.001573901845757538e-03 1.498351813005693834e-04 0.000000000000000000e+00 0.000000000000000000e+00 4.780167100397205576e-02 4.070004070004069820e-04 4.569807752915221871e-03 3.559563360227812061e-04 7.880220646178093518e-04 0.000000000000000000e+00 1.345918545708792158e-02 1.762735765908690286e-04 0.000000000000000000e+00 0.000000000000000000e+00 1.728608470181503941e-03 0.000000000000000000e+00 0.000000000000000000e+00 0.000000000000000000e+00 5.629009032595889452e-03 0.000000000000000000e+00 1.013171225937183452e-03 0.000000000000000000e+00 1.192605843768634400e-03 0.000000000000000000e+00 0.000000000000000000e+00 0.000000000000000000e+00 0.000000000000000000e+00 0.000000000000000000e+00 2.232142857142857019e-03 0.000000000000000000e+00 0.000000000000000000e+00 0.000000000000000000e+00 0.000000000000000000e+00 0.000000000000000000e+00 0.000000000000000000e+00 0.000000000000000000e+00 2.136752136752136750e-04 0.000000000000000000e+00 0.000000000000000000e+00 0.000000000000000000e+00 0.000000000000000000e+00 0.000000000000000000e+00 0.000000000000000000e+00 0.000000000000000000e+00 0.000000000000000000e+00 0.000000000000000000e+00 0.000000000000000000e+00 0.000000000000000000e+00 0.000000000000000000e+00 0.000000000000000000e+00
5.238344683080146946e-04 7.883708748035621328e-02 8.119434258774227767e-03 3.431115767417496076e-02 0.000000000000000000e+00 2.619172341540073473e-04 9.429020429544264503e-03 1.293871136720796122e-01 0.000000000000000000e+00 0.000000000000000000e+00 1.309586170770036737e-03 0.000000000000000000e+00 6.403415154749199107e-04 1.746256004521051231e-01 0.000000000000000000e+00 9.369144284821986565e-03 2.964719833975689172e-04 6.220595922634605118e-02 2.046663937781416105e-03 1.342473578977435023e-02 0.000000000000000000e+00 0.000000000000000000e+00 3.716814159292035433e-03 7.439310884886452500e-03 0.000000000000000000e+00 0.000000000000000000e+00 0.000000000000000000e+00 0.000000000000000000e+00 8.873114463176575307e-04 1.214708957825026137e-01 7.086167800453515089e-03 2.558139534883720721e-03 9.075782786265314912e-04 8.560851457658492231e-03 0.000000000000000000e+00 0.000000000000000000e+00 0.000000000000000000e+00 9.973404255319148152e-04 0.000000000000000000e+00 8.650519031141868775e-04 0.000000000000000000e+00 0.000000000000000000e+00 0.000000000000000000e+00 0.000000000000000000e+00 0.000000000000000000e+00 5.186721991701244818e-04 0.000000000000000000e+00 0.000000000000000000e+00 0.000000000000000000e+00 1.058873358746293845e-03 0.000000000000000000e+00 1.093095281472035007e-03 0.000000000000000000e+00 0.000000000000000000e+00 0.000000000000000000e+00 1.578843497138346244e-03 0.000000000000000000e+00 2.714113389626055580e-03 0.000000000000000000e+00 7.127583749109052402e-04 0.000000000000000000e+00 7.116104868913857365e-03 0.000000000000000000e+00 3.878975950349107527e-02 2.803476310625175271e-04 6.493506493506493935e-03 1.430819859779653780e-04 1.048846269103985603e-03 2.430133657351154369e-04 2.711496746203904636e-04 4.109026160799890436e-04 4.449871116537783278e-02 9.454774661203907806e-04 8.186995728523967578e-03 0.000000000000000000e+00 1.044932079414838139e-03 1.223562314280720242e-03 5.817028027498677943e-03 0.000000000000000000e+00 3.584229390681003581e-03 0.000000000000000000e+00 1.389473684210526354e-02 0.000000000000000000e+00 0.000000000000000000e+00 0.000000000000000000e+00 1.579325197415649626e-02 0.000000000000000000e+00 0.000000000000000000e+00 0.000000000000000000e+00 3.947062920826561148e-03 0.000000000000000000e+00 0.000000000000000000e+00 0.000000000000000000e+00 0.000000000000000000e+00 0.000000000000000000e+00 0.000000000000000000e+00 0.000000000000000000e+00 0.000000000000000000e+00 0.000000000000000000e+00 0.000000000000000000e+00 0.000000000000000000e+00 0.000000000000000000e+00 0.000000000000000000e+00 0.000000000000000000e+00 0.000000000000000000e+00 0.000000000000000000e+00 0.000000000000000000e+00 0.000000000000000000e+00 0.000000000000000000e+00 0.000000000000000000e+00 0.000000000000000000e+00 0.000000000000000000e+00 0.000000000000000000e+00 0.000000000000000000e+00 0.000000000000000000e+00 0.000000000000000000e+00
4.226254002134471888e-02 0.000000000000000000e+00 5.677694770544289976e-02 3.201707577374599770e-03 1.131270010672358675e-02 2.134471718249733216e-04 2.207043756670224177e-01 5.122732123799359286e-03 4.631803628601920825e-02 2.134471718249733216e-04 1.775880469583777932e-01 6.403415154749199107e-04 0.000000000000000000e+00 7.346708109635490327e-03 1.677497969130787858e-01 2.498438475952529519e-03 4.743551734361102674e-03 0.000000000000000000e+00 3.001773775412743678e-03 2.856326763781776609e-04 0.000000000000000000e+00 0.000000000000000000e+00 9.734513274336283051e-03 3.915426781519185800e-03 1.428571428571428570e-03 0.000000000000000000e+00 0.000000000000000000e+00 0.000000000000000000e+00 5.803016858917479925e-02 1.742767514813523943e-03 9.920634920634920084e-03 7.906976744186045708e-03 4.537891393132657456e-04 9.254974548819990985e-04 0.000000000000000000e+00 0.000000000000000000e+00 1.584283903675538611e-03 0.000000000000000000e+00 0.000000000000000000e+00 0.000000000000000000e+00 0.000000000000000000e+00 0.000000000000000000e+00 0.000000000000000000e+00 0.000000000000000000e+00 0.000000000000000000e+00 0.000000000000000000e+00 0.000000000000000000e+00 0.000000000000000000e+00 1.494991777545223504e-04 0.000000000000000000e+00 1.445466491458607169e-03 0.000000000000000000e+00 0.000000000000000000e+00 0.000000000000000000e+00 8.828722778104767036e-04 0.000000000000000000e+00 5.011746280344557547e-03 0.000000000000000000e+00 3.768055264810550413e-03 0.000000000000000000e+00 2.420120215121797022e-02 0.000000000000000000e+00 1.242956579383493534e-02 0.000000000000000000e+00 1.485842444631342921e-02 0.000000000000000000e+00 2.861639719559307560e-04 0.000000000000000000e+00 7.290400972053463378e-04 0.000000000000000000e+00 4.026845637583892357e-02 1.356668023334690030e-04 1.796407185628742451e-02 5.932605600379686588e-04 7.880220646178092217e-03 0.000000000000000000e+00 2.132494319174969497e-02 8.813678829543451429e-04 0.000000000000000000e+00 0.000000000000000000e+00 1.231633535004321607e-02 0.000000000000000000e+00 0.000000000000000000e+00 0.000000000000000000e+00 1.151983243880089040e-02 0.000000000000000000e+00 1.013171225937183452e-03 0.000000000000000000e+00 2.683363148479427345e-03 0.000000000000000000e+00 3.858769052672197507e-04 0.000000000000000000e+00 0.000000000000000000e+00 0.000000000000000000e+00 4.464285714285714038e-03 0.000000000000000000e+00 0.000000000000000000e+00 1.494768310911808720e-03 0.000000000000000000e+00 0.000000000000000000e+00 0.000000000000000000e+00 0.000000000000000000e+00 0.000000000000000000e+00 6.311139160618491929e-04 4.990019960079839900e-04 0.000000000000000000e+00 0.000000000000000000e+00 0.000000000000000000e+00 0.000000000000000000e+00 0.000000000000000000e+00 0.000000000000000000e+00 0.000000000000000000e+00 0.000000000000000000e+00 0.000000000000000000e+00 0.000000000000000000e+00 0.000000000000000000e+00
