0.000000000000000000e+00 1.333624836029733210e-02 6.405919661733615322e-02 3.058103975535168221e-03 1.824262693827911246e-03 0.000000000000000000e+00 1.210251542477456116e-01 1.123315027458811864e-03 2.873563218390804558e-03 0.000000000000000000e+00 1.140315406389001279e-01 7.191657677094570036e-04 2.693498452012383845e-02 0.000000000000000000e+00 1.375042970092815470e-03 3.008423586040914668e-04 1.086810979692033052e-01 4.852405984634047646e-03 8.579678262065172645e-02 2.553945585322631162e-02 0.000000000000000000e+00 0.000000000000000000e+00 5.106382978723403993e-04 0.000000000000000000e+00 0.000000000000000000e+00 0.000000000000000000e+00 0.000000000000000000e+00 0.000000000000000000e+00 2.271526677231907113e-02 1.339046598821638963e-03 1.027221366204417088e-03 0.000000000000000000e+00 2.980972515856236682e-02 7.902398447248024788e-03 8.703220191470843964e-04 4.625346901017576536e-04 7.961630695443644434e-02 4.936917169500822967e-03 0.000000000000000000e+00 2.435064935064935009e-03 0.000000000000000000e+00 0.000000000000000000e+00 0.000000000000000000e+00 0.000000000000000000e+00 1.515381118351265255e-04 1.405876564037677535e-04 0.000000000000000000e+00 0.000000000000000000e+00 3.630203291384317640e-04 0.000000000000000000e+00 1.019357495881383774e-02 9.552010698251981455e-05 0.000000000000000000e+00 0.000000000000000000e+00 3.768844221105527477e-03 0.000000000000000000e+00 1.859806466839745154e-01 5.339028296849972991e-04 3.258350374914792402e-02 1.033725287504845547e-03 7.465690759377859032e-02 0.000000000000000000e+00 1.441641253118935463e-02 4.406256884776382256e-04 6.276824034334764491e-02 3.396162336559687550e-04 3.040073698756333518e-03 2.364625206904705582e-04 1.255532261821570017e-01 2.677050377220734946e-03 2.682926829268292637e-02 7.768361581920904362e-03 3.700646581372953742e-02 4.808256127594699031e-03 1.485535574667709233e-02 2.482416218452627391e-03 4.717208182912153991e-02 1.420903062835491074e-02 1.630434782608695607e-02 0.000000000000000000e+00 5.582849486377846823e-03 2.997601918465227612e-04 0.000000000000000000e+00 0.000000000000000000e+00 3.281126957739084748e-02 1.261988894497728404e-04 0.000000000000000000e+00 0.000000000000000000e+00 2.214856109688112182e-02 0.000000000000000000e+00 2.216803369541121599e-04 4.291845493562231528e-04 0.000000000000000000e+00 2.714072465734835128e-04 1.666666666666666574e-01 0.000000000000000000e+00 0.000000000000000000e+00 0.000000000000000000e+00 0.000000000000000000e+00 3.320053120849933686e-03 0.000000000000000000e+00 0.000000000000000000e+00 1.242015613910574896e-03 9.633911368015414143e-04 4.475703324808183968e-03 3.602305475504322531e-04 0.000000000000000000e+00 0.000000000000000000e+00 0.000000000000000000e+00 0.000000000000000000e+00 0.000000000000000000e+00 3.472222222222222029e-03 0.000000000000000000e+00 0.000000000000000000e+00 0.000000000000000000e+00 0.000000000000000000e+00
1.333624836029733210e-02 0.000000000000000000e+00 2.959830866807611031e-03 4.550458715596330389e-02 0.000000000000000000e+00 1.004520341536916219e-03 9.492168960607499191e-04 1.023464802795806261e-01 0.000000000000000000e+00 9.599999999999999159e-03 0.000000000000000000e+00 4.458827759798633661e-02 0.000000000000000000e+00 2.045680238331678419e-02 6.875214850464077352e-04 1.594464500601684709e-02 2.901138138808301813e-03 1.920744035584310561e-01 1.347449470644850739e-02 1.258209110809965503e-01 0.000000000000000000e+00 0.000000000000000000e+00 3.404255319148936356e-04 0.000000000000000000e+00 0.000000000000000000e+00 0.000000000000000000e+00 0.000000000000000000e+00 5.524861878453039095e-04 2.641310089804543154e-04 1.713979646491697872e-02 0.000000000000000000e+00 0.000000000000000000e+00 4.016913319238900500e-03 1.303202550949674257e-02 1.305483028720626649e-03 4.625346901017576536e-04 2.877697841726618768e-03 5.156335710367525998e-02 0.000000000000000000e+00 2.029220779220779203e-02 0.000000000000000000e+00 0.000000000000000000e+00 0.000000000000000000e+00 1.001803245842516541e-04 0.000000000000000000e+00 1.265288907633909700e-03 0.000000000000000000e+00 0.000000000000000000e+00 0.000000000000000000e+00 4.098725830883008341e-03 0.000000000000000000e+00 5.158085777056070284e-03 0.000000000000000000e+00 1.269438273563947873e-03 0.000000000000000000e+00 8.435582822085889443e-03 9.440641963653527901e-04 2.749599572877736153e-01 6.816632583503749428e-04 4.780979454709911175e-02 0.000000000000000000e+00 7.908782144590004171e-02 2.772387025228721961e-04 3.899537343027098535e-02 0.000000000000000000e+00 4.211241297334012562e-02 3.684937816674343494e-04 1.040435091038070456e-02 1.397624039133473113e-02 2.078364565587734192e-01 1.219512195121951218e-03 1.412429378531073441e-02 1.650846058605035188e-03 6.051366248387474861e-02 0.000000000000000000e+00 2.482416218452627305e-02 3.369434416365824341e-03 7.736027786548783924e-02 0.000000000000000000e+00 2.538071065989847518e-03 0.000000000000000000e+00 8.693045563549160401e-03 0.000000000000000000e+00 0.000000000000000000e+00 0.000000000000000000e+00 2.372539121655729485e-02 0.000000000000000000e+00 0.000000000000000000e+00 0.000000000000000000e+00 1.438848920863309427e-02 2.216803369541121599e-04 7.153075822603719575e-04 0.000000000000000000e+00 0.000000000000000000e+00 2.380952380952380820e-02 3.225806451612903136e-02 7.593014426727411146e-04 0.000000000000000000e+00 5.240174672489082870e-03 6.640106241699866721e-04 0.000000000000000000e+00 0.000000000000000000e+00 8.871540099361248637e-04 1.565510597302504758e-03 1.918158567774936110e-03 1.440922190201729012e-03 0.000000000000000000e+00 0.000000000000000000e+00 0.000000000000000000e+00 0.000000000000000000e+00 7.390983000739098294e-04 3.472222222222222029e-03 0.000000000000000000e+00 0.000000000000000000e+00 0.000000000000000000e+00 0.000000000000000000e+00
6.405919661733615322e-02 2.959830866807611031e-03 0.000000000000000000e+00 2.446483180428134403e-03 7.388263910003040058e-02 5.022601707684580877e-03 3.100775193798449569e-01 9.111333000499250920e-03 3.620689655172414090e-02 1.039999999999999952e-02 6.105944197331177048e-02 3.236245954692556787e-03 9.628482972136222229e-02 8.142999006951340268e-03 8.834651082846338432e-02 9.326113116726835253e-03 2.053113144387413644e-02 1.213101496158511912e-03 1.772308538429809011e-01 5.003648493693318294e-03 1.792114695340501791e-03 0.000000000000000000e+00 2.726808510638297767e-01 2.871912693854106885e-03 4.485776805251641408e-02 1.557935735150925080e-02 2.405922270203578184e-02 5.524861878453039095e-04 2.694136291600634017e-02 3.213711837171933511e-03 7.139188495120699085e-02 8.147916013788780720e-03 2.410147991543340473e-02 2.079578538749480253e-03 1.740644038294168793e-03 4.625346901017576536e-04 2.877697841726618855e-02 5.485463521667581195e-04 1.809954751131221794e-03 0.000000000000000000e+00 0.000000000000000000e+00 0.000000000000000000e+00 1.372306847811170501e-04 0.000000000000000000e+00 0.000000000000000000e+00 0.000000000000000000e+00 2.156566745740780711e-04 0.000000000000000000e+00 8.470474346563407284e-04 0.000000000000000000e+00 2.059308072487644071e-03 1.910402139650396291e-04 1.411764705882353034e-03 0.000000000000000000e+00 1.256281407035175898e-03 0.000000000000000000e+00 7.552513570922822321e-03 1.779676098949990997e-04 8.588957055214724648e-03 5.168626437524227735e-04 5.489478499542543508e-03 0.000000000000000000e+00 1.940670917660105264e-03 4.406256884776382256e-04 1.126609442060085876e-02 0.000000000000000000e+00 1.381851681252878848e-02 5.911563017261763954e-04 5.357558816678313629e-03 7.301046483329276830e-04 8.414634146341463949e-02 6.002824858757062343e-03 8.556885403769431964e-02 5.277354286384426316e-03 1.720093823299452540e-02 4.137360364087711777e-04 1.367027677496991667e-01 7.262393432270287073e-03 0.000000000000000000e+00 0.000000000000000000e+00 3.349709691826708528e-03 0.000000000000000000e+00 0.000000000000000000e+00 0.000000000000000000e+00 6.037273602239916041e-03 0.000000000000000000e+00 1.058201058201058272e-03 0.000000000000000000e+00 5.574807895133343516e-03 0.000000000000000000e+00 2.216803369541121599e-04 1.859799713876967176e-03 0.000000000000000000e+00 0.000000000000000000e+00 7.142857142857142461e-02 0.000000000000000000e+00 0.000000000000000000e+00 0.000000000000000000e+00 0.000000000000000000e+00 5.976095617529880374e-03 0.000000000000000000e+00 3.169572107765451785e-03 1.774308019872249890e-04 6.021194605009633433e-04 3.196930946291560039e-03 0.000000000000000000e+00 2.621231979030144189e-03 0.000000000000000000e+00 0.000000000000000000e+00 0.000000000000000000e+00 0.000000000000000000e+00 0.000000000000000000e+00 0.000000000000000000e+00 0.000000000000000000e+00 0.000000000000000000e+00 0.000000000000000000e+00
3.058103975535168221e-03 4.550458715596330389e-02 2.446483180428134403e-03 0.000000000000000000e+00 3.040437823046518743e-04 1.406328478151682576e-02 4.904287296313874708e-03 2.442586120818771855e-01 3.448275862068965469e-03 4.080000000000000293e-02 4.043671653861706191e-04 9.349154980222941502e-02 2.476780185758514080e-03 6.236345580933465998e-02 2.750085940185630941e-03 5.024067388688327473e-02 1.338986833296139248e-03 2.507076425394258110e-02 4.399835006187268090e-03 1.344730532680079305e-01 7.168458781362007162e-03 0.000000000000000000e+00 3.063829787234042396e-03 3.110281447443997704e-01 1.094091903719912433e-03 1.577409931840311474e-01 6.169031462060456687e-04 2.209944751381215638e-03 5.282620179609086308e-04 4.740224959828601842e-02 3.595274781715459590e-03 1.388279536195549946e-01 4.228329809725158307e-04 2.273672535699431535e-02 0.000000000000000000e+00 2.775208140610545705e-03 0.000000000000000000e+00 2.194185408667032478e-03 0.000000000000000000e+00 4.058441558441558059e-03 0.000000000000000000e+00 0.000000000000000000e+00 0.000000000000000000e+00 1.001803245842516541e-04 0.000000000000000000e+00 1.405876564037677535e-04 0.000000000000000000e+00 0.000000000000000000e+00 0.000000000000000000e+00 9.801300899937627226e-04 0.000000000000000000e+00 2.865603209475594843e-04 0.000000000000000000e+00 0.000000000000000000e+00 0.000000000000000000e+00 0.000000000000000000e+00 0.000000000000000000e+00 2.669514148424986712e-03 1.363326516700749940e-04 6.719214368781496055e-03 0.000000000000000000e+00 1.455604075691412005e-03 0.000000000000000000e+00 1.982815598149372232e-03 0.000000000000000000e+00 1.018848700967906265e-03 2.763703362505757891e-04 4.019862851737999489e-03 4.658746797111577116e-04 2.433682161109759160e-03 1.829268292682926936e-03 7.768361581920904535e-02 1.375705048837529143e-03 7.962941245455611161e-02 3.909304143862392432e-04 9.515928837401738116e-03 4.813477737665463035e-04 8.146510893590148961e-02 0.000000000000000000e+00 0.000000000000000000e+00 0.000000000000000000e+00 1.199040767386091045e-03 0.000000000000000000e+00 0.000000000000000000e+00 0.000000000000000000e+00 1.640585562847046925e-03 0.000000000000000000e+00 0.000000000000000000e+00 0.000000000000000000e+00 1.530690341343946079e-03 4.433606739082243198e-04 7.153075822603719575e-04 0.000000000000000000e+00 0.000000000000000000e+00 0.000000000000000000e+00 0.000000000000000000e+00 0.000000000000000000e+00 0.000000000000000000e+00 2.620087336244541435e-03 6.640106241699866721e-04 0.000000000000000000e+00 0.000000000000000000e+00 3.548616039744499780e-04 3.612716763005780168e-04 0.000000000000000000e+00 3.602305475504322531e-04 0.000000000000000000e+00 0.000000000000000000e+00 0.000000000000000000e+00 0.000000000000000000e+00 0.000000000000000000e+00 0.000000000000000000e+00 0.000000000000000000e+00 0.000000000000000000e+00 0.000000000000000000e+00 0.000000000000000000e+00
1.824262693827911246e-03 0.000000000000000000e+00 7.388263910003040058e-02 3.040437823046518743e-04 0.000000000000000000e+00 2.009040683073832437e-03 8.068343616516374800e-03 0.000000000000000000e+00 4.522988505747126409e-01 3.200000000000000153e-03 0.000000000000000000e+00 0.000000000000000000e+00 1.238390092879257040e-03 0.000000000000000000e+00 2.440701271914747228e-01 9.025270758122744003e-04 2.231644722160232080e-04 0.000000000000000000e+00 8.249690636601127126e-04 0.000000000000000000e+00 6.451612903225806273e-02 0.000000000000000000e+00 1.480851063829787158e-02 0.000000000000000000e+00 2.242888402625820565e-01 2.921129503407984308e-03 2.628007402837754247e-01 0.000000000000000000e+00 2.377179080824088839e-02 0.000000000000000000e+00 9.244992295839754223e-03 3.760576621748668025e-03 8.456659619450316613e-04 0.000000000000000000e+00 4.351610095735421982e-04 0.000000000000000000e+00 1.438848920863309384e-03 0.000000000000000000e+00 9.049773755656108972e-04 0.000000000000000000e+00 0.000000000000000000e+00 0.000000000000000000e+00 2.744613695622341002e-04 0.000000000000000000e+00 0.000000000000000000e+00 0.000000000000000000e+00 4.313133491481561423e-04 0.000000000000000000e+00 1.210067763794772547e-04 0.000000000000000000e+00 1.029654036243822090e-04 0.000000000000000000e+00 0.000000000000000000e+00 0.000000000000000000e+00 1.465661641541038439e-03 0.000000000000000000e+00 2.360160490913381975e-04 0.000000000000000000e+00 0.000000000000000000e+00 0.000000000000000000e+00 0.000000000000000000e+00 0.000000000000000000e+00 2.772387025228721961e-04 0.000000000000000000e+00 8.047210300429184521e-04 0.000000000000000000e+00 3.684937816674343494e-04 0.000000000000000000e+00 0.000000000000000000e+00 0.000000000000000000e+00 4.512195121951219356e-02 7.062146892655367207e-04 5.530334296326867849e-02 1.172745396974316857e-04 2.345582486317435676e-03 0.000000000000000000e+00 3.610108303249097601e-03 0.000000000000000000e+00 0.000000000000000000e+00 0.000000000000000000e+00 6.699419383653416622e-04 0.000000000000000000e+00 3.770028275212063996e-03 0.000000000000000000e+00 2.887391722810394440e-03 0.000000000000000000e+00 1.058201058201058272e-03 0.000000000000000000e+00 3.013409673045050561e-03 0.000000000000000000e+00 0.000000000000000000e+00 0.000000000000000000e+00 0.000000000000000000e+00 0.000000000000000000e+00 0.000000000000000000e+00 0.000000000000000000e+00 0.000000000000000000e+00 0.000000000000000000e+00 0.000000000000000000e+00 0.000000000000000000e+00 0.000000000000000000e+00 0.000000000000000000e+00 0.000000000000000000e+00 0.000000000000000000e+00 0.000000000000000000e+00 0.000000000000000000e+00 0.000000000000000000e+00 0.000000000000000000e+00 0.000000000000000000e+00 0.000000000000000000e+00 0.000000000000000000e+00 0.000000000000000000e+00 0.000000000000000000e+00 0.000000000000000000e+00 0.000000000000000000e+00 0.000000000000000000e+00
0.000000000000000000e+00 1.004520341536916219e-03 5.022601707684580877e-03 1.406328478151682576e-02 2.009040683073832437e-03 0.000000000000000000e+00 1.582028160101249775e-04 4.867698452321518078e-03 4.022988505747126381e-03 2.560000000000000053e-01 0.000000000000000000e+00 7.191657677094570036e-04 0.000000000000000000e+00 7.944389275074478654e-04 2.406325197662426748e-03 6.227436823104692820e-02 0.000000000000000000e+00 0.000000000000000000e+00 2.749896878867042556e-04 3.127280308558323934e-04 5.376344086021505458e-02 4.329004329004329001e-03 3.063829787234042396e-03 4.307869040781160327e-03 3.282275711159737298e-03 1.431353456669912372e-01 6.169031462060456687e-04 4.104972375690607578e-01 0.000000000000000000e+00 2.945902517407605718e-03 1.540832049306625588e-02 7.207771858351613714e-03 0.000000000000000000e+00 1.802301400249549509e-03 0.000000000000000000e+00 4.625346901017576536e-04 0.000000000000000000e+00 0.000000000000000000e+00 0.000000000000000000e+00 0.000000000000000000e+00 0.000000000000000000e+00 0.000000000000000000e+00 0.000000000000000000e+00 0.000000000000000000e+00 0.000000000000000000e+00 0.000000000000000000e+00 0.000000000000000000e+00 1.250781738586616634e-04 0.000000000000000000e+00 1.782054709079568808e-04 0.000000000000000000e+00 9.552010698251981455e-05 0.000000000000000000e+00 4.760393525864805068e-04 0.000000000000000000e+00 0.000000000000000000e+00 0.000000000000000000e+00 0.000000000000000000e+00 1.363326516700749940e-04 1.292156609381056934e-04 0.000000000000000000e+00 9.704027171276079309e-04 0.000000000000000000e+00 0.000000000000000000e+00 0.000000000000000000e+00 1.698081168279843775e-04 0.000000000000000000e+00 7.093875620714116745e-04 0.000000000000000000e+00 0.000000000000000000e+00 6.097560975609756309e-03 1.906779661016949276e-02 2.751410097675058286e-04 2.427582971736835793e-02 0.000000000000000000e+00 6.206040546131568261e-03 0.000000000000000000e+00 1.894537417113988055e-03 0.000000000000000000e+00 0.000000000000000000e+00 0.000000000000000000e+00 0.000000000000000000e+00 0.000000000000000000e+00 0.000000000000000000e+00 0.000000000000000000e+00 6.309944472488642018e-04 0.000000000000000000e+00 0.000000000000000000e+00 0.000000000000000000e+00 3.061380682687892376e-04 0.000000000000000000e+00 0.000000000000000000e+00 0.000000000000000000e+00 0.000000000000000000e+00 0.000000000000000000e+00 0.000000000000000000e+00 0.000000000000000000e+00 0.000000000000000000e+00 0.000000000000000000e+00 0.000000000000000000e+00 0.000000000000000000e+00 0.000000000000000000e+00 0.000000000000000000e+00 0.000000000000000000e+00 0.000000000000000000e+00 0.000000000000000000e+00 0.000000000000000000e+00 0.000000000000000000e+00 0.000000000000000000e+00 0.000000000000000000e+00 0.000000000000000000e+00 0.000000000000000000e+00 0.000000000000000000e+00 0.000000000000000000e+00 0.000000000000000000e+00 0.000000000000000000e+00
1.210251542477456116e-01 9.492168960607499191e-04 3.100775193798449569e-01 4.904287296313874708e-03 8.068343616516374800e-03 1.582028160101249775e-04 0.000000000000000000e+00 2.333999001497753453e-02 1.896551724137931008e-02 5.599999999999999943e-03 8.896077638495754336e-02 1.438331535418914051e-02 1.857585139318885525e-01 2.542204568023833169e-02 9.969061533172911618e-03 7.821901323706378570e-03 3.347467083240348012e-03 2.628386575010109322e-03 3.904853567991200397e-02 6.358803294068592071e-03 0.000000000000000000e+00 0.000000000000000000e+00 3.829787234042553168e-02 1.148765077541642754e-03 3.282275711159737298e-03 1.947419668938656350e-03 6.169031462060456687e-04 0.000000000000000000e+00 6.603275224511357885e-03 1.017675415104445612e-02 3.441191576784797396e-02 5.640864932623002037e-03 8.879492600422832227e-03 1.247747123249688022e-03 8.703220191470843964e-04 0.000000000000000000e+00 9.592326139088729227e-04 1.097092704333516239e-03 9.049773755656108972e-04 0.000000000000000000e+00 1.010101010101010187e-02 0.000000000000000000e+00 2.744613695622341002e-04 0.000000000000000000e+00 3.030762236702530510e-04 0.000000000000000000e+00 0.000000000000000000e+00 0.000000000000000000e+00 3.630203291384317640e-04 0.000000000000000000e+00 2.265238879736408435e-03 0.000000000000000000e+00 0.000000000000000000e+00 0.000000000000000000e+00 1.465661641541038439e-03 1.917177914110429493e-04 9.440641963653527901e-04 1.779676098949990997e-04 2.862985685071574738e-03 1.292156609381056934e-04 1.244281793229643114e-02 0.000000000000000000e+00 1.940670917660105264e-03 0.000000000000000000e+00 1.958154506437768255e-02 0.000000000000000000e+00 2.026715799170888867e-03 0.000000000000000000e+00 0.000000000000000000e+00 2.433682161109758943e-04 9.756097560975609748e-03 1.271186440677966184e-02 2.572568441326179497e-02 1.770845549431218635e-02 1.563721657544956973e-03 2.068680182043855943e-03 3.393501805054151971e-02 2.147142406062519868e-02 0.000000000000000000e+00 0.000000000000000000e+00 1.116569897275569365e-02 2.997601918465227612e-04 9.425070688030159991e-04 0.000000000000000000e+00 3.368623676612127193e-02 0.000000000000000000e+00 0.000000000000000000e+00 0.000000000000000000e+00 1.973783335844507894e-02 0.000000000000000000e+00 0.000000000000000000e+00 1.430615164520744023e-04 0.000000000000000000e+00 0.000000000000000000e+00 0.000000000000000000e+00 0.000000000000000000e+00 0.000000000000000000e+00 0.000000000000000000e+00 1.746724890829694362e-03 6.640106241699866721e-04 0.000000000000000000e+00 0.000000000000000000e+00 1.774308019872249890e-04 6.021194605009633433e-04 0.000000000000000000e+00 3.602305475504322531e-04 0.000000000000000000e+00 0.000000000000000000e+00 0.000000000000000000e+00 0.000000000000000000e+00 0.000000000000000000e+00 0.000000000000000000e+00 0.000000000000000000e+00 0.000000000000000000e+00 0.000000000000000000e+00 0.000000000000000000e+00
1.123315027458811864e-03 1.023464802795806261e-01 9.111333000499250920e-03 2.442586120818771855e-01 0.000000000000000000e+00 4.867698452321518078e-03 2.333999001497753453e-02 0.000000000000000000e+00 1.724137931034482735e-03 1.728000000000000091e-01 8.491710473109584031e-03 1.528227256382596322e-01 2.074303405572755499e-02 2.264150943396226467e-01 2.062564455139222989e-03 7.039711191335740192e-02 0.000000000000000000e+00 1.920744035584310422e-02 5.499793757734084895e-03 3.961221724173876607e-02 0.000000000000000000e+00 0.000000000000000000e+00 9.191489361702127187e-03 3.187823090178058816e-02 0.000000000000000000e+00 3.894839337877312700e-03 0.000000000000000000e+00 0.000000000000000000e+00 1.320655044902271577e-03 1.955008034279592799e-02 8.731381612737544595e-03 1.159511125039172641e-02 1.268498942917547492e-03 1.261610980174684635e-02 0.000000000000000000e+00 1.387604070305272852e-03 0.000000000000000000e+00 3.291278113000548500e-03 0.000000000000000000e+00 0.000000000000000000e+00 0.000000000000000000e+00 0.000000000000000000e+00 0.000000000000000000e+00 1.001803245842516541e-04 0.000000000000000000e+00 8.435259384226064666e-04 0.000000000000000000e+00 0.000000000000000000e+00 0.000000000000000000e+00 4.989753185422792121e-03 0.000000000000000000e+00 8.787849842391823318e-03 0.000000000000000000e+00 6.347191367819739367e-04 0.000000000000000000e+00 9.777607361963190982e-03 0.000000000000000000e+00 1.957643708844990227e-02 2.726653033401499880e-04 1.124176250161519619e-02 0.000000000000000000e+00 5.676855895196506602e-02 0.000000000000000000e+00 2.225159726812073191e-02 0.000000000000000000e+00 4.143318050602819158e-02 9.212344541685858735e-05 2.009931425868999744e-03 0.000000000000000000e+00 2.433682161109758943e-04 6.097560975609756092e-04 1.073446327683615781e-01 3.164121612326317029e-03 2.427582971736835793e-02 7.818608287724784865e-04 2.068680182043855943e-03 5.776173285198555642e-03 1.957688664351120780e-02 0.000000000000000000e+00 5.076142131979695035e-03 0.000000000000000000e+00 1.438848920863309427e-02 0.000000000000000000e+00 0.000000000000000000e+00 8.749671887304226068e-05 2.435638566380615710e-02 0.000000000000000000e+00 0.000000000000000000e+00 0.000000000000000000e+00 1.928669830093372034e-02 0.000000000000000000e+00 0.000000000000000000e+00 0.000000000000000000e+00 0.000000000000000000e+00 2.380952380952380820e-02 0.000000000000000000e+00 0.000000000000000000e+00 0.000000000000000000e+00 8.733624454148471812e-04 6.640106241699866721e-04 0.000000000000000000e+00 0.000000000000000000e+00 1.774308019872249890e-04 0.000000000000000000e+00 6.393861892583120729e-04 0.000000000000000000e+00 0.000000000000000000e+00 0.000000000000000000e+00 0.000000000000000000e+00 0.000000000000000000e+00 0.000000000000000000e+00 0.000000000000000000e+00 0.000000000000000000e+00 0.000000000000000000e+00 0.000000000000000000e+00 0.000000000000000000e+00
2.873563218390804558e-03 0.000000000000000000e+00 3.620689655172414090e-02 3.448275862068965469e-03 4.522988505747126409e-01 4.022988505747126381e-03 1.896551724137931008e-02 1.724137931034482735e-03 0.000000000000000000e+00 1.039999999999999952e-02 2.830570157703194388e-03 0.000000000000000000e+00 1.888544891640867029e-02 5.958291956305859262e-04 1.485046407700240656e-01 3.610108303249097601e-03 2.231644722160232080e-04 0.000000000000000000e+00 4.124845318300563563e-04 0.000000000000000000e+00 8.960573476702508519e-03 0.000000000000000000e+00 3.744680851063829884e-03 1.148765077541642754e-03 5.470459518599562164e-03 8.763388510223953792e-03 2.467612584824182675e-03 5.524861878453039095e-04 2.905441098784997470e-03 0.000000000000000000e+00 4.108885464817668351e-03 3.760576621748668025e-03 0.000000000000000000e+00 0.000000000000000000e+00 0.000000000000000000e+00 0.000000000000000000e+00 0.000000000000000000e+00 0.000000000000000000e+00 0.000000000000000000e+00 0.000000000000000000e+00 0.000000000000000000e+00 0.000000000000000000e+00 1.372306847811170501e-04 0.000000000000000000e+00 1.515381118351265255e-04 0.000000000000000000e+00 4.313133491481561423e-04 0.000000000000000000e+00 0.000000000000000000e+00 0.000000000000000000e+00 2.059308072487644179e-04 0.000000000000000000e+00 0.000000000000000000e+00 0.000000000000000000e+00 0.000000000000000000e+00 0.000000000000000000e+00 0.000000000000000000e+00 0.000000000000000000e+00 0.000000000000000000e+00 0.000000000000000000e+00 9.149130832570906207e-04 0.000000000000000000e+00 1.386193512614360872e-03 0.000000000000000000e+00 5.364806866952789681e-04 0.000000000000000000e+00 2.763703362505757891e-04 0.000000000000000000e+00 0.000000000000000000e+00 0.000000000000000000e+00 3.048780487804877981e-02 3.531073446327683604e-04 1.348190947860778734e-02 2.345490793948633713e-04 3.909304143862392432e-04 0.000000000000000000e+00 4.813477737665463468e-03 0.000000000000000000e+00 0.000000000000000000e+00 0.000000000000000000e+00 6.699419383653416622e-04 0.000000000000000000e+00 1.885014137606031998e-03 0.000000000000000000e+00 1.574940939714760801e-03 0.000000000000000000e+00 1.058201058201058272e-03 0.000000000000000000e+00 9.040229019135151032e-04 0.000000000000000000e+00 0.000000000000000000e+00 0.000000000000000000e+00 0.000000000000000000e+00 0.000000000000000000e+00 0.000000000000000000e+00 0.000000000000000000e+00 0.000000000000000000e+00 0.000000000000000000e+00 0.000000000000000000e+00 0.000000000000000000e+00 0.000000000000000000e+00 0.000000000000000000e+00 0.000000000000000000e+00 0.000000000000000000e+00 0.000000000000000000e+00 0.000000000000000000e+00 0.000000000000000000e+00 0.000000000000000000e+00 0.000000000000000000e+00 0.000000000000000000e+00 0.000000000000000000e+00 0.000000000000000000e+00 0.000000000000000000e+00 0.000000000000000000e+00 0.000000000000000000e+00 0.000000000000000000e+00
0.000000000000000000e+00 9.599999999999999159e-03 1.039999999999999952e-02 4.080000000000000293e-02 3.200000000000000153e-03 2.560000000000000053e-01 5.599999999999999943e-03 1.728000000000000091e-01 1.039999999999999952e-02 0.000000000000000000e+00 0.000000000000000000e+00 2.517080186983099675e-03 1.857585139318885343e-03 8.937437934458789326e-03 7.906497078033689063e-03 8.724428399518652233e-02 0.000000000000000000e+00 0.000000000000000000e+00 0.000000000000000000e+00 1.042426769519441221e-04 1.792114695340501791e-03 0.000000000000000000e+00 5.276595744680851081e-03 1.435956346927053442e-03 3.282275711159737298e-03 1.071080817916260884e-02 0.000000000000000000e+00 5.524861878453039095e-04 0.000000000000000000e+00 1.874665238350294548e-03 1.284026707755521295e-02 1.002820432466311473e-02 0.000000000000000000e+00 6.931928462498267510e-04 0.000000000000000000e+00 4.625346901017576536e-04 0.000000000000000000e+00 0.000000000000000000e+00 0.000000000000000000e+00 0.000000000000000000e+00 0.000000000000000000e+00 0.000000000000000000e+00 0.000000000000000000e+00 1.001803245842516541e-04 0.000000000000000000e+00 0.000000000000000000e+00 0.000000000000000000e+00 2.501563477173233269e-04 0.000000000000000000e+00 1.782054709079568808e-04 0.000000000000000000e+00 1.910402139650396291e-04 0.000000000000000000e+00 1.586797841954934842e-04 0.000000000000000000e+00 3.834355828220858986e-04 0.000000000000000000e+00 1.779676098949990997e-04 0.000000000000000000e+00 1.292156609381056934e-04 0.000000000000000000e+00 9.704027171276079309e-04 0.000000000000000000e+00 4.406256884776382256e-04 0.000000000000000000e+00 6.792324673119375100e-04 0.000000000000000000e+00 3.546937810357058372e-04 0.000000000000000000e+00 0.000000000000000000e+00 6.097560975609756092e-04 2.471751412429378739e-03 9.629935341862705086e-04 6.098276064266447763e-03 0.000000000000000000e+00 3.309888291270169421e-03 2.406738868832731517e-04 2.526049889485317262e-03 0.000000000000000000e+00 0.000000000000000000e+00 0.000000000000000000e+00 5.995203836930455225e-04 0.000000000000000000e+00 0.000000000000000000e+00 0.000000000000000000e+00 1.009591115598182723e-03 0.000000000000000000e+00 0.000000000000000000e+00 0.000000000000000000e+00 4.592071024031838563e-04 0.000000000000000000e+00 0.000000000000000000e+00 0.000000000000000000e+00 0.000000000000000000e+00 0.000000000000000000e+00 0.000000000000000000e+00 0.000000000000000000e+00 0.000000000000000000e+00 0.000000000000000000e+00 0.000000000000000000e+00 0.000000000000000000e+00 0.000000000000000000e+00 0.000000000000000000e+00 0.000000000000000000e+00 0.000000000000000000e+00 0.000000000000000000e+00 0.000000000000000000e+00 0.000000000000000000e+00 0.000000000000000000e+00 0.000000000000000000e+00 0.000000000000000000e+00 0.000000000000000000e+00 0.000000000000000000e+00 0.000000000000000000e+00 0.000000000000000000e+00 0.000000000000000000e+00
1.140315406389001279e-01 0.000000000000000000e+00 6.105944197331177048e-02 4.043671653861706191e-04 0.000000000000000000e+00 0.000000000000000000e+00 8.896077638495754336e-02 8.491710473109584031e-03 2.830570157703194388e-03 0.000000000000000000e+00 0.000000000000000000e+00 3.595828838547285126e-03 1.739938080495355976e-01 3.972194637537239327e-04 2.062564455139222989e-03 3.008423586040914668e-04 3.972327605445213211e-02 2.021835826930853096e-04 2.983638113570741268e-02 5.212133847597205834e-04 0.000000000000000000e+00 0.000000000000000000e+00 7.489361702127659767e-03 0.000000000000000000e+00 0.000000000000000000e+00 0.000000000000000000e+00 0.000000000000000000e+00 0.000000000000000000e+00 6.022187004754358391e-02 1.339046598821638963e-03 2.054442732408834175e-03 3.133813851457223354e-04 8.456659619450317480e-03 5.545542769998613791e-04 0.000000000000000000e+00 0.000000000000000000e+00 1.438848920863309384e-03 5.485463521667581195e-04 9.049773755656108972e-04 8.116883116883117418e-04 0.000000000000000000e+00 0.000000000000000000e+00 0.000000000000000000e+00 0.000000000000000000e+00 0.000000000000000000e+00 0.000000000000000000e+00 0.000000000000000000e+00 0.000000000000000000e+00 3.630203291384317640e-04 0.000000000000000000e+00 1.441515650741350980e-03 0.000000000000000000e+00 0.000000000000000000e+00 0.000000000000000000e+00 4.187604690117252993e-04 0.000000000000000000e+00 8.732593816379514637e-03 0.000000000000000000e+00 1.226993865030674919e-03 1.292156609381056934e-04 1.646843549862762879e-02 0.000000000000000000e+00 1.441641253118935463e-02 0.000000000000000000e+00 9.924892703862660259e-03 0.000000000000000000e+00 3.500690925840626265e-03 1.182312603452352791e-04 2.329373398555788558e-04 0.000000000000000000e+00 0.000000000000000000e+00 2.471751412429378739e-03 3.576833126977576206e-03 1.641843555764043545e-03 3.909304143862392432e-04 0.000000000000000000e+00 2.166064981949458474e-03 2.526049889485317262e-03 5.434782608695652023e-03 0.000000000000000000e+00 6.252791424743189136e-03 0.000000000000000000e+00 0.000000000000000000e+00 0.000000000000000000e+00 6.124770321112958139e-03 0.000000000000000000e+00 0.000000000000000000e+00 0.000000000000000000e+00 4.068103058610818452e-03 0.000000000000000000e+00 0.000000000000000000e+00 0.000000000000000000e+00 0.000000000000000000e+00 0.000000000000000000e+00 0.000000000000000000e+00 0.000000000000000000e+00 0.000000000000000000e+00 0.000000000000000000e+00 0.000000000000000000e+00 0.000000000000000000e+00 0.000000000000000000e+00 0.000000000000000000e+00 0.000000000000000000e+00 0.000000000000000000e+00 6.393861892583120729e-04 0.000000000000000000e+00 0.000000000000000000e+00 0.000000000000000000e+00 0.000000000000000000e+00 0.000000000000000000e+00 0.000000000000000000e+00 0.000000000000000000e+00 0.000000000000000000e+00 0.000000000000000000e+00 0.000000000000000000e+00 0.000000000000000000e+00
7.191657677094570036e-04 4.458827759798633661e-02 3.236245954692556787e-03 9.349154980222941502e-02 0.000000000000000000e+00 7.191657677094570036e-04 1.438331535418914051e-02 1.528227256382596322e-01 0.000000000000000000e+00 2.517080186983099675e-03 3.595828838547285126e-03 0.000000000000000000e+00 1.857585139318885343e-03 9.493545183714001412e-02 0.000000000000000000e+00 6.618531889290011835e-03 0.000000000000000000e+00 3.983016579053780953e-02 6.874742197167606119e-04 3.023037631606379644e-02 0.000000000000000000e+00 0.000000000000000000e+00 2.893617021276595740e-03 6.892590465249856524e-03 0.000000000000000000e+00 0.000000000000000000e+00 0.000000000000000000e+00 0.000000000000000000e+00 0.000000000000000000e+00 9.721478307445098610e-02 2.054442732408834175e-03 2.820432466311501019e-03 2.114164904862579153e-04 7.486482739498128564e-03 0.000000000000000000e+00 1.387604070305272852e-03 0.000000000000000000e+00 0.000000000000000000e+00 0.000000000000000000e+00 0.000000000000000000e+00 0.000000000000000000e+00 0.000000000000000000e+00 0.000000000000000000e+00 0.000000000000000000e+00 0.000000000000000000e+00 2.811753128075355069e-04 0.000000000000000000e+00 0.000000000000000000e+00 0.000000000000000000e+00 8.019246190858059231e-04 0.000000000000000000e+00 7.641608558601585164e-04 0.000000000000000000e+00 1.586797841954934842e-04 0.000000000000000000e+00 7.668711656441717971e-04 0.000000000000000000e+00 2.491546538529987396e-03 2.726653033401499880e-04 2.584313218762113867e-03 0.000000000000000000e+00 4.366812227074235581e-03 0.000000000000000000e+00 2.092972020268781680e-02 0.000000000000000000e+00 3.056546102903718795e-03 9.212344541685858735e-05 2.009931425868999744e-03 2.329373398555788558e-04 2.433682161109758943e-04 0.000000000000000000e+00 2.048022598870056360e-02 4.127115146512587971e-04 3.518236190922950733e-03 0.000000000000000000e+00 0.000000000000000000e+00 7.220216606498194552e-04 1.263024944742658631e-03 0.000000000000000000e+00 0.000000000000000000e+00 0.000000000000000000e+00 1.828537170263789050e-02 0.000000000000000000e+00 0.000000000000000000e+00 0.000000000000000000e+00 6.183745583038868961e-03 0.000000000000000000e+00 0.000000000000000000e+00 0.000000000000000000e+00 2.908311648553497594e-03 0.000000000000000000e+00 0.000000000000000000e+00 0.000000000000000000e+00 0.000000000000000000e+00 0.000000000000000000e+00 0.000000000000000000e+00 0.000000000000000000e+00 0.000000000000000000e+00 0.000000000000000000e+00 0.000000000000000000e+00 0.000000000000000000e+00 0.000000000000000000e+00 0.000000000000000000e+00 0.000000000000000000e+00 0.000000000000000000e+00 0.000000000000000000e+00 0.000000000000000000e+00 0.000000000000000000e+00 0.000000000000000000e+00 0.000000000000000000e+00 0.000000000000000000e+00 0.000000000000000000e+00 0.000000000000000000e+00 0.000000000000000000e+00 0.000000000000000000e+00 0.000000000000000000e+00
2.693498452012383845e-02 0.000000000000000000e+00 9.628482972136222229e-02 2.476780185758514080e-03 1.238390092879257040e-03 0.000000000000000000e+00 1.857585139318885525e-01 2.074303405572755499e-02 1.888544891640867029e-02 1.857585139318885343e-03 1.739938080495355976e-01 1.857585139318885343e-03 0.000000000000000000e+00 7.944389275074478438e-03 1.199724991405981406e-01 3.610108303249097601e-03 5.132782860968534110e-03 0.000000000000000000e+00 1.031211329575140896e-02 1.042426769519441221e-04 0.000000000000000000e+00 0.000000000000000000e+00 2.825531914893616992e-02 1.435956346927053442e-03 0.000000000000000000e+00 0.000000000000000000e+00 0.000000000000000000e+00 0.000000000000000000e+00 6.180665610142630634e-02 1.606855918585966755e-03 1.643554185927067340e-02 5.954246317768724372e-03 2.536997885835094984e-03 2.772771384999306895e-04 4.351610095735421982e-04 0.000000000000000000e+00 4.796163069544364613e-04 0.000000000000000000e+00 0.000000000000000000e+00 0.000000000000000000e+00 0.000000000000000000e+00 0.000000000000000000e+00 0.000000000000000000e+00 0.000000000000000000e+00 0.000000000000000000e+00 0.000000000000000000e+00 0.000000000000000000e+00 0.000000000000000000e+00 0.000000000000000000e+00 0.000000000000000000e+00 4.118616144975288359e-04 0.000000000000000000e+00 0.000000000000000000e+00 0.000000000000000000e+00 4.187604690117252993e-04 0.000000000000000000e+00 1.888128392730705580e-03 0.000000000000000000e+00 5.453306066802999759e-04 0.000000000000000000e+00 1.280878316559926761e-02 0.000000000000000000e+00 1.164402550596063159e-02 0.000000000000000000e+00 8.315450643776823789e-03 1.698081168279843775e-04 1.197604790419161663e-03 0.000000000000000000e+00 1.164686699277894333e-03 0.000000000000000000e+00 1.036585365853658590e-02 7.062146892655367207e-04 1.361947998349154025e-02 4.221883429107540359e-03 1.954652071931196108e-03 4.137360364087711777e-04 7.701564380264740856e-03 1.894537417113988055e-03 0.000000000000000000e+00 0.000000000000000000e+00 1.161232693166592243e-02 0.000000000000000000e+00 0.000000000000000000e+00 0.000000000000000000e+00 8.137194855192930731e-03 0.000000000000000000e+00 0.000000000000000000e+00 0.000000000000000000e+00 2.260057254783788029e-03 0.000000000000000000e+00 0.000000000000000000e+00 0.000000000000000000e+00 0.000000000000000000e+00 0.000000000000000000e+00 2.380952380952380820e-02 0.000000000000000000e+00 0.000000000000000000e+00 0.000000000000000000e+00 0.000000000000000000e+00 0.000000000000000000e+00 0.000000000000000000e+00 0.000000000000000000e+00 1.774308019872249890e-04 0.000000000000000000e+00 0.000000000000000000e+00 0.000000000000000000e+00 0.000000000000000000e+00 0.000000000000000000e+00 0.000000000000000000e+00 0.000000000000000000e+00 0.000000000000000000e+00 0.000000000000000000e+00 0.000000000000000000e+00 0.000000000000000000e+00 0.000000000000000000e+00 0.000000000000000000e+00
