2.848666924190001448e-01 4.756172256588408476e-01 3.876591164545499235e-01 4.839209351857717278e-01 3.717043876427876814e-01 0.000000000000000000e+00 3.322442875642041549e-01 4.652584083993494546e-01 3.631931272333126515e-01 4.136925428571428531e-01 3.283567286863600110e-01 4.637983766229245575e-01 3.709613482892195058e-01 4.553220033184010584e-01 3.635979049721415612e-01 4.391217207207206985e-01 3.169224129443725668e-01 4.701511333724247566e-01 4.045881279749437565e-01 4.976925268596650298e-01 4.192870509086616404e-01 0.000000000000000000e+00 3.975828584893068562e-01 4.352156602747481728e-01 4.100757438838938396e-01 0.000000000000000000e+00 3.857812822580645173e-01 0.000000000000000000e+00 4.041522585164035175e-01 4.701467181517248739e-01 4.182462508276650892e-01 4.358087035184674551e-01 3.919507439450758968e-01 4.882011792783422788e-01 4.440804228187918978e-01 0.000000000000000000e+00 4.838562865317315720e-01 5.256996652328982389e-01 4.395094025974027319e-01 0.000000000000000000e+00 4.286287998724432335e-01 0.000000000000000000e+00 4.067901984673713001e-01 4.764941603053434727e-01 4.223751563586354840e-01 0.000000000000000000e+00 0.000000000000000000e+00 0.000000000000000000e+00 4.183391943224535892e-01 0.000000000000000000e+00 4.128479511389508971e-01 4.669818402420771730e-01 3.996390984508694233e-01 0.000000000000000000e+00 4.314553142157117605e-01 0.000000000000000000e+00 3.047933523638893805e-01 4.820195706366586230e-01 4.348250473755367884e-01 4.881965968273542789e-01 4.168942540594365864e-01 0.000000000000000000e+00 3.645660809203504216e-01 0.000000000000000000e+00 4.207488743074761506e-01 0.000000000000000000e+00 4.290353773652728075e-01 4.673080127389102612e-01 3.781507996650591563e-01 4.865341274240101432e-01 3.520624135374636476e-01 4.577579854261601411e-01 3.741724265008780637e-01 4.489603523813898156e-01 3.547168305084745787e-01 0.000000000000000000e+00 3.849151907954649343e-01 4.573658577375933620e-01 2.741142122381618473e-01 0.000000000000000000e+00 3.409782068673978817e-01 4.750187793103448630e-01 3.116439653326745773e-01 0.000000000000000000e+00 4.189811935299463941e-01 5.016307066189624742e-01 0.000000000000000000e+00 0.000000000000000000e+00 4.219488981472271361e-01 0.000000000000000000e+00 4.716816368331999132e-01 4.908268000000000075e-01 4.267313111913765833e-01 4.829774228187918017e-01 4.289893779431996901e-01 4.544463245601746415e-01 0.000000000000000000e+00 0.000000000000000000e+00 4.179112500000000119e-01 5.153819871284964771e-01 0.000000000000000000e+00 4.262118987341773080e-01 4.565331109837221235e-01 4.812836275472849312e-01 4.284154999999999491e-01 4.436165000000000247e-01 0.000000000000000000e+00 0.000000000000000000e+00 0.000000000000000000e+00 0.000000000000000000e+00 0.000000000000000000e+00 0.000000000000000000e+00 0.000000000000000000e+00 0.000000000000000000e+00 0.000000000000000000e+00 0.000000000000000000e+00
4.756172256588408476e-01 2.877405608055043640e-01 5.018336626486735730e-01 3.350760330999543735e-01 0.000000000000000000e+00 3.454219188920807926e-01 4.701040414203648266e-01 3.234041643160342483e-01 0.000000000000000000e+00 3.817698188755355715e-01 4.654420763123199856e-01 3.372591613180943027e-01 0.000000000000000000e+00 3.931858807340279927e-01 0.000000000000000000e+00 3.935222925602002708e-01 4.630645780648602328e-01 3.739319218254499311e-01 5.017955883511399096e-01 3.259077440464773212e-01 0.000000000000000000e+00 0.000000000000000000e+00 4.381438540058756326e-01 4.023570272817460491e-01 0.000000000000000000e+00 0.000000000000000000e+00 0.000000000000000000e+00 3.272391265124017234e-01 4.923711787999038303e-01 4.150206375973043982e-01 4.471952763685700938e-01 4.785937164251870546e-01 4.904043271593958586e-01 4.346907791918864228e-01 4.780484657582110275e-01 0.000000000000000000e+00 5.086769184038447689e-01 4.999160050051667525e-01 0.000000000000000000e+00 5.133505421895827592e-01 0.000000000000000000e+00 4.494815288120567187e-01 0.000000000000000000e+00 4.256546267716536658e-01 4.714900902777777181e-01 4.101249127218701829e-01 0.000000000000000000e+00 4.485287696688033954e-01 0.000000000000000000e+00 4.134568107866350983e-01 4.898307043478261069e-01 4.026124312817150330e-01 0.000000000000000000e+00 3.836245620261480860e-01 0.000000000000000000e+00 4.087640069653813990e-01 4.861768004061393644e-01 3.413239298305308367e-01 4.958025676437647355e-01 4.305274482356658550e-01 4.751078319567419439e-01 4.106534753362957035e-01 4.748927369369369544e-01 4.019143508230701434e-01 4.456523174603174708e-01 4.023661226454105511e-01 5.037371380509813035e-01 4.052195135898668532e-01 5.108466177874994019e-01 2.861192364760108964e-01 4.833410628507900375e-01 3.741290527481933581e-01 4.332850607516068320e-01 3.980770332535351064e-01 0.000000000000000000e+00 4.006084050459968182e-01 4.664764883468216494e-01 4.029659668297293496e-01 0.000000000000000000e+00 0.000000000000000000e+00 4.321234272727272341e-01 4.495837737019742764e-01 0.000000000000000000e+00 3.769982666666666926e-01 4.431681207223336361e-01 4.182252287364562338e-01 0.000000000000000000e+00 4.023852619047618706e-01 0.000000000000000000e+00 4.244136435987289069e-01 4.262697729166667338e-01 4.510055906518318780e-01 0.000000000000000000e+00 4.616961775821080138e-01 4.533319371343474402e-01 4.744349898261783771e-01 0.000000000000000000e+00 4.999872938176273540e-01 0.000000000000000000e+00 4.432373034234194376e-01 0.000000000000000000e+00 4.373759439529943394e-01 4.524108450704226181e-01 4.431354117430512107e-01 0.000000000000000000e+00 4.737927348634304314e-01 0.000000000000000000e+00 4.880761826923076807e-01 4.262695148551107205e-01 0.000000000000000000e+00 0.000000000000000000e+00 0.000000000000000000e+00 4.417012901456714435e-01 4.352848632197197642e-01 4.322353683909629374e-01 0.000000000000000000e+00
3.876591164545499235e-01 5.018336626486735730e-01 2.927995864016735283e-01 4.701862029100871143e-01 2.712193481801700168e-01 4.331699064776475261e-01 3.323045816165033362e-01 4.614270579139531092e-01 2.859728449832710240e-01 4.118900793680426164e-01 3.998980225628012142e-01 4.659836681546651871e-01 3.525269941591437917e-01 4.526141550559938387e-01 3.347489787824005081e-01 4.411776813928953156e-01 4.074678114045823807e-01 5.088669434288537463e-01 3.002421113653855334e-01 4.937843233960126366e-01 3.549667169811320799e-01 0.000000000000000000e+00 2.814850548137427522e-01 4.560255848937485035e-01 2.919567993109998816e-01 3.898951545517491124e-01 3.571430381360612416e-01 4.301789020816775277e-01 3.702931803141265021e-01 4.642647875436582972e-01 4.064401276468823099e-01 4.450612203741280970e-01 4.217997090354075329e-01 4.944030924506169766e-01 4.799024897959184299e-01 0.000000000000000000e+00 4.637451067616060740e-01 0.000000000000000000e+00 4.555404333333333278e-01 4.954100277777777617e-01 4.389372784810126049e-01 0.000000000000000000e+00 4.195080398248433040e-01 0.000000000000000000e+00 4.336429129058717025e-01 4.687841428571428160e-01 4.342017076866818148e-01 0.000000000000000000e+00 4.323692897682205882e-01 0.000000000000000000e+00 4.240577731859436761e-01 0.000000000000000000e+00 4.223476863636363987e-01 0.000000000000000000e+00 4.192589062433458302e-01 0.000000000000000000e+00 4.186645666888320627e-01 4.507886453759680223e-01 4.482787706880950185e-01 5.072116277997281708e-01 4.051736375674903634e-01 5.244437021276595612e-01 3.894862850000967991e-01 0.000000000000000000e+00 3.978913492919362027e-01 4.428788344370860330e-01 4.540341978082814700e-01 5.035416879999999873e-01 3.912446437207854899e-01 4.545367835820895430e-01 3.853984590049852055e-01 4.419221357638465353e-01 3.650014063262032593e-01 4.689924586043771049e-01 0.000000000000000000e+00 0.000000000000000000e+00 3.994280528400974695e-01 4.552232462468823737e-01 4.125119183673469081e-01 0.000000000000000000e+00 3.836589192810335169e-01 0.000000000000000000e+00 0.000000000000000000e+00 0.000000000000000000e+00 3.835173954549147557e-01 0.000000000000000000e+00 3.835771139507422323e-01 0.000000000000000000e+00 3.785970845698143905e-01 0.000000000000000000e+00 4.181653304318008191e-01 4.343280544817642030e-01 4.320419998066400424e-01 4.348962468187979047e-01 4.267885945576149198e-01 4.471867019610205052e-01 0.000000000000000000e+00 0.000000000000000000e+00 4.307715384615385390e-01 0.000000000000000000e+00 4.482115426959668025e-01 0.000000000000000000e+00 4.326421734554548593e-01 4.330109331529667926e-01 0.000000000000000000e+00 4.375813269330414146e-01 4.539208403096329780e-01 4.593751111643330498e-01 4.177456568627452294e-01 0.000000000000000000e+00 0.000000000000000000e+00 4.023722866666666342e-01 3.880229224137929922e-01 0.000000000000000000e+00 0.000000000000000000e+00 0.000000000000000000e+00
4.839209351857717278e-01 3.350760330999543735e-01 4.701862029100871143e-01 2.688880961525935698e-01 4.475103775315673049e-01 1.975011921760490563e-01 4.565941344451737716e-01 3.122641427148425408e-01 4.179390960763733065e-01 3.080186103404919939e-01 4.570079150585131256e-01 3.999098866770730565e-01 4.418828028081275283e-01 3.526420730375157686e-01 4.364377770321757888e-01 3.328611201871384262e-01 4.677620358229647723e-01 4.113804237461826108e-01 4.832983955551474198e-01 3.211462125126901546e-01 0.000000000000000000e+00 3.059650760654261670e-01 4.430627237665302198e-01 2.829541463578653659e-01 4.001115235754986177e-01 1.899001188384543126e-01 4.377403076923076508e-01 3.137583476457148635e-01 4.407912764061131528e-01 3.651345227469253718e-01 4.069223597263720849e-01 3.763664159661966324e-01 4.670161464384674499e-01 4.115705267811100576e-01 0.000000000000000000e+00 4.671322054415273373e-01 4.727446466102164790e-01 4.681352523376094976e-01 0.000000000000000000e+00 4.795697005636319066e-01 0.000000000000000000e+00 4.299337026582278898e-01 0.000000000000000000e+00 3.887124353556061784e-01 5.180382301587301841e-01 4.201513535075298567e-01 0.000000000000000000e+00 4.421053190316380221e-01 0.000000000000000000e+00 4.194838334997627594e-01 4.494547317073170900e-01 4.248089225552773018e-01 0.000000000000000000e+00 3.918592121296622932e-01 0.000000000000000000e+00 3.925859025321616902e-01 4.635216766837101932e-01 4.259816241898942146e-01 4.800315299806723890e-01 4.514052863751815137e-01 4.556512614379086279e-01 4.112080813783010602e-01 0.000000000000000000e+00 4.187501115373894467e-01 4.783698029197080426e-01 4.314780941270676129e-01 4.954617236517092072e-01 4.386750240769114462e-01 5.212172705514130922e-01 4.227393722032322665e-01 4.602891999258080236e-01 3.636402378099791166e-01 4.425402382964971904e-01 3.689713742337825675e-01 0.000000000000000000e+00 3.654991405775075974e-01 4.493362822172155546e-01 4.046321671498039341e-01 0.000000000000000000e+00 0.000000000000000000e+00 0.000000000000000000e+00 3.938329652692750260e-01 0.000000000000000000e+00 3.916937555108604418e-01 4.508218622246021878e-01 3.921545432034254652e-01 0.000000000000000000e+00 3.980838518518517999e-01 4.093268662559362836e-01 3.950639393160303436e-01 0.000000000000000000e+00 4.411785365591352481e-01 4.710638870124821409e-01 4.225337815918738249e-01 4.612121421603499472e-01 4.436840155018555443e-01 0.000000000000000000e+00 4.272519417631918115e-01 4.490349568345324838e-01 4.144141733079469425e-01 0.000000000000000000e+00 4.041999538461538699e-01 0.000000000000000000e+00 4.422561358527188902e-01 0.000000000000000000e+00 4.274463490566037804e-01 0.000000000000000000e+00 0.000000000000000000e+00 4.014948016136062336e-01 0.000000000000000000e+00 0.000000000000000000e+00 0.000000000000000000e+00 4.157359459099849719e-01 0.000000000000000000e+00 4.307560636166103407e-01 0.000000000000000000e+00
3.717043876427876814e-01 0.000000000000000000e+00 2.712193481801700168e-01 4.475103775315673049e-01 2.017799953568693849e-01 4.020346832941962267e-01 3.324623652594171364e-01 4.273347717315847949e-01 2.454405637147404340e-01 4.198800716367385166e-01 3.616661145299007729e-01 0.000000000000000000e+00 3.386388816578356220e-01 4.172477623911992062e-01 2.874700066317411595e-01 4.390405312065167598e-01 3.558324111111111354e-01 0.000000000000000000e+00 3.991533884425920164e-01 4.608803383458646152e-01 3.626844715848163703e-01 3.742166250000000249e-01 2.838142566268412881e-01 4.365271022235009402e-01 1.853909431728815171e-01 4.174093662639518088e-01 2.261874962387261934e-01 4.145097866666666020e-01 3.252333270693234524e-01 4.703268995994993595e-01 3.330815947476453709e-01 3.998669478561130974e-01 3.722497571428571850e-01 0.000000000000000000e+00 0.000000000000000000e+00 0.000000000000000000e+00 4.269849999999999479e-01 0.000000000000000000e+00 0.000000000000000000e+00 0.000000000000000000e+00 3.717611724137931950e-01 0.000000000000000000e+00 4.324802166666666947e-01 0.000000000000000000e+00 4.133218383233532300e-01 0.000000000000000000e+00 4.169447413350449438e-01 0.000000000000000000e+00 0.000000000000000000e+00 0.000000000000000000e+00 4.000839960133188988e-01 0.000000000000000000e+00 0.000000000000000000e+00 0.000000000000000000e+00 4.113386871336066064e-01 0.000000000000000000e+00 3.935435484921191995e-01 0.000000000000000000e+00 4.035423208955224439e-01 0.000000000000000000e+00 3.897369017542071656e-01 0.000000000000000000e+00 3.685921374045801890e-01 0.000000000000000000e+00 3.925006552279973193e-01 0.000000000000000000e+00 4.023909820907962676e-01 0.000000000000000000e+00 4.141418702411510111e-01 0.000000000000000000e+00 3.433479013889373377e-01 4.557440895846974205e-01 3.443366070467564488e-01 4.481860481409823405e-01 3.085509721828622043e-01 0.000000000000000000e+00 3.625732163010700893e-01 0.000000000000000000e+00 0.000000000000000000e+00 0.000000000000000000e+00 3.773959386512691916e-01 0.000000000000000000e+00 3.954630624076683199e-01 0.000000000000000000e+00 3.670481195040253830e-01 0.000000000000000000e+00 3.747599193458557854e-01 0.000000000000000000e+00 3.718368020450724121e-01 0.000000000000000000e+00 0.000000000000000000e+00 0.000000000000000000e+00 0.000000000000000000e+00 4.084195944055944438e-01 3.729528825764748534e-01 4.251396020408163001e-01 0.000000000000000000e+00 0.000000000000000000e+00 4.057185267175572596e-01 0.000000000000000000e+00 0.000000000000000000e+00 4.107805303030302446e-01 0.000000000000000000e+00 3.985410001125027635e-01 0.000000000000000000e+00 0.000000000000000000e+00 0.000000000000000000e+00 0.000000000000000000e+00 0.000000000000000000e+00 0.000000000000000000e+00 0.000000000000000000e+00 0.000000000000000000e+00 0.000000000000000000e+00 0.000000000000000000e+00 0.000000000000000000e+00 0.000000000000000000e+00
0.000000000000000000e+00 3.454219188920807926e-01 4.331699064776475261e-01 1.975011921760490563e-01 4.020346832941962267e-01 1.840451430024361013e-01 4.205801702976303957e-01 3.103340315244162984e-01 3.998622245684413934e-01 1.913884818432246282e-01 0.000000000000000000e+00 3.421891103313840499e-01 4.009086447368421235e-01 3.046286030883485485e-01 4.187965018125489047e-01 2.865320686518707527e-01 0.000000000000000000e+00 3.582984100000000116e-01 4.033929005581966543e-01 3.643918290518755043e-01 0.000000000000000000e+00 3.045251360570975230e-01 4.093299930586620783e-01 2.474195171132153037e-01 4.081704062249965070e-01 2.049602155108656565e-01 4.060661324768227165e-01 2.059486497477262534e-01 0.000000000000000000e+00 2.970795214903506620e-01 3.672282927158096455e-01 3.578073762389912260e-01 0.000000000000000000e+00 3.915597778677371021e-01 0.000000000000000000e+00 0.000000000000000000e+00 0.000000000000000000e+00 0.000000000000000000e+00 0.000000000000000000e+00 0.000000000000000000e+00 0.000000000000000000e+00 0.000000000000000000e+00 0.000000000000000000e+00 3.349795724637681382e-01 0.000000000000000000e+00 3.733556284864477104e-01 0.000000000000000000e+00 0.000000000000000000e+00 0.000000000000000000e+00 3.638713813690969134e-01 0.000000000000000000e+00 3.556158721641047293e-01 0.000000000000000000e+00 0.000000000000000000e+00 0.000000000000000000e+00 3.670113129251700856e-01 0.000000000000000000e+00 3.639473330404129348e-01 0.000000000000000000e+00 4.396887822960575121e-01 0.000000000000000000e+00 0.000000000000000000e+00 0.000000000000000000e+00 3.302797337278106093e-01 0.000000000000000000e+00 3.448560983963496196e-01 0.000000000000000000e+00 4.370705496894697895e-01 0.000000000000000000e+00 0.000000000000000000e+00 4.506431927476633459e-01 3.210186912641953549e-01 4.135466468608381407e-01 3.272985526916556975e-01 0.000000000000000000e+00 0.000000000000000000e+00 3.560469879637337409e-01 3.355264975720083087e-01 0.000000000000000000e+00 3.465650530973451438e-01 0.000000000000000000e+00 3.662608220338983145e-01 0.000000000000000000e+00 0.000000000000000000e+00 0.000000000000000000e+00 3.763759741034610196e-01 0.000000000000000000e+00 3.832400405405405608e-01 0.000000000000000000e+00 3.774922381892535928e-01 0.000000000000000000e+00 3.757713561643835631e-01 0.000000000000000000e+00 0.000000000000000000e+00 0.000000000000000000e+00 0.000000000000000000e+00 0.000000000000000000e+00 0.000000000000000000e+00 0.000000000000000000e+00 0.000000000000000000e+00 0.000000000000000000e+00 0.000000000000000000e+00 0.000000000000000000e+00 3.956621322314049505e-01 0.000000000000000000e+00 0.000000000000000000e+00 0.000000000000000000e+00 0.000000000000000000e+00 0.000000000000000000e+00 0.000000000000000000e+00 0.000000000000000000e+00 0.000000000000000000e+00 0.000000000000000000e+00 0.000000000000000000e+00 0.000000000000000000e+00 0.000000000000000000e+00
3.322442875642041549e-01 4.701040414203648266e-01 3.323045816165033362e-01 4.565941344451737716e-01 3.324623652594171364e-01 4.205801702976303957e-01 2.807889521141542222e-01 4.540350945652019687e-01 2.909954843999196794e-01 4.174648187863351234e-01 3.684662600048038694e-01 4.595913700260144674e-01 3.073535006732623920e-01 4.419429211776250699e-01 3.329059968090462562e-01 4.451658719545513176e-01 3.878443263461442969e-01 4.716222168493908740e-01 3.963425605602597934e-01 4.753421671594655340e-01 0.000000000000000000e+00 0.000000000000000000e+00 3.632702673580337493e-01 4.437554751944037812e-01 3.314686522702104399e-01 4.230141343486645833e-01 0.000000000000000000e+00 0.000000000000000000e+00 3.464535997111165555e-01 4.365543557341693970e-01 3.862273999386108270e-01 4.449373758703616399e-01 4.290093017851953072e-01 4.752437427273878967e-01 0.000000000000000000e+00 0.000000000000000000e+00 4.411531685171009576e-01 4.575011021897810171e-01 0.000000000000000000e+00 5.124733362831858097e-01 4.214580655737704129e-01 0.000000000000000000e+00 3.978659167297771693e-01 0.000000000000000000e+00 4.125181655908357059e-01 4.379566861503023101e-01 4.408731326901074721e-01 0.000000000000000000e+00 4.031961099664841397e-01 0.000000000000000000e+00 4.010521062438561768e-01 0.000000000000000000e+00 3.865325768432982811e-01 4.096635337423313317e-01 3.946880629268746943e-01 0.000000000000000000e+00 4.106465717759353873e-01 4.901449219858156625e-01 4.263501501085363854e-01 4.922695899403239927e-01 4.148819299014964712e-01 0.000000000000000000e+00 3.626138845813740019e-01 0.000000000000000000e+00 3.960670093330624919e-01 0.000000000000000000e+00 4.531866853383301197e-01 4.977843807599682258e-01 4.352447795726387403e-01 0.000000000000000000e+00 3.504642282262653841e-01 4.615466943321320792e-01 3.542271545943597721e-01 4.469031562970275373e-01 0.000000000000000000e+00 0.000000000000000000e+00 3.814849860210899890e-01 4.495905574894185075e-01 3.789982104797979812e-01 0.000000000000000000e+00 3.724530085525503131e-01 0.000000000000000000e+00 4.164776119402985866e-01 0.000000000000000000e+00 3.934257368604322513e-01 0.000000000000000000e+00 0.000000000000000000e+00 0.000000000000000000e+00 3.963742411674265331e-01 0.000000000000000000e+00 0.000000000000000000e+00 4.254108881075530091e-01 4.128848567794007884e-01 0.000000000000000000e+00 4.172675451687231085e-01 4.488829783517488958e-01 0.000000000000000000e+00 0.000000000000000000e+00 0.000000000000000000e+00 0.000000000000000000e+00 4.170333797478329441e-01 4.368439926470588652e-01 4.320097123447830256e-01 4.218657880159750739e-01 0.000000000000000000e+00 0.000000000000000000e+00 0.000000000000000000e+00 0.000000000000000000e+00 0.000000000000000000e+00 0.000000000000000000e+00 0.000000000000000000e+00 4.132305750000000444e-01 4.081626760563380474e-01 3.788477767857142964e-01 0.000000000000000000e+00 0.000000000000000000e+00
4.652584083993494546e-01 3.234041643160342483e-01 4.614270579139531092e-01 3.122641427148425408e-01 4.273347717315847949e-01 3.103340315244162984e-01 4.540350945652019687e-01 2.834361247255709482e-01 4.270504987061149449e-01 2.943755926751291385e-01 4.555203239630249423e-01 3.348834885282372387e-01 4.336604645400872760e-01 2.976146189633896433e-01 4.310077241613916033e-01 3.224804315210108019e-01 4.559771291038169916e-01 3.849006814449371650e-01 4.822765109360461766e-01 3.961105691464041900e-01 0.000000000000000000e+00 0.000000000000000000e+00 4.433552116444396951e-01 3.495028148895087949e-01 4.189511792868849116e-01 3.532077752455004549e-01 0.000000000000000000e+00 3.283938661698673767e-01 4.555774178722711287e-01 3.502904330948521383e-01 4.142335454472445000e-01 3.847530386653443268e-01 4.697103824872106426e-01 4.176688899317296255e-01 0.000000000000000000e+00 4.541501460857624295e-01 4.787408446900509040e-01 4.401544295434526854e-01 0.000000000000000000e+00 4.338896990512543517e-01 0.000000000000000000e+00 4.271700442477875947e-01 0.000000000000000000e+00 3.905801253197095368e-01 4.786421656613890074e-01 3.983857846670549319e-01 0.000000000000000000e+00 4.107264485726024872e-01 4.651050785714285762e-01 3.999852672213592419e-01 4.589136493047114018e-01 3.921293224345920314e-01 0.000000000000000000e+00 3.743081730493436621e-01 0.000000000000000000e+00 3.706622866722686926e-01 4.514537885496909264e-01 3.940557602765487055e-01 4.733933062651440871e-01 4.304625584761777590e-01 4.852562039473683475e-01 4.028554455713909688e-01 0.000000000000000000e+00 3.986292595497858970e-01 4.386587050215421391e-01 3.959481388161679716e-01 4.885315526363970817e-01 4.407529190791433793e-01 5.134686323896379134e-01 4.556632706011949363e-01 4.571756809114632669e-01 3.363440988250341879e-01 4.513079641690119770e-01 3.631229402118914540e-01 0.000000000000000000e+00 0.000000000000000000e+00 4.413997598517283572e-01 3.866355606232576014e-01 0.000000000000000000e+00 0.000000000000000000e+00 4.242631718750000114e-01 4.155191769545895641e-01 0.000000000000000000e+00 0.000000000000000000e+00 4.414559043035308217e-01 3.874853700211947638e-01 0.000000000000000000e+00 0.000000000000000000e+00 4.182258810151091577e-01 3.871845291593856153e-01 4.732903437500000088e-01 0.000000000000000000e+00 0.000000000000000000e+00 4.594591179775281420e-01 4.346435200894345208e-01 4.386829100980152996e-01 4.985621472868216886e-01 0.000000000000000000e+00 0.000000000000000000e+00 4.187889008264462087e-01 0.000000000000000000e+00 0.000000000000000000e+00 4.498211031561158979e-01 4.242662001940147309e-01 0.000000000000000000e+00 4.464260990990990274e-01 0.000000000000000000e+00 0.000000000000000000e+00 4.179039086597181041e-01 0.000000000000000000e+00 0.000000000000000000e+00 0.000000000000000000e+00 0.000000000000000000e+00 0.000000000000000000e+00 0.000000000000000000e+00 0.000000000000000000e+00
3.631931272333126515e-01 0.000000000000000000e+00 2.859728449832710240e-01 4.179390960763733065e-01 2.454405637147404340e-01 3.998622245684413934e-01 2.909954843999196794e-01 4.270504987061149449e-01 2.226893933416174420e-01 4.280786798274769933e-01 3.662043467467209212e-01 0.000000000000000000e+00 2.811420442484208748e-01 4.095252346571556790e-01 2.728013375866664147e-01 4.237787464209915034e-01 3.596816004731605565e-01 0.000000000000000000e+00 3.957971954842917639e-01 0.000000000000000000e+00 3.683084313494446871e-01 4.240980967741935226e-01 3.342511812813003802e-01 4.538930095691342537e-01 2.413759897330108317e-01 3.875286568731707848e-01 2.308428031022580484e-01 0.000000000000000000e+00 3.333750787793027248e-01 0.000000000000000000e+00 3.535335914771344235e-01 4.427551236614021835e-01 3.966890940721503056e-01 0.000000000000000000e+00 0.000000000000000000e+00 0.000000000000000000e+00 4.100077965193809626e-01 0.000000000000000000e+00 0.000000000000000000e+00 0.000000000000000000e+00 0.000000000000000000e+00 0.000000000000000000e+00 4.581332606060605772e-01 0.000000000000000000e+00 3.778234797297296832e-01 0.000000000000000000e+00 0.000000000000000000e+00 0.000000000000000000e+00 0.000000000000000000e+00 0.000000000000000000e+00 3.916091813326436633e-01 0.000000000000000000e+00 0.000000000000000000e+00 0.000000000000000000e+00 4.383518719999999758e-01 0.000000000000000000e+00 3.852140279485212204e-01 0.000000000000000000e+00 4.291348902520905617e-01 0.000000000000000000e+00 3.907576390180573234e-01 0.000000000000000000e+00 3.710631001891410707e-01 0.000000000000000000e+00 3.954976760139224945e-01 0.000000000000000000e+00 4.169238857995099523e-01 0.000000000000000000e+00 4.090482832227391730e-01 0.000000000000000000e+00 3.270136579811926958e-01 4.633885895060914084e-01 3.384618180342964244e-01 3.924674015728056853e-01 3.038790952380952537e-01 0.000000000000000000e+00 3.624277020421673434e-01 3.659509857142857481e-01 0.000000000000000000e+00 0.000000000000000000e+00 3.733010209207225372e-01 0.000000000000000000e+00 3.724475138888888592e-01 0.000000000000000000e+00 3.744201939928695211e-01 0.000000000000000000e+00 3.637345538461537742e-01 0.000000000000000000e+00 3.808129138718138740e-01 0.000000000000000000e+00 0.000000000000000000e+00 3.956880598958333328e-01 0.000000000000000000e+00 0.000000000000000000e+00 3.998543287149280423e-01 4.251295346534654240e-01 0.000000000000000000e+00 0.000000000000000000e+00 0.000000000000000000e+00 0.000000000000000000e+00 0.000000000000000000e+00 0.000000000000000000e+00 0.000000000000000000e+00 0.000000000000000000e+00 0.000000000000000000e+00 4.152564636363635930e-01 0.000000000000000000e+00 0.000000000000000000e+00 0.000000000000000000e+00 0.000000000000000000e+00 0.000000000000000000e+00 0.000000000000000000e+00 0.000000000000000000e+00 0.000000000000000000e+00 0.000000000000000000e+00 0.000000000000000000e+00
4.136925428571428531e-01 3.817698188755355715e-01 4.118900793680426164e-01 3.080186103404919939e-01 4.198800716367385166e-01 1.913884818432246282e-01 4.174648187863351234e-01 2.943755926751291385e-01 4.280786798274769933e-01 2.452910435079458940e-01 0.000000000000000000e+00 3.600853852056761784e-01 4.134006764963167879e-01 3.170631451430360737e-01 4.075167186457707702e-01 2.621953095917947119e-01 0.000000000000000000e+00 0.000000000000000000e+00 4.279546680600325170e-01 3.676025215677973246e-01 3.881384894736841229e-01 3.285138177874872278e-01 4.091349021550602094e-01 3.207103552631578869e-01 4.074898141353657799e-01 2.848256456018518623e-01 4.288503124029239832e-01 1.987333151579564194e-01 4.561847648198372185e-01 3.123266795555066921e-01 3.821082156115014894e-01 3.473366067608427699e-01 4.016390287769784351e-01 4.188902477621856968e-01 0.000000000000000000e+00 5.064421333333333219e-01 0.000000000000000000e+00 0.000000000000000000e+00 0.000000000000000000e+00 4.147218656716418206e-01 0.000000000000000000e+00 0.000000000000000000e+00 0.000000000000000000e+00 0.000000000000000000e+00 0.000000000000000000e+00 3.623529084507041698e-01 0.000000000000000000e+00 0.000000000000000000e+00 0.000000000000000000e+00 3.830266639344263035e-01 0.000000000000000000e+00 0.000000000000000000e+00 0.000000000000000000e+00 0.000000000000000000e+00 0.000000000000000000e+00 0.000000000000000000e+00 0.000000000000000000e+00 4.273787835051546247e-01 0.000000000000000000e+00 3.916806959214211847e-01 0.000000000000000000e+00 4.121111143096073959e-01 0.000000000000000000e+00 3.812802596153846424e-01 3.977446176470587624e-01 3.975265662477972528e-01 0.000000000000000000e+00 4.548408565107048274e-01 0.000000000000000000e+00 0.000000000000000000e+00 4.553950741577870720e-01 3.153006510217239433e-01 4.186593693806193728e-01 3.300264681414226131e-01 0.000000000000000000e+00 0.000000000000000000e+00 4.069224811206848536e-01 3.333172468864138982e-01 0.000000000000000000e+00 0.000000000000000000e+00 0.000000000000000000e+00 4.012966290502231193e-01 0.000000000000000000e+00 0.000000000000000000e+00 0.000000000000000000e+00 4.081801402171913451e-01 0.000000000000000000e+00 4.065025396825397430e-01 0.000000000000000000e+00 4.076472960463798922e-01 0.000000000000000000e+00 0.000000000000000000e+00 0.000000000000000000e+00 4.052709025899446926e-01 0.000000000000000000e+00 3.570398085106383235e-01 0.000000000000000000e+00 0.000000000000000000e+00 0.000000000000000000e+00 0.000000000000000000e+00 0.000000000000000000e+00 0.000000000000000000e+00 0.000000000000000000e+00 0.000000000000000000e+00 0.000000000000000000e+00 0.000000000000000000e+00 0.000000000000000000e+00 0.000000000000000000e+00 0.000000000000000000e+00 0.000000000000000000e+00 0.000000000000000000e+00 0.000000000000000000e+00 0.000000000000000000e+00 3.939435925369054181e-01 0.000000000000000000e+00 0.000000000000000000e+00
3.283567286863600110e-01 4.654420763123199856e-01 3.998980225628012142e-01 4.570079150585131256e-01 3.616661145299007729e-01 0.000000000000000000e+00 3.684662600048038694e-01 4.555203239630249423e-01 3.662043467467209212e-01 0.000000000000000000e+00 3.076445613666171641e-01 4.561509918875650271e-01 3.088688264980439246e-01 4.389769684040315534e-01 3.655372632267624988e-01 0.000000000000000000e+00 3.487327219232670417e-01 0.000000000000000000e+00 4.136299842578685659e-01 4.676122640032174815e-01 0.000000000000000000e+00 0.000000000000000000e+00 3.799366144810735757e-01 4.425059549086109434e-01 4.287229005235601575e-01 3.904888672566371732e-01 0.000000000000000000e+00 0.000000000000000000e+00 3.120589453847955608e-01 4.439551822784081891e-01 3.843832668269817066e-01 4.454546100706079925e-01 4.015405365167470930e-01 4.791641503307562111e-01 0.000000000000000000e+00 0.000000000000000000e+00 4.509674539015817718e-01 0.000000000000000000e+00 0.000000000000000000e+00 0.000000000000000000e+00 0.000000000000000000e+00 0.000000000000000000e+00 3.994510050022357373e-01 0.000000000000000000e+00 4.153798618811747057e-01 4.798290980392156402e-01 0.000000000000000000e+00 0.000000000000000000e+00 4.312962499881020650e-01 0.000000000000000000e+00 4.211871081379044979e-01 0.000000000000000000e+00 0.000000000000000000e+00 0.000000000000000000e+00 0.000000000000000000e+00 0.000000000000000000e+00 4.004678661196789391e-01 4.500533613445378278e-01 4.485714147002002328e-01 0.000000000000000000e+00 4.312399484763173030e-01 0.000000000000000000e+00 4.028114515974511867e-01 5.019876670068027513e-01 4.235052956761775622e-01 0.000000000000000000e+00 4.548491416589450220e-01 4.750525101923596671e-01 4.363142022653945240e-01 4.732739836065573691e-01 3.591374682870996371e-01 4.220803709652268254e-01 3.525133007854993061e-01 4.363362103799329206e-01 0.000000000000000000e+00 0.000000000000000000e+00 3.966527036062512668e-01 4.482485534972944219e-01 3.996860792668552320e-01 0.000000000000000000e+00 3.719015635558914346e-01 0.000000000000000000e+00 0.000000000000000000e+00 0.000000000000000000e+00 4.086981803959228721e-01 0.000000000000000000e+00 0.000000000000000000e+00 0.000000000000000000e+00 4.106835684191047497e-01 0.000000000000000000e+00 0.000000000000000000e+00 0.000000000000000000e+00 0.000000000000000000e+00 0.000000000000000000e+00 0.000000000000000000e+00 3.927041282051282334e-01 0.000000000000000000e+00 0.000000000000000000e+00 0.000000000000000000e+00 0.000000000000000000e+00 0.000000000000000000e+00 4.205001981981982273e-01 0.000000000000000000e+00 0.000000000000000000e+00 0.000000000000000000e+00 0.000000000000000000e+00 0.000000000000000000e+00 0.000000000000000000e+00 0.000000000000000000e+00 0.000000000000000000e+00 0.000000000000000000e+00 0.000000000000000000e+00 0.000000000000000000e+00 0.000000000000000000e+00 0.000000000000000000e+00 0.000000000000000000e+00
4.637983766229245575e-01 3.372591613180943027e-01 4.659836681546651871e-01 3.999098866770730565e-01 0.000000000000000000e+00 3.421891103313840499e-01 4.595913700260144674e-01 3.348834885282372387e-01 0.000000000000000000e+00 3.600853852056761784e-01 4.561509918875650271e-01 2.573294118138099162e-01 4.543054330197390245e-01 3.044493672223538838e-01 0.000000000000000000e+00 3.827736474348671925e-01 4.372164970423916830e-01 2.655582622397039683e-01 4.699388531609319242e-01 4.111197824040387916e-01 0.000000000000000000e+00 0.000000000000000000e+00 4.601116215721590685e-01 3.948933608874124479e-01 0.000000000000000000e+00 0.000000000000000000e+00 0.000000000000000000e+00 0.000000000000000000e+00 4.614687784493284872e-01 3.780964281122746184e-01 3.977504874166960525e-01 4.048253643963280468e-01 4.790428181381462536e-01 4.044106988644854961e-01 0.000000000000000000e+00 4.812720044119130347e-01 5.192245565217390446e-01 4.509383592997635026e-01 0.000000000000000000e+00 4.753922304317916847e-01 0.000000000000000000e+00 4.241581075450450156e-01 4.762153741496598647e-01 4.317527448979592286e-01 0.000000000000000000e+00 4.030302611947005342e-01 0.000000000000000000e+00 4.651559915254236954e-01 0.000000000000000000e+00 3.984311385630970315e-01 4.501021414988120029e-01 3.990077144387187968e-01 0.000000000000000000e+00 3.855531105505939360e-01 0.000000000000000000e+00 4.143464009489616906e-01 4.673881449992607906e-01 4.012958342199411943e-01 5.230812649006623127e-01 4.285124019415222918e-01 4.802012062969924222e-01 4.274130230157648369e-01 0.000000000000000000e+00 4.068728878742914890e-01 4.509578670886075225e-01 4.151343253985695925e-01 4.580897899646780291e-01 4.257057119797164058e-01 5.171619149659862913e-01 4.349657529585102544e-01 4.843755826752763616e-01 3.646905764638742609e-01 4.491150461993475007e-01 4.013994189475753593e-01 0.000000000000000000e+00 4.242916161900204264e-01 4.415768337711166724e-01 4.110899609326054138e-01 0.000000000000000000e+00 3.986858731153902768e-01 0.000000000000000000e+00 4.360236511129308989e-01 0.000000000000000000e+00 1.860736071492461174e-01 4.359100484326018377e-01 4.361026535833757989e-01 0.000000000000000000e+00 0.000000000000000000e+00 0.000000000000000000e+00 4.347047115825019015e-01 0.000000000000000000e+00 4.169968632478632808e-01 0.000000000000000000e+00 0.000000000000000000e+00 4.311938450704224657e-01 3.957927608511697670e-01 0.000000000000000000e+00 4.122116327713382100e-01 0.000000000000000000e+00 0.000000000000000000e+00 0.000000000000000000e+00 4.365948151260505283e-01 0.000000000000000000e+00 4.218394037792536633e-01 0.000000000000000000e+00 0.000000000000000000e+00 0.000000000000000000e+00 0.000000000000000000e+00 0.000000000000000000e+00 0.000000000000000000e+00 0.000000000000000000e+00 0.000000000000000000e+00 0.000000000000000000e+00 0.000000000000000000e+00 0.000000000000000000e+00 0.000000000000000000e+00
3.709613482892195058e-01 0.000000000000000000e+00 3.525269941591437917e-01 4.418828028081275283e-01 3.386388816578356220e-01 4.009086447368421235e-01 3.073535006732623920e-01 4.336604645400872760e-01 2.811420442484208748e-01 4.134006764963167879e-01 3.088688264980439246e-01 4.543054330197390245e-01 2.637396281474990167e-01 4.265237630593271545e-01 2.651462540329320161e-01 4.229943578836056761e-01 3.768510652822981144e-01 0.000000000000000000e+00 3.936455771360518607e-01 4.471440480964744557e-01 0.000000000000000000e+00 0.000000000000000000e+00 3.580011374154520865e-01 4.343304231587132302e-01 3.419716406249999618e-01 4.221934118630376598e-01 0.000000000000000000e+00 0.000000000000000000e+00 3.170935193256168572e-01 4.091906454735418919e-01 3.552369719431347495e-01 4.344339141908771240e-01 4.050450689830560336e-01 4.684953989319841083e-01 4.483717839999999955e-01 0.000000000000000000e+00 4.199348475574712358e-01 4.290696576576576438e-01 0.000000000000000000e+00 0.000000000000000000e+00 0.000000000000000000e+00 0.000000000000000000e+00 4.278372164383561493e-01 0.000000000000000000e+00 4.463892736707924525e-01 0.000000000000000000e+00 4.437436201550387649e-01 0.000000000000000000e+00 4.163377038171461875e-01 0.000000000000000000e+00 4.121762411668840054e-01 0.000000000000000000e+00 3.905337291666666766e-01 0.000000000000000000e+00 4.291862713854772693e-01 0.000000000000000000e+00 3.925819287123132884e-01 0.000000000000000000e+00 4.271605875958623399e-01 4.909446249999999679e-01 4.186838667511543766e-01 4.579724575163399147e-01 3.842236063010184277e-01 0.000000000000000000e+00 4.048315693135555726e-01 0.000000000000000000e+00 4.306696817740747196e-01 0.000000000000000000e+00 4.032347351920521628e-01 0.000000000000000000e+00 3.195675988321978189e-01 4.431397278272979356e-01 3.690510506980562155e-01 4.370572123583838509e-01 0.000000000000000000e+00 0.000000000000000000e+00 3.706276597476694246e-01 4.369202741559459757e-01 0.000000000000000000e+00 0.000000000000000000e+00 3.697413547855611937e-01 0.000000000000000000e+00 0.000000000000000000e+00 0.000000000000000000e+00 3.944320068255363632e-01 0.000000000000000000e+00 0.000000000000000000e+00 0.000000000000000000e+00 3.939014354686605213e-01 0.000000000000000000e+00 0.000000000000000000e+00 0.000000000000000000e+00 4.191567202797202296e-01 0.000000000000000000e+00 4.028369792468074473e-01 4.282849651090738785e-01 0.000000000000000000e+00 0.000000000000000000e+00 4.299034695652174110e-01 0.000000000000000000e+00 0.000000000000000000e+00 0.000000000000000000e+00 0.000000000000000000e+00 0.000000000000000000e+00 0.000000000000000000e+00 0.000000000000000000e+00 0.000000000000000000e+00 0.000000000000000000e+00 0.000000000000000000e+00 0.000000000000000000e+00 0.000000000000000000e+00 0.000000000000000000e+00 0.000000000000000000e+00 0.000000000000000000e+00 0.000000000000000000e+00 0.000000000000000000e+00
