0.000000000000000000e+00 1.570863393064928989e-02 4.991530208921513001e-02 4.214963119072707813e-03 3.180661577608142731e-04 0.000000000000000000e+00 7.921498661909009975e-02 1.998462720983858448e-03 0.000000000000000000e+00 0.000000000000000000e+00 2.273449920508744115e-01 0.000000000000000000e+00 3.863785199738048459e-02 0.000000000000000000e+00 0.000000000000000000e+00 0.000000000000000000e+00 1.237135975476242600e-01 1.137138958380714193e-03 5.515832482124616992e-02 2.124068082712055050e-02 0.000000000000000000e+00 0.000000000000000000e+00 9.252833680314596345e-04 0.000000000000000000e+00 0.000000000000000000e+00 0.000000000000000000e+00 0.000000000000000000e+00 0.000000000000000000e+00 3.127846948071667105e-02 2.769315978953198511e-04 5.054759898904801971e-03 0.000000000000000000e+00 2.707820488543836307e-02 1.569024421105909284e-02 0.000000000000000000e+00 0.000000000000000000e+00 1.104755094744368921e-01 5.512679162072767463e-04 0.000000000000000000e+00 1.015228426395939137e-03 0.000000000000000000e+00 0.000000000000000000e+00 0.000000000000000000e+00 0.000000000000000000e+00 6.675567423230974445e-04 0.000000000000000000e+00 1.912411550965767838e-04 0.000000000000000000e+00 4.458228338825353902e-03 0.000000000000000000e+00 4.347826086956521792e-03 9.065361254645998052e-05 8.952551477170993689e-04 0.000000000000000000e+00 1.381488059996052991e-03 0.000000000000000000e+00 2.054163596168017691e-01 2.269469660774008513e-03 3.416666666666666463e-02 9.032063826584374195e-04 6.920031670625495512e-02 0.000000000000000000e+00 8.691965232139071268e-03 1.913143294432753042e-04 4.640718562874251302e-02 1.145475372279495987e-04 7.498535442296426663e-03 3.661662394727205881e-04 1.167464114832535843e-01 6.622516556291390723e-03 7.913165266106442219e-02 1.038637307852098004e-03 5.412821152407083780e-02 9.650439631138751743e-04 1.262272089761570792e-02 0.000000000000000000e+00 6.205673758865248163e-02 8.756567425569176943e-04 3.571428571428571317e-03 0.000000000000000000e+00 3.392330383480825912e-03 0.000000000000000000e+00 0.000000000000000000e+00 0.000000000000000000e+00 1.520232506147999041e-02 0.000000000000000000e+00 0.000000000000000000e+00 0.000000000000000000e+00 9.142624949207639809e-03 0.000000000000000000e+00 3.539823008849557473e-03 1.018329938900203570e-03 0.000000000000000000e+00 0.000000000000000000e+00 6.153846153846154188e-02 0.000000000000000000e+00 9.400705052878965615e-03 0.000000000000000000e+00 1.782531194295900075e-03 0.000000000000000000e+00 0.000000000000000000e+00 0.000000000000000000e+00 1.612325331422429170e-03 3.141690229343386664e-04 8.580008580008580089e-04 3.798670465337131760e-04 0.000000000000000000e+00 0.000000000000000000e+00 0.000000000000000000e+00 0.000000000000000000e+00 0.000000000000000000e+00 0.000000000000000000e+00 0.000000000000000000e+00 0.000000000000000000e+00 0.000000000000000000e+00 0.000000000000000000e+00
1.570863393064928989e-02 0.000000000000000000e+00 2.371541501976284771e-03 4.465226554267650444e-02 3.180661577608142731e-04 0.000000000000000000e+00 8.920606601248885293e-04 7.778631821675634217e-02 0.000000000000000000e+00 4.514672686230247929e-03 3.974562798092210109e-04 1.331220285261489750e-02 0.000000000000000000e+00 5.800158186132348820e-03 0.000000000000000000e+00 2.103049421661408978e-03 2.846507554193124408e-03 7.778030475324083926e-02 1.915219611848825373e-02 8.257138838092559219e-02 0.000000000000000000e+00 0.000000000000000000e+00 0.000000000000000000e+00 8.865248226950354395e-04 0.000000000000000000e+00 0.000000000000000000e+00 0.000000000000000000e+00 8.271298593879239033e-04 0.000000000000000000e+00 6.397119911381889124e-02 4.212299915754001462e-04 0.000000000000000000e+00 1.514864608975572888e-02 1.353916234341389323e-02 9.199632014719411142e-04 0.000000000000000000e+00 1.072577761887736833e-03 1.039140022050716594e-01 0.000000000000000000e+00 2.639593908629441626e-02 0.000000000000000000e+00 0.000000000000000000e+00 0.000000000000000000e+00 0.000000000000000000e+00 0.000000000000000000e+00 6.963788300835654617e-04 0.000000000000000000e+00 2.082899395959175205e-04 0.000000000000000000e+00 4.531341780649492459e-03 0.000000000000000000e+00 9.246668479738918284e-03 0.000000000000000000e+00 0.000000000000000000e+00 0.000000000000000000e+00 1.854795972443031276e-03 7.369196757553426839e-04 2.629001433349259509e-01 3.333333333333333222e-04 4.365497516182447607e-02 3.167062549485352512e-04 5.033881897386253967e-02 0.000000000000000000e+00 2.965372106370767202e-02 0.000000000000000000e+00 3.046964490263459266e-02 2.343292325717633332e-04 1.244965214207250162e-02 1.770334928229665150e-02 1.327988846287905256e-01 1.050420168067226845e-03 1.038637307852098013e-01 1.371913195310551364e-03 5.768818357280720843e-02 0.000000000000000000e+00 2.061855670103092744e-02 3.546099290780141758e-03 6.406888499708114637e-02 0.000000000000000000e+00 0.000000000000000000e+00 2.949852507374631227e-04 2.988047808764940187e-03 0.000000000000000000e+00 0.000000000000000000e+00 1.117818019226469995e-04 1.316707359609347802e-02 0.000000000000000000e+00 0.000000000000000000e+00 0.000000000000000000e+00 4.452690166975881506e-03 0.000000000000000000e+00 4.073319755600814281e-03 0.000000000000000000e+00 0.000000000000000000e+00 0.000000000000000000e+00 0.000000000000000000e+00 0.000000000000000000e+00 6.622516556291390723e-03 0.000000000000000000e+00 2.777777777777777884e-03 0.000000000000000000e+00 0.000000000000000000e+00 1.791472590469365684e-04 1.099591580270185441e-03 0.000000000000000000e+00 2.659069325735992449e-03 0.000000000000000000e+00 3.389830508474576173e-03 0.000000000000000000e+00 0.000000000000000000e+00 0.000000000000000000e+00 0.000000000000000000e+00 0.000000000000000000e+00 0.000000000000000000e+00 0.000000000000000000e+00 0.000000000000000000e+00
4.991530208921513001e-02 2.371541501976284771e-03 0.000000000000000000e+00 1.238145416227607980e-02 4.421119592875318027e-02 9.124844462878473408e-03 3.486173059768064020e-01 1.445042275172943834e-02 1.626549963530269927e-01 1.354401805869074465e-02 3.895071542130365549e-02 3.169572107765451785e-03 3.383540711635014270e-02 2.636435539151067882e-03 2.140410958904109470e-02 8.937960042060988375e-03 1.335668929275235332e-02 6.822833750284284507e-04 2.063329928498467691e-01 1.139400759600506415e-02 0.000000000000000000e+00 0.000000000000000000e+00 2.560721721027064413e-01 1.270685579196217420e-02 7.993292342090553559e-02 1.647446457990115257e-02 1.325966850828729296e-02 4.135649296939619517e-04 1.457637412693592489e-02 1.107726391581279404e-03 3.791069924178601391e-02 1.836821870995301170e-02 1.401249763302404860e-02 1.442490193597368089e-02 1.379944802207911780e-03 0.000000000000000000e+00 1.358598498391133322e-02 5.512679162072767463e-04 0.000000000000000000e+00 0.000000000000000000e+00 0.000000000000000000e+00 0.000000000000000000e+00 0.000000000000000000e+00 0.000000000000000000e+00 0.000000000000000000e+00 1.392757660167130978e-04 0.000000000000000000e+00 0.000000000000000000e+00 1.744524132583834004e-03 0.000000000000000000e+00 5.279503105590062362e-03 0.000000000000000000e+00 0.000000000000000000e+00 0.000000000000000000e+00 5.920663114268797603e-04 0.000000000000000000e+00 1.363301400147383900e-02 0.000000000000000000e+00 1.499999999999999944e-02 1.505343971097395880e-04 1.346001583531274658e-02 0.000000000000000000e+00 2.755988976044095821e-03 0.000000000000000000e+00 1.571856287425149601e-02 0.000000000000000000e+00 1.792618629173989286e-02 4.882216526302941536e-04 1.148325358851674631e-02 0.000000000000000000e+00 4.569327731092436701e-02 2.077274615704196063e-04 5.986530306809677987e-02 3.109586103366931021e-03 5.142589995324918332e-03 1.344688480502016998e-03 8.365570599613152136e-02 2.918855808523058981e-03 3.571428571428571317e-03 0.000000000000000000e+00 2.654867256637168105e-03 0.000000000000000000e+00 0.000000000000000000e+00 0.000000000000000000e+00 4.806617482673821058e-03 8.719916288803627362e-05 1.485884101040118796e-03 0.000000000000000000e+00 3.250711093051604928e-03 0.000000000000000000e+00 2.123893805309734657e-03 2.036659877800407140e-03 0.000000000000000000e+00 0.000000000000000000e+00 6.923076923076923461e-02 0.000000000000000000e+00 1.175088131609870702e-03 0.000000000000000000e+00 0.000000000000000000e+00 2.777777777777777884e-03 0.000000000000000000e+00 5.780346820809248269e-03 2.149767108563239038e-03 7.854225573358466659e-04 0.000000000000000000e+00 3.798670465337131760e-04 4.219409282700421586e-03 1.694915254237288086e-03 0.000000000000000000e+00 0.000000000000000000e+00 1.297016861219195795e-03 0.000000000000000000e+00 0.000000000000000000e+00 0.000000000000000000e+00 0.000000000000000000e+00 0.000000000000000000e+00
4.214963119072707813e-03 4.465226554267650444e-02 1.238145416227607980e-02 0.000000000000000000e+00 1.908396946564885422e-03 1.119867274989630804e-02 1.445138269402319355e-02 2.213681783243658663e-01 1.458789204959883316e-03 0.000000000000000000e+00 1.987281399046104784e-03 2.979397781299524678e-02 5.675616677581314488e-03 3.480094911679409292e-02 8.561643835616437881e-04 2.996845425867507989e-02 3.503393912853076594e-03 1.773936775073913993e-02 1.136363636363636395e-02 1.309607539738359694e-01 0.000000000000000000e+00 0.000000000000000000e+00 2.313208420078649227e-02 3.894799054373522251e-01 6.707657909446618390e-03 1.054365733113673820e-01 0.000000000000000000e+00 1.654259718775847807e-03 6.073489219556635734e-04 3.018554417058986333e-02 2.569502948609941190e-02 5.425032037590773321e-02 5.302026131414504760e-03 2.606605086675945968e-02 0.000000000000000000e+00 4.364694471387002908e-03 3.575259206292456110e-04 3.417861080485115610e-02 0.000000000000000000e+00 1.421319796954314749e-02 0.000000000000000000e+00 0.000000000000000000e+00 0.000000000000000000e+00 4.201092283993838232e-04 0.000000000000000000e+00 0.000000000000000000e+00 0.000000000000000000e+00 0.000000000000000000e+00 0.000000000000000000e+00 3.356549467147772192e-04 0.000000000000000000e+00 4.532680627322998755e-04 0.000000000000000000e+00 2.350176263219741458e-04 0.000000000000000000e+00 0.000000000000000000e+00 1.842299189388356710e-04 5.255613951266125024e-03 0.000000000000000000e+00 8.128857443925937426e-03 1.583531274742676256e-04 2.581477896095514622e-03 0.000000000000000000e+00 5.739429883298258856e-04 0.000000000000000000e+00 3.436426116838488232e-04 7.029876977152900268e-04 8.910045160502868059e-03 1.196172248803827705e-03 1.394214011850819111e-03 3.676470588235294067e-03 3.095139177399252109e-02 3.367423297580443824e-03 7.934805918936306546e-02 4.675081813931744037e-04 1.299865531151949728e-02 3.384912959381044563e-03 9.705195563339170939e-02 0.000000000000000000e+00 0.000000000000000000e+00 1.474926253687315614e-04 3.735059760956175451e-03 0.000000000000000000e+00 0.000000000000000000e+00 1.117818019226469995e-04 1.482385769096616597e-03 0.000000000000000000e+00 0.000000000000000000e+00 0.000000000000000000e+00 7.421150278293135120e-04 0.000000000000000000e+00 1.069246435845213825e-02 0.000000000000000000e+00 1.231527093596059127e-03 0.000000000000000000e+00 0.000000000000000000e+00 1.175088131609870702e-03 0.000000000000000000e+00 0.000000000000000000e+00 5.555555555555555768e-03 0.000000000000000000e+00 0.000000000000000000e+00 0.000000000000000000e+00 2.984605717876217222e-03 0.000000000000000000e+00 1.709401709401709400e-03 0.000000000000000000e+00 5.084745762711864042e-03 0.000000000000000000e+00 0.000000000000000000e+00 0.000000000000000000e+00 0.000000000000000000e+00 0.000000000000000000e+00 0.000000000000000000e+00 0.000000000000000000e+00 0.000000000000000000e+00
3.180661577608142731e-04 3.180661577608142731e-04 4.421119592875318027e-02 1.908396946564885422e-03 0.000000000000000000e+00 8.710078805474906830e-03 1.106155218554861694e-02 6.149116064565719134e-04 3.202042304886943969e-01 5.643340857787810562e-03 0.000000000000000000e+00 0.000000000000000000e+00 1.746343593101942803e-03 2.636435539151067990e-04 2.692636986301369939e-01 2.103049421661408978e-03 4.379242391066345743e-04 0.000000000000000000e+00 2.553626149131767186e-04 0.000000000000000000e+00 4.291845493562231745e-03 0.000000000000000000e+00 6.939625260235946988e-03 2.068557919621749359e-03 2.627166014533258709e-01 1.317957166392092275e-02 3.298342541436464215e-01 8.271298593879239033e-04 1.822046765866990612e-03 0.000000000000000000e+00 1.390058972198820499e-02 1.281503630926954240e-02 0.000000000000000000e+00 0.000000000000000000e+00 4.599816007359705571e-04 0.000000000000000000e+00 0.000000000000000000e+00 0.000000000000000000e+00 0.000000000000000000e+00 0.000000000000000000e+00 0.000000000000000000e+00 0.000000000000000000e+00 0.000000000000000000e+00 0.000000000000000000e+00 1.668891855807743611e-04 0.000000000000000000e+00 3.824823101931535676e-04 0.000000000000000000e+00 0.000000000000000000e+00 0.000000000000000000e+00 0.000000000000000000e+00 0.000000000000000000e+00 0.000000000000000000e+00 0.000000000000000000e+00 0.000000000000000000e+00 0.000000000000000000e+00 0.000000000000000000e+00 0.000000000000000000e+00 0.000000000000000000e+00 0.000000000000000000e+00 1.583531274742676256e-04 0.000000000000000000e+00 2.119991520033919841e-04 0.000000000000000000e+00 0.000000000000000000e+00 0.000000000000000000e+00 2.343292325717633332e-04 0.000000000000000000e+00 0.000000000000000000e+00 0.000000000000000000e+00 1.680672268907562952e-02 8.309098462816784251e-04 5.749563482165128553e-02 0.000000000000000000e+00 1.309022907900888287e-02 0.000000000000000000e+00 4.513217279174725795e-03 0.000000000000000000e+00 0.000000000000000000e+00 0.000000000000000000e+00 2.949852507374631227e-04 0.000000000000000000e+00 0.000000000000000000e+00 0.000000000000000000e+00 2.235636038452939989e-04 0.000000000000000000e+00 1.485884101040118796e-03 0.000000000000000000e+00 8.126777732629012320e-04 0.000000000000000000e+00 0.000000000000000000e+00 0.000000000000000000e+00 0.000000000000000000e+00 0.000000000000000000e+00 0.000000000000000000e+00 0.000000000000000000e+00 0.000000000000000000e+00 0.000000000000000000e+00 0.000000000000000000e+00 0.000000000000000000e+00 0.000000000000000000e+00 0.000000000000000000e+00 0.000000000000000000e+00 0.000000000000000000e+00 4.290004290004290045e-04 0.000000000000000000e+00 0.000000000000000000e+00 0.000000000000000000e+00 0.000000000000000000e+00 0.000000000000000000e+00 0.000000000000000000e+00 0.000000000000000000e+00 0.000000000000000000e+00 0.000000000000000000e+00 0.000000000000000000e+00 0.000000000000000000e+00
0.000000000000000000e+00 0.000000000000000000e+00 9.124844462878473408e-03 1.119867274989630804e-02 8.710078805474906830e-03 0.000000000000000000e+00 3.568242640499554009e-04 1.383551114527286751e-03 1.458789204959883316e-03 2.325056433408577983e-01 0.000000000000000000e+00 0.000000000000000000e+00 4.365858982754857007e-04 1.581861323490640686e-03 0.000000000000000000e+00 8.937960042060988375e-02 0.000000000000000000e+00 0.000000000000000000e+00 0.000000000000000000e+00 0.000000000000000000e+00 0.000000000000000000e+00 3.960396039603960444e-03 3.238491788110108884e-03 5.348699763593380702e-02 1.285634432643935170e-02 1.268533772652388758e-01 2.209944751381215638e-03 1.985111662531017507e-01 0.000000000000000000e+00 1.661589587371919106e-03 9.688289806234203633e-03 1.879538658692866265e-02 0.000000000000000000e+00 7.592053650512463857e-04 0.000000000000000000e+00 4.849660523763336625e-04 0.000000000000000000e+00 0.000000000000000000e+00 0.000000000000000000e+00 0.000000000000000000e+00 0.000000000000000000e+00 0.000000000000000000e+00 0.000000000000000000e+00 0.000000000000000000e+00 0.000000000000000000e+00 0.000000000000000000e+00 0.000000000000000000e+00 2.082899395959175205e-04 0.000000000000000000e+00 0.000000000000000000e+00 0.000000000000000000e+00 0.000000000000000000e+00 0.000000000000000000e+00 0.000000000000000000e+00 0.000000000000000000e+00 0.000000000000000000e+00 0.000000000000000000e+00 1.194457716196846572e-04 0.000000000000000000e+00 0.000000000000000000e+00 0.000000000000000000e+00 0.000000000000000000e+00 0.000000000000000000e+00 0.000000000000000000e+00 0.000000000000000000e+00 0.000000000000000000e+00 0.000000000000000000e+00 0.000000000000000000e+00 0.000000000000000000e+00 0.000000000000000000e+00 2.976190476190476025e-03 5.006231823847112627e-02 1.247193813918683059e-04 8.074201158052755900e-02 0.000000000000000000e+00 1.344688480502016954e-02 0.000000000000000000e+00 4.962054874489200268e-03 0.000000000000000000e+00 0.000000000000000000e+00 0.000000000000000000e+00 2.490039840637450156e-04 0.000000000000000000e+00 0.000000000000000000e+00 0.000000000000000000e+00 8.719916288803627362e-05 0.000000000000000000e+00 5.924170616113744528e-04 0.000000000000000000e+00 3.710575139146567560e-04 0.000000000000000000e+00 0.000000000000000000e+00 0.000000000000000000e+00 0.000000000000000000e+00 0.000000000000000000e+00 0.000000000000000000e+00 0.000000000000000000e+00 0.000000000000000000e+00 0.000000000000000000e+00 0.000000000000000000e+00 0.000000000000000000e+00 0.000000000000000000e+00 0.000000000000000000e+00 0.000000000000000000e+00 0.000000000000000000e+00 0.000000000000000000e+00 0.000000000000000000e+00 0.000000000000000000e+00 0.000000000000000000e+00 0.000000000000000000e+00 0.000000000000000000e+00 0.000000000000000000e+00 0.000000000000000000e+00 0.000000000000000000e+00 0.000000000000000000e+00 0.000000000000000000e+00
7.921498661909009975e-02 8.920606601248885293e-04 3.486173059768064020e-01 1.445138269402319355e-02 1.106155218554861694e-02 3.568242640499554009e-04 0.000000000000000000e+00 1.537279016141429588e-02 3.938730853391685105e-02 0.000000000000000000e+00 1.108903020667726530e-01 3.486529318541996963e-03 1.851124208688059436e-01 2.900079093066174410e-03 5.993150684931506517e-03 3.680336487907465929e-03 4.160280271513027914e-03 6.822833750284284507e-04 6.639427987742594142e-03 6.752004501336334244e-03 0.000000000000000000e+00 0.000000000000000000e+00 1.919962988665278869e-02 1.359338061465721094e-02 0.000000000000000000e+00 0.000000000000000000e+00 0.000000000000000000e+00 0.000000000000000000e+00 3.036744609778317758e-03 2.769315978953198511e-04 2.443133951137321097e-02 1.708671507902605885e-02 3.597803446316985218e-03 1.341262811590535238e-02 3.219871205151794008e-03 0.000000000000000000e+00 1.072577761887736833e-03 2.756339581036383731e-04 0.000000000000000000e+00 0.000000000000000000e+00 0.000000000000000000e+00 0.000000000000000000e+00 0.000000000000000000e+00 0.000000000000000000e+00 5.006675567423231376e-04 0.000000000000000000e+00 0.000000000000000000e+00 0.000000000000000000e+00 9.691800736576855696e-04 8.391373667869430480e-05 1.708074534161490611e-03 0.000000000000000000e+00 0.000000000000000000e+00 0.000000000000000000e+00 5.920663114268797603e-04 0.000000000000000000e+00 1.658069270449520930e-03 0.000000000000000000e+00 1.833333333333333299e-03 0.000000000000000000e+00 1.662707838479809963e-02 3.226847370119393277e-04 5.087979648081407402e-03 1.913143294432753042e-04 1.347305389221556925e-02 0.000000000000000000e+00 9.373169302870533329e-04 1.220554131575735384e-04 9.569377990430622287e-04 0.000000000000000000e+00 5.987394957983193516e-02 4.154549231408392125e-04 2.693938638064355059e-02 1.286725284151833638e-03 9.350163627863488074e-04 4.482294935006723687e-04 4.158607350096711619e-02 1.167542323409223592e-03 3.571428571428571317e-03 0.000000000000000000e+00 4.129793510324483718e-03 0.000000000000000000e+00 0.000000000000000000e+00 0.000000000000000000e+00 1.117818019226470005e-02 0.000000000000000000e+00 1.485884101040118796e-03 0.000000000000000000e+00 6.501422186103209856e-03 0.000000000000000000e+00 7.079646017699115163e-04 5.091649694501017851e-04 0.000000000000000000e+00 0.000000000000000000e+00 7.692307692307692735e-03 0.000000000000000000e+00 0.000000000000000000e+00 0.000000000000000000e+00 1.782531194295900075e-03 0.000000000000000000e+00 0.000000000000000000e+00 0.000000000000000000e+00 8.957362952346828965e-04 0.000000000000000000e+00 0.000000000000000000e+00 0.000000000000000000e+00 8.438818565400844039e-04 0.000000000000000000e+00 0.000000000000000000e+00 0.000000000000000000e+00 0.000000000000000000e+00 0.000000000000000000e+00 0.000000000000000000e+00 0.000000000000000000e+00 0.000000000000000000e+00 0.000000000000000000e+00
1.998462720983858448e-03 7.778631821675634217e-02 1.445042275172943834e-02 2.213681783243658663e-01 6.149116064565719134e-04 1.383551114527286751e-03 1.537279016141429588e-02 0.000000000000000000e+00 2.917578409919766632e-03 2.483069977426636404e-02 2.782193958664546697e-03 1.578446909667194920e-01 5.675616677581314488e-03 1.998418138676509304e-01 1.284246575342465682e-03 3.732912723449000741e-02 8.758484782132691486e-04 2.206049579258585400e-02 1.340653728294177727e-02 2.335068223378815658e-02 0.000000000000000000e+00 0.000000000000000000e+00 1.943095072866065157e-02 7.683215130023640475e-03 5.589714924538848658e-04 0.000000000000000000e+00 5.524861878453039095e-04 0.000000000000000000e+00 9.110233829334953059e-04 2.298532262531154807e-02 2.232518955349620943e-02 5.553182400683468432e-03 4.165877674682825355e-03 6.326711375427052780e-03 0.000000000000000000e+00 0.000000000000000000e+00 0.000000000000000000e+00 1.102535832414553406e-02 0.000000000000000000e+00 3.045685279187817195e-03 0.000000000000000000e+00 0.000000000000000000e+00 0.000000000000000000e+00 0.000000000000000000e+00 0.000000000000000000e+00 4.178272980501392662e-04 0.000000000000000000e+00 2.082899395959175205e-04 0.000000000000000000e+00 3.104808257111689278e-03 0.000000000000000000e+00 5.529870365334058242e-03 0.000000000000000000e+00 2.350176263219741458e-04 0.000000000000000000e+00 1.059883412824589363e-03 1.842299189388356710e-04 5.375059722885809979e-03 0.000000000000000000e+00 1.505343971097395685e-02 1.583531274742676256e-04 3.775411423039690129e-02 0.000000000000000000e+00 1.549646068490529924e-02 3.742514970059880467e-04 2.325315005727376927e-02 0.000000000000000000e+00 8.421823507872574013e-03 4.784688995215311143e-04 3.485535029627047777e-04 6.652661064425770092e-03 6.709597008724553502e-02 3.242703916188575518e-03 4.256916148402316302e-02 0.000000000000000000e+00 6.723442402510084771e-03 2.578981302385557721e-03 5.779334500875656783e-02 0.000000000000000000e+00 0.000000000000000000e+00 1.474926253687315614e-04 1.070717131474103502e-02 0.000000000000000000e+00 0.000000000000000000e+00 0.000000000000000000e+00 1.421346355074991352e-02 0.000000000000000000e+00 5.924170616113744528e-04 0.000000000000000000e+00 4.452690166975881506e-03 3.539823008849557581e-04 5.091649694501018501e-03 0.000000000000000000e+00 0.000000000000000000e+00 7.692307692307692735e-03 0.000000000000000000e+00 0.000000000000000000e+00 0.000000000000000000e+00 0.000000000000000000e+00 2.777777777777777884e-03 0.000000000000000000e+00 0.000000000000000000e+00 1.791472590469365684e-04 1.413760603204524107e-03 0.000000000000000000e+00 3.798670465337131760e-04 8.438818565400844039e-04 1.694915254237288086e-03 0.000000000000000000e+00 0.000000000000000000e+00 1.297016861219195795e-03 0.000000000000000000e+00 0.000000000000000000e+00 0.000000000000000000e+00 0.000000000000000000e+00 0.000000000000000000e+00
0.000000000000000000e+00 0.000000000000000000e+00 1.626549963530269927e-01 1.458789204959883316e-03 3.202042304886943969e-01 1.458789204959883316e-03 3.938730853391685105e-02 2.917578409919766632e-03 0.000000000000000000e+00 0.000000000000000000e+00 3.974562798092210109e-04 0.000000000000000000e+00 2.292075965946300045e-02 0.000000000000000000e+00 1.506849315068493067e-01 1.051524710830704489e-03 4.379242391066345743e-04 0.000000000000000000e+00 0.000000000000000000e+00 0.000000000000000000e+00 0.000000000000000000e+00 0.000000000000000000e+00 1.619245894055054442e-03 8.865248226950354395e-04 5.589714924538848224e-03 0.000000000000000000e+00 1.657458563535911620e-03 0.000000000000000000e+00 2.125721226844822561e-03 0.000000000000000000e+00 2.948609941027801294e-03 2.990175138829560125e-03 0.000000000000000000e+00 1.265342275085410643e-04 4.599816007359705571e-04 0.000000000000000000e+00 0.000000000000000000e+00 0.000000000000000000e+00 0.000000000000000000e+00 0.000000000000000000e+00 0.000000000000000000e+00 0.000000000000000000e+00 0.000000000000000000e+00 0.000000000000000000e+00 0.000000000000000000e+00 0.000000000000000000e+00 0.000000000000000000e+00 0.000000000000000000e+00 0.000000000000000000e+00 0.000000000000000000e+00 0.000000000000000000e+00 0.000000000000000000e+00 0.000000000000000000e+00 0.000000000000000000e+00 0.000000000000000000e+00 0.000000000000000000e+00 0.000000000000000000e+00 0.000000000000000000e+00 0.000000000000000000e+00 0.000000000000000000e+00 4.750593824228028497e-04 0.000000000000000000e+00 2.119991520033919841e-04 0.000000000000000000e+00 7.485029940119760933e-04 0.000000000000000000e+00 0.000000000000000000e+00 0.000000000000000000e+00 2.392344497607655572e-04 0.000000000000000000e+00 4.201680672268907381e-03 0.000000000000000000e+00 9.353953604390122939e-03 0.000000000000000000e+00 4.207573632538569308e-03 0.000000000000000000e+00 2.417794970986460526e-03 0.000000000000000000e+00 0.000000000000000000e+00 0.000000000000000000e+00 4.424778761061946841e-04 0.000000000000000000e+00 0.000000000000000000e+00 0.000000000000000000e+00 5.589090096132349160e-04 0.000000000000000000e+00 0.000000000000000000e+00 0.000000000000000000e+00 2.031694433157253080e-04 0.000000000000000000e+00 0.000000000000000000e+00 0.000000000000000000e+00 0.000000000000000000e+00 0.000000000000000000e+00 0.000000000000000000e+00 0.000000000000000000e+00 0.000000000000000000e+00 0.000000000000000000e+00 0.000000000000000000e+00 0.000000000000000000e+00 0.000000000000000000e+00 0.000000000000000000e+00 0.000000000000000000e+00 0.000000000000000000e+00 0.000000000000000000e+00 0.000000000000000000e+00 0.000000000000000000e+00 0.000000000000000000e+00 0.000000000000000000e+00 0.000000000000000000e+00 0.000000000000000000e+00 0.000000000000000000e+00 0.000000000000000000e+00 0.000000000000000000e+00 0.000000000000000000e+00 0.000000000000000000e+00
0.000000000000000000e+00 4.514672686230247929e-03 1.354401805869074465e-02 0.000000000000000000e+00 5.643340857787810562e-03 2.325056433408577983e-01 0.000000000000000000e+00 2.483069977426636404e-02 0.000000000000000000e+00 0.000000000000000000e+00 0.000000000000000000e+00 0.000000000000000000e+00 2.182929491377428503e-04 5.009227524387028369e-03 0.000000000000000000e+00 1.961093585699263953e-01 0.000000000000000000e+00 0.000000000000000000e+00 0.000000000000000000e+00 1.406667604445069634e-04 0.000000000000000000e+00 0.000000000000000000e+00 6.939625260235946988e-04 2.955082742316784798e-04 5.589714924538848658e-04 3.294892915980230687e-03 0.000000000000000000e+00 3.722084367245657565e-03 0.000000000000000000e+00 5.538631957906397021e-04 2.106149957877000677e-03 4.271678769756514387e-04 0.000000000000000000e+00 0.000000000000000000e+00 0.000000000000000000e+00 0.000000000000000000e+00 0.000000000000000000e+00 0.000000000000000000e+00 0.000000000000000000e+00 0.000000000000000000e+00 0.000000000000000000e+00 0.000000000000000000e+00 0.000000000000000000e+00 0.000000000000000000e+00 0.000000000000000000e+00 0.000000000000000000e+00 0.000000000000000000e+00 0.000000000000000000e+00 0.000000000000000000e+00 0.000000000000000000e+00 0.000000000000000000e+00 0.000000000000000000e+00 0.000000000000000000e+00 0.000000000000000000e+00 0.000000000000000000e+00 0.000000000000000000e+00 0.000000000000000000e+00 0.000000000000000000e+00 0.000000000000000000e+00 0.000000000000000000e+00 0.000000000000000000e+00 3.226847370119393277e-04 0.000000000000000000e+00 1.913143294432753042e-04 0.000000000000000000e+00 0.000000000000000000e+00 0.000000000000000000e+00 0.000000000000000000e+00 0.000000000000000000e+00 0.000000000000000000e+00 1.400560224089635866e-03 8.516825924387204372e-03 0.000000000000000000e+00 1.501179498177139179e-02 0.000000000000000000e+00 1.792917974002689475e-03 0.000000000000000000e+00 2.335084646818447185e-03 0.000000000000000000e+00 0.000000000000000000e+00 0.000000000000000000e+00 4.980079681274900312e-04 0.000000000000000000e+00 0.000000000000000000e+00 0.000000000000000000e+00 1.743983257760725472e-04 0.000000000000000000e+00 0.000000000000000000e+00 0.000000000000000000e+00 0.000000000000000000e+00 3.539823008849557581e-04 5.091649694501017851e-04 0.000000000000000000e+00 0.000000000000000000e+00 0.000000000000000000e+00 0.000000000000000000e+00 1.175088131609870702e-03 0.000000000000000000e+00 0.000000000000000000e+00 0.000000000000000000e+00 0.000000000000000000e+00 0.000000000000000000e+00 0.000000000000000000e+00 0.000000000000000000e+00 4.290004290004290045e-04 0.000000000000000000e+00 0.000000000000000000e+00 0.000000000000000000e+00 0.000000000000000000e+00 0.000000000000000000e+00 0.000000000000000000e+00 0.000000000000000000e+00 0.000000000000000000e+00 0.000000000000000000e+00 0.000000000000000000e+00 0.000000000000000000e+00
2.273449920508744115e-01 3.974562798092210109e-04 3.895071542130365549e-02 1.987281399046104784e-03 0.000000000000000000e+00 0.000000000000000000e+00 1.108903020667726530e-01 2.782193958664546697e-03 3.974562798092210109e-04 0.000000000000000000e+00 0.000000000000000000e+00 0.000000000000000000e+00 1.484392054136651484e-01 0.000000000000000000e+00 1.712328767123287576e-03 0.000000000000000000e+00 1.379461353185898811e-02 0.000000000000000000e+00 1.149131767109295120e-02 1.828667885778590416e-03 0.000000000000000000e+00 0.000000000000000000e+00 1.850566736062919269e-03 1.773049645390070879e-03 0.000000000000000000e+00 0.000000000000000000e+00 0.000000000000000000e+00 0.000000000000000000e+00 4.433647130276343468e-02 2.769315978953198511e-04 2.106149957877000677e-03 0.000000000000000000e+00 9.467903806097330548e-04 7.592053650512463857e-04 0.000000000000000000e+00 0.000000000000000000e+00 0.000000000000000000e+00 0.000000000000000000e+00 0.000000000000000000e+00 0.000000000000000000e+00 0.000000000000000000e+00 0.000000000000000000e+00 0.000000000000000000e+00 0.000000000000000000e+00 1.668891855807743611e-04 0.000000000000000000e+00 0.000000000000000000e+00 0.000000000000000000e+00 1.938360147315371085e-04 0.000000000000000000e+00 3.105590062111801357e-04 0.000000000000000000e+00 0.000000000000000000e+00 0.000000000000000000e+00 0.000000000000000000e+00 0.000000000000000000e+00 7.184966838614591060e-03 0.000000000000000000e+00 1.666666666666666611e-04 0.000000000000000000e+00 9.659540775930324646e-03 0.000000000000000000e+00 6.147975408098367567e-03 0.000000000000000000e+00 4.116766467065868622e-03 0.000000000000000000e+00 3.514938488576450134e-04 0.000000000000000000e+00 7.177033492822966444e-04 0.000000000000000000e+00 4.306722689075630217e-02 0.000000000000000000e+00 5.986530306809677814e-03 0.000000000000000000e+00 0.000000000000000000e+00 0.000000000000000000e+00 5.802707930367505089e-03 0.000000000000000000e+00 3.571428571428571317e-03 0.000000000000000000e+00 2.654867256637168105e-03 0.000000000000000000e+00 0.000000000000000000e+00 0.000000000000000000e+00 2.235636038452939664e-03 0.000000000000000000e+00 0.000000000000000000e+00 0.000000000000000000e+00 1.015847216578626621e-03 0.000000000000000000e+00 0.000000000000000000e+00 0.000000000000000000e+00 0.000000000000000000e+00 0.000000000000000000e+00 0.000000000000000000e+00 0.000000000000000000e+00 0.000000000000000000e+00 0.000000000000000000e+00 0.000000000000000000e+00 0.000000000000000000e+00 0.000000000000000000e+00 0.000000000000000000e+00 0.000000000000000000e+00 0.000000000000000000e+00 0.000000000000000000e+00 0.000000000000000000e+00 8.438818565400844039e-04 0.000000000000000000e+00 0.000000000000000000e+00 0.000000000000000000e+00 0.000000000000000000e+00 0.000000000000000000e+00 0.000000000000000000e+00 0.000000000000000000e+00 0.000000000000000000e+00 0.000000000000000000e+00
0.000000000000000000e+00 1.331220285261489750e-02 3.169572107765451785e-03 2.979397781299524678e-02 0.000000000000000000e+00 0.000000000000000000e+00 3.486529318541996963e-03 1.578446909667194920e-01 0.000000000000000000e+00 0.000000000000000000e+00 0.000000000000000000e+00 0.000000000000000000e+00 4.365858982754857007e-04 2.570524650672291189e-01 0.000000000000000000e+00 2.628811777076761440e-03 0.000000000000000000e+00 5.753923129406413733e-02 1.659856996935648536e-03 1.603601069067379231e-02 0.000000000000000000e+00 0.000000000000000000e+00 2.544529262086514185e-03 2.364066193853427839e-03 0.000000000000000000e+00 0.000000000000000000e+00 0.000000000000000000e+00 0.000000000000000000e+00 0.000000000000000000e+00 1.520354472445306082e-01 3.791069924178601478e-03 0.000000000000000000e+00 1.893580761219465947e-04 5.061369100341642571e-03 0.000000000000000000e+00 0.000000000000000000e+00 0.000000000000000000e+00 8.269018743109151194e-04 0.000000000000000000e+00 0.000000000000000000e+00 0.000000000000000000e+00 0.000000000000000000e+00 0.000000000000000000e+00 0.000000000000000000e+00 0.000000000000000000e+00 1.392757660167130978e-04 0.000000000000000000e+00 0.000000000000000000e+00 0.000000000000000000e+00 4.195686833934715240e-04 0.000000000000000000e+00 3.626144501858399221e-04 0.000000000000000000e+00 0.000000000000000000e+00 0.000000000000000000e+00 0.000000000000000000e+00 0.000000000000000000e+00 1.075011944577161996e-03 0.000000000000000000e+00 2.408550353755833408e-03 0.000000000000000000e+00 8.712487899322362769e-03 2.119991520033919841e-04 9.565716472163764833e-03 0.000000000000000000e+00 3.665521191294387159e-03 0.000000000000000000e+00 7.323324789454411761e-04 0.000000000000000000e+00 0.000000000000000000e+00 3.151260504201680752e-03 1.371001246364769374e-02 2.494387627837366117e-04 9.543212524126098995e-03 0.000000000000000000e+00 4.482294935006723687e-04 6.447453255963894302e-04 6.567425569176882708e-03 0.000000000000000000e+00 0.000000000000000000e+00 0.000000000000000000e+00 1.294820717131474168e-02 0.000000000000000000e+00 0.000000000000000000e+00 0.000000000000000000e+00 6.452738053714684140e-03 0.000000000000000000e+00 0.000000000000000000e+00 0.000000000000000000e+00 2.597402597402597400e-03 0.000000000000000000e+00 0.000000000000000000e+00 0.000000000000000000e+00 0.000000000000000000e+00 0.000000000000000000e+00 0.000000000000000000e+00 0.000000000000000000e+00 0.000000000000000000e+00 0.000000000000000000e+00 0.000000000000000000e+00 0.000000000000000000e+00 0.000000000000000000e+00 0.000000000000000000e+00 1.570845114671693332e-04 0.000000000000000000e+00 0.000000000000000000e+00 0.000000000000000000e+00 0.000000000000000000e+00 0.000000000000000000e+00 0.000000000000000000e+00 0.000000000000000000e+00 0.000000000000000000e+00 0.000000000000000000e+00 0.000000000000000000e+00 0.000000000000000000e+00 0.000000000000000000e+00
3.863785199738048459e-02 0.000000000000000000e+00 3.383540711635014270e-02 5.675616677581314488e-03 1.746343593101942803e-03 4.365858982754857007e-04 1.851124208688059436e-01 5.675616677581314488e-03 2.292075965946300045e-02 2.182929491377428503e-04 1.484392054136651484e-01 4.365858982754857007e-04 0.000000000000000000e+00 1.054574215660427196e-03 2.033390410958904049e-01 1.577287066246056734e-03 9.853295379899276729e-03 0.000000000000000000e+00 2.681307456588355627e-03 4.220002813335208902e-04 0.000000000000000000e+00 0.000000000000000000e+00 4.626416840157298281e-03 5.023640661938534591e-03 0.000000000000000000e+00 1.647446457990115343e-03 0.000000000000000000e+00 0.000000000000000000e+00 1.281506225326450032e-01 0.000000000000000000e+00 1.684919966301600541e-02 8.116189662537376739e-03 5.680742283658398112e-04 2.024547640136657028e-03 1.379944802207911780e-03 0.000000000000000000e+00 1.430103682516982444e-03 0.000000000000000000e+00 0.000000000000000000e+00 0.000000000000000000e+00 0.000000000000000000e+00 0.000000000000000000e+00 3.300330033003300370e-04 0.000000000000000000e+00 1.668891855807743611e-04 0.000000000000000000e+00 0.000000000000000000e+00 0.000000000000000000e+00 0.000000000000000000e+00 0.000000000000000000e+00 6.211180124223602715e-04 0.000000000000000000e+00 0.000000000000000000e+00 0.000000000000000000e+00 1.973554371422932806e-04 0.000000000000000000e+00 4.605747973470891883e-03 0.000000000000000000e+00 8.333333333333333868e-04 1.505343971097395880e-04 1.536025336500395841e-02 0.000000000000000000e+00 1.780792876828492591e-02 0.000000000000000000e+00 1.047904191616766401e-02 1.145475372279495987e-04 4.686584651435266665e-04 1.220554131575735384e-04 4.784688995215311143e-04 0.000000000000000000e+00 6.092436974789915832e-02 2.077274615704196063e-04 3.554502369668246370e-02 8.578168561012224254e-04 3.272557269752220718e-03 0.000000000000000000e+00 4.384268214055447865e-02 8.756567425569176943e-04 1.071428571428571438e-02 0.000000000000000000e+00 1.740412979351032424e-02 0.000000000000000000e+00 0.000000000000000000e+00 0.000000000000000000e+00 1.173708920187793367e-02 0.000000000000000000e+00 0.000000000000000000e+00 0.000000000000000000e+00 6.704591629418935571e-03 0.000000000000000000e+00 1.061946902654867329e-03 1.527494908350305464e-03 0.000000000000000000e+00 0.000000000000000000e+00 0.000000000000000000e+00 0.000000000000000000e+00 2.350176263219741404e-03 0.000000000000000000e+00 0.000000000000000000e+00 0.000000000000000000e+00 0.000000000000000000e+00 0.000000000000000000e+00 7.165890361877462738e-04 0.000000000000000000e+00 0.000000000000000000e+00 1.899335232668565880e-04 0.000000000000000000e+00 0.000000000000000000e+00 0.000000000000000000e+00 0.000000000000000000e+00 0.000000000000000000e+00 0.000000000000000000e+00 0.000000000000000000e+00 0.000000000000000000e+00 0.000000000000000000e+00 0.000000000000000000e+00
