0.000000000000000000e+00 5.102352581729300424e-02 5.081187010078387634e-02 9.314989968472341467e-03 1.034126163391933893e-03 0.000000000000000000e+00 2.420679357969391654e-01 1.189343482397716388e-02 2.717391304347826012e-03 0.000000000000000000e+00 1.499272197962154274e-01 4.149377593360995854e-03 1.428118057759441423e-02 6.846188954815153388e-04 2.626050420168067438e-03 0.000000000000000000e+00 6.696195935383011943e-02 5.913272010512483912e-03 6.718255364052057310e-02 3.592392580417938519e-02 0.000000000000000000e+00 0.000000000000000000e+00 1.340225923798583213e-03 0.000000000000000000e+00 0.000000000000000000e+00 0.000000000000000000e+00 0.000000000000000000e+00 0.000000000000000000e+00 3.881211408409291491e-02 4.360952700436094946e-03 2.915451895043731732e-03 3.318951211417192344e-04 4.663677130044843050e-02 1.547795938583457209e-02 0.000000000000000000e+00 1.313485113835376542e-03 5.421412300683371016e-02 2.958579881656804664e-03 5.070993914807302161e-03 0.000000000000000000e+00 0.000000000000000000e+00 2.380952380952380820e-02 0.000000000000000000e+00 0.000000000000000000e+00 9.624639076034649217e-04 0.000000000000000000e+00 0.000000000000000000e+00 0.000000000000000000e+00 4.468517264725795947e-03 0.000000000000000000e+00 2.609112709832134280e-02 2.027986209693774186e-04 0.000000000000000000e+00 0.000000000000000000e+00 2.690341673392520738e-03 0.000000000000000000e+00 1.839788732394366244e-01 4.211412929037692578e-03 5.816658911121452141e-02 8.633093525179856521e-04 6.438529784537389000e-02 0.000000000000000000e+00 1.048005409060175780e-02 0.000000000000000000e+00 6.432748538011695549e-02 4.077471967380224367e-04 1.111547011900091558e-02 6.222775357809583012e-04 1.051783659378596053e-01 6.402561024409764330e-03 7.197696737044145809e-02 1.004520341536916219e-03 4.440045248868778466e-02 5.739238927011852502e-03 1.368584758942457263e-02 1.204335608189482237e-03 2.574916759156492888e-02 8.888888888888888881e-03 0.000000000000000000e+00 0.000000000000000000e+00 2.050580997949419046e-03 0.000000000000000000e+00 0.000000000000000000e+00 0.000000000000000000e+00 1.515615431720759333e-02 0.000000000000000000e+00 0.000000000000000000e+00 0.000000000000000000e+00 8.763693270735523760e-03 0.000000000000000000e+00 0.000000000000000000e+00 5.238344683080146946e-04 0.000000000000000000e+00 0.000000000000000000e+00 5.339805825242718157e-02 0.000000000000000000e+00 6.224066390041493348e-03 0.000000000000000000e+00 9.225092250922508957e-04 0.000000000000000000e+00 0.000000000000000000e+00 0.000000000000000000e+00 3.102218085931441119e-04 0.000000000000000000e+00 1.768346595932802738e-03 0.000000000000000000e+00 0.000000000000000000e+00 0.000000000000000000e+00 0.000000000000000000e+00 0.000000000000000000e+00 0.000000000000000000e+00 0.000000000000000000e+00 0.000000000000000000e+00 0.000000000000000000e+00 0.000000000000000000e+00 0.000000000000000000e+00
5.102352581729300424e-02 0.000000000000000000e+00 1.959686450167973191e-03 5.015763829177414396e-02 0.000000000000000000e+00 0.000000000000000000e+00 7.465472191116088140e-04 1.019663812242308926e-01 0.000000000000000000e+00 7.766990291262135596e-03 7.278020378457060024e-04 2.681136291094797161e-02 0.000000000000000000e+00 8.671839342765859729e-03 0.000000000000000000e+00 4.891969017529555416e-03 2.344971339239187037e-03 8.848007008322382461e-02 1.952163207879000981e-02 5.776003756750410639e-02 0.000000000000000000e+00 0.000000000000000000e+00 0.000000000000000000e+00 0.000000000000000000e+00 0.000000000000000000e+00 0.000000000000000000e+00 0.000000000000000000e+00 0.000000000000000000e+00 2.058218171126139414e-03 3.522307950352230460e-02 4.859086491739552705e-04 6.637902422834384688e-04 1.255605381165919229e-02 1.461119366022783569e-02 1.106806862202545580e-03 0.000000000000000000e+00 4.100227790432802236e-03 8.251150558842866578e-02 0.000000000000000000e+00 0.000000000000000000e+00 0.000000000000000000e+00 1.071428571428571369e-01 0.000000000000000000e+00 0.000000000000000000e+00 1.924927815206929681e-04 8.163265306122449282e-04 0.000000000000000000e+00 2.493143854400399029e-04 0.000000000000000000e+00 2.860472507680898377e-03 9.592326139088728414e-05 7.706347596836341310e-03 0.000000000000000000e+00 5.096839959225280730e-04 0.000000000000000000e+00 1.945052273279844349e-03 4.694835680751173815e-03 1.789850494841019046e-01 0.000000000000000000e+00 8.201438848920863944e-02 5.069708491761723383e-04 5.493998153277931951e-02 3.380662609871534774e-04 8.864151721294578554e-03 4.498425551057130172e-04 4.403669724770642446e-02 7.846214201647704837e-04 9.800871188550093135e-03 3.452243958573072286e-02 1.232492997198879614e-01 1.919385796545105497e-03 3.139126067302863005e-02 3.817873303167420695e-03 6.862133499688084781e-02 2.177293934681182128e-03 1.686069851465275132e-02 9.100998890122086182e-03 5.623931623931623797e-02 0.000000000000000000e+00 0.000000000000000000e+00 3.417634996582365257e-04 7.363770250368188372e-04 0.000000000000000000e+00 0.000000000000000000e+00 0.000000000000000000e+00 1.465252581635500921e-02 0.000000000000000000e+00 1.589825119236884044e-03 0.000000000000000000e+00 4.758814622539476666e-03 2.609603340292275314e-04 1.571503404924044084e-03 0.000000000000000000e+00 2.304147465437788016e-03 1.456310679611650533e-02 2.608695652173912971e-01 0.000000000000000000e+00 0.000000000000000000e+00 1.845018450184501791e-03 3.463203463203463200e-03 0.000000000000000000e+00 0.000000000000000000e+00 1.551109042965720559e-04 9.494872768704899118e-04 8.841732979664013690e-04 3.824091778202676835e-04 9.496676163342830483e-04 1.503759398496240692e-03 0.000000000000000000e+00 0.000000000000000000e+00 0.000000000000000000e+00 0.000000000000000000e+00 0.000000000000000000e+00 6.915629322268326785e-04 0.000000000000000000e+00 0.000000000000000000e+00
5.081187010078387634e-02 1.959686450167973191e-03 0.000000000000000000e+00 4.585841215247922140e-03 6.652878317821440957e-02 4.502660663119115517e-03 1.724524076147816443e-01 1.902949571836346290e-02 3.423913043478260532e-02 1.553398058252427119e-02 6.259097525473071577e-02 5.106926268751994964e-03 9.774674706442398886e-02 8.900045641259698645e-03 7.142857142857142461e-02 1.916021198532409306e-02 1.719645648775403740e-02 2.190100744634253130e-04 1.447414702778754836e-01 3.052359708851843257e-03 2.061855670103092831e-03 0.000000000000000000e+00 3.065288148573616644e-01 8.632138114209826629e-03 6.354166666666666297e-02 0.000000000000000000e+00 3.263157894736842118e-02 1.253918495297805724e-03 2.675683622463981282e-02 1.677289500167728842e-03 5.782312925170068202e-02 2.057749751078659026e-02 1.219730941704035877e-02 7.305596830113917847e-03 4.427227448810182320e-03 0.000000000000000000e+00 1.275626423690204986e-02 0.000000000000000000e+00 0.000000000000000000e+00 0.000000000000000000e+00 0.000000000000000000e+00 0.000000000000000000e+00 0.000000000000000000e+00 0.000000000000000000e+00 3.849855630413859362e-04 0.000000000000000000e+00 2.480774001488464343e-04 0.000000000000000000e+00 2.979011509817196864e-03 0.000000000000000000e+00 6.906474820143885217e-03 0.000000000000000000e+00 0.000000000000000000e+00 0.000000000000000000e+00 1.076136669357008295e-03 0.000000000000000000e+00 3.227699530516432106e-03 0.000000000000000000e+00 1.721731037691949864e-02 0.000000000000000000e+00 1.013941698352344677e-03 0.000000000000000000e+00 1.014198782961460432e-03 0.000000000000000000e+00 6.747638326585695366e-03 0.000000000000000000e+00 2.497711520857852710e-02 1.555693839452395753e-04 5.523590333716916177e-03 0.000000000000000000e+00 3.790786948176583238e-02 1.506780512305374220e-03 7.847850678733031549e-02 3.618215845290081133e-03 4.541213063763607782e-02 2.007226013649136918e-03 5.593784683684794451e-02 3.931623931623932054e-03 8.695652173913043584e-03 0.000000000000000000e+00 1.708817498291182466e-03 0.000000000000000000e+00 0.000000000000000000e+00 0.000000000000000000e+00 4.439681567666870984e-03 2.790957298353335361e-04 0.000000000000000000e+00 0.000000000000000000e+00 1.564945226917057938e-03 0.000000000000000000e+00 5.219206680584550628e-04 0.000000000000000000e+00 0.000000000000000000e+00 0.000000000000000000e+00 2.427184466019417439e-02 0.000000000000000000e+00 4.149377593360995854e-03 0.000000000000000000e+00 0.000000000000000000e+00 0.000000000000000000e+00 0.000000000000000000e+00 0.000000000000000000e+00 0.000000000000000000e+00 0.000000000000000000e+00 8.841732979664013690e-04 0.000000000000000000e+00 0.000000000000000000e+00 0.000000000000000000e+00 0.000000000000000000e+00 0.000000000000000000e+00 0.000000000000000000e+00 0.000000000000000000e+00 0.000000000000000000e+00 0.000000000000000000e+00 0.000000000000000000e+00 0.000000000000000000e+00
9.314989968472341467e-03 5.015763829177414396e-02 4.585841215247922140e-03 0.000000000000000000e+00 5.170630816959669029e-03 9.005321326238231727e-02 9.891750653228816026e-03 1.449413257215350359e-01 3.260869565217391127e-03 2.135922330097087332e-02 4.366812227074235581e-03 5.681455473986594257e-02 1.142494446207553173e-02 3.696942035600182808e-02 5.252100840336134877e-03 5.177333876885446134e-02 1.302761855132881759e-03 1.839684625492772618e-02 8.969398522687301381e-03 1.721061281991077829e-01 0.000000000000000000e+00 0.000000000000000000e+00 1.206203331418724892e-02 3.286852589641434119e-01 4.166666666666666609e-03 5.990016638935108384e-02 5.263157894736841987e-04 1.379310344827586188e-02 2.058218171126139414e-03 3.019121100301912219e-02 7.774538386783284329e-03 8.230999004314636103e-02 6.636771300448430534e-03 1.956414066369489835e-02 0.000000000000000000e+00 2.189141856392294236e-03 4.555808656036446688e-04 1.150558842866535210e-02 0.000000000000000000e+00 0.000000000000000000e+00 0.000000000000000000e+00 2.380952380952380820e-02 0.000000000000000000e+00 0.000000000000000000e+00 0.000000000000000000e+00 0.000000000000000000e+00 0.000000000000000000e+00 0.000000000000000000e+00 0.000000000000000000e+00 1.059434262104036548e-03 9.592326139088728414e-05 1.013993104846886957e-03 0.000000000000000000e+00 0.000000000000000000e+00 0.000000000000000000e+00 0.000000000000000000e+00 5.868544600938967268e-04 2.316277110970730701e-03 0.000000000000000000e+00 6.330935251798561376e-03 0.000000000000000000e+00 9.233610341643582299e-04 3.380662609871534774e-04 6.184291898577613323e-04 4.498425551057130172e-04 2.650356778797145676e-03 1.307702366941284049e-04 9.023024268823894717e-03 9.205983889528192906e-04 2.400960384153661299e-03 3.838771593090210994e-03 4.043194374686087667e-02 2.545248868778280608e-03 7.510917030567686170e-02 1.244167962674961030e-03 1.846647932557205982e-02 2.663706992230854397e-03 7.435897435897435848e-02 0.000000000000000000e+00 0.000000000000000000e+00 3.417634996582365257e-04 1.104565537555228256e-03 0.000000000000000000e+00 0.000000000000000000e+00 1.530924678505817525e-04 1.395478649176667627e-03 0.000000000000000000e+00 0.000000000000000000e+00 0.000000000000000000e+00 6.489292667099285771e-04 0.000000000000000000e+00 1.047668936616029389e-03 0.000000000000000000e+00 1.152073732718894008e-03 4.854368932038834530e-03 8.695652173913043237e-02 1.037344398340248964e-03 0.000000000000000000e+00 0.000000000000000000e+00 8.658008658008658001e-04 0.000000000000000000e+00 0.000000000000000000e+00 4.653327128897161678e-04 3.797949107481959647e-04 4.420866489832006845e-04 0.000000000000000000e+00 1.899335232668566097e-03 0.000000000000000000e+00 0.000000000000000000e+00 0.000000000000000000e+00 0.000000000000000000e+00 0.000000000000000000e+00 0.000000000000000000e+00 0.000000000000000000e+00 0.000000000000000000e+00 0.000000000000000000e+00
1.034126163391933893e-03 0.000000000000000000e+00 6.652878317821440957e-02 5.170630816959669029e-03 0.000000000000000000e+00 1.227998362668849749e-02 7.465472191116088140e-04 7.928956549318109904e-04 5.820652173913043459e-01 2.330097087378640852e-02 0.000000000000000000e+00 0.000000000000000000e+00 2.538876547127895747e-03 2.282062984938384282e-04 2.694327731092436840e-01 1.141459437423563046e-02 0.000000000000000000e+00 0.000000000000000000e+00 1.758705592683784701e-04 0.000000000000000000e+00 1.237113402061855612e-02 0.000000000000000000e+00 1.646563277809687947e-02 5.976095617529880374e-03 1.906249999999999889e-01 1.996672212978369346e-02 1.636842105263157932e-01 6.896551724137930939e-03 3.822405174948544440e-03 0.000000000000000000e+00 2.866861030126336210e-02 9.956853634251576490e-03 5.381165919282511478e-04 6.191183754333828317e-04 1.106806862202545580e-03 0.000000000000000000e+00 0.000000000000000000e+00 0.000000000000000000e+00 0.000000000000000000e+00 0.000000000000000000e+00 0.000000000000000000e+00 0.000000000000000000e+00 0.000000000000000000e+00 0.000000000000000000e+00 0.000000000000000000e+00 0.000000000000000000e+00 2.480774001488464343e-04 0.000000000000000000e+00 1.354096140825998649e-04 0.000000000000000000e+00 9.592326139088728414e-05 0.000000000000000000e+00 0.000000000000000000e+00 0.000000000000000000e+00 5.380683346785041475e-04 0.000000000000000000e+00 5.868544600938967268e-04 0.000000000000000000e+00 2.326663564448580839e-04 0.000000000000000000e+00 0.000000000000000000e+00 0.000000000000000000e+00 0.000000000000000000e+00 0.000000000000000000e+00 4.498425551057130172e-04 0.000000000000000000e+00 0.000000000000000000e+00 0.000000000000000000e+00 6.904487917146145222e-04 0.000000000000000000e+00 2.783109404990402949e-02 1.255650426921145219e-03 2.163461538461538408e-02 7.485963817841546648e-04 1.244167962674961030e-03 0.000000000000000000e+00 3.107658157602663680e-03 1.709401709401709400e-04 0.000000000000000000e+00 0.000000000000000000e+00 0.000000000000000000e+00 0.000000000000000000e+00 6.289308176100629269e-03 0.000000000000000000e+00 2.602571953459889738e-03 0.000000000000000000e+00 2.369668246445497811e-03 0.000000000000000000e+00 1.564945226917057938e-03 0.000000000000000000e+00 0.000000000000000000e+00 0.000000000000000000e+00 0.000000000000000000e+00 0.000000000000000000e+00 0.000000000000000000e+00 0.000000000000000000e+00 0.000000000000000000e+00 0.000000000000000000e+00 0.000000000000000000e+00 0.000000000000000000e+00 0.000000000000000000e+00 0.000000000000000000e+00 0.000000000000000000e+00 0.000000000000000000e+00 0.000000000000000000e+00 0.000000000000000000e+00 0.000000000000000000e+00 0.000000000000000000e+00 0.000000000000000000e+00 0.000000000000000000e+00 0.000000000000000000e+00 0.000000000000000000e+00 0.000000000000000000e+00 0.000000000000000000e+00 0.000000000000000000e+00 0.000000000000000000e+00
0.000000000000000000e+00 0.000000000000000000e+00 4.502660663119115517e-03 9.005321326238231727e-02 1.227998362668849749e-02 0.000000000000000000e+00 0.000000000000000000e+00 1.110053916904535322e-03 3.260869565217391127e-03 4.349514563106796072e-01 0.000000000000000000e+00 3.191828917969996853e-04 9.520787051729610135e-04 6.846188954815153388e-04 3.151260504201680752e-03 9.050142682429677954e-02 0.000000000000000000e+00 0.000000000000000000e+00 1.758705592683784701e-04 1.173984503404555088e-04 6.185567010309278059e-03 1.158536585365853716e-01 3.637756078881868721e-03 3.552456839309429265e-02 2.187499999999999861e-02 4.242928452579035059e-01 3.684210526315789391e-03 4.978056426332288509e-01 0.000000000000000000e+00 1.107011070110701031e-02 2.089407191448007864e-02 3.086624626617988712e-02 0.000000000000000000e+00 2.724120851906884459e-03 0.000000000000000000e+00 0.000000000000000000e+00 0.000000000000000000e+00 3.287310979618672090e-04 0.000000000000000000e+00 0.000000000000000000e+00 0.000000000000000000e+00 0.000000000000000000e+00 1.475143826523086133e-04 0.000000000000000000e+00 0.000000000000000000e+00 0.000000000000000000e+00 0.000000000000000000e+00 2.493143854400399029e-04 0.000000000000000000e+00 0.000000000000000000e+00 0.000000000000000000e+00 1.013993104846887093e-04 0.000000000000000000e+00 0.000000000000000000e+00 0.000000000000000000e+00 0.000000000000000000e+00 0.000000000000000000e+00 0.000000000000000000e+00 0.000000000000000000e+00 0.000000000000000000e+00 0.000000000000000000e+00 0.000000000000000000e+00 0.000000000000000000e+00 0.000000000000000000e+00 0.000000000000000000e+00 0.000000000000000000e+00 1.307702366941284049e-04 4.667081518357187259e-04 0.000000000000000000e+00 4.001600640256102706e-04 1.439539347408829231e-03 3.264691109994977136e-02 9.898190045248868307e-04 1.472239550842170848e-02 0.000000000000000000e+00 2.810116419108791598e-03 0.000000000000000000e+00 1.025641025641025640e-03 0.000000000000000000e+00 0.000000000000000000e+00 0.000000000000000000e+00 0.000000000000000000e+00 0.000000000000000000e+00 0.000000000000000000e+00 0.000000000000000000e+00 6.977393245883338133e-04 0.000000000000000000e+00 1.589825119236884044e-03 0.000000000000000000e+00 1.297858533419857154e-03 0.000000000000000000e+00 0.000000000000000000e+00 0.000000000000000000e+00 0.000000000000000000e+00 0.000000000000000000e+00 0.000000000000000000e+00 0.000000000000000000e+00 0.000000000000000000e+00 0.000000000000000000e+00 0.000000000000000000e+00 0.000000000000000000e+00 0.000000000000000000e+00 0.000000000000000000e+00 0.000000000000000000e+00 0.000000000000000000e+00 0.000000000000000000e+00 0.000000000000000000e+00 0.000000000000000000e+00 0.000000000000000000e+00 0.000000000000000000e+00 0.000000000000000000e+00 0.000000000000000000e+00 0.000000000000000000e+00 0.000000000000000000e+00 0.000000000000000000e+00 0.000000000000000000e+00
2.420679357969391654e-01 7.465472191116088140e-04 1.724524076147816443e-01 9.891750653228816026e-03 7.465472191116088140e-04 0.000000000000000000e+00 0.000000000000000000e+00 2.759276879162702104e-02 3.967391304347826081e-02 0.000000000000000000e+00 2.350800582241630299e-01 1.691669326524098196e-02 1.964455728340209484e-01 8.671839342765859729e-03 1.995798319327730941e-02 2.445984508764777708e-03 5.211047420531526387e-04 4.380201489268506260e-04 1.371790362293352078e-02 7.748297722470063285e-03 0.000000000000000000e+00 0.000000000000000000e+00 9.190120620333142032e-03 8.300132802124833564e-03 0.000000000000000000e+00 0.000000000000000000e+00 5.263157894736841987e-04 0.000000000000000000e+00 1.293737136136430439e-02 4.360952700436094946e-03 1.311953352769679344e-02 2.057749751078659026e-02 7.892376681614349590e-03 1.238236750866765663e-02 1.106806862202545580e-03 0.000000000000000000e+00 1.822323462414578675e-03 0.000000000000000000e+00 0.000000000000000000e+00 0.000000000000000000e+00 0.000000000000000000e+00 0.000000000000000000e+00 0.000000000000000000e+00 0.000000000000000000e+00 5.774783445620789313e-04 0.000000000000000000e+00 0.000000000000000000e+00 0.000000000000000000e+00 2.437373053486797513e-03 0.000000000000000000e+00 1.035971223021582739e-02 0.000000000000000000e+00 0.000000000000000000e+00 0.000000000000000000e+00 1.076136669357008295e-03 0.000000000000000000e+00 4.107981220657277305e-03 0.000000000000000000e+00 6.514657980456026350e-03 0.000000000000000000e+00 1.140684410646387870e-02 0.000000000000000000e+00 1.690331304935767387e-03 0.000000000000000000e+00 2.271704903283850580e-02 0.000000000000000000e+00 3.661566627435595446e-03 1.555693839452395753e-04 9.205983889528192906e-04 0.000000000000000000e+00 5.230326295585412816e-02 2.260170768458061221e-03 1.046380090497737482e-02 6.986899563318777449e-03 2.799377916018662427e-03 2.408671216378964475e-03 1.908990011098779180e-02 7.863247863247864108e-03 0.000000000000000000e+00 0.000000000000000000e+00 4.101161995898838092e-03 0.000000000000000000e+00 0.000000000000000000e+00 0.000000000000000000e+00 1.837109614206981073e-02 0.000000000000000000e+00 0.000000000000000000e+00 0.000000000000000000e+00 6.885758998435054755e-03 0.000000000000000000e+00 0.000000000000000000e+00 0.000000000000000000e+00 0.000000000000000000e+00 0.000000000000000000e+00 0.000000000000000000e+00 0.000000000000000000e+00 2.074688796680497927e-03 0.000000000000000000e+00 9.225092250922508957e-04 0.000000000000000000e+00 0.000000000000000000e+00 0.000000000000000000e+00 0.000000000000000000e+00 0.000000000000000000e+00 0.000000000000000000e+00 0.000000000000000000e+00 0.000000000000000000e+00 0.000000000000000000e+00 0.000000000000000000e+00 0.000000000000000000e+00 0.000000000000000000e+00 0.000000000000000000e+00 0.000000000000000000e+00 0.000000000000000000e+00 0.000000000000000000e+00 0.000000000000000000e+00
1.189343482397716388e-02 1.019663812242308926e-01 1.902949571836346290e-02 1.449413257215350359e-01 7.928956549318109904e-04 1.110053916904535322e-03 2.759276879162702104e-02 0.000000000000000000e+00 2.717391304347826012e-03 1.436893203883495007e-01 9.461426491994178248e-03 1.305458027449728775e-01 1.682005712472231171e-02 3.263350068461889353e-01 4.726890756302520695e-03 6.033428454953118636e-02 2.866076081292339567e-03 5.694261936049058517e-03 1.881814984171649788e-02 1.784456445174923550e-02 0.000000000000000000e+00 0.000000000000000000e+00 1.799731954815240315e-02 1.992031872509960125e-02 0.000000000000000000e+00 0.000000000000000000e+00 0.000000000000000000e+00 0.000000000000000000e+00 6.468685680682152196e-03 1.677289500167728972e-02 5.344995140913508247e-03 1.095253899767673414e-02 5.560538116591928239e-03 8.048538880633976378e-03 0.000000000000000000e+00 2.189141856392294236e-03 9.111617312072893375e-04 6.574621959237344181e-04 0.000000000000000000e+00 1.119820828667413221e-03 0.000000000000000000e+00 0.000000000000000000e+00 0.000000000000000000e+00 0.000000000000000000e+00 0.000000000000000000e+00 8.163265306122449282e-04 0.000000000000000000e+00 0.000000000000000000e+00 0.000000000000000000e+00 3.708019917364127702e-03 1.918465227817745683e-04 4.765767592780368808e-03 0.000000000000000000e+00 0.000000000000000000e+00 0.000000000000000000e+00 1.458789204959883316e-03 0.000000000000000000e+00 1.831964624131396033e-02 0.000000000000000000e+00 3.453237410071942608e-03 0.000000000000000000e+00 1.892890120036934409e-02 1.014198782961460432e-03 1.030715316429602112e-03 6.747638326585694716e-04 2.242609582059123391e-02 9.153916568588988615e-04 2.489110143123833205e-03 0.000000000000000000e+00 4.001600640256102706e-04 6.717850287907869457e-03 9.693621295831240936e-02 6.928733031674207815e-03 3.830318153462258096e-02 3.732503888024883525e-03 7.226013649136892557e-03 8.879023307436182191e-03 2.358974358974359059e-02 0.000000000000000000e+00 0.000000000000000000e+00 3.417634996582365257e-04 2.945508100147275349e-03 0.000000000000000000e+00 0.000000000000000000e+00 4.592774035517452574e-04 2.204856265699134746e-02 0.000000000000000000e+00 1.589825119236884044e-03 0.000000000000000000e+00 4.758814622539476666e-03 0.000000000000000000e+00 0.000000000000000000e+00 0.000000000000000000e+00 0.000000000000000000e+00 4.854368932038834530e-03 0.000000000000000000e+00 0.000000000000000000e+00 0.000000000000000000e+00 1.845018450184501791e-03 8.658008658008658001e-04 0.000000000000000000e+00 0.000000000000000000e+00 1.551109042965720559e-04 0.000000000000000000e+00 0.000000000000000000e+00 0.000000000000000000e+00 0.000000000000000000e+00 0.000000000000000000e+00 0.000000000000000000e+00 0.000000000000000000e+00 0.000000000000000000e+00 0.000000000000000000e+00 0.000000000000000000e+00 0.000000000000000000e+00 0.000000000000000000e+00 0.000000000000000000e+00
2.717391304347826012e-03 0.000000000000000000e+00 3.423913043478260532e-02 3.260869565217391127e-03 5.820652173913043459e-01 3.260869565217391127e-03 3.967391304347826081e-02 2.717391304347826012e-03 0.000000000000000000e+00 1.941747572815533899e-03 7.278020378457060024e-04 0.000000000000000000e+00 3.808314820691844054e-03 4.564125969876768564e-04 2.400210084033613522e-01 4.891969017529555416e-03 0.000000000000000000e+00 0.000000000000000000e+00 0.000000000000000000e+00 0.000000000000000000e+00 2.061855670103092831e-03 0.000000000000000000e+00 7.658433850277618360e-04 1.992031872509960125e-03 2.083333333333333304e-03 1.663893510815307860e-03 2.105263157894736795e-03 0.000000000000000000e+00 1.470155836518671072e-03 0.000000000000000000e+00 2.915451895043731732e-03 2.323265847992034370e-03 3.587443946188340624e-04 0.000000000000000000e+00 0.000000000000000000e+00 0.000000000000000000e+00 4.555808656036446688e-04 0.000000000000000000e+00 0.000000000000000000e+00 0.000000000000000000e+00 0.000000000000000000e+00 0.000000000000000000e+00 0.000000000000000000e+00 0.000000000000000000e+00 0.000000000000000000e+00 0.000000000000000000e+00 0.000000000000000000e+00 0.000000000000000000e+00 0.000000000000000000e+00 0.000000000000000000e+00 9.592326139088728414e-05 0.000000000000000000e+00 0.000000000000000000e+00 0.000000000000000000e+00 0.000000000000000000e+00 0.000000000000000000e+00 0.000000000000000000e+00 0.000000000000000000e+00 0.000000000000000000e+00 0.000000000000000000e+00 0.000000000000000000e+00 0.000000000000000000e+00 0.000000000000000000e+00 0.000000000000000000e+00 1.799370220422852069e-03 0.000000000000000000e+00 1.307702366941284049e-04 0.000000000000000000e+00 4.602991944764096453e-04 0.000000000000000000e+00 3.358925143953934728e-03 0.000000000000000000e+00 5.797511312217194790e-03 3.742981908920773324e-04 3.110419906687402576e-04 0.000000000000000000e+00 1.775804661487236482e-03 3.418803418803418800e-04 0.000000000000000000e+00 0.000000000000000000e+00 0.000000000000000000e+00 0.000000000000000000e+00 0.000000000000000000e+00 0.000000000000000000e+00 1.530924678505817416e-03 0.000000000000000000e+00 0.000000000000000000e+00 0.000000000000000000e+00 6.259780907668231103e-04 0.000000000000000000e+00 0.000000000000000000e+00 0.000000000000000000e+00 0.000000000000000000e+00 0.000000000000000000e+00 0.000000000000000000e+00 0.000000000000000000e+00 0.000000000000000000e+00 0.000000000000000000e+00 0.000000000000000000e+00 0.000000000000000000e+00 0.000000000000000000e+00 0.000000000000000000e+00 0.000000000000000000e+00 0.000000000000000000e+00 0.000000000000000000e+00 0.000000000000000000e+00 0.000000000000000000e+00 0.000000000000000000e+00 0.000000000000000000e+00 0.000000000000000000e+00 0.000000000000000000e+00 0.000000000000000000e+00 0.000000000000000000e+00 0.000000000000000000e+00 0.000000000000000000e+00 0.000000000000000000e+00
0.000000000000000000e+00 7.766990291262135596e-03 1.553398058252427119e-02 2.135922330097087332e-02 2.330097087378640852e-02 4.349514563106796072e-01 0.000000000000000000e+00 1.436893203883495007e-01 1.941747572815533899e-03 0.000000000000000000e+00 0.000000000000000000e+00 3.191828917969996853e-04 3.173595683909869684e-04 1.141031492469192195e-03 1.575630252100840376e-03 3.383611903791276104e-02 0.000000000000000000e+00 0.000000000000000000e+00 1.758705592683784701e-04 0.000000000000000000e+00 0.000000000000000000e+00 0.000000000000000000e+00 1.723147616312464131e-03 3.320053120849933361e-04 7.291666666666666782e-03 0.000000000000000000e+00 0.000000000000000000e+00 3.134796238244513984e-03 0.000000000000000000e+00 0.000000000000000000e+00 2.429543245869776515e-03 3.982741453700630596e-03 0.000000000000000000e+00 0.000000000000000000e+00 0.000000000000000000e+00 0.000000000000000000e+00 0.000000000000000000e+00 0.000000000000000000e+00 0.000000000000000000e+00 1.119820828667413221e-03 0.000000000000000000e+00 0.000000000000000000e+00 0.000000000000000000e+00 1.240694789081885855e-04 0.000000000000000000e+00 0.000000000000000000e+00 0.000000000000000000e+00 0.000000000000000000e+00 0.000000000000000000e+00 1.059434262104036386e-04 0.000000000000000000e+00 0.000000000000000000e+00 0.000000000000000000e+00 0.000000000000000000e+00 0.000000000000000000e+00 0.000000000000000000e+00 0.000000000000000000e+00 0.000000000000000000e+00 0.000000000000000000e+00 0.000000000000000000e+00 0.000000000000000000e+00 0.000000000000000000e+00 0.000000000000000000e+00 2.061430632859204170e-04 0.000000000000000000e+00 0.000000000000000000e+00 0.000000000000000000e+00 0.000000000000000000e+00 0.000000000000000000e+00 0.000000000000000000e+00 9.596928982725527486e-04 7.533902561526871098e-04 4.242081447963801013e-04 2.994385527136618659e-03 0.000000000000000000e+00 8.028904054596547888e-04 0.000000000000000000e+00 1.025641025641025640e-03 0.000000000000000000e+00 0.000000000000000000e+00 0.000000000000000000e+00 0.000000000000000000e+00 0.000000000000000000e+00 0.000000000000000000e+00 0.000000000000000000e+00 2.790957298353335361e-04 0.000000000000000000e+00 0.000000000000000000e+00 0.000000000000000000e+00 0.000000000000000000e+00 2.609603340292275314e-04 0.000000000000000000e+00 0.000000000000000000e+00 0.000000000000000000e+00 4.854368932038834530e-03 0.000000000000000000e+00 0.000000000000000000e+00 0.000000000000000000e+00 0.000000000000000000e+00 0.000000000000000000e+00 0.000000000000000000e+00 0.000000000000000000e+00 0.000000000000000000e+00 0.000000000000000000e+00 0.000000000000000000e+00 0.000000000000000000e+00 0.000000000000000000e+00 0.000000000000000000e+00 0.000000000000000000e+00 0.000000000000000000e+00 0.000000000000000000e+00 0.000000000000000000e+00 0.000000000000000000e+00 0.000000000000000000e+00 0.000000000000000000e+00 0.000000000000000000e+00
1.499272197962154274e-01 7.278020378457060024e-04 6.259097525473071577e-02 4.366812227074235581e-03 0.000000000000000000e+00 0.000000000000000000e+00 2.350800582241630299e-01 9.461426491994178248e-03 7.278020378457060024e-04 0.000000000000000000e+00 0.000000000000000000e+00 2.872646026172997330e-03 1.577277054903205300e-01 1.141031492469192195e-03 5.252100840336134226e-04 4.076640847941296361e-04 3.309015112037519413e-02 0.000000000000000000e+00 2.479774885684136315e-02 2.230570556468654438e-03 0.000000000000000000e+00 0.000000000000000000e+00 6.892590465249856524e-03 1.660026560424966843e-03 0.000000000000000000e+00 0.000000000000000000e+00 0.000000000000000000e+00 0.000000000000000000e+00 2.087621287856512853e-02 1.677289500167728842e-03 6.802721088435373896e-03 0.000000000000000000e+00 6.636771300448430534e-03 3.590886577513620424e-03 3.873824017708909963e-03 4.378283712784588472e-04 9.111617312072893375e-04 0.000000000000000000e+00 3.042596348884381297e-03 0.000000000000000000e+00 0.000000000000000000e+00 0.000000000000000000e+00 0.000000000000000000e+00 0.000000000000000000e+00 0.000000000000000000e+00 0.000000000000000000e+00 0.000000000000000000e+00 0.000000000000000000e+00 1.354096140825998649e-04 0.000000000000000000e+00 2.781774580335731606e-03 1.013993104846887093e-04 0.000000000000000000e+00 0.000000000000000000e+00 2.690341673392520738e-04 0.000000000000000000e+00 9.976525821596244140e-03 0.000000000000000000e+00 3.722661703117729343e-03 0.000000000000000000e+00 2.408111533586818759e-02 0.000000000000000000e+00 4.732927653820148683e-03 0.000000000000000000e+00 2.384165542060278850e-02 0.000000000000000000e+00 5.623120177847521980e-03 0.000000000000000000e+00 6.904487917146145222e-04 0.000000000000000000e+00 1.439539347408829231e-03 5.022601707684581094e-04 2.686651583710407236e-03 1.122894572676232106e-03 3.110419906687402576e-04 0.000000000000000000e+00 8.879023307436182408e-04 1.025641025641025640e-03 0.000000000000000000e+00 0.000000000000000000e+00 0.000000000000000000e+00 0.000000000000000000e+00 0.000000000000000000e+00 0.000000000000000000e+00 1.041028781383955895e-02 0.000000000000000000e+00 0.000000000000000000e+00 0.000000000000000000e+00 3.442879499217527377e-03 0.000000000000000000e+00 0.000000000000000000e+00 0.000000000000000000e+00 0.000000000000000000e+00 0.000000000000000000e+00 0.000000000000000000e+00 0.000000000000000000e+00 0.000000000000000000e+00 0.000000000000000000e+00 0.000000000000000000e+00 0.000000000000000000e+00 0.000000000000000000e+00 0.000000000000000000e+00 0.000000000000000000e+00 0.000000000000000000e+00 0.000000000000000000e+00 0.000000000000000000e+00 0.000000000000000000e+00 0.000000000000000000e+00 0.000000000000000000e+00 0.000000000000000000e+00 0.000000000000000000e+00 0.000000000000000000e+00 0.000000000000000000e+00 0.000000000000000000e+00 0.000000000000000000e+00 0.000000000000000000e+00
4.149377593360995854e-03 2.681136291094797161e-02 5.106926268751994964e-03 5.681455473986594257e-02 0.000000000000000000e+00 3.191828917969996853e-04 1.691669326524098196e-02 1.305458027449728775e-01 0.000000000000000000e+00 3.191828917969996853e-04 2.872646026172997330e-03 0.000000000000000000e+00 2.221516978736908995e-03 1.668188041989958903e-01 0.000000000000000000e+00 1.956787607011822167e-02 7.816571130797290122e-04 6.986421375383267129e-02 3.517411185367569620e-03 1.878375205447288185e-02 0.000000000000000000e+00 0.000000000000000000e+00 2.297530155083285508e-03 6.640106241699867372e-03 0.000000000000000000e+00 0.000000000000000000e+00 0.000000000000000000e+00 0.000000000000000000e+00 2.940311673037341710e-04 1.006373700100637314e-01 1.943634596695821082e-03 4.314636574842350102e-03 1.793721973094170421e-03 1.201089648340762824e-02 0.000000000000000000e+00 1.313485113835376542e-03 0.000000000000000000e+00 0.000000000000000000e+00 0.000000000000000000e+00 2.239641657334826442e-03 0.000000000000000000e+00 0.000000000000000000e+00 0.000000000000000000e+00 0.000000000000000000e+00 0.000000000000000000e+00 1.632653061224489802e-04 0.000000000000000000e+00 0.000000000000000000e+00 0.000000000000000000e+00 3.178302786312109428e-04 0.000000000000000000e+00 1.115392415331575762e-03 0.000000000000000000e+00 5.096839959225280730e-04 0.000000000000000000e+00 9.725261366399221745e-04 2.934272300469483634e-04 3.369130343230153628e-03 0.000000000000000000e+00 1.151079136690647464e-03 0.000000000000000000e+00 1.154201292705447912e-02 0.000000000000000000e+00 9.482580911152340211e-03 0.000000000000000000e+00 1.508664627930682983e-02 0.000000000000000000e+00 2.955818294959551822e-03 2.301495972382048226e-04 0.000000000000000000e+00 4.798464491362763743e-04 4.193872425916624763e-02 1.131221719457013676e-03 1.010605115408608895e-02 9.331259720062208812e-04 1.204335608189482237e-03 1.331853496115427199e-03 5.128205128205128201e-04 0.000000000000000000e+00 0.000000000000000000e+00 0.000000000000000000e+00 5.522827687776141713e-03 0.000000000000000000e+00 0.000000000000000000e+00 1.530924678505817525e-04 1.576890873569634227e-02 0.000000000000000000e+00 0.000000000000000000e+00 0.000000000000000000e+00 2.163097555699761924e-03 0.000000000000000000e+00 0.000000000000000000e+00 0.000000000000000000e+00 0.000000000000000000e+00 0.000000000000000000e+00 0.000000000000000000e+00 0.000000000000000000e+00 0.000000000000000000e+00 0.000000000000000000e+00 0.000000000000000000e+00 0.000000000000000000e+00 0.000000000000000000e+00 1.551109042965720559e-04 0.000000000000000000e+00 0.000000000000000000e+00 0.000000000000000000e+00 0.000000000000000000e+00 0.000000000000000000e+00 0.000000000000000000e+00 0.000000000000000000e+00 0.000000000000000000e+00 0.000000000000000000e+00 0.000000000000000000e+00 0.000000000000000000e+00 0.000000000000000000e+00 0.000000000000000000e+00
1.428118057759441423e-02 0.000000000000000000e+00 9.774674706442398886e-02 1.142494446207553173e-02 2.538876547127895747e-03 9.520787051729610135e-04 1.964455728340209484e-01 1.682005712472231171e-02 3.808314820691844054e-03 3.173595683909869684e-04 1.577277054903205300e-01 2.221516978736908995e-03 0.000000000000000000e+00 3.423094477407576369e-03 1.507352941176470507e-01 4.076640847941296469e-03 7.816571130797290122e-04 2.190100744634253130e-04 5.627857896588111045e-03 1.173984503404555088e-04 0.000000000000000000e+00 0.000000000000000000e+00 3.293126555619375895e-02 6.972111553784860437e-03 0.000000000000000000e+00 0.000000000000000000e+00 5.263157894736841987e-04 0.000000000000000000e+00 1.526021758306380371e-01 3.354579000335457901e-04 1.554907677356656866e-02 7.965482907401261192e-03 4.663677130044842703e-03 2.352649826646854760e-03 4.980630879911455110e-03 0.000000000000000000e+00 9.111617312072893375e-04 0.000000000000000000e+00 0.000000000000000000e+00 0.000000000000000000e+00 0.000000000000000000e+00 0.000000000000000000e+00 0.000000000000000000e+00 0.000000000000000000e+00 1.924927815206929681e-04 0.000000000000000000e+00 0.000000000000000000e+00 0.000000000000000000e+00 0.000000000000000000e+00 1.059434262104036386e-04 2.494004796163069686e-03 0.000000000000000000e+00 0.000000000000000000e+00 0.000000000000000000e+00 0.000000000000000000e+00 0.000000000000000000e+00 1.760563380281690181e-03 0.000000000000000000e+00 6.979990693345742517e-04 0.000000000000000000e+00 6.337135614702154446e-03 0.000000000000000000e+00 6.761325219743069548e-03 0.000000000000000000e+00 1.776878092667566467e-02 0.000000000000000000e+00 3.007715443964953557e-03 0.000000000000000000e+00 4.602991944764096453e-04 0.000000000000000000e+00 5.758157389635316925e-03 1.004520341536916219e-03 6.645927601809954559e-03 2.744853399875233843e-03 3.110419906687402576e-04 1.605780810919309578e-03 1.553829078801331840e-03 8.547008547008547001e-04 0.000000000000000000e+00 0.000000000000000000e+00 4.442925495557074889e-03 0.000000000000000000e+00 0.000000000000000000e+00 0.000000000000000000e+00 1.224739742804653933e-02 0.000000000000000000e+00 0.000000000000000000e+00 0.000000000000000000e+00 1.877934272300469439e-03 0.000000000000000000e+00 0.000000000000000000e+00 0.000000000000000000e+00 0.000000000000000000e+00 0.000000000000000000e+00 0.000000000000000000e+00 0.000000000000000000e+00 0.000000000000000000e+00 0.000000000000000000e+00 0.000000000000000000e+00 0.000000000000000000e+00 0.000000000000000000e+00 0.000000000000000000e+00 0.000000000000000000e+00 0.000000000000000000e+00 0.000000000000000000e+00 0.000000000000000000e+00 0.000000000000000000e+00 0.000000000000000000e+00 0.000000000000000000e+00 0.000000000000000000e+00 0.000000000000000000e+00 0.000000000000000000e+00 0.000000000000000000e+00 0.000000000000000000e+00 0.000000000000000000e+00 0.000000000000000000e+00
