0.000000000000000000e+00 3.121834423059213423e-02 5.917587524527522652e-02 8.100259819654592741e-03 0.000000000000000000e+00 0.000000000000000000e+00 1.429259675606230906e-01 4.734022673477014664e-03 8.485639686684073868e-03 0.000000000000000000e+00 1.691588785046728993e-01 1.376778338687471240e-03 4.117985060333269332e-02 0.000000000000000000e+00 4.182509505703421900e-03 0.000000000000000000e+00 4.953113729261841847e-02 2.066590126291618749e-03 7.877313876503175272e-02 2.759697995313720523e-02 0.000000000000000000e+00 0.000000000000000000e+00 1.629254163649529377e-03 2.403846153846153980e-04 0.000000000000000000e+00 0.000000000000000000e+00 0.000000000000000000e+00 0.000000000000000000e+00 2.963153826333419366e-02 3.153910849453322139e-03 2.211573903427939761e-03 2.498126405196103052e-04 1.970626510503811074e-02 1.487236403995560556e-02 7.171029042667623329e-04 3.874467260751646765e-04 5.837730870712400794e-02 2.470355731225296492e-03 1.079913606911447150e-03 0.000000000000000000e+00 0.000000000000000000e+00 0.000000000000000000e+00 0.000000000000000000e+00 0.000000000000000000e+00 3.811757806773200582e-03 0.000000000000000000e+00 3.459010722933241258e-04 0.000000000000000000e+00 5.068423720223010423e-03 2.208724461623412527e-04 3.240740740740740561e-02 4.393287057376328900e-04 3.493788819875776486e-03 0.000000000000000000e+00 2.252252252252252233e-03 0.000000000000000000e+00 3.195290296386520401e-01 4.547630445189085671e-03 5.866823115283074236e-02 8.313934153641503420e-04 5.132555673382820788e-02 0.000000000000000000e+00 5.510907003444316665e-03 1.237623762376237639e-03 2.734107997265891946e-02 8.996851102114260344e-04 6.172270842929525325e-03 5.989458552946813575e-04 8.737042521683943685e-02 1.803278688524590292e-02 5.669014084507042334e-02 3.623188405797101493e-03 3.115830655302501140e-02 2.213162492719860427e-03 7.202881152460984329e-03 0.000000000000000000e+00 4.514435695538057680e-02 5.832904443300737998e-03 0.000000000000000000e+00 0.000000000000000000e+00 1.233806292412091337e-03 0.000000000000000000e+00 3.076923076923076920e-03 0.000000000000000000e+00 1.868292036570822975e-02 0.000000000000000000e+00 0.000000000000000000e+00 0.000000000000000000e+00 1.490451793199813746e-02 0.000000000000000000e+00 2.938706968933669107e-03 1.152073732718894008e-03 0.000000000000000000e+00 0.000000000000000000e+00 7.798165137614679332e-02 0.000000000000000000e+00 0.000000000000000000e+00 0.000000000000000000e+00 2.702702702702702853e-03 0.000000000000000000e+00 0.000000000000000000e+00 0.000000000000000000e+00 1.123595505617977627e-03 7.800312012480499491e-04 0.000000000000000000e+00 7.204610951008645061e-04 0.000000000000000000e+00 0.000000000000000000e+00 0.000000000000000000e+00 0.000000000000000000e+00 0.000000000000000000e+00 0.000000000000000000e+00 0.000000000000000000e+00 0.000000000000000000e+00 0.000000000000000000e+00 0.000000000000000000e+00
3.121834423059213423e-02 0.000000000000000000e+00 6.402974284829081840e-03 7.336084364970196781e-02 0.000000000000000000e+00 0.000000000000000000e+00 6.263048016701461621e-03 1.555998505045471658e-01 0.000000000000000000e+00 5.204944697462589830e-03 3.115264797507788291e-04 6.677374942634235755e-02 1.915341888527102030e-04 1.625135427952329251e-02 0.000000000000000000e+00 1.780151312861593185e-03 5.289733108920413943e-03 6.842709529276692904e-02 4.094041345764085765e-02 1.096068732101015408e-01 0.000000000000000000e+00 0.000000000000000000e+00 0.000000000000000000e+00 9.615384615384615918e-04 0.000000000000000000e+00 0.000000000000000000e+00 0.000000000000000000e+00 0.000000000000000000e+00 1.030662200463798020e-03 5.151387720773759754e-02 0.000000000000000000e+00 0.000000000000000000e+00 1.375720394125302080e-02 2.441731409544950146e-02 0.000000000000000000e+00 3.874467260751646765e-04 2.968337730870712187e-03 1.101778656126482236e-01 0.000000000000000000e+00 8.757961783439490236e-03 0.000000000000000000e+00 0.000000000000000000e+00 0.000000000000000000e+00 1.104972375690607738e-04 0.000000000000000000e+00 1.534104319093698406e-03 0.000000000000000000e+00 0.000000000000000000e+00 8.447372867038350705e-04 5.963556046383213308e-03 9.448223733938019902e-05 1.159827783147350869e-02 0.000000000000000000e+00 2.911208151382824010e-03 2.252252252252252287e-04 4.962323102370888063e-03 4.669102720259845317e-03 2.687888942077549248e-01 1.906717512466999222e-03 3.990688393747921642e-02 1.484623541887592759e-03 5.827600161877782153e-02 2.296211251435132034e-04 3.444719471947194772e-02 3.417634996582365257e-04 4.123556755135702329e-02 2.579456471672040337e-03 5.749880210828940859e-03 5.584937592553416291e-02 1.032786885245901704e-01 2.640845070422535162e-03 9.548167092924125798e-02 1.536956825485538561e-03 5.090273733255678418e-02 6.002400960384153246e-04 4.018754186202276937e-03 6.124234470691163230e-03 6.210327671984903347e-02 0.000000000000000000e+00 0.000000000000000000e+00 2.056343820686818715e-04 4.732607666824420120e-03 0.000000000000000000e+00 0.000000000000000000e+00 0.000000000000000000e+00 2.798378324928309929e-02 0.000000000000000000e+00 7.800312012480499491e-04 2.328830926874708978e-04 5.695842035314220737e-03 4.198152812762384438e-04 6.912442396313364483e-03 0.000000000000000000e+00 1.550387596899224785e-03 4.587155963302752548e-03 1.621621621621621712e-01 0.000000000000000000e+00 3.174603174603174600e-03 0.000000000000000000e+00 8.492569002123142100e-03 0.000000000000000000e+00 0.000000000000000000e+00 5.617977528089888135e-04 5.070202808112324669e-03 0.000000000000000000e+00 7.925072046109510326e-03 0.000000000000000000e+00 8.032128514056224161e-03 0.000000000000000000e+00 0.000000000000000000e+00 0.000000000000000000e+00 0.000000000000000000e+00 0.000000000000000000e+00 0.000000000000000000e+00 0.000000000000000000e+00 0.000000000000000000e+00
5.917587524527522652e-02 6.402974284829081840e-03 0.000000000000000000e+00 1.039278618370777924e-02 3.832547169811320598e-02 4.674883127921801960e-03 2.797494780793319258e-01 2.242431792699638854e-02 1.148825065274151486e-01 1.301236174365647327e-02 8.473520249221183631e-02 7.113354749885268148e-03 1.135797739896571568e-01 1.173708920187793367e-02 1.901140684410646334e-02 6.898086337338673810e-03 1.755229622505409884e-02 2.066590126291618749e-03 1.695716795027698842e-01 6.378547253319447920e-03 0.000000000000000000e+00 0.000000000000000000e+00 2.670166545981172979e-01 1.225961538461538443e-02 3.403755868544600799e-02 4.683840749414519902e-03 2.988260405549626395e-02 4.368719965050240316e-04 2.628188611182684722e-02 2.733389402859545767e-03 5.676373018798377967e-02 3.872095928053959774e-02 1.580219371630414704e-02 7.991120976692564493e-03 3.585514521333811339e-03 0.000000000000000000e+00 3.034300791556728341e-02 2.470355731225296276e-04 1.079913606911447150e-03 0.000000000000000000e+00 2.040816326530612082e-02 0.000000000000000000e+00 1.443626389490399830e-04 0.000000000000000000e+00 3.518545667790646658e-03 1.180080245456690988e-04 8.647526807333103145e-04 0.000000000000000000e+00 4.054738976178408512e-03 2.208724461623412527e-04 3.306878306878306695e-03 8.786574114752658342e-05 3.881987577639751290e-04 0.000000000000000000e+00 2.252252252252252287e-04 0.000000000000000000e+00 1.624035728786033276e-03 1.196744853997127808e-04 7.186858316221765748e-03 3.325573661456601043e-04 2.757158006362672113e-03 0.000000000000000000e+00 4.592422502870264068e-04 0.000000000000000000e+00 2.734107997265892206e-03 1.499475183685709877e-04 6.632888070013818506e-03 4.791566842357451077e-04 1.057753331922995635e-03 2.732240437158469943e-04 4.718309859154929536e-02 2.344416027280477564e-03 9.221740952913232148e-02 3.610949330227140354e-03 1.740696278511404474e-02 0.000000000000000000e+00 9.886264216972878716e-02 3.945788299879910387e-03 0.000000000000000000e+00 0.000000000000000000e+00 1.439440674480773263e-03 0.000000000000000000e+00 3.076923076923076920e-03 0.000000000000000000e+00 4.637604346097787614e-03 0.000000000000000000e+00 1.526717557251908381e-03 0.000000000000000000e+00 1.863064741499767182e-03 1.898614011771406786e-04 2.938706968933669107e-03 2.304147465437788016e-03 1.144164759725400460e-03 1.550387596899224785e-03 4.128440366972477293e-02 6.756756756756757132e-03 0.000000000000000000e+00 0.000000000000000000e+00 0.000000000000000000e+00 0.000000000000000000e+00 0.000000000000000000e+00 0.000000000000000000e+00 8.426966292134831660e-04 7.800312012480499491e-04 0.000000000000000000e+00 0.000000000000000000e+00 0.000000000000000000e+00 2.677376171352074865e-03 0.000000000000000000e+00 0.000000000000000000e+00 0.000000000000000000e+00 0.000000000000000000e+00 0.000000000000000000e+00 0.000000000000000000e+00 0.000000000000000000e+00 0.000000000000000000e+00
8.100259819654592741e-03 7.336084364970196781e-02 1.039278618370777924e-02 0.000000000000000000e+00 2.948113207547169699e-04 3.399915002124946801e-03 1.108077726031797029e-02 1.253270213031020264e-01 2.610966057441253298e-03 1.171112556929082560e-02 4.049844236760124887e-03 4.405690683799907970e-02 7.086764987550277402e-03 3.701697363669194385e-02 1.140684410646387870e-03 1.735647530040053399e-02 1.683096898292858962e-03 2.939150401836969004e-02 8.647480070260775420e-03 1.034886748242645205e-01 0.000000000000000000e+00 0.000000000000000000e+00 7.603186097031137090e-03 2.507211538461538436e-01 0.000000000000000000e+00 4.683840749414519902e-03 0.000000000000000000e+00 8.737439930100480631e-04 1.030662200463798020e-03 3.973927670311185739e-02 5.160339107998525819e-03 4.946290282288284129e-02 5.205428518311953912e-03 2.619311875693673686e-02 0.000000000000000000e+00 1.162340178225494030e-03 3.298153034300791439e-04 3.853754940711462407e-02 0.000000000000000000e+00 7.961783439490446260e-04 0.000000000000000000e+00 0.000000000000000000e+00 0.000000000000000000e+00 1.104972375690607738e-04 0.000000000000000000e+00 8.260561718196837320e-04 0.000000000000000000e+00 6.038647342995168794e-04 0.000000000000000000e+00 2.319160684704583194e-03 9.448223733938019902e-05 6.150601880326860569e-04 0.000000000000000000e+00 2.646552864893476323e-04 0.000000000000000000e+00 0.000000000000000000e+00 0.000000000000000000e+00 2.154140737194830055e-03 1.466705778820768570e-04 9.145327569005653329e-03 0.000000000000000000e+00 4.046944556859571060e-04 2.296211251435132034e-04 6.188118811881188194e-04 0.000000000000000000e+00 7.497375918428549925e-04 3.684937816674343494e-04 1.090081456636320112e-02 1.903955997461392055e-03 9.836065573770492662e-03 3.521126760563380470e-04 2.578857630008525234e-02 1.816403521028363754e-03 6.429819452533488966e-02 6.002400960384153246e-04 2.679169457468184769e-03 2.624671916010498651e-03 6.090238462858123258e-02 0.000000000000000000e+00 0.000000000000000000e+00 2.056343820686818715e-04 1.183151916706105030e-03 0.000000000000000000e+00 1.851851851851851923e-03 0.000000000000000000e+00 1.582122021160882117e-03 0.000000000000000000e+00 1.560062402496099898e-03 0.000000000000000000e+00 2.658059616479969446e-03 0.000000000000000000e+00 2.304147465437788016e-03 0.000000000000000000e+00 0.000000000000000000e+00 0.000000000000000000e+00 6.756756756756757132e-02 0.000000000000000000e+00 0.000000000000000000e+00 0.000000000000000000e+00 0.000000000000000000e+00 0.000000000000000000e+00 0.000000000000000000e+00 0.000000000000000000e+00 2.730109204368174822e-03 0.000000000000000000e+00 7.204610951008645061e-04 0.000000000000000000e+00 1.338688085676037432e-03 0.000000000000000000e+00 0.000000000000000000e+00 0.000000000000000000e+00 0.000000000000000000e+00 0.000000000000000000e+00 0.000000000000000000e+00 0.000000000000000000e+00 0.000000000000000000e+00
0.000000000000000000e+00 0.000000000000000000e+00 3.832547169811320598e-02 2.948113207547169699e-04 0.000000000000000000e+00 3.399915002124946801e-03 4.817729243616508564e-04 3.737386321166064323e-04 4.138381201044386559e-01 5.855562784645412799e-03 0.000000000000000000e+00 0.000000000000000000e+00 0.000000000000000000e+00 0.000000000000000000e+00 2.357414448669201412e-01 1.557632398753894037e-03 0.000000000000000000e+00 0.000000000000000000e+00 1.351168760978246159e-04 0.000000000000000000e+00 4.680851063829787051e-02 0.000000000000000000e+00 1.013758146270818221e-02 7.211538461538461939e-04 2.687793427230046883e-01 9.367681498829039805e-03 2.600498043400925052e-01 1.747487986020096126e-03 5.668642102550888566e-03 0.000000000000000000e+00 9.952082565425728056e-03 5.246065450911815975e-03 1.115448968209704472e-03 4.439511653718091204e-04 0.000000000000000000e+00 0.000000000000000000e+00 2.638522427440633152e-03 0.000000000000000000e+00 1.079913606911447150e-03 0.000000000000000000e+00 0.000000000000000000e+00 0.000000000000000000e+00 2.887252778980799661e-04 0.000000000000000000e+00 1.466060694912769350e-04 0.000000000000000000e+00 1.037703216879972377e-03 0.000000000000000000e+00 0.000000000000000000e+00 0.000000000000000000e+00 2.834467120181405971e-04 0.000000000000000000e+00 3.881987577639751290e-04 0.000000000000000000e+00 4.504504504504504574e-04 0.000000000000000000e+00 2.030044660982541595e-04 0.000000000000000000e+00 1.466705778820768570e-04 1.662786830728300521e-04 0.000000000000000000e+00 0.000000000000000000e+00 0.000000000000000000e+00 0.000000000000000000e+00 0.000000000000000000e+00 0.000000000000000000e+00 0.000000000000000000e+00 0.000000000000000000e+00 6.346519991537973157e-04 0.000000000000000000e+00 3.485915492957746692e-02 6.393861892583120729e-04 3.381305016068184705e-02 0.000000000000000000e+00 8.403361344537814762e-03 0.000000000000000000e+00 3.149606299212598381e-03 1.715560130382569792e-04 0.000000000000000000e+00 0.000000000000000000e+00 6.169031462060456687e-04 0.000000000000000000e+00 3.076923076923077094e-02 0.000000000000000000e+00 3.710083476878229918e-03 0.000000000000000000e+00 4.580152671755725359e-03 0.000000000000000000e+00 3.260363297624592569e-03 0.000000000000000000e+00 4.198152812762384438e-04 0.000000000000000000e+00 0.000000000000000000e+00 0.000000000000000000e+00 0.000000000000000000e+00 0.000000000000000000e+00 0.000000000000000000e+00 0.000000000000000000e+00 0.000000000000000000e+00 0.000000000000000000e+00 0.000000000000000000e+00 0.000000000000000000e+00 2.808988764044944068e-04 0.000000000000000000e+00 0.000000000000000000e+00 0.000000000000000000e+00 0.000000000000000000e+00 0.000000000000000000e+00 0.000000000000000000e+00 0.000000000000000000e+00 0.000000000000000000e+00 0.000000000000000000e+00 0.000000000000000000e+00 0.000000000000000000e+00 0.000000000000000000e+00 0.000000000000000000e+00
0.000000000000000000e+00 0.000000000000000000e+00 4.674883127921801960e-03 3.399915002124946801e-03 3.399915002124946801e-03 0.000000000000000000e+00 3.211819495744339223e-04 9.966363523109505584e-04 2.610966057441253298e-03 2.394274560832791165e-01 0.000000000000000000e+00 0.000000000000000000e+00 5.746025665581306089e-04 0.000000000000000000e+00 1.520912547528517015e-03 1.032487761459724013e-01 0.000000000000000000e+00 2.296211251435132034e-04 0.000000000000000000e+00 0.000000000000000000e+00 1.631205673758865174e-02 2.976190476190476025e-03 2.715423606082548961e-03 3.173076923076922906e-02 1.232394366197183018e-02 2.911787665886026444e-01 2.134471718249733325e-03 1.031017911751856697e-01 0.000000000000000000e+00 2.901597981497056403e-02 1.363803907113896041e-02 1.324006994753934574e-02 0.000000000000000000e+00 1.109877913429522801e-04 0.000000000000000000e+00 0.000000000000000000e+00 0.000000000000000000e+00 7.411067193675888827e-04 0.000000000000000000e+00 7.961783439490446260e-04 0.000000000000000000e+00 0.000000000000000000e+00 0.000000000000000000e+00 1.104972375690607738e-04 0.000000000000000000e+00 0.000000000000000000e+00 1.729505361466620629e-04 4.528985507246376867e-04 0.000000000000000000e+00 1.104362230811706263e-04 0.000000000000000000e+00 8.786574114752658342e-05 0.000000000000000000e+00 1.323276432446738162e-04 0.000000000000000000e+00 5.513692335967653162e-04 0.000000000000000000e+00 0.000000000000000000e+00 0.000000000000000000e+00 0.000000000000000000e+00 0.000000000000000000e+00 0.000000000000000000e+00 0.000000000000000000e+00 0.000000000000000000e+00 0.000000000000000000e+00 0.000000000000000000e+00 0.000000000000000000e+00 0.000000000000000000e+00 0.000000000000000000e+00 0.000000000000000000e+00 2.464788732394366383e-03 4.156010230179028181e-02 4.191700433142377894e-04 1.840419336051252186e-02 0.000000000000000000e+00 2.679169457468184769e-03 0.000000000000000000e+00 1.887116143420826961e-03 0.000000000000000000e+00 0.000000000000000000e+00 0.000000000000000000e+00 0.000000000000000000e+00 0.000000000000000000e+00 8.333333333333333218e-03 1.325029813170796244e-04 6.921783842578859260e-04 0.000000000000000000e+00 3.900156006240249745e-03 0.000000000000000000e+00 2.468198215302828957e-03 0.000000000000000000e+00 0.000000000000000000e+00 0.000000000000000000e+00 0.000000000000000000e+00 0.000000000000000000e+00 0.000000000000000000e+00 0.000000000000000000e+00 0.000000000000000000e+00 1.351351351351351426e-03 0.000000000000000000e+00 0.000000000000000000e+00 0.000000000000000000e+00 0.000000000000000000e+00 0.000000000000000000e+00 0.000000000000000000e+00 0.000000000000000000e+00 0.000000000000000000e+00 0.000000000000000000e+00 0.000000000000000000e+00 0.000000000000000000e+00 0.000000000000000000e+00 0.000000000000000000e+00 0.000000000000000000e+00 0.000000000000000000e+00 0.000000000000000000e+00 0.000000000000000000e+00
1.429259675606230906e-01 6.263048016701461621e-03 2.797494780793319258e-01 1.108077726031797029e-02 4.817729243616508564e-04 3.211819495744339223e-04 0.000000000000000000e+00 2.740749968855114155e-02 4.373368146214099556e-02 3.253090435914118318e-03 1.124610591900311596e-01 1.055530059660394690e-02 1.936410649300900344e-01 1.191765980498374865e-02 3.802281368821292754e-03 6.675567423230974445e-04 4.808848280836739396e-03 1.377726750861079166e-03 6.755843804891231014e-03 9.372559229367352293e-03 0.000000000000000000e+00 0.000000000000000000e+00 1.194786386676321456e-02 8.894230769230768857e-03 5.868544600938967268e-04 0.000000000000000000e+00 0.000000000000000000e+00 0.000000000000000000e+00 8.502963153826334150e-03 1.892346509671993240e-03 8.477699963140435460e-03 2.048463652260804416e-02 2.416806097787692949e-03 9.100998890122086182e-03 3.585514521333811665e-04 0.000000000000000000e+00 2.308707124010554116e-03 0.000000000000000000e+00 0.000000000000000000e+00 0.000000000000000000e+00 0.000000000000000000e+00 0.000000000000000000e+00 2.887252778980799661e-04 0.000000000000000000e+00 2.932121389825538809e-03 1.180080245456690988e-04 3.459010722933241258e-04 0.000000000000000000e+00 6.757898293630680564e-03 0.000000000000000000e+00 1.209372637944066547e-02 0.000000000000000000e+00 3.105590062111801032e-03 0.000000000000000000e+00 2.927927927927927946e-03 0.000000000000000000e+00 2.436053593179049806e-03 0.000000000000000000e+00 5.720152537400997016e-03 3.325573661456601043e-04 3.817603393425238710e-03 0.000000000000000000e+00 0.000000000000000000e+00 0.000000000000000000e+00 4.101161995898838092e-03 0.000000000000000000e+00 4.606172270842929638e-04 4.791566842357451077e-04 2.115506663845991052e-04 0.000000000000000000e+00 5.316901408450704081e-02 4.262574595055413458e-04 2.668715942433980831e-02 4.892253931275480396e-03 2.400960384153661299e-03 0.000000000000000000e+00 2.047244094488188948e-02 3.088008234688625897e-03 0.000000000000000000e+00 0.000000000000000000e+00 3.907053259304955721e-03 0.000000000000000000e+00 0.000000000000000000e+00 0.000000000000000000e+00 1.590035775804955753e-02 1.977652526451102646e-04 1.526717557251908381e-03 0.000000000000000000e+00 1.420586865393572498e-02 0.000000000000000000e+00 0.000000000000000000e+00 0.000000000000000000e+00 0.000000000000000000e+00 0.000000000000000000e+00 4.587155963302752548e-03 6.756756756756757132e-03 0.000000000000000000e+00 0.000000000000000000e+00 1.351351351351351426e-03 0.000000000000000000e+00 0.000000000000000000e+00 2.857142857142857140e-03 2.808988764044944068e-04 0.000000000000000000e+00 0.000000000000000000e+00 0.000000000000000000e+00 0.000000000000000000e+00 0.000000000000000000e+00 0.000000000000000000e+00 0.000000000000000000e+00 0.000000000000000000e+00 0.000000000000000000e+00 0.000000000000000000e+00 0.000000000000000000e+00 0.000000000000000000e+00 0.000000000000000000e+00
4.734022673477014664e-03 1.555998505045471658e-01 2.242431792699638854e-02 1.253270213031020264e-01 3.737386321166064323e-04 9.966363523109505584e-04 2.740749968855114155e-02 0.000000000000000000e+00 0.000000000000000000e+00 1.620039037085231060e-01 1.464174454828660356e-02 1.668196420376319433e-01 2.489944455085232877e-02 1.650415312387143452e-01 4.942965779467680190e-03 4.183355585224744072e-02 1.442654484251021905e-03 1.722158438576348871e-02 1.418727199027158478e-02 1.262692007289768249e-02 7.092198581560284166e-04 0.000000000000000000e+00 2.407675597393193340e-02 2.379807692307692180e-02 1.173708920187793454e-03 2.341920374707259951e-03 7.114905727499110360e-04 0.000000000000000000e+00 2.834321051275444283e-03 3.511354079058032207e-02 7.740508661997788295e-03 9.742692980264800601e-03 1.003904071388733894e-02 7.658157602663706771e-03 0.000000000000000000e+00 1.162340178225494030e-03 9.894459102902375403e-04 5.434782608695652023e-03 0.000000000000000000e+00 7.961783439490446260e-04 0.000000000000000000e+00 0.000000000000000000e+00 0.000000000000000000e+00 2.209944751381215475e-04 0.000000000000000000e+00 3.776256785461411161e-03 0.000000000000000000e+00 3.019323671497584397e-04 0.000000000000000000e+00 1.071231363887355063e-02 4.724111866969009951e-04 1.036815745540813592e-02 0.000000000000000000e+00 2.646552864893476215e-03 0.000000000000000000e+00 5.513692335967652729e-03 2.030044660982541595e-04 7.180469123982766849e-03 2.933411557641537140e-04 6.152311273694712444e-03 6.362672322375397850e-04 7.284500202347227692e-03 2.296211251435132034e-04 6.188118811881188194e-04 3.417634996582365257e-04 1.649422702054281070e-02 6.448641179180100843e-04 7.666506947771921723e-03 0.000000000000000000e+00 1.366120218579234971e-03 2.464788732394366383e-03 6.031543052003410232e-02 8.103954170741931029e-03 5.835760046592894379e-02 1.200480192076830649e-03 4.688546550569323672e-03 8.573928258967628349e-03 4.683479155944415828e-02 0.000000000000000000e+00 0.000000000000000000e+00 0.000000000000000000e+00 7.572172266919072192e-03 0.000000000000000000e+00 9.259259259259259613e-04 3.975089439512389275e-04 2.501730445960644728e-02 0.000000000000000000e+00 0.000000000000000000e+00 2.328830926874708978e-04 6.645149041199924049e-03 4.198152812762384438e-04 0.000000000000000000e+00 0.000000000000000000e+00 0.000000000000000000e+00 0.000000000000000000e+00 4.054054054054054279e-02 0.000000000000000000e+00 0.000000000000000000e+00 0.000000000000000000e+00 2.123142250530785525e-03 0.000000000000000000e+00 0.000000000000000000e+00 2.808988764044944068e-04 1.170046801872074924e-03 0.000000000000000000e+00 0.000000000000000000e+00 0.000000000000000000e+00 0.000000000000000000e+00 0.000000000000000000e+00 0.000000000000000000e+00 0.000000000000000000e+00 0.000000000000000000e+00 0.000000000000000000e+00 0.000000000000000000e+00 0.000000000000000000e+00 0.000000000000000000e+00
8.485639686684073868e-03 0.000000000000000000e+00 1.148825065274151486e-01 2.610966057441253298e-03 4.138381201044386559e-01 2.610966057441253298e-03 4.373368146214099556e-02 0.000000000000000000e+00 0.000000000000000000e+00 5.855562784645412799e-03 2.492211838006230633e-03 0.000000000000000000e+00 2.087722658494541375e-02 0.000000000000000000e+00 1.087452471482889677e-01 1.780151312861593185e-03 0.000000000000000000e+00 0.000000000000000000e+00 4.053506282934738478e-04 0.000000000000000000e+00 0.000000000000000000e+00 0.000000000000000000e+00 1.086169442433019584e-03 1.201923076923076990e-03 2.347417840375586907e-03 3.903200624512099919e-03 3.557452863749555397e-03 4.368719965050240316e-04 2.318989951043545598e-03 2.102607232968881318e-04 1.474382602285293029e-03 2.997751686235323662e-03 1.859081613682840605e-04 0.000000000000000000e+00 0.000000000000000000e+00 0.000000000000000000e+00 9.894459102902375403e-04 0.000000000000000000e+00 0.000000000000000000e+00 0.000000000000000000e+00 0.000000000000000000e+00 0.000000000000000000e+00 0.000000000000000000e+00 0.000000000000000000e+00 0.000000000000000000e+00 0.000000000000000000e+00 1.729505361466620629e-04 0.000000000000000000e+00 0.000000000000000000e+00 0.000000000000000000e+00 2.834467120181405971e-04 0.000000000000000000e+00 0.000000000000000000e+00 0.000000000000000000e+00 0.000000000000000000e+00 0.000000000000000000e+00 0.000000000000000000e+00 0.000000000000000000e+00 0.000000000000000000e+00 0.000000000000000000e+00 0.000000000000000000e+00 0.000000000000000000e+00 0.000000000000000000e+00 0.000000000000000000e+00 3.417634996582365257e-04 0.000000000000000000e+00 9.212344541685858735e-05 0.000000000000000000e+00 0.000000000000000000e+00 0.000000000000000000e+00 9.330985915492957458e-03 0.000000000000000000e+00 6.706720693027804631e-03 0.000000000000000000e+00 1.800720288115246082e-03 0.000000000000000000e+00 2.274715660542432020e-03 0.000000000000000000e+00 0.000000000000000000e+00 0.000000000000000000e+00 2.056343820686818715e-04 0.000000000000000000e+00 1.230769230769230768e-02 0.000000000000000000e+00 1.590035775804955710e-03 0.000000000000000000e+00 7.633587786259541687e-03 0.000000000000000000e+00 1.164415463437354489e-03 0.000000000000000000e+00 0.000000000000000000e+00 0.000000000000000000e+00 0.000000000000000000e+00 0.000000000000000000e+00 0.000000000000000000e+00 0.000000000000000000e+00 0.000000000000000000e+00 0.000000000000000000e+00 0.000000000000000000e+00 0.000000000000000000e+00 0.000000000000000000e+00 0.000000000000000000e+00 0.000000000000000000e+00 0.000000000000000000e+00 0.000000000000000000e+00 0.000000000000000000e+00 0.000000000000000000e+00 0.000000000000000000e+00 0.000000000000000000e+00 0.000000000000000000e+00 0.000000000000000000e+00 0.000000000000000000e+00 0.000000000000000000e+00 0.000000000000000000e+00 0.000000000000000000e+00 0.000000000000000000e+00
0.000000000000000000e+00 5.204944697462589830e-03 1.301236174365647327e-02 1.171112556929082560e-02 5.855562784645412799e-03 2.394274560832791165e-01 3.253090435914118318e-03 1.620039037085231060e-01 5.855562784645412799e-03 0.000000000000000000e+00 0.000000000000000000e+00 2.753556677374942481e-03 2.489944455085232530e-03 1.444564824846514967e-02 2.661596958174904885e-03 9.724076546506453533e-02 0.000000000000000000e+00 2.296211251435132034e-04 2.702337521956492319e-04 1.301744337412132383e-04 7.092198581560284166e-04 0.000000000000000000e+00 3.801593048515568545e-03 7.451923076923077337e-03 3.521126760563380361e-03 5.776736924277908053e-02 0.000000000000000000e+00 1.310615989515072095e-03 7.729966503478484605e-04 2.312867956265769395e-03 7.740508661997788295e-03 1.748688483637272136e-03 1.859081613682840605e-04 8.879023307436182408e-04 0.000000000000000000e+00 3.874467260751646765e-04 0.000000000000000000e+00 2.470355731225296276e-04 0.000000000000000000e+00 7.961783439490446260e-04 0.000000000000000000e+00 0.000000000000000000e+00 0.000000000000000000e+00 0.000000000000000000e+00 0.000000000000000000e+00 1.180080245456690988e-04 0.000000000000000000e+00 0.000000000000000000e+00 0.000000000000000000e+00 0.000000000000000000e+00 0.000000000000000000e+00 8.786574114752658342e-05 0.000000000000000000e+00 1.323276432446738162e-04 0.000000000000000000e+00 1.837897445322550873e-04 0.000000000000000000e+00 1.196744853997127808e-04 0.000000000000000000e+00 1.662786830728300521e-04 0.000000000000000000e+00 0.000000000000000000e+00 0.000000000000000000e+00 0.000000000000000000e+00 0.000000000000000000e+00 0.000000000000000000e+00 0.000000000000000000e+00 3.593675131768088037e-04 0.000000000000000000e+00 0.000000000000000000e+00 3.521126760563380470e-04 4.049445865302642514e-03 1.397233477714125965e-04 5.125218404193360167e-03 0.000000000000000000e+00 6.697923643670461924e-04 1.749781277340332344e-04 1.544004117344312949e-03 0.000000000000000000e+00 0.000000000000000000e+00 0.000000000000000000e+00 4.732607666824420120e-04 0.000000000000000000e+00 9.259259259259259613e-04 0.000000000000000000e+00 4.944131316127756614e-04 0.000000000000000000e+00 1.560062402496099898e-03 0.000000000000000000e+00 2.088475412948547546e-03 0.000000000000000000e+00 1.152073732718894008e-03 0.000000000000000000e+00 0.000000000000000000e+00 0.000000000000000000e+00 0.000000000000000000e+00 0.000000000000000000e+00 0.000000000000000000e+00 0.000000000000000000e+00 0.000000000000000000e+00 0.000000000000000000e+00 0.000000000000000000e+00 0.000000000000000000e+00 0.000000000000000000e+00 0.000000000000000000e+00 0.000000000000000000e+00 0.000000000000000000e+00 0.000000000000000000e+00 0.000000000000000000e+00 0.000000000000000000e+00 0.000000000000000000e+00 0.000000000000000000e+00 0.000000000000000000e+00 0.000000000000000000e+00 0.000000000000000000e+00 0.000000000000000000e+00
1.691588785046728993e-01 3.115264797507788291e-04 8.473520249221183631e-02 4.049844236760124887e-03 0.000000000000000000e+00 0.000000000000000000e+00 1.124610591900311596e-01 1.464174454828660356e-02 2.492211838006230633e-03 0.000000000000000000e+00 0.000000000000000000e+00 2.294630564479119023e-03 1.407776288067419945e-01 5.417118093174430908e-04 3.422053231939163609e-03 0.000000000000000000e+00 5.169511901899494916e-02 2.296211251435132034e-04 2.148358329955411469e-02 1.171569903670919037e-03 0.000000000000000000e+00 0.000000000000000000e+00 9.594496741491672850e-03 1.923076923076923184e-03 0.000000000000000000e+00 0.000000000000000000e+00 0.000000000000000000e+00 0.000000000000000000e+00 3.452718371553722965e-02 1.892346509671993240e-03 1.105786951713969880e-03 7.494379215588309155e-04 4.833612195575385899e-03 2.774694783573806826e-03 3.585514521333811665e-04 0.000000000000000000e+00 2.308707124010554116e-03 2.470355731225296276e-04 1.079913606911447150e-03 0.000000000000000000e+00 0.000000000000000000e+00 0.000000000000000000e+00 1.443626389490399830e-04 0.000000000000000000e+00 1.466060694912769350e-04 0.000000000000000000e+00 0.000000000000000000e+00 0.000000000000000000e+00 3.378949146815340607e-04 0.000000000000000000e+00 4.062736205593348721e-03 0.000000000000000000e+00 3.881987577639751290e-04 0.000000000000000000e+00 4.504504504504504574e-04 0.000000000000000000e+00 1.827040194884287354e-03 0.000000000000000000e+00 1.320035200938691686e-03 0.000000000000000000e+00 1.357370095440084759e-02 0.000000000000000000e+00 3.444316877152697916e-03 0.000000000000000000e+00 1.742993848257006276e-02 0.000000000000000000e+00 3.684937816674343494e-04 0.000000000000000000e+00 0.000000000000000000e+00 0.000000000000000000e+00 2.517605633802817017e-02 0.000000000000000000e+00 5.449210563085091913e-03 9.318578916715200599e-04 4.201680672268907381e-03 0.000000000000000000e+00 7.699037620297462421e-03 8.577800651912849232e-04 0.000000000000000000e+00 0.000000000000000000e+00 4.318322023442319572e-03 0.000000000000000000e+00 0.000000000000000000e+00 0.000000000000000000e+00 9.142705710878494194e-03 9.888262632255513229e-05 0.000000000000000000e+00 0.000000000000000000e+00 2.561714019562179659e-03 0.000000000000000000e+00 0.000000000000000000e+00 0.000000000000000000e+00 0.000000000000000000e+00 0.000000000000000000e+00 4.587155963302752548e-03 6.756756756756757132e-03 0.000000000000000000e+00 0.000000000000000000e+00 0.000000000000000000e+00 0.000000000000000000e+00 0.000000000000000000e+00 0.000000000000000000e+00 0.000000000000000000e+00 0.000000000000000000e+00 0.000000000000000000e+00 0.000000000000000000e+00 0.000000000000000000e+00 1.338688085676037432e-03 0.000000000000000000e+00 0.000000000000000000e+00 0.000000000000000000e+00 0.000000000000000000e+00 0.000000000000000000e+00 0.000000000000000000e+00 0.000000000000000000e+00 0.000000000000000000e+00
1.376778338687471240e-03 6.677374942634235755e-02 7.113354749885268148e-03 4.405690683799907970e-02 0.000000000000000000e+00 0.000000000000000000e+00 1.055530059660394690e-02 1.668196420376319433e-01 0.000000000000000000e+00 2.753556677374942481e-03 2.294630564479119023e-03 0.000000000000000000e+00 3.256081210496073342e-03 2.379920548934633395e-01 3.802281368821292537e-04 1.668891855807743546e-02 4.808848280836739504e-04 4.890929965556831127e-02 1.216051884880421652e-03 1.132517573548555076e-02 0.000000000000000000e+00 0.000000000000000000e+00 2.353367125271542577e-03 1.370192307692307682e-02 0.000000000000000000e+00 0.000000000000000000e+00 0.000000000000000000e+00 0.000000000000000000e+00 1.030662200463798020e-03 5.571909167367535692e-02 2.580169553999262910e-03 2.747939045715713357e-03 7.436326454731362421e-04 1.143174250832408416e-02 0.000000000000000000e+00 2.324680356450988059e-03 0.000000000000000000e+00 9.881422924901185102e-04 0.000000000000000000e+00 7.961783439490446260e-04 0.000000000000000000e+00 0.000000000000000000e+00 0.000000000000000000e+00 2.209944751381215475e-04 0.000000000000000000e+00 2.360160490913381975e-04 0.000000000000000000e+00 1.509661835748792199e-04 0.000000000000000000e+00 3.313086692435118926e-04 0.000000000000000000e+00 1.317986117212898616e-03 0.000000000000000000e+00 1.190948789202064210e-03 0.000000000000000000e+00 3.124425657048336864e-03 0.000000000000000000e+00 3.111536620392532301e-03 1.466705778820768570e-04 9.976720984369803671e-04 0.000000000000000000e+00 8.093889113719141687e-03 0.000000000000000000e+00 5.156765676567656720e-03 0.000000000000000000e+00 5.698005698005698290e-03 2.763703362505757891e-04 2.275994250119788963e-03 0.000000000000000000e+00 2.732240437158469943e-04 0.000000000000000000e+00 3.367433930093776534e-02 1.397233477714125965e-03 2.108328479906814226e-02 6.002400960384153246e-04 0.000000000000000000e+00 6.999125109361329375e-04 8.406244638874592334e-03 0.000000000000000000e+00 0.000000000000000000e+00 0.000000000000000000e+00 1.632749645054425158e-02 0.000000000000000000e+00 0.000000000000000000e+00 0.000000000000000000e+00 1.542568970631860020e-02 0.000000000000000000e+00 0.000000000000000000e+00 0.000000000000000000e+00 5.316119232959938892e-03 0.000000000000000000e+00 0.000000000000000000e+00 0.000000000000000000e+00 0.000000000000000000e+00 4.587155963302752548e-03 6.756756756756757132e-03 0.000000000000000000e+00 0.000000000000000000e+00 0.000000000000000000e+00 0.000000000000000000e+00 0.000000000000000000e+00 0.000000000000000000e+00 0.000000000000000000e+00 0.000000000000000000e+00 0.000000000000000000e+00 0.000000000000000000e+00 0.000000000000000000e+00 0.000000000000000000e+00 0.000000000000000000e+00 0.000000000000000000e+00 0.000000000000000000e+00 0.000000000000000000e+00 0.000000000000000000e+00 0.000000000000000000e+00 0.000000000000000000e+00 0.000000000000000000e+00
4.117985060333269332e-02 1.915341888527102030e-04 1.135797739896571568e-01 7.086764987550277402e-03 0.000000000000000000e+00 5.746025665581306089e-04 1.936410649300900344e-01 2.489944455085232877e-02 2.087722658494541375e-02 2.489944455085232530e-03 1.407776288067419945e-01 3.256081210496073342e-03 0.000000000000000000e+00 7.945106536655833010e-03 1.882129277566539916e-01 3.782821539830885735e-03 3.606636210627554764e-03 0.000000000000000000e+00 9.187947574652074317e-03 1.041395469929705907e-03 0.000000000000000000e+00 0.000000000000000000e+00 2.733526430123099302e-02 5.769230769230769551e-03 0.000000000000000000e+00 2.341920374707259951e-03 7.114905727499110360e-04 0.000000000000000000e+00 1.321824272094820896e-01 6.307821698906644495e-04 1.032067821599705164e-02 1.923557332000999306e-02 3.160438743260828975e-03 2.108768035516093119e-03 3.585514521333811665e-04 0.000000000000000000e+00 1.978891820580475081e-03 0.000000000000000000e+00 2.159827213822894301e-03 0.000000000000000000e+00 0.000000000000000000e+00 0.000000000000000000e+00 0.000000000000000000e+00 0.000000000000000000e+00 2.932121389825538701e-04 0.000000000000000000e+00 1.729505361466620629e-04 0.000000000000000000e+00 1.182632201385369185e-03 0.000000000000000000e+00 3.684807256235827708e-03 0.000000000000000000e+00 1.552795031055900516e-03 0.000000000000000000e+00 9.009009009009009148e-04 0.000000000000000000e+00 1.218026796589524903e-03 1.196744853997127808e-04 1.760046934584922175e-03 0.000000000000000000e+00 4.453870625662778061e-03 0.000000000000000000e+00 9.184845005740528137e-04 0.000000000000000000e+00 9.227614490772384839e-03 0.000000000000000000e+00 8.291110087517273132e-04 1.197891710589362769e-04 4.231013327691982105e-04 0.000000000000000000e+00 3.397887323943662302e-02 2.131287297527706729e-04 2.724605281542545610e-02 2.213162492719860427e-03 1.800720288115246082e-03 0.000000000000000000e+00 2.274715660542432280e-02 8.577800651912849232e-04 0.000000000000000000e+00 0.000000000000000000e+00 8.225375282747275293e-03 2.366303833412210060e-04 3.076923076923076920e-03 9.259259259259259613e-04 1.351530409434212321e-02 0.000000000000000000e+00 0.000000000000000000e+00 0.000000000000000000e+00 6.986492780624126500e-03 3.797228023542813572e-04 0.000000000000000000e+00 0.000000000000000000e+00 0.000000000000000000e+00 0.000000000000000000e+00 4.587155963302752548e-03 0.000000000000000000e+00 0.000000000000000000e+00 0.000000000000000000e+00 0.000000000000000000e+00 0.000000000000000000e+00 0.000000000000000000e+00 0.000000000000000000e+00 0.000000000000000000e+00 0.000000000000000000e+00 0.000000000000000000e+00 0.000000000000000000e+00 0.000000000000000000e+00 0.000000000000000000e+00 0.000000000000000000e+00 0.000000000000000000e+00 0.000000000000000000e+00 0.000000000000000000e+00 0.000000000000000000e+00 0.000000000000000000e+00 0.000000000000000000e+00 0.000000000000000000e+00
