0.000000000000000000e+00 1.134215500945179658e-02 9.233097880928355095e-02 2.411091018685955316e-03 0.000000000000000000e+00 0.000000000000000000e+00 9.748953974895396835e-02 3.414028553693358031e-03 5.044843049327354077e-03 0.000000000000000000e+00 2.741471434443074617e-01 2.023062917256726687e-03 4.374853389631714468e-02 2.297266253158741160e-04 2.696629213483145958e-03 0.000000000000000000e+00 8.965796397490385927e-02 8.028904054596547888e-04 9.153466632043624762e-02 2.928601966652415525e-02 5.727376861397480206e-04 0.000000000000000000e+00 2.141000152928582232e-03 2.009646302250803836e-04 0.000000000000000000e+00 0.000000000000000000e+00 0.000000000000000000e+00 0.000000000000000000e+00 4.312388855957320632e-02 8.149959250203748585e-04 3.884249368809477524e-03 5.760368663594470041e-04 1.991817398794143087e-02 1.035094637223974746e-02 6.844626967830253145e-04 0.000000000000000000e+00 9.609477841158402256e-02 0.000000000000000000e+00 0.000000000000000000e+00 0.000000000000000000e+00 1.960784313725490169e-02 0.000000000000000000e+00 1.166725002916812483e-04 0.000000000000000000e+00 7.029876977152900268e-04 0.000000000000000000e+00 0.000000000000000000e+00 0.000000000000000000e+00 6.744907594765951406e-04 9.408222786715588772e-05 1.289813108712819199e-02 8.065166545689168246e-05 2.137513359458496562e-03 0.000000000000000000e+00 2.089500261187532751e-03 2.088554720133667386e-04 1.937159508425186916e-01 9.673731422038518799e-04 3.663307646710136506e-02 2.780867630700778622e-04 5.497753606053440434e-02 0.000000000000000000e+00 5.102040816326530205e-03 0.000000000000000000e+00 2.353426919900908354e-02 2.544529262086513968e-04 9.128630705394191400e-03 2.828320920147072738e-04 5.175237471339665801e-02 5.698607007176023295e-03 6.362518170636251302e-02 9.387027128508401231e-04 3.778409090909090606e-02 6.982427557314092696e-04 1.153846153846153910e-02 0.000000000000000000e+00 7.685142058686539324e-02 9.808042594927840821e-04 0.000000000000000000e+00 0.000000000000000000e+00 8.073631519457452263e-04 0.000000000000000000e+00 0.000000000000000000e+00 0.000000000000000000e+00 8.341252243691268942e-03 0.000000000000000000e+00 9.328358208955223703e-04 0.000000000000000000e+00 6.945748075840059779e-03 0.000000000000000000e+00 3.405994550408719223e-04 0.000000000000000000e+00 0.000000000000000000e+00 1.355013550135501354e-03 6.188118811881188411e-03 8.456659619450317480e-03 7.057163020465773151e-04 0.000000000000000000e+00 2.259887005649717593e-03 1.592356687898089252e-03 0.000000000000000000e+00 0.000000000000000000e+00 3.610108303249097276e-04 0.000000000000000000e+00 2.738225629791894798e-03 0.000000000000000000e+00 1.597444089456868943e-03 0.000000000000000000e+00 0.000000000000000000e+00 0.000000000000000000e+00 0.000000000000000000e+00 0.000000000000000000e+00 5.813953488372092943e-03 0.000000000000000000e+00 0.000000000000000000e+00 0.000000000000000000e+00
1.134215500945179658e-02 0.000000000000000000e+00 2.724520686175580138e-03 8.479003415712275948e-02 0.000000000000000000e+00 3.503854239663629802e-04 7.322175732217573460e-04 7.717773639561349708e-02 0.000000000000000000e+00 5.298013245033112578e-03 2.055076037813399032e-04 8.577786769168521674e-02 0.000000000000000000e+00 2.044566965311279613e-02 0.000000000000000000e+00 1.122754491017964032e-03 2.023881805302570449e-04 2.709755118426334861e-02 2.791482731757985100e-02 6.765711842667807008e-02 0.000000000000000000e+00 0.000000000000000000e+00 3.058571647040831992e-04 1.004823151125401864e-03 0.000000000000000000e+00 0.000000000000000000e+00 0.000000000000000000e+00 0.000000000000000000e+00 1.481920569057498403e-04 7.891877207280630080e-02 0.000000000000000000e+00 5.760368663594470041e-04 1.195090439276485714e-02 9.956624605678233986e-03 0.000000000000000000e+00 7.496251874062968270e-04 4.387889425186485373e-04 1.276891047883414176e-01 0.000000000000000000e+00 0.000000000000000000e+00 0.000000000000000000e+00 6.666666666666666574e-02 0.000000000000000000e+00 0.000000000000000000e+00 0.000000000000000000e+00 5.524861878453039095e-04 0.000000000000000000e+00 0.000000000000000000e+00 2.697963037906380888e-04 1.975726785210273669e-03 0.000000000000000000e+00 1.242035648036131888e-02 0.000000000000000000e+00 7.074637424831977262e-04 0.000000000000000000e+00 2.088554720133667386e-03 2.153807170910933613e-03 3.232785155219417561e-01 3.556609365737996276e-04 4.226918798665183635e-02 1.182312603452352791e-04 3.183716075156576425e-02 7.849293563579278323e-04 9.979076130693707511e-03 0.000000000000000000e+00 3.536895674300254144e-02 8.298755186721991492e-04 1.451871405675497252e-02 1.948902718637405759e-02 1.557619248628113184e-01 2.236386000223638691e-04 9.649863888106637033e-02 4.261363636363636157e-04 4.806237635284534016e-02 9.615384615384615918e-04 9.980039920159680666e-03 1.242043160999844716e-03 1.139134089953762058e-01 0.000000000000000000e+00 0.000000000000000000e+00 1.614726303891490453e-04 8.368200836820083180e-04 0.000000000000000000e+00 0.000000000000000000e+00 0.000000000000000000e+00 7.844367743959836103e-03 0.000000000000000000e+00 0.000000000000000000e+00 0.000000000000000000e+00 4.782237403928266649e-03 3.746594005449591092e-03 6.056527590847913915e-03 1.194029850746268669e-03 1.355013550135501354e-03 2.475247524752475278e-03 2.959830866807610858e-02 7.057163020465773151e-04 2.538071065989847518e-03 9.039548022598870372e-03 0.000000000000000000e+00 0.000000000000000000e+00 0.000000000000000000e+00 5.415162454873645968e-03 3.178272175671771182e-03 1.095290251916757919e-03 0.000000000000000000e+00 0.000000000000000000e+00 7.898894154818325315e-04 0.000000000000000000e+00 2.597402597402597574e-02 0.000000000000000000e+00 0.000000000000000000e+00 0.000000000000000000e+00 0.000000000000000000e+00 0.000000000000000000e+00 0.000000000000000000e+00
9.233097880928355095e-02 2.724520686175580138e-03 0.000000000000000000e+00 2.712477396021699839e-03 1.137476459510357862e-01 3.153468815697267093e-03 2.346234309623430880e-01 8.379888268156424416e-03 9.304932735426009460e-02 2.649006622516556289e-03 5.219893136046033916e-02 2.023062917256726687e-03 8.421299554304480239e-02 4.020215943027797070e-03 4.337078651685392916e-02 2.058383233532934311e-03 1.052418538757336590e-02 2.007226013649136918e-03 1.072448714619579357e-01 5.237280889268918459e-03 0.000000000000000000e+00 1.198322348711803502e-03 1.844318703165621631e-01 5.225080385852089865e-03 6.394557823129251584e-02 1.177394034536891586e-03 1.012048192771084279e-02 6.805035726437563609e-04 3.215767634854771462e-02 8.149959250203748585e-04 2.194600893377354756e-02 1.017665130568356363e-02 1.065891472868217039e-02 6.013406940063091392e-03 1.711156741957563232e-03 0.000000000000000000e+00 5.265467310223782664e-03 0.000000000000000000e+00 0.000000000000000000e+00 0.000000000000000000e+00 6.535947712418300852e-03 0.000000000000000000e+00 1.166725002916812483e-04 0.000000000000000000e+00 3.514938488576450134e-04 0.000000000000000000e+00 1.508295625942684829e-04 0.000000000000000000e+00 1.079185215162552355e-03 9.408222786715588772e-05 2.544529262086514185e-03 0.000000000000000000e+00 3.562522265764160936e-04 0.000000000000000000e+00 3.482500435312554585e-04 0.000000000000000000e+00 1.140250855188141427e-02 2.638290387828687192e-04 1.920569057498518195e-02 0.000000000000000000e+00 3.546937810357058372e-03 0.000000000000000000e+00 0.000000000000000000e+00 0.000000000000000000e+00 1.238645747316267486e-03 0.000000000000000000e+00 2.240663900414937779e-02 2.828320920147072738e-04 1.211922698984605265e-02 2.110595187842971641e-04 3.567035670356703825e-02 4.036421665258612193e-03 5.653409090909090884e-02 1.629233096706621774e-03 1.923076923076923184e-03 0.000000000000000000e+00 8.880608601148889947e-02 1.961608518985568164e-03 0.000000000000000000e+00 0.000000000000000000e+00 1.130308412724043317e-03 0.000000000000000000e+00 0.000000000000000000e+00 0.000000000000000000e+00 1.478196600147819659e-03 0.000000000000000000e+00 0.000000000000000000e+00 0.000000000000000000e+00 1.314060446780551932e-03 0.000000000000000000e+00 3.405994550408719223e-04 6.729475100942126573e-04 0.000000000000000000e+00 0.000000000000000000e+00 2.475247524752475278e-03 2.114164904862579370e-03 0.000000000000000000e+00 0.000000000000000000e+00 1.129943502824858797e-03 1.592356687898089252e-03 0.000000000000000000e+00 0.000000000000000000e+00 0.000000000000000000e+00 0.000000000000000000e+00 1.642935377875136879e-03 0.000000000000000000e+00 0.000000000000000000e+00 0.000000000000000000e+00 0.000000000000000000e+00 0.000000000000000000e+00 0.000000000000000000e+00 0.000000000000000000e+00 0.000000000000000000e+00 0.000000000000000000e+00 0.000000000000000000e+00 0.000000000000000000e+00
2.411091018685955316e-03 8.479003415712275948e-02 2.712477396021699839e-03 0.000000000000000000e+00 0.000000000000000000e+00 3.118430273300630551e-02 4.602510460251046237e-03 2.088764742396027330e-01 1.681614349775784837e-03 1.589403973509933773e-02 2.260583641594739179e-03 4.814889743071009559e-02 4.926108374384236509e-03 4.249942568343671040e-02 2.471910112359550389e-03 2.863023952095808400e-02 1.011940902651285116e-03 2.428743476515455788e-02 3.375746559335237630e-03 9.705002137665669215e-02 0.000000000000000000e+00 0.000000000000000000e+00 9.940357852882704057e-03 2.455787781350482202e-01 1.360544217687074736e-03 5.455259026687598461e-02 9.638554216867469427e-04 1.361007145287512722e-03 7.409602845287492287e-04 3.626731866340668353e-02 5.826374053214216503e-03 4.896313364055299849e-02 1.937984496124030981e-03 1.823738170347003265e-02 0.000000000000000000e+00 7.496251874062968270e-04 0.000000000000000000e+00 2.255378209576682988e-02 0.000000000000000000e+00 9.578544061302681498e-04 0.000000000000000000e+00 0.000000000000000000e+00 0.000000000000000000e+00 2.516778523489933157e-04 0.000000000000000000e+00 1.104972375690607819e-03 0.000000000000000000e+00 1.560792882784454614e-04 0.000000000000000000e+00 3.292877975350456260e-03 0.000000000000000000e+00 1.774336640051617014e-03 0.000000000000000000e+00 3.537318712415988631e-04 0.000000000000000000e+00 4.177109440267334772e-04 3.800836183960471242e-04 6.859555008354585939e-03 1.185536455245998804e-04 1.807563959955506283e-02 1.182312603452352791e-04 7.828810020876827026e-04 0.000000000000000000e+00 3.219056816352808682e-04 0.000000000000000000e+00 2.417302798982188215e-03 9.220839096357768324e-05 1.121900631658338809e-02 8.188666885031117447e-04 2.870409455466441453e-02 3.578217600357821906e-03 3.876842204073970011e-02 9.943181818181817157e-04 8.355638310252530565e-02 0.000000000000000000e+00 1.996007984031935960e-03 2.794597112249650774e-03 1.237214515903040518e-01 0.000000000000000000e+00 5.665722379603399701e-03 0.000000000000000000e+00 2.092050209205020795e-04 0.000000000000000000e+00 0.000000000000000000e+00 0.000000000000000000e+00 1.464281978872502806e-03 0.000000000000000000e+00 0.000000000000000000e+00 0.000000000000000000e+00 6.831767719897523629e-04 7.152588555858310423e-03 2.691790040376850629e-03 5.970149253731343343e-04 0.000000000000000000e+00 3.712871287128712700e-03 1.691331923890063496e-02 2.117148906139731945e-03 0.000000000000000000e+00 5.649717514124293766e-03 0.000000000000000000e+00 2.512562814070351796e-03 0.000000000000000000e+00 5.054151624548736295e-03 2.022536839063854546e-03 0.000000000000000000e+00 0.000000000000000000e+00 0.000000000000000000e+00 0.000000000000000000e+00 0.000000000000000000e+00 0.000000000000000000e+00 0.000000000000000000e+00 0.000000000000000000e+00 0.000000000000000000e+00 0.000000000000000000e+00 0.000000000000000000e+00 0.000000000000000000e+00
0.000000000000000000e+00 0.000000000000000000e+00 1.137476459510357862e-01 0.000000000000000000e+00 0.000000000000000000e+00 2.102312543798178206e-03 6.066945606694560712e-03 2.069108214359610903e-04 2.085201793721973007e-01 1.324503311258278145e-03 2.055076037813399032e-04 0.000000000000000000e+00 2.345765892563922168e-03 3.445899379738111604e-04 1.516853932584269760e-01 0.000000000000000000e+00 2.023881805302570449e-04 0.000000000000000000e+00 0.000000000000000000e+00 0.000000000000000000e+00 5.326460481099656169e-02 5.991611743559017511e-04 6.575929041137788811e-03 8.038585209003215343e-04 5.986394557823129098e-02 3.924646781789638619e-03 2.207228915662650670e-01 0.000000000000000000e+00 2.963841138114996915e-03 0.000000000000000000e+00 4.855311711011846797e-03 9.600614439324116735e-04 1.076658053402239449e-04 0.000000000000000000e+00 3.422313483915126573e-04 0.000000000000000000e+00 0.000000000000000000e+00 0.000000000000000000e+00 0.000000000000000000e+00 0.000000000000000000e+00 0.000000000000000000e+00 0.000000000000000000e+00 4.666900011667249933e-04 0.000000000000000000e+00 0.000000000000000000e+00 0.000000000000000000e+00 1.055806938159879272e-03 0.000000000000000000e+00 2.697963037906380888e-04 0.000000000000000000e+00 1.754847766956216660e-04 0.000000000000000000e+00 0.000000000000000000e+00 0.000000000000000000e+00 3.482500435312554585e-04 0.000000000000000000e+00 1.266945394653490504e-04 0.000000000000000000e+00 1.185536455245998804e-04 1.390433815350389311e-04 5.911563017261763954e-04 0.000000000000000000e+00 0.000000000000000000e+00 0.000000000000000000e+00 2.064409578860445810e-04 0.000000000000000000e+00 0.000000000000000000e+00 0.000000000000000000e+00 0.000000000000000000e+00 0.000000000000000000e+00 1.766744940176674661e-02 9.387027128508401773e-05 3.224431818181817955e-02 1.163737926219015495e-04 6.730769230769231143e-03 0.000000000000000000e+00 1.242043160999844716e-03 0.000000000000000000e+00 0.000000000000000000e+00 0.000000000000000000e+00 1.614726303891490453e-04 0.000000000000000000e+00 3.886010362694300446e-03 0.000000000000000000e+00 2.850807728856509342e-03 0.000000000000000000e+00 1.865671641791044741e-03 0.000000000000000000e+00 5.631687629059508281e-04 0.000000000000000000e+00 0.000000000000000000e+00 0.000000000000000000e+00 0.000000000000000000e+00 0.000000000000000000e+00 0.000000000000000000e+00 0.000000000000000000e+00 0.000000000000000000e+00 0.000000000000000000e+00 0.000000000000000000e+00 0.000000000000000000e+00 0.000000000000000000e+00 0.000000000000000000e+00 0.000000000000000000e+00 0.000000000000000000e+00 0.000000000000000000e+00 0.000000000000000000e+00 0.000000000000000000e+00 0.000000000000000000e+00 0.000000000000000000e+00 0.000000000000000000e+00 0.000000000000000000e+00 0.000000000000000000e+00 0.000000000000000000e+00 0.000000000000000000e+00 0.000000000000000000e+00 0.000000000000000000e+00
0.000000000000000000e+00 3.503854239663629802e-04 3.153468815697267093e-03 3.118430273300630551e-02 2.102312543798178206e-03 0.000000000000000000e+00 6.276150627615062656e-04 2.276019035795572021e-03 6.726457399103139348e-03 1.781456953642384100e-01 0.000000000000000000e+00 4.046125834513453375e-04 4.691531785127844010e-04 5.743165632896852493e-04 3.595505617977528233e-03 9.543413173652694204e-02 0.000000000000000000e+00 0.000000000000000000e+00 0.000000000000000000e+00 0.000000000000000000e+00 1.145475372279496041e-03 4.134212103055721899e-02 1.835142988224499087e-03 4.622186495176848660e-03 7.482993197278911372e-03 8.084772370486656423e-02 1.445783132530120522e-03 2.072133378700238282e-01 0.000000000000000000e+00 5.976636783482749612e-03 8.933773548261797828e-03 1.228878648233486942e-02 1.076658053402239449e-04 2.070189274447949666e-03 0.000000000000000000e+00 7.496251874062968270e-04 0.000000000000000000e+00 1.040943789035392048e-03 0.000000000000000000e+00 0.000000000000000000e+00 0.000000000000000000e+00 0.000000000000000000e+00 0.000000000000000000e+00 1.677852348993288500e-04 0.000000000000000000e+00 1.104972375690607738e-04 0.000000000000000000e+00 4.682378648353363571e-04 0.000000000000000000e+00 9.408222786715588772e-05 0.000000000000000000e+00 8.065166545689168246e-05 0.000000000000000000e+00 8.843296781039972120e-04 0.000000000000000000e+00 4.177109440267334772e-04 0.000000000000000000e+00 0.000000000000000000e+00 0.000000000000000000e+00 0.000000000000000000e+00 0.000000000000000000e+00 0.000000000000000000e+00 0.000000000000000000e+00 0.000000000000000000e+00 0.000000000000000000e+00 0.000000000000000000e+00 0.000000000000000000e+00 1.885547280098048492e-04 0.000000000000000000e+00 0.000000000000000000e+00 4.249133400424913269e-03 2.618980568853844157e-02 5.681818181818181542e-04 4.620039567089491428e-02 0.000000000000000000e+00 2.994011976047904373e-03 0.000000000000000000e+00 4.063331932184391197e-03 0.000000000000000000e+00 0.000000000000000000e+00 0.000000000000000000e+00 0.000000000000000000e+00 0.000000000000000000e+00 8.576329331046312482e-03 0.000000000000000000e+00 9.413241292751804061e-04 0.000000000000000000e+00 2.152852529601722090e-03 0.000000000000000000e+00 8.539709649871904265e-04 0.000000000000000000e+00 0.000000000000000000e+00 0.000000000000000000e+00 0.000000000000000000e+00 0.000000000000000000e+00 0.000000000000000000e+00 0.000000000000000000e+00 0.000000000000000000e+00 0.000000000000000000e+00 0.000000000000000000e+00 0.000000000000000000e+00 0.000000000000000000e+00 0.000000000000000000e+00 0.000000000000000000e+00 0.000000000000000000e+00 0.000000000000000000e+00 0.000000000000000000e+00 0.000000000000000000e+00 0.000000000000000000e+00 0.000000000000000000e+00 0.000000000000000000e+00 0.000000000000000000e+00 0.000000000000000000e+00 0.000000000000000000e+00 0.000000000000000000e+00 0.000000000000000000e+00
9.748953974895396835e-02 7.322175732217573460e-04 2.346234309623430880e-01 4.602510460251046237e-03 6.066945606694560712e-03 6.276150627615062656e-04 0.000000000000000000e+00 1.303538175046554948e-02 6.726457399103139001e-02 2.649006622516556289e-03 7.891491985203452630e-02 5.462269876593162272e-03 3.212526389866291465e-01 5.972892258212726853e-03 8.314606741573034310e-03 1.497005988023952187e-03 3.035822707953855348e-03 4.014452027298273944e-04 9.088548428979485727e-03 4.382214621633176953e-03 0.000000000000000000e+00 0.000000000000000000e+00 2.477443034103073843e-02 7.636655948553054685e-03 2.721088435374149472e-03 7.849293563579278323e-04 0.000000000000000000e+00 0.000000000000000000e+00 6.372258446947243540e-03 6.791632708503124363e-04 1.864439697028549142e-02 1.056067588325652895e-02 3.875968992248061962e-03 8.773659305993690080e-03 6.844626967830253145e-04 0.000000000000000000e+00 8.775778850372970745e-04 0.000000000000000000e+00 7.849293563579278323e-04 0.000000000000000000e+00 6.535947712418300852e-03 0.000000000000000000e+00 0.000000000000000000e+00 0.000000000000000000e+00 7.029876977152900268e-04 0.000000000000000000e+00 0.000000000000000000e+00 1.560792882784454614e-04 1.483879670848509353e-03 0.000000000000000000e+00 9.914889883302623400e-03 0.000000000000000000e+00 0.000000000000000000e+00 0.000000000000000000e+00 3.656625457078182314e-03 0.000000000000000000e+00 5.954643354871404747e-03 8.794301292762290187e-05 1.778304682868998149e-02 1.390433815350389311e-04 2.033577677938046974e-02 0.000000000000000000e+00 1.569858712715855665e-03 0.000000000000000000e+00 1.630883567299752299e-02 1.272264631043256984e-04 3.135085292761641447e-03 0.000000000000000000e+00 9.826400262037339635e-04 0.000000000000000000e+00 9.705915240970591773e-02 7.978973059232140341e-03 1.775568181818181976e-02 3.142092400791341930e-03 2.884615384615384776e-03 0.000000000000000000e+00 1.925166899549759364e-02 4.763906403250665542e-03 0.000000000000000000e+00 0.000000000000000000e+00 2.099144195058937588e-03 0.000000000000000000e+00 2.590673575129533775e-03 0.000000000000000000e+00 1.055854714391299756e-02 0.000000000000000000e+00 2.798507462686567002e-03 0.000000000000000000e+00 1.370377323071146972e-02 0.000000000000000000e+00 3.405994550408719223e-04 0.000000000000000000e+00 0.000000000000000000e+00 0.000000000000000000e+00 1.237623762376237639e-03 2.114164904862579370e-03 0.000000000000000000e+00 0.000000000000000000e+00 0.000000000000000000e+00 0.000000000000000000e+00 0.000000000000000000e+00 0.000000000000000000e+00 0.000000000000000000e+00 0.000000000000000000e+00 0.000000000000000000e+00 0.000000000000000000e+00 0.000000000000000000e+00 0.000000000000000000e+00 0.000000000000000000e+00 0.000000000000000000e+00 0.000000000000000000e+00 0.000000000000000000e+00 0.000000000000000000e+00 0.000000000000000000e+00 0.000000000000000000e+00 0.000000000000000000e+00
3.414028553693358031e-03 7.717773639561349708e-02 8.379888268156424416e-03 2.088764742396027330e-01 2.069108214359610903e-04 2.276019035795572021e-03 1.303538175046554948e-02 0.000000000000000000e+00 3.363228699551569674e-03 1.066225165562913885e-01 5.754212905877517832e-03 1.015577584462876853e-01 7.037297677691766069e-03 2.455777624626694355e-01 4.494382022471910291e-04 2.619760479041916001e-02 1.821493624772313295e-03 6.021678040947410319e-03 7.790184367696702424e-03 1.731509191962377070e-02 0.000000000000000000e+00 0.000000000000000000e+00 1.773971555283682458e-02 1.688102893890675374e-02 3.401360544217686948e-03 3.924646781789639161e-04 0.000000000000000000e+00 0.000000000000000000e+00 1.778304682868998192e-03 7.878293941863623306e-03 7.185861332297533224e-03 5.952380952380952051e-03 2.906976744186046471e-03 5.421924290220820307e-03 3.422313483915126573e-04 1.499250374812593654e-03 0.000000000000000000e+00 1.387925052047189398e-03 0.000000000000000000e+00 9.578544061302681498e-04 0.000000000000000000e+00 0.000000000000000000e+00 0.000000000000000000e+00 3.355704697986577000e-04 0.000000000000000000e+00 1.988950276243094117e-03 0.000000000000000000e+00 3.121585765568909228e-04 0.000000000000000000e+00 6.303509267099444667e-03 0.000000000000000000e+00 1.943705137511089753e-02 0.000000000000000000e+00 2.476123098691192150e-03 0.000000000000000000e+00 6.892230576441102374e-03 2.533890789306981008e-04 5.892181866150734276e-03 0.000000000000000000e+00 8.759733036707453499e-03 0.000000000000000000e+00 7.828810020876826592e-03 0.000000000000000000e+00 6.438113632705617364e-04 0.000000000000000000e+00 2.379134860050890685e-02 1.014292300599354624e-03 4.053926652210803824e-03 0.000000000000000000e+00 2.110595187842971912e-03 9.057363300905736658e-03 1.188397634469163661e-01 2.698863636363636395e-03 3.595950192016757890e-02 9.615384615384615918e-04 0.000000000000000000e+00 9.781089892873778141e-03 2.283872775676054276e-02 0.000000000000000000e+00 2.832861189801699851e-03 0.000000000000000000e+00 5.230125523012552069e-03 0.000000000000000000e+00 0.000000000000000000e+00 0.000000000000000000e+00 1.119129798138270016e-02 0.000000000000000000e+00 0.000000000000000000e+00 1.877229209686502760e-04 1.110162254483347544e-02 6.811989100817438447e-04 1.345895020188425315e-03 0.000000000000000000e+00 0.000000000000000000e+00 0.000000000000000000e+00 4.228329809725158740e-03 7.057163020465773151e-04 0.000000000000000000e+00 0.000000000000000000e+00 0.000000000000000000e+00 0.000000000000000000e+00 0.000000000000000000e+00 3.610108303249097276e-04 0.000000000000000000e+00 0.000000000000000000e+00 0.000000000000000000e+00 0.000000000000000000e+00 0.000000000000000000e+00 0.000000000000000000e+00 0.000000000000000000e+00 0.000000000000000000e+00 0.000000000000000000e+00 0.000000000000000000e+00 0.000000000000000000e+00 0.000000000000000000e+00 0.000000000000000000e+00
5.044843049327354077e-03 0.000000000000000000e+00 9.304932735426009460e-02 1.681614349775784837e-03 2.085201793721973007e-01 6.726457399103139348e-03 6.726457399103139001e-02 3.363228699551569674e-03 0.000000000000000000e+00 1.125827814569536379e-02 1.027538018906699489e-03 0.000000000000000000e+00 1.524747830166549301e-02 4.594532506317482320e-04 1.146067415730337019e-01 3.555389221556886064e-03 2.023881805302570449e-04 0.000000000000000000e+00 1.298364061282783683e-04 0.000000000000000000e+00 0.000000000000000000e+00 0.000000000000000000e+00 2.905643064688790203e-03 6.028938906752412050e-04 4.081632653061224858e-03 6.279434850863422658e-03 3.855421686746987771e-03 2.722014290575025443e-03 1.630112625963248433e-03 1.358326541700624764e-04 6.991648863857059283e-03 1.152073732718894008e-03 1.076658053402239449e-04 0.000000000000000000e+00 3.422313483915126573e-04 0.000000000000000000e+00 4.387889425186485373e-04 0.000000000000000000e+00 0.000000000000000000e+00 0.000000000000000000e+00 0.000000000000000000e+00 0.000000000000000000e+00 0.000000000000000000e+00 0.000000000000000000e+00 0.000000000000000000e+00 0.000000000000000000e+00 3.016591251885369657e-04 0.000000000000000000e+00 0.000000000000000000e+00 0.000000000000000000e+00 1.754847766956216660e-04 0.000000000000000000e+00 0.000000000000000000e+00 0.000000000000000000e+00 0.000000000000000000e+00 0.000000000000000000e+00 2.533890789306981008e-04 0.000000000000000000e+00 2.371072910491997608e-04 0.000000000000000000e+00 7.093875620714116745e-04 0.000000000000000000e+00 1.962323390894819581e-04 1.609528408176404341e-04 4.128819157720891621e-04 0.000000000000000000e+00 0.000000000000000000e+00 0.000000000000000000e+00 1.637733377006223272e-04 0.000000000000000000e+00 9.840098400984010132e-03 1.314183797991176194e-03 2.073863636363636534e-02 4.654951704876061978e-04 4.807692307692307959e-03 0.000000000000000000e+00 1.242043160999844716e-03 0.000000000000000000e+00 0.000000000000000000e+00 0.000000000000000000e+00 3.229452607782980905e-04 0.000000000000000000e+00 0.000000000000000000e+00 0.000000000000000000e+00 5.279273571956498781e-04 0.000000000000000000e+00 0.000000000000000000e+00 0.000000000000000000e+00 1.877229209686502760e-04 0.000000000000000000e+00 0.000000000000000000e+00 0.000000000000000000e+00 0.000000000000000000e+00 0.000000000000000000e+00 0.000000000000000000e+00 0.000000000000000000e+00 0.000000000000000000e+00 0.000000000000000000e+00 0.000000000000000000e+00 0.000000000000000000e+00 0.000000000000000000e+00 0.000000000000000000e+00 0.000000000000000000e+00 0.000000000000000000e+00 0.000000000000000000e+00 0.000000000000000000e+00 0.000000000000000000e+00 0.000000000000000000e+00 0.000000000000000000e+00 0.000000000000000000e+00 0.000000000000000000e+00 0.000000000000000000e+00 0.000000000000000000e+00 0.000000000000000000e+00 0.000000000000000000e+00 0.000000000000000000e+00
0.000000000000000000e+00 5.298013245033112578e-03 2.649006622516556289e-03 1.589403973509933773e-02 1.324503311258278145e-03 1.781456953642384100e-01 2.649006622516556289e-03 1.066225165562913885e-01 1.125827814569536379e-02 0.000000000000000000e+00 0.000000000000000000e+00 1.618450333805381350e-03 3.518648838845883143e-04 6.662072134160349282e-03 4.044943820224719370e-03 9.225299401197604998e-02 0.000000000000000000e+00 0.000000000000000000e+00 0.000000000000000000e+00 3.206498503634031732e-04 0.000000000000000000e+00 0.000000000000000000e+00 1.682214405872457623e-03 8.038585209003215343e-04 2.040816326530612429e-03 0.000000000000000000e+00 0.000000000000000000e+00 1.020755358965634487e-03 2.963841138114996806e-04 4.346644933441999245e-03 5.437949116333268620e-03 4.992319508448540485e-03 1.076658053402239449e-04 1.084384858044164018e-03 0.000000000000000000e+00 7.496251874062968270e-04 0.000000000000000000e+00 3.469812630117973494e-04 0.000000000000000000e+00 0.000000000000000000e+00 0.000000000000000000e+00 0.000000000000000000e+00 0.000000000000000000e+00 3.355704697986577000e-04 0.000000000000000000e+00 0.000000000000000000e+00 0.000000000000000000e+00 4.682378648353363571e-04 0.000000000000000000e+00 9.408222786715588772e-05 0.000000000000000000e+00 1.613033309137833649e-04 0.000000000000000000e+00 3.537318712415988631e-04 0.000000000000000000e+00 4.177109440267334772e-04 0.000000000000000000e+00 8.794301292762290187e-05 0.000000000000000000e+00 1.390433815350389311e-04 0.000000000000000000e+00 0.000000000000000000e+00 0.000000000000000000e+00 1.609528408176404341e-04 0.000000000000000000e+00 5.089058524173027936e-04 0.000000000000000000e+00 9.427736400490242460e-05 0.000000000000000000e+00 0.000000000000000000e+00 3.019121100301912219e-03 5.538346005819956910e-03 5.681818181818181542e-04 1.803793785639474026e-02 0.000000000000000000e+00 9.980039920159679799e-04 0.000000000000000000e+00 3.642987249544626591e-03 0.000000000000000000e+00 0.000000000000000000e+00 0.000000000000000000e+00 4.184100418410041590e-04 0.000000000000000000e+00 1.715265866209262410e-03 0.000000000000000000e+00 1.150507269114109301e-03 0.000000000000000000e+00 0.000000000000000000e+00 0.000000000000000000e+00 6.831767719897523629e-04 0.000000000000000000e+00 0.000000000000000000e+00 0.000000000000000000e+00 0.000000000000000000e+00 0.000000000000000000e+00 2.114164904862579370e-03 0.000000000000000000e+00 0.000000000000000000e+00 0.000000000000000000e+00 0.000000000000000000e+00 0.000000000000000000e+00 0.000000000000000000e+00 3.610108303249097276e-04 0.000000000000000000e+00 5.476451259583789595e-04 0.000000000000000000e+00 0.000000000000000000e+00 0.000000000000000000e+00 0.000000000000000000e+00 0.000000000000000000e+00 0.000000000000000000e+00 0.000000000000000000e+00 0.000000000000000000e+00 0.000000000000000000e+00 0.000000000000000000e+00 0.000000000000000000e+00
2.741471434443074617e-01 2.055076037813399032e-04 5.219893136046033916e-02 2.260583641594739179e-03 2.055076037813399032e-04 0.000000000000000000e+00 7.891491985203452630e-02 5.754212905877517832e-03 1.027538018906699489e-03 0.000000000000000000e+00 0.000000000000000000e+00 2.427675500708072025e-03 8.221909453436547499e-02 1.837813002526992928e-03 6.516853932584269760e-03 0.000000000000000000e+00 6.071645415907710869e-02 0.000000000000000000e+00 1.025707608413399183e-02 1.282599401453612693e-03 0.000000000000000000e+00 0.000000000000000000e+00 1.361064382933170266e-02 2.411575562700964820e-03 0.000000000000000000e+00 0.000000000000000000e+00 0.000000000000000000e+00 0.000000000000000000e+00 4.460580912863070652e-02 1.358326541700624764e-04 5.826374053214216503e-03 1.152073732718894008e-03 1.291989664082687393e-03 3.351735015772870641e-03 3.422313483915126573e-04 0.000000000000000000e+00 4.387889425186485373e-04 0.000000000000000000e+00 0.000000000000000000e+00 0.000000000000000000e+00 0.000000000000000000e+00 0.000000000000000000e+00 0.000000000000000000e+00 0.000000000000000000e+00 1.757469244288225067e-04 0.000000000000000000e+00 0.000000000000000000e+00 0.000000000000000000e+00 1.348981518953190444e-04 0.000000000000000000e+00 3.070983592173379129e-03 0.000000000000000000e+00 0.000000000000000000e+00 0.000000000000000000e+00 1.218875152359394105e-03 0.000000000000000000e+00 8.108450525782339227e-03 0.000000000000000000e+00 3.082394783639596809e-03 0.000000000000000000e+00 2.175455190352329135e-02 0.000000000000000000e+00 3.728414442700157122e-03 0.000000000000000000e+00 1.507018992568125507e-02 0.000000000000000000e+00 1.567542646380820724e-03 9.427736400490242460e-05 1.146413363904356291e-03 0.000000000000000000e+00 4.293861120429386113e-02 1.783535154416596201e-03 6.676136363636363258e-03 3.491213778657046348e-04 0.000000000000000000e+00 0.000000000000000000e+00 3.058531283962117805e-02 5.604595768530194755e-04 0.000000000000000000e+00 0.000000000000000000e+00 1.130308412724043317e-03 0.000000000000000000e+00 0.000000000000000000e+00 0.000000000000000000e+00 7.918910357934749039e-03 0.000000000000000000e+00 9.328358208955223703e-04 0.000000000000000000e+00 7.321193917777360331e-03 0.000000000000000000e+00 3.405994550408719223e-04 0.000000000000000000e+00 0.000000000000000000e+00 0.000000000000000000e+00 0.000000000000000000e+00 0.000000000000000000e+00 0.000000000000000000e+00 0.000000000000000000e+00 0.000000000000000000e+00 0.000000000000000000e+00 0.000000000000000000e+00 0.000000000000000000e+00 0.000000000000000000e+00 0.000000000000000000e+00 0.000000000000000000e+00 0.000000000000000000e+00 0.000000000000000000e+00 0.000000000000000000e+00 0.000000000000000000e+00 0.000000000000000000e+00 0.000000000000000000e+00 0.000000000000000000e+00 0.000000000000000000e+00 0.000000000000000000e+00 0.000000000000000000e+00 0.000000000000000000e+00
2.023062917256726687e-03 8.577786769168521674e-02 2.023062917256726687e-03 4.814889743071009559e-02 0.000000000000000000e+00 4.046125834513453375e-04 5.462269876593162272e-03 1.015577584462876853e-01 0.000000000000000000e+00 1.618450333805381350e-03 2.427675500708072025e-03 0.000000000000000000e+00 8.210180623973727153e-04 1.637950838502182371e-01 0.000000000000000000e+00 1.104041916167664700e-02 0.000000000000000000e+00 2.729827378562826173e-02 1.947546091924175606e-03 1.261222744762719068e-02 0.000000000000000000e+00 0.000000000000000000e+00 2.446857317632665594e-03 8.239549839228295022e-03 0.000000000000000000e+00 0.000000000000000000e+00 0.000000000000000000e+00 0.000000000000000000e+00 2.963841138114996806e-04 4.333061668024993512e-02 2.330549621285686428e-03 1.344086021505376451e-03 5.383290267011197651e-04 4.929022082018927157e-03 0.000000000000000000e+00 0.000000000000000000e+00 0.000000000000000000e+00 6.939625260235946988e-04 0.000000000000000000e+00 9.578544061302681498e-04 0.000000000000000000e+00 0.000000000000000000e+00 0.000000000000000000e+00 0.000000000000000000e+00 0.000000000000000000e+00 3.314917127071823348e-04 0.000000000000000000e+00 0.000000000000000000e+00 0.000000000000000000e+00 1.223068962273026567e-03 0.000000000000000000e+00 5.806919912896201137e-03 0.000000000000000000e+00 1.768659356207994316e-04 0.000000000000000000e+00 3.341687552213867818e-03 1.266945394653490504e-04 8.178700202268929589e-03 1.185536455245998804e-04 3.197997775305895605e-03 0.000000000000000000e+00 1.278705636743215045e-02 0.000000000000000000e+00 1.094479317559955006e-02 0.000000000000000000e+00 1.590330788804071235e-02 9.220839096357768324e-05 2.451211464127463040e-03 1.637733377006223272e-04 6.331785563528914652e-04 3.019121100301912219e-03 4.102130855158171718e-02 2.840909090909090771e-04 1.477947166298149671e-02 0.000000000000000000e+00 0.000000000000000000e+00 2.484086321999689432e-03 9.387697912288077082e-03 0.000000000000000000e+00 1.416430594900849882e-02 0.000000000000000000e+00 1.422594142259414260e-02 0.000000000000000000e+00 0.000000000000000000e+00 0.000000000000000000e+00 1.903566572534253626e-02 0.000000000000000000e+00 0.000000000000000000e+00 0.000000000000000000e+00 1.058923996584116081e-02 3.405994550408719223e-04 0.000000000000000000e+00 0.000000000000000000e+00 1.355013550135501354e-03 0.000000000000000000e+00 4.228329809725158740e-03 0.000000000000000000e+00 0.000000000000000000e+00 1.129943502824858797e-03 0.000000000000000000e+00 0.000000000000000000e+00 0.000000000000000000e+00 0.000000000000000000e+00 0.000000000000000000e+00 0.000000000000000000e+00 0.000000000000000000e+00 0.000000000000000000e+00 0.000000000000000000e+00 0.000000000000000000e+00 0.000000000000000000e+00 0.000000000000000000e+00 0.000000000000000000e+00 0.000000000000000000e+00 0.000000000000000000e+00 0.000000000000000000e+00 0.000000000000000000e+00
4.374853389631714468e-02 0.000000000000000000e+00 8.421299554304480239e-02 4.926108374384236509e-03 2.345765892563922168e-03 4.691531785127844010e-04 3.212526389866291465e-01 7.037297677691766069e-03 1.524747830166549301e-02 3.518648838845883143e-04 8.221909453436547499e-02 8.210180623973727153e-04 0.000000000000000000e+00 2.756719503790489283e-03 1.748314606741573074e-01 1.122754491017964032e-03 3.845375430074883527e-03 0.000000000000000000e+00 6.751493118670475260e-03 4.275331338178708614e-04 0.000000000000000000e+00 5.991611743559017511e-04 4.679614619972472661e-02 5.627009646302250957e-03 0.000000000000000000e+00 3.924646781789639161e-04 0.000000000000000000e+00 0.000000000000000000e+00 7.379964433906342769e-02 5.433306166802499056e-04 2.349970868129733909e-02 1.056067588325652895e-02 2.583979328165374786e-03 1.774447949526813907e-03 1.368925393566050629e-03 0.000000000000000000e+00 8.775778850372970745e-04 0.000000000000000000e+00 7.849293563579278323e-04 0.000000000000000000e+00 0.000000000000000000e+00 0.000000000000000000e+00 0.000000000000000000e+00 0.000000000000000000e+00 5.272407732864675201e-04 0.000000000000000000e+00 0.000000000000000000e+00 0.000000000000000000e+00 1.348981518953190444e-04 0.000000000000000000e+00 5.703255242607703848e-03 8.065166545689168246e-05 3.562522265764160936e-04 0.000000000000000000e+00 2.786000348250043668e-03 0.000000000000000000e+00 4.561003420752565707e-03 1.758860258552458037e-04 4.860699466508595218e-03 0.000000000000000000e+00 2.009931425868999658e-02 0.000000000000000000e+00 4.513343799058084846e-03 0.000000000000000000e+00 2.332782824112304004e-02 0.000000000000000000e+00 2.766251728907330714e-03 0.000000000000000000e+00 1.310186701604978618e-03 0.000000000000000000e+00 6.642066420664206883e-02 3.567070308833192403e-03 2.130681818181818024e-02 1.396485511462818539e-03 2.884615384615384776e-03 0.000000000000000000e+00 3.508771929824561209e-02 2.241838307412077902e-03 2.713704206241519465e-03 0.000000000000000000e+00 4.036815759728726132e-03 0.000000000000000000e+00 1.295336787564766888e-03 0.000000000000000000e+00 1.414845317284341673e-02 1.045915699194644881e-04 9.328358208955223703e-04 0.000000000000000000e+00 1.257743570489956893e-02 0.000000000000000000e+00 0.000000000000000000e+00 0.000000000000000000e+00 0.000000000000000000e+00 0.000000000000000000e+00 0.000000000000000000e+00 0.000000000000000000e+00 0.000000000000000000e+00 0.000000000000000000e+00 1.129943502824858797e-03 1.592356687898089252e-03 0.000000000000000000e+00 0.000000000000000000e+00 3.610108303249097276e-04 0.000000000000000000e+00 0.000000000000000000e+00 0.000000000000000000e+00 0.000000000000000000e+00 0.000000000000000000e+00 0.000000000000000000e+00 0.000000000000000000e+00 0.000000000000000000e+00 0.000000000000000000e+00 0.000000000000000000e+00 0.000000000000000000e+00 0.000000000000000000e+00 0.000000000000000000e+00
