2.596040260452907589e-01 4.853805531337166967e-01 3.232203100558300735e-01 4.826007194605474449e-01 3.509643123504919138e-01 0.000000000000000000e+00 3.371882606295918405e-01 4.741445930121704344e-01 3.262774648827637680e-01 0.000000000000000000e+00 3.105571866844952789e-01 4.797095216293281728e-01 3.403415897055941941e-01 4.579047434659470062e-01 3.628628047383635757e-01 0.000000000000000000e+00 2.705895360771289337e-01 4.741184731706096778e-01 3.721921520707198172e-01 5.014824974849588779e-01 0.000000000000000000e+00 0.000000000000000000e+00 4.004055720234885873e-01 4.319615434782608787e-01 0.000000000000000000e+00 0.000000000000000000e+00 0.000000000000000000e+00 0.000000000000000000e+00 3.830228908380524100e-01 4.717709554745315725e-01 3.966686606090714107e-01 0.000000000000000000e+00 4.122622544606234229e-01 4.947250235145521646e-01 0.000000000000000000e+00 0.000000000000000000e+00 4.692296017938105690e-01 5.043543476248484314e-01 4.084020322802220382e-01 0.000000000000000000e+00 3.756554482758621138e-01 0.000000000000000000e+00 0.000000000000000000e+00 0.000000000000000000e+00 0.000000000000000000e+00 4.933260769230768950e-01 3.859673873873873950e-01 0.000000000000000000e+00 3.434225913978494749e-01 4.786232869565217318e-01 3.656336859376288495e-01 4.554983467741935410e-01 4.112448655462183633e-01 0.000000000000000000e+00 3.527786582332597676e-01 0.000000000000000000e+00 3.129474802237667830e-01 4.865357630965441160e-01 3.863160706572331682e-01 4.890354427556604100e-01 3.813297629072319728e-01 4.205883504273503770e-01 3.705326953441193116e-01 4.414664587155963105e-01 3.807542210157283669e-01 4.904103609877912273e-01 3.807138272619060015e-01 4.845221070918004358e-01 3.316268640274407931e-01 4.976248972304757046e-01 3.477512885424344224e-01 4.999670401127672137e-01 3.665852514242514126e-01 4.548982495147763649e-01 0.000000000000000000e+00 0.000000000000000000e+00 3.846029273011922212e-01 4.717917734202229374e-01 3.690756638998682337e-01 0.000000000000000000e+00 3.764203354271802859e-01 4.798655948275861727e-01 0.000000000000000000e+00 4.574698602941176806e-01 3.820221102284386272e-01 0.000000000000000000e+00 0.000000000000000000e+00 0.000000000000000000e+00 3.781765947118243543e-01 0.000000000000000000e+00 4.354370521853710985e-01 4.154954348484848348e-01 0.000000000000000000e+00 4.271499028940068388e-01 4.142755981948831878e-01 4.422587112557887501e-01 0.000000000000000000e+00 0.000000000000000000e+00 0.000000000000000000e+00 4.208133805309734465e-01 0.000000000000000000e+00 0.000000000000000000e+00 3.960241685423728786e-01 4.276768752784739225e-01 4.032116991561180974e-01 0.000000000000000000e+00 0.000000000000000000e+00 4.452505761009175056e-01 0.000000000000000000e+00 0.000000000000000000e+00 0.000000000000000000e+00 0.000000000000000000e+00 0.000000000000000000e+00 0.000000000000000000e+00 0.000000000000000000e+00 0.000000000000000000e+00
4.853805531337166967e-01 2.665540263291215073e-01 5.102182447640921659e-01 3.328430334700490656e-01 0.000000000000000000e+00 3.088872577149912035e-01 4.869056375001196701e-01 3.287609391313726648e-01 0.000000000000000000e+00 2.884883683152653644e-01 0.000000000000000000e+00 3.567973852741057605e-01 0.000000000000000000e+00 3.656668718134376550e-01 0.000000000000000000e+00 3.743140518410852380e-01 4.793824926826719124e-01 3.283518728313514212e-01 4.998372752062029689e-01 3.768743391396209841e-01 0.000000000000000000e+00 0.000000000000000000e+00 4.686019689440993896e-01 3.718220740314630568e-01 0.000000000000000000e+00 3.562062584269662935e-01 0.000000000000000000e+00 2.665299473684210607e-01 4.893748149780289269e-01 3.773732562525290435e-01 0.000000000000000000e+00 3.777250886075949610e-01 4.870764907669328236e-01 4.310081452674395242e-01 0.000000000000000000e+00 4.002755222222221243e-01 5.073974503602757258e-01 4.488757826060286726e-01 0.000000000000000000e+00 5.075357398705401257e-01 0.000000000000000000e+00 0.000000000000000000e+00 0.000000000000000000e+00 4.147892583333333549e-01 0.000000000000000000e+00 4.231489705038684601e-01 0.000000000000000000e+00 4.276659401709401731e-01 5.029268666666666387e-01 4.214399118575753445e-01 0.000000000000000000e+00 3.722130126797014160e-01 0.000000000000000000e+00 4.218019924242424334e-01 0.000000000000000000e+00 3.741365653791695611e-01 4.611611733078341824e-01 3.045568793955402143e-01 4.809914526603386586e-01 3.866665715303690964e-01 4.581181113843181274e-01 3.708046507077998877e-01 4.640029999999999433e-01 3.728067060426929480e-01 0.000000000000000000e+00 3.776933489105372965e-01 4.748926698487663800e-01 3.913809338231388213e-01 4.932102800162077028e-01 2.714691747256460785e-01 4.639293139225034168e-01 3.434369263891650093e-01 4.625886440752575157e-01 3.695413791961311700e-01 3.725287075471697684e-01 0.000000000000000000e+00 4.705093717585196456e-01 3.810739987025342224e-01 0.000000000000000000e+00 0.000000000000000000e+00 4.822108144329896873e-01 4.197642511580838010e-01 0.000000000000000000e+00 2.352185369623656097e-01 4.645863643410852450e-01 4.004628886740418947e-01 0.000000000000000000e+00 0.000000000000000000e+00 4.369937132352941234e-01 4.058548876958000262e-01 4.748829477465593696e-01 4.179970600914355572e-01 4.284678320325269185e-01 4.055750273796620009e-01 4.486413752436908542e-01 4.265432238185346558e-01 4.624941864406780234e-01 0.000000000000000000e+00 4.939735223880595272e-01 4.427666485054548851e-01 0.000000000000000000e+00 0.000000000000000000e+00 4.705596048387097330e-01 3.937174455108596316e-01 0.000000000000000000e+00 4.318644894407951962e-01 0.000000000000000000e+00 0.000000000000000000e+00 0.000000000000000000e+00 0.000000000000000000e+00 0.000000000000000000e+00 0.000000000000000000e+00 0.000000000000000000e+00 0.000000000000000000e+00 0.000000000000000000e+00 0.000000000000000000e+00
3.232203100558300735e-01 5.102182447640921659e-01 2.351050396226817829e-01 4.205054724859584314e-01 1.778255177565681300e-01 3.932587877601820825e-01 2.572646106868615168e-01 4.334268700562668997e-01 2.010992279221105183e-01 4.096416746494096484e-01 3.609732510488509183e-01 4.289358950450326557e-01 3.087456854431105402e-01 4.332331791667121124e-01 2.870686622484720507e-01 4.109143044726057958e-01 3.486517946907840559e-01 4.651273156146179533e-01 2.907749628096540917e-01 4.736826354844035913e-01 0.000000000000000000e+00 0.000000000000000000e+00 2.312488618552090147e-01 4.368199923236227300e-01 1.870394343748665034e-01 4.163270389692039775e-01 2.415550920346300479e-01 0.000000000000000000e+00 3.230830056260025618e-01 4.494692489207953723e-01 3.176884109953567181e-01 3.998309559696820448e-01 3.663065564999198886e-01 4.495575510703686550e-01 3.708379253534627162e-01 0.000000000000000000e+00 4.481167654607297601e-01 4.374267344899539500e-01 4.135819058823529404e-01 0.000000000000000000e+00 3.462353294117647140e-01 0.000000000000000000e+00 4.158165855855429083e-01 0.000000000000000000e+00 0.000000000000000000e+00 0.000000000000000000e+00 4.175705454563294339e-01 0.000000000000000000e+00 3.972797463040769750e-01 0.000000000000000000e+00 3.604454086451323036e-01 4.408158895705521774e-01 3.568892753526645700e-01 0.000000000000000000e+00 3.426705775862069481e-01 0.000000000000000000e+00 3.912357676373723891e-01 0.000000000000000000e+00 4.064732774225601197e-01 0.000000000000000000e+00 3.748430318081683588e-01 0.000000000000000000e+00 3.079726666666667279e-01 0.000000000000000000e+00 3.617415506539523595e-01 0.000000000000000000e+00 4.039639362299332626e-01 5.020280900000000379e-01 3.970089392622127011e-01 0.000000000000000000e+00 3.195667674301687633e-01 4.863974764034283971e-01 3.133138544350292376e-01 4.366337973841458164e-01 0.000000000000000000e+00 0.000000000000000000e+00 3.605802679718093651e-01 4.533166031070151036e-01 0.000000000000000000e+00 0.000000000000000000e+00 3.456695816159208179e-01 0.000000000000000000e+00 0.000000000000000000e+00 0.000000000000000000e+00 3.573656414111336943e-01 4.770361452835911731e-01 3.860644731678147812e-01 0.000000000000000000e+00 3.605686155057995501e-01 0.000000000000000000e+00 0.000000000000000000e+00 4.049656351177408076e-01 0.000000000000000000e+00 4.084571887497876475e-01 3.986587262456358638e-01 3.839937976925819618e-01 0.000000000000000000e+00 0.000000000000000000e+00 0.000000000000000000e+00 0.000000000000000000e+00 0.000000000000000000e+00 4.319122977099236760e-01 0.000000000000000000e+00 3.988010012011019012e-01 3.709552371590183473e-01 0.000000000000000000e+00 0.000000000000000000e+00 0.000000000000000000e+00 0.000000000000000000e+00 0.000000000000000000e+00 0.000000000000000000e+00 0.000000000000000000e+00 0.000000000000000000e+00 0.000000000000000000e+00 0.000000000000000000e+00 0.000000000000000000e+00
4.826007194605474449e-01 3.328430334700490656e-01 4.205054724859584314e-01 1.961373874924484950e-01 3.654970900619935459e-01 2.469228714138587966e-01 4.435850533813712193e-01 2.678365512165218343e-01 4.119924562952897995e-01 2.556269601797733770e-01 4.393268956496675370e-01 3.599914722118908172e-01 4.162742295295095429e-01 3.236858838303213193e-01 4.150459418604651729e-01 2.824355787822674380e-01 4.614932951586591114e-01 3.792577906554822631e-01 4.898570339119307504e-01 3.238587163742395747e-01 0.000000000000000000e+00 0.000000000000000000e+00 4.289784881592023646e-01 1.925651927224786564e-01 4.067808618503103713e-01 2.344323840662025371e-01 0.000000000000000000e+00 2.687110707751411698e-01 4.340210149381476534e-01 3.385695552192307112e-01 3.846733472298606848e-01 2.974725817806395112e-01 4.642287780150674559e-01 3.480951083464315365e-01 0.000000000000000000e+00 0.000000000000000000e+00 0.000000000000000000e+00 4.256231601022663069e-01 0.000000000000000000e+00 4.624808970588235590e-01 0.000000000000000000e+00 3.590890732558139620e-01 0.000000000000000000e+00 0.000000000000000000e+00 0.000000000000000000e+00 4.075237925869305555e-01 0.000000000000000000e+00 4.135529166666666590e-01 0.000000000000000000e+00 4.122185880223510623e-01 0.000000000000000000e+00 3.809225348167646907e-01 0.000000000000000000e+00 4.230230553193014553e-01 0.000000000000000000e+00 3.682044617028510936e-01 4.909030732622609028e-01 3.930224765896312977e-01 5.324869908256880668e-01 4.080375934728389664e-01 4.655096944501064260e-01 3.824267314618843283e-01 0.000000000000000000e+00 4.084288859883112299e-01 0.000000000000000000e+00 3.839947540563521944e-01 4.332277110014923216e-01 4.132325671690007529e-01 4.952257518071295772e-01 3.965288918672054130e-01 4.846167764365381658e-01 3.561902896526987217e-01 4.423492443893470849e-01 3.372717424733795433e-01 0.000000000000000000e+00 0.000000000000000000e+00 4.534044981095916027e-01 3.894081912923427202e-01 0.000000000000000000e+00 0.000000000000000000e+00 0.000000000000000000e+00 3.903713624645877012e-01 0.000000000000000000e+00 3.747129205206805591e-01 4.602755360337117407e-01 3.782649079755380228e-01 0.000000000000000000e+00 3.705506951666666660e-01 0.000000000000000000e+00 3.529644240569989044e-01 0.000000000000000000e+00 0.000000000000000000e+00 0.000000000000000000e+00 4.026051899240303822e-01 4.406140055742564510e-01 4.135854956456608833e-01 0.000000000000000000e+00 0.000000000000000000e+00 0.000000000000000000e+00 3.287884954954954919e-01 4.431546319999999928e-01 0.000000000000000000e+00 0.000000000000000000e+00 4.122819150769587160e-01 0.000000000000000000e+00 3.981686657822246511e-01 0.000000000000000000e+00 0.000000000000000000e+00 0.000000000000000000e+00 0.000000000000000000e+00 0.000000000000000000e+00 0.000000000000000000e+00 0.000000000000000000e+00 0.000000000000000000e+00 0.000000000000000000e+00 0.000000000000000000e+00
3.509643123504919138e-01 0.000000000000000000e+00 1.778255177565681300e-01 3.654970900619935459e-01 2.304279229644657645e-01 4.339818501237633352e-01 1.597132354232690676e-01 4.212045240000000246e-01 1.743354562430411425e-01 4.441151720785946333e-01 2.911113343537414799e-01 0.000000000000000000e+00 3.148909630016739070e-01 3.736667499999999364e-01 2.706876588544307460e-01 4.376603020512860320e-01 3.368669846153846681e-01 0.000000000000000000e+00 3.389909576353755116e-01 0.000000000000000000e+00 2.882475785287932912e-01 4.942418157894737374e-01 2.557100726167861326e-01 4.148746544592175067e-01 1.666182003565464809e-01 4.666233143218934676e-01 2.552841965059375884e-01 4.396435799055691263e-01 3.056631358617210581e-01 0.000000000000000000e+00 3.425605754464949304e-01 3.956404548610229499e-01 3.760261490370239157e-01 3.547205822222221916e-01 0.000000000000000000e+00 0.000000000000000000e+00 3.880123611111110371e-01 0.000000000000000000e+00 0.000000000000000000e+00 0.000000000000000000e+00 0.000000000000000000e+00 0.000000000000000000e+00 4.614349354545454474e-01 0.000000000000000000e+00 0.000000000000000000e+00 0.000000000000000000e+00 4.410425959595959400e-01 0.000000000000000000e+00 0.000000000000000000e+00 0.000000000000000000e+00 4.113873021481879722e-01 0.000000000000000000e+00 0.000000000000000000e+00 0.000000000000000000e+00 4.305123914750632053e-01 0.000000000000000000e+00 3.533071101694915117e-01 0.000000000000000000e+00 0.000000000000000000e+00 0.000000000000000000e+00 3.753366050483871730e-01 0.000000000000000000e+00 0.000000000000000000e+00 0.000000000000000000e+00 3.621981456310681136e-01 0.000000000000000000e+00 4.060386069047619007e-01 0.000000000000000000e+00 4.075772476190476223e-01 0.000000000000000000e+00 3.184935280368276778e-01 4.988574877381984907e-01 3.102054952304553193e-01 4.174139277765486211e-01 0.000000000000000000e+00 0.000000000000000000e+00 3.281860914839295207e-01 0.000000000000000000e+00 3.278849600000000031e-01 0.000000000000000000e+00 3.270450418832632766e-01 0.000000000000000000e+00 2.874451600000000329e-01 0.000000000000000000e+00 3.668770413419197851e-01 0.000000000000000000e+00 0.000000000000000000e+00 0.000000000000000000e+00 4.020281389731030219e-01 0.000000000000000000e+00 0.000000000000000000e+00 0.000000000000000000e+00 0.000000000000000000e+00 0.000000000000000000e+00 0.000000000000000000e+00 3.072188488372092907e-01 0.000000000000000000e+00 0.000000000000000000e+00 0.000000000000000000e+00 0.000000000000000000e+00 0.000000000000000000e+00 0.000000000000000000e+00 0.000000000000000000e+00 0.000000000000000000e+00 0.000000000000000000e+00 0.000000000000000000e+00 0.000000000000000000e+00 0.000000000000000000e+00 0.000000000000000000e+00 0.000000000000000000e+00 0.000000000000000000e+00 0.000000000000000000e+00 0.000000000000000000e+00 0.000000000000000000e+00 0.000000000000000000e+00 0.000000000000000000e+00
0.000000000000000000e+00 3.088872577149912035e-01 3.932587877601820825e-01 2.469228714138587966e-01 4.339818501237633352e-01 1.795446097254293771e-01 4.076898933333333308e-01 2.200644232210269835e-01 4.000644534032474220e-01 1.822258341840480855e-01 0.000000000000000000e+00 2.919004992823651112e-01 0.000000000000000000e+00 2.896155459179929337e-01 4.342098080954079897e-01 2.479778151001796604e-01 0.000000000000000000e+00 0.000000000000000000e+00 0.000000000000000000e+00 3.434527791376726369e-01 4.566376338181643568e-01 3.162339036872018339e-01 4.111392636991796357e-01 1.795548906609702455e-01 4.327315155584088857e-01 1.296037281392790896e-01 4.656533814507196611e-01 2.307476200800500921e-01 3.873507200000000372e-01 2.766677161641232230e-01 3.964250729607424195e-01 2.519921609616748159e-01 0.000000000000000000e+00 3.278780093943486351e-01 0.000000000000000000e+00 0.000000000000000000e+00 0.000000000000000000e+00 3.993541718312337285e-01 0.000000000000000000e+00 0.000000000000000000e+00 0.000000000000000000e+00 0.000000000000000000e+00 0.000000000000000000e+00 4.110705579365079854e-01 0.000000000000000000e+00 0.000000000000000000e+00 0.000000000000000000e+00 4.469407195887850626e-01 0.000000000000000000e+00 3.565794851950354616e-01 0.000000000000000000e+00 3.196527846134159523e-01 0.000000000000000000e+00 0.000000000000000000e+00 0.000000000000000000e+00 3.138413841072596466e-01 0.000000000000000000e+00 0.000000000000000000e+00 0.000000000000000000e+00 3.436970791901521327e-01 0.000000000000000000e+00 3.254248706896551990e-01 0.000000000000000000e+00 3.694517670607863069e-01 0.000000000000000000e+00 3.428485436251920149e-01 0.000000000000000000e+00 3.851529595404847295e-01 0.000000000000000000e+00 3.417202318681318296e-01 5.059549929913561561e-01 3.243678718401144523e-01 0.000000000000000000e+00 3.056610681665850593e-01 0.000000000000000000e+00 2.591743588352833916e-01 0.000000000000000000e+00 3.314630911684108283e-01 0.000000000000000000e+00 0.000000000000000000e+00 0.000000000000000000e+00 3.635025095557957164e-01 0.000000000000000000e+00 3.658709195652174451e-01 0.000000000000000000e+00 3.742662326317834909e-01 0.000000000000000000e+00 3.946335250620347512e-01 0.000000000000000000e+00 3.310663141877775995e-01 0.000000000000000000e+00 0.000000000000000000e+00 0.000000000000000000e+00 0.000000000000000000e+00 0.000000000000000000e+00 0.000000000000000000e+00 0.000000000000000000e+00 0.000000000000000000e+00 0.000000000000000000e+00 0.000000000000000000e+00 0.000000000000000000e+00 0.000000000000000000e+00 0.000000000000000000e+00 0.000000000000000000e+00 0.000000000000000000e+00 0.000000000000000000e+00 0.000000000000000000e+00 0.000000000000000000e+00 0.000000000000000000e+00 0.000000000000000000e+00 0.000000000000000000e+00 0.000000000000000000e+00 0.000000000000000000e+00 0.000000000000000000e+00 0.000000000000000000e+00 0.000000000000000000e+00
3.371882606295918405e-01 4.869056375001196701e-01 2.572646106868615168e-01 4.435850533813712193e-01 1.597132354232690676e-01 4.076898933333333308e-01 2.356587047846613880e-01 4.466613279333221387e-01 1.709019025599892716e-01 3.682850961233919418e-01 3.349520707513327644e-01 4.412030448936271054e-01 2.647051279808378399e-01 4.270023367877082698e-01 2.592428545239925386e-01 4.063395490698593626e-01 3.716350328316910256e-01 4.664932688169380892e-01 3.768314616680931706e-01 4.868908664175942147e-01 0.000000000000000000e+00 0.000000000000000000e+00 3.422930502303940248e-01 4.370846275912915191e-01 0.000000000000000000e+00 3.481304057971014720e-01 2.615805882352941203e-01 0.000000000000000000e+00 3.392621446030473775e-01 4.414496421955435568e-01 3.214515024319237191e-01 4.275442998812165607e-01 3.703422376731762555e-01 4.582760142617058885e-01 3.983609193045760666e-01 0.000000000000000000e+00 3.886251980379411552e-01 4.457760560376091696e-01 3.917993893115943038e-01 0.000000000000000000e+00 3.729860620689655071e-01 0.000000000000000000e+00 3.958855630498533951e-01 0.000000000000000000e+00 0.000000000000000000e+00 0.000000000000000000e+00 4.545603181818181904e-01 0.000000000000000000e+00 3.688094155535903140e-01 0.000000000000000000e+00 3.450875911121518147e-01 4.626869925925926053e-01 4.078596557377048848e-01 0.000000000000000000e+00 3.631505541209535393e-01 0.000000000000000000e+00 3.828986992038804771e-01 4.301997755102041632e-01 3.689709247827246963e-01 4.797275123966942001e-01 3.911017475536218702e-01 4.023854922279792579e-01 3.854410840777848790e-01 0.000000000000000000e+00 3.821617288645132726e-01 4.194783687943262618e-01 3.833725954143415993e-01 4.131103928571428496e-01 4.002691472047381072e-01 0.000000000000000000e+00 3.232501013932523870e-01 4.792261321051493050e-01 3.191906299364827837e-01 4.379731502460407766e-01 0.000000000000000000e+00 0.000000000000000000e+00 3.587577018918718941e-01 4.395068752916475030e-01 3.413812678626550468e-01 0.000000000000000000e+00 3.736550236023989391e-01 4.486491698113207471e-01 0.000000000000000000e+00 4.188172440476191083e-01 3.796484576625218654e-01 4.664882437500000312e-01 0.000000000000000000e+00 0.000000000000000000e+00 3.713061020725099137e-01 0.000000000000000000e+00 4.666164662921347683e-01 4.048277064062499875e-01 0.000000000000000000e+00 0.000000000000000000e+00 3.923831899834145376e-01 0.000000000000000000e+00 0.000000000000000000e+00 0.000000000000000000e+00 0.000000000000000000e+00 4.255232180451127832e-01 0.000000000000000000e+00 0.000000000000000000e+00 0.000000000000000000e+00 3.986779204571118118e-01 0.000000000000000000e+00 0.000000000000000000e+00 0.000000000000000000e+00 0.000000000000000000e+00 0.000000000000000000e+00 0.000000000000000000e+00 0.000000000000000000e+00 0.000000000000000000e+00 0.000000000000000000e+00 0.000000000000000000e+00 0.000000000000000000e+00 0.000000000000000000e+00
4.741445930121704344e-01 3.287609391313726648e-01 4.334268700562668997e-01 2.678365512165218343e-01 4.212045240000000246e-01 2.200644232210269835e-01 4.466613279333221387e-01 2.360364637081351913e-01 4.192221375800914140e-01 2.189763163573824334e-01 4.458566472999745400e-01 3.202169050705196973e-01 4.347445939608081678e-01 2.535801345157064346e-01 4.104801472985709077e-01 2.589742312508764299e-01 4.452075405405404029e-01 3.687962154240292389e-01 4.759816941975041904e-01 3.659019903378838978e-01 0.000000000000000000e+00 0.000000000000000000e+00 4.354235722891545701e-01 2.479979578120030392e-01 4.071155268744354183e-01 1.489947888637971340e-01 0.000000000000000000e+00 2.838718928469678437e-01 4.430786111377197356e-01 3.193945158188959410e-01 4.004392904250488883e-01 3.309609124022111493e-01 4.697659573150684831e-01 3.543211274213792783e-01 0.000000000000000000e+00 0.000000000000000000e+00 4.202381269841269917e-01 3.932539772679109480e-01 0.000000000000000000e+00 3.766019383911052842e-01 0.000000000000000000e+00 0.000000000000000000e+00 0.000000000000000000e+00 0.000000000000000000e+00 0.000000000000000000e+00 3.568457247847698910e-01 0.000000000000000000e+00 4.055681222222222160e-01 4.408576769230769243e-01 3.614619274497797297e-01 4.069458661417323375e-01 3.490471430505250328e-01 0.000000000000000000e+00 3.737597481768802909e-01 0.000000000000000000e+00 3.424727065740171827e-01 4.230650550097952989e-01 3.706660044869523607e-01 4.658874314048102594e-01 3.853516295558089277e-01 4.400739382566632996e-01 3.523845531011929322e-01 0.000000000000000000e+00 3.661534404995467340e-01 0.000000000000000000e+00 3.582626654613992323e-01 4.340741944444443945e-01 4.069251855973834431e-01 4.491159747899159949e-01 3.926638721774783902e-01 4.695311374548341576e-01 3.207782137900717090e-01 4.195893792966222668e-01 3.307723313461234937e-01 0.000000000000000000e+00 3.120661527777778277e-01 4.471159371199810439e-01 3.693418498111255555e-01 0.000000000000000000e+00 0.000000000000000000e+00 0.000000000000000000e+00 3.919449336949488161e-01 0.000000000000000000e+00 3.770592095622917195e-01 0.000000000000000000e+00 3.733945156646761854e-01 0.000000000000000000e+00 3.788134127381844740e-01 3.946715689382610526e-01 3.702341366215410878e-01 4.515674962962963335e-01 0.000000000000000000e+00 0.000000000000000000e+00 4.446175586111902889e-01 4.220256528352280267e-01 3.960295235391825264e-01 0.000000000000000000e+00 0.000000000000000000e+00 0.000000000000000000e+00 0.000000000000000000e+00 0.000000000000000000e+00 0.000000000000000000e+00 0.000000000000000000e+00 4.081553545454545406e-01 0.000000000000000000e+00 3.880125843579071976e-01 0.000000000000000000e+00 0.000000000000000000e+00 0.000000000000000000e+00 0.000000000000000000e+00 0.000000000000000000e+00 0.000000000000000000e+00 0.000000000000000000e+00 0.000000000000000000e+00 0.000000000000000000e+00 0.000000000000000000e+00
3.262774648827637680e-01 0.000000000000000000e+00 2.010992279221105183e-01 4.119924562952897995e-01 1.743354562430411425e-01 4.000644534032474220e-01 1.709019025599892716e-01 4.192221375800914140e-01 1.421365178802964646e-01 4.182280078729792572e-01 3.183195494335862574e-01 0.000000000000000000e+00 2.335931835354281561e-01 4.178065978260868674e-01 2.011291684529449286e-01 4.178747943615257476e-01 3.136471164311714910e-01 0.000000000000000000e+00 3.536038232685216331e-01 0.000000000000000000e+00 0.000000000000000000e+00 0.000000000000000000e+00 3.189520420489287411e-01 4.149272540486991234e-01 2.073009038282155880e-01 4.008882679721714748e-01 2.704136771220838065e-01 4.515851940298507561e-01 3.181804367602275030e-01 0.000000000000000000e+00 3.358869368937462685e-01 4.065958949626358176e-01 3.676154949494949697e-01 0.000000000000000000e+00 0.000000000000000000e+00 0.000000000000000000e+00 4.520517741935484723e-01 0.000000000000000000e+00 0.000000000000000000e+00 0.000000000000000000e+00 0.000000000000000000e+00 0.000000000000000000e+00 0.000000000000000000e+00 0.000000000000000000e+00 0.000000000000000000e+00 0.000000000000000000e+00 4.298250672268907890e-01 0.000000000000000000e+00 0.000000000000000000e+00 0.000000000000000000e+00 0.000000000000000000e+00 0.000000000000000000e+00 0.000000000000000000e+00 0.000000000000000000e+00 0.000000000000000000e+00 0.000000000000000000e+00 3.549251428571428835e-01 0.000000000000000000e+00 0.000000000000000000e+00 0.000000000000000000e+00 3.961169464396285256e-01 0.000000000000000000e+00 3.381898099819706793e-01 0.000000000000000000e+00 3.909615913100162876e-01 0.000000000000000000e+00 3.693865609756097901e-01 0.000000000000000000e+00 3.700223461538462155e-01 0.000000000000000000e+00 3.038145346904171928e-01 4.939547633822305994e-01 3.041281733496682405e-01 3.350767976602799791e-01 0.000000000000000000e+00 0.000000000000000000e+00 3.303765048974111607e-01 0.000000000000000000e+00 2.981046748834110804e-01 0.000000000000000000e+00 3.268466855159649076e-01 0.000000000000000000e+00 0.000000000000000000e+00 0.000000000000000000e+00 3.573350976705906290e-01 0.000000000000000000e+00 3.538323055555555596e-01 0.000000000000000000e+00 3.886729729696141167e-01 0.000000000000000000e+00 0.000000000000000000e+00 3.647948347826086568e-01 0.000000000000000000e+00 0.000000000000000000e+00 3.309500219794847542e-01 3.695604878601523313e-01 0.000000000000000000e+00 0.000000000000000000e+00 0.000000000000000000e+00 0.000000000000000000e+00 0.000000000000000000e+00 0.000000000000000000e+00 0.000000000000000000e+00 0.000000000000000000e+00 3.674485460784313040e-01 0.000000000000000000e+00 0.000000000000000000e+00 0.000000000000000000e+00 0.000000000000000000e+00 0.000000000000000000e+00 0.000000000000000000e+00 0.000000000000000000e+00 0.000000000000000000e+00 0.000000000000000000e+00 0.000000000000000000e+00 0.000000000000000000e+00
0.000000000000000000e+00 2.884883683152653644e-01 4.096416746494096484e-01 2.556269601797733770e-01 4.441151720785946333e-01 1.822258341840480855e-01 3.682850961233919418e-01 2.189763163573824334e-01 4.182280078729792572e-01 1.723995896506289593e-01 3.968504601769911599e-01 3.086347078371523556e-01 4.352963846153845573e-01 2.689213665328733516e-01 4.340105381162048803e-01 2.264618680720384136e-01 0.000000000000000000e+00 0.000000000000000000e+00 4.236379330705571933e-01 3.170741212971804335e-01 4.533995517178362467e-01 0.000000000000000000e+00 4.174159245854001665e-01 2.741851338735279420e-01 4.090666666799644413e-01 2.494222984153934841e-01 4.481545098322163301e-01 0.000000000000000000e+00 0.000000000000000000e+00 3.031696419017314570e-01 3.711643647950796931e-01 3.151186608049294513e-01 0.000000000000000000e+00 3.033609640634750138e-01 0.000000000000000000e+00 0.000000000000000000e+00 0.000000000000000000e+00 3.802445383051409333e-01 0.000000000000000000e+00 0.000000000000000000e+00 0.000000000000000000e+00 0.000000000000000000e+00 0.000000000000000000e+00 4.210146557377049681e-01 0.000000000000000000e+00 0.000000000000000000e+00 0.000000000000000000e+00 4.254905471698112729e-01 0.000000000000000000e+00 3.008668520365787025e-01 0.000000000000000000e+00 3.189162844214645243e-01 0.000000000000000000e+00 0.000000000000000000e+00 0.000000000000000000e+00 3.275167049452767376e-01 0.000000000000000000e+00 3.769539570939728912e-01 0.000000000000000000e+00 3.700534845524434679e-01 0.000000000000000000e+00 0.000000000000000000e+00 0.000000000000000000e+00 0.000000000000000000e+00 0.000000000000000000e+00 3.143680086206895874e-01 3.972177928994082841e-01 3.659708289384719926e-01 0.000000000000000000e+00 3.627564907407406780e-01 4.856490723708584700e-01 3.075439998175801826e-01 0.000000000000000000e+00 3.045305513856883528e-01 0.000000000000000000e+00 0.000000000000000000e+00 0.000000000000000000e+00 3.298437786853067322e-01 0.000000000000000000e+00 0.000000000000000000e+00 0.000000000000000000e+00 3.683143451346707620e-01 0.000000000000000000e+00 3.796037719298245294e-01 0.000000000000000000e+00 3.423496489527207420e-01 0.000000000000000000e+00 3.532858796992480732e-01 0.000000000000000000e+00 3.326543375470192854e-01 0.000000000000000000e+00 0.000000000000000000e+00 0.000000000000000000e+00 0.000000000000000000e+00 0.000000000000000000e+00 0.000000000000000000e+00 0.000000000000000000e+00 0.000000000000000000e+00 0.000000000000000000e+00 0.000000000000000000e+00 0.000000000000000000e+00 0.000000000000000000e+00 0.000000000000000000e+00 0.000000000000000000e+00 0.000000000000000000e+00 0.000000000000000000e+00 0.000000000000000000e+00 0.000000000000000000e+00 0.000000000000000000e+00 0.000000000000000000e+00 0.000000000000000000e+00 0.000000000000000000e+00 0.000000000000000000e+00 0.000000000000000000e+00 0.000000000000000000e+00 0.000000000000000000e+00
3.105571866844952789e-01 0.000000000000000000e+00 3.609732510488509183e-01 4.393268956496675370e-01 2.911113343537414799e-01 0.000000000000000000e+00 3.349520707513327644e-01 4.458566472999745400e-01 3.183195494335862574e-01 3.968504601769911599e-01 2.460956492728246237e-01 4.367708733127894649e-01 2.639158287771535272e-01 4.427923373105699945e-01 3.260231711575864444e-01 0.000000000000000000e+00 3.227811161680585461e-01 0.000000000000000000e+00 3.835508462481611036e-01 4.691098612379231425e-01 0.000000000000000000e+00 0.000000000000000000e+00 3.600984023111035714e-01 4.342502426825406436e-01 0.000000000000000000e+00 0.000000000000000000e+00 0.000000000000000000e+00 0.000000000000000000e+00 2.895587803176237207e-01 4.290058814432988754e-01 3.703011530139916352e-01 4.123810457456915657e-01 3.597175068337067350e-01 4.608444514225688016e-01 3.948247159090909619e-01 0.000000000000000000e+00 3.925574408521303460e-01 4.616219030255976352e-01 3.845236785714285510e-01 0.000000000000000000e+00 0.000000000000000000e+00 0.000000000000000000e+00 0.000000000000000000e+00 0.000000000000000000e+00 0.000000000000000000e+00 0.000000000000000000e+00 0.000000000000000000e+00 0.000000000000000000e+00 0.000000000000000000e+00 0.000000000000000000e+00 3.807285479452054422e-01 0.000000000000000000e+00 0.000000000000000000e+00 0.000000000000000000e+00 4.284123375000000178e-01 0.000000000000000000e+00 3.794478552527225657e-01 0.000000000000000000e+00 3.734278919345427883e-01 0.000000000000000000e+00 3.913973636424084024e-01 0.000000000000000000e+00 3.849241541721630799e-01 0.000000000000000000e+00 4.003990215232203775e-01 0.000000000000000000e+00 3.928034072856153580e-01 4.574270704545454480e-01 4.086922082606961881e-01 0.000000000000000000e+00 3.243007153350409011e-01 4.658581080717042466e-01 3.416995179102432778e-01 4.232580188891885697e-01 0.000000000000000000e+00 0.000000000000000000e+00 3.602319020375977510e-01 4.296995580801462600e-01 3.914384363636362885e-01 0.000000000000000000e+00 3.681442654791031721e-01 0.000000000000000000e+00 0.000000000000000000e+00 0.000000000000000000e+00 3.948969255486797780e-01 0.000000000000000000e+00 0.000000000000000000e+00 0.000000000000000000e+00 4.020979766487310370e-01 3.739860914634146605e-01 0.000000000000000000e+00 0.000000000000000000e+00 0.000000000000000000e+00 0.000000000000000000e+00 0.000000000000000000e+00 0.000000000000000000e+00 0.000000000000000000e+00 0.000000000000000000e+00 0.000000000000000000e+00 0.000000000000000000e+00 0.000000000000000000e+00 0.000000000000000000e+00 0.000000000000000000e+00 0.000000000000000000e+00 0.000000000000000000e+00 0.000000000000000000e+00 0.000000000000000000e+00 0.000000000000000000e+00 0.000000000000000000e+00 0.000000000000000000e+00 0.000000000000000000e+00 0.000000000000000000e+00 0.000000000000000000e+00 0.000000000000000000e+00 0.000000000000000000e+00 0.000000000000000000e+00
4.797095216293281728e-01 3.567973852741057605e-01 4.289358950450326557e-01 3.599914722118908172e-01 0.000000000000000000e+00 2.919004992823651112e-01 4.412030448936271054e-01 3.202169050705196973e-01 0.000000000000000000e+00 3.086347078371523556e-01 4.367708733127894649e-01 2.617340403961182504e-01 4.158246988075774420e-01 2.824038411594513298e-01 0.000000000000000000e+00 3.379621696402089759e-01 3.973302631578947142e-01 3.302797465783814945e-01 4.655393215611401958e-01 4.021886035284089056e-01 0.000000000000000000e+00 0.000000000000000000e+00 4.320479726146119748e-01 3.678304548657072570e-01 0.000000000000000000e+00 0.000000000000000000e+00 0.000000000000000000e+00 0.000000000000000000e+00 0.000000000000000000e+00 3.568505086904007473e-01 3.772635383574046708e-01 3.673122455812899978e-01 4.691832432432432864e-01 3.780812148204406586e-01 0.000000000000000000e+00 0.000000000000000000e+00 0.000000000000000000e+00 4.751002119085805941e-01 0.000000000000000000e+00 0.000000000000000000e+00 0.000000000000000000e+00 0.000000000000000000e+00 0.000000000000000000e+00 0.000000000000000000e+00 0.000000000000000000e+00 3.982463452221474132e-01 0.000000000000000000e+00 0.000000000000000000e+00 0.000000000000000000e+00 3.651331948131666394e-01 0.000000000000000000e+00 3.575488805907480194e-01 0.000000000000000000e+00 0.000000000000000000e+00 0.000000000000000000e+00 3.885862430884815533e-01 0.000000000000000000e+00 3.802164322525140028e-01 0.000000000000000000e+00 3.780218789337492780e-01 0.000000000000000000e+00 3.932058135237685437e-01 0.000000000000000000e+00 4.075700322423815858e-01 0.000000000000000000e+00 3.982116593212445821e-01 4.518148184873949647e-01 4.087249839144073693e-01 0.000000000000000000e+00 4.074774296067928958e-01 4.577016736476781089e-01 3.351660195124077091e-01 4.230594095910140684e-01 3.780675754741731898e-01 0.000000000000000000e+00 4.640276568627450526e-01 4.528847189389802463e-01 3.844962792476929736e-01 0.000000000000000000e+00 3.738984323366286167e-01 0.000000000000000000e+00 4.179413036677211979e-01 0.000000000000000000e+00 3.342170917996200030e-01 0.000000000000000000e+00 4.162499188129453742e-01 0.000000000000000000e+00 3.604493445378150196e-01 0.000000000000000000e+00 4.219949945585885209e-01 0.000000000000000000e+00 0.000000000000000000e+00 0.000000000000000000e+00 4.118300450450450567e-01 4.383887043478261192e-01 0.000000000000000000e+00 0.000000000000000000e+00 0.000000000000000000e+00 3.986496477987421239e-01 3.618215353535353396e-01 0.000000000000000000e+00 0.000000000000000000e+00 0.000000000000000000e+00 0.000000000000000000e+00 0.000000000000000000e+00 0.000000000000000000e+00 0.000000000000000000e+00 0.000000000000000000e+00 0.000000000000000000e+00 0.000000000000000000e+00 0.000000000000000000e+00 0.000000000000000000e+00 0.000000000000000000e+00 0.000000000000000000e+00 0.000000000000000000e+00 0.000000000000000000e+00
3.403415897055941941e-01 0.000000000000000000e+00 3.087456854431105402e-01 4.162742295295095429e-01 3.148909630016739070e-01 0.000000000000000000e+00 2.647051279808378399e-01 4.347445939608081678e-01 2.335931835354281561e-01 4.352963846153845573e-01 2.639158287771535272e-01 4.158246988075774420e-01 2.360777332758449143e-01 4.120997501333774071e-01 2.610758972274072054e-01 4.502735377796901473e-01 3.823655038118405347e-01 4.373822605042017031e-01 3.813118354443684743e-01 0.000000000000000000e+00 0.000000000000000000e+00 0.000000000000000000e+00 3.318384426284232136e-01 4.199079151740259253e-01 2.919129169811320867e-01 4.005860967048366361e-01 2.991350882352941110e-01 0.000000000000000000e+00 3.212205354472559282e-01 3.551321007653061024e-01 3.371908282198638473e-01 4.165852761668888959e-01 3.670210817553226090e-01 4.729021143154877871e-01 4.205835809523809643e-01 0.000000000000000000e+00 3.848821587076326489e-01 4.695538627450979163e-01 0.000000000000000000e+00 0.000000000000000000e+00 0.000000000000000000e+00 0.000000000000000000e+00 0.000000000000000000e+00 0.000000000000000000e+00 0.000000000000000000e+00 0.000000000000000000e+00 4.120978473451327728e-01 0.000000000000000000e+00 3.708394608827542682e-01 0.000000000000000000e+00 4.093702277372262555e-01 0.000000000000000000e+00 3.087847170114942363e-01 0.000000000000000000e+00 4.049030385431515167e-01 0.000000000000000000e+00 3.870777324153449883e-01 4.260997732558138296e-01 3.831125765144696715e-01 4.409899999999999376e-01 4.014378074306976241e-01 0.000000000000000000e+00 3.939263711789394717e-01 0.000000000000000000e+00 4.029690269216832377e-01 4.385445227272727342e-01 3.964807244618293591e-01 4.298959512195121846e-01 4.078647267415931310e-01 0.000000000000000000e+00 3.173628308784884888e-01 4.680244074427480361e-01 3.554521556828345030e-01 4.246030989092363095e-01 0.000000000000000000e+00 0.000000000000000000e+00 3.665882131041194314e-01 4.298647661783739915e-01 3.868047561144074553e-01 0.000000000000000000e+00 3.746797790344071344e-01 0.000000000000000000e+00 3.891831333333332643e-01 0.000000000000000000e+00 3.910988880945973079e-01 0.000000000000000000e+00 3.594432670807453101e-01 0.000000000000000000e+00 3.821935866216397137e-01 0.000000000000000000e+00 0.000000000000000000e+00 0.000000000000000000e+00 0.000000000000000000e+00 0.000000000000000000e+00 4.049238402777777801e-01 3.810299120879121482e-01 0.000000000000000000e+00 0.000000000000000000e+00 0.000000000000000000e+00 0.000000000000000000e+00 0.000000000000000000e+00 4.115745766423357654e-01 0.000000000000000000e+00 0.000000000000000000e+00 0.000000000000000000e+00 0.000000000000000000e+00 0.000000000000000000e+00 0.000000000000000000e+00 0.000000000000000000e+00 0.000000000000000000e+00 0.000000000000000000e+00 0.000000000000000000e+00 0.000000000000000000e+00 0.000000000000000000e+00 0.000000000000000000e+00 0.000000000000000000e+00
