0.000000000000000000e+00 1.104710802493490129e-02 7.977350320592888067e-02 4.258872651356993867e-03 2.353494939985878985e-04 2.483238142537869553e-04 1.006429277942631068e-01 1.581595974119338671e-03 0.000000000000000000e+00 0.000000000000000000e+00 2.118421052631578871e-01 1.374255611543747074e-03 3.282758620689655432e-02 1.205109664979513157e-04 6.361323155216285462e-04 0.000000000000000000e+00 6.120310207503668054e-02 2.682657408868549878e-03 7.411645054665649823e-02 1.744384904799908820e-02 0.000000000000000000e+00 0.000000000000000000e+00 1.438228102977132247e-04 0.000000000000000000e+00 0.000000000000000000e+00 0.000000000000000000e+00 0.000000000000000000e+00 0.000000000000000000e+00 2.248289345063538697e-02 2.454535311837554353e-03 2.325581395348837177e-03 0.000000000000000000e+00 1.963781749764816412e-02 1.095152603231597764e-02 1.048767697954903003e-03 0.000000000000000000e+00 6.088427156317951366e-02 2.086714583816369310e-03 0.000000000000000000e+00 8.316008316008316470e-04 3.407155025553662737e-03 0.000000000000000000e+00 0.000000000000000000e+00 0.000000000000000000e+00 9.773806199385645915e-04 0.000000000000000000e+00 0.000000000000000000e+00 0.000000000000000000e+00 1.542971763616725811e-03 2.159127712404188752e-04 9.224219489120151147e-03 0.000000000000000000e+00 0.000000000000000000e+00 0.000000000000000000e+00 4.328067517853278275e-04 0.000000000000000000e+00 2.585070372349901890e-01 2.387378036122067473e-03 3.831366830173670718e-02 1.508295625942684829e-03 5.391763221291728803e-02 1.483239394838326984e-04 8.316008316008316470e-03 1.537475976937860422e-03 2.933673469387755237e-02 3.192848020434227527e-04 1.258680555555555594e-02 7.656967840735069220e-04 1.520376175548589226e-01 7.199602780536246138e-03 4.953533975615994484e-02 6.390797251957181175e-04 3.532608695652173642e-02 3.076923076923076920e-03 4.106776180698152104e-03 0.000000000000000000e+00 1.095547773886943466e-01 5.090353779587681454e-03 5.649717514124293766e-03 0.000000000000000000e+00 3.489771359807460754e-03 1.149029070435481997e-04 0.000000000000000000e+00 0.000000000000000000e+00 8.330470628649947612e-03 0.000000000000000000e+00 0.000000000000000000e+00 0.000000000000000000e+00 2.486016159105034016e-03 0.000000000000000000e+00 4.472605292582929395e-03 3.416467372736590362e-04 2.580645161290322578e-03 3.675119441381845156e-04 2.407152682255845819e-02 9.765625000000000000e-04 0.000000000000000000e+00 0.000000000000000000e+00 1.082677165354330694e-02 0.000000000000000000e+00 1.314060446780551932e-03 0.000000000000000000e+00 2.031281738777168579e-03 4.089979550102249548e-04 2.444987775061124684e-03 0.000000000000000000e+00 5.305039787798408214e-03 0.000000000000000000e+00 0.000000000000000000e+00 0.000000000000000000e+00 0.000000000000000000e+00 1.161440185830429732e-03 0.000000000000000000e+00 0.000000000000000000e+00 0.000000000000000000e+00 0.000000000000000000e+00
1.104710802493490129e-02 0.000000000000000000e+00 1.582146723290865122e-03 9.235908141962421991e-02 0.000000000000000000e+00 0.000000000000000000e+00 9.891196834817012496e-04 1.031631919482386833e-01 0.000000000000000000e+00 2.594033722438391591e-03 2.192982456140350918e-04 1.215452740876469678e-01 0.000000000000000000e+00 2.374066040009640763e-02 0.000000000000000000e+00 2.747791952894994977e-03 8.383986585621462954e-04 7.274735679343538597e-02 1.589117721840833941e-02 1.051191426291186864e-01 0.000000000000000000e+00 0.000000000000000000e+00 1.438228102977132247e-04 6.530612244897959209e-04 0.000000000000000000e+00 3.382949932341001607e-04 0.000000000000000000e+00 0.000000000000000000e+00 4.189359028068705484e-04 2.554948120049090748e-02 0.000000000000000000e+00 2.238137869292748422e-04 1.387582314205079888e-02 2.378815080789946010e-02 0.000000000000000000e+00 1.736111111111111015e-03 1.208021261174196731e-03 8.184558312079759368e-02 0.000000000000000000e+00 1.288981288981289053e-02 0.000000000000000000e+00 0.000000000000000000e+00 0.000000000000000000e+00 7.797270955165692334e-05 0.000000000000000000e+00 8.200922603792926927e-04 0.000000000000000000e+00 0.000000000000000000e+00 1.542971763616725702e-04 3.778473496707330289e-03 1.182592242194891200e-04 1.060436931908786441e-02 0.000000000000000000e+00 1.957713390759592792e-04 0.000000000000000000e+00 5.262465465070385873e-04 1.068947087119187511e-03 2.703965123520863378e-01 3.977197401564364575e-04 4.826546003016591452e-02 2.294367328209246195e-04 5.413823791159893400e-02 0.000000000000000000e+00 2.652146060217809229e-02 0.000000000000000000e+00 3.943167305236270487e-02 6.944444444444444709e-04 4.689892802450229721e-03 1.861285266457680249e-02 6.926514399205560557e-02 5.968113223633728006e-04 4.034190765297970827e-02 1.086956521739130448e-03 4.297082228116710922e-02 0.000000000000000000e+00 0.000000000000000000e+00 4.627313656828413793e-03 9.315347416645457235e-02 9.416195856873822581e-04 4.606172270842929638e-04 1.203369434416365759e-04 2.298058140870964158e-03 0.000000000000000000e+00 1.055594651653764997e-03 8.588114050154586313e-05 8.645753634276970301e-03 0.000000000000000000e+00 3.444712366517396025e-04 0.000000000000000000e+00 6.000750093761720617e-03 3.727171077152441163e-04 4.783054321831226724e-03 9.677419354838709669e-04 2.205071664829106985e-03 9.628610729023384315e-03 3.027343750000000000e-02 0.000000000000000000e+00 5.917159763313609329e-03 0.000000000000000000e+00 2.534854245880861692e-03 0.000000000000000000e+00 1.890359168241966025e-03 2.031281738777168417e-04 3.271983640081799639e-03 3.056234718826405855e-04 6.332320162107395872e-03 2.652519893899204107e-03 7.884362680683310726e-03 0.000000000000000000e+00 0.000000000000000000e+00 8.051529790660225420e-04 0.000000000000000000e+00 0.000000000000000000e+00 0.000000000000000000e+00 0.000000000000000000e+00 0.000000000000000000e+00
7.977350320592888067e-02 1.582146723290865122e-03 0.000000000000000000e+00 6.346555323590814118e-03 2.377029889385737921e-02 2.979885771045443464e-03 2.982195845697329650e-01 1.071171818835370271e-02 8.880833710919801283e-02 7.349762213575443057e-03 3.925438596491227783e-02 2.748511223087494147e-03 6.193103448275862066e-02 6.266570257893468686e-03 5.449533502968617604e-02 5.888125613346418055e-03 1.299517920771326752e-02 6.312135079690704958e-04 1.029748283752860427e-01 5.700604264051989216e-03 1.569037656903765664e-03 0.000000000000000000e+00 1.790593988206529430e-01 1.142857142857142856e-02 3.478026422216230762e-02 3.721244925575101659e-03 1.856665428889714073e-02 6.459948320413436964e-04 3.700600474794023265e-02 2.342965524935847199e-03 3.209302325581395166e-02 1.208594449418084159e-02 4.033396048918155841e-02 5.116696588868941027e-03 1.573151546932354504e-03 0.000000000000000000e+00 2.126117419666586142e-02 6.955715279387896617e-04 2.896871378910776534e-03 0.000000000000000000e+00 0.000000000000000000e+00 2.114164904862579370e-03 1.219660934260275657e-04 0.000000000000000000e+00 1.396258028483663826e-03 0.000000000000000000e+00 4.104247896572952811e-04 0.000000000000000000e+00 3.703132232680142119e-03 0.000000000000000000e+00 6.504257332071901494e-03 7.973210014351777468e-05 4.273504273504273501e-04 0.000000000000000000e+00 0.000000000000000000e+00 0.000000000000000000e+00 3.384999109210760741e-03 4.151961801951422281e-04 1.418533739891290023e-02 1.371177841766077043e-04 4.818171389239417172e-03 1.483239394838326984e-04 2.858627858627858787e-03 3.843689942344651056e-04 7.142857142857142634e-03 0.000000000000000000e+00 1.762152777777777762e-02 9.571209800918836525e-05 3.918495297805642263e-03 2.482621648460774512e-04 4.979111603717281676e-02 3.275283591628055501e-03 9.307065217391304046e-02 4.456233421750663455e-03 2.669404517453798781e-02 4.201680672268907381e-03 5.602801400700350293e-02 3.181471112242300909e-03 0.000000000000000000e+00 0.000000000000000000e+00 1.083032490974729237e-03 0.000000000000000000e+00 3.930817610062893293e-04 0.000000000000000000e+00 1.459979388526279646e-03 1.530221882172914970e-04 0.000000000000000000e+00 0.000000000000000000e+00 8.286720530350114109e-04 1.250156269533691795e-04 3.727171077152441163e-04 3.416467372736590362e-04 0.000000000000000000e+00 3.675119441381845156e-04 1.788170563961485535e-02 9.765625000000000000e-04 0.000000000000000000e+00 0.000000000000000000e+00 0.000000000000000000e+00 0.000000000000000000e+00 0.000000000000000000e+00 0.000000000000000000e+00 4.062563477554336834e-04 0.000000000000000000e+00 9.168704156479217564e-04 0.000000000000000000e+00 0.000000000000000000e+00 0.000000000000000000e+00 0.000000000000000000e+00 0.000000000000000000e+00 0.000000000000000000e+00 0.000000000000000000e+00 0.000000000000000000e+00 1.498127340823970097e-03 0.000000000000000000e+00 0.000000000000000000e+00
4.258872651356993867e-03 9.235908141962421991e-02 6.346555323590814118e-03 0.000000000000000000e+00 1.412096963991527499e-03 3.402036255276880833e-02 7.500824266402901161e-03 2.419841840402588151e-01 4.531037607612142804e-03 4.626026805015132082e-02 2.631578947368420993e-03 2.763780729882424694e-02 2.620689655172413982e-03 3.000723065798987718e-02 4.028837998303646736e-03 2.590775269872424083e-02 8.383986585621462954e-04 1.436010730629635503e-02 1.004322400203407073e-02 1.626952456960437943e-01 5.230125523012551852e-04 0.000000000000000000e+00 9.492305479649071689e-03 1.905306122448979511e-01 2.426530062011323687e-03 4.736129905277401686e-02 7.426661715558856075e-04 1.291989664082687393e-03 8.378718056137410969e-04 3.771058797277697383e-02 7.441860465116279487e-03 3.245299910474485489e-02 9.524929444967075026e-03 2.055655296229802476e-02 0.000000000000000000e+00 1.736111111111111015e-03 0.000000000000000000e+00 3.060514722930674641e-02 0.000000000000000000e+00 2.494802494802494941e-03 0.000000000000000000e+00 4.228329809725158740e-03 0.000000000000000000e+00 7.797270955165692334e-05 0.000000000000000000e+00 5.125576627370579058e-04 0.000000000000000000e+00 3.375717339934736368e-04 0.000000000000000000e+00 2.375040483644607573e-03 0.000000000000000000e+00 5.102854409185137580e-03 0.000000000000000000e+00 0.000000000000000000e+00 0.000000000000000000e+00 0.000000000000000000e+00 2.672367717797968778e-04 3.425368486609923178e-03 0.000000000000000000e+00 2.235019882078705458e-02 3.441550992313869564e-04 1.186591515870661587e-03 0.000000000000000000e+00 1.024983984625240209e-03 0.000000000000000000e+00 5.268199233716475312e-03 3.472222222222222355e-04 1.234686064318529786e-02 1.959247648902821240e-04 5.710029791459781540e-03 2.898797851479239379e-03 4.489535069499920455e-02 5.027173913043477861e-03 6.748010610079575866e-02 2.053388090349076052e-03 5.462184873949579855e-02 3.126563281640820213e-03 6.961058793586154259e-02 0.000000000000000000e+00 0.000000000000000000e+00 0.000000000000000000e+00 6.894174422612892256e-04 0.000000000000000000e+00 1.759324419422941517e-03 0.000000000000000000e+00 3.825554705432287561e-04 0.000000000000000000e+00 0.000000000000000000e+00 0.000000000000000000e+00 6.250781347668458434e-04 1.490868430860976465e-03 2.391527160915613362e-03 9.677419354838709669e-04 1.837559720690922415e-03 1.031636863823933922e-02 9.765625000000000000e-03 0.000000000000000000e+00 0.000000000000000000e+00 9.842519685039369942e-04 6.337135614702154229e-04 0.000000000000000000e+00 0.000000000000000000e+00 6.093845216331505521e-04 6.134969325153374594e-04 6.112469437652811709e-04 4.052684903748733809e-03 0.000000000000000000e+00 0.000000000000000000e+00 0.000000000000000000e+00 0.000000000000000000e+00 0.000000000000000000e+00 0.000000000000000000e+00 0.000000000000000000e+00 0.000000000000000000e+00 0.000000000000000000e+00 0.000000000000000000e+00
2.353494939985878985e-04 0.000000000000000000e+00 2.377029889385737921e-02 1.412096963991527499e-03 0.000000000000000000e+00 3.973181028060591286e-03 1.261127596439169142e-02 2.875629043853343038e-04 2.641594925237879532e-01 4.755728491137051032e-03 6.578947368421052483e-04 0.000000000000000000e+00 1.282758620689655217e-02 1.205109664979513157e-04 1.403731976251060276e-01 1.177625122669283654e-03 0.000000000000000000e+00 0.000000000000000000e+00 1.271294177472667057e-04 1.140120852810397903e-04 4.759414225941422522e-02 0.000000000000000000e+00 1.740256004602330070e-02 4.081632653061224858e-03 2.720409813966028767e-01 1.319350473612990529e-02 2.588191607872261657e-01 3.229974160206718482e-04 1.354559419075548193e-02 0.000000000000000000e+00 5.813953488372092943e-03 2.909579230080572895e-03 0.000000000000000000e+00 8.976660682226212447e-05 0.000000000000000000e+00 0.000000000000000000e+00 2.416042522348393244e-04 0.000000000000000000e+00 0.000000000000000000e+00 0.000000000000000000e+00 0.000000000000000000e+00 0.000000000000000000e+00 0.000000000000000000e+00 0.000000000000000000e+00 1.396258028483663663e-04 0.000000000000000000e+00 0.000000000000000000e+00 0.000000000000000000e+00 0.000000000000000000e+00 0.000000000000000000e+00 0.000000000000000000e+00 0.000000000000000000e+00 0.000000000000000000e+00 0.000000000000000000e+00 0.000000000000000000e+00 0.000000000000000000e+00 2.672367717797968778e-04 0.000000000000000000e+00 0.000000000000000000e+00 1.371177841766077043e-04 3.441550992313869564e-04 0.000000000000000000e+00 0.000000000000000000e+00 0.000000000000000000e+00 2.551020408163265536e-04 0.000000000000000000e+00 0.000000000000000000e+00 0.000000000000000000e+00 0.000000000000000000e+00 0.000000000000000000e+00 1.824537471225168295e-02 3.195398625978590587e-04 2.961956521739130335e-02 4.244031830238727048e-04 2.053388090349076052e-03 4.201680672268907381e-03 3.001500750375187595e-03 1.272588444896920364e-04 0.000000000000000000e+00 0.000000000000000000e+00 1.203369434416365759e-04 0.000000000000000000e+00 0.000000000000000000e+00 0.000000000000000000e+00 4.294057025077292885e-04 0.000000000000000000e+00 0.000000000000000000e+00 0.000000000000000000e+00 2.071680132587528527e-04 0.000000000000000000e+00 0.000000000000000000e+00 0.000000000000000000e+00 0.000000000000000000e+00 0.000000000000000000e+00 2.063273727647867758e-03 0.000000000000000000e+00 0.000000000000000000e+00 0.000000000000000000e+00 0.000000000000000000e+00 0.000000000000000000e+00 0.000000000000000000e+00 0.000000000000000000e+00 0.000000000000000000e+00 0.000000000000000000e+00 0.000000000000000000e+00 2.532928064842958631e-04 0.000000000000000000e+00 0.000000000000000000e+00 0.000000000000000000e+00 0.000000000000000000e+00 0.000000000000000000e+00 0.000000000000000000e+00 0.000000000000000000e+00 0.000000000000000000e+00 0.000000000000000000e+00 0.000000000000000000e+00
2.483238142537869553e-04 0.000000000000000000e+00 2.979885771045443464e-03 3.402036255276880833e-02 3.973181028060591286e-03 0.000000000000000000e+00 6.594131223211342025e-04 3.953989935298346352e-03 4.077933846850928523e-03 2.057933419801123986e-01 0.000000000000000000e+00 3.053901358986104548e-04 5.517241379310345055e-04 1.084598698481561855e-03 2.120441051738761531e-03 1.328753680078508248e-01 0.000000000000000000e+00 0.000000000000000000e+00 0.000000000000000000e+00 4.560483411241591611e-04 7.322175732217573244e-03 6.207324643078832721e-02 4.314684308931396144e-03 9.044897959183673120e-02 1.321110811539498442e-02 2.094046008119079816e-01 1.113999257333828357e-03 1.275839793281653700e-01 1.396453009356235161e-04 1.160325783777753014e-02 7.674418604651163031e-03 1.969561324977618655e-02 0.000000000000000000e+00 1.256732495511669661e-03 0.000000000000000000e+00 0.000000000000000000e+00 0.000000000000000000e+00 6.955715279387896617e-04 0.000000000000000000e+00 0.000000000000000000e+00 0.000000000000000000e+00 0.000000000000000000e+00 0.000000000000000000e+00 0.000000000000000000e+00 0.000000000000000000e+00 1.025115325474115866e-04 0.000000000000000000e+00 1.125239113311578699e-04 0.000000000000000000e+00 0.000000000000000000e+00 0.000000000000000000e+00 1.594642002870355494e-04 0.000000000000000000e+00 0.000000000000000000e+00 0.000000000000000000e+00 0.000000000000000000e+00 0.000000000000000000e+00 0.000000000000000000e+00 0.000000000000000000e+00 1.371177841766077043e-04 0.000000000000000000e+00 0.000000000000000000e+00 0.000000000000000000e+00 0.000000000000000000e+00 0.000000000000000000e+00 1.596424010217113764e-04 8.680555555555555887e-05 6.699846860643185161e-04 0.000000000000000000e+00 0.000000000000000000e+00 2.643021570466365291e-03 2.564307397347819276e-02 2.717391304347826120e-04 2.015915119363395278e-02 0.000000000000000000e+00 0.000000000000000000e+00 1.250625312656328074e-04 3.181471112242300909e-03 0.000000000000000000e+00 0.000000000000000000e+00 0.000000000000000000e+00 0.000000000000000000e+00 0.000000000000000000e+00 3.870513722730471295e-03 0.000000000000000000e+00 1.530221882172914970e-04 0.000000000000000000e+00 0.000000000000000000e+00 0.000000000000000000e+00 1.250156269533691795e-04 3.727171077152441163e-04 0.000000000000000000e+00 0.000000000000000000e+00 0.000000000000000000e+00 0.000000000000000000e+00 0.000000000000000000e+00 0.000000000000000000e+00 0.000000000000000000e+00 0.000000000000000000e+00 0.000000000000000000e+00 0.000000000000000000e+00 0.000000000000000000e+00 2.031281738777168417e-04 0.000000000000000000e+00 0.000000000000000000e+00 0.000000000000000000e+00 0.000000000000000000e+00 0.000000000000000000e+00 0.000000000000000000e+00 0.000000000000000000e+00 0.000000000000000000e+00 0.000000000000000000e+00 0.000000000000000000e+00 0.000000000000000000e+00 0.000000000000000000e+00 0.000000000000000000e+00
1.006429277942631068e-01 9.891196834817012496e-04 2.982195845697329650e-01 7.500824266402901161e-03 1.261127596439169142e-02 6.594131223211342025e-04 0.000000000000000000e+00 1.495327102803738380e-02 1.096511101042138697e-01 1.729355814958927727e-03 9.232456140350876750e-02 6.565887921820124859e-03 2.513103448275861851e-01 1.000241021932995848e-02 8.905852417302798779e-03 1.766437684003925373e-03 5.030391951372877556e-03 3.156067539845352479e-04 2.453597762522247497e-02 8.778930566640063757e-03 0.000000000000000000e+00 0.000000000000000000e+00 2.373076369912268183e-02 8.326530612244897531e-03 5.392289026691831017e-04 3.382949932341001607e-04 0.000000000000000000e+00 0.000000000000000000e+00 1.396453009356235161e-02 1.896686377329019233e-03 1.325581395348837156e-02 6.714413607878244941e-03 5.879586077140169266e-03 6.463195691202872420e-03 5.243838489774515013e-04 0.000000000000000000e+00 1.208021261174196601e-02 0.000000000000000000e+00 5.793742757821552635e-04 0.000000000000000000e+00 0.000000000000000000e+00 2.114164904862579370e-03 1.219660934260275657e-04 7.797270955165692334e-05 1.954761239877129183e-03 0.000000000000000000e+00 0.000000000000000000e+00 0.000000000000000000e+00 2.468754821786761124e-03 0.000000000000000000e+00 7.923368022705771369e-03 7.973210014351777468e-05 0.000000000000000000e+00 0.000000000000000000e+00 1.082016879463319542e-03 0.000000000000000000e+00 3.830393728843755393e-03 1.037990450487855570e-04 5.302929868752485378e-03 1.371177841766077043e-04 2.202592635080876521e-02 2.966478789676653969e-04 1.039501039501039559e-02 0.000000000000000000e+00 2.474489795918367180e-02 0.000000000000000000e+00 6.510416666666666956e-03 9.571209800918836525e-05 5.485893416927899689e-03 0.000000000000000000e+00 1.145877738937675777e-01 3.195398625978590913e-03 5.258152173913043653e-02 4.031830238726790208e-03 6.160164271047228156e-03 4.201680672268907381e-03 6.753376688344171763e-02 4.581318401628913309e-03 9.416195856873822581e-04 0.000000000000000000e+00 2.888086642599277821e-03 0.000000000000000000e+00 0.000000000000000000e+00 0.000000000000000000e+00 1.434215046375815830e-02 0.000000000000000000e+00 0.000000000000000000e+00 0.000000000000000000e+00 6.629376424280091287e-03 0.000000000000000000e+00 0.000000000000000000e+00 0.000000000000000000e+00 3.225806451612903223e-04 0.000000000000000000e+00 1.169188445667125251e-02 0.000000000000000000e+00 0.000000000000000000e+00 1.479289940828402332e-03 0.000000000000000000e+00 0.000000000000000000e+00 0.000000000000000000e+00 0.000000000000000000e+00 2.031281738777168417e-04 0.000000000000000000e+00 6.112469437652811709e-04 0.000000000000000000e+00 0.000000000000000000e+00 1.314060446780551932e-03 0.000000000000000000e+00 0.000000000000000000e+00 0.000000000000000000e+00 0.000000000000000000e+00 0.000000000000000000e+00 0.000000000000000000e+00 0.000000000000000000e+00 0.000000000000000000e+00
1.581595974119338671e-03 1.031631919482386833e-01 1.071171818835370271e-02 2.419841840402588151e-01 2.875629043853343038e-04 3.953989935298346352e-03 1.495327102803738380e-02 0.000000000000000000e+00 3.171726325328500396e-03 9.641158668396022924e-02 7.894736842105263414e-03 1.617040769583142357e-01 7.448275862068965553e-03 2.973005543504458892e-01 3.392705682782018624e-03 2.237487733071638965e-02 1.886396981764829192e-03 6.943348587659776104e-03 1.207729468599033802e-02 1.778588530384220615e-02 0.000000000000000000e+00 0.000000000000000000e+00 1.740256004602330070e-02 1.583673469387755078e-02 1.887301159342140693e-03 1.014884979702300374e-03 3.713330857779428037e-04 0.000000000000000000e+00 3.211841921519340871e-03 1.985942206850385000e-02 1.302325581395348889e-02 8.728737690241718250e-03 1.023047977422389399e-02 3.321364452423698592e-03 0.000000000000000000e+00 1.157407407407407343e-03 1.449625513409035947e-03 7.883143983306284061e-03 0.000000000000000000e+00 0.000000000000000000e+00 0.000000000000000000e+00 2.114164904862579370e-03 0.000000000000000000e+00 7.797270955165692334e-05 1.396258028483663663e-04 2.255253716043054742e-03 0.000000000000000000e+00 2.250478226623157398e-04 0.000000000000000000e+00 6.261470365972147435e-03 1.182592242194891200e-04 1.666400892999521724e-02 0.000000000000000000e+00 0.000000000000000000e+00 0.000000000000000000e+00 2.631232732535192936e-04 1.781578478531979366e-04 5.708947477683205297e-03 2.651464934376242689e-04 1.330042506513094691e-02 0.000000000000000000e+00 1.868881637496291881e-02 0.000000000000000000e+00 8.584240871236386780e-03 0.000000000000000000e+00 3.687739463601532458e-02 4.340277777777777537e-04 2.775650842266462470e-03 3.918495297805642480e-04 1.489572989076464815e-03 8.270099752749594801e-03 1.197475635085476914e-01 9.782608695652174682e-03 4.424403183023872810e-02 6.160164271047228156e-03 2.941176470588235253e-02 7.628814407203601822e-03 5.052176126240773973e-02 0.000000000000000000e+00 9.212344541685859277e-04 1.203369434416365759e-04 4.711019188785476285e-03 0.000000000000000000e+00 3.518648838845883143e-04 0.000000000000000000e+00 7.039020657995409026e-03 0.000000000000000000e+00 3.444712366517396025e-04 0.000000000000000000e+00 7.125890736342043071e-03 0.000000000000000000e+00 3.416467372736590362e-04 0.000000000000000000e+00 3.675119441381845156e-04 6.877579092159559482e-03 4.882812500000000000e-03 7.692307692307692301e-04 1.479289940828402332e-03 2.952755905511810983e-03 1.267427122940430846e-03 0.000000000000000000e+00 0.000000000000000000e+00 2.031281738777168417e-04 4.089979550102249548e-04 3.056234718826405855e-04 1.013171225937183452e-03 0.000000000000000000e+00 0.000000000000000000e+00 0.000000000000000000e+00 0.000000000000000000e+00 0.000000000000000000e+00 0.000000000000000000e+00 5.952380952380952051e-03 0.000000000000000000e+00 0.000000000000000000e+00 0.000000000000000000e+00
0.000000000000000000e+00 0.000000000000000000e+00 8.880833710919801283e-02 4.531037607612142804e-03 2.641594925237879532e-01 4.077933846850928523e-03 1.096511101042138697e-01 3.171726325328500396e-03 0.000000000000000000e+00 3.891050583657587603e-03 0.000000000000000000e+00 0.000000000000000000e+00 2.717241379310344693e-02 0.000000000000000000e+00 1.206530958439355344e-01 9.813542688910696036e-04 2.095996646405365739e-04 0.000000000000000000e+00 2.542588354945334115e-04 0.000000000000000000e+00 6.799163179916318384e-03 0.000000000000000000e+00 1.438228102977132192e-03 4.081632653061224858e-03 2.696144513345915400e-03 1.691474966170500695e-03 1.856665428889714073e-03 0.000000000000000000e+00 7.261555648652422840e-03 4.462791476068280741e-04 2.325581395348837177e-03 1.566696508504923950e-03 1.175917215428033902e-04 8.976660682226212447e-05 0.000000000000000000e+00 0.000000000000000000e+00 0.000000000000000000e+00 0.000000000000000000e+00 0.000000000000000000e+00 0.000000000000000000e+00 0.000000000000000000e+00 0.000000000000000000e+00 0.000000000000000000e+00 0.000000000000000000e+00 0.000000000000000000e+00 0.000000000000000000e+00 0.000000000000000000e+00 0.000000000000000000e+00 1.542971763616725702e-04 0.000000000000000000e+00 1.182592242194891200e-04 0.000000000000000000e+00 0.000000000000000000e+00 0.000000000000000000e+00 0.000000000000000000e+00 0.000000000000000000e+00 1.781578478531979366e-04 0.000000000000000000e+00 0.000000000000000000e+00 0.000000000000000000e+00 0.000000000000000000e+00 0.000000000000000000e+00 2.598752598752598897e-04 0.000000000000000000e+00 2.551020408163265536e-04 0.000000000000000000e+00 0.000000000000000000e+00 0.000000000000000000e+00 0.000000000000000000e+00 0.000000000000000000e+00 7.246994628698098448e-03 7.988496564946476468e-05 1.426630434782608613e-02 6.366047745358090031e-04 4.106776180698152104e-03 0.000000000000000000e+00 3.251625812906453264e-03 1.272588444896920364e-04 0.000000000000000000e+00 0.000000000000000000e+00 0.000000000000000000e+00 0.000000000000000000e+00 0.000000000000000000e+00 0.000000000000000000e+00 0.000000000000000000e+00 0.000000000000000000e+00 0.000000000000000000e+00 0.000000000000000000e+00 0.000000000000000000e+00 0.000000000000000000e+00 0.000000000000000000e+00 0.000000000000000000e+00 0.000000000000000000e+00 0.000000000000000000e+00 1.375515818431911983e-03 0.000000000000000000e+00 0.000000000000000000e+00 0.000000000000000000e+00 0.000000000000000000e+00 0.000000000000000000e+00 0.000000000000000000e+00 0.000000000000000000e+00 0.000000000000000000e+00 0.000000000000000000e+00 0.000000000000000000e+00 0.000000000000000000e+00 0.000000000000000000e+00 0.000000000000000000e+00 0.000000000000000000e+00 0.000000000000000000e+00 0.000000000000000000e+00 0.000000000000000000e+00 0.000000000000000000e+00 0.000000000000000000e+00 0.000000000000000000e+00 0.000000000000000000e+00
0.000000000000000000e+00 2.594033722438391591e-03 7.349762213575443057e-03 4.626026805015132082e-02 4.755728491137051032e-03 2.057933419801123986e-01 1.729355814958927727e-03 9.641158668396022924e-02 3.891050583657587603e-03 0.000000000000000000e+00 0.000000000000000000e+00 2.901206291036799619e-03 0.000000000000000000e+00 8.917811520848396845e-03 2.544529262086514185e-03 1.831207065750735941e-01 0.000000000000000000e+00 3.156067539845352479e-04 0.000000000000000000e+00 4.560483411241591611e-04 0.000000000000000000e+00 3.103662321539416707e-03 3.164101826549690997e-03 4.897959183673469136e-04 4.044216770018873100e-03 4.059539918809201495e-03 3.713330857779428037e-04 5.490956072351420823e-03 0.000000000000000000e+00 5.913198705790471792e-03 3.953488372093022854e-03 2.014324082363473743e-03 0.000000000000000000e+00 8.976660682226212447e-05 0.000000000000000000e+00 0.000000000000000000e+00 0.000000000000000000e+00 0.000000000000000000e+00 0.000000000000000000e+00 0.000000000000000000e+00 0.000000000000000000e+00 0.000000000000000000e+00 0.000000000000000000e+00 0.000000000000000000e+00 0.000000000000000000e+00 0.000000000000000000e+00 0.000000000000000000e+00 0.000000000000000000e+00 0.000000000000000000e+00 1.079563856202094376e-04 0.000000000000000000e+00 7.973210014351777468e-05 0.000000000000000000e+00 0.000000000000000000e+00 0.000000000000000000e+00 1.315616366267596468e-04 0.000000000000000000e+00 3.113971351463566575e-04 0.000000000000000000e+00 5.484711367064308172e-04 1.147183664104623098e-04 0.000000000000000000e+00 0.000000000000000000e+00 2.562459961563100523e-04 0.000000000000000000e+00 1.596424010217113764e-04 0.000000000000000000e+00 0.000000000000000000e+00 0.000000000000000000e+00 0.000000000000000000e+00 9.378463637138716212e-04 6.790222080204505635e-03 1.086956521739130448e-03 8.594164456233422192e-03 0.000000000000000000e+00 8.403361344537814762e-03 2.501250625312656148e-04 3.817765334690761091e-03 0.000000000000000000e+00 9.212344541685859277e-04 0.000000000000000000e+00 6.894174422612892256e-04 0.000000000000000000e+00 1.055594651653764997e-03 0.000000000000000000e+00 3.060443764345829941e-04 0.000000000000000000e+00 3.444712366517396025e-04 0.000000000000000000e+00 8.751093886735842025e-04 3.727171077152441163e-04 0.000000000000000000e+00 0.000000000000000000e+00 0.000000000000000000e+00 1.375515818431911983e-03 1.953125000000000000e-03 0.000000000000000000e+00 0.000000000000000000e+00 0.000000000000000000e+00 0.000000000000000000e+00 0.000000000000000000e+00 0.000000000000000000e+00 0.000000000000000000e+00 0.000000000000000000e+00 0.000000000000000000e+00 0.000000000000000000e+00 0.000000000000000000e+00 0.000000000000000000e+00 0.000000000000000000e+00 0.000000000000000000e+00 0.000000000000000000e+00 0.000000000000000000e+00 0.000000000000000000e+00 0.000000000000000000e+00 0.000000000000000000e+00 0.000000000000000000e+00
2.118421052631578871e-01 2.192982456140350918e-04 3.925438596491227783e-02 2.631578947368420993e-03 6.578947368421052483e-04 0.000000000000000000e+00 9.232456140350876750e-02 7.894736842105263414e-03 0.000000000000000000e+00 0.000000000000000000e+00 0.000000000000000000e+00 1.068865475645136565e-03 1.224827586206896496e-01 7.230657989877078669e-04 6.361323155216285462e-04 0.000000000000000000e+00 3.542234332425068383e-02 0.000000000000000000e+00 1.576404780066107195e-02 1.368145023372477429e-03 0.000000000000000000e+00 0.000000000000000000e+00 2.157342154465698072e-03 9.795918367346938271e-04 0.000000000000000000e+00 0.000000000000000000e+00 0.000000000000000000e+00 0.000000000000000000e+00 6.661080854629242154e-02 1.115697869017070185e-04 1.860465116279069872e-03 4.476275738585496844e-04 2.351834430856067533e-03 1.256732495511669661e-03 0.000000000000000000e+00 0.000000000000000000e+00 2.899251026818071893e-03 0.000000000000000000e+00 0.000000000000000000e+00 0.000000000000000000e+00 0.000000000000000000e+00 0.000000000000000000e+00 0.000000000000000000e+00 0.000000000000000000e+00 1.396258028483663663e-04 0.000000000000000000e+00 0.000000000000000000e+00 0.000000000000000000e+00 0.000000000000000000e+00 1.079563856202094376e-04 1.419110690633869441e-03 0.000000000000000000e+00 0.000000000000000000e+00 0.000000000000000000e+00 2.164033758926639137e-04 0.000000000000000000e+00 7.037234990201318360e-03 0.000000000000000000e+00 2.121171947500994151e-03 1.371177841766077043e-04 2.454973041183893673e-02 0.000000000000000000e+00 1.221413721413721482e-02 2.562459961563100523e-04 1.938775510204081634e-02 0.000000000000000000e+00 1.128472222222222116e-03 9.571209800918836525e-05 5.877742946708464263e-04 0.000000000000000000e+00 3.333617529201125113e-02 9.586195877935772304e-04 1.046195652173913075e-02 3.183023872679045015e-04 0.000000000000000000e+00 0.000000000000000000e+00 1.413206603301650835e-02 2.545176889793840727e-04 0.000000000000000000e+00 0.000000000000000000e+00 3.008423586040914668e-03 1.149029070435481997e-04 0.000000000000000000e+00 0.000000000000000000e+00 5.496392992098935240e-03 0.000000000000000000e+00 0.000000000000000000e+00 0.000000000000000000e+00 3.314688212140045644e-03 0.000000000000000000e+00 3.727171077152441163e-04 0.000000000000000000e+00 0.000000000000000000e+00 0.000000000000000000e+00 4.126547455295735516e-03 0.000000000000000000e+00 0.000000000000000000e+00 0.000000000000000000e+00 0.000000000000000000e+00 0.000000000000000000e+00 0.000000000000000000e+00 0.000000000000000000e+00 0.000000000000000000e+00 0.000000000000000000e+00 0.000000000000000000e+00 0.000000000000000000e+00 0.000000000000000000e+00 0.000000000000000000e+00 0.000000000000000000e+00 0.000000000000000000e+00 0.000000000000000000e+00 0.000000000000000000e+00 0.000000000000000000e+00 0.000000000000000000e+00 0.000000000000000000e+00 0.000000000000000000e+00
1.374255611543747074e-03 1.215452740876469678e-01 2.748511223087494147e-03 2.763780729882424694e-02 0.000000000000000000e+00 3.053901358986104548e-04 6.565887921820124859e-03 1.617040769583142357e-01 0.000000000000000000e+00 2.901206291036799619e-03 1.068865475645136565e-03 0.000000000000000000e+00 9.655172413793103574e-04 1.976379850566401530e-01 4.240882103477523280e-04 2.041216879293425088e-02 4.191993292810731477e-04 2.666877071169323002e-02 2.796847190439867743e-03 1.972409075361988492e-02 0.000000000000000000e+00 0.000000000000000000e+00 8.629368617862792938e-04 2.448979591836734568e-03 0.000000000000000000e+00 0.000000000000000000e+00 0.000000000000000000e+00 0.000000000000000000e+00 2.792906018712470323e-04 7.798728104429319963e-02 2.558139534883720721e-03 2.238137869292748422e-04 1.411100658513640737e-03 4.039497307001795046e-03 0.000000000000000000e+00 0.000000000000000000e+00 2.416042522348393244e-04 6.955715279387896617e-04 0.000000000000000000e+00 0.000000000000000000e+00 0.000000000000000000e+00 0.000000000000000000e+00 0.000000000000000000e+00 7.797270955165692334e-05 0.000000000000000000e+00 3.075345976422347327e-04 0.000000000000000000e+00 1.125239113311578699e-04 0.000000000000000000e+00 8.636510849616755008e-04 0.000000000000000000e+00 3.029819805453675546e-03 0.000000000000000000e+00 0.000000000000000000e+00 0.000000000000000000e+00 1.315616366267596468e-04 0.000000000000000000e+00 6.227942702927133367e-03 0.000000000000000000e+00 9.598244892362539030e-04 0.000000000000000000e+00 1.379412637199644090e-02 0.000000000000000000e+00 2.921204356181934803e-02 0.000000000000000000e+00 1.947637292464878683e-02 0.000000000000000000e+00 1.244257274119448626e-03 0.000000000000000000e+00 4.965243296921549023e-04 3.154574132492113468e-03 2.923789742770410705e-02 1.086956521739130448e-03 9.018567639257294571e-03 0.000000000000000000e+00 8.403361344537814762e-03 1.750875437718859466e-03 4.708577246118604911e-03 0.000000000000000000e+00 4.145555043758636891e-03 1.203369434416365759e-04 1.447776628748707363e-02 0.000000000000000000e+00 3.518648838845883143e-04 0.000000000000000000e+00 1.101759755164498887e-02 0.000000000000000000e+00 0.000000000000000000e+00 0.000000000000000000e+00 1.137642205275659485e-02 3.727171077152441163e-04 0.000000000000000000e+00 0.000000000000000000e+00 0.000000000000000000e+00 0.000000000000000000e+00 0.000000000000000000e+00 0.000000000000000000e+00 0.000000000000000000e+00 0.000000000000000000e+00 0.000000000000000000e+00 0.000000000000000000e+00 0.000000000000000000e+00 0.000000000000000000e+00 0.000000000000000000e+00 3.056234718826405855e-04 2.532928064842958631e-04 0.000000000000000000e+00 0.000000000000000000e+00 0.000000000000000000e+00 0.000000000000000000e+00 0.000000000000000000e+00 0.000000000000000000e+00 0.000000000000000000e+00 0.000000000000000000e+00 0.000000000000000000e+00 0.000000000000000000e+00
3.282758620689655432e-02 0.000000000000000000e+00 6.193103448275862066e-02 2.620689655172413982e-03 1.282758620689655217e-02 5.517241379310345055e-04 2.513103448275861851e-01 7.448275862068965553e-03 2.717241379310344693e-02 0.000000000000000000e+00 1.224827586206896496e-01 9.655172413793103574e-04 0.000000000000000000e+00 1.205109664979513075e-03 2.292196776929601443e-01 9.813542688910696036e-04 8.803185914902535505e-03 0.000000000000000000e+00 1.029748283752860392e-02 3.420362558431193573e-04 0.000000000000000000e+00 0.000000000000000000e+00 1.984754782108442278e-02 5.061224489795918685e-03 2.696144513345915508e-04 0.000000000000000000e+00 0.000000000000000000e+00 0.000000000000000000e+00 9.244518921938277289e-02 8.925582952136561481e-04 5.813953488372092943e-03 4.923903312444046637e-03 3.998118532455315240e-03 1.256732495511669661e-03 1.048767697954903003e-03 0.000000000000000000e+00 3.865668035757429191e-03 2.318571759795965629e-04 0.000000000000000000e+00 0.000000000000000000e+00 0.000000000000000000e+00 0.000000000000000000e+00 2.439321868520551314e-04 0.000000000000000000e+00 2.792516056967327327e-04 0.000000000000000000e+00 0.000000000000000000e+00 0.000000000000000000e+00 1.542971763616725702e-04 0.000000000000000000e+00 1.300851466414380429e-03 0.000000000000000000e+00 0.000000000000000000e+00 0.000000000000000000e+00 6.492101276779917683e-04 0.000000000000000000e+00 2.316052022091573230e-03 0.000000000000000000e+00 9.280127270316850495e-04 0.000000000000000000e+00 9.751061144889296844e-03 0.000000000000000000e+00 1.377338877338877415e-02 0.000000000000000000e+00 1.683673469387755167e-02 0.000000000000000000e+00 2.430555555555555594e-03 0.000000000000000000e+00 1.175548589341692853e-03 0.000000000000000000e+00 4.527240173927871147e-02 1.677584278638760262e-03 1.725543478260869665e-02 9.549071618037135046e-04 1.232032854209445631e-02 4.201680672268907381e-03 2.126063031515757970e-02 6.362942224484601818e-04 9.416195856873822581e-04 0.000000000000000000e+00 4.933814681107099448e-03 0.000000000000000000e+00 3.930817610062893293e-04 0.000000000000000000e+00 5.925798694606664203e-03 0.000000000000000000e+00 4.070004070004069820e-04 0.000000000000000000e+00 3.729024238657551241e-03 0.000000000000000000e+00 0.000000000000000000e+00 0.000000000000000000e+00 0.000000000000000000e+00 0.000000000000000000e+00 6.877579092159559482e-03 0.000000000000000000e+00 0.000000000000000000e+00 0.000000000000000000e+00 0.000000000000000000e+00 0.000000000000000000e+00 0.000000000000000000e+00 0.000000000000000000e+00 2.031281738777168417e-04 0.000000000000000000e+00 0.000000000000000000e+00 0.000000000000000000e+00 1.326259946949602054e-03 0.000000000000000000e+00 0.000000000000000000e+00 0.000000000000000000e+00 0.000000000000000000e+00 0.000000000000000000e+00 0.000000000000000000e+00 0.000000000000000000e+00 0.000000000000000000e+00 0.000000000000000000e+00
