0.000000000000000000e+00 2.466259640102827846e-02 4.076953748006379580e-02 7.969639468690701417e-03 6.858710562414265617e-04 0.000000000000000000e+00 9.913569576490924296e-02 1.009014969812256982e-02 4.555808656036446688e-04 0.000000000000000000e+00 1.788235294117647145e-01 1.258389261744966361e-03 3.072018548036516486e-02 3.904724716907458136e-04 2.526847757422615113e-03 0.000000000000000000e+00 8.078994614003590091e-02 7.800969850305713472e-03 1.023831559463211499e-01 4.587657018022938543e-02 0.000000000000000000e+00 0.000000000000000000e+00 7.915567282321899455e-04 8.561643835616437881e-04 0.000000000000000000e+00 0.000000000000000000e+00 0.000000000000000000e+00 0.000000000000000000e+00 2.324855671711655372e-02 2.602714259155976956e-03 2.885725278953443686e-03 5.817335660267597191e-04 8.589314310671131852e-03 2.537192941990543127e-02 3.723008190618019397e-04 0.000000000000000000e+00 3.628577867928780426e-02 9.622323791195574018e-04 2.437538086532602209e-03 0.000000000000000000e+00 7.853403141361256154e-03 0.000000000000000000e+00 5.251411316791387493e-04 0.000000000000000000e+00 5.297311614355714815e-04 1.211240310077519363e-04 0.000000000000000000e+00 0.000000000000000000e+00 4.612045577862181230e-03 3.645200486026731689e-04 2.046948356807511832e-02 2.001400980686480558e-04 3.870967741935483868e-03 0.000000000000000000e+00 9.201497192763568450e-03 1.827485380116958963e-04 2.345967607280013412e-01 1.197007481296758023e-03 3.515136352264198322e-02 8.917954815695600763e-04 8.288556076369041348e-02 1.219512195121951218e-03 5.767963085036255898e-03 3.409478349812478538e-04 7.004653441097231925e-02 4.759638267491670478e-04 2.107519199857117373e-02 8.608321377331420174e-04 1.847930702598652442e-01 1.743983257760725472e-03 1.519584709768758979e-01 2.775916531061548703e-03 4.594757457065381384e-02 2.229215840545502227e-03 0.000000000000000000e+00 0.000000000000000000e+00 8.086290883785664241e-02 3.022452504317789477e-03 0.000000000000000000e+00 0.000000000000000000e+00 3.948407475651487079e-03 0.000000000000000000e+00 1.210653753026634440e-03 0.000000000000000000e+00 4.937317533917225110e-02 1.691188905800777853e-04 2.727272727272727487e-03 0.000000000000000000e+00 4.840392238681410358e-02 1.405283867341202938e-04 1.544640098856966352e-03 0.000000000000000000e+00 7.707129094412331531e-04 1.414427157001414475e-03 2.526595744680850894e-02 1.003344481605351196e-02 1.718213058419243953e-03 0.000000000000000000e+00 2.503128911138923721e-03 5.952380952380952051e-03 0.000000000000000000e+00 0.000000000000000000e+00 4.781257470714797998e-04 7.168458781362007162e-04 4.219409282700421586e-03 1.136686558681443589e-03 1.193317422434367597e-03 1.114827201783723503e-03 0.000000000000000000e+00 0.000000000000000000e+00 1.231527093596059127e-03 0.000000000000000000e+00 0.000000000000000000e+00 0.000000000000000000e+00 0.000000000000000000e+00 0.000000000000000000e+00
2.466259640102827846e-02 0.000000000000000000e+00 1.993620414673046102e-03 1.176470588235294101e-01 0.000000000000000000e+00 2.680965147453083161e-03 7.778738115816767520e-04 1.035480936233562216e-01 0.000000000000000000e+00 8.663366336633664122e-03 0.000000000000000000e+00 1.449244966442952975e-01 0.000000000000000000e+00 1.405700898086684886e-02 0.000000000000000000e+00 2.576112412177985946e-03 2.792738878914821470e-03 5.017921146953405187e-02 2.325312355391022726e-02 1.146914254505734532e-01 0.000000000000000000e+00 0.000000000000000000e+00 2.638522427440633152e-04 8.561643835616437881e-04 0.000000000000000000e+00 0.000000000000000000e+00 0.000000000000000000e+00 0.000000000000000000e+00 1.560305819940708378e-04 6.451013199479457838e-02 7.695267410542516858e-04 1.939111886755865821e-04 2.023584218954724290e-02 1.556913850766924144e-02 7.446016381236038794e-04 1.407459535538353257e-03 1.126887536623844997e-03 4.041375992302140979e-02 0.000000000000000000e+00 1.025412394115024495e-02 0.000000000000000000e+00 4.402515723270439968e-02 0.000000000000000000e+00 2.228163992869875093e-04 0.000000000000000000e+00 9.689922480620154904e-04 0.000000000000000000e+00 0.000000000000000000e+00 2.712967986977753696e-04 4.738760631834751033e-03 4.694835680751173598e-04 1.310917642349644814e-02 0.000000000000000000e+00 1.066477070742979103e-03 0.000000000000000000e+00 3.837719298245613822e-03 1.836700617799298619e-03 2.680299251870323918e-01 7.505629221916437690e-04 4.161712247324613617e-02 9.145992911855492947e-04 9.369918699186992328e-02 6.591957811470006059e-04 3.017388339584043538e-02 0.000000000000000000e+00 3.157226717436141528e-02 1.964636542239685518e-03 3.634624581539932890e-03 2.791145332050047959e-02 1.245204046041158003e-01 4.719207173194903408e-04 8.069302192016847286e-02 9.038867128653209305e-04 4.117492787831104201e-02 0.000000000000000000e+00 0.000000000000000000e+00 2.505219206680584475e-03 5.354058721934369658e-02 0.000000000000000000e+00 0.000000000000000000e+00 1.316135825217162360e-04 7.459756576364350023e-03 0.000000000000000000e+00 1.982160555004955360e-03 0.000000000000000000e+00 3.111787586673431250e-02 0.000000000000000000e+00 0.000000000000000000e+00 0.000000000000000000e+00 1.391231028667790949e-02 2.162496138399752892e-03 7.607192254495158922e-03 0.000000000000000000e+00 1.414427157001414475e-03 3.989361702127659261e-03 1.053511705685618721e-01 8.591065292096219767e-04 6.772009029345372327e-03 0.000000000000000000e+00 1.785714285714285615e-02 0.000000000000000000e+00 1.092896174863387977e-03 2.390628735357398999e-04 3.345280764635603487e-03 8.438818565400844039e-04 3.125888036373970086e-03 0.000000000000000000e+00 1.114827201783723503e-03 1.250000000000000000e-01 0.000000000000000000e+00 0.000000000000000000e+00 0.000000000000000000e+00 0.000000000000000000e+00 0.000000000000000000e+00 0.000000000000000000e+00 0.000000000000000000e+00
4.076953748006379580e-02 1.993620414673046102e-03 0.000000000000000000e+00 7.969639468690701417e-03 1.498628257887517079e-01 1.949792834511333188e-03 2.484874675885911932e-01 1.025556198825572710e-02 5.649202733485193806e-02 2.475247524752475278e-03 5.045751633986927942e-02 2.516778523489932723e-03 3.753079263874800620e-02 2.928543537680593657e-03 2.653190145293746194e-02 1.639344262295081966e-03 1.117095551565928588e-02 8.433480919249420000e-04 1.011105969458584025e-01 5.243036592026214908e-03 9.560229445506691816e-04 1.675041876046901197e-03 1.526385224274406371e-01 1.027397260273972546e-02 1.064094586185438673e-01 4.055150040551500513e-04 2.176202176202176111e-02 1.935483870967741934e-03 4.556092994226868670e-02 1.115448968209704472e-03 3.847633705271258364e-02 2.540236571650184363e-02 1.368467025767942935e-02 7.380924922154307420e-03 2.233804914370811530e-03 0.000000000000000000e+00 4.056795131845841729e-03 0.000000000000000000e+00 0.000000000000000000e+00 0.000000000000000000e+00 0.000000000000000000e+00 0.000000000000000000e+00 2.625705658395693746e-04 0.000000000000000000e+00 1.324327903588928650e-03 0.000000000000000000e+00 1.826817683595177157e-04 0.000000000000000000e+00 2.441671188279978272e-03 1.215066828675577185e-04 5.539906103286385344e-03 1.000700490343240279e-04 9.677419354838709669e-04 0.000000000000000000e+00 2.339363693075483409e-03 0.000000000000000000e+00 1.168809484054099141e-03 9.975062344139651543e-05 2.251688766574931090e-03 0.000000000000000000e+00 2.629472962158454358e-03 0.000000000000000000e+00 4.943968358602505086e-04 0.000000000000000000e+00 4.163605192260592773e-03 0.000000000000000000e+00 7.233434541882479384e-03 2.869440459110473391e-04 4.090471607314725457e-03 0.000000000000000000e+00 4.404593361648576066e-02 2.297310232602660981e-03 9.325097921060560013e-02 2.098085496984002096e-03 2.564102564102564014e-02 0.000000000000000000e+00 7.459986082115518946e-02 1.295336787564766888e-03 1.538461538461538460e-03 0.000000000000000000e+00 7.896814951302974159e-04 0.000000000000000000e+00 2.421307506053268881e-03 0.000000000000000000e+00 3.434655675768504089e-03 0.000000000000000000e+00 0.000000000000000000e+00 0.000000000000000000e+00 3.546839140413102567e-03 0.000000000000000000e+00 0.000000000000000000e+00 0.000000000000000000e+00 3.853564547206165766e-04 0.000000000000000000e+00 1.595744680851063704e-02 1.003344481605351196e-02 0.000000000000000000e+00 9.029345372460495858e-03 0.000000000000000000e+00 1.984126984126984017e-03 0.000000000000000000e+00 0.000000000000000000e+00 7.171886206072196996e-04 7.168458781362007162e-04 1.687763713080168808e-03 8.525149190110826915e-04 1.193317422434367597e-03 1.114827201783723503e-03 0.000000000000000000e+00 0.000000000000000000e+00 0.000000000000000000e+00 0.000000000000000000e+00 0.000000000000000000e+00 0.000000000000000000e+00 0.000000000000000000e+00 0.000000000000000000e+00
7.969639468690701417e-03 1.176470588235294101e-01 7.969639468690701417e-03 0.000000000000000000e+00 6.858710562414265617e-04 5.630026809651474812e-02 7.000864304235090985e-03 1.408485650483830842e-01 1.366742596810934006e-03 2.599009900990098890e-02 1.568627450980392092e-03 2.978187919463087113e-02 3.187943776264309716e-03 4.841858648965247786e-02 2.210991787744788495e-03 2.014051522248243645e-02 3.989626969878316463e-04 2.213788741302972693e-02 4.858861638130495403e-03 6.968869470234843877e-02 0.000000000000000000e+00 0.000000000000000000e+00 1.873350923482849581e-02 1.660958904109589018e-01 0.000000000000000000e+00 1.784266017842660312e-02 0.000000000000000000e+00 5.483870967741935262e-03 1.560305819940708324e-03 3.457891801450083819e-02 1.365909965371296664e-02 2.908667830133798704e-02 2.183723977289270604e-03 1.418521508476531037e-02 7.446016381236038794e-04 7.037297677691766286e-04 2.253775073247689940e-04 1.226846283377435592e-02 0.000000000000000000e+00 1.783325902808738242e-03 0.000000000000000000e+00 3.459119496855345838e-02 0.000000000000000000e+00 3.342245989304812640e-04 0.000000000000000000e+00 4.844961240310077452e-04 0.000000000000000000e+00 3.599064243296742687e-04 0.000000000000000000e+00 1.822600243013365682e-03 9.389671361502347467e-05 4.002801961372960682e-03 0.000000000000000000e+00 1.777461784571631657e-04 0.000000000000000000e+00 7.309941520467835852e-04 8.348639171814994020e-04 5.486284289276808362e-03 1.250938203652739525e-04 1.441736028537455444e-02 2.286498227963873237e-04 4.674796747967479779e-03 0.000000000000000000e+00 1.363791339924991415e-03 0.000000000000000000e+00 4.125019831826114668e-03 8.930166101089480118e-05 9.564801530368245361e-03 1.203079884504331017e-03 2.790373212417160756e-03 1.337108699071889182e-03 3.465109600842346954e-02 1.506477854775534848e-03 7.054812483608706442e-02 0.000000000000000000e+00 2.265861027190332194e-02 2.505219206680584475e-03 5.915371329879101636e-02 0.000000000000000000e+00 0.000000000000000000e+00 0.000000000000000000e+00 1.766784452296819765e-03 0.000000000000000000e+00 0.000000000000000000e+00 0.000000000000000000e+00 3.297818366311516813e-03 0.000000000000000000e+00 8.605851979345955543e-04 4.172751929897767663e-04 9.836987071388421378e-04 3.089280197713932703e-04 2.074688796680497927e-03 0.000000000000000000e+00 1.414427157001414475e-03 5.319148936170212637e-03 4.682274247491638453e-02 0.000000000000000000e+00 0.000000000000000000e+00 0.000000000000000000e+00 7.936507936507936067e-03 0.000000000000000000e+00 0.000000000000000000e+00 0.000000000000000000e+00 9.557945041816009188e-04 2.812939521800281346e-04 1.705029838022165383e-03 0.000000000000000000e+00 0.000000000000000000e+00 6.250000000000000000e-02 0.000000000000000000e+00 0.000000000000000000e+00 0.000000000000000000e+00 0.000000000000000000e+00 0.000000000000000000e+00 0.000000000000000000e+00 0.000000000000000000e+00
6.858710562414265617e-04 0.000000000000000000e+00 1.498628257887517079e-01 6.858710562414265617e-04 0.000000000000000000e+00 7.311723129417499727e-04 6.050129645635263578e-03 8.270614506657845044e-05 3.366742596810933796e-01 6.188118811881188194e-04 0.000000000000000000e+00 0.000000000000000000e+00 2.463411099840602785e-03 0.000000000000000000e+00 1.064434617814276757e-01 0.000000000000000000e+00 0.000000000000000000e+00 0.000000000000000000e+00 6.941230911614992968e-04 0.000000000000000000e+00 8.604206500956022852e-03 0.000000000000000000e+00 1.794195250659630717e-02 6.421232876712328411e-04 5.787181082762912071e-02 2.027575020275750040e-03 1.158301158301158346e-01 6.451612903225806446e-04 8.269620845685754160e-03 0.000000000000000000e+00 6.156213928434013487e-03 2.326934264107038876e-03 0.000000000000000000e+00 0.000000000000000000e+00 3.723008190618019397e-04 7.037297677691766286e-04 1.577642551273382822e-03 0.000000000000000000e+00 1.828153564899451548e-03 0.000000000000000000e+00 0.000000000000000000e+00 0.000000000000000000e+00 3.938558487593540620e-04 0.000000000000000000e+00 0.000000000000000000e+00 0.000000000000000000e+00 1.278772378516624146e-03 0.000000000000000000e+00 1.356483993488876848e-04 0.000000000000000000e+00 9.389671361502347467e-05 0.000000000000000000e+00 0.000000000000000000e+00 0.000000000000000000e+00 1.559575795383655642e-04 0.000000000000000000e+00 1.669727834362998967e-04 0.000000000000000000e+00 1.250938203652739525e-04 0.000000000000000000e+00 0.000000000000000000e+00 0.000000000000000000e+00 3.295978905735003029e-04 0.000000000000000000e+00 0.000000000000000000e+00 0.000000000000000000e+00 0.000000000000000000e+00 9.564801530368245090e-05 0.000000000000000000e+00 0.000000000000000000e+00 2.571967909391222398e-02 1.914425193835550998e-04 3.404639951792708813e-02 0.000000000000000000e+00 4.273504273504273934e-03 0.000000000000000000e+00 1.670146137787056461e-03 0.000000000000000000e+00 0.000000000000000000e+00 0.000000000000000000e+00 2.632271650434324720e-04 0.000000000000000000e+00 2.421307506053268881e-03 0.000000000000000000e+00 1.202129486518976496e-03 0.000000000000000000e+00 2.727272727272727487e-03 0.000000000000000000e+00 1.043187982474441970e-03 0.000000000000000000e+00 0.000000000000000000e+00 0.000000000000000000e+00 0.000000000000000000e+00 0.000000000000000000e+00 1.329787234042553159e-03 0.000000000000000000e+00 0.000000000000000000e+00 0.000000000000000000e+00 0.000000000000000000e+00 0.000000000000000000e+00 0.000000000000000000e+00 0.000000000000000000e+00 0.000000000000000000e+00 0.000000000000000000e+00 2.812939521800281346e-04 0.000000000000000000e+00 0.000000000000000000e+00 0.000000000000000000e+00 0.000000000000000000e+00 0.000000000000000000e+00 0.000000000000000000e+00 0.000000000000000000e+00 0.000000000000000000e+00 0.000000000000000000e+00 0.000000000000000000e+00 0.000000000000000000e+00
0.000000000000000000e+00 2.680965147453083161e-03 1.949792834511333188e-03 5.630026809651474812e-02 7.311723129417499727e-04 0.000000000000000000e+00 5.185825410544512041e-04 4.714250268794971215e-03 4.555808656036446688e-04 3.341584158415841777e-01 0.000000000000000000e+00 4.194630872483221386e-04 1.449065352847413483e-04 1.366653650917610402e-03 6.317119393556537782e-04 2.182669789227166257e-01 0.000000000000000000e+00 4.216740459624710000e-04 0.000000000000000000e+00 5.461496450027307015e-04 1.912045889101338363e-03 3.350083752093802394e-03 2.902374670184696467e-03 7.234589041095890183e-02 3.733665214685749807e-03 1.427412814274128250e-01 0.000000000000000000e+00 1.887096774193548487e-01 0.000000000000000000e+00 1.078267335936047670e-02 1.115813774528664863e-02 1.047120418848167603e-02 0.000000000000000000e+00 3.459808557259831468e-04 0.000000000000000000e+00 0.000000000000000000e+00 0.000000000000000000e+00 2.405580947798893505e-04 0.000000000000000000e+00 0.000000000000000000e+00 0.000000000000000000e+00 0.000000000000000000e+00 0.000000000000000000e+00 0.000000000000000000e+00 0.000000000000000000e+00 0.000000000000000000e+00 0.000000000000000000e+00 0.000000000000000000e+00 0.000000000000000000e+00 1.215066828675577185e-04 0.000000000000000000e+00 0.000000000000000000e+00 0.000000000000000000e+00 0.000000000000000000e+00 0.000000000000000000e+00 1.827485380116958963e-04 0.000000000000000000e+00 0.000000000000000000e+00 0.000000000000000000e+00 0.000000000000000000e+00 0.000000000000000000e+00 0.000000000000000000e+00 0.000000000000000000e+00 1.704739174906239269e-04 0.000000000000000000e+00 1.586546089163890340e-04 0.000000000000000000e+00 1.912960306073649018e-04 0.000000000000000000e+00 0.000000000000000000e+00 2.202296680824288293e-03 3.742701253948502171e-02 3.012955709551069588e-04 4.484657749803304394e-02 0.000000000000000000e+00 1.510574018126888303e-02 0.000000000000000000e+00 1.871042026482441084e-03 0.000000000000000000e+00 0.000000000000000000e+00 0.000000000000000000e+00 3.926187671770710709e-04 0.000000000000000000e+00 0.000000000000000000e+00 0.000000000000000000e+00 1.099272788770505604e-03 0.000000000000000000e+00 0.000000000000000000e+00 0.000000000000000000e+00 7.026419336706014960e-04 0.000000000000000000e+00 0.000000000000000000e+00 0.000000000000000000e+00 0.000000000000000000e+00 0.000000000000000000e+00 3.344481605351170509e-03 0.000000000000000000e+00 0.000000000000000000e+00 0.000000000000000000e+00 0.000000000000000000e+00 0.000000000000000000e+00 0.000000000000000000e+00 0.000000000000000000e+00 0.000000000000000000e+00 0.000000000000000000e+00 0.000000000000000000e+00 0.000000000000000000e+00 0.000000000000000000e+00 0.000000000000000000e+00 0.000000000000000000e+00 0.000000000000000000e+00 0.000000000000000000e+00 0.000000000000000000e+00 0.000000000000000000e+00 0.000000000000000000e+00 0.000000000000000000e+00
9.913569576490924296e-02 7.778738115816767520e-04 2.484874675885911932e-01 7.000864304235090985e-03 6.050129645635263578e-03 5.185825410544512041e-04 0.000000000000000000e+00 1.670664130344884715e-02 2.961275626423690369e-02 1.237623762376237639e-03 1.241830065359477153e-01 5.033557046979865446e-03 3.319808723373424142e-01 6.638032018742678723e-03 9.791535060012634267e-03 4.683840749414519902e-04 9.176142030720127810e-03 1.897533206831119581e-03 2.290606200832947734e-02 4.915346805024576639e-03 0.000000000000000000e+00 0.000000000000000000e+00 8.179419525065963203e-03 1.241438356164383493e-02 1.244555071561916602e-03 4.055150040551500513e-04 3.510003510003509839e-04 0.000000000000000000e+00 4.244031830238726571e-02 1.487265290946272484e-03 2.154674874951904504e-02 3.451619158425441036e-02 8.734895909157082633e-04 8.303540537423595089e-03 3.723008190618019397e-04 0.000000000000000000e+00 4.958305161144917379e-03 4.811161895597787009e-04 6.093845216331505521e-04 0.000000000000000000e+00 0.000000000000000000e+00 0.000000000000000000e+00 2.625705658395693746e-04 0.000000000000000000e+00 1.191895113230035698e-03 2.422480620155038726e-04 3.653635367190354315e-04 0.000000000000000000e+00 1.763429191535539984e-03 3.645200486026731689e-04 3.849765258215962285e-03 1.000700490343240279e-04 1.935483870967741934e-03 0.000000000000000000e+00 4.678727386150966817e-03 0.000000000000000000e+00 4.341292369343796934e-03 1.995012468827930309e-04 2.376782586940205232e-03 2.972651605231866560e-04 1.337601463358865927e-02 2.032520325203252031e-04 3.295978905735003246e-03 0.000000000000000000e+00 1.665442076904237109e-02 0.000000000000000000e+00 2.679049830326843927e-03 9.564801530368245090e-05 1.924927815206929843e-03 0.000000000000000000e+00 8.085574956740601560e-02 2.105867713219106152e-03 6.553178668273576535e-02 3.278258589037503275e-03 8.547008547008547868e-03 1.510574018126888216e-03 1.060542797494780781e-01 2.878526194588370765e-03 0.000000000000000000e+00 0.000000000000000000e+00 6.975519873650960941e-03 0.000000000000000000e+00 1.210653753026634440e-03 0.000000000000000000e+00 2.095139962218787663e-02 8.455944529003889265e-05 2.727272727272727487e-03 0.000000000000000000e+00 2.441059878990194110e-02 2.810567734682405876e-04 6.178560395427865407e-04 0.000000000000000000e+00 0.000000000000000000e+00 1.414427157001414475e-03 1.994680851063829891e-02 1.672240802675585211e-02 8.591065292096219767e-04 0.000000000000000000e+00 0.000000000000000000e+00 3.968253968253968034e-03 0.000000000000000000e+00 0.000000000000000000e+00 4.781257470714797998e-04 4.778972520908004594e-04 8.438818565400844039e-04 2.841716396703608972e-04 5.966587112171837983e-04 0.000000000000000000e+00 0.000000000000000000e+00 0.000000000000000000e+00 0.000000000000000000e+00 0.000000000000000000e+00 0.000000000000000000e+00 0.000000000000000000e+00 0.000000000000000000e+00 0.000000000000000000e+00
1.009014969812256982e-02 1.035480936233562216e-01 1.025556198825572710e-02 1.408485650483830842e-01 8.270614506657845044e-05 4.714250268794971215e-03 1.670664130344884715e-02 0.000000000000000000e+00 1.366742596810934006e-03 1.225247524752475226e-01 1.098039215686274529e-02 1.923238255033556943e-01 4.347196058542239852e-03 3.170636470128855855e-01 3.158559696778268891e-04 7.494145199063231844e-02 2.792738878914821470e-03 3.057136833227914671e-02 1.411383618695048574e-02 4.347351174221737030e-02 0.000000000000000000e+00 0.000000000000000000e+00 2.506596306068601537e-02 1.391267123287671242e-02 1.244555071561916602e-03 1.216545012165450154e-03 0.000000000000000000e+00 3.225806451612903223e-04 3.120611639881416648e-03 3.643799962818367738e-02 1.558291650634859547e-02 1.066511537715726134e-02 4.221866356092589777e-03 9.226156152692883625e-03 3.723008190618019397e-04 0.000000000000000000e+00 0.000000000000000000e+00 7.216742843396680568e-03 0.000000000000000000e+00 1.783325902808738242e-03 0.000000000000000000e+00 4.088050314465408591e-02 0.000000000000000000e+00 1.114081996434937547e-04 0.000000000000000000e+00 1.937984496124030981e-03 0.000000000000000000e+00 3.599064243296742687e-04 0.000000000000000000e+00 4.738760631834751033e-03 1.877934272300469493e-04 1.461022715901130753e-02 0.000000000000000000e+00 1.421969427657305326e-03 0.000000000000000000e+00 3.654970760233917926e-03 1.669727834362998967e-04 1.536159600997506237e-02 1.250938203652739525e-04 1.129607609988109336e-02 1.143249113981936618e-04 3.658536585365853439e-02 1.647989452867501515e-04 5.284691442209342276e-03 2.449179524859172188e-04 2.633666508012057900e-02 4.465083050544740059e-04 6.121472979435676857e-03 2.406159769008662304e-04 2.441576560865015878e-03 3.854019191442504405e-03 1.278836029482147973e-01 3.163603495028623203e-03 6.674534487280356365e-02 0.000000000000000000e+00 1.963746223564954638e-02 6.958942240779401704e-03 9.729418537708693637e-02 0.000000000000000000e+00 0.000000000000000000e+00 1.316135825217162360e-04 1.236749116607773792e-02 0.000000000000000000e+00 1.982160555004955360e-03 4.293319594710630111e-04 2.080162354134956759e-02 0.000000000000000000e+00 0.000000000000000000e+00 6.259127894846650952e-04 1.250702641933670520e-02 6.178560395427865407e-04 1.383125864453665357e-03 0.000000000000000000e+00 0.000000000000000000e+00 6.648936170212766013e-03 5.016722408026755980e-02 0.000000000000000000e+00 0.000000000000000000e+00 0.000000000000000000e+00 1.984126984126984017e-03 0.000000000000000000e+00 1.092896174863387977e-03 4.781257470714797998e-04 1.911589008363201838e-03 2.812939521800281346e-04 1.420858198351804486e-03 0.000000000000000000e+00 1.114827201783723503e-03 3.125000000000000000e-02 0.000000000000000000e+00 0.000000000000000000e+00 0.000000000000000000e+00 0.000000000000000000e+00 0.000000000000000000e+00 1.207729468599033759e-03 0.000000000000000000e+00
4.555808656036446688e-04 0.000000000000000000e+00 5.649202733485193806e-02 1.366742596810934006e-03 3.366742596810933796e-01 4.555808656036446688e-04 2.961275626423690369e-02 1.366742596810934006e-03 0.000000000000000000e+00 0.000000000000000000e+00 7.843137254901960459e-04 0.000000000000000000e+00 1.536009274018258243e-02 0.000000000000000000e+00 1.626658243840808649e-01 2.341920374707259951e-04 0.000000000000000000e+00 0.000000000000000000e+00 5.784359093012493959e-04 0.000000000000000000e+00 9.560229445506691816e-04 0.000000000000000000e+00 4.881266490765171114e-03 6.421232876712328411e-04 4.355942750466708542e-03 0.000000000000000000e+00 9.126009126009125907e-03 0.000000000000000000e+00 1.123420190357310097e-02 0.000000000000000000e+00 2.885725278953443686e-03 1.939111886755865875e-03 0.000000000000000000e+00 0.000000000000000000e+00 0.000000000000000000e+00 0.000000000000000000e+00 0.000000000000000000e+00 0.000000000000000000e+00 0.000000000000000000e+00 0.000000000000000000e+00 0.000000000000000000e+00 0.000000000000000000e+00 1.312852829197846873e-04 0.000000000000000000e+00 0.000000000000000000e+00 0.000000000000000000e+00 0.000000000000000000e+00 0.000000000000000000e+00 0.000000000000000000e+00 0.000000000000000000e+00 0.000000000000000000e+00 0.000000000000000000e+00 3.225806451612903223e-04 0.000000000000000000e+00 1.559575795383655642e-04 0.000000000000000000e+00 1.669727834362998967e-04 0.000000000000000000e+00 0.000000000000000000e+00 0.000000000000000000e+00 2.286498227963873237e-04 0.000000000000000000e+00 0.000000000000000000e+00 0.000000000000000000e+00 2.449179524859172188e-04 0.000000000000000000e+00 0.000000000000000000e+00 0.000000000000000000e+00 0.000000000000000000e+00 0.000000000000000000e+00 1.706779927638823330e-02 3.828850387671101996e-04 2.681530581500451982e-02 0.000000000000000000e+00 4.273504273504273934e-03 0.000000000000000000e+00 4.592901878914404726e-03 0.000000000000000000e+00 0.000000000000000000e+00 0.000000000000000000e+00 0.000000000000000000e+00 0.000000000000000000e+00 1.210653753026634440e-03 0.000000000000000000e+00 5.151983513652756566e-04 0.000000000000000000e+00 9.090909090909090901e-04 0.000000000000000000e+00 4.172751929897767663e-04 0.000000000000000000e+00 0.000000000000000000e+00 0.000000000000000000e+00 0.000000000000000000e+00 7.072135785007072377e-04 1.329787234042553159e-03 1.672240802675585255e-03 0.000000000000000000e+00 0.000000000000000000e+00 0.000000000000000000e+00 1.984126984126984017e-03 0.000000000000000000e+00 0.000000000000000000e+00 0.000000000000000000e+00 2.389486260454002297e-04 2.812939521800281346e-04 2.841716396703608972e-04 0.000000000000000000e+00 0.000000000000000000e+00 0.000000000000000000e+00 0.000000000000000000e+00 0.000000000000000000e+00 7.462686567164178962e-03 0.000000000000000000e+00 0.000000000000000000e+00 0.000000000000000000e+00 0.000000000000000000e+00
0.000000000000000000e+00 8.663366336633664122e-03 2.475247524752475278e-03 2.599009900990098890e-02 6.188118811881188194e-04 3.341584158415841777e-01 1.237623762376237639e-03 1.225247524752475226e-01 0.000000000000000000e+00 0.000000000000000000e+00 0.000000000000000000e+00 3.355704697986577108e-03 1.449065352847413483e-04 1.757126122608356281e-02 3.158559696778268891e-04 8.805620608899297763e-02 0.000000000000000000e+00 1.897533206831119581e-03 0.000000000000000000e+00 0.000000000000000000e+00 0.000000000000000000e+00 0.000000000000000000e+00 1.451187335092348233e-03 1.070205479452054735e-03 0.000000000000000000e+00 1.013787510137875020e-02 0.000000000000000000e+00 2.838709677419355010e-02 0.000000000000000000e+00 3.532255065997397421e-03 2.308580223162754949e-03 3.878223773511731642e-04 0.000000000000000000e+00 1.153269519086610534e-04 0.000000000000000000e+00 0.000000000000000000e+00 0.000000000000000000e+00 2.405580947798893505e-04 0.000000000000000000e+00 0.000000000000000000e+00 0.000000000000000000e+00 0.000000000000000000e+00 0.000000000000000000e+00 1.114081996434937547e-04 0.000000000000000000e+00 0.000000000000000000e+00 0.000000000000000000e+00 0.000000000000000000e+00 0.000000000000000000e+00 1.215066828675577185e-04 0.000000000000000000e+00 1.000700490343240279e-04 0.000000000000000000e+00 0.000000000000000000e+00 0.000000000000000000e+00 0.000000000000000000e+00 0.000000000000000000e+00 9.975062344139651543e-05 0.000000000000000000e+00 0.000000000000000000e+00 0.000000000000000000e+00 4.065040650406504062e-04 0.000000000000000000e+00 1.704739174906239269e-04 0.000000000000000000e+00 4.759638267491670478e-04 0.000000000000000000e+00 9.564801530368245090e-05 0.000000000000000000e+00 0.000000000000000000e+00 5.505741702060720734e-04 4.498899205513544330e-03 0.000000000000000000e+00 7.736690270128508164e-03 0.000000000000000000e+00 7.552870090634441515e-03 0.000000000000000000e+00 1.151410477835348393e-03 0.000000000000000000e+00 0.000000000000000000e+00 0.000000000000000000e+00 1.963093835885355355e-04 0.000000000000000000e+00 9.910802775024776801e-04 0.000000000000000000e+00 1.014713343480466712e-03 0.000000000000000000e+00 0.000000000000000000e+00 0.000000000000000000e+00 4.215851602023608542e-04 0.000000000000000000e+00 0.000000000000000000e+00 0.000000000000000000e+00 7.072135785007072377e-04 0.000000000000000000e+00 3.344481605351170509e-03 0.000000000000000000e+00 0.000000000000000000e+00 0.000000000000000000e+00 0.000000000000000000e+00 0.000000000000000000e+00 0.000000000000000000e+00 0.000000000000000000e+00 0.000000000000000000e+00 0.000000000000000000e+00 2.841716396703608972e-04 0.000000000000000000e+00 0.000000000000000000e+00 0.000000000000000000e+00 0.000000000000000000e+00 0.000000000000000000e+00 0.000000000000000000e+00 0.000000000000000000e+00 0.000000000000000000e+00 0.000000000000000000e+00 0.000000000000000000e+00
1.788235294117647145e-01 0.000000000000000000e+00 5.045751633986927942e-02 1.568627450980392092e-03 0.000000000000000000e+00 0.000000000000000000e+00 1.241830065359477153e-01 1.098039215686274529e-02 7.843137254901960459e-04 0.000000000000000000e+00 0.000000000000000000e+00 1.048657718120805373e-03 7.723518330676713839e-02 0.000000000000000000e+00 2.210991787744788495e-03 0.000000000000000000e+00 4.508278475962497478e-02 0.000000000000000000e+00 1.642757982415548462e-02 2.512288367012561509e-03 0.000000000000000000e+00 0.000000000000000000e+00 6.068601583113456682e-03 8.561643835616437881e-04 0.000000000000000000e+00 0.000000000000000000e+00 3.510003510003509839e-04 0.000000000000000000e+00 7.707910750507099285e-02 7.436326454731362421e-04 3.847633705271258104e-03 3.490401396160558532e-03 1.164652787887611018e-03 2.421865990081881973e-03 1.116902457185405765e-03 0.000000000000000000e+00 2.253775073247689940e-04 0.000000000000000000e+00 0.000000000000000000e+00 0.000000000000000000e+00 0.000000000000000000e+00 0.000000000000000000e+00 0.000000000000000000e+00 0.000000000000000000e+00 0.000000000000000000e+00 0.000000000000000000e+00 0.000000000000000000e+00 0.000000000000000000e+00 0.000000000000000000e+00 0.000000000000000000e+00 2.816901408450704376e-04 0.000000000000000000e+00 0.000000000000000000e+00 0.000000000000000000e+00 0.000000000000000000e+00 0.000000000000000000e+00 9.684421439305392759e-03 0.000000000000000000e+00 6.254691018263697352e-04 0.000000000000000000e+00 2.629472962158454358e-02 0.000000000000000000e+00 9.393539881344758688e-03 0.000000000000000000e+00 6.857702669605681908e-03 0.000000000000000000e+00 3.572066440435792047e-04 0.000000000000000000e+00 0.000000000000000000e+00 0.000000000000000000e+00 2.532641182947931516e-02 1.914425193835550998e-04 3.163603495028623203e-03 3.933910306845003930e-04 0.000000000000000000e+00 0.000000000000000000e+00 1.391788448155880384e-03 7.196315486470926913e-04 0.000000000000000000e+00 0.000000000000000000e+00 3.027112397999473428e-03 0.000000000000000000e+00 0.000000000000000000e+00 0.000000000000000000e+00 6.354113000171733062e-03 0.000000000000000000e+00 0.000000000000000000e+00 0.000000000000000000e+00 4.381389526392656317e-03 0.000000000000000000e+00 0.000000000000000000e+00 0.000000000000000000e+00 0.000000000000000000e+00 0.000000000000000000e+00 0.000000000000000000e+00 0.000000000000000000e+00 0.000000000000000000e+00 0.000000000000000000e+00 0.000000000000000000e+00 0.000000000000000000e+00 0.000000000000000000e+00 0.000000000000000000e+00 0.000000000000000000e+00 0.000000000000000000e+00 0.000000000000000000e+00 0.000000000000000000e+00 0.000000000000000000e+00 0.000000000000000000e+00 0.000000000000000000e+00 0.000000000000000000e+00 0.000000000000000000e+00 0.000000000000000000e+00 0.000000000000000000e+00 0.000000000000000000e+00 0.000000000000000000e+00 0.000000000000000000e+00
1.258389261744966361e-03 1.449244966442952975e-01 2.516778523489932723e-03 2.978187919463087113e-02 0.000000000000000000e+00 4.194630872483221386e-04 5.033557046979865446e-03 1.923238255033556943e-01 0.000000000000000000e+00 3.355704697986577108e-03 1.048657718120805373e-03 0.000000000000000000e+00 5.796261411389653931e-04 2.112456071846934846e-01 0.000000000000000000e+00 1.030444964871194378e-02 1.994813484939158231e-04 7.421463208939489686e-02 2.660805182785747503e-03 1.966138722009830656e-02 0.000000000000000000e+00 0.000000000000000000e+00 2.506596306068601711e-03 5.565068493150684623e-03 0.000000000000000000e+00 4.055150040551500513e-04 0.000000000000000000e+00 0.000000000000000000e+00 4.680917459822125405e-04 5.633017289459007343e-02 7.695267410542516858e-04 1.163467132053519438e-03 7.279079924297568319e-04 6.227655403067696750e-03 3.723008190618019397e-04 0.000000000000000000e+00 0.000000000000000000e+00 4.811161895597787009e-04 0.000000000000000000e+00 0.000000000000000000e+00 0.000000000000000000e+00 3.144654088050314635e-03 0.000000000000000000e+00 0.000000000000000000e+00 0.000000000000000000e+00 1.211240310077519363e-04 0.000000000000000000e+00 0.000000000000000000e+00 0.000000000000000000e+00 3.645200486026731689e-04 0.000000000000000000e+00 7.004903432402681410e-04 0.000000000000000000e+00 0.000000000000000000e+00 1.559575795383655642e-04 9.137426900584794814e-04 0.000000000000000000e+00 4.688279301745635480e-03 0.000000000000000000e+00 7.431629013079667483e-04 1.143249113981936618e-04 4.065040650406504495e-03 0.000000000000000000e+00 1.431980906921241116e-02 0.000000000000000000e+00 9.519276534983340957e-04 0.000000000000000000e+00 1.052128168340506946e-03 2.406159769008662304e-04 1.046389954656435283e-03 5.505741702060720734e-04 2.077151335311572602e-02 0.000000000000000000e+00 4.982953055337004979e-03 0.000000000000000000e+00 0.000000000000000000e+00 2.087682672233820251e-03 2.302820955670696786e-03 0.000000000000000000e+00 0.000000000000000000e+00 0.000000000000000000e+00 1.550844130349430736e-02 0.000000000000000000e+00 0.000000000000000000e+00 0.000000000000000000e+00 1.708100794858785632e-02 0.000000000000000000e+00 2.581755593803786771e-03 0.000000000000000000e+00 9.415401911186059222e-03 0.000000000000000000e+00 0.000000000000000000e+00 0.000000000000000000e+00 0.000000000000000000e+00 0.000000000000000000e+00 5.016722408026755980e-03 0.000000000000000000e+00 0.000000000000000000e+00 0.000000000000000000e+00 0.000000000000000000e+00 0.000000000000000000e+00 0.000000000000000000e+00 0.000000000000000000e+00 0.000000000000000000e+00 0.000000000000000000e+00 0.000000000000000000e+00 0.000000000000000000e+00 0.000000000000000000e+00 0.000000000000000000e+00 0.000000000000000000e+00 0.000000000000000000e+00 0.000000000000000000e+00 0.000000000000000000e+00 0.000000000000000000e+00 0.000000000000000000e+00 0.000000000000000000e+00
3.072018548036516486e-02 0.000000000000000000e+00 3.753079263874800620e-02 3.187943776264309716e-03 2.463411099840602785e-03 1.449065352847413483e-04 3.319808723373424142e-01 4.347196058542239852e-03 1.536009274018258243e-02 1.449065352847413483e-04 7.723518330676713839e-02 5.796261411389653931e-04 0.000000000000000000e+00 9.761811792268644799e-04 1.822488945041061403e-01 0.000000000000000000e+00 1.396369439457410735e-03 2.108370229812355000e-04 3.007866728366496989e-03 2.184598580010922969e-04 0.000000000000000000e+00 0.000000000000000000e+00 9.234828496042216464e-03 5.136986301369862729e-03 0.000000000000000000e+00 4.055150040551500513e-04 0.000000000000000000e+00 0.000000000000000000e+00 1.619597441098455382e-01 3.718163227365681211e-04 7.118122354751827904e-03 6.592980414969943845e-03 2.911631969719027544e-04 5.766347595433052265e-04 0.000000000000000000e+00 0.000000000000000000e+00 2.253775073247689940e-04 0.000000000000000000e+00 0.000000000000000000e+00 0.000000000000000000e+00 0.000000000000000000e+00 0.000000000000000000e+00 0.000000000000000000e+00 0.000000000000000000e+00 1.324327903588928704e-04 1.211240310077519363e-04 1.826817683595177157e-04 0.000000000000000000e+00 0.000000000000000000e+00 0.000000000000000000e+00 5.633802816901408751e-04 0.000000000000000000e+00 0.000000000000000000e+00 0.000000000000000000e+00 4.678727386150966926e-04 0.000000000000000000e+00 3.673401235598597239e-03 0.000000000000000000e+00 1.000750562922191620e-03 0.000000000000000000e+00 1.943523493769292246e-02 0.000000000000000000e+00 1.038233355306526079e-02 0.000000000000000000e+00 9.061964241978937365e-03 1.586546089163890340e-04 4.465083050544740059e-04 9.564801530368245090e-05 2.406159769008662304e-04 0.000000000000000000e+00 4.278747837030045381e-02 9.572125969177754990e-05 2.259716782163302337e-02 7.867820613690007861e-04 8.547008547008547868e-03 0.000000000000000000e+00 2.296450939457202536e-02 0.000000000000000000e+00 1.538461538461538460e-03 0.000000000000000000e+00 1.131876809686759716e-02 0.000000000000000000e+00 0.000000000000000000e+00 0.000000000000000000e+00 2.112313240597630051e-02 0.000000000000000000e+00 1.818181818181818180e-03 0.000000000000000000e+00 1.335280617567285652e-02 0.000000000000000000e+00 0.000000000000000000e+00 0.000000000000000000e+00 3.853564547206165766e-04 0.000000000000000000e+00 2.659574468085106318e-03 1.672240802675585255e-03 0.000000000000000000e+00 0.000000000000000000e+00 0.000000000000000000e+00 0.000000000000000000e+00 0.000000000000000000e+00 0.000000000000000000e+00 2.390628735357398999e-04 2.389486260454002297e-04 0.000000000000000000e+00 0.000000000000000000e+00 0.000000000000000000e+00 0.000000000000000000e+00 0.000000000000000000e+00 0.000000000000000000e+00 0.000000000000000000e+00 0.000000000000000000e+00 0.000000000000000000e+00 0.000000000000000000e+00 0.000000000000000000e+00 0.000000000000000000e+00
