2.841951598652038280e-01 4.823852712193320569e-01 3.362848491296520637e-01 4.962347776681918510e-01 3.201460303030303489e-01 0.000000000000000000e+00 3.595423315790222674e-01 4.558156866660494910e-01 3.623214240530303609e-01 0.000000000000000000e+00 3.402487896285789071e-01 4.828212705882351519e-01 3.837417175170784178e-01 4.333064851485148861e-01 3.818986867326904511e-01 0.000000000000000000e+00 3.422504742824831192e-01 4.634135827238843319e-01 4.244570035906649053e-01 4.941275419466374386e-01 0.000000000000000000e+00 0.000000000000000000e+00 4.219927424502079583e-01 4.597530424611222521e-01 4.395449127516778964e-01 0.000000000000000000e+00 0.000000000000000000e+00 0.000000000000000000e+00 3.995326693300191301e-01 4.595055777245624640e-01 4.193730777777778806e-01 4.287498636363636373e-01 4.111428073760354240e-01 4.815747882207033204e-01 5.070190728003703962e-01 0.000000000000000000e+00 4.493267055654094344e-01 5.153069500861851004e-01 5.187882301132329399e-01 5.029153904761904936e-01 0.000000000000000000e+00 0.000000000000000000e+00 0.000000000000000000e+00 0.000000000000000000e+00 4.266243531550318324e-01 0.000000000000000000e+00 4.068760572211475024e-01 0.000000000000000000e+00 4.193152937900886945e-01 0.000000000000000000e+00 4.145524254157072486e-01 0.000000000000000000e+00 4.084599677954257602e-01 0.000000000000000000e+00 4.082526375903026694e-01 0.000000000000000000e+00 3.164361794064187716e-01 5.020649515716951727e-01 4.350946416030594399e-01 4.719432709916994151e-01 4.306523528708942616e-01 0.000000000000000000e+00 4.285411534483969942e-01 0.000000000000000000e+00 4.311626611250526930e-01 0.000000000000000000e+00 4.473207635752819433e-01 4.991569524583140960e-01 3.060645575169662069e-01 5.004725775684764066e-01 3.835847192564519337e-01 4.959781954681953819e-01 3.970171273913639665e-01 4.598992804802024548e-01 4.780848712871286210e-01 0.000000000000000000e+00 4.272004084499839704e-01 4.689885684164507018e-01 0.000000000000000000e+00 0.000000000000000000e+00 4.474760220864783533e-01 0.000000000000000000e+00 0.000000000000000000e+00 0.000000000000000000e+00 4.415235887656205338e-01 4.778572444444444400e-01 0.000000000000000000e+00 0.000000000000000000e+00 4.410312961836665990e-01 0.000000000000000000e+00 4.444545035971222968e-01 5.318710150375939305e-01 0.000000000000000000e+00 0.000000000000000000e+00 4.674215473684210642e-01 0.000000000000000000e+00 0.000000000000000000e+00 0.000000000000000000e+00 5.359867286821705656e-01 0.000000000000000000e+00 0.000000000000000000e+00 0.000000000000000000e+00 4.368839928571428555e-01 4.759866323132640464e-01 4.980510774500663262e-01 4.880791088435374458e-01 5.242908731435643732e-01 0.000000000000000000e+00 0.000000000000000000e+00 0.000000000000000000e+00 0.000000000000000000e+00 0.000000000000000000e+00 0.000000000000000000e+00 0.000000000000000000e+00 0.000000000000000000e+00 0.000000000000000000e+00
4.823852712193320569e-01 3.130976654066598974e-01 4.774115682365287494e-01 3.859147058632562133e-01 0.000000000000000000e+00 4.197162032436074219e-01 4.734507606782078493e-01 3.411675184231751090e-01 0.000000000000000000e+00 4.086769482539752141e-01 4.607102395300317621e-01 3.616174561677300558e-01 0.000000000000000000e+00 3.818035420405431757e-01 0.000000000000000000e+00 4.027215016545748760e-01 4.873815527973591188e-01 3.574654706630787659e-01 5.124332765498325060e-01 4.051374570234309025e-01 0.000000000000000000e+00 0.000000000000000000e+00 0.000000000000000000e+00 4.669215531914893136e-01 0.000000000000000000e+00 0.000000000000000000e+00 0.000000000000000000e+00 0.000000000000000000e+00 4.760473726711531572e-01 4.404510893388091652e-01 0.000000000000000000e+00 4.506482623086641714e-01 5.369265860419716319e-01 4.836894001808287880e-01 0.000000000000000000e+00 4.811452782968212993e-01 4.893700007739318347e-01 5.305684745351194609e-01 5.941141081081080522e-01 5.840933325669783738e-01 0.000000000000000000e+00 0.000000000000000000e+00 0.000000000000000000e+00 0.000000000000000000e+00 0.000000000000000000e+00 4.347341772429688667e-01 0.000000000000000000e+00 0.000000000000000000e+00 4.376363933333332623e-01 4.496551949659836622e-01 4.733289773747391682e-01 4.194402343908047448e-01 0.000000000000000000e+00 4.146163208039120307e-01 4.742053137254901296e-01 4.311764935437378266e-01 5.010796407627250426e-01 3.490199936268432168e-01 5.328894700854701627e-01 4.451535003104060140e-01 0.000000000000000000e+00 4.270969698037751505e-01 0.000000000000000000e+00 4.195579418418761142e-01 4.447642833207909874e-01 4.232667351214690066e-01 5.197811923846086257e-01 3.784143209973593325e-01 5.358667054999239898e-01 3.260036980070571966e-01 5.369153454404498316e-01 4.476272837749811218e-01 5.029025752343120326e-01 4.552092269960779092e-01 0.000000000000000000e+00 4.531124896011744507e-01 4.865797587039391581e-01 4.450114631397740217e-01 0.000000000000000000e+00 0.000000000000000000e+00 0.000000000000000000e+00 4.611664545009928617e-01 0.000000000000000000e+00 0.000000000000000000e+00 0.000000000000000000e+00 4.496037312132272201e-01 0.000000000000000000e+00 0.000000000000000000e+00 4.855186643835616711e-01 4.680025643318325157e-01 0.000000000000000000e+00 4.991078425643227234e-01 0.000000000000000000e+00 5.068273333333332964e-01 0.000000000000000000e+00 4.633441362219385407e-01 5.398781964285713775e-01 0.000000000000000000e+00 0.000000000000000000e+00 5.166945004227808669e-01 0.000000000000000000e+00 0.000000000000000000e+00 4.998906686746987238e-01 4.845795999553614286e-01 5.032692720209218651e-01 4.902077831748831716e-01 0.000000000000000000e+00 5.050515063572790231e-01 0.000000000000000000e+00 0.000000000000000000e+00 4.522356694915252717e-01 0.000000000000000000e+00 0.000000000000000000e+00 0.000000000000000000e+00 0.000000000000000000e+00 0.000000000000000000e+00
3.362848491296520637e-01 4.774115682365287494e-01 2.677554057047986658e-01 4.474860241355048118e-01 2.164339323290898343e-01 4.309759302875762477e-01 3.372384434684268517e-01 4.601572135169743061e-01 3.391746196784922174e-01 4.386989278247022672e-01 4.022491197593445200e-01 4.718138662385906179e-01 3.578481265142298695e-01 4.581069510484365725e-01 3.435992287884621632e-01 4.464741464614413458e-01 4.128927440393972415e-01 4.937546944959749773e-01 3.451327706717363664e-01 5.174340853976255872e-01 0.000000000000000000e+00 0.000000000000000000e+00 2.660502947650486005e-01 4.599964865626794963e-01 2.407032041591531391e-01 4.333643058179637575e-01 3.346239142883947193e-01 4.391675159999999800e-01 3.781645147164940934e-01 4.790167359140689030e-01 3.774559571785822132e-01 4.436586777441132168e-01 4.322357328642232877e-01 4.748936225063425387e-01 5.006919289313392918e-01 0.000000000000000000e+00 4.298012351612797155e-01 4.941956910441240858e-01 4.375102016806721728e-01 0.000000000000000000e+00 0.000000000000000000e+00 0.000000000000000000e+00 0.000000000000000000e+00 0.000000000000000000e+00 4.629056961002779302e-01 5.406863223684210684e-01 4.641227295798898145e-01 0.000000000000000000e+00 4.426160508044956199e-01 5.342455391304347101e-01 4.192217516411245737e-01 0.000000000000000000e+00 4.436747155963302602e-01 0.000000000000000000e+00 3.958990234867666436e-01 0.000000000000000000e+00 4.208053446908477380e-01 5.011447894736841269e-01 4.597037137317084854e-01 5.128616093750000271e-01 3.982305389647671223e-01 0.000000000000000000e+00 3.815920631296357279e-01 0.000000000000000000e+00 4.064797809261573303e-01 0.000000000000000000e+00 4.612924423855039868e-01 5.071285067275972391e-01 4.241468634293383277e-01 4.546973333333332867e-01 3.592139263271784122e-01 0.000000000000000000e+00 3.661386458298858115e-01 4.619523527582804490e-01 3.396938781127227802e-01 0.000000000000000000e+00 4.108081102523339911e-01 4.650756643317317529e-01 3.820698214285714323e-01 0.000000000000000000e+00 3.938251658280378931e-01 0.000000000000000000e+00 0.000000000000000000e+00 0.000000000000000000e+00 4.021597181786756847e-01 0.000000000000000000e+00 0.000000000000000000e+00 0.000000000000000000e+00 4.046773028568510511e-01 0.000000000000000000e+00 0.000000000000000000e+00 0.000000000000000000e+00 0.000000000000000000e+00 0.000000000000000000e+00 4.785532966527920040e-01 4.090375242718447546e-01 0.000000000000000000e+00 0.000000000000000000e+00 0.000000000000000000e+00 0.000000000000000000e+00 0.000000000000000000e+00 5.049213734939759224e-01 4.305043132335680256e-01 4.484151686046511376e-01 4.583265194965356337e-01 0.000000000000000000e+00 4.641025937500000698e-01 0.000000000000000000e+00 0.000000000000000000e+00 0.000000000000000000e+00 0.000000000000000000e+00 0.000000000000000000e+00 0.000000000000000000e+00 0.000000000000000000e+00 0.000000000000000000e+00 0.000000000000000000e+00
4.962347776681918510e-01 3.859147058632562133e-01 4.474860241355048118e-01 2.858514840577369709e-01 4.157960150748747363e-01 1.886535050076706410e-01 4.548183767188201942e-01 3.451947656896797167e-01 4.138029167682223397e-01 3.679563568331674084e-01 4.713166834414758699e-01 4.004828049580525517e-01 4.348183261687146861e-01 3.677322005203400579e-01 4.503002059458993123e-01 3.545154081271762458e-01 4.878379977100965048e-01 4.262142283345190519e-01 5.062844443938104844e-01 3.398811915999910838e-01 0.000000000000000000e+00 0.000000000000000000e+00 4.495061343033821544e-01 2.713054634831166267e-01 4.450002571428571252e-01 2.670270718470263427e-01 0.000000000000000000e+00 0.000000000000000000e+00 4.721630034681528754e-01 3.969983032835731063e-01 4.368032556955984136e-01 3.526470091032585241e-01 5.348148666933948414e-01 3.766066472017857714e-01 0.000000000000000000e+00 5.020538192722566739e-01 5.121700285714286816e-01 4.882403062993626586e-01 0.000000000000000000e+00 4.786990022590271732e-01 0.000000000000000000e+00 0.000000000000000000e+00 0.000000000000000000e+00 4.454316174698794151e-01 0.000000000000000000e+00 4.942363714025658772e-01 0.000000000000000000e+00 4.494485100671140598e-01 4.571321923076923643e-01 4.847928515879514344e-01 4.410166714285713718e-01 4.304548387631355610e-01 0.000000000000000000e+00 4.521753818181818985e-01 0.000000000000000000e+00 4.051969174311926269e-01 0.000000000000000000e+00 4.447183526712161217e-01 5.133446874999999521e-01 4.586402772048853715e-01 0.000000000000000000e+00 0.000000000000000000e+00 4.003717801418439914e-01 4.349210914452814603e-01 4.501219594594594309e-01 4.346912759120162284e-01 4.525123621621621739e-01 4.711374180500176867e-01 5.565433259841323643e-01 4.380583853017392948e-01 4.633614948546622148e-01 3.709863700417420085e-01 4.484828898642504447e-01 3.881927865325630056e-01 0.000000000000000000e+00 3.423143048128342580e-01 4.344468054936217460e-01 4.227356400018153493e-01 0.000000000000000000e+00 0.000000000000000000e+00 0.000000000000000000e+00 4.215647451912109545e-01 0.000000000000000000e+00 4.258981678187404030e-01 4.051194179894179181e-01 4.323134928994358250e-01 0.000000000000000000e+00 3.980186594202898553e-01 0.000000000000000000e+00 4.402770121946849580e-01 4.801116352201257875e-01 4.806599761767311185e-01 0.000000000000000000e+00 4.756205362507041623e-01 4.299880566037736496e-01 4.528354948632505317e-01 4.838203303571428360e-01 0.000000000000000000e+00 4.180738823529411285e-01 4.714805400386431478e-01 0.000000000000000000e+00 0.000000000000000000e+00 4.425680186335403388e-01 4.381911740896552998e-01 5.052839999999999554e-01 4.648725859528811677e-01 0.000000000000000000e+00 0.000000000000000000e+00 0.000000000000000000e+00 0.000000000000000000e+00 0.000000000000000000e+00 0.000000000000000000e+00 4.574168116883117752e-01 0.000000000000000000e+00 4.303001052631579282e-01 0.000000000000000000e+00
3.201460303030303489e-01 0.000000000000000000e+00 2.164339323290898343e-01 4.157960150748747363e-01 1.636826040907050916e-01 4.229760093203249749e-01 2.959017637998514472e-01 4.399901427445312430e-01 1.961301840723460865e-01 4.134129137820513056e-01 0.000000000000000000e+00 0.000000000000000000e+00 3.485019642857142275e-01 0.000000000000000000e+00 2.769242904145092221e-01 0.000000000000000000e+00 0.000000000000000000e+00 0.000000000000000000e+00 3.687597460872107380e-01 0.000000000000000000e+00 2.017514301587301773e-01 0.000000000000000000e+00 2.208327702768866085e-01 3.868571001096742790e-01 1.700161028247614559e-01 4.064562217258534949e-01 2.395588044791830129e-01 4.099072437499999833e-01 3.060893189664675718e-01 0.000000000000000000e+00 3.075109337169351642e-01 3.920179978248150010e-01 3.729338490196077993e-01 4.381769130434782222e-01 0.000000000000000000e+00 0.000000000000000000e+00 0.000000000000000000e+00 0.000000000000000000e+00 0.000000000000000000e+00 0.000000000000000000e+00 0.000000000000000000e+00 0.000000000000000000e+00 0.000000000000000000e+00 0.000000000000000000e+00 0.000000000000000000e+00 0.000000000000000000e+00 0.000000000000000000e+00 0.000000000000000000e+00 0.000000000000000000e+00 0.000000000000000000e+00 0.000000000000000000e+00 0.000000000000000000e+00 0.000000000000000000e+00 0.000000000000000000e+00 0.000000000000000000e+00 0.000000000000000000e+00 0.000000000000000000e+00 0.000000000000000000e+00 0.000000000000000000e+00 0.000000000000000000e+00 3.712363534559047218e-01 0.000000000000000000e+00 0.000000000000000000e+00 0.000000000000000000e+00 3.582360082644628352e-01 0.000000000000000000e+00 0.000000000000000000e+00 0.000000000000000000e+00 0.000000000000000000e+00 0.000000000000000000e+00 3.131097487637839460e-01 0.000000000000000000e+00 3.150066173196129915e-01 3.920333606557376838e-01 2.843482404616571313e-01 0.000000000000000000e+00 3.490233658383817827e-01 0.000000000000000000e+00 0.000000000000000000e+00 0.000000000000000000e+00 0.000000000000000000e+00 0.000000000000000000e+00 0.000000000000000000e+00 0.000000000000000000e+00 3.900684172647528314e-01 0.000000000000000000e+00 3.636040683333332524e-01 0.000000000000000000e+00 3.455644042553191464e-01 0.000000000000000000e+00 0.000000000000000000e+00 0.000000000000000000e+00 0.000000000000000000e+00 0.000000000000000000e+00 0.000000000000000000e+00 0.000000000000000000e+00 0.000000000000000000e+00 0.000000000000000000e+00 0.000000000000000000e+00 0.000000000000000000e+00 0.000000000000000000e+00 0.000000000000000000e+00 0.000000000000000000e+00 0.000000000000000000e+00 0.000000000000000000e+00 0.000000000000000000e+00 0.000000000000000000e+00 0.000000000000000000e+00 0.000000000000000000e+00 0.000000000000000000e+00 0.000000000000000000e+00 0.000000000000000000e+00 0.000000000000000000e+00 0.000000000000000000e+00 0.000000000000000000e+00 0.000000000000000000e+00
0.000000000000000000e+00 4.197162032436074219e-01 4.309759302875762477e-01 1.886535050076706410e-01 4.229760093203249749e-01 2.030301092787133999e-01 4.246860505622773729e-01 3.223585776801017322e-01 4.214716541540823869e-01 2.242005145782679232e-01 0.000000000000000000e+00 0.000000000000000000e+00 4.334740507059658965e-01 3.463117662972620137e-01 4.333277941007055434e-01 2.847865868609893991e-01 4.517539999999999889e-01 0.000000000000000000e+00 4.589585181818182091e-01 3.827711451710126278e-01 3.313704722222222121e-01 0.000000000000000000e+00 4.352990135743298183e-01 1.902872489298707837e-01 4.342763642882260799e-01 2.526746130326222306e-01 4.339240793478643110e-01 2.170636974134987907e-01 0.000000000000000000e+00 2.916883330583880385e-01 4.071617632234483253e-01 3.261383497980192558e-01 0.000000000000000000e+00 3.982213779028718759e-01 0.000000000000000000e+00 5.167658686868686901e-01 0.000000000000000000e+00 3.477611492537313054e-01 0.000000000000000000e+00 0.000000000000000000e+00 0.000000000000000000e+00 0.000000000000000000e+00 0.000000000000000000e+00 0.000000000000000000e+00 0.000000000000000000e+00 0.000000000000000000e+00 0.000000000000000000e+00 0.000000000000000000e+00 0.000000000000000000e+00 0.000000000000000000e+00 0.000000000000000000e+00 0.000000000000000000e+00 0.000000000000000000e+00 0.000000000000000000e+00 0.000000000000000000e+00 0.000000000000000000e+00 0.000000000000000000e+00 4.349769465240953537e-01 0.000000000000000000e+00 0.000000000000000000e+00 0.000000000000000000e+00 3.634475044247787445e-01 0.000000000000000000e+00 0.000000000000000000e+00 0.000000000000000000e+00 0.000000000000000000e+00 0.000000000000000000e+00 4.480980457381299464e-01 0.000000000000000000e+00 4.539805751054851735e-01 4.352950745777527386e-01 3.341940246918280732e-01 0.000000000000000000e+00 3.465487835585206455e-01 0.000000000000000000e+00 3.138159949506149071e-01 0.000000000000000000e+00 3.441937498707384746e-01 0.000000000000000000e+00 0.000000000000000000e+00 0.000000000000000000e+00 0.000000000000000000e+00 0.000000000000000000e+00 0.000000000000000000e+00 0.000000000000000000e+00 4.162579771485510061e-01 0.000000000000000000e+00 3.909711041666666387e-01 0.000000000000000000e+00 4.383971139240505632e-01 0.000000000000000000e+00 0.000000000000000000e+00 0.000000000000000000e+00 0.000000000000000000e+00 0.000000000000000000e+00 3.741246060606061574e-01 0.000000000000000000e+00 0.000000000000000000e+00 0.000000000000000000e+00 0.000000000000000000e+00 0.000000000000000000e+00 0.000000000000000000e+00 0.000000000000000000e+00 0.000000000000000000e+00 0.000000000000000000e+00 0.000000000000000000e+00 0.000000000000000000e+00 0.000000000000000000e+00 0.000000000000000000e+00 0.000000000000000000e+00 0.000000000000000000e+00 0.000000000000000000e+00 0.000000000000000000e+00 0.000000000000000000e+00 0.000000000000000000e+00 0.000000000000000000e+00
3.595423315790222674e-01 4.734507606782078493e-01 3.372384434684268517e-01 4.548183767188201942e-01 2.959017637998514472e-01 4.246860505622773729e-01 2.842796776527847236e-01 4.429581049879142141e-01 2.329241393604216670e-01 4.302104704331989882e-01 3.412564935366457775e-01 4.562720030311970820e-01 2.849146988692806137e-01 4.511699014390893603e-01 3.494030270640873792e-01 4.451685571526651231e-01 3.942649771474163178e-01 4.686640079785750479e-01 4.213635126750439608e-01 4.727386139196337878e-01 0.000000000000000000e+00 0.000000000000000000e+00 3.746698959108544225e-01 4.498098751935552531e-01 0.000000000000000000e+00 3.966779085935608351e-01 0.000000000000000000e+00 0.000000000000000000e+00 3.466173499973880801e-01 4.666869274208161333e-01 3.766224451322274236e-01 4.410386168708084753e-01 3.927700747363633282e-01 4.615066993898120917e-01 4.779719777385476598e-01 0.000000000000000000e+00 4.369459053293741069e-01 0.000000000000000000e+00 4.856195714285713727e-01 0.000000000000000000e+00 4.356728523489932781e-01 0.000000000000000000e+00 4.863131684782608377e-01 0.000000000000000000e+00 4.225261527135606432e-01 4.537597696335078368e-01 0.000000000000000000e+00 0.000000000000000000e+00 4.094218967074782500e-01 0.000000000000000000e+00 3.991313853868878603e-01 0.000000000000000000e+00 3.820045059583190294e-01 0.000000000000000000e+00 3.964366661947252846e-01 0.000000000000000000e+00 3.960635602612141426e-01 0.000000000000000000e+00 4.331465674995920723e-01 4.590597247191010588e-01 4.083469079534649548e-01 0.000000000000000000e+00 3.782066871330138635e-01 0.000000000000000000e+00 4.144295664161091186e-01 0.000000000000000000e+00 4.590844523260356191e-01 4.659950917944490345e-01 4.334635164651173822e-01 4.606284152542372556e-01 3.125199471364112913e-01 4.324010989553856987e-01 3.544446301182203052e-01 4.560778171234295963e-01 3.184329305041677105e-01 0.000000000000000000e+00 3.875846265486984077e-01 4.534214207802580998e-01 0.000000000000000000e+00 0.000000000000000000e+00 3.860340355459970230e-01 0.000000000000000000e+00 4.326828873239436657e-01 0.000000000000000000e+00 4.167312802531354943e-01 0.000000000000000000e+00 4.063886023758933597e-01 0.000000000000000000e+00 4.216838060772849506e-01 0.000000000000000000e+00 0.000000000000000000e+00 0.000000000000000000e+00 0.000000000000000000e+00 3.906158758620689730e-01 4.161512745098038812e-01 4.469888592592592969e-01 0.000000000000000000e+00 0.000000000000000000e+00 0.000000000000000000e+00 0.000000000000000000e+00 0.000000000000000000e+00 0.000000000000000000e+00 0.000000000000000000e+00 0.000000000000000000e+00 4.438874622641509338e-01 5.100971133333332963e-01 0.000000000000000000e+00 0.000000000000000000e+00 0.000000000000000000e+00 0.000000000000000000e+00 0.000000000000000000e+00 0.000000000000000000e+00 0.000000000000000000e+00 0.000000000000000000e+00 0.000000000000000000e+00 0.000000000000000000e+00
4.558156866660494910e-01 3.411675184231751090e-01 4.601572135169743061e-01 3.451947656896797167e-01 4.399901427445312430e-01 3.223585776801017322e-01 4.429581049879142141e-01 2.830992266969412641e-01 4.401087469879517156e-01 2.138402597944538408e-01 4.512665784045965522e-01 3.527981773985857661e-01 4.412751711755853457e-01 2.884375680677618292e-01 4.516855180236430400e-01 3.351930338351754579e-01 4.514156687352780528e-01 3.958700470705810992e-01 4.744612834048145267e-01 3.951518754798135635e-01 0.000000000000000000e+00 0.000000000000000000e+00 4.678212054276975063e-01 3.805260358724767422e-01 0.000000000000000000e+00 0.000000000000000000e+00 0.000000000000000000e+00 0.000000000000000000e+00 4.536776223695812571e-01 3.521763859306052957e-01 4.479360087850585703e-01 3.669360963777283935e-01 4.819927184398726250e-01 3.904450293174526743e-01 0.000000000000000000e+00 4.516427764705880921e-01 4.220350117014547431e-01 4.205784413843656755e-01 0.000000000000000000e+00 3.829448596491228374e-01 0.000000000000000000e+00 0.000000000000000000e+00 0.000000000000000000e+00 0.000000000000000000e+00 0.000000000000000000e+00 4.253469572910014151e-01 0.000000000000000000e+00 4.568298214285713699e-01 4.778207632894139190e-01 4.222395650259656019e-01 4.190852499999999647e-01 4.062132950013901955e-01 0.000000000000000000e+00 4.107195664102887833e-01 0.000000000000000000e+00 4.175307780499705745e-01 0.000000000000000000e+00 4.170056314642522355e-01 5.023195268257854007e-01 4.319656535815880050e-01 4.354017298691588156e-01 3.996788776701353796e-01 4.135449274809160358e-01 3.852013699864091922e-01 0.000000000000000000e+00 4.096267264487903348e-01 4.703966293633157214e-01 4.450801406029629148e-01 0.000000000000000000e+00 4.314408173171143668e-01 4.605490936327426565e-01 2.885592876660912909e-01 4.373021989047759517e-01 3.584172048715436043e-01 4.453637386363636375e-01 3.218317499999999165e-01 4.466337182716429988e-01 3.877862516782417668e-01 0.000000000000000000e+00 0.000000000000000000e+00 4.490810306122448581e-01 4.102230235588559260e-01 0.000000000000000000e+00 0.000000000000000000e+00 0.000000000000000000e+00 4.259905459243093495e-01 0.000000000000000000e+00 0.000000000000000000e+00 0.000000000000000000e+00 4.285852926587330747e-01 4.731060551724138308e-01 4.506671449475099234e-01 0.000000000000000000e+00 0.000000000000000000e+00 4.497778962264151748e-01 4.319933544693210781e-01 0.000000000000000000e+00 0.000000000000000000e+00 0.000000000000000000e+00 4.729425958904109883e-01 0.000000000000000000e+00 0.000000000000000000e+00 0.000000000000000000e+00 4.260013666000717625e-01 4.749086571428571268e-01 0.000000000000000000e+00 0.000000000000000000e+00 0.000000000000000000e+00 0.000000000000000000e+00 0.000000000000000000e+00 0.000000000000000000e+00 0.000000000000000000e+00 0.000000000000000000e+00 0.000000000000000000e+00 0.000000000000000000e+00 0.000000000000000000e+00
3.623214240530303609e-01 0.000000000000000000e+00 3.391746196784922174e-01 4.138029167682223397e-01 1.961301840723460865e-01 4.214716541540823869e-01 2.329241393604216670e-01 4.401087469879517156e-01 2.190183757562178257e-01 4.279958928571427901e-01 3.715458045454544944e-01 0.000000000000000000e+00 2.889395202144487973e-01 0.000000000000000000e+00 2.673326505443334722e-01 0.000000000000000000e+00 3.709405882352941330e-01 0.000000000000000000e+00 0.000000000000000000e+00 0.000000000000000000e+00 0.000000000000000000e+00 0.000000000000000000e+00 3.466471781326780910e-01 4.482451609195402531e-01 2.788922084756360054e-01 0.000000000000000000e+00 2.695333808119458330e-01 0.000000000000000000e+00 3.029936381632479803e-01 0.000000000000000000e+00 0.000000000000000000e+00 3.844428805143849104e-01 0.000000000000000000e+00 0.000000000000000000e+00 0.000000000000000000e+00 0.000000000000000000e+00 0.000000000000000000e+00 0.000000000000000000e+00 0.000000000000000000e+00 0.000000000000000000e+00 0.000000000000000000e+00 0.000000000000000000e+00 0.000000000000000000e+00 0.000000000000000000e+00 0.000000000000000000e+00 0.000000000000000000e+00 0.000000000000000000e+00 0.000000000000000000e+00 0.000000000000000000e+00 0.000000000000000000e+00 4.535431591666665985e-01 0.000000000000000000e+00 0.000000000000000000e+00 0.000000000000000000e+00 4.319791031886165422e-01 0.000000000000000000e+00 0.000000000000000000e+00 0.000000000000000000e+00 0.000000000000000000e+00 5.055316842105262998e-01 3.709519047619047605e-01 0.000000000000000000e+00 3.893362009372980381e-01 0.000000000000000000e+00 3.725034789915966371e-01 0.000000000000000000e+00 0.000000000000000000e+00 0.000000000000000000e+00 0.000000000000000000e+00 0.000000000000000000e+00 3.279506140348214527e-01 0.000000000000000000e+00 3.539401630450809133e-01 0.000000000000000000e+00 3.209157269561998538e-01 0.000000000000000000e+00 3.422940025387651852e-01 0.000000000000000000e+00 0.000000000000000000e+00 0.000000000000000000e+00 3.746519741379310542e-01 0.000000000000000000e+00 0.000000000000000000e+00 0.000000000000000000e+00 3.972606198710578740e-01 0.000000000000000000e+00 0.000000000000000000e+00 0.000000000000000000e+00 3.804711367517006892e-01 0.000000000000000000e+00 0.000000000000000000e+00 0.000000000000000000e+00 0.000000000000000000e+00 0.000000000000000000e+00 0.000000000000000000e+00 0.000000000000000000e+00 0.000000000000000000e+00 0.000000000000000000e+00 0.000000000000000000e+00 0.000000000000000000e+00 0.000000000000000000e+00 0.000000000000000000e+00 0.000000000000000000e+00 0.000000000000000000e+00 0.000000000000000000e+00 0.000000000000000000e+00 0.000000000000000000e+00 0.000000000000000000e+00 0.000000000000000000e+00 0.000000000000000000e+00 0.000000000000000000e+00 0.000000000000000000e+00 0.000000000000000000e+00 0.000000000000000000e+00 0.000000000000000000e+00 0.000000000000000000e+00
0.000000000000000000e+00 4.086769482539752141e-01 4.386989278247022672e-01 3.679563568331674084e-01 4.134129137820513056e-01 2.242005145782679232e-01 4.302104704331989882e-01 2.138402597944538408e-01 4.279958928571427901e-01 1.552737110391322339e-01 0.000000000000000000e+00 3.719250841349963088e-01 4.247893620689653926e-01 3.182599547466422041e-01 4.443620907773169759e-01 2.873923211144247536e-01 0.000000000000000000e+00 3.975066721311475426e-01 0.000000000000000000e+00 3.807148527894850254e-01 0.000000000000000000e+00 0.000000000000000000e+00 4.551230754369879894e-01 0.000000000000000000e+00 0.000000000000000000e+00 0.000000000000000000e+00 0.000000000000000000e+00 0.000000000000000000e+00 0.000000000000000000e+00 2.996899784082723839e-01 4.272113581911196611e-01 3.954969166666666425e-01 0.000000000000000000e+00 0.000000000000000000e+00 0.000000000000000000e+00 0.000000000000000000e+00 0.000000000000000000e+00 3.642700181818182559e-01 0.000000000000000000e+00 0.000000000000000000e+00 0.000000000000000000e+00 0.000000000000000000e+00 0.000000000000000000e+00 0.000000000000000000e+00 0.000000000000000000e+00 0.000000000000000000e+00 0.000000000000000000e+00 4.582093247863248120e-01 0.000000000000000000e+00 4.423250032034050649e-01 0.000000000000000000e+00 0.000000000000000000e+00 0.000000000000000000e+00 0.000000000000000000e+00 0.000000000000000000e+00 0.000000000000000000e+00 0.000000000000000000e+00 3.932679883394101794e-01 0.000000000000000000e+00 0.000000000000000000e+00 0.000000000000000000e+00 4.265611531531531830e-01 0.000000000000000000e+00 4.256893738542150141e-01 0.000000000000000000e+00 3.831441932773109182e-01 0.000000000000000000e+00 4.073310756302520597e-01 0.000000000000000000e+00 0.000000000000000000e+00 4.841361372549018993e-01 3.245358493168635228e-01 4.476913837209302582e-01 3.433816928744383157e-01 0.000000000000000000e+00 3.241079391121872155e-01 3.559524266666667103e-01 3.480181533372140312e-01 0.000000000000000000e+00 0.000000000000000000e+00 0.000000000000000000e+00 4.262055476676662180e-01 0.000000000000000000e+00 3.565620357142857411e-01 0.000000000000000000e+00 4.100198486561077993e-01 0.000000000000000000e+00 0.000000000000000000e+00 0.000000000000000000e+00 4.371718433839763551e-01 0.000000000000000000e+00 3.996641705426356994e-01 0.000000000000000000e+00 0.000000000000000000e+00 0.000000000000000000e+00 3.600650000000000239e-01 0.000000000000000000e+00 0.000000000000000000e+00 0.000000000000000000e+00 0.000000000000000000e+00 0.000000000000000000e+00 0.000000000000000000e+00 0.000000000000000000e+00 3.774939128151261203e-01 0.000000000000000000e+00 0.000000000000000000e+00 0.000000000000000000e+00 0.000000000000000000e+00 0.000000000000000000e+00 0.000000000000000000e+00 0.000000000000000000e+00 0.000000000000000000e+00 0.000000000000000000e+00 0.000000000000000000e+00 0.000000000000000000e+00 0.000000000000000000e+00
3.402487896285789071e-01 4.607102395300317621e-01 4.022491197593445200e-01 4.713166834414758699e-01 0.000000000000000000e+00 0.000000000000000000e+00 3.412564935366457775e-01 4.512665784045965522e-01 3.715458045454544944e-01 0.000000000000000000e+00 3.172566282484415856e-01 4.531604707566853629e-01 3.426125138358022126e-01 4.531609374999999718e-01 4.083182636146037714e-01 0.000000000000000000e+00 3.075033579723565058e-01 4.701344742988103342e-01 4.231795062280269137e-01 4.592497480703064405e-01 0.000000000000000000e+00 0.000000000000000000e+00 4.125110689654039042e-01 4.540470828233374445e-01 0.000000000000000000e+00 0.000000000000000000e+00 0.000000000000000000e+00 0.000000000000000000e+00 3.844781945374011189e-01 0.000000000000000000e+00 4.020425506501740243e-01 4.819376847366808603e-01 4.230310598507544539e-01 4.662747573096592824e-01 4.702252476190476593e-01 0.000000000000000000e+00 4.448266712765957531e-01 5.015860434782608568e-01 0.000000000000000000e+00 0.000000000000000000e+00 0.000000000000000000e+00 0.000000000000000000e+00 0.000000000000000000e+00 0.000000000000000000e+00 4.243033740511404917e-01 0.000000000000000000e+00 0.000000000000000000e+00 0.000000000000000000e+00 4.171299788509981732e-01 0.000000000000000000e+00 4.250308816959147418e-01 0.000000000000000000e+00 3.967875736434108846e-01 0.000000000000000000e+00 3.921001007927187310e-01 0.000000000000000000e+00 3.988768363170746567e-01 0.000000000000000000e+00 4.713380615349817004e-01 0.000000000000000000e+00 4.414160966283657284e-01 0.000000000000000000e+00 4.309680862461253148e-01 0.000000000000000000e+00 4.497217619353942597e-01 0.000000000000000000e+00 4.585421282949508903e-01 4.787027722346995917e-01 4.303462510579165179e-01 0.000000000000000000e+00 4.021389476186928991e-01 0.000000000000000000e+00 3.896799490913585573e-01 4.394659074074074301e-01 3.551137811561561608e-01 0.000000000000000000e+00 4.262635598522169222e-01 4.558372822642746680e-01 4.087194038461538503e-01 0.000000000000000000e+00 4.307548789737462580e-01 0.000000000000000000e+00 0.000000000000000000e+00 0.000000000000000000e+00 4.468281779275387611e-01 0.000000000000000000e+00 0.000000000000000000e+00 0.000000000000000000e+00 4.436038706910249152e-01 0.000000000000000000e+00 0.000000000000000000e+00 0.000000000000000000e+00 0.000000000000000000e+00 0.000000000000000000e+00 0.000000000000000000e+00 0.000000000000000000e+00 0.000000000000000000e+00 0.000000000000000000e+00 0.000000000000000000e+00 0.000000000000000000e+00 0.000000000000000000e+00 0.000000000000000000e+00 0.000000000000000000e+00 0.000000000000000000e+00 0.000000000000000000e+00 0.000000000000000000e+00 0.000000000000000000e+00 4.919568000000000274e-01 0.000000000000000000e+00 0.000000000000000000e+00 0.000000000000000000e+00 0.000000000000000000e+00 0.000000000000000000e+00 0.000000000000000000e+00 0.000000000000000000e+00 0.000000000000000000e+00
4.828212705882351519e-01 3.616174561677300558e-01 4.718138662385906179e-01 4.004828049580525517e-01 0.000000000000000000e+00 0.000000000000000000e+00 4.562720030311970820e-01 3.527981773985857661e-01 0.000000000000000000e+00 3.719250841349963088e-01 4.531604707566853629e-01 3.086206514861153938e-01 4.108227889908256381e-01 2.905528720122418918e-01 0.000000000000000000e+00 3.728696418355105235e-01 4.752772911410148571e-01 3.706358991830010496e-01 4.834953746247309669e-01 4.153412836396369601e-01 0.000000000000000000e+00 0.000000000000000000e+00 4.563612443767572913e-01 3.910220490062401577e-01 0.000000000000000000e+00 0.000000000000000000e+00 0.000000000000000000e+00 0.000000000000000000e+00 4.557822827048768066e-01 3.285292717868069090e-01 4.468837356009069950e-01 3.692543016233690301e-01 0.000000000000000000e+00 3.872931875940704982e-01 0.000000000000000000e+00 0.000000000000000000e+00 4.564559006802720864e-01 3.901789263157894316e-01 0.000000000000000000e+00 0.000000000000000000e+00 0.000000000000000000e+00 0.000000000000000000e+00 0.000000000000000000e+00 0.000000000000000000e+00 0.000000000000000000e+00 3.687146770833333309e-01 0.000000000000000000e+00 0.000000000000000000e+00 0.000000000000000000e+00 4.580968186405403597e-01 0.000000000000000000e+00 4.182080743321255345e-01 0.000000000000000000e+00 4.381790534351145405e-01 0.000000000000000000e+00 4.480380585888116274e-01 0.000000000000000000e+00 4.131861536505879728e-01 0.000000000000000000e+00 4.402092872207404306e-01 0.000000000000000000e+00 4.271421044666381395e-01 0.000000000000000000e+00 4.215648491810404797e-01 0.000000000000000000e+00 4.343443597236769094e-01 4.687060647482014231e-01 4.567885152977666507e-01 5.022049453124999285e-01 4.220373640617573474e-01 0.000000000000000000e+00 2.992981970172684525e-01 4.509981012658228483e-01 4.035102591455894117e-01 4.388692873563218022e-01 0.000000000000000000e+00 4.431757943583146120e-01 3.740987552202923450e-01 0.000000000000000000e+00 3.843472846624062522e-01 0.000000000000000000e+00 4.435314558131599472e-01 0.000000000000000000e+00 0.000000000000000000e+00 0.000000000000000000e+00 4.577021605170539797e-01 0.000000000000000000e+00 4.484233615384615179e-01 0.000000000000000000e+00 4.635181485070937191e-01 0.000000000000000000e+00 0.000000000000000000e+00 0.000000000000000000e+00 0.000000000000000000e+00 0.000000000000000000e+00 0.000000000000000000e+00 0.000000000000000000e+00 0.000000000000000000e+00 0.000000000000000000e+00 0.000000000000000000e+00 0.000000000000000000e+00 0.000000000000000000e+00 0.000000000000000000e+00 0.000000000000000000e+00 0.000000000000000000e+00 0.000000000000000000e+00 0.000000000000000000e+00 0.000000000000000000e+00 0.000000000000000000e+00 0.000000000000000000e+00 0.000000000000000000e+00 0.000000000000000000e+00 0.000000000000000000e+00 0.000000000000000000e+00 0.000000000000000000e+00 0.000000000000000000e+00
3.837417175170784178e-01 0.000000000000000000e+00 3.578481265142298695e-01 4.348183261687146861e-01 3.485019642857142275e-01 4.334740507059658965e-01 2.849146988692806137e-01 4.412751711755853457e-01 2.889395202144487973e-01 4.247893620689653926e-01 3.426125138358022126e-01 4.108227889908256381e-01 2.523326757259617414e-01 4.459426828577630619e-01 2.932312705892718419e-01 0.000000000000000000e+00 3.974662003801260890e-01 0.000000000000000000e+00 3.996747040470868817e-01 4.182914913793103207e-01 0.000000000000000000e+00 0.000000000000000000e+00 3.848482104773638945e-01 4.544086357116444153e-01 0.000000000000000000e+00 0.000000000000000000e+00 0.000000000000000000e+00 0.000000000000000000e+00 3.186296593116479392e-01 4.492612209302325743e-01 3.814445874102459499e-01 4.482339931633870234e-01 4.042986985930207555e-01 4.469913647568073412e-01 0.000000000000000000e+00 0.000000000000000000e+00 4.097066299726774830e-01 0.000000000000000000e+00 0.000000000000000000e+00 0.000000000000000000e+00 4.537448881118881228e-01 0.000000000000000000e+00 0.000000000000000000e+00 0.000000000000000000e+00 0.000000000000000000e+00 0.000000000000000000e+00 4.510829666666666404e-01 0.000000000000000000e+00 0.000000000000000000e+00 0.000000000000000000e+00 4.208641643480320327e-01 0.000000000000000000e+00 0.000000000000000000e+00 0.000000000000000000e+00 4.255956686318170812e-01 0.000000000000000000e+00 4.086484516417286383e-01 0.000000000000000000e+00 4.319525181770402789e-01 0.000000000000000000e+00 4.228845796796216749e-01 0.000000000000000000e+00 4.105347081348597049e-01 0.000000000000000000e+00 4.209700318837358846e-01 0.000000000000000000e+00 4.275984384178666553e-01 0.000000000000000000e+00 4.228723193511043643e-01 4.846894772727272094e-01 3.210984407284258602e-01 0.000000000000000000e+00 3.641282005563724611e-01 4.409726680334177251e-01 3.241061361623262527e-01 0.000000000000000000e+00 3.941687315041932926e-01 4.195279591836734712e-01 4.192825512820513301e-01 0.000000000000000000e+00 4.087904532690135873e-01 0.000000000000000000e+00 0.000000000000000000e+00 0.000000000000000000e+00 4.235399427725896060e-01 0.000000000000000000e+00 0.000000000000000000e+00 0.000000000000000000e+00 4.320199100879927312e-01 0.000000000000000000e+00 0.000000000000000000e+00 0.000000000000000000e+00 0.000000000000000000e+00 0.000000000000000000e+00 0.000000000000000000e+00 0.000000000000000000e+00 0.000000000000000000e+00 0.000000000000000000e+00 0.000000000000000000e+00 0.000000000000000000e+00 0.000000000000000000e+00 0.000000000000000000e+00 0.000000000000000000e+00 0.000000000000000000e+00 0.000000000000000000e+00 0.000000000000000000e+00 0.000000000000000000e+00 0.000000000000000000e+00 0.000000000000000000e+00 0.000000000000000000e+00 0.000000000000000000e+00 0.000000000000000000e+00 0.000000000000000000e+00 0.000000000000000000e+00 0.000000000000000000e+00 0.000000000000000000e+00
