0.000000000000000000e+00 1.693533780112298562e-02 4.749503968253968034e-02 2.681277687106551483e-03 4.071661237785016469e-04 0.000000000000000000e+00 1.283891547049441917e-01 2.666940198994768602e-03 4.602235371466140493e-03 0.000000000000000000e+00 2.264687302590018825e-01 1.373626373626373734e-03 2.916666666666666713e-02 0.000000000000000000e+00 4.318618042226487694e-03 0.000000000000000000e+00 8.784773060029282821e-02 1.399999999999999986e-03 3.795401986124336685e-02 2.553889409559512505e-02 0.000000000000000000e+00 0.000000000000000000e+00 9.297136481963555119e-04 0.000000000000000000e+00 0.000000000000000000e+00 0.000000000000000000e+00 0.000000000000000000e+00 0.000000000000000000e+00 3.787313432835821142e-02 1.191692202928158056e-03 1.136363636363636308e-03 0.000000000000000000e+00 1.267939250383168411e-02 1.977804636853093198e-02 0.000000000000000000e+00 4.045307443365695984e-04 5.035360678925035471e-02 0.000000000000000000e+00 0.000000000000000000e+00 0.000000000000000000e+00 2.727272727272727140e-02 0.000000000000000000e+00 0.000000000000000000e+00 0.000000000000000000e+00 2.773540424351684987e-04 0.000000000000000000e+00 1.518602885345482229e-04 0.000000000000000000e+00 4.222282756742031830e-03 0.000000000000000000e+00 9.392148585901224575e-03 1.683926917571777271e-04 6.133088009812941123e-04 0.000000000000000000e+00 1.305767138193688693e-03 0.000000000000000000e+00 2.537769206043072878e-01 1.798561151079136784e-03 3.058260720997778986e-02 0.000000000000000000e+00 8.131970260223048141e-02 0.000000000000000000e+00 1.817104483507801793e-02 1.649620587264929040e-04 4.945545438314586512e-02 1.404494382022472034e-04 5.747126436781609116e-03 2.288329519450801029e-04 1.320616287600880345e-01 1.184971098265895882e-02 1.051763250154671009e-01 5.349309939017866944e-04 4.367088607594936389e-02 1.769128704113224343e-03 1.311475409836065573e-03 0.000000000000000000e+00 3.397341211225997359e-02 9.541984732824427108e-04 2.777777777777777884e-03 0.000000000000000000e+00 9.470752089136490540e-03 0.000000000000000000e+00 7.017543859649122938e-03 0.000000000000000000e+00 4.824433420873455725e-02 0.000000000000000000e+00 0.000000000000000000e+00 0.000000000000000000e+00 4.579614842649130935e-02 0.000000000000000000e+00 2.000000000000000042e-03 5.274261603375526982e-04 3.223726627981946934e-03 6.365372374283895110e-04 6.849315068493150305e-03 0.000000000000000000e+00 8.517887563884156844e-04 0.000000000000000000e+00 0.000000000000000000e+00 0.000000000000000000e+00 1.689189189189189283e-03 0.000000000000000000e+00 1.742593975603684391e-03 4.337453914552157649e-04 3.130590339892665597e-03 0.000000000000000000e+00 1.816530426884650253e-03 0.000000000000000000e+00 0.000000000000000000e+00 0.000000000000000000e+00 0.000000000000000000e+00 0.000000000000000000e+00 0.000000000000000000e+00 8.576329331046312048e-04 0.000000000000000000e+00 0.000000000000000000e+00
1.693533780112298562e-02 0.000000000000000000e+00 1.612103174603174514e-03 5.094427605502448164e-02 0.000000000000000000e+00 5.200208008320333355e-04 4.556846662109819801e-04 1.315006667350497593e-01 0.000000000000000000e+00 4.046242774566473702e-03 0.000000000000000000e+00 1.030219780219780168e-01 0.000000000000000000e+00 2.032913843175217922e-02 0.000000000000000000e+00 5.824647455548743330e-03 3.137418950010458212e-03 4.519999999999999712e-02 1.591620187729560557e-02 6.408153701968134774e-02 0.000000000000000000e+00 0.000000000000000000e+00 0.000000000000000000e+00 1.064112795956371430e-03 0.000000000000000000e+00 0.000000000000000000e+00 0.000000000000000000e+00 1.102535832414553493e-03 1.119402985074626931e-03 3.898535921007831306e-02 4.545454545454545451e-04 4.775549188156637866e-04 1.449073429009335376e-02 1.966816833315020163e-02 5.230125523012551852e-04 0.000000000000000000e+00 8.486562942008486201e-04 9.616342800199302598e-02 0.000000000000000000e+00 1.624431448992852411e-02 0.000000000000000000e+00 6.896551724137930939e-03 0.000000000000000000e+00 1.621402513173895500e-04 0.000000000000000000e+00 5.679881858457343745e-04 0.000000000000000000e+00 0.000000000000000000e+00 0.000000000000000000e+00 2.737130224234129907e-03 2.110595187842971641e-04 8.588027279616064491e-03 0.000000000000000000e+00 3.062787136294027471e-04 0.000000000000000000e+00 3.903708523096942155e-03 8.036001285760206161e-04 3.218225419664268450e-01 3.417051084913719553e-04 4.674457429048414076e-02 1.548946716232961604e-04 3.415883859948761619e-02 1.975113569030219340e-04 2.062025734081161452e-02 0.000000000000000000e+00 3.286516853932584109e-02 1.310748134704577605e-03 1.258581235697940441e-02 1.669112252384446007e-02 1.543352601156069426e-01 0.000000000000000000e+00 7.916978709746443077e-02 2.215189873417721615e-03 5.981866430782839528e-02 0.000000000000000000e+00 5.767012687427912516e-04 1.477104874446085771e-03 5.741094147582697510e-02 0.000000000000000000e+00 0.000000000000000000e+00 1.857010213556174456e-04 2.277106323349097766e-02 0.000000000000000000e+00 0.000000000000000000e+00 9.726680284019064966e-05 4.999456580806434236e-02 0.000000000000000000e+00 1.651527663088356648e-03 0.000000000000000000e+00 2.257842123405722282e-02 1.199999999999999895e-03 4.219409282700421586e-03 1.289490651192778860e-03 2.546148949713558044e-03 0.000000000000000000e+00 1.562500000000000000e-02 0.000000000000000000e+00 2.331002331002331000e-03 1.904761904761904760e-03 7.800312012480499491e-03 1.689189189189189283e-03 5.405405405405405705e-03 7.468259895444361984e-04 3.686835827369334354e-03 4.472271914132379270e-04 6.174745291756715071e-04 0.000000000000000000e+00 1.912045889101338363e-03 0.000000000000000000e+00 0.000000000000000000e+00 0.000000000000000000e+00 0.000000000000000000e+00 0.000000000000000000e+00 8.576329331046312048e-04 0.000000000000000000e+00 0.000000000000000000e+00
4.749503968253968034e-02 1.612103174603174514e-03 0.000000000000000000e+00 5.245978083469340046e-03 9.324104234527687274e-02 3.120124804992199796e-03 2.393483709273182825e-01 7.180223612678223594e-03 5.193951347797501339e-02 1.734104046242774567e-03 5.211623499684144012e-02 2.747252747252747467e-03 3.293650793650793746e-02 2.129719264278799769e-03 2.879078694817658463e-03 3.065603923973022520e-04 8.157289270027191438e-03 1.199999999999999895e-03 1.148143109780982163e-01 4.451733833177132574e-03 1.291155584247901788e-03 1.144164759725400460e-03 1.669765712160654614e-01 8.512902367650971441e-03 5.245231607629427528e-02 5.909389363099146371e-03 0.000000000000000000e+00 5.512679162072767463e-04 2.593283582089552300e-02 1.702417432754511385e-03 1.727272727272727293e-02 2.554918815663801204e-02 1.295806047094886365e-02 5.603779804417096874e-03 5.230125523012552069e-03 0.000000000000000000e+00 2.319660537482319540e-02 4.982561036372695372e-04 0.000000000000000000e+00 0.000000000000000000e+00 3.030303030303030300e-03 0.000000000000000000e+00 0.000000000000000000e+00 0.000000000000000000e+00 1.525447233393426635e-03 0.000000000000000000e+00 0.000000000000000000e+00 0.000000000000000000e+00 7.763552165622446266e-03 0.000000000000000000e+00 6.542845082313212060e-03 0.000000000000000000e+00 0.000000000000000000e+00 0.000000000000000000e+00 8.705114254624592368e-04 0.000000000000000000e+00 3.857280617164898871e-03 0.000000000000000000e+00 1.503502477362036495e-02 2.086811352253756322e-04 1.703841387856257737e-03 0.000000000000000000e+00 1.975113569030219340e-04 0.000000000000000000e+00 2.499553651133726209e-03 1.404494382022472034e-04 1.250252066948981736e-02 0.000000000000000000e+00 4.035216434336023200e-03 0.000000000000000000e+00 2.753144978346050778e-02 2.460682571948218881e-03 9.240506329113924722e-02 9.951348960636886929e-04 6.557377049180327863e-03 0.000000000000000000e+00 7.621861152141802542e-02 1.113231552162849847e-03 0.000000000000000000e+00 0.000000000000000000e+00 1.671309192200557065e-03 0.000000000000000000e+00 0.000000000000000000e+00 0.000000000000000000e+00 4.279739324968388423e-03 0.000000000000000000e+00 4.219409282700421586e-03 0.000000000000000000e+00 3.287928604978863304e-03 0.000000000000000000e+00 5.199999999999999761e-03 2.637130801687763600e-03 4.513217279174725795e-03 1.909611712285168642e-03 1.369863013698630061e-02 0.000000000000000000e+00 0.000000000000000000e+00 0.000000000000000000e+00 0.000000000000000000e+00 0.000000000000000000e+00 0.000000000000000000e+00 0.000000000000000000e+00 1.493651979088872397e-03 2.819345044458902716e-03 3.577817531305903416e-03 0.000000000000000000e+00 9.082652134423251263e-04 0.000000000000000000e+00 0.000000000000000000e+00 0.000000000000000000e+00 0.000000000000000000e+00 0.000000000000000000e+00 0.000000000000000000e+00 0.000000000000000000e+00 0.000000000000000000e+00 0.000000000000000000e+00
2.681277687106551483e-03 5.094427605502448164e-02 5.245978083469340046e-03 0.000000000000000000e+00 2.850162866449511365e-03 7.488299531981279511e-02 4.784688995215310818e-03 1.944814852805415994e-01 1.972386587771203254e-03 2.947976878612716678e-02 1.263423878711307556e-03 4.203296703296703629e-02 2.579365079365079309e-03 2.729912875121006874e-02 4.798464491362763743e-04 4.077253218884119984e-02 1.045806316670152593e-03 2.280000000000000082e-02 7.618011154944905050e-03 1.570993439550140702e-01 0.000000000000000000e+00 1.144164759725400460e-03 1.915210115284492545e-02 1.997871774408087331e-01 6.811989100817438447e-04 7.156927117531187987e-02 0.000000000000000000e+00 8.820286659316427941e-03 5.597014925373134655e-04 4.647599591419816073e-02 2.386363636363636465e-02 7.330468003820439504e-02 6.130695276577956959e-03 1.582243709482474350e-02 0.000000000000000000e+00 4.045307443365695984e-04 0.000000000000000000e+00 1.943198804185351097e-02 0.000000000000000000e+00 2.469135802469135665e-02 0.000000000000000000e+00 0.000000000000000000e+00 0.000000000000000000e+00 1.621402513173895500e-04 0.000000000000000000e+00 1.135976371691468884e-04 0.000000000000000000e+00 0.000000000000000000e+00 1.362026695723236197e-04 8.421939151489630983e-04 0.000000000000000000e+00 2.273301338721899628e-03 0.000000000000000000e+00 1.531393568147013736e-04 0.000000000000000000e+00 1.626545217957059322e-04 1.607200257152041015e-04 5.275779376498801292e-03 3.417051084913719553e-04 1.398163606010016657e-02 0.000000000000000000e+00 2.846569883290634827e-03 1.975113569030219340e-04 1.649620587264929040e-04 0.000000000000000000e+00 2.668539325842696729e-03 0.000000000000000000e+00 4.805491990846681889e-03 7.336757153338224887e-04 3.468208092485549135e-03 8.249123530624871432e-04 4.589707927677329907e-02 4.219409282700422020e-04 7.905793896505970697e-02 0.000000000000000000e+00 4.036908881199538328e-03 7.385524372230428854e-04 8.460559796437659708e-02 0.000000000000000000e+00 0.000000000000000000e+00 0.000000000000000000e+00 1.226134174111052650e-03 0.000000000000000000e+00 0.000000000000000000e+00 0.000000000000000000e+00 4.347353548527334104e-04 0.000000000000000000e+00 8.257638315441783242e-04 0.000000000000000000e+00 5.170630816959669463e-04 1.199999999999999895e-03 3.164556962025316406e-03 1.289490651192778860e-03 3.819223424570337283e-03 0.000000000000000000e+00 7.812500000000000000e-03 0.000000000000000000e+00 0.000000000000000000e+00 9.523809523809523801e-04 0.000000000000000000e+00 0.000000000000000000e+00 0.000000000000000000e+00 0.000000000000000000e+00 1.301236174365647457e-03 0.000000000000000000e+00 1.852423587527014413e-03 0.000000000000000000e+00 1.912045889101338363e-03 0.000000000000000000e+00 0.000000000000000000e+00 0.000000000000000000e+00 0.000000000000000000e+00 0.000000000000000000e+00 2.572898799313893831e-03 0.000000000000000000e+00 0.000000000000000000e+00
4.071661237785016469e-04 0.000000000000000000e+00 9.324104234527687274e-02 2.850162866449511365e-03 0.000000000000000000e+00 6.760270410816432603e-03 7.746639325586694366e-03 2.051492460765206617e-04 3.063773833004602154e-01 2.312138728323699568e-03 3.158559696778268891e-04 0.000000000000000000e+00 7.936507936507936501e-04 0.000000000000000000e+00 2.120921305182341676e-01 0.000000000000000000e+00 0.000000000000000000e+00 0.000000000000000000e+00 1.360359134811590226e-04 0.000000000000000000e+00 3.227888960619754687e-03 1.144164759725400460e-03 3.588694682037932293e-02 7.980845969672785726e-04 1.382833787465939934e-01 1.247537754432041963e-02 1.679336558396682666e-01 5.512679162072767029e-03 1.380597014925373164e-02 0.000000000000000000e+00 7.954545454545453725e-03 1.671442215854823362e-03 1.393339835585899358e-04 0.000000000000000000e+00 0.000000000000000000e+00 0.000000000000000000e+00 0.000000000000000000e+00 0.000000000000000000e+00 0.000000000000000000e+00 0.000000000000000000e+00 0.000000000000000000e+00 0.000000000000000000e+00 0.000000000000000000e+00 0.000000000000000000e+00 1.386770212175842494e-04 0.000000000000000000e+00 1.518602885345482229e-04 0.000000000000000000e+00 2.724053391446472393e-04 0.000000000000000000e+00 1.055297593921485821e-04 0.000000000000000000e+00 0.000000000000000000e+00 0.000000000000000000e+00 0.000000000000000000e+00 0.000000000000000000e+00 4.821600771456123588e-04 0.000000000000000000e+00 3.417051084913719553e-04 0.000000000000000000e+00 0.000000000000000000e+00 0.000000000000000000e+00 1.975113569030219340e-04 0.000000000000000000e+00 5.356186395286555851e-04 0.000000000000000000e+00 0.000000000000000000e+00 0.000000000000000000e+00 1.834189288334556222e-04 0.000000000000000000e+00 2.155083522375747518e-02 9.628757890232159848e-04 1.350210970464135046e-02 0.000000000000000000e+00 6.557377049180327863e-04 0.000000000000000000e+00 6.351550960118168207e-03 0.000000000000000000e+00 0.000000000000000000e+00 0.000000000000000000e+00 1.857010213556174456e-04 0.000000000000000000e+00 1.754385964912280734e-03 0.000000000000000000e+00 9.726680284019064966e-05 0.000000000000000000e+00 2.812939521800281346e-03 0.000000000000000000e+00 1.174260216063879782e-03 0.000000000000000000e+00 8.000000000000000383e-04 0.000000000000000000e+00 0.000000000000000000e+00 0.000000000000000000e+00 0.000000000000000000e+00 0.000000000000000000e+00 0.000000000000000000e+00 0.000000000000000000e+00 9.523809523809523801e-04 0.000000000000000000e+00 1.689189189189189283e-03 0.000000000000000000e+00 4.978839930296240961e-04 2.168726957276078825e-04 8.944543828264758540e-04 0.000000000000000000e+00 0.000000000000000000e+00 0.000000000000000000e+00 0.000000000000000000e+00 0.000000000000000000e+00 0.000000000000000000e+00 0.000000000000000000e+00 0.000000000000000000e+00 0.000000000000000000e+00 0.000000000000000000e+00 0.000000000000000000e+00
0.000000000000000000e+00 5.200208008320333355e-04 3.120124804992199796e-03 7.488299531981279511e-02 6.760270410816432603e-03 0.000000000000000000e+00 1.139211665527454950e-04 2.154067083803467165e-03 6.574621959237344181e-04 1.502890173410404706e-01 0.000000000000000000e+00 0.000000000000000000e+00 0.000000000000000000e+00 0.000000000000000000e+00 0.000000000000000000e+00 6.836296750459840144e-02 0.000000000000000000e+00 0.000000000000000000e+00 1.360359134811590226e-04 3.514526710402999144e-04 0.000000000000000000e+00 1.830663615560640736e-02 3.346969133506880016e-03 6.198457036445863266e-02 4.768392370572207238e-03 4.727511490479317097e-02 1.382170006910849987e-03 1.356119073869900826e-01 0.000000000000000000e+00 2.213142662580864714e-03 1.113636363636363695e-02 1.408787010506208290e-02 0.000000000000000000e+00 9.889023184265464689e-04 0.000000000000000000e+00 0.000000000000000000e+00 0.000000000000000000e+00 7.473841554559043599e-04 0.000000000000000000e+00 0.000000000000000000e+00 0.000000000000000000e+00 0.000000000000000000e+00 0.000000000000000000e+00 0.000000000000000000e+00 0.000000000000000000e+00 0.000000000000000000e+00 0.000000000000000000e+00 1.158077591198610308e-04 0.000000000000000000e+00 0.000000000000000000e+00 0.000000000000000000e+00 1.683926917571777271e-04 0.000000000000000000e+00 1.531393568147013736e-04 0.000000000000000000e+00 0.000000000000000000e+00 0.000000000000000000e+00 3.597122302158273460e-04 1.708525542456859777e-04 0.000000000000000000e+00 0.000000000000000000e+00 0.000000000000000000e+00 0.000000000000000000e+00 3.299241174529858080e-04 0.000000000000000000e+00 4.213483146067415830e-04 0.000000000000000000e+00 2.288329519450801029e-04 0.000000000000000000e+00 2.890173410404624460e-04 9.280263971952980090e-04 2.749545308655183470e-02 0.000000000000000000e+00 2.211410880141530255e-02 0.000000000000000000e+00 5.767012687427912516e-03 0.000000000000000000e+00 3.021628498727735486e-03 0.000000000000000000e+00 0.000000000000000000e+00 0.000000000000000000e+00 1.751620248730075447e-04 0.000000000000000000e+00 0.000000000000000000e+00 0.000000000000000000e+00 4.347353548527334104e-04 0.000000000000000000e+00 0.000000000000000000e+00 0.000000000000000000e+00 6.894174422612892256e-04 0.000000000000000000e+00 0.000000000000000000e+00 0.000000000000000000e+00 0.000000000000000000e+00 0.000000000000000000e+00 0.000000000000000000e+00 0.000000000000000000e+00 0.000000000000000000e+00 9.523809523809523801e-04 0.000000000000000000e+00 0.000000000000000000e+00 0.000000000000000000e+00 2.489419965148120481e-04 0.000000000000000000e+00 0.000000000000000000e+00 0.000000000000000000e+00 0.000000000000000000e+00 0.000000000000000000e+00 0.000000000000000000e+00 0.000000000000000000e+00 0.000000000000000000e+00 0.000000000000000000e+00 0.000000000000000000e+00 0.000000000000000000e+00 0.000000000000000000e+00 0.000000000000000000e+00
1.283891547049441917e-01 4.556846662109819801e-04 2.393483709273182825e-01 4.784688995215310818e-03 7.746639325586694366e-03 1.139211665527454950e-04 0.000000000000000000e+00 5.744178890142578528e-03 1.472715318869164958e-01 0.000000000000000000e+00 1.841440303221730801e-01 3.571428571428571317e-03 2.748015873015873245e-01 1.742497579864472380e-03 4.798464491362763526e-03 0.000000000000000000e+00 9.830579376699434546e-03 1.399999999999999986e-03 1.088287307849272224e-02 4.686035613870665091e-03 0.000000000000000000e+00 0.000000000000000000e+00 1.245816288583116369e-02 7.714817770683692760e-03 2.043596730245231426e-03 0.000000000000000000e+00 6.910850034554249935e-04 0.000000000000000000e+00 1.679104477611940288e-02 8.512087163772556926e-04 2.954545454545454489e-03 1.361031518624641889e-02 2.508011704054618953e-03 3.625975167564003936e-03 5.230125523012551852e-04 0.000000000000000000e+00 8.769448373408770050e-03 4.982561036372695372e-04 0.000000000000000000e+00 0.000000000000000000e+00 9.090909090909090468e-03 0.000000000000000000e+00 0.000000000000000000e+00 0.000000000000000000e+00 1.248093190958258136e-03 0.000000000000000000e+00 1.518602885345482229e-04 0.000000000000000000e+00 3.405066739308090437e-03 0.000000000000000000e+00 5.593077247783875133e-03 8.419634587858886357e-05 0.000000000000000000e+00 0.000000000000000000e+00 1.741022850924918474e-03 0.000000000000000000e+00 6.910961105753776583e-03 0.000000000000000000e+00 4.100461301896463247e-03 0.000000000000000000e+00 6.040892193308550553e-03 2.846569883290634936e-04 3.160181710448350945e-03 0.000000000000000000e+00 1.053383324406356042e-02 0.000000000000000000e+00 2.621496269409155210e-03 0.000000000000000000e+00 2.201027146001467358e-03 2.890173410404624460e-04 7.661373479067848380e-02 1.818765379266074674e-03 4.883966244725738287e-02 6.634232640424591286e-04 3.278688524590163932e-03 0.000000000000000000e+00 6.646971935007385535e-02 1.431297709923664120e-03 1.388888888888888942e-03 0.000000000000000000e+00 1.207056638811513510e-02 0.000000000000000000e+00 0.000000000000000000e+00 0.000000000000000000e+00 3.365431378270596074e-02 0.000000000000000000e+00 5.625879043600562693e-03 0.000000000000000000e+00 4.062940347581023987e-02 0.000000000000000000e+00 2.799999999999999972e-03 1.582278481012658203e-03 6.447453255963894302e-04 6.365372374283895110e-04 1.027397260273972546e-02 0.000000000000000000e+00 0.000000000000000000e+00 0.000000000000000000e+00 9.523809523809523801e-04 0.000000000000000000e+00 0.000000000000000000e+00 0.000000000000000000e+00 9.957679860592481922e-04 8.674907829104315298e-04 4.472271914132379270e-04 3.087372645878357536e-04 0.000000000000000000e+00 1.912045889101338363e-03 0.000000000000000000e+00 0.000000000000000000e+00 0.000000000000000000e+00 0.000000000000000000e+00 0.000000000000000000e+00 8.576329331046312048e-04 0.000000000000000000e+00 0.000000000000000000e+00
2.666940198994768602e-03 1.315006667350497593e-01 7.180223612678223594e-03 1.944814852805415994e-01 2.051492460765206617e-04 2.154067083803467165e-03 5.744178890142578528e-03 0.000000000000000000e+00 1.972386587771203254e-03 2.739884393063583556e-01 6.317119393556537782e-04 2.250000000000000056e-01 2.777777777777777884e-03 2.778315585672797572e-01 0.000000000000000000e+00 3.464132434089515350e-02 1.882451370006274797e-03 1.820000000000000090e-02 1.564413005033328877e-02 1.956419868791002895e-02 0.000000000000000000e+00 0.000000000000000000e+00 1.952398661212346662e-02 1.862197392923650024e-02 0.000000000000000000e+00 2.626395272488509305e-03 0.000000000000000000e+00 0.000000000000000000e+00 1.119402985074626931e-03 2.349336057201225833e-02 1.590909090909090745e-02 5.491881566380133438e-03 6.966699177929497333e-03 5.603779804417096874e-03 5.230125523012551852e-04 8.090614886731391968e-04 0.000000000000000000e+00 5.979073243647234880e-03 0.000000000000000000e+00 7.147498375568550610e-03 0.000000000000000000e+00 0.000000000000000000e+00 0.000000000000000000e+00 8.107012565869477498e-05 0.000000000000000000e+00 1.022378734522321874e-03 0.000000000000000000e+00 0.000000000000000000e+00 0.000000000000000000e+00 1.789662069691546394e-03 0.000000000000000000e+00 7.661867474951586897e-03 0.000000000000000000e+00 1.531393568147013736e-04 0.000000000000000000e+00 4.879635653871177694e-04 1.607200257152041015e-04 1.690647482014388456e-02 3.417051084913719553e-04 5.425709515859766276e-03 1.548946716232961604e-04 6.262453743239396534e-03 0.000000000000000000e+00 2.309468822170900656e-03 0.000000000000000000e+00 1.432584269662921274e-02 2.016535591853196190e-04 1.601830663615560557e-03 3.668378576669112444e-04 0.000000000000000000e+00 2.062280882656217858e-04 1.465710923290895473e-01 5.274261603375526982e-04 2.786377708978328080e-02 0.000000000000000000e+00 1.153402537485582503e-03 1.329394387001477107e-03 3.132951653944020254e-02 0.000000000000000000e+00 0.000000000000000000e+00 0.000000000000000000e+00 8.933263268523384398e-03 0.000000000000000000e+00 0.000000000000000000e+00 9.726680284019064966e-05 1.956309096837300157e-02 0.000000000000000000e+00 0.000000000000000000e+00 0.000000000000000000e+00 1.240951396070320498e-02 0.000000000000000000e+00 1.054852320675105396e-03 6.447453255963894302e-04 0.000000000000000000e+00 6.849315068493150305e-03 0.000000000000000000e+00 0.000000000000000000e+00 0.000000000000000000e+00 9.523809523809523801e-04 0.000000000000000000e+00 0.000000000000000000e+00 0.000000000000000000e+00 0.000000000000000000e+00 2.168726957276078825e-04 0.000000000000000000e+00 0.000000000000000000e+00 0.000000000000000000e+00 0.000000000000000000e+00 0.000000000000000000e+00 0.000000000000000000e+00 1.183431952662721909e-03 0.000000000000000000e+00 0.000000000000000000e+00 8.576329331046312048e-04 0.000000000000000000e+00 0.000000000000000000e+00
4.602235371466140493e-03 0.000000000000000000e+00 5.193951347797501339e-02 1.972386587771203254e-03 3.063773833004602154e-01 6.574621959237344181e-04 1.472715318869164958e-01 1.972386587771203254e-03 0.000000000000000000e+00 0.000000000000000000e+00 3.790271636133922886e-03 0.000000000000000000e+00 1.051587301587301668e-02 0.000000000000000000e+00 1.612284069097888739e-01 0.000000000000000000e+00 0.000000000000000000e+00 2.000000000000000096e-04 4.081077404434770950e-04 1.171508903467666381e-04 0.000000000000000000e+00 1.144164759725400460e-03 1.673484566753440008e-03 2.660281989890928575e-04 4.768392370572207238e-03 3.282994090610637065e-03 2.073255010366275089e-03 5.512679162072767463e-04 7.462686567164178962e-03 0.000000000000000000e+00 9.090909090909090901e-04 1.193887297039159575e-03 0.000000000000000000e+00 1.098780353807273945e-04 0.000000000000000000e+00 0.000000000000000000e+00 0.000000000000000000e+00 0.000000000000000000e+00 0.000000000000000000e+00 0.000000000000000000e+00 0.000000000000000000e+00 0.000000000000000000e+00 0.000000000000000000e+00 0.000000000000000000e+00 0.000000000000000000e+00 0.000000000000000000e+00 0.000000000000000000e+00 0.000000000000000000e+00 0.000000000000000000e+00 0.000000000000000000e+00 0.000000000000000000e+00 0.000000000000000000e+00 0.000000000000000000e+00 0.000000000000000000e+00 0.000000000000000000e+00 0.000000000000000000e+00 6.428801028608164062e-04 0.000000000000000000e+00 0.000000000000000000e+00 0.000000000000000000e+00 1.548946716232961604e-04 0.000000000000000000e+00 3.950227138060438681e-04 0.000000000000000000e+00 3.570790930191037054e-04 0.000000000000000000e+00 2.016535591853196190e-04 0.000000000000000000e+00 3.668378576669112444e-04 0.000000000000000000e+00 7.836667354093627968e-03 1.069861987803573362e-04 1.202531645569620243e-02 1.105705440070765214e-04 6.557377049180327863e-04 0.000000000000000000e+00 5.022156573116691100e-03 0.000000000000000000e+00 0.000000000000000000e+00 0.000000000000000000e+00 3.714020427112348912e-04 0.000000000000000000e+00 0.000000000000000000e+00 0.000000000000000000e+00 6.808676198813344528e-04 0.000000000000000000e+00 0.000000000000000000e+00 0.000000000000000000e+00 7.045561296383278044e-04 0.000000000000000000e+00 0.000000000000000000e+00 0.000000000000000000e+00 0.000000000000000000e+00 0.000000000000000000e+00 0.000000000000000000e+00 0.000000000000000000e+00 0.000000000000000000e+00 0.000000000000000000e+00 0.000000000000000000e+00 0.000000000000000000e+00 0.000000000000000000e+00 0.000000000000000000e+00 4.978839930296240961e-04 2.168726957276078825e-04 0.000000000000000000e+00 0.000000000000000000e+00 0.000000000000000000e+00 0.000000000000000000e+00 0.000000000000000000e+00 0.000000000000000000e+00 0.000000000000000000e+00 0.000000000000000000e+00 0.000000000000000000e+00 0.000000000000000000e+00 0.000000000000000000e+00 0.000000000000000000e+00
0.000000000000000000e+00 4.046242774566473702e-03 1.734104046242774567e-03 2.947976878612716678e-02 2.312138728323699568e-03 1.502890173410404706e-01 0.000000000000000000e+00 2.739884393063583556e-01 0.000000000000000000e+00 0.000000000000000000e+00 0.000000000000000000e+00 2.472527472527472417e-03 1.984126984126984125e-04 4.259438528557599538e-03 0.000000000000000000e+00 1.492949110974862159e-01 0.000000000000000000e+00 5.999999999999999474e-04 1.360359134811590226e-04 4.686035613870665525e-04 0.000000000000000000e+00 0.000000000000000000e+00 2.789140944589066536e-03 2.128225591912742860e-03 1.362397820163487689e-03 0.000000000000000000e+00 0.000000000000000000e+00 7.717750826901874014e-03 0.000000000000000000e+00 3.234593122233571805e-03 5.909090909090908977e-03 1.671442215854823362e-03 2.786679671171798716e-04 9.889023184265464689e-04 0.000000000000000000e+00 0.000000000000000000e+00 0.000000000000000000e+00 7.473841554559043599e-04 0.000000000000000000e+00 0.000000000000000000e+00 0.000000000000000000e+00 0.000000000000000000e+00 0.000000000000000000e+00 0.000000000000000000e+00 0.000000000000000000e+00 1.135976371691468884e-04 0.000000000000000000e+00 2.316155182397220617e-04 0.000000000000000000e+00 0.000000000000000000e+00 0.000000000000000000e+00 1.683926917571777271e-04 0.000000000000000000e+00 0.000000000000000000e+00 0.000000000000000000e+00 3.253090435914118644e-04 0.000000000000000000e+00 4.796163069544364613e-04 0.000000000000000000e+00 2.086811352253756322e-04 0.000000000000000000e+00 0.000000000000000000e+00 0.000000000000000000e+00 1.649620587264929040e-04 0.000000000000000000e+00 0.000000000000000000e+00 0.000000000000000000e+00 1.144164759725400514e-04 0.000000000000000000e+00 0.000000000000000000e+00 4.124561765312435716e-04 1.176848186583930728e-02 0.000000000000000000e+00 1.293675364882795192e-02 0.000000000000000000e+00 2.306805074971165007e-03 1.477104874446085554e-04 5.407124681933841992e-03 0.000000000000000000e+00 0.000000000000000000e+00 0.000000000000000000e+00 5.254860746190225798e-04 0.000000000000000000e+00 0.000000000000000000e+00 0.000000000000000000e+00 8.694707097054668208e-04 0.000000000000000000e+00 0.000000000000000000e+00 0.000000000000000000e+00 5.170630816959669463e-04 0.000000000000000000e+00 0.000000000000000000e+00 0.000000000000000000e+00 0.000000000000000000e+00 0.000000000000000000e+00 0.000000000000000000e+00 0.000000000000000000e+00 0.000000000000000000e+00 0.000000000000000000e+00 0.000000000000000000e+00 0.000000000000000000e+00 0.000000000000000000e+00 0.000000000000000000e+00 2.168726957276078825e-04 0.000000000000000000e+00 0.000000000000000000e+00 0.000000000000000000e+00 0.000000000000000000e+00 0.000000000000000000e+00 0.000000000000000000e+00 0.000000000000000000e+00 0.000000000000000000e+00 0.000000000000000000e+00 0.000000000000000000e+00 0.000000000000000000e+00 0.000000000000000000e+00
2.264687302590018825e-01 0.000000000000000000e+00 5.211623499684144012e-02 1.263423878711307556e-03 3.158559696778268891e-04 0.000000000000000000e+00 1.841440303221730801e-01 6.317119393556537782e-04 3.790271636133922886e-03 0.000000000000000000e+00 0.000000000000000000e+00 8.241758241758241751e-04 7.996031746031745380e-02 1.936108422071636129e-04 2.399232245681381763e-03 0.000000000000000000e+00 2.823677055009412087e-02 0.000000000000000000e+00 8.842334376275335847e-03 8.200562324273664126e-04 0.000000000000000000e+00 0.000000000000000000e+00 1.859427296392711024e-03 7.980845969672785726e-04 0.000000000000000000e+00 0.000000000000000000e+00 0.000000000000000000e+00 0.000000000000000000e+00 4.477611940298507204e-02 0.000000000000000000e+00 0.000000000000000000e+00 2.387774594078318933e-04 1.811341786261669220e-03 3.296341061421821563e-04 0.000000000000000000e+00 0.000000000000000000e+00 1.414427157001414475e-03 0.000000000000000000e+00 0.000000000000000000e+00 0.000000000000000000e+00 0.000000000000000000e+00 0.000000000000000000e+00 0.000000000000000000e+00 0.000000000000000000e+00 0.000000000000000000e+00 0.000000000000000000e+00 0.000000000000000000e+00 0.000000000000000000e+00 2.724053391446472393e-04 0.000000000000000000e+00 6.331785563528914652e-04 0.000000000000000000e+00 0.000000000000000000e+00 0.000000000000000000e+00 6.528835690968443463e-04 0.000000000000000000e+00 5.303760848601736001e-03 1.199040767386091153e-04 1.366820433965487821e-03 2.086811352253756322e-04 1.610904584882279916e-02 0.000000000000000000e+00 7.900454276120877362e-03 0.000000000000000000e+00 1.499732190680235638e-02 1.404494382022472034e-04 1.411574914297237388e-03 0.000000000000000000e+00 3.668378576669112444e-04 0.000000000000000000e+00 2.093215095896060890e-02 5.349309939017866944e-04 5.168776371308017245e-03 0.000000000000000000e+00 0.000000000000000000e+00 0.000000000000000000e+00 4.726735598227473772e-03 1.590330788804071365e-04 0.000000000000000000e+00 0.000000000000000000e+00 7.985143918291550541e-03 0.000000000000000000e+00 0.000000000000000000e+00 0.000000000000000000e+00 1.138021593230230562e-02 0.000000000000000000e+00 0.000000000000000000e+00 0.000000000000000000e+00 8.219821512447158043e-03 0.000000000000000000e+00 0.000000000000000000e+00 0.000000000000000000e+00 0.000000000000000000e+00 6.365372374283895110e-04 3.424657534246575152e-03 0.000000000000000000e+00 0.000000000000000000e+00 0.000000000000000000e+00 0.000000000000000000e+00 0.000000000000000000e+00 0.000000000000000000e+00 0.000000000000000000e+00 4.978839930296240961e-04 0.000000000000000000e+00 0.000000000000000000e+00 0.000000000000000000e+00 0.000000000000000000e+00 0.000000000000000000e+00 0.000000000000000000e+00 0.000000000000000000e+00 0.000000000000000000e+00 0.000000000000000000e+00 0.000000000000000000e+00 0.000000000000000000e+00 0.000000000000000000e+00 0.000000000000000000e+00
1.373626373626373734e-03 1.030219780219780168e-01 2.747252747252747467e-03 4.203296703296703629e-02 0.000000000000000000e+00 0.000000000000000000e+00 3.571428571428571317e-03 2.250000000000000056e-01 0.000000000000000000e+00 2.472527472527472417e-03 8.241758241758241751e-04 0.000000000000000000e+00 1.984126984126984125e-04 1.136495643756050278e-01 0.000000000000000000e+00 2.145922746781115872e-03 2.091612633340305511e-04 4.540000000000000285e-02 3.945041490953611792e-03 1.440955951265229622e-02 0.000000000000000000e+00 0.000000000000000000e+00 1.859427296392711024e-03 5.320563979781857151e-04 0.000000000000000000e+00 0.000000000000000000e+00 0.000000000000000000e+00 0.000000000000000000e+00 0.000000000000000000e+00 6.809669731018046235e-02 1.363636363636363744e-03 2.387774594078318933e-04 1.672007802703079230e-03 2.966706955279639624e-03 0.000000000000000000e+00 8.090614886731391968e-04 0.000000000000000000e+00 1.743896362730443543e-03 0.000000000000000000e+00 1.299545159194281929e-03 0.000000000000000000e+00 0.000000000000000000e+00 0.000000000000000000e+00 0.000000000000000000e+00 0.000000000000000000e+00 1.135976371691468884e-04 0.000000000000000000e+00 0.000000000000000000e+00 0.000000000000000000e+00 1.052742393936203873e-04 0.000000000000000000e+00 1.178748842300244171e-03 0.000000000000000000e+00 1.531393568147013736e-04 0.000000000000000000e+00 1.626545217957059322e-04 0.000000000000000000e+00 5.275779376498801292e-03 1.708525542456859777e-04 1.043405676126878080e-03 0.000000000000000000e+00 2.561912894961571388e-03 0.000000000000000000e+00 6.433520290333223472e-03 0.000000000000000000e+00 3.511235955056179678e-03 1.008267795926598095e-04 6.864988558352402544e-04 0.000000000000000000e+00 0.000000000000000000e+00 1.031140441328108929e-04 3.519845939873756518e-02 0.000000000000000000e+00 7.076514816452897372e-03 0.000000000000000000e+00 0.000000000000000000e+00 0.000000000000000000e+00 6.997455470737913574e-03 0.000000000000000000e+00 4.640371229698375677e-03 0.000000000000000000e+00 1.664039236293571658e-02 0.000000000000000000e+00 0.000000000000000000e+00 0.000000000000000000e+00 8.694707097054667558e-03 0.000000000000000000e+00 1.651527663088356648e-03 0.000000000000000000e+00 7.066528783178213993e-03 0.000000000000000000e+00 0.000000000000000000e+00 0.000000000000000000e+00 0.000000000000000000e+00 0.000000000000000000e+00 3.906250000000000000e-03 0.000000000000000000e+00 0.000000000000000000e+00 0.000000000000000000e+00 0.000000000000000000e+00 0.000000000000000000e+00 0.000000000000000000e+00 0.000000000000000000e+00 0.000000000000000000e+00 0.000000000000000000e+00 0.000000000000000000e+00 0.000000000000000000e+00 0.000000000000000000e+00 0.000000000000000000e+00 0.000000000000000000e+00 0.000000000000000000e+00 0.000000000000000000e+00 0.000000000000000000e+00 0.000000000000000000e+00 0.000000000000000000e+00 0.000000000000000000e+00
2.916666666666666713e-02 0.000000000000000000e+00 3.293650793650793746e-02 2.579365079365079309e-03 7.936507936507936501e-04 0.000000000000000000e+00 2.748015873015873245e-01 2.777777777777777884e-03 1.051587301587301668e-02 1.984126984126984125e-04 7.996031746031745380e-02 1.984126984126984125e-04 0.000000000000000000e+00 7.744433688286544515e-04 2.010556621880998096e-01 0.000000000000000000e+00 7.948128006693160399e-03 0.000000000000000000e+00 4.353149231397088724e-03 3.514526710402999144e-04 0.000000000000000000e+00 0.000000000000000000e+00 9.669021941242098017e-03 3.458366586858207040e-03 0.000000000000000000e+00 0.000000000000000000e+00 6.910850034554249935e-04 0.000000000000000000e+00 1.414179104477611970e-01 3.404834865509022554e-04 4.545454545454545451e-04 8.357211079274116591e-03 4.180019506757698075e-04 6.592682122843643126e-04 0.000000000000000000e+00 0.000000000000000000e+00 2.828854314002828951e-03 0.000000000000000000e+00 0.000000000000000000e+00 0.000000000000000000e+00 6.060606060606060601e-03 0.000000000000000000e+00 1.401738155312587635e-04 0.000000000000000000e+00 1.386770212175842494e-04 0.000000000000000000e+00 0.000000000000000000e+00 0.000000000000000000e+00 2.724053391446472393e-04 0.000000000000000000e+00 0.000000000000000000e+00 0.000000000000000000e+00 0.000000000000000000e+00 0.000000000000000000e+00 0.000000000000000000e+00 0.000000000000000000e+00 1.285760205721632812e-03 0.000000000000000000e+00 6.834102169827439106e-04 0.000000000000000000e+00 5.266418835192069291e-03 0.000000000000000000e+00 3.752715781157416747e-03 0.000000000000000000e+00 8.212819139439385061e-03 0.000000000000000000e+00 5.041338979632990205e-04 0.000000000000000000e+00 1.283932501834189220e-03 0.000000000000000000e+00 6.207465456795215747e-02 1.176848186583930684e-03 3.333333333333333287e-02 1.105705440070765214e-04 0.000000000000000000e+00 0.000000000000000000e+00 2.703101920236336900e-02 1.590330788804071365e-04 1.388888888888888942e-03 0.000000000000000000e+00 1.188486536675951652e-02 0.000000000000000000e+00 0.000000000000000000e+00 0.000000000000000000e+00 1.079661511526116072e-02 0.000000000000000000e+00 1.406469760900140673e-03 0.000000000000000000e+00 9.159229685298262216e-03 0.000000000000000000e+00 1.199999999999999895e-03 0.000000000000000000e+00 6.447453255963894302e-04 0.000000000000000000e+00 3.424657534246575152e-03 0.000000000000000000e+00 0.000000000000000000e+00 0.000000000000000000e+00 9.523809523809523801e-04 0.000000000000000000e+00 1.689189189189189283e-03 0.000000000000000000e+00 9.957679860592481922e-04 4.337453914552157649e-04 8.944543828264758540e-04 3.087372645878357536e-04 0.000000000000000000e+00 0.000000000000000000e+00 0.000000000000000000e+00 0.000000000000000000e+00 0.000000000000000000e+00 0.000000000000000000e+00 0.000000000000000000e+00 0.000000000000000000e+00 0.000000000000000000e+00 0.000000000000000000e+00
