0.000000000000000000e+00 1.608610114570072774e-02 1.183241868558425891e-01 1.351351351351351426e-03 0.000000000000000000e+00 0.000000000000000000e+00 1.359874429223744408e-01 2.722199537226078526e-03 3.634161114476075222e-03 0.000000000000000000e+00 3.553830577117785827e-01 2.795638803466592116e-04 2.013071895424836666e-02 0.000000000000000000e+00 1.419782300047326036e-03 0.000000000000000000e+00 4.470535109505531512e-02 1.518767628552831388e-03 6.878236621962555142e-02 2.135605088108297189e-02 0.000000000000000000e+00 0.000000000000000000e+00 9.526077637532745545e-04 3.436426116838488232e-04 0.000000000000000000e+00 0.000000000000000000e+00 3.760812335464460234e-04 0.000000000000000000e+00 2.403495994173342892e-02 9.396288466055908312e-04 1.179941002949852491e-03 0.000000000000000000e+00 3.359718557607739575e-02 9.476149914821124787e-03 2.162941600576784307e-03 4.042037186742117815e-04 6.116605934409161810e-02 0.000000000000000000e+00 0.000000000000000000e+00 0.000000000000000000e+00 5.487804878048780505e-02 0.000000000000000000e+00 2.404424140418369752e-04 0.000000000000000000e+00 9.675858732462505650e-04 0.000000000000000000e+00 0.000000000000000000e+00 0.000000000000000000e+00 2.725326065797157790e-03 0.000000000000000000e+00 2.399496499095271976e-02 7.252157516861266746e-05 2.921646746347941748e-03 0.000000000000000000e+00 3.364171572750210108e-03 0.000000000000000000e+00 2.472618652505808035e-01 2.583372475340535608e-03 2.711257913570052150e-02 8.801525597770280471e-04 5.997762671026590081e-02 2.405002405002405091e-04 2.065596650383810101e-02 1.704448610874382067e-04 5.555555555555555247e-02 3.600144005760230618e-04 1.526291298278269030e-02 7.129489350325283244e-04 1.542868431450019617e-01 1.052862469839877142e-02 7.442214884429769473e-02 0.000000000000000000e+00 3.666595608612235879e-02 1.983733386232890291e-04 0.000000000000000000e+00 0.000000000000000000e+00 5.868446669447920788e-02 7.079646017699115163e-04 1.371742112482853123e-03 0.000000000000000000e+00 6.861534239055853100e-03 0.000000000000000000e+00 0.000000000000000000e+00 0.000000000000000000e+00 2.342167112407812779e-02 0.000000000000000000e+00 0.000000000000000000e+00 0.000000000000000000e+00 1.173147946991092740e-02 1.755001755001754920e-04 3.057169061449098186e-03 4.223227752639517087e-03 1.764290755116443288e-04 1.154068090017310944e-03 4.975124378109452641e-03 3.012048192771084494e-03 1.240694789081885855e-03 0.000000000000000000e+00 0.000000000000000000e+00 0.000000000000000000e+00 0.000000000000000000e+00 0.000000000000000000e+00 8.719155985700584440e-04 8.386246555648735985e-04 2.271178741766977267e-03 1.097694840834248118e-03 0.000000000000000000e+00 5.824111822947000781e-04 9.375000000000000000e-02 0.000000000000000000e+00 0.000000000000000000e+00 0.000000000000000000e+00 0.000000000000000000e+00 4.897159647404505543e-04 6.835269993164730514e-04 0.000000000000000000e+00
1.608610114570072774e-02 0.000000000000000000e+00 2.275465131843126647e-03 6.256756756756756688e-02 0.000000000000000000e+00 0.000000000000000000e+00 5.136986301369862729e-03 1.864706682999863752e-01 0.000000000000000000e+00 3.296703296703296700e-03 3.037462031724603301e-03 5.367626502655856863e-02 2.614379084967320514e-04 6.824712643678161259e-03 0.000000000000000000e+00 7.870916961826052334e-04 4.064122826823210466e-03 4.187459318724235519e-02 2.868145000663922459e-02 7.165363519663904557e-02 0.000000000000000000e+00 0.000000000000000000e+00 0.000000000000000000e+00 0.000000000000000000e+00 0.000000000000000000e+00 0.000000000000000000e+00 0.000000000000000000e+00 0.000000000000000000e+00 1.699441612041757655e-03 2.349072116513976904e-02 8.849557522123893682e-04 0.000000000000000000e+00 2.339489885664028032e-02 9.476149914821124787e-03 7.209805335255947689e-04 8.084074373484235630e-04 2.082248828735033808e-03 1.444987775061124802e-01 0.000000000000000000e+00 2.013422818791946525e-03 0.000000000000000000e+00 0.000000000000000000e+00 0.000000000000000000e+00 1.108893324462186674e-04 1.612643122077084365e-04 7.754514235072559837e-04 0.000000000000000000e+00 0.000000000000000000e+00 1.946661475569398615e-04 6.202008269344359490e-03 1.573440327275587984e-04 1.892813111900790504e-02 2.656042496679946797e-04 2.814258911819887427e-03 0.000000000000000000e+00 6.445375443119562243e-04 2.738134749419183535e-03 1.857679661813057825e-01 0.000000000000000000e+00 3.095203168549215053e-02 2.581533430857929634e-04 4.617604617604617601e-02 1.395673412421493385e-04 1.278336458155786629e-02 3.192848020434227527e-04 4.224168966758670013e-02 1.023731968357375569e-03 2.762677123251047230e-03 2.706440142236270219e-02 5.330116253564377848e-02 5.080010160020319515e-04 5.607734806629834090e-02 1.705393306331272557e-03 4.126165443364411545e-02 0.000000000000000000e+00 2.973240832507433040e-03 3.615630649422889916e-03 7.522123893805310324e-02 0.000000000000000000e+00 0.000000000000000000e+00 0.000000000000000000e+00 2.082332212077526654e-03 0.000000000000000000e+00 0.000000000000000000e+00 1.620876894399870291e-04 1.625000000000000056e-02 0.000000000000000000e+00 0.000000000000000000e+00 4.344992396263306343e-04 6.669006669006669399e-03 1.070009171507184343e-03 3.318250377073906406e-03 5.292872265349329863e-04 5.770340450086554719e-04 2.487562189054726321e-03 1.506024096385542160e-02 1.861042183622828783e-03 1.004016064257028020e-03 7.818608287724784865e-04 6.161429451632779086e-04 4.670714619336758275e-04 7.639419404125286344e-04 8.719155985700584440e-04 1.557445788906193810e-03 2.725414490120372461e-03 1.097694840834248118e-03 0.000000000000000000e+00 5.824111822947000781e-04 0.000000000000000000e+00 0.000000000000000000e+00 0.000000000000000000e+00 0.000000000000000000e+00 0.000000000000000000e+00 0.000000000000000000e+00 0.000000000000000000e+00 0.000000000000000000e+00
1.183241868558425891e-01 2.275465131843126647e-03 0.000000000000000000e+00 9.459459459459459985e-03 5.965172286031863308e-02 5.136986301369862729e-03 2.535673515981735071e-01 1.170545801007213775e-02 1.574803149606299191e-02 1.318681318681318680e-02 2.801214984812689865e-02 3.354766564159910539e-03 8.522875816993463749e-02 1.364942528735632252e-02 5.773781353525792720e-02 1.534828807556080227e-02 9.257168661097313692e-03 1.518767628552831388e-03 1.007834284955517190e-01 4.784688995215310818e-03 0.000000000000000000e+00 0.000000000000000000e+00 8.502024291497975450e-02 2.130584192439862606e-02 2.742230347349177214e-03 1.131541725601131580e-02 3.760812335464460234e-04 0.000000000000000000e+00 1.602330662782228826e-02 9.396288466055908312e-04 3.746312684365781659e-02 1.234250449987143311e-02 9.498680738786279346e-03 5.643100511073253882e-03 1.081470800288392153e-03 0.000000000000000000e+00 9.370119729307652134e-03 2.444987775061124467e-04 0.000000000000000000e+00 0.000000000000000000e+00 6.097560975609756309e-03 0.000000000000000000e+00 0.000000000000000000e+00 0.000000000000000000e+00 2.741493307531043394e-03 0.000000000000000000e+00 3.535442814212480284e-04 0.000000000000000000e+00 1.284796573875802983e-02 9.844457570387871517e-05 2.179214853276689387e-02 0.000000000000000000e+00 3.718459495351925624e-03 0.000000000000000000e+00 2.943650126156434170e-03 0.000000000000000000e+00 3.733820112844341184e-03 3.522780648191639022e-04 2.064409578860446071e-02 5.867683731846852924e-04 2.839686773943722597e-03 0.000000000000000000e+00 8.374040474528960309e-04 0.000000000000000000e+00 5.906768837803320384e-03 3.600144005760230618e-04 1.544904606793857590e-02 7.129489350325283244e-04 3.555906756222836692e-03 8.773853915332310242e-04 3.403606807213614693e-02 1.104972375690607819e-03 6.928160306970794491e-02 4.165840111089069882e-03 8.991008991008991869e-03 9.910802775024776801e-04 8.218606591572799602e-02 4.070796460176990920e-03 1.371742112482853123e-03 0.000000000000000000e+00 2.332921641278989933e-03 1.601794009290405222e-04 0.000000000000000000e+00 0.000000000000000000e+00 4.052192235999675998e-03 9.615384615384615376e-05 2.444987775061124684e-03 0.000000000000000000e+00 6.300238974581794278e-03 0.000000000000000000e+00 9.171507184347293907e-04 1.508295625942684829e-03 0.000000000000000000e+00 1.154068090017310944e-03 1.741293532338308511e-02 3.012048192771084494e-03 6.203473945409429275e-04 0.000000000000000000e+00 7.818608287724784865e-04 6.161429451632779086e-04 4.670714619336758275e-04 1.527883880825057269e-03 6.103409189990409434e-04 7.188211333413202118e-04 1.589825119236884044e-03 0.000000000000000000e+00 0.000000000000000000e+00 5.824111822947000781e-04 6.250000000000000000e-02 0.000000000000000000e+00 0.000000000000000000e+00 0.000000000000000000e+00 0.000000000000000000e+00 4.897159647404505543e-04 0.000000000000000000e+00 0.000000000000000000e+00
1.351351351351351426e-03 6.256756756756756688e-02 9.459459459459459985e-03 0.000000000000000000e+00 3.334568358651352534e-03 5.422374429223743991e-02 1.626712328767123197e-02 2.726282836531918052e-01 8.479709267110842330e-03 1.978021978021977934e-02 3.374957813027337338e-03 7.352530053117137254e-02 9.673202614379084602e-03 1.030890804597701105e-01 5.679129200189304144e-03 5.942542306178669881e-02 1.128923007450891892e-03 1.952701236710783356e-02 5.311379630859115568e-03 7.142023573345780696e-02 0.000000000000000000e+00 0.000000000000000000e+00 4.691593236484877666e-02 1.264604810996563522e-01 6.398537477148080743e-03 2.687411598302687568e-02 3.760812335464460234e-04 5.135387488328664769e-03 4.855547462976450676e-04 2.325581395348837177e-02 2.241887905604719733e-02 4.834147595782977563e-02 2.638522427440633152e-03 2.108177172061328694e-02 0.000000000000000000e+00 4.042037186742117815e-04 0.000000000000000000e+00 1.320293398533007277e-02 0.000000000000000000e+00 2.684563758389261600e-03 0.000000000000000000e+00 0.000000000000000000e+00 0.000000000000000000e+00 0.000000000000000000e+00 0.000000000000000000e+00 7.754514235072559837e-04 0.000000000000000000e+00 0.000000000000000000e+00 0.000000000000000000e+00 6.202008269344359490e-03 0.000000000000000000e+00 6.962071216186815209e-03 0.000000000000000000e+00 6.700616456714017684e-04 0.000000000000000000e+00 4.834031582339671411e-04 8.297378028542980860e-05 1.197745420385157300e-02 1.376273052573630631e-04 2.361742702068358665e-02 8.605111436193098328e-05 4.329004329004329001e-03 0.000000000000000000e+00 2.556672916311573344e-03 1.596424010217113764e-04 5.640225609024360903e-03 2.791996277338297007e-04 1.292219944746457461e-02 1.975503753457131465e-04 3.509541566132924097e-03 7.620015240030479815e-04 2.320441988950276355e-02 2.344915796205499902e-03 6.923229517952787793e-02 0.000000000000000000e+00 3.766105054509415184e-02 1.529689890140453409e-03 1.030088495575221252e-01 0.000000000000000000e+00 0.000000000000000000e+00 1.372306847811170501e-04 1.601794009290405168e-03 0.000000000000000000e+00 0.000000000000000000e+00 8.104384471999351454e-05 6.730769230769230492e-04 0.000000000000000000e+00 2.188183807439824866e-03 0.000000000000000000e+00 1.228501228501228471e-03 3.057169061449097969e-04 2.111613876319758543e-03 0.000000000000000000e+00 5.770340450086554719e-04 4.975124378109452641e-03 6.024096385542168988e-03 6.203473945409429275e-04 1.004016064257028020e-03 7.818608287724784865e-04 1.848428835489833617e-03 0.000000000000000000e+00 0.000000000000000000e+00 3.487662394280233885e-04 1.437642266682640424e-03 1.362707245060186230e-03 8.781558726673984513e-04 0.000000000000000000e+00 0.000000000000000000e+00 1.562500000000000000e-02 0.000000000000000000e+00 0.000000000000000000e+00 0.000000000000000000e+00 0.000000000000000000e+00 0.000000000000000000e+00 0.000000000000000000e+00 0.000000000000000000e+00
0.000000000000000000e+00 0.000000000000000000e+00 5.965172286031863308e-02 3.334568358651352534e-03 0.000000000000000000e+00 6.278538812785387779e-03 0.000000000000000000e+00 0.000000000000000000e+00 2.574197456087219948e-01 1.098901098901098900e-03 0.000000000000000000e+00 0.000000000000000000e+00 2.614379084967320514e-04 3.591954022988505697e-04 2.068149550402271775e-01 1.456119637937819747e-02 0.000000000000000000e+00 0.000000000000000000e+00 0.000000000000000000e+00 1.166997315906173393e-04 8.273894436519257933e-02 0.000000000000000000e+00 6.191950464396285200e-03 3.436426116838487907e-03 1.316270566727605063e-01 4.243281471004243383e-02 1.978187288454306136e-01 4.668534080298786400e-04 2.136440883709638319e-02 0.000000000000000000e+00 1.858407079646017673e-02 7.971200822833634028e-03 0.000000000000000000e+00 0.000000000000000000e+00 0.000000000000000000e+00 0.000000000000000000e+00 0.000000000000000000e+00 0.000000000000000000e+00 0.000000000000000000e+00 0.000000000000000000e+00 0.000000000000000000e+00 0.000000000000000000e+00 0.000000000000000000e+00 0.000000000000000000e+00 0.000000000000000000e+00 0.000000000000000000e+00 3.535442814212480284e-04 0.000000000000000000e+00 1.946661475569398615e-04 0.000000000000000000e+00 0.000000000000000000e+00 0.000000000000000000e+00 5.312084993359893594e-04 0.000000000000000000e+00 2.102607232968881318e-04 0.000000000000000000e+00 0.000000000000000000e+00 1.174260216063879810e-04 0.000000000000000000e+00 0.000000000000000000e+00 8.605111436193098328e-05 0.000000000000000000e+00 0.000000000000000000e+00 0.000000000000000000e+00 0.000000000000000000e+00 0.000000000000000000e+00 1.861330851558864671e-04 0.000000000000000000e+00 0.000000000000000000e+00 0.000000000000000000e+00 4.927609855219710483e-02 3.314917127071823240e-03 5.052227670006394916e-02 0.000000000000000000e+00 0.000000000000000000e+00 0.000000000000000000e+00 1.807815324711444958e-03 3.539823008849557581e-04 0.000000000000000000e+00 0.000000000000000000e+00 2.470152326060107064e-03 0.000000000000000000e+00 1.400560224089635909e-02 0.000000000000000000e+00 3.971148391279682131e-03 0.000000000000000000e+00 2.444987775061124684e-03 0.000000000000000000e+00 8.689984792526612685e-04 0.000000000000000000e+00 0.000000000000000000e+00 0.000000000000000000e+00 0.000000000000000000e+00 0.000000000000000000e+00 0.000000000000000000e+00 0.000000000000000000e+00 0.000000000000000000e+00 0.000000000000000000e+00 0.000000000000000000e+00 0.000000000000000000e+00 0.000000000000000000e+00 0.000000000000000000e+00 0.000000000000000000e+00 0.000000000000000000e+00 0.000000000000000000e+00 0.000000000000000000e+00 0.000000000000000000e+00 0.000000000000000000e+00 0.000000000000000000e+00 0.000000000000000000e+00 0.000000000000000000e+00 0.000000000000000000e+00 0.000000000000000000e+00 0.000000000000000000e+00 0.000000000000000000e+00 0.000000000000000000e+00
0.000000000000000000e+00 0.000000000000000000e+00 5.136986301369862729e-03 5.422374429223743991e-02 6.278538812785387779e-03 0.000000000000000000e+00 2.853881278538812627e-04 0.000000000000000000e+00 7.268322228952150445e-03 2.197802197802197974e-02 0.000000000000000000e+00 0.000000000000000000e+00 0.000000000000000000e+00 0.000000000000000000e+00 6.152389966871746156e-03 1.770956316410861875e-01 0.000000000000000000e+00 0.000000000000000000e+00 3.983534723144336567e-04 2.333994631812346787e-04 6.419400855920113884e-03 8.604206500956022852e-03 7.382710169087878041e-03 7.216494845360825125e-03 1.371115173674588607e-02 4.738330975954738178e-02 1.504324934185784094e-03 1.928104575163398782e-01 0.000000000000000000e+00 4.228329809725158740e-03 1.150442477876106179e-02 7.456929802005657359e-03 1.759014951627088858e-04 3.194207836456558545e-04 0.000000000000000000e+00 0.000000000000000000e+00 0.000000000000000000e+00 4.889975550122248934e-04 0.000000000000000000e+00 0.000000000000000000e+00 0.000000000000000000e+00 0.000000000000000000e+00 0.000000000000000000e+00 1.108893324462186674e-04 0.000000000000000000e+00 1.107787747867508587e-04 0.000000000000000000e+00 1.304631441617743024e-04 0.000000000000000000e+00 0.000000000000000000e+00 0.000000000000000000e+00 2.900863006744506698e-04 0.000000000000000000e+00 0.000000000000000000e+00 0.000000000000000000e+00 1.611343860779890561e-04 0.000000000000000000e+00 1.174260216063879810e-04 0.000000000000000000e+00 0.000000000000000000e+00 0.000000000000000000e+00 0.000000000000000000e+00 0.000000000000000000e+00 3.408897221748764133e-04 0.000000000000000000e+00 0.000000000000000000e+00 0.000000000000000000e+00 8.911861687906604055e-05 0.000000000000000000e+00 2.193463478833077560e-04 2.540005080010159758e-04 4.171270718232044511e-02 1.279044979748454472e-03 4.760960126958936611e-02 9.990009990009990001e-04 3.171456888007928576e-02 1.390627172854957472e-04 4.070796460176990920e-03 0.000000000000000000e+00 0.000000000000000000e+00 0.000000000000000000e+00 3.203588018580810445e-04 0.000000000000000000e+00 0.000000000000000000e+00 0.000000000000000000e+00 1.923076923076923075e-04 0.000000000000000000e+00 0.000000000000000000e+00 0.000000000000000000e+00 0.000000000000000000e+00 0.000000000000000000e+00 3.016591251885369657e-04 0.000000000000000000e+00 0.000000000000000000e+00 0.000000000000000000e+00 0.000000000000000000e+00 0.000000000000000000e+00 0.000000000000000000e+00 0.000000000000000000e+00 0.000000000000000000e+00 0.000000000000000000e+00 7.639419404125286344e-04 0.000000000000000000e+00 0.000000000000000000e+00 0.000000000000000000e+00 0.000000000000000000e+00 0.000000000000000000e+00 0.000000000000000000e+00 0.000000000000000000e+00 0.000000000000000000e+00 0.000000000000000000e+00 0.000000000000000000e+00 0.000000000000000000e+00 0.000000000000000000e+00 0.000000000000000000e+00 0.000000000000000000e+00
1.359874429223744408e-01 5.136986301369862729e-03 2.535673515981735071e-01 1.626712328767123197e-02 0.000000000000000000e+00 2.853881278538812627e-04 0.000000000000000000e+00 1.701374710766299231e-02 5.269533615990308617e-02 1.098901098901098900e-03 5.568680391495106630e-02 1.677383282079955226e-02 3.121568627450980182e-01 2.406609195402298687e-02 8.518693800283956216e-03 1.062573789846517174e-02 3.612553623842853796e-03 5.424170101974397536e-03 3.253220023901208513e-02 1.295367020655852422e-02 0.000000000000000000e+00 0.000000000000000000e+00 8.573469873779470882e-03 1.512027491408934714e-02 0.000000000000000000e+00 4.950495049504950555e-03 0.000000000000000000e+00 0.000000000000000000e+00 2.913328477785870514e-03 1.409443269908386247e-03 1.032448377581120930e-02 8.485471843661608962e-03 1.055408970976253261e-03 1.064735945485519551e-02 7.209805335255947689e-04 0.000000000000000000e+00 5.205622071837584519e-04 0.000000000000000000e+00 0.000000000000000000e+00 0.000000000000000000e+00 0.000000000000000000e+00 0.000000000000000000e+00 1.202212070209184876e-04 1.108893324462186674e-04 4.837929366231252825e-04 0.000000000000000000e+00 0.000000000000000000e+00 0.000000000000000000e+00 3.698656803581857125e-03 0.000000000000000000e+00 1.290221068365982222e-02 0.000000000000000000e+00 7.702523240371845874e-03 1.340123291342803537e-04 4.205214465937762852e-03 0.000000000000000000e+00 2.904082309990043288e-03 0.000000000000000000e+00 3.578309936691439694e-03 4.400762798885140235e-04 9.895878151622064176e-03 4.810004810004810181e-04 4.187020237264480263e-03 1.704448610874382067e-04 2.554278416347382022e-02 2.400096003840153564e-04 1.582131223825034971e-03 1.782372337581320811e-04 9.877518767285658682e-04 2.193463478833077560e-04 8.178816357632714973e-02 1.381215469613259611e-03 1.662758473672990706e-02 3.967466772465780799e-03 2.997002997002997000e-03 1.982160555004955360e-03 1.835627868168544091e-02 7.610619469026548393e-03 1.371742112482853123e-03 0.000000000000000000e+00 6.038150130369150312e-03 1.601794009290405222e-04 0.000000000000000000e+00 0.000000000000000000e+00 2.617716184455790712e-02 0.000000000000000000e+00 0.000000000000000000e+00 0.000000000000000000e+00 1.868346730393221841e-02 1.755001755001754920e-04 1.528584530724548985e-04 0.000000000000000000e+00 1.764290755116443288e-04 0.000000000000000000e+00 0.000000000000000000e+00 0.000000000000000000e+00 0.000000000000000000e+00 0.000000000000000000e+00 0.000000000000000000e+00 0.000000000000000000e+00 0.000000000000000000e+00 0.000000000000000000e+00 0.000000000000000000e+00 0.000000000000000000e+00 2.271178741766977051e-04 0.000000000000000000e+00 0.000000000000000000e+00 0.000000000000000000e+00 1.562500000000000000e-02 0.000000000000000000e+00 0.000000000000000000e+00 0.000000000000000000e+00 0.000000000000000000e+00 0.000000000000000000e+00 0.000000000000000000e+00 0.000000000000000000e+00
2.722199537226078526e-03 1.864706682999863752e-01 1.170545801007213775e-02 2.726282836531918052e-01 0.000000000000000000e+00 0.000000000000000000e+00 1.701374710766299231e-02 0.000000000000000000e+00 6.056935190793458343e-04 1.802197802197802179e-01 1.046236922038474605e-02 1.344702264467430852e-01 7.320261437908496573e-03 1.727729885057471271e-01 0.000000000000000000e+00 5.903187721369539467e-03 1.354707608941070228e-03 1.041440659579084480e-02 1.566856991103439053e-02 2.754113665538569095e-02 0.000000000000000000e+00 0.000000000000000000e+00 2.429149797570850228e-02 1.958762886597938124e-02 0.000000000000000000e+00 7.072135785007072377e-04 0.000000000000000000e+00 0.000000000000000000e+00 9.711094925952901353e-04 8.456659619450317480e-03 1.356932153392330365e-02 2.057084083311905287e-02 1.407211961301671086e-03 6.494889267461669349e-03 0.000000000000000000e+00 0.000000000000000000e+00 0.000000000000000000e+00 1.711491442542787235e-03 0.000000000000000000e+00 0.000000000000000000e+00 0.000000000000000000e+00 1.333333333333333419e-02 0.000000000000000000e+00 0.000000000000000000e+00 0.000000000000000000e+00 3.323363243602525489e-04 0.000000000000000000e+00 3.913894324853229071e-04 0.000000000000000000e+00 5.020673360897814907e-03 7.867201636377939918e-05 1.660744071361229882e-02 2.656042496679946797e-04 1.474135620477083890e-03 0.000000000000000000e+00 1.611343860779890398e-03 8.297378028542980860e-05 7.632691404415218803e-03 0.000000000000000000e+00 7.921373037993251556e-03 0.000000000000000000e+00 1.587301587301587213e-02 1.395673412421493385e-04 6.306459860235214161e-03 0.000000000000000000e+00 3.780151206048242007e-02 2.791996277338297007e-04 4.634168077711433784e-03 0.000000000000000000e+00 6.580390436499232139e-04 1.016002032004063903e-03 1.795580110497237494e-02 1.918567469622681817e-03 1.229914699464391969e-02 0.000000000000000000e+00 6.937561942517343760e-03 5.979696843276317321e-03 2.212389380530973421e-02 0.000000000000000000e+00 0.000000000000000000e+00 0.000000000000000000e+00 1.393560788082652546e-02 0.000000000000000000e+00 2.083333333333333304e-03 8.104384471999351454e-05 3.019230769230769190e-02 0.000000000000000000e+00 0.000000000000000000e+00 0.000000000000000000e+00 1.614601614601614624e-02 3.057169061449097969e-04 1.206636500754147863e-03 1.764290755116443288e-04 0.000000000000000000e+00 0.000000000000000000e+00 0.000000000000000000e+00 0.000000000000000000e+00 0.000000000000000000e+00 7.818608287724784865e-04 6.161429451632779086e-04 0.000000000000000000e+00 0.000000000000000000e+00 0.000000000000000000e+00 4.792140888942134926e-04 4.542357483533954101e-04 0.000000000000000000e+00 0.000000000000000000e+00 0.000000000000000000e+00 0.000000000000000000e+00 0.000000000000000000e+00 0.000000000000000000e+00 0.000000000000000000e+00 0.000000000000000000e+00 0.000000000000000000e+00 0.000000000000000000e+00 0.000000000000000000e+00
3.634161114476075222e-03 0.000000000000000000e+00 1.574803149606299191e-02 8.479709267110842330e-03 2.574197456087219948e-01 7.268322228952150445e-03 5.269533615990308617e-02 6.056935190793458343e-04 0.000000000000000000e+00 5.494505494505494934e-03 3.712453594330070942e-03 0.000000000000000000e+00 6.143790849673202298e-02 1.795977011494252849e-03 2.366303833412210234e-01 1.141282959464777653e-02 6.773538044705351138e-04 0.000000000000000000e+00 3.983534723144336567e-04 3.500991947718520045e-04 0.000000000000000000e+00 0.000000000000000000e+00 1.190759704691593274e-03 5.841924398625429615e-03 9.140767824497257740e-04 7.779349363507779072e-03 1.504324934185784094e-03 0.000000000000000000e+00 1.699441612041757655e-03 2.349072116513977078e-04 2.949852507374631227e-03 3.085626124967858278e-03 0.000000000000000000e+00 0.000000000000000000e+00 0.000000000000000000e+00 0.000000000000000000e+00 0.000000000000000000e+00 0.000000000000000000e+00 0.000000000000000000e+00 0.000000000000000000e+00 0.000000000000000000e+00 0.000000000000000000e+00 0.000000000000000000e+00 0.000000000000000000e+00 0.000000000000000000e+00 0.000000000000000000e+00 0.000000000000000000e+00 0.000000000000000000e+00 0.000000000000000000e+00 0.000000000000000000e+00 0.000000000000000000e+00 0.000000000000000000e+00 0.000000000000000000e+00 0.000000000000000000e+00 0.000000000000000000e+00 0.000000000000000000e+00 0.000000000000000000e+00 0.000000000000000000e+00 0.000000000000000000e+00 0.000000000000000000e+00 1.032613372343171854e-03 0.000000000000000000e+00 8.374040474528960309e-04 0.000000000000000000e+00 9.578544061302681498e-04 0.000000000000000000e+00 0.000000000000000000e+00 0.000000000000000000e+00 0.000000000000000000e+00 0.000000000000000000e+00 1.143002286004572016e-02 2.762430939226519547e-04 2.089106800255809138e-02 7.934933544931561163e-04 6.993006993006993001e-03 9.910802775024776801e-04 2.920317062995410936e-03 5.309734513274336643e-04 0.000000000000000000e+00 0.000000000000000000e+00 2.744613695622341002e-04 0.000000000000000000e+00 2.801120448179271732e-03 0.000000000000000000e+00 6.483507577599481164e-04 0.000000000000000000e+00 0.000000000000000000e+00 0.000000000000000000e+00 2.172496198131653171e-04 0.000000000000000000e+00 0.000000000000000000e+00 0.000000000000000000e+00 0.000000000000000000e+00 0.000000000000000000e+00 0.000000000000000000e+00 0.000000000000000000e+00 0.000000000000000000e+00 0.000000000000000000e+00 0.000000000000000000e+00 0.000000000000000000e+00 0.000000000000000000e+00 0.000000000000000000e+00 8.719155985700584712e-05 0.000000000000000000e+00 0.000000000000000000e+00 0.000000000000000000e+00 0.000000000000000000e+00 0.000000000000000000e+00 0.000000000000000000e+00 0.000000000000000000e+00 0.000000000000000000e+00 0.000000000000000000e+00 0.000000000000000000e+00 0.000000000000000000e+00 0.000000000000000000e+00 0.000000000000000000e+00
0.000000000000000000e+00 3.296703296703296700e-03 1.318681318681318680e-02 1.978021978021977934e-02 1.098901098901098900e-03 2.197802197802197974e-02 1.098901098901098900e-03 1.802197802197802179e-01 5.494505494505494934e-03 0.000000000000000000e+00 0.000000000000000000e+00 1.118255521386636846e-03 5.228758169934641029e-04 2.083333333333333218e-02 2.366303833412210060e-03 1.849665486029122285e-01 0.000000000000000000e+00 2.169668040789759242e-04 0.000000000000000000e+00 1.166997315906173393e-04 0.000000000000000000e+00 0.000000000000000000e+00 6.191950464396285200e-03 6.872852233676976464e-04 2.742230347349177214e-03 7.072135785007072377e-04 3.760812335464460234e-04 0.000000000000000000e+00 0.000000000000000000e+00 1.174536058256988539e-03 1.474926253687315614e-03 1.028542041655952687e-03 0.000000000000000000e+00 1.064735945485519605e-04 0.000000000000000000e+00 0.000000000000000000e+00 0.000000000000000000e+00 0.000000000000000000e+00 0.000000000000000000e+00 0.000000000000000000e+00 0.000000000000000000e+00 0.000000000000000000e+00 0.000000000000000000e+00 0.000000000000000000e+00 0.000000000000000000e+00 0.000000000000000000e+00 0.000000000000000000e+00 1.304631441617743024e-04 0.000000000000000000e+00 9.844457570387871517e-05 0.000000000000000000e+00 7.252157516861266746e-05 0.000000000000000000e+00 0.000000000000000000e+00 0.000000000000000000e+00 0.000000000000000000e+00 0.000000000000000000e+00 0.000000000000000000e+00 0.000000000000000000e+00 0.000000000000000000e+00 0.000000000000000000e+00 0.000000000000000000e+00 0.000000000000000000e+00 1.704448610874382067e-04 0.000000000000000000e+00 2.400096003840153564e-04 0.000000000000000000e+00 0.000000000000000000e+00 0.000000000000000000e+00 0.000000000000000000e+00 0.000000000000000000e+00 3.867403314917127258e-03 4.263483265828181394e-04 1.130728030152747428e-02 0.000000000000000000e+00 2.973240832507433040e-03 0.000000000000000000e+00 1.592920353982300993e-03 0.000000000000000000e+00 0.000000000000000000e+00 0.000000000000000000e+00 8.008970046452025841e-04 0.000000000000000000e+00 0.000000000000000000e+00 0.000000000000000000e+00 9.615384615384615376e-05 0.000000000000000000e+00 0.000000000000000000e+00 0.000000000000000000e+00 0.000000000000000000e+00 0.000000000000000000e+00 0.000000000000000000e+00 0.000000000000000000e+00 0.000000000000000000e+00 0.000000000000000000e+00 0.000000000000000000e+00 0.000000000000000000e+00 0.000000000000000000e+00 0.000000000000000000e+00 0.000000000000000000e+00 0.000000000000000000e+00 0.000000000000000000e+00 0.000000000000000000e+00 0.000000000000000000e+00 0.000000000000000000e+00 0.000000000000000000e+00 0.000000000000000000e+00 0.000000000000000000e+00 0.000000000000000000e+00 0.000000000000000000e+00 0.000000000000000000e+00 0.000000000000000000e+00 0.000000000000000000e+00 0.000000000000000000e+00 0.000000000000000000e+00 0.000000000000000000e+00
3.553830577117785827e-01 3.037462031724603301e-03 2.801214984812689865e-02 3.374957813027337338e-03 0.000000000000000000e+00 0.000000000000000000e+00 5.568680391495106630e-02 1.046236922038474605e-02 3.712453594330070942e-03 0.000000000000000000e+00 0.000000000000000000e+00 2.795638803466592333e-03 9.882352941176469896e-02 1.077586206896551709e-03 3.786086133459536096e-03 0.000000000000000000e+00 4.109279747121246523e-02 2.169668040789759242e-04 1.394237153100517934e-02 2.217294900221729488e-03 0.000000000000000000e+00 0.000000000000000000e+00 4.524886877828054703e-03 3.436426116838488232e-04 0.000000000000000000e+00 0.000000000000000000e+00 0.000000000000000000e+00 0.000000000000000000e+00 2.136440883709638319e-02 2.349072116513977078e-04 4.424778761061946841e-03 2.571355104139881717e-04 1.055408970976253261e-03 5.323679727427597756e-04 3.604902667627973845e-04 0.000000000000000000e+00 2.602811035918792260e-04 0.000000000000000000e+00 0.000000000000000000e+00 0.000000000000000000e+00 0.000000000000000000e+00 0.000000000000000000e+00 0.000000000000000000e+00 0.000000000000000000e+00 1.612643122077084365e-04 0.000000000000000000e+00 0.000000000000000000e+00 0.000000000000000000e+00 7.786645902277594461e-04 0.000000000000000000e+00 1.652112343639367464e-03 0.000000000000000000e+00 2.656042496679946797e-04 0.000000000000000000e+00 2.102607232968881318e-04 0.000000000000000000e+00 2.738134749419183535e-03 2.348520432127759619e-04 1.238645747316267486e-03 2.933841865923426462e-04 9.809827037260132609e-03 0.000000000000000000e+00 5.163991625959525253e-03 0.000000000000000000e+00 1.261174968071519797e-02 0.000000000000000000e+00 1.302931596091205270e-03 2.673558506371980946e-04 3.951007506914262931e-04 0.000000000000000000e+00 2.032004064008128066e-02 0.000000000000000000e+00 1.641441057343849888e-02 1.983733386232890291e-04 0.000000000000000000e+00 0.000000000000000000e+00 2.155472117925184145e-02 8.849557522123893682e-04 1.371742112482853123e-03 0.000000000000000000e+00 2.058460271716755670e-03 0.000000000000000000e+00 0.000000000000000000e+00 0.000000000000000000e+00 6.888726801199449197e-03 0.000000000000000000e+00 0.000000000000000000e+00 0.000000000000000000e+00 1.520747338692157247e-03 0.000000000000000000e+00 3.057169061449097969e-04 3.016591251885369657e-04 0.000000000000000000e+00 0.000000000000000000e+00 0.000000000000000000e+00 0.000000000000000000e+00 0.000000000000000000e+00 0.000000000000000000e+00 0.000000000000000000e+00 0.000000000000000000e+00 0.000000000000000000e+00 0.000000000000000000e+00 8.719155985700584712e-05 1.198035222235533732e-04 2.271178741766977051e-04 0.000000000000000000e+00 0.000000000000000000e+00 0.000000000000000000e+00 0.000000000000000000e+00 0.000000000000000000e+00 0.000000000000000000e+00 0.000000000000000000e+00 5.208333333333333044e-03 0.000000000000000000e+00 6.835269993164730514e-04 0.000000000000000000e+00
2.795638803466592116e-04 5.367626502655856863e-02 3.354766564159910539e-03 7.352530053117137254e-02 0.000000000000000000e+00 0.000000000000000000e+00 1.677383282079955226e-02 1.344702264467430852e-01 0.000000000000000000e+00 1.118255521386636846e-03 2.795638803466592333e-03 0.000000000000000000e+00 1.568627450980392092e-03 1.271551724137930939e-01 0.000000000000000000e+00 4.722550177095631400e-03 2.257846014901783622e-04 3.102625298329355491e-02 5.975302084716504689e-03 3.092542887151359526e-02 0.000000000000000000e+00 0.000000000000000000e+00 7.859014050964514830e-03 1.065292096219931303e-02 0.000000000000000000e+00 0.000000000000000000e+00 0.000000000000000000e+00 0.000000000000000000e+00 0.000000000000000000e+00 1.125205543810195025e-01 7.964601769911504314e-03 4.628439187451787416e-03 3.518029903254177716e-04 7.666098807495740942e-03 0.000000000000000000e+00 0.000000000000000000e+00 0.000000000000000000e+00 7.334963325183374485e-04 0.000000000000000000e+00 0.000000000000000000e+00 0.000000000000000000e+00 1.333333333333333419e-02 0.000000000000000000e+00 0.000000000000000000e+00 0.000000000000000000e+00 3.323363243602525489e-04 0.000000000000000000e+00 1.304631441617743024e-04 0.000000000000000000e+00 2.953337271116361455e-04 0.000000000000000000e+00 1.377909928203640546e-03 0.000000000000000000e+00 1.340123291342803537e-04 0.000000000000000000e+00 1.611343860779890561e-04 0.000000000000000000e+00 5.284170972287459238e-03 1.376273052573630631e-04 1.026844653073199316e-03 8.605111436193098328e-05 9.620009620009620580e-03 0.000000000000000000e+00 2.028293846940514705e-02 0.000000000000000000e+00 1.248049921996879918e-02 9.306654257794323357e-05 1.515016486944122717e-03 0.000000000000000000e+00 1.316078087299846428e-03 2.540005080010159758e-04 3.342541436464088744e-02 0.000000000000000000e+00 3.213648085697282109e-02 0.000000000000000000e+00 6.937561942517343760e-03 2.364066193853427839e-03 2.336283185840707863e-02 0.000000000000000000e+00 0.000000000000000000e+00 0.000000000000000000e+00 1.313471087618132277e-02 0.000000000000000000e+00 0.000000000000000000e+00 0.000000000000000000e+00 1.182692307692307689e-02 0.000000000000000000e+00 0.000000000000000000e+00 0.000000000000000000e+00 5.791505791505791208e-03 4.585753592173646954e-04 9.049773755656108972e-04 0.000000000000000000e+00 0.000000000000000000e+00 2.487562189054726321e-03 6.024096385542168988e-03 0.000000000000000000e+00 0.000000000000000000e+00 0.000000000000000000e+00 0.000000000000000000e+00 9.341429238673516549e-04 0.000000000000000000e+00 0.000000000000000000e+00 2.396070444471067463e-04 2.271178741766977051e-04 2.195389681668496128e-04 0.000000000000000000e+00 0.000000000000000000e+00 0.000000000000000000e+00 0.000000000000000000e+00 0.000000000000000000e+00 0.000000000000000000e+00 0.000000000000000000e+00 0.000000000000000000e+00 0.000000000000000000e+00 0.000000000000000000e+00
2.013071895424836666e-02 2.614379084967320514e-04 8.522875816993463749e-02 9.673202614379084602e-03 2.614379084967320514e-04 0.000000000000000000e+00 3.121568627450980182e-01 7.320261437908496573e-03 6.143790849673202298e-02 5.228758169934641029e-04 9.882352941176469896e-02 1.568627450980392092e-03 0.000000000000000000e+00 8.620689655172413673e-03 5.395172740179839110e-02 1.180637544273907850e-03 3.160984420862497125e-03 0.000000000000000000e+00 5.842517593945027038e-03 1.283697047496790665e-03 0.000000000000000000e+00 0.000000000000000000e+00 1.405096451536080003e-02 3.436426116838487907e-03 9.140767824497257740e-04 7.072135785007072377e-04 0.000000000000000000e+00 0.000000000000000000e+00 1.043942704539936872e-01 0.000000000000000000e+00 1.769911504424778736e-03 3.342761635381846178e-03 1.055408970976253261e-03 1.277683134582623418e-03 0.000000000000000000e+00 0.000000000000000000e+00 5.205622071837584519e-04 0.000000000000000000e+00 0.000000000000000000e+00 0.000000000000000000e+00 0.000000000000000000e+00 0.000000000000000000e+00 0.000000000000000000e+00 0.000000000000000000e+00 0.000000000000000000e+00 0.000000000000000000e+00 0.000000000000000000e+00 0.000000000000000000e+00 1.946661475569398615e-04 0.000000000000000000e+00 3.146880654551175967e-04 0.000000000000000000e+00 0.000000000000000000e+00 0.000000000000000000e+00 2.102607232968881318e-04 0.000000000000000000e+00 2.489213408562894123e-04 0.000000000000000000e+00 1.376273052573630685e-03 0.000000000000000000e+00 9.121418122364685285e-03 0.000000000000000000e+00 4.047452896022330979e-03 1.704448610874382067e-04 8.301404853128991138e-03 0.000000000000000000e+00 4.653327128897161678e-04 1.782372337581320811e-04 9.877518767285658682e-04 0.000000000000000000e+00 2.362204724409448786e-02 5.524861878453039095e-04 3.005755702408868107e-02 5.951200158698671415e-04 2.997002997002997000e-03 0.000000000000000000e+00 3.323598943123348692e-02 2.300884955752212184e-03 0.000000000000000000e+00 0.000000000000000000e+00 2.332921641278989933e-03 0.000000000000000000e+00 0.000000000000000000e+00 0.000000000000000000e+00 2.917578409919766632e-03 0.000000000000000000e+00 0.000000000000000000e+00 0.000000000000000000e+00 1.086248099065826667e-03 0.000000000000000000e+00 1.528584530724548985e-04 3.016591251885369657e-04 0.000000000000000000e+00 0.000000000000000000e+00 9.950248756218905283e-03 0.000000000000000000e+00 0.000000000000000000e+00 1.004016064257028020e-03 0.000000000000000000e+00 6.161429451632779086e-04 4.670714619336758275e-04 7.639419404125286344e-04 1.743831197140116942e-04 4.792140888942134926e-04 0.000000000000000000e+00 0.000000000000000000e+00 6.071645415907711346e-04 5.824111822947000781e-04 0.000000000000000000e+00 0.000000000000000000e+00 0.000000000000000000e+00 0.000000000000000000e+00 0.000000000000000000e+00 4.897159647404505543e-04 0.000000000000000000e+00 0.000000000000000000e+00
