2.999307558129808982e-01 4.956098948559122808e-01 3.481797833909078821e-01 4.978314954103418843e-01 0.000000000000000000e+00 0.000000000000000000e+00 3.152542108614580507e-01 4.824852029024068178e-01 3.600693674790769183e-01 0.000000000000000000e+00 2.990930978329872092e-01 4.727803354263079849e-01 3.665341680710948458e-01 4.475636025641026028e-01 3.842272500468037477e-01 0.000000000000000000e+00 3.398858738074048147e-01 4.787856975979098428e-01 3.637574144130288900e-01 5.052599406700524209e-01 0.000000000000000000e+00 0.000000000000000000e+00 3.773470577676285020e-01 4.747496148575001684e-01 0.000000000000000000e+00 0.000000000000000000e+00 0.000000000000000000e+00 0.000000000000000000e+00 3.901245122369176310e-01 4.772604888732283612e-01 4.402283019185087021e-01 3.485195394736841923e-01 3.866376011018690106e-01 4.997576702948046123e-01 0.000000000000000000e+00 0.000000000000000000e+00 4.753498931448749132e-01 5.308716365584363883e-01 5.232155095952421009e-01 0.000000000000000000e+00 4.078623590295528678e-01 0.000000000000000000e+00 0.000000000000000000e+00 0.000000000000000000e+00 4.177601688288919979e-01 0.000000000000000000e+00 0.000000000000000000e+00 0.000000000000000000e+00 4.075224827946746231e-01 0.000000000000000000e+00 3.985338845596327895e-01 4.722902499999999115e-01 0.000000000000000000e+00 0.000000000000000000e+00 4.166124783182151292e-01 0.000000000000000000e+00 3.211723943972357720e-01 4.787572441884457297e-01 3.972450784547374436e-01 4.906691469794848826e-01 3.968174724613008908e-01 0.000000000000000000e+00 4.059697575713632212e-01 4.916577979797980280e-01 4.173847007943401466e-01 4.826825043993761555e-01 4.028506825894320187e-01 4.993372424600280302e-01 2.935521182873547796e-01 5.103122110577715809e-01 3.505930895619858711e-01 5.134374803150671962e-01 3.772520150281583606e-01 4.770363069718973614e-01 0.000000000000000000e+00 0.000000000000000000e+00 3.879453459523404257e-01 4.531352498218228497e-01 3.269091956479127647e-01 0.000000000000000000e+00 3.400674068396455918e-01 0.000000000000000000e+00 0.000000000000000000e+00 0.000000000000000000e+00 4.204319079971157724e-01 4.766606507936508308e-01 4.041521874999999819e-01 0.000000000000000000e+00 4.119831815620304538e-01 4.727911751824817599e-01 4.464050982235153175e-01 3.857609967479674329e-01 4.281013680440473035e-01 4.125698863636363400e-01 4.450908164846085202e-01 4.059281543981481666e-01 4.579464567267790831e-01 0.000000000000000000e+00 4.493500536930548073e-01 4.526143993265085985e-01 4.180908383515815063e-01 4.096279051724138198e-01 4.198265886693017257e-01 4.224978747047244410e-01 4.492173476416805866e-01 0.000000000000000000e+00 4.239995216182226301e-01 0.000000000000000000e+00 0.000000000000000000e+00 0.000000000000000000e+00 4.616303982300885567e-01 3.682451285714285483e-01 0.000000000000000000e+00 0.000000000000000000e+00 4.328250808080807976e-01 4.319333832757718539e-01
4.956098948559122808e-01 2.931907614935337358e-01 4.991751466173013352e-01 3.267914103016547611e-01 0.000000000000000000e+00 0.000000000000000000e+00 4.895960599447914952e-01 3.315677747408444231e-01 0.000000000000000000e+00 3.217269589470935776e-01 4.691996783158370876e-01 3.089695259218461776e-01 0.000000000000000000e+00 3.495166011883922286e-01 0.000000000000000000e+00 3.634781943135483862e-01 4.855914578432766748e-01 3.937309388022684487e-01 5.038644510313723401e-01 3.445753786630531001e-01 0.000000000000000000e+00 0.000000000000000000e+00 4.378430414187790554e-01 4.225250485201447193e-01 0.000000000000000000e+00 0.000000000000000000e+00 0.000000000000000000e+00 0.000000000000000000e+00 4.653259663754674147e-01 4.180086871963433759e-01 4.507895071773838080e-01 4.225884723786538233e-01 4.984511431101392165e-01 4.491478779025742107e-01 0.000000000000000000e+00 0.000000000000000000e+00 0.000000000000000000e+00 5.259528158199267001e-01 0.000000000000000000e+00 5.266613103976975907e-01 0.000000000000000000e+00 4.570145689655172871e-01 0.000000000000000000e+00 4.163211963113128133e-01 0.000000000000000000e+00 4.345115897959787588e-01 0.000000000000000000e+00 0.000000000000000000e+00 4.568498633093525108e-01 4.155599024155776644e-01 4.652413495934960008e-01 4.049316702689346181e-01 0.000000000000000000e+00 3.689861097560975800e-01 0.000000000000000000e+00 3.847674115617027435e-01 4.891581633220470904e-01 3.177680032769021334e-01 4.766251059174008708e-01 4.150309087539167385e-01 4.896912471899246833e-01 3.780537444460433938e-01 5.166704146341463133e-01 3.837061211102768543e-01 0.000000000000000000e+00 3.940880832834606218e-01 4.962035900151957057e-01 3.854489858104169220e-01 5.240613990550313517e-01 2.695238661041970962e-01 5.161106015616891973e-01 3.607053638292629927e-01 4.550258841012231881e-01 3.978650302922751014e-01 0.000000000000000000e+00 3.921225624999999937e-01 4.708719514128478778e-01 3.938124621502783751e-01 0.000000000000000000e+00 0.000000000000000000e+00 4.484072061855670088e-01 4.222867084426322748e-01 0.000000000000000000e+00 4.397711196581196580e-01 4.623765784575136761e-01 4.022376290582216352e-01 0.000000000000000000e+00 0.000000000000000000e+00 0.000000000000000000e+00 4.209538210942493919e-01 0.000000000000000000e+00 4.337582360483985822e-01 4.697016187050359060e-01 4.285251950899883755e-01 4.500888782536489607e-01 4.197170153265308845e-01 0.000000000000000000e+00 5.061331166767555345e-01 4.371692767857143225e-01 4.471272445320130240e-01 4.804163365671640928e-01 4.410523078483162829e-01 4.543642035398230417e-01 4.443190799487460874e-01 0.000000000000000000e+00 4.444057196837061796e-01 0.000000000000000000e+00 4.399913281342983651e-01 4.069521730231918655e-01 3.890324245108064960e-01 4.132293718877551036e-01 4.294154791299986673e-01 0.000000000000000000e+00 0.000000000000000000e+00 4.079013263157894587e-01 0.000000000000000000e+00
3.481797833909078821e-01 4.991751466173013352e-01 2.702255636759088864e-01 4.747470287322585469e-01 2.035135320923928681e-01 4.209104418438477935e-01 3.059479023421637356e-01 4.567752446867904825e-01 2.649100735018845576e-01 4.334511728225478033e-01 3.784741674223689456e-01 4.507892575933827306e-01 3.539605586833075024e-01 4.521491924303819299e-01 3.179216760685224519e-01 4.326692823536491539e-01 3.831331883584730980e-01 4.769242219246799253e-01 2.855125519248558619e-01 5.032818730421468878e-01 3.541989202037351681e-01 3.545005410837392401e-01 2.659410859026520302e-01 4.590730029716127980e-01 2.195479724307772273e-01 4.253129454528526421e-01 3.160749816198751838e-01 0.000000000000000000e+00 3.334447746478831354e-01 4.403942679897072665e-01 3.665347704760539838e-01 4.359930073501489534e-01 4.133218530444013328e-01 5.033492252960692914e-01 0.000000000000000000e+00 0.000000000000000000e+00 4.022754122399936350e-01 5.150271235693163474e-01 0.000000000000000000e+00 0.000000000000000000e+00 4.493252169811320917e-01 4.967041809523808915e-01 4.277913388905050240e-01 0.000000000000000000e+00 4.337405736983795945e-01 5.088482158273381906e-01 0.000000000000000000e+00 0.000000000000000000e+00 4.299371644464202724e-01 4.344863880597014671e-01 4.181637309267516867e-01 5.231810749999999954e-01 4.243907210735314850e-01 0.000000000000000000e+00 3.928664880719107688e-01 0.000000000000000000e+00 4.045687474565631270e-01 4.805982374842460159e-01 4.264683685666422197e-01 4.743297234969325871e-01 4.048665468712105420e-01 0.000000000000000000e+00 3.613133893805308694e-01 0.000000000000000000e+00 4.019774584350322422e-01 4.715605486725664153e-01 4.343742648053703359e-01 0.000000000000000000e+00 3.745398364865498708e-01 0.000000000000000000e+00 3.667639196752345843e-01 5.079441918852362070e-01 3.516629509314423419e-01 4.304387577620258365e-01 2.945765459722222701e-01 0.000000000000000000e+00 3.857081389078151901e-01 4.342189735241629989e-01 3.437047358490566418e-01 0.000000000000000000e+00 3.907461465975523573e-01 0.000000000000000000e+00 0.000000000000000000e+00 0.000000000000000000e+00 3.872114452872298385e-01 4.527784370232647015e-01 4.019839662162162375e-01 0.000000000000000000e+00 3.843808190514556578e-01 0.000000000000000000e+00 4.111111930700669936e-01 3.941118403361343892e-01 4.106255250883165120e-01 4.116926804231091919e-01 4.256781550931309499e-01 4.719937924528301854e-01 4.155377062616031902e-01 0.000000000000000000e+00 4.226024054071177982e-01 4.613184113475177206e-01 0.000000000000000000e+00 0.000000000000000000e+00 3.870936175267234991e-01 3.875373360655737787e-01 4.218132628987716903e-01 3.822596198347107399e-01 4.079906717397573934e-01 0.000000000000000000e+00 0.000000000000000000e+00 0.000000000000000000e+00 0.000000000000000000e+00 0.000000000000000000e+00 0.000000000000000000e+00 0.000000000000000000e+00 4.164825540310140295e-01 4.268314747239899676e-01
4.978314954103418843e-01 3.267914103016547611e-01 4.747470287322585469e-01 2.586205148146617505e-01 3.492394578313253728e-01 2.386338908162702055e-01 4.573174223449827935e-01 2.975743612855209497e-01 4.514555364638181412e-01 2.711124410685734065e-01 4.776281900183293461e-01 3.729225953301820717e-01 4.553430022188047488e-01 3.423629464482105256e-01 4.616420952380952958e-01 3.275099760200904653e-01 0.000000000000000000e+00 4.023635616678424287e-01 5.029533689214945591e-01 2.830123251781358484e-01 0.000000000000000000e+00 3.660755081967213553e-01 4.578751516196445936e-01 2.563609329023364136e-01 4.529317661001788231e-01 3.268114084204069014e-01 0.000000000000000000e+00 3.203388899371069076e-01 4.557685422355337579e-01 3.611091878468963845e-01 4.099191489833240443e-01 3.563521588712220134e-01 4.987811932539011894e-01 4.205440972723122339e-01 0.000000000000000000e+00 4.088973653846154077e-01 3.833557111111109972e-01 4.626848507990004022e-01 0.000000000000000000e+00 4.744346164934539201e-01 0.000000000000000000e+00 3.958526377917773176e-01 0.000000000000000000e+00 0.000000000000000000e+00 0.000000000000000000e+00 4.580479668046646968e-01 0.000000000000000000e+00 0.000000000000000000e+00 0.000000000000000000e+00 4.455437977338153055e-01 4.700362132352940980e-01 4.317438024530521057e-01 0.000000000000000000e+00 0.000000000000000000e+00 4.552261188811188020e-01 4.115972406176122700e-01 4.838653358081860811e-01 4.171793245718730114e-01 4.787658679759213554e-01 4.406065907948106264e-01 0.000000000000000000e+00 4.171019889520472534e-01 0.000000000000000000e+00 3.947919157881612517e-01 4.616815634920634071e-01 4.169357617146687289e-01 0.000000000000000000e+00 4.492143248906035335e-01 5.134556077167592436e-01 3.917864483932711472e-01 4.664249642303782695e-01 3.817042102492465561e-01 4.388583270357131472e-01 3.643942542296600973e-01 0.000000000000000000e+00 3.816994574074073499e-01 4.521631532085313987e-01 3.947121292659793723e-01 0.000000000000000000e+00 0.000000000000000000e+00 0.000000000000000000e+00 4.139650899416541519e-01 0.000000000000000000e+00 0.000000000000000000e+00 4.428283732394366345e-01 3.954942138189173617e-01 0.000000000000000000e+00 0.000000000000000000e+00 0.000000000000000000e+00 4.048729485981308329e-01 3.893025555555555406e-01 4.240892150843808550e-01 4.543870447487671771e-01 4.042598202375777272e-01 4.406891193427573405e-01 3.898187142964181784e-01 0.000000000000000000e+00 4.120537218750000008e-01 3.918780144727773140e-01 4.342732952707856753e-01 0.000000000000000000e+00 4.306532950819672578e-01 0.000000000000000000e+00 4.196893311359136125e-01 0.000000000000000000e+00 4.439456089652161763e-01 0.000000000000000000e+00 0.000000000000000000e+00 3.671170737788231886e-01 0.000000000000000000e+00 4.226788263219010133e-01 0.000000000000000000e+00 3.678921057692307595e-01 0.000000000000000000e+00 4.307726219258743439e-01 4.186301775700934646e-01
0.000000000000000000e+00 0.000000000000000000e+00 2.035135320923928681e-01 3.492394578313253728e-01 2.121294447001695616e-01 3.839633988163735356e-01 2.852681093956618841e-01 4.414590714540498895e-01 2.519612804812049744e-01 3.964605051389638590e-01 3.665944583333333173e-01 0.000000000000000000e+00 3.208100849723937165e-01 4.275020102040816838e-01 2.727385844481788890e-01 3.856185153688524991e-01 0.000000000000000000e+00 0.000000000000000000e+00 3.642566313499122632e-01 0.000000000000000000e+00 3.508475056880854814e-01 3.835025822823699970e-01 2.185805664147665306e-01 4.263215333409244856e-01 1.540171949396946516e-01 3.764915655511426040e-01 2.775896490493558466e-01 4.569746696859903201e-01 3.193817411671364681e-01 0.000000000000000000e+00 3.245291336664526960e-01 3.854525792605686396e-01 0.000000000000000000e+00 0.000000000000000000e+00 0.000000000000000000e+00 0.000000000000000000e+00 0.000000000000000000e+00 0.000000000000000000e+00 0.000000000000000000e+00 0.000000000000000000e+00 0.000000000000000000e+00 0.000000000000000000e+00 0.000000000000000000e+00 0.000000000000000000e+00 0.000000000000000000e+00 0.000000000000000000e+00 0.000000000000000000e+00 0.000000000000000000e+00 0.000000000000000000e+00 0.000000000000000000e+00 0.000000000000000000e+00 0.000000000000000000e+00 0.000000000000000000e+00 0.000000000000000000e+00 0.000000000000000000e+00 0.000000000000000000e+00 0.000000000000000000e+00 0.000000000000000000e+00 0.000000000000000000e+00 0.000000000000000000e+00 0.000000000000000000e+00 0.000000000000000000e+00 0.000000000000000000e+00 0.000000000000000000e+00 0.000000000000000000e+00 0.000000000000000000e+00 0.000000000000000000e+00 0.000000000000000000e+00 0.000000000000000000e+00 0.000000000000000000e+00 3.470865476700332186e-01 4.609367842131676385e-01 3.335659449977016466e-01 3.741728452380952419e-01 0.000000000000000000e+00 0.000000000000000000e+00 3.499194115141623374e-01 3.787035037593984854e-01 0.000000000000000000e+00 0.000000000000000000e+00 0.000000000000000000e+00 0.000000000000000000e+00 0.000000000000000000e+00 0.000000000000000000e+00 3.688396976744185984e-01 0.000000000000000000e+00 0.000000000000000000e+00 0.000000000000000000e+00 0.000000000000000000e+00 0.000000000000000000e+00 0.000000000000000000e+00 0.000000000000000000e+00 0.000000000000000000e+00 0.000000000000000000e+00 0.000000000000000000e+00 0.000000000000000000e+00 0.000000000000000000e+00 0.000000000000000000e+00 0.000000000000000000e+00 0.000000000000000000e+00 0.000000000000000000e+00 0.000000000000000000e+00 0.000000000000000000e+00 0.000000000000000000e+00 0.000000000000000000e+00 0.000000000000000000e+00 0.000000000000000000e+00 0.000000000000000000e+00 0.000000000000000000e+00 0.000000000000000000e+00 0.000000000000000000e+00 0.000000000000000000e+00 0.000000000000000000e+00 0.000000000000000000e+00 0.000000000000000000e+00 0.000000000000000000e+00
0.000000000000000000e+00 0.000000000000000000e+00 4.209104418438477935e-01 2.386338908162702055e-01 3.839633988163735356e-01 2.015754421124525686e-01 4.393798855497896838e-01 2.768434705379705374e-01 4.340624620079446272e-01 2.402257851779540376e-01 0.000000000000000000e+00 3.018946880570410052e-01 4.572523071997585675e-01 3.162517134920634909e-01 4.903451992526859926e-01 2.957683120244765096e-01 0.000000000000000000e+00 0.000000000000000000e+00 4.140438559322033862e-01 3.681275223880596803e-01 4.674603476667912871e-01 3.372262069711945975e-01 4.247275895794755951e-01 2.530326917874241577e-01 4.226507044275693570e-01 2.068181414121498252e-01 3.647682500000000161e-01 1.868749354576232369e-01 0.000000000000000000e+00 3.289694975968389112e-01 3.973761436701823690e-01 3.576169319958928949e-01 0.000000000000000000e+00 4.057344432294179293e-01 0.000000000000000000e+00 5.140314711538460646e-01 0.000000000000000000e+00 0.000000000000000000e+00 0.000000000000000000e+00 0.000000000000000000e+00 0.000000000000000000e+00 0.000000000000000000e+00 0.000000000000000000e+00 0.000000000000000000e+00 0.000000000000000000e+00 0.000000000000000000e+00 0.000000000000000000e+00 0.000000000000000000e+00 0.000000000000000000e+00 0.000000000000000000e+00 0.000000000000000000e+00 0.000000000000000000e+00 0.000000000000000000e+00 4.684888028985507158e-01 0.000000000000000000e+00 4.518613382352941188e-01 0.000000000000000000e+00 0.000000000000000000e+00 0.000000000000000000e+00 0.000000000000000000e+00 0.000000000000000000e+00 0.000000000000000000e+00 0.000000000000000000e+00 0.000000000000000000e+00 0.000000000000000000e+00 3.500177723577235778e-01 0.000000000000000000e+00 4.461333571428571787e-01 0.000000000000000000e+00 3.998280962962962870e-01 4.762303476313077266e-01 3.617315048602771088e-01 4.591826111111110276e-01 3.278850313338344535e-01 0.000000000000000000e+00 0.000000000000000000e+00 0.000000000000000000e+00 3.488778552910850039e-01 0.000000000000000000e+00 0.000000000000000000e+00 0.000000000000000000e+00 3.700403589743589405e-01 0.000000000000000000e+00 0.000000000000000000e+00 0.000000000000000000e+00 0.000000000000000000e+00 0.000000000000000000e+00 0.000000000000000000e+00 0.000000000000000000e+00 0.000000000000000000e+00 0.000000000000000000e+00 0.000000000000000000e+00 0.000000000000000000e+00 0.000000000000000000e+00 0.000000000000000000e+00 0.000000000000000000e+00 0.000000000000000000e+00 0.000000000000000000e+00 0.000000000000000000e+00 0.000000000000000000e+00 0.000000000000000000e+00 0.000000000000000000e+00 0.000000000000000000e+00 0.000000000000000000e+00 0.000000000000000000e+00 0.000000000000000000e+00 0.000000000000000000e+00 0.000000000000000000e+00 0.000000000000000000e+00 0.000000000000000000e+00 0.000000000000000000e+00 0.000000000000000000e+00 0.000000000000000000e+00 0.000000000000000000e+00 0.000000000000000000e+00 0.000000000000000000e+00
3.152542108614580507e-01 4.895960599447914952e-01 3.059479023421637356e-01 4.573174223449827935e-01 2.852681093956618841e-01 4.393798855497896838e-01 2.631048341403648405e-01 4.549174690588335124e-01 2.608717355091301759e-01 3.756363586718395320e-01 3.279793358997401542e-01 4.660001836578515633e-01 3.154307405438899758e-01 4.353872518960327787e-01 3.364627882702786454e-01 4.135540352329674652e-01 3.756596190449453254e-01 4.953068051969855001e-01 3.724380935834703532e-01 4.941199983949341457e-01 0.000000000000000000e+00 0.000000000000000000e+00 3.284737186556198063e-01 4.485329501918459139e-01 3.058367012974773091e-01 3.923852790423280612e-01 3.036087494631988792e-01 0.000000000000000000e+00 3.242012042072469624e-01 4.536895864733008765e-01 3.511703195620361484e-01 4.419009765778425525e-01 3.961863733896064388e-01 4.915858246094427231e-01 4.547961558098591039e-01 4.697778902439023740e-01 4.122087478983259556e-01 4.840369630410858437e-01 0.000000000000000000e+00 0.000000000000000000e+00 0.000000000000000000e+00 4.294726633663366600e-01 4.729992299999999927e-01 0.000000000000000000e+00 4.295056494462901608e-01 0.000000000000000000e+00 3.932878740157479958e-01 0.000000000000000000e+00 4.056043372013690695e-01 4.140986647727272763e-01 3.895865045015685646e-01 4.683769396541753727e-01 4.043931048387096050e-01 0.000000000000000000e+00 3.956000183839456508e-01 0.000000000000000000e+00 3.834246245903627504e-01 4.979214658088234602e-01 4.064908862517422339e-01 0.000000000000000000e+00 3.982561047562086509e-01 0.000000000000000000e+00 3.877836132006338143e-01 0.000000000000000000e+00 3.935072349081876752e-01 0.000000000000000000e+00 4.403571379707170719e-01 4.918281623931623492e-01 4.124290148202648942e-01 0.000000000000000000e+00 3.427899779857259133e-01 5.080411983260544329e-01 3.413252029826835399e-01 4.273200535323360971e-01 0.000000000000000000e+00 3.853759884090908749e-01 3.687101347042643362e-01 4.420907757020672846e-01 0.000000000000000000e+00 0.000000000000000000e+00 4.001352425754842179e-01 0.000000000000000000e+00 3.589795036496350455e-01 0.000000000000000000e+00 3.991688254647636214e-01 4.008759389473684487e-01 4.082772906208366748e-01 0.000000000000000000e+00 3.932563482431953861e-01 0.000000000000000000e+00 4.254522268907562355e-01 0.000000000000000000e+00 0.000000000000000000e+00 0.000000000000000000e+00 4.236106046910141365e-01 4.960121922952017148e-01 0.000000000000000000e+00 0.000000000000000000e+00 0.000000000000000000e+00 4.381483235703383938e-01 0.000000000000000000e+00 0.000000000000000000e+00 0.000000000000000000e+00 4.634203270440251377e-01 0.000000000000000000e+00 0.000000000000000000e+00 4.463226333333333851e-01 0.000000000000000000e+00 0.000000000000000000e+00 0.000000000000000000e+00 0.000000000000000000e+00 0.000000000000000000e+00 4.926707006802721334e-01 4.415508602941176086e-01 0.000000000000000000e+00 0.000000000000000000e+00
4.824852029024068178e-01 3.315677747408444231e-01 4.567752446867904825e-01 2.975743612855209497e-01 4.414590714540498895e-01 2.768434705379705374e-01 4.549174690588335124e-01 2.477902378953160401e-01 4.351297734132432704e-01 2.418145721409081239e-01 4.702266755331938053e-01 3.191963824455572585e-01 4.485585480932949287e-01 2.542288423430309474e-01 4.590458236568780159e-01 2.884663678840682088e-01 4.681033522676629754e-01 3.871427854921203338e-01 4.777131429682563435e-01 3.810307742687026877e-01 3.391686263736263252e-01 0.000000000000000000e+00 4.412480350680767494e-01 3.547882517775969857e-01 3.920879802757848975e-01 3.437613215741379125e-01 4.124900568181818494e-01 0.000000000000000000e+00 4.391031712949637900e-01 3.307775567577634357e-01 3.930512531740185111e-01 3.403505598920649189e-01 4.853289066988920597e-01 3.674487706475824123e-01 4.631806941558441193e-01 0.000000000000000000e+00 5.073994898989899749e-01 4.561310760113416185e-01 0.000000000000000000e+00 0.000000000000000000e+00 0.000000000000000000e+00 3.712203137254901919e-01 0.000000000000000000e+00 0.000000000000000000e+00 0.000000000000000000e+00 4.176805264492753356e-01 0.000000000000000000e+00 0.000000000000000000e+00 0.000000000000000000e+00 4.021862150353682219e-01 0.000000000000000000e+00 3.974590530304125124e-01 0.000000000000000000e+00 4.120898181818181683e-01 0.000000000000000000e+00 3.594178418462446456e-01 4.607047109392418682e-01 3.857968129017058101e-01 4.785418066251816982e-01 4.033014838434812455e-01 4.422235528455284448e-01 3.787281125032896933e-01 0.000000000000000000e+00 3.876455326375333743e-01 4.762804864864864096e-01 3.901505326614077562e-01 4.762600453848925830e-01 4.275108308702778581e-01 0.000000000000000000e+00 0.000000000000000000e+00 4.916008118142995986e-01 3.396132441945782787e-01 4.280456324921692035e-01 3.429374192758823381e-01 0.000000000000000000e+00 3.654317114164905012e-01 4.377630472729110434e-01 3.689701590296526335e-01 0.000000000000000000e+00 0.000000000000000000e+00 4.414952426470588054e-01 4.038402484612927390e-01 0.000000000000000000e+00 0.000000000000000000e+00 0.000000000000000000e+00 3.831260508466793335e-01 0.000000000000000000e+00 0.000000000000000000e+00 4.368632554238474075e-01 3.922770054803048079e-01 0.000000000000000000e+00 3.964667431192660518e-01 3.920224968944099331e-01 0.000000000000000000e+00 4.599994548802017746e-01 4.145616759169101218e-01 0.000000000000000000e+00 0.000000000000000000e+00 0.000000000000000000e+00 0.000000000000000000e+00 0.000000000000000000e+00 0.000000000000000000e+00 0.000000000000000000e+00 0.000000000000000000e+00 0.000000000000000000e+00 0.000000000000000000e+00 0.000000000000000000e+00 0.000000000000000000e+00 0.000000000000000000e+00 0.000000000000000000e+00 3.930635384615384087e-01 0.000000000000000000e+00 0.000000000000000000e+00 0.000000000000000000e+00 0.000000000000000000e+00 0.000000000000000000e+00
3.600693674790769183e-01 0.000000000000000000e+00 2.649100735018845576e-01 4.514555364638181412e-01 2.519612804812049744e-01 4.340624620079446272e-01 2.608717355091301759e-01 4.351297734132432704e-01 2.671141985894885384e-01 4.518410601894894962e-01 3.274075416666666349e-01 0.000000000000000000e+00 3.280613617204338195e-01 3.974460360707804396e-01 3.140696418088127495e-01 4.018484755435444700e-01 0.000000000000000000e+00 0.000000000000000000e+00 0.000000000000000000e+00 4.218609759802189885e-01 3.237497585810485967e-01 3.794173316596195500e-01 3.235388800336467807e-01 4.713984106548577691e-01 3.085073589866644261e-01 4.264526865686597557e-01 2.947236011018518065e-01 4.347518059701492854e-01 3.316988041599084336e-01 4.014912020097021195e-01 3.330469424135493184e-01 4.261575297043095900e-01 3.591583015873016094e-01 4.584890594059405355e-01 4.558613577981651122e-01 0.000000000000000000e+00 0.000000000000000000e+00 0.000000000000000000e+00 0.000000000000000000e+00 0.000000000000000000e+00 0.000000000000000000e+00 0.000000000000000000e+00 0.000000000000000000e+00 0.000000000000000000e+00 0.000000000000000000e+00 0.000000000000000000e+00 0.000000000000000000e+00 0.000000000000000000e+00 0.000000000000000000e+00 0.000000000000000000e+00 0.000000000000000000e+00 0.000000000000000000e+00 0.000000000000000000e+00 0.000000000000000000e+00 0.000000000000000000e+00 0.000000000000000000e+00 0.000000000000000000e+00 0.000000000000000000e+00 3.557533199999999840e-01 0.000000000000000000e+00 0.000000000000000000e+00 0.000000000000000000e+00 0.000000000000000000e+00 0.000000000000000000e+00 0.000000000000000000e+00 0.000000000000000000e+00 4.253649056603773793e-01 4.648253437348814909e-01 0.000000000000000000e+00 0.000000000000000000e+00 3.185903496437867410e-01 4.723150241051016773e-01 3.247422362386964134e-01 4.225810347535052247e-01 2.945821121794871544e-01 0.000000000000000000e+00 3.432848894446538512e-01 4.216125523809524100e-01 0.000000000000000000e+00 0.000000000000000000e+00 3.668369582228117043e-01 0.000000000000000000e+00 0.000000000000000000e+00 0.000000000000000000e+00 3.935881186440677304e-01 0.000000000000000000e+00 0.000000000000000000e+00 0.000000000000000000e+00 3.923372362204723962e-01 0.000000000000000000e+00 0.000000000000000000e+00 0.000000000000000000e+00 0.000000000000000000e+00 0.000000000000000000e+00 0.000000000000000000e+00 0.000000000000000000e+00 0.000000000000000000e+00 0.000000000000000000e+00 0.000000000000000000e+00 0.000000000000000000e+00 0.000000000000000000e+00 0.000000000000000000e+00 0.000000000000000000e+00 0.000000000000000000e+00 0.000000000000000000e+00 0.000000000000000000e+00 0.000000000000000000e+00 0.000000000000000000e+00 0.000000000000000000e+00 0.000000000000000000e+00 0.000000000000000000e+00 0.000000000000000000e+00 0.000000000000000000e+00 0.000000000000000000e+00 0.000000000000000000e+00 0.000000000000000000e+00
0.000000000000000000e+00 3.217269589470935776e-01 4.334511728225478033e-01 2.711124410685734065e-01 3.964605051389638590e-01 2.402257851779540376e-01 3.756363586718395320e-01 2.418145721409081239e-01 4.518410601894894962e-01 2.204193480954326489e-01 0.000000000000000000e+00 3.251258830933288491e-01 4.061040945945945668e-01 3.003975441053997053e-01 4.352496342110697691e-01 2.767968422841908804e-01 0.000000000000000000e+00 0.000000000000000000e+00 0.000000000000000000e+00 3.368465505603925325e-01 5.080326363636363807e-01 3.528544948546834537e-01 4.256080068097761182e-01 3.115025772386653680e-01 4.273360821057301528e-01 2.199854537871464566e-01 0.000000000000000000e+00 2.314781609258539374e-01 4.097757199999999544e-01 3.250402088875343765e-01 3.536191135618206860e-01 3.550415465006915294e-01 0.000000000000000000e+00 5.019144474716651372e-01 0.000000000000000000e+00 0.000000000000000000e+00 0.000000000000000000e+00 0.000000000000000000e+00 0.000000000000000000e+00 0.000000000000000000e+00 0.000000000000000000e+00 0.000000000000000000e+00 0.000000000000000000e+00 0.000000000000000000e+00 0.000000000000000000e+00 0.000000000000000000e+00 0.000000000000000000e+00 0.000000000000000000e+00 0.000000000000000000e+00 0.000000000000000000e+00 0.000000000000000000e+00 3.530391479685039968e-01 0.000000000000000000e+00 0.000000000000000000e+00 0.000000000000000000e+00 0.000000000000000000e+00 0.000000000000000000e+00 0.000000000000000000e+00 0.000000000000000000e+00 0.000000000000000000e+00 0.000000000000000000e+00 3.047167702518720489e-01 0.000000000000000000e+00 3.612133414760915207e-01 0.000000000000000000e+00 3.340915257941614036e-01 0.000000000000000000e+00 0.000000000000000000e+00 0.000000000000000000e+00 3.983833928571428040e-01 5.033166058764358963e-01 3.212893916811444539e-01 3.997212767914137266e-01 3.296056329234739457e-01 0.000000000000000000e+00 3.156474999999999698e-01 4.212410440705127712e-01 3.355078129834063172e-01 0.000000000000000000e+00 0.000000000000000000e+00 0.000000000000000000e+00 3.590506389180672664e-01 0.000000000000000000e+00 0.000000000000000000e+00 0.000000000000000000e+00 3.441587667737341927e-01 0.000000000000000000e+00 0.000000000000000000e+00 0.000000000000000000e+00 3.645875276370552642e-01 0.000000000000000000e+00 0.000000000000000000e+00 0.000000000000000000e+00 0.000000000000000000e+00 4.106802470588234999e-01 3.768930806926407140e-01 0.000000000000000000e+00 0.000000000000000000e+00 0.000000000000000000e+00 0.000000000000000000e+00 0.000000000000000000e+00 0.000000000000000000e+00 0.000000000000000000e+00 3.506066324786324406e-01 0.000000000000000000e+00 0.000000000000000000e+00 0.000000000000000000e+00 0.000000000000000000e+00 0.000000000000000000e+00 0.000000000000000000e+00 0.000000000000000000e+00 0.000000000000000000e+00 0.000000000000000000e+00 0.000000000000000000e+00 0.000000000000000000e+00 0.000000000000000000e+00
2.990930978329872092e-01 4.691996783158370876e-01 3.784741674223689456e-01 4.776281900183293461e-01 3.665944583333333173e-01 0.000000000000000000e+00 3.279793358997401542e-01 4.702266755331938053e-01 3.274075416666666349e-01 0.000000000000000000e+00 2.925317483757360892e-01 4.463739143601387904e-01 3.036973810197172163e-01 4.688199864346395684e-01 3.742269184997306097e-01 0.000000000000000000e+00 3.391550780531035203e-01 4.408392470588234358e-01 3.892761920993806357e-01 4.878851815484557819e-01 0.000000000000000000e+00 0.000000000000000000e+00 3.736302904170641370e-01 4.756175580057003249e-01 2.637834918032786469e-01 0.000000000000000000e+00 2.983751000000000597e-01 0.000000000000000000e+00 3.720253472845017062e-01 4.215782756939854270e-01 3.915033462074170578e-01 4.140769582407361482e-01 3.889016766322593299e-01 4.792734239572374322e-01 0.000000000000000000e+00 0.000000000000000000e+00 4.538720810810810136e-01 0.000000000000000000e+00 0.000000000000000000e+00 0.000000000000000000e+00 0.000000000000000000e+00 0.000000000000000000e+00 4.590682049317358349e-01 0.000000000000000000e+00 0.000000000000000000e+00 0.000000000000000000e+00 4.424950521739131060e-01 0.000000000000000000e+00 4.202590920571245836e-01 0.000000000000000000e+00 4.122260343278698058e-01 0.000000000000000000e+00 3.925550000000000428e-01 0.000000000000000000e+00 4.289164131567964056e-01 0.000000000000000000e+00 3.782097820979313796e-01 0.000000000000000000e+00 4.151090879049577076e-01 0.000000000000000000e+00 4.021897406511824591e-01 0.000000000000000000e+00 4.070999983401765165e-01 0.000000000000000000e+00 4.209723634632193123e-01 0.000000000000000000e+00 4.436918616172462748e-01 0.000000000000000000e+00 3.952938309523809091e-01 0.000000000000000000e+00 3.654500537680248073e-01 5.166233528442507605e-01 3.884461984235266230e-01 4.557207916134139447e-01 0.000000000000000000e+00 0.000000000000000000e+00 4.044100653761470987e-01 4.251529336814917071e-01 3.606297358490564986e-01 0.000000000000000000e+00 4.051597788506814957e-01 0.000000000000000000e+00 0.000000000000000000e+00 0.000000000000000000e+00 4.193671665812896965e-01 0.000000000000000000e+00 0.000000000000000000e+00 0.000000000000000000e+00 4.193976408215058793e-01 0.000000000000000000e+00 0.000000000000000000e+00 0.000000000000000000e+00 0.000000000000000000e+00 0.000000000000000000e+00 0.000000000000000000e+00 0.000000000000000000e+00 0.000000000000000000e+00 0.000000000000000000e+00 0.000000000000000000e+00 4.567545725190839123e-01 0.000000000000000000e+00 0.000000000000000000e+00 0.000000000000000000e+00 0.000000000000000000e+00 0.000000000000000000e+00 0.000000000000000000e+00 0.000000000000000000e+00 0.000000000000000000e+00 0.000000000000000000e+00 0.000000000000000000e+00 4.113895724137930920e-01 0.000000000000000000e+00 0.000000000000000000e+00 0.000000000000000000e+00 0.000000000000000000e+00 0.000000000000000000e+00
4.727803354263079849e-01 3.089695259218461776e-01 4.507892575933827306e-01 3.729225953301820717e-01 0.000000000000000000e+00 3.018946880570410052e-01 4.660001836578515633e-01 3.191963824455572585e-01 0.000000000000000000e+00 3.251258830933288491e-01 4.463739143601387904e-01 2.842895173693780198e-01 4.482098184719232603e-01 2.790624126630593671e-01 0.000000000000000000e+00 3.610135141995287067e-01 4.561121280818300483e-01 3.590958483563495007e-01 4.655080385247394315e-01 3.977773367405183502e-01 0.000000000000000000e+00 0.000000000000000000e+00 4.473512079360000837e-01 4.034065060803279090e-01 0.000000000000000000e+00 3.526325494496223567e-01 0.000000000000000000e+00 0.000000000000000000e+00 4.736604994723074280e-01 4.019789663144647252e-01 3.952733039264054171e-01 3.975851988405592619e-01 4.655662825084047052e-01 3.893586547422621114e-01 0.000000000000000000e+00 0.000000000000000000e+00 0.000000000000000000e+00 4.619583753584442509e-01 0.000000000000000000e+00 4.026416874999999562e-01 0.000000000000000000e+00 0.000000000000000000e+00 0.000000000000000000e+00 0.000000000000000000e+00 0.000000000000000000e+00 4.118425399960330968e-01 0.000000000000000000e+00 4.564898888268156263e-01 0.000000000000000000e+00 4.139836112468152085e-01 0.000000000000000000e+00 4.205838985098739324e-01 0.000000000000000000e+00 0.000000000000000000e+00 0.000000000000000000e+00 4.065729307545698501e-01 0.000000000000000000e+00 3.687612442662956402e-01 0.000000000000000000e+00 4.079534665731695542e-01 0.000000000000000000e+00 4.064128550017236940e-01 0.000000000000000000e+00 4.150675575444752186e-01 0.000000000000000000e+00 4.032926423018182160e-01 4.240952416666666780e-01 4.347847711207771804e-01 0.000000000000000000e+00 4.125166562979494800e-01 5.121773772220779009e-01 3.530645467229840961e-01 4.556068513338313308e-01 3.588113336943101195e-01 0.000000000000000000e+00 0.000000000000000000e+00 4.464631512144267567e-01 4.006311808484017689e-01 0.000000000000000000e+00 3.968443536585365972e-01 4.382573655172414262e-01 4.293666613619142036e-01 0.000000000000000000e+00 0.000000000000000000e+00 0.000000000000000000e+00 4.224147210668473540e-01 0.000000000000000000e+00 4.098747710534916822e-01 0.000000000000000000e+00 4.281447609007487110e-01 0.000000000000000000e+00 0.000000000000000000e+00 0.000000000000000000e+00 0.000000000000000000e+00 0.000000000000000000e+00 0.000000000000000000e+00 0.000000000000000000e+00 0.000000000000000000e+00 0.000000000000000000e+00 0.000000000000000000e+00 0.000000000000000000e+00 0.000000000000000000e+00 0.000000000000000000e+00 0.000000000000000000e+00 0.000000000000000000e+00 0.000000000000000000e+00 0.000000000000000000e+00 0.000000000000000000e+00 0.000000000000000000e+00 0.000000000000000000e+00 0.000000000000000000e+00 0.000000000000000000e+00 0.000000000000000000e+00 0.000000000000000000e+00 0.000000000000000000e+00 0.000000000000000000e+00
3.665341680710948458e-01 0.000000000000000000e+00 3.539605586833075024e-01 4.553430022188047488e-01 3.208100849723937165e-01 4.572523071997585675e-01 3.154307405438899758e-01 4.485585480932949287e-01 3.280613617204338195e-01 4.061040945945945668e-01 3.036973810197172163e-01 4.482098184719232603e-01 2.884625506302037623e-01 4.356510998315203942e-01 2.919126576801766570e-01 4.242172423270114678e-01 3.919285986235088171e-01 0.000000000000000000e+00 3.887404721534765684e-01 4.794986999610090783e-01 0.000000000000000000e+00 0.000000000000000000e+00 3.577416306226678389e-01 4.298842284875933895e-01 3.328501113301714498e-01 4.310959950764255422e-01 3.118264144547489569e-01 0.000000000000000000e+00 3.892141955524225927e-01 4.135857649196674202e-01 3.456879712752053968e-01 4.491193720256230759e-01 3.656686734033686714e-01 4.535615299816839197e-01 4.228709596681096694e-01 0.000000000000000000e+00 4.176533682376994960e-01 5.144710000000000116e-01 0.000000000000000000e+00 0.000000000000000000e+00 4.112581679929266376e-01 0.000000000000000000e+00 0.000000000000000000e+00 0.000000000000000000e+00 0.000000000000000000e+00 0.000000000000000000e+00 4.469858205128204864e-01 0.000000000000000000e+00 0.000000000000000000e+00 0.000000000000000000e+00 3.955684577042413164e-01 4.282421538461537724e-01 0.000000000000000000e+00 0.000000000000000000e+00 3.991919325118771233e-01 0.000000000000000000e+00 3.990423114156581574e-01 5.019168968253968632e-01 4.057913310518142525e-01 0.000000000000000000e+00 4.133384311392627741e-01 0.000000000000000000e+00 4.135343671927756981e-01 0.000000000000000000e+00 4.167931937541929366e-01 0.000000000000000000e+00 4.485548233901514581e-01 4.884714880092334566e-01 4.134132446095131752e-01 5.171615277777777964e-01 3.339975628017780029e-01 4.955813484006346137e-01 3.619443453947522316e-01 4.127272856263369816e-01 0.000000000000000000e+00 3.599930259740260485e-01 3.743404039500811686e-01 4.207527224591735560e-01 3.865530011347402262e-01 0.000000000000000000e+00 3.992365686234690125e-01 0.000000000000000000e+00 0.000000000000000000e+00 0.000000000000000000e+00 4.087963205382049159e-01 0.000000000000000000e+00 3.886124023090031798e-01 0.000000000000000000e+00 4.111255539072984910e-01 0.000000000000000000e+00 0.000000000000000000e+00 0.000000000000000000e+00 0.000000000000000000e+00 0.000000000000000000e+00 4.293648132754342428e-01 4.580559337928153951e-01 0.000000000000000000e+00 0.000000000000000000e+00 0.000000000000000000e+00 0.000000000000000000e+00 4.471244444444444355e-01 0.000000000000000000e+00 0.000000000000000000e+00 0.000000000000000000e+00 0.000000000000000000e+00 4.378630597014925296e-01 0.000000000000000000e+00 0.000000000000000000e+00 0.000000000000000000e+00 0.000000000000000000e+00 4.342047405063291232e-01 0.000000000000000000e+00 0.000000000000000000e+00 0.000000000000000000e+00 0.000000000000000000e+00 4.649943761363635741e-01
