0.000000000000000000e+00 2.629953225664107344e-02 3.452233798340102744e-02 2.262443438914027351e-03 6.106870229007633740e-04 0.000000000000000000e+00 9.838094255955449896e-02 2.559508574353724138e-03 1.166861143523920553e-03 0.000000000000000000e+00 2.592755214050493917e-01 1.897533206831119581e-03 3.809983120327947725e-02 1.325732467188121344e-04 1.108647450110864744e-03 0.000000000000000000e+00 7.244815513062213830e-02 2.827354656299699721e-03 5.674603174603174566e-02 2.910276536650163032e-02 5.906674542232722910e-04 0.000000000000000000e+00 2.223320158102766973e-03 1.680107526881720564e-04 0.000000000000000000e+00 0.000000000000000000e+00 0.000000000000000000e+00 0.000000000000000000e+00 4.909045601794168739e-02 5.819874872690236969e-04 1.245330012453300115e-03 0.000000000000000000e+00 3.495915425276309441e-02 2.454226723802103646e-02 3.018412315122245512e-04 0.000000000000000000e+00 8.460508701472556348e-02 1.838235294117647033e-04 1.353383458646616536e-02 0.000000000000000000e+00 1.328021248339973344e-03 0.000000000000000000e+00 0.000000000000000000e+00 0.000000000000000000e+00 5.304101838755304011e-04 1.464128843338213749e-04 8.403361344537815629e-04 0.000000000000000000e+00 2.408477842003853536e-04 1.536098310291858678e-04 6.437167646235656716e-03 0.000000000000000000e+00 4.342162396873643212e-04 1.905124785673461738e-04 1.585623678646934419e-03 0.000000000000000000e+00 2.133728890917389320e-01 1.987906899693530835e-03 3.176115610608225975e-02 5.157962604771115659e-04 6.321839080459770721e-02 0.000000000000000000e+00 1.169210782721662872e-02 2.962085308056872264e-04 2.643553629469122535e-02 2.610625244746116918e-04 1.137692716640084992e-02 1.214476560602380413e-04 3.127064523232768456e-02 6.892590465249856524e-03 5.142383190489355910e-02 1.257422284317149912e-03 3.011363636363636326e-02 7.550018875047187408e-04 3.472222222222222029e-03 0.000000000000000000e+00 7.916209962245768228e-02 1.879478444731587025e-03 0.000000000000000000e+00 0.000000000000000000e+00 4.303058244966958407e-03 0.000000000000000000e+00 0.000000000000000000e+00 0.000000000000000000e+00 2.131219726992514274e-02 0.000000000000000000e+00 0.000000000000000000e+00 0.000000000000000000e+00 1.459594161623353585e-02 1.152339248674809802e-04 7.867820613690007861e-03 1.056524035921817262e-03 3.005259203606311207e-03 0.000000000000000000e+00 3.932993445010925238e-02 2.812939521800281346e-03 4.040404040404040401e-03 0.000000000000000000e+00 8.650519031141869208e-03 0.000000000000000000e+00 8.032128514056225245e-04 0.000000000000000000e+00 5.567928730512249199e-04 0.000000000000000000e+00 8.364001338240214731e-03 0.000000000000000000e+00 8.291873963515754764e-04 0.000000000000000000e+00 0.000000000000000000e+00 0.000000000000000000e+00 3.316749585406301905e-03 2.232142857142857019e-03 0.000000000000000000e+00 2.590673575129533775e-03 0.000000000000000000e+00 4.926108374384236509e-03
2.629953225664107344e-02 0.000000000000000000e+00 3.090234857849196489e-03 5.603898364079359234e-02 0.000000000000000000e+00 3.075030750307503166e-04 7.012478086005980923e-03 7.627335551574097872e-02 0.000000000000000000e+00 2.682763246143527770e-03 2.634467618002195571e-03 7.797136449887873133e-02 6.028454304316373464e-04 2.412833090282380868e-02 0.000000000000000000e+00 2.871500358937544971e-03 2.154591974144896230e-03 4.400070683866407623e-02 1.653439153439153347e-02 6.617558265909914694e-02 0.000000000000000000e+00 7.581501137225170502e-04 1.235177865612648246e-03 1.008064516129032230e-03 3.103662321539416491e-04 0.000000000000000000e+00 0.000000000000000000e+00 0.000000000000000000e+00 7.475703962123099499e-04 4.481303651971482727e-02 3.380181462373243323e-03 1.057455058160028123e-03 3.231619413743392483e-02 3.330736268017140539e-02 0.000000000000000000e+00 5.906674542232722910e-04 2.677376171352075082e-04 7.077205882352941013e-02 1.002506265664160389e-03 9.062075215224286691e-04 0.000000000000000000e+00 0.000000000000000000e+00 0.000000000000000000e+00 2.414292612264606376e-04 0.000000000000000000e+00 5.856515373352854997e-04 0.000000000000000000e+00 0.000000000000000000e+00 0.000000000000000000e+00 3.072196620583717355e-03 1.399384270920794903e-04 3.562487964567687473e-03 0.000000000000000000e+00 0.000000000000000000e+00 0.000000000000000000e+00 9.225092250922508957e-04 2.624372432679141897e-03 2.480742151909219040e-01 1.588057805304113085e-04 1.985815602836879523e-02 0.000000000000000000e+00 4.296619411123227955e-02 0.000000000000000000e+00 1.362559241706161155e-02 0.000000000000000000e+00 3.876778488447983617e-02 3.189792663476873915e-04 3.764877337867379280e-03 2.708654481391763874e-02 1.694428489373923097e-01 6.451018339323564676e-04 3.199441145651414631e-02 7.954545454545454810e-04 2.953944884862211989e-02 0.000000000000000000e+00 2.000000000000000042e-02 3.653635367190354206e-03 5.626688593915188386e-02 0.000000000000000000e+00 0.000000000000000000e+00 0.000000000000000000e+00 5.809979494190020341e-03 0.000000000000000000e+00 1.779359430604982115e-03 3.522677234698370647e-04 1.971246479917000000e-02 0.000000000000000000e+00 1.018329938900203570e-03 0.000000000000000000e+00 1.336713528462779403e-02 3.933910306845003930e-04 6.867406233491812201e-03 3.756574004507889008e-04 4.140786749482401954e-03 1.456664238892935257e-03 7.172995780590717130e-02 6.734006734006734362e-04 3.926701570680628077e-03 0.000000000000000000e+00 7.029876977152899400e-03 0.000000000000000000e+00 3.502626970227670777e-03 0.000000000000000000e+00 4.477611940298507724e-03 6.691201070592171134e-04 6.631299734748010268e-04 0.000000000000000000e+00 0.000000000000000000e+00 0.000000000000000000e+00 6.410256410256410034e-03 3.316749585406301905e-03 5.580357142857142981e-03 2.158273381294964141e-02 2.590673575129533775e-03 4.926108374384236509e-03 0.000000000000000000e+00
3.452233798340102744e-02 3.090234857849196489e-03 0.000000000000000000e+00 5.830142707970761839e-03 8.244274809160305473e-02 6.150061500615006333e-04 2.662679179127565021e-01 1.535705144612234396e-02 6.028782574873590289e-02 3.018108651911468633e-03 4.127332601536772699e-02 8.107641883732965779e-03 5.811429949360984171e-02 7.556675062972291988e-03 1.921655580192165730e-02 2.871500358937544971e-03 8.887691893347697547e-03 1.413677328149849860e-03 1.435185185185185175e-01 6.520951575896631255e-03 1.181334908446544582e-03 0.000000000000000000e+00 1.604496047430830075e-01 7.224462365591397504e-03 5.307262569832402188e-02 6.504878658994245853e-03 1.485608170844939652e-02 3.897116134060795074e-04 5.494642412160478245e-02 2.327949949076094788e-03 1.494396014943960224e-02 9.869580542826930300e-03 1.717924074963959533e-02 7.012076353720296008e-03 9.055236945366737077e-04 0.000000000000000000e+00 2.222222222222222307e-02 5.514705882352941100e-04 2.005012531328320777e-03 0.000000000000000000e+00 1.328021248339973344e-03 0.000000000000000000e+00 0.000000000000000000e+00 0.000000000000000000e+00 2.475247524752475278e-03 1.464128843338213749e-04 2.801120448179271515e-04 1.608751608751608699e-04 7.947976878612716262e-03 1.536098310291858678e-04 1.329415057374755058e-02 9.628345850182938495e-05 1.302648719062092855e-03 0.000000000000000000e+00 3.171247357293868838e-03 0.000000000000000000e+00 6.617982656321314688e-03 8.282945415389712264e-05 2.858504049547403586e-02 1.289490651192778915e-04 1.557773744706594105e-02 4.362050163576881010e-04 1.623903864891198482e-03 0.000000000000000000e+00 1.603466955579631661e-02 0.000000000000000000e+00 2.732589048378522220e-02 3.643429681807141239e-04 7.487337590839021964e-03 2.871912693854106885e-04 4.073357294258593553e-02 3.353126091512399765e-03 6.704545454545454697e-02 2.359380898452246092e-03 3.472222222222222029e-03 0.000000000000000000e+00 9.986603336986968338e-02 4.698696111828967563e-03 1.872659176029962567e-03 0.000000000000000000e+00 9.220839096357768324e-04 0.000000000000000000e+00 0.000000000000000000e+00 0.000000000000000000e+00 7.133421400264201157e-03 0.000000000000000000e+00 0.000000000000000000e+00 0.000000000000000000e+00 9.789960840156639033e-03 0.000000000000000000e+00 2.360346184107002358e-03 2.641310089804543154e-03 4.132231404958677801e-03 0.000000000000000000e+00 3.204661325564457652e-02 7.032348804500702932e-03 1.346801346801346872e-03 0.000000000000000000e+00 1.730103806228373755e-03 1.757469244288224850e-03 2.409638554216867682e-03 8.756567425569176943e-04 1.113585746102449840e-03 5.970149253731343343e-04 6.356641017062562848e-03 0.000000000000000000e+00 4.145936981757877490e-03 0.000000000000000000e+00 0.000000000000000000e+00 0.000000000000000000e+00 3.316749585406301905e-03 3.348214285714285528e-03 3.597122302158273568e-03 0.000000000000000000e+00 1.231527093596059127e-03 9.852216748768473017e-03
2.262443438914027351e-03 5.603898364079359234e-02 5.830142707970761839e-03 0.000000000000000000e+00 1.221374045801526748e-03 6.734317343173432113e-02 1.412808084974734486e-02 2.541592014333248217e-01 6.612213146635550522e-03 2.347417840375586734e-02 1.536772777167947236e-03 6.865620148352595542e-02 7.836990595611284527e-03 3.035927349860798041e-02 1.108647450110864744e-03 3.732950466618808333e-02 1.615943980608672281e-03 2.403251457854744741e-02 4.761904761904762334e-03 7.825141891075956813e-02 0.000000000000000000e+00 0.000000000000000000e+00 1.000494071146245008e-02 2.106854838709677491e-01 2.172563625077591435e-03 3.202401801351013183e-02 2.166511915815536992e-03 3.117692907248636059e-03 1.868925990530775037e-03 4.437654590426305667e-02 1.031844867461305902e-02 2.167782869228057976e-02 4.444978375780874770e-03 1.178418387222438662e-02 0.000000000000000000e+00 1.181334908446544582e-03 0.000000000000000000e+00 2.113970588235294240e-02 0.000000000000000000e+00 0.000000000000000000e+00 0.000000000000000000e+00 0.000000000000000000e+00 0.000000000000000000e+00 0.000000000000000000e+00 1.768033946251768094e-04 1.610541727672035097e-03 0.000000000000000000e+00 3.217503217503217398e-04 0.000000000000000000e+00 6.912442396313364483e-03 1.399384270920794903e-04 7.413826304640862980e-03 0.000000000000000000e+00 3.810249571346923476e-04 0.000000000000000000e+00 7.380073800738007166e-04 3.423094477407576694e-04 1.457798393108589337e-02 4.764173415912338985e-04 2.746615087040618977e-02 3.024803387779794557e-04 2.835332606324972738e-03 0.000000000000000000e+00 1.777251184834123142e-03 0.000000000000000000e+00 1.279206369925597192e-02 1.063264221158958080e-03 8.744231236337138974e-03 6.606474344857960748e-04 4.882251579551981704e-03 3.686296193899179629e-03 3.492839678658749697e-02 6.250000000000000347e-03 8.361645904114760330e-02 0.000000000000000000e+00 3.599999999999999728e-02 3.410059676044330766e-03 1.079525431692705262e-01 0.000000000000000000e+00 3.558718861209964231e-03 3.073613032119255927e-04 0.000000000000000000e+00 0.000000000000000000e+00 8.896797153024910577e-04 1.761338617349185324e-04 1.408033199940714316e-03 0.000000000000000000e+00 0.000000000000000000e+00 0.000000000000000000e+00 6.914035492048859356e-04 0.000000000000000000e+00 6.339144215530903570e-03 3.756574004507889008e-04 4.140786749482401954e-03 6.554989075018208440e-03 5.485232067510548842e-02 6.734006734006734362e-04 0.000000000000000000e+00 8.650519031141868775e-04 2.636203866432337492e-03 0.000000000000000000e+00 2.626970227670753083e-03 0.000000000000000000e+00 2.985074626865671672e-03 1.338240214118434227e-03 0.000000000000000000e+00 0.000000000000000000e+00 0.000000000000000000e+00 0.000000000000000000e+00 0.000000000000000000e+00 3.316749585406301905e-03 1.116071428571428509e-03 1.079136690647482071e-02 2.590673575129533775e-03 1.231527093596059127e-03 0.000000000000000000e+00
6.106870229007633740e-04 0.000000000000000000e+00 8.244274809160305473e-02 1.221374045801526748e-03 0.000000000000000000e+00 1.537515375153751529e-03 9.590595029390533779e-03 5.972186673492023206e-04 3.080513418903150780e-01 1.006036217303823022e-03 0.000000000000000000e+00 0.000000000000000000e+00 1.687967205208584570e-03 0.000000000000000000e+00 1.138211382113821085e-01 5.384063173007896550e-04 2.693239967681120288e-04 0.000000000000000000e+00 6.613756613756613389e-04 0.000000000000000000e+00 1.417601890135853498e-02 7.581501137225170502e-04 4.483695652173912832e-02 8.400537634408602279e-04 1.595282433271260070e-01 1.250938203652739514e-02 1.197771587743732546e-01 3.897116134060795074e-04 1.495140792424619900e-03 0.000000000000000000e+00 4.803415762319872273e-03 1.233697567853366288e-03 2.402691013935607969e-04 0.000000000000000000e+00 0.000000000000000000e+00 0.000000000000000000e+00 0.000000000000000000e+00 0.000000000000000000e+00 0.000000000000000000e+00 0.000000000000000000e+00 0.000000000000000000e+00 0.000000000000000000e+00 0.000000000000000000e+00 0.000000000000000000e+00 0.000000000000000000e+00 0.000000000000000000e+00 0.000000000000000000e+00 0.000000000000000000e+00 0.000000000000000000e+00 0.000000000000000000e+00 0.000000000000000000e+00 0.000000000000000000e+00 0.000000000000000000e+00 0.000000000000000000e+00 1.761804087385482808e-04 0.000000000000000000e+00 2.282062984938384282e-04 0.000000000000000000e+00 0.000000000000000000e+00 0.000000000000000000e+00 1.512401693889897278e-04 0.000000000000000000e+00 3.247807729782396747e-04 0.000000000000000000e+00 2.166847237269772472e-04 0.000000000000000000e+00 0.000000000000000000e+00 0.000000000000000000e+00 0.000000000000000000e+00 0.000000000000000000e+00 1.806285135010598022e-02 6.985679357317499058e-05 1.863636363636363494e-02 9.437523593808984259e-05 0.000000000000000000e+00 0.000000000000000000e+00 2.435756911460236300e-04 0.000000000000000000e+00 0.000000000000000000e+00 0.000000000000000000e+00 4.610419548178884162e-04 0.000000000000000000e+00 0.000000000000000000e+00 0.000000000000000000e+00 0.000000000000000000e+00 0.000000000000000000e+00 0.000000000000000000e+00 0.000000000000000000e+00 1.779992880028479982e-04 0.000000000000000000e+00 0.000000000000000000e+00 0.000000000000000000e+00 0.000000000000000000e+00 0.000000000000000000e+00 0.000000000000000000e+00 0.000000000000000000e+00 0.000000000000000000e+00 0.000000000000000000e+00 0.000000000000000000e+00 0.000000000000000000e+00 0.000000000000000000e+00 0.000000000000000000e+00 0.000000000000000000e+00 0.000000000000000000e+00 3.345600535296085567e-04 0.000000000000000000e+00 0.000000000000000000e+00 0.000000000000000000e+00 0.000000000000000000e+00 0.000000000000000000e+00 0.000000000000000000e+00 0.000000000000000000e+00 0.000000000000000000e+00 0.000000000000000000e+00 0.000000000000000000e+00 0.000000000000000000e+00
0.000000000000000000e+00 3.075030750307503166e-04 6.150061500615006333e-04 6.734317343173432113e-02 1.537515375153751529e-03 0.000000000000000000e+00 1.031246777353820839e-03 5.545601911099735416e-03 1.166861143523920553e-03 2.632461435278336537e-01 0.000000000000000000e+00 1.552527169225461495e-03 4.822763443453098771e-04 1.193159220469309318e-03 3.695491500369549147e-04 1.272433596554199686e-01 0.000000000000000000e+00 0.000000000000000000e+00 0.000000000000000000e+00 2.415167250332085429e-04 1.181334908446544582e-03 4.169825625473844166e-02 8.646245059288537507e-04 1.444892473118279501e-02 5.276225946617007709e-03 9.156867650738054198e-02 1.857010213556174565e-03 1.441932969602494063e-01 0.000000000000000000e+00 7.420340462680052353e-03 2.490660024906600229e-03 2.467395135706732575e-03 0.000000000000000000e+00 1.947798987144526699e-04 0.000000000000000000e+00 5.906674542232722910e-04 0.000000000000000000e+00 0.000000000000000000e+00 0.000000000000000000e+00 0.000000000000000000e+00 0.000000000000000000e+00 2.487562189054726321e-03 0.000000000000000000e+00 0.000000000000000000e+00 0.000000000000000000e+00 0.000000000000000000e+00 0.000000000000000000e+00 1.608751608751608699e-04 0.000000000000000000e+00 0.000000000000000000e+00 0.000000000000000000e+00 0.000000000000000000e+00 0.000000000000000000e+00 0.000000000000000000e+00 0.000000000000000000e+00 0.000000000000000000e+00 0.000000000000000000e+00 8.282945415389712264e-05 0.000000000000000000e+00 0.000000000000000000e+00 0.000000000000000000e+00 2.181025081788440505e-04 0.000000000000000000e+00 2.962085308056872264e-04 0.000000000000000000e+00 1.305312622373058459e-04 0.000000000000000000e+00 1.214476560602380413e-04 0.000000000000000000e+00 0.000000000000000000e+00 9.215740484747949072e-04 1.390150192106182243e-02 3.409090909090909359e-04 1.793129482823706961e-02 0.000000000000000000e+00 4.000000000000000083e-03 0.000000000000000000e+00 4.698696111828967563e-04 0.000000000000000000e+00 0.000000000000000000e+00 0.000000000000000000e+00 1.025290498974709523e-03 0.000000000000000000e+00 0.000000000000000000e+00 8.806693086745926618e-05 6.669630947087594073e-04 0.000000000000000000e+00 0.000000000000000000e+00 0.000000000000000000e+00 5.761696243374049824e-04 0.000000000000000000e+00 0.000000000000000000e+00 0.000000000000000000e+00 0.000000000000000000e+00 0.000000000000000000e+00 0.000000000000000000e+00 0.000000000000000000e+00 0.000000000000000000e+00 0.000000000000000000e+00 0.000000000000000000e+00 0.000000000000000000e+00 0.000000000000000000e+00 0.000000000000000000e+00 0.000000000000000000e+00 0.000000000000000000e+00 0.000000000000000000e+00 0.000000000000000000e+00 0.000000000000000000e+00 0.000000000000000000e+00 0.000000000000000000e+00 0.000000000000000000e+00 0.000000000000000000e+00 0.000000000000000000e+00 0.000000000000000000e+00 0.000000000000000000e+00 0.000000000000000000e+00
9.838094255955449896e-02 7.012478086005980923e-03 2.662679179127565021e-01 1.412808084974734486e-02 9.590595029390533779e-03 1.031246777353820839e-03 0.000000000000000000e+00 3.643033870830134080e-02 1.073512252042007065e-01 4.359490274983232952e-03 6.344676180021953382e-02 9.315163015352768971e-03 1.361224981914637144e-01 1.829510804719607434e-02 5.543237250554324154e-03 4.845656855707107004e-03 5.655803932130352984e-03 5.301289980561937031e-03 6.216931216931217107e-03 1.231735297669363585e-02 0.000000000000000000e+00 0.000000000000000000e+00 1.408102766798418996e-02 1.848118279569892566e-02 1.024208566108007409e-02 3.252439329497122927e-03 2.476013618074899419e-03 7.794232268121590148e-04 1.619735858460005090e-02 2.909937436345118485e-03 1.547767301191958766e-02 1.691928093056044996e-02 2.763094666025949029e-03 8.667705492793144340e-03 3.018412315122245512e-04 0.000000000000000000e+00 5.354752342704149730e-03 1.286764705882352923e-03 0.000000000000000000e+00 0.000000000000000000e+00 1.328021248339973344e-03 0.000000000000000000e+00 0.000000000000000000e+00 0.000000000000000000e+00 7.072135785007072377e-04 0.000000000000000000e+00 0.000000000000000000e+00 0.000000000000000000e+00 4.816955684007707072e-04 0.000000000000000000e+00 6.017352364959417839e-03 9.628345850182938495e-05 4.342162396873643212e-04 0.000000000000000000e+00 2.290345313601127759e-03 0.000000000000000000e+00 7.644910999543587209e-03 8.282945415389712264e-05 7.305065904398919813e-03 1.289490651192778915e-04 2.359346642468239733e-02 0.000000000000000000e+00 7.469957778499512410e-03 0.000000000000000000e+00 1.928494041170097581e-02 2.610625244746116918e-04 2.126528442317916160e-03 1.214476560602380413e-04 4.404316229905307165e-04 0.000000000000000000e+00 7.151414616164408766e-02 1.082780300384212323e-02 2.590909090909090939e-02 6.889392223480558970e-03 3.472222222222222029e-03 1.600000000000000033e-02 2.715868956278163354e-02 1.303888171032538401e-02 0.000000000000000000e+00 0.000000000000000000e+00 3.688335638543107330e-03 0.000000000000000000e+00 0.000000000000000000e+00 0.000000000000000000e+00 2.730074856891237176e-02 0.000000000000000000e+00 7.507507507507507442e-04 0.000000000000000000e+00 2.278390886436454377e-02 0.000000000000000000e+00 2.360346184107002358e-03 1.584786053882725892e-03 3.756574004507889008e-04 5.175983436853002443e-04 1.456664238892935257e-03 5.625879043600562693e-03 6.734006734006734362e-04 0.000000000000000000e+00 0.000000000000000000e+00 8.787346221441124251e-04 0.000000000000000000e+00 0.000000000000000000e+00 5.567928730512249199e-04 8.955223880597015015e-04 3.345600535296085567e-04 0.000000000000000000e+00 0.000000000000000000e+00 0.000000000000000000e+00 0.000000000000000000e+00 0.000000000000000000e+00 0.000000000000000000e+00 0.000000000000000000e+00 0.000000000000000000e+00 0.000000000000000000e+00 0.000000000000000000e+00 0.000000000000000000e+00
2.559508574353724138e-03 7.627335551574097872e-02 1.535705144612234396e-02 2.541592014333248217e-01 5.972186673492023206e-04 5.545601911099735416e-03 3.643033870830134080e-02 0.000000000000000000e+00 7.001166861143524184e-03 8.249496981891348002e-02 9.001097694840833746e-03 9.246161807831637658e-02 1.953219194598504807e-02 2.355826594193291823e-01 3.695491500369549147e-03 8.255563531945440958e-02 1.885267977376784256e-03 1.024916062908641165e-02 1.203703703703703706e-02 9.539910638811738286e-03 0.000000000000000000e+00 0.000000000000000000e+00 3.754940711462450426e-02 2.200940860215053890e-02 5.276225946617007709e-03 1.751313485113835389e-03 1.238006809037449710e-03 1.169134840218238576e-03 3.737851981061550075e-03 2.080605266986759738e-02 1.725671588685287472e-02 2.537892139584067841e-02 5.766458433445458692e-03 3.798208024931826968e-03 0.000000000000000000e+00 0.000000000000000000e+00 0.000000000000000000e+00 1.838235294117647033e-03 0.000000000000000000e+00 0.000000000000000000e+00 0.000000000000000000e+00 1.243781094527363160e-03 0.000000000000000000e+00 0.000000000000000000e+00 0.000000000000000000e+00 1.024890190336749706e-03 0.000000000000000000e+00 0.000000000000000000e+00 0.000000000000000000e+00 2.150537634408602149e-03 0.000000000000000000e+00 2.984787213556710974e-03 4.342162396873643212e-04 0.000000000000000000e+00 0.000000000000000000e+00 7.380073800738007166e-04 3.423094477407576694e-04 3.727325436925370532e-03 1.588057805304113085e-04 5.029013539651837686e-03 1.512401693889897278e-04 1.068702290076335888e-02 0.000000000000000000e+00 1.925355450236966755e-03 2.166847237269772472e-04 2.467040856285080200e-02 3.189792663476873915e-04 8.501335924216662891e-04 4.404316229905307165e-04 1.148765077541642754e-03 1.299419408349460937e-02 8.487600419140761687e-02 1.181818181818181795e-02 2.784069460173650354e-02 0.000000000000000000e+00 1.600000000000000033e-02 9.499451954694921110e-03 1.233407729355103996e-02 0.000000000000000000e+00 0.000000000000000000e+00 0.000000000000000000e+00 2.050580997949419046e-03 0.000000000000000000e+00 8.896797153024910577e-04 1.761338617349185324e-04 1.600711427301022838e-02 0.000000000000000000e+00 0.000000000000000000e+00 0.000000000000000000e+00 9.103480064530997465e-03 0.000000000000000000e+00 0.000000000000000000e+00 0.000000000000000000e+00 0.000000000000000000e+00 7.283321194464676285e-04 5.625879043600562693e-03 0.000000000000000000e+00 1.308900523560209504e-03 0.000000000000000000e+00 0.000000000000000000e+00 0.000000000000000000e+00 0.000000000000000000e+00 0.000000000000000000e+00 0.000000000000000000e+00 1.003680160588825724e-03 0.000000000000000000e+00 0.000000000000000000e+00 0.000000000000000000e+00 0.000000000000000000e+00 0.000000000000000000e+00 0.000000000000000000e+00 1.116071428571428509e-03 0.000000000000000000e+00 0.000000000000000000e+00 0.000000000000000000e+00 0.000000000000000000e+00
1.166861143523920553e-03 0.000000000000000000e+00 6.028782574873590289e-02 6.612213146635550522e-03 3.080513418903150780e-01 1.166861143523920553e-03 1.073512252042007065e-01 7.001166861143524184e-03 0.000000000000000000e+00 1.676727028839704965e-03 0.000000000000000000e+00 0.000000000000000000e+00 6.088738847359537187e-02 5.302929868752485378e-04 1.019955654101995512e-01 1.794687724335965445e-03 2.693239967681120288e-04 0.000000000000000000e+00 0.000000000000000000e+00 0.000000000000000000e+00 5.316007088009450619e-03 7.581501137225170502e-04 2.346837944664031516e-03 4.032258064516128920e-03 6.517690875232774739e-03 8.006004503377532958e-03 1.949860724233983336e-02 1.169134840218238576e-03 1.868925990530775037e-03 5.819874872690236969e-04 3.735990037359900560e-03 2.819880155093408471e-03 3.604036520903411683e-04 0.000000000000000000e+00 0.000000000000000000e+00 0.000000000000000000e+00 0.000000000000000000e+00 0.000000000000000000e+00 0.000000000000000000e+00 0.000000000000000000e+00 0.000000000000000000e+00 1.243781094527363160e-03 0.000000000000000000e+00 0.000000000000000000e+00 0.000000000000000000e+00 0.000000000000000000e+00 0.000000000000000000e+00 0.000000000000000000e+00 0.000000000000000000e+00 0.000000000000000000e+00 0.000000000000000000e+00 0.000000000000000000e+00 0.000000000000000000e+00 0.000000000000000000e+00 0.000000000000000000e+00 0.000000000000000000e+00 0.000000000000000000e+00 0.000000000000000000e+00 0.000000000000000000e+00 0.000000000000000000e+00 3.024803387779794557e-04 0.000000000000000000e+00 6.495615459564793494e-04 0.000000000000000000e+00 4.333694474539544943e-04 0.000000000000000000e+00 0.000000000000000000e+00 0.000000000000000000e+00 0.000000000000000000e+00 0.000000000000000000e+00 9.860842318680305973e-03 5.588543485853999246e-04 1.420454545454545407e-02 7.550018875047187408e-04 0.000000000000000000e+00 0.000000000000000000e+00 9.743027645840945201e-04 1.174674027957241891e-04 0.000000000000000000e+00 0.000000000000000000e+00 4.610419548178884162e-04 0.000000000000000000e+00 0.000000000000000000e+00 0.000000000000000000e+00 4.403346543372963309e-04 0.000000000000000000e+00 0.000000000000000000e+00 0.000000000000000000e+00 0.000000000000000000e+00 0.000000000000000000e+00 0.000000000000000000e+00 0.000000000000000000e+00 0.000000000000000000e+00 0.000000000000000000e+00 7.283321194464676285e-04 0.000000000000000000e+00 0.000000000000000000e+00 0.000000000000000000e+00 0.000000000000000000e+00 0.000000000000000000e+00 0.000000000000000000e+00 0.000000000000000000e+00 0.000000000000000000e+00 2.985074626865671672e-04 3.345600535296085567e-04 0.000000000000000000e+00 0.000000000000000000e+00 0.000000000000000000e+00 0.000000000000000000e+00 0.000000000000000000e+00 0.000000000000000000e+00 0.000000000000000000e+00 0.000000000000000000e+00 0.000000000000000000e+00 0.000000000000000000e+00 0.000000000000000000e+00
0.000000000000000000e+00 2.682763246143527770e-03 3.018108651911468633e-03 2.347417840375586734e-02 1.006036217303823022e-03 2.632461435278336537e-01 4.359490274983232952e-03 8.249496981891348002e-02 1.676727028839704965e-03 0.000000000000000000e+00 0.000000000000000000e+00 2.242539244436777667e-03 2.411381721726549385e-04 2.386318440938618637e-03 1.108647450110864744e-03 1.818018664752333036e-01 0.000000000000000000e+00 0.000000000000000000e+00 0.000000000000000000e+00 1.207583625166042715e-04 0.000000000000000000e+00 7.581501137225170502e-03 2.099802371541501997e-03 3.192204301075269018e-03 7.759155803848540901e-03 2.276707530647986005e-02 1.547508511296812137e-03 5.650818394388152505e-02 1.245950660353850007e-04 5.819874872690236969e-03 2.668564312399928848e-03 8.812125484666901744e-04 0.000000000000000000e+00 0.000000000000000000e+00 0.000000000000000000e+00 0.000000000000000000e+00 0.000000000000000000e+00 1.838235294117647033e-04 0.000000000000000000e+00 0.000000000000000000e+00 0.000000000000000000e+00 0.000000000000000000e+00 0.000000000000000000e+00 0.000000000000000000e+00 0.000000000000000000e+00 1.464128843338213749e-04 0.000000000000000000e+00 0.000000000000000000e+00 0.000000000000000000e+00 0.000000000000000000e+00 0.000000000000000000e+00 9.628345850182938495e-05 0.000000000000000000e+00 0.000000000000000000e+00 0.000000000000000000e+00 1.845018450184501791e-04 0.000000000000000000e+00 1.656589083077942453e-04 0.000000000000000000e+00 1.289490651192778915e-04 0.000000000000000000e+00 2.181025081788440505e-04 0.000000000000000000e+00 0.000000000000000000e+00 0.000000000000000000e+00 5.221250489492233835e-04 0.000000000000000000e+00 0.000000000000000000e+00 0.000000000000000000e+00 0.000000000000000000e+00 7.372592387798359475e-04 1.376178833391547389e-02 9.090909090909090901e-04 1.519441298603246490e-02 0.000000000000000000e+00 4.000000000000000083e-03 0.000000000000000000e+00 1.527076236344414350e-03 0.000000000000000000e+00 0.000000000000000000e+00 0.000000000000000000e+00 1.025290498974709523e-03 0.000000000000000000e+00 8.896797153024910577e-04 0.000000000000000000e+00 3.705350526159774545e-04 0.000000000000000000e+00 0.000000000000000000e+00 0.000000000000000000e+00 6.914035492048859356e-04 0.000000000000000000e+00 0.000000000000000000e+00 0.000000000000000000e+00 0.000000000000000000e+00 0.000000000000000000e+00 1.406469760900140673e-03 0.000000000000000000e+00 0.000000000000000000e+00 0.000000000000000000e+00 0.000000000000000000e+00 0.000000000000000000e+00 0.000000000000000000e+00 0.000000000000000000e+00 0.000000000000000000e+00 3.345600535296085567e-04 0.000000000000000000e+00 0.000000000000000000e+00 0.000000000000000000e+00 0.000000000000000000e+00 0.000000000000000000e+00 0.000000000000000000e+00 0.000000000000000000e+00 0.000000000000000000e+00 0.000000000000000000e+00 0.000000000000000000e+00 0.000000000000000000e+00
2.592755214050493917e-01 2.634467618002195571e-03 4.127332601536772699e-02 1.536772777167947236e-03 0.000000000000000000e+00 0.000000000000000000e+00 6.344676180021953382e-02 9.001097694840833746e-03 0.000000000000000000e+00 0.000000000000000000e+00 0.000000000000000000e+00 6.900120752113161719e-04 1.117675428020255546e-01 1.325732467188121344e-04 1.847745750184774573e-03 0.000000000000000000e+00 1.007271747912738963e-01 7.068386640749249302e-04 2.037037037037037202e-02 2.777442337881898433e-03 0.000000000000000000e+00 0.000000000000000000e+00 5.434782608695652023e-03 8.400537634408602279e-04 3.103662321539416491e-04 0.000000000000000000e+00 0.000000000000000000e+00 0.000000000000000000e+00 4.983802641415399637e-02 2.909937436345118485e-04 3.380181462373243323e-03 5.287275290800140613e-04 5.285920230658337424e-03 1.168679392286716074e-03 0.000000000000000000e+00 0.000000000000000000e+00 0.000000000000000000e+00 1.838235294117647033e-04 0.000000000000000000e+00 0.000000000000000000e+00 0.000000000000000000e+00 0.000000000000000000e+00 0.000000000000000000e+00 0.000000000000000000e+00 1.768033946251768094e-04 0.000000000000000000e+00 0.000000000000000000e+00 0.000000000000000000e+00 2.408477842003853536e-04 0.000000000000000000e+00 1.399384270920794903e-04 0.000000000000000000e+00 0.000000000000000000e+00 0.000000000000000000e+00 3.523608174770965617e-04 0.000000000000000000e+00 9.470561387494294200e-03 8.282945415389712264e-05 1.429252024773701750e-03 1.289490651192778915e-04 2.056866303690259995e-02 0.000000000000000000e+00 1.981162715167262070e-02 0.000000000000000000e+00 1.148429035752979339e-02 0.000000000000000000e+00 6.379585326953747830e-04 0.000000000000000000e+00 8.808632459810614330e-04 0.000000000000000000e+00 2.128836051976776278e-02 1.606706252183024743e-03 1.250000000000000026e-03 2.831257078142695549e-04 0.000000000000000000e+00 0.000000000000000000e+00 2.070393374741200977e-03 4.698696111828967563e-04 0.000000000000000000e+00 0.000000000000000000e+00 4.303058244966958407e-03 0.000000000000000000e+00 0.000000000000000000e+00 0.000000000000000000e+00 9.335094671950682974e-03 0.000000000000000000e+00 0.000000000000000000e+00 0.000000000000000000e+00 5.517977928088287944e-03 0.000000000000000000e+00 0.000000000000000000e+00 0.000000000000000000e+00 0.000000000000000000e+00 0.000000000000000000e+00 7.283321194464676285e-04 0.000000000000000000e+00 0.000000000000000000e+00 0.000000000000000000e+00 0.000000000000000000e+00 0.000000000000000000e+00 0.000000000000000000e+00 0.000000000000000000e+00 0.000000000000000000e+00 0.000000000000000000e+00 0.000000000000000000e+00 0.000000000000000000e+00 0.000000000000000000e+00 0.000000000000000000e+00 0.000000000000000000e+00 0.000000000000000000e+00 0.000000000000000000e+00 0.000000000000000000e+00 0.000000000000000000e+00 0.000000000000000000e+00 0.000000000000000000e+00 0.000000000000000000e+00
1.897533206831119581e-03 7.797136449887873133e-02 8.107641883732965779e-03 6.865620148352595542e-02 0.000000000000000000e+00 1.552527169225461495e-03 9.315163015352768971e-03 9.246161807831637658e-02 0.000000000000000000e+00 2.242539244436777667e-03 6.900120752113161719e-04 0.000000000000000000e+00 2.773088979985531902e-03 1.710194882672676775e-01 0.000000000000000000e+00 6.640344580043072882e-03 5.386479935362240576e-04 8.800141367732815245e-02 3.042328042328042506e-03 2.668759811616954608e-02 0.000000000000000000e+00 0.000000000000000000e+00 3.334980237154150026e-03 1.680107526881720326e-02 3.103662321539416491e-04 0.000000000000000000e+00 0.000000000000000000e+00 1.169134840218238576e-03 8.721654622476950319e-04 4.452204277608031585e-02 3.380181462373243323e-03 8.283397955586887032e-03 1.922152811148486375e-03 8.570315543435918018e-03 0.000000000000000000e+00 2.953337271116361455e-03 0.000000000000000000e+00 7.352941176470588133e-04 0.000000000000000000e+00 0.000000000000000000e+00 0.000000000000000000e+00 1.243781094527363160e-03 0.000000000000000000e+00 1.207146306132303188e-04 0.000000000000000000e+00 0.000000000000000000e+00 0.000000000000000000e+00 1.608751608751608699e-04 0.000000000000000000e+00 6.144393241167434710e-04 0.000000000000000000e+00 4.814172925091469383e-04 0.000000000000000000e+00 0.000000000000000000e+00 0.000000000000000000e+00 9.225092250922508957e-04 0.000000000000000000e+00 5.135426157541621468e-03 0.000000000000000000e+00 9.026434558349451590e-04 0.000000000000000000e+00 1.613958560523446120e-02 0.000000000000000000e+00 2.221563981042654068e-02 0.000000000000000000e+00 1.109515729017099619e-02 1.063264221158957972e-04 9.715812484819043304e-04 2.202158114952653583e-04 1.148765077541642754e-03 2.488249930881946282e-03 4.107579462102689538e-02 7.954545454545454810e-04 8.776896942242356364e-03 0.000000000000000000e+00 4.000000000000000083e-03 1.217878455730118069e-03 5.403500528603312481e-03 0.000000000000000000e+00 0.000000000000000000e+00 1.536806516059627964e-04 2.067669172932330712e-02 0.000000000000000000e+00 1.779359430604982115e-03 0.000000000000000000e+00 1.030087446272417301e-02 0.000000000000000000e+00 0.000000000000000000e+00 0.000000000000000000e+00 1.256049781055542693e-02 0.000000000000000000e+00 0.000000000000000000e+00 0.000000000000000000e+00 5.175983436853002443e-04 0.000000000000000000e+00 1.406469760900140673e-03 0.000000000000000000e+00 0.000000000000000000e+00 0.000000000000000000e+00 0.000000000000000000e+00 0.000000000000000000e+00 0.000000000000000000e+00 0.000000000000000000e+00 0.000000000000000000e+00 0.000000000000000000e+00 0.000000000000000000e+00 0.000000000000000000e+00 0.000000000000000000e+00 0.000000000000000000e+00 0.000000000000000000e+00 0.000000000000000000e+00 0.000000000000000000e+00 3.597122302158273568e-03 0.000000000000000000e+00 0.000000000000000000e+00 0.000000000000000000e+00
3.809983120327947725e-02 6.028454304316373464e-04 5.811429949360984171e-02 7.836990595611284527e-03 1.687967205208584570e-03 4.822763443453098771e-04 1.361224981914637144e-01 1.953219194598504807e-02 6.088738847359537187e-02 2.411381721726549385e-04 1.117675428020255546e-01 2.773088979985531902e-03 0.000000000000000000e+00 8.749834283441601523e-03 2.121212121212121271e-01 8.973438621679827223e-04 1.077295987072448072e-02 1.767096660187312325e-04 8.201058201058200256e-03 1.811375437749064045e-03 1.772002362669816873e-03 0.000000000000000000e+00 2.383893280632411182e-02 8.400537634408601628e-03 1.862197392923649894e-03 2.001501125844383239e-03 9.285051067780872823e-04 3.897116134060795074e-04 1.127585347620234241e-01 1.018478102720791470e-03 9.606831524639744546e-03 8.107155445893549084e-03 1.561749159058145207e-03 2.629528632645111112e-03 9.055236945366737077e-04 0.000000000000000000e+00 2.677376171352075082e-04 1.838235294117647033e-04 0.000000000000000000e+00 0.000000000000000000e+00 0.000000000000000000e+00 1.243781094527363160e-03 0.000000000000000000e+00 0.000000000000000000e+00 0.000000000000000000e+00 0.000000000000000000e+00 0.000000000000000000e+00 0.000000000000000000e+00 0.000000000000000000e+00 0.000000000000000000e+00 5.597537083683179612e-04 0.000000000000000000e+00 0.000000000000000000e+00 0.000000000000000000e+00 5.285412262156448425e-04 0.000000000000000000e+00 2.282062984938384390e-03 2.484883624616913544e-04 1.746863585834524312e-03 1.289490651192778915e-04 1.572897761645493039e-02 0.000000000000000000e+00 3.605066580058460812e-02 0.000000000000000000e+00 2.275189599133261090e-02 1.305312622373058459e-04 9.569377990430622287e-04 0.000000000000000000e+00 4.404316229905307165e-04 0.000000000000000000e+00 8.515344207907105112e-02 5.169402724414949059e-03 4.113636363636363757e-02 2.736881842204605571e-03 0.000000000000000000e+00 0.000000000000000000e+00 1.912069175496285481e-02 6.108304945377657398e-03 7.490636704119850268e-03 0.000000000000000000e+00 2.120792992162286866e-02 0.000000000000000000e+00 6.906077348066298055e-04 0.000000000000000000e+00 2.774108322324966847e-02 0.000000000000000000e+00 2.252252252252252233e-03 0.000000000000000000e+00 2.242791028835884604e-02 0.000000000000000000e+00 3.933910306845003930e-04 5.282620179609086308e-04 3.756574004507889008e-04 0.000000000000000000e+00 1.456664238892935257e-03 0.000000000000000000e+00 0.000000000000000000e+00 0.000000000000000000e+00 1.730103806228373755e-03 0.000000000000000000e+00 0.000000000000000000e+00 0.000000000000000000e+00 0.000000000000000000e+00 2.985074626865671672e-04 6.691201070592171134e-04 0.000000000000000000e+00 0.000000000000000000e+00 0.000000000000000000e+00 0.000000000000000000e+00 0.000000000000000000e+00 1.658374792703150953e-03 0.000000000000000000e+00 3.597122302158273568e-03 0.000000000000000000e+00 0.000000000000000000e+00 0.000000000000000000e+00
