0.000000000000000000e+00 3.788851785255586968e-02 8.277614335383792765e-02 4.776526782668031636e-03 3.676470588235294067e-04 0.000000000000000000e+00 1.510895883777239601e-01 6.176107287806599858e-03 0.000000000000000000e+00 0.000000000000000000e+00 1.519101123595505698e-01 2.453557658604977286e-03 1.694329183955739851e-02 0.000000000000000000e+00 5.102040816326531072e-04 0.000000000000000000e+00 1.014450867052023170e-01 4.444444444444444441e-03 7.467652495378927779e-02 2.247349823321554904e-02 0.000000000000000000e+00 0.000000000000000000e+00 1.548672566371681394e-03 0.000000000000000000e+00 0.000000000000000000e+00 0.000000000000000000e+00 0.000000000000000000e+00 0.000000000000000000e+00 3.041714947856315188e-02 1.347708894878706272e-03 1.403837154890032668e-03 0.000000000000000000e+00 2.092772384034519845e-02 1.452406673868683259e-02 7.572889057175311977e-04 0.000000000000000000e+00 7.932203389830508322e-02 1.976284584980237020e-03 1.549186676994577941e-03 0.000000000000000000e+00 0.000000000000000000e+00 0.000000000000000000e+00 0.000000000000000000e+00 0.000000000000000000e+00 8.124796880077997776e-04 0.000000000000000000e+00 0.000000000000000000e+00 0.000000000000000000e+00 3.139269406392693890e-03 0.000000000000000000e+00 2.899554675903018297e-02 1.296176279974076595e-04 5.017561465127947469e-04 0.000000000000000000e+00 2.184598580010922806e-03 0.000000000000000000e+00 2.330607476635513930e-01 2.712967986977753588e-03 7.330618289522398967e-02 0.000000000000000000e+00 6.765814830330958707e-02 0.000000000000000000e+00 5.636978579481397716e-03 1.021241830065359535e-03 3.995726495726495409e-02 2.043318348998774021e-04 1.173327137546468363e-02 4.721435316336166418e-04 1.163457599344530913e-01 8.779382611158311964e-03 4.111111111111111216e-02 1.956400223588596922e-03 3.815739927199698900e-02 4.774535809018567306e-03 1.601281024819855778e-03 0.000000000000000000e+00 4.428997020854021777e-02 5.774962742175857033e-03 0.000000000000000000e+00 0.000000000000000000e+00 0.000000000000000000e+00 4.251700680272108685e-04 0.000000000000000000e+00 0.000000000000000000e+00 1.805054151624548714e-02 0.000000000000000000e+00 0.000000000000000000e+00 0.000000000000000000e+00 5.915317559153175815e-03 0.000000000000000000e+00 8.382229673093042829e-04 4.330879168471199491e-04 0.000000000000000000e+00 0.000000000000000000e+00 9.345794392523364136e-02 0.000000000000000000e+00 1.322751322751322678e-03 0.000000000000000000e+00 1.152073732718894008e-03 0.000000000000000000e+00 0.000000000000000000e+00 0.000000000000000000e+00 0.000000000000000000e+00 0.000000000000000000e+00 6.565988181221273264e-04 0.000000000000000000e+00 0.000000000000000000e+00 0.000000000000000000e+00 0.000000000000000000e+00 0.000000000000000000e+00 0.000000000000000000e+00 0.000000000000000000e+00 0.000000000000000000e+00 0.000000000000000000e+00 0.000000000000000000e+00 0.000000000000000000e+00
3.788851785255586968e-02 0.000000000000000000e+00 2.941963091735758009e-03 4.657113613101330346e-02 0.000000000000000000e+00 0.000000000000000000e+00 9.685230024213075089e-04 1.044644432680430501e-01 0.000000000000000000e+00 1.197604790419161749e-02 1.348314606741572979e-03 2.769015071854188589e-02 6.915629322268326785e-04 1.212969442500583077e-02 0.000000000000000000e+00 5.069124423963134070e-03 4.046242774566473702e-03 1.207843137254902000e-01 2.402957486136783616e-02 1.543462897526501898e-01 0.000000000000000000e+00 0.000000000000000000e+00 0.000000000000000000e+00 0.000000000000000000e+00 0.000000000000000000e+00 0.000000000000000000e+00 0.000000000000000000e+00 0.000000000000000000e+00 4.924681344148319415e-03 2.931266846361186076e-02 4.679457182966776101e-04 0.000000000000000000e+00 2.308522114347356935e-02 1.860520945864842235e-02 0.000000000000000000e+00 2.096436058700209756e-03 8.135593220338983161e-03 8.774703557312253654e-02 0.000000000000000000e+00 0.000000000000000000e+00 0.000000000000000000e+00 1.481481481481481399e-01 0.000000000000000000e+00 0.000000000000000000e+00 0.000000000000000000e+00 1.016673444489629837e-03 0.000000000000000000e+00 0.000000000000000000e+00 1.426940639269406313e-04 3.241491085899513621e-03 2.968827313211281618e-04 1.438755670771224918e-02 0.000000000000000000e+00 7.814535035165407319e-04 0.000000000000000000e+00 6.079027355623100714e-04 6.717289719626168103e-03 2.163139808283595644e-01 5.553498704183635910e-04 1.039274924471299127e-01 4.189359028068705484e-04 2.230659705742762261e-02 0.000000000000000000e+00 9.395424836601306770e-03 0.000000000000000000e+00 5.946056395586432619e-02 5.808550185873606218e-04 1.636764242996537749e-02 4.035231462515362355e-02 8.439535542339281216e-02 2.592592592592592518e-03 1.648965902738960473e-02 4.769674908999623625e-03 7.331564986737400258e-02 4.003202562049639444e-04 1.299756295694557209e-02 1.112214498510426947e-02 6.780923994038748348e-02 0.000000000000000000e+00 0.000000000000000000e+00 3.623188405797101493e-04 1.275510204081632551e-03 0.000000000000000000e+00 0.000000000000000000e+00 1.504211793020457334e-04 1.912938695586684570e-02 0.000000000000000000e+00 0.000000000000000000e+00 0.000000000000000000e+00 5.317801975183590601e-03 8.382229673093042829e-04 8.661758336942398983e-04 0.000000000000000000e+00 8.795074758135444561e-04 8.411214953271027583e-02 1.666666666666666574e-01 0.000000000000000000e+00 1.519756838905775070e-03 0.000000000000000000e+00 4.494382022471910508e-03 0.000000000000000000e+00 0.000000000000000000e+00 0.000000000000000000e+00 1.812688821752265859e-03 0.000000000000000000e+00 0.000000000000000000e+00 0.000000000000000000e+00 2.421307506053268881e-03 0.000000000000000000e+00 0.000000000000000000e+00 0.000000000000000000e+00 0.000000000000000000e+00 0.000000000000000000e+00 0.000000000000000000e+00 0.000000000000000000e+00 0.000000000000000000e+00
8.277614335383792765e-02 2.941963091735758009e-03 0.000000000000000000e+00 7.505970658478335056e-03 3.051470588235294032e-02 3.045066991473812257e-03 2.627118644067796827e-01 2.064584436209634596e-02 6.633499170812603984e-02 9.980039920159680666e-03 6.247191011235955077e-02 5.608131791097091187e-03 1.103042876901798031e-01 7.697690692792162268e-03 8.571428571428571508e-02 1.751152073732718806e-02 1.184971098265895882e-02 2.614379084967320514e-04 1.219963031423290239e-01 4.381625441696112948e-03 0.000000000000000000e+00 0.000000000000000000e+00 3.179203539823008962e-01 6.019563581640330861e-03 1.603206412825651170e-02 7.009345794392523275e-03 6.027727546714888290e-04 1.270648030495552788e-03 2.809965237543452996e-02 1.347708894878706272e-03 6.504445484323818916e-02 1.296194153337010442e-02 1.467098166127292318e-02 4.561277157604129266e-03 2.650511170011359517e-03 0.000000000000000000e+00 3.661016949152542249e-02 7.905138339920948515e-04 7.745933384972889706e-04 0.000000000000000000e+00 9.009009009009008931e-03 0.000000000000000000e+00 0.000000000000000000e+00 0.000000000000000000e+00 3.249918752031199435e-04 0.000000000000000000e+00 0.000000000000000000e+00 0.000000000000000000e+00 2.140410958904109470e-03 0.000000000000000000e+00 8.609599208312716800e-03 0.000000000000000000e+00 1.003512293025589494e-03 0.000000000000000000e+00 5.461496450027307015e-04 0.000000000000000000e+00 7.009345794392523275e-03 0.000000000000000000e+00 1.777119585338763491e-02 3.021148036253776432e-04 3.351487222454964388e-03 0.000000000000000000e+00 3.006388575723412115e-03 0.000000000000000000e+00 6.837606837606837601e-03 2.043318348998774021e-04 1.777416356877323592e-02 1.573811772112055382e-04 2.048340843916427682e-03 0.000000000000000000e+00 4.000000000000000083e-02 1.117942984907769732e-03 9.589556922304505460e-02 5.305039787798408214e-03 1.200960768614891920e-02 8.123476848090982558e-04 9.433962264150944077e-02 6.147540983606557263e-03 0.000000000000000000e+00 0.000000000000000000e+00 5.072463768115941657e-03 4.251700680272108685e-04 0.000000000000000000e+00 0.000000000000000000e+00 6.919374247894103519e-03 0.000000000000000000e+00 0.000000000000000000e+00 0.000000000000000000e+00 3.424657534246575152e-03 2.532286654849328755e-04 4.191114836546521415e-04 0.000000000000000000e+00 0.000000000000000000e+00 0.000000000000000000e+00 8.411214953271027583e-02 0.000000000000000000e+00 1.322751322751322678e-03 0.000000000000000000e+00 0.000000000000000000e+00 0.000000000000000000e+00 0.000000000000000000e+00 0.000000000000000000e+00 0.000000000000000000e+00 0.000000000000000000e+00 0.000000000000000000e+00 0.000000000000000000e+00 0.000000000000000000e+00 0.000000000000000000e+00 0.000000000000000000e+00 0.000000000000000000e+00 0.000000000000000000e+00 0.000000000000000000e+00 0.000000000000000000e+00 0.000000000000000000e+00 0.000000000000000000e+00 0.000000000000000000e+00
4.776526782668031636e-03 4.657113613101330346e-02 7.505970658478335056e-03 0.000000000000000000e+00 7.720588235294117974e-03 8.160779537149817631e-02 1.234866828087167155e-02 1.397564849126521902e-01 3.869541182974018962e-03 4.590818363273452968e-02 3.146067415730337095e-03 4.837013669821240563e-02 1.175656984785615478e-02 2.822486587357126223e-02 2.551020408163265103e-03 4.746543778801843444e-02 0.000000000000000000e+00 2.143790849673202561e-02 6.654343807763401369e-03 1.096819787985865713e-01 0.000000000000000000e+00 0.000000000000000000e+00 1.106194690265486710e-02 2.942061700526711898e-01 7.014028056112224518e-03 3.971962616822429654e-02 1.205545509342977658e-03 6.353240152477763504e-03 1.738122827346465791e-03 1.954177897574124051e-02 1.123069723912026134e-02 9.045780474351902689e-02 2.373247033441208340e-03 2.184611691273556644e-02 0.000000000000000000e+00 4.192872117400419513e-03 6.779661016949152996e-04 2.055335968379446571e-02 0.000000000000000000e+00 3.132341425215348467e-03 0.000000000000000000e+00 0.000000000000000000e+00 0.000000000000000000e+00 0.000000000000000000e+00 0.000000000000000000e+00 0.000000000000000000e+00 0.000000000000000000e+00 3.384094754653130276e-04 0.000000000000000000e+00 1.246727340730582195e-03 0.000000000000000000e+00 1.555411535968891697e-03 0.000000000000000000e+00 0.000000000000000000e+00 0.000000000000000000e+00 0.000000000000000000e+00 0.000000000000000000e+00 1.808645324651835798e-03 0.000000000000000000e+00 1.419939577039274967e-02 0.000000000000000000e+00 0.000000000000000000e+00 0.000000000000000000e+00 6.127450980392156778e-04 2.136752136752136750e-04 2.451982018798528826e-03 4.646840148698884541e-04 1.101668240478438816e-02 0.000000000000000000e+00 2.265647125460209469e-03 2.222222222222222220e-03 2.487423141419787750e-02 5.271745952052215266e-03 8.381962864721485829e-02 1.200960768614891833e-03 1.624695369618196425e-02 4.965243296921549240e-03 8.569299552906110840e-02 0.000000000000000000e+00 0.000000000000000000e+00 0.000000000000000000e+00 0.000000000000000000e+00 0.000000000000000000e+00 0.000000000000000000e+00 0.000000000000000000e+00 6.025003765627353746e-04 0.000000000000000000e+00 0.000000000000000000e+00 0.000000000000000000e+00 0.000000000000000000e+00 0.000000000000000000e+00 8.661758336942398983e-04 0.000000000000000000e+00 0.000000000000000000e+00 6.542056074766354479e-02 0.000000000000000000e+00 1.322751322751322678e-03 0.000000000000000000e+00 1.152073732718894008e-03 1.123595505617977627e-03 0.000000000000000000e+00 3.236245954692556787e-03 0.000000000000000000e+00 4.028197381671701910e-04 0.000000000000000000e+00 0.000000000000000000e+00 0.000000000000000000e+00 0.000000000000000000e+00 0.000000000000000000e+00 0.000000000000000000e+00 0.000000000000000000e+00 0.000000000000000000e+00 0.000000000000000000e+00 0.000000000000000000e+00 0.000000000000000000e+00 0.000000000000000000e+00
3.676470588235294067e-04 0.000000000000000000e+00 3.051470588235294032e-02 7.720588235294117974e-03 0.000000000000000000e+00 1.583434835566382287e-02 2.421307506053268772e-04 3.529204164460914266e-04 4.411276948590381330e-01 2.994011976047904200e-02 0.000000000000000000e+00 0.000000000000000000e+00 6.915629322268326785e-04 0.000000000000000000e+00 2.362244897959183687e-01 3.410138248847926351e-02 0.000000000000000000e+00 0.000000000000000000e+00 3.696857670979667126e-04 0.000000000000000000e+00 4.379562043795620641e-02 2.341920374707259951e-03 4.092920353982301002e-02 2.257336343115123965e-03 2.595190380761522864e-01 3.504672897196261377e-02 2.820976491862567936e-01 2.541296060991105575e-03 8.690614136732328953e-04 0.000000000000000000e+00 1.357042583060365064e-02 1.020408163265306041e-02 4.314994606256742238e-04 3.601008282319049592e-04 0.000000000000000000e+00 0.000000000000000000e+00 6.779661016949152996e-04 0.000000000000000000e+00 0.000000000000000000e+00 0.000000000000000000e+00 0.000000000000000000e+00 0.000000000000000000e+00 0.000000000000000000e+00 0.000000000000000000e+00 0.000000000000000000e+00 0.000000000000000000e+00 0.000000000000000000e+00 0.000000000000000000e+00 0.000000000000000000e+00 0.000000000000000000e+00 2.968827313211281618e-04 0.000000000000000000e+00 0.000000000000000000e+00 0.000000000000000000e+00 0.000000000000000000e+00 0.000000000000000000e+00 0.000000000000000000e+00 0.000000000000000000e+00 0.000000000000000000e+00 0.000000000000000000e+00 0.000000000000000000e+00 0.000000000000000000e+00 0.000000000000000000e+00 0.000000000000000000e+00 2.136752136752136750e-04 0.000000000000000000e+00 0.000000000000000000e+00 0.000000000000000000e+00 0.000000000000000000e+00 0.000000000000000000e+00 2.999999999999999889e-02 2.794857462269424112e-03 1.154763399020961381e-02 5.305039787798407997e-04 2.401921537229783667e-03 0.000000000000000000e+00 9.930486593843098047e-04 0.000000000000000000e+00 0.000000000000000000e+00 0.000000000000000000e+00 0.000000000000000000e+00 0.000000000000000000e+00 0.000000000000000000e+00 0.000000000000000000e+00 7.521058965102286669e-04 0.000000000000000000e+00 0.000000000000000000e+00 0.000000000000000000e+00 3.113325031133250286e-04 0.000000000000000000e+00 0.000000000000000000e+00 0.000000000000000000e+00 0.000000000000000000e+00 0.000000000000000000e+00 0.000000000000000000e+00 0.000000000000000000e+00 0.000000000000000000e+00 0.000000000000000000e+00 0.000000000000000000e+00 0.000000000000000000e+00 0.000000000000000000e+00 0.000000000000000000e+00 0.000000000000000000e+00 0.000000000000000000e+00 0.000000000000000000e+00 0.000000000000000000e+00 0.000000000000000000e+00 0.000000000000000000e+00 0.000000000000000000e+00 0.000000000000000000e+00 0.000000000000000000e+00 0.000000000000000000e+00 0.000000000000000000e+00 0.000000000000000000e+00 0.000000000000000000e+00 0.000000000000000000e+00
0.000000000000000000e+00 0.000000000000000000e+00 3.045066991473812257e-03 8.160779537149817631e-02 1.583434835566382287e-02 0.000000000000000000e+00 0.000000000000000000e+00 3.529204164460914266e-04 1.105583195135433896e-03 2.634730538922155918e-01 0.000000000000000000e+00 0.000000000000000000e+00 6.915629322268326785e-04 2.332633543270352342e-04 2.551020408163265103e-03 1.152073732718894017e-01 0.000000000000000000e+00 0.000000000000000000e+00 1.848428835489833563e-04 2.826855123674911754e-04 3.649635036496350245e-03 3.981264637002342177e-02 2.433628318584070763e-03 1.354401805869074465e-02 9.018036072144288914e-03 1.869158878504672827e-01 5.424954792043399678e-03 5.540025412960609685e-01 0.000000000000000000e+00 2.021563342318059408e-03 6.083294337856808877e-03 1.599558742415885249e-02 0.000000000000000000e+00 1.560436922338254715e-03 0.000000000000000000e+00 0.000000000000000000e+00 0.000000000000000000e+00 3.952569169960474258e-04 0.000000000000000000e+00 0.000000000000000000e+00 0.000000000000000000e+00 0.000000000000000000e+00 0.000000000000000000e+00 0.000000000000000000e+00 0.000000000000000000e+00 0.000000000000000000e+00 0.000000000000000000e+00 3.384094754653130276e-04 0.000000000000000000e+00 0.000000000000000000e+00 0.000000000000000000e+00 0.000000000000000000e+00 0.000000000000000000e+00 0.000000000000000000e+00 0.000000000000000000e+00 0.000000000000000000e+00 0.000000000000000000e+00 0.000000000000000000e+00 0.000000000000000000e+00 3.021148036253776432e-04 0.000000000000000000e+00 0.000000000000000000e+00 0.000000000000000000e+00 0.000000000000000000e+00 0.000000000000000000e+00 0.000000000000000000e+00 0.000000000000000000e+00 4.721435316336166418e-04 0.000000000000000000e+00 0.000000000000000000e+00 1.481481481481481408e-03 3.437674678591391697e-02 0.000000000000000000e+00 2.535809018567639420e-02 0.000000000000000000e+00 2.030869212022745531e-03 0.000000000000000000e+00 7.451564828614008935e-04 0.000000000000000000e+00 0.000000000000000000e+00 0.000000000000000000e+00 0.000000000000000000e+00 0.000000000000000000e+00 0.000000000000000000e+00 0.000000000000000000e+00 4.518752824220515310e-04 0.000000000000000000e+00 3.555555555555555726e-03 0.000000000000000000e+00 7.596859964547987348e-04 0.000000000000000000e+00 0.000000000000000000e+00 0.000000000000000000e+00 0.000000000000000000e+00 0.000000000000000000e+00 0.000000000000000000e+00 0.000000000000000000e+00 0.000000000000000000e+00 0.000000000000000000e+00 0.000000000000000000e+00 0.000000000000000000e+00 0.000000000000000000e+00 0.000000000000000000e+00 0.000000000000000000e+00 0.000000000000000000e+00 0.000000000000000000e+00 0.000000000000000000e+00 0.000000000000000000e+00 0.000000000000000000e+00 0.000000000000000000e+00 0.000000000000000000e+00 0.000000000000000000e+00 0.000000000000000000e+00 0.000000000000000000e+00 0.000000000000000000e+00 0.000000000000000000e+00
1.510895883777239601e-01 9.685230024213075089e-04 2.627118644067796827e-01 1.234866828087167155e-02 2.421307506053268772e-04 0.000000000000000000e+00 0.000000000000000000e+00 2.399858831833421441e-02 1.072415699281370899e-01 3.992015968063871920e-03 5.977528089887640395e-02 8.412197686645635913e-03 2.441217150760719157e-01 4.665267086540704142e-03 7.142857142857142634e-03 2.764976958525345620e-03 8.670520231213872837e-04 0.000000000000000000e+00 1.534195933456561876e-02 4.240282685512367089e-03 0.000000000000000000e+00 0.000000000000000000e+00 8.628318584070796340e-03 6.772009029345372327e-03 0.000000000000000000e+00 0.000000000000000000e+00 0.000000000000000000e+00 0.000000000000000000e+00 5.504055619930474895e-03 1.684636118598382840e-03 1.824988301357042750e-02 1.378929950358521832e-02 3.667745415318230794e-03 4.201176329372223982e-03 1.135933358576296905e-03 0.000000000000000000e+00 1.355932203389830599e-03 3.952569169960474258e-04 0.000000000000000000e+00 0.000000000000000000e+00 0.000000000000000000e+00 0.000000000000000000e+00 0.000000000000000000e+00 0.000000000000000000e+00 4.874878128046798882e-04 0.000000000000000000e+00 0.000000000000000000e+00 0.000000000000000000e+00 9.988584474885844194e-04 0.000000000000000000e+00 9.599208312716477412e-03 0.000000000000000000e+00 1.505268439538384349e-03 0.000000000000000000e+00 3.003823047515018912e-03 0.000000000000000000e+00 2.628504672897196120e-03 1.808645324651835798e-04 6.108848574601998850e-03 0.000000000000000000e+00 6.284038542103058227e-03 0.000000000000000000e+00 2.254791431792559087e-03 0.000000000000000000e+00 1.346153846153846229e-02 0.000000000000000000e+00 1.626394052044609698e-03 3.147623544224110764e-04 4.096681687832855472e-04 0.000000000000000000e+00 3.666666666666666685e-02 1.956400223588596922e-03 1.079452742563072679e-02 6.366047745358090031e-03 4.003202562049639444e-04 8.123476848090982558e-04 9.136047666335651157e-03 5.029806259314455706e-03 0.000000000000000000e+00 0.000000000000000000e+00 5.072463768115941657e-03 0.000000000000000000e+00 0.000000000000000000e+00 0.000000000000000000e+00 2.105896510228640051e-02 0.000000000000000000e+00 2.173913043478260896e-03 0.000000000000000000e+00 6.226650062266500356e-03 2.532286654849328755e-04 0.000000000000000000e+00 0.000000000000000000e+00 0.000000000000000000e+00 0.000000000000000000e+00 9.345794392523363789e-03 0.000000000000000000e+00 0.000000000000000000e+00 0.000000000000000000e+00 0.000000000000000000e+00 0.000000000000000000e+00 0.000000000000000000e+00 0.000000000000000000e+00 0.000000000000000000e+00 0.000000000000000000e+00 0.000000000000000000e+00 0.000000000000000000e+00 0.000000000000000000e+00 0.000000000000000000e+00 0.000000000000000000e+00 0.000000000000000000e+00 0.000000000000000000e+00 0.000000000000000000e+00 0.000000000000000000e+00 0.000000000000000000e+00 0.000000000000000000e+00 0.000000000000000000e+00
6.176107287806599858e-03 1.044644432680430501e-01 2.064584436209634596e-02 1.397564849126521902e-01 3.529204164460914266e-04 3.529204164460914266e-04 2.399858831833421441e-02 0.000000000000000000e+00 0.000000000000000000e+00 9.580838323353293995e-02 1.123595505617977497e-02 1.605327725201542155e-01 2.420470262793914321e-02 2.834149755073477883e-01 5.102040816326531072e-04 6.589861751152073510e-02 2.312138728323699568e-03 8.366013071895425646e-03 1.404805914972273584e-02 2.035335689045936550e-02 0.000000000000000000e+00 0.000000000000000000e+00 2.256637168141592889e-02 6.019563581640330861e-03 0.000000000000000000e+00 0.000000000000000000e+00 0.000000000000000000e+00 0.000000000000000000e+00 1.738122827346465791e-03 1.785714285714285615e-02 7.487131492746841761e-03 6.618863761720904237e-03 4.962243797195253249e-03 7.922218221101909319e-03 3.786444528587655988e-04 2.795248078266946053e-03 1.355932203389830599e-03 5.533596837944664178e-03 0.000000000000000000e+00 0.000000000000000000e+00 0.000000000000000000e+00 0.000000000000000000e+00 0.000000000000000000e+00 0.000000000000000000e+00 0.000000000000000000e+00 0.000000000000000000e+00 0.000000000000000000e+00 0.000000000000000000e+00 1.426940639269406313e-04 2.618127415534222523e-03 0.000000000000000000e+00 8.425145819831496297e-03 0.000000000000000000e+00 7.814535035165407319e-04 0.000000000000000000e+00 1.823708206686929997e-03 2.920560747663551184e-04 1.410743353228431987e-02 1.851166234727878637e-04 3.021148036253776432e-03 2.094679514034352742e-04 2.847650688182249649e-03 0.000000000000000000e+00 1.838235294117647033e-03 2.136752136752136750e-04 2.288516550878626904e-02 2.323420074349442270e-04 2.990242367012905470e-03 2.048340843916427736e-04 2.832058906825261836e-04 5.185185185185185036e-03 8.608160983789826803e-02 1.142211622944646655e-02 4.159151193633952442e-02 8.006405124099278889e-04 1.056051990251827798e-02 9.731876861966236650e-03 2.384500745156482859e-02 0.000000000000000000e+00 0.000000000000000000e+00 0.000000000000000000e+00 2.125850340136054614e-03 0.000000000000000000e+00 0.000000000000000000e+00 1.504211793020457334e-04 1.159813224883265471e-02 0.000000000000000000e+00 0.000000000000000000e+00 0.000000000000000000e+00 3.038743985819194939e-03 0.000000000000000000e+00 0.000000000000000000e+00 0.000000000000000000e+00 0.000000000000000000e+00 0.000000000000000000e+00 0.000000000000000000e+00 1.322751322751322678e-03 0.000000000000000000e+00 0.000000000000000000e+00 0.000000000000000000e+00 0.000000000000000000e+00 0.000000000000000000e+00 0.000000000000000000e+00 0.000000000000000000e+00 0.000000000000000000e+00 0.000000000000000000e+00 0.000000000000000000e+00 0.000000000000000000e+00 0.000000000000000000e+00 0.000000000000000000e+00 0.000000000000000000e+00 0.000000000000000000e+00 0.000000000000000000e+00 0.000000000000000000e+00 0.000000000000000000e+00 0.000000000000000000e+00
0.000000000000000000e+00 0.000000000000000000e+00 6.633499170812603984e-02 3.869541182974018962e-03 4.411276948590381330e-01 1.105583195135433896e-03 1.072415699281370899e-01 0.000000000000000000e+00 0.000000000000000000e+00 7.984031936127743839e-03 4.494382022471910291e-04 0.000000000000000000e+00 5.532503457814661428e-03 2.332633543270352342e-04 2.607142857142857317e-01 5.990783410138249276e-03 0.000000000000000000e+00 0.000000000000000000e+00 0.000000000000000000e+00 0.000000000000000000e+00 0.000000000000000000e+00 0.000000000000000000e+00 1.548672566371681394e-03 7.524454477050413577e-04 0.000000000000000000e+00 7.009345794392523275e-03 1.928872814948764253e-02 0.000000000000000000e+00 1.738122827346465791e-03 0.000000000000000000e+00 2.807674309780065335e-03 3.309431880860452119e-03 0.000000000000000000e+00 0.000000000000000000e+00 0.000000000000000000e+00 0.000000000000000000e+00 0.000000000000000000e+00 0.000000000000000000e+00 0.000000000000000000e+00 0.000000000000000000e+00 0.000000000000000000e+00 0.000000000000000000e+00 0.000000000000000000e+00 0.000000000000000000e+00 0.000000000000000000e+00 0.000000000000000000e+00 4.766444232602478400e-04 0.000000000000000000e+00 0.000000000000000000e+00 0.000000000000000000e+00 0.000000000000000000e+00 0.000000000000000000e+00 0.000000000000000000e+00 0.000000000000000000e+00 0.000000000000000000e+00 0.000000000000000000e+00 0.000000000000000000e+00 0.000000000000000000e+00 0.000000000000000000e+00 0.000000000000000000e+00 2.094679514034352742e-04 0.000000000000000000e+00 0.000000000000000000e+00 0.000000000000000000e+00 6.410256410256410251e-04 0.000000000000000000e+00 1.161710037174721135e-04 0.000000000000000000e+00 0.000000000000000000e+00 0.000000000000000000e+00 3.703703703703703845e-03 2.794857462269424329e-04 4.644157148236475498e-03 1.061007957559681762e-04 8.006405124099278889e-04 0.000000000000000000e+00 1.986097318768619609e-03 3.725782414307004468e-04 0.000000000000000000e+00 0.000000000000000000e+00 0.000000000000000000e+00 0.000000000000000000e+00 0.000000000000000000e+00 0.000000000000000000e+00 4.512635379061372002e-04 0.000000000000000000e+00 0.000000000000000000e+00 0.000000000000000000e+00 3.113325031133250286e-04 0.000000000000000000e+00 0.000000000000000000e+00 0.000000000000000000e+00 0.000000000000000000e+00 0.000000000000000000e+00 0.000000000000000000e+00 0.000000000000000000e+00 0.000000000000000000e+00 0.000000000000000000e+00 0.000000000000000000e+00 0.000000000000000000e+00 0.000000000000000000e+00 0.000000000000000000e+00 0.000000000000000000e+00 0.000000000000000000e+00 0.000000000000000000e+00 0.000000000000000000e+00 0.000000000000000000e+00 0.000000000000000000e+00 0.000000000000000000e+00 0.000000000000000000e+00 0.000000000000000000e+00 0.000000000000000000e+00 0.000000000000000000e+00 0.000000000000000000e+00 0.000000000000000000e+00 0.000000000000000000e+00
0.000000000000000000e+00 1.197604790419161749e-02 9.980039920159680666e-03 4.590818363273452968e-02 2.994011976047904200e-02 2.634730538922155918e-01 3.992015968063871920e-03 9.580838323353293995e-02 7.984031936127743839e-03 0.000000000000000000e+00 0.000000000000000000e+00 1.051524710830704489e-03 0.000000000000000000e+00 1.632843480289246666e-03 5.102040816326531072e-04 7.557603686635944173e-02 0.000000000000000000e+00 0.000000000000000000e+00 0.000000000000000000e+00 0.000000000000000000e+00 0.000000000000000000e+00 0.000000000000000000e+00 1.991150442477876079e-03 1.881113619262603448e-03 5.010020040080160122e-03 0.000000000000000000e+00 2.411091018685955316e-03 0.000000000000000000e+00 0.000000000000000000e+00 6.738544474393531360e-04 1.403837154890032668e-03 2.206287920573635035e-03 0.000000000000000000e+00 0.000000000000000000e+00 0.000000000000000000e+00 0.000000000000000000e+00 0.000000000000000000e+00 0.000000000000000000e+00 0.000000000000000000e+00 0.000000000000000000e+00 0.000000000000000000e+00 0.000000000000000000e+00 0.000000000000000000e+00 0.000000000000000000e+00 0.000000000000000000e+00 0.000000000000000000e+00 0.000000000000000000e+00 0.000000000000000000e+00 0.000000000000000000e+00 0.000000000000000000e+00 0.000000000000000000e+00 1.296176279974076595e-04 0.000000000000000000e+00 0.000000000000000000e+00 0.000000000000000000e+00 0.000000000000000000e+00 0.000000000000000000e+00 0.000000000000000000e+00 0.000000000000000000e+00 0.000000000000000000e+00 0.000000000000000000e+00 4.746084480303749595e-04 0.000000000000000000e+00 0.000000000000000000e+00 0.000000000000000000e+00 4.086636697997548043e-04 0.000000000000000000e+00 0.000000000000000000e+00 0.000000000000000000e+00 0.000000000000000000e+00 3.703703703703703520e-04 2.515371716042482005e-03 0.000000000000000000e+00 2.970822281167108826e-03 0.000000000000000000e+00 0.000000000000000000e+00 0.000000000000000000e+00 1.117734724292101340e-03 0.000000000000000000e+00 0.000000000000000000e+00 0.000000000000000000e+00 1.275510204081632551e-03 0.000000000000000000e+00 0.000000000000000000e+00 0.000000000000000000e+00 6.025003765627353746e-04 0.000000000000000000e+00 0.000000000000000000e+00 0.000000000000000000e+00 0.000000000000000000e+00 0.000000000000000000e+00 0.000000000000000000e+00 0.000000000000000000e+00 0.000000000000000000e+00 0.000000000000000000e+00 0.000000000000000000e+00 0.000000000000000000e+00 0.000000000000000000e+00 0.000000000000000000e+00 0.000000000000000000e+00 0.000000000000000000e+00 0.000000000000000000e+00 0.000000000000000000e+00 0.000000000000000000e+00 0.000000000000000000e+00 0.000000000000000000e+00 0.000000000000000000e+00 0.000000000000000000e+00 0.000000000000000000e+00 0.000000000000000000e+00 0.000000000000000000e+00 0.000000000000000000e+00 0.000000000000000000e+00 0.000000000000000000e+00 0.000000000000000000e+00 0.000000000000000000e+00
1.519101123595505698e-01 1.348314606741572979e-03 6.247191011235955077e-02 3.146067415730337095e-03 0.000000000000000000e+00 0.000000000000000000e+00 5.977528089887640395e-02 1.123595505617977497e-02 4.494382022471910291e-04 0.000000000000000000e+00 0.000000000000000000e+00 7.010164738871363984e-04 1.594052558782849127e-01 1.166316771635176035e-03 5.102040816326531072e-04 0.000000000000000000e+00 4.710982658959537300e-02 2.614379084967320514e-04 2.624768946395563893e-02 2.261484098939929403e-03 0.000000000000000000e+00 0.000000000000000000e+00 4.203539823008849499e-03 0.000000000000000000e+00 0.000000000000000000e+00 0.000000000000000000e+00 0.000000000000000000e+00 0.000000000000000000e+00 3.215527230590961572e-02 6.738544474393531360e-04 1.965372016846045691e-02 8.273579702151130297e-04 5.609492988133764693e-03 1.800504141159524688e-03 2.271866717152593810e-03 0.000000000000000000e+00 1.355932203389830599e-03 0.000000000000000000e+00 1.549186676994577941e-03 0.000000000000000000e+00 0.000000000000000000e+00 0.000000000000000000e+00 0.000000000000000000e+00 0.000000000000000000e+00 1.624959376015599718e-04 0.000000000000000000e+00 0.000000000000000000e+00 0.000000000000000000e+00 4.280821917808218940e-04 0.000000000000000000e+00 4.255319148936170283e-03 0.000000000000000000e+00 0.000000000000000000e+00 0.000000000000000000e+00 5.461496450027307015e-04 0.000000000000000000e+00 6.425233644859812930e-03 0.000000000000000000e+00 2.591632728619030091e-03 0.000000000000000000e+00 2.157519899455383194e-02 0.000000000000000000e+00 3.757985719654265144e-03 0.000000000000000000e+00 1.346153846153846229e-02 0.000000000000000000e+00 2.904275092936802784e-03 1.573811772112055382e-04 2.048340843916427736e-04 0.000000000000000000e+00 4.518518518518518240e-02 0.000000000000000000e+00 3.137944019078699708e-03 8.488063660477454097e-04 0.000000000000000000e+00 0.000000000000000000e+00 5.958291956305859262e-04 2.049180327868852566e-03 0.000000000000000000e+00 0.000000000000000000e+00 1.811594202898550747e-03 0.000000000000000000e+00 0.000000000000000000e+00 0.000000000000000000e+00 1.353790613718411535e-02 0.000000000000000000e+00 0.000000000000000000e+00 0.000000000000000000e+00 2.490660024906600229e-03 0.000000000000000000e+00 0.000000000000000000e+00 0.000000000000000000e+00 0.000000000000000000e+00 0.000000000000000000e+00 0.000000000000000000e+00 0.000000000000000000e+00 0.000000000000000000e+00 0.000000000000000000e+00 0.000000000000000000e+00 0.000000000000000000e+00 0.000000000000000000e+00 0.000000000000000000e+00 0.000000000000000000e+00 0.000000000000000000e+00 0.000000000000000000e+00 0.000000000000000000e+00 0.000000000000000000e+00 0.000000000000000000e+00 0.000000000000000000e+00 0.000000000000000000e+00 0.000000000000000000e+00 0.000000000000000000e+00 0.000000000000000000e+00 0.000000000000000000e+00 0.000000000000000000e+00 0.000000000000000000e+00
2.453557658604977286e-03 2.769015071854188589e-02 5.608131791097091187e-03 4.837013669821240563e-02 0.000000000000000000e+00 0.000000000000000000e+00 8.412197686645635913e-03 1.605327725201542155e-01 0.000000000000000000e+00 1.051524710830704489e-03 7.010164738871363984e-04 0.000000000000000000e+00 1.383125864453665357e-03 2.010730114299043580e-01 0.000000000000000000e+00 1.290322580645161289e-02 5.780346820809248920e-04 1.594771241830065384e-02 2.218114602587800167e-03 2.035335689045936550e-02 0.000000000000000000e+00 0.000000000000000000e+00 1.548672566371681394e-03 4.138449962377727630e-03 0.000000000000000000e+00 0.000000000000000000e+00 0.000000000000000000e+00 0.000000000000000000e+00 2.896871378910776318e-04 9.164420485175202302e-02 2.339728591483387996e-03 2.482073910645339089e-03 4.314994606256742238e-04 1.092305845636778322e-02 0.000000000000000000e+00 6.988120195667365132e-04 0.000000000000000000e+00 0.000000000000000000e+00 0.000000000000000000e+00 2.349256068911511567e-03 0.000000000000000000e+00 0.000000000000000000e+00 0.000000000000000000e+00 0.000000000000000000e+00 0.000000000000000000e+00 0.000000000000000000e+00 0.000000000000000000e+00 0.000000000000000000e+00 0.000000000000000000e+00 6.233636703652910976e-04 1.979218208807520898e-04 2.592352559948152974e-03 0.000000000000000000e+00 0.000000000000000000e+00 0.000000000000000000e+00 1.215805471124620143e-03 0.000000000000000000e+00 1.808645324651835798e-03 0.000000000000000000e+00 1.208459214501510573e-03 0.000000000000000000e+00 5.695301376364499298e-03 0.000000000000000000e+00 1.082516339869281016e-02 0.000000000000000000e+00 1.307723743359215374e-02 1.161710037174721135e-04 1.888574126534466567e-03 0.000000000000000000e+00 0.000000000000000000e+00 7.407407407407407040e-04 3.745108999441028319e-02 2.761390736789255760e-03 9.336870026525199290e-03 0.000000000000000000e+00 1.218521527213647492e-03 1.787487586891757779e-03 4.470938897168405361e-03 0.000000000000000000e+00 0.000000000000000000e+00 0.000000000000000000e+00 1.105442176870748312e-02 0.000000000000000000e+00 0.000000000000000000e+00 0.000000000000000000e+00 1.521313450820906826e-02 0.000000000000000000e+00 0.000000000000000000e+00 0.000000000000000000e+00 3.798429982273993349e-03 0.000000000000000000e+00 0.000000000000000000e+00 0.000000000000000000e+00 0.000000000000000000e+00 0.000000000000000000e+00 0.000000000000000000e+00 0.000000000000000000e+00 0.000000000000000000e+00 0.000000000000000000e+00 0.000000000000000000e+00 0.000000000000000000e+00 0.000000000000000000e+00 0.000000000000000000e+00 0.000000000000000000e+00 0.000000000000000000e+00 0.000000000000000000e+00 0.000000000000000000e+00 0.000000000000000000e+00 0.000000000000000000e+00 0.000000000000000000e+00 0.000000000000000000e+00 0.000000000000000000e+00 0.000000000000000000e+00 0.000000000000000000e+00 0.000000000000000000e+00 0.000000000000000000e+00
1.694329183955739851e-02 6.915629322268326785e-04 1.103042876901798031e-01 1.175656984785615478e-02 6.915629322268326785e-04 6.915629322268326785e-04 2.441217150760719157e-01 2.420470262793914321e-02 5.532503457814661428e-03 0.000000000000000000e+00 1.594052558782849127e-01 1.383125864453665357e-03 0.000000000000000000e+00 3.965477023559598954e-03 8.979591836734693300e-02 3.225806451612903223e-03 4.046242774566473702e-03 0.000000000000000000e+00 7.948243992606284294e-03 4.240282685512367631e-04 0.000000000000000000e+00 0.000000000000000000e+00 2.566371681415929168e-02 3.386004514672686164e-03 1.002004008016031981e-03 0.000000000000000000e+00 0.000000000000000000e+00 0.000000000000000000e+00 7.415990730011587373e-02 3.369272237196765680e-04 1.684604585868039461e-02 1.268615554329840037e-02 3.451995685005393791e-03 1.080302484695714769e-03 7.572889057175311977e-04 0.000000000000000000e+00 6.779661016949152996e-04 0.000000000000000000e+00 0.000000000000000000e+00 0.000000000000000000e+00 0.000000000000000000e+00 0.000000000000000000e+00 0.000000000000000000e+00 0.000000000000000000e+00 0.000000000000000000e+00 0.000000000000000000e+00 0.000000000000000000e+00 0.000000000000000000e+00 1.426940639269406313e-04 0.000000000000000000e+00 2.276100940128649060e-03 0.000000000000000000e+00 0.000000000000000000e+00 0.000000000000000000e+00 2.730748225013653508e-04 0.000000000000000000e+00 1.168224299065420474e-03 0.000000000000000000e+00 1.295816364309515046e-03 0.000000000000000000e+00 1.277754503560955129e-02 0.000000000000000000e+00 1.014656144306651589e-02 0.000000000000000000e+00 1.282051282051282007e-02 0.000000000000000000e+00 1.161710037174721244e-03 0.000000000000000000e+00 4.096681687832855472e-04 0.000000000000000000e+00 2.037037037037037202e-02 5.589714924538848658e-04 5.522781473578511520e-03 3.395225464190981639e-03 0.000000000000000000e+00 8.123476848090982558e-04 3.376365441906653293e-03 2.049180327868852566e-03 0.000000000000000000e+00 0.000000000000000000e+00 5.797101449275362389e-03 0.000000000000000000e+00 0.000000000000000000e+00 0.000000000000000000e+00 1.398916967509025201e-02 0.000000000000000000e+00 0.000000000000000000e+00 0.000000000000000000e+00 1.867995018679950280e-03 0.000000000000000000e+00 0.000000000000000000e+00 0.000000000000000000e+00 0.000000000000000000e+00 0.000000000000000000e+00 0.000000000000000000e+00 0.000000000000000000e+00 0.000000000000000000e+00 0.000000000000000000e+00 0.000000000000000000e+00 0.000000000000000000e+00 0.000000000000000000e+00 0.000000000000000000e+00 0.000000000000000000e+00 0.000000000000000000e+00 0.000000000000000000e+00 0.000000000000000000e+00 0.000000000000000000e+00 0.000000000000000000e+00 0.000000000000000000e+00 0.000000000000000000e+00 0.000000000000000000e+00 0.000000000000000000e+00 0.000000000000000000e+00 0.000000000000000000e+00 0.000000000000000000e+00 0.000000000000000000e+00
