3.006645849780952284e-01 5.083388515015511144e-01 3.994175622837100037e-01 5.201016579589169408e-01 3.599003726760704458e-01 0.000000000000000000e+00 3.378754861854180169e-01 4.957723853607618469e-01 3.744971216766693756e-01 0.000000000000000000e+00 3.426983775111266395e-01 4.974855242374728870e-01 3.879110477435923077e-01 0.000000000000000000e+00 4.154043743952772760e-01 0.000000000000000000e+00 3.354449348390118324e-01 5.014110018735464802e-01 4.293288442077097811e-01 5.282214511088192399e-01 0.000000000000000000e+00 0.000000000000000000e+00 4.380235986219014888e-01 5.172404814814814955e-01 0.000000000000000000e+00 0.000000000000000000e+00 0.000000000000000000e+00 0.000000000000000000e+00 4.250170236854550754e-01 5.226772531586242332e-01 4.562526560000000342e-01 5.079362857142857290e-01 4.280555313427720776e-01 5.225664291740345080e-01 0.000000000000000000e+00 0.000000000000000000e+00 5.317453924510257002e-01 5.564564068697832599e-01 0.000000000000000000e+00 0.000000000000000000e+00 4.701812769304185013e-01 0.000000000000000000e+00 0.000000000000000000e+00 0.000000000000000000e+00 4.852693874113475081e-01 0.000000000000000000e+00 0.000000000000000000e+00 0.000000000000000000e+00 4.669439659786061569e-01 0.000000000000000000e+00 4.616299131683225809e-01 4.983956277930293721e-01 4.497199845927036255e-01 4.749558161073826335e-01 4.507405383492169015e-01 0.000000000000000000e+00 3.138280867653732709e-01 5.050157886441154487e-01 4.588586645857316015e-01 5.186817655667458338e-01 4.470818231972908952e-01 5.082777524386454804e-01 4.188295364889703110e-01 4.925160104331253730e-01 4.741980666847419590e-01 0.000000000000000000e+00 4.558247683949403495e-01 5.019298385514778804e-01 2.560137659436793056e-01 5.260678831443965642e-01 3.819144261598096390e-01 5.153073909716944234e-01 4.045993047325667225e-01 4.888250807234819639e-01 4.175196338106523242e-01 0.000000000000000000e+00 4.126741135559222617e-01 4.910505170392605589e-01 0.000000000000000000e+00 0.000000000000000000e+00 4.593001840786639089e-01 4.740939792507947725e-01 0.000000000000000000e+00 0.000000000000000000e+00 4.570875782368962748e-01 4.794857460317459852e-01 4.711660840463126054e-01 0.000000000000000000e+00 4.637091054118160915e-01 0.000000000000000000e+00 4.336460174317659511e-01 4.641360170940171392e-01 0.000000000000000000e+00 5.030249046874999408e-01 4.613846266675277752e-01 4.792519807692308120e-01 0.000000000000000000e+00 0.000000000000000000e+00 0.000000000000000000e+00 4.538436730991881052e-01 0.000000000000000000e+00 4.657195634920635041e-01 4.862287049180328280e-01 0.000000000000000000e+00 0.000000000000000000e+00 0.000000000000000000e+00 0.000000000000000000e+00 0.000000000000000000e+00 0.000000000000000000e+00 0.000000000000000000e+00 0.000000000000000000e+00 0.000000000000000000e+00 4.412125049504949659e-01 0.000000000000000000e+00 0.000000000000000000e+00 0.000000000000000000e+00
5.083388515015511144e-01 3.032830120443533728e-01 5.275864247500157145e-01 3.528289477555055509e-01 0.000000000000000000e+00 3.519429021309619099e-01 5.090184737231198131e-01 3.467361756659409489e-01 0.000000000000000000e+00 3.852412047455422983e-01 0.000000000000000000e+00 3.467873631132070145e-01 0.000000000000000000e+00 3.940585040187441490e-01 0.000000000000000000e+00 3.919910252265965123e-01 5.071050223382070898e-01 3.431323888537785582e-01 5.340824538172241898e-01 3.727616557775916273e-01 0.000000000000000000e+00 0.000000000000000000e+00 5.192045130434782552e-01 4.326547104821387713e-01 0.000000000000000000e+00 4.199479736842105515e-01 0.000000000000000000e+00 3.664410857142856859e-01 5.202295054533162544e-01 4.662454429404280232e-01 4.764228800309597833e-01 5.257209779727096688e-01 5.343952894655077390e-01 4.544010692188141243e-01 0.000000000000000000e+00 4.886372542729591206e-01 5.742529774099160988e-01 5.310143036925064619e-01 0.000000000000000000e+00 4.935229420988007654e-01 5.698116300000000134e-01 0.000000000000000000e+00 0.000000000000000000e+00 0.000000000000000000e+00 0.000000000000000000e+00 4.642074094654569660e-01 0.000000000000000000e+00 4.364803846328452197e-01 5.322665221784776968e-01 4.524673825400428173e-01 5.104930062758906706e-01 4.519278337987209793e-01 0.000000000000000000e+00 4.438383531063201937e-01 0.000000000000000000e+00 4.430930204437237285e-01 5.200940802922617845e-01 3.653968389524022142e-01 5.254961444742272114e-01 4.527134707763844079e-01 5.271636860465115371e-01 4.489415412859053545e-01 4.836073617021276472e-01 3.994335693746418614e-01 5.255981109929077633e-01 4.509801327177077601e-01 5.172207869539918734e-01 3.746924301685835568e-01 5.502862718243174411e-01 3.073516365253231575e-01 5.122352120254344277e-01 3.968740619327384422e-01 5.071301158435737033e-01 4.375724413902664089e-01 5.248514687499999942e-01 4.837925781518883639e-01 5.066364215184543385e-01 4.424882467935085106e-01 0.000000000000000000e+00 0.000000000000000000e+00 0.000000000000000000e+00 4.341034946984909659e-01 0.000000000000000000e+00 0.000000000000000000e+00 4.701351639430128015e-01 4.638581793257566255e-01 0.000000000000000000e+00 0.000000000000000000e+00 4.820817462686566301e-01 4.692560720248362127e-01 0.000000000000000000e+00 4.856478640006400838e-01 4.418151540379665621e-01 4.591614134385716972e-01 4.654946620356610332e-01 4.836133732214398240e-01 0.000000000000000000e+00 4.914043760683760032e-01 0.000000000000000000e+00 4.595356792583802363e-01 0.000000000000000000e+00 4.457332040665803463e-01 5.039930650052056871e-01 4.461382779725426295e-01 0.000000000000000000e+00 4.861150384615384734e-01 4.789459596622890336e-01 5.348746513761468702e-01 0.000000000000000000e+00 0.000000000000000000e+00 0.000000000000000000e+00 0.000000000000000000e+00 0.000000000000000000e+00 0.000000000000000000e+00 4.750352865420561788e-01 0.000000000000000000e+00
3.994175622837100037e-01 5.275864247500157145e-01 2.924137761462721197e-01 4.875317111103433243e-01 2.530715296216442534e-01 4.770396166306922758e-01 3.331014068800163264e-01 4.829293074249813023e-01 3.506083534380267097e-01 4.815249996276991240e-01 4.236431577875657273e-01 5.020543817434403033e-01 3.832099247089769678e-01 4.675549929927261816e-01 3.830410241383492842e-01 4.777047920704028394e-01 4.228890179366457946e-01 5.195633321700586782e-01 3.257494024420414802e-01 5.359523202232018280e-01 3.997679410331383965e-01 0.000000000000000000e+00 2.782597562581500816e-01 4.897249382703544596e-01 3.003700488786145151e-01 4.023550298701298877e-01 3.199956150799502241e-01 4.699964553878719919e-01 3.977400944650563153e-01 5.069222841392769796e-01 3.735511319945356568e-01 4.446524591092280154e-01 4.506756864971286913e-01 5.160454954710439468e-01 4.902219683445296350e-01 0.000000000000000000e+00 5.102437870654046304e-01 5.039993367254206325e-01 0.000000000000000000e+00 0.000000000000000000e+00 4.239574871794872246e-01 0.000000000000000000e+00 4.668012549019607826e-01 0.000000000000000000e+00 4.926618688366775634e-01 0.000000000000000000e+00 0.000000000000000000e+00 0.000000000000000000e+00 4.922630787500235638e-01 5.545188677685950474e-01 4.656839842379808525e-01 0.000000000000000000e+00 4.419464471752485579e-01 0.000000000000000000e+00 4.618679476130631012e-01 0.000000000000000000e+00 4.444285098403140122e-01 5.141684864878682815e-01 4.675294349326525323e-01 0.000000000000000000e+00 4.454128509429078897e-01 5.111447794968437819e-01 4.311748926767676182e-01 0.000000000000000000e+00 4.444253307392936891e-01 0.000000000000000000e+00 4.776806004702865427e-01 5.667292520792078792e-01 3.984002241219063989e-01 5.428002500000000952e-01 3.838672132405264170e-01 4.946096371695831717e-01 3.984500660823884211e-01 4.875361181817208234e-01 3.890038282800556968e-01 0.000000000000000000e+00 4.190485396858003031e-01 4.916851321227343474e-01 0.000000000000000000e+00 0.000000000000000000e+00 3.895952538369149565e-01 0.000000000000000000e+00 0.000000000000000000e+00 0.000000000000000000e+00 4.239473752511098148e-01 0.000000000000000000e+00 3.983784531153335973e-01 0.000000000000000000e+00 4.303884097491846306e-01 4.978289033909547023e-01 4.117087142857143167e-01 4.946798312500000350e-01 4.097267122302157838e-01 0.000000000000000000e+00 4.544747020639587354e-01 5.065546384615384756e-01 0.000000000000000000e+00 0.000000000000000000e+00 4.385779090909091016e-01 0.000000000000000000e+00 0.000000000000000000e+00 0.000000000000000000e+00 4.250673984962405894e-01 4.790096666666666114e-01 0.000000000000000000e+00 0.000000000000000000e+00 0.000000000000000000e+00 0.000000000000000000e+00 0.000000000000000000e+00 0.000000000000000000e+00 0.000000000000000000e+00 4.562719285714286199e-01 0.000000000000000000e+00 0.000000000000000000e+00 0.000000000000000000e+00 0.000000000000000000e+00
5.201016579589169408e-01 3.528289477555055509e-01 4.875317111103433243e-01 2.804986946459864239e-01 4.926336280284043245e-01 2.383768896385936031e-01 4.852458145440637916e-01 3.413685392494885118e-01 4.777511861728394593e-01 2.492534850423946957e-01 4.854162024305800904e-01 4.269736063767467504e-01 4.704057670291629800e-01 3.823245394451746382e-01 4.389601062105814577e-01 3.632415642537761835e-01 4.854120676163723447e-01 4.474822302737803126e-01 5.232146676691070697e-01 3.618807971219399899e-01 0.000000000000000000e+00 0.000000000000000000e+00 4.773232492719653997e-01 2.579208630882666720e-01 4.389103947096936187e-01 2.700170003763593951e-01 3.468013846153846225e-01 3.272441900145742211e-01 4.943048638048683219e-01 4.128607388451380200e-01 4.505530667568248826e-01 3.574327708957716343e-01 5.170748185956678400e-01 4.421613277424227828e-01 0.000000000000000000e+00 4.662724781155623832e-01 0.000000000000000000e+00 5.112034499227825490e-01 0.000000000000000000e+00 5.084137710138193489e-01 0.000000000000000000e+00 4.947234590163935297e-01 0.000000000000000000e+00 4.554720026223775808e-01 0.000000000000000000e+00 4.876568890273914048e-01 0.000000000000000000e+00 4.562463031250000300e-01 0.000000000000000000e+00 4.935536894025517318e-01 5.371934477611940428e-01 4.668899762698277001e-01 0.000000000000000000e+00 4.359482054687500163e-01 0.000000000000000000e+00 4.714260110704659446e-01 4.972120337031375459e-01 4.200226250682401741e-01 0.000000000000000000e+00 4.666371977794306902e-01 5.168161151661295749e-01 4.551385016110451875e-01 5.046461803030303228e-01 4.175999706748266815e-01 0.000000000000000000e+00 4.727446903817159596e-01 5.250080512667832933e-01 4.616792728292883341e-01 5.190557316220810735e-01 4.121240866113294876e-01 5.193830562348477065e-01 3.885496595443015955e-01 4.660540828434557858e-01 4.031476440343568224e-01 0.000000000000000000e+00 3.715823521276596653e-01 4.742660118453714824e-01 4.354491004820756905e-01 0.000000000000000000e+00 0.000000000000000000e+00 0.000000000000000000e+00 4.171183175818500288e-01 0.000000000000000000e+00 0.000000000000000000e+00 4.577388601398602042e-01 4.379177912012698903e-01 0.000000000000000000e+00 4.529699610389610331e-01 4.981702480851063486e-01 4.529453765689021583e-01 4.578669573694697514e-01 4.379140911120374957e-01 4.448465248447205367e-01 4.522019284875580802e-01 4.693745898398863914e-01 4.590697597994891632e-01 0.000000000000000000e+00 4.129731111111111241e-01 4.654184417511126881e-01 4.593221159870120585e-01 0.000000000000000000e+00 0.000000000000000000e+00 4.917009267034811448e-01 4.449254682003244699e-01 4.210765585585584669e-01 4.278531363636363660e-01 0.000000000000000000e+00 0.000000000000000000e+00 0.000000000000000000e+00 0.000000000000000000e+00 4.532037933884297543e-01 0.000000000000000000e+00 4.404590597014925168e-01 0.000000000000000000e+00 4.695865420560746961e-01 0.000000000000000000e+00
3.599003726760704458e-01 0.000000000000000000e+00 2.530715296216442534e-01 4.926336280284043245e-01 2.343821383060564478e-01 4.636793082775010344e-01 2.615821250898003325e-01 4.665549320809055378e-01 2.366518097040395119e-01 4.630976242010420019e-01 0.000000000000000000e+00 0.000000000000000000e+00 3.412773236753565143e-01 0.000000000000000000e+00 3.156392411475916204e-01 4.529725154466230919e-01 4.020893999999999857e-01 0.000000000000000000e+00 4.032745315274851028e-01 0.000000000000000000e+00 4.331033817711731904e-01 0.000000000000000000e+00 1.964368645846642225e-01 4.541059092719033075e-01 1.965232531393898419e-01 4.647327838218289209e-01 3.096644458332171723e-01 5.080255003106725065e-01 3.700083913231715926e-01 4.735624864864865224e-01 3.397048259399511050e-01 4.014891846504747841e-01 3.969895035523067772e-01 0.000000000000000000e+00 0.000000000000000000e+00 0.000000000000000000e+00 0.000000000000000000e+00 0.000000000000000000e+00 0.000000000000000000e+00 0.000000000000000000e+00 0.000000000000000000e+00 0.000000000000000000e+00 0.000000000000000000e+00 0.000000000000000000e+00 0.000000000000000000e+00 0.000000000000000000e+00 0.000000000000000000e+00 0.000000000000000000e+00 0.000000000000000000e+00 0.000000000000000000e+00 3.899819203163113479e-01 0.000000000000000000e+00 0.000000000000000000e+00 0.000000000000000000e+00 0.000000000000000000e+00 0.000000000000000000e+00 0.000000000000000000e+00 0.000000000000000000e+00 4.634538076923077621e-01 0.000000000000000000e+00 4.000382386765636844e-01 0.000000000000000000e+00 0.000000000000000000e+00 0.000000000000000000e+00 4.207821709388971376e-01 0.000000000000000000e+00 4.389577393964880225e-01 0.000000000000000000e+00 4.623068375224973492e-01 0.000000000000000000e+00 3.525715216255220774e-01 4.859031904838779781e-01 3.310655901368243503e-01 0.000000000000000000e+00 3.396153815776783436e-01 0.000000000000000000e+00 3.582474361397398055e-01 0.000000000000000000e+00 0.000000000000000000e+00 0.000000000000000000e+00 0.000000000000000000e+00 0.000000000000000000e+00 0.000000000000000000e+00 0.000000000000000000e+00 3.927320595816346516e-01 0.000000000000000000e+00 0.000000000000000000e+00 0.000000000000000000e+00 3.958109174518743556e-01 0.000000000000000000e+00 0.000000000000000000e+00 3.861098442622951099e-01 3.791539389312977293e-01 0.000000000000000000e+00 3.792753360173589661e-01 3.809251888888888216e-01 0.000000000000000000e+00 0.000000000000000000e+00 0.000000000000000000e+00 0.000000000000000000e+00 0.000000000000000000e+00 0.000000000000000000e+00 0.000000000000000000e+00 0.000000000000000000e+00 0.000000000000000000e+00 0.000000000000000000e+00 0.000000000000000000e+00 0.000000000000000000e+00 0.000000000000000000e+00 0.000000000000000000e+00 0.000000000000000000e+00 0.000000000000000000e+00 0.000000000000000000e+00 0.000000000000000000e+00 0.000000000000000000e+00 0.000000000000000000e+00
0.000000000000000000e+00 3.519429021309619099e-01 4.770396166306922758e-01 2.383768896385936031e-01 4.636793082775010344e-01 1.941254580189114287e-01 4.688129575648671277e-01 2.776819622990929770e-01 4.657332412528792376e-01 2.200938801445685433e-01 0.000000000000000000e+00 3.693244870061825336e-01 0.000000000000000000e+00 3.634397127332615329e-01 4.036904092605123062e-01 2.868190689213516165e-01 0.000000000000000000e+00 4.019708342573342641e-01 4.528341743119265184e-01 3.828115074216087432e-01 4.692181751327712536e-01 3.598206606435520594e-01 4.689707904751169165e-01 2.113685337456052415e-01 4.450757611266891733e-01 1.607303766041668081e-01 4.611153052450199796e-01 2.379447445738718248e-01 4.715371250000000014e-01 3.385965969646098084e-01 4.665380017861476825e-01 3.304918459152246246e-01 4.930303049645390345e-01 3.979540302292532972e-01 0.000000000000000000e+00 0.000000000000000000e+00 0.000000000000000000e+00 4.183807733185582189e-01 0.000000000000000000e+00 0.000000000000000000e+00 0.000000000000000000e+00 0.000000000000000000e+00 0.000000000000000000e+00 4.844026513231756703e-01 0.000000000000000000e+00 4.870857142857142330e-01 0.000000000000000000e+00 0.000000000000000000e+00 0.000000000000000000e+00 4.721918684210525963e-01 0.000000000000000000e+00 4.219153541154823661e-01 0.000000000000000000e+00 4.469271208955223895e-01 0.000000000000000000e+00 4.453263251095834763e-01 0.000000000000000000e+00 4.191509844944997232e-01 0.000000000000000000e+00 4.722341510522312658e-01 0.000000000000000000e+00 0.000000000000000000e+00 0.000000000000000000e+00 0.000000000000000000e+00 0.000000000000000000e+00 0.000000000000000000e+00 0.000000000000000000e+00 4.479042953392201598e-01 0.000000000000000000e+00 0.000000000000000000e+00 5.359773484771522822e-01 4.080401354022602511e-01 4.828438500475586426e-01 3.705732163976361848e-01 0.000000000000000000e+00 3.285511575399066020e-01 4.347114734931591951e-01 3.673084978241845655e-01 0.000000000000000000e+00 0.000000000000000000e+00 0.000000000000000000e+00 0.000000000000000000e+00 0.000000000000000000e+00 3.877323098591549666e-01 0.000000000000000000e+00 4.312621965952722070e-01 0.000000000000000000e+00 3.986449455152274446e-01 0.000000000000000000e+00 4.263236963963890624e-01 0.000000000000000000e+00 0.000000000000000000e+00 0.000000000000000000e+00 0.000000000000000000e+00 4.175795957446807871e-01 3.989235394736841966e-01 0.000000000000000000e+00 0.000000000000000000e+00 0.000000000000000000e+00 0.000000000000000000e+00 0.000000000000000000e+00 0.000000000000000000e+00 0.000000000000000000e+00 0.000000000000000000e+00 0.000000000000000000e+00 0.000000000000000000e+00 0.000000000000000000e+00 0.000000000000000000e+00 0.000000000000000000e+00 0.000000000000000000e+00 0.000000000000000000e+00 0.000000000000000000e+00 0.000000000000000000e+00 0.000000000000000000e+00 3.874291851851851542e-01 0.000000000000000000e+00
3.378754861854180169e-01 5.090184737231198131e-01 3.331014068800163264e-01 4.852458145440637916e-01 2.615821250898003325e-01 4.688129575648671277e-01 2.865449699217881285e-01 4.865582001980853222e-01 3.088183636577054303e-01 4.920123788072579551e-01 4.208945501116207466e-01 5.054937986313192688e-01 3.172823081360706121e-01 4.760111226820100128e-01 3.705185242402196932e-01 4.850206740797501914e-01 4.291672508608212477e-01 5.120787351137640053e-01 4.310280007229111976e-01 5.197818234966880002e-01 0.000000000000000000e+00 0.000000000000000000e+00 3.795825052587750159e-01 4.759576357982304162e-01 3.179649409971716523e-01 4.563559756308383508e-01 3.751746400067068610e-01 0.000000000000000000e+00 4.007030859313317483e-01 4.980973240150933790e-01 3.845875833512680808e-01 4.587068887072774381e-01 4.604659428029949098e-01 5.178689395210770430e-01 0.000000000000000000e+00 0.000000000000000000e+00 4.692178748000568889e-01 5.045089931271478090e-01 0.000000000000000000e+00 0.000000000000000000e+00 0.000000000000000000e+00 0.000000000000000000e+00 4.864454285714286397e-01 0.000000000000000000e+00 4.780671360172932260e-01 5.612407619047617979e-01 4.569412689655172333e-01 0.000000000000000000e+00 4.919206721052340470e-01 4.992951007194244561e-01 4.539229746384548236e-01 5.022257443310657044e-01 4.512240250957250676e-01 0.000000000000000000e+00 4.452889342295251462e-01 4.884218793103448086e-01 4.210018650593022604e-01 0.000000000000000000e+00 4.616661761056715663e-01 5.317651946902653970e-01 4.416249446905117226e-01 0.000000000000000000e+00 4.195172955565028006e-01 5.252095897435896665e-01 4.589763958180990144e-01 0.000000000000000000e+00 4.693418208250118018e-01 0.000000000000000000e+00 4.417299527678901216e-01 0.000000000000000000e+00 3.555537674674955073e-01 4.933948316756697205e-01 3.970119041315618436e-01 4.730419991252921563e-01 3.490895034042553191e-01 0.000000000000000000e+00 3.955466713308016802e-01 4.732926443276417316e-01 0.000000000000000000e+00 0.000000000000000000e+00 4.348144449164647596e-01 0.000000000000000000e+00 0.000000000000000000e+00 0.000000000000000000e+00 4.387967134639708111e-01 0.000000000000000000e+00 4.564808648648648881e-01 0.000000000000000000e+00 4.433158367083278040e-01 0.000000000000000000e+00 4.467582066115702855e-01 0.000000000000000000e+00 4.264561623931623635e-01 0.000000000000000000e+00 4.228629013634337408e-01 4.384245903614457651e-01 0.000000000000000000e+00 0.000000000000000000e+00 0.000000000000000000e+00 0.000000000000000000e+00 0.000000000000000000e+00 0.000000000000000000e+00 0.000000000000000000e+00 0.000000000000000000e+00 0.000000000000000000e+00 0.000000000000000000e+00 0.000000000000000000e+00 4.926988513513513857e-01 0.000000000000000000e+00 0.000000000000000000e+00 0.000000000000000000e+00 0.000000000000000000e+00 0.000000000000000000e+00 0.000000000000000000e+00 0.000000000000000000e+00 0.000000000000000000e+00
4.957723853607618469e-01 3.467361756659409489e-01 4.829293074249813023e-01 3.413685392494885118e-01 4.665549320809055378e-01 2.776819622990929770e-01 4.865582001980853222e-01 2.869464371601542219e-01 4.655435148448043847e-01 2.521061894410741577e-01 4.838896614049159606e-01 3.542614751188330469e-01 4.665343976042255481e-01 2.925954299040604001e-01 4.610478928593587655e-01 3.225012164997285713e-01 4.858383838492521534e-01 4.274466287357429617e-01 4.965987222995712491e-01 4.040555813607826230e-01 0.000000000000000000e+00 0.000000000000000000e+00 4.821940314624438284e-01 3.867781837365680819e-01 4.040487973228575891e-01 3.141050945104697512e-01 3.962876694740902206e-01 3.872523583170254247e-01 4.782593453239940007e-01 3.841094329058937218e-01 4.600664497569674771e-01 3.816533404563731691e-01 5.042072270714434978e-01 4.576479336735655989e-01 0.000000000000000000e+00 4.864126858237547979e-01 0.000000000000000000e+00 4.723168203981903401e-01 0.000000000000000000e+00 5.056565863637131342e-01 0.000000000000000000e+00 0.000000000000000000e+00 0.000000000000000000e+00 4.638402366316101144e-01 0.000000000000000000e+00 4.532178622649953303e-01 0.000000000000000000e+00 0.000000000000000000e+00 0.000000000000000000e+00 4.586567288172330170e-01 5.109856876417233629e-01 4.518932997056829826e-01 0.000000000000000000e+00 4.434296113535357020e-01 4.856113594771242492e-01 4.402123127067513186e-01 0.000000000000000000e+00 4.230358609983843055e-01 5.040679704960072671e-01 4.661076909927244771e-01 4.929435717026244279e-01 4.368079947601559709e-01 0.000000000000000000e+00 4.253183584453447685e-01 0.000000000000000000e+00 4.459644943540014284e-01 5.131193633597703752e-01 4.767918668788453385e-01 5.174218305971913789e-01 4.732310202748373218e-01 5.045795725586578184e-01 3.387238331851305517e-01 4.722387613675600448e-01 3.895195017684920935e-01 3.983358470588234668e-01 3.638424578431372347e-01 4.635229280032775456e-01 4.190102444181111885e-01 0.000000000000000000e+00 0.000000000000000000e+00 0.000000000000000000e+00 4.332885406277990348e-01 0.000000000000000000e+00 0.000000000000000000e+00 4.472638827586206678e-01 4.434977772762266346e-01 0.000000000000000000e+00 0.000000000000000000e+00 0.000000000000000000e+00 4.472708883815713632e-01 4.651186533145406088e-01 4.347665997793602188e-01 4.495829153846154225e-01 0.000000000000000000e+00 4.766900759223961503e-01 4.463627835792934873e-01 0.000000000000000000e+00 0.000000000000000000e+00 4.773069920826465973e-01 4.649500265156154555e-01 0.000000000000000000e+00 0.000000000000000000e+00 4.920145441176470569e-01 4.269922419354837961e-01 4.958295035971222453e-01 4.699991842105262774e-01 0.000000000000000000e+00 0.000000000000000000e+00 0.000000000000000000e+00 0.000000000000000000e+00 0.000000000000000000e+00 0.000000000000000000e+00 0.000000000000000000e+00 0.000000000000000000e+00 4.590693398058252050e-01 0.000000000000000000e+00
3.744971216766693756e-01 0.000000000000000000e+00 3.506083534380267097e-01 4.777511861728394593e-01 2.366518097040395119e-01 4.657332412528792376e-01 3.088183636577054303e-01 4.655435148448043847e-01 2.706377899648808039e-01 4.812869859370575987e-01 0.000000000000000000e+00 0.000000000000000000e+00 3.137567866579981102e-01 4.816963720930232395e-01 3.054417631044994974e-01 0.000000000000000000e+00 0.000000000000000000e+00 0.000000000000000000e+00 3.998288750000000280e-01 0.000000000000000000e+00 0.000000000000000000e+00 0.000000000000000000e+00 3.861144249978599730e-01 4.658812078960519187e-01 3.688791785714286009e-01 4.527305866574649063e-01 2.690592177419355302e-01 4.544040718413756008e-01 3.738454997928832291e-01 0.000000000000000000e+00 3.704645411950681089e-01 4.088534303011555626e-01 4.715341335997715877e-01 0.000000000000000000e+00 0.000000000000000000e+00 0.000000000000000000e+00 0.000000000000000000e+00 0.000000000000000000e+00 0.000000000000000000e+00 0.000000000000000000e+00 0.000000000000000000e+00 0.000000000000000000e+00 0.000000000000000000e+00 0.000000000000000000e+00 0.000000000000000000e+00 0.000000000000000000e+00 0.000000000000000000e+00 0.000000000000000000e+00 0.000000000000000000e+00 0.000000000000000000e+00 4.107052855603448016e-01 0.000000000000000000e+00 0.000000000000000000e+00 0.000000000000000000e+00 0.000000000000000000e+00 0.000000000000000000e+00 3.848941979962817728e-01 0.000000000000000000e+00 4.585351924019607783e-01 0.000000000000000000e+00 4.261688737697755247e-01 0.000000000000000000e+00 4.463761354166666528e-01 0.000000000000000000e+00 4.586921442857143649e-01 0.000000000000000000e+00 0.000000000000000000e+00 0.000000000000000000e+00 4.748714193627451285e-01 0.000000000000000000e+00 3.472490255849923213e-01 5.462792094379640417e-01 3.580105564915004313e-01 4.496851844660193498e-01 3.424668089947089933e-01 0.000000000000000000e+00 3.716853008378211420e-01 0.000000000000000000e+00 0.000000000000000000e+00 0.000000000000000000e+00 4.047256399999998866e-01 0.000000000000000000e+00 0.000000000000000000e+00 0.000000000000000000e+00 4.058332612495911262e-01 0.000000000000000000e+00 0.000000000000000000e+00 0.000000000000000000e+00 4.139243003691041589e-01 0.000000000000000000e+00 0.000000000000000000e+00 4.353475693430656768e-01 0.000000000000000000e+00 3.923867448275862313e-01 3.670609406070428626e-01 0.000000000000000000e+00 0.000000000000000000e+00 0.000000000000000000e+00 0.000000000000000000e+00 0.000000000000000000e+00 0.000000000000000000e+00 0.000000000000000000e+00 3.971820708661417676e-01 0.000000000000000000e+00 0.000000000000000000e+00 0.000000000000000000e+00 0.000000000000000000e+00 0.000000000000000000e+00 0.000000000000000000e+00 0.000000000000000000e+00 0.000000000000000000e+00 0.000000000000000000e+00 0.000000000000000000e+00 0.000000000000000000e+00 0.000000000000000000e+00 0.000000000000000000e+00
0.000000000000000000e+00 3.852412047455422983e-01 4.815249996276991240e-01 2.492534850423946957e-01 4.630976242010420019e-01 2.200938801445685433e-01 4.920123788072579551e-01 2.521061894410741577e-01 4.812869859370575987e-01 2.163241350582874312e-01 0.000000000000000000e+00 3.819821495535714595e-01 4.910306987951807978e-01 3.603395459864081052e-01 4.835257852275965940e-01 3.296097650077571273e-01 0.000000000000000000e+00 4.061406285714284636e-01 0.000000000000000000e+00 0.000000000000000000e+00 0.000000000000000000e+00 3.509285508806370690e-01 4.898227661711007097e-01 2.054996385774251755e-01 3.883896935483870938e-01 2.900450626971389223e-01 0.000000000000000000e+00 3.394491002542170399e-01 4.645750074143691899e-01 3.621421307943941126e-01 4.572090272681581524e-01 3.490083333333332538e-01 0.000000000000000000e+00 4.015173174603174910e-01 0.000000000000000000e+00 0.000000000000000000e+00 0.000000000000000000e+00 4.069864760134089821e-01 0.000000000000000000e+00 0.000000000000000000e+00 0.000000000000000000e+00 0.000000000000000000e+00 0.000000000000000000e+00 0.000000000000000000e+00 0.000000000000000000e+00 0.000000000000000000e+00 0.000000000000000000e+00 0.000000000000000000e+00 0.000000000000000000e+00 4.125389602564102920e-01 0.000000000000000000e+00 0.000000000000000000e+00 0.000000000000000000e+00 0.000000000000000000e+00 0.000000000000000000e+00 0.000000000000000000e+00 0.000000000000000000e+00 3.855150973214285792e-01 0.000000000000000000e+00 0.000000000000000000e+00 0.000000000000000000e+00 3.975091005897772867e-01 0.000000000000000000e+00 4.287055340909091128e-01 0.000000000000000000e+00 0.000000000000000000e+00 0.000000000000000000e+00 4.255683805184548585e-01 4.733221055900621033e-01 4.923407272727272632e-01 5.362679952326214750e-01 3.714062593355535458e-01 0.000000000000000000e+00 3.725616045739300053e-01 0.000000000000000000e+00 3.860954155555555434e-01 4.771062181818181980e-01 3.641510481500259133e-01 0.000000000000000000e+00 0.000000000000000000e+00 0.000000000000000000e+00 4.112867471834548150e-01 0.000000000000000000e+00 0.000000000000000000e+00 0.000000000000000000e+00 4.272184099043635497e-01 0.000000000000000000e+00 0.000000000000000000e+00 0.000000000000000000e+00 4.525849392311289132e-01 0.000000000000000000e+00 0.000000000000000000e+00 0.000000000000000000e+00 0.000000000000000000e+00 0.000000000000000000e+00 4.398092022471909446e-01 0.000000000000000000e+00 0.000000000000000000e+00 0.000000000000000000e+00 0.000000000000000000e+00 0.000000000000000000e+00 0.000000000000000000e+00 0.000000000000000000e+00 0.000000000000000000e+00 0.000000000000000000e+00 0.000000000000000000e+00 0.000000000000000000e+00 4.202040084745762849e-01 0.000000000000000000e+00 0.000000000000000000e+00 0.000000000000000000e+00 0.000000000000000000e+00 0.000000000000000000e+00 0.000000000000000000e+00 0.000000000000000000e+00 0.000000000000000000e+00
3.426983775111266395e-01 0.000000000000000000e+00 4.236431577875657273e-01 4.854162024305800904e-01 0.000000000000000000e+00 0.000000000000000000e+00 4.208945501116207466e-01 4.838896614049159606e-01 0.000000000000000000e+00 0.000000000000000000e+00 3.333217660968544327e-01 4.769749687925510240e-01 3.328935681889818032e-01 4.863340210854998347e-01 4.358655805271383632e-01 0.000000000000000000e+00 3.361666020687570922e-01 5.311445249999999785e-01 4.477227600272815078e-01 5.134396774485597836e-01 0.000000000000000000e+00 0.000000000000000000e+00 4.075826151657658825e-01 4.691819733088269384e-01 0.000000000000000000e+00 0.000000000000000000e+00 0.000000000000000000e+00 0.000000000000000000e+00 3.881379541394144317e-01 4.324969740259740347e-01 4.115115667741679473e-01 4.271422583763971326e-01 4.128777778300055656e-01 5.051116506600192846e-01 0.000000000000000000e+00 0.000000000000000000e+00 0.000000000000000000e+00 0.000000000000000000e+00 0.000000000000000000e+00 0.000000000000000000e+00 0.000000000000000000e+00 0.000000000000000000e+00 0.000000000000000000e+00 0.000000000000000000e+00 4.679182941176470156e-01 0.000000000000000000e+00 0.000000000000000000e+00 0.000000000000000000e+00 4.688022105072463530e-01 0.000000000000000000e+00 4.557982306391634708e-01 0.000000000000000000e+00 0.000000000000000000e+00 0.000000000000000000e+00 4.603455291666667115e-01 0.000000000000000000e+00 3.735270362953106993e-01 0.000000000000000000e+00 4.459136481626880810e-01 0.000000000000000000e+00 4.487331907134909370e-01 0.000000000000000000e+00 4.324803261213830963e-01 0.000000000000000000e+00 4.532035792999267731e-01 0.000000000000000000e+00 4.595746952214803116e-01 0.000000000000000000e+00 4.367477635567132976e-01 0.000000000000000000e+00 3.870404198820925346e-01 4.947851208020049851e-01 4.008805175219554151e-01 4.316680101010101356e-01 0.000000000000000000e+00 0.000000000000000000e+00 4.242034511559139021e-01 4.931457771739130580e-01 0.000000000000000000e+00 0.000000000000000000e+00 4.179315834671080143e-01 0.000000000000000000e+00 4.603630522388060253e-01 0.000000000000000000e+00 4.376580041238909424e-01 0.000000000000000000e+00 4.410495799999999966e-01 0.000000000000000000e+00 4.583511788850669899e-01 0.000000000000000000e+00 0.000000000000000000e+00 0.000000000000000000e+00 0.000000000000000000e+00 0.000000000000000000e+00 0.000000000000000000e+00 0.000000000000000000e+00 0.000000000000000000e+00 0.000000000000000000e+00 0.000000000000000000e+00 0.000000000000000000e+00 0.000000000000000000e+00 0.000000000000000000e+00 0.000000000000000000e+00 0.000000000000000000e+00 0.000000000000000000e+00 0.000000000000000000e+00 0.000000000000000000e+00 0.000000000000000000e+00 0.000000000000000000e+00 0.000000000000000000e+00 0.000000000000000000e+00 0.000000000000000000e+00 0.000000000000000000e+00 0.000000000000000000e+00 0.000000000000000000e+00 0.000000000000000000e+00
4.974855242374728870e-01 3.467873631132070145e-01 5.020543817434403033e-01 4.269736063767467504e-01 0.000000000000000000e+00 3.693244870061825336e-01 5.054937986313192688e-01 3.542614751188330469e-01 0.000000000000000000e+00 3.819821495535714595e-01 4.769749687925510240e-01 3.095057975119018256e-01 4.745913170731706487e-01 3.341330652962648529e-01 0.000000000000000000e+00 3.965907554554987668e-01 4.971652891566264998e-01 3.327141346487794138e-01 5.043185509731429317e-01 4.573410587965359708e-01 0.000000000000000000e+00 0.000000000000000000e+00 4.840716211945383929e-01 4.339004270926098972e-01 0.000000000000000000e+00 0.000000000000000000e+00 0.000000000000000000e+00 0.000000000000000000e+00 4.874821611545279709e-01 4.534627401631551313e-01 4.402931527754873064e-01 4.251437372525062597e-01 4.810886773983235609e-01 4.326831161932126468e-01 0.000000000000000000e+00 4.930884775635435702e-01 0.000000000000000000e+00 4.689851743827160857e-01 0.000000000000000000e+00 0.000000000000000000e+00 0.000000000000000000e+00 0.000000000000000000e+00 0.000000000000000000e+00 0.000000000000000000e+00 0.000000000000000000e+00 0.000000000000000000e+00 0.000000000000000000e+00 0.000000000000000000e+00 0.000000000000000000e+00 4.493580398103423357e-01 4.938763970373376555e-01 4.410231578568272193e-01 0.000000000000000000e+00 4.271790327895132466e-01 0.000000000000000000e+00 4.392840609491333037e-01 0.000000000000000000e+00 3.941412002096716938e-01 5.144650198675495556e-01 4.544960750759463597e-01 0.000000000000000000e+00 4.368657752783616233e-01 0.000000000000000000e+00 4.275494727254793292e-01 0.000000000000000000e+00 4.343206683923651612e-01 4.935777600643199703e-01 4.638402464119160684e-01 0.000000000000000000e+00 0.000000000000000000e+00 5.052366565109890351e-01 3.768875130350712865e-01 4.801710360721964665e-01 4.200436339451257828e-01 0.000000000000000000e+00 0.000000000000000000e+00 4.418639473338554780e-01 4.367774256910168518e-01 0.000000000000000000e+00 4.492321600000000470e-01 0.000000000000000000e+00 4.287754673267563099e-01 0.000000000000000000e+00 0.000000000000000000e+00 4.363792679738561775e-01 4.697378122918427490e-01 0.000000000000000000e+00 4.648769049006549192e-01 0.000000000000000000e+00 4.702871438944474791e-01 0.000000000000000000e+00 0.000000000000000000e+00 0.000000000000000000e+00 0.000000000000000000e+00 4.739365394736841930e-01 4.344918289473684858e-01 0.000000000000000000e+00 0.000000000000000000e+00 0.000000000000000000e+00 0.000000000000000000e+00 0.000000000000000000e+00 0.000000000000000000e+00 0.000000000000000000e+00 0.000000000000000000e+00 0.000000000000000000e+00 0.000000000000000000e+00 0.000000000000000000e+00 0.000000000000000000e+00 0.000000000000000000e+00 0.000000000000000000e+00 0.000000000000000000e+00 0.000000000000000000e+00 0.000000000000000000e+00 0.000000000000000000e+00 0.000000000000000000e+00 0.000000000000000000e+00
3.879110477435923077e-01 0.000000000000000000e+00 3.832099247089769678e-01 4.704057670291629800e-01 3.412773236753565143e-01 0.000000000000000000e+00 3.172823081360706121e-01 4.665343976042255481e-01 3.137567866579981102e-01 4.910306987951807978e-01 3.328935681889818032e-01 4.745913170731706487e-01 2.696792606098639689e-01 4.513073156745622261e-01 2.662373267802539689e-01 5.008906117647058398e-01 3.884709085324070665e-01 0.000000000000000000e+00 4.202392540721074377e-01 4.656595958904110044e-01 0.000000000000000000e+00 0.000000000000000000e+00 3.880281693592234626e-01 4.503412687374520051e-01 3.755182726063829302e-01 4.644320197507458836e-01 0.000000000000000000e+00 0.000000000000000000e+00 3.957554643037567432e-01 4.734123599537777283e-01 3.724722299626579414e-01 4.470303792871430648e-01 3.988613209026843909e-01 4.789082316412488494e-01 0.000000000000000000e+00 0.000000000000000000e+00 4.600327895771033071e-01 0.000000000000000000e+00 0.000000000000000000e+00 0.000000000000000000e+00 0.000000000000000000e+00 0.000000000000000000e+00 0.000000000000000000e+00 0.000000000000000000e+00 4.483501395348837848e-01 0.000000000000000000e+00 0.000000000000000000e+00 0.000000000000000000e+00 4.702122711652106934e-01 0.000000000000000000e+00 4.509633119645483079e-01 0.000000000000000000e+00 0.000000000000000000e+00 0.000000000000000000e+00 4.450916990740740320e-01 0.000000000000000000e+00 4.064009578443329440e-01 0.000000000000000000e+00 4.527370151663450137e-01 0.000000000000000000e+00 4.409457267992064611e-01 0.000000000000000000e+00 4.233498025240734486e-01 0.000000000000000000e+00 4.426792296391690029e-01 0.000000000000000000e+00 4.518217040179398625e-01 0.000000000000000000e+00 4.358347227654698064e-01 0.000000000000000000e+00 3.488514153735322032e-01 4.894395489457345483e-01 3.866763628885705462e-01 4.521604366150515641e-01 3.975159459459459699e-01 0.000000000000000000e+00 3.876835131487394448e-01 4.690123607691503160e-01 0.000000000000000000e+00 0.000000000000000000e+00 4.055151587442013539e-01 0.000000000000000000e+00 0.000000000000000000e+00 0.000000000000000000e+00 4.309295595359728948e-01 0.000000000000000000e+00 0.000000000000000000e+00 0.000000000000000000e+00 4.413459843974521513e-01 0.000000000000000000e+00 0.000000000000000000e+00 4.050560901639344014e-01 0.000000000000000000e+00 0.000000000000000000e+00 4.273381368846849715e-01 0.000000000000000000e+00 0.000000000000000000e+00 0.000000000000000000e+00 4.162302079999999349e-01 0.000000000000000000e+00 0.000000000000000000e+00 0.000000000000000000e+00 0.000000000000000000e+00 0.000000000000000000e+00 0.000000000000000000e+00 0.000000000000000000e+00 0.000000000000000000e+00 0.000000000000000000e+00 0.000000000000000000e+00 0.000000000000000000e+00 4.389900818181817765e-01 0.000000000000000000e+00 0.000000000000000000e+00 0.000000000000000000e+00 0.000000000000000000e+00 0.000000000000000000e+00
