2.758951204370017618e-01 4.955971144645073823e-01 3.698982838023926467e-01 5.115305611487509507e-01 3.545650567574504253e-01 0.000000000000000000e+00 3.630348008087663225e-01 4.684382833226989895e-01 0.000000000000000000e+00 0.000000000000000000e+00 3.166030762957585121e-01 4.590935611363636260e-01 3.561405544468372875e-01 3.893988525423729419e-01 4.722217519379844908e-01 0.000000000000000000e+00 2.697011613176646949e-01 4.631629105378495259e-01 3.838254754164841520e-01 5.084659035188564546e-01 0.000000000000000000e+00 0.000000000000000000e+00 3.902231792854876091e-01 4.352609992961287144e-01 0.000000000000000000e+00 0.000000000000000000e+00 0.000000000000000000e+00 0.000000000000000000e+00 4.080681776634763058e-01 4.654942324745510174e-01 3.883364610750713597e-01 4.565946740310077856e-01 3.876631222123792520e-01 4.879681897832705006e-01 4.620051760757449277e-01 0.000000000000000000e+00 4.625897396347628532e-01 5.059301041150809919e-01 3.970120291262135837e-01 0.000000000000000000e+00 3.545666071428571486e-01 4.787178899999999793e-01 0.000000000000000000e+00 0.000000000000000000e+00 3.937341645569620296e-01 5.236925709708738497e-01 0.000000000000000000e+00 0.000000000000000000e+00 4.143219812604174157e-01 5.194376014220237758e-01 4.172311263787815694e-01 4.656343812949639283e-01 4.174176936133448534e-01 0.000000000000000000e+00 4.153628110017280606e-01 0.000000000000000000e+00 3.400343604512400808e-01 4.912515345945730472e-01 4.372741088687197020e-01 5.131698684969329127e-01 4.265118993426734173e-01 4.765583448579757686e-01 3.741189468168739096e-01 4.925128660942760805e-01 4.420112726315399421e-01 4.934495934065934453e-01 4.354695764789145440e-01 5.050729449422100004e-01 3.561133640037339454e-01 5.132837640062720697e-01 3.356893441441919368e-01 5.013767815345387957e-01 3.950380468174608528e-01 4.803694944433967717e-01 4.627211016059470938e-01 0.000000000000000000e+00 4.048355481619687057e-01 4.634682667837073389e-01 0.000000000000000000e+00 4.537831037735849393e-01 3.991859856855690114e-01 0.000000000000000000e+00 0.000000000000000000e+00 0.000000000000000000e+00 4.430192469207394068e-01 4.774474510427528795e-01 0.000000000000000000e+00 0.000000000000000000e+00 4.355683211359736573e-01 0.000000000000000000e+00 4.513367937039136635e-01 4.354633866666666742e-01 4.252040256410256625e-01 0.000000000000000000e+00 4.425090052127585993e-01 4.844320661157024421e-01 5.275529768137992015e-01 0.000000000000000000e+00 5.145935016628874203e-01 4.802522622927629659e-01 4.265532733333333160e-01 0.000000000000000000e+00 4.724365310709413013e-01 4.378956689532418900e-01 4.823298092657342107e-01 4.896888650954684952e-01 0.000000000000000000e+00 0.000000000000000000e+00 0.000000000000000000e+00 0.000000000000000000e+00 0.000000000000000000e+00 0.000000000000000000e+00 0.000000000000000000e+00 0.000000000000000000e+00 0.000000000000000000e+00 0.000000000000000000e+00
4.955971144645073823e-01 2.949350717498249175e-01 4.944517258327904563e-01 3.014482646207430339e-01 0.000000000000000000e+00 0.000000000000000000e+00 4.803112487395284069e-01 3.530787710556101411e-01 0.000000000000000000e+00 4.242068691857024398e-01 4.606345362318839953e-01 3.078236775379291634e-01 4.752743389830508813e-01 3.434652515310423482e-01 0.000000000000000000e+00 3.842061504114928638e-01 4.966477174480209977e-01 3.614528918970314475e-01 5.131889535269471558e-01 3.869971512288589155e-01 0.000000000000000000e+00 0.000000000000000000e+00 0.000000000000000000e+00 4.376660621079159763e-01 0.000000000000000000e+00 0.000000000000000000e+00 0.000000000000000000e+00 4.685191276595745413e-01 4.733539427199223160e-01 4.314833064568810994e-01 4.661621346153846934e-01 4.096225185597189844e-01 5.129300082528772675e-01 4.044101708414745699e-01 0.000000000000000000e+00 4.479285733333333019e-01 5.063350556588311902e-01 5.046442416166262435e-01 0.000000000000000000e+00 5.627784144737603134e-01 0.000000000000000000e+00 4.227812408335889782e-01 0.000000000000000000e+00 0.000000000000000000e+00 0.000000000000000000e+00 4.353943346597631270e-01 0.000000000000000000e+00 0.000000000000000000e+00 0.000000000000000000e+00 4.022946028797600992e-01 0.000000000000000000e+00 4.054952621513099875e-01 0.000000000000000000e+00 3.914245427211826001e-01 0.000000000000000000e+00 4.038701615141514489e-01 4.965432442891176690e-01 3.611288371168254741e-01 5.228787697659675882e-01 4.262229696129640200e-01 4.727686947731755129e-01 3.942463763911902563e-01 0.000000000000000000e+00 3.998125813184007504e-01 0.000000000000000000e+00 4.163046985701723268e-01 5.079715627459265859e-01 4.316811776167645553e-01 5.267937703975296149e-01 3.731495753491360090e-01 4.809371596738953869e-01 3.694959339686670341e-01 4.802421443836596970e-01 4.002411501061699517e-01 0.000000000000000000e+00 4.019946774193548511e-01 4.634952101785850265e-01 4.277584111432641278e-01 0.000000000000000000e+00 0.000000000000000000e+00 4.999164122137403909e-01 4.351409331393277791e-01 0.000000000000000000e+00 0.000000000000000000e+00 0.000000000000000000e+00 4.320137460331664458e-01 0.000000000000000000e+00 0.000000000000000000e+00 0.000000000000000000e+00 4.352265944939737174e-01 5.209986237691186517e-01 4.799975171258682449e-01 0.000000000000000000e+00 4.706343347394683629e-01 4.556552295081966464e-01 4.520310163998882969e-01 4.493432314814815309e-01 5.127122368530020458e-01 4.875691818181817072e-01 5.079413981549492085e-01 5.225951148648648736e-01 4.957788264054230343e-01 4.357085897435897248e-01 4.763511349069684542e-01 4.533584843694885014e-01 4.953493981069398977e-01 0.000000000000000000e+00 5.482401786365804774e-01 0.000000000000000000e+00 0.000000000000000000e+00 5.029653585157614071e-01 0.000000000000000000e+00 4.563581178343949496e-01 0.000000000000000000e+00 0.000000000000000000e+00 4.124408990825688126e-01
3.698982838023926467e-01 4.944517258327904563e-01 2.378877878049776573e-01 4.801996803679938197e-01 1.691744337011574784e-01 4.208673688838645566e-01 2.998192695879849379e-01 4.644628915717588513e-01 2.252473303271256000e-01 4.595511678856641358e-01 3.811570007059344456e-01 4.679907942618695693e-01 3.537024134431713263e-01 4.400256852053318624e-01 3.295641911639460298e-01 4.692261876154780187e-01 3.882405266995017645e-01 4.890950726697690376e-01 3.154051384475439757e-01 5.151042931129810043e-01 0.000000000000000000e+00 0.000000000000000000e+00 2.095212885250493373e-01 4.543563453043473754e-01 2.224720782269934416e-01 4.314604543005415849e-01 2.569749762524879966e-01 0.000000000000000000e+00 3.723296295088988073e-01 4.768920682106906339e-01 3.598810383715532191e-01 4.045045164717880892e-01 3.939335659422061320e-01 5.070642033661719728e-01 0.000000000000000000e+00 0.000000000000000000e+00 4.438281403713794093e-01 0.000000000000000000e+00 0.000000000000000000e+00 0.000000000000000000e+00 0.000000000000000000e+00 0.000000000000000000e+00 4.303478992805755410e-01 0.000000000000000000e+00 0.000000000000000000e+00 0.000000000000000000e+00 4.534597762237762009e-01 0.000000000000000000e+00 4.210880271739130265e-01 0.000000000000000000e+00 3.886254343594580662e-01 0.000000000000000000e+00 0.000000000000000000e+00 0.000000000000000000e+00 3.902793821298073951e-01 0.000000000000000000e+00 4.134488666134867874e-01 0.000000000000000000e+00 4.277219113604224798e-01 4.901909572463767906e-01 4.047830765415912913e-01 0.000000000000000000e+00 4.302861824691546211e-01 0.000000000000000000e+00 4.061873393877910021e-01 0.000000000000000000e+00 4.348188928343043047e-01 5.214866833964750814e-01 3.568790531031814650e-01 0.000000000000000000e+00 3.478098256491686247e-01 4.868095386364666988e-01 3.641070861440761641e-01 4.477963945917960431e-01 3.578152527271135086e-01 4.718068416666666987e-01 4.001199215423080768e-01 4.602233417290924611e-01 0.000000000000000000e+00 0.000000000000000000e+00 3.873253865772700588e-01 0.000000000000000000e+00 4.352209743589743329e-01 4.848211229508196940e-01 4.011920062301631007e-01 0.000000000000000000e+00 3.656819534482759204e-01 0.000000000000000000e+00 3.988611479326282239e-01 0.000000000000000000e+00 4.179818197337978880e-01 4.607183033977725328e-01 4.232393565056017937e-01 4.473568263995221783e-01 4.291087956111979129e-01 0.000000000000000000e+00 4.174342730243612021e-01 0.000000000000000000e+00 4.355040251645373450e-01 0.000000000000000000e+00 4.566632641509433821e-01 4.406115416666666618e-01 4.208342033182165265e-01 4.630250436841662487e-01 4.486207875836427661e-01 4.085615971223021670e-01 0.000000000000000000e+00 4.650519256543209079e-01 0.000000000000000000e+00 0.000000000000000000e+00 4.421849091905900586e-01 0.000000000000000000e+00 4.325162818181818025e-01 4.442554427480915891e-01 0.000000000000000000e+00 0.000000000000000000e+00
5.115305611487509507e-01 3.014482646207430339e-01 4.801996803679938197e-01 2.391590847945410381e-01 4.347533475513430945e-01 1.848960265093297917e-01 4.579739817551406467e-01 3.270404096260827176e-01 4.597543496705840393e-01 3.244275206580534143e-01 4.604328774721954676e-01 3.767016572685588094e-01 4.622092425895809042e-01 3.533476848378528934e-01 4.578849520956342345e-01 3.543189207791322404e-01 4.932385270154707735e-01 4.012562720144305373e-01 5.319059040863692855e-01 3.259189628178323916e-01 3.344768307692307374e-01 0.000000000000000000e+00 4.423154790014922066e-01 2.123521913962998775e-01 4.523754127514642009e-01 1.979709902162948565e-01 0.000000000000000000e+00 3.133486265979760210e-01 4.560940892149540904e-01 3.705554042684182092e-01 4.019940575882163247e-01 2.941244935583311459e-01 5.154507862161081810e-01 4.009229479675578967e-01 0.000000000000000000e+00 4.639867124119917974e-01 5.212340662429607585e-01 4.568364148003616343e-01 0.000000000000000000e+00 4.183016797908663542e-01 0.000000000000000000e+00 4.444506041853700795e-01 0.000000000000000000e+00 3.543453829787234222e-01 0.000000000000000000e+00 0.000000000000000000e+00 0.000000000000000000e+00 4.659135100671140117e-01 0.000000000000000000e+00 4.074532109801264901e-01 0.000000000000000000e+00 3.891574892165592936e-01 0.000000000000000000e+00 4.542508716216216436e-01 0.000000000000000000e+00 3.926321470548916337e-01 5.174534242351046531e-01 4.111973025980348861e-01 4.729747414003939721e-01 4.405590296762300628e-01 0.000000000000000000e+00 3.522716366483455985e-01 0.000000000000000000e+00 3.763270120910813255e-01 4.617772013888889471e-01 3.877774970252831910e-01 4.963237179422835266e-01 4.354123478272224901e-01 5.413447266549299419e-01 4.228005237802477390e-01 4.862027873066644412e-01 3.672878369671954135e-01 4.543474912625728446e-01 3.712020419409569061e-01 0.000000000000000000e+00 3.642563232185153654e-01 4.615622935561468076e-01 4.017871987585311944e-01 0.000000000000000000e+00 0.000000000000000000e+00 0.000000000000000000e+00 3.821318616327464279e-01 0.000000000000000000e+00 4.066044702438301184e-01 3.947994044117646983e-01 4.057098336463915711e-01 0.000000000000000000e+00 3.952901260971999897e-01 0.000000000000000000e+00 4.131425913487150048e-01 0.000000000000000000e+00 4.290207954545454672e-01 4.623060987625113860e-01 4.299940616438356344e-01 4.799058245390070421e-01 4.404757099125165554e-01 4.665789649122806804e-01 0.000000000000000000e+00 4.883674064302177542e-01 4.769473924302656265e-01 4.643822857142856919e-01 4.601757342657342154e-01 5.057081071428571883e-01 4.528516422226512295e-01 0.000000000000000000e+00 3.686698000000000475e-01 4.520729669421487684e-01 4.699018106446776200e-01 0.000000000000000000e+00 0.000000000000000000e+00 0.000000000000000000e+00 0.000000000000000000e+00 0.000000000000000000e+00 0.000000000000000000e+00 0.000000000000000000e+00 4.911833951612902815e-01
3.545650567574504253e-01 0.000000000000000000e+00 1.691744337011574784e-01 4.347533475513430945e-01 1.945420543861079155e-01 4.279676856941427854e-01 2.778572136478037469e-01 3.982906164556962447e-01 1.874575792083639225e-01 4.421483917622359705e-01 3.183618254079254584e-01 0.000000000000000000e+00 3.146805675011666303e-01 0.000000000000000000e+00 2.723370633812909336e-01 4.109584323350493618e-01 0.000000000000000000e+00 0.000000000000000000e+00 0.000000000000000000e+00 0.000000000000000000e+00 2.607690747113692864e-01 0.000000000000000000e+00 1.661080285764602871e-01 4.119074648060662702e-01 2.274020371069702395e-01 4.301236593967831534e-01 2.402179634163764399e-01 4.839001527777777034e-01 3.327241701489340175e-01 4.681575436893203324e-01 3.431605957211508184e-01 3.972808243439272524e-01 0.000000000000000000e+00 0.000000000000000000e+00 0.000000000000000000e+00 0.000000000000000000e+00 4.049504230769230828e-01 0.000000000000000000e+00 0.000000000000000000e+00 0.000000000000000000e+00 0.000000000000000000e+00 0.000000000000000000e+00 4.423350673076923423e-01 0.000000000000000000e+00 0.000000000000000000e+00 0.000000000000000000e+00 4.553045431216931060e-01 0.000000000000000000e+00 0.000000000000000000e+00 0.000000000000000000e+00 3.885177331738251527e-01 0.000000000000000000e+00 4.154224274193549227e-01 0.000000000000000000e+00 3.901647855728429537e-01 0.000000000000000000e+00 3.533289469026548169e-01 0.000000000000000000e+00 0.000000000000000000e+00 0.000000000000000000e+00 3.202474999999999627e-01 0.000000000000000000e+00 0.000000000000000000e+00 0.000000000000000000e+00 4.027505173930037152e-01 0.000000000000000000e+00 4.335832137931033836e-01 0.000000000000000000e+00 0.000000000000000000e+00 0.000000000000000000e+00 3.491172231591062047e-01 4.643933952390558173e-01 3.287608397606974209e-01 4.410804683005906113e-01 3.013644842873471896e-01 0.000000000000000000e+00 3.452089468935619077e-01 4.256972159999999339e-01 0.000000000000000000e+00 0.000000000000000000e+00 4.093621931034482908e-01 0.000000000000000000e+00 0.000000000000000000e+00 0.000000000000000000e+00 3.817599255967345506e-01 0.000000000000000000e+00 0.000000000000000000e+00 0.000000000000000000e+00 4.025671218277569463e-01 0.000000000000000000e+00 0.000000000000000000e+00 0.000000000000000000e+00 0.000000000000000000e+00 0.000000000000000000e+00 0.000000000000000000e+00 3.743690963855421661e-01 0.000000000000000000e+00 0.000000000000000000e+00 0.000000000000000000e+00 0.000000000000000000e+00 0.000000000000000000e+00 0.000000000000000000e+00 0.000000000000000000e+00 0.000000000000000000e+00 0.000000000000000000e+00 0.000000000000000000e+00 0.000000000000000000e+00 0.000000000000000000e+00 0.000000000000000000e+00 0.000000000000000000e+00 0.000000000000000000e+00 0.000000000000000000e+00 0.000000000000000000e+00 0.000000000000000000e+00 0.000000000000000000e+00 0.000000000000000000e+00
0.000000000000000000e+00 0.000000000000000000e+00 4.208673688838645566e-01 1.848960265093297917e-01 4.279676856941427854e-01 1.931899626383374036e-01 0.000000000000000000e+00 2.863841848688396530e-01 0.000000000000000000e+00 2.262839785052515040e-01 0.000000000000000000e+00 3.843390073484849179e-01 0.000000000000000000e+00 3.529010754612499912e-01 0.000000000000000000e+00 2.636874112542034188e-01 0.000000000000000000e+00 0.000000000000000000e+00 0.000000000000000000e+00 4.203037723577235929e-01 4.393304460547504675e-01 3.274344306762044243e-01 4.291421558355361654e-01 1.917153893726662173e-01 4.383245237297123120e-01 2.151141300466940520e-01 4.599148333333333283e-01 1.953592401906777132e-01 0.000000000000000000e+00 3.435115195726211046e-01 3.801418175404817634e-01 3.468975419796195281e-01 0.000000000000000000e+00 3.575028238749999865e-01 0.000000000000000000e+00 4.604086280991735447e-01 0.000000000000000000e+00 3.945399818181817841e-01 0.000000000000000000e+00 0.000000000000000000e+00 0.000000000000000000e+00 0.000000000000000000e+00 0.000000000000000000e+00 0.000000000000000000e+00 0.000000000000000000e+00 0.000000000000000000e+00 0.000000000000000000e+00 0.000000000000000000e+00 0.000000000000000000e+00 0.000000000000000000e+00 0.000000000000000000e+00 4.598456578947368589e-01 0.000000000000000000e+00 0.000000000000000000e+00 0.000000000000000000e+00 4.169305322580644790e-01 0.000000000000000000e+00 3.808206605504587672e-01 0.000000000000000000e+00 0.000000000000000000e+00 0.000000000000000000e+00 4.204456247952497172e-01 0.000000000000000000e+00 0.000000000000000000e+00 0.000000000000000000e+00 4.354899428571428754e-01 0.000000000000000000e+00 4.277723854700407613e-01 0.000000000000000000e+00 0.000000000000000000e+00 4.544308145731579818e-01 3.572862821623407070e-01 4.786046590909091014e-01 3.467319507074486107e-01 4.866135568181818027e-01 3.207772024963608248e-01 0.000000000000000000e+00 3.480023920552621775e-01 0.000000000000000000e+00 0.000000000000000000e+00 0.000000000000000000e+00 3.545693002529754501e-01 0.000000000000000000e+00 3.571632535211268222e-01 0.000000000000000000e+00 4.099602494237558625e-01 0.000000000000000000e+00 4.043041049645390572e-01 0.000000000000000000e+00 4.060223899548128790e-01 0.000000000000000000e+00 4.335867692307692756e-01 0.000000000000000000e+00 0.000000000000000000e+00 0.000000000000000000e+00 0.000000000000000000e+00 0.000000000000000000e+00 0.000000000000000000e+00 0.000000000000000000e+00 0.000000000000000000e+00 0.000000000000000000e+00 0.000000000000000000e+00 0.000000000000000000e+00 0.000000000000000000e+00 0.000000000000000000e+00 0.000000000000000000e+00 0.000000000000000000e+00 0.000000000000000000e+00 0.000000000000000000e+00 0.000000000000000000e+00 0.000000000000000000e+00 0.000000000000000000e+00 0.000000000000000000e+00 0.000000000000000000e+00 0.000000000000000000e+00 0.000000000000000000e+00
3.630348008087663225e-01 4.803112487395284069e-01 2.998192695879849379e-01 4.579739817551406467e-01 2.778572136478037469e-01 0.000000000000000000e+00 2.622270268761698331e-01 4.501890622210754089e-01 2.998713541812448313e-01 4.074075620155038768e-01 4.002685956283728586e-01 4.647685587796875351e-01 2.849693427417004377e-01 4.336383153908019428e-01 3.422782371394220147e-01 4.504530826573618363e-01 3.464015388972744858e-01 4.574699540625793981e-01 4.063802577937506433e-01 4.901732984574204699e-01 0.000000000000000000e+00 0.000000000000000000e+00 3.648269052715619187e-01 4.569641910155856634e-01 3.030327460108356297e-01 3.449086024096385539e-01 3.255816293183940169e-01 0.000000000000000000e+00 3.616071798588042507e-01 4.536119358949600167e-01 3.585917102900094133e-01 4.367064720199114181e-01 4.198384562251897822e-01 4.792918613327022959e-01 4.493065188545688482e-01 0.000000000000000000e+00 4.196252519832713301e-01 5.825974479166666775e-01 4.378866910569105264e-01 0.000000000000000000e+00 0.000000000000000000e+00 0.000000000000000000e+00 0.000000000000000000e+00 0.000000000000000000e+00 3.751597078125000206e-01 0.000000000000000000e+00 4.447671217948718225e-01 0.000000000000000000e+00 3.741812537434561770e-01 0.000000000000000000e+00 3.977280143587135219e-01 0.000000000000000000e+00 4.010977857181240447e-01 0.000000000000000000e+00 3.909201661059843458e-01 0.000000000000000000e+00 3.952378749237610012e-01 4.840187391715318199e-01 4.249868452953529663e-01 5.157562134247833940e-01 4.276307448530397015e-01 4.576391999999999682e-01 4.027443666174256309e-01 0.000000000000000000e+00 4.164359561018318723e-01 0.000000000000000000e+00 4.137565010238278829e-01 5.089222018041237305e-01 4.058202579349802219e-01 0.000000000000000000e+00 3.087969706719788099e-01 4.720500352618381412e-01 3.548999801477799032e-01 4.447232841621024946e-01 3.134149082706767508e-01 0.000000000000000000e+00 3.633963917873577198e-01 4.449026537610460408e-01 0.000000000000000000e+00 0.000000000000000000e+00 3.828756851711095366e-01 4.861172594771241973e-01 0.000000000000000000e+00 0.000000000000000000e+00 4.074901550814769013e-01 4.238312939597315698e-01 4.047712350162768757e-01 0.000000000000000000e+00 4.017911788906196602e-01 4.466570895061728885e-01 0.000000000000000000e+00 4.446512967412403206e-01 0.000000000000000000e+00 4.237755826066735843e-01 4.140149773846357739e-01 0.000000000000000000e+00 0.000000000000000000e+00 0.000000000000000000e+00 4.099052560483871233e-01 0.000000000000000000e+00 0.000000000000000000e+00 0.000000000000000000e+00 4.242815891468230127e-01 4.396966142762347429e-01 0.000000000000000000e+00 0.000000000000000000e+00 0.000000000000000000e+00 0.000000000000000000e+00 0.000000000000000000e+00 0.000000000000000000e+00 0.000000000000000000e+00 0.000000000000000000e+00 0.000000000000000000e+00 0.000000000000000000e+00 0.000000000000000000e+00 0.000000000000000000e+00
4.684382833226989895e-01 3.530787710556101411e-01 4.644628915717588513e-01 3.270404096260827176e-01 3.982906164556962447e-01 2.863841848688396530e-01 4.501890622210754089e-01 2.470414621910574926e-01 5.035696315789474076e-01 2.770966316256581186e-01 4.389615287027178181e-01 3.201586116152034811e-01 4.455309373699677944e-01 2.762761388090976267e-01 4.849233846153846450e-01 3.403262933669308210e-01 4.555869479134316280e-01 3.827394429406832943e-01 4.874617954036861156e-01 3.970617729610014246e-01 0.000000000000000000e+00 0.000000000000000000e+00 4.420257094904003758e-01 3.742858969380761236e-01 3.374159310344828078e-01 3.008764630029935883e-01 3.738374505494505562e-01 0.000000000000000000e+00 4.427524536515395348e-01 3.428848330821337442e-01 3.975098255179504991e-01 3.650853532553960945e-01 4.784153426415161392e-01 3.878919501074918341e-01 4.199218421052631767e-01 0.000000000000000000e+00 4.912843311114000189e-01 4.306333474477493373e-01 0.000000000000000000e+00 0.000000000000000000e+00 0.000000000000000000e+00 4.147061859610599033e-01 0.000000000000000000e+00 4.166263280000000457e-01 0.000000000000000000e+00 3.956596771064400664e-01 0.000000000000000000e+00 0.000000000000000000e+00 4.803162727272727306e-01 3.902819015457697494e-01 4.402471369863014128e-01 3.880648712870450878e-01 0.000000000000000000e+00 3.793894389864931327e-01 0.000000000000000000e+00 3.913334079478186234e-01 4.620886412053678560e-01 3.911644499766315231e-01 0.000000000000000000e+00 4.112644987613214842e-01 0.000000000000000000e+00 3.913240092892968924e-01 0.000000000000000000e+00 3.950406136934441759e-01 0.000000000000000000e+00 3.987484582268284727e-01 4.719571505044695137e-01 4.265872268773762688e-01 4.919139498113207498e-01 0.000000000000000000e+00 4.098010562928980360e-01 3.122864715709934291e-01 4.266973723187891809e-01 3.447095512883925905e-01 3.839465054945054856e-01 3.481423823202614010e-01 4.315247994003143517e-01 3.647287715396783092e-01 0.000000000000000000e+00 0.000000000000000000e+00 0.000000000000000000e+00 4.001399553501834849e-01 0.000000000000000000e+00 0.000000000000000000e+00 0.000000000000000000e+00 4.131544505296276260e-01 0.000000000000000000e+00 3.928667256097561067e-01 4.868802352941176137e-01 4.074541403594059696e-01 4.268899497129846066e-01 4.723298042635659111e-01 0.000000000000000000e+00 4.322789887640449691e-01 4.576303666666666770e-01 4.468401034482759049e-01 4.169401692307691532e-01 0.000000000000000000e+00 4.559257864406779936e-01 0.000000000000000000e+00 0.000000000000000000e+00 0.000000000000000000e+00 4.262713604231366249e-01 4.250372366412213943e-01 4.329331309478732792e-01 0.000000000000000000e+00 0.000000000000000000e+00 0.000000000000000000e+00 0.000000000000000000e+00 0.000000000000000000e+00 0.000000000000000000e+00 0.000000000000000000e+00 0.000000000000000000e+00 0.000000000000000000e+00 0.000000000000000000e+00 0.000000000000000000e+00
0.000000000000000000e+00 0.000000000000000000e+00 2.252473303271256000e-01 4.597543496705840393e-01 1.874575792083639225e-01 0.000000000000000000e+00 2.998713541812448313e-01 5.035696315789474076e-01 2.168913736753064481e-01 4.762161022727272042e-01 3.769986830294027036e-01 0.000000000000000000e+00 3.045284563939794631e-01 4.175206980706075433e-01 2.719952491738373834e-01 4.275921999757163472e-01 3.763991458333333373e-01 0.000000000000000000e+00 3.707573472222222000e-01 4.312187380952381410e-01 2.056476250000000006e-01 0.000000000000000000e+00 3.459570995174671149e-01 4.553451640211639839e-01 2.881003031055033303e-01 4.572050267838460025e-01 2.631684576559904509e-01 0.000000000000000000e+00 3.711405540377722967e-01 3.487521009174312514e-01 3.415969720037378421e-01 4.053650070549082440e-01 3.821714255319148545e-01 0.000000000000000000e+00 0.000000000000000000e+00 0.000000000000000000e+00 0.000000000000000000e+00 4.605577828571428278e-01 0.000000000000000000e+00 0.000000000000000000e+00 0.000000000000000000e+00 0.000000000000000000e+00 0.000000000000000000e+00 0.000000000000000000e+00 0.000000000000000000e+00 0.000000000000000000e+00 4.064047039473684397e-01 0.000000000000000000e+00 0.000000000000000000e+00 0.000000000000000000e+00 0.000000000000000000e+00 0.000000000000000000e+00 0.000000000000000000e+00 0.000000000000000000e+00 0.000000000000000000e+00 0.000000000000000000e+00 3.683052448979592941e-01 0.000000000000000000e+00 0.000000000000000000e+00 0.000000000000000000e+00 0.000000000000000000e+00 0.000000000000000000e+00 0.000000000000000000e+00 0.000000000000000000e+00 4.402161655303030163e-01 0.000000000000000000e+00 0.000000000000000000e+00 0.000000000000000000e+00 0.000000000000000000e+00 0.000000000000000000e+00 3.260065680185011416e-01 0.000000000000000000e+00 3.340015169450534227e-01 4.300853535758266122e-01 2.829411367394180088e-01 0.000000000000000000e+00 3.585978063927425796e-01 4.148405676113360308e-01 0.000000000000000000e+00 0.000000000000000000e+00 0.000000000000000000e+00 0.000000000000000000e+00 4.149102619047619345e-01 0.000000000000000000e+00 4.048002884545709446e-01 4.292035275590550536e-01 0.000000000000000000e+00 0.000000000000000000e+00 3.997605072238550328e-01 0.000000000000000000e+00 0.000000000000000000e+00 0.000000000000000000e+00 3.885725394736841976e-01 0.000000000000000000e+00 0.000000000000000000e+00 0.000000000000000000e+00 0.000000000000000000e+00 0.000000000000000000e+00 0.000000000000000000e+00 0.000000000000000000e+00 0.000000000000000000e+00 0.000000000000000000e+00 0.000000000000000000e+00 0.000000000000000000e+00 0.000000000000000000e+00 0.000000000000000000e+00 0.000000000000000000e+00 0.000000000000000000e+00 0.000000000000000000e+00 0.000000000000000000e+00 0.000000000000000000e+00 0.000000000000000000e+00 0.000000000000000000e+00 0.000000000000000000e+00 0.000000000000000000e+00 0.000000000000000000e+00
0.000000000000000000e+00 4.242068691857024398e-01 4.595511678856641358e-01 3.244275206580534143e-01 4.421483917622359705e-01 2.262839785052515040e-01 4.074075620155038768e-01 2.770966316256581186e-01 4.762161022727272042e-01 2.134784436494486237e-01 0.000000000000000000e+00 3.573090468412891685e-01 4.022323840408144613e-01 2.942434945926316603e-01 4.153021557226045934e-01 3.004511785456242534e-01 0.000000000000000000e+00 4.159038679245283254e-01 0.000000000000000000e+00 3.701119634146341486e-01 4.109687083333333213e-01 0.000000000000000000e+00 4.334194978386524677e-01 3.281460068368238225e-01 4.654903603357537500e-01 3.010918535332150481e-01 0.000000000000000000e+00 3.060870231735897673e-01 0.000000000000000000e+00 3.504616288883619091e-01 3.640920840835741856e-01 3.420983683749246329e-01 0.000000000000000000e+00 4.068390358399440743e-01 0.000000000000000000e+00 0.000000000000000000e+00 0.000000000000000000e+00 4.114956249999999760e-01 0.000000000000000000e+00 0.000000000000000000e+00 0.000000000000000000e+00 0.000000000000000000e+00 0.000000000000000000e+00 0.000000000000000000e+00 0.000000000000000000e+00 0.000000000000000000e+00 0.000000000000000000e+00 0.000000000000000000e+00 0.000000000000000000e+00 0.000000000000000000e+00 0.000000000000000000e+00 0.000000000000000000e+00 0.000000000000000000e+00 0.000000000000000000e+00 0.000000000000000000e+00 0.000000000000000000e+00 0.000000000000000000e+00 3.400536934269662859e-01 0.000000000000000000e+00 3.830366854838709867e-01 0.000000000000000000e+00 3.646375687308023306e-01 0.000000000000000000e+00 0.000000000000000000e+00 0.000000000000000000e+00 3.953709595741829452e-01 0.000000000000000000e+00 3.802657039999999822e-01 0.000000000000000000e+00 0.000000000000000000e+00 4.835107768579129939e-01 3.212475467022408160e-01 4.292209595655828713e-01 3.349940151106847175e-01 4.240699782608696178e-01 3.368000227343757036e-01 0.000000000000000000e+00 3.538739097070061623e-01 0.000000000000000000e+00 0.000000000000000000e+00 0.000000000000000000e+00 3.956469318628511589e-01 0.000000000000000000e+00 0.000000000000000000e+00 0.000000000000000000e+00 4.120852269438022852e-01 0.000000000000000000e+00 4.059506862745098088e-01 0.000000000000000000e+00 4.070010782009140793e-01 0.000000000000000000e+00 0.000000000000000000e+00 0.000000000000000000e+00 0.000000000000000000e+00 0.000000000000000000e+00 0.000000000000000000e+00 0.000000000000000000e+00 0.000000000000000000e+00 0.000000000000000000e+00 4.098671185185184807e-01 0.000000000000000000e+00 0.000000000000000000e+00 0.000000000000000000e+00 4.036141407407407566e-01 0.000000000000000000e+00 0.000000000000000000e+00 0.000000000000000000e+00 0.000000000000000000e+00 0.000000000000000000e+00 0.000000000000000000e+00 0.000000000000000000e+00 0.000000000000000000e+00 3.730025196850393909e-01 0.000000000000000000e+00 0.000000000000000000e+00 0.000000000000000000e+00
3.166030762957585121e-01 4.606345362318839953e-01 3.811570007059344456e-01 4.604328774721954676e-01 3.183618254079254584e-01 0.000000000000000000e+00 4.002685956283728586e-01 4.389615287027178181e-01 3.769986830294027036e-01 0.000000000000000000e+00 3.045206518804896012e-01 4.346595627281196195e-01 2.905630254140873503e-01 4.145943496390271932e-01 3.644608570197018227e-01 4.075909497582954621e-01 3.319825903709960335e-01 4.253326750000000489e-01 4.083526896234489501e-01 4.710600851534846867e-01 0.000000000000000000e+00 0.000000000000000000e+00 3.847342528713984522e-01 4.451188604243814795e-01 0.000000000000000000e+00 0.000000000000000000e+00 0.000000000000000000e+00 0.000000000000000000e+00 4.009875759454278321e-01 4.315075380795376225e-01 3.755740617647151391e-01 4.029250416290086068e-01 3.669192569585528751e-01 4.600717687486775564e-01 4.316522653061225512e-01 0.000000000000000000e+00 3.921138589743590197e-01 4.468843545454546096e-01 4.174508088235293624e-01 0.000000000000000000e+00 0.000000000000000000e+00 0.000000000000000000e+00 0.000000000000000000e+00 0.000000000000000000e+00 0.000000000000000000e+00 0.000000000000000000e+00 0.000000000000000000e+00 0.000000000000000000e+00 0.000000000000000000e+00 0.000000000000000000e+00 4.322666321839079839e-01 0.000000000000000000e+00 4.533486336633663627e-01 0.000000000000000000e+00 4.264166429305756845e-01 0.000000000000000000e+00 3.804591605838006374e-01 0.000000000000000000e+00 4.478814854835121984e-01 0.000000000000000000e+00 4.357123955581708730e-01 0.000000000000000000e+00 3.973180274978457827e-01 0.000000000000000000e+00 4.392963733703412754e-01 0.000000000000000000e+00 4.223050339753884330e-01 0.000000000000000000e+00 4.621211814182805133e-01 0.000000000000000000e+00 3.418289441781822147e-01 4.971080261304013370e-01 3.686186329306286869e-01 4.485177688019286180e-01 0.000000000000000000e+00 0.000000000000000000e+00 3.973031226420332129e-01 4.283199574823477462e-01 0.000000000000000000e+00 0.000000000000000000e+00 4.113942216354958825e-01 0.000000000000000000e+00 0.000000000000000000e+00 0.000000000000000000e+00 4.422372214759648368e-01 0.000000000000000000e+00 0.000000000000000000e+00 0.000000000000000000e+00 4.282731882976927307e-01 0.000000000000000000e+00 0.000000000000000000e+00 0.000000000000000000e+00 0.000000000000000000e+00 0.000000000000000000e+00 0.000000000000000000e+00 0.000000000000000000e+00 0.000000000000000000e+00 0.000000000000000000e+00 0.000000000000000000e+00 0.000000000000000000e+00 0.000000000000000000e+00 0.000000000000000000e+00 4.027541105263158228e-01 0.000000000000000000e+00 4.729635312500000133e-01 0.000000000000000000e+00 0.000000000000000000e+00 0.000000000000000000e+00 0.000000000000000000e+00 0.000000000000000000e+00 0.000000000000000000e+00 0.000000000000000000e+00 0.000000000000000000e+00 0.000000000000000000e+00 0.000000000000000000e+00 0.000000000000000000e+00
4.590935611363636260e-01 3.078236775379291634e-01 4.679907942618695693e-01 3.767016572685588094e-01 0.000000000000000000e+00 3.843390073484849179e-01 4.647685587796875351e-01 3.201586116152034811e-01 0.000000000000000000e+00 3.573090468412891685e-01 4.346595627281196195e-01 2.645868145120723325e-01 4.708728031101385159e-01 3.150924069373356451e-01 0.000000000000000000e+00 3.804309803292343362e-01 3.954473667358947564e-01 3.554611092048757803e-01 4.713582446530488745e-01 4.080239203041927110e-01 0.000000000000000000e+00 0.000000000000000000e+00 4.665834494249568309e-01 4.008771211210789831e-01 0.000000000000000000e+00 0.000000000000000000e+00 0.000000000000000000e+00 0.000000000000000000e+00 4.299793408502728953e-01 3.320283775669833903e-01 3.977250054998980322e-01 3.758048430742186308e-01 4.254909692307692337e-01 3.924463470728496439e-01 0.000000000000000000e+00 0.000000000000000000e+00 0.000000000000000000e+00 4.103109273150539194e-01 0.000000000000000000e+00 0.000000000000000000e+00 0.000000000000000000e+00 4.663289137931034833e-01 0.000000000000000000e+00 0.000000000000000000e+00 0.000000000000000000e+00 0.000000000000000000e+00 0.000000000000000000e+00 0.000000000000000000e+00 0.000000000000000000e+00 3.822374835171840068e-01 0.000000000000000000e+00 3.991880932950733207e-01 0.000000000000000000e+00 0.000000000000000000e+00 0.000000000000000000e+00 4.257036731563834664e-01 0.000000000000000000e+00 3.918153395930049077e-01 0.000000000000000000e+00 3.998246894068247514e-01 0.000000000000000000e+00 4.030944199299120734e-01 0.000000000000000000e+00 3.995161494981691042e-01 0.000000000000000000e+00 4.278964620476207736e-01 0.000000000000000000e+00 4.380640149077213996e-01 0.000000000000000000e+00 3.874818247422680551e-01 3.587171794871794606e-01 3.452161756608488341e-01 4.468008443315000799e-01 3.727541696530174420e-01 0.000000000000000000e+00 0.000000000000000000e+00 4.319434758101300953e-01 3.880664062444559304e-01 0.000000000000000000e+00 0.000000000000000000e+00 0.000000000000000000e+00 4.116455107737530539e-01 0.000000000000000000e+00 3.694498503937008183e-01 0.000000000000000000e+00 4.377322696537052638e-01 0.000000000000000000e+00 4.601637887323943299e-01 0.000000000000000000e+00 4.411592528634844523e-01 0.000000000000000000e+00 0.000000000000000000e+00 0.000000000000000000e+00 0.000000000000000000e+00 4.241373559175717345e-01 0.000000000000000000e+00 0.000000000000000000e+00 0.000000000000000000e+00 0.000000000000000000e+00 0.000000000000000000e+00 0.000000000000000000e+00 4.387253520000000129e-01 0.000000000000000000e+00 0.000000000000000000e+00 0.000000000000000000e+00 0.000000000000000000e+00 0.000000000000000000e+00 0.000000000000000000e+00 0.000000000000000000e+00 0.000000000000000000e+00 0.000000000000000000e+00 0.000000000000000000e+00 0.000000000000000000e+00 0.000000000000000000e+00 0.000000000000000000e+00 0.000000000000000000e+00
3.561405544468372875e-01 4.752743389830508813e-01 3.537024134431713263e-01 4.622092425895809042e-01 3.146805675011666303e-01 0.000000000000000000e+00 2.849693427417004377e-01 4.455309373699677944e-01 3.045284563939794631e-01 4.022323840408144613e-01 2.905630254140873503e-01 4.708728031101385159e-01 2.563251088031708314e-01 4.363919790617697969e-01 3.191307879993375840e-01 4.410734828482414938e-01 3.915493685083073494e-01 0.000000000000000000e+00 3.974832466777593054e-01 0.000000000000000000e+00 0.000000000000000000e+00 0.000000000000000000e+00 3.733969510973302319e-01 4.437914890554997549e-01 3.737070000000000114e-01 4.612532508484162852e-01 0.000000000000000000e+00 0.000000000000000000e+00 3.961024681126559255e-01 4.290033794844770321e-01 3.517843922428768311e-01 4.235439837498959359e-01 3.780626441909318292e-01 5.039956908940289582e-01 4.638851914893617479e-01 0.000000000000000000e+00 4.079546768023881165e-01 0.000000000000000000e+00 0.000000000000000000e+00 0.000000000000000000e+00 0.000000000000000000e+00 0.000000000000000000e+00 4.760558615384615222e-01 0.000000000000000000e+00 0.000000000000000000e+00 0.000000000000000000e+00 0.000000000000000000e+00 4.816491135135135271e-01 0.000000000000000000e+00 0.000000000000000000e+00 4.076909679022578947e-01 0.000000000000000000e+00 4.278921439191198939e-01 0.000000000000000000e+00 4.041511144813617618e-01 0.000000000000000000e+00 4.094268940323604888e-01 0.000000000000000000e+00 4.314156772761804093e-01 0.000000000000000000e+00 4.403825906627661380e-01 0.000000000000000000e+00 4.262006736733407464e-01 0.000000000000000000e+00 4.424815483156979146e-01 4.224209411764706656e-01 4.182732131085696303e-01 0.000000000000000000e+00 4.222632224940367496e-01 0.000000000000000000e+00 3.247852678567321738e-01 4.210321402531921886e-01 3.817861748463327043e-01 4.294481276285240234e-01 3.461614827586206866e-01 4.456108061224490213e-01 3.799402947107810014e-01 4.152237983842843594e-01 0.000000000000000000e+00 0.000000000000000000e+00 3.879330056033667429e-01 0.000000000000000000e+00 4.171050691823899315e-01 0.000000000000000000e+00 4.204912236761068067e-01 3.749911901408450876e-01 0.000000000000000000e+00 0.000000000000000000e+00 4.271260647590855997e-01 0.000000000000000000e+00 0.000000000000000000e+00 3.926888579234973364e-01 0.000000000000000000e+00 0.000000000000000000e+00 4.261484764975406736e-01 0.000000000000000000e+00 0.000000000000000000e+00 0.000000000000000000e+00 0.000000000000000000e+00 0.000000000000000000e+00 4.179792942868534311e-01 0.000000000000000000e+00 0.000000000000000000e+00 4.497343153846154462e-01 4.186960363636363369e-01 0.000000000000000000e+00 0.000000000000000000e+00 0.000000000000000000e+00 0.000000000000000000e+00 0.000000000000000000e+00 0.000000000000000000e+00 0.000000000000000000e+00 0.000000000000000000e+00 4.384636517857142812e-01 0.000000000000000000e+00 0.000000000000000000e+00
