0.000000000000000000e+00 1.955704137066443735e-02 1.218251786695986744e-01 4.651623119556610834e-03 2.441008950366151380e-03 0.000000000000000000e+00 1.213173652694610749e-01 1.614367874079305912e-03 3.243243243243243076e-03 0.000000000000000000e+00 1.964322329300799697e-01 1.186708860759493707e-03 2.434305980976946698e-02 5.374899220639612523e-04 2.805049088359046205e-03 0.000000000000000000e+00 6.679174484052533001e-02 3.521953510213665130e-03 8.749651130337705862e-02 2.778502478476389120e-02 0.000000000000000000e+00 0.000000000000000000e+00 7.802746566791510154e-04 0.000000000000000000e+00 3.803727653100038154e-04 0.000000000000000000e+00 0.000000000000000000e+00 0.000000000000000000e+00 3.778337531486146428e-02 1.297203805131161639e-03 1.358326541700624786e-02 2.023062917256726687e-04 7.828089025326169861e-03 1.806731364856493938e-02 4.132231404958677584e-04 0.000000000000000000e+00 4.091573307355090422e-02 2.248201438848920980e-04 6.539000467071461910e-03 0.000000000000000000e+00 1.858736059479553816e-03 0.000000000000000000e+00 1.028171910343409357e-04 0.000000000000000000e+00 7.665772326561901603e-04 0.000000000000000000e+00 0.000000000000000000e+00 0.000000000000000000e+00 1.351168760978246159e-03 0.000000000000000000e+00 9.113825867752568463e-03 2.407511435679319427e-04 3.298969072164948616e-03 0.000000000000000000e+00 2.362777171937477209e-03 0.000000000000000000e+00 2.518144525086778440e-01 1.206879211505581823e-03 2.067792173799240865e-02 1.337295690936107003e-03 5.422647527910685883e-02 5.107252298263534373e-04 6.147540983606557263e-03 1.364070386031919155e-04 2.687479884132603844e-02 2.492211838006230416e-04 6.794529973337920352e-03 1.067805659369994598e-03 1.693200663349917201e-01 5.193119117169749978e-03 5.842031469076180289e-02 1.268633047890897541e-03 4.251129387235028090e-02 2.665245202558635344e-03 2.191780821917808236e-02 0.000000000000000000e+00 6.779874213836477315e-02 2.997683608120997253e-03 0.000000000000000000e+00 0.000000000000000000e+00 2.532657957877899185e-03 1.900418091980235621e-04 0.000000000000000000e+00 0.000000000000000000e+00 3.050821075570083266e-02 0.000000000000000000e+00 2.433090024330900308e-03 0.000000000000000000e+00 1.763875823142050867e-02 0.000000000000000000e+00 4.933399111988159835e-03 8.169934640522876065e-04 1.473477406679764247e-03 0.000000000000000000e+00 7.692307692307692735e-02 4.255319148936170283e-03 2.473206924979389886e-03 0.000000000000000000e+00 3.805899143672692841e-03 9.285051067780872823e-04 2.728512960436562090e-03 0.000000000000000000e+00 3.194888178913737886e-03 9.953550099535502047e-04 4.502660663119115517e-03 5.136106831022085439e-04 7.513148009015778016e-04 0.000000000000000000e+00 0.000000000000000000e+00 0.000000000000000000e+00 1.727115716753022372e-03 9.871668311944717996e-04 1.972386587771203254e-03 0.000000000000000000e+00 0.000000000000000000e+00 0.000000000000000000e+00
1.955704137066443735e-02 0.000000000000000000e+00 1.869158878504672975e-03 6.393507521773554581e-02 0.000000000000000000e+00 0.000000000000000000e+00 1.077844311377245496e-03 7.083039047522954323e-02 0.000000000000000000e+00 2.089136490250696494e-03 4.100881689563256227e-04 9.948575949367088889e-02 1.612123166209898303e-04 1.531846277882289650e-02 0.000000000000000000e+00 9.229349330872173383e-04 2.063789868667917447e-03 5.869922517022775621e-02 2.051353614289701255e-02 9.039916514479519327e-02 0.000000000000000000e+00 0.000000000000000000e+00 0.000000000000000000e+00 2.006823198876179007e-04 0.000000000000000000e+00 0.000000000000000000e+00 0.000000000000000000e+00 6.743088334457181298e-04 1.385390428211586865e-03 4.324012683770538795e-02 7.334963325183374051e-03 0.000000000000000000e+00 1.995395241749808174e-02 2.343588684699566410e-02 0.000000000000000000e+00 1.111111111111111110e-03 1.461276181198246362e-03 6.677158273381295084e-02 0.000000000000000000e+00 5.889777029869583923e-03 0.000000000000000000e+00 4.385964912280701511e-02 0.000000000000000000e+00 0.000000000000000000e+00 3.832886163280950801e-04 8.951549737048226105e-04 0.000000000000000000e+00 2.693239967681120288e-04 0.000000000000000000e+00 1.599573447080778399e-03 0.000000000000000000e+00 9.068293074392103428e-03 4.123711340206185770e-04 1.990049751243780970e-03 0.000000000000000000e+00 1.037344398340248964e-03 2.945198274955295945e-03 2.834154681685607802e-01 2.617458447847140473e-04 3.328380386329866242e-02 3.417634996582365257e-04 4.324140279196458936e-02 2.561475409836065707e-04 2.400763879416177929e-02 4.827808175088509610e-04 4.249221183800622886e-02 1.032080502279177775e-03 6.193272824345968756e-03 2.918739635157545712e-02 4.608893216488153116e-02 6.231500233681258431e-04 9.847764034253092547e-02 2.316691764160778554e-03 6.940298507462686062e-02 0.000000000000000000e+00 5.813953488372092943e-03 3.647798742138364924e-03 8.720534132715629383e-02 0.000000000000000000e+00 0.000000000000000000e+00 0.000000000000000000e+00 1.520334473584188497e-03 0.000000000000000000e+00 0.000000000000000000e+00 1.556541365086777315e-04 3.346257585974376364e-02 0.000000000000000000e+00 0.000000000000000000e+00 2.351834430856067804e-04 1.083255957907768539e-02 4.933399111988160269e-04 1.715686274509804071e-02 2.455795677799607005e-03 9.832841691248770180e-03 0.000000000000000000e+00 7.659574468085106336e-02 0.000000000000000000e+00 1.430615164520743915e-03 2.854424357754519522e-03 2.785515320334261847e-03 0.000000000000000000e+00 5.494505494505494934e-03 1.742666279407493373e-03 8.294625082946250477e-03 8.186655751125665069e-04 4.622496147919877112e-03 4.507888805409466376e-03 0.000000000000000000e+00 0.000000000000000000e+00 1.162790697674418589e-02 0.000000000000000000e+00 2.961500493583415616e-03 3.944773175542406508e-03 8.764241893076249110e-04 1.203369434416365867e-03 0.000000000000000000e+00
1.218251786695986744e-01 1.869158878504672975e-03 0.000000000000000000e+00 4.849564528899445726e-03 1.021155410903173272e-01 5.112474437627812125e-03 2.683832335329341401e-01 5.852083543537483362e-03 4.810810810810810939e-02 4.178272980501392987e-03 4.162394914906705073e-02 5.933544303797468533e-04 4.159277768821537796e-02 3.090567051867777661e-03 2.629733520336605818e-02 6.922011998154130579e-04 1.482176360225140668e-02 1.173984503404555116e-03 1.085682389059447334e-01 4.696060527002348176e-03 1.913875598086124457e-03 0.000000000000000000e+00 1.700998751560549305e-01 1.585390327112181502e-02 2.320273868391023106e-02 1.064207165661582065e-03 6.246996636232580828e-03 0.000000000000000000e+00 3.073047858942065322e-02 1.441337561256846446e-04 2.689486552567237065e-02 1.557758446287679614e-02 9.363008442056791267e-03 5.781540367540780739e-03 4.132231404958677584e-04 0.000000000000000000e+00 1.583049196298100258e-02 0.000000000000000000e+00 4.670714619336758275e-04 0.000000000000000000e+00 0.000000000000000000e+00 0.000000000000000000e+00 0.000000000000000000e+00 0.000000000000000000e+00 1.022102976874920141e-03 0.000000000000000000e+00 0.000000000000000000e+00 0.000000000000000000e+00 1.891636265369544623e-03 0.000000000000000000e+00 4.944735311227457450e-03 8.025038118931065209e-05 4.123711340206185770e-04 0.000000000000000000e+00 1.817520901490367042e-04 0.000000000000000000e+00 5.048911328494793543e-03 2.011465352509303039e-04 5.758408585263708607e-03 0.000000000000000000e+00 2.392344497607655409e-03 0.000000000000000000e+00 5.122950819672131414e-04 0.000000000000000000e+00 4.827808175088509610e-04 1.246105919003115208e-04 8.256644018233422200e-03 3.203416978109984120e-04 5.970149253731343343e-03 0.000000000000000000e+00 2.741860102819753883e-02 1.427212178877259761e-03 7.274412139464844773e-02 1.172707889125799508e-03 5.205479452054794648e-02 0.000000000000000000e+00 6.364779874213837008e-02 1.090066766589453586e-03 0.000000000000000000e+00 0.000000000000000000e+00 3.998933617701945996e-04 0.000000000000000000e+00 0.000000000000000000e+00 0.000000000000000000e+00 2.412639115884504526e-03 8.428860418071476622e-05 0.000000000000000000e+00 0.000000000000000000e+00 9.407337723424271216e-04 0.000000000000000000e+00 2.960039467192895728e-03 8.169934640522876065e-04 1.473477406679764247e-03 9.832841691248771481e-04 2.051282051282051280e-02 0.000000000000000000e+00 8.244023083264633315e-04 0.000000000000000000e+00 0.000000000000000000e+00 0.000000000000000000e+00 0.000000000000000000e+00 0.000000000000000000e+00 8.713331397037466864e-04 9.953550099535502047e-04 1.227998362668849706e-03 0.000000000000000000e+00 0.000000000000000000e+00 0.000000000000000000e+00 0.000000000000000000e+00 0.000000000000000000e+00 0.000000000000000000e+00 0.000000000000000000e+00 0.000000000000000000e+00 0.000000000000000000e+00 0.000000000000000000e+00 0.000000000000000000e+00
4.651623119556610834e-03 6.393507521773554581e-02 4.849564528899445726e-03 0.000000000000000000e+00 2.441008950366151380e-03 3.169734151329243327e-02 8.383233532934131205e-03 2.355968116234486986e-01 3.243243243243243076e-03 4.387186629526462073e-02 3.690793520606930334e-03 2.946993670886076042e-02 5.803643398355634760e-03 3.789303950550926975e-02 1.402524544179523103e-03 1.661282879556991166e-02 9.380863039399624757e-04 1.220943883540737303e-02 6.140106056377337036e-03 1.843203756848421637e-01 0.000000000000000000e+00 0.000000000000000000e+00 2.356429463171036062e-02 2.028898254063817019e-01 1.141118295930011392e-03 1.489890031926214935e-02 0.000000000000000000e+00 1.685772083614295270e-03 1.133501259445843798e-03 2.219659844335543364e-02 2.309155120891062327e-02 6.676107626947197504e-02 7.521105141980045927e-03 3.045632872186661289e-02 4.132231404958677584e-04 1.111111111111111110e-03 9.741841207988310167e-04 9.892086330935251012e-03 0.000000000000000000e+00 8.413967185527976723e-04 0.000000000000000000e+00 1.754385964912280604e-02 0.000000000000000000e+00 0.000000000000000000e+00 0.000000000000000000e+00 3.356831151393084925e-04 0.000000000000000000e+00 2.693239967681120288e-04 0.000000000000000000e+00 1.199680085310583745e-03 2.908667830133798596e-04 2.889013722815183313e-03 0.000000000000000000e+00 0.000000000000000000e+00 0.000000000000000000e+00 2.593360995850622409e-04 4.207426107078994439e-04 9.554460424419189760e-03 3.926187671770710709e-04 2.555720653789004398e-02 0.000000000000000000e+00 1.532175689479060203e-03 0.000000000000000000e+00 1.227663347428727429e-03 0.000000000000000000e+00 4.112149532710280241e-03 2.580201255697944437e-04 1.025093432995194918e-02 8.291873963515754764e-04 9.087958455047062678e-03 1.713662564262346177e-03 3.671106882334284477e-02 1.505849646704505995e-03 8.720682302771855243e-02 2.739726027397260295e-03 8.720930232558139414e-03 2.138364779874213622e-03 7.426079847390652799e-02 0.000000000000000000e+00 0.000000000000000000e+00 0.000000000000000000e+00 5.701254275940707134e-04 0.000000000000000000e+00 9.380863039399624757e-04 1.556541365086777315e-04 1.348617666891436260e-03 0.000000000000000000e+00 0.000000000000000000e+00 0.000000000000000000e+00 1.083255957907768496e-03 9.866798223976320538e-04 5.718954248366012703e-03 9.823182711198427588e-04 6.882989183874139820e-03 0.000000000000000000e+00 5.319148936170212810e-02 1.648804616652926663e-03 0.000000000000000000e+00 9.514747859181732102e-04 3.714020427112349129e-03 0.000000000000000000e+00 5.494505494505494934e-03 8.713331397037466864e-04 2.322495023224950116e-03 1.227998362668849706e-03 5.136106831022085439e-04 3.005259203606311207e-03 0.000000000000000000e+00 0.000000000000000000e+00 0.000000000000000000e+00 0.000000000000000000e+00 0.000000000000000000e+00 1.972386587771203254e-03 8.764241893076249110e-04 0.000000000000000000e+00 0.000000000000000000e+00
2.441008950366151380e-03 0.000000000000000000e+00 1.021155410903173272e-01 2.441008950366151380e-03 0.000000000000000000e+00 5.112474437627812125e-03 2.634730538922155658e-03 4.035919685198264780e-04 2.448648648648648618e-01 2.089136490250696494e-03 8.201763379126512455e-04 0.000000000000000000e+00 1.773335482830888351e-03 0.000000000000000000e+00 1.300841514726507608e-01 9.229349330872173383e-04 0.000000000000000000e+00 0.000000000000000000e+00 2.790957298353335361e-04 0.000000000000000000e+00 4.784688995215310992e-02 0.000000000000000000e+00 1.139200998751560556e-02 3.612281757977122212e-03 3.689615823507037123e-02 5.675771550195104348e-03 5.093704949543488569e-02 0.000000000000000000e+00 8.438287153652393804e-03 0.000000000000000000e+00 1.195327356696549922e-02 4.248432126239125826e-03 0.000000000000000000e+00 0.000000000000000000e+00 0.000000000000000000e+00 0.000000000000000000e+00 4.870920603994155084e-04 0.000000000000000000e+00 0.000000000000000000e+00 0.000000000000000000e+00 5.576208178438661449e-03 0.000000000000000000e+00 0.000000000000000000e+00 0.000000000000000000e+00 0.000000000000000000e+00 0.000000000000000000e+00 3.588087549336204025e-04 0.000000000000000000e+00 1.351168760978246159e-04 0.000000000000000000e+00 9.695559433779329104e-05 0.000000000000000000e+00 0.000000000000000000e+00 0.000000000000000000e+00 1.817520901490367042e-04 0.000000000000000000e+00 1.051856526769748610e-04 0.000000000000000000e+00 0.000000000000000000e+00 0.000000000000000000e+00 2.278423331054909900e-04 0.000000000000000000e+00 0.000000000000000000e+00 0.000000000000000000e+00 6.437077566784680203e-04 0.000000000000000000e+00 0.000000000000000000e+00 0.000000000000000000e+00 0.000000000000000000e+00 0.000000000000000000e+00 2.609440722854027006e-02 7.928956549318109904e-04 4.216379010772616787e-02 0.000000000000000000e+00 2.739726027397260295e-03 0.000000000000000000e+00 1.761006289308176013e-03 0.000000000000000000e+00 0.000000000000000000e+00 0.000000000000000000e+00 0.000000000000000000e+00 0.000000000000000000e+00 1.245330012453300115e-03 0.000000000000000000e+00 8.560977507977274824e-04 0.000000000000000000e+00 2.433090024330900308e-03 0.000000000000000000e+00 4.703668861712135608e-04 0.000000000000000000e+00 0.000000000000000000e+00 0.000000000000000000e+00 0.000000000000000000e+00 0.000000000000000000e+00 0.000000000000000000e+00 0.000000000000000000e+00 0.000000000000000000e+00 0.000000000000000000e+00 0.000000000000000000e+00 0.000000000000000000e+00 0.000000000000000000e+00 0.000000000000000000e+00 0.000000000000000000e+00 0.000000000000000000e+00 4.093327875562832534e-04 0.000000000000000000e+00 0.000000000000000000e+00 0.000000000000000000e+00 0.000000000000000000e+00 0.000000000000000000e+00 0.000000000000000000e+00 0.000000000000000000e+00 0.000000000000000000e+00 8.764241893076249110e-04 0.000000000000000000e+00 0.000000000000000000e+00
0.000000000000000000e+00 0.000000000000000000e+00 5.112474437627812125e-03 3.169734151329243327e-02 5.112474437627812125e-03 0.000000000000000000e+00 4.790419161676646650e-04 1.412571889819392700e-03 8.108108108108108558e-03 3.272980501392757646e-01 0.000000000000000000e+00 0.000000000000000000e+00 3.224246332419796607e-04 8.062348830959419326e-04 2.805049088359046205e-03 1.672819566220581367e-01 0.000000000000000000e+00 0.000000000000000000e+00 1.395478649176667681e-04 9.131228802504565535e-04 9.090909090909090468e-03 4.342984409799554441e-02 5.305867665418227165e-03 7.304836443909291932e-02 1.635602890833016271e-02 1.064207165661582161e-01 1.922152811148486375e-03 1.287929871881321742e-01 0.000000000000000000e+00 2.248486595560680174e-02 1.738657973376799698e-02 2.609751163261177578e-02 0.000000000000000000e+00 1.445385091885195185e-03 0.000000000000000000e+00 0.000000000000000000e+00 0.000000000000000000e+00 4.496402877697841961e-04 0.000000000000000000e+00 0.000000000000000000e+00 0.000000000000000000e+00 0.000000000000000000e+00 0.000000000000000000e+00 0.000000000000000000e+00 0.000000000000000000e+00 0.000000000000000000e+00 0.000000000000000000e+00 0.000000000000000000e+00 0.000000000000000000e+00 0.000000000000000000e+00 9.695559433779329104e-05 8.025038118931065209e-05 0.000000000000000000e+00 0.000000000000000000e+00 0.000000000000000000e+00 3.890041493775933342e-04 0.000000000000000000e+00 0.000000000000000000e+00 0.000000000000000000e+00 0.000000000000000000e+00 0.000000000000000000e+00 0.000000000000000000e+00 0.000000000000000000e+00 0.000000000000000000e+00 0.000000000000000000e+00 0.000000000000000000e+00 0.000000000000000000e+00 1.067805659369994707e-04 0.000000000000000000e+00 0.000000000000000000e+00 2.882068858077582296e-03 4.575007928956549563e-02 1.158345882080389196e-04 2.867803837953091656e-02 0.000000000000000000e+00 0.000000000000000000e+00 0.000000000000000000e+00 1.226325112413135339e-03 0.000000000000000000e+00 0.000000000000000000e+00 0.000000000000000000e+00 0.000000000000000000e+00 0.000000000000000000e+00 9.380863039399624757e-04 0.000000000000000000e+00 1.685772083614295324e-04 0.000000000000000000e+00 0.000000000000000000e+00 0.000000000000000000e+00 4.642525533890436411e-04 0.000000000000000000e+00 0.000000000000000000e+00 0.000000000000000000e+00 9.832841691248771481e-04 0.000000000000000000e+00 0.000000000000000000e+00 0.000000000000000000e+00 0.000000000000000000e+00 0.000000000000000000e+00 9.285051067780872823e-04 0.000000000000000000e+00 0.000000000000000000e+00 0.000000000000000000e+00 0.000000000000000000e+00 0.000000000000000000e+00 0.000000000000000000e+00 0.000000000000000000e+00 0.000000000000000000e+00 0.000000000000000000e+00 0.000000000000000000e+00 0.000000000000000000e+00 0.000000000000000000e+00 0.000000000000000000e+00 0.000000000000000000e+00 0.000000000000000000e+00 0.000000000000000000e+00
1.213173652694610749e-01 1.077844311377245496e-03 2.683832335329341401e-01 8.383233532934131205e-03 2.634730538922155658e-03 4.790419161676646650e-04 0.000000000000000000e+00 1.049339118151548789e-02 1.372972972972973105e-01 0.000000000000000000e+00 1.277424646298954414e-01 2.373417721518987413e-03 1.953893277446396848e-01 2.821822090835796656e-03 5.259467040673211635e-03 2.307337332718043346e-04 2.063789868667917447e-03 7.043907020427330259e-04 2.051353614289701255e-02 6.000521784502999868e-03 0.000000000000000000e+00 0.000000000000000000e+00 1.966292134831460620e-02 1.023479831426851380e-02 0.000000000000000000e+00 3.547357218871940217e-04 0.000000000000000000e+00 3.371544167228590649e-04 6.675062972292191039e-03 0.000000000000000000e+00 1.358326541700624786e-02 2.508598017398341179e-02 1.534919416730621622e-03 8.982035928143712253e-03 2.066115702479338900e-03 0.000000000000000000e+00 3.653190452995616015e-03 0.000000000000000000e+00 0.000000000000000000e+00 0.000000000000000000e+00 0.000000000000000000e+00 0.000000000000000000e+00 0.000000000000000000e+00 0.000000000000000000e+00 0.000000000000000000e+00 0.000000000000000000e+00 0.000000000000000000e+00 0.000000000000000000e+00 2.702337521956492319e-04 0.000000000000000000e+00 6.786891603645530237e-04 0.000000000000000000e+00 0.000000000000000000e+00 0.000000000000000000e+00 1.090512540894220334e-03 0.000000000000000000e+00 2.208898706216471958e-03 0.000000000000000000e+00 1.439602146315927152e-03 0.000000000000000000e+00 7.404875825928457569e-03 0.000000000000000000e+00 2.817622950819672224e-03 0.000000000000000000e+00 7.885420019311232057e-03 1.246105919003115208e-04 1.204093919325707404e-03 1.067805659369994707e-04 1.658374792703150953e-03 3.245699448231093736e-04 7.836111543854182293e-02 4.519505233111322830e-03 2.583111317039267843e-02 1.492537313432835836e-03 1.095890410958904118e-02 0.000000000000000000e+00 2.327044025157232535e-02 5.450333832947267931e-04 0.000000000000000000e+00 0.000000000000000000e+00 2.665955745134630881e-03 0.000000000000000000e+00 0.000000000000000000e+00 0.000000000000000000e+00 1.836718810802397128e-02 8.428860418071476622e-05 1.216545012165450154e-03 0.000000000000000000e+00 1.481655691439322589e-02 0.000000000000000000e+00 0.000000000000000000e+00 8.169934640522876065e-04 0.000000000000000000e+00 9.832841691248771481e-04 5.128205128205128201e-03 0.000000000000000000e+00 0.000000000000000000e+00 0.000000000000000000e+00 0.000000000000000000e+00 0.000000000000000000e+00 0.000000000000000000e+00 0.000000000000000000e+00 5.808887598024978271e-04 0.000000000000000000e+00 0.000000000000000000e+00 5.136106831022085439e-04 0.000000000000000000e+00 0.000000000000000000e+00 0.000000000000000000e+00 0.000000000000000000e+00 0.000000000000000000e+00 0.000000000000000000e+00 0.000000000000000000e+00 0.000000000000000000e+00 0.000000000000000000e+00 0.000000000000000000e+00
1.614367874079305912e-03 7.083039047522954323e-02 5.852083543537483362e-03 2.355968116234486986e-01 4.035919685198264780e-04 1.412571889819392700e-03 1.049339118151548789e-02 0.000000000000000000e+00 1.081081081081081098e-03 4.596100278551532026e-02 4.305925774041419012e-03 1.604034810126582222e-01 9.189102047396421197e-03 2.988443966675624619e-01 2.805049088359046205e-03 2.215043839409321785e-02 2.814258911819887427e-03 4.695938013618220462e-03 8.233324030142338476e-03 2.321941038351161071e-02 0.000000000000000000e+00 0.000000000000000000e+00 2.699750312109862674e-02 1.304435079269516441e-02 0.000000000000000000e+00 3.547357218871940217e-04 0.000000000000000000e+00 0.000000000000000000e+00 1.007556675062972265e-03 1.498991063707120173e-02 1.792991035044824710e-02 5.057657293141816501e-03 8.135072908672295530e-03 8.156101589923600223e-03 0.000000000000000000e+00 0.000000000000000000e+00 0.000000000000000000e+00 1.573741007194244578e-03 0.000000000000000000e+00 8.413967185527976723e-04 0.000000000000000000e+00 0.000000000000000000e+00 0.000000000000000000e+00 0.000000000000000000e+00 0.000000000000000000e+00 4.475774868524113053e-04 0.000000000000000000e+00 2.693239967681120288e-04 0.000000000000000000e+00 1.599573447080778399e-03 1.939111886755865821e-04 7.944787737741754868e-03 0.000000000000000000e+00 1.279317697228145095e-03 0.000000000000000000e+00 1.556016597510373337e-03 0.000000000000000000e+00 2.715478225887558994e-03 0.000000000000000000e+00 7.429420505200593980e-03 0.000000000000000000e+00 7.660878447395301667e-03 0.000000000000000000e+00 1.500477424635111206e-03 0.000000000000000000e+00 1.358255451713395560e-02 8.600670852326481458e-05 5.979711692471969924e-03 8.291873963515754764e-04 1.622849724115546814e-03 1.869450070104377529e-03 9.197589597209007706e-02 2.664195528784895056e-03 4.786780383795308930e-02 0.000000000000000000e+00 0.000000000000000000e+00 1.886792452830188694e-03 2.493527728573375138e-02 0.000000000000000000e+00 0.000000000000000000e+00 0.000000000000000000e+00 1.710376282782212140e-03 0.000000000000000000e+00 1.876172607879924951e-03 0.000000000000000000e+00 1.365475387727579232e-02 0.000000000000000000e+00 0.000000000000000000e+00 0.000000000000000000e+00 6.809037449705973404e-03 4.933399111988160269e-04 8.169934640522876065e-04 0.000000000000000000e+00 9.832841691248771481e-04 1.025641025641025640e-02 4.255319148936170283e-03 0.000000000000000000e+00 0.000000000000000000e+00 0.000000000000000000e+00 9.285051067780872823e-04 0.000000000000000000e+00 0.000000000000000000e+00 0.000000000000000000e+00 1.658925016589250269e-03 8.186655751125665069e-04 5.136106831022085439e-04 1.502629601803155603e-03 0.000000000000000000e+00 0.000000000000000000e+00 0.000000000000000000e+00 0.000000000000000000e+00 0.000000000000000000e+00 0.000000000000000000e+00 0.000000000000000000e+00 0.000000000000000000e+00 0.000000000000000000e+00
3.243243243243243076e-03 0.000000000000000000e+00 4.810810810810810939e-02 3.243243243243243076e-03 2.448648648648648618e-01 8.108108108108108558e-03 1.372972972972973105e-01 1.081081081081081098e-03 0.000000000000000000e+00 2.785515320334261847e-03 2.050440844781628059e-03 0.000000000000000000e+00 3.208125100757697884e-02 0.000000000000000000e+00 1.360448807854137410e-01 6.922011998154130579e-04 7.504690431519699806e-04 0.000000000000000000e+00 5.581914596706670723e-04 1.304461257500652181e-04 2.392344497607655409e-03 0.000000000000000000e+00 2.184769038701623103e-03 1.605458559100943206e-03 3.803727653100038154e-04 3.902092940759134456e-03 1.922152811148486375e-03 0.000000000000000000e+00 3.778337531486145994e-03 0.000000000000000000e+00 4.346644933441999245e-03 3.034594375885089814e-03 0.000000000000000000e+00 0.000000000000000000e+00 0.000000000000000000e+00 0.000000000000000000e+00 0.000000000000000000e+00 0.000000000000000000e+00 0.000000000000000000e+00 0.000000000000000000e+00 1.858736059479553816e-03 0.000000000000000000e+00 0.000000000000000000e+00 0.000000000000000000e+00 0.000000000000000000e+00 0.000000000000000000e+00 0.000000000000000000e+00 0.000000000000000000e+00 0.000000000000000000e+00 0.000000000000000000e+00 0.000000000000000000e+00 0.000000000000000000e+00 0.000000000000000000e+00 0.000000000000000000e+00 0.000000000000000000e+00 0.000000000000000000e+00 0.000000000000000000e+00 0.000000000000000000e+00 0.000000000000000000e+00 0.000000000000000000e+00 0.000000000000000000e+00 0.000000000000000000e+00 5.122950819672131414e-04 0.000000000000000000e+00 4.827808175088509610e-04 0.000000000000000000e+00 0.000000000000000000e+00 0.000000000000000000e+00 0.000000000000000000e+00 0.000000000000000000e+00 9.035675338837825810e-03 1.585791309863621927e-04 1.749102281941387546e-02 0.000000000000000000e+00 2.739726027397260295e-03 0.000000000000000000e+00 2.264150943396226520e-03 0.000000000000000000e+00 0.000000000000000000e+00 0.000000000000000000e+00 0.000000000000000000e+00 0.000000000000000000e+00 1.245330012453300115e-03 0.000000000000000000e+00 9.339248190520663346e-04 0.000000000000000000e+00 0.000000000000000000e+00 0.000000000000000000e+00 2.351834430856067804e-04 0.000000000000000000e+00 0.000000000000000000e+00 0.000000000000000000e+00 0.000000000000000000e+00 0.000000000000000000e+00 0.000000000000000000e+00 0.000000000000000000e+00 0.000000000000000000e+00 0.000000000000000000e+00 0.000000000000000000e+00 0.000000000000000000e+00 0.000000000000000000e+00 0.000000000000000000e+00 0.000000000000000000e+00 0.000000000000000000e+00 0.000000000000000000e+00 0.000000000000000000e+00 0.000000000000000000e+00 0.000000000000000000e+00 0.000000000000000000e+00 0.000000000000000000e+00 0.000000000000000000e+00 0.000000000000000000e+00 0.000000000000000000e+00 0.000000000000000000e+00 0.000000000000000000e+00 0.000000000000000000e+00
0.000000000000000000e+00 2.089136490250696494e-03 4.178272980501392987e-03 4.387186629526462073e-02 2.089136490250696494e-03 3.272980501392757646e-01 0.000000000000000000e+00 4.596100278551532026e-02 2.785515320334261847e-03 0.000000000000000000e+00 0.000000000000000000e+00 0.000000000000000000e+00 0.000000000000000000e+00 2.687449610319806587e-03 0.000000000000000000e+00 8.491001384402399599e-02 0.000000000000000000e+00 2.347969006809110177e-04 0.000000000000000000e+00 2.608922515001304361e-04 4.784688995215311143e-04 2.227171492204899680e-03 7.802746566791510154e-04 1.003411599438089503e-03 6.085964244960061047e-03 7.094714437743880435e-04 0.000000000000000000e+00 1.112609575185434865e-02 0.000000000000000000e+00 5.621216488901700434e-03 3.259983700081499434e-03 1.213837750354036012e-03 0.000000000000000000e+00 0.000000000000000000e+00 0.000000000000000000e+00 0.000000000000000000e+00 0.000000000000000000e+00 0.000000000000000000e+00 0.000000000000000000e+00 0.000000000000000000e+00 0.000000000000000000e+00 0.000000000000000000e+00 0.000000000000000000e+00 0.000000000000000000e+00 0.000000000000000000e+00 0.000000000000000000e+00 0.000000000000000000e+00 0.000000000000000000e+00 0.000000000000000000e+00 0.000000000000000000e+00 0.000000000000000000e+00 0.000000000000000000e+00 0.000000000000000000e+00 0.000000000000000000e+00 0.000000000000000000e+00 0.000000000000000000e+00 0.000000000000000000e+00 2.011465352509303039e-04 0.000000000000000000e+00 0.000000000000000000e+00 0.000000000000000000e+00 0.000000000000000000e+00 0.000000000000000000e+00 0.000000000000000000e+00 0.000000000000000000e+00 0.000000000000000000e+00 0.000000000000000000e+00 0.000000000000000000e+00 0.000000000000000000e+00 3.245699448231093736e-04 9.347250350521887647e-04 1.149698699651125963e-02 0.000000000000000000e+00 1.460554371002132160e-02 0.000000000000000000e+00 0.000000000000000000e+00 0.000000000000000000e+00 5.450333832947267931e-04 0.000000000000000000e+00 0.000000000000000000e+00 0.000000000000000000e+00 3.800836183960471242e-04 0.000000000000000000e+00 0.000000000000000000e+00 0.000000000000000000e+00 1.685772083614295324e-04 0.000000000000000000e+00 0.000000000000000000e+00 0.000000000000000000e+00 3.095017022593624274e-04 0.000000000000000000e+00 0.000000000000000000e+00 0.000000000000000000e+00 0.000000000000000000e+00 0.000000000000000000e+00 0.000000000000000000e+00 0.000000000000000000e+00 0.000000000000000000e+00 0.000000000000000000e+00 0.000000000000000000e+00 0.000000000000000000e+00 0.000000000000000000e+00 0.000000000000000000e+00 0.000000000000000000e+00 0.000000000000000000e+00 0.000000000000000000e+00 0.000000000000000000e+00 0.000000000000000000e+00 0.000000000000000000e+00 0.000000000000000000e+00 0.000000000000000000e+00 0.000000000000000000e+00 0.000000000000000000e+00 0.000000000000000000e+00 0.000000000000000000e+00 0.000000000000000000e+00
1.964322329300799697e-01 4.100881689563256227e-04 4.162394914906705073e-02 3.690793520606930334e-03 8.201763379126512455e-04 0.000000000000000000e+00 1.277424646298954414e-01 4.305925774041419012e-03 2.050440844781628059e-03 0.000000000000000000e+00 0.000000000000000000e+00 1.977848101265822754e-04 1.347734966951475155e-01 5.374899220639612523e-04 5.259467040673211635e-03 0.000000000000000000e+00 4.596622889305816001e-02 0.000000000000000000e+00 3.056098241696901877e-02 3.000260892251499934e-03 0.000000000000000000e+00 0.000000000000000000e+00 1.154806491885143616e-02 1.204093919325707404e-03 0.000000000000000000e+00 0.000000000000000000e+00 0.000000000000000000e+00 0.000000000000000000e+00 4.055415617128463324e-02 0.000000000000000000e+00 4.618310241782124306e-03 1.820756625531054019e-03 3.223330775134305645e-03 2.787528391492876366e-03 0.000000000000000000e+00 0.000000000000000000e+00 1.461276181198246362e-03 0.000000000000000000e+00 0.000000000000000000e+00 0.000000000000000000e+00 0.000000000000000000e+00 0.000000000000000000e+00 0.000000000000000000e+00 0.000000000000000000e+00 0.000000000000000000e+00 0.000000000000000000e+00 1.794043774668102012e-04 0.000000000000000000e+00 1.351168760978246159e-04 0.000000000000000000e+00 9.695559433779329104e-05 0.000000000000000000e+00 0.000000000000000000e+00 0.000000000000000000e+00 0.000000000000000000e+00 0.000000000000000000e+00 5.259282633848743130e-03 0.000000000000000000e+00 2.355712603062426209e-03 0.000000000000000000e+00 2.848029163818637660e-02 0.000000000000000000e+00 7.428278688524589737e-03 0.000000000000000000e+00 1.689732861280978521e-02 0.000000000000000000e+00 1.634127461942031477e-03 1.067805659369994707e-04 1.658374792703150899e-04 0.000000000000000000e+00 3.411746377940488850e-02 2.220107833809070643e-03 7.065909880690374352e-03 4.264392324093816441e-04 0.000000000000000000e+00 0.000000000000000000e+00 4.905660377358490865e-03 1.362583458236816983e-04 0.000000000000000000e+00 0.000000000000000000e+00 3.065849106904825535e-03 0.000000000000000000e+00 0.000000000000000000e+00 0.000000000000000000e+00 9.494902327029340616e-03 0.000000000000000000e+00 1.216545012165450154e-03 0.000000000000000000e+00 4.703668861712135066e-03 0.000000000000000000e+00 0.000000000000000000e+00 0.000000000000000000e+00 0.000000000000000000e+00 0.000000000000000000e+00 0.000000000000000000e+00 0.000000000000000000e+00 0.000000000000000000e+00 0.000000000000000000e+00 0.000000000000000000e+00 0.000000000000000000e+00 0.000000000000000000e+00 0.000000000000000000e+00 0.000000000000000000e+00 0.000000000000000000e+00 0.000000000000000000e+00 0.000000000000000000e+00 0.000000000000000000e+00 0.000000000000000000e+00 0.000000000000000000e+00 0.000000000000000000e+00 0.000000000000000000e+00 0.000000000000000000e+00 0.000000000000000000e+00 0.000000000000000000e+00 0.000000000000000000e+00 0.000000000000000000e+00
1.186708860759493707e-03 9.948575949367088889e-02 5.933544303797468533e-04 2.946993670886076042e-02 0.000000000000000000e+00 0.000000000000000000e+00 2.373417721518987413e-03 1.604034810126582222e-01 0.000000000000000000e+00 0.000000000000000000e+00 1.977848101265822754e-04 0.000000000000000000e+00 1.612123166209898303e-04 1.074979844127922635e-01 3.506311360448807757e-04 2.768804799261652232e-03 7.504690431519699806e-04 5.729044376614228495e-02 1.535026514094334259e-03 1.656665797025828196e-02 0.000000000000000000e+00 0.000000000000000000e+00 1.092384519350811552e-03 3.812964077864740113e-03 0.000000000000000000e+00 0.000000000000000000e+00 0.000000000000000000e+00 0.000000000000000000e+00 2.518891687657430663e-04 1.001729605073508195e-01 5.433306166802499056e-04 4.046125834513453375e-04 1.227935533384497254e-03 3.406979145157959955e-03 0.000000000000000000e+00 1.111111111111111110e-03 0.000000000000000000e+00 6.744604316546762941e-04 0.000000000000000000e+00 4.206983592763988361e-04 0.000000000000000000e+00 0.000000000000000000e+00 0.000000000000000000e+00 0.000000000000000000e+00 0.000000000000000000e+00 3.356831151393084925e-04 0.000000000000000000e+00 1.346619983840560144e-04 0.000000000000000000e+00 0.000000000000000000e+00 0.000000000000000000e+00 8.827541930824171594e-04 0.000000000000000000e+00 1.279317697228145095e-03 0.000000000000000000e+00 7.780082987551866685e-04 0.000000000000000000e+00 2.514331690636628907e-03 0.000000000000000000e+00 1.485884101040118796e-03 1.139211665527454950e-04 7.831120190670752199e-03 0.000000000000000000e+00 1.732369390260537351e-02 0.000000000000000000e+00 7.352024922118380323e-03 2.580201255697944437e-04 7.474639615589962404e-04 0.000000000000000000e+00 3.245699448231093736e-04 5.452562704471101670e-04 4.456073580716777421e-02 3.475037646241167723e-04 1.503198294243070395e-02 0.000000000000000000e+00 0.000000000000000000e+00 1.257861635220125724e-04 8.039242403597220143e-03 0.000000000000000000e+00 6.269592476489027968e-03 1.332977872567315332e-04 1.748384644621816739e-02 0.000000000000000000e+00 0.000000000000000000e+00 0.000000000000000000e+00 2.646662171274443559e-02 0.000000000000000000e+00 5.984440454817474423e-04 0.000000000000000000e+00 1.501083255957907751e-02 0.000000000000000000e+00 1.633986928104575213e-03 0.000000000000000000e+00 9.832841691248771481e-04 0.000000000000000000e+00 2.127659574468085141e-03 0.000000000000000000e+00 0.000000000000000000e+00 0.000000000000000000e+00 0.000000000000000000e+00 0.000000000000000000e+00 0.000000000000000000e+00 0.000000000000000000e+00 0.000000000000000000e+00 4.093327875562832534e-04 0.000000000000000000e+00 0.000000000000000000e+00 0.000000000000000000e+00 0.000000000000000000e+00 0.000000000000000000e+00 8.635578583765111862e-04 0.000000000000000000e+00 0.000000000000000000e+00 0.000000000000000000e+00 0.000000000000000000e+00 0.000000000000000000e+00
2.434305980976946698e-02 1.612123166209898303e-04 4.159277768821537796e-02 5.803643398355634760e-03 1.773335482830888351e-03 3.224246332419796607e-04 1.953893277446396848e-01 9.189102047396421197e-03 3.208125100757697884e-02 0.000000000000000000e+00 1.347734966951475155e-01 1.612123166209898303e-04 0.000000000000000000e+00 2.149959688255845009e-03 1.255259467040673316e-01 2.307337332718043346e-04 7.129455909943714816e-03 0.000000000000000000e+00 8.372871895060005759e-03 6.522306287503260632e-04 4.784688995215311143e-04 0.000000000000000000e+00 1.888264669163545670e-02 7.224563515954244425e-03 0.000000000000000000e+00 7.094714437743880435e-04 0.000000000000000000e+00 0.000000000000000000e+00 1.273299748110831298e-01 1.441337561256846446e-04 1.005161640858462380e-02 1.395913412907141479e-02 1.534919416730621622e-03 9.291761304976254915e-04 4.132231404958677584e-04 0.000000000000000000e+00 4.140282513395031685e-03 0.000000000000000000e+00 0.000000000000000000e+00 0.000000000000000000e+00 0.000000000000000000e+00 0.000000000000000000e+00 0.000000000000000000e+00 0.000000000000000000e+00 1.277628721093650177e-04 0.000000000000000000e+00 0.000000000000000000e+00 0.000000000000000000e+00 1.351168760978246159e-04 0.000000000000000000e+00 0.000000000000000000e+00 0.000000000000000000e+00 0.000000000000000000e+00 0.000000000000000000e+00 1.817520901490367042e-04 0.000000000000000000e+00 1.472599137477647972e-03 0.000000000000000000e+00 6.543646119617851182e-04 1.485884101040118742e-04 6.607427660059238955e-03 0.000000000000000000e+00 4.866803278688524789e-03 0.000000000000000000e+00 1.094303186353395504e-02 1.246105919003115208e-04 2.580201255697944437e-04 2.135611318739989413e-04 1.160862354892205602e-03 0.000000000000000000e+00 5.958872098457703576e-02 1.347922613384078651e-03 3.243368469825089889e-02 5.330490405117270687e-04 2.191780821917808236e-02 0.000000000000000000e+00 2.553459119496855403e-02 4.087750374710450948e-04 0.000000000000000000e+00 0.000000000000000000e+00 3.465742468675020189e-03 0.000000000000000000e+00 0.000000000000000000e+00 0.000000000000000000e+00 1.042882714608140728e-02 0.000000000000000000e+00 0.000000000000000000e+00 0.000000000000000000e+00 3.762935089369708486e-03 0.000000000000000000e+00 0.000000000000000000e+00 0.000000000000000000e+00 9.823182711198427588e-04 9.832841691248771481e-04 0.000000000000000000e+00 0.000000000000000000e+00 0.000000000000000000e+00 0.000000000000000000e+00 0.000000000000000000e+00 0.000000000000000000e+00 0.000000000000000000e+00 0.000000000000000000e+00 2.904443799012489135e-04 6.635700066357000642e-04 4.093327875562832534e-04 5.136106831022085439e-04 0.000000000000000000e+00 0.000000000000000000e+00 0.000000000000000000e+00 0.000000000000000000e+00 0.000000000000000000e+00 0.000000000000000000e+00 0.000000000000000000e+00 0.000000000000000000e+00 0.000000000000000000e+00 0.000000000000000000e+00
