0.000000000000000000e+00 1.021055972912919205e-02 1.029854834291974858e-01 3.659413186956805755e-03 4.836759371221281516e-03 2.233638597274960856e-04 1.476662872011709204e-01 2.782872683574726374e-03 4.130679684566278612e-03 0.000000000000000000e+00 1.796610169491525411e-01 8.024608800320984746e-04 3.286112401300510938e-02 1.182732111176818462e-04 2.441008950366151380e-03 0.000000000000000000e+00 3.250803250803251110e-02 1.877346683354192683e-03 8.293723930546124945e-02 2.313645621181262615e-02 0.000000000000000000e+00 0.000000000000000000e+00 1.531980084258904602e-03 3.472222222222222355e-04 0.000000000000000000e+00 0.000000000000000000e+00 0.000000000000000000e+00 0.000000000000000000e+00 3.880447067688057305e-02 5.660590965696818801e-04 3.236827908649523525e-03 3.024345985180704709e-04 4.727624368754700969e-03 1.115491874218674934e-02 1.025641025641025640e-03 0.000000000000000000e+00 8.783638320775026542e-02 1.737619461337966940e-04 3.924646781789639161e-04 0.000000000000000000e+00 2.014098690835850955e-03 0.000000000000000000e+00 1.073422069557750168e-04 0.000000000000000000e+00 0.000000000000000000e+00 1.619433198380566786e-04 2.373042240151874798e-04 0.000000000000000000e+00 1.257861635220125724e-03 9.711566475672525980e-05 1.276639555235251772e-02 3.533568904593639422e-04 0.000000000000000000e+00 1.480604086467278543e-04 1.875820671543800434e-03 0.000000000000000000e+00 2.741754723022734597e-01 1.346499102333931826e-03 2.446524064171122850e-02 1.257131805434677594e-03 4.055040133430626303e-02 4.919444102816382175e-04 7.095073991485911086e-03 1.367427868179953599e-04 7.753947678529342358e-02 1.175088131609870729e-04 2.715085694892245202e-03 1.584925596548384307e-03 1.279766252739225618e-01 7.542675664946407385e-03 1.066255249850004277e-01 6.731488406881077106e-04 2.537313432835820726e-02 4.864759680871764969e-04 0.000000000000000000e+00 0.000000000000000000e+00 8.571873055382700501e-02 6.808278867102396902e-04 1.338688085676037432e-03 0.000000000000000000e+00 5.741915986702931379e-03 2.636435539151067990e-04 0.000000000000000000e+00 0.000000000000000000e+00 3.432273034902832975e-02 1.719838335196491449e-04 1.794526693584567014e-03 0.000000000000000000e+00 3.180661577608142471e-02 1.249063202598051526e-04 8.920332205475238821e-03 0.000000000000000000e+00 2.334111370456819125e-03 1.925298421255294519e-03 9.414024975984630617e-02 2.376910016977928572e-02 0.000000000000000000e+00 1.090512540894220334e-03 3.956478733926804998e-03 2.577319587628865930e-03 8.818342151675484519e-04 3.956478733926804998e-03 2.297794117647058900e-03 5.058168942842691113e-04 2.102102102102102171e-03 3.306878306878306695e-04 2.590673575129533775e-03 0.000000000000000000e+00 0.000000000000000000e+00 2.142051860202931132e-02 1.939864209505334650e-03 2.554278416347382022e-03 1.964636542239685518e-03 0.000000000000000000e+00 0.000000000000000000e+00 0.000000000000000000e+00
1.021055972912919205e-02 0.000000000000000000e+00 3.834565872363735785e-03 1.270992615826962158e-01 0.000000000000000000e+00 1.340183158364976514e-03 5.935924540575703533e-03 1.356650433242679032e-01 0.000000000000000000e+00 4.829251466022766066e-03 2.991026919242273374e-03 1.285274842851411026e-01 1.161170459823502107e-04 2.081608515671200602e-02 0.000000000000000000e+00 3.969041476483429511e-03 1.701001701001701076e-03 5.178347934918648560e-02 3.307789310311378544e-02 1.085132382892056990e-01 0.000000000000000000e+00 0.000000000000000000e+00 3.829950210647261504e-04 8.680555555555555074e-04 0.000000000000000000e+00 3.769317753486619020e-04 0.000000000000000000e+00 2.837684449489216720e-04 6.279040562602034026e-04 4.958677685950413361e-02 3.776299226757777374e-03 6.048691970361409417e-04 1.514988718169119931e-02 1.519376863159919294e-02 5.128205128205128201e-04 6.176652254478073303e-04 2.152852529601722415e-04 7.489139878366637970e-02 3.924646781789639161e-04 3.164556962025316406e-03 0.000000000000000000e+00 3.220611916264090168e-03 0.000000000000000000e+00 9.734254842791784297e-05 0.000000000000000000e+00 5.668016194331984212e-03 0.000000000000000000e+00 1.386577925679423307e-04 3.593890386343216508e-04 7.866368845294745976e-03 1.029548028415525605e-04 1.148409893992932869e-02 0.000000000000000000e+00 3.849570624814924701e-03 0.000000000000000000e+00 9.289545989794582848e-03 1.360870957412744055e-03 2.903949730700179366e-01 5.347593582887700658e-04 3.442607097959578255e-02 3.127280308558323934e-04 3.185340056573607304e-02 0.000000000000000000e+00 2.529741556132913960e-02 0.000000000000000000e+00 2.726204465334900254e-02 1.951467843203801185e-03 1.135863344193008793e-02 2.804967129291453462e-02 1.572052401746724948e-01 9.428302048512899811e-04 8.249813014210920226e-02 1.658374792703150899e-04 2.870208211714341331e-02 0.000000000000000000e+00 0.000000000000000000e+00 1.400124455507156286e-03 8.632897603485838178e-02 0.000000000000000000e+00 0.000000000000000000e+00 0.000000000000000000e+00 1.239124703401001809e-02 0.000000000000000000e+00 2.049180327868852566e-03 9.668374746205162689e-05 3.517069395476825344e-02 0.000000000000000000e+00 1.154734411085450328e-03 0.000000000000000000e+00 3.809642767924056872e-02 1.537988311288834235e-03 7.642563198118753828e-03 1.000333444481493880e-03 5.005775895263765533e-03 1.248799231508165158e-02 3.565365025466893378e-02 1.162790697674418589e-03 2.181025081788440668e-03 9.891196834817012496e-04 2.577319587628865930e-03 0.000000000000000000e+00 1.978239366963402499e-03 0.000000000000000000e+00 3.287809812847749223e-03 3.003003003003002869e-04 0.000000000000000000e+00 0.000000000000000000e+00 0.000000000000000000e+00 0.000000000000000000e+00 1.465614430665163406e-02 9.699321047526673250e-04 0.000000000000000000e+00 0.000000000000000000e+00 0.000000000000000000e+00 8.771929824561403672e-04 0.000000000000000000e+00
1.029854834291974858e-01 3.834565872363735785e-03 0.000000000000000000e+00 3.659413186956805755e-03 1.342200725513905679e-01 3.573821755639937370e-03 1.913319238900634267e-01 7.399911454050976840e-03 7.097258730754787970e-02 7.933770265608829780e-03 4.745762711864406902e-02 5.483482680219339649e-03 3.820250812819321606e-02 5.558840922531047002e-03 3.308923243829672151e-02 5.953562214725143832e-04 1.360801360801360861e-02 9.386733416770963413e-04 9.622659811814919528e-02 6.598778004073319395e-03 0.000000000000000000e+00 0.000000000000000000e+00 1.623898889314439042e-01 7.986111111111110494e-03 1.905487804878048738e-02 4.523181304183943041e-03 3.188097768331561981e-03 2.837684449489216720e-04 4.696722340826321729e-02 7.924827351975545888e-04 1.834202481568063259e-02 8.921820656283078674e-03 1.085204684645965471e-02 1.144340802000192413e-02 3.589743589743589740e-03 1.235330450895614661e-03 2.432723358449946291e-02 1.737619461337966940e-04 3.924646781789639161e-04 0.000000000000000000e+00 5.035246727089627387e-03 0.000000000000000000e+00 1.073422069557750168e-04 0.000000000000000000e+00 1.733960862026257118e-03 0.000000000000000000e+00 9.492168960607499191e-04 0.000000000000000000e+00 5.031446540880502895e-03 1.942313295134505196e-04 7.206836198908678909e-03 0.000000000000000000e+00 0.000000000000000000e+00 0.000000000000000000e+00 2.063402738698180520e-03 0.000000000000000000e+00 1.112712135766890861e-02 3.847140292382662439e-04 8.556149732620321052e-03 1.934048931437965446e-04 4.690920462837485684e-03 2.459722051408191087e-04 1.216298398540441956e-03 2.734855736359907198e-04 4.006599104407259325e-03 1.175088131609870729e-04 9.333107076192092774e-03 9.685656423351236832e-04 1.665449233016800742e-02 9.924573243350535805e-04 3.462758206908374270e-02 9.723261032161555940e-04 8.723051409618573504e-02 2.140494259583576586e-03 8.620689655172413673e-03 0.000000000000000000e+00 1.014312383322961975e-01 1.225490196078431356e-03 2.677376171352074865e-03 0.000000000000000000e+00 1.057721365971592623e-03 0.000000000000000000e+00 0.000000000000000000e+00 0.000000000000000000e+00 4.640819878178477874e-03 0.000000000000000000e+00 1.794526693584567014e-03 0.000000000000000000e+00 7.633587786259541687e-03 0.000000000000000000e+00 5.844355582897570352e-03 2.351557907113462683e-03 2.000666888962987760e-03 5.390835579514825088e-03 2.785782901056676336e-02 8.488964346349745643e-03 2.325581395348837177e-03 2.181025081788440668e-03 0.000000000000000000e+00 1.288659793814432965e-03 0.000000000000000000e+00 9.891196834817012496e-04 6.893382352941176917e-04 7.587253414264036669e-04 6.006006006006005737e-04 0.000000000000000000e+00 1.295336787564766888e-03 0.000000000000000000e+00 0.000000000000000000e+00 1.352874859075535452e-02 0.000000000000000000e+00 0.000000000000000000e+00 0.000000000000000000e+00 0.000000000000000000e+00 8.771929824561403672e-04 0.000000000000000000e+00
3.659413186956805755e-03 1.270992615826962158e-01 3.659413186956805755e-03 0.000000000000000000e+00 2.015316404675534037e-03 8.175117266026356300e-02 9.838998211091234611e-03 2.899247359433305693e-01 1.877581674802853914e-03 3.552949292859607089e-02 3.988035892323030587e-03 3.517453524140698451e-02 3.947979563399907355e-03 4.387936132465996425e-02 2.712232167073501594e-04 1.448700138916451594e-02 5.670005670005669532e-04 2.002503128911138977e-02 1.319235619361722699e-02 1.358044806517311742e-01 0.000000000000000000e+00 1.016260162601626124e-03 2.349036129196986969e-02 1.911458333333333204e-01 3.048780487804878155e-03 2.412363362231436173e-02 0.000000000000000000e+00 8.513053348467650161e-04 2.511616225040813936e-04 4.619042228008603951e-02 1.798237727027512944e-02 2.842885226069862339e-02 6.124422477704952877e-03 1.423213770554860973e-02 1.025641025641025640e-03 4.941321803582458642e-03 0.000000000000000000e+00 1.615986099044309371e-02 0.000000000000000000e+00 0.000000000000000000e+00 0.000000000000000000e+00 0.000000000000000000e+00 0.000000000000000000e+00 3.893701937116713719e-04 1.238543472875897826e-04 8.744939271255060265e-03 0.000000000000000000e+00 0.000000000000000000e+00 0.000000000000000000e+00 8.643294163348547512e-03 0.000000000000000000e+00 4.946996466431095515e-03 0.000000000000000000e+00 8.883624518803671802e-04 0.000000000000000000e+00 1.570064110951197153e-03 2.401536983669548444e-04 1.173377789176711927e-02 6.684491978609625280e-04 1.663282081036650262e-02 4.169707078077764884e-04 4.919444102816381524e-03 0.000000000000000000e+00 1.230685081361958212e-03 2.356823002592505390e-04 4.700352526439482807e-03 5.939249957576785838e-04 1.452848463502685525e-02 1.899196493791088444e-03 6.351726875744342742e-03 1.714236736093254550e-03 3.979057591623036405e-02 3.316749585406301797e-04 7.384705195563338875e-02 0.000000000000000000e+00 0.000000000000000000e+00 1.866832607342874904e-03 8.033769063180827563e-02 0.000000000000000000e+00 0.000000000000000000e+00 1.511030522816560889e-04 2.240970208278407656e-03 0.000000000000000000e+00 1.024590163934426283e-03 3.867349898482065076e-04 1.547854501676842413e-03 0.000000000000000000e+00 0.000000000000000000e+00 2.120441051738761640e-04 1.873594803897077289e-03 1.230390649031067431e-03 5.291005291005290712e-03 6.668889629876625143e-04 1.540238737004235615e-03 1.536983669548511004e-02 2.716468590831918467e-02 0.000000000000000000e+00 0.000000000000000000e+00 1.978239366963402499e-03 1.288659793814432965e-03 8.818342151675484519e-04 0.000000000000000000e+00 2.297794117647058792e-04 1.264542235710672778e-03 3.003003003003002869e-04 0.000000000000000000e+00 0.000000000000000000e+00 0.000000000000000000e+00 0.000000000000000000e+00 5.636978579481397716e-03 9.699321047526673250e-04 3.831417624521072599e-03 1.964636542239685518e-03 8.912655971479500373e-04 1.754385964912280734e-03 0.000000000000000000e+00
4.836759371221281516e-03 0.000000000000000000e+00 1.342200725513905679e-01 2.015316404675534037e-03 0.000000000000000000e+00 4.690641054277418232e-03 1.382338591640917304e-02 5.692239580039213038e-04 1.468268869695831813e-01 3.449465332873404705e-03 9.970089730807576468e-04 1.337434800053497277e-04 5.457501161170459809e-03 2.365464222353636924e-04 7.567127746135068889e-02 3.969041476483429402e-04 0.000000000000000000e+00 0.000000000000000000e+00 1.552041905131438648e-03 0.000000000000000000e+00 4.388422035480858685e-02 1.524390243902439077e-03 3.191625175539384695e-03 2.777777777777777884e-03 2.400914634146341514e-02 1.093102148511119510e-02 6.730428622033297892e-02 2.553916004540295048e-03 1.218133869144794740e-02 1.132118193139363814e-04 7.013127135407300899e-03 4.687736277030092082e-03 4.297840335231546335e-04 0.000000000000000000e+00 0.000000000000000000e+00 0.000000000000000000e+00 0.000000000000000000e+00 0.000000000000000000e+00 0.000000000000000000e+00 0.000000000000000000e+00 0.000000000000000000e+00 0.000000000000000000e+00 0.000000000000000000e+00 0.000000000000000000e+00 0.000000000000000000e+00 0.000000000000000000e+00 0.000000000000000000e+00 0.000000000000000000e+00 0.000000000000000000e+00 0.000000000000000000e+00 1.029548028415525605e-04 0.000000000000000000e+00 0.000000000000000000e+00 0.000000000000000000e+00 0.000000000000000000e+00 0.000000000000000000e+00 0.000000000000000000e+00 6.411900487304436494e-05 1.336898395721925164e-04 0.000000000000000000e+00 0.000000000000000000e+00 0.000000000000000000e+00 0.000000000000000000e+00 0.000000000000000000e+00 2.356823002592505390e-04 0.000000000000000000e+00 0.000000000000000000e+00 0.000000000000000000e+00 2.921840759678597356e-04 0.000000000000000000e+00 2.862775349275735112e-02 8.975317875841436503e-04 2.835820895522388196e-02 0.000000000000000000e+00 0.000000000000000000e+00 0.000000000000000000e+00 2.489110143123833205e-03 0.000000000000000000e+00 1.338688085676037432e-03 0.000000000000000000e+00 6.044122091266243557e-04 0.000000000000000000e+00 3.009781790820165431e-03 0.000000000000000000e+00 1.063521222082567828e-03 0.000000000000000000e+00 1.345895020188425315e-03 0.000000000000000000e+00 2.332485156912637858e-03 0.000000000000000000e+00 0.000000000000000000e+00 5.878894767783656708e-04 0.000000000000000000e+00 0.000000000000000000e+00 9.606147934678193777e-04 0.000000000000000000e+00 0.000000000000000000e+00 0.000000000000000000e+00 0.000000000000000000e+00 0.000000000000000000e+00 0.000000000000000000e+00 0.000000000000000000e+00 0.000000000000000000e+00 2.529084471421345556e-04 0.000000000000000000e+00 0.000000000000000000e+00 0.000000000000000000e+00 1.092896174863387977e-03 0.000000000000000000e+00 0.000000000000000000e+00 0.000000000000000000e+00 0.000000000000000000e+00 0.000000000000000000e+00 0.000000000000000000e+00 0.000000000000000000e+00 0.000000000000000000e+00
2.233638597274960856e-04 1.340183158364976514e-03 3.573821755639937370e-03 8.175117266026356300e-02 4.690641054277418232e-03 0.000000000000000000e+00 2.276792974467393201e-03 3.731579280247928655e-03 4.881712354487420177e-03 1.766126250431183098e-01 0.000000000000000000e+00 1.203691320048147712e-03 4.644681839294008429e-04 1.892371377882909539e-03 5.424464334147003188e-04 1.323675332407223681e-01 0.000000000000000000e+00 3.128911138923654652e-04 0.000000000000000000e+00 1.221995926680244501e-03 7.002801120448179546e-03 6.402439024390244038e-02 6.766245372143495432e-03 2.864583333333333218e-02 1.524390243902438991e-02 6.558612891066717410e-02 3.542330853701735824e-03 2.494324631101021428e-01 0.000000000000000000e+00 1.618929016189290040e-02 1.528502067973386107e-02 1.527294722516255900e-02 1.074460083807886584e-04 2.596403500336570951e-03 0.000000000000000000e+00 1.235330450895614661e-03 0.000000000000000000e+00 3.475238922675933880e-04 0.000000000000000000e+00 0.000000000000000000e+00 0.000000000000000000e+00 0.000000000000000000e+00 0.000000000000000000e+00 9.734254842791784297e-05 0.000000000000000000e+00 0.000000000000000000e+00 0.000000000000000000e+00 8.319467554076539302e-04 0.000000000000000000e+00 1.942313295134505196e-04 0.000000000000000000e+00 8.833922261484098554e-05 0.000000000000000000e+00 0.000000000000000000e+00 0.000000000000000000e+00 1.308386759125997718e-04 0.000000000000000000e+00 6.411900487304436494e-05 0.000000000000000000e+00 0.000000000000000000e+00 0.000000000000000000e+00 0.000000000000000000e+00 0.000000000000000000e+00 0.000000000000000000e+00 0.000000000000000000e+00 1.175088131609870729e-04 0.000000000000000000e+00 4.402571101523289863e-04 0.000000000000000000e+00 1.984914648670107107e-04 2.999914288163195355e-03 3.612565445026177935e-02 0.000000000000000000e+00 3.259388986184082182e-02 0.000000000000000000e+00 0.000000000000000000e+00 0.000000000000000000e+00 1.906318082788671046e-03 0.000000000000000000e+00 0.000000000000000000e+00 0.000000000000000000e+00 1.318217769575533941e-03 0.000000000000000000e+00 0.000000000000000000e+00 0.000000000000000000e+00 2.579757502794737174e-04 0.000000000000000000e+00 1.924557351809083952e-03 0.000000000000000000e+00 1.373969522857856678e-03 0.000000000000000000e+00 0.000000000000000000e+00 0.000000000000000000e+00 0.000000000000000000e+00 0.000000000000000000e+00 1.697792869269949042e-03 0.000000000000000000e+00 0.000000000000000000e+00 0.000000000000000000e+00 0.000000000000000000e+00 0.000000000000000000e+00 0.000000000000000000e+00 0.000000000000000000e+00 2.529084471421345556e-04 0.000000000000000000e+00 0.000000000000000000e+00 0.000000000000000000e+00 0.000000000000000000e+00 0.000000000000000000e+00 0.000000000000000000e+00 0.000000000000000000e+00 0.000000000000000000e+00 0.000000000000000000e+00 0.000000000000000000e+00 0.000000000000000000e+00 0.000000000000000000e+00
1.476662872011709204e-01 5.935924540575703533e-03 1.913319238900634267e-01 9.838998211091234611e-03 1.382338591640917304e-02 2.276792974467393201e-03 0.000000000000000000e+00 2.023907406236164636e-02 7.960946301164101291e-02 1.069334253190755424e-02 9.391824526420737562e-02 1.016450448040658039e-02 2.398978169995355236e-01 1.076286221170904764e-02 1.708706265256305923e-02 3.770589402659257905e-03 4.347004347004346930e-03 1.408010012515644458e-03 6.887185954020758755e-03 1.091649694501018245e-02 9.337068160597572801e-04 0.000000000000000000e+00 8.298225456402399600e-03 2.013888888888889020e-02 1.524390243902439077e-03 1.168488503580851837e-02 7.084661707403471431e-04 1.135073779795686688e-03 2.624638955167650500e-02 2.037812747650854812e-03 2.085955763351915113e-02 2.086798729774686292e-02 3.330826259804448193e-03 1.221271276084238792e-02 0.000000000000000000e+00 0.000000000000000000e+00 6.673842841765338998e-03 1.737619461337966940e-04 0.000000000000000000e+00 0.000000000000000000e+00 2.014098690835850955e-03 0.000000000000000000e+00 4.293688278231000671e-04 0.000000000000000000e+00 1.362397820163487689e-03 0.000000000000000000e+00 4.746084480303749595e-04 0.000000000000000000e+00 2.695417789757412544e-03 0.000000000000000000e+00 1.060434469267991335e-02 0.000000000000000000e+00 9.289363678588016858e-04 1.480604086467278543e-04 2.813731007315700434e-03 1.308386759125997718e-04 3.282100544348382810e-03 3.205950243652218247e-04 1.604278074866310197e-03 3.868097862875930892e-04 9.173355571771082961e-03 1.229861025704095544e-04 5.878775592945468913e-03 2.734855736359907198e-04 3.393825123733207327e-02 1.175088131609870729e-04 2.630239266926862485e-03 4.402571101523289863e-04 2.045288531775018258e-03 0.000000000000000000e+00 9.171166538098911303e-02 3.365744203440538661e-03 6.650082918739634585e-02 2.335084646818447185e-03 1.293103448275862051e-02 0.000000000000000000e+00 6.347230864965774932e-02 1.225490196078431356e-03 2.677376171352074865e-03 0.000000000000000000e+00 1.012390450287095796e-02 0.000000000000000000e+00 0.000000000000000000e+00 0.000000000000000000e+00 3.770666151020013457e-02 8.599191675982457246e-05 1.345895020188425315e-03 0.000000000000000000e+00 5.513146734520780329e-02 3.747189607794154578e-04 2.460781298062134862e-03 5.878894767783656708e-04 6.668889629876625143e-04 3.850596842510589039e-04 1.344860710854947107e-02 3.395585738539898084e-03 0.000000000000000000e+00 0.000000000000000000e+00 0.000000000000000000e+00 1.288659793814432965e-03 0.000000000000000000e+00 0.000000000000000000e+00 2.297794117647058792e-04 5.058168942842691113e-04 3.003003003003002869e-04 0.000000000000000000e+00 1.295336787564766888e-03 0.000000000000000000e+00 0.000000000000000000e+00 2.254791431792559087e-03 9.699321047526673250e-04 0.000000000000000000e+00 0.000000000000000000e+00 0.000000000000000000e+00 0.000000000000000000e+00 0.000000000000000000e+00
2.782872683574726374e-03 1.356650433242679032e-01 7.399911454050976840e-03 2.899247359433305693e-01 5.692239580039213038e-04 3.731579280247928655e-03 2.023907406236164636e-02 0.000000000000000000e+00 3.755163349605707829e-03 1.186616074508451135e-01 1.056829511465603132e-02 1.456466497258258608e-01 1.033441709242916874e-02 2.356002365464222315e-01 5.424464334147003188e-04 4.286564794602103906e-02 1.134001134001133906e-03 7.822277847309136792e-03 1.134930643127364525e-02 1.621181262729124231e-02 0.000000000000000000e+00 0.000000000000000000e+00 3.766117707136473758e-02 2.274305555555555455e-02 3.429878048780487815e-03 1.130795326045985760e-03 0.000000000000000000e+00 0.000000000000000000e+00 7.534848675122441265e-04 3.690705309634325498e-02 2.553497572379068506e-02 7.258430364433691301e-03 6.661652519608896386e-03 2.884892778151745309e-03 0.000000000000000000e+00 6.176652254478073303e-04 2.152852529601722415e-04 3.301476976542137322e-03 0.000000000000000000e+00 0.000000000000000000e+00 0.000000000000000000e+00 0.000000000000000000e+00 0.000000000000000000e+00 2.920276452837535018e-04 0.000000000000000000e+00 4.453441295546558404e-03 0.000000000000000000e+00 1.386577925679423307e-04 0.000000000000000000e+00 7.283674856754394390e-03 1.029548028415525605e-04 7.332155477031802003e-03 0.000000000000000000e+00 3.405389398874740948e-03 0.000000000000000000e+00 8.897029962056783939e-03 8.005123278898494362e-05 7.309566555527058362e-03 4.010695187165775493e-04 2.224156271153659992e-03 0.000000000000000000e+00 1.057680482105522075e-02 0.000000000000000000e+00 5.606454259537809078e-03 2.356823002592505390e-04 1.280846063454759050e-02 5.939249957576785838e-04 3.434005459188165747e-03 0.000000000000000000e+00 5.954743946010321049e-04 3.599897145795834513e-03 8.646222887060583950e-02 1.160862354892205602e-03 5.886359213854835265e-02 0.000000000000000000e+00 0.000000000000000000e+00 3.733665214685749807e-03 3.894335511982571080e-02 0.000000000000000000e+00 0.000000000000000000e+00 1.511030522816560889e-04 5.931979963089902518e-03 0.000000000000000000e+00 0.000000000000000000e+00 9.668374746205162689e-05 1.625247226760684338e-02 0.000000000000000000e+00 0.000000000000000000e+00 0.000000000000000000e+00 2.123407444416687551e-02 9.227929867733005191e-04 1.763668430335096904e-03 0.000000000000000000e+00 3.850596842510589039e-04 8.645533141210375375e-03 1.188455008488964286e-02 0.000000000000000000e+00 0.000000000000000000e+00 0.000000000000000000e+00 0.000000000000000000e+00 0.000000000000000000e+00 9.891196834817012496e-04 0.000000000000000000e+00 5.058168942842691113e-04 0.000000000000000000e+00 0.000000000000000000e+00 0.000000000000000000e+00 2.185792349726775954e-03 0.000000000000000000e+00 1.127395715896279543e-03 1.939864209505334650e-03 0.000000000000000000e+00 0.000000000000000000e+00 0.000000000000000000e+00 0.000000000000000000e+00 0.000000000000000000e+00
4.130679684566278612e-03 0.000000000000000000e+00 7.097258730754787970e-02 1.877581674802853914e-03 1.468268869695831813e-01 4.881712354487420177e-03 7.960946301164101291e-02 3.755163349605707829e-03 0.000000000000000000e+00 3.794411866160745262e-03 1.595214356929212278e-03 0.000000000000000000e+00 7.187645146307478083e-02 1.182732111176818462e-04 1.545972335231895756e-01 7.938082952966858804e-04 7.560007560007559737e-04 0.000000000000000000e+00 1.940052381414298309e-04 0.000000000000000000e+00 8.403361344537814762e-03 0.000000000000000000e+00 1.276650070215753835e-04 8.680555555555555074e-04 1.905487804878048738e-03 5.653976630229928801e-03 5.667729365922777145e-03 1.135073779795686688e-03 9.669722466407133787e-03 2.264236386278727629e-04 5.394713181082539570e-04 3.326780583698775180e-03 0.000000000000000000e+00 9.616309260505817786e-05 0.000000000000000000e+00 0.000000000000000000e+00 2.152852529601722415e-04 0.000000000000000000e+00 0.000000000000000000e+00 0.000000000000000000e+00 0.000000000000000000e+00 0.000000000000000000e+00 0.000000000000000000e+00 0.000000000000000000e+00 0.000000000000000000e+00 0.000000000000000000e+00 0.000000000000000000e+00 0.000000000000000000e+00 0.000000000000000000e+00 0.000000000000000000e+00 0.000000000000000000e+00 0.000000000000000000e+00 0.000000000000000000e+00 0.000000000000000000e+00 0.000000000000000000e+00 0.000000000000000000e+00 2.401536983669548444e-04 0.000000000000000000e+00 1.336898395721925164e-04 0.000000000000000000e+00 6.254560617116647868e-04 0.000000000000000000e+00 4.054327995134806521e-04 0.000000000000000000e+00 2.356823002592505390e-04 0.000000000000000000e+00 0.000000000000000000e+00 0.000000000000000000e+00 2.921840759678597356e-04 0.000000000000000000e+00 1.979943430187709047e-02 5.983545250560957669e-04 1.873963515754560605e-02 0.000000000000000000e+00 0.000000000000000000e+00 0.000000000000000000e+00 3.422526446795270873e-03 0.000000000000000000e+00 1.338688085676037432e-03 0.000000000000000000e+00 1.662133575098216978e-03 0.000000000000000000e+00 7.524454477050413577e-04 0.000000000000000000e+00 1.933674949241032592e-03 0.000000000000000000e+00 1.345895020188425315e-03 0.000000000000000000e+00 2.120441051738761531e-03 0.000000000000000000e+00 9.227929867733005191e-04 0.000000000000000000e+00 3.334444814938312572e-04 7.701193685021178077e-04 1.921229586935638755e-03 0.000000000000000000e+00 0.000000000000000000e+00 0.000000000000000000e+00 0.000000000000000000e+00 0.000000000000000000e+00 0.000000000000000000e+00 0.000000000000000000e+00 0.000000000000000000e+00 0.000000000000000000e+00 0.000000000000000000e+00 0.000000000000000000e+00 0.000000000000000000e+00 0.000000000000000000e+00 0.000000000000000000e+00 0.000000000000000000e+00 0.000000000000000000e+00 0.000000000000000000e+00 0.000000000000000000e+00 0.000000000000000000e+00 0.000000000000000000e+00 0.000000000000000000e+00
0.000000000000000000e+00 4.829251466022766066e-03 7.933770265608829780e-03 3.552949292859607089e-02 3.449465332873404705e-03 1.766126250431183098e-01 1.069334253190755424e-02 1.186616074508451135e-01 3.794411866160745262e-03 0.000000000000000000e+00 0.000000000000000000e+00 4.146047880165842046e-03 8.128193218764514887e-04 2.708456534594914228e-02 2.712232167073501594e-04 1.145068465965469323e-01 0.000000000000000000e+00 7.822277847309136358e-04 9.700261907071491547e-05 1.140529531568228172e-03 4.668534080298786400e-04 1.016260162601626124e-03 6.766245372143495432e-03 5.381944444444444406e-03 7.621951219512194953e-03 1.130795326045985760e-02 1.416932341480694286e-03 1.418842224744608360e-03 0.000000000000000000e+00 1.120797011207970081e-02 7.552598453515554748e-03 9.073037955542114126e-04 1.074460083807886584e-04 9.616309260505817786e-05 0.000000000000000000e+00 0.000000000000000000e+00 0.000000000000000000e+00 1.737619461337966940e-04 0.000000000000000000e+00 0.000000000000000000e+00 0.000000000000000000e+00 0.000000000000000000e+00 0.000000000000000000e+00 1.946850968558356859e-04 0.000000000000000000e+00 8.097165991902833930e-05 0.000000000000000000e+00 0.000000000000000000e+00 0.000000000000000000e+00 1.942313295134505196e-04 0.000000000000000000e+00 0.000000000000000000e+00 0.000000000000000000e+00 2.961208172934557087e-04 0.000000000000000000e+00 5.233547036503990871e-04 0.000000000000000000e+00 1.923570146191331219e-04 0.000000000000000000e+00 0.000000000000000000e+00 0.000000000000000000e+00 1.229861025704095544e-04 0.000000000000000000e+00 0.000000000000000000e+00 0.000000000000000000e+00 2.350176263219741458e-04 0.000000000000000000e+00 8.805142203046579185e-05 0.000000000000000000e+00 1.984914648670107107e-04 2.485643267335219120e-03 2.176514584891548268e-02 0.000000000000000000e+00 3.074528118310955460e-02 0.000000000000000000e+00 0.000000000000000000e+00 0.000000000000000000e+00 1.906318082788671046e-03 0.000000000000000000e+00 0.000000000000000000e+00 0.000000000000000000e+00 5.272871078302135981e-04 0.000000000000000000e+00 0.000000000000000000e+00 0.000000000000000000e+00 4.299595837991228623e-04 0.000000000000000000e+00 7.698229407236335158e-04 0.000000000000000000e+00 7.494379215588309155e-04 0.000000000000000000e+00 5.878894767783656708e-04 0.000000000000000000e+00 0.000000000000000000e+00 9.606147934678193777e-04 3.395585738539898084e-03 0.000000000000000000e+00 0.000000000000000000e+00 0.000000000000000000e+00 0.000000000000000000e+00 0.000000000000000000e+00 0.000000000000000000e+00 0.000000000000000000e+00 0.000000000000000000e+00 0.000000000000000000e+00 0.000000000000000000e+00 0.000000000000000000e+00 0.000000000000000000e+00 0.000000000000000000e+00 0.000000000000000000e+00 0.000000000000000000e+00 0.000000000000000000e+00 0.000000000000000000e+00 0.000000000000000000e+00 0.000000000000000000e+00 0.000000000000000000e+00
1.796610169491525411e-01 2.991026919242273374e-03 4.745762711864406902e-02 3.988035892323030587e-03 9.970089730807576468e-04 0.000000000000000000e+00 9.391824526420737562e-02 1.056829511465603132e-02 1.595214356929212278e-03 0.000000000000000000e+00 0.000000000000000000e+00 9.362043600374481481e-04 9.928007431490942780e-02 1.064458900059136711e-03 3.797125033902901906e-03 0.000000000000000000e+00 5.084105084105083883e-02 4.693366708385481706e-04 1.804248714715297325e-02 4.236252545824847372e-03 0.000000000000000000e+00 0.000000000000000000e+00 6.510915358100344448e-03 5.208333333333333261e-04 0.000000000000000000e+00 0.000000000000000000e+00 0.000000000000000000e+00 0.000000000000000000e+00 3.654401607434384219e-02 3.396354579418091172e-04 3.416651681352274664e-03 9.073037955542114126e-04 9.670140754270979255e-04 1.634772574285989037e-03 0.000000000000000000e+00 0.000000000000000000e+00 2.583423035522066681e-03 0.000000000000000000e+00 0.000000000000000000e+00 0.000000000000000000e+00 0.000000000000000000e+00 0.000000000000000000e+00 0.000000000000000000e+00 0.000000000000000000e+00 0.000000000000000000e+00 0.000000000000000000e+00 0.000000000000000000e+00 0.000000000000000000e+00 1.796945193171608254e-04 0.000000000000000000e+00 5.147740142077627482e-04 0.000000000000000000e+00 0.000000000000000000e+00 0.000000000000000000e+00 0.000000000000000000e+00 0.000000000000000000e+00 1.176753121998078827e-02 1.282380097460887299e-04 2.540106951871657758e-03 0.000000000000000000e+00 2.512248514541853481e-02 1.229861025704095544e-04 1.337928238394486130e-02 0.000000000000000000e+00 2.003299552203629402e-02 0.000000000000000000e+00 5.090785677922959754e-04 8.805142203046579185e-05 1.753104455807158414e-03 1.984914648670107107e-04 5.571269392303077050e-02 5.983545250560957669e-04 4.975124378109452641e-03 9.729519361743529937e-05 0.000000000000000000e+00 0.000000000000000000e+00 3.578095830740510123e-03 5.446623093681917738e-04 4.016064257028112081e-03 0.000000000000000000e+00 8.159564823209428802e-03 0.000000000000000000e+00 0.000000000000000000e+00 0.000000000000000000e+00 9.571690998743111536e-03 0.000000000000000000e+00 8.972633467922835069e-04 0.000000000000000000e+00 6.573367260390160921e-03 0.000000000000000000e+00 3.075976622577668578e-04 0.000000000000000000e+00 0.000000000000000000e+00 3.850596842510589039e-04 2.881844380403458025e-03 0.000000000000000000e+00 1.162790697674418589e-03 0.000000000000000000e+00 0.000000000000000000e+00 0.000000000000000000e+00 0.000000000000000000e+00 0.000000000000000000e+00 0.000000000000000000e+00 0.000000000000000000e+00 0.000000000000000000e+00 0.000000000000000000e+00 0.000000000000000000e+00 0.000000000000000000e+00 0.000000000000000000e+00 0.000000000000000000e+00 0.000000000000000000e+00 0.000000000000000000e+00 0.000000000000000000e+00 0.000000000000000000e+00 0.000000000000000000e+00 0.000000000000000000e+00
8.024608800320984746e-04 1.285274842851411026e-01 5.483482680219339649e-03 3.517453524140698451e-02 1.337434800053497277e-04 1.203691320048147712e-03 1.016450448040658039e-02 1.456466497258258608e-01 0.000000000000000000e+00 4.146047880165842046e-03 9.362043600374481481e-04 0.000000000000000000e+00 1.393404551788202583e-03 2.112359550561797861e-01 0.000000000000000000e+00 1.012105576503274408e-02 5.670005670005669532e-04 9.981226533166458192e-02 2.619070714909302582e-03 1.865580448065173175e-02 0.000000000000000000e+00 0.000000000000000000e+00 4.723605259798289296e-03 1.493055555555555629e-02 3.810975609756097693e-04 0.000000000000000000e+00 0.000000000000000000e+00 0.000000000000000000e+00 2.511616225040813936e-04 5.185101324578286069e-02 1.618413954324761763e-03 2.570694087403598786e-03 7.521220586655206087e-04 2.884892778151745309e-03 0.000000000000000000e+00 0.000000000000000000e+00 0.000000000000000000e+00 1.911381407471763770e-03 0.000000000000000000e+00 0.000000000000000000e+00 0.000000000000000000e+00 0.000000000000000000e+00 0.000000000000000000e+00 0.000000000000000000e+00 0.000000000000000000e+00 1.619433198380566786e-04 0.000000000000000000e+00 0.000000000000000000e+00 0.000000000000000000e+00 1.942313295134505196e-04 0.000000000000000000e+00 6.183745583038869394e-04 0.000000000000000000e+00 4.441812259401835901e-04 0.000000000000000000e+00 3.401805573727594012e-03 0.000000000000000000e+00 7.566042575019235605e-03 0.000000000000000000e+00 5.802146794313896338e-04 0.000000000000000000e+00 1.967777641126552870e-03 0.000000000000000000e+00 1.121290851907561816e-02 0.000000000000000000e+00 2.937720329024676863e-03 8.484642796538266257e-05 3.522056881218631674e-04 0.000000000000000000e+00 9.924573243350535805e-04 6.856946944373017551e-04 4.195961106955871378e-02 6.633499170812603594e-04 8.853862619186612243e-03 0.000000000000000000e+00 0.000000000000000000e+00 4.667081518357187259e-04 6.263616557734204802e-03 0.000000000000000000e+00 3.963963963963963721e-02 0.000000000000000000e+00 2.794621671500131799e-02 0.000000000000000000e+00 1.997950819672131284e-02 1.933674949241032538e-04 1.160890876257631744e-02 0.000000000000000000e+00 1.154734411085450328e-03 2.120441051738761640e-04 1.973519860104921281e-02 3.075976622577668578e-04 0.000000000000000000e+00 0.000000000000000000e+00 3.850596842510589039e-04 0.000000000000000000e+00 1.697792869269949042e-03 0.000000000000000000e+00 0.000000000000000000e+00 9.891196834817012496e-04 0.000000000000000000e+00 0.000000000000000000e+00 0.000000000000000000e+00 0.000000000000000000e+00 2.529084471421345556e-04 0.000000000000000000e+00 0.000000000000000000e+00 0.000000000000000000e+00 0.000000000000000000e+00 0.000000000000000000e+00 1.127395715896279543e-03 9.699321047526673250e-04 0.000000000000000000e+00 0.000000000000000000e+00 0.000000000000000000e+00 0.000000000000000000e+00 0.000000000000000000e+00
3.286112401300510938e-02 1.161170459823502107e-04 3.820250812819321606e-02 3.947979563399907355e-03 5.457501161170459809e-03 4.644681839294008429e-04 2.398978169995355236e-01 1.033441709242916874e-02 7.187645146307478083e-02 8.128193218764514887e-04 9.928007431490942780e-02 1.393404551788202583e-03 0.000000000000000000e+00 3.311649911295091748e-03 2.142663411988066091e-01 5.953562214725143832e-04 2.532602532602532680e-02 0.000000000000000000e+00 3.104083810262877295e-03 3.258655804480651533e-04 0.000000000000000000e+00 0.000000000000000000e+00 2.208604621473254231e-02 4.861111111111111188e-03 1.143292682926829200e-03 2.261590652091971521e-03 0.000000000000000000e+00 0.000000000000000000e+00 1.073715936204947818e-01 2.264236386278727629e-04 2.877180363244020815e-03 6.955995765915620396e-03 1.181906092188675242e-03 2.500240407731512543e-03 5.128205128205128201e-04 0.000000000000000000e+00 8.611410118406889660e-04 0.000000000000000000e+00 0.000000000000000000e+00 0.000000000000000000e+00 1.007049345417925477e-03 0.000000000000000000e+00 0.000000000000000000e+00 0.000000000000000000e+00 1.238543472875897826e-04 0.000000000000000000e+00 0.000000000000000000e+00 1.386577925679423307e-04 3.593890386343216508e-04 0.000000000000000000e+00 4.118192113662102419e-04 0.000000000000000000e+00 0.000000000000000000e+00 0.000000000000000000e+00 0.000000000000000000e+00 0.000000000000000000e+00 4.642971501761127516e-03 2.564760194921774598e-04 6.684491978609625280e-04 9.670244657189827229e-05 1.271760658813718414e-02 0.000000000000000000e+00 1.256841678491790043e-02 0.000000000000000000e+00 1.791185481970303944e-02 0.000000000000000000e+00 5.090785677922959754e-04 0.000000000000000000e+00 1.899196493791088444e-03 0.000000000000000000e+00 7.525499271449387351e-02 1.570680628272251361e-03 4.262023217247097595e-02 9.729519361743529937e-04 8.620689655172413673e-03 0.000000000000000000e+00 1.929060360920970690e-02 2.723311546840958869e-04 9.370816599732262678e-03 0.000000000000000000e+00 1.677243880326382761e-02 0.000000000000000000e+00 0.000000000000000000e+00 0.000000000000000000e+00 2.078700570434110009e-02 0.000000000000000000e+00 4.934948407357559776e-03 0.000000000000000000e+00 2.078032230703986266e-02 0.000000000000000000e+00 3.075976622577668578e-04 0.000000000000000000e+00 6.668889629876625143e-04 0.000000000000000000e+00 9.606147934678193777e-04 0.000000000000000000e+00 0.000000000000000000e+00 0.000000000000000000e+00 0.000000000000000000e+00 0.000000000000000000e+00 8.818342151675484519e-04 9.891196834817012496e-04 2.297794117647058792e-04 5.058168942842691113e-04 0.000000000000000000e+00 0.000000000000000000e+00 0.000000000000000000e+00 0.000000000000000000e+00 0.000000000000000000e+00 3.382187147688838630e-03 0.000000000000000000e+00 0.000000000000000000e+00 0.000000000000000000e+00 0.000000000000000000e+00 0.000000000000000000e+00 0.000000000000000000e+00
