0.000000000000000000e+00 1.130742049469964615e-02 1.501408033199940761e-01 3.138337936228972978e-03 4.120313143798928724e-04 0.000000000000000000e+00 1.856902098973494675e-01 2.861035422343324430e-03 2.144772117962466702e-03 0.000000000000000000e+00 3.417690417690417704e-01 5.196154845414393793e-04 3.272290603422395999e-02 0.000000000000000000e+00 2.515723270440251447e-03 0.000000000000000000e+00 7.209499575911790248e-02 2.323087919942816090e-03 6.309996160245744112e-02 1.781710914454277123e-02 0.000000000000000000e+00 0.000000000000000000e+00 2.678203543469303508e-03 0.000000000000000000e+00 0.000000000000000000e+00 0.000000000000000000e+00 0.000000000000000000e+00 0.000000000000000000e+00 2.594288205798997091e-02 6.721935917544252662e-04 3.548616039744499780e-04 0.000000000000000000e+00 1.090172870269428412e-02 1.097775175644028108e-02 1.967729240456513300e-03 0.000000000000000000e+00 4.352226720647773411e-02 0.000000000000000000e+00 0.000000000000000000e+00 0.000000000000000000e+00 2.547770700636942803e-02 0.000000000000000000e+00 4.264998578333807156e-04 0.000000000000000000e+00 1.473839351510685368e-03 9.516558812333460692e-05 0.000000000000000000e+00 0.000000000000000000e+00 2.821371892082525073e-03 9.649715333397665439e-05 3.660749506903353268e-02 3.127443315089913729e-04 4.570383912248628978e-03 0.000000000000000000e+00 5.744485294117647467e-03 0.000000000000000000e+00 2.323399558498896178e-01 1.088797483668037767e-03 3.061076454374002734e-02 1.094262935751133406e-03 4.641738810093939960e-02 5.298013245033112578e-04 1.333333333333333419e-02 3.965107057890563053e-04 4.996755353666450239e-02 0.000000000000000000e+00 1.043446973104254771e-02 1.267427122940430846e-03 1.024606696248487325e-01 4.968383017163504820e-03 8.192923336141533230e-02 6.491398896462187472e-04 4.137808559758479610e-02 0.000000000000000000e+00 0.000000000000000000e+00 0.000000000000000000e+00 8.152831965558993144e-02 3.135287662643047586e-04 1.291989664082687393e-03 0.000000000000000000e+00 4.270124940692708766e-03 2.142245072836332592e-04 0.000000000000000000e+00 0.000000000000000000e+00 2.448441472831716648e-02 9.973072703700009757e-05 0.000000000000000000e+00 0.000000000000000000e+00 2.036249720295368187e-02 3.166059838530948275e-04 1.870324189526184492e-03 8.628127696289905483e-04 6.195786864931846416e-04 8.984725965858041813e-04 2.493765586034912655e-03 1.298701298701298787e-02 0.000000000000000000e+00 0.000000000000000000e+00 7.733952049497293518e-04 0.000000000000000000e+00 5.543237250554323720e-04 1.175778953556731342e-03 5.529138560212319090e-04 7.763114117777531863e-04 5.285412262156448425e-04 1.469661977745118520e-03 0.000000000000000000e+00 0.000000000000000000e+00 0.000000000000000000e+00 0.000000000000000000e+00 0.000000000000000000e+00 0.000000000000000000e+00 0.000000000000000000e+00 0.000000000000000000e+00 8.333333333333333868e-04 3.333333333333333547e-03
1.130742049469964615e-02 0.000000000000000000e+00 3.557136505113383650e-03 1.040672859653527516e-01 0.000000000000000000e+00 5.633802816901408751e-04 2.910985138654818578e-03 1.340599455040872023e-01 0.000000000000000000e+00 0.000000000000000000e+00 7.371007371007370825e-04 4.442712392829306634e-02 0.000000000000000000e+00 7.649513212795549556e-03 4.192872117400419079e-04 1.164144353899883560e-03 2.120441051738761531e-03 6.736954967834167529e-02 2.329450915141430961e-02 7.398230088495574841e-02 0.000000000000000000e+00 0.000000000000000000e+00 2.060156571899464362e-04 7.344840249724568114e-04 0.000000000000000000e+00 0.000000000000000000e+00 0.000000000000000000e+00 0.000000000000000000e+00 1.090037061260082808e-03 7.797445664351333738e-02 0.000000000000000000e+00 5.316321105794790400e-04 1.012303379535897836e-02 1.712529274004684007e-02 4.722550177095631400e-03 0.000000000000000000e+00 1.349527665317138943e-03 7.945697744060691015e-02 0.000000000000000000e+00 3.444249854057209598e-02 0.000000000000000000e+00 1.886792452830188607e-02 0.000000000000000000e+00 2.049390306383850691e-04 0.000000000000000000e+00 7.613247049866768553e-04 0.000000000000000000e+00 0.000000000000000000e+00 1.763357432551578171e-04 4.921354820032809198e-03 3.944773175542406183e-04 1.798279906176700541e-02 0.000000000000000000e+00 4.125177809388335705e-03 2.297794117647058792e-04 4.033672395650648827e-03 3.468937243771680855e-03 2.587708686184369555e-01 2.901494269548817850e-04 3.673596998593090662e-02 9.209799226376865129e-05 5.801324503311258013e-02 1.532567049808429061e-04 1.288659793814432922e-02 2.595717066839714308e-04 4.235807860262008617e-02 1.079427903211298062e-03 1.267427122940430846e-03 2.137958854376764695e-02 1.282746160794941415e-01 1.053074978938500338e-03 8.179162609542356410e-02 8.879417510211330342e-04 5.818125097488691111e-02 0.000000000000000000e+00 3.776824034334763658e-02 2.152562895197094196e-03 7.509013952030098304e-02 0.000000000000000000e+00 0.000000000000000000e+00 1.581527755812114498e-04 2.999143101970865467e-03 0.000000000000000000e+00 0.000000000000000000e+00 0.000000000000000000e+00 2.004587613443702121e-02 0.000000000000000000e+00 0.000000000000000000e+00 2.237637055269635171e-04 5.698907709355706570e-03 7.793017456359102590e-04 1.725625539257981097e-03 0.000000000000000000e+00 0.000000000000000000e+00 7.481296758104737966e-03 5.627705627705627961e-02 0.000000000000000000e+00 0.000000000000000000e+00 0.000000000000000000e+00 2.233389168062534930e-03 0.000000000000000000e+00 0.000000000000000000e+00 2.211655424084927690e-04 4.436065210158589094e-04 5.285412262156448425e-04 2.099517111064455339e-03 0.000000000000000000e+00 1.135073779795686688e-03 0.000000000000000000e+00 0.000000000000000000e+00 0.000000000000000000e+00 0.000000000000000000e+00 0.000000000000000000e+00 0.000000000000000000e+00 8.333333333333333868e-04 0.000000000000000000e+00
1.501408033199940761e-01 3.557136505113383650e-03 0.000000000000000000e+00 7.783078081847853713e-03 2.966625463535228768e-02 2.253521126760563500e-03 2.402328788110923985e-01 6.948228882833787715e-03 1.179624664879356556e-02 1.565557729941291498e-02 3.562653562653562977e-02 8.054040010392310434e-03 9.126388471930350910e-02 1.356050069541029149e-02 4.989517819706498769e-02 8.537058595265812483e-03 8.905852417302798779e-03 1.072194424588992058e-03 5.183668245232304905e-02 9.203539823008848736e-03 2.482929857231533192e-03 0.000000000000000000e+00 5.170992995467655479e-02 9.915534337128167550e-03 1.007556675062972265e-02 6.177606177606177577e-03 1.177394034536891586e-03 0.000000000000000000e+00 1.809461521691737435e-02 1.568451714093658991e-03 2.235628105039034683e-02 1.701222753854332928e-02 1.681980999844261138e-02 5.269320843091334673e-03 3.935458480913026167e-04 0.000000000000000000e+00 7.085020242914979831e-03 0.000000000000000000e+00 0.000000000000000000e+00 0.000000000000000000e+00 6.369426751592357008e-03 0.000000000000000000e+00 1.421666192777935628e-04 0.000000000000000000e+00 3.831982313927782043e-03 0.000000000000000000e+00 4.026575397624320742e-04 0.000000000000000000e+00 1.093281608181978504e-02 0.000000000000000000e+00 1.830374753451676634e-02 0.000000000000000000e+00 5.027422303473492136e-03 0.000000000000000000e+00 3.446691176470588133e-03 0.000000000000000000e+00 7.174392935982340166e-03 2.419549963706750474e-04 1.668359204990570166e-02 1.563232765358761893e-04 2.670841775649290643e-03 5.298013245033112578e-04 9.195402298850574368e-04 1.982553528945281526e-04 3.374432186891628601e-03 1.455604075691412059e-04 1.960960690833857961e-02 9.749439407234083846e-05 4.840661557079467200e-03 2.258355916892502166e-04 3.285593934288121021e-02 2.271989613761765670e-03 6.393180607352157152e-02 2.495710497582280443e-03 1.876675603217158039e-02 8.583690987124463056e-04 7.009282927485536996e-02 1.567643831321523847e-03 0.000000000000000000e+00 0.000000000000000000e+00 9.489166534872686990e-04 2.142245072836332592e-04 2.475247524752475278e-03 0.000000000000000000e+00 2.636783124588002424e-03 0.000000000000000000e+00 2.732240437158469943e-03 0.000000000000000000e+00 6.489147460281942566e-03 0.000000000000000000e+00 1.091022443890274233e-03 2.876042565429968133e-04 2.065262288310615562e-04 8.984725965858041813e-04 4.987531172069825311e-03 4.329004329004329001e-03 5.096839959225280730e-04 0.000000000000000000e+00 0.000000000000000000e+00 0.000000000000000000e+00 5.543237250554323720e-04 0.000000000000000000e+00 2.211655424084927690e-04 5.545081512698237045e-04 2.642706131078224213e-04 6.298551333193366016e-04 0.000000000000000000e+00 0.000000000000000000e+00 0.000000000000000000e+00 2.865329512893982720e-03 0.000000000000000000e+00 0.000000000000000000e+00 0.000000000000000000e+00 6.930006930006930030e-04 0.000000000000000000e+00 0.000000000000000000e+00
3.138337936228972978e-03 1.040672859653527516e-01 7.783078081847853713e-03 0.000000000000000000e+00 2.472187886279357018e-03 7.492957746478873249e-02 8.579745671824727526e-03 2.948228882833787701e-01 8.042895442359249483e-03 1.956947162426614373e-03 2.457002457002456942e-03 4.390750844375162359e-02 1.501050735514860473e-03 1.175243393602225378e-01 6.708595387840670526e-03 4.074505238649592243e-02 2.544529262086514185e-03 1.947819871336669076e-02 9.727377447843337660e-03 7.221238938053096967e-02 1.241464928615766596e-03 0.000000000000000000e+00 3.687680263700041094e-02 8.740359897172236825e-02 2.518891687657430663e-03 6.563706563706563080e-02 0.000000000000000000e+00 7.761437908496732208e-03 6.540222367560497496e-04 3.226529240421241451e-02 1.880766501064584650e-02 3.455608718766613185e-02 5.762342314281264366e-03 1.419789227166276362e-02 0.000000000000000000e+00 1.644060830250719226e-03 3.373819163292847358e-04 7.187063286085046757e-03 0.000000000000000000e+00 6.421482778750729759e-03 0.000000000000000000e+00 0.000000000000000000e+00 0.000000000000000000e+00 1.024695153191925345e-04 0.000000000000000000e+00 2.283974114960030458e-03 0.000000000000000000e+00 1.538935056940597050e-04 0.000000000000000000e+00 7.333783653382225029e-03 0.000000000000000000e+00 1.266614542611415109e-02 0.000000000000000000e+00 8.534850640113798197e-04 0.000000000000000000e+00 8.768853034023149813e-04 5.518763796909492269e-04 1.778369223324461484e-02 0.000000000000000000e+00 3.595435360325152652e-02 0.000000000000000000e+00 7.947019867549668867e-03 1.532567049808429061e-04 3.172085646312450442e-03 1.297858533419857154e-04 6.841339155749636379e-03 9.894755779436899441e-04 1.160183289460856026e-02 4.033884630899556181e-04 4.516711833785004224e-03 1.053074978938500338e-03 3.050957481337228036e-02 1.065530101225359554e-03 7.128373108719388007e-02 0.000000000000000000e+00 2.403433476394849916e-02 2.556168438046549276e-03 9.578303809374509592e-02 0.000000000000000000e+00 1.199040767386091045e-03 3.163055511624228997e-04 8.568980291345330369e-04 0.000000000000000000e+00 0.000000000000000000e+00 0.000000000000000000e+00 2.194075994814002201e-03 0.000000000000000000e+00 0.000000000000000000e+00 0.000000000000000000e+00 9.498179515592844284e-04 3.117206982543640819e-04 1.150417026171987253e-03 0.000000000000000000e+00 4.492362982929020906e-04 0.000000000000000000e+00 8.658008658008658001e-03 0.000000000000000000e+00 0.000000000000000000e+00 1.546790409899458704e-03 5.583472920156337324e-04 0.000000000000000000e+00 0.000000000000000000e+00 0.000000000000000000e+00 4.436065210158589094e-04 2.642706131078224213e-04 4.199034222128910135e-04 0.000000000000000000e+00 0.000000000000000000e+00 0.000000000000000000e+00 0.000000000000000000e+00 8.795074758135444561e-04 0.000000000000000000e+00 0.000000000000000000e+00 0.000000000000000000e+00 8.333333333333333868e-04 0.000000000000000000e+00
4.120313143798928724e-04 0.000000000000000000e+00 2.966625463535228768e-02 2.472187886279357018e-03 0.000000000000000000e+00 9.577464788732394443e-03 0.000000000000000000e+00 1.362397820163487798e-04 2.997319034852546915e-01 2.739726027397260122e-02 0.000000000000000000e+00 0.000000000000000000e+00 0.000000000000000000e+00 3.477051460361613188e-04 2.339622641509433998e-01 1.008925106713232447e-02 0.000000000000000000e+00 0.000000000000000000e+00 0.000000000000000000e+00 0.000000000000000000e+00 2.855369335816263301e-02 1.160092807424593919e-03 1.071281417387721403e-02 1.836210062431142083e-03 1.851385390428211541e-01 2.625482625482625579e-02 8.751962323390895249e-02 3.267973856209150426e-03 6.104207543056463896e-03 0.000000000000000000e+00 1.809794180269694991e-02 1.275917065390749609e-02 0.000000000000000000e+00 0.000000000000000000e+00 0.000000000000000000e+00 0.000000000000000000e+00 3.373819163292847358e-04 0.000000000000000000e+00 0.000000000000000000e+00 0.000000000000000000e+00 0.000000000000000000e+00 0.000000000000000000e+00 1.421666192777935628e-04 0.000000000000000000e+00 1.473839351510685422e-04 0.000000000000000000e+00 6.039863096436481112e-04 0.000000000000000000e+00 0.000000000000000000e+00 0.000000000000000000e+00 7.889546351084812095e-05 0.000000000000000000e+00 0.000000000000000000e+00 0.000000000000000000e+00 0.000000000000000000e+00 0.000000000000000000e+00 7.883948281299274670e-05 0.000000000000000000e+00 0.000000000000000000e+00 0.000000000000000000e+00 9.209799226376865129e-05 0.000000000000000000e+00 0.000000000000000000e+00 0.000000000000000000e+00 0.000000000000000000e+00 0.000000000000000000e+00 0.000000000000000000e+00 0.000000000000000000e+00 0.000000000000000000e+00 0.000000000000000000e+00 3.559393428812131221e-02 6.491398896462187472e-04 5.647309536494406201e-02 1.559819060988925277e-04 8.042895442359249483e-03 0.000000000000000000e+00 1.345351809498183818e-03 1.567643831321523793e-04 0.000000000000000000e+00 0.000000000000000000e+00 1.581527755812114498e-04 0.000000000000000000e+00 9.900990099009901110e-03 0.000000000000000000e+00 3.766833035125717903e-04 0.000000000000000000e+00 0.000000000000000000e+00 0.000000000000000000e+00 2.237637055269635171e-04 0.000000000000000000e+00 1.558603491271820410e-04 0.000000000000000000e+00 0.000000000000000000e+00 0.000000000000000000e+00 0.000000000000000000e+00 0.000000000000000000e+00 0.000000000000000000e+00 0.000000000000000000e+00 0.000000000000000000e+00 0.000000000000000000e+00 0.000000000000000000e+00 0.000000000000000000e+00 0.000000000000000000e+00 2.218032605079294547e-04 0.000000000000000000e+00 0.000000000000000000e+00 0.000000000000000000e+00 0.000000000000000000e+00 0.000000000000000000e+00 0.000000000000000000e+00 0.000000000000000000e+00 0.000000000000000000e+00 0.000000000000000000e+00 0.000000000000000000e+00 0.000000000000000000e+00 0.000000000000000000e+00
0.000000000000000000e+00 5.633802816901408751e-04 2.253521126760563500e-03 7.492957746478873249e-02 9.577464788732394443e-03 0.000000000000000000e+00 3.064194882794545700e-04 1.771117166212533975e-03 7.506702412868633024e-03 1.056751467710371761e-01 0.000000000000000000e+00 0.000000000000000000e+00 3.002101471029720837e-04 1.390820584144645275e-03 2.096436058700209756e-03 2.196352347691113704e-01 0.000000000000000000e+00 0.000000000000000000e+00 0.000000000000000000e+00 2.359882005899705145e-04 1.117318435754189980e-02 6.960556844547563515e-03 3.914297486608982017e-03 6.243114212265882951e-03 2.267002518891687510e-02 9.961389961389961745e-02 5.494505494505494934e-03 1.290849673202614512e-01 0.000000000000000000e+00 2.240645305848084311e-04 4.968062455642299584e-03 2.259436469962785785e-02 0.000000000000000000e+00 0.000000000000000000e+00 0.000000000000000000e+00 0.000000000000000000e+00 0.000000000000000000e+00 3.992812936713914865e-04 0.000000000000000000e+00 0.000000000000000000e+00 0.000000000000000000e+00 0.000000000000000000e+00 0.000000000000000000e+00 0.000000000000000000e+00 0.000000000000000000e+00 9.516558812333460692e-05 0.000000000000000000e+00 1.538935056940597050e-04 0.000000000000000000e+00 0.000000000000000000e+00 0.000000000000000000e+00 0.000000000000000000e+00 0.000000000000000000e+00 0.000000000000000000e+00 0.000000000000000000e+00 0.000000000000000000e+00 0.000000000000000000e+00 3.629324945560125711e-04 0.000000000000000000e+00 0.000000000000000000e+00 0.000000000000000000e+00 0.000000000000000000e+00 0.000000000000000000e+00 0.000000000000000000e+00 0.000000000000000000e+00 0.000000000000000000e+00 0.000000000000000000e+00 9.749439407234083846e-05 0.000000000000000000e+00 2.258355916892502166e-04 2.948609941027801294e-03 3.505355404089581517e-02 0.000000000000000000e+00 2.386523163313055557e-02 0.000000000000000000e+00 7.725321888412016967e-03 0.000000000000000000e+00 3.762345195171656886e-03 0.000000000000000000e+00 0.000000000000000000e+00 0.000000000000000000e+00 2.142245072836332592e-04 0.000000000000000000e+00 1.675041876046901197e-03 0.000000000000000000e+00 9.973072703700009757e-05 0.000000000000000000e+00 0.000000000000000000e+00 0.000000000000000000e+00 3.166059838530948275e-04 0.000000000000000000e+00 0.000000000000000000e+00 0.000000000000000000e+00 0.000000000000000000e+00 0.000000000000000000e+00 0.000000000000000000e+00 0.000000000000000000e+00 0.000000000000000000e+00 0.000000000000000000e+00 0.000000000000000000e+00 0.000000000000000000e+00 0.000000000000000000e+00 0.000000000000000000e+00 0.000000000000000000e+00 0.000000000000000000e+00 0.000000000000000000e+00 0.000000000000000000e+00 0.000000000000000000e+00 0.000000000000000000e+00 0.000000000000000000e+00 0.000000000000000000e+00 0.000000000000000000e+00 0.000000000000000000e+00 0.000000000000000000e+00 0.000000000000000000e+00 0.000000000000000000e+00
1.856902098973494675e-01 2.910985138654818578e-03 2.402328788110923985e-01 8.579745671824727526e-03 0.000000000000000000e+00 3.064194882794545700e-04 0.000000000000000000e+00 1.594005449591280599e-02 3.163538873994638234e-02 7.827788649706457491e-03 4.299754299754299930e-02 8.313847752663030069e-03 2.530771540078054493e-01 1.112656467315716220e-02 5.450733752620545020e-03 6.208769887466045363e-03 4.452926208651399390e-03 3.395282344531808365e-03 1.919877127863816799e-02 1.238938053097345116e-02 0.000000000000000000e+00 0.000000000000000000e+00 2.678203543469303768e-02 9.915534337128167550e-03 0.000000000000000000e+00 4.633204633204632966e-03 0.000000000000000000e+00 0.000000000000000000e+00 3.052103771528231948e-03 8.962581223392337244e-04 1.206529453513129936e-02 6.911217437533227412e-03 2.803301666407101607e-03 2.049180327868852566e-03 0.000000000000000000e+00 0.000000000000000000e+00 1.012145748987854262e-03 0.000000000000000000e+00 0.000000000000000000e+00 0.000000000000000000e+00 0.000000000000000000e+00 0.000000000000000000e+00 1.421666192777935628e-04 0.000000000000000000e+00 8.843036109064111991e-04 9.516558812333460692e-05 0.000000000000000000e+00 0.000000000000000000e+00 1.939693175806736069e-03 0.000000000000000000e+00 1.719921104536489137e-02 1.563721657544956864e-04 1.005484460694698427e-02 0.000000000000000000e+00 5.974264705882352533e-03 0.000000000000000000e+00 7.647429832860296213e-03 0.000000000000000000e+00 3.771942550413462988e-03 1.563232765358761893e-04 8.104623319211641530e-03 2.649006622516556289e-04 3.065134099616858340e-03 7.930214115781126106e-04 2.362102530824140151e-02 0.000000000000000000e+00 3.148331384366286068e-03 1.949887881446816769e-04 1.008471157724889072e-03 0.000000000000000000e+00 6.971356360572872335e-02 1.622849724115546814e-03 1.349671461552122247e-02 2.183746685384495550e-03 1.340482573726541581e-03 0.000000000000000000e+00 2.865599354231131504e-02 2.194701363850133039e-03 1.291989664082687393e-03 0.000000000000000000e+00 6.484263798829669606e-03 0.000000000000000000e+00 0.000000000000000000e+00 0.000000000000000000e+00 2.457858555419531119e-02 0.000000000000000000e+00 0.000000000000000000e+00 0.000000000000000000e+00 2.036249720295368187e-02 1.583029919265474138e-04 4.675810473815461229e-04 0.000000000000000000e+00 0.000000000000000000e+00 0.000000000000000000e+00 7.481296758104737966e-03 0.000000000000000000e+00 5.096839959225280730e-04 0.000000000000000000e+00 0.000000000000000000e+00 0.000000000000000000e+00 0.000000000000000000e+00 0.000000000000000000e+00 2.211655424084927690e-04 0.000000000000000000e+00 0.000000000000000000e+00 4.199034222128910135e-04 0.000000000000000000e+00 0.000000000000000000e+00 0.000000000000000000e+00 0.000000000000000000e+00 0.000000000000000000e+00 0.000000000000000000e+00 0.000000000000000000e+00 0.000000000000000000e+00 0.000000000000000000e+00 0.000000000000000000e+00
2.861035422343324430e-03 1.340599455040872023e-01 6.948228882833787715e-03 2.948228882833787701e-01 1.362397820163487798e-04 1.771117166212533975e-03 1.594005449591280599e-02 0.000000000000000000e+00 2.144772117962466702e-03 8.219178082191780366e-02 3.439803439803439718e-03 1.990127305793712720e-01 2.401681176823776669e-03 1.383866481223922085e-01 2.096436058700209756e-03 1.552192471866511341e-03 1.484308736217133202e-03 2.180128663330950511e-02 1.331114808652246288e-02 3.693215339233038574e-02 0.000000000000000000e+00 0.000000000000000000e+00 2.101359703337453769e-02 2.864487697392581814e-02 0.000000000000000000e+00 0.000000000000000000e+00 0.000000000000000000e+00 8.169934640522876065e-04 4.360148245040331122e-04 8.514452162222720111e-03 1.809794180269694991e-02 1.169590643274853736e-02 3.737735555209468954e-03 1.507611241217798534e-02 3.935458480913026167e-04 0.000000000000000000e+00 0.000000000000000000e+00 1.796765821521261689e-03 0.000000000000000000e+00 0.000000000000000000e+00 0.000000000000000000e+00 0.000000000000000000e+00 0.000000000000000000e+00 5.123475765959627269e-04 0.000000000000000000e+00 1.522649409973353711e-03 0.000000000000000000e+00 0.000000000000000000e+00 0.000000000000000000e+00 5.982823506706552545e-03 7.889546351084812095e-05 1.860828772478498663e-02 0.000000000000000000e+00 2.844950213371266138e-03 0.000000000000000000e+00 7.716590669940372009e-03 0.000000000000000000e+00 1.246068231308976489e-02 1.450747134774408925e-04 6.878224167578552220e-03 0.000000000000000000e+00 1.271523178807947019e-02 0.000000000000000000e+00 5.947660586835844254e-03 0.000000000000000000e+00 3.464337700145560250e-02 3.598093010704326872e-04 3.997270156965974756e-03 0.000000000000000000e+00 2.484191508581752410e-03 2.106149957877000731e-04 1.752677702044790758e-02 1.065530101225359554e-03 2.402121353922944888e-02 1.340482573726541581e-03 1.716738197424892611e-03 4.036055428494551671e-03 2.806082458065527543e-02 0.000000000000000000e+00 1.199040767386091045e-03 0.000000000000000000e+00 1.542416452442159358e-02 0.000000000000000000e+00 0.000000000000000000e+00 0.000000000000000000e+00 2.722648848110102715e-02 0.000000000000000000e+00 0.000000000000000000e+00 0.000000000000000000e+00 1.013139148329903448e-02 1.558603491271820410e-04 0.000000000000000000e+00 0.000000000000000000e+00 0.000000000000000000e+00 0.000000000000000000e+00 4.329004329004329001e-03 0.000000000000000000e+00 0.000000000000000000e+00 0.000000000000000000e+00 0.000000000000000000e+00 0.000000000000000000e+00 0.000000000000000000e+00 0.000000000000000000e+00 1.109016302539647274e-04 0.000000000000000000e+00 4.199034222128910135e-04 0.000000000000000000e+00 0.000000000000000000e+00 0.000000000000000000e+00 0.000000000000000000e+00 0.000000000000000000e+00 0.000000000000000000e+00 0.000000000000000000e+00 0.000000000000000000e+00 0.000000000000000000e+00 0.000000000000000000e+00
2.144772117962466702e-03 0.000000000000000000e+00 1.179624664879356556e-02 8.042895442359249483e-03 2.997319034852546915e-01 7.506702412868633024e-03 3.163538873994638234e-02 2.144772117962466702e-03 0.000000000000000000e+00 3.718199608610567308e-02 6.142506142506142137e-03 0.000000000000000000e+00 4.623236265385770316e-02 1.043115438108484011e-03 2.138364779874213917e-01 1.358168412883197472e-02 2.120441051738761640e-04 1.786990707648320278e-04 3.839754255727633315e-04 0.000000000000000000e+00 1.241464928615766596e-03 0.000000000000000000e+00 1.030078285949732235e-03 8.079324274697026118e-03 5.037783375314861326e-03 1.235521235521235515e-02 2.747252747252747467e-03 4.084967320261438033e-04 9.810333551340744834e-03 0.000000000000000000e+00 7.097232079488998910e-03 6.911217437533227412e-03 0.000000000000000000e+00 1.463700234192037469e-04 0.000000000000000000e+00 0.000000000000000000e+00 0.000000000000000000e+00 0.000000000000000000e+00 0.000000000000000000e+00 0.000000000000000000e+00 0.000000000000000000e+00 0.000000000000000000e+00 1.421666192777935628e-04 0.000000000000000000e+00 0.000000000000000000e+00 0.000000000000000000e+00 0.000000000000000000e+00 0.000000000000000000e+00 3.526714865103156341e-04 0.000000000000000000e+00 7.889546351084812095e-05 0.000000000000000000e+00 4.570383912248628870e-04 0.000000000000000000e+00 0.000000000000000000e+00 0.000000000000000000e+00 1.576789656259854934e-04 0.000000000000000000e+00 2.901494269548817850e-04 0.000000000000000000e+00 1.013077914901455191e-03 0.000000000000000000e+00 3.065134099616858123e-04 0.000000000000000000e+00 1.297858533419857154e-03 0.000000000000000000e+00 0.000000000000000000e+00 0.000000000000000000e+00 4.033884630899556181e-04 0.000000000000000000e+00 8.003369839932602398e-03 3.245699448231093736e-04 2.628307583022553712e-02 7.799095304944626654e-04 6.702412868632707903e-03 0.000000000000000000e+00 3.632449885645096157e-03 1.567643831321523793e-04 0.000000000000000000e+00 0.000000000000000000e+00 6.326111023248457994e-04 0.000000000000000000e+00 7.425742574257425399e-03 0.000000000000000000e+00 1.412562388172144186e-03 0.000000000000000000e+00 0.000000000000000000e+00 0.000000000000000000e+00 4.475274110539270342e-04 0.000000000000000000e+00 0.000000000000000000e+00 5.752085130859936266e-04 0.000000000000000000e+00 0.000000000000000000e+00 0.000000000000000000e+00 8.658008658008658001e-03 0.000000000000000000e+00 0.000000000000000000e+00 0.000000000000000000e+00 0.000000000000000000e+00 0.000000000000000000e+00 0.000000000000000000e+00 1.105827712042463845e-04 0.000000000000000000e+00 0.000000000000000000e+00 0.000000000000000000e+00 0.000000000000000000e+00 0.000000000000000000e+00 0.000000000000000000e+00 0.000000000000000000e+00 0.000000000000000000e+00 0.000000000000000000e+00 0.000000000000000000e+00 0.000000000000000000e+00 0.000000000000000000e+00 0.000000000000000000e+00
0.000000000000000000e+00 0.000000000000000000e+00 1.565557729941291498e-02 1.956947162426614373e-03 2.739726027397260122e-02 1.056751467710371761e-01 7.827788649706457491e-03 8.219178082191780366e-02 3.718199608610567308e-02 0.000000000000000000e+00 0.000000000000000000e+00 0.000000000000000000e+00 0.000000000000000000e+00 1.460361613351877572e-02 3.773584905660377388e-03 7.916181606519208380e-02 0.000000000000000000e+00 0.000000000000000000e+00 0.000000000000000000e+00 0.000000000000000000e+00 0.000000000000000000e+00 0.000000000000000000e+00 6.798516687268232016e-03 0.000000000000000000e+00 2.518891687657430663e-03 0.000000000000000000e+00 0.000000000000000000e+00 0.000000000000000000e+00 0.000000000000000000e+00 0.000000000000000000e+00 3.193754435770049856e-03 5.582137161084529432e-03 1.557389814670612064e-04 0.000000000000000000e+00 0.000000000000000000e+00 0.000000000000000000e+00 0.000000000000000000e+00 0.000000000000000000e+00 0.000000000000000000e+00 0.000000000000000000e+00 0.000000000000000000e+00 0.000000000000000000e+00 0.000000000000000000e+00 0.000000000000000000e+00 0.000000000000000000e+00 0.000000000000000000e+00 0.000000000000000000e+00 0.000000000000000000e+00 0.000000000000000000e+00 0.000000000000000000e+00 0.000000000000000000e+00 0.000000000000000000e+00 0.000000000000000000e+00 0.000000000000000000e+00 0.000000000000000000e+00 0.000000000000000000e+00 0.000000000000000000e+00 0.000000000000000000e+00 0.000000000000000000e+00 0.000000000000000000e+00 0.000000000000000000e+00 0.000000000000000000e+00 0.000000000000000000e+00 0.000000000000000000e+00 0.000000000000000000e+00 0.000000000000000000e+00 0.000000000000000000e+00 0.000000000000000000e+00 0.000000000000000000e+00 0.000000000000000000e+00 2.106149957877000731e-04 5.193119117169749978e-03 0.000000000000000000e+00 3.431601934175635554e-03 0.000000000000000000e+00 1.716738197424892611e-03 0.000000000000000000e+00 9.405862987929142216e-04 0.000000000000000000e+00 0.000000000000000000e+00 0.000000000000000000e+00 2.142245072836332592e-04 0.000000000000000000e+00 0.000000000000000000e+00 0.000000000000000000e+00 0.000000000000000000e+00 0.000000000000000000e+00 0.000000000000000000e+00 0.000000000000000000e+00 0.000000000000000000e+00 0.000000000000000000e+00 0.000000000000000000e+00 0.000000000000000000e+00 0.000000000000000000e+00 0.000000000000000000e+00 0.000000000000000000e+00 0.000000000000000000e+00 0.000000000000000000e+00 0.000000000000000000e+00 0.000000000000000000e+00 0.000000000000000000e+00 0.000000000000000000e+00 0.000000000000000000e+00 0.000000000000000000e+00 0.000000000000000000e+00 0.000000000000000000e+00 0.000000000000000000e+00 0.000000000000000000e+00 0.000000000000000000e+00 0.000000000000000000e+00 0.000000000000000000e+00 0.000000000000000000e+00 0.000000000000000000e+00 0.000000000000000000e+00 0.000000000000000000e+00 0.000000000000000000e+00
3.417690417690417704e-01 7.371007371007370825e-04 3.562653562653562977e-02 2.457002457002456942e-03 0.000000000000000000e+00 0.000000000000000000e+00 4.299754299754299930e-02 3.439803439803439718e-03 6.142506142506142137e-03 0.000000000000000000e+00 0.000000000000000000e+00 1.299038711353598394e-03 1.600120084058841152e-01 3.477051460361613188e-04 6.708595387840670526e-03 0.000000000000000000e+00 4.156064461407972532e-02 1.786990707648320278e-04 1.740688595929860624e-02 2.949852507374631227e-03 0.000000000000000000e+00 0.000000000000000000e+00 5.974454058508446921e-03 0.000000000000000000e+00 0.000000000000000000e+00 0.000000000000000000e+00 0.000000000000000000e+00 0.000000000000000000e+00 3.706126008284281459e-02 2.240645305848084311e-04 2.129169623846699760e-03 2.658160552897395200e-04 2.336084722005918150e-03 1.463700234192037469e-04 3.935458480913026167e-04 0.000000000000000000e+00 0.000000000000000000e+00 0.000000000000000000e+00 0.000000000000000000e+00 0.000000000000000000e+00 0.000000000000000000e+00 0.000000000000000000e+00 0.000000000000000000e+00 0.000000000000000000e+00 2.947678703021370844e-04 0.000000000000000000e+00 0.000000000000000000e+00 0.000000000000000000e+00 1.234350202786104692e-03 0.000000000000000000e+00 2.524654832347139870e-03 0.000000000000000000e+00 9.140767824497257740e-04 0.000000000000000000e+00 0.000000000000000000e+00 0.000000000000000000e+00 6.859035004730369180e-03 1.209774981853375237e-04 4.062091977368344556e-03 1.563232765358761893e-04 2.219561613556824547e-02 0.000000000000000000e+00 8.582375478927203177e-03 0.000000000000000000e+00 1.765087605451005903e-02 0.000000000000000000e+00 1.709094180084555102e-03 1.949887881446816769e-04 1.210165389269866800e-03 0.000000000000000000e+00 3.053917438921651198e-02 0.000000000000000000e+00 2.060024862369028500e-02 0.000000000000000000e+00 4.021447721179624742e-03 8.583690987124463056e-04 1.843131979012511620e-02 3.135287662643047586e-04 1.291989664082687393e-03 0.000000000000000000e+00 4.270124940692708766e-03 0.000000000000000000e+00 0.000000000000000000e+00 0.000000000000000000e+00 8.381203503154723011e-03 0.000000000000000000e+00 0.000000000000000000e+00 0.000000000000000000e+00 5.370328932647125061e-03 0.000000000000000000e+00 1.558603491271820410e-04 2.876042565429968133e-04 0.000000000000000000e+00 4.492362982929020906e-04 0.000000000000000000e+00 0.000000000000000000e+00 0.000000000000000000e+00 0.000000000000000000e+00 0.000000000000000000e+00 0.000000000000000000e+00 0.000000000000000000e+00 0.000000000000000000e+00 1.105827712042463845e-04 0.000000000000000000e+00 0.000000000000000000e+00 0.000000000000000000e+00 0.000000000000000000e+00 0.000000000000000000e+00 0.000000000000000000e+00 0.000000000000000000e+00 8.795074758135444561e-04 0.000000000000000000e+00 0.000000000000000000e+00 0.000000000000000000e+00 0.000000000000000000e+00 0.000000000000000000e+00
5.196154845414393793e-04 4.442712392829306634e-02 8.054040010392310434e-03 4.390750844375162359e-02 0.000000000000000000e+00 0.000000000000000000e+00 8.313847752663030069e-03 1.990127305793712720e-01 0.000000000000000000e+00 0.000000000000000000e+00 1.299038711353598394e-03 0.000000000000000000e+00 1.801260882617832394e-03 1.710709318497913856e-01 0.000000000000000000e+00 7.760962359332556704e-04 6.361323155216285462e-04 8.148677626876339730e-02 3.839754255727633424e-03 2.312684365781710744e-02 0.000000000000000000e+00 0.000000000000000000e+00 1.421508034610630480e-02 2.056555269922879028e-02 0.000000000000000000e+00 0.000000000000000000e+00 0.000000000000000000e+00 0.000000000000000000e+00 0.000000000000000000e+00 5.556800358503249243e-02 6.387508871540099713e-03 3.721424774056352955e-03 4.672169444011836192e-04 1.785714285714285615e-02 0.000000000000000000e+00 4.110152075626798064e-04 0.000000000000000000e+00 1.996406468356957432e-03 0.000000000000000000e+00 0.000000000000000000e+00 0.000000000000000000e+00 0.000000000000000000e+00 0.000000000000000000e+00 0.000000000000000000e+00 0.000000000000000000e+00 5.709935287400076144e-04 0.000000000000000000e+00 0.000000000000000000e+00 0.000000000000000000e+00 5.789829200038598992e-04 0.000000000000000000e+00 1.876465989053948454e-03 0.000000000000000000e+00 1.422475106685633123e-04 0.000000000000000000e+00 2.279901788846018865e-03 0.000000000000000000e+00 5.685942414710863993e-03 1.450747134774408925e-04 1.563232765358761947e-03 0.000000000000000000e+00 8.476821192052980125e-03 0.000000000000000000e+00 1.843774781919111858e-02 0.000000000000000000e+00 1.018922852983988360e-02 0.000000000000000000e+00 7.799551525787267077e-04 0.000000000000000000e+00 0.000000000000000000e+00 0.000000000000000000e+00 1.947419668938656350e-03 3.551767004084532028e-04 3.883949461862423735e-02 0.000000000000000000e+00 8.583690987124463056e-04 1.614422171397820538e-03 1.316820818310079910e-02 0.000000000000000000e+00 1.199040767386091045e-03 0.000000000000000000e+00 1.885175664095972703e-02 0.000000000000000000e+00 0.000000000000000000e+00 0.000000000000000000e+00 1.545826269073501472e-02 0.000000000000000000e+00 1.515151515151515150e-03 0.000000000000000000e+00 5.540604717429159672e-03 1.558603491271820410e-04 0.000000000000000000e+00 0.000000000000000000e+00 0.000000000000000000e+00 0.000000000000000000e+00 4.329004329004329001e-03 0.000000000000000000e+00 0.000000000000000000e+00 0.000000000000000000e+00 0.000000000000000000e+00 0.000000000000000000e+00 0.000000000000000000e+00 0.000000000000000000e+00 0.000000000000000000e+00 0.000000000000000000e+00 0.000000000000000000e+00 0.000000000000000000e+00 0.000000000000000000e+00 0.000000000000000000e+00 0.000000000000000000e+00 0.000000000000000000e+00 0.000000000000000000e+00 0.000000000000000000e+00 0.000000000000000000e+00 0.000000000000000000e+00 0.000000000000000000e+00
3.272290603422395999e-02 0.000000000000000000e+00 9.126388471930350910e-02 1.501050735514860473e-03 0.000000000000000000e+00 3.002101471029720837e-04 2.530771540078054493e-01 2.401681176823776669e-03 4.623236265385770316e-02 0.000000000000000000e+00 1.600120084058841152e-01 1.801260882617832394e-03 0.000000000000000000e+00 4.172461752433936043e-03 4.863731656184486218e-02 7.760962359332556704e-04 1.484308736217133202e-03 0.000000000000000000e+00 3.839754255727633424e-03 7.079646017699115163e-04 0.000000000000000000e+00 0.000000000000000000e+00 4.655953852492789730e-02 5.508630187293426031e-03 0.000000000000000000e+00 0.000000000000000000e+00 0.000000000000000000e+00 0.000000000000000000e+00 4.948768258120776059e-02 2.240645305848084311e-04 5.322924059616749616e-03 3.987240829346092204e-03 4.672169444011836192e-04 2.927400468384074939e-04 0.000000000000000000e+00 0.000000000000000000e+00 0.000000000000000000e+00 0.000000000000000000e+00 0.000000000000000000e+00 0.000000000000000000e+00 0.000000000000000000e+00 0.000000000000000000e+00 0.000000000000000000e+00 0.000000000000000000e+00 0.000000000000000000e+00 0.000000000000000000e+00 0.000000000000000000e+00 0.000000000000000000e+00 3.526714865103156341e-04 0.000000000000000000e+00 6.311637080867849676e-04 0.000000000000000000e+00 0.000000000000000000e+00 0.000000000000000000e+00 2.297794117647058792e-04 0.000000000000000000e+00 1.182592242194891200e-03 0.000000000000000000e+00 7.253735673872044624e-04 0.000000000000000000e+00 4.328605636397126963e-03 0.000000000000000000e+00 2.298850574712643646e-03 0.000000000000000000e+00 4.931862426995457620e-03 0.000000000000000000e+00 7.196186021408653745e-04 9.749439407234083846e-05 2.016942315449778091e-04 0.000000000000000000e+00 2.443133951137321097e-02 0.000000000000000000e+00 2.699342923104244493e-02 9.358914365933552202e-04 2.278820375335120774e-02 2.575107296137339134e-03 2.744517691376294893e-02 0.000000000000000000e+00 0.000000000000000000e+00 0.000000000000000000e+00 2.055986082555748794e-03 0.000000000000000000e+00 0.000000000000000000e+00 0.000000000000000000e+00 2.354270646953573933e-03 0.000000000000000000e+00 0.000000000000000000e+00 0.000000000000000000e+00 1.342582233161781265e-03 0.000000000000000000e+00 0.000000000000000000e+00 2.876042565429968133e-04 0.000000000000000000e+00 0.000000000000000000e+00 0.000000000000000000e+00 0.000000000000000000e+00 0.000000000000000000e+00 0.000000000000000000e+00 0.000000000000000000e+00 5.583472920156337324e-04 0.000000000000000000e+00 0.000000000000000000e+00 1.105827712042463845e-04 3.327048907618942227e-04 0.000000000000000000e+00 2.099517111064455068e-04 0.000000000000000000e+00 0.000000000000000000e+00 0.000000000000000000e+00 0.000000000000000000e+00 0.000000000000000000e+00 0.000000000000000000e+00 0.000000000000000000e+00 0.000000000000000000e+00 8.333333333333333868e-04 0.000000000000000000e+00
