2.686787446436554871e-01 4.661998546130853849e-01 3.480524817163287987e-01 4.639078706393907070e-01 3.074224065877569911e-01 0.000000000000000000e+00 3.388635347853096169e-01 4.234066177804429176e-01 0.000000000000000000e+00 0.000000000000000000e+00 3.363694250437309075e-01 4.271981168811123664e-01 3.481964279118480721e-01 0.000000000000000000e+00 3.887052948717948375e-01 0.000000000000000000e+00 2.988146942246697746e-01 4.503309527677115121e-01 4.129561425921549622e-01 4.602957597235715070e-01 0.000000000000000000e+00 0.000000000000000000e+00 3.688248869386464568e-01 0.000000000000000000e+00 3.990782671755724875e-01 0.000000000000000000e+00 0.000000000000000000e+00 0.000000000000000000e+00 3.693390000247701588e-01 0.000000000000000000e+00 3.441505817424479474e-01 0.000000000000000000e+00 4.077672724733343301e-01 4.498350932290355320e-01 4.798703877551020458e-01 0.000000000000000000e+00 4.854856453912743119e-01 5.035540795454545027e-01 0.000000000000000000e+00 0.000000000000000000e+00 0.000000000000000000e+00 0.000000000000000000e+00 0.000000000000000000e+00 0.000000000000000000e+00 4.100189489329267301e-01 0.000000000000000000e+00 0.000000000000000000e+00 0.000000000000000000e+00 4.194459161031012795e-01 0.000000000000000000e+00 3.775693215410836356e-01 4.658437889908256246e-01 0.000000000000000000e+00 0.000000000000000000e+00 0.000000000000000000e+00 0.000000000000000000e+00 2.942566717757631456e-01 4.721934343434343040e-01 4.177669300999158342e-01 5.456946699999999373e-01 3.902156688389220029e-01 0.000000000000000000e+00 3.738060999425443787e-01 4.189441919191919661e-01 3.936202728596954192e-01 0.000000000000000000e+00 3.979491580486437807e-01 5.151272116328348138e-01 3.752947214119882191e-01 4.987032770381490399e-01 3.393179068725078462e-01 4.185686558486945152e-01 4.014284281459943871e-01 4.494681767816091078e-01 3.565296713017676589e-01 0.000000000000000000e+00 4.078927987769741526e-01 4.149780776626508239e-01 4.223732353610930579e-01 0.000000000000000000e+00 3.958745773869996598e-01 0.000000000000000000e+00 4.142210086597937768e-01 0.000000000000000000e+00 4.103714875401072160e-01 0.000000000000000000e+00 4.345282640000001084e-01 0.000000000000000000e+00 4.151232199349983998e-01 0.000000000000000000e+00 4.949492966101695646e-01 0.000000000000000000e+00 0.000000000000000000e+00 0.000000000000000000e+00 4.420517513770675366e-01 0.000000000000000000e+00 0.000000000000000000e+00 0.000000000000000000e+00 4.885586465517240962e-01 0.000000000000000000e+00 0.000000000000000000e+00 0.000000000000000000e+00 0.000000000000000000e+00 0.000000000000000000e+00 0.000000000000000000e+00 0.000000000000000000e+00 0.000000000000000000e+00 0.000000000000000000e+00 0.000000000000000000e+00 0.000000000000000000e+00 0.000000000000000000e+00 0.000000000000000000e+00 0.000000000000000000e+00 0.000000000000000000e+00 0.000000000000000000e+00 0.000000000000000000e+00
4.661998546130853849e-01 3.084228389765176770e-01 4.724884234539984407e-01 3.762958388906865737e-01 0.000000000000000000e+00 0.000000000000000000e+00 4.543845521888704719e-01 3.242295398823145103e-01 0.000000000000000000e+00 2.829042360135310408e-01 0.000000000000000000e+00 3.698535781594475824e-01 0.000000000000000000e+00 3.590003152692118338e-01 0.000000000000000000e+00 3.485569594838295870e-01 4.537380196053946158e-01 3.332498316784281434e-01 4.860360520450101030e-01 3.827604291873530906e-01 0.000000000000000000e+00 0.000000000000000000e+00 0.000000000000000000e+00 3.969410325629350034e-01 0.000000000000000000e+00 0.000000000000000000e+00 0.000000000000000000e+00 0.000000000000000000e+00 4.772787550975353121e-01 4.114694738112754657e-01 0.000000000000000000e+00 0.000000000000000000e+00 4.700724570633529331e-01 4.633702594512646433e-01 4.550131557315234554e-01 4.316849366487112150e-01 5.717873660714285489e-01 5.088540627799250649e-01 0.000000000000000000e+00 0.000000000000000000e+00 0.000000000000000000e+00 0.000000000000000000e+00 5.182351461538462489e-01 0.000000000000000000e+00 0.000000000000000000e+00 4.390745855911771800e-01 0.000000000000000000e+00 0.000000000000000000e+00 0.000000000000000000e+00 4.422232919360823411e-01 4.799682432432432755e-01 3.953890332721298750e-01 0.000000000000000000e+00 0.000000000000000000e+00 0.000000000000000000e+00 4.171205813549828667e-01 4.735230738897315828e-01 3.161330342568759999e-01 5.004568480473965408e-01 4.540664726379812222e-01 4.522971250000000221e-01 3.986863902373832258e-01 0.000000000000000000e+00 3.784414900960954564e-01 0.000000000000000000e+00 3.939882270109657525e-01 4.971346102225310259e-01 4.436928606060645541e-01 5.025766210580263627e-01 4.187940711562044838e-01 4.937152851315351754e-01 4.301697715068594774e-01 4.654452469140686333e-01 4.006253467251408851e-01 0.000000000000000000e+00 4.147036969723776889e-01 4.465910907062529134e-01 4.206559403567606270e-01 5.009928571428571287e-01 4.151153492063491268e-01 4.937205087719298002e-01 4.208286241338871636e-01 0.000000000000000000e+00 4.051911061946901760e-01 0.000000000000000000e+00 4.034568349963669198e-01 0.000000000000000000e+00 0.000000000000000000e+00 0.000000000000000000e+00 4.475425476020444271e-01 0.000000000000000000e+00 4.380831656094599791e-01 0.000000000000000000e+00 0.000000000000000000e+00 4.521394404063823202e-01 0.000000000000000000e+00 0.000000000000000000e+00 0.000000000000000000e+00 0.000000000000000000e+00 0.000000000000000000e+00 0.000000000000000000e+00 0.000000000000000000e+00 0.000000000000000000e+00 4.662181792554553894e-01 0.000000000000000000e+00 4.530516428746805269e-01 0.000000000000000000e+00 4.872601566181604671e-01 0.000000000000000000e+00 0.000000000000000000e+00 0.000000000000000000e+00 0.000000000000000000e+00 0.000000000000000000e+00 4.734230093457944544e-01 0.000000000000000000e+00 0.000000000000000000e+00
3.480524817163287987e-01 4.724884234539984407e-01 2.697673907871786514e-01 4.292489569807438898e-01 2.261089408719332006e-01 4.609047600000000244e-01 3.058267513162038487e-01 4.362469535644097340e-01 0.000000000000000000e+00 4.066256014718075962e-01 3.951882187200585483e-01 4.515204878048780235e-01 3.439815954804611442e-01 4.258076061212814900e-01 3.510455769825460703e-01 0.000000000000000000e+00 4.125776260928977757e-01 0.000000000000000000e+00 3.011744705478379136e-01 4.922800838774015753e-01 3.551429309775569476e-01 0.000000000000000000e+00 2.258601090776207465e-01 4.220467691933651455e-01 3.009933333333333350e-01 3.804892083333333286e-01 3.418658285042543987e-01 0.000000000000000000e+00 3.865948041885416964e-01 0.000000000000000000e+00 3.522877496298795208e-01 4.197657210562622532e-01 3.942076128382834277e-01 4.758328467424095543e-01 4.321616866261788203e-01 0.000000000000000000e+00 4.323846571990384580e-01 0.000000000000000000e+00 0.000000000000000000e+00 0.000000000000000000e+00 0.000000000000000000e+00 0.000000000000000000e+00 0.000000000000000000e+00 0.000000000000000000e+00 4.608745366902483598e-01 0.000000000000000000e+00 0.000000000000000000e+00 0.000000000000000000e+00 4.291606494836545105e-01 0.000000000000000000e+00 4.226074936341309152e-01 0.000000000000000000e+00 0.000000000000000000e+00 0.000000000000000000e+00 0.000000000000000000e+00 0.000000000000000000e+00 4.159897841212498726e-01 0.000000000000000000e+00 4.411710198116944870e-01 0.000000000000000000e+00 4.075027769861307991e-01 0.000000000000000000e+00 0.000000000000000000e+00 0.000000000000000000e+00 3.967543726934337767e-01 0.000000000000000000e+00 4.246515752856144243e-01 0.000000000000000000e+00 4.187884040631598137e-01 5.090903396200814335e-01 3.519891881777030829e-01 4.342884016146929538e-01 3.528967220184484610e-01 4.225776513247126998e-01 3.448296872510699385e-01 0.000000000000000000e+00 3.887833623312496600e-01 3.698150482139863082e-01 0.000000000000000000e+00 0.000000000000000000e+00 4.013007875066815222e-01 0.000000000000000000e+00 0.000000000000000000e+00 0.000000000000000000e+00 4.110876106888202708e-01 0.000000000000000000e+00 0.000000000000000000e+00 0.000000000000000000e+00 4.441954866388077017e-01 0.000000000000000000e+00 0.000000000000000000e+00 0.000000000000000000e+00 0.000000000000000000e+00 0.000000000000000000e+00 3.978964491924120717e-01 0.000000000000000000e+00 3.774044965517241446e-01 0.000000000000000000e+00 0.000000000000000000e+00 0.000000000000000000e+00 0.000000000000000000e+00 0.000000000000000000e+00 3.700636603064071939e-01 4.252629935064934918e-01 0.000000000000000000e+00 0.000000000000000000e+00 4.356596923076922478e-01 4.100956315789474060e-01 0.000000000000000000e+00 0.000000000000000000e+00 0.000000000000000000e+00 0.000000000000000000e+00 0.000000000000000000e+00 0.000000000000000000e+00 0.000000000000000000e+00 0.000000000000000000e+00
4.639078706393907070e-01 3.762958388906865737e-01 4.292489569807438898e-01 2.371109185492897564e-01 4.155094730355819443e-01 2.679452617682198112e-01 4.259344587895558809e-01 2.954185247767898703e-01 0.000000000000000000e+00 2.739347643865557846e-01 4.326290122664385174e-01 3.730426331435256482e-01 4.100856802704072046e-01 3.490324043268029919e-01 0.000000000000000000e+00 3.535253599425488003e-01 4.420562117227022081e-01 4.272537914821805116e-01 4.880109769289388555e-01 3.085003055291156149e-01 0.000000000000000000e+00 0.000000000000000000e+00 4.170167180703819865e-01 2.338085853252731827e-01 4.410713015873015674e-01 2.553775813478596501e-01 0.000000000000000000e+00 2.730217214285714511e-01 4.399589276283215611e-01 3.804950823114627845e-01 4.058704368874718749e-01 2.807772625072483264e-01 4.835095840537090295e-01 3.799689564017957322e-01 0.000000000000000000e+00 4.629875708988116512e-01 0.000000000000000000e+00 4.928189606018083535e-01 0.000000000000000000e+00 0.000000000000000000e+00 0.000000000000000000e+00 0.000000000000000000e+00 0.000000000000000000e+00 0.000000000000000000e+00 0.000000000000000000e+00 3.937672330097086726e-01 0.000000000000000000e+00 0.000000000000000000e+00 0.000000000000000000e+00 4.580903297676376384e-01 0.000000000000000000e+00 4.355402642392608992e-01 0.000000000000000000e+00 0.000000000000000000e+00 0.000000000000000000e+00 0.000000000000000000e+00 4.968378191489362106e-01 4.073914752774442372e-01 5.207863155443578362e-01 4.402399462596968127e-01 0.000000000000000000e+00 3.998588135593220683e-01 0.000000000000000000e+00 4.043192139873639790e-01 0.000000000000000000e+00 4.153182609223441402e-01 4.667597914545453808e-01 4.166399304733017228e-01 0.000000000000000000e+00 4.040714497899827728e-01 4.700565354094602410e-01 3.485513329019130913e-01 4.645309935207304619e-01 3.401826524207487434e-01 0.000000000000000000e+00 3.146297421216461832e-01 4.787228191489361628e-01 3.881879018782772306e-01 0.000000000000000000e+00 0.000000000000000000e+00 0.000000000000000000e+00 3.849919089813140793e-01 0.000000000000000000e+00 0.000000000000000000e+00 0.000000000000000000e+00 4.038262119140451079e-01 0.000000000000000000e+00 0.000000000000000000e+00 0.000000000000000000e+00 4.055080182169844005e-01 0.000000000000000000e+00 0.000000000000000000e+00 0.000000000000000000e+00 0.000000000000000000e+00 4.412865702127659606e-01 0.000000000000000000e+00 0.000000000000000000e+00 0.000000000000000000e+00 4.498469185185185459e-01 0.000000000000000000e+00 0.000000000000000000e+00 0.000000000000000000e+00 3.454534354838709742e-01 0.000000000000000000e+00 3.879156991869918136e-01 0.000000000000000000e+00 0.000000000000000000e+00 3.922550106302520878e-01 0.000000000000000000e+00 0.000000000000000000e+00 0.000000000000000000e+00 0.000000000000000000e+00 0.000000000000000000e+00 0.000000000000000000e+00 0.000000000000000000e+00 0.000000000000000000e+00
3.074224065877569911e-01 0.000000000000000000e+00 2.261089408719332006e-01 4.155094730355819443e-01 2.206901753349788109e-01 0.000000000000000000e+00 3.057816287361529439e-01 0.000000000000000000e+00 2.298910257223702180e-01 0.000000000000000000e+00 3.452101798010402955e-01 0.000000000000000000e+00 3.073092069923484826e-01 0.000000000000000000e+00 2.690621066947604390e-01 4.237870103464947413e-01 0.000000000000000000e+00 0.000000000000000000e+00 3.756312192959674889e-01 0.000000000000000000e+00 3.366016523565711904e-01 0.000000000000000000e+00 2.050535048867631605e-01 4.471994694444444973e-01 2.472891381168356995e-01 4.420207169811321002e-01 2.140616443039870254e-01 0.000000000000000000e+00 2.866635323095237942e-01 0.000000000000000000e+00 3.447910394624532637e-01 3.948161012987013163e-01 3.692467813492064099e-01 0.000000000000000000e+00 0.000000000000000000e+00 0.000000000000000000e+00 0.000000000000000000e+00 0.000000000000000000e+00 0.000000000000000000e+00 0.000000000000000000e+00 0.000000000000000000e+00 0.000000000000000000e+00 0.000000000000000000e+00 0.000000000000000000e+00 0.000000000000000000e+00 0.000000000000000000e+00 0.000000000000000000e+00 0.000000000000000000e+00 0.000000000000000000e+00 0.000000000000000000e+00 0.000000000000000000e+00 0.000000000000000000e+00 0.000000000000000000e+00 0.000000000000000000e+00 0.000000000000000000e+00 0.000000000000000000e+00 3.375788286142321626e-01 0.000000000000000000e+00 4.074354653465347420e-01 0.000000000000000000e+00 3.781944971062007887e-01 0.000000000000000000e+00 3.423073388079312385e-01 0.000000000000000000e+00 3.748123008304007353e-01 0.000000000000000000e+00 3.701021615384615382e-01 0.000000000000000000e+00 0.000000000000000000e+00 0.000000000000000000e+00 3.060969736816113174e-01 4.317129043389150711e-01 2.915006814440394001e-01 0.000000000000000000e+00 2.792056747198636280e-01 0.000000000000000000e+00 3.465357122821364766e-01 0.000000000000000000e+00 0.000000000000000000e+00 0.000000000000000000e+00 3.644345726324988988e-01 0.000000000000000000e+00 0.000000000000000000e+00 0.000000000000000000e+00 3.786515395075656931e-01 0.000000000000000000e+00 0.000000000000000000e+00 0.000000000000000000e+00 4.027165307692307517e-01 0.000000000000000000e+00 0.000000000000000000e+00 0.000000000000000000e+00 0.000000000000000000e+00 0.000000000000000000e+00 0.000000000000000000e+00 0.000000000000000000e+00 0.000000000000000000e+00 0.000000000000000000e+00 0.000000000000000000e+00 0.000000000000000000e+00 0.000000000000000000e+00 0.000000000000000000e+00 0.000000000000000000e+00 0.000000000000000000e+00 0.000000000000000000e+00 0.000000000000000000e+00 0.000000000000000000e+00 0.000000000000000000e+00 0.000000000000000000e+00 0.000000000000000000e+00 0.000000000000000000e+00 0.000000000000000000e+00 0.000000000000000000e+00 0.000000000000000000e+00 0.000000000000000000e+00 0.000000000000000000e+00
0.000000000000000000e+00 0.000000000000000000e+00 4.609047600000000244e-01 2.679452617682198112e-01 0.000000000000000000e+00 1.971535753950283409e-01 3.929219466666666327e-01 0.000000000000000000e+00 3.837659999999999960e-01 2.369606895611563457e-01 0.000000000000000000e+00 0.000000000000000000e+00 4.284132820512820405e-01 0.000000000000000000e+00 0.000000000000000000e+00 2.927573003526146578e-01 0.000000000000000000e+00 0.000000000000000000e+00 0.000000000000000000e+00 0.000000000000000000e+00 3.834166110800023008e-01 3.534265412539247531e-01 3.698746097879817007e-01 3.227791391279889455e-01 3.756452022703818394e-01 2.262842582761274701e-01 0.000000000000000000e+00 2.278948059753418964e-01 0.000000000000000000e+00 3.110172464627061206e-01 3.431883865995614125e-01 3.049752091533181053e-01 0.000000000000000000e+00 3.258262605999664441e-01 0.000000000000000000e+00 0.000000000000000000e+00 0.000000000000000000e+00 0.000000000000000000e+00 0.000000000000000000e+00 0.000000000000000000e+00 0.000000000000000000e+00 0.000000000000000000e+00 0.000000000000000000e+00 0.000000000000000000e+00 0.000000000000000000e+00 0.000000000000000000e+00 0.000000000000000000e+00 0.000000000000000000e+00 0.000000000000000000e+00 0.000000000000000000e+00 0.000000000000000000e+00 0.000000000000000000e+00 0.000000000000000000e+00 0.000000000000000000e+00 0.000000000000000000e+00 0.000000000000000000e+00 0.000000000000000000e+00 0.000000000000000000e+00 0.000000000000000000e+00 0.000000000000000000e+00 0.000000000000000000e+00 0.000000000000000000e+00 0.000000000000000000e+00 0.000000000000000000e+00 0.000000000000000000e+00 0.000000000000000000e+00 0.000000000000000000e+00 0.000000000000000000e+00 0.000000000000000000e+00 0.000000000000000000e+00 4.588998470304940236e-01 3.222102536968075581e-01 0.000000000000000000e+00 2.865695199378052727e-01 0.000000000000000000e+00 2.799483461538461726e-01 0.000000000000000000e+00 0.000000000000000000e+00 0.000000000000000000e+00 0.000000000000000000e+00 0.000000000000000000e+00 0.000000000000000000e+00 0.000000000000000000e+00 0.000000000000000000e+00 0.000000000000000000e+00 0.000000000000000000e+00 0.000000000000000000e+00 0.000000000000000000e+00 0.000000000000000000e+00 0.000000000000000000e+00 0.000000000000000000e+00 0.000000000000000000e+00 0.000000000000000000e+00 0.000000000000000000e+00 0.000000000000000000e+00 0.000000000000000000e+00 0.000000000000000000e+00 0.000000000000000000e+00 0.000000000000000000e+00 0.000000000000000000e+00 0.000000000000000000e+00 0.000000000000000000e+00 0.000000000000000000e+00 0.000000000000000000e+00 0.000000000000000000e+00 0.000000000000000000e+00 0.000000000000000000e+00 0.000000000000000000e+00 0.000000000000000000e+00 0.000000000000000000e+00 0.000000000000000000e+00 0.000000000000000000e+00 0.000000000000000000e+00 0.000000000000000000e+00 0.000000000000000000e+00 0.000000000000000000e+00
3.388635347853096169e-01 4.543845521888704719e-01 3.058267513162038487e-01 4.259344587895558809e-01 3.057816287361529439e-01 3.929219466666666327e-01 2.730400108220126798e-01 4.173785803608784928e-01 3.095972849508043523e-01 4.468266029411764317e-01 3.394077377022078346e-01 4.104819603599583200e-01 3.007677373238555885e-01 4.069351761938432843e-01 3.120010385723797075e-01 4.518763283582090118e-01 3.827266840147032778e-01 0.000000000000000000e+00 3.912123108861430554e-01 4.534012035849797062e-01 0.000000000000000000e+00 0.000000000000000000e+00 3.121800304332867371e-01 4.223686259469967008e-01 3.252873531015037512e-01 4.102267187499999967e-01 0.000000000000000000e+00 0.000000000000000000e+00 3.656919595636293763e-01 4.412912165310038937e-01 3.386226347410122295e-01 4.133750660160593338e-01 3.808058954937160734e-01 4.274044414259753344e-01 4.470200327624720971e-01 0.000000000000000000e+00 3.853890197409194918e-01 5.236432783505153843e-01 0.000000000000000000e+00 0.000000000000000000e+00 0.000000000000000000e+00 0.000000000000000000e+00 0.000000000000000000e+00 0.000000000000000000e+00 0.000000000000000000e+00 0.000000000000000000e+00 0.000000000000000000e+00 0.000000000000000000e+00 3.686759384615384549e-01 0.000000000000000000e+00 3.857260638296901023e-01 0.000000000000000000e+00 0.000000000000000000e+00 0.000000000000000000e+00 0.000000000000000000e+00 0.000000000000000000e+00 3.698431170794464484e-01 4.372637364864865317e-01 4.147738613598944135e-01 0.000000000000000000e+00 3.962085164665570813e-01 0.000000000000000000e+00 3.709386904465397650e-01 0.000000000000000000e+00 3.840469045013167326e-01 0.000000000000000000e+00 4.248001772502827400e-01 0.000000000000000000e+00 4.246368190275830456e-01 0.000000000000000000e+00 2.960095198379404380e-01 4.351057087916122557e-01 3.247690808622175074e-01 4.250972531795591536e-01 3.274040760346812462e-01 0.000000000000000000e+00 3.533205460786620900e-01 4.222042650095013672e-01 4.254529015667382619e-01 0.000000000000000000e+00 3.931293867494583538e-01 0.000000000000000000e+00 0.000000000000000000e+00 0.000000000000000000e+00 4.070904084821481139e-01 0.000000000000000000e+00 0.000000000000000000e+00 0.000000000000000000e+00 4.254956276308116125e-01 0.000000000000000000e+00 0.000000000000000000e+00 4.020309008264462691e-01 0.000000000000000000e+00 0.000000000000000000e+00 3.723322368421052575e-01 0.000000000000000000e+00 0.000000000000000000e+00 0.000000000000000000e+00 0.000000000000000000e+00 0.000000000000000000e+00 0.000000000000000000e+00 0.000000000000000000e+00 0.000000000000000000e+00 0.000000000000000000e+00 0.000000000000000000e+00 0.000000000000000000e+00 0.000000000000000000e+00 0.000000000000000000e+00 0.000000000000000000e+00 0.000000000000000000e+00 0.000000000000000000e+00 0.000000000000000000e+00 0.000000000000000000e+00 0.000000000000000000e+00 0.000000000000000000e+00 0.000000000000000000e+00
4.234066177804429176e-01 3.242295398823145103e-01 4.362469535644097340e-01 2.954185247767898703e-01 0.000000000000000000e+00 0.000000000000000000e+00 4.173785803608784928e-01 2.507763820575325542e-01 0.000000000000000000e+00 3.040798405021951645e-01 4.421529069767443088e-01 3.315881410201230728e-01 4.402631733333333686e-01 2.656603098868929869e-01 0.000000000000000000e+00 3.246281217613585235e-01 4.203877341049576666e-01 3.759147128519803593e-01 4.459311236489533203e-01 3.765349360008906632e-01 0.000000000000000000e+00 0.000000000000000000e+00 4.204852552655381492e-01 3.390578286201356706e-01 0.000000000000000000e+00 0.000000000000000000e+00 0.000000000000000000e+00 0.000000000000000000e+00 4.219221628614917008e-01 3.446082573110612057e-01 4.065872994048465583e-01 3.577019292824812347e-01 4.365737059485264582e-01 3.583221734159214300e-01 4.396407032085561939e-01 4.673330716230735815e-01 0.000000000000000000e+00 3.974221214503042554e-01 0.000000000000000000e+00 0.000000000000000000e+00 0.000000000000000000e+00 0.000000000000000000e+00 0.000000000000000000e+00 0.000000000000000000e+00 0.000000000000000000e+00 3.998968590122828903e-01 0.000000000000000000e+00 0.000000000000000000e+00 0.000000000000000000e+00 3.918414165694618090e-01 0.000000000000000000e+00 3.931804264707667307e-01 0.000000000000000000e+00 3.943945400314621819e-01 0.000000000000000000e+00 4.037667437417138960e-01 0.000000000000000000e+00 3.639812687769762856e-01 0.000000000000000000e+00 4.352253081475542240e-01 0.000000000000000000e+00 3.812146647903162933e-01 0.000000000000000000e+00 3.808645143025342072e-01 0.000000000000000000e+00 3.983060433486206864e-01 4.794658919716647261e-01 4.311351847231102430e-01 0.000000000000000000e+00 4.102876273499090343e-01 4.748521852777071728e-01 3.165584906764829509e-01 4.023272933333332801e-01 3.423067790638926744e-01 0.000000000000000000e+00 3.207800326454244844e-01 4.116537434528349526e-01 3.768116497639523166e-01 0.000000000000000000e+00 3.779724251012145375e-01 0.000000000000000000e+00 4.096786182585821501e-01 0.000000000000000000e+00 4.082970147058823662e-01 0.000000000000000000e+00 4.041228844088983196e-01 0.000000000000000000e+00 4.206252296296296156e-01 0.000000000000000000e+00 4.227232812568593734e-01 0.000000000000000000e+00 0.000000000000000000e+00 0.000000000000000000e+00 0.000000000000000000e+00 0.000000000000000000e+00 0.000000000000000000e+00 0.000000000000000000e+00 0.000000000000000000e+00 0.000000000000000000e+00 0.000000000000000000e+00 0.000000000000000000e+00 0.000000000000000000e+00 4.379487972972972987e-01 3.758906228070175715e-01 0.000000000000000000e+00 0.000000000000000000e+00 0.000000000000000000e+00 0.000000000000000000e+00 0.000000000000000000e+00 0.000000000000000000e+00 0.000000000000000000e+00 0.000000000000000000e+00 0.000000000000000000e+00 0.000000000000000000e+00 0.000000000000000000e+00 0.000000000000000000e+00
0.000000000000000000e+00 0.000000000000000000e+00 0.000000000000000000e+00 0.000000000000000000e+00 2.298910257223702180e-01 3.837659999999999960e-01 3.095972849508043523e-01 0.000000000000000000e+00 2.370866711922537673e-01 0.000000000000000000e+00 3.709269583333333897e-01 0.000000000000000000e+00 2.451454640739951507e-01 0.000000000000000000e+00 2.508168396238267261e-01 0.000000000000000000e+00 0.000000000000000000e+00 0.000000000000000000e+00 0.000000000000000000e+00 0.000000000000000000e+00 3.690860833333333146e-01 3.322923200000000299e-01 0.000000000000000000e+00 4.274102439024390354e-01 0.000000000000000000e+00 0.000000000000000000e+00 2.854962777777777516e-01 0.000000000000000000e+00 3.557963840117732701e-01 0.000000000000000000e+00 3.511205588235294384e-01 3.223498604651162669e-01 0.000000000000000000e+00 0.000000000000000000e+00 0.000000000000000000e+00 0.000000000000000000e+00 0.000000000000000000e+00 0.000000000000000000e+00 0.000000000000000000e+00 0.000000000000000000e+00 0.000000000000000000e+00 0.000000000000000000e+00 0.000000000000000000e+00 0.000000000000000000e+00 0.000000000000000000e+00 0.000000000000000000e+00 0.000000000000000000e+00 0.000000000000000000e+00 0.000000000000000000e+00 0.000000000000000000e+00 0.000000000000000000e+00 0.000000000000000000e+00 0.000000000000000000e+00 0.000000000000000000e+00 0.000000000000000000e+00 0.000000000000000000e+00 0.000000000000000000e+00 0.000000000000000000e+00 0.000000000000000000e+00 0.000000000000000000e+00 3.740697979797980022e-01 0.000000000000000000e+00 0.000000000000000000e+00 0.000000000000000000e+00 0.000000000000000000e+00 0.000000000000000000e+00 0.000000000000000000e+00 0.000000000000000000e+00 0.000000000000000000e+00 0.000000000000000000e+00 3.084054279506955876e-01 4.345681470588235173e-01 2.861928762835123652e-01 0.000000000000000000e+00 2.726821292023731136e-01 0.000000000000000000e+00 3.095140182341151736e-01 0.000000000000000000e+00 0.000000000000000000e+00 0.000000000000000000e+00 0.000000000000000000e+00 0.000000000000000000e+00 0.000000000000000000e+00 0.000000000000000000e+00 0.000000000000000000e+00 0.000000000000000000e+00 0.000000000000000000e+00 0.000000000000000000e+00 4.047334335664335980e-01 0.000000000000000000e+00 0.000000000000000000e+00 0.000000000000000000e+00 0.000000000000000000e+00 0.000000000000000000e+00 0.000000000000000000e+00 0.000000000000000000e+00 0.000000000000000000e+00 0.000000000000000000e+00 0.000000000000000000e+00 0.000000000000000000e+00 0.000000000000000000e+00 0.000000000000000000e+00 0.000000000000000000e+00 0.000000000000000000e+00 0.000000000000000000e+00 0.000000000000000000e+00 0.000000000000000000e+00 0.000000000000000000e+00 0.000000000000000000e+00 0.000000000000000000e+00 0.000000000000000000e+00 0.000000000000000000e+00 0.000000000000000000e+00 0.000000000000000000e+00 0.000000000000000000e+00 0.000000000000000000e+00
0.000000000000000000e+00 2.829042360135310408e-01 4.066256014718075962e-01 2.739347643865557846e-01 0.000000000000000000e+00 2.369606895611563457e-01 4.468266029411764317e-01 3.040798405021951645e-01 0.000000000000000000e+00 2.298366027266885159e-01 0.000000000000000000e+00 3.410295098039214934e-01 0.000000000000000000e+00 2.143430964464202448e-01 0.000000000000000000e+00 2.793215001783758700e-01 0.000000000000000000e+00 0.000000000000000000e+00 4.416953106796117079e-01 3.342679980437227028e-01 0.000000000000000000e+00 0.000000000000000000e+00 0.000000000000000000e+00 3.058913857148407023e-01 0.000000000000000000e+00 3.234593181818181673e-01 4.038362031746031144e-01 2.847415645833333286e-01 0.000000000000000000e+00 2.908527394920584763e-01 3.409081915845648680e-01 3.135435261904762072e-01 0.000000000000000000e+00 3.182991069260289185e-01 0.000000000000000000e+00 0.000000000000000000e+00 0.000000000000000000e+00 0.000000000000000000e+00 0.000000000000000000e+00 0.000000000000000000e+00 0.000000000000000000e+00 0.000000000000000000e+00 0.000000000000000000e+00 0.000000000000000000e+00 0.000000000000000000e+00 0.000000000000000000e+00 0.000000000000000000e+00 0.000000000000000000e+00 0.000000000000000000e+00 0.000000000000000000e+00 0.000000000000000000e+00 0.000000000000000000e+00 0.000000000000000000e+00 0.000000000000000000e+00 0.000000000000000000e+00 0.000000000000000000e+00 0.000000000000000000e+00 0.000000000000000000e+00 0.000000000000000000e+00 0.000000000000000000e+00 0.000000000000000000e+00 0.000000000000000000e+00 0.000000000000000000e+00 0.000000000000000000e+00 0.000000000000000000e+00 0.000000000000000000e+00 0.000000000000000000e+00 0.000000000000000000e+00 0.000000000000000000e+00 0.000000000000000000e+00 4.958550217391302639e-01 3.131240009140678349e-01 0.000000000000000000e+00 3.007766560718245219e-01 0.000000000000000000e+00 2.763858516596369719e-01 0.000000000000000000e+00 3.396072669424726742e-01 0.000000000000000000e+00 0.000000000000000000e+00 0.000000000000000000e+00 0.000000000000000000e+00 0.000000000000000000e+00 0.000000000000000000e+00 0.000000000000000000e+00 0.000000000000000000e+00 0.000000000000000000e+00 0.000000000000000000e+00 0.000000000000000000e+00 0.000000000000000000e+00 0.000000000000000000e+00 0.000000000000000000e+00 0.000000000000000000e+00 0.000000000000000000e+00 0.000000000000000000e+00 0.000000000000000000e+00 0.000000000000000000e+00 0.000000000000000000e+00 0.000000000000000000e+00 0.000000000000000000e+00 0.000000000000000000e+00 0.000000000000000000e+00 0.000000000000000000e+00 0.000000000000000000e+00 0.000000000000000000e+00 0.000000000000000000e+00 0.000000000000000000e+00 0.000000000000000000e+00 0.000000000000000000e+00 0.000000000000000000e+00 0.000000000000000000e+00 0.000000000000000000e+00 0.000000000000000000e+00 0.000000000000000000e+00 0.000000000000000000e+00 0.000000000000000000e+00
3.363694250437309075e-01 0.000000000000000000e+00 3.951882187200585483e-01 4.326290122664385174e-01 3.452101798010402955e-01 0.000000000000000000e+00 3.394077377022078346e-01 4.421529069767443088e-01 3.709269583333333897e-01 0.000000000000000000e+00 2.752572634700209964e-01 4.415497555555555342e-01 2.842238105966383155e-01 0.000000000000000000e+00 3.227007375466853234e-01 0.000000000000000000e+00 3.234207602525827618e-01 0.000000000000000000e+00 4.083565379071747437e-01 4.539341402074842380e-01 0.000000000000000000e+00 0.000000000000000000e+00 3.776697898204184334e-01 0.000000000000000000e+00 0.000000000000000000e+00 0.000000000000000000e+00 0.000000000000000000e+00 0.000000000000000000e+00 3.819777333200609637e-01 4.093403333333333616e-01 3.969999466403162369e-01 0.000000000000000000e+00 4.000300739054838961e-01 4.263561267605633920e-01 4.422533711824040425e-01 0.000000000000000000e+00 0.000000000000000000e+00 0.000000000000000000e+00 0.000000000000000000e+00 0.000000000000000000e+00 0.000000000000000000e+00 0.000000000000000000e+00 0.000000000000000000e+00 0.000000000000000000e+00 0.000000000000000000e+00 0.000000000000000000e+00 0.000000000000000000e+00 0.000000000000000000e+00 4.274400370370370905e-01 0.000000000000000000e+00 4.447226475479318375e-01 0.000000000000000000e+00 0.000000000000000000e+00 0.000000000000000000e+00 0.000000000000000000e+00 0.000000000000000000e+00 3.883909139607445993e-01 0.000000000000000000e+00 4.277367959767475747e-01 0.000000000000000000e+00 4.187662554768593615e-01 0.000000000000000000e+00 4.158846159815575705e-01 0.000000000000000000e+00 4.098685587419993448e-01 0.000000000000000000e+00 4.290615174419001865e-01 0.000000000000000000e+00 4.210000972222222582e-01 0.000000000000000000e+00 3.468581324894516316e-01 4.364215227272727482e-01 3.986591167105841271e-01 0.000000000000000000e+00 3.615098275862069221e-01 0.000000000000000000e+00 3.717147254901961295e-01 0.000000000000000000e+00 4.435843736643103608e-01 0.000000000000000000e+00 4.075258522364101355e-01 0.000000000000000000e+00 0.000000000000000000e+00 0.000000000000000000e+00 4.189587256156834250e-01 0.000000000000000000e+00 0.000000000000000000e+00 0.000000000000000000e+00 4.297052107955575129e-01 0.000000000000000000e+00 0.000000000000000000e+00 0.000000000000000000e+00 0.000000000000000000e+00 0.000000000000000000e+00 0.000000000000000000e+00 0.000000000000000000e+00 0.000000000000000000e+00 0.000000000000000000e+00 0.000000000000000000e+00 0.000000000000000000e+00 0.000000000000000000e+00 0.000000000000000000e+00 0.000000000000000000e+00 0.000000000000000000e+00 0.000000000000000000e+00 0.000000000000000000e+00 0.000000000000000000e+00 0.000000000000000000e+00 0.000000000000000000e+00 0.000000000000000000e+00 0.000000000000000000e+00 0.000000000000000000e+00 0.000000000000000000e+00 0.000000000000000000e+00 0.000000000000000000e+00 0.000000000000000000e+00
4.271981168811123664e-01 3.698535781594475824e-01 4.515204878048780235e-01 3.730426331435256482e-01 0.000000000000000000e+00 0.000000000000000000e+00 4.104819603599583200e-01 3.315881410201230728e-01 0.000000000000000000e+00 3.410295098039214934e-01 4.415497555555555342e-01 2.449689517902378100e-01 0.000000000000000000e+00 2.549878216851472756e-01 0.000000000000000000e+00 3.408034390315397566e-01 4.367857380952381852e-01 3.477528451291953537e-01 4.371975056977080443e-01 3.914407877679473291e-01 0.000000000000000000e+00 0.000000000000000000e+00 0.000000000000000000e+00 3.477461752224430547e-01 0.000000000000000000e+00 0.000000000000000000e+00 0.000000000000000000e+00 0.000000000000000000e+00 4.177441045300879230e-01 3.347785474551109863e-01 3.932007633000784153e-01 3.499902710597826427e-01 4.667746304347826225e-01 3.640319644311992286e-01 0.000000000000000000e+00 4.224359411764706529e-01 0.000000000000000000e+00 4.878016588235293272e-01 0.000000000000000000e+00 0.000000000000000000e+00 0.000000000000000000e+00 0.000000000000000000e+00 0.000000000000000000e+00 0.000000000000000000e+00 0.000000000000000000e+00 4.175952380828549249e-01 0.000000000000000000e+00 0.000000000000000000e+00 0.000000000000000000e+00 4.237929299296147589e-01 0.000000000000000000e+00 4.305748447277454316e-01 0.000000000000000000e+00 0.000000000000000000e+00 0.000000000000000000e+00 4.159730852713178217e-01 0.000000000000000000e+00 3.861903752973340764e-01 0.000000000000000000e+00 4.364102289485967678e-01 0.000000000000000000e+00 4.063339152852369907e-01 0.000000000000000000e+00 3.968701682542922216e-01 0.000000000000000000e+00 4.175071128968394496e-01 5.252811736150367894e-01 4.459622563806124318e-01 0.000000000000000000e+00 4.000186548611111004e-01 3.948092307692307457e-01 3.295216583470590987e-01 0.000000000000000000e+00 3.385417951228149591e-01 0.000000000000000000e+00 0.000000000000000000e+00 0.000000000000000000e+00 3.868726436268885016e-01 0.000000000000000000e+00 4.280512210397789397e-01 0.000000000000000000e+00 4.262793278345520243e-01 0.000000000000000000e+00 0.000000000000000000e+00 0.000000000000000000e+00 4.467411487261490066e-01 0.000000000000000000e+00 0.000000000000000000e+00 0.000000000000000000e+00 4.578747090466789293e-01 0.000000000000000000e+00 0.000000000000000000e+00 0.000000000000000000e+00 0.000000000000000000e+00 0.000000000000000000e+00 0.000000000000000000e+00 0.000000000000000000e+00 0.000000000000000000e+00 0.000000000000000000e+00 0.000000000000000000e+00 0.000000000000000000e+00 0.000000000000000000e+00 0.000000000000000000e+00 0.000000000000000000e+00 0.000000000000000000e+00 0.000000000000000000e+00 0.000000000000000000e+00 4.514927816091952040e-01 0.000000000000000000e+00 0.000000000000000000e+00 0.000000000000000000e+00 0.000000000000000000e+00 0.000000000000000000e+00 0.000000000000000000e+00 0.000000000000000000e+00 0.000000000000000000e+00
3.481964279118480721e-01 0.000000000000000000e+00 3.439815954804611442e-01 4.100856802704072046e-01 3.073092069923484826e-01 4.284132820512820405e-01 3.007677373238555885e-01 4.402631733333333686e-01 2.451454640739951507e-01 0.000000000000000000e+00 2.842238105966383155e-01 0.000000000000000000e+00 2.353350021228068356e-01 0.000000000000000000e+00 2.561179915298085752e-01 0.000000000000000000e+00 3.964230017063601341e-01 0.000000000000000000e+00 3.788831882726924616e-01 0.000000000000000000e+00 0.000000000000000000e+00 0.000000000000000000e+00 3.346711592651354650e-01 4.341549544489947676e-01 0.000000000000000000e+00 0.000000000000000000e+00 0.000000000000000000e+00 0.000000000000000000e+00 3.377408427518306944e-01 0.000000000000000000e+00 3.641503833971088122e-01 4.112896075999970535e-01 3.831453994264972240e-01 4.003705063652326368e-01 3.992248712871286909e-01 0.000000000000000000e+00 0.000000000000000000e+00 0.000000000000000000e+00 0.000000000000000000e+00 0.000000000000000000e+00 0.000000000000000000e+00 0.000000000000000000e+00 0.000000000000000000e+00 0.000000000000000000e+00 0.000000000000000000e+00 0.000000000000000000e+00 0.000000000000000000e+00 0.000000000000000000e+00 4.325040008904252886e-01 0.000000000000000000e+00 3.977464810727661115e-01 0.000000000000000000e+00 0.000000000000000000e+00 0.000000000000000000e+00 4.590765774647887487e-01 0.000000000000000000e+00 3.869062267701762203e-01 0.000000000000000000e+00 4.234895626895854859e-01 0.000000000000000000e+00 4.061808526838832645e-01 0.000000000000000000e+00 3.970511677542729045e-01 0.000000000000000000e+00 3.939685175405905904e-01 0.000000000000000000e+00 4.132557999617368916e-01 0.000000000000000000e+00 4.278667333333332490e-01 0.000000000000000000e+00 2.950709461267875811e-01 4.739130000000000287e-01 3.342611316572627889e-01 0.000000000000000000e+00 3.182807169885957244e-01 0.000000000000000000e+00 3.648026105903984240e-01 0.000000000000000000e+00 3.943015245650082767e-01 0.000000000000000000e+00 3.845917365034249857e-01 0.000000000000000000e+00 0.000000000000000000e+00 0.000000000000000000e+00 3.985100200248298807e-01 0.000000000000000000e+00 0.000000000000000000e+00 0.000000000000000000e+00 4.115643876421771208e-01 0.000000000000000000e+00 0.000000000000000000e+00 0.000000000000000000e+00 0.000000000000000000e+00 0.000000000000000000e+00 3.720728333333332971e-01 0.000000000000000000e+00 0.000000000000000000e+00 0.000000000000000000e+00 0.000000000000000000e+00 0.000000000000000000e+00 0.000000000000000000e+00 0.000000000000000000e+00 0.000000000000000000e+00 0.000000000000000000e+00 0.000000000000000000e+00 0.000000000000000000e+00 0.000000000000000000e+00 0.000000000000000000e+00 0.000000000000000000e+00 0.000000000000000000e+00 0.000000000000000000e+00 0.000000000000000000e+00 0.000000000000000000e+00 0.000000000000000000e+00 0.000000000000000000e+00 0.000000000000000000e+00
