2.885510612596262625e-01 4.833276234047480524e-01 3.767259984876128454e-01 4.893832566628191216e-01 4.095584826678367873e-01 0.000000000000000000e+00 3.464274408071854605e-01 4.458848094874537371e-01 3.809590656818974685e-01 0.000000000000000000e+00 3.061286073248140616e-01 4.436693448275862428e-01 3.679041447812700372e-01 0.000000000000000000e+00 4.032315809629897219e-01 0.000000000000000000e+00 3.077953900161738421e-01 4.675792281121751159e-01 4.037964720038215161e-01 4.994949020215033730e-01 0.000000000000000000e+00 0.000000000000000000e+00 4.265504799753999099e-01 0.000000000000000000e+00 3.820992136752137114e-01 0.000000000000000000e+00 4.211540737704917436e-01 0.000000000000000000e+00 4.187649208814891444e-01 0.000000000000000000e+00 4.363676894800795902e-01 0.000000000000000000e+00 4.780194243482677185e-01 4.855351003575261726e-01 0.000000000000000000e+00 0.000000000000000000e+00 5.307813569201459414e-01 0.000000000000000000e+00 4.873229315068492995e-01 0.000000000000000000e+00 4.769803098213594161e-01 0.000000000000000000e+00 4.572501031746031286e-01 0.000000000000000000e+00 4.289397771293864681e-01 0.000000000000000000e+00 4.688084444444444165e-01 0.000000000000000000e+00 4.293512791645711091e-01 4.754698214285714153e-01 4.360280949008816798e-01 5.062058230769230782e-01 0.000000000000000000e+00 0.000000000000000000e+00 4.684333990538143144e-01 0.000000000000000000e+00 3.311362946236873772e-01 5.483541485148514250e-01 4.455083052556355616e-01 0.000000000000000000e+00 4.256763235885518970e-01 0.000000000000000000e+00 3.457166050543761249e-01 0.000000000000000000e+00 4.442372346369664604e-01 5.019911287128713262e-01 4.377973558297650336e-01 5.351709541827540662e-01 3.608928125210488225e-01 5.501102490513967158e-01 3.703589394819437608e-01 4.677118886369035500e-01 4.008640853597904563e-01 4.634244123253679071e-01 0.000000000000000000e+00 0.000000000000000000e+00 4.026677596770669720e-01 4.444330760438624517e-01 0.000000000000000000e+00 0.000000000000000000e+00 3.749646336278998904e-01 0.000000000000000000e+00 0.000000000000000000e+00 0.000000000000000000e+00 4.524038903294514413e-01 0.000000000000000000e+00 4.902327711864406523e-01 0.000000000000000000e+00 4.686809079669256861e-01 0.000000000000000000e+00 4.841825004863564708e-01 4.916801381229716772e-01 4.560812807152188619e-01 3.709502307692307821e-01 4.615480634497471368e-01 0.000000000000000000e+00 4.924410686379927515e-01 0.000000000000000000e+00 4.852332162114754155e-01 4.996740454394680842e-01 4.730943089430894033e-01 0.000000000000000000e+00 4.901073720751198404e-01 4.496130566037734866e-01 4.776937835203876603e-01 0.000000000000000000e+00 5.248904884148207772e-01 0.000000000000000000e+00 0.000000000000000000e+00 0.000000000000000000e+00 5.253072512071992328e-01 0.000000000000000000e+00 0.000000000000000000e+00 4.460941017151540677e-01 0.000000000000000000e+00 0.000000000000000000e+00
4.833276234047480524e-01 2.911802187238144990e-01 4.849733739527995469e-01 3.502856640817296752e-01 0.000000000000000000e+00 0.000000000000000000e+00 4.632325682359934582e-01 3.274853767769513868e-01 0.000000000000000000e+00 4.023638339903244376e-01 0.000000000000000000e+00 3.520524681174734272e-01 4.432480769230768836e-01 4.100706798916735063e-01 0.000000000000000000e+00 4.235707929460484911e-01 0.000000000000000000e+00 3.458453651769649029e-01 5.062314626985660038e-01 3.756276081501365161e-01 0.000000000000000000e+00 0.000000000000000000e+00 0.000000000000000000e+00 4.500032668603097807e-01 0.000000000000000000e+00 0.000000000000000000e+00 0.000000000000000000e+00 0.000000000000000000e+00 0.000000000000000000e+00 4.473230869129214970e-01 4.375684739057239536e-01 4.894215591846113322e-01 4.974035403882511308e-01 4.575550068648766011e-01 0.000000000000000000e+00 0.000000000000000000e+00 5.191025871559632465e-01 5.186272007731642653e-01 0.000000000000000000e+00 4.820497897627619710e-01 0.000000000000000000e+00 4.131511399999999168e-01 0.000000000000000000e+00 0.000000000000000000e+00 0.000000000000000000e+00 0.000000000000000000e+00 0.000000000000000000e+00 4.100065565217391739e-01 0.000000000000000000e+00 4.524559388134734572e-01 0.000000000000000000e+00 4.281552664109523620e-01 0.000000000000000000e+00 0.000000000000000000e+00 0.000000000000000000e+00 4.557670804597700465e-01 0.000000000000000000e+00 3.452078018816708838e-01 0.000000000000000000e+00 4.334269781838724911e-01 0.000000000000000000e+00 4.157387918450833331e-01 0.000000000000000000e+00 3.995713553602641133e-01 0.000000000000000000e+00 4.263928192562861375e-01 5.283120574712644180e-01 4.464343044740273769e-01 5.221313905428731639e-01 3.438886115350960893e-01 4.614084912280702055e-01 4.019058308925438916e-01 0.000000000000000000e+00 4.180428267066076953e-01 0.000000000000000000e+00 3.944802602739725939e-01 0.000000000000000000e+00 4.036684017492271903e-01 0.000000000000000000e+00 0.000000000000000000e+00 5.015591530612244497e-01 3.996778854545455228e-01 0.000000000000000000e+00 3.701923661904762408e-01 0.000000000000000000e+00 4.413466343374295997e-01 0.000000000000000000e+00 0.000000000000000000e+00 0.000000000000000000e+00 4.531204635740320730e-01 4.556916222222221480e-01 5.049027817272735419e-01 0.000000000000000000e+00 4.753794345999630688e-01 0.000000000000000000e+00 4.677653647701638384e-01 5.492194536231883584e-01 5.282101267965332303e-01 4.973268931888545907e-01 5.237367784867152931e-01 0.000000000000000000e+00 4.636391007194244906e-01 5.273152998529804236e-01 4.728679630625484132e-01 0.000000000000000000e+00 4.188540287909887083e-01 5.340622718446602635e-01 4.904359451801997838e-01 0.000000000000000000e+00 4.512612473007246439e-01 4.694973389830509047e-01 4.961647055993001487e-01 0.000000000000000000e+00 4.171042553191488533e-01 0.000000000000000000e+00 0.000000000000000000e+00
3.767259984876128454e-01 4.849733739527995469e-01 2.716818825565566753e-01 4.522552138705828173e-01 2.586914026322914562e-01 4.103227791038537853e-01 3.015086164558171689e-01 4.354990946553247144e-01 2.194737999003968931e-01 4.253330932562534028e-01 3.928473941443253459e-01 4.548348338815579872e-01 3.690975768166469551e-01 0.000000000000000000e+00 3.183086252665544014e-01 4.721596973684210052e-01 4.157754932749340160e-01 4.880034782717281860e-01 3.071548351347571093e-01 4.962632896049393172e-01 3.278596386338185620e-01 3.892045285714285652e-01 2.279000809780291903e-01 4.331979663380969292e-01 2.265309601590453359e-01 4.012967294446761479e-01 3.521304456468271615e-01 3.971405734579893099e-01 3.936697859517837572e-01 4.690010828455283831e-01 3.916914530828202734e-01 4.090546263947944516e-01 4.357676542874330816e-01 4.852680150331904474e-01 4.503794938271604154e-01 4.775049339622641775e-01 4.875198219399109467e-01 0.000000000000000000e+00 0.000000000000000000e+00 0.000000000000000000e+00 4.113109659999968915e-01 0.000000000000000000e+00 0.000000000000000000e+00 0.000000000000000000e+00 4.081113902439024166e-01 0.000000000000000000e+00 0.000000000000000000e+00 0.000000000000000000e+00 4.560737250834002721e-01 0.000000000000000000e+00 4.239469745694953717e-01 0.000000000000000000e+00 0.000000000000000000e+00 0.000000000000000000e+00 4.211904042553191729e-01 0.000000000000000000e+00 4.146471534026943129e-01 0.000000000000000000e+00 4.571759875962093100e-01 5.024451673867504908e-01 4.366651039095489906e-01 0.000000000000000000e+00 4.070248776477648489e-01 0.000000000000000000e+00 4.090214862805181539e-01 0.000000000000000000e+00 4.447967714319996380e-01 0.000000000000000000e+00 3.609508218990595818e-01 0.000000000000000000e+00 3.959640974154038373e-01 4.708322951724795979e-01 3.989737099463492864e-01 4.735230362845315177e-01 4.309117937527448539e-01 0.000000000000000000e+00 4.195035810749445648e-01 4.319293546593176991e-01 0.000000000000000000e+00 0.000000000000000000e+00 4.492875212344755731e-01 0.000000000000000000e+00 0.000000000000000000e+00 0.000000000000000000e+00 4.327414939744982925e-01 0.000000000000000000e+00 4.246142391304346675e-01 0.000000000000000000e+00 4.436253737642108508e-01 0.000000000000000000e+00 4.601156225191268545e-01 4.933112260203137422e-01 4.381986829451820498e-01 0.000000000000000000e+00 4.838456126031479565e-01 0.000000000000000000e+00 5.222598200000000412e-01 0.000000000000000000e+00 4.754771031746032328e-01 4.629028130081300763e-01 4.610688617886178342e-01 0.000000000000000000e+00 4.751599232273337470e-01 4.768224522999223169e-01 4.827599115391993934e-01 4.145653828124999940e-01 4.699493203883494674e-01 0.000000000000000000e+00 0.000000000000000000e+00 0.000000000000000000e+00 0.000000000000000000e+00 0.000000000000000000e+00 0.000000000000000000e+00 4.586858073322190865e-01 0.000000000000000000e+00 0.000000000000000000e+00
4.893832566628191216e-01 3.502856640817296752e-01 4.522552138705828173e-01 2.612377019062112615e-01 4.153147464530063115e-01 1.583120014802008590e-01 4.356669739448025269e-01 3.088405997244699774e-01 4.345278452187075202e-01 3.021365217616335253e-01 0.000000000000000000e+00 4.095976845521930310e-01 4.174252753623188261e-01 3.671062464115482094e-01 4.196932006917104552e-01 3.436604489786981298e-01 0.000000000000000000e+00 4.151877566517048201e-01 4.908604967928655305e-01 3.011211548271912064e-01 0.000000000000000000e+00 0.000000000000000000e+00 4.441324474584971149e-01 2.337481529120804258e-01 4.251456882921516578e-01 2.289588320546961375e-01 0.000000000000000000e+00 0.000000000000000000e+00 0.000000000000000000e+00 3.709139127455285956e-01 4.209575540393685755e-01 3.180843437551097441e-01 4.870246031829462696e-01 4.222533146146801308e-01 0.000000000000000000e+00 4.894077785803044867e-01 0.000000000000000000e+00 4.734103176088271803e-01 0.000000000000000000e+00 4.596832735509007173e-01 0.000000000000000000e+00 4.502853484433121944e-01 0.000000000000000000e+00 0.000000000000000000e+00 0.000000000000000000e+00 4.474754816573865424e-01 0.000000000000000000e+00 4.519908571428570832e-01 5.007971284916200583e-01 4.893709225943904673e-01 0.000000000000000000e+00 4.623670101230848983e-01 0.000000000000000000e+00 0.000000000000000000e+00 0.000000000000000000e+00 0.000000000000000000e+00 4.734367596153846169e-01 4.160399296527699242e-01 4.756088833648990377e-01 4.457076620842914116e-01 0.000000000000000000e+00 4.226285497995844187e-01 0.000000000000000000e+00 4.233809305555555347e-01 0.000000000000000000e+00 4.291831430189911867e-01 0.000000000000000000e+00 4.775291074710971695e-01 5.049145299321889935e-01 4.113566015902609951e-01 4.621433459810021516e-01 4.050217089769493906e-01 0.000000000000000000e+00 4.061226033276937875e-01 0.000000000000000000e+00 4.293005868480725962e-01 3.937636270270269967e-01 4.187303006221069768e-01 0.000000000000000000e+00 0.000000000000000000e+00 0.000000000000000000e+00 4.156975327102803153e-01 0.000000000000000000e+00 4.054870829079103567e-01 0.000000000000000000e+00 4.422592125024883414e-01 0.000000000000000000e+00 0.000000000000000000e+00 0.000000000000000000e+00 4.226689466101695714e-01 4.906414081632653468e-01 4.740491161754928351e-01 0.000000000000000000e+00 4.564077877575504760e-01 4.819328181818182122e-01 4.510156402063962844e-01 0.000000000000000000e+00 4.372281347517730787e-01 4.606751216727716369e-01 4.473188389830509148e-01 0.000000000000000000e+00 0.000000000000000000e+00 4.397378410437091656e-01 4.520474167654857101e-01 0.000000000000000000e+00 0.000000000000000000e+00 0.000000000000000000e+00 0.000000000000000000e+00 0.000000000000000000e+00 0.000000000000000000e+00 4.598923410852712723e-01 4.377070650406504337e-01 0.000000000000000000e+00 0.000000000000000000e+00 4.726168596491228668e-01 0.000000000000000000e+00
4.095584826678367873e-01 0.000000000000000000e+00 2.586914026322914562e-01 4.153147464530063115e-01 2.742255561382218598e-01 4.065049992172146132e-01 3.268989088519880792e-01 4.425306945751201759e-01 2.917861532895246746e-01 4.282286362769824883e-01 3.919906930229872799e-01 0.000000000000000000e+00 3.687585059353533645e-01 0.000000000000000000e+00 3.230734376608798697e-01 0.000000000000000000e+00 0.000000000000000000e+00 0.000000000000000000e+00 4.078653220161500559e-01 4.433874740740739728e-01 3.847627078721045923e-01 3.790483199999999941e-01 1.849945137580279730e-01 4.154591457546905620e-01 2.248960360052408847e-01 4.222183872768580648e-01 3.600111970845434883e-01 4.676387242822965806e-01 3.852492056917504737e-01 0.000000000000000000e+00 3.893899286278060812e-01 4.121859249948779391e-01 4.470093661448141242e-01 0.000000000000000000e+00 0.000000000000000000e+00 0.000000000000000000e+00 0.000000000000000000e+00 0.000000000000000000e+00 0.000000000000000000e+00 0.000000000000000000e+00 0.000000000000000000e+00 0.000000000000000000e+00 4.898591913719075874e-01 0.000000000000000000e+00 0.000000000000000000e+00 0.000000000000000000e+00 4.859421421494383164e-01 0.000000000000000000e+00 4.517240799999999723e-01 0.000000000000000000e+00 4.463893639865391672e-01 0.000000000000000000e+00 0.000000000000000000e+00 0.000000000000000000e+00 0.000000000000000000e+00 0.000000000000000000e+00 4.239137103338210255e-01 0.000000000000000000e+00 0.000000000000000000e+00 0.000000000000000000e+00 4.067441757215706777e-01 0.000000000000000000e+00 4.267566512246502297e-01 0.000000000000000000e+00 4.486586854838709448e-01 0.000000000000000000e+00 4.131972612612613283e-01 0.000000000000000000e+00 4.558668991327912701e-01 0.000000000000000000e+00 3.890475923073881681e-01 4.178808919755374052e-01 4.006782790699778829e-01 0.000000000000000000e+00 0.000000000000000000e+00 0.000000000000000000e+00 4.069568066939036610e-01 0.000000000000000000e+00 0.000000000000000000e+00 0.000000000000000000e+00 4.361274872295196059e-01 0.000000000000000000e+00 4.468734204918033415e-01 0.000000000000000000e+00 4.329973513124473206e-01 0.000000000000000000e+00 4.215743604166666270e-01 0.000000000000000000e+00 4.272927435215885805e-01 0.000000000000000000e+00 0.000000000000000000e+00 0.000000000000000000e+00 0.000000000000000000e+00 0.000000000000000000e+00 4.185778333333333157e-01 0.000000000000000000e+00 0.000000000000000000e+00 0.000000000000000000e+00 0.000000000000000000e+00 0.000000000000000000e+00 0.000000000000000000e+00 0.000000000000000000e+00 0.000000000000000000e+00 0.000000000000000000e+00 4.365180593220339689e-01 0.000000000000000000e+00 0.000000000000000000e+00 0.000000000000000000e+00 0.000000000000000000e+00 0.000000000000000000e+00 0.000000000000000000e+00 0.000000000000000000e+00 0.000000000000000000e+00 0.000000000000000000e+00 0.000000000000000000e+00 0.000000000000000000e+00
0.000000000000000000e+00 0.000000000000000000e+00 4.103227791038537853e-01 1.583120014802008590e-01 4.065049992172146132e-01 2.255620681573615172e-01 4.018220460798175853e-01 3.207091322737817274e-01 3.807591837047638594e-01 2.253300590105953571e-01 0.000000000000000000e+00 3.722641646096349066e-01 0.000000000000000000e+00 3.544680499599269785e-01 4.190317375760924112e-01 3.058247725818200591e-01 0.000000000000000000e+00 0.000000000000000000e+00 0.000000000000000000e+00 3.729983271400774680e-01 0.000000000000000000e+00 2.569496600792454122e-01 4.219463527083164855e-01 1.823576781869273578e-01 4.125444971281621576e-01 2.516527939230430722e-01 4.318413781079923908e-01 2.924557184830391399e-01 0.000000000000000000e+00 3.591607294564720942e-01 3.923578822240402220e-01 2.915531279627447403e-01 0.000000000000000000e+00 3.479553472619587029e-01 0.000000000000000000e+00 0.000000000000000000e+00 0.000000000000000000e+00 0.000000000000000000e+00 0.000000000000000000e+00 0.000000000000000000e+00 0.000000000000000000e+00 0.000000000000000000e+00 0.000000000000000000e+00 0.000000000000000000e+00 0.000000000000000000e+00 0.000000000000000000e+00 0.000000000000000000e+00 0.000000000000000000e+00 0.000000000000000000e+00 0.000000000000000000e+00 0.000000000000000000e+00 4.768773457943925043e-01 0.000000000000000000e+00 0.000000000000000000e+00 0.000000000000000000e+00 4.403109473684210795e-01 0.000000000000000000e+00 4.782705000000000428e-01 0.000000000000000000e+00 0.000000000000000000e+00 0.000000000000000000e+00 3.798035396825397148e-01 0.000000000000000000e+00 0.000000000000000000e+00 0.000000000000000000e+00 4.188261376441670958e-01 0.000000000000000000e+00 4.608938514851484980e-01 0.000000000000000000e+00 4.526292045454545221e-01 4.685919622790582495e-01 3.943712768650587952e-01 0.000000000000000000e+00 3.894236439046879217e-01 0.000000000000000000e+00 3.854467254901960960e-01 0.000000000000000000e+00 3.687253371363896637e-01 0.000000000000000000e+00 0.000000000000000000e+00 0.000000000000000000e+00 4.062371149053439212e-01 0.000000000000000000e+00 0.000000000000000000e+00 0.000000000000000000e+00 4.215679753487253656e-01 0.000000000000000000e+00 3.866541825649178477e-01 0.000000000000000000e+00 4.430736317972350236e-01 3.920516307692307745e-01 0.000000000000000000e+00 0.000000000000000000e+00 0.000000000000000000e+00 0.000000000000000000e+00 0.000000000000000000e+00 0.000000000000000000e+00 0.000000000000000000e+00 0.000000000000000000e+00 0.000000000000000000e+00 0.000000000000000000e+00 0.000000000000000000e+00 0.000000000000000000e+00 0.000000000000000000e+00 0.000000000000000000e+00 0.000000000000000000e+00 0.000000000000000000e+00 0.000000000000000000e+00 0.000000000000000000e+00 0.000000000000000000e+00 0.000000000000000000e+00 0.000000000000000000e+00 0.000000000000000000e+00 0.000000000000000000e+00 0.000000000000000000e+00 0.000000000000000000e+00
3.464274408071854605e-01 4.632325682359934582e-01 3.015086164558171689e-01 4.356669739448025269e-01 3.268989088519880792e-01 4.018220460798175853e-01 2.764738028643741741e-01 4.355262559170317016e-01 2.824688967187884980e-01 4.266622058113928029e-01 3.474193239953949908e-01 5.024135405405405486e-01 3.167627451197780886e-01 0.000000000000000000e+00 3.179587184585527249e-01 0.000000000000000000e+00 3.960370564528294390e-01 0.000000000000000000e+00 4.090681858123360604e-01 4.729133994810170161e-01 3.735021749999999918e-01 0.000000000000000000e+00 3.281575437513993831e-01 4.154942165664852749e-01 3.484063245319368174e-01 3.512543957003546602e-01 3.777106166634136564e-01 0.000000000000000000e+00 3.710945376758184588e-01 4.662885574574954783e-01 3.837027320023482235e-01 4.068236058897998775e-01 4.292257675794227678e-01 4.436608982515413135e-01 0.000000000000000000e+00 5.037150674157304664e-01 4.715242412052492726e-01 0.000000000000000000e+00 0.000000000000000000e+00 0.000000000000000000e+00 4.372755135199241083e-01 0.000000000000000000e+00 4.344585045045044058e-01 0.000000000000000000e+00 4.148634287196015236e-01 0.000000000000000000e+00 4.627969738176325731e-01 0.000000000000000000e+00 4.190449639841200558e-01 0.000000000000000000e+00 4.198671293604600008e-01 0.000000000000000000e+00 0.000000000000000000e+00 0.000000000000000000e+00 4.363518596545984396e-01 0.000000000000000000e+00 4.162483106807020605e-01 0.000000000000000000e+00 4.185563770818109264e-01 4.954567392418970928e-01 4.169582890453261137e-01 4.401543166666666562e-01 3.893894242512546677e-01 0.000000000000000000e+00 4.309700744895801905e-01 0.000000000000000000e+00 4.272172119976575533e-01 0.000000000000000000e+00 4.273724975304371565e-01 0.000000000000000000e+00 3.695472360090738539e-01 4.435744894038724517e-01 3.969491276965080861e-01 4.463257902396809418e-01 4.009853250373448530e-01 0.000000000000000000e+00 4.084786646082393946e-01 4.543775051546392052e-01 4.408516078431371499e-01 0.000000000000000000e+00 3.970089132853055203e-01 0.000000000000000000e+00 0.000000000000000000e+00 0.000000000000000000e+00 4.315945645689386878e-01 0.000000000000000000e+00 4.782829171974522509e-01 0.000000000000000000e+00 4.499953008248773756e-01 0.000000000000000000e+00 4.537933683553069253e-01 0.000000000000000000e+00 4.507650429487179422e-01 4.502321865671641277e-01 4.552302032578544044e-01 0.000000000000000000e+00 4.927909157894735936e-01 4.973987657657658046e-01 4.469292956521738747e-01 0.000000000000000000e+00 0.000000000000000000e+00 0.000000000000000000e+00 4.511350969987575898e-01 4.683771553146036104e-01 4.995238224299065610e-01 0.000000000000000000e+00 0.000000000000000000e+00 0.000000000000000000e+00 0.000000000000000000e+00 0.000000000000000000e+00 0.000000000000000000e+00 4.288474473684211197e-01 0.000000000000000000e+00 0.000000000000000000e+00 0.000000000000000000e+00 0.000000000000000000e+00
4.458848094874537371e-01 3.274853767769513868e-01 4.354990946553247144e-01 3.088405997244699774e-01 4.425306945751201759e-01 3.207091322737817274e-01 4.355262559170317016e-01 2.701487520159094324e-01 3.858497835051545310e-01 3.030571579083838341e-01 0.000000000000000000e+00 3.270526302162767296e-01 4.075881630563336633e-01 2.680191233970787845e-01 0.000000000000000000e+00 3.173942592527451700e-01 0.000000000000000000e+00 3.988147498001785585e-01 4.628116675247128664e-01 3.951892589564902081e-01 0.000000000000000000e+00 0.000000000000000000e+00 4.307065399157063434e-01 3.670820656241010060e-01 4.489303683961146652e-01 3.293841296986291245e-01 0.000000000000000000e+00 3.698402805324865206e-01 0.000000000000000000e+00 3.541950048065219958e-01 3.999022164730737794e-01 3.633052537801749748e-01 4.543215648681948604e-01 3.944036827294187808e-01 0.000000000000000000e+00 4.747009878048780163e-01 0.000000000000000000e+00 4.515892744208900855e-01 0.000000000000000000e+00 4.580320578881204030e-01 0.000000000000000000e+00 4.434511924762154500e-01 0.000000000000000000e+00 4.799426217647058679e-01 0.000000000000000000e+00 4.701430633561642924e-01 0.000000000000000000e+00 0.000000000000000000e+00 0.000000000000000000e+00 4.555235507940281203e-01 0.000000000000000000e+00 4.305596855893366048e-01 0.000000000000000000e+00 0.000000000000000000e+00 0.000000000000000000e+00 4.262334336922252165e-01 4.604660769230768391e-01 4.197678379405623827e-01 5.013618965517241399e-01 4.363018198508691325e-01 0.000000000000000000e+00 4.173298404023019770e-01 0.000000000000000000e+00 4.040640837340337965e-01 0.000000000000000000e+00 4.204190717540430833e-01 5.031433311688311427e-01 4.575642901671267970e-01 0.000000000000000000e+00 4.825173297678538864e-01 4.415747841324087486e-01 3.701884655219376263e-01 4.202121752136752098e-01 3.918720650454984300e-01 0.000000000000000000e+00 0.000000000000000000e+00 4.502140142857143368e-01 4.083053773725097146e-01 0.000000000000000000e+00 0.000000000000000000e+00 0.000000000000000000e+00 4.168206318163491519e-01 0.000000000000000000e+00 3.961638777412280765e-01 0.000000000000000000e+00 4.413782119085400413e-01 0.000000000000000000e+00 0.000000000000000000e+00 0.000000000000000000e+00 4.435550925683628964e-01 4.020262313432835799e-01 4.616165607836089091e-01 4.342404838709677528e-01 4.502886746031746767e-01 4.689236172344216080e-01 4.444379653521584039e-01 4.967908000000000324e-01 4.597308759940744727e-01 4.470266097560975926e-01 4.525587542372880301e-01 0.000000000000000000e+00 0.000000000000000000e+00 4.110449459459458721e-01 4.519015295286016864e-01 4.586659052631579248e-01 0.000000000000000000e+00 0.000000000000000000e+00 0.000000000000000000e+00 0.000000000000000000e+00 0.000000000000000000e+00 0.000000000000000000e+00 0.000000000000000000e+00 0.000000000000000000e+00 0.000000000000000000e+00 0.000000000000000000e+00 0.000000000000000000e+00
3.809590656818974685e-01 0.000000000000000000e+00 2.194737999003968931e-01 4.345278452187075202e-01 2.917861532895246746e-01 3.807591837047638594e-01 2.824688967187884980e-01 3.858497835051545310e-01 2.271381239246516304e-01 0.000000000000000000e+00 3.738164088160613185e-01 0.000000000000000000e+00 2.968221347010153721e-01 0.000000000000000000e+00 2.669218739603420043e-01 0.000000000000000000e+00 3.987301702556022009e-01 0.000000000000000000e+00 4.115183343202595267e-01 0.000000000000000000e+00 3.919594452561327436e-01 0.000000000000000000e+00 3.639307388947518040e-01 3.957825733963905024e-01 3.556821839503409022e-01 4.144329945567197804e-01 3.988103745262994160e-01 4.627578947368422568e-01 3.870461647929693272e-01 0.000000000000000000e+00 4.117993766132547195e-01 4.219621532008930864e-01 0.000000000000000000e+00 0.000000000000000000e+00 0.000000000000000000e+00 0.000000000000000000e+00 4.530638512380573135e-01 0.000000000000000000e+00 0.000000000000000000e+00 0.000000000000000000e+00 0.000000000000000000e+00 0.000000000000000000e+00 4.957409075630251905e-01 0.000000000000000000e+00 3.787211461538461665e-01 0.000000000000000000e+00 0.000000000000000000e+00 0.000000000000000000e+00 0.000000000000000000e+00 0.000000000000000000e+00 4.321817096720192430e-01 0.000000000000000000e+00 0.000000000000000000e+00 0.000000000000000000e+00 0.000000000000000000e+00 0.000000000000000000e+00 3.815025124916722188e-01 0.000000000000000000e+00 4.799289173553719090e-01 0.000000000000000000e+00 4.276392634132811232e-01 0.000000000000000000e+00 0.000000000000000000e+00 0.000000000000000000e+00 4.270305058738413373e-01 0.000000000000000000e+00 3.748448842975206641e-01 0.000000000000000000e+00 4.489801217276560008e-01 0.000000000000000000e+00 3.625041660655127784e-01 4.601044468085105921e-01 4.007002382733547141e-01 0.000000000000000000e+00 0.000000000000000000e+00 0.000000000000000000e+00 3.970270237422212634e-01 0.000000000000000000e+00 0.000000000000000000e+00 0.000000000000000000e+00 4.231933788117268613e-01 0.000000000000000000e+00 4.580650416666666724e-01 0.000000000000000000e+00 4.169419662053928111e-01 0.000000000000000000e+00 4.172009589041095756e-01 0.000000000000000000e+00 4.606031721974103710e-01 0.000000000000000000e+00 0.000000000000000000e+00 0.000000000000000000e+00 0.000000000000000000e+00 0.000000000000000000e+00 0.000000000000000000e+00 0.000000000000000000e+00 4.249332765957445912e-01 0.000000000000000000e+00 0.000000000000000000e+00 0.000000000000000000e+00 0.000000000000000000e+00 0.000000000000000000e+00 0.000000000000000000e+00 0.000000000000000000e+00 0.000000000000000000e+00 0.000000000000000000e+00 0.000000000000000000e+00 0.000000000000000000e+00 0.000000000000000000e+00 0.000000000000000000e+00 0.000000000000000000e+00 0.000000000000000000e+00 0.000000000000000000e+00 0.000000000000000000e+00 0.000000000000000000e+00 0.000000000000000000e+00
0.000000000000000000e+00 4.023638339903244376e-01 4.253330932562534028e-01 3.021365217616335253e-01 4.282286362769824883e-01 2.253300590105953571e-01 4.266622058113928029e-01 3.030571579083838341e-01 0.000000000000000000e+00 2.671869326713787740e-01 0.000000000000000000e+00 3.831526269271927077e-01 0.000000000000000000e+00 3.535336438665576120e-01 0.000000000000000000e+00 3.415207357078129946e-01 0.000000000000000000e+00 4.320269469943627261e-01 0.000000000000000000e+00 3.908346422614709659e-01 0.000000000000000000e+00 0.000000000000000000e+00 4.289741542505365879e-01 3.417944508646010848e-01 4.322499599027856965e-01 3.584383456790123379e-01 4.884580256410255283e-01 2.224521155772850312e-01 0.000000000000000000e+00 4.060524204025696693e-01 4.060112924242267884e-01 3.557897405620965570e-01 0.000000000000000000e+00 0.000000000000000000e+00 0.000000000000000000e+00 0.000000000000000000e+00 0.000000000000000000e+00 4.448549463745271049e-01 0.000000000000000000e+00 0.000000000000000000e+00 0.000000000000000000e+00 0.000000000000000000e+00 0.000000000000000000e+00 0.000000000000000000e+00 0.000000000000000000e+00 0.000000000000000000e+00 0.000000000000000000e+00 0.000000000000000000e+00 0.000000000000000000e+00 0.000000000000000000e+00 0.000000000000000000e+00 0.000000000000000000e+00 0.000000000000000000e+00 0.000000000000000000e+00 0.000000000000000000e+00 4.773856081081080949e-01 0.000000000000000000e+00 4.401535458877780527e-01 0.000000000000000000e+00 0.000000000000000000e+00 0.000000000000000000e+00 4.120001532846715442e-01 0.000000000000000000e+00 4.108487412878788492e-01 0.000000000000000000e+00 4.086057614190216625e-01 0.000000000000000000e+00 0.000000000000000000e+00 0.000000000000000000e+00 4.387173237410071924e-01 4.741491415794064079e-01 3.663832935630292331e-01 0.000000000000000000e+00 4.202501636093916026e-01 0.000000000000000000e+00 4.012973439393938691e-01 4.242247910447761172e-01 4.133670474005682327e-01 0.000000000000000000e+00 0.000000000000000000e+00 0.000000000000000000e+00 3.909281961056105259e-01 0.000000000000000000e+00 0.000000000000000000e+00 0.000000000000000000e+00 4.304309437617307998e-01 0.000000000000000000e+00 0.000000000000000000e+00 0.000000000000000000e+00 4.441417883211679074e-01 3.863554452554744389e-01 0.000000000000000000e+00 0.000000000000000000e+00 0.000000000000000000e+00 0.000000000000000000e+00 3.955899600000000182e-01 0.000000000000000000e+00 0.000000000000000000e+00 4.323247407407407317e-01 0.000000000000000000e+00 0.000000000000000000e+00 0.000000000000000000e+00 0.000000000000000000e+00 0.000000000000000000e+00 0.000000000000000000e+00 0.000000000000000000e+00 0.000000000000000000e+00 4.556561883116883038e-01 0.000000000000000000e+00 0.000000000000000000e+00 0.000000000000000000e+00 0.000000000000000000e+00 0.000000000000000000e+00 0.000000000000000000e+00 0.000000000000000000e+00 0.000000000000000000e+00
3.061286073248140616e-01 0.000000000000000000e+00 3.928473941443253459e-01 0.000000000000000000e+00 3.919906930229872799e-01 0.000000000000000000e+00 3.474193239953949908e-01 0.000000000000000000e+00 3.738164088160613185e-01 0.000000000000000000e+00 2.791718432261321436e-01 0.000000000000000000e+00 3.002530895645771913e-01 0.000000000000000000e+00 3.752814962937463528e-01 0.000000000000000000e+00 3.452529631688819878e-01 0.000000000000000000e+00 4.202729359336130899e-01 4.791030353982301260e-01 0.000000000000000000e+00 0.000000000000000000e+00 4.283145582475226809e-01 0.000000000000000000e+00 0.000000000000000000e+00 0.000000000000000000e+00 4.275055087719298319e-01 0.000000000000000000e+00 3.965016901199416299e-01 0.000000000000000000e+00 0.000000000000000000e+00 4.773664275362318188e-01 4.370329539304246835e-01 4.115297234042553098e-01 0.000000000000000000e+00 0.000000000000000000e+00 4.841726583985539456e-01 0.000000000000000000e+00 0.000000000000000000e+00 0.000000000000000000e+00 0.000000000000000000e+00 0.000000000000000000e+00 0.000000000000000000e+00 0.000000000000000000e+00 0.000000000000000000e+00 0.000000000000000000e+00 0.000000000000000000e+00 0.000000000000000000e+00 4.514383792299898057e-01 0.000000000000000000e+00 4.322083355207363420e-01 0.000000000000000000e+00 0.000000000000000000e+00 0.000000000000000000e+00 4.149632846153846200e-01 0.000000000000000000e+00 4.055392120008775581e-01 0.000000000000000000e+00 4.255933357044165977e-01 5.118897875000000264e-01 4.297767499748141873e-01 0.000000000000000000e+00 4.127262769721977143e-01 0.000000000000000000e+00 4.395634819872530352e-01 0.000000000000000000e+00 4.455895850558037607e-01 0.000000000000000000e+00 4.461569010328785279e-01 0.000000000000000000e+00 3.572014935981329131e-01 4.326579791666666508e-01 3.992812541205674748e-01 0.000000000000000000e+00 4.393647407407407224e-01 0.000000000000000000e+00 4.195159849096635751e-01 0.000000000000000000e+00 0.000000000000000000e+00 0.000000000000000000e+00 3.437089335874377594e-01 0.000000000000000000e+00 0.000000000000000000e+00 0.000000000000000000e+00 4.417163498120271758e-01 0.000000000000000000e+00 0.000000000000000000e+00 0.000000000000000000e+00 4.437694234329885301e-01 0.000000000000000000e+00 0.000000000000000000e+00 0.000000000000000000e+00 0.000000000000000000e+00 0.000000000000000000e+00 0.000000000000000000e+00 0.000000000000000000e+00 0.000000000000000000e+00 0.000000000000000000e+00 4.756069345794393111e-01 0.000000000000000000e+00 0.000000000000000000e+00 0.000000000000000000e+00 0.000000000000000000e+00 0.000000000000000000e+00 0.000000000000000000e+00 0.000000000000000000e+00 0.000000000000000000e+00 0.000000000000000000e+00 0.000000000000000000e+00 0.000000000000000000e+00 0.000000000000000000e+00 0.000000000000000000e+00 0.000000000000000000e+00 4.501574382022471843e-01 0.000000000000000000e+00 0.000000000000000000e+00
4.436693448275862428e-01 3.520524681174734272e-01 4.548348338815579872e-01 4.095976845521930310e-01 0.000000000000000000e+00 3.722641646096349066e-01 5.024135405405405486e-01 3.270526302162767296e-01 0.000000000000000000e+00 3.831526269271927077e-01 0.000000000000000000e+00 3.306092456258936108e-01 0.000000000000000000e+00 3.136296728321646410e-01 0.000000000000000000e+00 3.810257134705506421e-01 0.000000000000000000e+00 3.664537848430442502e-01 4.704341666666667088e-01 4.313104137139373573e-01 0.000000000000000000e+00 0.000000000000000000e+00 0.000000000000000000e+00 4.114271049763028043e-01 0.000000000000000000e+00 0.000000000000000000e+00 0.000000000000000000e+00 0.000000000000000000e+00 0.000000000000000000e+00 3.978586849342883314e-01 4.256795371216660628e-01 3.638429452380952389e-01 4.907516234963913426e-01 4.267182662301056140e-01 0.000000000000000000e+00 0.000000000000000000e+00 0.000000000000000000e+00 4.766937563273023204e-01 0.000000000000000000e+00 0.000000000000000000e+00 0.000000000000000000e+00 4.937457796610169036e-01 0.000000000000000000e+00 0.000000000000000000e+00 0.000000000000000000e+00 4.351508181818181664e-01 0.000000000000000000e+00 0.000000000000000000e+00 0.000000000000000000e+00 4.326879599030415968e-01 0.000000000000000000e+00 4.302900986002842210e-01 0.000000000000000000e+00 3.829999705882353167e-01 0.000000000000000000e+00 4.621244963693733609e-01 5.192369142857142794e-01 4.052534231093043449e-01 0.000000000000000000e+00 4.385388123965811014e-01 0.000000000000000000e+00 4.321706113845971697e-01 0.000000000000000000e+00 4.205897719517143196e-01 0.000000000000000000e+00 4.457538322114015794e-01 0.000000000000000000e+00 4.460347139678796369e-01 0.000000000000000000e+00 4.686501278789863001e-01 0.000000000000000000e+00 3.834309465697766650e-01 0.000000000000000000e+00 4.120572803528878558e-01 0.000000000000000000e+00 0.000000000000000000e+00 0.000000000000000000e+00 4.196641934330604395e-01 0.000000000000000000e+00 0.000000000000000000e+00 0.000000000000000000e+00 4.319761959923203443e-01 0.000000000000000000e+00 3.524381638787049131e-01 0.000000000000000000e+00 4.580432404113708444e-01 0.000000000000000000e+00 4.675467256302521246e-01 0.000000000000000000e+00 4.592513139593351612e-01 4.568920330578511990e-01 4.484373464566928646e-01 0.000000000000000000e+00 0.000000000000000000e+00 4.333299072164948917e-01 0.000000000000000000e+00 0.000000000000000000e+00 0.000000000000000000e+00 0.000000000000000000e+00 0.000000000000000000e+00 0.000000000000000000e+00 0.000000000000000000e+00 0.000000000000000000e+00 0.000000000000000000e+00 0.000000000000000000e+00 0.000000000000000000e+00 0.000000000000000000e+00 4.555919714285713851e-01 4.607387564102563560e-01 0.000000000000000000e+00 0.000000000000000000e+00 0.000000000000000000e+00 0.000000000000000000e+00 0.000000000000000000e+00 0.000000000000000000e+00 0.000000000000000000e+00
3.679041447812700372e-01 4.432480769230768836e-01 3.690975768166469551e-01 4.174252753623188261e-01 3.687585059353533645e-01 0.000000000000000000e+00 3.167627451197780886e-01 4.075881630563336633e-01 2.968221347010153721e-01 0.000000000000000000e+00 3.002530895645771913e-01 0.000000000000000000e+00 2.600653370326606040e-01 0.000000000000000000e+00 2.825595424900301245e-01 4.282356534653465885e-01 3.695305772769102992e-01 0.000000000000000000e+00 3.996336347005168821e-01 0.000000000000000000e+00 0.000000000000000000e+00 0.000000000000000000e+00 3.888542007239257914e-01 4.139066581658581434e-01 3.605498095238094947e-01 4.030177432432432427e-01 3.590726716417910191e-01 0.000000000000000000e+00 3.623027593223050458e-01 0.000000000000000000e+00 3.963648174393865076e-01 4.080508310092469393e-01 4.144374554224171670e-01 4.113654603204952021e-01 0.000000000000000000e+00 0.000000000000000000e+00 5.070351141304347831e-01 0.000000000000000000e+00 0.000000000000000000e+00 0.000000000000000000e+00 4.760489731543623981e-01 0.000000000000000000e+00 0.000000000000000000e+00 0.000000000000000000e+00 4.272490999999999928e-01 0.000000000000000000e+00 0.000000000000000000e+00 0.000000000000000000e+00 4.424656019417477215e-01 0.000000000000000000e+00 4.289674933203234120e-01 0.000000000000000000e+00 0.000000000000000000e+00 0.000000000000000000e+00 0.000000000000000000e+00 0.000000000000000000e+00 4.171840995714481970e-01 0.000000000000000000e+00 3.946471239281442722e-01 0.000000000000000000e+00 4.250377874097264752e-01 0.000000000000000000e+00 4.051800220916779716e-01 0.000000000000000000e+00 4.299078214541948162e-01 0.000000000000000000e+00 4.368313905243382256e-01 0.000000000000000000e+00 4.184211804911002752e-01 0.000000000000000000e+00 3.446520984714241398e-01 3.991517811355311252e-01 4.076442493238802145e-01 0.000000000000000000e+00 4.156227147448521286e-01 0.000000000000000000e+00 4.182226260785871230e-01 0.000000000000000000e+00 3.979967500000000102e-01 0.000000000000000000e+00 4.025815538629934909e-01 0.000000000000000000e+00 0.000000000000000000e+00 0.000000000000000000e+00 4.287727302373958715e-01 0.000000000000000000e+00 4.148298110786224902e-01 0.000000000000000000e+00 4.662975212048880436e-01 0.000000000000000000e+00 0.000000000000000000e+00 0.000000000000000000e+00 4.405280916666666768e-01 0.000000000000000000e+00 4.537333316942057659e-01 4.256144329896907053e-01 0.000000000000000000e+00 0.000000000000000000e+00 0.000000000000000000e+00 0.000000000000000000e+00 0.000000000000000000e+00 0.000000000000000000e+00 0.000000000000000000e+00 0.000000000000000000e+00 0.000000000000000000e+00 0.000000000000000000e+00 0.000000000000000000e+00 0.000000000000000000e+00 0.000000000000000000e+00 0.000000000000000000e+00 0.000000000000000000e+00 0.000000000000000000e+00 0.000000000000000000e+00 0.000000000000000000e+00 0.000000000000000000e+00 0.000000000000000000e+00
