3.000867373718025255e-01 4.938389554705945317e-01 3.817270106314314959e-01 5.152846780103039759e-01 3.620933499649122700e-01 0.000000000000000000e+00 3.515648405201565740e-01 4.844779371288330250e-01 3.480869183673469536e-01 0.000000000000000000e+00 3.316109022297571984e-01 4.942890379425834979e-01 3.733169277620194682e-01 4.613439738214434316e-01 3.695517750350440500e-01 0.000000000000000000e+00 3.104147748230907666e-01 4.882715190483383205e-01 3.869283401515554166e-01 5.177602584871020541e-01 0.000000000000000000e+00 0.000000000000000000e+00 3.988241307913558686e-01 4.919215319928851859e-01 0.000000000000000000e+00 0.000000000000000000e+00 0.000000000000000000e+00 0.000000000000000000e+00 3.717489889300855110e-01 4.932143404979408841e-01 4.118026030181756725e-01 4.694651380944940278e-01 4.054694152458833689e-01 4.965720531884219580e-01 4.670971829268292796e-01 0.000000000000000000e+00 4.794117126091702596e-01 5.011322056256721780e-01 5.081126404329200374e-01 0.000000000000000000e+00 4.080538328230715606e-01 0.000000000000000000e+00 4.301092881441687110e-01 0.000000000000000000e+00 3.802891287554586719e-01 5.212663836477987589e-01 0.000000000000000000e+00 0.000000000000000000e+00 4.200522535204748165e-01 5.068446546916643980e-01 3.938710512404872688e-01 4.739896880781088728e-01 4.027410501952988220e-01 0.000000000000000000e+00 4.097978748022018114e-01 4.805475925925926650e-01 3.708412421520936308e-01 5.003005078309258336e-01 4.092100670061025736e-01 4.887002521722383919e-01 3.999415287824530374e-01 4.801503813982854751e-01 4.036760967184700455e-01 4.696433549532709750e-01 3.943580033634241921e-01 4.722050682192689419e-01 3.958560780279812841e-01 4.912708430072456611e-01 3.486566163020870524e-01 5.220952771012077331e-01 3.560848634817282976e-01 4.889734612196535157e-01 3.735166061566591034e-01 4.732054989945802537e-01 0.000000000000000000e+00 0.000000000000000000e+00 3.962323452495353227e-01 4.731251036916359065e-01 0.000000000000000000e+00 0.000000000000000000e+00 4.109320730813930123e-01 0.000000000000000000e+00 3.819967938931297380e-01 0.000000000000000000e+00 4.237859370892076982e-01 4.763423412093495957e-01 4.117462576040648581e-01 0.000000000000000000e+00 4.280181367596085917e-01 4.528692549019607827e-01 4.290546433675242466e-01 0.000000000000000000e+00 4.002952226277372016e-01 4.780308188064466002e-01 4.538974280042290532e-01 4.556354502303097131e-01 4.879504646184560368e-01 0.000000000000000000e+00 4.643812440934771413e-01 4.548412242326891897e-01 0.000000000000000000e+00 0.000000000000000000e+00 4.326484051805634112e-01 4.569652830437362367e-01 4.245808971627100803e-01 4.310277885353950844e-01 4.417263053950721829e-01 4.011511681415929065e-01 0.000000000000000000e+00 0.000000000000000000e+00 4.411234599999999673e-01 0.000000000000000000e+00 0.000000000000000000e+00 0.000000000000000000e+00 0.000000000000000000e+00 0.000000000000000000e+00
4.938389554705945317e-01 3.067115971278134845e-01 5.085508467751852502e-01 3.461315705111124852e-01 0.000000000000000000e+00 3.230825262134920939e-01 4.711942112860331711e-01 3.438493150423344580e-01 0.000000000000000000e+00 3.463690716152726945e-01 0.000000000000000000e+00 3.261838962765405414e-01 0.000000000000000000e+00 3.673174076586766534e-01 0.000000000000000000e+00 3.677056830917147523e-01 4.836774365969042089e-01 3.532564597623268354e-01 5.243221259425726588e-01 3.940780085741134031e-01 0.000000000000000000e+00 0.000000000000000000e+00 4.352128964627232643e-01 3.848071047212847651e-01 0.000000000000000000e+00 0.000000000000000000e+00 0.000000000000000000e+00 0.000000000000000000e+00 4.816961789473684918e-01 4.069223743813796257e-01 4.429324349476716494e-01 4.750098794326241269e-01 5.115716804793072336e-01 4.599287412978744771e-01 4.807028758241758126e-01 4.013525463917526070e-01 4.935818556658297385e-01 5.070356779868295805e-01 0.000000000000000000e+00 5.524699080643847848e-01 0.000000000000000000e+00 4.089459653141086504e-01 0.000000000000000000e+00 4.887914696107055201e-01 0.000000000000000000e+00 4.109864019998683005e-01 0.000000000000000000e+00 0.000000000000000000e+00 5.136691627317339082e-01 4.170271323840950006e-01 4.884142793694865037e-01 4.082866847824812573e-01 0.000000000000000000e+00 4.075800710747674027e-01 0.000000000000000000e+00 4.198286180258733458e-01 4.813381764910609206e-01 3.447750991062737413e-01 5.133888936506301182e-01 4.200397212532762659e-01 4.872460908772786037e-01 4.058265873535327750e-01 5.049556190434237868e-01 4.033792127062238997e-01 0.000000000000000000e+00 4.132376371495244949e-01 5.024981903881921008e-01 4.173101985366570177e-01 5.259552013932669023e-01 3.236529814116091419e-01 4.875807951783512895e-01 3.768770657280647307e-01 4.934763929382399716e-01 4.052548632117157767e-01 0.000000000000000000e+00 0.000000000000000000e+00 4.758270730750083222e-01 4.170155030731414469e-01 0.000000000000000000e+00 0.000000000000000000e+00 4.986256333333333179e-01 4.409469506988182852e-01 0.000000000000000000e+00 4.068839980482433782e-01 0.000000000000000000e+00 4.368469877639914456e-01 0.000000000000000000e+00 0.000000000000000000e+00 0.000000000000000000e+00 4.352291295427142548e-01 4.694751237874874028e-01 4.751217575250749059e-01 0.000000000000000000e+00 4.207919160610686937e-01 4.458160947875089430e-01 4.737151639299529982e-01 5.192349959016393512e-01 4.881391400032401573e-01 0.000000000000000000e+00 5.087102616105174668e-01 0.000000000000000000e+00 4.607392777777777337e-01 4.477869432624113633e-01 4.425300055585238423e-01 4.380170392126572221e-01 4.643522825740272197e-01 0.000000000000000000e+00 4.905797802083333714e-01 4.443377496295590756e-01 0.000000000000000000e+00 0.000000000000000000e+00 0.000000000000000000e+00 0.000000000000000000e+00 0.000000000000000000e+00 0.000000000000000000e+00 0.000000000000000000e+00
3.817270106314314959e-01 5.085508467751852502e-01 2.936346221659756339e-01 4.748927660443433285e-01 2.141513365269896996e-01 4.338802025113125960e-01 3.295266770093294162e-01 4.800684295027978776e-01 3.267318956302868727e-01 4.480212644882217710e-01 3.928383605740033979e-01 4.828353695272666890e-01 3.580409977755997231e-01 4.747239302981423048e-01 3.498440957029969600e-01 4.641298405972628660e-01 4.095415533350174053e-01 4.932574174280412449e-01 3.521327900618432816e-01 5.276614218412651880e-01 3.463682999999999623e-01 4.026110281690140069e-01 2.660880774356640388e-01 4.622219336193455486e-01 2.127503914101990523e-01 4.229776052631578631e-01 3.075722295998803424e-01 4.487039604358186717e-01 3.686730410913384715e-01 4.739048265856347641e-01 3.829027092673796817e-01 4.422656591173815821e-01 4.084275532790915819e-01 5.077227619317549179e-01 4.316138450316414077e-01 0.000000000000000000e+00 4.269452536513177465e-01 0.000000000000000000e+00 0.000000000000000000e+00 0.000000000000000000e+00 0.000000000000000000e+00 0.000000000000000000e+00 3.988686708052912033e-01 0.000000000000000000e+00 4.167324066278986772e-01 0.000000000000000000e+00 4.278863645833333451e-01 0.000000000000000000e+00 3.957608144751036949e-01 5.028190894736842553e-01 3.940831815055819143e-01 3.841600740740739872e-01 3.557856965934757532e-01 0.000000000000000000e+00 3.885629699227621248e-01 0.000000000000000000e+00 4.149696342612575473e-01 4.594251204819277401e-01 4.264545059057588405e-01 0.000000000000000000e+00 3.938750960827415160e-01 0.000000000000000000e+00 3.596262355140988909e-01 0.000000000000000000e+00 3.685177056370198545e-01 0.000000000000000000e+00 4.114465968715118049e-01 4.975153838985610366e-01 4.146065210138679125e-01 0.000000000000000000e+00 3.692785407672323217e-01 4.965601740136427189e-01 3.781559531761428672e-01 4.737228092638440247e-01 3.375952819590510301e-01 0.000000000000000000e+00 4.111756947738489099e-01 4.699993818094461706e-01 3.774341592920354427e-01 0.000000000000000000e+00 3.710544590288264999e-01 0.000000000000000000e+00 3.780953013960232090e-01 0.000000000000000000e+00 4.025186387611916494e-01 0.000000000000000000e+00 0.000000000000000000e+00 0.000000000000000000e+00 3.821088338096543247e-01 0.000000000000000000e+00 0.000000000000000000e+00 0.000000000000000000e+00 3.531453239436619929e-01 0.000000000000000000e+00 4.420287163478454073e-01 4.335755464979325624e-01 0.000000000000000000e+00 4.217839191758892547e-01 0.000000000000000000e+00 4.582822781954887237e-01 0.000000000000000000e+00 0.000000000000000000e+00 4.339944457116222121e-01 4.332234306320004169e-01 4.303277675017880277e-01 4.162260583440984263e-01 4.176222330152400408e-01 4.008425575221238324e-01 0.000000000000000000e+00 0.000000000000000000e+00 0.000000000000000000e+00 0.000000000000000000e+00 0.000000000000000000e+00 0.000000000000000000e+00 0.000000000000000000e+00 0.000000000000000000e+00
5.152846780103039759e-01 3.461315705111124852e-01 4.748927660443433285e-01 2.702850733645026926e-01 4.496019341008772319e-01 2.309392644786705251e-01 4.632484398862509178e-01 3.694161479940331616e-01 4.283280316919853559e-01 3.177633777727369435e-01 4.977567965277229223e-01 3.935233793027512195e-01 4.482091067453051192e-01 3.489000883211982318e-01 4.351671946633141053e-01 3.383164390362326523e-01 4.864670133307065769e-01 4.289095982785456895e-01 5.254768399157120351e-01 3.535543813712595518e-01 0.000000000000000000e+00 0.000000000000000000e+00 4.588531031484088807e-01 2.889255230395905705e-01 0.000000000000000000e+00 2.987022430730615352e-01 0.000000000000000000e+00 3.260496151803574660e-01 4.871095269982061993e-01 3.682599998345110759e-01 4.192013478268029059e-01 3.658955986871668120e-01 5.041409149444828763e-01 4.301194839186367469e-01 4.753355050961814987e-01 5.424083736263737299e-01 4.083809607843137401e-01 4.681931076567411587e-01 0.000000000000000000e+00 4.601594425035840374e-01 0.000000000000000000e+00 4.507831165549192054e-01 0.000000000000000000e+00 4.368581224071582114e-01 0.000000000000000000e+00 4.316316905332434062e-01 0.000000000000000000e+00 4.658125552931916546e-01 0.000000000000000000e+00 4.329216441567321216e-01 5.236898264462810371e-01 4.225636671294923374e-01 0.000000000000000000e+00 4.195311804511278053e-01 0.000000000000000000e+00 4.110183284172910234e-01 5.176744324486599602e-01 4.115758960180771475e-01 5.386601376146790132e-01 4.433093410182044614e-01 4.905800314748200996e-01 3.957451576033310103e-01 0.000000000000000000e+00 4.148299682038077973e-01 0.000000000000000000e+00 4.103264482821241677e-01 4.987908879310344878e-01 4.554280310708020973e-01 5.329776317777759065e-01 4.077776862103207334e-01 4.908393789908982452e-01 3.844643322164423282e-01 4.663626084625428492e-01 3.791915514735010317e-01 0.000000000000000000e+00 3.439561645087869102e-01 4.645283890022369189e-01 4.269769125756657235e-01 0.000000000000000000e+00 0.000000000000000000e+00 0.000000000000000000e+00 3.830841348268705926e-01 0.000000000000000000e+00 0.000000000000000000e+00 0.000000000000000000e+00 4.052291193921250256e-01 0.000000000000000000e+00 3.686389673913043619e-01 4.266211785281385227e-01 3.992420656715366944e-01 4.182897862595419958e-01 4.114883256815167201e-01 0.000000000000000000e+00 4.311471325179855874e-01 4.556035174218568962e-01 4.562069842426675348e-01 0.000000000000000000e+00 0.000000000000000000e+00 0.000000000000000000e+00 4.709541115024052926e-01 0.000000000000000000e+00 0.000000000000000000e+00 0.000000000000000000e+00 4.149991217420429535e-01 4.199650373831775862e-01 4.485770031429527904e-01 0.000000000000000000e+00 0.000000000000000000e+00 4.681909855099046780e-01 0.000000000000000000e+00 0.000000000000000000e+00 0.000000000000000000e+00 0.000000000000000000e+00 0.000000000000000000e+00 0.000000000000000000e+00 0.000000000000000000e+00
3.620933499649122700e-01 0.000000000000000000e+00 2.141513365269896996e-01 4.496019341008772319e-01 2.413648918024025036e-01 4.145260539406683820e-01 3.070414468102396488e-01 4.587950125000000989e-01 2.549033954882885533e-01 4.352943170731707889e-01 0.000000000000000000e+00 0.000000000000000000e+00 3.106314727564770117e-01 0.000000000000000000e+00 2.748254157295222377e-01 0.000000000000000000e+00 0.000000000000000000e+00 0.000000000000000000e+00 3.879657343487394883e-01 0.000000000000000000e+00 3.544842688103019279e-01 0.000000000000000000e+00 2.314610645156592594e-01 4.023132745999009607e-01 2.793469062644753365e-01 4.020130137866419484e-01 2.803470358557316189e-01 4.401520402121504305e-01 3.356357024848878323e-01 0.000000000000000000e+00 3.643515505808818666e-01 4.112363720783905330e-01 0.000000000000000000e+00 0.000000000000000000e+00 4.396991651376147003e-01 4.912628461538461333e-01 4.119841563154368891e-01 0.000000000000000000e+00 4.122722486915881279e-01 0.000000000000000000e+00 0.000000000000000000e+00 0.000000000000000000e+00 4.313826271021500847e-01 0.000000000000000000e+00 0.000000000000000000e+00 0.000000000000000000e+00 4.437813050352325539e-01 0.000000000000000000e+00 4.276670142857142976e-01 0.000000000000000000e+00 4.422785602836880603e-01 0.000000000000000000e+00 0.000000000000000000e+00 0.000000000000000000e+00 4.643196533333334153e-01 0.000000000000000000e+00 3.717800249999999584e-01 0.000000000000000000e+00 4.535337959183672885e-01 0.000000000000000000e+00 0.000000000000000000e+00 0.000000000000000000e+00 3.809449240979381202e-01 0.000000000000000000e+00 0.000000000000000000e+00 0.000000000000000000e+00 0.000000000000000000e+00 5.433075362318839918e-01 0.000000000000000000e+00 0.000000000000000000e+00 3.129585591148666412e-01 4.613685317204301861e-01 3.450112762544339517e-01 0.000000000000000000e+00 3.336307435897435947e-01 0.000000000000000000e+00 3.511441487045121046e-01 0.000000000000000000e+00 0.000000000000000000e+00 0.000000000000000000e+00 4.101675394736842284e-01 0.000000000000000000e+00 3.784191612466124566e-01 0.000000000000000000e+00 3.845447546959844809e-01 0.000000000000000000e+00 3.871168037712326426e-01 0.000000000000000000e+00 4.069972794598694099e-01 0.000000000000000000e+00 0.000000000000000000e+00 0.000000000000000000e+00 0.000000000000000000e+00 0.000000000000000000e+00 3.902761046511629139e-01 0.000000000000000000e+00 0.000000000000000000e+00 0.000000000000000000e+00 0.000000000000000000e+00 0.000000000000000000e+00 0.000000000000000000e+00 0.000000000000000000e+00 0.000000000000000000e+00 0.000000000000000000e+00 3.564407500000000284e-01 0.000000000000000000e+00 0.000000000000000000e+00 0.000000000000000000e+00 0.000000000000000000e+00 0.000000000000000000e+00 0.000000000000000000e+00 0.000000000000000000e+00 0.000000000000000000e+00 0.000000000000000000e+00 0.000000000000000000e+00 0.000000000000000000e+00
0.000000000000000000e+00 3.230825262134920939e-01 4.338802025113125960e-01 2.309392644786705251e-01 4.145260539406683820e-01 2.067477948210557082e-01 4.164606889956979363e-01 2.953801463226101154e-01 3.920310113636363281e-01 2.208996722080879549e-01 0.000000000000000000e+00 3.645710094917330446e-01 4.177601602150536886e-01 3.251842335300051401e-01 4.272268526631657903e-01 2.604018000494893736e-01 0.000000000000000000e+00 3.282344717444717896e-01 0.000000000000000000e+00 4.125685954504048070e-01 4.497205971272229541e-01 1.777932232142857005e-01 4.301604372537461973e-01 2.030154803149223364e-01 4.265373315302372070e-01 2.315077141643402114e-01 0.000000000000000000e+00 2.477095619594290588e-01 0.000000000000000000e+00 3.027261225719576343e-01 4.055175326088922283e-01 3.483152518833214639e-01 0.000000000000000000e+00 3.817157786580978596e-01 0.000000000000000000e+00 0.000000000000000000e+00 0.000000000000000000e+00 4.173101375000000113e-01 0.000000000000000000e+00 0.000000000000000000e+00 0.000000000000000000e+00 0.000000000000000000e+00 0.000000000000000000e+00 0.000000000000000000e+00 0.000000000000000000e+00 0.000000000000000000e+00 0.000000000000000000e+00 0.000000000000000000e+00 0.000000000000000000e+00 4.572735307692307738e-01 0.000000000000000000e+00 0.000000000000000000e+00 0.000000000000000000e+00 0.000000000000000000e+00 0.000000000000000000e+00 4.529247323943661474e-01 0.000000000000000000e+00 0.000000000000000000e+00 0.000000000000000000e+00 0.000000000000000000e+00 0.000000000000000000e+00 0.000000000000000000e+00 0.000000000000000000e+00 4.322813722627737443e-01 0.000000000000000000e+00 3.430611680672269181e-01 0.000000000000000000e+00 4.722421888299387360e-01 0.000000000000000000e+00 0.000000000000000000e+00 4.744493511961876409e-01 3.315372649143188410e-01 4.322654486111111583e-01 3.222752313961143034e-01 0.000000000000000000e+00 2.933832999752908899e-01 0.000000000000000000e+00 3.529168030493936570e-01 0.000000000000000000e+00 0.000000000000000000e+00 0.000000000000000000e+00 3.792415065134099317e-01 0.000000000000000000e+00 0.000000000000000000e+00 0.000000000000000000e+00 3.905668918964971814e-01 0.000000000000000000e+00 0.000000000000000000e+00 0.000000000000000000e+00 4.096278081546270156e-01 0.000000000000000000e+00 0.000000000000000000e+00 0.000000000000000000e+00 0.000000000000000000e+00 0.000000000000000000e+00 3.572546264705882546e-01 0.000000000000000000e+00 0.000000000000000000e+00 0.000000000000000000e+00 0.000000000000000000e+00 0.000000000000000000e+00 0.000000000000000000e+00 0.000000000000000000e+00 0.000000000000000000e+00 0.000000000000000000e+00 0.000000000000000000e+00 0.000000000000000000e+00 0.000000000000000000e+00 0.000000000000000000e+00 0.000000000000000000e+00 0.000000000000000000e+00 0.000000000000000000e+00 0.000000000000000000e+00 0.000000000000000000e+00 0.000000000000000000e+00 0.000000000000000000e+00
3.515648405201565740e-01 4.711942112860331711e-01 3.295266770093294162e-01 4.632484398862509178e-01 3.070414468102396488e-01 4.164606889956979363e-01 2.835262025578506040e-01 4.651889423376119326e-01 3.212216871939492235e-01 4.550192759295498823e-01 3.665967853471315818e-01 4.850030507554894954e-01 3.301521428133103453e-01 4.604176909195820677e-01 3.443304931661668733e-01 4.472419932464737902e-01 3.640380573772377670e-01 4.851857941467341839e-01 4.132060785468922304e-01 4.932442803430847622e-01 0.000000000000000000e+00 0.000000000000000000e+00 3.685432797994670495e-01 4.636386610241973738e-01 3.380963489583333481e-01 3.982318539325842011e-01 3.651175641025640739e-01 0.000000000000000000e+00 3.593704702374260762e-01 4.774284132579348916e-01 3.467929542852946634e-01 4.467379861601070146e-01 4.523767072044259652e-01 4.852034651546374699e-01 4.110942531645568887e-01 0.000000000000000000e+00 4.214368137209451026e-01 4.975101131036099300e-01 3.706418916666667229e-01 0.000000000000000000e+00 0.000000000000000000e+00 0.000000000000000000e+00 3.859297136261261585e-01 0.000000000000000000e+00 3.967508968730723007e-01 4.876010678571428003e-01 4.209326357452071732e-01 0.000000000000000000e+00 3.905991664790846585e-01 4.812962945210270682e-01 3.876653293623092966e-01 4.259691893491124315e-01 3.709776468674036987e-01 0.000000000000000000e+00 3.713076817741305380e-01 0.000000000000000000e+00 3.778825844931903988e-01 4.192031852673678838e-01 4.160778546432290503e-01 4.494443163540778885e-01 3.959458091053157380e-01 3.981917687074829626e-01 3.924803837861351452e-01 0.000000000000000000e+00 3.776223702868343191e-01 0.000000000000000000e+00 4.091858404576760311e-01 4.583857518796992658e-01 4.129050017232075986e-01 0.000000000000000000e+00 3.332568187118981617e-01 4.680126436851731464e-01 3.620035495545464443e-01 4.589206362441355380e-01 3.468256276315789810e-01 4.259367303370786839e-01 3.878570328151823010e-01 4.747437062805531793e-01 0.000000000000000000e+00 0.000000000000000000e+00 3.786405578925847171e-01 0.000000000000000000e+00 4.026845915492957562e-01 0.000000000000000000e+00 4.033367140256937655e-01 5.013364802631579131e-01 3.848884575476512748e-01 0.000000000000000000e+00 3.967100711232834920e-01 4.383817583277814789e-01 4.146042878601329806e-01 0.000000000000000000e+00 0.000000000000000000e+00 4.099945751127093141e-01 4.406212090096648382e-01 4.245490436068492524e-01 4.310975348837209342e-01 0.000000000000000000e+00 0.000000000000000000e+00 4.413510834194215304e-01 0.000000000000000000e+00 0.000000000000000000e+00 3.980018726630186743e-01 3.905043840116279030e-01 4.106812910802385974e-01 4.405812121212120402e-01 4.267398073394494395e-01 0.000000000000000000e+00 0.000000000000000000e+00 0.000000000000000000e+00 0.000000000000000000e+00 0.000000000000000000e+00 0.000000000000000000e+00 0.000000000000000000e+00 0.000000000000000000e+00 0.000000000000000000e+00
4.844779371288330250e-01 3.438493150423344580e-01 4.800684295027978776e-01 3.694161479940331616e-01 4.587950125000000989e-01 2.953801463226101154e-01 4.651889423376119326e-01 2.782116859645084594e-01 4.124052678286626583e-01 2.894343996003268527e-01 4.728292321009232024e-01 3.580285631726368156e-01 4.613613333527963878e-01 2.788330055832106691e-01 4.446692987012986209e-01 2.695629377741939892e-01 4.713360946258151607e-01 3.972078816558377579e-01 5.003032175107310353e-01 4.286612902264115843e-01 0.000000000000000000e+00 0.000000000000000000e+00 4.692268658851035945e-01 3.870450635731650380e-01 4.437239222873900490e-01 3.327009115476189938e-01 0.000000000000000000e+00 3.230274666666666517e-01 4.653277226020691160e-01 3.436005312348103802e-01 4.337123940469673200e-01 3.784095069735435857e-01 4.692481285526414747e-01 4.028111195201461991e-01 4.562759784946237018e-01 0.000000000000000000e+00 0.000000000000000000e+00 4.378852972141179523e-01 0.000000000000000000e+00 4.486671813141709375e-01 0.000000000000000000e+00 4.140286854371474923e-01 0.000000000000000000e+00 4.470043165467626478e-01 0.000000000000000000e+00 4.108690452332186549e-01 0.000000000000000000e+00 4.240732523924893860e-01 0.000000000000000000e+00 4.101387352601289504e-01 4.746777768115941765e-01 4.005020318447461980e-01 0.000000000000000000e+00 3.954825279046264019e-01 0.000000000000000000e+00 3.879176283018516136e-01 4.700813098591548611e-01 3.954071670307219843e-01 5.089219024390243540e-01 4.046314377393436801e-01 4.377179354838710013e-01 3.959984857729528795e-01 4.348937692307692782e-01 3.984167418747720513e-01 3.920929921259841966e-01 3.978307473282843287e-01 4.851751742764284225e-01 4.296403214094807743e-01 4.960163411764705876e-01 4.024544410082672719e-01 4.786805920844806606e-01 3.372877883960184731e-01 4.588020231147446060e-01 3.659731214134477884e-01 0.000000000000000000e+00 3.322672506115897928e-01 4.717543438090190389e-01 3.935726053353650333e-01 0.000000000000000000e+00 0.000000000000000000e+00 4.579085603448276309e-01 4.020295964067243655e-01 0.000000000000000000e+00 4.314582887876625694e-01 4.289615717084121482e-01 4.093905004045083063e-01 0.000000000000000000e+00 0.000000000000000000e+00 4.116909599697689548e-01 4.009985089689752646e-01 3.934908895348837032e-01 4.187484176325702023e-01 0.000000000000000000e+00 0.000000000000000000e+00 4.273452849041302071e-01 4.279939555762476422e-01 0.000000000000000000e+00 0.000000000000000000e+00 0.000000000000000000e+00 4.184823084112149760e-01 0.000000000000000000e+00 4.099395000000000122e-01 3.929428280129124706e-01 4.118078341691440158e-01 3.735648965517241460e-01 4.480612525190495465e-01 0.000000000000000000e+00 4.380643596491227698e-01 4.777888000000000135e-01 0.000000000000000000e+00 0.000000000000000000e+00 0.000000000000000000e+00 0.000000000000000000e+00 0.000000000000000000e+00 4.541673021582733893e-01 0.000000000000000000e+00
3.480869183673469536e-01 0.000000000000000000e+00 3.267318956302868727e-01 4.283280316919853559e-01 2.549033954882885533e-01 3.920310113636363281e-01 3.212216871939492235e-01 4.124052678286626583e-01 2.331441014828505021e-01 0.000000000000000000e+00 3.480663606822946288e-01 0.000000000000000000e+00 3.017691779170428301e-01 0.000000000000000000e+00 2.650469572678487706e-01 4.499743593749999659e-01 0.000000000000000000e+00 0.000000000000000000e+00 4.005617118557177614e-01 0.000000000000000000e+00 3.718953076923077194e-01 0.000000000000000000e+00 3.370973055274414376e-01 4.186638684210526318e-01 2.944428150558830448e-01 0.000000000000000000e+00 2.855660586350866059e-01 0.000000000000000000e+00 3.236678688968683826e-01 0.000000000000000000e+00 3.807189265738923356e-01 4.253924978026197290e-01 0.000000000000000000e+00 0.000000000000000000e+00 0.000000000000000000e+00 0.000000000000000000e+00 0.000000000000000000e+00 0.000000000000000000e+00 0.000000000000000000e+00 0.000000000000000000e+00 0.000000000000000000e+00 0.000000000000000000e+00 4.221277794117646587e-01 0.000000000000000000e+00 0.000000000000000000e+00 0.000000000000000000e+00 0.000000000000000000e+00 0.000000000000000000e+00 0.000000000000000000e+00 0.000000000000000000e+00 0.000000000000000000e+00 0.000000000000000000e+00 4.423234586466165408e-01 0.000000000000000000e+00 4.190856153846154175e-01 0.000000000000000000e+00 4.146029920634920485e-01 0.000000000000000000e+00 0.000000000000000000e+00 0.000000000000000000e+00 4.009228625386996314e-01 0.000000000000000000e+00 0.000000000000000000e+00 0.000000000000000000e+00 3.999684857142857264e-01 0.000000000000000000e+00 0.000000000000000000e+00 0.000000000000000000e+00 0.000000000000000000e+00 0.000000000000000000e+00 3.164348224234692086e-01 4.694511588183145623e-01 3.368308331270031264e-01 0.000000000000000000e+00 3.200506315789473644e-01 0.000000000000000000e+00 3.523280707085517660e-01 0.000000000000000000e+00 0.000000000000000000e+00 0.000000000000000000e+00 0.000000000000000000e+00 0.000000000000000000e+00 3.567425384615384720e-01 0.000000000000000000e+00 3.669178418338918668e-01 0.000000000000000000e+00 3.406723536585366530e-01 0.000000000000000000e+00 3.945549863013698699e-01 0.000000000000000000e+00 0.000000000000000000e+00 0.000000000000000000e+00 0.000000000000000000e+00 3.707182692307692817e-01 3.693412125000000157e-01 3.760154945054944298e-01 0.000000000000000000e+00 0.000000000000000000e+00 0.000000000000000000e+00 3.721744365079365235e-01 0.000000000000000000e+00 0.000000000000000000e+00 0.000000000000000000e+00 4.246004202898550628e-01 3.973895503875969348e-01 3.510610535714285829e-01 0.000000000000000000e+00 0.000000000000000000e+00 0.000000000000000000e+00 0.000000000000000000e+00 0.000000000000000000e+00 3.648500272108843312e-01 0.000000000000000000e+00 0.000000000000000000e+00 0.000000000000000000e+00 0.000000000000000000e+00
0.000000000000000000e+00 3.463690716152726945e-01 4.480212644882217710e-01 3.177633777727369435e-01 4.352943170731707889e-01 2.208996722080879549e-01 4.550192759295498823e-01 2.894343996003268527e-01 0.000000000000000000e+00 1.987379639721163216e-01 0.000000000000000000e+00 3.662233637976070044e-01 4.151181882352941166e-01 3.505608560068243507e-01 4.621810476190477135e-01 2.874044549383815150e-01 0.000000000000000000e+00 3.858294005879037702e-01 0.000000000000000000e+00 0.000000000000000000e+00 0.000000000000000000e+00 0.000000000000000000e+00 4.439496802396792341e-01 3.067534895058911526e-01 0.000000000000000000e+00 2.666251310330825519e-01 0.000000000000000000e+00 2.310152180775640884e-01 0.000000000000000000e+00 3.402476239189550222e-01 4.275627041098624126e-01 3.746945338461538100e-01 0.000000000000000000e+00 4.331434102564102884e-01 0.000000000000000000e+00 0.000000000000000000e+00 0.000000000000000000e+00 3.773670857142856772e-01 0.000000000000000000e+00 0.000000000000000000e+00 0.000000000000000000e+00 0.000000000000000000e+00 0.000000000000000000e+00 4.551786792452829911e-01 0.000000000000000000e+00 0.000000000000000000e+00 0.000000000000000000e+00 0.000000000000000000e+00 0.000000000000000000e+00 3.524487481481481388e-01 0.000000000000000000e+00 3.588799923076922971e-01 0.000000000000000000e+00 0.000000000000000000e+00 0.000000000000000000e+00 0.000000000000000000e+00 0.000000000000000000e+00 3.320976470588235530e-01 0.000000000000000000e+00 0.000000000000000000e+00 0.000000000000000000e+00 3.351482173411884924e-01 0.000000000000000000e+00 4.385145046728971541e-01 0.000000000000000000e+00 3.405704291695050845e-01 0.000000000000000000e+00 4.329339225352111797e-01 0.000000000000000000e+00 0.000000000000000000e+00 4.618387838604986473e-01 3.266651279664356533e-01 0.000000000000000000e+00 3.233350211573770561e-01 0.000000000000000000e+00 3.102379083818860850e-01 0.000000000000000000e+00 3.822048954819619038e-01 0.000000000000000000e+00 0.000000000000000000e+00 0.000000000000000000e+00 4.280366407766990067e-01 0.000000000000000000e+00 3.944044303797468731e-01 0.000000000000000000e+00 4.031012880227316519e-01 0.000000000000000000e+00 0.000000000000000000e+00 0.000000000000000000e+00 3.552896408825093055e-01 0.000000000000000000e+00 0.000000000000000000e+00 0.000000000000000000e+00 3.820728088235293973e-01 0.000000000000000000e+00 3.661995180250783299e-01 0.000000000000000000e+00 0.000000000000000000e+00 0.000000000000000000e+00 0.000000000000000000e+00 0.000000000000000000e+00 0.000000000000000000e+00 0.000000000000000000e+00 0.000000000000000000e+00 0.000000000000000000e+00 4.214797899999999098e-01 0.000000000000000000e+00 0.000000000000000000e+00 0.000000000000000000e+00 0.000000000000000000e+00 0.000000000000000000e+00 0.000000000000000000e+00 0.000000000000000000e+00 0.000000000000000000e+00 0.000000000000000000e+00 0.000000000000000000e+00
3.316109022297571984e-01 0.000000000000000000e+00 3.928383605740033979e-01 4.977567965277229223e-01 0.000000000000000000e+00 0.000000000000000000e+00 3.665967853471315818e-01 4.728292321009232024e-01 3.480663606822946288e-01 0.000000000000000000e+00 2.961259080449732961e-01 4.677659887442523479e-01 3.402421470939995252e-01 0.000000000000000000e+00 3.892742275701451815e-01 0.000000000000000000e+00 3.173747074277382674e-01 0.000000000000000000e+00 4.121899855176701655e-01 4.868784354954133198e-01 0.000000000000000000e+00 0.000000000000000000e+00 3.960063423908626312e-01 4.791045329777105510e-01 0.000000000000000000e+00 0.000000000000000000e+00 3.761521874999999571e-01 0.000000000000000000e+00 3.668669624647638572e-01 4.624987540425261057e-01 3.803849049751334976e-01 4.446655279110651171e-01 4.058168544428267799e-01 4.900233723154660548e-01 3.994502323617735162e-01 0.000000000000000000e+00 3.605650638297872024e-01 0.000000000000000000e+00 0.000000000000000000e+00 0.000000000000000000e+00 0.000000000000000000e+00 0.000000000000000000e+00 0.000000000000000000e+00 0.000000000000000000e+00 0.000000000000000000e+00 0.000000000000000000e+00 0.000000000000000000e+00 0.000000000000000000e+00 0.000000000000000000e+00 0.000000000000000000e+00 3.967851511289364197e-01 0.000000000000000000e+00 0.000000000000000000e+00 0.000000000000000000e+00 0.000000000000000000e+00 0.000000000000000000e+00 3.911664557373523698e-01 0.000000000000000000e+00 4.231384652123162948e-01 0.000000000000000000e+00 4.150746772919193806e-01 0.000000000000000000e+00 4.114860492301747885e-01 0.000000000000000000e+00 4.212635028914885615e-01 0.000000000000000000e+00 4.138077188858032551e-01 0.000000000000000000e+00 0.000000000000000000e+00 0.000000000000000000e+00 3.437369194826439545e-01 4.449476421513269830e-01 3.748666445515150825e-01 4.887602892708904911e-01 0.000000000000000000e+00 0.000000000000000000e+00 4.263326928538226923e-01 4.692857137826642600e-01 0.000000000000000000e+00 0.000000000000000000e+00 3.999160514941088040e-01 0.000000000000000000e+00 0.000000000000000000e+00 0.000000000000000000e+00 4.250241724534316035e-01 0.000000000000000000e+00 0.000000000000000000e+00 0.000000000000000000e+00 4.154143376566926116e-01 0.000000000000000000e+00 0.000000000000000000e+00 0.000000000000000000e+00 0.000000000000000000e+00 0.000000000000000000e+00 0.000000000000000000e+00 0.000000000000000000e+00 0.000000000000000000e+00 0.000000000000000000e+00 0.000000000000000000e+00 0.000000000000000000e+00 0.000000000000000000e+00 0.000000000000000000e+00 0.000000000000000000e+00 0.000000000000000000e+00 0.000000000000000000e+00 0.000000000000000000e+00 0.000000000000000000e+00 0.000000000000000000e+00 0.000000000000000000e+00 0.000000000000000000e+00 0.000000000000000000e+00 0.000000000000000000e+00 0.000000000000000000e+00 0.000000000000000000e+00 0.000000000000000000e+00 0.000000000000000000e+00
4.942890379425834979e-01 3.261838962765405414e-01 4.828353695272666890e-01 3.935233793027512195e-01 0.000000000000000000e+00 3.645710094917330446e-01 4.850030507554894954e-01 3.580285631726368156e-01 0.000000000000000000e+00 3.662233637976070044e-01 4.677659887442523479e-01 2.825064506157795585e-01 4.829887374001681222e-01 3.094421249553236386e-01 0.000000000000000000e+00 3.536567507997264159e-01 4.809376391752577806e-01 3.398295942732771358e-01 5.028180404796920300e-01 4.338717841376533713e-01 0.000000000000000000e+00 0.000000000000000000e+00 4.876959590486993901e-01 4.057606950686903913e-01 0.000000000000000000e+00 3.339768148148147819e-01 0.000000000000000000e+00 0.000000000000000000e+00 4.606227354100727034e-01 3.603448489717521741e-01 4.413566143319962998e-01 4.169310723988362000e-01 4.815329428804854817e-01 4.181786372198401658e-01 4.800912260869565351e-01 0.000000000000000000e+00 0.000000000000000000e+00 4.223231311475409422e-01 0.000000000000000000e+00 0.000000000000000000e+00 0.000000000000000000e+00 4.170384385964912566e-01 0.000000000000000000e+00 0.000000000000000000e+00 0.000000000000000000e+00 4.081187627118644246e-01 0.000000000000000000e+00 0.000000000000000000e+00 0.000000000000000000e+00 3.657580194470247403e-01 0.000000000000000000e+00 4.018662222367339609e-01 0.000000000000000000e+00 0.000000000000000000e+00 4.776243294117647475e-01 4.039364152237518435e-01 0.000000000000000000e+00 3.954120650551458671e-01 0.000000000000000000e+00 4.463799618557787174e-01 4.916014859154929639e-01 3.921080592711568835e-01 0.000000000000000000e+00 4.161042295723537676e-01 0.000000000000000000e+00 3.881156677090629170e-01 0.000000000000000000e+00 4.581675007241461373e-01 5.051448431372549397e-01 4.179871563797313283e-01 4.807763961313790690e-01 3.600022384276932996e-01 0.000000000000000000e+00 3.785301400638586555e-01 0.000000000000000000e+00 0.000000000000000000e+00 4.741765322165376606e-01 3.976602776365936731e-01 0.000000000000000000e+00 0.000000000000000000e+00 0.000000000000000000e+00 4.258786348184987469e-01 0.000000000000000000e+00 0.000000000000000000e+00 0.000000000000000000e+00 4.361828864368325065e-01 0.000000000000000000e+00 4.193614573974380200e-01 0.000000000000000000e+00 4.342756647126279623e-01 0.000000000000000000e+00 0.000000000000000000e+00 0.000000000000000000e+00 0.000000000000000000e+00 0.000000000000000000e+00 4.457670252889252560e-01 0.000000000000000000e+00 0.000000000000000000e+00 0.000000000000000000e+00 0.000000000000000000e+00 0.000000000000000000e+00 0.000000000000000000e+00 0.000000000000000000e+00 0.000000000000000000e+00 0.000000000000000000e+00 0.000000000000000000e+00 0.000000000000000000e+00 0.000000000000000000e+00 0.000000000000000000e+00 0.000000000000000000e+00 0.000000000000000000e+00 0.000000000000000000e+00 0.000000000000000000e+00 0.000000000000000000e+00 0.000000000000000000e+00 0.000000000000000000e+00
3.733169277620194682e-01 0.000000000000000000e+00 3.580409977755997231e-01 4.482091067453051192e-01 3.106314727564770117e-01 4.177601602150536886e-01 3.301521428133103453e-01 4.613613333527963878e-01 3.017691779170428301e-01 4.151181882352941166e-01 3.402421470939995252e-01 4.829887374001681222e-01 2.666859168961587812e-01 4.571491738371616931e-01 3.073804664276515997e-01 0.000000000000000000e+00 3.726759967417669350e-01 5.005280000000000840e-01 4.026240658886817148e-01 4.761287951665192919e-01 0.000000000000000000e+00 0.000000000000000000e+00 3.748658513510971790e-01 4.747668752880733201e-01 0.000000000000000000e+00 4.813588205128205288e-01 0.000000000000000000e+00 0.000000000000000000e+00 3.054432904388763581e-01 4.582263138350719522e-01 3.444558931282441505e-01 4.325601102576376866e-01 3.798972275641026020e-01 5.055838308627794708e-01 0.000000000000000000e+00 0.000000000000000000e+00 4.369275686274509685e-01 0.000000000000000000e+00 0.000000000000000000e+00 0.000000000000000000e+00 0.000000000000000000e+00 0.000000000000000000e+00 0.000000000000000000e+00 0.000000000000000000e+00 4.175682176470587592e-01 4.493138116883116928e-01 4.398389636363637112e-01 0.000000000000000000e+00 0.000000000000000000e+00 0.000000000000000000e+00 3.971528530376402522e-01 0.000000000000000000e+00 0.000000000000000000e+00 0.000000000000000000e+00 3.598874239243306516e-01 0.000000000000000000e+00 3.954344398856076137e-01 0.000000000000000000e+00 4.124504289965007509e-01 0.000000000000000000e+00 4.109905378281228927e-01 0.000000000000000000e+00 3.890393849739072207e-01 0.000000000000000000e+00 3.997284520724159185e-01 4.898446933333334141e-01 4.066550462605881822e-01 4.189236266666665487e-01 4.001373309352518337e-01 0.000000000000000000e+00 3.121403935617998449e-01 4.428456470588235105e-01 3.637779636807456640e-01 4.373546120003299342e-01 3.196322473063972769e-01 0.000000000000000000e+00 3.788711468940132998e-01 0.000000000000000000e+00 3.945539294117647033e-01 0.000000000000000000e+00 3.814109296411045680e-01 0.000000000000000000e+00 0.000000000000000000e+00 0.000000000000000000e+00 4.060083397023865337e-01 0.000000000000000000e+00 3.913395242675654639e-01 0.000000000000000000e+00 4.130874460279482241e-01 0.000000000000000000e+00 0.000000000000000000e+00 0.000000000000000000e+00 3.933472755905511042e-01 0.000000000000000000e+00 4.392308403575989617e-01 4.154504336283185717e-01 0.000000000000000000e+00 0.000000000000000000e+00 0.000000000000000000e+00 0.000000000000000000e+00 0.000000000000000000e+00 0.000000000000000000e+00 3.897026893939393721e-01 3.921549741379310450e-01 0.000000000000000000e+00 0.000000000000000000e+00 0.000000000000000000e+00 0.000000000000000000e+00 0.000000000000000000e+00 0.000000000000000000e+00 0.000000000000000000e+00 0.000000000000000000e+00 0.000000000000000000e+00 0.000000000000000000e+00 0.000000000000000000e+00 0.000000000000000000e+00
