0.000000000000000000e+00 7.225198895924662967e-03 5.121209759139449397e-02 3.736192332683560546e-03 0.000000000000000000e+00 0.000000000000000000e+00 6.596603171624285111e-02 3.079710144927536378e-03 2.686727565824825552e-04 0.000000000000000000e+00 2.423459244532803203e-01 1.697472651829498363e-03 7.123870281765018464e-03 0.000000000000000000e+00 9.585889570552147193e-04 0.000000000000000000e+00 7.269818698897974329e-02 1.717032967032967004e-03 6.160096628966729021e-02 1.681503461918892189e-02 0.000000000000000000e+00 0.000000000000000000e+00 1.380262249827467246e-03 6.852444038373687110e-04 0.000000000000000000e+00 0.000000000000000000e+00 2.994011976047904157e-04 0.000000000000000000e+00 3.179355574565155551e-02 7.774034724021766998e-04 3.443822643133878647e-03 2.281542322610084382e-04 8.978675645342312772e-03 9.670889871804482993e-03 3.134796238244514309e-04 4.327131112072695645e-04 6.560509554140127320e-02 2.566076469078778567e-04 0.000000000000000000e+00 0.000000000000000000e+00 1.251303441084463015e-02 1.158748551564310527e-03 1.768659356207994316e-04 6.581112207963146234e-05 0.000000000000000000e+00 1.993223041658361678e-04 0.000000000000000000e+00 0.000000000000000000e+00 1.368925393566050629e-04 8.646779074794639448e-05 4.223493180818302210e-03 3.773940937824323124e-04 1.443001443001443000e-03 0.000000000000000000e+00 1.198219787743923410e-03 0.000000000000000000e+00 2.672043573897559532e-01 1.368649867160454114e-03 1.981619758759333577e-02 1.235941169200346175e-04 4.728208427146992493e-02 0.000000000000000000e+00 3.825717321997874724e-03 3.953610964681075345e-04 3.320664132826565279e-02 0.000000000000000000e+00 7.325225801863309572e-03 8.023750300890636475e-04 9.486382745384755455e-02 2.604845011721802512e-03 3.175914107665740727e-02 6.944444444444444709e-04 2.929822824903494105e-02 1.759216766100657817e-03 4.504504504504504465e-03 1.841620626151012959e-03 5.078125000000000000e-02 1.427959445951734871e-03 1.342281879194630800e-03 0.000000000000000000e+00 2.860002860002860210e-04 1.989258006763477298e-04 5.685048322910744422e-04 0.000000000000000000e+00 1.048511114217810791e-02 0.000000000000000000e+00 0.000000000000000000e+00 0.000000000000000000e+00 6.600660066006600740e-03 2.885586495455201377e-04 3.341129301703976012e-03 0.000000000000000000e+00 1.630434782608695564e-03 6.896551724137930505e-04 3.215434083601285964e-02 5.300353356890459729e-03 9.302325581395349359e-04 0.000000000000000000e+00 0.000000000000000000e+00 9.541984732824427108e-04 5.988023952095808747e-03 0.000000000000000000e+00 1.921229586935638755e-03 7.304601899196493933e-04 1.169590643274853823e-03 6.190034045187248549e-04 0.000000000000000000e+00 0.000000000000000000e+00 0.000000000000000000e+00 0.000000000000000000e+00 0.000000000000000000e+00 0.000000000000000000e+00 0.000000000000000000e+00 0.000000000000000000e+00 0.000000000000000000e+00 0.000000000000000000e+00
7.225198895924662967e-03 0.000000000000000000e+00 2.104606750331280800e-03 7.488628979857049617e-02 0.000000000000000000e+00 0.000000000000000000e+00 9.383503800319039625e-04 1.073369565217391353e-01 0.000000000000000000e+00 4.144687264506405691e-03 5.964214711729622738e-04 6.261788004526593066e-02 0.000000000000000000e+00 6.555585905490303456e-03 0.000000000000000000e+00 2.800597460791635473e-03 1.777461784571631766e-03 5.305631868131868017e-02 1.877676512572746398e-02 7.274525672151785360e-02 0.000000000000000000e+00 0.000000000000000000e+00 2.760524499654934600e-04 1.598903608953860253e-03 0.000000000000000000e+00 0.000000000000000000e+00 0.000000000000000000e+00 0.000000000000000000e+00 1.140575990875392163e-03 4.729204457113241750e-02 2.295881762089252431e-03 2.281542322610084382e-04 1.561065197428833720e-02 1.191993402803808409e-02 9.404388714733542386e-04 4.327131112072695645e-04 1.273885350318471272e-03 6.877084937131126841e-02 0.000000000000000000e+00 3.623188405797101493e-03 0.000000000000000000e+00 3.476245654692931581e-03 0.000000000000000000e+00 6.581112207963146234e-05 0.000000000000000000e+00 1.395256129160853120e-03 0.000000000000000000e+00 0.000000000000000000e+00 0.000000000000000000e+00 5.879809770860354445e-03 8.798944126704795368e-05 1.386923294650438745e-02 0.000000000000000000e+00 1.898433792121499838e-03 0.000000000000000000e+00 5.382482466155602899e-03 4.923012464648580944e-03 2.426535705659769726e-01 9.573042312847022950e-05 7.910023482882215518e-03 3.216468317787069767e-04 3.934051583414952674e-02 0.000000000000000000e+00 2.622561939905113451e-02 0.000000000000000000e+00 5.454545454545454281e-02 1.493492639214849581e-03 2.968787611329535246e-03 2.613781758362273763e-02 1.179994790309976532e-01 7.508071176514752960e-04 5.854166666666666546e-02 4.949025042066712869e-04 4.352149303962062066e-02 0.000000000000000000e+00 7.366482504604051837e-03 2.020474137931034617e-03 5.197772383264315232e-02 0.000000000000000000e+00 3.424657534246575152e-03 2.860002860002860210e-04 7.360254625024865299e-03 0.000000000000000000e+00 1.824817518248175122e-03 6.990074094785404823e-05 3.360226970476105912e-02 0.000000000000000000e+00 0.000000000000000000e+00 0.000000000000000000e+00 2.698023373250613144e-02 1.670564650851988006e-03 6.680919294494922812e-03 0.000000000000000000e+00 6.896551724137930505e-04 8.038585209003214910e-03 4.063604240282685243e-02 0.000000000000000000e+00 5.701254275940707134e-04 0.000000000000000000e+00 3.816793893129770843e-03 0.000000000000000000e+00 0.000000000000000000e+00 0.000000000000000000e+00 1.217433649866082358e-03 1.169590643274853823e-03 3.404518724852986702e-03 0.000000000000000000e+00 5.347593582887700224e-03 1.000000000000000056e-01 0.000000000000000000e+00 0.000000000000000000e+00 3.703703703703703845e-03 0.000000000000000000e+00 7.898894154818325315e-04 0.000000000000000000e+00 0.000000000000000000e+00
5.121209759139449397e-02 2.104606750331280800e-03 0.000000000000000000e+00 4.629629629629629373e-03 7.816773017319963990e-02 1.383604289173296503e-03 3.328328797973162945e-01 1.077898550724637645e-02 2.579258463191832357e-02 1.055011303692539489e-02 5.188866799204771424e-02 7.167106752168993233e-03 6.879319510898458667e-02 3.550942365473914227e-03 2.185582822085889443e-02 3.547423450336071888e-03 1.030927835051546372e-02 8.585164835164835022e-04 1.040957505215768103e-01 4.406078590054851238e-03 0.000000000000000000e+00 0.000000000000000000e+00 2.224982746721877180e-01 8.679762448606669761e-03 5.024733142410830328e-02 3.076923076923076920e-03 2.155688622754491079e-02 0.000000000000000000e+00 3.621328771029369564e-02 1.425239699403990689e-03 8.179078777442961787e-03 1.802418434861966651e-02 1.224364860728497165e-02 7.646750131194242871e-03 6.583072100313479454e-03 4.327131112072695645e-04 1.847133757961783376e-02 2.566076469078778567e-04 0.000000000000000000e+00 0.000000000000000000e+00 6.256517205422315077e-03 0.000000000000000000e+00 0.000000000000000000e+00 6.581112207963146234e-05 1.124859392575928117e-03 9.966115208291808389e-05 1.543924656476763912e-04 0.000000000000000000e+00 4.106776180698151887e-04 3.458711629917855779e-04 5.983282006159260959e-03 9.434852344560807811e-05 1.154401154401154400e-03 0.000000000000000000e+00 4.450530640191715029e-03 0.000000000000000000e+00 6.598931601550225151e-03 4.025440785766041130e-04 1.292360712234348098e-02 2.471882338400692349e-04 5.789642972016726015e-03 3.264773098269670181e-04 4.250797024442082967e-04 0.000000000000000000e+00 8.401680336067213900e-03 1.466275659824046920e-04 1.664177512267975279e-02 7.221375270801572719e-04 2.376165234874794488e-02 0.000000000000000000e+00 3.799084015316465252e-02 1.388888888888888942e-03 8.027318618232208436e-02 6.730916322472082006e-03 0.000000000000000000e+00 1.841620626151012959e-03 9.482758620689654694e-02 4.426674282450378424e-03 0.000000000000000000e+00 0.000000000000000000e+00 1.287001287001286959e-03 0.000000000000000000e+00 0.000000000000000000e+00 4.562043795620437806e-04 6.780371871941842828e-03 8.866034222892100515e-05 4.192872117400419079e-04 0.000000000000000000e+00 6.018248883711900879e-03 4.328379743182801795e-04 5.011693952555964018e-03 1.603420630678781484e-03 3.260869565217391127e-03 6.896551724137930505e-04 4.340836012861736676e-02 8.833922261484099259e-03 0.000000000000000000e+00 5.701254275940707134e-04 0.000000000000000000e+00 9.541984732824427108e-04 0.000000000000000000e+00 0.000000000000000000e+00 1.921229586935638755e-03 4.869734599464329108e-04 2.339181286549707646e-03 6.190034045187248549e-04 0.000000000000000000e+00 0.000000000000000000e+00 0.000000000000000000e+00 0.000000000000000000e+00 0.000000000000000000e+00 0.000000000000000000e+00 0.000000000000000000e+00 0.000000000000000000e+00 0.000000000000000000e+00 0.000000000000000000e+00
3.736192332683560546e-03 7.488628979857049617e-02 4.629629629629629373e-03 0.000000000000000000e+00 1.823154056517775710e-03 3.424420615703908932e-02 8.445153420287135337e-03 2.611413043478260643e-01 1.880709296077377832e-03 2.373775433308214153e-02 5.765407554671968249e-03 7.223689173896642723e-02 3.721424774056352955e-03 4.056268779022124960e-02 1.917177914110429493e-04 9.148618371919343267e-03 1.244223249200142106e-03 1.373626373626373603e-02 1.229823212913143740e-02 1.573599496448161161e-01 0.000000000000000000e+00 0.000000000000000000e+00 1.007591442374051148e-02 1.854728186386477851e-01 5.206977349648529534e-04 2.549450549450549622e-02 5.988023952095808313e-04 2.579979360165118472e-04 1.568291987453664061e-03 3.899974086550919705e-02 1.678863538527765667e-02 4.106776180698151757e-02 1.112131415161718255e-02 2.256540970087712872e-02 3.134796238244514309e-04 2.596278667243617604e-03 1.273885350318471272e-03 2.027200410572235073e-02 0.000000000000000000e+00 0.000000000000000000e+00 0.000000000000000000e+00 3.476245654692931581e-03 0.000000000000000000e+00 2.632444883185258494e-04 2.249718785151855909e-04 1.993223041658361786e-03 0.000000000000000000e+00 8.898380494749954985e-05 0.000000000000000000e+00 4.582792909641158867e-03 0.000000000000000000e+00 5.377865836399660371e-03 0.000000000000000000e+00 6.328112640404999099e-04 0.000000000000000000e+00 1.304844234219540130e-03 1.047449460563527765e-04 2.536027695032606194e-02 0.000000000000000000e+00 1.347175874428377211e-02 0.000000000000000000e+00 2.285341168788769181e-03 0.000000000000000000e+00 1.713231418028465965e-03 0.000000000000000000e+00 8.944281524926685559e-03 4.978308797382831937e-04 1.380085051753189400e-02 3.107292999451654030e-03 4.871060171919770754e-02 1.801937082363540884e-03 3.770833333333333676e-02 2.078590517668019513e-03 7.273978889398806380e-02 0.000000000000000000e+00 5.340699815837937625e-02 4.445043103448276071e-03 8.167928030843923937e-02 0.000000000000000000e+00 3.424657534246575152e-03 0.000000000000000000e+00 1.392480604734434163e-03 0.000000000000000000e+00 9.124087591240875612e-04 2.097022228435621311e-04 2.571149924638708919e-03 0.000000000000000000e+00 0.000000000000000000e+00 0.000000000000000000e+00 2.308469196364161102e-03 1.336451720681590362e-03 2.939604489577766089e-03 1.086956521739130448e-03 2.068965517241379368e-03 0.000000000000000000e+00 2.473498233215547584e-02 9.302325581395349359e-04 5.701254275940707134e-04 8.216926869350862396e-04 9.541984732824427108e-04 0.000000000000000000e+00 0.000000000000000000e+00 4.803073967339096888e-04 1.217433649866082358e-03 0.000000000000000000e+00 1.547508511296812137e-03 0.000000000000000000e+00 5.347593582887700224e-03 1.000000000000000056e-01 0.000000000000000000e+00 6.317119393556537782e-04 0.000000000000000000e+00 0.000000000000000000e+00 0.000000000000000000e+00 1.890359168241966025e-03 0.000000000000000000e+00
0.000000000000000000e+00 0.000000000000000000e+00 7.816773017319963990e-02 1.823154056517775710e-03 0.000000000000000000e+00 3.804911795226565384e-03 1.004034906634137213e-02 5.434782608695652240e-04 2.369693713057496043e-01 9.042954031650339217e-03 0.000000000000000000e+00 0.000000000000000000e+00 2.870813397129186578e-03 4.097241190931439660e-04 1.401457055214724023e-01 1.306945481702763293e-03 0.000000000000000000e+00 0.000000000000000000e+00 3.294169320303063590e-04 2.697599136768276135e-04 1.208791208791208834e-02 1.218026796589524903e-03 1.214630779848171159e-02 2.284148012791228748e-03 1.288726894038010884e-01 1.142857142857142856e-02 1.476047904191616633e-01 7.739938080495356500e-04 1.511263187909894432e-02 3.887017362010883499e-04 1.076194575979337077e-02 3.194159251654118351e-03 1.020304050607080898e-04 0.000000000000000000e+00 3.134796238244514309e-04 0.000000000000000000e+00 0.000000000000000000e+00 0.000000000000000000e+00 0.000000000000000000e+00 0.000000000000000000e+00 0.000000000000000000e+00 0.000000000000000000e+00 0.000000000000000000e+00 0.000000000000000000e+00 0.000000000000000000e+00 0.000000000000000000e+00 0.000000000000000000e+00 0.000000000000000000e+00 0.000000000000000000e+00 0.000000000000000000e+00 0.000000000000000000e+00 0.000000000000000000e+00 0.000000000000000000e+00 0.000000000000000000e+00 0.000000000000000000e+00 0.000000000000000000e+00 0.000000000000000000e+00 0.000000000000000000e+00 0.000000000000000000e+00 0.000000000000000000e+00 0.000000000000000000e+00 0.000000000000000000e+00 0.000000000000000000e+00 0.000000000000000000e+00 4.000800160032006413e-04 0.000000000000000000e+00 0.000000000000000000e+00 0.000000000000000000e+00 1.827819411442149398e-04 0.000000000000000000e+00 4.197011787671747068e-02 9.027777777777777363e-04 3.009007225576561251e-02 7.648768548263729355e-04 4.504504504504504465e-03 0.000000000000000000e+00 1.616379310344827564e-03 2.855918891903469741e-04 0.000000000000000000e+00 0.000000000000000000e+00 0.000000000000000000e+00 0.000000000000000000e+00 0.000000000000000000e+00 0.000000000000000000e+00 0.000000000000000000e+00 0.000000000000000000e+00 0.000000000000000000e+00 0.000000000000000000e+00 0.000000000000000000e+00 0.000000000000000000e+00 0.000000000000000000e+00 0.000000000000000000e+00 0.000000000000000000e+00 0.000000000000000000e+00 0.000000000000000000e+00 0.000000000000000000e+00 0.000000000000000000e+00 0.000000000000000000e+00 0.000000000000000000e+00 0.000000000000000000e+00 0.000000000000000000e+00 0.000000000000000000e+00 0.000000000000000000e+00 2.434867299732164554e-04 0.000000000000000000e+00 0.000000000000000000e+00 0.000000000000000000e+00 0.000000000000000000e+00 0.000000000000000000e+00 0.000000000000000000e+00 0.000000000000000000e+00 0.000000000000000000e+00 0.000000000000000000e+00 0.000000000000000000e+00 0.000000000000000000e+00 0.000000000000000000e+00
0.000000000000000000e+00 0.000000000000000000e+00 1.383604289173296503e-03 3.424420615703908932e-02 3.804911795226565384e-03 0.000000000000000000e+00 9.383503800319039625e-05 3.623188405797101493e-04 2.686727565824825227e-03 1.345139412207987939e-01 0.000000000000000000e+00 0.000000000000000000e+00 2.126528442317915943e-04 5.462988254575252157e-04 1.917177914110429493e-04 1.400298730395817814e-01 0.000000000000000000e+00 0.000000000000000000e+00 0.000000000000000000e+00 0.000000000000000000e+00 0.000000000000000000e+00 4.872107186358099612e-03 3.036576949620427898e-03 3.883051621745089218e-03 8.591512626920072213e-03 1.006593406593406653e-01 8.982035928143712470e-04 1.093911248710010276e-01 0.000000000000000000e+00 1.153148484063228757e-02 4.735256134309083140e-03 4.563084645220169197e-03 0.000000000000000000e+00 2.249044156233600828e-04 0.000000000000000000e+00 0.000000000000000000e+00 0.000000000000000000e+00 5.132152938157557133e-04 0.000000000000000000e+00 0.000000000000000000e+00 0.000000000000000000e+00 0.000000000000000000e+00 0.000000000000000000e+00 0.000000000000000000e+00 0.000000000000000000e+00 0.000000000000000000e+00 0.000000000000000000e+00 0.000000000000000000e+00 0.000000000000000000e+00 0.000000000000000000e+00 0.000000000000000000e+00 9.434852344560807811e-05 0.000000000000000000e+00 0.000000000000000000e+00 0.000000000000000000e+00 0.000000000000000000e+00 0.000000000000000000e+00 0.000000000000000000e+00 0.000000000000000000e+00 0.000000000000000000e+00 0.000000000000000000e+00 0.000000000000000000e+00 0.000000000000000000e+00 0.000000000000000000e+00 0.000000000000000000e+00 0.000000000000000000e+00 0.000000000000000000e+00 8.023750300890636203e-05 0.000000000000000000e+00 0.000000000000000000e+00 2.177340641189278586e-03 2.902777777777777735e-02 2.969415025240027721e-04 2.309928101575646486e-02 0.000000000000000000e+00 0.000000000000000000e+00 0.000000000000000000e+00 1.570755390546908466e-03 0.000000000000000000e+00 0.000000000000000000e+00 0.000000000000000000e+00 0.000000000000000000e+00 0.000000000000000000e+00 0.000000000000000000e+00 0.000000000000000000e+00 0.000000000000000000e+00 0.000000000000000000e+00 0.000000000000000000e+00 0.000000000000000000e+00 0.000000000000000000e+00 0.000000000000000000e+00 0.000000000000000000e+00 0.000000000000000000e+00 0.000000000000000000e+00 0.000000000000000000e+00 0.000000000000000000e+00 0.000000000000000000e+00 0.000000000000000000e+00 0.000000000000000000e+00 0.000000000000000000e+00 0.000000000000000000e+00 0.000000000000000000e+00 0.000000000000000000e+00 0.000000000000000000e+00 0.000000000000000000e+00 0.000000000000000000e+00 0.000000000000000000e+00 0.000000000000000000e+00 0.000000000000000000e+00 0.000000000000000000e+00 0.000000000000000000e+00 0.000000000000000000e+00 0.000000000000000000e+00 0.000000000000000000e+00 0.000000000000000000e+00 0.000000000000000000e+00
6.596603171624285111e-02 9.383503800319039625e-04 3.328328797973162945e-01 8.445153420287135337e-03 1.004034906634137213e-02 9.383503800319039625e-05 0.000000000000000000e+00 1.394927536231884042e-02 4.459967759269210102e-02 2.637528259231348721e-03 5.546719681908549027e-02 7.544322897019992147e-03 2.165869218500797444e-01 1.037967768369297931e-02 2.492331288343558205e-03 7.468259895444361984e-04 1.066477070742979103e-03 1.717032967032967167e-04 9.992313604919292672e-03 3.956478733926804998e-03 0.000000000000000000e+00 0.000000000000000000e+00 2.912353347135955908e-02 1.027866605756052980e-02 4.425930747201249453e-03 0.000000000000000000e+00 5.988023952095808313e-04 0.000000000000000000e+00 1.154833190761334408e-02 1.036537963202902339e-03 1.176639403070741871e-02 1.551448779374857423e-02 1.428425670849913258e-03 5.397705974960641771e-03 1.253918495297805724e-03 0.000000000000000000e+00 1.592356687898089252e-03 2.566076469078778567e-04 0.000000000000000000e+00 0.000000000000000000e+00 1.042752867570385846e-03 0.000000000000000000e+00 0.000000000000000000e+00 0.000000000000000000e+00 0.000000000000000000e+00 0.000000000000000000e+00 0.000000000000000000e+00 0.000000000000000000e+00 1.368925393566050629e-04 8.646779074794639448e-05 1.847778266608006946e-03 0.000000000000000000e+00 5.772005772005772001e-04 0.000000000000000000e+00 1.198219787743923410e-03 0.000000000000000000e+00 6.494186655493872605e-03 8.050881571532083345e-05 6.126747080222094688e-03 1.235941169200346175e-04 3.441621100032164760e-02 0.000000000000000000e+00 2.550478214665249672e-03 1.317870321560358539e-04 4.280856171234247165e-02 0.000000000000000000e+00 4.978308797382831937e-04 2.407125090267190997e-04 9.139097057210747530e-04 2.604845011721802620e-04 8.153765297695021730e-02 1.319444444444444484e-03 2.444818370780956276e-02 7.342817806333180528e-03 4.504504504504504465e-03 0.000000000000000000e+00 1.225754310344827520e-02 4.569470227045551586e-03 0.000000000000000000e+00 0.000000000000000000e+00 3.432003432003432036e-03 0.000000000000000000e+00 5.685048322910744422e-04 4.562043795620437806e-04 2.222843562141758531e-02 1.773206844578420103e-04 8.385744234800838158e-04 0.000000000000000000e+00 2.349058435255290192e-02 1.442793247727600689e-04 0.000000000000000000e+00 8.017103153393907418e-04 0.000000000000000000e+00 0.000000000000000000e+00 8.038585209003214910e-03 0.000000000000000000e+00 9.302325581395349359e-04 0.000000000000000000e+00 0.000000000000000000e+00 0.000000000000000000e+00 0.000000000000000000e+00 0.000000000000000000e+00 4.803073967339096888e-04 0.000000000000000000e+00 0.000000000000000000e+00 3.095017022593624274e-04 0.000000000000000000e+00 0.000000000000000000e+00 0.000000000000000000e+00 0.000000000000000000e+00 0.000000000000000000e+00 0.000000000000000000e+00 0.000000000000000000e+00 0.000000000000000000e+00 0.000000000000000000e+00 0.000000000000000000e+00
3.079710144927536378e-03 1.073369565217391353e-01 1.077898550724637645e-02 2.611413043478260643e-01 5.434782608695652240e-04 3.623188405797101493e-04 1.394927536231884042e-02 0.000000000000000000e+00 1.343363782912412614e-03 7.912584777694046945e-02 7.952286282306162205e-03 9.222934741606940434e-02 5.954279638490165075e-03 3.269598470363288545e-01 3.834355828220858986e-04 1.232262882748319695e-02 1.421969427657305326e-03 6.524725274725274964e-03 9.992313604919292672e-03 9.351677007463357269e-03 0.000000000000000000e+00 0.000000000000000000e+00 1.532091097308488532e-02 2.466879853814527013e-02 1.041395469929705907e-03 0.000000000000000000e+00 1.197604790419161663e-03 0.000000000000000000e+00 2.281151981750784326e-03 9.458408914226484193e-03 2.123690629932558499e-02 2.395619438740588525e-02 7.550249974492398430e-03 5.322737836419521446e-03 0.000000000000000000e+00 4.327131112072695645e-04 6.369426751592356358e-04 3.079291762894534063e-03 0.000000000000000000e+00 6.038647342995168794e-04 0.000000000000000000e+00 0.000000000000000000e+00 0.000000000000000000e+00 6.581112207963146234e-05 0.000000000000000000e+00 2.391867649990033796e-03 0.000000000000000000e+00 0.000000000000000000e+00 0.000000000000000000e+00 6.398616515348032677e-03 0.000000000000000000e+00 9.717897914897631259e-03 0.000000000000000000e+00 3.322259136212624663e-03 0.000000000000000000e+00 5.056271407600717270e-03 0.000000000000000000e+00 6.521214072940987455e-03 0.000000000000000000e+00 3.460635273760968855e-03 0.000000000000000000e+00 4.897159647404505760e-03 0.000000000000000000e+00 3.953610964681075345e-04 2.000400080016003206e-04 2.184750733137829845e-02 7.111869710546903155e-05 2.326887587258284675e-03 0.000000000000000000e+00 2.604845011721802512e-03 4.655004129439146814e-03 5.743055555555555414e-02 5.839849549638721077e-03 2.325225638672173689e-02 0.000000000000000000e+00 1.289134438305709028e-02 7.273706896551723929e-03 1.727830929601599161e-02 0.000000000000000000e+00 1.712328767123287576e-03 1.430001430001430105e-04 5.370996618261388543e-03 0.000000000000000000e+00 9.124087591240875612e-04 3.495037047392702276e-04 1.702278570795283386e-02 0.000000000000000000e+00 5.878894767783656708e-04 3.882741215298000340e-04 2.265185398932333116e-02 6.682258603407951808e-04 8.017103153393907418e-04 5.434782608695652240e-04 0.000000000000000000e+00 1.607717041800643069e-03 3.533568904593639530e-03 0.000000000000000000e+00 0.000000000000000000e+00 0.000000000000000000e+00 9.541984732824427108e-04 0.000000000000000000e+00 0.000000000000000000e+00 4.803073967339096888e-04 2.434867299732164554e-04 0.000000000000000000e+00 3.095017022593624274e-04 0.000000000000000000e+00 0.000000000000000000e+00 0.000000000000000000e+00 0.000000000000000000e+00 0.000000000000000000e+00 0.000000000000000000e+00 0.000000000000000000e+00 7.898894154818325315e-04 0.000000000000000000e+00 0.000000000000000000e+00
2.686727565824825552e-04 0.000000000000000000e+00 2.579258463191832357e-02 1.880709296077377832e-03 2.369693713057496043e-01 2.686727565824825227e-03 4.459967759269210102e-02 1.343363782912412614e-03 0.000000000000000000e+00 6.782215523737753979e-03 1.988071570576540822e-04 0.000000000000000000e+00 5.029239766081871482e-02 5.462988254575252157e-04 2.415644171779141036e-01 1.867064973861090387e-03 3.554923569143263315e-04 0.000000000000000000e+00 1.098056440101021197e-04 0.000000000000000000e+00 2.197802197802197800e-03 0.000000000000000000e+00 1.104209799861973840e-03 1.142074006395614374e-03 1.301744337412132167e-03 3.516483516483516480e-03 7.784431137724551024e-03 2.579979360165118472e-04 1.454234388366124932e-02 1.295672454003627923e-04 1.004448270914047939e-03 3.194159251654118351e-03 1.020304050607080898e-04 7.496813854112002761e-05 0.000000000000000000e+00 0.000000000000000000e+00 0.000000000000000000e+00 0.000000000000000000e+00 0.000000000000000000e+00 0.000000000000000000e+00 0.000000000000000000e+00 0.000000000000000000e+00 0.000000000000000000e+00 0.000000000000000000e+00 0.000000000000000000e+00 0.000000000000000000e+00 1.543924656476763912e-04 0.000000000000000000e+00 1.368925393566050629e-04 0.000000000000000000e+00 0.000000000000000000e+00 0.000000000000000000e+00 0.000000000000000000e+00 0.000000000000000000e+00 1.711742553919890354e-04 0.000000000000000000e+00 1.047449460563527765e-04 0.000000000000000000e+00 0.000000000000000000e+00 0.000000000000000000e+00 4.824702476680604651e-04 0.000000000000000000e+00 2.125398512221041483e-04 0.000000000000000000e+00 6.001200240048009619e-04 0.000000000000000000e+00 0.000000000000000000e+00 0.000000000000000000e+00 3.655638822884298795e-04 0.000000000000000000e+00 1.922066221187776827e-02 6.944444444444444709e-04 2.672473522716024841e-02 4.589261128958237830e-04 0.000000000000000000e+00 0.000000000000000000e+00 4.040948275862069235e-03 4.283878337855205154e-04 0.000000000000000000e+00 0.000000000000000000e+00 4.290004290004290045e-04 0.000000000000000000e+00 0.000000000000000000e+00 0.000000000000000000e+00 4.194044456871242623e-04 0.000000000000000000e+00 0.000000000000000000e+00 0.000000000000000000e+00 0.000000000000000000e+00 0.000000000000000000e+00 0.000000000000000000e+00 0.000000000000000000e+00 0.000000000000000000e+00 0.000000000000000000e+00 1.125401929260450191e-02 0.000000000000000000e+00 0.000000000000000000e+00 0.000000000000000000e+00 0.000000000000000000e+00 0.000000000000000000e+00 0.000000000000000000e+00 0.000000000000000000e+00 4.803073967339096888e-04 0.000000000000000000e+00 0.000000000000000000e+00 0.000000000000000000e+00 0.000000000000000000e+00 0.000000000000000000e+00 0.000000000000000000e+00 0.000000000000000000e+00 0.000000000000000000e+00 0.000000000000000000e+00 0.000000000000000000e+00 0.000000000000000000e+00 0.000000000000000000e+00 0.000000000000000000e+00
0.000000000000000000e+00 4.144687264506405691e-03 1.055011303692539489e-02 2.373775433308214153e-02 9.042954031650339217e-03 1.345139412207987939e-01 2.637528259231348721e-03 7.912584777694046945e-02 6.782215523737753979e-03 0.000000000000000000e+00 0.000000000000000000e+00 2.829121086382497055e-03 4.253056884635831886e-04 9.969953564599835782e-03 9.585889570552147193e-04 1.530993278566094018e-01 0.000000000000000000e+00 0.000000000000000000e+00 0.000000000000000000e+00 0.000000000000000000e+00 2.197802197802197800e-03 0.000000000000000000e+00 6.211180124223602064e-03 3.883051621745089218e-03 9.893256964332205680e-03 4.615384615384615641e-02 1.796407185628742494e-03 5.159958720330237031e-02 0.000000000000000000e+00 5.182689816014511910e-03 1.076194575979337077e-02 6.388318503308236702e-03 0.000000000000000000e+00 4.498088312467201657e-04 0.000000000000000000e+00 0.000000000000000000e+00 0.000000000000000000e+00 0.000000000000000000e+00 0.000000000000000000e+00 0.000000000000000000e+00 0.000000000000000000e+00 1.158748551564310527e-03 0.000000000000000000e+00 0.000000000000000000e+00 0.000000000000000000e+00 0.000000000000000000e+00 0.000000000000000000e+00 0.000000000000000000e+00 0.000000000000000000e+00 0.000000000000000000e+00 0.000000000000000000e+00 1.886970468912161562e-04 0.000000000000000000e+00 1.582028160101249775e-04 0.000000000000000000e+00 3.262110585548850324e-04 0.000000000000000000e+00 1.610176314306416669e-04 0.000000000000000000e+00 0.000000000000000000e+00 0.000000000000000000e+00 0.000000000000000000e+00 0.000000000000000000e+00 0.000000000000000000e+00 0.000000000000000000e+00 1.466275659824046920e-04 0.000000000000000000e+00 2.407125090267190997e-04 0.000000000000000000e+00 0.000000000000000000e+00 3.979277723552819036e-03 1.694444444444444600e-02 3.959220033653370295e-04 8.796083830503289083e-03 0.000000000000000000e+00 0.000000000000000000e+00 0.000000000000000000e+00 2.427531058117949388e-03 0.000000000000000000e+00 0.000000000000000000e+00 0.000000000000000000e+00 3.978516013526954597e-04 0.000000000000000000e+00 0.000000000000000000e+00 0.000000000000000000e+00 5.319620533735260580e-04 0.000000000000000000e+00 0.000000000000000000e+00 0.000000000000000000e+00 5.771172990910402754e-04 0.000000000000000000e+00 0.000000000000000000e+00 0.000000000000000000e+00 0.000000000000000000e+00 0.000000000000000000e+00 0.000000000000000000e+00 0.000000000000000000e+00 0.000000000000000000e+00 0.000000000000000000e+00 0.000000000000000000e+00 0.000000000000000000e+00 0.000000000000000000e+00 0.000000000000000000e+00 0.000000000000000000e+00 0.000000000000000000e+00 0.000000000000000000e+00 0.000000000000000000e+00 0.000000000000000000e+00 0.000000000000000000e+00 0.000000000000000000e+00 0.000000000000000000e+00 0.000000000000000000e+00 0.000000000000000000e+00 0.000000000000000000e+00 0.000000000000000000e+00 0.000000000000000000e+00
2.423459244532803203e-01 5.964214711729622738e-04 5.188866799204771424e-02 5.765407554671968249e-03 0.000000000000000000e+00 0.000000000000000000e+00 5.546719681908549027e-02 7.952286282306162205e-03 1.988071570576540822e-04 0.000000000000000000e+00 0.000000000000000000e+00 1.508864579403998473e-03 1.323763955342902587e-01 2.731494127287626078e-04 5.751533742331288749e-04 0.000000000000000000e+00 7.127621756132243580e-02 1.717032967032967167e-04 1.570220709344460203e-02 9.891196834817012496e-04 0.000000000000000000e+00 0.000000000000000000e+00 8.281573498964803909e-03 3.883051621745089218e-03 0.000000000000000000e+00 0.000000000000000000e+00 0.000000000000000000e+00 0.000000000000000000e+00 4.605075563159395646e-02 5.182689816014511694e-04 1.176639403070741871e-02 1.368925393566050629e-03 6.121824303642485823e-03 2.848789264562561103e-03 6.269592476489028619e-04 0.000000000000000000e+00 0.000000000000000000e+00 2.566076469078778567e-04 0.000000000000000000e+00 0.000000000000000000e+00 0.000000000000000000e+00 0.000000000000000000e+00 0.000000000000000000e+00 0.000000000000000000e+00 0.000000000000000000e+00 9.966115208291808389e-05 0.000000000000000000e+00 0.000000000000000000e+00 0.000000000000000000e+00 0.000000000000000000e+00 2.639683238011438881e-04 0.000000000000000000e+00 0.000000000000000000e+00 0.000000000000000000e+00 0.000000000000000000e+00 0.000000000000000000e+00 1.424531266366397750e-02 0.000000000000000000e+00 1.914608462569404590e-03 0.000000000000000000e+00 2.541009971051785138e-02 0.000000000000000000e+00 2.337938363443145713e-03 0.000000000000000000e+00 8.601720344068813570e-03 0.000000000000000000e+00 4.978308797382831937e-04 8.023750300890636203e-05 1.827819411442149506e-03 0.000000000000000000e+00 2.004655004129439130e-02 6.944444444444444438e-05 5.542908047114718413e-03 1.070827596756922196e-03 0.000000000000000000e+00 3.683241252302025918e-03 3.098060344827586327e-03 1.427959445951734871e-03 0.000000000000000000e+00 0.000000000000000000e+00 8.580008580008580089e-04 0.000000000000000000e+00 0.000000000000000000e+00 0.000000000000000000e+00 1.118411855165664772e-03 0.000000000000000000e+00 0.000000000000000000e+00 0.000000000000000000e+00 7.765482430596000680e-04 0.000000000000000000e+00 0.000000000000000000e+00 0.000000000000000000e+00 0.000000000000000000e+00 0.000000000000000000e+00 1.607717041800643069e-03 0.000000000000000000e+00 0.000000000000000000e+00 0.000000000000000000e+00 8.216926869350862396e-04 0.000000000000000000e+00 0.000000000000000000e+00 0.000000000000000000e+00 0.000000000000000000e+00 0.000000000000000000e+00 0.000000000000000000e+00 0.000000000000000000e+00 0.000000000000000000e+00 0.000000000000000000e+00 0.000000000000000000e+00 0.000000000000000000e+00 0.000000000000000000e+00 0.000000000000000000e+00 0.000000000000000000e+00 0.000000000000000000e+00 0.000000000000000000e+00 0.000000000000000000e+00
1.697472651829498363e-03 6.261788004526593066e-02 7.167106752168993233e-03 7.223689173896642723e-02 0.000000000000000000e+00 0.000000000000000000e+00 7.544322897019992147e-03 9.222934741606940434e-02 0.000000000000000000e+00 2.829121086382497055e-03 1.508864579403998473e-03 0.000000000000000000e+00 1.063264221158958080e-03 1.795957388691614420e-01 0.000000000000000000e+00 1.680358476474981284e-03 7.109847138286526629e-04 4.807692307692307959e-02 5.160865268474799407e-03 1.987231364085963528e-02 0.000000000000000000e+00 0.000000000000000000e+00 3.036576949620427898e-03 2.581087254454088667e-02 0.000000000000000000e+00 0.000000000000000000e+00 0.000000000000000000e+00 2.579979360165118472e-04 1.425719988594240204e-04 6.128530707437159636e-02 4.017793083656191755e-03 3.878621948437143557e-03 2.040608101214161797e-03 6.222355498912961885e-03 0.000000000000000000e+00 0.000000000000000000e+00 0.000000000000000000e+00 1.026430587631511427e-03 0.000000000000000000e+00 6.038647342995168794e-04 0.000000000000000000e+00 0.000000000000000000e+00 0.000000000000000000e+00 0.000000000000000000e+00 0.000000000000000000e+00 9.966115208291808389e-05 0.000000000000000000e+00 0.000000000000000000e+00 0.000000000000000000e+00 7.782101167315175639e-04 0.000000000000000000e+00 5.660911406736484144e-04 0.000000000000000000e+00 0.000000000000000000e+00 0.000000000000000000e+00 2.120371880606752683e-03 2.094898921127055530e-04 5.957652362933741133e-03 0.000000000000000000e+00 7.415647015202075963e-04 0.000000000000000000e+00 6.856023506366307543e-03 0.000000000000000000e+00 7.116499736425935946e-03 0.000000000000000000e+00 5.571847507331378728e-03 7.111869710546903155e-05 8.023750300890636475e-04 1.827819411442149398e-04 1.041938004688721048e-03 3.754035588257376480e-04 2.076388888888888729e-02 7.918440067306740590e-04 8.566620774055377571e-03 0.000000000000000000e+00 7.366482504604051837e-03 2.963362068965517092e-03 5.711837783806939482e-03 0.000000000000000000e+00 1.712328767123287576e-02 0.000000000000000000e+00 2.466679928386711698e-02 0.000000000000000000e+00 1.824817518248175122e-03 0.000000000000000000e+00 2.048053905488075171e-02 0.000000000000000000e+00 5.878894767783656708e-04 1.941370607649000170e-04 3.116433415091617379e-02 0.000000000000000000e+00 2.672367717797968778e-04 0.000000000000000000e+00 0.000000000000000000e+00 0.000000000000000000e+00 0.000000000000000000e+00 0.000000000000000000e+00 0.000000000000000000e+00 0.000000000000000000e+00 0.000000000000000000e+00 0.000000000000000000e+00 0.000000000000000000e+00 0.000000000000000000e+00 0.000000000000000000e+00 0.000000000000000000e+00 0.000000000000000000e+00 0.000000000000000000e+00 0.000000000000000000e+00 0.000000000000000000e+00 0.000000000000000000e+00 0.000000000000000000e+00 0.000000000000000000e+00 0.000000000000000000e+00 0.000000000000000000e+00 0.000000000000000000e+00 0.000000000000000000e+00
7.123870281765018464e-03 0.000000000000000000e+00 6.879319510898458667e-02 3.721424774056352955e-03 2.870813397129186578e-03 2.126528442317915943e-04 2.165869218500797444e-01 5.954279638490165075e-03 5.029239766081871482e-02 4.253056884635831886e-04 1.323763955342902587e-01 1.063264221158958080e-03 0.000000000000000000e+00 2.458344714558863796e-03 1.944018404907975339e-01 1.867064973861090496e-04 8.709562744400994524e-03 0.000000000000000000e+00 6.698144284616229516e-03 5.395198273536552271e-04 0.000000000000000000e+00 0.000000000000000000e+00 3.257418909592822709e-02 3.197807217907720507e-03 2.603488674824264333e-03 4.395604395604395601e-04 5.988023952095808313e-04 0.000000000000000000e+00 1.012261191901910468e-01 7.774034724021766998e-04 1.090543836992394905e-02 5.019393109742185423e-03 3.775124987246199215e-03 1.949171602069120664e-03 1.567398119122256992e-03 0.000000000000000000e+00 3.184713375796178179e-04 0.000000000000000000e+00 0.000000000000000000e+00 0.000000000000000000e+00 0.000000000000000000e+00 0.000000000000000000e+00 0.000000000000000000e+00 0.000000000000000000e+00 2.249718785151855909e-04 0.000000000000000000e+00 0.000000000000000000e+00 0.000000000000000000e+00 1.368925393566050629e-04 0.000000000000000000e+00 1.143862736471623317e-03 0.000000000000000000e+00 0.000000000000000000e+00 0.000000000000000000e+00 5.135227661759671604e-04 0.000000000000000000e+00 9.741279983240808474e-03 0.000000000000000000e+00 3.446295232624928262e-03 0.000000000000000000e+00 6.014795754261820226e-02 0.000000000000000000e+00 1.742826780021253935e-02 0.000000000000000000e+00 3.520704140828165296e-02 0.000000000000000000e+00 5.689495768437522524e-04 0.000000000000000000e+00 4.021202705172729000e-03 2.604845011721802620e-04 5.195585254148209209e-02 6.944444444444444709e-04 2.761555973473225900e-02 4.436285757992963416e-03 4.504504504504504465e-03 0.000000000000000000e+00 1.804956896551724102e-02 1.570755390546908466e-03 5.369127516778523200e-03 0.000000000000000000e+00 1.716001716001715888e-02 0.000000000000000000e+00 0.000000000000000000e+00 0.000000000000000000e+00 2.034111561582552935e-02 0.000000000000000000e+00 1.257861635220125724e-03 0.000000000000000000e+00 1.533682780042710213e-02 0.000000000000000000e+00 1.336451720681590362e-03 2.672367717797968778e-04 0.000000000000000000e+00 0.000000000000000000e+00 1.286173633440514455e-02 1.766784452296819765e-03 0.000000000000000000e+00 0.000000000000000000e+00 0.000000000000000000e+00 0.000000000000000000e+00 0.000000000000000000e+00 0.000000000000000000e+00 4.803073967339096888e-04 0.000000000000000000e+00 0.000000000000000000e+00 0.000000000000000000e+00 0.000000000000000000e+00 0.000000000000000000e+00 0.000000000000000000e+00 0.000000000000000000e+00 0.000000000000000000e+00 0.000000000000000000e+00 0.000000000000000000e+00 0.000000000000000000e+00 0.000000000000000000e+00 0.000000000000000000e+00
