3.012445963050944253e-01 4.910157577653861960e-01 3.485722864367287177e-01 4.957610392516099695e-01 0.000000000000000000e+00 0.000000000000000000e+00 2.961665565693716862e-01 4.703976398673855308e-01 3.713039879773195606e-01 0.000000000000000000e+00 3.674560020759755630e-01 4.593134635247115294e-01 3.906858010147372107e-01 0.000000000000000000e+00 3.841864444877156615e-01 0.000000000000000000e+00 3.316222340919289802e-01 4.865853381081390316e-01 4.133671620438263972e-01 5.131374118777123350e-01 0.000000000000000000e+00 0.000000000000000000e+00 4.193428843248374616e-01 4.360416993006993036e-01 0.000000000000000000e+00 0.000000000000000000e+00 0.000000000000000000e+00 0.000000000000000000e+00 4.138734026556276091e-01 4.845313986458059663e-01 4.031037561696701466e-01 4.842402568807339103e-01 3.960532650858373249e-01 5.071681235748595196e-01 5.169633222222221880e-01 5.235733333333332240e-01 5.124986480111322074e-01 5.411628672158572684e-01 5.752449473684210224e-01 0.000000000000000000e+00 0.000000000000000000e+00 0.000000000000000000e+00 0.000000000000000000e+00 0.000000000000000000e+00 4.145975853008139755e-01 0.000000000000000000e+00 4.313285458314141119e-01 0.000000000000000000e+00 3.970517498561713099e-01 4.423318577235771931e-01 4.110053596875699045e-01 4.803362968333267924e-01 4.123111486654582047e-01 0.000000000000000000e+00 4.108836829787295142e-01 0.000000000000000000e+00 3.137572532324711672e-01 5.026132660706630340e-01 4.093851211714430449e-01 5.049156157718559523e-01 4.062474310516460685e-01 0.000000000000000000e+00 3.939856019307733104e-01 4.812658628680774875e-01 4.170973749607631009e-01 4.823344850438900377e-01 4.225323031984687394e-01 5.179131225901727476e-01 3.467333320058977320e-01 5.223699205733685069e-01 3.741071368270535435e-01 4.938826335608349494e-01 4.171882626260486338e-01 4.782516931324263254e-01 4.396038650035546946e-01 0.000000000000000000e+00 4.152738962065130601e-01 4.733117505593181784e-01 0.000000000000000000e+00 0.000000000000000000e+00 4.123803724154841421e-01 0.000000000000000000e+00 4.318157500000000537e-01 0.000000000000000000e+00 4.257467074164641430e-01 0.000000000000000000e+00 0.000000000000000000e+00 0.000000000000000000e+00 4.285974991675675638e-01 0.000000000000000000e+00 4.171558229852821431e-01 3.947534112903225423e-01 0.000000000000000000e+00 0.000000000000000000e+00 4.564122011885760610e-01 0.000000000000000000e+00 0.000000000000000000e+00 0.000000000000000000e+00 4.387162506830601383e-01 0.000000000000000000e+00 0.000000000000000000e+00 0.000000000000000000e+00 4.481436696754405036e-01 4.439901883101851632e-01 0.000000000000000000e+00 4.978846406249999856e-01 0.000000000000000000e+00 0.000000000000000000e+00 0.000000000000000000e+00 0.000000000000000000e+00 0.000000000000000000e+00 0.000000000000000000e+00 0.000000000000000000e+00 0.000000000000000000e+00 0.000000000000000000e+00 0.000000000000000000e+00
4.910157577653861960e-01 2.700196499751325585e-01 4.820411510098323027e-01 3.687817478552729566e-01 0.000000000000000000e+00 0.000000000000000000e+00 4.664245966852494929e-01 3.315227047635779800e-01 0.000000000000000000e+00 3.646564289753615462e-01 4.641939864864864651e-01 3.762159045021400972e-01 4.362898604651163081e-01 3.941279904830329861e-01 0.000000000000000000e+00 4.168714745106700814e-01 4.760239038759944696e-01 3.434695749405049514e-01 5.054874281401454672e-01 3.630850728164076169e-01 0.000000000000000000e+00 0.000000000000000000e+00 0.000000000000000000e+00 4.183254635808965061e-01 0.000000000000000000e+00 0.000000000000000000e+00 0.000000000000000000e+00 0.000000000000000000e+00 4.774450948801742811e-01 4.289470585783280998e-01 0.000000000000000000e+00 0.000000000000000000e+00 4.824655444176695895e-01 4.073860168293544914e-01 0.000000000000000000e+00 4.451732368421052466e-01 5.102595373368729037e-01 5.249451999664151991e-01 0.000000000000000000e+00 5.506204822061128157e-01 0.000000000000000000e+00 0.000000000000000000e+00 0.000000000000000000e+00 4.380993902439024867e-01 0.000000000000000000e+00 4.226519860196345513e-01 0.000000000000000000e+00 0.000000000000000000e+00 4.630343689521198014e-01 4.209801416511056993e-01 4.694721913043478634e-01 4.039371910564948931e-01 0.000000000000000000e+00 4.166995871138797214e-01 4.281963167701863249e-01 4.170681544672494856e-01 4.978084284475176036e-01 3.161401899147954775e-01 5.013185358402575398e-01 4.122753036440979790e-01 4.749842212924671458e-01 3.837655071835248122e-01 5.239105416666666182e-01 3.846366705305760969e-01 4.748100161290322307e-01 3.999177899531514147e-01 5.044189693917225936e-01 4.145690118047916095e-01 5.162061952920724561e-01 2.832213147823480215e-01 4.939776666781713899e-01 3.805735813850235627e-01 4.676190180357202575e-01 4.169733206064722419e-01 5.483311111111111025e-01 4.344314915644222896e-01 4.757138917570620795e-01 4.138876602462159271e-01 0.000000000000000000e+00 0.000000000000000000e+00 5.057889259259259473e-01 4.216377873797907405e-01 0.000000000000000000e+00 0.000000000000000000e+00 0.000000000000000000e+00 4.372884439954575209e-01 0.000000000000000000e+00 4.196663419354838553e-01 4.553324927536231970e-01 4.195974238430307812e-01 5.282275428571427955e-01 4.412407893816439608e-01 0.000000000000000000e+00 4.241054592592592987e-01 5.005821696428570666e-01 4.598148657372493342e-01 0.000000000000000000e+00 5.216241874999999473e-01 0.000000000000000000e+00 5.022194280888322426e-01 0.000000000000000000e+00 0.000000000000000000e+00 4.049886746884287514e-01 4.360771666820703052e-01 0.000000000000000000e+00 4.509355853907331957e-01 0.000000000000000000e+00 4.614822540597409151e-01 0.000000000000000000e+00 0.000000000000000000e+00 0.000000000000000000e+00 0.000000000000000000e+00 0.000000000000000000e+00 0.000000000000000000e+00 0.000000000000000000e+00 0.000000000000000000e+00
3.485722864367287177e-01 4.820411510098323027e-01 2.927079767023915702e-01 4.634212709872217451e-01 1.709789734678628381e-01 4.364239904097930167e-01 3.382227686086302088e-01 4.524755569999445171e-01 2.273505795502598070e-01 4.390074160852056595e-01 4.176845924135255683e-01 4.624401452792911704e-01 3.638748098285914945e-01 4.539847295550541451e-01 3.393810098383567286e-01 4.557364287997798802e-01 4.049063339029223552e-01 4.882446802114832063e-01 3.201652225224667081e-01 4.946355370205002266e-01 0.000000000000000000e+00 0.000000000000000000e+00 2.799340069100749728e-01 4.413889687144517682e-01 2.603830863796904316e-01 4.341517327563708117e-01 2.803177812020950510e-01 3.561163246753246692e-01 3.883938359614756419e-01 4.762399120132593255e-01 3.511411810637367625e-01 4.367701448595958658e-01 4.273043646510081839e-01 4.725973067864839283e-01 4.444150798477185527e-01 0.000000000000000000e+00 4.540550071444509062e-01 5.186105714285714763e-01 4.203174130434782496e-01 0.000000000000000000e+00 3.946328619863645470e-01 0.000000000000000000e+00 4.612630416666667066e-01 0.000000000000000000e+00 4.275284623911130844e-01 5.174034756756755726e-01 4.524208420479608472e-01 0.000000000000000000e+00 4.060514143023061240e-01 5.263022662243150851e-01 3.988763904590119092e-01 4.179918503401360841e-01 4.657367253521126349e-01 0.000000000000000000e+00 3.954718878504672741e-01 0.000000000000000000e+00 4.102753684021272496e-01 4.666253181818181273e-01 4.243249960673585175e-01 5.101824815104165634e-01 4.026310377791106898e-01 0.000000000000000000e+00 4.243016827586206796e-01 0.000000000000000000e+00 4.048880963124527055e-01 4.586690915492958043e-01 4.463532504741755669e-01 4.804594423167292683e-01 4.044838719738471089e-01 5.079265697674419933e-01 3.675647758883650029e-01 4.453363949914894149e-01 3.847728167693768020e-01 4.609238119795499578e-01 3.739759246813552651e-01 0.000000000000000000e+00 4.173821096655470075e-01 4.410115225809629891e-01 0.000000000000000000e+00 0.000000000000000000e+00 3.949915856247884216e-01 0.000000000000000000e+00 3.824837733333333323e-01 0.000000000000000000e+00 4.053249754938879068e-01 0.000000000000000000e+00 3.755465249999999644e-01 0.000000000000000000e+00 4.008980142886652831e-01 4.922831969696969678e-01 4.168412747821070852e-01 4.293713193826473873e-01 3.878029375223880360e-01 4.064908802816901146e-01 4.466410791734445329e-01 4.570313695652173935e-01 0.000000000000000000e+00 0.000000000000000000e+00 0.000000000000000000e+00 0.000000000000000000e+00 0.000000000000000000e+00 0.000000000000000000e+00 4.205482156215658573e-01 4.091166152729384109e-01 0.000000000000000000e+00 0.000000000000000000e+00 0.000000000000000000e+00 4.125208255708082139e-01 0.000000000000000000e+00 0.000000000000000000e+00 0.000000000000000000e+00 0.000000000000000000e+00 0.000000000000000000e+00 0.000000000000000000e+00 0.000000000000000000e+00 0.000000000000000000e+00
4.957610392516099695e-01 3.687817478552729566e-01 4.634212709872217451e-01 2.637098501078344315e-01 4.264974320987654499e-01 2.259025481006100011e-01 4.616525044574937842e-01 3.495924248022832526e-01 4.491109890425971085e-01 2.075917134245947038e-01 4.660868634266033816e-01 3.920249239668791019e-01 4.523858013011010093e-01 3.549187069225537283e-01 4.610699336198109122e-01 3.122925536025439874e-01 4.849611737005408707e-01 4.314822349965943271e-01 5.054090352448892265e-01 2.940890274912157931e-01 0.000000000000000000e+00 0.000000000000000000e+00 4.591149545186132275e-01 2.546850958649000685e-01 0.000000000000000000e+00 2.653496559454190939e-01 0.000000000000000000e+00 2.909077296918767264e-01 4.670315992155948948e-01 3.931474490785226150e-01 4.285067399472737293e-01 2.860037153338899629e-01 4.988393678570881007e-01 3.842399276934698737e-01 0.000000000000000000e+00 4.552401457015544106e-01 4.799331010101010597e-01 4.765537863688696918e-01 0.000000000000000000e+00 4.298478916666666483e-01 0.000000000000000000e+00 0.000000000000000000e+00 0.000000000000000000e+00 4.270225594405594460e-01 0.000000000000000000e+00 4.587856426975226443e-01 0.000000000000000000e+00 4.616155227969198083e-01 0.000000000000000000e+00 4.416387548957056985e-01 4.447940483870967410e-01 4.465292414222239437e-01 0.000000000000000000e+00 4.583226314810220359e-01 0.000000000000000000e+00 0.000000000000000000e+00 0.000000000000000000e+00 4.451703230975301295e-01 5.151855210084033132e-01 4.474808199763017358e-01 0.000000000000000000e+00 4.189470776699029675e-01 4.960028615384616812e-01 3.950412591741166435e-01 0.000000000000000000e+00 4.363331247428149373e-01 5.052750318371894700e-01 4.501486132990362155e-01 5.251335419232919799e-01 4.514961894936107001e-01 4.521818013698629679e-01 3.865327117224655051e-01 4.759346903017945829e-01 3.988500167156744936e-01 4.302081724137932217e-01 3.762690217507587143e-01 4.694050410901005055e-01 4.201281644399322279e-01 0.000000000000000000e+00 0.000000000000000000e+00 5.050901603773585435e-01 4.115948197120883334e-01 0.000000000000000000e+00 4.078440001879699017e-01 0.000000000000000000e+00 4.249477302303791282e-01 0.000000000000000000e+00 3.557408271604938221e-01 0.000000000000000000e+00 4.189301203033994336e-01 0.000000000000000000e+00 4.610950214820654369e-01 0.000000000000000000e+00 0.000000000000000000e+00 0.000000000000000000e+00 4.458861938254436441e-01 0.000000000000000000e+00 0.000000000000000000e+00 0.000000000000000000e+00 0.000000000000000000e+00 0.000000000000000000e+00 0.000000000000000000e+00 0.000000000000000000e+00 4.278710575625765400e-01 0.000000000000000000e+00 4.503936194690265626e-01 0.000000000000000000e+00 3.902421504424778975e-01 0.000000000000000000e+00 0.000000000000000000e+00 0.000000000000000000e+00 0.000000000000000000e+00 0.000000000000000000e+00 0.000000000000000000e+00 0.000000000000000000e+00 0.000000000000000000e+00
0.000000000000000000e+00 0.000000000000000000e+00 1.709789734678628381e-01 4.264974320987654499e-01 1.943073195057671843e-01 4.389658535644786475e-01 3.083967014413178109e-01 4.374970689470720764e-01 2.694041734061609072e-01 4.360482236345853413e-01 0.000000000000000000e+00 0.000000000000000000e+00 0.000000000000000000e+00 0.000000000000000000e+00 3.010888696373257845e-01 4.684168693294091246e-01 0.000000000000000000e+00 0.000000000000000000e+00 4.434930841121496048e-01 0.000000000000000000e+00 3.127375988418367170e-01 0.000000000000000000e+00 2.505483383363789063e-01 4.379457867020619677e-01 1.538925792898158951e-01 4.425485210406201464e-01 2.543143943316789612e-01 4.611590596066544867e-01 3.179116762391619999e-01 0.000000000000000000e+00 3.366869799759583670e-01 3.928245876480189747e-01 4.203120816042466568e-01 4.035834723312747285e-01 0.000000000000000000e+00 0.000000000000000000e+00 4.113901341431358549e-01 0.000000000000000000e+00 4.327813819444444876e-01 0.000000000000000000e+00 0.000000000000000000e+00 0.000000000000000000e+00 4.615477905303030370e-01 0.000000000000000000e+00 4.715489837398373352e-01 0.000000000000000000e+00 4.442027113426974538e-01 0.000000000000000000e+00 0.000000000000000000e+00 0.000000000000000000e+00 4.482143150553150601e-01 0.000000000000000000e+00 4.573866722689075015e-01 0.000000000000000000e+00 4.086862728666724731e-01 0.000000000000000000e+00 3.991520000000000623e-01 0.000000000000000000e+00 3.879510991735536929e-01 4.843261666666666132e-01 0.000000000000000000e+00 0.000000000000000000e+00 0.000000000000000000e+00 0.000000000000000000e+00 0.000000000000000000e+00 0.000000000000000000e+00 0.000000000000000000e+00 0.000000000000000000e+00 4.284685588223700603e-01 0.000000000000000000e+00 3.349109261245569735e-01 4.918268848667672333e-01 3.050288075899501017e-01 0.000000000000000000e+00 2.568618061247983086e-01 0.000000000000000000e+00 3.823799467549351405e-01 3.511694705882352774e-01 0.000000000000000000e+00 0.000000000000000000e+00 3.834441869079829313e-01 0.000000000000000000e+00 3.523140109627380667e-01 0.000000000000000000e+00 3.902112508336091357e-01 0.000000000000000000e+00 3.683419431239935427e-01 0.000000000000000000e+00 3.868024055867968491e-01 0.000000000000000000e+00 3.650710916666666805e-01 0.000000000000000000e+00 0.000000000000000000e+00 0.000000000000000000e+00 0.000000000000000000e+00 0.000000000000000000e+00 0.000000000000000000e+00 0.000000000000000000e+00 0.000000000000000000e+00 0.000000000000000000e+00 0.000000000000000000e+00 0.000000000000000000e+00 4.105549527559054779e-01 0.000000000000000000e+00 0.000000000000000000e+00 0.000000000000000000e+00 0.000000000000000000e+00 0.000000000000000000e+00 0.000000000000000000e+00 0.000000000000000000e+00 0.000000000000000000e+00 0.000000000000000000e+00 0.000000000000000000e+00 0.000000000000000000e+00 0.000000000000000000e+00 0.000000000000000000e+00
0.000000000000000000e+00 0.000000000000000000e+00 4.364239904097930167e-01 2.259025481006100011e-01 4.389658535644786475e-01 2.304464357154038245e-01 4.321673323952470169e-01 1.785142915188492330e-01 4.665406129994552065e-01 1.993067793097371143e-01 0.000000000000000000e+00 0.000000000000000000e+00 4.363808364025243414e-01 0.000000000000000000e+00 4.437498020562770096e-01 2.786468183416372368e-01 0.000000000000000000e+00 4.452548823529412503e-01 0.000000000000000000e+00 0.000000000000000000e+00 4.814508205367980520e-01 2.027245294117647201e-01 4.620953141915415396e-01 2.569678788871903041e-01 4.386804066144555092e-01 2.422230648866798286e-01 4.415979409716052628e-01 2.322000718713553569e-01 0.000000000000000000e+00 3.367402632579861721e-01 4.259322555666437693e-01 3.292544125112984998e-01 0.000000000000000000e+00 3.731820454545454746e-01 0.000000000000000000e+00 0.000000000000000000e+00 0.000000000000000000e+00 4.073802481303419043e-01 0.000000000000000000e+00 3.874437435897435944e-01 0.000000000000000000e+00 0.000000000000000000e+00 0.000000000000000000e+00 4.670437289719626683e-01 0.000000000000000000e+00 0.000000000000000000e+00 4.475049258620689696e-01 4.424977115825802776e-01 0.000000000000000000e+00 4.595324710743801666e-01 0.000000000000000000e+00 4.401208705035971613e-01 0.000000000000000000e+00 4.578461034482759207e-01 0.000000000000000000e+00 4.552155178568291771e-01 0.000000000000000000e+00 0.000000000000000000e+00 0.000000000000000000e+00 0.000000000000000000e+00 0.000000000000000000e+00 0.000000000000000000e+00 0.000000000000000000e+00 0.000000000000000000e+00 0.000000000000000000e+00 0.000000000000000000e+00 0.000000000000000000e+00 0.000000000000000000e+00 0.000000000000000000e+00 0.000000000000000000e+00 4.899391029980402767e-01 3.563010740625378037e-01 4.072094468202094864e-01 3.166175160885058570e-01 0.000000000000000000e+00 2.773344163951545482e-01 0.000000000000000000e+00 3.459111386021333501e-01 0.000000000000000000e+00 0.000000000000000000e+00 0.000000000000000000e+00 0.000000000000000000e+00 0.000000000000000000e+00 3.746999369167048899e-01 5.293002462311557910e-01 4.141256902407555174e-01 0.000000000000000000e+00 3.827140681834055869e-01 0.000000000000000000e+00 3.810477824212463172e-01 0.000000000000000000e+00 0.000000000000000000e+00 0.000000000000000000e+00 0.000000000000000000e+00 0.000000000000000000e+00 0.000000000000000000e+00 0.000000000000000000e+00 0.000000000000000000e+00 4.253758467741935445e-01 0.000000000000000000e+00 0.000000000000000000e+00 0.000000000000000000e+00 0.000000000000000000e+00 0.000000000000000000e+00 0.000000000000000000e+00 0.000000000000000000e+00 0.000000000000000000e+00 0.000000000000000000e+00 0.000000000000000000e+00 0.000000000000000000e+00 0.000000000000000000e+00 0.000000000000000000e+00 0.000000000000000000e+00 0.000000000000000000e+00 0.000000000000000000e+00 0.000000000000000000e+00
2.961665565693716862e-01 4.664245966852494929e-01 3.382227686086302088e-01 4.616525044574937842e-01 3.083967014413178109e-01 4.321673323952470169e-01 2.886170759411793019e-01 4.499727112889199687e-01 2.801923656612304581e-01 4.333182241520462941e-01 3.635061502664936883e-01 4.608251037566838404e-01 2.933918272611143463e-01 4.445735760450886809e-01 3.390113146696406288e-01 4.577350105597912111e-01 3.804015221310357853e-01 4.738559047049068496e-01 4.003102696636042790e-01 4.854113164385736590e-01 0.000000000000000000e+00 0.000000000000000000e+00 3.738535493384834152e-01 4.473564073917282724e-01 3.446424259259259770e-01 0.000000000000000000e+00 0.000000000000000000e+00 0.000000000000000000e+00 3.692718212496607921e-01 4.468246320131101235e-01 3.733586808691687353e-01 4.591432408030360901e-01 3.859669052574382087e-01 4.608933612779772537e-01 4.922994588235293789e-01 0.000000000000000000e+00 4.321394280330225768e-01 0.000000000000000000e+00 0.000000000000000000e+00 0.000000000000000000e+00 0.000000000000000000e+00 0.000000000000000000e+00 4.378571734765234758e-01 0.000000000000000000e+00 3.945638284210478686e-01 4.945828307692308190e-01 4.234458954235247319e-01 0.000000000000000000e+00 3.919549057769809997e-01 0.000000000000000000e+00 3.923119110888581562e-01 0.000000000000000000e+00 3.925198873961308621e-01 0.000000000000000000e+00 3.955270414275173230e-01 0.000000000000000000e+00 3.881617242118575173e-01 0.000000000000000000e+00 4.083749418158761357e-01 4.780496871352785115e-01 4.112162499237298485e-01 0.000000000000000000e+00 0.000000000000000000e+00 0.000000000000000000e+00 3.970096645747765440e-01 0.000000000000000000e+00 3.939320565603862678e-01 4.551804553505869322e-01 4.205016785714285055e-01 0.000000000000000000e+00 3.275469657732540396e-01 4.510648266852195221e-01 3.753992308304753833e-01 4.574095624677788630e-01 3.760559441095471245e-01 0.000000000000000000e+00 3.928215085829313002e-01 4.568263524757577021e-01 0.000000000000000000e+00 0.000000000000000000e+00 3.882171229913700117e-01 0.000000000000000000e+00 0.000000000000000000e+00 0.000000000000000000e+00 4.032966733636597079e-01 4.554203522875817089e-01 4.051827846153845947e-01 0.000000000000000000e+00 4.014246042809115900e-01 0.000000000000000000e+00 0.000000000000000000e+00 0.000000000000000000e+00 0.000000000000000000e+00 0.000000000000000000e+00 4.484750370370370609e-01 4.757975083333333410e-01 0.000000000000000000e+00 0.000000000000000000e+00 4.290286551724137309e-01 0.000000000000000000e+00 0.000000000000000000e+00 4.099216268656716844e-01 4.321518429752066459e-01 0.000000000000000000e+00 0.000000000000000000e+00 0.000000000000000000e+00 0.000000000000000000e+00 0.000000000000000000e+00 0.000000000000000000e+00 0.000000000000000000e+00 0.000000000000000000e+00 0.000000000000000000e+00 0.000000000000000000e+00 0.000000000000000000e+00 0.000000000000000000e+00 0.000000000000000000e+00
4.703976398673855308e-01 3.315227047635779800e-01 4.524755569999445171e-01 3.495924248022832526e-01 4.374970689470720764e-01 1.785142915188492330e-01 4.499727112889199687e-01 2.506047681468385746e-01 0.000000000000000000e+00 2.299480146033166805e-01 4.635706830902647235e-01 3.346661910509827198e-01 4.450050030865591588e-01 3.011844852998260547e-01 4.495710346056526752e-01 2.490479773913599482e-01 4.656597833651168750e-01 4.050681632864364667e-01 4.651924271698379409e-01 3.977065907783597920e-01 3.465796229508197324e-01 0.000000000000000000e+00 4.520659754626225046e-01 3.398581515688945398e-01 4.399992271121578868e-01 1.723817138190045506e-01 4.407247126436781848e-01 0.000000000000000000e+00 4.545409434859932207e-01 3.574181012296338555e-01 4.141164829892243215e-01 3.456787489301107463e-01 4.594312078235086028e-01 3.879292804904926895e-01 0.000000000000000000e+00 4.322540978468900064e-01 4.858870130587106817e-01 4.277679856577388251e-01 0.000000000000000000e+00 3.546661313868613163e-01 0.000000000000000000e+00 0.000000000000000000e+00 0.000000000000000000e+00 3.835132037858387521e-01 0.000000000000000000e+00 3.912878706324086631e-01 0.000000000000000000e+00 4.633274176356588780e-01 0.000000000000000000e+00 3.825748623472823295e-01 4.360275501154681210e-01 3.779861583064695885e-01 0.000000000000000000e+00 3.861573237458029717e-01 0.000000000000000000e+00 3.708813967472446849e-01 4.514318750000000380e-01 3.927992423257078425e-01 4.756477675585284448e-01 4.350440633878367991e-01 4.567566020785522873e-01 3.990350722906469416e-01 4.690880859375000100e-01 4.051873836294716535e-01 4.798683307086613614e-01 3.878525002306580927e-01 4.952575316299500097e-01 4.307899190401738299e-01 0.000000000000000000e+00 4.284788330375202681e-01 4.490651420078622391e-01 3.183692658770433948e-01 4.504165430385068114e-01 3.826394020092712678e-01 4.198929724358974047e-01 3.616364756299081384e-01 4.588263209708825507e-01 3.891472734605406214e-01 0.000000000000000000e+00 0.000000000000000000e+00 0.000000000000000000e+00 3.932875163216161263e-01 0.000000000000000000e+00 4.246345972222221876e-01 4.445559751117784675e-01 3.976453009689090434e-01 0.000000000000000000e+00 0.000000000000000000e+00 4.364220559440559755e-01 4.009997067047801345e-01 4.383032016806722164e-01 0.000000000000000000e+00 0.000000000000000000e+00 0.000000000000000000e+00 0.000000000000000000e+00 4.037907491140530492e-01 0.000000000000000000e+00 0.000000000000000000e+00 0.000000000000000000e+00 3.671198651685393388e-01 0.000000000000000000e+00 0.000000000000000000e+00 4.303271890243902109e-01 3.870473164957264900e-01 0.000000000000000000e+00 0.000000000000000000e+00 0.000000000000000000e+00 0.000000000000000000e+00 0.000000000000000000e+00 0.000000000000000000e+00 0.000000000000000000e+00 0.000000000000000000e+00 0.000000000000000000e+00 0.000000000000000000e+00 0.000000000000000000e+00 0.000000000000000000e+00
3.713039879773195606e-01 0.000000000000000000e+00 2.273505795502598070e-01 4.491109890425971085e-01 2.694041734061609072e-01 4.665406129994552065e-01 2.801923656612304581e-01 0.000000000000000000e+00 2.738187691957169601e-01 4.600633259045855961e-01 3.778069239618337960e-01 0.000000000000000000e+00 3.100270151854709888e-01 0.000000000000000000e+00 2.687733536803039724e-01 4.685653897971005510e-01 0.000000000000000000e+00 0.000000000000000000e+00 4.071689618917455067e-01 0.000000000000000000e+00 0.000000000000000000e+00 0.000000000000000000e+00 3.682673096770776588e-01 4.403861337989216085e-01 2.885406830065360140e-01 4.511887454614648130e-01 2.376295718164478377e-01 4.893250694444444826e-01 3.331218173655779435e-01 4.743682941176470269e-01 3.790855196825396733e-01 4.260460374042085996e-01 4.127222637362636948e-01 0.000000000000000000e+00 0.000000000000000000e+00 0.000000000000000000e+00 4.169423770968616050e-01 0.000000000000000000e+00 0.000000000000000000e+00 0.000000000000000000e+00 0.000000000000000000e+00 0.000000000000000000e+00 0.000000000000000000e+00 0.000000000000000000e+00 0.000000000000000000e+00 0.000000000000000000e+00 4.280723648648648294e-01 0.000000000000000000e+00 0.000000000000000000e+00 0.000000000000000000e+00 4.057074567444650115e-01 0.000000000000000000e+00 0.000000000000000000e+00 0.000000000000000000e+00 0.000000000000000000e+00 0.000000000000000000e+00 0.000000000000000000e+00 0.000000000000000000e+00 0.000000000000000000e+00 0.000000000000000000e+00 0.000000000000000000e+00 0.000000000000000000e+00 0.000000000000000000e+00 0.000000000000000000e+00 3.617070421052632212e-01 0.000000000000000000e+00 3.683846544117647115e-01 0.000000000000000000e+00 0.000000000000000000e+00 0.000000000000000000e+00 3.432322423809728851e-01 0.000000000000000000e+00 3.169120893995422406e-01 0.000000000000000000e+00 2.799153482332907283e-01 0.000000000000000000e+00 4.012209093987805231e-01 0.000000000000000000e+00 0.000000000000000000e+00 0.000000000000000000e+00 4.146332386363635880e-01 0.000000000000000000e+00 3.541226944199541427e-01 0.000000000000000000e+00 4.051711514628652533e-01 0.000000000000000000e+00 3.714127553795650849e-01 0.000000000000000000e+00 4.047049271664945325e-01 0.000000000000000000e+00 0.000000000000000000e+00 0.000000000000000000e+00 0.000000000000000000e+00 0.000000000000000000e+00 0.000000000000000000e+00 0.000000000000000000e+00 0.000000000000000000e+00 0.000000000000000000e+00 0.000000000000000000e+00 0.000000000000000000e+00 0.000000000000000000e+00 0.000000000000000000e+00 0.000000000000000000e+00 0.000000000000000000e+00 0.000000000000000000e+00 0.000000000000000000e+00 0.000000000000000000e+00 0.000000000000000000e+00 0.000000000000000000e+00 0.000000000000000000e+00 0.000000000000000000e+00 0.000000000000000000e+00 0.000000000000000000e+00 0.000000000000000000e+00 0.000000000000000000e+00 0.000000000000000000e+00
0.000000000000000000e+00 3.646564289753615462e-01 4.390074160852056595e-01 2.075917134245947038e-01 4.360482236345853413e-01 1.993067793097371143e-01 4.333182241520462941e-01 2.299480146033166805e-01 4.600633259045855961e-01 1.656847096118785057e-01 0.000000000000000000e+00 3.421732327542930108e-01 4.325271585974602706e-01 3.141419158739888196e-01 4.326987748344513496e-01 2.742125485904586824e-01 0.000000000000000000e+00 3.895445696202531893e-01 4.763738506804825468e-01 4.020266145833333304e-01 4.074781923076923329e-01 0.000000000000000000e+00 4.342048429200345283e-01 2.368046778925404217e-01 4.244686589423355971e-01 2.224138124998824573e-01 0.000000000000000000e+00 3.195427762576805164e-01 4.645678911967938141e-01 3.406920791638651247e-01 4.027061607073182392e-01 3.207552841222269246e-01 4.528381789473684416e-01 3.359872177184406450e-01 0.000000000000000000e+00 4.037743873873874123e-01 0.000000000000000000e+00 4.064286384615384273e-01 0.000000000000000000e+00 3.940647685950413592e-01 0.000000000000000000e+00 0.000000000000000000e+00 0.000000000000000000e+00 0.000000000000000000e+00 0.000000000000000000e+00 3.405686043165467858e-01 0.000000000000000000e+00 0.000000000000000000e+00 0.000000000000000000e+00 0.000000000000000000e+00 0.000000000000000000e+00 4.261358749999999973e-01 0.000000000000000000e+00 4.397257344827587011e-01 0.000000000000000000e+00 4.349865680672267976e-01 0.000000000000000000e+00 4.520953707692307311e-01 0.000000000000000000e+00 3.759857382812499815e-01 0.000000000000000000e+00 0.000000000000000000e+00 0.000000000000000000e+00 0.000000000000000000e+00 0.000000000000000000e+00 0.000000000000000000e+00 0.000000000000000000e+00 4.509188928054232437e-01 0.000000000000000000e+00 0.000000000000000000e+00 4.866955254545454190e-01 3.281126398409639489e-01 4.462956219512195233e-01 3.265187390852248850e-01 0.000000000000000000e+00 2.719962476190476153e-01 4.565371071428571126e-01 3.520236885860830167e-01 0.000000000000000000e+00 0.000000000000000000e+00 0.000000000000000000e+00 3.564861922681634709e-01 0.000000000000000000e+00 3.989688026315789671e-01 0.000000000000000000e+00 3.846001431433104800e-01 0.000000000000000000e+00 3.707530936698718027e-01 0.000000000000000000e+00 4.096747826267419512e-01 0.000000000000000000e+00 3.795642524590164268e-01 0.000000000000000000e+00 0.000000000000000000e+00 0.000000000000000000e+00 0.000000000000000000e+00 0.000000000000000000e+00 0.000000000000000000e+00 0.000000000000000000e+00 0.000000000000000000e+00 0.000000000000000000e+00 0.000000000000000000e+00 0.000000000000000000e+00 0.000000000000000000e+00 0.000000000000000000e+00 0.000000000000000000e+00 0.000000000000000000e+00 0.000000000000000000e+00 0.000000000000000000e+00 0.000000000000000000e+00 0.000000000000000000e+00 0.000000000000000000e+00 0.000000000000000000e+00 0.000000000000000000e+00 0.000000000000000000e+00 0.000000000000000000e+00
3.674560020759755630e-01 4.641939864864864651e-01 4.176845924135255683e-01 4.660868634266033816e-01 0.000000000000000000e+00 0.000000000000000000e+00 3.635061502664936883e-01 4.635706830902647235e-01 3.778069239618337960e-01 0.000000000000000000e+00 3.062029254311728343e-01 4.593937053248195457e-01 2.806500979304659138e-01 4.501087786111110933e-01 3.937413031013960452e-01 0.000000000000000000e+00 3.907946477359953708e-01 5.062610326086955936e-01 4.208680378677136513e-01 4.818413493023042116e-01 0.000000000000000000e+00 0.000000000000000000e+00 4.196999534598925274e-01 4.801588057794324849e-01 0.000000000000000000e+00 0.000000000000000000e+00 0.000000000000000000e+00 0.000000000000000000e+00 4.224220947151337557e-01 4.693357271977832146e-01 4.140505625661374811e-01 4.497227288318323413e-01 4.190434716116860359e-01 4.757759073225555357e-01 4.962519368421052790e-01 0.000000000000000000e+00 4.278936852704582350e-01 4.864615607476635573e-01 4.306440483870968006e-01 0.000000000000000000e+00 0.000000000000000000e+00 0.000000000000000000e+00 3.911542118644067423e-01 0.000000000000000000e+00 3.942399082568807112e-01 0.000000000000000000e+00 0.000000000000000000e+00 0.000000000000000000e+00 3.770557428431372538e-01 0.000000000000000000e+00 4.241809440021616084e-01 0.000000000000000000e+00 4.172023062499999879e-01 0.000000000000000000e+00 3.773952266666666944e-01 0.000000000000000000e+00 4.000640394128294752e-01 0.000000000000000000e+00 4.291261308146149256e-01 0.000000000000000000e+00 4.259316671037263191e-01 0.000000000000000000e+00 4.123703290258237675e-01 0.000000000000000000e+00 4.268940737678946218e-01 0.000000000000000000e+00 4.490996149823600625e-01 0.000000000000000000e+00 0.000000000000000000e+00 0.000000000000000000e+00 3.908494212556909431e-01 0.000000000000000000e+00 4.011068760108951747e-01 4.660314983720972304e-01 3.909987107534105832e-01 0.000000000000000000e+00 4.377238928476430146e-01 4.620264908794665115e-01 0.000000000000000000e+00 0.000000000000000000e+00 4.102767942394735523e-01 0.000000000000000000e+00 0.000000000000000000e+00 0.000000000000000000e+00 4.255414281281810207e-01 4.248366344827586571e-01 0.000000000000000000e+00 0.000000000000000000e+00 4.112930654452053303e-01 0.000000000000000000e+00 0.000000000000000000e+00 0.000000000000000000e+00 0.000000000000000000e+00 0.000000000000000000e+00 4.868894324324324341e-01 4.352299113924050222e-01 0.000000000000000000e+00 0.000000000000000000e+00 0.000000000000000000e+00 0.000000000000000000e+00 0.000000000000000000e+00 0.000000000000000000e+00 0.000000000000000000e+00 0.000000000000000000e+00 0.000000000000000000e+00 0.000000000000000000e+00 0.000000000000000000e+00 4.190985876288659262e-01 0.000000000000000000e+00 0.000000000000000000e+00 0.000000000000000000e+00 0.000000000000000000e+00 0.000000000000000000e+00 0.000000000000000000e+00 0.000000000000000000e+00 0.000000000000000000e+00
4.593134635247115294e-01 3.762159045021400972e-01 4.624401452792911704e-01 3.920249239668791019e-01 0.000000000000000000e+00 0.000000000000000000e+00 4.608251037566838404e-01 3.346661910509827198e-01 0.000000000000000000e+00 3.421732327542930108e-01 4.593937053248195457e-01 2.605644459650824363e-01 4.414847169637372004e-01 2.821462745505096126e-01 4.353102129629629613e-01 2.816631442876280089e-01 4.470566745699952604e-01 2.891282299660735688e-01 4.590249401008717478e-01 4.256843104666097610e-01 0.000000000000000000e+00 0.000000000000000000e+00 4.601779639030357250e-01 3.925205484808875767e-01 0.000000000000000000e+00 0.000000000000000000e+00 0.000000000000000000e+00 0.000000000000000000e+00 4.472014908624478147e-01 4.224355560063572934e-01 4.280494753712368872e-01 3.741442585127595644e-01 4.649079412264590094e-01 3.999742997230927299e-01 0.000000000000000000e+00 4.744939733727906450e-01 0.000000000000000000e+00 4.483795424994985179e-01 0.000000000000000000e+00 3.962990283018867910e-01 0.000000000000000000e+00 0.000000000000000000e+00 0.000000000000000000e+00 4.328321734280496935e-01 0.000000000000000000e+00 4.051743082423038267e-01 0.000000000000000000e+00 4.468535390070921265e-01 0.000000000000000000e+00 3.553438663261339614e-01 0.000000000000000000e+00 3.986931145618175520e-01 0.000000000000000000e+00 3.900956969891092307e-01 0.000000000000000000e+00 4.079588412624938765e-01 0.000000000000000000e+00 4.271372807042369546e-01 4.861155820895522450e-01 4.502602672052185007e-01 0.000000000000000000e+00 4.128706653444346175e-01 0.000000000000000000e+00 4.098139392330088504e-01 0.000000000000000000e+00 4.122779104573487952e-01 5.105275079567835883e-01 4.362785064184538375e-01 0.000000000000000000e+00 4.489748585858585606e-01 0.000000000000000000e+00 3.455081676312612426e-01 4.662238284484169215e-01 4.206604705567378311e-01 4.664990259740259826e-01 0.000000000000000000e+00 4.654738612590380020e-01 3.985305201140679210e-01 0.000000000000000000e+00 0.000000000000000000e+00 0.000000000000000000e+00 4.320893041378603416e-01 0.000000000000000000e+00 0.000000000000000000e+00 0.000000000000000000e+00 4.261011808201953799e-01 0.000000000000000000e+00 0.000000000000000000e+00 0.000000000000000000e+00 4.264417862009409199e-01 0.000000000000000000e+00 0.000000000000000000e+00 0.000000000000000000e+00 0.000000000000000000e+00 4.484696483516483756e-01 4.798412643678161005e-01 0.000000000000000000e+00 0.000000000000000000e+00 0.000000000000000000e+00 0.000000000000000000e+00 0.000000000000000000e+00 0.000000000000000000e+00 0.000000000000000000e+00 0.000000000000000000e+00 0.000000000000000000e+00 0.000000000000000000e+00 0.000000000000000000e+00 0.000000000000000000e+00 0.000000000000000000e+00 0.000000000000000000e+00 0.000000000000000000e+00 0.000000000000000000e+00 0.000000000000000000e+00 0.000000000000000000e+00 0.000000000000000000e+00 0.000000000000000000e+00
3.906858010147372107e-01 4.362898604651163081e-01 3.638748098285914945e-01 4.523858013011010093e-01 0.000000000000000000e+00 4.363808364025243414e-01 2.933918272611143463e-01 4.450050030865591588e-01 3.100270151854709888e-01 4.325271585974602706e-01 2.806500979304659138e-01 4.414847169637372004e-01 2.518781994419994619e-01 4.408376038581799938e-01 2.640970999008034892e-01 4.565815202417146113e-01 4.004791636555017909e-01 0.000000000000000000e+00 4.032284550232776432e-01 4.602489666462903917e-01 0.000000000000000000e+00 0.000000000000000000e+00 3.805357192435670499e-01 4.480621197094394326e-01 0.000000000000000000e+00 4.476902958158553436e-01 3.768216358668653454e-01 0.000000000000000000e+00 3.293435852115415008e-01 4.713819820628320501e-01 3.480649310826015030e-01 4.557967282825371447e-01 4.105740987202684544e-01 4.607693644711020053e-01 3.714988791208789776e-01 0.000000000000000000e+00 4.233060195498572487e-01 0.000000000000000000e+00 4.252557477443608125e-01 0.000000000000000000e+00 0.000000000000000000e+00 0.000000000000000000e+00 0.000000000000000000e+00 0.000000000000000000e+00 4.441129874512670384e-01 0.000000000000000000e+00 4.898800578512396697e-01 0.000000000000000000e+00 3.745851728091144084e-01 0.000000000000000000e+00 4.032822713224749611e-01 0.000000000000000000e+00 4.309653996306840318e-01 0.000000000000000000e+00 3.930028640374876314e-01 0.000000000000000000e+00 4.014173084618785636e-01 5.041447345679012093e-01 4.001643079099945211e-01 0.000000000000000000e+00 4.153450735516781567e-01 0.000000000000000000e+00 3.967531275952436154e-01 0.000000000000000000e+00 4.070386527867589921e-01 0.000000000000000000e+00 4.152593319593563814e-01 5.239613734177215321e-01 4.212223863287249959e-01 0.000000000000000000e+00 3.316141966104443894e-01 4.276124482758621448e-01 3.871465961083632723e-01 4.611914551397268136e-01 3.725422583333333204e-01 0.000000000000000000e+00 3.967304487993145723e-01 4.117793315102534213e-01 0.000000000000000000e+00 0.000000000000000000e+00 3.865428577616916717e-01 4.289612958579882007e-01 3.820979358974358475e-01 4.303705371900826693e-01 4.077634850632166907e-01 0.000000000000000000e+00 0.000000000000000000e+00 0.000000000000000000e+00 4.108257467112802486e-01 4.564282086206896683e-01 0.000000000000000000e+00 0.000000000000000000e+00 0.000000000000000000e+00 0.000000000000000000e+00 4.650158823529411123e-01 0.000000000000000000e+00 0.000000000000000000e+00 0.000000000000000000e+00 0.000000000000000000e+00 0.000000000000000000e+00 0.000000000000000000e+00 0.000000000000000000e+00 0.000000000000000000e+00 0.000000000000000000e+00 0.000000000000000000e+00 0.000000000000000000e+00 0.000000000000000000e+00 0.000000000000000000e+00 0.000000000000000000e+00 0.000000000000000000e+00 0.000000000000000000e+00 0.000000000000000000e+00 0.000000000000000000e+00 0.000000000000000000e+00 0.000000000000000000e+00 0.000000000000000000e+00
