2.877263912605201868e-01 4.889731338321318121e-01 3.556390960569859594e-01 4.909169792400447929e-01 3.718916548482231188e-01 0.000000000000000000e+00 2.837805789628236042e-01 4.786030063480707919e-01 3.439611141443202902e-01 0.000000000000000000e+00 3.378507245076187160e-01 4.765714515875982826e-01 3.712980786437247716e-01 4.222071845878136997e-01 3.688623031511562012e-01 0.000000000000000000e+00 3.091211595809834067e-01 4.843773221026350662e-01 3.974159327416049159e-01 5.056364654427633054e-01 0.000000000000000000e+00 0.000000000000000000e+00 4.099965555896538660e-01 0.000000000000000000e+00 0.000000000000000000e+00 0.000000000000000000e+00 0.000000000000000000e+00 0.000000000000000000e+00 3.731273822212397562e-01 4.856319956368294610e-01 3.926037312648366640e-01 4.533366938775510446e-01 4.032381573813733633e-01 4.796567642560786715e-01 0.000000000000000000e+00 4.834637503666320835e-01 4.924780813602773200e-01 5.407554121398344682e-01 5.644197389925211805e-01 0.000000000000000000e+00 0.000000000000000000e+00 5.473879270833332811e-01 0.000000000000000000e+00 0.000000000000000000e+00 4.136519160431304520e-01 0.000000000000000000e+00 0.000000000000000000e+00 0.000000000000000000e+00 4.146682937411423908e-01 0.000000000000000000e+00 4.084135559841138852e-01 5.084229979139504030e-01 0.000000000000000000e+00 0.000000000000000000e+00 4.080801322097554196e-01 0.000000000000000000e+00 3.817640411020469804e-01 4.828876843470711888e-01 4.132784985306305892e-01 4.874820034630051313e-01 4.030158942797276711e-01 0.000000000000000000e+00 4.010276256953491658e-01 0.000000000000000000e+00 4.230865144416291468e-01 4.797441603336422000e-01 4.282385002867452606e-01 5.080997219574121537e-01 3.523780366815686960e-01 4.969591461675094690e-01 3.579441208260024654e-01 4.998310109058771156e-01 3.948510740240154249e-01 4.888855639509477879e-01 3.817834788161732495e-01 4.825807081148366096e-01 4.143245697934613836e-01 4.832563375712787268e-01 0.000000000000000000e+00 0.000000000000000000e+00 4.109441923823930476e-01 0.000000000000000000e+00 0.000000000000000000e+00 0.000000000000000000e+00 4.197701010615875750e-01 0.000000000000000000e+00 0.000000000000000000e+00 0.000000000000000000e+00 4.117084606662363977e-01 0.000000000000000000e+00 0.000000000000000000e+00 4.372566717557251348e-01 0.000000000000000000e+00 0.000000000000000000e+00 4.600657917922725826e-01 0.000000000000000000e+00 4.410108617892796734e-01 0.000000000000000000e+00 4.964478562499999859e-01 0.000000000000000000e+00 0.000000000000000000e+00 0.000000000000000000e+00 4.198697280405405685e-01 0.000000000000000000e+00 4.413282817644251788e-01 0.000000000000000000e+00 0.000000000000000000e+00 0.000000000000000000e+00 0.000000000000000000e+00 0.000000000000000000e+00 0.000000000000000000e+00 0.000000000000000000e+00 0.000000000000000000e+00 0.000000000000000000e+00 0.000000000000000000e+00 0.000000000000000000e+00
4.889731338321318121e-01 3.247873614498587025e-01 4.985816751259779522e-01 3.544891320102842025e-01 0.000000000000000000e+00 0.000000000000000000e+00 4.836357021463728589e-01 3.349555108375635304e-01 0.000000000000000000e+00 3.961306309438368811e-01 4.895580342261904860e-01 3.514777310822975176e-01 0.000000000000000000e+00 3.792342073987948203e-01 0.000000000000000000e+00 3.779563824566519181e-01 4.932350361487510826e-01 3.461169220906666899e-01 5.041611291015569707e-01 3.969662246500562652e-01 0.000000000000000000e+00 0.000000000000000000e+00 0.000000000000000000e+00 0.000000000000000000e+00 0.000000000000000000e+00 0.000000000000000000e+00 0.000000000000000000e+00 0.000000000000000000e+00 4.910264656078134893e-01 4.118347922869080580e-01 5.108214505494506064e-01 4.999314637136318407e-01 4.949927088630234895e-01 4.362374933978403480e-01 4.903466491146318829e-01 0.000000000000000000e+00 5.452992640963288951e-01 5.399048057954921598e-01 0.000000000000000000e+00 0.000000000000000000e+00 0.000000000000000000e+00 5.083906528026869154e-01 0.000000000000000000e+00 0.000000000000000000e+00 5.226775838509316596e-01 4.299285660141786147e-01 0.000000000000000000e+00 4.598923714285714781e-01 0.000000000000000000e+00 4.184281670543495979e-01 4.829362566371681043e-01 4.203369463202591971e-01 0.000000000000000000e+00 4.181479827586207509e-01 0.000000000000000000e+00 4.033784620314829206e-01 4.852021109193892512e-01 3.868010687602036479e-01 0.000000000000000000e+00 4.295530485498404438e-01 4.872934994840040779e-01 4.148321438556008545e-01 4.725469999999999393e-01 4.193134895913168680e-01 4.806195515151515663e-01 4.253765974612080392e-01 5.029554158692625121e-01 4.195611457528689026e-01 5.054329059693332127e-01 3.447773523406888474e-01 5.023690171996509912e-01 3.889176747073885831e-01 4.951167818719123259e-01 4.256096550973738624e-01 4.875524341702450748e-01 4.146626514084709170e-01 4.826148426225875254e-01 4.436607131777708934e-01 0.000000000000000000e+00 0.000000000000000000e+00 5.307304952380952345e-01 4.180656976190476604e-01 0.000000000000000000e+00 0.000000000000000000e+00 0.000000000000000000e+00 4.255190079302113015e-01 0.000000000000000000e+00 4.122431544715448037e-01 0.000000000000000000e+00 4.137573823196349920e-01 4.529155098039215899e-01 4.884544948817442500e-01 0.000000000000000000e+00 5.379373675653594811e-01 4.701844333516014829e-01 4.659881745188838575e-01 0.000000000000000000e+00 0.000000000000000000e+00 4.881934145670506209e-01 5.503397941495041801e-01 0.000000000000000000e+00 0.000000000000000000e+00 5.168694350649351010e-01 4.907203703257033700e-01 4.672047639301133426e-01 4.923946826923076836e-01 4.629898230088495548e-01 5.532219999999999915e-01 0.000000000000000000e+00 0.000000000000000000e+00 0.000000000000000000e+00 0.000000000000000000e+00 0.000000000000000000e+00 4.350054152542373043e-01 0.000000000000000000e+00 0.000000000000000000e+00
3.556390960569859594e-01 4.985816751259779522e-01 2.563814749278489624e-01 4.369466451651724537e-01 2.000359255487673682e-01 4.252756321339814516e-01 3.168345973958725525e-01 4.484678690317681626e-01 2.927895452829434864e-01 4.100525494697310203e-01 3.909241910489182348e-01 4.643457728913882310e-01 3.476528323252486286e-01 4.311155548032479246e-01 3.256872516180151500e-01 4.293691338496807286e-01 4.069914886318665159e-01 5.058068082191780057e-01 2.953965646942260381e-01 4.911083631957437468e-01 3.665872222222221755e-01 0.000000000000000000e+00 2.433862800429055506e-01 4.125517386326512104e-01 2.122157711328075125e-01 0.000000000000000000e+00 2.937794706969774072e-01 4.148132968750000149e-01 3.882228870949711586e-01 4.891846233323097759e-01 3.376667067615397588e-01 4.040123304261065140e-01 4.103509477058435162e-01 4.780012898189565096e-01 4.501861377326981106e-01 0.000000000000000000e+00 4.631095841457825157e-01 0.000000000000000000e+00 0.000000000000000000e+00 0.000000000000000000e+00 0.000000000000000000e+00 0.000000000000000000e+00 0.000000000000000000e+00 0.000000000000000000e+00 4.047028156593406312e-01 0.000000000000000000e+00 4.344397938144330396e-01 0.000000000000000000e+00 4.191739975995823486e-01 0.000000000000000000e+00 4.077541468182018236e-01 0.000000000000000000e+00 0.000000000000000000e+00 0.000000000000000000e+00 3.765557549979801077e-01 0.000000000000000000e+00 4.004063898455159087e-01 0.000000000000000000e+00 4.245887172648010743e-01 0.000000000000000000e+00 3.703071048006355004e-01 0.000000000000000000e+00 3.927167923280423523e-01 0.000000000000000000e+00 3.941688785208370405e-01 0.000000000000000000e+00 4.400293156404599393e-01 4.514138039215687126e-01 3.723906716559828856e-01 0.000000000000000000e+00 3.452480621105327163e-01 4.803103798806132030e-01 3.808949572895302671e-01 4.490134870645987042e-01 4.066521298254751060e-01 4.041361654597036557e-01 4.100243269585917005e-01 4.576834683411126203e-01 4.239474651162790653e-01 0.000000000000000000e+00 3.843268906553550801e-01 0.000000000000000000e+00 0.000000000000000000e+00 0.000000000000000000e+00 3.975933342875041521e-01 4.670616274621681718e-01 0.000000000000000000e+00 0.000000000000000000e+00 4.026489095218726000e-01 0.000000000000000000e+00 4.294086921296296211e-01 0.000000000000000000e+00 0.000000000000000000e+00 0.000000000000000000e+00 4.400147907885948451e-01 0.000000000000000000e+00 4.266920955476063981e-01 0.000000000000000000e+00 0.000000000000000000e+00 0.000000000000000000e+00 0.000000000000000000e+00 0.000000000000000000e+00 0.000000000000000000e+00 0.000000000000000000e+00 4.071759438596491143e-01 0.000000000000000000e+00 0.000000000000000000e+00 0.000000000000000000e+00 0.000000000000000000e+00 0.000000000000000000e+00 0.000000000000000000e+00 0.000000000000000000e+00 0.000000000000000000e+00 0.000000000000000000e+00 0.000000000000000000e+00 0.000000000000000000e+00
4.909169792400447929e-01 3.544891320102842025e-01 4.369466451651724537e-01 2.462514193512355676e-01 4.386407879305108670e-01 2.082819923083547298e-01 4.540624104700004549e-01 3.366135757986602473e-01 4.368340680956758759e-01 3.021279110162373160e-01 4.760832949990956298e-01 4.065623304540144645e-01 4.309364662802888657e-01 3.541084282249644666e-01 4.395093252564767350e-01 3.324291091227669082e-01 4.781473535032018662e-01 4.160814030784188988e-01 5.032139876823503721e-01 3.031258776318034309e-01 0.000000000000000000e+00 0.000000000000000000e+00 4.329037587216588157e-01 1.950496310896654151e-01 4.101588883252608730e-01 2.138326104792415416e-01 4.259710116279070702e-01 2.895705137788587846e-01 4.739160612607555834e-01 3.907041716462389958e-01 4.119587097308277102e-01 2.972201230066918720e-01 5.006583937899385939e-01 3.946994410706621825e-01 0.000000000000000000e+00 4.733229669807833551e-01 4.951546600000000242e-01 4.912327428757080616e-01 0.000000000000000000e+00 0.000000000000000000e+00 0.000000000000000000e+00 5.161047002635046343e-01 0.000000000000000000e+00 0.000000000000000000e+00 0.000000000000000000e+00 0.000000000000000000e+00 0.000000000000000000e+00 0.000000000000000000e+00 0.000000000000000000e+00 4.421894247985281301e-01 4.770887434210526190e-01 4.064486321034224692e-01 0.000000000000000000e+00 0.000000000000000000e+00 0.000000000000000000e+00 0.000000000000000000e+00 4.640151298652290812e-01 4.270222160753157081e-01 0.000000000000000000e+00 4.597582961673686852e-01 0.000000000000000000e+00 4.603167867105772970e-01 5.001154485294116991e-01 3.723505662512979764e-01 4.549877188065541977e-01 4.276636452344872996e-01 5.242952999999999086e-01 4.419486310249715610e-01 5.097751407547109759e-01 4.441276227711882796e-01 4.330311036096886057e-01 3.567138232515918994e-01 4.561203816727994464e-01 3.940384322816903317e-01 4.266536789772726879e-01 3.888831590490015588e-01 4.417242915255350511e-01 4.204919777360639488e-01 0.000000000000000000e+00 0.000000000000000000e+00 5.364213356643356967e-01 4.176987642572027037e-01 0.000000000000000000e+00 0.000000000000000000e+00 4.302042544776119026e-01 4.218518868358883678e-01 0.000000000000000000e+00 0.000000000000000000e+00 0.000000000000000000e+00 3.824111048309690730e-01 0.000000000000000000e+00 4.844212878697518043e-01 0.000000000000000000e+00 4.861041258741258808e-01 4.652980408163265302e-01 4.246474891304347077e-01 4.129652400000000667e-01 0.000000000000000000e+00 0.000000000000000000e+00 4.419033278688524469e-01 0.000000000000000000e+00 0.000000000000000000e+00 4.334784971119899910e-01 4.551287333838619498e-01 4.473403759398495994e-01 0.000000000000000000e+00 4.567859466857539519e-01 0.000000000000000000e+00 0.000000000000000000e+00 0.000000000000000000e+00 0.000000000000000000e+00 0.000000000000000000e+00 0.000000000000000000e+00 0.000000000000000000e+00 0.000000000000000000e+00 0.000000000000000000e+00
3.718916548482231188e-01 0.000000000000000000e+00 2.000359255487673682e-01 4.386407879305108670e-01 2.489842101601967284e-01 4.396740994744764430e-01 3.698261364077031210e-01 4.204421849245619791e-01 2.072924035350241501e-01 4.297373842920834686e-01 0.000000000000000000e+00 0.000000000000000000e+00 3.400186524163624768e-01 3.726102648648648707e-01 2.920840373618829311e-01 4.467447364033899637e-01 0.000000000000000000e+00 0.000000000000000000e+00 3.817047260273972453e-01 0.000000000000000000e+00 3.674463719546111062e-01 0.000000000000000000e+00 2.138432904036875193e-01 4.461372988997478473e-01 2.177572220032896466e-01 4.201670997559284193e-01 2.800590503411259369e-01 4.293022952433236394e-01 3.508318009362255130e-01 0.000000000000000000e+00 3.547838042143126591e-01 4.152724665761329259e-01 4.380419440477572590e-01 4.496815447116412345e-01 4.771962255527211205e-01 0.000000000000000000e+00 0.000000000000000000e+00 0.000000000000000000e+00 0.000000000000000000e+00 0.000000000000000000e+00 0.000000000000000000e+00 0.000000000000000000e+00 0.000000000000000000e+00 0.000000000000000000e+00 0.000000000000000000e+00 0.000000000000000000e+00 4.202982735042735118e-01 0.000000000000000000e+00 4.498263799999999701e-01 0.000000000000000000e+00 4.097777475728155427e-01 0.000000000000000000e+00 0.000000000000000000e+00 0.000000000000000000e+00 4.385134227422003983e-01 0.000000000000000000e+00 3.854829436004784116e-01 0.000000000000000000e+00 3.429893394495413528e-01 0.000000000000000000e+00 0.000000000000000000e+00 0.000000000000000000e+00 0.000000000000000000e+00 0.000000000000000000e+00 3.943560667879417725e-01 0.000000000000000000e+00 0.000000000000000000e+00 0.000000000000000000e+00 4.214064416849973571e-01 0.000000000000000000e+00 3.076965120609066462e-01 4.472792709818862456e-01 3.303380217731864965e-01 4.373412270125776602e-01 2.688048497562056660e-01 0.000000000000000000e+00 3.516125237554905136e-01 5.083362500000000450e-01 0.000000000000000000e+00 0.000000000000000000e+00 0.000000000000000000e+00 0.000000000000000000e+00 4.135561960784314706e-01 0.000000000000000000e+00 3.970716445362303948e-01 0.000000000000000000e+00 4.131049012345679450e-01 0.000000000000000000e+00 4.070422061664755731e-01 0.000000000000000000e+00 0.000000000000000000e+00 0.000000000000000000e+00 0.000000000000000000e+00 0.000000000000000000e+00 0.000000000000000000e+00 0.000000000000000000e+00 0.000000000000000000e+00 0.000000000000000000e+00 0.000000000000000000e+00 0.000000000000000000e+00 0.000000000000000000e+00 0.000000000000000000e+00 0.000000000000000000e+00 0.000000000000000000e+00 0.000000000000000000e+00 0.000000000000000000e+00 0.000000000000000000e+00 0.000000000000000000e+00 0.000000000000000000e+00 0.000000000000000000e+00 0.000000000000000000e+00 0.000000000000000000e+00 0.000000000000000000e+00 0.000000000000000000e+00 0.000000000000000000e+00 0.000000000000000000e+00
0.000000000000000000e+00 0.000000000000000000e+00 4.252756321339814516e-01 2.082819923083547298e-01 4.396740994744764430e-01 1.920046411352780980e-01 0.000000000000000000e+00 2.549116294007678363e-01 4.156074550543837898e-01 2.191217812479106797e-01 0.000000000000000000e+00 4.479018430232558634e-01 4.459044329998691492e-01 3.885732448588710142e-01 4.274514093723840169e-01 2.791085027015012821e-01 0.000000000000000000e+00 0.000000000000000000e+00 4.274121327433628159e-01 3.766480923076923060e-01 3.899020115440114953e-01 3.545466763550453870e-01 4.241314552406643124e-01 2.196597514094166537e-01 4.235432446908047877e-01 2.044303222371629536e-01 4.264908099062659774e-01 2.409346307709412660e-01 0.000000000000000000e+00 2.873624615197890031e-01 3.819306994542435718e-01 3.132796194621352281e-01 0.000000000000000000e+00 3.816111584267071200e-01 0.000000000000000000e+00 0.000000000000000000e+00 0.000000000000000000e+00 4.162819318181817940e-01 0.000000000000000000e+00 0.000000000000000000e+00 0.000000000000000000e+00 0.000000000000000000e+00 5.475940434782609056e-01 0.000000000000000000e+00 0.000000000000000000e+00 0.000000000000000000e+00 0.000000000000000000e+00 4.816526513761467121e-01 0.000000000000000000e+00 0.000000000000000000e+00 0.000000000000000000e+00 4.613629999999999676e-01 0.000000000000000000e+00 0.000000000000000000e+00 0.000000000000000000e+00 0.000000000000000000e+00 0.000000000000000000e+00 0.000000000000000000e+00 0.000000000000000000e+00 0.000000000000000000e+00 0.000000000000000000e+00 0.000000000000000000e+00 0.000000000000000000e+00 0.000000000000000000e+00 0.000000000000000000e+00 0.000000000000000000e+00 5.074126481481481266e-01 4.393897323080142581e-01 0.000000000000000000e+00 4.588873725490196787e-01 4.413760416568555667e-01 3.368773794643286079e-01 4.212149369436034574e-01 3.372404830492929384e-01 0.000000000000000000e+00 3.330619962259758760e-01 0.000000000000000000e+00 3.305127273811914179e-01 0.000000000000000000e+00 0.000000000000000000e+00 0.000000000000000000e+00 0.000000000000000000e+00 0.000000000000000000e+00 0.000000000000000000e+00 0.000000000000000000e+00 4.037360272307319309e-01 0.000000000000000000e+00 3.525660135135135209e-01 0.000000000000000000e+00 4.042491505600248058e-01 0.000000000000000000e+00 0.000000000000000000e+00 0.000000000000000000e+00 0.000000000000000000e+00 0.000000000000000000e+00 0.000000000000000000e+00 0.000000000000000000e+00 0.000000000000000000e+00 0.000000000000000000e+00 0.000000000000000000e+00 0.000000000000000000e+00 0.000000000000000000e+00 0.000000000000000000e+00 0.000000000000000000e+00 0.000000000000000000e+00 0.000000000000000000e+00 0.000000000000000000e+00 0.000000000000000000e+00 0.000000000000000000e+00 0.000000000000000000e+00 0.000000000000000000e+00 0.000000000000000000e+00 0.000000000000000000e+00 0.000000000000000000e+00 0.000000000000000000e+00 0.000000000000000000e+00
2.837805789628236042e-01 4.836357021463728589e-01 3.168345973958725525e-01 4.540624104700004549e-01 3.698261364077031210e-01 0.000000000000000000e+00 2.653782874150918958e-01 4.498910544262206268e-01 2.852614511792901930e-01 0.000000000000000000e+00 3.173626241374359891e-01 4.544911422633955422e-01 2.644322628589211854e-01 4.355493371700600025e-01 3.048880010271142749e-01 4.461365191268764074e-01 3.920545632253384927e-01 4.568209808189654941e-01 3.827896072498929159e-01 4.704803853647192002e-01 0.000000000000000000e+00 0.000000000000000000e+00 3.573358749354226815e-01 4.322566658676689766e-01 0.000000000000000000e+00 0.000000000000000000e+00 3.432713636363637355e-01 0.000000000000000000e+00 3.382860857869509630e-01 4.516622832194596149e-01 3.646614735605737123e-01 4.402613367924398946e-01 3.840358164454529821e-01 4.656504822998032700e-01 4.515389658942364770e-01 0.000000000000000000e+00 4.380690627249799185e-01 0.000000000000000000e+00 0.000000000000000000e+00 0.000000000000000000e+00 0.000000000000000000e+00 0.000000000000000000e+00 0.000000000000000000e+00 0.000000000000000000e+00 4.119431880446622896e-01 0.000000000000000000e+00 0.000000000000000000e+00 0.000000000000000000e+00 3.904212169327703208e-01 0.000000000000000000e+00 3.940977881703768282e-01 0.000000000000000000e+00 0.000000000000000000e+00 0.000000000000000000e+00 4.147322457398494588e-01 0.000000000000000000e+00 3.926064010565431528e-01 0.000000000000000000e+00 3.917822216886366893e-01 0.000000000000000000e+00 3.899506602728160520e-01 0.000000000000000000e+00 3.865532424317312254e-01 0.000000000000000000e+00 4.036137011031247224e-01 0.000000000000000000e+00 4.290612567109747255e-01 4.490237039999999680e-01 3.922440925792586297e-01 0.000000000000000000e+00 2.991440491762585863e-01 4.086760162888162240e-01 3.671323765421866669e-01 4.541996954478526027e-01 3.472801861399972823e-01 4.659983854845211604e-01 3.873348969781617579e-01 4.661550589838311387e-01 0.000000000000000000e+00 0.000000000000000000e+00 3.828813309163821565e-01 0.000000000000000000e+00 0.000000000000000000e+00 0.000000000000000000e+00 4.051169413131253116e-01 0.000000000000000000e+00 0.000000000000000000e+00 0.000000000000000000e+00 4.016553692595758451e-01 0.000000000000000000e+00 0.000000000000000000e+00 0.000000000000000000e+00 0.000000000000000000e+00 0.000000000000000000e+00 0.000000000000000000e+00 0.000000000000000000e+00 4.145620261860465394e-01 0.000000000000000000e+00 5.244262378048780704e-01 0.000000000000000000e+00 0.000000000000000000e+00 0.000000000000000000e+00 0.000000000000000000e+00 0.000000000000000000e+00 0.000000000000000000e+00 0.000000000000000000e+00 0.000000000000000000e+00 0.000000000000000000e+00 0.000000000000000000e+00 0.000000000000000000e+00 0.000000000000000000e+00 0.000000000000000000e+00 0.000000000000000000e+00 0.000000000000000000e+00 0.000000000000000000e+00 0.000000000000000000e+00
4.786030063480707919e-01 3.349555108375635304e-01 4.484678690317681626e-01 3.366135757986602473e-01 4.204421849245619791e-01 2.549116294007678363e-01 4.498910544262206268e-01 2.555956750249171461e-01 4.487751459531675868e-01 2.232831192340625215e-01 4.576753221121280246e-01 3.050063856953988961e-01 4.313184115675584018e-01 2.528313846957035427e-01 4.374363904347195464e-01 3.236273889838026663e-01 4.806479469858058184e-01 3.971710563546642092e-01 4.845000570448009802e-01 3.985967337228845109e-01 0.000000000000000000e+00 0.000000000000000000e+00 4.499787643296901951e-01 3.279057555629392717e-01 0.000000000000000000e+00 0.000000000000000000e+00 0.000000000000000000e+00 0.000000000000000000e+00 4.711426842196451137e-01 3.613147575898181252e-01 3.753096662924602089e-01 3.708987965061844028e-01 4.849331859476592177e-01 3.932971151027658818e-01 0.000000000000000000e+00 4.839913687036022649e-01 4.702467231190408659e-01 4.105334044634205704e-01 0.000000000000000000e+00 4.332848547008546491e-01 0.000000000000000000e+00 0.000000000000000000e+00 0.000000000000000000e+00 0.000000000000000000e+00 0.000000000000000000e+00 3.928422945883102146e-01 0.000000000000000000e+00 0.000000000000000000e+00 0.000000000000000000e+00 3.916255877285234610e-01 4.328798933823529427e-01 3.912876499644618589e-01 0.000000000000000000e+00 0.000000000000000000e+00 0.000000000000000000e+00 4.114054811104194687e-01 0.000000000000000000e+00 3.977792429117461004e-01 0.000000000000000000e+00 4.250987760400770643e-01 0.000000000000000000e+00 3.944697550233354222e-01 4.503905297574571365e-01 3.769926485688351314e-01 4.672907254420409218e-01 4.122748507131202000e-01 4.661987963099048504e-01 4.343289153798876034e-01 0.000000000000000000e+00 4.632711562500000380e-01 4.604364104314983552e-01 3.312968532185389114e-01 4.473738581182809537e-01 3.702715997077969945e-01 4.692907618376455647e-01 3.624145306741659023e-01 4.659321587476641935e-01 3.897042647530225556e-01 0.000000000000000000e+00 0.000000000000000000e+00 4.637888514285714581e-01 3.871349030808345359e-01 0.000000000000000000e+00 0.000000000000000000e+00 4.347081058860517433e-01 4.144778828634018697e-01 0.000000000000000000e+00 4.151705373134328414e-01 0.000000000000000000e+00 4.136487439453094828e-01 0.000000000000000000e+00 0.000000000000000000e+00 0.000000000000000000e+00 0.000000000000000000e+00 4.627880236220472399e-01 0.000000000000000000e+00 0.000000000000000000e+00 0.000000000000000000e+00 4.221161408354061617e-01 3.987646074766353910e-01 0.000000000000000000e+00 0.000000000000000000e+00 4.610871046511628157e-01 0.000000000000000000e+00 0.000000000000000000e+00 0.000000000000000000e+00 0.000000000000000000e+00 0.000000000000000000e+00 0.000000000000000000e+00 0.000000000000000000e+00 0.000000000000000000e+00 0.000000000000000000e+00 0.000000000000000000e+00 0.000000000000000000e+00 0.000000000000000000e+00 0.000000000000000000e+00
3.439611141443202902e-01 0.000000000000000000e+00 2.927895452829434864e-01 4.368340680956758759e-01 2.072924035350241501e-01 4.156074550543837898e-01 2.852614511792901930e-01 4.487751459531675868e-01 2.259158264484891210e-01 4.369272638888888616e-01 3.332525333333332673e-01 0.000000000000000000e+00 3.005935326067276092e-01 4.679412442321557730e-01 2.655309309310036614e-01 4.353822594470047602e-01 0.000000000000000000e+00 0.000000000000000000e+00 0.000000000000000000e+00 0.000000000000000000e+00 3.578823888888889027e-01 0.000000000000000000e+00 3.212323805317323644e-01 4.326653101911976385e-01 3.374105184659090817e-01 4.171431710526316006e-01 2.805517364590964791e-01 0.000000000000000000e+00 3.565643719967266922e-01 0.000000000000000000e+00 3.340940150261895170e-01 3.908297702421230646e-01 4.003775583858764642e-01 0.000000000000000000e+00 0.000000000000000000e+00 0.000000000000000000e+00 4.301183548387096933e-01 0.000000000000000000e+00 0.000000000000000000e+00 0.000000000000000000e+00 0.000000000000000000e+00 0.000000000000000000e+00 0.000000000000000000e+00 0.000000000000000000e+00 0.000000000000000000e+00 0.000000000000000000e+00 0.000000000000000000e+00 0.000000000000000000e+00 0.000000000000000000e+00 0.000000000000000000e+00 3.700608086956522214e-01 0.000000000000000000e+00 0.000000000000000000e+00 0.000000000000000000e+00 0.000000000000000000e+00 0.000000000000000000e+00 0.000000000000000000e+00 0.000000000000000000e+00 0.000000000000000000e+00 0.000000000000000000e+00 0.000000000000000000e+00 0.000000000000000000e+00 0.000000000000000000e+00 0.000000000000000000e+00 3.805085561985948606e-01 0.000000000000000000e+00 3.981776583333333508e-01 0.000000000000000000e+00 4.269100626446759028e-01 0.000000000000000000e+00 2.812429768014683695e-01 0.000000000000000000e+00 3.128291602605697830e-01 4.301309628135087659e-01 2.701900413793103528e-01 0.000000000000000000e+00 3.712366348577065822e-01 4.404457124356498943e-01 0.000000000000000000e+00 0.000000000000000000e+00 0.000000000000000000e+00 0.000000000000000000e+00 0.000000000000000000e+00 0.000000000000000000e+00 3.991922875518248426e-01 0.000000000000000000e+00 0.000000000000000000e+00 0.000000000000000000e+00 3.937355600618778761e-01 0.000000000000000000e+00 0.000000000000000000e+00 0.000000000000000000e+00 0.000000000000000000e+00 0.000000000000000000e+00 0.000000000000000000e+00 0.000000000000000000e+00 0.000000000000000000e+00 0.000000000000000000e+00 0.000000000000000000e+00 0.000000000000000000e+00 0.000000000000000000e+00 0.000000000000000000e+00 0.000000000000000000e+00 0.000000000000000000e+00 0.000000000000000000e+00 0.000000000000000000e+00 0.000000000000000000e+00 0.000000000000000000e+00 0.000000000000000000e+00 0.000000000000000000e+00 0.000000000000000000e+00 0.000000000000000000e+00 0.000000000000000000e+00 0.000000000000000000e+00 0.000000000000000000e+00 0.000000000000000000e+00
0.000000000000000000e+00 3.961306309438368811e-01 4.100525494697310203e-01 3.021279110162373160e-01 4.297373842920834686e-01 2.191217812479106797e-01 0.000000000000000000e+00 2.232831192340625215e-01 4.369272638888888616e-01 1.931700068223111411e-01 0.000000000000000000e+00 2.789500727272726799e-01 3.888746329113922928e-01 3.247532235300431003e-01 4.423807858220211719e-01 2.841506254790899799e-01 0.000000000000000000e+00 0.000000000000000000e+00 4.440612706766917661e-01 0.000000000000000000e+00 0.000000000000000000e+00 0.000000000000000000e+00 4.143782249141899077e-01 1.816100769230769019e-01 4.211588022440681534e-01 0.000000000000000000e+00 0.000000000000000000e+00 2.259617401716055018e-01 0.000000000000000000e+00 0.000000000000000000e+00 3.994453088987156564e-01 2.814019066387619117e-01 0.000000000000000000e+00 0.000000000000000000e+00 0.000000000000000000e+00 0.000000000000000000e+00 0.000000000000000000e+00 0.000000000000000000e+00 0.000000000000000000e+00 4.460082063492064042e-01 0.000000000000000000e+00 0.000000000000000000e+00 0.000000000000000000e+00 4.896332307692307650e-01 0.000000000000000000e+00 0.000000000000000000e+00 0.000000000000000000e+00 0.000000000000000000e+00 0.000000000000000000e+00 3.292917518796992238e-01 0.000000000000000000e+00 0.000000000000000000e+00 0.000000000000000000e+00 0.000000000000000000e+00 0.000000000000000000e+00 0.000000000000000000e+00 0.000000000000000000e+00 0.000000000000000000e+00 0.000000000000000000e+00 0.000000000000000000e+00 0.000000000000000000e+00 0.000000000000000000e+00 0.000000000000000000e+00 3.473240515463917877e-01 0.000000000000000000e+00 0.000000000000000000e+00 0.000000000000000000e+00 0.000000000000000000e+00 0.000000000000000000e+00 0.000000000000000000e+00 4.313241979166666518e-01 2.934888211875843478e-01 4.001235533443724957e-01 3.145012515695831401e-01 0.000000000000000000e+00 3.434275021367521052e-01 0.000000000000000000e+00 3.639601170065303037e-01 0.000000000000000000e+00 0.000000000000000000e+00 0.000000000000000000e+00 0.000000000000000000e+00 0.000000000000000000e+00 0.000000000000000000e+00 0.000000000000000000e+00 3.951485333238797804e-01 0.000000000000000000e+00 0.000000000000000000e+00 0.000000000000000000e+00 0.000000000000000000e+00 3.465708125000000472e-01 0.000000000000000000e+00 0.000000000000000000e+00 0.000000000000000000e+00 3.847673956043956012e-01 0.000000000000000000e+00 0.000000000000000000e+00 0.000000000000000000e+00 0.000000000000000000e+00 0.000000000000000000e+00 0.000000000000000000e+00 0.000000000000000000e+00 0.000000000000000000e+00 0.000000000000000000e+00 0.000000000000000000e+00 0.000000000000000000e+00 0.000000000000000000e+00 0.000000000000000000e+00 0.000000000000000000e+00 0.000000000000000000e+00 0.000000000000000000e+00 0.000000000000000000e+00 0.000000000000000000e+00 0.000000000000000000e+00 0.000000000000000000e+00 0.000000000000000000e+00
3.378507245076187160e-01 4.895580342261904860e-01 3.909241910489182348e-01 4.760832949990956298e-01 0.000000000000000000e+00 0.000000000000000000e+00 3.173626241374359891e-01 4.576753221121280246e-01 3.332525333333332673e-01 0.000000000000000000e+00 2.828375828654319246e-01 4.602170529663890952e-01 2.886255068806841684e-01 4.629202548131738371e-01 4.034054146341463087e-01 4.600254766355140190e-01 3.407993401119607801e-01 0.000000000000000000e+00 4.151148499383506274e-01 4.776095549443798993e-01 0.000000000000000000e+00 0.000000000000000000e+00 3.876784331905774317e-01 4.385356184193955897e-01 0.000000000000000000e+00 0.000000000000000000e+00 0.000000000000000000e+00 0.000000000000000000e+00 3.832620982468472604e-01 4.822813894004384094e-01 3.769356262583247186e-01 0.000000000000000000e+00 3.902498845511117032e-01 4.581787610461637850e-01 4.492267367417332458e-01 5.105008901098901930e-01 5.007731510538641073e-01 0.000000000000000000e+00 4.759978089679000046e-01 0.000000000000000000e+00 0.000000000000000000e+00 0.000000000000000000e+00 0.000000000000000000e+00 0.000000000000000000e+00 0.000000000000000000e+00 0.000000000000000000e+00 0.000000000000000000e+00 0.000000000000000000e+00 4.461607323943662662e-01 0.000000000000000000e+00 4.270206573074780687e-01 4.099350887573964264e-01 0.000000000000000000e+00 0.000000000000000000e+00 4.268683333333332386e-01 0.000000000000000000e+00 4.191671233931669183e-01 0.000000000000000000e+00 4.427614308815576161e-01 0.000000000000000000e+00 4.300714409118448489e-01 0.000000000000000000e+00 4.233629022060337310e-01 0.000000000000000000e+00 4.388987095636991409e-01 0.000000000000000000e+00 4.290431371149225903e-01 0.000000000000000000e+00 4.333635196507990561e-01 0.000000000000000000e+00 3.654222695652173947e-01 4.717859039584685332e-01 3.938185813489513132e-01 4.590634168236694679e-01 3.950776250000000434e-01 0.000000000000000000e+00 4.415818352247353751e-01 4.484066450061907072e-01 0.000000000000000000e+00 0.000000000000000000e+00 0.000000000000000000e+00 0.000000000000000000e+00 0.000000000000000000e+00 0.000000000000000000e+00 4.178814262826626158e-01 0.000000000000000000e+00 0.000000000000000000e+00 0.000000000000000000e+00 4.127480215651505580e-01 0.000000000000000000e+00 0.000000000000000000e+00 0.000000000000000000e+00 0.000000000000000000e+00 0.000000000000000000e+00 0.000000000000000000e+00 0.000000000000000000e+00 0.000000000000000000e+00 0.000000000000000000e+00 0.000000000000000000e+00 0.000000000000000000e+00 0.000000000000000000e+00 0.000000000000000000e+00 0.000000000000000000e+00 0.000000000000000000e+00 0.000000000000000000e+00 0.000000000000000000e+00 0.000000000000000000e+00 0.000000000000000000e+00 0.000000000000000000e+00 0.000000000000000000e+00 0.000000000000000000e+00 0.000000000000000000e+00 0.000000000000000000e+00 0.000000000000000000e+00 0.000000000000000000e+00 0.000000000000000000e+00
4.765714515875982826e-01 3.514777310822975176e-01 4.643457728913882310e-01 4.065623304540144645e-01 0.000000000000000000e+00 4.479018430232558634e-01 4.544911422633955422e-01 3.050063856953988961e-01 0.000000000000000000e+00 2.789500727272726799e-01 4.602170529663890952e-01 2.592998888843321414e-01 4.493397299077334650e-01 2.594738607497140692e-01 0.000000000000000000e+00 3.796641786181753631e-01 4.830473702006383707e-01 3.337790338418398783e-01 4.837300311140313447e-01 4.161115521375426951e-01 0.000000000000000000e+00 0.000000000000000000e+00 4.476830148665608688e-01 3.860919766641516815e-01 0.000000000000000000e+00 0.000000000000000000e+00 0.000000000000000000e+00 0.000000000000000000e+00 4.640093974358974194e-01 3.914011748511226352e-01 3.991298893223179656e-01 3.784699016476599787e-01 4.733829611887603872e-01 3.972770772589521160e-01 0.000000000000000000e+00 4.865367027402535682e-01 0.000000000000000000e+00 0.000000000000000000e+00 0.000000000000000000e+00 4.238607746197219917e-01 0.000000000000000000e+00 0.000000000000000000e+00 0.000000000000000000e+00 0.000000000000000000e+00 0.000000000000000000e+00 4.480434255319147852e-01 0.000000000000000000e+00 0.000000000000000000e+00 0.000000000000000000e+00 4.052214546172612231e-01 0.000000000000000000e+00 3.873520099001199202e-01 0.000000000000000000e+00 3.785307020661157207e-01 0.000000000000000000e+00 4.182817265392768102e-01 4.677431298701298923e-01 3.926431055989801355e-01 0.000000000000000000e+00 4.347304410300438793e-01 0.000000000000000000e+00 4.167193909994324486e-01 0.000000000000000000e+00 4.072569356804057183e-01 0.000000000000000000e+00 4.248627345143998202e-01 0.000000000000000000e+00 4.417172385911808941e-01 4.907599393939394150e-01 0.000000000000000000e+00 4.331651428571427487e-01 3.716875427309776492e-01 4.499507640183059154e-01 3.976682587693635695e-01 4.875934541435864578e-01 3.829423586466165763e-01 4.666876215572712261e-01 4.312616099915587697e-01 0.000000000000000000e+00 0.000000000000000000e+00 0.000000000000000000e+00 4.177286372725618202e-01 0.000000000000000000e+00 0.000000000000000000e+00 4.940700815217391462e-01 4.372990899465583059e-01 0.000000000000000000e+00 0.000000000000000000e+00 0.000000000000000000e+00 4.250520084510805985e-01 0.000000000000000000e+00 0.000000000000000000e+00 0.000000000000000000e+00 0.000000000000000000e+00 0.000000000000000000e+00 0.000000000000000000e+00 0.000000000000000000e+00 0.000000000000000000e+00 0.000000000000000000e+00 0.000000000000000000e+00 0.000000000000000000e+00 0.000000000000000000e+00 4.353002114285714486e-01 0.000000000000000000e+00 0.000000000000000000e+00 0.000000000000000000e+00 0.000000000000000000e+00 0.000000000000000000e+00 0.000000000000000000e+00 0.000000000000000000e+00 0.000000000000000000e+00 0.000000000000000000e+00 0.000000000000000000e+00 0.000000000000000000e+00 0.000000000000000000e+00 0.000000000000000000e+00
3.712980786437247716e-01 0.000000000000000000e+00 3.476528323252486286e-01 4.309364662802888657e-01 3.400186524163624768e-01 4.459044329998691492e-01 2.644322628589211854e-01 4.313184115675584018e-01 3.005935326067276092e-01 3.888746329113922928e-01 2.886255068806841684e-01 4.493397299077334650e-01 2.243284971578832498e-01 4.272938947801394605e-01 2.402275323165339038e-01 4.564710223859794747e-01 3.861989327811013450e-01 4.591497710843372992e-01 3.857311845736751676e-01 4.776769404761903592e-01 0.000000000000000000e+00 0.000000000000000000e+00 3.583072259502709800e-01 4.322087169205841017e-01 0.000000000000000000e+00 0.000000000000000000e+00 3.898253565891472427e-01 0.000000000000000000e+00 3.057619884202083527e-01 4.422193333333334087e-01 3.317255217620733720e-01 4.316654150729770656e-01 3.547361410615439414e-01 4.450732976763898119e-01 4.340230346117933125e-01 0.000000000000000000e+00 4.082581314333149081e-01 0.000000000000000000e+00 0.000000000000000000e+00 0.000000000000000000e+00 0.000000000000000000e+00 0.000000000000000000e+00 0.000000000000000000e+00 0.000000000000000000e+00 3.756708108108108846e-01 0.000000000000000000e+00 0.000000000000000000e+00 0.000000000000000000e+00 0.000000000000000000e+00 4.859800559440559664e-01 4.069056827909064422e-01 0.000000000000000000e+00 0.000000000000000000e+00 0.000000000000000000e+00 0.000000000000000000e+00 0.000000000000000000e+00 3.816743527676427772e-01 0.000000000000000000e+00 4.313903040721765447e-01 0.000000000000000000e+00 4.101845790630901933e-01 0.000000000000000000e+00 4.019154358597266663e-01 0.000000000000000000e+00 4.082339199189096157e-01 0.000000000000000000e+00 4.186862855303445374e-01 0.000000000000000000e+00 3.801200881827209721e-01 0.000000000000000000e+00 3.198462079836269512e-01 4.500515733497416626e-01 3.803685689452050989e-01 4.297625549735983319e-01 4.139165151515151742e-01 4.348505310051025141e-01 3.789653511061080171e-01 4.401676773311054558e-01 0.000000000000000000e+00 0.000000000000000000e+00 3.713273838811808059e-01 0.000000000000000000e+00 0.000000000000000000e+00 0.000000000000000000e+00 4.002293422815372814e-01 0.000000000000000000e+00 0.000000000000000000e+00 0.000000000000000000e+00 4.044847444204525133e-01 0.000000000000000000e+00 0.000000000000000000e+00 0.000000000000000000e+00 0.000000000000000000e+00 0.000000000000000000e+00 0.000000000000000000e+00 0.000000000000000000e+00 0.000000000000000000e+00 0.000000000000000000e+00 0.000000000000000000e+00 0.000000000000000000e+00 0.000000000000000000e+00 0.000000000000000000e+00 0.000000000000000000e+00 0.000000000000000000e+00 0.000000000000000000e+00 0.000000000000000000e+00 0.000000000000000000e+00 0.000000000000000000e+00 0.000000000000000000e+00 0.000000000000000000e+00 0.000000000000000000e+00 0.000000000000000000e+00 0.000000000000000000e+00 0.000000000000000000e+00 0.000000000000000000e+00 0.000000000000000000e+00
