0.000000000000000000e+00 1.367412140575079843e-02 7.360139860139859602e-02 3.416771893337294634e-03 9.009009009009009148e-04 0.000000000000000000e+00 1.326446280991735449e-01 3.215692579789371924e-03 6.245316012990257196e-03 0.000000000000000000e+00 2.023854600530102243e-01 7.750936571502389837e-04 8.689558514365802733e-02 1.132502831257078165e-04 8.210742387957577562e-03 0.000000000000000000e+00 2.180826896865061329e-02 3.141748290519312363e-03 3.948032290615539897e-02 2.973284814058755818e-02 0.000000000000000000e+00 0.000000000000000000e+00 3.254580520732883436e-03 7.256894049346879509e-04 0.000000000000000000e+00 0.000000000000000000e+00 0.000000000000000000e+00 0.000000000000000000e+00 1.866911006757530564e-02 4.596116281741927990e-04 5.224855383467064997e-03 4.001600640256102706e-04 9.018294254058232401e-03 1.591097213280603245e-02 7.719027402547279414e-04 0.000000000000000000e+00 2.088922958988118084e-02 5.672149744753261910e-04 1.863932898415656975e-03 0.000000000000000000e+00 9.950248756218904849e-04 0.000000000000000000e+00 2.457203702186911516e-04 0.000000000000000000e+00 1.771396606377027751e-03 0.000000000000000000e+00 0.000000000000000000e+00 0.000000000000000000e+00 3.738317757009345949e-03 2.783189535207347557e-04 2.303882868011196405e-02 0.000000000000000000e+00 4.976362279173924012e-04 0.000000000000000000e+00 1.787678767876787773e-03 0.000000000000000000e+00 3.155597499115253002e-01 3.471719947924200786e-03 4.397237520762304480e-02 1.040090771558245053e-03 2.632046950026676116e-02 0.000000000000000000e+00 3.082959641255605173e-03 0.000000000000000000e+00 3.466088985169138437e-02 1.520218911523259372e-04 1.221588805804397701e-02 1.552936877683383640e-03 1.016198044009779949e-01 1.920935412026725936e-02 3.260977302012092044e-02 3.072668612690121590e-04 2.904051549121722947e-02 4.180602006688963136e-04 0.000000000000000000e+00 0.000000000000000000e+00 4.997905905346921446e-02 2.883506343713956258e-04 0.000000000000000000e+00 0.000000000000000000e+00 2.276100940128649060e-03 0.000000000000000000e+00 0.000000000000000000e+00 0.000000000000000000e+00 6.621593364466439070e-03 7.681671531725303974e-05 0.000000000000000000e+00 0.000000000000000000e+00 8.345086976962857658e-03 1.981178801386825170e-04 7.160909856781802647e-03 9.293680297397769081e-04 4.226542688081150016e-03 4.329941545789131683e-04 1.415701415701415763e-02 0.000000000000000000e+00 2.037697401935812530e-03 0.000000000000000000e+00 0.000000000000000000e+00 7.739938080495356500e-04 1.098901098901098900e-03 0.000000000000000000e+00 3.082614056720098684e-04 8.728542333430316935e-04 4.528612597776863168e-03 0.000000000000000000e+00 0.000000000000000000e+00 0.000000000000000000e+00 6.779661016949152519e-02 0.000000000000000000e+00 0.000000000000000000e+00 1.716738197424892611e-03 1.196172248803827705e-03 0.000000000000000000e+00 0.000000000000000000e+00 0.000000000000000000e+00
1.367412140575079843e-02 0.000000000000000000e+00 3.321678321678321784e-03 9.507539181460299138e-02 0.000000000000000000e+00 1.033912324234904879e-03 2.066115702479338900e-03 1.171316022188278738e-01 0.000000000000000000e+00 5.102040816326530205e-03 3.786444528587655988e-04 1.594109288205658170e-01 0.000000000000000000e+00 3.635334088335220870e-02 0.000000000000000000e+00 4.519774011299435186e-03 2.498864152657882809e-03 5.211605987802624129e-02 3.557013118062563040e-02 5.485044821159137246e-02 0.000000000000000000e+00 0.000000000000000000e+00 4.821600771456123588e-04 8.708272859216255844e-04 0.000000000000000000e+00 0.000000000000000000e+00 0.000000000000000000e+00 0.000000000000000000e+00 3.436032527774596050e-04 4.446742502585315088e-02 3.172233625676432103e-03 2.667733760170734776e-04 2.589538778665292570e-02 1.204819277108433798e-02 0.000000000000000000e+00 0.000000000000000000e+00 7.665772326561901603e-04 3.554547173378710262e-02 0.000000000000000000e+00 1.305483028720626649e-03 0.000000000000000000e+00 1.902173913043478382e-02 0.000000000000000000e+00 2.910925674364447935e-04 0.000000000000000000e+00 3.310915675116399195e-03 0.000000000000000000e+00 1.096010521701008367e-04 1.168224299065420609e-04 1.243157992392615249e-02 2.153161558888968532e-04 1.657494334736160646e-02 0.000000000000000000e+00 0.000000000000000000e+00 0.000000000000000000e+00 2.060793405461102627e-03 9.083402146985962433e-03 3.410964848835527086e-01 1.748404580820001747e-04 7.309001512859304717e-02 4.446025253423439502e-04 2.853507815339876436e-02 0.000000000000000000e+00 1.639344262295082053e-02 0.000000000000000000e+00 2.751596229857099576e-02 1.702820759606130238e-03 1.607746414542797139e-02 2.353300733496332606e-02 4.398663697104677334e-02 5.947071067499256139e-04 5.500076816715317174e-02 9.709594845087827835e-04 2.571070234113712397e-02 0.000000000000000000e+00 2.272727272727272790e-02 1.396063102052212722e-03 8.117070357554787008e-02 0.000000000000000000e+00 0.000000000000000000e+00 9.896091044037604490e-05 3.809757896030478101e-03 0.000000000000000000e+00 0.000000000000000000e+00 6.970098278385725209e-05 5.914887079428483505e-03 0.000000000000000000e+00 0.000000000000000000e+00 1.175364362952515215e-04 5.349182763744428012e-03 0.000000000000000000e+00 7.667286245353160251e-03 4.226542688081149366e-04 4.329941545789132117e-03 0.000000000000000000e+00 2.030456852791878014e-02 5.094243504839531325e-04 1.573564122738001572e-03 0.000000000000000000e+00 3.869969040247678033e-03 0.000000000000000000e+00 3.992015968063871920e-03 1.233045622688039474e-03 5.819028222286877668e-03 0.000000000000000000e+00 2.925402242808386368e-03 0.000000000000000000e+00 0.000000000000000000e+00 0.000000000000000000e+00 0.000000000000000000e+00 0.000000000000000000e+00 4.291845493562231745e-03 2.392344497607655409e-03 1.567398119122256992e-03 3.110419906687402793e-03 0.000000000000000000e+00
7.360139860139859602e-02 3.321678321678321784e-03 0.000000000000000000e+00 3.639604842902770428e-03 4.354354354354354056e-02 2.274607113316790951e-03 2.928099173553718737e-01 5.788246643620869637e-03 1.199100674494129465e-02 1.700680272108843474e-03 2.423324498296099833e-02 1.291822761917065009e-03 4.157907031067507864e-02 2.151755379388448595e-03 2.514539856312008118e-02 1.129943502824858797e-03 1.431167651067696486e-02 1.293661060802069962e-03 9.535822401614531263e-02 7.011626874944528257e-03 0.000000000000000000e+00 0.000000000000000000e+00 2.064850530376084736e-01 4.644412191582002539e-03 2.690136167386250263e-02 6.867299535447384667e-03 1.907934585099939351e-02 0.000000000000000000e+00 2.554117512312449947e-02 3.447087211306446128e-04 7.650681097219630238e-03 1.040416166466586606e-02 9.147127029116207397e-03 6.070081854134093922e-03 3.087610961018911766e-03 0.000000000000000000e+00 3.449597546952855396e-03 0.000000000000000000e+00 1.397949673811742840e-03 0.000000000000000000e+00 2.985074626865671672e-03 0.000000000000000000e+00 5.733475305102793537e-04 0.000000000000000000e+00 1.771396606377027751e-03 1.034661148473874748e-04 2.560491614389962868e-04 0.000000000000000000e+00 3.387850467289719482e-03 0.000000000000000000e+00 5.311131845259456363e-03 0.000000000000000000e+00 7.464543418760885476e-04 1.225039813793948385e-04 5.500550055005500255e-04 0.000000000000000000e+00 5.839329951633832373e-03 7.232749891508752089e-05 7.867820613690007861e-03 2.836611195158850293e-04 2.845456162191001195e-03 0.000000000000000000e+00 1.261210762331838519e-03 1.425516749821810535e-04 8.165305782369604304e-03 1.520218911523259372e-04 1.547345820685570514e-02 2.740476842970677139e-04 3.361858190709046332e-03 2.783964365256124600e-04 3.707007632074536818e-02 1.689967736979566685e-03 6.072910230382205093e-02 2.403846153846153980e-03 1.657458563535911533e-02 0.000000000000000000e+00 1.014937875191958688e-01 1.585928489042675834e-03 1.061571125265392762e-03 0.000000000000000000e+00 2.770905492330529366e-03 1.228954160009831540e-04 0.000000000000000000e+00 0.000000000000000000e+00 2.300132431867289197e-03 7.681671531725303974e-05 4.810004810004810181e-04 0.000000000000000000e+00 3.878702397743300466e-03 0.000000000000000000e+00 7.582139848357202956e-03 1.161710037174721244e-03 3.381234150464919493e-03 8.659883091578263366e-04 1.287001287001286916e-02 0.000000000000000000e+00 1.528273051451859398e-03 0.000000000000000000e+00 0.000000000000000000e+00 0.000000000000000000e+00 0.000000000000000000e+00 0.000000000000000000e+00 1.849568434032059210e-03 2.909514111143439159e-04 6.587072869493618837e-03 0.000000000000000000e+00 0.000000000000000000e+00 2.325581395348837177e-03 0.000000000000000000e+00 0.000000000000000000e+00 0.000000000000000000e+00 0.000000000000000000e+00 0.000000000000000000e+00 0.000000000000000000e+00 1.555209953343701396e-03 0.000000000000000000e+00
3.416771893337294634e-03 9.507539181460299138e-02 3.639604842902770428e-03 0.000000000000000000e+00 3.003003003003002869e-04 7.940446650124069472e-02 4.876033057851239527e-03 2.669828764370126284e-01 9.992505620784412207e-04 2.338435374149660032e-02 3.407800075728890498e-03 4.185505748611290794e-02 6.423732772716655125e-03 2.763306908267270517e-02 1.710571330824495325e-03 2.146892655367231562e-02 4.543389368468877913e-03 1.903529846608759818e-02 1.261352169525731606e-02 1.755569361853199506e-01 0.000000000000000000e+00 0.000000000000000000e+00 1.205400192864030870e-02 1.455732946298984032e-01 9.963467286615741714e-04 3.777014744496061394e-02 0.000000000000000000e+00 2.278481012658227934e-03 1.603481846294811490e-03 3.516028955532574801e-02 1.567456615040119586e-02 2.187541683340002777e-02 1.043545477969595389e-02 1.066862871332658821e-02 0.000000000000000000e+00 0.000000000000000000e+00 1.916443081640475401e-04 1.096615617318963919e-02 0.000000000000000000e+00 0.000000000000000000e+00 0.000000000000000000e+00 8.152173913043478035e-03 0.000000000000000000e+00 5.821851348728895870e-04 0.000000000000000000e+00 6.932229694774961343e-03 0.000000000000000000e+00 1.096010521701008367e-04 0.000000000000000000e+00 9.555617404211893748e-03 3.588602598148280887e-04 8.934930398187115874e-03 0.000000000000000000e+00 4.900159255175793541e-04 0.000000000000000000e+00 1.159196290571870092e-03 9.437300931933467491e-04 8.823954867640676492e-03 3.496809161640003494e-04 2.146369137670196825e-02 1.778410101369375747e-04 2.726281352235550726e-03 0.000000000000000000e+00 1.853171774768353451e-03 1.666388935177470548e-04 8.665247795682578039e-03 2.221070556007995786e-04 2.192381474376541364e-02 6.112469437652811709e-04 2.227171492204899680e-03 8.920606601248885293e-04 4.032877554155784444e-02 2.383264189248830538e-03 6.699414715719063940e-02 0.000000000000000000e+00 6.818181818181817677e-02 4.607008236772302395e-03 1.027970011534025396e-01 0.000000000000000000e+00 0.000000000000000000e+00 1.979218208807520898e-04 1.228954160009831540e-03 0.000000000000000000e+00 3.680981595092024539e-03 4.182058967031435396e-04 2.381318174834843975e-03 0.000000000000000000e+00 6.706908115358819426e-04 2.350728725905030429e-04 3.169886082218920272e-03 1.263689974726200493e-03 8.596654275092936726e-03 1.267962806424344918e-03 2.597964927473479010e-03 2.574002574002573918e-03 7.614213197969543420e-03 5.094243504839531325e-04 0.000000000000000000e+00 0.000000000000000000e+00 2.321981424148606733e-03 0.000000000000000000e+00 2.994011976047904373e-03 0.000000000000000000e+00 3.200465522257783021e-03 4.116920543433511773e-04 9.751340809361286810e-04 0.000000000000000000e+00 0.000000000000000000e+00 0.000000000000000000e+00 0.000000000000000000e+00 0.000000000000000000e+00 8.583690987124463056e-04 1.196172248803827705e-03 0.000000000000000000e+00 0.000000000000000000e+00 0.000000000000000000e+00
9.009009009009009148e-04 0.000000000000000000e+00 4.354354354354354056e-02 3.003003003003002869e-04 0.000000000000000000e+00 1.033912324234904879e-03 6.363636363636363848e-03 0.000000000000000000e+00 3.150137396952285562e-01 8.503401360544217370e-04 3.786444528587655988e-04 0.000000000000000000e+00 8.175659892548470080e-04 0.000000000000000000e+00 6.619911050290797072e-02 1.883239171374764570e-04 0.000000000000000000e+00 0.000000000000000000e+00 0.000000000000000000e+00 0.000000000000000000e+00 3.221649484536082304e-03 4.810583283223091033e-03 1.518804243008678966e-02 8.708272859216255844e-04 3.653271338425772424e-02 5.251464350636235283e-03 1.408237431859478972e-01 7.594936708860759418e-04 1.019356316573130292e-02 0.000000000000000000e+00 2.239223735771599284e-03 2.801120448179271732e-03 1.288327750579747525e-04 0.000000000000000000e+00 0.000000000000000000e+00 0.000000000000000000e+00 5.749329244921425660e-04 0.000000000000000000e+00 0.000000000000000000e+00 0.000000000000000000e+00 4.975124378109452641e-03 0.000000000000000000e+00 8.190679007289703697e-05 0.000000000000000000e+00 0.000000000000000000e+00 0.000000000000000000e+00 3.840737421584944572e-04 0.000000000000000000e+00 0.000000000000000000e+00 0.000000000000000000e+00 1.435441039259312355e-04 0.000000000000000000e+00 0.000000000000000000e+00 0.000000000000000000e+00 0.000000000000000000e+00 0.000000000000000000e+00 0.000000000000000000e+00 0.000000000000000000e+00 8.742022904100008734e-05 0.000000000000000000e+00 2.667615152054063484e-04 0.000000000000000000e+00 0.000000000000000000e+00 0.000000000000000000e+00 0.000000000000000000e+00 0.000000000000000000e+00 2.221070556007995786e-04 0.000000000000000000e+00 1.528117359413202927e-04 0.000000000000000000e+00 1.556150262662305515e-02 3.072668612690121590e-04 2.868743931503221767e-02 1.045150501672240784e-04 0.000000000000000000e+00 0.000000000000000000e+00 2.931732514309646782e-03 0.000000000000000000e+00 0.000000000000000000e+00 0.000000000000000000e+00 9.896091044037604490e-05 0.000000000000000000e+00 2.379064234734337615e-03 0.000000000000000000e+00 1.533421621244859465e-03 0.000000000000000000e+00 4.810004810004810181e-04 0.000000000000000000e+00 7.052186177715091559e-04 0.000000000000000000e+00 4.212299915754001462e-04 0.000000000000000000e+00 0.000000000000000000e+00 0.000000000000000000e+00 0.000000000000000000e+00 0.000000000000000000e+00 0.000000000000000000e+00 0.000000000000000000e+00 0.000000000000000000e+00 7.739938080495356500e-04 1.098901098901098900e-03 0.000000000000000000e+00 0.000000000000000000e+00 0.000000000000000000e+00 4.116920543433511773e-04 0.000000000000000000e+00 0.000000000000000000e+00 0.000000000000000000e+00 0.000000000000000000e+00 0.000000000000000000e+00 0.000000000000000000e+00 0.000000000000000000e+00 0.000000000000000000e+00 0.000000000000000000e+00 0.000000000000000000e+00 0.000000000000000000e+00
0.000000000000000000e+00 1.033912324234904879e-03 2.274607113316790951e-03 7.940446650124069472e-02 1.033912324234904879e-03 0.000000000000000000e+00 5.785123966942149051e-04 1.543532438298898628e-02 4.996252810392206103e-04 3.431122448979591621e-01 0.000000000000000000e+00 5.167291047668260253e-04 2.335902826442419868e-04 1.472253680634201534e-03 5.131713992473485976e-04 5.386064030131827024e-02 0.000000000000000000e+00 1.848087229717242726e-04 2.522704339051463191e-04 1.331321558533771210e-03 2.577319587628865930e-03 1.202645820805772758e-03 4.580520732883317653e-03 2.307692307692307820e-02 1.594154765858518674e-02 6.544132498485154270e-02 4.845548152634766674e-03 2.997468354430379844e-01 1.145344175924865486e-04 2.401470757210157417e-02 7.464079119238664281e-03 8.936908096571962584e-03 1.288327750579747525e-04 2.667157178331647054e-03 0.000000000000000000e+00 9.569377990430622287e-04 0.000000000000000000e+00 1.890716581584420456e-04 0.000000000000000000e+00 0.000000000000000000e+00 0.000000000000000000e+00 0.000000000000000000e+00 0.000000000000000000e+00 2.910925674364447935e-04 0.000000000000000000e+00 4.138644593895498994e-04 0.000000000000000000e+00 3.288031565103025100e-04 0.000000000000000000e+00 8.349568605622042670e-04 0.000000000000000000e+00 3.237293622531563762e-04 0.000000000000000000e+00 1.225039813793948385e-04 0.000000000000000000e+00 3.863987635239567154e-04 0.000000000000000000e+00 7.232749891508752089e-05 0.000000000000000000e+00 7.564296520423600782e-04 0.000000000000000000e+00 1.817520901490367042e-04 0.000000000000000000e+00 1.425516749821810535e-04 0.000000000000000000e+00 6.080875646093037486e-04 0.000000000000000000e+00 1.461587649584360996e-03 0.000000000000000000e+00 2.783964365256124600e-04 3.964714044999504273e-04 3.449070517744660946e-02 6.178833083237708721e-04 4.002926421404682383e-02 0.000000000000000000e+00 0.000000000000000000e+00 1.396063102052212831e-04 5.046136101499423127e-03 0.000000000000000000e+00 0.000000000000000000e+00 0.000000000000000000e+00 2.457908320019663081e-04 0.000000000000000000e+00 1.226993865030674919e-03 0.000000000000000000e+00 9.218005838070364227e-04 0.000000000000000000e+00 2.682763246143527770e-03 0.000000000000000000e+00 1.089648340762753870e-03 0.000000000000000000e+00 4.646840148698884541e-04 0.000000000000000000e+00 0.000000000000000000e+00 0.000000000000000000e+00 0.000000000000000000e+00 0.000000000000000000e+00 0.000000000000000000e+00 0.000000000000000000e+00 0.000000000000000000e+00 0.000000000000000000e+00 0.000000000000000000e+00 0.000000000000000000e+00 2.909514111143439159e-04 0.000000000000000000e+00 0.000000000000000000e+00 0.000000000000000000e+00 0.000000000000000000e+00 0.000000000000000000e+00 0.000000000000000000e+00 0.000000000000000000e+00 0.000000000000000000e+00 0.000000000000000000e+00 0.000000000000000000e+00 0.000000000000000000e+00 0.000000000000000000e+00
1.326446280991735449e-01 2.066115702479338900e-03 2.928099173553718737e-01 4.876033057851239527e-03 6.363636363636363848e-03 5.785123966942149051e-04 0.000000000000000000e+00 9.566685424873381388e-03 3.772170871846115131e-02 0.000000000000000000e+00 1.145399469897765976e-01 1.679369590492184447e-03 2.605699602896519584e-01 1.812004530011325065e-03 3.814574067738624868e-02 5.649717514124293983e-04 8.178100863243980417e-03 3.696174459434485452e-04 1.765893037336024179e-02 9.052986598029643880e-03 6.443298969072164826e-04 0.000000000000000000e+00 1.036644165863066618e-02 8.708272859216254977e-03 0.000000000000000000e+00 1.211876388608362038e-03 0.000000000000000000e+00 0.000000000000000000e+00 1.866911006757530564e-02 9.192232563483855980e-04 6.344467251352864205e-03 7.069494464452447807e-03 3.736150476681267523e-03 1.085257058769428795e-02 1.929756850636819799e-03 0.000000000000000000e+00 2.874664622460713047e-03 0.000000000000000000e+00 0.000000000000000000e+00 0.000000000000000000e+00 1.990049751243780970e-03 0.000000000000000000e+00 2.457203702186911516e-04 0.000000000000000000e+00 1.305239604698862519e-03 0.000000000000000000e+00 0.000000000000000000e+00 0.000000000000000000e+00 3.154205607476635604e-03 9.277298450691158071e-05 1.069403574248187737e-02 1.294917449012625505e-04 0.000000000000000000e+00 0.000000000000000000e+00 1.925192519251925144e-03 0.000000000000000000e+00 5.603397428335495957e-03 1.446549978301750418e-04 6.206836261911006201e-03 9.455370650529500978e-05 5.690912324382002389e-03 0.000000000000000000e+00 9.809417040358744521e-04 0.000000000000000000e+00 1.766372271288118787e-02 0.000000000000000000e+00 6.144961871622121700e-03 2.740476842970677139e-04 2.292176039119804554e-03 0.000000000000000000e+00 8.107840222023986188e-02 2.074051313565832087e-03 3.813222702798128860e-02 2.090301003344481514e-03 5.524861878453038444e-03 0.000000000000000000e+00 5.207315370654753278e-02 2.162629757785467302e-03 0.000000000000000000e+00 0.000000000000000000e+00 1.286491835724888665e-03 0.000000000000000000e+00 0.000000000000000000e+00 0.000000000000000000e+00 6.970098278385725155e-03 7.681671531725303974e-05 0.000000000000000000e+00 0.000000000000000000e+00 8.815232722143864774e-03 9.905894006934125849e-05 3.369839932603201169e-03 6.970260223048326811e-04 4.226542688081149366e-04 2.164970772894565841e-04 5.148005148005147837e-03 0.000000000000000000e+00 0.000000000000000000e+00 0.000000000000000000e+00 0.000000000000000000e+00 7.739938080495356500e-04 0.000000000000000000e+00 0.000000000000000000e+00 0.000000000000000000e+00 5.819028222286878318e-04 2.881844380403458025e-03 4.875670404680643405e-04 0.000000000000000000e+00 0.000000000000000000e+00 1.694915254237288130e-02 0.000000000000000000e+00 0.000000000000000000e+00 0.000000000000000000e+00 0.000000000000000000e+00 1.567398119122256992e-03 0.000000000000000000e+00 0.000000000000000000e+00
3.215692579789371924e-03 1.171316022188278738e-01 5.788246643620869637e-03 2.669828764370126284e-01 0.000000000000000000e+00 1.543532438298898628e-02 9.566685424873381388e-03 0.000000000000000000e+00 9.992505620784412207e-04 4.846938775510203912e-02 5.301022340022719034e-03 1.446841493347112706e-01 9.343611305769680339e-03 1.942242355605889037e-01 3.421142661648990651e-04 2.128060263653484135e-02 1.135847342117219478e-03 4.435409351321382108e-03 1.084762865792129188e-02 1.171562971509718630e-02 0.000000000000000000e+00 0.000000000000000000e+00 2.434908389585342323e-02 7.111756168359941767e-03 0.000000000000000000e+00 8.079175924055745838e-04 0.000000000000000000e+00 0.000000000000000000e+00 2.748826022219676840e-03 2.550844536366770124e-02 2.033961559992535778e-02 4.401760704281713031e-03 5.153311002318990315e-03 2.115331555228547843e-03 7.719027402547279414e-04 0.000000000000000000e+00 1.916443081640475401e-04 4.915863112119492860e-03 0.000000000000000000e+00 0.000000000000000000e+00 0.000000000000000000e+00 1.086956521739130405e-02 8.190679007289703697e-05 1.940617116242965290e-04 0.000000000000000000e+00 2.793585100879461807e-03 0.000000000000000000e+00 1.096010521701008367e-04 0.000000000000000000e+00 6.772427869004545541e-03 7.177205196296561774e-05 1.417934606668824933e-02 0.000000000000000000e+00 3.675119441381845156e-04 0.000000000000000000e+00 2.318392581143740184e-03 5.308481774212574786e-04 6.943439895848401572e-03 3.496809161640003494e-04 7.469742813918305718e-03 0.000000000000000000e+00 3.271537622682660785e-03 1.401345291479820607e-04 1.568068424803991398e-03 4.999166805532411374e-04 1.444207965947096398e-02 2.961427408010661047e-04 9.591668950397369553e-03 3.056234718826405855e-04 5.567928730512249199e-04 3.469124789374566226e-03 8.565063757873712935e-02 2.648071321387589390e-03 4.661371237458193650e-02 0.000000000000000000e+00 2.272727272727272790e-02 5.025827167387965540e-03 5.694925028835063491e-02 0.000000000000000000e+00 8.888888888888889315e-04 2.968827313211281618e-04 2.703699152021629606e-03 0.000000000000000000e+00 1.226993865030674919e-03 2.091029483515717698e-04 6.298970656014748690e-03 0.000000000000000000e+00 0.000000000000000000e+00 1.175364362952515215e-04 9.707776126795443494e-03 0.000000000000000000e+00 2.091078066914497935e-03 0.000000000000000000e+00 1.082485386447283029e-03 0.000000000000000000e+00 2.538071065989847518e-03 0.000000000000000000e+00 0.000000000000000000e+00 0.000000000000000000e+00 7.739938080495356500e-04 1.098901098901098900e-03 2.994011976047904373e-03 0.000000000000000000e+00 2.909514111143439159e-04 8.233841086867023547e-04 1.950268161872257362e-03 0.000000000000000000e+00 1.162790697674418589e-03 1.694915254237288130e-02 0.000000000000000000e+00 7.552870090634441081e-04 0.000000000000000000e+00 1.196172248803827705e-03 0.000000000000000000e+00 1.555209953343701396e-03 0.000000000000000000e+00
6.245316012990257196e-03 0.000000000000000000e+00 1.199100674494129465e-02 9.992505620784412207e-04 3.150137396952285562e-01 4.996252810392206103e-04 3.772170871846115131e-02 9.992505620784412207e-04 0.000000000000000000e+00 1.275510204081632551e-03 2.650511170011359517e-03 0.000000000000000000e+00 2.043914973137117563e-02 0.000000000000000000e+00 2.172425590147109009e-01 5.649717514124293983e-04 6.815084052703316653e-04 0.000000000000000000e+00 0.000000000000000000e+00 0.000000000000000000e+00 0.000000000000000000e+00 0.000000000000000000e+00 1.205400192864030870e-03 7.256894049346879509e-04 5.978080371969445028e-03 4.039587962027873028e-03 9.993943064809206536e-03 2.531645569620253320e-04 2.004352307868514579e-02 0.000000000000000000e+00 1.306213845866766249e-03 2.134187008136587821e-03 2.576655501159495049e-04 0.000000000000000000e+00 0.000000000000000000e+00 0.000000000000000000e+00 1.916443081640475401e-04 0.000000000000000000e+00 0.000000000000000000e+00 0.000000000000000000e+00 1.990049751243780970e-03 0.000000000000000000e+00 0.000000000000000000e+00 0.000000000000000000e+00 9.323140033563304097e-05 0.000000000000000000e+00 0.000000000000000000e+00 0.000000000000000000e+00 1.168224299065420609e-04 0.000000000000000000e+00 5.741764157037249419e-04 0.000000000000000000e+00 0.000000000000000000e+00 0.000000000000000000e+00 0.000000000000000000e+00 0.000000000000000000e+00 7.667807007195942201e-04 0.000000000000000000e+00 4.371011452050004367e-04 0.000000000000000000e+00 1.155966565890094357e-03 0.000000000000000000e+00 1.401345291479820607e-04 0.000000000000000000e+00 1.499750041659723412e-03 0.000000000000000000e+00 0.000000000000000000e+00 0.000000000000000000e+00 1.528117359413202927e-04 0.000000000000000000e+00 8.425017345623946052e-03 2.304501459517591057e-04 4.466413628740401043e-02 0.000000000000000000e+00 1.104972375690607689e-02 0.000000000000000000e+00 8.655591232723719441e-03 4.325259515570934387e-04 0.000000000000000000e+00 0.000000000000000000e+00 2.968827313211281618e-04 0.000000000000000000e+00 3.172085646312450442e-03 0.000000000000000000e+00 1.254617690109430510e-03 0.000000000000000000e+00 0.000000000000000000e+00 0.000000000000000000e+00 8.227550540667607180e-04 0.000000000000000000e+00 4.212299915754001462e-04 0.000000000000000000e+00 0.000000000000000000e+00 2.164970772894565841e-04 0.000000000000000000e+00 0.000000000000000000e+00 0.000000000000000000e+00 0.000000000000000000e+00 0.000000000000000000e+00 0.000000000000000000e+00 0.000000000000000000e+00 0.000000000000000000e+00 0.000000000000000000e+00 0.000000000000000000e+00 8.233841086867023547e-04 0.000000000000000000e+00 0.000000000000000000e+00 1.162790697674418589e-03 0.000000000000000000e+00 0.000000000000000000e+00 0.000000000000000000e+00 0.000000000000000000e+00 0.000000000000000000e+00 0.000000000000000000e+00 0.000000000000000000e+00 0.000000000000000000e+00
0.000000000000000000e+00 5.102040816326530205e-03 1.700680272108843474e-03 2.338435374149660032e-02 8.503401360544217370e-04 3.431122448979591621e-01 0.000000000000000000e+00 4.846938775510203912e-02 1.275510204081632551e-03 0.000000000000000000e+00 0.000000000000000000e+00 4.779744219093140165e-03 2.335902826442419868e-04 1.642129105322763169e-02 6.842285323297981302e-04 1.056497175141242889e-01 0.000000000000000000e+00 5.544261689151727636e-04 5.045408678102926382e-04 5.325286234135085273e-04 0.000000000000000000e+00 6.013229104028863792e-04 1.687560270009643175e-03 8.708272859216255844e-04 2.656924609764198079e-03 1.615835184811149168e-03 0.000000000000000000e+00 1.164556962025316451e-02 0.000000000000000000e+00 9.192232563483856631e-03 2.612427691733532498e-03 2.400960384153661299e-03 0.000000000000000000e+00 3.678837487353996366e-04 0.000000000000000000e+00 0.000000000000000000e+00 0.000000000000000000e+00 3.781433163168840912e-04 0.000000000000000000e+00 0.000000000000000000e+00 0.000000000000000000e+00 8.152173913043478035e-03 0.000000000000000000e+00 0.000000000000000000e+00 0.000000000000000000e+00 0.000000000000000000e+00 0.000000000000000000e+00 2.192021043402016733e-04 0.000000000000000000e+00 1.855459690138231614e-04 0.000000000000000000e+00 6.474587245063127524e-04 0.000000000000000000e+00 3.675119441381845156e-04 0.000000000000000000e+00 1.287995878413189142e-04 0.000000000000000000e+00 2.169824967452625491e-04 8.742022904100008734e-05 4.727685325264750489e-04 0.000000000000000000e+00 5.452562704471101670e-04 0.000000000000000000e+00 1.425516749821810535e-04 0.000000000000000000e+00 9.121313469139556230e-04 0.000000000000000000e+00 8.221430528912030333e-04 0.000000000000000000e+00 2.783964365256124600e-04 0.000000000000000000e+00 1.159932401290520755e-02 0.000000000000000000e+00 1.254180602006688995e-02 0.000000000000000000e+00 0.000000000000000000e+00 2.792126204104425661e-04 5.046136101499423127e-03 0.000000000000000000e+00 0.000000000000000000e+00 0.000000000000000000e+00 4.915816640039326162e-04 0.000000000000000000e+00 0.000000000000000000e+00 0.000000000000000000e+00 1.152250729758795555e-03 0.000000000000000000e+00 0.000000000000000000e+00 0.000000000000000000e+00 7.924715205547300679e-04 4.212299915754001462e-04 4.646840148698884541e-04 4.226542688081149366e-04 2.164970772894565841e-04 0.000000000000000000e+00 2.538071065989847518e-03 0.000000000000000000e+00 0.000000000000000000e+00 0.000000000000000000e+00 0.000000000000000000e+00 0.000000000000000000e+00 0.000000000000000000e+00 0.000000000000000000e+00 2.909514111143439159e-04 0.000000000000000000e+00 0.000000000000000000e+00 0.000000000000000000e+00 0.000000000000000000e+00 0.000000000000000000e+00 0.000000000000000000e+00 0.000000000000000000e+00 0.000000000000000000e+00 0.000000000000000000e+00 0.000000000000000000e+00 0.000000000000000000e+00 0.000000000000000000e+00
2.023854600530102243e-01 3.786444528587655988e-04 2.423324498296099833e-02 3.407800075728890498e-03 3.786444528587655988e-04 0.000000000000000000e+00 1.145399469897765976e-01 5.301022340022719034e-03 2.650511170011359517e-03 0.000000000000000000e+00 0.000000000000000000e+00 9.042759333419454629e-04 1.734407848633496840e-01 5.662514156285391098e-04 5.644885391720835116e-03 0.000000000000000000e+00 3.112221717401181253e-02 3.696174459434485452e-04 9.334006054490414511e-03 3.372681281618886834e-03 0.000000000000000000e+00 0.000000000000000000e+00 6.147540983606557263e-03 3.483309143686502338e-03 0.000000000000000000e+00 0.000000000000000000e+00 0.000000000000000000e+00 0.000000000000000000e+00 6.207765433512770631e-02 1.149029070435481997e-04 1.866019779809666070e-03 9.337068160597572801e-04 9.404792579232157390e-03 3.770808424537845909e-03 3.859513701273639707e-04 0.000000000000000000e+00 1.916443081640475401e-04 1.890716581584420456e-04 0.000000000000000000e+00 0.000000000000000000e+00 9.950248756218904849e-04 0.000000000000000000e+00 8.190679007289703697e-05 0.000000000000000000e+00 6.526198023494312597e-04 0.000000000000000000e+00 1.280245807194981434e-04 0.000000000000000000e+00 7.009345794392522842e-04 0.000000000000000000e+00 2.368477714777865711e-03 0.000000000000000000e+00 4.976362279173924012e-04 0.000000000000000000e+00 0.000000000000000000e+00 0.000000000000000000e+00 9.968149109354723994e-03 0.000000000000000000e+00 2.447766413148002446e-03 0.000000000000000000e+00 8.625288991641472114e-03 0.000000000000000000e+00 1.821748878923766871e-03 0.000000000000000000e+00 9.498416930511581827e-03 1.520218911523259372e-04 2.221070556007996057e-03 1.826984561980451245e-04 1.528117359413202927e-04 0.000000000000000000e+00 3.171771235999603505e-02 8.449838684897833423e-04 4.413452202312649164e-04 2.090301003344481568e-04 0.000000000000000000e+00 2.272727272727272790e-02 8.376378612313276984e-04 4.325259515570934387e-04 1.061571125265392762e-03 0.000000000000000000e+00 1.781296387926768971e-03 0.000000000000000000e+00 0.000000000000000000e+00 0.000000000000000000e+00 3.345647173625148317e-03 0.000000000000000000e+00 0.000000000000000000e+00 0.000000000000000000e+00 2.233192289609779030e-03 0.000000000000000000e+00 0.000000000000000000e+00 0.000000000000000000e+00 0.000000000000000000e+00 0.000000000000000000e+00 0.000000000000000000e+00 0.000000000000000000e+00 0.000000000000000000e+00 0.000000000000000000e+00 0.000000000000000000e+00 0.000000000000000000e+00 0.000000000000000000e+00 0.000000000000000000e+00 0.000000000000000000e+00 0.000000000000000000e+00 0.000000000000000000e+00 0.000000000000000000e+00 0.000000000000000000e+00 0.000000000000000000e+00 0.000000000000000000e+00 0.000000000000000000e+00 0.000000000000000000e+00 0.000000000000000000e+00 0.000000000000000000e+00 0.000000000000000000e+00 0.000000000000000000e+00 0.000000000000000000e+00
7.750936571502389837e-04 1.594109288205658170e-01 1.291822761917065009e-03 4.185505748611290794e-02 0.000000000000000000e+00 5.167291047668260253e-04 1.679369590492184447e-03 1.446841493347112706e-01 0.000000000000000000e+00 4.779744219093140165e-03 9.042759333419454629e-04 0.000000000000000000e+00 3.503854239663629802e-04 2.578708946772366728e-01 0.000000000000000000e+00 2.787193973634651684e-02 2.271694684234438794e-04 5.193125115505451556e-02 3.279515640766901986e-03 2.396378805360788178e-02 0.000000000000000000e+00 0.000000000000000000e+00 4.098360655737705131e-03 5.950653120464441566e-03 0.000000000000000000e+00 2.019793981013936460e-04 0.000000000000000000e+00 0.000000000000000000e+00 0.000000000000000000e+00 4.458232793289670232e-02 1.119611867885799642e-03 4.001600640256102706e-04 1.417160525637722141e-03 2.023360618044697974e-03 0.000000000000000000e+00 1.913875598086124457e-03 0.000000000000000000e+00 9.453582907922102822e-04 0.000000000000000000e+00 0.000000000000000000e+00 0.000000000000000000e+00 2.717391304347826012e-03 0.000000000000000000e+00 0.000000000000000000e+00 9.323140033563304097e-05 5.173305742369373877e-04 0.000000000000000000e+00 0.000000000000000000e+00 0.000000000000000000e+00 1.948232674645143398e-03 0.000000000000000000e+00 4.208481709291033053e-03 0.000000000000000000e+00 0.000000000000000000e+00 0.000000000000000000e+00 9.015971148892323178e-04 5.898313082458417182e-05 9.619557355706640292e-03 0.000000000000000000e+00 2.458396369137670363e-03 0.000000000000000000e+00 1.599418393311522954e-02 0.000000000000000000e+00 1.097647897362794001e-02 1.666388935177470548e-04 1.885071450288841599e-02 7.403568520026652619e-05 4.019366036356992848e-03 0.000000000000000000e+00 2.783964365256124600e-04 9.911785112498760683e-05 4.808726378860039841e-02 3.530761761850119114e-04 2.403846153846153980e-03 0.000000000000000000e+00 0.000000000000000000e+00 5.584252408208851323e-04 7.497116493656285838e-03 0.000000000000000000e+00 0.000000000000000000e+00 0.000000000000000000e+00 3.318176232026545484e-03 0.000000000000000000e+00 6.134969325153374594e-04 0.000000000000000000e+00 5.838070364111230641e-03 0.000000000000000000e+00 0.000000000000000000e+00 0.000000000000000000e+00 4.754829123328379974e-03 0.000000000000000000e+00 4.646840148698884541e-04 0.000000000000000000e+00 2.164970772894565841e-04 0.000000000000000000e+00 5.076142131979695035e-03 0.000000000000000000e+00 0.000000000000000000e+00 0.000000000000000000e+00 7.739938080495356500e-04 0.000000000000000000e+00 9.980039920159679799e-04 0.000000000000000000e+00 0.000000000000000000e+00 4.116920543433511773e-04 4.875670404680643405e-04 0.000000000000000000e+00 0.000000000000000000e+00 0.000000000000000000e+00 0.000000000000000000e+00 0.000000000000000000e+00 0.000000000000000000e+00 0.000000000000000000e+00 0.000000000000000000e+00 0.000000000000000000e+00 0.000000000000000000e+00
8.689558514365802733e-02 0.000000000000000000e+00 4.157907031067507864e-02 6.423732772716655125e-03 8.175659892548470080e-04 2.335902826442419868e-04 2.605699602896519584e-01 9.343611305769680339e-03 2.043914973137117563e-02 2.335902826442419868e-04 1.734407848633496840e-01 3.503854239663629802e-04 0.000000000000000000e+00 1.925254813137032908e-03 1.402668491276086171e-01 7.532956685499058282e-04 6.815084052703316653e-04 0.000000000000000000e+00 6.432896064581231435e-03 1.065057246827017055e-03 0.000000000000000000e+00 0.000000000000000000e+00 2.049180327868852305e-02 8.563134978229317018e-03 0.000000000000000000e+00 1.817814582912542949e-03 3.028467595396729171e-04 0.000000000000000000e+00 9.620891077768869981e-02 6.894174422612892256e-04 1.324874043664862888e-02 1.387221555288782257e-02 1.417160525637722141e-03 1.655476869309298283e-03 7.719027402547279414e-04 0.000000000000000000e+00 5.749329244921425660e-04 0.000000000000000000e+00 0.000000000000000000e+00 0.000000000000000000e+00 0.000000000000000000e+00 0.000000000000000000e+00 0.000000000000000000e+00 0.000000000000000000e+00 4.661570016781652320e-04 0.000000000000000000e+00 0.000000000000000000e+00 0.000000000000000000e+00 5.841121495327102368e-04 0.000000000000000000e+00 2.727337974592693691e-03 0.000000000000000000e+00 0.000000000000000000e+00 0.000000000000000000e+00 4.125412541254125463e-04 0.000000000000000000e+00 5.308481774212575437e-03 7.232749891508752089e-05 2.622606871230002620e-03 0.000000000000000000e+00 5.690912324382002389e-03 0.000000000000000000e+00 1.121076233183856486e-03 0.000000000000000000e+00 1.483086152307948671e-02 0.000000000000000000e+00 1.628785074405863630e-03 0.000000000000000000e+00 6.112469437652811709e-04 0.000000000000000000e+00 4.549509366636931423e-02 1.843601167614072845e-03 1.209285903433665772e-02 4.494147157190635060e-03 5.524861878453038444e-03 0.000000000000000000e+00 8.655591232723719441e-03 2.739331026528258554e-03 1.061571125265392762e-03 0.000000000000000000e+00 9.896091044037606116e-04 0.000000000000000000e+00 0.000000000000000000e+00 0.000000000000000000e+00 3.833554053112149095e-03 0.000000000000000000e+00 0.000000000000000000e+00 0.000000000000000000e+00 5.289139633286318344e-03 0.000000000000000000e+00 4.212299915754001462e-04 4.646840148698884541e-04 0.000000000000000000e+00 0.000000000000000000e+00 0.000000000000000000e+00 0.000000000000000000e+00 0.000000000000000000e+00 0.000000000000000000e+00 0.000000000000000000e+00 0.000000000000000000e+00 0.000000000000000000e+00 0.000000000000000000e+00 3.082614056720098684e-04 0.000000000000000000e+00 8.233841086867023547e-04 0.000000000000000000e+00 0.000000000000000000e+00 0.000000000000000000e+00 0.000000000000000000e+00 0.000000000000000000e+00 0.000000000000000000e+00 0.000000000000000000e+00 0.000000000000000000e+00 0.000000000000000000e+00 0.000000000000000000e+00 0.000000000000000000e+00
