0.000000000000000000e+00 2.153549010140028835e-02 3.871484514061943744e-02 2.567647639739285143e-03 3.175611305176246528e-04 0.000000000000000000e+00 1.197162281998226385e-01 1.279590531030070331e-03 5.555555555555555551e-04 0.000000000000000000e+00 2.095053346265761396e-01 0.000000000000000000e+00 3.374156460884778636e-02 0.000000000000000000e+00 4.985044865403788234e-04 0.000000000000000000e+00 5.675675675675675991e-02 1.519295047098146497e-03 3.267093297406534202e-02 2.053656220322886902e-02 0.000000000000000000e+00 0.000000000000000000e+00 3.050640634533251867e-04 3.774297037176825771e-04 0.000000000000000000e+00 0.000000000000000000e+00 0.000000000000000000e+00 0.000000000000000000e+00 1.766138855054811066e-02 1.140088356847655630e-03 0.000000000000000000e+00 0.000000000000000000e+00 1.334702258726899390e-02 1.148588530292000282e-02 3.868471953578336473e-04 0.000000000000000000e+00 7.265425337714494225e-02 3.307151715584952332e-03 0.000000000000000000e+00 0.000000000000000000e+00 8.403361344537814762e-03 1.785714285714285615e-02 2.974125111529691721e-04 0.000000000000000000e+00 6.584000877866783832e-04 0.000000000000000000e+00 0.000000000000000000e+00 0.000000000000000000e+00 4.170390229371462310e-03 7.564868749527195230e-05 2.005730659025788121e-02 7.400281210686005895e-05 3.275466754012446545e-04 0.000000000000000000e+00 3.968253968253968034e-03 0.000000000000000000e+00 2.482522471108574713e-01 3.196711953419340089e-03 2.517935011956674504e-02 9.767214715936838650e-04 5.257801899592944028e-02 2.259376412110257655e-04 1.196928635953026232e-02 6.419515326592841733e-04 3.547751299050349444e-02 0.000000000000000000e+00 5.503022787164781049e-03 4.855940433797345372e-04 7.630827783063748315e-02 9.348155634158665170e-03 7.307249712313003409e-02 1.248244655952566702e-03 4.803822937625754769e-02 1.535155050660116580e-03 1.207000603500301772e-03 3.700962250185047941e-04 5.660036166365280119e-02 2.057613168724280010e-03 0.000000000000000000e+00 0.000000000000000000e+00 1.716247139588100582e-03 0.000000000000000000e+00 0.000000000000000000e+00 0.000000000000000000e+00 1.705286387802186845e-02 0.000000000000000000e+00 0.000000000000000000e+00 0.000000000000000000e+00 7.428571428571428478e-03 0.000000000000000000e+00 5.742176284811944089e-04 3.346080305927342461e-03 0.000000000000000000e+00 0.000000000000000000e+00 9.333333333333333759e-02 1.972386587771203254e-03 0.000000000000000000e+00 0.000000000000000000e+00 1.196888090963494885e-03 0.000000000000000000e+00 0.000000000000000000e+00 0.000000000000000000e+00 1.672240802675585255e-03 2.981514609421585999e-04 3.861003861003860986e-04 0.000000000000000000e+00 1.222493887530562342e-03 0.000000000000000000e+00 0.000000000000000000e+00 0.000000000000000000e+00 1.059322033898305081e-03 0.000000000000000000e+00 0.000000000000000000e+00 5.235602094240838014e-03 0.000000000000000000e+00 0.000000000000000000e+00
2.153549010140028835e-02 0.000000000000000000e+00 5.873976504093983940e-03 4.424254394627691322e-02 0.000000000000000000e+00 0.000000000000000000e+00 3.694945314809340749e-03 1.195137555982085792e-01 0.000000000000000000e+00 0.000000000000000000e+00 2.586485612673779678e-03 4.410899823564007338e-02 7.498125468632841316e-04 5.846774193548387281e-03 0.000000000000000000e+00 0.000000000000000000e+00 3.194103194103194241e-03 8.219386204800972762e-02 2.885371056472437259e-02 8.321462488129155455e-02 0.000000000000000000e+00 0.000000000000000000e+00 1.067724222086638289e-03 3.774297037176825771e-04 0.000000000000000000e+00 0.000000000000000000e+00 0.000000000000000000e+00 0.000000000000000000e+00 4.060089321965083191e-04 4.474846800627048371e-02 1.061007957559681599e-03 4.997501249375312180e-04 2.310061601642710363e-02 1.641996279220253943e-02 3.868471953578336473e-04 1.447178002894355898e-03 5.476451259583789595e-03 1.174038859032658089e-01 6.393861892583120729e-04 0.000000000000000000e+00 0.000000000000000000e+00 5.357142857142856845e-02 0.000000000000000000e+00 2.088409328228332861e-04 0.000000000000000000e+00 2.873838490276846335e-04 0.000000000000000000e+00 8.880994671403196676e-05 1.985900109224505875e-04 3.782434374763597642e-03 1.302422505860901310e-04 9.842374010212387447e-03 0.000000000000000000e+00 9.888402316711398989e-04 0.000000000000000000e+00 2.761226565906118278e-03 1.284063347125124870e-03 2.269665486927731346e-01 0.000000000000000000e+00 2.197623311085788664e-02 3.392130257801899331e-04 4.880253050158156469e-02 2.258355916892502166e-04 2.680147648852511735e-02 3.583587170757928687e-04 3.030753231317783250e-02 6.975662687955355755e-04 9.469083845904823285e-03 1.446241674595623132e-02 1.457806973218797320e-01 1.917913310318373522e-04 1.067249180839444506e-01 2.137826961770623868e-03 4.564527683962747023e-02 0.000000000000000000e+00 2.146558105107327849e-02 4.159132007233273289e-03 9.034792368125701967e-02 0.000000000000000000e+00 0.000000000000000000e+00 0.000000000000000000e+00 1.247504990019960083e-03 0.000000000000000000e+00 1.893939393939393992e-03 2.006219279767278521e-04 2.687249857061177818e-02 0.000000000000000000e+00 0.000000000000000000e+00 0.000000000000000000e+00 1.265531523239760668e-02 3.445305770887166236e-03 7.648183556405353453e-03 0.000000000000000000e+00 1.652892561983471034e-03 3.111111111111111022e-02 1.577909270216962603e-02 6.949270326615705198e-04 0.000000000000000000e+00 1.196888090963494885e-03 1.626016260162601625e-03 0.000000000000000000e+00 0.000000000000000000e+00 1.194457716196846734e-03 8.944543828264758540e-04 1.158301158301158242e-03 3.626107977437550544e-03 0.000000000000000000e+00 0.000000000000000000e+00 0.000000000000000000e+00 0.000000000000000000e+00 0.000000000000000000e+00 0.000000000000000000e+00 1.388888888888888812e-02 0.000000000000000000e+00 7.117437722419928461e-03 0.000000000000000000e+00
3.871484514061943744e-02 5.873976504093983940e-03 0.000000000000000000e+00 9.085522417539008966e-03 9.336297237218164902e-02 2.923264311814860027e-03 3.739284658587053167e-01 1.689059500959692872e-02 4.888888888888889145e-02 3.802281368821292754e-03 6.304558680892337341e-02 6.469319741227210104e-03 1.254686328417895513e-01 3.225806451612903223e-03 4.486540378863410061e-02 1.206272617611580137e-03 1.646191646191646346e-02 1.367365542388331891e-03 1.432581115976198360e-01 1.009021842355175766e-02 7.745933384972889706e-04 0.000000000000000000e+00 2.803538743136058664e-01 7.926023778071333847e-03 1.182108626198083018e-01 9.208103130755064796e-04 1.035196687370600402e-02 0.000000000000000000e+00 2.172147787251319656e-02 5.700441784238278152e-04 2.811671087533156380e-02 3.423288355822089180e-02 9.069130732375085824e-03 1.593464369489605917e-02 1.160541586073500888e-03 4.823926676314520203e-04 6.571741511500547861e-02 0.000000000000000000e+00 0.000000000000000000e+00 0.000000000000000000e+00 0.000000000000000000e+00 0.000000000000000000e+00 1.982750074353127904e-04 0.000000000000000000e+00 1.426533523537803182e-03 0.000000000000000000e+00 1.362397820163487798e-04 0.000000000000000000e+00 3.773210207526561406e-03 7.564868749527195230e-05 3.646783016410523777e-03 0.000000000000000000e+00 0.000000000000000000e+00 0.000000000000000000e+00 5.668934240362811941e-04 0.000000000000000000e+00 3.566842630903124638e-03 4.566731362027628776e-04 1.209734139822759950e-02 1.627869119322806351e-04 3.052917232021709615e-03 2.259376412110257655e-04 1.355013550135501354e-03 0.000000000000000000e+00 2.687690378068446299e-03 0.000000000000000000e+00 1.046349403193303287e-02 4.855940433797345372e-04 6.089438629876308198e-03 1.010611419909045053e-03 5.235903337169160038e-02 2.496489311905133405e-03 1.050050301810865200e-01 2.251560740968171041e-03 9.052504526252263400e-03 0.000000000000000000e+00 1.443037974683544222e-01 4.115226337448560021e-03 0.000000000000000000e+00 0.000000000000000000e+00 9.534706331045003473e-04 0.000000000000000000e+00 2.293577981651376274e-03 0.000000000000000000e+00 2.006219279767278412e-03 0.000000000000000000e+00 0.000000000000000000e+00 0.000000000000000000e+00 1.904761904761904760e-03 2.300966405890474110e-04 2.009761699684180485e-03 3.346080305927342461e-03 7.674597083653108111e-04 0.000000000000000000e+00 5.777777777777777513e-02 1.183431952662721866e-02 2.779708130646282079e-03 0.000000000000000000e+00 5.984440454817474206e-03 0.000000000000000000e+00 0.000000000000000000e+00 0.000000000000000000e+00 2.627806975633062512e-03 8.944543828264758540e-04 7.722007722007721972e-04 4.029008863819500243e-04 0.000000000000000000e+00 0.000000000000000000e+00 0.000000000000000000e+00 0.000000000000000000e+00 0.000000000000000000e+00 0.000000000000000000e+00 0.000000000000000000e+00 0.000000000000000000e+00 3.558718861209964231e-03 0.000000000000000000e+00
2.567647639739285143e-03 4.424254394627691322e-02 9.085522417539008966e-03 0.000000000000000000e+00 8.574150523975865301e-03 6.187576126674786819e-02 1.078924031924327447e-02 1.939859245041586633e-01 1.666666666666666774e-03 1.663498098859315585e-02 3.556417717426446894e-03 5.469515781219368850e-02 6.498375406148462763e-03 5.362903225806451429e-02 3.489531405782651981e-03 4.161640530759951745e-02 7.371007371007370825e-04 1.640838650865998269e-02 6.062647356012125163e-03 1.222697056030389307e-01 7.745933384972889706e-04 0.000000000000000000e+00 2.211714460036607807e-02 2.474051707869409367e-01 1.597444089456868943e-03 4.650092081031307473e-02 0.000000000000000000e+00 5.218216318785579011e-03 6.090133982947624515e-04 4.389340173863474220e-02 5.039787798408488367e-02 6.896551724137930939e-02 6.844626967830252928e-03 2.418506834910620282e-02 0.000000000000000000e+00 3.859141341051616162e-03 2.555677254472435000e-03 5.704836709384043109e-02 4.475703324808183968e-03 0.000000000000000000e+00 0.000000000000000000e+00 1.250000000000000000e-01 0.000000000000000000e+00 2.088409328228332861e-04 0.000000000000000000e+00 2.873838490276846335e-04 0.000000000000000000e+00 8.880994671403196676e-05 0.000000000000000000e+00 3.328542249791966064e-03 0.000000000000000000e+00 3.330126544808702585e-03 0.000000000000000000e+00 0.000000000000000000e+00 0.000000000000000000e+00 1.453277139950588496e-04 1.426737052361249855e-04 7.649275031396278457e-03 2.813335208890139268e-04 2.165065928699332412e-02 3.392130257801899331e-04 2.033438770899231862e-03 0.000000000000000000e+00 1.283903065318568347e-03 0.000000000000000000e+00 5.496954390135195059e-03 3.100294527980157933e-04 1.715765619941728853e-02 7.611798287345385248e-04 6.316321374431530661e-03 2.109704641350210793e-03 5.289436729599001491e-02 1.886317907444668004e-03 1.031624194043598425e-01 0.000000000000000000e+00 2.146558105107327849e-02 2.712477396021699839e-03 1.328095772540217046e-01 0.000000000000000000e+00 4.975124378109452641e-03 0.000000000000000000e+00 1.746506986027944073e-03 0.000000000000000000e+00 0.000000000000000000e+00 0.000000000000000000e+00 3.144654088050314635e-03 0.000000000000000000e+00 8.561643835616437881e-04 0.000000000000000000e+00 6.902899217671421787e-04 2.871088142405971936e-03 7.648183556405353453e-03 0.000000000000000000e+00 0.000000000000000000e+00 1.333333333333333419e-02 9.861932938856015837e-03 3.474635163307852707e-03 0.000000000000000000e+00 2.393776181926989769e-03 0.000000000000000000e+00 0.000000000000000000e+00 0.000000000000000000e+00 2.150023889154323992e-03 1.788908765652951708e-03 2.316602316602316483e-03 2.014504431909750013e-03 0.000000000000000000e+00 0.000000000000000000e+00 0.000000000000000000e+00 0.000000000000000000e+00 0.000000000000000000e+00 0.000000000000000000e+00 0.000000000000000000e+00 0.000000000000000000e+00 7.117437722419928461e-03 0.000000000000000000e+00
3.175611305176246528e-04 0.000000000000000000e+00 9.336297237218164902e-02 8.574150523975865301e-03 0.000000000000000000e+00 3.897685749086480037e-03 2.660360626662725252e-03 1.279590531030070440e-04 5.372222222222222676e-01 7.129277566539924185e-03 0.000000000000000000e+00 0.000000000000000000e+00 2.249437640589852395e-03 0.000000000000000000e+00 1.301096709870388779e-01 1.809408926417370314e-03 0.000000000000000000e+00 0.000000000000000000e+00 3.368137420006736202e-04 0.000000000000000000e+00 9.295120061967466346e-03 0.000000000000000000e+00 1.479560707748627142e-02 4.151726740894508619e-03 1.805111821086262114e-01 4.604051565377532615e-03 2.202898550724637639e-01 2.846299810246679263e-03 1.421031262687779198e-02 0.000000000000000000e+00 6.631299734748010918e-03 4.747626186906547113e-03 0.000000000000000000e+00 0.000000000000000000e+00 0.000000000000000000e+00 0.000000000000000000e+00 0.000000000000000000e+00 0.000000000000000000e+00 0.000000000000000000e+00 0.000000000000000000e+00 0.000000000000000000e+00 0.000000000000000000e+00 0.000000000000000000e+00 0.000000000000000000e+00 0.000000000000000000e+00 0.000000000000000000e+00 1.362397820163487798e-04 0.000000000000000000e+00 1.985900109224505875e-04 0.000000000000000000e+00 0.000000000000000000e+00 0.000000000000000000e+00 0.000000000000000000e+00 0.000000000000000000e+00 3.779289493575207961e-04 0.000000000000000000e+00 0.000000000000000000e+00 0.000000000000000000e+00 0.000000000000000000e+00 0.000000000000000000e+00 0.000000000000000000e+00 0.000000000000000000e+00 0.000000000000000000e+00 0.000000000000000000e+00 0.000000000000000000e+00 0.000000000000000000e+00 0.000000000000000000e+00 0.000000000000000000e+00 0.000000000000000000e+00 0.000000000000000000e+00 3.356348293057153515e-02 1.404275237946637622e-03 4.904426559356137028e-02 0.000000000000000000e+00 1.146650573325286651e-02 0.000000000000000000e+00 1.446654611211573233e-03 0.000000000000000000e+00 0.000000000000000000e+00 0.000000000000000000e+00 0.000000000000000000e+00 0.000000000000000000e+00 2.293577981651376274e-03 0.000000000000000000e+00 4.012438559534557041e-04 0.000000000000000000e+00 0.000000000000000000e+00 0.000000000000000000e+00 2.285714285714285886e-03 0.000000000000000000e+00 2.871088142405972044e-04 4.780114722753345908e-04 0.000000000000000000e+00 0.000000000000000000e+00 0.000000000000000000e+00 0.000000000000000000e+00 0.000000000000000000e+00 0.000000000000000000e+00 0.000000000000000000e+00 0.000000000000000000e+00 0.000000000000000000e+00 0.000000000000000000e+00 0.000000000000000000e+00 0.000000000000000000e+00 0.000000000000000000e+00 0.000000000000000000e+00 0.000000000000000000e+00 0.000000000000000000e+00 0.000000000000000000e+00 0.000000000000000000e+00 0.000000000000000000e+00 0.000000000000000000e+00 0.000000000000000000e+00 0.000000000000000000e+00 0.000000000000000000e+00 0.000000000000000000e+00
0.000000000000000000e+00 0.000000000000000000e+00 2.923264311814860027e-03 6.187576126674786819e-02 3.897685749086480037e-03 0.000000000000000000e+00 1.477978125923736462e-04 0.000000000000000000e+00 0.000000000000000000e+00 3.070342205323193796e-01 0.000000000000000000e+00 0.000000000000000000e+00 2.499375156210947467e-04 4.032258064516129029e-04 1.495513459621136687e-03 1.263570566948130358e-01 0.000000000000000000e+00 0.000000000000000000e+00 0.000000000000000000e+00 2.374169040835707621e-04 5.422153369481022035e-03 7.022471910112359356e-03 6.558877364246491759e-03 9.133798829967917920e-02 1.916932907348242732e-02 2.113259668508287170e-01 4.554865424430641629e-03 2.713472485768501086e-01 0.000000000000000000e+00 3.021234145646287464e-02 3.395225464190981118e-02 1.249375312343828023e-02 0.000000000000000000e+00 1.132411227048451055e-03 0.000000000000000000e+00 0.000000000000000000e+00 0.000000000000000000e+00 1.653575857792476166e-03 6.393861892583120729e-04 0.000000000000000000e+00 0.000000000000000000e+00 0.000000000000000000e+00 0.000000000000000000e+00 2.088409328228332861e-04 0.000000000000000000e+00 0.000000000000000000e+00 0.000000000000000000e+00 2.664298401420959138e-04 0.000000000000000000e+00 1.512973749905439046e-04 0.000000000000000000e+00 7.400281210686005895e-05 0.000000000000000000e+00 0.000000000000000000e+00 0.000000000000000000e+00 1.453277139950588496e-04 0.000000000000000000e+00 2.283365681013814388e-04 0.000000000000000000e+00 1.627869119322806351e-04 0.000000000000000000e+00 0.000000000000000000e+00 2.258355916892502166e-04 0.000000000000000000e+00 0.000000000000000000e+00 0.000000000000000000e+00 0.000000000000000000e+00 0.000000000000000000e+00 0.000000000000000000e+00 0.000000000000000000e+00 1.917913310318373522e-04 3.385863629271337188e-02 0.000000000000000000e+00 4.216559205813120298e-02 0.000000000000000000e+00 2.368615840118430682e-02 0.000000000000000000e+00 3.367003367003366856e-03 0.000000000000000000e+00 0.000000000000000000e+00 0.000000000000000000e+00 2.495009980039919950e-04 0.000000000000000000e+00 0.000000000000000000e+00 0.000000000000000000e+00 7.623403849818943681e-04 0.000000000000000000e+00 8.561643835616437881e-04 0.000000000000000000e+00 9.203865623561896438e-04 5.742176284811944089e-04 0.000000000000000000e+00 0.000000000000000000e+00 0.000000000000000000e+00 0.000000000000000000e+00 1.972386587771203254e-03 0.000000000000000000e+00 0.000000000000000000e+00 0.000000000000000000e+00 0.000000000000000000e+00 0.000000000000000000e+00 0.000000000000000000e+00 0.000000000000000000e+00 0.000000000000000000e+00 0.000000000000000000e+00 0.000000000000000000e+00 0.000000000000000000e+00 0.000000000000000000e+00 0.000000000000000000e+00 0.000000000000000000e+00 0.000000000000000000e+00 0.000000000000000000e+00 0.000000000000000000e+00 0.000000000000000000e+00 0.000000000000000000e+00 0.000000000000000000e+00
1.197162281998226385e-01 3.694945314809340749e-03 3.739284658587053167e-01 1.078924031924327447e-02 2.660360626662725252e-03 1.477978125923736462e-04 0.000000000000000000e+00 1.420345489443378129e-02 7.777777777777777554e-03 1.425855513307984837e-03 3.912059489169091714e-02 6.469319741227210104e-03 2.049487628092976632e-01 2.822580645161290158e-03 1.395812562313060792e-02 3.015681544028950343e-04 3.685503685503685629e-03 7.596475235490732485e-04 1.852475581003704824e-02 8.309591642924976998e-03 0.000000000000000000e+00 0.000000000000000000e+00 1.647345942647955933e-02 6.982449518777127974e-03 0.000000000000000000e+00 9.208103130755064796e-04 0.000000000000000000e+00 0.000000000000000000e+00 5.684125050751116792e-03 2.850220892119139076e-04 8.753315649867374551e-03 1.449275362318840597e-02 1.197809719370294219e-03 1.019170104343605950e-02 3.868471953578336473e-04 0.000000000000000000e+00 5.841548010222709190e-03 4.133939644481190415e-04 6.393861892583120729e-04 0.000000000000000000e+00 0.000000000000000000e+00 0.000000000000000000e+00 0.000000000000000000e+00 0.000000000000000000e+00 3.292000438933391916e-04 0.000000000000000000e+00 1.362397820163487798e-04 0.000000000000000000e+00 2.283785125608181824e-03 0.000000000000000000e+00 1.361031518624641889e-02 0.000000000000000000e+00 3.275466754012446545e-04 0.000000000000000000e+00 3.968253968253968034e-03 0.000000000000000000e+00 3.852190041375374609e-03 1.141682840506907194e-04 5.345336896891264393e-03 1.627869119322806351e-04 9.497964721845318994e-03 0.000000000000000000e+00 3.839205058717253764e-03 0.000000000000000000e+00 2.293495789285074360e-02 0.000000000000000000e+00 1.782669353588590879e-03 0.000000000000000000e+00 1.902949571836346312e-04 0.000000000000000000e+00 7.249712313003452147e-02 3.432672803869558486e-03 1.320422535211267581e-02 1.330467710572101050e-03 1.810500905250452550e-03 7.401924500370095882e-04 2.242314647377938522e-02 1.870557426112981611e-03 0.000000000000000000e+00 2.487562189054726321e-03 4.385964912280701511e-03 0.000000000000000000e+00 0.000000000000000000e+00 0.000000000000000000e+00 1.936001604975423965e-02 0.000000000000000000e+00 0.000000000000000000e+00 0.000000000000000000e+00 1.104761904761904744e-02 0.000000000000000000e+00 0.000000000000000000e+00 9.560229445506691816e-04 0.000000000000000000e+00 0.000000000000000000e+00 1.333333333333333419e-02 0.000000000000000000e+00 0.000000000000000000e+00 0.000000000000000000e+00 5.984440454817474423e-04 0.000000000000000000e+00 0.000000000000000000e+00 0.000000000000000000e+00 0.000000000000000000e+00 2.981514609421585999e-04 0.000000000000000000e+00 0.000000000000000000e+00 0.000000000000000000e+00 0.000000000000000000e+00 0.000000000000000000e+00 0.000000000000000000e+00 0.000000000000000000e+00 0.000000000000000000e+00 0.000000000000000000e+00 0.000000000000000000e+00 0.000000000000000000e+00 0.000000000000000000e+00
1.279590531030070331e-03 1.195137555982085792e-01 1.689059500959692872e-02 1.939859245041586633e-01 1.279590531030070440e-04 0.000000000000000000e+00 1.420345489443378129e-02 0.000000000000000000e+00 1.666666666666666774e-03 4.800380228136882227e-02 1.357904946653734277e-02 1.135071554597137794e-01 9.497625593601599289e-03 2.665322580645161366e-01 1.994017946161515294e-03 9.378769601930035671e-02 1.719901719901719859e-03 5.013673655423883310e-03 1.156393847535646183e-02 1.412630579297245899e-02 0.000000000000000000e+00 0.000000000000000000e+00 1.937156802928614863e-02 6.793734666918286279e-03 0.000000000000000000e+00 4.604051565377532398e-04 0.000000000000000000e+00 0.000000000000000000e+00 1.015022330491270825e-03 1.026079521162890154e-02 1.750663129973474910e-02 2.498750624687656307e-03 6.502395619438740976e-03 5.257623554153522880e-03 3.868471953578336473e-04 4.823926676314520203e-04 1.095290251916757919e-03 1.364200082678792940e-02 1.278772378516624146e-03 0.000000000000000000e+00 0.000000000000000000e+00 0.000000000000000000e+00 0.000000000000000000e+00 6.961364427427775298e-05 0.000000000000000000e+00 1.915892326851231071e-04 0.000000000000000000e+00 0.000000000000000000e+00 0.000000000000000000e+00 2.269460624858158759e-03 0.000000000000000000e+00 5.476208095907644444e-03 0.000000000000000000e+00 7.063144511936713874e-04 0.000000000000000000e+00 1.598604853945647481e-03 0.000000000000000000e+00 4.338394793926247418e-03 0.000000000000000000e+00 3.092951326713332203e-03 0.000000000000000000e+00 5.874378671486669631e-03 2.258355916892502166e-04 2.567806130637136693e-03 0.000000000000000000e+00 1.426236814737780363e-02 2.325220895985118585e-04 2.913564260278407331e-03 1.902949571836346312e-04 1.263264274886306262e-03 1.726121979286536143e-03 1.296614136370728698e-01 2.137826961770623868e-03 2.845154027223416315e-02 0.000000000000000000e+00 4.811250925240562540e-03 5.063291139240506424e-03 3.273475495697717591e-02 0.000000000000000000e+00 0.000000000000000000e+00 0.000000000000000000e+00 6.237524950099800417e-03 0.000000000000000000e+00 0.000000000000000000e+00 0.000000000000000000e+00 1.658090337335620459e-02 0.000000000000000000e+00 0.000000000000000000e+00 0.000000000000000000e+00 7.363092498849517151e-03 2.871088142405972044e-04 9.560229445506691816e-04 0.000000000000000000e+00 0.000000000000000000e+00 4.444444444444444441e-03 0.000000000000000000e+00 1.389854065323141040e-03 0.000000000000000000e+00 5.984440454817474423e-04 0.000000000000000000e+00 0.000000000000000000e+00 0.000000000000000000e+00 4.777830864787386287e-04 2.981514609421585999e-04 0.000000000000000000e+00 0.000000000000000000e+00 0.000000000000000000e+00 0.000000000000000000e+00 0.000000000000000000e+00 0.000000000000000000e+00 0.000000000000000000e+00 0.000000000000000000e+00 0.000000000000000000e+00 2.617801047120419007e-03 0.000000000000000000e+00 0.000000000000000000e+00
5.555555555555555551e-04 0.000000000000000000e+00 4.888888888888889145e-02 1.666666666666666774e-03 5.372222222222222676e-01 0.000000000000000000e+00 7.777777777777777554e-03 1.666666666666666774e-03 0.000000000000000000e+00 4.752851711026615943e-04 3.233107015842224597e-04 0.000000000000000000e+00 2.999250187453136873e-02 0.000000000000000000e+00 1.999002991026919140e-01 3.015681544028950343e-04 0.000000000000000000e+00 0.000000000000000000e+00 0.000000000000000000e+00 0.000000000000000000e+00 0.000000000000000000e+00 0.000000000000000000e+00 1.067724222086638289e-03 7.548594074353651541e-04 1.597444089456868943e-03 0.000000000000000000e+00 6.211180124223602064e-03 0.000000000000000000e+00 2.842062525375558396e-03 0.000000000000000000e+00 1.061007957559681599e-03 4.997501249375312180e-04 0.000000000000000000e+00 0.000000000000000000e+00 0.000000000000000000e+00 0.000000000000000000e+00 0.000000000000000000e+00 0.000000000000000000e+00 0.000000000000000000e+00 0.000000000000000000e+00 0.000000000000000000e+00 0.000000000000000000e+00 0.000000000000000000e+00 0.000000000000000000e+00 0.000000000000000000e+00 0.000000000000000000e+00 1.362397820163487798e-04 0.000000000000000000e+00 0.000000000000000000e+00 0.000000000000000000e+00 6.512112529304506551e-05 0.000000000000000000e+00 0.000000000000000000e+00 0.000000000000000000e+00 1.889644746787603980e-04 0.000000000000000000e+00 0.000000000000000000e+00 0.000000000000000000e+00 0.000000000000000000e+00 0.000000000000000000e+00 1.696065128900949666e-04 0.000000000000000000e+00 0.000000000000000000e+00 0.000000000000000000e+00 1.791793585378964344e-04 0.000000000000000000e+00 0.000000000000000000e+00 0.000000000000000000e+00 0.000000000000000000e+00 0.000000000000000000e+00 6.329113924050632813e-03 0.000000000000000000e+00 1.194668008048289758e-02 0.000000000000000000e+00 3.017501508750754322e-03 0.000000000000000000e+00 2.350813743218806585e-03 0.000000000000000000e+00 0.000000000000000000e+00 0.000000000000000000e+00 0.000000000000000000e+00 0.000000000000000000e+00 0.000000000000000000e+00 0.000000000000000000e+00 1.003109639883639260e-04 0.000000000000000000e+00 0.000000000000000000e+00 0.000000000000000000e+00 0.000000000000000000e+00 0.000000000000000000e+00 0.000000000000000000e+00 0.000000000000000000e+00 0.000000000000000000e+00 0.000000000000000000e+00 0.000000000000000000e+00 0.000000000000000000e+00 0.000000000000000000e+00 0.000000000000000000e+00 0.000000000000000000e+00 0.000000000000000000e+00 0.000000000000000000e+00 0.000000000000000000e+00 0.000000000000000000e+00 0.000000000000000000e+00 3.861003861003860986e-04 0.000000000000000000e+00 0.000000000000000000e+00 0.000000000000000000e+00 0.000000000000000000e+00 0.000000000000000000e+00 0.000000000000000000e+00 0.000000000000000000e+00 0.000000000000000000e+00 0.000000000000000000e+00 0.000000000000000000e+00 0.000000000000000000e+00
0.000000000000000000e+00 0.000000000000000000e+00 3.802281368821292754e-03 1.663498098859315585e-02 7.129277566539924185e-03 3.070342205323193796e-01 1.425855513307984837e-03 4.800380228136882227e-02 4.752851711026615943e-04 0.000000000000000000e+00 0.000000000000000000e+00 9.801999607920014717e-04 0.000000000000000000e+00 8.669354838709677005e-03 4.985044865403788234e-04 2.554282267792520877e-01 0.000000000000000000e+00 0.000000000000000000e+00 0.000000000000000000e+00 1.187084520417853810e-04 0.000000000000000000e+00 0.000000000000000000e+00 3.508236729713239566e-03 9.435742592942064156e-04 9.584664536741213658e-03 0.000000000000000000e+00 4.140786749482401629e-04 3.795066413662239162e-03 0.000000000000000000e+00 3.277754025937010263e-03 8.753315649867374551e-03 1.749125437281359371e-03 0.000000000000000000e+00 8.088651621774649813e-05 0.000000000000000000e+00 0.000000000000000000e+00 0.000000000000000000e+00 4.133939644481190415e-04 0.000000000000000000e+00 0.000000000000000000e+00 0.000000000000000000e+00 0.000000000000000000e+00 0.000000000000000000e+00 0.000000000000000000e+00 0.000000000000000000e+00 9.579461634256155353e-05 0.000000000000000000e+00 3.552397868561278670e-04 0.000000000000000000e+00 1.512973749905439046e-04 0.000000000000000000e+00 7.400281210686005895e-05 0.000000000000000000e+00 2.825257804774685658e-04 0.000000000000000000e+00 0.000000000000000000e+00 0.000000000000000000e+00 0.000000000000000000e+00 0.000000000000000000e+00 0.000000000000000000e+00 0.000000000000000000e+00 0.000000000000000000e+00 0.000000000000000000e+00 1.604878831648210433e-04 0.000000000000000000e+00 0.000000000000000000e+00 0.000000000000000000e+00 8.093234056328909405e-05 0.000000000000000000e+00 0.000000000000000000e+00 0.000000000000000000e+00 3.276642221875487784e-03 0.000000000000000000e+00 2.077576501893357852e-02 0.000000000000000000e+00 8.142116950407105036e-03 0.000000000000000000e+00 2.992891881780770490e-03 0.000000000000000000e+00 0.000000000000000000e+00 0.000000000000000000e+00 2.495009980039919950e-04 0.000000000000000000e+00 0.000000000000000000e+00 0.000000000000000000e+00 6.670478368591576399e-04 0.000000000000000000e+00 1.712328767123287576e-03 0.000000000000000000e+00 6.902899217671421787e-04 0.000000000000000000e+00 0.000000000000000000e+00 0.000000000000000000e+00 0.000000000000000000e+00 0.000000000000000000e+00 0.000000000000000000e+00 0.000000000000000000e+00 0.000000000000000000e+00 0.000000000000000000e+00 0.000000000000000000e+00 0.000000000000000000e+00 0.000000000000000000e+00 0.000000000000000000e+00 0.000000000000000000e+00 0.000000000000000000e+00 0.000000000000000000e+00 0.000000000000000000e+00 0.000000000000000000e+00 0.000000000000000000e+00 0.000000000000000000e+00 0.000000000000000000e+00 0.000000000000000000e+00 0.000000000000000000e+00 0.000000000000000000e+00 0.000000000000000000e+00 0.000000000000000000e+00
2.095053346265761396e-01 2.586485612673779678e-03 6.304558680892337341e-02 3.556417717426446894e-03 0.000000000000000000e+00 0.000000000000000000e+00 3.912059489169091714e-02 1.357904946653734277e-02 3.233107015842224597e-04 0.000000000000000000e+00 0.000000000000000000e+00 1.764359929425602736e-03 1.189702574356410886e-01 0.000000000000000000e+00 3.988035892323030587e-03 0.000000000000000000e+00 6.584766584766585384e-02 1.519295047098146334e-04 2.750645559672167811e-02 5.341880341880341984e-03 0.000000000000000000e+00 0.000000000000000000e+00 8.389261744966442988e-03 0.000000000000000000e+00 0.000000000000000000e+00 0.000000000000000000e+00 0.000000000000000000e+00 0.000000000000000000e+00 6.638246041412911025e-02 0.000000000000000000e+00 1.856763925729442962e-03 7.496251874062968270e-04 1.711156741957563232e-03 2.750141551403381072e-03 1.160541586073500888e-03 4.823926676314520203e-04 1.095290251916757919e-03 0.000000000000000000e+00 0.000000000000000000e+00 0.000000000000000000e+00 0.000000000000000000e+00 0.000000000000000000e+00 0.000000000000000000e+00 0.000000000000000000e+00 1.097333479644464017e-04 0.000000000000000000e+00 0.000000000000000000e+00 0.000000000000000000e+00 0.000000000000000000e+00 0.000000000000000000e+00 1.953633758791351992e-03 0.000000000000000000e+00 0.000000000000000000e+00 0.000000000000000000e+00 3.779289493575207961e-04 0.000000000000000000e+00 1.284063347125124870e-03 0.000000000000000000e+00 1.688001125334083561e-03 1.627869119322806351e-04 2.611940298507462593e-02 0.000000000000000000e+00 9.259259259259258745e-03 1.604878831648210433e-04 1.182583766350116423e-02 0.000000000000000000e+00 9.300883583940474340e-04 0.000000000000000000e+00 7.611798287345385248e-04 0.000000000000000000e+00 1.074031453778289194e-02 1.716336401934779243e-03 6.916498993963782899e-03 2.046873400880155566e-04 0.000000000000000000e+00 0.000000000000000000e+00 5.424954792043399678e-03 5.611672278338945483e-04 0.000000000000000000e+00 0.000000000000000000e+00 2.669717772692601146e-03 0.000000000000000000e+00 0.000000000000000000e+00 0.000000000000000000e+00 5.517103019360015959e-03 0.000000000000000000e+00 0.000000000000000000e+00 0.000000000000000000e+00 2.285714285714285886e-03 0.000000000000000000e+00 0.000000000000000000e+00 0.000000000000000000e+00 0.000000000000000000e+00 0.000000000000000000e+00 0.000000000000000000e+00 0.000000000000000000e+00 6.949270326615705198e-04 0.000000000000000000e+00 0.000000000000000000e+00 0.000000000000000000e+00 0.000000000000000000e+00 0.000000000000000000e+00 0.000000000000000000e+00 0.000000000000000000e+00 0.000000000000000000e+00 0.000000000000000000e+00 0.000000000000000000e+00 0.000000000000000000e+00 0.000000000000000000e+00 0.000000000000000000e+00 0.000000000000000000e+00 0.000000000000000000e+00 0.000000000000000000e+00 0.000000000000000000e+00 0.000000000000000000e+00 0.000000000000000000e+00
0.000000000000000000e+00 4.410899823564007338e-02 6.469319741227210104e-03 5.469515781219368850e-02 0.000000000000000000e+00 0.000000000000000000e+00 6.469319741227210104e-03 1.135071554597137794e-01 0.000000000000000000e+00 9.801999607920014717e-04 1.764359929425602736e-03 0.000000000000000000e+00 2.999250187453136526e-03 2.207661290322580627e-01 0.000000000000000000e+00 1.025331724969843171e-02 4.914004914004913883e-04 7.231844424187176823e-02 2.806781183338946835e-03 2.326685660018993490e-02 0.000000000000000000e+00 0.000000000000000000e+00 3.203172666259914651e-03 8.869598037365540588e-03 0.000000000000000000e+00 4.604051565377532398e-04 0.000000000000000000e+00 0.000000000000000000e+00 4.060089321965083191e-04 1.016103748040473181e-01 1.856763925729442962e-03 9.995002498750624360e-04 1.368925393566050629e-03 9.706381946129580968e-03 0.000000000000000000e+00 4.823926676314520203e-04 0.000000000000000000e+00 4.133939644481190415e-04 0.000000000000000000e+00 0.000000000000000000e+00 0.000000000000000000e+00 1.785714285714285615e-02 0.000000000000000000e+00 0.000000000000000000e+00 0.000000000000000000e+00 0.000000000000000000e+00 0.000000000000000000e+00 0.000000000000000000e+00 0.000000000000000000e+00 5.295408124669036525e-04 0.000000000000000000e+00 7.400281210686005624e-04 0.000000000000000000e+00 4.237886707162028758e-04 0.000000000000000000e+00 1.307949425955529620e-03 0.000000000000000000e+00 3.995889941774175003e-03 0.000000000000000000e+00 1.465082207390525906e-03 0.000000000000000000e+00 9.489380930863081445e-03 0.000000000000000000e+00 1.364147006900979023e-02 0.000000000000000000e+00 8.765413757242608572e-03 1.550147263990078966e-04 8.093234056328909133e-04 0.000000000000000000e+00 1.010611419909045053e-03 1.917913310318373522e-04 5.461070369792479090e-02 1.006036217303823022e-03 1.514686316651315048e-02 0.000000000000000000e+00 1.110288675055514382e-03 1.989150090415913331e-03 8.604564160119716407e-03 0.000000000000000000e+00 1.492537313432835792e-02 0.000000000000000000e+00 1.472055888223552933e-02 0.000000000000000000e+00 0.000000000000000000e+00 0.000000000000000000e+00 1.534210024776062539e-02 0.000000000000000000e+00 0.000000000000000000e+00 0.000000000000000000e+00 1.173492867004141682e-02 0.000000000000000000e+00 0.000000000000000000e+00 0.000000000000000000e+00 0.000000000000000000e+00 4.444444444444444441e-03 0.000000000000000000e+00 0.000000000000000000e+00 0.000000000000000000e+00 0.000000000000000000e+00 0.000000000000000000e+00 0.000000000000000000e+00 0.000000000000000000e+00 0.000000000000000000e+00 2.981514609421585999e-04 0.000000000000000000e+00 0.000000000000000000e+00 0.000000000000000000e+00 0.000000000000000000e+00 0.000000000000000000e+00 0.000000000000000000e+00 0.000000000000000000e+00 0.000000000000000000e+00 0.000000000000000000e+00 0.000000000000000000e+00 0.000000000000000000e+00 0.000000000000000000e+00
3.374156460884778636e-02 7.498125468632841316e-04 1.254686328417895513e-01 6.498375406148462763e-03 2.249437640589852395e-03 2.499375156210947467e-04 2.049487628092976632e-01 9.497625593601599289e-03 2.999250187453136873e-02 0.000000000000000000e+00 1.189702574356410886e-01 2.999250187453136526e-03 0.000000000000000000e+00 1.209677419354838763e-03 1.635094715852442593e-01 3.015681544028950343e-04 9.828009828009827767e-03 1.519295047098146334e-04 1.032895475468732435e-02 1.899335232668566097e-03 0.000000000000000000e+00 0.000000000000000000e+00 2.226967663209273793e-02 2.075863370447254309e-03 3.194888178913737886e-03 0.000000000000000000e+00 0.000000000000000000e+00 0.000000000000000000e+00 8.181079983759642626e-02 1.425110446059569538e-04 6.631299734748010918e-03 7.746126936531733988e-03 1.711156741957563232e-03 1.941276389225916063e-03 7.736943907156672946e-04 0.000000000000000000e+00 1.460387002555677298e-03 0.000000000000000000e+00 0.000000000000000000e+00 0.000000000000000000e+00 0.000000000000000000e+00 0.000000000000000000e+00 0.000000000000000000e+00 0.000000000000000000e+00 0.000000000000000000e+00 0.000000000000000000e+00 0.000000000000000000e+00 0.000000000000000000e+00 1.985900109224505875e-04 0.000000000000000000e+00 1.432664756446991360e-03 0.000000000000000000e+00 3.275466754012446545e-04 0.000000000000000000e+00 5.668934240362811941e-04 0.000000000000000000e+00 1.284063347125124870e-03 0.000000000000000000e+00 4.220002813335208902e-04 0.000000000000000000e+00 1.390773405698778747e-02 0.000000000000000000e+00 2.258355916892502112e-03 0.000000000000000000e+00 8.242250492743236415e-03 0.000000000000000000e+00 2.325220895985118585e-04 1.618646811265781881e-04 5.708848715509039478e-04 0.000000000000000000e+00 2.646720368239355650e-02 1.560305819940708324e-03 2.087525150905432739e-02 6.140620202640466969e-04 3.621001810500905100e-03 0.000000000000000000e+00 1.989150090415913244e-02 5.611672278338945483e-04 0.000000000000000000e+00 0.000000000000000000e+00 3.623188405797101493e-03 0.000000000000000000e+00 0.000000000000000000e+00 0.000000000000000000e+00 4.915237235429832131e-03 0.000000000000000000e+00 0.000000000000000000e+00 0.000000000000000000e+00 1.904761904761904760e-03 0.000000000000000000e+00 8.613264427217915591e-04 9.560229445506691816e-04 0.000000000000000000e+00 0.000000000000000000e+00 8.888888888888888881e-03 0.000000000000000000e+00 0.000000000000000000e+00 0.000000000000000000e+00 0.000000000000000000e+00 0.000000000000000000e+00 0.000000000000000000e+00 0.000000000000000000e+00 4.777830864787386287e-04 2.981514609421585999e-04 0.000000000000000000e+00 8.058017727639000486e-04 1.222493887530562342e-03 0.000000000000000000e+00 0.000000000000000000e+00 0.000000000000000000e+00 0.000000000000000000e+00 0.000000000000000000e+00 0.000000000000000000e+00 0.000000000000000000e+00 0.000000000000000000e+00 0.000000000000000000e+00
