3.014601821259457193e-01 4.690617107809033626e-01 3.729644588043957154e-01 4.824635446263154659e-01 2.863973999999999687e-01 0.000000000000000000e+00 3.321590074883796206e-01 4.661356896971535768e-01 4.321695474860335340e-01 0.000000000000000000e+00 3.325265173899472626e-01 0.000000000000000000e+00 3.618679505465288715e-01 0.000000000000000000e+00 3.624668055555555490e-01 0.000000000000000000e+00 3.229866287731852359e-01 4.547942541147761975e-01 3.912284782185140308e-01 4.801501071527189413e-01 0.000000000000000000e+00 0.000000000000000000e+00 3.747760098784194693e-01 4.319647137574689211e-01 0.000000000000000000e+00 0.000000000000000000e+00 0.000000000000000000e+00 0.000000000000000000e+00 3.822748678649620091e-01 4.995544026229584156e-01 0.000000000000000000e+00 0.000000000000000000e+00 3.932090226515113085e-01 4.585536280168661105e-01 4.335485421686746110e-01 0.000000000000000000e+00 4.608817110316363874e-01 5.165683026514161780e-01 0.000000000000000000e+00 0.000000000000000000e+00 4.163973448275862799e-01 4.735051521739129243e-01 3.888149085495545276e-01 0.000000000000000000e+00 3.720075018441865722e-01 0.000000000000000000e+00 0.000000000000000000e+00 0.000000000000000000e+00 3.689408946383266330e-01 4.130522268907563244e-01 3.803957850926045214e-01 4.387083181818181021e-01 3.804749200000000497e-01 0.000000000000000000e+00 3.877379016242050169e-01 0.000000000000000000e+00 2.921488122081400407e-01 4.694154270404813367e-01 3.862549827000988367e-01 4.882530299453812783e-01 3.893880895896844607e-01 4.562482761904761430e-01 3.591559283219187271e-01 4.547886267290347506e-01 3.960997296462276940e-01 0.000000000000000000e+00 4.123885786261685116e-01 4.771994854672044206e-01 2.547493360281043451e-01 4.952963177515022908e-01 3.369366812176469161e-01 4.763812533253748427e-01 3.820154764553446158e-01 4.788850737802514690e-01 4.122250668859649414e-01 4.795714117647059127e-01 3.856768530526631378e-01 4.674775244704366117e-01 0.000000000000000000e+00 0.000000000000000000e+00 3.659337496411786961e-01 0.000000000000000000e+00 0.000000000000000000e+00 0.000000000000000000e+00 3.846583702061524002e-01 0.000000000000000000e+00 0.000000000000000000e+00 0.000000000000000000e+00 3.934809366852897172e-01 0.000000000000000000e+00 4.202821436424746260e-01 4.384484786015078184e-01 0.000000000000000000e+00 0.000000000000000000e+00 4.418536506719987766e-01 5.463402627118643107e-01 0.000000000000000000e+00 0.000000000000000000e+00 4.762750234993614606e-01 0.000000000000000000e+00 0.000000000000000000e+00 0.000000000000000000e+00 4.519537454941419674e-01 5.009786500000000808e-01 4.297775603448275028e-01 0.000000000000000000e+00 4.992581574074073658e-01 0.000000000000000000e+00 0.000000000000000000e+00 0.000000000000000000e+00 4.626659051724138494e-01 0.000000000000000000e+00 0.000000000000000000e+00 4.069578293436293404e-01 0.000000000000000000e+00 0.000000000000000000e+00
4.690617107809033626e-01 2.861322263665196375e-01 4.796568920905908695e-01 3.446428498518058769e-01 0.000000000000000000e+00 0.000000000000000000e+00 4.471821475596393647e-01 2.980801434988383236e-01 0.000000000000000000e+00 0.000000000000000000e+00 4.484299387323636976e-01 3.753561972063490515e-01 4.482014293424440576e-01 4.117650596706664556e-01 0.000000000000000000e+00 0.000000000000000000e+00 4.613316989933817780e-01 3.445191035247172628e-01 4.916075283080181269e-01 3.687459892256256255e-01 0.000000000000000000e+00 0.000000000000000000e+00 4.476884843299884231e-01 4.213650104166666299e-01 0.000000000000000000e+00 0.000000000000000000e+00 0.000000000000000000e+00 0.000000000000000000e+00 4.422437149509803600e-01 4.102665672328525415e-01 4.145595176856546882e-01 4.145643672017303993e-01 4.771971689960477492e-01 4.056737573722520307e-01 4.584668038834951997e-01 4.393881342908023124e-01 5.052734349599825592e-01 4.997637675043900551e-01 5.087100967741935431e-01 0.000000000000000000e+00 0.000000000000000000e+00 4.342153929868242668e-01 0.000000000000000000e+00 4.370961749987218870e-01 0.000000000000000000e+00 4.195670077918690066e-01 0.000000000000000000e+00 4.669363906250000862e-01 4.699430289452075082e-01 3.884725848462105557e-01 4.371473660660660787e-01 3.700080746423227707e-01 0.000000000000000000e+00 3.797315545273406978e-01 0.000000000000000000e+00 3.864644609028461963e-01 4.597899926670658832e-01 3.060785432338044565e-01 0.000000000000000000e+00 4.012280829661140080e-01 4.448348013694205516e-01 3.792294259130238321e-01 4.675014144144143957e-01 3.784557927282473644e-01 4.407838627077379501e-01 3.749658407572627472e-01 4.903435840536605195e-01 4.369948459993597822e-01 5.043133958995983379e-01 2.808780722328337864e-01 4.881347582417582265e-01 3.761937865515402879e-01 4.665252249622862113e-01 4.088369493596229476e-01 0.000000000000000000e+00 4.079836144643945728e-01 4.584235799421368385e-01 4.082812724729237841e-01 0.000000000000000000e+00 0.000000000000000000e+00 0.000000000000000000e+00 3.938756863603739555e-01 0.000000000000000000e+00 4.067874159999999573e-01 4.240752777930654749e-01 3.980818171764101132e-01 0.000000000000000000e+00 0.000000000000000000e+00 0.000000000000000000e+00 4.040544216764470620e-01 4.421459626891013350e-01 4.841202856543418420e-01 0.000000000000000000e+00 4.458046666666667379e-01 4.618229345889622861e-01 4.963866744107776063e-01 5.137960940170940294e-01 0.000000000000000000e+00 4.869132902898551385e-01 4.036602857142857492e-01 0.000000000000000000e+00 0.000000000000000000e+00 4.502233900711741232e-01 4.823474864159286724e-01 4.498345033509700275e-01 4.695711246284966500e-01 0.000000000000000000e+00 0.000000000000000000e+00 0.000000000000000000e+00 0.000000000000000000e+00 0.000000000000000000e+00 0.000000000000000000e+00 5.046788060606060000e-01 0.000000000000000000e+00 4.248137637368057384e-01 0.000000000000000000e+00
3.729644588043957154e-01 4.796568920905908695e-01 2.704057671732192913e-01 4.503969855189873250e-01 1.643151926028586507e-01 4.332250619580592654e-01 3.131573465043369087e-01 4.405056320374381995e-01 2.046658005443097172e-01 4.496206578989464520e-01 3.783778685110972817e-01 4.382041719799075197e-01 3.412567757029132953e-01 4.359228925111140462e-01 3.207766339154194957e-01 4.504982229720376763e-01 3.870081535123051086e-01 4.601954865090858160e-01 3.158753636630181050e-01 4.820694302771912909e-01 2.921444791666666929e-01 0.000000000000000000e+00 2.684447655328194848e-01 4.367625065528980555e-01 2.400979376987378566e-01 4.764691942635659316e-01 2.846491250940000328e-01 0.000000000000000000e+00 3.613753994623221111e-01 4.626546524896201773e-01 3.581608277871989876e-01 4.385492674910442812e-01 4.079527036669252094e-01 4.683373635366083199e-01 4.461618840206185710e-01 4.846584028776978470e-01 4.581032874458127457e-01 0.000000000000000000e+00 0.000000000000000000e+00 0.000000000000000000e+00 0.000000000000000000e+00 0.000000000000000000e+00 4.307867429526417435e-01 0.000000000000000000e+00 4.513416672256260753e-01 0.000000000000000000e+00 4.333519160839161000e-01 0.000000000000000000e+00 4.096986617128255403e-01 4.441081157024793225e-01 3.744407098958742464e-01 0.000000000000000000e+00 0.000000000000000000e+00 0.000000000000000000e+00 3.726807541540107516e-01 0.000000000000000000e+00 4.074655826972223838e-01 4.561143434708049282e-01 4.281067081796714469e-01 4.986809745762711965e-01 3.795622939174851940e-01 4.515441811023621632e-01 3.824377021602017312e-01 0.000000000000000000e+00 3.851228509956017287e-01 0.000000000000000000e+00 4.454596495157018832e-01 5.037820880773543619e-01 3.822119689726579117e-01 4.687570010489510719e-01 3.463312571034397602e-01 4.617743593394765256e-01 3.781809936311726350e-01 4.633025422992378961e-01 3.595595799726378217e-01 0.000000000000000000e+00 4.091746871744205705e-01 4.414302054471045400e-01 0.000000000000000000e+00 0.000000000000000000e+00 3.821340327638706458e-01 0.000000000000000000e+00 3.995380940170940032e-01 0.000000000000000000e+00 3.750536412789828855e-01 0.000000000000000000e+00 0.000000000000000000e+00 0.000000000000000000e+00 3.851432837806277321e-01 4.311070631596676250e-01 4.305822612737757460e-01 4.408927732012450917e-01 4.797611184210525681e-01 0.000000000000000000e+00 4.285930507517627941e-01 4.336111613833839584e-01 4.510150548178532559e-01 0.000000000000000000e+00 4.530932024163131233e-01 0.000000000000000000e+00 0.000000000000000000e+00 0.000000000000000000e+00 4.413035477977506615e-01 4.348404672036063623e-01 4.537679451770452177e-01 4.378175098039215896e-01 0.000000000000000000e+00 0.000000000000000000e+00 0.000000000000000000e+00 0.000000000000000000e+00 0.000000000000000000e+00 0.000000000000000000e+00 0.000000000000000000e+00 0.000000000000000000e+00 4.222616106194689856e-01 0.000000000000000000e+00
4.824635446263154659e-01 3.446428498518058769e-01 4.503969855189873250e-01 2.671290174177846088e-01 4.596263878893723231e-01 2.217228009259326893e-01 4.485035177317871491e-01 3.360698541482543544e-01 4.570867670089859280e-01 2.340653919591386689e-01 4.507961971959588143e-01 3.896211066421456648e-01 4.448197673252515805e-01 3.605595833908082914e-01 4.596451957543495892e-01 3.060491369437490228e-01 4.687234385050659813e-01 4.052792610813768515e-01 4.807114270200785189e-01 2.951446041703627010e-01 3.994467075471697659e-01 0.000000000000000000e+00 4.469300776912582540e-01 2.732070946884333495e-01 4.607797474747474809e-01 2.377418283392512266e-01 0.000000000000000000e+00 2.793161288045477031e-01 4.579876799009647281e-01 3.715604839319147645e-01 4.277798935731744190e-01 3.444917774821030232e-01 4.665273706270677279e-01 3.862850867140108502e-01 0.000000000000000000e+00 4.711910971872038667e-01 5.015860101026852202e-01 4.807672115736668639e-01 4.583152693316790982e-01 0.000000000000000000e+00 0.000000000000000000e+00 4.506658512518854076e-01 0.000000000000000000e+00 4.484324673021662377e-01 0.000000000000000000e+00 4.547953290553705674e-01 0.000000000000000000e+00 4.272830457516340052e-01 0.000000000000000000e+00 4.115768173734826174e-01 0.000000000000000000e+00 3.981641670215495532e-01 0.000000000000000000e+00 0.000000000000000000e+00 0.000000000000000000e+00 4.271637107438016057e-01 4.733674806629835086e-01 4.287063240334232361e-01 4.785231197660818614e-01 4.268922913987404644e-01 4.395729017094017754e-01 4.004378428268954848e-01 0.000000000000000000e+00 4.002214017700563842e-01 0.000000000000000000e+00 3.979768723019495025e-01 4.864648053034302810e-01 4.398696695086974362e-01 4.837931999016824025e-01 4.271882374446486219e-01 4.456569621557190941e-01 3.729031579606219005e-01 4.511434878874301946e-01 3.916639265973584361e-01 0.000000000000000000e+00 3.816959364631832829e-01 4.615117245052232087e-01 4.102748130833721585e-01 0.000000000000000000e+00 4.345621432249322513e-01 0.000000000000000000e+00 4.032284341338363554e-01 0.000000000000000000e+00 0.000000000000000000e+00 0.000000000000000000e+00 3.898532900446133875e-01 0.000000000000000000e+00 4.377139999999999365e-01 0.000000000000000000e+00 3.994807676124452755e-01 4.401181021606652699e-01 4.364515570928661492e-01 0.000000000000000000e+00 0.000000000000000000e+00 4.462272167684830926e-01 4.284682389589858920e-01 4.645995384348529100e-01 0.000000000000000000e+00 4.469293295488691586e-01 0.000000000000000000e+00 0.000000000000000000e+00 0.000000000000000000e+00 4.527131924949298614e-01 4.287470395183821670e-01 4.550521955432072496e-01 4.442967840036195493e-01 0.000000000000000000e+00 0.000000000000000000e+00 0.000000000000000000e+00 0.000000000000000000e+00 0.000000000000000000e+00 0.000000000000000000e+00 0.000000000000000000e+00 0.000000000000000000e+00 4.007886688596490887e-01 0.000000000000000000e+00
2.863973999999999687e-01 0.000000000000000000e+00 1.643151926028586507e-01 4.596263878893723231e-01 1.727310905092232785e-01 4.517001762600344472e-01 2.940264685705064052e-01 4.729694875000000076e-01 2.038392520268201002e-01 4.540695532725091965e-01 0.000000000000000000e+00 0.000000000000000000e+00 2.853762151275147652e-01 0.000000000000000000e+00 2.600574102591927672e-01 4.411584357821055069e-01 0.000000000000000000e+00 0.000000000000000000e+00 3.484662024276800607e-01 0.000000000000000000e+00 3.348935048797838099e-01 0.000000000000000000e+00 2.043996623426254378e-01 4.329884567286683139e-01 2.144921178167870091e-01 4.597642649082213095e-01 2.364197328995571168e-01 4.473880945614429616e-01 3.293442884650136238e-01 0.000000000000000000e+00 3.560405224529795687e-01 4.308160623902348996e-01 0.000000000000000000e+00 0.000000000000000000e+00 0.000000000000000000e+00 0.000000000000000000e+00 0.000000000000000000e+00 0.000000000000000000e+00 0.000000000000000000e+00 0.000000000000000000e+00 0.000000000000000000e+00 0.000000000000000000e+00 0.000000000000000000e+00 0.000000000000000000e+00 0.000000000000000000e+00 0.000000000000000000e+00 4.187427928571428870e-01 0.000000000000000000e+00 4.488994205974842222e-01 0.000000000000000000e+00 0.000000000000000000e+00 0.000000000000000000e+00 0.000000000000000000e+00 0.000000000000000000e+00 4.116041768280263580e-01 0.000000000000000000e+00 0.000000000000000000e+00 0.000000000000000000e+00 0.000000000000000000e+00 0.000000000000000000e+00 0.000000000000000000e+00 0.000000000000000000e+00 0.000000000000000000e+00 0.000000000000000000e+00 0.000000000000000000e+00 0.000000000000000000e+00 0.000000000000000000e+00 0.000000000000000000e+00 0.000000000000000000e+00 0.000000000000000000e+00 3.072285981256528964e-01 4.839347207723614375e-01 3.429647321359182155e-01 0.000000000000000000e+00 3.161089875424974993e-01 0.000000000000000000e+00 3.837633646470113291e-01 0.000000000000000000e+00 0.000000000000000000e+00 0.000000000000000000e+00 0.000000000000000000e+00 0.000000000000000000e+00 3.634988999999999582e-01 0.000000000000000000e+00 3.945037892723268769e-01 0.000000000000000000e+00 0.000000000000000000e+00 0.000000000000000000e+00 3.928914286026657376e-01 0.000000000000000000e+00 4.074036357142857279e-01 4.194713266666666440e-01 0.000000000000000000e+00 0.000000000000000000e+00 0.000000000000000000e+00 0.000000000000000000e+00 0.000000000000000000e+00 0.000000000000000000e+00 0.000000000000000000e+00 0.000000000000000000e+00 0.000000000000000000e+00 0.000000000000000000e+00 0.000000000000000000e+00 0.000000000000000000e+00 0.000000000000000000e+00 0.000000000000000000e+00 0.000000000000000000e+00 0.000000000000000000e+00 0.000000000000000000e+00 0.000000000000000000e+00 0.000000000000000000e+00 0.000000000000000000e+00 0.000000000000000000e+00 0.000000000000000000e+00 0.000000000000000000e+00 0.000000000000000000e+00
0.000000000000000000e+00 0.000000000000000000e+00 4.332250619580592654e-01 2.217228009259326893e-01 4.517001762600344472e-01 1.941684748537111371e-01 4.760368850574712152e-01 0.000000000000000000e+00 0.000000000000000000e+00 2.235241137433870706e-01 0.000000000000000000e+00 0.000000000000000000e+00 4.353960245454545630e-01 2.979792297297297332e-01 4.464750311344174993e-01 2.676597564010617658e-01 0.000000000000000000e+00 0.000000000000000000e+00 0.000000000000000000e+00 3.894392201298700895e-01 4.248549739875661646e-01 3.041980030893788323e-01 4.446286786084920895e-01 1.643716031341518058e-01 4.339155141163829055e-01 2.159098876053771876e-01 4.574280736547025605e-01 2.109581162614191929e-01 0.000000000000000000e+00 2.796819491311048900e-01 3.997587334206861853e-01 3.185008542757070682e-01 0.000000000000000000e+00 3.743794957773593501e-01 0.000000000000000000e+00 0.000000000000000000e+00 0.000000000000000000e+00 4.070290014062843964e-01 3.654288651685392852e-01 0.000000000000000000e+00 0.000000000000000000e+00 0.000000000000000000e+00 0.000000000000000000e+00 4.452500232641278255e-01 0.000000000000000000e+00 0.000000000000000000e+00 0.000000000000000000e+00 4.335187551679815510e-01 0.000000000000000000e+00 4.577234288070901602e-01 0.000000000000000000e+00 4.549166640625000313e-01 0.000000000000000000e+00 0.000000000000000000e+00 0.000000000000000000e+00 4.506120769230769207e-01 0.000000000000000000e+00 4.062953305353902422e-01 0.000000000000000000e+00 3.792842808219178408e-01 0.000000000000000000e+00 0.000000000000000000e+00 4.254035616438355816e-01 0.000000000000000000e+00 0.000000000000000000e+00 0.000000000000000000e+00 0.000000000000000000e+00 0.000000000000000000e+00 0.000000000000000000e+00 0.000000000000000000e+00 4.669966416666667119e-01 3.268385930159791175e-01 0.000000000000000000e+00 3.277452388303691011e-01 0.000000000000000000e+00 3.171384536663187648e-01 0.000000000000000000e+00 3.725749449616528874e-01 0.000000000000000000e+00 0.000000000000000000e+00 0.000000000000000000e+00 4.090985000000000316e-01 0.000000000000000000e+00 0.000000000000000000e+00 0.000000000000000000e+00 4.250721882117894368e-01 0.000000000000000000e+00 4.043423207547169329e-01 0.000000000000000000e+00 4.121567806917504906e-01 3.951192190150551453e-01 0.000000000000000000e+00 0.000000000000000000e+00 0.000000000000000000e+00 0.000000000000000000e+00 3.927725000000000244e-01 0.000000000000000000e+00 0.000000000000000000e+00 0.000000000000000000e+00 0.000000000000000000e+00 0.000000000000000000e+00 0.000000000000000000e+00 0.000000000000000000e+00 0.000000000000000000e+00 0.000000000000000000e+00 0.000000000000000000e+00 0.000000000000000000e+00 0.000000000000000000e+00 0.000000000000000000e+00 0.000000000000000000e+00 0.000000000000000000e+00 0.000000000000000000e+00 0.000000000000000000e+00 0.000000000000000000e+00 0.000000000000000000e+00 0.000000000000000000e+00
3.321590074883796206e-01 4.471821475596393647e-01 3.131573465043369087e-01 4.485035177317871491e-01 2.940264685705064052e-01 4.760368850574712152e-01 2.684498450790767654e-01 4.358492695916236226e-01 3.114740797423415919e-01 4.087622698207227789e-01 3.945733902502061574e-01 4.398009637596363430e-01 3.022952296348075940e-01 4.283023172010939073e-01 3.226994383299978675e-01 4.467303472222222682e-01 3.739230243271415843e-01 4.625575927353625660e-01 3.663943433317370935e-01 4.692666529168228462e-01 0.000000000000000000e+00 0.000000000000000000e+00 3.340834420154434325e-01 4.373987667921601097e-01 0.000000000000000000e+00 3.798805836388192136e-01 0.000000000000000000e+00 0.000000000000000000e+00 3.352544698744400753e-01 4.618665723238483123e-01 3.414166651672106423e-01 4.375356080976091078e-01 4.391456449800056894e-01 4.486138042290592765e-01 3.944831013513513396e-01 0.000000000000000000e+00 4.483343319786639025e-01 4.951090560747663516e-01 4.061065892857142479e-01 0.000000000000000000e+00 0.000000000000000000e+00 0.000000000000000000e+00 0.000000000000000000e+00 0.000000000000000000e+00 3.559699799806273490e-01 0.000000000000000000e+00 4.446435192307692241e-01 0.000000000000000000e+00 3.617985118446295778e-01 0.000000000000000000e+00 3.652764355086521308e-01 0.000000000000000000e+00 3.702264452554744900e-01 0.000000000000000000e+00 3.766439162482297931e-01 0.000000000000000000e+00 3.840270954762421418e-01 4.330690814814814882e-01 3.689687539017081908e-01 4.756134551724138793e-01 3.851990139149508718e-01 0.000000000000000000e+00 3.621883053336307223e-01 0.000000000000000000e+00 3.747994208782853276e-01 0.000000000000000000e+00 4.238128591492092423e-01 0.000000000000000000e+00 4.294638705882353191e-01 0.000000000000000000e+00 3.297294251412042909e-01 4.631148595180352157e-01 3.753586207782368400e-01 4.485399542812142926e-01 3.578452884135179812e-01 4.162886132478633150e-01 3.959773506488014072e-01 4.448775236859338622e-01 0.000000000000000000e+00 4.142044778761062029e-01 3.602084655185924800e-01 0.000000000000000000e+00 0.000000000000000000e+00 0.000000000000000000e+00 3.719074475271562652e-01 0.000000000000000000e+00 0.000000000000000000e+00 0.000000000000000000e+00 3.768662636709069202e-01 0.000000000000000000e+00 0.000000000000000000e+00 4.280888733660958012e-01 0.000000000000000000e+00 0.000000000000000000e+00 4.265666326941404685e-01 0.000000000000000000e+00 0.000000000000000000e+00 0.000000000000000000e+00 4.440331615384615627e-01 0.000000000000000000e+00 0.000000000000000000e+00 0.000000000000000000e+00 0.000000000000000000e+00 4.223031127819548702e-01 0.000000000000000000e+00 0.000000000000000000e+00 0.000000000000000000e+00 0.000000000000000000e+00 0.000000000000000000e+00 0.000000000000000000e+00 0.000000000000000000e+00 0.000000000000000000e+00 0.000000000000000000e+00 0.000000000000000000e+00 0.000000000000000000e+00 0.000000000000000000e+00
4.661356896971535768e-01 2.980801434988383236e-01 4.405056320374381995e-01 3.360698541482543544e-01 4.729694875000000076e-01 0.000000000000000000e+00 4.358492695916236226e-01 2.636645762415280592e-01 4.539669389474910166e-01 2.830868746776173950e-01 4.413105735942490782e-01 3.061149621839130974e-01 4.224580395559007218e-01 2.889651144831685281e-01 4.337356589721254041e-01 1.928565941557601748e-01 4.636242927698696059e-01 3.972148543518492225e-01 4.594089204100161306e-01 3.836455663308479536e-01 0.000000000000000000e+00 0.000000000000000000e+00 4.463906065976316895e-01 3.653131959543041152e-01 0.000000000000000000e+00 4.252549641025641924e-01 0.000000000000000000e+00 0.000000000000000000e+00 4.518581978237358188e-01 3.653588918949612352e-01 4.528084101929567562e-01 3.829614954070257316e-01 4.560089800842105356e-01 3.789524350920274731e-01 4.376037818181819361e-01 4.429594255319150298e-01 4.930765068535825635e-01 4.500208511935497868e-01 4.384114708994709120e-01 0.000000000000000000e+00 0.000000000000000000e+00 0.000000000000000000e+00 0.000000000000000000e+00 4.299140120481927396e-01 0.000000000000000000e+00 3.910686709401708927e-01 0.000000000000000000e+00 0.000000000000000000e+00 0.000000000000000000e+00 3.855490749006361129e-01 0.000000000000000000e+00 3.637241399954680432e-01 0.000000000000000000e+00 3.681702602464563268e-01 0.000000000000000000e+00 3.731066368078505002e-01 0.000000000000000000e+00 3.730068657303054480e-01 0.000000000000000000e+00 3.935805458573867210e-01 0.000000000000000000e+00 3.803434327914444468e-01 4.635572681159420005e-01 3.844807174235920777e-01 0.000000000000000000e+00 3.750476919496117389e-01 4.718600928080187162e-01 4.305869225570660430e-01 4.379099999999999104e-01 4.228100562485669900e-01 4.669087240032546715e-01 3.292594626268021130e-01 4.442815160767557003e-01 3.797104929543797525e-01 0.000000000000000000e+00 3.870551033211682701e-01 4.542557404292376644e-01 3.832156854319191397e-01 0.000000000000000000e+00 0.000000000000000000e+00 0.000000000000000000e+00 3.922765713227110429e-01 0.000000000000000000e+00 0.000000000000000000e+00 0.000000000000000000e+00 3.846477473818468162e-01 0.000000000000000000e+00 0.000000000000000000e+00 0.000000000000000000e+00 3.861973133500326005e-01 4.262263357664233254e-01 4.669619599921935871e-01 0.000000000000000000e+00 0.000000000000000000e+00 4.091009333333333053e-01 0.000000000000000000e+00 4.778327364899640495e-01 0.000000000000000000e+00 4.566230909090909229e-01 0.000000000000000000e+00 0.000000000000000000e+00 0.000000000000000000e+00 4.451094444619533297e-01 4.445460277777776859e-01 0.000000000000000000e+00 0.000000000000000000e+00 0.000000000000000000e+00 0.000000000000000000e+00 0.000000000000000000e+00 0.000000000000000000e+00 0.000000000000000000e+00 0.000000000000000000e+00 0.000000000000000000e+00 3.946624140624999666e-01 0.000000000000000000e+00 0.000000000000000000e+00
4.321695474860335340e-01 0.000000000000000000e+00 2.046658005443097172e-01 4.570867670089859280e-01 2.038392520268201002e-01 0.000000000000000000e+00 3.114740797423415919e-01 4.539669389474910166e-01 2.191230373455012592e-01 4.415343103448275963e-01 3.296341754385965217e-01 0.000000000000000000e+00 2.283835523436793247e-01 0.000000000000000000e+00 2.322229031004157673e-01 4.270735185185184912e-01 0.000000000000000000e+00 0.000000000000000000e+00 0.000000000000000000e+00 0.000000000000000000e+00 0.000000000000000000e+00 0.000000000000000000e+00 3.060721091225246937e-01 4.501875512785116218e-01 2.152547272727272365e-01 0.000000000000000000e+00 1.885812640392369177e-01 0.000000000000000000e+00 3.177565574002672588e-01 0.000000000000000000e+00 3.667841406696428774e-01 4.372841629778672634e-01 0.000000000000000000e+00 0.000000000000000000e+00 0.000000000000000000e+00 0.000000000000000000e+00 0.000000000000000000e+00 0.000000000000000000e+00 0.000000000000000000e+00 0.000000000000000000e+00 0.000000000000000000e+00 0.000000000000000000e+00 0.000000000000000000e+00 0.000000000000000000e+00 0.000000000000000000e+00 0.000000000000000000e+00 4.600915810810810580e-01 0.000000000000000000e+00 0.000000000000000000e+00 0.000000000000000000e+00 3.421774471544714591e-01 0.000000000000000000e+00 0.000000000000000000e+00 0.000000000000000000e+00 3.949653818181818044e-01 0.000000000000000000e+00 0.000000000000000000e+00 0.000000000000000000e+00 0.000000000000000000e+00 0.000000000000000000e+00 3.829905043478260551e-01 0.000000000000000000e+00 0.000000000000000000e+00 0.000000000000000000e+00 3.890140033613445625e-01 0.000000000000000000e+00 0.000000000000000000e+00 0.000000000000000000e+00 0.000000000000000000e+00 0.000000000000000000e+00 3.200769346723111863e-01 0.000000000000000000e+00 3.436616537333536114e-01 0.000000000000000000e+00 3.265482825318843929e-01 0.000000000000000000e+00 3.876281108491023142e-01 0.000000000000000000e+00 0.000000000000000000e+00 0.000000000000000000e+00 0.000000000000000000e+00 0.000000000000000000e+00 0.000000000000000000e+00 0.000000000000000000e+00 4.229327252747252519e-01 0.000000000000000000e+00 0.000000000000000000e+00 0.000000000000000000e+00 0.000000000000000000e+00 0.000000000000000000e+00 0.000000000000000000e+00 0.000000000000000000e+00 0.000000000000000000e+00 0.000000000000000000e+00 0.000000000000000000e+00 0.000000000000000000e+00 0.000000000000000000e+00 0.000000000000000000e+00 0.000000000000000000e+00 0.000000000000000000e+00 0.000000000000000000e+00 0.000000000000000000e+00 0.000000000000000000e+00 0.000000000000000000e+00 4.219874311926606336e-01 0.000000000000000000e+00 0.000000000000000000e+00 0.000000000000000000e+00 0.000000000000000000e+00 0.000000000000000000e+00 0.000000000000000000e+00 0.000000000000000000e+00 0.000000000000000000e+00 0.000000000000000000e+00 0.000000000000000000e+00 0.000000000000000000e+00
0.000000000000000000e+00 0.000000000000000000e+00 4.496206578989464520e-01 2.340653919591386689e-01 4.540695532725091965e-01 2.235241137433870706e-01 4.087622698207227789e-01 2.830868746776173950e-01 4.415343103448275963e-01 2.331709692563170011e-01 0.000000000000000000e+00 3.263611471797346342e-01 0.000000000000000000e+00 2.789121615881282601e-01 4.330708452380952478e-01 2.569143528681427369e-01 0.000000000000000000e+00 0.000000000000000000e+00 0.000000000000000000e+00 3.639855405405405531e-01 0.000000000000000000e+00 0.000000000000000000e+00 4.671193599319142797e-01 2.470875476034155027e-01 4.296974481152630587e-01 0.000000000000000000e+00 4.783301643835616290e-01 3.296701808713880522e-01 0.000000000000000000e+00 3.278749372443412469e-01 4.298337049143636235e-01 3.504059676122798228e-01 0.000000000000000000e+00 3.402896119402984976e-01 0.000000000000000000e+00 0.000000000000000000e+00 0.000000000000000000e+00 4.099279705882352687e-01 0.000000000000000000e+00 0.000000000000000000e+00 0.000000000000000000e+00 0.000000000000000000e+00 0.000000000000000000e+00 0.000000000000000000e+00 0.000000000000000000e+00 4.353898260869566439e-01 0.000000000000000000e+00 4.376516598449218254e-01 0.000000000000000000e+00 4.417674310397631809e-01 0.000000000000000000e+00 4.087021589403973532e-01 0.000000000000000000e+00 4.294686543925965161e-01 0.000000000000000000e+00 0.000000000000000000e+00 0.000000000000000000e+00 0.000000000000000000e+00 0.000000000000000000e+00 0.000000000000000000e+00 0.000000000000000000e+00 0.000000000000000000e+00 0.000000000000000000e+00 4.143912164179104907e-01 0.000000000000000000e+00 0.000000000000000000e+00 0.000000000000000000e+00 4.580470331125827133e-01 0.000000000000000000e+00 0.000000000000000000e+00 0.000000000000000000e+00 3.371265870561420686e-01 0.000000000000000000e+00 3.403827400512043910e-01 0.000000000000000000e+00 3.519645453542258884e-01 0.000000000000000000e+00 3.538883622029987408e-01 0.000000000000000000e+00 0.000000000000000000e+00 0.000000000000000000e+00 4.377381592920354114e-01 0.000000000000000000e+00 0.000000000000000000e+00 0.000000000000000000e+00 4.216467247961887543e-01 0.000000000000000000e+00 4.025245629977699524e-01 0.000000000000000000e+00 4.224824545106076190e-01 0.000000000000000000e+00 0.000000000000000000e+00 0.000000000000000000e+00 0.000000000000000000e+00 0.000000000000000000e+00 0.000000000000000000e+00 0.000000000000000000e+00 0.000000000000000000e+00 0.000000000000000000e+00 0.000000000000000000e+00 0.000000000000000000e+00 0.000000000000000000e+00 0.000000000000000000e+00 0.000000000000000000e+00 0.000000000000000000e+00 0.000000000000000000e+00 0.000000000000000000e+00 0.000000000000000000e+00 0.000000000000000000e+00 0.000000000000000000e+00 0.000000000000000000e+00 0.000000000000000000e+00 0.000000000000000000e+00 0.000000000000000000e+00 0.000000000000000000e+00 0.000000000000000000e+00
3.325265173899472626e-01 4.484299387323636976e-01 3.783778685110972817e-01 4.507961971959588143e-01 0.000000000000000000e+00 0.000000000000000000e+00 3.945733902502061574e-01 4.413105735942490782e-01 3.296341754385965217e-01 0.000000000000000000e+00 2.996957133360858561e-01 4.415486634626950568e-01 3.017008601995401773e-01 0.000000000000000000e+00 3.705113354456163743e-01 0.000000000000000000e+00 3.330671413694314964e-01 4.615882758620689641e-01 3.767353860957887157e-01 4.601406438672480115e-01 0.000000000000000000e+00 0.000000000000000000e+00 3.704387040197879566e-01 0.000000000000000000e+00 0.000000000000000000e+00 0.000000000000000000e+00 0.000000000000000000e+00 0.000000000000000000e+00 3.347177039419504951e-01 0.000000000000000000e+00 3.711592658934445010e-01 4.470838813204509044e-01 3.815590307210623977e-01 4.501292196282320468e-01 4.626794858826971946e-01 4.226994545454546004e-01 4.417637730499958670e-01 0.000000000000000000e+00 0.000000000000000000e+00 0.000000000000000000e+00 0.000000000000000000e+00 0.000000000000000000e+00 0.000000000000000000e+00 0.000000000000000000e+00 3.749683798449612859e-01 0.000000000000000000e+00 0.000000000000000000e+00 0.000000000000000000e+00 0.000000000000000000e+00 0.000000000000000000e+00 4.136557838435762635e-01 0.000000000000000000e+00 0.000000000000000000e+00 0.000000000000000000e+00 4.018934310684160183e-01 0.000000000000000000e+00 3.542071399292751610e-01 0.000000000000000000e+00 4.240518270251168453e-01 4.208954822695035736e-01 3.911676875160388089e-01 0.000000000000000000e+00 3.820047063353060324e-01 4.373788656716417478e-01 4.108304488486043127e-01 0.000000000000000000e+00 4.378631059109280854e-01 0.000000000000000000e+00 4.030301286268276328e-01 0.000000000000000000e+00 3.605179266843469565e-01 4.760373631853794252e-01 3.754280747615372782e-01 4.311008250433776556e-01 0.000000000000000000e+00 0.000000000000000000e+00 4.089861206020057316e-01 4.399390509736540444e-01 0.000000000000000000e+00 0.000000000000000000e+00 3.859854961339592161e-01 0.000000000000000000e+00 0.000000000000000000e+00 0.000000000000000000e+00 3.821953526269197265e-01 0.000000000000000000e+00 0.000000000000000000e+00 0.000000000000000000e+00 3.888566993661454751e-01 0.000000000000000000e+00 0.000000000000000000e+00 0.000000000000000000e+00 0.000000000000000000e+00 0.000000000000000000e+00 0.000000000000000000e+00 0.000000000000000000e+00 4.453943928571428290e-01 0.000000000000000000e+00 0.000000000000000000e+00 0.000000000000000000e+00 0.000000000000000000e+00 0.000000000000000000e+00 0.000000000000000000e+00 0.000000000000000000e+00 0.000000000000000000e+00 0.000000000000000000e+00 0.000000000000000000e+00 0.000000000000000000e+00 0.000000000000000000e+00 0.000000000000000000e+00 0.000000000000000000e+00 0.000000000000000000e+00 0.000000000000000000e+00 0.000000000000000000e+00 0.000000000000000000e+00 0.000000000000000000e+00
0.000000000000000000e+00 3.753561972063490515e-01 4.382041719799075197e-01 3.896211066421456648e-01 0.000000000000000000e+00 0.000000000000000000e+00 4.398009637596363430e-01 3.061149621839130974e-01 0.000000000000000000e+00 3.263611471797346342e-01 4.415486634626950568e-01 2.889841921374350364e-01 4.327987531382344044e-01 2.877609611718339178e-01 0.000000000000000000e+00 3.734148147817856200e-01 4.514368187499999685e-01 3.446517009238652673e-01 4.555271913489430946e-01 3.922688706568542294e-01 0.000000000000000000e+00 0.000000000000000000e+00 4.439487883016337566e-01 3.734883884387470432e-01 0.000000000000000000e+00 3.698059358974359334e-01 0.000000000000000000e+00 0.000000000000000000e+00 4.438173116847825561e-01 3.527954428046658486e-01 4.351884360985298628e-01 3.888256267733740112e-01 4.628461653917922414e-01 3.815565860669201670e-01 0.000000000000000000e+00 4.859912276422764799e-01 0.000000000000000000e+00 3.945460000000000078e-01 0.000000000000000000e+00 0.000000000000000000e+00 0.000000000000000000e+00 4.732389384615384720e-01 0.000000000000000000e+00 0.000000000000000000e+00 0.000000000000000000e+00 0.000000000000000000e+00 0.000000000000000000e+00 0.000000000000000000e+00 0.000000000000000000e+00 4.142693492444596837e-01 0.000000000000000000e+00 3.813364144793254251e-01 0.000000000000000000e+00 3.928635990687426305e-01 0.000000000000000000e+00 3.903849840045723329e-01 0.000000000000000000e+00 3.959166238652044312e-01 0.000000000000000000e+00 4.153739772961951848e-01 0.000000000000000000e+00 4.160617759764363432e-01 0.000000000000000000e+00 4.112198910704973343e-01 0.000000000000000000e+00 4.207787500315231521e-01 4.431153262753319000e-01 4.458886823006548705e-01 0.000000000000000000e+00 4.013015938700136842e-01 3.964199130434782892e-01 3.474388054686278204e-01 4.382529984933040690e-01 4.051777634701026476e-01 0.000000000000000000e+00 4.003723269890935299e-01 4.511428912668704050e-01 4.134247344903870802e-01 0.000000000000000000e+00 4.168666263233799518e-01 0.000000000000000000e+00 4.147072133107350678e-01 0.000000000000000000e+00 0.000000000000000000e+00 0.000000000000000000e+00 4.152114181437737694e-01 0.000000000000000000e+00 0.000000000000000000e+00 0.000000000000000000e+00 4.216108926631531029e-01 0.000000000000000000e+00 0.000000000000000000e+00 0.000000000000000000e+00 0.000000000000000000e+00 4.224209042553191962e-01 0.000000000000000000e+00 0.000000000000000000e+00 0.000000000000000000e+00 0.000000000000000000e+00 0.000000000000000000e+00 0.000000000000000000e+00 0.000000000000000000e+00 0.000000000000000000e+00 4.640578911564625653e-01 0.000000000000000000e+00 0.000000000000000000e+00 0.000000000000000000e+00 0.000000000000000000e+00 0.000000000000000000e+00 0.000000000000000000e+00 0.000000000000000000e+00 0.000000000000000000e+00 0.000000000000000000e+00 0.000000000000000000e+00 0.000000000000000000e+00 0.000000000000000000e+00
3.618679505465288715e-01 4.482014293424440576e-01 3.412567757029132953e-01 4.448197673252515805e-01 2.853762151275147652e-01 4.353960245454545630e-01 3.022952296348075940e-01 4.224580395559007218e-01 2.283835523436793247e-01 0.000000000000000000e+00 3.017008601995401773e-01 4.327987531382344044e-01 2.664106019346820786e-01 4.425653692483316193e-01 2.872477574639831222e-01 4.147743055555555558e-01 3.664341525131230015e-01 4.307506043956044750e-01 3.724581750480706610e-01 4.439093097429511192e-01 0.000000000000000000e+00 0.000000000000000000e+00 3.565970148492457192e-01 4.340721330680620826e-01 3.263878083333333069e-01 0.000000000000000000e+00 0.000000000000000000e+00 0.000000000000000000e+00 3.374958034868290602e-01 4.489439285714285077e-01 3.412319010000317010e-01 4.211941881555552047e-01 3.615163819636019737e-01 4.416707906468191891e-01 4.583102884036144298e-01 0.000000000000000000e+00 4.297660091517856440e-01 0.000000000000000000e+00 0.000000000000000000e+00 0.000000000000000000e+00 0.000000000000000000e+00 0.000000000000000000e+00 0.000000000000000000e+00 0.000000000000000000e+00 0.000000000000000000e+00 0.000000000000000000e+00 0.000000000000000000e+00 0.000000000000000000e+00 3.927961117142857450e-01 0.000000000000000000e+00 3.870333342427361711e-01 0.000000000000000000e+00 4.436055144927536498e-01 0.000000000000000000e+00 3.826854584833860318e-01 0.000000000000000000e+00 4.053956998446469062e-01 0.000000000000000000e+00 4.110872883369442454e-01 0.000000000000000000e+00 4.014777838400533927e-01 0.000000000000000000e+00 3.865605248128370919e-01 0.000000000000000000e+00 3.992300400616584088e-01 0.000000000000000000e+00 4.256331342772646242e-01 4.416907596163478500e-01 4.380267827737496233e-01 0.000000000000000000e+00 3.177694819546832417e-01 4.514791885377862357e-01 3.915014081992391759e-01 4.304856915612047530e-01 3.820268959544840803e-01 0.000000000000000000e+00 4.106699602064258214e-01 4.384993965114756809e-01 0.000000000000000000e+00 0.000000000000000000e+00 3.639100979970204541e-01 0.000000000000000000e+00 0.000000000000000000e+00 0.000000000000000000e+00 3.798390938741577072e-01 0.000000000000000000e+00 0.000000000000000000e+00 0.000000000000000000e+00 3.896790369483813521e-01 0.000000000000000000e+00 4.274676278251738348e-01 4.065768515272474848e-01 0.000000000000000000e+00 0.000000000000000000e+00 4.407798787291747900e-01 0.000000000000000000e+00 0.000000000000000000e+00 0.000000000000000000e+00 0.000000000000000000e+00 0.000000000000000000e+00 0.000000000000000000e+00 0.000000000000000000e+00 4.744309389125799248e-01 4.400081240875912680e-01 0.000000000000000000e+00 4.425794484166666320e-01 4.431779508196720951e-01 0.000000000000000000e+00 0.000000000000000000e+00 0.000000000000000000e+00 0.000000000000000000e+00 0.000000000000000000e+00 0.000000000000000000e+00 0.000000000000000000e+00 0.000000000000000000e+00 0.000000000000000000e+00
