3.223918924243380224e-01 5.227537091524562252e-01 4.040708738513122400e-01 5.207282063763702951e-01 3.951601354325807725e-01 0.000000000000000000e+00 3.853581587467627134e-01 5.102762181413664777e-01 3.798917891552879289e-01 0.000000000000000000e+00 3.522241239764843379e-01 5.029601051488219454e-01 3.884090767740018268e-01 4.883108573118743467e-01 3.928050246913580845e-01 4.345828503937008702e-01 3.373264269558802209e-01 4.941866912945283019e-01 4.269180060657283282e-01 5.346979633675478238e-01 0.000000000000000000e+00 0.000000000000000000e+00 4.346760750131899997e-01 5.006248145698221075e-01 0.000000000000000000e+00 0.000000000000000000e+00 0.000000000000000000e+00 0.000000000000000000e+00 4.046514965900395167e-01 5.069409575261814016e-01 4.584420001205868345e-01 4.759441152532336017e-01 4.960310754734540417e-01 5.296185221618280314e-01 5.281568749999999701e-01 0.000000000000000000e+00 5.027387620445873395e-01 5.508262418574947361e-01 0.000000000000000000e+00 0.000000000000000000e+00 4.856668484848484790e-01 0.000000000000000000e+00 0.000000000000000000e+00 0.000000000000000000e+00 4.221037102157102483e-01 0.000000000000000000e+00 0.000000000000000000e+00 0.000000000000000000e+00 4.074557676970400055e-01 0.000000000000000000e+00 4.045144268438617408e-01 4.838989888354517377e-01 4.070416716550757652e-01 0.000000000000000000e+00 4.025060881640263322e-01 0.000000000000000000e+00 3.410226704620158977e-01 5.116039098079385727e-01 4.181555257590496844e-01 5.182324311926606031e-01 4.159743648839162589e-01 0.000000000000000000e+00 3.945020741756030125e-01 0.000000000000000000e+00 4.205441999308628387e-01 5.032497807995155448e-01 4.472686319084072104e-01 5.157897383177569850e-01 3.435869873488432980e-01 5.242458936270188996e-01 3.939984419784119396e-01 5.270463633920545732e-01 3.941746267289513717e-01 5.025867238811487780e-01 5.239659935897436061e-01 4.611888072552446927e-01 3.987667036783748009e-01 4.952400260501016449e-01 3.765987373672687322e-01 0.000000000000000000e+00 4.067022350079620430e-01 0.000000000000000000e+00 4.249418515624999726e-01 0.000000000000000000e+00 4.146173315466065712e-01 0.000000000000000000e+00 4.229651935483870195e-01 0.000000000000000000e+00 4.263227075468341010e-01 4.934974708994708248e-01 4.300960380664937133e-01 0.000000000000000000e+00 3.936963129899216374e-01 4.984083720930232442e-01 4.478891171305795504e-01 0.000000000000000000e+00 4.534418782608695686e-01 0.000000000000000000e+00 0.000000000000000000e+00 0.000000000000000000e+00 0.000000000000000000e+00 0.000000000000000000e+00 4.221951936201858158e-01 4.593005000000000004e-01 4.673370598127575271e-01 0.000000000000000000e+00 4.163398249732477296e-01 0.000000000000000000e+00 0.000000000000000000e+00 0.000000000000000000e+00 4.577636454545455091e-01 4.097976382978724130e-01 0.000000000000000000e+00 0.000000000000000000e+00 0.000000000000000000e+00 0.000000000000000000e+00
5.227537091524562252e-01 3.319412649507547108e-01 5.274477160140746967e-01 3.735297240951618858e-01 0.000000000000000000e+00 0.000000000000000000e+00 4.975533151057439651e-01 3.681196699611772316e-01 0.000000000000000000e+00 0.000000000000000000e+00 5.250108347826086819e-01 3.675972513101380956e-01 0.000000000000000000e+00 3.975856713022198341e-01 0.000000000000000000e+00 3.807831927117123483e-01 4.928190114367869135e-01 2.895663774968537107e-01 5.415136377501477138e-01 3.723916196641319787e-01 0.000000000000000000e+00 0.000000000000000000e+00 5.084590697674418180e-01 0.000000000000000000e+00 0.000000000000000000e+00 0.000000000000000000e+00 0.000000000000000000e+00 0.000000000000000000e+00 5.240808282863849143e-01 4.250949551257840464e-01 5.000269170606951308e-01 0.000000000000000000e+00 5.350428714190540447e-01 4.983857031626893197e-01 4.742215060003840410e-01 3.996998750000000378e-01 5.501512705512221491e-01 4.853922741139439778e-01 0.000000000000000000e+00 4.821856267919468197e-01 0.000000000000000000e+00 0.000000000000000000e+00 0.000000000000000000e+00 3.582244527472526752e-01 0.000000000000000000e+00 4.183904023286183493e-01 0.000000000000000000e+00 4.510851224489795808e-01 5.259370375939849129e-01 4.086571051836031532e-01 4.871893069525035092e-01 4.073477667960447302e-01 0.000000000000000000e+00 4.054315523555456213e-01 0.000000000000000000e+00 4.183099644800545303e-01 5.129548018361050898e-01 3.519234726788374457e-01 5.148542582545726498e-01 4.455028179353852646e-01 4.617473761467890681e-01 4.024906577529043794e-01 4.251693508771929864e-01 3.961002251316850242e-01 4.944341203007518448e-01 4.027028268213546092e-01 5.111018728729838090e-01 4.385149834641542399e-01 5.414174086405842967e-01 3.517015495577454631e-01 5.227406680052869570e-01 3.959902339731375953e-01 4.950189183089281353e-01 4.040730245243753793e-01 0.000000000000000000e+00 3.529288191197691438e-01 4.899596837207084721e-01 4.099587936880296213e-01 0.000000000000000000e+00 0.000000000000000000e+00 4.599306173082531313e-01 4.502524197247947946e-01 0.000000000000000000e+00 0.000000000000000000e+00 4.577566776033148988e-01 4.568689522074307341e-01 0.000000000000000000e+00 4.428493084222346887e-01 0.000000000000000000e+00 4.619641634331129731e-01 4.371922521008402840e-01 4.291093475989328221e-01 4.247683076923076673e-01 4.305637376463874455e-01 4.924391228451563962e-01 0.000000000000000000e+00 5.027836526315789811e-01 0.000000000000000000e+00 4.665412003538257912e-01 4.894069584381739446e-01 0.000000000000000000e+00 4.156010487804877584e-01 4.516589813560303868e-01 4.273510879311776534e-01 4.456847599999999576e-01 4.445984151822929831e-01 0.000000000000000000e+00 4.458310106712907728e-01 0.000000000000000000e+00 0.000000000000000000e+00 4.293799322033898247e-01 4.616038135593220071e-01 4.309087664262820638e-01 0.000000000000000000e+00 4.547147765267676722e-01 4.675161248052959184e-01
4.040708738513122400e-01 5.274477160140746967e-01 2.792168474562907177e-01 4.681721474125612459e-01 2.347356608490249741e-01 4.338142649009120722e-01 3.032165015078088222e-01 4.831933266586141418e-01 2.844488322313520889e-01 4.381642322233109121e-01 4.057298992417233685e-01 5.074223126519271654e-01 3.492094293534767635e-01 4.639427786342706361e-01 3.089763079757587017e-01 4.634979234880239884e-01 4.205577365377317078e-01 4.765108355664487427e-01 3.243697578009415161e-01 5.461720562945533430e-01 3.684691428571428840e-01 4.391556285714285357e-01 2.894435406955079282e-01 4.775736393718554296e-01 2.867080490670909643e-01 4.748333390323197789e-01 3.356240964889189993e-01 4.446180753424657239e-01 3.985171803851695893e-01 4.789976182489018575e-01 3.786463169373862070e-01 4.674713110569310159e-01 4.333276006339755737e-01 5.215614806171144924e-01 4.623795219764836872e-01 0.000000000000000000e+00 4.649177977403312068e-01 5.784689653432770751e-01 0.000000000000000000e+00 0.000000000000000000e+00 0.000000000000000000e+00 0.000000000000000000e+00 4.806124545454545927e-01 0.000000000000000000e+00 4.537448735312843429e-01 0.000000000000000000e+00 3.846348682170542266e-01 0.000000000000000000e+00 4.235000255979102790e-01 0.000000000000000000e+00 4.256641976936098026e-01 0.000000000000000000e+00 0.000000000000000000e+00 0.000000000000000000e+00 4.230609256322309664e-01 0.000000000000000000e+00 4.325831618251910760e-01 5.128034901960784042e-01 4.493962422411899027e-01 5.382250406504064388e-01 4.004435082110084365e-01 0.000000000000000000e+00 3.681687526924075082e-01 0.000000000000000000e+00 4.280119665670938933e-01 5.174840696202529511e-01 4.707217241676374120e-01 0.000000000000000000e+00 4.420591325680293671e-01 0.000000000000000000e+00 4.036632872233646974e-01 5.344883887722475801e-01 3.727774429603543105e-01 4.876781275550045036e-01 3.663596051257671515e-01 0.000000000000000000e+00 4.184851498920653667e-01 4.870482390435914022e-01 0.000000000000000000e+00 0.000000000000000000e+00 3.853777892926266713e-01 4.502906901408450513e-01 0.000000000000000000e+00 0.000000000000000000e+00 3.939233059977089169e-01 0.000000000000000000e+00 0.000000000000000000e+00 0.000000000000000000e+00 4.063114681639749537e-01 0.000000000000000000e+00 4.174693498799531000e-01 4.474729918952495278e-01 3.966160219306773538e-01 0.000000000000000000e+00 4.424007538313872723e-01 4.364617666666665285e-01 0.000000000000000000e+00 0.000000000000000000e+00 4.145707317073171194e-01 4.427481869918699631e-01 0.000000000000000000e+00 0.000000000000000000e+00 4.200473695483791237e-01 0.000000000000000000e+00 4.418468725490194982e-01 0.000000000000000000e+00 4.329675504587155443e-01 0.000000000000000000e+00 0.000000000000000000e+00 0.000000000000000000e+00 0.000000000000000000e+00 4.363968053097344590e-01 4.400772049180328160e-01 0.000000000000000000e+00 0.000000000000000000e+00 0.000000000000000000e+00
5.207282063763702951e-01 3.735297240951618858e-01 4.681721474125612459e-01 2.488818473619177907e-01 4.638030838057531358e-01 2.638319681260236638e-01 4.712637622680797556e-01 3.262687409758823764e-01 0.000000000000000000e+00 2.912281965271213968e-01 4.848545475873461963e-01 3.977854039895430405e-01 4.609354043888702068e-01 3.707122206292864375e-01 4.630833916753060997e-01 3.204275867281604628e-01 4.978068882731818690e-01 4.187264554575187980e-01 5.262765232521441350e-01 3.441677111476172390e-01 0.000000000000000000e+00 0.000000000000000000e+00 4.677447227887845393e-01 2.793641594028894448e-01 4.395937318213701261e-01 3.114483523521481834e-01 0.000000000000000000e+00 2.985122195998123340e-01 5.002791888647777352e-01 3.802634803653628937e-01 4.454745518677443727e-01 3.570711343775708202e-01 5.198186623005129903e-01 4.308035862802004901e-01 0.000000000000000000e+00 5.030243617576889426e-01 5.303623633537764004e-01 4.857058667391048190e-01 0.000000000000000000e+00 5.003833279238182330e-01 0.000000000000000000e+00 0.000000000000000000e+00 0.000000000000000000e+00 0.000000000000000000e+00 0.000000000000000000e+00 4.705814142857143167e-01 0.000000000000000000e+00 0.000000000000000000e+00 0.000000000000000000e+00 4.540513448275861896e-01 5.083288837209302136e-01 4.213508070338843337e-01 0.000000000000000000e+00 0.000000000000000000e+00 0.000000000000000000e+00 0.000000000000000000e+00 5.161805885755983425e-01 4.224625666775402300e-01 5.398282359584858359e-01 4.549806589585360661e-01 0.000000000000000000e+00 4.504943281250000098e-01 0.000000000000000000e+00 3.945367128712871096e-01 4.907466140350876804e-01 3.989065680407659076e-01 5.213788516278469176e-01 4.550304935244594562e-01 5.525611699308634606e-01 4.159786388254297917e-01 5.053191980802483885e-01 4.024254113427613300e-01 4.704247214615027706e-01 3.784668521825691467e-01 0.000000000000000000e+00 3.349071032591429131e-01 4.786314603801770096e-01 4.119562760735925866e-01 0.000000000000000000e+00 0.000000000000000000e+00 0.000000000000000000e+00 4.296066126126126816e-01 0.000000000000000000e+00 0.000000000000000000e+00 4.275101417647058644e-01 4.163377326148208213e-01 0.000000000000000000e+00 0.000000000000000000e+00 0.000000000000000000e+00 4.305299799999999788e-01 4.126483569676699936e-01 4.268831616689423569e-01 4.166877142857142724e-01 4.183067687074830121e-01 4.583226704392089346e-01 4.746772080536912908e-01 0.000000000000000000e+00 0.000000000000000000e+00 4.130057173913043167e-01 4.433014117647058883e-01 4.386287535211267352e-01 4.609513749999999965e-01 4.662233795965608496e-01 4.311590877812904177e-01 0.000000000000000000e+00 0.000000000000000000e+00 0.000000000000000000e+00 0.000000000000000000e+00 0.000000000000000000e+00 0.000000000000000000e+00 0.000000000000000000e+00 0.000000000000000000e+00 0.000000000000000000e+00 0.000000000000000000e+00 0.000000000000000000e+00 4.225038265306122476e-01
3.951601354325807725e-01 0.000000000000000000e+00 2.347356608490249741e-01 4.638030838057531358e-01 2.330419804484379631e-01 4.609610815872983158e-01 2.931927515493295555e-01 4.623878567949876728e-01 2.600644822392958466e-01 4.482358549306225126e-01 3.493508733050847415e-01 0.000000000000000000e+00 3.156277552583456325e-01 0.000000000000000000e+00 3.002622674656000301e-01 4.739014214135250369e-01 0.000000000000000000e+00 0.000000000000000000e+00 0.000000000000000000e+00 0.000000000000000000e+00 3.781086652194211584e-01 0.000000000000000000e+00 3.175892112567711423e-01 4.555010829957941709e-01 2.139198476316801767e-01 4.606030332682378714e-01 2.089309320976905360e-01 3.903597454545454926e-01 3.359550981215832510e-01 4.839214722222223153e-01 4.068749276689996863e-01 4.410134085497255385e-01 4.191886666666666539e-01 0.000000000000000000e+00 0.000000000000000000e+00 0.000000000000000000e+00 0.000000000000000000e+00 0.000000000000000000e+00 0.000000000000000000e+00 0.000000000000000000e+00 0.000000000000000000e+00 0.000000000000000000e+00 0.000000000000000000e+00 0.000000000000000000e+00 4.307898231292516811e-01 0.000000000000000000e+00 4.540115749455337357e-01 0.000000000000000000e+00 0.000000000000000000e+00 0.000000000000000000e+00 0.000000000000000000e+00 0.000000000000000000e+00 4.344993125000000123e-01 0.000000000000000000e+00 4.323499135449564434e-01 0.000000000000000000e+00 0.000000000000000000e+00 0.000000000000000000e+00 3.992271374045801569e-01 0.000000000000000000e+00 0.000000000000000000e+00 0.000000000000000000e+00 3.645771666666666189e-01 0.000000000000000000e+00 0.000000000000000000e+00 0.000000000000000000e+00 0.000000000000000000e+00 0.000000000000000000e+00 0.000000000000000000e+00 0.000000000000000000e+00 3.773894706799498788e-01 5.422834213613850762e-01 3.635472345043498366e-01 0.000000000000000000e+00 3.491212799123439847e-01 0.000000000000000000e+00 3.925457867061719064e-01 0.000000000000000000e+00 0.000000000000000000e+00 0.000000000000000000e+00 3.783514699607513077e-01 0.000000000000000000e+00 4.111214727272727298e-01 0.000000000000000000e+00 4.194658014997210693e-01 0.000000000000000000e+00 4.216798955223880485e-01 0.000000000000000000e+00 4.337469179358006688e-01 0.000000000000000000e+00 0.000000000000000000e+00 0.000000000000000000e+00 4.003111590909090300e-01 0.000000000000000000e+00 3.965772985636115688e-01 0.000000000000000000e+00 0.000000000000000000e+00 0.000000000000000000e+00 0.000000000000000000e+00 0.000000000000000000e+00 0.000000000000000000e+00 0.000000000000000000e+00 0.000000000000000000e+00 0.000000000000000000e+00 0.000000000000000000e+00 0.000000000000000000e+00 0.000000000000000000e+00 0.000000000000000000e+00 0.000000000000000000e+00 0.000000000000000000e+00 0.000000000000000000e+00 0.000000000000000000e+00 0.000000000000000000e+00 0.000000000000000000e+00 0.000000000000000000e+00 0.000000000000000000e+00
0.000000000000000000e+00 0.000000000000000000e+00 4.338142649009120722e-01 2.638319681260236638e-01 4.609610815872983158e-01 2.070863317097809408e-01 4.410266578589274178e-01 2.910326318223951936e-01 4.226435026683085239e-01 2.437805639700997562e-01 0.000000000000000000e+00 3.435573658536585362e-01 4.280790415855541542e-01 3.200518986561677881e-01 4.055530624999999501e-01 2.795591133443984244e-01 0.000000000000000000e+00 0.000000000000000000e+00 0.000000000000000000e+00 3.355294218750000113e-01 4.617936820310409862e-01 3.486891417702208673e-01 4.365074843158380236e-01 2.766079300559678988e-01 4.585532204305625692e-01 1.846667397346996864e-01 4.749343170716450180e-01 2.311036948391221868e-01 0.000000000000000000e+00 2.941580422020658170e-01 4.308343754248242230e-01 3.729019441581286065e-01 0.000000000000000000e+00 4.031811808268678243e-01 0.000000000000000000e+00 0.000000000000000000e+00 0.000000000000000000e+00 0.000000000000000000e+00 0.000000000000000000e+00 0.000000000000000000e+00 0.000000000000000000e+00 0.000000000000000000e+00 0.000000000000000000e+00 0.000000000000000000e+00 0.000000000000000000e+00 0.000000000000000000e+00 0.000000000000000000e+00 0.000000000000000000e+00 0.000000000000000000e+00 0.000000000000000000e+00 0.000000000000000000e+00 4.172407557251908705e-01 0.000000000000000000e+00 0.000000000000000000e+00 0.000000000000000000e+00 0.000000000000000000e+00 0.000000000000000000e+00 3.851857064220183258e-01 0.000000000000000000e+00 0.000000000000000000e+00 0.000000000000000000e+00 0.000000000000000000e+00 0.000000000000000000e+00 3.804929466666666094e-01 0.000000000000000000e+00 0.000000000000000000e+00 0.000000000000000000e+00 4.607835085229283756e-01 0.000000000000000000e+00 0.000000000000000000e+00 5.108658101049780020e-01 3.298981704325664177e-01 3.717987034090908804e-01 3.274485968280775872e-01 0.000000000000000000e+00 3.181084136168466636e-01 4.827886511627907384e-01 3.516838700715238519e-01 0.000000000000000000e+00 0.000000000000000000e+00 0.000000000000000000e+00 0.000000000000000000e+00 0.000000000000000000e+00 3.872882586206896627e-01 0.000000000000000000e+00 3.944014107261002988e-01 0.000000000000000000e+00 3.783075703652857835e-01 0.000000000000000000e+00 3.843571505543237343e-01 0.000000000000000000e+00 0.000000000000000000e+00 0.000000000000000000e+00 3.879120813008130053e-01 4.315987812499999521e-01 0.000000000000000000e+00 0.000000000000000000e+00 0.000000000000000000e+00 0.000000000000000000e+00 0.000000000000000000e+00 0.000000000000000000e+00 0.000000000000000000e+00 0.000000000000000000e+00 0.000000000000000000e+00 0.000000000000000000e+00 0.000000000000000000e+00 0.000000000000000000e+00 0.000000000000000000e+00 0.000000000000000000e+00 0.000000000000000000e+00 0.000000000000000000e+00 0.000000000000000000e+00 0.000000000000000000e+00 0.000000000000000000e+00 0.000000000000000000e+00 0.000000000000000000e+00
3.853581587467627134e-01 4.975533151057439651e-01 3.032165015078088222e-01 4.712637622680797556e-01 2.931927515493295555e-01 4.410266578589274178e-01 2.763079762137254924e-01 4.796625615552310706e-01 2.528736688385819220e-01 4.384630057306597717e-01 3.857893841342454055e-01 4.944521333825518394e-01 3.230230982688823693e-01 4.630181193232865144e-01 3.178331283471809154e-01 4.454638913294727276e-01 4.043806165202841751e-01 5.018941514156860517e-01 4.220304798421352643e-01 5.195065524175955796e-01 0.000000000000000000e+00 0.000000000000000000e+00 3.659098600937670809e-01 4.744834919243960947e-01 2.937776583333333580e-01 4.350095590386019451e-01 0.000000000000000000e+00 0.000000000000000000e+00 3.739009092434077974e-01 4.969298549385945951e-01 3.405684478637989732e-01 4.767449920196535351e-01 4.268375753576540976e-01 5.216491173708913687e-01 0.000000000000000000e+00 0.000000000000000000e+00 4.570245604107706638e-01 0.000000000000000000e+00 4.391376384615384154e-01 0.000000000000000000e+00 0.000000000000000000e+00 0.000000000000000000e+00 0.000000000000000000e+00 0.000000000000000000e+00 4.262996441216236332e-01 0.000000000000000000e+00 0.000000000000000000e+00 0.000000000000000000e+00 3.988851418142138061e-01 0.000000000000000000e+00 4.013772189285309544e-01 0.000000000000000000e+00 3.585632109374999876e-01 0.000000000000000000e+00 4.001145948857338652e-01 0.000000000000000000e+00 3.960707420751740648e-01 0.000000000000000000e+00 4.242196056688940509e-01 5.449330538461538698e-01 3.984284055607580921e-01 0.000000000000000000e+00 3.894125287112112921e-01 0.000000000000000000e+00 3.993478706208425932e-01 0.000000000000000000e+00 4.528901220125815530e-01 4.941934819270489831e-01 4.512237561005575381e-01 0.000000000000000000e+00 3.671232659476797999e-01 5.161574886682511742e-01 3.651821259230660366e-01 4.695821100907314194e-01 3.598125392567664282e-01 0.000000000000000000e+00 4.061452565323119268e-01 4.665113277582267903e-01 3.717191011235954634e-01 0.000000000000000000e+00 3.689068484028969475e-01 0.000000000000000000e+00 0.000000000000000000e+00 0.000000000000000000e+00 4.006785201429399756e-01 0.000000000000000000e+00 4.014097851851852194e-01 0.000000000000000000e+00 4.082901763848034715e-01 0.000000000000000000e+00 3.938657575757575913e-01 4.204099911943855461e-01 0.000000000000000000e+00 4.607050083333333879e-01 0.000000000000000000e+00 3.993992083333333110e-01 4.220519302325581590e-01 0.000000000000000000e+00 4.662178938053097021e-01 3.949919711538462108e-01 0.000000000000000000e+00 4.453552521008403708e-01 4.276067230769231009e-01 0.000000000000000000e+00 4.289594827498214302e-01 0.000000000000000000e+00 4.416039117647058143e-01 0.000000000000000000e+00 0.000000000000000000e+00 0.000000000000000000e+00 4.331620413223140620e-01 0.000000000000000000e+00 0.000000000000000000e+00 0.000000000000000000e+00 0.000000000000000000e+00 0.000000000000000000e+00
5.102762181413664777e-01 3.681196699611772316e-01 4.831933266586141418e-01 3.262687409758823764e-01 4.623878567949876728e-01 2.910326318223951936e-01 4.796625615552310706e-01 2.855646975769675633e-01 4.540043461833525029e-01 2.883519203722792468e-01 4.873800805670482905e-01 3.385623856369525120e-01 4.571246311799471163e-01 3.087991682622697742e-01 4.559765747643150791e-01 3.076056887885585955e-01 4.908477866712754878e-01 3.962057172698809082e-01 5.224552136341885644e-01 4.176569686200278242e-01 0.000000000000000000e+00 0.000000000000000000e+00 4.721781073802861495e-01 3.804565187537566340e-01 4.701324246560356634e-01 3.251519474927400122e-01 0.000000000000000000e+00 0.000000000000000000e+00 4.902789614198559964e-01 3.584221736757508547e-01 4.644465135595333694e-01 3.799583050806482620e-01 5.021636210665275657e-01 4.162291755185638098e-01 0.000000000000000000e+00 4.397834917349900952e-01 5.030857218238070638e-01 4.438127724184818823e-01 0.000000000000000000e+00 4.018975767815323730e-01 0.000000000000000000e+00 0.000000000000000000e+00 0.000000000000000000e+00 0.000000000000000000e+00 4.911855874999999649e-01 4.088315398434982928e-01 0.000000000000000000e+00 0.000000000000000000e+00 5.332531602564102302e-01 3.864611023795707090e-01 4.783177320261438048e-01 3.953077009018363674e-01 0.000000000000000000e+00 3.792127129357518722e-01 0.000000000000000000e+00 3.958318117080134591e-01 4.815182708850004323e-01 4.145277929030250497e-01 5.081984290762787682e-01 4.325454882126735234e-01 5.138023972602739908e-01 3.982165728305295804e-01 0.000000000000000000e+00 4.077783440680285421e-01 0.000000000000000000e+00 3.938917350351965330e-01 5.174147809925110364e-01 4.502002472656982945e-01 4.941643297311480443e-01 4.200522473462841577e-01 5.145949534829985517e-01 3.656576020715218700e-01 4.687688155395769996e-01 3.696272184774206382e-01 0.000000000000000000e+00 3.342883487053294744e-01 4.765929161437067463e-01 3.958469227269100221e-01 0.000000000000000000e+00 3.631127906976743813e-01 0.000000000000000000e+00 4.060281232058696177e-01 0.000000000000000000e+00 3.834377014925372529e-01 4.572839838709676363e-01 4.236580560044655441e-01 0.000000000000000000e+00 4.464475363707983702e-01 4.650620748387096492e-01 4.215401216634642734e-01 4.191768208598227741e-01 4.317756410256410882e-01 4.378089937888198224e-01 4.013089999999999713e-01 0.000000000000000000e+00 0.000000000000000000e+00 0.000000000000000000e+00 0.000000000000000000e+00 0.000000000000000000e+00 0.000000000000000000e+00 0.000000000000000000e+00 0.000000000000000000e+00 4.252399373720904263e-01 3.992116747757074036e-01 0.000000000000000000e+00 0.000000000000000000e+00 0.000000000000000000e+00 0.000000000000000000e+00 0.000000000000000000e+00 0.000000000000000000e+00 0.000000000000000000e+00 0.000000000000000000e+00 0.000000000000000000e+00 0.000000000000000000e+00 4.575683229166666588e-01 4.680063263157895892e-01
3.798917891552879289e-01 0.000000000000000000e+00 2.844488322313520889e-01 0.000000000000000000e+00 2.600644822392958466e-01 4.226435026683085239e-01 2.528736688385819220e-01 4.540043461833525029e-01 2.288421739119868570e-01 4.381168239832211597e-01 3.607367315073212732e-01 0.000000000000000000e+00 2.805122058258240347e-01 4.616146278944119330e-01 2.477437641396097734e-01 4.411638195197909451e-01 3.809574725624865765e-01 0.000000000000000000e+00 0.000000000000000000e+00 0.000000000000000000e+00 3.458693947368420285e-01 0.000000000000000000e+00 3.257814948690977430e-01 4.481252626264928263e-01 3.325081454847156337e-01 4.632383730724002890e-01 3.299175999890026079e-01 0.000000000000000000e+00 3.330582375288387298e-01 0.000000000000000000e+00 3.754885211607389417e-01 4.555945722693892641e-01 0.000000000000000000e+00 0.000000000000000000e+00 0.000000000000000000e+00 0.000000000000000000e+00 0.000000000000000000e+00 0.000000000000000000e+00 0.000000000000000000e+00 0.000000000000000000e+00 0.000000000000000000e+00 0.000000000000000000e+00 0.000000000000000000e+00 0.000000000000000000e+00 0.000000000000000000e+00 0.000000000000000000e+00 4.382498837209302112e-01 0.000000000000000000e+00 4.509775840000000424e-01 0.000000000000000000e+00 4.361376363636363385e-01 0.000000000000000000e+00 0.000000000000000000e+00 0.000000000000000000e+00 4.501533294189354883e-01 0.000000000000000000e+00 0.000000000000000000e+00 0.000000000000000000e+00 0.000000000000000000e+00 0.000000000000000000e+00 4.035678148507730323e-01 0.000000000000000000e+00 3.863075968496836321e-01 0.000000000000000000e+00 4.100463908171396721e-01 0.000000000000000000e+00 0.000000000000000000e+00 0.000000000000000000e+00 0.000000000000000000e+00 0.000000000000000000e+00 3.367928075524189158e-01 4.992918425925925718e-01 3.555579601644672239e-01 4.448156979207150696e-01 3.376775748148148071e-01 0.000000000000000000e+00 3.800924841828077216e-01 0.000000000000000000e+00 0.000000000000000000e+00 0.000000000000000000e+00 3.621287733753518756e-01 0.000000000000000000e+00 0.000000000000000000e+00 0.000000000000000000e+00 4.025014070832466651e-01 0.000000000000000000e+00 4.066511802490095917e-01 0.000000000000000000e+00 4.248777415225795662e-01 0.000000000000000000e+00 0.000000000000000000e+00 0.000000000000000000e+00 0.000000000000000000e+00 0.000000000000000000e+00 0.000000000000000000e+00 0.000000000000000000e+00 0.000000000000000000e+00 0.000000000000000000e+00 0.000000000000000000e+00 0.000000000000000000e+00 0.000000000000000000e+00 0.000000000000000000e+00 0.000000000000000000e+00 0.000000000000000000e+00 0.000000000000000000e+00 0.000000000000000000e+00 0.000000000000000000e+00 0.000000000000000000e+00 0.000000000000000000e+00 0.000000000000000000e+00 0.000000000000000000e+00 0.000000000000000000e+00 0.000000000000000000e+00 0.000000000000000000e+00 0.000000000000000000e+00 0.000000000000000000e+00
0.000000000000000000e+00 0.000000000000000000e+00 4.381642322233109121e-01 2.912281965271213968e-01 4.482358549306225126e-01 2.437805639700997562e-01 4.384630057306597717e-01 2.883519203722792468e-01 4.381168239832211597e-01 2.375374459197234223e-01 0.000000000000000000e+00 3.637180214784394572e-01 4.156629644467261242e-01 3.048649553354647046e-01 4.696681034482758643e-01 2.613336174430300196e-01 0.000000000000000000e+00 0.000000000000000000e+00 4.601592868852458773e-01 4.053669021739130240e-01 4.250806377358490873e-01 0.000000000000000000e+00 4.434390430973741970e-01 3.231048043797111746e-01 4.829771300826866121e-01 2.139659632758826036e-01 4.524269218749999988e-01 2.923135706772501674e-01 0.000000000000000000e+00 3.460430664035482606e-01 4.278928366718407483e-01 3.379626564146622769e-01 0.000000000000000000e+00 4.207731515716998105e-01 0.000000000000000000e+00 0.000000000000000000e+00 0.000000000000000000e+00 0.000000000000000000e+00 0.000000000000000000e+00 0.000000000000000000e+00 0.000000000000000000e+00 0.000000000000000000e+00 0.000000000000000000e+00 0.000000000000000000e+00 0.000000000000000000e+00 0.000000000000000000e+00 0.000000000000000000e+00 0.000000000000000000e+00 0.000000000000000000e+00 0.000000000000000000e+00 0.000000000000000000e+00 0.000000000000000000e+00 0.000000000000000000e+00 0.000000000000000000e+00 0.000000000000000000e+00 0.000000000000000000e+00 0.000000000000000000e+00 3.776321724137930436e-01 0.000000000000000000e+00 0.000000000000000000e+00 0.000000000000000000e+00 0.000000000000000000e+00 0.000000000000000000e+00 4.440198828124999886e-01 0.000000000000000000e+00 0.000000000000000000e+00 0.000000000000000000e+00 4.330499434363659361e-01 0.000000000000000000e+00 0.000000000000000000e+00 4.586823214418136452e-01 3.189625985448196754e-01 0.000000000000000000e+00 3.409874594035171014e-01 0.000000000000000000e+00 3.092714638518786474e-01 0.000000000000000000e+00 3.749869335820392724e-01 0.000000000000000000e+00 0.000000000000000000e+00 0.000000000000000000e+00 3.738217409937887870e-01 0.000000000000000000e+00 0.000000000000000000e+00 0.000000000000000000e+00 3.895297530864197944e-01 0.000000000000000000e+00 0.000000000000000000e+00 0.000000000000000000e+00 4.326010031249999943e-01 0.000000000000000000e+00 4.260887131782945536e-01 0.000000000000000000e+00 0.000000000000000000e+00 4.204276039603959680e-01 0.000000000000000000e+00 0.000000000000000000e+00 3.800817394957983764e-01 0.000000000000000000e+00 0.000000000000000000e+00 0.000000000000000000e+00 0.000000000000000000e+00 0.000000000000000000e+00 3.825253529411765108e-01 0.000000000000000000e+00 0.000000000000000000e+00 0.000000000000000000e+00 0.000000000000000000e+00 0.000000000000000000e+00 0.000000000000000000e+00 0.000000000000000000e+00 0.000000000000000000e+00 0.000000000000000000e+00 0.000000000000000000e+00 0.000000000000000000e+00 0.000000000000000000e+00
3.522241239764843379e-01 5.250108347826086819e-01 4.057298992417233685e-01 4.848545475873461963e-01 3.493508733050847415e-01 0.000000000000000000e+00 3.857893841342454055e-01 4.873800805670482905e-01 3.607367315073212732e-01 0.000000000000000000e+00 3.041806790468104538e-01 4.644711521367776985e-01 3.118566489100597638e-01 4.695976238553282722e-01 3.586032195908178122e-01 0.000000000000000000e+00 3.310135477468798548e-01 0.000000000000000000e+00 4.400433011647116310e-01 5.157354156162464731e-01 0.000000000000000000e+00 0.000000000000000000e+00 3.953626729190403144e-01 4.840929591319320102e-01 0.000000000000000000e+00 0.000000000000000000e+00 0.000000000000000000e+00 0.000000000000000000e+00 3.710091803513781983e-01 4.777959729729729377e-01 3.673913716968800203e-01 4.940428523731045241e-01 4.134346710540143244e-01 5.207855594903670893e-01 0.000000000000000000e+00 0.000000000000000000e+00 4.589398702594589263e-01 0.000000000000000000e+00 4.412055777777777466e-01 0.000000000000000000e+00 0.000000000000000000e+00 0.000000000000000000e+00 0.000000000000000000e+00 0.000000000000000000e+00 0.000000000000000000e+00 0.000000000000000000e+00 0.000000000000000000e+00 0.000000000000000000e+00 3.946297999999999195e-01 0.000000000000000000e+00 4.430683525371460485e-01 0.000000000000000000e+00 0.000000000000000000e+00 0.000000000000000000e+00 0.000000000000000000e+00 0.000000000000000000e+00 3.793885228322940173e-01 0.000000000000000000e+00 4.399813100287245926e-01 0.000000000000000000e+00 4.453170041867419715e-01 0.000000000000000000e+00 4.258620168341474277e-01 0.000000000000000000e+00 4.365222436337463652e-01 0.000000000000000000e+00 4.735197864568357340e-01 0.000000000000000000e+00 4.974864749999999836e-01 0.000000000000000000e+00 3.635779703187821954e-01 5.002071935165642858e-01 3.769281980084742134e-01 4.556272709691754907e-01 3.453175962952923506e-01 0.000000000000000000e+00 4.159806397897684027e-01 4.625589699248121023e-01 0.000000000000000000e+00 0.000000000000000000e+00 3.947234775513994154e-01 0.000000000000000000e+00 0.000000000000000000e+00 0.000000000000000000e+00 4.176243882673574270e-01 0.000000000000000000e+00 0.000000000000000000e+00 0.000000000000000000e+00 4.223720454719321338e-01 4.882431111111111832e-01 3.992555199999999749e-01 0.000000000000000000e+00 4.122639147286821792e-01 0.000000000000000000e+00 4.345379999999999798e-01 0.000000000000000000e+00 0.000000000000000000e+00 0.000000000000000000e+00 0.000000000000000000e+00 0.000000000000000000e+00 0.000000000000000000e+00 0.000000000000000000e+00 0.000000000000000000e+00 0.000000000000000000e+00 0.000000000000000000e+00 0.000000000000000000e+00 0.000000000000000000e+00 0.000000000000000000e+00 0.000000000000000000e+00 0.000000000000000000e+00 0.000000000000000000e+00 0.000000000000000000e+00 0.000000000000000000e+00 0.000000000000000000e+00 0.000000000000000000e+00 0.000000000000000000e+00
5.029601051488219454e-01 3.675972513101380956e-01 5.074223126519271654e-01 3.977854039895430405e-01 0.000000000000000000e+00 3.435573658536585362e-01 4.944521333825518394e-01 3.385623856369525120e-01 0.000000000000000000e+00 3.637180214784394572e-01 4.644711521367776985e-01 2.839302995653955053e-01 4.673724051724138517e-01 2.953892692480452609e-01 0.000000000000000000e+00 3.363522919251293319e-01 5.159415795454544984e-01 3.554528702323170308e-01 5.037490553790087144e-01 4.166432130141348722e-01 0.000000000000000000e+00 0.000000000000000000e+00 4.710221770487997284e-01 4.196824306804152194e-01 0.000000000000000000e+00 0.000000000000000000e+00 0.000000000000000000e+00 0.000000000000000000e+00 4.951876985465115677e-01 3.938077045284405497e-01 4.522971289422430541e-01 4.092506556458897493e-01 4.894003855421686922e-01 4.120703319472990289e-01 0.000000000000000000e+00 0.000000000000000000e+00 5.043308446601941775e-01 4.741350534653293036e-01 0.000000000000000000e+00 0.000000000000000000e+00 0.000000000000000000e+00 0.000000000000000000e+00 0.000000000000000000e+00 0.000000000000000000e+00 0.000000000000000000e+00 0.000000000000000000e+00 0.000000000000000000e+00 0.000000000000000000e+00 0.000000000000000000e+00 4.265179078947369251e-01 4.914784846153845699e-01 0.000000000000000000e+00 0.000000000000000000e+00 0.000000000000000000e+00 0.000000000000000000e+00 3.967012328321098957e-01 0.000000000000000000e+00 4.077536621799413563e-01 5.065825849769572953e-01 4.320811590256984913e-01 0.000000000000000000e+00 4.192198489048836185e-01 0.000000000000000000e+00 4.078813631971929254e-01 0.000000000000000000e+00 4.283889937826517724e-01 4.830040483773433424e-01 4.379868212935827398e-01 5.035485789473684859e-01 4.207051492865756526e-01 5.032663663181996538e-01 3.659471184323662696e-01 4.777649030387204898e-01 3.938674324304686780e-01 0.000000000000000000e+00 3.354756923076923081e-01 4.758836553113132140e-01 4.150081214202898661e-01 0.000000000000000000e+00 4.002523653846154494e-01 4.512362397260274438e-01 4.310301449177145749e-01 0.000000000000000000e+00 0.000000000000000000e+00 5.128832671232876894e-01 4.620895102427809431e-01 0.000000000000000000e+00 0.000000000000000000e+00 0.000000000000000000e+00 4.589772088963543495e-01 0.000000000000000000e+00 0.000000000000000000e+00 0.000000000000000000e+00 0.000000000000000000e+00 0.000000000000000000e+00 0.000000000000000000e+00 0.000000000000000000e+00 0.000000000000000000e+00 0.000000000000000000e+00 0.000000000000000000e+00 0.000000000000000000e+00 0.000000000000000000e+00 4.815045588235293827e-01 4.164564961240309615e-01 0.000000000000000000e+00 0.000000000000000000e+00 0.000000000000000000e+00 0.000000000000000000e+00 0.000000000000000000e+00 0.000000000000000000e+00 0.000000000000000000e+00 0.000000000000000000e+00 0.000000000000000000e+00 0.000000000000000000e+00 0.000000000000000000e+00 0.000000000000000000e+00
3.884090767740018268e-01 0.000000000000000000e+00 3.492094293534767635e-01 4.609354043888702068e-01 3.156277552583456325e-01 4.280790415855541542e-01 3.230230982688823693e-01 4.571246311799471163e-01 2.805122058258240347e-01 4.156629644467261242e-01 3.118566489100597638e-01 4.673724051724138517e-01 2.602272181170556808e-01 4.595540957003217963e-01 2.902686107597021725e-01 4.295749791128627426e-01 3.810084542327899504e-01 0.000000000000000000e+00 4.210408023663823607e-01 5.215644880952382545e-01 0.000000000000000000e+00 0.000000000000000000e+00 3.604411546064867355e-01 4.664364694462016514e-01 3.631012499999999865e-01 4.048846322091886885e-01 0.000000000000000000e+00 4.153132987012986277e-01 3.206097799645421520e-01 4.425375384615384822e-01 3.367911148618541461e-01 4.600756382977082559e-01 4.166924778218139558e-01 5.067503059573684743e-01 4.067752201834861636e-01 0.000000000000000000e+00 5.119095303030303246e-01 0.000000000000000000e+00 0.000000000000000000e+00 0.000000000000000000e+00 0.000000000000000000e+00 0.000000000000000000e+00 0.000000000000000000e+00 0.000000000000000000e+00 4.518574299843831077e-01 0.000000000000000000e+00 0.000000000000000000e+00 0.000000000000000000e+00 4.555023442622950780e-01 0.000000000000000000e+00 4.545527343721572078e-01 0.000000000000000000e+00 0.000000000000000000e+00 0.000000000000000000e+00 4.597632741935483991e-01 0.000000000000000000e+00 3.925178832742191037e-01 0.000000000000000000e+00 4.334568993068190768e-01 0.000000000000000000e+00 4.372426007763626221e-01 0.000000000000000000e+00 4.146762564237176374e-01 0.000000000000000000e+00 4.240006126072573545e-01 0.000000000000000000e+00 4.396928376133289462e-01 5.009032500000000221e-01 4.187758727272727910e-01 0.000000000000000000e+00 3.377375995873275749e-01 4.531231161638473171e-01 3.599309412986130274e-01 4.593759893485275247e-01 0.000000000000000000e+00 0.000000000000000000e+00 3.771885877976078882e-01 4.579311830537839412e-01 3.486337794117646549e-01 0.000000000000000000e+00 3.793062421625416070e-01 0.000000000000000000e+00 0.000000000000000000e+00 0.000000000000000000e+00 4.123611098452252821e-01 0.000000000000000000e+00 0.000000000000000000e+00 0.000000000000000000e+00 4.153169377594764788e-01 0.000000000000000000e+00 4.023959104477612403e-01 0.000000000000000000e+00 0.000000000000000000e+00 0.000000000000000000e+00 0.000000000000000000e+00 0.000000000000000000e+00 0.000000000000000000e+00 0.000000000000000000e+00 0.000000000000000000e+00 0.000000000000000000e+00 0.000000000000000000e+00 0.000000000000000000e+00 0.000000000000000000e+00 0.000000000000000000e+00 0.000000000000000000e+00 0.000000000000000000e+00 0.000000000000000000e+00 0.000000000000000000e+00 0.000000000000000000e+00 0.000000000000000000e+00 0.000000000000000000e+00 0.000000000000000000e+00 0.000000000000000000e+00 0.000000000000000000e+00 0.000000000000000000e+00 0.000000000000000000e+00
