0.000000000000000000e+00 1.313772717319903680e-02 6.361143059364771091e-02 4.878409342893044905e-03 0.000000000000000000e+00 0.000000000000000000e+00 1.482921083627797287e-01 3.073376872839032013e-03 4.000000000000000192e-04 0.000000000000000000e+00 2.859270290394638758e-01 1.611603545527800097e-03 6.298069946306776579e-02 1.616814874696847343e-04 2.844141069397041941e-04 0.000000000000000000e+00 8.226102941176470507e-02 3.189429319968105532e-03 8.057732747084687952e-02 2.977351768597845394e-02 0.000000000000000000e+00 0.000000000000000000e+00 2.419842710223835374e-04 1.608234158893534884e-04 0.000000000000000000e+00 0.000000000000000000e+00 0.000000000000000000e+00 0.000000000000000000e+00 2.540601382858980600e-02 7.056167090036691986e-04 2.280935183425204273e-03 0.000000000000000000e+00 2.282218121783043466e-02 1.017001785575654023e-02 0.000000000000000000e+00 0.000000000000000000e+00 6.105870020964360850e-02 2.012882447665056355e-04 4.904364884747425529e-04 3.955696202531645508e-04 4.081632653061224164e-02 0.000000000000000000e+00 0.000000000000000000e+00 0.000000000000000000e+00 1.136234518804681227e-04 0.000000000000000000e+00 1.195743154370441241e-04 0.000000000000000000e+00 1.742497579864472380e-03 6.309546343617893657e-05 3.535651149086623587e-03 0.000000000000000000e+00 2.606202762574928288e-04 0.000000000000000000e+00 1.048532055122828113e-02 0.000000000000000000e+00 2.060522965429438802e-01 1.621183463928667834e-03 2.165226280085493990e-02 3.633060853769300613e-04 6.344337718944224880e-02 0.000000000000000000e+00 1.152386117136659435e-02 3.714710252600296990e-04 8.414453060551064720e-03 0.000000000000000000e+00 6.803153611393692769e-03 8.957654723127035689e-04 9.381025838796760996e-02 1.169435215946843833e-02 7.180186321290615847e-02 4.505722267279444653e-04 6.495263870094722392e-02 9.763024762580988945e-04 1.317523056653491492e-03 0.000000000000000000e+00 7.278659016762289991e-02 2.463661000246366098e-03 1.081081081081081098e-03 0.000000000000000000e+00 4.512820512820512470e-03 0.000000000000000000e+00 0.000000000000000000e+00 0.000000000000000000e+00 2.261850501367365651e-02 0.000000000000000000e+00 6.071645415907711346e-04 0.000000000000000000e+00 2.350030921459492911e-02 0.000000000000000000e+00 1.937046004842615018e-03 1.121076233183856486e-03 0.000000000000000000e+00 3.709198813056379957e-04 5.277777777777777762e-02 8.000000000000000167e-03 0.000000000000000000e+00 0.000000000000000000e+00 2.588996763754045343e-03 1.706484641638225273e-03 0.000000000000000000e+00 0.000000000000000000e+00 9.105809506465124912e-04 5.837711617046117962e-04 4.091374019774974245e-03 9.896091044037606116e-04 9.345794392523364873e-04 0.000000000000000000e+00 0.000000000000000000e+00 0.000000000000000000e+00 0.000000000000000000e+00 2.617801047120419007e-03 3.021148036253776432e-03 9.960159362549800624e-04 1.552795031055900516e-03 0.000000000000000000e+00
1.313772717319903680e-02 0.000000000000000000e+00 4.335132265770149165e-03 1.337866804641880403e-01 0.000000000000000000e+00 0.000000000000000000e+00 2.355712603062426209e-03 1.973107952362658513e-01 0.000000000000000000e+00 5.885815185403178024e-04 4.964010920824026224e-04 8.058017727639001093e-02 0.000000000000000000e+00 4.365400161681487826e-03 0.000000000000000000e+00 0.000000000000000000e+00 1.685049019607843222e-03 1.103770361088962232e-01 3.116038998279487687e-02 1.059462210535244697e-01 0.000000000000000000e+00 0.000000000000000000e+00 0.000000000000000000e+00 3.216468317787069767e-04 0.000000000000000000e+00 0.000000000000000000e+00 0.000000000000000000e+00 0.000000000000000000e+00 3.215951117543013288e-04 3.161162856336437871e-02 9.503896597605018164e-04 1.639613051319888603e-04 1.903467029231815238e-02 1.894262867789767851e-02 4.676174888940846453e-04 4.033884630899556181e-04 1.834381551362683537e-03 8.132045088566827729e-02 0.000000000000000000e+00 1.780063291139240625e-02 0.000000000000000000e+00 5.464480874316939886e-03 9.508414947228296639e-05 1.293242806336889730e-04 0.000000000000000000e+00 4.085301086690088976e-04 0.000000000000000000e+00 0.000000000000000000e+00 0.000000000000000000e+00 1.514291122468294478e-03 6.547502127938192179e-05 1.960121662723893123e-03 0.000000000000000000e+00 2.501876407305479049e-04 0.000000000000000000e+00 2.744642668637179306e-03 2.350406424444226924e-03 2.570251283436909007e-01 3.717126661090976842e-04 1.071752951861943727e-02 4.035838243603196459e-04 6.013810420590081501e-02 0.000000000000000000e+00 1.903789004457652131e-02 1.649892756970796834e-04 1.248908296943231425e-02 1.589521871820956346e-03 6.351791530944625799e-03 2.497107597377554861e-02 1.291694352159468429e-01 6.816632583503749428e-04 4.721996936108858317e-02 1.623815967523680555e-03 8.112186029999111925e-02 0.000000000000000000e+00 1.289282836422240078e-02 2.474969062886714106e-03 9.041635870904163319e-02 1.081081081081081098e-03 0.000000000000000000e+00 0.000000000000000000e+00 1.372832369942196540e-02 0.000000000000000000e+00 0.000000000000000000e+00 1.709206927985414863e-04 2.623906705539358689e-02 0.000000000000000000e+00 7.067137809187278843e-04 0.000000000000000000e+00 2.731031829983652376e-02 2.421307506053268772e-04 4.857997010463377743e-03 0.000000000000000000e+00 1.483679525222551983e-03 5.555555555555555768e-03 1.199999999999999956e-01 0.000000000000000000e+00 1.108647450110864744e-03 6.472491909385113358e-04 3.412969283276450546e-03 0.000000000000000000e+00 1.379310344827586101e-03 1.821161901293024820e-04 2.918855808523058981e-03 0.000000000000000000e+00 6.679861454725383695e-03 0.000000000000000000e+00 2.780352177942539433e-03 1.481481481481481538e-02 1.587301587301587213e-02 9.372071227741331050e-04 2.617801047120419007e-03 0.000000000000000000e+00 1.992031872509960125e-03 0.000000000000000000e+00 0.000000000000000000e+00
6.361143059364771091e-02 4.335132265770149165e-03 0.000000000000000000e+00 5.026239929041318756e-03 9.911504424778760924e-02 2.291825821237586120e-03 2.102473498233215499e-01 8.528620822128313989e-03 1.363999999999999935e-01 3.531489111241906814e-03 3.350707371556217729e-02 3.384367445608380161e-03 4.353504571179799693e-02 6.628940986257073238e-03 1.678043230944254935e-02 4.779607010090281861e-03 8.731617647058823733e-03 1.594714659984052766e-03 1.190976868667558836e-01 9.245907201628636787e-03 0.000000000000000000e+00 2.028397565922920864e-03 2.283121597096188782e-01 9.971051785139916496e-03 1.092485549132947986e-01 4.036326942482341106e-03 1.037805782060785727e-02 3.411804844762879817e-04 1.527576780832931407e-02 1.834603443409539960e-03 1.007413039346131967e-02 1.705197573372684017e-02 7.963484510051471385e-03 5.589628134461610380e-03 9.352349777881692906e-04 4.033884630899556181e-04 1.179245283018868010e-02 2.012882447665056355e-04 0.000000000000000000e+00 0.000000000000000000e+00 1.166180758017492693e-02 0.000000000000000000e+00 2.852524484168488992e-04 0.000000000000000000e+00 3.408703556414044086e-04 8.170602173380177682e-05 3.587229463111323859e-04 0.000000000000000000e+00 1.452081316553727056e-03 1.261909268723578731e-04 2.619000851175276763e-03 1.351808043257857336e-04 0.000000000000000000e+00 0.000000000000000000e+00 5.991611743559017511e-04 0.000000000000000000e+00 2.252472823425717523e-03 6.754931099702782640e-05 8.828175820091070311e-03 1.816530426884650307e-04 4.520138832835579948e-03 1.255492780916509714e-04 5.422993492407809273e-04 9.286775631500742475e-05 1.814882032667876517e-03 0.000000000000000000e+00 1.958290946083418235e-02 5.700325732899022514e-04 3.856536829926725685e-03 6.644518272425249542e-04 6.089525107930016112e-02 1.171487789492655631e-03 8.651330626973387228e-02 2.751397887636460472e-03 1.844532279314888001e-02 8.058017727639000486e-04 6.997412532343345870e-02 5.666420300566642025e-03 0.000000000000000000e+00 0.000000000000000000e+00 7.179487179487179915e-04 0.000000000000000000e+00 1.687763713080168808e-03 0.000000000000000000e+00 1.424339106654512205e-03 1.356024137229642742e-04 1.821493624772313295e-03 0.000000000000000000e+00 1.236858379715522665e-03 0.000000000000000000e+00 1.210653753026634440e-03 7.473841554559043599e-04 5.357621216180016507e-04 1.112759643916913987e-03 3.472222222222222376e-02 8.000000000000000167e-03 0.000000000000000000e+00 0.000000000000000000e+00 1.294498381877022672e-03 4.266211604095563291e-03 0.000000000000000000e+00 0.000000000000000000e+00 5.463485703879074730e-04 7.783615489394823950e-04 1.704739174906239269e-03 1.731815932706580853e-03 0.000000000000000000e+00 9.267840593141798110e-04 0.000000000000000000e+00 0.000000000000000000e+00 0.000000000000000000e+00 0.000000000000000000e+00 0.000000000000000000e+00 0.000000000000000000e+00 0.000000000000000000e+00 0.000000000000000000e+00
4.878409342893044905e-03 1.337866804641880403e-01 5.026239929041318756e-03 0.000000000000000000e+00 2.654867256637168105e-03 3.017570664629488225e-02 1.130742049469964615e-02 1.810218978102189902e-01 5.599999999999999943e-03 4.944084755738669540e-02 3.474807644576818032e-03 3.529411764705882304e-02 3.773037295022492899e-03 3.104284559417946551e-02 2.844141069397042049e-03 4.195432819968136079e-02 1.838235294117647033e-03 2.767969016972320409e-02 1.175683425731217750e-02 1.550598015098821059e-01 0.000000000000000000e+00 0.000000000000000000e+00 1.464004839685420500e-02 2.954326149887423481e-01 5.202312138728323702e-03 3.733602421796165804e-02 0.000000000000000000e+00 2.729443875810303854e-03 6.431902235086026575e-04 3.203499858876657919e-02 1.558639042007222905e-02 5.656665027053615208e-02 6.700980868214042804e-03 1.335300054343606900e-02 7.014262333411269137e-04 2.823719241629689489e-03 2.620545073375262195e-04 1.690821256038647219e-02 0.000000000000000000e+00 1.028481012658227778e-02 0.000000000000000000e+00 0.000000000000000000e+00 0.000000000000000000e+00 3.233107015842224597e-04 0.000000000000000000e+00 9.804722608056212676e-04 0.000000000000000000e+00 1.984126984126984125e-04 0.000000000000000000e+00 2.208341220266262644e-03 0.000000000000000000e+00 2.500844880027035949e-03 0.000000000000000000e+00 0.000000000000000000e+00 0.000000000000000000e+00 1.477884513881558021e-03 4.896680050925472216e-04 5.539043501756281927e-03 1.858563330545488421e-04 1.326067211625794710e-02 8.071676487206392377e-05 8.662900188323916645e-03 1.355748373101952318e-04 1.300148588410103946e-03 0.000000000000000000e+00 9.082969432314409730e-03 1.080874872838250358e-03 1.017915309446254003e-02 2.410335518704203716e-03 6.112956810631228928e-03 1.590547602817541425e-03 4.127241596827971315e-02 2.165087956698241028e-03 7.561906452471819917e-02 0.000000000000000000e+00 9.669621273166801451e-03 4.837439532005849765e-03 8.709041635870903852e-02 0.000000000000000000e+00 7.042253521126760722e-03 0.000000000000000000e+00 1.204238921001926687e-03 0.000000000000000000e+00 9.148486980999296497e-03 0.000000000000000000e+00 3.932469997965963408e-03 0.000000000000000000e+00 3.533568904593639530e-03 0.000000000000000000e+00 3.750360611597268815e-03 0.000000000000000000e+00 2.615844544095665206e-03 0.000000000000000000e+00 1.854599406528189979e-03 6.944444444444444059e-03 4.266666666666666524e-02 0.000000000000000000e+00 0.000000000000000000e+00 6.472491909385113358e-04 1.706484641638225273e-03 0.000000000000000000e+00 0.000000000000000000e+00 0.000000000000000000e+00 2.140494259583576586e-03 6.818956699624957075e-04 2.474022761009401095e-03 0.000000000000000000e+00 0.000000000000000000e+00 2.962962962962963076e-02 3.174603174603174427e-02 9.372071227741331050e-04 0.000000000000000000e+00 0.000000000000000000e+00 0.000000000000000000e+00 1.552795031055900516e-03 0.000000000000000000e+00
0.000000000000000000e+00 0.000000000000000000e+00 9.911504424778760924e-02 2.654867256637168105e-03 0.000000000000000000e+00 4.583651642475172240e-03 2.120141342756183545e-03 3.073376872839032122e-04 3.960000000000000187e-01 2.354326074161271209e-03 0.000000000000000000e+00 0.000000000000000000e+00 2.902336380786533208e-04 0.000000000000000000e+00 1.100682593856655289e-01 0.000000000000000000e+00 0.000000000000000000e+00 0.000000000000000000e+00 0.000000000000000000e+00 0.000000000000000000e+00 5.662514156285390447e-03 4.056795131845841729e-03 7.380520266182698068e-03 2.733998070119009194e-03 5.895953757225433356e-02 6.559031281533803971e-03 2.197924388435878451e-01 2.047082906857727782e-03 9.808650908506190771e-03 0.000000000000000000e+00 4.181714502946207689e-03 4.426955238563698956e-03 2.913469942701757930e-04 7.763372408974459162e-05 0.000000000000000000e+00 0.000000000000000000e+00 0.000000000000000000e+00 0.000000000000000000e+00 4.904364884747425529e-04 0.000000000000000000e+00 0.000000000000000000e+00 0.000000000000000000e+00 0.000000000000000000e+00 0.000000000000000000e+00 0.000000000000000000e+00 0.000000000000000000e+00 1.195743154370441241e-04 0.000000000000000000e+00 0.000000000000000000e+00 0.000000000000000000e+00 0.000000000000000000e+00 0.000000000000000000e+00 0.000000000000000000e+00 0.000000000000000000e+00 0.000000000000000000e+00 0.000000000000000000e+00 0.000000000000000000e+00 0.000000000000000000e+00 0.000000000000000000e+00 0.000000000000000000e+00 0.000000000000000000e+00 0.000000000000000000e+00 0.000000000000000000e+00 0.000000000000000000e+00 0.000000000000000000e+00 0.000000000000000000e+00 6.358087487283824841e-05 0.000000000000000000e+00 0.000000000000000000e+00 0.000000000000000000e+00 2.560024236915852541e-02 6.308011174191223381e-04 2.516914749661704892e-02 4.437738528445904214e-04 2.635046113306982810e-02 0.000000000000000000e+00 4.724940938238272187e-03 0.000000000000000000e+00 0.000000000000000000e+00 0.000000000000000000e+00 0.000000000000000000e+00 0.000000000000000000e+00 8.438818565400844039e-04 0.000000000000000000e+00 4.557885141294439274e-04 0.000000000000000000e+00 6.071645415907711346e-04 0.000000000000000000e+00 4.638218923933209721e-04 0.000000000000000000e+00 0.000000000000000000e+00 3.736920777279521800e-04 0.000000000000000000e+00 0.000000000000000000e+00 0.000000000000000000e+00 0.000000000000000000e+00 0.000000000000000000e+00 0.000000000000000000e+00 0.000000000000000000e+00 0.000000000000000000e+00 0.000000000000000000e+00 0.000000000000000000e+00 0.000000000000000000e+00 0.000000000000000000e+00 0.000000000000000000e+00 0.000000000000000000e+00 0.000000000000000000e+00 0.000000000000000000e+00 0.000000000000000000e+00 0.000000000000000000e+00 0.000000000000000000e+00 0.000000000000000000e+00 0.000000000000000000e+00 0.000000000000000000e+00 0.000000000000000000e+00 0.000000000000000000e+00
0.000000000000000000e+00 0.000000000000000000e+00 2.291825821237586120e-03 3.017570664629488225e-02 4.583651642475172240e-03 0.000000000000000000e+00 1.177856301531213186e-04 1.229350749135612849e-03 4.000000000000000083e-03 3.084167157151265215e-01 0.000000000000000000e+00 0.000000000000000000e+00 0.000000000000000000e+00 0.000000000000000000e+00 8.532423208191126365e-04 1.107275624004248477e-01 0.000000000000000000e+00 0.000000000000000000e+00 0.000000000000000000e+00 2.544745101365680014e-04 1.698754246885617221e-03 2.028397565922920864e-03 2.540834845735027211e-03 7.719523962688967442e-03 1.213872832369942110e-02 6.811301715438949911e-02 0.000000000000000000e+00 1.999317639031047422e-01 0.000000000000000000e+00 1.001975726785210227e-02 8.553506937844516239e-03 8.689949171995409866e-03 0.000000000000000000e+00 9.316046890769349911e-04 0.000000000000000000e+00 4.033884630899556181e-04 0.000000000000000000e+00 0.000000000000000000e+00 0.000000000000000000e+00 3.955696202531645508e-04 0.000000000000000000e+00 0.000000000000000000e+00 0.000000000000000000e+00 0.000000000000000000e+00 0.000000000000000000e+00 0.000000000000000000e+00 0.000000000000000000e+00 9.920634920634920626e-05 0.000000000000000000e+00 0.000000000000000000e+00 0.000000000000000000e+00 0.000000000000000000e+00 0.000000000000000000e+00 0.000000000000000000e+00 0.000000000000000000e+00 2.111263591259368718e-04 0.000000000000000000e+00 0.000000000000000000e+00 0.000000000000000000e+00 9.082652134423251534e-05 0.000000000000000000e+00 0.000000000000000000e+00 0.000000000000000000e+00 0.000000000000000000e+00 0.000000000000000000e+00 0.000000000000000000e+00 0.000000000000000000e+00 4.885993485342019762e-04 0.000000000000000000e+00 0.000000000000000000e+00 1.211845792622888787e-03 2.919708029197080196e-02 0.000000000000000000e+00 1.597585870240525452e-02 0.000000000000000000e+00 8.058017727639000486e-04 0.000000000000000000e+00 9.854644000985464392e-04 0.000000000000000000e+00 0.000000000000000000e+00 0.000000000000000000e+00 0.000000000000000000e+00 0.000000000000000000e+00 1.407459535538353257e-03 0.000000000000000000e+00 3.390060343074106854e-04 0.000000000000000000e+00 0.000000000000000000e+00 0.000000000000000000e+00 1.923261852101163557e-04 0.000000000000000000e+00 0.000000000000000000e+00 0.000000000000000000e+00 0.000000000000000000e+00 0.000000000000000000e+00 0.000000000000000000e+00 0.000000000000000000e+00 0.000000000000000000e+00 0.000000000000000000e+00 0.000000000000000000e+00 0.000000000000000000e+00 0.000000000000000000e+00 0.000000000000000000e+00 0.000000000000000000e+00 0.000000000000000000e+00 0.000000000000000000e+00 0.000000000000000000e+00 0.000000000000000000e+00 0.000000000000000000e+00 0.000000000000000000e+00 0.000000000000000000e+00 0.000000000000000000e+00 0.000000000000000000e+00 0.000000000000000000e+00 0.000000000000000000e+00 0.000000000000000000e+00
1.482921083627797287e-01 2.355712603062426209e-03 2.102473498233215499e-01 1.130742049469964615e-02 2.120141342756183545e-03 1.177856301531213186e-04 0.000000000000000000e+00 1.290818286592393394e-02 1.024000000000000049e-01 5.885815185403178024e-04 5.212211466865226961e-02 9.508460918614021484e-03 2.184008126541866213e-01 6.790622473726757972e-03 7.110352673492604907e-03 1.593202336696760476e-03 5.055147058823529667e-03 6.834491399931655331e-04 1.175683425731217750e-02 8.228009161082364131e-03 0.000000000000000000e+00 0.000000000000000000e+00 2.323049001814881873e-02 1.013187520102926988e-02 0.000000000000000000e+00 5.045408678102926382e-04 0.000000000000000000e+00 3.411804844762879817e-04 8.200675349734683206e-03 1.411233418007338397e-03 3.041246911233605986e-03 6.558452205279553977e-03 2.816354277945032521e-03 8.229174753512926224e-03 0.000000000000000000e+00 0.000000000000000000e+00 1.572327044025157317e-03 2.012882447665056355e-04 4.904364884747425529e-04 0.000000000000000000e+00 5.830903790087463463e-03 0.000000000000000000e+00 2.852524484168488992e-04 0.000000000000000000e+00 1.136234518804681227e-04 8.170602173380177682e-05 0.000000000000000000e+00 0.000000000000000000e+00 1.548886737657308903e-03 0.000000000000000000e+00 1.047600340470110749e-03 0.000000000000000000e+00 5.212405525149856576e-04 0.000000000000000000e+00 2.846015578190533128e-03 0.000000000000000000e+00 1.958672020370188886e-03 1.350986219940556528e-04 1.022209831800018672e-03 0.000000000000000000e+00 8.959560900799095132e-03 1.255492780916509714e-04 4.338394793926247418e-03 0.000000000000000000e+00 1.649892756970796834e-03 0.000000000000000000e+00 2.670396744659206487e-03 2.442996742671009881e-04 1.928268414963362897e-04 2.657807308970099817e-04 8.232977353631749928e-02 2.613318915022077964e-03 2.598105548037888887e-02 3.816455134463477526e-03 2.635046113306982983e-03 1.611603545527800097e-03 1.867476656541793359e-02 1.071692535107169296e-02 0.000000000000000000e+00 0.000000000000000000e+00 4.512820512820512470e-03 0.000000000000000000e+00 0.000000000000000000e+00 0.000000000000000000e+00 9.742479489516864613e-03 0.000000000000000000e+00 6.071645415907711346e-04 0.000000000000000000e+00 6.029684601113172691e-03 9.616309260505817786e-05 0.000000000000000000e+00 3.736920777279521800e-04 0.000000000000000000e+00 0.000000000000000000e+00 1.388888888888888942e-03 5.333333333333333155e-03 0.000000000000000000e+00 0.000000000000000000e+00 0.000000000000000000e+00 0.000000000000000000e+00 0.000000000000000000e+00 0.000000000000000000e+00 0.000000000000000000e+00 0.000000000000000000e+00 3.409478349812478538e-04 2.474022761009401529e-04 0.000000000000000000e+00 0.000000000000000000e+00 0.000000000000000000e+00 1.587301587301587213e-02 0.000000000000000000e+00 0.000000000000000000e+00 0.000000000000000000e+00 0.000000000000000000e+00 0.000000000000000000e+00 0.000000000000000000e+00
3.073376872839032013e-03 1.973107952362658513e-01 8.528620822128313989e-03 1.810218978102189902e-01 3.073376872839032122e-04 1.229350749135612849e-03 1.290818286592393394e-02 0.000000000000000000e+00 2.000000000000000042e-03 7.886992348440259593e-02 3.971208736659220979e-03 1.775987107171635715e-01 5.079088666376433032e-03 2.900565885206143890e-01 0.000000000000000000e+00 4.381306425916091374e-02 3.063725490196078389e-03 1.594714659984053026e-02 1.558019499139743844e-02 1.934006277037916832e-02 0.000000000000000000e+00 0.000000000000000000e+00 1.379310344827586188e-02 1.543904792537793488e-02 5.780346820809248920e-04 4.540867810292633852e-03 0.000000000000000000e+00 3.411804844762879817e-04 1.447178002894355898e-03 2.822466836014676794e-02 6.652727618323512823e-03 2.131496966715855021e-03 6.215402544430416627e-03 1.094635509665398652e-02 0.000000000000000000e+00 8.067769261799112362e-04 2.620545073375262195e-04 5.434782608695652023e-03 0.000000000000000000e+00 3.560126582278480903e-03 0.000000000000000000e+00 1.092896174863387977e-02 0.000000000000000000e+00 1.939864209505334596e-04 0.000000000000000000e+00 2.451180652014053169e-04 0.000000000000000000e+00 9.920634920634920626e-05 0.000000000000000000e+00 2.334532147138620572e-03 0.000000000000000000e+00 2.771206488678607579e-03 0.000000000000000000e+00 7.505629221916437690e-04 0.000000000000000000e+00 5.278158978148421443e-03 0.000000000000000000e+00 3.445014860848419173e-03 0.000000000000000000e+00 3.088101725703905603e-03 0.000000000000000000e+00 1.619585687382297384e-02 1.355748373101952318e-04 3.993313521545319156e-03 0.000000000000000000e+00 5.676855895196506949e-03 8.901322482197355319e-04 4.560260586319218011e-03 0.000000000000000000e+00 1.328903654485049908e-04 1.060365068545027689e-03 9.687302874650806361e-02 3.428055931438881484e-03 5.733558178752107964e-02 0.000000000000000000e+00 1.128122481869460111e-02 4.612442344470693741e-03 3.621581670362158251e-02 0.000000000000000000e+00 0.000000000000000000e+00 1.025641025641025586e-04 9.393063583815029413e-03 0.000000000000000000e+00 4.222378606615059989e-03 1.139471285323609819e-04 1.545867516441792704e-02 0.000000000000000000e+00 7.067137809187278843e-04 1.546072974644403331e-04 2.279065294739878941e-02 0.000000000000000000e+00 0.000000000000000000e+00 0.000000000000000000e+00 0.000000000000000000e+00 5.555555555555555768e-03 1.333333333333333419e-02 0.000000000000000000e+00 0.000000000000000000e+00 0.000000000000000000e+00 0.000000000000000000e+00 0.000000000000000000e+00 0.000000000000000000e+00 0.000000000000000000e+00 1.945903872348705987e-04 0.000000000000000000e+00 7.422068283028203503e-04 0.000000000000000000e+00 0.000000000000000000e+00 0.000000000000000000e+00 0.000000000000000000e+00 0.000000000000000000e+00 0.000000000000000000e+00 0.000000000000000000e+00 0.000000000000000000e+00 3.105590062111801032e-03 0.000000000000000000e+00
4.000000000000000192e-04 0.000000000000000000e+00 1.363999999999999935e-01 5.599999999999999943e-03 3.960000000000000187e-01 4.000000000000000083e-03 1.024000000000000049e-01 2.000000000000000042e-03 0.000000000000000000e+00 1.177163037080635605e-03 0.000000000000000000e+00 0.000000000000000000e+00 1.872006965607313916e-02 4.850444624090541486e-04 7.224118316268486606e-02 2.920870950610727611e-03 0.000000000000000000e+00 0.000000000000000000e+00 9.558401835213152606e-05 0.000000000000000000e+00 1.132502831257078220e-03 1.014198782961460432e-03 4.355716878402904162e-03 3.055644901897716387e-03 5.202312138728323702e-03 6.559031281533803971e-03 5.189028910303928634e-03 1.023541453428863891e-03 4.180736452805917762e-03 2.822466836014676903e-04 1.900779319521003633e-03 3.115264797507788074e-03 0.000000000000000000e+00 7.763372408974459162e-05 0.000000000000000000e+00 0.000000000000000000e+00 0.000000000000000000e+00 0.000000000000000000e+00 0.000000000000000000e+00 0.000000000000000000e+00 0.000000000000000000e+00 0.000000000000000000e+00 0.000000000000000000e+00 0.000000000000000000e+00 0.000000000000000000e+00 0.000000000000000000e+00 0.000000000000000000e+00 0.000000000000000000e+00 9.680542110358180644e-05 0.000000000000000000e+00 6.547502127938192179e-05 0.000000000000000000e+00 0.000000000000000000e+00 0.000000000000000000e+00 0.000000000000000000e+00 0.000000000000000000e+00 0.000000000000000000e+00 0.000000000000000000e+00 0.000000000000000000e+00 0.000000000000000000e+00 0.000000000000000000e+00 0.000000000000000000e+00 0.000000000000000000e+00 0.000000000000000000e+00 0.000000000000000000e+00 0.000000000000000000e+00 0.000000000000000000e+00 0.000000000000000000e+00 0.000000000000000000e+00 0.000000000000000000e+00 1.098235249564492866e-02 9.011444534558889577e-05 1.172755976544880528e-02 8.875477056891807885e-05 1.054018445322793193e-02 0.000000000000000000e+00 2.587467656654291685e-03 2.463661000246366098e-04 0.000000000000000000e+00 0.000000000000000000e+00 0.000000000000000000e+00 0.000000000000000000e+00 2.531645569620253212e-03 0.000000000000000000e+00 2.848678213309024411e-04 0.000000000000000000e+00 1.214329083181542269e-03 0.000000000000000000e+00 3.092145949288806661e-04 0.000000000000000000e+00 0.000000000000000000e+00 0.000000000000000000e+00 0.000000000000000000e+00 3.709198813056379957e-04 4.166666666666666609e-03 0.000000000000000000e+00 0.000000000000000000e+00 0.000000000000000000e+00 0.000000000000000000e+00 0.000000000000000000e+00 0.000000000000000000e+00 0.000000000000000000e+00 0.000000000000000000e+00 0.000000000000000000e+00 0.000000000000000000e+00 0.000000000000000000e+00 0.000000000000000000e+00 0.000000000000000000e+00 0.000000000000000000e+00 0.000000000000000000e+00 0.000000000000000000e+00 0.000000000000000000e+00 0.000000000000000000e+00 0.000000000000000000e+00 0.000000000000000000e+00 0.000000000000000000e+00
0.000000000000000000e+00 5.885815185403178024e-04 3.531489111241906814e-03 4.944084755738669540e-02 2.354326074161271209e-03 3.084167157151265215e-01 5.885815185403178024e-04 7.886992348440259593e-02 1.177163037080635605e-03 0.000000000000000000e+00 0.000000000000000000e+00 0.000000000000000000e+00 1.451168190393266604e-04 2.101859337105901546e-03 8.532423208191126365e-04 1.067445565586829515e-01 0.000000000000000000e+00 0.000000000000000000e+00 0.000000000000000000e+00 1.696496734243786676e-04 0.000000000000000000e+00 0.000000000000000000e+00 3.145795523290985905e-03 4.020585397233837101e-03 4.046242774566473702e-03 0.000000000000000000e+00 0.000000000000000000e+00 8.870692596383487200e-03 1.607975558771506644e-04 6.350550381033022787e-03 4.561870366850408545e-03 8.198065256599442472e-04 0.000000000000000000e+00 2.329011722692337478e-04 0.000000000000000000e+00 0.000000000000000000e+00 0.000000000000000000e+00 0.000000000000000000e+00 0.000000000000000000e+00 0.000000000000000000e+00 0.000000000000000000e+00 0.000000000000000000e+00 0.000000000000000000e+00 0.000000000000000000e+00 0.000000000000000000e+00 0.000000000000000000e+00 0.000000000000000000e+00 0.000000000000000000e+00 0.000000000000000000e+00 6.309546343617893657e-05 0.000000000000000000e+00 0.000000000000000000e+00 0.000000000000000000e+00 2.501876407305479049e-04 0.000000000000000000e+00 0.000000000000000000e+00 0.000000000000000000e+00 0.000000000000000000e+00 0.000000000000000000e+00 0.000000000000000000e+00 0.000000000000000000e+00 0.000000000000000000e+00 0.000000000000000000e+00 0.000000000000000000e+00 0.000000000000000000e+00 0.000000000000000000e+00 0.000000000000000000e+00 1.628664495114006587e-04 0.000000000000000000e+00 0.000000000000000000e+00 1.211845792622888787e-03 1.009281787870595741e-02 0.000000000000000000e+00 1.721842549037010811e-02 0.000000000000000000e+00 4.834810636583400725e-03 2.249971875351558081e-04 1.108647450110864744e-03 0.000000000000000000e+00 0.000000000000000000e+00 0.000000000000000000e+00 0.000000000000000000e+00 0.000000000000000000e+00 7.037297677691766286e-04 0.000000000000000000e+00 2.034036205844464112e-04 0.000000000000000000e+00 4.240282685512367089e-03 0.000000000000000000e+00 5.769785556303490400e-04 0.000000000000000000e+00 0.000000000000000000e+00 0.000000000000000000e+00 0.000000000000000000e+00 0.000000000000000000e+00 0.000000000000000000e+00 0.000000000000000000e+00 0.000000000000000000e+00 0.000000000000000000e+00 0.000000000000000000e+00 0.000000000000000000e+00 0.000000000000000000e+00 0.000000000000000000e+00 0.000000000000000000e+00 0.000000000000000000e+00 0.000000000000000000e+00 0.000000000000000000e+00 0.000000000000000000e+00 0.000000000000000000e+00 0.000000000000000000e+00 0.000000000000000000e+00 0.000000000000000000e+00 0.000000000000000000e+00 0.000000000000000000e+00 0.000000000000000000e+00 0.000000000000000000e+00
2.859270290394638758e-01 4.964010920824026224e-04 3.350707371556217729e-02 3.474807644576818032e-03 0.000000000000000000e+00 0.000000000000000000e+00 5.212211466865226961e-02 3.971208736659220979e-03 0.000000000000000000e+00 0.000000000000000000e+00 0.000000000000000000e+00 1.289282836422240165e-03 1.099985488318096089e-01 4.850444624090541486e-04 5.688282138794083882e-04 0.000000000000000000e+00 5.912990196078431182e-02 1.139081899988609177e-04 1.691837124832728037e-02 1.187547713970650565e-03 0.000000000000000000e+00 0.000000000000000000e+00 3.024803387779794340e-03 8.041170794467674418e-04 0.000000000000000000e+00 0.000000000000000000e+00 0.000000000000000000e+00 0.000000000000000000e+00 4.984724232191670851e-02 0.000000000000000000e+00 1.710701387568903204e-03 1.639613051319888603e-04 1.068272312323977763e-03 8.539709649871904265e-04 2.338087444470423226e-04 0.000000000000000000e+00 5.241090146750524391e-04 0.000000000000000000e+00 0.000000000000000000e+00 3.955696202531645508e-04 0.000000000000000000e+00 0.000000000000000000e+00 0.000000000000000000e+00 0.000000000000000000e+00 0.000000000000000000e+00 0.000000000000000000e+00 1.195743154370441241e-04 0.000000000000000000e+00 2.904162633107453787e-04 0.000000000000000000e+00 2.619000851175276872e-04 0.000000000000000000e+00 0.000000000000000000e+00 0.000000000000000000e+00 8.987417615338525725e-04 0.000000000000000000e+00 3.721476838703358971e-03 0.000000000000000000e+00 1.022209831800018672e-03 9.082652134423251534e-05 7.345225603357817198e-03 0.000000000000000000e+00 4.609544468546637394e-03 0.000000000000000000e+00 3.299785513941593668e-04 0.000000000000000000e+00 1.017293997965411975e-03 8.143322475570032937e-05 3.856536829926725794e-04 1.328903654485049908e-04 2.832689540256002475e-02 1.802288906911777915e-04 4.059539918809201495e-03 7.100381645513446308e-04 0.000000000000000000e+00 0.000000000000000000e+00 1.124985937675779040e-03 7.390983000739098294e-04 0.000000000000000000e+00 0.000000000000000000e+00 3.794871794871794695e-03 0.000000000000000000e+00 0.000000000000000000e+00 0.000000000000000000e+00 3.760255241567912483e-03 0.000000000000000000e+00 0.000000000000000000e+00 0.000000000000000000e+00 2.009894867037724086e-03 0.000000000000000000e+00 0.000000000000000000e+00 0.000000000000000000e+00 0.000000000000000000e+00 0.000000000000000000e+00 0.000000000000000000e+00 0.000000000000000000e+00 0.000000000000000000e+00 0.000000000000000000e+00 0.000000000000000000e+00 0.000000000000000000e+00 0.000000000000000000e+00 0.000000000000000000e+00 0.000000000000000000e+00 0.000000000000000000e+00 0.000000000000000000e+00 2.474022761009401529e-04 0.000000000000000000e+00 0.000000000000000000e+00 0.000000000000000000e+00 0.000000000000000000e+00 0.000000000000000000e+00 0.000000000000000000e+00 0.000000000000000000e+00 0.000000000000000000e+00 0.000000000000000000e+00 0.000000000000000000e+00
1.611603545527800097e-03 8.058017727639001093e-02 3.384367445608380161e-03 3.529411764705882304e-02 0.000000000000000000e+00 0.000000000000000000e+00 9.508460918614021484e-03 1.775987107171635715e-01 0.000000000000000000e+00 0.000000000000000000e+00 1.289282836422240165e-03 0.000000000000000000e+00 7.255840951966332749e-04 2.373484236054971830e-01 0.000000000000000000e+00 6.903876792352628584e-03 1.531862745098039194e-04 5.239776739947601958e-02 4.874784935958707301e-03 1.645601832216472826e-02 0.000000000000000000e+00 0.000000000000000000e+00 1.935874168179068299e-03 2.251527822450949054e-03 0.000000000000000000e+00 0.000000000000000000e+00 0.000000000000000000e+00 0.000000000000000000e+00 1.607975558771506644e-04 8.185153824442563397e-02 5.702337958563010682e-04 8.198065256599442472e-04 1.748081965621054758e-03 5.744895582641099292e-03 0.000000000000000000e+00 1.210165389269866800e-03 0.000000000000000000e+00 6.038647342995168794e-04 0.000000000000000000e+00 0.000000000000000000e+00 0.000000000000000000e+00 0.000000000000000000e+00 0.000000000000000000e+00 6.466214031684448652e-05 0.000000000000000000e+00 0.000000000000000000e+00 0.000000000000000000e+00 0.000000000000000000e+00 0.000000000000000000e+00 1.892863903085368097e-04 0.000000000000000000e+00 4.731328151402500811e-04 0.000000000000000000e+00 3.752814610958218845e-04 0.000000000000000000e+00 5.278158978148421660e-04 0.000000000000000000e+00 1.891380707916779248e-03 0.000000000000000000e+00 9.082652134423251263e-04 0.000000000000000000e+00 1.381042059008160631e-03 0.000000000000000000e+00 9.843982169390787240e-03 0.000000000000000000e+00 7.860262008733624305e-04 2.543234994913529936e-04 2.524429967426710265e-03 0.000000000000000000e+00 3.986710963455149725e-04 2.272210861167916476e-04 2.982788140938992527e-02 8.119079837618402773e-04 1.650838732581876370e-02 0.000000000000000000e+00 1.611603545527800097e-03 2.249971875351558081e-03 4.434589800443458976e-03 0.000000000000000000e+00 3.521126760563380361e-03 0.000000000000000000e+00 3.143063583815029066e-02 0.000000000000000000e+00 7.037297677691766286e-04 0.000000000000000000e+00 1.227201844192826567e-02 0.000000000000000000e+00 7.067137809187278843e-04 0.000000000000000000e+00 1.009712472353110901e-02 0.000000000000000000e+00 0.000000000000000000e+00 0.000000000000000000e+00 0.000000000000000000e+00 4.166666666666666609e-03 2.666666666666666578e-03 0.000000000000000000e+00 0.000000000000000000e+00 0.000000000000000000e+00 0.000000000000000000e+00 0.000000000000000000e+00 0.000000000000000000e+00 0.000000000000000000e+00 0.000000000000000000e+00 0.000000000000000000e+00 2.474022761009401529e-04 0.000000000000000000e+00 0.000000000000000000e+00 0.000000000000000000e+00 0.000000000000000000e+00 9.372071227741331050e-04 0.000000000000000000e+00 0.000000000000000000e+00 0.000000000000000000e+00 0.000000000000000000e+00 0.000000000000000000e+00
6.298069946306776579e-02 0.000000000000000000e+00 4.353504571179799693e-02 3.773037295022492899e-03 2.902336380786533208e-04 0.000000000000000000e+00 2.184008126541866213e-01 5.079088666376433032e-03 1.872006965607313916e-02 1.451168190393266604e-04 1.099985488318096089e-01 7.255840951966332749e-04 0.000000000000000000e+00 5.012126111560226763e-03 2.986348122866894217e-01 5.310674455655867892e-04 2.604166666666666522e-03 0.000000000000000000e+00 8.029057541579048135e-03 8.482483671218933379e-04 0.000000000000000000e+00 0.000000000000000000e+00 2.310949788263762933e-02 4.824702476680604868e-03 0.000000000000000000e+00 1.009081735620585276e-03 0.000000000000000000e+00 0.000000000000000000e+00 1.088599453288310037e-01 9.878633926051368346e-04 9.884052461509218804e-03 5.246761764223643529e-03 1.650966300864329349e-03 1.785575654064125526e-03 9.352349777881692906e-04 0.000000000000000000e+00 0.000000000000000000e+00 2.012882447665056355e-04 0.000000000000000000e+00 0.000000000000000000e+00 0.000000000000000000e+00 0.000000000000000000e+00 9.508414947228296639e-05 0.000000000000000000e+00 1.136234518804681227e-04 0.000000000000000000e+00 0.000000000000000000e+00 0.000000000000000000e+00 0.000000000000000000e+00 0.000000000000000000e+00 1.964250638381457518e-04 0.000000000000000000e+00 0.000000000000000000e+00 0.000000000000000000e+00 1.497902935889754378e-04 0.000000000000000000e+00 1.762804818333170084e-03 6.754931099702782640e-05 4.646408326363720646e-04 0.000000000000000000e+00 5.085156186940027224e-03 0.000000000000000000e+00 3.660520607375271178e-03 9.286775631500742475e-05 3.299785513941593668e-04 0.000000000000000000e+00 2.861139369277721205e-03 8.143322475570032937e-05 5.784805244890088962e-04 0.000000000000000000e+00 5.529046428841929983e-02 7.209155627647111661e-04 1.786197564276048588e-02 1.597585870240525365e-03 2.635046113306982983e-03 0.000000000000000000e+00 1.349983125210934935e-02 2.094111850209411183e-03 0.000000000000000000e+00 0.000000000000000000e+00 6.256410256410256318e-03 0.000000000000000000e+00 0.000000000000000000e+00 7.037297677691766286e-04 6.494986326344575830e-03 0.000000000000000000e+00 0.000000000000000000e+00 0.000000000000000000e+00 2.782931354359925724e-03 0.000000000000000000e+00 0.000000000000000000e+00 0.000000000000000000e+00 0.000000000000000000e+00 3.709198813056379957e-04 2.777777777777777884e-03 2.666666666666666578e-03 0.000000000000000000e+00 0.000000000000000000e+00 0.000000000000000000e+00 0.000000000000000000e+00 0.000000000000000000e+00 0.000000000000000000e+00 0.000000000000000000e+00 0.000000000000000000e+00 0.000000000000000000e+00 0.000000000000000000e+00 0.000000000000000000e+00 0.000000000000000000e+00 0.000000000000000000e+00 0.000000000000000000e+00 0.000000000000000000e+00 0.000000000000000000e+00 0.000000000000000000e+00 0.000000000000000000e+00 0.000000000000000000e+00 0.000000000000000000e+00
