2.921659028929621260e-01 4.460217507561297645e-01 3.870870133209440844e-01 4.588668556689744493e-01 3.603773529220779537e-01 0.000000000000000000e+00 2.990146853132510940e-01 4.487472261210747604e-01 4.031087171256690915e-01 0.000000000000000000e+00 2.899504281464707622e-01 4.219304300232287752e-01 3.748020131277574607e-01 3.935104108527132105e-01 4.598232121191756505e-01 0.000000000000000000e+00 2.839929590738570764e-01 4.561552127167445847e-01 3.935208841156718762e-01 4.616413005206275177e-01 0.000000000000000000e+00 0.000000000000000000e+00 3.943699235016556170e-01 0.000000000000000000e+00 4.238920571428571593e-01 0.000000000000000000e+00 0.000000000000000000e+00 0.000000000000000000e+00 3.950322775081907545e-01 4.646452262939661515e-01 3.781136029441140023e-01 0.000000000000000000e+00 3.875832674178346093e-01 4.451524848731752138e-01 4.402643882352941795e-01 4.583064088050314289e-01 4.897423477248570300e-01 4.929263449073885139e-01 4.380319047619047335e-01 5.195244857142857775e-01 4.265328252732240033e-01 0.000000000000000000e+00 4.094849675216592488e-01 0.000000000000000000e+00 3.986613787212806015e-01 0.000000000000000000e+00 0.000000000000000000e+00 0.000000000000000000e+00 4.071988785098357155e-01 4.290675862068965563e-01 4.033394924817808036e-01 0.000000000000000000e+00 0.000000000000000000e+00 0.000000000000000000e+00 4.240091791866079651e-01 0.000000000000000000e+00 3.477247342849504319e-01 4.458040083404347098e-01 4.048161143402283502e-01 4.422673892920496730e-01 4.096853721929173409e-01 0.000000000000000000e+00 3.799054188886670236e-01 0.000000000000000000e+00 4.121468318385900220e-01 0.000000000000000000e+00 4.053873873390366755e-01 0.000000000000000000e+00 3.689589324116487323e-01 4.562448167255577225e-01 3.854835188416395053e-01 4.660006956516370424e-01 4.202223205941242323e-01 4.573363808110371131e-01 3.701369475070169224e-01 0.000000000000000000e+00 4.011668268063726117e-01 4.496897096336643918e-01 0.000000000000000000e+00 0.000000000000000000e+00 4.068402771453471511e-01 0.000000000000000000e+00 0.000000000000000000e+00 0.000000000000000000e+00 4.275183203723289527e-01 0.000000000000000000e+00 4.245995000000000186e-01 0.000000000000000000e+00 4.249418106016458752e-01 4.188504427480915782e-01 4.147386918703424019e-01 5.074481587301588048e-01 0.000000000000000000e+00 3.893089250000000279e-01 4.295732020110873406e-01 0.000000000000000000e+00 4.243131429304030089e-01 4.289699938271605562e-01 4.210549611772790302e-01 4.782839543931698412e-01 0.000000000000000000e+00 0.000000000000000000e+00 4.200539787271289627e-01 4.526973894083552441e-01 3.950544160392311932e-01 0.000000000000000000e+00 0.000000000000000000e+00 0.000000000000000000e+00 0.000000000000000000e+00 0.000000000000000000e+00 0.000000000000000000e+00 0.000000000000000000e+00 0.000000000000000000e+00 0.000000000000000000e+00 0.000000000000000000e+00 0.000000000000000000e+00
4.460217507561297645e-01 3.063801443128685298e-01 4.616079499995346946e-01 3.183838805204071143e-01 0.000000000000000000e+00 3.363677930555555307e-01 4.484322734769873309e-01 3.327025138901907875e-01 0.000000000000000000e+00 0.000000000000000000e+00 4.740801727272727084e-01 3.022949252643595264e-01 4.616541745752427151e-01 3.530169028972799938e-01 0.000000000000000000e+00 3.819918254131043356e-01 4.263902647001867607e-01 3.818077065793769043e-01 4.672482744539346866e-01 3.223522009358393836e-01 0.000000000000000000e+00 0.000000000000000000e+00 3.943336582278481606e-01 3.758363669143412467e-01 0.000000000000000000e+00 0.000000000000000000e+00 0.000000000000000000e+00 0.000000000000000000e+00 4.747377323778944613e-01 4.079817023831091016e-01 3.847703638601089882e-01 3.924662830303030647e-01 4.560237866184103095e-01 4.101311069980442259e-01 4.440113194444443856e-01 0.000000000000000000e+00 5.185274416203921044e-01 4.976104305429919217e-01 0.000000000000000000e+00 4.902652665499130924e-01 0.000000000000000000e+00 4.272514311925614816e-01 0.000000000000000000e+00 4.148846583977197078e-01 0.000000000000000000e+00 4.081709687311281809e-01 0.000000000000000000e+00 0.000000000000000000e+00 4.452093034904092139e-01 4.149297595634072744e-01 4.629630754716981267e-01 3.999469215218293683e-01 0.000000000000000000e+00 3.761304042925635582e-01 0.000000000000000000e+00 4.128049564529249205e-01 4.308610225642733882e-01 3.207346612125696050e-01 4.502317831256004155e-01 4.120311168074672348e-01 4.457892896685320405e-01 3.997668955962686566e-01 0.000000000000000000e+00 3.972255369648421963e-01 0.000000000000000000e+00 4.094139745741605663e-01 4.354641037321029251e-01 4.174147836804177891e-01 4.583130943551939618e-01 3.599986006367819069e-01 4.798626230682168647e-01 4.087310896027819274e-01 4.531687328190899255e-01 4.149812811581349847e-01 0.000000000000000000e+00 3.904530386929043195e-01 4.564014732063306767e-01 4.109517915379833908e-01 0.000000000000000000e+00 4.104198933150183248e-01 0.000000000000000000e+00 4.366503149566142161e-01 0.000000000000000000e+00 0.000000000000000000e+00 4.479855220782464897e-01 4.448311474429661461e-01 0.000000000000000000e+00 0.000000000000000000e+00 0.000000000000000000e+00 4.448569674355172254e-01 4.262693664596273191e-01 4.269625750352857296e-01 0.000000000000000000e+00 4.056979131778057912e-01 4.535479917448274056e-01 4.528267558139536519e-01 0.000000000000000000e+00 0.000000000000000000e+00 0.000000000000000000e+00 0.000000000000000000e+00 0.000000000000000000e+00 0.000000000000000000e+00 0.000000000000000000e+00 4.302305022079638275e-01 0.000000000000000000e+00 4.262514490462708250e-01 4.468977410714286003e-01 4.351440455439056221e-01 0.000000000000000000e+00 3.658109963414634125e-01 4.701128034188034044e-01 0.000000000000000000e+00 0.000000000000000000e+00 0.000000000000000000e+00 0.000000000000000000e+00 0.000000000000000000e+00
3.870870133209440844e-01 4.616079499995346946e-01 2.644547584848112032e-01 4.290025282880086666e-01 1.958019882262656552e-01 3.934773214263023178e-01 2.906452570546970704e-01 4.198530946609148051e-01 2.981882356264375367e-01 4.216753048533711801e-01 3.866170046374066138e-01 4.243657954850105218e-01 3.632718948441864826e-01 4.040358327762227364e-01 3.305681712450501131e-01 4.070739160981821092e-01 3.912598744965852804e-01 4.640341242067269611e-01 2.954898459453078607e-01 4.709219914211993374e-01 0.000000000000000000e+00 0.000000000000000000e+00 2.629595592115422931e-01 4.242460887847012141e-01 2.483930733363113041e-01 4.205445342411938126e-01 3.536444069767441523e-01 4.520239870129870163e-01 3.754406666899437472e-01 4.116788161814189939e-01 3.592883736722529142e-01 4.220807029567785751e-01 4.030065428030301655e-01 4.512365120233112759e-01 4.178229097929156977e-01 0.000000000000000000e+00 4.359636733415516163e-01 0.000000000000000000e+00 4.393676376811594397e-01 0.000000000000000000e+00 4.467363090909090007e-01 0.000000000000000000e+00 3.706202914251208180e-01 0.000000000000000000e+00 3.998143910028038039e-01 0.000000000000000000e+00 0.000000000000000000e+00 0.000000000000000000e+00 4.056357214397001698e-01 5.148417529411765114e-01 3.843013811671531221e-01 0.000000000000000000e+00 0.000000000000000000e+00 0.000000000000000000e+00 3.856280596800656379e-01 0.000000000000000000e+00 3.913556996832355805e-01 4.573674222222222641e-01 4.230165421601991826e-01 0.000000000000000000e+00 3.793093532637466514e-01 0.000000000000000000e+00 3.839292653145083278e-01 0.000000000000000000e+00 3.801321680751619247e-01 0.000000000000000000e+00 4.241199931452946936e-01 4.296699780198361407e-01 3.876965160947377642e-01 0.000000000000000000e+00 3.768791693096800177e-01 4.124726153185565569e-01 3.939986639381550804e-01 4.420615984717259361e-01 3.738624165352779083e-01 0.000000000000000000e+00 4.141326303409470500e-01 4.317764357316861701e-01 0.000000000000000000e+00 0.000000000000000000e+00 4.003021412829518288e-01 0.000000000000000000e+00 0.000000000000000000e+00 0.000000000000000000e+00 3.925470165004320000e-01 0.000000000000000000e+00 0.000000000000000000e+00 0.000000000000000000e+00 4.090707596852088401e-01 0.000000000000000000e+00 3.988403470675630502e-01 4.127662334879354522e-01 0.000000000000000000e+00 4.103882369952753795e-01 4.290899175384235709e-01 3.837503370786517487e-01 4.474964358296769640e-01 0.000000000000000000e+00 0.000000000000000000e+00 4.111073523604980573e-01 0.000000000000000000e+00 4.430975149253731371e-01 4.005243040109958130e-01 4.409715116768124776e-01 0.000000000000000000e+00 0.000000000000000000e+00 0.000000000000000000e+00 0.000000000000000000e+00 0.000000000000000000e+00 0.000000000000000000e+00 0.000000000000000000e+00 0.000000000000000000e+00 0.000000000000000000e+00 0.000000000000000000e+00 0.000000000000000000e+00 0.000000000000000000e+00
4.588668556689744493e-01 3.183838805204071143e-01 4.290025282880086666e-01 2.443648555908874143e-01 3.996221761576890241e-01 2.159476386436943174e-01 4.258771527509326860e-01 2.940521131832897761e-01 4.217178592987805286e-01 2.368591234854277028e-01 4.331675489947799385e-01 3.837281739852784757e-01 4.221885031807250388e-01 3.624112914743110037e-01 4.086957858586266479e-01 3.314668588669621441e-01 4.509010921210373501e-01 4.251598047499330901e-01 4.695433158087312098e-01 3.079061944571051535e-01 0.000000000000000000e+00 0.000000000000000000e+00 4.154230739607098211e-01 2.264663645554013671e-01 3.865460224806201439e-01 2.142621539520732088e-01 0.000000000000000000e+00 2.478035432390918447e-01 4.305864868171921378e-01 3.790589733675757689e-01 3.992978592773092084e-01 3.543312583320136766e-01 4.607657434918083772e-01 3.808606069824906903e-01 0.000000000000000000e+00 4.822257744190440176e-01 0.000000000000000000e+00 4.597441242211716683e-01 0.000000000000000000e+00 4.644287310686738279e-01 0.000000000000000000e+00 4.387828149963312607e-01 0.000000000000000000e+00 4.101234407694112072e-01 0.000000000000000000e+00 4.070628749296806292e-01 0.000000000000000000e+00 0.000000000000000000e+00 4.659446896551724393e-01 4.088645259798363574e-01 0.000000000000000000e+00 3.878691482017042613e-01 0.000000000000000000e+00 0.000000000000000000e+00 0.000000000000000000e+00 0.000000000000000000e+00 4.630275173337541905e-01 4.252466899152512192e-01 0.000000000000000000e+00 4.291346474005826583e-01 0.000000000000000000e+00 4.152471669314955482e-01 4.063737196969696708e-01 3.991404182226454544e-01 0.000000000000000000e+00 3.752496980787730640e-01 4.485815396825396650e-01 4.291937745034670737e-01 0.000000000000000000e+00 4.292235121585310509e-01 4.095633810423754961e-01 3.755337801326600333e-01 4.488353404294733728e-01 4.053355112521599413e-01 0.000000000000000000e+00 3.591616541594004897e-01 4.552162468910803672e-01 4.171271963176940711e-01 0.000000000000000000e+00 0.000000000000000000e+00 0.000000000000000000e+00 4.114735419382057890e-01 0.000000000000000000e+00 0.000000000000000000e+00 0.000000000000000000e+00 4.270115132913225864e-01 0.000000000000000000e+00 0.000000000000000000e+00 0.000000000000000000e+00 4.328347712420597126e-01 0.000000000000000000e+00 0.000000000000000000e+00 0.000000000000000000e+00 0.000000000000000000e+00 4.611358946880421139e-01 4.200072127659573717e-01 0.000000000000000000e+00 0.000000000000000000e+00 0.000000000000000000e+00 0.000000000000000000e+00 0.000000000000000000e+00 4.844828175182481211e-01 4.231885431202600523e-01 4.473457636363636358e-01 4.172692782608695139e-01 4.520958735159140707e-01 0.000000000000000000e+00 0.000000000000000000e+00 0.000000000000000000e+00 0.000000000000000000e+00 0.000000000000000000e+00 0.000000000000000000e+00 0.000000000000000000e+00 0.000000000000000000e+00 0.000000000000000000e+00 0.000000000000000000e+00
3.603773529220779537e-01 0.000000000000000000e+00 1.958019882262656552e-01 3.996221761576890241e-01 1.835289819427862457e-01 4.105828212422985568e-01 3.049473311541254783e-01 3.764708167811569028e-01 1.976436254711503304e-01 4.093854885930127696e-01 3.633645638366718167e-01 0.000000000000000000e+00 3.185600788009448903e-01 4.020725458333333502e-01 2.638102362934042766e-01 3.963751525409281440e-01 3.386417224550375416e-01 0.000000000000000000e+00 3.641092633360587527e-01 4.225784039797008118e-01 2.292296208180708561e-01 0.000000000000000000e+00 1.609320984307350821e-01 3.985700730658854885e-01 1.928694023788120882e-01 4.030926805330981022e-01 2.551995504792711755e-01 4.097458301400402902e-01 3.484024849205886176e-01 0.000000000000000000e+00 1.768253046705980380e-01 3.991220867957818164e-01 3.550417586206897069e-01 0.000000000000000000e+00 0.000000000000000000e+00 0.000000000000000000e+00 3.612924000000000690e-01 0.000000000000000000e+00 0.000000000000000000e+00 0.000000000000000000e+00 0.000000000000000000e+00 0.000000000000000000e+00 4.280717692307692279e-01 0.000000000000000000e+00 0.000000000000000000e+00 0.000000000000000000e+00 0.000000000000000000e+00 0.000000000000000000e+00 4.609711993006992969e-01 0.000000000000000000e+00 4.264524705016515815e-01 0.000000000000000000e+00 0.000000000000000000e+00 0.000000000000000000e+00 0.000000000000000000e+00 0.000000000000000000e+00 3.892176133362841295e-01 0.000000000000000000e+00 0.000000000000000000e+00 0.000000000000000000e+00 4.149558387096775047e-01 0.000000000000000000e+00 3.528987857142856788e-01 0.000000000000000000e+00 0.000000000000000000e+00 0.000000000000000000e+00 0.000000000000000000e+00 0.000000000000000000e+00 0.000000000000000000e+00 0.000000000000000000e+00 3.083607656030551980e-01 3.650614643812709614e-01 3.522725429256743368e-01 4.163679673684210769e-01 3.353690982262373388e-01 0.000000000000000000e+00 3.793016426902096616e-01 0.000000000000000000e+00 0.000000000000000000e+00 0.000000000000000000e+00 4.141298589446920086e-01 0.000000000000000000e+00 4.062614868421052239e-01 0.000000000000000000e+00 4.269997271210546619e-01 0.000000000000000000e+00 3.902198357805907181e-01 0.000000000000000000e+00 4.037172968986204591e-01 0.000000000000000000e+00 0.000000000000000000e+00 0.000000000000000000e+00 0.000000000000000000e+00 0.000000000000000000e+00 3.858878333333332633e-01 0.000000000000000000e+00 0.000000000000000000e+00 0.000000000000000000e+00 0.000000000000000000e+00 0.000000000000000000e+00 0.000000000000000000e+00 0.000000000000000000e+00 3.709908648854962077e-01 3.712862003600428951e-01 0.000000000000000000e+00 0.000000000000000000e+00 0.000000000000000000e+00 0.000000000000000000e+00 0.000000000000000000e+00 0.000000000000000000e+00 0.000000000000000000e+00 0.000000000000000000e+00 0.000000000000000000e+00 0.000000000000000000e+00 0.000000000000000000e+00 0.000000000000000000e+00
0.000000000000000000e+00 3.363677930555555307e-01 3.934773214263023178e-01 2.159476386436943174e-01 4.105828212422985568e-01 1.954619968011502562e-01 4.150349289877031111e-01 2.171557853632708479e-01 4.164169687976220224e-01 1.949983232855162507e-01 0.000000000000000000e+00 3.541471702127659271e-01 4.143233087500000633e-01 3.089625785106753231e-01 0.000000000000000000e+00 2.875823733457869014e-01 0.000000000000000000e+00 0.000000000000000000e+00 0.000000000000000000e+00 3.719617689851698050e-01 3.503801467705361383e-01 3.619723999999999720e-01 4.057319936247741898e-01 2.205619530505544823e-01 4.023869696325666490e-01 1.732770747191450522e-01 4.055854771486059329e-01 2.370112118782344290e-01 0.000000000000000000e+00 3.339188446024295431e-01 3.975611485227260045e-01 3.401765087411155464e-01 0.000000000000000000e+00 3.883325185455484552e-01 0.000000000000000000e+00 0.000000000000000000e+00 0.000000000000000000e+00 4.537319218181817826e-01 0.000000000000000000e+00 4.332640281690141038e-01 0.000000000000000000e+00 0.000000000000000000e+00 0.000000000000000000e+00 0.000000000000000000e+00 0.000000000000000000e+00 4.653602627737226105e-01 0.000000000000000000e+00 0.000000000000000000e+00 0.000000000000000000e+00 0.000000000000000000e+00 0.000000000000000000e+00 0.000000000000000000e+00 0.000000000000000000e+00 0.000000000000000000e+00 0.000000000000000000e+00 4.672327728155338811e-01 0.000000000000000000e+00 0.000000000000000000e+00 0.000000000000000000e+00 4.643672704918032634e-01 0.000000000000000000e+00 0.000000000000000000e+00 0.000000000000000000e+00 0.000000000000000000e+00 0.000000000000000000e+00 0.000000000000000000e+00 0.000000000000000000e+00 0.000000000000000000e+00 0.000000000000000000e+00 0.000000000000000000e+00 4.315649878048780086e-01 3.114690276796427959e-01 0.000000000000000000e+00 3.358793936741480413e-01 0.000000000000000000e+00 3.259822320702113752e-01 0.000000000000000000e+00 3.564238573225178008e-01 0.000000000000000000e+00 0.000000000000000000e+00 0.000000000000000000e+00 4.165758008145497016e-01 0.000000000000000000e+00 0.000000000000000000e+00 0.000000000000000000e+00 4.223247389259647822e-01 0.000000000000000000e+00 0.000000000000000000e+00 0.000000000000000000e+00 4.559437169326728823e-01 3.555490583333333343e-01 0.000000000000000000e+00 0.000000000000000000e+00 0.000000000000000000e+00 3.681687383684393855e-01 0.000000000000000000e+00 0.000000000000000000e+00 0.000000000000000000e+00 0.000000000000000000e+00 0.000000000000000000e+00 0.000000000000000000e+00 0.000000000000000000e+00 0.000000000000000000e+00 3.680799914529913619e-01 0.000000000000000000e+00 0.000000000000000000e+00 0.000000000000000000e+00 0.000000000000000000e+00 0.000000000000000000e+00 0.000000000000000000e+00 0.000000000000000000e+00 0.000000000000000000e+00 0.000000000000000000e+00 0.000000000000000000e+00 0.000000000000000000e+00 0.000000000000000000e+00
2.990146853132510940e-01 4.484322734769873309e-01 2.906452570546970704e-01 4.258771527509326860e-01 3.049473311541254783e-01 4.150349289877031111e-01 2.767052757605120150e-01 4.135887887047302036e-01 2.688659320197251401e-01 4.039408612237724294e-01 3.308794717424780596e-01 4.177047661181427229e-01 3.031569461433097912e-01 4.009832192028908726e-01 3.252280493124639071e-01 4.078678094897879580e-01 3.841820186626098699e-01 4.403742810720702172e-01 3.902198244340702171e-01 4.582665715749671409e-01 0.000000000000000000e+00 0.000000000000000000e+00 3.742231175710206137e-01 4.205943649862719513e-01 3.232228126089025655e-01 3.954442407725067832e-01 0.000000000000000000e+00 0.000000000000000000e+00 3.629927476642760276e-01 4.259767276837345129e-01 3.581301104360771759e-01 4.188775373391953605e-01 3.775146921467142924e-01 4.396986286903724062e-01 0.000000000000000000e+00 0.000000000000000000e+00 4.409292985008625987e-01 4.199219663865546570e-01 0.000000000000000000e+00 0.000000000000000000e+00 0.000000000000000000e+00 0.000000000000000000e+00 3.588852148148148347e-01 0.000000000000000000e+00 3.634754818337089244e-01 4.249242123287671480e-01 4.368616696428571089e-01 0.000000000000000000e+00 3.841237240641530715e-01 0.000000000000000000e+00 3.855799307924226982e-01 4.219241343283582357e-01 0.000000000000000000e+00 0.000000000000000000e+00 4.366226633663367052e-01 0.000000000000000000e+00 3.905905415657949242e-01 0.000000000000000000e+00 4.003988086199024021e-01 0.000000000000000000e+00 3.955773589793182277e-01 0.000000000000000000e+00 3.840545717163755812e-01 0.000000000000000000e+00 3.948483499332999802e-01 0.000000000000000000e+00 4.076971359733415623e-01 0.000000000000000000e+00 3.998094024390244083e-01 0.000000000000000000e+00 3.484992066719392323e-01 4.328237714988600326e-01 3.846439578941664994e-01 4.357546044721393175e-01 3.710799213260762008e-01 0.000000000000000000e+00 4.087105423229038248e-01 4.336463165730683467e-01 0.000000000000000000e+00 0.000000000000000000e+00 3.846763579019689683e-01 0.000000000000000000e+00 0.000000000000000000e+00 0.000000000000000000e+00 4.026218686009641612e-01 0.000000000000000000e+00 0.000000000000000000e+00 0.000000000000000000e+00 4.015389348394114433e-01 0.000000000000000000e+00 0.000000000000000000e+00 0.000000000000000000e+00 3.754485984251967889e-01 0.000000000000000000e+00 4.159465222532869322e-01 0.000000000000000000e+00 0.000000000000000000e+00 0.000000000000000000e+00 0.000000000000000000e+00 0.000000000000000000e+00 0.000000000000000000e+00 0.000000000000000000e+00 4.306305105263157351e-01 0.000000000000000000e+00 0.000000000000000000e+00 0.000000000000000000e+00 0.000000000000000000e+00 0.000000000000000000e+00 0.000000000000000000e+00 0.000000000000000000e+00 0.000000000000000000e+00 0.000000000000000000e+00 0.000000000000000000e+00 0.000000000000000000e+00 0.000000000000000000e+00 0.000000000000000000e+00
4.487472261210747604e-01 3.327025138901907875e-01 4.198530946609148051e-01 2.940521131832897761e-01 3.764708167811569028e-01 2.171557853632708479e-01 4.135887887047302036e-01 2.717725391032140281e-01 3.974953273026315959e-01 2.442742126373361744e-01 4.265274789036694880e-01 3.163309525443716019e-01 4.048591352848374125e-01 2.651498107811994798e-01 4.053652310633360512e-01 3.036377589725162141e-01 4.353169345216450492e-01 4.040571119628885710e-01 4.475851814092209890e-01 3.951909643748595102e-01 0.000000000000000000e+00 0.000000000000000000e+00 4.127333131321090365e-01 3.466110395018304757e-01 0.000000000000000000e+00 2.791282202054596318e-01 0.000000000000000000e+00 2.313828474031502935e-01 4.141174467927064007e-01 3.615284186158080337e-01 3.920709693230478576e-01 3.553690074808048549e-01 4.470852159622849542e-01 3.587907880101923741e-01 0.000000000000000000e+00 4.257510633843398784e-01 4.945674925661456278e-01 4.485386515779382077e-01 0.000000000000000000e+00 4.182443936636611737e-01 0.000000000000000000e+00 4.781331555346025608e-01 0.000000000000000000e+00 3.868159058623862889e-01 4.134038999999999908e-01 3.747545936975678615e-01 0.000000000000000000e+00 3.640907586206896251e-01 0.000000000000000000e+00 3.810733768245767594e-01 4.108625109489050797e-01 3.794417666391111665e-01 0.000000000000000000e+00 3.740887830188679986e-01 0.000000000000000000e+00 3.673293999999999171e-01 4.426813981652790719e-01 3.911220501237905878e-01 4.980576153846154042e-01 3.868235291713530977e-01 0.000000000000000000e+00 3.886424449407668291e-01 0.000000000000000000e+00 3.772033506699200567e-01 0.000000000000000000e+00 3.854028613015265115e-01 4.237268896109412375e-01 3.902405096385920813e-01 4.811359647058823796e-01 0.000000000000000000e+00 4.194991743842893528e-01 3.315760025489338236e-01 4.323639196977498989e-01 3.885369721260685250e-01 0.000000000000000000e+00 3.568626818346253282e-01 4.382590931340613061e-01 4.017649245918558099e-01 0.000000000000000000e+00 0.000000000000000000e+00 0.000000000000000000e+00 4.089623984368177534e-01 0.000000000000000000e+00 0.000000000000000000e+00 0.000000000000000000e+00 4.166354344269465604e-01 0.000000000000000000e+00 4.286048242424242427e-01 0.000000000000000000e+00 4.121867398522057191e-01 0.000000000000000000e+00 4.098884500302846234e-01 0.000000000000000000e+00 0.000000000000000000e+00 4.311913152173912911e-01 4.098050465116279129e-01 0.000000000000000000e+00 0.000000000000000000e+00 0.000000000000000000e+00 0.000000000000000000e+00 0.000000000000000000e+00 0.000000000000000000e+00 4.521527654761904880e-01 0.000000000000000000e+00 0.000000000000000000e+00 0.000000000000000000e+00 4.354198333333333948e-01 0.000000000000000000e+00 0.000000000000000000e+00 0.000000000000000000e+00 0.000000000000000000e+00 0.000000000000000000e+00 0.000000000000000000e+00 0.000000000000000000e+00 0.000000000000000000e+00 0.000000000000000000e+00
4.031087171256690915e-01 0.000000000000000000e+00 2.981882356264375367e-01 4.217178592987805286e-01 1.976436254711503304e-01 4.164169687976220224e-01 2.688659320197251401e-01 3.974953273026315959e-01 2.015009347777027005e-01 4.109388920325203198e-01 3.725477810707176207e-01 0.000000000000000000e+00 3.092535755031836087e-01 4.077813417721518618e-01 2.348953576552807176e-01 3.940684811598788029e-01 0.000000000000000000e+00 0.000000000000000000e+00 4.008439460664848242e-01 4.459319652475407514e-01 0.000000000000000000e+00 0.000000000000000000e+00 3.122900384203214919e-01 4.088672471336798897e-01 2.939247419354838464e-01 4.114921419608009723e-01 1.649988786802927543e-01 4.009938941176470761e-01 3.447192992159794911e-01 0.000000000000000000e+00 2.697432227493165580e-01 4.200634087727585508e-01 3.893640857142856571e-01 4.781747761194030666e-01 0.000000000000000000e+00 0.000000000000000000e+00 3.815363939393939252e-01 0.000000000000000000e+00 0.000000000000000000e+00 0.000000000000000000e+00 0.000000000000000000e+00 0.000000000000000000e+00 0.000000000000000000e+00 0.000000000000000000e+00 4.552714557823129282e-01 0.000000000000000000e+00 0.000000000000000000e+00 0.000000000000000000e+00 0.000000000000000000e+00 0.000000000000000000e+00 4.367602138985138827e-01 0.000000000000000000e+00 4.595469230769230196e-01 0.000000000000000000e+00 0.000000000000000000e+00 0.000000000000000000e+00 0.000000000000000000e+00 0.000000000000000000e+00 4.448250000000000259e-01 0.000000000000000000e+00 4.038166572007713118e-01 0.000000000000000000e+00 4.030987285226033667e-01 0.000000000000000000e+00 4.102995087719298328e-01 0.000000000000000000e+00 0.000000000000000000e+00 0.000000000000000000e+00 4.050781705426356738e-01 0.000000000000000000e+00 3.238738915870826851e-01 0.000000000000000000e+00 3.598890059143128872e-01 3.732396131101376469e-01 3.344774036440421594e-01 0.000000000000000000e+00 3.858832184625078932e-01 0.000000000000000000e+00 0.000000000000000000e+00 0.000000000000000000e+00 3.966561241992201947e-01 0.000000000000000000e+00 0.000000000000000000e+00 0.000000000000000000e+00 4.249353619196547527e-01 0.000000000000000000e+00 0.000000000000000000e+00 0.000000000000000000e+00 4.146435164162696196e-01 0.000000000000000000e+00 3.918530859375000119e-01 4.138034152542372501e-01 0.000000000000000000e+00 0.000000000000000000e+00 0.000000000000000000e+00 0.000000000000000000e+00 0.000000000000000000e+00 0.000000000000000000e+00 0.000000000000000000e+00 0.000000000000000000e+00 0.000000000000000000e+00 0.000000000000000000e+00 3.746576167691957338e-01 0.000000000000000000e+00 0.000000000000000000e+00 0.000000000000000000e+00 0.000000000000000000e+00 0.000000000000000000e+00 0.000000000000000000e+00 0.000000000000000000e+00 0.000000000000000000e+00 0.000000000000000000e+00 0.000000000000000000e+00 0.000000000000000000e+00 0.000000000000000000e+00 0.000000000000000000e+00
0.000000000000000000e+00 0.000000000000000000e+00 4.216753048533711801e-01 2.368591234854277028e-01 4.093854885930127696e-01 1.949983232855162507e-01 4.039408612237724294e-01 2.442742126373361744e-01 4.109388920325203198e-01 2.510958980378492633e-01 0.000000000000000000e+00 3.655657172258734433e-01 4.031850466823524437e-01 3.365369628378378497e-01 3.917365493506492768e-01 2.813626941656534042e-01 0.000000000000000000e+00 0.000000000000000000e+00 0.000000000000000000e+00 3.682065852929056748e-01 0.000000000000000000e+00 0.000000000000000000e+00 4.215479686549996607e-01 2.536974170184058686e-01 4.136196604397635035e-01 2.134631041983530153e-01 0.000000000000000000e+00 2.664003307255940478e-01 0.000000000000000000e+00 3.424123368755511709e-01 3.940556006304634096e-01 3.510141768038816390e-01 0.000000000000000000e+00 4.065606922915311894e-01 0.000000000000000000e+00 0.000000000000000000e+00 0.000000000000000000e+00 0.000000000000000000e+00 0.000000000000000000e+00 0.000000000000000000e+00 0.000000000000000000e+00 4.068946022727272793e-01 0.000000000000000000e+00 0.000000000000000000e+00 0.000000000000000000e+00 0.000000000000000000e+00 0.000000000000000000e+00 4.518967266666666927e-01 0.000000000000000000e+00 0.000000000000000000e+00 0.000000000000000000e+00 0.000000000000000000e+00 0.000000000000000000e+00 0.000000000000000000e+00 0.000000000000000000e+00 0.000000000000000000e+00 0.000000000000000000e+00 0.000000000000000000e+00 0.000000000000000000e+00 0.000000000000000000e+00 0.000000000000000000e+00 0.000000000000000000e+00 0.000000000000000000e+00 0.000000000000000000e+00 0.000000000000000000e+00 0.000000000000000000e+00 0.000000000000000000e+00 0.000000000000000000e+00 0.000000000000000000e+00 0.000000000000000000e+00 0.000000000000000000e+00 3.374987878870809310e-01 3.978746614042376617e-01 3.568250231220875257e-01 0.000000000000000000e+00 3.624851308163265506e-01 3.739171891891891475e-01 3.625024546149738236e-01 0.000000000000000000e+00 0.000000000000000000e+00 0.000000000000000000e+00 0.000000000000000000e+00 0.000000000000000000e+00 0.000000000000000000e+00 0.000000000000000000e+00 3.897642152342142841e-01 0.000000000000000000e+00 0.000000000000000000e+00 0.000000000000000000e+00 4.115581367637644039e-01 0.000000000000000000e+00 3.420902666666666425e-01 0.000000000000000000e+00 0.000000000000000000e+00 0.000000000000000000e+00 0.000000000000000000e+00 0.000000000000000000e+00 0.000000000000000000e+00 3.771384273504273521e-01 0.000000000000000000e+00 0.000000000000000000e+00 0.000000000000000000e+00 0.000000000000000000e+00 3.697566151041666860e-01 0.000000000000000000e+00 0.000000000000000000e+00 0.000000000000000000e+00 0.000000000000000000e+00 0.000000000000000000e+00 0.000000000000000000e+00 0.000000000000000000e+00 0.000000000000000000e+00 0.000000000000000000e+00 0.000000000000000000e+00 0.000000000000000000e+00 0.000000000000000000e+00
2.899504281464707622e-01 4.740801727272727084e-01 3.866170046374066138e-01 4.331675489947799385e-01 3.633645638366718167e-01 0.000000000000000000e+00 3.308794717424780596e-01 4.265274789036694880e-01 3.725477810707176207e-01 0.000000000000000000e+00 2.503451250743520262e-01 4.143780979263384512e-01 3.036002206053850516e-01 4.061072251940603395e-01 3.609703485487476549e-01 3.846396509433963051e-01 3.190844287541517721e-01 4.494919052852213159e-01 4.052033017887086142e-01 4.605875292365115836e-01 0.000000000000000000e+00 0.000000000000000000e+00 3.782541721663567058e-01 4.266174489086718702e-01 3.869153214285714348e-01 0.000000000000000000e+00 0.000000000000000000e+00 0.000000000000000000e+00 3.168205275780323626e-01 4.408556590909090689e-01 3.785612868291818311e-01 4.146427077871382982e-01 3.946483993592300177e-01 4.243132177233989721e-01 4.531114027137184697e-01 0.000000000000000000e+00 0.000000000000000000e+00 4.455416826923076501e-01 4.370262116788320994e-01 0.000000000000000000e+00 0.000000000000000000e+00 0.000000000000000000e+00 0.000000000000000000e+00 0.000000000000000000e+00 3.764456788321168257e-01 0.000000000000000000e+00 0.000000000000000000e+00 0.000000000000000000e+00 3.524787863324175818e-01 0.000000000000000000e+00 4.220426972891965223e-01 0.000000000000000000e+00 0.000000000000000000e+00 0.000000000000000000e+00 0.000000000000000000e+00 0.000000000000000000e+00 3.921491848866656693e-01 0.000000000000000000e+00 4.440836043113361442e-01 0.000000000000000000e+00 4.267087100840014080e-01 0.000000000000000000e+00 4.140757905034552211e-01 0.000000000000000000e+00 4.243982846247384422e-01 0.000000000000000000e+00 4.240781049589403828e-01 4.368474000000000523e-01 4.234275253603104749e-01 0.000000000000000000e+00 4.068417287774724889e-01 4.242725147417840681e-01 3.942179404264078979e-01 4.330151175614784798e-01 0.000000000000000000e+00 0.000000000000000000e+00 4.218856681255926944e-01 4.379274132705501255e-01 0.000000000000000000e+00 0.000000000000000000e+00 4.009097009077155493e-01 0.000000000000000000e+00 0.000000000000000000e+00 0.000000000000000000e+00 4.236940810875650665e-01 0.000000000000000000e+00 0.000000000000000000e+00 0.000000000000000000e+00 4.363826950648146408e-01 4.624218941176470032e-01 0.000000000000000000e+00 0.000000000000000000e+00 0.000000000000000000e+00 0.000000000000000000e+00 0.000000000000000000e+00 0.000000000000000000e+00 0.000000000000000000e+00 0.000000000000000000e+00 0.000000000000000000e+00 0.000000000000000000e+00 0.000000000000000000e+00 0.000000000000000000e+00 0.000000000000000000e+00 4.740024294117646808e-01 0.000000000000000000e+00 0.000000000000000000e+00 0.000000000000000000e+00 0.000000000000000000e+00 0.000000000000000000e+00 0.000000000000000000e+00 0.000000000000000000e+00 0.000000000000000000e+00 0.000000000000000000e+00 0.000000000000000000e+00 0.000000000000000000e+00 0.000000000000000000e+00
4.219304300232287752e-01 3.022949252643595264e-01 4.243657954850105218e-01 3.837281739852784757e-01 0.000000000000000000e+00 3.541471702127659271e-01 4.177047661181427229e-01 3.163309525443716019e-01 0.000000000000000000e+00 3.655657172258734433e-01 4.143780979263384512e-01 2.588018078370998287e-01 4.026645846697142206e-01 2.918490316442748367e-01 0.000000000000000000e+00 3.553671778085819577e-01 4.026018705882353221e-01 3.395341448755751501e-01 4.352199746772059119e-01 3.999889485782924248e-01 0.000000000000000000e+00 0.000000000000000000e+00 4.147636762033742319e-01 3.746946523607151969e-01 0.000000000000000000e+00 0.000000000000000000e+00 0.000000000000000000e+00 0.000000000000000000e+00 3.995884399999999892e-01 3.481997318096554661e-01 3.855737338686004989e-01 3.671618459652630784e-01 4.022536658390027942e-01 3.571917492824924767e-01 0.000000000000000000e+00 4.253178329352633180e-01 4.254939270833333342e-01 4.539515369456673111e-01 0.000000000000000000e+00 0.000000000000000000e+00 0.000000000000000000e+00 0.000000000000000000e+00 0.000000000000000000e+00 4.387961844660194788e-01 0.000000000000000000e+00 3.444602894736842336e-01 0.000000000000000000e+00 0.000000000000000000e+00 0.000000000000000000e+00 3.964058206096203740e-01 4.448157283950617269e-01 3.764674052716442398e-01 0.000000000000000000e+00 0.000000000000000000e+00 0.000000000000000000e+00 4.582591834862385638e-01 0.000000000000000000e+00 3.985108170465548327e-01 0.000000000000000000e+00 3.739256722689075496e-01 0.000000000000000000e+00 4.087242700292405551e-01 0.000000000000000000e+00 4.079753322074426425e-01 0.000000000000000000e+00 4.181010577870754030e-01 0.000000000000000000e+00 3.997132730344531426e-01 0.000000000000000000e+00 0.000000000000000000e+00 4.081851599999999913e-01 3.619333799115004302e-01 4.244390426359312962e-01 4.094190426410603267e-01 0.000000000000000000e+00 0.000000000000000000e+00 4.284227728052816819e-01 4.097234269063685375e-01 0.000000000000000000e+00 0.000000000000000000e+00 0.000000000000000000e+00 4.396352093313506959e-01 0.000000000000000000e+00 0.000000000000000000e+00 0.000000000000000000e+00 4.501010814055674825e-01 0.000000000000000000e+00 0.000000000000000000e+00 0.000000000000000000e+00 4.541193147482553427e-01 0.000000000000000000e+00 0.000000000000000000e+00 0.000000000000000000e+00 0.000000000000000000e+00 0.000000000000000000e+00 0.000000000000000000e+00 0.000000000000000000e+00 0.000000000000000000e+00 0.000000000000000000e+00 0.000000000000000000e+00 0.000000000000000000e+00 0.000000000000000000e+00 3.935820308641975185e-01 0.000000000000000000e+00 0.000000000000000000e+00 0.000000000000000000e+00 0.000000000000000000e+00 0.000000000000000000e+00 0.000000000000000000e+00 0.000000000000000000e+00 0.000000000000000000e+00 0.000000000000000000e+00 0.000000000000000000e+00 0.000000000000000000e+00 0.000000000000000000e+00 0.000000000000000000e+00
3.748020131277574607e-01 4.616541745752427151e-01 3.632718948441864826e-01 4.221885031807250388e-01 3.185600788009448903e-01 4.143233087500000633e-01 3.031569461433097912e-01 4.048591352848374125e-01 3.092535755031836087e-01 4.031850466823524437e-01 3.036002206053850516e-01 4.026645846697142206e-01 2.765715911136034100e-01 3.999969391518353734e-01 2.799837736664718135e-01 4.029303691369874874e-01 3.915565704933096636e-01 0.000000000000000000e+00 4.128985970805102435e-01 4.553366961441582816e-01 0.000000000000000000e+00 0.000000000000000000e+00 3.762907025388541049e-01 4.239867168515285556e-01 3.249513386904762102e-01 4.205272415458937707e-01 0.000000000000000000e+00 0.000000000000000000e+00 3.241098769667753454e-01 0.000000000000000000e+00 3.625217530151951806e-01 4.252900334654324266e-01 3.934815257834087254e-01 3.976053900000000030e-01 4.458104377125850504e-01 0.000000000000000000e+00 0.000000000000000000e+00 4.997791047619046800e-01 0.000000000000000000e+00 0.000000000000000000e+00 0.000000000000000000e+00 0.000000000000000000e+00 0.000000000000000000e+00 0.000000000000000000e+00 0.000000000000000000e+00 0.000000000000000000e+00 0.000000000000000000e+00 0.000000000000000000e+00 4.142553200000000380e-01 0.000000000000000000e+00 4.045597899475174564e-01 4.158506477272727597e-01 0.000000000000000000e+00 0.000000000000000000e+00 4.513283135593220141e-01 0.000000000000000000e+00 4.121764581241141312e-01 0.000000000000000000e+00 4.344388986435725464e-01 0.000000000000000000e+00 4.298149493477720906e-01 0.000000000000000000e+00 4.147357545503623233e-01 0.000000000000000000e+00 4.222849139492896864e-01 0.000000000000000000e+00 4.176916541275685901e-01 4.398247309941520911e-01 4.090693332869328458e-01 0.000000000000000000e+00 3.501427727998913109e-01 4.200136363231082859e-01 3.979112261006663709e-01 4.245049164034835898e-01 0.000000000000000000e+00 0.000000000000000000e+00 4.151137136846709264e-01 0.000000000000000000e+00 0.000000000000000000e+00 0.000000000000000000e+00 4.089121691043983708e-01 0.000000000000000000e+00 4.126579886363636041e-01 0.000000000000000000e+00 4.228632027387658199e-01 4.441794066666667207e-01 0.000000000000000000e+00 0.000000000000000000e+00 4.374169393988330268e-01 0.000000000000000000e+00 0.000000000000000000e+00 0.000000000000000000e+00 0.000000000000000000e+00 0.000000000000000000e+00 3.862197073170731132e-01 0.000000000000000000e+00 0.000000000000000000e+00 0.000000000000000000e+00 0.000000000000000000e+00 0.000000000000000000e+00 0.000000000000000000e+00 0.000000000000000000e+00 0.000000000000000000e+00 0.000000000000000000e+00 0.000000000000000000e+00 0.000000000000000000e+00 0.000000000000000000e+00 0.000000000000000000e+00 0.000000000000000000e+00 0.000000000000000000e+00 0.000000000000000000e+00 0.000000000000000000e+00 0.000000000000000000e+00 0.000000000000000000e+00 0.000000000000000000e+00 0.000000000000000000e+00
