0.000000000000000000e+00 2.463287541449549894e-02 4.098820887142055197e-02 4.270820248712473184e-03 4.875670404680643405e-04 0.000000000000000000e+00 1.086322543015456332e-01 2.981591910811511731e-03 1.649620587264929040e-03 0.000000000000000000e+00 2.309753483386923767e-01 5.249343832020997302e-04 2.342834830144474925e-02 2.256317689530686001e-04 5.997001499250374399e-04 0.000000000000000000e+00 1.259484066767830035e-01 5.826983415508740251e-03 7.461999078765545190e-02 3.008649868371568101e-02 0.000000000000000000e+00 0.000000000000000000e+00 2.202319776831595903e-03 0.000000000000000000e+00 6.944444444444444709e-04 0.000000000000000000e+00 0.000000000000000000e+00 0.000000000000000000e+00 4.193643319599764385e-02 1.748931208705790941e-03 1.583710407239819016e-03 0.000000000000000000e+00 5.748031496062992046e-02 1.168155492294100338e-02 4.135649296939619517e-04 4.401408450704225451e-04 4.993000466635557494e-02 2.893890675241157350e-03 5.096839959225280730e-04 6.561679790026246628e-04 1.587301587301587213e-02 0.000000000000000000e+00 4.235493434985175597e-04 0.000000000000000000e+00 2.179327521793275255e-03 0.000000000000000000e+00 0.000000000000000000e+00 0.000000000000000000e+00 4.712041884816753866e-03 8.237232289950576175e-05 1.367071410376156926e-02 0.000000000000000000e+00 0.000000000000000000e+00 0.000000000000000000e+00 1.552356759808072324e-03 0.000000000000000000e+00 1.958856726743127552e-01 3.036967221698607181e-03 3.012048192771084321e-02 2.995805871779508756e-04 6.890756302521008902e-02 0.000000000000000000e+00 1.145871225900327306e-02 0.000000000000000000e+00 3.978915150484611807e-02 0.000000000000000000e+00 1.002386634844868764e-02 0.000000000000000000e+00 9.811781108400138840e-02 4.566210045662100203e-03 3.221690590111642855e-02 2.151605428666004613e-03 4.632867132867132809e-02 5.586592178770949900e-03 7.483629560336763423e-03 0.000000000000000000e+00 5.229479258605472525e-02 5.994433740098480297e-03 0.000000000000000000e+00 0.000000000000000000e+00 5.327019828351583185e-03 0.000000000000000000e+00 0.000000000000000000e+00 0.000000000000000000e+00 2.085601809196750006e-02 0.000000000000000000e+00 1.434720229555236804e-03 0.000000000000000000e+00 5.274261603375527199e-03 1.382552191345223194e-04 3.439052350019105881e-03 6.939625260235946988e-04 0.000000000000000000e+00 1.041666666666666652e-03 6.250000000000000000e-02 0.000000000000000000e+00 2.040816326530612429e-03 2.724795640326975379e-03 2.751031636863823966e-03 8.219178082191780019e-03 0.000000000000000000e+00 0.000000000000000000e+00 3.861003861003861094e-03 7.270083605961468170e-04 1.635322976287816900e-03 0.000000000000000000e+00 0.000000000000000000e+00 0.000000000000000000e+00 0.000000000000000000e+00 0.000000000000000000e+00 0.000000000000000000e+00 0.000000000000000000e+00 0.000000000000000000e+00 0.000000000000000000e+00 0.000000000000000000e+00 0.000000000000000000e+00
2.463287541449549894e-02 0.000000000000000000e+00 1.029384241063073090e-03 4.924004522044968940e-02 0.000000000000000000e+00 3.584229390681003581e-04 7.290755322251385624e-04 1.200414830178895553e-01 0.000000000000000000e+00 0.000000000000000000e+00 2.679528403001071781e-04 1.317585301837270462e-01 3.904724716907458136e-04 2.617328519855595739e-02 0.000000000000000000e+00 2.671415850400712423e-03 1.517450682852807334e-03 7.709547288211564264e-02 2.141870105941962379e-02 1.056788266265513282e-01 0.000000000000000000e+00 0.000000000000000000e+00 1.468213184554397214e-04 2.721373246807619935e-03 0.000000000000000000e+00 0.000000000000000000e+00 0.000000000000000000e+00 0.000000000000000000e+00 1.030017657445556154e-03 3.905946366109599999e-02 9.049773755656108972e-04 3.591954022988505697e-04 2.236220472440944920e-02 4.103268872091881542e-02 4.135649296939619517e-04 0.000000000000000000e+00 2.333177788147456667e-03 7.459807073954984047e-02 0.000000000000000000e+00 1.246719160104986859e-02 0.000000000000000000e+00 6.569343065693430961e-02 0.000000000000000000e+00 3.028467595396729171e-04 0.000000000000000000e+00 3.966942148760330654e-03 0.000000000000000000e+00 0.000000000000000000e+00 2.617801047120419116e-04 1.828665568369028036e-02 8.491126772522713379e-05 3.266262403528114727e-02 0.000000000000000000e+00 7.627765064836003429e-04 0.000000000000000000e+00 1.836547291092745617e-03 2.548698343346076679e-03 3.250602157293957517e-01 3.845167905665214294e-04 7.699221090473337692e-02 2.400960384153661570e-04 4.588000613779346509e-02 0.000000000000000000e+00 2.426861702127659434e-02 0.000000000000000000e+00 2.783023556306530102e-02 5.727923627684963683e-04 3.519199924521181078e-02 2.683861972812826707e-02 4.748858447488584628e-02 2.870813397129186578e-03 3.955643826547500935e-02 2.272727272727272617e-03 7.684667908131595504e-02 0.000000000000000000e+00 8.849557522123893682e-03 5.957634598411297791e-03 8.520659387711411459e-02 0.000000000000000000e+00 8.620689655172413673e-03 0.000000000000000000e+00 8.885850991114149777e-03 0.000000000000000000e+00 0.000000000000000000e+00 1.675182176061646593e-04 2.826048797612778704e-02 0.000000000000000000e+00 0.000000000000000000e+00 0.000000000000000000e+00 1.327250103691414267e-02 3.821169277799006474e-04 4.163775156141568193e-03 0.000000000000000000e+00 2.083333333333333304e-03 3.009259259259259092e-02 5.649717514124293766e-03 0.000000000000000000e+00 0.000000000000000000e+00 0.000000000000000000e+00 0.000000000000000000e+00 0.000000000000000000e+00 0.000000000000000000e+00 0.000000000000000000e+00 2.544529262086514185e-03 0.000000000000000000e+00 6.184291898577613106e-03 1.064962726304579440e-03 1.904761904761904934e-02 0.000000000000000000e+00 1.111111111111111049e-01 1.466275659824046920e-03 0.000000000000000000e+00 0.000000000000000000e+00 0.000000000000000000e+00 0.000000000000000000e+00 0.000000000000000000e+00
4.098820887142055197e-02 1.029384241063073090e-03 0.000000000000000000e+00 5.778168571787463924e-03 1.201852754753778701e-01 3.584229390681003581e-03 3.807232429279673314e-01 1.516722841586725518e-02 2.474430880897393603e-02 5.547850208044382940e-03 6.002143622722400790e-02 2.624671916010498651e-03 7.497071456462318928e-02 1.083032490974729194e-02 3.268365817091454378e-02 1.216978331849213370e-02 1.495772815954909962e-02 1.120573733751680868e-03 1.758406264394288265e-01 4.795035727717187300e-03 0.000000000000000000e+00 0.000000000000000000e+00 2.048157392453384129e-01 4.186728072011722777e-03 4.930555555555555386e-02 1.851166234727878637e-03 1.221001221001221000e-03 5.149330587023686744e-04 4.399646851088875876e-02 7.773027594247959495e-04 5.678733031674208093e-02 1.400862068965517265e-02 1.496062992125984231e-02 2.454108177088445888e-03 2.067824648469809758e-03 0.000000000000000000e+00 2.846476901539897464e-02 0.000000000000000000e+00 5.096839959225280730e-04 0.000000000000000000e+00 7.936507936507936067e-03 0.000000000000000000e+00 2.823662289990117426e-04 0.000000000000000000e+00 3.268991282689912882e-03 0.000000000000000000e+00 0.000000000000000000e+00 0.000000000000000000e+00 6.413612565445025830e-03 8.237232289950576175e-05 5.773966205315445369e-03 0.000000000000000000e+00 0.000000000000000000e+00 0.000000000000000000e+00 2.822466836014676903e-04 0.000000000000000000e+00 4.187147278354268892e-03 1.047230076447795645e-04 1.525249935913868156e-02 0.000000000000000000e+00 6.002400960384153897e-03 0.000000000000000000e+00 1.091305929428883128e-03 0.000000000000000000e+00 1.037238564869920159e-02 0.000000000000000000e+00 2.357995226730310104e-02 2.830455703368242072e-04 1.167654234925060916e-02 0.000000000000000000e+00 5.167464114832535926e-02 2.813637868255544627e-03 9.213286713286712726e-02 2.482929857231533192e-03 3.928905519176800754e-02 0.000000000000000000e+00 1.045895851721094505e-01 2.783129950760008554e-03 0.000000000000000000e+00 0.000000000000000000e+00 2.071618822136726649e-03 0.000000000000000000e+00 0.000000000000000000e+00 0.000000000000000000e+00 4.104196331351034344e-03 0.000000000000000000e+00 0.000000000000000000e+00 0.000000000000000000e+00 1.406469760900140673e-03 0.000000000000000000e+00 2.674818494459304478e-03 3.469812630117973494e-03 0.000000000000000000e+00 3.125000000000000173e-03 4.166666666666666435e-02 5.649717514124293766e-03 2.040816326530612429e-03 0.000000000000000000e+00 0.000000000000000000e+00 8.219178082191780019e-03 0.000000000000000000e+00 1.605136436597110741e-03 1.930501930501930547e-03 7.270083605961468170e-04 0.000000000000000000e+00 0.000000000000000000e+00 0.000000000000000000e+00 0.000000000000000000e+00 0.000000000000000000e+00 0.000000000000000000e+00 0.000000000000000000e+00 0.000000000000000000e+00 0.000000000000000000e+00 0.000000000000000000e+00 0.000000000000000000e+00 0.000000000000000000e+00
4.270820248712473184e-03 4.924004522044968940e-02 5.778168571787463924e-03 0.000000000000000000e+00 2.194051682106289668e-03 3.046594982078853001e-02 7.144940215806357825e-03 1.892662691210785508e-01 6.598482349059716159e-04 4.923717059639389632e-02 1.607717041800643069e-03 2.650918635170603638e-02 2.342834830144474665e-03 3.564981949458483762e-02 1.799100449775112428e-03 3.799346987236568857e-02 8.671146759158898740e-04 3.406544150605109872e-02 5.642561031782588644e-03 1.446032342986084962e-01 0.000000000000000000e+00 0.000000000000000000e+00 3.964175598296872452e-03 3.121205777684739613e-01 6.944444444444444709e-04 5.775638652350981173e-02 0.000000000000000000e+00 2.059732234809474698e-03 7.357268981753972530e-04 2.953750485814224738e-02 1.742081447963800961e-02 5.387931034482758286e-02 1.889763779527559072e-03 1.560812800628251680e-02 0.000000000000000000e+00 8.802816901408450903e-04 0.000000000000000000e+00 1.028938906752411599e-02 0.000000000000000000e+00 2.624671916010498651e-03 0.000000000000000000e+00 3.649635036496350071e-02 0.000000000000000000e+00 1.514233797698364586e-04 0.000000000000000000e+00 5.509641873278236417e-04 0.000000000000000000e+00 0.000000000000000000e+00 1.308900523560209558e-04 2.553542009884678804e-03 0.000000000000000000e+00 2.067254685777287961e-03 0.000000000000000000e+00 0.000000000000000000e+00 0.000000000000000000e+00 0.000000000000000000e+00 5.461496450027307015e-04 1.675568122316473032e-03 0.000000000000000000e+00 5.991611743559017295e-03 0.000000000000000000e+00 7.672241829062452154e-04 1.818843215714805394e-04 6.648936170212765796e-04 0.000000000000000000e+00 4.969684921975947231e-04 9.546539379474940827e-05 8.491367110104727084e-03 0.000000000000000000e+00 2.739726027397260295e-03 1.913875598086124457e-03 4.667328699106255974e-02 8.741258741258741251e-04 5.425201738050899891e-02 0.000000000000000000e+00 1.179941002949852491e-02 2.647837599293910178e-03 4.303147077713551788e-02 0.000000000000000000e+00 0.000000000000000000e+00 0.000000000000000000e+00 9.113693324219639602e-04 0.000000000000000000e+00 0.000000000000000000e+00 0.000000000000000000e+00 8.776549060909250109e-04 0.000000000000000000e+00 0.000000000000000000e+00 0.000000000000000000e+00 9.677865339416562903e-04 0.000000000000000000e+00 0.000000000000000000e+00 0.000000000000000000e+00 0.000000000000000000e+00 6.944444444444444059e-03 5.649717514124293766e-03 0.000000000000000000e+00 0.000000000000000000e+00 0.000000000000000000e+00 0.000000000000000000e+00 0.000000000000000000e+00 1.605136436597110741e-03 5.515719801434087587e-04 3.635041802980734085e-04 8.176614881439084499e-04 3.092145949288806553e-03 0.000000000000000000e+00 0.000000000000000000e+00 0.000000000000000000e+00 0.000000000000000000e+00 0.000000000000000000e+00 0.000000000000000000e+00 0.000000000000000000e+00 0.000000000000000000e+00 0.000000000000000000e+00 0.000000000000000000e+00
4.875670404680643405e-04 0.000000000000000000e+00 1.201852754753778701e-01 2.194051682106289668e-03 0.000000000000000000e+00 4.301075268817204297e-03 1.326917468649752192e-02 5.185377236193932596e-04 3.276146486308149086e-01 5.547850208044382940e-03 5.359056806002143562e-04 0.000000000000000000e+00 1.054275673565013664e-02 4.512635379061372002e-04 1.508245877061469287e-01 4.155535767289997295e-03 4.335573379579449370e-04 0.000000000000000000e+00 1.727314601566098560e-03 1.880406167732230117e-04 1.628664495114006544e-02 0.000000000000000000e+00 4.801057113492879225e-02 1.256018421603516877e-03 1.493055555555555525e-01 5.553498704183635476e-03 3.504273504273504036e-01 2.574665293511843589e-03 1.280164802825191350e-02 0.000000000000000000e+00 5.135746606334841424e-02 4.849137931034482908e-03 1.574803149606299137e-04 0.000000000000000000e+00 0.000000000000000000e+00 0.000000000000000000e+00 4.666355576294913769e-04 0.000000000000000000e+00 0.000000000000000000e+00 0.000000000000000000e+00 0.000000000000000000e+00 0.000000000000000000e+00 1.411831144995058713e-04 0.000000000000000000e+00 0.000000000000000000e+00 0.000000000000000000e+00 0.000000000000000000e+00 0.000000000000000000e+00 2.617801047120419116e-04 0.000000000000000000e+00 5.943788740765899772e-04 0.000000000000000000e+00 0.000000000000000000e+00 0.000000000000000000e+00 0.000000000000000000e+00 0.000000000000000000e+00 5.461496450027307015e-04 0.000000000000000000e+00 0.000000000000000000e+00 0.000000000000000000e+00 1.200480192076830785e-04 0.000000000000000000e+00 1.818843215714805394e-04 0.000000000000000000e+00 0.000000000000000000e+00 0.000000000000000000e+00 0.000000000000000000e+00 0.000000000000000000e+00 0.000000000000000000e+00 0.000000000000000000e+00 3.221690590111642855e-02 3.310162197947699530e-04 3.828671328671328505e-02 2.482929857231533301e-04 1.028999064546304992e-02 0.000000000000000000e+00 3.089143865842895135e-03 0.000000000000000000e+00 0.000000000000000000e+00 0.000000000000000000e+00 8.878366380585971974e-04 0.000000000000000000e+00 3.257328990228013175e-03 0.000000000000000000e+00 1.256386632046234972e-03 0.000000000000000000e+00 2.869440459110473608e-03 0.000000000000000000e+00 1.582278481012658203e-03 0.000000000000000000e+00 0.000000000000000000e+00 0.000000000000000000e+00 0.000000000000000000e+00 0.000000000000000000e+00 2.314814814814814686e-03 0.000000000000000000e+00 0.000000000000000000e+00 0.000000000000000000e+00 0.000000000000000000e+00 0.000000000000000000e+00 0.000000000000000000e+00 0.000000000000000000e+00 2.757859900717043794e-04 7.270083605961468170e-04 0.000000000000000000e+00 0.000000000000000000e+00 0.000000000000000000e+00 0.000000000000000000e+00 0.000000000000000000e+00 0.000000000000000000e+00 0.000000000000000000e+00 0.000000000000000000e+00 0.000000000000000000e+00 0.000000000000000000e+00 0.000000000000000000e+00 0.000000000000000000e+00
0.000000000000000000e+00 3.584229390681003581e-04 3.584229390681003581e-03 3.046594982078853001e-02 4.301075268817204297e-03 0.000000000000000000e+00 7.290755322251385624e-04 7.907700285195747372e-03 9.897723523589574239e-04 2.850208044382801509e-01 0.000000000000000000e+00 2.624671916010498651e-04 1.952362358453729068e-04 9.025270758122744003e-04 0.000000000000000000e+00 1.890768774116948769e-01 0.000000000000000000e+00 0.000000000000000000e+00 0.000000000000000000e+00 1.128243700639338125e-03 4.885993485342019112e-03 1.107419712070874815e-03 1.615034503009837126e-03 2.449235922126857812e-02 6.250000000000000347e-03 2.284339133654202103e-01 1.221001221001221000e-03 2.203913491246138057e-01 0.000000000000000000e+00 6.218422075398367596e-03 1.538461538461538547e-02 9.698275862068965816e-03 0.000000000000000000e+00 7.853146166683027491e-04 0.000000000000000000e+00 0.000000000000000000e+00 0.000000000000000000e+00 6.430868167202572492e-04 0.000000000000000000e+00 6.561679790026246628e-04 0.000000000000000000e+00 0.000000000000000000e+00 0.000000000000000000e+00 0.000000000000000000e+00 0.000000000000000000e+00 1.101928374655647419e-04 0.000000000000000000e+00 0.000000000000000000e+00 0.000000000000000000e+00 0.000000000000000000e+00 0.000000000000000000e+00 0.000000000000000000e+00 0.000000000000000000e+00 0.000000000000000000e+00 0.000000000000000000e+00 1.836547291092745563e-04 0.000000000000000000e+00 0.000000000000000000e+00 0.000000000000000000e+00 1.497902935889754378e-04 0.000000000000000000e+00 0.000000000000000000e+00 0.000000000000000000e+00 0.000000000000000000e+00 0.000000000000000000e+00 0.000000000000000000e+00 0.000000000000000000e+00 0.000000000000000000e+00 0.000000000000000000e+00 0.000000000000000000e+00 3.189792663476873915e-04 1.307514068189341225e-02 0.000000000000000000e+00 1.067659838609559195e-02 0.000000000000000000e+00 5.899705014749262455e-03 0.000000000000000000e+00 6.422607578676942401e-04 0.000000000000000000e+00 0.000000000000000000e+00 0.000000000000000000e+00 6.835269993164730514e-04 0.000000000000000000e+00 0.000000000000000000e+00 0.000000000000000000e+00 7.021239248727400521e-04 0.000000000000000000e+00 0.000000000000000000e+00 0.000000000000000000e+00 2.765104382690446389e-04 3.821169277799006474e-04 0.000000000000000000e+00 0.000000000000000000e+00 0.000000000000000000e+00 6.944444444444444059e-03 0.000000000000000000e+00 0.000000000000000000e+00 0.000000000000000000e+00 0.000000000000000000e+00 0.000000000000000000e+00 0.000000000000000000e+00 0.000000000000000000e+00 0.000000000000000000e+00 3.635041802980734085e-04 0.000000000000000000e+00 0.000000000000000000e+00 0.000000000000000000e+00 0.000000000000000000e+00 0.000000000000000000e+00 0.000000000000000000e+00 0.000000000000000000e+00 0.000000000000000000e+00 0.000000000000000000e+00 0.000000000000000000e+00 0.000000000000000000e+00 0.000000000000000000e+00
1.086322543015456332e-01 7.290755322251385624e-04 3.807232429279673314e-01 7.144940215806357825e-03 1.326917468649752192e-02 7.290755322251385624e-04 0.000000000000000000e+00 1.451905626134301214e-02 4.519960409105905352e-02 2.773925104022191470e-03 5.439442658092175781e-02 1.574803149606299191e-03 2.335025380710659959e-01 1.195848375451263532e-02 7.796101949025487261e-03 6.530127634312852397e-03 3.902016041621504325e-03 1.120573733751680868e-03 1.450944265315522869e-02 4.230913877397517696e-03 0.000000000000000000e+00 0.000000000000000000e+00 2.202319776831596077e-02 4.396064475612308960e-03 4.861111111111111188e-03 7.404664938911514546e-04 0.000000000000000000e+00 0.000000000000000000e+00 1.074161271336080033e-02 1.943256898561989982e-03 1.131221719457013546e-02 1.239224137931034531e-02 1.291338582677165406e-02 2.061450868754294893e-03 0.000000000000000000e+00 0.000000000000000000e+00 5.132991133924405362e-03 3.215434083601286246e-04 0.000000000000000000e+00 0.000000000000000000e+00 0.000000000000000000e+00 0.000000000000000000e+00 1.411831144995058713e-04 0.000000000000000000e+00 2.023661270236612551e-03 1.101928374655647419e-04 1.554968123153475316e-04 0.000000000000000000e+00 1.439790575916230324e-03 0.000000000000000000e+00 4.585208457162265848e-03 6.890848952590959329e-05 0.000000000000000000e+00 0.000000000000000000e+00 1.411233418007338451e-04 0.000000000000000000e+00 6.007646095030037825e-03 0.000000000000000000e+00 2.307100743399128576e-03 0.000000000000000000e+00 1.164465786314525762e-02 0.000000000000000000e+00 5.820298290287377260e-03 0.000000000000000000e+00 1.649379357252167902e-02 0.000000000000000000e+00 3.341288782816228924e-03 0.000000000000000000e+00 1.742767514813523889e-04 0.000000000000000000e+00 1.403508771929824588e-02 2.813637868255544627e-03 1.748251748251748380e-02 2.110490378646803170e-03 1.870907390084190856e-03 0.000000000000000000e+00 2.007943512797881816e-02 1.712695354313851451e-03 0.000000000000000000e+00 0.000000000000000000e+00 8.138502515537141338e-03 0.000000000000000000e+00 0.000000000000000000e+00 0.000000000000000000e+00 1.181003434123460878e-02 0.000000000000000000e+00 0.000000000000000000e+00 0.000000000000000000e+00 3.867791842475386960e-03 0.000000000000000000e+00 0.000000000000000000e+00 0.000000000000000000e+00 3.853564547206165766e-04 0.000000000000000000e+00 1.620370370370370280e-02 0.000000000000000000e+00 0.000000000000000000e+00 0.000000000000000000e+00 0.000000000000000000e+00 0.000000000000000000e+00 0.000000000000000000e+00 0.000000000000000000e+00 2.757859900717043794e-04 0.000000000000000000e+00 0.000000000000000000e+00 0.000000000000000000e+00 0.000000000000000000e+00 0.000000000000000000e+00 0.000000000000000000e+00 0.000000000000000000e+00 0.000000000000000000e+00 0.000000000000000000e+00 0.000000000000000000e+00 0.000000000000000000e+00 0.000000000000000000e+00 0.000000000000000000e+00
2.981591910811511731e-03 1.200414830178895553e-01 1.516722841586725518e-02 1.892662691210785508e-01 5.185377236193932596e-04 7.907700285195747372e-03 1.451905626134301214e-02 0.000000000000000000e+00 6.598482349059716159e-04 8.460471567267684179e-02 9.914255091103964940e-03 1.503937007874015797e-01 9.371339320577898660e-03 2.231498194945848446e-01 1.199400299850074880e-03 4.007123775601068721e-02 1.083893344894862288e-03 2.084267144778126357e-02 1.301243666513127520e-02 1.786385859345618679e-02 0.000000000000000000e+00 0.000000000000000000e+00 1.688445162237556946e-02 2.239899518526271630e-02 0.000000000000000000e+00 3.702332469455757273e-03 0.000000000000000000e+00 1.544799176107106023e-03 1.324308416715715055e-03 3.206373882627283622e-02 1.900452488687782646e-02 2.478448275862069061e-02 4.724409448818897572e-03 1.482281338961421481e-02 0.000000000000000000e+00 1.760563380281690181e-03 1.399906672888474131e-03 6.430868167202572275e-03 0.000000000000000000e+00 1.312335958005249326e-03 0.000000000000000000e+00 2.919708029197080196e-02 0.000000000000000000e+00 8.328285887341005085e-04 1.556662515566625143e-04 3.305785123966942067e-03 0.000000000000000000e+00 1.465201465201465200e-04 0.000000000000000000e+00 6.754530477759472518e-03 8.491126772522713379e-05 1.977673649393605140e-02 0.000000000000000000e+00 1.525553012967200686e-04 0.000000000000000000e+00 1.836547291092745563e-04 3.640997633351538191e-04 3.874751282856843480e-03 1.281722635221738008e-04 1.018573996405033009e-02 0.000000000000000000e+00 1.258247659966242084e-02 0.000000000000000000e+00 3.324468085106383006e-03 0.000000000000000000e+00 9.541795050193818337e-03 1.909307875894988165e-04 6.038305500518916999e-03 1.742767514813523889e-04 0.000000000000000000e+00 3.827751196172248915e-03 6.852035749751737848e-02 4.895104895104895534e-03 3.935443823711980149e-02 0.000000000000000000e+00 2.949852507374631227e-03 5.075022065313327876e-03 2.247912652536929873e-02 0.000000000000000000e+00 0.000000000000000000e+00 0.000000000000000000e+00 4.329004329004329001e-03 0.000000000000000000e+00 0.000000000000000000e+00 0.000000000000000000e+00 8.513252589081973104e-03 0.000000000000000000e+00 1.422475106685633069e-03 0.000000000000000000e+00 5.806719203649938175e-03 0.000000000000000000e+00 1.387925052047189398e-03 0.000000000000000000e+00 0.000000000000000000e+00 2.314814814814814686e-03 5.649717514124293766e-03 0.000000000000000000e+00 0.000000000000000000e+00 0.000000000000000000e+00 0.000000000000000000e+00 0.000000000000000000e+00 0.000000000000000000e+00 5.515719801434087587e-04 0.000000000000000000e+00 0.000000000000000000e+00 0.000000000000000000e+00 1.064962726304579440e-03 0.000000000000000000e+00 0.000000000000000000e+00 0.000000000000000000e+00 0.000000000000000000e+00 0.000000000000000000e+00 0.000000000000000000e+00 0.000000000000000000e+00 0.000000000000000000e+00 0.000000000000000000e+00
1.649620587264929040e-03 0.000000000000000000e+00 2.474430880897393603e-02 6.598482349059716159e-04 3.276146486308149086e-01 9.897723523589574239e-04 4.519960409105905352e-02 6.598482349059716159e-04 0.000000000000000000e+00 1.386962552011095735e-03 1.607717041800643069e-03 0.000000000000000000e+00 6.032799687622022317e-02 2.256317689530686001e-04 3.094452773613193264e-01 1.484119916889284655e-03 0.000000000000000000e+00 0.000000000000000000e+00 4.606172270842929638e-04 1.880406167732230117e-04 0.000000000000000000e+00 0.000000000000000000e+00 2.202319776831595903e-03 1.465354825204103059e-03 6.944444444444444709e-04 1.851166234727878637e-03 5.372405372405372748e-02 5.149330587023686744e-04 8.828722778104767036e-03 0.000000000000000000e+00 4.072398190045249146e-03 1.257183908045976994e-03 1.574803149606299137e-04 9.816432708353784364e-05 0.000000000000000000e+00 0.000000000000000000e+00 4.666355576294913769e-04 0.000000000000000000e+00 0.000000000000000000e+00 0.000000000000000000e+00 0.000000000000000000e+00 0.000000000000000000e+00 0.000000000000000000e+00 0.000000000000000000e+00 1.556662515566625143e-04 0.000000000000000000e+00 0.000000000000000000e+00 0.000000000000000000e+00 0.000000000000000000e+00 0.000000000000000000e+00 2.547338031756813878e-04 0.000000000000000000e+00 4.063388866314506160e-04 0.000000000000000000e+00 0.000000000000000000e+00 0.000000000000000000e+00 0.000000000000000000e+00 0.000000000000000000e+00 1.281722635221738008e-04 0.000000000000000000e+00 7.202881152460983896e-04 0.000000000000000000e+00 7.275372862859221575e-04 0.000000000000000000e+00 1.700391089950688598e-04 0.000000000000000000e+00 0.000000000000000000e+00 0.000000000000000000e+00 1.742767514813523889e-04 0.000000000000000000e+00 1.020733652312599653e-02 0.000000000000000000e+00 2.622377622377622397e-02 2.482929857231533301e-04 8.419083255378859501e-03 0.000000000000000000e+00 2.868490732568402656e-03 0.000000000000000000e+00 0.000000000000000000e+00 0.000000000000000000e+00 7.398638650488309617e-04 0.000000000000000000e+00 0.000000000000000000e+00 0.000000000000000000e+00 5.863137616215763348e-04 0.000000000000000000e+00 0.000000000000000000e+00 0.000000000000000000e+00 1.230661040787623143e-03 0.000000000000000000e+00 7.642338555598012948e-04 6.939625260235946988e-04 0.000000000000000000e+00 0.000000000000000000e+00 0.000000000000000000e+00 0.000000000000000000e+00 0.000000000000000000e+00 0.000000000000000000e+00 0.000000000000000000e+00 0.000000000000000000e+00 0.000000000000000000e+00 0.000000000000000000e+00 5.515719801434087587e-04 0.000000000000000000e+00 0.000000000000000000e+00 0.000000000000000000e+00 0.000000000000000000e+00 0.000000000000000000e+00 0.000000000000000000e+00 0.000000000000000000e+00 0.000000000000000000e+00 0.000000000000000000e+00 0.000000000000000000e+00 0.000000000000000000e+00 0.000000000000000000e+00 0.000000000000000000e+00
0.000000000000000000e+00 0.000000000000000000e+00 5.547850208044382940e-03 4.923717059639389632e-02 5.547850208044382940e-03 2.850208044382801509e-01 2.773925104022191470e-03 8.460471567267684179e-02 1.386962552011095735e-03 0.000000000000000000e+00 0.000000000000000000e+00 5.249343832020997302e-04 7.809449433814916273e-04 6.768953068592057460e-04 5.997001499250374399e-04 1.359453843870584711e-01 0.000000000000000000e+00 0.000000000000000000e+00 0.000000000000000000e+00 2.820609251598345311e-04 0.000000000000000000e+00 0.000000000000000000e+00 1.761855821465276766e-03 4.186728072011722777e-03 2.777777777777777884e-03 2.702702702702702853e-02 0.000000000000000000e+00 1.338825952626158597e-02 0.000000000000000000e+00 2.137582588418189024e-03 1.289592760180995404e-02 2.155172413793103418e-03 0.000000000000000000e+00 5.889859625012270348e-04 0.000000000000000000e+00 0.000000000000000000e+00 0.000000000000000000e+00 0.000000000000000000e+00 0.000000000000000000e+00 0.000000000000000000e+00 0.000000000000000000e+00 7.299270072992700489e-03 0.000000000000000000e+00 0.000000000000000000e+00 0.000000000000000000e+00 0.000000000000000000e+00 0.000000000000000000e+00 1.465201465201465200e-04 0.000000000000000000e+00 0.000000000000000000e+00 0.000000000000000000e+00 0.000000000000000000e+00 0.000000000000000000e+00 0.000000000000000000e+00 0.000000000000000000e+00 0.000000000000000000e+00 0.000000000000000000e+00 0.000000000000000000e+00 0.000000000000000000e+00 0.000000000000000000e+00 0.000000000000000000e+00 0.000000000000000000e+00 0.000000000000000000e+00 0.000000000000000000e+00 0.000000000000000000e+00 0.000000000000000000e+00 0.000000000000000000e+00 0.000000000000000000e+00 0.000000000000000000e+00 0.000000000000000000e+00 0.000000000000000000e+00 6.620324395895399276e-03 3.496503496503496500e-04 7.200496585971446518e-03 0.000000000000000000e+00 7.374631268436578069e-03 2.206531332744925058e-04 1.284521515735388480e-03 0.000000000000000000e+00 0.000000000000000000e+00 0.000000000000000000e+00 0.000000000000000000e+00 0.000000000000000000e+00 0.000000000000000000e+00 0.000000000000000000e+00 2.632964718272774924e-04 0.000000000000000000e+00 0.000000000000000000e+00 0.000000000000000000e+00 2.765104382690446389e-04 0.000000000000000000e+00 6.939625260235946988e-04 0.000000000000000000e+00 0.000000000000000000e+00 0.000000000000000000e+00 0.000000000000000000e+00 0.000000000000000000e+00 0.000000000000000000e+00 1.375515818431911983e-03 0.000000000000000000e+00 0.000000000000000000e+00 0.000000000000000000e+00 0.000000000000000000e+00 7.270083605961468170e-04 0.000000000000000000e+00 0.000000000000000000e+00 0.000000000000000000e+00 0.000000000000000000e+00 0.000000000000000000e+00 0.000000000000000000e+00 0.000000000000000000e+00 0.000000000000000000e+00 0.000000000000000000e+00 0.000000000000000000e+00 0.000000000000000000e+00 0.000000000000000000e+00
2.309753483386923767e-01 2.679528403001071781e-04 6.002143622722400790e-02 1.607717041800643069e-03 5.359056806002143562e-04 0.000000000000000000e+00 5.439442658092175781e-02 9.914255091103964940e-03 1.607717041800643069e-03 0.000000000000000000e+00 0.000000000000000000e+00 1.574803149606299191e-03 1.450605232331120542e-01 2.481949458483754655e-03 4.197901049475261971e-03 2.968239833778569419e-04 4.270539778885757559e-02 8.964589870013447374e-04 2.118839244587747417e-02 1.504324934185784094e-03 0.000000000000000000e+00 0.000000000000000000e+00 1.673763030392012852e-02 1.256018421603516877e-03 6.944444444444444709e-04 0.000000000000000000e+00 0.000000000000000000e+00 0.000000000000000000e+00 6.709829311359623294e-02 3.886513797123979748e-04 1.244343891402714848e-02 1.795977011494252849e-03 9.763779527559055676e-03 6.871502895847648919e-04 2.067824648469809758e-03 0.000000000000000000e+00 0.000000000000000000e+00 3.215434083601286246e-04 5.096839959225280730e-04 0.000000000000000000e+00 0.000000000000000000e+00 0.000000000000000000e+00 0.000000000000000000e+00 0.000000000000000000e+00 1.556662515566625143e-04 0.000000000000000000e+00 0.000000000000000000e+00 0.000000000000000000e+00 2.617801047120419116e-04 0.000000000000000000e+00 1.188757748153179954e-03 0.000000000000000000e+00 0.000000000000000000e+00 0.000000000000000000e+00 0.000000000000000000e+00 0.000000000000000000e+00 1.201529219006007565e-02 0.000000000000000000e+00 3.845167905665214294e-04 0.000000000000000000e+00 1.344537815126050501e-02 0.000000000000000000e+00 5.820298290287377260e-03 0.000000000000000000e+00 8.842033667743581793e-03 0.000000000000000000e+00 2.386634844868735193e-03 9.434852344560807811e-05 3.485535029627047777e-04 0.000000000000000000e+00 1.275917065390749566e-03 4.965243296921549023e-04 9.265734265734265618e-03 4.965859714463066602e-04 0.000000000000000000e+00 0.000000000000000000e+00 3.751103265666372571e-03 6.422607578676942401e-04 0.000000000000000000e+00 0.000000000000000000e+00 5.327019828351583185e-03 0.000000000000000000e+00 0.000000000000000000e+00 0.000000000000000000e+00 4.690510092972610678e-03 0.000000000000000000e+00 0.000000000000000000e+00 0.000000000000000000e+00 1.230661040787623143e-03 1.382552191345223194e-04 0.000000000000000000e+00 0.000000000000000000e+00 0.000000000000000000e+00 0.000000000000000000e+00 0.000000000000000000e+00 0.000000000000000000e+00 0.000000000000000000e+00 0.000000000000000000e+00 0.000000000000000000e+00 0.000000000000000000e+00 0.000000000000000000e+00 0.000000000000000000e+00 0.000000000000000000e+00 3.635041802980734085e-04 0.000000000000000000e+00 0.000000000000000000e+00 0.000000000000000000e+00 0.000000000000000000e+00 0.000000000000000000e+00 0.000000000000000000e+00 0.000000000000000000e+00 0.000000000000000000e+00 0.000000000000000000e+00 0.000000000000000000e+00 0.000000000000000000e+00 0.000000000000000000e+00
5.249343832020997302e-04 1.317585301837270462e-01 2.624671916010498651e-03 2.650918635170603638e-02 0.000000000000000000e+00 2.624671916010498651e-04 1.574803149606299191e-03 1.503937007874015797e-01 0.000000000000000000e+00 5.249343832020997302e-04 1.574803149606299191e-03 0.000000000000000000e+00 9.761811792268644799e-04 2.039711191335740192e-01 0.000000000000000000e+00 1.840308696942713138e-02 2.167786689789724685e-04 4.930524428507395557e-02 9.212344541685859277e-04 8.837908988341481795e-03 0.000000000000000000e+00 0.000000000000000000e+00 1.468213184554397269e-03 7.536110529621100826e-03 0.000000000000000000e+00 0.000000000000000000e+00 0.000000000000000000e+00 0.000000000000000000e+00 2.942907592701589012e-04 1.191216478818499791e-01 3.393665158371040810e-03 5.747126436781609116e-03 6.299212598425196546e-04 1.285952684794345810e-02 0.000000000000000000e+00 1.320422535211267581e-03 4.666355576294913769e-04 1.286173633440514498e-03 0.000000000000000000e+00 0.000000000000000000e+00 0.000000000000000000e+00 0.000000000000000000e+00 0.000000000000000000e+00 7.571168988491822928e-05 0.000000000000000000e+00 1.101928374655647419e-04 0.000000000000000000e+00 0.000000000000000000e+00 0.000000000000000000e+00 3.294892915980230470e-04 8.491126772522713379e-05 7.579933847850054991e-04 0.000000000000000000e+00 0.000000000000000000e+00 0.000000000000000000e+00 1.836547291092745563e-04 0.000000000000000000e+00 1.151953084092575182e-03 0.000000000000000000e+00 1.497902935889754378e-04 0.000000000000000000e+00 1.074113856068743258e-03 0.000000000000000000e+00 1.828457446808510675e-03 0.000000000000000000e+00 2.186661365669416521e-03 0.000000000000000000e+00 6.604396641192565197e-04 0.000000000000000000e+00 0.000000000000000000e+00 3.189792663476873915e-04 7.778881165177093868e-03 5.244755244755244751e-04 1.887026691495965330e-02 0.000000000000000000e+00 0.000000000000000000e+00 1.544571932921447567e-03 2.997216870049240148e-03 0.000000000000000000e+00 0.000000000000000000e+00 0.000000000000000000e+00 1.367053998632945973e-02 0.000000000000000000e+00 0.000000000000000000e+00 0.000000000000000000e+00 6.319115323854660252e-03 0.000000000000000000e+00 0.000000000000000000e+00 0.000000000000000000e+00 3.732890916632102679e-03 0.000000000000000000e+00 0.000000000000000000e+00 0.000000000000000000e+00 0.000000000000000000e+00 0.000000000000000000e+00 0.000000000000000000e+00 0.000000000000000000e+00 0.000000000000000000e+00 0.000000000000000000e+00 0.000000000000000000e+00 0.000000000000000000e+00 0.000000000000000000e+00 2.757859900717043794e-04 0.000000000000000000e+00 0.000000000000000000e+00 0.000000000000000000e+00 0.000000000000000000e+00 0.000000000000000000e+00 0.000000000000000000e+00 0.000000000000000000e+00 0.000000000000000000e+00 0.000000000000000000e+00 0.000000000000000000e+00 0.000000000000000000e+00 0.000000000000000000e+00 0.000000000000000000e+00
2.342834830144474925e-02 3.904724716907458136e-04 7.497071456462318928e-02 2.342834830144474665e-03 1.054275673565013664e-02 1.952362358453729068e-04 2.335025380710659959e-01 9.371339320577898660e-03 6.032799687622022317e-02 7.809449433814916273e-04 1.450605232331120542e-01 9.761811792268644799e-04 0.000000000000000000e+00 4.738267148014440114e-03 2.089955022488755587e-01 2.671415850400712423e-03 3.034901365705614668e-03 0.000000000000000000e+00 8.406264394288346861e-03 6.581421587062805546e-04 0.000000000000000000e+00 0.000000000000000000e+00 2.510644545588019277e-02 2.093364036005861389e-03 1.388888888888888942e-03 1.110699740836727182e-03 0.000000000000000000e+00 0.000000000000000000e+00 8.784579164214244285e-02 0.000000000000000000e+00 1.380090497737556515e-02 4.310344827586206837e-03 3.937007874015747977e-03 9.816432708353784364e-05 8.271298593879239033e-04 0.000000000000000000e+00 0.000000000000000000e+00 3.215434083601286246e-04 0.000000000000000000e+00 0.000000000000000000e+00 0.000000000000000000e+00 0.000000000000000000e+00 0.000000000000000000e+00 0.000000000000000000e+00 0.000000000000000000e+00 0.000000000000000000e+00 0.000000000000000000e+00 0.000000000000000000e+00 1.308900523560209558e-04 0.000000000000000000e+00 5.943788740765899772e-04 6.890848952590959329e-05 0.000000000000000000e+00 0.000000000000000000e+00 1.411233418007338451e-04 0.000000000000000000e+00 6.553795740032768852e-03 0.000000000000000000e+00 5.126890540886952030e-04 0.000000000000000000e+00 1.224489795918367284e-02 0.000000000000000000e+00 6.365951255001819041e-03 0.000000000000000000e+00 6.461486141812616997e-03 0.000000000000000000e+00 1.145584725536992737e-03 9.434852344560807811e-05 1.045660508888114279e-03 0.000000000000000000e+00 1.020733652312599653e-02 8.275405494869249095e-04 1.923076923076923184e-02 3.724394785847299680e-04 0.000000000000000000e+00 0.000000000000000000e+00 7.281553398058252663e-03 0.000000000000000000e+00 0.000000000000000000e+00 0.000000000000000000e+00 4.143237644273453299e-03 0.000000000000000000e+00 3.257328990228013175e-03 0.000000000000000000e+00 5.276823854594187013e-03 8.776549060909250651e-05 0.000000000000000000e+00 0.000000000000000000e+00 8.790436005625878665e-04 0.000000000000000000e+00 0.000000000000000000e+00 0.000000000000000000e+00 0.000000000000000000e+00 0.000000000000000000e+00 2.314814814814814686e-03 0.000000000000000000e+00 0.000000000000000000e+00 0.000000000000000000e+00 0.000000000000000000e+00 0.000000000000000000e+00 0.000000000000000000e+00 0.000000000000000000e+00 0.000000000000000000e+00 0.000000000000000000e+00 0.000000000000000000e+00 0.000000000000000000e+00 0.000000000000000000e+00 0.000000000000000000e+00 0.000000000000000000e+00 0.000000000000000000e+00 0.000000000000000000e+00 0.000000000000000000e+00 0.000000000000000000e+00 0.000000000000000000e+00 0.000000000000000000e+00 0.000000000000000000e+00
