2.835021514304850165e-01 4.729154202848759869e-01 3.327392238626235565e-01 4.889557573502093524e-01 3.487328672357719039e-01 0.000000000000000000e+00 3.165514752619016936e-01 4.685645204743314474e-01 3.598923087230707640e-01 0.000000000000000000e+00 3.253419343351024451e-01 4.692853414474267293e-01 3.573444289634426507e-01 4.655440334503876953e-01 3.768504378144109657e-01 0.000000000000000000e+00 3.010239231147823769e-01 4.788463706899669936e-01 3.542055864146173016e-01 4.957640370851508771e-01 0.000000000000000000e+00 0.000000000000000000e+00 3.922922777888134260e-01 4.768638094281046347e-01 3.098575138888889358e-01 0.000000000000000000e+00 0.000000000000000000e+00 0.000000000000000000e+00 4.062137594518838712e-01 4.799165060744968736e-01 3.939476020453701599e-01 4.406008500000000438e-01 3.850594412796367605e-01 4.808648305049589844e-01 0.000000000000000000e+00 0.000000000000000000e+00 4.661068802217336882e-01 4.953747015647396168e-01 5.545068115530302766e-01 5.476911355393434544e-01 4.216209401592149186e-01 0.000000000000000000e+00 0.000000000000000000e+00 0.000000000000000000e+00 0.000000000000000000e+00 0.000000000000000000e+00 0.000000000000000000e+00 0.000000000000000000e+00 4.540296999999999805e-01 4.121474358974358543e-01 3.781788220075870122e-01 4.513780494588472969e-01 4.217032820220842915e-01 0.000000000000000000e+00 3.811585115169984772e-01 0.000000000000000000e+00 3.125248318172049733e-01 4.661458727110482370e-01 4.004876832838154543e-01 5.019742525252525178e-01 3.879416178174336371e-01 4.507164511318667022e-01 3.867357973860757192e-01 4.762330814672288137e-01 3.934114470466280045e-01 4.509113111913263805e-01 4.097241246200013509e-01 4.799887377587511161e-01 3.287975195833165443e-01 4.795537500190047986e-01 3.351385581334035968e-01 5.082025615298264576e-01 3.613640664856274665e-01 4.712462291279552740e-01 3.601974285714285573e-01 0.000000000000000000e+00 3.795376571797958176e-01 4.649189471321399370e-01 0.000000000000000000e+00 0.000000000000000000e+00 3.201087636024287364e-01 0.000000000000000000e+00 4.002810612244898092e-01 4.414209259259259110e-01 3.957309633929951276e-01 0.000000000000000000e+00 0.000000000000000000e+00 0.000000000000000000e+00 4.030995446309175723e-01 0.000000000000000000e+00 4.136240672581130706e-01 4.528260384615384604e-01 4.033975128613873640e-01 0.000000000000000000e+00 4.280015242870182091e-01 4.478699318332292623e-01 4.442005718298925876e-01 4.208778576343185085e-01 4.546162597932895677e-01 0.000000000000000000e+00 4.293170130849753852e-01 5.093670928571428780e-01 4.235210707049368306e-01 4.695531208600426942e-01 4.083676885521885791e-01 4.466396649900023497e-01 0.000000000000000000e+00 0.000000000000000000e+00 0.000000000000000000e+00 0.000000000000000000e+00 0.000000000000000000e+00 4.917689562043796037e-01 3.632720285714285957e-01 4.052922920792078609e-01 3.814174716198979742e-01 0.000000000000000000e+00
4.729154202848759869e-01 2.663900893273825621e-01 4.671665936971962085e-01 3.179610140915899441e-01 0.000000000000000000e+00 2.610981758235442762e-01 4.682224507709702443e-01 2.806794720057504966e-01 0.000000000000000000e+00 3.211129723969812222e-01 4.769158218028674567e-01 3.149385780321402040e-01 0.000000000000000000e+00 3.510535641984313115e-01 0.000000000000000000e+00 3.721112473880303639e-01 4.790771980146383280e-01 3.129228093593837134e-01 4.878161528712658401e-01 3.342208071114649015e-01 0.000000000000000000e+00 0.000000000000000000e+00 4.423908601659163886e-01 4.038633704629901455e-01 0.000000000000000000e+00 0.000000000000000000e+00 0.000000000000000000e+00 0.000000000000000000e+00 4.782185170586809586e-01 3.964890245754608689e-01 0.000000000000000000e+00 3.603437425742573863e-01 4.959923796281792696e-01 4.780124291532865111e-01 0.000000000000000000e+00 0.000000000000000000e+00 5.086210253028974337e-01 4.487473579685954950e-01 0.000000000000000000e+00 5.095472264257462358e-01 0.000000000000000000e+00 4.259186888996565057e-01 0.000000000000000000e+00 3.888571842592593031e-01 0.000000000000000000e+00 3.925564713025479491e-01 0.000000000000000000e+00 3.995419618953927055e-01 0.000000000000000000e+00 3.847374942672522891e-01 0.000000000000000000e+00 3.768836353878587953e-01 0.000000000000000000e+00 3.681470883475129185e-01 0.000000000000000000e+00 3.797161952077424130e-01 4.807309960180480846e-01 2.947829765556782555e-01 4.903086997793334456e-01 3.875181740907920891e-01 4.980817275105251518e-01 3.603681916264299678e-01 4.809795227286300379e-01 3.794329452251768431e-01 4.733185409836065949e-01 3.809670886677343771e-01 4.949088725837629821e-01 3.556565912850629396e-01 4.960324092826600695e-01 2.799681385916362175e-01 4.800171594096303007e-01 3.525548377821943191e-01 4.744380310646983956e-01 4.040848215061961235e-01 0.000000000000000000e+00 0.000000000000000000e+00 4.586441009412191572e-01 3.875097143582627579e-01 4.997313586206897362e-01 3.771885999999999850e-01 4.912541326530612262e-01 4.046324218520845895e-01 0.000000000000000000e+00 3.825640576019229688e-01 0.000000000000000000e+00 4.009465106898413289e-01 0.000000000000000000e+00 4.453892831858407009e-01 0.000000000000000000e+00 4.049431665233094169e-01 4.523761682242991022e-01 4.491049934531693433e-01 3.992880195063693849e-01 4.629112682801505008e-01 4.334589707348241450e-01 4.364764278013927301e-01 4.538865586592177870e-01 4.578325606705436202e-01 4.141545897435897072e-01 4.467795514778719612e-01 3.832184524444444129e-01 4.673442330852420334e-01 3.995815772357724227e-01 4.397402073949496226e-01 4.056799431839144265e-01 4.429734405196590896e-01 0.000000000000000000e+00 5.195685379002453752e-01 0.000000000000000000e+00 4.301562507782709655e-01 0.000000000000000000e+00 0.000000000000000000e+00 4.360241112656847440e-01 4.194990743589743776e-01 0.000000000000000000e+00 0.000000000000000000e+00
3.327392238626235565e-01 4.671665936971962085e-01 2.718741209493129030e-01 4.579202607345412845e-01 2.407128275680068263e-01 4.366053012879011486e-01 3.112525329739401214e-01 4.537291823998836349e-01 2.757444115999383438e-01 4.406962918159718079e-01 3.677966547819153109e-01 4.686800239171509674e-01 3.413126603739428666e-01 4.581957611579619005e-01 3.331948293216240309e-01 4.414622425342652479e-01 3.745071340890879230e-01 4.687947294682328625e-01 3.143026114673934113e-01 4.906257620837795042e-01 0.000000000000000000e+00 0.000000000000000000e+00 2.958130378831237972e-01 4.600233036374518081e-01 2.900240265749435831e-01 4.456018612416751123e-01 3.233084780879402209e-01 5.024815588235292951e-01 3.502362101626655400e-01 4.633648953883515720e-01 3.870908284807692001e-01 4.496692089873863818e-01 3.728641672305949561e-01 4.687243327355185563e-01 4.198810506048258340e-01 0.000000000000000000e+00 4.373022852518693160e-01 4.718134540908603403e-01 0.000000000000000000e+00 4.405530240963855260e-01 3.863140569998865792e-01 0.000000000000000000e+00 0.000000000000000000e+00 0.000000000000000000e+00 0.000000000000000000e+00 0.000000000000000000e+00 3.662104245283018811e-01 0.000000000000000000e+00 0.000000000000000000e+00 0.000000000000000000e+00 3.709486328650684617e-01 3.996149798657718244e-01 3.640049708737863599e-01 0.000000000000000000e+00 3.525360598290597780e-01 0.000000000000000000e+00 4.141418500732026997e-01 4.636172136142764910e-01 4.327496009688686640e-01 4.552260232956041319e-01 3.783542282365077170e-01 0.000000000000000000e+00 0.000000000000000000e+00 0.000000000000000000e+00 3.632521689006101839e-01 0.000000000000000000e+00 4.287104966983200094e-01 4.934977207207207339e-01 4.028944862194291376e-01 4.323779781052280446e-01 3.518284110074698101e-01 4.557093480270383301e-01 3.467363695312847272e-01 4.642415100520390636e-01 3.715786719252912040e-01 0.000000000000000000e+00 3.788056982965078978e-01 4.478147041373866655e-01 3.886689875000000072e-01 0.000000000000000000e+00 3.628790431323072330e-01 0.000000000000000000e+00 3.944049743589743695e-01 0.000000000000000000e+00 3.634744904477376637e-01 4.170776642335766171e-01 4.011334017857142720e-01 0.000000000000000000e+00 3.718156243778974468e-01 0.000000000000000000e+00 4.196896663657644910e-01 4.728138145161290273e-01 3.925985382389688416e-01 4.259262768101385599e-01 4.178434296730688668e-01 4.428345157710814051e-01 3.955356568088101987e-01 4.692645267175572510e-01 4.346004579439252113e-01 3.959187755492781235e-01 4.016672184562334880e-01 0.000000000000000000e+00 4.016437612939662283e-01 4.107348826845689804e-01 4.357822774662513110e-01 4.009191450381679456e-01 3.885986971830985848e-01 0.000000000000000000e+00 0.000000000000000000e+00 0.000000000000000000e+00 4.325933224537036881e-01 4.232232803738317783e-01 0.000000000000000000e+00 0.000000000000000000e+00 3.815580199999999977e-01 3.322091875000000583e-01
4.889557573502093524e-01 3.179610140915899441e-01 4.579202607345412845e-01 2.528801287494471528e-01 4.593905193336493276e-01 2.038856513231703527e-01 4.672119215613682042e-01 2.741320573820424933e-01 4.347859965640175073e-01 2.802405678773119413e-01 4.698389872944876422e-01 3.691399306107450151e-01 4.470161818429647105e-01 3.426424021992018898e-01 4.532340375953157752e-01 3.174956151286428829e-01 4.855583984857207436e-01 3.968227099222453869e-01 4.801036876133845666e-01 3.185582370163982935e-01 0.000000000000000000e+00 3.192053571428571379e-01 4.545283546879343994e-01 2.652351796594026867e-01 4.308271262056612705e-01 2.849519965040199776e-01 3.647986617647058782e-01 3.214317813397129520e-01 4.837727099054855984e-01 3.601130869994213501e-01 4.210007471125999379e-01 3.613558621932957404e-01 4.781766119001296111e-01 3.776418938015183580e-01 0.000000000000000000e+00 4.673687799999999282e-01 5.375492238505221732e-01 4.499258284379584749e-01 0.000000000000000000e+00 4.944480775551194363e-01 0.000000000000000000e+00 3.627363684210526129e-01 0.000000000000000000e+00 4.117874561192764737e-01 0.000000000000000000e+00 4.039785198971841962e-01 0.000000000000000000e+00 4.681250170940170485e-01 0.000000000000000000e+00 4.286869492261404235e-01 0.000000000000000000e+00 3.636525500102376629e-01 0.000000000000000000e+00 4.116386912380952112e-01 0.000000000000000000e+00 0.000000000000000000e+00 4.831457339601511469e-01 3.880733192783894503e-01 4.992144734736841949e-01 4.161967755287809267e-01 0.000000000000000000e+00 3.976513773604349877e-01 0.000000000000000000e+00 3.946783549679487857e-01 4.782269541284403513e-01 3.810062406328081908e-01 4.595494347933493651e-01 4.206447088714635463e-01 0.000000000000000000e+00 3.873328929521593356e-01 4.604597220330235441e-01 3.737369311929248927e-01 4.746885329793925634e-01 3.613421768448151772e-01 0.000000000000000000e+00 0.000000000000000000e+00 4.568564896190110969e-01 3.912304249840952708e-01 0.000000000000000000e+00 0.000000000000000000e+00 0.000000000000000000e+00 3.976879452392144687e-01 0.000000000000000000e+00 4.079029802005623151e-01 0.000000000000000000e+00 3.813230828234398517e-01 0.000000000000000000e+00 0.000000000000000000e+00 0.000000000000000000e+00 4.020766863997113916e-01 3.694064029850746000e-01 4.199391045893456909e-01 0.000000000000000000e+00 4.188800414610830414e-01 4.421269844440914309e-01 4.350169311363054070e-01 0.000000000000000000e+00 4.689345989130434544e-01 4.113825551794642599e-01 4.165060662572310224e-01 3.981581045566502386e-01 4.341090345995963773e-01 4.263979827586206195e-01 4.060240580327974524e-01 4.496071010101010401e-01 4.254002617045903878e-01 0.000000000000000000e+00 4.340347339449541764e-01 0.000000000000000000e+00 3.857795050396831682e-01 4.017717699115044283e-01 0.000000000000000000e+00 0.000000000000000000e+00 0.000000000000000000e+00 4.199337981651374840e-01 0.000000000000000000e+00
3.487328672357719039e-01 0.000000000000000000e+00 2.407128275680068263e-01 4.593905193336493276e-01 2.190378541035381543e-01 4.445806202742818569e-01 2.682387562529580660e-01 4.596429409534703581e-01 2.299392017753823791e-01 4.490205582295842546e-01 2.780405842334494615e-01 0.000000000000000000e+00 2.936633718773691837e-01 4.360351162790697677e-01 2.682895444115144246e-01 4.512520889884763520e-01 0.000000000000000000e+00 0.000000000000000000e+00 3.602418271329365096e-01 0.000000000000000000e+00 2.294893254259964266e-01 3.511233750000000153e-01 3.214643839148898508e-01 4.528509229232328681e-01 2.374210846945350728e-01 4.499977360948574368e-01 2.905749485169377144e-01 4.491108213877114674e-01 3.184943229483826466e-01 4.407337031250000425e-01 3.261113947425341442e-01 4.246890438231279985e-01 3.447401321551428199e-01 0.000000000000000000e+00 4.831105446623092936e-01 0.000000000000000000e+00 0.000000000000000000e+00 0.000000000000000000e+00 0.000000000000000000e+00 0.000000000000000000e+00 3.963601500000000222e-01 0.000000000000000000e+00 4.286725694483733973e-01 0.000000000000000000e+00 0.000000000000000000e+00 0.000000000000000000e+00 4.109381107333683336e-01 0.000000000000000000e+00 0.000000000000000000e+00 0.000000000000000000e+00 4.574835157555782184e-01 5.158345428571428082e-01 3.991107876106194108e-01 0.000000000000000000e+00 4.100848571428570843e-01 0.000000000000000000e+00 0.000000000000000000e+00 0.000000000000000000e+00 0.000000000000000000e+00 0.000000000000000000e+00 3.985425601733628143e-01 0.000000000000000000e+00 0.000000000000000000e+00 0.000000000000000000e+00 3.266040388349514823e-01 0.000000000000000000e+00 4.132910000000000195e-01 0.000000000000000000e+00 0.000000000000000000e+00 0.000000000000000000e+00 3.143217969518054544e-01 4.890186251795217154e-01 3.422773788119923277e-01 4.555867735815604114e-01 2.774767142857142987e-01 0.000000000000000000e+00 3.283600276794041983e-01 4.548033376068376654e-01 0.000000000000000000e+00 0.000000000000000000e+00 3.839565566595873891e-01 0.000000000000000000e+00 3.862684856906840047e-01 0.000000000000000000e+00 3.823147230261023655e-01 0.000000000000000000e+00 3.492589511889861997e-01 0.000000000000000000e+00 3.868313258190129167e-01 3.389820882352940767e-01 0.000000000000000000e+00 0.000000000000000000e+00 0.000000000000000000e+00 0.000000000000000000e+00 3.529928445241640733e-01 3.542166195652173277e-01 0.000000000000000000e+00 0.000000000000000000e+00 0.000000000000000000e+00 0.000000000000000000e+00 3.796225714285714203e-01 0.000000000000000000e+00 0.000000000000000000e+00 3.678068458020989917e-01 0.000000000000000000e+00 0.000000000000000000e+00 0.000000000000000000e+00 0.000000000000000000e+00 0.000000000000000000e+00 3.413323789473683978e-01 0.000000000000000000e+00 0.000000000000000000e+00 0.000000000000000000e+00 0.000000000000000000e+00 0.000000000000000000e+00 0.000000000000000000e+00
0.000000000000000000e+00 2.610981758235442762e-01 4.366053012879011486e-01 2.038856513231703527e-01 4.445806202742818569e-01 1.914470610065317213e-01 4.349084212065377208e-01 2.574199241758534651e-01 4.419855214321854464e-01 2.002750045504518295e-01 0.000000000000000000e+00 0.000000000000000000e+00 4.538716364535768655e-01 2.943896562265651551e-01 4.447500509478214958e-01 2.379001132740764246e-01 0.000000000000000000e+00 0.000000000000000000e+00 0.000000000000000000e+00 3.515111490636065317e-01 3.848989612906448810e-01 2.754394298019677834e-01 4.259073817138966933e-01 2.731710255360600970e-01 4.259027556788240743e-01 1.835880288465857602e-01 4.260921937615310684e-01 1.930358588831153077e-01 0.000000000000000000e+00 2.851604118458963555e-01 3.959094236815628443e-01 3.157317303752271154e-01 0.000000000000000000e+00 3.661050241968296093e-01 0.000000000000000000e+00 4.383308744008427293e-01 0.000000000000000000e+00 3.747362634339079790e-01 0.000000000000000000e+00 4.009327992753622949e-01 0.000000000000000000e+00 3.242178870967741267e-01 0.000000000000000000e+00 0.000000000000000000e+00 0.000000000000000000e+00 0.000000000000000000e+00 0.000000000000000000e+00 4.461708984000001266e-01 0.000000000000000000e+00 3.756536958989903918e-01 0.000000000000000000e+00 3.492444066450817175e-01 0.000000000000000000e+00 0.000000000000000000e+00 0.000000000000000000e+00 0.000000000000000000e+00 0.000000000000000000e+00 0.000000000000000000e+00 0.000000000000000000e+00 3.878200241312741436e-01 0.000000000000000000e+00 0.000000000000000000e+00 0.000000000000000000e+00 3.659899612403100799e-01 0.000000000000000000e+00 3.533373401869280839e-01 0.000000000000000000e+00 3.977848874563877923e-01 0.000000000000000000e+00 3.514245288990424099e-01 4.601090271892491201e-01 3.191972113053883620e-01 4.311668985507246532e-01 3.126978193830831643e-01 0.000000000000000000e+00 0.000000000000000000e+00 0.000000000000000000e+00 3.344983581479408774e-01 0.000000000000000000e+00 0.000000000000000000e+00 0.000000000000000000e+00 4.047072698412698122e-01 0.000000000000000000e+00 2.879977692307692516e-01 0.000000000000000000e+00 3.223958676470588536e-01 0.000000000000000000e+00 3.502539718309858885e-01 0.000000000000000000e+00 3.569372741183547415e-01 0.000000000000000000e+00 0.000000000000000000e+00 0.000000000000000000e+00 0.000000000000000000e+00 3.829342365591397734e-01 3.644041078809620582e-01 0.000000000000000000e+00 0.000000000000000000e+00 0.000000000000000000e+00 0.000000000000000000e+00 0.000000000000000000e+00 0.000000000000000000e+00 0.000000000000000000e+00 0.000000000000000000e+00 0.000000000000000000e+00 0.000000000000000000e+00 0.000000000000000000e+00 3.714295238095237095e-01 0.000000000000000000e+00 0.000000000000000000e+00 0.000000000000000000e+00 0.000000000000000000e+00 0.000000000000000000e+00 0.000000000000000000e+00 0.000000000000000000e+00 0.000000000000000000e+00
3.165514752619016936e-01 4.682224507709702443e-01 3.112525329739401214e-01 4.672119215613682042e-01 2.682387562529580660e-01 4.349084212065377208e-01 2.654341510572377771e-01 4.544029016933649467e-01 2.632352473660221071e-01 4.367623410259237615e-01 3.710769067657548881e-01 4.668417209327074269e-01 2.928285555317348132e-01 4.481566212163266560e-01 3.083215341854422809e-01 4.412258504465449427e-01 3.754178436365396831e-01 4.626491801775122759e-01 3.524057523484288579e-01 4.880247678337683581e-01 0.000000000000000000e+00 0.000000000000000000e+00 3.353599099942162765e-01 4.534688350984032446e-01 3.291731500000000255e-01 4.673187302304321333e-01 0.000000000000000000e+00 0.000000000000000000e+00 3.463144055342369798e-01 4.618047078120256499e-01 3.918111684118427696e-01 4.564423819684729766e-01 3.764935401619298183e-01 4.865706804335783175e-01 4.156957846008004775e-01 0.000000000000000000e+00 4.414707074782511231e-01 4.670006105263157514e-01 0.000000000000000000e+00 0.000000000000000000e+00 3.978620322127595088e-01 0.000000000000000000e+00 0.000000000000000000e+00 0.000000000000000000e+00 0.000000000000000000e+00 0.000000000000000000e+00 4.025394976251060464e-01 0.000000000000000000e+00 3.752221196581196905e-01 0.000000000000000000e+00 3.617338800240366137e-01 4.276048310810811048e-01 3.825373166633320166e-01 0.000000000000000000e+00 3.731491319941655505e-01 3.976839494382022888e-01 3.776860963991509612e-01 4.301261319879179368e-01 3.994180138092540688e-01 4.892725867724868061e-01 3.744844278021037809e-01 4.542058706896552334e-01 3.969081954757861519e-01 0.000000000000000000e+00 3.689111450676096360e-01 4.133538390749957325e-01 4.318302098049098259e-01 4.763137248138078483e-01 4.165696021544644800e-01 0.000000000000000000e+00 3.305148098208137153e-01 4.739989231931052149e-01 3.455251187103842159e-01 4.565947592261108690e-01 0.000000000000000000e+00 0.000000000000000000e+00 3.684941486661211796e-01 4.428988425805626683e-01 3.594721428571428512e-01 0.000000000000000000e+00 3.717119957458558388e-01 0.000000000000000000e+00 3.904143163291032836e-01 0.000000000000000000e+00 3.732872668303683361e-01 4.148224336564519943e-01 3.997338618421052425e-01 0.000000000000000000e+00 3.874645107439706471e-01 0.000000000000000000e+00 4.038383065168073549e-01 0.000000000000000000e+00 3.774820926783849506e-01 0.000000000000000000e+00 4.261208577038483325e-01 4.419686134984954218e-01 4.497879090909091548e-01 0.000000000000000000e+00 4.412301028037383110e-01 4.481680752283522251e-01 4.054902439810500470e-01 0.000000000000000000e+00 4.097107300546447561e-01 4.322559669346054956e-01 4.048772478632478022e-01 4.763566617647058132e-01 0.000000000000000000e+00 0.000000000000000000e+00 0.000000000000000000e+00 0.000000000000000000e+00 0.000000000000000000e+00 4.142835833333332607e-01 3.862695982142857476e-01 0.000000000000000000e+00 0.000000000000000000e+00 0.000000000000000000e+00
4.685645204743314474e-01 2.806794720057504966e-01 4.537291823998836349e-01 2.741320573820424933e-01 4.596429409534703581e-01 2.574199241758534651e-01 4.544029016933649467e-01 2.708266336233541294e-01 4.398655314777583647e-01 2.505277574522418171e-01 4.493594460644138033e-01 3.121174997151967001e-01 4.434523759006189780e-01 2.738870636134722036e-01 4.576241861843515224e-01 2.964409135481227420e-01 4.569751449816930600e-01 3.819034926264183727e-01 4.755184332342337616e-01 3.519264359981559842e-01 0.000000000000000000e+00 0.000000000000000000e+00 4.505618945754305549e-01 3.304576751676157609e-01 4.359712698718279378e-01 0.000000000000000000e+00 4.047002408680157592e-01 0.000000000000000000e+00 4.525252547197723407e-01 3.303039553748852164e-01 4.228002716188032362e-01 3.585693888696800391e-01 4.670947539250907554e-01 3.900082869209483549e-01 0.000000000000000000e+00 0.000000000000000000e+00 4.823267817359884746e-01 4.203634706099874108e-01 0.000000000000000000e+00 4.250239723746229159e-01 0.000000000000000000e+00 0.000000000000000000e+00 4.193286114649681373e-01 3.707568271408120952e-01 0.000000000000000000e+00 3.632966715975701200e-01 0.000000000000000000e+00 0.000000000000000000e+00 0.000000000000000000e+00 3.608569128211144283e-01 4.496361479007633388e-01 3.615048179533325579e-01 0.000000000000000000e+00 3.446196338588335406e-01 0.000000000000000000e+00 3.745514244396893622e-01 4.609111018375198765e-01 3.643913369306482908e-01 4.581485024671493322e-01 3.999372699952398746e-01 4.431183314131738049e-01 3.565977834220595000e-01 0.000000000000000000e+00 3.786014120475848510e-01 0.000000000000000000e+00 3.641160177700792921e-01 4.608011678899307517e-01 4.268740217246978497e-01 0.000000000000000000e+00 4.202344638905205487e-01 4.511030442436763654e-01 3.075480312593379395e-01 4.441241231609735496e-01 3.332489917982944805e-01 0.000000000000000000e+00 0.000000000000000000e+00 4.452516136143472303e-01 3.698939796343661546e-01 0.000000000000000000e+00 3.684727169077758324e-01 4.490946666666667531e-01 3.893658723347242501e-01 0.000000000000000000e+00 3.659486232237558756e-01 0.000000000000000000e+00 3.757706026201672600e-01 0.000000000000000000e+00 3.819424363057325467e-01 0.000000000000000000e+00 3.803990421001984257e-01 4.298954872004357441e-01 0.000000000000000000e+00 0.000000000000000000e+00 0.000000000000000000e+00 4.125275223016403037e-01 4.255163158914964661e-01 4.583554139344262479e-01 0.000000000000000000e+00 0.000000000000000000e+00 4.290052017543859453e-01 3.971446146788991660e-01 3.817093050847458202e-01 4.011966285536417987e-01 3.793742203389831036e-01 0.000000000000000000e+00 0.000000000000000000e+00 0.000000000000000000e+00 0.000000000000000000e+00 0.000000000000000000e+00 3.703980227590228935e-01 0.000000000000000000e+00 0.000000000000000000e+00 0.000000000000000000e+00 0.000000000000000000e+00 0.000000000000000000e+00 0.000000000000000000e+00
3.598923087230707640e-01 0.000000000000000000e+00 2.757444115999383438e-01 4.347859965640175073e-01 2.299392017753823791e-01 4.419855214321854464e-01 2.632352473660221071e-01 4.398655314777583647e-01 2.087121175847967136e-01 4.416436100111378327e-01 3.355470371373117655e-01 0.000000000000000000e+00 2.850910221500376207e-01 4.434227590361446425e-01 2.391401042907934649e-01 4.497743627917694664e-01 0.000000000000000000e+00 0.000000000000000000e+00 4.054022184051115918e-01 4.534656504854370773e-01 3.336190646313055841e-01 0.000000000000000000e+00 2.958815739133917044e-01 4.509454852805405700e-01 2.057793368174670456e-01 4.526316390439873438e-01 2.721077202355073887e-01 4.792376714285713768e-01 3.225737311416928543e-01 4.616653989262371471e-01 3.607678962776013076e-01 4.332433988023621230e-01 3.905245630282540015e-01 0.000000000000000000e+00 4.117825314685314431e-01 0.000000000000000000e+00 0.000000000000000000e+00 0.000000000000000000e+00 0.000000000000000000e+00 0.000000000000000000e+00 0.000000000000000000e+00 0.000000000000000000e+00 4.299087519379845013e-01 0.000000000000000000e+00 0.000000000000000000e+00 0.000000000000000000e+00 0.000000000000000000e+00 0.000000000000000000e+00 0.000000000000000000e+00 0.000000000000000000e+00 3.941495245261270597e-01 0.000000000000000000e+00 4.030620111111111181e-01 0.000000000000000000e+00 0.000000000000000000e+00 0.000000000000000000e+00 3.904235119154663147e-01 0.000000000000000000e+00 0.000000000000000000e+00 0.000000000000000000e+00 4.003705938593088431e-01 0.000000000000000000e+00 4.092084081537018525e-01 0.000000000000000000e+00 3.845476121901573729e-01 0.000000000000000000e+00 4.126109230769230418e-01 0.000000000000000000e+00 4.213606715023847094e-01 0.000000000000000000e+00 3.178697345419896902e-01 4.795704514883043501e-01 3.325889324016869097e-01 4.249895396454472785e-01 0.000000000000000000e+00 0.000000000000000000e+00 3.406426847252095325e-01 3.873525135135134634e-01 0.000000000000000000e+00 0.000000000000000000e+00 3.869827814003289901e-01 0.000000000000000000e+00 3.748721051212937638e-01 0.000000000000000000e+00 3.761307888818536393e-01 0.000000000000000000e+00 3.668929636381553228e-01 0.000000000000000000e+00 4.033888817620601697e-01 0.000000000000000000e+00 0.000000000000000000e+00 0.000000000000000000e+00 0.000000000000000000e+00 0.000000000000000000e+00 3.605642645797499379e-01 0.000000000000000000e+00 0.000000000000000000e+00 0.000000000000000000e+00 0.000000000000000000e+00 0.000000000000000000e+00 0.000000000000000000e+00 0.000000000000000000e+00 0.000000000000000000e+00 0.000000000000000000e+00 0.000000000000000000e+00 4.028450272727271964e-01 0.000000000000000000e+00 0.000000000000000000e+00 0.000000000000000000e+00 0.000000000000000000e+00 0.000000000000000000e+00 0.000000000000000000e+00 0.000000000000000000e+00 0.000000000000000000e+00 0.000000000000000000e+00 0.000000000000000000e+00
0.000000000000000000e+00 3.211129723969812222e-01 4.406962918159718079e-01 2.802405678773119413e-01 4.490205582295842546e-01 2.002750045504518295e-01 4.367623410259237615e-01 2.505277574522418171e-01 4.416436100111378327e-01 1.988855864432804710e-01 3.993986701417847618e-01 3.071745429141308215e-01 4.424190169951331963e-01 2.971684653641151197e-01 4.703267118219323084e-01 2.355249886123765568e-01 0.000000000000000000e+00 0.000000000000000000e+00 0.000000000000000000e+00 4.306223448275861565e-01 4.124431142857142851e-01 3.094306707525317779e-01 4.256168062079904724e-01 2.805560519525525653e-01 4.288714471705865061e-01 1.796670450367280070e-01 3.785087962962962460e-01 1.707751348955026671e-01 0.000000000000000000e+00 3.146697292571701277e-01 4.180591053294556714e-01 3.248886142780670894e-01 4.190778191489361593e-01 3.345390442257550889e-01 0.000000000000000000e+00 0.000000000000000000e+00 0.000000000000000000e+00 3.575016712328767388e-01 0.000000000000000000e+00 0.000000000000000000e+00 0.000000000000000000e+00 0.000000000000000000e+00 0.000000000000000000e+00 3.490392133333333202e-01 0.000000000000000000e+00 0.000000000000000000e+00 0.000000000000000000e+00 0.000000000000000000e+00 0.000000000000000000e+00 0.000000000000000000e+00 0.000000000000000000e+00 3.063222203703703794e-01 0.000000000000000000e+00 0.000000000000000000e+00 0.000000000000000000e+00 3.266979774436089556e-01 0.000000000000000000e+00 3.919123464494166376e-01 0.000000000000000000e+00 3.842155160463598951e-01 0.000000000000000000e+00 0.000000000000000000e+00 0.000000000000000000e+00 3.818222134644315702e-01 0.000000000000000000e+00 3.484795813650081731e-01 0.000000000000000000e+00 3.991786992992538696e-01 0.000000000000000000e+00 0.000000000000000000e+00 4.604414082458689883e-01 3.201292434182980151e-01 4.587950568181817790e-01 3.264227418502421152e-01 0.000000000000000000e+00 0.000000000000000000e+00 0.000000000000000000e+00 3.443060683450740456e-01 0.000000000000000000e+00 3.912634698795180999e-01 0.000000000000000000e+00 3.809927462437050494e-01 0.000000000000000000e+00 0.000000000000000000e+00 0.000000000000000000e+00 3.506245871034174288e-01 0.000000000000000000e+00 0.000000000000000000e+00 0.000000000000000000e+00 3.731837516350960948e-01 0.000000000000000000e+00 0.000000000000000000e+00 0.000000000000000000e+00 0.000000000000000000e+00 0.000000000000000000e+00 0.000000000000000000e+00 0.000000000000000000e+00 0.000000000000000000e+00 0.000000000000000000e+00 0.000000000000000000e+00 0.000000000000000000e+00 0.000000000000000000e+00 0.000000000000000000e+00 0.000000000000000000e+00 0.000000000000000000e+00 0.000000000000000000e+00 0.000000000000000000e+00 0.000000000000000000e+00 0.000000000000000000e+00 3.654313777777777883e-01 0.000000000000000000e+00 0.000000000000000000e+00 0.000000000000000000e+00 0.000000000000000000e+00 0.000000000000000000e+00 0.000000000000000000e+00
3.253419343351024451e-01 4.769158218028674567e-01 3.677966547819153109e-01 4.698389872944876422e-01 2.780405842334494615e-01 0.000000000000000000e+00 3.710769067657548881e-01 4.493594460644138033e-01 3.355470371373117655e-01 3.993986701417847618e-01 3.079383052253219510e-01 4.609175342809236908e-01 3.238108785785643873e-01 4.537672126023662988e-01 3.335153893094047750e-01 0.000000000000000000e+00 3.200028558047310900e-01 4.811295121951220111e-01 4.041184781502377699e-01 4.919627228482609804e-01 0.000000000000000000e+00 0.000000000000000000e+00 3.705940226551610595e-01 4.694732269817852299e-01 0.000000000000000000e+00 0.000000000000000000e+00 0.000000000000000000e+00 0.000000000000000000e+00 3.113313215928391053e-01 4.751891474358974632e-01 3.892062995617054377e-01 4.365632256001090172e-01 3.712368852178758449e-01 4.792009232774622207e-01 0.000000000000000000e+00 0.000000000000000000e+00 4.089451337172382295e-01 0.000000000000000000e+00 0.000000000000000000e+00 0.000000000000000000e+00 0.000000000000000000e+00 0.000000000000000000e+00 0.000000000000000000e+00 0.000000000000000000e+00 0.000000000000000000e+00 0.000000000000000000e+00 4.226278571428571107e-01 0.000000000000000000e+00 4.400276913580246085e-01 0.000000000000000000e+00 4.195665473739972895e-01 0.000000000000000000e+00 0.000000000000000000e+00 0.000000000000000000e+00 0.000000000000000000e+00 0.000000000000000000e+00 3.720325954389220868e-01 0.000000000000000000e+00 4.050342297816866832e-01 0.000000000000000000e+00 4.173848293778221197e-01 0.000000000000000000e+00 3.825954225130367981e-01 0.000000000000000000e+00 4.182415495939133532e-01 0.000000000000000000e+00 4.141527918625709792e-01 0.000000000000000000e+00 4.431754457831326710e-01 0.000000000000000000e+00 3.286676584036450910e-01 4.324807761645156901e-01 3.253890223025701078e-01 4.707899627132972609e-01 0.000000000000000000e+00 0.000000000000000000e+00 3.830966625956645499e-01 4.450683059340727610e-01 0.000000000000000000e+00 0.000000000000000000e+00 3.585156333657364969e-01 0.000000000000000000e+00 0.000000000000000000e+00 0.000000000000000000e+00 3.984426039249797658e-01 0.000000000000000000e+00 0.000000000000000000e+00 0.000000000000000000e+00 4.101449919714937886e-01 0.000000000000000000e+00 0.000000000000000000e+00 0.000000000000000000e+00 0.000000000000000000e+00 0.000000000000000000e+00 3.953111012658228063e-01 0.000000000000000000e+00 0.000000000000000000e+00 0.000000000000000000e+00 0.000000000000000000e+00 0.000000000000000000e+00 0.000000000000000000e+00 0.000000000000000000e+00 0.000000000000000000e+00 0.000000000000000000e+00 0.000000000000000000e+00 0.000000000000000000e+00 0.000000000000000000e+00 0.000000000000000000e+00 0.000000000000000000e+00 0.000000000000000000e+00 0.000000000000000000e+00 0.000000000000000000e+00 0.000000000000000000e+00 0.000000000000000000e+00 0.000000000000000000e+00 0.000000000000000000e+00
4.692853414474267293e-01 3.149385780321402040e-01 4.686800239171509674e-01 3.691399306107450151e-01 0.000000000000000000e+00 0.000000000000000000e+00 4.668417209327074269e-01 3.121174997151967001e-01 0.000000000000000000e+00 3.071745429141308215e-01 4.609175342809236908e-01 2.609735708227804984e-01 4.728070413032867680e-01 2.802980040743456858e-01 0.000000000000000000e+00 2.906146285586247435e-01 4.494034895833333709e-01 2.931033647886928661e-01 4.800921830010468350e-01 4.091763424406648642e-01 0.000000000000000000e+00 0.000000000000000000e+00 4.534379569903481122e-01 3.789109219866165779e-01 0.000000000000000000e+00 0.000000000000000000e+00 0.000000000000000000e+00 0.000000000000000000e+00 4.600400248948388615e-01 3.036145305027392327e-01 4.356277337962962681e-01 3.730685584701277091e-01 4.921488395264110305e-01 3.903708761598350119e-01 0.000000000000000000e+00 4.397421085256409956e-01 0.000000000000000000e+00 4.104566209192028192e-01 0.000000000000000000e+00 4.588170833333333198e-01 0.000000000000000000e+00 0.000000000000000000e+00 0.000000000000000000e+00 0.000000000000000000e+00 0.000000000000000000e+00 0.000000000000000000e+00 0.000000000000000000e+00 0.000000000000000000e+00 0.000000000000000000e+00 3.452684688034187710e-01 0.000000000000000000e+00 3.754449017554001844e-01 0.000000000000000000e+00 0.000000000000000000e+00 0.000000000000000000e+00 4.102910241813069736e-01 0.000000000000000000e+00 3.573420118896930564e-01 4.637881712328767447e-01 4.109620687634331082e-01 4.714969431253683285e-01 3.779997118486427832e-01 0.000000000000000000e+00 3.774387928762666378e-01 0.000000000000000000e+00 3.883916219408673487e-01 4.527933620000264558e-01 4.331932101281219527e-01 0.000000000000000000e+00 0.000000000000000000e+00 5.084466973544973234e-01 3.159122683663738718e-01 4.422870883239065076e-01 3.650914697419955779e-01 0.000000000000000000e+00 0.000000000000000000e+00 0.000000000000000000e+00 3.544250321548430560e-01 0.000000000000000000e+00 3.793200967741935936e-01 0.000000000000000000e+00 4.072728476277326926e-01 0.000000000000000000e+00 3.803548850637597512e-01 0.000000000000000000e+00 4.068010860451719002e-01 0.000000000000000000e+00 4.010885677966101737e-01 0.000000000000000000e+00 4.172932093615648319e-01 0.000000000000000000e+00 0.000000000000000000e+00 0.000000000000000000e+00 0.000000000000000000e+00 0.000000000000000000e+00 3.715793778467908481e-01 0.000000000000000000e+00 0.000000000000000000e+00 0.000000000000000000e+00 0.000000000000000000e+00 3.805808796992481424e-01 0.000000000000000000e+00 0.000000000000000000e+00 0.000000000000000000e+00 0.000000000000000000e+00 0.000000000000000000e+00 0.000000000000000000e+00 0.000000000000000000e+00 0.000000000000000000e+00 0.000000000000000000e+00 0.000000000000000000e+00 0.000000000000000000e+00 0.000000000000000000e+00 0.000000000000000000e+00 0.000000000000000000e+00 0.000000000000000000e+00
3.573444289634426507e-01 0.000000000000000000e+00 3.413126603739428666e-01 4.470161818429647105e-01 2.936633718773691837e-01 4.538716364535768655e-01 2.928285555317348132e-01 4.434523759006189780e-01 2.850910221500376207e-01 4.424190169951331963e-01 3.238108785785643873e-01 4.728070413032867680e-01 2.533387478709249740e-01 4.479608104967420235e-01 2.714452683953593182e-01 4.400391754615622375e-01 3.580778293217258823e-01 0.000000000000000000e+00 3.907838029040469063e-01 4.294820326086955520e-01 0.000000000000000000e+00 0.000000000000000000e+00 3.526432281303372163e-01 4.457599636341411098e-01 3.150315806451612910e-01 4.425285469384369064e-01 0.000000000000000000e+00 0.000000000000000000e+00 2.854974260641601758e-01 4.546076442316474009e-01 3.738699613811803935e-01 4.442571088107754029e-01 3.573707857583838798e-01 4.496216418068864074e-01 0.000000000000000000e+00 0.000000000000000000e+00 4.292733836318219920e-01 4.409613871527777729e-01 0.000000000000000000e+00 0.000000000000000000e+00 0.000000000000000000e+00 0.000000000000000000e+00 0.000000000000000000e+00 0.000000000000000000e+00 0.000000000000000000e+00 0.000000000000000000e+00 0.000000000000000000e+00 0.000000000000000000e+00 0.000000000000000000e+00 0.000000000000000000e+00 3.585311138635820516e-01 0.000000000000000000e+00 3.802150707070706126e-01 0.000000000000000000e+00 3.631604565217390612e-01 0.000000000000000000e+00 3.784588151356337860e-01 0.000000000000000000e+00 3.976733992655665517e-01 4.743195771812079853e-01 4.122849912399970118e-01 4.545124860905518371e-01 3.959810036298304081e-01 0.000000000000000000e+00 3.991144711639681986e-01 0.000000000000000000e+00 4.054358318904758285e-01 0.000000000000000000e+00 4.110953544517976788e-01 0.000000000000000000e+00 3.054531775105402414e-01 4.588025536952997085e-01 3.436668151504608248e-01 4.476463726383764219e-01 3.474854605263157370e-01 0.000000000000000000e+00 3.542516999314665460e-01 4.406811327207209583e-01 3.821474729729730235e-01 0.000000000000000000e+00 3.807453596880444047e-01 0.000000000000000000e+00 0.000000000000000000e+00 0.000000000000000000e+00 3.847053462400278345e-01 0.000000000000000000e+00 3.772625099337748589e-01 0.000000000000000000e+00 3.985418036289060661e-01 0.000000000000000000e+00 3.880096869565217155e-01 0.000000000000000000e+00 0.000000000000000000e+00 0.000000000000000000e+00 3.785192580713678812e-01 4.140663798285927344e-01 0.000000000000000000e+00 0.000000000000000000e+00 0.000000000000000000e+00 0.000000000000000000e+00 0.000000000000000000e+00 0.000000000000000000e+00 0.000000000000000000e+00 0.000000000000000000e+00 0.000000000000000000e+00 4.258244195238095609e-01 0.000000000000000000e+00 0.000000000000000000e+00 0.000000000000000000e+00 0.000000000000000000e+00 0.000000000000000000e+00 0.000000000000000000e+00 0.000000000000000000e+00 0.000000000000000000e+00 0.000000000000000000e+00 0.000000000000000000e+00
