0.000000000000000000e+00 1.215614356824731498e-02 1.003657832253096321e-01 3.248375812093952809e-03 3.333333333333333547e-03 3.069367710251687904e-04 1.568891707626446919e-01 6.246414685448403378e-03 1.435025245814509735e-02 0.000000000000000000e+00 2.449991998719795172e-01 2.403846153846153980e-03 5.769230769230769551e-02 9.408321137361488158e-04 1.275917065390749609e-02 0.000000000000000000e+00 9.408709548541749346e-02 1.902173913043478338e-03 5.003121376973156120e-02 1.842126525006059640e-02 4.260758414997869417e-04 0.000000000000000000e+00 2.695976773123185365e-03 6.492452523940918548e-04 0.000000000000000000e+00 0.000000000000000000e+00 2.968239833778569419e-04 0.000000000000000000e+00 4.650881855520656860e-02 1.251452578886207102e-03 4.485049833887043251e-03 4.944783253667381275e-04 6.561816477450265785e-03 1.022913256955810223e-02 0.000000000000000000e+00 4.205214465937762635e-04 5.087572977481234077e-02 1.536983669548511048e-03 0.000000000000000000e+00 0.000000000000000000e+00 1.170960187353629976e-03 0.000000000000000000e+00 4.201680672268907814e-04 0.000000000000000000e+00 6.544372830937035014e-03 8.667764583513912213e-05 1.423082396470755741e-04 0.000000000000000000e+00 7.136975020587427859e-03 2.009646302250803836e-04 1.508833118507847508e-02 8.654262224145391831e-05 8.764241893076249110e-04 0.000000000000000000e+00 7.269555103227682506e-04 0.000000000000000000e+00 3.409306100365210312e-01 1.869399858183459079e-03 5.755997768272270998e-02 4.809619238476954117e-04 4.505201616370045625e-02 2.344116268166901212e-04 1.147498710675605958e-02 2.696871628910463628e-04 3.185907046476761650e-02 1.889109284972135551e-04 1.352959599123081808e-02 3.152833609206273928e-04 1.451880948783804137e-01 4.977277645531270368e-03 1.081081081081081141e-01 4.083577213639147624e-04 3.444962942629700708e-02 1.873887379368500018e-03 0.000000000000000000e+00 0.000000000000000000e+00 4.970868972356513871e-02 6.183017312448474932e-03 0.000000000000000000e+00 0.000000000000000000e+00 2.567394094993581330e-03 0.000000000000000000e+00 9.049773755656108972e-04 7.451564828614008935e-04 1.046397976197320848e-02 6.441638752898737623e-05 0.000000000000000000e+00 0.000000000000000000e+00 7.095498429684773435e-03 0.000000000000000000e+00 1.315443304393580561e-03 0.000000000000000000e+00 2.187158256522418569e-03 0.000000000000000000e+00 3.242924528301886766e-02 7.001166861143524184e-03 0.000000000000000000e+00 0.000000000000000000e+00 0.000000000000000000e+00 9.195402298850574368e-04 1.085776330076004392e-03 1.345895020188425315e-03 2.353402627966268059e-03 1.741856819369447793e-04 1.248108925869894151e-02 4.702562896778744663e-04 1.191895113230035698e-03 0.000000000000000000e+00 0.000000000000000000e+00 0.000000000000000000e+00 0.000000000000000000e+00 8.787346221441124251e-04 1.412429378531073441e-03 7.194244604316546920e-04 0.000000000000000000e+00 0.000000000000000000e+00
1.215614356824731498e-02 0.000000000000000000e+00 2.310209844060835682e-03 6.852823588205897432e-02 0.000000000000000000e+00 2.455494168201350323e-03 1.585539876327889553e-03 1.357001720950984647e-01 0.000000000000000000e+00 5.732712289501970190e-03 4.800768122899663716e-04 1.597985347985347859e-01 1.050861706599411517e-04 1.285803888772736776e-02 0.000000000000000000e+00 1.573316551290119625e-03 1.198561725928885260e-03 7.336956521739131099e-02 2.274146080442343565e-02 1.514906681748404427e-01 0.000000000000000000e+00 0.000000000000000000e+00 2.073828287017834792e-04 1.623113130985229637e-04 0.000000000000000000e+00 0.000000000000000000e+00 0.000000000000000000e+00 0.000000000000000000e+00 4.832085044696786489e-04 2.923035666398498406e-02 4.152823920265781045e-03 4.944783253667381275e-04 1.051973752734090134e-02 1.505728314238952495e-02 0.000000000000000000e+00 4.205214465937762635e-04 1.042535446205170935e-03 9.990393852065321267e-02 0.000000000000000000e+00 4.872563718140929430e-03 0.000000000000000000e+00 0.000000000000000000e+00 1.050420168067226954e-04 2.292876796086823477e-04 0.000000000000000000e+00 2.860362312559591030e-03 0.000000000000000000e+00 1.091345629160755173e-04 0.000000000000000000e+00 1.014871382636655869e-02 0.000000000000000000e+00 1.479878840328861973e-02 0.000000000000000000e+00 1.408698714562423016e-03 0.000000000000000000e+00 3.710170231340026176e-03 2.705261734072771356e-03 2.780248823567330607e-01 2.789659661521294337e-04 7.446893787575149803e-02 2.579313902501934692e-04 2.379278012189404642e-02 1.289324394017534858e-04 6.382596188421431165e-03 1.874062968515742068e-04 4.467743458959100994e-02 1.440651424992170403e-03 1.166548435406321478e-02 1.888502794984136743e-02 2.464834451417442229e-01 3.217503217503217398e-04 7.302797250391342143e-02 1.372495196266812966e-03 2.810831069052750070e-02 0.000000000000000000e+00 0.000000000000000000e+00 3.346969133506880016e-03 5.825776312173674282e-02 0.000000000000000000e+00 0.000000000000000000e+00 9.874592673052236301e-05 3.962488442742041934e-03 0.000000000000000000e+00 2.980625931445603574e-03 5.749439429655608740e-05 1.346302499355836110e-02 0.000000000000000000e+00 9.328358208955223703e-04 1.163196463882749861e-04 8.655453919543622254e-03 0.000000000000000000e+00 1.619620546043498395e-03 4.686767692548039635e-04 3.013444598980064872e-03 5.306603773584905349e-03 3.500583430571761745e-02 0.000000000000000000e+00 5.788712011577423593e-03 1.568627450980392092e-03 3.678160919540229747e-03 0.000000000000000000e+00 1.345895020188425315e-03 5.883506569915670148e-04 2.438599547117227019e-03 1.512859304084720156e-03 8.699741359040677816e-03 0.000000000000000000e+00 1.089324618736383548e-03 0.000000000000000000e+00 0.000000000000000000e+00 0.000000000000000000e+00 4.393673110720562776e-03 2.824858757062146883e-03 7.194244604316546920e-04 6.920415224913495020e-03 0.000000000000000000e+00
1.003657832253096321e-01 2.310209844060835682e-03 0.000000000000000000e+00 5.059970014992503339e-03 6.199999999999999956e-02 3.376304481276857020e-03 2.997463136197875411e-01 5.863981133278093304e-03 2.577730534148285971e-02 4.657828735220350888e-03 2.912465994559129343e-02 3.434065934065934009e-03 6.473308112652374768e-02 4.808697470206983390e-03 5.035315561631351078e-02 4.247954688483323270e-03 2.077506991610067813e-02 5.434782608695652240e-04 1.213769731561580301e-01 4.282136220408822892e-03 1.278227524499360879e-03 5.461496450027307015e-04 2.262546661136457804e-01 8.927122220418763979e-03 1.606922126081582192e-02 2.858504049547403499e-03 4.452359750667853749e-03 2.683123155352830575e-04 6.003865668035757164e-02 8.045052292839902953e-04 1.328903654485049865e-02 1.368056700181308726e-02 1.083220497864805822e-02 2.945990180032733406e-03 1.132930513595166271e-03 0.000000000000000000e+00 2.939949958298582189e-02 1.921229586935638810e-04 6.939625260235946988e-04 0.000000000000000000e+00 1.170960187353629976e-03 0.000000000000000000e+00 4.201680672268907814e-04 0.000000000000000000e+00 8.725830441249379441e-03 0.000000000000000000e+00 4.269247189412267223e-04 0.000000000000000000e+00 7.411474059840790669e-03 0.000000000000000000e+00 1.220714231556600284e-02 0.000000000000000000e+00 2.921413964358749523e-04 0.000000000000000000e+00 5.815644082582145788e-04 0.000000000000000000e+00 9.806573786013796437e-03 6.446206407529169705e-05 2.733866468290868657e-02 0.000000000000000000e+00 3.868970853752901930e-03 1.172058134083450606e-04 5.157297576070139430e-04 0.000000000000000000e+00 5.622188905547226799e-03 0.000000000000000000e+00 2.486689633573441888e-02 1.576416804603136964e-04 1.299289922949085907e-02 6.492101276779917683e-04 4.021879021879021937e-02 1.225073164091744450e-03 7.809497666758166701e-02 2.154970486273775129e-03 0.000000000000000000e+00 0.000000000000000000e+00 1.181356142308169072e-01 4.671613080516625292e-03 0.000000000000000000e+00 0.000000000000000000e+00 1.876172607879924951e-03 2.641658961828027884e-04 0.000000000000000000e+00 0.000000000000000000e+00 4.714540332317599357e-03 6.441638752898737623e-05 5.452562704471101670e-04 0.000000000000000000e+00 3.256950098871699232e-03 0.000000000000000000e+00 2.630886608787161448e-04 4.627487274409995493e-04 1.718481487267614497e-03 0.000000000000000000e+00 2.889150943396226467e-02 4.667444574095682211e-03 0.000000000000000000e+00 2.170767004341534172e-03 3.137254901960784183e-03 4.597701149425287184e-04 1.628664495114006587e-03 0.000000000000000000e+00 2.941753284957834749e-03 0.000000000000000000e+00 1.361573373676248054e-02 7.053844345168116181e-04 0.000000000000000000e+00 0.000000000000000000e+00 0.000000000000000000e+00 0.000000000000000000e+00 0.000000000000000000e+00 1.757469244288224850e-03 1.412429378531073441e-03 0.000000000000000000e+00 3.460207612456747510e-03 0.000000000000000000e+00
3.248375812093952809e-03 6.852823588205897432e-02 5.059970014992503339e-03 0.000000000000000000e+00 1.555555555555555467e-03 4.389195825659913952e-02 1.284287299825590672e-02 3.153164637644209067e-01 2.125963327132606839e-03 1.433178072375492634e-02 3.040486477836453795e-03 4.658882783882783984e-02 1.019335855401429236e-02 8.666109136525193546e-02 3.417634996582364932e-03 4.483952171176840834e-02 5.992808629644426300e-04 1.521739130434782671e-02 6.510300544011415023e-03 1.282217015431849350e-01 0.000000000000000000e+00 0.000000000000000000e+00 1.897552882621319006e-02 1.824379159227398073e-01 2.224969097651421489e-03 2.858504049547403586e-02 2.968239833778569419e-04 5.902870941776227481e-03 2.899251026818071893e-03 4.433717708053991347e-02 2.009966777408637995e-02 2.818526454590407002e-02 5.832725757733569008e-03 2.217675941080196264e-02 0.000000000000000000e+00 1.261564339781328899e-03 2.085070892410341870e-04 3.170028818443804131e-02 0.000000000000000000e+00 1.499250374812593654e-03 0.000000000000000000e+00 0.000000000000000000e+00 0.000000000000000000e+00 1.528584530724548985e-04 9.915716410510659194e-05 3.553783479240704007e-03 0.000000000000000000e+00 0.000000000000000000e+00 0.000000000000000000e+00 6.732315112540193311e-03 1.516415194480248707e-04 6.057983556901774119e-03 0.000000000000000000e+00 3.521746786406057539e-04 0.000000000000000000e+00 1.091226538629419540e-03 2.028946300554578788e-04 7.864371817185586769e-03 0.000000000000000000e+00 1.931863727454909835e-02 4.298856504169890611e-04 5.860290670417253166e-04 0.000000000000000000e+00 6.292700467457749188e-04 0.000000000000000000e+00 4.722773212430339367e-03 3.758221108675227303e-04 2.065106014030109599e-02 7.554011179936546147e-04 5.842891149101926349e-03 1.689189189189189283e-03 3.668413530252501165e-02 3.156738951413670148e-03 8.938442799587745236e-02 0.000000000000000000e+00 0.000000000000000000e+00 4.462625511342506110e-03 8.560043968123111358e-02 0.000000000000000000e+00 1.199040767386091045e-03 0.000000000000000000e+00 5.283317923656055768e-04 0.000000000000000000e+00 5.216095380029806688e-03 3.449663657793364973e-04 1.223911363050760081e-03 0.000000000000000000e+00 0.000000000000000000e+00 0.000000000000000000e+00 9.835743090390479046e-04 2.630886608787161448e-04 1.388246182322998594e-03 4.686767692548039635e-04 1.159017153453871171e-03 4.716981132075471518e-03 2.917152858809801685e-02 5.991611743559017511e-04 0.000000000000000000e+00 1.568627450980392092e-03 1.379310344827586101e-03 2.714440825190010979e-04 0.000000000000000000e+00 5.883506569915670148e-04 2.090228183243337569e-03 1.134644478063540117e-03 5.878203620973430910e-03 0.000000000000000000e+00 0.000000000000000000e+00 0.000000000000000000e+00 0.000000000000000000e+00 0.000000000000000000e+00 1.757469244288224850e-03 0.000000000000000000e+00 0.000000000000000000e+00 2.306805074971165007e-03 0.000000000000000000e+00
3.333333333333333547e-03 0.000000000000000000e+00 6.199999999999999956e-02 1.555555555555555467e-03 0.000000000000000000e+00 3.683241252302025918e-03 5.787220548596797368e-03 1.274778507234367909e-04 3.770927451501461802e-01 2.866356144750985095e-03 6.401024163866218288e-04 0.000000000000000000e+00 3.783102143757881460e-03 1.045369015262387558e-04 1.257689678742310302e-01 1.101321585903083803e-03 0.000000000000000000e+00 0.000000000000000000e+00 8.918219923303308608e-04 0.000000000000000000e+00 1.193012356199403545e-02 0.000000000000000000e+00 6.117793446702613110e-03 1.460801817886706782e-03 1.320148331273176823e-01 5.240590757503572721e-03 1.846245176610269989e-01 8.049369466058491724e-04 1.183860835950712766e-02 0.000000000000000000e+00 3.986710963455149075e-03 1.153782759189055486e-03 4.166232684095406589e-04 8.183306055646481835e-05 0.000000000000000000e+00 0.000000000000000000e+00 2.085070892410341870e-04 0.000000000000000000e+00 0.000000000000000000e+00 0.000000000000000000e+00 1.170960187353629976e-03 0.000000000000000000e+00 0.000000000000000000e+00 0.000000000000000000e+00 9.915716410510659194e-05 0.000000000000000000e+00 0.000000000000000000e+00 0.000000000000000000e+00 0.000000000000000000e+00 0.000000000000000000e+00 1.516415194480248707e-04 8.654262224145391831e-05 2.921413964358749523e-04 0.000000000000000000e+00 2.907822041291072894e-04 0.000000000000000000e+00 1.352630867036385678e-04 0.000000000000000000e+00 1.859773107680862982e-04 0.000000000000000000e+00 8.597713008339780952e-05 0.000000000000000000e+00 0.000000000000000000e+00 0.000000000000000000e+00 7.496251874062968270e-04 0.000000000000000000e+00 3.758221108675227303e-04 0.000000000000000000e+00 0.000000000000000000e+00 0.000000000000000000e+00 2.952059202059201942e-02 1.157013543864425205e-03 2.621465824869612798e-02 0.000000000000000000e+00 0.000000000000000000e+00 0.000000000000000000e+00 2.231312755671253055e-03 0.000000000000000000e+00 0.000000000000000000e+00 0.000000000000000000e+00 3.949837069220894521e-04 0.000000000000000000e+00 0.000000000000000000e+00 0.000000000000000000e+00 1.667337434600126575e-03 0.000000000000000000e+00 1.090512540894220334e-03 0.000000000000000000e+00 1.163196463882749726e-03 0.000000000000000000e+00 0.000000000000000000e+00 0.000000000000000000e+00 0.000000000000000000e+00 0.000000000000000000e+00 0.000000000000000000e+00 0.000000000000000000e+00 0.000000000000000000e+00 0.000000000000000000e+00 0.000000000000000000e+00 0.000000000000000000e+00 0.000000000000000000e+00 0.000000000000000000e+00 1.961168856638556535e-04 0.000000000000000000e+00 3.782148260211800391e-04 0.000000000000000000e+00 0.000000000000000000e+00 0.000000000000000000e+00 0.000000000000000000e+00 0.000000000000000000e+00 0.000000000000000000e+00 0.000000000000000000e+00 0.000000000000000000e+00 0.000000000000000000e+00 0.000000000000000000e+00 0.000000000000000000e+00
3.069367710251687904e-04 2.455494168201350323e-03 3.376304481276857020e-03 4.389195825659913952e-02 3.683241252302025918e-03 0.000000000000000000e+00 2.378309814491834438e-04 2.868251641277328162e-03 2.391708743024182748e-03 1.512002866356144670e-01 1.600256040966554572e-04 1.144688644688644688e-04 3.152585119798234550e-04 2.090738030524775387e-03 1.139211665527454977e-03 4.594084329767149366e-02 0.000000000000000000e+00 1.358695652173913060e-04 8.918219923303308066e-05 7.271552072392340740e-04 2.130379207498934654e-03 2.239213544511196169e-02 4.977187888842804150e-03 1.688037656224638736e-02 8.899876390605685958e-03 6.646021915197712626e-02 1.187295933511427768e-03 2.259189696807083481e-01 0.000000000000000000e+00 9.207115401805666954e-03 1.112956810631229171e-02 5.109609362122960290e-03 0.000000000000000000e+00 2.127659574468085141e-03 0.000000000000000000e+00 0.000000000000000000e+00 0.000000000000000000e+00 3.842459173871277619e-04 0.000000000000000000e+00 0.000000000000000000e+00 0.000000000000000000e+00 3.680981595092024539e-03 0.000000000000000000e+00 0.000000000000000000e+00 0.000000000000000000e+00 8.667764583513912213e-05 0.000000000000000000e+00 0.000000000000000000e+00 0.000000000000000000e+00 0.000000000000000000e+00 0.000000000000000000e+00 1.730852444829078366e-04 0.000000000000000000e+00 0.000000000000000000e+00 0.000000000000000000e+00 0.000000000000000000e+00 0.000000000000000000e+00 0.000000000000000000e+00 0.000000000000000000e+00 8.016032064128255957e-05 0.000000000000000000e+00 2.344116268166901212e-04 0.000000000000000000e+00 0.000000000000000000e+00 0.000000000000000000e+00 2.833663927458203598e-04 0.000000000000000000e+00 1.103491763222196010e-03 0.000000000000000000e+00 0.000000000000000000e+00 8.043758043758043495e-05 2.130266113115088927e-02 2.744990392533625933e-04 2.754614447671694874e-02 0.000000000000000000e+00 0.000000000000000000e+00 2.479236395190281654e-04 2.473206924979389886e-03 0.000000000000000000e+00 0.000000000000000000e+00 0.000000000000000000e+00 2.641658961828027884e-04 0.000000000000000000e+00 4.470938897168405361e-03 0.000000000000000000e+00 9.662458129348106299e-04 0.000000000000000000e+00 4.664179104477611851e-04 0.000000000000000000e+00 2.950722927117143605e-04 0.000000000000000000e+00 0.000000000000000000e+00 0.000000000000000000e+00 0.000000000000000000e+00 0.000000000000000000e+00 0.000000000000000000e+00 0.000000000000000000e+00 0.000000000000000000e+00 0.000000000000000000e+00 0.000000000000000000e+00 0.000000000000000000e+00 0.000000000000000000e+00 0.000000000000000000e+00 0.000000000000000000e+00 0.000000000000000000e+00 0.000000000000000000e+00 0.000000000000000000e+00 0.000000000000000000e+00 0.000000000000000000e+00 0.000000000000000000e+00 0.000000000000000000e+00 0.000000000000000000e+00 0.000000000000000000e+00 0.000000000000000000e+00 0.000000000000000000e+00 0.000000000000000000e+00
1.568891707626446919e-01 1.585539876327889553e-03 2.997463136197875411e-01 1.284287299825590672e-02 5.787220548596797368e-03 2.378309814491834438e-04 0.000000000000000000e+00 9.497099878896041181e-03 3.135795907520595033e-02 2.866356144750985095e-03 7.009121459433509393e-02 9.271978021978021997e-03 2.071248423707440223e-01 1.128998536483378709e-02 8.885850991114149777e-03 3.146633102580239250e-03 4.394726328405912548e-03 2.717391304347826120e-04 1.765807544814055122e-02 7.756322210551829834e-03 8.521516829995738835e-04 0.000000000000000000e+00 8.191621733720448606e-03 1.168641454309365425e-02 4.944375772558714903e-04 7.146260123868508748e-04 0.000000000000000000e+00 0.000000000000000000e+00 2.234839333172263659e-02 1.519620988647537273e-03 6.312292358803987119e-03 1.615295862864677898e-02 3.749609415685866039e-03 5.810147299509001682e-03 7.552870090634441081e-04 0.000000000000000000e+00 3.336113427856546992e-03 3.842459173871277619e-04 3.469812630117973494e-04 0.000000000000000000e+00 2.341920374707259951e-03 1.226993865030674919e-03 1.470588235294117627e-03 0.000000000000000000e+00 1.249380267724343151e-02 8.667764583513912213e-05 1.423082396470755741e-04 0.000000000000000000e+00 1.029371397200109714e-02 1.004823151125401918e-04 1.713549169762680971e-02 0.000000000000000000e+00 8.764241893076249110e-04 0.000000000000000000e+00 1.599302122710090064e-03 0.000000000000000000e+00 6.019207358311916972e-03 1.289241281505833941e-04 1.032174074762878986e-02 8.016032064128255957e-05 9.543461439257158035e-03 1.172058134083450606e-04 1.289324394017534858e-04 8.989572096368212545e-05 1.686656671664167953e-02 0.000000000000000000e+00 6.639523958659568001e-03 2.364625206904705582e-04 2.115123130382232791e-03 0.000000000000000000e+00 6.362612612612612850e-02 2.109848227046893111e-03 3.774361789733735734e-02 3.372997282863300032e-03 0.000000000000000000e+00 0.000000000000000000e+00 2.528821123094086853e-02 5.083814234679857012e-03 8.071025020177562213e-04 0.000000000000000000e+00 1.876172607879924951e-03 0.000000000000000000e+00 0.000000000000000000e+00 0.000000000000000000e+00 1.230380037946300284e-02 2.576655501159495049e-04 5.452562704471101670e-04 0.000000000000000000e+00 1.139932534605094840e-02 0.000000000000000000e+00 0.000000000000000000e+00 4.627487274409995493e-04 6.249023590064052124e-04 0.000000000000000000e+00 2.948113207547170024e-03 2.333722287047841105e-03 0.000000000000000000e+00 0.000000000000000000e+00 0.000000000000000000e+00 0.000000000000000000e+00 0.000000000000000000e+00 1.345895020188425315e-03 9.805844283192783218e-04 0.000000000000000000e+00 3.782148260211800391e-04 0.000000000000000000e+00 0.000000000000000000e+00 0.000000000000000000e+00 0.000000000000000000e+00 0.000000000000000000e+00 0.000000000000000000e+00 0.000000000000000000e+00 0.000000000000000000e+00 0.000000000000000000e+00 0.000000000000000000e+00 0.000000000000000000e+00
6.246414685448403378e-03 1.357001720950984647e-01 5.863981133278093304e-03 3.153164637644209067e-01 1.274778507234367909e-04 2.868251641277328162e-03 9.497099878896041181e-03 0.000000000000000000e+00 1.328727079457879328e-03 3.833751343604442641e-02 2.560409665546487315e-03 8.665293040293040039e-02 7.461118116855821984e-03 2.548609659209701284e-01 2.050580997949419046e-03 4.279421019509125484e-02 3.196164602477027505e-03 1.209239130434782566e-02 1.400160527958619477e-02 2.375373676981498011e-02 0.000000000000000000e+00 5.461496450027307015e-04 1.347988386561592769e-02 1.168641454309365425e-02 4.944375772558714903e-04 4.525964745116722171e-03 0.000000000000000000e+00 2.683123155352830575e-04 1.328823387291616339e-03 1.903995709305443887e-02 1.777408637873754277e-02 6.263392121312015559e-03 7.290907197166961694e-03 7.610474631751227605e-03 0.000000000000000000e+00 2.102607232968881426e-03 8.340283569641367481e-04 4.803073967339097430e-03 0.000000000000000000e+00 7.496251874062968270e-04 0.000000000000000000e+00 0.000000000000000000e+00 0.000000000000000000e+00 7.642922653622744923e-05 9.915716410510659194e-05 1.022796220854641641e-02 0.000000000000000000e+00 2.182691258321510345e-04 1.372495196266812966e-04 1.477090032154340822e-02 1.516415194480248707e-04 1.410644742535698860e-02 0.000000000000000000e+00 1.936960732523331646e-03 0.000000000000000000e+00 5.237887385421213272e-03 2.028946300554578788e-04 6.575130535679752503e-03 4.649432769202157590e-04 1.795591182364729421e-02 1.719542601667956190e-04 2.461322081575246287e-03 1.289324394017534858e-04 2.696871628910463628e-04 5.622188905547225932e-04 1.870218192122414386e-02 6.263701847792045054e-05 1.442421376211870492e-02 4.532406707961927797e-04 1.514823631248647532e-03 1.045688545688545695e-03 7.704349009732525122e-02 2.744990392533625933e-03 3.026328117680127452e-02 0.000000000000000000e+00 1.960784313725490169e-02 6.693938267013760032e-03 1.703764770541357429e-02 8.071025020177562213e-04 2.398081534772182090e-03 9.874592673052236301e-05 1.717078325188218287e-03 0.000000000000000000e+00 4.470938897168405361e-03 1.149887885931121748e-04 9.726874516877093146e-03 0.000000000000000000e+00 0.000000000000000000e+00 1.163196463882749861e-04 9.442313366774859537e-03 2.630886608787161448e-04 0.000000000000000000e+00 0.000000000000000000e+00 2.318034306907742126e-04 1.768867924528301928e-03 1.166861143523920553e-03 0.000000000000000000e+00 0.000000000000000000e+00 7.843137254901960459e-04 1.379310344827586101e-03 0.000000000000000000e+00 0.000000000000000000e+00 0.000000000000000000e+00 0.000000000000000000e+00 7.564296520423600782e-04 0.000000000000000000e+00 0.000000000000000000e+00 0.000000000000000000e+00 0.000000000000000000e+00 0.000000000000000000e+00 0.000000000000000000e+00 0.000000000000000000e+00 0.000000000000000000e+00 7.194244604316546920e-04 0.000000000000000000e+00 0.000000000000000000e+00
1.435025245814509735e-02 0.000000000000000000e+00 2.577730534148285971e-02 2.125963327132606839e-03 3.770927451501461802e-01 2.391708743024182748e-03 3.135795907520595033e-02 1.328727079457879328e-03 0.000000000000000000e+00 1.791472590469365793e-03 5.600896143382941110e-03 0.000000000000000000e+00 3.215636822194199024e-02 0.000000000000000000e+00 2.246525404420141314e-01 1.573316551290119625e-03 1.997602876548142190e-04 0.000000000000000000e+00 5.350931953981985381e-04 0.000000000000000000e+00 4.686834256497656413e-03 0.000000000000000000e+00 4.147656574035669583e-04 2.759292322674890274e-03 1.211372064276884999e-02 3.096712720343020638e-03 9.201543484713565688e-03 5.366246310705661150e-04 8.456148828219376898e-03 0.000000000000000000e+00 1.827242524916943434e-03 1.483434976100214166e-03 1.041558171023851647e-04 0.000000000000000000e+00 0.000000000000000000e+00 0.000000000000000000e+00 0.000000000000000000e+00 0.000000000000000000e+00 0.000000000000000000e+00 0.000000000000000000e+00 2.341920374707259951e-03 0.000000000000000000e+00 1.050420168067226954e-04 0.000000000000000000e+00 0.000000000000000000e+00 0.000000000000000000e+00 1.423082396470755741e-04 0.000000000000000000e+00 1.372495196266812966e-04 0.000000000000000000e+00 0.000000000000000000e+00 0.000000000000000000e+00 0.000000000000000000e+00 0.000000000000000000e+00 0.000000000000000000e+00 0.000000000000000000e+00 4.057892601109157576e-04 0.000000000000000000e+00 1.859773107680862982e-04 0.000000000000000000e+00 1.461611211417762884e-03 0.000000000000000000e+00 1.289324394017534858e-04 0.000000000000000000e+00 1.499250374812593654e-03 0.000000000000000000e+00 0.000000000000000000e+00 0.000000000000000000e+00 1.510802235987309175e-04 0.000000000000000000e+00 1.536357786357786352e-02 7.486558225005104971e-04 2.415591545429590994e-02 1.873887379368500018e-04 0.000000000000000000e+00 0.000000000000000000e+00 2.603198214949795520e-03 0.000000000000000000e+00 0.000000000000000000e+00 0.000000000000000000e+00 4.937296336526118693e-04 0.000000000000000000e+00 0.000000000000000000e+00 0.000000000000000000e+00 1.897315011786350871e-03 0.000000000000000000e+00 0.000000000000000000e+00 0.000000000000000000e+00 4.652785855530999445e-04 0.000000000000000000e+00 2.630886608787161448e-04 0.000000000000000000e+00 0.000000000000000000e+00 0.000000000000000000e+00 1.179245283018867880e-03 0.000000000000000000e+00 0.000000000000000000e+00 0.000000000000000000e+00 0.000000000000000000e+00 0.000000000000000000e+00 0.000000000000000000e+00 0.000000000000000000e+00 0.000000000000000000e+00 0.000000000000000000e+00 0.000000000000000000e+00 0.000000000000000000e+00 0.000000000000000000e+00 0.000000000000000000e+00 0.000000000000000000e+00 0.000000000000000000e+00 0.000000000000000000e+00 0.000000000000000000e+00 0.000000000000000000e+00 0.000000000000000000e+00 0.000000000000000000e+00 0.000000000000000000e+00
0.000000000000000000e+00 5.732712289501970190e-03 4.657828735220350888e-03 1.433178072375492634e-02 2.866356144750985095e-03 1.512002866356144670e-01 2.866356144750985095e-03 3.833751343604442641e-02 1.791472590469365793e-03 0.000000000000000000e+00 0.000000000000000000e+00 3.434065934065934009e-03 6.305170239596469099e-04 2.435709805561363239e-02 4.556846662109819801e-04 1.257079924480805633e-01 0.000000000000000000e+00 0.000000000000000000e+00 8.918219923303308066e-05 4.039751151329078129e-04 1.704303365999147767e-03 8.738394320043691224e-03 3.629199502281211034e-03 4.382405453660119694e-03 4.449938195302842979e-03 7.146260123868508748e-04 5.936479667557138839e-04 8.317681781593774457e-03 1.208021261174196622e-04 1.045856798069187514e-02 6.312292358803987119e-03 2.637217735289269869e-03 0.000000000000000000e+00 4.909983633387888288e-04 0.000000000000000000e+00 0.000000000000000000e+00 0.000000000000000000e+00 3.842459173871277619e-04 0.000000000000000000e+00 0.000000000000000000e+00 0.000000000000000000e+00 0.000000000000000000e+00 0.000000000000000000e+00 0.000000000000000000e+00 0.000000000000000000e+00 1.733552916702782443e-04 0.000000000000000000e+00 1.091345629160755173e-04 0.000000000000000000e+00 2.009646302250803836e-04 0.000000000000000000e+00 8.654262224145391831e-05 0.000000000000000000e+00 0.000000000000000000e+00 0.000000000000000000e+00 5.456132693147097701e-04 0.000000000000000000e+00 1.289241281505833941e-04 0.000000000000000000e+00 4.809619238476954117e-04 0.000000000000000000e+00 8.204406938584153566e-04 0.000000000000000000e+00 1.797914419273642509e-04 0.000000000000000000e+00 1.511287427977708441e-03 0.000000000000000000e+00 7.882084023015684820e-05 0.000000000000000000e+00 2.164033758926639137e-04 4.826254826254826368e-04 2.844892125501939650e-02 5.489980785067251866e-04 2.014428932821137400e-02 0.000000000000000000e+00 0.000000000000000000e+00 0.000000000000000000e+00 3.572410002748007806e-03 0.000000000000000000e+00 0.000000000000000000e+00 0.000000000000000000e+00 1.320829480914014050e-03 0.000000000000000000e+00 5.961251862891207148e-03 5.749439429655608740e-05 1.803658850811646480e-03 0.000000000000000000e+00 9.328358208955223703e-04 0.000000000000000000e+00 1.278646601750762319e-03 0.000000000000000000e+00 0.000000000000000000e+00 0.000000000000000000e+00 0.000000000000000000e+00 0.000000000000000000e+00 1.166861143523920553e-03 0.000000000000000000e+00 0.000000000000000000e+00 0.000000000000000000e+00 0.000000000000000000e+00 0.000000000000000000e+00 0.000000000000000000e+00 0.000000000000000000e+00 0.000000000000000000e+00 0.000000000000000000e+00 4.702562896778744663e-04 0.000000000000000000e+00 0.000000000000000000e+00 0.000000000000000000e+00 0.000000000000000000e+00 0.000000000000000000e+00 0.000000000000000000e+00 0.000000000000000000e+00 0.000000000000000000e+00 0.000000000000000000e+00 0.000000000000000000e+00
2.449991998719795172e-01 4.800768122899663716e-04 2.912465994559129343e-02 3.040486477836453795e-03 6.401024163866218288e-04 1.600256040966554572e-04 7.009121459433509393e-02 2.560409665546487315e-03 5.600896143382941110e-03 0.000000000000000000e+00 0.000000000000000000e+00 2.174908424908424988e-03 1.704497688104245345e-01 1.254442818314865232e-03 7.974481658692184408e-03 0.000000000000000000e+00 5.013983220135836971e-02 0.000000000000000000e+00 1.756889324890751822e-02 2.504645713824028321e-03 0.000000000000000000e+00 0.000000000000000000e+00 4.666113645790128349e-03 1.298490504788183710e-03 0.000000000000000000e+00 2.382086707956169492e-04 0.000000000000000000e+00 0.000000000000000000e+00 3.225416767335104878e-02 7.151157593635469774e-04 3.488372093023255766e-03 9.889566507334762550e-04 3.437141964378710463e-03 1.309328968903437094e-03 1.510574018126888216e-03 0.000000000000000000e+00 6.255212677231025611e-04 0.000000000000000000e+00 0.000000000000000000e+00 0.000000000000000000e+00 0.000000000000000000e+00 0.000000000000000000e+00 0.000000000000000000e+00 0.000000000000000000e+00 1.784828953891918601e-03 0.000000000000000000e+00 1.423082396470755741e-04 0.000000000000000000e+00 1.097996157013450373e-03 0.000000000000000000e+00 1.819698233376298340e-03 0.000000000000000000e+00 0.000000000000000000e+00 0.000000000000000000e+00 4.361733061936609612e-04 0.000000000000000000e+00 6.763154335181928607e-03 0.000000000000000000e+00 3.533568904593639530e-03 0.000000000000000000e+00 1.487404350442782242e-02 0.000000000000000000e+00 4.899432697266632025e-03 0.000000000000000000e+00 1.330584707646176833e-02 0.000000000000000000e+00 1.628562480425931741e-03 1.576416804603136964e-04 4.532406707961927797e-04 0.000000000000000000e+00 4.842342342342342149e-02 5.444769618185530888e-04 1.056821301125446082e-02 6.558605827789750061e-04 0.000000000000000000e+00 0.000000000000000000e+00 1.611503656873682858e-03 1.374003847210772183e-03 0.000000000000000000e+00 0.000000000000000000e+00 1.777426681149402643e-03 0.000000000000000000e+00 0.000000000000000000e+00 0.000000000000000000e+00 9.026619904559305546e-03 0.000000000000000000e+00 0.000000000000000000e+00 0.000000000000000000e+00 4.885425148307549065e-03 0.000000000000000000e+00 0.000000000000000000e+00 0.000000000000000000e+00 0.000000000000000000e+00 0.000000000000000000e+00 0.000000000000000000e+00 0.000000000000000000e+00 0.000000000000000000e+00 0.000000000000000000e+00 0.000000000000000000e+00 0.000000000000000000e+00 0.000000000000000000e+00 0.000000000000000000e+00 1.961168856638556535e-04 0.000000000000000000e+00 3.782148260211800391e-04 0.000000000000000000e+00 0.000000000000000000e+00 0.000000000000000000e+00 0.000000000000000000e+00 0.000000000000000000e+00 0.000000000000000000e+00 0.000000000000000000e+00 0.000000000000000000e+00 0.000000000000000000e+00 0.000000000000000000e+00 0.000000000000000000e+00
2.403846153846153980e-03 1.597985347985347859e-01 3.434065934065934009e-03 4.658882783882783984e-02 0.000000000000000000e+00 1.144688644688644688e-04 9.271978021978021997e-03 8.665293040293040039e-02 0.000000000000000000e+00 3.434065934065934009e-03 2.174908424908424988e-03 0.000000000000000000e+00 9.457755359394703649e-04 1.303575162032197254e-01 2.278423331054909900e-04 2.674638137193203428e-03 5.992808629644426300e-04 4.986413043478260532e-02 6.064389547846250027e-03 2.625838248363900757e-02 0.000000000000000000e+00 0.000000000000000000e+00 1.762754043965159695e-03 5.843207271546827127e-03 0.000000000000000000e+00 0.000000000000000000e+00 0.000000000000000000e+00 0.000000000000000000e+00 9.664170089393572978e-04 5.756681862876553146e-02 4.318936877076412148e-03 5.439261579034119186e-03 4.478700135402561948e-03 3.846153846153846367e-03 0.000000000000000000e+00 2.102607232968881426e-03 4.170141784820683740e-04 2.305475504322766680e-03 0.000000000000000000e+00 0.000000000000000000e+00 0.000000000000000000e+00 1.226993865030674919e-03 0.000000000000000000e+00 7.642922653622744923e-05 9.915716410510659194e-05 1.993585854208199809e-03 0.000000000000000000e+00 0.000000000000000000e+00 0.000000000000000000e+00 2.813504823151125479e-03 7.582075972401243534e-05 3.375162267416702624e-03 0.000000000000000000e+00 1.760873393203028769e-03 0.000000000000000000e+00 8.293321693583587464e-03 6.763154335181928390e-05 1.166763359762779638e-02 9.298865538404314909e-05 7.615230460921843837e-03 8.597713008339780952e-05 2.051101734646038413e-02 0.000000000000000000e+00 8.270406328658755704e-03 1.874062968515742068e-04 1.794653820723528942e-02 2.505480739116818021e-04 2.364625206904705582e-03 7.554011179936546147e-04 2.596840510711967073e-03 1.126126126126126116e-03 6.356768529231607290e-02 4.117485588800439441e-04 1.770823573503232592e-02 0.000000000000000000e+00 0.000000000000000000e+00 3.842816412544936347e-03 1.360263808738664502e-02 0.000000000000000000e+00 1.199040767386091045e-03 9.874592673052236301e-05 2.139743759080702662e-02 0.000000000000000000e+00 0.000000000000000000e+00 1.724831828896682487e-04 2.602422056171090070e-02 0.000000000000000000e+00 4.664179104477611851e-04 0.000000000000000000e+00 2.655650634405429256e-02 2.630886608787161448e-04 0.000000000000000000e+00 0.000000000000000000e+00 0.000000000000000000e+00 1.179245283018867880e-03 1.166861143523920553e-03 0.000000000000000000e+00 0.000000000000000000e+00 0.000000000000000000e+00 0.000000000000000000e+00 0.000000000000000000e+00 0.000000000000000000e+00 0.000000000000000000e+00 0.000000000000000000e+00 0.000000000000000000e+00 0.000000000000000000e+00 0.000000000000000000e+00 0.000000000000000000e+00 0.000000000000000000e+00 0.000000000000000000e+00 0.000000000000000000e+00 0.000000000000000000e+00 0.000000000000000000e+00 0.000000000000000000e+00 0.000000000000000000e+00 0.000000000000000000e+00
5.769230769230769551e-02 1.050861706599411517e-04 6.473308112652374768e-02 1.019335855401429236e-02 3.783102143757881460e-03 3.152585119798234550e-04 2.071248423707440223e-01 7.461118116855821984e-03 3.215636822194199024e-02 6.305170239596469099e-04 1.704497688104245345e-01 9.457755359394703649e-04 0.000000000000000000e+00 5.854066485469371084e-03 2.109820004556846595e-01 1.573316551290119625e-03 3.395924890131841751e-03 0.000000000000000000e+00 1.016677071256577233e-02 7.271552072392340740e-04 0.000000000000000000e+00 0.000000000000000000e+00 3.183326420572376442e-02 6.330141210842395692e-03 2.472187886279357451e-04 9.528346831824677969e-04 0.000000000000000000e+00 5.366246310705661150e-04 9.241362647982603873e-02 2.681684097613301165e-04 6.146179401993355149e-03 5.604087687489698634e-03 1.145713988126236893e-03 9.001636661211129611e-04 3.776435045317220541e-04 0.000000000000000000e+00 4.170141784820683740e-04 1.921229586935638810e-04 0.000000000000000000e+00 0.000000000000000000e+00 0.000000000000000000e+00 0.000000000000000000e+00 3.151260504201680861e-04 0.000000000000000000e+00 9.915716410510658652e-04 0.000000000000000000e+00 0.000000000000000000e+00 0.000000000000000000e+00 1.509744715893494372e-03 0.000000000000000000e+00 1.668056713928273496e-03 0.000000000000000000e+00 0.000000000000000000e+00 0.000000000000000000e+00 0.000000000000000000e+00 0.000000000000000000e+00 4.057892601109157685e-03 0.000000000000000000e+00 3.347591593825553422e-03 0.000000000000000000e+00 1.272461525234287738e-02 0.000000000000000000e+00 2.578648788035069715e-03 0.000000000000000000e+00 1.611694152923538390e-02 0.000000000000000000e+00 1.378014406514249885e-03 0.000000000000000000e+00 1.359722012388578285e-03 0.000000000000000000e+00 5.670849420849420619e-02 9.528346831824677969e-04 3.952786165248421690e-02 1.967581748336924910e-03 0.000000000000000000e+00 0.000000000000000000e+00 1.909012024296516744e-02 1.374003847210772183e-03 0.000000000000000000e+00 0.000000000000000000e+00 2.962377801915670999e-03 0.000000000000000000e+00 0.000000000000000000e+00 0.000000000000000000e+00 1.069395733915943190e-02 6.441638752898737623e-05 0.000000000000000000e+00 0.000000000000000000e+00 4.885425148307549065e-03 0.000000000000000000e+00 0.000000000000000000e+00 0.000000000000000000e+00 0.000000000000000000e+00 0.000000000000000000e+00 5.896226415094339398e-04 0.000000000000000000e+00 0.000000000000000000e+00 0.000000000000000000e+00 0.000000000000000000e+00 0.000000000000000000e+00 0.000000000000000000e+00 0.000000000000000000e+00 0.000000000000000000e+00 0.000000000000000000e+00 0.000000000000000000e+00 0.000000000000000000e+00 0.000000000000000000e+00 0.000000000000000000e+00 0.000000000000000000e+00 0.000000000000000000e+00 0.000000000000000000e+00 0.000000000000000000e+00 0.000000000000000000e+00 0.000000000000000000e+00 0.000000000000000000e+00 0.000000000000000000e+00
