0.000000000000000000e+00 1.178700956149027375e-02 4.914261815140108514e-02 3.409736692555408438e-03 1.648351648351648350e-03 0.000000000000000000e+00 1.478686918177364029e-01 2.416431735803463432e-03 4.878048780487804874e-04 0.000000000000000000e+00 1.927307508369201228e-01 5.305039787798407997e-04 2.249874308697838096e-02 3.761283851554663728e-04 0.000000000000000000e+00 0.000000000000000000e+00 1.019108280254777121e-01 1.635322976287816900e-03 6.293238116491854661e-02 3.497094558901214789e-02 0.000000000000000000e+00 0.000000000000000000e+00 9.549795361527967531e-04 1.506477854775534794e-04 6.988120195667365132e-04 0.000000000000000000e+00 0.000000000000000000e+00 0.000000000000000000e+00 1.505216095380029762e-02 3.097893432465923208e-04 5.529444290848769877e-04 0.000000000000000000e+00 1.464950711938663684e-02 1.828410689170182832e-02 0.000000000000000000e+00 3.279763857002295727e-04 3.630008066684592416e-02 0.000000000000000000e+00 4.726890756302520695e-03 0.000000000000000000e+00 0.000000000000000000e+00 0.000000000000000000e+00 0.000000000000000000e+00 0.000000000000000000e+00 3.036744609778317867e-04 9.075233687267447800e-05 2.229157378510922803e-04 0.000000000000000000e+00 2.088708686570831755e-03 0.000000000000000000e+00 6.677411927239235330e-03 4.949678270912390501e-04 1.648804616652926663e-03 0.000000000000000000e+00 2.876106194690265447e-03 0.000000000000000000e+00 2.012756909992912957e-01 6.003001500750374756e-04 4.446697566628041859e-02 2.688894864210809518e-04 6.117062567924235611e-02 3.864734299516908115e-04 6.340579710144927938e-03 1.346257404415724280e-04 4.108843537414966218e-02 2.659928181939087808e-04 8.373650911797543561e-03 5.928184281842818152e-04 7.497820401046206840e-02 4.162537165510406603e-03 9.435751541014698873e-02 6.573541495480689917e-04 3.234234234234234506e-02 3.415592178293911491e-04 1.007049345417925477e-03 0.000000000000000000e+00 6.544231764097258042e-02 8.122534230679971700e-04 1.736111111111111015e-03 0.000000000000000000e+00 8.868583714055361042e-03 1.809299800977021903e-04 6.997900629811056213e-04 0.000000000000000000e+00 2.666068222621184938e-02 9.603380389897243517e-05 1.484413656605640701e-03 0.000000000000000000e+00 2.027726050072418615e-02 0.000000000000000000e+00 1.174693740560496698e-03 3.716090672612411532e-03 4.452359750667853858e-04 8.539709649871904265e-04 7.610350076103500339e-03 0.000000000000000000e+00 6.930006930006930030e-04 3.577817531305903416e-03 1.752848378615249822e-03 7.343124165554071672e-03 0.000000000000000000e+00 2.666666666666666578e-03 1.963607802068333651e-03 1.017423375302047624e-03 1.067235859124866662e-03 5.333333333333333589e-04 8.326394671107410729e-04 0.000000000000000000e+00 0.000000000000000000e+00 0.000000000000000000e+00 0.000000000000000000e+00 0.000000000000000000e+00 1.245330012453300115e-03 5.984440454817474423e-04 0.000000000000000000e+00 0.000000000000000000e+00
1.178700956149027375e-02 0.000000000000000000e+00 2.091175240485152863e-03 8.524341731388521137e-02 0.000000000000000000e+00 0.000000000000000000e+00 2.057814796668299730e-03 9.534836890857832647e-02 0.000000000000000000e+00 1.592356687898089252e-03 7.173601147776184021e-04 8.594164456233421845e-02 0.000000000000000000e+00 1.554663991975927841e-02 0.000000000000000000e+00 2.686246418338108718e-03 1.592356687898089252e-03 8.203870264377215171e-02 1.829948672171390414e-02 1.096671949286846248e-01 0.000000000000000000e+00 0.000000000000000000e+00 2.728512960436562306e-04 3.012955709551069588e-04 0.000000000000000000e+00 0.000000000000000000e+00 0.000000000000000000e+00 3.427004797806717162e-04 7.451564828614008935e-04 2.540272614622057085e-02 5.529444290848769877e-04 3.679175864606328179e-04 9.583789704271631141e-03 6.485388341928426462e-03 4.580852038479157093e-04 3.279763857002295727e-04 5.377789728421619037e-04 5.696915109209637479e-02 0.000000000000000000e+00 1.017935046049442578e-02 0.000000000000000000e+00 0.000000000000000000e+00 0.000000000000000000e+00 2.312940904359893704e-04 0.000000000000000000e+00 1.089028042472093682e-03 0.000000000000000000e+00 0.000000000000000000e+00 0.000000000000000000e+00 3.710230961877376919e-03 0.000000000000000000e+00 1.014684045537040009e-02 0.000000000000000000e+00 2.127659574468085141e-03 0.000000000000000000e+00 1.457725947521865866e-03 1.984408221119773105e-03 2.885442721360680363e-01 1.158748551564310527e-03 3.966119924710943823e-02 1.552553951249805895e-04 5.159420289855072561e-02 0.000000000000000000e+00 1.952073236402800116e-02 0.000000000000000000e+00 3.590903045617768047e-02 1.953851879419426976e-03 6.436314363143631756e-03 1.342632955536181283e-02 9.494549058473736314e-02 0.000000000000000000e+00 6.088742810188989274e-02 1.261261261261261172e-03 3.108188882247459733e-02 0.000000000000000000e+00 0.000000000000000000e+00 1.939989653388515204e-03 8.621489904850312969e-02 0.000000000000000000e+00 0.000000000000000000e+00 1.343724805159903131e-04 6.513479283517279068e-03 0.000000000000000000e+00 0.000000000000000000e+00 8.976660682226212447e-05 2.669739748391433687e-02 0.000000000000000000e+00 0.000000000000000000e+00 0.000000000000000000e+00 9.232835319791842313e-03 3.356267830172848018e-04 4.087699739873652989e-03 2.226179875333926929e-04 8.539709649871904265e-04 6.088280060882800271e-03 5.527638190954774211e-02 0.000000000000000000e+00 1.788908765652951708e-03 8.764241893076249110e-04 6.675567423230974445e-04 0.000000000000000000e+00 0.000000000000000000e+00 2.618143736091111209e-04 1.907668828691339242e-03 3.557452863749555180e-04 1.066666666666666718e-03 0.000000000000000000e+00 3.550295857988165511e-03 0.000000000000000000e+00 0.000000000000000000e+00 9.380863039399624757e-04 0.000000000000000000e+00 1.245330012453300115e-03 5.984440454817474423e-04 0.000000000000000000e+00 0.000000000000000000e+00
4.914261815140108514e-02 2.091175240485152863e-03 0.000000000000000000e+00 5.304034855086190228e-03 3.571428571428571230e-02 3.001200480192076948e-03 2.464478196962273382e-01 6.443817962142569730e-03 4.292682926829268636e-02 2.653927813163481798e-03 3.778096604495456701e-02 1.237842617152962047e-03 4.688285570638511812e-02 2.256770310932798562e-03 4.224464060529634080e-02 1.790830945558739363e-03 1.091901728844404083e-02 1.362769146906514083e-04 1.226288774827047484e-01 4.120443740095087320e-03 0.000000000000000000e+00 0.000000000000000000e+00 2.238744884038199046e-01 4.820729135281711340e-03 1.187980433263452137e-02 3.632589517384535692e-03 6.776789495976280955e-03 2.398903358464701905e-03 1.371087928464977644e-02 3.097893432465923208e-04 3.566491567597456641e-02 1.490066225165562891e-02 1.437568455640744758e-02 6.172839506172839164e-03 2.290426019239578601e-03 3.279763857002295727e-04 7.528905619790265784e-03 0.000000000000000000e+00 1.050420168067226845e-03 0.000000000000000000e+00 0.000000000000000000e+00 0.000000000000000000e+00 0.000000000000000000e+00 0.000000000000000000e+00 6.073489219556635734e-04 0.000000000000000000e+00 0.000000000000000000e+00 0.000000000000000000e+00 1.597247819142400818e-03 9.275577404693442025e-05 3.338705963619617665e-03 8.249463784853984169e-05 8.244023083264633315e-04 0.000000000000000000e+00 8.849557522123893682e-04 0.000000000000000000e+00 1.984408221119773105e-03 0.000000000000000000e+00 5.793742757821553069e-03 1.344447432105404759e-04 3.260363297624592569e-03 0.000000000000000000e+00 2.264492753623188433e-04 1.346257404415724280e-04 2.448979591836734568e-03 0.000000000000000000e+00 5.489393375511722808e-03 8.468834688346883461e-05 3.138622493461203089e-03 1.982160555004955306e-04 5.443338074917022235e-02 3.040262941659819303e-03 6.990990990990990361e-02 1.195457262402868995e-03 2.014098690835850955e-03 0.000000000000000000e+00 4.992240041386446225e-02 5.801810164771408667e-04 0.000000000000000000e+00 0.000000000000000000e+00 1.343724805159903131e-04 0.000000000000000000e+00 6.997900629811056213e-04 0.000000000000000000e+00 4.308797127468581324e-03 9.603380389897243517e-05 0.000000000000000000e+00 0.000000000000000000e+00 7.034967928822677234e-03 0.000000000000000000e+00 1.678133915086424009e-04 1.486436269044964743e-03 2.226179875333926929e-04 1.707941929974380853e-03 1.065449010654490047e-02 1.005025125628140718e-02 6.930006930006930030e-04 0.000000000000000000e+00 8.764241893076249110e-04 6.008010680907877217e-03 0.000000000000000000e+00 0.000000000000000000e+00 3.927215604136667084e-04 2.543558438255119061e-04 7.114905727499110360e-04 1.777777777777777863e-04 0.000000000000000000e+00 0.000000000000000000e+00 0.000000000000000000e+00 0.000000000000000000e+00 0.000000000000000000e+00 3.521126760563380361e-03 0.000000000000000000e+00 0.000000000000000000e+00 0.000000000000000000e+00 0.000000000000000000e+00
3.409736692555408438e-03 8.524341731388521137e-02 5.304034855086190228e-03 0.000000000000000000e+00 0.000000000000000000e+00 3.331332533013205144e-02 8.329250367466928262e-03 1.520338300443012380e-01 1.463414634146341462e-03 1.326963906581741029e-02 2.152080344332854989e-03 3.925729442970822547e-02 2.890899949723479273e-03 4.563691073219659083e-02 9.457755359394703649e-04 2.811604584527220563e-02 1.364877161055505104e-03 1.390024529844644322e-02 4.686453916536487477e-03 1.131537242472266253e-01 9.675858732462505650e-04 0.000000000000000000e+00 8.731241473396999381e-03 3.555287737270262372e-01 1.397624039133473026e-03 1.297353399065905542e-02 0.000000000000000000e+00 2.056202878684030080e-03 1.639344262295081966e-03 2.633209417596034732e-02 1.880011058888581693e-02 7.983811626195731759e-02 5.065717415115005701e-03 2.461322081575246026e-02 0.000000000000000000e+00 6.559527714004591455e-04 1.344447432105404759e-03 1.125872551227201021e-02 0.000000000000000000e+00 1.454192922927774988e-03 0.000000000000000000e+00 0.000000000000000000e+00 0.000000000000000000e+00 0.000000000000000000e+00 0.000000000000000000e+00 6.352663581087212782e-04 0.000000000000000000e+00 0.000000000000000000e+00 1.228652168571077615e-04 2.782673221408032797e-03 0.000000000000000000e+00 2.062365946213496042e-03 0.000000000000000000e+00 1.418439716312056725e-04 0.000000000000000000e+00 3.239390994493035318e-04 2.834868887313961501e-04 7.103551775887943787e-03 4.345307068366164476e-04 1.613336918526485711e-02 0.000000000000000000e+00 2.125603864734299572e-03 0.000000000000000000e+00 9.423801830910070228e-04 0.000000000000000000e+00 2.127942545551270246e-03 5.582433941198362013e-04 5.081300813008129968e-03 6.974716652136007467e-04 4.162537165510406603e-03 3.508771929824561469e-03 4.856203779786359698e-02 2.162162162162162195e-03 5.396635641704380232e-02 5.035246727089627387e-04 5.847953216374268681e-03 1.163993792033109122e-03 6.184729635646321610e-02 0.000000000000000000e+00 0.000000000000000000e+00 0.000000000000000000e+00 5.427899402931065168e-04 0.000000000000000000e+00 3.300330033003300370e-03 0.000000000000000000e+00 7.682704311917794814e-04 0.000000000000000000e+00 0.000000000000000000e+00 0.000000000000000000e+00 8.393486654356219299e-04 0.000000000000000000e+00 1.114827201783723503e-03 0.000000000000000000e+00 8.539709649871904265e-04 1.522070015220700068e-03 4.020100502512562873e-02 0.000000000000000000e+00 0.000000000000000000e+00 0.000000000000000000e+00 2.002670226969292550e-03 0.000000000000000000e+00 0.000000000000000000e+00 3.927215604136667084e-04 1.144601297214803415e-03 3.557452863749555180e-04 7.111111111111111452e-04 0.000000000000000000e+00 0.000000000000000000e+00 0.000000000000000000e+00 0.000000000000000000e+00 0.000000000000000000e+00 0.000000000000000000e+00 1.245330012453300115e-03 0.000000000000000000e+00 0.000000000000000000e+00 0.000000000000000000e+00
1.648351648351648350e-03 0.000000000000000000e+00 3.571428571428571230e-02 0.000000000000000000e+00 0.000000000000000000e+00 6.002400960384153246e-04 3.037726604605585357e-03 3.020539669754329290e-04 2.873170731707316850e-01 5.307855626326963812e-04 7.173601147776184021e-04 1.768346595932802847e-04 1.633986928104575213e-03 0.000000000000000000e+00 5.737704918032787010e-02 0.000000000000000000e+00 0.000000000000000000e+00 0.000000000000000000e+00 2.231644722160232080e-04 0.000000000000000000e+00 1.257861635220125854e-02 0.000000000000000000e+00 8.867667121418827333e-03 1.506477854775534794e-04 3.074772886093640745e-02 2.075765438505448781e-03 7.750952986022871527e-02 3.427004797806717162e-04 2.384500745156482859e-03 0.000000000000000000e+00 1.382361072712192523e-03 1.287711552612214863e-03 2.738225629791894798e-04 7.813720893889670256e-05 0.000000000000000000e+00 0.000000000000000000e+00 1.882226404947566446e-03 0.000000000000000000e+00 3.151260504201680752e-03 0.000000000000000000e+00 0.000000000000000000e+00 0.000000000000000000e+00 1.594048884165780991e-03 0.000000000000000000e+00 0.000000000000000000e+00 0.000000000000000000e+00 2.897904592064199942e-03 0.000000000000000000e+00 3.685956505713232573e-04 0.000000000000000000e+00 3.453833755468570092e-04 0.000000000000000000e+00 8.244023083264633315e-04 0.000000000000000000e+00 2.212389380530973421e-03 0.000000000000000000e+00 2.834868887313961501e-04 0.000000000000000000e+00 0.000000000000000000e+00 0.000000000000000000e+00 0.000000000000000000e+00 0.000000000000000000e+00 2.264492753623188433e-04 0.000000000000000000e+00 1.088435374149659832e-03 0.000000000000000000e+00 2.791216970599181006e-04 0.000000000000000000e+00 0.000000000000000000e+00 0.000000000000000000e+00 1.194879089615931769e-02 2.465078060805258719e-04 3.036036036036035904e-02 8.538980445734778728e-05 2.014098690835850955e-03 0.000000000000000000e+00 2.327987584066218245e-03 0.000000000000000000e+00 1.736111111111111015e-03 0.000000000000000000e+00 2.687449610319806261e-04 0.000000000000000000e+00 6.997900629811056213e-04 0.000000000000000000e+00 4.488330341113106088e-04 0.000000000000000000e+00 2.968827313211281401e-03 0.000000000000000000e+00 6.207324643078832981e-04 0.000000000000000000e+00 0.000000000000000000e+00 0.000000000000000000e+00 0.000000000000000000e+00 0.000000000000000000e+00 0.000000000000000000e+00 0.000000000000000000e+00 0.000000000000000000e+00 0.000000000000000000e+00 0.000000000000000000e+00 0.000000000000000000e+00 0.000000000000000000e+00 0.000000000000000000e+00 0.000000000000000000e+00 0.000000000000000000e+00 0.000000000000000000e+00 0.000000000000000000e+00 0.000000000000000000e+00 0.000000000000000000e+00 0.000000000000000000e+00 0.000000000000000000e+00 0.000000000000000000e+00 0.000000000000000000e+00 0.000000000000000000e+00 0.000000000000000000e+00 0.000000000000000000e+00 0.000000000000000000e+00
0.000000000000000000e+00 0.000000000000000000e+00 3.001200480192076948e-03 3.331332533013205144e-02 6.002400960384153246e-04 0.000000000000000000e+00 0.000000000000000000e+00 2.416431735803463432e-03 0.000000000000000000e+00 1.502123142250530730e-01 0.000000000000000000e+00 1.768346595932802847e-04 0.000000000000000000e+00 3.761283851554663728e-04 0.000000000000000000e+00 1.328796561604584647e-01 0.000000000000000000e+00 1.362769146906514083e-04 0.000000000000000000e+00 1.056524035921817262e-04 7.256894049346879726e-03 4.485488126649076618e-02 2.455661664392905751e-03 1.717384754444109540e-02 6.988120195667365132e-04 1.032693305656460780e-01 0.000000000000000000e+00 2.851267991775188748e-01 1.490312965722801787e-04 2.029120198265179850e-02 6.358860934476085087e-03 1.177336276674025017e-02 0.000000000000000000e+00 7.813720893889670527e-04 0.000000000000000000e+00 3.279763857002295727e-04 0.000000000000000000e+00 4.503490204908804301e-04 0.000000000000000000e+00 0.000000000000000000e+00 0.000000000000000000e+00 0.000000000000000000e+00 0.000000000000000000e+00 1.156470452179946852e-04 0.000000000000000000e+00 0.000000000000000000e+00 0.000000000000000000e+00 1.576789656259854934e-04 0.000000000000000000e+00 0.000000000000000000e+00 0.000000000000000000e+00 0.000000000000000000e+00 0.000000000000000000e+00 1.418439716312056725e-04 0.000000000000000000e+00 0.000000000000000000e+00 0.000000000000000000e+00 0.000000000000000000e+00 0.000000000000000000e+00 0.000000000000000000e+00 0.000000000000000000e+00 0.000000000000000000e+00 0.000000000000000000e+00 1.346257404415724280e-04 0.000000000000000000e+00 0.000000000000000000e+00 0.000000000000000000e+00 2.540650406504065309e-04 0.000000000000000000e+00 0.000000000000000000e+00 1.422475106685633069e-03 2.793755135579293475e-02 0.000000000000000000e+00 2.877636410212620552e-02 0.000000000000000000e+00 4.498425551057130172e-04 0.000000000000000000e+00 4.641448131817127150e-04 0.000000000000000000e+00 0.000000000000000000e+00 0.000000000000000000e+00 0.000000000000000000e+00 0.000000000000000000e+00 0.000000000000000000e+00 0.000000000000000000e+00 1.920676077979448703e-04 0.000000000000000000e+00 0.000000000000000000e+00 0.000000000000000000e+00 3.357394661742487720e-04 0.000000000000000000e+00 0.000000000000000000e+00 0.000000000000000000e+00 0.000000000000000000e+00 0.000000000000000000e+00 0.000000000000000000e+00 0.000000000000000000e+00 0.000000000000000000e+00 0.000000000000000000e+00 0.000000000000000000e+00 0.000000000000000000e+00 0.000000000000000000e+00 0.000000000000000000e+00 1.271779219127559530e-04 0.000000000000000000e+00 0.000000000000000000e+00 0.000000000000000000e+00 0.000000000000000000e+00 0.000000000000000000e+00 0.000000000000000000e+00 0.000000000000000000e+00 0.000000000000000000e+00 0.000000000000000000e+00 0.000000000000000000e+00 0.000000000000000000e+00 0.000000000000000000e+00
1.478686918177364029e-01 2.057814796668299730e-03 2.464478196962273382e-01 8.329250367466928262e-03 3.037726604605585357e-03 0.000000000000000000e+00 0.000000000000000000e+00 1.359242851389448267e-02 8.585365853658537272e-02 1.592356687898089252e-03 1.049736967957914935e-01 3.713527851458885923e-03 1.923076923076923184e-01 3.385155466399197410e-03 2.522068095838587640e-03 3.581661891117478400e-04 4.549590536851682958e-03 5.451076587626056333e-04 2.778397679089488967e-02 8.663497094558901546e-03 0.000000000000000000e+00 0.000000000000000000e+00 2.810368349249658948e-02 4.670081349804158267e-03 2.096436058700209756e-03 0.000000000000000000e+00 8.470986869970351194e-04 0.000000000000000000e+00 4.619970193740685974e-03 6.195786864931846416e-04 1.769422173071606361e-02 1.287711552612214906e-02 1.108981380065717469e-02 1.148616971401781456e-02 9.161704076958314185e-04 0.000000000000000000e+00 2.688894864210809518e-03 2.251745102454402151e-04 5.252100840336134226e-04 0.000000000000000000e+00 0.000000000000000000e+00 0.000000000000000000e+00 0.000000000000000000e+00 0.000000000000000000e+00 1.518372304889158933e-04 0.000000000000000000e+00 2.229157378510922803e-04 0.000000000000000000e+00 7.371913011426465146e-04 9.275577404693442025e-05 5.065622841353902873e-03 8.249463784853984169e-05 2.885408079142621606e-03 0.000000000000000000e+00 3.761061946902654815e-03 0.000000000000000000e+00 4.677533664068036882e-03 0.000000000000000000e+00 2.752027809965237447e-03 0.000000000000000000e+00 1.397298556124825300e-02 1.932367149758454057e-04 6.340579710144927938e-03 0.000000000000000000e+00 9.251700680272109331e-03 0.000000000000000000e+00 1.767770748046148133e-03 1.693766937669376692e-04 1.394943330427201493e-03 5.946481665014866731e-04 1.067804646752015113e-01 8.134757600657354856e-03 2.756756756756756702e-02 3.159422764921868305e-03 5.035246727089627387e-04 0.000000000000000000e+00 4.009311950336264668e-02 1.624506846135994340e-03 0.000000000000000000e+00 0.000000000000000000e+00 8.868583714055361042e-03 0.000000000000000000e+00 0.000000000000000000e+00 0.000000000000000000e+00 2.468581687612208392e-02 0.000000000000000000e+00 9.896091044037606116e-04 0.000000000000000000e+00 2.751913925098282629e-02 0.000000000000000000e+00 1.678133915086424009e-04 3.716090672612411857e-04 0.000000000000000000e+00 0.000000000000000000e+00 4.566210045662100203e-03 0.000000000000000000e+00 0.000000000000000000e+00 0.000000000000000000e+00 0.000000000000000000e+00 6.675567423230974445e-04 0.000000000000000000e+00 0.000000000000000000e+00 2.618143736091111209e-04 3.815337657382678591e-04 0.000000000000000000e+00 0.000000000000000000e+00 0.000000000000000000e+00 0.000000000000000000e+00 0.000000000000000000e+00 0.000000000000000000e+00 0.000000000000000000e+00 0.000000000000000000e+00 0.000000000000000000e+00 0.000000000000000000e+00 0.000000000000000000e+00 0.000000000000000000e+00
2.416431735803463432e-03 9.534836890857832647e-02 6.443817962142569730e-03 1.520338300443012380e-01 3.020539669754329290e-04 2.416431735803463432e-03 1.359242851389448267e-02 0.000000000000000000e+00 9.756097560975609748e-04 7.643312101910827716e-02 3.825920612147298144e-03 1.188328912466843496e-01 4.524886877828054703e-03 2.412236710130391260e-01 3.152585119798234550e-04 5.103868194842407086e-02 4.549590536851683500e-04 6.950122649223221608e-03 5.579111805400579875e-03 2.123613312202852696e-02 4.837929366231252825e-04 0.000000000000000000e+00 1.159618008185538812e-02 1.536607411871045506e-02 0.000000000000000000e+00 2.594706798131811085e-03 0.000000000000000000e+00 1.028101439342015040e-03 1.788375558867362144e-03 2.137546468401486932e-02 1.437655515620680190e-02 7.910228108903604935e-03 7.667031763417305433e-03 7.266760431317392972e-03 0.000000000000000000e+00 0.000000000000000000e+00 0.000000000000000000e+00 4.503490204908804084e-03 0.000000000000000000e+00 9.694619486185167669e-04 0.000000000000000000e+00 0.000000000000000000e+00 0.000000000000000000e+00 0.000000000000000000e+00 0.000000000000000000e+00 9.075233687267446987e-04 0.000000000000000000e+00 0.000000000000000000e+00 0.000000000000000000e+00 2.318894351173360520e-03 0.000000000000000000e+00 8.744431611945224087e-03 0.000000000000000000e+00 1.843971631205673688e-03 0.000000000000000000e+00 2.753482345319079993e-03 0.000000000000000000e+00 3.901950975487743917e-03 0.000000000000000000e+00 3.361118580263511898e-03 1.552553951249805895e-04 1.004830917874396067e-02 0.000000000000000000e+00 1.884760366182014046e-03 0.000000000000000000e+00 1.449660859156802831e-02 2.791216970599181006e-04 1.609078590785907939e-03 0.000000000000000000e+00 1.189296333002973346e-03 7.586533902323376079e-03 1.363188167625308256e-01 2.702702702702702853e-03 3.902314063700794422e-02 5.035246727089627387e-04 4.048582995951417046e-03 1.293326435592343469e-03 4.107681596658157436e-02 0.000000000000000000e+00 0.000000000000000000e+00 2.687449610319806261e-04 2.171159761172426067e-03 0.000000000000000000e+00 0.000000000000000000e+00 0.000000000000000000e+00 1.267646211466436253e-02 0.000000000000000000e+00 0.000000000000000000e+00 0.000000000000000000e+00 5.539701191875104520e-03 1.678133915086424009e-04 3.716090672612411857e-04 0.000000000000000000e+00 4.269854824935952133e-04 3.044140030441400135e-03 5.025125628140703592e-03 0.000000000000000000e+00 0.000000000000000000e+00 0.000000000000000000e+00 6.675567423230974445e-04 0.000000000000000000e+00 0.000000000000000000e+00 0.000000000000000000e+00 5.087116876510238122e-04 0.000000000000000000e+00 0.000000000000000000e+00 0.000000000000000000e+00 0.000000000000000000e+00 0.000000000000000000e+00 0.000000000000000000e+00 0.000000000000000000e+00 0.000000000000000000e+00 0.000000000000000000e+00 0.000000000000000000e+00 0.000000000000000000e+00 0.000000000000000000e+00
4.878048780487804874e-04 0.000000000000000000e+00 4.292682926829268636e-02 1.463414634146341462e-03 2.873170731707316850e-01 0.000000000000000000e+00 8.585365853658537272e-02 9.756097560975609748e-04 0.000000000000000000e+00 5.307855626326963812e-04 1.434720229555236804e-03 0.000000000000000000e+00 1.860231271995977861e-02 2.507522567703109333e-04 1.131778058007566201e-01 3.581661891117478400e-04 4.549590536851683500e-04 0.000000000000000000e+00 3.347467083240348120e-04 0.000000000000000000e+00 4.837929366231252825e-04 0.000000000000000000e+00 5.320600272851296227e-03 4.519433564326604653e-04 2.795248078266946053e-03 0.000000000000000000e+00 1.016518424396442230e-02 0.000000000000000000e+00 6.259314456035767506e-03 0.000000000000000000e+00 1.105888858169753975e-03 1.287711552612214863e-03 9.583789704271631791e-04 7.813720893889670256e-05 0.000000000000000000e+00 0.000000000000000000e+00 2.688894864210809518e-04 0.000000000000000000e+00 1.050420168067226845e-03 0.000000000000000000e+00 0.000000000000000000e+00 0.000000000000000000e+00 0.000000000000000000e+00 0.000000000000000000e+00 0.000000000000000000e+00 0.000000000000000000e+00 0.000000000000000000e+00 0.000000000000000000e+00 0.000000000000000000e+00 0.000000000000000000e+00 1.151277918489523319e-04 0.000000000000000000e+00 0.000000000000000000e+00 0.000000000000000000e+00 2.212389380530973421e-04 0.000000000000000000e+00 5.669737774627923001e-04 0.000000000000000000e+00 5.793742757821552635e-04 0.000000000000000000e+00 1.086787765874864045e-03 0.000000000000000000e+00 4.528985507246376867e-04 0.000000000000000000e+00 2.721088435374149580e-04 0.000000000000000000e+00 0.000000000000000000e+00 0.000000000000000000e+00 1.743679163034001867e-04 0.000000000000000000e+00 1.346609767662399273e-02 8.216926869350862396e-05 2.990990990990990972e-02 8.538980445734778728e-05 1.007049345417925477e-03 0.000000000000000000e+00 2.198654940506983898e-03 1.160362032954281788e-04 0.000000000000000000e+00 0.000000000000000000e+00 8.062348830959419326e-04 0.000000000000000000e+00 0.000000000000000000e+00 0.000000000000000000e+00 7.181328545780969958e-04 0.000000000000000000e+00 0.000000000000000000e+00 0.000000000000000000e+00 4.138216428719221807e-04 0.000000000000000000e+00 0.000000000000000000e+00 0.000000000000000000e+00 0.000000000000000000e+00 0.000000000000000000e+00 0.000000000000000000e+00 0.000000000000000000e+00 0.000000000000000000e+00 0.000000000000000000e+00 0.000000000000000000e+00 0.000000000000000000e+00 0.000000000000000000e+00 0.000000000000000000e+00 0.000000000000000000e+00 0.000000000000000000e+00 0.000000000000000000e+00 0.000000000000000000e+00 0.000000000000000000e+00 0.000000000000000000e+00 0.000000000000000000e+00 0.000000000000000000e+00 0.000000000000000000e+00 0.000000000000000000e+00 0.000000000000000000e+00 0.000000000000000000e+00 0.000000000000000000e+00 0.000000000000000000e+00
0.000000000000000000e+00 1.592356687898089252e-03 2.653927813163481798e-03 1.326963906581741029e-02 5.307855626326963812e-04 1.502123142250530730e-01 1.592356687898089252e-03 7.643312101910827716e-02 5.307855626326963812e-04 0.000000000000000000e+00 0.000000000000000000e+00 3.536693191865605693e-04 1.256913021618903843e-04 8.149448345035104763e-03 3.152585119798234550e-04 1.792621776504297881e-01 0.000000000000000000e+00 0.000000000000000000e+00 0.000000000000000000e+00 2.113048071843634523e-04 9.675858732462505650e-04 0.000000000000000000e+00 1.091405184174624923e-03 3.012955709551069588e-04 0.000000000000000000e+00 1.037882719252724390e-03 4.235493434985175597e-04 4.112405757368060161e-03 0.000000000000000000e+00 1.332094175960346974e-02 6.082388719933646756e-03 9.197939661515820448e-04 0.000000000000000000e+00 3.906860446944835264e-04 0.000000000000000000e+00 0.000000000000000000e+00 0.000000000000000000e+00 2.251745102454402151e-04 0.000000000000000000e+00 0.000000000000000000e+00 0.000000000000000000e+00 0.000000000000000000e+00 0.000000000000000000e+00 0.000000000000000000e+00 0.000000000000000000e+00 0.000000000000000000e+00 0.000000000000000000e+00 0.000000000000000000e+00 0.000000000000000000e+00 0.000000000000000000e+00 0.000000000000000000e+00 2.474839135456195251e-04 0.000000000000000000e+00 0.000000000000000000e+00 0.000000000000000000e+00 0.000000000000000000e+00 0.000000000000000000e+00 1.000500250125062595e-04 0.000000000000000000e+00 0.000000000000000000e+00 0.000000000000000000e+00 0.000000000000000000e+00 0.000000000000000000e+00 1.346257404415724280e-04 0.000000000000000000e+00 0.000000000000000000e+00 0.000000000000000000e+00 8.468834688346883461e-05 0.000000000000000000e+00 3.964321110009910612e-04 1.232811759127548689e-03 3.451109285127362206e-03 0.000000000000000000e+00 9.734437708137647777e-03 0.000000000000000000e+00 8.996851102114260344e-04 0.000000000000000000e+00 1.392434439545138037e-03 0.000000000000000000e+00 0.000000000000000000e+00 0.000000000000000000e+00 1.809299800977021903e-04 0.000000000000000000e+00 0.000000000000000000e+00 0.000000000000000000e+00 2.881014116969173055e-04 0.000000000000000000e+00 0.000000000000000000e+00 0.000000000000000000e+00 5.036091992613731579e-04 0.000000000000000000e+00 0.000000000000000000e+00 0.000000000000000000e+00 0.000000000000000000e+00 0.000000000000000000e+00 0.000000000000000000e+00 0.000000000000000000e+00 0.000000000000000000e+00 0.000000000000000000e+00 6.675567423230974445e-04 0.000000000000000000e+00 0.000000000000000000e+00 0.000000000000000000e+00 1.271779219127559530e-04 0.000000000000000000e+00 1.777777777777777863e-04 0.000000000000000000e+00 0.000000000000000000e+00 0.000000000000000000e+00 0.000000000000000000e+00 0.000000000000000000e+00 0.000000000000000000e+00 0.000000000000000000e+00 0.000000000000000000e+00 0.000000000000000000e+00 0.000000000000000000e+00
1.927307508369201228e-01 7.173601147776184021e-04 3.778096604495456701e-02 2.152080344332854989e-03 7.173601147776184021e-04 0.000000000000000000e+00 1.049736967957914935e-01 3.825920612147298144e-03 1.434720229555236804e-03 0.000000000000000000e+00 0.000000000000000000e+00 0.000000000000000000e+00 1.145047762694821475e-01 1.253761283851554666e-04 0.000000000000000000e+00 0.000000000000000000e+00 2.593266606005459676e-02 0.000000000000000000e+00 2.097746038830618220e-02 1.901743264659271071e-03 0.000000000000000000e+00 0.000000000000000000e+00 4.502046384720327643e-03 4.519433564326604653e-04 0.000000000000000000e+00 0.000000000000000000e+00 0.000000000000000000e+00 0.000000000000000000e+00 4.515648286140089285e-02 0.000000000000000000e+00 1.105888858169753975e-03 1.839587932303164090e-04 5.339539978094194964e-03 1.328332551961243849e-03 9.161704076958314185e-04 0.000000000000000000e+00 2.688894864210809518e-04 0.000000000000000000e+00 0.000000000000000000e+00 0.000000000000000000e+00 0.000000000000000000e+00 0.000000000000000000e+00 0.000000000000000000e+00 0.000000000000000000e+00 0.000000000000000000e+00 0.000000000000000000e+00 0.000000000000000000e+00 0.000000000000000000e+00 0.000000000000000000e+00 0.000000000000000000e+00 3.453833755468570092e-04 0.000000000000000000e+00 0.000000000000000000e+00 0.000000000000000000e+00 4.424778761061946841e-04 0.000000000000000000e+00 8.362863217576187863e-03 0.000000000000000000e+00 5.214368482039397588e-03 1.344447432105404759e-04 2.297779847849712800e-02 0.000000000000000000e+00 6.793478260869565029e-03 0.000000000000000000e+00 8.163265306122449716e-03 0.000000000000000000e+00 4.652028284331968886e-04 0.000000000000000000e+00 3.487358326068003733e-04 3.964321110009910612e-04 4.570886676149833738e-02 8.216926869350862396e-04 5.045045045045044689e-03 4.269490222867389499e-04 0.000000000000000000e+00 0.000000000000000000e+00 3.491981376099327367e-03 2.320724065908563575e-04 0.000000000000000000e+00 0.000000000000000000e+00 1.021230851921526434e-02 0.000000000000000000e+00 0.000000000000000000e+00 0.000000000000000000e+00 9.425493716337522351e-03 9.603380389897243517e-05 0.000000000000000000e+00 0.000000000000000000e+00 5.172770535899027557e-03 0.000000000000000000e+00 0.000000000000000000e+00 0.000000000000000000e+00 0.000000000000000000e+00 0.000000000000000000e+00 0.000000000000000000e+00 0.000000000000000000e+00 0.000000000000000000e+00 0.000000000000000000e+00 0.000000000000000000e+00 0.000000000000000000e+00 0.000000000000000000e+00 0.000000000000000000e+00 0.000000000000000000e+00 0.000000000000000000e+00 0.000000000000000000e+00 0.000000000000000000e+00 0.000000000000000000e+00 0.000000000000000000e+00 0.000000000000000000e+00 0.000000000000000000e+00 0.000000000000000000e+00 0.000000000000000000e+00 0.000000000000000000e+00 0.000000000000000000e+00 0.000000000000000000e+00 0.000000000000000000e+00
5.305039787798407997e-04 8.594164456233421845e-02 1.237842617152962047e-03 3.925729442970822547e-02 1.768346595932802847e-04 1.768346595932802847e-04 3.713527851458885923e-03 1.188328912466843496e-01 0.000000000000000000e+00 3.536693191865605693e-04 0.000000000000000000e+00 0.000000000000000000e+00 3.770739064856712072e-04 1.807923771313941774e-01 0.000000000000000000e+00 8.775071633237822161e-03 2.274795268425841750e-04 6.282365767239030119e-02 8.926578888640928321e-04 1.352350765979926095e-02 0.000000000000000000e+00 0.000000000000000000e+00 1.637107776261937167e-03 9.189514914130761727e-03 0.000000000000000000e+00 0.000000000000000000e+00 0.000000000000000000e+00 0.000000000000000000e+00 2.980625931445603574e-04 6.397149938042130668e-02 1.382361072712192523e-03 2.575423105224429726e-03 9.583789704271631791e-04 1.093920925144553809e-02 4.580852038479157093e-04 0.000000000000000000e+00 2.688894864210809518e-04 1.801396081963521720e-03 0.000000000000000000e+00 0.000000000000000000e+00 0.000000000000000000e+00 0.000000000000000000e+00 0.000000000000000000e+00 0.000000000000000000e+00 0.000000000000000000e+00 0.000000000000000000e+00 0.000000000000000000e+00 0.000000000000000000e+00 0.000000000000000000e+00 3.710230961877376810e-04 0.000000000000000000e+00 1.649892756970796834e-03 0.000000000000000000e+00 1.134751773049645380e-03 0.000000000000000000e+00 0.000000000000000000e+00 0.000000000000000000e+00 2.901450725362681241e-03 0.000000000000000000e+00 1.478892175315945235e-03 0.000000000000000000e+00 2.705314009661835897e-03 0.000000000000000000e+00 4.846526655896607298e-03 0.000000000000000000e+00 5.053863545684266455e-03 0.000000000000000000e+00 9.315718157181571537e-04 0.000000000000000000e+00 7.928642220019821224e-04 1.896633475580844020e-03 5.718981101068200401e-02 2.702702702702702744e-04 1.357697890871829849e-02 0.000000000000000000e+00 8.996851102114260344e-04 6.466632177961717347e-04 8.238570433975399634e-03 0.000000000000000000e+00 4.784688995215310818e-03 0.000000000000000000e+00 1.574090826850009159e-02 0.000000000000000000e+00 0.000000000000000000e+00 0.000000000000000000e+00 1.805435513300681846e-02 0.000000000000000000e+00 0.000000000000000000e+00 0.000000000000000000e+00 1.208662078227295579e-02 1.678133915086424009e-04 0.000000000000000000e+00 0.000000000000000000e+00 0.000000000000000000e+00 0.000000000000000000e+00 0.000000000000000000e+00 0.000000000000000000e+00 0.000000000000000000e+00 0.000000000000000000e+00 0.000000000000000000e+00 0.000000000000000000e+00 0.000000000000000000e+00 0.000000000000000000e+00 1.271779219127559530e-04 0.000000000000000000e+00 0.000000000000000000e+00 0.000000000000000000e+00 0.000000000000000000e+00 0.000000000000000000e+00 0.000000000000000000e+00 0.000000000000000000e+00 0.000000000000000000e+00 0.000000000000000000e+00 0.000000000000000000e+00 0.000000000000000000e+00 0.000000000000000000e+00
2.249874308697838096e-02 0.000000000000000000e+00 4.688285570638511812e-02 2.890899949723479273e-03 1.633986928104575213e-03 0.000000000000000000e+00 1.923076923076923184e-01 4.524886877828054703e-03 1.860231271995977861e-02 1.256913021618903843e-04 1.145047762694821475e-01 3.770739064856712072e-04 0.000000000000000000e+00 1.629889669007021039e-03 3.146279949558637989e-01 3.581661891117478400e-04 6.596906278434940506e-03 0.000000000000000000e+00 1.260879268020531109e-02 4.226096143687269047e-04 0.000000000000000000e+00 0.000000000000000000e+00 3.356070941336971453e-02 2.259716782163302164e-03 0.000000000000000000e+00 0.000000000000000000e+00 4.235493434985175597e-04 0.000000000000000000e+00 1.210134128166915068e-01 3.097893432465923208e-04 1.299419408349460937e-02 3.679175864606328179e-03 7.393209200438116170e-03 1.484606969839037281e-03 0.000000000000000000e+00 0.000000000000000000e+00 3.495563323474052374e-03 0.000000000000000000e+00 5.252100840336134226e-04 0.000000000000000000e+00 0.000000000000000000e+00 0.000000000000000000e+00 0.000000000000000000e+00 0.000000000000000000e+00 1.518372304889158933e-04 0.000000000000000000e+00 0.000000000000000000e+00 0.000000000000000000e+00 1.228652168571077615e-04 9.275577404693442025e-05 5.756389592447617000e-04 0.000000000000000000e+00 8.244023083264633315e-04 0.000000000000000000e+00 1.106194690265486710e-03 0.000000000000000000e+00 6.236711552090715843e-03 0.000000000000000000e+00 2.752027809965237447e-03 1.344447432105404759e-04 1.847539201987269050e-02 0.000000000000000000e+00 9.510869565217391908e-03 0.000000000000000000e+00 8.707482993197278656e-03 0.000000000000000000e+00 7.443245254931150435e-04 0.000000000000000000e+00 1.569311246730601545e-03 0.000000000000000000e+00 6.903745851114272136e-02 1.561216105176663855e-03 5.207207207207207450e-02 1.280847066860216904e-03 1.007049345417925477e-03 0.000000000000000000e+00 3.944645628556647798e-02 1.160362032954281788e-04 0.000000000000000000e+00 0.000000000000000000e+00 1.719967750604676007e-02 0.000000000000000000e+00 6.997900629811056213e-04 0.000000000000000000e+00 1.921005385996409423e-02 0.000000000000000000e+00 1.484413656605640701e-03 0.000000000000000000e+00 9.310986964618250122e-03 0.000000000000000000e+00 5.034401745259272027e-04 2.229654403567447006e-03 0.000000000000000000e+00 0.000000000000000000e+00 3.044140030441400135e-03 0.000000000000000000e+00 0.000000000000000000e+00 0.000000000000000000e+00 0.000000000000000000e+00 3.337783711615487439e-03 0.000000000000000000e+00 0.000000000000000000e+00 2.618143736091111209e-04 3.815337657382678591e-04 0.000000000000000000e+00 0.000000000000000000e+00 0.000000000000000000e+00 0.000000000000000000e+00 0.000000000000000000e+00 0.000000000000000000e+00 0.000000000000000000e+00 3.521126760563380361e-03 0.000000000000000000e+00 0.000000000000000000e+00 0.000000000000000000e+00 0.000000000000000000e+00
