0.000000000000000000e+00 1.397007827206975077e-02 3.177218168980936591e-02 4.788698671136118988e-03 1.096892138939670885e-03 0.000000000000000000e+00 7.589862942849753824e-02 1.263823064770931964e-03 3.587443946188340841e-03 0.000000000000000000e+00 1.616595135908440728e-01 2.763957987838584741e-04 2.456499488229273165e-02 0.000000000000000000e+00 5.434782608695652023e-03 0.000000000000000000e+00 1.019032513877874691e-01 1.901863826550018914e-03 5.275317674239506788e-02 2.017291066282420747e-02 0.000000000000000000e+00 0.000000000000000000e+00 7.991050023973150264e-04 0.000000000000000000e+00 0.000000000000000000e+00 0.000000000000000000e+00 0.000000000000000000e+00 0.000000000000000000e+00 4.265791632485643747e-02 1.937984496124030981e-03 1.609195402298850596e-03 0.000000000000000000e+00 1.587301587301587213e-02 1.618955719952825181e-02 0.000000000000000000e+00 0.000000000000000000e+00 7.975656630365150768e-02 2.693965517241379273e-04 0.000000000000000000e+00 0.000000000000000000e+00 2.777777777777777624e-02 0.000000000000000000e+00 3.327787021630615721e-04 1.032098255753947843e-04 8.286965786669823553e-04 0.000000000000000000e+00 0.000000000000000000e+00 0.000000000000000000e+00 2.807096339546373033e-03 0.000000000000000000e+00 8.262776701009895419e-03 0.000000000000000000e+00 5.688282138794083882e-04 0.000000000000000000e+00 1.317027281279397905e-03 0.000000000000000000e+00 1.286787726988102565e-01 9.138911454102356191e-04 3.077565798635287578e-02 1.379881330205602185e-04 6.106670161184641482e-02 0.000000000000000000e+00 1.200686106346483643e-02 0.000000000000000000e+00 5.655599324704558423e-02 0.000000000000000000e+00 1.123164058750119980e-02 1.152206475400391789e-04 1.007847996695580284e-01 2.140754616002140710e-03 7.153965785381026510e-02 1.047433787221307847e-03 5.478461983232148225e-02 9.852216748768472150e-04 7.049345417925478342e-03 0.000000000000000000e+00 6.587758916056689340e-02 7.722007722007721972e-04 0.000000000000000000e+00 0.000000000000000000e+00 5.612347163760272872e-03 2.504382669671925644e-04 0.000000000000000000e+00 0.000000000000000000e+00 2.137327499158532540e-02 9.355412105903265015e-05 0.000000000000000000e+00 0.000000000000000000e+00 4.278074866310160526e-03 0.000000000000000000e+00 2.372948388372553025e-03 1.870557426112981611e-03 0.000000000000000000e+00 0.000000000000000000e+00 3.185840707964601726e-02 0.000000000000000000e+00 2.192982456140350755e-03 0.000000000000000000e+00 1.189060642092746624e-03 0.000000000000000000e+00 0.000000000000000000e+00 4.418262150220913023e-03 1.077005923532579424e-03 8.916629514043691212e-04 4.020677771395749639e-03 7.267441860465116178e-04 0.000000000000000000e+00 0.000000000000000000e+00 0.000000000000000000e+00 0.000000000000000000e+00 0.000000000000000000e+00 0.000000000000000000e+00 0.000000000000000000e+00 0.000000000000000000e+00 0.000000000000000000e+00 0.000000000000000000e+00
1.397007827206975077e-02 0.000000000000000000e+00 2.353494939985878876e-03 3.364060816473123106e-02 0.000000000000000000e+00 6.443298969072164826e-04 6.464959917248512978e-04 1.642969984202211631e-01 0.000000000000000000e+00 4.319654427645788601e-03 0.000000000000000000e+00 1.008844665561083459e-01 2.558853633572159727e-04 2.969174977334542234e-02 0.000000000000000000e+00 7.404795486600846029e-03 9.912767644726407090e-04 1.068847470521110676e-01 2.323193428314722017e-02 4.577698958102416338e-02 0.000000000000000000e+00 0.000000000000000000e+00 0.000000000000000000e+00 2.640612622128333739e-04 0.000000000000000000e+00 0.000000000000000000e+00 0.000000000000000000e+00 1.217532467532467504e-03 2.050861361771944339e-04 6.443798449612403445e-02 2.068965517241379368e-03 0.000000000000000000e+00 2.000661375661375724e-02 1.736892891605017544e-02 5.047955577990913614e-04 0.000000000000000000e+00 6.406149903907751037e-04 1.352370689655172376e-01 0.000000000000000000e+00 2.408894379246448447e-02 0.000000000000000000e+00 1.684532924961715250e-02 0.000000000000000000e+00 1.032098255753947843e-04 1.183852255238546222e-04 1.003009027081243733e-03 0.000000000000000000e+00 0.000000000000000000e+00 0.000000000000000000e+00 4.393583324818636782e-03 0.000000000000000000e+00 5.907516805866775030e-03 0.000000000000000000e+00 1.754001315500986705e-03 0.000000000000000000e+00 6.160164271047228156e-03 6.261740763932372887e-04 2.491876523151909106e-01 1.392563709789722964e-04 2.014626742100179488e-02 3.931332721792687524e-04 5.692143238909674191e-02 0.000000000000000000e+00 2.156602521566025263e-02 0.000000000000000000e+00 2.343859649122807115e-02 2.879907842949025812e-04 5.991473672082037356e-03 1.135894258570838491e-02 8.696815627508697188e-02 1.555209953343701288e-04 5.282058955558880525e-02 2.891008962127782859e-04 5.331143951833607064e-02 0.000000000000000000e+00 1.204819277108433798e-02 6.229559258682448256e-04 7.660231660231660300e-02 0.000000000000000000e+00 4.687499999999999827e-03 0.000000000000000000e+00 1.903330828950663620e-02 0.000000000000000000e+00 0.000000000000000000e+00 1.682935038707505937e-04 4.322200392927308399e-02 0.000000000000000000e+00 1.408450704225352188e-03 0.000000000000000000e+00 1.496451712434433874e-02 1.977456990310460854e-04 8.230452674897120041e-03 0.000000000000000000e+00 1.243781094527363160e-03 1.415929203539822989e-02 0.000000000000000000e+00 0.000000000000000000e+00 9.111617312072892508e-03 1.189060642092746624e-03 9.009009009009008931e-03 0.000000000000000000e+00 1.472754050073637674e-03 2.692514808831448559e-04 6.910387873383860499e-03 0.000000000000000000e+00 1.453488372093023236e-03 0.000000000000000000e+00 0.000000000000000000e+00 0.000000000000000000e+00 0.000000000000000000e+00 8.810572687224669988e-04 0.000000000000000000e+00 2.525252525252525467e-03 0.000000000000000000e+00 0.000000000000000000e+00 1.197604790419161749e-02
3.177218168980936591e-02 2.353494939985878876e-03 0.000000000000000000e+00 7.063330539925775572e-03 3.363802559414991178e-02 4.188144329896907082e-03 3.387638996638220878e-01 1.295418641390205447e-02 9.417040358744395087e-03 7.199424046076314046e-03 5.937052932761087420e-02 4.698728579325594547e-03 3.684749232343909747e-02 6.572982774252039868e-03 2.215719063545150413e-02 1.410437235543018312e-03 1.249008723235527432e-02 7.607455306200076308e-04 1.013990501861121857e-01 3.768565728219906881e-03 0.000000000000000000e+00 0.000000000000000000e+00 1.700495445101486425e-01 8.449960390810667965e-03 9.104258443465491901e-02 9.969061533172911618e-03 6.535947712418300852e-03 1.217532467532467504e-03 2.543068088597210882e-02 1.695736434108527108e-03 3.195402298850574807e-02 1.550387596899224785e-02 1.537698412698412613e-02 8.791680068617991131e-03 1.514386673397274084e-03 0.000000000000000000e+00 1.121076233183856442e-02 2.693965517241379273e-04 0.000000000000000000e+00 0.000000000000000000e+00 0.000000000000000000e+00 0.000000000000000000e+00 1.663893510815307860e-04 0.000000000000000000e+00 1.302237480762400952e-03 0.000000000000000000e+00 3.093102381688834102e-04 0.000000000000000000e+00 2.582528632382663329e-03 0.000000000000000000e+00 5.100479445067836529e-03 0.000000000000000000e+00 0.000000000000000000e+00 0.000000000000000000e+00 2.257761053621824918e-03 0.000000000000000000e+00 2.191609267376330456e-03 2.030869212022745640e-04 6.684305806990670229e-03 1.379881330205602185e-04 7.731621019525619122e-03 2.672367717797968778e-04 2.858776443682104016e-03 0.000000000000000000e+00 9.003939223410242429e-03 0.000000000000000000e+00 6.815781894979360510e-03 2.304412950800783578e-04 7.021891780256092098e-03 0.000000000000000000e+00 5.505443234836703004e-02 1.645967379919198014e-03 7.617808615206707323e-02 4.378762999452654771e-04 9.063444108761330165e-03 1.506024096385542247e-03 1.055910294346674994e-01 1.698841698841698899e-03 1.923076923076923184e-03 0.000000000000000000e+00 4.810583283223091033e-03 0.000000000000000000e+00 0.000000000000000000e+00 0.000000000000000000e+00 1.043419723998653681e-02 9.355412105903265015e-05 0.000000000000000000e+00 0.000000000000000000e+00 2.673796791443850112e-03 1.542733724159210099e-04 2.175202689341506831e-03 3.367003367003366856e-03 0.000000000000000000e+00 0.000000000000000000e+00 3.539823008849557473e-02 0.000000000000000000e+00 7.309941520467835852e-04 1.138952164009111563e-03 1.189060642092746624e-03 1.126126126126126116e-03 2.551020408163265103e-03 0.000000000000000000e+00 1.077005923532579424e-03 2.229157378510922803e-04 2.297530155083285508e-03 0.000000000000000000e+00 0.000000000000000000e+00 0.000000000000000000e+00 2.500000000000000000e-01 0.000000000000000000e+00 0.000000000000000000e+00 0.000000000000000000e+00 0.000000000000000000e+00 0.000000000000000000e+00 0.000000000000000000e+00 0.000000000000000000e+00
4.788698671136118988e-03 3.364060816473123106e-02 7.063330539925775572e-03 0.000000000000000000e+00 7.312614259597806192e-03 4.542525773195876110e-02 5.818463925523661463e-03 1.698262243285939832e-01 2.242152466367712971e-03 2.231821454283657372e-02 1.788268955650929894e-03 4.947484798231066572e-02 7.420675537359262830e-03 3.921124206708975768e-02 3.762541806020066985e-03 2.468265162200282067e-02 1.982553528945281526e-04 2.510460251046025063e-02 6.931074316519060703e-03 1.463090223897140219e-01 1.165501165501165500e-03 0.000000000000000000e+00 1.518299504554898594e-02 2.859783469764985431e-01 5.139500734214390645e-03 1.938810587830869792e-01 1.633986928104575213e-03 2.069805194805194801e-02 1.025430680885972088e-03 3.827519379844961100e-02 2.712643678160919433e-02 8.937528499772001700e-02 8.432539682539682072e-03 1.876273185375790589e-02 0.000000000000000000e+00 7.067137809187278843e-04 0.000000000000000000e+00 2.262931034482758633e-02 0.000000000000000000e+00 1.235330450895614661e-03 0.000000000000000000e+00 3.062787136294027688e-03 0.000000000000000000e+00 0.000000000000000000e+00 0.000000000000000000e+00 2.507522567703109333e-04 0.000000000000000000e+00 0.000000000000000000e+00 0.000000000000000000e+00 2.963114335342801470e-03 0.000000000000000000e+00 3.768588307190874100e-03 0.000000000000000000e+00 2.192501644376233382e-04 0.000000000000000000e+00 6.160164271047228373e-04 0.000000000000000000e+00 6.397238017871649009e-03 0.000000000000000000e+00 9.935145577480337248e-03 1.310444240597562508e-04 6.413682522715125935e-03 0.000000000000000000e+00 6.635700066357000642e-04 0.000000000000000000e+00 3.649122807017543806e-03 9.599692809830085588e-05 6.337135614702154446e-03 4.130524576621231124e-04 8.295424137008296228e-03 6.220839813374805152e-04 4.309441867424809031e-02 8.673026886383347492e-04 7.411056376573617321e-02 0.000000000000000000e+00 9.789156626506024389e-03 1.090172870269428499e-03 7.258687258687258892e-02 0.000000000000000000e+00 1.562500000000000087e-03 0.000000000000000000e+00 1.001753067868770258e-03 0.000000000000000000e+00 0.000000000000000000e+00 8.414675193537529685e-05 2.619515389652914313e-03 0.000000000000000000e+00 0.000000000000000000e+00 0.000000000000000000e+00 1.079913606911447150e-03 1.384219893217322490e-03 1.870557426112981611e-03 0.000000000000000000e+00 3.731343283582089481e-03 7.079646017699114946e-03 0.000000000000000000e+00 0.000000000000000000e+00 0.000000000000000000e+00 1.189060642092746624e-03 1.126126126126126116e-03 0.000000000000000000e+00 0.000000000000000000e+00 0.000000000000000000e+00 1.114578689255461483e-03 1.148765077541642754e-03 1.453488372093023236e-03 0.000000000000000000e+00 1.333333333333333289e-03 0.000000000000000000e+00 0.000000000000000000e+00 8.810572687224669988e-04 0.000000000000000000e+00 0.000000000000000000e+00 0.000000000000000000e+00 0.000000000000000000e+00 0.000000000000000000e+00
1.096892138939670885e-03 0.000000000000000000e+00 3.363802559414991178e-02 7.312614259597806192e-03 0.000000000000000000e+00 9.664948453608247780e-04 8.533747090768036697e-03 1.579778830963664954e-04 5.322869955156950272e-01 3.599712023038157023e-03 2.145922746781115872e-03 0.000000000000000000e+00 2.558853633572159836e-03 0.000000000000000000e+00 1.551003344481605428e-01 0.000000000000000000e+00 0.000000000000000000e+00 0.000000000000000000e+00 5.134129123347451690e-04 0.000000000000000000e+00 1.515151515151515194e-02 0.000000000000000000e+00 7.991050023973149397e-03 2.904673884341167113e-03 9.104258443465491901e-02 9.969061533172911618e-03 1.721132897603485923e-01 1.623376623376623484e-03 4.101722723543888677e-04 0.000000000000000000e+00 2.758620689655172202e-03 4.787961696306429482e-03 0.000000000000000000e+00 0.000000000000000000e+00 0.000000000000000000e+00 0.000000000000000000e+00 3.203074951953875519e-04 0.000000000000000000e+00 0.000000000000000000e+00 0.000000000000000000e+00 0.000000000000000000e+00 0.000000000000000000e+00 6.655574043261231441e-04 0.000000000000000000e+00 0.000000000000000000e+00 0.000000000000000000e+00 6.186204763377668205e-04 0.000000000000000000e+00 1.122838535818549332e-04 0.000000000000000000e+00 2.040191778027134427e-04 0.000000000000000000e+00 0.000000000000000000e+00 0.000000000000000000e+00 3.762935089369708378e-04 0.000000000000000000e+00 1.565435190983093222e-04 0.000000000000000000e+00 0.000000000000000000e+00 0.000000000000000000e+00 3.931332721792687524e-04 0.000000000000000000e+00 0.000000000000000000e+00 0.000000000000000000e+00 8.441193021947101735e-04 0.000000000000000000e+00 0.000000000000000000e+00 0.000000000000000000e+00 2.065262288310615562e-04 0.000000000000000000e+00 1.461897356143079287e-02 1.197067185395780334e-03 2.876553917317143522e-02 0.000000000000000000e+00 1.208459214501510573e-02 0.000000000000000000e+00 3.426257592275346649e-03 1.544401544401544503e-04 0.000000000000000000e+00 0.000000000000000000e+00 2.004409701342954597e-04 0.000000000000000000e+00 3.696857670979667235e-03 0.000000000000000000e+00 9.256142712891282653e-04 0.000000000000000000e+00 8.227374719521316632e-03 0.000000000000000000e+00 3.565062388591800258e-04 0.000000000000000000e+00 0.000000000000000000e+00 0.000000000000000000e+00 0.000000000000000000e+00 0.000000000000000000e+00 3.539823008849557473e-03 0.000000000000000000e+00 0.000000000000000000e+00 0.000000000000000000e+00 0.000000000000000000e+00 0.000000000000000000e+00 0.000000000000000000e+00 0.000000000000000000e+00 0.000000000000000000e+00 0.000000000000000000e+00 0.000000000000000000e+00 0.000000000000000000e+00 0.000000000000000000e+00 0.000000000000000000e+00 0.000000000000000000e+00 0.000000000000000000e+00 0.000000000000000000e+00 0.000000000000000000e+00 0.000000000000000000e+00 0.000000000000000000e+00 0.000000000000000000e+00 0.000000000000000000e+00
0.000000000000000000e+00 6.443298969072164826e-04 4.188144329896907082e-03 4.542525773195876110e-02 9.664948453608247780e-04 0.000000000000000000e+00 0.000000000000000000e+00 2.369668246445497811e-03 8.968609865470852103e-04 3.362131029517638758e-01 0.000000000000000000e+00 0.000000000000000000e+00 2.558853633572159727e-04 4.533091568449682668e-04 4.180602006688963136e-04 1.773624823695345576e-01 0.000000000000000000e+00 0.000000000000000000e+00 0.000000000000000000e+00 7.758811793393925868e-04 0.000000000000000000e+00 7.075471698113207711e-03 5.274093015822278914e-03 1.161869553736466845e-02 4.405286343612335211e-03 8.044001375042969526e-02 2.178649237472767095e-03 2.475649350649350711e-01 0.000000000000000000e+00 2.034883720930232703e-02 1.034482758620689641e-02 3.875968992248061962e-03 0.000000000000000000e+00 3.216468317787069767e-04 0.000000000000000000e+00 0.000000000000000000e+00 0.000000000000000000e+00 0.000000000000000000e+00 0.000000000000000000e+00 0.000000000000000000e+00 0.000000000000000000e+00 0.000000000000000000e+00 0.000000000000000000e+00 3.096294767261843122e-04 0.000000000000000000e+00 1.253761283851554666e-04 0.000000000000000000e+00 0.000000000000000000e+00 0.000000000000000000e+00 0.000000000000000000e+00 0.000000000000000000e+00 0.000000000000000000e+00 0.000000000000000000e+00 0.000000000000000000e+00 0.000000000000000000e+00 2.053388090349075944e-04 0.000000000000000000e+00 0.000000000000000000e+00 0.000000000000000000e+00 0.000000000000000000e+00 0.000000000000000000e+00 0.000000000000000000e+00 0.000000000000000000e+00 0.000000000000000000e+00 0.000000000000000000e+00 0.000000000000000000e+00 0.000000000000000000e+00 1.152206475400391789e-04 0.000000000000000000e+00 0.000000000000000000e+00 7.776049766718506982e-04 3.471494837647762927e-02 0.000000000000000000e+00 5.714285714285714107e-02 0.000000000000000000e+00 3.614457831325301046e-02 0.000000000000000000e+00 4.169884169884169670e-03 0.000000000000000000e+00 0.000000000000000000e+00 0.000000000000000000e+00 5.008765339343851288e-04 1.848428835489833617e-03 0.000000000000000000e+00 0.000000000000000000e+00 3.742164842361306006e-04 0.000000000000000000e+00 2.816901408450704376e-03 0.000000000000000000e+00 1.234186979327368079e-03 0.000000000000000000e+00 3.741114852225963113e-04 0.000000000000000000e+00 0.000000000000000000e+00 1.769911504424778736e-03 0.000000000000000000e+00 0.000000000000000000e+00 0.000000000000000000e+00 0.000000000000000000e+00 0.000000000000000000e+00 0.000000000000000000e+00 0.000000000000000000e+00 0.000000000000000000e+00 0.000000000000000000e+00 0.000000000000000000e+00 0.000000000000000000e+00 0.000000000000000000e+00 0.000000000000000000e+00 0.000000000000000000e+00 0.000000000000000000e+00 0.000000000000000000e+00 0.000000000000000000e+00 0.000000000000000000e+00 0.000000000000000000e+00 0.000000000000000000e+00 0.000000000000000000e+00
7.589862942849753824e-02 6.464959917248512978e-04 3.387638996638220878e-01 5.818463925523661463e-03 8.533747090768036697e-03 0.000000000000000000e+00 0.000000000000000000e+00 1.216429699842022129e-02 3.318385650224215527e-02 2.159827213822894301e-03 1.283977110157367707e-01 8.291873963515754981e-03 2.530706243602866001e-01 5.893019038984587468e-03 1.379598662207357808e-02 3.526093088857545780e-04 9.516256938937350460e-03 1.901863826550019077e-04 1.142343729944808074e-02 2.771004211926402297e-03 0.000000000000000000e+00 0.000000000000000000e+00 1.038836503116509491e-02 4.753102719831000730e-03 0.000000000000000000e+00 6.875214850464077352e-04 0.000000000000000000e+00 0.000000000000000000e+00 1.927809680065627543e-02 1.211240310077519363e-03 1.494252873563218370e-02 8.435932512539899564e-03 8.267195767195766737e-04 7.826739573281869117e-03 0.000000000000000000e+00 0.000000000000000000e+00 1.921844971172325528e-03 0.000000000000000000e+00 0.000000000000000000e+00 0.000000000000000000e+00 0.000000000000000000e+00 0.000000000000000000e+00 1.663893510815307860e-04 0.000000000000000000e+00 1.420622706286255466e-03 0.000000000000000000e+00 0.000000000000000000e+00 0.000000000000000000e+00 1.796541657309678932e-03 1.021763563911310898e-04 6.834642456390900914e-03 0.000000000000000000e+00 3.412969283276450546e-03 0.000000000000000000e+00 2.445907808090310581e-03 0.000000000000000000e+00 5.322479649342517008e-03 0.000000000000000000e+00 5.291742097200947265e-03 0.000000000000000000e+00 2.529157384353295651e-02 0.000000000000000000e+00 1.572327044025157231e-02 0.000000000000000000e+00 3.095104108047270694e-02 1.403508771929824457e-04 2.207929346260919645e-03 1.152206475400391789e-04 1.032631144155307700e-03 2.675943270002675888e-04 8.662519440124416548e-02 1.496333981744725418e-04 4.018502457357617935e-02 1.751505199781061908e-03 2.014098690835850955e-03 0.000000000000000000e+00 5.731194517987852483e-02 1.389961389961389890e-03 0.000000000000000000e+00 0.000000000000000000e+00 1.142513529765484120e-02 0.000000000000000000e+00 0.000000000000000000e+00 0.000000000000000000e+00 2.827330865028609974e-02 0.000000000000000000e+00 7.479431563201196544e-04 0.000000000000000000e+00 7.664884135472370581e-03 0.000000000000000000e+00 1.581965592248368684e-03 2.618780396558174125e-03 0.000000000000000000e+00 0.000000000000000000e+00 1.946902654867256610e-02 0.000000000000000000e+00 1.461988304093567170e-03 0.000000000000000000e+00 0.000000000000000000e+00 0.000000000000000000e+00 0.000000000000000000e+00 1.472754050073637674e-03 1.615508885298869244e-03 2.229157378510922803e-04 2.297530155083285508e-03 3.633720930232558089e-04 0.000000000000000000e+00 0.000000000000000000e+00 0.000000000000000000e+00 0.000000000000000000e+00 0.000000000000000000e+00 0.000000000000000000e+00 0.000000000000000000e+00 0.000000000000000000e+00 0.000000000000000000e+00 0.000000000000000000e+00
1.263823064770931964e-03 1.642969984202211631e-01 1.295418641390205447e-02 1.698262243285939832e-01 1.579778830963664954e-04 2.369668246445497811e-03 1.216429699842022129e-02 0.000000000000000000e+00 4.484304932735426051e-04 6.479481641468683162e-02 9.656652360515022293e-03 1.962410171365395195e-01 6.141248720573182912e-03 2.468268359020852343e-01 8.361204013377926273e-04 1.551480959097320186e-02 5.947660586835844037e-04 1.787751996957017905e-02 8.342959825439609511e-03 1.607182442917313298e-02 0.000000000000000000e+00 0.000000000000000000e+00 1.646156304938468928e-02 1.029838922630050245e-02 7.342143906020557600e-04 2.750085940185630941e-03 0.000000000000000000e+00 1.217532467532467504e-03 1.845775225594749715e-03 2.180232558139534940e-02 1.793103448275861975e-02 1.025991792065663460e-02 1.289682539682539611e-02 5.039133697866409085e-03 5.047955577990913614e-04 7.067137809187278843e-04 0.000000000000000000e+00 7.812500000000000000e-03 5.149330587023686744e-04 6.176652254478073303e-04 0.000000000000000000e+00 0.000000000000000000e+00 0.000000000000000000e+00 1.032098255753947843e-04 0.000000000000000000e+00 3.761283851554663728e-04 0.000000000000000000e+00 0.000000000000000000e+00 0.000000000000000000e+00 1.532645345866966375e-03 0.000000000000000000e+00 3.361173355062130590e-03 0.000000000000000000e+00 2.192501644376233382e-04 0.000000000000000000e+00 1.437371663244353106e-03 0.000000000000000000e+00 2.944760357432981476e-03 1.392563709789722964e-04 3.173727059472885269e-03 2.620888481195125016e-04 1.416354890432923626e-02 0.000000000000000000e+00 1.658925016589250269e-03 0.000000000000000000e+00 3.649122807017543806e-03 0.000000000000000000e+00 1.613089065560548369e-03 2.065262288310615562e-04 1.873160289001873230e-03 6.220839813374805152e-04 5.192278916654197163e-02 1.445504481063891213e-03 2.725779967159277367e-02 0.000000000000000000e+00 1.506024096385542247e-03 2.491823703472979303e-03 3.088803088803088875e-02 0.000000000000000000e+00 0.000000000000000000e+00 0.000000000000000000e+00 3.756574004507888791e-03 0.000000000000000000e+00 0.000000000000000000e+00 1.682935038707505937e-04 9.542520348021331020e-03 0.000000000000000000e+00 7.042253521126760939e-04 0.000000000000000000e+00 2.159827213822894301e-03 0.000000000000000000e+00 1.496445940890385245e-03 0.000000000000000000e+00 0.000000000000000000e+00 5.309734513274336209e-03 0.000000000000000000e+00 0.000000000000000000e+00 1.138952164009111563e-03 0.000000000000000000e+00 0.000000000000000000e+00 0.000000000000000000e+00 0.000000000000000000e+00 0.000000000000000000e+00 1.337494427106553736e-03 5.743825387708213770e-04 3.633720930232558089e-04 0.000000000000000000e+00 0.000000000000000000e+00 0.000000000000000000e+00 0.000000000000000000e+00 0.000000000000000000e+00 0.000000000000000000e+00 0.000000000000000000e+00 0.000000000000000000e+00 0.000000000000000000e+00 0.000000000000000000e+00
3.587443946188340841e-03 0.000000000000000000e+00 9.417040358744395087e-03 2.242152466367712971e-03 5.322869955156950272e-01 8.968609865470852103e-04 3.318385650224215527e-02 4.484304932735426051e-04 0.000000000000000000e+00 0.000000000000000000e+00 2.503576537911301851e-03 0.000000000000000000e+00 1.612077789150460558e-02 0.000000000000000000e+00 2.591973244147157129e-01 0.000000000000000000e+00 1.982553528945281526e-04 0.000000000000000000e+00 0.000000000000000000e+00 0.000000000000000000e+00 1.165501165501165500e-03 2.358490566037735759e-03 4.794630014383890267e-04 1.584367573277000243e-03 7.342143906020557600e-04 6.875214850464077352e-04 0.000000000000000000e+00 0.000000000000000000e+00 2.666119770303527342e-03 0.000000000000000000e+00 9.195402298850574368e-04 1.139990880072959401e-03 0.000000000000000000e+00 0.000000000000000000e+00 0.000000000000000000e+00 0.000000000000000000e+00 0.000000000000000000e+00 0.000000000000000000e+00 0.000000000000000000e+00 0.000000000000000000e+00 0.000000000000000000e+00 0.000000000000000000e+00 1.663893510815307860e-04 0.000000000000000000e+00 0.000000000000000000e+00 0.000000000000000000e+00 3.093102381688834102e-04 0.000000000000000000e+00 1.122838535818549332e-04 0.000000000000000000e+00 0.000000000000000000e+00 0.000000000000000000e+00 0.000000000000000000e+00 0.000000000000000000e+00 1.881467544684854189e-04 0.000000000000000000e+00 0.000000000000000000e+00 0.000000000000000000e+00 0.000000000000000000e+00 0.000000000000000000e+00 7.862665443585375048e-04 0.000000000000000000e+00 5.717552887364208032e-04 0.000000000000000000e+00 8.441193021947101735e-04 0.000000000000000000e+00 0.000000000000000000e+00 0.000000000000000000e+00 4.130524576621231124e-04 0.000000000000000000e+00 5.909797822706065219e-03 0.000000000000000000e+00 1.734605377276669455e-02 0.000000000000000000e+00 4.028197381671701910e-03 0.000000000000000000e+00 1.868867777604734477e-03 0.000000000000000000e+00 0.000000000000000000e+00 0.000000000000000000e+00 1.002204850671477299e-03 0.000000000000000000e+00 1.848428835489833617e-03 0.000000000000000000e+00 2.524402558061258905e-04 0.000000000000000000e+00 0.000000000000000000e+00 0.000000000000000000e+00 1.782531194295900129e-04 0.000000000000000000e+00 3.954913980620921709e-04 3.741114852225963113e-04 0.000000000000000000e+00 0.000000000000000000e+00 0.000000000000000000e+00 0.000000000000000000e+00 0.000000000000000000e+00 0.000000000000000000e+00 0.000000000000000000e+00 0.000000000000000000e+00 0.000000000000000000e+00 0.000000000000000000e+00 0.000000000000000000e+00 0.000000000000000000e+00 0.000000000000000000e+00 0.000000000000000000e+00 0.000000000000000000e+00 0.000000000000000000e+00 0.000000000000000000e+00 0.000000000000000000e+00 0.000000000000000000e+00 0.000000000000000000e+00 0.000000000000000000e+00 0.000000000000000000e+00 0.000000000000000000e+00 0.000000000000000000e+00
0.000000000000000000e+00 4.319654427645788601e-03 7.199424046076314046e-03 2.231821454283657372e-02 3.599712023038157023e-03 3.362131029517638758e-01 2.159827213822894301e-03 6.479481641468683162e-02 0.000000000000000000e+00 0.000000000000000000e+00 0.000000000000000000e+00 8.291873963515754764e-04 2.558853633572159727e-04 9.972801450589301869e-03 8.361204013377926273e-04 1.646685472496473845e-01 0.000000000000000000e+00 5.705591479650056960e-04 0.000000000000000000e+00 3.325205054311682670e-04 0.000000000000000000e+00 0.000000000000000000e+00 4.634809013904427240e-03 2.376551359915500365e-03 1.468428781204111520e-03 2.750085940185630941e-03 0.000000000000000000e+00 5.681818181818181976e-03 0.000000000000000000e+00 2.422480620155038726e-03 5.977011494252873827e-03 6.839945280437756403e-04 1.653439153439153347e-04 0.000000000000000000e+00 0.000000000000000000e+00 0.000000000000000000e+00 0.000000000000000000e+00 0.000000000000000000e+00 0.000000000000000000e+00 0.000000000000000000e+00 0.000000000000000000e+00 0.000000000000000000e+00 0.000000000000000000e+00 0.000000000000000000e+00 0.000000000000000000e+00 0.000000000000000000e+00 0.000000000000000000e+00 0.000000000000000000e+00 0.000000000000000000e+00 0.000000000000000000e+00 0.000000000000000000e+00 0.000000000000000000e+00 0.000000000000000000e+00 0.000000000000000000e+00 0.000000000000000000e+00 0.000000000000000000e+00 0.000000000000000000e+00 1.015434606011372820e-04 0.000000000000000000e+00 0.000000000000000000e+00 0.000000000000000000e+00 0.000000000000000000e+00 0.000000000000000000e+00 0.000000000000000000e+00 0.000000000000000000e+00 0.000000000000000000e+00 0.000000000000000000e+00 1.152206475400391789e-04 0.000000000000000000e+00 0.000000000000000000e+00 0.000000000000000000e+00 2.394134370791560669e-03 0.000000000000000000e+00 1.094690749863163649e-02 0.000000000000000000e+00 3.012048192771084494e-03 0.000000000000000000e+00 3.397683397683397798e-03 0.000000000000000000e+00 0.000000000000000000e+00 0.000000000000000000e+00 0.000000000000000000e+00 0.000000000000000000e+00 0.000000000000000000e+00 0.000000000000000000e+00 3.742164842361306006e-04 0.000000000000000000e+00 0.000000000000000000e+00 0.000000000000000000e+00 1.542733724159210099e-04 0.000000000000000000e+00 7.482229704451926226e-04 0.000000000000000000e+00 0.000000000000000000e+00 0.000000000000000000e+00 0.000000000000000000e+00 0.000000000000000000e+00 0.000000000000000000e+00 0.000000000000000000e+00 0.000000000000000000e+00 0.000000000000000000e+00 0.000000000000000000e+00 0.000000000000000000e+00 2.229157378510922803e-04 0.000000000000000000e+00 0.000000000000000000e+00 0.000000000000000000e+00 0.000000000000000000e+00 0.000000000000000000e+00 0.000000000000000000e+00 0.000000000000000000e+00 0.000000000000000000e+00 0.000000000000000000e+00 0.000000000000000000e+00 0.000000000000000000e+00 0.000000000000000000e+00
1.616595135908440728e-01 0.000000000000000000e+00 5.937052932761087420e-02 1.788268955650929894e-03 2.145922746781115872e-03 0.000000000000000000e+00 1.283977110157367707e-01 9.656652360515022293e-03 2.503576537911301851e-03 0.000000000000000000e+00 0.000000000000000000e+00 1.105583195135433896e-03 1.676049129989764519e-01 4.533091568449682668e-04 1.045150501672240800e-02 0.000000000000000000e+00 1.883425852498017347e-02 0.000000000000000000e+00 1.283532280836863042e-02 5.542008423852803727e-04 0.000000000000000000e+00 0.000000000000000000e+00 3.036599009109797187e-03 0.000000000000000000e+00 0.000000000000000000e+00 0.000000000000000000e+00 0.000000000000000000e+00 0.000000000000000000e+00 4.573420836751435764e-02 4.844961240310077452e-04 6.896551724137930505e-04 0.000000000000000000e+00 1.157407407407407343e-03 6.432936635574139535e-04 0.000000000000000000e+00 0.000000000000000000e+00 9.609224855861627640e-04 0.000000000000000000e+00 0.000000000000000000e+00 0.000000000000000000e+00 0.000000000000000000e+00 0.000000000000000000e+00 0.000000000000000000e+00 0.000000000000000000e+00 1.183852255238546222e-04 0.000000000000000000e+00 0.000000000000000000e+00 0.000000000000000000e+00 3.368515607455647726e-04 0.000000000000000000e+00 5.100479445067836745e-04 0.000000000000000000e+00 0.000000000000000000e+00 0.000000000000000000e+00 3.762935089369708378e-04 0.000000000000000000e+00 1.111458985597996163e-02 0.000000000000000000e+00 8.355382258738337786e-04 0.000000000000000000e+00 2.070501900144148741e-02 0.000000000000000000e+00 9.148084619782732851e-03 0.000000000000000000e+00 6.752954417557681388e-03 0.000000000000000000e+00 1.247960065277911113e-03 1.152206475400391789e-04 1.239157372986369283e-03 0.000000000000000000e+00 2.768273716951788477e-02 0.000000000000000000e+00 8.094825093957791137e-03 2.189381499726327385e-04 0.000000000000000000e+00 0.000000000000000000e+00 2.959040647874162759e-03 1.544401544401544503e-04 1.923076923076923184e-03 0.000000000000000000e+00 2.004409701342954597e-03 0.000000000000000000e+00 0.000000000000000000e+00 0.000000000000000000e+00 2.608549309996634202e-03 0.000000000000000000e+00 0.000000000000000000e+00 0.000000000000000000e+00 7.130124777183600515e-04 0.000000000000000000e+00 1.977456990310460854e-04 0.000000000000000000e+00 0.000000000000000000e+00 0.000000000000000000e+00 0.000000000000000000e+00 0.000000000000000000e+00 0.000000000000000000e+00 0.000000000000000000e+00 0.000000000000000000e+00 0.000000000000000000e+00 0.000000000000000000e+00 0.000000000000000000e+00 0.000000000000000000e+00 0.000000000000000000e+00 0.000000000000000000e+00 0.000000000000000000e+00 0.000000000000000000e+00 0.000000000000000000e+00 0.000000000000000000e+00 0.000000000000000000e+00 0.000000000000000000e+00 0.000000000000000000e+00 0.000000000000000000e+00 0.000000000000000000e+00 0.000000000000000000e+00 0.000000000000000000e+00
2.763957987838584741e-04 1.008844665561083459e-01 4.698728579325594547e-03 4.947484798231066572e-02 0.000000000000000000e+00 0.000000000000000000e+00 8.291873963515754981e-03 1.962410171365395195e-01 0.000000000000000000e+00 8.291873963515754764e-04 1.105583195135433896e-03 0.000000000000000000e+00 5.117707267144319455e-04 2.101087941976427786e-01 0.000000000000000000e+00 1.622002820874470994e-02 0.000000000000000000e+00 3.062000760745530598e-02 3.722243614426902665e-03 2.438483706495233813e-02 0.000000000000000000e+00 0.000000000000000000e+00 1.278568003835703999e-03 3.696857670979667235e-03 0.000000000000000000e+00 0.000000000000000000e+00 0.000000000000000000e+00 0.000000000000000000e+00 4.101722723543888677e-04 4.893410852713177966e-02 1.149425287356321823e-03 9.119927040583675204e-04 3.472222222222222029e-03 9.649404953361209736e-03 0.000000000000000000e+00 0.000000000000000000e+00 0.000000000000000000e+00 1.077586206896551709e-03 0.000000000000000000e+00 0.000000000000000000e+00 0.000000000000000000e+00 0.000000000000000000e+00 0.000000000000000000e+00 0.000000000000000000e+00 1.183852255238546222e-04 5.015045135406218666e-04 0.000000000000000000e+00 0.000000000000000000e+00 0.000000000000000000e+00 8.174108511290487187e-04 0.000000000000000000e+00 2.138928498675901364e-03 0.000000000000000000e+00 8.770006577504933527e-04 0.000000000000000000e+00 4.106776180698151887e-04 0.000000000000000000e+00 2.132412672623883003e-03 2.785127419579445929e-04 1.517869463226162539e-03 0.000000000000000000e+00 5.077498663816140678e-03 0.000000000000000000e+00 3.483742534837425391e-03 0.000000000000000000e+00 2.385964912280701903e-03 0.000000000000000000e+00 1.613089065560548369e-03 2.065262288310615562e-04 8.027829810008027664e-04 0.000000000000000000e+00 2.872961244949872803e-02 4.336513443191673746e-04 6.896551724137930939e-03 0.000000000000000000e+00 0.000000000000000000e+00 7.786949073353059778e-04 1.698841698841698899e-03 0.000000000000000000e+00 6.250000000000000347e-03 0.000000000000000000e+00 8.014024542950162061e-03 0.000000000000000000e+00 0.000000000000000000e+00 0.000000000000000000e+00 8.981195621667135282e-03 0.000000000000000000e+00 0.000000000000000000e+00 0.000000000000000000e+00 2.622647331070657086e-03 0.000000000000000000e+00 0.000000000000000000e+00 0.000000000000000000e+00 0.000000000000000000e+00 0.000000000000000000e+00 0.000000000000000000e+00 0.000000000000000000e+00 0.000000000000000000e+00 0.000000000000000000e+00 5.630630630630630582e-04 0.000000000000000000e+00 0.000000000000000000e+00 0.000000000000000000e+00 0.000000000000000000e+00 0.000000000000000000e+00 3.633720930232558089e-04 0.000000000000000000e+00 0.000000000000000000e+00 0.000000000000000000e+00 0.000000000000000000e+00 0.000000000000000000e+00 0.000000000000000000e+00 0.000000000000000000e+00 0.000000000000000000e+00 0.000000000000000000e+00 0.000000000000000000e+00
2.456499488229273165e-02 2.558853633572159727e-04 3.684749232343909747e-02 7.420675537359262830e-03 2.558853633572159836e-03 2.558853633572159727e-04 2.530706243602866001e-01 6.141248720573182912e-03 1.612077789150460558e-02 2.558853633572159727e-04 1.676049129989764519e-01 5.117707267144319455e-04 0.000000000000000000e+00 1.586582048957388934e-03 1.877090301003344619e-01 0.000000000000000000e+00 2.775574940523394245e-03 1.901863826550019077e-04 2.567064561673726170e-03 3.325205054311682670e-04 0.000000000000000000e+00 0.000000000000000000e+00 9.749081029247243235e-03 3.960918933192500609e-03 0.000000000000000000e+00 0.000000000000000000e+00 0.000000000000000000e+00 0.000000000000000000e+00 6.931911402789171783e-02 2.422480620155038726e-04 1.977011494252873397e-02 7.523939808481532043e-03 4.960317460317460042e-04 4.288624423716093023e-04 0.000000000000000000e+00 0.000000000000000000e+00 6.406149903907751037e-04 0.000000000000000000e+00 0.000000000000000000e+00 0.000000000000000000e+00 0.000000000000000000e+00 0.000000000000000000e+00 1.663893510815307860e-04 0.000000000000000000e+00 1.183852255238546222e-04 0.000000000000000000e+00 0.000000000000000000e+00 0.000000000000000000e+00 1.122838535818549332e-04 0.000000000000000000e+00 0.000000000000000000e+00 0.000000000000000000e+00 0.000000000000000000e+00 0.000000000000000000e+00 0.000000000000000000e+00 0.000000000000000000e+00 2.191609267376330456e-03 0.000000000000000000e+00 6.962818548948614822e-04 1.379881330205602185e-04 1.126982046913903822e-02 0.000000000000000000e+00 1.029159519725557533e-02 0.000000000000000000e+00 6.752954417557681388e-03 0.000000000000000000e+00 4.799846404915042658e-04 0.000000000000000000e+00 6.195786864931846416e-04 2.675943270002675888e-04 4.027993779160186916e-02 0.000000000000000000e+00 2.732003469210754487e-02 2.189381499726327385e-04 7.049345417925478342e-03 0.000000000000000000e+00 2.507397601619685418e-02 4.633204633204632966e-04 1.923076923076923184e-03 0.000000000000000000e+00 3.407496492283022815e-03 0.000000000000000000e+00 0.000000000000000000e+00 0.000000000000000000e+00 2.356109054190508312e-03 0.000000000000000000e+00 0.000000000000000000e+00 0.000000000000000000e+00 0.000000000000000000e+00 0.000000000000000000e+00 3.954913980620921709e-04 3.741114852225963113e-04 0.000000000000000000e+00 0.000000000000000000e+00 7.079646017699114946e-03 0.000000000000000000e+00 7.309941520467835852e-04 0.000000000000000000e+00 0.000000000000000000e+00 0.000000000000000000e+00 0.000000000000000000e+00 0.000000000000000000e+00 5.385029617662897118e-04 0.000000000000000000e+00 5.743825387708213770e-04 0.000000000000000000e+00 0.000000000000000000e+00 0.000000000000000000e+00 0.000000000000000000e+00 0.000000000000000000e+00 0.000000000000000000e+00 0.000000000000000000e+00 0.000000000000000000e+00 0.000000000000000000e+00 0.000000000000000000e+00 0.000000000000000000e+00
