0.000000000000000000e+00 1.725751725751725751e-02 8.524048923238537745e-02 3.102836879432624255e-03 2.894356005788711796e-03 0.000000000000000000e+00 1.103343721047755355e-01 8.128442832191320674e-03 7.326007326007326001e-03 2.688172043010752686e-04 2.466839457234334398e-01 4.886769964243146275e-03 5.258973194002725809e-02 8.500690681117840713e-04 1.339712918660287098e-02 1.578531965272296652e-04 8.566476850705620483e-02 2.757194554540754600e-03 2.813522355507088249e-02 2.589229524408882474e-02 2.267573696145124777e-03 0.000000000000000000e+00 9.173259947253755049e-04 4.641807210273866859e-04 8.356545961002785324e-04 0.000000000000000000e+00 3.035822707953855673e-04 0.000000000000000000e+00 3.683405556971705574e-02 1.381655861409289031e-03 9.902991107518188674e-03 2.332021571199533513e-03 1.772376250158247749e-02 1.627846566802320510e-02 3.790750568612585251e-04 0.000000000000000000e+00 4.851643945469125835e-02 1.498929336188436871e-03 4.995004995004995001e-04 0.000000000000000000e+00 1.104972375690607689e-02 0.000000000000000000e+00 8.467400508044030166e-04 7.639419404125286073e-05 5.434782608695652023e-03 0.000000000000000000e+00 0.000000000000000000e+00 0.000000000000000000e+00 5.234819024827998962e-03 0.000000000000000000e+00 1.839119972499140762e-02 1.894298162530782224e-04 1.836210062431142083e-03 0.000000000000000000e+00 1.042390548992355725e-03 0.000000000000000000e+00 3.538297019115091424e-01 2.435746682345036294e-03 4.983719247467438551e-02 3.298153034300791439e-04 4.279669167147528291e-02 0.000000000000000000e+00 1.535445932701731513e-02 0.000000000000000000e+00 3.212646608873023779e-02 0.000000000000000000e+00 1.742357529248962297e-02 2.613468072131718760e-04 1.234685759745425548e-01 3.046922608165752652e-03 9.401849275836673958e-02 3.019779556092405410e-04 3.163305654408857248e-02 7.939208347510491419e-04 8.771929824561403022e-03 0.000000000000000000e+00 4.313380281690140650e-02 2.621051179473030731e-03 9.878419452887537630e-03 0.000000000000000000e+00 2.010274737547464770e-03 1.297353399065905488e-04 2.346041055718475071e-03 0.000000000000000000e+00 1.444513329200248011e-02 1.278118609406953086e-04 0.000000000000000000e+00 0.000000000000000000e+00 1.155519303969548654e-02 0.000000000000000000e+00 1.107011070110701075e-03 2.187705097352876920e-04 8.946544397226570931e-04 1.910949742021784785e-04 1.720430107526881719e-02 3.775959723096287014e-03 0.000000000000000000e+00 0.000000000000000000e+00 8.628127696289905483e-04 1.514386673397274084e-03 0.000000000000000000e+00 5.988023952095808313e-04 4.942339373970346247e-04 3.327233405423390576e-04 2.812939521800281346e-04 2.369106846718787153e-04 0.000000000000000000e+00 0.000000000000000000e+00 0.000000000000000000e+00 0.000000000000000000e+00 0.000000000000000000e+00 0.000000000000000000e+00 0.000000000000000000e+00 0.000000000000000000e+00 0.000000000000000000e+00 0.000000000000000000e+00
1.725751725751725751e-02 0.000000000000000000e+00 2.100997974037668078e-03 6.412529550827422709e-02 0.000000000000000000e+00 2.745744096650192239e-03 2.947864903562705252e-03 1.109767566841327463e-01 0.000000000000000000e+00 1.881720430107526989e-03 1.219698124714133297e-03 1.595947556615017748e-01 0.000000000000000000e+00 1.530124322601211263e-02 0.000000000000000000e+00 1.894238358326756199e-03 1.980688289180490298e-03 3.963467172152335127e-02 2.213740458015267185e-02 1.542749258293625858e-01 0.000000000000000000e+00 0.000000000000000000e+00 2.293314986813438762e-04 3.094538140182577545e-04 0.000000000000000000e+00 0.000000000000000000e+00 0.000000000000000000e+00 5.762028233938346110e-04 3.823604384399694345e-04 4.028058242108619597e-02 1.818916734033953044e-03 4.372540445999125607e-04 1.177364223319407599e-02 2.207983375183998620e-02 7.581501137225170502e-04 0.000000000000000000e+00 1.002405773857257404e-03 9.400428265524625460e-02 0.000000000000000000e+00 1.366240634640810900e-02 0.000000000000000000e+00 3.906250000000000000e-03 0.000000000000000000e+00 7.639419404125286073e-05 1.025430680885972169e-04 3.386417719201903834e-03 0.000000000000000000e+00 3.133813851457223354e-04 0.000000000000000000e+00 8.535532751510501587e-03 8.594018563080096690e-05 1.335480204584201490e-02 0.000000000000000000e+00 1.823305154980938130e-03 0.000000000000000000e+00 3.517643179070023118e-03 4.812190883571714969e-03 3.234503611624390818e-01 2.713458755426917716e-04 8.319591029023747086e-02 2.885170225043277360e-04 3.264644593655938870e-02 1.633453119895458946e-04 7.118478790833739772e-03 1.699813020567737560e-04 3.585293445992236011e-02 1.132217889042646825e-03 1.289310915584981204e-02 3.691328560063643349e-02 2.031281738777168389e-01 1.145569102364781943e-03 7.104031405707383895e-02 6.590220113351785572e-04 2.427129409096064408e-02 0.000000000000000000e+00 3.932584269662921239e-02 3.374413145539906234e-03 5.518002483101117073e-02 0.000000000000000000e+00 0.000000000000000000e+00 1.116819298637480428e-04 1.946030098598858313e-03 0.000000000000000000e+00 6.775067750677506769e-04 1.859888406695598393e-04 1.041666666666666609e-02 0.000000000000000000e+00 6.180469715698392544e-04 0.000000000000000000e+00 5.919003115264797645e-03 3.690036900369003583e-04 3.281557646029315163e-03 0.000000000000000000e+00 4.204089432447926690e-03 1.075268817204301074e-03 2.894902454373820058e-02 0.000000000000000000e+00 5.470459518599562164e-03 0.000000000000000000e+00 2.523977788995456807e-03 0.000000000000000000e+00 2.395209580838323325e-03 1.647446457990115235e-04 2.994510064881051193e-03 0.000000000000000000e+00 1.184553423359393414e-03 0.000000000000000000e+00 1.594896331738437012e-03 1.388888888888888951e-01 0.000000000000000000e+00 0.000000000000000000e+00 0.000000000000000000e+00 2.955665024630542079e-03 1.760563380281690181e-03 1.622498647917793415e-03 0.000000000000000000e+00
8.524048923238537745e-02 2.100997974037668078e-03 0.000000000000000000e+00 4.580378250591016220e-03 3.212735166425470523e-02 1.922020867655134567e-03 3.064095005474606337e-01 7.255139056831922707e-03 8.458208458208457681e-02 1.612903225806451612e-03 3.018752858667479722e-02 4.410011918951132343e-03 4.702407996365288306e-02 7.863138880034002687e-03 6.124401913875598263e-02 4.262036306235201556e-03 3.144342659074027962e-02 3.446493193175943250e-04 1.167938931297709954e-01 4.225478737750606659e-03 5.668934240362811941e-04 0.000000000000000000e+00 1.814012154569430157e-01 8.819433699520345948e-03 2.367688022284122548e-02 1.591270743350761468e-03 3.946569520340011995e-03 8.643042350907519707e-04 3.938312515931684937e-02 2.019343182059729971e-03 1.798706548100242539e-02 8.162075499198367945e-03 1.088745410811495055e-02 3.723266083643605312e-03 3.790750568612585251e-04 0.000000000000000000e+00 3.909382518043304222e-02 0.000000000000000000e+00 4.995004995004995001e-04 4.407227853680035405e-04 1.381215469613259611e-03 0.000000000000000000e+00 4.838514576025160327e-04 0.000000000000000000e+00 8.716160787530763399e-03 9.152480322167307915e-05 9.345794392523364873e-04 0.000000000000000000e+00 6.880047861202512327e-03 0.000000000000000000e+00 1.048470264695771682e-02 0.000000000000000000e+00 3.672420124862284057e-04 0.000000000000000000e+00 8.686587908269631769e-04 0.000000000000000000e+00 7.017778371875417302e-03 3.359650596337980890e-04 1.628075253256150434e-02 2.473614775725593851e-04 3.654548951721484692e-03 1.157675387821254865e-04 6.533812479581835786e-04 0.000000000000000000e+00 4.589495155532891113e-03 1.141813199360584640e-04 1.949930808906780860e-02 8.711560240439062081e-05 1.686555290373906169e-02 2.031281738777168417e-04 3.919482857376646590e-02 1.207911822436962164e-03 7.947805456702253246e-02 2.268345242145854753e-03 0.000000000000000000e+00 0.000000000000000000e+00 1.087147887323943601e-01 3.448751551938198170e-03 7.598784194528875350e-04 0.000000000000000000e+00 2.345320527138709116e-03 0.000000000000000000e+00 0.000000000000000000e+00 0.000000000000000000e+00 3.533787972721636785e-03 0.000000000000000000e+00 9.328358208955223703e-04 0.000000000000000000e+00 3.398586188145731515e-03 0.000000000000000000e+00 1.476014760147601433e-03 1.750164077882301536e-03 1.341981659583985640e-03 9.554748710108924197e-04 3.440860215053763438e-02 7.551919446192574027e-03 0.000000000000000000e+00 0.000000000000000000e+00 8.628127696289905483e-04 0.000000000000000000e+00 1.002338790511192717e-03 0.000000000000000000e+00 1.812191103789126921e-03 1.497255032440525596e-03 0.000000000000000000e+00 1.184553423359393414e-03 1.913875598086124457e-03 3.189792663476874023e-03 1.388888888888888812e-02 0.000000000000000000e+00 0.000000000000000000e+00 8.410428931875525271e-04 9.852216748768472150e-04 0.000000000000000000e+00 0.000000000000000000e+00 0.000000000000000000e+00
3.102836879432624255e-03 6.412529550827422709e-02 4.580378250591016220e-03 0.000000000000000000e+00 1.157742402315484762e-03 4.585392641405820757e-02 1.019119009517392357e-02 2.550718796184334169e-01 1.332001332001332000e-03 1.317204301075268827e-02 5.488641561213599730e-03 4.433849821215733039e-02 1.033621081326669723e-02 5.610455849537775153e-02 1.196172248803827705e-03 3.456985003946329987e-02 1.733102253032928848e-03 1.447527141133896252e-02 8.178844056706652613e-03 1.045581228085948056e-01 0.000000000000000000e+00 1.714285714285714197e-03 1.559454191033138315e-02 1.867553767600185766e-01 8.356545961002785324e-04 6.592407365310297418e-02 3.035822707953855673e-04 2.592912705272255695e-03 1.147081315319908304e-03 4.325645658412158312e-02 8.690379951495554034e-03 4.022737210319195233e-02 2.911760982402835946e-03 1.904926833492077282e-02 0.000000000000000000e+00 2.096436058700209756e-03 1.403368083400160365e-03 2.890792291220556712e-02 0.000000000000000000e+00 1.322168356104010643e-02 0.000000000000000000e+00 3.906250000000000000e-03 0.000000000000000000e+00 3.819709702062643172e-04 1.025430680885972169e-04 5.949112209408749345e-03 0.000000000000000000e+00 3.133813851457223354e-04 0.000000000000000000e+00 5.658386880214826865e-03 8.594018563080096690e-05 6.061754120098503118e-03 0.000000000000000000e+00 6.630200563567048436e-04 0.000000000000000000e+00 1.648895240189073323e-03 3.341799224702579900e-04 7.979170166302704953e-03 2.713458755426917716e-04 2.424142480211081627e-02 9.617234083477591651e-05 1.157675387821254865e-03 0.000000000000000000e+00 9.751340809361286810e-04 1.699813020567737560e-04 4.567252797442338669e-03 2.516039753428104056e-04 1.681331126404739251e-02 1.272871917263325480e-03 1.137517773715214335e-02 1.227395466819409132e-03 4.952438471991544439e-02 2.899696849874785782e-03 6.714301916751728994e-02 0.000000000000000000e+00 1.123595505617977497e-02 6.161971830985915090e-03 8.635673886053248094e-02 0.000000000000000000e+00 0.000000000000000000e+00 0.000000000000000000e+00 9.081473793461339230e-04 0.000000000000000000e+00 2.710027100271002708e-03 1.239925604463732172e-04 1.853271983640081798e-03 0.000000000000000000e+00 6.180469715698392544e-04 2.718868950516584865e-04 1.038421599169262691e-03 0.000000000000000000e+00 1.531393568147013844e-03 4.473272198613285466e-04 1.719854767819606334e-03 4.301075268817204297e-03 2.013845185651353190e-02 0.000000000000000000e+00 2.188183807439824866e-03 8.628127696289905483e-04 1.514386673397274084e-03 0.000000000000000000e+00 5.988023952095808313e-04 0.000000000000000000e+00 1.996340043254034129e-03 0.000000000000000000e+00 4.738213693437574306e-04 0.000000000000000000e+00 0.000000000000000000e+00 8.333333333333332871e-02 0.000000000000000000e+00 0.000000000000000000e+00 0.000000000000000000e+00 1.970443349753694430e-03 0.000000000000000000e+00 1.081665765278529015e-03 0.000000000000000000e+00
2.894356005788711796e-03 0.000000000000000000e+00 3.212735166425470523e-02 1.157742402315484762e-03 0.000000000000000000e+00 2.471169686985172798e-03 6.232628653246862459e-03 2.015316404675534146e-04 2.757242757242757136e-01 1.344086021505376451e-03 9.147735935355999189e-04 0.000000000000000000e+00 4.316219900045433627e-03 2.125172670279460178e-04 1.315789473684210453e-01 2.525651144435674643e-03 2.475860361475612872e-04 0.000000000000000000e+00 6.543075245365321787e-04 8.990380293086397781e-05 5.442176870748299117e-02 5.714285714285714714e-04 3.669303978901502020e-03 1.392542163082160058e-03 8.774373259052924146e-02 2.727892702887019846e-03 1.593806921675774146e-01 2.881014116969173055e-04 1.045118531735916324e-02 2.125624402168137012e-04 2.627324171382376932e-03 2.623524267599475473e-03 1.265983035827319882e-04 0.000000000000000000e+00 0.000000000000000000e+00 0.000000000000000000e+00 2.004811547714514808e-04 0.000000000000000000e+00 0.000000000000000000e+00 0.000000000000000000e+00 1.381215469613259611e-03 0.000000000000000000e+00 1.209628644006290082e-04 0.000000000000000000e+00 1.025430680885972169e-04 0.000000000000000000e+00 3.738317757009345624e-04 0.000000000000000000e+00 0.000000000000000000e+00 0.000000000000000000e+00 2.578205568924028736e-04 0.000000000000000000e+00 0.000000000000000000e+00 0.000000000000000000e+00 6.949270326615705198e-04 0.000000000000000000e+00 3.341799224702579900e-04 0.000000000000000000e+00 9.044862518089724363e-05 0.000000000000000000e+00 8.655510675129832621e-04 0.000000000000000000e+00 1.633453119895458946e-04 0.000000000000000000e+00 6.799252082270950239e-04 0.000000000000000000e+00 1.887029815071078042e-04 0.000000000000000000e+00 6.364359586316627399e-04 0.000000000000000000e+00 2.430243024302430194e-02 1.132417333534651866e-03 2.728351126927639272e-02 3.402517863218781804e-04 2.631578947368420907e-02 0.000000000000000000e+00 6.895539906103286161e-03 0.000000000000000000e+00 0.000000000000000000e+00 0.000000000000000000e+00 5.584096493187402140e-04 0.000000000000000000e+00 3.519061583577712607e-03 0.000000000000000000e+00 2.107873527588344665e-03 0.000000000000000000e+00 1.399253731343283501e-03 0.000000000000000000e+00 1.495377922784121892e-03 0.000000000000000000e+00 0.000000000000000000e+00 0.000000000000000000e+00 0.000000000000000000e+00 1.910949742021784785e-04 3.763440860215053977e-03 6.293266205160478717e-04 0.000000000000000000e+00 0.000000000000000000e+00 8.628127696289905483e-04 0.000000000000000000e+00 0.000000000000000000e+00 5.988023952095808313e-04 0.000000000000000000e+00 3.327233405423390576e-04 0.000000000000000000e+00 0.000000000000000000e+00 0.000000000000000000e+00 0.000000000000000000e+00 0.000000000000000000e+00 0.000000000000000000e+00 0.000000000000000000e+00 0.000000000000000000e+00 0.000000000000000000e+00 0.000000000000000000e+00 0.000000000000000000e+00 0.000000000000000000e+00
0.000000000000000000e+00 2.745744096650192239e-03 1.922020867655134567e-03 4.585392641405820757e-02 2.471169686985172798e-03 0.000000000000000000e+00 1.179145961425082057e-03 3.358860674459223251e-03 1.332001332001332000e-03 2.602150537634408400e-01 0.000000000000000000e+00 3.575685339690107202e-04 1.135847342117219397e-04 3.719052172989055407e-03 1.196172248803827705e-03 9.613259668508286615e-02 0.000000000000000000e+00 1.723246596587971625e-04 3.271537622682660893e-04 1.258653241032095743e-03 0.000000000000000000e+00 4.000000000000000083e-02 4.013301226923517671e-03 1.021197586260250666e-02 6.406685236768802118e-03 4.887474426005910394e-02 1.517911353976927674e-03 1.279170267934312821e-01 0.000000000000000000e+00 1.296630885322563528e-02 6.669361358124494855e-03 6.121556624398775959e-03 0.000000000000000000e+00 1.298813750108234431e-03 0.000000000000000000e+00 0.000000000000000000e+00 0.000000000000000000e+00 0.000000000000000000e+00 0.000000000000000000e+00 0.000000000000000000e+00 0.000000000000000000e+00 0.000000000000000000e+00 0.000000000000000000e+00 7.639419404125286073e-05 0.000000000000000000e+00 2.745744096650192239e-04 0.000000000000000000e+00 0.000000000000000000e+00 0.000000000000000000e+00 1.918097247530449923e-04 0.000000000000000000e+00 2.841447243796173337e-04 0.000000000000000000e+00 0.000000000000000000e+00 0.000000000000000000e+00 1.099263493459382224e-04 0.000000000000000000e+00 6.719301192675961780e-04 0.000000000000000000e+00 1.649076517150395720e-04 0.000000000000000000e+00 0.000000000000000000e+00 0.000000000000000000e+00 9.751340809361287081e-05 0.000000000000000000e+00 4.567252797442338560e-04 0.000000000000000000e+00 3.484624096175624832e-04 0.000000000000000000e+00 0.000000000000000000e+00 8.182636445462728629e-04 2.370526951532538062e-02 7.908264136022143337e-04 2.812748100260859668e-02 0.000000000000000000e+00 0.000000000000000000e+00 4.401408450704225451e-04 4.828252172713477959e-03 0.000000000000000000e+00 1.533742331288343594e-03 0.000000000000000000e+00 1.297353399065905488e-04 0.000000000000000000e+00 0.000000000000000000e+00 0.000000000000000000e+00 8.946830265848670785e-04 0.000000000000000000e+00 6.180469715698392544e-04 0.000000000000000000e+00 8.307372793354101748e-04 0.000000000000000000e+00 2.187705097352876920e-04 0.000000000000000000e+00 0.000000000000000000e+00 0.000000000000000000e+00 0.000000000000000000e+00 0.000000000000000000e+00 0.000000000000000000e+00 0.000000000000000000e+00 0.000000000000000000e+00 0.000000000000000000e+00 0.000000000000000000e+00 0.000000000000000000e+00 1.663616702711695288e-04 0.000000000000000000e+00 0.000000000000000000e+00 0.000000000000000000e+00 0.000000000000000000e+00 0.000000000000000000e+00 0.000000000000000000e+00 0.000000000000000000e+00 0.000000000000000000e+00 0.000000000000000000e+00 0.000000000000000000e+00 0.000000000000000000e+00 0.000000000000000000e+00
1.103343721047755355e-01 2.947864903562705252e-03 3.064095005474606337e-01 1.019119009517392357e-02 6.232628653246862459e-03 1.179145961425082057e-03 0.000000000000000000e+00 1.531640467553405799e-02 8.924408924408924748e-02 1.344086021505376451e-03 6.037505717334959443e-02 1.001191895113229952e-02 1.884370740572467173e-01 1.466369142492827612e-02 2.105263157894736795e-02 3.788476716653512398e-03 3.961376578360980595e-03 8.616232982939859208e-04 1.428571428571428527e-02 7.372111840330846343e-03 0.000000000000000000e+00 0.000000000000000000e+00 9.975920192638458237e-03 1.392542163082160014e-02 1.114206128133704782e-03 2.727892702887019846e-03 0.000000000000000000e+00 0.000000000000000000e+00 2.192199847055824671e-02 1.913061961951323256e-03 1.273241713823767239e-02 1.749016178399650026e-02 2.025572857323711812e-03 4.502554333708545797e-03 0.000000000000000000e+00 0.000000000000000000e+00 8.821170809943865154e-03 2.141327623126338233e-04 0.000000000000000000e+00 4.407227853680035405e-04 1.381215469613259611e-03 0.000000000000000000e+00 1.088665779605661006e-03 0.000000000000000000e+00 1.086956521739130405e-02 1.830496064433461583e-04 7.476635514018691248e-04 0.000000000000000000e+00 7.478312892611426593e-03 0.000000000000000000e+00 1.486765211412856627e-02 0.000000000000000000e+00 1.101726037458685380e-03 1.657550140891762109e-04 1.737317581653926354e-03 0.000000000000000000e+00 4.879026868065766687e-03 8.399126490844952225e-05 1.284370477568740933e-02 1.649076517150395720e-04 8.655510675129832188e-03 0.000000000000000000e+00 9.800718719372753136e-04 0.000000000000000000e+00 2.039775624681285093e-02 0.000000000000000000e+00 4.528871556170587301e-03 2.613468072131718760e-04 2.386634844868735193e-03 0.000000000000000000e+00 8.329923901481056658e-02 2.340329155971614030e-03 3.598260181890074877e-02 3.062266076896903895e-03 0.000000000000000000e+00 0.000000000000000000e+00 3.931924882629107831e-02 5.104152296868533917e-03 1.519756838905775070e-03 0.000000000000000000e+00 2.457002457002456942e-03 0.000000000000000000e+00 5.865102639296187678e-04 0.000000000000000000e+00 1.252324860508369567e-02 0.000000000000000000e+00 0.000000000000000000e+00 0.000000000000000000e+00 1.087547580206634119e-02 0.000000000000000000e+00 0.000000000000000000e+00 8.750820389411507680e-04 4.473272198613285466e-04 0.000000000000000000e+00 4.838709677419355051e-03 3.146633102580239250e-03 0.000000000000000000e+00 0.000000000000000000e+00 0.000000000000000000e+00 0.000000000000000000e+00 6.682258603407951808e-04 5.988023952095808313e-04 3.294892915980230470e-04 8.318083513558475897e-04 0.000000000000000000e+00 0.000000000000000000e+00 0.000000000000000000e+00 0.000000000000000000e+00 0.000000000000000000e+00 0.000000000000000000e+00 0.000000000000000000e+00 8.410428931875525271e-04 9.852216748768472150e-04 5.868544600938967268e-04 0.000000000000000000e+00 0.000000000000000000e+00
8.128442832191320674e-03 1.109767566841327463e-01 7.255139056831922707e-03 2.550718796184334169e-01 2.015316404675534146e-04 3.358860674459223251e-03 1.531640467553405799e-02 0.000000000000000000e+00 9.990009990009990001e-04 9.301075268817204922e-02 1.067235859124866619e-02 1.114421930870083399e-01 9.881871876419808659e-03 2.713845499946870854e-01 1.435406698564593289e-03 2.888713496448302998e-02 2.475860361475612764e-03 8.788557642598655503e-03 1.657579062159214925e-02 2.499325721478018458e-02 0.000000000000000000e+00 0.000000000000000000e+00 2.247448687077169965e-02 1.825777502707720892e-02 1.114206128133704782e-03 9.092975676290066152e-04 0.000000000000000000e+00 8.643042350907519707e-04 1.401988274279887927e-03 2.827080454883621960e-02 1.738075990299110807e-02 1.399212942719720194e-02 4.304342321812888034e-03 1.420036366785003105e-02 0.000000000000000000e+00 1.257861635220125724e-03 1.202886928628708885e-03 5.353319057815845473e-03 0.000000000000000000e+00 1.762891141472014162e-03 0.000000000000000000e+00 1.953125000000000000e-03 0.000000000000000000e+00 3.819709702062643172e-04 2.050861361771944339e-04 1.098297638660076896e-02 0.000000000000000000e+00 6.267627702914446708e-04 1.495662578522285395e-04 1.601611201687925742e-02 2.578205568924028736e-04 1.704868346277704089e-02 0.000000000000000000e+00 3.812365324051052336e-03 0.000000000000000000e+00 5.826096515334725640e-03 5.346878759524127623e-04 6.803292457584411181e-03 5.426917510853835431e-04 2.036609498680738706e-02 9.617234083477591651e-05 6.367214633016902298e-03 0.000000000000000000e+00 7.801072647489029665e-04 3.399626041135475119e-04 2.272208266727563514e-02 5.032079506856208112e-04 1.359003397508493777e-02 1.750198886237072345e-03 1.218769043266301104e-03 2.863922755911954641e-03 7.020987467914842350e-02 3.558718861209964231e-03 3.583985482590450189e-02 0.000000000000000000e+00 0.000000000000000000e+00 9.389671361502347630e-03 2.676231204304041836e-02 0.000000000000000000e+00 0.000000000000000000e+00 1.116819298637480428e-04 2.594706798131811085e-03 0.000000000000000000e+00 0.000000000000000000e+00 2.479851208927464344e-04 1.195040899795500947e-02 0.000000000000000000e+00 0.000000000000000000e+00 2.718868950516584865e-04 7.995846313603323027e-03 3.690036900369003583e-04 0.000000000000000000e+00 0.000000000000000000e+00 1.910949742021784785e-04 2.688172043010752903e-03 2.517306482064191487e-03 5.173305742369373877e-04 0.000000000000000000e+00 0.000000000000000000e+00 5.047955577990913614e-04 0.000000000000000000e+00 0.000000000000000000e+00 3.294892915980230470e-04 9.981700216270170643e-04 0.000000000000000000e+00 2.369106846718787153e-04 0.000000000000000000e+00 0.000000000000000000e+00 5.555555555555555247e-02 0.000000000000000000e+00 0.000000000000000000e+00 0.000000000000000000e+00 0.000000000000000000e+00 0.000000000000000000e+00 0.000000000000000000e+00 0.000000000000000000e+00
7.326007326007326001e-03 0.000000000000000000e+00 8.458208458208457681e-02 1.332001332001332000e-03 2.757242757242757136e-01 1.332001332001332000e-03 8.924408924408924748e-02 9.990009990009990001e-04 0.000000000000000000e+00 8.064516129032258058e-04 3.659094374142399676e-03 0.000000000000000000e+00 3.441617446615174991e-02 4.250345340558920357e-04 1.279904306220095711e-01 2.052091554853985918e-03 1.237930180737806382e-03 0.000000000000000000e+00 1.635768811341330392e-03 0.000000000000000000e+00 3.004535147392290231e-02 5.714285714285714714e-04 2.981309482857470283e-03 7.736345350456444404e-04 5.013927576601671411e-03 2.045919527165264776e-03 2.246508803885853209e-02 0.000000000000000000e+00 5.098139179199592461e-03 0.000000000000000000e+00 2.627324171382376932e-03 1.020259437399795993e-03 7.595898214963919294e-04 0.000000000000000000e+00 0.000000000000000000e+00 0.000000000000000000e+00 6.014434643143544423e-04 0.000000000000000000e+00 0.000000000000000000e+00 0.000000000000000000e+00 0.000000000000000000e+00 0.000000000000000000e+00 1.209628644006290082e-04 0.000000000000000000e+00 1.025430680885972169e-04 0.000000000000000000e+00 0.000000000000000000e+00 0.000000000000000000e+00 0.000000000000000000e+00 0.000000000000000000e+00 3.437607425232038676e-04 0.000000000000000000e+00 0.000000000000000000e+00 0.000000000000000000e+00 1.737317581653926299e-04 0.000000000000000000e+00 1.136211736398877242e-03 0.000000000000000000e+00 1.808972503617944873e-04 0.000000000000000000e+00 1.250240430852086982e-03 0.000000000000000000e+00 4.900359359686376568e-04 0.000000000000000000e+00 6.799252082270950239e-04 0.000000000000000000e+00 1.258019876714052028e-04 0.000000000000000000e+00 7.955449482895783977e-04 0.000000000000000000e+00 1.382865559283200964e-02 2.264834667069304057e-04 1.963885593778832289e-02 2.268345242145854536e-04 8.771929824561403022e-03 0.000000000000000000e+00 6.602112676056337906e-03 1.379500620775279246e-04 0.000000000000000000e+00 0.000000000000000000e+00 1.005137368773732385e-03 0.000000000000000000e+00 5.865102639296187678e-04 0.000000000000000000e+00 8.679479231246125474e-04 0.000000000000000000e+00 4.664179104477611851e-04 0.000000000000000000e+00 6.797172376291463246e-04 0.000000000000000000e+00 0.000000000000000000e+00 4.375410194705753840e-04 0.000000000000000000e+00 0.000000000000000000e+00 3.225806451612903223e-03 6.293266205160478717e-04 0.000000000000000000e+00 0.000000000000000000e+00 0.000000000000000000e+00 0.000000000000000000e+00 0.000000000000000000e+00 0.000000000000000000e+00 0.000000000000000000e+00 0.000000000000000000e+00 0.000000000000000000e+00 2.369106846718787153e-04 0.000000000000000000e+00 0.000000000000000000e+00 0.000000000000000000e+00 0.000000000000000000e+00 0.000000000000000000e+00 0.000000000000000000e+00 0.000000000000000000e+00 0.000000000000000000e+00 0.000000000000000000e+00 0.000000000000000000e+00
2.688172043010752686e-04 1.881720430107526989e-03 1.612903225806451612e-03 1.317204301075268827e-02 1.344086021505376451e-03 2.602150537634408400e-01 1.344086021505376451e-03 9.301075268817204922e-02 8.064516129032258058e-04 0.000000000000000000e+00 0.000000000000000000e+00 1.787842669845053547e-03 6.815084052703316653e-04 2.008288173414089772e-02 1.196172248803827705e-03 1.815311760063141322e-01 0.000000000000000000e+00 0.000000000000000000e+00 3.271537622682660893e-04 6.293266205160478717e-04 1.133786848072562388e-03 1.028571428571428518e-02 4.930627221648893610e-03 3.094538140182577545e-04 6.963788300835654400e-03 9.092975676290066152e-04 1.821493624772313295e-03 1.987899740708729338e-02 2.549069589599796230e-04 9.565309809756615197e-03 6.063055780113176668e-03 1.457513481999708500e-03 1.265983035827319882e-04 6.061130833838427202e-04 0.000000000000000000e+00 4.192872117400419079e-04 0.000000000000000000e+00 0.000000000000000000e+00 0.000000000000000000e+00 4.407227853680035405e-04 0.000000000000000000e+00 0.000000000000000000e+00 0.000000000000000000e+00 0.000000000000000000e+00 0.000000000000000000e+00 9.152480322167307915e-05 0.000000000000000000e+00 0.000000000000000000e+00 0.000000000000000000e+00 9.590486237652249613e-05 0.000000000000000000e+00 0.000000000000000000e+00 0.000000000000000000e+00 0.000000000000000000e+00 0.000000000000000000e+00 0.000000000000000000e+00 0.000000000000000000e+00 8.399126490844952225e-05 0.000000000000000000e+00 3.298153034300791439e-04 0.000000000000000000e+00 1.041907849039129487e-03 0.000000000000000000e+00 9.751340809361287081e-05 1.699813020567737560e-04 1.141813199360584667e-03 0.000000000000000000e+00 1.742312048087812416e-04 0.000000000000000000e+00 0.000000000000000000e+00 7.364372800916455658e-04 2.461120338215310246e-02 2.636088045340714446e-04 2.075535896563457036e-02 0.000000000000000000e+00 0.000000000000000000e+00 2.934272300469483634e-04 4.828252172713477959e-03 0.000000000000000000e+00 0.000000000000000000e+00 0.000000000000000000e+00 1.167618059159315075e-03 0.000000000000000000e+00 0.000000000000000000e+00 0.000000000000000000e+00 1.853271983640081798e-03 0.000000000000000000e+00 6.180469715698392544e-04 0.000000000000000000e+00 1.038421599169262691e-03 0.000000000000000000e+00 0.000000000000000000e+00 0.000000000000000000e+00 7.643798968087139141e-04 0.000000000000000000e+00 1.258653241032095743e-03 0.000000000000000000e+00 0.000000000000000000e+00 0.000000000000000000e+00 0.000000000000000000e+00 0.000000000000000000e+00 0.000000000000000000e+00 0.000000000000000000e+00 0.000000000000000000e+00 0.000000000000000000e+00 0.000000000000000000e+00 0.000000000000000000e+00 0.000000000000000000e+00 0.000000000000000000e+00 0.000000000000000000e+00 0.000000000000000000e+00 0.000000000000000000e+00 0.000000000000000000e+00 1.173708920187793454e-03 0.000000000000000000e+00 0.000000000000000000e+00
2.466839457234334398e-01 1.219698124714133297e-03 3.018752858667479722e-02 5.488641561213599730e-03 9.147735935355999189e-04 0.000000000000000000e+00 6.037505717334959443e-02 1.067235859124866619e-02 3.659094374142399676e-03 0.000000000000000000e+00 0.000000000000000000e+00 2.860548271752085762e-03 2.005906406179009671e-01 6.056742110296461576e-03 1.387559808612440215e-02 0.000000000000000000e+00 4.283238425352810241e-02 0.000000000000000000e+00 1.341330425299890917e-02 2.607210284995055329e-03 0.000000000000000000e+00 0.000000000000000000e+00 3.439972480220158252e-03 4.487080303264738036e-03 2.785515320334261955e-04 2.273243919072516538e-04 0.000000000000000000e+00 0.000000000000000000e+00 6.869742543971450732e-02 3.188436603252205247e-04 3.435731608730800170e-03 3.789535053199242012e-03 1.012786428661855906e-03 1.991514416832626359e-03 0.000000000000000000e+00 0.000000000000000000e+00 8.019246190858059231e-04 0.000000000000000000e+00 0.000000000000000000e+00 0.000000000000000000e+00 0.000000000000000000e+00 0.000000000000000000e+00 4.838514576025160327e-04 0.000000000000000000e+00 1.640689089417555471e-03 9.152480322167307915e-05 0.000000000000000000e+00 0.000000000000000000e+00 8.973975471133711825e-04 0.000000000000000000e+00 2.234444826400824868e-03 0.000000000000000000e+00 0.000000000000000000e+00 0.000000000000000000e+00 0.000000000000000000e+00 0.000000000000000000e+00 7.418794278839727606e-03 8.399126490844952225e-05 3.708393632416787274e-03 0.000000000000000000e+00 1.788805539526832147e-02 0.000000000000000000e+00 2.450179679843188501e-03 1.950268161872257416e-04 1.342852286248512675e-02 0.000000000000000000e+00 1.320920870549754629e-03 3.484624096175624832e-04 7.955449482895783977e-04 2.031281738777168417e-04 3.633090581785450995e-02 1.509889778046202705e-04 8.435481745090286226e-03 1.020755358965634487e-03 0.000000000000000000e+00 0.000000000000000000e+00 4.694835680751173815e-03 1.241550558697751376e-03 1.519756838905775070e-03 0.000000000000000000e+00 1.675228947956220642e-03 0.000000000000000000e+00 0.000000000000000000e+00 0.000000000000000000e+00 9.361438313701177585e-03 0.000000000000000000e+00 0.000000000000000000e+00 0.000000000000000000e+00 5.845568243610658327e-03 0.000000000000000000e+00 0.000000000000000000e+00 0.000000000000000000e+00 0.000000000000000000e+00 0.000000000000000000e+00 0.000000000000000000e+00 6.293266205160478717e-04 0.000000000000000000e+00 0.000000000000000000e+00 0.000000000000000000e+00 0.000000000000000000e+00 0.000000000000000000e+00 5.988023952095808313e-04 0.000000000000000000e+00 0.000000000000000000e+00 0.000000000000000000e+00 0.000000000000000000e+00 0.000000000000000000e+00 0.000000000000000000e+00 0.000000000000000000e+00 0.000000000000000000e+00 0.000000000000000000e+00 0.000000000000000000e+00 0.000000000000000000e+00 0.000000000000000000e+00 0.000000000000000000e+00 0.000000000000000000e+00
4.886769964243146275e-03 1.595947556615017748e-01 4.410011918951132343e-03 4.433849821215733039e-02 0.000000000000000000e+00 3.575685339690107202e-04 1.001191895113229952e-02 1.114421930870083399e-01 0.000000000000000000e+00 1.787842669845053547e-03 2.860548271752085762e-03 0.000000000000000000e+00 1.135847342117219478e-03 1.102964615875039883e-01 0.000000000000000000e+00 2.367797947908445357e-03 2.228274325328051531e-03 7.961399276236429123e-02 8.833151581243184683e-03 2.894902454373820058e-02 0.000000000000000000e+00 0.000000000000000000e+00 1.031991744066047389e-03 5.415441745319510974e-03 0.000000000000000000e+00 0.000000000000000000e+00 0.000000000000000000e+00 0.000000000000000000e+00 2.549069589599796230e-04 7.163354235306620965e-02 2.021018593371059179e-03 9.036583588398192091e-03 1.519179642992783859e-03 9.784396917482033815e-03 0.000000000000000000e+00 1.677148846960167632e-03 2.004811547714514808e-04 8.779443254817987513e-03 0.000000000000000000e+00 3.525782282944028324e-03 0.000000000000000000e+00 3.906250000000000000e-03 1.209628644006290082e-04 1.527883880825057215e-04 0.000000000000000000e+00 1.647446457990115343e-03 0.000000000000000000e+00 1.044604617152407875e-04 0.000000000000000000e+00 1.822192385153927237e-03 2.578205568924028736e-04 3.125591968175790887e-03 0.000000000000000000e+00 1.491795126802585763e-03 0.000000000000000000e+00 4.067274925799713864e-03 2.673439379762063812e-04 1.604233159751385779e-02 9.044862518089724363e-05 8.410290237467019092e-03 1.923446816695518330e-04 2.558462607084973500e-02 0.000000000000000000e+00 1.131155533885909274e-02 1.699813020567737560e-04 1.712719799040876914e-02 3.145049691785130070e-04 1.742312048087812579e-03 3.182179793158313699e-04 1.218769043266301104e-03 1.145569102364781943e-03 3.623735467310885972e-02 6.590220113351785572e-04 2.461154587728252296e-02 0.000000000000000000e+00 1.123595505617977497e-02 3.667840375586854489e-03 1.655400744930335052e-02 0.000000000000000000e+00 3.067484662576687188e-03 0.000000000000000000e+00 2.088738972496108001e-02 0.000000000000000000e+00 2.913279132791327802e-02 1.239925604463732172e-04 2.620143149284253486e-02 0.000000000000000000e+00 0.000000000000000000e+00 0.000000000000000000e+00 2.035306334371754858e-02 0.000000000000000000e+00 2.187705097352876920e-04 0.000000000000000000e+00 0.000000000000000000e+00 5.376344086021505372e-04 1.258653241032095743e-03 0.000000000000000000e+00 2.188183807439824866e-03 0.000000000000000000e+00 0.000000000000000000e+00 0.000000000000000000e+00 5.988023952095808313e-04 0.000000000000000000e+00 3.327233405423390576e-04 0.000000000000000000e+00 0.000000000000000000e+00 0.000000000000000000e+00 0.000000000000000000e+00 0.000000000000000000e+00 0.000000000000000000e+00 0.000000000000000000e+00 0.000000000000000000e+00 0.000000000000000000e+00 0.000000000000000000e+00 0.000000000000000000e+00 0.000000000000000000e+00
5.258973194002725809e-02 0.000000000000000000e+00 4.702407996365288306e-02 1.033621081326669723e-02 4.316219900045433627e-03 1.135847342117219397e-04 1.884370740572467173e-01 9.881871876419808659e-03 3.441617446615174991e-02 6.815084052703316653e-04 2.005906406179009671e-01 1.135847342117219478e-03 0.000000000000000000e+00 8.288173414089895427e-03 2.337320574162679299e-01 2.367797947908445357e-03 4.208962614508541394e-03 0.000000000000000000e+00 6.543075245365321570e-03 8.990380293086397238e-04 0.000000000000000000e+00 0.000000000000000000e+00 1.880518289187019937e-02 1.129506421166640885e-02 2.785515320334261955e-04 2.955217094794271391e-03 0.000000000000000000e+00 0.000000000000000000e+00 1.069334692837114464e-01 7.439685407588478728e-04 1.374292643492320068e-02 7.287567409998542065e-03 5.063932143309279529e-04 6.927006667243917112e-04 3.790750568612585251e-04 0.000000000000000000e+00 1.002405773857257404e-03 2.141327623126338233e-04 0.000000000000000000e+00 0.000000000000000000e+00 0.000000000000000000e+00 0.000000000000000000e+00 1.209628644006290082e-04 0.000000000000000000e+00 5.127153404429860440e-04 0.000000000000000000e+00 1.869158878504672812e-04 0.000000000000000000e+00 5.982650314089141578e-04 0.000000000000000000e+00 1.203162598831213374e-03 0.000000000000000000e+00 3.672420124862284057e-04 0.000000000000000000e+00 5.211952744961778627e-04 0.000000000000000000e+00 4.879026868065766687e-03 0.000000000000000000e+00 2.351664254703328578e-03 8.245382585751978599e-05 1.231005962685131731e-02 1.157675387821254865e-04 3.920287487749101255e-03 0.000000000000000000e+00 1.461839197688254328e-02 0.000000000000000000e+00 1.132217889042646825e-03 0.000000000000000000e+00 7.955449482895783977e-04 0.000000000000000000e+00 3.624907945339988363e-02 1.283406311339272245e-03 3.295110056675892851e-02 2.041510717931268974e-03 0.000000000000000000e+00 0.000000000000000000e+00 2.200704225352112520e-02 2.207200993240446794e-03 0.000000000000000000e+00 0.000000000000000000e+00 7.817735090462362563e-03 0.000000000000000000e+00 0.000000000000000000e+00 0.000000000000000000e+00 9.671419714817110561e-03 0.000000000000000000e+00 0.000000000000000000e+00 0.000000000000000000e+00 7.069059271343121516e-03 0.000000000000000000e+00 0.000000000000000000e+00 0.000000000000000000e+00 2.236636099306642733e-04 0.000000000000000000e+00 3.763440860215053977e-03 1.887979861548143507e-03 0.000000000000000000e+00 0.000000000000000000e+00 8.628127696289905483e-04 0.000000000000000000e+00 0.000000000000000000e+00 0.000000000000000000e+00 0.000000000000000000e+00 0.000000000000000000e+00 0.000000000000000000e+00 0.000000000000000000e+00 0.000000000000000000e+00 0.000000000000000000e+00 0.000000000000000000e+00 0.000000000000000000e+00 0.000000000000000000e+00 0.000000000000000000e+00 0.000000000000000000e+00 0.000000000000000000e+00 0.000000000000000000e+00 0.000000000000000000e+00
