2.718041107408569745e-01 4.929863229419341186e-01 3.916966055897214694e-01 5.247997635728262056e-01 4.059650875644557622e-01 0.000000000000000000e+00 3.622804944002918637e-01 4.888346661147855987e-01 3.973794967154560265e-01 0.000000000000000000e+00 3.207699671838347144e-01 4.895642680412371495e-01 3.501550277839320380e-01 0.000000000000000000e+00 4.026922507006089891e-01 0.000000000000000000e+00 3.102574705875634220e-01 4.899322314391650335e-01 4.267994012785617519e-01 5.145994835837989223e-01 0.000000000000000000e+00 0.000000000000000000e+00 3.926505292198565478e-01 0.000000000000000000e+00 0.000000000000000000e+00 0.000000000000000000e+00 0.000000000000000000e+00 0.000000000000000000e+00 4.137319490084022666e-01 5.065178888550692093e-01 4.696627087684375756e-01 0.000000000000000000e+00 4.573164412622940378e-01 4.986381893788539021e-01 0.000000000000000000e+00 0.000000000000000000e+00 4.783682388116374806e-01 5.713341182795699247e-01 0.000000000000000000e+00 0.000000000000000000e+00 4.532946837606838253e-01 0.000000000000000000e+00 4.525769148830912081e-01 5.492597756410256826e-01 4.775589223932076854e-01 0.000000000000000000e+00 0.000000000000000000e+00 0.000000000000000000e+00 4.376972043937169543e-01 0.000000000000000000e+00 4.290982384026830743e-01 0.000000000000000000e+00 4.377818024691358390e-01 0.000000000000000000e+00 4.470884607474277517e-01 0.000000000000000000e+00 3.394600578344593722e-01 4.795322858978025571e-01 4.253244646269231932e-01 4.562969016393442212e-01 4.090708564355923227e-01 0.000000000000000000e+00 4.062600757731840151e-01 0.000000000000000000e+00 4.127753638233704891e-01 0.000000000000000000e+00 4.567280685972084364e-01 5.267729504950494634e-01 3.709622650136453204e-01 5.045194323630709521e-01 3.708282524022212812e-01 5.004225384583568248e-01 4.122379218549027113e-01 4.967976115499777023e-01 4.081104081037499332e-01 0.000000000000000000e+00 4.056954920597877212e-01 4.709554190625032111e-01 0.000000000000000000e+00 0.000000000000000000e+00 4.233558360193466763e-01 5.166250162601626617e-01 0.000000000000000000e+00 0.000000000000000000e+00 4.286511036903061789e-01 5.090996386554621500e-01 0.000000000000000000e+00 0.000000000000000000e+00 4.384071228023996292e-01 0.000000000000000000e+00 4.494908056858317180e-01 4.659003016004105713e-01 0.000000000000000000e+00 0.000000000000000000e+00 4.651399066193703247e-01 0.000000000000000000e+00 4.974892859664738487e-01 0.000000000000000000e+00 4.953617317073170656e-01 0.000000000000000000e+00 0.000000000000000000e+00 5.178065957688527954e-01 4.599941405105106851e-01 4.795207049881775596e-01 4.876194835816810569e-01 4.693089918224299106e-01 0.000000000000000000e+00 0.000000000000000000e+00 0.000000000000000000e+00 0.000000000000000000e+00 0.000000000000000000e+00 0.000000000000000000e+00 0.000000000000000000e+00 0.000000000000000000e+00 0.000000000000000000e+00 0.000000000000000000e+00
4.929863229419341186e-01 3.060296230989135169e-01 5.238791457329684542e-01 3.900794696527770666e-01 0.000000000000000000e+00 3.837179709764630964e-01 4.780642530783681954e-01 3.352306587227828483e-01 0.000000000000000000e+00 3.834166803801859480e-01 0.000000000000000000e+00 3.947070227775089091e-01 4.457305681818181653e-01 3.951850572815044371e-01 0.000000000000000000e+00 3.962293625373450312e-01 5.014128413758900393e-01 3.918418536430662846e-01 5.246311810389171493e-01 4.389143572973132068e-01 0.000000000000000000e+00 0.000000000000000000e+00 0.000000000000000000e+00 4.713671103448275890e-01 0.000000000000000000e+00 0.000000000000000000e+00 0.000000000000000000e+00 4.553220563296156431e-01 4.761948333333333450e-01 4.402438850084877120e-01 4.961723267739912013e-01 0.000000000000000000e+00 5.182849902054041946e-01 5.005753548692885024e-01 4.795489878048780352e-01 0.000000000000000000e+00 5.466998576154806777e-01 5.471386341811458331e-01 0.000000000000000000e+00 5.760983043142247073e-01 0.000000000000000000e+00 4.381018386170372758e-01 0.000000000000000000e+00 4.630023520000000614e-01 5.003986143790850605e-01 4.275274187974367757e-01 0.000000000000000000e+00 0.000000000000000000e+00 0.000000000000000000e+00 4.446975395002958353e-01 0.000000000000000000e+00 4.307903148894507983e-01 0.000000000000000000e+00 4.279487386043052122e-01 0.000000000000000000e+00 4.403606920818632919e-01 4.852925825437620633e-01 3.215738226367224617e-01 5.114505526315789030e-01 4.227430786533507567e-01 4.550738318171916319e-01 4.122037206480145266e-01 0.000000000000000000e+00 4.144042105531445253e-01 0.000000000000000000e+00 4.239540924625185281e-01 5.198252437239626600e-01 3.667103128785118571e-01 5.331795739912358334e-01 3.262631029160925067e-01 5.124838474576270952e-01 4.183026020310785520e-01 4.718771312260535700e-01 4.304110889041815047e-01 0.000000000000000000e+00 4.186761756200600426e-01 4.485516609498416130e-01 4.270624944701101322e-01 0.000000000000000000e+00 4.139547150169246570e-01 0.000000000000000000e+00 4.590180038352606462e-01 0.000000000000000000e+00 0.000000000000000000e+00 4.781223064387917221e-01 4.558589002437259396e-01 0.000000000000000000e+00 4.283718557546054018e-01 0.000000000000000000e+00 4.529184099675629960e-01 4.969585370370370181e-01 4.750425179754131921e-01 0.000000000000000000e+00 4.019474521739130890e-01 4.555575919864248702e-01 0.000000000000000000e+00 0.000000000000000000e+00 4.914548389760680092e-01 4.429792333333333332e-01 4.968263967672605363e-01 0.000000000000000000e+00 4.647982307692307136e-01 4.663238306451611970e-01 4.746417394202853690e-01 0.000000000000000000e+00 4.833348393334865323e-01 0.000000000000000000e+00 0.000000000000000000e+00 0.000000000000000000e+00 0.000000000000000000e+00 5.025700192307692715e-01 0.000000000000000000e+00 4.166608175182481277e-01 0.000000000000000000e+00 0.000000000000000000e+00 4.295853033309282587e-01
3.916966055897214694e-01 5.238791457329684542e-01 2.891117421692511735e-01 4.699867301024276411e-01 2.014560179312279709e-01 4.492964012362569703e-01 3.221255893024090877e-01 4.570844893837845979e-01 3.033052348901700834e-01 4.514611705640844130e-01 4.087267805508502105e-01 4.650450424697391005e-01 3.615654748170566979e-01 4.426243413376042546e-01 3.726100574826472500e-01 4.594610570031533725e-01 4.372721304132497488e-01 4.935076279914528685e-01 3.516646174660587043e-01 5.270197155299116698e-01 0.000000000000000000e+00 0.000000000000000000e+00 2.498991331214641121e-01 4.621714673610448632e-01 1.545032165590906059e-01 4.521305077304946241e-01 3.371283201537689789e-01 4.483603932432431716e-01 4.284602853860277616e-01 4.547240254839812756e-01 3.862499554752196196e-01 4.511848573754781433e-01 4.302624069439983656e-01 4.946374896435245527e-01 4.648216401774716289e-01 0.000000000000000000e+00 4.634914462191094819e-01 5.132720582524270547e-01 0.000000000000000000e+00 0.000000000000000000e+00 0.000000000000000000e+00 0.000000000000000000e+00 4.468163402061856027e-01 0.000000000000000000e+00 4.515085004224283494e-01 0.000000000000000000e+00 4.388117068965518008e-01 0.000000000000000000e+00 4.413321717644664854e-01 0.000000000000000000e+00 4.263579505781203705e-01 0.000000000000000000e+00 0.000000000000000000e+00 0.000000000000000000e+00 4.265451508737090336e-01 0.000000000000000000e+00 4.260276703977283197e-01 5.400239167350286973e-01 4.447449919753170278e-01 4.962328914728680873e-01 4.174026789373094792e-01 5.045149134615385389e-01 4.011106437432701566e-01 0.000000000000000000e+00 4.103164176489217940e-01 0.000000000000000000e+00 4.804588982742153958e-01 5.358228999096883438e-01 3.110912403118383796e-01 0.000000000000000000e+00 3.831636958060474774e-01 4.591563894201176610e-01 3.906588358640691871e-01 4.846953275392344995e-01 3.600427309591130443e-01 4.651496259820426249e-01 4.251852331401724805e-01 4.309723500359805004e-01 4.372596883116882105e-01 0.000000000000000000e+00 4.126392802277279448e-01 0.000000000000000000e+00 0.000000000000000000e+00 0.000000000000000000e+00 4.209790344594918632e-01 4.891351379310344694e-01 0.000000000000000000e+00 0.000000000000000000e+00 4.342836649039388264e-01 4.869437301587301037e-01 4.294018636481144457e-01 4.742848397252161230e-01 0.000000000000000000e+00 0.000000000000000000e+00 4.632055516692318298e-01 0.000000000000000000e+00 4.833806283185841379e-01 4.682431322314049571e-01 4.138197168141592996e-01 4.711559538032786820e-01 4.155081102299977847e-01 0.000000000000000000e+00 4.353150042349726578e-01 4.582621162790697089e-01 4.928779757182518706e-01 0.000000000000000000e+00 0.000000000000000000e+00 0.000000000000000000e+00 4.450433255813953104e-01 0.000000000000000000e+00 0.000000000000000000e+00 0.000000000000000000e+00 0.000000000000000000e+00 0.000000000000000000e+00 0.000000000000000000e+00 0.000000000000000000e+00
5.247997635728262056e-01 3.900794696527770666e-01 4.699867301024276411e-01 2.590623448226996861e-01 4.430948443098285949e-01 2.334368326343294331e-01 4.525385054759506476e-01 3.330170982509528810e-01 4.519919204920679334e-01 2.874627319296306771e-01 4.515601946494968155e-01 4.223430534876625453e-01 4.183030454112942054e-01 3.767068627429034922e-01 4.412223355534173330e-01 3.481836805852027705e-01 4.805247435897436192e-01 4.721333840641229740e-01 5.267620348105631622e-01 3.165819393198492926e-01 4.122463043478261646e-01 0.000000000000000000e+00 4.424648916930644105e-01 2.271259693793535317e-01 4.371610326361379251e-01 1.863355205577992002e-01 4.504128927519779890e-01 2.858993932995334553e-01 4.780878630769230253e-01 4.143998131822138609e-01 4.279842551797469752e-01 3.547366555700272039e-01 5.084974183027791694e-01 4.064863261155858276e-01 0.000000000000000000e+00 4.683514891304348393e-01 0.000000000000000000e+00 5.181063520228763597e-01 0.000000000000000000e+00 5.166774951823162043e-01 0.000000000000000000e+00 4.165476815384615006e-01 0.000000000000000000e+00 0.000000000000000000e+00 0.000000000000000000e+00 4.205719144161039758e-01 0.000000000000000000e+00 0.000000000000000000e+00 0.000000000000000000e+00 4.723932036134487200e-01 0.000000000000000000e+00 4.530358468656589532e-01 0.000000000000000000e+00 3.898500816326531115e-01 0.000000000000000000e+00 4.261000961033010181e-01 0.000000000000000000e+00 4.559724831885675345e-01 0.000000000000000000e+00 4.530848433165975964e-01 5.011700370370371083e-01 4.223605691590773259e-01 0.000000000000000000e+00 4.298788658515583783e-01 0.000000000000000000e+00 4.322854408057643094e-01 5.291208239999999341e-01 4.761963428235605478e-01 5.359202249809014162e-01 4.286323176401129476e-01 4.336147900656011078e-01 4.082055360265184341e-01 4.754235236386849528e-01 4.002705009894845234e-01 0.000000000000000000e+00 3.856073207229996358e-01 4.501826389485676372e-01 4.279540675558174412e-01 0.000000000000000000e+00 5.041868481012657943e-01 0.000000000000000000e+00 4.566082138742528218e-01 0.000000000000000000e+00 0.000000000000000000e+00 4.893172803030302331e-01 4.401465279764830152e-01 0.000000000000000000e+00 0.000000000000000000e+00 0.000000000000000000e+00 4.396513375864925521e-01 4.283189822506114908e-01 4.655971860476438851e-01 0.000000000000000000e+00 4.239336536786149634e-01 4.643032360156008620e-01 0.000000000000000000e+00 0.000000000000000000e+00 0.000000000000000000e+00 4.592952539682539914e-01 4.377471357435757104e-01 0.000000000000000000e+00 0.000000000000000000e+00 0.000000000000000000e+00 4.475783873470731145e-01 4.540218150360965654e-01 4.933751002246120065e-01 0.000000000000000000e+00 4.558382366412213615e-01 0.000000000000000000e+00 0.000000000000000000e+00 4.556333873873873452e-01 0.000000000000000000e+00 0.000000000000000000e+00 0.000000000000000000e+00 0.000000000000000000e+00 0.000000000000000000e+00
4.059650875644557622e-01 0.000000000000000000e+00 2.014560179312279709e-01 4.430948443098285949e-01 2.683103774497234695e-01 4.634492065930750360e-01 3.070343787235189636e-01 4.329031935483870774e-01 2.374142897313495371e-01 4.827251379876638104e-01 3.788593263476571771e-01 0.000000000000000000e+00 3.629263710946135091e-01 0.000000000000000000e+00 3.510622938030648066e-01 0.000000000000000000e+00 0.000000000000000000e+00 0.000000000000000000e+00 3.796711323468198174e-01 0.000000000000000000e+00 2.866607200082306739e-01 0.000000000000000000e+00 3.436961633064069543e-01 4.669373265697591702e-01 2.183301357295770462e-01 4.507568209718911256e-01 2.679862485635821634e-01 4.466333922117733390e-01 3.595566331478537991e-01 0.000000000000000000e+00 3.827703268802458703e-01 4.408229955287229496e-01 0.000000000000000000e+00 0.000000000000000000e+00 0.000000000000000000e+00 0.000000000000000000e+00 4.360199431818181370e-01 0.000000000000000000e+00 0.000000000000000000e+00 0.000000000000000000e+00 0.000000000000000000e+00 0.000000000000000000e+00 4.896544063780179923e-01 0.000000000000000000e+00 0.000000000000000000e+00 0.000000000000000000e+00 4.708079240933783494e-01 0.000000000000000000e+00 4.942484242424241558e-01 0.000000000000000000e+00 4.863649286227115232e-01 0.000000000000000000e+00 0.000000000000000000e+00 0.000000000000000000e+00 4.333416374365369195e-01 0.000000000000000000e+00 4.157528425196850286e-01 0.000000000000000000e+00 0.000000000000000000e+00 0.000000000000000000e+00 4.037264761528326917e-01 0.000000000000000000e+00 0.000000000000000000e+00 0.000000000000000000e+00 3.877400071474086385e-01 0.000000000000000000e+00 0.000000000000000000e+00 0.000000000000000000e+00 4.310881750000000179e-01 0.000000000000000000e+00 3.584070818719493068e-01 5.030811450580839894e-01 3.813747879838829125e-01 0.000000000000000000e+00 3.483331264846976083e-01 0.000000000000000000e+00 3.860830177253635198e-01 3.653260793650793259e-01 0.000000000000000000e+00 0.000000000000000000e+00 4.051043000000000838e-01 0.000000000000000000e+00 4.497827464349375970e-01 0.000000000000000000e+00 4.132053137302090229e-01 0.000000000000000000e+00 4.339395428791081866e-01 0.000000000000000000e+00 4.362233636363636036e-01 0.000000000000000000e+00 0.000000000000000000e+00 0.000000000000000000e+00 0.000000000000000000e+00 0.000000000000000000e+00 4.008002530630289106e-01 0.000000000000000000e+00 0.000000000000000000e+00 0.000000000000000000e+00 0.000000000000000000e+00 0.000000000000000000e+00 0.000000000000000000e+00 0.000000000000000000e+00 0.000000000000000000e+00 0.000000000000000000e+00 0.000000000000000000e+00 0.000000000000000000e+00 0.000000000000000000e+00 0.000000000000000000e+00 0.000000000000000000e+00 0.000000000000000000e+00 0.000000000000000000e+00 0.000000000000000000e+00 0.000000000000000000e+00 0.000000000000000000e+00 0.000000000000000000e+00 0.000000000000000000e+00
0.000000000000000000e+00 3.837179709764630964e-01 4.492964012362569703e-01 2.334368326343294331e-01 4.634492065930750360e-01 2.265007985010644986e-01 0.000000000000000000e+00 2.777993834717820687e-01 4.455956196213425313e-01 2.381214001723261919e-01 0.000000000000000000e+00 0.000000000000000000e+00 3.839554545454544887e-01 3.449487443236329831e-01 4.579392686567164139e-01 2.609039340492943504e-01 0.000000000000000000e+00 0.000000000000000000e+00 0.000000000000000000e+00 3.884821824664811962e-01 0.000000000000000000e+00 3.138005975447649698e-01 4.309597151531161519e-01 2.585464263488274628e-01 4.349541910033429826e-01 2.824366028774101811e-01 4.459063185193287149e-01 2.552046127392177954e-01 0.000000000000000000e+00 3.348101642255311150e-01 4.030887401256099678e-01 3.550190534590399460e-01 0.000000000000000000e+00 4.123633759702521329e-01 0.000000000000000000e+00 0.000000000000000000e+00 0.000000000000000000e+00 0.000000000000000000e+00 0.000000000000000000e+00 0.000000000000000000e+00 0.000000000000000000e+00 0.000000000000000000e+00 0.000000000000000000e+00 4.682920159066392141e-01 0.000000000000000000e+00 4.303380743243243600e-01 0.000000000000000000e+00 0.000000000000000000e+00 0.000000000000000000e+00 0.000000000000000000e+00 0.000000000000000000e+00 0.000000000000000000e+00 0.000000000000000000e+00 0.000000000000000000e+00 0.000000000000000000e+00 4.543550340909091045e-01 0.000000000000000000e+00 0.000000000000000000e+00 0.000000000000000000e+00 0.000000000000000000e+00 0.000000000000000000e+00 0.000000000000000000e+00 0.000000000000000000e+00 0.000000000000000000e+00 0.000000000000000000e+00 0.000000000000000000e+00 0.000000000000000000e+00 4.273035588235294391e-01 0.000000000000000000e+00 0.000000000000000000e+00 4.572992117168597770e-01 3.354320606749455758e-01 0.000000000000000000e+00 3.704259987138392440e-01 0.000000000000000000e+00 3.450459569085730926e-01 0.000000000000000000e+00 3.579366449982789300e-01 0.000000000000000000e+00 0.000000000000000000e+00 0.000000000000000000e+00 4.010314441873915614e-01 3.358140613207546421e-01 0.000000000000000000e+00 0.000000000000000000e+00 3.957554157005628293e-01 0.000000000000000000e+00 3.935890012797061410e-01 0.000000000000000000e+00 4.192842603553655900e-01 0.000000000000000000e+00 4.141621300000000727e-01 0.000000000000000000e+00 0.000000000000000000e+00 3.765082268041236579e-01 0.000000000000000000e+00 0.000000000000000000e+00 0.000000000000000000e+00 0.000000000000000000e+00 0.000000000000000000e+00 0.000000000000000000e+00 0.000000000000000000e+00 0.000000000000000000e+00 0.000000000000000000e+00 0.000000000000000000e+00 0.000000000000000000e+00 0.000000000000000000e+00 0.000000000000000000e+00 0.000000000000000000e+00 0.000000000000000000e+00 0.000000000000000000e+00 0.000000000000000000e+00 0.000000000000000000e+00 0.000000000000000000e+00 0.000000000000000000e+00 0.000000000000000000e+00
3.622804944002918637e-01 4.780642530783681954e-01 3.221255893024090877e-01 4.525385054759506476e-01 3.070343787235189636e-01 0.000000000000000000e+00 2.647735258930639102e-01 4.437599940311539037e-01 2.965470757728753126e-01 4.119082059444619248e-01 3.543720206935661032e-01 4.411447202941535806e-01 2.995774313208724449e-01 4.243300614750392663e-01 3.535397046716816094e-01 4.540032405063290089e-01 4.157044890501082612e-01 4.453597906976743959e-01 4.198401478170474821e-01 4.948439376573998127e-01 0.000000000000000000e+00 0.000000000000000000e+00 3.786775555013073835e-01 4.360809869002282846e-01 0.000000000000000000e+00 3.862958154761904073e-01 0.000000000000000000e+00 0.000000000000000000e+00 3.873611797920011313e-01 4.432284236088179230e-01 3.530861656107713298e-01 4.390150539726536683e-01 4.408320652830166608e-01 4.578804493785738061e-01 0.000000000000000000e+00 0.000000000000000000e+00 4.032691133872817191e-01 0.000000000000000000e+00 0.000000000000000000e+00 0.000000000000000000e+00 0.000000000000000000e+00 0.000000000000000000e+00 4.266518428571428045e-01 0.000000000000000000e+00 4.255205778546750639e-01 0.000000000000000000e+00 0.000000000000000000e+00 0.000000000000000000e+00 4.494633700804681053e-01 4.500635155279503197e-01 4.142309629943277671e-01 0.000000000000000000e+00 4.254232769662373848e-01 0.000000000000000000e+00 4.201918832691563521e-01 0.000000000000000000e+00 3.947192952264563237e-01 0.000000000000000000e+00 4.173598945402396398e-01 0.000000000000000000e+00 4.138340963858262445e-01 0.000000000000000000e+00 4.050290163179072755e-01 0.000000000000000000e+00 4.076854892201165481e-01 4.754364525547445375e-01 4.650883468175679436e-01 5.149230483870967934e-01 4.281053929149051251e-01 4.578131849315068003e-01 3.429699485399181347e-01 4.552372999999999559e-01 3.724456996377419338e-01 4.474706120316877533e-01 3.299069530769230818e-01 0.000000000000000000e+00 4.006755788651260031e-01 4.342152954137794008e-01 0.000000000000000000e+00 0.000000000000000000e+00 4.077116308149332236e-01 0.000000000000000000e+00 0.000000000000000000e+00 0.000000000000000000e+00 4.193941199245104223e-01 0.000000000000000000e+00 4.441730845070421263e-01 0.000000000000000000e+00 4.357588831015050679e-01 0.000000000000000000e+00 4.219440956432487511e-01 4.680538830142101370e-01 0.000000000000000000e+00 0.000000000000000000e+00 4.595538134335736546e-01 0.000000000000000000e+00 4.552678199682911320e-01 0.000000000000000000e+00 0.000000000000000000e+00 0.000000000000000000e+00 0.000000000000000000e+00 5.391794344262293981e-01 4.241131936375965861e-01 4.697124863013698581e-01 4.723915139018924347e-01 4.541936100000000809e-01 0.000000000000000000e+00 0.000000000000000000e+00 0.000000000000000000e+00 0.000000000000000000e+00 0.000000000000000000e+00 0.000000000000000000e+00 0.000000000000000000e+00 0.000000000000000000e+00 0.000000000000000000e+00 0.000000000000000000e+00
4.888346661147855987e-01 3.352306587227828483e-01 4.570844893837845979e-01 3.330170982509528810e-01 4.329031935483870774e-01 2.777993834717820687e-01 4.437599940311539037e-01 2.605744653915592068e-01 4.174770374999999811e-01 2.337066365737253404e-01 4.584225724902975529e-01 3.154217496387701214e-01 4.275592142023198483e-01 2.866360237973190617e-01 4.000808825396825474e-01 3.479014505372229893e-01 4.836038856888210113e-01 4.532299924405864822e-01 4.863304338481678757e-01 4.341928315151840634e-01 0.000000000000000000e+00 0.000000000000000000e+00 4.465493301056799313e-01 3.633900188013138299e-01 3.585034750000000159e-01 3.484007151135310454e-01 0.000000000000000000e+00 3.421768141571477906e-01 4.506452320020790103e-01 4.085125625320517595e-01 4.296263666023232286e-01 3.719833483816047948e-01 4.639706243506384054e-01 4.163135141246855908e-01 4.537181079136689554e-01 4.680764659090909663e-01 0.000000000000000000e+00 5.022798908302663623e-01 4.375937177914110410e-01 5.730831805555555158e-01 0.000000000000000000e+00 0.000000000000000000e+00 0.000000000000000000e+00 4.604636064516128835e-01 0.000000000000000000e+00 4.243809659078590646e-01 0.000000000000000000e+00 0.000000000000000000e+00 0.000000000000000000e+00 4.324732214633982275e-01 0.000000000000000000e+00 4.250491256506405691e-01 0.000000000000000000e+00 4.029189236641221861e-01 0.000000000000000000e+00 4.141557727469760697e-01 0.000000000000000000e+00 4.284907637836404271e-01 5.116980814814814371e-01 4.359995527718422692e-01 4.729090420011894391e-01 4.062966182088230127e-01 0.000000000000000000e+00 4.131047227567868907e-01 0.000000000000000000e+00 4.170228144635670930e-01 0.000000000000000000e+00 4.720459124431864439e-01 5.673626103896102224e-01 4.591628341354814791e-01 4.571158620683599683e-01 3.662434462584483463e-01 4.288849956401813435e-01 3.844350195618353450e-01 0.000000000000000000e+00 3.793103730598669787e-01 4.476660588681414255e-01 4.087036309488267793e-01 0.000000000000000000e+00 0.000000000000000000e+00 0.000000000000000000e+00 4.457192473866976035e-01 0.000000000000000000e+00 0.000000000000000000e+00 4.434231577221228182e-01 4.328140362189938917e-01 0.000000000000000000e+00 4.548323284671533240e-01 0.000000000000000000e+00 4.416330511386541424e-01 0.000000000000000000e+00 4.550898821375128356e-01 0.000000000000000000e+00 0.000000000000000000e+00 4.282035748970250411e-01 0.000000000000000000e+00 0.000000000000000000e+00 4.783485118110235579e-01 0.000000000000000000e+00 0.000000000000000000e+00 0.000000000000000000e+00 0.000000000000000000e+00 0.000000000000000000e+00 4.292222940764187644e-01 4.520448679245283041e-01 5.029820707070707941e-01 0.000000000000000000e+00 0.000000000000000000e+00 0.000000000000000000e+00 0.000000000000000000e+00 0.000000000000000000e+00 0.000000000000000000e+00 0.000000000000000000e+00 0.000000000000000000e+00 0.000000000000000000e+00 0.000000000000000000e+00
3.973794967154560265e-01 0.000000000000000000e+00 3.033052348901700834e-01 4.519919204920679334e-01 2.374142897313495371e-01 4.455956196213425313e-01 2.965470757728753126e-01 4.174770374999999811e-01 2.543818691167728518e-01 0.000000000000000000e+00 3.931026872668259009e-01 0.000000000000000000e+00 2.726558782369287726e-01 0.000000000000000000e+00 3.121081383268729526e-01 0.000000000000000000e+00 4.247674303797467354e-01 0.000000000000000000e+00 0.000000000000000000e+00 0.000000000000000000e+00 3.138096714285714128e-01 3.766776958385875673e-01 3.187756969890943592e-01 4.385158646572535623e-01 2.666624117647058423e-01 4.272226464295638126e-01 0.000000000000000000e+00 0.000000000000000000e+00 3.684577987977394331e-01 0.000000000000000000e+00 3.835839076833866268e-01 4.041949040597169751e-01 0.000000000000000000e+00 0.000000000000000000e+00 0.000000000000000000e+00 0.000000000000000000e+00 0.000000000000000000e+00 0.000000000000000000e+00 0.000000000000000000e+00 0.000000000000000000e+00 0.000000000000000000e+00 0.000000000000000000e+00 4.142003161764705732e-01 0.000000000000000000e+00 0.000000000000000000e+00 0.000000000000000000e+00 4.881719230769230866e-01 0.000000000000000000e+00 4.502064701492537457e-01 0.000000000000000000e+00 0.000000000000000000e+00 0.000000000000000000e+00 0.000000000000000000e+00 0.000000000000000000e+00 4.381408108108107990e-01 0.000000000000000000e+00 0.000000000000000000e+00 0.000000000000000000e+00 0.000000000000000000e+00 0.000000000000000000e+00 4.088209958463218108e-01 0.000000000000000000e+00 3.996798416814159594e-01 0.000000000000000000e+00 4.246730468428442928e-01 0.000000000000000000e+00 0.000000000000000000e+00 0.000000000000000000e+00 4.630260956370632064e-01 0.000000000000000000e+00 3.376748031047293042e-01 0.000000000000000000e+00 3.772857612395883464e-01 0.000000000000000000e+00 3.411396395811240878e-01 0.000000000000000000e+00 3.819473700299445551e-01 0.000000000000000000e+00 0.000000000000000000e+00 0.000000000000000000e+00 3.907027666567982616e-01 0.000000000000000000e+00 3.891150476190476382e-01 0.000000000000000000e+00 3.887329665227300945e-01 0.000000000000000000e+00 0.000000000000000000e+00 0.000000000000000000e+00 4.059235979381443093e-01 0.000000000000000000e+00 3.734738157738095032e-01 3.685834656488549688e-01 0.000000000000000000e+00 0.000000000000000000e+00 0.000000000000000000e+00 0.000000000000000000e+00 0.000000000000000000e+00 0.000000000000000000e+00 0.000000000000000000e+00 0.000000000000000000e+00 0.000000000000000000e+00 0.000000000000000000e+00 0.000000000000000000e+00 0.000000000000000000e+00 0.000000000000000000e+00 0.000000000000000000e+00 0.000000000000000000e+00 0.000000000000000000e+00 0.000000000000000000e+00 0.000000000000000000e+00 0.000000000000000000e+00 0.000000000000000000e+00 0.000000000000000000e+00 0.000000000000000000e+00 0.000000000000000000e+00 0.000000000000000000e+00
0.000000000000000000e+00 3.834166803801859480e-01 4.514611705640844130e-01 2.874627319296306771e-01 4.827251379876638104e-01 2.381214001723261919e-01 4.119082059444619248e-01 2.337066365737253404e-01 0.000000000000000000e+00 2.378442961648619958e-01 0.000000000000000000e+00 3.511676887205386621e-01 4.252124303797468752e-01 3.090104906373424276e-01 4.369200678621659728e-01 2.831764269050785487e-01 0.000000000000000000e+00 4.084497051524851874e-01 0.000000000000000000e+00 4.145320138612034189e-01 0.000000000000000000e+00 0.000000000000000000e+00 4.352816160705927917e-01 2.861171006278814821e-01 4.041032332872045996e-01 2.645294604978322139e-01 0.000000000000000000e+00 3.082014822812307320e-01 0.000000000000000000e+00 3.519006691886645832e-01 4.399763080273494942e-01 3.832035673529411990e-01 4.161846835443037684e-01 0.000000000000000000e+00 0.000000000000000000e+00 0.000000000000000000e+00 0.000000000000000000e+00 0.000000000000000000e+00 0.000000000000000000e+00 0.000000000000000000e+00 0.000000000000000000e+00 0.000000000000000000e+00 0.000000000000000000e+00 0.000000000000000000e+00 0.000000000000000000e+00 0.000000000000000000e+00 0.000000000000000000e+00 0.000000000000000000e+00 0.000000000000000000e+00 0.000000000000000000e+00 0.000000000000000000e+00 0.000000000000000000e+00 0.000000000000000000e+00 0.000000000000000000e+00 0.000000000000000000e+00 0.000000000000000000e+00 0.000000000000000000e+00 4.481331344537815009e-01 0.000000000000000000e+00 0.000000000000000000e+00 0.000000000000000000e+00 0.000000000000000000e+00 0.000000000000000000e+00 0.000000000000000000e+00 0.000000000000000000e+00 0.000000000000000000e+00 0.000000000000000000e+00 4.338699200000000200e-01 0.000000000000000000e+00 0.000000000000000000e+00 0.000000000000000000e+00 3.403404917355521420e-01 0.000000000000000000e+00 3.757434228330109316e-01 0.000000000000000000e+00 3.694859346190956795e-01 0.000000000000000000e+00 3.868533606594981578e-01 0.000000000000000000e+00 0.000000000000000000e+00 0.000000000000000000e+00 0.000000000000000000e+00 0.000000000000000000e+00 0.000000000000000000e+00 0.000000000000000000e+00 4.377963566346881885e-01 0.000000000000000000e+00 0.000000000000000000e+00 0.000000000000000000e+00 4.066490259740259683e-01 0.000000000000000000e+00 4.243570768955223227e-01 0.000000000000000000e+00 0.000000000000000000e+00 0.000000000000000000e+00 0.000000000000000000e+00 0.000000000000000000e+00 0.000000000000000000e+00 0.000000000000000000e+00 0.000000000000000000e+00 0.000000000000000000e+00 0.000000000000000000e+00 0.000000000000000000e+00 4.088480873015873929e-01 0.000000000000000000e+00 0.000000000000000000e+00 0.000000000000000000e+00 0.000000000000000000e+00 0.000000000000000000e+00 0.000000000000000000e+00 0.000000000000000000e+00 0.000000000000000000e+00 0.000000000000000000e+00 0.000000000000000000e+00 0.000000000000000000e+00 0.000000000000000000e+00
3.207699671838347144e-01 0.000000000000000000e+00 4.087267805508502105e-01 4.515601946494968155e-01 3.788593263476571771e-01 0.000000000000000000e+00 3.543720206935661032e-01 4.584225724902975529e-01 3.931026872668259009e-01 0.000000000000000000e+00 2.853526303415030441e-01 4.327278947115384966e-01 3.131731889359853360e-01 4.198750191891892358e-01 3.661459643922569396e-01 0.000000000000000000e+00 3.900533255798188659e-01 0.000000000000000000e+00 4.366292846840644226e-01 4.910917301985056049e-01 0.000000000000000000e+00 0.000000000000000000e+00 3.982690212388311224e-01 0.000000000000000000e+00 0.000000000000000000e+00 0.000000000000000000e+00 0.000000000000000000e+00 0.000000000000000000e+00 3.581641576377246339e-01 4.598363327464788375e-01 3.880190501200806441e-01 0.000000000000000000e+00 4.076096044069173474e-01 4.768096585302267765e-01 0.000000000000000000e+00 0.000000000000000000e+00 4.608578198108512214e-01 0.000000000000000000e+00 0.000000000000000000e+00 0.000000000000000000e+00 0.000000000000000000e+00 0.000000000000000000e+00 0.000000000000000000e+00 0.000000000000000000e+00 4.880334961832060725e-01 0.000000000000000000e+00 0.000000000000000000e+00 0.000000000000000000e+00 4.804223439657698269e-01 0.000000000000000000e+00 4.402338661271135156e-01 0.000000000000000000e+00 0.000000000000000000e+00 0.000000000000000000e+00 4.303724670434782573e-01 0.000000000000000000e+00 3.516561873144737893e-01 0.000000000000000000e+00 4.242414675351777187e-01 0.000000000000000000e+00 4.015142689513575003e-01 0.000000000000000000e+00 4.038250752408245603e-01 0.000000000000000000e+00 4.247865696351295628e-01 0.000000000000000000e+00 4.750290334345042553e-01 4.581767078651685088e-01 4.738639279517111724e-01 0.000000000000000000e+00 3.567984122403118907e-01 0.000000000000000000e+00 3.844766307428590379e-01 4.682830376564944830e-01 0.000000000000000000e+00 0.000000000000000000e+00 4.138905977916954027e-01 4.659229381443299456e-01 4.189790374999999290e-01 0.000000000000000000e+00 4.176152810106089075e-01 0.000000000000000000e+00 0.000000000000000000e+00 0.000000000000000000e+00 4.258900427083580076e-01 0.000000000000000000e+00 0.000000000000000000e+00 0.000000000000000000e+00 4.604017342461632634e-01 0.000000000000000000e+00 3.918177200000000360e-01 0.000000000000000000e+00 0.000000000000000000e+00 0.000000000000000000e+00 0.000000000000000000e+00 0.000000000000000000e+00 0.000000000000000000e+00 0.000000000000000000e+00 0.000000000000000000e+00 0.000000000000000000e+00 0.000000000000000000e+00 0.000000000000000000e+00 0.000000000000000000e+00 0.000000000000000000e+00 0.000000000000000000e+00 0.000000000000000000e+00 0.000000000000000000e+00 0.000000000000000000e+00 0.000000000000000000e+00 0.000000000000000000e+00 0.000000000000000000e+00 0.000000000000000000e+00 0.000000000000000000e+00 0.000000000000000000e+00 0.000000000000000000e+00 0.000000000000000000e+00
4.895642680412371495e-01 3.947070227775089091e-01 4.650450424697391005e-01 4.223430534876625453e-01 0.000000000000000000e+00 0.000000000000000000e+00 4.411447202941535806e-01 3.154217496387701214e-01 0.000000000000000000e+00 3.511676887205386621e-01 4.327278947115384966e-01 2.619964666284060328e-01 4.473244249125874483e-01 3.022825304444381467e-01 0.000000000000000000e+00 3.669191694694488026e-01 0.000000000000000000e+00 3.455640463305659216e-01 4.734493868632109193e-01 4.476614956748570240e-01 0.000000000000000000e+00 0.000000000000000000e+00 4.523474784681049132e-01 4.079128013990120372e-01 0.000000000000000000e+00 0.000000000000000000e+00 0.000000000000000000e+00 0.000000000000000000e+00 4.580627161448854734e-01 3.563718569182526275e-01 4.117160286411616354e-01 3.985955606932332085e-01 4.607818540457291334e-01 4.181721899578890178e-01 0.000000000000000000e+00 0.000000000000000000e+00 0.000000000000000000e+00 4.713355906555923847e-01 0.000000000000000000e+00 0.000000000000000000e+00 0.000000000000000000e+00 0.000000000000000000e+00 0.000000000000000000e+00 0.000000000000000000e+00 5.706877359550561746e-01 4.364836884313110232e-01 0.000000000000000000e+00 0.000000000000000000e+00 0.000000000000000000e+00 4.502692733619729770e-01 0.000000000000000000e+00 4.295116576224165539e-01 0.000000000000000000e+00 4.392460079850557531e-01 0.000000000000000000e+00 4.310625360310421650e-01 0.000000000000000000e+00 4.181367825644075054e-01 4.843086512214882511e-01 4.471467261466385290e-01 0.000000000000000000e+00 4.185356572188472790e-01 0.000000000000000000e+00 4.258438302646462836e-01 0.000000000000000000e+00 4.353748184923176834e-01 0.000000000000000000e+00 4.726026851677655460e-01 5.564874852941176231e-01 4.769054629981023807e-01 0.000000000000000000e+00 3.634119892717525002e-01 4.528738267631102765e-01 3.660944397106372650e-01 0.000000000000000000e+00 0.000000000000000000e+00 4.327661174659276355e-01 4.421369610682762130e-01 0.000000000000000000e+00 4.332348584569977179e-01 0.000000000000000000e+00 4.549110762105193495e-01 0.000000000000000000e+00 0.000000000000000000e+00 0.000000000000000000e+00 4.693252967337333548e-01 0.000000000000000000e+00 0.000000000000000000e+00 0.000000000000000000e+00 4.663604322783471146e-01 0.000000000000000000e+00 0.000000000000000000e+00 0.000000000000000000e+00 0.000000000000000000e+00 0.000000000000000000e+00 0.000000000000000000e+00 0.000000000000000000e+00 0.000000000000000000e+00 0.000000000000000000e+00 5.389990447761194847e-01 0.000000000000000000e+00 0.000000000000000000e+00 0.000000000000000000e+00 0.000000000000000000e+00 0.000000000000000000e+00 4.871898478260869858e-01 0.000000000000000000e+00 0.000000000000000000e+00 0.000000000000000000e+00 0.000000000000000000e+00 0.000000000000000000e+00 0.000000000000000000e+00 0.000000000000000000e+00 0.000000000000000000e+00 0.000000000000000000e+00 0.000000000000000000e+00
3.501550277839320380e-01 4.457305681818181653e-01 3.615654748170566979e-01 4.183030454112942054e-01 3.629263710946135091e-01 3.839554545454544887e-01 2.995774313208724449e-01 4.275592142023198483e-01 2.726558782369287726e-01 4.252124303797468752e-01 3.131731889359853360e-01 4.473244249125874483e-01 2.481341046205328971e-01 4.142025305230294108e-01 2.940472575441662739e-01 0.000000000000000000e+00 4.113198896683388783e-01 4.547451772151898663e-01 3.978884627293412524e-01 4.636874995279229861e-01 0.000000000000000000e+00 0.000000000000000000e+00 3.702299329476094192e-01 4.254525601275238045e-01 0.000000000000000000e+00 0.000000000000000000e+00 0.000000000000000000e+00 0.000000000000000000e+00 3.537175873479694865e-01 4.051757500000000012e-01 3.466798300167838187e-01 4.343720365277788376e-01 3.991189597835543279e-01 4.257918157961554373e-01 0.000000000000000000e+00 0.000000000000000000e+00 3.984937348309402494e-01 0.000000000000000000e+00 0.000000000000000000e+00 0.000000000000000000e+00 0.000000000000000000e+00 0.000000000000000000e+00 4.111774934210526422e-01 0.000000000000000000e+00 4.599344789915965626e-01 0.000000000000000000e+00 0.000000000000000000e+00 0.000000000000000000e+00 4.450412580645161098e-01 0.000000000000000000e+00 0.000000000000000000e+00 0.000000000000000000e+00 0.000000000000000000e+00 0.000000000000000000e+00 0.000000000000000000e+00 0.000000000000000000e+00 4.085408956229229505e-01 0.000000000000000000e+00 3.978640684100179237e-01 4.659397629629630222e-01 4.184645699046852241e-01 0.000000000000000000e+00 4.084795380130697429e-01 0.000000000000000000e+00 4.187268776525166492e-01 0.000000000000000000e+00 4.620041109215783370e-01 0.000000000000000000e+00 4.452399009023708110e-01 4.582236666666667513e-01 3.094822938359407249e-01 0.000000000000000000e+00 3.842870676676744535e-01 4.243619560526316059e-01 3.748411822612806032e-01 0.000000000000000000e+00 3.956711255281128437e-01 4.345373338266123597e-01 3.996361052631579036e-01 0.000000000000000000e+00 3.905645707095665164e-01 0.000000000000000000e+00 0.000000000000000000e+00 0.000000000000000000e+00 4.167395379775274966e-01 0.000000000000000000e+00 0.000000000000000000e+00 0.000000000000000000e+00 0.000000000000000000e+00 0.000000000000000000e+00 4.162561125992063626e-01 4.905478125000000134e-01 0.000000000000000000e+00 0.000000000000000000e+00 4.204666586060036848e-01 0.000000000000000000e+00 4.380817264957265200e-01 0.000000000000000000e+00 0.000000000000000000e+00 0.000000000000000000e+00 0.000000000000000000e+00 0.000000000000000000e+00 3.995533657212885781e-01 0.000000000000000000e+00 4.731438695652174231e-01 0.000000000000000000e+00 0.000000000000000000e+00 0.000000000000000000e+00 0.000000000000000000e+00 0.000000000000000000e+00 0.000000000000000000e+00 0.000000000000000000e+00 0.000000000000000000e+00 0.000000000000000000e+00 0.000000000000000000e+00 0.000000000000000000e+00
