0.000000000000000000e+00 1.344063008304083491e-02 4.127602581273590726e-02 4.105181404637745467e-03 8.375209380234505986e-04 0.000000000000000000e+00 1.193739770867430494e-01 6.159074015079112063e-03 1.234060057589469366e-03 0.000000000000000000e+00 2.727272727272727071e-01 5.197505197505197794e-04 2.464915437207628596e-02 1.565925461948011331e-04 3.478260869565217629e-04 0.000000000000000000e+00 5.516372795969773368e-02 3.225228453682135819e-03 5.476190476190476164e-02 2.123115577889447131e-02 0.000000000000000000e+00 0.000000000000000000e+00 1.571832756994655765e-03 0.000000000000000000e+00 0.000000000000000000e+00 0.000000000000000000e+00 0.000000000000000000e+00 0.000000000000000000e+00 5.035737491877842475e-02 1.150251617541337215e-03 0.000000000000000000e+00 0.000000000000000000e+00 1.863096881037814082e-02 1.593233674272226744e-02 3.099814011159330294e-04 0.000000000000000000e+00 8.119047619047618791e-02 8.227067050596462800e-04 0.000000000000000000e+00 4.972650422675285514e-04 3.815261044176707084e-02 0.000000000000000000e+00 4.065040650406504062e-04 0.000000000000000000e+00 1.376841525540410194e-03 1.065530101225359554e-04 1.819836214740673400e-04 0.000000000000000000e+00 6.537728139471533743e-03 0.000000000000000000e+00 8.678792355276521153e-03 2.530577815267819291e-04 0.000000000000000000e+00 0.000000000000000000e+00 1.533036946190403146e-03 0.000000000000000000e+00 2.683690676945314491e-01 5.428292259255238297e-04 2.201604025790218633e-02 5.768676088837611238e-04 6.447800393959290943e-02 0.000000000000000000e+00 1.028841288581548372e-02 0.000000000000000000e+00 4.963864587295549469e-02 1.317523056653491329e-04 6.496793790077623823e-03 4.361574528404754095e-04 1.270829518403222835e-01 6.573050492978786685e-03 7.505518763796908965e-02 4.346692167260714375e-04 3.830212948406459816e-02 1.891200355990655139e-03 3.831417624521072599e-03 0.000000000000000000e+00 4.066022544283413864e-02 1.675509634180396504e-03 0.000000000000000000e+00 0.000000000000000000e+00 4.580589750930431914e-03 1.694053870913094948e-04 0.000000000000000000e+00 0.000000000000000000e+00 4.181992643531105142e-02 0.000000000000000000e+00 2.762430939226519222e-03 0.000000000000000000e+00 2.944989812928320086e-02 1.237164419151305260e-04 1.259974800503989995e-03 1.085383502170767086e-03 4.885197850512945639e-04 3.247807729782396747e-04 4.643962848297213467e-03 0.000000000000000000e+00 5.162622612287042206e-04 0.000000000000000000e+00 0.000000000000000000e+00 2.103049421661408978e-03 7.468259895444361984e-04 0.000000000000000000e+00 7.872466049990159637e-04 8.195041999590247945e-04 3.889369057908383543e-03 3.008423586040914668e-04 1.015228426395939137e-03 0.000000000000000000e+00 0.000000000000000000e+00 2.487562189054726494e-02 8.271298593879239033e-04 0.000000000000000000e+00 2.197802197802197800e-03 2.178649237472767095e-03 0.000000000000000000e+00 0.000000000000000000e+00
1.344063008304083491e-02 0.000000000000000000e+00 7.305491294289541415e-04 8.110507045378896607e-02 0.000000000000000000e+00 9.478672985781990811e-04 1.125204582651391201e-03 1.379420197515132118e-01 0.000000000000000000e+00 3.696857670979667235e-03 8.549444286121401972e-04 9.598059598059598130e-02 0.000000000000000000e+00 2.082680864390855022e-02 0.000000000000000000e+00 1.246261216350947167e-03 1.259445843828715331e-03 8.564773338111449086e-02 1.817042606516290626e-02 6.206030150753769070e-02 0.000000000000000000e+00 0.000000000000000000e+00 0.000000000000000000e+00 1.887237556027364935e-03 0.000000000000000000e+00 0.000000000000000000e+00 0.000000000000000000e+00 0.000000000000000000e+00 1.137102014294996688e-03 5.003594536304816626e-02 4.024954719259408184e-04 2.104820037886760600e-04 1.366271046094396854e-02 2.360346184107002532e-02 0.000000000000000000e+00 5.817335660267597191e-04 1.904761904761904760e-03 1.122994652406417160e-01 0.000000000000000000e+00 3.480855295872700185e-03 0.000000000000000000e+00 1.084337349397590383e-01 0.000000000000000000e+00 4.007694773966014555e-04 2.753683051080820388e-04 1.172083111347895510e-03 0.000000000000000000e+00 9.705910899737940720e-05 4.086080087169708590e-04 2.312807169702226287e-03 0.000000000000000000e+00 8.350906790383803499e-03 0.000000000000000000e+00 9.422110552763818692e-04 0.000000000000000000e+00 3.255882788219623993e-03 1.565887737894483328e-03 2.959504939745956076e-01 1.572574304135870437e-04 4.153446783963080785e-02 0.000000000000000000e+00 3.340454457176150749e-02 0.000000000000000000e+00 2.827225130890052493e-02 0.000000000000000000e+00 2.859025032938076333e-02 6.749915626054674243e-04 1.766437684003925590e-02 1.171946529939571491e-02 6.363907977293098428e-02 3.532008830022075052e-04 3.216552203772928692e-02 1.286265542375303718e-03 4.928245633552118948e-02 0.000000000000000000e+00 2.197802197802197800e-03 1.073537305421363389e-03 7.246579167830215218e-02 0.000000000000000000e+00 1.607717041800643069e-03 0.000000000000000000e+00 2.066745722513975772e-02 0.000000000000000000e+00 9.293680297397769081e-04 1.599232368463137678e-04 3.246433841613378946e-02 0.000000000000000000e+00 7.032348804500703366e-04 1.852194850898314523e-04 2.115551156748731940e-02 1.049979000419991662e-03 4.341534008683068345e-03 7.327796775769418458e-04 2.923026956804157181e-03 0.000000000000000000e+00 2.293577981651376274e-02 0.000000000000000000e+00 1.876172607879924951e-03 1.372683596431022602e-03 4.206098843322817957e-03 1.493651979088872397e-03 1.964636542239685518e-03 1.968116512497539909e-04 4.302397049784880551e-03 1.296456352636127848e-03 3.008423586040914668e-03 2.030456852791878274e-03 5.736137667304015524e-03 0.000000000000000000e+00 0.000000000000000000e+00 4.135649296939619517e-03 2.020202020202020200e-03 0.000000000000000000e+00 0.000000000000000000e+00 0.000000000000000000e+00 0.000000000000000000e+00
4.127602581273590726e-02 7.305491294289541415e-04 0.000000000000000000e+00 5.214689892377676744e-03 8.877721943048576259e-02 4.107424960505529424e-03 2.674918166939443398e-01 5.521928427312307666e-03 1.234060057589469322e-02 3.696857670979667235e-03 3.505272157309775177e-02 2.945252945252945127e-03 2.267002518891687510e-02 1.409332915753210144e-03 1.391304347826087051e-03 2.492522432701894117e-04 7.556675062972291988e-03 5.375380756136893031e-04 8.659147869674185816e-02 4.020100502512563220e-03 5.252100840336134226e-04 0.000000000000000000e+00 1.656711725872367091e-01 1.273885350318471402e-02 2.851524090462143404e-02 2.936241610738255133e-03 1.561889886762983255e-03 3.679175864606328179e-04 3.671215074723846450e-02 7.189072609633357595e-04 2.052726906822298358e-02 2.146916438644495828e-02 1.242064587358542721e-02 3.638867033831628527e-03 9.299442033477991424e-04 0.000000000000000000e+00 2.000000000000000042e-02 0.000000000000000000e+00 0.000000000000000000e+00 0.000000000000000000e+00 2.008032128514056040e-03 0.000000000000000000e+00 1.355013550135501354e-04 0.000000000000000000e+00 1.239157372986369283e-03 0.000000000000000000e+00 0.000000000000000000e+00 0.000000000000000000e+00 5.448106782892944353e-03 0.000000000000000000e+00 2.677499769181054205e-03 0.000000000000000000e+00 0.000000000000000000e+00 0.000000000000000000e+00 3.066073892380806508e-04 0.000000000000000000e+00 5.179474825343290990e-03 1.085658451851047659e-04 5.818524925302720127e-03 1.442169022209402809e-04 1.181877872619829274e-03 0.000000000000000000e+00 8.433125316242199394e-04 0.000000000000000000e+00 4.184100418410041482e-03 0.000000000000000000e+00 9.196760040499494387e-03 0.000000000000000000e+00 3.479216260758102863e-03 0.000000000000000000e+00 3.002207505518763794e-02 4.346692167260714375e-04 8.189223953122766464e-02 1.112470797641561910e-03 3.065134099616858079e-02 0.000000000000000000e+00 6.682769726247987652e-02 4.188774085450991261e-04 2.040816326530612429e-03 0.000000000000000000e+00 1.002004008016031981e-03 0.000000000000000000e+00 0.000000000000000000e+00 0.000000000000000000e+00 5.197505197505197794e-03 0.000000000000000000e+00 0.000000000000000000e+00 0.000000000000000000e+00 5.000926097425448941e-03 0.000000000000000000e+00 1.889962200755984775e-03 3.256150506512301042e-03 1.465559355153883692e-03 6.495615459564793494e-04 4.643962848297213467e-03 0.000000000000000000e+00 0.000000000000000000e+00 1.876172607879924951e-03 0.000000000000000000e+00 4.206098843322817957e-03 1.493651979088872397e-03 0.000000000000000000e+00 3.936233024995079819e-04 1.229256299938537083e-03 1.296456352636127848e-03 3.008423586040914668e-04 2.030456852791878274e-03 0.000000000000000000e+00 0.000000000000000000e+00 2.487562189054726494e-02 8.271298593879239033e-04 0.000000000000000000e+00 0.000000000000000000e+00 0.000000000000000000e+00 0.000000000000000000e+00 0.000000000000000000e+00
4.105181404637745467e-03 8.110507045378896607e-02 5.214689892377676744e-03 0.000000000000000000e+00 1.675041876046901197e-03 5.150078988941548391e-02 6.751227495908346775e-03 1.939046405436975762e-01 0.000000000000000000e+00 3.388786198398028443e-02 3.989740666856654398e-03 3.742203742203742411e-02 5.037783375314861326e-03 4.102724710303789352e-02 0.000000000000000000e+00 4.386839481555333820e-02 1.259445843828715331e-03 2.024726751478229600e-02 7.644110275689223154e-03 1.633165829145728776e-01 0.000000000000000000e+00 0.000000000000000000e+00 1.901917635963533415e-02 1.533380514272233985e-01 2.949852507374631227e-03 4.446308724832214593e-02 0.000000000000000000e+00 2.207505518763796908e-03 4.873294346978557234e-04 3.450754852624011298e-02 1.549607566914872232e-02 3.073037255314670438e-02 4.002208114821970662e-03 1.534225019669551576e-02 0.000000000000000000e+00 1.745200698080279266e-03 4.761904761904761901e-04 2.200740436034553590e-02 0.000000000000000000e+00 4.972650422675285514e-04 0.000000000000000000e+00 6.024096385542168641e-02 0.000000000000000000e+00 0.000000000000000000e+00 0.000000000000000000e+00 1.065530101225359554e-03 0.000000000000000000e+00 0.000000000000000000e+00 0.000000000000000000e+00 2.023706273489447784e-03 0.000000000000000000e+00 3.458456347532686600e-03 0.000000000000000000e+00 3.140703517587939745e-04 0.000000000000000000e+00 8.879680331508065828e-04 2.409058058299205036e-04 8.685267614808381276e-03 0.000000000000000000e+00 1.788289587539659484e-02 0.000000000000000000e+00 9.710623422023693810e-04 0.000000000000000000e+00 8.975317875841436503e-04 0.000000000000000000e+00 4.347826086956521792e-03 1.687478906513668561e-04 9.050267146439864435e-03 0.000000000000000000e+00 9.560800717060053203e-03 5.298013245033112578e-04 3.181778666434843111e-02 1.286265542375303718e-03 7.787295583490932982e-02 0.000000000000000000e+00 0.000000000000000000e+00 6.709608158883521726e-04 8.293772689192963066e-02 0.000000000000000000e+00 1.607717041800643069e-03 0.000000000000000000e+00 2.371675419278333145e-03 0.000000000000000000e+00 9.293680297397769081e-04 7.996161842315688392e-05 3.279226102639776989e-03 0.000000000000000000e+00 7.032348804500703366e-04 0.000000000000000000e+00 2.103179512557219050e-03 6.299874002519949973e-04 2.170767004341534172e-03 2.442598925256472819e-04 1.299123091912958699e-03 0.000000000000000000e+00 1.376146788990825764e-02 1.548786783686112445e-03 1.876172607879924951e-03 6.863417982155113010e-04 1.051524710830704489e-03 0.000000000000000000e+00 0.000000000000000000e+00 0.000000000000000000e+00 2.458512599877074167e-03 0.000000000000000000e+00 9.025270758122744003e-04 0.000000000000000000e+00 0.000000000000000000e+00 0.000000000000000000e+00 0.000000000000000000e+00 0.000000000000000000e+00 4.040404040404040401e-03 0.000000000000000000e+00 2.178649237472767095e-03 0.000000000000000000e+00 0.000000000000000000e+00
8.375209380234505986e-04 0.000000000000000000e+00 8.877721943048576259e-02 1.675041876046901197e-03 0.000000000000000000e+00 1.137440758293838811e-02 1.043371522094926375e-02 1.061909312944674582e-04 4.265734265734265618e-01 1.232285890326555817e-03 5.699629524080935010e-04 0.000000000000000000e+00 3.058654192155451767e-03 1.565925461948011331e-04 1.805217391304347885e-01 2.492522432701894117e-04 0.000000000000000000e+00 0.000000000000000000e+00 1.253132832080200486e-04 1.256281407035176006e-04 2.993697478991596758e-02 1.014198782961460432e-02 7.387613957874882183e-03 3.774475112054729870e-03 6.784660766961651823e-02 1.635906040268456443e-02 1.647793830534947379e-01 5.518763796909492703e-03 1.088369070825211116e-02 0.000000000000000000e+00 6.439927550815053095e-03 5.683014102294253918e-03 0.000000000000000000e+00 0.000000000000000000e+00 0.000000000000000000e+00 0.000000000000000000e+00 0.000000000000000000e+00 0.000000000000000000e+00 0.000000000000000000e+00 0.000000000000000000e+00 2.008032128514056040e-03 0.000000000000000000e+00 5.420054200542005415e-04 0.000000000000000000e+00 0.000000000000000000e+00 0.000000000000000000e+00 3.639672429481346800e-04 0.000000000000000000e+00 0.000000000000000000e+00 0.000000000000000000e+00 0.000000000000000000e+00 0.000000000000000000e+00 6.482982171799027025e-04 0.000000000000000000e+00 0.000000000000000000e+00 0.000000000000000000e+00 2.409058058299205036e-04 0.000000000000000000e+00 0.000000000000000000e+00 0.000000000000000000e+00 1.313197636244254870e-04 0.000000000000000000e+00 1.686625063248439825e-04 0.000000000000000000e+00 3.803727653100038154e-04 0.000000000000000000e+00 0.000000000000000000e+00 1.090393632101188524e-04 3.662332906061160909e-04 0.000000000000000000e+00 3.902869757174393106e-02 2.781882987046857287e-03 1.743604401886522659e-02 0.000000000000000000e+00 0.000000000000000000e+00 0.000000000000000000e+00 2.683843263553408690e-03 0.000000000000000000e+00 0.000000000000000000e+00 0.000000000000000000e+00 0.000000000000000000e+00 0.000000000000000000e+00 3.996003996003996001e-03 0.000000000000000000e+00 9.595394210778826613e-04 0.000000000000000000e+00 1.381215469613259611e-03 0.000000000000000000e+00 1.852194850898314523e-04 0.000000000000000000e+00 2.099958000839983324e-04 0.000000000000000000e+00 2.442598925256472819e-04 0.000000000000000000e+00 0.000000000000000000e+00 0.000000000000000000e+00 0.000000000000000000e+00 0.000000000000000000e+00 0.000000000000000000e+00 0.000000000000000000e+00 0.000000000000000000e+00 0.000000000000000000e+00 0.000000000000000000e+00 2.048760499897561986e-04 0.000000000000000000e+00 0.000000000000000000e+00 0.000000000000000000e+00 0.000000000000000000e+00 0.000000000000000000e+00 0.000000000000000000e+00 0.000000000000000000e+00 0.000000000000000000e+00 0.000000000000000000e+00 0.000000000000000000e+00 0.000000000000000000e+00 0.000000000000000000e+00
0.000000000000000000e+00 9.478672985781990811e-04 4.107424960505529424e-03 5.150078988941548391e-02 1.137440758293838811e-02 0.000000000000000000e+00 4.091653027823240782e-04 5.734310289901242176e-03 3.290826820238585120e-03 2.076401725200246462e-01 0.000000000000000000e+00 6.930006930006930030e-04 0.000000000000000000e+00 2.035703100532414676e-03 0.000000000000000000e+00 1.570289132602193383e-01 0.000000000000000000e+00 1.791793585378964344e-04 2.506265664160400972e-04 7.537688442211054954e-04 1.050420168067226845e-03 5.933062880324543875e-02 7.387613957874882183e-03 4.741684359518754527e-02 1.376597836774827964e-02 7.340604026845637398e-02 3.514252245216712214e-03 7.468727005150846421e-02 0.000000000000000000e+00 8.914450035945363851e-03 1.670356208492654315e-02 1.262892022732056349e-02 0.000000000000000000e+00 1.081825334382376189e-03 0.000000000000000000e+00 0.000000000000000000e+00 0.000000000000000000e+00 0.000000000000000000e+00 0.000000000000000000e+00 0.000000000000000000e+00 0.000000000000000000e+00 0.000000000000000000e+00 1.355013550135501354e-04 8.015389547932029652e-05 0.000000000000000000e+00 0.000000000000000000e+00 0.000000000000000000e+00 0.000000000000000000e+00 0.000000000000000000e+00 0.000000000000000000e+00 0.000000000000000000e+00 0.000000000000000000e+00 0.000000000000000000e+00 1.570351758793969872e-04 0.000000000000000000e+00 0.000000000000000000e+00 0.000000000000000000e+00 2.171316903702095319e-04 0.000000000000000000e+00 1.442169022209402809e-04 0.000000000000000000e+00 0.000000000000000000e+00 0.000000000000000000e+00 0.000000000000000000e+00 0.000000000000000000e+00 0.000000000000000000e+00 0.000000000000000000e+00 2.180787264202377047e-04 0.000000000000000000e+00 0.000000000000000000e+00 2.295805739514348784e-03 4.833521689993914433e-02 0.000000000000000000e+00 3.126042941372789152e-02 0.000000000000000000e+00 6.593406593406593401e-03 0.000000000000000000e+00 1.675509634180396504e-03 0.000000000000000000e+00 0.000000000000000000e+00 0.000000000000000000e+00 3.388107741826189897e-04 0.000000000000000000e+00 0.000000000000000000e+00 0.000000000000000000e+00 1.639613051319888603e-04 0.000000000000000000e+00 0.000000000000000000e+00 0.000000000000000000e+00 3.711493257453915779e-04 0.000000000000000000e+00 0.000000000000000000e+00 0.000000000000000000e+00 0.000000000000000000e+00 0.000000000000000000e+00 0.000000000000000000e+00 0.000000000000000000e+00 0.000000000000000000e+00 0.000000000000000000e+00 0.000000000000000000e+00 0.000000000000000000e+00 0.000000000000000000e+00 0.000000000000000000e+00 0.000000000000000000e+00 0.000000000000000000e+00 0.000000000000000000e+00 0.000000000000000000e+00 0.000000000000000000e+00 0.000000000000000000e+00 0.000000000000000000e+00 0.000000000000000000e+00 0.000000000000000000e+00 0.000000000000000000e+00 0.000000000000000000e+00 0.000000000000000000e+00 0.000000000000000000e+00
1.193739770867430494e-01 1.125204582651391201e-03 2.674918166939443398e-01 6.751227495908346775e-03 1.043371522094926375e-02 4.091653027823240782e-04 0.000000000000000000e+00 8.070510778379526989e-03 5.841217605923488404e-02 1.848428835489833617e-03 1.236819606725562820e-01 4.158004158004158235e-03 2.457718603814321723e-01 2.192295646727215972e-03 1.773913043478260801e-02 2.492522432701894117e-04 6.801007556675063223e-03 8.958967926894821718e-04 6.516290726817042418e-03 5.025125628140703592e-03 0.000000000000000000e+00 0.000000000000000000e+00 1.587551084564602435e-02 9.907997169143666072e-03 9.832841691248771481e-04 8.389261744966442771e-04 0.000000000000000000e+00 0.000000000000000000e+00 3.525016244314489733e-02 7.189072609633357595e-04 7.446166230629905521e-03 2.399494843190907306e-02 3.588186585702456740e-03 4.425649095200629747e-03 6.199628022318660588e-04 5.817335660267597191e-04 8.571428571428571855e-03 2.056766762649115700e-04 0.000000000000000000e+00 0.000000000000000000e+00 6.024096385542168988e-03 0.000000000000000000e+00 0.000000000000000000e+00 8.015389547932029652e-05 8.261049153242462249e-04 0.000000000000000000e+00 0.000000000000000000e+00 0.000000000000000000e+00 4.222282756742031830e-03 0.000000000000000000e+00 3.231465238666789662e-03 1.687051876845213042e-04 3.241491085899513513e-04 0.000000000000000000e+00 7.665184730952015729e-04 0.000000000000000000e+00 4.577210310768489894e-03 1.085658451851047659e-04 2.201604025790218720e-03 0.000000000000000000e+00 1.260669730794484501e-02 0.000000000000000000e+00 8.095800303592510724e-03 0.000000000000000000e+00 1.426397869912514327e-02 0.000000000000000000e+00 4.724940938238272187e-03 0.000000000000000000e+00 2.014283098333638500e-03 5.975500448162533252e-04 7.920529801324503738e-02 4.346692167260714375e-04 5.630984707731884892e-02 1.112470797641561910e-03 1.149425287356321823e-02 0.000000000000000000e+00 6.816961889425657284e-02 9.773806199385645915e-04 1.020408163265306214e-03 0.000000000000000000e+00 9.733753220727168684e-03 0.000000000000000000e+00 9.990009990009990001e-04 0.000000000000000000e+00 3.398368782984167308e-02 0.000000000000000000e+00 4.143646408839778833e-03 0.000000000000000000e+00 3.167253195036117547e-02 0.000000000000000000e+00 6.299874002519949973e-04 7.235890014471779491e-04 4.885197850512945639e-04 1.623903864891198482e-03 1.547987616099071300e-03 0.000000000000000000e+00 5.162622612287042206e-04 0.000000000000000000e+00 0.000000000000000000e+00 2.103049421661408978e-03 7.468259895444361984e-04 0.000000000000000000e+00 3.936233024995079819e-04 6.146281499692685417e-04 4.321521175453759854e-04 0.000000000000000000e+00 0.000000000000000000e+00 0.000000000000000000e+00 0.000000000000000000e+00 1.492537313432835792e-02 0.000000000000000000e+00 0.000000000000000000e+00 0.000000000000000000e+00 2.178649237472767095e-03 0.000000000000000000e+00 0.000000000000000000e+00
6.159074015079112063e-03 1.379420197515132118e-01 5.521928427312307666e-03 1.939046405436975762e-01 1.061909312944674582e-04 5.734310289901242176e-03 8.070510778379526989e-03 0.000000000000000000e+00 4.113533525298231400e-04 9.242144177449168607e-02 2.564833285836420809e-03 2.245322245322245447e-01 2.698812522490104220e-03 1.926088318196053917e-01 0.000000000000000000e+00 1.520438683948155574e-02 1.763224181360201464e-03 1.899301200501702161e-02 1.290726817042606514e-02 2.236180904522613172e-02 0.000000000000000000e+00 0.000000000000000000e+00 1.540396101854762598e-02 2.665723047888652816e-02 0.000000000000000000e+00 1.677852348993288554e-03 0.000000000000000000e+00 3.679175864606328179e-04 1.624431448992852411e-03 1.179007907979870602e-02 1.348359830951901747e-02 3.788676068196169134e-03 5.382279878553684893e-03 4.425649095200629747e-03 0.000000000000000000e+00 0.000000000000000000e+00 0.000000000000000000e+00 4.319210201563142455e-03 0.000000000000000000e+00 4.972650422675285514e-04 0.000000000000000000e+00 1.204819277108433798e-02 0.000000000000000000e+00 8.015389547932029652e-05 1.376841525540410194e-04 6.393180607352157326e-04 0.000000000000000000e+00 9.705910899737940720e-05 0.000000000000000000e+00 1.830972342680928927e-03 9.232757824762256719e-05 7.760438633487979666e-03 0.000000000000000000e+00 4.711055276381909346e-04 0.000000000000000000e+00 3.699866804795027501e-03 1.204529029149602518e-04 1.161654543480621082e-02 1.572574304135870437e-04 2.884338044418806053e-03 0.000000000000000000e+00 3.107399495047582193e-03 0.000000000000000000e+00 4.338070306656694256e-03 0.000000000000000000e+00 1.449275362318840597e-02 4.218697266284171673e-04 1.744629811361901638e-03 0.000000000000000000e+00 1.493875112040633476e-03 1.236203090507726268e-03 8.423889420151264851e-02 7.145919679862798796e-04 2.491934586717098679e-02 0.000000000000000000e+00 0.000000000000000000e+00 1.341921631776704345e-03 3.099692823233733685e-02 0.000000000000000000e+00 1.607717041800643069e-03 0.000000000000000000e+00 1.338302558021344998e-02 0.000000000000000000e+00 1.858736059479553816e-03 1.599232368463137678e-04 1.975733726840465596e-02 0.000000000000000000e+00 7.032348804500703366e-04 0.000000000000000000e+00 1.880489917109983908e-02 2.099958000839983324e-04 7.235890014471779491e-04 2.442598925256472819e-04 9.743423189347190242e-04 0.000000000000000000e+00 4.587155963302752548e-03 0.000000000000000000e+00 0.000000000000000000e+00 0.000000000000000000e+00 1.051524710830704489e-03 0.000000000000000000e+00 0.000000000000000000e+00 1.968116512497539909e-04 6.146281499692685417e-04 0.000000000000000000e+00 0.000000000000000000e+00 0.000000000000000000e+00 0.000000000000000000e+00 0.000000000000000000e+00 0.000000000000000000e+00 0.000000000000000000e+00 0.000000000000000000e+00 0.000000000000000000e+00 0.000000000000000000e+00 0.000000000000000000e+00 0.000000000000000000e+00
1.234060057589469366e-03 0.000000000000000000e+00 1.234060057589469322e-02 0.000000000000000000e+00 4.265734265734265618e-01 3.290826820238585120e-03 5.841217605923488404e-02 4.113533525298231400e-04 0.000000000000000000e+00 6.161429451632779086e-04 8.549444286121401972e-04 0.000000000000000000e+00 2.159050017992083376e-02 0.000000000000000000e+00 2.041739130434782612e-01 2.492522432701894117e-04 1.007556675062972265e-03 0.000000000000000000e+00 3.759398496240601729e-04 1.256281407035176006e-04 2.626050420168067438e-03 0.000000000000000000e+00 1.571832756994655657e-04 1.415428167020523756e-03 9.832841691248771481e-04 1.258389261744966361e-03 0.000000000000000000e+00 0.000000000000000000e+00 1.445743989603638646e-02 0.000000000000000000e+00 4.024954719259408184e-04 1.894338034098084567e-03 0.000000000000000000e+00 9.834775767112509826e-05 0.000000000000000000e+00 0.000000000000000000e+00 0.000000000000000000e+00 0.000000000000000000e+00 0.000000000000000000e+00 0.000000000000000000e+00 2.008032128514056040e-03 0.000000000000000000e+00 0.000000000000000000e+00 0.000000000000000000e+00 0.000000000000000000e+00 0.000000000000000000e+00 1.819836214740673400e-04 0.000000000000000000e+00 0.000000000000000000e+00 0.000000000000000000e+00 0.000000000000000000e+00 0.000000000000000000e+00 0.000000000000000000e+00 0.000000000000000000e+00 0.000000000000000000e+00 0.000000000000000000e+00 1.084076126234642320e-03 0.000000000000000000e+00 1.572574304135870437e-04 1.442169022209402809e-04 0.000000000000000000e+00 0.000000000000000000e+00 8.433125316242199394e-04 0.000000000000000000e+00 1.331304678585013218e-03 0.000000000000000000e+00 0.000000000000000000e+00 0.000000000000000000e+00 0.000000000000000000e+00 0.000000000000000000e+00 1.403973509933774920e-02 1.738676866904285804e-04 1.972273831642132325e-02 0.000000000000000000e+00 7.662835249042145198e-03 0.000000000000000000e+00 2.952227589908749429e-03 0.000000000000000000e+00 0.000000000000000000e+00 0.000000000000000000e+00 1.002004008016031981e-03 0.000000000000000000e+00 9.990009990009990001e-04 0.000000000000000000e+00 9.595394210778826613e-04 0.000000000000000000e+00 0.000000000000000000e+00 0.000000000000000000e+00 3.704389701796629046e-04 0.000000000000000000e+00 0.000000000000000000e+00 3.617945007235889745e-04 0.000000000000000000e+00 0.000000000000000000e+00 0.000000000000000000e+00 0.000000000000000000e+00 0.000000000000000000e+00 0.000000000000000000e+00 0.000000000000000000e+00 1.051524710830704489e-03 0.000000000000000000e+00 0.000000000000000000e+00 0.000000000000000000e+00 0.000000000000000000e+00 0.000000000000000000e+00 0.000000000000000000e+00 0.000000000000000000e+00 0.000000000000000000e+00 0.000000000000000000e+00 0.000000000000000000e+00 0.000000000000000000e+00 0.000000000000000000e+00 0.000000000000000000e+00 0.000000000000000000e+00 0.000000000000000000e+00 0.000000000000000000e+00
0.000000000000000000e+00 3.696857670979667235e-03 3.696857670979667235e-03 3.388786198398028443e-02 1.232285890326555817e-03 2.076401725200246462e-01 1.848428835489833617e-03 9.242144177449168607e-02 6.161429451632779086e-04 0.000000000000000000e+00 0.000000000000000000e+00 3.984753984753984686e-03 0.000000000000000000e+00 8.925775133103663883e-03 0.000000000000000000e+00 1.373379860418743881e-01 0.000000000000000000e+00 5.375380756136893031e-04 0.000000000000000000e+00 8.793969849246231502e-04 0.000000000000000000e+00 1.014198782961460432e-03 1.886199308393587005e-03 5.189903279075253409e-03 1.474926253687315614e-03 0.000000000000000000e+00 0.000000000000000000e+00 5.150846210448859451e-03 0.000000000000000000e+00 1.394680086268871265e-02 0.000000000000000000e+00 4.209640075773521200e-04 1.380071763731714068e-04 9.834775767112509826e-05 0.000000000000000000e+00 0.000000000000000000e+00 0.000000000000000000e+00 0.000000000000000000e+00 0.000000000000000000e+00 0.000000000000000000e+00 0.000000000000000000e+00 0.000000000000000000e+00 0.000000000000000000e+00 0.000000000000000000e+00 0.000000000000000000e+00 0.000000000000000000e+00 0.000000000000000000e+00 0.000000000000000000e+00 0.000000000000000000e+00 0.000000000000000000e+00 0.000000000000000000e+00 8.435259384226065208e-05 0.000000000000000000e+00 0.000000000000000000e+00 0.000000000000000000e+00 0.000000000000000000e+00 0.000000000000000000e+00 2.171316903702095319e-04 0.000000000000000000e+00 0.000000000000000000e+00 0.000000000000000000e+00 0.000000000000000000e+00 0.000000000000000000e+00 0.000000000000000000e+00 0.000000000000000000e+00 0.000000000000000000e+00 0.000000000000000000e+00 1.090393632101188524e-04 0.000000000000000000e+00 0.000000000000000000e+00 1.766004415011037526e-04 1.173606885160393028e-02 0.000000000000000000e+00 1.079096673712314977e-02 0.000000000000000000e+00 0.000000000000000000e+00 0.000000000000000000e+00 2.792516056967327652e-03 0.000000000000000000e+00 0.000000000000000000e+00 0.000000000000000000e+00 5.082161612739284845e-04 0.000000000000000000e+00 0.000000000000000000e+00 0.000000000000000000e+00 1.639613051319888603e-04 0.000000000000000000e+00 0.000000000000000000e+00 0.000000000000000000e+00 3.711493257453915779e-04 0.000000000000000000e+00 0.000000000000000000e+00 0.000000000000000000e+00 0.000000000000000000e+00 0.000000000000000000e+00 0.000000000000000000e+00 5.162622612287042206e-04 0.000000000000000000e+00 0.000000000000000000e+00 0.000000000000000000e+00 7.468259895444361984e-04 0.000000000000000000e+00 0.000000000000000000e+00 0.000000000000000000e+00 0.000000000000000000e+00 0.000000000000000000e+00 0.000000000000000000e+00 0.000000000000000000e+00 0.000000000000000000e+00 0.000000000000000000e+00 0.000000000000000000e+00 0.000000000000000000e+00 0.000000000000000000e+00 0.000000000000000000e+00 0.000000000000000000e+00 0.000000000000000000e+00
2.727272727272727071e-01 8.549444286121401972e-04 3.505272157309775177e-02 3.989740666856654398e-03 5.699629524080935010e-04 0.000000000000000000e+00 1.236819606725562820e-01 2.564833285836420809e-03 8.549444286121401972e-04 0.000000000000000000e+00 0.000000000000000000e+00 5.197505197505197794e-04 1.104713925872616020e-01 0.000000000000000000e+00 2.086956521739130252e-03 0.000000000000000000e+00 3.778337531486146428e-02 0.000000000000000000e+00 1.904761904761904934e-02 2.386934673366834358e-03 0.000000000000000000e+00 0.000000000000000000e+00 2.514932411191449051e-03 2.359046945034206169e-04 0.000000000000000000e+00 0.000000000000000000e+00 0.000000000000000000e+00 0.000000000000000000e+00 3.573749187784275305e-02 0.000000000000000000e+00 6.037432078889112819e-04 6.314460113660281529e-04 1.932100469224399750e-03 8.851298190401258844e-04 3.099814011159330294e-04 0.000000000000000000e+00 4.761904761904761901e-04 0.000000000000000000e+00 0.000000000000000000e+00 0.000000000000000000e+00 0.000000000000000000e+00 0.000000000000000000e+00 1.355013550135501354e-04 0.000000000000000000e+00 0.000000000000000000e+00 0.000000000000000000e+00 0.000000000000000000e+00 0.000000000000000000e+00 2.724053391446472393e-04 0.000000000000000000e+00 3.693103129904902688e-04 0.000000000000000000e+00 0.000000000000000000e+00 0.000000000000000000e+00 3.066073892380806508e-04 0.000000000000000000e+00 2.770416767044085737e-03 0.000000000000000000e+00 1.572574304135870328e-03 0.000000000000000000e+00 2.324359816152330935e-02 0.000000000000000000e+00 1.619160060718502145e-02 0.000000000000000000e+00 1.007987828071510092e-02 0.000000000000000000e+00 1.096861289233884646e-03 0.000000000000000000e+00 3.662332906061160909e-04 0.000000000000000000e+00 1.713024282560706574e-02 8.693384334521429022e-05 2.572531084750607436e-03 1.112470797641561910e-04 0.000000000000000000e+00 0.000000000000000000e+00 1.610305958132045084e-03 1.396258028483663663e-04 2.040816326530612429e-03 0.000000000000000000e+00 6.870884626395648738e-03 0.000000000000000000e+00 0.000000000000000000e+00 0.000000000000000000e+00 6.316967855429393708e-03 0.000000000000000000e+00 0.000000000000000000e+00 0.000000000000000000e+00 2.037414335988146138e-03 0.000000000000000000e+00 0.000000000000000000e+00 0.000000000000000000e+00 0.000000000000000000e+00 3.247807729782396747e-04 0.000000000000000000e+00 0.000000000000000000e+00 0.000000000000000000e+00 0.000000000000000000e+00 0.000000000000000000e+00 0.000000000000000000e+00 0.000000000000000000e+00 0.000000000000000000e+00 0.000000000000000000e+00 0.000000000000000000e+00 0.000000000000000000e+00 0.000000000000000000e+00 0.000000000000000000e+00 0.000000000000000000e+00 0.000000000000000000e+00 0.000000000000000000e+00 0.000000000000000000e+00 0.000000000000000000e+00 0.000000000000000000e+00 0.000000000000000000e+00 0.000000000000000000e+00 0.000000000000000000e+00
5.197505197505197794e-04 9.598059598059598130e-02 2.945252945252945127e-03 3.742203742203742411e-02 0.000000000000000000e+00 6.930006930006930030e-04 4.158004158004158235e-03 2.245322245322245447e-01 0.000000000000000000e+00 3.984753984753984686e-03 5.197505197505197794e-04 0.000000000000000000e+00 5.397625044980208873e-04 1.935483870967741882e-01 0.000000000000000000e+00 4.486540378863410061e-03 2.518891687657430663e-04 8.296004300304604673e-02 4.260651629072681815e-03 2.537688442211055370e-02 0.000000000000000000e+00 0.000000000000000000e+00 1.257466205595724525e-03 2.359046945034206332e-03 0.000000000000000000e+00 4.194630872483221386e-04 0.000000000000000000e+00 0.000000000000000000e+00 0.000000000000000000e+00 8.842559309849029603e-02 2.213725095592674556e-03 6.314460113660281529e-04 1.794093292851228370e-03 4.228953579858378900e-03 0.000000000000000000e+00 0.000000000000000000e+00 0.000000000000000000e+00 1.234060057589469366e-03 0.000000000000000000e+00 0.000000000000000000e+00 0.000000000000000000e+00 0.000000000000000000e+00 0.000000000000000000e+00 0.000000000000000000e+00 0.000000000000000000e+00 2.131060202450719109e-04 0.000000000000000000e+00 0.000000000000000000e+00 0.000000000000000000e+00 2.891008962127782859e-04 0.000000000000000000e+00 8.435259384226064666e-04 0.000000000000000000e+00 1.570351758793969872e-04 0.000000000000000000e+00 7.399733609590055218e-04 1.204529029149602518e-04 2.062751058516990553e-03 0.000000000000000000e+00 7.210845111047015131e-04 0.000000000000000000e+00 3.884249368809477524e-03 0.000000000000000000e+00 6.881077038145100994e-03 0.000000000000000000e+00 1.712779973649538809e-03 8.437394532568342803e-05 3.271180896303565707e-04 0.000000000000000000e+00 2.987750224081266626e-04 4.415011037527593815e-04 3.077458054420586023e-02 0.000000000000000000e+00 7.676048503726776856e-03 0.000000000000000000e+00 0.000000000000000000e+00 5.367686527106816947e-04 6.283161128176487434e-03 0.000000000000000000e+00 8.038585209003214910e-03 0.000000000000000000e+00 2.032864645095714198e-02 0.000000000000000000e+00 1.394052044609665406e-02 0.000000000000000000e+00 9.755697655353336509e-03 0.000000000000000000e+00 1.406469760900140673e-03 1.852194850898314523e-04 1.175306198193739986e-02 0.000000000000000000e+00 0.000000000000000000e+00 0.000000000000000000e+00 0.000000000000000000e+00 0.000000000000000000e+00 0.000000000000000000e+00 5.162622612287042206e-04 0.000000000000000000e+00 0.000000000000000000e+00 0.000000000000000000e+00 0.000000000000000000e+00 0.000000000000000000e+00 0.000000000000000000e+00 0.000000000000000000e+00 0.000000000000000000e+00 0.000000000000000000e+00 0.000000000000000000e+00 0.000000000000000000e+00 0.000000000000000000e+00 0.000000000000000000e+00 0.000000000000000000e+00 0.000000000000000000e+00 0.000000000000000000e+00 0.000000000000000000e+00 0.000000000000000000e+00 0.000000000000000000e+00
2.464915437207628596e-02 0.000000000000000000e+00 2.267002518891687510e-02 5.037783375314861326e-03 3.058654192155451767e-03 0.000000000000000000e+00 2.457718603814321723e-01 2.698812522490104220e-03 2.159050017992083376e-02 0.000000000000000000e+00 1.104713925872616020e-01 5.397625044980208873e-04 0.000000000000000000e+00 7.829627309740056114e-04 2.681739130434782625e-01 4.985044865403788234e-04 5.037783375314861326e-03 1.791793585378964344e-04 2.255639097744361037e-03 5.025125628140704025e-04 0.000000000000000000e+00 0.000000000000000000e+00 9.430996541967934590e-03 4.482189195564991423e-03 4.916420845624385741e-04 0.000000000000000000e+00 0.000000000000000000e+00 0.000000000000000000e+00 8.885640025990902691e-02 2.875629043853343038e-04 4.024954719259408184e-04 5.683014102294253918e-03 6.900358818658570070e-04 9.834775767112509826e-04 0.000000000000000000e+00 0.000000000000000000e+00 2.142857142857142964e-03 0.000000000000000000e+00 0.000000000000000000e+00 0.000000000000000000e+00 2.008032128514056040e-03 0.000000000000000000e+00 0.000000000000000000e+00 0.000000000000000000e+00 0.000000000000000000e+00 0.000000000000000000e+00 0.000000000000000000e+00 0.000000000000000000e+00 0.000000000000000000e+00 0.000000000000000000e+00 9.232757824762256719e-05 0.000000000000000000e+00 0.000000000000000000e+00 0.000000000000000000e+00 0.000000000000000000e+00 0.000000000000000000e+00 1.445434834979523022e-03 0.000000000000000000e+00 9.435445824815222619e-04 0.000000000000000000e+00 9.455022980958634193e-03 0.000000000000000000e+00 9.613762860516107678e-03 0.000000000000000000e+00 9.699505515405097700e-03 0.000000000000000000e+00 2.531218359770503112e-04 0.000000000000000000e+00 7.324665812122321817e-04 0.000000000000000000e+00 5.006622516556291647e-02 3.477353733808571609e-04 4.601972273831642091e-02 2.224941595283123821e-04 3.065134099616858079e-02 0.000000000000000000e+00 3.046162104133118623e-02 6.981290142418319130e-04 6.122448979591836420e-03 0.000000000000000000e+00 1.202404809619238464e-02 0.000000000000000000e+00 0.000000000000000000e+00 0.000000000000000000e+00 1.199424276347353310e-02 0.000000000000000000e+00 1.381215469613259611e-03 0.000000000000000000e+00 6.482681978144100993e-03 0.000000000000000000e+00 2.099958000839983324e-04 3.617945007235889745e-04 4.885197850512945639e-04 9.743423189347190242e-04 0.000000000000000000e+00 0.000000000000000000e+00 0.000000000000000000e+00 9.380863039399624757e-04 6.863417982155113010e-04 0.000000000000000000e+00 0.000000000000000000e+00 0.000000000000000000e+00 3.936233024995079819e-04 0.000000000000000000e+00 0.000000000000000000e+00 0.000000000000000000e+00 0.000000000000000000e+00 0.000000000000000000e+00 0.000000000000000000e+00 0.000000000000000000e+00 0.000000000000000000e+00 0.000000000000000000e+00 0.000000000000000000e+00 0.000000000000000000e+00 0.000000000000000000e+00 0.000000000000000000e+00
