2.724109477542349667e-01 4.748750640257897171e-01 3.580453272881379267e-01 5.050955097380303016e-01 3.607304927536232331e-01 0.000000000000000000e+00 3.205920996890618269e-01 4.632888519508846503e-01 3.944283193980452906e-01 0.000000000000000000e+00 3.285532875847171908e-01 0.000000000000000000e+00 3.734975644146987239e-01 0.000000000000000000e+00 3.780725528203314756e-01 4.372026578947368347e-01 3.245251937883584237e-01 4.616409256042534603e-01 4.267557827514634750e-01 5.027095568081454413e-01 0.000000000000000000e+00 0.000000000000000000e+00 3.960412142857143158e-01 0.000000000000000000e+00 3.796451811594203085e-01 0.000000000000000000e+00 0.000000000000000000e+00 0.000000000000000000e+00 4.106690500888318107e-01 4.943806585365853601e-01 4.170982903142674836e-01 0.000000000000000000e+00 3.880838799179317511e-01 4.816717087200843572e-01 4.132203703703703490e-01 4.636250909090909311e-01 4.667688178551365752e-01 5.489226689808635040e-01 5.074257922077922700e-01 0.000000000000000000e+00 3.533065824175823932e-01 0.000000000000000000e+00 4.503149930069930140e-01 0.000000000000000000e+00 4.247101969696970292e-01 4.873518292682927355e-01 4.381048232615893934e-01 0.000000000000000000e+00 4.057627759272439127e-01 0.000000000000000000e+00 3.898755724749587981e-01 4.426098307692307166e-01 0.000000000000000000e+00 0.000000000000000000e+00 4.339190075950322134e-01 0.000000000000000000e+00 3.407233571388056936e-01 4.715318656462066382e-01 3.988948969849611670e-01 4.848510335146515859e-01 3.838975852544289635e-01 4.553396500000000402e-01 3.550492510939838864e-01 4.284352970297028995e-01 4.047803524989387336e-01 0.000000000000000000e+00 4.239460244201707639e-01 4.683550587160683620e-01 3.913268309275161894e-01 4.884129378706160152e-01 3.585802447063091702e-01 4.811075101102941787e-01 3.746334873454226777e-01 4.734507172701984956e-01 4.187942461538460837e-01 0.000000000000000000e+00 3.860470035000553302e-01 4.180619856525736311e-01 3.837064266666666557e-01 0.000000000000000000e+00 3.974862360271318451e-01 0.000000000000000000e+00 0.000000000000000000e+00 0.000000000000000000e+00 4.060066684922789548e-01 0.000000000000000000e+00 3.504403877551020008e-01 0.000000000000000000e+00 4.168658675056941543e-01 0.000000000000000000e+00 4.196199704126938879e-01 0.000000000000000000e+00 4.212363430656934082e-01 4.279571756756757051e-01 4.630090444663011451e-01 4.518457459401268861e-01 4.635164610356787840e-01 4.405242048192771764e-01 4.498378194795958351e-01 0.000000000000000000e+00 0.000000000000000000e+00 0.000000000000000000e+00 4.405645775433068567e-01 4.403096850696547326e-01 4.791072799848437591e-01 0.000000000000000000e+00 0.000000000000000000e+00 0.000000000000000000e+00 0.000000000000000000e+00 0.000000000000000000e+00 0.000000000000000000e+00 0.000000000000000000e+00 0.000000000000000000e+00 0.000000000000000000e+00 0.000000000000000000e+00 0.000000000000000000e+00
4.748750640257897171e-01 2.793060768747961942e-01 5.097279067036312172e-01 3.680680826098413072e-01 0.000000000000000000e+00 3.833140935251798664e-01 4.665186237199273056e-01 3.037914634517310808e-01 0.000000000000000000e+00 3.791227600488917271e-01 4.705159135029909345e-01 3.673396992654153204e-01 4.621147458843656852e-01 3.674588275677403981e-01 0.000000000000000000e+00 3.876020671833848019e-01 0.000000000000000000e+00 3.460210687753673686e-01 5.062456300950500809e-01 4.071729072900714397e-01 0.000000000000000000e+00 0.000000000000000000e+00 4.890478834245026718e-01 3.958686302957875047e-01 0.000000000000000000e+00 0.000000000000000000e+00 0.000000000000000000e+00 4.541596122448979256e-01 0.000000000000000000e+00 4.130872300978412626e-01 4.481632279068088476e-01 3.970490043344259701e-01 4.882435327464333952e-01 4.591310534615194450e-01 0.000000000000000000e+00 4.567795007440475508e-01 5.525463333333333615e-01 5.004187987931562054e-01 0.000000000000000000e+00 4.777270648236035533e-01 0.000000000000000000e+00 4.466087230440625166e-01 0.000000000000000000e+00 4.167889617943791869e-01 0.000000000000000000e+00 4.081801791899908327e-01 0.000000000000000000e+00 0.000000000000000000e+00 0.000000000000000000e+00 4.085404799550041988e-01 4.970354973544973687e-01 3.988796174666217054e-01 0.000000000000000000e+00 4.083826944287395344e-01 0.000000000000000000e+00 4.114239607901968299e-01 4.921713003347176763e-01 3.362381856525169521e-01 5.047851632626597640e-01 4.324426970158124495e-01 4.484474258710156591e-01 4.051254513968735038e-01 4.617194193548387893e-01 3.914377415849613628e-01 0.000000000000000000e+00 4.008476899644153324e-01 4.973844618828419106e-01 4.264847857964111921e-01 5.095291184517931615e-01 3.653981938608741320e-01 0.000000000000000000e+00 3.865389931842371785e-01 4.861173011238442143e-01 4.148522676475170923e-01 0.000000000000000000e+00 4.261756415051927704e-01 4.631754457831325222e-01 4.118086378124932168e-01 0.000000000000000000e+00 3.731400500000000564e-01 0.000000000000000000e+00 4.107999700246038888e-01 0.000000000000000000e+00 4.138200757575757893e-01 0.000000000000000000e+00 4.302044822967246440e-01 0.000000000000000000e+00 0.000000000000000000e+00 0.000000000000000000e+00 4.214411357024222538e-01 4.251974244494525768e-01 4.274993394993866214e-01 0.000000000000000000e+00 3.686567760000000193e-01 4.537942669240064286e-01 4.579323415006566478e-01 5.121200096153846193e-01 0.000000000000000000e+00 0.000000000000000000e+00 4.685007751760563721e-01 0.000000000000000000e+00 4.481459097744360798e-01 4.433231481754063008e-01 4.648455524086903545e-01 0.000000000000000000e+00 4.690206165869218458e-01 0.000000000000000000e+00 4.314725221238938091e-01 0.000000000000000000e+00 0.000000000000000000e+00 0.000000000000000000e+00 0.000000000000000000e+00 0.000000000000000000e+00 0.000000000000000000e+00 0.000000000000000000e+00 0.000000000000000000e+00
3.580453272881379267e-01 5.097279067036312172e-01 2.461011321345718261e-01 4.602930916685234464e-01 1.662097516966461741e-01 4.232749088928479675e-01 3.020356462956256816e-01 4.682438086002783661e-01 3.198909162495128800e-01 4.308364052028221813e-01 4.073040604354487559e-01 4.753834397107216669e-01 3.529432052907128803e-01 4.507312453111082529e-01 3.368229130768594093e-01 4.298434670419075676e-01 4.134877339912388927e-01 4.779060044011547714e-01 3.279824165840125594e-01 5.087675022639539524e-01 0.000000000000000000e+00 0.000000000000000000e+00 2.736366698355683358e-01 4.476432457727975156e-01 2.650365252051746223e-01 4.054766263468191356e-01 2.818286769491288868e-01 0.000000000000000000e+00 3.924952537718302548e-01 4.794769748502553663e-01 3.860210942091278352e-01 4.457941037797241712e-01 4.516687496000121316e-01 4.925326202645376461e-01 4.439803861636244520e-01 0.000000000000000000e+00 4.706493463952513001e-01 4.383554025974025770e-01 0.000000000000000000e+00 0.000000000000000000e+00 3.815325392156863060e-01 0.000000000000000000e+00 0.000000000000000000e+00 0.000000000000000000e+00 0.000000000000000000e+00 0.000000000000000000e+00 4.341477900178961069e-01 0.000000000000000000e+00 4.350498300946379349e-01 5.340296423357664413e-01 3.941472606288658476e-01 0.000000000000000000e+00 0.000000000000000000e+00 0.000000000000000000e+00 3.954477499999999868e-01 0.000000000000000000e+00 4.214794424590707078e-01 4.954947244897959235e-01 4.329465116552492776e-01 0.000000000000000000e+00 3.960893043172815098e-01 0.000000000000000000e+00 3.882623222906659288e-01 0.000000000000000000e+00 4.072200459686334262e-01 0.000000000000000000e+00 4.412202283721614604e-01 4.529078017241379150e-01 3.469377271674742302e-01 0.000000000000000000e+00 3.733032295553512792e-01 4.513780990741563803e-01 3.790304198178479633e-01 4.701800856159069619e-01 3.776763487377750583e-01 4.552738724547510385e-01 4.083698418227070248e-01 4.329683127094244299e-01 0.000000000000000000e+00 0.000000000000000000e+00 3.943941156939379522e-01 5.160828175675675755e-01 0.000000000000000000e+00 0.000000000000000000e+00 4.027668587518002941e-01 0.000000000000000000e+00 0.000000000000000000e+00 0.000000000000000000e+00 3.979498900876118905e-01 0.000000000000000000e+00 4.248859657823967351e-01 4.334667230497289969e-01 3.917435974973930701e-01 3.958234243462017687e-01 4.584791186550367104e-01 4.534606528533924874e-01 4.362525832188270947e-01 4.341435257936507863e-01 4.303775183719242836e-01 4.144009387391095478e-01 0.000000000000000000e+00 4.208623284671532128e-01 4.386108924390679231e-01 4.188257195409874067e-01 0.000000000000000000e+00 0.000000000000000000e+00 0.000000000000000000e+00 0.000000000000000000e+00 0.000000000000000000e+00 0.000000000000000000e+00 4.402694075675674945e-01 0.000000000000000000e+00 0.000000000000000000e+00 0.000000000000000000e+00 0.000000000000000000e+00 0.000000000000000000e+00
5.050955097380303016e-01 3.680680826098413072e-01 4.602930916685234464e-01 2.646932528239768212e-01 4.397568448258141194e-01 1.993120553361337477e-01 4.703825856202764610e-01 3.355190286033650215e-01 4.529417320114359491e-01 2.815554688780514958e-01 4.747363605339804393e-01 4.103931511409945054e-01 4.564769550508965823e-01 3.514109413447544239e-01 4.141307656981580432e-01 3.332843138307466369e-01 5.132852500000000262e-01 4.311169239506866258e-01 5.200276944039137206e-01 3.437949396119228673e-01 3.865741914893617293e-01 0.000000000000000000e+00 4.571019175349776420e-01 2.694854007153739128e-01 4.358136616276407360e-01 3.063127326797308592e-01 4.830212500000000131e-01 2.414792187500000020e-01 4.726754322356780946e-01 3.935939928725464276e-01 4.440883817145941381e-01 3.623879241950245800e-01 5.148455113573218167e-01 3.787467598268287050e-01 0.000000000000000000e+00 4.623955465042876023e-01 4.858847370947521616e-01 4.680103869346078915e-01 0.000000000000000000e+00 4.713171220410645734e-01 0.000000000000000000e+00 4.715366409857309482e-01 0.000000000000000000e+00 4.538432899072499249e-01 0.000000000000000000e+00 4.595653520765021760e-01 0.000000000000000000e+00 4.601922656888721153e-01 5.263540638297872221e-01 4.379496684218454616e-01 4.874828299512831142e-01 4.227281320448134649e-01 0.000000000000000000e+00 3.806148079999999712e-01 0.000000000000000000e+00 4.071959470198674991e-01 4.342207831325300416e-01 4.402334580417909815e-01 5.166375603966346652e-01 4.527805619828250694e-01 4.487581825396825819e-01 4.257915030779355625e-01 0.000000000000000000e+00 4.265068210103168944e-01 4.503840493827160341e-01 4.113391795211399082e-01 5.070948094294579489e-01 4.627887006220390842e-01 5.263077687734059040e-01 4.311043621883735577e-01 4.782893907500503916e-01 3.640003606396080560e-01 4.586036052193490642e-01 3.942236095956532238e-01 0.000000000000000000e+00 3.666590701486436288e-01 4.418813956468791160e-01 4.087365489200951441e-01 0.000000000000000000e+00 4.397769797979798612e-01 0.000000000000000000e+00 4.071381574151596294e-01 0.000000000000000000e+00 0.000000000000000000e+00 4.699493516483517208e-01 4.218572145001920903e-01 0.000000000000000000e+00 0.000000000000000000e+00 0.000000000000000000e+00 4.112588297083205613e-01 4.151857651035744112e-01 4.341780369696067732e-01 4.460081794085586915e-01 3.814756857142856949e-01 4.529680858572422419e-01 4.422734187060065048e-01 4.573482867647059025e-01 4.486683809523809852e-01 0.000000000000000000e+00 4.297084496385867314e-01 0.000000000000000000e+00 3.774515579710144286e-01 4.374094849714298960e-01 4.113484507638311416e-01 3.854872868852459167e-01 4.551634369369368938e-01 5.248308067226890028e-01 4.053478181818181425e-01 0.000000000000000000e+00 0.000000000000000000e+00 0.000000000000000000e+00 0.000000000000000000e+00 0.000000000000000000e+00 0.000000000000000000e+00 3.759027181818182517e-01 0.000000000000000000e+00
3.607304927536232331e-01 0.000000000000000000e+00 1.662097516966461741e-01 4.397568448258141194e-01 1.857399781873781408e-01 4.492659868207011797e-01 2.631260956699905118e-01 4.289476304460990708e-01 1.766271166654226066e-01 4.296592385481881604e-01 0.000000000000000000e+00 0.000000000000000000e+00 3.127595878670770269e-01 4.192501854368251846e-01 2.611999605146654857e-01 4.591514165733356911e-01 0.000000000000000000e+00 0.000000000000000000e+00 3.824795494838709731e-01 4.275038113636364656e-01 0.000000000000000000e+00 0.000000000000000000e+00 2.901870285772169544e-01 4.699960881724018491e-01 1.818301709424857138e-01 4.638556184394159732e-01 2.459566059856149178e-01 4.384259714285714815e-01 3.581332336057828636e-01 0.000000000000000000e+00 3.903512350412972065e-01 4.355022600989761350e-01 0.000000000000000000e+00 0.000000000000000000e+00 0.000000000000000000e+00 0.000000000000000000e+00 4.117774999999999630e-01 0.000000000000000000e+00 0.000000000000000000e+00 0.000000000000000000e+00 0.000000000000000000e+00 0.000000000000000000e+00 0.000000000000000000e+00 0.000000000000000000e+00 0.000000000000000000e+00 0.000000000000000000e+00 4.508390135223102613e-01 0.000000000000000000e+00 4.665918344827586495e-01 0.000000000000000000e+00 4.326950425531915223e-01 0.000000000000000000e+00 0.000000000000000000e+00 0.000000000000000000e+00 3.757809569757727952e-01 0.000000000000000000e+00 4.049070588459877662e-01 0.000000000000000000e+00 3.846681130247934233e-01 0.000000000000000000e+00 0.000000000000000000e+00 0.000000000000000000e+00 0.000000000000000000e+00 0.000000000000000000e+00 4.423846206896552280e-01 0.000000000000000000e+00 4.421310797924298264e-01 0.000000000000000000e+00 0.000000000000000000e+00 0.000000000000000000e+00 3.338519654640397794e-01 4.721561324801106796e-01 3.234645702289246083e-01 0.000000000000000000e+00 3.128928913565183767e-01 0.000000000000000000e+00 3.614900027446478759e-01 3.249702500000000160e-01 0.000000000000000000e+00 0.000000000000000000e+00 3.906504681884058194e-01 0.000000000000000000e+00 3.975077391304348007e-01 0.000000000000000000e+00 3.890434570574040629e-01 0.000000000000000000e+00 4.021577238095238593e-01 0.000000000000000000e+00 3.877876156241022998e-01 0.000000000000000000e+00 0.000000000000000000e+00 3.622021194029850788e-01 0.000000000000000000e+00 0.000000000000000000e+00 0.000000000000000000e+00 0.000000000000000000e+00 0.000000000000000000e+00 0.000000000000000000e+00 0.000000000000000000e+00 0.000000000000000000e+00 0.000000000000000000e+00 0.000000000000000000e+00 0.000000000000000000e+00 0.000000000000000000e+00 0.000000000000000000e+00 0.000000000000000000e+00 0.000000000000000000e+00 0.000000000000000000e+00 0.000000000000000000e+00 0.000000000000000000e+00 0.000000000000000000e+00 0.000000000000000000e+00 0.000000000000000000e+00 0.000000000000000000e+00 0.000000000000000000e+00 0.000000000000000000e+00
0.000000000000000000e+00 3.833140935251798664e-01 4.232749088928479675e-01 1.993120553361337477e-01 4.492659868207011797e-01 1.963577518941027888e-01 0.000000000000000000e+00 2.128197678637396562e-01 4.414974827586207184e-01 1.992539370803566856e-01 0.000000000000000000e+00 0.000000000000000000e+00 0.000000000000000000e+00 3.069181852133747723e-01 0.000000000000000000e+00 2.464169610344035810e-01 0.000000000000000000e+00 0.000000000000000000e+00 0.000000000000000000e+00 3.974633984344423387e-01 3.710973999999999662e-01 3.845379175609447975e-01 4.064399653004866497e-01 2.371450748465316893e-01 4.494273703334913939e-01 2.823863028535273378e-01 3.959890480769230336e-01 2.784308830469658935e-01 0.000000000000000000e+00 2.819724821957039218e-01 3.984825040822276843e-01 3.259283670901312324e-01 0.000000000000000000e+00 4.514216575187970371e-01 0.000000000000000000e+00 5.033058543689320485e-01 0.000000000000000000e+00 3.284585151515151402e-01 0.000000000000000000e+00 0.000000000000000000e+00 0.000000000000000000e+00 0.000000000000000000e+00 0.000000000000000000e+00 4.427571366647441997e-01 0.000000000000000000e+00 4.275036824324324747e-01 0.000000000000000000e+00 4.424429667492230100e-01 0.000000000000000000e+00 0.000000000000000000e+00 0.000000000000000000e+00 3.966551999999999856e-01 0.000000000000000000e+00 0.000000000000000000e+00 0.000000000000000000e+00 4.208812256097560489e-01 0.000000000000000000e+00 0.000000000000000000e+00 0.000000000000000000e+00 0.000000000000000000e+00 0.000000000000000000e+00 0.000000000000000000e+00 0.000000000000000000e+00 0.000000000000000000e+00 0.000000000000000000e+00 0.000000000000000000e+00 0.000000000000000000e+00 4.416091834862385657e-01 0.000000000000000000e+00 0.000000000000000000e+00 4.828274500000001024e-01 3.289749719382036863e-01 0.000000000000000000e+00 3.005822500735706448e-01 0.000000000000000000e+00 2.649180599470899455e-01 0.000000000000000000e+00 3.506195866632936808e-01 0.000000000000000000e+00 0.000000000000000000e+00 0.000000000000000000e+00 0.000000000000000000e+00 0.000000000000000000e+00 0.000000000000000000e+00 0.000000000000000000e+00 4.084601114953626544e-01 0.000000000000000000e+00 0.000000000000000000e+00 0.000000000000000000e+00 3.733868518518518309e-01 0.000000000000000000e+00 0.000000000000000000e+00 0.000000000000000000e+00 0.000000000000000000e+00 0.000000000000000000e+00 3.921321214953271128e-01 0.000000000000000000e+00 0.000000000000000000e+00 0.000000000000000000e+00 0.000000000000000000e+00 0.000000000000000000e+00 0.000000000000000000e+00 0.000000000000000000e+00 0.000000000000000000e+00 0.000000000000000000e+00 0.000000000000000000e+00 0.000000000000000000e+00 0.000000000000000000e+00 0.000000000000000000e+00 0.000000000000000000e+00 0.000000000000000000e+00 0.000000000000000000e+00 0.000000000000000000e+00 0.000000000000000000e+00 0.000000000000000000e+00 0.000000000000000000e+00
3.205920996890618269e-01 4.665186237199273056e-01 3.020356462956256816e-01 4.703825856202764610e-01 2.631260956699905118e-01 0.000000000000000000e+00 2.689819859502831645e-01 4.633565672111343847e-01 2.684132080250218322e-01 4.448226451612903865e-01 3.746556779696758044e-01 4.702004998355941989e-01 2.809329838914679800e-01 4.388495982481863122e-01 3.378516439524757997e-01 4.323408120785719455e-01 3.923646355608915726e-01 4.674637281492348140e-01 4.053320706392698480e-01 4.911069296036935095e-01 0.000000000000000000e+00 0.000000000000000000e+00 3.610910693577209507e-01 4.509918509720888813e-01 3.538127857142856492e-01 4.509838376068376342e-01 3.566057413793103925e-01 0.000000000000000000e+00 3.695939516784125800e-01 4.823151560137933225e-01 3.860304949848564759e-01 4.454808044737194050e-01 3.764250685055685053e-01 4.847714900047624398e-01 4.043481586917019865e-01 0.000000000000000000e+00 4.466289702890648416e-01 0.000000000000000000e+00 4.235505948275862242e-01 0.000000000000000000e+00 3.977245827338130035e-01 0.000000000000000000e+00 0.000000000000000000e+00 0.000000000000000000e+00 3.921445539616930653e-01 4.761656000000000222e-01 0.000000000000000000e+00 0.000000000000000000e+00 3.952115134911783345e-01 5.101770206896553139e-01 3.728690618597002016e-01 4.793116187050359134e-01 3.872163277310923801e-01 0.000000000000000000e+00 4.409720967741936337e-01 0.000000000000000000e+00 3.818144100807763230e-01 0.000000000000000000e+00 3.746104888745889205e-01 4.893174837725546844e-01 3.709658305090418606e-01 0.000000000000000000e+00 3.624950320721010977e-01 0.000000000000000000e+00 3.782930053332924647e-01 0.000000000000000000e+00 4.267925690217942436e-01 4.898321698967511573e-01 4.247664307730511513e-01 0.000000000000000000e+00 3.328637433337465756e-01 4.462800121951220333e-01 3.665458786821088610e-01 4.633075031849006598e-01 3.837053336499730571e-01 4.504407840909090965e-01 3.812708840498088003e-01 4.605001120170716389e-01 0.000000000000000000e+00 0.000000000000000000e+00 3.779122991649997987e-01 0.000000000000000000e+00 0.000000000000000000e+00 0.000000000000000000e+00 3.874816483841281300e-01 0.000000000000000000e+00 4.234718471337580170e-01 0.000000000000000000e+00 3.960615996784935811e-01 0.000000000000000000e+00 4.096979251633341423e-01 0.000000000000000000e+00 4.057950076335877787e-01 0.000000000000000000e+00 4.562669044343464764e-01 0.000000000000000000e+00 4.656159999999999743e-01 0.000000000000000000e+00 4.406150468388142505e-01 4.086009022556390535e-01 0.000000000000000000e+00 0.000000000000000000e+00 0.000000000000000000e+00 4.381271782945736493e-01 0.000000000000000000e+00 0.000000000000000000e+00 0.000000000000000000e+00 0.000000000000000000e+00 0.000000000000000000e+00 0.000000000000000000e+00 0.000000000000000000e+00 0.000000000000000000e+00 0.000000000000000000e+00 0.000000000000000000e+00 0.000000000000000000e+00 0.000000000000000000e+00
4.632888519508846503e-01 3.037914634517310808e-01 4.682438086002783661e-01 3.355190286033650215e-01 4.289476304460990708e-01 2.128197678637396562e-01 4.633565672111343847e-01 2.678925202149503026e-01 4.212679440191387514e-01 2.339226557546229268e-01 4.668575145740284649e-01 3.239085836260796603e-01 4.454261635910637396e-01 2.712008741491902519e-01 0.000000000000000000e+00 2.669526381356605582e-01 4.644912974439702191e-01 4.122204971751176061e-01 4.884483421415323212e-01 4.088653239708106568e-01 0.000000000000000000e+00 0.000000000000000000e+00 4.624967035889500644e-01 3.496314547846377518e-01 4.283239932816537143e-01 2.224348484848485130e-01 3.977093378295146753e-01 0.000000000000000000e+00 4.651218388954498906e-01 3.611026755111105824e-01 4.602661382563684178e-01 3.436762540581753123e-01 4.911961213351481725e-01 3.665906257080135955e-01 0.000000000000000000e+00 3.700567522123894282e-01 4.959819281250641421e-01 4.464155393734714483e-01 0.000000000000000000e+00 4.627783651833303202e-01 0.000000000000000000e+00 4.292085797101449218e-01 0.000000000000000000e+00 0.000000000000000000e+00 0.000000000000000000e+00 4.165538094397471247e-01 0.000000000000000000e+00 4.494812383418063106e-01 0.000000000000000000e+00 3.887262158926005351e-01 0.000000000000000000e+00 3.914539819108793228e-01 0.000000000000000000e+00 3.798480236984936309e-01 0.000000000000000000e+00 3.878158753624621480e-01 0.000000000000000000e+00 3.923590813171963232e-01 4.724708043219361664e-01 4.195921524500264010e-01 4.755435588235294997e-01 3.912797087549754749e-01 0.000000000000000000e+00 3.881237676662427361e-01 0.000000000000000000e+00 3.893734875739831569e-01 4.902680190700104412e-01 4.455084492278026942e-01 4.330683894736841455e-01 4.034465999792528623e-01 4.751478096150728581e-01 3.034466883859328057e-01 4.490418364849648736e-01 3.682887196766991833e-01 4.659857215189874280e-01 3.419396093922266733e-01 4.498818681932571506e-01 3.912919423405913366e-01 0.000000000000000000e+00 0.000000000000000000e+00 0.000000000000000000e+00 3.961988469329041362e-01 0.000000000000000000e+00 0.000000000000000000e+00 4.289849922480619693e-01 4.043196846155120427e-01 0.000000000000000000e+00 4.069575646258503099e-01 0.000000000000000000e+00 4.154676666211653546e-01 4.182680804570527711e-01 4.406396097560976166e-01 0.000000000000000000e+00 0.000000000000000000e+00 4.400765476568245238e-01 4.389713390509203950e-01 4.435338020833333172e-01 0.000000000000000000e+00 0.000000000000000000e+00 0.000000000000000000e+00 0.000000000000000000e+00 0.000000000000000000e+00 0.000000000000000000e+00 4.256853747469790950e-01 0.000000000000000000e+00 0.000000000000000000e+00 0.000000000000000000e+00 0.000000000000000000e+00 0.000000000000000000e+00 0.000000000000000000e+00 0.000000000000000000e+00 0.000000000000000000e+00 0.000000000000000000e+00 4.408928173076922530e-01 0.000000000000000000e+00 0.000000000000000000e+00
3.944283193980452906e-01 0.000000000000000000e+00 3.198909162495128800e-01 4.529417320114359491e-01 1.766271166654226066e-01 4.414974827586207184e-01 2.684132080250218322e-01 4.212679440191387514e-01 2.092092253833090498e-01 0.000000000000000000e+00 3.479905435922567847e-01 0.000000000000000000e+00 2.747542298436721486e-01 0.000000000000000000e+00 2.483016108430511626e-01 0.000000000000000000e+00 0.000000000000000000e+00 0.000000000000000000e+00 4.364843120567376555e-01 0.000000000000000000e+00 0.000000000000000000e+00 0.000000000000000000e+00 3.398472830489893126e-01 4.164992080544221986e-01 2.709944940476190500e-01 4.703956980392156595e-01 1.600753876732215752e-01 0.000000000000000000e+00 3.464181412431553975e-01 0.000000000000000000e+00 3.385368563218391080e-01 4.519448320238877437e-01 0.000000000000000000e+00 0.000000000000000000e+00 0.000000000000000000e+00 0.000000000000000000e+00 0.000000000000000000e+00 0.000000000000000000e+00 0.000000000000000000e+00 0.000000000000000000e+00 0.000000000000000000e+00 0.000000000000000000e+00 0.000000000000000000e+00 0.000000000000000000e+00 4.036234197530864098e-01 0.000000000000000000e+00 4.292644888888888510e-01 0.000000000000000000e+00 0.000000000000000000e+00 0.000000000000000000e+00 0.000000000000000000e+00 0.000000000000000000e+00 4.377820137931034417e-01 0.000000000000000000e+00 0.000000000000000000e+00 0.000000000000000000e+00 3.744126704602856459e-01 0.000000000000000000e+00 3.658013954471543983e-01 0.000000000000000000e+00 3.529524370370370479e-01 0.000000000000000000e+00 0.000000000000000000e+00 0.000000000000000000e+00 4.033209491686777781e-01 0.000000000000000000e+00 0.000000000000000000e+00 0.000000000000000000e+00 4.185709030151675281e-01 0.000000000000000000e+00 3.078788831447756835e-01 0.000000000000000000e+00 3.376702910327514240e-01 0.000000000000000000e+00 3.463183725005153923e-01 0.000000000000000000e+00 3.581862475656421019e-01 3.244312647058823496e-01 0.000000000000000000e+00 0.000000000000000000e+00 0.000000000000000000e+00 0.000000000000000000e+00 0.000000000000000000e+00 0.000000000000000000e+00 3.798521155104350178e-01 0.000000000000000000e+00 3.808905319148935820e-01 0.000000000000000000e+00 3.816994523414751761e-01 0.000000000000000000e+00 4.199319586206896604e-01 0.000000000000000000e+00 0.000000000000000000e+00 0.000000000000000000e+00 3.884331075268817601e-01 3.983656930693069143e-01 0.000000000000000000e+00 0.000000000000000000e+00 0.000000000000000000e+00 0.000000000000000000e+00 0.000000000000000000e+00 0.000000000000000000e+00 0.000000000000000000e+00 4.194685069444445413e-01 0.000000000000000000e+00 0.000000000000000000e+00 0.000000000000000000e+00 0.000000000000000000e+00 0.000000000000000000e+00 0.000000000000000000e+00 0.000000000000000000e+00 0.000000000000000000e+00 0.000000000000000000e+00 0.000000000000000000e+00 0.000000000000000000e+00 0.000000000000000000e+00
0.000000000000000000e+00 3.791227600488917271e-01 4.308364052028221813e-01 2.815554688780514958e-01 4.296592385481881604e-01 1.992539370803566856e-01 4.448226451612903865e-01 2.339226557546229268e-01 0.000000000000000000e+00 1.853523619293764579e-01 0.000000000000000000e+00 2.775261091706731076e-01 4.155814766355140355e-01 3.168014330490589447e-01 0.000000000000000000e+00 2.666381605412514455e-01 0.000000000000000000e+00 0.000000000000000000e+00 0.000000000000000000e+00 3.981291236912558595e-01 0.000000000000000000e+00 0.000000000000000000e+00 4.204257830370688453e-01 3.087540034722221494e-01 4.336625575204163252e-01 2.437419826273604373e-01 4.110878142446633410e-01 2.814029572420634895e-01 0.000000000000000000e+00 3.130351766750860132e-01 4.011098749593176582e-01 3.174539872093023463e-01 0.000000000000000000e+00 4.200971292725011463e-01 0.000000000000000000e+00 0.000000000000000000e+00 0.000000000000000000e+00 0.000000000000000000e+00 0.000000000000000000e+00 0.000000000000000000e+00 0.000000000000000000e+00 0.000000000000000000e+00 0.000000000000000000e+00 4.614375522388060036e-01 0.000000000000000000e+00 3.990069487179486729e-01 0.000000000000000000e+00 0.000000000000000000e+00 0.000000000000000000e+00 4.310268451612903617e-01 0.000000000000000000e+00 3.541978030303030711e-01 0.000000000000000000e+00 0.000000000000000000e+00 0.000000000000000000e+00 0.000000000000000000e+00 0.000000000000000000e+00 3.899974245534278960e-01 0.000000000000000000e+00 0.000000000000000000e+00 0.000000000000000000e+00 0.000000000000000000e+00 0.000000000000000000e+00 0.000000000000000000e+00 0.000000000000000000e+00 0.000000000000000000e+00 0.000000000000000000e+00 0.000000000000000000e+00 0.000000000000000000e+00 4.266460751879698754e-01 4.703343115927796081e-01 2.917034034645993867e-01 0.000000000000000000e+00 3.248370115080349008e-01 0.000000000000000000e+00 2.950352887367608257e-01 0.000000000000000000e+00 3.441942550344734286e-01 0.000000000000000000e+00 0.000000000000000000e+00 0.000000000000000000e+00 3.946099641090080601e-01 0.000000000000000000e+00 0.000000000000000000e+00 0.000000000000000000e+00 4.266989596897068360e-01 0.000000000000000000e+00 3.814365925925926604e-01 0.000000000000000000e+00 0.000000000000000000e+00 0.000000000000000000e+00 0.000000000000000000e+00 0.000000000000000000e+00 0.000000000000000000e+00 0.000000000000000000e+00 0.000000000000000000e+00 0.000000000000000000e+00 0.000000000000000000e+00 0.000000000000000000e+00 0.000000000000000000e+00 0.000000000000000000e+00 0.000000000000000000e+00 0.000000000000000000e+00 0.000000000000000000e+00 0.000000000000000000e+00 0.000000000000000000e+00 0.000000000000000000e+00 0.000000000000000000e+00 0.000000000000000000e+00 0.000000000000000000e+00 0.000000000000000000e+00 0.000000000000000000e+00 0.000000000000000000e+00 0.000000000000000000e+00 0.000000000000000000e+00 0.000000000000000000e+00
3.285532875847171908e-01 4.705159135029909345e-01 4.073040604354487559e-01 4.747363605339804393e-01 0.000000000000000000e+00 0.000000000000000000e+00 3.746556779696758044e-01 4.668575145740284649e-01 3.479905435922567847e-01 0.000000000000000000e+00 2.896906200405883758e-01 4.672786790523754119e-01 3.195849774706434054e-01 4.350960235832227463e-01 3.614436391728212405e-01 0.000000000000000000e+00 3.270659526427029395e-01 0.000000000000000000e+00 4.199698695398118575e-01 4.847586676807604245e-01 0.000000000000000000e+00 0.000000000000000000e+00 4.038491335949085381e-01 4.581664583979961902e-01 0.000000000000000000e+00 0.000000000000000000e+00 0.000000000000000000e+00 0.000000000000000000e+00 3.720048961586038261e-01 0.000000000000000000e+00 4.073109409706448525e-01 4.557998037447365536e-01 4.046870935465033403e-01 4.773238918511074069e-01 0.000000000000000000e+00 0.000000000000000000e+00 4.276268561210486707e-01 0.000000000000000000e+00 0.000000000000000000e+00 0.000000000000000000e+00 0.000000000000000000e+00 0.000000000000000000e+00 0.000000000000000000e+00 0.000000000000000000e+00 0.000000000000000000e+00 0.000000000000000000e+00 0.000000000000000000e+00 0.000000000000000000e+00 4.243195301204818470e-01 0.000000000000000000e+00 4.022176421208304431e-01 0.000000000000000000e+00 0.000000000000000000e+00 0.000000000000000000e+00 4.313730939316441360e-01 0.000000000000000000e+00 3.798322310558276960e-01 0.000000000000000000e+00 3.970310504650571004e-01 0.000000000000000000e+00 4.077402878625150384e-01 0.000000000000000000e+00 3.975441992643191647e-01 4.677687819548871917e-01 4.168890686782983912e-01 0.000000000000000000e+00 4.402764860292874838e-01 5.008672539682538227e-01 4.239838399156120596e-01 0.000000000000000000e+00 3.567709422724044677e-01 0.000000000000000000e+00 3.893393844166971873e-01 4.674981185567010367e-01 4.327077804878048939e-01 0.000000000000000000e+00 4.046008590165689478e-01 4.492725214477399365e-01 3.803917820512820458e-01 0.000000000000000000e+00 4.120790356583876601e-01 4.484033057324840477e-01 0.000000000000000000e+00 0.000000000000000000e+00 4.148354286600716700e-01 0.000000000000000000e+00 0.000000000000000000e+00 0.000000000000000000e+00 4.254277125503062029e-01 0.000000000000000000e+00 0.000000000000000000e+00 4.573954830922471460e-01 0.000000000000000000e+00 0.000000000000000000e+00 0.000000000000000000e+00 4.208138202247191928e-01 0.000000000000000000e+00 0.000000000000000000e+00 0.000000000000000000e+00 0.000000000000000000e+00 0.000000000000000000e+00 0.000000000000000000e+00 0.000000000000000000e+00 0.000000000000000000e+00 0.000000000000000000e+00 0.000000000000000000e+00 0.000000000000000000e+00 0.000000000000000000e+00 0.000000000000000000e+00 0.000000000000000000e+00 0.000000000000000000e+00 0.000000000000000000e+00 0.000000000000000000e+00 0.000000000000000000e+00 0.000000000000000000e+00 0.000000000000000000e+00
0.000000000000000000e+00 3.673396992654153204e-01 4.753834397107216669e-01 4.103931511409945054e-01 0.000000000000000000e+00 0.000000000000000000e+00 4.702004998355941989e-01 3.239085836260796603e-01 0.000000000000000000e+00 2.775261091706731076e-01 4.672786790523754119e-01 2.801419716704015572e-01 4.334657496355409645e-01 2.873350375421286906e-01 0.000000000000000000e+00 3.484494802448409589e-01 0.000000000000000000e+00 3.481053178041837448e-01 4.950979212859826784e-01 4.341835704664485651e-01 0.000000000000000000e+00 0.000000000000000000e+00 4.698965751940006319e-01 3.895032213383603503e-01 0.000000000000000000e+00 0.000000000000000000e+00 0.000000000000000000e+00 0.000000000000000000e+00 4.588039418889690024e-01 3.627278484300129335e-01 4.668845378410828029e-01 3.653790025252526275e-01 4.615286527228499303e-01 3.905367665585093295e-01 0.000000000000000000e+00 4.310520336859401946e-01 0.000000000000000000e+00 4.363948615426433975e-01 0.000000000000000000e+00 0.000000000000000000e+00 0.000000000000000000e+00 0.000000000000000000e+00 0.000000000000000000e+00 0.000000000000000000e+00 0.000000000000000000e+00 3.810769332072392879e-01 0.000000000000000000e+00 0.000000000000000000e+00 0.000000000000000000e+00 3.852935491591338302e-01 0.000000000000000000e+00 4.152275990594726518e-01 0.000000000000000000e+00 0.000000000000000000e+00 0.000000000000000000e+00 4.236985975952368699e-01 0.000000000000000000e+00 3.950545265347583102e-01 5.105091301369862888e-01 4.410086683256429496e-01 0.000000000000000000e+00 4.228950587478548240e-01 0.000000000000000000e+00 4.239332420848251348e-01 0.000000000000000000e+00 4.315640045050783691e-01 5.078708103838954768e-01 4.525306598587487406e-01 0.000000000000000000e+00 4.260565853885364129e-01 0.000000000000000000e+00 3.653484553947836666e-01 4.555680265215828473e-01 3.761027038999643080e-01 0.000000000000000000e+00 0.000000000000000000e+00 4.799276531932772372e-01 3.858909748053030997e-01 0.000000000000000000e+00 4.204034054054053837e-01 0.000000000000000000e+00 4.191135671367271498e-01 0.000000000000000000e+00 0.000000000000000000e+00 0.000000000000000000e+00 4.401042724272633544e-01 0.000000000000000000e+00 0.000000000000000000e+00 0.000000000000000000e+00 4.300698020753929707e-01 0.000000000000000000e+00 0.000000000000000000e+00 0.000000000000000000e+00 0.000000000000000000e+00 0.000000000000000000e+00 3.767544886363636270e-01 0.000000000000000000e+00 0.000000000000000000e+00 0.000000000000000000e+00 0.000000000000000000e+00 0.000000000000000000e+00 0.000000000000000000e+00 0.000000000000000000e+00 0.000000000000000000e+00 0.000000000000000000e+00 0.000000000000000000e+00 0.000000000000000000e+00 0.000000000000000000e+00 0.000000000000000000e+00 0.000000000000000000e+00 0.000000000000000000e+00 0.000000000000000000e+00 0.000000000000000000e+00 0.000000000000000000e+00 0.000000000000000000e+00 0.000000000000000000e+00
3.734975644146987239e-01 4.621147458843656852e-01 3.529432052907128803e-01 4.564769550508965823e-01 3.127595878670770269e-01 0.000000000000000000e+00 2.809329838914679800e-01 4.454261635910637396e-01 2.747542298436721486e-01 4.155814766355140355e-01 3.195849774706434054e-01 4.334657496355409645e-01 2.694033810045850519e-01 4.298822184549692116e-01 2.780868931951940848e-01 4.361779677419354018e-01 3.793591210752243481e-01 0.000000000000000000e+00 4.024692714945299343e-01 4.689760611787532896e-01 0.000000000000000000e+00 0.000000000000000000e+00 3.667381971870122825e-01 4.488306758888064296e-01 0.000000000000000000e+00 0.000000000000000000e+00 3.285842460317460745e-01 0.000000000000000000e+00 3.352935595370505895e-01 4.451391491860663963e-01 3.804053367835971700e-01 4.516313211640630154e-01 4.086292347079957255e-01 4.573435811458188560e-01 0.000000000000000000e+00 0.000000000000000000e+00 4.345738116236149695e-01 0.000000000000000000e+00 0.000000000000000000e+00 0.000000000000000000e+00 0.000000000000000000e+00 0.000000000000000000e+00 0.000000000000000000e+00 0.000000000000000000e+00 3.974913174603174615e-01 0.000000000000000000e+00 0.000000000000000000e+00 0.000000000000000000e+00 3.977966327394344970e-01 0.000000000000000000e+00 3.821334545484298961e-01 0.000000000000000000e+00 0.000000000000000000e+00 0.000000000000000000e+00 0.000000000000000000e+00 0.000000000000000000e+00 4.066818438729631335e-01 0.000000000000000000e+00 3.761802048320224690e-01 4.468182736318407899e-01 4.052441440845886977e-01 0.000000000000000000e+00 3.930984191948096451e-01 0.000000000000000000e+00 4.084656297685148596e-01 0.000000000000000000e+00 4.316975220382417433e-01 0.000000000000000000e+00 4.213369028352674794e-01 0.000000000000000000e+00 3.262061455040226599e-01 0.000000000000000000e+00 3.810684122239939575e-01 4.540657718815074295e-01 3.923105885424343353e-01 0.000000000000000000e+00 3.959263319343507281e-01 4.409413776387608452e-01 0.000000000000000000e+00 0.000000000000000000e+00 3.946002866705242695e-01 0.000000000000000000e+00 0.000000000000000000e+00 0.000000000000000000e+00 4.040227454204414204e-01 0.000000000000000000e+00 3.860365843373493866e-01 0.000000000000000000e+00 4.060949755378305825e-01 0.000000000000000000e+00 0.000000000000000000e+00 4.241605584159942044e-01 0.000000000000000000e+00 0.000000000000000000e+00 0.000000000000000000e+00 4.506531258042869581e-01 4.256870674157303691e-01 0.000000000000000000e+00 4.395315063027295244e-01 3.944822686567164283e-01 0.000000000000000000e+00 0.000000000000000000e+00 0.000000000000000000e+00 4.196449829681709320e-01 0.000000000000000000e+00 0.000000000000000000e+00 4.632567700534759858e-01 0.000000000000000000e+00 0.000000000000000000e+00 0.000000000000000000e+00 0.000000000000000000e+00 0.000000000000000000e+00 0.000000000000000000e+00 0.000000000000000000e+00 0.000000000000000000e+00 0.000000000000000000e+00
