0.000000000000000000e+00 2.130189240067373313e-02 5.801330687521886326e-02 5.588326606643899408e-03 3.248862897985704823e-04 0.000000000000000000e+00 1.358059914407988567e-01 2.916666666666666800e-03 2.647503782148260057e-03 0.000000000000000000e+00 2.070546737213403987e-01 7.826257092545489810e-04 2.163415105273324215e-02 3.041825095057034247e-04 8.333333333333333868e-04 0.000000000000000000e+00 4.284727021423635068e-02 2.457433737054590291e-03 5.218914185639229181e-02 2.329946996466430997e-02 0.000000000000000000e+00 0.000000000000000000e+00 6.184291898577613323e-04 0.000000000000000000e+00 0.000000000000000000e+00 0.000000000000000000e+00 0.000000000000000000e+00 0.000000000000000000e+00 3.561643835616438297e-02 5.721914934197978560e-04 1.879257693211181662e-03 0.000000000000000000e+00 1.120218579234972742e-02 1.737728412755285001e-02 0.000000000000000000e+00 0.000000000000000000e+00 5.685618729096989649e-02 7.100591715976331021e-04 7.558578987150415922e-04 0.000000000000000000e+00 0.000000000000000000e+00 0.000000000000000000e+00 6.197706848466067895e-04 0.000000000000000000e+00 1.329433661260303115e-03 0.000000000000000000e+00 1.990445859872611565e-04 0.000000000000000000e+00 5.673436968115284570e-03 9.089256498818396024e-05 1.909287977321994303e-02 6.565988181221274348e-05 1.020755358965634487e-03 0.000000000000000000e+00 5.896899372265550568e-03 0.000000000000000000e+00 2.316498316498316612e-01 2.158213663152652121e-03 3.719711853307137994e-02 5.403214912873159160e-04 2.723091076356945819e-02 0.000000000000000000e+00 9.842519685039369942e-03 5.978179644298310799e-04 2.886450381679389263e-02 2.754062241806665015e-04 8.932333361422432547e-03 1.753770606804629854e-04 1.050552922590837351e-01 1.063829787234042571e-03 8.069042941341565689e-02 1.696558410082404369e-03 3.305687203791469325e-02 1.608271108558299812e-03 0.000000000000000000e+00 0.000000000000000000e+00 4.507556018759770883e-02 2.750491159135560072e-03 0.000000000000000000e+00 0.000000000000000000e+00 2.615518744551002719e-03 0.000000000000000000e+00 0.000000000000000000e+00 0.000000000000000000e+00 1.555326524875855036e-02 0.000000000000000000e+00 0.000000000000000000e+00 0.000000000000000000e+00 9.660574412532636421e-03 0.000000000000000000e+00 1.884253028263795397e-03 8.032128514056225245e-04 0.000000000000000000e+00 0.000000000000000000e+00 0.000000000000000000e+00 5.847953216374268681e-03 1.114827201783723503e-03 0.000000000000000000e+00 0.000000000000000000e+00 0.000000000000000000e+00 0.000000000000000000e+00 0.000000000000000000e+00 5.036514731805590049e-04 1.965022597759874339e-04 4.837595024187975497e-03 0.000000000000000000e+00 0.000000000000000000e+00 0.000000000000000000e+00 0.000000000000000000e+00 0.000000000000000000e+00 0.000000000000000000e+00 0.000000000000000000e+00 0.000000000000000000e+00 0.000000000000000000e+00 0.000000000000000000e+00 0.000000000000000000e+00
2.130189240067373313e-02 0.000000000000000000e+00 1.984358585269055744e-03 5.588326606643899408e-02 0.000000000000000000e+00 6.125574272588054942e-04 9.985734664764622705e-04 1.152083333333333293e-01 0.000000000000000000e+00 6.939625260235946988e-04 3.527336860670194241e-04 5.771864605752299177e-02 1.931620629708325192e-04 1.505703422053232023e-02 0.000000000000000000e+00 1.237240952675533641e-03 1.382170006910849987e-03 4.405827628576444027e-02 1.681260945709282112e-02 5.421819787985865391e-02 0.000000000000000000e+00 0.000000000000000000e+00 0.000000000000000000e+00 0.000000000000000000e+00 0.000000000000000000e+00 0.000000000000000000e+00 0.000000000000000000e+00 0.000000000000000000e+00 1.095890410958904031e-03 3.929048254815944996e-02 3.053793751468170201e-03 0.000000000000000000e+00 1.270491803278688513e-02 2.714080974561089085e-02 0.000000000000000000e+00 0.000000000000000000e+00 9.121313469139556230e-04 9.751479289940828687e-02 0.000000000000000000e+00 5.202913631633715365e-04 0.000000000000000000e+00 0.000000000000000000e+00 0.000000000000000000e+00 9.500285008550256988e-05 0.000000000000000000e+00 1.909785376500545582e-03 0.000000000000000000e+00 0.000000000000000000e+00 0.000000000000000000e+00 5.726231594255590078e-03 0.000000000000000000e+00 7.485226526592251781e-03 0.000000000000000000e+00 6.603565925599823826e-04 0.000000000000000000e+00 1.629629629629629527e-03 2.020202020202020200e-03 2.662073545280982945e-01 1.309757694826457156e-03 2.431446710792921698e-02 1.839926402943882120e-04 2.064451158106747272e-02 0.000000000000000000e+00 1.031235988641458594e-02 0.000000000000000000e+00 3.084549710823464644e-02 2.528018875874273107e-04 4.121360925990880456e-03 1.369141653501843026e-02 8.031914893617021767e-02 4.209935447656469121e-04 6.713523994183227817e-02 2.369668246445497703e-04 3.848363009764502879e-02 0.000000000000000000e+00 1.338688085676037432e-03 1.042209484106305277e-03 4.243614931237720683e-02 0.000000000000000000e+00 0.000000000000000000e+00 0.000000000000000000e+00 1.977152899824253119e-03 0.000000000000000000e+00 3.300330033003300370e-03 0.000000000000000000e+00 1.223356349444611191e-02 0.000000000000000000e+00 0.000000000000000000e+00 0.000000000000000000e+00 3.888024883359253708e-03 1.615074024226110464e-03 4.819277108433735364e-03 0.000000000000000000e+00 1.600000000000000077e-03 9.090909090909090468e-03 1.754385964912280604e-02 1.114827201783723503e-03 5.602240896358543464e-03 0.000000000000000000e+00 0.000000000000000000e+00 0.000000000000000000e+00 0.000000000000000000e+00 0.000000000000000000e+00 1.768520337983886742e-03 1.382170006910849987e-03 2.312138728323699351e-04 1.003009027081243733e-03 2.123142250530785525e-03 3.333333333333333148e-01 0.000000000000000000e+00 0.000000000000000000e+00 0.000000000000000000e+00 0.000000000000000000e+00 2.265005662514156439e-03 4.056795131845841729e-03 0.000000000000000000e+00
5.801330687521886326e-02 1.984358585269055744e-03 0.000000000000000000e+00 1.635102970092103952e-02 7.667316439246263382e-02 3.675344563552832965e-03 2.164051355206847438e-01 1.375000000000000007e-02 4.122541603630862361e-02 2.775850104094378795e-03 6.102292768959435842e-02 2.739189982390921596e-03 5.466486382074560446e-02 6.083650190114068060e-03 1.750000000000000167e-02 1.237240952675533641e-03 1.681640175074867669e-02 1.404247849745480104e-03 1.026269702276707552e-01 6.183745583038868961e-03 0.000000000000000000e+00 0.000000000000000000e+00 2.193877551020408101e-01 1.382488479262672897e-02 4.181818181818181684e-02 1.620745542949756810e-03 5.538985939497230622e-03 0.000000000000000000e+00 2.484018264840182760e-02 1.144382986839595712e-03 2.865867982147051948e-02 3.172381618847679163e-02 4.508196721311475731e-03 7.345037620924400011e-03 4.828585224529212752e-04 0.000000000000000000e+00 1.976284584980237194e-02 2.366863905325443764e-04 0.000000000000000000e+00 0.000000000000000000e+00 0.000000000000000000e+00 0.000000000000000000e+00 3.098853424233033948e-04 0.000000000000000000e+00 2.525923956394575745e-03 0.000000000000000000e+00 0.000000000000000000e+00 0.000000000000000000e+00 4.765687053216839143e-03 0.000000000000000000e+00 4.669001167250291622e-03 0.000000000000000000e+00 0.000000000000000000e+00 0.000000000000000000e+00 5.706676811869887227e-04 0.000000000000000000e+00 5.892255892255892323e-03 8.300821781356354729e-05 1.794368041912246248e-02 0.000000000000000000e+00 3.311867525298987924e-03 2.517623363544813694e-04 2.249718785151856235e-03 1.494544911074577700e-04 2.862595419847328241e-03 0.000000000000000000e+00 1.036487739108452044e-02 1.753770606804629854e-04 1.342812006319115369e-02 0.000000000000000000e+00 3.171484703901206875e-02 4.847309743092583834e-04 7.381516587677725005e-02 3.216542217116599624e-03 2.595717066839714308e-03 1.338688085676037432e-03 9.106305367378843274e-02 1.571709233791748457e-03 0.000000000000000000e+00 0.000000000000000000e+00 2.615518744551002719e-03 0.000000000000000000e+00 0.000000000000000000e+00 0.000000000000000000e+00 1.780193010400074908e-03 7.505253677574302092e-05 0.000000000000000000e+00 0.000000000000000000e+00 7.832898172323760110e-04 0.000000000000000000e+00 1.615074024226110464e-03 1.204819277108433841e-03 6.293266205160478717e-04 0.000000000000000000e+00 9.090909090909090468e-03 5.847953216374268681e-03 1.114827201783723503e-03 0.000000000000000000e+00 0.000000000000000000e+00 0.000000000000000000e+00 0.000000000000000000e+00 0.000000000000000000e+00 5.036514731805590049e-04 1.179013558655924495e-03 1.036627505183137544e-03 2.312138728323699351e-04 0.000000000000000000e+00 0.000000000000000000e+00 0.000000000000000000e+00 0.000000000000000000e+00 0.000000000000000000e+00 0.000000000000000000e+00 0.000000000000000000e+00 0.000000000000000000e+00 0.000000000000000000e+00 0.000000000000000000e+00
5.588326606643899408e-03 5.588326606643899408e-02 1.635102970092103952e-02 0.000000000000000000e+00 1.137102014294996688e-02 3.093415007656967822e-02 9.129814550641940016e-03 1.163541666666666613e-01 9.077155824508320939e-03 1.943095072866065157e-02 4.232804232804233090e-03 2.993543337898649931e-02 6.953834266949970692e-03 2.205323193916349650e-02 0.000000000000000000e+00 2.072378595731518697e-02 9.214466712738999914e-04 1.930840793400035241e-02 5.253940455341506166e-03 1.296378091872791571e-01 1.501501501501501488e-03 1.733102253032928848e-03 4.468150896722325460e-02 3.584768372544263615e-01 2.242424242424242292e-02 1.247974068071312781e-01 2.982530890498508863e-03 3.379805661174482400e-03 1.461187214611872186e-03 1.888231928285332914e-02 5.097486492835329869e-02 7.067879636109167252e-02 5.874316939890710486e-03 2.221426012182013687e-02 0.000000000000000000e+00 1.924927815206929843e-03 0.000000000000000000e+00 1.751479289940828521e-02 0.000000000000000000e+00 0.000000000000000000e+00 0.000000000000000000e+00 0.000000000000000000e+00 0.000000000000000000e+00 1.900057001710051398e-04 0.000000000000000000e+00 1.182248090214623425e-03 0.000000000000000000e+00 1.545117428924598136e-04 0.000000000000000000e+00 2.635884384657334861e-03 0.000000000000000000e+00 1.181877872619829274e-03 0.000000000000000000e+00 0.000000000000000000e+00 0.000000000000000000e+00 0.000000000000000000e+00 8.417508417508417140e-04 1.602058603801776240e-02 1.309757694826457048e-04 1.783060921248142555e-02 1.839926402943882120e-04 1.762336354481369586e-03 0.000000000000000000e+00 2.989089822149155399e-04 2.385496183206106777e-04 2.340952905535664992e-03 8.426729586247577925e-05 1.745001753770606887e-02 1.053185887309109970e-03 1.648936170212765909e-02 1.403311815885489779e-03 5.453223460979156334e-02 1.658767772511848338e-03 9.454336588167719380e-02 0.000000000000000000e+00 1.740294511378848857e-02 2.475247524752475278e-03 9.613621480026195154e-02 0.000000000000000000e+00 3.134796238244513984e-03 0.000000000000000000e+00 1.098418277680140694e-03 0.000000000000000000e+00 3.300330033003300370e-03 0.000000000000000000e+00 6.004202942059441673e-04 0.000000000000000000e+00 0.000000000000000000e+00 0.000000000000000000e+00 6.220839813374805152e-04 4.576043068640646243e-03 4.016064257028112081e-03 6.293266205160478717e-04 0.000000000000000000e+00 9.090909090909090468e-03 1.169590643274853736e-02 6.688963210702341018e-03 0.000000000000000000e+00 1.058201058201058272e-03 0.000000000000000000e+00 0.000000000000000000e+00 0.000000000000000000e+00 1.259128682951397675e-03 1.179013558655924495e-03 3.455425017277124968e-04 0.000000000000000000e+00 3.009027081243730983e-03 0.000000000000000000e+00 0.000000000000000000e+00 0.000000000000000000e+00 1.067235859124866662e-03 0.000000000000000000e+00 0.000000000000000000e+00 0.000000000000000000e+00 2.028397565922920864e-03 0.000000000000000000e+00
3.248862897985704823e-04 0.000000000000000000e+00 7.667316439246263382e-02 1.137102014294996688e-02 0.000000000000000000e+00 1.837672281776416483e-03 6.704707560627674347e-03 8.333333333333333868e-04 3.173222390317700370e-01 7.633587786259541687e-03 0.000000000000000000e+00 0.000000000000000000e+00 1.738458566737492673e-03 1.520912547528517123e-04 2.495833333333333237e-01 3.093102381688834102e-04 4.607233356369499957e-04 0.000000000000000000e+00 3.502626970227670886e-04 0.000000000000000000e+00 4.504504504504504465e-03 0.000000000000000000e+00 2.643784786641929438e-02 6.063545961678389745e-03 8.242424242424242764e-02 5.672609400324149162e-03 1.474222411589262982e-01 4.224757076468103000e-04 3.105022831050228450e-03 1.907304978065992853e-04 8.926474042753112029e-03 7.697690692792162268e-03 0.000000000000000000e+00 8.957362952346828422e-05 0.000000000000000000e+00 0.000000000000000000e+00 0.000000000000000000e+00 0.000000000000000000e+00 0.000000000000000000e+00 0.000000000000000000e+00 0.000000000000000000e+00 0.000000000000000000e+00 0.000000000000000000e+00 0.000000000000000000e+00 0.000000000000000000e+00 0.000000000000000000e+00 3.980891719745223130e-04 0.000000000000000000e+00 0.000000000000000000e+00 0.000000000000000000e+00 8.337502084375520946e-05 0.000000000000000000e+00 0.000000000000000000e+00 0.000000000000000000e+00 0.000000000000000000e+00 0.000000000000000000e+00 3.367003367003367181e-04 0.000000000000000000e+00 1.309757694826457048e-04 0.000000000000000000e+00 1.839926402943882120e-04 0.000000000000000000e+00 2.812148481439820293e-04 0.000000000000000000e+00 4.770992366412213554e-04 0.000000000000000000e+00 8.426729586247577925e-05 0.000000000000000000e+00 5.265929436545549848e-04 0.000000000000000000e+00 2.399663205164187518e-02 8.482792050412021846e-04 3.068720379146919544e-02 2.297530155083285562e-04 5.191434133679428617e-03 1.338688085676037432e-03 3.126628452318916049e-03 1.309757694826457048e-04 0.000000000000000000e+00 0.000000000000000000e+00 5.231037489102004787e-04 0.000000000000000000e+00 0.000000000000000000e+00 0.000000000000000000e+00 4.684718448421250044e-04 0.000000000000000000e+00 0.000000000000000000e+00 0.000000000000000000e+00 1.827676240208877178e-03 0.000000000000000000e+00 0.000000000000000000e+00 0.000000000000000000e+00 0.000000000000000000e+00 0.000000000000000000e+00 0.000000000000000000e+00 0.000000000000000000e+00 0.000000000000000000e+00 0.000000000000000000e+00 0.000000000000000000e+00 0.000000000000000000e+00 0.000000000000000000e+00 0.000000000000000000e+00 0.000000000000000000e+00 0.000000000000000000e+00 0.000000000000000000e+00 0.000000000000000000e+00 0.000000000000000000e+00 0.000000000000000000e+00 0.000000000000000000e+00 0.000000000000000000e+00 0.000000000000000000e+00 0.000000000000000000e+00 0.000000000000000000e+00 0.000000000000000000e+00 0.000000000000000000e+00 0.000000000000000000e+00
0.000000000000000000e+00 6.125574272588054942e-04 3.675344563552832965e-03 3.093415007656967822e-02 1.837672281776416483e-03 0.000000000000000000e+00 0.000000000000000000e+00 1.874999999999999931e-03 7.564296520423600782e-04 2.789729354614851053e-01 0.000000000000000000e+00 0.000000000000000000e+00 0.000000000000000000e+00 1.368821292775665357e-03 4.166666666666666934e-04 1.896071759975255233e-01 0.000000000000000000e+00 1.755309812181850130e-04 0.000000000000000000e+00 0.000000000000000000e+00 1.951951951951952022e-02 3.812824956672443422e-02 2.628324056895485310e-03 9.944215377152558488e-03 2.727272727272727140e-02 1.555915721231766746e-01 1.150404772049424748e-02 3.337558090409801226e-01 0.000000000000000000e+00 9.345794392523363789e-03 1.855766972046041935e-02 3.032423606251457692e-03 0.000000000000000000e+00 4.478681476173414482e-04 0.000000000000000000e+00 0.000000000000000000e+00 0.000000000000000000e+00 0.000000000000000000e+00 0.000000000000000000e+00 0.000000000000000000e+00 0.000000000000000000e+00 0.000000000000000000e+00 0.000000000000000000e+00 0.000000000000000000e+00 0.000000000000000000e+00 0.000000000000000000e+00 0.000000000000000000e+00 0.000000000000000000e+00 0.000000000000000000e+00 1.817851299763679205e-04 0.000000000000000000e+00 0.000000000000000000e+00 0.000000000000000000e+00 0.000000000000000000e+00 0.000000000000000000e+00 0.000000000000000000e+00 0.000000000000000000e+00 0.000000000000000000e+00 0.000000000000000000e+00 0.000000000000000000e+00 0.000000000000000000e+00 0.000000000000000000e+00 0.000000000000000000e+00 0.000000000000000000e+00 0.000000000000000000e+00 0.000000000000000000e+00 0.000000000000000000e+00 8.768853034023149271e-05 0.000000000000000000e+00 0.000000000000000000e+00 8.419870895312938242e-04 3.829374697043141235e-02 0.000000000000000000e+00 4.974152785755313333e-02 0.000000000000000000e+00 0.000000000000000000e+00 1.302761855132881597e-04 5.500982318271120143e-03 0.000000000000000000e+00 0.000000000000000000e+00 0.000000000000000000e+00 0.000000000000000000e+00 0.000000000000000000e+00 0.000000000000000000e+00 0.000000000000000000e+00 2.251576103272290492e-04 0.000000000000000000e+00 0.000000000000000000e+00 0.000000000000000000e+00 0.000000000000000000e+00 2.691790040376850412e-04 0.000000000000000000e+00 0.000000000000000000e+00 0.000000000000000000e+00 0.000000000000000000e+00 0.000000000000000000e+00 0.000000000000000000e+00 0.000000000000000000e+00 0.000000000000000000e+00 0.000000000000000000e+00 0.000000000000000000e+00 0.000000000000000000e+00 0.000000000000000000e+00 0.000000000000000000e+00 0.000000000000000000e+00 0.000000000000000000e+00 0.000000000000000000e+00 0.000000000000000000e+00 0.000000000000000000e+00 0.000000000000000000e+00 0.000000000000000000e+00 0.000000000000000000e+00 0.000000000000000000e+00 0.000000000000000000e+00 0.000000000000000000e+00 0.000000000000000000e+00
1.358059914407988567e-01 9.985734664764622705e-04 2.164051355206847438e-01 9.129814550641940016e-03 6.704707560627674347e-03 0.000000000000000000e+00 0.000000000000000000e+00 6.666666666666667095e-03 8.888048411497730117e-02 6.939625260235946988e-04 8.677248677248677877e-02 3.521815691645470685e-03 2.574850299401197362e-01 1.520912547528517015e-03 5.000000000000000104e-03 3.093102381688834102e-04 1.359133840129002520e-02 8.776549060909250109e-04 9.807355516637477830e-03 3.864840989399293426e-03 0.000000000000000000e+00 0.000000000000000000e+00 7.730364873222016382e-03 3.638127577007033847e-03 0.000000000000000000e+00 0.000000000000000000e+00 8.521516829995738835e-04 0.000000000000000000e+00 1.662100456621004585e-02 1.144382986839595712e-03 6.577401926239135818e-03 9.097270818754374377e-03 1.639344262295081966e-03 5.195270512361160539e-03 0.000000000000000000e+00 0.000000000000000000e+00 5.472788081483733955e-03 0.000000000000000000e+00 7.558578987150415922e-04 0.000000000000000000e+00 0.000000000000000000e+00 0.000000000000000000e+00 1.549426712116516974e-04 0.000000000000000000e+00 2.392980590268545694e-03 0.000000000000000000e+00 0.000000000000000000e+00 0.000000000000000000e+00 6.127311925564506850e-03 0.000000000000000000e+00 1.417375354343838531e-02 0.000000000000000000e+00 3.062266076896903895e-03 0.000000000000000000e+00 5.136009130682898938e-03 0.000000000000000000e+00 1.986531986531986371e-02 0.000000000000000000e+00 1.375245579567779992e-02 0.000000000000000000e+00 7.911683532658694146e-03 0.000000000000000000e+00 3.374578177727783918e-03 0.000000000000000000e+00 1.479007633587786294e-02 0.000000000000000000e+00 4.803235864161118848e-03 1.753770606804629854e-04 1.053185887309109970e-03 2.659574468085106427e-04 5.178220600617457203e-02 2.302472127968977281e-03 3.045023696682464323e-02 1.493394600804135493e-03 6.489292667099285771e-04 0.000000000000000000e+00 4.846274101094320136e-02 7.858546168958742287e-04 0.000000000000000000e+00 0.000000000000000000e+00 6.451612903225806446e-03 0.000000000000000000e+00 5.281690140845070325e-03 0.000000000000000000e+00 1.817670757987445082e-02 7.505253677574302092e-05 0.000000000000000000e+00 0.000000000000000000e+00 7.832898172323759026e-03 0.000000000000000000e+00 5.383580080753700824e-04 8.032128514056225245e-04 0.000000000000000000e+00 0.000000000000000000e+00 9.090909090909090468e-03 5.847953216374268681e-03 1.114827201783723503e-03 0.000000000000000000e+00 0.000000000000000000e+00 0.000000000000000000e+00 0.000000000000000000e+00 2.325581395348837177e-03 2.518257365902795025e-04 9.825112988799372237e-04 3.455425017277124968e-04 0.000000000000000000e+00 0.000000000000000000e+00 0.000000000000000000e+00 0.000000000000000000e+00 0.000000000000000000e+00 0.000000000000000000e+00 0.000000000000000000e+00 0.000000000000000000e+00 0.000000000000000000e+00 0.000000000000000000e+00 0.000000000000000000e+00
2.916666666666666800e-03 1.152083333333333293e-01 1.375000000000000007e-02 1.163541666666666613e-01 8.333333333333333868e-04 1.874999999999999931e-03 6.666666666666667095e-03 0.000000000000000000e+00 2.647503782148260057e-03 4.441360166551006072e-02 4.232804232804233090e-03 1.837213852475053921e-01 3.670079196445818082e-03 2.629657794676806271e-01 0.000000000000000000e+00 2.629137024435508965e-02 1.382170006910849987e-03 1.544672634720028158e-02 1.389375364856976040e-02 1.060070671378091946e-02 0.000000000000000000e+00 0.000000000000000000e+00 3.092145949288806553e-02 1.091438273102110154e-02 4.242424242424242854e-03 0.000000000000000000e+00 8.521516829995738835e-04 0.000000000000000000e+00 1.643835616438356264e-03 2.078962426091932048e-02 2.959830866807610858e-02 1.119664100769768994e-02 6.284153005464481086e-03 3.493371551415263166e-03 0.000000000000000000e+00 0.000000000000000000e+00 0.000000000000000000e+00 7.810650887573964557e-03 0.000000000000000000e+00 0.000000000000000000e+00 0.000000000000000000e+00 0.000000000000000000e+00 0.000000000000000000e+00 1.710051301539046095e-03 0.000000000000000000e+00 5.911240451073117123e-03 0.000000000000000000e+00 7.725587144622991223e-04 1.134687393623056784e-04 8.180330848936557750e-03 0.000000000000000000e+00 1.221273801707156888e-02 0.000000000000000000e+00 1.320713185119964765e-03 0.000000000000000000e+00 3.703703703703703845e-03 3.367003367003367181e-04 1.004399435544118917e-02 2.619515389652914096e-04 1.999189517763069052e-02 0.000000000000000000e+00 1.183282980866062414e-02 5.624296962879640586e-04 6.575997608728142638e-03 0.000000000000000000e+00 3.359955935004130950e-02 2.528018875874273107e-04 1.306559102069449266e-02 0.000000000000000000e+00 3.457446808510638084e-03 1.824305360651136583e-03 8.749394086282114014e-02 1.658767772511848338e-03 5.628948879954049495e-02 0.000000000000000000e+00 1.204819277108433798e-02 3.908285565398645061e-04 5.671250818598558979e-02 0.000000000000000000e+00 0.000000000000000000e+00 0.000000000000000000e+00 1.098418277680140651e-02 0.000000000000000000e+00 0.000000000000000000e+00 0.000000000000000000e+00 2.274091864305013630e-02 0.000000000000000000e+00 1.236093943139678509e-03 0.000000000000000000e+00 9.175738724727837761e-03 2.960969044414535779e-03 2.008032128514056040e-03 1.887979861548143507e-03 0.000000000000000000e+00 0.000000000000000000e+00 0.000000000000000000e+00 4.459308807134894012e-03 0.000000000000000000e+00 1.058201058201058272e-03 0.000000000000000000e+00 0.000000000000000000e+00 0.000000000000000000e+00 2.518257365902795025e-04 3.930045195519748678e-04 3.455425017277124968e-04 2.312138728323699351e-04 0.000000000000000000e+00 1.061571125265392762e-03 0.000000000000000000e+00 0.000000000000000000e+00 1.067235859124866662e-03 0.000000000000000000e+00 0.000000000000000000e+00 0.000000000000000000e+00 0.000000000000000000e+00 0.000000000000000000e+00
2.647503782148260057e-03 0.000000000000000000e+00 4.122541603630862361e-02 9.077155824508320939e-03 3.173222390317700370e-01 7.564296520423600782e-04 8.888048411497730117e-02 2.647503782148260057e-03 0.000000000000000000e+00 0.000000000000000000e+00 3.880070546737213449e-03 0.000000000000000000e+00 2.182731311570407576e-02 0.000000000000000000e+00 3.087500000000000244e-01 6.186204763377668205e-04 4.607233356369499957e-04 0.000000000000000000e+00 3.502626970227670886e-04 0.000000000000000000e+00 1.501501501501501488e-03 0.000000000000000000e+00 3.092145949288806553e-03 2.425418384671355898e-03 0.000000000000000000e+00 1.620745542949756810e-03 3.621644652748189086e-02 0.000000000000000000e+00 7.488584474885844576e-03 0.000000000000000000e+00 2.114164904862579370e-03 4.665267086540704142e-03 0.000000000000000000e+00 1.791472590469365684e-04 0.000000000000000000e+00 0.000000000000000000e+00 0.000000000000000000e+00 0.000000000000000000e+00 0.000000000000000000e+00 0.000000000000000000e+00 0.000000000000000000e+00 0.000000000000000000e+00 1.549426712116516974e-04 0.000000000000000000e+00 0.000000000000000000e+00 0.000000000000000000e+00 0.000000000000000000e+00 0.000000000000000000e+00 1.134687393623056784e-04 0.000000000000000000e+00 5.002501250625312297e-04 0.000000000000000000e+00 0.000000000000000000e+00 0.000000000000000000e+00 0.000000000000000000e+00 0.000000000000000000e+00 8.417508417508417140e-04 0.000000000000000000e+00 2.619515389652914096e-04 0.000000000000000000e+00 9.199632014719411142e-04 0.000000000000000000e+00 5.624296962879640586e-04 0.000000000000000000e+00 2.624045801526717590e-03 0.000000000000000000e+00 0.000000000000000000e+00 0.000000000000000000e+00 2.632964718272774924e-04 0.000000000000000000e+00 7.998877350547292306e-03 0.000000000000000000e+00 2.037914691943127840e-02 1.148765077541642781e-04 6.489292667099286205e-03 0.000000000000000000e+00 8.077123501823865737e-03 1.309757694826457048e-04 0.000000000000000000e+00 0.000000000000000000e+00 1.046207497820400957e-03 0.000000000000000000e+00 0.000000000000000000e+00 0.000000000000000000e+00 1.405415534526374905e-03 0.000000000000000000e+00 0.000000000000000000e+00 0.000000000000000000e+00 0.000000000000000000e+00 0.000000000000000000e+00 2.691790040376850412e-04 0.000000000000000000e+00 0.000000000000000000e+00 0.000000000000000000e+00 0.000000000000000000e+00 0.000000000000000000e+00 0.000000000000000000e+00 0.000000000000000000e+00 0.000000000000000000e+00 0.000000000000000000e+00 0.000000000000000000e+00 0.000000000000000000e+00 0.000000000000000000e+00 0.000000000000000000e+00 0.000000000000000000e+00 0.000000000000000000e+00 0.000000000000000000e+00 0.000000000000000000e+00 0.000000000000000000e+00 0.000000000000000000e+00 0.000000000000000000e+00 0.000000000000000000e+00 0.000000000000000000e+00 0.000000000000000000e+00 0.000000000000000000e+00 0.000000000000000000e+00
0.000000000000000000e+00 6.939625260235946988e-04 2.775850104094378795e-03 1.943095072866065157e-02 7.633587786259541687e-03 2.789729354614851053e-01 6.939625260235946988e-04 4.441360166551006072e-02 0.000000000000000000e+00 0.000000000000000000e+00 0.000000000000000000e+00 1.369594991195460798e-03 0.000000000000000000e+00 6.083650190114068060e-03 0.000000000000000000e+00 1.425920197958552293e-01 0.000000000000000000e+00 5.265929436545549848e-04 0.000000000000000000e+00 0.000000000000000000e+00 0.000000000000000000e+00 0.000000000000000000e+00 1.700680272108843474e-03 7.276255154014067477e-04 2.424242424242424240e-03 1.620745542949756810e-03 8.521516829995738835e-04 8.449514152936206000e-04 0.000000000000000000e+00 3.051687964905588565e-03 6.107587502936340403e-03 1.166316771635176035e-03 0.000000000000000000e+00 0.000000000000000000e+00 0.000000000000000000e+00 4.812319538017324609e-04 0.000000000000000000e+00 2.366863905325443764e-04 0.000000000000000000e+00 0.000000000000000000e+00 0.000000000000000000e+00 0.000000000000000000e+00 0.000000000000000000e+00 0.000000000000000000e+00 0.000000000000000000e+00 0.000000000000000000e+00 0.000000000000000000e+00 0.000000000000000000e+00 0.000000000000000000e+00 9.089256498818396024e-05 0.000000000000000000e+00 0.000000000000000000e+00 0.000000000000000000e+00 0.000000000000000000e+00 0.000000000000000000e+00 0.000000000000000000e+00 0.000000000000000000e+00 0.000000000000000000e+00 0.000000000000000000e+00 0.000000000000000000e+00 0.000000000000000000e+00 5.035246727089627387e-04 0.000000000000000000e+00 0.000000000000000000e+00 0.000000000000000000e+00 4.131093362709996981e-04 0.000000000000000000e+00 8.768853034023149271e-05 0.000000000000000000e+00 2.659574468085106427e-04 1.403311815885489888e-04 9.694619486185166585e-03 0.000000000000000000e+00 2.309017805858702005e-02 0.000000000000000000e+00 2.677376171352074865e-03 0.000000000000000000e+00 6.155861165684348504e-03 0.000000000000000000e+00 0.000000000000000000e+00 0.000000000000000000e+00 0.000000000000000000e+00 0.000000000000000000e+00 0.000000000000000000e+00 0.000000000000000000e+00 4.503152206544580984e-04 0.000000000000000000e+00 0.000000000000000000e+00 0.000000000000000000e+00 0.000000000000000000e+00 0.000000000000000000e+00 4.016064257028112623e-04 0.000000000000000000e+00 0.000000000000000000e+00 0.000000000000000000e+00 0.000000000000000000e+00 0.000000000000000000e+00 0.000000000000000000e+00 0.000000000000000000e+00 0.000000000000000000e+00 0.000000000000000000e+00 0.000000000000000000e+00 0.000000000000000000e+00 0.000000000000000000e+00 0.000000000000000000e+00 0.000000000000000000e+00 0.000000000000000000e+00 0.000000000000000000e+00 0.000000000000000000e+00 0.000000000000000000e+00 0.000000000000000000e+00 0.000000000000000000e+00 0.000000000000000000e+00 0.000000000000000000e+00 0.000000000000000000e+00 0.000000000000000000e+00
2.070546737213403987e-01 3.527336860670194241e-04 6.102292768959435842e-02 4.232804232804233090e-03 0.000000000000000000e+00 0.000000000000000000e+00 8.677248677248677877e-02 4.232804232804233090e-03 3.880070546737213449e-03 0.000000000000000000e+00 0.000000000000000000e+00 9.782821365681862533e-04 1.162835619084411770e-01 1.520912547528517123e-04 5.000000000000000104e-03 0.000000000000000000e+00 2.948629348076479972e-02 3.510619624363700260e-04 1.564506713368359753e-02 7.729681978798586201e-04 0.000000000000000000e+00 0.000000000000000000e+00 7.421150278293135553e-03 7.276255154014067477e-04 0.000000000000000000e+00 0.000000000000000000e+00 0.000000000000000000e+00 0.000000000000000000e+00 5.369863013698630144e-02 1.907304978065992853e-04 1.409443269908386247e-03 1.399580125962211243e-03 3.688524590163934531e-03 1.791472590469365793e-03 0.000000000000000000e+00 0.000000000000000000e+00 0.000000000000000000e+00 0.000000000000000000e+00 0.000000000000000000e+00 0.000000000000000000e+00 0.000000000000000000e+00 0.000000000000000000e+00 0.000000000000000000e+00 0.000000000000000000e+00 5.317734645041212894e-04 0.000000000000000000e+00 0.000000000000000000e+00 0.000000000000000000e+00 2.269374787246113568e-04 0.000000000000000000e+00 1.000500250125062459e-03 0.000000000000000000e+00 0.000000000000000000e+00 0.000000000000000000e+00 0.000000000000000000e+00 0.000000000000000000e+00 1.296296296296296259e-02 8.300821781356354729e-05 1.440733464309102915e-03 0.000000000000000000e+00 1.214351425942962297e-02 0.000000000000000000e+00 1.012373453318335219e-02 0.000000000000000000e+00 6.202290076335877783e-03 0.000000000000000000e+00 1.432544029662088112e-03 0.000000000000000000e+00 7.898894154818325315e-04 0.000000000000000000e+00 2.034802133033960028e-02 2.423654871546291917e-04 2.488151658767772615e-03 2.297530155083285562e-04 0.000000000000000000e+00 0.000000000000000000e+00 5.211047420531526387e-04 0.000000000000000000e+00 0.000000000000000000e+00 0.000000000000000000e+00 3.312990409764603357e-03 0.000000000000000000e+00 0.000000000000000000e+00 0.000000000000000000e+00 3.935163496673849820e-03 0.000000000000000000e+00 0.000000000000000000e+00 0.000000000000000000e+00 1.827676240208877178e-03 0.000000000000000000e+00 0.000000000000000000e+00 0.000000000000000000e+00 0.000000000000000000e+00 0.000000000000000000e+00 0.000000000000000000e+00 0.000000000000000000e+00 0.000000000000000000e+00 0.000000000000000000e+00 0.000000000000000000e+00 0.000000000000000000e+00 0.000000000000000000e+00 0.000000000000000000e+00 0.000000000000000000e+00 0.000000000000000000e+00 0.000000000000000000e+00 0.000000000000000000e+00 0.000000000000000000e+00 0.000000000000000000e+00 0.000000000000000000e+00 0.000000000000000000e+00 0.000000000000000000e+00 0.000000000000000000e+00 0.000000000000000000e+00 0.000000000000000000e+00 0.000000000000000000e+00 0.000000000000000000e+00
7.826257092545489810e-04 5.771864605752299177e-02 2.739189982390921596e-03 2.993543337898649931e-02 0.000000000000000000e+00 0.000000000000000000e+00 3.521815691645470685e-03 1.837213852475053921e-01 0.000000000000000000e+00 1.369594991195460798e-03 9.782821365681862533e-04 0.000000000000000000e+00 3.863241259416650385e-04 2.307224334600760374e-01 0.000000000000000000e+00 1.113516857407980190e-02 0.000000000000000000e+00 8.127084430401966542e-02 3.736135434909515322e-03 1.181537102473498302e-02 0.000000000000000000e+00 0.000000000000000000e+00 2.473716759431045329e-03 6.548629638612660404e-03 0.000000000000000000e+00 0.000000000000000000e+00 0.000000000000000000e+00 0.000000000000000000e+00 1.826484018264840233e-04 1.037573908067900008e-01 3.523608174770965617e-03 4.665267086540704684e-04 9.562841530054644800e-04 3.403797921891795180e-03 0.000000000000000000e+00 0.000000000000000000e+00 0.000000000000000000e+00 1.183431952662721909e-03 0.000000000000000000e+00 0.000000000000000000e+00 0.000000000000000000e+00 0.000000000000000000e+00 0.000000000000000000e+00 0.000000000000000000e+00 0.000000000000000000e+00 1.818843215714805394e-04 0.000000000000000000e+00 0.000000000000000000e+00 0.000000000000000000e+00 3.635702599527358410e-04 0.000000000000000000e+00 1.050558108995403896e-03 0.000000000000000000e+00 0.000000000000000000e+00 0.000000000000000000e+00 8.888888888888889315e-04 3.367003367003367181e-04 4.731468415373122141e-03 0.000000000000000000e+00 5.403214912873159160e-04 0.000000000000000000e+00 3.524672708962739171e-03 0.000000000000000000e+00 1.061126886862950175e-02 0.000000000000000000e+00 6.058936931974662383e-03 8.426729586247577925e-05 5.261311820413890105e-04 0.000000000000000000e+00 2.659574468085106427e-04 1.122649452708391910e-03 4.144449830344158758e-02 2.369668246445497703e-04 6.088454910970706076e-03 0.000000000000000000e+00 0.000000000000000000e+00 2.605523710265763193e-04 1.440733464309102915e-03 0.000000000000000000e+00 0.000000000000000000e+00 0.000000000000000000e+00 9.007029876977152086e-03 0.000000000000000000e+00 0.000000000000000000e+00 0.000000000000000000e+00 1.020714500150105009e-02 0.000000000000000000e+00 1.236093943139678509e-03 0.000000000000000000e+00 5.909797822706065219e-03 2.691790040376850412e-04 4.016064257028112623e-04 0.000000000000000000e+00 0.000000000000000000e+00 0.000000000000000000e+00 0.000000000000000000e+00 0.000000000000000000e+00 0.000000000000000000e+00 0.000000000000000000e+00 0.000000000000000000e+00 0.000000000000000000e+00 0.000000000000000000e+00 0.000000000000000000e+00 0.000000000000000000e+00 0.000000000000000000e+00 0.000000000000000000e+00 0.000000000000000000e+00 0.000000000000000000e+00 0.000000000000000000e+00 0.000000000000000000e+00 0.000000000000000000e+00 0.000000000000000000e+00 0.000000000000000000e+00 0.000000000000000000e+00 0.000000000000000000e+00 0.000000000000000000e+00
2.163415105273324215e-02 1.931620629708325192e-04 5.466486382074560446e-02 6.953834266949970692e-03 1.738458566737492673e-03 0.000000000000000000e+00 2.574850299401197362e-01 3.670079196445818082e-03 2.182731311570407576e-02 0.000000000000000000e+00 1.162835619084411770e-01 3.863241259416650385e-04 0.000000000000000000e+00 1.673003802281368890e-03 5.708333333333333315e-02 0.000000000000000000e+00 1.151808339092375011e-02 1.755309812181850130e-04 6.888499708114418849e-03 7.729681978798586201e-04 0.000000000000000000e+00 0.000000000000000000e+00 2.581941867656153272e-02 3.395585738539898084e-03 0.000000000000000000e+00 0.000000000000000000e+00 0.000000000000000000e+00 0.000000000000000000e+00 1.294977168949771607e-01 1.907304978065992853e-04 1.409443269908386247e-03 3.032423606251457692e-03 1.092896174863387977e-03 9.853099247581510994e-04 0.000000000000000000e+00 0.000000000000000000e+00 0.000000000000000000e+00 0.000000000000000000e+00 7.558578987150415922e-04 0.000000000000000000e+00 0.000000000000000000e+00 0.000000000000000000e+00 0.000000000000000000e+00 0.000000000000000000e+00 0.000000000000000000e+00 0.000000000000000000e+00 0.000000000000000000e+00 0.000000000000000000e+00 7.942811755361397488e-04 0.000000000000000000e+00 3.251625812906453264e-03 0.000000000000000000e+00 1.020755358965634487e-03 0.000000000000000000e+00 9.511128019783146462e-04 0.000000000000000000e+00 1.228956228956228948e-02 0.000000000000000000e+00 3.405370006548788433e-03 1.350803728218289790e-04 1.931922723091076405e-02 0.000000000000000000e+00 1.377952755905511792e-02 0.000000000000000000e+00 2.671755725190839634e-02 0.000000000000000000e+00 7.584056627622819862e-04 0.000000000000000000e+00 1.053185887309109970e-03 0.000000000000000000e+00 3.985405557114790609e-02 1.211827435773145823e-03 3.116113744075829292e-02 1.148765077541642781e-04 0.000000000000000000e+00 0.000000000000000000e+00 2.735799895779051499e-02 1.309757694826457048e-04 0.000000000000000000e+00 0.000000000000000000e+00 1.168265039232781188e-02 0.000000000000000000e+00 0.000000000000000000e+00 0.000000000000000000e+00 1.602173709360067352e-02 0.000000000000000000e+00 0.000000000000000000e+00 0.000000000000000000e+00 7.049608355091383990e-03 0.000000000000000000e+00 2.691790040376850412e-04 8.032128514056225245e-04 0.000000000000000000e+00 0.000000000000000000e+00 0.000000000000000000e+00 0.000000000000000000e+00 0.000000000000000000e+00 0.000000000000000000e+00 0.000000000000000000e+00 0.000000000000000000e+00 0.000000000000000000e+00 0.000000000000000000e+00 0.000000000000000000e+00 3.930045195519748678e-04 0.000000000000000000e+00 0.000000000000000000e+00 0.000000000000000000e+00 0.000000000000000000e+00 0.000000000000000000e+00 0.000000000000000000e+00 0.000000000000000000e+00 0.000000000000000000e+00 0.000000000000000000e+00 0.000000000000000000e+00 0.000000000000000000e+00 0.000000000000000000e+00
