0.000000000000000000e+00 2.881383063870657842e-03 5.610128792839991219e-02 9.449360020616785804e-04 2.988196623337815430e-04 0.000000000000000000e+00 1.409206633179660162e-01 6.132617861249520632e-04 2.767134951042997046e-03 0.000000000000000000e+00 1.416530086630765628e-01 1.429796968830426200e-04 4.209284028324154076e-02 0.000000000000000000e+00 1.655629139072847681e-03 0.000000000000000000e+00 1.229552399784289013e-01 3.211303789338471200e-04 6.112600536193029538e-02 8.026835988978076042e-03 0.000000000000000000e+00 0.000000000000000000e+00 2.581533430857929634e-03 0.000000000000000000e+00 2.195871761089152486e-04 0.000000000000000000e+00 2.106149957877000731e-04 0.000000000000000000e+00 4.751645721125075106e-02 0.000000000000000000e+00 1.930129318664350595e-03 0.000000000000000000e+00 8.285249297233319293e-03 1.193493874102239186e-02 0.000000000000000000e+00 0.000000000000000000e+00 6.611250724917842880e-02 0.000000000000000000e+00 4.101722723543888677e-04 0.000000000000000000e+00 6.954102920723227027e-03 0.000000000000000000e+00 1.173846695621551771e-04 0.000000000000000000e+00 6.746727836999055023e-04 0.000000000000000000e+00 1.804402742692168759e-04 0.000000000000000000e+00 3.694756288190990598e-03 9.711566475672525980e-05 1.529657752833718520e-02 9.692740137636910098e-05 0.000000000000000000e+00 0.000000000000000000e+00 4.232804232804232981e-04 0.000000000000000000e+00 2.758694718763417542e-01 7.911392405063291287e-05 2.409806379718623659e-02 0.000000000000000000e+00 6.613253666485605087e-02 0.000000000000000000e+00 1.797892126472411603e-02 0.000000000000000000e+00 4.429301533219761472e-02 1.551109042965720559e-04 9.078616959629129055e-03 2.223457476375764275e-04 1.354254422914911438e-01 1.097694840834248118e-03 1.220407033088744264e-01 1.829045238385562818e-04 4.769736842105263414e-02 2.505846976277981792e-04 0.000000000000000000e+00 0.000000000000000000e+00 7.447577729573391647e-02 3.225806451612903223e-04 0.000000000000000000e+00 0.000000000000000000e+00 1.891551071878940730e-03 0.000000000000000000e+00 0.000000000000000000e+00 0.000000000000000000e+00 1.432966321243523376e-02 0.000000000000000000e+00 4.553734061930783238e-04 0.000000000000000000e+00 3.733766233766233709e-03 0.000000000000000000e+00 1.346801346801346742e-02 1.298701298701298700e-03 6.884681583476764434e-03 2.961208172934557087e-04 2.971768202080237592e-02 0.000000000000000000e+00 1.267427122940430846e-03 0.000000000000000000e+00 1.061571125265392719e-02 3.171247357293868838e-03 3.472222222222222029e-03 0.000000000000000000e+00 4.101722723543888352e-03 2.105263157894736957e-04 5.553498704183635476e-03 0.000000000000000000e+00 2.285714285714285886e-03 0.000000000000000000e+00 0.000000000000000000e+00 0.000000000000000000e+00 1.218026796589524903e-03 0.000000000000000000e+00 0.000000000000000000e+00 1.187648456057007178e-03 0.000000000000000000e+00 0.000000000000000000e+00
2.881383063870657842e-03 0.000000000000000000e+00 8.004074801717238298e-04 4.870715574263379671e-02 0.000000000000000000e+00 0.000000000000000000e+00 5.504713410858047508e-04 9.666538903794556770e-02 0.000000000000000000e+00 2.398081534772182090e-03 0.000000000000000000e+00 1.328281384043465962e-01 1.311303435615001310e-04 1.268057784911717431e-02 0.000000000000000000e+00 1.998287182415072697e-03 0.000000000000000000e+00 5.924855491329479584e-02 7.372654155495978259e-03 6.313645621181263046e-02 0.000000000000000000e+00 0.000000000000000000e+00 0.000000000000000000e+00 6.373486297004461211e-04 0.000000000000000000e+00 0.000000000000000000e+00 0.000000000000000000e+00 0.000000000000000000e+00 0.000000000000000000e+00 4.566512243547319466e-02 5.790387955993051136e-04 3.581661891117478400e-04 1.168811954431128904e-02 2.534854245880861778e-02 0.000000000000000000e+00 0.000000000000000000e+00 1.933114247052000647e-04 6.567164179104477417e-02 0.000000000000000000e+00 4.811898512685913905e-03 0.000000000000000000e+00 2.079002079002079117e-03 0.000000000000000000e+00 0.000000000000000000e+00 0.000000000000000000e+00 0.000000000000000000e+00 0.000000000000000000e+00 1.382170006910850150e-04 0.000000000000000000e+00 7.769253180538020784e-04 0.000000000000000000e+00 3.198604245420180129e-03 0.000000000000000000e+00 0.000000000000000000e+00 0.000000000000000000e+00 1.303780964797913913e-04 0.000000000000000000e+00 2.892405063291139111e-01 0.000000000000000000e+00 2.187864644107351264e-02 0.000000000000000000e+00 4.005167958656330462e-02 0.000000000000000000e+00 1.286416950435111638e-02 0.000000000000000000e+00 2.466263378315495733e-02 9.658103148541625962e-05 4.669260700389104950e-03 8.213984835720302552e-03 1.380351262349066854e-01 6.922331441229406302e-05 5.877332032678941887e-02 0.000000000000000000e+00 5.813564984964918192e-02 0.000000000000000000e+00 4.484304932735425943e-03 0.000000000000000000e+00 8.774193548387096420e-02 0.000000000000000000e+00 0.000000000000000000e+00 1.261034047919293820e-04 6.180469715698392544e-04 0.000000000000000000e+00 2.795899347623485680e-03 0.000000000000000000e+00 7.645903479236812461e-03 0.000000000000000000e+00 0.000000000000000000e+00 0.000000000000000000e+00 1.001780943900267050e-03 4.810004810004810181e-04 9.956709956709957135e-03 0.000000000000000000e+00 3.849570624814924701e-03 0.000000000000000000e+00 7.207207207207207145e-02 1.267427122940430846e-03 1.036269430051813510e-02 2.123142250530785525e-03 4.228329809725158740e-03 0.000000000000000000e+00 5.285412262156448425e-04 5.468963631391851208e-04 2.105263157894736795e-03 0.000000000000000000e+00 1.409774436090225486e-03 1.142857142857142943e-03 3.044140030441400135e-03 0.000000000000000000e+00 3.412969283276450546e-03 6.090133982947624515e-04 1.460920379839298787e-03 0.000000000000000000e+00 5.938242280285035892e-04 0.000000000000000000e+00 0.000000000000000000e+00
5.610128792839991219e-02 8.004074801717238298e-04 0.000000000000000000e+00 1.718065458293960898e-03 8.381891528462573349e-02 2.390784612040860665e-03 2.738594921901878476e-01 1.533154465312380321e-03 8.514261387824606508e-02 1.498800959232613915e-03 2.528681807539218118e-02 4.289390906491278329e-04 2.806189352216102717e-02 0.000000000000000000e+00 2.446651949963208131e-02 2.854695974878675591e-04 1.617832104979327612e-02 3.211303789338471200e-04 1.079088471849865977e-01 2.036659877800407140e-03 1.594896331738437012e-03 5.948839976204640381e-04 2.731262369847689553e-01 2.708731676226895906e-03 4.655248133509003183e-02 4.026354319180087959e-03 1.074136478517270440e-02 5.158627805003869384e-04 2.010771992818671458e-02 2.206044562100154341e-04 4.091874155568422933e-02 1.092406876790831018e-02 1.538689155200473509e-02 3.907900295732995126e-03 6.329113924050633029e-04 6.273525721455457506e-04 1.256524260583800554e-02 0.000000000000000000e+00 0.000000000000000000e+00 0.000000000000000000e+00 6.954102920723227027e-03 0.000000000000000000e+00 0.000000000000000000e+00 0.000000000000000000e+00 1.349345567399811222e-04 0.000000000000000000e+00 0.000000000000000000e+00 0.000000000000000000e+00 5.684240443370754516e-04 0.000000000000000000e+00 3.081324969736986760e-03 0.000000000000000000e+00 0.000000000000000000e+00 0.000000000000000000e+00 2.116402116402116491e-04 0.000000000000000000e+00 1.051953628166595045e-02 0.000000000000000000e+00 1.434740214514556265e-02 2.917152858809801382e-04 3.259098316132536585e-03 0.000000000000000000e+00 1.033271337053110134e-03 0.000000000000000000e+00 1.490630323679727502e-03 0.000000000000000000e+00 1.197604790419161749e-02 0.000000000000000000e+00 1.432181971356360529e-02 0.000000000000000000e+00 4.028796898795514170e-02 9.754907938056335027e-04 7.171052631578947456e-02 1.670564650851987952e-04 2.352941176470588203e-02 0.000000000000000000e+00 9.356471438900940130e-02 3.225806451612903223e-04 0.000000000000000000e+00 0.000000000000000000e+00 5.044136191677175279e-04 0.000000000000000000e+00 0.000000000000000000e+00 0.000000000000000000e+00 1.133419689119170891e-03 0.000000000000000000e+00 4.553734061930783238e-04 0.000000000000000000e+00 6.493506493506493501e-04 0.000000000000000000e+00 7.215007215007215001e-03 2.164502164502164500e-03 3.442340791738382217e-03 0.000000000000000000e+00 2.080237741456166314e-02 0.000000000000000000e+00 6.337135614702154229e-04 0.000000000000000000e+00 1.061571125265392762e-03 1.057082452431289685e-03 3.472222222222222029e-03 0.000000000000000000e+00 2.461033634126333098e-03 6.315789473684210601e-04 2.961865975564605818e-03 4.699248120300751619e-04 1.142857142857142943e-03 0.000000000000000000e+00 0.000000000000000000e+00 0.000000000000000000e+00 0.000000000000000000e+00 0.000000000000000000e+00 0.000000000000000000e+00 1.781472684085510768e-03 0.000000000000000000e+00 0.000000000000000000e+00
9.449360020616785804e-04 4.870715574263379671e-02 1.718065458293960898e-03 0.000000000000000000e+00 1.045868818168235563e-03 1.151923494892414662e-01 1.444987270350237430e-03 2.315063242621694106e-01 8.514261387824606378e-04 5.515587529976018893e-02 0.000000000000000000e+00 1.629968544466685668e-02 1.311303435615001310e-04 2.054574638844301748e-02 5.518763796909492269e-04 3.282900371110476778e-02 0.000000000000000000e+00 8.509955041746949250e-03 2.949061662198391390e-03 1.490355816461003957e-01 0.000000000000000000e+00 0.000000000000000000e+00 4.130453489372687415e-03 3.252071383046526432e-01 6.587615283267457458e-04 3.513909224011713128e-02 0.000000000000000000e+00 0.000000000000000000e+00 0.000000000000000000e+00 4.213545113611295162e-02 1.022968538892105733e-02 3.904011461318051407e-02 3.402870247077970176e-03 2.291930713983945933e-02 0.000000000000000000e+00 1.254705144291091501e-03 0.000000000000000000e+00 1.119402985074626801e-02 0.000000000000000000e+00 5.249343832020997302e-03 0.000000000000000000e+00 1.455301455301455382e-02 0.000000000000000000e+00 0.000000000000000000e+00 0.000000000000000000e+00 3.253443227415681515e-04 0.000000000000000000e+00 1.382170006910850150e-04 1.421060110842688629e-04 3.884626590269010392e-04 0.000000000000000000e+00 9.692740137636910369e-04 0.000000000000000000e+00 0.000000000000000000e+00 0.000000000000000000e+00 0.000000000000000000e+00 1.073422069557750168e-04 1.162974683544303750e-02 2.785903329154478143e-04 1.079346557759626631e-02 0.000000000000000000e+00 2.325581395348837177e-03 0.000000000000000000e+00 1.891789632992811328e-04 0.000000000000000000e+00 4.498216224600589189e-03 0.000000000000000000e+00 1.122846025569760979e-02 6.318449873631002463e-04 1.070252469813391845e-02 1.384466288245881152e-03 3.462992318009999043e-02 0.000000000000000000e+00 6.765786835950551859e-02 0.000000000000000000e+00 8.968609865470851886e-03 1.446131597975415788e-04 6.021505376344086363e-02 0.000000000000000000e+00 0.000000000000000000e+00 0.000000000000000000e+00 1.545117428924598136e-04 0.000000000000000000e+00 1.863932898415656975e-03 0.000000000000000000e+00 4.910213243546577297e-04 0.000000000000000000e+00 0.000000000000000000e+00 0.000000000000000000e+00 1.113089937666963464e-04 4.810004810004810181e-04 3.030303030303030300e-03 0.000000000000000000e+00 1.480604086467278598e-03 1.485884101040118796e-03 1.576576576576576433e-02 0.000000000000000000e+00 2.590673575129533775e-03 2.123142250530785525e-03 1.057082452431289685e-03 0.000000000000000000e+00 0.000000000000000000e+00 5.468963631391851208e-04 1.263157894736842120e-03 0.000000000000000000e+00 0.000000000000000000e+00 0.000000000000000000e+00 0.000000000000000000e+00 0.000000000000000000e+00 0.000000000000000000e+00 6.090133982947624515e-04 7.304601899196493933e-04 0.000000000000000000e+00 0.000000000000000000e+00 6.406149903907751037e-04 0.000000000000000000e+00
2.988196623337815430e-04 0.000000000000000000e+00 8.381891528462573349e-02 1.045868818168235563e-03 0.000000000000000000e+00 1.738752445120625998e-03 2.759237597192596217e-02 3.066308930624760316e-04 2.837377607492549969e-01 2.398081534772182090e-03 7.024116132053382939e-04 0.000000000000000000e+00 4.589562024652505019e-03 0.000000000000000000e+00 1.758646063281824878e-01 0.000000000000000000e+00 0.000000000000000000e+00 0.000000000000000000e+00 4.021447721179624525e-04 1.198035222235533732e-04 3.907496012759170689e-02 5.948839976204640381e-04 8.734188107735994799e-02 9.560229445506691816e-04 1.510759771629336945e-01 4.392386530014641410e-03 7.371524852569502628e-02 5.158627805003869384e-04 4.907241172950329092e-03 0.000000000000000000e+00 2.412661648330438266e-02 3.223495702005730722e-03 2.959017606154756581e-04 0.000000000000000000e+00 0.000000000000000000e+00 0.000000000000000000e+00 0.000000000000000000e+00 0.000000000000000000e+00 0.000000000000000000e+00 0.000000000000000000e+00 0.000000000000000000e+00 0.000000000000000000e+00 2.347693391243103542e-04 0.000000000000000000e+00 0.000000000000000000e+00 0.000000000000000000e+00 3.608805485384337518e-04 0.000000000000000000e+00 1.421060110842688629e-04 0.000000000000000000e+00 4.401892813909981318e-04 0.000000000000000000e+00 0.000000000000000000e+00 0.000000000000000000e+00 0.000000000000000000e+00 0.000000000000000000e+00 2.146844139115500335e-04 0.000000000000000000e+00 0.000000000000000000e+00 0.000000000000000000e+00 4.073872895165670731e-04 0.000000000000000000e+00 8.266170696424881507e-04 0.000000000000000000e+00 2.129471890971039211e-04 0.000000000000000000e+00 9.658103148541625962e-05 0.000000000000000000e+00 8.424599831508002923e-04 0.000000000000000000e+00 3.786515298352485098e-02 1.219363492257041878e-04 4.671052631578947317e-02 0.000000000000000000e+00 0.000000000000000000e+00 0.000000000000000000e+00 4.627621113521330522e-03 0.000000000000000000e+00 0.000000000000000000e+00 0.000000000000000000e+00 3.783102143757881460e-04 0.000000000000000000e+00 1.877934272300469439e-03 0.000000000000000000e+00 1.133419689119170891e-03 0.000000000000000000e+00 9.107468123861566477e-04 0.000000000000000000e+00 1.298701298701298700e-03 0.000000000000000000e+00 0.000000000000000000e+00 0.000000000000000000e+00 0.000000000000000000e+00 0.000000000000000000e+00 1.485884101040118796e-03 0.000000000000000000e+00 0.000000000000000000e+00 0.000000000000000000e+00 0.000000000000000000e+00 0.000000000000000000e+00 0.000000000000000000e+00 0.000000000000000000e+00 0.000000000000000000e+00 0.000000000000000000e+00 3.702332469455757273e-04 0.000000000000000000e+00 0.000000000000000000e+00 0.000000000000000000e+00 0.000000000000000000e+00 0.000000000000000000e+00 0.000000000000000000e+00 0.000000000000000000e+00 0.000000000000000000e+00 0.000000000000000000e+00 0.000000000000000000e+00 0.000000000000000000e+00
0.000000000000000000e+00 0.000000000000000000e+00 2.390784612040860665e-03 1.151923494892414662e-01 1.738752445120625998e-03 0.000000000000000000e+00 3.440445881786279286e-04 3.602912993484093385e-03 4.257130693912303189e-04 2.290167865707433970e-01 0.000000000000000000e+00 7.148984844152130730e-04 0.000000000000000000e+00 2.247191011235955254e-03 7.358351729212656359e-04 3.083071652868969378e-02 0.000000000000000000e+00 0.000000000000000000e+00 0.000000000000000000e+00 7.188211333413202118e-04 0.000000000000000000e+00 1.249256395002974404e-02 2.323380087772136671e-03 7.839388145315487333e-02 1.976284584980237020e-03 3.008784773060029227e-01 6.318449873631002463e-04 1.005932421975754415e-01 0.000000000000000000e+00 4.081182439885285354e-03 5.597375024126616423e-03 1.128223495702005731e-02 0.000000000000000000e+00 5.280946345585128343e-04 0.000000000000000000e+00 0.000000000000000000e+00 0.000000000000000000e+00 0.000000000000000000e+00 0.000000000000000000e+00 0.000000000000000000e+00 0.000000000000000000e+00 0.000000000000000000e+00 0.000000000000000000e+00 0.000000000000000000e+00 0.000000000000000000e+00 0.000000000000000000e+00 0.000000000000000000e+00 0.000000000000000000e+00 0.000000000000000000e+00 0.000000000000000000e+00 0.000000000000000000e+00 9.692740137636910098e-05 0.000000000000000000e+00 0.000000000000000000e+00 0.000000000000000000e+00 1.303780964797913913e-04 0.000000000000000000e+00 7.911392405063291287e-05 0.000000000000000000e+00 0.000000000000000000e+00 0.000000000000000000e+00 2.583979328165374460e-04 0.000000000000000000e+00 0.000000000000000000e+00 0.000000000000000000e+00 3.102218085931441119e-04 0.000000000000000000e+00 1.111728738187882137e-04 0.000000000000000000e+00 2.744237102085620296e-04 2.007476117956527584e-03 3.591025484696987874e-02 0.000000000000000000e+00 4.602405613097226844e-02 0.000000000000000000e+00 8.968609865470851886e-03 0.000000000000000000e+00 8.602150537634408595e-04 0.000000000000000000e+00 0.000000000000000000e+00 0.000000000000000000e+00 3.090234857849196272e-04 0.000000000000000000e+00 0.000000000000000000e+00 0.000000000000000000e+00 2.104377104377104285e-04 0.000000000000000000e+00 1.214574898785425157e-03 0.000000000000000000e+00 3.339269813000890529e-04 4.810004810004810181e-04 0.000000000000000000e+00 0.000000000000000000e+00 0.000000000000000000e+00 0.000000000000000000e+00 0.000000000000000000e+00 0.000000000000000000e+00 0.000000000000000000e+00 0.000000000000000000e+00 0.000000000000000000e+00 0.000000000000000000e+00 0.000000000000000000e+00 0.000000000000000000e+00 0.000000000000000000e+00 0.000000000000000000e+00 0.000000000000000000e+00 0.000000000000000000e+00 0.000000000000000000e+00 0.000000000000000000e+00 0.000000000000000000e+00 0.000000000000000000e+00 0.000000000000000000e+00 0.000000000000000000e+00 0.000000000000000000e+00 0.000000000000000000e+00 0.000000000000000000e+00
1.409206633179660162e-01 5.504713410858047508e-04 2.738594921901878476e-01 1.444987270350237430e-03 2.759237597192596217e-02 3.440445881786279286e-04 0.000000000000000000e+00 1.763127635109237304e-03 1.179225202213707996e-01 1.498800959232613915e-03 9.974244907515804337e-02 1.429796968830426200e-04 2.656700760555992802e-01 0.000000000000000000e+00 2.722590139808682766e-02 0.000000000000000000e+00 9.347474384325003827e-03 0.000000000000000000e+00 1.206434316353887336e-02 2.276266922247513914e-03 7.974481658692185058e-04 0.000000000000000000e+00 1.798468290164357761e-02 2.230720203951561641e-03 3.513394817742643977e-03 1.098096632503660353e-03 3.580454928390901324e-03 0.000000000000000000e+00 2.920406941950927718e-02 3.309066843150231647e-04 1.524802161744836897e-02 9.670487106017191734e-03 5.178280810770824125e-03 2.851711026615969674e-03 0.000000000000000000e+00 6.273525721455457506e-04 6.765899864682002780e-03 0.000000000000000000e+00 0.000000000000000000e+00 0.000000000000000000e+00 2.781641168289290551e-03 0.000000000000000000e+00 1.173846695621551771e-04 0.000000000000000000e+00 8.096073404398866245e-04 0.000000000000000000e+00 5.413208228076506548e-04 0.000000000000000000e+00 4.547392354696603613e-03 0.000000000000000000e+00 1.199515791790469951e-02 0.000000000000000000e+00 0.000000000000000000e+00 0.000000000000000000e+00 4.232804232804232981e-04 0.000000000000000000e+00 1.137827393731215102e-02 0.000000000000000000e+00 8.218414821005711607e-03 2.917152858809801382e-04 2.036936447582835333e-02 2.583979328165374460e-04 6.406282289729283222e-03 0.000000000000000000e+00 1.873935264054514549e-02 0.000000000000000000e+00 3.380336101989569412e-03 0.000000000000000000e+00 6.739679865206402339e-03 0.000000000000000000e+00 1.297244912086390756e-01 1.158395317644189812e-03 6.633771929824561209e-02 2.505846976277981792e-04 8.235294117647058709e-02 0.000000000000000000e+00 8.503253796095444628e-02 1.075268817204301074e-04 1.366120218579234971e-03 0.000000000000000000e+00 2.522068095838587640e-03 0.000000000000000000e+00 0.000000000000000000e+00 0.000000000000000000e+00 1.222474093264248711e-02 0.000000000000000000e+00 4.553734061930783238e-04 0.000000000000000000e+00 4.058441558441558059e-03 0.000000000000000000e+00 1.924001924001924073e-03 0.000000000000000000e+00 1.147446930579460594e-03 2.961208172934557087e-04 8.915304606240712776e-03 0.000000000000000000e+00 6.337135614702154229e-04 2.590673575129533775e-03 1.061571125265392762e-03 0.000000000000000000e+00 0.000000000000000000e+00 0.000000000000000000e+00 1.640689089417555471e-03 6.315789473684210601e-04 3.702332469455757273e-04 0.000000000000000000e+00 0.000000000000000000e+00 0.000000000000000000e+00 0.000000000000000000e+00 0.000000000000000000e+00 0.000000000000000000e+00 7.304601899196493933e-04 0.000000000000000000e+00 0.000000000000000000e+00 0.000000000000000000e+00 0.000000000000000000e+00
6.132617861249520632e-04 9.666538903794556770e-02 1.533154465312380321e-03 2.315063242621694106e-01 3.066308930624760316e-04 3.602912993484093385e-03 1.763127635109237304e-03 0.000000000000000000e+00 2.128565346956151595e-04 5.575539568345323771e-02 0.000000000000000000e+00 2.230483271375464649e-01 3.933910306845003930e-04 2.447833065810594011e-01 0.000000000000000000e+00 1.427347987439337752e-02 0.000000000000000000e+00 1.027617212588310784e-02 2.278820375335120600e-03 3.618066371151312105e-02 0.000000000000000000e+00 0.000000000000000000e+00 3.872300146286894451e-03 2.756532823454429723e-02 4.391743522178304972e-04 4.758418740849194861e-03 0.000000000000000000e+00 5.158627805003869384e-04 0.000000000000000000e+00 5.029781601588351886e-02 1.022968538892105733e-02 1.450573065902578847e-02 2.663115845539281139e-03 1.003379805661174483e-02 0.000000000000000000e+00 6.273525721455457506e-04 0.000000000000000000e+00 5.783582089552238674e-03 0.000000000000000000e+00 2.187226596675415687e-03 0.000000000000000000e+00 1.039501039501039559e-02 0.000000000000000000e+00 9.335324869305452480e-05 0.000000000000000000e+00 2.168962151610454524e-04 0.000000000000000000e+00 0.000000000000000000e+00 0.000000000000000000e+00 8.740409828105273789e-04 0.000000000000000000e+00 1.163128816516429158e-03 0.000000000000000000e+00 0.000000000000000000e+00 0.000000000000000000e+00 6.518904823989569563e-04 1.073422069557750168e-04 1.155063291139240590e-02 1.392951664577239072e-04 1.196032672112018642e-02 0.000000000000000000e+00 2.661498708010335765e-02 0.000000000000000000e+00 5.675368898978433441e-03 0.000000000000000000e+00 1.845819761129207509e-02 9.658103148541625962e-05 4.891606448026681458e-03 0.000000000000000000e+00 3.018660812294182271e-03 9.691264017721168281e-04 1.282770393854407998e-01 3.289473684210526242e-04 4.335115268960908902e-02 0.000000000000000000e+00 0.000000000000000000e+00 1.446131597975415788e-04 6.817204301075269202e-02 0.000000000000000000e+00 0.000000000000000000e+00 0.000000000000000000e+00 2.317676143386897258e-03 0.000000000000000000e+00 9.319664492078284877e-04 0.000000000000000000e+00 5.822109988776655830e-03 0.000000000000000000e+00 0.000000000000000000e+00 0.000000000000000000e+00 1.335707925200356212e-03 4.810004810004810181e-04 8.658008658008658001e-04 5.737234652897302972e-04 2.961208172934557087e-04 4.457652303120356388e-03 4.504504504504504465e-03 6.337135614702154229e-04 5.181347150259067551e-03 1.061571125265392762e-03 1.057082452431289685e-03 0.000000000000000000e+00 0.000000000000000000e+00 2.734481815695925604e-04 6.315789473684210601e-04 3.702332469455757273e-04 0.000000000000000000e+00 0.000000000000000000e+00 0.000000000000000000e+00 0.000000000000000000e+00 0.000000000000000000e+00 0.000000000000000000e+00 0.000000000000000000e+00 0.000000000000000000e+00 0.000000000000000000e+00 0.000000000000000000e+00 0.000000000000000000e+00
2.767134951042997046e-03 0.000000000000000000e+00 8.514261387824606508e-02 8.514261387824606378e-04 2.837377607492549969e-01 4.257130693912303189e-04 1.179225202213707996e-01 2.128565346956151595e-04 0.000000000000000000e+00 0.000000000000000000e+00 3.277920861624912183e-03 0.000000000000000000e+00 4.576448990296354269e-02 0.000000000000000000e+00 2.538631346578366643e-01 0.000000000000000000e+00 7.190364911019233880e-04 0.000000000000000000e+00 4.021447721179624525e-04 0.000000000000000000e+00 2.392344497607655409e-03 0.000000000000000000e+00 1.204715601067033902e-03 4.780114722753345908e-04 1.537110232762406740e-03 2.196193265007320705e-03 1.684919966301600541e-02 2.579313902501934692e-04 5.745062836624775966e-03 0.000000000000000000e+00 5.404362092260181494e-03 1.611747851002865361e-03 0.000000000000000000e+00 0.000000000000000000e+00 0.000000000000000000e+00 0.000000000000000000e+00 7.732456988208002589e-04 0.000000000000000000e+00 0.000000000000000000e+00 0.000000000000000000e+00 0.000000000000000000e+00 0.000000000000000000e+00 1.173846695621551771e-04 0.000000000000000000e+00 1.349345567399811222e-04 0.000000000000000000e+00 0.000000000000000000e+00 0.000000000000000000e+00 0.000000000000000000e+00 0.000000000000000000e+00 6.602839220864972249e-04 0.000000000000000000e+00 0.000000000000000000e+00 0.000000000000000000e+00 0.000000000000000000e+00 0.000000000000000000e+00 2.146844139115500335e-04 0.000000000000000000e+00 1.392951664577239072e-04 0.000000000000000000e+00 5.431830526887560613e-04 0.000000000000000000e+00 0.000000000000000000e+00 0.000000000000000000e+00 6.388415672913117091e-04 0.000000000000000000e+00 9.658103148541625962e-05 0.000000000000000000e+00 8.424599831508002923e-04 0.000000000000000000e+00 9.691264017721168064e-03 6.096817461285209392e-05 2.335526315789473659e-02 0.000000000000000000e+00 0.000000000000000000e+00 0.000000000000000000e+00 4.772234273318872073e-03 0.000000000000000000e+00 0.000000000000000000e+00 0.000000000000000000e+00 8.827238335435056739e-04 0.000000000000000000e+00 9.389671361502347196e-04 0.000000000000000000e+00 8.905440414507772217e-04 0.000000000000000000e+00 4.553734061930783238e-04 0.000000000000000000e+00 1.136363636363636308e-03 0.000000000000000000e+00 0.000000000000000000e+00 0.000000000000000000e+00 0.000000000000000000e+00 0.000000000000000000e+00 0.000000000000000000e+00 0.000000000000000000e+00 6.337135614702154229e-04 0.000000000000000000e+00 0.000000000000000000e+00 0.000000000000000000e+00 0.000000000000000000e+00 0.000000000000000000e+00 0.000000000000000000e+00 0.000000000000000000e+00 0.000000000000000000e+00 0.000000000000000000e+00 0.000000000000000000e+00 0.000000000000000000e+00 0.000000000000000000e+00 0.000000000000000000e+00 0.000000000000000000e+00 0.000000000000000000e+00 0.000000000000000000e+00 0.000000000000000000e+00 0.000000000000000000e+00 0.000000000000000000e+00
0.000000000000000000e+00 2.398081534772182090e-03 1.498800959232613915e-03 5.515587529976018893e-02 2.398081534772182090e-03 2.290167865707433970e-01 1.498800959232613915e-03 5.575539568345323771e-02 0.000000000000000000e+00 0.000000000000000000e+00 0.000000000000000000e+00 1.286817271947383445e-03 0.000000000000000000e+00 1.252006420545746443e-02 0.000000000000000000e+00 2.061090493862403616e-01 0.000000000000000000e+00 4.816955684007707072e-04 0.000000000000000000e+00 8.386246555648735985e-04 0.000000000000000000e+00 0.000000000000000000e+00 1.893124515962481659e-03 3.505417463352453883e-03 1.537110232762406740e-03 1.098096632503660353e-03 2.106149957877000731e-04 6.860974980655146216e-02 0.000000000000000000e+00 2.625193028899183711e-02 1.351090523065045373e-03 7.163323782234957450e-03 0.000000000000000000e+00 0.000000000000000000e+00 0.000000000000000000e+00 0.000000000000000000e+00 0.000000000000000000e+00 7.462686567164179179e-04 0.000000000000000000e+00 0.000000000000000000e+00 0.000000000000000000e+00 0.000000000000000000e+00 0.000000000000000000e+00 0.000000000000000000e+00 0.000000000000000000e+00 0.000000000000000000e+00 0.000000000000000000e+00 0.000000000000000000e+00 0.000000000000000000e+00 0.000000000000000000e+00 0.000000000000000000e+00 0.000000000000000000e+00 0.000000000000000000e+00 0.000000000000000000e+00 0.000000000000000000e+00 1.303780964797913913e-04 0.000000000000000000e+00 5.537974683544304036e-04 0.000000000000000000e+00 0.000000000000000000e+00 0.000000000000000000e+00 2.583979328165374460e-04 0.000000000000000000e+00 3.783579265985622655e-04 0.000000000000000000e+00 9.306654257794323357e-04 0.000000000000000000e+00 0.000000000000000000e+00 0.000000000000000000e+00 2.744237102085620296e-04 6.922331441229405760e-04 2.109498841604682401e-02 0.000000000000000000e+00 2.606080855329101151e-02 0.000000000000000000e+00 1.345291479820627870e-02 1.446131597975415788e-04 4.623655913978494403e-03 0.000000000000000000e+00 0.000000000000000000e+00 0.000000000000000000e+00 4.635352286773794950e-04 0.000000000000000000e+00 0.000000000000000000e+00 0.000000000000000000e+00 4.208754208754208570e-04 0.000000000000000000e+00 0.000000000000000000e+00 0.000000000000000000e+00 1.113089937666963464e-04 4.810004810004810181e-04 0.000000000000000000e+00 0.000000000000000000e+00 0.000000000000000000e+00 0.000000000000000000e+00 2.252252252252252233e-03 0.000000000000000000e+00 0.000000000000000000e+00 1.061571125265392762e-03 0.000000000000000000e+00 0.000000000000000000e+00 0.000000000000000000e+00 0.000000000000000000e+00 0.000000000000000000e+00 0.000000000000000000e+00 0.000000000000000000e+00 0.000000000000000000e+00 1.522070015220700068e-03 0.000000000000000000e+00 0.000000000000000000e+00 0.000000000000000000e+00 0.000000000000000000e+00 0.000000000000000000e+00 0.000000000000000000e+00 0.000000000000000000e+00 0.000000000000000000e+00
1.416530086630765628e-01 0.000000000000000000e+00 2.528681807539218118e-02 0.000000000000000000e+00 7.024116132053382939e-04 0.000000000000000000e+00 9.974244907515804337e-02 0.000000000000000000e+00 3.277920861624912183e-03 0.000000000000000000e+00 0.000000000000000000e+00 0.000000000000000000e+00 1.357199055861526282e-01 0.000000000000000000e+00 4.415011037527593815e-03 0.000000000000000000e+00 9.257594822937263712e-02 0.000000000000000000e+00 6.434316353887399240e-03 1.198035222235533732e-04 0.000000000000000000e+00 0.000000000000000000e+00 6.109629119697100423e-03 0.000000000000000000e+00 0.000000000000000000e+00 0.000000000000000000e+00 2.106149957877000731e-04 0.000000000000000000e+00 6.175942549371633838e-02 0.000000000000000000e+00 0.000000000000000000e+00 1.790830945558739200e-04 8.877052818464269742e-04 1.056189269117025750e-04 0.000000000000000000e+00 0.000000000000000000e+00 7.732456988208002589e-04 0.000000000000000000e+00 0.000000000000000000e+00 0.000000000000000000e+00 0.000000000000000000e+00 0.000000000000000000e+00 0.000000000000000000e+00 0.000000000000000000e+00 0.000000000000000000e+00 0.000000000000000000e+00 0.000000000000000000e+00 0.000000000000000000e+00 4.263180332528066158e-04 0.000000000000000000e+00 1.100473203477495302e-03 0.000000000000000000e+00 0.000000000000000000e+00 0.000000000000000000e+00 2.116402116402116491e-04 0.000000000000000000e+00 7.728638900815800773e-03 0.000000000000000000e+00 8.357709987463435514e-04 1.458576429404900691e-04 1.330798479087452399e-02 0.000000000000000000e+00 3.306468278569952603e-03 0.000000000000000000e+00 9.369676320272572745e-03 0.000000000000000000e+00 3.863241259416650385e-04 0.000000000000000000e+00 1.684919966301600585e-03 0.000000000000000000e+00 3.163505468641838320e-02 6.096817461285209392e-05 7.675438596491227644e-03 0.000000000000000000e+00 5.882352941176470507e-03 0.000000000000000000e+00 2.313810556760665261e-03 0.000000000000000000e+00 0.000000000000000000e+00 0.000000000000000000e+00 3.026481715006305168e-03 0.000000000000000000e+00 0.000000000000000000e+00 0.000000000000000000e+00 4.371761658031088002e-03 0.000000000000000000e+00 0.000000000000000000e+00 0.000000000000000000e+00 6.493506493506493501e-04 0.000000000000000000e+00 0.000000000000000000e+00 0.000000000000000000e+00 0.000000000000000000e+00 0.000000000000000000e+00 0.000000000000000000e+00 0.000000000000000000e+00 0.000000000000000000e+00 0.000000000000000000e+00 1.061571125265392762e-03 0.000000000000000000e+00 0.000000000000000000e+00 0.000000000000000000e+00 0.000000000000000000e+00 0.000000000000000000e+00 0.000000000000000000e+00 0.000000000000000000e+00 0.000000000000000000e+00 0.000000000000000000e+00 0.000000000000000000e+00 0.000000000000000000e+00 0.000000000000000000e+00 0.000000000000000000e+00 0.000000000000000000e+00 5.938242280285035892e-04 0.000000000000000000e+00 0.000000000000000000e+00
1.429796968830426200e-04 1.328281384043465962e-01 4.289390906491278329e-04 1.629968544466685668e-02 0.000000000000000000e+00 7.148984844152130730e-04 1.429796968830426200e-04 2.230483271375464649e-01 0.000000000000000000e+00 1.286817271947383445e-03 0.000000000000000000e+00 0.000000000000000000e+00 0.000000000000000000e+00 1.571428571428571397e-01 0.000000000000000000e+00 5.994861547245218525e-03 0.000000000000000000e+00 1.241168914579319216e-01 1.340482573726541689e-04 1.964777764466275195e-02 0.000000000000000000e+00 0.000000000000000000e+00 0.000000000000000000e+00 1.912045889101338363e-03 0.000000000000000000e+00 0.000000000000000000e+00 0.000000000000000000e+00 0.000000000000000000e+00 0.000000000000000000e+00 5.493050959629384306e-02 1.737116386797915449e-03 3.581661891117478400e-04 2.959017606154756581e-04 7.076468103084072349e-03 0.000000000000000000e+00 0.000000000000000000e+00 0.000000000000000000e+00 2.611940298507462767e-03 0.000000000000000000e+00 0.000000000000000000e+00 0.000000000000000000e+00 2.079002079002079117e-03 0.000000000000000000e+00 0.000000000000000000e+00 0.000000000000000000e+00 1.084481075805227262e-04 0.000000000000000000e+00 0.000000000000000000e+00 0.000000000000000000e+00 5.826939885403515859e-04 0.000000000000000000e+00 2.423185034409227646e-03 0.000000000000000000e+00 1.751927119831814901e-04 0.000000000000000000e+00 9.126466753585397388e-04 1.073422069557750168e-04 1.637658227848101319e-02 0.000000000000000000e+00 3.792298716452742122e-03 0.000000000000000000e+00 1.627906976744186024e-02 0.000000000000000000e+00 1.551267499054105256e-02 0.000000000000000000e+00 2.202574841011322934e-02 0.000000000000000000e+00 7.782101167315175639e-04 0.000000000000000000e+00 1.372118551042810202e-03 0.000000000000000000e+00 4.249481770515790846e-02 0.000000000000000000e+00 1.060808553291012375e-02 0.000000000000000000e+00 0.000000000000000000e+00 0.000000000000000000e+00 1.795698924731182686e-02 0.000000000000000000e+00 0.000000000000000000e+00 0.000000000000000000e+00 5.253399258343634422e-03 0.000000000000000000e+00 6.057781919850885495e-03 0.000000000000000000e+00 1.276655443322109902e-02 0.000000000000000000e+00 8.097165991902833659e-04 0.000000000000000000e+00 3.227960819234194142e-03 4.810004810004810181e-04 4.329004329004329001e-04 0.000000000000000000e+00 0.000000000000000000e+00 1.485884101040118796e-03 0.000000000000000000e+00 0.000000000000000000e+00 0.000000000000000000e+00 0.000000000000000000e+00 0.000000000000000000e+00 0.000000000000000000e+00 0.000000000000000000e+00 0.000000000000000000e+00 0.000000000000000000e+00 0.000000000000000000e+00 0.000000000000000000e+00 0.000000000000000000e+00 1.522070015220700068e-03 1.111111111111111049e-01 0.000000000000000000e+00 0.000000000000000000e+00 0.000000000000000000e+00 0.000000000000000000e+00 0.000000000000000000e+00 0.000000000000000000e+00 0.000000000000000000e+00
4.209284028324154076e-02 1.311303435615001310e-04 2.806189352216102717e-02 1.311303435615001310e-04 4.589562024652505019e-03 0.000000000000000000e+00 2.656700760555992802e-01 3.933910306845003930e-04 4.576448990296354269e-02 0.000000000000000000e+00 1.357199055861526282e-01 0.000000000000000000e+00 0.000000000000000000e+00 0.000000000000000000e+00 1.534216335540838916e-01 2.854695974878675591e-04 8.268919647672118636e-03 0.000000000000000000e+00 2.949061662198391390e-03 0.000000000000000000e+00 0.000000000000000000e+00 0.000000000000000000e+00 1.574735392823337077e-02 7.966857871255576514e-04 2.195871761089152486e-04 3.660322108345534509e-04 2.106149957877000731e-04 0.000000000000000000e+00 1.168162776780371087e-01 0.000000000000000000e+00 3.088206909862960606e-03 1.611747851002865361e-03 1.035656162154164912e-03 3.168567807351077114e-04 0.000000000000000000e+00 0.000000000000000000e+00 3.866228494104001294e-04 0.000000000000000000e+00 0.000000000000000000e+00 0.000000000000000000e+00 1.390820584144645275e-03 0.000000000000000000e+00 0.000000000000000000e+00 0.000000000000000000e+00 1.349345567399811222e-04 0.000000000000000000e+00 0.000000000000000000e+00 0.000000000000000000e+00 1.421060110842688629e-04 0.000000000000000000e+00 1.760757125563992527e-03 0.000000000000000000e+00 0.000000000000000000e+00 0.000000000000000000e+00 0.000000000000000000e+00 0.000000000000000000e+00 4.293688278231000237e-03 0.000000000000000000e+00 9.750661652040674586e-04 0.000000000000000000e+00 8.011950027159151985e-03 0.000000000000000000e+00 5.166356685265550454e-03 0.000000000000000000e+00 1.639693356047700057e-02 0.000000000000000000e+00 4.829051574270812981e-04 0.000000000000000000e+00 2.316764953664700831e-03 0.000000000000000000e+00 4.984078637685172147e-02 1.219363492257041878e-04 3.475877192982455843e-02 0.000000000000000000e+00 4.117647058823529355e-02 0.000000000000000000e+00 1.793203181489515588e-02 0.000000000000000000e+00 1.366120218579234971e-03 0.000000000000000000e+00 2.395964691046658258e-03 0.000000000000000000e+00 0.000000000000000000e+00 0.000000000000000000e+00 7.124352331606217774e-03 0.000000000000000000e+00 9.107468123861566477e-04 0.000000000000000000e+00 9.740259740259740251e-04 0.000000000000000000e+00 0.000000000000000000e+00 0.000000000000000000e+00 5.737234652897302972e-04 0.000000000000000000e+00 4.457652303120356388e-03 2.252252252252252233e-03 0.000000000000000000e+00 0.000000000000000000e+00 0.000000000000000000e+00 0.000000000000000000e+00 0.000000000000000000e+00 0.000000000000000000e+00 0.000000000000000000e+00 0.000000000000000000e+00 0.000000000000000000e+00 0.000000000000000000e+00 0.000000000000000000e+00 0.000000000000000000e+00 0.000000000000000000e+00 0.000000000000000000e+00 0.000000000000000000e+00 0.000000000000000000e+00 0.000000000000000000e+00 0.000000000000000000e+00 0.000000000000000000e+00 0.000000000000000000e+00
