3.095276804968403739e-01 4.885434514131482553e-01 3.844877396528039171e-01 5.074857786930165870e-01 3.155927907121481302e-01 0.000000000000000000e+00 3.563321652920994898e-01 4.776459403716900587e-01 3.748007512820512588e-01 0.000000000000000000e+00 3.319460385629411925e-01 4.769535097404788426e-01 3.871433306366480753e-01 0.000000000000000000e+00 3.795592344858155776e-01 0.000000000000000000e+00 3.104373156436647796e-01 4.780366619050454013e-01 4.111893922150639535e-01 5.019457831371018086e-01 0.000000000000000000e+00 0.000000000000000000e+00 4.291299267638274961e-01 0.000000000000000000e+00 0.000000000000000000e+00 0.000000000000000000e+00 0.000000000000000000e+00 0.000000000000000000e+00 3.946215146016314179e-01 4.922259705408937869e-01 0.000000000000000000e+00 0.000000000000000000e+00 4.302147767053483562e-01 4.923871503696312657e-01 0.000000000000000000e+00 0.000000000000000000e+00 5.040057944068665474e-01 5.223484672897196202e-01 5.279549565699467317e-01 3.530520209790208863e-01 0.000000000000000000e+00 0.000000000000000000e+00 0.000000000000000000e+00 0.000000000000000000e+00 4.199989930197518540e-01 0.000000000000000000e+00 0.000000000000000000e+00 0.000000000000000000e+00 4.019696867086193781e-01 0.000000000000000000e+00 4.040752865988749831e-01 4.503241929824561840e-01 4.127757142857142458e-01 0.000000000000000000e+00 0.000000000000000000e+00 0.000000000000000000e+00 3.684082601735433338e-01 5.008329422387712837e-01 4.451247258332864387e-01 5.297118795149637904e-01 3.921333110736351935e-01 0.000000000000000000e+00 3.759590545161051733e-01 4.549174298245614034e-01 3.898590247571191436e-01 4.528714913793102648e-01 4.401150730288075352e-01 4.951575002568572859e-01 3.785630482648709716e-01 5.190212378216356726e-01 3.806116965091305704e-01 0.000000000000000000e+00 3.817870749758643378e-01 4.828791346332844125e-01 0.000000000000000000e+00 0.000000000000000000e+00 4.083968688996517105e-01 4.657739452896310084e-01 4.015589290165531011e-01 0.000000000000000000e+00 4.035254734307007207e-01 0.000000000000000000e+00 0.000000000000000000e+00 0.000000000000000000e+00 4.146869416568539912e-01 0.000000000000000000e+00 0.000000000000000000e+00 0.000000000000000000e+00 4.167413486715316195e-01 0.000000000000000000e+00 4.942642164177515340e-01 4.420437142857142621e-01 4.869810215827337641e-01 0.000000000000000000e+00 4.414256433714813244e-01 0.000000000000000000e+00 4.793569546905350198e-01 0.000000000000000000e+00 5.340023208955225753e-01 0.000000000000000000e+00 4.510988125615157385e-01 0.000000000000000000e+00 4.314923671572044594e-01 4.275713278688524910e-01 4.189266855358359520e-01 4.376870282429884407e-01 5.093218018691588744e-01 0.000000000000000000e+00 0.000000000000000000e+00 0.000000000000000000e+00 4.509322475716653900e-01 0.000000000000000000e+00 0.000000000000000000e+00 0.000000000000000000e+00 0.000000000000000000e+00 0.000000000000000000e+00
4.885434514131482553e-01 3.182979756001827476e-01 4.959584009110661329e-01 3.392690898559148627e-01 0.000000000000000000e+00 0.000000000000000000e+00 4.899142481990131359e-01 3.567618342436199019e-01 0.000000000000000000e+00 0.000000000000000000e+00 4.791717849740786406e-01 3.571669927077552598e-01 5.051681481481482550e-01 3.531752892726484627e-01 0.000000000000000000e+00 3.983979177137456085e-01 4.765370220070339613e-01 3.552422419464253411e-01 5.128430797693337428e-01 4.045505129355406182e-01 0.000000000000000000e+00 0.000000000000000000e+00 0.000000000000000000e+00 0.000000000000000000e+00 0.000000000000000000e+00 0.000000000000000000e+00 0.000000000000000000e+00 0.000000000000000000e+00 4.820598349044155628e-01 4.035165550859642902e-01 0.000000000000000000e+00 0.000000000000000000e+00 5.139997127518809439e-01 4.657442589500675467e-01 0.000000000000000000e+00 0.000000000000000000e+00 5.451094711538461146e-01 4.771667519813066471e-01 0.000000000000000000e+00 5.008937156639569066e-01 0.000000000000000000e+00 0.000000000000000000e+00 0.000000000000000000e+00 4.365735639097743648e-01 0.000000000000000000e+00 4.402424579045771669e-01 0.000000000000000000e+00 3.778536324324324180e-01 0.000000000000000000e+00 4.214470928128944971e-01 0.000000000000000000e+00 3.968943711704431276e-01 0.000000000000000000e+00 0.000000000000000000e+00 0.000000000000000000e+00 3.870732009490035486e-01 4.756433243243243791e-01 3.531908808846926928e-01 4.711544245283019738e-01 4.423287607443219249e-01 0.000000000000000000e+00 3.989066845570569120e-01 4.581486866287695636e-01 3.986819475525909540e-01 4.558432783505155239e-01 3.955797014658306576e-01 5.043979074021316400e-01 3.986135311142582349e-01 5.223335870021146299e-01 3.069598240736210459e-01 4.908957380952380656e-01 3.967335466800547272e-01 4.646993683224844851e-01 3.972761880853397098e-01 0.000000000000000000e+00 4.758318254295532679e-01 5.148717771307154134e-01 4.124229341970860885e-01 0.000000000000000000e+00 4.064184190857524914e-01 4.853859830611010895e-01 3.964213160817555148e-01 0.000000000000000000e+00 4.097295963302752253e-01 4.369296666666666606e-01 4.054985767862263057e-01 0.000000000000000000e+00 0.000000000000000000e+00 0.000000000000000000e+00 4.295274278622339681e-01 0.000000000000000000e+00 4.812837477260130670e-01 0.000000000000000000e+00 5.205540449325403163e-01 4.579965104798886522e-01 4.835775855615060403e-01 5.112136666666666773e-01 5.443462921348315442e-01 4.567657868852458836e-01 4.946123009645191360e-01 4.586018698630136559e-01 4.479846929922135512e-01 4.307671014492753248e-01 4.878274214043891721e-01 4.708179501841451842e-01 4.713958229619153451e-01 0.000000000000000000e+00 4.120998598130840573e-01 0.000000000000000000e+00 0.000000000000000000e+00 4.981067131782945245e-01 0.000000000000000000e+00 0.000000000000000000e+00 0.000000000000000000e+00 0.000000000000000000e+00 0.000000000000000000e+00
3.844877396528039171e-01 4.959584009110661329e-01 2.674805047151373461e-01 4.642035769992366445e-01 2.068568767946302178e-01 4.368471055287390103e-01 3.029969792826846531e-01 4.666128583870104429e-01 2.873368027206098518e-01 4.271448358557888292e-01 3.977159313735972312e-01 4.729169655435717101e-01 3.507323279763008839e-01 4.355429951077210426e-01 3.233096652411290295e-01 3.848624961384222720e-01 3.948470561427432357e-01 4.968377080830150283e-01 3.296204227918290153e-01 5.101968837515892252e-01 0.000000000000000000e+00 0.000000000000000000e+00 2.371513969121978871e-01 4.402105168070780672e-01 1.904264780708573579e-01 3.962520652056569781e-01 2.892371666666666008e-01 4.374116634551012961e-01 3.692408602426064945e-01 4.803907544751562786e-01 3.691868448598633612e-01 4.124739107210993461e-01 4.243179260776600570e-01 4.991604918680749847e-01 4.352173910152942748e-01 4.760499764705882764e-01 4.395156032430906357e-01 4.539924687499999889e-01 4.421314522515527590e-01 3.679823495145632117e-01 0.000000000000000000e+00 0.000000000000000000e+00 3.930226761904762056e-01 0.000000000000000000e+00 3.971207539392231922e-01 0.000000000000000000e+00 4.240117314814814686e-01 0.000000000000000000e+00 4.045329325196739267e-01 0.000000000000000000e+00 4.026520664595623078e-01 4.647393488372093540e-01 3.881455280898876703e-01 0.000000000000000000e+00 4.012982383376247908e-01 0.000000000000000000e+00 3.961942276722667522e-01 4.734361732600732009e-01 4.388905518948748585e-01 5.111190235360439926e-01 3.960481172379651804e-01 5.038347360932361463e-01 3.691337046655732146e-01 0.000000000000000000e+00 4.076163044587644002e-01 0.000000000000000000e+00 4.493213859037180624e-01 5.032203832961401613e-01 4.056862445057007327e-01 0.000000000000000000e+00 3.789817043921234196e-01 4.711670821592834346e-01 3.671054562076997985e-01 4.460788753745295598e-01 3.540752365217578745e-01 4.812183061224489800e-01 4.031387022626671812e-01 4.677395427958647156e-01 3.947049589041096151e-01 0.000000000000000000e+00 4.013474705077937910e-01 0.000000000000000000e+00 0.000000000000000000e+00 0.000000000000000000e+00 3.996493636712573072e-01 0.000000000000000000e+00 0.000000000000000000e+00 0.000000000000000000e+00 4.017088537741753118e-01 0.000000000000000000e+00 4.107070446541800646e-01 4.082708828125000133e-01 0.000000000000000000e+00 4.191719846153846851e-01 4.221624324012079876e-01 0.000000000000000000e+00 4.783315766423357207e-01 0.000000000000000000e+00 4.985656364912280925e-01 0.000000000000000000e+00 0.000000000000000000e+00 0.000000000000000000e+00 4.167418381894621993e-01 4.430858308823529823e-01 4.513605353309594892e-01 4.194677731958763034e-01 4.814104653465348105e-01 0.000000000000000000e+00 0.000000000000000000e+00 0.000000000000000000e+00 0.000000000000000000e+00 0.000000000000000000e+00 0.000000000000000000e+00 0.000000000000000000e+00 0.000000000000000000e+00 0.000000000000000000e+00
5.074857786930165870e-01 3.392690898559148627e-01 4.642035769992366445e-01 2.547595334564291547e-01 3.814752574759499582e-01 1.476905485626294201e-01 4.476206350520781641e-01 3.175425387838112790e-01 4.178587861598440090e-01 2.715493144265784253e-01 4.662040896582277938e-01 3.825547046547397301e-01 4.497733975265654771e-01 3.358295734210201000e-01 4.250422425801237969e-01 3.183718935960810348e-01 5.017318521292388755e-01 4.324294549746199867e-01 5.151635272378453090e-01 3.317603817255471710e-01 0.000000000000000000e+00 0.000000000000000000e+00 4.106449222709282476e-01 2.248727194102195792e-01 4.428625666666666238e-01 1.632704305338570638e-01 3.806055822784810139e-01 3.241269232697695513e-01 4.307990638707146491e-01 3.706791412046178125e-01 3.923003973892464913e-01 3.255496094039331267e-01 4.917929000154110386e-01 4.209023609805470079e-01 4.551288918918919291e-01 4.727518551255679990e-01 0.000000000000000000e+00 4.467657041340213908e-01 0.000000000000000000e+00 4.795782828871140158e-01 0.000000000000000000e+00 0.000000000000000000e+00 0.000000000000000000e+00 4.146396319082572002e-01 0.000000000000000000e+00 4.747070033592876159e-01 0.000000000000000000e+00 4.707338212302909497e-01 0.000000000000000000e+00 4.706149501184981321e-01 0.000000000000000000e+00 4.050699801444182513e-01 0.000000000000000000e+00 0.000000000000000000e+00 0.000000000000000000e+00 4.162390256410256062e-01 4.816767572815533471e-01 4.411306591315767855e-01 4.902108374999999962e-01 4.557936637630731203e-01 4.944262016129032378e-01 4.661210888915831574e-01 4.994173831168831623e-01 4.250214825925359707e-01 4.632240955882352962e-01 4.197191450407903868e-01 4.980151390343342532e-01 4.453385170506306556e-01 5.156798987370020404e-01 4.163383016379981760e-01 4.452946659746085944e-01 3.821676653822043135e-01 4.560145180358038397e-01 3.747281723964663303e-01 0.000000000000000000e+00 3.692002093017566766e-01 4.691554591723215428e-01 4.194990205202477340e-01 0.000000000000000000e+00 4.094282058068205443e-01 0.000000000000000000e+00 4.132992573953824245e-01 0.000000000000000000e+00 0.000000000000000000e+00 0.000000000000000000e+00 3.996248358087585162e-01 0.000000000000000000e+00 0.000000000000000000e+00 0.000000000000000000e+00 4.242184726014242568e-01 4.104854443183097445e-01 4.543844786980448247e-01 0.000000000000000000e+00 5.041441463414634283e-01 4.407788718031628306e-01 0.000000000000000000e+00 0.000000000000000000e+00 0.000000000000000000e+00 4.215930147058823407e-01 4.339619881916329525e-01 0.000000000000000000e+00 3.959887187499999683e-01 4.300631326603079896e-01 4.613659191665667181e-01 4.505382897196261172e-01 4.342831008819459937e-01 0.000000000000000000e+00 4.512475820109856373e-01 0.000000000000000000e+00 4.044219333333333166e-01 4.495570249999999990e-01 0.000000000000000000e+00 0.000000000000000000e+00 0.000000000000000000e+00 0.000000000000000000e+00 0.000000000000000000e+00
3.155927907121481302e-01 0.000000000000000000e+00 2.068568767946302178e-01 3.814752574759499582e-01 2.043868955803906096e-01 4.052759060115849188e-01 2.560183794662111989e-01 3.913930441659951298e-01 2.406199021523334480e-01 4.262453157805907722e-01 0.000000000000000000e+00 0.000000000000000000e+00 3.350234947191697565e-01 0.000000000000000000e+00 2.846905470792737147e-01 0.000000000000000000e+00 0.000000000000000000e+00 0.000000000000000000e+00 3.880608152280702328e-01 0.000000000000000000e+00 4.201344977703245220e-01 0.000000000000000000e+00 1.697959497609353718e-01 3.739375608913077520e-01 2.211929663159303006e-01 4.110527005078201124e-01 2.691311145899188961e-01 4.421991016129033225e-01 3.091202137643026537e-01 0.000000000000000000e+00 3.520230457886797670e-01 4.046721022688836711e-01 3.603509278716680586e-01 0.000000000000000000e+00 0.000000000000000000e+00 0.000000000000000000e+00 0.000000000000000000e+00 0.000000000000000000e+00 0.000000000000000000e+00 0.000000000000000000e+00 0.000000000000000000e+00 0.000000000000000000e+00 0.000000000000000000e+00 0.000000000000000000e+00 0.000000000000000000e+00 0.000000000000000000e+00 0.000000000000000000e+00 0.000000000000000000e+00 0.000000000000000000e+00 0.000000000000000000e+00 0.000000000000000000e+00 0.000000000000000000e+00 0.000000000000000000e+00 0.000000000000000000e+00 0.000000000000000000e+00 0.000000000000000000e+00 0.000000000000000000e+00 0.000000000000000000e+00 0.000000000000000000e+00 0.000000000000000000e+00 0.000000000000000000e+00 0.000000000000000000e+00 0.000000000000000000e+00 0.000000000000000000e+00 0.000000000000000000e+00 0.000000000000000000e+00 0.000000000000000000e+00 0.000000000000000000e+00 0.000000000000000000e+00 0.000000000000000000e+00 3.200562578223431487e-01 0.000000000000000000e+00 3.454450264090262457e-01 0.000000000000000000e+00 3.159881011336646561e-01 0.000000000000000000e+00 3.373113487714276548e-01 0.000000000000000000e+00 0.000000000000000000e+00 0.000000000000000000e+00 0.000000000000000000e+00 0.000000000000000000e+00 0.000000000000000000e+00 0.000000000000000000e+00 3.411581751824817599e-01 0.000000000000000000e+00 3.611622647058823077e-01 0.000000000000000000e+00 3.811882400000000115e-01 0.000000000000000000e+00 0.000000000000000000e+00 0.000000000000000000e+00 0.000000000000000000e+00 0.000000000000000000e+00 0.000000000000000000e+00 0.000000000000000000e+00 0.000000000000000000e+00 0.000000000000000000e+00 0.000000000000000000e+00 0.000000000000000000e+00 0.000000000000000000e+00 0.000000000000000000e+00 0.000000000000000000e+00 0.000000000000000000e+00 0.000000000000000000e+00 0.000000000000000000e+00 0.000000000000000000e+00 0.000000000000000000e+00 0.000000000000000000e+00 0.000000000000000000e+00 0.000000000000000000e+00 0.000000000000000000e+00 0.000000000000000000e+00 0.000000000000000000e+00 0.000000000000000000e+00 0.000000000000000000e+00
0.000000000000000000e+00 0.000000000000000000e+00 4.368471055287390103e-01 1.476905485626294201e-01 4.052759060115849188e-01 2.167503281780046309e-01 0.000000000000000000e+00 2.853641093713756294e-01 4.439298594853401392e-01 2.332917224689802227e-01 0.000000000000000000e+00 0.000000000000000000e+00 0.000000000000000000e+00 3.230538636363636251e-01 0.000000000000000000e+00 2.858358998778697813e-01 0.000000000000000000e+00 0.000000000000000000e+00 0.000000000000000000e+00 0.000000000000000000e+00 4.443298391939765613e-01 4.270519751615931558e-01 3.952539340919634103e-01 2.314895751585080985e-01 4.287990527239355920e-01 1.712271258959963127e-01 0.000000000000000000e+00 2.568401410494037806e-01 0.000000000000000000e+00 3.283520712632275185e-01 3.953818695821964546e-01 3.477411638474375288e-01 0.000000000000000000e+00 4.185132290911530717e-01 0.000000000000000000e+00 4.592549922355393388e-01 0.000000000000000000e+00 0.000000000000000000e+00 0.000000000000000000e+00 0.000000000000000000e+00 0.000000000000000000e+00 0.000000000000000000e+00 0.000000000000000000e+00 0.000000000000000000e+00 0.000000000000000000e+00 0.000000000000000000e+00 0.000000000000000000e+00 0.000000000000000000e+00 0.000000000000000000e+00 0.000000000000000000e+00 0.000000000000000000e+00 0.000000000000000000e+00 0.000000000000000000e+00 0.000000000000000000e+00 0.000000000000000000e+00 0.000000000000000000e+00 0.000000000000000000e+00 4.275289180327868643e-01 0.000000000000000000e+00 0.000000000000000000e+00 0.000000000000000000e+00 0.000000000000000000e+00 0.000000000000000000e+00 0.000000000000000000e+00 0.000000000000000000e+00 0.000000000000000000e+00 0.000000000000000000e+00 4.733808316831682461e-01 0.000000000000000000e+00 0.000000000000000000e+00 0.000000000000000000e+00 3.598832448601246292e-01 0.000000000000000000e+00 3.440657223860080216e-01 0.000000000000000000e+00 3.289295627014749424e-01 0.000000000000000000e+00 3.438352154291433038e-01 0.000000000000000000e+00 0.000000000000000000e+00 0.000000000000000000e+00 0.000000000000000000e+00 0.000000000000000000e+00 0.000000000000000000e+00 0.000000000000000000e+00 4.228155543847324505e-01 0.000000000000000000e+00 0.000000000000000000e+00 0.000000000000000000e+00 0.000000000000000000e+00 0.000000000000000000e+00 0.000000000000000000e+00 0.000000000000000000e+00 0.000000000000000000e+00 0.000000000000000000e+00 0.000000000000000000e+00 0.000000000000000000e+00 0.000000000000000000e+00 0.000000000000000000e+00 0.000000000000000000e+00 0.000000000000000000e+00 0.000000000000000000e+00 0.000000000000000000e+00 0.000000000000000000e+00 0.000000000000000000e+00 0.000000000000000000e+00 0.000000000000000000e+00 0.000000000000000000e+00 0.000000000000000000e+00 0.000000000000000000e+00 0.000000000000000000e+00 0.000000000000000000e+00 0.000000000000000000e+00 0.000000000000000000e+00 0.000000000000000000e+00 0.000000000000000000e+00
3.563321652920994898e-01 4.899142481990131359e-01 3.029969792826846531e-01 4.476206350520781641e-01 2.560183794662111989e-01 0.000000000000000000e+00 2.698563055321600013e-01 4.437724079559109414e-01 2.639996138949615156e-01 4.239236454781319940e-01 3.438847171028678873e-01 4.508574230825957985e-01 2.987868174387113829e-01 4.234393234987687271e-01 3.484535385020522402e-01 4.252653172004204896e-01 3.744205666941207156e-01 4.585747198392560731e-01 4.015832189375821981e-01 4.782660326452074506e-01 0.000000000000000000e+00 0.000000000000000000e+00 3.670654802899923630e-01 4.483585974745368796e-01 0.000000000000000000e+00 0.000000000000000000e+00 0.000000000000000000e+00 0.000000000000000000e+00 3.502654358640260313e-01 4.754066435730732731e-01 3.445125610622311041e-01 4.012102130296711366e-01 4.243624796267421728e-01 4.610987532118093202e-01 4.380830979708884021e-01 0.000000000000000000e+00 4.318142607766217722e-01 4.726707757936507437e-01 4.473399287037036487e-01 4.973452330097086760e-01 3.433567124999999942e-01 0.000000000000000000e+00 3.597600403225806875e-01 0.000000000000000000e+00 0.000000000000000000e+00 0.000000000000000000e+00 0.000000000000000000e+00 0.000000000000000000e+00 3.868370048692069685e-01 0.000000000000000000e+00 3.739886110402388386e-01 0.000000000000000000e+00 0.000000000000000000e+00 0.000000000000000000e+00 3.802559699526930070e-01 0.000000000000000000e+00 3.778178251697394963e-01 4.572543129251701033e-01 4.281761725963714182e-01 0.000000000000000000e+00 3.821944721593781846e-01 0.000000000000000000e+00 3.728786290710514595e-01 0.000000000000000000e+00 3.784438096515796435e-01 0.000000000000000000e+00 4.284147439076282371e-01 0.000000000000000000e+00 4.249234568688728397e-01 0.000000000000000000e+00 3.514781052384101101e-01 4.445455276186034421e-01 3.555398667882348485e-01 4.417665862776844476e-01 3.119596302987757697e-01 4.698264102564103095e-01 3.808335676964568206e-01 4.392819757160124627e-01 0.000000000000000000e+00 0.000000000000000000e+00 3.936348154127950472e-01 0.000000000000000000e+00 0.000000000000000000e+00 0.000000000000000000e+00 4.075524899000684265e-01 0.000000000000000000e+00 0.000000000000000000e+00 0.000000000000000000e+00 3.987354760940641785e-01 0.000000000000000000e+00 0.000000000000000000e+00 4.227038521739130417e-01 0.000000000000000000e+00 0.000000000000000000e+00 4.217179071490098075e-01 0.000000000000000000e+00 0.000000000000000000e+00 0.000000000000000000e+00 0.000000000000000000e+00 0.000000000000000000e+00 0.000000000000000000e+00 0.000000000000000000e+00 4.523243369623655141e-01 3.945249921875000343e-01 4.136356750879118249e-01 4.302921928374655591e-01 0.000000000000000000e+00 0.000000000000000000e+00 0.000000000000000000e+00 0.000000000000000000e+00 0.000000000000000000e+00 0.000000000000000000e+00 0.000000000000000000e+00 0.000000000000000000e+00 0.000000000000000000e+00 0.000000000000000000e+00
4.776459403716900587e-01 3.567618342436199019e-01 4.666128583870104429e-01 3.175425387838112790e-01 3.913930441659951298e-01 2.853641093713756294e-01 4.437724079559109414e-01 2.687742137185820668e-01 4.123947142857143366e-01 2.426072134645405887e-01 4.805377607540945450e-01 3.540917026435361215e-01 4.274688486776083707e-01 2.708342042266037031e-01 0.000000000000000000e+00 2.664744352257414906e-01 4.646807341112243472e-01 3.975037320766205973e-01 4.916411428427469588e-01 4.105455665133164733e-01 0.000000000000000000e+00 0.000000000000000000e+00 4.410858585875684912e-01 3.476906045381626398e-01 0.000000000000000000e+00 1.869873462962962918e-01 0.000000000000000000e+00 0.000000000000000000e+00 4.331670312677688983e-01 3.526607984927752626e-01 3.983876753791057990e-01 3.446004182556592355e-01 4.620629169245498158e-01 4.034845615955228171e-01 4.534497499999999848e-01 0.000000000000000000e+00 0.000000000000000000e+00 4.217166304995411119e-01 0.000000000000000000e+00 4.653537323665485337e-01 0.000000000000000000e+00 0.000000000000000000e+00 0.000000000000000000e+00 3.922223389719380893e-01 0.000000000000000000e+00 3.986555212811422333e-01 0.000000000000000000e+00 4.313169295774648138e-01 0.000000000000000000e+00 3.896142987493304011e-01 0.000000000000000000e+00 3.826751520610351953e-01 0.000000000000000000e+00 3.914972483471074183e-01 0.000000000000000000e+00 3.724627329743244175e-01 0.000000000000000000e+00 3.829363823473045381e-01 0.000000000000000000e+00 4.348109674058210916e-01 0.000000000000000000e+00 3.911427536344279643e-01 0.000000000000000000e+00 3.882708397383932142e-01 0.000000000000000000e+00 3.846756491840574999e-01 4.741946866397392379e-01 4.370664862037242360e-01 4.976918095238095363e-01 4.362894328678266209e-01 4.412977366147761149e-01 3.306365392836349004e-01 4.523743070871234506e-01 3.687768537486676990e-01 0.000000000000000000e+00 3.724680862962300720e-01 4.552203428460717682e-01 3.955138922748886454e-01 0.000000000000000000e+00 3.754864020618556286e-01 0.000000000000000000e+00 3.655661231065102657e-01 0.000000000000000000e+00 0.000000000000000000e+00 4.107044126984126797e-01 3.865006641510875252e-01 0.000000000000000000e+00 0.000000000000000000e+00 0.000000000000000000e+00 3.961405765797010314e-01 0.000000000000000000e+00 4.187179712230215678e-01 0.000000000000000000e+00 0.000000000000000000e+00 4.282093844059405852e-01 3.886243291139240830e-01 0.000000000000000000e+00 0.000000000000000000e+00 0.000000000000000000e+00 0.000000000000000000e+00 0.000000000000000000e+00 4.068560975609755714e-01 4.246822999999999571e-01 0.000000000000000000e+00 0.000000000000000000e+00 4.211045101415749059e-01 0.000000000000000000e+00 0.000000000000000000e+00 0.000000000000000000e+00 0.000000000000000000e+00 0.000000000000000000e+00 0.000000000000000000e+00 0.000000000000000000e+00 0.000000000000000000e+00 0.000000000000000000e+00 0.000000000000000000e+00
3.748007512820512588e-01 0.000000000000000000e+00 2.873368027206098518e-01 4.178587861598440090e-01 2.406199021523334480e-01 4.439298594853401392e-01 2.639996138949615156e-01 4.123947142857143366e-01 2.007682234675488009e-01 4.386597662337662906e-01 3.993858157735547532e-01 0.000000000000000000e+00 3.110543879354186192e-01 0.000000000000000000e+00 2.482158548051718039e-01 4.585886380952380881e-01 3.519459259259259398e-01 0.000000000000000000e+00 3.333138823529411821e-01 0.000000000000000000e+00 0.000000000000000000e+00 0.000000000000000000e+00 3.312833441933162315e-01 4.296423644859813096e-01 2.824870357142857391e-01 3.682203068181817418e-01 2.761487016782138704e-01 0.000000000000000000e+00 3.703313530834114187e-01 0.000000000000000000e+00 3.169922212728804589e-01 3.635163880834160754e-01 0.000000000000000000e+00 0.000000000000000000e+00 0.000000000000000000e+00 0.000000000000000000e+00 0.000000000000000000e+00 0.000000000000000000e+00 0.000000000000000000e+00 0.000000000000000000e+00 0.000000000000000000e+00 0.000000000000000000e+00 0.000000000000000000e+00 0.000000000000000000e+00 0.000000000000000000e+00 0.000000000000000000e+00 0.000000000000000000e+00 0.000000000000000000e+00 0.000000000000000000e+00 0.000000000000000000e+00 0.000000000000000000e+00 0.000000000000000000e+00 0.000000000000000000e+00 0.000000000000000000e+00 0.000000000000000000e+00 0.000000000000000000e+00 0.000000000000000000e+00 0.000000000000000000e+00 0.000000000000000000e+00 0.000000000000000000e+00 0.000000000000000000e+00 0.000000000000000000e+00 3.700048317757009819e-01 0.000000000000000000e+00 4.020590526315788726e-01 0.000000000000000000e+00 3.974674529914530852e-01 0.000000000000000000e+00 4.025569354838709479e-01 0.000000000000000000e+00 3.301401859393883198e-01 0.000000000000000000e+00 3.608281277654472596e-01 4.099750230769230175e-01 3.336006511627906956e-01 3.815638986754967266e-01 3.563624258863802297e-01 0.000000000000000000e+00 0.000000000000000000e+00 0.000000000000000000e+00 4.109733636363636089e-01 0.000000000000000000e+00 0.000000000000000000e+00 0.000000000000000000e+00 4.002471616483516126e-01 0.000000000000000000e+00 0.000000000000000000e+00 0.000000000000000000e+00 0.000000000000000000e+00 0.000000000000000000e+00 0.000000000000000000e+00 0.000000000000000000e+00 0.000000000000000000e+00 0.000000000000000000e+00 0.000000000000000000e+00 0.000000000000000000e+00 0.000000000000000000e+00 0.000000000000000000e+00 0.000000000000000000e+00 0.000000000000000000e+00 0.000000000000000000e+00 0.000000000000000000e+00 3.827377923076922817e-01 0.000000000000000000e+00 0.000000000000000000e+00 0.000000000000000000e+00 0.000000000000000000e+00 0.000000000000000000e+00 0.000000000000000000e+00 0.000000000000000000e+00 0.000000000000000000e+00 0.000000000000000000e+00 0.000000000000000000e+00 0.000000000000000000e+00 0.000000000000000000e+00 0.000000000000000000e+00
0.000000000000000000e+00 0.000000000000000000e+00 4.271448358557888292e-01 2.715493144265784253e-01 4.262453157805907722e-01 2.332917224689802227e-01 4.239236454781319940e-01 2.426072134645405887e-01 4.386597662337662906e-01 2.628545584332541152e-01 0.000000000000000000e+00 3.799711346788890443e-01 0.000000000000000000e+00 3.162277715148378299e-01 4.829294210526315356e-01 3.007722458128140319e-01 0.000000000000000000e+00 0.000000000000000000e+00 0.000000000000000000e+00 0.000000000000000000e+00 0.000000000000000000e+00 0.000000000000000000e+00 4.270991563972257321e-01 1.782667215473689448e-01 0.000000000000000000e+00 2.846732596925849457e-01 0.000000000000000000e+00 2.862852898193760653e-01 0.000000000000000000e+00 3.667453137292307486e-01 4.070991700404199554e-01 3.426747264352766331e-01 0.000000000000000000e+00 3.863281319304358585e-01 0.000000000000000000e+00 0.000000000000000000e+00 0.000000000000000000e+00 4.298234025974025929e-01 0.000000000000000000e+00 0.000000000000000000e+00 0.000000000000000000e+00 0.000000000000000000e+00 0.000000000000000000e+00 0.000000000000000000e+00 0.000000000000000000e+00 0.000000000000000000e+00 0.000000000000000000e+00 4.333850977443609032e-01 0.000000000000000000e+00 0.000000000000000000e+00 0.000000000000000000e+00 0.000000000000000000e+00 0.000000000000000000e+00 0.000000000000000000e+00 0.000000000000000000e+00 0.000000000000000000e+00 0.000000000000000000e+00 0.000000000000000000e+00 0.000000000000000000e+00 0.000000000000000000e+00 0.000000000000000000e+00 0.000000000000000000e+00 0.000000000000000000e+00 0.000000000000000000e+00 0.000000000000000000e+00 0.000000000000000000e+00 0.000000000000000000e+00 4.450989633027521708e-01 0.000000000000000000e+00 0.000000000000000000e+00 0.000000000000000000e+00 3.309591333900213650e-01 0.000000000000000000e+00 3.811916350251279839e-01 0.000000000000000000e+00 3.714631317357238172e-01 0.000000000000000000e+00 3.929906085664324755e-01 0.000000000000000000e+00 0.000000000000000000e+00 0.000000000000000000e+00 3.805376236167733461e-01 0.000000000000000000e+00 0.000000000000000000e+00 0.000000000000000000e+00 4.203773947368421027e-01 0.000000000000000000e+00 0.000000000000000000e+00 0.000000000000000000e+00 0.000000000000000000e+00 0.000000000000000000e+00 0.000000000000000000e+00 0.000000000000000000e+00 0.000000000000000000e+00 0.000000000000000000e+00 0.000000000000000000e+00 0.000000000000000000e+00 0.000000000000000000e+00 0.000000000000000000e+00 0.000000000000000000e+00 0.000000000000000000e+00 0.000000000000000000e+00 0.000000000000000000e+00 0.000000000000000000e+00 0.000000000000000000e+00 0.000000000000000000e+00 0.000000000000000000e+00 0.000000000000000000e+00 0.000000000000000000e+00 0.000000000000000000e+00 0.000000000000000000e+00 0.000000000000000000e+00 0.000000000000000000e+00 0.000000000000000000e+00 0.000000000000000000e+00 0.000000000000000000e+00
3.319460385629411925e-01 4.791717849740786406e-01 3.977159313735972312e-01 4.662040896582277938e-01 0.000000000000000000e+00 0.000000000000000000e+00 3.438847171028678873e-01 4.805377607540945450e-01 3.993858157735547532e-01 0.000000000000000000e+00 2.833300275500946208e-01 0.000000000000000000e+00 3.228115698843508907e-01 0.000000000000000000e+00 3.681081471052631837e-01 0.000000000000000000e+00 3.274666485801173699e-01 4.682070721649485012e-01 4.252849147060739909e-01 4.678970857208290535e-01 0.000000000000000000e+00 0.000000000000000000e+00 3.854644022402749504e-01 4.692045813953488187e-01 0.000000000000000000e+00 0.000000000000000000e+00 0.000000000000000000e+00 0.000000000000000000e+00 3.395041247118943395e-01 0.000000000000000000e+00 0.000000000000000000e+00 0.000000000000000000e+00 4.003915869565217722e-01 4.507559795693139582e-01 0.000000000000000000e+00 0.000000000000000000e+00 0.000000000000000000e+00 0.000000000000000000e+00 0.000000000000000000e+00 0.000000000000000000e+00 0.000000000000000000e+00 0.000000000000000000e+00 0.000000000000000000e+00 0.000000000000000000e+00 0.000000000000000000e+00 0.000000000000000000e+00 0.000000000000000000e+00 0.000000000000000000e+00 4.552298592592592397e-01 0.000000000000000000e+00 3.834326207147379373e-01 0.000000000000000000e+00 0.000000000000000000e+00 0.000000000000000000e+00 0.000000000000000000e+00 0.000000000000000000e+00 3.820972205868737870e-01 0.000000000000000000e+00 3.900147310917722043e-01 0.000000000000000000e+00 4.052587659187233959e-01 0.000000000000000000e+00 3.996900747705112167e-01 0.000000000000000000e+00 4.013183066869774884e-01 4.782401803278688579e-01 4.420860255167467501e-01 0.000000000000000000e+00 4.130424877450980525e-01 0.000000000000000000e+00 3.542217792456988645e-01 0.000000000000000000e+00 3.677544485392049145e-01 0.000000000000000000e+00 0.000000000000000000e+00 0.000000000000000000e+00 4.096441117999367054e-01 0.000000000000000000e+00 3.659309672131147440e-01 0.000000000000000000e+00 4.008550670534822835e-01 0.000000000000000000e+00 0.000000000000000000e+00 0.000000000000000000e+00 4.318790090066759735e-01 0.000000000000000000e+00 0.000000000000000000e+00 0.000000000000000000e+00 4.354795913669461394e-01 0.000000000000000000e+00 0.000000000000000000e+00 0.000000000000000000e+00 0.000000000000000000e+00 0.000000000000000000e+00 0.000000000000000000e+00 0.000000000000000000e+00 0.000000000000000000e+00 0.000000000000000000e+00 0.000000000000000000e+00 0.000000000000000000e+00 0.000000000000000000e+00 0.000000000000000000e+00 0.000000000000000000e+00 0.000000000000000000e+00 0.000000000000000000e+00 0.000000000000000000e+00 0.000000000000000000e+00 0.000000000000000000e+00 0.000000000000000000e+00 0.000000000000000000e+00 0.000000000000000000e+00 0.000000000000000000e+00 0.000000000000000000e+00 0.000000000000000000e+00 0.000000000000000000e+00 0.000000000000000000e+00
4.769535097404788426e-01 3.571669927077552598e-01 4.729169655435717101e-01 3.825547046547397301e-01 0.000000000000000000e+00 0.000000000000000000e+00 4.508574230825957985e-01 3.540917026435361215e-01 0.000000000000000000e+00 3.799711346788890443e-01 0.000000000000000000e+00 2.999518009726581669e-01 4.523475000000000135e-01 2.958265091500187904e-01 0.000000000000000000e+00 3.754914971844610094e-01 0.000000000000000000e+00 3.717781279684837514e-01 4.773132956204890198e-01 4.179248823681645519e-01 0.000000000000000000e+00 0.000000000000000000e+00 4.528763447030633715e-01 4.001493028902254889e-01 0.000000000000000000e+00 0.000000000000000000e+00 0.000000000000000000e+00 0.000000000000000000e+00 4.745750029344729115e-01 3.762528480818239096e-01 4.077755290793496634e-01 3.691302982952945899e-01 4.700198795931666562e-01 4.020907685187503078e-01 0.000000000000000000e+00 0.000000000000000000e+00 0.000000000000000000e+00 4.260912982649135428e-01 0.000000000000000000e+00 4.731992860130253553e-01 0.000000000000000000e+00 0.000000000000000000e+00 0.000000000000000000e+00 0.000000000000000000e+00 0.000000000000000000e+00 0.000000000000000000e+00 0.000000000000000000e+00 4.634899385474859912e-01 0.000000000000000000e+00 3.581723636900078778e-01 0.000000000000000000e+00 3.691358101440169182e-01 0.000000000000000000e+00 0.000000000000000000e+00 0.000000000000000000e+00 4.012832890243183681e-01 4.909101111111109916e-01 3.972754115664675623e-01 0.000000000000000000e+00 4.296089352125388450e-01 0.000000000000000000e+00 3.924338753570627003e-01 0.000000000000000000e+00 4.032758144012101309e-01 0.000000000000000000e+00 3.756322957717154187e-01 0.000000000000000000e+00 4.009442794900157647e-01 0.000000000000000000e+00 4.372426261319806162e-01 0.000000000000000000e+00 3.221802801207605538e-01 4.193734718885552271e-01 3.694909828948869657e-01 0.000000000000000000e+00 3.674817703056980633e-01 4.508016082474226582e-01 4.018333269564839383e-01 0.000000000000000000e+00 3.486517241379309962e-01 0.000000000000000000e+00 3.990814912340772680e-01 0.000000000000000000e+00 0.000000000000000000e+00 0.000000000000000000e+00 4.212227011500658258e-01 0.000000000000000000e+00 0.000000000000000000e+00 0.000000000000000000e+00 4.318626773053718670e-01 0.000000000000000000e+00 0.000000000000000000e+00 0.000000000000000000e+00 0.000000000000000000e+00 4.139616867469879669e-01 0.000000000000000000e+00 0.000000000000000000e+00 0.000000000000000000e+00 0.000000000000000000e+00 0.000000000000000000e+00 0.000000000000000000e+00 0.000000000000000000e+00 0.000000000000000000e+00 4.857070931647300416e-01 0.000000000000000000e+00 0.000000000000000000e+00 0.000000000000000000e+00 0.000000000000000000e+00 0.000000000000000000e+00 0.000000000000000000e+00 0.000000000000000000e+00 0.000000000000000000e+00 0.000000000000000000e+00 0.000000000000000000e+00 0.000000000000000000e+00 0.000000000000000000e+00
3.871433306366480753e-01 5.051681481481482550e-01 3.507323279763008839e-01 4.497733975265654771e-01 3.350234947191697565e-01 0.000000000000000000e+00 2.987868174387113829e-01 4.274688486776083707e-01 3.110543879354186192e-01 0.000000000000000000e+00 3.228115698843508907e-01 4.523475000000000135e-01 2.586567890824864602e-01 4.150402384759361851e-01 2.734748301621487965e-01 4.895533750000000128e-01 3.969277487214007971e-01 0.000000000000000000e+00 4.020319669130642537e-01 4.546893290312344349e-01 0.000000000000000000e+00 0.000000000000000000e+00 3.715994211373204181e-01 4.428426624326469163e-01 3.284856666666666758e-01 0.000000000000000000e+00 0.000000000000000000e+00 0.000000000000000000e+00 3.854172801133767257e-01 3.953898382352941110e-01 3.641303930683560952e-01 4.070079297245989269e-01 3.898988002203188086e-01 4.613435847982009785e-01 4.391173154333432582e-01 0.000000000000000000e+00 3.796250182692307851e-01 0.000000000000000000e+00 0.000000000000000000e+00 0.000000000000000000e+00 0.000000000000000000e+00 0.000000000000000000e+00 0.000000000000000000e+00 0.000000000000000000e+00 0.000000000000000000e+00 0.000000000000000000e+00 0.000000000000000000e+00 0.000000000000000000e+00 4.443170996750567259e-01 0.000000000000000000e+00 3.803477703242728603e-01 0.000000000000000000e+00 0.000000000000000000e+00 0.000000000000000000e+00 0.000000000000000000e+00 0.000000000000000000e+00 4.034723862836679387e-01 0.000000000000000000e+00 0.000000000000000000e+00 0.000000000000000000e+00 4.084075402025682533e-01 0.000000000000000000e+00 3.995389770379534911e-01 0.000000000000000000e+00 4.022737876590853912e-01 0.000000000000000000e+00 4.065436750331072879e-01 0.000000000000000000e+00 4.302393743355661937e-01 0.000000000000000000e+00 3.419690322683610617e-01 4.402870454545455003e-01 3.842668105778721532e-01 4.463500103511245931e-01 3.615850876164419803e-01 4.451468607594936122e-01 4.026050484888208936e-01 4.349655866244177549e-01 0.000000000000000000e+00 0.000000000000000000e+00 4.032731821065946298e-01 0.000000000000000000e+00 0.000000000000000000e+00 0.000000000000000000e+00 4.206805779727422756e-01 0.000000000000000000e+00 0.000000000000000000e+00 0.000000000000000000e+00 4.203814914153384263e-01 0.000000000000000000e+00 0.000000000000000000e+00 0.000000000000000000e+00 0.000000000000000000e+00 0.000000000000000000e+00 4.529708675166297382e-01 0.000000000000000000e+00 3.962061194029850575e-01 0.000000000000000000e+00 0.000000000000000000e+00 0.000000000000000000e+00 0.000000000000000000e+00 0.000000000000000000e+00 4.072027575757575790e-01 0.000000000000000000e+00 0.000000000000000000e+00 0.000000000000000000e+00 0.000000000000000000e+00 0.000000000000000000e+00 0.000000000000000000e+00 0.000000000000000000e+00 0.000000000000000000e+00 0.000000000000000000e+00 0.000000000000000000e+00 0.000000000000000000e+00 0.000000000000000000e+00 0.000000000000000000e+00
