0.000000000000000000e+00 2.236164736164736322e-02 1.152173913043478271e-01 4.399435544118868169e-03 1.462293712137037851e-03 0.000000000000000000e+00 1.009629413481178822e-01 5.309128275389621461e-03 7.057163020465773151e-03 0.000000000000000000e+00 2.305950175005147262e-01 3.257859586251832338e-03 3.005780346820809135e-02 1.354829968838910839e-04 2.764722145424385047e-03 2.948547840188707058e-04 8.416795069337441870e-02 4.946866984243312136e-03 8.252054794520548298e-02 2.584209588308679362e-02 0.000000000000000000e+00 0.000000000000000000e+00 9.528346831824677969e-04 0.000000000000000000e+00 2.746498214776160393e-04 0.000000000000000000e+00 0.000000000000000000e+00 0.000000000000000000e+00 2.546257002206755993e-02 2.552796472499419770e-03 6.608357628765791636e-03 0.000000000000000000e+00 1.192478214340314882e-02 9.088817303267372055e-03 4.638218923933209721e-04 0.000000000000000000e+00 8.395470864402099220e-02 2.056026728347468569e-03 0.000000000000000000e+00 0.000000000000000000e+00 0.000000000000000000e+00 2.816901408450704376e-03 0.000000000000000000e+00 0.000000000000000000e+00 2.581015199311729319e-03 9.678668215253581099e-05 0.000000000000000000e+00 0.000000000000000000e+00 5.272407732864674984e-03 2.034587995930823949e-04 9.159606136936112447e-03 0.000000000000000000e+00 2.209944751381215638e-03 1.229558588466740405e-04 3.601286173633440509e-03 0.000000000000000000e+00 2.927773980405559140e-01 3.927658019729630794e-03 4.254749799304254759e-02 2.877283844051215650e-04 8.533015287867287690e-02 4.214963119072708355e-04 5.128205128205128201e-03 8.260366760284156918e-04 2.251995438996579404e-02 1.214771622934888176e-04 1.552088412156671544e-02 5.166890565257828329e-04 1.099076138897738114e-01 6.238627501949571379e-03 5.297836345828510485e-02 1.412898936170212854e-03 3.299526707234617939e-02 3.881126635617653496e-03 0.000000000000000000e+00 0.000000000000000000e+00 7.470227354745578863e-02 4.812190883571714969e-03 2.152852529601722090e-03 0.000000000000000000e+00 1.480823337775803239e-03 0.000000000000000000e+00 0.000000000000000000e+00 0.000000000000000000e+00 1.578986754471301338e-02 1.496557916791379931e-04 0.000000000000000000e+00 0.000000000000000000e+00 1.144510124512639927e-02 1.199328376109378742e-04 1.013684744044602128e-03 6.901311249137336229e-04 1.121076233183856486e-03 5.443658138268917240e-04 5.387931034482758980e-03 1.269841269841269840e-02 1.715265866209262410e-03 0.000000000000000000e+00 2.664298401420959247e-03 0.000000000000000000e+00 8.417508417508417140e-04 1.855287569573283888e-03 6.478781988986070635e-04 2.592688618096966298e-04 1.198322348711803502e-03 0.000000000000000000e+00 0.000000000000000000e+00 0.000000000000000000e+00 0.000000000000000000e+00 0.000000000000000000e+00 0.000000000000000000e+00 0.000000000000000000e+00 0.000000000000000000e+00 8.368200836820083180e-04 0.000000000000000000e+00 0.000000000000000000e+00
2.236164736164736322e-02 0.000000000000000000e+00 2.406832298136645822e-03 7.039096870590189070e-02 0.000000000000000000e+00 8.228759514503188521e-04 9.726680284019064695e-04 7.758177770166124754e-02 3.528581510232886576e-04 1.595914458984998372e-03 6.176652254478073303e-04 1.166313731878156068e-01 0.000000000000000000e+00 1.558054464164747299e-02 2.764722145424384938e-04 5.749668288367979115e-03 5.200308166409861425e-03 6.485892268230121493e-02 3.145205479452054670e-02 5.462484405631794909e-02 0.000000000000000000e+00 0.000000000000000000e+00 1.191043353978084746e-04 5.385029617662897118e-04 0.000000000000000000e+00 2.594706798131810976e-04 0.000000000000000000e+00 0.000000000000000000e+00 1.867255134951621015e-03 4.989556741703411735e-02 3.887269193391642490e-04 0.000000000000000000e+00 2.446109157621158964e-02 2.346985734008283364e-02 0.000000000000000000e+00 0.000000000000000000e+00 6.075669704501519310e-03 7.016191210485736574e-02 0.000000000000000000e+00 1.850138760407030614e-03 0.000000000000000000e+00 7.042253521126760896e-02 1.654807214959457191e-04 0.000000000000000000e+00 1.433897332950960642e-04 2.613240418118467114e-03 0.000000000000000000e+00 1.213592233009708687e-04 0.000000000000000000e+00 5.696846388606307057e-03 1.144950767117013975e-04 9.533898305084746380e-03 0.000000000000000000e+00 1.229558588466740350e-03 1.286173633440514390e-04 3.541730828457037225e-03 4.215083162451583113e-03 3.236207526488856234e-01 0.000000000000000000e+00 2.934829520932239963e-02 4.336983627886804925e-04 8.619599578503688020e-02 0.000000000000000000e+00 2.296381959358995486e-02 0.000000000000000000e+00 2.490281827016520982e-02 5.688282138794083882e-04 6.406944300919706174e-03 1.210576616756928875e-02 5.146867689108396149e-02 1.780785326328911057e-04 2.825797872340425620e-02 3.786342123056118947e-03 5.045464626302949979e-02 0.000000000000000000e+00 3.048780487804878155e-03 7.939372067845543515e-03 7.057879962571848853e-02 0.000000000000000000e+00 1.308900523560209504e-03 0.000000000000000000e+00 3.118908382066276717e-03 0.000000000000000000e+00 0.000000000000000000e+00 0.000000000000000000e+00 2.641424723136785377e-02 0.000000000000000000e+00 0.000000000000000000e+00 2.515406867060747289e-04 6.716238906212521065e-03 0.000000000000000000e+00 6.901311249137336229e-04 7.473841554559043599e-04 2.177463255307566896e-03 3.232758620689655128e-03 8.888888888888889228e-02 1.715265866209262410e-03 3.454231433506044745e-03 1.776198934280639498e-03 3.762227238525206897e-03 0.000000000000000000e+00 0.000000000000000000e+00 6.478781988986070635e-04 1.555613170858179996e-03 0.000000000000000000e+00 0.000000000000000000e+00 0.000000000000000000e+00 7.911392405063291016e-04 0.000000000000000000e+00 0.000000000000000000e+00 0.000000000000000000e+00 0.000000000000000000e+00 0.000000000000000000e+00 0.000000000000000000e+00 0.000000000000000000e+00 0.000000000000000000e+00
1.152173913043478271e-01 2.406832298136645822e-03 0.000000000000000000e+00 3.984394455051050270e-03 9.212450386463337526e-02 1.028594939312898592e-03 3.089193658204454906e-01 1.070388765199520482e-02 4.728299223712068011e-02 1.276731567187998741e-03 3.294214535721638748e-02 5.538361296628115625e-03 5.645472061657032942e-02 8.806394797452920045e-03 4.644733204312966740e-02 1.031991744066047389e-03 1.174884437596302074e-02 1.282521069989007003e-03 1.184657534246575383e-01 5.435751202994118861e-03 0.000000000000000000e+00 0.000000000000000000e+00 1.911624583134826083e-01 7.359540477472626026e-03 1.730293875308980961e-02 1.556824078879086694e-03 1.091703056768558895e-03 2.039567611666326635e-04 3.445934476319809786e-02 1.276398236249709885e-03 8.551992225461612501e-03 1.501382852627419946e-02 7.185445650512154066e-03 4.601932811780947569e-03 4.638218923933209721e-04 4.945598417408506248e-04 1.905550952775476523e-02 0.000000000000000000e+00 4.123711340206185770e-04 0.000000000000000000e+00 1.385041551246537399e-03 0.000000000000000000e+00 1.654807214959457191e-04 0.000000000000000000e+00 1.233151706337826288e-02 2.903600464576074330e-04 0.000000000000000000e+00 0.000000000000000000e+00 9.314586994727591662e-03 5.086469989827059873e-04 1.396839935882757122e-02 8.148631029986961954e-05 2.578268876611417883e-03 0.000000000000000000e+00 4.115755627009646048e-03 0.000000000000000000e+00 9.227614490772384839e-03 3.653635367190354315e-04 2.113995183302113876e-02 0.000000000000000000e+00 1.474574433481513555e-02 2.107481559536354178e-04 1.282051282051282050e-03 0.000000000000000000e+00 4.561003420752565707e-03 1.214771622934888176e-04 2.234682268811961567e-02 3.100134339154696781e-04 7.964319847085059301e-03 5.198856251624642093e-04 4.095806250556495443e-02 9.973404255319148152e-04 8.519269776876267630e-02 2.661343978709248236e-03 0.000000000000000000e+00 0.000000000000000000e+00 9.827980271863347161e-02 5.614222697500333842e-03 1.076426264800861045e-03 0.000000000000000000e+00 1.036576336443062419e-03 0.000000000000000000e+00 4.856726566294317440e-04 0.000000000000000000e+00 1.010252188879742601e-02 7.482789583956899653e-05 0.000000000000000000e+00 0.000000000000000000e+00 9.181235064771727308e-03 4.797313504437514969e-04 0.000000000000000000e+00 6.901311249137336229e-04 1.121076233183856486e-03 0.000000000000000000e+00 1.185344827586206837e-02 7.936507936507936067e-03 1.715265866209262410e-03 8.635578583765111862e-04 8.880994671403197489e-04 0.000000000000000000e+00 0.000000000000000000e+00 0.000000000000000000e+00 0.000000000000000000e+00 2.592688618096966298e-04 2.396644697423607005e-03 0.000000000000000000e+00 0.000000000000000000e+00 0.000000000000000000e+00 0.000000000000000000e+00 0.000000000000000000e+00 0.000000000000000000e+00 0.000000000000000000e+00 0.000000000000000000e+00 8.368200836820083180e-04 0.000000000000000000e+00 0.000000000000000000e+00
4.399435544118868169e-03 7.039096870590189070e-02 3.984394455051050270e-03 0.000000000000000000e+00 1.671192813870900308e-03 5.286977988068299050e-02 6.808676198813344745e-03 2.424216475423874029e-01 4.234297812279463891e-03 6.543249281838493803e-02 2.470660901791229321e-03 4.512135526958788168e-02 5.394990366088632180e-03 3.630944316488280560e-02 3.041194359966823378e-03 2.727406752174554166e-02 3.659476117103235577e-03 2.326859655551484149e-02 1.545205479452054810e-02 1.407948672250935729e-01 0.000000000000000000e+00 0.000000000000000000e+00 1.298237255836112367e-02 1.893735415544785528e-01 3.570447679209008511e-03 2.257394914374675696e-02 5.458515283842794476e-04 3.263308178666122616e-03 2.037005601765405020e-03 4.038059874680900718e-02 1.963070942662779525e-02 1.145792177005136234e-02 6.421036538755541673e-03 1.127473538886332276e-02 0.000000000000000000e+00 1.978239366963402499e-03 1.380834023750345278e-03 1.593420714469288152e-02 0.000000000000000000e+00 2.775208140610545705e-03 0.000000000000000000e+00 8.450704225352111826e-03 0.000000000000000000e+00 2.633889376646180759e-04 0.000000000000000000e+00 1.074332171893147524e-02 0.000000000000000000e+00 0.000000000000000000e+00 3.514938488576450134e-04 7.324516785350966216e-03 0.000000000000000000e+00 4.970664928292047036e-03 0.000000000000000000e+00 6.147792942333701752e-04 0.000000000000000000e+00 1.231906375115491246e-03 4.556846662109819801e-04 1.972963098282791428e-02 1.337971635001337944e-04 4.574881312041433057e-02 1.084245906971701231e-04 4.004214963119073073e-03 1.831501831501831500e-04 4.956220056170493934e-04 0.000000000000000000e+00 3.036929057337220753e-03 3.250446936453762451e-04 2.025421101581068375e-02 7.964319847085059301e-04 1.845593969326748268e-02 6.232748642151188971e-04 3.199800531914893942e-02 3.921568627450980338e-03 7.850964737192282772e-02 0.000000000000000000e+00 3.048780487804878155e-03 4.811740647179116835e-03 8.688677984226707285e-02 0.000000000000000000e+00 1.308900523560209504e-03 1.480823337775803456e-04 7.797270955165691792e-04 0.000000000000000000e+00 1.166180758017492693e-03 1.496669909451470517e-04 2.319664771026638730e-03 0.000000000000000000e+00 4.975124378109452425e-04 1.257703433530373645e-04 1.319261213720316576e-03 1.013684744044602128e-03 0.000000000000000000e+00 3.736920777279521800e-04 0.000000000000000000e+00 1.077586206896551709e-03 4.603174603174603474e-02 1.715265866209262410e-03 0.000000000000000000e+00 8.880994671403197489e-04 7.524454477050413577e-04 0.000000000000000000e+00 0.000000000000000000e+00 3.239390994493035318e-04 7.778065854290899979e-04 0.000000000000000000e+00 4.868549172346640875e-04 0.000000000000000000e+00 7.911392405063291016e-04 0.000000000000000000e+00 0.000000000000000000e+00 0.000000000000000000e+00 1.058201058201058272e-03 0.000000000000000000e+00 8.368200836820083180e-04 7.137758743754461137e-04 0.000000000000000000e+00
1.462293712137037851e-03 0.000000000000000000e+00 9.212450386463337526e-02 1.671192813870900308e-03 0.000000000000000000e+00 6.171569635877391553e-03 1.964789417371851088e-02 5.137866072957697873e-04 3.842625264643613203e-01 4.787743376954995550e-03 1.852995676343421882e-03 0.000000000000000000e+00 9.633911368015414143e-04 2.709659937677821677e-04 1.841304948852640344e-01 2.653693056169836514e-03 0.000000000000000000e+00 0.000000000000000000e+00 6.575342465753424839e-04 0.000000000000000000e+00 9.724473257698542164e-03 2.263467632412856367e-03 3.001429252024773869e-02 5.385029617662896902e-03 1.370502609173304132e-01 9.600415153087701534e-03 9.907205240174672689e-02 4.283091984499286069e-03 1.358003734510269955e-02 1.160362032954281788e-04 7.774538386783284329e-03 6.716712761754247037e-03 1.223054578810579439e-03 0.000000000000000000e+00 0.000000000000000000e+00 0.000000000000000000e+00 2.761668047500690447e-04 0.000000000000000000e+00 0.000000000000000000e+00 0.000000000000000000e+00 0.000000000000000000e+00 0.000000000000000000e+00 3.309614429918914381e-04 0.000000000000000000e+00 5.735589331803842570e-04 0.000000000000000000e+00 0.000000000000000000e+00 0.000000000000000000e+00 1.757469244288225067e-04 0.000000000000000000e+00 0.000000000000000000e+00 0.000000000000000000e+00 0.000000000000000000e+00 0.000000000000000000e+00 0.000000000000000000e+00 0.000000000000000000e+00 2.278423331054909900e-04 0.000000000000000000e+00 2.675943270002675888e-04 1.438641922025607825e-04 3.252737720915103558e-04 0.000000000000000000e+00 5.494505494505494501e-04 0.000000000000000000e+00 8.551881413911060700e-04 0.000000000000000000e+00 5.688282138794083882e-04 0.000000000000000000e+00 0.000000000000000000e+00 0.000000000000000000e+00 3.873208084765381726e-02 2.742686170212766013e-03 4.070317782285327868e-02 8.871146595697493396e-04 0.000000000000000000e+00 0.000000000000000000e+00 5.533501744255984664e-03 8.020318139286191977e-04 0.000000000000000000e+00 0.000000000000000000e+00 1.332741003998223111e-03 0.000000000000000000e+00 4.856726566294317440e-04 0.000000000000000000e+00 1.421836413978897059e-03 0.000000000000000000e+00 0.000000000000000000e+00 0.000000000000000000e+00 1.257703433530373482e-03 0.000000000000000000e+00 0.000000000000000000e+00 0.000000000000000000e+00 0.000000000000000000e+00 0.000000000000000000e+00 2.155172413793103418e-03 0.000000000000000000e+00 0.000000000000000000e+00 0.000000000000000000e+00 0.000000000000000000e+00 7.524454477050413577e-04 0.000000000000000000e+00 0.000000000000000000e+00 3.239390994493035318e-04 0.000000000000000000e+00 0.000000000000000000e+00 0.000000000000000000e+00 0.000000000000000000e+00 0.000000000000000000e+00 0.000000000000000000e+00 0.000000000000000000e+00 0.000000000000000000e+00 0.000000000000000000e+00 0.000000000000000000e+00 0.000000000000000000e+00 0.000000000000000000e+00 0.000000000000000000e+00
0.000000000000000000e+00 8.228759514503188521e-04 1.028594939312898592e-03 5.286977988068299050e-02 6.171569635877391553e-03 0.000000000000000000e+00 2.918004085205719083e-04 7.278643603356739142e-03 4.587155963302752548e-03 2.534312160868177344e-01 0.000000000000000000e+00 3.257859586251832338e-04 3.853564547206165766e-04 5.419319875355643355e-04 1.935305501797069403e-03 1.174996314315199797e-01 0.000000000000000000e+00 0.000000000000000000e+00 0.000000000000000000e+00 2.495098912849759605e-03 7.293354943273906189e-03 3.531009506564056211e-02 2.024773701762744380e-03 4.720875964817806275e-02 1.730293875308980961e-02 1.660612350804359094e-01 1.855895196506550382e-02 7.750356924332041375e-02 0.000000000000000000e+00 1.311209097238338374e-02 6.025267249757045723e-03 1.797708415645989793e-02 0.000000000000000000e+00 5.177174413253566448e-03 0.000000000000000000e+00 1.978239366963402499e-03 0.000000000000000000e+00 2.570033410434335711e-04 0.000000000000000000e+00 0.000000000000000000e+00 0.000000000000000000e+00 0.000000000000000000e+00 0.000000000000000000e+00 1.755926251097454020e-04 0.000000000000000000e+00 4.839334107626790549e-04 0.000000000000000000e+00 3.640776699029126331e-04 0.000000000000000000e+00 7.121057985757883822e-04 0.000000000000000000e+00 6.518904823989569563e-04 0.000000000000000000e+00 2.459117176933480809e-04 0.000000000000000000e+00 1.231906375115491246e-03 0.000000000000000000e+00 0.000000000000000000e+00 0.000000000000000000e+00 2.877283844051215650e-04 1.084245906971701231e-04 2.107481559536354178e-04 0.000000000000000000e+00 0.000000000000000000e+00 0.000000000000000000e+00 9.718172983479105411e-04 8.126117341134406126e-05 1.446729358272191759e-03 0.000000000000000000e+00 0.000000000000000000e+00 2.582138723176921006e-03 4.255319148936170109e-02 1.352265043948613910e-04 3.614992237746728759e-02 0.000000000000000000e+00 0.000000000000000000e+00 2.405870323589558526e-04 7.752974201309985325e-03 0.000000000000000000e+00 0.000000000000000000e+00 0.000000000000000000e+00 1.949317738791422948e-04 0.000000000000000000e+00 3.498542274052478078e-03 0.000000000000000000e+00 1.496557916791379931e-03 0.000000000000000000e+00 1.990049751243780970e-03 0.000000000000000000e+00 5.996641880546894118e-04 0.000000000000000000e+00 0.000000000000000000e+00 3.736920777279521800e-04 0.000000000000000000e+00 0.000000000000000000e+00 0.000000000000000000e+00 0.000000000000000000e+00 0.000000000000000000e+00 0.000000000000000000e+00 0.000000000000000000e+00 0.000000000000000000e+00 0.000000000000000000e+00 0.000000000000000000e+00 0.000000000000000000e+00 0.000000000000000000e+00 0.000000000000000000e+00 0.000000000000000000e+00 0.000000000000000000e+00 0.000000000000000000e+00 0.000000000000000000e+00 0.000000000000000000e+00 0.000000000000000000e+00 0.000000000000000000e+00 0.000000000000000000e+00 0.000000000000000000e+00 0.000000000000000000e+00
1.009629413481178822e-01 9.726680284019064695e-04 3.089193658204454906e-01 6.808676198813344745e-03 1.964789417371851088e-02 2.918004085205719083e-04 0.000000000000000000e+00 1.866758006507963571e-02 1.055045871559633086e-01 2.234280242578997634e-03 1.270331480337656971e-01 1.270565238638214633e-02 2.603082851637765205e-01 8.535428803685136956e-03 4.285319325407796476e-02 1.031991744066047389e-03 5.392912172573189819e-03 1.648955661414437451e-03 5.698630136986301310e-03 8.109071466761718500e-03 0.000000000000000000e+00 0.000000000000000000e+00 1.703191996188661156e-02 1.238556812062466261e-02 3.570447679209008511e-03 5.189413596263621952e-04 3.275109170305676685e-03 0.000000000000000000e+00 1.324053641147513241e-02 2.436760269203991618e-03 9.329446064139941541e-03 1.106282101935993599e-02 7.644091117566121762e-04 8.858720662678324156e-03 0.000000000000000000e+00 4.945598417408506248e-04 3.037834852250759655e-03 2.570033410434335711e-04 0.000000000000000000e+00 0.000000000000000000e+00 0.000000000000000000e+00 0.000000000000000000e+00 1.654807214959457191e-04 8.779631255487270101e-05 8.603383997705764397e-04 0.000000000000000000e+00 0.000000000000000000e+00 1.213592233009708687e-04 1.405975395430580054e-03 1.017293997965411975e-04 3.091367071215937908e-03 2.444589308996088857e-04 0.000000000000000000e+00 1.229558588466740405e-04 2.057877813504823024e-03 0.000000000000000000e+00 4.215083162451583113e-03 0.000000000000000000e+00 5.619480867005619690e-03 2.877283844051215650e-04 2.320286240919440524e-02 0.000000000000000000e+00 2.014652014652014867e-03 0.000000000000000000e+00 1.111744583808437804e-02 0.000000000000000000e+00 3.087924589631074138e-03 3.100134339154696781e-04 1.592863969417011806e-04 0.000000000000000000e+00 7.212180571632090254e-02 4.986702127659574076e-04 4.327248140635564511e-02 5.100909292526058757e-03 0.000000000000000000e+00 0.000000000000000000e+00 2.646457355948514389e-02 4.277503007619302099e-03 1.076426264800861045e-03 0.000000000000000000e+00 3.405893676884347732e-03 0.000000000000000000e+00 4.856726566294317440e-04 0.000000000000000000e+00 1.818453939983536577e-02 0.000000000000000000e+00 3.688675765400221485e-04 0.000000000000000000e+00 1.408627845554018439e-02 1.199328376109378742e-04 0.000000000000000000e+00 0.000000000000000000e+00 0.000000000000000000e+00 0.000000000000000000e+00 0.000000000000000000e+00 0.000000000000000000e+00 0.000000000000000000e+00 0.000000000000000000e+00 0.000000000000000000e+00 0.000000000000000000e+00 8.417508417508417140e-04 0.000000000000000000e+00 3.239390994493035318e-04 0.000000000000000000e+00 0.000000000000000000e+00 0.000000000000000000e+00 0.000000000000000000e+00 0.000000000000000000e+00 0.000000000000000000e+00 0.000000000000000000e+00 0.000000000000000000e+00 0.000000000000000000e+00 0.000000000000000000e+00 0.000000000000000000e+00 0.000000000000000000e+00 0.000000000000000000e+00
5.309128275389621461e-03 7.758177770166124754e-02 1.070388765199520482e-02 2.424216475423874029e-01 5.137866072957697873e-04 7.278643603356739142e-03 1.866758006507963571e-02 0.000000000000000000e+00 3.175723359209597918e-03 1.315033514203638731e-01 1.482396541074737506e-02 1.713634142368463953e-01 6.743737957610789792e-03 2.557918981167863204e-01 2.764722145424385047e-03 2.344095532950022168e-02 6.548536209553158446e-03 1.777207768413338260e-02 2.860273972602739648e-02 1.666369631081803665e-02 0.000000000000000000e+00 0.000000000000000000e+00 2.691757979990471589e-02 1.400107700592353316e-02 3.021148036253776432e-03 2.594706798131811085e-03 5.458515283842794476e-04 2.447481133999592287e-03 2.546257002206756166e-03 1.856579252726850773e-02 1.457725947521865822e-02 5.728960885025681168e-03 1.131325485399786029e-02 1.380579843534284357e-03 0.000000000000000000e+00 0.000000000000000000e+00 5.523336095001380895e-04 5.911076843998971757e-03 0.000000000000000000e+00 9.250693802035153072e-04 0.000000000000000000e+00 2.816901408450704376e-03 0.000000000000000000e+00 3.511852502194908040e-04 0.000000000000000000e+00 5.807200929152148659e-03 0.000000000000000000e+00 2.427184466019417374e-04 0.000000000000000000e+00 1.180061037639877977e-02 1.144950767117013975e-04 1.336375488917861815e-02 3.683241252302025702e-04 2.336161318086806687e-03 1.286173633440514390e-04 4.003695719125346768e-03 1.139211665527454950e-04 4.201680672268907381e-03 0.000000000000000000e+00 1.352323406704071355e-02 1.084245906971701231e-04 3.013698630136986412e-02 0.000000000000000000e+00 1.817280687262514370e-03 0.000000000000000000e+00 1.895043731778425777e-02 3.250446936453762451e-04 6.923633357445489224e-03 0.000000000000000000e+00 5.198856251624642093e-04 2.938295788442703109e-03 6.117021276595744489e-02 5.544286680189317029e-03 2.616988245730760693e-02 0.000000000000000000e+00 0.000000000000000000e+00 5.774088776614940029e-03 3.154658468119235504e-02 0.000000000000000000e+00 2.617801047120419007e-03 0.000000000000000000e+00 2.729044834307992398e-03 0.000000000000000000e+00 5.830903790087463463e-04 2.245004864177205641e-04 1.219694702184974562e-02 0.000000000000000000e+00 4.975124378109452425e-04 0.000000000000000000e+00 5.636843367714080427e-03 0.000000000000000000e+00 1.380262249827467246e-03 0.000000000000000000e+00 0.000000000000000000e+00 1.077586206896551709e-03 1.746031746031746074e-02 0.000000000000000000e+00 0.000000000000000000e+00 8.880994671403197489e-04 7.524454477050413577e-04 0.000000000000000000e+00 0.000000000000000000e+00 0.000000000000000000e+00 2.592688618096966298e-04 0.000000000000000000e+00 0.000000000000000000e+00 0.000000000000000000e+00 0.000000000000000000e+00 0.000000000000000000e+00 0.000000000000000000e+00 0.000000000000000000e+00 0.000000000000000000e+00 0.000000000000000000e+00 0.000000000000000000e+00 0.000000000000000000e+00 0.000000000000000000e+00
7.057163020465773151e-03 3.528581510232886576e-04 4.728299223712068011e-02 4.234297812279463891e-03 3.842625264643613203e-01 4.587155963302752548e-03 1.055045871559633086e-01 3.175723359209597918e-03 0.000000000000000000e+00 1.595914458984998372e-03 5.764875437512867982e-03 0.000000000000000000e+00 1.098265895953757197e-02 0.000000000000000000e+00 1.410008294166436305e-01 8.845643520566121715e-04 1.926040061633282040e-04 0.000000000000000000e+00 1.095890410958904140e-04 0.000000000000000000e+00 2.431118314424635541e-03 0.000000000000000000e+00 4.406860409718913602e-03 2.692514808831448451e-03 9.887393573194177415e-03 4.151530877010897562e-03 4.912663755458515462e-03 1.427697328166428617e-03 4.583262603972160752e-03 0.000000000000000000e+00 1.554907677356656996e-03 2.568154879494270824e-03 3.057636447026448596e-04 0.000000000000000000e+00 0.000000000000000000e+00 0.000000000000000000e+00 1.657000828500414160e-03 0.000000000000000000e+00 0.000000000000000000e+00 0.000000000000000000e+00 0.000000000000000000e+00 0.000000000000000000e+00 0.000000000000000000e+00 0.000000000000000000e+00 0.000000000000000000e+00 0.000000000000000000e+00 0.000000000000000000e+00 0.000000000000000000e+00 0.000000000000000000e+00 0.000000000000000000e+00 0.000000000000000000e+00 0.000000000000000000e+00 0.000000000000000000e+00 0.000000000000000000e+00 0.000000000000000000e+00 0.000000000000000000e+00 6.835269993164730514e-04 0.000000000000000000e+00 2.675943270002675888e-04 0.000000000000000000e+00 1.843218041851891944e-03 0.000000000000000000e+00 1.465201465201465200e-03 1.652073352056831221e-04 1.140250855188141427e-03 0.000000000000000000e+00 4.875670404680643405e-04 0.000000000000000000e+00 1.592863969417011806e-04 0.000000000000000000e+00 1.237645801798593209e-02 1.163563829787233987e-03 2.014874915483434725e-02 6.653359946773120589e-04 0.000000000000000000e+00 0.000000000000000000e+00 5.774088776614940029e-03 8.020318139286191977e-04 1.076426264800861045e-03 0.000000000000000000e+00 3.109729009329187041e-03 0.000000000000000000e+00 0.000000000000000000e+00 0.000000000000000000e+00 2.020504377759484941e-03 0.000000000000000000e+00 0.000000000000000000e+00 0.000000000000000000e+00 1.257703433530373645e-04 0.000000000000000000e+00 1.013684744044602128e-03 0.000000000000000000e+00 0.000000000000000000e+00 0.000000000000000000e+00 0.000000000000000000e+00 1.587301587301587300e-03 0.000000000000000000e+00 0.000000000000000000e+00 0.000000000000000000e+00 0.000000000000000000e+00 0.000000000000000000e+00 0.000000000000000000e+00 3.239390994493035318e-04 0.000000000000000000e+00 0.000000000000000000e+00 0.000000000000000000e+00 0.000000000000000000e+00 0.000000000000000000e+00 0.000000000000000000e+00 0.000000000000000000e+00 0.000000000000000000e+00 0.000000000000000000e+00 0.000000000000000000e+00 0.000000000000000000e+00 0.000000000000000000e+00 0.000000000000000000e+00
0.000000000000000000e+00 1.595914458984998372e-03 1.276731567187998741e-03 6.543249281838493803e-02 4.787743376954995550e-03 2.534312160868177344e-01 2.234280242578997634e-03 1.315033514203638731e-01 1.595914458984998372e-03 0.000000000000000000e+00 2.058884084826024163e-04 8.144648965629580845e-04 7.707129094412331531e-04 5.961251862891207148e-03 1.105888858169753975e-03 1.499336576735957605e-01 0.000000000000000000e+00 1.832172957127152784e-04 0.000000000000000000e+00 8.911067545891997350e-04 0.000000000000000000e+00 4.526935264825712952e-04 2.143878037160552516e-03 4.846526655896607298e-03 9.612743751716562243e-03 4.411001556824078497e-03 3.548034934497816626e-03 2.039567611666326906e-03 0.000000000000000000e+00 2.552796472499419770e-03 4.664723032069970771e-03 3.358356380877123518e-03 0.000000000000000000e+00 5.752416014726184461e-04 0.000000000000000000e+00 0.000000000000000000e+00 0.000000000000000000e+00 2.570033410434335711e-04 0.000000000000000000e+00 0.000000000000000000e+00 0.000000000000000000e+00 0.000000000000000000e+00 0.000000000000000000e+00 1.755926251097454020e-04 0.000000000000000000e+00 4.839334107626790549e-04 0.000000000000000000e+00 0.000000000000000000e+00 0.000000000000000000e+00 7.121057985757883822e-04 0.000000000000000000e+00 9.778357235984355428e-04 0.000000000000000000e+00 6.147792942333701752e-04 0.000000000000000000e+00 9.239297813366184348e-04 0.000000000000000000e+00 1.826817683595177157e-04 0.000000000000000000e+00 1.438641922025607825e-04 0.000000000000000000e+00 6.322444678609061720e-04 0.000000000000000000e+00 1.652073352056831221e-04 0.000000000000000000e+00 2.429543245869776353e-04 0.000000000000000000e+00 9.300403017464090342e-04 0.000000000000000000e+00 0.000000000000000000e+00 7.123141305315644229e-04 1.246675531914893595e-02 1.352265043948613910e-04 1.042359724994455610e-02 0.000000000000000000e+00 9.146341463414633596e-03 1.202935161794779263e-04 8.287662077262397328e-03 0.000000000000000000e+00 1.308900523560209504e-03 0.000000000000000000e+00 9.746588693957114469e-04 0.000000000000000000e+00 1.749271137026239039e-03 0.000000000000000000e+00 1.421730020951810771e-03 0.000000000000000000e+00 0.000000000000000000e+00 0.000000000000000000e+00 8.395298632765651331e-04 0.000000000000000000e+00 0.000000000000000000e+00 0.000000000000000000e+00 0.000000000000000000e+00 0.000000000000000000e+00 1.587301587301587300e-03 0.000000000000000000e+00 0.000000000000000000e+00 0.000000000000000000e+00 0.000000000000000000e+00 0.000000000000000000e+00 0.000000000000000000e+00 0.000000000000000000e+00 0.000000000000000000e+00 0.000000000000000000e+00 0.000000000000000000e+00 0.000000000000000000e+00 0.000000000000000000e+00 0.000000000000000000e+00 0.000000000000000000e+00 0.000000000000000000e+00 0.000000000000000000e+00 0.000000000000000000e+00 0.000000000000000000e+00 0.000000000000000000e+00 0.000000000000000000e+00
2.305950175005147262e-01 6.176652254478073303e-04 3.294214535721638748e-02 2.470660901791229321e-03 1.852995676343421882e-03 0.000000000000000000e+00 1.270331480337656971e-01 1.482396541074737506e-02 5.764875437512867982e-03 2.058884084826024163e-04 0.000000000000000000e+00 7.493077048379214594e-03 1.229287090558766893e-01 3.793523912748949806e-03 8.294166436273155141e-03 0.000000000000000000e+00 7.203389830508474811e-02 3.664345914254305567e-04 1.939726027397260105e-02 3.920869720192479008e-03 0.000000000000000000e+00 0.000000000000000000e+00 1.226774654597427398e-02 2.692514808831448451e-03 8.239494644328481179e-04 2.594706798131810976e-04 0.000000000000000000e+00 0.000000000000000000e+00 6.756068579188592715e-02 3.481086098862845092e-04 1.049562682215743510e-02 5.926511260371395209e-04 2.751872802323803574e-03 3.451449608835711110e-03 0.000000000000000000e+00 0.000000000000000000e+00 5.523336095001380895e-04 0.000000000000000000e+00 0.000000000000000000e+00 0.000000000000000000e+00 0.000000000000000000e+00 0.000000000000000000e+00 0.000000000000000000e+00 0.000000000000000000e+00 0.000000000000000000e+00 0.000000000000000000e+00 0.000000000000000000e+00 0.000000000000000000e+00 0.000000000000000000e+00 1.017293997965411975e-04 1.144950767117013975e-04 8.148631029986961954e-05 3.683241252302025702e-04 0.000000000000000000e+00 0.000000000000000000e+00 0.000000000000000000e+00 3.759398496240601295e-03 0.000000000000000000e+00 2.274551779502274450e-03 0.000000000000000000e+00 1.572156565108966814e-02 2.107481559536354178e-04 3.296703296703296700e-03 1.652073352056831221e-04 5.986316989737742490e-03 0.000000000000000000e+00 1.625223468226881225e-04 5.166890565257828329e-04 9.557183816502070293e-04 2.599428125812321046e-04 4.042382690766627845e-02 0.000000000000000000e+00 2.434077079107505037e-03 1.441561321800842758e-03 0.000000000000000000e+00 0.000000000000000000e+00 9.623481294358234104e-04 2.005079534821548048e-03 1.076426264800861045e-03 0.000000000000000000e+00 2.369317340441285530e-03 0.000000000000000000e+00 0.000000000000000000e+00 0.000000000000000000e+00 5.088677692134999271e-03 0.000000000000000000e+00 0.000000000000000000e+00 0.000000000000000000e+00 2.389636523707709681e-03 0.000000000000000000e+00 0.000000000000000000e+00 0.000000000000000000e+00 0.000000000000000000e+00 0.000000000000000000e+00 0.000000000000000000e+00 0.000000000000000000e+00 0.000000000000000000e+00 0.000000000000000000e+00 0.000000000000000000e+00 0.000000000000000000e+00 0.000000000000000000e+00 0.000000000000000000e+00 0.000000000000000000e+00 0.000000000000000000e+00 0.000000000000000000e+00 0.000000000000000000e+00 0.000000000000000000e+00 0.000000000000000000e+00 0.000000000000000000e+00 0.000000000000000000e+00 0.000000000000000000e+00 0.000000000000000000e+00 0.000000000000000000e+00 0.000000000000000000e+00 0.000000000000000000e+00 0.000000000000000000e+00
3.257859586251832338e-03 1.166313731878156068e-01 5.538361296628115625e-03 4.512135526958788168e-02 0.000000000000000000e+00 3.257859586251832338e-04 1.270565238638214633e-02 1.713634142368463953e-01 0.000000000000000000e+00 8.144648965629580845e-04 7.493077048379214594e-03 0.000000000000000000e+00 2.312138728323699568e-03 1.876439506841891258e-01 0.000000000000000000e+00 1.385817484888692344e-02 2.118644067796610162e-03 3.352876511542689925e-02 7.452054794520547934e-03 3.092140438424523241e-02 0.000000000000000000e+00 0.000000000000000000e+00 6.431634111481657548e-03 6.282534553940046819e-03 0.000000000000000000e+00 0.000000000000000000e+00 0.000000000000000000e+00 0.000000000000000000e+00 8.487523340689187221e-04 4.478997447203527521e-02 3.109815354713313992e-03 4.148557882259976647e-03 2.446109157621158877e-03 2.761159687068568715e-03 0.000000000000000000e+00 0.000000000000000000e+00 0.000000000000000000e+00 5.140066820868671423e-04 0.000000000000000000e+00 4.625346901017576536e-04 0.000000000000000000e+00 0.000000000000000000e+00 0.000000000000000000e+00 8.779631255487270101e-05 0.000000000000000000e+00 1.355013550135501354e-03 0.000000000000000000e+00 1.213592233009708687e-04 0.000000000000000000e+00 2.441505595116988739e-03 1.144950767117013975e-04 3.585397653194263151e-03 0.000000000000000000e+00 8.606910119267183103e-04 0.000000000000000000e+00 3.541730828457037225e-03 1.139211665527454950e-04 4.658385093167701982e-03 0.000000000000000000e+00 2.589555459646094085e-03 2.168491813943402462e-04 1.875658587987355172e-02 0.000000000000000000e+00 1.255575747563191825e-02 2.850627137970353567e-04 1.154033041788143747e-02 2.437835202340321702e-04 3.306809961765009610e-03 0.000000000000000000e+00 2.599428125812321046e-04 7.123141305315644229e-04 2.277260638297872244e-02 1.352265043948613910e-03 1.663339986693280039e-03 0.000000000000000000e+00 0.000000000000000000e+00 1.684109226512691022e-03 1.470391658869135178e-03 0.000000000000000000e+00 0.000000000000000000e+00 0.000000000000000000e+00 1.208576998050682298e-02 0.000000000000000000e+00 2.915451895043731732e-03 0.000000000000000000e+00 2.192457348099371289e-02 0.000000000000000000e+00 4.975124378109452425e-04 1.257703433530373645e-04 8.275365795154712711e-03 0.000000000000000000e+00 0.000000000000000000e+00 0.000000000000000000e+00 0.000000000000000000e+00 0.000000000000000000e+00 1.587301587301587300e-03 0.000000000000000000e+00 0.000000000000000000e+00 0.000000000000000000e+00 0.000000000000000000e+00 8.417508417508417140e-04 0.000000000000000000e+00 0.000000000000000000e+00 0.000000000000000000e+00 0.000000000000000000e+00 0.000000000000000000e+00 0.000000000000000000e+00 0.000000000000000000e+00 0.000000000000000000e+00 0.000000000000000000e+00 0.000000000000000000e+00 0.000000000000000000e+00 0.000000000000000000e+00 0.000000000000000000e+00 0.000000000000000000e+00 0.000000000000000000e+00
3.005780346820809135e-02 0.000000000000000000e+00 5.645472061657032942e-02 5.394990366088632180e-03 9.633911368015414143e-04 3.853564547206165766e-04 2.603082851637765205e-01 6.743737957610789792e-03 1.098265895953757197e-02 7.707129094412331531e-04 1.229287090558766893e-01 2.312138728323699568e-03 0.000000000000000000e+00 4.877387887820078261e-03 1.680951064418025886e-01 2.948547840188707058e-04 1.348228043143297455e-03 0.000000000000000000e+00 2.520547945205479576e-03 3.564427018356799049e-04 0.000000000000000000e+00 0.000000000000000000e+00 1.429252024773701793e-02 6.641536528450906265e-03 0.000000000000000000e+00 5.189413596263621952e-04 2.729257641921397238e-04 0.000000000000000000e+00 9.964352401969105155e-02 5.801810164771408667e-04 2.915451895043731732e-03 6.321612011062820689e-03 1.223054578810579439e-03 2.185918085595950269e-03 0.000000000000000000e+00 0.000000000000000000e+00 2.209334438000552358e-03 0.000000000000000000e+00 0.000000000000000000e+00 0.000000000000000000e+00 0.000000000000000000e+00 0.000000000000000000e+00 0.000000000000000000e+00 0.000000000000000000e+00 5.735589331803842570e-04 0.000000000000000000e+00 0.000000000000000000e+00 0.000000000000000000e+00 0.000000000000000000e+00 0.000000000000000000e+00 3.434852301351042059e-04 0.000000000000000000e+00 0.000000000000000000e+00 0.000000000000000000e+00 5.144694533762057560e-04 0.000000000000000000e+00 1.936659831396673592e-03 0.000000000000000000e+00 2.274551779502274450e-03 0.000000000000000000e+00 1.756478369294155878e-02 0.000000000000000000e+00 7.692307692307692735e-03 0.000000000000000000e+00 5.131128848346636420e-03 0.000000000000000000e+00 8.126117341134405855e-04 1.033378113051565503e-04 3.185727938834023612e-04 0.000000000000000000e+00 3.659513845605912030e-02 3.324468085106382898e-04 1.027721433400946571e-02 1.552450654247061398e-03 0.000000000000000000e+00 0.000000000000000000e+00 1.479610249007578572e-02 1.203047720892928742e-03 3.229278794402583568e-03 0.000000000000000000e+00 6.515622686213534340e-03 0.000000000000000000e+00 0.000000000000000000e+00 0.000000000000000000e+00 8.082017511037939764e-03 0.000000000000000000e+00 0.000000000000000000e+00 0.000000000000000000e+00 2.389636523707709681e-03 0.000000000000000000e+00 0.000000000000000000e+00 6.901311249137336229e-04 0.000000000000000000e+00 0.000000000000000000e+00 1.077586206896551709e-03 1.587301587301587300e-03 0.000000000000000000e+00 0.000000000000000000e+00 0.000000000000000000e+00 0.000000000000000000e+00 0.000000000000000000e+00 0.000000000000000000e+00 3.239390994493035318e-04 0.000000000000000000e+00 0.000000000000000000e+00 0.000000000000000000e+00 0.000000000000000000e+00 0.000000000000000000e+00 0.000000000000000000e+00 0.000000000000000000e+00 0.000000000000000000e+00 0.000000000000000000e+00 0.000000000000000000e+00 0.000000000000000000e+00 0.000000000000000000e+00 0.000000000000000000e+00
