0.000000000000000000e+00 1.647603485838779885e-02 6.504149377593361481e-02 6.137184115523465315e-03 1.561036528254761135e-03 0.000000000000000000e+00 1.305672551303880269e-01 4.251098200368428476e-03 3.477051460361613514e-03 0.000000000000000000e+00 2.452344152498711904e-01 1.350666891777815371e-03 4.552567932849622967e-02 0.000000000000000000e+00 7.197382769901853640e-03 1.689760054072321602e-04 7.077276205049731761e-02 8.918249380677126595e-03 1.419180201082753390e-01 4.505360293119826248e-02 0.000000000000000000e+00 0.000000000000000000e+00 1.272669424117085562e-03 5.809450038729666466e-04 0.000000000000000000e+00 0.000000000000000000e+00 0.000000000000000000e+00 0.000000000000000000e+00 4.343903067800979761e-02 2.520478890989288033e-03 1.748251748251748250e-03 0.000000000000000000e+00 9.690230341540905998e-03 2.918973326623049841e-02 0.000000000000000000e+00 0.000000000000000000e+00 7.903839501902455711e-02 2.030456852791878112e-04 7.188160676532769772e-03 3.702332469455757273e-04 0.000000000000000000e+00 0.000000000000000000e+00 0.000000000000000000e+00 0.000000000000000000e+00 1.544640098856966352e-04 1.300728407908428841e-04 0.000000000000000000e+00 0.000000000000000000e+00 5.223750652968831877e-04 0.000000000000000000e+00 6.735200283587380356e-03 1.213150551983501087e-04 3.147623544224110764e-04 0.000000000000000000e+00 1.865323633650438438e-03 0.000000000000000000e+00 2.849191163680639960e-01 6.002400960384153897e-03 2.253909843606255806e-02 7.151029748283752605e-04 4.462738301559791843e-02 1.715560130382569792e-04 6.388206388206388482e-03 8.510638297872340349e-04 2.987494210282538171e-02 9.909165978530139456e-04 8.054649265905383312e-03 1.666666666666666774e-03 8.313226584777363981e-02 1.066790352504638252e-02 6.565748677731168825e-02 2.955082742316784798e-04 4.340502720912153140e-02 2.049622437971952617e-03 0.000000000000000000e+00 0.000000000000000000e+00 5.865733889412081542e-02 1.657106437221159871e-03 1.990049751243780970e-03 0.000000000000000000e+00 6.117266851338873206e-03 1.533507130808158176e-04 7.369196757553426839e-04 0.000000000000000000e+00 9.995043779943830337e-03 0.000000000000000000e+00 0.000000000000000000e+00 0.000000000000000000e+00 4.740658114891244113e-03 0.000000000000000000e+00 3.403465346534653452e-03 1.814058956916099865e-03 1.928268414963362843e-03 3.022162525184687518e-03 5.253623188405796840e-02 3.439380911435941605e-03 1.919385796545105497e-03 2.105263157894736795e-03 1.638001638001638106e-03 2.822201317027281473e-03 5.409060175794455638e-03 1.278772378516624146e-03 2.440810349035879914e-03 2.567094515752625303e-03 7.191657677094570036e-04 0.000000000000000000e+00 0.000000000000000000e+00 5.309734513274336209e-03 0.000000000000000000e+00 4.291845493562231745e-03 0.000000000000000000e+00 0.000000000000000000e+00 0.000000000000000000e+00 0.000000000000000000e+00 0.000000000000000000e+00 0.000000000000000000e+00
1.647603485838779885e-02 0.000000000000000000e+00 2.178423236514522889e-03 7.391696750902526647e-02 0.000000000000000000e+00 2.082465639316951353e-04 2.778026704901872829e-03 1.354683293184072435e-01 0.000000000000000000e+00 4.370902279113330832e-03 8.586639189421260221e-04 1.794698632449772124e-01 1.422677479015507069e-04 3.269939840869396513e-02 0.000000000000000000e+00 3.210544102737411098e-03 1.721499617444529348e-03 7.085053674649050004e-02 2.436194895591647230e-02 1.648799022933912228e-01 0.000000000000000000e+00 0.000000000000000000e+00 1.802948350832537898e-03 1.161890007745933293e-03 3.360215053763441128e-04 4.243581582855930254e-04 0.000000000000000000e+00 0.000000000000000000e+00 2.577984016499097839e-04 3.364839319470699225e-02 3.846153846153846367e-03 1.685487948761166417e-04 1.397934868943606114e-02 2.264720684448917956e-02 4.246284501061571267e-04 0.000000000000000000e+00 1.210653753026634440e-03 5.319796954314720550e-02 0.000000000000000000e+00 8.145131432802665133e-03 0.000000000000000000e+00 3.579952267303102790e-03 0.000000000000000000e+00 1.686482840037102540e-04 0.000000000000000000e+00 1.170655567117585795e-03 0.000000000000000000e+00 0.000000000000000000e+00 0.000000000000000000e+00 4.406538734896943421e-03 0.000000000000000000e+00 9.583889360669659019e-03 0.000000000000000000e+00 1.034126163391933893e-03 0.000000000000000000e+00 1.547748026621266005e-03 7.131675073925899770e-03 2.776803028903869208e-01 4.599816007359705571e-04 3.160755148741418996e-02 4.332755632582322119e-04 5.369703208097444114e-02 9.828009828009827767e-04 2.042553191489361597e-02 2.315886984715145869e-04 5.004128819157720870e-02 1.325448613376835338e-03 2.878787878787878677e-03 1.140601008993200223e-02 1.563079777365491696e-01 4.559547692868867481e-04 8.414598108747044225e-02 1.036537963202902339e-03 3.139158576051780114e-02 0.000000000000000000e+00 0.000000000000000000e+00 3.901520247544732877e-03 8.183556405353728525e-02 0.000000000000000000e+00 1.477104874446085771e-03 9.233610341643582299e-04 1.058119920257629201e-02 0.000000000000000000e+00 1.851166234727878637e-03 0.000000000000000000e+00 3.130921230713705483e-02 0.000000000000000000e+00 1.176470588235294015e-03 0.000000000000000000e+00 1.398921093535704548e-02 3.094059405940594097e-04 6.349206349206349201e-03 7.713073659853451588e-04 7.723304231027535056e-03 1.086956521739130405e-02 8.598452278589853795e-03 6.397952655150351657e-04 0.000000000000000000e+00 8.190008190008190529e-04 3.762935089369708486e-03 0.000000000000000000e+00 7.672634271099744441e-03 4.881620698071759828e-04 3.967327887981330486e-03 0.000000000000000000e+00 2.125075895567698700e-03 0.000000000000000000e+00 3.539823008849557473e-03 0.000000000000000000e+00 3.433476394849785396e-02 2.358490566037735759e-03 1.237623762376237639e-03 3.344481605351170509e-03 2.290950744558992083e-03 0.000000000000000000e+00 0.000000000000000000e+00
6.504149377593361481e-02 2.178423236514522889e-03 0.000000000000000000e+00 3.249097472924187928e-03 8.304714330315329796e-02 2.915451895043731732e-03 2.500224034411685503e-01 6.305795663879835977e-03 5.354659248956884776e-02 6.556353418669997116e-03 2.026446848703417417e-02 2.701333783555630742e-03 3.741641769810783585e-02 3.881234232485930580e-03 1.046892039258451486e-02 3.379520108144643421e-03 5.738332058148431884e-03 4.954582989265069728e-04 6.599639082237690468e-02 4.342515945175736206e-03 1.440922190201729012e-03 0.000000000000000000e+00 1.970516491674620951e-01 5.228505034856700470e-03 1.377688172043010743e-02 2.758328028856354801e-03 9.315323707498835912e-04 2.675227394328517721e-04 2.010827532869296358e-02 1.638311279143037178e-03 9.965034965034964484e-03 8.595988538681948593e-03 1.048451151707704455e-02 2.918973326623049841e-03 8.492569002123142533e-04 0.000000000000000000e+00 2.006226219301279756e-02 2.030456852791878112e-04 0.000000000000000000e+00 0.000000000000000000e+00 0.000000000000000000e+00 0.000000000000000000e+00 0.000000000000000000e+00 0.000000000000000000e+00 1.544640098856966352e-04 0.000000000000000000e+00 0.000000000000000000e+00 0.000000000000000000e+00 1.741250217656277292e-04 0.000000000000000000e+00 6.026231832683445581e-03 0.000000000000000000e+00 6.295247088448221529e-04 0.000000000000000000e+00 1.119194180190263106e-03 0.000000000000000000e+00 5.305270481822926126e-03 1.846892603195124263e-04 1.272615762036185226e-02 7.151029748283752605e-04 5.307625649913345206e-03 3.431120260765139584e-04 2.457002457002456942e-04 0.000000000000000000e+00 8.337193144974525127e-03 3.303055326176713513e-04 1.559951060358890675e-02 4.545454545454545451e-04 6.799736784382539624e-03 0.000000000000000000e+00 3.346708006565748961e-02 8.865248226950354395e-04 5.921223114796579645e-02 2.588996763754045343e-03 8.000000000000000167e-02 0.000000000000000000e+00 7.803040495089465234e-02 1.784576163161249226e-03 1.990049751243780970e-03 0.000000000000000000e+00 6.925207756232686996e-04 1.533507130808158176e-04 0.000000000000000000e+00 0.000000000000000000e+00 5.038823723773335969e-03 9.022827754218171886e-05 3.965107057890563053e-04 0.000000000000000000e+00 2.370329057445622056e-03 0.000000000000000000e+00 1.237623762376237639e-03 2.267573696145124777e-03 1.156961048978017792e-03 1.007387508394895839e-03 1.539855072463768189e-02 8.598452278589853795e-03 0.000000000000000000e+00 2.105263157894736795e-03 1.638001638001638106e-03 2.822201317027281473e-03 1.352265043948613910e-03 1.278772378516624146e-03 7.322431047107639743e-04 2.333722287047841105e-03 3.595828838547285018e-04 0.000000000000000000e+00 0.000000000000000000e+00 1.769911504424778736e-03 0.000000000000000000e+00 8.583690987124463490e-03 0.000000000000000000e+00 0.000000000000000000e+00 0.000000000000000000e+00 0.000000000000000000e+00 0.000000000000000000e+00 0.000000000000000000e+00
6.137184115523465315e-03 7.391696750902526647e-02 3.249097472924187928e-03 0.000000000000000000e+00 2.497658445207617990e-03 2.207413577675968255e-02 7.706783761985840780e-03 2.142553492985687924e-01 1.043115438108484011e-03 2.091788947861379991e-02 3.262922891980078906e-03 3.748100624683437659e-02 4.125764689144970770e-03 2.095866485542402513e-02 1.090512540894220334e-03 1.453193646502196762e-02 1.530221882172915025e-03 3.484723369116432545e-02 7.733952049497293084e-03 1.355679196634550221e-01 0.000000000000000000e+00 0.000000000000000000e+00 2.004454342984409929e-02 1.886134779240898618e-01 5.040322580645161150e-03 1.867175896456609377e-02 1.397298556124825387e-03 2.942750133761369655e-03 1.031193606599639136e-03 3.100189035916824098e-02 2.307692307692307820e-02 2.140569694926681282e-02 7.625099285146942282e-03 1.489682939104177220e-02 0.000000000000000000e+00 2.072538860103626847e-03 5.188516084399861887e-04 3.045685279187817368e-02 0.000000000000000000e+00 1.999259533506108841e-02 0.000000000000000000e+00 1.193317422434367597e-03 0.000000000000000000e+00 1.686482840037102540e-04 0.000000000000000000e+00 1.821019771071800269e-03 0.000000000000000000e+00 1.314924391847468728e-04 0.000000000000000000e+00 5.970149253731343343e-03 0.000000000000000000e+00 1.698410772776901521e-03 0.000000000000000000e+00 0.000000000000000000e+00 0.000000000000000000e+00 0.000000000000000000e+00 3.478865889719951398e-04 1.052728783821220773e-02 4.599816007359705571e-04 4.590961098398169127e-02 1.083188908145580530e-04 7.720020586721564743e-03 0.000000000000000000e+00 7.092198581560284166e-04 2.315886984715145869e-04 6.275805119735755784e-03 5.097879282218596621e-04 1.712121212121212044e-02 0.000000000000000000e+00 7.421150278293135553e-03 1.823819077147546992e-03 3.568262411347517676e-02 3.368748380409432655e-03 7.022653721682847738e-02 0.000000000000000000e+00 0.000000000000000000e+00 2.825238799946185996e-03 9.432759719566602419e-02 0.000000000000000000e+00 0.000000000000000000e+00 1.154201292705447787e-04 1.840208556969789811e-03 0.000000000000000000e+00 2.221399481673454364e-03 0.000000000000000000e+00 1.353424163132725851e-03 0.000000000000000000e+00 0.000000000000000000e+00 0.000000000000000000e+00 1.097193014537807369e-03 9.282178217821781749e-04 2.721088435374149472e-03 1.928268414963362843e-03 3.357958361316319609e-03 9.963768115942028131e-03 1.031814273430782525e-02 0.000000000000000000e+00 0.000000000000000000e+00 0.000000000000000000e+00 2.822201317027281473e-03 3.380662609871534774e-03 1.278772378516624146e-03 0.000000000000000000e+00 3.267211201866977895e-03 0.000000000000000000e+00 9.107468123861566477e-04 0.000000000000000000e+00 0.000000000000000000e+00 3.875968992248061962e-03 2.575107296137339047e-02 0.000000000000000000e+00 0.000000000000000000e+00 0.000000000000000000e+00 0.000000000000000000e+00 0.000000000000000000e+00 0.000000000000000000e+00
1.561036528254761135e-03 0.000000000000000000e+00 8.304714330315329796e-02 2.497658445207617990e-03 0.000000000000000000e+00 4.164931278633902598e-03 3.494936822295904681e-03 5.668130933824571446e-04 3.014603616133518793e-01 4.995316890415235980e-03 8.586639189421260221e-04 0.000000000000000000e+00 9.958742353108551108e-04 0.000000000000000000e+00 9.487459105779716406e-02 6.759040216289286408e-04 0.000000000000000000e+00 0.000000000000000000e+00 3.866976024748646759e-04 0.000000000000000000e+00 1.066282420749279508e-01 7.183908045977011395e-04 6.893626047300880147e-03 3.098373353989155882e-03 8.971774193548387455e-02 1.018459579885423218e-02 8.989287377736376872e-02 5.082932049224183832e-03 1.056973446764630092e-02 0.000000000000000000e+00 8.566433566433566751e-03 5.562110230911848988e-03 1.429706115965051570e-03 1.006542526421741376e-04 0.000000000000000000e+00 0.000000000000000000e+00 3.459010722933241258e-04 0.000000000000000000e+00 0.000000000000000000e+00 0.000000000000000000e+00 1.457725947521865866e-03 0.000000000000000000e+00 1.122208506340478118e-04 0.000000000000000000e+00 0.000000000000000000e+00 0.000000000000000000e+00 0.000000000000000000e+00 0.000000000000000000e+00 1.741250217656277292e-04 0.000000000000000000e+00 2.363228169679782581e-04 0.000000000000000000e+00 3.147623544224110764e-04 0.000000000000000000e+00 1.865323633650438329e-04 0.000000000000000000e+00 8.697164724299878496e-05 9.234463015975621317e-05 0.000000000000000000e+00 0.000000000000000000e+00 1.083188908145580530e-04 0.000000000000000000e+00 0.000000000000000000e+00 0.000000000000000000e+00 6.947660954145437606e-04 0.000000000000000000e+00 1.019575856443719460e-04 0.000000000000000000e+00 0.000000000000000000e+00 0.000000000000000000e+00 2.681014043406894018e-02 9.604018912529550594e-04 2.137859549105985968e-02 0.000000000000000000e+00 0.000000000000000000e+00 0.000000000000000000e+00 1.076281447598547098e-03 0.000000000000000000e+00 0.000000000000000000e+00 0.000000000000000000e+00 2.308402585410895575e-04 0.000000000000000000e+00 7.369196757553426839e-04 0.000000000000000000e+00 8.260366760284156918e-04 0.000000000000000000e+00 0.000000000000000000e+00 0.000000000000000000e+00 4.182933630786391768e-04 0.000000000000000000e+00 0.000000000000000000e+00 0.000000000000000000e+00 0.000000000000000000e+00 0.000000000000000000e+00 1.811594202898550747e-03 0.000000000000000000e+00 0.000000000000000000e+00 0.000000000000000000e+00 0.000000000000000000e+00 9.407337723424271216e-04 0.000000000000000000e+00 0.000000000000000000e+00 0.000000000000000000e+00 0.000000000000000000e+00 0.000000000000000000e+00 0.000000000000000000e+00 0.000000000000000000e+00 0.000000000000000000e+00 0.000000000000000000e+00 0.000000000000000000e+00 0.000000000000000000e+00 0.000000000000000000e+00 0.000000000000000000e+00 0.000000000000000000e+00 0.000000000000000000e+00 0.000000000000000000e+00
0.000000000000000000e+00 2.082465639316951353e-04 2.915451895043731732e-03 2.207413577675968255e-02 4.164931278633902598e-03 0.000000000000000000e+00 6.272963527197777077e-04 6.730905483916678131e-03 5.910987482614742800e-03 2.210427724008741934e-01 0.000000000000000000e+00 1.688333614722269214e-04 2.845354958031014138e-04 4.851542790607413225e-04 1.526717557251908381e-03 1.116931395741804639e-01 0.000000000000000000e+00 0.000000000000000000e+00 1.288992008249548920e-04 6.785181164337087279e-04 5.763688760806916049e-03 8.620689655172413673e-03 6.469402905928518799e-03 3.330751355538342368e-02 3.293010752688171894e-02 1.937194992573732233e-01 1.304145319049837028e-02 1.637239165329053003e-01 0.000000000000000000e+00 1.902961562696912565e-02 1.241258741258741312e-02 1.297825720546098155e-02 0.000000000000000000e+00 1.207851031706089597e-03 0.000000000000000000e+00 5.181347150259067117e-04 0.000000000000000000e+00 2.030456852791878112e-04 0.000000000000000000e+00 0.000000000000000000e+00 0.000000000000000000e+00 0.000000000000000000e+00 0.000000000000000000e+00 0.000000000000000000e+00 0.000000000000000000e+00 0.000000000000000000e+00 0.000000000000000000e+00 1.314924391847468728e-04 0.000000000000000000e+00 1.421464108031272237e-04 0.000000000000000000e+00 1.213150551983501087e-04 0.000000000000000000e+00 0.000000000000000000e+00 0.000000000000000000e+00 1.547748026621266167e-04 0.000000000000000000e+00 0.000000000000000000e+00 3.066544004906470561e-04 1.430205949656750575e-04 0.000000000000000000e+00 0.000000000000000000e+00 0.000000000000000000e+00 0.000000000000000000e+00 0.000000000000000000e+00 8.257638315441783242e-04 0.000000000000000000e+00 3.030303030303030300e-04 0.000000000000000000e+00 0.000000000000000000e+00 3.100492431150829713e-03 4.225768321513002218e-02 6.478362270018139888e-04 3.085221143473570668e-02 0.000000000000000000e+00 0.000000000000000000e+00 0.000000000000000000e+00 1.402166985340981597e-03 0.000000000000000000e+00 0.000000000000000000e+00 0.000000000000000000e+00 3.067014261616316352e-04 0.000000000000000000e+00 3.702332469455757273e-04 0.000000000000000000e+00 1.804565550843634377e-04 0.000000000000000000e+00 0.000000000000000000e+00 0.000000000000000000e+00 9.143275121148395647e-05 0.000000000000000000e+00 4.535147392290249662e-04 0.000000000000000000e+00 0.000000000000000000e+00 0.000000000000000000e+00 0.000000000000000000e+00 0.000000000000000000e+00 0.000000000000000000e+00 0.000000000000000000e+00 9.407337723424271216e-04 0.000000000000000000e+00 0.000000000000000000e+00 0.000000000000000000e+00 2.333722287047841431e-04 0.000000000000000000e+00 0.000000000000000000e+00 0.000000000000000000e+00 0.000000000000000000e+00 0.000000000000000000e+00 0.000000000000000000e+00 0.000000000000000000e+00 0.000000000000000000e+00 0.000000000000000000e+00 0.000000000000000000e+00 0.000000000000000000e+00 0.000000000000000000e+00
1.305672551303880269e-01 2.778026704901872829e-03 2.500224034411685503e-01 7.706783761985840780e-03 3.494936822295904681e-03 6.272963527197777077e-04 0.000000000000000000e+00 1.225733314439563480e-02 8.136300417246175587e-02 2.497658445207617990e-03 1.142023012193027626e-01 4.389667398277900118e-03 1.752738654147104891e-01 6.501067339413933721e-03 9.378407851690294741e-03 2.027712064886786139e-03 1.358071920428462198e-02 1.651527663088356648e-03 1.688579530806908965e-02 8.956439136924955816e-03 4.803073967339096888e-04 0.000000000000000000e+00 1.633259094283593185e-02 9.682416731216111211e-03 6.720430107526882257e-04 1.485253553999575562e-03 0.000000000000000000e+00 2.675227394328517721e-04 2.307295694766692273e-02 4.284814114681789743e-03 8.041958041958041301e-03 9.775830102814764624e-03 2.541699761715647283e-03 8.052340211373930356e-03 4.246284501061571267e-04 5.181347150259067117e-04 1.262538913870633016e-02 2.030456852791878112e-04 0.000000000000000000e+00 3.702332469455757273e-04 2.915451895043731732e-03 0.000000000000000000e+00 0.000000000000000000e+00 0.000000000000000000e+00 4.633920296570899055e-04 0.000000000000000000e+00 1.783484929552345418e-04 0.000000000000000000e+00 1.044750130593766375e-03 1.421464108031272237e-04 1.287959352475481593e-02 0.000000000000000000e+00 4.091910607491344373e-03 0.000000000000000000e+00 3.917179630665920329e-03 0.000000000000000000e+00 9.827796138458862185e-03 1.846892603195124263e-04 1.410610242256976447e-02 7.151029748283752605e-04 2.870450606585788628e-02 1.715560130382569792e-04 9.828009828009827767e-04 0.000000000000000000e+00 4.608615099583140279e-02 3.303055326176713513e-04 6.831158238172920123e-03 1.363636363636363744e-03 2.851502522483000557e-03 0.000000000000000000e+00 7.778588364034287606e-02 1.182033096926713919e-03 4.768074630733350888e-02 5.070118662351671968e-03 2.000000000000000042e-02 0.000000000000000000e+00 7.776133458899502082e-02 3.824091778202676727e-03 9.950248756218904849e-04 0.000000000000000000e+00 4.039704524469066999e-03 1.533507130808158176e-04 7.369196757553426839e-04 0.000000000000000000e+00 2.568974062448372772e-02 0.000000000000000000e+00 3.965107057890563053e-04 0.000000000000000000e+00 1.171221416620189630e-02 0.000000000000000000e+00 3.094059405940594097e-04 4.535147392290249662e-04 1.542614731970690318e-03 1.678979180658159804e-03 1.086956521739130405e-02 6.018916595012897483e-03 0.000000000000000000e+00 0.000000000000000000e+00 0.000000000000000000e+00 9.407337723424271216e-04 3.380662609871534774e-03 3.836317135549872220e-03 4.881620698071759828e-04 1.400233372228704750e-03 0.000000000000000000e+00 9.107468123861566477e-04 0.000000000000000000e+00 0.000000000000000000e+00 0.000000000000000000e+00 0.000000000000000000e+00 0.000000000000000000e+00 0.000000000000000000e+00 0.000000000000000000e+00 0.000000000000000000e+00 1.165501165501165500e-03 0.000000000000000000e+00
4.251098200368428476e-03 1.354683293184072435e-01 6.305795663879835977e-03 2.142553492985687924e-01 5.668130933824571446e-04 6.730905483916678131e-03 1.225733314439563480e-02 0.000000000000000000e+00 4.520166898470097741e-03 1.052138620043708978e-01 6.697578567748583428e-03 7.192301198716866129e-02 9.816474605206999479e-03 3.158354356685426079e-01 1.744820065430752404e-03 3.362622507603920535e-02 1.912777352716143781e-04 2.163501238645747227e-02 1.018303686517143571e-02 6.513773917763604308e-03 4.803073967339096888e-04 0.000000000000000000e+00 3.531657651924912517e-02 2.226955848179705544e-02 5.376344086021505805e-03 2.121790791427965398e-03 4.657661853749417956e-04 0.000000000000000000e+00 2.449084815674142622e-03 2.709514807813484527e-02 3.129370629370629292e-02 3.708073487274565847e-03 8.260524225575853127e-03 4.126824358329139221e-03 0.000000000000000000e+00 1.036269430051813423e-03 3.459010722933241258e-04 5.685279187817258821e-03 0.000000000000000000e+00 2.221399481673454364e-03 0.000000000000000000e+00 0.000000000000000000e+00 0.000000000000000000e+00 3.372965680074205080e-04 0.000000000000000000e+00 2.601456815816857466e-03 0.000000000000000000e+00 0.000000000000000000e+00 0.000000000000000000e+00 6.112295664534470215e-03 1.181614084839891290e-04 1.176756035423996184e-02 0.000000000000000000e+00 8.273009307135470274e-04 0.000000000000000000e+00 3.095496053242532335e-04 0.000000000000000000e+00 3.416751315910979657e-03 1.533272002453235281e-04 8.438215102974828963e-03 3.249566724436741996e-04 1.887116143420826744e-02 2.457002457002456942e-04 2.127659574468085141e-03 0.000000000000000000e+00 3.633360858794384973e-02 5.097879282218596621e-04 4.848484848484848481e-03 2.193463478833077560e-04 9.276437847866419442e-04 2.735728615721320488e-03 8.303782505910164979e-02 4.016584607411246427e-03 6.224379719525350435e-02 0.000000000000000000e+00 0.000000000000000000e+00 2.959773980896004356e-03 4.244741873804971227e-02 0.000000000000000000e+00 1.477104874446085771e-03 1.154201292705447787e-04 5.213924244747737691e-03 0.000000000000000000e+00 2.591632728619030091e-03 0.000000000000000000e+00 1.506812234954434636e-02 3.965107057890563053e-04 0.000000000000000000e+00 0.000000000000000000e+00 8.411813111456523454e-03 0.000000000000000000e+00 2.267573696145124777e-03 7.713073659853451588e-04 3.357958361316319825e-04 6.340579710144927938e-03 2.579535683576956312e-03 0.000000000000000000e+00 0.000000000000000000e+00 0.000000000000000000e+00 3.762935089369708486e-03 0.000000000000000000e+00 1.278772378516624146e-03 0.000000000000000000e+00 7.001166861143523750e-04 0.000000000000000000e+00 3.035822707953855673e-04 0.000000000000000000e+00 0.000000000000000000e+00 0.000000000000000000e+00 8.583690987124463490e-03 0.000000000000000000e+00 0.000000000000000000e+00 0.000000000000000000e+00 0.000000000000000000e+00 0.000000000000000000e+00 0.000000000000000000e+00
3.477051460361613514e-03 0.000000000000000000e+00 5.354659248956884776e-02 1.043115438108484011e-03 3.014603616133518793e-01 5.910987482614742800e-03 8.136300417246175587e-02 4.520166898470097741e-03 0.000000000000000000e+00 4.683109584764283406e-03 3.262922891980078906e-03 0.000000000000000000e+00 1.394223929435197025e-02 9.703085581214826449e-05 1.415485278080697851e-01 1.520784048665089604e-03 1.721499617444529348e-03 0.000000000000000000e+00 6.444960041247744598e-04 0.000000000000000000e+00 1.056676272814601261e-02 0.000000000000000000e+00 5.408845052497613694e-03 2.711076684740511018e-03 3.024193548387096690e-03 6.789730532569488407e-03 2.328830926874708978e-03 5.350454788657035441e-04 1.456560969321990182e-02 3.780718336483932158e-04 8.741258741258741251e-04 3.370975897522332509e-03 6.354249404289118207e-04 1.006542526421741376e-04 0.000000000000000000e+00 0.000000000000000000e+00 1.729505361466620629e-04 0.000000000000000000e+00 0.000000000000000000e+00 0.000000000000000000e+00 0.000000000000000000e+00 0.000000000000000000e+00 0.000000000000000000e+00 0.000000000000000000e+00 0.000000000000000000e+00 0.000000000000000000e+00 3.566969859104690836e-04 0.000000000000000000e+00 0.000000000000000000e+00 0.000000000000000000e+00 0.000000000000000000e+00 0.000000000000000000e+00 0.000000000000000000e+00 0.000000000000000000e+00 1.865323633650438329e-04 0.000000000000000000e+00 3.478865889719951398e-04 0.000000000000000000e+00 1.533272002453235281e-04 0.000000000000000000e+00 2.166377816291161114e-03 0.000000000000000000e+00 4.914004914004913883e-04 0.000000000000000000e+00 2.084298286243631282e-03 0.000000000000000000e+00 0.000000000000000000e+00 0.000000000000000000e+00 2.193463478833077560e-04 0.000000000000000000e+00 1.714389932518694051e-02 6.648936170212765796e-04 2.539518009847110611e-02 2.157497303128371119e-04 0.000000000000000000e+00 0.000000000000000000e+00 4.439660971344006751e-03 0.000000000000000000e+00 0.000000000000000000e+00 0.000000000000000000e+00 1.038781163434903104e-03 0.000000000000000000e+00 0.000000000000000000e+00 0.000000000000000000e+00 5.782256732198909951e-04 0.000000000000000000e+00 0.000000000000000000e+00 0.000000000000000000e+00 6.971556051310652405e-04 0.000000000000000000e+00 3.094059405940594097e-04 4.535147392290249662e-04 0.000000000000000000e+00 0.000000000000000000e+00 0.000000000000000000e+00 0.000000000000000000e+00 0.000000000000000000e+00 0.000000000000000000e+00 0.000000000000000000e+00 0.000000000000000000e+00 0.000000000000000000e+00 0.000000000000000000e+00 0.000000000000000000e+00 0.000000000000000000e+00 0.000000000000000000e+00 0.000000000000000000e+00 0.000000000000000000e+00 0.000000000000000000e+00 0.000000000000000000e+00 0.000000000000000000e+00 0.000000000000000000e+00 0.000000000000000000e+00 0.000000000000000000e+00 0.000000000000000000e+00 0.000000000000000000e+00 0.000000000000000000e+00
0.000000000000000000e+00 4.370902279113330832e-03 6.556353418669997116e-03 2.091788947861379991e-02 4.995316890415235980e-03 2.210427724008741934e-01 2.497658445207617990e-03 1.052138620043708978e-01 4.683109584764283406e-03 0.000000000000000000e+00 0.000000000000000000e+00 2.194833699138950059e-03 7.113387395077535886e-04 1.203182612070638480e-02 8.724100327153762021e-04 1.721865495099695886e-01 0.000000000000000000e+00 3.303055326176713513e-04 0.000000000000000000e+00 4.071108698602252693e-04 1.440922190201729012e-03 2.155172413793103418e-03 5.620956623183794368e-03 6.003098373353989332e-03 1.411290322580645122e-02 4.880118820284319765e-03 2.328830926874708978e-03 9.630818619582664011e-03 3.866976024748646759e-04 9.703843730308758103e-03 8.391608391608391601e-03 2.696780718017866268e-03 0.000000000000000000e+00 1.006542526421741376e-04 0.000000000000000000e+00 0.000000000000000000e+00 0.000000000000000000e+00 0.000000000000000000e+00 0.000000000000000000e+00 0.000000000000000000e+00 0.000000000000000000e+00 0.000000000000000000e+00 0.000000000000000000e+00 8.432414200185512699e-05 0.000000000000000000e+00 1.300728407908428841e-04 0.000000000000000000e+00 0.000000000000000000e+00 0.000000000000000000e+00 1.421464108031272237e-04 0.000000000000000000e+00 1.213150551983501087e-04 0.000000000000000000e+00 0.000000000000000000e+00 0.000000000000000000e+00 3.095496053242532335e-04 0.000000000000000000e+00 2.770338904792686531e-04 0.000000000000000000e+00 5.720823798627002301e-04 0.000000000000000000e+00 8.577800651912849232e-04 0.000000000000000000e+00 2.836879432624113450e-04 0.000000000000000000e+00 1.321222130470685405e-03 0.000000000000000000e+00 0.000000000000000000e+00 0.000000000000000000e+00 0.000000000000000000e+00 1.185482400145905632e-03 1.965130023640661999e-02 1.036537963202902339e-03 1.499460625674217847e-02 0.000000000000000000e+00 1.136363636363636395e-02 1.345351809498183872e-04 3.951561504142765864e-03 0.000000000000000000e+00 0.000000000000000000e+00 0.000000000000000000e+00 4.600521392424474529e-04 0.000000000000000000e+00 3.702332469455757273e-04 0.000000000000000000e+00 2.706848326265451701e-04 0.000000000000000000e+00 0.000000000000000000e+00 0.000000000000000000e+00 3.657310048459358259e-04 0.000000000000000000e+00 1.360544217687074736e-03 0.000000000000000000e+00 3.357958361316319825e-04 1.811594202898550747e-03 1.719690455717970802e-03 0.000000000000000000e+00 0.000000000000000000e+00 0.000000000000000000e+00 0.000000000000000000e+00 0.000000000000000000e+00 0.000000000000000000e+00 0.000000000000000000e+00 0.000000000000000000e+00 0.000000000000000000e+00 0.000000000000000000e+00 0.000000000000000000e+00 0.000000000000000000e+00 0.000000000000000000e+00 0.000000000000000000e+00 0.000000000000000000e+00 0.000000000000000000e+00 0.000000000000000000e+00 0.000000000000000000e+00 0.000000000000000000e+00 0.000000000000000000e+00
2.452344152498711904e-01 8.586639189421260221e-04 2.026446848703417417e-02 3.262922891980078906e-03 8.586639189421260221e-04 0.000000000000000000e+00 1.142023012193027626e-01 6.697578567748583428e-03 3.262922891980078906e-03 0.000000000000000000e+00 0.000000000000000000e+00 1.519500253250042265e-03 1.721439749608763559e-01 1.164370269745779174e-03 1.243184296619411107e-02 1.689760054072321602e-04 5.929609793420045905e-02 0.000000000000000000e+00 1.985047692704305228e-02 2.578368842448093209e-03 0.000000000000000000e+00 0.000000000000000000e+00 1.315091738254321740e-02 2.904725019364833450e-03 0.000000000000000000e+00 0.000000000000000000e+00 0.000000000000000000e+00 0.000000000000000000e+00 5.826243877287960726e-02 1.008191556395715170e-03 4.370629370629370951e-03 1.179841564132816465e-03 2.382843526608419572e-03 1.711122294916960244e-03 8.492569002123142533e-04 0.000000000000000000e+00 1.037703216879972377e-03 0.000000000000000000e+00 0.000000000000000000e+00 0.000000000000000000e+00 0.000000000000000000e+00 0.000000000000000000e+00 0.000000000000000000e+00 0.000000000000000000e+00 0.000000000000000000e+00 0.000000000000000000e+00 0.000000000000000000e+00 0.000000000000000000e+00 0.000000000000000000e+00 0.000000000000000000e+00 1.299775493323880420e-03 0.000000000000000000e+00 0.000000000000000000e+00 0.000000000000000000e+00 1.865323633650438329e-04 0.000000000000000000e+00 1.191511567229083281e-02 0.000000000000000000e+00 1.993253603189205567e-03 0.000000000000000000e+00 2.718804159445407237e-02 0.000000000000000000e+00 5.159705159705159361e-03 0.000000000000000000e+00 1.690597498842056484e-02 0.000000000000000000e+00 1.631321370309951136e-03 0.000000000000000000e+00 6.580390436499232139e-04 0.000000000000000000e+00 2.598942184935254529e-02 0.000000000000000000e+00 6.737496760818865310e-03 7.551240560949298375e-04 0.000000000000000000e+00 0.000000000000000000e+00 4.170590609444370031e-03 5.098789037603568752e-04 9.950248756218904849e-04 0.000000000000000000e+00 4.847645429362880572e-03 0.000000000000000000e+00 0.000000000000000000e+00 0.000000000000000000e+00 8.590781430695523108e-03 0.000000000000000000e+00 3.965107057890563053e-04 0.000000000000000000e+00 3.485778025655326094e-03 0.000000000000000000e+00 0.000000000000000000e+00 4.535147392290249662e-04 3.856536829926725794e-04 0.000000000000000000e+00 1.811594202898550747e-03 0.000000000000000000e+00 0.000000000000000000e+00 0.000000000000000000e+00 0.000000000000000000e+00 0.000000000000000000e+00 0.000000000000000000e+00 0.000000000000000000e+00 0.000000000000000000e+00 0.000000000000000000e+00 0.000000000000000000e+00 0.000000000000000000e+00 0.000000000000000000e+00 0.000000000000000000e+00 0.000000000000000000e+00 0.000000000000000000e+00 0.000000000000000000e+00 0.000000000000000000e+00 0.000000000000000000e+00 0.000000000000000000e+00 0.000000000000000000e+00 0.000000000000000000e+00
1.350666891777815371e-03 1.794698632449772124e-01 2.701333783555630742e-03 3.748100624683437659e-02 0.000000000000000000e+00 1.688333614722269214e-04 4.389667398277900118e-03 7.192301198716866129e-02 0.000000000000000000e+00 2.194833699138950059e-03 1.519500253250042265e-03 0.000000000000000000e+00 7.113387395077535886e-04 1.893071996895012710e-01 0.000000000000000000e+00 8.617776275768840658e-03 0.000000000000000000e+00 7.597027250206440929e-02 3.351379221448826974e-03 8.413624643777989007e-03 0.000000000000000000e+00 0.000000000000000000e+00 2.545338848234171125e-03 6.390395042602633330e-03 0.000000000000000000e+00 0.000000000000000000e+00 0.000000000000000000e+00 0.000000000000000000e+00 0.000000000000000000e+00 4.977945809703843844e-02 2.622377622377622484e-03 4.382268666779032956e-03 1.270849880857823641e-03 3.925515853044791136e-03 0.000000000000000000e+00 5.181347150259067117e-04 0.000000000000000000e+00 2.030456852791878274e-03 0.000000000000000000e+00 3.702332469455757273e-04 0.000000000000000000e+00 0.000000000000000000e+00 0.000000000000000000e+00 0.000000000000000000e+00 0.000000000000000000e+00 1.300728407908428841e-04 0.000000000000000000e+00 0.000000000000000000e+00 0.000000000000000000e+00 7.107320540156360916e-04 0.000000000000000000e+00 7.278903311901006520e-04 0.000000000000000000e+00 2.068252326783867568e-04 0.000000000000000000e+00 4.643244079863798231e-04 8.697164724299878496e-05 1.191245729060855067e-02 1.533272002453235281e-04 1.716247139588100582e-03 0.000000000000000000e+00 1.115114084748670444e-02 0.000000000000000000e+00 2.184397163120567475e-02 0.000000000000000000e+00 1.255161023947151157e-02 1.019575856443719460e-04 2.121212121212121427e-03 0.000000000000000000e+00 1.391465677179962862e-03 1.823819077147546938e-04 1.374113475177305040e-02 5.182689816014511694e-04 3.020496224379719350e-03 0.000000000000000000e+00 0.000000000000000000e+00 2.690703618996367744e-04 4.333970681963034144e-03 0.000000000000000000e+00 0.000000000000000000e+00 0.000000000000000000e+00 1.104125134181874017e-02 0.000000000000000000e+00 1.480932987782302909e-03 0.000000000000000000e+00 1.019579536226653503e-02 0.000000000000000000e+00 3.921568627450980229e-04 0.000000000000000000e+00 9.691871628417298573e-03 0.000000000000000000e+00 4.535147392290249662e-04 0.000000000000000000e+00 0.000000000000000000e+00 2.717391304347826012e-03 1.719690455717970802e-03 0.000000000000000000e+00 0.000000000000000000e+00 0.000000000000000000e+00 0.000000000000000000e+00 0.000000000000000000e+00 0.000000000000000000e+00 0.000000000000000000e+00 0.000000000000000000e+00 0.000000000000000000e+00 6.071645415907711346e-04 0.000000000000000000e+00 0.000000000000000000e+00 0.000000000000000000e+00 0.000000000000000000e+00 0.000000000000000000e+00 0.000000000000000000e+00 0.000000000000000000e+00 0.000000000000000000e+00 0.000000000000000000e+00 0.000000000000000000e+00
4.552567932849622967e-02 1.422677479015507069e-04 3.741641769810783585e-02 4.125764689144970770e-03 9.958742353108551108e-04 2.845354958031014138e-04 1.752738654147104891e-01 9.816474605206999479e-03 1.394223929435197025e-02 7.113387395077535886e-04 1.721439749608763559e-01 7.113387395077535886e-04 0.000000000000000000e+00 3.007956530176596199e-03 1.794983642311886451e-01 1.182832037850625176e-03 9.181331293037491015e-03 0.000000000000000000e+00 2.449084815674142622e-03 4.071108698602252693e-04 0.000000000000000000e+00 0.000000000000000000e+00 2.513522112631243893e-02 5.034856700232378038e-03 1.008064516129032230e-03 4.243581582855930254e-04 0.000000000000000000e+00 0.000000000000000000e+00 1.073730342871874188e-01 1.134215500945179485e-03 5.769230769230769551e-03 4.213719871902915637e-03 3.018268467037331284e-03 8.052340211373931007e-04 0.000000000000000000e+00 0.000000000000000000e+00 1.037703216879972377e-03 2.030456852791878112e-04 0.000000000000000000e+00 0.000000000000000000e+00 1.457725947521865866e-03 0.000000000000000000e+00 0.000000000000000000e+00 0.000000000000000000e+00 0.000000000000000000e+00 0.000000000000000000e+00 0.000000000000000000e+00 0.000000000000000000e+00 0.000000000000000000e+00 0.000000000000000000e+00 2.126905352711804323e-03 0.000000000000000000e+00 0.000000000000000000e+00 0.000000000000000000e+00 5.595970900951315529e-04 0.000000000000000000e+00 4.783440598364933037e-03 0.000000000000000000e+00 1.379944802207911780e-03 0.000000000000000000e+00 2.567157712305025846e-02 0.000000000000000000e+00 7.862407862407862214e-03 0.000000000000000000e+00 1.899027327466419612e-02 0.000000000000000000e+00 1.631321370309951136e-03 1.515151515151515150e-04 1.096731739416538726e-03 0.000000000000000000e+00 5.170527083713295780e-02 1.477541371158392399e-04 1.762114537444934084e-02 2.481121898597626624e-03 1.400000000000000133e-01 0.000000000000000000e+00 1.520247544732947730e-02 1.274697259400892242e-03 2.985074626865671672e-03 0.000000000000000000e+00 7.386888273314865840e-03 0.000000000000000000e+00 7.369196757553426839e-04 0.000000000000000000e+00 1.718156286139104622e-02 0.000000000000000000e+00 0.000000000000000000e+00 0.000000000000000000e+00 8.365867261572783320e-03 0.000000000000000000e+00 0.000000000000000000e+00 0.000000000000000000e+00 0.000000000000000000e+00 0.000000000000000000e+00 9.057971014492753733e-04 8.598452278589854012e-04 0.000000000000000000e+00 0.000000000000000000e+00 0.000000000000000000e+00 0.000000000000000000e+00 0.000000000000000000e+00 0.000000000000000000e+00 0.000000000000000000e+00 0.000000000000000000e+00 0.000000000000000000e+00 0.000000000000000000e+00 0.000000000000000000e+00 0.000000000000000000e+00 0.000000000000000000e+00 0.000000000000000000e+00 0.000000000000000000e+00 0.000000000000000000e+00 0.000000000000000000e+00 0.000000000000000000e+00 0.000000000000000000e+00 0.000000000000000000e+00
