2.810038164519947368e-01 4.979056324398251077e-01 3.457931944374474376e-01 5.063159291030484566e-01 3.282067499999999916e-01 0.000000000000000000e+00 2.909095018652973486e-01 4.803940109520872248e-01 0.000000000000000000e+00 0.000000000000000000e+00 3.303946696363221913e-01 4.901944111660995751e-01 3.509715852307556117e-01 0.000000000000000000e+00 3.931468985507246550e-01 0.000000000000000000e+00 3.032926541806475473e-01 4.918017931678743682e-01 4.063942873397904942e-01 5.057518496606994152e-01 0.000000000000000000e+00 0.000000000000000000e+00 4.225662433479330793e-01 0.000000000000000000e+00 0.000000000000000000e+00 0.000000000000000000e+00 0.000000000000000000e+00 0.000000000000000000e+00 3.737939191472890443e-01 5.070714635561973660e-01 4.343818496548497166e-01 0.000000000000000000e+00 4.262037587898780400e-01 4.946439117862753698e-01 4.625380635439360066e-01 0.000000000000000000e+00 4.806346715380751533e-01 5.142082592642992500e-01 4.601050816824965306e-01 0.000000000000000000e+00 0.000000000000000000e+00 0.000000000000000000e+00 0.000000000000000000e+00 0.000000000000000000e+00 4.245115570959681617e-01 0.000000000000000000e+00 0.000000000000000000e+00 0.000000000000000000e+00 4.132595837821846363e-01 0.000000000000000000e+00 4.100377931344937887e-01 5.030938048780487781e-01 4.014891250000000578e-01 0.000000000000000000e+00 4.082848025475059317e-01 0.000000000000000000e+00 3.618946632849674994e-01 4.871389233631602811e-01 4.134019627751970849e-01 0.000000000000000000e+00 4.064079255898470078e-01 0.000000000000000000e+00 4.135390902937023383e-01 4.808765982958235208e-01 4.278744739923848739e-01 5.016234054054052871e-01 4.201106687246314308e-01 5.213711420981527178e-01 3.260515447584492743e-01 4.973044101252977467e-01 3.390581579929663469e-01 5.146959393773932190e-01 4.039263052582167668e-01 4.960024028175145094e-01 4.672674804869251797e-01 0.000000000000000000e+00 4.278505746726413705e-01 4.815284167108741520e-01 0.000000000000000000e+00 0.000000000000000000e+00 0.000000000000000000e+00 5.164862807017543966e-01 0.000000000000000000e+00 0.000000000000000000e+00 4.267657460787619983e-01 0.000000000000000000e+00 0.000000000000000000e+00 0.000000000000000000e+00 4.126497981710099405e-01 0.000000000000000000e+00 4.279633545757828283e-01 5.037857196969695028e-01 0.000000000000000000e+00 0.000000000000000000e+00 4.686499095156133055e-01 0.000000000000000000e+00 4.906859880952381125e-01 0.000000000000000000e+00 4.972740575539568164e-01 0.000000000000000000e+00 0.000000000000000000e+00 0.000000000000000000e+00 0.000000000000000000e+00 0.000000000000000000e+00 5.059856542056074824e-01 0.000000000000000000e+00 0.000000000000000000e+00 0.000000000000000000e+00 0.000000000000000000e+00 0.000000000000000000e+00 0.000000000000000000e+00 0.000000000000000000e+00 0.000000000000000000e+00 0.000000000000000000e+00 0.000000000000000000e+00 0.000000000000000000e+00
4.979056324398251077e-01 3.113087457427873850e-01 5.023610768523721903e-01 3.732647541069286645e-01 0.000000000000000000e+00 0.000000000000000000e+00 4.861006820757672875e-01 3.429576800485995003e-01 0.000000000000000000e+00 3.644615375517997191e-01 4.764442562430468708e-01 4.013840500485610918e-01 4.396122597484276584e-01 3.961458815192295257e-01 0.000000000000000000e+00 3.736847636931239225e-01 4.963598971302296547e-01 3.691372048883903578e-01 5.125303340385212181e-01 3.735024960557221108e-01 0.000000000000000000e+00 0.000000000000000000e+00 0.000000000000000000e+00 0.000000000000000000e+00 0.000000000000000000e+00 0.000000000000000000e+00 0.000000000000000000e+00 0.000000000000000000e+00 4.984635800807719619e-01 4.346519767682268109e-01 4.409023658536584955e-01 0.000000000000000000e+00 5.057389521421463696e-01 4.429011527177973973e-01 0.000000000000000000e+00 4.516305581979017103e-01 5.365493762601076799e-01 5.427610736914636469e-01 0.000000000000000000e+00 0.000000000000000000e+00 0.000000000000000000e+00 4.841057802678502275e-01 0.000000000000000000e+00 0.000000000000000000e+00 0.000000000000000000e+00 4.211426708297201782e-01 0.000000000000000000e+00 0.000000000000000000e+00 4.797219130434783319e-01 4.187681365633187935e-01 4.927510519261228961e-01 4.241371701709196751e-01 0.000000000000000000e+00 4.054517343241190730e-01 0.000000000000000000e+00 3.943756436781609698e-01 5.019211191529728833e-01 3.919141521905448178e-01 4.834798003578423820e-01 4.279696905891612335e-01 4.862152210595777069e-01 4.056648477044040302e-01 0.000000000000000000e+00 4.202130834182415953e-01 0.000000000000000000e+00 4.317563385369693751e-01 5.087012600414372310e-01 3.980000360703975226e-01 5.147095748642340762e-01 3.359049190602775847e-01 5.092677942237223698e-01 4.193542147565835210e-01 5.006384300787632968e-01 4.257887085361172219e-01 4.797185888888888528e-01 4.620607477794569373e-01 4.949008806768234736e-01 4.389187320109188550e-01 0.000000000000000000e+00 0.000000000000000000e+00 5.202758448275861536e-01 4.078355986091433127e-01 0.000000000000000000e+00 0.000000000000000000e+00 5.420652222222221983e-01 4.350709832411688849e-01 0.000000000000000000e+00 0.000000000000000000e+00 0.000000000000000000e+00 4.423662953958879540e-01 4.870539589381207568e-01 5.455036210953914111e-01 0.000000000000000000e+00 4.635155590551180982e-01 4.794220084101056822e-01 4.840733463793685520e-01 0.000000000000000000e+00 5.192595274725273491e-01 0.000000000000000000e+00 4.996328249794745879e-01 0.000000000000000000e+00 0.000000000000000000e+00 0.000000000000000000e+00 5.223881974585000698e-01 0.000000000000000000e+00 0.000000000000000000e+00 0.000000000000000000e+00 5.230563197840933931e-01 0.000000000000000000e+00 0.000000000000000000e+00 0.000000000000000000e+00 0.000000000000000000e+00 0.000000000000000000e+00 0.000000000000000000e+00 0.000000000000000000e+00 0.000000000000000000e+00
3.457931944374474376e-01 5.023610768523721903e-01 2.344658352625082764e-01 4.511694279002879671e-01 2.344681845408999876e-01 4.251351607880867745e-01 3.194488681144556086e-01 4.560295052608890343e-01 2.598657816746381966e-01 4.362210362859350599e-01 3.934608410483559915e-01 4.709619507445677589e-01 3.456924877667157947e-01 4.347795566034137194e-01 3.222407366413361229e-01 4.473092944021798134e-01 4.016466953210756086e-01 4.798913837209301536e-01 3.071156733108070802e-01 4.946744391161703169e-01 0.000000000000000000e+00 0.000000000000000000e+00 2.359507643033262603e-01 4.386080989831716015e-01 2.634659686323007621e-01 3.796128516121267116e-01 2.763158723404255390e-01 3.912072869565217381e-01 3.800061014732621922e-01 4.748376974456403055e-01 3.485853717905339488e-01 4.084776744917272273e-01 4.015168580272749921e-01 4.825257800252657492e-01 4.715092858879637028e-01 0.000000000000000000e+00 4.651104608786874040e-01 4.430459603938489144e-01 5.023481083333333208e-01 0.000000000000000000e+00 4.030159736842105489e-01 0.000000000000000000e+00 0.000000000000000000e+00 0.000000000000000000e+00 4.106277331369361239e-01 0.000000000000000000e+00 0.000000000000000000e+00 0.000000000000000000e+00 4.148491568328778190e-01 0.000000000000000000e+00 3.902518991186049169e-01 0.000000000000000000e+00 3.644967372159090835e-01 0.000000000000000000e+00 3.716777227513227144e-01 0.000000000000000000e+00 4.120235240592463044e-01 0.000000000000000000e+00 4.258125083181632520e-01 5.086801344537815739e-01 4.070673692223315543e-01 0.000000000000000000e+00 4.156716384152798205e-01 0.000000000000000000e+00 3.954167060770942821e-01 4.411988648648649258e-01 4.320119180309310303e-01 5.454775123966942862e-01 3.662458593526080053e-01 0.000000000000000000e+00 3.576883959214662290e-01 4.639572457736517164e-01 3.898817833587200354e-01 4.528128474313949936e-01 3.585055953827459008e-01 4.094229885105205025e-01 4.251950416104843256e-01 4.463557397094625179e-01 0.000000000000000000e+00 0.000000000000000000e+00 3.968228883654162931e-01 4.624870949367088091e-01 0.000000000000000000e+00 0.000000000000000000e+00 3.939383151615138412e-01 0.000000000000000000e+00 0.000000000000000000e+00 0.000000000000000000e+00 3.874378859869768710e-01 4.559742711864406828e-01 4.292548888888889080e-01 0.000000000000000000e+00 0.000000000000000000e+00 0.000000000000000000e+00 4.541847320970294200e-01 0.000000000000000000e+00 4.197336082474226737e-01 0.000000000000000000e+00 0.000000000000000000e+00 0.000000000000000000e+00 0.000000000000000000e+00 0.000000000000000000e+00 0.000000000000000000e+00 0.000000000000000000e+00 0.000000000000000000e+00 0.000000000000000000e+00 0.000000000000000000e+00 0.000000000000000000e+00 0.000000000000000000e+00 0.000000000000000000e+00 0.000000000000000000e+00 0.000000000000000000e+00 0.000000000000000000e+00 0.000000000000000000e+00 0.000000000000000000e+00 0.000000000000000000e+00
5.063159291030484566e-01 3.732647541069286645e-01 4.511694279002879671e-01 2.535312498273707416e-01 4.551346177067320808e-01 2.237428931721740233e-01 4.627263354630204439e-01 3.398365470627854878e-01 4.372150942198378964e-01 2.180626561588993040e-01 4.825475374844036547e-01 4.179823766322695033e-01 4.403793838826564611e-01 3.629375733432259055e-01 4.105598042253547630e-01 3.447146912474433611e-01 0.000000000000000000e+00 4.334377403534931950e-01 5.191023135778678466e-01 3.075718072747525844e-01 0.000000000000000000e+00 0.000000000000000000e+00 4.305169568587019491e-01 2.165892546923271489e-01 4.410032454918965672e-01 3.102078942928518934e-01 4.363487039672655499e-01 2.855831919237236116e-01 4.879037719181979482e-01 3.935929226862054930e-01 4.316939770769690488e-01 2.651881885566196861e-01 5.159880803073479960e-01 3.911682480073934709e-01 0.000000000000000000e+00 4.810281956628119637e-01 5.536299099099097898e-01 4.808612893203130789e-01 0.000000000000000000e+00 4.524176374994561822e-01 0.000000000000000000e+00 0.000000000000000000e+00 0.000000000000000000e+00 0.000000000000000000e+00 0.000000000000000000e+00 0.000000000000000000e+00 0.000000000000000000e+00 4.845833826086956009e-01 0.000000000000000000e+00 4.422510719056357287e-01 0.000000000000000000e+00 4.538374673569486872e-01 0.000000000000000000e+00 0.000000000000000000e+00 0.000000000000000000e+00 0.000000000000000000e+00 0.000000000000000000e+00 4.485396080244396511e-01 0.000000000000000000e+00 4.757842454447416825e-01 0.000000000000000000e+00 0.000000000000000000e+00 0.000000000000000000e+00 4.237771783372183965e-01 4.790416382978723298e-01 4.529131410698459259e-01 5.094975624695856631e-01 4.640691908233195995e-01 0.000000000000000000e+00 4.140497701650258100e-01 4.562216568619005819e-01 3.767716102544376167e-01 4.613774314846107449e-01 4.034205312264083632e-01 4.321039164077955519e-01 3.918335931170285891e-01 4.529194913436042080e-01 4.228355387213625916e-01 0.000000000000000000e+00 0.000000000000000000e+00 0.000000000000000000e+00 0.000000000000000000e+00 0.000000000000000000e+00 0.000000000000000000e+00 0.000000000000000000e+00 4.280646955894065742e-01 0.000000000000000000e+00 0.000000000000000000e+00 0.000000000000000000e+00 0.000000000000000000e+00 0.000000000000000000e+00 4.214754006950013343e-01 0.000000000000000000e+00 0.000000000000000000e+00 4.326498750206403399e-01 0.000000000000000000e+00 4.024431705882352550e-01 0.000000000000000000e+00 4.739374000000000087e-01 5.139637043478261225e-01 0.000000000000000000e+00 4.013795565217391781e-01 0.000000000000000000e+00 4.544624496212121278e-01 0.000000000000000000e+00 0.000000000000000000e+00 0.000000000000000000e+00 0.000000000000000000e+00 0.000000000000000000e+00 0.000000000000000000e+00 0.000000000000000000e+00 0.000000000000000000e+00 0.000000000000000000e+00 0.000000000000000000e+00 0.000000000000000000e+00 0.000000000000000000e+00
3.282067499999999916e-01 0.000000000000000000e+00 2.344681845408999876e-01 4.551346177067320808e-01 2.243434174267381065e-01 4.564102978118128040e-01 3.114468000000000236e-01 4.586863918118466721e-01 2.084413602628651385e-01 4.626147404406092956e-01 0.000000000000000000e+00 0.000000000000000000e+00 2.996877081447963942e-01 0.000000000000000000e+00 2.880880512463824261e-01 4.619524490705945730e-01 0.000000000000000000e+00 0.000000000000000000e+00 3.697101512087912489e-01 0.000000000000000000e+00 3.974180026031380319e-01 3.938653793103448209e-01 2.146172526822242022e-01 4.570369138089030447e-01 2.078995198360513719e-01 4.302885681544826868e-01 2.668849934867447149e-01 4.727350205479451950e-01 3.911026912207924422e-01 0.000000000000000000e+00 3.808416679150443684e-01 4.237031113475428490e-01 3.871070019385027816e-01 4.546978416756176089e-01 0.000000000000000000e+00 0.000000000000000000e+00 4.497849605263158357e-01 0.000000000000000000e+00 0.000000000000000000e+00 0.000000000000000000e+00 0.000000000000000000e+00 0.000000000000000000e+00 0.000000000000000000e+00 0.000000000000000000e+00 0.000000000000000000e+00 0.000000000000000000e+00 0.000000000000000000e+00 0.000000000000000000e+00 0.000000000000000000e+00 0.000000000000000000e+00 4.449480179432109828e-01 0.000000000000000000e+00 0.000000000000000000e+00 0.000000000000000000e+00 0.000000000000000000e+00 0.000000000000000000e+00 0.000000000000000000e+00 0.000000000000000000e+00 0.000000000000000000e+00 0.000000000000000000e+00 0.000000000000000000e+00 0.000000000000000000e+00 0.000000000000000000e+00 0.000000000000000000e+00 4.565829347826086404e-01 0.000000000000000000e+00 0.000000000000000000e+00 0.000000000000000000e+00 0.000000000000000000e+00 0.000000000000000000e+00 3.568147750049351918e-01 5.063606267147556794e-01 3.429339779232166152e-01 4.380069002577072768e-01 3.117748346290762917e-01 0.000000000000000000e+00 3.807147684862656201e-01 0.000000000000000000e+00 0.000000000000000000e+00 0.000000000000000000e+00 0.000000000000000000e+00 0.000000000000000000e+00 0.000000000000000000e+00 0.000000000000000000e+00 4.196527514638314638e-01 0.000000000000000000e+00 0.000000000000000000e+00 0.000000000000000000e+00 4.242632555555555518e-01 0.000000000000000000e+00 0.000000000000000000e+00 0.000000000000000000e+00 0.000000000000000000e+00 0.000000000000000000e+00 0.000000000000000000e+00 0.000000000000000000e+00 0.000000000000000000e+00 0.000000000000000000e+00 0.000000000000000000e+00 0.000000000000000000e+00 0.000000000000000000e+00 0.000000000000000000e+00 0.000000000000000000e+00 0.000000000000000000e+00 0.000000000000000000e+00 0.000000000000000000e+00 0.000000000000000000e+00 0.000000000000000000e+00 0.000000000000000000e+00 0.000000000000000000e+00 0.000000000000000000e+00 0.000000000000000000e+00 0.000000000000000000e+00 0.000000000000000000e+00 0.000000000000000000e+00 0.000000000000000000e+00
0.000000000000000000e+00 0.000000000000000000e+00 4.251351607880867745e-01 2.237428931721740233e-01 4.564102978118128040e-01 2.059927330575840321e-01 0.000000000000000000e+00 2.624847631964809525e-01 4.288981540126540759e-01 2.336173405035444350e-01 0.000000000000000000e+00 0.000000000000000000e+00 3.862323788401254010e-01 3.308678358208955173e-01 4.480532021645210472e-01 2.616877497927879159e-01 0.000000000000000000e+00 0.000000000000000000e+00 4.221405826086956359e-01 3.544335438871473176e-01 4.042376111111111170e-01 2.962844449017214554e-01 4.267675927652922474e-01 2.161441566995701002e-01 4.247234307392809827e-01 2.449588599404270983e-01 4.221761742293055897e-01 3.097697224068934885e-01 0.000000000000000000e+00 3.209643144469660481e-01 3.833629821111216862e-01 3.264838103360216959e-01 0.000000000000000000e+00 3.641666503650598519e-01 0.000000000000000000e+00 0.000000000000000000e+00 0.000000000000000000e+00 4.413166666666666349e-01 0.000000000000000000e+00 0.000000000000000000e+00 0.000000000000000000e+00 0.000000000000000000e+00 0.000000000000000000e+00 0.000000000000000000e+00 0.000000000000000000e+00 0.000000000000000000e+00 0.000000000000000000e+00 4.469477263157894953e-01 0.000000000000000000e+00 0.000000000000000000e+00 0.000000000000000000e+00 0.000000000000000000e+00 0.000000000000000000e+00 0.000000000000000000e+00 0.000000000000000000e+00 0.000000000000000000e+00 0.000000000000000000e+00 0.000000000000000000e+00 0.000000000000000000e+00 4.326753767123287520e-01 0.000000000000000000e+00 0.000000000000000000e+00 0.000000000000000000e+00 0.000000000000000000e+00 0.000000000000000000e+00 0.000000000000000000e+00 0.000000000000000000e+00 4.494097048954895368e-01 0.000000000000000000e+00 0.000000000000000000e+00 4.966397834237176179e-01 3.327809968132226515e-01 0.000000000000000000e+00 3.134931432727577905e-01 0.000000000000000000e+00 3.065005091816154215e-01 0.000000000000000000e+00 3.550819217337312095e-01 0.000000000000000000e+00 0.000000000000000000e+00 0.000000000000000000e+00 0.000000000000000000e+00 0.000000000000000000e+00 0.000000000000000000e+00 0.000000000000000000e+00 4.063184378482775916e-01 0.000000000000000000e+00 3.728909837763991209e-01 0.000000000000000000e+00 4.210427818766937502e-01 0.000000000000000000e+00 0.000000000000000000e+00 0.000000000000000000e+00 0.000000000000000000e+00 0.000000000000000000e+00 0.000000000000000000e+00 0.000000000000000000e+00 0.000000000000000000e+00 0.000000000000000000e+00 0.000000000000000000e+00 0.000000000000000000e+00 0.000000000000000000e+00 0.000000000000000000e+00 0.000000000000000000e+00 0.000000000000000000e+00 0.000000000000000000e+00 0.000000000000000000e+00 0.000000000000000000e+00 0.000000000000000000e+00 0.000000000000000000e+00 0.000000000000000000e+00 0.000000000000000000e+00 0.000000000000000000e+00 0.000000000000000000e+00 0.000000000000000000e+00 0.000000000000000000e+00
2.909095018652973486e-01 4.861006820757672875e-01 3.194488681144556086e-01 4.627263354630204439e-01 3.114468000000000236e-01 0.000000000000000000e+00 2.487948259622763669e-01 4.540542378969518178e-01 2.215075662611477036e-01 4.512727476570725926e-01 3.166937402619955377e-01 4.698150008267414912e-01 2.583329994983585842e-01 4.430988009818648266e-01 3.499055343335134571e-01 4.354017446440223149e-01 4.011847397485492905e-01 0.000000000000000000e+00 3.912740728085668529e-01 4.780418139922970600e-01 0.000000000000000000e+00 0.000000000000000000e+00 3.709392454212906975e-01 4.418544144115522099e-01 0.000000000000000000e+00 0.000000000000000000e+00 0.000000000000000000e+00 0.000000000000000000e+00 3.509660283117896906e-01 4.679272997911372300e-01 3.707578248688618849e-01 4.478261575292085683e-01 3.764898672962581072e-01 4.645771194491282730e-01 4.922592835263201461e-01 0.000000000000000000e+00 4.621013142605633339e-01 4.857253577981651138e-01 0.000000000000000000e+00 0.000000000000000000e+00 0.000000000000000000e+00 0.000000000000000000e+00 0.000000000000000000e+00 0.000000000000000000e+00 3.881590119139020634e-01 0.000000000000000000e+00 0.000000000000000000e+00 0.000000000000000000e+00 3.767109143878168420e-01 0.000000000000000000e+00 3.892468170134934513e-01 0.000000000000000000e+00 3.893234003015526579e-01 0.000000000000000000e+00 3.889464490390404094e-01 0.000000000000000000e+00 3.910338910599695517e-01 4.617898905109488750e-01 4.005022102983718524e-01 0.000000000000000000e+00 4.021318073249787739e-01 0.000000000000000000e+00 3.833902545908657866e-01 0.000000000000000000e+00 3.975844481831425914e-01 0.000000000000000000e+00 4.491008059820208453e-01 5.149571031746033034e-01 4.193702753393664384e-01 0.000000000000000000e+00 3.299957577008563181e-01 4.379774149230934444e-01 3.786313039441653316e-01 4.590645892664230732e-01 4.090691463414634077e-01 4.508480841948164786e-01 3.921490630611050854e-01 4.536235588750590630e-01 0.000000000000000000e+00 0.000000000000000000e+00 3.810790966459254858e-01 0.000000000000000000e+00 0.000000000000000000e+00 0.000000000000000000e+00 4.018059620714903857e-01 0.000000000000000000e+00 4.114070869565216726e-01 0.000000000000000000e+00 4.096700504949933874e-01 4.380898913043477783e-01 0.000000000000000000e+00 0.000000000000000000e+00 0.000000000000000000e+00 0.000000000000000000e+00 4.584666721311475568e-01 0.000000000000000000e+00 0.000000000000000000e+00 0.000000000000000000e+00 0.000000000000000000e+00 0.000000000000000000e+00 0.000000000000000000e+00 0.000000000000000000e+00 0.000000000000000000e+00 0.000000000000000000e+00 0.000000000000000000e+00 0.000000000000000000e+00 0.000000000000000000e+00 0.000000000000000000e+00 0.000000000000000000e+00 0.000000000000000000e+00 0.000000000000000000e+00 0.000000000000000000e+00 0.000000000000000000e+00 0.000000000000000000e+00 0.000000000000000000e+00 0.000000000000000000e+00
4.803940109520872248e-01 3.429576800485995003e-01 4.560295052608890343e-01 3.398365470627854878e-01 4.586863918118466721e-01 2.624847631964809525e-01 4.540542378969518178e-01 2.607281193666295405e-01 0.000000000000000000e+00 2.822791484424411745e-01 4.718456545387640921e-01 3.366483938509108875e-01 4.401944259245110236e-01 2.795075627152934783e-01 3.928268823529411646e-01 3.329689692245412225e-01 4.801968483483619599e-01 4.104775384798927673e-01 4.957153019462142707e-01 4.068691784199931494e-01 0.000000000000000000e+00 0.000000000000000000e+00 4.577290914383255194e-01 3.654306772418892124e-01 0.000000000000000000e+00 0.000000000000000000e+00 0.000000000000000000e+00 0.000000000000000000e+00 4.624448499591829465e-01 3.554323015475834846e-01 4.220198545080676156e-01 3.674594789838841469e-01 4.968882969861330712e-01 3.940685645924371650e-01 4.021866190476190983e-01 5.129282328276943970e-01 5.030675401658090129e-01 4.269686937675124527e-01 0.000000000000000000e+00 0.000000000000000000e+00 0.000000000000000000e+00 0.000000000000000000e+00 0.000000000000000000e+00 0.000000000000000000e+00 0.000000000000000000e+00 0.000000000000000000e+00 0.000000000000000000e+00 0.000000000000000000e+00 4.657234965517241254e-01 4.023184580103413843e-01 0.000000000000000000e+00 4.049958100832797836e-01 0.000000000000000000e+00 3.752268875117709679e-01 0.000000000000000000e+00 3.841768077895655886e-01 4.752022601626016418e-01 3.971182901556697398e-01 4.459687866666666167e-01 4.403625305983364657e-01 4.489816288461537797e-01 4.035714760418006031e-01 0.000000000000000000e+00 4.048091462869145007e-01 4.257959747899159320e-01 4.155800569068147654e-01 4.944890895208828852e-01 4.461545620427687653e-01 4.407479761904762872e-01 4.573488474576271057e-01 4.451318870752044021e-01 3.260947350516111287e-01 4.563456450347166404e-01 3.786455196648880750e-01 4.574698446886446557e-01 3.870020552555005766e-01 4.663924055705130911e-01 3.934340976532071377e-01 0.000000000000000000e+00 0.000000000000000000e+00 0.000000000000000000e+00 4.207599805142863691e-01 0.000000000000000000e+00 0.000000000000000000e+00 4.484087876712328224e-01 4.188259214346741754e-01 0.000000000000000000e+00 0.000000000000000000e+00 0.000000000000000000e+00 4.187430663623279981e-01 0.000000000000000000e+00 0.000000000000000000e+00 0.000000000000000000e+00 0.000000000000000000e+00 0.000000000000000000e+00 0.000000000000000000e+00 4.779282868217054059e-01 0.000000000000000000e+00 0.000000000000000000e+00 0.000000000000000000e+00 0.000000000000000000e+00 0.000000000000000000e+00 0.000000000000000000e+00 0.000000000000000000e+00 0.000000000000000000e+00 0.000000000000000000e+00 0.000000000000000000e+00 0.000000000000000000e+00 0.000000000000000000e+00 0.000000000000000000e+00 0.000000000000000000e+00 0.000000000000000000e+00 0.000000000000000000e+00 0.000000000000000000e+00 0.000000000000000000e+00 0.000000000000000000e+00
0.000000000000000000e+00 0.000000000000000000e+00 2.598657816746381966e-01 4.372150942198378964e-01 2.084413602628651385e-01 4.288981540126540759e-01 2.215075662611477036e-01 0.000000000000000000e+00 2.155345204245675272e-01 4.077665865183077165e-01 3.547249814814814606e-01 0.000000000000000000e+00 2.811476591765009747e-01 4.742443086419754206e-01 2.682553509152041382e-01 4.582873402662071549e-01 0.000000000000000000e+00 0.000000000000000000e+00 0.000000000000000000e+00 0.000000000000000000e+00 0.000000000000000000e+00 0.000000000000000000e+00 3.542785641909659833e-01 4.256002892857142506e-01 0.000000000000000000e+00 4.262151689189188630e-01 2.431800280303030304e-01 0.000000000000000000e+00 3.577667507033110428e-01 0.000000000000000000e+00 3.555496103019623599e-01 4.003224657079003657e-01 0.000000000000000000e+00 0.000000000000000000e+00 0.000000000000000000e+00 0.000000000000000000e+00 0.000000000000000000e+00 0.000000000000000000e+00 0.000000000000000000e+00 0.000000000000000000e+00 0.000000000000000000e+00 0.000000000000000000e+00 0.000000000000000000e+00 0.000000000000000000e+00 0.000000000000000000e+00 0.000000000000000000e+00 4.574712810039370248e-01 0.000000000000000000e+00 0.000000000000000000e+00 0.000000000000000000e+00 0.000000000000000000e+00 0.000000000000000000e+00 0.000000000000000000e+00 0.000000000000000000e+00 0.000000000000000000e+00 0.000000000000000000e+00 0.000000000000000000e+00 0.000000000000000000e+00 0.000000000000000000e+00 0.000000000000000000e+00 3.985220103092783628e-01 0.000000000000000000e+00 0.000000000000000000e+00 0.000000000000000000e+00 3.953293888173621262e-01 0.000000000000000000e+00 4.261243153846153708e-01 0.000000000000000000e+00 0.000000000000000000e+00 0.000000000000000000e+00 3.043498086689984672e-01 4.578948181818183194e-01 3.326304466895517731e-01 4.049016086956521709e-01 3.055338623188406100e-01 0.000000000000000000e+00 3.952506022597764845e-01 3.857546666666666346e-01 0.000000000000000000e+00 0.000000000000000000e+00 0.000000000000000000e+00 0.000000000000000000e+00 0.000000000000000000e+00 0.000000000000000000e+00 3.881637129168813982e-01 0.000000000000000000e+00 0.000000000000000000e+00 0.000000000000000000e+00 4.014288225806451615e-01 0.000000000000000000e+00 0.000000000000000000e+00 0.000000000000000000e+00 0.000000000000000000e+00 0.000000000000000000e+00 0.000000000000000000e+00 0.000000000000000000e+00 0.000000000000000000e+00 0.000000000000000000e+00 0.000000000000000000e+00 0.000000000000000000e+00 0.000000000000000000e+00 0.000000000000000000e+00 0.000000000000000000e+00 0.000000000000000000e+00 0.000000000000000000e+00 0.000000000000000000e+00 0.000000000000000000e+00 0.000000000000000000e+00 0.000000000000000000e+00 0.000000000000000000e+00 0.000000000000000000e+00 0.000000000000000000e+00 0.000000000000000000e+00 0.000000000000000000e+00 0.000000000000000000e+00 0.000000000000000000e+00
0.000000000000000000e+00 3.644615375517997191e-01 4.362210362859350599e-01 2.180626561588993040e-01 4.626147404406092956e-01 2.336173405035444350e-01 4.512727476570725926e-01 2.822791484424411745e-01 4.077665865183077165e-01 2.797551011684946687e-01 0.000000000000000000e+00 3.289674419198790889e-01 0.000000000000000000e+00 3.490399023449428095e-01 4.807748108108107488e-01 2.701795947093051931e-01 0.000000000000000000e+00 0.000000000000000000e+00 0.000000000000000000e+00 0.000000000000000000e+00 0.000000000000000000e+00 0.000000000000000000e+00 4.382667777815200116e-01 3.415591740543630905e-01 4.373096289241297230e-01 0.000000000000000000e+00 4.577884366639569658e-01 0.000000000000000000e+00 0.000000000000000000e+00 3.415701339790153668e-01 3.780240224563609086e-01 3.391882277315548810e-01 0.000000000000000000e+00 0.000000000000000000e+00 0.000000000000000000e+00 0.000000000000000000e+00 0.000000000000000000e+00 0.000000000000000000e+00 0.000000000000000000e+00 0.000000000000000000e+00 0.000000000000000000e+00 0.000000000000000000e+00 0.000000000000000000e+00 0.000000000000000000e+00 0.000000000000000000e+00 0.000000000000000000e+00 0.000000000000000000e+00 0.000000000000000000e+00 0.000000000000000000e+00 0.000000000000000000e+00 0.000000000000000000e+00 3.821882583333333638e-01 0.000000000000000000e+00 0.000000000000000000e+00 0.000000000000000000e+00 0.000000000000000000e+00 0.000000000000000000e+00 0.000000000000000000e+00 0.000000000000000000e+00 0.000000000000000000e+00 0.000000000000000000e+00 3.797251022727272107e-01 0.000000000000000000e+00 0.000000000000000000e+00 0.000000000000000000e+00 4.019400419397116675e-01 0.000000000000000000e+00 0.000000000000000000e+00 0.000000000000000000e+00 0.000000000000000000e+00 4.667373207547169667e-01 3.061882737288451062e-01 0.000000000000000000e+00 3.288385360772567156e-01 0.000000000000000000e+00 0.000000000000000000e+00 0.000000000000000000e+00 3.548868293806437535e-01 0.000000000000000000e+00 0.000000000000000000e+00 0.000000000000000000e+00 3.579513001047773813e-01 0.000000000000000000e+00 0.000000000000000000e+00 0.000000000000000000e+00 4.041619136880386653e-01 0.000000000000000000e+00 0.000000000000000000e+00 0.000000000000000000e+00 0.000000000000000000e+00 0.000000000000000000e+00 0.000000000000000000e+00 0.000000000000000000e+00 0.000000000000000000e+00 0.000000000000000000e+00 0.000000000000000000e+00 0.000000000000000000e+00 0.000000000000000000e+00 0.000000000000000000e+00 0.000000000000000000e+00 0.000000000000000000e+00 0.000000000000000000e+00 0.000000000000000000e+00 0.000000000000000000e+00 0.000000000000000000e+00 0.000000000000000000e+00 0.000000000000000000e+00 0.000000000000000000e+00 0.000000000000000000e+00 0.000000000000000000e+00 0.000000000000000000e+00 0.000000000000000000e+00 0.000000000000000000e+00 0.000000000000000000e+00 0.000000000000000000e+00 0.000000000000000000e+00
3.303946696363221913e-01 4.764442562430468708e-01 3.934608410483559915e-01 4.825475374844036547e-01 0.000000000000000000e+00 0.000000000000000000e+00 3.166937402619955377e-01 4.718456545387640921e-01 3.547249814814814606e-01 0.000000000000000000e+00 2.792795066385572178e-01 4.782103686180164681e-01 2.613293589636978553e-01 4.436943594145249525e-01 4.646164499999999586e-01 0.000000000000000000e+00 3.581813717597912561e-01 4.673376372549019053e-01 4.176138127277403411e-01 4.901345837245092985e-01 0.000000000000000000e+00 0.000000000000000000e+00 3.968630924999271281e-01 0.000000000000000000e+00 0.000000000000000000e+00 0.000000000000000000e+00 0.000000000000000000e+00 0.000000000000000000e+00 3.725239959880556895e-01 4.811664731040563581e-01 3.991601722239663808e-01 4.361126665263748703e-01 4.205791444640193388e-01 4.637760971817821432e-01 4.696640405639657678e-01 0.000000000000000000e+00 4.838120045715779138e-01 0.000000000000000000e+00 4.531169186398432691e-01 0.000000000000000000e+00 0.000000000000000000e+00 0.000000000000000000e+00 0.000000000000000000e+00 0.000000000000000000e+00 4.115284095238094797e-01 0.000000000000000000e+00 0.000000000000000000e+00 0.000000000000000000e+00 4.430894057002980335e-01 0.000000000000000000e+00 4.256309022506073458e-01 0.000000000000000000e+00 0.000000000000000000e+00 0.000000000000000000e+00 4.219832735042734484e-01 0.000000000000000000e+00 4.042025770197332779e-01 0.000000000000000000e+00 4.348352012605202765e-01 0.000000000000000000e+00 4.358019800501141683e-01 0.000000000000000000e+00 4.361619282311840484e-01 0.000000000000000000e+00 4.419007136237940170e-01 0.000000000000000000e+00 4.580343656815999420e-01 4.753582814814814594e-01 4.489700722891566964e-01 0.000000000000000000e+00 4.039237253205044675e-01 0.000000000000000000e+00 4.132896115018169780e-01 4.752110535000881875e-01 0.000000000000000000e+00 0.000000000000000000e+00 4.185649727729518488e-01 4.441596189192039135e-01 0.000000000000000000e+00 0.000000000000000000e+00 4.024138566307236542e-01 0.000000000000000000e+00 0.000000000000000000e+00 0.000000000000000000e+00 4.252613634886784899e-01 0.000000000000000000e+00 0.000000000000000000e+00 0.000000000000000000e+00 4.110077375158380231e-01 0.000000000000000000e+00 0.000000000000000000e+00 0.000000000000000000e+00 0.000000000000000000e+00 0.000000000000000000e+00 0.000000000000000000e+00 0.000000000000000000e+00 0.000000000000000000e+00 0.000000000000000000e+00 0.000000000000000000e+00 0.000000000000000000e+00 0.000000000000000000e+00 0.000000000000000000e+00 0.000000000000000000e+00 0.000000000000000000e+00 0.000000000000000000e+00 0.000000000000000000e+00 0.000000000000000000e+00 0.000000000000000000e+00 0.000000000000000000e+00 0.000000000000000000e+00 0.000000000000000000e+00 0.000000000000000000e+00 0.000000000000000000e+00 0.000000000000000000e+00 0.000000000000000000e+00 0.000000000000000000e+00
4.901944111660995751e-01 4.013840500485610918e-01 4.709619507445677589e-01 4.179823766322695033e-01 0.000000000000000000e+00 0.000000000000000000e+00 4.698150008267414912e-01 3.366483938509108875e-01 0.000000000000000000e+00 3.289674419198790889e-01 4.782103686180164681e-01 2.557274134220690054e-01 4.249523802879064394e-01 2.947685651235164017e-01 0.000000000000000000e+00 3.826507454026739086e-01 4.974902005638605074e-01 4.199995112986626422e-01 4.888541634085371013e-01 4.256505237196063218e-01 0.000000000000000000e+00 0.000000000000000000e+00 4.653731982956866853e-01 3.886699354032732145e-01 0.000000000000000000e+00 0.000000000000000000e+00 0.000000000000000000e+00 0.000000000000000000e+00 4.225271833333333338e-01 3.750668602450037969e-01 4.270501286923076845e-01 3.928332723268631033e-01 5.054571484583174623e-01 4.176689228820919531e-01 0.000000000000000000e+00 5.347488235294117764e-01 0.000000000000000000e+00 0.000000000000000000e+00 0.000000000000000000e+00 4.434357492382133281e-01 0.000000000000000000e+00 0.000000000000000000e+00 0.000000000000000000e+00 0.000000000000000000e+00 0.000000000000000000e+00 0.000000000000000000e+00 0.000000000000000000e+00 0.000000000000000000e+00 0.000000000000000000e+00 4.076755849125920372e-01 4.510155238095238106e-01 4.144431038264572154e-01 0.000000000000000000e+00 0.000000000000000000e+00 0.000000000000000000e+00 3.874608586698909396e-01 0.000000000000000000e+00 4.181786308433331212e-01 0.000000000000000000e+00 4.504780074764309639e-01 0.000000000000000000e+00 4.303022703413919015e-01 0.000000000000000000e+00 4.246830917975085717e-01 0.000000000000000000e+00 4.300383089377932122e-01 5.128461755725191029e-01 4.664762764732668376e-01 0.000000000000000000e+00 0.000000000000000000e+00 4.889432575219141430e-01 3.671656757651909353e-01 4.547027972244567784e-01 4.139115329907484542e-01 0.000000000000000000e+00 4.174203090476191202e-01 4.508606306095640504e-01 4.244401363962390650e-01 0.000000000000000000e+00 0.000000000000000000e+00 0.000000000000000000e+00 4.285196220691690483e-01 0.000000000000000000e+00 0.000000000000000000e+00 0.000000000000000000e+00 4.426300037636118900e-01 0.000000000000000000e+00 0.000000000000000000e+00 0.000000000000000000e+00 4.472110603680189422e-01 0.000000000000000000e+00 0.000000000000000000e+00 0.000000000000000000e+00 0.000000000000000000e+00 0.000000000000000000e+00 0.000000000000000000e+00 0.000000000000000000e+00 0.000000000000000000e+00 0.000000000000000000e+00 0.000000000000000000e+00 0.000000000000000000e+00 0.000000000000000000e+00 0.000000000000000000e+00 0.000000000000000000e+00 0.000000000000000000e+00 0.000000000000000000e+00 0.000000000000000000e+00 0.000000000000000000e+00 0.000000000000000000e+00 0.000000000000000000e+00 0.000000000000000000e+00 0.000000000000000000e+00 0.000000000000000000e+00 0.000000000000000000e+00 0.000000000000000000e+00 0.000000000000000000e+00
3.509715852307556117e-01 4.396122597484276584e-01 3.456924877667157947e-01 4.403793838826564611e-01 2.996877081447963942e-01 3.862323788401254010e-01 2.583329994983585842e-01 4.401944259245110236e-01 2.811476591765009747e-01 0.000000000000000000e+00 2.613293589636978553e-01 4.249523802879064394e-01 2.255894483445392007e-01 4.354512116927357068e-01 2.837743628299507770e-01 4.554713056193430698e-01 4.130471709393940261e-01 0.000000000000000000e+00 3.838409042620578027e-01 4.399498894307723451e-01 0.000000000000000000e+00 0.000000000000000000e+00 3.657886784495448795e-01 4.356346469827944157e-01 3.238259318181818114e-01 0.000000000000000000e+00 0.000000000000000000e+00 0.000000000000000000e+00 3.288976325322795491e-01 4.768209493670885202e-01 3.553530884023725633e-01 4.365629641422555385e-01 3.742400636236604683e-01 4.255572201192175941e-01 4.762091770750987996e-01 0.000000000000000000e+00 4.673220074380164402e-01 0.000000000000000000e+00 0.000000000000000000e+00 0.000000000000000000e+00 0.000000000000000000e+00 0.000000000000000000e+00 0.000000000000000000e+00 0.000000000000000000e+00 0.000000000000000000e+00 0.000000000000000000e+00 0.000000000000000000e+00 0.000000000000000000e+00 3.604480270270271069e-01 0.000000000000000000e+00 4.076042535781691512e-01 0.000000000000000000e+00 0.000000000000000000e+00 0.000000000000000000e+00 3.758587364341084980e-01 0.000000000000000000e+00 4.002286705934932076e-01 0.000000000000000000e+00 4.242864197054706521e-01 0.000000000000000000e+00 4.239202440030255814e-01 0.000000000000000000e+00 4.259733650779700675e-01 0.000000000000000000e+00 4.267534714979056565e-01 0.000000000000000000e+00 4.486483023234343892e-01 0.000000000000000000e+00 4.429321718750001136e-01 0.000000000000000000e+00 3.413849266389191728e-01 4.294926623376623120e-01 3.976850372422861546e-01 4.417082026145438545e-01 0.000000000000000000e+00 4.444470865088260281e-01 4.061686386646862768e-01 4.537918535394797614e-01 0.000000000000000000e+00 0.000000000000000000e+00 3.805617445886547157e-01 0.000000000000000000e+00 0.000000000000000000e+00 0.000000000000000000e+00 4.057812812784261647e-01 0.000000000000000000e+00 0.000000000000000000e+00 0.000000000000000000e+00 3.993453019975641283e-01 0.000000000000000000e+00 0.000000000000000000e+00 0.000000000000000000e+00 0.000000000000000000e+00 0.000000000000000000e+00 0.000000000000000000e+00 0.000000000000000000e+00 0.000000000000000000e+00 0.000000000000000000e+00 0.000000000000000000e+00 0.000000000000000000e+00 0.000000000000000000e+00 0.000000000000000000e+00 0.000000000000000000e+00 0.000000000000000000e+00 0.000000000000000000e+00 0.000000000000000000e+00 0.000000000000000000e+00 0.000000000000000000e+00 0.000000000000000000e+00 0.000000000000000000e+00 0.000000000000000000e+00 0.000000000000000000e+00 0.000000000000000000e+00 0.000000000000000000e+00 0.000000000000000000e+00 0.000000000000000000e+00
