0.000000000000000000e+00 7.194994786235662208e-03 3.860962566844920035e-02 7.334109429569266557e-03 1.100513573000733679e-03 0.000000000000000000e+00 9.641873278236914868e-02 4.212004212004212024e-03 3.183023872679045015e-03 0.000000000000000000e+00 2.430664573521716387e-01 5.534034311012727900e-04 5.394393741851368634e-02 1.523461304082876380e-04 6.049822064056939279e-03 0.000000000000000000e+00 1.383958660975061761e-01 1.292198352447100629e-03 6.696995344900549818e-02 2.365426416059327602e-02 0.000000000000000000e+00 0.000000000000000000e+00 9.776536312849162542e-04 5.515719801434087587e-04 0.000000000000000000e+00 0.000000000000000000e+00 0.000000000000000000e+00 0.000000000000000000e+00 4.186602870813397465e-02 5.685048322910744422e-04 8.808632459810614330e-04 2.449179524859172188e-04 5.175218098477007457e-03 8.207547169811320320e-03 4.518752824220515310e-04 4.659832246039142438e-04 5.831464274271067061e-02 0.000000000000000000e+00 0.000000000000000000e+00 0.000000000000000000e+00 6.578947368421052266e-03 0.000000000000000000e+00 2.059308072487644179e-04 0.000000000000000000e+00 1.843657817109144517e-04 0.000000000000000000e+00 0.000000000000000000e+00 0.000000000000000000e+00 1.782107639301413896e-03 1.112347052280311503e-04 6.645167595035668742e-03 0.000000000000000000e+00 4.743833017077798953e-04 0.000000000000000000e+00 3.185679611650485323e-03 0.000000000000000000e+00 2.195081967213114715e-01 7.417297136923304939e-04 2.681072428971588775e-02 5.243838489774515013e-04 1.022727272727272790e-01 0.000000000000000000e+00 2.762991128010139352e-02 2.061855670103092885e-04 5.310909493250719204e-02 1.386577925679423307e-04 3.049652149051748726e-03 2.359882005899705145e-04 1.237051792828685326e-01 2.710027100271002708e-04 8.950495049504950118e-02 0.000000000000000000e+00 2.488955931472901575e-02 5.415162454873646185e-04 5.257009345794392240e-03 0.000000000000000000e+00 7.814109165808444390e-02 2.979737783075089245e-04 3.865979381443299112e-03 0.000000000000000000e+00 1.587584730645736839e-02 0.000000000000000000e+00 5.405405405405405705e-03 0.000000000000000000e+00 2.929752524692042989e-02 0.000000000000000000e+00 8.833922261484098825e-04 0.000000000000000000e+00 1.243915630070308205e-02 0.000000000000000000e+00 2.487562189054726321e-03 0.000000000000000000e+00 4.651162790697674679e-04 0.000000000000000000e+00 1.348314606741572996e-01 0.000000000000000000e+00 8.322663252240717138e-03 0.000000000000000000e+00 1.478196600147819659e-03 0.000000000000000000e+00 0.000000000000000000e+00 0.000000000000000000e+00 1.102535832414553493e-03 0.000000000000000000e+00 2.472187886279357018e-03 5.523336095001380895e-04 0.000000000000000000e+00 0.000000000000000000e+00 0.000000000000000000e+00 0.000000000000000000e+00 0.000000000000000000e+00 0.000000000000000000e+00 0.000000000000000000e+00 0.000000000000000000e+00 0.000000000000000000e+00 0.000000000000000000e+00
7.194994786235662208e-03 0.000000000000000000e+00 4.278074866310160201e-04 6.065192083818393698e-02 0.000000000000000000e+00 0.000000000000000000e+00 9.581985866570847310e-04 2.061542061542061544e-01 0.000000000000000000e+00 5.146680391147710190e-04 0.000000000000000000e+00 5.506364139457664564e-02 0.000000000000000000e+00 2.102376599634369139e-02 0.000000000000000000e+00 1.997503121098626652e-03 0.000000000000000000e+00 1.020836698433209566e-01 1.036817604739737574e-02 6.316327835315177497e-02 0.000000000000000000e+00 0.000000000000000000e+00 0.000000000000000000e+00 1.103143960286817517e-03 0.000000000000000000e+00 0.000000000000000000e+00 0.000000000000000000e+00 0.000000000000000000e+00 1.993620414673046265e-04 5.722948645063483109e-02 6.606474344857960748e-04 2.449179524859172188e-04 9.167529203016413358e-03 1.132075471698113130e-02 0.000000000000000000e+00 0.000000000000000000e+00 0.000000000000000000e+00 1.646458200382897308e-01 0.000000000000000000e+00 0.000000000000000000e+00 0.000000000000000000e+00 8.588957055214724301e-02 0.000000000000000000e+00 0.000000000000000000e+00 0.000000000000000000e+00 6.106497313141182048e-04 0.000000000000000000e+00 0.000000000000000000e+00 0.000000000000000000e+00 3.003337041156840977e-03 0.000000000000000000e+00 1.139795421334632332e-02 0.000000000000000000e+00 1.986379114642451704e-03 0.000000000000000000e+00 1.806276811921426898e-03 8.196721311475409829e-04 2.204420709093606323e-01 1.333866880085367388e-04 2.761754937947911298e-02 0.000000000000000000e+00 5.374538125629828994e-02 0.000000000000000000e+00 1.443298969072165025e-02 0.000000000000000000e+00 3.591236827509706325e-02 5.718097779472029133e-04 4.129793510324483718e-03 6.573705179282868932e-03 6.747967479674796265e-02 1.320132013201320040e-04 6.753069577080490771e-02 1.077470100204719301e-04 4.422382671480144106e-02 0.000000000000000000e+00 7.604562737642585075e-04 0.000000000000000000e+00 9.654350417163289066e-02 0.000000000000000000e+00 0.000000000000000000e+00 1.783803068141277164e-04 4.689593568557391852e-03 0.000000000000000000e+00 2.392344497607655409e-03 0.000000000000000000e+00 2.207888861324733276e-02 0.000000000000000000e+00 0.000000000000000000e+00 0.000000000000000000e+00 4.430005906674542616e-03 0.000000000000000000e+00 1.817520901490367151e-03 0.000000000000000000e+00 1.445086705202312067e-03 0.000000000000000000e+00 1.082474226804123751e-01 6.402048655569782080e-04 1.980198019801980222e-03 0.000000000000000000e+00 7.207207207207207318e-03 0.000000000000000000e+00 2.816901408450704376e-03 0.000000000000000000e+00 1.031140441328108875e-03 0.000000000000000000e+00 1.933167633250483259e-03 0.000000000000000000e+00 3.231017770597738488e-03 0.000000000000000000e+00 0.000000000000000000e+00 8.396305625524768876e-04 0.000000000000000000e+00 0.000000000000000000e+00 3.424657534246575152e-03 0.000000000000000000e+00 0.000000000000000000e+00
3.860962566844920035e-02 4.278074866310160201e-04 0.000000000000000000e+00 1.233993015133876686e-02 1.500366837857666780e-01 7.291286912139992348e-04 2.134387351778656017e-01 1.170001170001169939e-02 1.485411140583554369e-02 4.632012352032938846e-03 5.991627420198848697e-02 8.301051466519092934e-04 3.927640156453715559e-02 1.828153564899451548e-03 2.455516014234875380e-02 2.496878901373283314e-04 1.595147157942035376e-02 1.615247940558875786e-04 1.231485399915361878e-01 2.812939521800281346e-03 0.000000000000000000e+00 0.000000000000000000e+00 2.192737430167597812e-01 9.928295642581356356e-03 6.504065040650407192e-02 3.387916431394692469e-03 1.461377870563674262e-02 0.000000000000000000e+00 5.402711323763955548e-02 1.895016107636914807e-04 2.708654481391763874e-02 4.359539554249326765e-02 9.758982699985213269e-03 8.490566037735848906e-03 0.000000000000000000e+00 0.000000000000000000e+00 4.389618711951297908e-02 0.000000000000000000e+00 1.164144353899883560e-03 0.000000000000000000e+00 1.973684210526315680e-02 0.000000000000000000e+00 6.177924217462931996e-04 0.000000000000000000e+00 1.843657817109144517e-04 0.000000000000000000e+00 5.347593582887700658e-04 0.000000000000000000e+00 1.069264583580848251e-03 0.000000000000000000e+00 1.954461057363431932e-03 0.000000000000000000e+00 9.487666034155597906e-04 0.000000000000000000e+00 4.550970873786407914e-04 0.000000000000000000e+00 2.131147540983606772e-03 1.483459427384660988e-04 4.401760704281713031e-03 0.000000000000000000e+00 4.765395894428152597e-03 0.000000000000000000e+00 2.027883396704689353e-03 2.061855670103092885e-04 2.655454746625359429e-03 0.000000000000000000e+00 7.052320594682168903e-03 3.539823008849557581e-04 4.780876494023904126e-03 5.420054200542005415e-04 4.105610561056105556e-02 3.274215552523874334e-03 5.581295119060446230e-02 1.263537906137184074e-03 4.964953271028037067e-03 0.000000000000000000e+00 1.176622039134912479e-01 5.959475566150178490e-04 1.288659793814432965e-03 0.000000000000000000e+00 3.032465215840171070e-03 2.233139794551138784e-04 0.000000000000000000e+00 0.000000000000000000e+00 2.441460437243369013e-03 0.000000000000000000e+00 8.833922261484098825e-04 0.000000000000000000e+00 1.081665765278529015e-03 0.000000000000000000e+00 9.328358208955223703e-04 0.000000000000000000e+00 0.000000000000000000e+00 0.000000000000000000e+00 1.011235955056179747e-01 2.061855670103092744e-02 2.560819462227912832e-03 0.000000000000000000e+00 1.478196600147819659e-03 0.000000000000000000e+00 0.000000000000000000e+00 0.000000000000000000e+00 2.205071664829107039e-04 8.249123530624871432e-04 2.060156571899464471e-03 2.761668047500690447e-04 0.000000000000000000e+00 0.000000000000000000e+00 0.000000000000000000e+00 0.000000000000000000e+00 0.000000000000000000e+00 0.000000000000000000e+00 0.000000000000000000e+00 0.000000000000000000e+00 0.000000000000000000e+00 0.000000000000000000e+00
7.334109429569266557e-03 6.065192083818393698e-02 1.233993015133876686e-02 0.000000000000000000e+00 4.035216434336023200e-03 5.103900838497994752e-02 1.209725715654569496e-02 1.106821106821106876e-01 1.061007957559681599e-03 4.168811116829644614e-02 2.878074306645735277e-03 3.569452130603209539e-02 5.541069100391134671e-03 2.361365021328458089e-02 1.067615658362989399e-03 1.622971285892634355e-02 2.246686137946528783e-04 4.296559521886609417e-02 1.227253491324587463e-02 1.146912159570387391e-01 1.364256480218281045e-03 1.564945226917057938e-03 3.449720670391061283e-02 2.382790954219525525e-01 1.045296167247386845e-02 5.138339920948616774e-02 2.087682672233820251e-03 1.685393258426966332e-03 1.395534290271132358e-03 2.558271745309835185e-02 3.897819863466196744e-02 6.000489835904972147e-02 1.256838681058701675e-02 3.537735849056603682e-02 4.518752824220515310e-04 4.659832246039142438e-04 0.000000000000000000e+00 6.668793873643905079e-02 0.000000000000000000e+00 1.182033096926713919e-03 0.000000000000000000e+00 4.294478527607362150e-02 0.000000000000000000e+00 4.365858982754857007e-04 0.000000000000000000e+00 4.885197850512945639e-04 0.000000000000000000e+00 1.615769914364194521e-04 0.000000000000000000e+00 5.561735261401557244e-04 0.000000000000000000e+00 4.188991719434972949e-03 0.000000000000000000e+00 5.675368898978433441e-04 0.000000000000000000e+00 0.000000000000000000e+00 1.639344262295081966e-04 1.260940513276961883e-02 1.333866880085367388e-04 1.800384548155916850e-02 0.000000000000000000e+00 3.023177695666778679e-03 0.000000000000000000e+00 2.061855670103092885e-04 0.000000000000000000e+00 4.575707154742096779e-03 7.624130372629371816e-04 9.793510324483774981e-03 3.984063745019920466e-04 1.463414634146341549e-02 1.848184818481848164e-03 3.956343792633015138e-02 6.464820601228316076e-04 8.032490974729242228e-02 0.000000000000000000e+00 5.703422053231939348e-03 5.149330587023686744e-04 1.095053635280095333e-01 0.000000000000000000e+00 0.000000000000000000e+00 0.000000000000000000e+00 1.786511835640911027e-03 0.000000000000000000e+00 0.000000000000000000e+00 3.329264232604594404e-04 1.736541801041925149e-03 0.000000000000000000e+00 7.142857142857142851e-04 0.000000000000000000e+00 8.860011813349084366e-04 3.109452736318407901e-04 1.454016721192293634e-03 0.000000000000000000e+00 0.000000000000000000e+00 1.123595505617977497e-02 7.731958762886598224e-02 6.402048655569782080e-04 1.980198019801980222e-03 0.000000000000000000e+00 0.000000000000000000e+00 0.000000000000000000e+00 0.000000000000000000e+00 2.205071664829107039e-04 6.186842647968653032e-04 8.240626287597857449e-04 1.933167633250483259e-03 0.000000000000000000e+00 3.231017770597738488e-03 0.000000000000000000e+00 0.000000000000000000e+00 0.000000000000000000e+00 0.000000000000000000e+00 0.000000000000000000e+00 0.000000000000000000e+00 0.000000000000000000e+00 0.000000000000000000e+00
1.100513573000733679e-03 0.000000000000000000e+00 1.500366837857666780e-01 4.035216434336023200e-03 0.000000000000000000e+00 1.822821728034998250e-03 1.377410468319559267e-02 2.340002340002340074e-04 3.814323607427055896e-01 1.544004117344312949e-03 7.849293563579278323e-04 0.000000000000000000e+00 1.140808344198174619e-03 0.000000000000000000e+00 1.252669039145907492e-01 0.000000000000000000e+00 0.000000000000000000e+00 0.000000000000000000e+00 2.115954295387219644e-03 0.000000000000000000e+00 7.503410641200546072e-03 1.564945226917057938e-03 2.192737430167597881e-02 1.654715940430226059e-03 1.347270615563298524e-01 1.129305477131564012e-03 1.384829505915100845e-01 0.000000000000000000e+00 0.000000000000000000e+00 0.000000000000000000e+00 2.862805549438449549e-03 4.653441097232427319e-03 1.182906993937601556e-03 0.000000000000000000e+00 0.000000000000000000e+00 0.000000000000000000e+00 9.612303748798462248e-04 0.000000000000000000e+00 0.000000000000000000e+00 0.000000000000000000e+00 0.000000000000000000e+00 0.000000000000000000e+00 0.000000000000000000e+00 0.000000000000000000e+00 0.000000000000000000e+00 0.000000000000000000e+00 0.000000000000000000e+00 0.000000000000000000e+00 0.000000000000000000e+00 0.000000000000000000e+00 9.772305286817160473e-05 0.000000000000000000e+00 0.000000000000000000e+00 0.000000000000000000e+00 1.516990291262135791e-04 0.000000000000000000e+00 3.278688524590163932e-04 0.000000000000000000e+00 0.000000000000000000e+00 0.000000000000000000e+00 5.498533724340176490e-04 0.000000000000000000e+00 2.534854245880861692e-04 0.000000000000000000e+00 2.212878955521133128e-04 0.000000000000000000e+00 0.000000000000000000e+00 0.000000000000000000e+00 3.984063745019920466e-04 0.000000000000000000e+00 1.940594059405940583e-02 1.773533424283765337e-03 2.241137808425816211e-02 0.000000000000000000e+00 5.257009345794392240e-03 0.000000000000000000e+00 2.832131822863027601e-03 0.000000000000000000e+00 0.000000000000000000e+00 0.000000000000000000e+00 0.000000000000000000e+00 0.000000000000000000e+00 5.405405405405405705e-03 0.000000000000000000e+00 3.329264232604594404e-04 0.000000000000000000e+00 0.000000000000000000e+00 0.000000000000000000e+00 5.408328826392645077e-04 0.000000000000000000e+00 0.000000000000000000e+00 0.000000000000000000e+00 0.000000000000000000e+00 0.000000000000000000e+00 0.000000000000000000e+00 0.000000000000000000e+00 0.000000000000000000e+00 0.000000000000000000e+00 0.000000000000000000e+00 0.000000000000000000e+00 0.000000000000000000e+00 0.000000000000000000e+00 0.000000000000000000e+00 0.000000000000000000e+00 0.000000000000000000e+00 0.000000000000000000e+00 0.000000000000000000e+00 0.000000000000000000e+00 0.000000000000000000e+00 0.000000000000000000e+00 0.000000000000000000e+00 0.000000000000000000e+00 0.000000000000000000e+00 0.000000000000000000e+00 0.000000000000000000e+00 0.000000000000000000e+00
0.000000000000000000e+00 0.000000000000000000e+00 7.291286912139992348e-04 5.103900838497994752e-02 1.822821728034998250e-03 0.000000000000000000e+00 1.197748233321355914e-04 2.340002340002340074e-04 0.000000000000000000e+00 2.650540401441070504e-01 0.000000000000000000e+00 0.000000000000000000e+00 0.000000000000000000e+00 4.570383912248628870e-04 3.558718861209964664e-04 9.088639200998752110e-02 0.000000000000000000e+00 0.000000000000000000e+00 0.000000000000000000e+00 0.000000000000000000e+00 2.046384720327421459e-03 3.129890453834115877e-03 3.212290502793296171e-03 1.241036955322669631e-02 7.549361207897793691e-03 2.162619988706945273e-01 2.783576896311760768e-03 1.971910112359550604e-01 0.000000000000000000e+00 9.475080538184575338e-03 7.046905967848491464e-03 1.347048738672544654e-02 2.957267484844003889e-04 4.716981132075471735e-04 0.000000000000000000e+00 0.000000000000000000e+00 0.000000000000000000e+00 3.190810465858328238e-04 0.000000000000000000e+00 0.000000000000000000e+00 0.000000000000000000e+00 0.000000000000000000e+00 0.000000000000000000e+00 0.000000000000000000e+00 0.000000000000000000e+00 0.000000000000000000e+00 0.000000000000000000e+00 0.000000000000000000e+00 0.000000000000000000e+00 0.000000000000000000e+00 0.000000000000000000e+00 0.000000000000000000e+00 0.000000000000000000e+00 0.000000000000000000e+00 0.000000000000000000e+00 0.000000000000000000e+00 0.000000000000000000e+00 1.483459427384660988e-04 0.000000000000000000e+00 0.000000000000000000e+00 0.000000000000000000e+00 0.000000000000000000e+00 0.000000000000000000e+00 0.000000000000000000e+00 0.000000000000000000e+00 0.000000000000000000e+00 0.000000000000000000e+00 0.000000000000000000e+00 0.000000000000000000e+00 0.000000000000000000e+00 1.056105610561056032e-03 2.796725784447475979e-02 0.000000000000000000e+00 4.431407942238266978e-02 0.000000000000000000e+00 1.102661596958174825e-02 0.000000000000000000e+00 8.939213349225267734e-04 0.000000000000000000e+00 0.000000000000000000e+00 0.000000000000000000e+00 0.000000000000000000e+00 0.000000000000000000e+00 0.000000000000000000e+00 0.000000000000000000e+00 8.269246671628214477e-05 0.000000000000000000e+00 0.000000000000000000e+00 0.000000000000000000e+00 0.000000000000000000e+00 0.000000000000000000e+00 0.000000000000000000e+00 0.000000000000000000e+00 0.000000000000000000e+00 0.000000000000000000e+00 0.000000000000000000e+00 0.000000000000000000e+00 0.000000000000000000e+00 0.000000000000000000e+00 0.000000000000000000e+00 0.000000000000000000e+00 0.000000000000000000e+00 0.000000000000000000e+00 0.000000000000000000e+00 0.000000000000000000e+00 0.000000000000000000e+00 0.000000000000000000e+00 0.000000000000000000e+00 0.000000000000000000e+00 0.000000000000000000e+00 0.000000000000000000e+00 0.000000000000000000e+00 0.000000000000000000e+00 0.000000000000000000e+00 0.000000000000000000e+00 0.000000000000000000e+00
9.641873278236914868e-02 9.581985866570847310e-04 2.134387351778656017e-01 1.209725715654569496e-02 1.377410468319559267e-02 1.197748233321355914e-04 0.000000000000000000e+00 1.345501345501345578e-02 1.045092838196286511e-01 1.544004117344312949e-03 1.020408163265306145e-01 1.936912008854454982e-03 2.905801825293350960e-01 1.523461304082876326e-03 2.669039145907473390e-02 2.496878901373283314e-04 9.436081779375420781e-03 8.076239702794378930e-04 1.650444350402031218e-02 4.730852832118655031e-03 0.000000000000000000e+00 0.000000000000000000e+00 5.027932960893854650e-03 1.296194153337010442e-02 5.807200929152148659e-04 5.646527385657820058e-04 0.000000000000000000e+00 0.000000000000000000e+00 2.850877192982455982e-02 1.895016107636914807e-04 5.285179475886368598e-03 2.449179524859172036e-02 8.871802454532012753e-04 9.716981132075471622e-03 4.518752824220515310e-04 0.000000000000000000e+00 2.595322012175584753e-02 3.190810465858328238e-04 0.000000000000000000e+00 0.000000000000000000e+00 0.000000000000000000e+00 0.000000000000000000e+00 0.000000000000000000e+00 0.000000000000000000e+00 1.843657817109144517e-04 0.000000000000000000e+00 0.000000000000000000e+00 0.000000000000000000e+00 8.316502316739931081e-04 0.000000000000000000e+00 2.052184110231603659e-03 0.000000000000000000e+00 1.423149905123339632e-03 0.000000000000000000e+00 1.213592233009708633e-03 0.000000000000000000e+00 6.229508196721311904e-03 0.000000000000000000e+00 5.468854208350006942e-03 0.000000000000000000e+00 1.814516129032258188e-02 0.000000000000000000e+00 5.069708491761723383e-03 0.000000000000000000e+00 1.593272847975215831e-02 0.000000000000000000e+00 6.671114076050699932e-04 3.539823008849557581e-04 3.984063745019920250e-03 0.000000000000000000e+00 8.079207920792079445e-02 2.182810368349249845e-03 3.652623639693998447e-02 2.075812274368231056e-03 5.257009345794392240e-03 0.000000000000000000e+00 8.432028836251287407e-02 1.191895113230035698e-03 0.000000000000000000e+00 0.000000000000000000e+00 3.924366749910809977e-03 0.000000000000000000e+00 0.000000000000000000e+00 0.000000000000000000e+00 9.432915325713017371e-03 0.000000000000000000e+00 2.650176678445229864e-03 0.000000000000000000e+00 5.228051198846223394e-03 0.000000000000000000e+00 1.243781094527363160e-03 3.635041802980734085e-04 0.000000000000000000e+00 1.445086705202312067e-03 4.494382022471909988e-02 1.030927835051546372e-02 6.402048655569782080e-04 0.000000000000000000e+00 0.000000000000000000e+00 0.000000000000000000e+00 0.000000000000000000e+00 0.000000000000000000e+00 2.205071664829107039e-04 2.062280882656217858e-04 2.060156571899464471e-03 0.000000000000000000e+00 0.000000000000000000e+00 0.000000000000000000e+00 0.000000000000000000e+00 0.000000000000000000e+00 8.396305625524768876e-04 0.000000000000000000e+00 0.000000000000000000e+00 0.000000000000000000e+00 0.000000000000000000e+00 0.000000000000000000e+00
4.212004212004212024e-03 2.061542061542061544e-01 1.170001170001169939e-02 1.106821106821106876e-01 2.340002340002340074e-04 2.340002340002340074e-04 1.345501345501345578e-02 0.000000000000000000e+00 1.061007957559681599e-03 9.264024704065877691e-03 1.831501831501831500e-03 1.745987825124515891e-01 4.074315514993481248e-03 2.049055453991468490e-01 3.558718861209964664e-04 1.598002496878901321e-02 2.246686137946528783e-04 1.082216120174446863e-02 1.216673719847651339e-02 1.559902825725610620e-02 0.000000000000000000e+00 0.000000000000000000e+00 2.011173184357541860e-02 1.323772752344180847e-02 5.807200929152148659e-04 1.129305477131564012e-03 0.000000000000000000e+00 0.000000000000000000e+00 1.395534290271132358e-03 1.629713852567746951e-02 2.158114952653600663e-02 2.694097477345089569e-03 1.123761644240721565e-02 7.264150943396226190e-03 4.518752824220515310e-04 0.000000000000000000e+00 0.000000000000000000e+00 8.615188257817485429e-03 0.000000000000000000e+00 0.000000000000000000e+00 0.000000000000000000e+00 1.226993865030674875e-02 0.000000000000000000e+00 3.274394237066142891e-04 0.000000000000000000e+00 4.885197850512945639e-04 0.000000000000000000e+00 0.000000000000000000e+00 0.000000000000000000e+00 4.226918798665183115e-03 0.000000000000000000e+00 8.767657087189479476e-03 0.000000000000000000e+00 2.270147559591373376e-03 0.000000000000000000e+00 2.257846014901783785e-03 1.639344262295081966e-04 4.153686396677050766e-03 1.333866880085367388e-04 5.069043873448697557e-03 1.832844574780058649e-04 2.384951293248236542e-02 0.000000000000000000e+00 4.948453608247422274e-03 0.000000000000000000e+00 1.968940654464780907e-02 3.812065186314685908e-04 1.769911504424778736e-03 0.000000000000000000e+00 8.130081300813008123e-04 2.376237623762376180e-03 1.058663028649386023e-01 3.232410300614158038e-04 5.469314079422382679e-02 0.000000000000000000e+00 2.661596958174904885e-03 5.149330587023686744e-04 6.108462455303933364e-02 0.000000000000000000e+00 0.000000000000000000e+00 0.000000000000000000e+00 6.252791424743189136e-03 0.000000000000000000e+00 0.000000000000000000e+00 3.329264232604594404e-04 1.868849747787976537e-02 0.000000000000000000e+00 0.000000000000000000e+00 0.000000000000000000e+00 6.202008269344359490e-03 0.000000000000000000e+00 7.270083605961468170e-04 0.000000000000000000e+00 0.000000000000000000e+00 0.000000000000000000e+00 2.061855670103092744e-02 0.000000000000000000e+00 0.000000000000000000e+00 0.000000000000000000e+00 0.000000000000000000e+00 0.000000000000000000e+00 0.000000000000000000e+00 0.000000000000000000e+00 4.124561765312435716e-04 0.000000000000000000e+00 5.523336095001380895e-04 0.000000000000000000e+00 1.615508885298869244e-03 0.000000000000000000e+00 0.000000000000000000e+00 0.000000000000000000e+00 0.000000000000000000e+00 0.000000000000000000e+00 0.000000000000000000e+00 0.000000000000000000e+00 0.000000000000000000e+00
3.183023872679045015e-03 0.000000000000000000e+00 1.485411140583554369e-02 1.061007957559681599e-03 3.814323607427055896e-01 0.000000000000000000e+00 1.045092838196286511e-01 1.061007957559681599e-03 0.000000000000000000e+00 5.146680391147710190e-04 2.616431187859759224e-03 2.767017155506363950e-04 1.841590612777053299e-02 3.046922608165752761e-04 1.644128113879003428e-01 0.000000000000000000e+00 2.246686137946528783e-04 0.000000000000000000e+00 5.289885738468049110e-04 0.000000000000000000e+00 6.821282401091405224e-04 0.000000000000000000e+00 2.793296089385474625e-04 0.000000000000000000e+00 5.807200929152148659e-04 0.000000000000000000e+00 6.958942240779401704e-03 0.000000000000000000e+00 1.196172248803827705e-03 0.000000000000000000e+00 8.808632459810614330e-04 1.469507714915503204e-03 1.478633742422001945e-04 0.000000000000000000e+00 0.000000000000000000e+00 0.000000000000000000e+00 1.602050624799743672e-03 0.000000000000000000e+00 0.000000000000000000e+00 0.000000000000000000e+00 0.000000000000000000e+00 0.000000000000000000e+00 4.118616144975288359e-04 0.000000000000000000e+00 1.843657817109144517e-04 0.000000000000000000e+00 0.000000000000000000e+00 0.000000000000000000e+00 0.000000000000000000e+00 0.000000000000000000e+00 0.000000000000000000e+00 0.000000000000000000e+00 0.000000000000000000e+00 0.000000000000000000e+00 0.000000000000000000e+00 0.000000000000000000e+00 0.000000000000000000e+00 0.000000000000000000e+00 1.333866880085367388e-04 0.000000000000000000e+00 5.498533724340176490e-04 0.000000000000000000e+00 5.069708491761723383e-04 0.000000000000000000e+00 2.212878955521133128e-04 0.000000000000000000e+00 0.000000000000000000e+00 0.000000000000000000e+00 7.968127490039840933e-04 2.710027100271002708e-04 9.768976897689768402e-03 4.092769440654842918e-04 1.756276263333692370e-02 0.000000000000000000e+00 1.460280373831775646e-03 0.000000000000000000e+00 3.733264675592172944e-03 0.000000000000000000e+00 0.000000000000000000e+00 0.000000000000000000e+00 5.351409204423831492e-04 0.000000000000000000e+00 0.000000000000000000e+00 0.000000000000000000e+00 3.329264232604594404e-04 0.000000000000000000e+00 8.833922261484098825e-04 0.000000000000000000e+00 1.802776275464214935e-04 0.000000000000000000e+00 0.000000000000000000e+00 0.000000000000000000e+00 0.000000000000000000e+00 0.000000000000000000e+00 0.000000000000000000e+00 0.000000000000000000e+00 0.000000000000000000e+00 0.000000000000000000e+00 0.000000000000000000e+00 0.000000000000000000e+00 0.000000000000000000e+00 0.000000000000000000e+00 2.205071664829107039e-04 0.000000000000000000e+00 8.240626287597857449e-04 0.000000000000000000e+00 0.000000000000000000e+00 0.000000000000000000e+00 0.000000000000000000e+00 0.000000000000000000e+00 0.000000000000000000e+00 0.000000000000000000e+00 0.000000000000000000e+00 0.000000000000000000e+00 0.000000000000000000e+00 0.000000000000000000e+00
0.000000000000000000e+00 5.146680391147710190e-04 4.632012352032938846e-03 4.168811116829644614e-02 1.544004117344312949e-03 2.650540401441070504e-01 1.544004117344312949e-03 9.264024704065877691e-03 5.146680391147710190e-04 0.000000000000000000e+00 0.000000000000000000e+00 2.767017155506363950e-04 0.000000000000000000e+00 1.828153564899451548e-03 3.558718861209964664e-04 1.995006242197253366e-01 0.000000000000000000e+00 1.615247940558875786e-04 0.000000000000000000e+00 1.278608873545582529e-04 0.000000000000000000e+00 0.000000000000000000e+00 1.675977653631284883e-03 1.654715940430226059e-03 4.645760743321718927e-03 5.533596837944664004e-02 6.958942240779401921e-04 1.123595505617977627e-03 0.000000000000000000e+00 1.516012886109531846e-03 2.862805549438449549e-03 1.469507714915503204e-03 0.000000000000000000e+00 9.433962264150942928e-05 0.000000000000000000e+00 0.000000000000000000e+00 0.000000000000000000e+00 0.000000000000000000e+00 0.000000000000000000e+00 0.000000000000000000e+00 0.000000000000000000e+00 0.000000000000000000e+00 0.000000000000000000e+00 0.000000000000000000e+00 0.000000000000000000e+00 0.000000000000000000e+00 0.000000000000000000e+00 0.000000000000000000e+00 0.000000000000000000e+00 0.000000000000000000e+00 0.000000000000000000e+00 9.741841207988309625e-05 0.000000000000000000e+00 0.000000000000000000e+00 0.000000000000000000e+00 0.000000000000000000e+00 0.000000000000000000e+00 1.483459427384660988e-04 0.000000000000000000e+00 0.000000000000000000e+00 0.000000000000000000e+00 0.000000000000000000e+00 0.000000000000000000e+00 0.000000000000000000e+00 0.000000000000000000e+00 1.386577925679423307e-04 0.000000000000000000e+00 0.000000000000000000e+00 0.000000000000000000e+00 0.000000000000000000e+00 2.640264026402640079e-04 1.173260572987721607e-02 0.000000000000000000e+00 2.021660649819494518e-02 0.000000000000000000e+00 3.802281368821292754e-03 1.287332646755921686e-04 1.936829558998808118e-03 0.000000000000000000e+00 0.000000000000000000e+00 0.000000000000000000e+00 0.000000000000000000e+00 0.000000000000000000e+00 0.000000000000000000e+00 0.000000000000000000e+00 1.653849334325642895e-04 0.000000000000000000e+00 0.000000000000000000e+00 0.000000000000000000e+00 1.476668635558180728e-04 0.000000000000000000e+00 0.000000000000000000e+00 0.000000000000000000e+00 0.000000000000000000e+00 0.000000000000000000e+00 0.000000000000000000e+00 0.000000000000000000e+00 0.000000000000000000e+00 0.000000000000000000e+00 0.000000000000000000e+00 0.000000000000000000e+00 0.000000000000000000e+00 0.000000000000000000e+00 0.000000000000000000e+00 0.000000000000000000e+00 0.000000000000000000e+00 0.000000000000000000e+00 0.000000000000000000e+00 0.000000000000000000e+00 0.000000000000000000e+00 0.000000000000000000e+00 0.000000000000000000e+00 0.000000000000000000e+00 0.000000000000000000e+00 0.000000000000000000e+00 0.000000000000000000e+00
2.430664573521716387e-01 0.000000000000000000e+00 5.991627420198848697e-02 2.878074306645735277e-03 7.849293563579278323e-04 0.000000000000000000e+00 1.020408163265306145e-01 1.831501831501831500e-03 2.616431187859759224e-03 0.000000000000000000e+00 0.000000000000000000e+00 0.000000000000000000e+00 1.305410691003911217e-01 0.000000000000000000e+00 2.277580071174377385e-02 2.496878901373283314e-04 2.898225117951022320e-02 0.000000000000000000e+00 2.084214980956411445e-02 5.114435494182330115e-04 0.000000000000000000e+00 0.000000000000000000e+00 4.329608938547485804e-03 2.757859900717043794e-04 0.000000000000000000e+00 0.000000000000000000e+00 0.000000000000000000e+00 0.000000000000000000e+00 7.296650717703349887e-02 0.000000000000000000e+00 2.202158114952653799e-03 7.347538574577516021e-04 1.774360490906402551e-03 6.603773584905660863e-04 0.000000000000000000e+00 0.000000000000000000e+00 1.922460749759692450e-03 0.000000000000000000e+00 0.000000000000000000e+00 0.000000000000000000e+00 0.000000000000000000e+00 0.000000000000000000e+00 0.000000000000000000e+00 0.000000000000000000e+00 1.843657817109144517e-04 0.000000000000000000e+00 1.782531194295900129e-04 0.000000000000000000e+00 3.564215278602827683e-04 0.000000000000000000e+00 9.772305286817159660e-04 0.000000000000000000e+00 0.000000000000000000e+00 0.000000000000000000e+00 3.033980582524271582e-04 0.000000000000000000e+00 9.672131147540983381e-03 0.000000000000000000e+00 3.067893824196345209e-03 1.747946163258171581e-04 1.411290322580645122e-02 0.000000000000000000e+00 1.444866920152091186e-02 0.000000000000000000e+00 1.128568267315777779e-02 0.000000000000000000e+00 2.191937482130944248e-03 2.359882005899705145e-04 2.589641434262948249e-03 0.000000000000000000e+00 1.623762376237623817e-02 0.000000000000000000e+00 1.292964120245663215e-03 9.025270758122743190e-05 0.000000000000000000e+00 0.000000000000000000e+00 2.317198764160659143e-03 1.489868891537544622e-04 0.000000000000000000e+00 0.000000000000000000e+00 1.070281840884766342e-02 0.000000000000000000e+00 0.000000000000000000e+00 0.000000000000000000e+00 6.769503939629341847e-03 0.000000000000000000e+00 0.000000000000000000e+00 0.000000000000000000e+00 1.983053903010636564e-03 0.000000000000000000e+00 0.000000000000000000e+00 0.000000000000000000e+00 0.000000000000000000e+00 0.000000000000000000e+00 0.000000000000000000e+00 0.000000000000000000e+00 6.402048655569782080e-04 0.000000000000000000e+00 0.000000000000000000e+00 0.000000000000000000e+00 0.000000000000000000e+00 0.000000000000000000e+00 0.000000000000000000e+00 0.000000000000000000e+00 0.000000000000000000e+00 0.000000000000000000e+00 0.000000000000000000e+00 0.000000000000000000e+00 0.000000000000000000e+00 0.000000000000000000e+00 0.000000000000000000e+00 0.000000000000000000e+00 0.000000000000000000e+00 0.000000000000000000e+00 0.000000000000000000e+00 0.000000000000000000e+00
5.534034311012727900e-04 5.506364139457664564e-02 8.301051466519092934e-04 3.569452130603209539e-02 0.000000000000000000e+00 0.000000000000000000e+00 1.936912008854454982e-03 1.745987825124515891e-01 2.767017155506363950e-04 2.767017155506363950e-04 0.000000000000000000e+00 0.000000000000000000e+00 0.000000000000000000e+00 1.624009750152346221e-01 0.000000000000000000e+00 6.242197253433208123e-03 0.000000000000000000e+00 8.157002099822323327e-02 2.327549724925941695e-03 1.611047180667433965e-02 0.000000000000000000e+00 0.000000000000000000e+00 2.793296089385474625e-04 1.378929950358521788e-03 0.000000000000000000e+00 0.000000000000000000e+00 0.000000000000000000e+00 0.000000000000000000e+00 0.000000000000000000e+00 4.794390752321394528e-02 1.541510680466857616e-03 2.449179524859172188e-04 2.957267484844003889e-04 6.509433962264150539e-03 0.000000000000000000e+00 0.000000000000000000e+00 0.000000000000000000e+00 1.276324186343331295e-03 0.000000000000000000e+00 0.000000000000000000e+00 0.000000000000000000e+00 0.000000000000000000e+00 0.000000000000000000e+00 0.000000000000000000e+00 0.000000000000000000e+00 0.000000000000000000e+00 0.000000000000000000e+00 0.000000000000000000e+00 0.000000000000000000e+00 1.112347052280311503e-04 0.000000000000000000e+00 7.793472966390647700e-04 0.000000000000000000e+00 5.675368898978433441e-04 0.000000000000000000e+00 0.000000000000000000e+00 1.639344262295081966e-04 3.263610740246254173e-03 0.000000000000000000e+00 1.048767697954903003e-03 1.832844574780058649e-04 5.374538125629828474e-03 0.000000000000000000e+00 8.041237113402061737e-03 0.000000000000000000e+00 9.012756516916251362e-03 2.859048889736014567e-04 1.179941002949852572e-04 1.992031872509960233e-04 8.130081300813008123e-04 0.000000000000000000e+00 8.594815825375169693e-03 0.000000000000000000e+00 5.054151624548736295e-03 0.000000000000000000e+00 3.802281368821292537e-04 2.574665293511843372e-04 3.575685339690107094e-03 0.000000000000000000e+00 4.854368932038834530e-03 0.000000000000000000e+00 1.317552478785171885e-02 0.000000000000000000e+00 0.000000000000000000e+00 0.000000000000000000e+00 1.149425287356321823e-02 0.000000000000000000e+00 0.000000000000000000e+00 0.000000000000000000e+00 5.611340815121087199e-03 0.000000000000000000e+00 0.000000000000000000e+00 0.000000000000000000e+00 0.000000000000000000e+00 0.000000000000000000e+00 0.000000000000000000e+00 0.000000000000000000e+00 0.000000000000000000e+00 0.000000000000000000e+00 0.000000000000000000e+00 0.000000000000000000e+00 0.000000000000000000e+00 0.000000000000000000e+00 2.062280882656217858e-04 0.000000000000000000e+00 0.000000000000000000e+00 0.000000000000000000e+00 0.000000000000000000e+00 0.000000000000000000e+00 0.000000000000000000e+00 0.000000000000000000e+00 0.000000000000000000e+00 0.000000000000000000e+00 0.000000000000000000e+00 0.000000000000000000e+00 0.000000000000000000e+00
5.394393741851368634e-02 0.000000000000000000e+00 3.927640156453715559e-02 5.541069100391134671e-03 1.140808344198174619e-03 0.000000000000000000e+00 2.905801825293350960e-01 4.074315514993481248e-03 1.841590612777053299e-02 0.000000000000000000e+00 1.305410691003911217e-01 0.000000000000000000e+00 0.000000000000000000e+00 6.093845216331505521e-04 3.088967971530249268e-01 0.000000000000000000e+00 5.392046731071669513e-03 0.000000000000000000e+00 6.665256030469741792e-03 1.278608873545582529e-04 0.000000000000000000e+00 0.000000000000000000e+00 4.748603351955307458e-03 4.412575841147270070e-03 0.000000000000000000e+00 0.000000000000000000e+00 0.000000000000000000e+00 0.000000000000000000e+00 1.158293460925039903e-01 0.000000000000000000e+00 4.404316229905307165e-04 2.939015429831006408e-03 4.435901227266006376e-04 1.603773584905660325e-03 4.518752824220515310e-04 4.659832246039142438e-04 4.806151874399230799e-03 0.000000000000000000e+00 1.164144353899883560e-03 0.000000000000000000e+00 0.000000000000000000e+00 0.000000000000000000e+00 0.000000000000000000e+00 0.000000000000000000e+00 0.000000000000000000e+00 0.000000000000000000e+00 0.000000000000000000e+00 0.000000000000000000e+00 0.000000000000000000e+00 0.000000000000000000e+00 4.886152643408579830e-04 0.000000000000000000e+00 4.743833017077798953e-04 0.000000000000000000e+00 9.101941747572815829e-04 0.000000000000000000e+00 6.065573770491803490e-03 0.000000000000000000e+00 2.134187008136587821e-03 0.000000000000000000e+00 1.081378299120234684e-02 0.000000000000000000e+00 1.875792141951837869e-02 0.000000000000000000e+00 7.966364239876079154e-03 0.000000000000000000e+00 9.530162965786714499e-04 0.000000000000000000e+00 1.394422310756972217e-03 0.000000000000000000e+00 3.960396039603960444e-02 2.728512960436562306e-04 1.982544984376683611e-02 7.220216606498194552e-04 2.044392523364485775e-03 0.000000000000000000e+00 2.536045314109165727e-02 0.000000000000000000e+00 0.000000000000000000e+00 0.000000000000000000e+00 1.409204423831609057e-02 0.000000000000000000e+00 0.000000000000000000e+00 0.000000000000000000e+00 1.154144933969592640e-02 0.000000000000000000e+00 8.833922261484098825e-04 0.000000000000000000e+00 4.146385433567694595e-03 0.000000000000000000e+00 3.109452736318407901e-04 0.000000000000000000e+00 0.000000000000000000e+00 0.000000000000000000e+00 1.123595505617977497e-02 0.000000000000000000e+00 0.000000000000000000e+00 0.000000000000000000e+00 0.000000000000000000e+00 0.000000000000000000e+00 0.000000000000000000e+00 0.000000000000000000e+00 0.000000000000000000e+00 0.000000000000000000e+00 0.000000000000000000e+00 0.000000000000000000e+00 0.000000000000000000e+00 0.000000000000000000e+00 0.000000000000000000e+00 0.000000000000000000e+00 0.000000000000000000e+00 0.000000000000000000e+00 0.000000000000000000e+00 0.000000000000000000e+00 0.000000000000000000e+00 0.000000000000000000e+00
