3.074845271432405935e-01 4.798849405334765228e-01 3.785300534297020847e-01 4.818668084590667089e-01 3.296002316279993405e-01 0.000000000000000000e+00 3.265961298829642145e-01 4.704156640025640157e-01 3.735689989106753539e-01 0.000000000000000000e+00 3.102111488486095636e-01 4.676984664590731477e-01 3.572566843573438122e-01 0.000000000000000000e+00 3.730343164212547857e-01 0.000000000000000000e+00 2.844867309641626041e-01 4.722727384691255414e-01 4.013587977111572336e-01 5.009864757863776719e-01 0.000000000000000000e+00 0.000000000000000000e+00 3.787154800000000487e-01 4.311728902439023181e-01 4.055589193548386207e-01 0.000000000000000000e+00 0.000000000000000000e+00 0.000000000000000000e+00 3.882320637079708647e-01 4.754928672980313076e-01 4.118829603949638041e-01 4.025777672978615995e-01 4.093073687991716780e-01 4.827024537847807162e-01 4.262150840046029510e-01 4.460720873786408469e-01 4.791836631951405523e-01 5.179516290035225401e-01 0.000000000000000000e+00 5.371216931818182383e-01 4.315353580246913401e-01 0.000000000000000000e+00 4.004209130434783215e-01 5.348684015151515814e-01 3.847871800556677546e-01 0.000000000000000000e+00 3.574703010752688925e-01 0.000000000000000000e+00 3.879748590789260931e-01 4.676198731884058102e-01 3.739168811003104054e-01 4.343637808244274479e-01 0.000000000000000000e+00 0.000000000000000000e+00 3.797257905187809146e-01 0.000000000000000000e+00 3.332842819502086495e-01 4.848124192191613502e-01 4.126216504309221933e-01 4.928677805156418401e-01 3.878406798022692170e-01 4.823262464102726632e-01 3.714559578864793377e-01 0.000000000000000000e+00 3.661510190039537482e-01 0.000000000000000000e+00 4.405106096579126662e-01 5.027432188024628656e-01 3.617576505022696010e-01 4.917836114035029071e-01 3.617618135289388248e-01 4.844391976629802699e-01 3.601525779585648679e-01 4.778554579984277684e-01 3.730229428571428807e-01 0.000000000000000000e+00 3.893498083682628841e-01 4.679259547345216985e-01 3.716133380281690934e-01 4.204504285714286138e-01 2.978641297319403747e-01 0.000000000000000000e+00 0.000000000000000000e+00 0.000000000000000000e+00 3.832154231107619546e-01 0.000000000000000000e+00 3.991427088366179543e-01 0.000000000000000000e+00 4.010957550221055934e-01 0.000000000000000000e+00 4.572699836065573509e-01 4.843516616541352904e-01 4.331825995092639658e-01 3.964504774774774698e-01 4.084455814089748560e-01 4.220192499999999569e-01 5.047327080610022332e-01 0.000000000000000000e+00 4.751975904761904790e-01 0.000000000000000000e+00 0.000000000000000000e+00 0.000000000000000000e+00 4.413707155303029372e-01 0.000000000000000000e+00 0.000000000000000000e+00 0.000000000000000000e+00 4.698890229885058223e-01 0.000000000000000000e+00 0.000000000000000000e+00 0.000000000000000000e+00 0.000000000000000000e+00 0.000000000000000000e+00 0.000000000000000000e+00 0.000000000000000000e+00 0.000000000000000000e+00 0.000000000000000000e+00
4.798849405334765228e-01 3.061891524950607346e-01 4.861304848896124686e-01 3.696268558511092706e-01 0.000000000000000000e+00 3.124676429387949206e-01 4.670311301241303892e-01 2.955785154495348954e-01 0.000000000000000000e+00 3.532490406006670303e-01 4.613307900433301079e-01 3.484786436392207087e-01 0.000000000000000000e+00 3.623003870886074562e-01 0.000000000000000000e+00 4.023868550420167667e-01 4.778149351027726199e-01 2.897192109633180968e-01 5.023861150989861191e-01 3.662021945146582969e-01 0.000000000000000000e+00 0.000000000000000000e+00 0.000000000000000000e+00 4.169469570088588095e-01 0.000000000000000000e+00 0.000000000000000000e+00 0.000000000000000000e+00 0.000000000000000000e+00 4.921884718217695021e-01 4.313377931400472209e-01 4.837360873880079959e-01 4.520819304347826750e-01 5.023064489491797513e-01 4.217394803589593066e-01 3.947493591476090580e-01 4.840752045454545516e-01 5.165347028879673230e-01 5.089820436187644237e-01 0.000000000000000000e+00 5.161538586307699017e-01 0.000000000000000000e+00 3.933014833169399260e-01 0.000000000000000000e+00 3.713712365591397280e-01 0.000000000000000000e+00 3.978432083494543581e-01 0.000000000000000000e+00 3.730937652118100356e-01 0.000000000000000000e+00 3.795030051795474368e-01 4.684180198019802233e-01 3.629292303526949204e-01 0.000000000000000000e+00 3.647782730505807480e-01 0.000000000000000000e+00 3.869201173551078954e-01 4.894656029815132592e-01 3.330083924383263061e-01 4.654492123626373656e-01 4.153315873141675829e-01 4.833097292630361697e-01 3.933335016085899305e-01 4.697440857142857196e-01 4.135979587166861982e-01 0.000000000000000000e+00 3.844200576824818305e-01 5.100514166474806599e-01 3.540137600845409405e-01 5.177459056624139633e-01 3.228662669289368847e-01 4.813927064612660289e-01 3.726837745934765689e-01 4.676357560104611455e-01 4.022642981902310733e-01 0.000000000000000000e+00 0.000000000000000000e+00 4.702752628972412530e-01 3.999500546295047254e-01 0.000000000000000000e+00 4.004694772727272478e-01 4.721736604679572236e-01 3.918700983582028008e-01 0.000000000000000000e+00 0.000000000000000000e+00 4.884975565217391513e-01 4.076797257976208511e-01 0.000000000000000000e+00 0.000000000000000000e+00 0.000000000000000000e+00 4.121688600342340303e-01 4.220232134253819600e-01 4.650383504096985421e-01 4.121645034482758763e-01 4.567302616366366586e-01 4.226878800314569085e-01 4.412373332628251599e-01 0.000000000000000000e+00 4.971124642857142062e-01 4.524018047619048355e-01 4.930264297619047498e-01 4.696773983739837566e-01 4.059883170731706237e-01 4.776618917795845132e-01 4.846420149920634413e-01 4.325109044146104864e-01 4.546427319782573861e-01 4.404726203703703824e-01 4.609268279828723780e-01 0.000000000000000000e+00 4.588436500000000473e-01 0.000000000000000000e+00 0.000000000000000000e+00 0.000000000000000000e+00 0.000000000000000000e+00 0.000000000000000000e+00 0.000000000000000000e+00
3.785300534297020847e-01 4.861304848896124686e-01 2.483683568580324630e-01 4.472126095962208892e-01 2.239341839361446151e-01 3.711681668498167941e-01 2.980198947666529152e-01 4.552444823939942875e-01 2.809974133073339098e-01 3.906882734620596431e-01 3.752085800503269786e-01 4.545265295799443273e-01 3.442899282130980620e-01 4.401057998613507327e-01 3.243243588430081425e-01 4.265860003685292279e-01 3.946222384191406252e-01 4.813410462330381945e-01 3.069590631549421467e-01 4.926083635553321072e-01 3.539140960415669834e-01 0.000000000000000000e+00 2.775198497780384521e-01 4.472966782256129759e-01 2.974864556309650410e-01 3.825810981563809721e-01 3.185703408724864794e-01 4.449013349917081417e-01 3.506930428750181794e-01 4.660294467522164696e-01 3.668753353720177746e-01 4.215165817249887925e-01 4.198959387511713159e-01 4.872782259794287696e-01 4.139290939170122696e-01 0.000000000000000000e+00 4.350426109672871910e-01 0.000000000000000000e+00 3.848068560606060506e-01 0.000000000000000000e+00 0.000000000000000000e+00 0.000000000000000000e+00 4.298709638418825585e-01 0.000000000000000000e+00 4.055548239599429672e-01 0.000000000000000000e+00 4.417620800000001124e-01 0.000000000000000000e+00 3.993637791481491339e-01 4.833126406250000118e-01 3.831956061257184021e-01 4.600778261047215878e-01 0.000000000000000000e+00 0.000000000000000000e+00 3.697223184657309480e-01 0.000000000000000000e+00 4.137926514961876578e-01 4.747071890639481540e-01 4.373951155912575994e-01 4.993614004450210864e-01 4.052492589815445134e-01 4.540305341614906953e-01 3.574496717307656390e-01 0.000000000000000000e+00 3.711430465294021097e-01 0.000000000000000000e+00 4.477560733438278318e-01 5.111483118580549823e-01 3.640259556722452161e-01 5.476778288713228804e-01 3.473111073470599997e-01 4.551577954784742919e-01 3.599022719619020538e-01 4.436807747025757198e-01 3.464814999999999423e-01 0.000000000000000000e+00 3.911671739914064361e-01 4.573538867870401980e-01 0.000000000000000000e+00 0.000000000000000000e+00 3.852681015033254663e-01 0.000000000000000000e+00 3.623696265060240562e-01 0.000000000000000000e+00 3.600822801413572916e-01 0.000000000000000000e+00 0.000000000000000000e+00 0.000000000000000000e+00 3.687687949621803463e-01 0.000000000000000000e+00 3.841314793388429516e-01 0.000000000000000000e+00 4.015164779761905001e-01 3.490761615384615490e-01 4.058785034829403560e-01 3.945779667672069668e-01 0.000000000000000000e+00 0.000000000000000000e+00 4.307920653786104781e-01 0.000000000000000000e+00 0.000000000000000000e+00 0.000000000000000000e+00 0.000000000000000000e+00 3.860960569105691964e-01 4.227938771929823925e-01 0.000000000000000000e+00 4.195211025641024660e-01 0.000000000000000000e+00 0.000000000000000000e+00 0.000000000000000000e+00 0.000000000000000000e+00 0.000000000000000000e+00 0.000000000000000000e+00 0.000000000000000000e+00 0.000000000000000000e+00 0.000000000000000000e+00
4.818668084590667089e-01 3.696268558511092706e-01 4.472126095962208892e-01 2.475776875621644724e-01 3.867413651971483013e-01 2.208524733462780831e-01 4.543876243255148273e-01 2.989106715845594731e-01 3.722069014084506966e-01 2.942350796838246740e-01 4.536473299088151223e-01 3.693488495140000438e-01 4.122543174128372456e-01 3.273252650756900972e-01 0.000000000000000000e+00 3.187506373994543063e-01 4.472729748612088163e-01 4.002775643576220177e-01 5.066071625862614836e-01 2.865401883484726686e-01 3.406251355932203850e-01 3.302088260869565084e-01 4.405630962769283010e-01 2.385919459898283024e-01 3.636008926276534936e-01 2.811436721321142196e-01 0.000000000000000000e+00 3.098828579695113161e-01 4.473472032569026924e-01 3.517339752403259023e-01 4.104948027976813019e-01 3.236165645613139352e-01 4.853456282894514917e-01 3.915303837739723680e-01 0.000000000000000000e+00 4.413550032753436048e-01 4.597556014288264326e-01 4.860270437046456671e-01 0.000000000000000000e+00 4.506410623239863744e-01 0.000000000000000000e+00 4.185112207885193225e-01 0.000000000000000000e+00 0.000000000000000000e+00 0.000000000000000000e+00 4.206203538699925248e-01 0.000000000000000000e+00 4.072631734940616033e-01 0.000000000000000000e+00 3.957043343812148839e-01 0.000000000000000000e+00 3.782104168756678653e-01 0.000000000000000000e+00 0.000000000000000000e+00 0.000000000000000000e+00 3.605139828427317839e-01 0.000000000000000000e+00 4.239135517351639848e-01 0.000000000000000000e+00 4.498972462625733248e-01 4.683302693609137091e-01 4.125903442073222682e-01 0.000000000000000000e+00 3.976169929942336423e-01 3.490671940298507026e-01 3.787206019220759057e-01 0.000000000000000000e+00 4.426318979865050962e-01 5.027592816881305549e-01 3.685358880607624843e-01 4.675530242263116198e-01 3.589664978322668065e-01 4.276433944219421024e-01 3.647023756186625332e-01 0.000000000000000000e+00 3.681308730384414418e-01 4.651750897715981603e-01 4.007692990822518952e-01 0.000000000000000000e+00 3.260468800000000389e-01 0.000000000000000000e+00 4.050967281446825052e-01 0.000000000000000000e+00 4.059237575757575489e-01 0.000000000000000000e+00 3.816956539945999816e-01 0.000000000000000000e+00 0.000000000000000000e+00 0.000000000000000000e+00 3.776205187485028314e-01 4.138846154344193451e-01 3.926170083023896029e-01 0.000000000000000000e+00 3.763035818438003055e-01 4.113166420651209187e-01 4.251437532556660570e-01 4.253395253181029845e-01 4.571205492417484417e-01 4.201335020252375818e-01 4.006335050256745745e-01 0.000000000000000000e+00 0.000000000000000000e+00 4.590466413740579843e-01 4.347370692307692130e-01 0.000000000000000000e+00 4.044857040816326466e-01 0.000000000000000000e+00 4.312160294117646786e-01 0.000000000000000000e+00 0.000000000000000000e+00 3.945213482142856942e-01 0.000000000000000000e+00 0.000000000000000000e+00 0.000000000000000000e+00 0.000000000000000000e+00 0.000000000000000000e+00
3.296002316279993405e-01 0.000000000000000000e+00 2.239341839361446151e-01 3.867413651971483013e-01 1.970133650012123316e-01 3.691481944501501244e-01 2.574120231883725851e-01 4.204124036697247102e-01 2.184271209863318519e-01 4.226562463768115951e-01 3.148847307692307362e-01 0.000000000000000000e+00 3.075285909016814423e-01 0.000000000000000000e+00 2.936445170321877463e-01 4.023897963161320313e-01 0.000000000000000000e+00 0.000000000000000000e+00 4.001759104747710794e-01 0.000000000000000000e+00 3.763843291134500446e-01 0.000000000000000000e+00 2.623645385543504904e-01 3.932041223481780867e-01 2.095835106322073149e-01 3.707388091625018478e-01 2.771009475924914867e-01 3.968770147058823250e-01 3.351231420717845633e-01 0.000000000000000000e+00 3.340195145870611393e-01 3.390050243986448830e-01 3.627974683748725893e-01 3.708012150537633445e-01 3.669769617254793337e-01 0.000000000000000000e+00 4.109907538461538556e-01 0.000000000000000000e+00 0.000000000000000000e+00 0.000000000000000000e+00 0.000000000000000000e+00 0.000000000000000000e+00 0.000000000000000000e+00 0.000000000000000000e+00 0.000000000000000000e+00 0.000000000000000000e+00 0.000000000000000000e+00 0.000000000000000000e+00 0.000000000000000000e+00 0.000000000000000000e+00 3.731609159848042201e-01 0.000000000000000000e+00 0.000000000000000000e+00 0.000000000000000000e+00 3.677563571428570932e-01 0.000000000000000000e+00 3.575644214222107875e-01 0.000000000000000000e+00 3.595485964912280563e-01 0.000000000000000000e+00 3.534545608941558892e-01 0.000000000000000000e+00 3.314284051020408572e-01 0.000000000000000000e+00 3.398747437408224936e-01 0.000000000000000000e+00 3.700221605263158686e-01 0.000000000000000000e+00 0.000000000000000000e+00 0.000000000000000000e+00 3.503577171234781296e-01 4.838307073170731720e-01 3.514899140783657727e-01 3.200284918803418810e-01 3.334286390243902387e-01 0.000000000000000000e+00 3.502206443412165249e-01 3.332633508771929431e-01 0.000000000000000000e+00 0.000000000000000000e+00 3.385062782819755478e-01 0.000000000000000000e+00 3.510403037974683671e-01 0.000000000000000000e+00 3.513562134820518712e-01 0.000000000000000000e+00 0.000000000000000000e+00 0.000000000000000000e+00 3.606651001241108490e-01 0.000000000000000000e+00 3.633752190476189914e-01 0.000000000000000000e+00 3.444523759999999490e-01 0.000000000000000000e+00 3.330940000000000567e-01 0.000000000000000000e+00 0.000000000000000000e+00 0.000000000000000000e+00 0.000000000000000000e+00 0.000000000000000000e+00 0.000000000000000000e+00 0.000000000000000000e+00 0.000000000000000000e+00 0.000000000000000000e+00 0.000000000000000000e+00 0.000000000000000000e+00 0.000000000000000000e+00 0.000000000000000000e+00 0.000000000000000000e+00 0.000000000000000000e+00 0.000000000000000000e+00 0.000000000000000000e+00 0.000000000000000000e+00 0.000000000000000000e+00 0.000000000000000000e+00 0.000000000000000000e+00
0.000000000000000000e+00 3.124676429387949206e-01 3.711681668498167941e-01 2.208524733462780831e-01 3.691481944501501244e-01 2.077921031584721301e-01 3.745190652258941766e-01 3.030910315704780644e-01 3.402457253200568688e-01 2.600594006287278992e-01 0.000000000000000000e+00 3.487037203184122358e-01 4.067287402267297236e-01 3.250155849056561852e-01 4.217462679012345395e-01 2.561419209911704464e-01 0.000000000000000000e+00 0.000000000000000000e+00 4.073087079646017239e-01 0.000000000000000000e+00 4.183974508301405160e-01 2.547046445219574573e-01 3.996437766232125988e-01 2.006941589913184276e-01 4.000021969786870524e-01 1.675026986636763138e-01 3.620545172727273053e-01 2.477020552804425069e-01 0.000000000000000000e+00 3.147877240810881827e-01 3.582669453594669040e-01 3.434272852443120971e-01 0.000000000000000000e+00 3.650727820164073600e-01 0.000000000000000000e+00 0.000000000000000000e+00 0.000000000000000000e+00 0.000000000000000000e+00 0.000000000000000000e+00 0.000000000000000000e+00 0.000000000000000000e+00 0.000000000000000000e+00 0.000000000000000000e+00 0.000000000000000000e+00 0.000000000000000000e+00 3.325558029197080434e-01 0.000000000000000000e+00 3.981942261904761748e-01 0.000000000000000000e+00 3.257478427176907498e-01 0.000000000000000000e+00 3.101747381713981788e-01 0.000000000000000000e+00 0.000000000000000000e+00 0.000000000000000000e+00 3.362183888888888861e-01 0.000000000000000000e+00 0.000000000000000000e+00 0.000000000000000000e+00 3.999043333333333616e-01 0.000000000000000000e+00 0.000000000000000000e+00 0.000000000000000000e+00 0.000000000000000000e+00 0.000000000000000000e+00 0.000000000000000000e+00 0.000000000000000000e+00 4.464971315789473261e-01 0.000000000000000000e+00 0.000000000000000000e+00 4.819945361388412453e-01 3.023757518198135208e-01 3.424534942922374814e-01 3.229947010623025472e-01 0.000000000000000000e+00 3.266481150997151417e-01 0.000000000000000000e+00 3.380942878627193893e-01 0.000000000000000000e+00 3.375481408450703991e-01 0.000000000000000000e+00 3.435359558694233706e-01 0.000000000000000000e+00 0.000000000000000000e+00 0.000000000000000000e+00 3.822717452779652580e-01 0.000000000000000000e+00 0.000000000000000000e+00 0.000000000000000000e+00 3.274375102040816277e-01 0.000000000000000000e+00 0.000000000000000000e+00 0.000000000000000000e+00 0.000000000000000000e+00 3.477732421052631695e-01 0.000000000000000000e+00 0.000000000000000000e+00 0.000000000000000000e+00 0.000000000000000000e+00 0.000000000000000000e+00 0.000000000000000000e+00 0.000000000000000000e+00 0.000000000000000000e+00 0.000000000000000000e+00 0.000000000000000000e+00 0.000000000000000000e+00 0.000000000000000000e+00 0.000000000000000000e+00 0.000000000000000000e+00 0.000000000000000000e+00 0.000000000000000000e+00 0.000000000000000000e+00 0.000000000000000000e+00 0.000000000000000000e+00 0.000000000000000000e+00 0.000000000000000000e+00
3.265961298829642145e-01 4.670311301241303892e-01 2.980198947666529152e-01 4.543876243255148273e-01 2.574120231883725851e-01 3.745190652258941766e-01 2.644590503030761486e-01 4.486573191672716399e-01 2.704043922678396328e-01 4.017095742577233564e-01 3.708038779599194257e-01 4.533361533520566256e-01 2.947023165378160892e-01 4.445777112194316261e-01 3.171348449838569117e-01 4.171229035669193896e-01 3.786826449195817013e-01 4.739191224354339371e-01 4.022900037049706445e-01 4.881721411708450642e-01 3.459009095990012161e-01 0.000000000000000000e+00 3.132410362711833818e-01 4.286916516941368105e-01 0.000000000000000000e+00 3.440618166113474929e-01 0.000000000000000000e+00 3.437296148989898992e-01 3.390411587704465490e-01 4.598922753390232154e-01 3.351978812649323847e-01 4.161458267027388080e-01 3.663353997058704792e-01 4.786244160057082087e-01 4.177514622641509412e-01 0.000000000000000000e+00 4.213298813774156715e-01 4.218377651515150539e-01 4.050448483086072082e-01 0.000000000000000000e+00 4.156756962962963042e-01 4.851203300000000995e-01 3.973330289495450307e-01 0.000000000000000000e+00 3.403692304329506979e-01 4.728418304093567337e-01 4.047524081632653536e-01 4.522299263157895099e-01 3.764564464481769401e-01 0.000000000000000000e+00 3.581872432657355332e-01 4.420844328358208841e-01 0.000000000000000000e+00 0.000000000000000000e+00 3.692707270360094940e-01 0.000000000000000000e+00 3.739710269428568323e-01 4.758826737412833463e-01 3.892319510523883919e-01 5.068835622371741234e-01 3.731732738289736950e-01 0.000000000000000000e+00 3.610017841689413531e-01 0.000000000000000000e+00 3.614839525276085097e-01 0.000000000000000000e+00 3.923942995036071024e-01 4.395224307378244322e-01 3.868318986007326377e-01 0.000000000000000000e+00 3.285164679673909238e-01 4.444148510254881113e-01 3.504782005478490614e-01 4.433233974205437744e-01 3.241908749999999340e-01 4.405917941176470953e-01 3.759212632325127923e-01 4.558516479544048039e-01 3.368810133333333678e-01 0.000000000000000000e+00 3.695011995424912210e-01 0.000000000000000000e+00 0.000000000000000000e+00 0.000000000000000000e+00 3.782896638392385102e-01 0.000000000000000000e+00 3.787910891719745154e-01 0.000000000000000000e+00 3.881943078089931110e-01 4.463742649509803706e-01 3.841681698113208476e-01 0.000000000000000000e+00 0.000000000000000000e+00 4.945706577181208097e-01 0.000000000000000000e+00 3.982005274725274879e-01 0.000000000000000000e+00 4.770519008264463290e-01 0.000000000000000000e+00 0.000000000000000000e+00 0.000000000000000000e+00 0.000000000000000000e+00 0.000000000000000000e+00 0.000000000000000000e+00 0.000000000000000000e+00 0.000000000000000000e+00 0.000000000000000000e+00 0.000000000000000000e+00 0.000000000000000000e+00 0.000000000000000000e+00 0.000000000000000000e+00 0.000000000000000000e+00 0.000000000000000000e+00 0.000000000000000000e+00 0.000000000000000000e+00 0.000000000000000000e+00
4.704156640025640157e-01 2.955785154495348954e-01 4.552444823939942875e-01 2.989106715845594731e-01 4.204124036697247102e-01 3.030910315704780644e-01 4.486573191672716399e-01 2.586172625683388904e-01 0.000000000000000000e+00 2.792677356631727559e-01 4.510971287940730434e-01 3.551755476513352439e-01 4.242179844919336529e-01 2.804825815509360276e-01 3.854374772727272580e-01 2.737417362261380660e-01 4.648137568572562328e-01 3.894257181017224401e-01 4.866046488440276541e-01 3.978498335211692605e-01 0.000000000000000000e+00 0.000000000000000000e+00 4.406154149203978521e-01 3.463433842388175532e-01 4.798268452380952676e-01 3.242675933931961629e-01 0.000000000000000000e+00 3.324680833698680504e-01 4.511831991614633219e-01 3.334349910847635434e-01 4.157029002969912512e-01 3.605647698702573734e-01 4.802228810057041497e-01 4.084382750374044857e-01 0.000000000000000000e+00 4.742726034482758202e-01 4.889632627715133073e-01 4.215676761538060258e-01 0.000000000000000000e+00 0.000000000000000000e+00 0.000000000000000000e+00 4.065228280748662826e-01 0.000000000000000000e+00 3.620534188722913105e-01 4.765598924731183073e-01 3.672641373068156745e-01 0.000000000000000000e+00 4.070773610248596408e-01 0.000000000000000000e+00 3.657634721377487352e-01 0.000000000000000000e+00 3.534279394620837844e-01 0.000000000000000000e+00 3.582371214453958785e-01 0.000000000000000000e+00 3.660087173085032064e-01 4.881678390804599088e-01 3.900017029114744016e-01 0.000000000000000000e+00 4.091220257380958625e-01 4.360058951838596819e-01 3.751762506356619009e-01 4.115940434782608959e-01 4.027011775480299760e-01 4.593750344827586263e-01 3.807478319753044294e-01 4.477672768144436710e-01 4.142039248941136731e-01 0.000000000000000000e+00 4.179806944793944545e-01 4.400621034918659191e-01 3.108725117306634922e-01 4.509106343547196194e-01 3.515086415723520097e-01 0.000000000000000000e+00 3.434935568776818493e-01 4.511169961910407866e-01 3.685733871968950304e-01 0.000000000000000000e+00 3.426017409440815231e-01 4.473207381393438098e-01 3.677451127213826609e-01 0.000000000000000000e+00 3.896493850931677105e-01 3.860979090909091305e-01 3.932743545058319246e-01 0.000000000000000000e+00 0.000000000000000000e+00 0.000000000000000000e+00 3.948207331101971640e-01 0.000000000000000000e+00 0.000000000000000000e+00 4.506095868263473303e-01 0.000000000000000000e+00 3.964615676315790260e-01 4.020936469068836505e-01 0.000000000000000000e+00 0.000000000000000000e+00 3.981523644859812361e-01 0.000000000000000000e+00 0.000000000000000000e+00 0.000000000000000000e+00 4.285938054276234310e-01 0.000000000000000000e+00 0.000000000000000000e+00 3.796473069306930403e-01 0.000000000000000000e+00 3.934853211009173846e-01 0.000000000000000000e+00 0.000000000000000000e+00 3.801107321428571217e-01 0.000000000000000000e+00 0.000000000000000000e+00 0.000000000000000000e+00 0.000000000000000000e+00 0.000000000000000000e+00
3.735689989106753539e-01 0.000000000000000000e+00 2.809974133073339098e-01 3.722069014084506966e-01 2.184271209863318519e-01 3.402457253200568688e-01 2.704043922678396328e-01 0.000000000000000000e+00 2.119329647592538002e-01 3.305490263157895292e-01 3.658528438261499649e-01 0.000000000000000000e+00 3.194912309398639239e-01 0.000000000000000000e+00 2.801659581195629078e-01 0.000000000000000000e+00 3.153917951807229114e-01 0.000000000000000000e+00 3.844877872596153545e-01 0.000000000000000000e+00 3.727497878355916505e-01 0.000000000000000000e+00 3.365780590257657079e-01 4.030686676753049702e-01 3.053791226442869045e-01 3.550171354919682831e-01 3.288766035906829921e-01 0.000000000000000000e+00 3.350423719751028928e-01 0.000000000000000000e+00 3.264850504270571663e-01 3.307050546479665676e-01 3.558239897137746022e-01 0.000000000000000000e+00 0.000000000000000000e+00 0.000000000000000000e+00 3.763121907820611289e-01 0.000000000000000000e+00 0.000000000000000000e+00 0.000000000000000000e+00 0.000000000000000000e+00 0.000000000000000000e+00 4.651837260869564616e-01 0.000000000000000000e+00 0.000000000000000000e+00 0.000000000000000000e+00 4.138374166666666798e-01 0.000000000000000000e+00 0.000000000000000000e+00 0.000000000000000000e+00 0.000000000000000000e+00 0.000000000000000000e+00 0.000000000000000000e+00 0.000000000000000000e+00 0.000000000000000000e+00 0.000000000000000000e+00 3.774383352303523065e-01 0.000000000000000000e+00 3.536553258928571974e-01 0.000000000000000000e+00 3.875367844854798460e-01 0.000000000000000000e+00 3.778061053035213224e-01 0.000000000000000000e+00 3.605562219826501380e-01 0.000000000000000000e+00 3.990564319327731257e-01 0.000000000000000000e+00 4.555500413223141365e-01 0.000000000000000000e+00 3.233474925682189860e-01 0.000000000000000000e+00 3.518890963814514383e-01 0.000000000000000000e+00 0.000000000000000000e+00 0.000000000000000000e+00 3.467872332933323309e-01 4.228172377049180253e-01 0.000000000000000000e+00 0.000000000000000000e+00 3.527970998240766431e-01 0.000000000000000000e+00 0.000000000000000000e+00 0.000000000000000000e+00 3.622061372392848533e-01 0.000000000000000000e+00 3.621036933333332541e-01 0.000000000000000000e+00 3.791931086314869193e-01 0.000000000000000000e+00 0.000000000000000000e+00 0.000000000000000000e+00 0.000000000000000000e+00 0.000000000000000000e+00 3.770368000000000053e-01 3.524191666666666722e-01 0.000000000000000000e+00 0.000000000000000000e+00 0.000000000000000000e+00 0.000000000000000000e+00 3.726592824427480966e-01 0.000000000000000000e+00 0.000000000000000000e+00 0.000000000000000000e+00 0.000000000000000000e+00 0.000000000000000000e+00 0.000000000000000000e+00 0.000000000000000000e+00 0.000000000000000000e+00 0.000000000000000000e+00 0.000000000000000000e+00 0.000000000000000000e+00 0.000000000000000000e+00 0.000000000000000000e+00 0.000000000000000000e+00 0.000000000000000000e+00
0.000000000000000000e+00 3.532490406006670303e-01 3.906882734620596431e-01 2.942350796838246740e-01 4.226562463768115951e-01 2.600594006287278992e-01 4.017095742577233564e-01 2.792677356631727559e-01 3.305490263157895292e-01 2.290715495324344986e-01 0.000000000000000000e+00 3.127886491666876378e-01 4.092236817771083834e-01 3.174965585081664932e-01 0.000000000000000000e+00 2.697692889577689712e-01 0.000000000000000000e+00 3.403157521645021610e-01 4.056187563025209775e-01 3.729116368407577875e-01 0.000000000000000000e+00 3.132125173268754392e-01 4.079634869523995899e-01 3.346765252578174366e-01 3.296152027027027254e-01 3.020582819886090120e-01 0.000000000000000000e+00 2.908448313668969831e-01 0.000000000000000000e+00 3.395961930993534050e-01 3.890534130368950017e-01 3.379177007211538464e-01 4.104120493827161376e-01 0.000000000000000000e+00 0.000000000000000000e+00 0.000000000000000000e+00 0.000000000000000000e+00 0.000000000000000000e+00 0.000000000000000000e+00 0.000000000000000000e+00 0.000000000000000000e+00 2.909722407407407396e-01 0.000000000000000000e+00 0.000000000000000000e+00 0.000000000000000000e+00 0.000000000000000000e+00 0.000000000000000000e+00 0.000000000000000000e+00 0.000000000000000000e+00 3.046222925847457130e-01 0.000000000000000000e+00 3.238469426229508286e-01 0.000000000000000000e+00 0.000000000000000000e+00 0.000000000000000000e+00 0.000000000000000000e+00 0.000000000000000000e+00 0.000000000000000000e+00 0.000000000000000000e+00 3.431927102803738472e-01 0.000000000000000000e+00 0.000000000000000000e+00 0.000000000000000000e+00 0.000000000000000000e+00 0.000000000000000000e+00 0.000000000000000000e+00 0.000000000000000000e+00 0.000000000000000000e+00 0.000000000000000000e+00 0.000000000000000000e+00 4.723206861038783955e-01 3.009612058069222051e-01 4.028646769230769253e-01 3.373027329459699075e-01 0.000000000000000000e+00 3.240756429038529896e-01 0.000000000000000000e+00 3.608475266897934186e-01 0.000000000000000000e+00 0.000000000000000000e+00 0.000000000000000000e+00 3.357282569995082566e-01 0.000000000000000000e+00 0.000000000000000000e+00 0.000000000000000000e+00 3.734811291567650127e-01 0.000000000000000000e+00 0.000000000000000000e+00 0.000000000000000000e+00 3.818645344450833368e-01 0.000000000000000000e+00 0.000000000000000000e+00 0.000000000000000000e+00 0.000000000000000000e+00 3.550494404761904699e-01 0.000000000000000000e+00 0.000000000000000000e+00 0.000000000000000000e+00 0.000000000000000000e+00 0.000000000000000000e+00 0.000000000000000000e+00 0.000000000000000000e+00 0.000000000000000000e+00 0.000000000000000000e+00 0.000000000000000000e+00 0.000000000000000000e+00 0.000000000000000000e+00 0.000000000000000000e+00 0.000000000000000000e+00 0.000000000000000000e+00 0.000000000000000000e+00 0.000000000000000000e+00 0.000000000000000000e+00 0.000000000000000000e+00 0.000000000000000000e+00 0.000000000000000000e+00
3.102111488486095636e-01 4.613307900433301079e-01 3.752085800503269786e-01 4.536473299088151223e-01 3.148847307692307362e-01 0.000000000000000000e+00 3.708038779599194257e-01 4.510971287940730434e-01 3.658528438261499649e-01 0.000000000000000000e+00 2.976980964179681832e-01 4.428721046029253094e-01 3.192433987724443978e-01 4.554982837526314610e-01 3.801919191135469944e-01 0.000000000000000000e+00 3.136655824106688306e-01 4.433316514175257295e-01 3.974039589728471378e-01 4.832448139823711797e-01 0.000000000000000000e+00 0.000000000000000000e+00 3.805613132692933220e-01 4.405185214688789319e-01 0.000000000000000000e+00 0.000000000000000000e+00 0.000000000000000000e+00 0.000000000000000000e+00 3.808627523864776543e-01 4.584819767699390147e-01 3.848616857419221438e-01 4.348225057353048428e-01 3.742749678443451078e-01 4.593764582039616684e-01 0.000000000000000000e+00 0.000000000000000000e+00 4.422985489841588236e-01 4.753330298507463247e-01 0.000000000000000000e+00 0.000000000000000000e+00 0.000000000000000000e+00 0.000000000000000000e+00 0.000000000000000000e+00 0.000000000000000000e+00 3.622758144971189309e-01 0.000000000000000000e+00 0.000000000000000000e+00 0.000000000000000000e+00 3.692561222222222606e-01 0.000000000000000000e+00 4.020113429592160337e-01 0.000000000000000000e+00 0.000000000000000000e+00 0.000000000000000000e+00 3.864577592443891874e-01 0.000000000000000000e+00 3.961835761060188976e-01 0.000000000000000000e+00 3.974667414305729785e-01 0.000000000000000000e+00 4.093520209414382993e-01 0.000000000000000000e+00 4.092387246487127483e-01 0.000000000000000000e+00 3.877507833379150171e-01 0.000000000000000000e+00 3.965367230281817146e-01 0.000000000000000000e+00 4.398474931506848873e-01 0.000000000000000000e+00 3.462231841224387430e-01 4.680357261424731297e-01 3.844575693082151746e-01 4.483721857630246777e-01 3.531375770114942858e-01 0.000000000000000000e+00 4.101848979277936680e-01 4.201779701488889684e-01 3.735468909090908785e-01 0.000000000000000000e+00 3.578881685632758769e-01 0.000000000000000000e+00 0.000000000000000000e+00 0.000000000000000000e+00 3.931800664921555888e-01 0.000000000000000000e+00 0.000000000000000000e+00 0.000000000000000000e+00 4.097519990148807412e-01 0.000000000000000000e+00 0.000000000000000000e+00 0.000000000000000000e+00 0.000000000000000000e+00 4.178351111111112126e-01 0.000000000000000000e+00 0.000000000000000000e+00 0.000000000000000000e+00 0.000000000000000000e+00 0.000000000000000000e+00 0.000000000000000000e+00 0.000000000000000000e+00 0.000000000000000000e+00 4.527777558139535197e-01 0.000000000000000000e+00 0.000000000000000000e+00 0.000000000000000000e+00 0.000000000000000000e+00 0.000000000000000000e+00 0.000000000000000000e+00 0.000000000000000000e+00 0.000000000000000000e+00 0.000000000000000000e+00 0.000000000000000000e+00 0.000000000000000000e+00 0.000000000000000000e+00 0.000000000000000000e+00
4.676984664590731477e-01 3.484786436392207087e-01 4.545265295799443273e-01 3.693488495140000438e-01 0.000000000000000000e+00 3.487037203184122358e-01 4.533361533520566256e-01 3.551755476513352439e-01 0.000000000000000000e+00 3.127886491666876378e-01 4.428721046029253094e-01 2.841127983372256360e-01 4.442369903846153933e-01 2.719916718345823381e-01 0.000000000000000000e+00 3.677446905231812613e-01 4.624296760180409138e-01 3.171762296513681578e-01 4.725464410775091495e-01 4.162358577497162759e-01 0.000000000000000000e+00 0.000000000000000000e+00 4.464770948955769647e-01 3.790871859808935262e-01 0.000000000000000000e+00 0.000000000000000000e+00 0.000000000000000000e+00 0.000000000000000000e+00 4.481944566416256048e-01 3.582665759389064841e-01 4.170209613398540571e-01 4.075648837784223710e-01 4.713713918092217181e-01 3.873241767665281388e-01 0.000000000000000000e+00 4.256333500000000214e-01 4.952259912280700949e-01 4.413223097114857829e-01 0.000000000000000000e+00 4.292796396396396097e-01 0.000000000000000000e+00 4.610393137254901741e-01 5.036966319018404414e-01 0.000000000000000000e+00 0.000000000000000000e+00 3.939366886378117827e-01 0.000000000000000000e+00 4.314982220123863010e-01 0.000000000000000000e+00 3.914529862405169425e-01 0.000000000000000000e+00 3.793555105743398603e-01 0.000000000000000000e+00 3.558403511450381473e-01 0.000000000000000000e+00 4.074188618976530285e-01 0.000000000000000000e+00 3.982210135865656975e-01 5.168889774436090656e-01 4.395080581362424965e-01 0.000000000000000000e+00 4.115395765276764206e-01 0.000000000000000000e+00 4.116163228767580895e-01 0.000000000000000000e+00 4.125481933267133305e-01 0.000000000000000000e+00 4.556018023877173584e-01 0.000000000000000000e+00 4.283430675987902614e-01 4.072887391400709101e-01 3.367173389004186612e-01 4.465440228862858629e-01 3.760735692361103499e-01 0.000000000000000000e+00 0.000000000000000000e+00 4.518869551063906531e-01 3.769627794120106179e-01 0.000000000000000000e+00 0.000000000000000000e+00 0.000000000000000000e+00 3.983909451512277489e-01 0.000000000000000000e+00 0.000000000000000000e+00 0.000000000000000000e+00 4.293751018726184032e-01 0.000000000000000000e+00 4.204852804705883074e-01 0.000000000000000000e+00 4.390184614909663496e-01 0.000000000000000000e+00 0.000000000000000000e+00 0.000000000000000000e+00 0.000000000000000000e+00 0.000000000000000000e+00 0.000000000000000000e+00 0.000000000000000000e+00 0.000000000000000000e+00 0.000000000000000000e+00 0.000000000000000000e+00 0.000000000000000000e+00 0.000000000000000000e+00 0.000000000000000000e+00 0.000000000000000000e+00 0.000000000000000000e+00 0.000000000000000000e+00 0.000000000000000000e+00 0.000000000000000000e+00 0.000000000000000000e+00 0.000000000000000000e+00 0.000000000000000000e+00 0.000000000000000000e+00 0.000000000000000000e+00 0.000000000000000000e+00 0.000000000000000000e+00 0.000000000000000000e+00
3.572566843573438122e-01 0.000000000000000000e+00 3.442899282130980620e-01 4.122543174128372456e-01 3.075285909016814423e-01 4.067287402267297236e-01 2.947023165378160892e-01 4.242179844919336529e-01 3.194912309398639239e-01 4.092236817771083834e-01 3.192433987724443978e-01 4.442369903846153933e-01 2.557861780836770405e-01 4.344410263157894581e-01 2.831282831417801238e-01 4.202922241892738109e-01 3.863340730740270623e-01 0.000000000000000000e+00 3.863547429615969975e-01 4.767788767153164908e-01 3.762978694852940897e-01 0.000000000000000000e+00 3.586585214674661293e-01 4.265358853398884542e-01 3.485248974364225649e-01 3.671778466282894504e-01 3.524236796296296159e-01 0.000000000000000000e+00 3.530758969713240214e-01 4.248036313802863728e-01 3.233766729966852660e-01 4.045195055423217445e-01 3.682759482601130063e-01 4.486101948546648011e-01 4.189092249770431931e-01 0.000000000000000000e+00 4.071972459945317757e-01 0.000000000000000000e+00 3.702034912280701695e-01 0.000000000000000000e+00 0.000000000000000000e+00 0.000000000000000000e+00 0.000000000000000000e+00 0.000000000000000000e+00 3.796445745257452931e-01 0.000000000000000000e+00 0.000000000000000000e+00 0.000000000000000000e+00 3.551941100917431204e-01 0.000000000000000000e+00 3.459166300437530595e-01 0.000000000000000000e+00 0.000000000000000000e+00 0.000000000000000000e+00 4.049354741379310729e-01 0.000000000000000000e+00 4.141330204916357505e-01 0.000000000000000000e+00 3.810218056725698799e-01 0.000000000000000000e+00 4.108010231830354630e-01 0.000000000000000000e+00 3.966542785085693801e-01 0.000000000000000000e+00 3.912548838831061970e-01 0.000000000000000000e+00 4.204951635620144401e-01 4.932599736842105398e-01 4.205149576271186573e-01 0.000000000000000000e+00 3.039697847188270186e-01 4.538932118579397934e-01 3.696868630375935716e-01 4.033806192098646215e-01 0.000000000000000000e+00 0.000000000000000000e+00 3.931853027392050448e-01 4.221611461495204942e-01 4.115460847457627080e-01 0.000000000000000000e+00 3.625834809240410239e-01 0.000000000000000000e+00 0.000000000000000000e+00 0.000000000000000000e+00 3.865855261056418968e-01 0.000000000000000000e+00 0.000000000000000000e+00 0.000000000000000000e+00 4.074797036853277654e-01 0.000000000000000000e+00 0.000000000000000000e+00 0.000000000000000000e+00 0.000000000000000000e+00 0.000000000000000000e+00 3.280045714285714231e-01 4.205395450019911996e-01 0.000000000000000000e+00 0.000000000000000000e+00 0.000000000000000000e+00 0.000000000000000000e+00 0.000000000000000000e+00 0.000000000000000000e+00 0.000000000000000000e+00 0.000000000000000000e+00 0.000000000000000000e+00 0.000000000000000000e+00 0.000000000000000000e+00 0.000000000000000000e+00 0.000000000000000000e+00 0.000000000000000000e+00 0.000000000000000000e+00 0.000000000000000000e+00 0.000000000000000000e+00 0.000000000000000000e+00 0.000000000000000000e+00 0.000000000000000000e+00
