2.609046996522898509e-01 4.857999414727683374e-01 3.414658196321506134e-01 4.888658303435192698e-01 4.127908974358973637e-01 4.364129560439560240e-01 3.330098265927446399e-01 4.701995609097952555e-01 3.933116358907150500e-01 0.000000000000000000e+00 3.276941000412101901e-01 4.761926937376809166e-01 3.334582020167852767e-01 4.508379963657740963e-01 3.658698185339370190e-01 0.000000000000000000e+00 2.919311821854759237e-01 4.776643918725461124e-01 3.766451998299301107e-01 4.989483026531637000e-01 0.000000000000000000e+00 0.000000000000000000e+00 4.278054559850632543e-01 4.665219756621690195e-01 0.000000000000000000e+00 0.000000000000000000e+00 4.541968655462185200e-01 0.000000000000000000e+00 4.054034718515290847e-01 4.835506087717371670e-01 3.961309300069300043e-01 4.148509648765432156e-01 4.140808134248870620e-01 4.779149242284697618e-01 0.000000000000000000e+00 0.000000000000000000e+00 4.583258945505493398e-01 5.110333887416601550e-01 4.322710714285714073e-01 5.833489199999999375e-01 0.000000000000000000e+00 0.000000000000000000e+00 4.621864770642201692e-01 0.000000000000000000e+00 4.490966515262446723e-01 5.078777692307693270e-01 0.000000000000000000e+00 0.000000000000000000e+00 4.249934990836586324e-01 0.000000000000000000e+00 4.247456187559308094e-01 5.162736074766355321e-01 0.000000000000000000e+00 0.000000000000000000e+00 4.006228759058624855e-01 0.000000000000000000e+00 3.152172552865890043e-01 4.788297114712622427e-01 4.230573316640708348e-01 4.875650751708158759e-01 4.112078238611329706e-01 4.909424596622889436e-01 3.967236339411384649e-01 0.000000000000000000e+00 4.182800169392389966e-01 4.450661460674157910e-01 4.245569773105529743e-01 5.043368705425860243e-01 2.929088354946777772e-01 4.944261657164944479e-01 3.831436462600068538e-01 4.883409122832806926e-01 3.744382274643765496e-01 4.620949823847773086e-01 0.000000000000000000e+00 0.000000000000000000e+00 3.959088601538964802e-01 4.615356409311986985e-01 4.068663208713273471e-01 0.000000000000000000e+00 3.278612143063244222e-01 4.556775014921281008e-01 0.000000000000000000e+00 0.000000000000000000e+00 4.141045058411334523e-01 0.000000000000000000e+00 0.000000000000000000e+00 0.000000000000000000e+00 4.051409345200525092e-01 0.000000000000000000e+00 4.664701039298704277e-01 4.512516138657472475e-01 4.998964290608789440e-01 4.402323604738702101e-01 4.551447173192959550e-01 4.378805796068299117e-01 5.036302795443911018e-01 4.259331504424778703e-01 5.026222404444404823e-01 4.294946332084297325e-01 0.000000000000000000e+00 0.000000000000000000e+00 4.580258492397769610e-01 4.051862143370721370e-01 4.336448864735182873e-01 4.492034955489666026e-01 4.344336719083672360e-01 0.000000000000000000e+00 4.538488667324877546e-01 0.000000000000000000e+00 0.000000000000000000e+00 0.000000000000000000e+00 4.347717741388634205e-01 0.000000000000000000e+00 0.000000000000000000e+00 0.000000000000000000e+00
4.857999414727683374e-01 2.927260286396107247e-01 4.842058853886565539e-01 3.598502986356196254e-01 0.000000000000000000e+00 3.451849673798631501e-01 4.705409302896136348e-01 2.996562946072872102e-01 0.000000000000000000e+00 3.752545737188875408e-01 4.754015993005288876e-01 3.383220673069387008e-01 4.340123157234336837e-01 3.698659352225569519e-01 4.185763133689839877e-01 3.724652675601138885e-01 4.635505127773763556e-01 2.954991379111118199e-01 5.062820785219326325e-01 3.677890188088903112e-01 0.000000000000000000e+00 0.000000000000000000e+00 4.562139041086064606e-01 3.793370730610395869e-01 0.000000000000000000e+00 3.073515684931507064e-01 0.000000000000000000e+00 4.480939217391304852e-01 4.692396919886333562e-01 4.196198868607126098e-01 4.784802692307691396e-01 0.000000000000000000e+00 5.053007353851955985e-01 4.547417601437421242e-01 4.307578044423317487e-01 4.295124596635248593e-01 4.885951922392806068e-01 4.479253002501228376e-01 0.000000000000000000e+00 5.541733903064504085e-01 0.000000000000000000e+00 3.841461615391201234e-01 0.000000000000000000e+00 4.666420630630629951e-01 5.079165065383897115e-01 4.414899618863472597e-01 0.000000000000000000e+00 3.903874305555555257e-01 0.000000000000000000e+00 4.291462129787626534e-01 5.463378761061947753e-01 4.229423888829665357e-01 0.000000000000000000e+00 4.078727005823149510e-01 0.000000000000000000e+00 3.736009129855715205e-01 4.811843504849990238e-01 3.473931588528632597e-01 5.004092079863907694e-01 4.210060182640201765e-01 4.771311285296995774e-01 3.989461578287684662e-01 4.753782129629629538e-01 3.931593115747858413e-01 4.858450193425854491e-01 4.073097451501641042e-01 5.034855896301860811e-01 4.093229523606072284e-01 5.013839678979672421e-01 3.614369884179824965e-01 4.885908696650146377e-01 3.726595846571565396e-01 4.690967498461950935e-01 3.675270688151826004e-01 0.000000000000000000e+00 0.000000000000000000e+00 4.643487936212274958e-01 4.053903724116089125e-01 0.000000000000000000e+00 3.996374285714285879e-01 0.000000000000000000e+00 3.731663322157323104e-01 0.000000000000000000e+00 3.376686616952092046e-01 5.222029306358381140e-01 4.157873397376292690e-01 0.000000000000000000e+00 4.308634444444444100e-01 4.486931655629138871e-01 4.223560913387772175e-01 0.000000000000000000e+00 4.597035389739679290e-01 4.642001980496865410e-01 4.369932742912279733e-01 4.238155521445264307e-01 4.555343181657097174e-01 0.000000000000000000e+00 5.156424210526315832e-01 0.000000000000000000e+00 4.914781517642336506e-01 0.000000000000000000e+00 4.419831636363636407e-01 0.000000000000000000e+00 4.475568818470082033e-01 0.000000000000000000e+00 4.477901481424198527e-01 0.000000000000000000e+00 4.056852167589207192e-01 5.000378508771929909e-01 0.000000000000000000e+00 4.806693425925926966e-01 4.645751007194244830e-01 4.365726005311548197e-01 3.914540875461154923e-01 3.732192599999999971e-01 0.000000000000000000e+00
3.414658196321506134e-01 4.842058853886565539e-01 2.636059761972413540e-01 4.592237582927295447e-01 2.107348505005094130e-01 4.343009345214087213e-01 3.090657309694365695e-01 4.602711434970497284e-01 2.659986624767043395e-01 4.242686181769156906e-01 3.895334262655633650e-01 4.649833409069538681e-01 3.505434020012336283e-01 4.518373305975652010e-01 3.492594809993959104e-01 4.595426936637753146e-01 4.034920542073287542e-01 4.768080888572878151e-01 3.041176303501381684e-01 5.050376952964155119e-01 3.573545846717817720e-01 3.680032909090908966e-01 2.728535874231408087e-01 4.386578751558557476e-01 2.566316891393313204e-01 4.311697520371643999e-01 2.536061701028085591e-01 4.012920493827161206e-01 3.771722192889271907e-01 4.558404385813845106e-01 3.662922509550360917e-01 3.853331969813251212e-01 4.196583341406994183e-01 4.795009366047365829e-01 4.664300234351944074e-01 0.000000000000000000e+00 4.355385134800517921e-01 5.096959486315583154e-01 4.317608778982663376e-01 0.000000000000000000e+00 4.206223516483517666e-01 0.000000000000000000e+00 4.659572215191593592e-01 0.000000000000000000e+00 4.582552344776719133e-01 5.318165101522842608e-01 4.464322292069632381e-01 0.000000000000000000e+00 4.560153352740484722e-01 0.000000000000000000e+00 4.374179167077270614e-01 4.768913068732100746e-01 4.631211071428570913e-01 0.000000000000000000e+00 3.878447513931103652e-01 0.000000000000000000e+00 4.174030154779939106e-01 5.011914254539870939e-01 4.510881382115674021e-01 0.000000000000000000e+00 4.205299772224336263e-01 4.491198848920863185e-01 3.886854114578364161e-01 4.383980317460317022e-01 4.188057275854070172e-01 0.000000000000000000e+00 4.405467466414423328e-01 4.891958079842642082e-01 3.484918048652245193e-01 5.036888058491896247e-01 3.654815678244835997e-01 4.780132047161887998e-01 3.751225157396191889e-01 4.696470278395091791e-01 3.759124191405153192e-01 0.000000000000000000e+00 3.948598482479268035e-01 4.531577403498203704e-01 0.000000000000000000e+00 0.000000000000000000e+00 4.121778472219617129e-01 5.007541008403361138e-01 3.336476800000000575e-01 4.009486746987951933e-01 3.935146406853478052e-01 4.220188709677419325e-01 0.000000000000000000e+00 0.000000000000000000e+00 3.920974838858529710e-01 0.000000000000000000e+00 4.312412830188679935e-01 4.258028717817796682e-01 4.331645650487457311e-01 4.263279818299651747e-01 4.444305773784588132e-01 4.347181444444443432e-01 5.020501747572815310e-01 0.000000000000000000e+00 4.124624244604316314e-01 4.155006728098524227e-01 0.000000000000000000e+00 0.000000000000000000e+00 4.183333600000000430e-01 0.000000000000000000e+00 4.280268013875587751e-01 0.000000000000000000e+00 0.000000000000000000e+00 0.000000000000000000e+00 4.067692105263158164e-01 0.000000000000000000e+00 0.000000000000000000e+00 0.000000000000000000e+00 4.218918405797101312e-01 0.000000000000000000e+00 0.000000000000000000e+00 0.000000000000000000e+00
4.888658303435192698e-01 3.598502986356196254e-01 4.592237582927295447e-01 2.777581182452475428e-01 4.066760561048370914e-01 2.634040217875662782e-01 4.737307810130346741e-01 3.072279821603926542e-01 4.444764447380952777e-01 3.177347381336840249e-01 4.943796651498671424e-01 3.879134662936925548e-01 4.601818567281850680e-01 3.592042853880895725e-01 4.393883530338986154e-01 3.486106336886731216e-01 4.965846158992719972e-01 3.949734460971246475e-01 5.111354481063420385e-01 2.860418608297335408e-01 0.000000000000000000e+00 3.503646071428571096e-01 4.449058714183879992e-01 2.563441288755294867e-01 3.850292721174244925e-01 2.424993714221391761e-01 3.946698819237617895e-01 3.189096297481974207e-01 4.584851324696515573e-01 3.716177326104484480e-01 4.086058987982522095e-01 3.550090726583483569e-01 5.158673217373449527e-01 4.092923452243648064e-01 0.000000000000000000e+00 4.212514730557850307e-01 4.533122049011736321e-01 4.291621645930562279e-01 0.000000000000000000e+00 4.785967011297806439e-01 0.000000000000000000e+00 3.820154928690649987e-01 0.000000000000000000e+00 4.869971152447108986e-01 0.000000000000000000e+00 4.282783137553929365e-01 0.000000000000000000e+00 4.394685520429960079e-01 0.000000000000000000e+00 4.224474221223175618e-01 4.693528000000000699e-01 4.194431713069774470e-01 0.000000000000000000e+00 0.000000000000000000e+00 0.000000000000000000e+00 4.133516847826086971e-01 4.586562560537145727e-01 4.087073062098353082e-01 4.786312361116203951e-01 4.409514077023491962e-01 0.000000000000000000e+00 3.977866177249074209e-01 0.000000000000000000e+00 3.888967676137609630e-01 4.524470713019658197e-01 3.845616075674667123e-01 4.595663819587070265e-01 4.468880105093298583e-01 5.067599051924567277e-01 4.331019314198080727e-01 4.842431435775380599e-01 3.680000989116543608e-01 4.553575042465372036e-01 3.779569087156728346e-01 4.903337586206895637e-01 3.900229662227214233e-01 4.679192787642016405e-01 3.961120693651566937e-01 0.000000000000000000e+00 0.000000000000000000e+00 4.508876726641414256e-01 3.929749972457912133e-01 0.000000000000000000e+00 3.385660766063476323e-01 0.000000000000000000e+00 3.841784062402785471e-01 0.000000000000000000e+00 3.970204077304737567e-01 0.000000000000000000e+00 3.992816815882939130e-01 4.151366129032257324e-01 3.773280384615384508e-01 0.000000000000000000e+00 4.236374947246352995e-01 4.410421856359122983e-01 4.271221198081126547e-01 0.000000000000000000e+00 0.000000000000000000e+00 4.374030194746376665e-01 4.228830877192981674e-01 0.000000000000000000e+00 3.927423353658536787e-01 0.000000000000000000e+00 4.020577933884297295e-01 0.000000000000000000e+00 3.987344537815126211e-01 0.000000000000000000e+00 0.000000000000000000e+00 4.382544999999999913e-01 0.000000000000000000e+00 4.244462543651978947e-01 0.000000000000000000e+00 3.976159325337331740e-01 0.000000000000000000e+00 0.000000000000000000e+00 3.857965543478260595e-01
4.127908974358973637e-01 0.000000000000000000e+00 2.107348505005094130e-01 4.066760561048370914e-01 1.813215612116338971e-01 4.171483112287810990e-01 2.933212637016613389e-01 4.393284618972602695e-01 2.193544682802698598e-01 4.354261215022323106e-01 3.441339024390243639e-01 0.000000000000000000e+00 3.098935731913352032e-01 4.143421324188130139e-01 2.885129742531382657e-01 4.492250247835837262e-01 0.000000000000000000e+00 0.000000000000000000e+00 3.674036529824999953e-01 4.397809920000000927e-01 3.384378712982320514e-01 4.375642988529462873e-01 2.690453113180110156e-01 4.320372743694769202e-01 1.925316227141326275e-01 4.410437572499991132e-01 1.875504552521986279e-01 4.609666955903272134e-01 3.543987012581014118e-01 4.800955555555554977e-01 3.385845785179263379e-01 3.808353609683034491e-01 3.942457247706422918e-01 0.000000000000000000e+00 0.000000000000000000e+00 0.000000000000000000e+00 0.000000000000000000e+00 0.000000000000000000e+00 0.000000000000000000e+00 0.000000000000000000e+00 0.000000000000000000e+00 0.000000000000000000e+00 0.000000000000000000e+00 0.000000000000000000e+00 0.000000000000000000e+00 0.000000000000000000e+00 4.927364148936170252e-01 0.000000000000000000e+00 0.000000000000000000e+00 0.000000000000000000e+00 4.439393511450381857e-01 0.000000000000000000e+00 0.000000000000000000e+00 0.000000000000000000e+00 0.000000000000000000e+00 0.000000000000000000e+00 3.800127469766058086e-01 0.000000000000000000e+00 0.000000000000000000e+00 0.000000000000000000e+00 3.960144496092103394e-01 4.195111069518716596e-01 3.818898706896551865e-01 0.000000000000000000e+00 3.708059361867065418e-01 0.000000000000000000e+00 4.166561915421822526e-01 0.000000000000000000e+00 4.513694569536424450e-01 0.000000000000000000e+00 3.519864785236135885e-01 4.103912023089679728e-01 3.548285172794859443e-01 4.270190075490196135e-01 3.565172222222223186e-01 0.000000000000000000e+00 3.654250105999360398e-01 4.324635855855855637e-01 0.000000000000000000e+00 0.000000000000000000e+00 4.042658357098228850e-01 4.252929874213836059e-01 3.702396354166666015e-01 0.000000000000000000e+00 3.883579014496149062e-01 0.000000000000000000e+00 4.274494615384615837e-01 0.000000000000000000e+00 3.876413156980896280e-01 0.000000000000000000e+00 0.000000000000000000e+00 0.000000000000000000e+00 0.000000000000000000e+00 0.000000000000000000e+00 4.132546732673267331e-01 0.000000000000000000e+00 0.000000000000000000e+00 0.000000000000000000e+00 0.000000000000000000e+00 0.000000000000000000e+00 0.000000000000000000e+00 0.000000000000000000e+00 0.000000000000000000e+00 3.962534344827586263e-01 3.656965398230088704e-01 0.000000000000000000e+00 0.000000000000000000e+00 0.000000000000000000e+00 0.000000000000000000e+00 0.000000000000000000e+00 0.000000000000000000e+00 0.000000000000000000e+00 0.000000000000000000e+00 0.000000000000000000e+00 0.000000000000000000e+00 0.000000000000000000e+00
4.364129560439560240e-01 3.451849673798631501e-01 4.343009345214087213e-01 2.634040217875662782e-01 4.171483112287810990e-01 1.859104561976347991e-01 4.250552467758241804e-01 2.816488178826482836e-01 4.390421280711265251e-01 2.200309930303759043e-01 0.000000000000000000e+00 3.473945630130860773e-01 4.625452037626930357e-01 3.200844407998789110e-01 4.607208087774384286e-01 2.728007235339272585e-01 0.000000000000000000e+00 3.980800341176470858e-01 0.000000000000000000e+00 3.773261301825683312e-01 4.542930487804877626e-01 3.759100873360634587e-01 4.112140644297901937e-01 1.946241960700189899e-01 3.975338253086461715e-01 1.996213592730221864e-01 4.039696841417036999e-01 2.166462064581073654e-01 0.000000000000000000e+00 3.616667944254371436e-01 3.855095420679746643e-01 3.155838907747887112e-01 3.521862488888888865e-01 3.642120898892458603e-01 0.000000000000000000e+00 0.000000000000000000e+00 0.000000000000000000e+00 0.000000000000000000e+00 0.000000000000000000e+00 0.000000000000000000e+00 0.000000000000000000e+00 0.000000000000000000e+00 0.000000000000000000e+00 0.000000000000000000e+00 0.000000000000000000e+00 0.000000000000000000e+00 0.000000000000000000e+00 0.000000000000000000e+00 0.000000000000000000e+00 0.000000000000000000e+00 0.000000000000000000e+00 3.584572285714285322e-01 0.000000000000000000e+00 0.000000000000000000e+00 0.000000000000000000e+00 0.000000000000000000e+00 0.000000000000000000e+00 4.115956613207547021e-01 0.000000000000000000e+00 4.717955066782810736e-01 0.000000000000000000e+00 4.109874973736586945e-01 0.000000000000000000e+00 0.000000000000000000e+00 0.000000000000000000e+00 4.235354117647057715e-01 0.000000000000000000e+00 0.000000000000000000e+00 0.000000000000000000e+00 0.000000000000000000e+00 4.859062725968730234e-01 3.408633684829945332e-01 4.217239382716049256e-01 3.707142566379612036e-01 0.000000000000000000e+00 3.422021629705215284e-01 4.207023262411347941e-01 3.589905213571689679e-01 0.000000000000000000e+00 0.000000000000000000e+00 0.000000000000000000e+00 0.000000000000000000e+00 0.000000000000000000e+00 3.323525335950281434e-01 0.000000000000000000e+00 4.029517561090225630e-01 0.000000000000000000e+00 0.000000000000000000e+00 0.000000000000000000e+00 3.950655040954326180e-01 0.000000000000000000e+00 3.875945481421563810e-01 0.000000000000000000e+00 0.000000000000000000e+00 0.000000000000000000e+00 0.000000000000000000e+00 0.000000000000000000e+00 0.000000000000000000e+00 0.000000000000000000e+00 0.000000000000000000e+00 0.000000000000000000e+00 0.000000000000000000e+00 0.000000000000000000e+00 0.000000000000000000e+00 0.000000000000000000e+00 0.000000000000000000e+00 0.000000000000000000e+00 3.848140620155038882e-01 0.000000000000000000e+00 0.000000000000000000e+00 0.000000000000000000e+00 0.000000000000000000e+00 0.000000000000000000e+00 0.000000000000000000e+00 0.000000000000000000e+00 0.000000000000000000e+00
3.330098265927446399e-01 4.705409302896136348e-01 3.090657309694365695e-01 4.737307810130346741e-01 2.933212637016613389e-01 4.250552467758241804e-01 2.759262011012434401e-01 4.609559115597292034e-01 2.445610190031962949e-01 4.469360258972554512e-01 3.260066606138136702e-01 4.590923152177746047e-01 2.968777778186675320e-01 4.483956593806694979e-01 3.551262582135483736e-01 4.665935147493339152e-01 3.801612905677588250e-01 4.802040890456988897e-01 3.944413909985418631e-01 4.895305734468310965e-01 0.000000000000000000e+00 0.000000000000000000e+00 3.580901090074541382e-01 4.595024338008855125e-01 3.012897344827586421e-01 4.532974270890308688e-01 2.728541613172451030e-01 0.000000000000000000e+00 3.739789172024702291e-01 4.655190944580182011e-01 3.655559287998573770e-01 4.110568813770714147e-01 4.105747597653240377e-01 4.794017146612381541e-01 4.615882531226516150e-01 0.000000000000000000e+00 4.070123043237603433e-01 4.964645205357599567e-01 4.068996384615384265e-01 0.000000000000000000e+00 3.909027234042553034e-01 0.000000000000000000e+00 4.366966495415467442e-01 0.000000000000000000e+00 4.522922707388609687e-01 0.000000000000000000e+00 4.437072386675824376e-01 0.000000000000000000e+00 4.263443879729433839e-01 4.284478940397350444e-01 3.996281972743833122e-01 4.342349312499999558e-01 4.022045959595959563e-01 0.000000000000000000e+00 3.869243671893699554e-01 0.000000000000000000e+00 3.943422056032551692e-01 4.818103842929206682e-01 4.363819964310072796e-01 4.363633593750000372e-01 3.993575731147120944e-01 0.000000000000000000e+00 3.670641769986924263e-01 4.542971557377048497e-01 3.952659719037387998e-01 4.232942849740932711e-01 4.462651352215522005e-01 4.804201676603432336e-01 3.921009977765260723e-01 4.822464965422800232e-01 3.450840798811629084e-01 4.888708608117317000e-01 3.682313590116942925e-01 4.578099480050009662e-01 3.533943870683077249e-01 0.000000000000000000e+00 3.777138228341981319e-01 4.505106766274215579e-01 4.383275217391304768e-01 0.000000000000000000e+00 3.735842072615906950e-01 0.000000000000000000e+00 0.000000000000000000e+00 0.000000000000000000e+00 3.910607095998538396e-01 4.180323511450381169e-01 3.711268409972734994e-01 0.000000000000000000e+00 3.907623301735841936e-01 4.813698999999999617e-01 4.024159225181597188e-01 4.303569781676382378e-01 4.157798115942028527e-01 4.372877961134040703e-01 4.423505382273897335e-01 4.858545426356589148e-01 0.000000000000000000e+00 0.000000000000000000e+00 0.000000000000000000e+00 4.175849835588235082e-01 0.000000000000000000e+00 0.000000000000000000e+00 0.000000000000000000e+00 0.000000000000000000e+00 4.344228611111110028e-01 4.381704537037037217e-01 0.000000000000000000e+00 0.000000000000000000e+00 4.307758580564176043e-01 0.000000000000000000e+00 0.000000000000000000e+00 0.000000000000000000e+00 4.366068377825877977e-01 0.000000000000000000e+00 0.000000000000000000e+00 0.000000000000000000e+00
4.701995609097952555e-01 2.996562946072872102e-01 4.602711434970497284e-01 3.072279821603926542e-01 4.393284618972602695e-01 2.816488178826482836e-01 4.609559115597292034e-01 2.634819843094484693e-01 4.718945528924238242e-01 2.361650968759871350e-01 4.665666846850591853e-01 3.322376153551402367e-01 4.636745587493543708e-01 2.763552800777454577e-01 4.536407722533737363e-01 3.233228777624327921e-01 4.730885620038368655e-01 3.954084655621964983e-01 4.912917849284535454e-01 4.091742576935510356e-01 0.000000000000000000e+00 0.000000000000000000e+00 4.607063658930591332e-01 3.386690026552487964e-01 4.190564242404196671e-01 3.231237830679535850e-01 4.346259122886634296e-01 3.540535913916287858e-01 4.694716293698087961e-01 3.600492775692418768e-01 4.275160392146232780e-01 3.696539191522048573e-01 4.796576268753632855e-01 4.031756216160933826e-01 0.000000000000000000e+00 4.416728278154238296e-01 4.793418036649252922e-01 4.036314116857236955e-01 0.000000000000000000e+00 4.152886178861788791e-01 0.000000000000000000e+00 0.000000000000000000e+00 0.000000000000000000e+00 4.968917187499999888e-01 0.000000000000000000e+00 4.143782568543232236e-01 0.000000000000000000e+00 3.920082407407408653e-01 0.000000000000000000e+00 3.989285077083202791e-01 4.899657329147388829e-01 3.933733028858566461e-01 0.000000000000000000e+00 3.638636567164178492e-01 0.000000000000000000e+00 3.910213841531768875e-01 0.000000000000000000e+00 3.876709864945389605e-01 4.962473371875576467e-01 4.217738735913063031e-01 4.437431500530222839e-01 3.836873478733216491e-01 0.000000000000000000e+00 3.870580586600386175e-01 0.000000000000000000e+00 3.824406143337106823e-01 4.826954117207598594e-01 4.286034480235567101e-01 4.194641793103447980e-01 4.052117197620694333e-01 4.901380089157209574e-01 3.308694780052281459e-01 4.486300752063200337e-01 3.683202026370652749e-01 4.920188552631578061e-01 3.753346445634947459e-01 4.543588823579991498e-01 3.747269552336860987e-01 5.231864274193547271e-01 3.844989779770444649e-01 4.372819049940417369e-01 3.854389076844017548e-01 4.962038780487805223e-01 0.000000000000000000e+00 4.583018965517240972e-01 3.917984709551788902e-01 0.000000000000000000e+00 3.831988244383099373e-01 0.000000000000000000e+00 3.936885360278412072e-01 0.000000000000000000e+00 4.011265138364392135e-01 0.000000000000000000e+00 4.064079739495798371e-01 4.270240171932126461e-01 4.236586584709438608e-01 0.000000000000000000e+00 0.000000000000000000e+00 0.000000000000000000e+00 4.320127393780461844e-01 0.000000000000000000e+00 0.000000000000000000e+00 4.252037851851852013e-01 3.974487609898562090e-01 4.107983761467889350e-01 4.331565533980582527e-01 0.000000000000000000e+00 0.000000000000000000e+00 0.000000000000000000e+00 0.000000000000000000e+00 0.000000000000000000e+00 0.000000000000000000e+00 0.000000000000000000e+00 0.000000000000000000e+00 0.000000000000000000e+00 0.000000000000000000e+00
3.933116358907150500e-01 0.000000000000000000e+00 2.659986624767043395e-01 4.444764447380952777e-01 2.193544682802698598e-01 4.390421280711265251e-01 2.445610190031962949e-01 4.718945528924238242e-01 2.192431717465197494e-01 4.310097113045145978e-01 3.918285878787879928e-01 4.151835983606557146e-01 2.467755725898919394e-01 4.395397140923242851e-01 2.448159346473417763e-01 4.483777924274684468e-01 0.000000000000000000e+00 0.000000000000000000e+00 3.676006185915493552e-01 0.000000000000000000e+00 3.354114664069420826e-01 0.000000000000000000e+00 3.619273325638345806e-01 4.171096796287887543e-01 2.103263402835769680e-01 4.701097195969471954e-01 2.142877270086878394e-01 0.000000000000000000e+00 3.522045741915346140e-01 0.000000000000000000e+00 3.587012870713315871e-01 4.053905573504920645e-01 0.000000000000000000e+00 0.000000000000000000e+00 0.000000000000000000e+00 0.000000000000000000e+00 0.000000000000000000e+00 4.242965565217390878e-01 3.802646367753623191e-01 0.000000000000000000e+00 0.000000000000000000e+00 0.000000000000000000e+00 0.000000000000000000e+00 0.000000000000000000e+00 0.000000000000000000e+00 0.000000000000000000e+00 4.201406275862069051e-01 0.000000000000000000e+00 3.721026923076922732e-01 0.000000000000000000e+00 4.192843587786259651e-01 0.000000000000000000e+00 0.000000000000000000e+00 0.000000000000000000e+00 0.000000000000000000e+00 0.000000000000000000e+00 4.106534736203759639e-01 0.000000000000000000e+00 0.000000000000000000e+00 5.027267528089887083e-01 4.141540076970317563e-01 0.000000000000000000e+00 4.171757500000000674e-01 0.000000000000000000e+00 3.927932302989300406e-01 0.000000000000000000e+00 0.000000000000000000e+00 0.000000000000000000e+00 0.000000000000000000e+00 0.000000000000000000e+00 3.481448333302656351e-01 4.535025269932332903e-01 3.543033589184400034e-01 4.671949195402299582e-01 0.000000000000000000e+00 0.000000000000000000e+00 3.640581682737510927e-01 4.797305000000000041e-01 0.000000000000000000e+00 0.000000000000000000e+00 3.976797408479558760e-01 0.000000000000000000e+00 3.435065789473684128e-01 0.000000000000000000e+00 3.665240091563207181e-01 0.000000000000000000e+00 0.000000000000000000e+00 0.000000000000000000e+00 3.838327551384420055e-01 0.000000000000000000e+00 0.000000000000000000e+00 0.000000000000000000e+00 0.000000000000000000e+00 0.000000000000000000e+00 4.348706467353951610e-01 3.730615882352941171e-01 0.000000000000000000e+00 0.000000000000000000e+00 0.000000000000000000e+00 0.000000000000000000e+00 0.000000000000000000e+00 0.000000000000000000e+00 0.000000000000000000e+00 0.000000000000000000e+00 0.000000000000000000e+00 0.000000000000000000e+00 0.000000000000000000e+00 0.000000000000000000e+00 0.000000000000000000e+00 0.000000000000000000e+00 0.000000000000000000e+00 0.000000000000000000e+00 0.000000000000000000e+00 0.000000000000000000e+00 0.000000000000000000e+00 0.000000000000000000e+00
0.000000000000000000e+00 3.752545737188875408e-01 4.242686181769156906e-01 3.177347381336840249e-01 4.354261215022323106e-01 2.200309930303759043e-01 4.469360258972554512e-01 2.361650968759871350e-01 4.310097113045145978e-01 2.290792693214198095e-01 0.000000000000000000e+00 3.627654162878637956e-01 4.508016859336369531e-01 3.021292313791911766e-01 4.383546990147632050e-01 2.964557064798684083e-01 0.000000000000000000e+00 3.796024955699157655e-01 0.000000000000000000e+00 3.383112857142857033e-01 0.000000000000000000e+00 4.136065731376954990e-01 4.290474082204619455e-01 1.871164263190606136e-01 4.216617873049316456e-01 2.208815681936181774e-01 4.083577512494444006e-01 2.064621302583755647e-01 0.000000000000000000e+00 3.695145241415664916e-01 3.886983201283085720e-01 3.442376819111663822e-01 0.000000000000000000e+00 3.685554212027241650e-01 0.000000000000000000e+00 0.000000000000000000e+00 0.000000000000000000e+00 0.000000000000000000e+00 0.000000000000000000e+00 0.000000000000000000e+00 0.000000000000000000e+00 0.000000000000000000e+00 0.000000000000000000e+00 0.000000000000000000e+00 0.000000000000000000e+00 4.134567356321839360e-01 0.000000000000000000e+00 4.589303984128652592e-01 0.000000000000000000e+00 0.000000000000000000e+00 0.000000000000000000e+00 0.000000000000000000e+00 0.000000000000000000e+00 0.000000000000000000e+00 0.000000000000000000e+00 4.384472967032967405e-01 0.000000000000000000e+00 4.100022675265826977e-01 0.000000000000000000e+00 0.000000000000000000e+00 4.861349152542372432e-01 4.089767464317095591e-01 0.000000000000000000e+00 3.957379864163614314e-01 0.000000000000000000e+00 3.866225258731289527e-01 0.000000000000000000e+00 4.541119810141509561e-01 0.000000000000000000e+00 0.000000000000000000e+00 4.716105380141097370e-01 3.467383709138660008e-01 4.051597197853497589e-01 3.723394588065530586e-01 0.000000000000000000e+00 3.783433125996810698e-01 3.554856486486486777e-01 3.617738364631479797e-01 0.000000000000000000e+00 0.000000000000000000e+00 0.000000000000000000e+00 3.929121526755160465e-01 0.000000000000000000e+00 3.499200149655735670e-01 0.000000000000000000e+00 3.705259261391771197e-01 0.000000000000000000e+00 0.000000000000000000e+00 0.000000000000000000e+00 4.182918526828624528e-01 4.111615714285714596e-01 0.000000000000000000e+00 0.000000000000000000e+00 0.000000000000000000e+00 3.559534166666666333e-01 0.000000000000000000e+00 0.000000000000000000e+00 0.000000000000000000e+00 0.000000000000000000e+00 0.000000000000000000e+00 0.000000000000000000e+00 0.000000000000000000e+00 0.000000000000000000e+00 3.732941679389312761e-01 0.000000000000000000e+00 3.873138778326667975e-01 0.000000000000000000e+00 0.000000000000000000e+00 0.000000000000000000e+00 0.000000000000000000e+00 4.185298633928571377e-01 0.000000000000000000e+00 0.000000000000000000e+00 0.000000000000000000e+00 0.000000000000000000e+00 0.000000000000000000e+00
3.276941000412101901e-01 4.754015993005288876e-01 3.895334262655633650e-01 4.943796651498671424e-01 3.441339024390243639e-01 0.000000000000000000e+00 3.260066606138136702e-01 4.665666846850591853e-01 3.918285878787879928e-01 0.000000000000000000e+00 3.403162441852626841e-01 4.570479770200412406e-01 2.994667871935597914e-01 4.441175111111111962e-01 3.724267149287232015e-01 0.000000000000000000e+00 3.876797234663169611e-01 0.000000000000000000e+00 4.043212293215776021e-01 4.784160393984907000e-01 0.000000000000000000e+00 0.000000000000000000e+00 3.931447578618997296e-01 4.489085600998464765e-01 0.000000000000000000e+00 0.000000000000000000e+00 0.000000000000000000e+00 0.000000000000000000e+00 4.043560515368505026e-01 4.517188977272727501e-01 3.535299000000000080e-01 4.300720710831721916e-01 3.951731899142330584e-01 4.784389375301691394e-01 0.000000000000000000e+00 0.000000000000000000e+00 4.189210341628910594e-01 0.000000000000000000e+00 0.000000000000000000e+00 0.000000000000000000e+00 0.000000000000000000e+00 0.000000000000000000e+00 4.603278125000000442e-01 0.000000000000000000e+00 4.577634938817253807e-01 0.000000000000000000e+00 0.000000000000000000e+00 0.000000000000000000e+00 4.389732228294412342e-01 0.000000000000000000e+00 4.198217373051583157e-01 0.000000000000000000e+00 0.000000000000000000e+00 0.000000000000000000e+00 4.290650896103896383e-01 0.000000000000000000e+00 3.893600515198176737e-01 5.013585634920634249e-01 4.411483759417588191e-01 4.708127080291970579e-01 4.351750331313338771e-01 0.000000000000000000e+00 4.170528675706351995e-01 4.768117024793387948e-01 4.306568131336168670e-01 0.000000000000000000e+00 4.417169859793323994e-01 0.000000000000000000e+00 4.432160682299299825e-01 4.813544444861215243e-01 3.688269212157220256e-01 4.899546051569880767e-01 3.838539102032003103e-01 4.585804663848078166e-01 0.000000000000000000e+00 0.000000000000000000e+00 4.053521428035040119e-01 4.580601727537439993e-01 4.034300566037735680e-01 0.000000000000000000e+00 4.199557153293647649e-01 0.000000000000000000e+00 0.000000000000000000e+00 0.000000000000000000e+00 4.366202225797004011e-01 0.000000000000000000e+00 4.434682814814814855e-01 0.000000000000000000e+00 4.072970368578657796e-01 0.000000000000000000e+00 4.389219915966386942e-01 4.420566070607680476e-01 4.241063421052632121e-01 4.416516172135706020e-01 4.513959997942835756e-01 0.000000000000000000e+00 0.000000000000000000e+00 0.000000000000000000e+00 0.000000000000000000e+00 4.180276455223880250e-01 0.000000000000000000e+00 0.000000000000000000e+00 0.000000000000000000e+00 0.000000000000000000e+00 0.000000000000000000e+00 0.000000000000000000e+00 0.000000000000000000e+00 0.000000000000000000e+00 0.000000000000000000e+00 0.000000000000000000e+00 0.000000000000000000e+00 0.000000000000000000e+00 0.000000000000000000e+00 0.000000000000000000e+00 0.000000000000000000e+00 0.000000000000000000e+00
4.761926937376809166e-01 3.383220673069387008e-01 4.649833409069538681e-01 3.879134662936925548e-01 0.000000000000000000e+00 3.473945630130860773e-01 4.590923152177746047e-01 3.322376153551402367e-01 4.151835983606557146e-01 3.627654162878637956e-01 4.570479770200412406e-01 2.181725824163469052e-01 4.652884129015050774e-01 2.702334314109899882e-01 0.000000000000000000e+00 3.399309104883637134e-01 0.000000000000000000e+00 3.600926824170059271e-01 4.801659429030162851e-01 4.084054553434370849e-01 0.000000000000000000e+00 0.000000000000000000e+00 4.633395616433457209e-01 3.808534192170550670e-01 0.000000000000000000e+00 3.357080892857142729e-01 0.000000000000000000e+00 0.000000000000000000e+00 4.407444435152481077e-01 3.535801771099394419e-01 4.038519080984264709e-01 3.794078254903912040e-01 4.711277029381738535e-01 4.008185276679613884e-01 4.651064228307254522e-01 0.000000000000000000e+00 4.131015396825397090e-01 4.311157887402092270e-01 0.000000000000000000e+00 0.000000000000000000e+00 0.000000000000000000e+00 0.000000000000000000e+00 0.000000000000000000e+00 0.000000000000000000e+00 0.000000000000000000e+00 3.928448072307705319e-01 0.000000000000000000e+00 4.498175999999999286e-01 0.000000000000000000e+00 3.913933779503533383e-01 0.000000000000000000e+00 4.138043197092006742e-01 0.000000000000000000e+00 0.000000000000000000e+00 0.000000000000000000e+00 3.922147955863402036e-01 0.000000000000000000e+00 3.861236636297986635e-01 0.000000000000000000e+00 4.030885274132323670e-01 0.000000000000000000e+00 4.162037810411210459e-01 0.000000000000000000e+00 4.129575894154995930e-01 0.000000000000000000e+00 4.330509085311928796e-01 4.792976935483871381e-01 4.306304700564474452e-01 4.942801351351350236e-01 4.434965019515639817e-01 4.898781888107073823e-01 3.447472355553904966e-01 4.531424798143733890e-01 3.756525302293687862e-01 0.000000000000000000e+00 0.000000000000000000e+00 4.514943269482541433e-01 3.885032900142532108e-01 0.000000000000000000e+00 4.012628650412335962e-01 4.150489408284023796e-01 4.115885135332413292e-01 0.000000000000000000e+00 3.034229878694469917e-01 0.000000000000000000e+00 4.289178519491511077e-01 0.000000000000000000e+00 4.221076416608556259e-01 0.000000000000000000e+00 4.330226316103051865e-01 0.000000000000000000e+00 0.000000000000000000e+00 0.000000000000000000e+00 4.314221111111110063e-01 0.000000000000000000e+00 4.546630746268657264e-01 0.000000000000000000e+00 0.000000000000000000e+00 0.000000000000000000e+00 4.560015750733138473e-01 0.000000000000000000e+00 0.000000000000000000e+00 0.000000000000000000e+00 0.000000000000000000e+00 0.000000000000000000e+00 0.000000000000000000e+00 0.000000000000000000e+00 0.000000000000000000e+00 0.000000000000000000e+00 0.000000000000000000e+00 0.000000000000000000e+00 0.000000000000000000e+00 0.000000000000000000e+00 0.000000000000000000e+00 0.000000000000000000e+00 0.000000000000000000e+00
3.334582020167852767e-01 4.340123157234336837e-01 3.505434020012336283e-01 4.601818567281850680e-01 3.098935731913352032e-01 4.625452037626930357e-01 2.968777778186675320e-01 4.636745587493543708e-01 2.467755725898919394e-01 4.508016859336369531e-01 2.994667871935597914e-01 4.652884129015050774e-01 2.429400053584294672e-01 4.605171681743450707e-01 3.077723277418794590e-01 4.592711299963702087e-01 3.982512449615099870e-01 0.000000000000000000e+00 3.843348144652561360e-01 4.489998010938176520e-01 3.620260467171716456e-01 0.000000000000000000e+00 3.694842719854595225e-01 4.479024718795810989e-01 3.578506186550168278e-01 3.934765588235293321e-01 3.431650483585859113e-01 0.000000000000000000e+00 3.640096286310923190e-01 4.593808889543173346e-01 3.728475907803008860e-01 4.385341671162481525e-01 4.009966432727019026e-01 4.679564592873329265e-01 4.419396777493606043e-01 0.000000000000000000e+00 4.119951720827548236e-01 0.000000000000000000e+00 0.000000000000000000e+00 0.000000000000000000e+00 0.000000000000000000e+00 0.000000000000000000e+00 0.000000000000000000e+00 0.000000000000000000e+00 4.603813859925114382e-01 0.000000000000000000e+00 0.000000000000000000e+00 0.000000000000000000e+00 4.141549870536015421e-01 0.000000000000000000e+00 3.907143635819684269e-01 0.000000000000000000e+00 0.000000000000000000e+00 0.000000000000000000e+00 3.694573814432989822e-01 0.000000000000000000e+00 4.045249536595076356e-01 5.096007652173912827e-01 4.338920166464987904e-01 0.000000000000000000e+00 4.142161890933749313e-01 0.000000000000000000e+00 3.950101852957467186e-01 0.000000000000000000e+00 3.989775539947769123e-01 0.000000000000000000e+00 4.294748901902202820e-01 4.996371545928939284e-01 4.120562722083178642e-01 0.000000000000000000e+00 3.382424715317603470e-01 4.477399473522947204e-01 3.864023836355310326e-01 4.838549212809414302e-01 3.970118643848877804e-01 4.215136282051281658e-01 3.841239005512703253e-01 4.497840524690286945e-01 4.047862486210700439e-01 0.000000000000000000e+00 3.971868090919371541e-01 0.000000000000000000e+00 2.886569005109926311e-01 0.000000000000000000e+00 4.039291654548797239e-01 0.000000000000000000e+00 3.823705989761179147e-01 0.000000000000000000e+00 4.022351249021335895e-01 0.000000000000000000e+00 0.000000000000000000e+00 4.499080615384615789e-01 0.000000000000000000e+00 3.876410565891472704e-01 4.344662468584059023e-01 4.423283695652173719e-01 0.000000000000000000e+00 0.000000000000000000e+00 0.000000000000000000e+00 3.919416017699115518e-01 0.000000000000000000e+00 0.000000000000000000e+00 4.421919572649572472e-01 4.292552045678403871e-01 4.138581259262216205e-01 0.000000000000000000e+00 4.346890104166666879e-01 0.000000000000000000e+00 4.238409665151514627e-01 0.000000000000000000e+00 0.000000000000000000e+00 0.000000000000000000e+00 0.000000000000000000e+00 0.000000000000000000e+00 0.000000000000000000e+00 0.000000000000000000e+00
