0.000000000000000000e+00 1.512195121951219468e-02 5.352213019859292792e-02 5.276808872193900456e-03 3.129890453834115551e-04 0.000000000000000000e+00 1.192093885114268031e-01 3.102670176758179788e-03 1.074498567335243574e-03 0.000000000000000000e+00 2.698480633426064701e-01 0.000000000000000000e+00 3.830645161290322648e-02 0.000000000000000000e+00 3.338898163606010116e-03 1.519295047098146334e-04 9.641434262948207767e-02 1.626016260162601625e-03 8.026076733995939072e-02 4.013979031452821061e-02 0.000000000000000000e+00 0.000000000000000000e+00 4.188189306156638492e-04 0.000000000000000000e+00 8.920606601248885293e-04 0.000000000000000000e+00 0.000000000000000000e+00 0.000000000000000000e+00 3.818413237165888680e-02 2.239641657334826550e-04 9.538344143456696208e-04 0.000000000000000000e+00 2.397372742200328324e-02 1.441145178450527198e-02 3.923107100823852418e-04 4.945598417408506248e-04 1.207468879668049805e-01 6.038647342995168794e-04 6.289308176100628619e-04 0.000000000000000000e+00 6.289308176100629269e-03 0.000000000000000000e+00 2.376990729736153931e-04 0.000000000000000000e+00 1.272588444896920364e-04 1.013684744044602101e-04 3.293807641633728729e-04 0.000000000000000000e+00 1.720958819913952133e-03 0.000000000000000000e+00 2.131924198250729000e-02 6.563402467839328286e-05 0.000000000000000000e+00 0.000000000000000000e+00 1.193317422434367597e-03 0.000000000000000000e+00 3.044061731156340600e-01 1.614685136398402374e-03 6.181967549804887746e-02 7.133515634288431669e-04 7.938446507083536663e-02 2.973535533749628069e-04 1.612209802235597608e-02 1.315443304393580724e-04 4.455324357405140989e-02 0.000000000000000000e+00 8.842312100867857211e-03 6.880536681861185166e-04 9.210891914420672733e-02 9.502628386575010661e-03 3.750597228858098403e-02 4.161464835622139219e-04 5.068819481206987554e-02 1.643385373870172479e-03 6.506180871828237287e-04 0.000000000000000000e+00 5.023888808455190258e-02 1.094434021263289555e-03 9.541984732824427108e-04 0.000000000000000000e+00 6.310762408323383928e-03 0.000000000000000000e+00 0.000000000000000000e+00 0.000000000000000000e+00 1.660823030079350282e-02 0.000000000000000000e+00 1.748251748251748250e-03 0.000000000000000000e+00 1.127183918842757787e-02 0.000000000000000000e+00 1.756851721714687174e-03 0.000000000000000000e+00 5.767012687427912516e-04 8.032128514056225245e-04 3.898635477582845787e-02 4.213483146067415613e-03 2.501563477173233269e-03 1.440922190201729012e-03 4.854368932038834530e-03 0.000000000000000000e+00 0.000000000000000000e+00 0.000000000000000000e+00 2.578057863076482596e-03 4.797313504437514969e-04 1.378676470588235383e-03 0.000000000000000000e+00 0.000000000000000000e+00 0.000000000000000000e+00 0.000000000000000000e+00 0.000000000000000000e+00 0.000000000000000000e+00 0.000000000000000000e+00 0.000000000000000000e+00 0.000000000000000000e+00 0.000000000000000000e+00 0.000000000000000000e+00
1.512195121951219468e-02 0.000000000000000000e+00 1.959212752693917717e-03 7.575351041946158659e-02 0.000000000000000000e+00 3.361344537815126143e-04 3.294214535721638661e-03 1.591763820985332700e-01 0.000000000000000000e+00 1.903855306996668191e-03 8.559811684142948959e-04 7.635515834466680141e-02 4.032258064516129029e-04 1.229314420803782545e-02 0.000000000000000000e+00 2.278942570647219529e-03 0.000000000000000000e+00 1.100813008130081261e-01 2.596986213529977466e-02 9.316025961058412019e-02 0.000000000000000000e+00 0.000000000000000000e+00 4.188189306156638492e-04 8.230452674897119174e-04 0.000000000000000000e+00 0.000000000000000000e+00 0.000000000000000000e+00 5.271481286241434154e-04 0.000000000000000000e+00 3.247480403135498406e-02 4.387638305990079757e-03 8.924587237840249550e-04 1.740558292282430239e-02 1.102621143244027387e-02 0.000000000000000000e+00 9.891196834817012496e-04 2.074688796680497873e-04 1.488526570048309128e-01 0.000000000000000000e+00 8.460236886632825637e-03 0.000000000000000000e+00 3.550295857988165771e-02 0.000000000000000000e+00 2.770338904792686531e-04 0.000000000000000000e+00 1.723264064875823639e-03 0.000000000000000000e+00 0.000000000000000000e+00 0.000000000000000000e+00 6.524694154961486504e-03 9.110787172011661661e-05 2.028091362562352284e-02 0.000000000000000000e+00 1.167201634082287633e-03 0.000000000000000000e+00 1.206515181982706700e-03 6.709908297919928198e-04 3.383190277895810061e-01 2.053809817210926181e-04 4.018547140649150057e-02 2.442598925256472819e-04 4.608980077311923551e-02 2.149613069647463503e-04 2.972901867929492181e-02 0.000000000000000000e+00 2.923976608187134341e-02 1.146225642705092553e-03 1.247097273587339898e-02 1.708808002222839822e-02 1.453699959563283517e-01 0.000000000000000000e+00 7.511444028297960263e-02 5.293806246691371399e-04 7.179539852095316588e-02 0.000000000000000000e+00 6.465517241379310255e-03 1.447806573041841513e-04 7.066916823014383897e-02 0.000000000000000000e+00 2.493765586034912655e-03 0.000000000000000000e+00 7.394129509298678037e-03 0.000000000000000000e+00 1.584786053882725892e-03 0.000000000000000000e+00 1.902121965207417484e-02 0.000000000000000000e+00 0.000000000000000000e+00 0.000000000000000000e+00 1.014776571123375548e-02 1.054111033028812261e-03 2.506265664160400863e-03 0.000000000000000000e+00 8.032128514056225245e-04 1.364522417153996026e-02 1.264044943820224684e-02 6.253908692933083172e-04 0.000000000000000000e+00 0.000000000000000000e+00 1.784121320249777059e-03 0.000000000000000000e+00 1.908396946564885422e-03 1.145803494700658835e-03 1.439194051331254545e-03 0.000000000000000000e+00 6.385696040868455055e-04 0.000000000000000000e+00 8.944543828264758540e-04 0.000000000000000000e+00 0.000000000000000000e+00 0.000000000000000000e+00 0.000000000000000000e+00 0.000000000000000000e+00 0.000000000000000000e+00 0.000000000000000000e+00 0.000000000000000000e+00
5.352213019859292792e-02 1.959212752693917717e-03 0.000000000000000000e+00 1.010643055182899527e-02 1.718309859154929509e-01 1.680672268907563126e-03 3.122297714638666011e-01 1.222264009025949595e-02 5.265042979942693296e-02 6.663493574488339212e-03 5.927669591268992094e-02 1.554303477754031583e-03 1.033602150537634434e-01 6.382978723404254991e-03 5.703951029493600777e-02 3.950167122455180632e-03 3.047808764940239043e-02 4.878048780487804874e-04 4.413807844394571078e-02 8.187718422366450921e-03 0.000000000000000000e+00 0.000000000000000000e+00 1.761831634789892409e-01 1.604938271604938391e-02 5.619982158786797355e-02 4.295532646048110317e-03 1.793543244320446386e-02 0.000000000000000000e+00 2.078913873568094886e-02 1.119820828667413221e-03 2.212895841281953616e-02 3.949129852744310415e-02 6.896551724137930939e-03 9.188509527033561844e-03 7.846214201647704837e-04 0.000000000000000000e+00 3.796680497925310899e-02 3.019323671497584397e-04 0.000000000000000000e+00 0.000000000000000000e+00 6.289308176100629269e-03 0.000000000000000000e+00 0.000000000000000000e+00 0.000000000000000000e+00 0.000000000000000000e+00 0.000000000000000000e+00 6.587615283267457458e-04 0.000000000000000000e+00 7.375537799631223584e-04 9.062075215224286962e-05 2.459912536443148879e-03 0.000000000000000000e+00 0.000000000000000000e+00 0.000000000000000000e+00 1.704739174906239269e-04 0.000000000000000000e+00 6.374412883023932060e-03 8.498342823149485678e-05 1.201478743068391808e-02 0.000000000000000000e+00 2.931118710307767383e-03 0.000000000000000000e+00 8.598452278589854012e-04 0.000000000000000000e+00 2.937576499388004810e-03 0.000000000000000000e+00 9.988537743572948463e-03 8.600670852326481458e-05 1.333703806612948108e-02 0.000000000000000000e+00 5.542283803153368049e-02 8.322929671244278437e-04 1.056114346214928473e-01 1.027115858668857908e-03 2.212101496421600352e-02 1.077586206896551709e-03 1.114811061242218099e-01 1.876172607879924951e-03 0.000000000000000000e+00 0.000000000000000000e+00 1.193928023196315878e-03 2.240645305848084311e-04 0.000000000000000000e+00 0.000000000000000000e+00 2.398966599003506291e-03 0.000000000000000000e+00 0.000000000000000000e+00 0.000000000000000000e+00 7.514559458951719159e-04 0.000000000000000000e+00 2.810962754743499652e-03 5.012531328320801727e-03 1.153402537485582503e-03 1.606425702811245049e-03 3.703703703703703498e-02 1.544943820224719058e-02 2.501563477173233269e-03 2.881844380403458025e-03 4.854368932038834530e-03 1.784121320249777059e-03 0.000000000000000000e+00 1.908396946564885422e-03 2.578057863076482596e-03 7.195970256656272724e-04 0.000000000000000000e+00 0.000000000000000000e+00 0.000000000000000000e+00 0.000000000000000000e+00 0.000000000000000000e+00 0.000000000000000000e+00 3.081664098613251263e-03 0.000000000000000000e+00 0.000000000000000000e+00 0.000000000000000000e+00 0.000000000000000000e+00 0.000000000000000000e+00
5.276808872193900456e-03 7.575351041946158659e-02 1.010643055182899527e-02 0.000000000000000000e+00 3.442879499217527377e-03 2.957983193277310963e-02 1.297096973440395318e-02 2.089131252350507617e-01 1.790830945558739363e-03 2.665397429795335685e-02 5.563877594692916498e-03 8.276666019040217204e-02 8.870967741935483972e-03 6.087470449172576598e-02 8.347245409015025290e-04 3.524764509267699908e-02 1.992031872509960233e-04 3.203252032520325504e-02 8.442876990488405037e-03 9.445831253120319515e-02 1.206272617611580137e-03 0.000000000000000000e+00 1.912606449811531453e-02 2.586419753086419693e-01 5.352363960749330525e-03 4.295532646048110317e-03 3.985651654045436619e-04 5.271481286241434154e-04 1.484938481120067931e-03 5.419932810750279634e-02 3.281190385349103122e-02 4.261490406068719344e-02 7.224958949096880155e-03 1.828029790115098113e-02 0.000000000000000000e+00 3.461918892185954482e-03 8.298755186721991492e-04 3.321256038647343173e-02 0.000000000000000000e+00 1.240834743372814380e-02 0.000000000000000000e+00 3.550295857988165771e-02 0.000000000000000000e+00 5.540677809585373061e-04 0.000000000000000000e+00 1.419158641662443023e-03 0.000000000000000000e+00 6.996921354603974786e-04 1.229256299938537083e-04 3.081105573176257540e-03 1.822157434402332332e-04 3.412969283276450546e-03 0.000000000000000000e+00 1.459002042602859542e-04 0.000000000000000000e+00 2.010858636637844409e-04 1.118318049653321366e-04 1.002804453131639351e-02 2.053809817210926181e-04 1.771489715848293886e-02 1.221299462628236410e-04 2.973535533749628503e-03 0.000000000000000000e+00 7.892659826361483801e-04 2.447980416156670855e-04 3.325306730879486368e-03 4.912395611593253645e-04 1.419110690633869527e-02 5.557099194220616392e-04 1.233319854427820418e-02 1.911132345914954515e-03 2.933832709113607870e-02 1.455796717840127054e-03 9.295398520953163102e-02 0.000000000000000000e+00 1.993534482758620857e-02 7.239032865209208377e-04 1.366479049405878721e-01 0.000000000000000000e+00 1.246882793017456328e-03 0.000000000000000000e+00 4.257226081111360055e-03 0.000000000000000000e+00 0.000000000000000000e+00 9.226794611551946855e-05 3.058688587268208834e-03 0.000000000000000000e+00 0.000000000000000000e+00 0.000000000000000000e+00 1.602278796510592891e-03 1.405481377371749826e-03 3.132832080200501079e-03 1.730103806228373755e-03 8.032128514056225245e-04 1.559454191033138315e-02 9.831460674157303098e-03 6.253908692933083172e-04 1.440922190201729012e-03 0.000000000000000000e+00 1.784121320249777059e-03 0.000000000000000000e+00 1.908396946564885422e-03 1.145803494700658835e-03 1.439194051331254545e-03 4.595588235294117583e-04 6.385696040868455055e-04 1.385041551246537399e-03 8.944543828264758540e-04 0.000000000000000000e+00 0.000000000000000000e+00 0.000000000000000000e+00 0.000000000000000000e+00 0.000000000000000000e+00 0.000000000000000000e+00 9.216589861751152066e-04 0.000000000000000000e+00
3.129890453834115551e-04 0.000000000000000000e+00 1.718309859154929509e-01 3.442879499217527377e-03 0.000000000000000000e+00 1.344537815126050457e-03 9.470866790199712615e-03 5.641218503196690623e-04 3.646131805157593053e-01 3.807710613993336383e-03 0.000000000000000000e+00 0.000000000000000000e+00 2.419354838709677526e-03 3.546099290780142083e-04 1.597106288258208218e-01 9.115770282588878549e-04 0.000000000000000000e+00 0.000000000000000000e+00 2.137437212781874484e-04 9.985022466300548548e-05 0.000000000000000000e+00 0.000000000000000000e+00 3.071338824514868119e-03 3.497942386831275757e-03 8.652988403211418766e-02 8.591065292096220635e-03 1.072140294938222355e-01 5.271481286241434154e-04 2.969876962240135861e-03 0.000000000000000000e+00 1.526135062953071437e-03 6.247211066488175119e-03 0.000000000000000000e+00 0.000000000000000000e+00 0.000000000000000000e+00 0.000000000000000000e+00 2.074688796680497873e-04 0.000000000000000000e+00 0.000000000000000000e+00 0.000000000000000000e+00 0.000000000000000000e+00 0.000000000000000000e+00 0.000000000000000000e+00 0.000000000000000000e+00 0.000000000000000000e+00 0.000000000000000000e+00 3.293807641633728729e-04 0.000000000000000000e+00 1.229256299938537083e-04 0.000000000000000000e+00 9.110787172011661661e-05 0.000000000000000000e+00 0.000000000000000000e+00 0.000000000000000000e+00 3.409478349812478538e-04 0.000000000000000000e+00 3.354954148959964099e-04 0.000000000000000000e+00 2.053809817210926181e-04 0.000000000000000000e+00 0.000000000000000000e+00 0.000000000000000000e+00 0.000000000000000000e+00 0.000000000000000000e+00 2.447980416156670855e-04 0.000000000000000000e+00 1.637465203864417972e-04 0.000000000000000000e+00 0.000000000000000000e+00 0.000000000000000000e+00 2.221691352126134791e-02 6.242197253433208557e-04 3.295394388565378585e-02 0.000000000000000000e+00 5.855562784645412799e-03 0.000000000000000000e+00 3.764297089908788096e-03 1.563477173233270793e-04 0.000000000000000000e+00 0.000000000000000000e+00 3.411222923418045366e-04 0.000000000000000000e+00 3.311258278145695361e-03 0.000000000000000000e+00 2.860306329581103688e-03 0.000000000000000000e+00 1.748251748251748250e-03 0.000000000000000000e+00 7.514559458951719159e-04 0.000000000000000000e+00 0.000000000000000000e+00 6.265664160401002158e-04 0.000000000000000000e+00 0.000000000000000000e+00 0.000000000000000000e+00 0.000000000000000000e+00 0.000000000000000000e+00 0.000000000000000000e+00 0.000000000000000000e+00 0.000000000000000000e+00 0.000000000000000000e+00 0.000000000000000000e+00 0.000000000000000000e+00 0.000000000000000000e+00 0.000000000000000000e+00 0.000000000000000000e+00 0.000000000000000000e+00 0.000000000000000000e+00 0.000000000000000000e+00 0.000000000000000000e+00 0.000000000000000000e+00 0.000000000000000000e+00 0.000000000000000000e+00 0.000000000000000000e+00 0.000000000000000000e+00 0.000000000000000000e+00
0.000000000000000000e+00 3.361344537815126143e-04 1.680672268907563126e-03 2.957983193277310963e-02 1.344537815126050457e-03 0.000000000000000000e+00 0.000000000000000000e+00 2.538548326438510618e-03 3.581661891117478400e-04 3.131841980009519300e-01 0.000000000000000000e+00 0.000000000000000000e+00 0.000000000000000000e+00 8.274231678486997652e-04 0.000000000000000000e+00 1.668185961713764820e-01 0.000000000000000000e+00 0.000000000000000000e+00 0.000000000000000000e+00 1.997004493260109710e-04 1.206272617611580137e-03 5.241090146750524391e-03 2.512913583693982770e-03 1.069958847736625536e-02 8.028545941123996221e-03 3.006872852233677049e-02 7.971303308090873238e-04 2.920400632577754285e-01 0.000000000000000000e+00 2.015677491601343841e-03 4.769172071728347562e-03 3.569834895136099820e-03 0.000000000000000000e+00 1.934423058322855174e-04 0.000000000000000000e+00 4.945598417408506248e-04 0.000000000000000000e+00 3.019323671497584397e-04 0.000000000000000000e+00 0.000000000000000000e+00 0.000000000000000000e+00 0.000000000000000000e+00 0.000000000000000000e+00 3.693785206390248527e-04 0.000000000000000000e+00 1.013684744044602101e-04 0.000000000000000000e+00 2.798768541841589806e-04 0.000000000000000000e+00 0.000000000000000000e+00 0.000000000000000000e+00 6.563402467839328286e-05 0.000000000000000000e+00 0.000000000000000000e+00 0.000000000000000000e+00 2.010858636637844409e-04 0.000000000000000000e+00 0.000000000000000000e+00 0.000000000000000000e+00 0.000000000000000000e+00 0.000000000000000000e+00 0.000000000000000000e+00 0.000000000000000000e+00 0.000000000000000000e+00 0.000000000000000000e+00 0.000000000000000000e+00 0.000000000000000000e+00 8.600670852326481458e-05 0.000000000000000000e+00 0.000000000000000000e+00 2.388915432393693143e-04 3.079483978360382859e-02 0.000000000000000000e+00 1.776910435497124074e-02 0.000000000000000000e+00 1.077586206896551709e-03 0.000000000000000000e+00 2.032520325203252248e-03 0.000000000000000000e+00 0.000000000000000000e+00 0.000000000000000000e+00 0.000000000000000000e+00 0.000000000000000000e+00 0.000000000000000000e+00 0.000000000000000000e+00 4.779200917606576168e-04 0.000000000000000000e+00 0.000000000000000000e+00 0.000000000000000000e+00 1.780309773900658828e-04 0.000000000000000000e+00 0.000000000000000000e+00 0.000000000000000000e+00 0.000000000000000000e+00 0.000000000000000000e+00 1.404494382022471871e-03 0.000000000000000000e+00 0.000000000000000000e+00 0.000000000000000000e+00 0.000000000000000000e+00 0.000000000000000000e+00 0.000000000000000000e+00 0.000000000000000000e+00 0.000000000000000000e+00 0.000000000000000000e+00 0.000000000000000000e+00 0.000000000000000000e+00 0.000000000000000000e+00 0.000000000000000000e+00 0.000000000000000000e+00 0.000000000000000000e+00 0.000000000000000000e+00 0.000000000000000000e+00 0.000000000000000000e+00 0.000000000000000000e+00 0.000000000000000000e+00
1.192093885114268031e-01 3.294214535721638661e-03 3.122297714638666011e-01 1.297096973440395318e-02 9.470866790199712615e-03 0.000000000000000000e+00 0.000000000000000000e+00 1.711169612636329398e-02 1.121060171919770754e-01 4.759638267491670478e-04 6.120265354162208321e-02 3.691470759665824684e-03 2.608870967741935276e-01 4.018912529550827152e-03 8.625486922648860008e-03 1.215436037678517068e-03 1.314741035856573786e-02 6.504065040650406498e-04 1.271775141605215390e-02 1.817274088866700082e-02 0.000000000000000000e+00 0.000000000000000000e+00 1.912606449811531453e-02 6.790123456790123427e-03 8.920606601248885293e-04 8.591065292096219767e-04 3.985651654045436619e-04 0.000000000000000000e+00 1.463725074246923982e-02 1.567749160134378423e-03 6.295307134681419649e-03 2.164212405176260678e-02 6.568144499178982156e-04 1.334751910242770040e-02 7.846214201647704837e-04 0.000000000000000000e+00 7.053941908713693039e-03 0.000000000000000000e+00 6.289308176100628619e-04 0.000000000000000000e+00 6.289308176100629269e-03 0.000000000000000000e+00 0.000000000000000000e+00 0.000000000000000000e+00 3.817765334690761091e-04 1.013684744044602101e-04 0.000000000000000000e+00 0.000000000000000000e+00 6.146281499692685417e-04 9.062075215224286962e-05 1.184402332361516111e-02 6.563402467839328286e-05 5.546311702717693229e-04 0.000000000000000000e+00 1.704739174906239269e-04 0.000000000000000000e+00 3.019458734063967635e-03 0.000000000000000000e+00 1.540357362908194652e-02 3.566757817144215834e-04 1.514411333659013148e-02 0.000000000000000000e+00 2.149613069647463449e-03 0.000000000000000000e+00 2.105263157894736795e-02 0.000000000000000000e+00 1.964958244637301458e-03 3.440268340930592583e-04 5.557099194220616392e-04 0.000000000000000000e+00 5.852842809364548760e-02 2.080732417811069609e-04 3.427739544732662930e-02 2.567789646672144661e-03 5.855562784645412799e-03 5.387931034482758546e-04 3.344433183726654157e-02 3.595997498436523040e-03 0.000000000000000000e+00 0.000000000000000000e+00 2.387856046392631756e-03 0.000000000000000000e+00 0.000000000000000000e+00 0.000000000000000000e+00 9.595866396014025163e-03 0.000000000000000000e+00 1.748251748251748250e-03 0.000000000000000000e+00 4.696599661844824691e-03 0.000000000000000000e+00 1.405481377371749826e-03 0.000000000000000000e+00 5.767012687427912516e-04 0.000000000000000000e+00 9.746588693957114469e-03 0.000000000000000000e+00 6.253908692933083172e-04 0.000000000000000000e+00 1.618122977346278394e-03 8.920606601248885293e-04 0.000000000000000000e+00 0.000000000000000000e+00 0.000000000000000000e+00 2.398656752218757484e-04 0.000000000000000000e+00 0.000000000000000000e+00 0.000000000000000000e+00 0.000000000000000000e+00 0.000000000000000000e+00 0.000000000000000000e+00 0.000000000000000000e+00 0.000000000000000000e+00 0.000000000000000000e+00 0.000000000000000000e+00 0.000000000000000000e+00 0.000000000000000000e+00
3.102670176758179788e-03 1.591763820985332700e-01 1.222264009025949595e-02 2.089131252350507617e-01 5.641218503196690623e-04 2.538548326438510618e-03 1.711169612636329398e-02 0.000000000000000000e+00 7.163323782234956799e-04 6.949071870537838758e-02 8.345816392039375614e-03 1.299786283271808784e-01 8.467741935483871774e-03 2.382978723404255428e-01 0.000000000000000000e+00 5.742935278030993768e-02 7.968127490039840933e-04 2.211382113821138209e-02 1.293149513733034099e-02 2.196704942586120979e-02 0.000000000000000000e+00 0.000000000000000000e+00 1.898645818791009493e-02 1.625514403292181026e-02 1.784121320249777059e-03 8.591065292096219767e-04 7.971303308090873238e-04 0.000000000000000000e+00 1.909206618582944513e-03 3.247480403135498406e-02 2.899656619610835664e-02 1.204819277108433798e-02 7.717569786535303546e-03 4.159009575394138555e-03 0.000000000000000000e+00 4.945598417408506248e-04 8.298755186721991492e-04 1.086956521739130405e-02 0.000000000000000000e+00 5.076142131979695035e-03 0.000000000000000000e+00 5.917159763313609329e-03 0.000000000000000000e+00 0.000000000000000000e+00 0.000000000000000000e+00 1.317790167257982745e-03 0.000000000000000000e+00 2.798768541841589806e-04 0.000000000000000000e+00 4.168554599003171379e-03 0.000000000000000000e+00 1.555526384877920637e-02 0.000000000000000000e+00 1.313101838342573642e-03 0.000000000000000000e+00 1.608686909310275527e-03 0.000000000000000000e+00 7.138607971445568023e-03 4.107619634421852363e-04 6.420164070859588935e-03 1.221299462628236410e-04 1.427297056199821647e-02 0.000000000000000000e+00 3.814785582741384018e-03 0.000000000000000000e+00 1.100791193670450606e-02 1.637465203864417972e-04 2.494194547174679623e-03 1.389274798555154098e-04 1.617468661544682476e-03 1.194457716196846734e-03 2.309612983770287231e-02 1.985177342509264302e-03 5.053410024650780569e-02 6.506180871828237287e-04 1.454741379310344786e-02 2.171709859562762513e-03 5.081300813008129968e-02 0.000000000000000000e+00 0.000000000000000000e+00 0.000000000000000000e+00 8.514452162222720111e-03 0.000000000000000000e+00 0.000000000000000000e+00 9.226794611551946855e-05 8.506977633339705969e-03 0.000000000000000000e+00 5.652911249293385678e-04 0.000000000000000000e+00 4.094712479971515141e-03 7.027406886858749129e-04 6.265664160401002158e-04 0.000000000000000000e+00 0.000000000000000000e+00 9.746588693957114469e-03 2.808988764044943742e-03 6.253908692933083172e-04 0.000000000000000000e+00 0.000000000000000000e+00 0.000000000000000000e+00 0.000000000000000000e+00 0.000000000000000000e+00 0.000000000000000000e+00 4.797313504437514969e-04 0.000000000000000000e+00 0.000000000000000000e+00 0.000000000000000000e+00 0.000000000000000000e+00 0.000000000000000000e+00 0.000000000000000000e+00 0.000000000000000000e+00 0.000000000000000000e+00 0.000000000000000000e+00 1.650165016501650185e-03 0.000000000000000000e+00 0.000000000000000000e+00
1.074498567335243574e-03 0.000000000000000000e+00 5.265042979942693296e-02 1.790830945558739363e-03 3.646131805157593053e-01 3.581661891117478400e-04 1.121060171919770754e-01 7.163323782234956799e-04 0.000000000000000000e+00 0.000000000000000000e+00 6.419858763107211177e-04 0.000000000000000000e+00 3.373655913978494680e-02 0.000000000000000000e+00 1.772398441847523598e-01 0.000000000000000000e+00 0.000000000000000000e+00 0.000000000000000000e+00 1.068718606390937242e-04 0.000000000000000000e+00 0.000000000000000000e+00 0.000000000000000000e+00 3.071338824514868119e-03 8.230452674897119174e-04 1.784121320249777059e-03 1.718213058419243953e-03 3.945795137504982258e-02 0.000000000000000000e+00 4.879083580823079941e-03 0.000000000000000000e+00 3.815337657382678591e-04 1.338688085676037432e-03 0.000000000000000000e+00 0.000000000000000000e+00 0.000000000000000000e+00 0.000000000000000000e+00 0.000000000000000000e+00 0.000000000000000000e+00 0.000000000000000000e+00 0.000000000000000000e+00 0.000000000000000000e+00 0.000000000000000000e+00 0.000000000000000000e+00 0.000000000000000000e+00 1.272588444896920364e-04 0.000000000000000000e+00 1.646903820816864364e-04 0.000000000000000000e+00 0.000000000000000000e+00 0.000000000000000000e+00 0.000000000000000000e+00 0.000000000000000000e+00 5.546311702717693229e-04 0.000000000000000000e+00 0.000000000000000000e+00 0.000000000000000000e+00 3.354954148959964099e-04 0.000000000000000000e+00 2.053809817210926181e-04 0.000000000000000000e+00 1.221299462628236410e-04 0.000000000000000000e+00 0.000000000000000000e+00 0.000000000000000000e+00 7.343941248470012024e-04 0.000000000000000000e+00 0.000000000000000000e+00 0.000000000000000000e+00 2.778549597110308196e-04 0.000000000000000000e+00 1.146679407548972796e-02 0.000000000000000000e+00 1.945473795659078894e-02 0.000000000000000000e+00 2.602472348731294915e-03 0.000000000000000000e+00 3.185174460692051599e-03 1.563477173233270793e-04 0.000000000000000000e+00 0.000000000000000000e+00 0.000000000000000000e+00 0.000000000000000000e+00 0.000000000000000000e+00 0.000000000000000000e+00 5.536076766931168113e-04 0.000000000000000000e+00 1.748251748251748250e-03 0.000000000000000000e+00 7.514559458951719159e-04 0.000000000000000000e+00 3.513703443429374565e-04 0.000000000000000000e+00 0.000000000000000000e+00 0.000000000000000000e+00 1.949317738791422894e-03 1.404494382022471871e-03 0.000000000000000000e+00 0.000000000000000000e+00 0.000000000000000000e+00 0.000000000000000000e+00 0.000000000000000000e+00 0.000000000000000000e+00 0.000000000000000000e+00 2.398656752218757484e-04 0.000000000000000000e+00 0.000000000000000000e+00 0.000000000000000000e+00 0.000000000000000000e+00 0.000000000000000000e+00 0.000000000000000000e+00 0.000000000000000000e+00 0.000000000000000000e+00 0.000000000000000000e+00 0.000000000000000000e+00 0.000000000000000000e+00 0.000000000000000000e+00
0.000000000000000000e+00 1.903855306996668191e-03 6.663493574488339212e-03 2.665397429795335685e-02 3.807710613993336383e-03 3.131841980009519300e-01 4.759638267491670478e-04 6.949071870537838758e-02 0.000000000000000000e+00 0.000000000000000000e+00 0.000000000000000000e+00 7.771517388770157915e-04 1.344086021505376343e-04 6.973995271867611950e-03 0.000000000000000000e+00 1.323305986022485503e-01 0.000000000000000000e+00 0.000000000000000000e+00 0.000000000000000000e+00 3.994008986520219419e-04 0.000000000000000000e+00 0.000000000000000000e+00 3.350551444925310794e-03 4.115226337448559587e-04 3.568242640499554117e-03 1.460481099656357404e-02 7.971303308090873238e-04 3.162888771744860276e-03 0.000000000000000000e+00 1.343784994400895822e-03 3.815337657382678483e-03 6.693440428380187162e-04 0.000000000000000000e+00 2.901634587484282625e-04 0.000000000000000000e+00 0.000000000000000000e+00 0.000000000000000000e+00 0.000000000000000000e+00 0.000000000000000000e+00 0.000000000000000000e+00 0.000000000000000000e+00 0.000000000000000000e+00 0.000000000000000000e+00 9.234463015975621317e-05 0.000000000000000000e+00 1.013684744044602101e-04 0.000000000000000000e+00 0.000000000000000000e+00 0.000000000000000000e+00 9.062075215224286962e-05 0.000000000000000000e+00 6.563402467839328286e-05 0.000000000000000000e+00 0.000000000000000000e+00 0.000000000000000000e+00 0.000000000000000000e+00 0.000000000000000000e+00 2.549502846944845568e-04 0.000000000000000000e+00 0.000000000000000000e+00 0.000000000000000000e+00 0.000000000000000000e+00 0.000000000000000000e+00 0.000000000000000000e+00 0.000000000000000000e+00 0.000000000000000000e+00 0.000000000000000000e+00 0.000000000000000000e+00 0.000000000000000000e+00 2.021835826930853096e-04 9.555661729574772573e-04 4.993757802746566846e-03 0.000000000000000000e+00 9.757600657354150234e-03 0.000000000000000000e+00 3.232758620689655128e-03 0.000000000000000000e+00 7.035647279549718351e-03 0.000000000000000000e+00 0.000000000000000000e+00 0.000000000000000000e+00 4.481290611696168622e-04 0.000000000000000000e+00 0.000000000000000000e+00 0.000000000000000000e+00 2.867520550563945917e-04 0.000000000000000000e+00 5.652911249293385678e-04 0.000000000000000000e+00 0.000000000000000000e+00 0.000000000000000000e+00 0.000000000000000000e+00 0.000000000000000000e+00 0.000000000000000000e+00 0.000000000000000000e+00 0.000000000000000000e+00 0.000000000000000000e+00 0.000000000000000000e+00 0.000000000000000000e+00 0.000000000000000000e+00 0.000000000000000000e+00 0.000000000000000000e+00 0.000000000000000000e+00 0.000000000000000000e+00 0.000000000000000000e+00 0.000000000000000000e+00 0.000000000000000000e+00 0.000000000000000000e+00 0.000000000000000000e+00 0.000000000000000000e+00 0.000000000000000000e+00 0.000000000000000000e+00 0.000000000000000000e+00 0.000000000000000000e+00 0.000000000000000000e+00 0.000000000000000000e+00
2.698480633426064701e-01 8.559811684142948959e-04 5.927669591268992094e-02 5.563877594692916498e-03 0.000000000000000000e+00 0.000000000000000000e+00 6.120265354162208321e-02 8.345816392039375614e-03 6.419858763107211177e-04 0.000000000000000000e+00 0.000000000000000000e+00 1.554303477754031583e-03 1.311827956989247423e-01 9.456264775413711137e-04 1.947690595436839126e-03 0.000000000000000000e+00 2.589641434262948336e-02 0.000000000000000000e+00 3.120658330661536806e-02 3.594608087868197532e-03 0.000000000000000000e+00 0.000000000000000000e+00 2.038252128996230483e-02 2.880658436213991928e-03 0.000000000000000000e+00 0.000000000000000000e+00 0.000000000000000000e+00 0.000000000000000000e+00 4.263894781501909037e-02 0.000000000000000000e+00 2.861503243037008971e-03 2.454261490406068735e-03 3.284072249589490861e-03 3.288519199148853822e-03 0.000000000000000000e+00 0.000000000000000000e+00 8.298755186721991492e-04 0.000000000000000000e+00 0.000000000000000000e+00 0.000000000000000000e+00 0.000000000000000000e+00 0.000000000000000000e+00 0.000000000000000000e+00 0.000000000000000000e+00 0.000000000000000000e+00 0.000000000000000000e+00 0.000000000000000000e+00 0.000000000000000000e+00 1.229256299938537083e-04 0.000000000000000000e+00 3.826530612244897871e-03 0.000000000000000000e+00 0.000000000000000000e+00 0.000000000000000000e+00 6.818956699624957075e-04 0.000000000000000000e+00 5.479758443301274533e-03 0.000000000000000000e+00 3.286095707537481890e-03 0.000000000000000000e+00 3.321934538348803034e-02 0.000000000000000000e+00 1.031814273430782525e-02 1.315443304393580724e-04 2.105263157894736795e-02 0.000000000000000000e+00 1.064352382511871533e-03 8.600670852326481458e-05 1.528202278410669725e-03 0.000000000000000000e+00 6.211180124223602064e-03 0.000000000000000000e+00 5.823186871360508214e-03 2.054231717337715599e-04 6.506180871828237287e-04 0.000000000000000000e+00 2.606051831475315102e-03 4.690431519699812379e-04 9.541984732824427108e-04 0.000000000000000000e+00 5.628517823639774854e-03 2.240645305848084311e-04 0.000000000000000000e+00 0.000000000000000000e+00 1.384019191732792017e-02 0.000000000000000000e+00 0.000000000000000000e+00 0.000000000000000000e+00 6.199511553635168523e-03 0.000000000000000000e+00 0.000000000000000000e+00 1.253132832080200432e-03 0.000000000000000000e+00 0.000000000000000000e+00 0.000000000000000000e+00 1.404494382022471871e-03 0.000000000000000000e+00 0.000000000000000000e+00 0.000000000000000000e+00 0.000000000000000000e+00 0.000000000000000000e+00 0.000000000000000000e+00 0.000000000000000000e+00 0.000000000000000000e+00 0.000000000000000000e+00 0.000000000000000000e+00 0.000000000000000000e+00 0.000000000000000000e+00 0.000000000000000000e+00 0.000000000000000000e+00 0.000000000000000000e+00 0.000000000000000000e+00 0.000000000000000000e+00 0.000000000000000000e+00 0.000000000000000000e+00 0.000000000000000000e+00
0.000000000000000000e+00 7.635515834466680141e-02 1.554303477754031583e-03 8.276666019040217204e-02 0.000000000000000000e+00 0.000000000000000000e+00 3.691470759665824684e-03 1.299786283271808784e-01 0.000000000000000000e+00 7.771517388770157915e-04 1.554303477754031583e-03 0.000000000000000000e+00 1.612903225806451612e-03 1.648936170212765839e-01 0.000000000000000000e+00 5.165603160133698350e-03 0.000000000000000000e+00 4.097560975609756267e-02 8.549748851127497934e-04 2.576135796305541528e-02 0.000000000000000000e+00 0.000000000000000000e+00 3.071338824514868119e-03 1.748971193415637879e-02 0.000000000000000000e+00 0.000000000000000000e+00 0.000000000000000000e+00 0.000000000000000000e+00 4.242681374628765284e-04 1.301231802911534119e-01 1.907668828691339242e-03 6.693440428380187162e-04 4.926108374384236075e-04 9.381951832865846955e-03 0.000000000000000000e+00 9.891196834817012496e-04 0.000000000000000000e+00 1.811594202898550747e-03 0.000000000000000000e+00 0.000000000000000000e+00 0.000000000000000000e+00 0.000000000000000000e+00 0.000000000000000000e+00 0.000000000000000000e+00 0.000000000000000000e+00 2.027369488089204202e-04 0.000000000000000000e+00 0.000000000000000000e+00 0.000000000000000000e+00 5.437245129134571364e-04 0.000000000000000000e+00 3.872407456025203296e-03 0.000000000000000000e+00 0.000000000000000000e+00 0.000000000000000000e+00 1.407601045646491005e-03 0.000000000000000000e+00 3.909237698648763276e-03 1.026904908605463091e-04 2.853406253715372667e-03 0.000000000000000000e+00 7.433838834374070607e-03 0.000000000000000000e+00 1.578531965272296847e-02 0.000000000000000000e+00 1.158124068340786635e-02 2.456197805796626822e-04 1.376107336372237033e-03 0.000000000000000000e+00 1.010917913465426629e-03 0.000000000000000000e+00 1.290054099042863174e-02 3.970354685018528279e-04 9.346754313886606463e-03 0.000000000000000000e+00 0.000000000000000000e+00 2.895613146083683026e-04 5.784865540963101717e-03 0.000000000000000000e+00 1.246882793017456328e-03 0.000000000000000000e+00 1.949361416087833435e-02 0.000000000000000000e+00 0.000000000000000000e+00 0.000000000000000000e+00 1.118333014719938810e-02 0.000000000000000000e+00 0.000000000000000000e+00 0.000000000000000000e+00 6.053053231262239472e-03 0.000000000000000000e+00 0.000000000000000000e+00 0.000000000000000000e+00 0.000000000000000000e+00 0.000000000000000000e+00 1.404494382022471871e-03 0.000000000000000000e+00 0.000000000000000000e+00 0.000000000000000000e+00 0.000000000000000000e+00 0.000000000000000000e+00 0.000000000000000000e+00 0.000000000000000000e+00 0.000000000000000000e+00 0.000000000000000000e+00 0.000000000000000000e+00 0.000000000000000000e+00 0.000000000000000000e+00 0.000000000000000000e+00 0.000000000000000000e+00 0.000000000000000000e+00 0.000000000000000000e+00 0.000000000000000000e+00 0.000000000000000000e+00 0.000000000000000000e+00 0.000000000000000000e+00
3.830645161290322648e-02 4.032258064516129029e-04 1.033602150537634434e-01 8.870967741935483972e-03 2.419354838709677526e-03 0.000000000000000000e+00 2.608870967741935276e-01 8.467741935483871774e-03 3.373655913978494680e-02 1.344086021505376343e-04 1.311827956989247423e-01 1.612903225806451612e-03 0.000000000000000000e+00 2.364066193853427839e-03 2.312186978297161855e-01 1.519295047098146334e-04 3.784860557768924497e-03 0.000000000000000000e+00 1.325211071924762250e-02 2.196704942586120979e-03 0.000000000000000000e+00 0.000000000000000000e+00 4.425520033505514483e-02 1.090534979423868345e-02 0.000000000000000000e+00 0.000000000000000000e+00 7.971303308090873238e-04 0.000000000000000000e+00 1.062791684344505660e-01 6.718924972004479109e-04 6.867607783288821356e-03 1.026327532351628720e-02 8.210180623973727153e-04 3.868846116645710456e-03 0.000000000000000000e+00 0.000000000000000000e+00 2.904564315352697185e-03 0.000000000000000000e+00 0.000000000000000000e+00 0.000000000000000000e+00 0.000000000000000000e+00 0.000000000000000000e+00 0.000000000000000000e+00 0.000000000000000000e+00 1.272588444896920364e-04 0.000000000000000000e+00 0.000000000000000000e+00 0.000000000000000000e+00 3.687768899815611792e-04 0.000000000000000000e+00 3.188775510204081703e-03 0.000000000000000000e+00 0.000000000000000000e+00 0.000000000000000000e+00 0.000000000000000000e+00 0.000000000000000000e+00 1.789308879445314186e-03 0.000000000000000000e+00 3.183405216676935771e-03 1.188919272381405278e-04 1.551050317537860240e-02 0.000000000000000000e+00 3.869303525365434034e-03 0.000000000000000000e+00 1.566707466340269347e-02 0.000000000000000000e+00 4.912395611593253645e-04 0.000000000000000000e+00 1.389274798555154315e-03 0.000000000000000000e+00 1.887243191591017610e-02 0.000000000000000000e+00 3.811540497617787321e-02 1.129827444535743634e-03 1.301236174365647327e-02 0.000000000000000000e+00 2.359924714058201853e-02 1.094434021263289555e-03 0.000000000000000000e+00 0.000000000000000000e+00 6.140201262152481659e-03 0.000000000000000000e+00 0.000000000000000000e+00 0.000000000000000000e+00 7.381435689241557484e-03 0.000000000000000000e+00 1.748251748251748250e-03 0.000000000000000000e+00 1.690775878264136811e-03 0.000000000000000000e+00 0.000000000000000000e+00 2.506265664160400863e-03 0.000000000000000000e+00 0.000000000000000000e+00 0.000000000000000000e+00 4.213483146067415613e-03 6.253908692933083172e-04 0.000000000000000000e+00 1.618122977346278394e-03 8.920606601248885293e-04 0.000000000000000000e+00 0.000000000000000000e+00 0.000000000000000000e+00 7.195970256656272724e-04 0.000000000000000000e+00 0.000000000000000000e+00 1.385041551246537399e-03 0.000000000000000000e+00 0.000000000000000000e+00 0.000000000000000000e+00 0.000000000000000000e+00 0.000000000000000000e+00 0.000000000000000000e+00 0.000000000000000000e+00 0.000000000000000000e+00 0.000000000000000000e+00
