2.731851173147271106e-01 4.889793890979304836e-01 3.704847353414418842e-01 4.868636066897462089e-01 3.458586511627907423e-01 0.000000000000000000e+00 3.258876472403664515e-01 4.673706286877098437e-01 3.496624249724636369e-01 0.000000000000000000e+00 2.884764684475308316e-01 4.533212707971718269e-01 3.645540016720160703e-01 0.000000000000000000e+00 3.593086961764064280e-01 0.000000000000000000e+00 3.285877688617062642e-01 4.882337512170306648e-01 4.102176899149708733e-01 5.006413408540868470e-01 0.000000000000000000e+00 0.000000000000000000e+00 3.897959706505628730e-01 0.000000000000000000e+00 0.000000000000000000e+00 0.000000000000000000e+00 0.000000000000000000e+00 0.000000000000000000e+00 3.960713260952547499e-01 4.897610696124652940e-01 4.150565665592090836e-01 0.000000000000000000e+00 4.009517362839582488e-01 4.833194635406483086e-01 0.000000000000000000e+00 4.683751421052631536e-01 4.597305340770088122e-01 0.000000000000000000e+00 0.000000000000000000e+00 0.000000000000000000e+00 3.552602337674863331e-01 0.000000000000000000e+00 0.000000000000000000e+00 0.000000000000000000e+00 3.922647402869907096e-01 0.000000000000000000e+00 4.900168841463414804e-01 0.000000000000000000e+00 3.990972347008699406e-01 0.000000000000000000e+00 3.853588672211426536e-01 4.558840537445842944e-01 3.542918454287621310e-01 0.000000000000000000e+00 3.956967243834048631e-01 0.000000000000000000e+00 2.963702416262513073e-01 4.782124917507568629e-01 4.128508838571957607e-01 0.000000000000000000e+00 4.014850423158555226e-01 0.000000000000000000e+00 3.919832887891835926e-01 4.520597096774192636e-01 4.037266056432492478e-01 5.077021403508772401e-01 4.114799197071589698e-01 4.982067865862116474e-01 2.666492288285942092e-01 4.870656946939986298e-01 3.580349473949574479e-01 5.062831994592718043e-01 3.736780817539763211e-01 4.827161403115702853e-01 3.724971585440278732e-01 0.000000000000000000e+00 3.879742290280448480e-01 4.671577250789429869e-01 4.011188937229436813e-01 0.000000000000000000e+00 4.087618781929480138e-01 0.000000000000000000e+00 2.635134298180924484e-01 0.000000000000000000e+00 4.043899770061816223e-01 0.000000000000000000e+00 0.000000000000000000e+00 0.000000000000000000e+00 4.165121759739721652e-01 0.000000000000000000e+00 4.464739674201648190e-01 4.274458099173554237e-01 4.430197930042877874e-01 4.273196466165413154e-01 4.404106286186930674e-01 0.000000000000000000e+00 4.838103076923077062e-01 0.000000000000000000e+00 0.000000000000000000e+00 0.000000000000000000e+00 4.137782920353982874e-01 0.000000000000000000e+00 4.757590324658979020e-01 4.468627806830676175e-01 4.578918427050258644e-01 0.000000000000000000e+00 4.548458035568460067e-01 0.000000000000000000e+00 0.000000000000000000e+00 0.000000000000000000e+00 0.000000000000000000e+00 0.000000000000000000e+00 0.000000000000000000e+00 4.193919074074073938e-01 0.000000000000000000e+00 0.000000000000000000e+00
4.889793890979304836e-01 2.813164385280315649e-01 5.050095520014242778e-01 2.800050423479047979e-01 0.000000000000000000e+00 3.294659459459459150e-01 4.680258463985643713e-01 3.505064165704486756e-01 0.000000000000000000e+00 3.740597851537644791e-01 0.000000000000000000e+00 3.487674467945398593e-01 0.000000000000000000e+00 3.810559793583582211e-01 0.000000000000000000e+00 4.081900584330940274e-01 4.844501823895267512e-01 3.841487132589542219e-01 5.058127358661802520e-01 3.472349920016743474e-01 0.000000000000000000e+00 0.000000000000000000e+00 0.000000000000000000e+00 4.379346853701777675e-01 0.000000000000000000e+00 0.000000000000000000e+00 0.000000000000000000e+00 3.868048306038048834e-01 4.858226956805748453e-01 4.087978346290138676e-01 4.433540639534883088e-01 4.247960307017544235e-01 5.057362257210058498e-01 4.507118748628471949e-01 4.793359404761905473e-01 0.000000000000000000e+00 5.122177980957535182e-01 5.085961177975802938e-01 0.000000000000000000e+00 4.757274708375945349e-01 0.000000000000000000e+00 4.161868290598290665e-01 0.000000000000000000e+00 4.527574250154607904e-01 0.000000000000000000e+00 4.273837186848073455e-01 0.000000000000000000e+00 0.000000000000000000e+00 0.000000000000000000e+00 4.293396005155579731e-01 4.756028151999999731e-01 4.137903475950052701e-01 0.000000000000000000e+00 4.106339958592132300e-01 0.000000000000000000e+00 4.120032994034141804e-01 4.978576461927355368e-01 3.477872436327998362e-01 5.042298324858757175e-01 4.197653718413119628e-01 4.894500247422680084e-01 3.701530391156396815e-01 4.424092941176470672e-01 3.806050428983561718e-01 0.000000000000000000e+00 3.972718452017636181e-01 4.850261906076236973e-01 4.241812886894633650e-01 5.120268085515919942e-01 3.625729830311905655e-01 0.000000000000000000e+00 3.640287020325060907e-01 4.696523420359957623e-01 4.070414018942288825e-01 0.000000000000000000e+00 4.253757301587301476e-01 4.725595801183005706e-01 4.013721887528663990e-01 0.000000000000000000e+00 0.000000000000000000e+00 4.766269827586206986e-01 4.086719418565523121e-01 0.000000000000000000e+00 0.000000000000000000e+00 4.502925948275862122e-01 4.203948961880429880e-01 0.000000000000000000e+00 4.453031711309523577e-01 0.000000000000000000e+00 4.347996477548762839e-01 4.307043686142069117e-01 4.670814597385151146e-01 4.633463402224281547e-01 4.827054653638208626e-01 0.000000000000000000e+00 4.759221895737161812e-01 0.000000000000000000e+00 5.138501880341879158e-01 4.925120564194576667e-01 5.034480098169584750e-01 4.575843902439024058e-01 5.357236686322686126e-01 4.845771550263024419e-01 4.568884881745978732e-01 4.741767614035088951e-01 4.817237200905489791e-01 0.000000000000000000e+00 4.992539795918366496e-01 0.000000000000000000e+00 0.000000000000000000e+00 0.000000000000000000e+00 0.000000000000000000e+00 0.000000000000000000e+00 3.958030183486239695e-01 0.000000000000000000e+00 0.000000000000000000e+00
3.704847353414418842e-01 5.050095520014242778e-01 2.752110958735113910e-01 4.507410991473098649e-01 1.837964153105876575e-01 4.014220207117842332e-01 3.065267992647058293e-01 4.500756319362061997e-01 2.529627125016349343e-01 4.132793713829954751e-01 4.018675608632237273e-01 4.600552754516814002e-01 3.617755047091368859e-01 4.477457149287688565e-01 3.533585977320039540e-01 4.244829010989010776e-01 3.992486183702521063e-01 4.806980417302126329e-01 3.192139954493939946e-01 5.037432039317585319e-01 3.334615680112570368e-01 3.063895516129032659e-01 2.557139265330267142e-01 4.235331870603148974e-01 2.458904732063512677e-01 4.123530407489701122e-01 0.000000000000000000e+00 3.865308414634145984e-01 3.574818883147879434e-01 4.681561866069297584e-01 3.758359770285991108e-01 4.152421780678122176e-01 4.133212375317782961e-01 4.963043793526556446e-01 4.598740690705344081e-01 0.000000000000000000e+00 4.436458196194149051e-01 4.645407248617395846e-01 0.000000000000000000e+00 0.000000000000000000e+00 3.669276176470588346e-01 0.000000000000000000e+00 0.000000000000000000e+00 0.000000000000000000e+00 4.511207595991544861e-01 0.000000000000000000e+00 0.000000000000000000e+00 0.000000000000000000e+00 4.395242132166993776e-01 0.000000000000000000e+00 4.269196279191074805e-01 0.000000000000000000e+00 0.000000000000000000e+00 0.000000000000000000e+00 4.117163563349102717e-01 0.000000000000000000e+00 4.185885040427104187e-01 0.000000000000000000e+00 4.519321105576933895e-01 4.585469354838710432e-01 4.239152673321243125e-01 0.000000000000000000e+00 4.159058314606741691e-01 0.000000000000000000e+00 4.228191885147670748e-01 4.461628476190476200e-01 4.485753656260773048e-01 0.000000000000000000e+00 4.061215379299412120e-01 0.000000000000000000e+00 3.631258138451207151e-01 4.839528974297055974e-01 3.743048276506748540e-01 4.717830096102620940e-01 3.784660492187481018e-01 0.000000000000000000e+00 4.074882832486423356e-01 4.458898043902776442e-01 0.000000000000000000e+00 0.000000000000000000e+00 3.813390039281544519e-01 0.000000000000000000e+00 0.000000000000000000e+00 0.000000000000000000e+00 3.936789360648252356e-01 0.000000000000000000e+00 4.003082736790452567e-01 0.000000000000000000e+00 4.113456123797889497e-01 0.000000000000000000e+00 4.301732084591024519e-01 4.346627430994740027e-01 4.251833245199185818e-01 4.389405095465647721e-01 4.182385898426645432e-01 0.000000000000000000e+00 0.000000000000000000e+00 0.000000000000000000e+00 0.000000000000000000e+00 0.000000000000000000e+00 0.000000000000000000e+00 0.000000000000000000e+00 4.338118369474719405e-01 4.365753216642246359e-01 4.391874893908869759e-01 0.000000000000000000e+00 4.323408807339449433e-01 0.000000000000000000e+00 0.000000000000000000e+00 0.000000000000000000e+00 0.000000000000000000e+00 0.000000000000000000e+00 0.000000000000000000e+00 0.000000000000000000e+00 0.000000000000000000e+00 0.000000000000000000e+00
4.868636066897462089e-01 2.800050423479047979e-01 4.507410991473098649e-01 2.564310787747377529e-01 4.198547914503535927e-01 2.148645849230111926e-01 4.364139275984263433e-01 3.138078283016825232e-01 4.239304936107262667e-01 3.036765117097502964e-01 4.747472759596430558e-01 4.050407560502163329e-01 4.422474722658352730e-01 3.572934182718835450e-01 4.421530337078651285e-01 3.147311100842447584e-01 4.815535258098234128e-01 4.219536793485755277e-01 4.885806636825021365e-01 2.813603801923722503e-01 0.000000000000000000e+00 3.224946363636364000e-01 4.394183239406524444e-01 2.676873476707391508e-01 4.476164050632911451e-01 2.827711641478713456e-01 0.000000000000000000e+00 3.120717559036241817e-01 4.370768327672328035e-01 3.557874998864864469e-01 4.079713380537218215e-01 3.025028149340335815e-01 4.907723725873115450e-01 3.870881069647118533e-01 0.000000000000000000e+00 5.002258888888888588e-01 0.000000000000000000e+00 4.436295448570270472e-01 0.000000000000000000e+00 4.825764025738289442e-01 0.000000000000000000e+00 0.000000000000000000e+00 0.000000000000000000e+00 4.215316270743405536e-01 0.000000000000000000e+00 4.565545217391304145e-01 0.000000000000000000e+00 0.000000000000000000e+00 4.733867034482759362e-01 4.471144614394131356e-01 0.000000000000000000e+00 4.393789261997674278e-01 0.000000000000000000e+00 4.352757741935484592e-01 0.000000000000000000e+00 3.851114285714285490e-01 4.405213024691358448e-01 4.151259218685113828e-01 4.914858166373503590e-01 4.386936633547034448e-01 0.000000000000000000e+00 4.086839660470492075e-01 4.705710598290597790e-01 4.074570000000000691e-01 0.000000000000000000e+00 4.255912428188023400e-01 0.000000000000000000e+00 4.468266445720003865e-01 5.212287758707289109e-01 3.764314089327214230e-01 4.683594168114761924e-01 3.719995305145631925e-01 4.717367230661730915e-01 3.760928779910140407e-01 0.000000000000000000e+00 3.540917715856884973e-01 4.665664173546740234e-01 4.059004619800243852e-01 0.000000000000000000e+00 0.000000000000000000e+00 0.000000000000000000e+00 3.910157819321319339e-01 0.000000000000000000e+00 0.000000000000000000e+00 0.000000000000000000e+00 3.571106139862872952e-01 0.000000000000000000e+00 3.859835089820359832e-01 0.000000000000000000e+00 4.109960077477334828e-01 4.700968854673447939e-01 4.272955983437091709e-01 4.248437038953274403e-01 4.371222647671116346e-01 0.000000000000000000e+00 4.764424700874020369e-01 0.000000000000000000e+00 0.000000000000000000e+00 4.113146046511628184e-01 0.000000000000000000e+00 0.000000000000000000e+00 0.000000000000000000e+00 0.000000000000000000e+00 4.259047071519146965e-01 0.000000000000000000e+00 4.265525154676049202e-01 0.000000000000000000e+00 4.943612523364485645e-01 0.000000000000000000e+00 0.000000000000000000e+00 0.000000000000000000e+00 0.000000000000000000e+00 0.000000000000000000e+00 4.095293791501857794e-01 0.000000000000000000e+00 0.000000000000000000e+00
3.458586511627907423e-01 0.000000000000000000e+00 1.837964153105876575e-01 4.198547914503535927e-01 1.869945526997934537e-01 4.417849264234936513e-01 3.004713305567023873e-01 4.034358386938201591e-01 2.315656975003935469e-01 4.157719182522784940e-01 2.994186730769230476e-01 0.000000000000000000e+00 3.294857856670201923e-01 0.000000000000000000e+00 2.621382812365368742e-01 0.000000000000000000e+00 0.000000000000000000e+00 0.000000000000000000e+00 3.152710317460317158e-01 0.000000000000000000e+00 3.179637216541353339e-01 3.800613749999999791e-01 2.042103130987539261e-01 4.380924122398588971e-01 2.020938533439308737e-01 4.083669984616593029e-01 2.306009692843909997e-01 4.056211115588498339e-01 3.303280283628474701e-01 0.000000000000000000e+00 3.158156944075513617e-01 4.376564261585590421e-01 3.251448985507246481e-01 0.000000000000000000e+00 0.000000000000000000e+00 0.000000000000000000e+00 0.000000000000000000e+00 0.000000000000000000e+00 0.000000000000000000e+00 0.000000000000000000e+00 0.000000000000000000e+00 0.000000000000000000e+00 0.000000000000000000e+00 0.000000000000000000e+00 4.547661079136690598e-01 0.000000000000000000e+00 4.100523434343433804e-01 0.000000000000000000e+00 4.347416176587300951e-01 0.000000000000000000e+00 4.831396551724137511e-01 0.000000000000000000e+00 0.000000000000000000e+00 0.000000000000000000e+00 0.000000000000000000e+00 0.000000000000000000e+00 3.813982933262773933e-01 0.000000000000000000e+00 3.930082500778088739e-01 0.000000000000000000e+00 0.000000000000000000e+00 0.000000000000000000e+00 3.793944782608695276e-01 0.000000000000000000e+00 3.776007562847259469e-01 0.000000000000000000e+00 0.000000000000000000e+00 0.000000000000000000e+00 3.737208661417322220e-01 0.000000000000000000e+00 3.443873423697161318e-01 4.038289364228300204e-01 3.181657305028200433e-01 0.000000000000000000e+00 3.481779736842105510e-01 0.000000000000000000e+00 3.380386318841748783e-01 0.000000000000000000e+00 0.000000000000000000e+00 0.000000000000000000e+00 4.146697866666666510e-01 0.000000000000000000e+00 3.985109591836734633e-01 0.000000000000000000e+00 3.463057058823529877e-01 0.000000000000000000e+00 3.936206022077921585e-01 0.000000000000000000e+00 3.709911125877734528e-01 0.000000000000000000e+00 3.780575275243591715e-01 0.000000000000000000e+00 0.000000000000000000e+00 0.000000000000000000e+00 0.000000000000000000e+00 0.000000000000000000e+00 0.000000000000000000e+00 0.000000000000000000e+00 3.728862066666666641e-01 0.000000000000000000e+00 3.591382986111111286e-01 0.000000000000000000e+00 3.768654865481076977e-01 4.617390568493149883e-01 3.825173484986812422e-01 0.000000000000000000e+00 0.000000000000000000e+00 0.000000000000000000e+00 0.000000000000000000e+00 0.000000000000000000e+00 0.000000000000000000e+00 0.000000000000000000e+00 0.000000000000000000e+00 0.000000000000000000e+00 0.000000000000000000e+00 0.000000000000000000e+00
0.000000000000000000e+00 3.294659459459459150e-01 4.014220207117842332e-01 2.148645849230111926e-01 4.417849264234936513e-01 1.836087006230729679e-01 4.169027853333333034e-01 2.864518620067543209e-01 3.894611839080459603e-01 2.763919932677657010e-01 0.000000000000000000e+00 0.000000000000000000e+00 0.000000000000000000e+00 0.000000000000000000e+00 0.000000000000000000e+00 2.565868003746942794e-01 0.000000000000000000e+00 0.000000000000000000e+00 4.199149256198347335e-01 3.544435824685860936e-01 0.000000000000000000e+00 1.866503157225254395e-01 4.085893204757359842e-01 1.749315445440883798e-01 4.096366075904834259e-01 2.131868076018831604e-01 4.114746869361844417e-01 2.450751493438596551e-01 0.000000000000000000e+00 3.347326531428420626e-01 3.949201945592354934e-01 3.308083953022304402e-01 0.000000000000000000e+00 3.375679348793822476e-01 0.000000000000000000e+00 0.000000000000000000e+00 0.000000000000000000e+00 3.886883551562343997e-01 0.000000000000000000e+00 0.000000000000000000e+00 0.000000000000000000e+00 0.000000000000000000e+00 0.000000000000000000e+00 0.000000000000000000e+00 0.000000000000000000e+00 0.000000000000000000e+00 0.000000000000000000e+00 4.905537844827586036e-01 0.000000000000000000e+00 0.000000000000000000e+00 0.000000000000000000e+00 3.145522805661578047e-01 0.000000000000000000e+00 4.851314952380952894e-01 0.000000000000000000e+00 0.000000000000000000e+00 0.000000000000000000e+00 4.082457469337075207e-01 4.852288691099477247e-01 0.000000000000000000e+00 0.000000000000000000e+00 0.000000000000000000e+00 0.000000000000000000e+00 3.595582543354536309e-01 0.000000000000000000e+00 3.434168840076825546e-01 0.000000000000000000e+00 4.550388241071428030e-01 0.000000000000000000e+00 4.533026962616821809e-01 4.599132863662989124e-01 3.282930636322998752e-01 0.000000000000000000e+00 3.192238674697285283e-01 0.000000000000000000e+00 3.139591183197015800e-01 0.000000000000000000e+00 3.453316655479265473e-01 0.000000000000000000e+00 0.000000000000000000e+00 0.000000000000000000e+00 4.148293563218391489e-01 0.000000000000000000e+00 0.000000000000000000e+00 0.000000000000000000e+00 3.881772371811420541e-01 0.000000000000000000e+00 0.000000000000000000e+00 0.000000000000000000e+00 3.777276130132299348e-01 0.000000000000000000e+00 0.000000000000000000e+00 0.000000000000000000e+00 0.000000000000000000e+00 0.000000000000000000e+00 0.000000000000000000e+00 0.000000000000000000e+00 0.000000000000000000e+00 4.089051386861313753e-01 0.000000000000000000e+00 0.000000000000000000e+00 0.000000000000000000e+00 3.708768644067796938e-01 0.000000000000000000e+00 0.000000000000000000e+00 0.000000000000000000e+00 0.000000000000000000e+00 0.000000000000000000e+00 0.000000000000000000e+00 0.000000000000000000e+00 0.000000000000000000e+00 0.000000000000000000e+00 0.000000000000000000e+00 0.000000000000000000e+00 0.000000000000000000e+00 0.000000000000000000e+00
3.258876472403664515e-01 4.680258463985643713e-01 3.065267992647058293e-01 4.364139275984263433e-01 3.004713305567023873e-01 4.169027853333333034e-01 2.716132293906695083e-01 4.408891335359830244e-01 2.790627499405277656e-01 0.000000000000000000e+00 3.391869397821740129e-01 4.453559127855538646e-01 2.883205915144934073e-01 4.345893596777077317e-01 3.530796650977197637e-01 0.000000000000000000e+00 3.931157546260740654e-01 4.759627085656226164e-01 3.962367700313128016e-01 4.829294256417015485e-01 0.000000000000000000e+00 0.000000000000000000e+00 3.473984669485030707e-01 4.181318354933101222e-01 2.805817084059993305e-01 0.000000000000000000e+00 3.697345263157894579e-01 0.000000000000000000e+00 3.547710561082061953e-01 4.569426487287492900e-01 3.511202346166574784e-01 4.130751402166055186e-01 4.156991774637092685e-01 4.679961397431378067e-01 4.347205617977527581e-01 0.000000000000000000e+00 4.358478496015036341e-01 5.225062664518438371e-01 0.000000000000000000e+00 0.000000000000000000e+00 3.805446832564065018e-01 0.000000000000000000e+00 0.000000000000000000e+00 0.000000000000000000e+00 4.045774197955974705e-01 0.000000000000000000e+00 3.865994333333332977e-01 0.000000000000000000e+00 3.961109033568292470e-01 0.000000000000000000e+00 3.813488966814511105e-01 4.766818523489932402e-01 0.000000000000000000e+00 0.000000000000000000e+00 4.074770383077841451e-01 0.000000000000000000e+00 3.898260779719404101e-01 0.000000000000000000e+00 4.074393646723045159e-01 0.000000000000000000e+00 4.033247703177139099e-01 4.013429626865671618e-01 3.852844125829480437e-01 0.000000000000000000e+00 4.017128217698716086e-01 0.000000000000000000e+00 4.221737433677474893e-01 0.000000000000000000e+00 4.188506743616855488e-01 4.637926172839506589e-01 3.282468563276581541e-01 4.691354551559518971e-01 3.597815627271203631e-01 4.652323755698921093e-01 3.552583806197623373e-01 0.000000000000000000e+00 3.865021877325079402e-01 4.154422850881614449e-01 3.638699866666667004e-01 0.000000000000000000e+00 3.903900107363174055e-01 0.000000000000000000e+00 0.000000000000000000e+00 0.000000000000000000e+00 3.970685490548018226e-01 0.000000000000000000e+00 4.118452126099151900e-01 0.000000000000000000e+00 3.980898857584226347e-01 0.000000000000000000e+00 4.215856420440193264e-01 4.222254424084341817e-01 4.257940719424460063e-01 4.330088281249999671e-01 4.731855668575447038e-01 0.000000000000000000e+00 0.000000000000000000e+00 0.000000000000000000e+00 4.384311592920354106e-01 0.000000000000000000e+00 0.000000000000000000e+00 0.000000000000000000e+00 4.314441126823985728e-01 4.355763288704591618e-01 4.302446249999999917e-01 4.310724545454545087e-01 0.000000000000000000e+00 4.251499384615384791e-01 0.000000000000000000e+00 0.000000000000000000e+00 0.000000000000000000e+00 0.000000000000000000e+00 0.000000000000000000e+00 4.214221600000000456e-01 0.000000000000000000e+00 0.000000000000000000e+00
4.673706286877098437e-01 3.505064165704486756e-01 4.500756319362061997e-01 3.138078283016825232e-01 4.034358386938201591e-01 2.864518620067543209e-01 4.408891335359830244e-01 2.503541495333010958e-01 4.159073404285510978e-01 2.585176112038509166e-01 4.752913645295467893e-01 3.067575583275910511e-01 4.068491919170384996e-01 2.707291069428215402e-01 0.000000000000000000e+00 2.953078042071139997e-01 4.634958815358641293e-01 4.089006305580636935e-01 4.778878502000277750e-01 3.774582137941669968e-01 0.000000000000000000e+00 0.000000000000000000e+00 4.318842854463013636e-01 3.426665523847482464e-01 0.000000000000000000e+00 2.893421603002069853e-01 0.000000000000000000e+00 0.000000000000000000e+00 4.750201125257300094e-01 3.484137776310869405e-01 4.122722089077823782e-01 3.385956696644693009e-01 4.618509715722793896e-01 3.879793189040621204e-01 4.562878039215685910e-01 3.999186470352564249e-01 0.000000000000000000e+00 4.302097956825205460e-01 0.000000000000000000e+00 4.500892701928070339e-01 0.000000000000000000e+00 0.000000000000000000e+00 0.000000000000000000e+00 3.944941223021582455e-01 0.000000000000000000e+00 4.219464655444247203e-01 0.000000000000000000e+00 0.000000000000000000e+00 0.000000000000000000e+00 4.001895210974816819e-01 0.000000000000000000e+00 3.871843603394931055e-01 0.000000000000000000e+00 3.965812261682243323e-01 0.000000000000000000e+00 3.943464283739568366e-01 5.334309911504424573e-01 3.961737153389732757e-01 4.707266362492941170e-01 4.163940592293779996e-01 4.852849421487602788e-01 3.753429918128973752e-01 0.000000000000000000e+00 4.024767865958613355e-01 0.000000000000000000e+00 3.885018891145256004e-01 4.774521457707707750e-01 4.274391944400515730e-01 4.779066288636363291e-01 0.000000000000000000e+00 4.293803592436974959e-01 3.272667624962151134e-01 4.570443252149655189e-01 3.651065918660371667e-01 0.000000000000000000e+00 3.246218971751412274e-01 4.556140634224161712e-01 3.668812291428262817e-01 0.000000000000000000e+00 0.000000000000000000e+00 0.000000000000000000e+00 4.109483498488057940e-01 0.000000000000000000e+00 0.000000000000000000e+00 4.661289076923076924e-01 4.045954226233909323e-01 0.000000000000000000e+00 0.000000000000000000e+00 0.000000000000000000e+00 4.145923854685096832e-01 0.000000000000000000e+00 3.917308308586762156e-01 3.693587194244604688e-01 0.000000000000000000e+00 4.020186947101307973e-01 0.000000000000000000e+00 0.000000000000000000e+00 0.000000000000000000e+00 4.135227719298245619e-01 0.000000000000000000e+00 0.000000000000000000e+00 0.000000000000000000e+00 0.000000000000000000e+00 3.909407936507936498e-01 0.000000000000000000e+00 0.000000000000000000e+00 0.000000000000000000e+00 0.000000000000000000e+00 0.000000000000000000e+00 0.000000000000000000e+00 4.480273553719008595e-01 0.000000000000000000e+00 0.000000000000000000e+00 3.896845694444445174e-01 0.000000000000000000e+00 0.000000000000000000e+00
3.496624249724636369e-01 0.000000000000000000e+00 2.529627125016349343e-01 4.239304936107262667e-01 2.315656975003935469e-01 3.894611839080459603e-01 2.790627499405277656e-01 4.159073404285510978e-01 2.624726703102052139e-01 0.000000000000000000e+00 3.387339975222964372e-01 0.000000000000000000e+00 3.368518074414995622e-01 0.000000000000000000e+00 2.772644518815465253e-01 0.000000000000000000e+00 0.000000000000000000e+00 4.676885853658536152e-01 3.835241326699834197e-01 4.475835378787877961e-01 0.000000000000000000e+00 3.130708181818182556e-01 3.280005412241596141e-01 4.205140469879518617e-01 2.904555429580472081e-01 4.102238776869201464e-01 2.719091111111111569e-01 4.619018550724637850e-01 3.387570706692526468e-01 0.000000000000000000e+00 3.416382740874363000e-01 3.827769075962826895e-01 0.000000000000000000e+00 4.406759411764705758e-01 0.000000000000000000e+00 0.000000000000000000e+00 0.000000000000000000e+00 0.000000000000000000e+00 0.000000000000000000e+00 0.000000000000000000e+00 0.000000000000000000e+00 0.000000000000000000e+00 0.000000000000000000e+00 0.000000000000000000e+00 0.000000000000000000e+00 0.000000000000000000e+00 0.000000000000000000e+00 0.000000000000000000e+00 0.000000000000000000e+00 0.000000000000000000e+00 0.000000000000000000e+00 0.000000000000000000e+00 0.000000000000000000e+00 0.000000000000000000e+00 0.000000000000000000e+00 0.000000000000000000e+00 3.711886463159880800e-01 0.000000000000000000e+00 0.000000000000000000e+00 0.000000000000000000e+00 3.789515321100916934e-01 0.000000000000000000e+00 3.789861981456043027e-01 0.000000000000000000e+00 3.904368469156762611e-01 0.000000000000000000e+00 3.834000445135890001e-01 0.000000000000000000e+00 3.905330624287992602e-01 0.000000000000000000e+00 3.069937560506293406e-01 4.955633695652173487e-01 3.352724508909614709e-01 3.766001904761904773e-01 3.138144564102563483e-01 0.000000000000000000e+00 3.534265912676147758e-01 0.000000000000000000e+00 0.000000000000000000e+00 0.000000000000000000e+00 3.698463203965053347e-01 0.000000000000000000e+00 0.000000000000000000e+00 0.000000000000000000e+00 3.822288817942819938e-01 0.000000000000000000e+00 0.000000000000000000e+00 0.000000000000000000e+00 3.772359050290989280e-01 0.000000000000000000e+00 0.000000000000000000e+00 0.000000000000000000e+00 0.000000000000000000e+00 0.000000000000000000e+00 0.000000000000000000e+00 0.000000000000000000e+00 0.000000000000000000e+00 0.000000000000000000e+00 0.000000000000000000e+00 0.000000000000000000e+00 0.000000000000000000e+00 0.000000000000000000e+00 4.011991794942783018e-01 3.763655952380952074e-01 0.000000000000000000e+00 0.000000000000000000e+00 0.000000000000000000e+00 0.000000000000000000e+00 0.000000000000000000e+00 0.000000000000000000e+00 0.000000000000000000e+00 0.000000000000000000e+00 0.000000000000000000e+00 0.000000000000000000e+00 0.000000000000000000e+00 0.000000000000000000e+00
0.000000000000000000e+00 3.740597851537644791e-01 4.132793713829954751e-01 3.036765117097502964e-01 4.157719182522784940e-01 2.763919932677657010e-01 0.000000000000000000e+00 2.585176112038509166e-01 0.000000000000000000e+00 2.125493163342656866e-01 0.000000000000000000e+00 3.341251381337467241e-01 4.019217415730336751e-01 3.230921199571326619e-01 0.000000000000000000e+00 3.063158586096675351e-01 0.000000000000000000e+00 3.951442212464199577e-01 3.408653714285714287e-01 3.900287313442785120e-01 0.000000000000000000e+00 0.000000000000000000e+00 4.131639930534290461e-01 3.337447964363814967e-01 4.193397934523809822e-01 0.000000000000000000e+00 0.000000000000000000e+00 2.822634085440317020e-01 0.000000000000000000e+00 3.336278602167584983e-01 3.943001891288163141e-01 3.292799130610806202e-01 3.931090273855891160e-01 3.256068100629874174e-01 0.000000000000000000e+00 0.000000000000000000e+00 0.000000000000000000e+00 3.901602374113342098e-01 0.000000000000000000e+00 0.000000000000000000e+00 0.000000000000000000e+00 0.000000000000000000e+00 0.000000000000000000e+00 0.000000000000000000e+00 0.000000000000000000e+00 4.505154242424242450e-01 0.000000000000000000e+00 4.315631776356508853e-01 0.000000000000000000e+00 0.000000000000000000e+00 0.000000000000000000e+00 3.404283898233810834e-01 0.000000000000000000e+00 0.000000000000000000e+00 0.000000000000000000e+00 3.389205321520584180e-01 0.000000000000000000e+00 3.819151468818515194e-01 0.000000000000000000e+00 3.771050603448275473e-01 0.000000000000000000e+00 0.000000000000000000e+00 0.000000000000000000e+00 3.665532786885246086e-01 0.000000000000000000e+00 0.000000000000000000e+00 0.000000000000000000e+00 4.120127079646018209e-01 0.000000000000000000e+00 0.000000000000000000e+00 4.531983324318538675e-01 3.040325942492169697e-01 0.000000000000000000e+00 3.353652325690368308e-01 0.000000000000000000e+00 3.446583985953966534e-01 3.276513548387096630e-01 3.567358608863505642e-01 0.000000000000000000e+00 0.000000000000000000e+00 0.000000000000000000e+00 3.699366084395170895e-01 0.000000000000000000e+00 0.000000000000000000e+00 0.000000000000000000e+00 3.554543750327992524e-01 0.000000000000000000e+00 0.000000000000000000e+00 0.000000000000000000e+00 3.852045269507102243e-01 0.000000000000000000e+00 0.000000000000000000e+00 0.000000000000000000e+00 0.000000000000000000e+00 0.000000000000000000e+00 0.000000000000000000e+00 0.000000000000000000e+00 0.000000000000000000e+00 0.000000000000000000e+00 0.000000000000000000e+00 0.000000000000000000e+00 0.000000000000000000e+00 0.000000000000000000e+00 4.392028770491803180e-01 0.000000000000000000e+00 0.000000000000000000e+00 0.000000000000000000e+00 0.000000000000000000e+00 0.000000000000000000e+00 0.000000000000000000e+00 0.000000000000000000e+00 0.000000000000000000e+00 0.000000000000000000e+00 0.000000000000000000e+00 0.000000000000000000e+00 0.000000000000000000e+00
2.884764684475308316e-01 0.000000000000000000e+00 4.018675608632237273e-01 4.747472759596430558e-01 2.994186730769230476e-01 0.000000000000000000e+00 3.391869397821740129e-01 4.752913645295467893e-01 3.387339975222964372e-01 0.000000000000000000e+00 2.640783412574340128e-01 4.676008581933366881e-01 3.133434218801866566e-01 4.635690123456789880e-01 3.542211746819846629e-01 0.000000000000000000e+00 3.417303400884523223e-01 0.000000000000000000e+00 4.140291637009718140e-01 4.618981185713963433e-01 0.000000000000000000e+00 0.000000000000000000e+00 3.948984806427188743e-01 4.391844952311372285e-01 0.000000000000000000e+00 0.000000000000000000e+00 0.000000000000000000e+00 0.000000000000000000e+00 3.842775134489804234e-01 0.000000000000000000e+00 0.000000000000000000e+00 4.672146521739130032e-01 3.983963448452004230e-01 4.509246773276474607e-01 0.000000000000000000e+00 0.000000000000000000e+00 4.429482849577645043e-01 0.000000000000000000e+00 0.000000000000000000e+00 0.000000000000000000e+00 0.000000000000000000e+00 0.000000000000000000e+00 0.000000000000000000e+00 0.000000000000000000e+00 0.000000000000000000e+00 0.000000000000000000e+00 0.000000000000000000e+00 0.000000000000000000e+00 4.530154293563579682e-01 0.000000000000000000e+00 4.303824981208348444e-01 0.000000000000000000e+00 0.000000000000000000e+00 0.000000000000000000e+00 4.249545392632151919e-01 0.000000000000000000e+00 3.701095844714599181e-01 4.682798346456693572e-01 4.072428072215508177e-01 4.863635248226950702e-01 4.212851713574269352e-01 0.000000000000000000e+00 4.289356392415405450e-01 0.000000000000000000e+00 4.267600063777173824e-01 4.434220636942675653e-01 4.285358784882600802e-01 0.000000000000000000e+00 4.401850828571428620e-01 0.000000000000000000e+00 3.561211497226652867e-01 4.929851027517505591e-01 3.806522865165194447e-01 0.000000000000000000e+00 0.000000000000000000e+00 0.000000000000000000e+00 3.820218790457420299e-01 4.585045428571428716e-01 0.000000000000000000e+00 0.000000000000000000e+00 4.096971498143088253e-01 0.000000000000000000e+00 0.000000000000000000e+00 0.000000000000000000e+00 4.184215547467109997e-01 0.000000000000000000e+00 0.000000000000000000e+00 0.000000000000000000e+00 4.331001278955466938e-01 0.000000000000000000e+00 0.000000000000000000e+00 0.000000000000000000e+00 0.000000000000000000e+00 4.342029758064516187e-01 4.498531927710844314e-01 0.000000000000000000e+00 0.000000000000000000e+00 0.000000000000000000e+00 0.000000000000000000e+00 0.000000000000000000e+00 0.000000000000000000e+00 0.000000000000000000e+00 4.229384462809917533e-01 0.000000000000000000e+00 0.000000000000000000e+00 0.000000000000000000e+00 0.000000000000000000e+00 0.000000000000000000e+00 0.000000000000000000e+00 0.000000000000000000e+00 0.000000000000000000e+00 0.000000000000000000e+00 0.000000000000000000e+00 0.000000000000000000e+00 0.000000000000000000e+00 0.000000000000000000e+00
4.533212707971718269e-01 3.487674467945398593e-01 4.600552754516814002e-01 4.050407560502163329e-01 0.000000000000000000e+00 0.000000000000000000e+00 4.453559127855538646e-01 3.067575583275910511e-01 0.000000000000000000e+00 3.341251381337467241e-01 4.676008581933366881e-01 2.937144719522238323e-01 4.337754235294117855e-01 3.219589715112660677e-01 0.000000000000000000e+00 3.857614892340532342e-01 4.687383882352941789e-01 3.705450233241032176e-01 4.755650607046929546e-01 4.106530527513912454e-01 0.000000000000000000e+00 0.000000000000000000e+00 4.464309227655554047e-01 3.762466951827242445e-01 0.000000000000000000e+00 0.000000000000000000e+00 0.000000000000000000e+00 0.000000000000000000e+00 0.000000000000000000e+00 3.754503115103829947e-01 4.255586531847782017e-01 4.174716874999999661e-01 4.726779551165795623e-01 3.980594859607276548e-01 0.000000000000000000e+00 4.471271827731092552e-01 0.000000000000000000e+00 4.478800357063959514e-01 0.000000000000000000e+00 4.498032659651668430e-01 0.000000000000000000e+00 0.000000000000000000e+00 0.000000000000000000e+00 0.000000000000000000e+00 0.000000000000000000e+00 4.099466132075472169e-01 0.000000000000000000e+00 0.000000000000000000e+00 0.000000000000000000e+00 4.342432615384615446e-01 0.000000000000000000e+00 3.840913952023640165e-01 0.000000000000000000e+00 3.971838854166666599e-01 0.000000000000000000e+00 3.551246413043477324e-01 0.000000000000000000e+00 3.948481332465783589e-01 4.899482301587301802e-01 4.526965372540476262e-01 0.000000000000000000e+00 3.776519308784195839e-01 0.000000000000000000e+00 3.799805561497447970e-01 0.000000000000000000e+00 3.926034106490285946e-01 4.663073495934959012e-01 4.289881738290552970e-01 0.000000000000000000e+00 0.000000000000000000e+00 4.455947156862745673e-01 3.514862528676363507e-01 0.000000000000000000e+00 3.756426670817490376e-01 0.000000000000000000e+00 0.000000000000000000e+00 0.000000000000000000e+00 3.944229951970965597e-01 0.000000000000000000e+00 4.303256810303667246e-01 0.000000000000000000e+00 4.099278325682395585e-01 0.000000000000000000e+00 0.000000000000000000e+00 0.000000000000000000e+00 4.228536911692143407e-01 0.000000000000000000e+00 4.038810168083251662e-01 0.000000000000000000e+00 4.430113293656762763e-01 0.000000000000000000e+00 0.000000000000000000e+00 0.000000000000000000e+00 0.000000000000000000e+00 0.000000000000000000e+00 4.425265256410256254e-01 0.000000000000000000e+00 0.000000000000000000e+00 0.000000000000000000e+00 0.000000000000000000e+00 0.000000000000000000e+00 0.000000000000000000e+00 0.000000000000000000e+00 0.000000000000000000e+00 0.000000000000000000e+00 0.000000000000000000e+00 0.000000000000000000e+00 0.000000000000000000e+00 0.000000000000000000e+00 0.000000000000000000e+00 0.000000000000000000e+00 0.000000000000000000e+00 0.000000000000000000e+00 0.000000000000000000e+00 0.000000000000000000e+00 0.000000000000000000e+00
3.645540016720160703e-01 0.000000000000000000e+00 3.617755047091368859e-01 4.422474722658352730e-01 3.294857856670201923e-01 0.000000000000000000e+00 2.883205915144934073e-01 4.068491919170384996e-01 3.368518074414995622e-01 4.019217415730336751e-01 3.133434218801866566e-01 4.337754235294117855e-01 2.543164010716097434e-01 4.343600393275969251e-01 2.436284381029600876e-01 0.000000000000000000e+00 4.054100752841555688e-01 0.000000000000000000e+00 3.934016071391150393e-01 4.351291764132554363e-01 0.000000000000000000e+00 0.000000000000000000e+00 3.613712453782884082e-01 4.256246006304084673e-01 0.000000000000000000e+00 0.000000000000000000e+00 4.583664407894736947e-01 0.000000000000000000e+00 3.457694356854439932e-01 4.251631306251887343e-01 3.660451153846153716e-01 4.152107821062757109e-01 3.861192755132292764e-01 4.558154456804552335e-01 0.000000000000000000e+00 0.000000000000000000e+00 4.048694516966396262e-01 0.000000000000000000e+00 0.000000000000000000e+00 0.000000000000000000e+00 4.149883220518244542e-01 0.000000000000000000e+00 4.665758835978836561e-01 0.000000000000000000e+00 4.118989319727890397e-01 0.000000000000000000e+00 0.000000000000000000e+00 0.000000000000000000e+00 4.512943313577995053e-01 0.000000000000000000e+00 0.000000000000000000e+00 0.000000000000000000e+00 0.000000000000000000e+00 0.000000000000000000e+00 0.000000000000000000e+00 0.000000000000000000e+00 3.839103047640017863e-01 0.000000000000000000e+00 4.194169374399014938e-01 0.000000000000000000e+00 4.095403697319502379e-01 0.000000000000000000e+00 4.025168078166880825e-01 0.000000000000000000e+00 4.144528870163948775e-01 0.000000000000000000e+00 4.256678453604815227e-01 0.000000000000000000e+00 4.165527833284160542e-01 0.000000000000000000e+00 3.002269282211594836e-01 4.526462639410503419e-01 3.555376663400533488e-01 4.567487702702702212e-01 0.000000000000000000e+00 0.000000000000000000e+00 3.728686000769879105e-01 3.664158656716417495e-01 3.726029294117647050e-01 0.000000000000000000e+00 3.910212917172536939e-01 0.000000000000000000e+00 0.000000000000000000e+00 0.000000000000000000e+00 4.054526661248908925e-01 0.000000000000000000e+00 3.941547450980392719e-01 0.000000000000000000e+00 4.129446517620753987e-01 0.000000000000000000e+00 4.388640487943192281e-01 0.000000000000000000e+00 4.030654615384615669e-01 0.000000000000000000e+00 4.397028674698794659e-01 0.000000000000000000e+00 0.000000000000000000e+00 0.000000000000000000e+00 4.114901039999999677e-01 0.000000000000000000e+00 4.313398264462809939e-01 0.000000000000000000e+00 3.999851453675603019e-01 4.122558245084103623e-01 4.109736696428571423e-01 4.360988541666666607e-01 0.000000000000000000e+00 0.000000000000000000e+00 0.000000000000000000e+00 0.000000000000000000e+00 0.000000000000000000e+00 0.000000000000000000e+00 0.000000000000000000e+00 0.000000000000000000e+00 0.000000000000000000e+00 0.000000000000000000e+00
