0.000000000000000000e+00 9.078083788259829617e-03 7.258721576179542889e-02 2.208267200331240181e-03 1.547508511296812137e-04 1.648261084555793668e-04 1.067589456633779993e-01 3.058274021352313295e-03 9.361104610344020416e-04 0.000000000000000000e+00 2.391221374045801595e-01 9.725261366399221745e-04 7.342256214149139870e-02 2.934559327007727641e-04 1.363791339924991415e-03 0.000000000000000000e+00 9.079829372333943216e-02 1.710076295711654860e-03 9.660199158197310676e-02 1.448991580184061032e-02 0.000000000000000000e+00 0.000000000000000000e+00 1.074883554281619519e-03 2.678451854827909725e-04 0.000000000000000000e+00 0.000000000000000000e+00 2.196354052273226517e-04 0.000000000000000000e+00 3.134702053079619494e-02 5.878318800822964580e-04 5.765904285988853123e-04 4.702931493964571108e-04 2.364616515559911716e-02 1.424776624003863852e-02 0.000000000000000000e+00 0.000000000000000000e+00 6.890086711975626499e-02 2.095947834187237863e-03 5.777007510109762826e-04 5.027652086475615373e-04 0.000000000000000000e+00 0.000000000000000000e+00 1.118818527634817586e-04 0.000000000000000000e+00 1.458257382427998470e-03 1.005833836250251477e-04 0.000000000000000000e+00 0.000000000000000000e+00 2.141041081225745959e-03 0.000000000000000000e+00 5.139226312838722152e-03 7.705347511172754385e-05 0.000000000000000000e+00 0.000000000000000000e+00 9.469696969696969960e-04 0.000000000000000000e+00 2.592136702628339839e-01 3.134141245298788236e-03 3.841931942919868392e-02 1.363411006445215592e-03 5.430770853105557072e-02 2.745367192862045204e-04 1.181029710278649197e-02 0.000000000000000000e+00 2.234409912654885394e-02 1.280409731113956362e-04 1.112668652531978268e-02 9.990841728415619360e-04 1.366746221161495578e-01 8.732099196646874242e-03 6.445344129554655965e-02 8.269433167944669752e-04 3.930238270695161212e-02 1.536098310291858678e-03 0.000000000000000000e+00 0.000000000000000000e+00 1.163441645369356209e-01 4.537329850130620082e-03 1.694915254237288086e-03 0.000000000000000000e+00 4.173019821844153529e-03 2.803476310625175271e-04 0.000000000000000000e+00 0.000000000000000000e+00 6.572769953051642820e-03 0.000000000000000000e+00 0.000000000000000000e+00 0.000000000000000000e+00 2.186389723968297158e-03 0.000000000000000000e+00 4.293893129770992578e-03 1.521491061240015262e-03 4.059539918809201495e-03 1.925545571245186214e-03 6.504065040650407192e-02 5.576208178438661449e-03 2.001334222815210305e-03 2.403846153846153980e-03 8.501594048884165283e-03 2.523128679562657798e-03 0.000000000000000000e+00 0.000000000000000000e+00 5.045140732873074768e-03 4.343105320304017566e-04 4.228329809725158740e-03 9.210930303960699912e-04 2.677376171352074865e-03 0.000000000000000000e+00 1.680672268907562952e-02 0.000000000000000000e+00 0.000000000000000000e+00 0.000000000000000000e+00 4.597701149425287293e-03 0.000000000000000000e+00 0.000000000000000000e+00 0.000000000000000000e+00
9.078083788259829617e-03 0.000000000000000000e+00 2.444263387897193003e-03 8.370712856255606293e-02 0.000000000000000000e+00 1.648261084555793614e-03 2.576940067736710558e-03 1.861654804270462538e-01 0.000000000000000000e+00 3.182541486701522936e-03 5.725190839694656699e-04 1.654510089958667607e-01 1.912045889101338418e-04 2.288956275066027571e-02 1.704739174906239269e-04 2.933004013584439469e-03 2.031281738777168579e-03 8.747697974217311101e-02 1.396160558464223413e-02 7.607205795966320849e-02 0.000000000000000000e+00 0.000000000000000000e+00 7.165890361877462738e-04 1.205303334672559214e-03 0.000000000000000000e+00 1.634788294915808329e-04 0.000000000000000000e+00 2.445585717779408296e-04 9.013520280420630418e-04 3.291858528460860078e-02 1.921968095329617437e-04 0.000000000000000000e+00 1.935800049007596266e-02 2.334379779441358646e-02 2.883922134102379076e-03 2.132196162046908275e-03 1.640496836184673120e-03 5.076851420586865615e-02 0.000000000000000000e+00 2.212166918049271111e-02 0.000000000000000000e+00 1.617250673854447526e-02 0.000000000000000000e+00 8.320852055250457801e-05 2.430428970713330783e-04 7.040836853751759796e-04 0.000000000000000000e+00 1.280737704918032854e-04 0.000000000000000000e+00 3.714486497339624695e-03 9.344047841524948702e-05 7.628294036061026434e-03 0.000000000000000000e+00 3.709198813056379957e-04 0.000000000000000000e+00 2.715546503733876548e-04 1.520527116066903300e-03 2.446023122997632027e-01 6.586169045005488927e-04 5.131383242439266357e-02 6.327111673521037399e-04 5.367192862045298829e-02 1.845358922310389371e-04 1.938357813628702186e-02 6.093845216331505521e-04 4.135723431498079111e-02 1.051340459085333768e-03 8.325701440346349250e-03 1.177406523468575890e-02 3.527768075445337354e-02 8.906882591093117458e-04 4.480529243722748689e-02 1.596659297469909221e-03 3.955453149001535856e-02 0.000000000000000000e+00 0.000000000000000000e+00 3.164171838870633892e-03 5.733534992437783889e-02 0.000000000000000000e+00 7.112375533428165345e-04 0.000000000000000000e+00 3.177273152041865199e-03 0.000000000000000000e+00 2.951096121416525980e-03 5.868544600938966997e-05 7.733083879014655306e-03 0.000000000000000000e+00 3.629764065335752926e-04 1.366493577480185724e-04 4.550746110699544628e-03 0.000000000000000000e+00 4.944845949030049655e-03 9.021199819576003563e-04 4.813863928112965644e-03 8.130081300813008990e-03 8.178438661710037139e-02 0.000000000000000000e+00 2.403846153846153980e-03 0.000000000000000000e+00 8.410428931875525704e-03 0.000000000000000000e+00 8.635578583765111862e-04 0.000000000000000000e+00 3.040173724212812296e-03 0.000000000000000000e+00 3.070310101320233159e-03 0.000000000000000000e+00 7.001166861143524184e-03 4.201680672268907381e-03 0.000000000000000000e+00 1.112347052280311449e-03 1.845018450184501791e-03 5.747126436781609116e-03 2.669039145907473390e-03 1.160092807424593919e-03 0.000000000000000000e+00
7.258721576179542889e-02 2.444263387897193003e-03 0.000000000000000000e+00 4.071492650610723622e-03 5.818632002476013809e-02 1.813087193011373062e-03 2.910469739360919128e-01 5.949733096085409179e-03 8.939854902878539844e-02 2.273243919072516321e-03 2.843511450381679476e-02 2.188183807439824866e-03 5.449330783938814704e-02 3.423652548175682483e-03 4.636890555744971332e-02 2.161160852114850112e-03 1.218769043266301061e-02 3.946329913180741901e-04 1.327379119186941903e-01 3.230859604464460678e-03 1.746216530849825340e-03 3.880481179666278352e-04 1.840439507942195074e-01 5.490826302397214774e-03 2.424114671163575194e-02 2.452182442373712547e-03 2.679551943773336373e-02 2.445585717779408296e-04 3.485227841762644080e-02 1.959439600274321455e-03 2.844512781087834077e-02 1.442232324815801922e-02 1.703013967164910408e-02 6.117684939225629531e-03 6.488824801730352920e-03 0.000000000000000000e+00 1.992031872509960125e-02 9.315323707498835912e-04 1.155401502021952565e-03 0.000000000000000000e+00 1.700680272108843474e-03 0.000000000000000000e+00 4.475274110539270342e-04 0.000000000000000000e+00 1.822821728034998250e-03 1.005833836250251477e-04 3.533568904593639422e-04 0.000000000000000000e+00 2.274856148802355000e-03 0.000000000000000000e+00 2.429452438796486473e-03 1.541069502234550877e-04 3.589375448671931214e-04 0.000000000000000000e+00 3.787878787878787876e-04 0.000000000000000000e+00 5.068423720223010423e-03 4.178854993731717757e-04 1.624588364434687016e-02 0.000000000000000000e+00 2.847200253084466830e-03 1.372683596431022602e-04 2.029894814541428200e-03 1.203948952564411234e-04 4.671947999187487169e-03 0.000000000000000000e+00 1.682144734536534028e-02 1.665140288069269893e-04 7.955449482895783977e-03 5.239259517988124632e-04 3.902834008097166157e-02 1.879416629078333985e-03 6.902480962908376372e-02 3.552227342549923138e-03 6.410256410256409687e-02 0.000000000000000000e+00 6.462212486308871462e-02 3.712360786470507261e-03 0.000000000000000000e+00 0.000000000000000000e+00 9.630045742717277708e-04 9.344921035417250903e-05 3.580379520229144555e-04 4.215851602023608542e-04 1.467136150234741709e-03 6.236357966947302491e-05 0.000000000000000000e+00 0.000000000000000000e+00 6.832467887400929703e-04 0.000000000000000000e+00 4.770992366412213554e-04 3.803727653100037829e-03 1.353179972936400643e-03 1.604621309370988548e-03 2.032520325203251987e-02 1.858736059479553816e-03 6.671114076050699932e-04 0.000000000000000000e+00 1.062699256110520660e-03 5.887300252312868340e-03 0.000000000000000000e+00 0.000000000000000000e+00 2.655337227827933946e-04 0.000000000000000000e+00 1.409443269908386247e-03 0.000000000000000000e+00 0.000000000000000000e+00 0.000000000000000000e+00 4.201680672268907381e-03 0.000000000000000000e+00 0.000000000000000000e+00 0.000000000000000000e+00 1.149425287356321823e-03 0.000000000000000000e+00 0.000000000000000000e+00 0.000000000000000000e+00
2.208267200331240181e-03 8.370712856255606293e-02 4.071492650610723622e-03 0.000000000000000000e+00 1.083255957907768496e-03 2.538322070215922113e-02 6.479163598880871566e-03 2.799154804270462815e-01 7.020828457758015312e-04 2.864287338031370686e-02 1.145038167938931340e-03 2.698760029175784059e-02 2.676864244741873622e-03 4.362711532818155241e-02 3.750426184793726608e-03 2.794072244519913567e-02 6.093845216331505521e-04 1.091817942646671966e-02 5.440919823426752788e-03 1.703544155081261058e-01 0.000000000000000000e+00 7.760962359332556704e-04 7.404753373940045624e-03 1.960626757734029724e-01 4.215851602023608542e-03 2.893575282000980867e-02 8.785416209092906069e-04 2.690144289557348800e-03 1.502253380070105214e-03 2.890173410404624221e-02 1.076302133384585830e-02 2.131995610597272467e-02 5.268316589071305941e-03 1.980198019801980222e-02 0.000000000000000000e+00 3.553660270078180458e-03 9.374267635340988950e-04 2.561714019562179659e-02 0.000000000000000000e+00 1.508295625942684829e-03 0.000000000000000000e+00 2.425876010781671116e-02 0.000000000000000000e+00 4.160426027625228765e-04 0.000000000000000000e+00 3.017501508750754431e-04 0.000000000000000000e+00 3.842213114754098290e-04 0.000000000000000000e+00 2.108222066057624522e-03 9.344047841524948702e-05 2.619818153798736220e-03 0.000000000000000000e+00 0.000000000000000000e+00 0.000000000000000000e+00 1.357773251866938274e-04 2.172181594381290197e-04 3.830617077587407555e-03 5.488474204171240592e-04 1.846802181457610215e-02 0.000000000000000000e+00 2.333562113932738640e-03 0.000000000000000000e+00 7.223693715386467944e-04 4.062563477554336834e-04 4.609475032010243445e-03 6.132819344664446797e-04 1.107318291566064365e-02 3.182179793158313699e-04 5.413901501921061614e-03 1.943319838056680252e-03 3.570891595248834594e-02 4.912797838368951515e-03 6.288402457757295838e-02 6.410256410256410034e-03 1.212121212121212120e-02 2.920774005111354595e-03 7.108483431871304159e-02 0.000000000000000000e+00 0.000000000000000000e+00 1.605007623786213042e-04 2.803476310625175271e-04 0.000000000000000000e+00 1.686340640809443417e-03 0.000000000000000000e+00 3.118178983473651245e-04 0.000000000000000000e+00 7.259528130671505852e-04 0.000000000000000000e+00 9.524817440999047702e-04 4.770992366412213554e-04 3.803727653100038154e-04 0.000000000000000000e+00 1.283697047496790665e-03 9.146341463414633596e-03 3.903345724907063274e-02 0.000000000000000000e+00 0.000000000000000000e+00 2.125398512221041321e-03 8.410428931875525271e-04 0.000000000000000000e+00 1.727115716753022372e-03 0.000000000000000000e+00 2.171552660152008783e-04 0.000000000000000000e+00 3.070310101320233485e-04 0.000000000000000000e+00 0.000000000000000000e+00 4.201680672268907381e-03 0.000000000000000000e+00 3.337041156840934563e-03 0.000000000000000000e+00 2.298850574712643646e-03 0.000000000000000000e+00 0.000000000000000000e+00 1.355013550135501354e-03
1.547508511296812137e-04 0.000000000000000000e+00 5.818632002476013809e-02 1.083255957907768496e-03 0.000000000000000000e+00 3.626174386022746124e-03 2.945074363127668775e-03 3.892348754448398513e-04 4.015913877837584689e-01 1.363946351443509923e-03 1.908396946564885476e-04 0.000000000000000000e+00 8.508604206500956432e-03 1.956372884671818337e-04 1.073985680190930742e-01 7.718431614695893568e-04 0.000000000000000000e+00 0.000000000000000000e+00 4.106354583718304155e-04 9.790483649892304304e-05 4.307334109429569041e-02 2.716336825766395117e-03 8.837931446315538606e-03 2.410606669345118427e-03 1.692664418212478927e-01 8.337420304070622748e-03 2.929936305732483981e-01 4.891171435558816592e-04 1.342013019529293867e-02 9.797198001371608086e-05 9.417643667115125142e-03 3.605580812039504805e-03 1.225189904435187397e-04 0.000000000000000000e+00 0.000000000000000000e+00 0.000000000000000000e+00 0.000000000000000000e+00 0.000000000000000000e+00 0.000000000000000000e+00 0.000000000000000000e+00 0.000000000000000000e+00 0.000000000000000000e+00 0.000000000000000000e+00 0.000000000000000000e+00 0.000000000000000000e+00 0.000000000000000000e+00 1.766784452296819711e-04 0.000000000000000000e+00 0.000000000000000000e+00 0.000000000000000000e+00 9.344047841524948702e-05 0.000000000000000000e+00 0.000000000000000000e+00 0.000000000000000000e+00 0.000000000000000000e+00 0.000000000000000000e+00 1.448121062920860222e-04 0.000000000000000000e+00 0.000000000000000000e+00 0.000000000000000000e+00 4.218074449014025114e-04 1.372683596431022602e-04 1.845358922310389371e-04 0.000000000000000000e+00 8.125126955108673667e-04 0.000000000000000000e+00 2.628351147713334419e-04 0.000000000000000000e+00 1.591089896579156850e-04 0.000000000000000000e+00 4.639676113360324122e-02 2.255299954894000891e-04 3.574060427413412039e-02 1.920122887864823347e-04 6.410256410256410034e-03 0.000000000000000000e+00 8.032128514056224161e-03 1.374948439433521278e-04 0.000000000000000000e+00 0.000000000000000000e+00 4.012519059465532198e-04 9.344921035417250903e-05 7.160759040458289110e-04 0.000000000000000000e+00 4.107981220657276763e-04 0.000000000000000000e+00 3.307972213033410743e-04 0.000000000000000000e+00 1.366493577480185941e-03 0.000000000000000000e+00 0.000000000000000000e+00 0.000000000000000000e+00 0.000000000000000000e+00 0.000000000000000000e+00 1.016260162601626124e-03 0.000000000000000000e+00 0.000000000000000000e+00 0.000000000000000000e+00 0.000000000000000000e+00 0.000000000000000000e+00 0.000000000000000000e+00 0.000000000000000000e+00 0.000000000000000000e+00 2.171552660152008783e-04 3.523608174770965617e-04 0.000000000000000000e+00 0.000000000000000000e+00 0.000000000000000000e+00 0.000000000000000000e+00 0.000000000000000000e+00 0.000000000000000000e+00 0.000000000000000000e+00 0.000000000000000000e+00 0.000000000000000000e+00 0.000000000000000000e+00 0.000000000000000000e+00
1.648261084555793668e-04 1.648261084555793614e-03 1.813087193011373062e-03 2.538322070215922113e-02 3.626174386022746124e-03 0.000000000000000000e+00 2.945074363127668992e-04 6.672597864768683475e-03 2.106248537327404594e-03 2.425551261650375212e-01 0.000000000000000000e+00 1.215657670799902799e-03 1.912045889101338418e-04 6.847305096351364966e-03 1.534265257415615450e-03 9.848718740351961043e-02 0.000000000000000000e+00 1.315443304393580724e-04 0.000000000000000000e+00 3.916193459956921722e-04 5.820721769499417799e-04 2.987970508343034542e-02 2.269198614594529831e-03 4.473014597562608580e-02 1.201517706576728413e-02 2.784044466241621940e-01 1.537447836591258454e-03 2.139887503056982221e-01 0.000000000000000000e+00 5.584402860781816080e-03 7.687872381318469964e-03 1.081674243611851355e-02 1.225189904435187397e-04 1.690412943733397714e-03 0.000000000000000000e+00 0.000000000000000000e+00 0.000000000000000000e+00 0.000000000000000000e+00 0.000000000000000000e+00 0.000000000000000000e+00 0.000000000000000000e+00 0.000000000000000000e+00 0.000000000000000000e+00 0.000000000000000000e+00 0.000000000000000000e+00 0.000000000000000000e+00 0.000000000000000000e+00 0.000000000000000000e+00 0.000000000000000000e+00 0.000000000000000000e+00 0.000000000000000000e+00 7.705347511172754385e-05 0.000000000000000000e+00 0.000000000000000000e+00 0.000000000000000000e+00 0.000000000000000000e+00 0.000000000000000000e+00 6.964758322886195358e-05 0.000000000000000000e+00 2.478929102627664663e-04 0.000000000000000000e+00 2.745367192862045204e-04 0.000000000000000000e+00 0.000000000000000000e+00 0.000000000000000000e+00 1.280409731113956362e-04 0.000000000000000000e+00 0.000000000000000000e+00 0.000000000000000000e+00 0.000000000000000000e+00 2.591093117408906858e-03 2.691324612840174241e-02 1.228199459592237716e-04 2.332949308755760329e-02 0.000000000000000000e+00 6.060606060606060601e-03 1.216989168796397703e-04 2.199917503093634045e-03 0.000000000000000000e+00 0.000000000000000000e+00 0.000000000000000000e+00 0.000000000000000000e+00 0.000000000000000000e+00 1.686340640809443417e-03 0.000000000000000000e+00 1.247271593389460498e-04 0.000000000000000000e+00 0.000000000000000000e+00 0.000000000000000000e+00 5.291565244999470825e-04 0.000000000000000000e+00 7.607455306200076308e-04 0.000000000000000000e+00 0.000000000000000000e+00 0.000000000000000000e+00 0.000000000000000000e+00 0.000000000000000000e+00 0.000000000000000000e+00 0.000000000000000000e+00 0.000000000000000000e+00 0.000000000000000000e+00 0.000000000000000000e+00 0.000000000000000000e+00 0.000000000000000000e+00 0.000000000000000000e+00 0.000000000000000000e+00 0.000000000000000000e+00 1.166861143523920553e-03 0.000000000000000000e+00 0.000000000000000000e+00 0.000000000000000000e+00 0.000000000000000000e+00 0.000000000000000000e+00 0.000000000000000000e+00 0.000000000000000000e+00 0.000000000000000000e+00
1.067589456633779993e-01 2.576940067736710558e-03 2.910469739360919128e-01 6.479163598880871566e-03 2.945074363127668775e-03 2.945074363127668992e-04 0.000000000000000000e+00 1.295596085409252661e-02 4.376316405335829718e-02 1.136621959536258161e-03 8.320610687022900187e-02 7.293946024799416797e-03 2.704588910133843283e-01 6.162574586716228209e-03 1.227412205932492360e-02 2.161160852114850112e-03 4.468819825309770788e-03 2.630886608787161448e-04 2.843650549224925606e-02 1.282553358135891941e-02 0.000000000000000000e+00 0.000000000000000000e+00 3.571002030335602290e-02 5.490826302397214774e-03 4.215851602023608542e-04 6.539153179663233315e-04 1.976718647045903974e-03 0.000000000000000000e+00 1.782674011016524909e-02 1.861467620260605360e-03 6.726888333653661435e-03 1.113027120238281945e-02 1.151678510169076158e-02 9.498510826692424525e-03 7.209805335255947689e-03 0.000000000000000000e+00 4.921490508554018928e-03 1.164415463437354489e-03 5.777007510109762826e-04 0.000000000000000000e+00 1.700680272108843474e-03 0.000000000000000000e+00 4.475274110539270342e-04 0.000000000000000000e+00 1.579778830963665063e-03 0.000000000000000000e+00 3.533568904593639422e-04 0.000000000000000000e+00 2.542486283955573516e-03 1.003915269551249837e-04 4.298262007101476267e-03 7.705347511172754385e-05 3.589375448671931214e-04 0.000000000000000000e+00 7.575757575757575751e-04 0.000000000000000000e+00 4.923611613930924807e-03 4.178854993731717757e-04 5.378704720087815541e-03 1.239464551313832332e-04 1.486871243277443876e-02 0.000000000000000000e+00 8.488651042627791757e-03 1.203948952564411234e-04 1.726589477960593227e-02 1.280409731113956362e-04 8.147888557911337620e-03 1.665140288069269893e-04 2.068416865552903661e-03 3.492839678658749393e-04 7.854251012145749278e-02 4.660953240114268543e-03 5.539179562760992298e-02 3.744239631336405364e-03 7.051282051282051211e-02 0.000000000000000000e+00 4.758427649993914738e-02 6.049773133507493732e-03 8.474576271186440432e-04 0.000000000000000000e+00 1.364256480218281045e-03 0.000000000000000000e+00 0.000000000000000000e+00 0.000000000000000000e+00 7.335680751173708977e-03 6.236357966947302491e-05 6.615944426066821486e-04 0.000000000000000000e+00 3.826182016944520460e-03 1.058313048999894219e-04 9.541984732824427108e-04 1.521491061240015262e-03 4.510599909788001781e-04 6.418485237483953325e-04 1.016260162601625994e-02 1.858736059479553816e-03 0.000000000000000000e+00 0.000000000000000000e+00 0.000000000000000000e+00 1.682085786375105054e-03 0.000000000000000000e+00 0.000000000000000000e+00 0.000000000000000000e+00 0.000000000000000000e+00 3.523608174770965617e-04 3.070310101320233485e-04 0.000000000000000000e+00 0.000000000000000000e+00 2.100840336134453951e-02 0.000000000000000000e+00 0.000000000000000000e+00 0.000000000000000000e+00 2.298850574712643646e-03 0.000000000000000000e+00 0.000000000000000000e+00 0.000000000000000000e+00
3.058274021352313295e-03 1.861654804270462538e-01 5.949733096085409179e-03 2.799154804270462815e-01 3.892348754448398513e-04 6.672597864768683475e-03 1.295596085409252661e-02 0.000000000000000000e+00 1.170138076293002552e-03 7.569902250511480191e-02 2.862595419847328241e-03 1.191344517383904761e-01 5.736137667304015524e-03 2.501222733052919645e-01 2.727582679849982830e-03 2.562519296079036890e-02 1.625025391021734733e-03 7.892659826361484235e-03 8.623344625808437858e-03 2.917564127667906723e-02 0.000000000000000000e+00 0.000000000000000000e+00 1.242087662725427019e-02 2.598098299183072141e-02 2.318718381112984915e-03 3.760013078306359210e-03 8.785416209092906069e-04 7.336757153338224887e-04 2.003004506760139997e-03 2.125991966297638772e-02 1.768210647703248248e-02 1.128703558551497066e-02 6.983582455280568785e-03 6.600660066006600740e-03 0.000000000000000000e+00 3.553660270078180458e-03 1.874853527068197790e-03 7.219375873311597615e-03 0.000000000000000000e+00 5.027652086475615373e-04 0.000000000000000000e+00 0.000000000000000000e+00 0.000000000000000000e+00 8.320852055250457801e-05 0.000000000000000000e+00 8.046670690002011815e-04 0.000000000000000000e+00 1.280737704918032854e-04 0.000000000000000000e+00 4.015661078204999131e-03 1.868809568304989740e-04 1.086453999075358279e-02 0.000000000000000000e+00 1.854599406528189979e-04 0.000000000000000000e+00 5.431093007467753097e-04 0.000000000000000000e+00 7.730881738403677823e-03 4.390779363336992256e-04 1.065939514129895897e-02 3.163555836760518700e-04 1.386410432395332806e-02 0.000000000000000000e+00 5.538165181796291837e-03 0.000000000000000000e+00 3.521126760563380448e-02 1.138952164009111563e-03 5.578219965032053980e-03 1.591089896579156850e-04 1.222493887530562342e-03 5.587044534412955073e-03 1.109607577807848466e-01 8.474576271186440649e-03 4.301075268817204644e-02 6.410256410256410034e-03 1.212121212121212120e-02 8.762322015334063352e-03 4.399835006187267916e-02 8.474576271186440432e-04 1.422475106685633069e-03 1.605007623786213042e-04 1.868984207083450181e-03 3.580379520229144555e-04 0.000000000000000000e+00 5.868544600938966997e-05 6.298721546616775462e-03 0.000000000000000000e+00 7.259528130671505852e-04 0.000000000000000000e+00 5.185733940099481430e-03 0.000000000000000000e+00 1.141118295930011392e-03 0.000000000000000000e+00 3.209242618741976662e-04 5.081300813008129968e-03 1.115241635687732290e-02 0.000000000000000000e+00 0.000000000000000000e+00 0.000000000000000000e+00 1.682085786375105054e-03 0.000000000000000000e+00 0.000000000000000000e+00 2.655337227827933946e-04 8.686210640608035133e-04 3.523608174770965617e-04 3.070310101320233485e-04 0.000000000000000000e+00 0.000000000000000000e+00 0.000000000000000000e+00 0.000000000000000000e+00 0.000000000000000000e+00 0.000000000000000000e+00 0.000000000000000000e+00 0.000000000000000000e+00 0.000000000000000000e+00 0.000000000000000000e+00
9.361104610344020416e-04 0.000000000000000000e+00 8.939854902878539844e-02 7.020828457758015312e-04 4.015913877837584689e-01 2.106248537327404594e-03 4.376316405335829718e-02 1.170138076293002552e-03 0.000000000000000000e+00 2.045919527165264776e-03 3.816793893129770952e-04 1.215657670799902718e-04 3.766730401529636701e-02 1.956372884671818337e-04 1.072280941016024586e-01 6.174745291756715071e-04 0.000000000000000000e+00 0.000000000000000000e+00 2.053177291859152077e-04 0.000000000000000000e+00 6.402793946449359362e-03 0.000000000000000000e+00 1.194315060312910529e-03 1.607071112896745618e-03 6.745362563237773668e-03 2.288703612882131769e-03 5.468921590160333995e-02 0.000000000000000000e+00 7.310966449674511508e-03 0.000000000000000000e+00 2.882952142994426453e-03 2.664994513246590584e-03 0.000000000000000000e+00 0.000000000000000000e+00 0.000000000000000000e+00 0.000000000000000000e+00 0.000000000000000000e+00 2.328830926874708978e-04 1.155401502021952565e-03 0.000000000000000000e+00 0.000000000000000000e+00 0.000000000000000000e+00 0.000000000000000000e+00 0.000000000000000000e+00 0.000000000000000000e+00 0.000000000000000000e+00 1.766784452296819711e-04 0.000000000000000000e+00 1.338150675766091224e-04 0.000000000000000000e+00 9.344047841524948702e-05 0.000000000000000000e+00 0.000000000000000000e+00 0.000000000000000000e+00 0.000000000000000000e+00 0.000000000000000000e+00 1.448121062920860222e-04 0.000000000000000000e+00 0.000000000000000000e+00 1.239464551313832332e-04 6.327111673521037399e-04 0.000000000000000000e+00 1.845358922310389371e-04 0.000000000000000000e+00 6.093845216331505521e-04 0.000000000000000000e+00 0.000000000000000000e+00 0.000000000000000000e+00 0.000000000000000000e+00 0.000000000000000000e+00 2.153846153846153758e-02 1.503533303262667351e-04 1.830017194792434368e-02 9.600614439324116735e-05 0.000000000000000000e+00 0.000000000000000000e+00 4.502859924546671541e-03 1.374948439433521278e-04 0.000000000000000000e+00 0.000000000000000000e+00 1.605007623786213042e-04 0.000000000000000000e+00 3.580379520229144555e-04 0.000000000000000000e+00 3.521126760563380470e-04 0.000000000000000000e+00 0.000000000000000000e+00 0.000000000000000000e+00 5.465974309920742895e-04 0.000000000000000000e+00 0.000000000000000000e+00 0.000000000000000000e+00 0.000000000000000000e+00 0.000000000000000000e+00 2.032520325203252248e-03 1.858736059479553816e-03 0.000000000000000000e+00 0.000000000000000000e+00 0.000000000000000000e+00 0.000000000000000000e+00 0.000000000000000000e+00 0.000000000000000000e+00 0.000000000000000000e+00 0.000000000000000000e+00 0.000000000000000000e+00 0.000000000000000000e+00 0.000000000000000000e+00 0.000000000000000000e+00 0.000000000000000000e+00 0.000000000000000000e+00 0.000000000000000000e+00 0.000000000000000000e+00 0.000000000000000000e+00 0.000000000000000000e+00 0.000000000000000000e+00 0.000000000000000000e+00
0.000000000000000000e+00 3.182541486701522936e-03 2.273243919072516321e-03 2.864287338031370686e-02 1.363946351443509923e-03 2.425551261650375212e-01 1.136621959536258161e-03 7.569902250511480191e-02 2.045919527165264776e-03 0.000000000000000000e+00 0.000000000000000000e+00 3.403841478239727665e-03 3.824091778202676835e-04 2.445466105839773016e-02 3.409478349812478538e-03 1.557579499845631321e-01 0.000000000000000000e+00 7.892659826361483801e-04 0.000000000000000000e+00 9.790483649892304304e-05 0.000000000000000000e+00 5.044625533566162237e-03 1.672041084438074783e-03 1.218695593946698789e-02 9.696458684654300081e-03 5.362105607323851275e-02 1.537447836591258454e-03 1.115187087307410174e-01 0.000000000000000000e+00 8.719506221220731101e-03 1.037862771477993454e-02 6.270575325286095389e-03 0.000000000000000000e+00 4.829751267809707753e-04 0.000000000000000000e+00 0.000000000000000000e+00 0.000000000000000000e+00 0.000000000000000000e+00 0.000000000000000000e+00 0.000000000000000000e+00 0.000000000000000000e+00 0.000000000000000000e+00 0.000000000000000000e+00 0.000000000000000000e+00 0.000000000000000000e+00 1.005833836250251477e-04 0.000000000000000000e+00 2.561475409836065707e-04 0.000000000000000000e+00 0.000000000000000000e+00 0.000000000000000000e+00 0.000000000000000000e+00 0.000000000000000000e+00 0.000000000000000000e+00 0.000000000000000000e+00 1.357773251866938274e-04 0.000000000000000000e+00 2.089427496865858879e-04 0.000000000000000000e+00 0.000000000000000000e+00 1.054518612253506278e-04 4.118050789293067806e-04 0.000000000000000000e+00 2.407897905128822467e-04 0.000000000000000000e+00 2.560819462227912724e-04 0.000000000000000000e+00 1.665140288069269893e-04 0.000000000000000000e+00 0.000000000000000000e+00 2.267206477732793338e-03 9.622613140881071045e-03 4.912797838368950865e-04 1.334485407066052232e-02 0.000000000000000000e+00 9.090909090909090468e-03 1.216989168796397703e-04 2.474907190980338029e-03 0.000000000000000000e+00 0.000000000000000000e+00 0.000000000000000000e+00 4.672460517708625452e-04 0.000000000000000000e+00 1.686340640809443417e-03 0.000000000000000000e+00 4.989086373557841993e-04 0.000000000000000000e+00 0.000000000000000000e+00 0.000000000000000000e+00 6.349878293999364773e-04 4.770992366412213554e-04 0.000000000000000000e+00 0.000000000000000000e+00 0.000000000000000000e+00 1.016260162601626124e-03 0.000000000000000000e+00 0.000000000000000000e+00 0.000000000000000000e+00 0.000000000000000000e+00 0.000000000000000000e+00 0.000000000000000000e+00 0.000000000000000000e+00 0.000000000000000000e+00 2.171552660152008783e-04 0.000000000000000000e+00 6.140620202640466969e-04 0.000000000000000000e+00 0.000000000000000000e+00 0.000000000000000000e+00 0.000000000000000000e+00 1.112347052280311449e-03 0.000000000000000000e+00 0.000000000000000000e+00 0.000000000000000000e+00 0.000000000000000000e+00 0.000000000000000000e+00
2.391221374045801595e-01 5.725190839694656699e-04 2.843511450381679476e-02 1.145038167938931340e-03 1.908396946564885476e-04 0.000000000000000000e+00 8.320610687022900187e-02 2.862595419847328241e-03 3.816793893129770952e-04 0.000000000000000000e+00 0.000000000000000000e+00 1.215657670799902799e-03 1.130975143403441657e-01 9.781864423359091685e-05 1.193317422434367597e-03 0.000000000000000000e+00 4.245378834044281902e-02 0.000000000000000000e+00 1.375628785545631935e-02 1.076953201488153487e-03 0.000000000000000000e+00 0.000000000000000000e+00 4.657828735220350888e-03 2.678451854827909725e-04 0.000000000000000000e+00 0.000000000000000000e+00 0.000000000000000000e+00 0.000000000000000000e+00 5.438157235853780663e-02 9.797198001371608086e-05 1.921968095329617437e-04 3.135287662643047586e-04 2.817936780200931256e-03 4.829751267809707753e-04 0.000000000000000000e+00 0.000000000000000000e+00 2.812280290602296902e-03 0.000000000000000000e+00 0.000000000000000000e+00 0.000000000000000000e+00 0.000000000000000000e+00 0.000000000000000000e+00 1.118818527634817586e-04 0.000000000000000000e+00 3.645643456069996174e-04 0.000000000000000000e+00 0.000000000000000000e+00 0.000000000000000000e+00 4.014452027298273944e-04 0.000000000000000000e+00 1.401607176228742346e-03 0.000000000000000000e+00 0.000000000000000000e+00 0.000000000000000000e+00 5.681818181818181542e-04 0.000000000000000000e+00 6.154514517413656009e-03 6.964758322886195358e-05 2.195389681668496237e-03 1.239464551313832332e-04 1.982494991036591950e-02 0.000000000000000000e+00 1.347112013286584295e-02 1.203948952564411234e-04 1.096892138939670885e-02 0.000000000000000000e+00 1.752234098475556352e-03 0.000000000000000000e+00 3.182179793158313699e-04 3.492839678658749393e-04 2.987854251012145648e-02 2.255299954894000891e-04 8.720216163104888354e-03 3.840245775729646694e-04 0.000000000000000000e+00 0.000000000000000000e+00 1.545576244371425073e-02 5.499793757734085112e-04 8.474576271186440432e-04 0.000000000000000000e+00 2.086509910922076765e-03 0.000000000000000000e+00 0.000000000000000000e+00 0.000000000000000000e+00 5.046948356807511374e-03 0.000000000000000000e+00 3.307972213033410743e-04 0.000000000000000000e+00 1.913091008472260230e-03 0.000000000000000000e+00 4.770992366412213554e-04 1.141118295930011392e-03 4.510599909788001781e-04 6.418485237483953325e-04 4.065040650406504495e-03 0.000000000000000000e+00 0.000000000000000000e+00 0.000000000000000000e+00 0.000000000000000000e+00 1.682085786375105054e-03 0.000000000000000000e+00 0.000000000000000000e+00 0.000000000000000000e+00 0.000000000000000000e+00 0.000000000000000000e+00 0.000000000000000000e+00 0.000000000000000000e+00 0.000000000000000000e+00 0.000000000000000000e+00 0.000000000000000000e+00 0.000000000000000000e+00 0.000000000000000000e+00 0.000000000000000000e+00 0.000000000000000000e+00 0.000000000000000000e+00 0.000000000000000000e+00
9.725261366399221745e-04 1.654510089958667607e-01 2.188183807439824866e-03 2.698760029175784059e-02 0.000000000000000000e+00 1.215657670799902799e-03 7.293946024799416797e-03 1.191344517383904761e-01 1.215657670799902718e-04 3.403841478239727665e-03 1.215657670799902799e-03 0.000000000000000000e+00 3.824091778202676835e-04 2.114839088330235650e-01 0.000000000000000000e+00 1.852423587527014456e-02 0.000000000000000000e+00 6.998158379373849158e-02 2.155836156452109464e-03 2.271392206775014674e-02 0.000000000000000000e+00 0.000000000000000000e+00 2.269198614594529831e-03 6.294361858845587583e-03 0.000000000000000000e+00 1.634788294915808329e-04 0.000000000000000000e+00 0.000000000000000000e+00 4.006009013520280427e-04 4.673263446654257053e-02 7.687872381318469747e-04 1.254115065057219034e-03 1.715265866209262410e-03 6.600660066006600740e-03 1.441961067051189538e-03 0.000000000000000000e+00 2.343566908835247238e-04 1.397298556124825387e-03 0.000000000000000000e+00 0.000000000000000000e+00 0.000000000000000000e+00 0.000000000000000000e+00 0.000000000000000000e+00 0.000000000000000000e+00 0.000000000000000000e+00 4.023335345001005908e-04 0.000000000000000000e+00 1.280737704918032854e-04 0.000000000000000000e+00 9.035237425961249345e-04 0.000000000000000000e+00 3.467406380027739446e-03 0.000000000000000000e+00 0.000000000000000000e+00 0.000000000000000000e+00 2.715546503733876548e-04 0.000000000000000000e+00 5.432511491851232596e-03 0.000000000000000000e+00 1.363411006445215592e-03 0.000000000000000000e+00 1.578586135895676187e-02 0.000000000000000000e+00 1.938357813628702186e-02 0.000000000000000000e+00 2.279129321382842438e-02 8.761170492377782300e-05 1.914911331279660215e-03 1.591089896579156850e-04 1.047851903597624926e-03 1.214574898785425157e-03 4.217410915651781389e-02 6.140997297961189394e-04 1.238479262672811075e-02 0.000000000000000000e+00 0.000000000000000000e+00 1.703784836314956811e-03 1.086209267152481867e-02 0.000000000000000000e+00 3.556187766714082564e-03 8.025038118931065209e-05 9.251471825063077581e-03 0.000000000000000000e+00 2.951096121416525980e-03 0.000000000000000000e+00 8.606173994387277329e-03 0.000000000000000000e+00 1.451905626134301170e-03 0.000000000000000000e+00 1.015980527039898364e-02 0.000000000000000000e+00 0.000000000000000000e+00 0.000000000000000000e+00 3.209242618741976662e-04 0.000000000000000000e+00 1.858736059479553816e-03 0.000000000000000000e+00 0.000000000000000000e+00 0.000000000000000000e+00 1.682085786375105054e-03 0.000000000000000000e+00 0.000000000000000000e+00 0.000000000000000000e+00 0.000000000000000000e+00 0.000000000000000000e+00 0.000000000000000000e+00 0.000000000000000000e+00 0.000000000000000000e+00 0.000000000000000000e+00 0.000000000000000000e+00 0.000000000000000000e+00 0.000000000000000000e+00 0.000000000000000000e+00 0.000000000000000000e+00 0.000000000000000000e+00 0.000000000000000000e+00
7.342256214149139870e-02 1.912045889101338418e-04 5.449330783938814704e-02 2.676864244741873622e-03 8.508604206500956432e-03 1.912045889101338418e-04 2.704588910133843283e-01 5.736137667304015524e-03 3.766730401529636701e-02 3.824091778202676835e-04 1.130975143403441657e-01 3.824091778202676835e-04 0.000000000000000000e+00 1.369461019270272863e-03 2.459938629389703257e-01 6.174745291756715071e-04 5.687588868576071675e-03 0.000000000000000000e+00 6.878143927728159676e-03 3.916193459956921722e-04 1.164144353899883560e-03 0.000000000000000000e+00 2.484175325450854038e-02 4.285522967724655560e-03 8.431703204047217085e-04 1.634788294915808329e-04 6.589062156819679552e-04 0.000000000000000000e+00 9.484226339509263526e-02 6.858038600960125524e-04 7.880069190851431843e-03 7.681454773475466721e-03 3.675569713305562244e-03 7.244626901714561629e-04 1.441961067051189538e-03 0.000000000000000000e+00 3.984063745019920250e-03 0.000000000000000000e+00 0.000000000000000000e+00 0.000000000000000000e+00 0.000000000000000000e+00 0.000000000000000000e+00 0.000000000000000000e+00 0.000000000000000000e+00 3.645643456069996174e-04 0.000000000000000000e+00 0.000000000000000000e+00 0.000000000000000000e+00 6.690753378830456392e-04 0.000000000000000000e+00 1.495047654643991792e-03 0.000000000000000000e+00 0.000000000000000000e+00 0.000000000000000000e+00 1.893939393939393938e-04 0.000000000000000000e+00 3.837520816740279655e-03 6.964758322886195358e-05 1.975850713501646570e-03 0.000000000000000000e+00 1.297057893071812754e-02 0.000000000000000000e+00 1.088761764163129718e-02 0.000000000000000000e+00 1.421897217144017789e-02 0.000000000000000000e+00 2.015069213246889739e-03 1.665140288069269893e-04 4.773269689737470278e-04 0.000000000000000000e+00 4.404858299595141441e-02 6.765899864682003214e-04 2.210759027266027965e-02 2.016129032258064460e-03 5.769230769230769551e-02 3.030303030303030300e-03 2.433978337592795568e-02 1.237453595490169015e-03 1.694915254237288086e-03 0.000000000000000000e+00 5.697777064441056014e-03 0.000000000000000000e+00 4.296455424274973033e-03 0.000000000000000000e+00 7.335680751173708977e-03 0.000000000000000000e+00 9.923916639100231144e-04 0.000000000000000000e+00 4.099480732440557822e-03 0.000000000000000000e+00 0.000000000000000000e+00 3.803727653100038154e-04 0.000000000000000000e+00 3.209242618741976662e-04 1.016260162601625994e-02 1.858736059479553816e-03 0.000000000000000000e+00 0.000000000000000000e+00 0.000000000000000000e+00 8.410428931875525271e-04 0.000000000000000000e+00 0.000000000000000000e+00 2.655337227827933946e-04 4.343105320304017566e-04 7.047216349541931234e-04 0.000000000000000000e+00 1.338688085676037432e-03 0.000000000000000000e+00 8.403361344537814762e-03 0.000000000000000000e+00 0.000000000000000000e+00 0.000000000000000000e+00 0.000000000000000000e+00 0.000000000000000000e+00 0.000000000000000000e+00 0.000000000000000000e+00
