0.000000000000000000e+00 1.724286576429002668e-02 7.305706008313389566e-02 9.306702917494510952e-03 4.135338345864661251e-03 3.305785123966942392e-04 1.432196508323183015e-01 4.737340772712917564e-03 4.486316733961417534e-04 0.000000000000000000e+00 2.925893635571055196e-01 1.378887697257545619e-03 5.509641873278237068e-02 1.364070386031919155e-04 3.386386725364036541e-03 0.000000000000000000e+00 1.111398963730569900e-01 2.812635222847252332e-03 7.601536772777167661e-02 3.044055789240646473e-02 0.000000000000000000e+00 0.000000000000000000e+00 3.016351801873313424e-03 7.462686567164179179e-04 3.707823507601037982e-04 0.000000000000000000e+00 0.000000000000000000e+00 0.000000000000000000e+00 3.103192279138827087e-02 1.620139581256231339e-03 1.039603960396039660e-02 1.272804412388629531e-03 2.759767248545303558e-02 2.119060622610595412e-02 0.000000000000000000e+00 0.000000000000000000e+00 3.469109335412200179e-02 7.382798080472498768e-04 3.673769287288758010e-04 0.000000000000000000e+00 0.000000000000000000e+00 0.000000000000000000e+00 1.717327837884252098e-04 0.000000000000000000e+00 1.928330387273019444e-03 2.461538461538461406e-04 2.402691013935607969e-04 0.000000000000000000e+00 1.232437761893024437e-03 0.000000000000000000e+00 7.336139506915213132e-03 0.000000000000000000e+00 6.333122229259024799e-04 0.000000000000000000e+00 6.866559853513390333e-04 0.000000000000000000e+00 1.662162162162162116e-01 7.726170155421795312e-03 1.785419077533476756e-02 3.902439024390244116e-04 6.435986159169550247e-02 0.000000000000000000e+00 2.390231228890620993e-02 0.000000000000000000e+00 5.352480417754568870e-02 1.825483753194596622e-04 7.315957933241883614e-03 2.293314986813438762e-04 1.093254387819835027e-01 1.982378854625550801e-02 6.143102924805181331e-02 2.361646855073604601e-03 2.113970588235294240e-02 1.536294968633977829e-03 0.000000000000000000e+00 0.000000000000000000e+00 5.037115588547189798e-02 2.753398726553089176e-03 2.735978112175102561e-03 0.000000000000000000e+00 1.323315016261074339e-02 0.000000000000000000e+00 1.705029838022165383e-03 0.000000000000000000e+00 2.531303486172416933e-02 9.575792396820836569e-05 0.000000000000000000e+00 0.000000000000000000e+00 1.221374045801526705e-02 0.000000000000000000e+00 0.000000000000000000e+00 1.305483028720626649e-03 0.000000000000000000e+00 2.751031636863823966e-03 1.935483870967742021e-02 1.092233009708737899e-02 0.000000000000000000e+00 0.000000000000000000e+00 1.096491228070175378e-03 6.949270326615705198e-04 0.000000000000000000e+00 0.000000000000000000e+00 0.000000000000000000e+00 7.059654076950229451e-04 1.674107142857142764e-03 4.484304932735426051e-04 0.000000000000000000e+00 0.000000000000000000e+00 0.000000000000000000e+00 0.000000000000000000e+00 0.000000000000000000e+00 0.000000000000000000e+00 0.000000000000000000e+00 0.000000000000000000e+00 0.000000000000000000e+00 0.000000000000000000e+00
1.724286576429002668e-02 0.000000000000000000e+00 2.897090313641516573e-03 1.139809683153822084e-01 0.000000000000000000e+00 9.917355371900826635e-04 2.943564758424685544e-03 9.169386251184334646e-02 0.000000000000000000e+00 2.119766825649178725e-03 3.487358326068003733e-04 1.020376895970583758e-01 0.000000000000000000e+00 6.001909698540444822e-03 0.000000000000000000e+00 1.507386192342478198e-03 5.181347150259067117e-04 1.280830809173517937e-01 2.414928649835345817e-02 4.715519149878237559e-02 0.000000000000000000e+00 0.000000000000000000e+00 3.175107159866645567e-04 1.243781094527363160e-03 0.000000000000000000e+00 2.741228070175438444e-04 0.000000000000000000e+00 5.803830528148578097e-04 5.939123979213066246e-04 3.900797607178464743e-02 1.237623762376237639e-03 6.364022061943147655e-04 1.363258520365752229e-02 1.627525942108137488e-02 0.000000000000000000e+00 2.733734281027883940e-03 1.169362697329955243e-03 7.013658176448873960e-02 3.673769287288758010e-04 2.374491180461329662e-02 0.000000000000000000e+00 5.449591280653950758e-03 0.000000000000000000e+00 4.718650465966733746e-04 1.606941989394182870e-04 1.969230769230769125e-03 0.000000000000000000e+00 0.000000000000000000e+00 0.000000000000000000e+00 6.772835438403807667e-03 1.202645820805772731e-04 4.607764082478977077e-03 0.000000000000000000e+00 9.602458229306702012e-04 0.000000000000000000e+00 7.824726134585289691e-04 3.153153153153153039e-03 2.485850327913035618e-01 6.612663250123987022e-04 4.663414634146341442e-02 5.536332179930796319e-04 4.006522245515956038e-02 0.000000000000000000e+00 3.058823529411764872e-02 2.610966057441253189e-04 6.151880248265790413e-02 9.144947416552354517e-04 2.006650613461758922e-02 1.839712412772256250e-02 6.950562897699461007e-02 8.096346523631211449e-04 5.400299141934975650e-02 6.127450980392156778e-04 3.200614517987453861e-02 0.000000000000000000e+00 0.000000000000000000e+00 1.590668080593849463e-03 9.051798313543280017e-02 0.000000000000000000e+00 0.000000000000000000e+00 2.242906807222159907e-04 6.261510128913443801e-03 0.000000000000000000e+00 0.000000000000000000e+00 9.008197459688315693e-05 2.642918701522551164e-02 0.000000000000000000e+00 5.711022272986864727e-04 2.181025081788440505e-04 3.021094029317125326e-02 0.000000000000000000e+00 1.958224543080939756e-03 1.023017902813299143e-03 2.063273727647867758e-03 9.677419354838710103e-03 8.373786407766990736e-02 0.000000000000000000e+00 0.000000000000000000e+00 0.000000000000000000e+00 0.000000000000000000e+00 0.000000000000000000e+00 2.118644067796610162e-03 4.572473708276177259e-04 2.117896223085068835e-03 5.580357142857142547e-04 1.345291479820627870e-03 0.000000000000000000e+00 1.132502831257078220e-03 0.000000000000000000e+00 0.000000000000000000e+00 0.000000000000000000e+00 0.000000000000000000e+00 0.000000000000000000e+00 0.000000000000000000e+00 0.000000000000000000e+00 0.000000000000000000e+00
7.305706008313389566e-02 2.897090313641516573e-03 0.000000000000000000e+00 1.673115131234968181e-03 6.691729323308270860e-02 3.305785123966942392e-04 2.852212748680471033e-01 4.632066533319296499e-03 3.005832211754149927e-02 3.179650238473768088e-03 3.243243243243243423e-02 1.685307185537000081e-03 2.990948445493899974e-02 2.046105579047878976e-03 9.481882831019302488e-03 9.044317154054868323e-04 1.424870466321243555e-02 8.654262224145391289e-04 1.077113062568605950e-01 4.095638698251052000e-03 7.489160425699645587e-03 0.000000000000000000e+00 1.471662168598190101e-01 5.721393034825870451e-03 3.262884686688913294e-02 2.192982456140350755e-03 2.597402597402597400e-03 0.000000000000000000e+00 3.385300668151447478e-02 1.744765702891325990e-03 2.202970297029702845e-02 1.484938481120067801e-02 6.650041562759767370e-03 5.789186237028945935e-03 1.087547580206633946e-03 0.000000000000000000e+00 1.364256480218281088e-02 0.000000000000000000e+00 3.673769287288758010e-04 0.000000000000000000e+00 0.000000000000000000e+00 0.000000000000000000e+00 3.434655675768504197e-04 0.000000000000000000e+00 1.606941989394182870e-04 1.230769230769230703e-04 0.000000000000000000e+00 0.000000000000000000e+00 1.232437761893024437e-03 0.000000000000000000e+00 2.164762477450391052e-03 1.151941020619744269e-04 0.000000000000000000e+00 0.000000000000000000e+00 0.000000000000000000e+00 0.000000000000000000e+00 4.054054054054054279e-03 1.796783757074836075e-04 6.777979831377086914e-03 0.000000000000000000e+00 5.121107266435985864e-03 0.000000000000000000e+00 2.598077422707196897e-04 0.000000000000000000e+00 7.832898172323759026e-03 1.825483753194596622e-04 4.343850022862368911e-03 0.000000000000000000e+00 1.903150771833368640e-03 4.894762604013705790e-04 3.056370812670782325e-02 8.659371801936550277e-04 5.545343137254901689e-02 6.401229035974906898e-04 3.658536585365853439e-02 0.000000000000000000e+00 4.365500176740897548e-02 2.237136465324384739e-03 0.000000000000000000e+00 0.000000000000000000e+00 7.850173825277559402e-04 0.000000000000000000e+00 0.000000000000000000e+00 0.000000000000000000e+00 1.711557517340780077e-03 0.000000000000000000e+00 0.000000000000000000e+00 0.000000000000000000e+00 1.308615049073064357e-03 0.000000000000000000e+00 0.000000000000000000e+00 1.305483028720626649e-03 0.000000000000000000e+00 0.000000000000000000e+00 5.645161290322580315e-03 8.495145631067960862e-03 0.000000000000000000e+00 0.000000000000000000e+00 0.000000000000000000e+00 0.000000000000000000e+00 0.000000000000000000e+00 0.000000000000000000e+00 0.000000000000000000e+00 0.000000000000000000e+00 0.000000000000000000e+00 0.000000000000000000e+00 0.000000000000000000e+00 0.000000000000000000e+00 0.000000000000000000e+00 0.000000000000000000e+00 0.000000000000000000e+00 0.000000000000000000e+00 0.000000000000000000e+00 0.000000000000000000e+00 0.000000000000000000e+00 0.000000000000000000e+00
9.306702917494510952e-03 1.139809683153822084e-01 1.673115131234968181e-03 0.000000000000000000e+00 1.503759398496240692e-03 5.785123966942148921e-02 5.176613885505481488e-03 2.532898199810506568e-01 0.000000000000000000e+00 1.854795972443031363e-02 2.266782911944202183e-03 2.650528573617282058e-02 2.230093139184048234e-03 1.855135725003410202e-02 3.386386725364036758e-04 1.507386192342478198e-02 5.181347150259067117e-04 2.747728256166161870e-02 8.918770581778265663e-03 1.465574496347133160e-01 0.000000000000000000e+00 0.000000000000000000e+00 9.525321479599935942e-03 2.179104477611940316e-01 4.820170559881349973e-03 2.741228070175438444e-02 0.000000000000000000e+00 0.000000000000000000e+00 8.908685968819599369e-04 2.492522432701894247e-02 1.163366336633663359e-02 2.545608824777259235e-02 1.080631753948462122e-02 1.365374112506826873e-02 5.437737901033169730e-04 2.186987424822307152e-03 5.846813486649776216e-04 2.620893318567737301e-02 0.000000000000000000e+00 4.070556309362279197e-03 1.075268817204301074e-03 0.000000000000000000e+00 1.717327837884252098e-04 1.179662616491683436e-04 0.000000000000000000e+00 2.953846153846153687e-03 0.000000000000000000e+00 2.304678497349619604e-04 0.000000000000000000e+00 5.491488193300384478e-03 2.405291641611545463e-04 1.958299735053565041e-03 0.000000000000000000e+00 0.000000000000000000e+00 0.000000000000000000e+00 0.000000000000000000e+00 1.531531531531531501e-03 9.972149851765340148e-03 3.306331625061993511e-04 2.614634146341463308e-02 5.536332179930796319e-04 1.863498718844630846e-03 0.000000000000000000e+00 6.722689075630252286e-04 7.832898172323760110e-04 5.658999634903249393e-03 3.429355281207132808e-04 1.708519665176011851e-02 2.326073165574117033e-03 6.118453255017131803e-03 1.113247646999291534e-03 2.818231913721168380e-02 1.991421568627450844e-03 5.018563564204327199e-02 0.000000000000000000e+00 0.000000000000000000e+00 2.297631671968893789e-03 9.344346928239545547e-02 0.000000000000000000e+00 2.710027100271002708e-03 1.121453403611079953e-04 2.025782688766114299e-03 0.000000000000000000e+00 0.000000000000000000e+00 9.008197459688315693e-05 2.010916403332375924e-03 0.000000000000000000e+00 5.711022272986864727e-04 2.181025081788440505e-04 1.787629603146228055e-03 4.599816007359705571e-04 6.527415143603133244e-04 5.115089514066495716e-04 2.063273727647867758e-03 5.645161290322580315e-03 5.097087378640776517e-02 0.000000000000000000e+00 8.006405124099278889e-04 1.096491228070175378e-03 6.949270326615705198e-04 0.000000000000000000e+00 2.118644067796610162e-03 0.000000000000000000e+00 7.059654076950229451e-04 0.000000000000000000e+00 1.345291479820627870e-03 0.000000000000000000e+00 0.000000000000000000e+00 0.000000000000000000e+00 0.000000000000000000e+00 1.030927835051546415e-03 0.000000000000000000e+00 0.000000000000000000e+00 0.000000000000000000e+00 0.000000000000000000e+00 0.000000000000000000e+00
4.135338345864661251e-03 0.000000000000000000e+00 6.691729323308270860e-02 1.503759398496240692e-03 0.000000000000000000e+00 6.611570247933884785e-04 2.030044660982541650e-03 9.474681545425834043e-04 4.656796769851951345e-01 1.589825119236884044e-03 3.487358326068003733e-04 0.000000000000000000e+00 3.017184835366653467e-03 4.092211158095757735e-04 1.473078225533356045e-01 1.205908953873982515e-03 0.000000000000000000e+00 0.000000000000000000e+00 5.488474204171240592e-04 1.106929377905689583e-04 1.931415057154119153e-02 0.000000000000000000e+00 6.191458961739958883e-03 2.487562189054726321e-03 1.045606229143492827e-01 3.289473684210526133e-03 6.545454545454545969e-02 5.803830528148578097e-04 7.869339272457313156e-03 0.000000000000000000e+00 1.163366336633663359e-02 5.091217649554518124e-03 4.987531172069825094e-04 0.000000000000000000e+00 0.000000000000000000e+00 0.000000000000000000e+00 0.000000000000000000e+00 0.000000000000000000e+00 0.000000000000000000e+00 0.000000000000000000e+00 0.000000000000000000e+00 0.000000000000000000e+00 0.000000000000000000e+00 0.000000000000000000e+00 1.606941989394182870e-04 0.000000000000000000e+00 0.000000000000000000e+00 0.000000000000000000e+00 0.000000000000000000e+00 0.000000000000000000e+00 0.000000000000000000e+00 0.000000000000000000e+00 0.000000000000000000e+00 0.000000000000000000e+00 0.000000000000000000e+00 0.000000000000000000e+00 9.009009009009009148e-05 0.000000000000000000e+00 0.000000000000000000e+00 0.000000000000000000e+00 1.384083044982699080e-04 0.000000000000000000e+00 0.000000000000000000e+00 0.000000000000000000e+00 0.000000000000000000e+00 0.000000000000000000e+00 1.143118427069044315e-04 0.000000000000000000e+00 2.114611968703742782e-04 0.000000000000000000e+00 1.558546705799008190e-02 3.148862473431472729e-04 1.654411764705882373e-02 0.000000000000000000e+00 0.000000000000000000e+00 0.000000000000000000e+00 7.069635913750442176e-04 0.000000000000000000e+00 0.000000000000000000e+00 0.000000000000000000e+00 2.242906807222159907e-04 0.000000000000000000e+00 0.000000000000000000e+00 0.000000000000000000e+00 0.000000000000000000e+00 0.000000000000000000e+00 0.000000000000000000e+00 0.000000000000000000e+00 0.000000000000000000e+00 0.000000000000000000e+00 0.000000000000000000e+00 0.000000000000000000e+00 0.000000000000000000e+00 0.000000000000000000e+00 0.000000000000000000e+00 0.000000000000000000e+00 0.000000000000000000e+00 0.000000000000000000e+00 0.000000000000000000e+00 0.000000000000000000e+00 0.000000000000000000e+00 0.000000000000000000e+00 0.000000000000000000e+00 0.000000000000000000e+00 0.000000000000000000e+00 0.000000000000000000e+00 0.000000000000000000e+00 0.000000000000000000e+00 0.000000000000000000e+00 0.000000000000000000e+00 0.000000000000000000e+00 0.000000000000000000e+00 0.000000000000000000e+00 0.000000000000000000e+00 0.000000000000000000e+00 0.000000000000000000e+00
3.305785123966942392e-04 9.917355371900826635e-04 3.305785123966942392e-04 5.785123966942148921e-02 6.611570247933884785e-04 0.000000000000000000e+00 1.015022330491270798e-04 6.105905884829981867e-03 0.000000000000000000e+00 2.967673555908850180e-01 0.000000000000000000e+00 3.064194882794545700e-04 1.311819493637675479e-04 1.227663347428727429e-03 3.386386725364036758e-04 1.097377148025324156e-01 0.000000000000000000e+00 0.000000000000000000e+00 0.000000000000000000e+00 3.320788133717068749e-04 1.576665352778872618e-03 1.050788091068301233e-02 1.270042863946658227e-03 2.388059701492537337e-02 7.044864664441972436e-03 2.812500000000000000e-01 1.038961038961038960e-03 1.863029599535693526e-01 1.484780994803266562e-04 5.608175473579262577e-03 2.722772277227722588e-03 7.212558336868900820e-03 0.000000000000000000e+00 6.553795740032768635e-04 0.000000000000000000e+00 0.000000000000000000e+00 0.000000000000000000e+00 1.845699520118124692e-04 0.000000000000000000e+00 0.000000000000000000e+00 0.000000000000000000e+00 0.000000000000000000e+00 0.000000000000000000e+00 0.000000000000000000e+00 0.000000000000000000e+00 0.000000000000000000e+00 0.000000000000000000e+00 0.000000000000000000e+00 0.000000000000000000e+00 0.000000000000000000e+00 0.000000000000000000e+00 0.000000000000000000e+00 0.000000000000000000e+00 0.000000000000000000e+00 0.000000000000000000e+00 3.912363067292644846e-04 0.000000000000000000e+00 8.983918785374180374e-05 0.000000000000000000e+00 0.000000000000000000e+00 0.000000000000000000e+00 0.000000000000000000e+00 0.000000000000000000e+00 0.000000000000000000e+00 0.000000000000000000e+00 1.825483753194596622e-04 0.000000000000000000e+00 1.146657493406719381e-04 0.000000000000000000e+00 0.000000000000000000e+00 5.060216577269507562e-04 9.367865858458631831e-03 1.531862745098039194e-04 1.613109717065676699e-02 0.000000000000000000e+00 0.000000000000000000e+00 1.767408978437610544e-04 0.000000000000000000e+00 0.000000000000000000e+00 0.000000000000000000e+00 0.000000000000000000e+00 0.000000000000000000e+00 0.000000000000000000e+00 0.000000000000000000e+00 0.000000000000000000e+00 9.575792396820836569e-05 0.000000000000000000e+00 0.000000000000000000e+00 0.000000000000000000e+00 0.000000000000000000e+00 0.000000000000000000e+00 0.000000000000000000e+00 0.000000000000000000e+00 0.000000000000000000e+00 0.000000000000000000e+00 0.000000000000000000e+00 0.000000000000000000e+00 0.000000000000000000e+00 0.000000000000000000e+00 0.000000000000000000e+00 0.000000000000000000e+00 0.000000000000000000e+00 0.000000000000000000e+00 0.000000000000000000e+00 0.000000000000000000e+00 0.000000000000000000e+00 0.000000000000000000e+00 0.000000000000000000e+00 0.000000000000000000e+00 0.000000000000000000e+00 0.000000000000000000e+00 0.000000000000000000e+00 0.000000000000000000e+00 0.000000000000000000e+00 0.000000000000000000e+00 0.000000000000000000e+00
1.432196508323183015e-01 2.943564758424685544e-03 2.852212748680471033e-01 5.176613885505481488e-03 2.030044660982541650e-03 1.015022330491270798e-04 0.000000000000000000e+00 1.042214969996841691e-02 1.049798115746971711e-01 5.299417064122946813e-04 9.590235396687009362e-02 3.217404626934272822e-03 2.832218286763741322e-01 4.774246351111717176e-03 4.740941415509651244e-03 0.000000000000000000e+00 3.367875647668393951e-03 1.947209000432713203e-03 4.500548847420417220e-02 7.859198583130395932e-03 3.941663381947181546e-04 0.000000000000000000e+00 3.921257342435307408e-02 7.960199004975123879e-03 2.224694104560622897e-03 1.918859649122806911e-03 5.194805194805194801e-04 0.000000000000000000e+00 2.152932442464736487e-02 1.994017946161515294e-03 1.658415841584158501e-02 1.633432329232074529e-02 8.811305070656690747e-03 5.789186237028945935e-03 0.000000000000000000e+00 5.467468562055767881e-04 2.728512960436562090e-03 0.000000000000000000e+00 0.000000000000000000e+00 6.784260515603798662e-04 1.075268817204301074e-03 0.000000000000000000e+00 0.000000000000000000e+00 0.000000000000000000e+00 4.820825968182548609e-04 0.000000000000000000e+00 0.000000000000000000e+00 0.000000000000000000e+00 7.394626571358145972e-04 0.000000000000000000e+00 2.645820805772699982e-03 1.151941020619744269e-04 0.000000000000000000e+00 0.000000000000000000e+00 9.155413138017853055e-04 0.000000000000000000e+00 1.891891891891891867e-03 0.000000000000000000e+00 3.141015043808894052e-03 0.000000000000000000e+00 8.581314878892734241e-03 0.000000000000000000e+00 7.794232268121590148e-04 0.000000000000000000e+00 1.697127937336814774e-02 3.650967506389193244e-04 2.629172382258801802e-03 2.293314986813438762e-04 1.268767181222245615e-03 0.000000000000000000e+00 5.262625240360287171e-02 2.125482169566244011e-03 2.374387254901960675e-02 2.816540775828958992e-03 2.439024390243902524e-02 0.000000000000000000e+00 3.022269353128313740e-02 6.023059714334881923e-03 1.367989056087551281e-03 0.000000000000000000e+00 1.009308063249971877e-03 0.000000000000000000e+00 0.000000000000000000e+00 0.000000000000000000e+00 5.404918475812989578e-03 0.000000000000000000e+00 0.000000000000000000e+00 0.000000000000000000e+00 6.106870229007633523e-03 0.000000000000000000e+00 0.000000000000000000e+00 1.305483028720626649e-03 0.000000000000000000e+00 0.000000000000000000e+00 8.064516129032258058e-04 3.640776699029126331e-03 1.108647450110864744e-03 0.000000000000000000e+00 1.096491228070175378e-03 0.000000000000000000e+00 0.000000000000000000e+00 0.000000000000000000e+00 0.000000000000000000e+00 0.000000000000000000e+00 0.000000000000000000e+00 0.000000000000000000e+00 0.000000000000000000e+00 0.000000000000000000e+00 0.000000000000000000e+00 0.000000000000000000e+00 0.000000000000000000e+00 0.000000000000000000e+00 0.000000000000000000e+00 0.000000000000000000e+00 0.000000000000000000e+00 0.000000000000000000e+00
4.737340772712917564e-03 9.169386251184334646e-02 4.632066533319296499e-03 2.532898199810506568e-01 9.474681545425834043e-04 6.105905884829981867e-03 1.042214969996841691e-02 0.000000000000000000e+00 1.794526693584567014e-03 8.691043985161632512e-02 6.625980819529206714e-03 1.222613758235023690e-01 3.935458480913026601e-03 2.516709862228890815e-01 1.354554690145614703e-03 2.019897497738920578e-02 1.295336787564766888e-03 8.870618779749026017e-03 1.111416026344676233e-02 2.745184857206110079e-02 0.000000000000000000e+00 0.000000000000000000e+00 1.365296078742657578e-02 2.985074626865671585e-02 4.078605858361141617e-03 2.467105263157894600e-03 0.000000000000000000e+00 0.000000000000000000e+00 2.227171492204899680e-03 2.180957128614157553e-02 1.980198019801980222e-02 1.824352991090369067e-02 1.163757273482959355e-02 7.099945385035499879e-03 0.000000000000000000e+00 0.000000000000000000e+00 1.364256480218281045e-03 2.030269472129937053e-03 3.673769287288758010e-04 0.000000000000000000e+00 0.000000000000000000e+00 0.000000000000000000e+00 0.000000000000000000e+00 0.000000000000000000e+00 0.000000000000000000e+00 3.692307692307692109e-04 0.000000000000000000e+00 0.000000000000000000e+00 0.000000000000000000e+00 1.647446457990115343e-03 0.000000000000000000e+00 1.727911530929616404e-03 0.000000000000000000e+00 1.920491645861340457e-04 2.288853284504463264e-04 5.868544600938967268e-04 9.009009009009009148e-05 4.132602641272123054e-03 0.000000000000000000e+00 2.146341463414634318e-03 0.000000000000000000e+00 4.658746797111577333e-03 2.598077422707196897e-04 1.512605042016806683e-03 0.000000000000000000e+00 1.204819277108433798e-02 6.858710562414265617e-04 3.439972480220158252e-03 2.114611968703742782e-04 4.894762604013705790e-04 2.024086630907803025e-03 7.824923246477209771e-02 3.370098039215686445e-03 4.160798873383689950e-02 0.000000000000000000e+00 0.000000000000000000e+00 3.888299752562743034e-03 2.718981242471175258e-02 0.000000000000000000e+00 5.420054200542005415e-03 1.121453403611079953e-04 6.077348066298342462e-03 0.000000000000000000e+00 0.000000000000000000e+00 9.008197459688315693e-05 4.979412046346835125e-03 0.000000000000000000e+00 5.711022272986864727e-04 0.000000000000000000e+00 6.792992491955666609e-03 0.000000000000000000e+00 0.000000000000000000e+00 0.000000000000000000e+00 0.000000000000000000e+00 2.419354838709677526e-03 6.067961165048543597e-03 0.000000000000000000e+00 0.000000000000000000e+00 0.000000000000000000e+00 0.000000000000000000e+00 0.000000000000000000e+00 2.118644067796610162e-03 0.000000000000000000e+00 7.059654076950229451e-04 0.000000000000000000e+00 4.484304932735426051e-04 0.000000000000000000e+00 0.000000000000000000e+00 0.000000000000000000e+00 0.000000000000000000e+00 0.000000000000000000e+00 0.000000000000000000e+00 0.000000000000000000e+00 0.000000000000000000e+00 0.000000000000000000e+00 0.000000000000000000e+00
4.486316733961417534e-04 0.000000000000000000e+00 3.005832211754149927e-02 0.000000000000000000e+00 4.656796769851951345e-01 0.000000000000000000e+00 1.049798115746971711e-01 1.794526693584567014e-03 0.000000000000000000e+00 5.299417064122946813e-04 0.000000000000000000e+00 0.000000000000000000e+00 2.531811622720713667e-02 1.364070386031919155e-04 1.110734845919403996e-01 9.044317154054868323e-04 0.000000000000000000e+00 0.000000000000000000e+00 1.372118551042810148e-04 0.000000000000000000e+00 1.813165155695703468e-02 0.000000000000000000e+00 1.111287505953325976e-03 4.975124378109452425e-04 1.668520578420467151e-02 2.741228070175438444e-04 2.181818181818181990e-02 0.000000000000000000e+00 2.227171492204899680e-03 0.000000000000000000e+00 1.485148514851485167e-03 3.182011030971574044e-03 0.000000000000000000e+00 0.000000000000000000e+00 0.000000000000000000e+00 0.000000000000000000e+00 0.000000000000000000e+00 0.000000000000000000e+00 0.000000000000000000e+00 0.000000000000000000e+00 0.000000000000000000e+00 0.000000000000000000e+00 0.000000000000000000e+00 0.000000000000000000e+00 0.000000000000000000e+00 0.000000000000000000e+00 0.000000000000000000e+00 0.000000000000000000e+00 0.000000000000000000e+00 0.000000000000000000e+00 0.000000000000000000e+00 0.000000000000000000e+00 0.000000000000000000e+00 0.000000000000000000e+00 0.000000000000000000e+00 0.000000000000000000e+00 0.000000000000000000e+00 0.000000000000000000e+00 0.000000000000000000e+00 0.000000000000000000e+00 0.000000000000000000e+00 0.000000000000000000e+00 0.000000000000000000e+00 0.000000000000000000e+00 0.000000000000000000e+00 0.000000000000000000e+00 0.000000000000000000e+00 0.000000000000000000e+00 2.114611968703742782e-04 0.000000000000000000e+00 1.103127213844752597e-02 1.574431236715736365e-04 9.957107843137254222e-03 0.000000000000000000e+00 0.000000000000000000e+00 0.000000000000000000e+00 1.767408978437610544e-04 0.000000000000000000e+00 0.000000000000000000e+00 0.000000000000000000e+00 0.000000000000000000e+00 0.000000000000000000e+00 0.000000000000000000e+00 0.000000000000000000e+00 9.008197459688315693e-05 0.000000000000000000e+00 0.000000000000000000e+00 0.000000000000000000e+00 0.000000000000000000e+00 0.000000000000000000e+00 0.000000000000000000e+00 0.000000000000000000e+00 0.000000000000000000e+00 0.000000000000000000e+00 0.000000000000000000e+00 0.000000000000000000e+00 0.000000000000000000e+00 0.000000000000000000e+00 0.000000000000000000e+00 0.000000000000000000e+00 0.000000000000000000e+00 0.000000000000000000e+00 0.000000000000000000e+00 0.000000000000000000e+00 0.000000000000000000e+00 0.000000000000000000e+00 0.000000000000000000e+00 0.000000000000000000e+00 0.000000000000000000e+00 0.000000000000000000e+00 0.000000000000000000e+00 0.000000000000000000e+00 0.000000000000000000e+00 0.000000000000000000e+00 0.000000000000000000e+00 0.000000000000000000e+00
0.000000000000000000e+00 2.119766825649178725e-03 3.179650238473768088e-03 1.854795972443031363e-02 1.589825119236884044e-03 2.967673555908850180e-01 5.299417064122946813e-04 8.691043985161632512e-02 5.299417064122946813e-04 0.000000000000000000e+00 0.000000000000000000e+00 2.757775394515091238e-03 1.311819493637675479e-04 1.145819124266812122e-02 6.772773450728073515e-04 1.175761230027132925e-01 0.000000000000000000e+00 0.000000000000000000e+00 0.000000000000000000e+00 0.000000000000000000e+00 2.759164367363027299e-03 8.756567425569176943e-04 1.587553579933322729e-03 2.238805970149253862e-03 6.674082313681869126e-03 6.441885964912280604e-02 5.194805194805194801e-04 4.410911201392919007e-02 0.000000000000000000e+00 4.112662013958125889e-03 1.732673267326732694e-03 3.182011030971574044e-03 0.000000000000000000e+00 1.092299290005461484e-04 0.000000000000000000e+00 0.000000000000000000e+00 0.000000000000000000e+00 0.000000000000000000e+00 0.000000000000000000e+00 0.000000000000000000e+00 0.000000000000000000e+00 0.000000000000000000e+00 0.000000000000000000e+00 0.000000000000000000e+00 0.000000000000000000e+00 0.000000000000000000e+00 0.000000000000000000e+00 0.000000000000000000e+00 0.000000000000000000e+00 3.660992128866923166e-04 0.000000000000000000e+00 0.000000000000000000e+00 0.000000000000000000e+00 0.000000000000000000e+00 0.000000000000000000e+00 0.000000000000000000e+00 0.000000000000000000e+00 8.983918785374180374e-05 0.000000000000000000e+00 0.000000000000000000e+00 0.000000000000000000e+00 0.000000000000000000e+00 0.000000000000000000e+00 0.000000000000000000e+00 0.000000000000000000e+00 5.476451259583789595e-04 0.000000000000000000e+00 0.000000000000000000e+00 0.000000000000000000e+00 0.000000000000000000e+00 4.048173261815605725e-04 6.927497441549240222e-03 1.531862745098039194e-04 1.254640891051081800e-02 0.000000000000000000e+00 4.477611940298507204e-02 0.000000000000000000e+00 3.441748408191361470e-04 0.000000000000000000e+00 0.000000000000000000e+00 0.000000000000000000e+00 3.683241252302025702e-04 0.000000000000000000e+00 0.000000000000000000e+00 0.000000000000000000e+00 9.575792396820836569e-05 0.000000000000000000e+00 0.000000000000000000e+00 0.000000000000000000e+00 0.000000000000000000e+00 0.000000000000000000e+00 0.000000000000000000e+00 0.000000000000000000e+00 0.000000000000000000e+00 0.000000000000000000e+00 0.000000000000000000e+00 0.000000000000000000e+00 0.000000000000000000e+00 0.000000000000000000e+00 0.000000000000000000e+00 0.000000000000000000e+00 0.000000000000000000e+00 0.000000000000000000e+00 0.000000000000000000e+00 0.000000000000000000e+00 0.000000000000000000e+00 0.000000000000000000e+00 0.000000000000000000e+00 0.000000000000000000e+00 0.000000000000000000e+00 0.000000000000000000e+00 0.000000000000000000e+00 0.000000000000000000e+00 0.000000000000000000e+00 0.000000000000000000e+00 0.000000000000000000e+00
2.925893635571055196e-01 3.487358326068003733e-04 3.243243243243243423e-02 2.266782911944202183e-03 3.487358326068003733e-04 0.000000000000000000e+00 9.590235396687009362e-02 6.625980819529206714e-03 0.000000000000000000e+00 0.000000000000000000e+00 0.000000000000000000e+00 1.072468208978090941e-03 2.007083825265643384e-01 2.046105579047878976e-03 4.063664070436843676e-03 0.000000000000000000e+00 7.512953367875647645e-03 8.654262224145391289e-04 3.114709110867178860e-02 1.439008191277396567e-03 0.000000000000000000e+00 0.000000000000000000e+00 1.111287505953325976e-02 2.238805970149253862e-03 1.112347052280311449e-03 0.000000000000000000e+00 0.000000000000000000e+00 0.000000000000000000e+00 3.533778767631774037e-02 4.985044865403788234e-04 1.262376237623762457e-02 3.606279168434450410e-03 7.481296758104737966e-03 1.747678864008738375e-03 5.437737901033169730e-04 0.000000000000000000e+00 0.000000000000000000e+00 0.000000000000000000e+00 0.000000000000000000e+00 0.000000000000000000e+00 0.000000000000000000e+00 0.000000000000000000e+00 0.000000000000000000e+00 0.000000000000000000e+00 1.606941989394182870e-04 0.000000000000000000e+00 0.000000000000000000e+00 0.000000000000000000e+00 2.464875523786048657e-04 0.000000000000000000e+00 2.405291641611545463e-04 0.000000000000000000e+00 0.000000000000000000e+00 0.000000000000000000e+00 0.000000000000000000e+00 0.000000000000000000e+00 6.756756756756757132e-03 8.983918785374180374e-05 4.959497437592990266e-04 0.000000000000000000e+00 5.536332179930795669e-03 0.000000000000000000e+00 5.455962587685113212e-03 0.000000000000000000e+00 5.744125326370756908e-03 0.000000000000000000e+00 1.943301326017375348e-03 0.000000000000000000e+00 4.229223937407485564e-04 0.000000000000000000e+00 6.527679384677664842e-02 1.102101865701015510e-03 2.450980392156862711e-03 1.280245807194981380e-03 0.000000000000000000e+00 0.000000000000000000e+00 2.651113467656415843e-03 3.785923249010497184e-03 0.000000000000000000e+00 0.000000000000000000e+00 2.467197487944375843e-03 0.000000000000000000e+00 0.000000000000000000e+00 0.000000000000000000e+00 3.693360958472209719e-03 9.575792396820836569e-05 0.000000000000000000e+00 0.000000000000000000e+00 4.362050163576881010e-04 0.000000000000000000e+00 0.000000000000000000e+00 0.000000000000000000e+00 0.000000000000000000e+00 0.000000000000000000e+00 0.000000000000000000e+00 2.427184466019417265e-03 0.000000000000000000e+00 0.000000000000000000e+00 0.000000000000000000e+00 0.000000000000000000e+00 0.000000000000000000e+00 0.000000000000000000e+00 0.000000000000000000e+00 0.000000000000000000e+00 0.000000000000000000e+00 0.000000000000000000e+00 0.000000000000000000e+00 0.000000000000000000e+00 0.000000000000000000e+00 0.000000000000000000e+00 0.000000000000000000e+00 0.000000000000000000e+00 0.000000000000000000e+00 0.000000000000000000e+00 0.000000000000000000e+00 0.000000000000000000e+00
1.378887697257545619e-03 1.020376895970583758e-01 1.685307185537000081e-03 2.650528573617282058e-02 0.000000000000000000e+00 3.064194882794545700e-04 3.217404626934272822e-03 1.222613758235023690e-01 0.000000000000000000e+00 2.757775394515091238e-03 1.072468208978090941e-03 0.000000000000000000e+00 2.623638987275350959e-04 2.687218660482880717e-01 0.000000000000000000e+00 4.220681338558938955e-02 0.000000000000000000e+00 2.920813500649069652e-02 5.351262349066959224e-03 1.804294885986273966e-02 0.000000000000000000e+00 0.000000000000000000e+00 3.016351801873313424e-03 9.950248756218905283e-03 0.000000000000000000e+00 5.482456140350876889e-04 0.000000000000000000e+00 0.000000000000000000e+00 4.454342984409799685e-04 6.979062811565303615e-02 3.465346534653465389e-03 4.879083580823079941e-03 2.660016625103906861e-03 8.410704533042052955e-03 0.000000000000000000e+00 0.000000000000000000e+00 7.795751315533034232e-04 9.228497600590623460e-04 0.000000000000000000e+00 0.000000000000000000e+00 0.000000000000000000e+00 0.000000000000000000e+00 0.000000000000000000e+00 0.000000000000000000e+00 0.000000000000000000e+00 6.153846153846154058e-04 0.000000000000000000e+00 0.000000000000000000e+00 0.000000000000000000e+00 7.321984257733846332e-04 0.000000000000000000e+00 4.607764082478977077e-04 0.000000000000000000e+00 3.840983291722680913e-04 0.000000000000000000e+00 5.868544600938967268e-04 0.000000000000000000e+00 8.444883658251729416e-03 0.000000000000000000e+00 3.902439024390244116e-04 1.384083044982699080e-04 6.289308176100629269e-03 0.000000000000000000e+00 8.739495798319327213e-03 0.000000000000000000e+00 1.058780576852865959e-02 1.143118427069044315e-04 9.173259947253755049e-04 0.000000000000000000e+00 4.894762604013705790e-04 1.012043315453901431e-04 6.651971975123986691e-02 6.127450980392156778e-04 1.011394187684035335e-02 0.000000000000000000e+00 0.000000000000000000e+00 2.297631671968893789e-03 4.130098089829633765e-03 0.000000000000000000e+00 1.626016260162601798e-02 0.000000000000000000e+00 2.062615101289134306e-02 0.000000000000000000e+00 0.000000000000000000e+00 0.000000000000000000e+00 1.627884707459542266e-02 0.000000000000000000e+00 5.711022272986864727e-04 0.000000000000000000e+00 1.608866642831605423e-02 0.000000000000000000e+00 0.000000000000000000e+00 0.000000000000000000e+00 0.000000000000000000e+00 8.064516129032258058e-04 1.213592233009708633e-03 0.000000000000000000e+00 0.000000000000000000e+00 0.000000000000000000e+00 0.000000000000000000e+00 0.000000000000000000e+00 0.000000000000000000e+00 0.000000000000000000e+00 0.000000000000000000e+00 0.000000000000000000e+00 0.000000000000000000e+00 0.000000000000000000e+00 0.000000000000000000e+00 0.000000000000000000e+00 0.000000000000000000e+00 0.000000000000000000e+00 0.000000000000000000e+00 0.000000000000000000e+00 0.000000000000000000e+00 0.000000000000000000e+00 0.000000000000000000e+00
5.509641873278237068e-02 0.000000000000000000e+00 2.990948445493899974e-02 2.230093139184048234e-03 3.017184835366653467e-03 1.311819493637675479e-04 2.832218286763741322e-01 3.935458480913026601e-03 2.531811622720713667e-02 1.311819493637675479e-04 2.007083825265643384e-01 2.623638987275350959e-04 0.000000000000000000e+00 4.365025235302141295e-03 2.384016254656281808e-01 3.014772384684956288e-04 5.181347150259067117e-04 0.000000000000000000e+00 6.723380900109769860e-03 3.320788133717068749e-04 1.970831690973590990e-03 0.000000000000000000e+00 2.682965550087315285e-02 3.482587064676617022e-03 7.415647015202075963e-04 1.370614035087719222e-03 5.194805194805194801e-04 0.000000000000000000e+00 1.184855233853006617e-01 6.231306081754735835e-04 1.658415841584158501e-02 7.848960543063216236e-03 2.992518703241895273e-03 2.184598580010922969e-04 5.437737901033169730e-04 0.000000000000000000e+00 5.846813486649776216e-04 0.000000000000000000e+00 0.000000000000000000e+00 0.000000000000000000e+00 0.000000000000000000e+00 0.000000000000000000e+00 0.000000000000000000e+00 0.000000000000000000e+00 0.000000000000000000e+00 0.000000000000000000e+00 0.000000000000000000e+00 0.000000000000000000e+00 0.000000000000000000e+00 0.000000000000000000e+00 0.000000000000000000e+00 0.000000000000000000e+00 0.000000000000000000e+00 0.000000000000000000e+00 0.000000000000000000e+00 0.000000000000000000e+00 3.963963963963964242e-03 0.000000000000000000e+00 1.653165812530996755e-04 0.000000000000000000e+00 3.183391003460207640e-03 0.000000000000000000e+00 5.975578072226552483e-03 0.000000000000000000e+00 2.872062663185378454e-03 0.000000000000000000e+00 4.572473708276177259e-04 0.000000000000000000e+00 6.343835906111228076e-04 0.000000000000000000e+00 6.750328914077521891e-02 1.023380303865228718e-03 2.389705882352941013e-02 1.920368710792472178e-03 1.219512195121951262e-02 0.000000000000000000e+00 1.007423117709438029e-02 2.065049044914816882e-03 1.367989056087551281e-03 0.000000000000000000e+00 2.915778849388807933e-03 0.000000000000000000e+00 0.000000000000000000e+00 0.000000000000000000e+00 3.242951085487793920e-03 0.000000000000000000e+00 0.000000000000000000e+00 0.000000000000000000e+00 1.090512540894220334e-03 0.000000000000000000e+00 0.000000000000000000e+00 0.000000000000000000e+00 0.000000000000000000e+00 0.000000000000000000e+00 0.000000000000000000e+00 0.000000000000000000e+00 0.000000000000000000e+00 0.000000000000000000e+00 0.000000000000000000e+00 6.949270326615705198e-04 0.000000000000000000e+00 4.237288135593220324e-03 0.000000000000000000e+00 0.000000000000000000e+00 0.000000000000000000e+00 0.000000000000000000e+00 0.000000000000000000e+00 0.000000000000000000e+00 0.000000000000000000e+00 0.000000000000000000e+00 0.000000000000000000e+00 0.000000000000000000e+00 0.000000000000000000e+00 0.000000000000000000e+00 0.000000000000000000e+00 0.000000000000000000e+00
