2.987204133464986255e-01 4.747046444510559793e-01 3.575349319686383920e-01 4.813922263239678867e-01 0.000000000000000000e+00 0.000000000000000000e+00 3.379429690890072835e-01 4.596658596748391945e-01 3.758016517857143413e-01 0.000000000000000000e+00 3.027539696375961542e-01 4.457488687030621288e-01 3.596788339277950941e-01 0.000000000000000000e+00 3.794720316507720348e-01 0.000000000000000000e+00 2.708841657236235045e-01 4.471292440607937957e-01 3.876041468725470729e-01 4.871999039925424269e-01 0.000000000000000000e+00 0.000000000000000000e+00 4.142727806475052788e-01 4.425388070578398225e-01 0.000000000000000000e+00 0.000000000000000000e+00 3.976202526315789632e-01 0.000000000000000000e+00 4.102371231669285634e-01 4.583579272981048724e-01 3.847294669447112736e-01 3.990509999999999891e-01 4.119291009212264765e-01 4.860457668201083048e-01 5.040692656250000958e-01 4.535638481012657652e-01 4.579644344470791273e-01 4.895088659793815355e-01 0.000000000000000000e+00 0.000000000000000000e+00 3.921717754386299659e-01 4.618130079999999693e-01 4.203868018867925049e-01 5.851121693548387848e-01 0.000000000000000000e+00 5.199875326262676234e-01 0.000000000000000000e+00 0.000000000000000000e+00 4.307543374999999730e-01 4.798473857142857568e-01 4.235943783873035717e-01 4.907465940226767298e-01 4.020421013165101920e-01 0.000000000000000000e+00 4.229052463165208775e-01 0.000000000000000000e+00 3.385572064424987593e-01 4.693932239551841801e-01 4.283633679141401474e-01 5.078334529914529938e-01 4.146294274877714292e-01 0.000000000000000000e+00 3.895991055507812550e-01 4.643938423001949811e-01 4.262181518800436941e-01 0.000000000000000000e+00 4.283773008429599960e-01 5.094730634228004096e-01 3.599146133663733704e-01 5.089956722326325345e-01 3.466206042983222546e-01 4.835565679470966716e-01 3.757190185943573013e-01 4.640071629488190519e-01 2.945283107142857015e-01 4.562683253012047579e-01 3.764942551303956386e-01 4.482479630226349210e-01 4.785404459459459692e-01 0.000000000000000000e+00 3.932666215686274613e-01 4.901376864406779554e-01 4.402559256198346760e-01 0.000000000000000000e+00 4.294872911080401812e-01 0.000000000000000000e+00 0.000000000000000000e+00 0.000000000000000000e+00 4.409689145825308465e-01 4.294657609376438812e-01 4.362838773399714820e-01 0.000000000000000000e+00 4.032271741115502905e-01 4.602711139784946281e-01 4.365132365221293109e-01 4.399803323509941522e-01 3.881957007299269846e-01 0.000000000000000000e+00 0.000000000000000000e+00 4.553628962962963378e-01 4.203979754098360888e-01 0.000000000000000000e+00 4.031221086621126770e-01 4.313046517126763457e-01 4.316243364705882879e-01 4.035442668067226735e-01 0.000000000000000000e+00 0.000000000000000000e+00 0.000000000000000000e+00 0.000000000000000000e+00 0.000000000000000000e+00 0.000000000000000000e+00 0.000000000000000000e+00 0.000000000000000000e+00 0.000000000000000000e+00 0.000000000000000000e+00
4.747046444510559793e-01 2.883107824394104401e-01 4.758353725022359537e-01 3.340323139992606993e-01 0.000000000000000000e+00 0.000000000000000000e+00 4.620740617142419238e-01 3.210478580134300541e-01 0.000000000000000000e+00 3.206025176886121431e-01 4.389595361979370947e-01 3.522551348884193079e-01 0.000000000000000000e+00 3.795992924325254925e-01 0.000000000000000000e+00 3.745407416702484227e-01 4.752142881447823375e-01 3.248343683121778236e-01 4.959638640540975918e-01 3.293331502941785338e-01 0.000000000000000000e+00 0.000000000000000000e+00 4.553185829545454699e-01 3.919188184549722842e-01 0.000000000000000000e+00 0.000000000000000000e+00 0.000000000000000000e+00 0.000000000000000000e+00 4.796275237491023358e-01 4.075741883074714411e-01 4.299787888231421107e-01 4.030293282442747871e-01 4.940352164913172084e-01 4.503520410306743327e-01 4.909830220665725720e-01 4.884450925925925557e-01 5.079678759792716214e-01 5.112748855852262686e-01 0.000000000000000000e+00 4.981986464834689543e-01 0.000000000000000000e+00 4.524617462861706962e-01 0.000000000000000000e+00 4.082840567375886076e-01 0.000000000000000000e+00 4.327830661452110594e-01 0.000000000000000000e+00 0.000000000000000000e+00 0.000000000000000000e+00 4.244859632602461241e-01 5.084773712121212208e-01 4.183749028242396140e-01 0.000000000000000000e+00 4.166710208188184050e-01 0.000000000000000000e+00 4.376267569137464730e-01 5.005674163739886051e-01 3.281275152040314946e-01 4.918753063063062703e-01 4.106896624519829619e-01 4.818735459803921706e-01 3.900331072797474929e-01 0.000000000000000000e+00 3.857984169778594374e-01 0.000000000000000000e+00 4.102544528241091060e-01 5.137082175736282785e-01 4.342902712900887918e-01 5.061815248337704354e-01 2.611852891288147793e-01 4.884521572252199517e-01 3.559766523622953649e-01 4.534459955863034963e-01 3.831536138764429222e-01 0.000000000000000000e+00 4.079651407493801729e-01 4.467025919925587951e-01 4.012669776273014577e-01 0.000000000000000000e+00 4.103133268895348684e-01 5.042131555135727083e-01 4.271220071813258690e-01 0.000000000000000000e+00 3.766243145763816247e-01 4.403006739130434499e-01 4.392352439575142875e-01 0.000000000000000000e+00 0.000000000000000000e+00 0.000000000000000000e+00 4.463740079856582388e-01 4.636964234622223957e-01 4.648917793106341900e-01 0.000000000000000000e+00 4.781530268231658498e-01 4.450800380472110795e-01 4.334388804975775611e-01 0.000000000000000000e+00 4.892480275229358355e-01 0.000000000000000000e+00 4.796677523234141316e-01 0.000000000000000000e+00 0.000000000000000000e+00 0.000000000000000000e+00 4.638772422214915703e-01 4.406722788263555124e-01 4.451168371218333086e-01 0.000000000000000000e+00 4.870570286755560585e-01 4.057262205882353201e-01 0.000000000000000000e+00 0.000000000000000000e+00 4.101464566929133304e-01 0.000000000000000000e+00 4.714198492063492174e-01 0.000000000000000000e+00 0.000000000000000000e+00
3.575349319686383920e-01 4.758353725022359537e-01 2.755839145129299061e-01 4.571046857111807915e-01 2.396089074768275318e-01 4.207429073390310248e-01 2.985114871170073680e-01 4.477443662761528831e-01 2.727781713906872740e-01 4.166358545907463684e-01 3.745815296975555930e-01 4.534430761509919972e-01 3.396668804002793141e-01 4.291239370424606014e-01 3.212587738436219476e-01 4.097063340550122224e-01 3.889528494968955141e-01 4.779847717236564431e-01 3.188066292383208711e-01 4.937950593023971990e-01 0.000000000000000000e+00 0.000000000000000000e+00 2.711292917250394119e-01 4.413594651849934158e-01 2.925245234509542547e-01 3.955930401586696954e-01 2.952996257087026066e-01 0.000000000000000000e+00 3.515846378824243335e-01 4.472358376943524894e-01 3.700327160722374220e-01 4.212975431001985682e-01 4.151327752205897781e-01 4.728572932443758647e-01 4.281756090925758484e-01 4.950647499999999979e-01 4.347116652499314893e-01 4.581563900709220150e-01 0.000000000000000000e+00 0.000000000000000000e+00 4.136120734567589330e-01 0.000000000000000000e+00 0.000000000000000000e+00 5.749263779527558071e-01 4.860939537090795959e-01 4.995864166666666994e-01 4.279778736842104192e-01 0.000000000000000000e+00 4.535858053918049304e-01 4.831009969200387166e-01 4.387742688305940608e-01 5.341015492957746913e-01 4.219008475883045950e-01 0.000000000000000000e+00 4.397778595077515007e-01 0.000000000000000000e+00 4.126289485181308114e-01 4.838383052483982705e-01 4.378895169879751803e-01 4.944679239510488822e-01 4.280854104291560991e-01 4.847634956521739702e-01 3.898330605769230184e-01 0.000000000000000000e+00 4.309615168238674632e-01 4.560307516339868750e-01 4.455687660302065090e-01 4.886770195799721161e-01 3.924755055121987302e-01 0.000000000000000000e+00 3.514729407296453556e-01 4.156127999533431039e-01 3.511426191562304067e-01 4.338352368770006517e-01 0.000000000000000000e+00 4.472433684210526117e-01 3.830641239338699600e-01 4.247807973380091640e-01 0.000000000000000000e+00 0.000000000000000000e+00 3.840040548843531854e-01 0.000000000000000000e+00 0.000000000000000000e+00 4.704010000000001246e-01 4.379022323960456986e-01 4.704547635135135630e-01 4.562457730061349470e-01 0.000000000000000000e+00 4.343836712027838720e-01 4.653904885439495431e-01 4.093752634551972025e-01 4.632082714450665439e-01 4.113020585373166060e-01 4.645976991273493839e-01 4.345462496152519005e-01 4.381911112315769463e-01 0.000000000000000000e+00 4.746717701863354399e-01 0.000000000000000000e+00 4.264535547445255648e-01 0.000000000000000000e+00 0.000000000000000000e+00 4.100437806910164351e-01 4.087256310598171849e-01 4.127279462840102719e-01 4.527637474682180141e-01 0.000000000000000000e+00 0.000000000000000000e+00 0.000000000000000000e+00 0.000000000000000000e+00 0.000000000000000000e+00 0.000000000000000000e+00 0.000000000000000000e+00 0.000000000000000000e+00 0.000000000000000000e+00 0.000000000000000000e+00
4.813922263239678867e-01 3.340323139992606993e-01 4.571046857111807915e-01 2.528532562336415768e-01 4.210591105961585257e-01 1.807898096546682043e-01 4.479243229909690149e-01 3.001499472058309914e-01 4.417209447128080946e-01 2.871514459012902143e-01 4.439575517036324914e-01 3.767626440994449877e-01 4.353017322144481782e-01 3.471568979193059290e-01 4.341669351851852321e-01 3.187909443453221803e-01 4.780230893517076196e-01 4.107447800922501280e-01 5.023581808012067551e-01 3.054691770790984306e-01 0.000000000000000000e+00 0.000000000000000000e+00 4.454945194127944430e-01 2.789388984216870648e-01 4.040153503595170226e-01 1.560755858658880169e-01 4.088333933201629966e-01 2.927053030303030656e-01 4.338858497313573537e-01 3.643794859487669568e-01 4.254596861582224943e-01 3.419004434317031160e-01 4.924300454791605275e-01 4.134170817631515060e-01 4.528380874999999861e-01 4.286483822021059376e-01 4.873596440598195190e-01 4.705282921559609255e-01 0.000000000000000000e+00 0.000000000000000000e+00 0.000000000000000000e+00 4.023049929449533657e-01 0.000000000000000000e+00 4.229359707518531852e-01 4.833232424242424607e-01 4.594257432716421508e-01 0.000000000000000000e+00 3.987494385964912569e-01 0.000000000000000000e+00 4.428127673654287944e-01 0.000000000000000000e+00 4.304993742654076860e-01 0.000000000000000000e+00 4.171208125187080284e-01 0.000000000000000000e+00 4.208710749727238021e-01 4.574720460526315313e-01 4.066130055600101212e-01 0.000000000000000000e+00 4.267536814722846517e-01 0.000000000000000000e+00 4.081363879889670643e-01 0.000000000000000000e+00 4.115648979284289855e-01 0.000000000000000000e+00 4.223924395522516417e-01 5.078899113853915237e-01 4.479391569756052682e-01 5.047941061422441811e-01 3.901825619439099890e-01 4.621706023600791191e-01 3.557045032119693917e-01 4.405848013047823919e-01 3.734657706001701660e-01 0.000000000000000000e+00 3.938716758650638305e-01 4.457523096164055509e-01 3.913339694763233734e-01 0.000000000000000000e+00 4.330393272125984128e-01 0.000000000000000000e+00 4.049670166305676111e-01 0.000000000000000000e+00 4.028331950710108966e-01 4.570261313159664218e-01 4.005760760911569185e-01 0.000000000000000000e+00 0.000000000000000000e+00 0.000000000000000000e+00 4.030797977813238564e-01 4.437741604745159552e-01 4.346975194072509874e-01 4.112001704978756056e-01 4.309454159262522954e-01 0.000000000000000000e+00 4.108728619115676328e-01 4.472549528301887345e-01 5.081947884615384270e-01 4.940474761904762313e-01 4.411892192982455607e-01 0.000000000000000000e+00 0.000000000000000000e+00 4.063143089887640835e-01 4.384457460274608920e-01 0.000000000000000000e+00 4.098897111122367098e-01 0.000000000000000000e+00 4.351718069486834040e-01 4.286528901098901612e-01 0.000000000000000000e+00 3.914263384615384034e-01 0.000000000000000000e+00 0.000000000000000000e+00 0.000000000000000000e+00 4.209427327586206524e-01 0.000000000000000000e+00
0.000000000000000000e+00 0.000000000000000000e+00 2.396089074768275318e-01 4.210591105961585257e-01 2.047735909240990249e-01 4.191351407142401286e-01 2.896576802417380470e-01 4.369002242754722598e-01 2.243571689446624828e-01 4.311181420800758168e-01 0.000000000000000000e+00 0.000000000000000000e+00 3.317989938717147980e-01 4.133843298566623470e-01 2.401007501282809709e-01 4.285350993061706748e-01 0.000000000000000000e+00 0.000000000000000000e+00 3.939932814584771736e-01 4.372864758684475994e-01 3.295182460571103311e-01 4.142976352272726981e-01 2.888508502887657814e-01 4.177488410868641644e-01 2.328093025146244777e-01 4.215049827326999843e-01 2.628956031979388097e-01 4.416773058866017010e-01 3.319577619151131698e-01 4.271641207067698454e-01 3.637211879305726203e-01 3.806992684620568168e-01 3.932871075268816741e-01 0.000000000000000000e+00 3.848069166666666097e-01 0.000000000000000000e+00 0.000000000000000000e+00 0.000000000000000000e+00 0.000000000000000000e+00 0.000000000000000000e+00 0.000000000000000000e+00 0.000000000000000000e+00 0.000000000000000000e+00 0.000000000000000000e+00 0.000000000000000000e+00 0.000000000000000000e+00 0.000000000000000000e+00 0.000000000000000000e+00 0.000000000000000000e+00 0.000000000000000000e+00 0.000000000000000000e+00 0.000000000000000000e+00 0.000000000000000000e+00 0.000000000000000000e+00 0.000000000000000000e+00 0.000000000000000000e+00 0.000000000000000000e+00 0.000000000000000000e+00 0.000000000000000000e+00 0.000000000000000000e+00 0.000000000000000000e+00 0.000000000000000000e+00 0.000000000000000000e+00 0.000000000000000000e+00 3.757970502463053863e-01 0.000000000000000000e+00 0.000000000000000000e+00 0.000000000000000000e+00 3.884576237623762474e-01 0.000000000000000000e+00 3.396115998816187087e-01 4.505994006369276605e-01 3.325047904868780324e-01 4.081715048515380251e-01 3.009579090909090260e-01 0.000000000000000000e+00 3.381328492932028085e-01 3.305529901888189515e-01 0.000000000000000000e+00 0.000000000000000000e+00 0.000000000000000000e+00 0.000000000000000000e+00 0.000000000000000000e+00 0.000000000000000000e+00 0.000000000000000000e+00 0.000000000000000000e+00 0.000000000000000000e+00 0.000000000000000000e+00 0.000000000000000000e+00 0.000000000000000000e+00 0.000000000000000000e+00 0.000000000000000000e+00 0.000000000000000000e+00 0.000000000000000000e+00 0.000000000000000000e+00 0.000000000000000000e+00 0.000000000000000000e+00 0.000000000000000000e+00 0.000000000000000000e+00 0.000000000000000000e+00 0.000000000000000000e+00 0.000000000000000000e+00 0.000000000000000000e+00 3.908229259259258792e-01 0.000000000000000000e+00 0.000000000000000000e+00 0.000000000000000000e+00 0.000000000000000000e+00 0.000000000000000000e+00 0.000000000000000000e+00 0.000000000000000000e+00 0.000000000000000000e+00 0.000000000000000000e+00 0.000000000000000000e+00 0.000000000000000000e+00 0.000000000000000000e+00
0.000000000000000000e+00 0.000000000000000000e+00 4.207429073390310248e-01 1.807898096546682043e-01 4.191351407142401286e-01 1.708032011662817817e-01 4.613631585365854382e-01 2.508046435185184997e-01 4.344137258181975381e-01 2.236175520879311873e-01 0.000000000000000000e+00 0.000000000000000000e+00 4.392022290270705676e-01 2.784919007457113405e-01 4.039009480519480944e-01 2.382799828844338885e-01 0.000000000000000000e+00 0.000000000000000000e+00 0.000000000000000000e+00 0.000000000000000000e+00 0.000000000000000000e+00 2.178783680227592279e-01 4.235042262848935368e-01 2.272661008047105746e-01 4.181090692822692079e-01 2.018406379663170713e-01 4.412681690195943141e-01 2.044390899603697465e-01 0.000000000000000000e+00 2.821967705451747799e-01 3.863370682294013370e-01 3.208937448389365121e-01 0.000000000000000000e+00 4.021554593866263905e-01 0.000000000000000000e+00 0.000000000000000000e+00 0.000000000000000000e+00 3.799810345727332450e-01 0.000000000000000000e+00 0.000000000000000000e+00 0.000000000000000000e+00 0.000000000000000000e+00 0.000000000000000000e+00 0.000000000000000000e+00 0.000000000000000000e+00 0.000000000000000000e+00 0.000000000000000000e+00 0.000000000000000000e+00 0.000000000000000000e+00 0.000000000000000000e+00 0.000000000000000000e+00 4.139904137931034178e-01 0.000000000000000000e+00 0.000000000000000000e+00 0.000000000000000000e+00 0.000000000000000000e+00 0.000000000000000000e+00 0.000000000000000000e+00 0.000000000000000000e+00 0.000000000000000000e+00 0.000000000000000000e+00 0.000000000000000000e+00 0.000000000000000000e+00 0.000000000000000000e+00 0.000000000000000000e+00 0.000000000000000000e+00 0.000000000000000000e+00 4.158196037735848449e-01 0.000000000000000000e+00 0.000000000000000000e+00 4.614138247813824312e-01 3.353438726239350021e-01 4.179190914529915535e-01 3.031426239346479701e-01 0.000000000000000000e+00 0.000000000000000000e+00 0.000000000000000000e+00 2.975187488333181918e-01 0.000000000000000000e+00 0.000000000000000000e+00 0.000000000000000000e+00 0.000000000000000000e+00 0.000000000000000000e+00 0.000000000000000000e+00 0.000000000000000000e+00 0.000000000000000000e+00 0.000000000000000000e+00 0.000000000000000000e+00 0.000000000000000000e+00 0.000000000000000000e+00 0.000000000000000000e+00 0.000000000000000000e+00 0.000000000000000000e+00 0.000000000000000000e+00 0.000000000000000000e+00 0.000000000000000000e+00 0.000000000000000000e+00 0.000000000000000000e+00 0.000000000000000000e+00 0.000000000000000000e+00 0.000000000000000000e+00 0.000000000000000000e+00 0.000000000000000000e+00 0.000000000000000000e+00 0.000000000000000000e+00 0.000000000000000000e+00 0.000000000000000000e+00 0.000000000000000000e+00 0.000000000000000000e+00 0.000000000000000000e+00 0.000000000000000000e+00 0.000000000000000000e+00 0.000000000000000000e+00 0.000000000000000000e+00 0.000000000000000000e+00 0.000000000000000000e+00
3.379429690890072835e-01 4.620740617142419238e-01 2.985114871170073680e-01 4.479243229909690149e-01 2.896576802417380470e-01 4.613631585365854382e-01 2.721636332365648947e-01 4.404411478284626091e-01 2.619977120524779046e-01 4.307257305201858677e-01 3.692193897195678032e-01 4.402058942307340850e-01 2.960980841974822919e-01 4.312211469917934248e-01 3.197986257920585884e-01 4.309235139957376393e-01 3.596105812064884222e-01 4.508861041666666902e-01 4.137141675195265544e-01 4.773086038077989368e-01 0.000000000000000000e+00 0.000000000000000000e+00 3.384965486387095379e-01 4.355071647185627670e-01 3.478903877085746110e-01 0.000000000000000000e+00 3.499065660173160675e-01 0.000000000000000000e+00 3.278231992725253452e-01 4.386001091468057500e-01 3.498471409018977796e-01 4.369181071606274003e-01 3.914375451996364164e-01 4.677831342986785712e-01 4.047549916849600971e-01 0.000000000000000000e+00 4.289840802755248705e-01 4.075045639097744643e-01 0.000000000000000000e+00 0.000000000000000000e+00 4.143005714285713514e-01 0.000000000000000000e+00 0.000000000000000000e+00 0.000000000000000000e+00 0.000000000000000000e+00 0.000000000000000000e+00 0.000000000000000000e+00 0.000000000000000000e+00 4.279340547945205686e-01 4.440535060975608905e-01 4.138000393775939090e-01 0.000000000000000000e+00 3.908149819277108583e-01 0.000000000000000000e+00 4.105843529394999081e-01 0.000000000000000000e+00 4.103265054440252690e-01 4.863576904761904296e-01 4.299315680907054293e-01 4.906472903225806426e-01 4.162815695276113614e-01 0.000000000000000000e+00 3.698542667434470133e-01 4.147638767123287828e-01 4.120564455950798677e-01 0.000000000000000000e+00 4.288651093469754705e-01 4.619880896691921923e-01 3.996063244906579159e-01 5.014557264957265614e-01 3.223054297627336862e-01 4.355688873564299568e-01 3.343493393134248093e-01 4.335974959866115697e-01 2.719346979591836244e-01 0.000000000000000000e+00 3.500216134436889281e-01 4.231723751554177793e-01 0.000000000000000000e+00 0.000000000000000000e+00 3.669790398480760607e-01 0.000000000000000000e+00 3.831268888888889057e-01 4.823165625000000456e-01 4.040996676376881758e-01 4.298953715843767398e-01 3.992070277270421963e-01 0.000000000000000000e+00 4.170524713007502937e-01 4.804457650273224467e-01 0.000000000000000000e+00 4.011666442080377704e-01 0.000000000000000000e+00 0.000000000000000000e+00 4.173112181058430403e-01 0.000000000000000000e+00 4.494674210526317104e-01 0.000000000000000000e+00 0.000000000000000000e+00 0.000000000000000000e+00 0.000000000000000000e+00 0.000000000000000000e+00 3.814162698412698060e-01 0.000000000000000000e+00 0.000000000000000000e+00 3.814954393939393729e-01 0.000000000000000000e+00 0.000000000000000000e+00 0.000000000000000000e+00 0.000000000000000000e+00 0.000000000000000000e+00 0.000000000000000000e+00 0.000000000000000000e+00 0.000000000000000000e+00 0.000000000000000000e+00 0.000000000000000000e+00
4.596658596748391945e-01 3.210478580134300541e-01 4.477443662761528831e-01 3.001499472058309914e-01 4.369002242754722598e-01 2.508046435185184997e-01 4.404411478284626091e-01 2.767583756724317223e-01 4.319645894779987616e-01 2.440057437931524020e-01 4.372047576317902307e-01 3.412452068184818055e-01 4.317570124458739445e-01 3.010752947198988005e-01 4.485357822110285220e-01 2.859576237301339474e-01 4.189573261711600494e-01 3.772731820823107540e-01 4.764633221686477293e-01 3.921696965726155781e-01 0.000000000000000000e+00 0.000000000000000000e+00 4.465506844094740413e-01 3.645897543308472266e-01 3.905302446285332518e-01 0.000000000000000000e+00 4.170079817576257120e-01 0.000000000000000000e+00 4.334263823627741985e-01 3.433354078290773992e-01 4.240668430448737425e-01 3.364997535599918987e-01 4.700219260627927498e-01 3.957876613315723380e-01 0.000000000000000000e+00 4.438690348837209254e-01 4.888369285714285750e-01 4.392722274940901173e-01 0.000000000000000000e+00 3.797626791044776406e-01 0.000000000000000000e+00 0.000000000000000000e+00 0.000000000000000000e+00 4.392105923076923268e-01 0.000000000000000000e+00 4.139349628953263305e-01 0.000000000000000000e+00 0.000000000000000000e+00 0.000000000000000000e+00 4.094903030326301763e-01 0.000000000000000000e+00 3.965975634024092589e-01 0.000000000000000000e+00 3.918504721764543008e-01 0.000000000000000000e+00 3.984257203317195795e-01 0.000000000000000000e+00 3.999267921700615513e-01 0.000000000000000000e+00 4.146815040354033810e-01 0.000000000000000000e+00 3.768162116988031940e-01 0.000000000000000000e+00 3.629024140551642685e-01 4.254683984375000061e-01 3.981827088143704563e-01 5.261033333333332562e-01 4.499475050749620064e-01 0.000000000000000000e+00 4.433154095324322586e-01 4.484871393980965903e-01 3.007273417687562067e-01 4.225580453148376492e-01 3.495168592296478138e-01 0.000000000000000000e+00 3.485427880602393058e-01 4.309831108088800766e-01 3.713042448715067056e-01 0.000000000000000000e+00 3.677849583333333006e-01 4.157141086956521736e-01 3.962195673271172169e-01 0.000000000000000000e+00 3.872821092867231307e-01 4.378141218817150349e-01 4.044505313771722954e-01 0.000000000000000000e+00 4.024599022988505359e-01 4.389000703756635868e-01 4.044651296652801986e-01 4.348136195871210585e-01 4.234251248908530996e-01 4.017122500000000485e-01 0.000000000000000000e+00 4.454283445378150463e-01 3.933291581480534704e-01 0.000000000000000000e+00 0.000000000000000000e+00 0.000000000000000000e+00 4.049601359999999706e-01 0.000000000000000000e+00 0.000000000000000000e+00 4.632700071942446041e-01 3.656059593495935012e-01 0.000000000000000000e+00 4.687701016949152866e-01 0.000000000000000000e+00 0.000000000000000000e+00 0.000000000000000000e+00 0.000000000000000000e+00 0.000000000000000000e+00 0.000000000000000000e+00 0.000000000000000000e+00 3.230623235294117768e-01 0.000000000000000000e+00 0.000000000000000000e+00
3.758016517857143413e-01 0.000000000000000000e+00 2.727781713906872740e-01 4.417209447128080946e-01 2.243571689446624828e-01 4.344137258181975381e-01 2.619977120524779046e-01 4.319645894779987616e-01 2.221165871936191527e-01 4.356003201064057584e-01 3.215347567567567455e-01 0.000000000000000000e+00 2.704275647353856504e-01 4.440138865830192128e-01 2.468353604885575869e-01 4.199785897838427817e-01 3.492806217905405353e-01 0.000000000000000000e+00 3.787168571428571329e-01 0.000000000000000000e+00 3.180286954261953847e-01 0.000000000000000000e+00 3.424326477022225923e-01 4.424984211482552721e-01 2.613431599124013127e-01 4.173666109727919293e-01 2.734338517579467664e-01 4.664433703703704248e-01 3.270378472089059407e-01 4.453461034482757985e-01 3.658213940451383595e-01 4.284691370532084376e-01 4.320272560975609299e-01 4.060327651006711003e-01 0.000000000000000000e+00 0.000000000000000000e+00 0.000000000000000000e+00 0.000000000000000000e+00 0.000000000000000000e+00 0.000000000000000000e+00 0.000000000000000000e+00 0.000000000000000000e+00 0.000000000000000000e+00 0.000000000000000000e+00 0.000000000000000000e+00 0.000000000000000000e+00 4.247401885245901121e-01 0.000000000000000000e+00 3.746362831325301124e-01 0.000000000000000000e+00 0.000000000000000000e+00 0.000000000000000000e+00 0.000000000000000000e+00 0.000000000000000000e+00 3.732628091603054088e-01 0.000000000000000000e+00 4.085727037037037435e-01 0.000000000000000000e+00 0.000000000000000000e+00 0.000000000000000000e+00 3.816409162875360472e-01 0.000000000000000000e+00 3.144924175824175827e-01 0.000000000000000000e+00 3.650996093054042491e-01 0.000000000000000000e+00 0.000000000000000000e+00 0.000000000000000000e+00 3.848400890756301651e-01 0.000000000000000000e+00 3.123637078029024017e-01 4.682438740753823714e-01 3.316944732420243902e-01 4.177613668562402682e-01 0.000000000000000000e+00 0.000000000000000000e+00 3.279442985696007784e-01 3.447695653968254059e-01 0.000000000000000000e+00 0.000000000000000000e+00 3.411841236618678441e-01 0.000000000000000000e+00 0.000000000000000000e+00 0.000000000000000000e+00 3.643834620026825122e-01 0.000000000000000000e+00 0.000000000000000000e+00 0.000000000000000000e+00 0.000000000000000000e+00 0.000000000000000000e+00 0.000000000000000000e+00 0.000000000000000000e+00 0.000000000000000000e+00 0.000000000000000000e+00 3.750643065035391688e-01 0.000000000000000000e+00 0.000000000000000000e+00 0.000000000000000000e+00 0.000000000000000000e+00 0.000000000000000000e+00 0.000000000000000000e+00 0.000000000000000000e+00 4.016991475409836254e-01 0.000000000000000000e+00 0.000000000000000000e+00 0.000000000000000000e+00 0.000000000000000000e+00 0.000000000000000000e+00 0.000000000000000000e+00 0.000000000000000000e+00 0.000000000000000000e+00 0.000000000000000000e+00 0.000000000000000000e+00 0.000000000000000000e+00 0.000000000000000000e+00 0.000000000000000000e+00
0.000000000000000000e+00 3.206025176886121431e-01 4.166358545907463684e-01 2.871514459012902143e-01 4.311181420800758168e-01 2.236175520879311873e-01 4.307257305201858677e-01 2.440057437931524020e-01 4.356003201064057584e-01 1.950875988363019731e-01 0.000000000000000000e+00 3.320771719269147715e-01 4.383999162375937786e-01 3.096794911310635778e-01 3.991726745921527764e-01 2.580520244560888243e-01 0.000000000000000000e+00 0.000000000000000000e+00 0.000000000000000000e+00 0.000000000000000000e+00 3.822396520202021031e-01 0.000000000000000000e+00 4.112219289903897845e-01 3.030173196890320608e-01 4.203535364865254587e-01 2.087682765724984124e-01 4.365394144772440921e-01 2.096028959831960081e-01 0.000000000000000000e+00 3.256882516163090990e-01 4.089519374817543462e-01 3.277599496451527039e-01 0.000000000000000000e+00 3.819430157768550771e-01 0.000000000000000000e+00 0.000000000000000000e+00 0.000000000000000000e+00 0.000000000000000000e+00 0.000000000000000000e+00 0.000000000000000000e+00 0.000000000000000000e+00 2.956561636363636558e-01 0.000000000000000000e+00 0.000000000000000000e+00 0.000000000000000000e+00 0.000000000000000000e+00 0.000000000000000000e+00 0.000000000000000000e+00 0.000000000000000000e+00 0.000000000000000000e+00 0.000000000000000000e+00 3.857742521309478478e-01 0.000000000000000000e+00 3.459432229729729746e-01 0.000000000000000000e+00 3.940652755620438485e-01 0.000000000000000000e+00 3.512771668353575905e-01 0.000000000000000000e+00 0.000000000000000000e+00 0.000000000000000000e+00 0.000000000000000000e+00 0.000000000000000000e+00 0.000000000000000000e+00 0.000000000000000000e+00 3.735736929133858242e-01 0.000000000000000000e+00 4.121886757660083167e-01 0.000000000000000000e+00 0.000000000000000000e+00 4.650834035787271281e-01 3.325272958177057370e-01 4.133743815636524155e-01 3.265812215664247176e-01 0.000000000000000000e+00 0.000000000000000000e+00 0.000000000000000000e+00 3.231287891215847141e-01 0.000000000000000000e+00 0.000000000000000000e+00 0.000000000000000000e+00 3.312658023349437375e-01 0.000000000000000000e+00 0.000000000000000000e+00 0.000000000000000000e+00 3.806492553738328177e-01 0.000000000000000000e+00 0.000000000000000000e+00 0.000000000000000000e+00 3.758195825151781633e-01 0.000000000000000000e+00 0.000000000000000000e+00 0.000000000000000000e+00 0.000000000000000000e+00 0.000000000000000000e+00 0.000000000000000000e+00 0.000000000000000000e+00 0.000000000000000000e+00 0.000000000000000000e+00 0.000000000000000000e+00 0.000000000000000000e+00 0.000000000000000000e+00 0.000000000000000000e+00 0.000000000000000000e+00 0.000000000000000000e+00 0.000000000000000000e+00 0.000000000000000000e+00 0.000000000000000000e+00 0.000000000000000000e+00 0.000000000000000000e+00 0.000000000000000000e+00 0.000000000000000000e+00 0.000000000000000000e+00 0.000000000000000000e+00 0.000000000000000000e+00 0.000000000000000000e+00
3.027539696375961542e-01 4.389595361979370947e-01 3.745815296975555930e-01 4.439575517036324914e-01 0.000000000000000000e+00 0.000000000000000000e+00 3.692193897195678032e-01 4.372047576317902307e-01 3.215347567567567455e-01 0.000000000000000000e+00 2.898872640333003958e-01 4.326140395914050973e-01 2.944513327138810754e-01 4.095287388991673549e-01 3.477358538737124749e-01 0.000000000000000000e+00 2.900341969911701678e-01 4.023923362068965726e-01 3.979880271921236723e-01 4.530767055827006340e-01 0.000000000000000000e+00 0.000000000000000000e+00 3.833714903334653479e-01 4.265154929229845737e-01 0.000000000000000000e+00 0.000000000000000000e+00 0.000000000000000000e+00 0.000000000000000000e+00 3.028299839252258652e-01 4.226908502806813739e-01 3.575835712221011597e-01 4.036316219819384155e-01 3.799272793033085516e-01 4.326159468253074625e-01 3.865797178365479869e-01 0.000000000000000000e+00 0.000000000000000000e+00 5.284114444444444336e-01 0.000000000000000000e+00 0.000000000000000000e+00 0.000000000000000000e+00 0.000000000000000000e+00 0.000000000000000000e+00 0.000000000000000000e+00 0.000000000000000000e+00 4.483129719101123789e-01 0.000000000000000000e+00 0.000000000000000000e+00 0.000000000000000000e+00 0.000000000000000000e+00 4.099026643980180906e-01 0.000000000000000000e+00 0.000000000000000000e+00 0.000000000000000000e+00 0.000000000000000000e+00 0.000000000000000000e+00 3.947363571090770629e-01 0.000000000000000000e+00 4.197710052366871447e-01 0.000000000000000000e+00 4.071930089183148360e-01 0.000000000000000000e+00 3.834461449578114300e-01 0.000000000000000000e+00 4.141022386746254780e-01 0.000000000000000000e+00 4.317599895684927636e-01 4.884793636363636282e-01 4.530910354737300305e-01 0.000000000000000000e+00 3.267263330641435037e-01 3.906148780487805339e-01 3.608832655333072958e-01 4.258050152950754175e-01 0.000000000000000000e+00 4.351438880863737202e-01 3.572317631302142082e-01 4.161198061597241593e-01 0.000000000000000000e+00 0.000000000000000000e+00 3.797131273878586177e-01 0.000000000000000000e+00 0.000000000000000000e+00 0.000000000000000000e+00 4.160840959395940009e-01 0.000000000000000000e+00 0.000000000000000000e+00 0.000000000000000000e+00 4.145451000450756651e-01 0.000000000000000000e+00 0.000000000000000000e+00 0.000000000000000000e+00 0.000000000000000000e+00 0.000000000000000000e+00 4.323872799999999850e-01 0.000000000000000000e+00 0.000000000000000000e+00 0.000000000000000000e+00 4.461197249999999670e-01 0.000000000000000000e+00 0.000000000000000000e+00 0.000000000000000000e+00 0.000000000000000000e+00 0.000000000000000000e+00 0.000000000000000000e+00 0.000000000000000000e+00 0.000000000000000000e+00 0.000000000000000000e+00 0.000000000000000000e+00 0.000000000000000000e+00 0.000000000000000000e+00 0.000000000000000000e+00 0.000000000000000000e+00 0.000000000000000000e+00 0.000000000000000000e+00 0.000000000000000000e+00
4.457488687030621288e-01 3.522551348884193079e-01 4.534430761509919972e-01 3.767626440994449877e-01 0.000000000000000000e+00 0.000000000000000000e+00 4.402058942307340850e-01 3.412452068184818055e-01 0.000000000000000000e+00 3.320771719269147715e-01 4.326140395914050973e-01 2.715374901751949621e-01 4.237010570577670054e-01 3.022052792136544208e-01 0.000000000000000000e+00 3.411919842941549263e-01 4.447017390935087966e-01 3.295500058954893285e-01 4.696585338813628607e-01 4.112915708927800118e-01 0.000000000000000000e+00 0.000000000000000000e+00 4.307943458171604179e-01 3.807191311140571965e-01 0.000000000000000000e+00 0.000000000000000000e+00 0.000000000000000000e+00 4.293339333333333063e-01 4.336971097560974875e-01 2.854533049486249752e-01 4.084206562126724838e-01 3.824821549324390890e-01 4.588130799808077809e-01 3.830897807040106184e-01 0.000000000000000000e+00 0.000000000000000000e+00 0.000000000000000000e+00 4.030205873418650220e-01 0.000000000000000000e+00 4.189149918699187625e-01 0.000000000000000000e+00 0.000000000000000000e+00 0.000000000000000000e+00 0.000000000000000000e+00 0.000000000000000000e+00 4.307821969696969400e-01 0.000000000000000000e+00 0.000000000000000000e+00 0.000000000000000000e+00 4.287202066726845118e-01 0.000000000000000000e+00 3.945699269790370334e-01 0.000000000000000000e+00 0.000000000000000000e+00 0.000000000000000000e+00 4.249175630787945801e-01 4.920525186318130961e-01 3.894439121295696360e-01 0.000000000000000000e+00 4.306785159888444348e-01 0.000000000000000000e+00 3.968621499804675379e-01 0.000000000000000000e+00 3.885873779010365348e-01 0.000000000000000000e+00 4.085380387435866290e-01 5.018383070866142548e-01 4.415460114386431378e-01 4.823950847457628144e-01 4.372615549223065057e-01 4.403253975808157361e-01 3.224670521394789047e-01 4.410412032729388310e-01 3.716524558372178988e-01 0.000000000000000000e+00 3.571727381365663589e-01 4.283039925349269583e-01 3.712484268546958899e-01 0.000000000000000000e+00 3.986440352275738563e-01 0.000000000000000000e+00 3.963763212655543322e-01 0.000000000000000000e+00 3.256362181589834703e-01 0.000000000000000000e+00 4.229001108595784042e-01 0.000000000000000000e+00 3.718618253968253295e-01 4.387260961538461679e-01 4.299479652949793063e-01 0.000000000000000000e+00 3.883138740157481283e-01 0.000000000000000000e+00 0.000000000000000000e+00 0.000000000000000000e+00 0.000000000000000000e+00 0.000000000000000000e+00 0.000000000000000000e+00 0.000000000000000000e+00 0.000000000000000000e+00 0.000000000000000000e+00 0.000000000000000000e+00 0.000000000000000000e+00 0.000000000000000000e+00 0.000000000000000000e+00 0.000000000000000000e+00 0.000000000000000000e+00 0.000000000000000000e+00 0.000000000000000000e+00 0.000000000000000000e+00 0.000000000000000000e+00 0.000000000000000000e+00 0.000000000000000000e+00 0.000000000000000000e+00 0.000000000000000000e+00 0.000000000000000000e+00
3.596788339277950941e-01 0.000000000000000000e+00 3.396668804002793141e-01 4.353017322144481782e-01 3.317989938717147980e-01 4.392022290270705676e-01 2.960980841974822919e-01 4.317570124458739445e-01 2.704275647353856504e-01 4.383999162375937786e-01 2.944513327138810754e-01 4.237010570577670054e-01 2.548780676176315430e-01 4.205322011895131773e-01 2.570618055348252717e-01 4.531160000000000188e-01 3.747551797034626153e-01 0.000000000000000000e+00 3.945174095167232609e-01 4.385552100843715384e-01 0.000000000000000000e+00 0.000000000000000000e+00 3.522428675193978731e-01 4.308811766520949105e-01 3.493972175735290397e-01 4.246907848101264538e-01 3.145561410364145494e-01 0.000000000000000000e+00 2.929927910386103118e-01 4.075966705885731289e-01 3.423060561206862085e-01 4.391940096721535514e-01 3.826748217745582492e-01 4.326114357828772516e-01 3.975619308517608363e-01 0.000000000000000000e+00 3.887871382113821106e-01 0.000000000000000000e+00 0.000000000000000000e+00 0.000000000000000000e+00 0.000000000000000000e+00 0.000000000000000000e+00 0.000000000000000000e+00 0.000000000000000000e+00 3.996770000000000045e-01 0.000000000000000000e+00 0.000000000000000000e+00 0.000000000000000000e+00 3.824448976377952669e-01 0.000000000000000000e+00 3.931720672259161331e-01 0.000000000000000000e+00 0.000000000000000000e+00 0.000000000000000000e+00 4.010093280456395459e-01 0.000000000000000000e+00 4.032683548666080031e-01 0.000000000000000000e+00 4.107684858160197683e-01 0.000000000000000000e+00 4.001867880319096016e-01 0.000000000000000000e+00 3.712965683590297994e-01 0.000000000000000000e+00 3.973875338256407930e-01 0.000000000000000000e+00 4.193142394938552675e-01 0.000000000000000000e+00 4.082803785648264627e-01 4.523214388489208981e-01 3.088526177305090936e-01 3.998834870486441817e-01 3.454813815370017527e-01 4.187300990291191738e-01 2.719096764705882796e-01 0.000000000000000000e+00 3.521202170108094220e-01 3.873218807314557921e-01 3.630946346059716889e-01 0.000000000000000000e+00 3.657463171621394560e-01 0.000000000000000000e+00 0.000000000000000000e+00 0.000000000000000000e+00 3.869442279002784923e-01 0.000000000000000000e+00 3.911717833772314634e-01 0.000000000000000000e+00 4.078317390029768119e-01 0.000000000000000000e+00 4.085597133309509799e-01 4.098001630434783271e-01 0.000000000000000000e+00 0.000000000000000000e+00 4.026980579797128090e-01 3.899600312500000054e-01 0.000000000000000000e+00 0.000000000000000000e+00 0.000000000000000000e+00 0.000000000000000000e+00 0.000000000000000000e+00 0.000000000000000000e+00 3.559699007633588264e-01 0.000000000000000000e+00 0.000000000000000000e+00 0.000000000000000000e+00 0.000000000000000000e+00 0.000000000000000000e+00 0.000000000000000000e+00 0.000000000000000000e+00 0.000000000000000000e+00 0.000000000000000000e+00 0.000000000000000000e+00 0.000000000000000000e+00 0.000000000000000000e+00 0.000000000000000000e+00
