0.000000000000000000e+00 1.629458557865024262e-02 4.599641312374722762e-02 2.974178721103149913e-03 3.384094754653130276e-04 0.000000000000000000e+00 1.528530443098501668e-01 3.989892272908631549e-03 5.190311418685120831e-03 0.000000000000000000e+00 2.965858743810268483e-01 9.276437847866419442e-04 6.560606060606061218e-02 0.000000000000000000e+00 1.191185229303156744e-03 0.000000000000000000e+00 1.633160153602891407e-01 2.088928678006565266e-03 4.343735298729810290e-02 1.824018677951262310e-02 0.000000000000000000e+00 0.000000000000000000e+00 2.150537634408602149e-03 0.000000000000000000e+00 4.409171075837742260e-04 0.000000000000000000e+00 0.000000000000000000e+00 0.000000000000000000e+00 3.391418399850103238e-02 1.836359926545602910e-03 3.325573661456601043e-04 8.014961261020571394e-04 8.580080753701211163e-03 1.246822418593390713e-02 0.000000000000000000e+00 0.000000000000000000e+00 7.637608638398735161e-02 0.000000000000000000e+00 1.996007984031935960e-03 0.000000000000000000e+00 1.724137931034482735e-02 0.000000000000000000e+00 0.000000000000000000e+00 0.000000000000000000e+00 4.816955684007707072e-04 0.000000000000000000e+00 0.000000000000000000e+00 0.000000000000000000e+00 9.747945968528059666e-04 8.829242450997704409e-05 5.267956640664573330e-03 0.000000000000000000e+00 4.651162790697674679e-04 0.000000000000000000e+00 8.001600320064012825e-04 0.000000000000000000e+00 2.452061768199558789e-01 2.310135720473577986e-03 1.217912685029042506e-02 7.690828686791001487e-04 5.536786786786786901e-02 0.000000000000000000e+00 2.262908866488376816e-02 0.000000000000000000e+00 5.713526441668881350e-02 1.860811313732787609e-04 1.936912008854454982e-03 2.151462994836488886e-04 1.404689535388623511e-01 1.133603238866396842e-02 6.660761736049601589e-02 0.000000000000000000e+00 4.651830581478822585e-02 9.394712119178633483e-04 1.758087201125175733e-03 0.000000000000000000e+00 8.677563150074293907e-02 7.601672367920942483e-04 0.000000000000000000e+00 0.000000000000000000e+00 1.638806948541461986e-02 0.000000000000000000e+00 0.000000000000000000e+00 0.000000000000000000e+00 3.535720778040356282e-02 1.231982259455463797e-04 1.863932898415656975e-03 0.000000000000000000e+00 2.078626299141437053e-02 0.000000000000000000e+00 8.683068017366136256e-04 6.910850034554249935e-04 0.000000000000000000e+00 0.000000000000000000e+00 2.433090024330900394e-02 8.163265306122449716e-03 2.012072434607646045e-03 0.000000000000000000e+00 3.392705682782018624e-03 0.000000000000000000e+00 0.000000000000000000e+00 0.000000000000000000e+00 1.717408274785323964e-03 5.602240896358543030e-04 6.854009595613434324e-04 0.000000000000000000e+00 0.000000000000000000e+00 0.000000000000000000e+00 0.000000000000000000e+00 0.000000000000000000e+00 1.285347043701799393e-03 0.000000000000000000e+00 4.000000000000000083e-03 0.000000000000000000e+00 0.000000000000000000e+00 0.000000000000000000e+00
1.629458557865024262e-02 0.000000000000000000e+00 4.852832577276084206e-03 6.191699337569284839e-02 0.000000000000000000e+00 0.000000000000000000e+00 3.187759005419190132e-04 1.218247107328102180e-01 0.000000000000000000e+00 4.859086491739553031e-03 0.000000000000000000e+00 5.071119356833642816e-02 0.000000000000000000e+00 1.056654676258992828e-02 0.000000000000000000e+00 1.889763779527559072e-03 9.035464196973119234e-04 9.071918830199940387e-02 1.568135486906068604e-02 4.990515102874653469e-02 0.000000000000000000e+00 0.000000000000000000e+00 1.792114695340501791e-04 0.000000000000000000e+00 0.000000000000000000e+00 0.000000000000000000e+00 0.000000000000000000e+00 0.000000000000000000e+00 3.747423646243207653e-04 5.305039787798408735e-02 6.651147322913202086e-04 0.000000000000000000e+00 1.211305518169582783e-02 2.905217286042852121e-02 0.000000000000000000e+00 0.000000000000000000e+00 1.316829075585988903e-03 5.677154582763337815e-02 0.000000000000000000e+00 0.000000000000000000e+00 0.000000000000000000e+00 1.702127659574468113e-02 0.000000000000000000e+00 0.000000000000000000e+00 0.000000000000000000e+00 8.103727714748784052e-04 0.000000000000000000e+00 0.000000000000000000e+00 0.000000000000000000e+00 3.266819706869150686e-03 2.026137169486374274e-04 7.612343455840222921e-03 0.000000000000000000e+00 3.266906239790917893e-04 0.000000000000000000e+00 9.689922480620154904e-04 3.393857118615306503e-04 2.942535373953219513e-01 1.873711823121603827e-04 1.442030378773312763e-02 3.753753753753753721e-04 6.530612244897959773e-02 0.000000000000000000e+00 1.523063533507397656e-02 0.000000000000000000e+00 3.293636025307034032e-02 8.301051466519092934e-04 9.681583476764199850e-03 1.324359531046461098e-02 1.109311740890688291e-01 1.417183348095659963e-03 3.035538005923001104e-02 7.178750897343862429e-04 3.207623137833847532e-02 0.000000000000000000e+00 2.867677181482998668e-03 2.228826151560178194e-03 5.644241733181299542e-02 0.000000000000000000e+00 4.291845493562231745e-03 0.000000000000000000e+00 1.120543293718166342e-02 0.000000000000000000e+00 0.000000000000000000e+00 9.089256498818396024e-05 3.708266600960945930e-02 0.000000000000000000e+00 0.000000000000000000e+00 0.000000000000000000e+00 2.543201825888490378e-02 0.000000000000000000e+00 2.764340013821699974e-03 0.000000000000000000e+00 2.987303958177744793e-03 0.000000000000000000e+00 3.673469387755102372e-02 0.000000000000000000e+00 0.000000000000000000e+00 8.481764206955046560e-04 4.048582995951417046e-03 0.000000000000000000e+00 1.792114695340501791e-03 3.122560499609679935e-04 1.680672268907563126e-03 0.000000000000000000e+00 1.789976133651551395e-03 0.000000000000000000e+00 0.000000000000000000e+00 0.000000000000000000e+00 4.545454545454545234e-03 0.000000000000000000e+00 0.000000000000000000e+00 0.000000000000000000e+00 1.169590643274853823e-03 0.000000000000000000e+00 0.000000000000000000e+00
4.599641312374722762e-02 4.852832577276084206e-03 0.000000000000000000e+00 6.083547384074624448e-03 1.191201353637901805e-01 1.464128843338213803e-03 2.781319732228243469e-01 9.841734273174624834e-03 7.612456747404844348e-02 2.137998056365403299e-02 2.632264790200677593e-02 6.802721088435373896e-03 7.621212121212121715e-02 2.248201438848920763e-03 4.169148302561048042e-02 1.889763779527559072e-03 1.761915518409758186e-02 8.952551477170993689e-04 1.535204641681041371e-01 1.181964103312417927e-02 3.984063745019920250e-03 0.000000000000000000e+00 2.867383512544802726e-01 4.085801838610827498e-03 1.715167548500881878e-01 2.795899347623485680e-03 9.559434746467166191e-03 1.620089104900769615e-03 4.496908375491849574e-02 2.244439910222403509e-03 3.525108081143997485e-02 2.190756078012289637e-02 1.009421265141318899e-02 5.810434572085704068e-03 2.707930367504835477e-03 0.000000000000000000e+00 1.448511983144587859e-02 0.000000000000000000e+00 9.980039920159679799e-04 0.000000000000000000e+00 0.000000000000000000e+00 0.000000000000000000e+00 2.442598925256472819e-04 0.000000000000000000e+00 1.284521515735388480e-03 0.000000000000000000e+00 0.000000000000000000e+00 0.000000000000000000e+00 2.506614677621501336e-03 0.000000000000000000e+00 1.306858474318711369e-02 0.000000000000000000e+00 4.651162790697674679e-04 0.000000000000000000e+00 1.600320064012802565e-03 1.937984496124030981e-04 1.510266417783811231e-02 1.443834825295986241e-04 7.869589657110737102e-03 5.768121515093251658e-04 1.144894894894894939e-02 0.000000000000000000e+00 1.028594939312898592e-03 2.175805047867710991e-04 1.621047036938612698e-02 3.721622627465575217e-04 1.318944844124700193e-02 3.227194492254733464e-04 1.628310898827615982e-02 0.000000000000000000e+00 4.286979627989371405e-02 4.935834155972358998e-04 6.374730796841349134e-02 1.073681385048986777e-03 5.274261603375527199e-03 0.000000000000000000e+00 6.775631500742941571e-02 3.420752565564424280e-03 2.624671916010498651e-03 0.000000000000000000e+00 1.802687643395607924e-03 0.000000000000000000e+00 0.000000000000000000e+00 0.000000000000000000e+00 7.725868023995637393e-03 1.231982259455463797e-04 0.000000000000000000e+00 0.000000000000000000e+00 6.476879048049405223e-03 0.000000000000000000e+00 8.683068017366136256e-04 1.036627505183137544e-03 0.000000000000000000e+00 0.000000000000000000e+00 7.299270072992700489e-03 0.000000000000000000e+00 0.000000000000000000e+00 0.000000000000000000e+00 8.481764206955046560e-04 0.000000000000000000e+00 0.000000000000000000e+00 0.000000000000000000e+00 9.367681498829039805e-04 3.734827264239028687e-04 1.028101439342015040e-03 8.949880668257756975e-04 0.000000000000000000e+00 2.666666666666666578e-03 0.000000000000000000e+00 0.000000000000000000e+00 0.000000000000000000e+00 0.000000000000000000e+00 0.000000000000000000e+00 0.000000000000000000e+00 0.000000000000000000e+00 0.000000000000000000e+00
2.974178721103149913e-03 6.191699337569284839e-02 6.083547384074624448e-03 0.000000000000000000e+00 1.015228426395939137e-03 1.043191800878477266e-01 1.163532036978004447e-02 1.517489027796249390e-01 1.730103806228373755e-03 5.733722060252672420e-02 1.303101381287464144e-03 5.287569573283858876e-02 4.393939393939393610e-03 3.147482014388489069e-02 8.933889219773674499e-04 1.732283464566929110e-02 6.776598147729839426e-04 2.805132796180244761e-02 7.213423239767915648e-03 1.222822121698526193e-01 1.328021248339973344e-03 0.000000000000000000e+00 1.003584229390681003e-02 2.517875383043922111e-01 3.086419753086419582e-03 1.328052190121155607e-01 0.000000000000000000e+00 1.660591332523288916e-02 9.368559115608019947e-04 2.734135890634564400e-02 1.296973727968074412e-02 1.082019770237777206e-01 2.691790040376850629e-03 2.626800629463745332e-02 7.736943907156672946e-04 7.586533902323376079e-03 0.000000000000000000e+00 7.865937072503419863e-03 0.000000000000000000e+00 2.684563758389261600e-03 0.000000000000000000e+00 8.510638297872340566e-03 0.000000000000000000e+00 0.000000000000000000e+00 0.000000000000000000e+00 1.350621285791464099e-04 0.000000000000000000e+00 1.880406167732230117e-04 0.000000000000000000e+00 3.178527282359173371e-03 1.013068584743187137e-04 2.046328885978554446e-03 0.000000000000000000e+00 0.000000000000000000e+00 0.000000000000000000e+00 1.937984496124030981e-04 0.000000000000000000e+00 6.930407161420733091e-03 0.000000000000000000e+00 3.153239761584310935e-02 3.753753753753753721e-04 7.535321821036106496e-03 0.000000000000000000e+00 3.046127067014795659e-03 2.657454158915758548e-04 9.676218831410494589e-03 4.611695259177273792e-04 1.280120481927710802e-02 2.171081198436821606e-04 4.858299595141700629e-03 1.771479185119574954e-04 3.874629812438302318e-02 7.178750897343862429e-04 6.697087639243054502e-02 0.000000000000000000e+00 4.096681687832855472e-04 1.188707280832094993e-03 8.437856328392245864e-02 0.000000000000000000e+00 4.291845493562231745e-03 0.000000000000000000e+00 2.037351443123938764e-03 0.000000000000000000e+00 0.000000000000000000e+00 0.000000000000000000e+00 1.231982259455463797e-03 0.000000000000000000e+00 0.000000000000000000e+00 0.000000000000000000e+00 9.781545484186500786e-04 0.000000000000000000e+00 1.036627505183137544e-03 0.000000000000000000e+00 7.468259895444361984e-04 2.433090024330900308e-03 2.857142857142857054e-02 0.000000000000000000e+00 0.000000000000000000e+00 0.000000000000000000e+00 1.349527665317138943e-03 0.000000000000000000e+00 0.000000000000000000e+00 1.561280249804839967e-04 1.493930905695611475e-03 3.427004797806717162e-04 1.789976133651551395e-03 0.000000000000000000e+00 0.000000000000000000e+00 0.000000000000000000e+00 1.818181818181818094e-02 1.285347043701799393e-03 0.000000000000000000e+00 0.000000000000000000e+00 1.169590643274853823e-03 0.000000000000000000e+00 0.000000000000000000e+00
3.384094754653130276e-04 0.000000000000000000e+00 1.191201353637901805e-01 1.015228426395939137e-03 0.000000000000000000e+00 1.098096632503660353e-03 2.550207204335352106e-03 1.329964090969543904e-04 1.877162629757785361e-01 0.000000000000000000e+00 0.000000000000000000e+00 3.092145949288806661e-04 2.424242424242424240e-03 2.248201438848920980e-04 1.235854675402024982e-01 0.000000000000000000e+00 2.258866049243279809e-04 0.000000000000000000e+00 1.568135486906068702e-04 0.000000000000000000e+00 2.390438247011952150e-02 0.000000000000000000e+00 2.992831541218637925e-02 1.276813074565883539e-03 2.998236331569664737e-01 6.523765144454799630e-03 1.271820448877805376e-01 6.480356419603078462e-03 3.747423646243207979e-03 0.000000000000000000e+00 7.648819421350183320e-03 1.870157627571466695e-03 3.364737550471063286e-04 1.210507202517855014e-04 0.000000000000000000e+00 0.000000000000000000e+00 0.000000000000000000e+00 0.000000000000000000e+00 0.000000000000000000e+00 0.000000000000000000e+00 0.000000000000000000e+00 0.000000000000000000e+00 0.000000000000000000e+00 0.000000000000000000e+00 0.000000000000000000e+00 0.000000000000000000e+00 0.000000000000000000e+00 0.000000000000000000e+00 0.000000000000000000e+00 0.000000000000000000e+00 0.000000000000000000e+00 0.000000000000000000e+00 0.000000000000000000e+00 0.000000000000000000e+00 0.000000000000000000e+00 0.000000000000000000e+00 0.000000000000000000e+00 0.000000000000000000e+00 0.000000000000000000e+00 0.000000000000000000e+00 0.000000000000000000e+00 0.000000000000000000e+00 2.057189878625797130e-04 0.000000000000000000e+00 0.000000000000000000e+00 0.000000000000000000e+00 0.000000000000000000e+00 0.000000000000000000e+00 2.171081198436821606e-04 0.000000000000000000e+00 3.844109831709477398e-02 0.000000000000000000e+00 2.785355348169418419e-02 0.000000000000000000e+00 7.735583684950773919e-03 0.000000000000000000e+00 2.228826151560178194e-03 0.000000000000000000e+00 0.000000000000000000e+00 0.000000000000000000e+00 0.000000000000000000e+00 0.000000000000000000e+00 0.000000000000000000e+00 0.000000000000000000e+00 0.000000000000000000e+00 0.000000000000000000e+00 0.000000000000000000e+00 0.000000000000000000e+00 0.000000000000000000e+00 0.000000000000000000e+00 0.000000000000000000e+00 0.000000000000000000e+00 0.000000000000000000e+00 0.000000000000000000e+00 0.000000000000000000e+00 0.000000000000000000e+00 0.000000000000000000e+00 0.000000000000000000e+00 0.000000000000000000e+00 0.000000000000000000e+00 0.000000000000000000e+00 0.000000000000000000e+00 0.000000000000000000e+00 0.000000000000000000e+00 0.000000000000000000e+00 2.983293556085918992e-04 0.000000000000000000e+00 0.000000000000000000e+00 0.000000000000000000e+00 0.000000000000000000e+00 0.000000000000000000e+00 0.000000000000000000e+00 0.000000000000000000e+00 0.000000000000000000e+00 0.000000000000000000e+00 0.000000000000000000e+00
0.000000000000000000e+00 0.000000000000000000e+00 1.464128843338213803e-03 1.043191800878477266e-01 1.098096632503660353e-03 0.000000000000000000e+00 3.187759005419190132e-04 1.196967681872589378e-03 0.000000000000000000e+00 2.332361516034985385e-02 0.000000000000000000e+00 0.000000000000000000e+00 3.030303030303030300e-04 2.248201438848920980e-04 1.191185229303156744e-03 6.582677165354330895e-02 0.000000000000000000e+00 0.000000000000000000e+00 1.568135486906068702e-04 4.377644827083029540e-04 7.968127490039840499e-03 4.504504504504504292e-02 2.508960573476702507e-03 4.264555669050051206e-02 3.527336860670193808e-03 3.965517241379310498e-01 8.312551953449709213e-04 2.037262049412717768e-01 1.873711823121603827e-04 2.040399918384003426e-03 6.651147322913202736e-03 1.148811114079615302e-02 0.000000000000000000e+00 3.631521607553565042e-04 0.000000000000000000e+00 0.000000000000000000e+00 0.000000000000000000e+00 0.000000000000000000e+00 0.000000000000000000e+00 0.000000000000000000e+00 0.000000000000000000e+00 0.000000000000000000e+00 0.000000000000000000e+00 0.000000000000000000e+00 0.000000000000000000e+00 0.000000000000000000e+00 0.000000000000000000e+00 0.000000000000000000e+00 0.000000000000000000e+00 0.000000000000000000e+00 0.000000000000000000e+00 0.000000000000000000e+00 0.000000000000000000e+00 0.000000000000000000e+00 0.000000000000000000e+00 0.000000000000000000e+00 0.000000000000000000e+00 0.000000000000000000e+00 0.000000000000000000e+00 0.000000000000000000e+00 0.000000000000000000e+00 0.000000000000000000e+00 0.000000000000000000e+00 0.000000000000000000e+00 0.000000000000000000e+00 1.860811313732787609e-04 0.000000000000000000e+00 1.075731497418244443e-04 0.000000000000000000e+00 2.699055330634277886e-04 5.314437555358724049e-04 6.515301085883513921e-02 2.871500358937545080e-04 3.288149241712522153e-02 0.000000000000000000e+00 2.458009012699713391e-03 0.000000000000000000e+00 2.660585328772329707e-03 0.000000000000000000e+00 0.000000000000000000e+00 0.000000000000000000e+00 0.000000000000000000e+00 0.000000000000000000e+00 0.000000000000000000e+00 0.000000000000000000e+00 0.000000000000000000e+00 0.000000000000000000e+00 0.000000000000000000e+00 0.000000000000000000e+00 0.000000000000000000e+00 0.000000000000000000e+00 0.000000000000000000e+00 0.000000000000000000e+00 0.000000000000000000e+00 0.000000000000000000e+00 0.000000000000000000e+00 0.000000000000000000e+00 0.000000000000000000e+00 0.000000000000000000e+00 0.000000000000000000e+00 0.000000000000000000e+00 0.000000000000000000e+00 0.000000000000000000e+00 0.000000000000000000e+00 0.000000000000000000e+00 0.000000000000000000e+00 0.000000000000000000e+00 0.000000000000000000e+00 0.000000000000000000e+00 0.000000000000000000e+00 0.000000000000000000e+00 0.000000000000000000e+00 0.000000000000000000e+00 0.000000000000000000e+00 0.000000000000000000e+00 0.000000000000000000e+00
1.528530443098501668e-01 3.187759005419190132e-04 2.781319732228243469e-01 1.163532036978004447e-02 2.550207204335352106e-03 3.187759005419190132e-04 0.000000000000000000e+00 1.755552600079797812e-02 1.124567474048442928e-01 7.774538386783284329e-03 6.254886630179827545e-02 6.184291898577613106e-03 1.613636363636363757e-01 2.697841726618705176e-03 1.429422275163787920e-02 2.834645669291338717e-03 3.162412468940591949e-03 1.193673530289465897e-03 1.176101615179551453e-02 4.085801838610827498e-03 0.000000000000000000e+00 0.000000000000000000e+00 2.885304659498207774e-02 7.405515832482124569e-03 8.818342151675484519e-04 2.795899347623485680e-03 0.000000000000000000e+00 8.100445524503848077e-04 1.049278620948098165e-02 2.448479902060804025e-03 1.862321250415696627e-02 2.778519903820464779e-02 4.374158815612381838e-03 4.842028810071419623e-03 1.160541586073500888e-03 0.000000000000000000e+00 2.897023966289175717e-03 0.000000000000000000e+00 0.000000000000000000e+00 0.000000000000000000e+00 0.000000000000000000e+00 0.000000000000000000e+00 0.000000000000000000e+00 0.000000000000000000e+00 3.211303789338471200e-04 0.000000000000000000e+00 1.640689089417555362e-04 0.000000000000000000e+00 4.177691129369168893e-04 0.000000000000000000e+00 8.104548677945497097e-04 0.000000000000000000e+00 0.000000000000000000e+00 0.000000000000000000e+00 0.000000000000000000e+00 0.000000000000000000e+00 9.672492788053623641e-03 0.000000000000000000e+00 1.873711823121603827e-04 0.000000000000000000e+00 4.316816816816816671e-03 0.000000000000000000e+00 6.171569635877391120e-04 0.000000000000000000e+00 7.706617060855700495e-03 0.000000000000000000e+00 1.291274672569636510e-03 2.151462994836488886e-04 1.519756838905775070e-03 0.000000000000000000e+00 5.863596102745792515e-02 2.467917077986179499e-04 1.880832735104091824e-02 4.697356059589316742e-03 3.516174402250351683e-04 4.096681687832855472e-04 3.150074294205051917e-02 2.660585328772329707e-03 0.000000000000000000e+00 0.000000000000000000e+00 3.769255981645362220e-03 0.000000000000000000e+00 0.000000000000000000e+00 0.000000000000000000e+00 9.543719323759317086e-03 0.000000000000000000e+00 0.000000000000000000e+00 0.000000000000000000e+00 6.627504142190088904e-03 0.000000000000000000e+00 2.894356005788711905e-04 0.000000000000000000e+00 0.000000000000000000e+00 0.000000000000000000e+00 4.866180048661800615e-03 0.000000000000000000e+00 1.006036217303823022e-03 0.000000000000000000e+00 0.000000000000000000e+00 0.000000000000000000e+00 0.000000000000000000e+00 0.000000000000000000e+00 1.561280249804839967e-04 1.867413632119514343e-04 0.000000000000000000e+00 0.000000000000000000e+00 0.000000000000000000e+00 0.000000000000000000e+00 0.000000000000000000e+00 0.000000000000000000e+00 0.000000000000000000e+00 0.000000000000000000e+00 0.000000000000000000e+00 0.000000000000000000e+00 0.000000000000000000e+00 0.000000000000000000e+00
3.989892272908631549e-03 1.218247107328102180e-01 9.841734273174624834e-03 1.517489027796249390e-01 1.329964090969543904e-04 1.196967681872589378e-03 1.755552600079797812e-02 0.000000000000000000e+00 8.650519031141868775e-04 1.642371234207968822e-01 2.084962210059942631e-03 1.660482374768089131e-01 4.393939393939393610e-03 2.958633093525179780e-01 5.955926146515783722e-04 1.404724409448818989e-01 9.035464196973119234e-04 1.462250074604595600e-02 1.427003293084522575e-02 2.130453815847074134e-02 0.000000000000000000e+00 0.000000000000000000e+00 1.129032258064516063e-02 1.021450459652706831e-02 4.409171075837742260e-04 4.659832246039142438e-04 0.000000000000000000e+00 8.100445524503848077e-04 2.248454187745924700e-03 2.713731891450724479e-02 1.529763884270036664e-02 1.469409564520438201e-02 5.383580080753701258e-03 9.563006899891054666e-03 0.000000000000000000e+00 2.844950213371266138e-03 2.633658151171978023e-04 4.787961696306429482e-03 0.000000000000000000e+00 0.000000000000000000e+00 0.000000000000000000e+00 0.000000000000000000e+00 0.000000000000000000e+00 2.126528442317915943e-04 0.000000000000000000e+00 1.350621285791464045e-03 0.000000000000000000e+00 0.000000000000000000e+00 0.000000000000000000e+00 3.531696980399081764e-03 1.013068584743187137e-04 9.167553409183924751e-03 0.000000000000000000e+00 0.000000000000000000e+00 0.000000000000000000e+00 3.875968992248061962e-04 1.696928559307653251e-04 7.796708056598325269e-03 1.873711823121603827e-04 4.614497212074601326e-03 0.000000000000000000e+00 2.605965463108320113e-02 2.057189878625797130e-04 8.485639686684073868e-03 0.000000000000000000e+00 2.456270934127279329e-02 9.223390518354546500e-05 5.055938037865749003e-03 2.171081198436821606e-04 8.097165991902833659e-04 8.857395925597874500e-04 8.168805528134254201e-02 7.178750897343862429e-04 4.764461146154878868e-02 0.000000000000000000e+00 8.193363375665710943e-04 1.634472511144130806e-03 5.891296085138730820e-02 0.000000000000000000e+00 8.583690987124463490e-03 0.000000000000000000e+00 2.376910016977928572e-02 0.000000000000000000e+00 0.000000000000000000e+00 9.089256498818396024e-05 2.155968954047061611e-02 0.000000000000000000e+00 9.149130832570906207e-04 0.000000000000000000e+00 1.613955004890772760e-02 0.000000000000000000e+00 6.910850034554249935e-04 0.000000000000000000e+00 0.000000000000000000e+00 2.433090024330900308e-03 1.224489795918367284e-02 0.000000000000000000e+00 0.000000000000000000e+00 0.000000000000000000e+00 0.000000000000000000e+00 0.000000000000000000e+00 0.000000000000000000e+00 0.000000000000000000e+00 1.867413632119514343e-04 0.000000000000000000e+00 8.949880668257756975e-04 0.000000000000000000e+00 0.000000000000000000e+00 0.000000000000000000e+00 4.545454545454545234e-03 0.000000000000000000e+00 0.000000000000000000e+00 0.000000000000000000e+00 0.000000000000000000e+00 0.000000000000000000e+00 0.000000000000000000e+00
5.190311418685120831e-03 0.000000000000000000e+00 7.612456747404844348e-02 1.730103806228373755e-03 1.877162629757785361e-01 0.000000000000000000e+00 1.124567474048442928e-01 8.650519031141868775e-04 0.000000000000000000e+00 9.718172983479105411e-04 2.345582486317435676e-03 0.000000000000000000e+00 3.621212121212120938e-02 0.000000000000000000e+00 2.025014889815366370e-01 0.000000000000000000e+00 6.776598147729839426e-04 0.000000000000000000e+00 7.840677434530343238e-04 0.000000000000000000e+00 1.328021248339973344e-03 0.000000000000000000e+00 1.021505376344086086e-02 2.553626149131767186e-04 1.278659611992945255e-02 1.397949673811742840e-03 1.995012468827930124e-02 4.050222762251924039e-04 2.154768596589844501e-02 0.000000000000000000e+00 1.662786830728300684e-03 8.014961261020571394e-04 5.047106325706594929e-04 0.000000000000000000e+00 3.868471953578336473e-04 4.741583688952110049e-04 0.000000000000000000e+00 0.000000000000000000e+00 0.000000000000000000e+00 0.000000000000000000e+00 0.000000000000000000e+00 0.000000000000000000e+00 0.000000000000000000e+00 0.000000000000000000e+00 0.000000000000000000e+00 0.000000000000000000e+00 0.000000000000000000e+00 0.000000000000000000e+00 0.000000000000000000e+00 0.000000000000000000e+00 0.000000000000000000e+00 0.000000000000000000e+00 0.000000000000000000e+00 0.000000000000000000e+00 0.000000000000000000e+00 0.000000000000000000e+00 1.696928559307653251e-04 0.000000000000000000e+00 0.000000000000000000e+00 0.000000000000000000e+00 1.876876876876876861e-04 0.000000000000000000e+00 2.057189878625797130e-04 0.000000000000000000e+00 2.657454158915758548e-04 0.000000000000000000e+00 0.000000000000000000e+00 0.000000000000000000e+00 2.171081198436821606e-04 0.000000000000000000e+00 8.857395925597874933e-03 0.000000000000000000e+00 1.823402727925340847e-02 0.000000000000000000e+00 3.516174402250351466e-03 0.000000000000000000e+00 2.228826151560178194e-03 0.000000000000000000e+00 0.000000000000000000e+00 0.000000000000000000e+00 9.832841691248771481e-04 0.000000000000000000e+00 0.000000000000000000e+00 0.000000000000000000e+00 4.544628249409198148e-04 0.000000000000000000e+00 0.000000000000000000e+00 0.000000000000000000e+00 0.000000000000000000e+00 0.000000000000000000e+00 0.000000000000000000e+00 0.000000000000000000e+00 3.371544167228590649e-04 0.000000000000000000e+00 0.000000000000000000e+00 0.000000000000000000e+00 0.000000000000000000e+00 0.000000000000000000e+00 0.000000000000000000e+00 0.000000000000000000e+00 0.000000000000000000e+00 0.000000000000000000e+00 0.000000000000000000e+00 0.000000000000000000e+00 0.000000000000000000e+00 0.000000000000000000e+00 0.000000000000000000e+00 0.000000000000000000e+00 0.000000000000000000e+00 0.000000000000000000e+00 0.000000000000000000e+00 0.000000000000000000e+00 0.000000000000000000e+00 0.000000000000000000e+00 0.000000000000000000e+00 0.000000000000000000e+00
0.000000000000000000e+00 4.859086491739553031e-03 2.137998056365403299e-02 5.733722060252672420e-02 0.000000000000000000e+00 2.332361516034985385e-02 7.774538386783284329e-03 1.642371234207968822e-01 9.718172983479105411e-04 0.000000000000000000e+00 0.000000000000000000e+00 0.000000000000000000e+00 7.575757575757575751e-04 2.473021582733812753e-03 8.933889219773674499e-04 1.278740157480315054e-01 0.000000000000000000e+00 0.000000000000000000e+00 0.000000000000000000e+00 0.000000000000000000e+00 1.328021248339973344e-03 0.000000000000000000e+00 3.405017921146953619e-03 5.107252298263534373e-04 3.527336860670193808e-03 0.000000000000000000e+00 4.156275976724854606e-04 2.430133657351154098e-03 1.873711823121603827e-04 3.060599877576004706e-03 6.318589956767542253e-03 1.335826876836761863e-03 0.000000000000000000e+00 0.000000000000000000e+00 0.000000000000000000e+00 0.000000000000000000e+00 0.000000000000000000e+00 6.839945280437756403e-04 0.000000000000000000e+00 0.000000000000000000e+00 0.000000000000000000e+00 0.000000000000000000e+00 0.000000000000000000e+00 0.000000000000000000e+00 0.000000000000000000e+00 0.000000000000000000e+00 0.000000000000000000e+00 0.000000000000000000e+00 0.000000000000000000e+00 0.000000000000000000e+00 0.000000000000000000e+00 0.000000000000000000e+00 0.000000000000000000e+00 0.000000000000000000e+00 0.000000000000000000e+00 0.000000000000000000e+00 0.000000000000000000e+00 1.443834825295986241e-04 0.000000000000000000e+00 1.922707171697750372e-04 0.000000000000000000e+00 0.000000000000000000e+00 0.000000000000000000e+00 2.175805047867710991e-04 0.000000000000000000e+00 0.000000000000000000e+00 0.000000000000000000e+00 0.000000000000000000e+00 0.000000000000000000e+00 0.000000000000000000e+00 1.771479185119574954e-04 1.406712734452122450e-02 1.435750179468772540e-04 1.919205475775063660e-02 0.000000000000000000e+00 2.867677181482998668e-03 0.000000000000000000e+00 3.990877993158494993e-03 0.000000000000000000e+00 0.000000000000000000e+00 0.000000000000000000e+00 1.018675721561969382e-03 0.000000000000000000e+00 0.000000000000000000e+00 0.000000000000000000e+00 0.000000000000000000e+00 0.000000000000000000e+00 0.000000000000000000e+00 0.000000000000000000e+00 0.000000000000000000e+00 0.000000000000000000e+00 0.000000000000000000e+00 0.000000000000000000e+00 0.000000000000000000e+00 0.000000000000000000e+00 0.000000000000000000e+00 0.000000000000000000e+00 0.000000000000000000e+00 0.000000000000000000e+00 0.000000000000000000e+00 0.000000000000000000e+00 0.000000000000000000e+00 0.000000000000000000e+00 1.867413632119514343e-04 0.000000000000000000e+00 0.000000000000000000e+00 0.000000000000000000e+00 0.000000000000000000e+00 0.000000000000000000e+00 0.000000000000000000e+00 0.000000000000000000e+00 0.000000000000000000e+00 0.000000000000000000e+00 0.000000000000000000e+00 0.000000000000000000e+00 0.000000000000000000e+00
2.965858743810268483e-01 0.000000000000000000e+00 2.632264790200677593e-02 1.303101381287464144e-03 0.000000000000000000e+00 0.000000000000000000e+00 6.254886630179827545e-02 2.084962210059942631e-03 2.345582486317435676e-03 0.000000000000000000e+00 0.000000000000000000e+00 0.000000000000000000e+00 1.751515151515151414e-01 0.000000000000000000e+00 2.084574151280524194e-03 0.000000000000000000e+00 3.072057826970860800e-02 0.000000000000000000e+00 2.069938842716010502e-02 7.296074711805049413e-04 0.000000000000000000e+00 0.000000000000000000e+00 4.301075268817204297e-03 7.660878447395301017e-04 0.000000000000000000e+00 0.000000000000000000e+00 0.000000000000000000e+00 0.000000000000000000e+00 4.103428892636312719e-02 2.040399918384003264e-04 1.995344196873960734e-03 8.014961261020571394e-04 6.729475100942126573e-04 4.842028810071420056e-04 0.000000000000000000e+00 0.000000000000000000e+00 7.900974453515934070e-04 0.000000000000000000e+00 9.980039920159679799e-04 0.000000000000000000e+00 0.000000000000000000e+00 0.000000000000000000e+00 0.000000000000000000e+00 0.000000000000000000e+00 0.000000000000000000e+00 0.000000000000000000e+00 0.000000000000000000e+00 0.000000000000000000e+00 0.000000000000000000e+00 0.000000000000000000e+00 1.013068584743187137e-04 0.000000000000000000e+00 0.000000000000000000e+00 0.000000000000000000e+00 0.000000000000000000e+00 0.000000000000000000e+00 8.654335652469031040e-03 0.000000000000000000e+00 1.873711823121603827e-04 0.000000000000000000e+00 1.051051051051051129e-02 0.000000000000000000e+00 1.049166838099156555e-02 2.175805047867710991e-04 7.972362476747275536e-03 0.000000000000000000e+00 2.767017155506363950e-04 0.000000000000000000e+00 1.302648719062092855e-03 0.000000000000000000e+00 1.877767936226749229e-02 0.000000000000000000e+00 5.455850681981335056e-03 1.342101731311233471e-04 3.516174402250351683e-04 0.000000000000000000e+00 9.212481426448737229e-03 0.000000000000000000e+00 2.624671916010498651e-03 0.000000000000000000e+00 1.573254670599803437e-02 0.000000000000000000e+00 0.000000000000000000e+00 0.000000000000000000e+00 9.180149063806580106e-03 0.000000000000000000e+00 0.000000000000000000e+00 0.000000000000000000e+00 3.615002259376412248e-03 0.000000000000000000e+00 0.000000000000000000e+00 0.000000000000000000e+00 0.000000000000000000e+00 0.000000000000000000e+00 2.433090024330900308e-03 0.000000000000000000e+00 0.000000000000000000e+00 0.000000000000000000e+00 0.000000000000000000e+00 0.000000000000000000e+00 0.000000000000000000e+00 0.000000000000000000e+00 0.000000000000000000e+00 1.867413632119514343e-04 0.000000000000000000e+00 0.000000000000000000e+00 0.000000000000000000e+00 0.000000000000000000e+00 0.000000000000000000e+00 0.000000000000000000e+00 0.000000000000000000e+00 0.000000000000000000e+00 0.000000000000000000e+00 0.000000000000000000e+00 0.000000000000000000e+00 0.000000000000000000e+00
9.276437847866419442e-04 5.071119356833642816e-02 6.802721088435373896e-03 5.287569573283858876e-02 3.092145949288806661e-04 0.000000000000000000e+00 6.184291898577613106e-03 1.660482374768089131e-01 0.000000000000000000e+00 0.000000000000000000e+00 0.000000000000000000e+00 0.000000000000000000e+00 1.515151515151515150e-04 1.517535971223021585e-01 0.000000000000000000e+00 5.984251968503937098e-03 2.258866049243279809e-04 6.923306475678901728e-02 6.115728398933668181e-03 1.853202976798482352e-02 0.000000000000000000e+00 0.000000000000000000e+00 7.168458781362007162e-04 3.575076608784474169e-03 0.000000000000000000e+00 0.000000000000000000e+00 0.000000000000000000e+00 0.000000000000000000e+00 0.000000000000000000e+00 1.067129157314833654e-01 3.990688393747921468e-03 1.870157627571466695e-03 1.345895020188425315e-03 2.905217286042852034e-03 0.000000000000000000e+00 4.741583688952110049e-04 0.000000000000000000e+00 6.839945280437756403e-04 0.000000000000000000e+00 0.000000000000000000e+00 0.000000000000000000e+00 0.000000000000000000e+00 0.000000000000000000e+00 0.000000000000000000e+00 0.000000000000000000e+00 0.000000000000000000e+00 0.000000000000000000e+00 0.000000000000000000e+00 0.000000000000000000e+00 8.829242450997704409e-05 0.000000000000000000e+00 2.455594663174265248e-04 0.000000000000000000e+00 0.000000000000000000e+00 0.000000000000000000e+00 1.937984496124030981e-04 0.000000000000000000e+00 1.588218307825584649e-03 0.000000000000000000e+00 7.690828686791001487e-04 0.000000000000000000e+00 1.569858712715855665e-03 0.000000000000000000e+00 9.355961705831156855e-03 0.000000000000000000e+00 1.860811313732787554e-03 0.000000000000000000e+00 6.454388984509466928e-04 0.000000000000000000e+00 8.097165991902833659e-04 0.000000000000000000e+00 1.801579466929911083e-02 1.435750179468772540e-04 1.959468527714400624e-02 0.000000000000000000e+00 0.000000000000000000e+00 2.971768202080237484e-04 2.261497529456480554e-02 0.000000000000000000e+00 8.583690987124463490e-03 0.000000000000000000e+00 2.241086587436332683e-02 0.000000000000000000e+00 0.000000000000000000e+00 0.000000000000000000e+00 9.609461623752618697e-03 0.000000000000000000e+00 9.149130832570906207e-04 0.000000000000000000e+00 7.825236387349200629e-03 2.894356005788711905e-04 0.000000000000000000e+00 0.000000000000000000e+00 0.000000000000000000e+00 0.000000000000000000e+00 4.081632653061224858e-03 0.000000000000000000e+00 0.000000000000000000e+00 0.000000000000000000e+00 0.000000000000000000e+00 0.000000000000000000e+00 0.000000000000000000e+00 0.000000000000000000e+00 1.867413632119514343e-04 0.000000000000000000e+00 2.983293556085918992e-04 0.000000000000000000e+00 0.000000000000000000e+00 0.000000000000000000e+00 0.000000000000000000e+00 0.000000000000000000e+00 0.000000000000000000e+00 0.000000000000000000e+00 0.000000000000000000e+00 0.000000000000000000e+00 0.000000000000000000e+00
6.560606060606061218e-02 0.000000000000000000e+00 7.621212121212121715e-02 4.393939393939393610e-03 2.424242424242424240e-03 3.030303030303030300e-04 1.613636363636363757e-01 4.393939393939393610e-03 3.621212121212120938e-02 7.575757575757575751e-04 1.751515151515151414e-01 1.515151515151515150e-04 0.000000000000000000e+00 6.744604316546762941e-04 2.656343061346039258e-01 1.259842519685039309e-03 1.400496950530833590e-02 0.000000000000000000e+00 1.489728712560765313e-02 5.836859769444038663e-04 0.000000000000000000e+00 0.000000000000000000e+00 4.462365591397849524e-02 2.553626149131767078e-03 0.000000000000000000e+00 0.000000000000000000e+00 0.000000000000000000e+00 0.000000000000000000e+00 1.497095746674161620e-01 4.080799836768006527e-04 1.330229464582640547e-02 8.549292011755277310e-03 5.215343203230147877e-03 1.452608643021426017e-03 3.868471953578336473e-04 0.000000000000000000e+00 2.106926520937582419e-03 0.000000000000000000e+00 0.000000000000000000e+00 0.000000000000000000e+00 0.000000000000000000e+00 0.000000000000000000e+00 0.000000000000000000e+00 0.000000000000000000e+00 0.000000000000000000e+00 0.000000000000000000e+00 0.000000000000000000e+00 0.000000000000000000e+00 0.000000000000000000e+00 0.000000000000000000e+00 2.026137169486374274e-04 0.000000000000000000e+00 0.000000000000000000e+00 0.000000000000000000e+00 0.000000000000000000e+00 0.000000000000000000e+00 6.108942813507551271e-03 1.443834825295986241e-04 3.747423646243207653e-04 0.000000000000000000e+00 5.818318318318318159e-03 0.000000000000000000e+00 1.069738736885414605e-02 0.000000000000000000e+00 6.377889981397820950e-03 0.000000000000000000e+00 1.475742482936727440e-03 0.000000000000000000e+00 1.736864958749457285e-03 0.000000000000000000e+00 3.808680248007086100e-02 0.000000000000000000e+00 2.598707824838478175e-02 1.073681385048986777e-03 2.461322081575246287e-03 0.000000000000000000e+00 1.426448736998514079e-02 1.140250855188141427e-03 0.000000000000000000e+00 0.000000000000000000e+00 1.376597836774827964e-02 0.000000000000000000e+00 0.000000000000000000e+00 0.000000000000000000e+00 6.998727504090165169e-03 0.000000000000000000e+00 0.000000000000000000e+00 0.000000000000000000e+00 3.464377165235728133e-03 0.000000000000000000e+00 0.000000000000000000e+00 3.455425017277124968e-04 0.000000000000000000e+00 0.000000000000000000e+00 9.732360097323601231e-03 0.000000000000000000e+00 0.000000000000000000e+00 0.000000000000000000e+00 0.000000000000000000e+00 0.000000000000000000e+00 0.000000000000000000e+00 0.000000000000000000e+00 0.000000000000000000e+00 1.867413632119514343e-04 3.427004797806717162e-04 5.966587112171837983e-04 0.000000000000000000e+00 0.000000000000000000e+00 0.000000000000000000e+00 0.000000000000000000e+00 0.000000000000000000e+00 0.000000000000000000e+00 0.000000000000000000e+00 0.000000000000000000e+00 0.000000000000000000e+00 0.000000000000000000e+00
