2.687355433934422999e-01 4.827889129484866926e-01 3.232074880253851812e-01 4.968494756990019523e-01 3.771641097560975431e-01 0.000000000000000000e+00 3.660482291819538991e-01 4.519673717744739361e-01 4.533764450867052709e-01 0.000000000000000000e+00 2.281611814484607037e-01 4.354679051974448267e-01 3.672067265068673647e-01 0.000000000000000000e+00 3.852671507354574199e-01 0.000000000000000000e+00 3.180524308290516022e-01 4.783150207145805966e-01 3.161533935771542181e-01 5.074499418317212074e-01 0.000000000000000000e+00 0.000000000000000000e+00 4.372659623053755662e-01 4.764988481531940434e-01 0.000000000000000000e+00 0.000000000000000000e+00 0.000000000000000000e+00 0.000000000000000000e+00 3.986491520853540083e-01 4.775068992063491446e-01 4.145370514711575471e-01 4.649727551020408911e-01 4.422525740779881254e-01 5.084758889036342655e-01 0.000000000000000000e+00 0.000000000000000000e+00 5.105415455874453556e-01 5.381159565917357224e-01 0.000000000000000000e+00 0.000000000000000000e+00 3.710567200000000065e-01 4.598973535353536035e-01 0.000000000000000000e+00 0.000000000000000000e+00 0.000000000000000000e+00 0.000000000000000000e+00 0.000000000000000000e+00 0.000000000000000000e+00 4.384351506520238195e-01 0.000000000000000000e+00 4.418885709248073224e-01 4.691290915791529459e-01 0.000000000000000000e+00 4.554346211959682811e-01 4.343927892588340112e-01 0.000000000000000000e+00 3.003612220538962041e-01 4.843316288574909256e-01 4.226477322999920294e-01 0.000000000000000000e+00 4.112997160878781311e-01 4.939558557120950488e-01 3.206767118724524468e-01 4.956898633503400986e-01 4.411888716700677060e-01 4.873478585858586065e-01 4.263049121282006526e-01 5.043273418929832275e-01 2.997485454853916487e-01 5.234297653419224261e-01 3.703285506855384934e-01 5.136768342790356545e-01 3.932393023533936605e-01 4.596130100725595580e-01 3.763530837227810344e-01 0.000000000000000000e+00 3.907218562953969632e-01 4.749736195499800195e-01 4.222834833333333204e-01 0.000000000000000000e+00 4.012598152260025142e-01 0.000000000000000000e+00 0.000000000000000000e+00 0.000000000000000000e+00 4.363079820586808211e-01 0.000000000000000000e+00 0.000000000000000000e+00 0.000000000000000000e+00 4.428899837550651086e-01 0.000000000000000000e+00 4.292134611678475320e-01 4.556225172825540959e-01 0.000000000000000000e+00 0.000000000000000000e+00 4.555738590639172303e-01 4.425306056603773297e-01 4.365115022979212389e-01 0.000000000000000000e+00 4.321763838561087923e-01 0.000000000000000000e+00 0.000000000000000000e+00 0.000000000000000000e+00 0.000000000000000000e+00 4.667581828877005456e-01 0.000000000000000000e+00 4.441890997641509409e-01 4.496869839030018801e-01 3.823566754385965272e-01 0.000000000000000000e+00 0.000000000000000000e+00 4.794705053763440583e-01 0.000000000000000000e+00 0.000000000000000000e+00 0.000000000000000000e+00 0.000000000000000000e+00 0.000000000000000000e+00
4.827889129484866926e-01 2.801795453630665511e-01 4.824121426750141994e-01 3.169042192832521310e-01 0.000000000000000000e+00 0.000000000000000000e+00 4.725533936160906667e-01 2.721990924958189728e-01 0.000000000000000000e+00 3.571555344827585521e-01 4.715949855072464336e-01 2.916253809210086478e-01 0.000000000000000000e+00 3.675135628958891565e-01 0.000000000000000000e+00 3.985571562437564275e-01 4.650391364398084315e-01 3.459677693891669015e-01 5.011481281095159224e-01 3.770815107516575782e-01 0.000000000000000000e+00 0.000000000000000000e+00 4.865566785714285358e-01 4.183097306976546470e-01 0.000000000000000000e+00 0.000000000000000000e+00 0.000000000000000000e+00 0.000000000000000000e+00 4.800712724451963731e-01 4.128160526608707359e-01 4.563156326289055653e-01 4.459905816052227578e-01 5.029416960611040599e-01 4.122629262483893942e-01 0.000000000000000000e+00 4.954108899082568795e-01 5.606268033257402195e-01 5.170684341381820426e-01 0.000000000000000000e+00 0.000000000000000000e+00 0.000000000000000000e+00 4.502191843101662205e-01 0.000000000000000000e+00 4.420679759681254706e-01 0.000000000000000000e+00 4.244231613899991373e-01 0.000000000000000000e+00 0.000000000000000000e+00 0.000000000000000000e+00 4.309401564035088006e-01 4.788106017699115258e-01 4.194992500002893143e-01 0.000000000000000000e+00 3.942183709529294977e-01 0.000000000000000000e+00 4.197993541173290488e-01 4.866624974219628252e-01 3.237593330695948679e-01 0.000000000000000000e+00 4.154818019608516044e-01 4.655380322087268041e-01 4.061830189138255776e-01 4.799009183673469403e-01 3.864006226002520417e-01 0.000000000000000000e+00 4.155935259607085874e-01 5.150125041309473461e-01 4.220171723444798295e-01 5.219795528442140453e-01 2.906974408398558252e-01 4.821651655547519733e-01 3.670291095396088221e-01 4.724575921184016591e-01 3.968215549624241612e-01 4.435269166666667151e-01 4.158973663716448721e-01 4.632848219604291939e-01 4.128459932313096048e-01 0.000000000000000000e+00 0.000000000000000000e+00 0.000000000000000000e+00 4.276629559616121345e-01 0.000000000000000000e+00 0.000000000000000000e+00 4.637278239423762716e-01 4.427157293472596122e-01 0.000000000000000000e+00 0.000000000000000000e+00 4.494269110983103444e-01 4.354995409949957708e-01 0.000000000000000000e+00 4.338114631686245670e-01 0.000000000000000000e+00 0.000000000000000000e+00 0.000000000000000000e+00 4.496224084306267299e-01 0.000000000000000000e+00 4.791171376146788896e-01 4.722814806201550142e-01 0.000000000000000000e+00 0.000000000000000000e+00 0.000000000000000000e+00 4.571624999999999717e-01 4.061132503942816441e-01 4.581199775641024985e-01 4.501156114985085943e-01 5.113084444444444543e-01 0.000000000000000000e+00 0.000000000000000000e+00 0.000000000000000000e+00 0.000000000000000000e+00 0.000000000000000000e+00 0.000000000000000000e+00 4.453006127946128045e-01 0.000000000000000000e+00 0.000000000000000000e+00
3.232074880253851812e-01 4.824121426750141994e-01 2.748980851599178710e-01 4.568921207483960800e-01 1.639090311322958793e-01 4.372891134114582079e-01 3.243756349213763879e-01 4.502997173877510972e-01 2.900064188532224807e-01 4.093941123884108357e-01 3.934660610161225813e-01 4.605432773649284495e-01 3.536799982918101271e-01 4.321403042717244514e-01 3.460908734595794511e-01 4.273925796164317337e-01 4.091353324261899349e-01 4.813032354559855230e-01 3.039417730334599277e-01 5.006748698871971159e-01 4.324086976744186961e-01 0.000000000000000000e+00 2.728270338590243482e-01 4.366718746203471224e-01 2.140373377096511376e-01 3.915802479279278936e-01 3.610349223902652449e-01 4.054217833333334520e-01 3.878214169666399092e-01 4.391620751264240230e-01 3.875715193028389516e-01 4.363090809793531144e-01 4.208886233003054644e-01 4.922818403099531448e-01 4.437864710083081476e-01 4.437280412371134020e-01 4.588609956286590075e-01 4.574767613923836351e-01 0.000000000000000000e+00 0.000000000000000000e+00 0.000000000000000000e+00 0.000000000000000000e+00 0.000000000000000000e+00 0.000000000000000000e+00 4.135280198100665383e-01 0.000000000000000000e+00 4.365083655462185241e-01 0.000000000000000000e+00 4.038285674701990180e-01 4.945732992700729858e-01 4.234779008883063356e-01 4.524975033112582645e-01 0.000000000000000000e+00 5.379235472636816340e-01 4.083462808837219904e-01 0.000000000000000000e+00 4.104743994712324873e-01 4.856469699981178501e-01 4.191959843465095092e-01 0.000000000000000000e+00 3.984627018599408155e-01 0.000000000000000000e+00 4.014485912008226576e-01 0.000000000000000000e+00 4.062299774148948051e-01 0.000000000000000000e+00 4.529464234707499259e-01 5.137157772126393906e-01 4.251267119571581210e-01 5.259857382984901575e-01 3.698656323443242910e-01 4.450893220338983380e-01 3.850952497115399664e-01 4.520391736087594481e-01 3.700555265171919239e-01 4.547831280409730947e-01 4.012039959334479655e-01 4.409309347967849124e-01 0.000000000000000000e+00 0.000000000000000000e+00 4.169668608963154055e-01 0.000000000000000000e+00 0.000000000000000000e+00 0.000000000000000000e+00 4.075824774107422166e-01 0.000000000000000000e+00 0.000000000000000000e+00 0.000000000000000000e+00 3.952487856304254810e-01 0.000000000000000000e+00 4.117986927317811019e-01 4.198493230874316695e-01 0.000000000000000000e+00 0.000000000000000000e+00 4.326853427823857956e-01 4.466142179245283228e-01 4.116256458333333312e-01 0.000000000000000000e+00 4.463660951845184188e-01 0.000000000000000000e+00 0.000000000000000000e+00 4.799349237288135783e-01 4.092724858363858687e-01 4.355673972215918788e-01 4.159585936011904739e-01 0.000000000000000000e+00 4.321662647058823747e-01 0.000000000000000000e+00 0.000000000000000000e+00 0.000000000000000000e+00 0.000000000000000000e+00 0.000000000000000000e+00 0.000000000000000000e+00 0.000000000000000000e+00 0.000000000000000000e+00 0.000000000000000000e+00
4.968494756990019523e-01 3.169042192832521310e-01 4.568921207483960800e-01 2.405780552703060127e-01 4.197004806290418055e-01 2.234202937544723377e-01 4.490004792079388962e-01 2.533517231582149698e-01 4.279156721638675553e-01 3.203961387918833337e-01 4.519300092698491089e-01 3.857508394231708992e-01 4.282776270954619657e-01 3.628562468347929504e-01 4.319371461673370272e-01 3.393749519788160085e-01 4.720969108202354159e-01 4.062334514497364935e-01 5.002020463990958232e-01 2.919909937420817059e-01 0.000000000000000000e+00 0.000000000000000000e+00 4.507172448044933222e-01 2.427694979103376116e-01 3.941809559912138883e-01 1.567634795762192779e-01 4.242306987951806607e-01 3.462762366826156457e-01 4.561431629895704720e-01 3.807068941534944018e-01 3.950456655408242645e-01 3.117240910255335562e-01 5.048620453644233619e-01 4.151940318336413416e-01 0.000000000000000000e+00 4.180824305318829870e-01 5.148812551020407469e-01 4.737158870283654233e-01 0.000000000000000000e+00 0.000000000000000000e+00 0.000000000000000000e+00 4.239428262500378186e-01 0.000000000000000000e+00 4.618981970383457258e-01 0.000000000000000000e+00 4.601921924389402729e-01 0.000000000000000000e+00 4.457423395999399185e-01 0.000000000000000000e+00 4.370320618410703517e-01 0.000000000000000000e+00 4.226033891142219612e-01 0.000000000000000000e+00 4.196881587957497217e-01 0.000000000000000000e+00 4.060017512282690921e-01 4.620075976555113595e-01 4.051744522296144013e-01 0.000000000000000000e+00 4.384300235672087820e-01 4.763207504385965074e-01 3.752430002771195983e-01 0.000000000000000000e+00 4.100199788792468492e-01 0.000000000000000000e+00 3.923793252860776071e-01 0.000000000000000000e+00 4.424479465074024898e-01 5.237980347016967242e-01 3.816435842755827590e-01 4.566191402573007707e-01 3.829243939791017182e-01 4.496307733205175960e-01 3.944270713251172844e-01 3.846853885709044518e-01 3.845959627247490520e-01 4.593924736448570800e-01 4.077135581004242004e-01 0.000000000000000000e+00 0.000000000000000000e+00 4.921855894039736112e-01 4.280466798008312201e-01 0.000000000000000000e+00 0.000000000000000000e+00 0.000000000000000000e+00 4.180466272733520672e-01 0.000000000000000000e+00 0.000000000000000000e+00 0.000000000000000000e+00 4.130480301846127245e-01 0.000000000000000000e+00 3.999750286430741042e-01 0.000000000000000000e+00 0.000000000000000000e+00 0.000000000000000000e+00 4.479875276647906079e-01 0.000000000000000000e+00 0.000000000000000000e+00 0.000000000000000000e+00 0.000000000000000000e+00 0.000000000000000000e+00 0.000000000000000000e+00 4.733056346604216369e-01 4.197876446280991991e-01 0.000000000000000000e+00 4.280608254901960841e-01 0.000000000000000000e+00 0.000000000000000000e+00 0.000000000000000000e+00 0.000000000000000000e+00 0.000000000000000000e+00 0.000000000000000000e+00 0.000000000000000000e+00 0.000000000000000000e+00 0.000000000000000000e+00 0.000000000000000000e+00
3.771641097560975431e-01 0.000000000000000000e+00 1.639090311322958793e-01 4.197004806290418055e-01 2.667739752459877822e-01 4.389213578235296453e-01 3.148882264363195849e-01 0.000000000000000000e+00 2.190207437121911571e-01 4.425388387614097585e-01 0.000000000000000000e+00 0.000000000000000000e+00 3.354274308004341898e-01 0.000000000000000000e+00 3.151505133297161643e-01 4.440608043526785842e-01 0.000000000000000000e+00 0.000000000000000000e+00 0.000000000000000000e+00 0.000000000000000000e+00 4.174849174807770402e-01 0.000000000000000000e+00 2.959499338386454292e-01 4.140931166981687284e-01 2.023333588510851100e-01 4.433177721191949305e-01 3.149748751023061510e-01 4.239007321428571728e-01 3.938936904629543601e-01 4.750371698113207142e-01 4.038614961846602736e-01 4.183971260683759796e-01 0.000000000000000000e+00 4.369502306851747453e-01 0.000000000000000000e+00 0.000000000000000000e+00 0.000000000000000000e+00 0.000000000000000000e+00 0.000000000000000000e+00 0.000000000000000000e+00 0.000000000000000000e+00 0.000000000000000000e+00 4.586508461538461590e-01 0.000000000000000000e+00 0.000000000000000000e+00 0.000000000000000000e+00 0.000000000000000000e+00 0.000000000000000000e+00 0.000000000000000000e+00 0.000000000000000000e+00 0.000000000000000000e+00 0.000000000000000000e+00 4.829993906249999691e-01 0.000000000000000000e+00 0.000000000000000000e+00 0.000000000000000000e+00 0.000000000000000000e+00 0.000000000000000000e+00 0.000000000000000000e+00 0.000000000000000000e+00 4.066116459483427037e-01 0.000000000000000000e+00 3.827394505494505772e-01 0.000000000000000000e+00 0.000000000000000000e+00 0.000000000000000000e+00 4.738298192120597996e-01 0.000000000000000000e+00 4.321833675213674897e-01 0.000000000000000000e+00 3.703179745085513064e-01 4.355825174418604950e-01 3.537715172674700259e-01 3.547133360465116181e-01 3.032470540540540549e-01 0.000000000000000000e+00 3.612307156510623507e-01 0.000000000000000000e+00 0.000000000000000000e+00 0.000000000000000000e+00 0.000000000000000000e+00 0.000000000000000000e+00 0.000000000000000000e+00 0.000000000000000000e+00 4.159679767195571531e-01 0.000000000000000000e+00 0.000000000000000000e+00 0.000000000000000000e+00 0.000000000000000000e+00 0.000000000000000000e+00 3.679660926196565152e-01 0.000000000000000000e+00 0.000000000000000000e+00 0.000000000000000000e+00 0.000000000000000000e+00 0.000000000000000000e+00 0.000000000000000000e+00 0.000000000000000000e+00 0.000000000000000000e+00 0.000000000000000000e+00 0.000000000000000000e+00 4.006182312398240408e-01 0.000000000000000000e+00 0.000000000000000000e+00 0.000000000000000000e+00 0.000000000000000000e+00 3.635071340206185164e-01 0.000000000000000000e+00 0.000000000000000000e+00 0.000000000000000000e+00 0.000000000000000000e+00 0.000000000000000000e+00 0.000000000000000000e+00 0.000000000000000000e+00 0.000000000000000000e+00 0.000000000000000000e+00
0.000000000000000000e+00 0.000000000000000000e+00 4.372891134114582079e-01 2.234202937544723377e-01 4.389213578235296453e-01 2.192304260894813450e-01 4.037268656004489586e-01 2.054665729028374577e-01 4.360662893151117658e-01 2.902031764211988052e-01 0.000000000000000000e+00 3.345694000000000168e-01 4.187929532607914673e-01 0.000000000000000000e+00 4.383129610954403788e-01 3.221817679706078241e-01 0.000000000000000000e+00 0.000000000000000000e+00 0.000000000000000000e+00 4.486672383419689769e-01 4.089800742786843246e-01 3.583471754472595805e-01 4.360511036204585134e-01 2.114722509520252924e-01 4.376906140365084408e-01 2.701404788013546665e-01 4.145026956521738470e-01 2.040900524896753221e-01 0.000000000000000000e+00 3.721304325093215959e-01 3.914456859719055992e-01 3.578434668095064608e-01 0.000000000000000000e+00 3.982888333333333142e-01 0.000000000000000000e+00 0.000000000000000000e+00 4.218201809523808854e-01 4.550197777777778563e-01 0.000000000000000000e+00 0.000000000000000000e+00 0.000000000000000000e+00 0.000000000000000000e+00 0.000000000000000000e+00 4.859136459752025350e-01 0.000000000000000000e+00 4.908212116788321366e-01 0.000000000000000000e+00 4.994471666666666088e-01 5.490524713375795063e-01 4.518770813008129994e-01 0.000000000000000000e+00 5.102681809917355427e-01 0.000000000000000000e+00 0.000000000000000000e+00 0.000000000000000000e+00 0.000000000000000000e+00 0.000000000000000000e+00 0.000000000000000000e+00 0.000000000000000000e+00 3.815879252336448202e-01 0.000000000000000000e+00 0.000000000000000000e+00 0.000000000000000000e+00 0.000000000000000000e+00 0.000000000000000000e+00 0.000000000000000000e+00 0.000000000000000000e+00 4.640786993363870683e-01 0.000000000000000000e+00 0.000000000000000000e+00 4.350184482758620574e-01 3.534610134697799277e-01 3.787857631578946394e-01 3.778057148995275227e-01 0.000000000000000000e+00 4.088551666666666584e-01 0.000000000000000000e+00 3.785863925189394408e-01 0.000000000000000000e+00 0.000000000000000000e+00 0.000000000000000000e+00 0.000000000000000000e+00 0.000000000000000000e+00 0.000000000000000000e+00 0.000000000000000000e+00 0.000000000000000000e+00 0.000000000000000000e+00 0.000000000000000000e+00 0.000000000000000000e+00 0.000000000000000000e+00 0.000000000000000000e+00 0.000000000000000000e+00 0.000000000000000000e+00 0.000000000000000000e+00 0.000000000000000000e+00 0.000000000000000000e+00 0.000000000000000000e+00 0.000000000000000000e+00 0.000000000000000000e+00 0.000000000000000000e+00 0.000000000000000000e+00 0.000000000000000000e+00 0.000000000000000000e+00 0.000000000000000000e+00 0.000000000000000000e+00 0.000000000000000000e+00 0.000000000000000000e+00 0.000000000000000000e+00 0.000000000000000000e+00 0.000000000000000000e+00 0.000000000000000000e+00 0.000000000000000000e+00 0.000000000000000000e+00 0.000000000000000000e+00 0.000000000000000000e+00 0.000000000000000000e+00
3.660482291819538991e-01 4.725533936160906667e-01 3.243756349213763879e-01 4.490004792079388962e-01 3.148882264363195849e-01 4.037268656004489586e-01 2.638649489259195513e-01 4.395021479357609229e-01 3.281727773453314567e-01 4.170172398315900031e-01 3.504257316709582515e-01 4.512619090135744915e-01 3.220212947299460615e-01 4.280103665605697327e-01 3.635407426622321303e-01 4.120452307156772243e-01 3.917922274467406929e-01 4.793569039147150823e-01 4.001959035155664979e-01 4.901226783402723997e-01 0.000000000000000000e+00 0.000000000000000000e+00 3.737663174213343709e-01 4.348647138682678048e-01 0.000000000000000000e+00 3.910631911764705926e-01 0.000000000000000000e+00 0.000000000000000000e+00 3.836010038627469254e-01 4.638818008408839844e-01 3.734127553805560717e-01 4.232249397976068361e-01 4.103857963750360827e-01 4.820976650616808912e-01 4.531039350649350705e-01 4.433000505050505580e-01 4.618842778464396504e-01 0.000000000000000000e+00 0.000000000000000000e+00 0.000000000000000000e+00 3.661660943396226608e-01 0.000000000000000000e+00 0.000000000000000000e+00 0.000000000000000000e+00 4.119473146825397003e-01 0.000000000000000000e+00 0.000000000000000000e+00 0.000000000000000000e+00 4.195397467945685133e-01 5.201289193840579195e-01 4.197947293781010836e-01 0.000000000000000000e+00 0.000000000000000000e+00 0.000000000000000000e+00 4.236454503759327639e-01 0.000000000000000000e+00 4.119033569475863965e-01 4.501329699622748648e-01 4.228133637411501944e-01 4.678037946099291022e-01 4.089132566483797415e-01 0.000000000000000000e+00 4.021108422983193376e-01 4.714335094138342730e-01 4.233331655059063281e-01 0.000000000000000000e+00 4.369700111161505807e-01 4.999558264273814556e-01 4.315814939236408687e-01 4.915500202322308221e-01 3.528860912579727116e-01 4.567035810592999234e-01 3.689003324880461010e-01 4.413592127763996675e-01 3.629010978113308972e-01 4.336586455696200826e-01 3.953866972309427741e-01 4.577017362189376715e-01 0.000000000000000000e+00 0.000000000000000000e+00 3.941131439532936653e-01 0.000000000000000000e+00 0.000000000000000000e+00 0.000000000000000000e+00 4.120962652494534750e-01 0.000000000000000000e+00 4.640449999999999853e-01 0.000000000000000000e+00 4.197015047237946939e-01 0.000000000000000000e+00 4.139137395414652643e-01 4.033812968750000172e-01 0.000000000000000000e+00 0.000000000000000000e+00 4.185731578947368692e-01 0.000000000000000000e+00 0.000000000000000000e+00 0.000000000000000000e+00 4.391989699999999108e-01 0.000000000000000000e+00 0.000000000000000000e+00 0.000000000000000000e+00 4.361392239181619002e-01 4.555568232824928621e-01 0.000000000000000000e+00 4.475867934782608581e-01 4.105512940934065713e-01 0.000000000000000000e+00 0.000000000000000000e+00 0.000000000000000000e+00 0.000000000000000000e+00 0.000000000000000000e+00 0.000000000000000000e+00 0.000000000000000000e+00 0.000000000000000000e+00 0.000000000000000000e+00
4.519673717744739361e-01 2.721990924958189728e-01 4.502997173877510972e-01 2.533517231582149698e-01 0.000000000000000000e+00 2.054665729028374577e-01 4.395021479357609229e-01 2.448515092260255821e-01 4.088910779683759822e-01 2.810694730684113463e-01 4.523164701490781647e-01 3.543545729432907576e-01 4.264272439910550827e-01 2.508851272636634100e-01 4.196433031656554014e-01 2.835600078543847880e-01 4.490473501461987871e-01 3.819999957044228345e-01 4.764587574959904259e-01 4.153482363682997613e-01 0.000000000000000000e+00 0.000000000000000000e+00 4.409389299986086197e-01 3.678611546391702403e-01 0.000000000000000000e+00 2.107499285714285464e-01 0.000000000000000000e+00 0.000000000000000000e+00 4.537471896370569024e-01 3.673485517327118033e-01 4.044583676236054304e-01 3.222449331021178809e-01 4.774780057664632094e-01 3.902735077682172316e-01 0.000000000000000000e+00 3.396029456521739709e-01 5.302638202247190735e-01 4.557908041916007846e-01 0.000000000000000000e+00 3.777159545454545353e-01 0.000000000000000000e+00 4.068310357892652163e-01 0.000000000000000000e+00 4.027711308186027184e-01 0.000000000000000000e+00 3.805342658965921165e-01 0.000000000000000000e+00 0.000000000000000000e+00 0.000000000000000000e+00 3.821152971798383313e-01 0.000000000000000000e+00 3.884208244582784686e-01 0.000000000000000000e+00 3.880027626574148458e-01 0.000000000000000000e+00 4.030516153801739776e-01 0.000000000000000000e+00 3.731507322831905116e-01 0.000000000000000000e+00 3.892559215862369526e-01 4.625398596491228642e-01 3.932902868258976170e-01 0.000000000000000000e+00 3.962329316140958957e-01 0.000000000000000000e+00 3.913976422459872206e-01 5.006981290322581879e-01 4.148376702163978913e-01 4.549379337468394957e-01 0.000000000000000000e+00 4.185701825442968427e-01 3.378409416581797942e-01 4.448115938548808379e-01 3.745037985214244580e-01 4.174060778769841384e-01 3.634947156217002151e-01 4.485369207938103564e-01 3.932857484967078321e-01 0.000000000000000000e+00 0.000000000000000000e+00 4.279640288461538655e-01 4.016462743438999339e-01 0.000000000000000000e+00 0.000000000000000000e+00 4.471651374144316460e-01 4.112707351656477717e-01 0.000000000000000000e+00 4.389413951612902709e-01 4.534442249999999230e-01 4.130206033228102647e-01 0.000000000000000000e+00 4.304250181818183307e-01 0.000000000000000000e+00 0.000000000000000000e+00 0.000000000000000000e+00 0.000000000000000000e+00 0.000000000000000000e+00 0.000000000000000000e+00 4.229971895130220094e-01 0.000000000000000000e+00 0.000000000000000000e+00 0.000000000000000000e+00 4.273547286821705593e-01 4.166035844306633096e-01 0.000000000000000000e+00 4.367629081313598727e-01 0.000000000000000000e+00 0.000000000000000000e+00 0.000000000000000000e+00 0.000000000000000000e+00 0.000000000000000000e+00 0.000000000000000000e+00 0.000000000000000000e+00 4.477351529411764397e-01 0.000000000000000000e+00 0.000000000000000000e+00
4.533764450867052709e-01 0.000000000000000000e+00 2.900064188532224807e-01 4.279156721638675553e-01 2.190207437121911571e-01 4.360662893151117658e-01 3.281727773453314567e-01 4.088910779683759822e-01 2.290811704695286666e-01 4.152764429331958773e-01 3.585482499999999573e-01 0.000000000000000000e+00 3.111257632770713655e-01 0.000000000000000000e+00 2.671322340328345368e-01 4.139009016704351396e-01 0.000000000000000000e+00 0.000000000000000000e+00 0.000000000000000000e+00 0.000000000000000000e+00 0.000000000000000000e+00 0.000000000000000000e+00 3.437027206889183839e-01 0.000000000000000000e+00 0.000000000000000000e+00 4.386911551448064439e-01 0.000000000000000000e+00 0.000000000000000000e+00 3.710393427205182504e-01 0.000000000000000000e+00 3.765827737011494536e-01 4.312152394415166845e-01 0.000000000000000000e+00 4.458367084309133865e-01 0.000000000000000000e+00 0.000000000000000000e+00 3.908378184976117886e-01 0.000000000000000000e+00 0.000000000000000000e+00 0.000000000000000000e+00 0.000000000000000000e+00 0.000000000000000000e+00 0.000000000000000000e+00 0.000000000000000000e+00 0.000000000000000000e+00 0.000000000000000000e+00 0.000000000000000000e+00 0.000000000000000000e+00 0.000000000000000000e+00 0.000000000000000000e+00 5.024514473684209559e-01 0.000000000000000000e+00 0.000000000000000000e+00 0.000000000000000000e+00 0.000000000000000000e+00 0.000000000000000000e+00 0.000000000000000000e+00 0.000000000000000000e+00 4.318794951456310649e-01 0.000000000000000000e+00 0.000000000000000000e+00 0.000000000000000000e+00 4.260897111111111579e-01 0.000000000000000000e+00 4.141880785464748804e-01 0.000000000000000000e+00 0.000000000000000000e+00 0.000000000000000000e+00 0.000000000000000000e+00 0.000000000000000000e+00 3.325666112149781029e-01 0.000000000000000000e+00 3.627213457085849968e-01 4.412149516129031945e-01 3.359991671574014127e-01 0.000000000000000000e+00 3.724736892984531478e-01 0.000000000000000000e+00 0.000000000000000000e+00 0.000000000000000000e+00 0.000000000000000000e+00 0.000000000000000000e+00 0.000000000000000000e+00 0.000000000000000000e+00 4.078725243215420848e-01 0.000000000000000000e+00 0.000000000000000000e+00 0.000000000000000000e+00 0.000000000000000000e+00 0.000000000000000000e+00 0.000000000000000000e+00 0.000000000000000000e+00 0.000000000000000000e+00 0.000000000000000000e+00 0.000000000000000000e+00 0.000000000000000000e+00 0.000000000000000000e+00 0.000000000000000000e+00 0.000000000000000000e+00 0.000000000000000000e+00 0.000000000000000000e+00 0.000000000000000000e+00 0.000000000000000000e+00 0.000000000000000000e+00 0.000000000000000000e+00 0.000000000000000000e+00 0.000000000000000000e+00 0.000000000000000000e+00 0.000000000000000000e+00 0.000000000000000000e+00 0.000000000000000000e+00 0.000000000000000000e+00 0.000000000000000000e+00 0.000000000000000000e+00 0.000000000000000000e+00 0.000000000000000000e+00
0.000000000000000000e+00 3.571555344827585521e-01 4.093941123884108357e-01 3.203961387918833337e-01 4.425388387614097585e-01 2.902031764211988052e-01 4.170172398315900031e-01 2.810694730684113463e-01 4.152764429331958773e-01 2.775144507950052519e-01 0.000000000000000000e+00 3.980242006549593037e-01 4.104498034791157490e-01 3.793735175113361335e-01 4.070137097786272196e-01 2.929892783306682347e-01 0.000000000000000000e+00 3.613130845070423036e-01 0.000000000000000000e+00 4.079395089285713927e-01 0.000000000000000000e+00 0.000000000000000000e+00 4.125287436901878269e-01 3.713790743034055541e-01 3.933581706773618403e-01 0.000000000000000000e+00 4.510713013698630092e-01 0.000000000000000000e+00 0.000000000000000000e+00 3.895068528004253516e-01 3.790027920609896350e-01 3.325126736962818463e-01 0.000000000000000000e+00 4.046902357752488744e-01 0.000000000000000000e+00 5.358017241379310347e-01 0.000000000000000000e+00 0.000000000000000000e+00 0.000000000000000000e+00 4.705097999999999225e-01 0.000000000000000000e+00 0.000000000000000000e+00 0.000000000000000000e+00 0.000000000000000000e+00 0.000000000000000000e+00 4.500510813008130051e-01 0.000000000000000000e+00 0.000000000000000000e+00 0.000000000000000000e+00 0.000000000000000000e+00 0.000000000000000000e+00 3.720386337741935501e-01 0.000000000000000000e+00 0.000000000000000000e+00 0.000000000000000000e+00 0.000000000000000000e+00 0.000000000000000000e+00 3.459094123711340396e-01 0.000000000000000000e+00 0.000000000000000000e+00 0.000000000000000000e+00 3.626256922143390460e-01 0.000000000000000000e+00 0.000000000000000000e+00 0.000000000000000000e+00 0.000000000000000000e+00 5.368012303030302856e-01 4.381435203252033173e-01 0.000000000000000000e+00 0.000000000000000000e+00 0.000000000000000000e+00 3.477253464262043403e-01 4.327291756756757035e-01 3.625921387971462462e-01 0.000000000000000000e+00 3.683471066856330300e-01 0.000000000000000000e+00 3.572751896551724649e-01 0.000000000000000000e+00 0.000000000000000000e+00 0.000000000000000000e+00 3.980256564685314413e-01 0.000000000000000000e+00 0.000000000000000000e+00 0.000000000000000000e+00 4.345388084331688328e-01 0.000000000000000000e+00 0.000000000000000000e+00 0.000000000000000000e+00 4.579492469135801880e-01 0.000000000000000000e+00 0.000000000000000000e+00 0.000000000000000000e+00 0.000000000000000000e+00 0.000000000000000000e+00 0.000000000000000000e+00 0.000000000000000000e+00 0.000000000000000000e+00 0.000000000000000000e+00 0.000000000000000000e+00 0.000000000000000000e+00 0.000000000000000000e+00 0.000000000000000000e+00 0.000000000000000000e+00 0.000000000000000000e+00 0.000000000000000000e+00 0.000000000000000000e+00 0.000000000000000000e+00 0.000000000000000000e+00 0.000000000000000000e+00 0.000000000000000000e+00 0.000000000000000000e+00 0.000000000000000000e+00 0.000000000000000000e+00 0.000000000000000000e+00 0.000000000000000000e+00
2.281611814484607037e-01 4.715949855072464336e-01 3.934660610161225813e-01 4.519300092698491089e-01 0.000000000000000000e+00 0.000000000000000000e+00 3.504257316709582515e-01 4.523164701490781647e-01 3.585482499999999573e-01 0.000000000000000000e+00 2.786883420444415393e-01 4.566703217016235272e-01 2.656737443020740219e-01 4.300654726399447680e-01 3.684935500000000030e-01 0.000000000000000000e+00 3.019347455390593016e-01 0.000000000000000000e+00 4.177279079424544017e-01 4.851541887709125978e-01 0.000000000000000000e+00 0.000000000000000000e+00 4.040172059519264169e-01 4.510616159718451312e-01 0.000000000000000000e+00 0.000000000000000000e+00 0.000000000000000000e+00 0.000000000000000000e+00 4.122363720178141011e-01 0.000000000000000000e+00 3.978591186990295681e-01 4.636641380941902146e-01 4.170324098555758252e-01 4.606037287639760391e-01 0.000000000000000000e+00 0.000000000000000000e+00 0.000000000000000000e+00 5.101942584269663072e-01 0.000000000000000000e+00 0.000000000000000000e+00 0.000000000000000000e+00 0.000000000000000000e+00 0.000000000000000000e+00 0.000000000000000000e+00 0.000000000000000000e+00 0.000000000000000000e+00 0.000000000000000000e+00 0.000000000000000000e+00 4.585738067226890480e-01 0.000000000000000000e+00 4.455729113924052354e-01 0.000000000000000000e+00 0.000000000000000000e+00 0.000000000000000000e+00 4.447334957264957311e-01 0.000000000000000000e+00 3.570864797123807222e-01 0.000000000000000000e+00 4.480337265365955668e-01 0.000000000000000000e+00 4.106602592984366362e-01 0.000000000000000000e+00 4.141284189373333202e-01 0.000000000000000000e+00 4.347738396721982923e-01 0.000000000000000000e+00 4.553348331235749225e-01 4.644755378151260716e-01 4.295246233974359118e-01 0.000000000000000000e+00 3.523340805821980615e-01 5.036782083333334326e-01 3.841102524006657082e-01 4.199905005218982357e-01 0.000000000000000000e+00 0.000000000000000000e+00 4.122161010669411207e-01 4.489929426226820786e-01 0.000000000000000000e+00 0.000000000000000000e+00 4.193913492570902624e-01 0.000000000000000000e+00 0.000000000000000000e+00 0.000000000000000000e+00 4.204405569260818432e-01 0.000000000000000000e+00 0.000000000000000000e+00 0.000000000000000000e+00 4.115340924539170331e-01 0.000000000000000000e+00 0.000000000000000000e+00 0.000000000000000000e+00 0.000000000000000000e+00 0.000000000000000000e+00 0.000000000000000000e+00 0.000000000000000000e+00 0.000000000000000000e+00 0.000000000000000000e+00 0.000000000000000000e+00 0.000000000000000000e+00 0.000000000000000000e+00 0.000000000000000000e+00 0.000000000000000000e+00 0.000000000000000000e+00 0.000000000000000000e+00 0.000000000000000000e+00 0.000000000000000000e+00 0.000000000000000000e+00 0.000000000000000000e+00 0.000000000000000000e+00 0.000000000000000000e+00 0.000000000000000000e+00 0.000000000000000000e+00 0.000000000000000000e+00 0.000000000000000000e+00 0.000000000000000000e+00
4.354679051974448267e-01 2.916253809210086478e-01 4.605432773649284495e-01 3.857508394231708992e-01 0.000000000000000000e+00 3.345694000000000168e-01 4.512619090135744915e-01 3.543545729432907576e-01 0.000000000000000000e+00 3.980242006549593037e-01 4.566703217016235272e-01 2.542630734782479474e-01 4.496841710526315317e-01 2.931007011784312333e-01 0.000000000000000000e+00 3.981047992432160676e-01 4.642855454545455340e-01 3.419035113745951815e-01 4.814165536351575625e-01 4.079503769850017503e-01 0.000000000000000000e+00 0.000000000000000000e+00 4.587920613895997701e-01 3.786401766603337826e-01 0.000000000000000000e+00 0.000000000000000000e+00 0.000000000000000000e+00 0.000000000000000000e+00 4.366903143994255720e-01 3.993515345276889561e-01 4.318245927485613866e-01 3.682431387365222575e-01 4.620996590756301647e-01 3.888946017982175540e-01 0.000000000000000000e+00 0.000000000000000000e+00 0.000000000000000000e+00 0.000000000000000000e+00 0.000000000000000000e+00 0.000000000000000000e+00 0.000000000000000000e+00 0.000000000000000000e+00 0.000000000000000000e+00 0.000000000000000000e+00 0.000000000000000000e+00 4.369205742574258644e-01 0.000000000000000000e+00 5.075354097222222194e-01 0.000000000000000000e+00 3.772746069200779706e-01 0.000000000000000000e+00 3.904929359044382320e-01 0.000000000000000000e+00 0.000000000000000000e+00 0.000000000000000000e+00 0.000000000000000000e+00 0.000000000000000000e+00 3.816481717953790209e-01 0.000000000000000000e+00 4.387979619203820625e-01 0.000000000000000000e+00 3.889130425739057428e-01 0.000000000000000000e+00 3.991590903403561819e-01 0.000000000000000000e+00 4.253121694492232874e-01 5.104501415094339078e-01 4.324788466753921590e-01 0.000000000000000000e+00 4.477862025316454719e-01 4.489167307692307762e-01 3.497300212600996105e-01 4.457893320162871764e-01 4.068785316623080295e-01 0.000000000000000000e+00 4.098087442167878125e-01 4.519375914772726932e-01 4.034615165754938948e-01 0.000000000000000000e+00 0.000000000000000000e+00 0.000000000000000000e+00 4.211615587888623558e-01 0.000000000000000000e+00 0.000000000000000000e+00 0.000000000000000000e+00 4.488054761875346910e-01 0.000000000000000000e+00 0.000000000000000000e+00 0.000000000000000000e+00 4.597722112352131685e-01 0.000000000000000000e+00 0.000000000000000000e+00 0.000000000000000000e+00 0.000000000000000000e+00 0.000000000000000000e+00 4.197617465116278979e-01 0.000000000000000000e+00 0.000000000000000000e+00 0.000000000000000000e+00 0.000000000000000000e+00 0.000000000000000000e+00 0.000000000000000000e+00 0.000000000000000000e+00 0.000000000000000000e+00 0.000000000000000000e+00 0.000000000000000000e+00 0.000000000000000000e+00 0.000000000000000000e+00 0.000000000000000000e+00 0.000000000000000000e+00 0.000000000000000000e+00 0.000000000000000000e+00 0.000000000000000000e+00 0.000000000000000000e+00 0.000000000000000000e+00 0.000000000000000000e+00
3.672067265068673647e-01 0.000000000000000000e+00 3.536799982918101271e-01 4.282776270954619657e-01 3.354274308004341898e-01 4.187929532607914673e-01 3.220212947299460615e-01 4.264272439910550827e-01 3.111257632770713655e-01 4.104498034791157490e-01 2.656737443020740219e-01 4.496841710526315317e-01 2.317334595816173126e-01 4.225092929809999842e-01 2.429004326248149215e-01 4.198130362273527760e-01 4.021619887885090061e-01 0.000000000000000000e+00 4.009363986012444703e-01 0.000000000000000000e+00 0.000000000000000000e+00 0.000000000000000000e+00 3.689174806560606146e-01 4.194544325543223540e-01 0.000000000000000000e+00 4.303174142857143503e-01 0.000000000000000000e+00 3.625804905660378052e-01 3.388235992646972949e-01 0.000000000000000000e+00 3.787182045240953809e-01 4.360360374622307966e-01 0.000000000000000000e+00 4.633078740468410395e-01 0.000000000000000000e+00 0.000000000000000000e+00 4.158306248121739213e-01 0.000000000000000000e+00 0.000000000000000000e+00 0.000000000000000000e+00 0.000000000000000000e+00 0.000000000000000000e+00 4.229797835820895968e-01 0.000000000000000000e+00 0.000000000000000000e+00 0.000000000000000000e+00 4.851489488549618478e-01 0.000000000000000000e+00 0.000000000000000000e+00 0.000000000000000000e+00 4.820588679029303436e-01 0.000000000000000000e+00 0.000000000000000000e+00 0.000000000000000000e+00 4.558544893617021976e-01 0.000000000000000000e+00 3.693838916341223855e-01 0.000000000000000000e+00 4.362498434431578143e-01 0.000000000000000000e+00 4.379942490952155598e-01 0.000000000000000000e+00 4.188412430729310243e-01 0.000000000000000000e+00 4.489039311266960763e-01 0.000000000000000000e+00 4.236798809904475105e-01 0.000000000000000000e+00 4.268776752401596264e-01 0.000000000000000000e+00 3.301873777700556345e-01 4.489887968749999847e-01 3.728798492035858558e-01 4.213590829990298547e-01 3.733469081154955349e-01 0.000000000000000000e+00 3.998764492863484676e-01 4.152636889094810657e-01 3.871150365853657793e-01 0.000000000000000000e+00 4.031327303572568854e-01 0.000000000000000000e+00 0.000000000000000000e+00 0.000000000000000000e+00 4.258456439552380512e-01 0.000000000000000000e+00 0.000000000000000000e+00 0.000000000000000000e+00 4.309713355084605624e-01 0.000000000000000000e+00 4.083874523809524204e-01 4.228185123966942127e-01 0.000000000000000000e+00 0.000000000000000000e+00 0.000000000000000000e+00 0.000000000000000000e+00 0.000000000000000000e+00 0.000000000000000000e+00 0.000000000000000000e+00 0.000000000000000000e+00 0.000000000000000000e+00 0.000000000000000000e+00 0.000000000000000000e+00 0.000000000000000000e+00 0.000000000000000000e+00 0.000000000000000000e+00 0.000000000000000000e+00 0.000000000000000000e+00 0.000000000000000000e+00 0.000000000000000000e+00 0.000000000000000000e+00 3.897186274509804593e-01 0.000000000000000000e+00 0.000000000000000000e+00 0.000000000000000000e+00 0.000000000000000000e+00
