3.000057562923273413e-01 4.781365797039889287e-01 3.912100513571554750e-01 5.027252844091529838e-01 3.791633246753247088e-01 0.000000000000000000e+00 3.362668253142271357e-01 4.767356258699131377e-01 3.919388065209795657e-01 0.000000000000000000e+00 3.345312067174167625e-01 4.874603708845483552e-01 3.725800918467004341e-01 4.721619101123595841e-01 4.045633563218390960e-01 0.000000000000000000e+00 3.224847830012920191e-01 4.688318973359273389e-01 4.092866026937721502e-01 5.034703140116684184e-01 0.000000000000000000e+00 0.000000000000000000e+00 4.048247683171201095e-01 4.833047635514018392e-01 0.000000000000000000e+00 0.000000000000000000e+00 0.000000000000000000e+00 0.000000000000000000e+00 4.031578621992721878e-01 4.879402109791594611e-01 4.303313402156064837e-01 0.000000000000000000e+00 4.301431187723431249e-01 4.801694261753585158e-01 0.000000000000000000e+00 0.000000000000000000e+00 4.682346117250727469e-01 5.035327058823529933e-01 0.000000000000000000e+00 0.000000000000000000e+00 0.000000000000000000e+00 0.000000000000000000e+00 4.050194646442790702e-01 0.000000000000000000e+00 3.937671469127201340e-01 0.000000000000000000e+00 4.273369617598684056e-01 0.000000000000000000e+00 4.301549114590102474e-01 0.000000000000000000e+00 4.210033457307983396e-01 0.000000000000000000e+00 4.101486755319148636e-01 0.000000000000000000e+00 4.336491578124102575e-01 0.000000000000000000e+00 3.635615436203313289e-01 4.632766849022030287e-01 4.202554866578668835e-01 4.866939866653813285e-01 4.026393561010491173e-01 0.000000000000000000e+00 3.750111611484664986e-01 4.539180454545455046e-01 4.395774183146481939e-01 0.000000000000000000e+00 4.113613217537319122e-01 0.000000000000000000e+00 3.482249812101707032e-01 5.000256519666860244e-01 3.570655487665348460e-01 4.952334314881305932e-01 3.682429215591693228e-01 4.548779624531001375e-01 4.075801938996507223e-01 0.000000000000000000e+00 4.020847387651935723e-01 4.648180901877986271e-01 0.000000000000000000e+00 0.000000000000000000e+00 4.107369660509866960e-01 5.055225820895522526e-01 0.000000000000000000e+00 0.000000000000000000e+00 4.320559309821668248e-01 4.694338283582090154e-01 0.000000000000000000e+00 0.000000000000000000e+00 4.379885577010344533e-01 0.000000000000000000e+00 4.490669652619139751e-01 4.542983094402277544e-01 0.000000000000000000e+00 0.000000000000000000e+00 4.512539438584178830e-01 0.000000000000000000e+00 5.171288877551020180e-01 0.000000000000000000e+00 0.000000000000000000e+00 4.459976106584093714e-01 0.000000000000000000e+00 0.000000000000000000e+00 0.000000000000000000e+00 4.617392396623316020e-01 4.514368257367775694e-01 0.000000000000000000e+00 0.000000000000000000e+00 0.000000000000000000e+00 0.000000000000000000e+00 0.000000000000000000e+00 4.288147480916030818e-01 0.000000000000000000e+00 0.000000000000000000e+00 0.000000000000000000e+00 0.000000000000000000e+00 0.000000000000000000e+00
4.781365797039889287e-01 3.211961055070606808e-01 5.030060834578848894e-01 3.625443695228346419e-01 0.000000000000000000e+00 0.000000000000000000e+00 4.820244884472688618e-01 3.104266935465998523e-01 0.000000000000000000e+00 3.984074067164178889e-01 5.024090361766397894e-01 3.534653707437626635e-01 0.000000000000000000e+00 3.732607747129419451e-01 0.000000000000000000e+00 3.720388767373336014e-01 0.000000000000000000e+00 3.580109776930078258e-01 5.074942877651841266e-01 3.925802809968953477e-01 0.000000000000000000e+00 0.000000000000000000e+00 0.000000000000000000e+00 3.399695972222221974e-01 0.000000000000000000e+00 0.000000000000000000e+00 0.000000000000000000e+00 4.431517272727272805e-01 4.852927283950616011e-01 4.002026315551538427e-01 4.621242144967510068e-01 0.000000000000000000e+00 4.933118830767430629e-01 4.293533458807113901e-01 0.000000000000000000e+00 3.958484285714284900e-01 5.126973005356781909e-01 4.700885979259539216e-01 0.000000000000000000e+00 0.000000000000000000e+00 0.000000000000000000e+00 0.000000000000000000e+00 0.000000000000000000e+00 4.195413050505049646e-01 0.000000000000000000e+00 4.169068190367692384e-01 0.000000000000000000e+00 4.195857528089887989e-01 4.600673414634146030e-01 4.106040458269629156e-01 0.000000000000000000e+00 4.174447692404990029e-01 0.000000000000000000e+00 4.251636633663367082e-01 0.000000000000000000e+00 4.182182776250145673e-01 4.742792173180634951e-01 3.645144957017564247e-01 4.872934778761061625e-01 4.279047352160629814e-01 0.000000000000000000e+00 3.954537154004736377e-01 0.000000000000000000e+00 3.964009384130752767e-01 0.000000000000000000e+00 4.146035539004381820e-01 5.073856796116505974e-01 3.833335937453196673e-01 5.065329705280954276e-01 3.478646533395896578e-01 5.130791981132074575e-01 3.695422643995113776e-01 4.588951147268116593e-01 3.860356172036114031e-01 0.000000000000000000e+00 4.037705806451613033e-01 4.711671350579607065e-01 4.052588247387959863e-01 0.000000000000000000e+00 0.000000000000000000e+00 0.000000000000000000e+00 4.450022437637320971e-01 0.000000000000000000e+00 4.383929776119402932e-01 0.000000000000000000e+00 4.219337005366846638e-01 0.000000000000000000e+00 0.000000000000000000e+00 0.000000000000000000e+00 4.387150849970519184e-01 4.583134806746871348e-01 4.654049191592882218e-01 0.000000000000000000e+00 4.573681000133230090e-01 4.684155557578718043e-01 4.482880799999999222e-01 5.023831197581283270e-01 0.000000000000000000e+00 4.474673483827493192e-01 4.867187186662255138e-01 0.000000000000000000e+00 4.709066036036035352e-01 5.128389232990792079e-01 4.576662413741214297e-01 4.505100118644068674e-01 4.922862207096517229e-01 0.000000000000000000e+00 4.704135596330276115e-01 0.000000000000000000e+00 0.000000000000000000e+00 4.348714552238805986e-01 0.000000000000000000e+00 0.000000000000000000e+00 4.382244954128440284e-01 0.000000000000000000e+00 0.000000000000000000e+00
3.912100513571554750e-01 5.030060834578848894e-01 2.965033373029760111e-01 4.815346866684396820e-01 2.151139978605038361e-01 4.482618138306599942e-01 3.310253665793129740e-01 4.685914517958513215e-01 3.266395403393099195e-01 4.490450783167840298e-01 4.055103560384476502e-01 4.704792553947458877e-01 3.769597544740846407e-01 4.622784178816933265e-01 3.550379097615689039e-01 4.554573295612411865e-01 4.062234461012680375e-01 4.840564156799904150e-01 3.588600733023600831e-01 5.186269740664292138e-01 3.627798775510203133e-01 0.000000000000000000e+00 2.863652240528946069e-01 4.635479927247982412e-01 2.091881841059572977e-01 4.338675512265967593e-01 3.232012662930769942e-01 4.200217838225177580e-01 3.739119614802463021e-01 4.721029403952129444e-01 3.859912593867129704e-01 4.563872179594515854e-01 4.238343232651919923e-01 4.953574372421393202e-01 4.807903250193666378e-01 0.000000000000000000e+00 4.411944993931140591e-01 0.000000000000000000e+00 3.929683070175437609e-01 0.000000000000000000e+00 0.000000000000000000e+00 0.000000000000000000e+00 4.355666546218486812e-01 0.000000000000000000e+00 4.074233293428735636e-01 0.000000000000000000e+00 0.000000000000000000e+00 0.000000000000000000e+00 4.051285718118122769e-01 0.000000000000000000e+00 3.974785007810834325e-01 0.000000000000000000e+00 0.000000000000000000e+00 0.000000000000000000e+00 3.980718785070760379e-01 0.000000000000000000e+00 4.103941643328279931e-01 0.000000000000000000e+00 4.360135245334067489e-01 4.641861652892562140e-01 4.039538858576964264e-01 5.118510882352941271e-01 3.846054100966708744e-01 0.000000000000000000e+00 4.056579165187300107e-01 0.000000000000000000e+00 4.530330877772082987e-01 4.675825371428571353e-01 4.015764787874036568e-01 0.000000000000000000e+00 3.562227323097543752e-01 5.125496149371626675e-01 3.822555617258700522e-01 4.589883148503197674e-01 3.908997995195215291e-01 4.229796491021173832e-01 4.070422685114603034e-01 4.567270345455419212e-01 0.000000000000000000e+00 0.000000000000000000e+00 3.835066682914249347e-01 0.000000000000000000e+00 0.000000000000000000e+00 0.000000000000000000e+00 3.932979540581441613e-01 0.000000000000000000e+00 0.000000000000000000e+00 4.763669770992366437e-01 3.942949657826783083e-01 0.000000000000000000e+00 4.346859593399546307e-01 4.286104202379478201e-01 0.000000000000000000e+00 0.000000000000000000e+00 4.472268440562630065e-01 0.000000000000000000e+00 0.000000000000000000e+00 0.000000000000000000e+00 0.000000000000000000e+00 4.340496280830281051e-01 0.000000000000000000e+00 4.585402518901209312e-01 0.000000000000000000e+00 4.339050407926712261e-01 4.261408005797517329e-01 0.000000000000000000e+00 0.000000000000000000e+00 0.000000000000000000e+00 0.000000000000000000e+00 0.000000000000000000e+00 0.000000000000000000e+00 0.000000000000000000e+00 0.000000000000000000e+00 0.000000000000000000e+00 0.000000000000000000e+00 0.000000000000000000e+00
5.027252844091529838e-01 3.625443695228346419e-01 4.815346866684396820e-01 2.810929026590276991e-01 4.557360953792250480e-01 2.937349098617311749e-01 4.783542221815519913e-01 3.482534700727546451e-01 4.440334129210171121e-01 3.398981051875288872e-01 4.642795838232258721e-01 3.889780937832239549e-01 4.543255694330712857e-01 3.680135754743342202e-01 4.742469587078965709e-01 3.396122958071165487e-01 5.012146900746204947e-01 4.160541020917670196e-01 5.109087258127782416e-01 3.506051085366964082e-01 0.000000000000000000e+00 0.000000000000000000e+00 4.587788995653753754e-01 2.315393249296793521e-01 4.455102412773666032e-01 2.791483579573879603e-01 4.577431802784308057e-01 3.536190709476751404e-01 4.729672664622999179e-01 3.749853224233686833e-01 4.478429976155558490e-01 2.997630389936333239e-01 5.086834522824509319e-01 4.245230277117415518e-01 0.000000000000000000e+00 4.567655116710923058e-01 0.000000000000000000e+00 4.525522963472968230e-01 0.000000000000000000e+00 4.671500202097197962e-01 0.000000000000000000e+00 0.000000000000000000e+00 0.000000000000000000e+00 4.449385982142857188e-01 0.000000000000000000e+00 4.001584678061393952e-01 0.000000000000000000e+00 5.001263096436058264e-01 0.000000000000000000e+00 4.138135261818500221e-01 0.000000000000000000e+00 3.929115740928290634e-01 0.000000000000000000e+00 3.850969696969697154e-01 0.000000000000000000e+00 4.262674498378878907e-01 4.947232418439715951e-01 4.282313647971506820e-01 5.186606000000000272e-01 4.544189552913254215e-01 0.000000000000000000e+00 4.123687635314995381e-01 0.000000000000000000e+00 4.105471315789473996e-01 0.000000000000000000e+00 4.151866659046700714e-01 5.217755046728972390e-01 4.439000745140434523e-01 5.122081116152450431e-01 4.226461978364284278e-01 5.057387467025549199e-01 3.967358516647513933e-01 4.495368639544679024e-01 3.895149268666673326e-01 4.884222705882352855e-01 3.689109305290491081e-01 4.566869607310872770e-01 4.131275733745778389e-01 0.000000000000000000e+00 0.000000000000000000e+00 0.000000000000000000e+00 3.718429511699802292e-01 0.000000000000000000e+00 0.000000000000000000e+00 0.000000000000000000e+00 3.978058855499568836e-01 0.000000000000000000e+00 0.000000000000000000e+00 0.000000000000000000e+00 3.777733909981629279e-01 4.554406078786634726e-01 4.579709135820323462e-01 4.745755688888888546e-01 4.262818873239436757e-01 4.441391510002830056e-01 4.242548200000000325e-01 4.745135496131408503e-01 0.000000000000000000e+00 4.403603533549783622e-01 4.319004416141235536e-01 0.000000000000000000e+00 0.000000000000000000e+00 4.834012039972899188e-01 4.357874205347946339e-01 4.295965674066238860e-01 4.301965892803523150e-01 0.000000000000000000e+00 0.000000000000000000e+00 0.000000000000000000e+00 0.000000000000000000e+00 0.000000000000000000e+00 0.000000000000000000e+00 0.000000000000000000e+00 0.000000000000000000e+00 4.442023599999999628e-01 0.000000000000000000e+00
3.791633246753247088e-01 0.000000000000000000e+00 2.151139978605038361e-01 4.557360953792250480e-01 1.995286931428276456e-01 4.720607399065891996e-01 2.935823473029441355e-01 4.883840162337661495e-01 2.067997909053995720e-01 4.802977184335773253e-01 4.244604464285713918e-01 3.955731442307692247e-01 3.387078337747088663e-01 0.000000000000000000e+00 2.779405317893537952e-01 4.510081315893946230e-01 3.897601359374999741e-01 0.000000000000000000e+00 3.983793166208791092e-01 0.000000000000000000e+00 3.074968717948717289e-01 4.482093999999999800e-01 2.021647839301959071e-01 4.469273040258099905e-01 2.226592352598050217e-01 4.745720628992116663e-01 2.609367532590410876e-01 4.715606634084018589e-01 3.718519304799570713e-01 0.000000000000000000e+00 3.525816434958848333e-01 4.215505821326620550e-01 3.680133789473685191e-01 4.596005789473684433e-01 0.000000000000000000e+00 0.000000000000000000e+00 4.283025270270270357e-01 0.000000000000000000e+00 0.000000000000000000e+00 0.000000000000000000e+00 0.000000000000000000e+00 0.000000000000000000e+00 4.240357403846153894e-01 0.000000000000000000e+00 0.000000000000000000e+00 0.000000000000000000e+00 0.000000000000000000e+00 0.000000000000000000e+00 4.278750373134328489e-01 0.000000000000000000e+00 4.448403981481481306e-01 0.000000000000000000e+00 0.000000000000000000e+00 0.000000000000000000e+00 0.000000000000000000e+00 0.000000000000000000e+00 4.092524705882352731e-01 0.000000000000000000e+00 3.720636940298507334e-01 0.000000000000000000e+00 4.056705057773108969e-01 0.000000000000000000e+00 4.215357306856590824e-01 0.000000000000000000e+00 4.025097652173912910e-01 4.197080538922156601e-01 3.882463016828666680e-01 0.000000000000000000e+00 0.000000000000000000e+00 0.000000000000000000e+00 3.659695408169323372e-01 5.032503934610517149e-01 3.669027940477722627e-01 0.000000000000000000e+00 3.157965228319783435e-01 0.000000000000000000e+00 3.775003577534585819e-01 0.000000000000000000e+00 0.000000000000000000e+00 0.000000000000000000e+00 3.897991369645247284e-01 0.000000000000000000e+00 0.000000000000000000e+00 0.000000000000000000e+00 4.127856667849084116e-01 0.000000000000000000e+00 0.000000000000000000e+00 0.000000000000000000e+00 4.014774383659005519e-01 0.000000000000000000e+00 0.000000000000000000e+00 4.311438939000649118e-01 0.000000000000000000e+00 0.000000000000000000e+00 0.000000000000000000e+00 0.000000000000000000e+00 0.000000000000000000e+00 0.000000000000000000e+00 0.000000000000000000e+00 0.000000000000000000e+00 0.000000000000000000e+00 0.000000000000000000e+00 0.000000000000000000e+00 0.000000000000000000e+00 0.000000000000000000e+00 0.000000000000000000e+00 0.000000000000000000e+00 0.000000000000000000e+00 0.000000000000000000e+00 0.000000000000000000e+00 0.000000000000000000e+00 0.000000000000000000e+00 0.000000000000000000e+00 0.000000000000000000e+00 0.000000000000000000e+00 0.000000000000000000e+00
0.000000000000000000e+00 0.000000000000000000e+00 4.482618138306599942e-01 2.937349098617311749e-01 4.720607399065891996e-01 2.182286311975602799e-01 4.543844578313253613e-01 3.131461971255093402e-01 4.785887345315219532e-01 3.064586451922054477e-01 0.000000000000000000e+00 3.447397348688199248e-01 0.000000000000000000e+00 3.247049313493721168e-01 4.626672031249999817e-01 2.763038867452930480e-01 0.000000000000000000e+00 3.898068421052631738e-01 4.639106810344827414e-01 4.140389716631356354e-01 4.585282845431391530e-01 4.325260693887367780e-01 4.615685501522727163e-01 2.945650097502015563e-01 4.655880137894573001e-01 2.777835198587862431e-01 4.870712082447476998e-01 2.390977368511012779e-01 0.000000000000000000e+00 3.283780698061367631e-01 4.427309106332527611e-01 3.710287236697901170e-01 0.000000000000000000e+00 3.792041739986506954e-01 0.000000000000000000e+00 0.000000000000000000e+00 0.000000000000000000e+00 3.545927410714285744e-01 0.000000000000000000e+00 0.000000000000000000e+00 0.000000000000000000e+00 0.000000000000000000e+00 0.000000000000000000e+00 4.842441714285714571e-01 0.000000000000000000e+00 0.000000000000000000e+00 0.000000000000000000e+00 4.348331290322580700e-01 0.000000000000000000e+00 3.668871493506493109e-01 0.000000000000000000e+00 3.588608852459015952e-01 0.000000000000000000e+00 0.000000000000000000e+00 0.000000000000000000e+00 0.000000000000000000e+00 0.000000000000000000e+00 3.822045037638288068e-01 0.000000000000000000e+00 3.307660877192982185e-01 0.000000000000000000e+00 3.416282241379309803e-01 0.000000000000000000e+00 4.040128297655454226e-01 0.000000000000000000e+00 3.776705354007283133e-01 0.000000000000000000e+00 3.355345495495495323e-01 0.000000000000000000e+00 0.000000000000000000e+00 5.333077575961608918e-01 3.806715746913230669e-01 0.000000000000000000e+00 3.578112389412371197e-01 0.000000000000000000e+00 3.419842033197387776e-01 0.000000000000000000e+00 3.759058824616364203e-01 0.000000000000000000e+00 0.000000000000000000e+00 0.000000000000000000e+00 3.582773061184073016e-01 0.000000000000000000e+00 0.000000000000000000e+00 0.000000000000000000e+00 4.010075572092559604e-01 0.000000000000000000e+00 4.330077065868263575e-01 0.000000000000000000e+00 3.670586318195708797e-01 0.000000000000000000e+00 0.000000000000000000e+00 0.000000000000000000e+00 0.000000000000000000e+00 0.000000000000000000e+00 0.000000000000000000e+00 0.000000000000000000e+00 0.000000000000000000e+00 0.000000000000000000e+00 0.000000000000000000e+00 0.000000000000000000e+00 0.000000000000000000e+00 0.000000000000000000e+00 0.000000000000000000e+00 0.000000000000000000e+00 0.000000000000000000e+00 0.000000000000000000e+00 0.000000000000000000e+00 0.000000000000000000e+00 0.000000000000000000e+00 0.000000000000000000e+00 0.000000000000000000e+00 0.000000000000000000e+00 4.097282666666666739e-01 0.000000000000000000e+00 0.000000000000000000e+00
3.362668253142271357e-01 4.820244884472688618e-01 3.310253665793129740e-01 4.783542221815519913e-01 2.935823473029441355e-01 4.543844578313253613e-01 2.925503073903649720e-01 4.680800324449443939e-01 3.461146851229393029e-01 0.000000000000000000e+00 3.446959824057294064e-01 4.679023068688010767e-01 3.265861777952246414e-01 4.529752364248332830e-01 3.227680394041350653e-01 4.467284349523612530e-01 3.813858484716348141e-01 4.723057820686780706e-01 4.137897865856590141e-01 4.955751197356815241e-01 0.000000000000000000e+00 0.000000000000000000e+00 3.787555612891461143e-01 4.786816458234737781e-01 3.445558899313493906e-01 4.682291208791209969e-01 0.000000000000000000e+00 0.000000000000000000e+00 3.482029216605309618e-01 4.776121188122065542e-01 4.079891874484041225e-01 4.539990619461811150e-01 3.951807117272843617e-01 4.918152498531444539e-01 4.409903178807947355e-01 0.000000000000000000e+00 4.209273571271617276e-01 0.000000000000000000e+00 3.783901865671641662e-01 0.000000000000000000e+00 0.000000000000000000e+00 0.000000000000000000e+00 3.895116127124439442e-01 0.000000000000000000e+00 3.883608611034823355e-01 0.000000000000000000e+00 3.998951538461539279e-01 0.000000000000000000e+00 3.937695149318224952e-01 0.000000000000000000e+00 3.972543371938641599e-01 0.000000000000000000e+00 3.828470627495870193e-01 0.000000000000000000e+00 4.076253682785869747e-01 0.000000000000000000e+00 3.945903650700314791e-01 0.000000000000000000e+00 4.052222636719629567e-01 0.000000000000000000e+00 3.988163108419616187e-01 4.292132132352940999e-01 3.877153655707294977e-01 0.000000000000000000e+00 4.083300790959603077e-01 0.000000000000000000e+00 4.115114420481894575e-01 0.000000000000000000e+00 4.812934517045454608e-01 0.000000000000000000e+00 3.294595533105819651e-01 5.052835874712507946e-01 3.631488204925822916e-01 4.605816229702400233e-01 3.846406968525499237e-01 4.886226800000000314e-01 3.847454872574343487e-01 4.460437846557637753e-01 0.000000000000000000e+00 0.000000000000000000e+00 3.862683994678864363e-01 4.432810333333334074e-01 0.000000000000000000e+00 0.000000000000000000e+00 4.061992787078274048e-01 0.000000000000000000e+00 0.000000000000000000e+00 0.000000000000000000e+00 4.169769678773509458e-01 0.000000000000000000e+00 4.374365503875969341e-01 4.359787497086247132e-01 0.000000000000000000e+00 0.000000000000000000e+00 4.495954345784315964e-01 0.000000000000000000e+00 0.000000000000000000e+00 0.000000000000000000e+00 0.000000000000000000e+00 0.000000000000000000e+00 0.000000000000000000e+00 0.000000000000000000e+00 0.000000000000000000e+00 4.469218217054263254e-01 4.065641819073416707e-01 0.000000000000000000e+00 0.000000000000000000e+00 0.000000000000000000e+00 0.000000000000000000e+00 0.000000000000000000e+00 0.000000000000000000e+00 0.000000000000000000e+00 0.000000000000000000e+00 0.000000000000000000e+00 0.000000000000000000e+00 0.000000000000000000e+00
4.767356258699131377e-01 3.104266935465998523e-01 4.685914517958513215e-01 3.482534700727546451e-01 4.883840162337661495e-01 3.131461971255093402e-01 4.680800324449443939e-01 2.739486680470376023e-01 4.452740190358346339e-01 2.768500634963664830e-01 4.720374527673842913e-01 2.811657390341287810e-01 4.698741017435528744e-01 2.790758743019541854e-01 0.000000000000000000e+00 2.808862991538157439e-01 4.654958132641576207e-01 3.900413479424375551e-01 4.914246123751736528e-01 4.274758916661574593e-01 0.000000000000000000e+00 0.000000000000000000e+00 4.598295104862321625e-01 3.288877036817065003e-01 4.514562666143208669e-01 3.331082927928251669e-01 4.489475044642857182e-01 2.999245416666666553e-01 4.640672430845971808e-01 3.477057851479603001e-01 4.549619776042415076e-01 3.669848470992023715e-01 4.958053350817197558e-01 3.969127672405213803e-01 3.988305905511811411e-01 0.000000000000000000e+00 5.155961860130848784e-01 4.012022352818190307e-01 0.000000000000000000e+00 4.376785638892255470e-01 0.000000000000000000e+00 0.000000000000000000e+00 0.000000000000000000e+00 3.916008701423159266e-01 4.876618682634729640e-01 3.903828073831255296e-01 0.000000000000000000e+00 3.795788807339449678e-01 0.000000000000000000e+00 3.864827713864132930e-01 0.000000000000000000e+00 3.818897270934231147e-01 0.000000000000000000e+00 3.922655511460672595e-01 0.000000000000000000e+00 3.974186451373268314e-01 0.000000000000000000e+00 3.892663600189052442e-01 4.789948988612836578e-01 4.004827894415763923e-01 0.000000000000000000e+00 3.757944630655516982e-01 0.000000000000000000e+00 3.917346842217689362e-01 0.000000000000000000e+00 3.925238221944010175e-01 4.823446189067950307e-01 4.052314462275869444e-01 4.766075709339774313e-01 3.668581349924585622e-01 4.917310899438844807e-01 3.236976751281010478e-01 4.539925717129388860e-01 3.701129414715160215e-01 0.000000000000000000e+00 3.527465951372246722e-01 4.782892813549488031e-01 3.907454139147025773e-01 0.000000000000000000e+00 4.214832127659575156e-01 0.000000000000000000e+00 3.933017140604913031e-01 0.000000000000000000e+00 4.381723533834586126e-01 0.000000000000000000e+00 4.042350722799394336e-01 0.000000000000000000e+00 0.000000000000000000e+00 0.000000000000000000e+00 4.147285506295760316e-01 4.320902778455530946e-01 4.181423454264473483e-01 0.000000000000000000e+00 0.000000000000000000e+00 4.464182341704999724e-01 4.304227358244056001e-01 4.624561153982300610e-01 0.000000000000000000e+00 4.779814576271186333e-01 0.000000000000000000e+00 0.000000000000000000e+00 0.000000000000000000e+00 4.641578854961831979e-01 4.463349504132230749e-01 0.000000000000000000e+00 4.375956190476190111e-01 0.000000000000000000e+00 0.000000000000000000e+00 0.000000000000000000e+00 0.000000000000000000e+00 0.000000000000000000e+00 0.000000000000000000e+00 0.000000000000000000e+00 4.533153644859812537e-01 0.000000000000000000e+00 0.000000000000000000e+00
3.919388065209795657e-01 0.000000000000000000e+00 3.266395403393099195e-01 4.440334129210171121e-01 2.067997909053995720e-01 4.785887345315219532e-01 3.461146851229393029e-01 4.452740190358346339e-01 2.385106838075613245e-01 4.251784306560295046e-01 4.047447869799732922e-01 0.000000000000000000e+00 3.100938907966756530e-01 0.000000000000000000e+00 2.593733034847592323e-01 4.187761548975577064e-01 3.856404281527311961e-01 0.000000000000000000e+00 3.982781155168879650e-01 0.000000000000000000e+00 0.000000000000000000e+00 0.000000000000000000e+00 3.516770898472033613e-01 4.592863950762202663e-01 3.246972591453753387e-01 4.716381530779761855e-01 2.701765176028846915e-01 4.854001624999999542e-01 3.666700287415817217e-01 0.000000000000000000e+00 3.740267642921313862e-01 4.421829521222054860e-01 3.605493018867924615e-01 4.228858082191780943e-01 0.000000000000000000e+00 0.000000000000000000e+00 0.000000000000000000e+00 0.000000000000000000e+00 0.000000000000000000e+00 0.000000000000000000e+00 0.000000000000000000e+00 0.000000000000000000e+00 4.765518030303030894e-01 0.000000000000000000e+00 0.000000000000000000e+00 0.000000000000000000e+00 4.394601519999999928e-01 0.000000000000000000e+00 3.676124762531327583e-01 0.000000000000000000e+00 4.415035197220253949e-01 0.000000000000000000e+00 3.767217682119205491e-01 0.000000000000000000e+00 0.000000000000000000e+00 0.000000000000000000e+00 4.037710020712483860e-01 0.000000000000000000e+00 4.093673400235429138e-01 0.000000000000000000e+00 4.079703224871922274e-01 0.000000000000000000e+00 4.167430766580326185e-01 0.000000000000000000e+00 4.166785881576735018e-01 0.000000000000000000e+00 3.963750683760683957e-01 0.000000000000000000e+00 0.000000000000000000e+00 0.000000000000000000e+00 3.383748770915456228e-01 4.970954509803920951e-01 3.819345905271518404e-01 5.131195176470587649e-01 3.774623248360166605e-01 0.000000000000000000e+00 4.034751880238795496e-01 4.093369843749999903e-01 0.000000000000000000e+00 0.000000000000000000e+00 3.866880236384442338e-01 0.000000000000000000e+00 0.000000000000000000e+00 0.000000000000000000e+00 4.047500946937093724e-01 0.000000000000000000e+00 3.714374090909091097e-01 0.000000000000000000e+00 4.188491776175564674e-01 0.000000000000000000e+00 4.306777328244274505e-01 4.407756296296296283e-01 0.000000000000000000e+00 0.000000000000000000e+00 4.280863291388720127e-01 0.000000000000000000e+00 0.000000000000000000e+00 0.000000000000000000e+00 0.000000000000000000e+00 0.000000000000000000e+00 0.000000000000000000e+00 0.000000000000000000e+00 0.000000000000000000e+00 4.373662213740457383e-01 3.898678632478632666e-01 0.000000000000000000e+00 0.000000000000000000e+00 0.000000000000000000e+00 0.000000000000000000e+00 0.000000000000000000e+00 0.000000000000000000e+00 0.000000000000000000e+00 0.000000000000000000e+00 0.000000000000000000e+00 0.000000000000000000e+00 0.000000000000000000e+00
0.000000000000000000e+00 3.984074067164178889e-01 4.490450783167840298e-01 3.398981051875288872e-01 4.802977184335773253e-01 3.064586451922054477e-01 0.000000000000000000e+00 2.768500634963664830e-01 4.251784306560295046e-01 2.954235477468543647e-01 4.674762105263159384e-01 3.608371258369328927e-01 4.511675140228968428e-01 3.359047623590066256e-01 5.025351384615384109e-01 3.200213259288349765e-01 0.000000000000000000e+00 0.000000000000000000e+00 4.313099906542056106e-01 4.356656351801759253e-01 4.916870000000000407e-01 0.000000000000000000e+00 4.566933597686768098e-01 3.400862691662548953e-01 4.725039899907255703e-01 3.419560364684710030e-01 4.615113130642131689e-01 3.692338097520778128e-01 0.000000000000000000e+00 3.563709629645286370e-01 4.487455328303236457e-01 4.029777508415993692e-01 0.000000000000000000e+00 3.787563545371523954e-01 0.000000000000000000e+00 0.000000000000000000e+00 0.000000000000000000e+00 4.086122969444444530e-01 0.000000000000000000e+00 0.000000000000000000e+00 0.000000000000000000e+00 0.000000000000000000e+00 0.000000000000000000e+00 0.000000000000000000e+00 0.000000000000000000e+00 0.000000000000000000e+00 0.000000000000000000e+00 0.000000000000000000e+00 0.000000000000000000e+00 3.375512426470588245e-01 4.291519298245614622e-01 3.551175166666666883e-01 0.000000000000000000e+00 0.000000000000000000e+00 0.000000000000000000e+00 0.000000000000000000e+00 0.000000000000000000e+00 4.215469901960784416e-01 0.000000000000000000e+00 3.662446065104166815e-01 0.000000000000000000e+00 3.802863180954001998e-01 0.000000000000000000e+00 3.810223521202642516e-01 0.000000000000000000e+00 4.296114434782608571e-01 0.000000000000000000e+00 0.000000000000000000e+00 0.000000000000000000e+00 0.000000000000000000e+00 5.255038668438349880e-01 3.739843413663204719e-01 0.000000000000000000e+00 3.834319142575518535e-01 0.000000000000000000e+00 3.701543570196528798e-01 5.003307903225806541e-01 3.840855654686834431e-01 0.000000000000000000e+00 4.132074096385541795e-01 0.000000000000000000e+00 3.712619561242413990e-01 0.000000000000000000e+00 0.000000000000000000e+00 0.000000000000000000e+00 4.015565923044541741e-01 0.000000000000000000e+00 0.000000000000000000e+00 0.000000000000000000e+00 4.096265596977829437e-01 4.217790043985583104e-01 4.064311015624999524e-01 0.000000000000000000e+00 0.000000000000000000e+00 0.000000000000000000e+00 0.000000000000000000e+00 0.000000000000000000e+00 0.000000000000000000e+00 0.000000000000000000e+00 0.000000000000000000e+00 0.000000000000000000e+00 0.000000000000000000e+00 0.000000000000000000e+00 0.000000000000000000e+00 4.017869729729730000e-01 0.000000000000000000e+00 0.000000000000000000e+00 0.000000000000000000e+00 0.000000000000000000e+00 0.000000000000000000e+00 0.000000000000000000e+00 0.000000000000000000e+00 0.000000000000000000e+00 0.000000000000000000e+00 0.000000000000000000e+00 0.000000000000000000e+00
3.345312067174167625e-01 5.024090361766397894e-01 4.055103560384476502e-01 4.642795838232258721e-01 4.244604464285713918e-01 0.000000000000000000e+00 3.446959824057294064e-01 4.720374527673842913e-01 4.047447869799732922e-01 4.674762105263159384e-01 2.518363796740585303e-01 4.649643497258861280e-01 3.245649579910016014e-01 4.528166866666667456e-01 3.886978517887345608e-01 0.000000000000000000e+00 3.123171936989426190e-01 4.735043908045976635e-01 4.243907117016925690e-01 4.960846357833340603e-01 0.000000000000000000e+00 0.000000000000000000e+00 4.083655392231009262e-01 4.794215733012164860e-01 0.000000000000000000e+00 0.000000000000000000e+00 0.000000000000000000e+00 0.000000000000000000e+00 3.774614335866384729e-01 0.000000000000000000e+00 4.117587067014636948e-01 4.142835305028420567e-01 4.040491984797148772e-01 4.781979820598142306e-01 0.000000000000000000e+00 0.000000000000000000e+00 0.000000000000000000e+00 0.000000000000000000e+00 0.000000000000000000e+00 0.000000000000000000e+00 0.000000000000000000e+00 0.000000000000000000e+00 4.008004426229507811e-01 0.000000000000000000e+00 0.000000000000000000e+00 0.000000000000000000e+00 0.000000000000000000e+00 0.000000000000000000e+00 3.727272723775271746e-01 0.000000000000000000e+00 4.130371150365161337e-01 0.000000000000000000e+00 0.000000000000000000e+00 0.000000000000000000e+00 4.027164885558566776e-01 0.000000000000000000e+00 3.895207083871368159e-01 0.000000000000000000e+00 4.462806274250727401e-01 0.000000000000000000e+00 4.161633040460333000e-01 0.000000000000000000e+00 4.053438342327572164e-01 0.000000000000000000e+00 4.406857638305227698e-01 0.000000000000000000e+00 4.310937742586434251e-01 0.000000000000000000e+00 4.360184416441935107e-01 0.000000000000000000e+00 3.568616041194112021e-01 5.047624939136371447e-01 3.923458875143360225e-01 4.868955730337078402e-01 4.422373157894736173e-01 0.000000000000000000e+00 3.909033731988686977e-01 0.000000000000000000e+00 0.000000000000000000e+00 0.000000000000000000e+00 4.073230430122459222e-01 0.000000000000000000e+00 4.314463529411764475e-01 0.000000000000000000e+00 4.226027714032025706e-01 0.000000000000000000e+00 0.000000000000000000e+00 0.000000000000000000e+00 4.130516871263468226e-01 0.000000000000000000e+00 0.000000000000000000e+00 0.000000000000000000e+00 0.000000000000000000e+00 0.000000000000000000e+00 0.000000000000000000e+00 0.000000000000000000e+00 0.000000000000000000e+00 0.000000000000000000e+00 0.000000000000000000e+00 0.000000000000000000e+00 0.000000000000000000e+00 0.000000000000000000e+00 0.000000000000000000e+00 0.000000000000000000e+00 0.000000000000000000e+00 0.000000000000000000e+00 0.000000000000000000e+00 0.000000000000000000e+00 0.000000000000000000e+00 0.000000000000000000e+00 0.000000000000000000e+00 0.000000000000000000e+00 0.000000000000000000e+00 0.000000000000000000e+00 0.000000000000000000e+00 0.000000000000000000e+00
4.874603708845483552e-01 3.534653707437626635e-01 4.704792553947458877e-01 3.889780937832239549e-01 3.955731442307692247e-01 3.447397348688199248e-01 4.679023068688010767e-01 2.811657390341287810e-01 0.000000000000000000e+00 3.608371258369328927e-01 4.649643497258861280e-01 2.817248000909953198e-01 5.030701800000000334e-01 3.102017943546146461e-01 0.000000000000000000e+00 3.781161479593405095e-01 4.253399095744681002e-01 3.302538072419714532e-01 5.029148212361006509e-01 4.224306579873468026e-01 0.000000000000000000e+00 0.000000000000000000e+00 4.804918255366982249e-01 4.104149225532911505e-01 0.000000000000000000e+00 0.000000000000000000e+00 0.000000000000000000e+00 0.000000000000000000e+00 4.706398691961192204e-01 4.152705423626660286e-01 4.338696351666718742e-01 4.052343551163837820e-01 5.057265085429951679e-01 3.984581659380546648e-01 0.000000000000000000e+00 4.699153854166666089e-01 0.000000000000000000e+00 4.525207534058074965e-01 0.000000000000000000e+00 4.733515286057692339e-01 0.000000000000000000e+00 0.000000000000000000e+00 0.000000000000000000e+00 0.000000000000000000e+00 0.000000000000000000e+00 4.221465210210210151e-01 0.000000000000000000e+00 0.000000000000000000e+00 0.000000000000000000e+00 3.960466795372676874e-01 4.368368441558441728e-01 4.020540575432828279e-01 0.000000000000000000e+00 0.000000000000000000e+00 0.000000000000000000e+00 4.123873189655172244e-01 0.000000000000000000e+00 3.540177708358228648e-01 0.000000000000000000e+00 4.045674575874930734e-01 0.000000000000000000e+00 4.154909934915969050e-01 0.000000000000000000e+00 4.069708534532421318e-01 0.000000000000000000e+00 4.241218513939349899e-01 0.000000000000000000e+00 4.076093849725110907e-01 0.000000000000000000e+00 0.000000000000000000e+00 5.131206551785714165e-01 3.606873514984856866e-01 4.420261867934211497e-01 3.757474033193475837e-01 0.000000000000000000e+00 3.647600531421744674e-01 4.517644243022707617e-01 3.959438116323533152e-01 0.000000000000000000e+00 3.879736819029850903e-01 0.000000000000000000e+00 4.031055616233962802e-01 0.000000000000000000e+00 0.000000000000000000e+00 0.000000000000000000e+00 4.324123299575524104e-01 0.000000000000000000e+00 0.000000000000000000e+00 0.000000000000000000e+00 4.445354951570226754e-01 0.000000000000000000e+00 0.000000000000000000e+00 0.000000000000000000e+00 0.000000000000000000e+00 0.000000000000000000e+00 0.000000000000000000e+00 0.000000000000000000e+00 0.000000000000000000e+00 0.000000000000000000e+00 0.000000000000000000e+00 0.000000000000000000e+00 0.000000000000000000e+00 0.000000000000000000e+00 4.493044482758619673e-01 0.000000000000000000e+00 0.000000000000000000e+00 0.000000000000000000e+00 0.000000000000000000e+00 0.000000000000000000e+00 0.000000000000000000e+00 0.000000000000000000e+00 0.000000000000000000e+00 0.000000000000000000e+00 0.000000000000000000e+00 0.000000000000000000e+00 0.000000000000000000e+00
3.725800918467004341e-01 0.000000000000000000e+00 3.769597544740846407e-01 4.543255694330712857e-01 3.387078337747088663e-01 0.000000000000000000e+00 3.265861777952246414e-01 4.698741017435528744e-01 3.100938907966756530e-01 4.511675140228968428e-01 3.245649579910016014e-01 5.030701800000000334e-01 2.796470414842245900e-01 4.635372035815689129e-01 2.795968097392790841e-01 4.526408765432098358e-01 3.908397081330486911e-01 0.000000000000000000e+00 4.203998260985453150e-01 4.830540454321966548e-01 0.000000000000000000e+00 0.000000000000000000e+00 3.837953460602260836e-01 4.638843920419627453e-01 0.000000000000000000e+00 4.480123698303287161e-01 3.567696947535771157e-01 0.000000000000000000e+00 3.259861533444396997e-01 4.635330486111111092e-01 3.560296911003823506e-01 4.420489222847929223e-01 3.835378494933199267e-01 4.639880947313689274e-01 4.379213655913978265e-01 0.000000000000000000e+00 4.355402613296474046e-01 0.000000000000000000e+00 4.135957307692307849e-01 0.000000000000000000e+00 0.000000000000000000e+00 0.000000000000000000e+00 4.778247333333334179e-01 0.000000000000000000e+00 3.865822911375661475e-01 0.000000000000000000e+00 0.000000000000000000e+00 0.000000000000000000e+00 4.134300790122914515e-01 0.000000000000000000e+00 4.292389642575560327e-01 0.000000000000000000e+00 0.000000000000000000e+00 0.000000000000000000e+00 4.165556585233674003e-01 0.000000000000000000e+00 4.145978650927374942e-01 0.000000000000000000e+00 4.289492151310061452e-01 0.000000000000000000e+00 4.313302907303608880e-01 0.000000000000000000e+00 4.203389190478956094e-01 0.000000000000000000e+00 4.388465737985466353e-01 0.000000000000000000e+00 4.523034049585439864e-01 0.000000000000000000e+00 4.618409876651048962e-01 4.352973858267716323e-01 3.515379463758570022e-01 5.029991639351623078e-01 3.813233981733712974e-01 4.635118582117027652e-01 3.974244665536955101e-01 0.000000000000000000e+00 4.013153732351525393e-01 4.421408397752327191e-01 3.880368457772337409e-01 0.000000000000000000e+00 3.921904894106694184e-01 0.000000000000000000e+00 0.000000000000000000e+00 0.000000000000000000e+00 4.160359516624671516e-01 0.000000000000000000e+00 0.000000000000000000e+00 0.000000000000000000e+00 4.237573766245806284e-01 0.000000000000000000e+00 0.000000000000000000e+00 0.000000000000000000e+00 0.000000000000000000e+00 0.000000000000000000e+00 4.603525652173912630e-01 0.000000000000000000e+00 0.000000000000000000e+00 0.000000000000000000e+00 0.000000000000000000e+00 0.000000000000000000e+00 0.000000000000000000e+00 0.000000000000000000e+00 4.648340818181818102e-01 4.096392116788321047e-01 4.379284230769230901e-01 0.000000000000000000e+00 0.000000000000000000e+00 0.000000000000000000e+00 0.000000000000000000e+00 0.000000000000000000e+00 0.000000000000000000e+00 0.000000000000000000e+00 0.000000000000000000e+00 0.000000000000000000e+00 0.000000000000000000e+00 0.000000000000000000e+00
