0.000000000000000000e+00 2.406795658329400830e-02 3.934907296251834163e-02 2.322880371660859464e-03 1.052631578947368397e-03 0.000000000000000000e+00 1.022536158762193115e-01 3.554923569143263531e-03 9.285051067780872823e-04 0.000000000000000000e+00 1.321473951715374795e-01 6.589785831960460940e-04 4.131262818634632433e-02 0.000000000000000000e+00 2.799552071668532944e-03 0.000000000000000000e+00 8.165790287658521163e-02 5.718741876787106736e-03 9.875776397515527438e-02 2.329144958627030193e-02 0.000000000000000000e+00 0.000000000000000000e+00 1.264222503160556364e-03 8.328706274292060159e-04 0.000000000000000000e+00 0.000000000000000000e+00 0.000000000000000000e+00 0.000000000000000000e+00 4.277080427708043059e-02 5.165289256198347251e-04 1.231527093596059127e-03 3.003905076599579509e-04 1.411764705882352991e-02 1.098740111338997877e-02 0.000000000000000000e+00 0.000000000000000000e+00 9.447004608294930217e-02 2.525252525252525467e-03 0.000000000000000000e+00 0.000000000000000000e+00 3.134796238244513984e-03 1.020408163265306041e-02 0.000000000000000000e+00 0.000000000000000000e+00 0.000000000000000000e+00 0.000000000000000000e+00 0.000000000000000000e+00 0.000000000000000000e+00 5.898834980091431776e-04 0.000000000000000000e+00 5.120126033871602589e-03 5.019576347756248913e-04 0.000000000000000000e+00 3.896356906292616166e-04 1.032346868547832138e-03 0.000000000000000000e+00 2.819148936170212671e-01 3.553394426781372913e-03 1.943994445730155146e-02 0.000000000000000000e+00 3.973955994611585302e-02 1.140250855188141427e-03 6.227466404457555199e-03 7.283321194464676285e-04 2.147525676937441647e-02 2.443792766373411533e-04 6.070038910505836348e-03 5.432568246638598683e-04 5.661971830985915166e-02 1.076923076923076879e-02 6.891634980988593784e-02 1.234567901234567876e-03 3.209757663296421148e-02 2.844214608920491143e-03 1.288343558282208610e-02 0.000000000000000000e+00 6.077707835901888234e-02 2.318718381112984915e-03 2.232142857142857019e-03 0.000000000000000000e+00 2.138275124732715721e-03 0.000000000000000000e+00 0.000000000000000000e+00 0.000000000000000000e+00 1.010260457774269857e-02 0.000000000000000000e+00 0.000000000000000000e+00 0.000000000000000000e+00 3.661784287616511296e-03 0.000000000000000000e+00 2.151378838255427542e-03 1.540832049306625632e-03 0.000000000000000000e+00 0.000000000000000000e+00 5.202312138728323876e-02 7.575757575757575968e-03 5.050505050505050934e-03 0.000000000000000000e+00 1.302083333333333261e-03 0.000000000000000000e+00 0.000000000000000000e+00 0.000000000000000000e+00 0.000000000000000000e+00 9.057971014492753733e-04 0.000000000000000000e+00 1.235330450895614661e-03 4.921259842519684971e-03 2.857142857142857140e-03 0.000000000000000000e+00 0.000000000000000000e+00 1.273885350318471272e-03 0.000000000000000000e+00 0.000000000000000000e+00 0.000000000000000000e+00 0.000000000000000000e+00 0.000000000000000000e+00
2.406795658329400830e-02 0.000000000000000000e+00 2.667733760170734776e-03 5.084527035746547879e-02 0.000000000000000000e+00 0.000000000000000000e+00 3.531786074672048359e-03 1.187344472093850023e-01 0.000000000000000000e+00 1.540832049306625632e-03 4.235493434985175597e-04 3.097199341021416794e-02 0.000000000000000000e+00 8.350129570976101007e-03 0.000000000000000000e+00 1.081860800576992529e-03 1.237240952675533641e-03 2.859370938393553455e-02 3.214285714285713969e-02 3.999387067116150912e-02 0.000000000000000000e+00 0.000000000000000000e+00 2.107037505267593850e-04 1.110494169905608093e-03 0.000000000000000000e+00 0.000000000000000000e+00 0.000000000000000000e+00 0.000000000000000000e+00 1.627150162715016325e-03 4.390495867768594990e-02 1.231527093596059127e-03 6.007810153199159018e-04 2.352941176470588203e-02 1.684734837386463527e-02 0.000000000000000000e+00 4.662004662004662001e-04 4.608294930875576033e-03 4.517396184062850983e-02 0.000000000000000000e+00 0.000000000000000000e+00 0.000000000000000000e+00 1.428571428571428492e-01 0.000000000000000000e+00 5.694112287894317632e-04 0.000000000000000000e+00 1.373969522857856678e-03 0.000000000000000000e+00 0.000000000000000000e+00 0.000000000000000000e+00 6.670567583382094878e-03 1.312852829197846873e-04 1.144463407288424939e-02 0.000000000000000000e+00 1.168907071887784850e-03 0.000000000000000000e+00 2.040816326530612429e-03 3.626692456479690355e-03 2.208715167383579481e-01 0.000000000000000000e+00 2.292669119728276209e-02 4.490345756623259784e-04 8.722919042189281047e-02 3.277613897082923646e-04 3.301772274823986525e-02 0.000000000000000000e+00 1.979472140762463320e-02 1.400778210116731615e-03 1.154420752410702244e-02 2.197183098591549283e-02 1.238461538461538419e-01 7.921419518377693057e-04 1.241622574955908304e-01 1.604878831648210488e-03 4.124111182934712266e-02 6.134969325153374594e-04 1.033973412112259953e-02 1.953548947254178571e-03 3.962900505902192116e-02 0.000000000000000000e+00 0.000000000000000000e+00 0.000000000000000000e+00 3.884572697003329817e-03 0.000000000000000000e+00 0.000000000000000000e+00 4.735595895816890498e-04 2.450885041820657570e-02 0.000000000000000000e+00 0.000000000000000000e+00 6.657789613848202849e-04 2.940095553105476125e-03 0.000000000000000000e+00 4.622496147919877112e-03 0.000000000000000000e+00 0.000000000000000000e+00 0.000000000000000000e+00 5.303030303030303177e-02 0.000000000000000000e+00 1.508295625942684829e-03 6.510416666666666305e-04 0.000000000000000000e+00 0.000000000000000000e+00 0.000000000000000000e+00 2.307869836141241738e-04 1.811594202898550747e-03 1.464128843338213803e-03 5.558987029030265647e-03 9.842519685039369942e-04 0.000000000000000000e+00 0.000000000000000000e+00 0.000000000000000000e+00 0.000000000000000000e+00 0.000000000000000000e+00 0.000000000000000000e+00 4.629629629629629373e-03 0.000000000000000000e+00 0.000000000000000000e+00
3.934907296251834163e-02 2.667733760170734776e-03 0.000000000000000000e+00 7.226738934056006931e-03 1.557894736842105332e-01 4.091174751607247299e-03 2.845610494450050432e-01 1.173124777817276948e-02 9.935004642525534224e-02 6.163328197226502526e-03 6.310885218127912366e-02 4.942339373970345597e-03 6.592440668033987261e-02 7.198387561186294151e-03 4.591265397536394011e-02 8.654886404615940235e-03 8.042066192390968232e-03 1.819599688068624949e-03 8.649068322981366685e-02 7.355194606190621799e-03 1.785714285714285659e-03 0.000000000000000000e+00 3.544037083860092641e-01 5.552470849528040250e-03 4.588607594936709028e-02 3.527336860670193808e-03 8.780487804878049640e-03 1.240694789081885855e-03 2.394235239423523828e-02 2.840909090909090988e-03 4.802955665024630227e-02 1.231601081405827615e-02 1.254901960784313673e-02 6.445941986522121109e-03 3.851091142490372429e-03 4.662004662004662001e-04 1.996927803379416194e-02 8.417508417508417140e-04 0.000000000000000000e+00 0.000000000000000000e+00 0.000000000000000000e+00 0.000000000000000000e+00 0.000000000000000000e+00 0.000000000000000000e+00 5.195704883962591050e-04 0.000000000000000000e+00 6.825938566552901092e-04 0.000000000000000000e+00 7.373543725114289991e-04 1.170275014628437729e-04 3.282132072994617400e-03 1.003915269551249837e-04 0.000000000000000000e+00 1.948178453146308083e-04 1.032346868547832138e-03 0.000000000000000000e+00 1.088007736943907150e-02 7.480830372171311509e-04 9.025688498032861939e-03 0.000000000000000000e+00 7.184553210597215654e-03 0.000000000000000000e+00 1.311045558833169459e-03 0.000000000000000000e+00 6.224712107065048100e-03 0.000000000000000000e+00 1.540856031128404711e-02 4.074426184978948741e-04 5.633802816901408751e-03 1.153846153846153954e-03 6.828263624841571233e-02 1.763668430335097121e-04 7.542930508746589768e-02 4.783451842275372040e-03 1.840490797546012400e-02 9.847365829640571805e-04 5.773822444106793683e-02 1.897133220910623844e-03 0.000000000000000000e+00 0.000000000000000000e+00 9.503444998812069508e-04 0.000000000000000000e+00 0.000000000000000000e+00 0.000000000000000000e+00 2.367797947908445357e-03 0.000000000000000000e+00 0.000000000000000000e+00 0.000000000000000000e+00 1.997336884154460746e-03 0.000000000000000000e+00 9.778994719342852266e-04 1.540832049306625632e-03 0.000000000000000000e+00 0.000000000000000000e+00 3.468208092485548788e-02 7.575757575757575968e-03 1.010101010101010100e-03 0.000000000000000000e+00 1.302083333333333261e-03 0.000000000000000000e+00 0.000000000000000000e+00 2.262443438914027351e-03 1.153934918070620734e-03 1.358695652173913006e-03 1.464128843338213803e-03 0.000000000000000000e+00 9.842519685039369942e-04 0.000000000000000000e+00 0.000000000000000000e+00 0.000000000000000000e+00 0.000000000000000000e+00 0.000000000000000000e+00 0.000000000000000000e+00 0.000000000000000000e+00 0.000000000000000000e+00 0.000000000000000000e+00
2.322880371660859464e-03 5.084527035746547879e-02 7.226738934056006931e-03 0.000000000000000000e+00 1.578947368421052596e-03 1.443600233781414388e-01 1.059535822401614508e-02 2.006754354781372096e-01 4.642525533890435978e-03 3.081664098613251176e-02 5.082592121982211150e-03 4.118616144975287968e-02 1.171989452094931126e-02 2.015548517132162432e-02 7.278835386338186261e-03 4.291381175622070027e-02 1.546551190844417051e-03 1.611645438003639352e-02 5.434782608695652023e-03 1.952191235059760888e-01 0.000000000000000000e+00 0.000000000000000000e+00 1.327433628318584052e-02 3.126041088284286507e-01 7.911392405063291666e-03 1.604938271604938183e-01 9.756097560975609748e-04 2.481389578163771710e-03 3.021850302185030007e-03 3.099173553719008350e-02 2.134646962233169298e-02 1.282667467708020481e-01 3.725490196078431408e-03 3.926164664518019126e-02 0.000000000000000000e+00 2.331002331002331000e-03 3.840245775729646694e-04 2.160493827160493707e-02 0.000000000000000000e+00 0.000000000000000000e+00 0.000000000000000000e+00 1.938775510204081565e-01 0.000000000000000000e+00 6.832934745473180724e-04 0.000000000000000000e+00 1.498875843117661831e-03 0.000000000000000000e+00 4.127115146512587971e-04 0.000000000000000000e+00 3.861907548273844221e-03 0.000000000000000000e+00 7.027406886858748696e-03 0.000000000000000000e+00 5.844535359438924249e-04 0.000000000000000000e+00 6.802721088435373679e-04 7.253384912959381361e-04 1.084720403964840180e-02 0.000000000000000000e+00 1.613359750919898111e-02 4.490345756623259784e-04 3.990877993158494993e-03 0.000000000000000000e+00 3.398883224083515311e-03 0.000000000000000000e+00 1.466275659824046920e-03 0.000000000000000000e+00 2.037213092489474284e-02 8.450704225352113127e-04 1.807692307692307723e-02 1.584283903675538611e-03 4.726631393298059980e-02 4.333172845450168793e-03 7.485455720749838171e-02 1.840490797546012270e-03 1.723289020187099979e-02 2.604731929672237951e-03 6.998313659359189920e-02 0.000000000000000000e+00 0.000000000000000000e+00 2.375861249703017377e-04 1.109877913429522774e-03 0.000000000000000000e+00 0.000000000000000000e+00 0.000000000000000000e+00 1.750632172729040936e-03 0.000000000000000000e+00 0.000000000000000000e+00 0.000000000000000000e+00 2.205071664829106985e-03 0.000000000000000000e+00 1.540832049306625632e-03 0.000000000000000000e+00 0.000000000000000000e+00 0.000000000000000000e+00 2.272727272727272790e-02 0.000000000000000000e+00 0.000000000000000000e+00 0.000000000000000000e+00 0.000000000000000000e+00 0.000000000000000000e+00 0.000000000000000000e+00 4.615739672282483477e-04 9.057971014492753733e-04 0.000000000000000000e+00 1.235330450895614661e-03 0.000000000000000000e+00 0.000000000000000000e+00 0.000000000000000000e+00 0.000000000000000000e+00 0.000000000000000000e+00 0.000000000000000000e+00 0.000000000000000000e+00 0.000000000000000000e+00 0.000000000000000000e+00 0.000000000000000000e+00
1.052631578947368397e-03 0.000000000000000000e+00 1.557894736842105332e-01 1.578947368421052596e-03 0.000000000000000000e+00 7.013442431326709532e-03 3.868146653212243668e-03 0.000000000000000000e+00 3.240482822655524342e-01 4.622496147919877112e-03 0.000000000000000000e+00 0.000000000000000000e+00 5.859947260474655632e-03 0.000000000000000000e+00 1.797312430011198114e-01 1.442481067435989967e-03 0.000000000000000000e+00 0.000000000000000000e+00 0.000000000000000000e+00 0.000000000000000000e+00 5.000000000000000278e-02 0.000000000000000000e+00 8.428150021070375184e-03 1.665741254858412032e-03 3.354430379746835555e-01 8.818342151675484519e-03 1.395121951219512324e-01 1.240694789081885855e-03 7.438400743840074131e-03 2.582644628099173625e-04 1.026272577996715889e-02 6.007810153199159018e-04 0.000000000000000000e+00 8.789920890711983232e-04 0.000000000000000000e+00 0.000000000000000000e+00 0.000000000000000000e+00 0.000000000000000000e+00 0.000000000000000000e+00 0.000000000000000000e+00 0.000000000000000000e+00 0.000000000000000000e+00 1.933861922258750640e-04 0.000000000000000000e+00 0.000000000000000000e+00 0.000000000000000000e+00 0.000000000000000000e+00 0.000000000000000000e+00 0.000000000000000000e+00 0.000000000000000000e+00 0.000000000000000000e+00 0.000000000000000000e+00 9.242144177449168087e-04 0.000000000000000000e+00 0.000000000000000000e+00 0.000000000000000000e+00 0.000000000000000000e+00 0.000000000000000000e+00 0.000000000000000000e+00 0.000000000000000000e+00 4.490345756623259784e-04 0.000000000000000000e+00 3.277613897082923646e-04 0.000000000000000000e+00 0.000000000000000000e+00 0.000000000000000000e+00 4.669260700389104841e-04 0.000000000000000000e+00 2.816901408450704376e-04 0.000000000000000000e+00 2.138783269961977082e-02 3.527336860670194241e-04 3.209757663296421148e-02 1.292824822236586957e-04 6.134969325153374594e-04 0.000000000000000000e+00 1.302365964836118975e-03 0.000000000000000000e+00 0.000000000000000000e+00 0.000000000000000000e+00 0.000000000000000000e+00 0.000000000000000000e+00 0.000000000000000000e+00 0.000000000000000000e+00 9.471191791633780995e-04 0.000000000000000000e+00 0.000000000000000000e+00 0.000000000000000000e+00 0.000000000000000000e+00 0.000000000000000000e+00 3.911597887737140690e-04 0.000000000000000000e+00 0.000000000000000000e+00 0.000000000000000000e+00 0.000000000000000000e+00 0.000000000000000000e+00 0.000000000000000000e+00 0.000000000000000000e+00 0.000000000000000000e+00 0.000000000000000000e+00 0.000000000000000000e+00 6.787330316742081621e-03 0.000000000000000000e+00 0.000000000000000000e+00 0.000000000000000000e+00 0.000000000000000000e+00 9.842519685039369942e-04 0.000000000000000000e+00 0.000000000000000000e+00 0.000000000000000000e+00 0.000000000000000000e+00 0.000000000000000000e+00 0.000000000000000000e+00 0.000000000000000000e+00 0.000000000000000000e+00 0.000000000000000000e+00
0.000000000000000000e+00 0.000000000000000000e+00 4.091174751607247299e-03 1.443600233781414388e-01 7.013442431326709532e-03 0.000000000000000000e+00 5.045408678102926382e-04 6.221116246000710746e-03 3.714020427112349129e-03 2.496147919876733345e-01 0.000000000000000000e+00 3.294892915980230470e-04 8.789920890711983232e-04 0.000000000000000000e+00 3.919372900335946382e-03 1.835557158312297044e-01 0.000000000000000000e+00 0.000000000000000000e+00 0.000000000000000000e+00 1.532332209623046208e-04 8.928571428571428076e-03 3.351955307262569767e-02 3.160556257901390477e-03 2.248750694058856275e-02 9.493670886075949653e-03 8.465608465608465139e-02 9.756097560975609748e-04 2.803970223325061850e-01 0.000000000000000000e+00 2.582644628099173625e-03 1.149425287356321823e-02 2.072694502853709986e-02 0.000000000000000000e+00 2.929973630237327925e-04 0.000000000000000000e+00 0.000000000000000000e+00 3.840245775729646694e-04 2.805836139169472741e-04 0.000000000000000000e+00 0.000000000000000000e+00 0.000000000000000000e+00 0.000000000000000000e+00 0.000000000000000000e+00 3.416467372736590362e-04 0.000000000000000000e+00 1.249063202598051526e-04 0.000000000000000000e+00 2.063557573256293986e-04 1.474708745022857944e-04 1.170275014628437729e-04 0.000000000000000000e+00 1.003915269551249837e-04 0.000000000000000000e+00 0.000000000000000000e+00 0.000000000000000000e+00 0.000000000000000000e+00 0.000000000000000000e+00 0.000000000000000000e+00 0.000000000000000000e+00 2.830455703368242072e-04 0.000000000000000000e+00 0.000000000000000000e+00 0.000000000000000000e+00 0.000000000000000000e+00 0.000000000000000000e+00 0.000000000000000000e+00 0.000000000000000000e+00 4.074426184978948741e-04 0.000000000000000000e+00 0.000000000000000000e+00 1.584283903675538557e-04 1.499118165784832368e-02 1.604878831648210433e-04 1.538461538461538547e-02 0.000000000000000000e+00 4.923682914820285902e-04 0.000000000000000000e+00 4.215851602023608542e-04 0.000000000000000000e+00 0.000000000000000000e+00 0.000000000000000000e+00 0.000000000000000000e+00 0.000000000000000000e+00 0.000000000000000000e+00 0.000000000000000000e+00 0.000000000000000000e+00 0.000000000000000000e+00 0.000000000000000000e+00 0.000000000000000000e+00 0.000000000000000000e+00 0.000000000000000000e+00 0.000000000000000000e+00 0.000000000000000000e+00 0.000000000000000000e+00 0.000000000000000000e+00 0.000000000000000000e+00 0.000000000000000000e+00 0.000000000000000000e+00 0.000000000000000000e+00 0.000000000000000000e+00 0.000000000000000000e+00 0.000000000000000000e+00 0.000000000000000000e+00 0.000000000000000000e+00 0.000000000000000000e+00 0.000000000000000000e+00 0.000000000000000000e+00 0.000000000000000000e+00 0.000000000000000000e+00 0.000000000000000000e+00 0.000000000000000000e+00 0.000000000000000000e+00 0.000000000000000000e+00 0.000000000000000000e+00 0.000000000000000000e+00 0.000000000000000000e+00
1.022536158762193115e-01 3.531786074672048359e-03 2.845610494450050432e-01 1.059535822401614508e-02 3.868146653212243668e-03 5.045408678102926382e-04 0.000000000000000000e+00 1.777461784571631592e-02 2.228412256267409478e-02 7.704160246533127941e-03 7.920372723422278161e-02 7.248764415156507684e-03 1.341927922648696037e-01 8.062194068528649726e-03 2.127659574468085055e-02 8.294266137756942797e-03 8.660686668728734619e-03 4.419027813880945996e-03 1.086956521739130405e-02 6.895494943303707991e-03 0.000000000000000000e+00 0.000000000000000000e+00 1.517067003792667464e-02 6.940588561910049879e-03 0.000000000000000000e+00 1.763668430335096904e-03 0.000000000000000000e+00 0.000000000000000000e+00 1.743375174337517472e-02 3.099173553719008350e-03 3.612479474548439817e-02 1.381796335235806542e-02 1.764705882352941239e-03 1.128039847641371281e-02 6.418485237483953325e-04 4.662004662004662001e-04 1.651305683563748100e-02 0.000000000000000000e+00 0.000000000000000000e+00 0.000000000000000000e+00 3.134796238244513984e-03 0.000000000000000000e+00 0.000000000000000000e+00 0.000000000000000000e+00 3.463803255975060700e-04 0.000000000000000000e+00 0.000000000000000000e+00 0.000000000000000000e+00 3.686771862557144779e-03 2.340550029256875458e-04 9.058684521465144510e-03 0.000000000000000000e+00 0.000000000000000000e+00 0.000000000000000000e+00 3.097040605643496414e-03 0.000000000000000000e+00 1.402321083172147070e-02 5.610622779128483090e-04 2.059708400833140315e-02 5.660911406736484144e-04 2.941176470588235253e-02 0.000000000000000000e+00 4.588659455916093213e-03 7.283321194464676285e-04 2.365390600684718486e-02 0.000000000000000000e+00 7.003891050583657858e-03 2.716284123319299341e-04 3.661971830985915471e-03 7.692307692307692301e-04 1.129594423320659097e-01 1.234567901234567876e-03 3.594928582891991631e-02 5.946994182288299624e-03 7.975460122699387297e-03 4.923682914820285902e-04 5.817234642934664829e-02 2.318718381112984915e-03 0.000000000000000000e+00 0.000000000000000000e+00 4.751722499406034646e-03 0.000000000000000000e+00 0.000000000000000000e+00 0.000000000000000000e+00 2.067876874506708804e-02 0.000000000000000000e+00 1.886792452830188694e-03 0.000000000000000000e+00 1.364846870838881503e-02 0.000000000000000000e+00 1.564639155094856276e-03 7.704160246533128158e-04 0.000000000000000000e+00 0.000000000000000000e+00 5.780346820809248269e-03 0.000000000000000000e+00 0.000000000000000000e+00 0.000000000000000000e+00 6.510416666666666305e-04 0.000000000000000000e+00 0.000000000000000000e+00 0.000000000000000000e+00 4.615739672282483477e-04 1.358695652173913006e-03 0.000000000000000000e+00 6.176652254478073303e-04 1.968503937007873988e-03 0.000000000000000000e+00 0.000000000000000000e+00 0.000000000000000000e+00 0.000000000000000000e+00 0.000000000000000000e+00 0.000000000000000000e+00 0.000000000000000000e+00 0.000000000000000000e+00 0.000000000000000000e+00
3.554923569143263531e-03 1.187344472093850023e-01 1.173124777817276948e-02 2.006754354781372096e-01 0.000000000000000000e+00 6.221116246000710746e-03 1.777461784571631592e-02 0.000000000000000000e+00 3.714020427112349129e-03 9.553158705701078612e-02 5.506141465480728601e-03 7.149917627677100651e-02 7.324934075593319757e-03 2.660524042614454410e-01 2.239641657334826442e-03 2.524341868012982409e-02 6.186204763377668205e-04 1.429685469196776727e-02 6.521739130434782254e-03 5.209929512718357650e-03 0.000000000000000000e+00 0.000000000000000000e+00 1.116729877791824629e-02 1.138256524153248225e-02 0.000000000000000000e+00 1.763668430335096904e-03 0.000000000000000000e+00 0.000000000000000000e+00 3.254300325430032649e-03 1.446280991735537230e-02 1.149425287356321823e-02 2.042655452087713958e-02 3.725490196078431408e-03 3.955464400820392183e-03 0.000000000000000000e+00 4.662004662004662001e-04 3.840245775729646694e-04 8.136924803591469649e-03 0.000000000000000000e+00 9.140767824497257740e-04 0.000000000000000000e+00 4.081632653061224164e-02 0.000000000000000000e+00 4.555289830315453997e-04 0.000000000000000000e+00 2.498126405196103052e-03 0.000000000000000000e+00 0.000000000000000000e+00 0.000000000000000000e+00 7.723815096547688441e-03 0.000000000000000000e+00 8.332496737275374432e-03 0.000000000000000000e+00 1.948178453146308300e-03 0.000000000000000000e+00 3.741496598639455686e-03 0.000000000000000000e+00 6.358705816345614457e-03 0.000000000000000000e+00 4.528729125389187316e-03 2.245172878311629892e-04 4.846066134549600890e-02 0.000000000000000000e+00 1.141053653799465814e-02 0.000000000000000000e+00 7.331378299120235031e-03 1.556420233463035128e-04 3.666983566481053867e-03 5.633802816901408751e-04 0.000000000000000000e+00 6.337135614702154229e-04 1.109347442680776036e-01 4.654148611779810284e-03 4.447317388493859242e-02 1.226993865030674919e-03 6.400787789266371673e-03 2.604731929672237951e-03 3.646711635750421454e-02 0.000000000000000000e+00 0.000000000000000000e+00 2.375861249703017377e-04 6.659267480577136210e-03 0.000000000000000000e+00 0.000000000000000000e+00 3.157063930544593304e-04 2.431433573234779294e-02 0.000000000000000000e+00 3.703703703703703845e-03 3.328894806924101424e-04 5.512679162072767029e-03 0.000000000000000000e+00 7.704160246533128158e-04 0.000000000000000000e+00 0.000000000000000000e+00 0.000000000000000000e+00 0.000000000000000000e+00 0.000000000000000000e+00 0.000000000000000000e+00 1.302083333333333261e-03 0.000000000000000000e+00 0.000000000000000000e+00 0.000000000000000000e+00 2.307869836141241738e-04 1.811594202898550747e-03 0.000000000000000000e+00 2.470660901791229321e-03 0.000000000000000000e+00 0.000000000000000000e+00 0.000000000000000000e+00 0.000000000000000000e+00 0.000000000000000000e+00 0.000000000000000000e+00 0.000000000000000000e+00 2.314814814814814686e-03 0.000000000000000000e+00 0.000000000000000000e+00
9.285051067780872823e-04 0.000000000000000000e+00 9.935004642525534224e-02 4.642525533890435978e-03 3.240482822655524342e-01 3.714020427112349129e-03 2.228412256267409478e-02 3.714020427112349129e-03 0.000000000000000000e+00 7.704160246533127941e-03 4.235493434985175597e-04 0.000000000000000000e+00 1.699384705537650142e-02 0.000000000000000000e+00 1.584546472564389574e-01 2.163721601153985059e-03 0.000000000000000000e+00 0.000000000000000000e+00 0.000000000000000000e+00 0.000000000000000000e+00 0.000000000000000000e+00 0.000000000000000000e+00 4.214075010535187592e-03 0.000000000000000000e+00 0.000000000000000000e+00 5.291005291005290712e-03 0.000000000000000000e+00 0.000000000000000000e+00 3.021850302185030007e-03 0.000000000000000000e+00 2.052545155993431951e-03 9.011715229798737984e-04 0.000000000000000000e+00 2.929973630237327925e-04 0.000000000000000000e+00 0.000000000000000000e+00 7.680491551459293388e-04 0.000000000000000000e+00 0.000000000000000000e+00 0.000000000000000000e+00 0.000000000000000000e+00 0.000000000000000000e+00 0.000000000000000000e+00 0.000000000000000000e+00 0.000000000000000000e+00 0.000000000000000000e+00 0.000000000000000000e+00 0.000000000000000000e+00 0.000000000000000000e+00 0.000000000000000000e+00 1.312852829197846873e-04 0.000000000000000000e+00 0.000000000000000000e+00 0.000000000000000000e+00 0.000000000000000000e+00 0.000000000000000000e+00 0.000000000000000000e+00 0.000000000000000000e+00 2.314279102059708482e-04 0.000000000000000000e+00 0.000000000000000000e+00 0.000000000000000000e+00 3.277613897082923646e-04 0.000000000000000000e+00 9.337068160597572801e-04 0.000000000000000000e+00 0.000000000000000000e+00 0.000000000000000000e+00 0.000000000000000000e+00 0.000000000000000000e+00 8.871989860583016571e-03 0.000000000000000000e+00 1.604878831648210574e-02 1.292824822236586957e-04 3.067484662576687188e-03 0.000000000000000000e+00 2.170609941393531698e-03 0.000000000000000000e+00 0.000000000000000000e+00 0.000000000000000000e+00 0.000000000000000000e+00 0.000000000000000000e+00 0.000000000000000000e+00 0.000000000000000000e+00 6.314127861089186607e-04 0.000000000000000000e+00 0.000000000000000000e+00 0.000000000000000000e+00 0.000000000000000000e+00 0.000000000000000000e+00 0.000000000000000000e+00 0.000000000000000000e+00 0.000000000000000000e+00 0.000000000000000000e+00 0.000000000000000000e+00 0.000000000000000000e+00 0.000000000000000000e+00 0.000000000000000000e+00 0.000000000000000000e+00 0.000000000000000000e+00 0.000000000000000000e+00 0.000000000000000000e+00 0.000000000000000000e+00 0.000000000000000000e+00 0.000000000000000000e+00 0.000000000000000000e+00 0.000000000000000000e+00 0.000000000000000000e+00 0.000000000000000000e+00 0.000000000000000000e+00 0.000000000000000000e+00 0.000000000000000000e+00 0.000000000000000000e+00 0.000000000000000000e+00 0.000000000000000000e+00 0.000000000000000000e+00
0.000000000000000000e+00 1.540832049306625632e-03 6.163328197226502526e-03 3.081664098613251176e-02 4.622496147919877112e-03 2.496147919876733345e-01 7.704160246533127941e-03 9.553158705701078612e-02 7.704160246533127941e-03 0.000000000000000000e+00 0.000000000000000000e+00 3.624382207578253842e-03 1.171989452094931170e-03 4.319032536711776143e-03 1.679731243001119723e-03 7.753335737468446121e-02 0.000000000000000000e+00 2.599428125812321046e-04 0.000000000000000000e+00 1.532332209623046208e-04 0.000000000000000000e+00 0.000000000000000000e+00 2.949852507374631227e-03 5.552470849528040467e-04 3.164556962025316406e-03 0.000000000000000000e+00 9.756097560975609748e-04 0.000000000000000000e+00 0.000000000000000000e+00 7.747933884297520876e-04 5.747126436781609116e-03 5.106638630219284894e-03 0.000000000000000000e+00 2.929973630237327925e-04 0.000000000000000000e+00 4.662004662004662001e-04 0.000000000000000000e+00 0.000000000000000000e+00 0.000000000000000000e+00 9.140767824497257740e-04 0.000000000000000000e+00 0.000000000000000000e+00 0.000000000000000000e+00 0.000000000000000000e+00 0.000000000000000000e+00 1.249063202598051526e-04 0.000000000000000000e+00 0.000000000000000000e+00 0.000000000000000000e+00 0.000000000000000000e+00 0.000000000000000000e+00 2.007830539102499674e-04 0.000000000000000000e+00 0.000000000000000000e+00 0.000000000000000000e+00 0.000000000000000000e+00 0.000000000000000000e+00 1.870207593042827877e-04 0.000000000000000000e+00 0.000000000000000000e+00 0.000000000000000000e+00 1.140250855188141427e-03 0.000000000000000000e+00 0.000000000000000000e+00 0.000000000000000000e+00 0.000000000000000000e+00 1.556420233463035128e-04 1.358142061659649671e-04 0.000000000000000000e+00 0.000000000000000000e+00 0.000000000000000000e+00 2.998236331569664997e-03 1.604878831648210433e-04 5.817711700064641389e-03 0.000000000000000000e+00 9.847365829640571805e-04 0.000000000000000000e+00 4.215851602023608542e-04 0.000000000000000000e+00 0.000000000000000000e+00 0.000000000000000000e+00 1.109877913429522774e-03 0.000000000000000000e+00 0.000000000000000000e+00 0.000000000000000000e+00 3.890293717175646523e-04 0.000000000000000000e+00 0.000000000000000000e+00 0.000000000000000000e+00 3.675119441381845156e-04 0.000000000000000000e+00 0.000000000000000000e+00 0.000000000000000000e+00 0.000000000000000000e+00 0.000000000000000000e+00 0.000000000000000000e+00 0.000000000000000000e+00 0.000000000000000000e+00 0.000000000000000000e+00 0.000000000000000000e+00 0.000000000000000000e+00 0.000000000000000000e+00 0.000000000000000000e+00 0.000000000000000000e+00 0.000000000000000000e+00 0.000000000000000000e+00 0.000000000000000000e+00 0.000000000000000000e+00 0.000000000000000000e+00 0.000000000000000000e+00 0.000000000000000000e+00 0.000000000000000000e+00 0.000000000000000000e+00 0.000000000000000000e+00 0.000000000000000000e+00 0.000000000000000000e+00
1.321473951715374795e-01 4.235493434985175597e-04 6.310885218127912366e-02 5.082592121982211150e-03 0.000000000000000000e+00 0.000000000000000000e+00 7.920372723422278161e-02 5.506141465480728601e-03 4.235493434985175597e-04 0.000000000000000000e+00 0.000000000000000000e+00 2.306425041186161654e-03 1.898622912393788387e-01 1.439677512237258787e-03 5.599104143337066105e-04 0.000000000000000000e+00 4.948963810702134564e-02 0.000000000000000000e+00 1.195652173913043514e-02 9.193993257738277249e-04 0.000000000000000000e+00 0.000000000000000000e+00 9.060261272650653799e-03 1.388117712382010063e-03 0.000000000000000000e+00 0.000000000000000000e+00 0.000000000000000000e+00 0.000000000000000000e+00 6.694560669456066371e-02 0.000000000000000000e+00 8.210180623973727804e-03 6.007810153199159018e-04 1.372549019607843162e-03 1.318488133606797539e-03 0.000000000000000000e+00 0.000000000000000000e+00 0.000000000000000000e+00 2.805836139169472741e-04 0.000000000000000000e+00 0.000000000000000000e+00 0.000000000000000000e+00 0.000000000000000000e+00 0.000000000000000000e+00 0.000000000000000000e+00 0.000000000000000000e+00 0.000000000000000000e+00 0.000000000000000000e+00 0.000000000000000000e+00 1.474708745022857944e-04 0.000000000000000000e+00 1.312852829197846873e-04 0.000000000000000000e+00 0.000000000000000000e+00 0.000000000000000000e+00 3.441156228492773432e-04 0.000000000000000000e+00 7.495164410058026937e-03 0.000000000000000000e+00 1.157139551029854295e-03 0.000000000000000000e+00 1.032779524023349875e-02 0.000000000000000000e+00 1.311045558833169459e-03 0.000000000000000000e+00 2.178649237472767095e-03 0.000000000000000000e+00 4.669260700389104841e-04 1.358142061659649671e-04 5.633802816901408751e-04 0.000000000000000000e+00 3.612167300380227791e-02 1.763668430335097121e-04 2.407318247472315948e-03 5.171299288946347829e-04 0.000000000000000000e+00 0.000000000000000000e+00 7.380073800738007166e-03 8.431703204047217085e-04 0.000000000000000000e+00 0.000000000000000000e+00 1.187930624851508661e-03 0.000000000000000000e+00 0.000000000000000000e+00 0.000000000000000000e+00 1.894238358326756199e-03 0.000000000000000000e+00 0.000000000000000000e+00 0.000000000000000000e+00 6.657789613848202849e-04 0.000000000000000000e+00 0.000000000000000000e+00 0.000000000000000000e+00 0.000000000000000000e+00 0.000000000000000000e+00 0.000000000000000000e+00 0.000000000000000000e+00 0.000000000000000000e+00 0.000000000000000000e+00 0.000000000000000000e+00 0.000000000000000000e+00 0.000000000000000000e+00 0.000000000000000000e+00 0.000000000000000000e+00 0.000000000000000000e+00 0.000000000000000000e+00 0.000000000000000000e+00 0.000000000000000000e+00 0.000000000000000000e+00 0.000000000000000000e+00 0.000000000000000000e+00 0.000000000000000000e+00 0.000000000000000000e+00 0.000000000000000000e+00 0.000000000000000000e+00 0.000000000000000000e+00 0.000000000000000000e+00
6.589785831960460940e-04 3.097199341021416794e-02 4.942339373970345597e-03 4.118616144975287968e-02 0.000000000000000000e+00 3.294892915980230470e-04 7.248764415156507684e-03 7.149917627677100651e-02 0.000000000000000000e+00 3.624382207578253842e-03 2.306425041186161654e-03 0.000000000000000000e+00 2.929973630237327925e-04 2.767060178520011626e-01 0.000000000000000000e+00 1.334294987378290692e-02 3.093102381688834102e-04 1.109955809721861197e-01 1.708074534161490611e-03 3.677597303095310900e-03 0.000000000000000000e+00 0.000000000000000000e+00 2.107037505267593796e-03 8.883953359244864748e-03 0.000000000000000000e+00 0.000000000000000000e+00 0.000000000000000000e+00 0.000000000000000000e+00 9.298000929800092663e-04 4.261363636363636048e-02 2.463054187192118254e-03 1.201562030639831760e-02 1.176470588235294015e-03 8.643422209200116862e-03 0.000000000000000000e+00 0.000000000000000000e+00 0.000000000000000000e+00 0.000000000000000000e+00 0.000000000000000000e+00 0.000000000000000000e+00 0.000000000000000000e+00 0.000000000000000000e+00 0.000000000000000000e+00 0.000000000000000000e+00 0.000000000000000000e+00 1.249063202598051526e-04 0.000000000000000000e+00 2.063557573256293986e-04 0.000000000000000000e+00 2.340550029256875458e-04 0.000000000000000000e+00 3.011745808653749782e-04 0.000000000000000000e+00 0.000000000000000000e+00 0.000000000000000000e+00 0.000000000000000000e+00 0.000000000000000000e+00 2.618290630259958920e-03 0.000000000000000000e+00 8.491367110104727301e-04 0.000000000000000000e+00 3.420752565564424280e-03 0.000000000000000000e+00 2.403495994173342892e-02 0.000000000000000000e+00 5.376344086021505805e-03 1.556420233463035128e-04 5.432568246638598683e-04 0.000000000000000000e+00 3.846153846153846151e-04 1.584283903675538557e-04 7.301587301587302015e-02 4.814636494944631571e-04 1.176470588235294101e-02 0.000000000000000000e+00 9.847365829640571805e-04 4.341219882787063070e-04 3.372681281618886834e-03 0.000000000000000000e+00 0.000000000000000000e+00 0.000000000000000000e+00 1.054384017758046646e-02 0.000000000000000000e+00 0.000000000000000000e+00 0.000000000000000000e+00 8.364131491927641326e-03 0.000000000000000000e+00 0.000000000000000000e+00 0.000000000000000000e+00 2.940095553105476125e-03 0.000000000000000000e+00 0.000000000000000000e+00 0.000000000000000000e+00 0.000000000000000000e+00 0.000000000000000000e+00 7.575757575757575968e-03 0.000000000000000000e+00 0.000000000000000000e+00 0.000000000000000000e+00 0.000000000000000000e+00 0.000000000000000000e+00 0.000000000000000000e+00 0.000000000000000000e+00 0.000000000000000000e+00 0.000000000000000000e+00 0.000000000000000000e+00 0.000000000000000000e+00 0.000000000000000000e+00 0.000000000000000000e+00 0.000000000000000000e+00 0.000000000000000000e+00 0.000000000000000000e+00 0.000000000000000000e+00 0.000000000000000000e+00 0.000000000000000000e+00 0.000000000000000000e+00
4.131262818634632433e-02 0.000000000000000000e+00 6.592440668033987261e-02 1.171989452094931126e-02 5.859947260474655632e-03 8.789920890711983232e-04 1.341927922648696037e-01 7.324934075593319757e-03 1.699384705537650142e-02 1.171989452094931170e-03 1.898622912393788387e-01 2.929973630237327925e-04 0.000000000000000000e+00 2.879355024474517574e-03 1.730123180291153473e-01 9.376126938333935110e-03 6.495515001546551398e-03 0.000000000000000000e+00 2.018633540372670801e-03 0.000000000000000000e+00 0.000000000000000000e+00 0.000000000000000000e+00 1.306363253265908214e-02 3.609106052193225816e-03 0.000000000000000000e+00 1.763668430335096904e-03 0.000000000000000000e+00 1.240694789081885855e-03 9.483960948396094603e-02 0.000000000000000000e+00 1.765188834154351322e-02 9.612496245118654428e-03 0.000000000000000000e+00 4.394960445355991616e-04 0.000000000000000000e+00 0.000000000000000000e+00 1.536098310291858678e-03 0.000000000000000000e+00 0.000000000000000000e+00 0.000000000000000000e+00 0.000000000000000000e+00 0.000000000000000000e+00 1.933861922258750640e-04 0.000000000000000000e+00 0.000000000000000000e+00 0.000000000000000000e+00 3.412969283276450546e-04 0.000000000000000000e+00 0.000000000000000000e+00 0.000000000000000000e+00 3.938558487593540620e-04 0.000000000000000000e+00 0.000000000000000000e+00 0.000000000000000000e+00 3.441156228492773432e-04 0.000000000000000000e+00 5.802707930367505089e-03 0.000000000000000000e+00 3.702846563295533570e-03 0.000000000000000000e+00 1.571621014818140941e-02 0.000000000000000000e+00 6.555227794165847076e-03 0.000000000000000000e+00 9.959539371304077654e-03 0.000000000000000000e+00 7.782101167315175639e-04 0.000000000000000000e+00 1.971830985915492846e-03 0.000000000000000000e+00 4.705323193916349789e-02 1.763668430335097121e-04 2.118440057775638000e-02 1.292824822236586903e-03 1.226993865030674875e-02 0.000000000000000000e+00 2.127197742565660812e-02 1.053962900505902136e-03 2.232142857142857019e-03 0.000000000000000000e+00 7.602755999049655607e-03 0.000000000000000000e+00 0.000000000000000000e+00 0.000000000000000000e+00 8.208366219415943674e-03 0.000000000000000000e+00 0.000000000000000000e+00 0.000000000000000000e+00 4.327563249001331255e-03 0.000000000000000000e+00 1.955798943868570345e-04 7.704160246533128158e-04 0.000000000000000000e+00 0.000000000000000000e+00 0.000000000000000000e+00 0.000000000000000000e+00 0.000000000000000000e+00 0.000000000000000000e+00 0.000000000000000000e+00 0.000000000000000000e+00 0.000000000000000000e+00 0.000000000000000000e+00 0.000000000000000000e+00 0.000000000000000000e+00 0.000000000000000000e+00 0.000000000000000000e+00 0.000000000000000000e+00 0.000000000000000000e+00 0.000000000000000000e+00 0.000000000000000000e+00 0.000000000000000000e+00 2.000000000000000042e-02 0.000000000000000000e+00 0.000000000000000000e+00 0.000000000000000000e+00 0.000000000000000000e+00
