0.000000000000000000e+00 1.632442649712174693e-03 5.588526211671612093e-02 3.784927084492930877e-03 6.176652254478073303e-04 0.000000000000000000e+00 1.321494716200021791e-01 1.961425302386400789e-03 6.112469437652812143e-03 0.000000000000000000e+00 2.558833278090818508e-01 1.861619609059882077e-03 5.739390540287904463e-02 0.000000000000000000e+00 3.975424647632815403e-03 0.000000000000000000e+00 1.102994886778670552e-01 1.123415182153747385e-03 5.354005167958656580e-02 7.817661308081921140e-03 0.000000000000000000e+00 0.000000000000000000e+00 7.498500299940012454e-04 0.000000000000000000e+00 0.000000000000000000e+00 0.000000000000000000e+00 0.000000000000000000e+00 0.000000000000000000e+00 6.350914962325081292e-02 1.893580761219465947e-04 2.799552071668533052e-04 0.000000000000000000e+00 5.586592178770949900e-03 7.553956834532374320e-03 4.868549172346640875e-04 0.000000000000000000e+00 8.888126286890871142e-02 0.000000000000000000e+00 2.839396628216504098e-02 0.000000000000000000e+00 0.000000000000000000e+00 0.000000000000000000e+00 0.000000000000000000e+00 0.000000000000000000e+00 3.393281303020020587e-04 9.019572472264814446e-05 0.000000000000000000e+00 0.000000000000000000e+00 1.135646687697160857e-03 0.000000000000000000e+00 5.790441176470588480e-03 0.000000000000000000e+00 2.397362900809110135e-03 0.000000000000000000e+00 2.154626108998732546e-03 0.000000000000000000e+00 1.992052980132450468e-01 7.241129616220129839e-04 1.724345833835765063e-02 8.192692118630181966e-04 8.156766687078995104e-02 0.000000000000000000e+00 2.142501245640258956e-02 0.000000000000000000e+00 4.808175573797956320e-02 2.919708029197080543e-04 4.647084612012275170e-03 1.077818495365380442e-04 1.264735264735264708e-01 5.664117813650523673e-04 1.793785310734463401e-01 0.000000000000000000e+00 2.718354804396643301e-02 4.112687641373637430e-04 5.299417064122946813e-04 0.000000000000000000e+00 6.711864406779660674e-02 5.572582892170521458e-04 1.607717041800643069e-03 0.000000000000000000e+00 9.544787077826724989e-03 0.000000000000000000e+00 0.000000000000000000e+00 0.000000000000000000e+00 2.006220839813374970e-02 0.000000000000000000e+00 5.882352941176470073e-04 0.000000000000000000e+00 1.086641553172993345e-02 0.000000000000000000e+00 2.639296187683284455e-03 2.364066193853427839e-03 0.000000000000000000e+00 0.000000000000000000e+00 6.872852233676976508e-02 0.000000000000000000e+00 4.077471967380224584e-03 6.250000000000000347e-03 1.666666666666666774e-03 4.444444444444444441e-03 0.000000000000000000e+00 0.000000000000000000e+00 1.926782273603082829e-03 2.730748225013653508e-04 1.042209484106305277e-03 0.000000000000000000e+00 1.972386587771203254e-03 0.000000000000000000e+00 0.000000000000000000e+00 0.000000000000000000e+00 6.596306068601582879e-04 0.000000000000000000e+00 0.000000000000000000e+00 0.000000000000000000e+00 0.000000000000000000e+00 0.000000000000000000e+00
1.632442649712174693e-03 0.000000000000000000e+00 9.891196834817012496e-05 8.137593231659802362e-02 0.000000000000000000e+00 4.240882103477523280e-04 9.804989650288701859e-04 2.311212814645308977e-01 0.000000000000000000e+00 5.333333333333333589e-04 0.000000000000000000e+00 8.904747130003103084e-02 0.000000000000000000e+00 2.641733452062926604e-02 0.000000000000000000e+00 1.322314049586776957e-03 0.000000000000000000e+00 9.147809340394799649e-02 7.131782945736434183e-03 1.139616824487998253e-01 0.000000000000000000e+00 0.000000000000000000e+00 2.999400119976004548e-04 8.246289169873557241e-04 0.000000000000000000e+00 0.000000000000000000e+00 0.000000000000000000e+00 0.000000000000000000e+00 0.000000000000000000e+00 4.184813482295019621e-02 3.079507278835386195e-03 0.000000000000000000e+00 8.967950602763893192e-03 2.113309352517985656e-02 0.000000000000000000e+00 4.255319148936170174e-04 0.000000000000000000e+00 1.072135785007072156e-01 0.000000000000000000e+00 0.000000000000000000e+00 0.000000000000000000e+00 2.083333333333333426e-01 0.000000000000000000e+00 0.000000000000000000e+00 0.000000000000000000e+00 1.082348696671777679e-03 0.000000000000000000e+00 1.080146899978397072e-04 1.261829652996845517e-04 1.599247412982125966e-03 0.000000000000000000e+00 9.151556619911049503e-03 0.000000000000000000e+00 2.104893878266970910e-03 0.000000000000000000e+00 2.943882244710211392e-03 7.947019867549668867e-04 2.979000724112961795e-01 0.000000000000000000e+00 2.506963788300835619e-02 1.224739742804653911e-04 5.340848094471283003e-02 0.000000000000000000e+00 1.729588990143202457e-02 0.000000000000000000e+00 3.284671532846715480e-02 2.630425252082419754e-04 4.742401379607673675e-03 1.998001998001998000e-03 1.294250920419144635e-01 0.000000000000000000e+00 4.547844374342797230e-02 0.000000000000000000e+00 5.665227225992185839e-02 0.000000000000000000e+00 3.875968992248061962e-03 6.779661016949152996e-04 9.891334633602674731e-02 0.000000000000000000e+00 3.076923076923076920e-03 2.936857562408223148e-04 1.399271612037569432e-02 0.000000000000000000e+00 0.000000000000000000e+00 0.000000000000000000e+00 3.027382959929334275e-02 0.000000000000000000e+00 1.349527665317138943e-03 0.000000000000000000e+00 1.118991331757289258e-02 0.000000000000000000e+00 1.371158392434988250e-02 0.000000000000000000e+00 1.422475106685633069e-03 6.872852233676975814e-03 0.000000000000000000e+00 0.000000000000000000e+00 3.541666666666666574e-02 8.333333333333333868e-04 4.444444444444444441e-03 0.000000000000000000e+00 6.944444444444444059e-03 3.211303789338471200e-04 4.915346805024576639e-03 0.000000000000000000e+00 3.083700440528634387e-03 0.000000000000000000e+00 2.797202797202797200e-03 0.000000000000000000e+00 0.000000000000000000e+00 6.596306068601582879e-04 0.000000000000000000e+00 0.000000000000000000e+00 0.000000000000000000e+00 0.000000000000000000e+00 0.000000000000000000e+00
5.588526211671612093e-02 9.891196834817012496e-05 0.000000000000000000e+00 8.126461093175999656e-03 5.898702903026559891e-02 4.240882103477523280e-04 2.890293060246214019e-01 7.736733137190802967e-03 2.139364303178484250e-02 2.133333333333333436e-03 5.734173019555850043e-02 9.308098045299410383e-04 5.515049541970461905e-02 1.929355891956069987e-03 2.276834116371521596e-02 3.305785123966942392e-04 9.495982468955442221e-03 4.814636494944631571e-04 1.215503875968992203e-01 2.862805549438449549e-03 0.000000000000000000e+00 0.000000000000000000e+00 2.763947210557888279e-01 8.796041781198461057e-03 5.965909090909091161e-02 0.000000000000000000e+00 3.369272237196765680e-03 0.000000000000000000e+00 2.952483469168076108e-02 9.467903806097330548e-04 1.931690929451287952e-02 3.186229628273209991e-02 7.203763598941487732e-03 5.035971223021582302e-03 1.460564751703992154e-03 0.000000000000000000e+00 1.201098146877144744e-02 0.000000000000000000e+00 1.774622892635315061e-03 0.000000000000000000e+00 0.000000000000000000e+00 0.000000000000000000e+00 0.000000000000000000e+00 0.000000000000000000e+00 5.089921954530030610e-04 9.019572472264814446e-05 0.000000000000000000e+00 0.000000000000000000e+00 8.832807570977917536e-04 9.407337723424270945e-05 2.941176470588235253e-03 0.000000000000000000e+00 2.996703626011387668e-04 0.000000000000000000e+00 2.534854245880861692e-04 0.000000000000000000e+00 3.046357615894039732e-03 1.448225923244025968e-04 4.461594115519112655e-03 0.000000000000000000e+00 4.286589099816289286e-03 0.000000000000000000e+00 1.993024414549078149e-03 0.000000000000000000e+00 2.512983749371754203e-03 0.000000000000000000e+00 1.131082858395440587e-02 0.000000000000000000e+00 5.194805194805194801e-03 0.000000000000000000e+00 4.350282485875706096e-02 9.200841219768664822e-04 7.623212386242761429e-02 1.850709438618136898e-03 5.299417064122946379e-03 0.000000000000000000e+00 1.026440677966101722e-01 4.179437169127890551e-04 1.607717041800643069e-03 0.000000000000000000e+00 2.202643171806167605e-03 0.000000000000000000e+00 0.000000000000000000e+00 0.000000000000000000e+00 2.255054432348367003e-03 0.000000000000000000e+00 5.882352941176470073e-04 0.000000000000000000e+00 5.795421616922631506e-04 0.000000000000000000e+00 2.932551319648093839e-04 3.782505910165484455e-03 0.000000000000000000e+00 0.000000000000000000e+00 8.591065292096219941e-02 0.000000000000000000e+00 5.096839959225280730e-04 0.000000000000000000e+00 8.333333333333333868e-04 0.000000000000000000e+00 0.000000000000000000e+00 0.000000000000000000e+00 3.211303789338471200e-04 8.192244675040961065e-04 5.211047420531526387e-04 4.405286343612334994e-04 0.000000000000000000e+00 0.000000000000000000e+00 0.000000000000000000e+00 0.000000000000000000e+00 6.596306068601582879e-04 0.000000000000000000e+00 0.000000000000000000e+00 0.000000000000000000e+00 0.000000000000000000e+00 0.000000000000000000e+00
3.784927084492930877e-03 8.137593231659802362e-02 8.126461093175999656e-03 0.000000000000000000e+00 6.176652254478073303e-04 1.140797285835453839e-01 6.972437084649744411e-03 1.547346627438160593e-01 0.000000000000000000e+00 7.626666666666666317e-02 1.325820351342393020e-03 4.840210983555693486e-02 2.804262478968031543e-03 3.116651825467497625e-02 0.000000000000000000e+00 1.983471074380165414e-02 0.000000000000000000e+00 4.268977692184239975e-02 1.198966408268733845e-02 9.997797841885047720e-02 0.000000000000000000e+00 0.000000000000000000e+00 2.099580083983203227e-02 2.069818581638262767e-01 3.551136363636363518e-03 6.764518187619655842e-02 0.000000000000000000e+00 3.703703703703703845e-03 1.537751806858373154e-04 4.184813482295019621e-02 2.687569988801791557e-02 5.273759384728071709e-02 1.029109085563069750e-02 2.302158273381295014e-02 0.000000000000000000e+00 1.276595744680850998e-03 0.000000000000000000e+00 4.158415841584158640e-02 0.000000000000000000e+00 0.000000000000000000e+00 0.000000000000000000e+00 9.722222222222222376e-02 0.000000000000000000e+00 7.873395795606644794e-05 0.000000000000000000e+00 5.411743483358888397e-04 0.000000000000000000e+00 1.080146899978397072e-04 0.000000000000000000e+00 1.128880526810912459e-03 0.000000000000000000e+00 3.335614095107766047e-03 0.000000000000000000e+00 0.000000000000000000e+00 0.000000000000000000e+00 7.359705611775528480e-04 0.000000000000000000e+00 1.665459811730629971e-02 2.411672494875195956e-04 1.359986891692610209e-02 0.000000000000000000e+00 6.977992485238861814e-03 0.000000000000000000e+00 7.439092430723451927e-04 0.000000000000000000e+00 4.379562043795620814e-03 7.014467338886453763e-04 6.790256520801896990e-03 1.398601398601398600e-03 2.832058906825262162e-03 1.836158192090395517e-03 4.179810725552050160e-02 3.545680179647795502e-04 8.441291383919391489e-02 0.000000000000000000e+00 5.813953488372092943e-03 1.355932203389830599e-03 1.010030649205906905e-01 0.000000000000000000e+00 3.076923076923076920e-03 0.000000000000000000e+00 2.300172512938470411e-03 0.000000000000000000e+00 0.000000000000000000e+00 0.000000000000000000e+00 2.569661928852485372e-03 0.000000000000000000e+00 0.000000000000000000e+00 0.000000000000000000e+00 7.880220646178093518e-04 2.932551319648093839e-04 4.728132387706855677e-03 0.000000000000000000e+00 0.000000000000000000e+00 6.872852233676975814e-03 0.000000000000000000e+00 0.000000000000000000e+00 2.083333333333333304e-03 8.333333333333333868e-04 2.222222222222222220e-03 0.000000000000000000e+00 6.944444444444444059e-03 9.633911368015414143e-04 2.457673402512288319e-03 0.000000000000000000e+00 4.405286343612334994e-04 0.000000000000000000e+00 0.000000000000000000e+00 0.000000000000000000e+00 0.000000000000000000e+00 0.000000000000000000e+00 0.000000000000000000e+00 0.000000000000000000e+00 0.000000000000000000e+00 0.000000000000000000e+00 0.000000000000000000e+00
6.176652254478073303e-04 0.000000000000000000e+00 5.898702903026559891e-02 6.176652254478073303e-04 0.000000000000000000e+00 4.240882103477523280e-04 1.187493190979409599e-02 1.089680723548000393e-04 4.786063569682151853e-01 0.000000000000000000e+00 6.629101756711965098e-04 0.000000000000000000e+00 1.869508319312020866e-04 0.000000000000000000e+00 2.125045175280086684e-01 0.000000000000000000e+00 0.000000000000000000e+00 0.000000000000000000e+00 4.134366925064599354e-04 0.000000000000000000e+00 1.157184185149469705e-02 0.000000000000000000e+00 9.898020395920815659e-03 1.374381528312259432e-03 1.548295454545454419e-01 6.381620931716656476e-04 3.382749326145552682e-01 0.000000000000000000e+00 6.151007227433492614e-04 0.000000000000000000e+00 4.759238521836506135e-03 3.296099615455044818e-03 0.000000000000000000e+00 0.000000000000000000e+00 0.000000000000000000e+00 0.000000000000000000e+00 0.000000000000000000e+00 0.000000000000000000e+00 0.000000000000000000e+00 0.000000000000000000e+00 0.000000000000000000e+00 0.000000000000000000e+00 0.000000000000000000e+00 0.000000000000000000e+00 0.000000000000000000e+00 0.000000000000000000e+00 0.000000000000000000e+00 0.000000000000000000e+00 0.000000000000000000e+00 0.000000000000000000e+00 0.000000000000000000e+00 0.000000000000000000e+00 0.000000000000000000e+00 0.000000000000000000e+00 0.000000000000000000e+00 0.000000000000000000e+00 1.324503311258278145e-04 0.000000000000000000e+00 0.000000000000000000e+00 0.000000000000000000e+00 2.449479485609307823e-04 0.000000000000000000e+00 2.491280518186347686e-04 0.000000000000000000e+00 0.000000000000000000e+00 0.000000000000000000e+00 0.000000000000000000e+00 0.000000000000000000e+00 0.000000000000000000e+00 0.000000000000000000e+00 1.596045197740112928e-02 2.628811777076761223e-04 6.524051530551944200e-02 0.000000000000000000e+00 1.483836777954425021e-02 0.000000000000000000e+00 1.355932203389830599e-03 0.000000000000000000e+00 0.000000000000000000e+00 0.000000000000000000e+00 1.468428781204111574e-04 0.000000000000000000e+00 0.000000000000000000e+00 0.000000000000000000e+00 7.776049766718506439e-05 0.000000000000000000e+00 0.000000000000000000e+00 0.000000000000000000e+00 0.000000000000000000e+00 0.000000000000000000e+00 0.000000000000000000e+00 0.000000000000000000e+00 0.000000000000000000e+00 0.000000000000000000e+00 0.000000000000000000e+00 0.000000000000000000e+00 0.000000000000000000e+00 0.000000000000000000e+00 0.000000000000000000e+00 0.000000000000000000e+00 0.000000000000000000e+00 0.000000000000000000e+00 0.000000000000000000e+00 0.000000000000000000e+00 0.000000000000000000e+00 0.000000000000000000e+00 0.000000000000000000e+00 0.000000000000000000e+00 0.000000000000000000e+00 0.000000000000000000e+00 0.000000000000000000e+00 0.000000000000000000e+00 0.000000000000000000e+00 0.000000000000000000e+00 0.000000000000000000e+00 0.000000000000000000e+00
0.000000000000000000e+00 4.240882103477523280e-04 4.240882103477523280e-04 1.140797285835453839e-01 4.240882103477523280e-04 0.000000000000000000e+00 0.000000000000000000e+00 4.358722894192001572e-04 0.000000000000000000e+00 2.186666666666666758e-01 0.000000000000000000e+00 0.000000000000000000e+00 0.000000000000000000e+00 7.420599584446423277e-04 0.000000000000000000e+00 6.247933884297520585e-02 0.000000000000000000e+00 0.000000000000000000e+00 0.000000000000000000e+00 0.000000000000000000e+00 3.857280617164898871e-03 4.497751124437780745e-03 1.199760047990401819e-03 3.435953820780648926e-02 7.102272727272727036e-03 2.744097000638162087e-01 1.347708894878706272e-03 1.851851851851851749e-01 0.000000000000000000e+00 5.112668055292558626e-03 2.799552071668532944e-03 6.592199230910089636e-03 0.000000000000000000e+00 4.496402877697841961e-04 0.000000000000000000e+00 0.000000000000000000e+00 0.000000000000000000e+00 0.000000000000000000e+00 0.000000000000000000e+00 0.000000000000000000e+00 0.000000000000000000e+00 0.000000000000000000e+00 0.000000000000000000e+00 0.000000000000000000e+00 0.000000000000000000e+00 0.000000000000000000e+00 0.000000000000000000e+00 0.000000000000000000e+00 0.000000000000000000e+00 0.000000000000000000e+00 0.000000000000000000e+00 8.552856654122476627e-05 0.000000000000000000e+00 0.000000000000000000e+00 0.000000000000000000e+00 0.000000000000000000e+00 0.000000000000000000e+00 1.448225923244025968e-04 0.000000000000000000e+00 0.000000000000000000e+00 0.000000000000000000e+00 0.000000000000000000e+00 0.000000000000000000e+00 0.000000000000000000e+00 0.000000000000000000e+00 0.000000000000000000e+00 0.000000000000000000e+00 1.077818495365380442e-04 0.000000000000000000e+00 0.000000000000000000e+00 1.129943502824858797e-03 2.747108307045215483e-02 0.000000000000000000e+00 2.416203989307012107e-02 0.000000000000000000e+00 1.291989664082687393e-03 0.000000000000000000e+00 9.752020061298412009e-04 0.000000000000000000e+00 0.000000000000000000e+00 0.000000000000000000e+00 0.000000000000000000e+00 0.000000000000000000e+00 0.000000000000000000e+00 0.000000000000000000e+00 2.409058058299205036e-04 0.000000000000000000e+00 0.000000000000000000e+00 0.000000000000000000e+00 0.000000000000000000e+00 0.000000000000000000e+00 0.000000000000000000e+00 0.000000000000000000e+00 0.000000000000000000e+00 3.436426116838487907e-03 0.000000000000000000e+00 0.000000000000000000e+00 0.000000000000000000e+00 0.000000000000000000e+00 0.000000000000000000e+00 0.000000000000000000e+00 0.000000000000000000e+00 0.000000000000000000e+00 0.000000000000000000e+00 0.000000000000000000e+00 0.000000000000000000e+00 0.000000000000000000e+00 0.000000000000000000e+00 0.000000000000000000e+00 0.000000000000000000e+00 0.000000000000000000e+00 0.000000000000000000e+00 0.000000000000000000e+00 0.000000000000000000e+00 0.000000000000000000e+00 0.000000000000000000e+00
1.321494716200021791e-01 9.804989650288701859e-04 2.890293060246214019e-01 6.972437084649744411e-03 1.187493190979409599e-02 0.000000000000000000e+00 0.000000000000000000e+00 6.647052413642802818e-03 8.924205378973104619e-02 5.333333333333333589e-04 9.181305933046071677e-02 2.792429413589823332e-03 3.103383810057954717e-01 2.077767883644998648e-03 3.433321286591976829e-02 3.305785123966942392e-04 6.756756756756757132e-03 1.604878831648210433e-04 1.312661498708010341e-02 4.073992512662409290e-03 0.000000000000000000e+00 0.000000000000000000e+00 1.244751049790042072e-02 5.222649807586586361e-03 7.102272727272727036e-03 0.000000000000000000e+00 0.000000000000000000e+00 0.000000000000000000e+00 2.275872674150392072e-02 9.467903806097330548e-04 2.239641657334826442e-03 1.629738143197216604e-02 5.880623346074683420e-04 6.654676258992805495e-03 4.868549172346640875e-04 0.000000000000000000e+00 5.147563486616334866e-03 2.828854314002828734e-04 0.000000000000000000e+00 0.000000000000000000e+00 0.000000000000000000e+00 0.000000000000000000e+00 0.000000000000000000e+00 0.000000000000000000e+00 0.000000000000000000e+00 0.000000000000000000e+00 0.000000000000000000e+00 0.000000000000000000e+00 5.047318611987382068e-04 0.000000000000000000e+00 1.378676470588235383e-03 0.000000000000000000e+00 2.097692538207971205e-03 0.000000000000000000e+00 1.394169835234474039e-03 0.000000000000000000e+00 5.430463576158940826e-03 0.000000000000000000e+00 4.220426866031593005e-03 0.000000000000000000e+00 1.812614819350888071e-02 0.000000000000000000e+00 7.722969606377677772e-03 0.000000000000000000e+00 1.189478974702630303e-02 0.000000000000000000e+00 1.578255151249451961e-03 0.000000000000000000e+00 2.197802197802197800e-03 0.000000000000000000e+00 7.627118644067797104e-02 1.051524710830704489e-03 5.448528542725446233e-02 2.364795393789841712e-03 3.179650238473768088e-03 0.000000000000000000e+00 7.715254237288135530e-02 1.114516578434104292e-03 1.607717041800643069e-03 3.076923076923076920e-03 2.936857562408223040e-03 0.000000000000000000e+00 0.000000000000000000e+00 0.000000000000000000e+00 9.486780715396578995e-03 0.000000000000000000e+00 5.882352941176470073e-04 0.000000000000000000e+00 5.940307157345696941e-03 0.000000000000000000e+00 0.000000000000000000e+00 9.456264775413711137e-04 6.138735420503375808e-04 0.000000000000000000e+00 1.718213058419244127e-02 0.000000000000000000e+00 0.000000000000000000e+00 0.000000000000000000e+00 8.333333333333333868e-04 2.222222222222222220e-03 0.000000000000000000e+00 3.472222222222222029e-03 0.000000000000000000e+00 1.092299290005461403e-03 0.000000000000000000e+00 0.000000000000000000e+00 0.000000000000000000e+00 0.000000000000000000e+00 0.000000000000000000e+00 0.000000000000000000e+00 0.000000000000000000e+00 0.000000000000000000e+00 0.000000000000000000e+00 0.000000000000000000e+00 0.000000000000000000e+00 0.000000000000000000e+00
1.961425302386400789e-03 2.311212814645308977e-01 7.736733137190802967e-03 1.547346627438160593e-01 1.089680723548000393e-04 4.358722894192001572e-04 6.647052413642802818e-03 0.000000000000000000e+00 0.000000000000000000e+00 5.439999999999999697e-02 9.943652635067948189e-04 1.718895439031957739e-01 3.552065806692839781e-03 2.764915405164737328e-01 3.614022406938923143e-04 1.223140495867768539e-02 0.000000000000000000e+00 1.364147006900979023e-02 1.064599483204134445e-02 1.684650957938780072e-02 0.000000000000000000e+00 0.000000000000000000e+00 1.694661067786442862e-02 2.776250687190764260e-02 0.000000000000000000e+00 1.276324186343331295e-03 0.000000000000000000e+00 0.000000000000000000e+00 1.537751806858373154e-04 2.177617875402385744e-02 1.651735722284434355e-02 1.757919794909357236e-02 4.410467509556013216e-03 5.665467625899280740e-03 9.737098344693281751e-04 0.000000000000000000e+00 0.000000000000000000e+00 4.243281471004243209e-03 0.000000000000000000e+00 0.000000000000000000e+00 0.000000000000000000e+00 3.472222222222222029e-03 0.000000000000000000e+00 7.873395795606644794e-05 0.000000000000000000e+00 5.411743483358888397e-04 0.000000000000000000e+00 1.080146899978397072e-04 0.000000000000000000e+00 1.975540921919097075e-03 0.000000000000000000e+00 6.243585357509407775e-03 0.000000000000000000e+00 1.403262585511313868e-03 0.000000000000000000e+00 2.207911683532658761e-03 0.000000000000000000e+00 5.068790731354091104e-03 1.205836247437597978e-04 3.277076847452072787e-03 0.000000000000000000e+00 1.959205582393988218e-02 0.000000000000000000e+00 5.393342012274502349e-03 0.000000000000000000e+00 1.270072992700729993e-02 1.753616834721613441e-04 1.724509592584608708e-03 0.000000000000000000e+00 0.000000000000000000e+00 1.553672316384180872e-03 8.517350157728706406e-02 2.363786786431863849e-04 3.907053259304955894e-02 0.000000000000000000e+00 0.000000000000000000e+00 9.491525423728813977e-04 4.095848425745333282e-02 0.000000000000000000e+00 0.000000000000000000e+00 0.000000000000000000e+00 6.133793367835920808e-03 0.000000000000000000e+00 0.000000000000000000e+00 0.000000000000000000e+00 1.252710190315586662e-02 0.000000000000000000e+00 0.000000000000000000e+00 1.448855404230657876e-04 6.304176516942474814e-03 0.000000000000000000e+00 1.418439716312056833e-03 0.000000000000000000e+00 0.000000000000000000e+00 0.000000000000000000e+00 0.000000000000000000e+00 0.000000000000000000e+00 0.000000000000000000e+00 8.333333333333333868e-04 0.000000000000000000e+00 2.450980392156862711e-03 0.000000000000000000e+00 0.000000000000000000e+00 2.730748225013653508e-04 0.000000000000000000e+00 0.000000000000000000e+00 0.000000000000000000e+00 1.398601398601398600e-03 0.000000000000000000e+00 0.000000000000000000e+00 0.000000000000000000e+00 0.000000000000000000e+00 0.000000000000000000e+00 0.000000000000000000e+00 0.000000000000000000e+00 0.000000000000000000e+00
6.112469437652812143e-03 0.000000000000000000e+00 2.139364303178484250e-02 0.000000000000000000e+00 4.786063569682151853e-01 0.000000000000000000e+00 8.924205378973104619e-02 0.000000000000000000e+00 0.000000000000000000e+00 0.000000000000000000e+00 4.640371229698375677e-03 0.000000000000000000e+00 1.925593568891381668e-02 0.000000000000000000e+00 1.127574990964943930e-01 0.000000000000000000e+00 0.000000000000000000e+00 0.000000000000000000e+00 3.100775193798449786e-04 0.000000000000000000e+00 0.000000000000000000e+00 0.000000000000000000e+00 2.999400119976004548e-04 2.748763056624519080e-04 7.102272727272727470e-04 0.000000000000000000e+00 0.000000000000000000e+00 0.000000000000000000e+00 1.999077348915885045e-03 0.000000000000000000e+00 5.599104143337066105e-04 5.493499359091741363e-04 0.000000000000000000e+00 0.000000000000000000e+00 0.000000000000000000e+00 0.000000000000000000e+00 0.000000000000000000e+00 0.000000000000000000e+00 0.000000000000000000e+00 0.000000000000000000e+00 0.000000000000000000e+00 0.000000000000000000e+00 0.000000000000000000e+00 0.000000000000000000e+00 0.000000000000000000e+00 0.000000000000000000e+00 0.000000000000000000e+00 0.000000000000000000e+00 0.000000000000000000e+00 0.000000000000000000e+00 0.000000000000000000e+00 0.000000000000000000e+00 2.996703626011387668e-04 0.000000000000000000e+00 0.000000000000000000e+00 0.000000000000000000e+00 1.324503311258278145e-04 0.000000000000000000e+00 0.000000000000000000e+00 0.000000000000000000e+00 1.224739742804653911e-04 0.000000000000000000e+00 2.491280518186347686e-04 0.000000000000000000e+00 1.675322499581169433e-04 0.000000000000000000e+00 8.768084173608067203e-05 0.000000000000000000e+00 3.996003996003996001e-04 0.000000000000000000e+00 4.378531073446327755e-03 0.000000000000000000e+00 1.725564354095260669e-02 0.000000000000000000e+00 2.119766825649178725e-03 0.000000000000000000e+00 1.491525423728813594e-03 0.000000000000000000e+00 0.000000000000000000e+00 0.000000000000000000e+00 2.936857562408223148e-04 0.000000000000000000e+00 0.000000000000000000e+00 0.000000000000000000e+00 2.332814930015552203e-04 0.000000000000000000e+00 0.000000000000000000e+00 0.000000000000000000e+00 4.346566212691973358e-04 0.000000000000000000e+00 0.000000000000000000e+00 0.000000000000000000e+00 0.000000000000000000e+00 0.000000000000000000e+00 0.000000000000000000e+00 0.000000000000000000e+00 0.000000000000000000e+00 0.000000000000000000e+00 0.000000000000000000e+00 0.000000000000000000e+00 0.000000000000000000e+00 0.000000000000000000e+00 0.000000000000000000e+00 0.000000000000000000e+00 0.000000000000000000e+00 0.000000000000000000e+00 0.000000000000000000e+00 0.000000000000000000e+00 0.000000000000000000e+00 0.000000000000000000e+00 0.000000000000000000e+00 0.000000000000000000e+00 0.000000000000000000e+00 0.000000000000000000e+00 0.000000000000000000e+00 0.000000000000000000e+00
0.000000000000000000e+00 5.333333333333333589e-04 2.133333333333333436e-03 7.626666666666666317e-02 0.000000000000000000e+00 2.186666666666666758e-01 5.333333333333333589e-04 5.439999999999999697e-02 0.000000000000000000e+00 0.000000000000000000e+00 0.000000000000000000e+00 3.102699348433136614e-04 0.000000000000000000e+00 4.600771742356782844e-03 0.000000000000000000e+00 2.019834710743801665e-01 0.000000000000000000e+00 1.604878831648210433e-04 0.000000000000000000e+00 1.101079057476326791e-04 0.000000000000000000e+00 0.000000000000000000e+00 2.549490101979604191e-03 2.748763056624518863e-03 2.840909090909090988e-03 4.467134652201659034e-02 6.738544474393531360e-04 5.291005291005290712e-03 0.000000000000000000e+00 2.651013065707252380e-03 2.239641657334826442e-03 9.155832265152902272e-04 0.000000000000000000e+00 0.000000000000000000e+00 0.000000000000000000e+00 0.000000000000000000e+00 0.000000000000000000e+00 0.000000000000000000e+00 0.000000000000000000e+00 0.000000000000000000e+00 0.000000000000000000e+00 0.000000000000000000e+00 0.000000000000000000e+00 0.000000000000000000e+00 0.000000000000000000e+00 0.000000000000000000e+00 0.000000000000000000e+00 1.080146899978397072e-04 0.000000000000000000e+00 0.000000000000000000e+00 0.000000000000000000e+00 0.000000000000000000e+00 0.000000000000000000e+00 1.754078231889142335e-04 0.000000000000000000e+00 0.000000000000000000e+00 0.000000000000000000e+00 1.448225923244025968e-04 0.000000000000000000e+00 0.000000000000000000e+00 0.000000000000000000e+00 0.000000000000000000e+00 0.000000000000000000e+00 0.000000000000000000e+00 0.000000000000000000e+00 1.459854014598540271e-04 0.000000000000000000e+00 0.000000000000000000e+00 0.000000000000000000e+00 0.000000000000000000e+00 5.649717514124293983e-04 1.919032597266035617e-02 0.000000000000000000e+00 2.560148056755089455e-02 0.000000000000000000e+00 3.229974160206718157e-03 0.000000000000000000e+00 2.507662301476734548e-03 0.000000000000000000e+00 0.000000000000000000e+00 0.000000000000000000e+00 0.000000000000000000e+00 0.000000000000000000e+00 0.000000000000000000e+00 0.000000000000000000e+00 8.030193527664016787e-05 0.000000000000000000e+00 0.000000000000000000e+00 0.000000000000000000e+00 1.576044129235618704e-04 0.000000000000000000e+00 0.000000000000000000e+00 0.000000000000000000e+00 0.000000000000000000e+00 0.000000000000000000e+00 0.000000000000000000e+00 0.000000000000000000e+00 0.000000000000000000e+00 0.000000000000000000e+00 0.000000000000000000e+00 0.000000000000000000e+00 0.000000000000000000e+00 0.000000000000000000e+00 2.730748225013653508e-04 0.000000000000000000e+00 4.405286343612334994e-04 0.000000000000000000e+00 0.000000000000000000e+00 0.000000000000000000e+00 0.000000000000000000e+00 0.000000000000000000e+00 0.000000000000000000e+00 0.000000000000000000e+00 0.000000000000000000e+00 0.000000000000000000e+00 0.000000000000000000e+00
2.558833278090818508e-01 0.000000000000000000e+00 5.734173019555850043e-02 1.325820351342393020e-03 6.629101756711965098e-04 0.000000000000000000e+00 9.181305933046071677e-02 9.943652635067948189e-04 4.640371229698375677e-03 0.000000000000000000e+00 0.000000000000000000e+00 0.000000000000000000e+00 6.113292204150308495e-02 4.452359750667853858e-04 1.373328514636790697e-02 0.000000000000000000e+00 1.880934989043097152e-02 0.000000000000000000e+00 1.891472868217054099e-02 7.707553402334288081e-04 0.000000000000000000e+00 0.000000000000000000e+00 3.599280143971205891e-03 5.497526113249038161e-04 0.000000000000000000e+00 0.000000000000000000e+00 0.000000000000000000e+00 0.000000000000000000e+00 6.397047516530832145e-02 0.000000000000000000e+00 1.399776035834266472e-03 1.831166453030580454e-04 1.764187003822405243e-03 8.992805755395683921e-04 0.000000000000000000e+00 0.000000000000000000e+00 0.000000000000000000e+00 0.000000000000000000e+00 0.000000000000000000e+00 0.000000000000000000e+00 0.000000000000000000e+00 0.000000000000000000e+00 0.000000000000000000e+00 0.000000000000000000e+00 0.000000000000000000e+00 0.000000000000000000e+00 0.000000000000000000e+00 0.000000000000000000e+00 0.000000000000000000e+00 0.000000000000000000e+00 2.757352941176470550e-04 0.000000000000000000e+00 0.000000000000000000e+00 0.000000000000000000e+00 0.000000000000000000e+00 0.000000000000000000e+00 5.298013245033112578e-03 0.000000000000000000e+00 1.085252622693838207e-03 0.000000000000000000e+00 1.114513165952235076e-02 0.000000000000000000e+00 7.972097658196312595e-03 0.000000000000000000e+00 4.690902998827274628e-03 0.000000000000000000e+00 1.227531784305129327e-03 0.000000000000000000e+00 7.992007992007992001e-04 0.000000000000000000e+00 3.997175141242937518e-02 0.000000000000000000e+00 3.427490840326202770e-03 1.028171910343409357e-04 0.000000000000000000e+00 0.000000000000000000e+00 1.220338983050847387e-03 0.000000000000000000e+00 4.823151125401929640e-03 0.000000000000000000e+00 4.845814977973567951e-03 0.000000000000000000e+00 0.000000000000000000e+00 0.000000000000000000e+00 4.121306376360808765e-03 0.000000000000000000e+00 0.000000000000000000e+00 0.000000000000000000e+00 1.303969863807591953e-03 0.000000000000000000e+00 0.000000000000000000e+00 0.000000000000000000e+00 0.000000000000000000e+00 0.000000000000000000e+00 0.000000000000000000e+00 0.000000000000000000e+00 0.000000000000000000e+00 0.000000000000000000e+00 0.000000000000000000e+00 0.000000000000000000e+00 0.000000000000000000e+00 0.000000000000000000e+00 0.000000000000000000e+00 0.000000000000000000e+00 0.000000000000000000e+00 0.000000000000000000e+00 0.000000000000000000e+00 0.000000000000000000e+00 0.000000000000000000e+00 0.000000000000000000e+00 0.000000000000000000e+00 0.000000000000000000e+00 0.000000000000000000e+00 0.000000000000000000e+00 0.000000000000000000e+00 0.000000000000000000e+00
1.861619609059882077e-03 8.904747130003103084e-02 9.308098045299410383e-04 4.840210983555693486e-02 0.000000000000000000e+00 0.000000000000000000e+00 2.792429413589823332e-03 1.718895439031957739e-01 0.000000000000000000e+00 3.102699348433136614e-04 0.000000000000000000e+00 0.000000000000000000e+00 0.000000000000000000e+00 1.267438409023449175e-01 0.000000000000000000e+00 2.314049586776859620e-03 0.000000000000000000e+00 3.594928582891991631e-02 3.204134366925064526e-03 1.640607795639726849e-02 0.000000000000000000e+00 0.000000000000000000e+00 2.999400119976004548e-04 2.748763056624518863e-03 0.000000000000000000e+00 0.000000000000000000e+00 0.000000000000000000e+00 0.000000000000000000e+00 0.000000000000000000e+00 6.438174588146183819e-02 2.799552071668532944e-03 0.000000000000000000e+00 8.820935019112026215e-04 8.453237410071942279e-03 0.000000000000000000e+00 0.000000000000000000e+00 0.000000000000000000e+00 1.131541725601131494e-03 0.000000000000000000e+00 0.000000000000000000e+00 0.000000000000000000e+00 0.000000000000000000e+00 0.000000000000000000e+00 0.000000000000000000e+00 0.000000000000000000e+00 0.000000000000000000e+00 0.000000000000000000e+00 0.000000000000000000e+00 0.000000000000000000e+00 9.407337723424270945e-05 0.000000000000000000e+00 1.710571330824495325e-04 0.000000000000000000e+00 1.754078231889142335e-04 0.000000000000000000e+00 0.000000000000000000e+00 2.649006622516556289e-04 2.896451846488051936e-03 0.000000000000000000e+00 4.915615271178109397e-04 0.000000000000000000e+00 1.610305958132045084e-03 0.000000000000000000e+00 3.719546215361726072e-03 1.675322499581169433e-04 2.627737226277372055e-03 0.000000000000000000e+00 1.077818495365380442e-04 0.000000000000000000e+00 8.496176720475786051e-04 0.000000000000000000e+00 1.721871713985278704e-02 0.000000000000000000e+00 4.729590787579683424e-03 0.000000000000000000e+00 0.000000000000000000e+00 1.355932203389830491e-04 7.662301476734466842e-03 0.000000000000000000e+00 1.230769230769230768e-02 0.000000000000000000e+00 9.200690051753881646e-03 0.000000000000000000e+00 0.000000000000000000e+00 0.000000000000000000e+00 6.183249016301292818e-03 0.000000000000000000e+00 0.000000000000000000e+00 0.000000000000000000e+00 5.673758865248227333e-03 0.000000000000000000e+00 0.000000000000000000e+00 0.000000000000000000e+00 0.000000000000000000e+00 0.000000000000000000e+00 0.000000000000000000e+00 0.000000000000000000e+00 0.000000000000000000e+00 0.000000000000000000e+00 0.000000000000000000e+00 0.000000000000000000e+00 0.000000000000000000e+00 0.000000000000000000e+00 0.000000000000000000e+00 0.000000000000000000e+00 0.000000000000000000e+00 0.000000000000000000e+00 0.000000000000000000e+00 0.000000000000000000e+00 0.000000000000000000e+00 0.000000000000000000e+00 0.000000000000000000e+00 0.000000000000000000e+00 0.000000000000000000e+00 0.000000000000000000e+00 0.000000000000000000e+00
5.739390540287904463e-02 0.000000000000000000e+00 5.515049541970461905e-02 2.804262478968031543e-03 1.869508319312020866e-04 0.000000000000000000e+00 3.103383810057954717e-01 3.552065806692839781e-03 1.925593568891381668e-02 0.000000000000000000e+00 6.113292204150308495e-02 0.000000000000000000e+00 0.000000000000000000e+00 8.904719501335707716e-04 2.453921214311528820e-01 0.000000000000000000e+00 2.739225712198685089e-03 0.000000000000000000e+00 6.408268733850129052e-03 1.101079057476326791e-04 0.000000000000000000e+00 0.000000000000000000e+00 1.094781043791241693e-02 2.199010445299615264e-03 7.102272727272727470e-04 0.000000000000000000e+00 0.000000000000000000e+00 0.000000000000000000e+00 1.079501768414577872e-01 0.000000000000000000e+00 2.799552071668533052e-04 5.493499359091741363e-03 1.029109085563069707e-03 6.294964028776977878e-04 0.000000000000000000e+00 0.000000000000000000e+00 3.431708991077556505e-04 0.000000000000000000e+00 0.000000000000000000e+00 0.000000000000000000e+00 0.000000000000000000e+00 0.000000000000000000e+00 0.000000000000000000e+00 0.000000000000000000e+00 1.696640651510010294e-04 0.000000000000000000e+00 1.514692517418963949e-04 0.000000000000000000e+00 1.261829652996845517e-04 0.000000000000000000e+00 2.757352941176470550e-04 0.000000000000000000e+00 2.996703626011387668e-04 0.000000000000000000e+00 2.534854245880861692e-04 0.000000000000000000e+00 2.913907284768211918e-03 0.000000000000000000e+00 9.646689979500783826e-04 0.000000000000000000e+00 8.818126148193508596e-03 0.000000000000000000e+00 1.145989038365720011e-02 0.000000000000000000e+00 5.696096498575975962e-03 0.000000000000000000e+00 1.052170100832967902e-03 0.000000000000000000e+00 1.998001998001998000e-04 0.000000000000000000e+00 3.827683615819209295e-02 0.000000000000000000e+00 2.741992672260962216e-02 3.084515731030228343e-04 2.119766825649178725e-03 0.000000000000000000e+00 2.440677966101694948e-02 0.000000000000000000e+00 0.000000000000000000e+00 0.000000000000000000e+00 6.754772393538913296e-03 0.000000000000000000e+00 0.000000000000000000e+00 0.000000000000000000e+00 5.287713841368584487e-03 0.000000000000000000e+00 0.000000000000000000e+00 0.000000000000000000e+00 2.173283106345986516e-03 0.000000000000000000e+00 2.932551319648093839e-04 1.418439716312056833e-03 0.000000000000000000e+00 0.000000000000000000e+00 3.436426116838487907e-03 0.000000000000000000e+00 0.000000000000000000e+00 0.000000000000000000e+00 0.000000000000000000e+00 0.000000000000000000e+00 0.000000000000000000e+00 0.000000000000000000e+00 0.000000000000000000e+00 2.730748225013653508e-04 0.000000000000000000e+00 0.000000000000000000e+00 0.000000000000000000e+00 0.000000000000000000e+00 0.000000000000000000e+00 0.000000000000000000e+00 0.000000000000000000e+00 0.000000000000000000e+00 0.000000000000000000e+00 0.000000000000000000e+00 0.000000000000000000e+00 0.000000000000000000e+00
