0.000000000000000000e+00 4.818862404268135606e-03 4.809389339922343770e-02 7.467640225688682368e-04 4.841442749939481771e-04 0.000000000000000000e+00 1.513852900139525670e-01 9.923916639100231144e-04 8.568980291345330369e-04 0.000000000000000000e+00 1.717444055001348113e-01 0.000000000000000000e+00 2.335744424352019163e-02 0.000000000000000000e+00 3.115264797507788074e-03 0.000000000000000000e+00 1.540342298288508438e-01 4.891171435558816592e-04 8.133908722374787181e-02 8.641202254226675039e-03 0.000000000000000000e+00 0.000000000000000000e+00 1.104972375690607819e-03 0.000000000000000000e+00 0.000000000000000000e+00 0.000000000000000000e+00 0.000000000000000000e+00 0.000000000000000000e+00 5.626450116009280855e-02 1.589319771137952979e-04 9.292929292929293789e-03 0.000000000000000000e+00 1.554641060813900279e-02 1.790350013427625259e-02 5.005005005005004962e-04 0.000000000000000000e+00 6.928887731179994569e-02 0.000000000000000000e+00 0.000000000000000000e+00 0.000000000000000000e+00 1.027397260273972546e-02 0.000000000000000000e+00 0.000000000000000000e+00 0.000000000000000000e+00 7.319572536963840897e-04 0.000000000000000000e+00 0.000000000000000000e+00 0.000000000000000000e+00 2.920962199312714808e-03 0.000000000000000000e+00 1.566289409862570842e-02 0.000000000000000000e+00 0.000000000000000000e+00 0.000000000000000000e+00 4.205214465937762635e-04 0.000000000000000000e+00 2.462299988488546032e-01 1.005935016597927714e-04 2.013724828439644385e-02 3.338898163606010007e-04 4.653969957081544734e-02 2.366863905325443764e-04 1.034405217000224954e-02 2.166377816291161060e-04 2.938808373590982154e-02 2.385211687537268962e-04 6.577823338458910207e-03 0.000000000000000000e+00 7.443541102077687321e-02 1.422475106685633069e-03 1.528022116109575279e-01 6.436781609195402383e-04 6.697408871321915147e-02 3.704046670988054625e-04 1.768990634755462921e-02 0.000000000000000000e+00 8.599186031245897865e-02 1.315616366267596468e-04 4.081632653061224858e-03 0.000000000000000000e+00 2.437909492610086659e-03 0.000000000000000000e+00 0.000000000000000000e+00 0.000000000000000000e+00 9.467781965254159354e-03 0.000000000000000000e+00 0.000000000000000000e+00 0.000000000000000000e+00 3.975727139568947625e-03 0.000000000000000000e+00 8.386581469648561951e-03 6.466214031684449194e-04 3.866976024748646542e-03 0.000000000000000000e+00 5.072463768115942351e-02 0.000000000000000000e+00 1.211387038158691669e-03 0.000000000000000000e+00 9.022556390977444149e-03 6.301197227473220083e-04 0.000000000000000000e+00 0.000000000000000000e+00 9.742790335151987197e-03 6.202191440975811767e-04 7.215007215007215001e-04 0.000000000000000000e+00 2.034587995930823949e-03 0.000000000000000000e+00 0.000000000000000000e+00 0.000000000000000000e+00 6.635700066357000642e-04 0.000000000000000000e+00 0.000000000000000000e+00 0.000000000000000000e+00 1.204819277108433841e-03 0.000000000000000000e+00
4.818862404268135606e-03 0.000000000000000000e+00 7.942110836569008132e-04 5.318619316296050586e-02 0.000000000000000000e+00 1.248049921996879875e-03 1.993223041658361678e-04 1.604366523321203997e-01 0.000000000000000000e+00 4.268032437046521965e-03 0.000000000000000000e+00 1.241717791411042909e-01 0.000000000000000000e+00 3.910245834020788930e-02 0.000000000000000000e+00 2.988419872992155533e-03 0.000000000000000000e+00 5.698214722426021145e-02 4.446188047600366580e-03 6.136505948653725451e-02 0.000000000000000000e+00 0.000000000000000000e+00 0.000000000000000000e+00 5.838563713326521288e-04 0.000000000000000000e+00 6.027727546714888290e-04 0.000000000000000000e+00 0.000000000000000000e+00 0.000000000000000000e+00 4.370629370629370430e-02 1.616161616161616160e-03 0.000000000000000000e+00 7.315957933241883614e-03 3.759735028198012835e-02 0.000000000000000000e+00 0.000000000000000000e+00 0.000000000000000000e+00 4.959289415247964544e-02 0.000000000000000000e+00 2.867924528301886780e-02 0.000000000000000000e+00 5.347593582887700397e-02 0.000000000000000000e+00 0.000000000000000000e+00 0.000000000000000000e+00 1.127522832337354771e-04 0.000000000000000000e+00 0.000000000000000000e+00 0.000000000000000000e+00 6.878761822871882993e-04 0.000000000000000000e+00 3.251354731137974085e-03 0.000000000000000000e+00 1.473405039045233415e-04 0.000000000000000000e+00 3.762699109494544174e-04 0.000000000000000000e+00 3.190825872648627159e-01 0.000000000000000000e+00 2.237061769616026721e-02 0.000000000000000000e+00 5.017751479289940530e-02 0.000000000000000000e+00 1.668110918544194257e-02 0.000000000000000000e+00 2.242098986285032819e-02 0.000000000000000000e+00 4.385003288752466546e-03 8.672086720867208665e-03 1.346609767662399204e-01 1.507916561950238717e-03 8.045977011494252762e-02 2.195871761089152486e-04 5.648671173256782779e-02 0.000000000000000000e+00 4.201680672268907381e-03 0.000000000000000000e+00 8.722536508354164497e-02 0.000000000000000000e+00 0.000000000000000000e+00 0.000000000000000000e+00 2.880460873739798446e-03 0.000000000000000000e+00 0.000000000000000000e+00 0.000000000000000000e+00 6.102941176470587890e-03 0.000000000000000000e+00 0.000000000000000000e+00 0.000000000000000000e+00 9.347978499649451213e-04 1.996805111821086179e-03 1.163918525703200833e-02 0.000000000000000000e+00 1.362862010221465008e-03 2.173913043478260809e-02 8.743169398907103818e-02 0.000000000000000000e+00 1.212938005390835558e-02 7.518796992481203458e-04 3.150598613736609824e-03 1.890359168241966025e-03 6.188118811881188194e-04 2.338269680436477153e-03 2.894356005788711796e-03 0.000000000000000000e+00 2.043596730245231426e-03 0.000000000000000000e+00 0.000000000000000000e+00 0.000000000000000000e+00 0.000000000000000000e+00 1.327140013271400128e-03 0.000000000000000000e+00 0.000000000000000000e+00 0.000000000000000000e+00 0.000000000000000000e+00 0.000000000000000000e+00
4.809389339922343770e-02 7.942110836569008132e-04 0.000000000000000000e+00 2.987056090275472947e-03 6.826434277414669682e-02 1.560062402496099898e-03 2.774566473988439030e-01 1.543720366082258202e-03 8.611825192802056994e-02 1.280409731113956416e-03 5.041790239956861486e-02 0.000000000000000000e+00 3.586497890295358565e-02 1.649892756970796834e-04 3.259046249700455616e-02 7.471049682480388832e-04 1.491442542787286066e-02 4.891171435558816592e-04 8.264678959068916253e-02 1.502817783343769666e-03 2.386634844868735193e-03 0.000000000000000000e+00 2.723143032535297881e-01 2.335425485330608515e-03 9.477756286266925123e-02 3.616636528028932974e-03 1.138211382113821224e-02 4.177109440267334772e-04 3.349767981438515202e-02 1.589319771137952979e-04 4.989898989898990112e-02 2.847141190198366340e-02 1.600365797896662057e-02 3.849252528869394081e-03 3.003003003003002977e-03 0.000000000000000000e+00 3.542589215941651520e-02 0.000000000000000000e+00 0.000000000000000000e+00 0.000000000000000000e+00 3.424657534246575152e-03 0.000000000000000000e+00 0.000000000000000000e+00 0.000000000000000000e+00 0.000000000000000000e+00 0.000000000000000000e+00 0.000000000000000000e+00 0.000000000000000000e+00 5.154639175257732077e-04 0.000000000000000000e+00 1.818916734033953044e-03 0.000000000000000000e+00 0.000000000000000000e+00 0.000000000000000000e+00 0.000000000000000000e+00 0.000000000000000000e+00 1.254748474732358780e-02 0.000000000000000000e+00 9.899876251546856423e-03 0.000000000000000000e+00 2.414163090128755573e-03 0.000000000000000000e+00 2.023836294130874815e-03 0.000000000000000000e+00 2.415458937198067518e-03 0.000000000000000000e+00 2.332137365453613650e-02 0.000000000000000000e+00 8.672086720867208665e-03 0.000000000000000000e+00 4.364580715422635565e-02 1.931034482758620715e-03 9.628897672375932859e-02 1.852023335494027312e-04 1.040582726326742986e-02 0.000000000000000000e+00 9.255612445844821345e-02 3.946849098802788862e-04 4.081632653061224858e-03 0.000000000000000000e+00 1.676062776169434795e-03 0.000000000000000000e+00 0.000000000000000000e+00 0.000000000000000000e+00 1.103042559058737063e-03 0.000000000000000000e+00 0.000000000000000000e+00 0.000000000000000000e+00 6.277463904582549110e-04 0.000000000000000000e+00 6.789137380191693008e-03 9.699321047526673250e-04 3.093580819798917407e-03 0.000000000000000000e+00 1.449275362318840597e-02 1.092896174863387977e-02 0.000000000000000000e+00 0.000000000000000000e+00 2.255639097744361037e-03 0.000000000000000000e+00 0.000000000000000000e+00 0.000000000000000000e+00 7.794232268121590148e-04 6.202191440975811767e-04 0.000000000000000000e+00 6.811989100817438447e-04 1.017293997965411975e-03 0.000000000000000000e+00 0.000000000000000000e+00 0.000000000000000000e+00 6.635700066357000642e-04 2.173913043478260809e-02 0.000000000000000000e+00 0.000000000000000000e+00 1.204819277108433841e-03 0.000000000000000000e+00
7.467640225688682368e-04 5.318619316296050586e-02 2.987056090275472947e-03 0.000000000000000000e+00 4.841442749939481771e-04 2.028081123244929868e-02 2.890173410404624135e-03 1.908699966920277824e-01 0.000000000000000000e+00 3.798548868971404063e-02 5.392289026691831017e-04 2.797546012269938598e-02 4.520795660036166217e-04 6.583072100313479280e-02 0.000000000000000000e+00 4.706761299962644585e-02 2.444987775061124467e-04 1.516263145023232992e-02 2.876945207270825179e-03 1.981214777708202868e-01 0.000000000000000000e+00 0.000000000000000000e+00 9.944751381215468852e-03 4.768646912859436648e-01 9.671179883945841453e-04 5.123568414707654894e-02 0.000000000000000000e+00 8.354218880534669545e-04 0.000000000000000000e+00 3.687221869040050587e-02 1.252525252525252611e-02 5.857642940490081357e-02 2.514860539551897790e-03 4.144660281084951853e-02 0.000000000000000000e+00 1.050972149238045160e-03 0.000000000000000000e+00 1.850481125092524187e-02 0.000000000000000000e+00 4.528301886792453039e-03 0.000000000000000000e+00 1.069518716577540045e-02 0.000000000000000000e+00 0.000000000000000000e+00 0.000000000000000000e+00 1.127522832337354771e-04 0.000000000000000000e+00 0.000000000000000000e+00 0.000000000000000000e+00 7.738607050730868502e-04 1.010509296685529454e-04 7.503126302626094042e-04 0.000000000000000000e+00 0.000000000000000000e+00 0.000000000000000000e+00 0.000000000000000000e+00 0.000000000000000000e+00 1.368071622573181767e-02 0.000000000000000000e+00 1.352253756260434099e-02 0.000000000000000000e+00 1.656804733727810716e-03 0.000000000000000000e+00 2.599653379549393597e-03 0.000000000000000000e+00 2.504472271914132478e-03 2.562788313685289529e-04 1.589563692172769188e-02 3.613369467028003791e-04 1.137980085348506455e-02 2.261874842925358075e-03 5.195402298850574502e-02 4.391743522178304972e-04 8.463746643207704923e-02 1.040582726326743073e-03 5.602240896358543464e-03 0.000000000000000000e+00 6.749111958952769275e-02 0.000000000000000000e+00 1.686340640809443417e-03 0.000000000000000000e+00 1.200192030724915983e-03 0.000000000000000000e+00 0.000000000000000000e+00 0.000000000000000000e+00 3.676470588235294067e-04 0.000000000000000000e+00 0.000000000000000000e+00 0.000000000000000000e+00 0.000000000000000000e+00 2.795527156549520650e-03 2.909796314258002083e-03 1.546790409899458704e-03 6.814310051107325041e-04 1.449275362318840597e-02 3.278688524590164105e-02 0.000000000000000000e+00 2.695417789757412544e-03 0.000000000000000000e+00 1.890359168241966025e-03 0.000000000000000000e+00 6.188118811881188194e-04 3.897116134060795074e-04 4.341534008683068345e-03 0.000000000000000000e+00 2.043596730245231426e-03 0.000000000000000000e+00 0.000000000000000000e+00 0.000000000000000000e+00 0.000000000000000000e+00 0.000000000000000000e+00 0.000000000000000000e+00 0.000000000000000000e+00 0.000000000000000000e+00 1.204819277108433841e-03 2.777777777777777884e-03
4.841442749939481771e-04 0.000000000000000000e+00 6.826434277414669682e-02 4.841442749939481771e-04 0.000000000000000000e+00 2.808112324492979556e-03 5.182379908311740037e-03 0.000000000000000000e+00 3.791773778920308757e-01 1.280409731113956416e-03 0.000000000000000000e+00 0.000000000000000000e+00 4.219409282700421586e-03 0.000000000000000000e+00 2.219027078840162814e-01 0.000000000000000000e+00 0.000000000000000000e+00 0.000000000000000000e+00 2.615404733882568098e-04 1.252348152786474632e-04 1.312649164677804313e-02 4.219409282700421586e-03 2.099447513812154748e-02 1.167712742665304258e-03 1.924564796905222364e-01 1.808318264014466487e-03 1.747967479674796820e-01 4.177109440267334772e-04 3.335266821345707518e-03 0.000000000000000000e+00 1.050505050505050504e-02 4.200700116686114684e-03 2.286236854138088629e-04 0.000000000000000000e+00 0.000000000000000000e+00 0.000000000000000000e+00 0.000000000000000000e+00 0.000000000000000000e+00 0.000000000000000000e+00 0.000000000000000000e+00 0.000000000000000000e+00 0.000000000000000000e+00 0.000000000000000000e+00 0.000000000000000000e+00 0.000000000000000000e+00 0.000000000000000000e+00 6.245120999219359870e-04 0.000000000000000000e+00 0.000000000000000000e+00 0.000000000000000000e+00 1.010509296685529454e-04 0.000000000000000000e+00 0.000000000000000000e+00 0.000000000000000000e+00 4.205214465937762635e-04 0.000000000000000000e+00 2.302290779325428865e-04 0.000000000000000000e+00 0.000000000000000000e+00 0.000000000000000000e+00 1.341201716738197420e-04 0.000000000000000000e+00 0.000000000000000000e+00 0.000000000000000000e+00 2.012882447665056355e-04 0.000000000000000000e+00 0.000000000000000000e+00 0.000000000000000000e+00 0.000000000000000000e+00 0.000000000000000000e+00 3.225265979726899684e-02 1.839080459770114928e-04 4.249011857707509637e-02 0.000000000000000000e+00 0.000000000000000000e+00 0.000000000000000000e+00 1.181567546278062186e-03 1.315616366267596468e-04 0.000000000000000000e+00 0.000000000000000000e+00 3.047386865762608324e-04 0.000000000000000000e+00 0.000000000000000000e+00 0.000000000000000000e+00 1.562643625333210839e-03 0.000000000000000000e+00 1.508295625942684829e-03 0.000000000000000000e+00 4.184975936388365893e-04 0.000000000000000000e+00 0.000000000000000000e+00 0.000000000000000000e+00 0.000000000000000000e+00 0.000000000000000000e+00 0.000000000000000000e+00 0.000000000000000000e+00 0.000000000000000000e+00 0.000000000000000000e+00 0.000000000000000000e+00 0.000000000000000000e+00 0.000000000000000000e+00 0.000000000000000000e+00 3.897116134060795074e-04 0.000000000000000000e+00 0.000000000000000000e+00 0.000000000000000000e+00 0.000000000000000000e+00 0.000000000000000000e+00 0.000000000000000000e+00 0.000000000000000000e+00 0.000000000000000000e+00 0.000000000000000000e+00 0.000000000000000000e+00 0.000000000000000000e+00 0.000000000000000000e+00 0.000000000000000000e+00
0.000000000000000000e+00 1.248049921996879875e-03 1.560062402496099898e-03 2.028081123244929868e-02 2.808112324492979556e-03 0.000000000000000000e+00 2.989834562487542246e-04 6.285147204763480086e-03 4.284490145672665185e-04 3.107127614169867824e-01 0.000000000000000000e+00 2.453987730061349837e-04 0.000000000000000000e+00 8.414453060551064720e-03 9.585430146177810126e-04 1.019798281658573086e-01 0.000000000000000000e+00 0.000000000000000000e+00 0.000000000000000000e+00 2.504696305572949263e-04 0.000000000000000000e+00 4.219409282700421586e-03 1.473296500920810281e-03 4.086994599328565292e-02 2.417794970986460526e-03 1.289933694996986124e-01 4.065040650406504062e-04 1.182121971595655741e-01 0.000000000000000000e+00 4.132231404958677801e-03 4.444444444444444441e-03 4.900816802800466408e-03 0.000000000000000000e+00 1.790350013427625129e-04 0.000000000000000000e+00 0.000000000000000000e+00 0.000000000000000000e+00 1.973846533432025568e-03 0.000000000000000000e+00 0.000000000000000000e+00 0.000000000000000000e+00 0.000000000000000000e+00 0.000000000000000000e+00 1.642170949995894701e-04 0.000000000000000000e+00 0.000000000000000000e+00 0.000000000000000000e+00 3.601440576230491948e-04 0.000000000000000000e+00 2.579535683576955987e-04 0.000000000000000000e+00 2.501042100875364681e-04 0.000000000000000000e+00 0.000000000000000000e+00 0.000000000000000000e+00 1.254233036498181482e-04 0.000000000000000000e+00 2.011870033195855428e-04 0.000000000000000000e+00 1.669449081803005004e-04 0.000000000000000000e+00 4.733727810650887528e-04 0.000000000000000000e+00 0.000000000000000000e+00 0.000000000000000000e+00 1.192605843768634481e-04 0.000000000000000000e+00 0.000000000000000000e+00 0.000000000000000000e+00 0.000000000000000000e+00 3.183379408561615165e-03 3.080459770114942625e-02 0.000000000000000000e+00 6.102416890452819903e-02 0.000000000000000000e+00 2.521008403361344602e-02 0.000000000000000000e+00 2.499671095908433290e-03 0.000000000000000000e+00 0.000000000000000000e+00 0.000000000000000000e+00 2.400384061449831858e-04 0.000000000000000000e+00 1.179245283018867880e-03 0.000000000000000000e+00 7.352941176470588133e-04 0.000000000000000000e+00 2.926115581565471961e-03 0.000000000000000000e+00 2.336994624912362803e-04 3.993610223642172358e-04 3.233107015842224597e-04 0.000000000000000000e+00 0.000000000000000000e+00 0.000000000000000000e+00 0.000000000000000000e+00 0.000000000000000000e+00 0.000000000000000000e+00 0.000000000000000000e+00 0.000000000000000000e+00 0.000000000000000000e+00 0.000000000000000000e+00 0.000000000000000000e+00 0.000000000000000000e+00 0.000000000000000000e+00 0.000000000000000000e+00 0.000000000000000000e+00 0.000000000000000000e+00 0.000000000000000000e+00 0.000000000000000000e+00 0.000000000000000000e+00 0.000000000000000000e+00 0.000000000000000000e+00 0.000000000000000000e+00 0.000000000000000000e+00 0.000000000000000000e+00
1.513852900139525670e-01 1.993223041658361678e-04 2.774566473988439030e-01 2.890173410404624135e-03 5.182379908311740037e-03 2.989834562487542246e-04 0.000000000000000000e+00 1.874517587385599385e-03 2.656383890317052382e-02 0.000000000000000000e+00 9.032084119708816417e-02 2.453987730061349837e-04 2.715491259795057011e-01 1.649892756970796834e-04 1.821231727773783837e-02 0.000000000000000000e+00 1.222493887530562429e-02 0.000000000000000000e+00 1.242317248594219936e-02 1.252348152786474577e-03 0.000000000000000000e+00 0.000000000000000000e+00 9.576427255985266174e-03 2.773317763830097666e-03 4.835589941972920727e-04 0.000000000000000000e+00 4.065040650406504062e-04 4.177109440267334772e-04 1.986658932714617173e-02 0.000000000000000000e+00 1.454545454545454544e-02 1.143523920653442306e-02 3.200731595793324027e-03 2.954077522155581625e-03 0.000000000000000000e+00 0.000000000000000000e+00 9.116957541026309009e-03 0.000000000000000000e+00 0.000000000000000000e+00 0.000000000000000000e+00 0.000000000000000000e+00 0.000000000000000000e+00 0.000000000000000000e+00 0.000000000000000000e+00 8.783487044356609943e-04 0.000000000000000000e+00 0.000000000000000000e+00 0.000000000000000000e+00 3.092783505154639030e-03 0.000000000000000000e+00 1.394502829426030703e-02 0.000000000000000000e+00 0.000000000000000000e+00 0.000000000000000000e+00 2.102607232968881318e-04 0.000000000000000000e+00 9.094048578335444180e-03 0.000000000000000000e+00 7.762402969962875487e-03 0.000000000000000000e+00 1.153433476394849846e-02 0.000000000000000000e+00 8.320215875871374289e-03 0.000000000000000000e+00 1.630434782608695607e-02 0.000000000000000000e+00 3.331624807790876334e-03 1.096250822188116691e-04 3.252032520325203249e-03 0.000000000000000000e+00 9.583647482617073388e-02 2.850574712643678260e-03 3.996486605182257568e-02 1.852023335494027312e-04 1.040582726326743073e-03 0.000000000000000000e+00 5.960351844558225282e-02 3.946849098802788862e-04 2.040816326530612429e-03 0.000000000000000000e+00 6.856620447965869163e-03 0.000000000000000000e+00 0.000000000000000000e+00 0.000000000000000000e+00 9.283941538744370711e-03 0.000000000000000000e+00 0.000000000000000000e+00 0.000000000000000000e+00 3.138731952291274122e-03 0.000000000000000000e+00 7.987220447284344715e-04 0.000000000000000000e+00 7.733952049497293518e-04 0.000000000000000000e+00 1.086956521739130405e-02 0.000000000000000000e+00 0.000000000000000000e+00 0.000000000000000000e+00 0.000000000000000000e+00 0.000000000000000000e+00 0.000000000000000000e+00 0.000000000000000000e+00 3.897116134060795074e-04 0.000000000000000000e+00 0.000000000000000000e+00 0.000000000000000000e+00 0.000000000000000000e+00 0.000000000000000000e+00 0.000000000000000000e+00 0.000000000000000000e+00 6.635700066357000642e-04 0.000000000000000000e+00 0.000000000000000000e+00 0.000000000000000000e+00 0.000000000000000000e+00 0.000000000000000000e+00
9.923916639100231144e-04 1.604366523321203997e-01 1.543720366082258202e-03 1.908699966920277824e-01 0.000000000000000000e+00 6.285147204763480086e-03 1.874517587385599385e-03 0.000000000000000000e+00 0.000000000000000000e+00 8.834827144686299705e-02 0.000000000000000000e+00 1.725153374233128756e-01 1.506931886678722072e-04 1.641643293185942876e-01 2.396357536544452532e-04 1.344788942846469881e-02 4.889975550122248934e-04 1.638542430912203612e-02 1.438472603635412590e-03 1.640576080150281738e-02 0.000000000000000000e+00 0.000000000000000000e+00 4.297114794352363716e-03 1.123923514815355386e-02 0.000000000000000000e+00 3.013863773357444362e-03 0.000000000000000000e+00 4.177109440267334772e-04 2.900232018561484798e-04 1.207883026064844253e-02 6.464646464646464641e-03 9.801633605600932816e-03 1.600365797896662013e-03 6.803330051024975705e-03 0.000000000000000000e+00 5.254860746190225798e-04 0.000000000000000000e+00 6.908462867012089489e-03 0.000000000000000000e+00 3.773584905660377171e-04 0.000000000000000000e+00 0.000000000000000000e+00 0.000000000000000000e+00 0.000000000000000000e+00 0.000000000000000000e+00 1.127522832337354771e-04 0.000000000000000000e+00 0.000000000000000000e+00 0.000000000000000000e+00 1.289767841788478156e-03 0.000000000000000000e+00 3.834931221342225988e-03 0.000000000000000000e+00 0.000000000000000000e+00 0.000000000000000000e+00 2.508466072996362963e-04 0.000000000000000000e+00 1.579317976058746548e-02 0.000000000000000000e+00 9.849749582637729386e-03 2.682403433476394840e-04 3.266272189349112703e-02 0.000000000000000000e+00 6.282495667244367317e-03 0.000000000000000000e+00 1.860465116279069742e-02 1.708525542456859777e-04 3.288752466564349910e-03 0.000000000000000000e+00 9.483167377904220098e-04 1.340370277289101202e-03 1.652413793103448270e-01 1.097935880544576243e-04 2.565052319659227864e-02 0.000000000000000000e+00 1.400560224089635866e-03 1.312852829197846873e-04 4.591501118273911414e-02 0.000000000000000000e+00 3.372681281618886834e-03 0.000000000000000000e+00 3.600576092174748166e-03 0.000000000000000000e+00 0.000000000000000000e+00 0.000000000000000000e+00 7.058823529411764955e-03 0.000000000000000000e+00 7.315288953913679903e-04 0.000000000000000000e+00 1.752745968684272116e-03 1.198083067092651707e-03 1.939864209505334650e-03 1.546790409899458704e-03 0.000000000000000000e+00 3.623188405797101493e-03 0.000000000000000000e+00 0.000000000000000000e+00 1.347708894878706272e-03 1.503759398496240692e-03 6.301197227473220083e-04 1.890359168241966025e-03 0.000000000000000000e+00 1.169134840218238576e-03 6.202191440975811767e-04 0.000000000000000000e+00 3.405994550408719332e-03 0.000000000000000000e+00 1.012145748987854262e-03 0.000000000000000000e+00 0.000000000000000000e+00 0.000000000000000000e+00 0.000000000000000000e+00 0.000000000000000000e+00 0.000000000000000000e+00 0.000000000000000000e+00 0.000000000000000000e+00
8.568980291345330369e-04 0.000000000000000000e+00 8.611825192802056994e-02 0.000000000000000000e+00 3.791773778920308757e-01 4.284490145672665185e-04 2.656383890317052382e-02 0.000000000000000000e+00 0.000000000000000000e+00 4.268032437046521748e-04 1.078457805338366203e-03 0.000000000000000000e+00 4.972875226039783110e-03 0.000000000000000000e+00 1.957824107356817556e-01 0.000000000000000000e+00 0.000000000000000000e+00 0.000000000000000000e+00 0.000000000000000000e+00 0.000000000000000000e+00 0.000000000000000000e+00 1.406469760900140673e-03 1.841620626151012959e-03 2.919281856663260644e-04 4.835589941972920727e-04 1.808318264014466487e-03 4.065040650406504495e-03 0.000000000000000000e+00 3.045243619489559038e-03 0.000000000000000000e+00 4.040404040404040401e-04 4.667444574095682861e-04 0.000000000000000000e+00 0.000000000000000000e+00 0.000000000000000000e+00 0.000000000000000000e+00 0.000000000000000000e+00 0.000000000000000000e+00 0.000000000000000000e+00 0.000000000000000000e+00 0.000000000000000000e+00 0.000000000000000000e+00 0.000000000000000000e+00 0.000000000000000000e+00 0.000000000000000000e+00 0.000000000000000000e+00 0.000000000000000000e+00 0.000000000000000000e+00 0.000000000000000000e+00 0.000000000000000000e+00 1.010509296685529454e-04 0.000000000000000000e+00 4.244482173174872605e-04 0.000000000000000000e+00 0.000000000000000000e+00 0.000000000000000000e+00 0.000000000000000000e+00 0.000000000000000000e+00 1.124985937675779040e-04 0.000000000000000000e+00 4.023605150214592261e-04 0.000000000000000000e+00 0.000000000000000000e+00 0.000000000000000000e+00 4.025764895330112710e-04 0.000000000000000000e+00 0.000000000000000000e+00 0.000000000000000000e+00 0.000000000000000000e+00 0.000000000000000000e+00 7.120717098098349254e-03 1.839080459770114928e-04 1.592007026789635585e-02 0.000000000000000000e+00 3.121748178980228786e-03 0.000000000000000000e+00 1.575423395037416248e-03 0.000000000000000000e+00 4.081632653061224858e-03 0.000000000000000000e+00 1.523693432881304162e-04 0.000000000000000000e+00 0.000000000000000000e+00 0.000000000000000000e+00 1.011122345803842307e-03 0.000000000000000000e+00 0.000000000000000000e+00 0.000000000000000000e+00 2.092487968194182946e-04 0.000000000000000000e+00 0.000000000000000000e+00 0.000000000000000000e+00 0.000000000000000000e+00 0.000000000000000000e+00 0.000000000000000000e+00 0.000000000000000000e+00 0.000000000000000000e+00 0.000000000000000000e+00 0.000000000000000000e+00 0.000000000000000000e+00 0.000000000000000000e+00 0.000000000000000000e+00 3.897116134060795074e-04 0.000000000000000000e+00 0.000000000000000000e+00 0.000000000000000000e+00 0.000000000000000000e+00 0.000000000000000000e+00 0.000000000000000000e+00 0.000000000000000000e+00 0.000000000000000000e+00 0.000000000000000000e+00 0.000000000000000000e+00 0.000000000000000000e+00 0.000000000000000000e+00 0.000000000000000000e+00
0.000000000000000000e+00 4.268032437046521965e-03 1.280409731113956416e-03 3.798548868971404063e-02 1.280409731113956416e-03 3.107127614169867824e-01 0.000000000000000000e+00 8.834827144686299705e-02 4.268032437046521748e-04 0.000000000000000000e+00 0.000000000000000000e+00 2.453987730061349837e-03 0.000000000000000000e+00 3.629764065335753381e-02 4.792715073088905063e-04 1.277549495704146387e-01 0.000000000000000000e+00 0.000000000000000000e+00 0.000000000000000000e+00 2.504696305572949263e-04 0.000000000000000000e+00 0.000000000000000000e+00 8.594229588704726999e-04 2.043497299664282559e-03 0.000000000000000000e+00 7.836045810729354993e-03 4.065040650406504062e-04 7.518796992481202590e-03 0.000000000000000000e+00 5.721551176096630401e-03 3.030303030303030300e-03 2.800466744457409500e-03 0.000000000000000000e+00 8.951750067138125643e-05 0.000000000000000000e+00 0.000000000000000000e+00 0.000000000000000000e+00 1.480384900074019176e-03 0.000000000000000000e+00 1.509433962264150868e-03 0.000000000000000000e+00 0.000000000000000000e+00 0.000000000000000000e+00 0.000000000000000000e+00 0.000000000000000000e+00 0.000000000000000000e+00 0.000000000000000000e+00 1.200480192076830785e-04 0.000000000000000000e+00 0.000000000000000000e+00 0.000000000000000000e+00 1.667361400583576363e-04 0.000000000000000000e+00 0.000000000000000000e+00 0.000000000000000000e+00 0.000000000000000000e+00 0.000000000000000000e+00 0.000000000000000000e+00 0.000000000000000000e+00 0.000000000000000000e+00 0.000000000000000000e+00 4.733727810650887528e-04 0.000000000000000000e+00 2.166377816291161060e-04 0.000000000000000000e+00 3.577817531305903308e-04 0.000000000000000000e+00 0.000000000000000000e+00 0.000000000000000000e+00 2.370791844476055025e-04 1.172823992627963470e-03 1.691954022988505918e-02 0.000000000000000000e+00 3.139179553662375943e-02 0.000000000000000000e+00 1.330532212885154018e-02 0.000000000000000000e+00 2.499671095908433290e-03 0.000000000000000000e+00 1.686340640809443417e-03 0.000000000000000000e+00 9.601536245799327431e-04 0.000000000000000000e+00 0.000000000000000000e+00 0.000000000000000000e+00 2.941176470588235036e-04 0.000000000000000000e+00 0.000000000000000000e+00 0.000000000000000000e+00 2.336994624912362803e-04 0.000000000000000000e+00 3.233107015842224597e-04 0.000000000000000000e+00 0.000000000000000000e+00 0.000000000000000000e+00 5.464480874316939886e-03 0.000000000000000000e+00 0.000000000000000000e+00 7.518796992481203458e-04 0.000000000000000000e+00 0.000000000000000000e+00 0.000000000000000000e+00 0.000000000000000000e+00 0.000000000000000000e+00 0.000000000000000000e+00 0.000000000000000000e+00 0.000000000000000000e+00 0.000000000000000000e+00 0.000000000000000000e+00 0.000000000000000000e+00 0.000000000000000000e+00 0.000000000000000000e+00 0.000000000000000000e+00 0.000000000000000000e+00 0.000000000000000000e+00 0.000000000000000000e+00
1.717444055001348113e-01 0.000000000000000000e+00 5.041790239956861486e-02 5.392289026691831017e-04 0.000000000000000000e+00 0.000000000000000000e+00 9.032084119708816417e-02 0.000000000000000000e+00 1.078457805338366203e-03 0.000000000000000000e+00 0.000000000000000000e+00 0.000000000000000000e+00 1.506931886678722077e-01 0.000000000000000000e+00 6.470165348670021618e-03 0.000000000000000000e+00 5.232273838630806945e-02 0.000000000000000000e+00 7.453903491565320137e-03 2.504696305572949263e-04 0.000000000000000000e+00 0.000000000000000000e+00 9.576427255985266174e-03 1.459640928331630322e-04 4.835589941972920727e-04 0.000000000000000000e+00 4.065040650406504062e-04 0.000000000000000000e+00 9.425754060324825767e-02 1.589319771137952979e-04 2.020202020202020200e-04 2.333722287047841431e-04 8.001828989483310067e-04 0.000000000000000000e+00 0.000000000000000000e+00 0.000000000000000000e+00 2.604845011721802620e-04 0.000000000000000000e+00 0.000000000000000000e+00 0.000000000000000000e+00 0.000000000000000000e+00 0.000000000000000000e+00 0.000000000000000000e+00 0.000000000000000000e+00 0.000000000000000000e+00 0.000000000000000000e+00 0.000000000000000000e+00 0.000000000000000000e+00 0.000000000000000000e+00 0.000000000000000000e+00 1.616814874696847126e-03 0.000000000000000000e+00 0.000000000000000000e+00 0.000000000000000000e+00 0.000000000000000000e+00 0.000000000000000000e+00 5.180154253482214567e-03 0.000000000000000000e+00 3.374957813027337121e-04 0.000000000000000000e+00 8.449570815450644506e-03 0.000000000000000000e+00 4.047672588261749631e-03 0.000000000000000000e+00 7.246376811594202987e-03 0.000000000000000000e+00 0.000000000000000000e+00 0.000000000000000000e+00 1.806684733514001895e-04 0.000000000000000000e+00 1.700594789310547195e-02 0.000000000000000000e+00 5.050505050505050934e-03 0.000000000000000000e+00 1.040582726326743073e-03 0.000000000000000000e+00 2.363135092556124372e-03 0.000000000000000000e+00 0.000000000000000000e+00 0.000000000000000000e+00 1.676062776169434795e-03 0.000000000000000000e+00 0.000000000000000000e+00 0.000000000000000000e+00 3.492968103686000698e-03 0.000000000000000000e+00 0.000000000000000000e+00 0.000000000000000000e+00 6.277463904582549110e-04 0.000000000000000000e+00 0.000000000000000000e+00 0.000000000000000000e+00 0.000000000000000000e+00 0.000000000000000000e+00 0.000000000000000000e+00 0.000000000000000000e+00 0.000000000000000000e+00 0.000000000000000000e+00 0.000000000000000000e+00 0.000000000000000000e+00 0.000000000000000000e+00 0.000000000000000000e+00 0.000000000000000000e+00 0.000000000000000000e+00 0.000000000000000000e+00 0.000000000000000000e+00 0.000000000000000000e+00 0.000000000000000000e+00 0.000000000000000000e+00 0.000000000000000000e+00 0.000000000000000000e+00 0.000000000000000000e+00 0.000000000000000000e+00 0.000000000000000000e+00 0.000000000000000000e+00 0.000000000000000000e+00
0.000000000000000000e+00 1.241717791411042909e-01 0.000000000000000000e+00 2.797546012269938598e-02 0.000000000000000000e+00 2.453987730061349837e-04 2.453987730061349837e-04 1.725153374233128756e-01 0.000000000000000000e+00 2.453987730061349837e-03 0.000000000000000000e+00 0.000000000000000000e+00 0.000000000000000000e+00 1.714238574492658040e-01 0.000000000000000000e+00 1.867762420620097154e-03 0.000000000000000000e+00 5.135730007336757053e-02 6.538511834706421059e-04 1.365059486537257422e-02 0.000000000000000000e+00 0.000000000000000000e+00 1.227747084100675324e-04 1.313676835498467452e-03 0.000000000000000000e+00 0.000000000000000000e+00 0.000000000000000000e+00 0.000000000000000000e+00 0.000000000000000000e+00 8.121424030514939885e-02 2.222222222222222220e-03 7.001166861143523750e-04 0.000000000000000000e+00 4.386357532897681294e-03 0.000000000000000000e+00 0.000000000000000000e+00 0.000000000000000000e+00 1.480384900074019176e-03 0.000000000000000000e+00 3.773584905660377171e-04 0.000000000000000000e+00 0.000000000000000000e+00 0.000000000000000000e+00 0.000000000000000000e+00 0.000000000000000000e+00 0.000000000000000000e+00 0.000000000000000000e+00 0.000000000000000000e+00 0.000000000000000000e+00 4.299226139294927006e-04 0.000000000000000000e+00 6.669445602334305454e-04 0.000000000000000000e+00 0.000000000000000000e+00 0.000000000000000000e+00 2.508466072996362963e-04 0.000000000000000000e+00 8.148073634443215446e-03 0.000000000000000000e+00 1.001669449081802948e-03 0.000000000000000000e+00 1.136094674556212963e-02 0.000000000000000000e+00 1.039861351819757439e-02 0.000000000000000000e+00 8.586762075134167504e-03 0.000000000000000000e+00 0.000000000000000000e+00 0.000000000000000000e+00 4.741583688952110049e-04 8.377314233056882512e-05 2.400000000000000050e-02 1.097935880544576243e-04 6.111677007130289670e-03 0.000000000000000000e+00 0.000000000000000000e+00 0.000000000000000000e+00 5.920273648204183239e-03 0.000000000000000000e+00 1.686340640809443417e-03 0.000000000000000000e+00 9.841574651944311539e-03 0.000000000000000000e+00 0.000000000000000000e+00 0.000000000000000000e+00 5.882352941176470507e-03 0.000000000000000000e+00 7.315288953913679903e-04 0.000000000000000000e+00 1.168497312456181266e-03 3.993610223642172358e-04 0.000000000000000000e+00 0.000000000000000000e+00 0.000000000000000000e+00 0.000000000000000000e+00 0.000000000000000000e+00 0.000000000000000000e+00 0.000000000000000000e+00 0.000000000000000000e+00 0.000000000000000000e+00 0.000000000000000000e+00 0.000000000000000000e+00 0.000000000000000000e+00 2.067397146991937075e-04 0.000000000000000000e+00 0.000000000000000000e+00 0.000000000000000000e+00 0.000000000000000000e+00 0.000000000000000000e+00 0.000000000000000000e+00 0.000000000000000000e+00 0.000000000000000000e+00 0.000000000000000000e+00 0.000000000000000000e+00 0.000000000000000000e+00 0.000000000000000000e+00
2.335744424352019163e-02 0.000000000000000000e+00 3.586497890295358565e-02 4.520795660036166217e-04 4.219409282700421586e-03 0.000000000000000000e+00 2.715491259795057011e-01 1.506931886678722072e-04 4.972875226039783110e-03 0.000000000000000000e+00 1.506931886678722077e-01 0.000000000000000000e+00 0.000000000000000000e+00 0.000000000000000000e+00 2.820512820512820484e-01 0.000000000000000000e+00 3.422982885085574471e-03 0.000000000000000000e+00 2.092323787106054479e-03 0.000000000000000000e+00 0.000000000000000000e+00 0.000000000000000000e+00 1.682013505217925045e-02 0.000000000000000000e+00 9.671179883945841453e-04 6.027727546714888290e-04 0.000000000000000000e+00 0.000000000000000000e+00 1.091937354988399139e-01 0.000000000000000000e+00 8.080808080808080801e-04 7.001166861143523750e-04 1.143118427069044315e-04 1.790350013427625129e-04 0.000000000000000000e+00 0.000000000000000000e+00 2.604845011721802512e-03 0.000000000000000000e+00 0.000000000000000000e+00 0.000000000000000000e+00 0.000000000000000000e+00 0.000000000000000000e+00 0.000000000000000000e+00 0.000000000000000000e+00 1.463914507392768234e-04 0.000000000000000000e+00 0.000000000000000000e+00 0.000000000000000000e+00 5.154639175257732077e-04 0.000000000000000000e+00 3.435731608730800170e-03 0.000000000000000000e+00 0.000000000000000000e+00 0.000000000000000000e+00 0.000000000000000000e+00 0.000000000000000000e+00 2.647634396224242924e-03 0.000000000000000000e+00 7.874901563730453283e-04 0.000000000000000000e+00 8.181330472103004806e-03 0.000000000000000000e+00 3.597931189565999575e-03 0.000000000000000000e+00 1.026570048309178793e-02 0.000000000000000000e+00 1.708525542456859777e-04 0.000000000000000000e+00 1.084010840108401083e-03 0.000000000000000000e+00 4.481863114685431804e-02 9.195402298850574639e-05 2.689942907334211611e-02 0.000000000000000000e+00 1.040582726326743073e-03 0.000000000000000000e+00 2.218721281344361237e-02 1.315616366267596468e-04 0.000000000000000000e+00 0.000000000000000000e+00 4.418710955355782503e-03 0.000000000000000000e+00 0.000000000000000000e+00 0.000000000000000000e+00 5.331372368783895803e-03 0.000000000000000000e+00 0.000000000000000000e+00 0.000000000000000000e+00 1.883239171374764516e-03 0.000000000000000000e+00 3.993610223642172358e-04 0.000000000000000000e+00 0.000000000000000000e+00 0.000000000000000000e+00 7.246376811594202987e-03 0.000000000000000000e+00 0.000000000000000000e+00 0.000000000000000000e+00 0.000000000000000000e+00 0.000000000000000000e+00 0.000000000000000000e+00 0.000000000000000000e+00 3.897116134060795074e-04 0.000000000000000000e+00 0.000000000000000000e+00 0.000000000000000000e+00 0.000000000000000000e+00 0.000000000000000000e+00 0.000000000000000000e+00 0.000000000000000000e+00 0.000000000000000000e+00 0.000000000000000000e+00 0.000000000000000000e+00 0.000000000000000000e+00 0.000000000000000000e+00 0.000000000000000000e+00
