0.000000000000000000e+00 2.105747126436781705e-02 5.158778440199537907e-02 3.340343931708524092e-03 7.171886206072196996e-04 0.000000000000000000e+00 1.025176425710471045e-01 2.988748241912798660e-03 1.736613603473227251e-03 0.000000000000000000e+00 1.726827094474153168e-01 6.087662337662337522e-04 3.989777083629135468e-02 3.164056320202499550e-04 1.971900419028838926e-03 0.000000000000000000e+00 6.636921360847741758e-02 6.212466349140608607e-03 1.308647654093836321e-01 3.695750452079565873e-02 0.000000000000000000e+00 0.000000000000000000e+00 1.691266912669126769e-03 2.583979328165374460e-04 0.000000000000000000e+00 0.000000000000000000e+00 0.000000000000000000e+00 0.000000000000000000e+00 4.154668860551213178e-02 1.623640201331384919e-03 2.212834439750553141e-03 0.000000000000000000e+00 2.526810636109886807e-02 1.969178082191780713e-02 0.000000000000000000e+00 0.000000000000000000e+00 6.082388719933646409e-02 1.021659174499387011e-03 6.211180124223602064e-03 0.000000000000000000e+00 2.487562189054726321e-03 0.000000000000000000e+00 0.000000000000000000e+00 0.000000000000000000e+00 0.000000000000000000e+00 1.125492402926280222e-04 1.998401278976818499e-04 0.000000000000000000e+00 1.585539876327889716e-04 1.187225454113736230e-04 6.642883503505966555e-03 9.897070467141725583e-05 4.251700680272108685e-04 0.000000000000000000e+00 3.525901817195551801e-03 0.000000000000000000e+00 3.088977423638778474e-01 3.276338691512235227e-03 3.090344521661984173e-02 8.098258874342016645e-04 1.216577540106951877e-01 2.009242515571629611e-04 5.756929637526652169e-03 1.768033946251768094e-04 9.771549241697062571e-02 3.572066440435792047e-04 1.280754971351533503e-02 1.907426246185147615e-03 9.923161361141602521e-02 2.266431629312515642e-02 8.858290304073436483e-02 1.560205580029368558e-03 2.230420929062552557e-02 1.260040951330918153e-03 0.000000000000000000e+00 0.000000000000000000e+00 9.090909090909091161e-02 5.455447181352289510e-03 3.571428571428571317e-03 0.000000000000000000e+00 3.956779789986303482e-03 1.673360107095046791e-04 0.000000000000000000e+00 6.527415143603133244e-04 4.736496470201937564e-02 0.000000000000000000e+00 0.000000000000000000e+00 0.000000000000000000e+00 2.604352479486264638e-02 0.000000000000000000e+00 1.521739130434782584e-03 1.088139281828074019e-03 0.000000000000000000e+00 1.417769376181474573e-03 3.212290502793296171e-02 5.836575875486381404e-03 0.000000000000000000e+00 0.000000000000000000e+00 0.000000000000000000e+00 6.518904823989569563e-04 0.000000000000000000e+00 0.000000000000000000e+00 7.225433526011560336e-04 9.927200529450694397e-04 1.642036124794745431e-03 0.000000000000000000e+00 0.000000000000000000e+00 4.210526315789473589e-03 0.000000000000000000e+00 0.000000000000000000e+00 0.000000000000000000e+00 0.000000000000000000e+00 0.000000000000000000e+00 0.000000000000000000e+00 0.000000000000000000e+00 0.000000000000000000e+00
2.105747126436781705e-02 0.000000000000000000e+00 7.300158170093685615e-04 9.253989855251762431e-02 0.000000000000000000e+00 1.554806944804353400e-03 9.536524890329964267e-04 1.302742616033755185e-01 0.000000000000000000e+00 2.935010482180293572e-03 0.000000000000000000e+00 9.395292207792207972e-02 0.000000000000000000e+00 8.384749248536623942e-03 0.000000000000000000e+00 5.078720162519044772e-04 1.115448968209704472e-03 5.881134810519776657e-02 1.954921803127875057e-02 7.052441229656419841e-02 0.000000000000000000e+00 0.000000000000000000e+00 1.537515375153751583e-04 7.751937984496123923e-04 0.000000000000000000e+00 5.580357142857142547e-04 0.000000000000000000e+00 4.258943781942078422e-04 1.028383381324557769e-03 3.653190452995615928e-02 0.000000000000000000e+00 1.944390433599066750e-04 1.204642280005876337e-02 1.761252446183952935e-02 0.000000000000000000e+00 6.765899864682003214e-04 8.294166436273154273e-04 4.863097670617082258e-02 0.000000000000000000e+00 3.094378545642083658e-03 0.000000000000000000e+00 0.000000000000000000e+00 0.000000000000000000e+00 1.086366105377512231e-04 0.000000000000000000e+00 3.376477208778840802e-04 0.000000000000000000e+00 1.776514478593000442e-04 1.585539876327889716e-04 1.899560726581977967e-03 0.000000000000000000e+00 5.245447347585114641e-03 0.000000000000000000e+00 2.119093028183937396e-04 0.000000000000000000e+00 1.076426264800861045e-03 1.726427622841965499e-03 2.635404934985153824e-01 1.035043619695401361e-03 3.765690376569037767e-02 6.684491978609625280e-04 8.418726140245127998e-02 2.132196162046908221e-04 2.652050919377652027e-02 0.000000000000000000e+00 3.411323450616181308e-02 1.235816200426918376e-03 5.595116988809765643e-03 3.380900109769484352e-02 2.543439939561823251e-02 8.032128514056225245e-04 6.176578560939794543e-02 1.006204930404159007e-03 1.968813986454559864e-02 3.623188405797101493e-03 0.000000000000000000e+00 4.138950480413895044e-03 8.794842122664903172e-02 0.000000000000000000e+00 0.000000000000000000e+00 1.521838380763962753e-04 1.121151271753681455e-02 0.000000000000000000e+00 2.610966057441253298e-03 8.208832703989492514e-05 2.828148394609882044e-02 0.000000000000000000e+00 0.000000000000000000e+00 1.783803068141277164e-04 2.095418491772226693e-02 8.695652173913043801e-04 2.176278563656148038e-03 5.380683346785041475e-04 1.890359168241966025e-03 2.513966480446927498e-02 7.003891050583657685e-02 7.309941520467835852e-04 0.000000000000000000e+00 6.369426751592356358e-04 1.955671447196871086e-03 0.000000000000000000e+00 0.000000000000000000e+00 3.612716763005780168e-04 1.323626737260092659e-03 0.000000000000000000e+00 1.659751037344398298e-03 0.000000000000000000e+00 0.000000000000000000e+00 0.000000000000000000e+00 0.000000000000000000e+00 0.000000000000000000e+00 0.000000000000000000e+00 0.000000000000000000e+00 0.000000000000000000e+00 0.000000000000000000e+00 0.000000000000000000e+00
5.158778440199537907e-02 7.300158170093685615e-04 0.000000000000000000e+00 5.196090560435482307e-03 6.837198183122161765e-02 2.850479398807981377e-03 2.098035475872591926e-01 6.944444444444444059e-03 6.483357452966714840e-02 2.096436058700209756e-03 2.406417112299465144e-02 2.029220779220779029e-03 5.906573903166264378e-02 2.214839424141749630e-03 3.697313285679073441e-02 4.316912138141188598e-03 2.509760178471834736e-03 4.141644232760405882e-04 7.474701011959521135e-02 3.616636528028932974e-03 0.000000000000000000e+00 0.000000000000000000e+00 1.977244772447724341e-01 1.085271317829457349e-02 4.166666666666666435e-02 4.464285714285714038e-03 8.073817762399076656e-03 0.000000000000000000e+00 1.707116412998765931e-02 2.435460301997077488e-03 2.333534500100583470e-02 1.458292825199299959e-02 1.057734684883208411e-02 6.482387475538160110e-03 1.042752867570385846e-03 0.000000000000000000e+00 5.529444290848769877e-04 1.021659174499387011e-03 1.552795031055900516e-03 0.000000000000000000e+00 2.487562189054726321e-03 0.000000000000000000e+00 5.081300813008130619e-04 0.000000000000000000e+00 0.000000000000000000e+00 0.000000000000000000e+00 9.992006394884092764e-04 0.000000000000000000e+00 9.513239257967337752e-04 0.000000000000000000e+00 2.337310862344691743e-03 9.897070467141725583e-05 8.503401360544217370e-04 0.000000000000000000e+00 5.424464334147003188e-04 0.000000000000000000e+00 4.116865869853917996e-03 0.000000000000000000e+00 7.097441963625610202e-03 0.000000000000000000e+00 3.074866310160427607e-03 0.000000000000000000e+00 2.132196162046908221e-04 0.000000000000000000e+00 3.647533115761182436e-03 0.000000000000000000e+00 1.280754971351533503e-02 1.271617497456764968e-04 3.512623490669593805e-03 0.000000000000000000e+00 4.222604704532415681e-02 5.690161527165932438e-03 6.942814019788697000e-02 4.410143329658213970e-03 0.000000000000000000e+00 0.000000000000000000e+00 5.203252032520325199e-02 2.645065300049594809e-03 0.000000000000000000e+00 0.000000000000000000e+00 2.587125247298737059e-03 0.000000000000000000e+00 0.000000000000000000e+00 0.000000000000000000e+00 5.253652930553275209e-03 1.663616702711695288e-04 1.573564122738001572e-03 0.000000000000000000e+00 3.032465215840171070e-03 0.000000000000000000e+00 0.000000000000000000e+00 1.632208922742111028e-03 0.000000000000000000e+00 1.417769376181474573e-03 8.379888268156424416e-03 5.836575875486381404e-03 0.000000000000000000e+00 0.000000000000000000e+00 0.000000000000000000e+00 0.000000000000000000e+00 0.000000000000000000e+00 1.904761904761904760e-03 0.000000000000000000e+00 9.927200529450694397e-04 1.094690749863163693e-03 0.000000000000000000e+00 0.000000000000000000e+00 0.000000000000000000e+00 0.000000000000000000e+00 0.000000000000000000e+00 0.000000000000000000e+00 0.000000000000000000e+00 0.000000000000000000e+00 0.000000000000000000e+00 0.000000000000000000e+00 0.000000000000000000e+00
3.340343931708524092e-03 9.253989855251762431e-02 5.196090560435482307e-03 0.000000000000000000e+00 7.171886206072196996e-04 9.847110650427572109e-03 8.106046156780469247e-03 1.129571026722925448e-01 5.788712011577423809e-04 3.941299790356394411e-02 4.233511586452762786e-03 4.342532467532467244e-02 1.845804344739457618e-03 3.353899699414649577e-02 2.464875523786048657e-04 2.031488065007618082e-02 1.115448968209704472e-03 2.112238558707807065e-02 9.659613615455382024e-03 1.152802893309222421e-01 0.000000000000000000e+00 0.000000000000000000e+00 1.260762607626076184e-02 1.829457364341085246e-01 2.777777777777777884e-03 2.455357142857142808e-02 0.000000000000000000e+00 1.277683134582623418e-03 8.227067050596462800e-04 3.442117226822535847e-02 1.347817340575336968e-02 6.047054248493097250e-02 2.056706331717349928e-03 1.125244618395303264e-02 0.000000000000000000e+00 0.000000000000000000e+00 0.000000000000000000e+00 2.635880670208418444e-02 0.000000000000000000e+00 5.157297576070139430e-04 0.000000000000000000e+00 3.412969283276450546e-03 0.000000000000000000e+00 0.000000000000000000e+00 0.000000000000000000e+00 1.913337084974676364e-03 0.000000000000000000e+00 1.776514478593000442e-04 0.000000000000000000e+00 6.648462543036922669e-03 0.000000000000000000e+00 5.344418052256531652e-03 0.000000000000000000e+00 6.357279084551811918e-04 0.000000000000000000e+00 1.076426264800861045e-03 5.312084993359893594e-04 1.976041773318316930e-02 1.478633742422001945e-04 4.008638142799297865e-02 5.347593582887700658e-04 3.415712276471769959e-03 0.000000000000000000e+00 5.304101838755304011e-04 0.000000000000000000e+00 4.465083050544740167e-03 2.246938546230760683e-04 2.466937945066124266e-02 8.781558726673984513e-04 3.021908839083354247e-03 5.737234652897303840e-03 3.680249632892804851e-02 2.012409860808318015e-03 6.788470625295321692e-02 0.000000000000000000e+00 0.000000000000000000e+00 4.286770140428677010e-03 6.844106463878327218e-02 0.000000000000000000e+00 0.000000000000000000e+00 0.000000000000000000e+00 1.338688085676037432e-03 0.000000000000000000e+00 1.958224543080939756e-03 1.641766540797898503e-04 2.828148394609882044e-03 0.000000000000000000e+00 7.112375533428165345e-04 0.000000000000000000e+00 2.841245412572510932e-03 0.000000000000000000e+00 0.000000000000000000e+00 0.000000000000000000e+00 9.451795841209830124e-04 8.379888268156424416e-03 2.918287937743190702e-02 0.000000000000000000e+00 0.000000000000000000e+00 0.000000000000000000e+00 6.518904823989569563e-04 1.216545012165450154e-03 0.000000000000000000e+00 0.000000000000000000e+00 1.323626737260092659e-03 0.000000000000000000e+00 1.659751037344398298e-03 0.000000000000000000e+00 0.000000000000000000e+00 0.000000000000000000e+00 0.000000000000000000e+00 0.000000000000000000e+00 0.000000000000000000e+00 0.000000000000000000e+00 0.000000000000000000e+00 0.000000000000000000e+00 0.000000000000000000e+00
7.171886206072196996e-04 0.000000000000000000e+00 6.837198183122161765e-02 7.171886206072196996e-04 0.000000000000000000e+00 3.109613889608706799e-03 1.239748235742895235e-02 8.790436005625879208e-05 3.282199710564399631e-01 3.773584905660377388e-03 4.456327985739750187e-04 0.000000000000000000e+00 5.395428084623029794e-03 1.582028160101249775e-04 1.646536849889080611e-01 1.269680040629761301e-03 2.788622420524261179e-04 0.000000000000000000e+00 8.049678012879485020e-04 0.000000000000000000e+00 3.683385579937303866e-02 1.709401709401709400e-03 1.153136531365313647e-02 7.751937984496123923e-04 1.699074074074073959e-01 5.022321428571428943e-03 1.464821222606689788e-01 3.833049403747870471e-03 1.069518716577540045e-02 0.000000000000000000e+00 8.247837457252061785e-03 2.916585650398600179e-03 5.876303804906713151e-04 1.223091976516633983e-04 0.000000000000000000e+00 0.000000000000000000e+00 2.764722145424384938e-04 0.000000000000000000e+00 0.000000000000000000e+00 0.000000000000000000e+00 0.000000000000000000e+00 0.000000000000000000e+00 1.693766937669376692e-04 0.000000000000000000e+00 0.000000000000000000e+00 0.000000000000000000e+00 1.998401278976818499e-04 0.000000000000000000e+00 0.000000000000000000e+00 0.000000000000000000e+00 2.460327223520728294e-04 0.000000000000000000e+00 0.000000000000000000e+00 0.000000000000000000e+00 8.136696501220504240e-04 0.000000000000000000e+00 1.328021248339973398e-04 0.000000000000000000e+00 0.000000000000000000e+00 0.000000000000000000e+00 2.673796791443850329e-04 0.000000000000000000e+00 0.000000000000000000e+00 0.000000000000000000e+00 1.919754271453253942e-04 0.000000000000000000e+00 2.246938546230760683e-04 0.000000000000000000e+00 2.195389681668496128e-04 0.000000000000000000e+00 2.925989672977624689e-02 2.661527165932452144e-03 6.272010732852591197e-02 3.150102378327295383e-04 0.000000000000000000e+00 0.000000000000000000e+00 4.878048780487804874e-03 0.000000000000000000e+00 1.785714285714285659e-03 0.000000000000000000e+00 1.521838380763962861e-03 0.000000000000000000e+00 7.788161993769470185e-04 0.000000000000000000e+00 1.970119848957478312e-03 0.000000000000000000e+00 0.000000000000000000e+00 0.000000000000000000e+00 1.070281840884766298e-03 0.000000000000000000e+00 0.000000000000000000e+00 0.000000000000000000e+00 0.000000000000000000e+00 0.000000000000000000e+00 0.000000000000000000e+00 1.945525291828793801e-03 0.000000000000000000e+00 0.000000000000000000e+00 0.000000000000000000e+00 0.000000000000000000e+00 0.000000000000000000e+00 0.000000000000000000e+00 0.000000000000000000e+00 0.000000000000000000e+00 0.000000000000000000e+00 0.000000000000000000e+00 0.000000000000000000e+00 0.000000000000000000e+00 0.000000000000000000e+00 0.000000000000000000e+00 0.000000000000000000e+00 0.000000000000000000e+00 0.000000000000000000e+00 0.000000000000000000e+00 0.000000000000000000e+00 0.000000000000000000e+00
0.000000000000000000e+00 1.554806944804353400e-03 2.850479398807981377e-03 9.847110650427572109e-03 3.109613889608706799e-03 0.000000000000000000e+00 9.536524890329964267e-05 3.604078762306610340e-03 8.683068017366136256e-04 3.337526205450733752e-01 0.000000000000000000e+00 1.217532467532467504e-03 0.000000000000000000e+00 6.486315456415123887e-03 9.859502095144194629e-04 1.655662772981208730e-01 0.000000000000000000e+00 0.000000000000000000e+00 0.000000000000000000e+00 1.130198915009041636e-03 6.269592476489027968e-03 2.564102564102564014e-02 2.613776137761377773e-03 4.056847545219638418e-02 1.018518518518518601e-02 1.997767857142857262e-01 6.055363321799307925e-03 2.282793867120954112e-01 2.056766762649115700e-04 2.273096281863938931e-02 1.689800844900422525e-02 1.749951390239160021e-02 0.000000000000000000e+00 2.079256360078277771e-03 0.000000000000000000e+00 0.000000000000000000e+00 0.000000000000000000e+00 1.225991009399264413e-03 0.000000000000000000e+00 0.000000000000000000e+00 0.000000000000000000e+00 0.000000000000000000e+00 0.000000000000000000e+00 1.086366105377512231e-04 0.000000000000000000e+00 0.000000000000000000e+00 0.000000000000000000e+00 3.553028957186000884e-04 0.000000000000000000e+00 2.374450908227472459e-04 0.000000000000000000e+00 5.938242280285035892e-04 0.000000000000000000e+00 0.000000000000000000e+00 0.000000000000000000e+00 3.588087549336204025e-04 0.000000000000000000e+00 0.000000000000000000e+00 0.000000000000000000e+00 6.748549061951680719e-04 0.000000000000000000e+00 2.009242515571629611e-04 0.000000000000000000e+00 3.536067892503536188e-04 0.000000000000000000e+00 3.572066440435792047e-04 0.000000000000000000e+00 7.629704984740589809e-04 0.000000000000000000e+00 5.036514731805590049e-04 3.671830177854274336e-03 3.652716593245227544e-02 0.000000000000000000e+00 3.795873365884391143e-02 0.000000000000000000e+00 3.361344537815125905e-02 0.000000000000000000e+00 5.951396925111588319e-03 0.000000000000000000e+00 0.000000000000000000e+00 0.000000000000000000e+00 5.020080321285140101e-04 0.000000000000000000e+00 6.527415143603133244e-04 0.000000000000000000e+00 6.654466810846781152e-04 0.000000000000000000e+00 7.112375533428165345e-04 0.000000000000000000e+00 1.183852255238546222e-03 0.000000000000000000e+00 0.000000000000000000e+00 0.000000000000000000e+00 0.000000000000000000e+00 0.000000000000000000e+00 0.000000000000000000e+00 0.000000000000000000e+00 0.000000000000000000e+00 0.000000000000000000e+00 0.000000000000000000e+00 0.000000000000000000e+00 0.000000000000000000e+00 0.000000000000000000e+00 0.000000000000000000e+00 0.000000000000000000e+00 0.000000000000000000e+00 0.000000000000000000e+00 0.000000000000000000e+00 0.000000000000000000e+00 0.000000000000000000e+00 0.000000000000000000e+00 0.000000000000000000e+00 0.000000000000000000e+00 0.000000000000000000e+00 0.000000000000000000e+00 0.000000000000000000e+00
1.025176425710471045e-01 9.536524890329964267e-04 2.098035475872591926e-01 8.106046156780469247e-03 1.239748235742895235e-02 9.536524890329964267e-05 0.000000000000000000e+00 1.257032348804500675e-02 1.322720694645441453e-01 1.677148846960167632e-03 1.508467023172905541e-01 4.870129870129870017e-03 2.217804912679255946e-01 4.587881664293624699e-03 2.538821789499630388e-02 2.031488065007617909e-03 5.577244841048521924e-03 1.242493269828121765e-03 2.368905243790248374e-02 1.005877034358046949e-02 0.000000000000000000e+00 0.000000000000000000e+00 3.613161131611316440e-02 1.576227390180878415e-02 0.000000000000000000e+00 5.580357142857142547e-04 2.883506343713956258e-04 0.000000000000000000e+00 1.892225421637186433e-02 1.786004221464523476e-03 2.112251056125527895e-02 1.166634260159440072e-02 7.198472161010723881e-03 9.907045009784735262e-03 1.042752867570385846e-03 0.000000000000000000e+00 2.211777716339507951e-03 6.129955046996322064e-04 1.552795031055900516e-03 0.000000000000000000e+00 2.487562189054726321e-03 0.000000000000000000e+00 3.387533875338753385e-04 0.000000000000000000e+00 0.000000000000000000e+00 0.000000000000000000e+00 1.998401278976818499e-04 0.000000000000000000e+00 1.109877913429522774e-03 0.000000000000000000e+00 4.428589002337311037e-03 9.897070467141725583e-05 4.251700680272108685e-04 0.000000000000000000e+00 5.153241117439652866e-03 0.000000000000000000e+00 7.835325365205843620e-03 1.023855841097573509e-04 5.470944846961407412e-03 1.349709812390336198e-04 2.245989304812834320e-02 2.009242515571629611e-04 1.023454157782516076e-02 0.000000000000000000e+00 2.994816663467076215e-02 1.786033220217896024e-04 5.954387147511515377e-03 1.271617497456764968e-04 1.097694840834248118e-03 0.000000000000000000e+00 9.959839357429718654e-02 1.073788546255506626e-02 2.917994298172061143e-02 4.882658686407308386e-03 0.000000000000000000e+00 0.000000000000000000e+00 4.700665188470066341e-02 5.124814018846090592e-03 5.357142857142857192e-03 0.000000000000000000e+00 1.628367067417440389e-02 1.673360107095046791e-04 0.000000000000000000e+00 6.527415143603133244e-04 4.301428336890494170e-02 8.318083513558476440e-05 0.000000000000000000e+00 0.000000000000000000e+00 2.782732786300392419e-02 0.000000000000000000e+00 2.173913043478260950e-04 1.088139281828074019e-03 0.000000000000000000e+00 0.000000000000000000e+00 1.256983240223463749e-02 0.000000000000000000e+00 0.000000000000000000e+00 0.000000000000000000e+00 0.000000000000000000e+00 6.518904823989569563e-04 0.000000000000000000e+00 0.000000000000000000e+00 0.000000000000000000e+00 6.618133686300463293e-04 0.000000000000000000e+00 0.000000000000000000e+00 0.000000000000000000e+00 0.000000000000000000e+00 0.000000000000000000e+00 0.000000000000000000e+00 0.000000000000000000e+00 0.000000000000000000e+00 0.000000000000000000e+00 0.000000000000000000e+00 0.000000000000000000e+00 0.000000000000000000e+00
2.988748241912798660e-03 1.302742616033755185e-01 6.944444444444444059e-03 1.129571026722925448e-01 8.790436005625879208e-05 3.604078762306610340e-03 1.257032348804500675e-02 0.000000000000000000e+00 1.157742402315484762e-03 6.876310272536687029e-02 7.352941176470588133e-03 1.607142857142857262e-01 5.963367883004401168e-03 2.831830406581237192e-01 1.725412866650234169e-03 2.742508887760284481e-02 2.788622420524261179e-04 2.277904328018223387e-02 1.931922723091076405e-02 3.062839059674502679e-02 0.000000000000000000e+00 0.000000000000000000e+00 1.737392373923739297e-02 2.015503875968992220e-02 9.259259259259259613e-04 2.901785714285714385e-02 0.000000000000000000e+00 1.277683134582623418e-03 1.439736733854380963e-03 3.994154895275207201e-02 2.112251056125527895e-02 1.458292825199299959e-02 2.056706331717349928e-03 5.748532289628179720e-03 0.000000000000000000e+00 0.000000000000000000e+00 2.764722145424384938e-04 5.516959542296689424e-03 0.000000000000000000e+00 1.031459515214027886e-03 0.000000000000000000e+00 0.000000000000000000e+00 0.000000000000000000e+00 0.000000000000000000e+00 0.000000000000000000e+00 4.501969611705121214e-03 0.000000000000000000e+00 1.776514478593000442e-04 1.585539876327889716e-04 1.127864181408049470e-02 1.230163611760364147e-04 1.821060965954077529e-02 0.000000000000000000e+00 8.476372112735749585e-04 0.000000000000000000e+00 8.611410118406888359e-03 6.640106241699866721e-04 7.781304392341558719e-03 2.957267484844003889e-04 2.146038601700634221e-02 5.347593582887700658e-04 3.054048623668876791e-02 0.000000000000000000e+00 4.420084865629420046e-03 0.000000000000000000e+00 1.857474549026611951e-02 1.123469273115380342e-04 1.805696846388606461e-02 2.195389681668496128e-04 1.259128682951397675e-03 1.158921399885255374e-02 1.224302496328927986e-01 4.024819721616636030e-03 7.355489053394234644e-02 0.000000000000000000e+00 1.680672268907562952e-02 6.651884700665188464e-03 4.711522565713341382e-02 0.000000000000000000e+00 0.000000000000000000e+00 0.000000000000000000e+00 9.872824631860776037e-03 0.000000000000000000e+00 3.263707571801566405e-03 0.000000000000000000e+00 2.844784561636998915e-02 0.000000000000000000e+00 1.778093883357041282e-03 3.567606136282554328e-04 3.634426423582336890e-02 2.173913043478260950e-04 0.000000000000000000e+00 0.000000000000000000e+00 9.451795841209830124e-04 6.983240223463686724e-03 1.556420233463035041e-02 0.000000000000000000e+00 0.000000000000000000e+00 0.000000000000000000e+00 0.000000000000000000e+00 0.000000000000000000e+00 0.000000000000000000e+00 0.000000000000000000e+00 3.309066843150231647e-04 0.000000000000000000e+00 1.659751037344398298e-03 0.000000000000000000e+00 0.000000000000000000e+00 0.000000000000000000e+00 0.000000000000000000e+00 0.000000000000000000e+00 0.000000000000000000e+00 0.000000000000000000e+00 0.000000000000000000e+00 0.000000000000000000e+00 0.000000000000000000e+00
1.736613603473227251e-03 0.000000000000000000e+00 6.483357452966714840e-02 5.788712011577423809e-04 3.282199710564399631e-01 8.683068017366136256e-04 1.322720694645441453e-01 1.157742402315484762e-03 0.000000000000000000e+00 2.935010482180293572e-03 1.336898395721925056e-03 0.000000000000000000e+00 5.608405509016044233e-02 1.582028160101249775e-04 1.735272368745378324e-01 5.078720162519044772e-04 1.115448968209704472e-03 0.000000000000000000e+00 3.449862005519779449e-04 0.000000000000000000e+00 0.000000000000000000e+00 0.000000000000000000e+00 3.382533825338253537e-03 1.808785529715762177e-03 1.342592592592592622e-02 3.348214285714285528e-03 6.343713956170703334e-03 4.258943781942078422e-04 5.964623611682435232e-03 0.000000000000000000e+00 4.626835646751157119e-03 1.361073303519346779e-03 1.469075951226678288e-04 0.000000000000000000e+00 0.000000000000000000e+00 0.000000000000000000e+00 2.764722145424384938e-04 0.000000000000000000e+00 0.000000000000000000e+00 0.000000000000000000e+00 0.000000000000000000e+00 0.000000000000000000e+00 0.000000000000000000e+00 0.000000000000000000e+00 0.000000000000000000e+00 0.000000000000000000e+00 1.998401278976818499e-04 0.000000000000000000e+00 0.000000000000000000e+00 0.000000000000000000e+00 0.000000000000000000e+00 0.000000000000000000e+00 0.000000000000000000e+00 0.000000000000000000e+00 0.000000000000000000e+00 0.000000000000000000e+00 1.328021248339973398e-04 0.000000000000000000e+00 0.000000000000000000e+00 0.000000000000000000e+00 2.673796791443850329e-04 0.000000000000000000e+00 8.528784648187632883e-04 0.000000000000000000e+00 9.598771357266270253e-04 0.000000000000000000e+00 1.123469273115380342e-04 0.000000000000000000e+00 2.195389681668496128e-04 0.000000000000000000e+00 9.523809523809524669e-03 4.588839941262848636e-04 2.867684051651853139e-02 3.150102378327295383e-04 0.000000000000000000e+00 0.000000000000000000e+00 3.991130820399113079e-03 0.000000000000000000e+00 3.571428571428571317e-03 0.000000000000000000e+00 2.891492923451529501e-03 0.000000000000000000e+00 0.000000000000000000e+00 0.000000000000000000e+00 1.559678213758003591e-03 0.000000000000000000e+00 7.867820613690007861e-04 0.000000000000000000e+00 5.351409204423831492e-04 0.000000000000000000e+00 0.000000000000000000e+00 5.440696409140370095e-04 0.000000000000000000e+00 0.000000000000000000e+00 4.189944134078212208e-03 5.836575875486381404e-03 0.000000000000000000e+00 0.000000000000000000e+00 0.000000000000000000e+00 0.000000000000000000e+00 0.000000000000000000e+00 0.000000000000000000e+00 0.000000000000000000e+00 0.000000000000000000e+00 5.473453749315818464e-04 0.000000000000000000e+00 0.000000000000000000e+00 0.000000000000000000e+00 0.000000000000000000e+00 0.000000000000000000e+00 0.000000000000000000e+00 0.000000000000000000e+00 0.000000000000000000e+00 0.000000000000000000e+00 0.000000000000000000e+00 0.000000000000000000e+00
0.000000000000000000e+00 2.935010482180293572e-03 2.096436058700209756e-03 3.941299790356394411e-02 3.773584905660377388e-03 3.337526205450733752e-01 1.677148846960167632e-03 6.876310272536687029e-02 2.935010482180293572e-03 0.000000000000000000e+00 2.228163992869875093e-04 3.043831168831168978e-03 1.419849495953428979e-04 2.657807308970099730e-02 7.394626571358145972e-04 1.424581005586592064e-01 0.000000000000000000e+00 0.000000000000000000e+00 2.299908003679852785e-04 1.017179023508137494e-03 2.351097178683385705e-03 0.000000000000000000e+00 3.690036900369003583e-03 6.459948320413436314e-03 7.407407407407407690e-03 3.906250000000000000e-03 2.306805074971165007e-03 0.000000000000000000e+00 0.000000000000000000e+00 1.152784542945283278e-02 6.035003017501508644e-03 9.138635037915614212e-03 0.000000000000000000e+00 4.892367906066535932e-04 0.000000000000000000e+00 0.000000000000000000e+00 0.000000000000000000e+00 8.173273395995096086e-04 0.000000000000000000e+00 0.000000000000000000e+00 0.000000000000000000e+00 0.000000000000000000e+00 0.000000000000000000e+00 1.086366105377512231e-04 0.000000000000000000e+00 0.000000000000000000e+00 0.000000000000000000e+00 1.776514478593000442e-04 0.000000000000000000e+00 4.748901816454944918e-04 0.000000000000000000e+00 6.927949326999208179e-04 0.000000000000000000e+00 0.000000000000000000e+00 0.000000000000000000e+00 7.176175098672408050e-04 0.000000000000000000e+00 3.071567523292720119e-04 0.000000000000000000e+00 4.049129437171008323e-04 0.000000000000000000e+00 0.000000000000000000e+00 0.000000000000000000e+00 0.000000000000000000e+00 0.000000000000000000e+00 1.786033220217896024e-04 1.123469273115380342e-04 2.543234994913529936e-04 0.000000000000000000e+00 2.518257365902795025e-04 8.032128514056225245e-04 8.902349486049926375e-03 0.000000000000000000e+00 1.559300677272011312e-02 0.000000000000000000e+00 0.000000000000000000e+00 0.000000000000000000e+00 5.124814018846090592e-03 0.000000000000000000e+00 0.000000000000000000e+00 0.000000000000000000e+00 8.366800535475234224e-04 0.000000000000000000e+00 6.527415143603133244e-04 0.000000000000000000e+00 9.981700216270170643e-04 0.000000000000000000e+00 3.556187766714082672e-04 0.000000000000000000e+00 2.249319284953237713e-03 0.000000000000000000e+00 0.000000000000000000e+00 0.000000000000000000e+00 0.000000000000000000e+00 0.000000000000000000e+00 0.000000000000000000e+00 0.000000000000000000e+00 0.000000000000000000e+00 0.000000000000000000e+00 0.000000000000000000e+00 0.000000000000000000e+00 0.000000000000000000e+00 0.000000000000000000e+00 0.000000000000000000e+00 0.000000000000000000e+00 0.000000000000000000e+00 0.000000000000000000e+00 0.000000000000000000e+00 0.000000000000000000e+00 0.000000000000000000e+00 0.000000000000000000e+00 0.000000000000000000e+00 0.000000000000000000e+00 0.000000000000000000e+00 0.000000000000000000e+00 0.000000000000000000e+00
1.726827094474153168e-01 0.000000000000000000e+00 2.406417112299465144e-02 4.233511586452762786e-03 4.456327985739750187e-04 0.000000000000000000e+00 1.508467023172905541e-01 7.352941176470588133e-03 1.336898395721925056e-03 2.228163992869875093e-04 0.000000000000000000e+00 8.116883116883117418e-04 1.550475649581144477e-01 4.746084480303749595e-04 8.873551885629776467e-03 0.000000000000000000e+00 4.127161182375906068e-02 0.000000000000000000e+00 1.667433302667893288e-02 2.825497287522603981e-03 0.000000000000000000e+00 0.000000000000000000e+00 7.687576875768757645e-03 1.291989664082687393e-03 0.000000000000000000e+00 0.000000000000000000e+00 0.000000000000000000e+00 0.000000000000000000e+00 6.088029617441382407e-02 3.247280402662770056e-04 7.040836853751760230e-03 7.777561734396266999e-04 1.718818862935213646e-02 1.223091976516633983e-03 1.042752867570385846e-03 0.000000000000000000e+00 5.529444290848769877e-04 6.129955046996322064e-04 7.763975155279502580e-04 0.000000000000000000e+00 0.000000000000000000e+00 0.000000000000000000e+00 0.000000000000000000e+00 0.000000000000000000e+00 0.000000000000000000e+00 0.000000000000000000e+00 0.000000000000000000e+00 0.000000000000000000e+00 0.000000000000000000e+00 0.000000000000000000e+00 1.230163611760364147e-04 0.000000000000000000e+00 0.000000000000000000e+00 0.000000000000000000e+00 2.712232167073501594e-04 0.000000000000000000e+00 6.772908366533864251e-03 0.000000000000000000e+00 5.914534969688007779e-04 0.000000000000000000e+00 3.008021390374331430e-02 0.000000000000000000e+00 1.364605543710021261e-02 0.000000000000000000e+00 1.785371472451526345e-02 0.000000000000000000e+00 2.246938546230760683e-03 2.543234994913529936e-04 8.781558726673984513e-04 0.000000000000000000e+00 1.985083189902467002e-02 1.193098384728340624e-03 1.006204930404159007e-03 1.102535832414553493e-03 0.000000000000000000e+00 0.000000000000000000e+00 3.252032520325203249e-03 1.487849231277897080e-03 1.785714285714285659e-03 0.000000000000000000e+00 6.239537361132248099e-03 0.000000000000000000e+00 0.000000000000000000e+00 0.000000000000000000e+00 1.058939418814644484e-02 0.000000000000000000e+00 0.000000000000000000e+00 0.000000000000000000e+00 3.567606136282554328e-03 1.183852255238546222e-04 0.000000000000000000e+00 0.000000000000000000e+00 0.000000000000000000e+00 0.000000000000000000e+00 0.000000000000000000e+00 0.000000000000000000e+00 0.000000000000000000e+00 0.000000000000000000e+00 0.000000000000000000e+00 0.000000000000000000e+00 0.000000000000000000e+00 0.000000000000000000e+00 0.000000000000000000e+00 0.000000000000000000e+00 0.000000000000000000e+00 0.000000000000000000e+00 0.000000000000000000e+00 0.000000000000000000e+00 0.000000000000000000e+00 0.000000000000000000e+00 0.000000000000000000e+00 0.000000000000000000e+00 0.000000000000000000e+00 0.000000000000000000e+00 0.000000000000000000e+00 0.000000000000000000e+00
6.087662337662337522e-04 9.395292207792207972e-02 2.029220779220779029e-03 4.342532467532467244e-02 0.000000000000000000e+00 1.217532467532467504e-03 4.870129870129870017e-03 1.607142857142857262e-01 0.000000000000000000e+00 3.043831168831168978e-03 8.116883116883117418e-04 0.000000000000000000e+00 7.099247479767144351e-04 1.907925961082107269e-01 0.000000000000000000e+00 4.062976130015235818e-03 2.788622420524261179e-04 8.511078898322634034e-02 2.414903403863845506e-03 1.819620253164556944e-02 0.000000000000000000e+00 0.000000000000000000e+00 2.460024600246002533e-03 1.188630490956072393e-02 0.000000000000000000e+00 0.000000000000000000e+00 0.000000000000000000e+00 0.000000000000000000e+00 0.000000000000000000e+00 3.474590030849163819e-02 2.212834439750553141e-03 5.638732257437293303e-03 1.469075951226678288e-04 3.180039138943248356e-03 0.000000000000000000e+00 0.000000000000000000e+00 0.000000000000000000e+00 4.086636697997548043e-04 0.000000000000000000e+00 0.000000000000000000e+00 0.000000000000000000e+00 0.000000000000000000e+00 0.000000000000000000e+00 0.000000000000000000e+00 0.000000000000000000e+00 4.501969611705120889e-04 0.000000000000000000e+00 0.000000000000000000e+00 0.000000000000000000e+00 1.068502908702362525e-03 0.000000000000000000e+00 5.938242280285035892e-04 0.000000000000000000e+00 0.000000000000000000e+00 0.000000000000000000e+00 1.255830642267671436e-03 0.000000000000000000e+00 4.095423364390293926e-03 0.000000000000000000e+00 6.748549061951680719e-04 0.000000000000000000e+00 1.084990958408679936e-02 0.000000000000000000e+00 1.502828854314002850e-02 0.000000000000000000e+00 6.608322914806214962e-03 2.246938546230760683e-04 1.907426246185147615e-03 0.000000000000000000e+00 1.259128682951397675e-03 2.065404475043029070e-03 2.220998531571218709e-02 1.006204930404159007e-03 9.450307134981886584e-03 0.000000000000000000e+00 8.403361344537814762e-03 1.478196600147819659e-03 4.132914531327492105e-03 0.000000000000000000e+00 3.401360544217687382e-02 0.000000000000000000e+00 3.748326639892905071e-02 0.000000000000000000e+00 5.221932114882506595e-03 0.000000000000000000e+00 1.680252869738812008e-02 0.000000000000000000e+00 3.556187766714082672e-04 0.000000000000000000e+00 1.846809518172132236e-02 0.000000000000000000e+00 0.000000000000000000e+00 0.000000000000000000e+00 4.725897920604915062e-04 1.396648044692737475e-03 0.000000000000000000e+00 0.000000000000000000e+00 0.000000000000000000e+00 6.369426751592356358e-04 6.518904823989569563e-04 0.000000000000000000e+00 0.000000000000000000e+00 0.000000000000000000e+00 0.000000000000000000e+00 0.000000000000000000e+00 0.000000000000000000e+00 0.000000000000000000e+00 0.000000000000000000e+00 0.000000000000000000e+00 0.000000000000000000e+00 0.000000000000000000e+00 0.000000000000000000e+00 0.000000000000000000e+00 0.000000000000000000e+00 0.000000000000000000e+00 0.000000000000000000e+00
3.989777083629135468e-02 0.000000000000000000e+00 5.906573903166264378e-02 1.845804344739457618e-03 5.395428084623029794e-03 0.000000000000000000e+00 2.217804912679255946e-01 5.963367883004401168e-03 5.608405509016044233e-02 1.419849495953428979e-04 1.550475649581144477e-01 7.099247479767144351e-04 0.000000000000000000e+00 2.056636608131624626e-03 2.363815627310820733e-01 5.078720162519044772e-04 8.365867261572783320e-03 2.070822116380202941e-04 7.359705611775528913e-03 0.000000000000000000e+00 0.000000000000000000e+00 0.000000000000000000e+00 3.351783517835178056e-02 4.134366925064599137e-03 4.629629629629629806e-04 3.348214285714285528e-03 2.883506343713956258e-04 0.000000000000000000e+00 9.502262443438913575e-02 3.247280402662770056e-04 2.092134379400523159e-02 7.777561734396266566e-03 5.729396209784045485e-03 6.115459882583169915e-04 5.213764337851929231e-04 0.000000000000000000e+00 1.105888858169753975e-03 2.043318348998774021e-04 0.000000000000000000e+00 0.000000000000000000e+00 0.000000000000000000e+00 0.000000000000000000e+00 0.000000000000000000e+00 0.000000000000000000e+00 0.000000000000000000e+00 0.000000000000000000e+00 3.996802557953636997e-04 0.000000000000000000e+00 4.756619628983668876e-04 0.000000000000000000e+00 1.230163611760364147e-04 0.000000000000000000e+00 8.503401360544217370e-04 0.000000000000000000e+00 8.136696501220504240e-04 0.000000000000000000e+00 2.656042496679946689e-03 1.023855841097573509e-04 1.330770368179801967e-03 1.349709812390336198e-04 1.497326203208556097e-02 0.000000000000000000e+00 1.236673773987206904e-02 0.000000000000000000e+00 1.036667306584757205e-02 1.786033220217896024e-04 1.460510055049994444e-03 1.271617497456764968e-04 4.390779363336992256e-04 0.000000000000000000e+00 3.614457831325301046e-02 3.854625550660792984e-03 3.068925037732684810e-02 2.677587021578201401e-03 0.000000000000000000e+00 0.000000000000000000e+00 2.202512934220251378e-02 1.157216068771697729e-03 5.357142857142857192e-03 0.000000000000000000e+00 1.232689088418809954e-02 0.000000000000000000e+00 7.788161993769470185e-04 0.000000000000000000e+00 9.686422590707600977e-03 0.000000000000000000e+00 7.867820613690007861e-04 0.000000000000000000e+00 4.459507670353192801e-03 0.000000000000000000e+00 0.000000000000000000e+00 0.000000000000000000e+00 0.000000000000000000e+00 0.000000000000000000e+00 2.793296089385474950e-03 1.945525291828793801e-03 0.000000000000000000e+00 0.000000000000000000e+00 0.000000000000000000e+00 0.000000000000000000e+00 0.000000000000000000e+00 1.904761904761904760e-03 0.000000000000000000e+00 0.000000000000000000e+00 0.000000000000000000e+00 0.000000000000000000e+00 0.000000000000000000e+00 0.000000000000000000e+00 0.000000000000000000e+00 0.000000000000000000e+00 0.000000000000000000e+00 0.000000000000000000e+00 0.000000000000000000e+00 0.000000000000000000e+00 0.000000000000000000e+00 0.000000000000000000e+00
