0.000000000000000000e+00 1.650399290150842899e-02 5.267602660192124975e-02 6.263048016701461621e-03 0.000000000000000000e+00 0.000000000000000000e+00 1.569446315505860223e-01 5.455206691720208660e-03 4.587155963302752548e-04 0.000000000000000000e+00 2.885332163999123067e-01 1.283367556468172424e-03 2.580645161290322578e-02 1.747946163258171581e-04 1.734304543877905050e-03 0.000000000000000000e+00 1.025740274820979292e-01 1.607717041800643069e-03 5.713616672520781953e-02 2.516849199663016151e-02 0.000000000000000000e+00 0.000000000000000000e+00 9.211495946941783549e-04 6.385696040868455055e-04 0.000000000000000000e+00 0.000000000000000000e+00 0.000000000000000000e+00 0.000000000000000000e+00 3.559264305177111537e-02 1.755926251097454020e-04 2.440810349035879914e-04 2.667377967457988577e-04 5.957836846929422635e-03 8.803521408563426062e-03 0.000000000000000000e+00 0.000000000000000000e+00 6.601580660158065661e-02 3.232062055591467258e-04 0.000000000000000000e+00 7.230657989877078669e-04 0.000000000000000000e+00 0.000000000000000000e+00 3.067014261616316352e-04 0.000000000000000000e+00 1.292944218692279211e-03 0.000000000000000000e+00 2.893937201562726000e-04 0.000000000000000000e+00 7.117898278762779460e-03 1.011224592982101268e-04 1.984555343352985279e-02 4.229045081620570181e-04 3.953989935298346352e-03 0.000000000000000000e+00 1.412144442202945428e-03 0.000000000000000000e+00 2.408321579689703673e-01 1.641193968612165294e-03 4.017139796464917062e-02 7.418397626112759914e-04 3.788559448936807544e-02 0.000000000000000000e+00 1.247904637735146142e-02 0.000000000000000000e+00 1.428571428571428527e-02 1.497454327643006969e-04 9.448257420447454466e-03 7.932910244786944669e-04 4.685274850469951791e-02 7.236842105263157840e-03 9.192439862542955975e-02 0.000000000000000000e+00 6.720565942395148595e-02 1.353703345581125502e-03 8.779631255487269558e-04 0.000000000000000000e+00 6.749959435339931979e-02 1.660302174995849193e-03 0.000000000000000000e+00 0.000000000000000000e+00 1.543426406622702392e-03 0.000000000000000000e+00 0.000000000000000000e+00 0.000000000000000000e+00 5.955926146515783288e-03 0.000000000000000000e+00 0.000000000000000000e+00 0.000000000000000000e+00 5.256773150020218645e-03 0.000000000000000000e+00 4.284490145672665185e-04 0.000000000000000000e+00 2.224694104560623006e-04 0.000000000000000000e+00 7.009345794392523275e-03 0.000000000000000000e+00 4.780114722753346125e-03 0.000000000000000000e+00 5.917159763313609329e-03 0.000000000000000000e+00 2.247191011235955254e-03 0.000000000000000000e+00 2.687322162503951936e-03 8.331597583836700821e-04 1.721911321566939324e-03 9.345794392523364873e-04 1.503759398496240692e-03 0.000000000000000000e+00 0.000000000000000000e+00 0.000000000000000000e+00 1.577287066246056734e-03 0.000000000000000000e+00 0.000000000000000000e+00 0.000000000000000000e+00 0.000000000000000000e+00 0.000000000000000000e+00
1.650399290150842899e-02 0.000000000000000000e+00 2.850205848200147891e-03 3.702889792330513186e-02 0.000000000000000000e+00 0.000000000000000000e+00 1.077731375454667965e-03 1.765062431809916454e-01 0.000000000000000000e+00 4.371584699453551909e-03 6.577504933128699603e-04 8.393223819301848243e-02 0.000000000000000000e+00 1.782905086523334931e-02 0.000000000000000000e+00 1.546790409899458704e-03 3.870718018192374787e-04 1.203778135048231557e-01 2.669476642079381817e-02 9.688289806234204327e-02 0.000000000000000000e+00 0.000000000000000000e+00 1.842299189388356710e-04 4.257130693912303189e-04 0.000000000000000000e+00 0.000000000000000000e+00 0.000000000000000000e+00 0.000000000000000000e+00 1.702997275204359612e-04 1.439859525899912264e-02 0.000000000000000000e+00 0.000000000000000000e+00 1.604032997250229298e-02 1.260504201680672301e-02 0.000000000000000000e+00 5.078720162519044772e-04 0.000000000000000000e+00 6.787330316742080927e-02 0.000000000000000000e+00 1.807664497469269743e-02 0.000000000000000000e+00 2.608695652173912971e-01 0.000000000000000000e+00 2.126302360195619695e-04 1.847063169560398950e-04 2.017238217494956697e-03 0.000000000000000000e+00 0.000000000000000000e+00 1.294163323411414595e-04 4.550510668419455867e-03 8.303578842481109496e-05 2.706588852237164916e-02 0.000000000000000000e+00 1.111111111111111110e-03 0.000000000000000000e+00 6.276150627615062656e-04 1.057827926657263842e-03 3.109036824289670986e-01 9.373326191751472740e-04 4.183976261127596297e-02 1.497454327643006969e-04 5.680317040951123053e-02 0.000000000000000000e+00 3.633572159672466412e-02 5.102040816326531072e-04 4.058101227912548625e-02 1.337017559497281427e-03 1.110607434270172340e-02 2.506408430646539509e-02 7.741228070175439069e-02 4.909180166912125581e-04 3.954282711508144699e-02 2.526528549772612633e-04 4.331850705859601608e-02 0.000000000000000000e+00 6.263048016701461621e-03 6.490345610903780916e-04 5.744645525485638643e-02 0.000000000000000000e+00 4.016064257028112081e-03 0.000000000000000000e+00 1.135707410972088514e-02 0.000000000000000000e+00 1.468428781204111520e-03 0.000000000000000000e+00 2.435610302351623804e-02 0.000000000000000000e+00 2.652519893899204107e-03 0.000000000000000000e+00 1.052112444517507885e-02 2.142245072836332592e-04 7.087172218284904131e-03 0.000000000000000000e+00 3.180372557928214366e-03 0.000000000000000000e+00 5.454545454545454281e-02 0.000000000000000000e+00 0.000000000000000000e+00 0.000000000000000000e+00 5.434782608695652023e-03 0.000000000000000000e+00 0.000000000000000000e+00 1.580777742649383619e-04 1.874609456363257685e-03 4.304778303917348309e-04 2.336448598130840947e-03 0.000000000000000000e+00 1.949317738791422894e-03 0.000000000000000000e+00 0.000000000000000000e+00 7.886435331230283669e-04 0.000000000000000000e+00 0.000000000000000000e+00 0.000000000000000000e+00 0.000000000000000000e+00 0.000000000000000000e+00
5.267602660192124975e-02 2.850205848200147891e-03 0.000000000000000000e+00 1.186682782111855849e-02 1.424371120548840186e-01 4.547751389590702631e-03 2.512461269028694599e-01 1.491089829070190408e-02 1.321100917431192734e-01 8.743169398907103818e-03 3.793027844770883311e-02 3.850102669404517272e-03 7.240143369175627841e-02 4.894249257122880968e-03 2.705515088449531730e-02 2.577984016499097839e-03 9.483259144571317550e-03 1.205787781350482410e-03 1.449478983725558945e-01 6.739679865206402339e-03 0.000000000000000000e+00 1.639344262295081966e-03 2.048636698599852479e-01 1.511281396338867537e-02 2.265705458290422081e-02 1.091405184174624836e-02 2.997601918465227829e-03 8.896797153024910577e-04 2.316076294277929007e-02 1.053555750658472304e-03 3.734439834024896182e-02 2.534009069085089300e-02 8.096547509929727729e-03 9.103641456582633670e-03 0.000000000000000000e+00 0.000000000000000000e+00 1.534170153417015355e-02 3.232062055591467258e-04 0.000000000000000000e+00 0.000000000000000000e+00 0.000000000000000000e+00 0.000000000000000000e+00 0.000000000000000000e+00 0.000000000000000000e+00 3.694126339120797900e-04 9.169264624977076759e-05 0.000000000000000000e+00 0.000000000000000000e+00 6.470816617057072433e-04 0.000000000000000000e+00 1.162501037947355357e-03 8.458090163241139821e-05 0.000000000000000000e+00 0.000000000000000000e+00 0.000000000000000000e+00 0.000000000000000000e+00 1.880582980724024343e-03 0.000000000000000000e+00 8.703802892340652825e-03 2.967359050445103749e-04 2.994908655286013938e-04 0.000000000000000000e+00 1.862544235425591342e-04 0.000000000000000000e+00 0.000000000000000000e+00 1.497454327643006969e-04 1.033960246011230918e-02 4.533091568449682668e-04 6.408430646539447530e-03 6.578947368421052483e-04 3.362788414334805936e-02 1.445086705202312067e-03 1.004295098534613434e-01 3.287565267839876251e-03 7.901668129938543145e-03 2.087682672233820251e-03 1.127697549894531859e-01 1.826332392495434113e-03 0.000000000000000000e+00 0.000000000000000000e+00 4.209344745334643134e-04 0.000000000000000000e+00 0.000000000000000000e+00 0.000000000000000000e+00 6.948580504268413258e-04 0.000000000000000000e+00 0.000000000000000000e+00 0.000000000000000000e+00 1.617468661544682476e-03 0.000000000000000000e+00 8.568980291345330369e-04 0.000000000000000000e+00 0.000000000000000000e+00 0.000000000000000000e+00 4.672897196261681894e-03 9.090909090909090468e-03 0.000000000000000000e+00 0.000000000000000000e+00 2.958579881656804664e-03 1.358695652173913006e-03 0.000000000000000000e+00 0.000000000000000000e+00 1.422699968384445041e-03 1.249739637575505123e-03 4.304778303917348309e-04 0.000000000000000000e+00 0.000000000000000000e+00 0.000000000000000000e+00 0.000000000000000000e+00 3.048780487804878155e-03 1.577287066246056734e-03 0.000000000000000000e+00 0.000000000000000000e+00 0.000000000000000000e+00 0.000000000000000000e+00 0.000000000000000000e+00
6.263048016701461621e-03 3.702889792330513186e-02 1.186682782111855849e-02 0.000000000000000000e+00 2.286834367853642688e-03 8.185952501263264736e-02 1.549238852216085205e-02 2.188144017456661317e-01 2.752293577981651529e-03 4.262295081967212851e-02 1.008550756413067323e-02 6.237166324435318432e-02 3.584229390681003581e-03 4.964167103653207430e-02 4.856052722858134052e-03 5.362206754318123159e-02 7.741436036384749574e-04 1.949356913183279694e-02 1.194239550403933953e-02 1.391112047177759103e-01 0.000000000000000000e+00 0.000000000000000000e+00 2.081798084008842920e-02 2.147722435078756875e-01 1.029866117404737349e-03 3.410641200545702634e-02 0.000000000000000000e+00 0.000000000000000000e+00 2.554495912806539499e-03 2.370500438981562943e-02 2.733707590920185504e-02 3.307548679647906442e-02 1.130461350443018667e-02 2.701080432172869167e-02 0.000000000000000000e+00 1.523616048755713649e-03 0.000000000000000000e+00 1.454427925016160347e-02 0.000000000000000000e+00 1.446131597975415690e-02 0.000000000000000000e+00 1.304347826086956486e-01 0.000000000000000000e+00 0.000000000000000000e+00 0.000000000000000000e+00 7.335411699981661407e-04 0.000000000000000000e+00 2.768166089965398160e-04 0.000000000000000000e+00 1.112347052280311449e-03 0.000000000000000000e+00 1.268713524486170946e-03 0.000000000000000000e+00 2.222222222222222329e-04 0.000000000000000000e+00 0.000000000000000000e+00 0.000000000000000000e+00 4.102984921530413234e-03 1.339046598821638963e-04 6.528189910979228898e-03 0.000000000000000000e+00 3.302509907529722617e-04 0.000000000000000000e+00 5.117707267144319455e-04 0.000000000000000000e+00 1.497454327643006969e-03 2.674035118994562963e-04 6.799637352674524002e-03 1.424095699230988382e-04 3.289473684210526133e-03 1.718213058419243953e-03 4.479768786127167474e-02 3.537139969681657361e-03 8.654032102107910018e-02 0.000000000000000000e+00 1.043841336116910212e-02 1.622586402725945121e-03 1.017765233272455577e-01 0.000000000000000000e+00 0.000000000000000000e+00 0.000000000000000000e+00 1.347449470644850912e-03 0.000000000000000000e+00 0.000000000000000000e+00 0.000000000000000000e+00 5.599104143337066105e-04 0.000000000000000000e+00 0.000000000000000000e+00 0.000000000000000000e+00 3.287851389117212139e-04 2.142245072836332592e-04 6.378454996456413457e-03 0.000000000000000000e+00 4.543389368468877588e-04 2.336448598130840947e-03 9.090909090909090468e-03 9.560229445506691816e-04 0.000000000000000000e+00 0.000000000000000000e+00 1.358695652173913006e-03 0.000000000000000000e+00 0.000000000000000000e+00 4.742333227948150316e-04 2.291189335555092726e-03 0.000000000000000000e+00 9.345794392523364873e-04 0.000000000000000000e+00 0.000000000000000000e+00 0.000000000000000000e+00 3.048780487804878155e-03 0.000000000000000000e+00 0.000000000000000000e+00 0.000000000000000000e+00 0.000000000000000000e+00 0.000000000000000000e+00 0.000000000000000000e+00
0.000000000000000000e+00 0.000000000000000000e+00 1.424371120548840186e-01 2.286834367853642688e-03 0.000000000000000000e+00 1.515917129863567471e-03 0.000000000000000000e+00 3.636804461146805846e-04 3.857798165137614754e-01 2.185792349726775954e-03 0.000000000000000000e+00 0.000000000000000000e+00 2.867383512544802865e-04 3.495892326516343161e-04 2.133194588969823113e-01 7.733952049497293518e-04 0.000000000000000000e+00 0.000000000000000000e+00 3.512469265893923358e-04 0.000000000000000000e+00 5.175600739371534476e-02 0.000000000000000000e+00 1.565954310980103084e-02 1.915708812260536300e-03 1.761071060762100793e-01 8.185538881309685835e-03 2.254196642685851182e-01 0.000000000000000000e+00 6.641689373297002784e-03 0.000000000000000000e+00 6.834268977300463760e-03 3.467591357695385366e-03 0.000000000000000000e+00 0.000000000000000000e+00 0.000000000000000000e+00 0.000000000000000000e+00 0.000000000000000000e+00 0.000000000000000000e+00 0.000000000000000000e+00 0.000000000000000000e+00 0.000000000000000000e+00 0.000000000000000000e+00 0.000000000000000000e+00 0.000000000000000000e+00 0.000000000000000000e+00 0.000000000000000000e+00 0.000000000000000000e+00 0.000000000000000000e+00 0.000000000000000000e+00 0.000000000000000000e+00 0.000000000000000000e+00 0.000000000000000000e+00 0.000000000000000000e+00 0.000000000000000000e+00 0.000000000000000000e+00 0.000000000000000000e+00 0.000000000000000000e+00 0.000000000000000000e+00 0.000000000000000000e+00 0.000000000000000000e+00 0.000000000000000000e+00 0.000000000000000000e+00 0.000000000000000000e+00 0.000000000000000000e+00 0.000000000000000000e+00 0.000000000000000000e+00 0.000000000000000000e+00 0.000000000000000000e+00 0.000000000000000000e+00 0.000000000000000000e+00 1.853215513009327450e-02 5.254860746190225798e-04 2.299140980293077480e-02 0.000000000000000000e+00 1.316944688323090466e-02 0.000000000000000000e+00 3.245172805451890458e-04 1.660302174995849193e-04 0.000000000000000000e+00 0.000000000000000000e+00 0.000000000000000000e+00 0.000000000000000000e+00 0.000000000000000000e+00 0.000000000000000000e+00 3.970617431010521939e-04 0.000000000000000000e+00 0.000000000000000000e+00 0.000000000000000000e+00 4.043671653861706191e-04 0.000000000000000000e+00 0.000000000000000000e+00 0.000000000000000000e+00 0.000000000000000000e+00 0.000000000000000000e+00 0.000000000000000000e+00 0.000000000000000000e+00 0.000000000000000000e+00 0.000000000000000000e+00 0.000000000000000000e+00 0.000000000000000000e+00 0.000000000000000000e+00 0.000000000000000000e+00 0.000000000000000000e+00 0.000000000000000000e+00 0.000000000000000000e+00 0.000000000000000000e+00 0.000000000000000000e+00 0.000000000000000000e+00 0.000000000000000000e+00 0.000000000000000000e+00 0.000000000000000000e+00 0.000000000000000000e+00 0.000000000000000000e+00 0.000000000000000000e+00 0.000000000000000000e+00 0.000000000000000000e+00
0.000000000000000000e+00 0.000000000000000000e+00 4.547751389590702631e-03 8.185952501263264736e-02 1.515917129863567471e-03 0.000000000000000000e+00 5.388656877273339824e-04 4.606618984119286754e-03 4.587155963302752548e-04 2.021857923497267784e-01 0.000000000000000000e+00 2.566735112936345065e-04 0.000000000000000000e+00 3.495892326516343161e-04 3.468609087755809882e-04 1.521010569734467521e-01 0.000000000000000000e+00 0.000000000000000000e+00 0.000000000000000000e+00 1.053074978938500365e-04 9.242144177449168087e-04 4.262295081967212851e-02 2.210759027266028052e-03 1.638995317156236725e-02 6.179196704428424093e-03 1.418826739427012373e-01 2.997601918465227829e-03 2.206405693950178049e-01 0.000000000000000000e+00 1.229148375768217760e-03 1.147180864046863473e-02 1.440384102427313961e-02 0.000000000000000000e+00 3.001200480192076623e-04 0.000000000000000000e+00 5.078720162519044772e-04 0.000000000000000000e+00 0.000000000000000000e+00 0.000000000000000000e+00 0.000000000000000000e+00 0.000000000000000000e+00 0.000000000000000000e+00 0.000000000000000000e+00 0.000000000000000000e+00 0.000000000000000000e+00 0.000000000000000000e+00 0.000000000000000000e+00 0.000000000000000000e+00 0.000000000000000000e+00 0.000000000000000000e+00 0.000000000000000000e+00 0.000000000000000000e+00 0.000000000000000000e+00 0.000000000000000000e+00 0.000000000000000000e+00 0.000000000000000000e+00 0.000000000000000000e+00 0.000000000000000000e+00 0.000000000000000000e+00 0.000000000000000000e+00 0.000000000000000000e+00 0.000000000000000000e+00 0.000000000000000000e+00 0.000000000000000000e+00 0.000000000000000000e+00 0.000000000000000000e+00 0.000000000000000000e+00 0.000000000000000000e+00 0.000000000000000000e+00 0.000000000000000000e+00 3.681885125184094186e-04 3.441933788754598239e-02 1.263264274886306316e-04 1.179655772577837929e-02 0.000000000000000000e+00 0.000000000000000000e+00 0.000000000000000000e+00 4.980906524987547580e-04 0.000000000000000000e+00 0.000000000000000000e+00 0.000000000000000000e+00 0.000000000000000000e+00 0.000000000000000000e+00 0.000000000000000000e+00 0.000000000000000000e+00 0.000000000000000000e+00 0.000000000000000000e+00 0.000000000000000000e+00 0.000000000000000000e+00 0.000000000000000000e+00 0.000000000000000000e+00 0.000000000000000000e+00 0.000000000000000000e+00 0.000000000000000000e+00 0.000000000000000000e+00 0.000000000000000000e+00 0.000000000000000000e+00 0.000000000000000000e+00 0.000000000000000000e+00 0.000000000000000000e+00 0.000000000000000000e+00 0.000000000000000000e+00 0.000000000000000000e+00 0.000000000000000000e+00 0.000000000000000000e+00 0.000000000000000000e+00 0.000000000000000000e+00 0.000000000000000000e+00 0.000000000000000000e+00 0.000000000000000000e+00 0.000000000000000000e+00 0.000000000000000000e+00 0.000000000000000000e+00 0.000000000000000000e+00 0.000000000000000000e+00 0.000000000000000000e+00
1.569446315505860223e-01 1.077731375454667965e-03 2.512461269028694599e-01 1.549238852216085205e-02 0.000000000000000000e+00 5.388656877273339824e-04 0.000000000000000000e+00 1.660807370590374615e-02 3.165137614678899258e-02 4.371584699453551909e-03 6.380179785134838799e-02 4.876796714579055732e-03 2.850179211469534013e-01 5.768222338751966514e-03 2.428026361429067026e-03 2.577984016499097839e-04 1.935359009096187393e-04 1.406752411575562739e-03 1.123990165086055475e-02 4.949452401010951894e-03 0.000000000000000000e+00 0.000000000000000000e+00 9.027266028002947987e-03 9.578544061302681281e-03 0.000000000000000000e+00 1.364256480218281045e-03 0.000000000000000000e+00 0.000000000000000000e+00 4.257493188010899599e-03 2.107111501316944607e-03 4.393458628264583846e-03 1.813817017871432319e-02 1.069355331500152764e-03 6.402561024409764330e-03 0.000000000000000000e+00 0.000000000000000000e+00 2.324500232450023383e-03 0.000000000000000000e+00 0.000000000000000000e+00 7.230657989877078669e-04 0.000000000000000000e+00 0.000000000000000000e+00 1.533507130808158176e-04 0.000000000000000000e+00 1.847063169560398950e-04 9.169264624977076759e-05 0.000000000000000000e+00 0.000000000000000000e+00 3.623657305551960649e-03 0.000000000000000000e+00 9.383044092003653067e-03 0.000000000000000000e+00 1.797268152408339290e-03 0.000000000000000000e+00 6.052047609441193760e-04 2.092050209205020795e-04 3.291020216267042872e-03 0.000000000000000000e+00 4.017139796464916889e-03 1.483679525222551874e-04 2.845163222521713241e-03 0.000000000000000000e+00 1.117526541255354751e-03 0.000000000000000000e+00 3.571428571428571317e-03 0.000000000000000000e+00 1.337017559497281427e-03 2.266545784224841334e-04 2.278553118769581411e-03 0.000000000000000000e+00 8.296514482081492059e-02 5.254860746190225798e-04 1.465386558868115273e-02 2.320634306710500985e-03 0.000000000000000000e+00 0.000000000000000000e+00 1.022229433717345391e-02 2.324423044994188871e-03 1.845018450184501791e-03 0.000000000000000000e+00 8.418689490669286268e-04 0.000000000000000000e+00 1.398601398601398600e-03 0.000000000000000000e+00 4.069882866785785001e-03 0.000000000000000000e+00 0.000000000000000000e+00 0.000000000000000000e+00 8.087343307723413033e-03 0.000000000000000000e+00 0.000000000000000000e+00 0.000000000000000000e+00 0.000000000000000000e+00 0.000000000000000000e+00 0.000000000000000000e+00 0.000000000000000000e+00 0.000000000000000000e+00 0.000000000000000000e+00 0.000000000000000000e+00 0.000000000000000000e+00 0.000000000000000000e+00 0.000000000000000000e+00 0.000000000000000000e+00 2.082899395959175205e-04 0.000000000000000000e+00 0.000000000000000000e+00 0.000000000000000000e+00 0.000000000000000000e+00 0.000000000000000000e+00 0.000000000000000000e+00 0.000000000000000000e+00 0.000000000000000000e+00 0.000000000000000000e+00 0.000000000000000000e+00 0.000000000000000000e+00 0.000000000000000000e+00
5.455206691720208660e-03 1.765062431809916454e-01 1.491089829070190408e-02 2.188144017456661317e-01 3.636804461146805846e-04 4.606618984119286754e-03 1.660807370590374615e-02 0.000000000000000000e+00 1.376146788990825764e-03 1.256830601092896182e-01 7.454505590879192956e-03 1.904517453798768023e-01 4.157706093189964154e-03 1.625589931830099533e-01 3.468609087755809882e-04 1.314771848414539833e-02 1.354751306367331203e-03 4.421221864951768547e-03 1.580611169652265668e-02 2.148272957034540881e-02 0.000000000000000000e+00 0.000000000000000000e+00 2.616064848931466333e-02 3.873988931460195517e-02 0.000000000000000000e+00 1.364256480218281045e-03 0.000000000000000000e+00 0.000000000000000000e+00 8.514986376021798330e-04 8.252853380158032756e-03 1.708567244325115767e-02 1.467057882101893869e-02 9.776963030858539308e-03 1.100440176070428128e-02 0.000000000000000000e+00 0.000000000000000000e+00 0.000000000000000000e+00 1.939237233354880463e-03 0.000000000000000000e+00 2.169197396963123709e-03 0.000000000000000000e+00 0.000000000000000000e+00 0.000000000000000000e+00 1.063151180097809847e-04 0.000000000000000000e+00 5.501558774986246327e-04 0.000000000000000000e+00 1.384083044982699080e-04 0.000000000000000000e+00 1.921326726665992463e-03 0.000000000000000000e+00 9.557641884462488024e-03 0.000000000000000000e+00 4.444444444444444657e-04 0.000000000000000000e+00 4.184100418410041590e-04 0.000000000000000000e+00 2.154067083803467165e-03 1.339046598821638963e-04 4.154302670623145032e-03 0.000000000000000000e+00 6.274768824306472918e-03 0.000000000000000000e+00 1.023541453428863891e-03 2.551020408163265536e-04 1.302785265049415976e-02 0.000000000000000000e+00 2.266545784224841334e-03 0.000000000000000000e+00 1.315789473684210497e-03 4.295532646048110317e-03 9.682080924855490656e-02 2.147549267306720494e-03 2.717076000773544636e-02 0.000000000000000000e+00 4.175365344467640502e-03 2.920655524906701304e-03 1.975759588245060497e-02 0.000000000000000000e+00 0.000000000000000000e+00 1.403114915111547531e-04 2.694898941289701824e-03 0.000000000000000000e+00 0.000000000000000000e+00 0.000000000000000000e+00 8.771929824561403022e-03 0.000000000000000000e+00 0.000000000000000000e+00 0.000000000000000000e+00 4.109814236396515039e-03 4.284490145672665185e-04 7.087172218284904564e-04 2.224694104560623006e-04 0.000000000000000000e+00 0.000000000000000000e+00 0.000000000000000000e+00 0.000000000000000000e+00 0.000000000000000000e+00 0.000000000000000000e+00 0.000000000000000000e+00 0.000000000000000000e+00 0.000000000000000000e+00 0.000000000000000000e+00 4.165798791918350411e-04 4.304778303917348309e-04 4.672897196261682437e-04 0.000000000000000000e+00 0.000000000000000000e+00 0.000000000000000000e+00 0.000000000000000000e+00 0.000000000000000000e+00 0.000000000000000000e+00 0.000000000000000000e+00 0.000000000000000000e+00 0.000000000000000000e+00 0.000000000000000000e+00
4.587155963302752548e-04 0.000000000000000000e+00 1.321100917431192734e-01 2.752293577981651529e-03 3.857798165137614754e-01 4.587155963302752548e-04 3.165137614678899258e-02 1.376146788990825764e-03 0.000000000000000000e+00 0.000000000000000000e+00 8.770006577504933527e-04 0.000000000000000000e+00 1.820788530465949906e-02 0.000000000000000000e+00 1.626777662157474769e-01 2.577984016499097839e-04 0.000000000000000000e+00 0.000000000000000000e+00 5.854115443156539473e-04 0.000000000000000000e+00 9.242144177449168087e-04 0.000000000000000000e+00 1.068533529845246827e-02 1.064282673478075770e-03 5.561277033985581597e-02 4.092769440654842918e-03 1.918465227817745672e-02 0.000000000000000000e+00 2.554495912806539499e-03 1.755926251097454020e-04 2.196729314132291923e-03 1.333688983728994505e-03 0.000000000000000000e+00 1.000400160064025677e-04 0.000000000000000000e+00 0.000000000000000000e+00 0.000000000000000000e+00 0.000000000000000000e+00 0.000000000000000000e+00 0.000000000000000000e+00 0.000000000000000000e+00 0.000000000000000000e+00 1.533507130808158176e-04 0.000000000000000000e+00 0.000000000000000000e+00 0.000000000000000000e+00 0.000000000000000000e+00 0.000000000000000000e+00 1.294163323411414595e-04 0.000000000000000000e+00 8.303578842481109496e-05 0.000000000000000000e+00 0.000000000000000000e+00 0.000000000000000000e+00 0.000000000000000000e+00 0.000000000000000000e+00 0.000000000000000000e+00 0.000000000000000000e+00 0.000000000000000000e+00 0.000000000000000000e+00 0.000000000000000000e+00 0.000000000000000000e+00 1.862544235425591342e-04 0.000000000000000000e+00 0.000000000000000000e+00 0.000000000000000000e+00 0.000000000000000000e+00 0.000000000000000000e+00 0.000000000000000000e+00 0.000000000000000000e+00 5.768286696121747992e-03 0.000000000000000000e+00 1.389590702374936780e-02 9.669309611293753202e-05 3.511852502194907823e-03 0.000000000000000000e+00 1.784845042998539589e-03 0.000000000000000000e+00 0.000000000000000000e+00 0.000000000000000000e+00 0.000000000000000000e+00 0.000000000000000000e+00 1.398601398601398600e-03 0.000000000000000000e+00 1.985308715505260970e-04 0.000000000000000000e+00 0.000000000000000000e+00 0.000000000000000000e+00 0.000000000000000000e+00 0.000000000000000000e+00 2.142245072836332592e-04 0.000000000000000000e+00 0.000000000000000000e+00 0.000000000000000000e+00 0.000000000000000000e+00 0.000000000000000000e+00 0.000000000000000000e+00 0.000000000000000000e+00 0.000000000000000000e+00 0.000000000000000000e+00 0.000000000000000000e+00 0.000000000000000000e+00 0.000000000000000000e+00 0.000000000000000000e+00 0.000000000000000000e+00 0.000000000000000000e+00 0.000000000000000000e+00 0.000000000000000000e+00 0.000000000000000000e+00 0.000000000000000000e+00 0.000000000000000000e+00 0.000000000000000000e+00 0.000000000000000000e+00 0.000000000000000000e+00 0.000000000000000000e+00 0.000000000000000000e+00
0.000000000000000000e+00 4.371584699453551909e-03 8.743169398907103818e-03 4.262295081967212851e-02 2.185792349726775954e-03 2.021857923497267784e-01 4.371584699453551909e-03 1.256830601092896182e-01 0.000000000000000000e+00 0.000000000000000000e+00 0.000000000000000000e+00 4.363449691991786068e-03 1.433691756272401432e-04 8.739730816290858934e-03 6.937218175511619764e-04 8.739365815931941783e-02 0.000000000000000000e+00 0.000000000000000000e+00 0.000000000000000000e+00 4.212299915754001462e-04 0.000000000000000000e+00 0.000000000000000000e+00 2.210759027266028052e-03 6.385696040868455055e-04 0.000000000000000000e+00 2.728512960436562090e-03 5.995203836930455225e-04 1.779359430604982115e-03 0.000000000000000000e+00 1.755926251097454020e-04 4.149377593360995854e-03 1.333688983728994505e-03 0.000000000000000000e+00 1.000400160064025677e-04 0.000000000000000000e+00 0.000000000000000000e+00 0.000000000000000000e+00 0.000000000000000000e+00 0.000000000000000000e+00 0.000000000000000000e+00 0.000000000000000000e+00 0.000000000000000000e+00 0.000000000000000000e+00 0.000000000000000000e+00 0.000000000000000000e+00 0.000000000000000000e+00 0.000000000000000000e+00 0.000000000000000000e+00 0.000000000000000000e+00 0.000000000000000000e+00 0.000000000000000000e+00 0.000000000000000000e+00 0.000000000000000000e+00 0.000000000000000000e+00 0.000000000000000000e+00 0.000000000000000000e+00 0.000000000000000000e+00 1.025746230382603309e-04 0.000000000000000000e+00 1.483679525222551874e-04 0.000000000000000000e+00 0.000000000000000000e+00 0.000000000000000000e+00 0.000000000000000000e+00 0.000000000000000000e+00 0.000000000000000000e+00 0.000000000000000000e+00 0.000000000000000000e+00 0.000000000000000000e+00 0.000000000000000000e+00 1.227295041728031395e-04 7.750919600630583675e-03 1.263264274886306316e-04 3.094179075614001025e-03 0.000000000000000000e+00 0.000000000000000000e+00 1.622586402725945229e-04 4.980906524987547580e-04 0.000000000000000000e+00 0.000000000000000000e+00 0.000000000000000000e+00 0.000000000000000000e+00 0.000000000000000000e+00 0.000000000000000000e+00 0.000000000000000000e+00 9.331840238895110174e-05 0.000000000000000000e+00 0.000000000000000000e+00 0.000000000000000000e+00 0.000000000000000000e+00 0.000000000000000000e+00 0.000000000000000000e+00 0.000000000000000000e+00 0.000000000000000000e+00 0.000000000000000000e+00 0.000000000000000000e+00 0.000000000000000000e+00 0.000000000000000000e+00 0.000000000000000000e+00 0.000000000000000000e+00 0.000000000000000000e+00 0.000000000000000000e+00 0.000000000000000000e+00 2.082899395959175205e-04 0.000000000000000000e+00 0.000000000000000000e+00 0.000000000000000000e+00 0.000000000000000000e+00 0.000000000000000000e+00 0.000000000000000000e+00 0.000000000000000000e+00 0.000000000000000000e+00 0.000000000000000000e+00 0.000000000000000000e+00 0.000000000000000000e+00 0.000000000000000000e+00
2.885332163999123067e-01 6.577504933128699603e-04 3.793027844770883311e-02 1.008550756413067323e-02 0.000000000000000000e+00 0.000000000000000000e+00 6.380179785134838799e-02 7.454505590879192956e-03 8.770006577504933527e-04 0.000000000000000000e+00 0.000000000000000000e+00 1.540041067761807039e-03 1.283154121863799291e-01 5.243838489774515013e-04 3.815469996531390979e-03 0.000000000000000000e+00 1.316044126185407330e-02 2.009646302250803836e-04 1.334738321039690909e-02 1.790227464195450662e-03 0.000000000000000000e+00 0.000000000000000000e+00 2.210759027266028052e-03 1.277139208173691011e-03 0.000000000000000000e+00 0.000000000000000000e+00 0.000000000000000000e+00 0.000000000000000000e+00 7.169618528610353925e-02 3.511852502194908040e-04 9.763241396143519657e-04 2.667377967457988577e-04 2.291475710357470177e-03 1.700680272108843474e-03 6.752194463200540632e-04 0.000000000000000000e+00 4.649000464900046332e-04 0.000000000000000000e+00 0.000000000000000000e+00 0.000000000000000000e+00 0.000000000000000000e+00 0.000000000000000000e+00 1.533507130808158176e-04 0.000000000000000000e+00 0.000000000000000000e+00 0.000000000000000000e+00 1.446968600781363000e-04 0.000000000000000000e+00 7.764979940468487571e-04 0.000000000000000000e+00 5.480362036037532240e-03 0.000000000000000000e+00 1.078360891445003531e-03 0.000000000000000000e+00 0.000000000000000000e+00 0.000000000000000000e+00 8.345086976962857658e-03 0.000000000000000000e+00 2.811997857525441822e-03 0.000000000000000000e+00 1.362683438155136255e-02 0.000000000000000000e+00 9.685230024213075523e-03 0.000000000000000000e+00 9.183673469387755930e-03 0.000000000000000000e+00 8.022105356983688347e-04 0.000000000000000000e+00 4.272287097692964875e-04 0.000000000000000000e+00 6.099656357388315991e-02 0.000000000000000000e+00 1.010611419909045010e-02 5.801585766776252463e-04 0.000000000000000000e+00 0.000000000000000000e+00 3.082914165179295989e-03 4.980906524987547580e-04 0.000000000000000000e+00 0.000000000000000000e+00 2.385295355689630910e-03 0.000000000000000000e+00 0.000000000000000000e+00 0.000000000000000000e+00 7.246376811594202987e-03 0.000000000000000000e+00 0.000000000000000000e+00 0.000000000000000000e+00 8.896077638495753295e-03 0.000000000000000000e+00 0.000000000000000000e+00 0.000000000000000000e+00 0.000000000000000000e+00 0.000000000000000000e+00 0.000000000000000000e+00 0.000000000000000000e+00 0.000000000000000000e+00 0.000000000000000000e+00 0.000000000000000000e+00 0.000000000000000000e+00 0.000000000000000000e+00 0.000000000000000000e+00 0.000000000000000000e+00 0.000000000000000000e+00 0.000000000000000000e+00 0.000000000000000000e+00 0.000000000000000000e+00 0.000000000000000000e+00 0.000000000000000000e+00 0.000000000000000000e+00 0.000000000000000000e+00 0.000000000000000000e+00 0.000000000000000000e+00 0.000000000000000000e+00 0.000000000000000000e+00 0.000000000000000000e+00
1.283367556468172424e-03 8.393223819301848243e-02 3.850102669404517272e-03 6.237166324435318432e-02 0.000000000000000000e+00 2.566735112936345065e-04 4.876796714579055732e-03 1.904517453798768023e-01 0.000000000000000000e+00 4.363449691991786068e-03 1.540041067761807039e-03 0.000000000000000000e+00 2.867383512544802865e-04 1.948959972032861254e-01 0.000000000000000000e+00 1.701469450889404531e-02 1.935359009096187393e-04 2.351286173633440613e-02 1.756234632946961733e-03 1.337405223251895460e-02 0.000000000000000000e+00 0.000000000000000000e+00 1.658069270449520930e-03 1.085568326947637316e-02 0.000000000000000000e+00 0.000000000000000000e+00 0.000000000000000000e+00 0.000000000000000000e+00 0.000000000000000000e+00 5.144863915715539721e-02 1.464486209421527949e-03 0.000000000000000000e+00 1.069355331500152764e-03 6.002400960384153897e-03 0.000000000000000000e+00 0.000000000000000000e+00 0.000000000000000000e+00 1.292824822236586903e-03 0.000000000000000000e+00 0.000000000000000000e+00 0.000000000000000000e+00 0.000000000000000000e+00 0.000000000000000000e+00 0.000000000000000000e+00 0.000000000000000000e+00 0.000000000000000000e+00 0.000000000000000000e+00 0.000000000000000000e+00 0.000000000000000000e+00 1.011224592982101268e-04 0.000000000000000000e+00 1.353294426118582371e-03 0.000000000000000000e+00 0.000000000000000000e+00 0.000000000000000000e+00 0.000000000000000000e+00 0.000000000000000000e+00 2.872089445071289264e-03 0.000000000000000000e+00 7.418397626112759914e-04 0.000000000000000000e+00 5.944517833553500386e-03 0.000000000000000000e+00 6.908904810644831210e-03 0.000000000000000000e+00 5.091344713986223694e-03 0.000000000000000000e+00 7.932910244786944669e-04 0.000000000000000000e+00 8.771929824561403672e-04 1.350024545900834535e-03 2.732527588018917458e-02 1.263264274886306316e-04 1.353703345581125546e-02 0.000000000000000000e+00 0.000000000000000000e+00 0.000000000000000000e+00 9.961813049975095161e-03 0.000000000000000000e+00 1.338688085676037432e-03 0.000000000000000000e+00 3.849855630413859687e-03 0.000000000000000000e+00 0.000000000000000000e+00 0.000000000000000000e+00 4.945875326614408013e-03 0.000000000000000000e+00 0.000000000000000000e+00 0.000000000000000000e+00 1.972710833470326958e-03 0.000000000000000000e+00 7.087172218284904564e-04 0.000000000000000000e+00 0.000000000000000000e+00 0.000000000000000000e+00 0.000000000000000000e+00 0.000000000000000000e+00 0.000000000000000000e+00 0.000000000000000000e+00 0.000000000000000000e+00 0.000000000000000000e+00 0.000000000000000000e+00 0.000000000000000000e+00 2.082899395959175205e-04 0.000000000000000000e+00 0.000000000000000000e+00 0.000000000000000000e+00 0.000000000000000000e+00 0.000000000000000000e+00 0.000000000000000000e+00 0.000000000000000000e+00 0.000000000000000000e+00 0.000000000000000000e+00 0.000000000000000000e+00 0.000000000000000000e+00 0.000000000000000000e+00
2.580645161290322578e-02 0.000000000000000000e+00 7.240143369175627841e-02 3.584229390681003581e-03 2.867383512544802865e-04 0.000000000000000000e+00 2.850179211469534013e-01 4.157706093189964154e-03 1.820788530465949906e-02 1.433691756272401432e-04 1.283154121863799291e-01 2.867383512544802865e-04 0.000000000000000000e+00 1.573151546932354504e-03 2.251127297953520734e-01 1.031193606599639136e-03 4.451325720921230598e-03 0.000000000000000000e+00 9.717831635639854679e-03 2.106149957877000731e-04 0.000000000000000000e+00 0.000000000000000000e+00 2.450257921886514478e-02 3.831417624521072599e-03 0.000000000000000000e+00 2.728512960436562090e-03 0.000000000000000000e+00 0.000000000000000000e+00 1.086512261580381417e-01 7.023705004389816080e-04 9.519160361239930798e-03 5.601493731661776228e-03 1.680415520928811579e-03 6.002400960384153246e-04 0.000000000000000000e+00 0.000000000000000000e+00 2.789400278940027799e-03 0.000000000000000000e+00 9.407337723424271216e-04 0.000000000000000000e+00 0.000000000000000000e+00 0.000000000000000000e+00 0.000000000000000000e+00 0.000000000000000000e+00 1.847063169560398950e-04 0.000000000000000000e+00 1.446968600781363000e-04 0.000000000000000000e+00 6.470816617057072433e-04 0.000000000000000000e+00 6.808934650834509543e-03 0.000000000000000000e+00 1.797268152408339290e-03 0.000000000000000000e+00 1.210409521888238752e-03 0.000000000000000000e+00 4.818993888105312963e-03 0.000000000000000000e+00 2.142474558114622341e-03 0.000000000000000000e+00 8.984725965858041813e-03 0.000000000000000000e+00 7.822685788787484343e-03 0.000000000000000000e+00 8.418367346938775836e-03 0.000000000000000000e+00 8.022105356983688347e-04 1.133272892112420667e-04 1.566505269154087193e-03 0.000000000000000000e+00 8.124693176239568271e-02 0.000000000000000000e+00 2.564426478019201511e-02 4.834654805646876872e-04 8.779631255487269558e-04 0.000000000000000000e+00 3.212721077397371477e-02 3.320604349991698387e-04 0.000000000000000000e+00 0.000000000000000000e+00 6.875263084046583442e-03 0.000000000000000000e+00 1.398601398601398600e-03 0.000000000000000000e+00 9.330950962874727181e-03 0.000000000000000000e+00 2.242152466367712971e-03 0.000000000000000000e+00 8.087343307723413033e-03 0.000000000000000000e+00 0.000000000000000000e+00 0.000000000000000000e+00 0.000000000000000000e+00 0.000000000000000000e+00 0.000000000000000000e+00 0.000000000000000000e+00 0.000000000000000000e+00 0.000000000000000000e+00 0.000000000000000000e+00 0.000000000000000000e+00 0.000000000000000000e+00 0.000000000000000000e+00 1.580777742649383619e-04 4.165798791918350411e-04 0.000000000000000000e+00 0.000000000000000000e+00 0.000000000000000000e+00 0.000000000000000000e+00 0.000000000000000000e+00 0.000000000000000000e+00 0.000000000000000000e+00 0.000000000000000000e+00 0.000000000000000000e+00 0.000000000000000000e+00 0.000000000000000000e+00 0.000000000000000000e+00
