2.799806509846198277e-01 4.855474432039020849e-01 3.809786473319156652e-01 4.993047157146427995e-01 4.081401144947097159e-01 0.000000000000000000e+00 3.474117537377820475e-01 4.638548808822631764e-01 3.638020244068888021e-01 0.000000000000000000e+00 3.320531278753032778e-01 4.471594075848118188e-01 2.964125034209165177e-01 4.276060684240362564e-01 3.925165651907472353e-01 0.000000000000000000e+00 3.082941494557299711e-01 4.800943620238232179e-01 3.787056166084010189e-01 5.058556350469063378e-01 0.000000000000000000e+00 0.000000000000000000e+00 3.878772403714035311e-01 4.671980011771222907e-01 4.286380654545455249e-01 0.000000000000000000e+00 0.000000000000000000e+00 0.000000000000000000e+00 4.049938975817550801e-01 4.854287910603607425e-01 4.094183993800165622e-01 4.134002444444444535e-01 4.313831586633824489e-01 5.002305596131157994e-01 0.000000000000000000e+00 0.000000000000000000e+00 4.767718840235126709e-01 5.190407166966407582e-01 5.354848424136837703e-01 0.000000000000000000e+00 4.341839599999999244e-01 0.000000000000000000e+00 0.000000000000000000e+00 4.718629777424483418e-01 4.063420920217166721e-01 4.454227343801927530e-01 0.000000000000000000e+00 0.000000000000000000e+00 4.004086653252981187e-01 4.557774237654530491e-01 3.795979624318537859e-01 4.510880312178627283e-01 3.897028803272699071e-01 0.000000000000000000e+00 3.887109698173116246e-01 0.000000000000000000e+00 3.413472047509842899e-01 4.766766815154510062e-01 3.992573470453730233e-01 4.821777977608898147e-01 3.943969304190449998e-01 4.552128545629443579e-01 4.092371924278374040e-01 4.601195410327901247e-01 3.990485606715160616e-01 4.917919597168596280e-01 4.078600414026413712e-01 4.809538412010082586e-01 3.759300904558688372e-01 4.991680814921441445e-01 3.756693965548806857e-01 4.981070456177887351e-01 3.955088851246902903e-01 4.785265737636446026e-01 3.646213437015463077e-01 0.000000000000000000e+00 4.124915544716109550e-01 4.751987317112136289e-01 4.055808799836433942e-01 0.000000000000000000e+00 3.880643087507137379e-01 4.558217633587785533e-01 0.000000000000000000e+00 0.000000000000000000e+00 4.067951654545108320e-01 4.400538366013072022e-01 0.000000000000000000e+00 0.000000000000000000e+00 4.075668441044315027e-01 4.284080266666667192e-01 4.878685102813852814e-01 4.682923399572649914e-01 4.432466099290780503e-01 4.531264857142857094e-01 4.788169514258163728e-01 4.986466733405122143e-01 4.868835855855855321e-01 4.592153166666666508e-01 0.000000000000000000e+00 0.000000000000000000e+00 4.325168860263628456e-01 0.000000000000000000e+00 5.039776419472752345e-01 4.491663648578737567e-01 4.823200484705353341e-01 0.000000000000000000e+00 0.000000000000000000e+00 0.000000000000000000e+00 0.000000000000000000e+00 0.000000000000000000e+00 0.000000000000000000e+00 0.000000000000000000e+00 0.000000000000000000e+00 0.000000000000000000e+00 0.000000000000000000e+00 0.000000000000000000e+00
4.855474432039020849e-01 2.900575477132311120e-01 5.041684110089118542e-01 3.281879225330862626e-01 0.000000000000000000e+00 4.111455909090909189e-01 4.681303654081715448e-01 3.257534730613128038e-01 0.000000000000000000e+00 3.347828229431467628e-01 4.703733838503194598e-01 3.713133366181207151e-01 4.630073669064748154e-01 3.586350467425373778e-01 0.000000000000000000e+00 3.652896241878749173e-01 4.778564557008807556e-01 3.203454863274011188e-01 5.131676928495813028e-01 3.455868209505258970e-01 0.000000000000000000e+00 0.000000000000000000e+00 4.601749090868435532e-01 3.699453315464037439e-01 4.138285260115607267e-01 2.827743979591836876e-01 0.000000000000000000e+00 0.000000000000000000e+00 4.825233287905188462e-01 3.788393944735986008e-01 4.515519050891629305e-01 4.721335120967741217e-01 4.860032582324299022e-01 4.544742810910692987e-01 4.971635486725664022e-01 0.000000000000000000e+00 5.286912051903643883e-01 5.057011432883538049e-01 0.000000000000000000e+00 5.091859062500000421e-01 0.000000000000000000e+00 0.000000000000000000e+00 4.237228749999999433e-01 4.002470678614718502e-01 0.000000000000000000e+00 4.042121417633485758e-01 0.000000000000000000e+00 4.158176057984668827e-01 0.000000000000000000e+00 3.928515101383193153e-01 4.573313626523896058e-01 3.893625988820353934e-01 0.000000000000000000e+00 3.839246205609385121e-01 0.000000000000000000e+00 3.938756269681097932e-01 4.774563176210495641e-01 3.189915814746830947e-01 4.855660116679989535e-01 4.029127201474151931e-01 4.782747395977378080e-01 3.817075022512072535e-01 0.000000000000000000e+00 3.906372543337309766e-01 4.722491231125474642e-01 3.869370310280486058e-01 4.822266555733242810e-01 4.045653336437550207e-01 5.049552209049477103e-01 2.898699902179473487e-01 4.947033049746804578e-01 3.612732438018633752e-01 4.650061573015791816e-01 4.047814678724696580e-01 0.000000000000000000e+00 4.537669999999999759e-01 4.765506504538389865e-01 4.041170673978393690e-01 5.159864634146341666e-01 4.030073650793650764e-01 0.000000000000000000e+00 4.194656197490402305e-01 0.000000000000000000e+00 0.000000000000000000e+00 4.494987343926601930e-01 4.014633131397939980e-01 0.000000000000000000e+00 4.023256319999999886e-01 4.608079517986541918e-01 4.109034239911338870e-01 0.000000000000000000e+00 4.759074065762478045e-01 0.000000000000000000e+00 4.355703565528785681e-01 4.959311499199473561e-01 4.641254164830225792e-01 0.000000000000000000e+00 0.000000000000000000e+00 0.000000000000000000e+00 4.600620855558088529e-01 0.000000000000000000e+00 5.053361148293962213e-01 0.000000000000000000e+00 4.963869603866389313e-01 0.000000000000000000e+00 0.000000000000000000e+00 5.204973499999999698e-01 5.605735978178005841e-01 4.116472913194444416e-01 0.000000000000000000e+00 0.000000000000000000e+00 0.000000000000000000e+00 0.000000000000000000e+00 0.000000000000000000e+00 0.000000000000000000e+00 0.000000000000000000e+00
3.809786473319156652e-01 5.041684110089118542e-01 2.677155669779940350e-01 4.524557335008314585e-01 2.064225056922623092e-01 4.200922359887918067e-01 2.995513473377641733e-01 4.529205283121592873e-01 2.663488711438802836e-01 4.097929485638379110e-01 3.985668335732686085e-01 4.674058779490537496e-01 3.444409495988219883e-01 4.350249028599143530e-01 2.962755404803650849e-01 4.240043854634836240e-01 4.128678874775917329e-01 4.976389403610583795e-01 3.325597322285062662e-01 5.043786636158018588e-01 0.000000000000000000e+00 0.000000000000000000e+00 2.790183810199183267e-01 4.350979841524640346e-01 2.283235399981485836e-01 4.240852517704800095e-01 3.395008239427497188e-01 0.000000000000000000e+00 3.581361360068389676e-01 4.592732876506436246e-01 3.659225560354762985e-01 4.176449096745346035e-01 4.301158976689262725e-01 4.870149472845018979e-01 4.771331595879932941e-01 4.492437628865979526e-01 4.513394637420605759e-01 5.149667015037594497e-01 4.705306728135593142e-01 0.000000000000000000e+00 0.000000000000000000e+00 0.000000000000000000e+00 4.380262289562290023e-01 0.000000000000000000e+00 4.239397723671893270e-01 4.731864968133027149e-01 4.315725594939578413e-01 0.000000000000000000e+00 4.205691633115979933e-01 4.686995729786097575e-01 3.965317487695395049e-01 4.757923409090908939e-01 3.880314374600406513e-01 0.000000000000000000e+00 4.040703532762286998e-01 0.000000000000000000e+00 4.078691364610538272e-01 4.884285162597533647e-01 4.142637737880738302e-01 4.543997479346513768e-01 4.193008777078079952e-01 4.721781925835746296e-01 3.817543011519609619e-01 0.000000000000000000e+00 4.003142855721212312e-01 5.028607923076923170e-01 4.423525906584308554e-01 4.649523476368904729e-01 4.182468898629744802e-01 5.024785636092468089e-01 3.636877129789322094e-01 4.748685948882396257e-01 3.643210754802362894e-01 4.560813287999733734e-01 3.586645485274975176e-01 0.000000000000000000e+00 4.224610938529323456e-01 4.675162821559973869e-01 4.032049767441859833e-01 0.000000000000000000e+00 3.862385526687507342e-01 4.845373395061727817e-01 0.000000000000000000e+00 0.000000000000000000e+00 3.891327977544698502e-01 0.000000000000000000e+00 3.604056282051282811e-01 0.000000000000000000e+00 4.018491341681778017e-01 4.240057182011195414e-01 0.000000000000000000e+00 4.539886690647482181e-01 0.000000000000000000e+00 4.555494736842105041e-01 4.852626013461254217e-01 4.873317513354406549e-01 0.000000000000000000e+00 4.623240000000000682e-01 0.000000000000000000e+00 0.000000000000000000e+00 4.651333802816901564e-01 4.423079041095890340e-01 0.000000000000000000e+00 4.548240215827337729e-01 4.645004218005134300e-01 0.000000000000000000e+00 0.000000000000000000e+00 0.000000000000000000e+00 0.000000000000000000e+00 4.740177629442401952e-01 0.000000000000000000e+00 4.305908615384615445e-01 0.000000000000000000e+00 0.000000000000000000e+00 0.000000000000000000e+00 0.000000000000000000e+00
4.993047157146427995e-01 3.281879225330862626e-01 4.524557335008314585e-01 2.600856007428208327e-01 4.208926266214845224e-01 1.996634474112178037e-01 4.479356960970035106e-01 3.211167114136615486e-01 4.041450612972828926e-01 3.272852976639658018e-01 4.661996765389185837e-01 3.735738606392644545e-01 4.348792446433316083e-01 3.380377098656974222e-01 4.126099846668772608e-01 3.055947437427192215e-01 4.797420933106426588e-01 4.093393556354363860e-01 5.299509158823013655e-01 3.065934170444350459e-01 0.000000000000000000e+00 0.000000000000000000e+00 4.561611673813396606e-01 2.684700914781077974e-01 4.242121292894258655e-01 3.185497503150073739e-01 4.639116363636362483e-01 2.736314666666666562e-01 4.773271343094533381e-01 3.638745132724568454e-01 4.280447102935722725e-01 3.451567221468950231e-01 4.965369075332830562e-01 4.164842550596407622e-01 4.966247300000000697e-01 4.584111812996032320e-01 5.054303796198331700e-01 4.709030678619080534e-01 0.000000000000000000e+00 0.000000000000000000e+00 0.000000000000000000e+00 0.000000000000000000e+00 0.000000000000000000e+00 4.254735341509290336e-01 4.744784797297297296e-01 4.231398462740958988e-01 0.000000000000000000e+00 4.612936435677723601e-01 0.000000000000000000e+00 4.112915615318104567e-01 5.020480134228187952e-01 4.032142583434656369e-01 0.000000000000000000e+00 4.054185677595946724e-01 4.610358362573098723e-01 4.006551590990665157e-01 4.917935594372481733e-01 4.035554955420654899e-01 4.662960211748633510e-01 4.251712487223773262e-01 4.785067786388139677e-01 4.001131408810504331e-01 4.791623577235772369e-01 3.985446371338550731e-01 0.000000000000000000e+00 4.023753759268299257e-01 4.995538509952548445e-01 4.383701743253092253e-01 5.209960535689329708e-01 4.035428133708024445e-01 4.487043101974375614e-01 3.781411636188679037e-01 4.439587777341768571e-01 3.883971064747059887e-01 4.580827468998409646e-01 3.625016096056721260e-01 4.637894899858175379e-01 4.187825443321649965e-01 0.000000000000000000e+00 3.816089301136363909e-01 5.137853220338982618e-01 3.853144111346816225e-01 0.000000000000000000e+00 0.000000000000000000e+00 4.260798814400602597e-01 3.943029937530990181e-01 0.000000000000000000e+00 0.000000000000000000e+00 4.645643550724636861e-01 3.864486882215720787e-01 0.000000000000000000e+00 4.600028337355792640e-01 0.000000000000000000e+00 4.619627703703704236e-01 4.650081533460149186e-01 4.625799562495257478e-01 0.000000000000000000e+00 0.000000000000000000e+00 0.000000000000000000e+00 0.000000000000000000e+00 0.000000000000000000e+00 4.353216496350365006e-01 4.261967357142857904e-01 4.461782270826957220e-01 0.000000000000000000e+00 4.685689285714285668e-01 0.000000000000000000e+00 0.000000000000000000e+00 0.000000000000000000e+00 0.000000000000000000e+00 0.000000000000000000e+00 0.000000000000000000e+00 0.000000000000000000e+00 0.000000000000000000e+00 0.000000000000000000e+00 0.000000000000000000e+00
4.081401144947097159e-01 0.000000000000000000e+00 2.064225056922623092e-01 4.208926266214845224e-01 1.672187545819802945e-01 4.149954439134165285e-01 3.147871717895746047e-01 4.455040000000000666e-01 2.374167032559368062e-01 4.072137827501682295e-01 3.104318668763102473e-01 0.000000000000000000e+00 2.830401813666766353e-01 4.473755921052631757e-01 2.629348798717357494e-01 4.202771467612909650e-01 0.000000000000000000e+00 0.000000000000000000e+00 0.000000000000000000e+00 0.000000000000000000e+00 3.157288090984840534e-01 4.104786262111064232e-01 2.977545423527737656e-01 4.234894631051790981e-01 1.702490460560730223e-01 4.141637744558820944e-01 1.761716843178410263e-01 4.109176936360353638e-01 3.071323588044044262e-01 0.000000000000000000e+00 3.454706802951207356e-01 4.141364967712820588e-01 4.370274553571428244e-01 0.000000000000000000e+00 0.000000000000000000e+00 0.000000000000000000e+00 4.021223306818182408e-01 0.000000000000000000e+00 0.000000000000000000e+00 0.000000000000000000e+00 0.000000000000000000e+00 0.000000000000000000e+00 4.481375543728642330e-01 0.000000000000000000e+00 0.000000000000000000e+00 0.000000000000000000e+00 4.393542474930458019e-01 4.209540272108843739e-01 0.000000000000000000e+00 4.283298020833333219e-01 4.269802387865469506e-01 0.000000000000000000e+00 0.000000000000000000e+00 0.000000000000000000e+00 4.169770804496391037e-01 0.000000000000000000e+00 4.329282857142856544e-01 0.000000000000000000e+00 4.061329576324976820e-01 0.000000000000000000e+00 0.000000000000000000e+00 0.000000000000000000e+00 4.234677076923077377e-01 0.000000000000000000e+00 3.926881154554827114e-01 0.000000000000000000e+00 4.213159812500000267e-01 0.000000000000000000e+00 0.000000000000000000e+00 0.000000000000000000e+00 3.120879947821562639e-01 4.473012295918367132e-01 3.267949433044436969e-01 4.100304426652248146e-01 3.155303215061348032e-01 0.000000000000000000e+00 3.690862980484268530e-01 0.000000000000000000e+00 0.000000000000000000e+00 0.000000000000000000e+00 4.162436461038961366e-01 0.000000000000000000e+00 4.009442707965313324e-01 0.000000000000000000e+00 3.917563727005459739e-01 0.000000000000000000e+00 3.789245913104455354e-01 0.000000000000000000e+00 3.919747452865520176e-01 0.000000000000000000e+00 0.000000000000000000e+00 0.000000000000000000e+00 0.000000000000000000e+00 0.000000000000000000e+00 3.992119644312984161e-01 0.000000000000000000e+00 0.000000000000000000e+00 0.000000000000000000e+00 0.000000000000000000e+00 0.000000000000000000e+00 0.000000000000000000e+00 0.000000000000000000e+00 0.000000000000000000e+00 0.000000000000000000e+00 0.000000000000000000e+00 0.000000000000000000e+00 0.000000000000000000e+00 0.000000000000000000e+00 0.000000000000000000e+00 0.000000000000000000e+00 0.000000000000000000e+00 0.000000000000000000e+00 0.000000000000000000e+00 0.000000000000000000e+00 0.000000000000000000e+00 0.000000000000000000e+00
0.000000000000000000e+00 4.111455909090909189e-01 4.200922359887918067e-01 1.996634474112178037e-01 4.149954439134165285e-01 1.772205943004022954e-01 4.106649937539632589e-01 2.647373057601051238e-01 4.168493102512077497e-01 1.824165884813651883e-01 0.000000000000000000e+00 3.123749305745553428e-01 4.016105629842159352e-01 3.259256011641910589e-01 4.032755029755982212e-01 2.527585723460629707e-01 0.000000000000000000e+00 4.288229216759863460e-01 0.000000000000000000e+00 3.515708290719696816e-01 3.514223926829268541e-01 2.784515466666666605e-01 4.100927463871159029e-01 2.733523745870915511e-01 4.132903255371896400e-01 1.683727426280593187e-01 4.161892081884016048e-01 2.029397390579598948e-01 0.000000000000000000e+00 3.026336690493940940e-01 3.688894344394336167e-01 3.150877077702233242e-01 0.000000000000000000e+00 3.937291095692295739e-01 0.000000000000000000e+00 0.000000000000000000e+00 0.000000000000000000e+00 4.122400674277725829e-01 0.000000000000000000e+00 0.000000000000000000e+00 0.000000000000000000e+00 0.000000000000000000e+00 0.000000000000000000e+00 4.572736858818160499e-01 0.000000000000000000e+00 4.575429264705882515e-01 0.000000000000000000e+00 4.635458968642959809e-01 0.000000000000000000e+00 4.393263976631518464e-01 0.000000000000000000e+00 4.399772528606536448e-01 0.000000000000000000e+00 4.174331540629527826e-01 0.000000000000000000e+00 4.412526707201893106e-01 0.000000000000000000e+00 3.289076814159291873e-01 0.000000000000000000e+00 0.000000000000000000e+00 0.000000000000000000e+00 4.175472333494820720e-01 0.000000000000000000e+00 0.000000000000000000e+00 0.000000000000000000e+00 4.325507873296270400e-01 4.878209545936265101e-01 4.610647002963595420e-01 0.000000000000000000e+00 3.887067478260869402e-01 3.498128424064219089e-01 2.944535800012558213e-01 0.000000000000000000e+00 3.138866886587761695e-01 0.000000000000000000e+00 3.194997106614316240e-01 0.000000000000000000e+00 3.878300095446829965e-01 0.000000000000000000e+00 0.000000000000000000e+00 0.000000000000000000e+00 4.159083535383967245e-01 0.000000000000000000e+00 3.908639999999999892e-01 0.000000000000000000e+00 4.001320723939452706e-01 0.000000000000000000e+00 3.861823144841269873e-01 0.000000000000000000e+00 3.779845069933758239e-01 0.000000000000000000e+00 0.000000000000000000e+00 0.000000000000000000e+00 0.000000000000000000e+00 0.000000000000000000e+00 0.000000000000000000e+00 0.000000000000000000e+00 0.000000000000000000e+00 0.000000000000000000e+00 0.000000000000000000e+00 0.000000000000000000e+00 0.000000000000000000e+00 0.000000000000000000e+00 0.000000000000000000e+00 0.000000000000000000e+00 0.000000000000000000e+00 0.000000000000000000e+00 0.000000000000000000e+00 0.000000000000000000e+00 0.000000000000000000e+00 0.000000000000000000e+00 0.000000000000000000e+00 0.000000000000000000e+00 0.000000000000000000e+00 0.000000000000000000e+00 0.000000000000000000e+00
3.474117537377820475e-01 4.681303654081715448e-01 2.995513473377641733e-01 4.479356960970035106e-01 3.147871717895746047e-01 4.106649937539632589e-01 2.696673217108621068e-01 4.413373690191475518e-01 2.874547006134152149e-01 4.224115048394253558e-01 3.517622124987789811e-01 4.482352660134640288e-01 2.922218843840557190e-01 4.269898858266130692e-01 2.933327871694492162e-01 4.124609650848105047e-01 3.743301281120954282e-01 4.769872270593465968e-01 3.930353643403522446e-01 4.790137225990685477e-01 0.000000000000000000e+00 0.000000000000000000e+00 3.515325929695218843e-01 4.351828764345617162e-01 3.116710249402821487e-01 4.278231492537313274e-01 3.603826444444444554e-01 0.000000000000000000e+00 3.392512061004637203e-01 4.389753922142916043e-01 3.561687227825091062e-01 4.347833303928675397e-01 4.052768812609402471e-01 4.665527913288788353e-01 4.770379460781064562e-01 0.000000000000000000e+00 4.487443257843342082e-01 4.887338770515431974e-01 4.459916712343188760e-01 0.000000000000000000e+00 0.000000000000000000e+00 0.000000000000000000e+00 4.246333574415325773e-01 0.000000000000000000e+00 4.156960709710085800e-01 4.392508562499999880e-01 4.647040907544001676e-01 0.000000000000000000e+00 4.074112522575990547e-01 4.319141770800573599e-01 3.782904889359426925e-01 0.000000000000000000e+00 3.922404131782945558e-01 4.683089280254777442e-01 3.870364741365114325e-01 4.978993354838709418e-01 3.791462813952542477e-01 0.000000000000000000e+00 4.002201059944305861e-01 4.595325734221178959e-01 3.997287327143621005e-01 0.000000000000000000e+00 3.833739863858257046e-01 4.619855690607735377e-01 3.931440462034353489e-01 3.761905266666666914e-01 4.323287154691855538e-01 4.631026628047618665e-01 4.064855225839061892e-01 4.505382413793104224e-01 3.187410327926334386e-01 4.506697169781732626e-01 3.525620874296968021e-01 4.488296993473842034e-01 3.396688205828354845e-01 4.322571493606137683e-01 3.891471053213310660e-01 4.489728885928504498e-01 0.000000000000000000e+00 0.000000000000000000e+00 3.638932933999734498e-01 0.000000000000000000e+00 3.882259056678568077e-01 0.000000000000000000e+00 3.908434768599362563e-01 0.000000000000000000e+00 0.000000000000000000e+00 0.000000000000000000e+00 3.882516596712439760e-01 4.240310130174502756e-01 0.000000000000000000e+00 0.000000000000000000e+00 0.000000000000000000e+00 4.530750427807486158e-01 4.624011767729350186e-01 4.479414540178571214e-01 0.000000000000000000e+00 0.000000000000000000e+00 0.000000000000000000e+00 0.000000000000000000e+00 0.000000000000000000e+00 0.000000000000000000e+00 4.622681325966851440e-01 0.000000000000000000e+00 0.000000000000000000e+00 0.000000000000000000e+00 0.000000000000000000e+00 0.000000000000000000e+00 0.000000000000000000e+00 0.000000000000000000e+00 0.000000000000000000e+00 0.000000000000000000e+00 0.000000000000000000e+00 0.000000000000000000e+00 0.000000000000000000e+00 0.000000000000000000e+00
4.638548808822631764e-01 3.257534730613128038e-01 4.529205283121592873e-01 3.211167114136615486e-01 4.455040000000000666e-01 2.647373057601051238e-01 4.413373690191475518e-01 2.625955739989718207e-01 3.893945191379884485e-01 2.609773240801691041e-01 4.544895589428709637e-01 3.243599268132892344e-01 4.249802471949239435e-01 2.539430666156324845e-01 3.975243745939304185e-01 2.638900991432347465e-01 4.722602777082479664e-01 3.844674983770536847e-01 4.937110509395054025e-01 3.977610171677382067e-01 0.000000000000000000e+00 0.000000000000000000e+00 4.496780056493680511e-01 3.485008771003913486e-01 4.251112289156626090e-01 2.836545551013562316e-01 0.000000000000000000e+00 2.375917414848484621e-01 4.319299471592853434e-01 3.480343213745168973e-01 4.348160924483968071e-01 3.290767269539913720e-01 4.764886337152505202e-01 3.775377977401118690e-01 0.000000000000000000e+00 4.673612654867256300e-01 4.958406900205057366e-01 4.525250167042008664e-01 0.000000000000000000e+00 0.000000000000000000e+00 0.000000000000000000e+00 0.000000000000000000e+00 0.000000000000000000e+00 4.002542082861021977e-01 0.000000000000000000e+00 3.883274719337376224e-01 0.000000000000000000e+00 4.106608241029334194e-01 0.000000000000000000e+00 3.845463351513462302e-01 0.000000000000000000e+00 3.684892783996982502e-01 0.000000000000000000e+00 3.914444089184288544e-01 4.376886918604651067e-01 3.885007290383947764e-01 4.597722302311850751e-01 3.867228577540470225e-01 4.735574754916999640e-01 4.289452412828070882e-01 4.497932093890992244e-01 3.723628395778056377e-01 0.000000000000000000e+00 3.947072070077028427e-01 4.465065512978142470e-01 3.813645805663928301e-01 4.606876915958383334e-01 4.446649270777661145e-01 0.000000000000000000e+00 4.447853722798011389e-01 4.308694929442262733e-01 3.236681037452589504e-01 4.309690159809024257e-01 3.639432416106548884e-01 4.377457578234203450e-01 3.361349254038306644e-01 4.619880247703930798e-01 3.928772027939831935e-01 0.000000000000000000e+00 0.000000000000000000e+00 4.085263355418304321e-01 4.010053201775736764e-01 0.000000000000000000e+00 0.000000000000000000e+00 4.200276276834966627e-01 3.942515173880912216e-01 0.000000000000000000e+00 0.000000000000000000e+00 0.000000000000000000e+00 3.943556135150700914e-01 0.000000000000000000e+00 4.572410239942528709e-01 0.000000000000000000e+00 0.000000000000000000e+00 4.621594459595959603e-01 4.591517826907917654e-01 0.000000000000000000e+00 0.000000000000000000e+00 0.000000000000000000e+00 0.000000000000000000e+00 0.000000000000000000e+00 0.000000000000000000e+00 0.000000000000000000e+00 4.459454218750000254e-01 0.000000000000000000e+00 0.000000000000000000e+00 0.000000000000000000e+00 0.000000000000000000e+00 0.000000000000000000e+00 0.000000000000000000e+00 0.000000000000000000e+00 0.000000000000000000e+00 0.000000000000000000e+00 0.000000000000000000e+00 0.000000000000000000e+00 0.000000000000000000e+00
3.638020244068888021e-01 0.000000000000000000e+00 2.663488711438802836e-01 4.041450612972828926e-01 2.374167032559368062e-01 4.168493102512077497e-01 2.874547006134152149e-01 3.893945191379884485e-01 2.384824882646802147e-01 3.959699235377487359e-01 3.060411937037037511e-01 3.960950199999999644e-01 2.552344676033480586e-01 3.792530357142857578e-01 2.844448650637501630e-01 3.631106705934416534e-01 2.766218314606741502e-01 0.000000000000000000e+00 0.000000000000000000e+00 0.000000000000000000e+00 3.423963196963409894e-01 4.387655666666666621e-01 3.061980471214127975e-01 4.038175117198521957e-01 2.915849218684609667e-01 4.150281835943169795e-01 2.464902405314045586e-01 0.000000000000000000e+00 2.965111687204899926e-01 3.583295138677490277e-01 3.670748516435820008e-01 3.884376937039615285e-01 4.441549999999999665e-01 0.000000000000000000e+00 0.000000000000000000e+00 0.000000000000000000e+00 3.979136266357187202e-01 0.000000000000000000e+00 0.000000000000000000e+00 0.000000000000000000e+00 0.000000000000000000e+00 0.000000000000000000e+00 4.592208080917720703e-01 0.000000000000000000e+00 0.000000000000000000e+00 0.000000000000000000e+00 4.482622204837134472e-01 0.000000000000000000e+00 4.287588082191781114e-01 0.000000000000000000e+00 4.259176710144927380e-01 0.000000000000000000e+00 4.351794177515606599e-01 0.000000000000000000e+00 3.727412235294117471e-01 5.023732694300518942e-01 4.086850729973196539e-01 0.000000000000000000e+00 4.196505405645222786e-01 0.000000000000000000e+00 3.956548803909115675e-01 0.000000000000000000e+00 3.506482798137989243e-01 0.000000000000000000e+00 3.866991973676867089e-01 0.000000000000000000e+00 4.304451464285714568e-01 0.000000000000000000e+00 0.000000000000000000e+00 0.000000000000000000e+00 3.216839845855937186e-01 0.000000000000000000e+00 3.538505380554408108e-01 4.181539627139744808e-01 3.271814059674944541e-01 3.735758404255319354e-01 3.850980578116536268e-01 0.000000000000000000e+00 0.000000000000000000e+00 0.000000000000000000e+00 3.323099646017699804e-01 0.000000000000000000e+00 3.909146751099630279e-01 0.000000000000000000e+00 3.765887326837030202e-01 0.000000000000000000e+00 3.871097311340365166e-01 0.000000000000000000e+00 3.953970329066436862e-01 0.000000000000000000e+00 0.000000000000000000e+00 4.339504405594405423e-01 0.000000000000000000e+00 0.000000000000000000e+00 0.000000000000000000e+00 0.000000000000000000e+00 0.000000000000000000e+00 0.000000000000000000e+00 0.000000000000000000e+00 0.000000000000000000e+00 0.000000000000000000e+00 0.000000000000000000e+00 0.000000000000000000e+00 0.000000000000000000e+00 0.000000000000000000e+00 0.000000000000000000e+00 0.000000000000000000e+00 0.000000000000000000e+00 0.000000000000000000e+00 0.000000000000000000e+00 0.000000000000000000e+00 0.000000000000000000e+00 0.000000000000000000e+00 0.000000000000000000e+00 0.000000000000000000e+00 0.000000000000000000e+00
0.000000000000000000e+00 3.347828229431467628e-01 4.097929485638379110e-01 3.272852976639658018e-01 4.072137827501682295e-01 1.824165884813651883e-01 4.224115048394253558e-01 2.609773240801691041e-01 3.959699235377487359e-01 2.186698768134045234e-01 0.000000000000000000e+00 3.375206519781673298e-01 4.171741093194303307e-01 3.269900029377255657e-01 4.046685771859121483e-01 2.667758140316058846e-01 0.000000000000000000e+00 0.000000000000000000e+00 4.292434608695652742e-01 3.890383243546576830e-01 0.000000000000000000e+00 0.000000000000000000e+00 3.994249516834174618e-01 3.078547680844667123e-01 4.048978559581259962e-01 1.670681230392156991e-01 3.993826988095238173e-01 1.692522708669542131e-01 4.006721290322581286e-01 3.387965166735355527e-01 3.638417963449652182e-01 2.926788651940256947e-01 0.000000000000000000e+00 4.125513799731036491e-01 0.000000000000000000e+00 4.185131407407407522e-01 0.000000000000000000e+00 4.046820589937733526e-01 0.000000000000000000e+00 0.000000000000000000e+00 0.000000000000000000e+00 0.000000000000000000e+00 0.000000000000000000e+00 4.617792778163312684e-01 0.000000000000000000e+00 4.376348198757763486e-01 0.000000000000000000e+00 4.596542050087659703e-01 0.000000000000000000e+00 4.324206793385614311e-01 0.000000000000000000e+00 4.151596793893130299e-01 0.000000000000000000e+00 4.553150928030303968e-01 0.000000000000000000e+00 4.559132202789145105e-01 0.000000000000000000e+00 4.584891205673758408e-01 4.848271841530054083e-01 0.000000000000000000e+00 0.000000000000000000e+00 4.186608572990466737e-01 0.000000000000000000e+00 3.826595913043478459e-01 0.000000000000000000e+00 4.044791311475409712e-01 5.156646416184971216e-01 4.409225500141482623e-01 0.000000000000000000e+00 0.000000000000000000e+00 0.000000000000000000e+00 2.945748838368343336e-01 4.083108452401245647e-01 3.268996840632080736e-01 0.000000000000000000e+00 3.356476613112256979e-01 0.000000000000000000e+00 3.782344248301711120e-01 0.000000000000000000e+00 0.000000000000000000e+00 0.000000000000000000e+00 3.803279239970276948e-01 0.000000000000000000e+00 4.121117361111110711e-01 0.000000000000000000e+00 3.985499064686404691e-01 0.000000000000000000e+00 3.844945833333333618e-01 0.000000000000000000e+00 4.179072798857142446e-01 0.000000000000000000e+00 0.000000000000000000e+00 0.000000000000000000e+00 0.000000000000000000e+00 0.000000000000000000e+00 0.000000000000000000e+00 0.000000000000000000e+00 0.000000000000000000e+00 0.000000000000000000e+00 0.000000000000000000e+00 0.000000000000000000e+00 0.000000000000000000e+00 0.000000000000000000e+00 0.000000000000000000e+00 0.000000000000000000e+00 0.000000000000000000e+00 0.000000000000000000e+00 0.000000000000000000e+00 0.000000000000000000e+00 0.000000000000000000e+00 0.000000000000000000e+00 0.000000000000000000e+00 0.000000000000000000e+00 0.000000000000000000e+00 0.000000000000000000e+00 0.000000000000000000e+00
3.320531278753032778e-01 4.703733838503194598e-01 3.985668335732686085e-01 4.661996765389185837e-01 3.104318668763102473e-01 0.000000000000000000e+00 3.517622124987789811e-01 4.544895589428709637e-01 3.060411937037037511e-01 0.000000000000000000e+00 3.121583862553568012e-01 4.565457922885968189e-01 3.254837713367393359e-01 4.195072847222222068e-01 3.509487255346159795e-01 0.000000000000000000e+00 3.313788766449469736e-01 4.709883639412997813e-01 4.152695692629288504e-01 4.827734153834675745e-01 0.000000000000000000e+00 0.000000000000000000e+00 3.907078815263949623e-01 4.694407173170833669e-01 4.358599107142857032e-01 0.000000000000000000e+00 0.000000000000000000e+00 0.000000000000000000e+00 3.883073933668420574e-01 4.730070303627288975e-01 4.053347851980900196e-01 4.461550631482611440e-01 3.987631343065153877e-01 4.635847421590700290e-01 4.683061249999999620e-01 0.000000000000000000e+00 4.806958133266582833e-01 4.600720353982301059e-01 4.421880079365079763e-01 0.000000000000000000e+00 0.000000000000000000e+00 0.000000000000000000e+00 0.000000000000000000e+00 0.000000000000000000e+00 4.302889093492605621e-01 0.000000000000000000e+00 0.000000000000000000e+00 0.000000000000000000e+00 4.194946885456884988e-01 0.000000000000000000e+00 4.246919960327231736e-01 0.000000000000000000e+00 0.000000000000000000e+00 0.000000000000000000e+00 3.912962682926828806e-01 0.000000000000000000e+00 4.009900186788863397e-01 0.000000000000000000e+00 4.081853211937602199e-01 0.000000000000000000e+00 4.122306192972362560e-01 4.667170666666666801e-01 4.274973666073018652e-01 0.000000000000000000e+00 4.150282505735174987e-01 0.000000000000000000e+00 4.329834578266548717e-01 5.056709481481481694e-01 4.406696232425866833e-01 4.773601590909091197e-01 3.586207953726986974e-01 0.000000000000000000e+00 3.884093969971718630e-01 4.487822773374868790e-01 0.000000000000000000e+00 0.000000000000000000e+00 4.362017938913033688e-01 4.636566140403975966e-01 0.000000000000000000e+00 0.000000000000000000e+00 4.105761357018268831e-01 0.000000000000000000e+00 0.000000000000000000e+00 0.000000000000000000e+00 4.196890351770258820e-01 0.000000000000000000e+00 0.000000000000000000e+00 0.000000000000000000e+00 4.151506827890276141e-01 4.426469325153374879e-01 0.000000000000000000e+00 0.000000000000000000e+00 0.000000000000000000e+00 0.000000000000000000e+00 4.661235274725274436e-01 5.000243058823529152e-01 0.000000000000000000e+00 0.000000000000000000e+00 0.000000000000000000e+00 0.000000000000000000e+00 0.000000000000000000e+00 0.000000000000000000e+00 0.000000000000000000e+00 0.000000000000000000e+00 0.000000000000000000e+00 0.000000000000000000e+00 0.000000000000000000e+00 0.000000000000000000e+00 0.000000000000000000e+00 0.000000000000000000e+00 0.000000000000000000e+00 0.000000000000000000e+00 0.000000000000000000e+00 0.000000000000000000e+00 0.000000000000000000e+00 0.000000000000000000e+00
4.471594075848118188e-01 3.713133366181207151e-01 4.674058779490537496e-01 3.735738606392644545e-01 0.000000000000000000e+00 3.123749305745553428e-01 4.482352660134640288e-01 3.243599268132892344e-01 3.960950199999999644e-01 3.375206519781673298e-01 4.565457922885968189e-01 2.518249690094358506e-01 4.353676075244724553e-01 2.820152241297914641e-01 0.000000000000000000e+00 3.528413423441195684e-01 0.000000000000000000e+00 3.329842327587034800e-01 4.860503994856142373e-01 3.969658119676127139e-01 0.000000000000000000e+00 0.000000000000000000e+00 4.473077681752298251e-01 3.758453183674166920e-01 0.000000000000000000e+00 3.168019999999999170e-01 0.000000000000000000e+00 0.000000000000000000e+00 4.411785976345161120e-01 3.404910772491299698e-01 4.332143442408663558e-01 3.728243519127292793e-01 4.755668068105178281e-01 3.757526583142769550e-01 0.000000000000000000e+00 4.502890090090090336e-01 0.000000000000000000e+00 4.747982510109855503e-01 0.000000000000000000e+00 0.000000000000000000e+00 0.000000000000000000e+00 0.000000000000000000e+00 0.000000000000000000e+00 0.000000000000000000e+00 0.000000000000000000e+00 3.971486404906569012e-01 0.000000000000000000e+00 0.000000000000000000e+00 0.000000000000000000e+00 4.403216076424800729e-01 0.000000000000000000e+00 3.950086825396825208e-01 0.000000000000000000e+00 3.900777103580647109e-01 0.000000000000000000e+00 3.957112977138225740e-01 4.496513076178285662e-01 3.845997776636791987e-01 0.000000000000000000e+00 4.107581365982745369e-01 0.000000000000000000e+00 4.010129187517997851e-01 0.000000000000000000e+00 3.950207155128242498e-01 0.000000000000000000e+00 3.830411048680944508e-01 4.395431874318594945e-01 4.234399778034642070e-01 4.819588450385990930e-01 4.439870393347074007e-01 4.559547094304177706e-01 3.307622532338019838e-01 4.236327520670093438e-01 3.917698844360492649e-01 0.000000000000000000e+00 0.000000000000000000e+00 4.610802824577908687e-01 4.046707182539219239e-01 0.000000000000000000e+00 0.000000000000000000e+00 0.000000000000000000e+00 4.053678756227512281e-01 0.000000000000000000e+00 4.027870503144653780e-01 0.000000000000000000e+00 4.169441225042984089e-01 0.000000000000000000e+00 4.140224831430344143e-01 0.000000000000000000e+00 4.183860813306121695e-01 0.000000000000000000e+00 0.000000000000000000e+00 0.000000000000000000e+00 0.000000000000000000e+00 0.000000000000000000e+00 0.000000000000000000e+00 0.000000000000000000e+00 0.000000000000000000e+00 0.000000000000000000e+00 0.000000000000000000e+00 0.000000000000000000e+00 0.000000000000000000e+00 0.000000000000000000e+00 0.000000000000000000e+00 0.000000000000000000e+00 0.000000000000000000e+00 0.000000000000000000e+00 0.000000000000000000e+00 0.000000000000000000e+00 0.000000000000000000e+00 0.000000000000000000e+00 0.000000000000000000e+00 0.000000000000000000e+00 0.000000000000000000e+00 0.000000000000000000e+00 0.000000000000000000e+00
2.964125034209165177e-01 4.630073669064748154e-01 3.444409495988219883e-01 4.348792446433316083e-01 2.830401813666766353e-01 4.016105629842159352e-01 2.922218843840557190e-01 4.249802471949239435e-01 2.552344676033480586e-01 4.171741093194303307e-01 3.254837713367393359e-01 4.353676075244724553e-01 2.623761964686883719e-01 4.195405229898995225e-01 2.394030369554608073e-01 4.055832388515495102e-01 3.861979853655211903e-01 0.000000000000000000e+00 3.978315899120350441e-01 4.563215141591380752e-01 0.000000000000000000e+00 0.000000000000000000e+00 3.444930260903281694e-01 4.292643576286094831e-01 0.000000000000000000e+00 0.000000000000000000e+00 0.000000000000000000e+00 0.000000000000000000e+00 3.301956191738747437e-01 4.292283678502682998e-01 3.500119519264216494e-01 4.126138293545915658e-01 4.036626814057183710e-01 4.296134295363362443e-01 4.817460961047253520e-01 0.000000000000000000e+00 4.434677219610813625e-01 4.869348495575220870e-01 4.008029173553719349e-01 0.000000000000000000e+00 0.000000000000000000e+00 0.000000000000000000e+00 4.615339703703703056e-01 0.000000000000000000e+00 4.039136754385965200e-01 0.000000000000000000e+00 4.530191134447127954e-01 4.786882245989304008e-01 4.173487075352821929e-01 0.000000000000000000e+00 4.365017702513221409e-01 4.321116590909090394e-01 0.000000000000000000e+00 0.000000000000000000e+00 3.926009690645531625e-01 0.000000000000000000e+00 4.062524124134146986e-01 4.794824636440314092e-01 4.097003392506728958e-01 0.000000000000000000e+00 4.111013384563473871e-01 0.000000000000000000e+00 4.060926861399396515e-01 0.000000000000000000e+00 4.029939009608574652e-01 0.000000000000000000e+00 4.229720106080330777e-01 0.000000000000000000e+00 4.449102476173020237e-01 0.000000000000000000e+00 3.150728870249759339e-01 4.679170983283027496e-01 3.766958431949939956e-01 4.433050042252640321e-01 3.561547083909846201e-01 0.000000000000000000e+00 4.043753459953695617e-01 4.418277231664396454e-01 0.000000000000000000e+00 0.000000000000000000e+00 3.691706227968564180e-01 0.000000000000000000e+00 0.000000000000000000e+00 0.000000000000000000e+00 3.956028227984141332e-01 0.000000000000000000e+00 0.000000000000000000e+00 0.000000000000000000e+00 3.943858418806205357e-01 0.000000000000000000e+00 0.000000000000000000e+00 4.757278176078784115e-01 0.000000000000000000e+00 0.000000000000000000e+00 4.477877419995704433e-01 4.704905841631104035e-01 0.000000000000000000e+00 0.000000000000000000e+00 0.000000000000000000e+00 0.000000000000000000e+00 0.000000000000000000e+00 0.000000000000000000e+00 0.000000000000000000e+00 4.479030882352941778e-01 0.000000000000000000e+00 0.000000000000000000e+00 0.000000000000000000e+00 0.000000000000000000e+00 0.000000000000000000e+00 0.000000000000000000e+00 0.000000000000000000e+00 0.000000000000000000e+00 0.000000000000000000e+00 0.000000000000000000e+00 0.000000000000000000e+00 0.000000000000000000e+00
