0.000000000000000000e+00 2.088082429105498142e-02 5.971865876316022337e-02 5.221932114882506595e-03 3.293084522502744138e-03 0.000000000000000000e+00 1.048349819728205540e-01 5.477178423236514493e-03 8.941877794336810722e-04 0.000000000000000000e+00 2.292391844853306770e-01 1.617337861879346696e-03 3.491023083499572577e-02 9.162753407398923884e-04 5.499037668408029034e-04 0.000000000000000000e+00 7.749229188078109176e-02 3.509891512444160682e-03 3.276600671529466408e-02 4.056815859390966450e-02 0.000000000000000000e+00 0.000000000000000000e+00 7.132667617689015908e-04 3.850596842510589039e-04 0.000000000000000000e+00 0.000000000000000000e+00 0.000000000000000000e+00 0.000000000000000000e+00 2.588880935337628184e-02 4.047490555855369704e-04 2.502502502502502481e-04 0.000000000000000000e+00 6.392394689395180726e-03 2.017654476670870112e-02 9.436929852154765739e-04 0.000000000000000000e+00 6.551270815074496101e-02 9.208103130755064796e-04 0.000000000000000000e+00 0.000000000000000000e+00 3.546099290780141758e-03 0.000000000000000000e+00 4.041220448575469620e-04 0.000000000000000000e+00 2.022108385009436550e-03 1.112718370980304860e-04 0.000000000000000000e+00 0.000000000000000000e+00 3.575807110747854321e-03 8.958967926894821718e-05 3.369336322260715888e-02 7.059654076950229722e-05 4.836227742360958530e-03 0.000000000000000000e+00 5.556490991749452393e-03 4.330254041570439001e-04 2.629734313171283033e-01 1.621103824331294671e-03 2.185514612452350847e-02 6.938662225922842455e-04 3.536414565826330458e-02 4.084133142740453129e-04 8.737495251361276916e-03 2.385211687537268962e-04 5.558487247141600390e-02 1.110864252388358160e-04 1.483616931514554829e-02 6.771053745239102601e-04 1.087805583682916188e-01 7.046388725778039014e-03 1.491166077738515783e-01 1.868111339435830345e-03 6.923371158995282604e-02 1.541887956141853658e-03 3.172504957038995571e-02 0.000000000000000000e+00 7.136393018745959549e-02 2.750687671917979513e-03 9.990009990009990001e-04 0.000000000000000000e+00 2.109148431320854392e-03 0.000000000000000000e+00 0.000000000000000000e+00 0.000000000000000000e+00 2.477813276535321269e-02 0.000000000000000000e+00 0.000000000000000000e+00 0.000000000000000000e+00 1.527070800555298431e-02 0.000000000000000000e+00 1.968503937007873988e-03 0.000000000000000000e+00 6.101281269066503735e-04 1.051524710830704489e-03 2.777777777777777624e-02 0.000000000000000000e+00 1.586462189317821257e-03 1.555209953343701396e-03 2.590673575129533775e-03 0.000000000000000000e+00 1.081081081081081098e-03 4.048582995951417046e-03 2.668247850578120417e-03 0.000000000000000000e+00 1.518987341772151884e-03 0.000000000000000000e+00 7.598784194528875350e-04 0.000000000000000000e+00 0.000000000000000000e+00 0.000000000000000000e+00 0.000000000000000000e+00 0.000000000000000000e+00 0.000000000000000000e+00 0.000000000000000000e+00 0.000000000000000000e+00 0.000000000000000000e+00
2.088082429105498142e-02 0.000000000000000000e+00 2.388746350526408865e-03 5.709312445604873554e-02 0.000000000000000000e+00 5.428881650380021958e-04 1.571600258851807430e-03 8.307053941908713879e-02 0.000000000000000000e+00 5.437737901033169730e-04 1.243162605668821433e-03 6.016496846191169562e-02 2.849814762040467505e-04 4.123239033329515260e-03 0.000000000000000000e+00 0.000000000000000000e+00 1.438848920863309384e-03 5.041480536056158063e-02 2.720852147736482415e-02 7.684447169425710766e-02 0.000000000000000000e+00 0.000000000000000000e+00 0.000000000000000000e+00 3.850596842510589039e-04 0.000000000000000000e+00 0.000000000000000000e+00 0.000000000000000000e+00 0.000000000000000000e+00 4.772130756382724870e-04 1.511063140852671356e-02 7.507507507507507442e-04 2.289377289377289375e-04 1.130962137354532028e-02 9.409254049859346394e-03 1.258257313620635360e-03 8.576329331046312048e-04 6.573181419807186832e-04 2.915899324739103585e-02 0.000000000000000000e+00 1.665278934221482146e-03 0.000000000000000000e+00 8.064516129032257841e-03 0.000000000000000000e+00 2.107259509008534322e-04 0.000000000000000000e+00 2.670524090352731882e-03 0.000000000000000000e+00 3.354579000335457901e-04 3.064977523498161032e-04 3.225228453682135819e-03 2.717206711500577644e-04 6.000705965407695033e-03 0.000000000000000000e+00 7.584376185058778509e-04 3.367570298029971213e-04 3.175519630484988347e-03 2.939513849632560856e-03 2.118487952251123796e-01 8.894536213468869296e-04 3.344435192894809616e-02 2.450980392156862711e-03 2.266693894220951633e-02 5.065214638470305663e-04 1.180679785330948119e-02 1.759014951627088858e-04 1.832926016440791089e-02 2.601603150049219652e-03 6.517139229792636226e-03 1.909445971358310346e-02 1.348600508905852535e-01 9.086320040383645156e-04 4.016439379787035274e-02 1.657529006757618153e-03 5.542230597909884871e-02 6.609385327164573384e-04 1.851851851851851923e-03 3.878474466709760926e-03 8.052013003250813039e-02 0.000000000000000000e+00 0.000000000000000000e+00 0.000000000000000000e+00 3.695491500369549147e-03 0.000000000000000000e+00 0.000000000000000000e+00 0.000000000000000000e+00 1.635975657946732095e-02 0.000000000000000000e+00 1.048218029350104878e-03 0.000000000000000000e+00 1.590679959672902308e-02 2.362204724409448786e-03 8.387096774193547946e-03 6.101281269066503735e-04 4.206098843322817957e-03 7.936507936507936067e-03 6.779661016949152519e-02 5.288207297726070857e-04 1.555209953343701396e-03 8.635578583765111862e-04 1.219512195121951218e-03 0.000000000000000000e+00 4.048582995951417046e-03 1.482359916987844748e-03 6.176470588235293685e-03 2.025316455696202656e-03 7.159904534606205580e-03 7.598784194528875350e-04 0.000000000000000000e+00 0.000000000000000000e+00 6.250000000000000000e-02 7.299270072992700273e-04 0.000000000000000000e+00 1.503759398496240518e-02 0.000000000000000000e+00 1.939864209505334650e-03 5.617977528089887485e-03
5.971865876316022337e-02 2.388746350526408865e-03 0.000000000000000000e+00 7.919930374238468712e-03 5.927552140504939449e-02 2.714440825190010762e-03 2.995285199223444716e-01 1.535269709543568388e-02 7.511177347242921354e-02 1.631321370309951136e-03 6.389855793137742823e-02 7.601487950832929406e-03 7.993730407523511050e-02 5.841255297216813719e-03 1.869672807258729655e-02 1.458789204959883316e-03 9.660842754367933785e-03 2.233567326100829604e-03 1.290957508394118269e-01 4.291845493562231745e-03 0.000000000000000000e+00 1.557632398753894037e-03 1.761768901569186752e-01 1.155179052753176755e-02 5.373134328358208922e-02 5.136106831022085005e-03 1.997422680412370977e-02 1.947040498442367601e-03 1.586733476497256129e-02 2.968159740960604233e-03 3.303303303303303101e-02 2.884615384615384776e-02 4.425504015735125252e-03 7.760209525657192804e-03 9.436929852154765739e-04 0.000000000000000000e+00 3.286590709903593199e-03 0.000000000000000000e+00 0.000000000000000000e+00 0.000000000000000000e+00 0.000000000000000000e+00 0.000000000000000000e+00 3.030915336431602215e-04 0.000000000000000000e+00 1.213265031005661843e-03 1.112718370980304860e-04 1.528350909368791032e-04 0.000000000000000000e+00 2.145484266448712506e-03 8.958967926894821718e-05 8.083689966714217162e-03 7.059654076950229722e-05 1.318971202462079599e-03 0.000000000000000000e+00 1.683785149014985607e-03 0.000000000000000000e+00 3.617863199547767007e-03 7.368653746960430323e-05 3.430749682337992396e-03 0.000000000000000000e+00 1.400560224089635866e-03 4.084133142740453129e-04 7.597821957705457952e-04 0.000000000000000000e+00 2.638522427440633152e-03 0.000000000000000000e+00 1.279707495429616149e-02 1.692763436309775650e-04 9.547229856791551728e-03 1.957330201605010807e-04 5.683997980817769025e-02 2.521950308238370825e-03 8.083641463725614595e-02 2.312831934212780487e-03 1.387970918704560519e-02 0.000000000000000000e+00 6.373626373626373187e-02 2.500625156289072205e-03 0.000000000000000000e+00 0.000000000000000000e+00 1.450039546533087205e-03 0.000000000000000000e+00 0.000000000000000000e+00 0.000000000000000000e+00 2.271920482783102747e-03 0.000000000000000000e+00 0.000000000000000000e+00 0.000000000000000000e+00 2.313743637204997584e-03 0.000000000000000000e+00 1.574803149606299191e-03 0.000000000000000000e+00 6.101281269066503735e-04 0.000000000000000000e+00 7.936507936507936067e-03 1.694915254237288130e-02 0.000000000000000000e+00 0.000000000000000000e+00 0.000000000000000000e+00 1.219512195121951218e-03 0.000000000000000000e+00 2.024291497975708523e-03 8.894159501927068057e-04 0.000000000000000000e+00 5.063291139240506640e-04 0.000000000000000000e+00 0.000000000000000000e+00 0.000000000000000000e+00 0.000000000000000000e+00 0.000000000000000000e+00 0.000000000000000000e+00 0.000000000000000000e+00 0.000000000000000000e+00 0.000000000000000000e+00 0.000000000000000000e+00 0.000000000000000000e+00
5.221932114882506595e-03 5.709312445604873554e-02 7.919930374238468712e-03 0.000000000000000000e+00 1.646542261251372069e-03 7.057546145494028589e-02 7.950448368309142450e-03 2.678008298755186756e-01 2.086438152011922502e-03 3.806416530723218811e-02 7.458975634012928596e-03 5.628335759340126476e-02 6.982046166999144980e-03 6.620089336845721983e-02 8.248556502612042467e-04 6.807682956479455330e-03 1.233299075025693758e-03 1.164645820038289793e-02 1.262012272779900433e-02 1.510320866544042628e-01 0.000000000000000000e+00 1.557632398753894037e-03 1.711840228245363818e-02 1.998459761262995626e-01 4.975124378109452425e-04 4.571135079609656149e-02 0.000000000000000000e+00 7.398753894080996839e-03 1.550942495824385488e-03 2.441985968699406442e-02 1.651651651651651551e-02 3.296703296703296787e-02 5.408949352565152989e-03 1.309535357454651334e-02 0.000000000000000000e+00 2.144082332761578120e-03 0.000000000000000000e+00 3.069367710251688121e-03 0.000000000000000000e+00 1.665278934221482146e-03 0.000000000000000000e+00 0.000000000000000000e+00 0.000000000000000000e+00 1.053629754504267161e-04 1.348072256672957754e-04 4.450873483921219441e-04 0.000000000000000000e+00 1.677289500167728951e-04 0.000000000000000000e+00 1.702203906110016018e-03 0.000000000000000000e+00 4.941757853865160399e-04 0.000000000000000000e+00 2.528125395019593198e-04 0.000000000000000000e+00 1.443418013856812910e-04 5.652911249293385678e-04 2.800088423844963523e-03 1.270648030495552679e-04 1.415487094088259748e-02 3.501400560224089665e-04 6.126199714110680235e-04 2.532607319235152831e-04 3.577817531305903308e-04 0.000000000000000000e+00 1.110864252388358160e-04 4.921951905498523315e-04 6.771053745239103035e-03 8.679299869810501965e-04 1.761597181444509753e-03 3.331650681474002899e-03 5.165327853540070679e-02 1.275022312890475686e-03 8.334761007366797703e-02 0.000000000000000000e+00 1.296296296296296259e-02 2.585649644473173806e-03 6.426606651662915282e-02 0.000000000000000000e+00 0.000000000000000000e+00 0.000000000000000000e+00 1.847745750184774573e-04 0.000000000000000000e+00 0.000000000000000000e+00 2.129925452609158555e-04 7.112937643246660530e-04 0.000000000000000000e+00 0.000000000000000000e+00 0.000000000000000000e+00 5.600985773496135146e-04 1.968503937007873988e-03 1.935483870967741934e-03 0.000000000000000000e+00 2.103049421661408978e-03 7.936507936507936067e-03 1.016949152542372947e-01 0.000000000000000000e+00 0.000000000000000000e+00 0.000000000000000000e+00 3.658536585365853872e-03 0.000000000000000000e+00 4.048582995951417046e-03 5.929439667951378343e-04 1.176470588235294015e-03 0.000000000000000000e+00 1.431980906921241029e-03 7.598784194528875350e-04 1.552795031055900516e-03 0.000000000000000000e+00 1.250000000000000069e-02 0.000000000000000000e+00 0.000000000000000000e+00 0.000000000000000000e+00 0.000000000000000000e+00 0.000000000000000000e+00 0.000000000000000000e+00
3.293084522502744138e-03 0.000000000000000000e+00 5.927552140504939449e-02 1.646542261251372069e-03 0.000000000000000000e+00 1.357220412595005381e-03 2.237219192012572869e-02 3.319502074688796597e-04 3.314456035767511244e-01 1.631321370309951136e-03 1.243162605668821433e-03 0.000000000000000000e+00 6.554573952693074773e-03 0.000000000000000000e+00 1.965905966455870346e-01 4.862630683199610873e-04 2.055498458376156263e-04 0.000000000000000000e+00 6.946856547412295566e-04 0.000000000000000000e+00 7.562349155269509904e-02 0.000000000000000000e+00 1.212553495007132748e-02 5.775895263765883558e-04 5.024875621890547567e-02 3.595274781715459590e-03 1.108247422680412320e-01 1.947040498442367601e-03 1.395848246241947026e-02 0.000000000000000000e+00 5.255255255255255643e-03 2.976190476190476025e-03 1.639075561383379653e-04 9.700261907071491547e-05 0.000000000000000000e+00 0.000000000000000000e+00 0.000000000000000000e+00 0.000000000000000000e+00 0.000000000000000000e+00 0.000000000000000000e+00 0.000000000000000000e+00 0.000000000000000000e+00 1.010305112143867405e-04 0.000000000000000000e+00 0.000000000000000000e+00 0.000000000000000000e+00 1.528350909368791032e-04 0.000000000000000000e+00 1.021659174499387011e-04 0.000000000000000000e+00 6.793016778751444110e-05 0.000000000000000000e+00 2.198285337436799332e-04 0.000000000000000000e+00 0.000000000000000000e+00 0.000000000000000000e+00 0.000000000000000000e+00 0.000000000000000000e+00 0.000000000000000000e+00 0.000000000000000000e+00 3.501400560224089665e-04 0.000000000000000000e+00 2.405976953273394892e-03 0.000000000000000000e+00 1.055408970976253261e-03 0.000000000000000000e+00 0.000000000000000000e+00 0.000000000000000000e+00 0.000000000000000000e+00 0.000000000000000000e+00 1.383139828369510382e-02 6.538389688025405882e-04 3.085553997194950826e-02 0.000000000000000000e+00 7.270323859881031373e-03 0.000000000000000000e+00 7.756948933419521202e-04 0.000000000000000000e+00 0.000000000000000000e+00 0.000000000000000000e+00 1.186395992617980460e-03 0.000000000000000000e+00 0.000000000000000000e+00 0.000000000000000000e+00 1.845935392261270928e-03 0.000000000000000000e+00 2.500000000000000052e-03 0.000000000000000000e+00 7.712478790683325279e-04 0.000000000000000000e+00 0.000000000000000000e+00 0.000000000000000000e+00 0.000000000000000000e+00 0.000000000000000000e+00 0.000000000000000000e+00 0.000000000000000000e+00 0.000000000000000000e+00 0.000000000000000000e+00 0.000000000000000000e+00 0.000000000000000000e+00 0.000000000000000000e+00 0.000000000000000000e+00 0.000000000000000000e+00 0.000000000000000000e+00 0.000000000000000000e+00 0.000000000000000000e+00 0.000000000000000000e+00 0.000000000000000000e+00 0.000000000000000000e+00 0.000000000000000000e+00 0.000000000000000000e+00 0.000000000000000000e+00 0.000000000000000000e+00 0.000000000000000000e+00 0.000000000000000000e+00 0.000000000000000000e+00
0.000000000000000000e+00 5.428881650380021958e-04 2.714440825190010762e-03 7.057546145494028589e-02 1.357220412595005381e-03 0.000000000000000000e+00 2.773412221503189327e-04 4.813278008298755607e-03 2.980625931445603574e-03 2.800435019032082584e-01 0.000000000000000000e+00 0.000000000000000000e+00 1.424907381020233752e-04 1.145344175924865350e-03 2.749518834204014517e-04 1.558473133965475321e-01 0.000000000000000000e+00 0.000000000000000000e+00 0.000000000000000000e+00 1.430615164520743915e-03 0.000000000000000000e+00 7.788161993769470402e-03 3.994293865905849082e-03 6.834809395456295511e-02 7.462686567164178962e-03 1.453518233179250108e-01 2.255154639175257526e-03 1.896417445482866115e-01 0.000000000000000000e+00 9.174311926605505096e-03 9.509509509509510294e-03 1.396520146520146589e-02 0.000000000000000000e+00 4.947133572606460770e-03 0.000000000000000000e+00 0.000000000000000000e+00 0.000000000000000000e+00 3.069367710251687904e-04 0.000000000000000000e+00 8.326394671107410729e-04 0.000000000000000000e+00 0.000000000000000000e+00 0.000000000000000000e+00 2.107259509008534322e-04 0.000000000000000000e+00 0.000000000000000000e+00 0.000000000000000000e+00 0.000000000000000000e+00 0.000000000000000000e+00 8.958967926894821718e-05 0.000000000000000000e+00 7.059654076950229722e-05 0.000000000000000000e+00 2.528125395019593198e-04 0.000000000000000000e+00 2.886836027713625820e-04 0.000000000000000000e+00 0.000000000000000000e+00 0.000000000000000000e+00 0.000000000000000000e+00 0.000000000000000000e+00 0.000000000000000000e+00 1.266303659617576416e-04 1.192605843768634481e-04 0.000000000000000000e+00 0.000000000000000000e+00 0.000000000000000000e+00 2.539145154464663746e-04 0.000000000000000000e+00 0.000000000000000000e+00 5.047955577990913614e-04 2.120306370259667644e-02 0.000000000000000000e+00 3.931814288161727261e-02 0.000000000000000000e+00 1.666666666666666644e-02 0.000000000000000000e+00 2.375593898474618552e-03 0.000000000000000000e+00 0.000000000000000000e+00 0.000000000000000000e+00 3.695491500369549147e-04 0.000000000000000000e+00 0.000000000000000000e+00 0.000000000000000000e+00 5.532284833636291884e-04 0.000000000000000000e+00 5.241090146750524391e-04 0.000000000000000000e+00 3.360591464097681413e-04 0.000000000000000000e+00 0.000000000000000000e+00 0.000000000000000000e+00 0.000000000000000000e+00 0.000000000000000000e+00 0.000000000000000000e+00 0.000000000000000000e+00 0.000000000000000000e+00 0.000000000000000000e+00 0.000000000000000000e+00 0.000000000000000000e+00 0.000000000000000000e+00 0.000000000000000000e+00 0.000000000000000000e+00 0.000000000000000000e+00 0.000000000000000000e+00 0.000000000000000000e+00 0.000000000000000000e+00 0.000000000000000000e+00 0.000000000000000000e+00 0.000000000000000000e+00 0.000000000000000000e+00 0.000000000000000000e+00 0.000000000000000000e+00 0.000000000000000000e+00 0.000000000000000000e+00
1.048349819728205540e-01 1.571600258851807430e-03 2.995285199223444716e-01 7.950448368309142450e-03 2.237219192012572869e-02 2.773412221503189327e-04 0.000000000000000000e+00 1.908713692946058249e-02 1.260804769001490355e-01 4.350190320826535784e-03 6.141223272003978190e-02 8.410156881772603080e-03 2.939583927044742140e-01 8.017409231474058318e-03 7.148748968930437528e-03 7.293946024799416580e-04 6.372045220966084632e-03 1.595405232929164065e-03 1.238856084288526144e-02 8.379317392192928149e-03 0.000000000000000000e+00 0.000000000000000000e+00 1.940085592011412188e-02 1.232190989603388492e-02 4.477611940298507724e-03 2.054442732408834175e-03 9.664948453608247780e-04 7.788161993769470185e-04 5.965163445478405789e-03 4.047490555855369487e-03 9.009009009009008931e-03 2.472527472527472417e-02 1.802983117521717808e-03 7.275196430303618525e-03 6.291286568103176798e-04 0.000000000000000000e+00 1.533742331288343594e-03 0.000000000000000000e+00 0.000000000000000000e+00 0.000000000000000000e+00 0.000000000000000000e+00 0.000000000000000000e+00 4.041220448575469620e-04 0.000000000000000000e+00 6.740361283364788500e-04 0.000000000000000000e+00 0.000000000000000000e+00 0.000000000000000000e+00 1.328156926849203114e-03 0.000000000000000000e+00 8.423340805651789720e-03 0.000000000000000000e+00 3.077599472411519065e-03 0.000000000000000000e+00 3.367570298029971213e-03 0.000000000000000000e+00 2.713397399660825472e-03 7.368653746960430323e-05 1.270648030495552788e-03 1.387732445184568545e-04 5.135387488328664769e-03 0.000000000000000000e+00 6.964670127896669879e-03 0.000000000000000000e+00 1.495162708883025424e-02 0.000000000000000000e+00 1.125017578399662441e-03 4.231908590774439397e-04 8.679299869810501965e-04 0.000000000000000000e+00 9.914184755174154651e-02 4.109844946758827236e-03 2.333290832589570221e-02 2.998115470275826509e-03 6.609385327164573384e-04 0.000000000000000000e+00 1.551389786683904370e-02 2.750687671917979513e-03 0.000000000000000000e+00 0.000000000000000000e+00 6.986554178750329497e-03 0.000000000000000000e+00 1.824817518248175122e-03 0.000000000000000000e+00 1.725239616613418597e-02 7.903264048051845936e-05 2.500000000000000052e-03 0.000000000000000000e+00 1.372821224741632012e-02 0.000000000000000000e+00 3.937007874015747977e-04 0.000000000000000000e+00 0.000000000000000000e+00 0.000000000000000000e+00 3.968253968253968034e-03 0.000000000000000000e+00 0.000000000000000000e+00 0.000000000000000000e+00 0.000000000000000000e+00 0.000000000000000000e+00 0.000000000000000000e+00 0.000000000000000000e+00 0.000000000000000000e+00 0.000000000000000000e+00 0.000000000000000000e+00 4.773269689737470278e-04 0.000000000000000000e+00 0.000000000000000000e+00 0.000000000000000000e+00 0.000000000000000000e+00 0.000000000000000000e+00 0.000000000000000000e+00 0.000000000000000000e+00 0.000000000000000000e+00 0.000000000000000000e+00 0.000000000000000000e+00
5.477178423236514493e-03 8.307053941908713879e-02 1.535269709543568388e-02 2.678008298755186756e-01 3.319502074688796597e-04 4.813278008298755607e-03 1.908713692946058249e-02 0.000000000000000000e+00 3.874813710879284646e-03 1.674823273518216415e-01 1.839880656389855651e-02 1.191978004205078434e-01 1.211171273867198660e-02 1.976864047646317846e-01 1.374759417102007150e-03 2.066618040359834499e-02 3.494347379239465430e-03 8.615188257817485429e-03 2.280884566400370392e-02 2.922542407520948432e-02 0.000000000000000000e+00 0.000000000000000000e+00 2.539229671897289681e-02 4.447439353099730264e-02 0.000000000000000000e+00 1.540832049306625632e-03 9.664948453608247780e-04 0.000000000000000000e+00 3.340491529467907571e-03 1.713437668645439657e-02 1.401401401401401389e-02 1.579670329670329609e-02 1.130962137354532028e-02 1.328935881268794236e-02 3.145643284051588399e-04 5.574614065180102940e-03 4.382120946538124555e-04 9.208103130755064796e-04 0.000000000000000000e+00 1.665278934221482146e-03 0.000000000000000000e+00 0.000000000000000000e+00 0.000000000000000000e+00 0.000000000000000000e+00 2.696144513345915508e-04 3.226883275842883959e-03 0.000000000000000000e+00 0.000000000000000000e+00 0.000000000000000000e+00 3.046049095144239167e-03 1.358603355750288822e-04 3.882809742322626198e-03 0.000000000000000000e+00 2.528125395019593198e-04 3.367570298029971213e-04 5.918013856812932849e-03 0.000000000000000000e+00 1.002136909586618524e-02 1.270648030495552679e-04 2.497918401332223110e-03 7.002801120448179329e-04 1.082295282826220215e-02 5.065214638470305663e-04 3.220035778175313248e-03 0.000000000000000000e+00 7.776049766718507415e-03 1.476585571649556995e-03 3.300888700804062437e-03 2.893099956603500836e-04 1.957330201605010807e-04 8.480565371024734178e-03 1.240425929385391424e-01 5.992604870585235312e-03 1.430529381531608739e-02 1.321877065432914677e-03 2.777777777777777884e-03 1.008403361344537875e-02 1.187796949237309406e-02 0.000000000000000000e+00 4.132231404958677801e-03 2.636435539151067990e-04 9.423503325942350975e-03 0.000000000000000000e+00 1.280409731113956416e-03 1.419950301739439217e-04 1.738718090571406139e-02 0.000000000000000000e+00 2.620545073375262195e-03 1.542495758136665164e-04 1.489862215749972012e-02 3.937007874015747977e-04 6.451612903225806446e-04 0.000000000000000000e+00 1.051524710830704489e-03 0.000000000000000000e+00 0.000000000000000000e+00 0.000000000000000000e+00 0.000000000000000000e+00 0.000000000000000000e+00 0.000000000000000000e+00 0.000000000000000000e+00 0.000000000000000000e+00 2.964719833975689172e-04 2.941176470588235036e-04 0.000000000000000000e+00 0.000000000000000000e+00 0.000000000000000000e+00 0.000000000000000000e+00 0.000000000000000000e+00 0.000000000000000000e+00 0.000000000000000000e+00 0.000000000000000000e+00 0.000000000000000000e+00 0.000000000000000000e+00 0.000000000000000000e+00 0.000000000000000000e+00
8.941877794336810722e-04 0.000000000000000000e+00 7.511177347242921354e-02 2.086438152011922502e-03 3.314456035767511244e-01 2.980625931445603574e-03 1.260804769001490355e-01 3.874813710879284646e-03 0.000000000000000000e+00 2.718868950516585298e-03 1.491795126802585763e-03 0.000000000000000000e+00 2.351097178683385705e-02 1.145344175924865486e-04 2.381083310420676336e-01 7.293946024799416580e-04 2.055498458376156263e-04 0.000000000000000000e+00 4.631237698274863891e-04 1.021867974657674264e-04 8.045052292839902953e-04 0.000000000000000000e+00 5.420827389443652264e-03 1.732768579129765176e-03 1.990049751243780970e-03 2.054442732408834175e-03 1.610824742268041152e-03 1.168224299065420474e-03 8.709138630398472955e-03 0.000000000000000000e+00 7.507507507507507442e-04 3.891941391941391992e-03 0.000000000000000000e+00 9.700261907071491547e-05 0.000000000000000000e+00 0.000000000000000000e+00 2.191060473269062277e-04 0.000000000000000000e+00 0.000000000000000000e+00 0.000000000000000000e+00 0.000000000000000000e+00 0.000000000000000000e+00 0.000000000000000000e+00 0.000000000000000000e+00 0.000000000000000000e+00 0.000000000000000000e+00 1.528350909368791032e-04 0.000000000000000000e+00 1.021659174499387011e-04 0.000000000000000000e+00 6.793016778751444110e-05 0.000000000000000000e+00 0.000000000000000000e+00 0.000000000000000000e+00 0.000000000000000000e+00 0.000000000000000000e+00 0.000000000000000000e+00 0.000000000000000000e+00 0.000000000000000000e+00 0.000000000000000000e+00 3.501400560224089665e-04 0.000000000000000000e+00 6.331518298087881807e-04 0.000000000000000000e+00 1.759014951627088858e-04 0.000000000000000000e+00 0.000000000000000000e+00 0.000000000000000000e+00 0.000000000000000000e+00 0.000000000000000000e+00 1.261988894497728490e-02 9.340556697179151454e-05 1.708529899273237423e-02 1.713208840157615326e-04 2.643754130865829353e-03 0.000000000000000000e+00 3.232062055591467149e-03 0.000000000000000000e+00 0.000000000000000000e+00 0.000000000000000000e+00 1.318217769575533995e-04 0.000000000000000000e+00 5.474452554744525801e-03 0.000000000000000000e+00 1.135960241391551374e-03 0.000000000000000000e+00 0.000000000000000000e+00 0.000000000000000000e+00 0.000000000000000000e+00 0.000000000000000000e+00 0.000000000000000000e+00 0.000000000000000000e+00 0.000000000000000000e+00 0.000000000000000000e+00 1.984126984126984017e-03 0.000000000000000000e+00 0.000000000000000000e+00 0.000000000000000000e+00 0.000000000000000000e+00 0.000000000000000000e+00 0.000000000000000000e+00 0.000000000000000000e+00 0.000000000000000000e+00 0.000000000000000000e+00 0.000000000000000000e+00 0.000000000000000000e+00 0.000000000000000000e+00 0.000000000000000000e+00 0.000000000000000000e+00 0.000000000000000000e+00 0.000000000000000000e+00 0.000000000000000000e+00 0.000000000000000000e+00 0.000000000000000000e+00 0.000000000000000000e+00 0.000000000000000000e+00
0.000000000000000000e+00 5.437737901033169730e-04 1.631321370309951136e-03 3.806416530723218811e-02 1.631321370309951136e-03 2.800435019032082584e-01 4.350190320826535784e-03 1.674823273518216415e-01 2.718868950516585298e-03 0.000000000000000000e+00 0.000000000000000000e+00 6.469351447517386567e-04 5.699629524080935010e-04 1.592028404535562880e-02 0.000000000000000000e+00 1.028446389496717739e-01 0.000000000000000000e+00 4.786215698787492086e-04 1.157809424568715973e-04 4.087471898630697055e-04 0.000000000000000000e+00 0.000000000000000000e+00 1.711840228245363861e-03 6.160954948016942462e-03 0.000000000000000000e+00 2.568053415511042503e-03 3.221649484536082413e-04 7.788161993769470185e-04 0.000000000000000000e+00 1.672962763086886101e-02 3.003003003003002977e-03 6.868131868131868668e-04 0.000000000000000000e+00 2.910078572121447193e-04 0.000000000000000000e+00 4.288164665523156024e-04 0.000000000000000000e+00 0.000000000000000000e+00 0.000000000000000000e+00 0.000000000000000000e+00 0.000000000000000000e+00 0.000000000000000000e+00 0.000000000000000000e+00 1.053629754504267161e-04 0.000000000000000000e+00 0.000000000000000000e+00 0.000000000000000000e+00 0.000000000000000000e+00 0.000000000000000000e+00 0.000000000000000000e+00 0.000000000000000000e+00 0.000000000000000000e+00 0.000000000000000000e+00 1.264062697509796599e-04 0.000000000000000000e+00 0.000000000000000000e+00 0.000000000000000000e+00 7.368653746960430323e-05 0.000000000000000000e+00 1.387732445184568545e-04 0.000000000000000000e+00 0.000000000000000000e+00 0.000000000000000000e+00 0.000000000000000000e+00 0.000000000000000000e+00 0.000000000000000000e+00 0.000000000000000000e+00 0.000000000000000000e+00 0.000000000000000000e+00 0.000000000000000000e+00 4.038364462392731000e-04 4.390061647674201387e-03 1.275022312890475523e-04 5.567928730512249416e-03 0.000000000000000000e+00 1.851851851851851923e-03 0.000000000000000000e+00 6.251562890722680513e-04 0.000000000000000000e+00 0.000000000000000000e+00 0.000000000000000000e+00 1.108647450110864744e-03 0.000000000000000000e+00 0.000000000000000000e+00 0.000000000000000000e+00 7.903264048051845394e-04 0.000000000000000000e+00 0.000000000000000000e+00 0.000000000000000000e+00 4.480788618796908008e-04 0.000000000000000000e+00 0.000000000000000000e+00 0.000000000000000000e+00 0.000000000000000000e+00 0.000000000000000000e+00 0.000000000000000000e+00 0.000000000000000000e+00 0.000000000000000000e+00 0.000000000000000000e+00 0.000000000000000000e+00 0.000000000000000000e+00 2.024291497975708523e-03 2.964719833975689172e-04 5.882352941176470073e-04 0.000000000000000000e+00 4.773269689737470278e-04 0.000000000000000000e+00 0.000000000000000000e+00 0.000000000000000000e+00 0.000000000000000000e+00 0.000000000000000000e+00 0.000000000000000000e+00 0.000000000000000000e+00 0.000000000000000000e+00 0.000000000000000000e+00 0.000000000000000000e+00
2.292391844853306770e-01 1.243162605668821433e-03 6.389855793137742823e-02 7.458975634012928596e-03 1.243162605668821433e-03 0.000000000000000000e+00 6.141223272003978190e-02 1.839880656389855651e-02 1.491795126802585763e-03 0.000000000000000000e+00 0.000000000000000000e+00 3.881610868510431724e-03 9.789113707609005399e-02 2.061619516664757630e-03 2.749518834204014517e-04 0.000000000000000000e+00 1.541623843782117219e-02 1.595405232929164119e-04 1.563042723167766546e-02 3.065603923973022737e-03 0.000000000000000000e+00 0.000000000000000000e+00 4.707560627674750239e-03 2.310358105506353423e-03 0.000000000000000000e+00 0.000000000000000000e+00 0.000000000000000000e+00 0.000000000000000000e+00 4.760200429491768387e-02 4.047490555855369704e-04 3.253253253253253225e-03 2.518315018315018475e-03 2.622520898213407444e-03 3.492094286545736632e-03 3.145643284051588399e-04 0.000000000000000000e+00 2.191060473269062277e-04 0.000000000000000000e+00 0.000000000000000000e+00 0.000000000000000000e+00 0.000000000000000000e+00 0.000000000000000000e+00 0.000000000000000000e+00 0.000000000000000000e+00 1.348072256672957754e-04 0.000000000000000000e+00 0.000000000000000000e+00 0.000000000000000000e+00 1.021659174499387011e-04 0.000000000000000000e+00 1.698254194687860838e-03 0.000000000000000000e+00 2.198285337436799332e-04 0.000000000000000000e+00 1.010271089408991364e-03 0.000000000000000000e+00 5.200678349349915561e-03 7.368653746960430323e-05 1.016518424396442143e-03 0.000000000000000000e+00 1.470588235294117627e-02 0.000000000000000000e+00 9.750538179055337831e-03 1.192605843768634481e-04 8.443271767810026085e-03 0.000000000000000000e+00 1.125017578399662441e-03 0.000000000000000000e+00 2.893099956603500836e-04 0.000000000000000000e+00 3.089348813730439028e-02 1.774705772464038817e-03 1.185770750988142212e-02 9.422648620866883344e-04 3.304692663582286909e-03 9.259259259259259613e-04 6.851971557853910738e-03 6.251562890722680513e-04 0.000000000000000000e+00 0.000000000000000000e+00 2.768257316108621146e-03 0.000000000000000000e+00 0.000000000000000000e+00 0.000000000000000000e+00 5.821796237131700302e-03 0.000000000000000000e+00 0.000000000000000000e+00 5.241090146750524391e-04 3.239241092086996791e-03 0.000000000000000000e+00 0.000000000000000000e+00 0.000000000000000000e+00 0.000000000000000000e+00 0.000000000000000000e+00 1.984126984126984017e-03 1.694915254237288130e-02 0.000000000000000000e+00 0.000000000000000000e+00 0.000000000000000000e+00 0.000000000000000000e+00 0.000000000000000000e+00 0.000000000000000000e+00 2.964719833975689172e-04 0.000000000000000000e+00 0.000000000000000000e+00 0.000000000000000000e+00 0.000000000000000000e+00 0.000000000000000000e+00 0.000000000000000000e+00 0.000000000000000000e+00 0.000000000000000000e+00 0.000000000000000000e+00 0.000000000000000000e+00 0.000000000000000000e+00 0.000000000000000000e+00 0.000000000000000000e+00
1.617337861879346696e-03 6.016496846191169562e-02 7.601487950832929406e-03 5.628335759340126476e-02 0.000000000000000000e+00 0.000000000000000000e+00 8.410156881772603080e-03 1.191978004205078434e-01 0.000000000000000000e+00 6.469351447517386567e-04 3.881610868510431724e-03 0.000000000000000000e+00 2.564833285836420809e-03 2.238002519757187059e-01 0.000000000000000000e+00 2.431315341599805599e-03 4.110996916752312526e-04 2.903637523931078615e-02 7.178418432326039329e-03 1.634988759452278909e-02 0.000000000000000000e+00 0.000000000000000000e+00 3.281027104136947058e-03 6.931074316519060703e-03 0.000000000000000000e+00 5.136106831022085439e-04 0.000000000000000000e+00 0.000000000000000000e+00 7.158196134574087034e-04 5.234754452239611527e-02 2.252252252252252233e-03 1.602564102564102509e-03 3.114243566628421746e-03 7.566204287515762919e-03 3.145643284051588399e-04 3.001715265866209108e-03 2.191060473269062277e-04 1.227747084100675162e-03 0.000000000000000000e+00 8.326394671107410729e-04 0.000000000000000000e+00 0.000000000000000000e+00 0.000000000000000000e+00 0.000000000000000000e+00 1.348072256672957754e-04 5.563591854901524031e-04 0.000000000000000000e+00 0.000000000000000000e+00 0.000000000000000000e+00 2.687690378068446516e-04 0.000000000000000000e+00 9.883515707730320798e-04 0.000000000000000000e+00 0.000000000000000000e+00 0.000000000000000000e+00 1.154734411085450328e-03 0.000000000000000000e+00 7.737086434308451839e-03 0.000000000000000000e+00 1.804052178739938865e-03 0.000000000000000000e+00 3.267306514192362503e-03 0.000000000000000000e+00 7.036374478234943587e-03 0.000000000000000000e+00 5.443234836702955104e-03 2.812543945999156103e-04 1.777401608125264406e-03 1.446549978301750418e-04 5.871990604815032150e-04 2.523977788995456807e-03 4.801046142350084284e-02 1.402524544179523103e-03 1.618982353948946254e-02 0.000000000000000000e+00 0.000000000000000000e+00 2.714932126696832475e-03 2.488122030507626883e-02 0.000000000000000000e+00 0.000000000000000000e+00 0.000000000000000000e+00 1.589061345158906263e-02 0.000000000000000000e+00 0.000000000000000000e+00 0.000000000000000000e+00 1.145973286967517588e-02 0.000000000000000000e+00 0.000000000000000000e+00 0.000000000000000000e+00 1.321832642545088012e-02 0.000000000000000000e+00 6.451612903225806446e-04 0.000000000000000000e+00 2.103049421661408978e-03 3.968253968253968034e-03 1.694915254237288130e-02 0.000000000000000000e+00 0.000000000000000000e+00 0.000000000000000000e+00 0.000000000000000000e+00 0.000000000000000000e+00 0.000000000000000000e+00 0.000000000000000000e+00 5.882352941176470073e-04 0.000000000000000000e+00 9.546539379474940556e-04 0.000000000000000000e+00 0.000000000000000000e+00 0.000000000000000000e+00 0.000000000000000000e+00 0.000000000000000000e+00 0.000000000000000000e+00 0.000000000000000000e+00 0.000000000000000000e+00 0.000000000000000000e+00 0.000000000000000000e+00
3.491023083499572577e-02 2.849814762040467505e-04 7.993730407523511050e-02 6.982046166999144980e-03 6.554573952693074773e-03 1.424907381020233752e-04 2.939583927044742140e-01 1.211171273867198660e-02 2.351097178683385705e-02 5.699629524080935010e-04 9.789113707609005399e-02 2.564833285836420809e-03 0.000000000000000000e+00 5.841255297216813719e-03 1.124553203189441880e-01 0.000000000000000000e+00 3.699897225077081273e-03 0.000000000000000000e+00 1.238856084288526144e-02 1.021867974657674318e-03 0.000000000000000000e+00 0.000000000000000000e+00 2.482168330955777588e-02 6.353484790142471805e-03 2.487562189054726321e-03 5.136106831022085439e-04 1.288659793814432965e-03 3.894080996884735093e-04 7.468384633738964218e-02 1.079330814894765254e-03 7.007007007007006946e-03 1.167582417582417598e-02 2.786428454351745545e-03 1.940052381414298201e-03 0.000000000000000000e+00 4.288164665523156024e-04 0.000000000000000000e+00 0.000000000000000000e+00 0.000000000000000000e+00 0.000000000000000000e+00 3.546099290780141758e-03 0.000000000000000000e+00 0.000000000000000000e+00 0.000000000000000000e+00 1.348072256672957754e-04 0.000000000000000000e+00 0.000000000000000000e+00 0.000000000000000000e+00 2.043318348998774021e-04 0.000000000000000000e+00 1.562393859112831901e-03 0.000000000000000000e+00 4.396570674873598664e-04 0.000000000000000000e+00 1.683785149014985607e-03 0.000000000000000000e+00 1.469756924816280428e-03 0.000000000000000000e+00 8.894536213468869296e-04 0.000000000000000000e+00 8.053221288515405307e-03 0.000000000000000000e+00 1.089021147271115528e-02 0.000000000000000000e+00 1.055408970976253261e-02 0.000000000000000000e+00 1.265644775699620219e-03 8.463817181548878251e-05 1.012584984811225157e-03 0.000000000000000000e+00 4.613831398283695095e-02 2.148328040351205146e-03 4.539079433890093329e-02 2.141511050197018873e-03 2.709847984137475282e-02 9.259259259259259613e-04 1.667744020685197129e-02 7.501875468867217050e-04 1.998001998001998000e-03 0.000000000000000000e+00 4.877405747429475538e-03 0.000000000000000000e+00 0.000000000000000000e+00 0.000000000000000000e+00 7.454739084132055646e-03 0.000000000000000000e+00 0.000000000000000000e+00 0.000000000000000000e+00 5.707234305105660620e-03 0.000000000000000000e+00 3.937007874015747977e-04 0.000000000000000000e+00 0.000000000000000000e+00 0.000000000000000000e+00 0.000000000000000000e+00 1.694915254237288130e-02 0.000000000000000000e+00 0.000000000000000000e+00 0.000000000000000000e+00 0.000000000000000000e+00 0.000000000000000000e+00 0.000000000000000000e+00 5.929439667951378343e-04 2.941176470588235036e-04 5.063291139240506640e-04 4.773269689737470278e-04 7.598784194528875350e-04 0.000000000000000000e+00 0.000000000000000000e+00 0.000000000000000000e+00 0.000000000000000000e+00 0.000000000000000000e+00 0.000000000000000000e+00 0.000000000000000000e+00 9.699321047526673250e-04 0.000000000000000000e+00
