0.000000000000000000e+00 2.678856170936536746e-02 4.773046326626111113e-02 4.729064039408866632e-03 3.926701570680628077e-03 0.000000000000000000e+00 8.296135002721828633e-02 4.658077304261645443e-03 3.442999234889058697e-03 0.000000000000000000e+00 2.766070952253934512e-01 5.841121495327102368e-04 3.853839566086211810e-02 0.000000000000000000e+00 2.574475910261125270e-03 0.000000000000000000e+00 6.780708985985160753e-02 3.393281303020020262e-03 2.787769784172661885e-02 2.555305808588666586e-02 0.000000000000000000e+00 0.000000000000000000e+00 8.373806732540613152e-04 1.587805652588123264e-04 0.000000000000000000e+00 0.000000000000000000e+00 0.000000000000000000e+00 0.000000000000000000e+00 4.527204762564031315e-02 2.395568198832160635e-03 2.407318247472315785e-04 1.791793585378964344e-04 7.010834926704907766e-03 1.638443935926773426e-02 0.000000000000000000e+00 0.000000000000000000e+00 5.638474295190713109e-02 2.451581269919097909e-03 0.000000000000000000e+00 0.000000000000000000e+00 3.018867924528301910e-02 0.000000000000000000e+00 0.000000000000000000e+00 0.000000000000000000e+00 3.531696980399081764e-04 0.000000000000000000e+00 0.000000000000000000e+00 0.000000000000000000e+00 2.063164577051261519e-03 0.000000000000000000e+00 1.467181467181467164e-02 3.684259003407939679e-04 3.328894806924101099e-03 2.112378538234051500e-04 3.313086692435118601e-03 0.000000000000000000e+00 3.153452331534523090e-01 5.493247882810712267e-03 2.970651395848246390e-02 1.578947368421052596e-03 8.341245083412450467e-02 5.392289026691831017e-04 6.709677419354838877e-03 9.035056017347307044e-04 2.662406815761448470e-02 0.000000000000000000e+00 2.424468481909735143e-03 4.484304932735426051e-04 8.542538354253835509e-02 8.119079837618402989e-03 1.026102610261026143e-01 2.041384429804212874e-03 3.850493653032439900e-02 1.012965964343598034e-03 1.036269430051813510e-02 0.000000000000000000e+00 5.501767327493468918e-02 1.175877708718293339e-03 0.000000000000000000e+00 0.000000000000000000e+00 1.063264221158958080e-03 4.973887092762994521e-04 0.000000000000000000e+00 0.000000000000000000e+00 2.045256744995648315e-02 9.987016878058524254e-05 4.621072088724584477e-03 0.000000000000000000e+00 1.684859990507830974e-02 0.000000000000000000e+00 1.474926253687315614e-03 6.949270326615705198e-04 0.000000000000000000e+00 1.088139281828074019e-03 6.649616368286445645e-02 5.524861878453038444e-03 0.000000000000000000e+00 0.000000000000000000e+00 0.000000000000000000e+00 2.700270027002700263e-03 0.000000000000000000e+00 1.347708894878706272e-03 2.575991756826378283e-04 0.000000000000000000e+00 0.000000000000000000e+00 0.000000000000000000e+00 0.000000000000000000e+00 0.000000000000000000e+00 0.000000000000000000e+00 0.000000000000000000e+00 0.000000000000000000e+00 0.000000000000000000e+00 1.872659176029962567e-03 0.000000000000000000e+00 0.000000000000000000e+00 0.000000000000000000e+00
2.678856170936536746e-02 0.000000000000000000e+00 5.521759475900795550e-03 4.403940886699507506e-02 0.000000000000000000e+00 1.000250062515629012e-03 1.306477953184540094e-03 5.807730426164519483e-02 0.000000000000000000e+00 2.869440459110473608e-03 0.000000000000000000e+00 9.793613707165109428e-02 0.000000000000000000e+00 1.350635593220339027e-02 0.000000000000000000e+00 7.235890014471779491e-04 2.885408079142621606e-03 8.924329826942653532e-02 3.597122302158273222e-02 9.156512480776056451e-02 0.000000000000000000e+00 0.000000000000000000e+00 1.674761346508122630e-04 4.763416957764369792e-04 0.000000000000000000e+00 9.041591320072332435e-04 0.000000000000000000e+00 3.699593044765075913e-04 2.076699432368821728e-03 4.461745770324898608e-02 4.814636494944631571e-04 3.583587170757928687e-04 2.421924792861695347e-02 2.178489702517162618e-02 0.000000000000000000e+00 1.282599401453612693e-03 2.072968490878938745e-03 8.090218190733022841e-02 0.000000000000000000e+00 5.171299288946347612e-03 3.773584905660377388e-03 0.000000000000000000e+00 0.000000000000000000e+00 0.000000000000000000e+00 0.000000000000000000e+00 3.895092183848351320e-04 0.000000000000000000e+00 3.972983710766785840e-04 3.174099349309633189e-04 1.585172539934154388e-03 3.309431880860452119e-04 9.671179883945842104e-03 0.000000000000000000e+00 1.478664976763836023e-03 0.000000000000000000e+00 1.921434671221178541e-03 3.735990037359900560e-03 2.100022888532845078e-01 7.158196134574087034e-04 3.456140350877193179e-02 1.356300013563000015e-04 5.419250471825289711e-02 2.580645161290322687e-04 7.950849295265630806e-03 4.259850905218317109e-04 1.474705992159790896e-02 1.118985453189108494e-03 1.065022421524663629e-02 2.458158995815899750e-02 6.468200270635994509e-02 9.000900090009000517e-04 7.850051034610745770e-02 2.115655853314527685e-03 2.198136142625607692e-02 8.635578583765111862e-04 7.165605095541401418e-03 2.151529122483479203e-03 4.451537040147824503e-02 0.000000000000000000e+00 0.000000000000000000e+00 0.000000000000000000e+00 2.486943546381497044e-03 0.000000000000000000e+00 0.000000000000000000e+00 2.175805047867710991e-04 1.557974632977129729e-02 0.000000000000000000e+00 0.000000000000000000e+00 2.373042240151874798e-04 9.823986901350797649e-03 0.000000000000000000e+00 4.864489228630993964e-03 8.153281695882592722e-04 4.352557127312296076e-03 2.557544757033248031e-02 8.287292817679557666e-02 0.000000000000000000e+00 4.464285714285714038e-03 0.000000000000000000e+00 3.600360036003600207e-03 0.000000000000000000e+00 5.390835579514825088e-03 5.151983513652756566e-04 2.615844544095665206e-03 0.000000000000000000e+00 5.800464037122969596e-04 1.659751037344398298e-03 3.125000000000000173e-03 0.000000000000000000e+00 0.000000000000000000e+00 0.000000000000000000e+00 0.000000000000000000e+00 0.000000000000000000e+00 0.000000000000000000e+00 5.012531328320801727e-03 0.000000000000000000e+00
4.773046326626111113e-02 5.521759475900795550e-03 0.000000000000000000e+00 7.586206896551724206e-03 9.764397905759161778e-02 2.000500125031258025e-03 2.604246053347849532e-01 1.546085232903865285e-02 4.820198928844682262e-02 1.434720229555236804e-03 4.774606561749800138e-02 5.646417445482865803e-03 7.593491293177276336e-02 7.150423728813559351e-03 3.126149319602795212e-02 1.205981669078630024e-03 1.504534212695795604e-02 2.035968781812012244e-03 1.298336330935251914e-01 7.216372885366141923e-03 1.199040767386091045e-03 0.000000000000000000e+00 2.406632054932172082e-01 6.510003175611305329e-03 5.160960654062340253e-02 9.041591320072332435e-04 2.473498233215547584e-02 1.479837217906030365e-03 3.876505607088467226e-02 1.796676149124120476e-03 2.479537794896485153e-02 2.795197993191184463e-02 1.019757807520713794e-02 9.977116704805491162e-03 1.539645881447267032e-03 0.000000000000000000e+00 1.077943615257048043e-02 1.470948761951458659e-03 0.000000000000000000e+00 0.000000000000000000e+00 3.773584905660377388e-03 0.000000000000000000e+00 1.856320772229441316e-04 0.000000000000000000e+00 1.765848490199540882e-03 0.000000000000000000e+00 0.000000000000000000e+00 0.000000000000000000e+00 3.808919219171560261e-03 1.219363492257041878e-04 5.405405405405405705e-03 0.000000000000000000e+00 1.997336884154460746e-03 0.000000000000000000e+00 1.932633903920485995e-03 0.000000000000000000e+00 7.471980074719801121e-03 8.010986495765621152e-04 1.073729420186113163e-02 0.000000000000000000e+00 5.289570052895700356e-03 8.088433540037745983e-04 5.161290322580645374e-04 0.000000000000000000e+00 3.407880724174653687e-03 0.000000000000000000e+00 1.417381574039537455e-02 2.242152466367713026e-04 1.673640167364016593e-02 2.706359945872801286e-04 4.923492349234923765e-02 1.484643221675791122e-03 8.166431593794076793e-02 2.431118314424635541e-03 6.044905008635578954e-03 0.000000000000000000e+00 8.467803903488550776e-02 3.023685536704182747e-03 0.000000000000000000e+00 0.000000000000000000e+00 1.240474924685450913e-03 0.000000000000000000e+00 0.000000000000000000e+00 0.000000000000000000e+00 2.937336814621409851e-03 0.000000000000000000e+00 1.848428835489833617e-03 0.000000000000000000e+00 2.847650688182249649e-03 2.728885250375221870e-04 2.949852507374631227e-04 6.949270326615705198e-04 4.076640847941296361e-04 0.000000000000000000e+00 1.099744245524296726e-01 5.524861878453038444e-03 0.000000000000000000e+00 0.000000000000000000e+00 8.517887563884156844e-04 0.000000000000000000e+00 0.000000000000000000e+00 0.000000000000000000e+00 2.575991756826378283e-04 3.736920777279521800e-04 0.000000000000000000e+00 0.000000000000000000e+00 0.000000000000000000e+00 0.000000000000000000e+00 0.000000000000000000e+00 0.000000000000000000e+00 0.000000000000000000e+00 9.009009009009008931e-03 0.000000000000000000e+00 0.000000000000000000e+00 0.000000000000000000e+00 0.000000000000000000e+00
4.729064039408866632e-03 4.403940886699507506e-02 7.586206896551724206e-03 0.000000000000000000e+00 7.853403141361256804e-04 1.177794448612153044e-01 7.729994556341861917e-03 1.305252725470763264e-01 7.651109410864575123e-04 2.654232424677187979e-02 2.400640170712189936e-03 6.639408099688473563e-02 3.711104767342278052e-03 3.773834745762711523e-02 2.942258183155571985e-03 3.569705740472745026e-02 4.122011541632316658e-04 2.714625042416016210e-02 1.641187050359712088e-02 1.015024251744942596e-01 0.000000000000000000e+00 0.000000000000000000e+00 1.356556690671579385e-02 2.829469672912035549e-01 2.554931016862544649e-03 7.730560578661845039e-02 3.926187671770710709e-04 1.516833148353681146e-02 2.076699432368821728e-03 3.892798323102261010e-02 1.829561868078960138e-02 6.450456907364271464e-02 1.032504780114722708e-02 2.544622425629290696e-02 0.000000000000000000e+00 2.137665669089354632e-03 0.000000000000000000e+00 4.339298847756803412e-02 0.000000000000000000e+00 6.464124111182934299e-03 0.000000000000000000e+00 5.714285714285714281e-03 0.000000000000000000e+00 2.405002405002405091e-04 0.000000000000000000e+00 1.298364061282783737e-03 0.000000000000000000e+00 3.972983710766785840e-04 0.000000000000000000e+00 2.072917936836970922e-03 1.103143960286817463e-04 5.065856129685917045e-03 0.000000000000000000e+00 4.224757076468103000e-04 0.000000000000000000e+00 4.269854824935952133e-04 6.918500069185000998e-04 1.590753032730601868e-02 0.000000000000000000e+00 1.982456140350877249e-02 4.068900040689000315e-04 3.235373416015098393e-03 5.161290322580645374e-04 7.228044813877846286e-04 0.000000000000000000e+00 1.493373156617509856e-03 8.392390898918313706e-04 2.085201793721972938e-02 8.716875871687587143e-04 7.036535859269282475e-03 3.330333033303330137e-03 3.572422752157371900e-02 2.397743300423131173e-03 6.918557536466775348e-02 0.000000000000000000e+00 3.184713375796178504e-03 2.151529122483479203e-03 7.995968419284393836e-02 0.000000000000000000e+00 0.000000000000000000e+00 0.000000000000000000e+00 4.227804028848545018e-03 0.000000000000000000e+00 0.000000000000000000e+00 1.087902523933855496e-04 2.197143713172875282e-03 0.000000000000000000e+00 8.826125330979700230e-04 4.746084480303749595e-04 1.500886887706371839e-03 2.359882005899704982e-03 3.474635163307852707e-03 8.153281695882592722e-04 3.264417845484222057e-03 3.836317135549872220e-02 1.049723756906077304e-01 0.000000000000000000e+00 4.464285714285714038e-03 4.258943781942078205e-03 3.600360036003600207e-03 0.000000000000000000e+00 0.000000000000000000e+00 7.727975270479134308e-04 2.615844544095665206e-03 5.246589716684155452e-04 5.800464037122969596e-04 0.000000000000000000e+00 0.000000000000000000e+00 0.000000000000000000e+00 0.000000000000000000e+00 2.958579881656804664e-03 0.000000000000000000e+00 1.872659176029962567e-03 0.000000000000000000e+00 2.506265664160400863e-03 0.000000000000000000e+00
3.926701570680628077e-03 0.000000000000000000e+00 9.764397905759161778e-02 7.853403141361256804e-04 0.000000000000000000e+00 4.251062765691422489e-03 2.318998366902558575e-02 2.973240832507433365e-04 4.185156847742922959e-01 2.152080344332854989e-03 0.000000000000000000e+00 0.000000000000000000e+00 1.284613188695403908e-03 0.000000000000000000e+00 1.294593600588451743e-01 1.447178002894355898e-03 2.061005770816158329e-04 0.000000000000000000e+00 6.744604316546762941e-04 0.000000000000000000e+00 2.877697841726618855e-02 0.000000000000000000e+00 5.225255401105342173e-02 1.587805652588123156e-03 9.555442003065917067e-02 7.233273056057865948e-03 1.570475068708284128e-01 1.109877913429522774e-03 2.353592690017997872e-03 1.497230124270100397e-04 1.853635050553683120e-02 7.346353700053753592e-03 3.441682600382409314e-03 0.000000000000000000e+00 0.000000000000000000e+00 0.000000000000000000e+00 0.000000000000000000e+00 0.000000000000000000e+00 0.000000000000000000e+00 0.000000000000000000e+00 0.000000000000000000e+00 0.000000000000000000e+00 0.000000000000000000e+00 0.000000000000000000e+00 0.000000000000000000e+00 0.000000000000000000e+00 0.000000000000000000e+00 0.000000000000000000e+00 0.000000000000000000e+00 0.000000000000000000e+00 7.722007722007721972e-04 0.000000000000000000e+00 0.000000000000000000e+00 0.000000000000000000e+00 0.000000000000000000e+00 0.000000000000000000e+00 0.000000000000000000e+00 0.000000000000000000e+00 1.789549033643521758e-04 0.000000000000000000e+00 4.068900040689000315e-04 0.000000000000000000e+00 0.000000000000000000e+00 0.000000000000000000e+00 4.259850905218317109e-04 0.000000000000000000e+00 5.594927265945542471e-04 0.000000000000000000e+00 3.486750348675034749e-04 0.000000000000000000e+00 2.286228622862286272e-02 1.484643221675791122e-03 3.483779971791255148e-02 0.000000000000000000e+00 5.181347150259067551e-03 0.000000000000000000e+00 3.688335638543107330e-03 0.000000000000000000e+00 0.000000000000000000e+00 0.000000000000000000e+00 0.000000000000000000e+00 0.000000000000000000e+00 0.000000000000000000e+00 0.000000000000000000e+00 8.703220191470843964e-04 0.000000000000000000e+00 0.000000000000000000e+00 0.000000000000000000e+00 4.746084480303749595e-04 0.000000000000000000e+00 0.000000000000000000e+00 6.949270326615705198e-04 4.076640847941296361e-04 0.000000000000000000e+00 1.278772378516624016e-02 5.524861878453038444e-03 0.000000000000000000e+00 0.000000000000000000e+00 0.000000000000000000e+00 0.000000000000000000e+00 0.000000000000000000e+00 0.000000000000000000e+00 0.000000000000000000e+00 0.000000000000000000e+00 0.000000000000000000e+00 0.000000000000000000e+00 0.000000000000000000e+00 0.000000000000000000e+00 0.000000000000000000e+00 0.000000000000000000e+00 0.000000000000000000e+00 0.000000000000000000e+00 0.000000000000000000e+00 0.000000000000000000e+00 0.000000000000000000e+00 0.000000000000000000e+00
0.000000000000000000e+00 1.000250062515629012e-03 2.000500125031258025e-03 1.177794448612153044e-01 4.251062765691422489e-03 0.000000000000000000e+00 6.532389765922700471e-04 9.415262636273537961e-03 1.147666411629686377e-03 3.020086083213773254e-01 0.000000000000000000e+00 1.168224299065420474e-03 0.000000000000000000e+00 2.515889830508474378e-03 2.206693637366678989e-03 7.260009647853352122e-02 0.000000000000000000e+00 5.089921954530030610e-04 1.124100719424460490e-04 1.064710753578611150e-03 8.992805755395683054e-03 3.711340206185567009e-02 3.014570423714620518e-03 5.970149253731343170e-02 3.576903423607562423e-03 2.066003616636528095e-01 1.570475068708284284e-03 2.430632630410654860e-01 1.384466288245881260e-04 1.018116484503668248e-02 6.259027443428021205e-03 2.777280057337394581e-02 1.274697259400892188e-04 2.013729977116704949e-03 0.000000000000000000e+00 0.000000000000000000e+00 0.000000000000000000e+00 7.354743809757293294e-04 0.000000000000000000e+00 0.000000000000000000e+00 0.000000000000000000e+00 0.000000000000000000e+00 0.000000000000000000e+00 2.405002405002405091e-04 0.000000000000000000e+00 1.298364061282783683e-04 0.000000000000000000e+00 0.000000000000000000e+00 0.000000000000000000e+00 1.219363492257041878e-04 0.000000000000000000e+00 3.684259003407939679e-04 0.000000000000000000e+00 2.112378538234051500e-04 0.000000000000000000e+00 8.539709649871904265e-04 0.000000000000000000e+00 2.288853284504463264e-04 0.000000000000000000e+00 3.508771929824561144e-04 0.000000000000000000e+00 0.000000000000000000e+00 0.000000000000000000e+00 0.000000000000000000e+00 0.000000000000000000e+00 0.000000000000000000e+00 0.000000000000000000e+00 1.008968609865470902e-03 0.000000000000000000e+00 0.000000000000000000e+00 2.250225022502250292e-03 2.449661315765055275e-02 4.231311706629055044e-04 4.244327390599676036e-02 0.000000000000000000e+00 5.573248407643311732e-03 3.073613032119255927e-04 5.039475894506970956e-03 0.000000000000000000e+00 0.000000000000000000e+00 0.000000000000000000e+00 0.000000000000000000e+00 0.000000000000000000e+00 1.360544217687074736e-03 0.000000000000000000e+00 8.988315190252671016e-04 0.000000000000000000e+00 2.647837599293910178e-03 0.000000000000000000e+00 1.227998362668849706e-03 0.000000000000000000e+00 0.000000000000000000e+00 0.000000000000000000e+00 0.000000000000000000e+00 2.557544757033248291e-03 5.524861878453038444e-03 0.000000000000000000e+00 0.000000000000000000e+00 0.000000000000000000e+00 0.000000000000000000e+00 0.000000000000000000e+00 0.000000000000000000e+00 0.000000000000000000e+00 0.000000000000000000e+00 0.000000000000000000e+00 0.000000000000000000e+00 0.000000000000000000e+00 0.000000000000000000e+00 0.000000000000000000e+00 0.000000000000000000e+00 0.000000000000000000e+00 0.000000000000000000e+00 0.000000000000000000e+00 0.000000000000000000e+00 2.506265664160400863e-03 0.000000000000000000e+00
8.296135002721828633e-02 1.306477953184540094e-03 2.604246053347849532e-01 7.729994556341861917e-03 2.318998366902558575e-02 6.532389765922700471e-04 0.000000000000000000e+00 2.031714568880079244e-02 9.716908951798010341e-02 2.152080344332854989e-03 5.654841291010936216e-02 6.814641744548286494e-03 2.453611190408221399e-01 5.693855932203389404e-03 1.802133137182787906e-02 1.447178002894355898e-03 6.389117889530090792e-03 2.544960977265015196e-03 4.721223021582733950e-03 4.377144209156512769e-03 0.000000000000000000e+00 0.000000000000000000e+00 9.378663540445485863e-03 9.050492219752301684e-03 4.598875830352580629e-03 2.712477396021699839e-03 7.852375343541421419e-04 0.000000000000000000e+00 1.633670220130139725e-02 2.096122173978140230e-03 7.221954742416947411e-03 2.150152302454757039e-02 7.648183556405353670e-04 9.519450800915331065e-03 0.000000000000000000e+00 0.000000000000000000e+00 2.487562189054726321e-03 4.903162539838195168e-04 0.000000000000000000e+00 0.000000000000000000e+00 0.000000000000000000e+00 0.000000000000000000e+00 1.856320772229441316e-04 0.000000000000000000e+00 8.829242450997704409e-04 1.298364061282783683e-04 2.513826043237807686e-04 0.000000000000000000e+00 6.348198698619266379e-04 1.219363492257041878e-04 1.059018201875344678e-02 1.842129501703969839e-04 2.663115845539281139e-03 0.000000000000000000e+00 5.245720596355604379e-03 2.134927412467976066e-04 7.748720077487200424e-03 0.000000000000000000e+00 1.145311381531853925e-02 1.754385964912280572e-04 2.142954021429540126e-02 0.000000000000000000e+00 2.322580645161290147e-03 1.807011203469461571e-04 1.086261980830670847e-02 0.000000000000000000e+00 2.797463632972771452e-03 0.000000000000000000e+00 1.917712691771269193e-03 0.000000000000000000e+00 1.067506750675067534e-01 1.391853020321054055e-03 3.201692524682651919e-02 3.545380875202593009e-03 1.727115716753022372e-03 0.000000000000000000e+00 4.610419548178884552e-02 1.007895178901394321e-03 0.000000000000000000e+00 0.000000000000000000e+00 1.949317738791422894e-03 0.000000000000000000e+00 0.000000000000000000e+00 0.000000000000000000e+00 1.533942558746736323e-02 0.000000000000000000e+00 9.242144177449168087e-04 0.000000000000000000e+00 2.183198860939724803e-02 0.000000000000000000e+00 2.949852507374631227e-04 0.000000000000000000e+00 4.076640847941296361e-04 0.000000000000000000e+00 3.069053708439897776e-02 5.524861878453038444e-03 0.000000000000000000e+00 0.000000000000000000e+00 0.000000000000000000e+00 0.000000000000000000e+00 0.000000000000000000e+00 0.000000000000000000e+00 0.000000000000000000e+00 0.000000000000000000e+00 0.000000000000000000e+00 0.000000000000000000e+00 0.000000000000000000e+00 3.125000000000000173e-03 0.000000000000000000e+00 0.000000000000000000e+00 0.000000000000000000e+00 0.000000000000000000e+00 0.000000000000000000e+00 0.000000000000000000e+00 0.000000000000000000e+00 0.000000000000000000e+00
4.658077304261645443e-03 5.807730426164519483e-02 1.546085232903865285e-02 1.305252725470763264e-01 2.973240832507433365e-04 9.415262636273537961e-03 2.031714568880079244e-02 0.000000000000000000e+00 7.651109410864575123e-04 1.441893830703012969e-01 6.134969325153374377e-03 1.725077881619937747e-01 1.041964030830716537e-02 2.726430084745762872e-01 1.471129091577785993e-03 3.063193439459720169e-02 1.236603462489694943e-03 2.494061757719714945e-02 2.135791366906474725e-02 8.044481249260618250e-03 0.000000000000000000e+00 0.000000000000000000e+00 2.311170658181209078e-02 8.732931089234678007e-03 1.021972406745017990e-03 9.041591320072332435e-04 7.852375343541421419e-04 7.399186089530151826e-04 2.768932576491762304e-03 2.829764934870489593e-02 2.214732787674530620e-02 8.421429851281131765e-03 1.427660930528999381e-02 6.224256292906178538e-03 0.000000000000000000e+00 1.282599401453612693e-03 0.000000000000000000e+00 1.397401323853885748e-02 0.000000000000000000e+00 2.585649644473173806e-03 0.000000000000000000e+00 0.000000000000000000e+00 0.000000000000000000e+00 2.405002405002405091e-04 0.000000000000000000e+00 1.038691249026226946e-03 0.000000000000000000e+00 0.000000000000000000e+00 0.000000000000000000e+00 6.462626508962321902e-03 2.206287920573634927e-04 1.528967486414294953e-02 0.000000000000000000e+00 2.957329953527672046e-03 2.760905577029265862e-04 4.056362083689154553e-03 0.000000000000000000e+00 1.441977569237811937e-02 7.158196134574087034e-04 2.175438596491227963e-02 5.425200054252000059e-04 2.884874629280129513e-02 0.000000000000000000e+00 1.626310083122515333e-03 0.000000000000000000e+00 1.064028374089975686e-02 6.527415143603133244e-04 1.390134529147982016e-02 8.716875871687587143e-04 3.518267929634641238e-03 6.300630063006300470e-03 1.006773684698895749e-01 5.218617771509168231e-03 4.345623987034035601e-02 8.635578583765111862e-04 1.592356687898089252e-03 4.456738896572921826e-03 5.392239207122459521e-02 0.000000000000000000e+00 0.000000000000000000e+00 0.000000000000000000e+00 3.481720964934095948e-03 0.000000000000000000e+00 0.000000000000000000e+00 1.087902523933855496e-04 1.478078497952661600e-02 0.000000000000000000e+00 0.000000000000000000e+00 0.000000000000000000e+00 1.118842952653840983e-02 1.179941002949852491e-03 4.169562195969422902e-03 4.076640847941296361e-04 0.000000000000000000e+00 2.557544757033248031e-02 4.419889502762430755e-02 0.000000000000000000e+00 0.000000000000000000e+00 1.703577512776831369e-03 1.800180018001800103e-03 0.000000000000000000e+00 0.000000000000000000e+00 2.575991756826378283e-04 3.736920777279521800e-04 5.246589716684155452e-04 5.800464037122969596e-04 0.000000000000000000e+00 0.000000000000000000e+00 0.000000000000000000e+00 0.000000000000000000e+00 0.000000000000000000e+00 0.000000000000000000e+00 0.000000000000000000e+00 0.000000000000000000e+00 2.506265664160400863e-03 0.000000000000000000e+00
3.442999234889058697e-03 0.000000000000000000e+00 4.820198928844682262e-02 7.651109410864575123e-04 4.185156847742922959e-01 1.147666411629686377e-03 9.716908951798010341e-02 7.651109410864575123e-04 0.000000000000000000e+00 2.869440459110473608e-03 0.000000000000000000e+00 0.000000000000000000e+00 2.041107622038252842e-02 1.324152542372881351e-04 2.368517837440235474e-01 0.000000000000000000e+00 0.000000000000000000e+00 0.000000000000000000e+00 1.124100719424460490e-04 0.000000000000000000e+00 0.000000000000000000e+00 0.000000000000000000e+00 2.679618154412996209e-03 3.175611305176246528e-04 5.109862033725089949e-04 1.356238698010849919e-03 7.852375343541421419e-04 1.109877913429522774e-03 2.907379205316350593e-03 0.000000000000000000e+00 1.685122773230621077e-03 4.479483963447410642e-03 2.549394518801784376e-04 0.000000000000000000e+00 0.000000000000000000e+00 0.000000000000000000e+00 0.000000000000000000e+00 0.000000000000000000e+00 0.000000000000000000e+00 0.000000000000000000e+00 0.000000000000000000e+00 0.000000000000000000e+00 0.000000000000000000e+00 0.000000000000000000e+00 0.000000000000000000e+00 0.000000000000000000e+00 0.000000000000000000e+00 0.000000000000000000e+00 0.000000000000000000e+00 0.000000000000000000e+00 2.206287920573634927e-04 0.000000000000000000e+00 0.000000000000000000e+00 0.000000000000000000e+00 0.000000000000000000e+00 0.000000000000000000e+00 2.767400027674000074e-04 0.000000000000000000e+00 3.579098067287043517e-04 0.000000000000000000e+00 8.137800081378000630e-04 0.000000000000000000e+00 2.580645161290322687e-04 0.000000000000000000e+00 4.259850905218317109e-04 0.000000000000000000e+00 0.000000000000000000e+00 0.000000000000000000e+00 3.486750348675034749e-04 0.000000000000000000e+00 9.090909090909090468e-03 1.855804027094738902e-04 1.100141043723554257e-02 1.012965964343598007e-04 2.590673575129533775e-03 0.000000000000000000e+00 4.456738896572921826e-03 0.000000000000000000e+00 0.000000000000000000e+00 0.000000000000000000e+00 1.772107035264929953e-04 0.000000000000000000e+00 0.000000000000000000e+00 0.000000000000000000e+00 8.703220191470843964e-04 0.000000000000000000e+00 0.000000000000000000e+00 0.000000000000000000e+00 7.119126720455624122e-04 0.000000000000000000e+00 0.000000000000000000e+00 6.949270326615705198e-04 0.000000000000000000e+00 1.088139281828074019e-03 7.672634271099744441e-03 0.000000000000000000e+00 0.000000000000000000e+00 0.000000000000000000e+00 0.000000000000000000e+00 0.000000000000000000e+00 0.000000000000000000e+00 0.000000000000000000e+00 2.575991756826378283e-04 0.000000000000000000e+00 0.000000000000000000e+00 0.000000000000000000e+00 0.000000000000000000e+00 0.000000000000000000e+00 0.000000000000000000e+00 0.000000000000000000e+00 0.000000000000000000e+00 0.000000000000000000e+00 0.000000000000000000e+00 0.000000000000000000e+00 0.000000000000000000e+00 0.000000000000000000e+00
0.000000000000000000e+00 2.869440459110473608e-03 1.434720229555236804e-03 2.654232424677187979e-02 2.152080344332854989e-03 3.020086083213773254e-01 2.152080344332854989e-03 1.441893830703012969e-01 2.869440459110473608e-03 0.000000000000000000e+00 0.000000000000000000e+00 7.788161993769470185e-04 1.427347987439337796e-04 6.223516949152542270e-03 1.471129091577785993e-03 7.235890014471779708e-02 0.000000000000000000e+00 1.696640651510010294e-04 0.000000000000000000e+00 0.000000000000000000e+00 0.000000000000000000e+00 1.443298969072165025e-02 5.024284039524367891e-04 3.810733566211495834e-03 1.021972406745017990e-03 1.175406871609403249e-02 0.000000000000000000e+00 7.769145394006659634e-03 2.768932576491762521e-04 5.090582422518341241e-03 2.648050072219547500e-03 1.791793585378964344e-04 0.000000000000000000e+00 1.830663615560640715e-04 0.000000000000000000e+00 0.000000000000000000e+00 0.000000000000000000e+00 1.470948761951458659e-03 0.000000000000000000e+00 0.000000000000000000e+00 0.000000000000000000e+00 0.000000000000000000e+00 0.000000000000000000e+00 0.000000000000000000e+00 0.000000000000000000e+00 0.000000000000000000e+00 0.000000000000000000e+00 0.000000000000000000e+00 0.000000000000000000e+00 1.219363492257041878e-04 0.000000000000000000e+00 0.000000000000000000e+00 0.000000000000000000e+00 0.000000000000000000e+00 0.000000000000000000e+00 0.000000000000000000e+00 0.000000000000000000e+00 1.144426642252231632e-04 0.000000000000000000e+00 0.000000000000000000e+00 0.000000000000000000e+00 5.392289026691831017e-04 0.000000000000000000e+00 1.807011203469461571e-04 0.000000000000000000e+00 0.000000000000000000e+00 0.000000000000000000e+00 3.363228699551569674e-04 1.743375174337517374e-04 2.706359945872801286e-04 1.350135013501350132e-03 5.660202282638953503e-03 0.000000000000000000e+00 9.927066450567260600e-03 0.000000000000000000e+00 7.961783439490446260e-04 1.536806516059627964e-04 3.191668066521081981e-03 0.000000000000000000e+00 0.000000000000000000e+00 0.000000000000000000e+00 9.947774185525989042e-04 0.000000000000000000e+00 0.000000000000000000e+00 0.000000000000000000e+00 7.989613502446819403e-04 0.000000000000000000e+00 0.000000000000000000e+00 0.000000000000000000e+00 5.457770500750443740e-04 0.000000000000000000e+00 0.000000000000000000e+00 0.000000000000000000e+00 0.000000000000000000e+00 0.000000000000000000e+00 5.524861878453038444e-03 0.000000000000000000e+00 0.000000000000000000e+00 0.000000000000000000e+00 0.000000000000000000e+00 0.000000000000000000e+00 0.000000000000000000e+00 0.000000000000000000e+00 0.000000000000000000e+00 0.000000000000000000e+00 0.000000000000000000e+00 0.000000000000000000e+00 3.125000000000000173e-03 0.000000000000000000e+00 0.000000000000000000e+00 0.000000000000000000e+00 0.000000000000000000e+00 0.000000000000000000e+00 0.000000000000000000e+00 0.000000000000000000e+00 0.000000000000000000e+00
2.766070952253934512e-01 0.000000000000000000e+00 4.774606561749800138e-02 2.400640170712189936e-03 0.000000000000000000e+00 0.000000000000000000e+00 5.654841291010936216e-02 6.134969325153374377e-03 0.000000000000000000e+00 0.000000000000000000e+00 0.000000000000000000e+00 1.168224299065420474e-03 1.167570653725378271e-01 6.620762711864406486e-04 1.471129091577785993e-03 0.000000000000000000e+00 3.565539983511954031e-02 1.696640651510010294e-04 1.169064748201438866e-02 3.549035845262036985e-04 0.000000000000000000e+00 0.000000000000000000e+00 4.521855635571930994e-03 4.763416957764369792e-04 0.000000000000000000e+00 0.000000000000000000e+00 0.000000000000000000e+00 0.000000000000000000e+00 1.979786792191610273e-02 1.497230124270100397e-04 1.925854597977852628e-03 1.075076151227378606e-03 1.657106437221159871e-03 1.830663615560640823e-03 0.000000000000000000e+00 0.000000000000000000e+00 0.000000000000000000e+00 0.000000000000000000e+00 0.000000000000000000e+00 0.000000000000000000e+00 0.000000000000000000e+00 0.000000000000000000e+00 0.000000000000000000e+00 0.000000000000000000e+00 1.765848490199540882e-04 0.000000000000000000e+00 0.000000000000000000e+00 0.000000000000000000e+00 3.174099349309633189e-04 0.000000000000000000e+00 3.750689464975179212e-03 0.000000000000000000e+00 0.000000000000000000e+00 0.000000000000000000e+00 8.282716731087796502e-04 0.000000000000000000e+00 7.195240071952400951e-03 0.000000000000000000e+00 5.547602004294917288e-03 0.000000000000000000e+00 3.851892038518920508e-02 0.000000000000000000e+00 1.161290322580645247e-02 0.000000000000000000e+00 8.306709265175718851e-03 0.000000000000000000e+00 1.864975755315180896e-03 0.000000000000000000e+00 3.486750348675034749e-04 0.000000000000000000e+00 2.205220522052205381e-02 3.711608054189477804e-04 2.679830747531734662e-03 2.025931928687196013e-04 0.000000000000000000e+00 0.000000000000000000e+00 4.610419548178884162e-04 3.359650596337980890e-04 0.000000000000000000e+00 0.000000000000000000e+00 2.835371256423887924e-03 0.000000000000000000e+00 2.012072434607646045e-03 0.000000000000000000e+00 1.240208877284595251e-02 0.000000000000000000e+00 9.242144177449168087e-04 0.000000000000000000e+00 8.068343616516374800e-03 0.000000000000000000e+00 0.000000000000000000e+00 0.000000000000000000e+00 0.000000000000000000e+00 0.000000000000000000e+00 0.000000000000000000e+00 0.000000000000000000e+00 0.000000000000000000e+00 0.000000000000000000e+00 0.000000000000000000e+00 0.000000000000000000e+00 0.000000000000000000e+00 0.000000000000000000e+00 0.000000000000000000e+00 0.000000000000000000e+00 0.000000000000000000e+00 0.000000000000000000e+00 0.000000000000000000e+00 0.000000000000000000e+00 0.000000000000000000e+00 0.000000000000000000e+00 0.000000000000000000e+00 0.000000000000000000e+00 0.000000000000000000e+00 0.000000000000000000e+00 0.000000000000000000e+00 0.000000000000000000e+00
5.841121495327102368e-04 9.793613707165109428e-02 5.646417445482865803e-03 6.639408099688473563e-02 0.000000000000000000e+00 1.168224299065420474e-03 6.814641744548286494e-03 1.725077881619937747e-01 0.000000000000000000e+00 7.788161993769470185e-04 1.168224299065420474e-03 0.000000000000000000e+00 1.427347987439337796e-04 1.284427966101694962e-01 0.000000000000000000e+00 5.547515677761697718e-03 2.061005770816158329e-04 6.633864947404140289e-02 4.946043165467625506e-03 1.112031231515438374e-02 0.000000000000000000e+00 0.000000000000000000e+00 3.182046558365432889e-03 1.635439822165767054e-02 0.000000000000000000e+00 0.000000000000000000e+00 0.000000000000000000e+00 0.000000000000000000e+00 4.153398864737643781e-04 4.716274891450816104e-02 2.648050072219547500e-03 3.583587170757928687e-03 2.676864244741873622e-03 9.794050343249427470e-03 0.000000000000000000e+00 1.710132535271483446e-03 0.000000000000000000e+00 7.354743809757293294e-04 0.000000000000000000e+00 0.000000000000000000e+00 0.000000000000000000e+00 0.000000000000000000e+00 0.000000000000000000e+00 0.000000000000000000e+00 0.000000000000000000e+00 0.000000000000000000e+00 0.000000000000000000e+00 0.000000000000000000e+00 0.000000000000000000e+00 3.658090476771125635e-04 2.206287920573634927e-04 2.026342451874366905e-03 0.000000000000000000e+00 1.267427122940430846e-03 0.000000000000000000e+00 1.921434671221178541e-03 0.000000000000000000e+00 7.095445181963836064e-03 1.789549033643521758e-04 1.578947368421052596e-03 0.000000000000000000e+00 1.482879482340253470e-02 0.000000000000000000e+00 4.336826888326707555e-03 0.000000000000000000e+00 9.146910584282247000e-03 3.729951510630362009e-04 1.681614349775784837e-03 0.000000000000000000e+00 0.000000000000000000e+00 4.500450045004500258e-04 3.062076644706318920e-02 1.269393511988716567e-03 5.267423014586709688e-03 0.000000000000000000e+00 0.000000000000000000e+00 4.610419548178884162e-04 2.687720477070384712e-03 0.000000000000000000e+00 2.398081534772182090e-03 0.000000000000000000e+00 1.517035563292713253e-02 0.000000000000000000e+00 0.000000000000000000e+00 1.087902523933855496e-04 2.896234894636972104e-02 0.000000000000000000e+00 1.765225066195940046e-03 0.000000000000000000e+00 2.183108200300177409e-02 0.000000000000000000e+00 0.000000000000000000e+00 0.000000000000000000e+00 0.000000000000000000e+00 2.557544757033248291e-03 5.524861878453038444e-03 0.000000000000000000e+00 0.000000000000000000e+00 0.000000000000000000e+00 0.000000000000000000e+00 0.000000000000000000e+00 0.000000000000000000e+00 0.000000000000000000e+00 0.000000000000000000e+00 0.000000000000000000e+00 0.000000000000000000e+00 0.000000000000000000e+00 0.000000000000000000e+00 0.000000000000000000e+00 0.000000000000000000e+00 0.000000000000000000e+00 0.000000000000000000e+00 0.000000000000000000e+00 0.000000000000000000e+00 0.000000000000000000e+00 0.000000000000000000e+00
3.853839566086211810e-02 0.000000000000000000e+00 7.593491293177276336e-02 3.711104767342278052e-03 1.284613188695403908e-03 0.000000000000000000e+00 2.453611190408221399e-01 1.041964030830716537e-02 2.041107622038252842e-02 1.427347987439337796e-04 1.167570653725378271e-01 1.427347987439337796e-04 0.000000000000000000e+00 1.588983050847457730e-03 1.772710555351232065e-01 2.411963338157260101e-04 8.450123660346248525e-03 0.000000000000000000e+00 5.283273381294964141e-03 2.366023896841357990e-04 0.000000000000000000e+00 0.000000000000000000e+00 2.880589515993970881e-02 4.445855827246745356e-03 1.021972406745017990e-03 1.356238698010849919e-03 0.000000000000000000e+00 0.000000000000000000e+00 1.086806036273016696e-01 5.988920497080401587e-04 8.666345690900337587e-03 9.317326643970613720e-03 1.657106437221159871e-03 9.153318077803204115e-04 0.000000000000000000e+00 0.000000000000000000e+00 1.243781094527363160e-03 0.000000000000000000e+00 0.000000000000000000e+00 0.000000000000000000e+00 0.000000000000000000e+00 0.000000000000000000e+00 0.000000000000000000e+00 0.000000000000000000e+00 1.765848490199540882e-04 0.000000000000000000e+00 0.000000000000000000e+00 0.000000000000000000e+00 3.174099349309633189e-04 0.000000000000000000e+00 1.544401544401544394e-03 0.000000000000000000e+00 0.000000000000000000e+00 0.000000000000000000e+00 5.521811154058531724e-04 0.000000000000000000e+00 3.182510031825100220e-03 0.000000000000000000e+00 3.400143163922691395e-03 0.000000000000000000e+00 2.237895022378950244e-02 0.000000000000000000e+00 8.516129032258065029e-03 0.000000000000000000e+00 5.963791267305644170e-03 0.000000000000000000e+00 7.459903021260724017e-04 0.000000000000000000e+00 5.230125523012551852e-04 0.000000000000000000e+00 8.505850585058505331e-02 3.711608054189477804e-04 2.609308885754584029e-02 9.116693679092382737e-04 8.635578583765111862e-04 0.000000000000000000e+00 1.813431688950361068e-02 1.007895178901394321e-03 0.000000000000000000e+00 0.000000000000000000e+00 3.367003367003366856e-03 0.000000000000000000e+00 0.000000000000000000e+00 0.000000000000000000e+00 1.066144473455178480e-02 0.000000000000000000e+00 0.000000000000000000e+00 0.000000000000000000e+00 7.119126720455623905e-03 0.000000000000000000e+00 0.000000000000000000e+00 6.949270326615705198e-04 0.000000000000000000e+00 0.000000000000000000e+00 1.278772378516624016e-02 0.000000000000000000e+00 0.000000000000000000e+00 0.000000000000000000e+00 8.517887563884156844e-04 0.000000000000000000e+00 0.000000000000000000e+00 0.000000000000000000e+00 0.000000000000000000e+00 0.000000000000000000e+00 0.000000000000000000e+00 0.000000000000000000e+00 0.000000000000000000e+00 0.000000000000000000e+00 0.000000000000000000e+00 0.000000000000000000e+00 2.958579881656804664e-03 0.000000000000000000e+00 0.000000000000000000e+00 0.000000000000000000e+00 0.000000000000000000e+00 0.000000000000000000e+00
