0.000000000000000000e+00 1.724439775910364264e-02 9.060814124570867878e-02 7.870967741935483084e-03 0.000000000000000000e+00 0.000000000000000000e+00 1.387311178247734034e-01 5.865819381644873237e-03 7.776049766718506982e-04 0.000000000000000000e+00 3.384867650503630698e-01 3.243037008775276776e-03 4.190724529707580415e-02 2.773540424351684987e-04 2.205882352941176440e-03 0.000000000000000000e+00 7.785200411099692241e-02 2.806736166800320731e-03 7.734976887519259825e-02 3.569910752231194445e-02 0.000000000000000000e+00 0.000000000000000000e+00 2.044989775051124937e-03 2.613012803762738176e-04 0.000000000000000000e+00 0.000000000000000000e+00 0.000000000000000000e+00 0.000000000000000000e+00 1.820453328573978097e-02 3.563474387527839748e-03 1.058201058201058142e-02 1.481207183854841734e-03 1.676528599605522571e-02 2.240929570784918126e-02 4.184100418410041590e-04 5.630630630630630582e-04 3.755605381165919021e-02 2.183406113537117953e-04 6.574621959237344181e-04 0.000000000000000000e+00 2.861230329041487830e-03 0.000000000000000000e+00 5.904059040590406383e-04 0.000000000000000000e+00 5.668934240362811941e-04 0.000000000000000000e+00 0.000000000000000000e+00 0.000000000000000000e+00 1.355538342370255509e-03 0.000000000000000000e+00 4.552352048558422001e-03 0.000000000000000000e+00 0.000000000000000000e+00 0.000000000000000000e+00 7.820646506777893846e-04 0.000000000000000000e+00 1.953806057338006719e-01 1.204416192706590782e-02 1.883784958701637327e-02 0.000000000000000000e+00 5.631417381179210091e-02 5.592841163310961847e-04 1.424680494447936284e-02 1.490090895544628267e-04 4.426904598490048054e-02 1.603334936668270060e-04 3.643992932862190684e-03 5.899008966493629125e-04 1.091954022988505801e-01 8.072328059412334569e-03 6.571365248226949951e-02 1.544752385279418543e-03 9.880028228652082412e-03 1.416248229689712939e-03 0.000000000000000000e+00 0.000000000000000000e+00 4.376215615448735691e-02 5.279503105590062362e-03 3.092783505154639030e-03 0.000000000000000000e+00 7.738028484916451705e-03 0.000000000000000000e+00 0.000000000000000000e+00 7.092198581560284166e-04 2.647987691311037492e-02 9.376465072667604036e-05 1.494768310911808720e-03 0.000000000000000000e+00 6.976280645804265601e-03 1.763668430335097121e-04 7.782101167315175639e-04 0.000000000000000000e+00 3.780718336483932158e-04 0.000000000000000000e+00 1.606648199445983444e-02 1.041666666666666609e-02 0.000000000000000000e+00 0.000000000000000000e+00 0.000000000000000000e+00 0.000000000000000000e+00 0.000000000000000000e+00 0.000000000000000000e+00 4.173622704507512645e-04 6.426735218508996964e-04 0.000000000000000000e+00 5.411255411255411251e-04 0.000000000000000000e+00 0.000000000000000000e+00 0.000000000000000000e+00 5.602240896358543464e-03 0.000000000000000000e+00 0.000000000000000000e+00 0.000000000000000000e+00 0.000000000000000000e+00 0.000000000000000000e+00 0.000000000000000000e+00
1.724439775910364264e-02 0.000000000000000000e+00 2.820009808729769408e-03 8.851612903225807016e-02 0.000000000000000000e+00 6.242197253433208557e-04 3.141993957703927490e-03 7.515581082732494811e-02 7.776049766718506982e-04 6.688963210702341018e-03 4.684937924572499419e-04 1.713086608164822722e-01 0.000000000000000000e+00 1.913742892802662576e-02 0.000000000000000000e+00 0.000000000000000000e+00 2.569373072970195220e-03 7.257417802726544298e-02 2.203389830508474534e-02 4.278226377673891717e-02 0.000000000000000000e+00 0.000000000000000000e+00 5.577244841048522358e-04 1.306506401881369142e-03 0.000000000000000000e+00 0.000000000000000000e+00 0.000000000000000000e+00 0.000000000000000000e+00 5.354274495805818506e-04 4.246473645137342073e-02 4.357298474945534190e-03 5.554526939455656231e-04 1.845590307128768676e-02 2.300213421863884361e-02 4.184100418410041590e-04 1.126126126126126116e-03 1.681614349775784837e-03 6.375545851528384433e-02 0.000000000000000000e+00 4.943181818181818094e-02 0.000000000000000000e+00 4.067796610169491234e-02 0.000000000000000000e+00 3.715630418627693748e-04 1.417233560090702985e-04 1.532567049808429170e-03 2.850627137970353567e-04 2.072968490878938691e-04 0.000000000000000000e+00 6.591202177962459004e-03 2.167786689789724685e-04 8.214920071047958003e-03 0.000000000000000000e+00 1.014404544532359525e-03 0.000000000000000000e+00 3.010914565299209738e-03 4.134088253797070338e-03 2.466543994647039106e-01 7.245326764237067143e-04 4.342162396873643082e-02 6.351222610352493057e-04 4.958985831469053113e-02 2.095118374188141498e-04 3.099389062732826536e-02 6.863417982155113010e-04 5.595638928972262310e-02 1.987632508833922073e-03 3.291647003303445340e-02 1.255853554704129335e-02 6.845334194381659521e-02 1.440602836879432535e-03 4.643343934575193399e-02 8.821453775582216439e-04 3.501995622505471584e-02 0.000000000000000000e+00 0.000000000000000000e+00 2.083912197832731364e-03 1.209627329192546619e-01 0.000000000000000000e+00 0.000000000000000000e+00 4.485813614444319813e-04 9.067357512953367130e-03 0.000000000000000000e+00 1.418439716312056833e-03 8.097821685966475681e-05 2.325363338021566029e-02 0.000000000000000000e+00 1.254705144291091501e-03 0.000000000000000000e+00 3.280423280423280102e-02 1.556420233463035128e-03 1.747640685075148477e-03 3.780718336483932158e-04 2.338790511192783295e-03 8.864265927977840048e-03 3.194444444444444198e-02 6.591957811470006059e-04 1.684919966301600585e-03 0.000000000000000000e+00 0.000000000000000000e+00 1.138952164009111563e-03 1.200480192076830649e-03 4.173622704507512645e-04 2.570694087403598786e-03 4.980079681274900312e-04 3.246753246753246967e-03 0.000000000000000000e+00 9.442870632672332835e-04 0.000000000000000000e+00 4.761904761904761640e-02 0.000000000000000000e+00 0.000000000000000000e+00 0.000000000000000000e+00 0.000000000000000000e+00 0.000000000000000000e+00 0.000000000000000000e+00
9.060814124570867878e-02 2.820009808729769408e-03 0.000000000000000000e+00 2.451612903225806363e-03 9.988901220865704922e-02 2.496878901373283423e-03 2.990936555891238746e-01 6.354637663448612674e-03 6.531881804043546125e-02 1.003344481605351196e-02 2.693839306629187275e-02 1.907668828691339242e-03 4.544607934438443103e-02 3.189571488004437627e-03 6.985294117647059160e-03 1.927525057825751811e-03 2.004110996916752194e-02 1.403368083400160365e-03 1.132511556240369810e-01 5.241535628275960194e-03 7.401924500370095882e-04 4.426737494466578176e-04 1.740100390407138820e-01 1.123595505617977497e-02 1.387137452711223289e-02 2.983590253605171525e-03 0.000000000000000000e+00 0.000000000000000000e+00 3.676601820453328368e-02 1.187824795842613249e-03 2.769996887643946457e-02 2.166265506387705930e-02 8.593970132431670919e-03 3.912734171211761959e-03 1.255230125523012531e-03 0.000000000000000000e+00 2.550448430493273619e-02 4.366812227074235906e-04 3.287310979618672090e-03 5.681818181818181542e-04 2.861230329041487830e-03 0.000000000000000000e+00 0.000000000000000000e+00 0.000000000000000000e+00 7.086167800453514656e-04 0.000000000000000000e+00 0.000000000000000000e+00 0.000000000000000000e+00 7.745933384972889706e-04 0.000000000000000000e+00 1.300672013873834919e-03 0.000000000000000000e+00 0.000000000000000000e+00 2.028809089064719049e-04 0.000000000000000000e+00 0.000000000000000000e+00 5.302417542913633562e-03 4.182000669120106823e-04 8.984205187653963864e-03 2.171081198436821606e-04 3.493172435693870856e-03 1.864280387770320525e-04 1.257071024512885007e-03 0.000000000000000000e+00 1.715854495538778361e-03 3.206669873336540121e-04 9.165194346289751853e-03 1.179801793298725852e-04 1.064282673478075770e-03 9.686793671294800963e-04 3.568262411347517676e-02 1.363016810540663331e-03 6.651376146788991195e-02 2.574996781254023249e-03 0.000000000000000000e+00 0.000000000000000000e+00 7.710475131981105179e-02 1.242236024844720543e-03 1.030927835051546415e-03 0.000000000000000000e+00 2.018616126499943753e-03 0.000000000000000000e+00 9.765625000000000000e-04 0.000000000000000000e+00 6.478257348773180544e-04 0.000000000000000000e+00 0.000000000000000000e+00 6.273525721455457506e-04 0.000000000000000000e+00 0.000000000000000000e+00 7.782101167315175639e-04 0.000000000000000000e+00 3.780718336483932158e-04 3.341129301703975904e-04 1.108033240997229919e-02 9.722222222222222376e-03 6.591957811470006059e-04 0.000000000000000000e+00 0.000000000000000000e+00 0.000000000000000000e+00 0.000000000000000000e+00 0.000000000000000000e+00 0.000000000000000000e+00 3.213367609254498482e-04 0.000000000000000000e+00 5.411255411255411251e-04 0.000000000000000000e+00 0.000000000000000000e+00 0.000000000000000000e+00 5.602240896358543464e-03 0.000000000000000000e+00 0.000000000000000000e+00 0.000000000000000000e+00 0.000000000000000000e+00 0.000000000000000000e+00 0.000000000000000000e+00
7.870967741935483084e-03 8.851612903225807016e-02 2.451612903225806363e-03 0.000000000000000000e+00 1.664816870144284052e-03 6.866416978776529630e-03 6.525679758308157094e-03 2.370768666748136466e-01 0.000000000000000000e+00 8.361204013377926056e-03 3.279456547200749594e-03 2.899656619610835664e-02 2.421307506053268881e-03 1.567050339758702115e-02 1.102941176470588220e-03 1.927525057825751811e-03 5.138746145940390657e-04 3.287890938251804285e-02 4.930662557781202021e-03 1.432214194645133887e-01 0.000000000000000000e+00 0.000000000000000000e+00 8.365867261572783320e-03 1.863078129082832435e-01 4.203446826397646066e-03 9.945300845350571028e-04 0.000000000000000000e+00 0.000000000000000000e+00 1.784758165268606096e-03 3.860430586488492605e-02 9.959539371304077654e-03 1.610812812442140307e-02 6.480698788391096345e-03 5.691249703580744668e-03 0.000000000000000000e+00 5.630630630630630582e-04 1.681614349775784837e-03 1.528384279475982453e-02 0.000000000000000000e+00 3.409090909090908925e-03 0.000000000000000000e+00 2.372881355932203451e-02 0.000000000000000000e+00 0.000000000000000000e+00 2.834467120181405971e-04 1.787994891443167329e-03 0.000000000000000000e+00 2.072968490878938691e-04 0.000000000000000000e+00 5.444906147012465794e-03 0.000000000000000000e+00 4.218472468916518482e-03 0.000000000000000000e+00 2.028809089064719049e-04 2.606882168925964615e-04 0.000000000000000000e+00 8.987148377819717277e-04 6.942121110739377619e-03 4.347196058542240177e-04 1.172383847155883570e-02 4.234148406901661857e-04 2.982848620432512841e-03 0.000000000000000000e+00 2.980181791089256535e-04 3.431708991077556505e-04 5.611672278338944615e-03 5.521201413427562037e-04 2.394997640396413427e-02 1.702852277564921276e-03 3.228931223764933654e-03 1.883865248226950255e-03 3.016810540663334914e-02 2.470007057163020603e-03 6.064117419853225222e-02 0.000000000000000000e+00 0.000000000000000000e+00 2.639622117254793003e-03 9.906832298136646064e-02 0.000000000000000000e+00 0.000000000000000000e+00 0.000000000000000000e+00 2.104922279792746220e-03 0.000000000000000000e+00 1.418439716312056833e-03 8.097821685966475681e-05 5.625879043600562693e-04 0.000000000000000000e+00 0.000000000000000000e+00 0.000000000000000000e+00 1.410934744268077697e-03 3.891050583657587819e-04 1.747640685075148477e-03 7.561436672967864316e-04 1.002338790511192717e-03 6.094182825484764816e-03 1.874999999999999931e-02 6.591957811470006059e-04 8.424599831508002923e-04 7.686395080707148376e-04 0.000000000000000000e+00 1.138952164009111563e-03 2.400960384153661299e-03 0.000000000000000000e+00 9.640102827763495988e-04 0.000000000000000000e+00 5.411255411255411251e-04 0.000000000000000000e+00 0.000000000000000000e+00 0.000000000000000000e+00 1.120448179271708693e-02 8.326394671107410729e-04 0.000000000000000000e+00 0.000000000000000000e+00 0.000000000000000000e+00 0.000000000000000000e+00 0.000000000000000000e+00
0.000000000000000000e+00 0.000000000000000000e+00 9.988901220865704922e-02 1.664816870144284052e-03 0.000000000000000000e+00 2.496878901373283423e-03 5.800604229607250750e-03 1.099841134058413732e-03 3.779160186625194484e-01 5.852842809364548066e-03 0.000000000000000000e+00 0.000000000000000000e+00 1.490035388340473074e-03 4.160310636527527481e-04 9.632352941176471062e-02 1.156515034695451043e-03 0.000000000000000000e+00 0.000000000000000000e+00 0.000000000000000000e+00 0.000000000000000000e+00 1.036269430051813510e-02 1.328021248339973344e-03 1.673173452314556707e-03 1.567807682257643014e-03 6.599411517444304931e-02 2.486325211337642865e-03 1.398684997011356845e-01 0.000000000000000000e+00 8.745315009816170479e-03 2.969561989606533123e-04 9.337068160597572801e-04 2.221810775782262493e-03 0.000000000000000000e+00 0.000000000000000000e+00 0.000000000000000000e+00 0.000000000000000000e+00 0.000000000000000000e+00 0.000000000000000000e+00 0.000000000000000000e+00 0.000000000000000000e+00 0.000000000000000000e+00 0.000000000000000000e+00 0.000000000000000000e+00 0.000000000000000000e+00 0.000000000000000000e+00 0.000000000000000000e+00 2.850627137970353567e-04 0.000000000000000000e+00 0.000000000000000000e+00 0.000000000000000000e+00 0.000000000000000000e+00 0.000000000000000000e+00 0.000000000000000000e+00 0.000000000000000000e+00 0.000000000000000000e+00 0.000000000000000000e+00 0.000000000000000000e+00 0.000000000000000000e+00 0.000000000000000000e+00 0.000000000000000000e+00 0.000000000000000000e+00 0.000000000000000000e+00 0.000000000000000000e+00 0.000000000000000000e+00 0.000000000000000000e+00 0.000000000000000000e+00 0.000000000000000000e+00 0.000000000000000000e+00 0.000000000000000000e+00 0.000000000000000000e+00 1.529255319148936122e-02 1.817355747387551035e-04 2.681721947776993797e-02 0.000000000000000000e+00 0.000000000000000000e+00 0.000000000000000000e+00 2.778549597110308196e-04 0.000000000000000000e+00 0.000000000000000000e+00 0.000000000000000000e+00 0.000000000000000000e+00 0.000000000000000000e+00 0.000000000000000000e+00 0.000000000000000000e+00 0.000000000000000000e+00 0.000000000000000000e+00 0.000000000000000000e+00 0.000000000000000000e+00 0.000000000000000000e+00 0.000000000000000000e+00 0.000000000000000000e+00 0.000000000000000000e+00 0.000000000000000000e+00 0.000000000000000000e+00 0.000000000000000000e+00 0.000000000000000000e+00 0.000000000000000000e+00 0.000000000000000000e+00 0.000000000000000000e+00 0.000000000000000000e+00 0.000000000000000000e+00 0.000000000000000000e+00 0.000000000000000000e+00 0.000000000000000000e+00 0.000000000000000000e+00 0.000000000000000000e+00 0.000000000000000000e+00 0.000000000000000000e+00 0.000000000000000000e+00 0.000000000000000000e+00 0.000000000000000000e+00 0.000000000000000000e+00 0.000000000000000000e+00 0.000000000000000000e+00 0.000000000000000000e+00 0.000000000000000000e+00
0.000000000000000000e+00 6.242197253433208557e-04 2.496878901373283423e-03 6.866416978776529630e-03 2.496878901373283423e-03 0.000000000000000000e+00 1.208459214501510573e-04 1.710863986313088028e-03 0.000000000000000000e+00 1.170568561872909752e-01 0.000000000000000000e+00 3.815337657382678591e-04 1.862544235425591342e-04 1.386770212175842494e-04 0.000000000000000000e+00 1.202775636083269067e-01 0.000000000000000000e+00 0.000000000000000000e+00 0.000000000000000000e+00 0.000000000000000000e+00 7.401924500370095882e-04 1.992031872509960125e-02 2.230897936419408943e-03 7.055134570159393888e-03 1.050861706599411603e-02 1.471904525111884521e-01 0.000000000000000000e+00 1.369774919614147879e-01 0.000000000000000000e+00 6.087602078693393065e-03 2.489884842826019413e-03 2.777263469727828116e-03 0.000000000000000000e+00 0.000000000000000000e+00 0.000000000000000000e+00 0.000000000000000000e+00 0.000000000000000000e+00 0.000000000000000000e+00 0.000000000000000000e+00 0.000000000000000000e+00 0.000000000000000000e+00 0.000000000000000000e+00 0.000000000000000000e+00 0.000000000000000000e+00 0.000000000000000000e+00 0.000000000000000000e+00 0.000000000000000000e+00 0.000000000000000000e+00 0.000000000000000000e+00 0.000000000000000000e+00 0.000000000000000000e+00 0.000000000000000000e+00 0.000000000000000000e+00 0.000000000000000000e+00 0.000000000000000000e+00 0.000000000000000000e+00 0.000000000000000000e+00 0.000000000000000000e+00 0.000000000000000000e+00 0.000000000000000000e+00 0.000000000000000000e+00 0.000000000000000000e+00 0.000000000000000000e+00 0.000000000000000000e+00 0.000000000000000000e+00 0.000000000000000000e+00 0.000000000000000000e+00 0.000000000000000000e+00 0.000000000000000000e+00 0.000000000000000000e+00 1.218971631205673783e-03 2.353475692866878813e-02 1.764290755116443288e-04 1.969872537659327766e-02 0.000000000000000000e+00 0.000000000000000000e+00 0.000000000000000000e+00 3.105590062111801357e-04 0.000000000000000000e+00 0.000000000000000000e+00 0.000000000000000000e+00 1.619170984455958610e-04 0.000000000000000000e+00 0.000000000000000000e+00 0.000000000000000000e+00 0.000000000000000000e+00 0.000000000000000000e+00 0.000000000000000000e+00 0.000000000000000000e+00 0.000000000000000000e+00 0.000000000000000000e+00 0.000000000000000000e+00 0.000000000000000000e+00 0.000000000000000000e+00 0.000000000000000000e+00 6.944444444444444709e-04 0.000000000000000000e+00 0.000000000000000000e+00 0.000000000000000000e+00 0.000000000000000000e+00 0.000000000000000000e+00 0.000000000000000000e+00 0.000000000000000000e+00 0.000000000000000000e+00 0.000000000000000000e+00 0.000000000000000000e+00 0.000000000000000000e+00 0.000000000000000000e+00 0.000000000000000000e+00 0.000000000000000000e+00 0.000000000000000000e+00 0.000000000000000000e+00 0.000000000000000000e+00 0.000000000000000000e+00 0.000000000000000000e+00 0.000000000000000000e+00
1.387311178247734034e-01 3.141993957703927490e-03 2.990936555891238746e-01 6.525679758308157094e-03 5.800604229607250750e-03 1.208459214501510573e-04 0.000000000000000000e+00 1.869729927899303409e-02 7.776049766718506895e-02 2.508361204013377990e-03 7.613024127430310928e-02 5.913773368943151844e-03 2.248090892158688681e-01 7.765913188184717965e-03 6.250000000000000347e-03 0.000000000000000000e+00 4.624871531346351483e-03 4.210104250200481096e-03 3.805855161787365104e-02 8.358124380223827879e-03 0.000000000000000000e+00 0.000000000000000000e+00 3.866889756460308719e-02 1.437157042069506056e-02 6.305170239596469099e-03 0.000000000000000000e+00 2.390914524805737990e-03 0.000000000000000000e+00 1.713367838657861922e-02 2.375649591685226499e-03 1.711795829442888314e-02 2.536567302351416461e-02 4.226542688081150016e-03 6.876926725160066763e-03 8.368200836820083180e-04 0.000000000000000000e+00 1.401345291479820553e-03 2.183406113537117953e-04 1.314924391847468836e-03 0.000000000000000000e+00 0.000000000000000000e+00 0.000000000000000000e+00 1.476014760147601596e-04 0.000000000000000000e+00 4.251700680272108685e-04 0.000000000000000000e+00 0.000000000000000000e+00 0.000000000000000000e+00 7.745933384972889706e-04 1.432870038687490970e-04 1.842618686321265955e-03 1.110124333925399686e-04 0.000000000000000000e+00 0.000000000000000000e+00 2.606882168925964615e-04 0.000000000000000000e+00 4.583445672688055660e-03 0.000000000000000000e+00 4.202289523257498639e-03 2.171081198436821606e-04 1.016195617656398889e-02 0.000000000000000000e+00 3.142677561282212519e-03 0.000000000000000000e+00 1.132463967055593636e-02 3.206669873336540121e-04 2.098056537102473661e-03 2.359603586597451704e-04 4.257130693912303189e-04 0.000000000000000000e+00 8.100620567375886594e-02 3.271240345297592080e-03 3.422724064925899978e-02 5.021243723445346051e-03 0.000000000000000000e+00 0.000000000000000000e+00 1.986662961933870555e-02 4.192546583850931263e-03 1.030927835051546415e-03 0.000000000000000000e+00 2.579342828305483757e-03 1.619170984455958610e-04 0.000000000000000000e+00 0.000000000000000000e+00 8.502712770264798936e-03 0.000000000000000000e+00 0.000000000000000000e+00 0.000000000000000000e+00 2.989834562487542462e-03 1.763668430335097121e-04 0.000000000000000000e+00 3.495281370150296846e-04 7.561436672967864316e-04 0.000000000000000000e+00 5.540166204986150030e-04 6.944444444444444709e-04 0.000000000000000000e+00 0.000000000000000000e+00 7.686395080707148376e-04 0.000000000000000000e+00 0.000000000000000000e+00 0.000000000000000000e+00 0.000000000000000000e+00 3.213367609254498482e-04 0.000000000000000000e+00 0.000000000000000000e+00 0.000000000000000000e+00 0.000000000000000000e+00 0.000000000000000000e+00 2.801120448179271732e-03 0.000000000000000000e+00 0.000000000000000000e+00 0.000000000000000000e+00 0.000000000000000000e+00 0.000000000000000000e+00 0.000000000000000000e+00
5.865819381644873237e-03 7.515581082732494811e-02 6.354637663448612674e-03 2.370768666748136466e-01 1.099841134058413732e-03 1.710863986313088028e-03 1.869729927899303409e-02 0.000000000000000000e+00 1.555209953343701396e-03 1.647157190635451518e-01 4.216444132115249044e-03 8.546356352537200218e-02 8.753957906500279065e-03 2.949660241298017183e-01 2.573529411764705847e-03 3.662297609868928050e-02 2.312435765673175742e-03 9.222133119486768116e-03 1.124807395993836744e-02 2.054115313783821950e-02 0.000000000000000000e+00 0.000000000000000000e+00 1.896263245956497645e-02 3.083355108440031384e-02 1.681378730559058426e-02 4.972650422675285514e-04 5.977286312014344974e-04 0.000000000000000000e+00 1.427806532214884790e-03 3.444691907943578379e-02 1.680672268907562952e-02 7.035734123310498182e-03 5.917159763313609329e-03 2.608489447474507828e-03 0.000000000000000000e+00 0.000000000000000000e+00 1.401345291479820553e-03 1.528384279475982540e-03 6.574621959237344181e-04 0.000000000000000000e+00 0.000000000000000000e+00 0.000000000000000000e+00 0.000000000000000000e+00 0.000000000000000000e+00 0.000000000000000000e+00 1.277139208173691065e-04 0.000000000000000000e+00 0.000000000000000000e+00 0.000000000000000000e+00 8.597220232124945819e-04 0.000000000000000000e+00 3.219360568383658819e-03 0.000000000000000000e+00 4.057618178129438098e-04 0.000000000000000000e+00 7.527286413248024345e-04 1.797429675563943672e-04 3.429240548678487693e-03 1.449065352847413483e-04 6.513243595310464276e-04 1.058537101725415464e-04 4.287844891871737778e-03 0.000000000000000000e+00 5.960363582178513069e-04 3.431708991077556505e-04 7.215007215007215001e-03 1.104240282685512353e-04 1.415762151958471077e-03 0.000000000000000000e+00 3.228931223764933654e-04 3.546099290780141758e-03 6.097228532485234054e-02 2.646436132674664932e-03 4.647869190163512326e-02 0.000000000000000000e+00 0.000000000000000000e+00 4.723534315087524367e-03 1.381987577639751628e-02 0.000000000000000000e+00 0.000000000000000000e+00 2.242906807222159907e-04 2.590673575129533775e-03 0.000000000000000000e+00 0.000000000000000000e+00 0.000000000000000000e+00 3.281762775433661426e-03 0.000000000000000000e+00 1.254705144291091501e-03 0.000000000000000000e+00 4.761904761904762334e-03 0.000000000000000000e+00 0.000000000000000000e+00 0.000000000000000000e+00 0.000000000000000000e+00 1.108033240997230006e-03 2.083333333333333304e-03 0.000000000000000000e+00 0.000000000000000000e+00 0.000000000000000000e+00 0.000000000000000000e+00 0.000000000000000000e+00 0.000000000000000000e+00 0.000000000000000000e+00 3.213367609254498482e-04 0.000000000000000000e+00 0.000000000000000000e+00 0.000000000000000000e+00 0.000000000000000000e+00 0.000000000000000000e+00 0.000000000000000000e+00 0.000000000000000000e+00 0.000000000000000000e+00 0.000000000000000000e+00 0.000000000000000000e+00 0.000000000000000000e+00 0.000000000000000000e+00
7.776049766718506982e-04 7.776049766718506982e-04 6.531881804043546125e-02 0.000000000000000000e+00 3.779160186625194484e-01 0.000000000000000000e+00 7.776049766718506895e-02 1.555209953343701396e-03 0.000000000000000000e+00 1.672240802675585255e-03 2.342468962286249710e-04 0.000000000000000000e+00 1.490035388340473117e-02 1.386770212175842494e-04 1.389705882352941235e-01 0.000000000000000000e+00 0.000000000000000000e+00 0.000000000000000000e+00 0.000000000000000000e+00 0.000000000000000000e+00 1.480384900074019176e-03 0.000000000000000000e+00 1.115448968209704472e-03 2.613012803762738176e-04 6.305170239596469099e-03 4.972650422675285514e-04 2.988643156007172921e-03 6.430868167202572492e-04 3.391040514010351756e-03 1.484780994803266562e-04 0.000000000000000000e+00 3.703017959637104335e-04 0.000000000000000000e+00 0.000000000000000000e+00 0.000000000000000000e+00 0.000000000000000000e+00 0.000000000000000000e+00 0.000000000000000000e+00 0.000000000000000000e+00 0.000000000000000000e+00 0.000000000000000000e+00 0.000000000000000000e+00 0.000000000000000000e+00 0.000000000000000000e+00 0.000000000000000000e+00 0.000000000000000000e+00 0.000000000000000000e+00 0.000000000000000000e+00 0.000000000000000000e+00 0.000000000000000000e+00 0.000000000000000000e+00 0.000000000000000000e+00 0.000000000000000000e+00 0.000000000000000000e+00 0.000000000000000000e+00 0.000000000000000000e+00 8.987148377819718361e-05 0.000000000000000000e+00 0.000000000000000000e+00 0.000000000000000000e+00 0.000000000000000000e+00 0.000000000000000000e+00 0.000000000000000000e+00 0.000000000000000000e+00 0.000000000000000000e+00 0.000000000000000000e+00 0.000000000000000000e+00 0.000000000000000000e+00 0.000000000000000000e+00 0.000000000000000000e+00 3.767730496453900509e-03 0.000000000000000000e+00 1.040931545518701540e-02 1.287498390627011787e-04 0.000000000000000000e+00 0.000000000000000000e+00 1.389274798555154098e-04 0.000000000000000000e+00 0.000000000000000000e+00 0.000000000000000000e+00 1.121453403611079953e-04 0.000000000000000000e+00 0.000000000000000000e+00 0.000000000000000000e+00 0.000000000000000000e+00 0.000000000000000000e+00 0.000000000000000000e+00 0.000000000000000000e+00 0.000000000000000000e+00 0.000000000000000000e+00 0.000000000000000000e+00 0.000000000000000000e+00 0.000000000000000000e+00 0.000000000000000000e+00 0.000000000000000000e+00 0.000000000000000000e+00 0.000000000000000000e+00 0.000000000000000000e+00 0.000000000000000000e+00 0.000000000000000000e+00 0.000000000000000000e+00 0.000000000000000000e+00 0.000000000000000000e+00 0.000000000000000000e+00 0.000000000000000000e+00 0.000000000000000000e+00 0.000000000000000000e+00 0.000000000000000000e+00 0.000000000000000000e+00 0.000000000000000000e+00 0.000000000000000000e+00 0.000000000000000000e+00 0.000000000000000000e+00 0.000000000000000000e+00 0.000000000000000000e+00 0.000000000000000000e+00
0.000000000000000000e+00 6.688963210702341018e-03 1.003344481605351196e-02 8.361204013377926056e-03 5.852842809364548066e-03 1.170568561872909752e-01 2.508361204013377990e-03 1.647157190635451518e-01 1.672240802675585255e-03 0.000000000000000000e+00 0.000000000000000000e+00 5.723006486074017941e-03 0.000000000000000000e+00 6.379142976008875254e-03 0.000000000000000000e+00 1.422513492675404889e-01 0.000000000000000000e+00 4.009623095429029616e-04 0.000000000000000000e+00 0.000000000000000000e+00 0.000000000000000000e+00 4.869411243913235668e-03 3.160438743260828975e-03 9.145544813169583995e-03 1.429171920975199662e-02 3.480855295872700185e-03 1.793185893604303709e-03 1.929260450160771856e-02 0.000000000000000000e+00 6.384558277654045835e-03 2.178649237472767095e-03 1.110905387891131246e-03 1.408847562693716455e-04 0.000000000000000000e+00 0.000000000000000000e+00 0.000000000000000000e+00 0.000000000000000000e+00 0.000000000000000000e+00 0.000000000000000000e+00 0.000000000000000000e+00 0.000000000000000000e+00 0.000000000000000000e+00 0.000000000000000000e+00 0.000000000000000000e+00 0.000000000000000000e+00 0.000000000000000000e+00 0.000000000000000000e+00 0.000000000000000000e+00 0.000000000000000000e+00 0.000000000000000000e+00 0.000000000000000000e+00 0.000000000000000000e+00 0.000000000000000000e+00 0.000000000000000000e+00 0.000000000000000000e+00 1.881821603312006086e-04 0.000000000000000000e+00 2.509200401472064311e-04 0.000000000000000000e+00 0.000000000000000000e+00 0.000000000000000000e+00 1.864280387770320525e-04 0.000000000000000000e+00 0.000000000000000000e+00 0.000000000000000000e+00 4.810004810004810181e-04 0.000000000000000000e+00 0.000000000000000000e+00 0.000000000000000000e+00 0.000000000000000000e+00 5.540780141843972039e-04 5.179463880054521047e-03 1.764290755116443288e-04 1.197373503283120921e-02 0.000000000000000000e+00 0.000000000000000000e+00 0.000000000000000000e+00 9.316770186335403530e-04 0.000000000000000000e+00 0.000000000000000000e+00 0.000000000000000000e+00 3.238341968911917219e-04 0.000000000000000000e+00 0.000000000000000000e+00 0.000000000000000000e+00 1.875293014533520807e-04 0.000000000000000000e+00 0.000000000000000000e+00 0.000000000000000000e+00 1.763668430335097121e-04 0.000000000000000000e+00 0.000000000000000000e+00 3.780718336483932158e-04 0.000000000000000000e+00 0.000000000000000000e+00 0.000000000000000000e+00 0.000000000000000000e+00 0.000000000000000000e+00 0.000000000000000000e+00 0.000000000000000000e+00 0.000000000000000000e+00 0.000000000000000000e+00 0.000000000000000000e+00 0.000000000000000000e+00 0.000000000000000000e+00 0.000000000000000000e+00 0.000000000000000000e+00 0.000000000000000000e+00 0.000000000000000000e+00 0.000000000000000000e+00 0.000000000000000000e+00 0.000000000000000000e+00 0.000000000000000000e+00 0.000000000000000000e+00 0.000000000000000000e+00 0.000000000000000000e+00
3.384867650503630698e-01 4.684937924572499419e-04 2.693839306629187275e-02 3.279456547200749594e-03 0.000000000000000000e+00 0.000000000000000000e+00 7.613024127430310928e-02 4.216444132115249044e-03 2.342468962286249710e-04 0.000000000000000000e+00 0.000000000000000000e+00 1.526135062953071437e-03 1.653939281057925093e-01 1.941478297046179491e-03 4.411764705882352880e-03 0.000000000000000000e+00 2.980472764645426473e-02 4.009623095429029616e-04 2.080123266563944570e-02 1.133305000708315600e-03 0.000000000000000000e+00 0.000000000000000000e+00 7.250418293363078415e-03 2.090410243010190541e-03 0.000000000000000000e+00 0.000000000000000000e+00 0.000000000000000000e+00 0.000000000000000000e+00 4.783151882919864373e-02 0.000000000000000000e+00 1.058201058201058142e-02 2.406961673764117845e-03 4.508312200619892657e-03 1.541380128053118420e-03 0.000000000000000000e+00 1.126126126126126116e-03 2.802690582959641214e-04 0.000000000000000000e+00 0.000000000000000000e+00 0.000000000000000000e+00 0.000000000000000000e+00 0.000000000000000000e+00 0.000000000000000000e+00 0.000000000000000000e+00 0.000000000000000000e+00 0.000000000000000000e+00 0.000000000000000000e+00 0.000000000000000000e+00 0.000000000000000000e+00 0.000000000000000000e+00 2.167786689789724685e-04 0.000000000000000000e+00 0.000000000000000000e+00 0.000000000000000000e+00 0.000000000000000000e+00 0.000000000000000000e+00 7.908690572481351724e-03 8.364001338240213918e-05 1.014345746993189357e-03 0.000000000000000000e+00 5.716100349317243534e-03 0.000000000000000000e+00 5.028284098051540030e-03 0.000000000000000000e+00 4.461221688400823782e-03 0.000000000000000000e+00 1.877208480565370919e-03 0.000000000000000000e+00 0.000000000000000000e+00 0.000000000000000000e+00 4.720744680851064051e-02 8.178100863243980201e-04 3.881439661256175233e-03 7.724990343762070180e-04 0.000000000000000000e+00 0.000000000000000000e+00 1.667129758266185134e-03 7.763975155279502580e-04 1.030927835051546415e-03 0.000000000000000000e+00 2.803633509027700019e-03 0.000000000000000000e+00 0.000000000000000000e+00 0.000000000000000000e+00 3.401085108105919488e-03 0.000000000000000000e+00 0.000000000000000000e+00 0.000000000000000000e+00 1.993223041658361678e-04 0.000000000000000000e+00 0.000000000000000000e+00 0.000000000000000000e+00 0.000000000000000000e+00 0.000000000000000000e+00 0.000000000000000000e+00 6.944444444444444709e-04 0.000000000000000000e+00 0.000000000000000000e+00 0.000000000000000000e+00 0.000000000000000000e+00 0.000000000000000000e+00 0.000000000000000000e+00 0.000000000000000000e+00 0.000000000000000000e+00 0.000000000000000000e+00 0.000000000000000000e+00 0.000000000000000000e+00 0.000000000000000000e+00 0.000000000000000000e+00 0.000000000000000000e+00 0.000000000000000000e+00 0.000000000000000000e+00 0.000000000000000000e+00 0.000000000000000000e+00 0.000000000000000000e+00 0.000000000000000000e+00
3.243037008775276776e-03 1.713086608164822722e-01 1.907668828691339242e-03 2.899656619610835664e-02 0.000000000000000000e+00 3.815337657382678591e-04 5.913773368943151844e-03 8.546356352537200218e-02 0.000000000000000000e+00 5.723006486074017941e-03 1.526135062953071437e-03 0.000000000000000000e+00 7.450176941702365370e-04 2.318679794758008728e-01 0.000000000000000000e+00 1.349267540478026224e-02 1.027749229188078131e-03 3.227746591820369187e-02 3.235747303543913718e-03 1.374132313358832763e-02 0.000000000000000000e+00 0.000000000000000000e+00 1.673173452314556707e-03 8.622942252417036685e-03 0.000000000000000000e+00 0.000000000000000000e+00 0.000000000000000000e+00 0.000000000000000000e+00 5.354274495805818506e-04 4.974016332590942835e-02 1.244942421413009707e-03 1.481207183854841734e-03 1.972386587771203254e-03 5.809817405738677137e-03 0.000000000000000000e+00 0.000000000000000000e+00 2.802690582959641214e-04 1.091703056768558895e-03 0.000000000000000000e+00 0.000000000000000000e+00 0.000000000000000000e+00 0.000000000000000000e+00 0.000000000000000000e+00 1.238543472875897826e-04 0.000000000000000000e+00 1.277139208173691065e-04 0.000000000000000000e+00 0.000000000000000000e+00 0.000000000000000000e+00 1.432870038687490970e-04 0.000000000000000000e+00 9.991119005328596633e-04 0.000000000000000000e+00 2.028809089064719049e-04 0.000000000000000000e+00 7.527286413248024345e-04 1.797429675563943672e-04 5.603880896620943609e-03 1.449065352847413483e-04 2.171081198436821606e-04 0.000000000000000000e+00 5.592841163310962281e-03 0.000000000000000000e+00 5.215318134406198881e-03 0.000000000000000000e+00 8.658008658008658001e-03 2.208480565371024706e-04 7.078810759792355384e-04 0.000000000000000000e+00 1.291572489505973462e-03 6.648936170212765796e-04 4.461608359836437970e-02 8.821453775582216439e-04 1.544998068752414036e-02 0.000000000000000000e+00 6.968641114982578391e-03 3.195332036676854642e-03 9.006211180124222906e-03 0.000000000000000000e+00 0.000000000000000000e+00 0.000000000000000000e+00 1.343911917098445513e-02 0.000000000000000000e+00 7.092198581560284166e-04 0.000000000000000000e+00 9.095171120487575631e-03 0.000000000000000000e+00 6.273525721455457506e-04 0.000000000000000000e+00 1.393298059964726693e-02 0.000000000000000000e+00 3.495281370150296846e-04 3.780718336483932158e-04 0.000000000000000000e+00 0.000000000000000000e+00 2.083333333333333304e-03 0.000000000000000000e+00 0.000000000000000000e+00 0.000000000000000000e+00 0.000000000000000000e+00 0.000000000000000000e+00 0.000000000000000000e+00 0.000000000000000000e+00 0.000000000000000000e+00 0.000000000000000000e+00 0.000000000000000000e+00 0.000000000000000000e+00 0.000000000000000000e+00 0.000000000000000000e+00 2.801120448179271732e-03 0.000000000000000000e+00 0.000000000000000000e+00 0.000000000000000000e+00 0.000000000000000000e+00 0.000000000000000000e+00 0.000000000000000000e+00
4.190724529707580415e-02 0.000000000000000000e+00 4.544607934438443103e-02 2.421307506053268881e-03 1.490035388340473074e-03 1.862544235425591342e-04 2.248090892158688681e-01 8.753957906500279065e-03 1.490035388340473117e-02 0.000000000000000000e+00 1.653939281057925093e-01 7.450176941702365370e-04 0.000000000000000000e+00 2.912217445569269345e-03 2.481617647058823595e-01 7.710100231303006592e-04 3.854059609455293047e-03 2.004811547714514808e-04 1.155624036979969148e-02 5.666525003541578002e-04 1.480384900074019176e-03 0.000000000000000000e+00 2.732849972113775630e-02 4.964724327149202913e-03 4.203446826397646066e-04 0.000000000000000000e+00 0.000000000000000000e+00 0.000000000000000000e+00 1.156523291094056771e-01 1.187824795842613249e-03 6.535947712418300852e-03 1.647842992038511464e-02 1.267962806424344918e-03 3.557031064737965417e-04 4.184100418410041590e-04 0.000000000000000000e+00 5.605381165919282429e-04 0.000000000000000000e+00 6.574621959237344181e-04 0.000000000000000000e+00 0.000000000000000000e+00 0.000000000000000000e+00 0.000000000000000000e+00 0.000000000000000000e+00 0.000000000000000000e+00 0.000000000000000000e+00 0.000000000000000000e+00 0.000000000000000000e+00 0.000000000000000000e+00 0.000000000000000000e+00 0.000000000000000000e+00 0.000000000000000000e+00 0.000000000000000000e+00 0.000000000000000000e+00 2.606882168925964615e-04 0.000000000000000000e+00 6.470746832030196787e-03 0.000000000000000000e+00 5.796261411389653931e-04 2.171081198436821606e-04 5.716100349317243534e-03 0.000000000000000000e+00 7.961449821914937802e-03 0.000000000000000000e+00 4.461221688400823782e-03 0.000000000000000000e+00 7.729681978798586201e-04 1.179801793298725852e-04 1.277139208173691011e-03 0.000000000000000000e+00 4.255319148936170109e-02 7.269422989550204141e-04 2.699364855328158230e-02 2.317497103128621054e-03 0.000000000000000000e+00 0.000000000000000000e+00 9.030286190608503155e-03 7.763975155279502580e-04 3.092783505154639030e-03 0.000000000000000000e+00 4.485813614444320030e-03 0.000000000000000000e+00 0.000000000000000000e+00 0.000000000000000000e+00 2.348368288930277690e-03 0.000000000000000000e+00 0.000000000000000000e+00 0.000000000000000000e+00 5.979669124975084491e-04 0.000000000000000000e+00 0.000000000000000000e+00 0.000000000000000000e+00 0.000000000000000000e+00 0.000000000000000000e+00 1.108033240997230006e-03 0.000000000000000000e+00 0.000000000000000000e+00 0.000000000000000000e+00 0.000000000000000000e+00 0.000000000000000000e+00 1.138952164009111563e-03 0.000000000000000000e+00 0.000000000000000000e+00 0.000000000000000000e+00 0.000000000000000000e+00 0.000000000000000000e+00 0.000000000000000000e+00 0.000000000000000000e+00 0.000000000000000000e+00 0.000000000000000000e+00 0.000000000000000000e+00 0.000000000000000000e+00 0.000000000000000000e+00 0.000000000000000000e+00 0.000000000000000000e+00 0.000000000000000000e+00
