0.000000000000000000e+00 3.191132012092710857e-02 4.869729985788726068e-02 2.851033499643620961e-03 3.161555485298767239e-04 0.000000000000000000e+00 9.413528823725425543e-02 8.571918395336876719e-04 4.629629629629629806e-04 0.000000000000000000e+00 1.355599214145383202e-01 0.000000000000000000e+00 1.460742544126597715e-02 2.325040688212043729e-04 5.701254275940707134e-04 0.000000000000000000e+00 1.279165522920669706e-01 3.262955854126679649e-03 3.361650485436893515e-02 2.251596280945446227e-02 0.000000000000000000e+00 0.000000000000000000e+00 7.759456838021338383e-04 8.361204013377926273e-04 0.000000000000000000e+00 0.000000000000000000e+00 0.000000000000000000e+00 0.000000000000000000e+00 2.115078462588128316e-02 1.231274368971885897e-03 8.298755186721991492e-04 0.000000000000000000e+00 5.920250740031342794e-03 1.073215097771714442e-02 1.637554585152838343e-03 0.000000000000000000e+00 1.202034211742949582e-01 1.882057716436637360e-03 8.097165991902833659e-04 0.000000000000000000e+00 0.000000000000000000e+00 0.000000000000000000e+00 9.573042312847022950e-05 0.000000000000000000e+00 9.244042728019720738e-04 0.000000000000000000e+00 0.000000000000000000e+00 0.000000000000000000e+00 5.638134290107637073e-03 0.000000000000000000e+00 1.932785230059137424e-02 0.000000000000000000e+00 6.713662302786169850e-04 0.000000000000000000e+00 3.747072599531615922e-03 0.000000000000000000e+00 2.622448979591836538e-01 2.387584560286510216e-03 3.282514001244555418e-02 1.478852410529429037e-04 5.484764542936287901e-02 0.000000000000000000e+00 1.709401709401709574e-02 0.000000000000000000e+00 2.669717772692601146e-02 1.732501732501732508e-04 4.793097938967886586e-03 2.432103769760843249e-04 8.684324793747286164e-02 1.646706586826347449e-02 4.094608341810783425e-02 2.727024815925824827e-04 4.902992931267859816e-02 1.701190833583508420e-03 0.000000000000000000e+00 0.000000000000000000e+00 5.529506871463217565e-02 1.803426510369702347e-03 0.000000000000000000e+00 0.000000000000000000e+00 2.155172413793103418e-03 0.000000000000000000e+00 2.192982456140350755e-03 0.000000000000000000e+00 8.480104370515328949e-03 1.041883725776203391e-04 0.000000000000000000e+00 0.000000000000000000e+00 9.920634920634920084e-03 0.000000000000000000e+00 1.949317738791422894e-03 1.452784503631961155e-03 0.000000000000000000e+00 0.000000000000000000e+00 6.412825651302604679e-02 0.000000000000000000e+00 6.752194463200540632e-04 0.000000000000000000e+00 1.675041876046901197e-03 0.000000000000000000e+00 0.000000000000000000e+00 0.000000000000000000e+00 1.283697047496790665e-03 1.017087062652563111e-03 3.903708523096942155e-03 6.216972334473111180e-04 1.388888888888888942e-03 0.000000000000000000e+00 0.000000000000000000e+00 0.000000000000000000e+00 8.643042350907519707e-04 0.000000000000000000e+00 0.000000000000000000e+00 0.000000000000000000e+00 0.000000000000000000e+00 0.000000000000000000e+00
3.191132012092710857e-02 0.000000000000000000e+00 4.263382283278067258e-03 7.972711536503411522e-02 0.000000000000000000e+00 0.000000000000000000e+00 5.164945018327224066e-03 1.121206926110063368e-01 0.000000000000000000e+00 4.725897920604914954e-03 1.309757694826457156e-03 2.173913043478260809e-02 0.000000000000000000e+00 6.277609858172518258e-03 0.000000000000000000e+00 2.414486921529174993e-03 3.842986549547076740e-03 7.907869481765834874e-02 4.004854368932039138e-02 6.810798700571300823e-02 0.000000000000000000e+00 0.000000000000000000e+00 0.000000000000000000e+00 1.881270903010033493e-03 0.000000000000000000e+00 0.000000000000000000e+00 0.000000000000000000e+00 0.000000000000000000e+00 1.364566750056856901e-03 6.402626718653806059e-02 1.244813278008298670e-03 1.275510204081632551e-03 1.079575134946891835e-02 1.773533424283765467e-02 5.458515283842794476e-04 4.132231404958677584e-04 4.623208506703652305e-03 8.124215809284818235e-02 8.097165991902833659e-04 4.231908590774439397e-04 0.000000000000000000e+00 8.163265306122448328e-02 0.000000000000000000e+00 6.261348694508797608e-05 0.000000000000000000e+00 3.012048192771084603e-04 0.000000000000000000e+00 2.304324448882402667e-04 8.542627712284298883e-05 2.537534362444491230e-03 2.163565556036347822e-04 6.156700683140760300e-03 0.000000000000000000e+00 6.174745291756715071e-04 0.000000000000000000e+00 2.156334231805930122e-03 1.020408163265306214e-03 1.936596365565724787e-01 4.667081518357187259e-04 2.292221236320615349e-02 0.000000000000000000e+00 4.164077066500932595e-02 3.885003885003885001e-04 2.196557971014492794e-02 0.000000000000000000e+00 2.806652806652806809e-02 1.038504553443042036e-03 4.134576408593433443e-03 1.259227095093356542e-02 1.721556886227544880e-01 1.525940996948117962e-03 8.071993455140441531e-02 1.052789893217025022e-03 5.243670569398579256e-02 0.000000000000000000e+00 1.826817683595177363e-02 5.335489086499595364e-03 1.029756537421100127e-01 0.000000000000000000e+00 0.000000000000000000e+00 3.078817733990147818e-04 7.720020586721564743e-04 0.000000000000000000e+00 0.000000000000000000e+00 2.609262883235486047e-04 1.729526984788497604e-02 0.000000000000000000e+00 9.115770282588878549e-04 0.000000000000000000e+00 5.713426552398135662e-03 2.923976608187134341e-03 8.232445520581114368e-03 0.000000000000000000e+00 0.000000000000000000e+00 4.208416833667334711e-02 0.000000000000000000e+00 3.376097231600269991e-03 0.000000000000000000e+00 1.675041876046901197e-03 1.360544217687074736e-03 0.000000000000000000e+00 2.673796791443850112e-03 2.139495079161318064e-03 2.237591537835638585e-03 1.626545217957059159e-03 2.486788933789244472e-03 0.000000000000000000e+00 0.000000000000000000e+00 0.000000000000000000e+00 0.000000000000000000e+00 0.000000000000000000e+00 0.000000000000000000e+00 0.000000000000000000e+00 9.225092250922508957e-04 0.000000000000000000e+00 0.000000000000000000e+00
4.869729985788726068e-02 4.263382283278067258e-03 0.000000000000000000e+00 1.150595662356175553e-02 1.125513752766360981e-01 8.284432171211598278e-03 3.000666444518493847e-01 2.588719355391736615e-02 3.611111111111110772e-02 9.451795841209829907e-03 8.742632612966601269e-02 4.619565217391304567e-03 1.436396835057821009e-01 6.975122064636130916e-03 4.275940706955530524e-02 2.414486921529174993e-03 2.525391161130936118e-02 2.495201535508637276e-03 1.379854368932038888e-01 1.209812927075165287e-02 0.000000000000000000e+00 0.000000000000000000e+00 3.041707080504364447e-01 1.275083612040133797e-02 9.466019417475728115e-02 2.549394518801784484e-03 3.032140691328077692e-03 0.000000000000000000e+00 2.387991812599499566e-02 8.208495793145905621e-04 5.643153526970954431e-02 4.489795918367346650e-02 9.576876197109524674e-03 1.446111869031377860e-02 1.637554585152838343e-03 0.000000000000000000e+00 2.820157189089227828e-02 3.136762860727728753e-04 8.097165991902833659e-04 0.000000000000000000e+00 0.000000000000000000e+00 3.401360544217686948e-03 9.573042312847022950e-05 0.000000000000000000e+00 1.027115858668857908e-03 0.000000000000000000e+00 0.000000000000000000e+00 0.000000000000000000e+00 3.417051084913719661e-03 0.000000000000000000e+00 4.038655704601182457e-03 0.000000000000000000e+00 0.000000000000000000e+00 0.000000000000000000e+00 9.367681498829039805e-04 0.000000000000000000e+00 4.761904761904762334e-03 6.632179334129194564e-04 7.622899813316739298e-03 1.478852410529429037e-04 4.155124653739612414e-03 0.000000000000000000e+00 1.554001554001554000e-03 0.000000000000000000e+00 3.432494279176201164e-03 0.000000000000000000e+00 1.318101933216168746e-02 4.864207539521686499e-04 2.171081198436821541e-02 4.990019960079839900e-04 6.866734486266530546e-02 2.999727297518407255e-03 1.252819972928259917e-01 2.701891323926748807e-03 3.502626970227670777e-03 0.000000000000000000e+00 1.744543249797898266e-01 4.328223624887285979e-03 0.000000000000000000e+00 0.000000000000000000e+00 1.539408866995073963e-03 2.573340195573855095e-04 0.000000000000000000e+00 0.000000000000000000e+00 1.565557729941291628e-03 0.000000000000000000e+00 0.000000000000000000e+00 9.115770282588878549e-04 2.865961199294532469e-03 1.503533303262667351e-04 1.218323586744639309e-03 2.905569007263922310e-03 0.000000000000000000e+00 0.000000000000000000e+00 7.414829659318637745e-02 0.000000000000000000e+00 1.350438892640108126e-03 0.000000000000000000e+00 1.675041876046901197e-03 0.000000000000000000e+00 0.000000000000000000e+00 0.000000000000000000e+00 1.925545571245186214e-03 1.017087062652563111e-03 2.602472348731294915e-03 9.325458501709667312e-04 1.388888888888888942e-03 0.000000000000000000e+00 0.000000000000000000e+00 0.000000000000000000e+00 0.000000000000000000e+00 0.000000000000000000e+00 2.457002457002456942e-03 9.225092250922508957e-04 0.000000000000000000e+00 0.000000000000000000e+00
2.851033499643620961e-03 7.972711536503411522e-02 1.150595662356175553e-02 0.000000000000000000e+00 7.587733164717040506e-03 3.831549879185364160e-02 1.399533488837054369e-02 1.892679581690382418e-01 6.481481481481481295e-03 1.228733459357277819e-02 5.893909626719056986e-03 6.847826086956521063e-02 6.086427267194156714e-03 1.041618228318995643e-01 5.131128848346636420e-03 3.420523138832998189e-02 1.097996157013450373e-03 2.437619961612284142e-02 5.339805825242718330e-03 1.964825809342444218e-01 0.000000000000000000e+00 0.000000000000000000e+00 3.064985451018428786e-02 2.602424749163879669e-01 4.854368932038834530e-03 6.437221159974505780e-02 0.000000000000000000e+00 2.235469448584202681e-03 2.274277916761428169e-04 3.468089472604145296e-02 4.937759336099584867e-02 1.007653061224489804e-01 4.004875500609437339e-03 2.064574806730332113e-02 0.000000000000000000e+00 1.239669421487603384e-03 0.000000000000000000e+00 2.572145545796737653e-02 8.097165991902833659e-04 8.463817181548878793e-04 0.000000000000000000e+00 1.224489795918367319e-01 0.000000000000000000e+00 1.878404608352639282e-04 0.000000000000000000e+00 5.020080321285140101e-04 0.000000000000000000e+00 0.000000000000000000e+00 0.000000000000000000e+00 2.467047296821033454e-03 1.442377037357565396e-04 1.855444041494475754e-03 0.000000000000000000e+00 1.543686322939178768e-04 0.000000000000000000e+00 3.593890386343216508e-04 5.102040816326531072e-04 7.428040854224698258e-03 0.000000000000000000e+00 1.478852410529429146e-02 2.770083102493075015e-04 1.243008079552517008e-03 0.000000000000000000e+00 9.057971014492753733e-04 3.813882532418001715e-04 3.465003465003464907e-03 1.597699312989295294e-04 8.431293068504255514e-03 2.171081198436821606e-04 6.986027944111776293e-03 2.034587995930823949e-03 3.899645486773929692e-02 1.955181230260189668e-03 7.475232662864005062e-02 0.000000000000000000e+00 1.534526854219948888e-02 2.425222312045271014e-03 1.356176735798016175e-01 0.000000000000000000e+00 2.881844380403458025e-03 0.000000000000000000e+00 5.146680391147710190e-04 0.000000000000000000e+00 8.174386920980925703e-03 0.000000000000000000e+00 1.146072098353823716e-03 0.000000000000000000e+00 0.000000000000000000e+00 0.000000000000000000e+00 1.804239963915200713e-03 2.192982456140350755e-03 6.779661016949152345e-03 0.000000000000000000e+00 2.118644067796610162e-03 3.206412825651302340e-02 0.000000000000000000e+00 4.051316677920324162e-03 0.000000000000000000e+00 8.375209380234505986e-04 1.360544217687074736e-03 0.000000000000000000e+00 0.000000000000000000e+00 1.925545571245186214e-03 2.034174125305126223e-03 9.759271307742355388e-04 9.325458501709667312e-04 2.777777777777777884e-03 0.000000000000000000e+00 0.000000000000000000e+00 0.000000000000000000e+00 0.000000000000000000e+00 0.000000000000000000e+00 0.000000000000000000e+00 0.000000000000000000e+00 0.000000000000000000e+00 0.000000000000000000e+00
3.161555485298767239e-04 0.000000000000000000e+00 1.125513752766360981e-01 7.587733164717040506e-03 0.000000000000000000e+00 1.967552640662754634e-02 7.164278573808730184e-03 0.000000000000000000e+00 5.023148148148147696e-01 1.039697542533081324e-02 6.548788474132285781e-04 0.000000000000000000e+00 3.043213633597078574e-04 0.000000000000000000e+00 1.761687571265678487e-01 2.414486921529174993e-03 0.000000000000000000e+00 0.000000000000000000e+00 1.092233009708737899e-03 0.000000000000000000e+00 5.506883604505632274e-02 0.000000000000000000e+00 1.629485935984481201e-02 1.463210702341137016e-03 2.135922330097087263e-01 1.210962396430847673e-02 2.898726500909642456e-01 7.451564828614008935e-03 4.548555833522856771e-03 0.000000000000000000e+00 1.120331950207468889e-02 2.295918367346938983e-03 0.000000000000000000e+00 0.000000000000000000e+00 0.000000000000000000e+00 0.000000000000000000e+00 4.623208506703652089e-04 0.000000000000000000e+00 0.000000000000000000e+00 0.000000000000000000e+00 0.000000000000000000e+00 0.000000000000000000e+00 0.000000000000000000e+00 0.000000000000000000e+00 0.000000000000000000e+00 0.000000000000000000e+00 1.412030499858797031e-04 0.000000000000000000e+00 0.000000000000000000e+00 0.000000000000000000e+00 0.000000000000000000e+00 0.000000000000000000e+00 3.356831151393084925e-04 0.000000000000000000e+00 0.000000000000000000e+00 0.000000000000000000e+00 1.700680272108843420e-04 0.000000000000000000e+00 0.000000000000000000e+00 0.000000000000000000e+00 2.770083102493075015e-04 0.000000000000000000e+00 0.000000000000000000e+00 0.000000000000000000e+00 0.000000000000000000e+00 0.000000000000000000e+00 0.000000000000000000e+00 0.000000000000000000e+00 0.000000000000000000e+00 2.495009980039919950e-04 1.958290946083418235e-02 1.636214889555495005e-03 4.752594375093999179e-02 0.000000000000000000e+00 1.225919439579684772e-02 0.000000000000000000e+00 2.101859337105901546e-03 3.606853020739404802e-04 0.000000000000000000e+00 0.000000000000000000e+00 0.000000000000000000e+00 0.000000000000000000e+00 0.000000000000000000e+00 0.000000000000000000e+00 1.565557729941291628e-03 0.000000000000000000e+00 0.000000000000000000e+00 0.000000000000000000e+00 4.409171075837742260e-03 0.000000000000000000e+00 0.000000000000000000e+00 0.000000000000000000e+00 0.000000000000000000e+00 0.000000000000000000e+00 0.000000000000000000e+00 0.000000000000000000e+00 0.000000000000000000e+00 0.000000000000000000e+00 0.000000000000000000e+00 0.000000000000000000e+00 0.000000000000000000e+00 0.000000000000000000e+00 0.000000000000000000e+00 0.000000000000000000e+00 0.000000000000000000e+00 0.000000000000000000e+00 0.000000000000000000e+00 0.000000000000000000e+00 0.000000000000000000e+00 0.000000000000000000e+00 0.000000000000000000e+00 0.000000000000000000e+00 0.000000000000000000e+00 0.000000000000000000e+00 0.000000000000000000e+00 0.000000000000000000e+00
0.000000000000000000e+00 0.000000000000000000e+00 8.284432171211598278e-03 3.831549879185364160e-02 1.967552640662754634e-02 0.000000000000000000e+00 3.332222592469177044e-04 1.714383679067375398e-04 2.777777777777777884e-03 2.362948960302457546e-01 0.000000000000000000e+00 0.000000000000000000e+00 0.000000000000000000e+00 0.000000000000000000e+00 2.850627137970353567e-03 1.899396378269617713e-01 0.000000000000000000e+00 0.000000000000000000e+00 0.000000000000000000e+00 3.360591464097681413e-04 2.503128911138923721e-03 3.749999999999999861e-02 1.416100872938894258e-02 1.212374581939799391e-02 4.126213592233009958e-02 2.995538559592096917e-01 6.064281382656155385e-03 3.010432190760059523e-01 0.000000000000000000e+00 1.026061974143238284e-03 3.402489626556016306e-02 1.301020408163265293e-02 0.000000000000000000e+00 3.638017280582082533e-04 0.000000000000000000e+00 8.264462809917355168e-04 0.000000000000000000e+00 3.136762860727728753e-04 0.000000000000000000e+00 0.000000000000000000e+00 0.000000000000000000e+00 3.401360544217686948e-03 0.000000000000000000e+00 6.261348694508797608e-05 0.000000000000000000e+00 0.000000000000000000e+00 0.000000000000000000e+00 2.304324448882402667e-04 0.000000000000000000e+00 7.048706562345810177e-05 0.000000000000000000e+00 8.433836552247616942e-05 0.000000000000000000e+00 0.000000000000000000e+00 0.000000000000000000e+00 1.796945193171608254e-04 0.000000000000000000e+00 0.000000000000000000e+00 0.000000000000000000e+00 0.000000000000000000e+00 0.000000000000000000e+00 0.000000000000000000e+00 0.000000000000000000e+00 0.000000000000000000e+00 0.000000000000000000e+00 0.000000000000000000e+00 7.988496564946476468e-05 8.107012565869477498e-05 0.000000000000000000e+00 4.990019960079839900e-04 3.306205493387589026e-03 3.626943005181346852e-02 0.000000000000000000e+00 4.913439407585309948e-02 0.000000000000000000e+00 2.995981001096090571e-02 0.000000000000000000e+00 2.885482416591523842e-03 0.000000000000000000e+00 0.000000000000000000e+00 0.000000000000000000e+00 2.573340195573855095e-04 0.000000000000000000e+00 0.000000000000000000e+00 0.000000000000000000e+00 1.458637216086684828e-03 0.000000000000000000e+00 1.823154056517775710e-03 0.000000000000000000e+00 1.503533303262667188e-03 0.000000000000000000e+00 0.000000000000000000e+00 0.000000000000000000e+00 0.000000000000000000e+00 0.000000000000000000e+00 0.000000000000000000e+00 0.000000000000000000e+00 0.000000000000000000e+00 0.000000000000000000e+00 0.000000000000000000e+00 0.000000000000000000e+00 0.000000000000000000e+00 2.139495079161317956e-04 0.000000000000000000e+00 0.000000000000000000e+00 0.000000000000000000e+00 0.000000000000000000e+00 0.000000000000000000e+00 0.000000000000000000e+00 0.000000000000000000e+00 0.000000000000000000e+00 0.000000000000000000e+00 0.000000000000000000e+00 0.000000000000000000e+00 0.000000000000000000e+00 0.000000000000000000e+00
9.413528823725425543e-02 5.164945018327224066e-03 3.000666444518493847e-01 1.399533488837054369e-02 7.164278573808730184e-03 3.332222592469177044e-04 0.000000000000000000e+00 2.777301560089148053e-02 1.435185185185185175e-02 9.451795841209830124e-04 4.878847413228552810e-02 8.423913043478260809e-03 2.638466220328666845e-01 4.650081376424087566e-03 1.482326111744583855e-02 0.000000000000000000e+00 7.136975020587427859e-03 1.919385796545105497e-03 1.067961165048543666e-02 1.321832642545088012e-02 0.000000000000000000e+00 0.000000000000000000e+00 1.086323957322987352e-02 4.389632107023411049e-03 0.000000000000000000e+00 0.000000000000000000e+00 0.000000000000000000e+00 0.000000000000000000e+00 5.913122583579713022e-03 8.208495793145905621e-04 1.203319502074688858e-02 1.887755102040816410e-02 2.786000348250043668e-03 1.045929968167348852e-02 0.000000000000000000e+00 0.000000000000000000e+00 1.849283402681460835e-03 0.000000000000000000e+00 0.000000000000000000e+00 0.000000000000000000e+00 1.923076923076923184e-02 0.000000000000000000e+00 1.914608462569404590e-04 0.000000000000000000e+00 7.189811010682005139e-04 0.000000000000000000e+00 0.000000000000000000e+00 0.000000000000000000e+00 1.793951819579702725e-03 0.000000000000000000e+00 1.348622529929323528e-02 0.000000000000000000e+00 3.356831151393084925e-04 0.000000000000000000e+00 3.044496487119437936e-03 0.000000000000000000e+00 4.251700680272109227e-03 1.326435866825838859e-04 7.934038581207218666e-03 4.436557231588287653e-04 1.412742382271468117e-02 3.107520198881292520e-04 4.273504273504273934e-03 2.264492753623188433e-04 1.716247139588100712e-02 0.000000000000000000e+00 2.476433935133407881e-03 2.432103769760843249e-04 8.684324793747286424e-04 0.000000000000000000e+00 1.274160732451678490e-01 4.090537223888737403e-03 2.406376898781771578e-02 2.501751225858100860e-03 1.751313485113835389e-03 7.307270734380708630e-04 2.247372675828617633e-02 3.246167718665464268e-03 0.000000000000000000e+00 0.000000000000000000e+00 2.463054187192118254e-03 0.000000000000000000e+00 4.385964912280701511e-03 0.000000000000000000e+00 1.669928245270711070e-02 0.000000000000000000e+00 3.076923076923076920e-03 0.000000000000000000e+00 1.940035273368606594e-02 0.000000000000000000e+00 4.873294346978557234e-04 0.000000000000000000e+00 0.000000000000000000e+00 0.000000000000000000e+00 6.012024048096192320e-03 0.000000000000000000e+00 0.000000000000000000e+00 0.000000000000000000e+00 0.000000000000000000e+00 0.000000000000000000e+00 0.000000000000000000e+00 0.000000000000000000e+00 2.139495079161317956e-04 4.068348250610252120e-04 0.000000000000000000e+00 0.000000000000000000e+00 0.000000000000000000e+00 0.000000000000000000e+00 0.000000000000000000e+00 0.000000000000000000e+00 0.000000000000000000e+00 0.000000000000000000e+00 0.000000000000000000e+00 0.000000000000000000e+00 0.000000000000000000e+00 0.000000000000000000e+00
8.571918395336876719e-04 1.121206926110063368e-01 2.588719355391736615e-02 1.892679581690382418e-01 0.000000000000000000e+00 1.714383679067375398e-04 2.777301560089148053e-02 0.000000000000000000e+00 0.000000000000000000e+00 8.506616257088846569e-03 1.309757694826457070e-02 1.211956521739130377e-01 7.608034083992696109e-03 2.201813531736805385e-01 1.140250855188141427e-03 2.052313883299798636e-02 2.744990392533625933e-03 9.404990403071017760e-03 1.213592233009708719e-02 1.377842500280049287e-02 0.000000000000000000e+00 0.000000000000000000e+00 2.017458777885548088e-02 1.525919732441471596e-02 0.000000000000000000e+00 0.000000000000000000e+00 0.000000000000000000e+00 0.000000000000000000e+00 1.819422333409142535e-03 1.087625692591832546e-02 1.701244813278008153e-02 2.295918367346938983e-03 7.139125892390736465e-03 8.185538881309685835e-03 0.000000000000000000e+00 0.000000000000000000e+00 0.000000000000000000e+00 2.823086574654956257e-03 0.000000000000000000e+00 4.231908590774439397e-04 0.000000000000000000e+00 3.401360544217686948e-03 0.000000000000000000e+00 1.252269738901759522e-04 0.000000000000000000e+00 2.008032128514056311e-04 0.000000000000000000e+00 1.536216299254935201e-04 0.000000000000000000e+00 2.748995559314865861e-03 7.211885186787826978e-05 5.735008855528379683e-03 0.000000000000000000e+00 0.000000000000000000e+00 0.000000000000000000e+00 2.875112309074573207e-03 0.000000000000000000e+00 3.979307600477517172e-03 1.555693839452395753e-04 3.992901508429458346e-03 2.770083102493075015e-04 1.336233685518955876e-02 0.000000000000000000e+00 6.793478260869565029e-03 0.000000000000000000e+00 1.975051975051975162e-02 0.000000000000000000e+00 2.026753141467369131e-03 0.000000000000000000e+00 9.980039920159679799e-04 1.525940996948117962e-03 1.224434142350695337e-01 1.804782674086328857e-03 2.021414990493345179e-02 0.000000000000000000e+00 1.096090610157106349e-03 4.203718674211803091e-03 2.001803426510369646e-02 0.000000000000000000e+00 0.000000000000000000e+00 0.000000000000000000e+00 5.661348430262481100e-03 0.000000000000000000e+00 0.000000000000000000e+00 0.000000000000000000e+00 2.104605126067930765e-02 0.000000000000000000e+00 0.000000000000000000e+00 0.000000000000000000e+00 1.217861975642760448e-02 4.873294346978557234e-04 4.842615012106537544e-04 0.000000000000000000e+00 0.000000000000000000e+00 2.004008016032063962e-03 0.000000000000000000e+00 0.000000000000000000e+00 0.000000000000000000e+00 0.000000000000000000e+00 0.000000000000000000e+00 0.000000000000000000e+00 0.000000000000000000e+00 0.000000000000000000e+00 2.034174125305126060e-04 0.000000000000000000e+00 0.000000000000000000e+00 0.000000000000000000e+00 0.000000000000000000e+00 0.000000000000000000e+00 0.000000000000000000e+00 0.000000000000000000e+00 0.000000000000000000e+00 0.000000000000000000e+00 0.000000000000000000e+00 0.000000000000000000e+00 0.000000000000000000e+00
4.629629629629629806e-04 0.000000000000000000e+00 3.611111111111110772e-02 6.481481481481481295e-03 5.023148148148147696e-01 2.777777777777777884e-03 1.435185185185185175e-02 0.000000000000000000e+00 0.000000000000000000e+00 0.000000000000000000e+00 3.274394237066142891e-04 0.000000000000000000e+00 1.978088861838100954e-02 0.000000000000000000e+00 2.856328392246293979e-01 0.000000000000000000e+00 5.489980785067251866e-04 0.000000000000000000e+00 1.213592233009708687e-04 1.120197154699227002e-04 0.000000000000000000e+00 0.000000000000000000e+00 5.819592628516003516e-04 6.270903010033444976e-04 0.000000000000000000e+00 0.000000000000000000e+00 1.049120679199514877e-01 7.451564828614008935e-04 6.367978166931999306e-03 0.000000000000000000e+00 2.904564315352697185e-03 5.102040816326531072e-04 0.000000000000000000e+00 9.095043201455206333e-05 0.000000000000000000e+00 0.000000000000000000e+00 0.000000000000000000e+00 0.000000000000000000e+00 0.000000000000000000e+00 0.000000000000000000e+00 0.000000000000000000e+00 0.000000000000000000e+00 0.000000000000000000e+00 0.000000000000000000e+00 1.027115858668857800e-04 0.000000000000000000e+00 1.412030499858797031e-04 0.000000000000000000e+00 0.000000000000000000e+00 0.000000000000000000e+00 7.211885186787826978e-05 0.000000000000000000e+00 0.000000000000000000e+00 0.000000000000000000e+00 0.000000000000000000e+00 0.000000000000000000e+00 1.700680272108843420e-04 0.000000000000000000e+00 1.555693839452395753e-04 0.000000000000000000e+00 5.540166204986150030e-04 0.000000000000000000e+00 1.165501165501165500e-03 0.000000000000000000e+00 0.000000000000000000e+00 0.000000000000000000e+00 0.000000000000000000e+00 0.000000000000000000e+00 0.000000000000000000e+00 0.000000000000000000e+00 2.288911495422177051e-03 0.000000000000000000e+00 1.804782674086328684e-02 0.000000000000000000e+00 3.502626970227670777e-03 0.000000000000000000e+00 4.850444624090541486e-04 0.000000000000000000e+00 0.000000000000000000e+00 0.000000000000000000e+00 0.000000000000000000e+00 0.000000000000000000e+00 4.385964912280701511e-03 0.000000000000000000e+00 6.523157208088714576e-04 0.000000000000000000e+00 0.000000000000000000e+00 0.000000000000000000e+00 2.204585537918871130e-04 0.000000000000000000e+00 0.000000000000000000e+00 0.000000000000000000e+00 0.000000000000000000e+00 0.000000000000000000e+00 0.000000000000000000e+00 0.000000000000000000e+00 0.000000000000000000e+00 0.000000000000000000e+00 0.000000000000000000e+00 0.000000000000000000e+00 0.000000000000000000e+00 0.000000000000000000e+00 0.000000000000000000e+00 0.000000000000000000e+00 0.000000000000000000e+00 0.000000000000000000e+00 0.000000000000000000e+00 0.000000000000000000e+00 0.000000000000000000e+00 0.000000000000000000e+00 0.000000000000000000e+00 0.000000000000000000e+00 0.000000000000000000e+00 0.000000000000000000e+00 0.000000000000000000e+00 0.000000000000000000e+00
0.000000000000000000e+00 4.725897920604914954e-03 9.451795841209829907e-03 1.228733459357277819e-02 1.039697542533081324e-02 2.362948960302457546e-01 9.451795841209830124e-04 8.506616257088846569e-03 0.000000000000000000e+00 0.000000000000000000e+00 0.000000000000000000e+00 5.434782608695652240e-04 3.043213633597078574e-04 4.417577307602883058e-03 1.140250855188141427e-03 2.152917505030181033e-01 0.000000000000000000e+00 0.000000000000000000e+00 0.000000000000000000e+00 0.000000000000000000e+00 0.000000000000000000e+00 0.000000000000000000e+00 3.879728419010669300e-03 0.000000000000000000e+00 2.427184466019417265e-03 0.000000000000000000e+00 0.000000000000000000e+00 7.451564828614008935e-04 0.000000000000000000e+00 1.026061974143238284e-03 8.298755186721991492e-04 1.020408163265306214e-03 0.000000000000000000e+00 0.000000000000000000e+00 0.000000000000000000e+00 0.000000000000000000e+00 0.000000000000000000e+00 0.000000000000000000e+00 0.000000000000000000e+00 0.000000000000000000e+00 0.000000000000000000e+00 3.401360544217686948e-03 0.000000000000000000e+00 0.000000000000000000e+00 0.000000000000000000e+00 0.000000000000000000e+00 0.000000000000000000e+00 0.000000000000000000e+00 0.000000000000000000e+00 7.048706562345810177e-05 0.000000000000000000e+00 0.000000000000000000e+00 0.000000000000000000e+00 0.000000000000000000e+00 0.000000000000000000e+00 0.000000000000000000e+00 0.000000000000000000e+00 1.326435866825838859e-04 0.000000000000000000e+00 0.000000000000000000e+00 0.000000000000000000e+00 0.000000000000000000e+00 0.000000000000000000e+00 0.000000000000000000e+00 0.000000000000000000e+00 0.000000000000000000e+00 0.000000000000000000e+00 0.000000000000000000e+00 0.000000000000000000e+00 0.000000000000000000e+00 0.000000000000000000e+00 3.272429779110990009e-03 0.000000000000000000e+00 1.130791554087861445e-02 0.000000000000000000e+00 1.096090610157106349e-03 0.000000000000000000e+00 2.885482416591523842e-03 0.000000000000000000e+00 0.000000000000000000e+00 0.000000000000000000e+00 0.000000000000000000e+00 0.000000000000000000e+00 0.000000000000000000e+00 0.000000000000000000e+00 1.041883725776203391e-04 0.000000000000000000e+00 9.115770282588878549e-04 0.000000000000000000e+00 2.405653285220267761e-03 0.000000000000000000e+00 4.842615012106537544e-04 0.000000000000000000e+00 0.000000000000000000e+00 0.000000000000000000e+00 0.000000000000000000e+00 0.000000000000000000e+00 0.000000000000000000e+00 0.000000000000000000e+00 0.000000000000000000e+00 0.000000000000000000e+00 0.000000000000000000e+00 0.000000000000000000e+00 2.034174125305126060e-04 0.000000000000000000e+00 0.000000000000000000e+00 0.000000000000000000e+00 0.000000000000000000e+00 0.000000000000000000e+00 0.000000000000000000e+00 0.000000000000000000e+00 0.000000000000000000e+00 0.000000000000000000e+00 0.000000000000000000e+00 0.000000000000000000e+00 0.000000000000000000e+00
1.355599214145383202e-01 1.309757694826457156e-03 8.742632612966601269e-02 5.893909626719056986e-03 6.548788474132285781e-04 0.000000000000000000e+00 4.878847413228552810e-02 1.309757694826457070e-02 3.274394237066142891e-04 0.000000000000000000e+00 0.000000000000000000e+00 3.260869565217391127e-03 1.223371880706025511e-01 1.627528481748430692e-03 3.420752565564424280e-03 0.000000000000000000e+00 5.297831457589898679e-02 1.919385796545105660e-04 2.050970873786407689e-02 3.920690041447294494e-03 0.000000000000000000e+00 0.000000000000000000e+00 1.222114451988360814e-02 1.881270903010033493e-03 0.000000000000000000e+00 0.000000000000000000e+00 0.000000000000000000e+00 0.000000000000000000e+00 8.642256083693426738e-02 6.156371844859429487e-04 7.883817427385891863e-03 1.020408163265306214e-03 2.437750304718788209e-03 5.275125056844020242e-03 1.091703056768558895e-03 0.000000000000000000e+00 4.623208506703652089e-04 0.000000000000000000e+00 0.000000000000000000e+00 0.000000000000000000e+00 0.000000000000000000e+00 3.401360544217686948e-03 0.000000000000000000e+00 0.000000000000000000e+00 0.000000000000000000e+00 0.000000000000000000e+00 0.000000000000000000e+00 0.000000000000000000e+00 0.000000000000000000e+00 0.000000000000000000e+00 1.009663926150295614e-03 0.000000000000000000e+00 0.000000000000000000e+00 0.000000000000000000e+00 2.341920374707259951e-04 0.000000000000000000e+00 4.761904761904762334e-03 0.000000000000000000e+00 2.333540759178593521e-03 0.000000000000000000e+00 2.742382271468143951e-02 0.000000000000000000e+00 1.165501165501165587e-02 0.000000000000000000e+00 1.468344774980930544e-02 0.000000000000000000e+00 7.189646908451829228e-04 0.000000000000000000e+00 0.000000000000000000e+00 0.000000000000000000e+00 8.723296032553408408e-02 2.999727297518407255e-03 1.158068882538727633e-02 2.001400980686480558e-04 0.000000000000000000e+00 0.000000000000000000e+00 1.455133387227162392e-03 1.803426510369702401e-04 0.000000000000000000e+00 0.000000000000000000e+00 1.231527093596059127e-03 0.000000000000000000e+00 0.000000000000000000e+00 0.000000000000000000e+00 5.218525766470971661e-03 0.000000000000000000e+00 0.000000000000000000e+00 0.000000000000000000e+00 4.188712522045855147e-03 0.000000000000000000e+00 0.000000000000000000e+00 0.000000000000000000e+00 0.000000000000000000e+00 0.000000000000000000e+00 2.004008016032063962e-03 0.000000000000000000e+00 0.000000000000000000e+00 0.000000000000000000e+00 0.000000000000000000e+00 0.000000000000000000e+00 0.000000000000000000e+00 0.000000000000000000e+00 0.000000000000000000e+00 0.000000000000000000e+00 0.000000000000000000e+00 0.000000000000000000e+00 0.000000000000000000e+00 0.000000000000000000e+00 0.000000000000000000e+00 0.000000000000000000e+00 0.000000000000000000e+00 0.000000000000000000e+00 0.000000000000000000e+00 0.000000000000000000e+00 0.000000000000000000e+00 0.000000000000000000e+00
0.000000000000000000e+00 2.173913043478260809e-02 4.619565217391304567e-03 6.847826086956521063e-02 0.000000000000000000e+00 0.000000000000000000e+00 8.423913043478260809e-03 1.211956521739130377e-01 0.000000000000000000e+00 5.434782608695652240e-04 3.260869565217391127e-03 0.000000000000000000e+00 1.825928180158247144e-03 1.532201813531736678e-01 0.000000000000000000e+00 4.024144869215291655e-04 2.744990392533625933e-04 5.451055662188099976e-02 2.427184466019417265e-03 1.344236585639072522e-02 0.000000000000000000e+00 0.000000000000000000e+00 3.103782735208535353e-03 9.197324414715719876e-03 0.000000000000000000e+00 0.000000000000000000e+00 0.000000000000000000e+00 0.000000000000000000e+00 0.000000000000000000e+00 1.329776318489636899e-01 1.244813278008298670e-03 1.530612244897959105e-03 8.706251088281386462e-04 8.003638017280581898e-03 0.000000000000000000e+00 4.132231404958677584e-04 0.000000000000000000e+00 1.254705144291091501e-03 0.000000000000000000e+00 4.231908590774439397e-04 0.000000000000000000e+00 0.000000000000000000e+00 0.000000000000000000e+00 0.000000000000000000e+00 0.000000000000000000e+00 0.000000000000000000e+00 0.000000000000000000e+00 0.000000000000000000e+00 0.000000000000000000e+00 1.409741312469162035e-04 0.000000000000000000e+00 5.903685586573332537e-04 0.000000000000000000e+00 0.000000000000000000e+00 0.000000000000000000e+00 0.000000000000000000e+00 0.000000000000000000e+00 6.366892160764026955e-03 0.000000000000000000e+00 1.330967169476486188e-03 0.000000000000000000e+00 7.768800497203231896e-03 0.000000000000000000e+00 1.721014492753623198e-02 0.000000000000000000e+00 9.182259182259181612e-03 0.000000000000000000e+00 1.053911633563031939e-03 0.000000000000000000e+00 9.980039920159679799e-04 2.543234994913529936e-04 7.144805017725661123e-02 4.511956685215822143e-04 1.671169818873211380e-02 0.000000000000000000e+00 1.826817683595177103e-03 9.700889248181082973e-04 9.738503155996393670e-03 0.000000000000000000e+00 2.881844380403458025e-03 0.000000000000000000e+00 9.521358723623262604e-03 0.000000000000000000e+00 0.000000000000000000e+00 0.000000000000000000e+00 1.093977912065013589e-02 0.000000000000000000e+00 1.823154056517775710e-03 0.000000000000000000e+00 7.668019846639602920e-03 0.000000000000000000e+00 0.000000000000000000e+00 0.000000000000000000e+00 0.000000000000000000e+00 2.004008016032063962e-03 0.000000000000000000e+00 0.000000000000000000e+00 0.000000000000000000e+00 0.000000000000000000e+00 0.000000000000000000e+00 0.000000000000000000e+00 0.000000000000000000e+00 0.000000000000000000e+00 0.000000000000000000e+00 0.000000000000000000e+00 3.108486167236555590e-04 0.000000000000000000e+00 0.000000000000000000e+00 0.000000000000000000e+00 0.000000000000000000e+00 0.000000000000000000e+00 0.000000000000000000e+00 0.000000000000000000e+00 0.000000000000000000e+00 0.000000000000000000e+00 0.000000000000000000e+00
1.460742544126597715e-02 0.000000000000000000e+00 1.436396835057821009e-01 6.086427267194156714e-03 3.043213633597078574e-04 0.000000000000000000e+00 2.638466220328666845e-01 7.608034083992696109e-03 1.978088861838100954e-02 3.043213633597078574e-04 1.223371880706025511e-01 1.825928180158247144e-03 0.000000000000000000e+00 1.162520344106021892e-03 9.692132269099201780e-02 0.000000000000000000e+00 4.391984628053801493e-03 1.919385796545105660e-04 4.368932038834951598e-03 1.344236585639072565e-03 0.000000000000000000e+00 0.000000000000000000e+00 1.862269641125121125e-02 3.971571906354515007e-03 0.000000000000000000e+00 0.000000000000000000e+00 0.000000000000000000e+00 0.000000000000000000e+00 7.095747100295655974e-02 0.000000000000000000e+00 9.128630705394191400e-03 7.142857142857142634e-03 1.741250217656277292e-03 2.091859936334697443e-03 0.000000000000000000e+00 0.000000000000000000e+00 1.386962552011095735e-03 3.136762860727728753e-04 0.000000000000000000e+00 0.000000000000000000e+00 0.000000000000000000e+00 0.000000000000000000e+00 0.000000000000000000e+00 0.000000000000000000e+00 0.000000000000000000e+00 0.000000000000000000e+00 2.824060999717594063e-04 0.000000000000000000e+00 8.542627712284298883e-05 0.000000000000000000e+00 9.375450742824173716e-04 0.000000000000000000e+00 0.000000000000000000e+00 0.000000000000000000e+00 2.341920374707259951e-04 0.000000000000000000e+00 1.190476190476190584e-03 0.000000000000000000e+00 1.088985687616677136e-03 0.000000000000000000e+00 1.080332409972299158e-02 0.000000000000000000e+00 2.719502719502719500e-03 0.000000000000000000e+00 9.344012204424103143e-03 0.000000000000000000e+00 3.195398625978590587e-04 8.107012565869477498e-05 8.684324793747286424e-04 0.000000000000000000e+00 4.730417090539165703e-02 8.181074447777475023e-04 2.586855166190404551e-02 4.002801961372961115e-04 5.837711617046117962e-04 0.000000000000000000e+00 1.131770412287792966e-02 1.623083859332732134e-03 0.000000000000000000e+00 0.000000000000000000e+00 2.463054187192118254e-03 0.000000000000000000e+00 0.000000000000000000e+00 0.000000000000000000e+00 3.000652315720808792e-03 0.000000000000000000e+00 0.000000000000000000e+00 0.000000000000000000e+00 2.865961199294532469e-03 0.000000000000000000e+00 0.000000000000000000e+00 0.000000000000000000e+00 0.000000000000000000e+00 0.000000000000000000e+00 2.004008016032063962e-03 0.000000000000000000e+00 0.000000000000000000e+00 0.000000000000000000e+00 0.000000000000000000e+00 0.000000000000000000e+00 0.000000000000000000e+00 0.000000000000000000e+00 0.000000000000000000e+00 0.000000000000000000e+00 0.000000000000000000e+00 0.000000000000000000e+00 0.000000000000000000e+00 0.000000000000000000e+00 0.000000000000000000e+00 0.000000000000000000e+00 0.000000000000000000e+00 0.000000000000000000e+00 0.000000000000000000e+00 0.000000000000000000e+00 0.000000000000000000e+00 0.000000000000000000e+00
