0.000000000000000000e+00 2.766367137355583983e-02 5.379375146817007292e-02 4.645375362919950367e-03 6.922810661128418665e-04 0.000000000000000000e+00 1.143462564746507565e-01 7.629704984740590459e-03 1.132289111153047785e-03 2.319109461966604860e-04 2.723085780080598539e-01 3.777971519907003927e-03 3.610488865463170466e-02 1.059072722993645516e-03 1.329787234042553159e-03 0.000000000000000000e+00 4.770517748134750491e-02 1.206272617611580137e-03 5.011792452830188954e-02 3.305158214130905769e-02 0.000000000000000000e+00 0.000000000000000000e+00 1.824632539280283917e-03 1.362191614953836777e-03 0.000000000000000000e+00 1.898974553740979824e-04 2.621231979030144081e-04 0.000000000000000000e+00 3.015013536795471336e-02 1.189414213499851228e-03 9.235811112766273770e-03 1.196953210010881464e-03 1.137845205641815731e-02 1.569602881893815763e-02 3.173595683909869684e-04 0.000000000000000000e+00 4.880155473979701924e-02 4.325259515570934387e-04 4.239084357778719796e-04 0.000000000000000000e+00 6.124234470691163230e-03 0.000000000000000000e+00 0.000000000000000000e+00 0.000000000000000000e+00 3.955696202531645508e-04 1.065984436627225252e-04 0.000000000000000000e+00 0.000000000000000000e+00 1.649892756970796834e-03 0.000000000000000000e+00 1.395157981124333160e-02 9.022827754218171886e-05 9.376465072667604849e-04 1.606683804627249241e-04 1.953548947254178571e-03 0.000000000000000000e+00 2.912110842166764080e-01 4.284548422198041287e-03 5.045871559633027803e-02 5.455537370430986986e-04 4.976141785957736985e-02 0.000000000000000000e+00 3.288752466564349910e-03 1.427144284287141390e-04 1.697152555157457887e-02 4.315304948216340357e-04 1.695589874223849686e-02 1.050119331742243450e-03 1.106177606177606160e-01 6.219227779217413599e-03 5.687242132513550819e-02 1.296536395628820112e-03 2.478255689264863629e-02 4.508159769182219626e-04 0.000000000000000000e+00 0.000000000000000000e+00 6.552094522019334677e-02 1.496525921966862733e-03 1.231527093596059127e-03 0.000000000000000000e+00 5.004170141784820489e-03 1.493205913095415737e-04 7.698229407236335158e-04 0.000000000000000000e+00 1.076998391495908799e-02 1.521954189178905726e-04 0.000000000000000000e+00 0.000000000000000000e+00 1.037409619616472788e-02 1.063490375412102471e-04 6.551059730250481314e-03 7.393715341959334253e-04 5.873715124816446080e-03 5.312084993359893594e-04 4.135338345864661425e-02 0.000000000000000000e+00 8.980691513246519568e-04 0.000000000000000000e+00 0.000000000000000000e+00 1.183431952662721909e-03 9.057971014492753733e-04 0.000000000000000000e+00 1.680672268907563126e-03 2.351281448389372331e-04 4.111842105263157666e-03 3.009328919650918052e-04 5.605381165919282429e-04 0.000000000000000000e+00 0.000000000000000000e+00 2.011494252873563190e-02 1.982160555004955360e-03 4.576659038901601841e-03 0.000000000000000000e+00 0.000000000000000000e+00 8.025682182985553704e-04 0.000000000000000000e+00
2.766367137355583983e-02 0.000000000000000000e+00 5.402865867982146846e-03 6.072169224388220682e-02 0.000000000000000000e+00 7.194244604316546920e-04 2.118976612776644376e-03 1.113301119023397817e-01 0.000000000000000000e+00 3.942486085343228398e-03 5.757052389176741964e-04 1.393490264458006334e-01 0.000000000000000000e+00 3.659684631678041672e-02 0.000000000000000000e+00 1.316559391456992387e-03 2.034817996834727572e-03 1.038902291917973425e-01 2.800707547169811393e-02 7.563935847420892589e-02 0.000000000000000000e+00 0.000000000000000000e+00 2.027369488089204202e-04 9.081277433025578515e-04 0.000000000000000000e+00 0.000000000000000000e+00 0.000000000000000000e+00 0.000000000000000000e+00 7.383706620723602806e-04 4.916245415799385537e-02 8.937881722031878681e-04 7.616974972796517916e-04 1.884556121844257331e-02 2.221459816450810365e-02 0.000000000000000000e+00 4.003202562049639444e-04 1.727488663355646785e-03 6.076989619377162755e-02 0.000000000000000000e+00 1.093117408906882533e-02 0.000000000000000000e+00 3.911564625850340315e-02 0.000000000000000000e+00 0.000000000000000000e+00 0.000000000000000000e+00 9.593859929645027129e-04 0.000000000000000000e+00 0.000000000000000000e+00 0.000000000000000000e+00 4.816440115594562525e-03 4.103405826836274001e-04 1.569972029233961813e-02 4.688232536333802425e-04 1.446015424164524398e-03 0.000000000000000000e+00 1.482030381622823252e-03 4.423670812119188944e-03 2.747551686615886668e-01 4.828585224529212752e-04 4.050736497545007891e-02 5.680527152919790648e-04 4.313818440388717673e-02 0.000000000000000000e+00 2.026544883687740953e-02 0.000000000000000000e+00 4.430379746835443056e-02 1.512498009871039674e-03 1.155131264916467795e-02 3.011583011583011601e-02 5.623218450375744998e-02 4.044980179597119940e-04 4.883620423535222493e-02 9.531752651018705847e-04 3.173744477504282513e-02 0.000000000000000000e+00 0.000000000000000000e+00 2.864303616183315644e-03 9.182255478353822109e-02 0.000000000000000000e+00 2.242152466367712971e-03 4.765876325509352924e-04 3.434373600119456412e-03 0.000000000000000000e+00 5.065856129685917262e-04 0.000000000000000000e+00 1.978540445932577482e-02 0.000000000000000000e+00 6.786562606040041174e-04 0.000000000000000000e+00 1.786663830692332075e-02 3.853564547206165766e-04 1.072088724584103515e-02 0.000000000000000000e+00 3.718459495351925624e-03 9.398496240601503238e-03 2.309913378248315552e-02 4.490345756623259784e-04 9.718172983479105411e-04 7.178750897343862429e-04 5.917159763313609329e-03 0.000000000000000000e+00 3.428571428571428395e-03 0.000000000000000000e+00 1.881025158711497865e-03 0.000000000000000000e+00 2.708396027685825921e-03 0.000000000000000000e+00 0.000000000000000000e+00 0.000000000000000000e+00 8.620689655172413673e-03 0.000000000000000000e+00 2.288329519450800920e-03 1.254705144291091501e-03 0.000000000000000000e+00 0.000000000000000000e+00 0.000000000000000000e+00
5.379375146817007292e-02 5.402865867982146846e-03 0.000000000000000000e+00 2.986312733305682317e-03 8.047767393561786053e-02 1.978417266187050376e-03 2.742897504316433865e-01 6.040183112919633897e-03 1.124740517078694074e-01 2.782931354359925724e-03 4.029936672423718724e-02 1.743679163034001812e-03 5.666095664777968249e-02 2.706519180983761076e-03 3.134498480243161356e-02 1.170275014628437702e-03 9.043635541487678869e-03 9.047044632086851572e-04 7.222877358490566169e-02 6.935413957520589374e-03 1.974333662388943599e-03 0.000000000000000000e+00 1.617840851495185028e-01 4.389284092629029688e-03 6.698002350176263109e-02 3.608051652107861773e-03 2.044560943643512416e-02 2.763957987838584741e-04 5.057839035195667993e-02 1.090296362374863770e-03 1.623715179502457917e-02 9.466811751904244052e-03 1.600094820433803355e-02 5.575092203447980059e-03 1.904157410345922027e-03 4.003202562049639444e-04 1.684301446771755556e-02 0.000000000000000000e+00 4.239084357778719796e-04 0.000000000000000000e+00 8.748906386701662532e-04 0.000000000000000000e+00 4.233102864399604934e-04 0.000000000000000000e+00 2.768987341772151910e-03 0.000000000000000000e+00 0.000000000000000000e+00 0.000000000000000000e+00 6.929549579277346702e-03 0.000000000000000000e+00 8.104226508001641585e-03 2.706848326265451701e-04 1.406469760900140673e-03 0.000000000000000000e+00 1.519426958975472102e-03 0.000000000000000000e+00 7.011100909773808516e-03 5.440696409140370095e-04 1.557218734910671178e-02 0.000000000000000000e+00 3.635537377868666362e-03 0.000000000000000000e+00 8.770006577504933527e-04 0.000000000000000000e+00 4.337167640957948454e-03 0.000000000000000000e+00 2.260786498965132799e-02 2.863961813842481842e-04 1.023166023166023099e-02 1.554806944804353400e-03 3.438233152657552139e-02 1.296536395628820112e-03 9.102823781722864382e-02 2.795059056892976353e-03 3.846153846153846367e-02 0.000000000000000000e+00 7.924573338107172848e-02 2.672367717797969212e-03 1.231527093596059127e-03 0.000000000000000000e+00 2.263791254616942788e-03 0.000000000000000000e+00 3.849114703618167579e-04 0.000000000000000000e+00 4.475837471151829228e-03 1.521954189178905726e-04 1.004520341536916219e-03 0.000000000000000000e+00 3.615215341087708173e-03 0.000000000000000000e+00 1.926782273603082829e-03 1.848428835489833617e-03 4.405286343612335211e-03 0.000000000000000000e+00 1.691729323308270583e-02 9.624639076034649217e-04 8.980691513246519568e-04 0.000000000000000000e+00 3.589375448671930889e-03 1.183431952662721909e-03 1.811594202898550747e-03 0.000000000000000000e+00 1.260504201680672344e-03 2.351281448389372331e-04 4.934210526315789200e-03 9.027986758952753071e-04 0.000000000000000000e+00 0.000000000000000000e+00 0.000000000000000000e+00 7.183908045977011395e-03 9.910802775024776801e-04 2.288329519450800920e-03 0.000000000000000000e+00 0.000000000000000000e+00 8.025682182985553704e-04 1.265822784810126606e-03
4.645375362919950367e-03 6.072169224388220682e-02 2.986312733305682317e-03 0.000000000000000000e+00 6.922810661128418665e-04 6.618705035971222950e-02 6.435410453617956480e-03 2.350584944048830227e-01 1.887148518588412885e-04 5.774582560296846051e-02 4.893494530800230127e-03 2.993315896541702895e-02 3.821320332059559982e-03 1.294422216992233490e-02 1.899696048632218838e-04 1.287302516091281407e-02 3.165272439520687431e-03 1.553075995174909608e-02 1.591981132075471692e-02 8.593411356740356111e-02 0.000000000000000000e+00 6.934812760055478675e-04 5.372529143436391257e-03 2.121991826850310181e-01 1.342957864696995088e-03 5.677933915685529770e-02 7.863695937090432785e-04 6.633499170812603811e-03 1.599803101156780771e-03 2.537416988799682735e-02 8.937881722031878681e-03 2.480957562568008798e-02 6.400379281735213595e-03 2.641735997941504349e-02 3.173595683909869684e-04 4.403522818254603823e-03 1.295616497516735143e-03 1.578719723183390905e-02 0.000000000000000000e+00 4.048582995951416829e-04 0.000000000000000000e+00 1.530612244897959148e-02 0.000000000000000000e+00 0.000000000000000000e+00 1.318565400843881746e-04 1.918771985929005426e-03 0.000000000000000000e+00 2.789011295495746998e-04 0.000000000000000000e+00 2.247672053944129150e-03 0.000000000000000000e+00 3.609131101687268646e-03 0.000000000000000000e+00 3.213367609254498482e-04 0.000000000000000000e+00 0.000000000000000000e+00 7.511893831900509589e-04 6.324809575625679747e-03 2.414292612264606376e-04 1.786688488816148487e-02 2.272210861167916476e-04 2.370229912301493203e-03 0.000000000000000000e+00 7.135721421435706679e-04 0.000000000000000000e+00 2.876869965477560527e-03 5.572361088998567047e-04 1.250596658711217168e-02 1.158301158301158242e-03 4.664420834413060199e-03 2.993285332901868875e-03 3.136383280854479483e-02 2.382938162754676733e-03 4.922910467946983726e-02 0.000000000000000000e+00 9.966777408637873120e-03 3.938417472252059119e-03 8.295029396044895087e-02 0.000000000000000000e+00 0.000000000000000000e+00 2.382938162754676462e-04 5.972823652381662948e-04 0.000000000000000000e+00 0.000000000000000000e+00 1.398699209734946634e-04 1.445856479719960508e-03 0.000000000000000000e+00 3.393281303020020587e-04 0.000000000000000000e+00 1.807933638200574268e-03 0.000000000000000000e+00 1.848428835489833617e-03 1.957905041605482316e-03 7.968127490039840933e-04 0.000000000000000000e+00 3.176130895091434231e-02 4.490345756623259784e-04 1.943634596695821082e-03 7.178750897343862429e-04 4.733727810650887637e-03 9.057971014492753733e-04 0.000000000000000000e+00 0.000000000000000000e+00 1.410768869033623236e-03 4.111842105263157666e-04 9.027986758952753071e-04 0.000000000000000000e+00 0.000000000000000000e+00 0.000000000000000000e+00 0.000000000000000000e+00 0.000000000000000000e+00 0.000000000000000000e+00 0.000000000000000000e+00 0.000000000000000000e+00 0.000000000000000000e+00 0.000000000000000000e+00
6.922810661128418665e-04 0.000000000000000000e+00 8.047767393561786053e-02 6.922810661128418665e-04 0.000000000000000000e+00 1.438848920863309384e-03 9.496154449850887150e-03 6.358087487283824841e-05 3.766748443102472255e-01 9.276437847866419442e-04 8.635578583765111862e-04 0.000000000000000000e+00 4.348398998550533773e-03 1.176747469992939492e-04 1.914893617021276584e-01 2.925687536571094254e-04 0.000000000000000000e+00 0.000000000000000000e+00 2.948113207547169699e-04 0.000000000000000000e+00 1.974333662388943686e-02 6.934812760055478675e-04 2.341611758743030944e-02 3.027092477675193019e-04 8.746013093839180574e-02 3.228256741359665592e-03 1.182175622542595006e-01 5.527915975677169481e-04 1.292148658626630572e-02 0.000000000000000000e+00 1.340682258304781802e-03 1.958650707290533147e-03 2.370510845087116377e-04 0.000000000000000000e+00 0.000000000000000000e+00 0.000000000000000000e+00 6.478082487583675716e-04 0.000000000000000000e+00 0.000000000000000000e+00 0.000000000000000000e+00 8.748906386701662532e-04 0.000000000000000000e+00 0.000000000000000000e+00 0.000000000000000000e+00 0.000000000000000000e+00 0.000000000000000000e+00 6.883891693437356202e-04 0.000000000000000000e+00 1.649892756970796834e-04 0.000000000000000000e+00 4.103405826836274001e-04 0.000000000000000000e+00 1.875293014533520970e-03 0.000000000000000000e+00 4.341219882787063070e-04 0.000000000000000000e+00 4.173274351055838299e-04 0.000000000000000000e+00 1.207146306132303188e-04 0.000000000000000000e+00 6.816632583503749428e-04 0.000000000000000000e+00 2.192501644376233382e-04 0.000000000000000000e+00 9.428625306430322680e-04 0.000000000000000000e+00 1.592103168285304948e-04 0.000000000000000000e+00 0.000000000000000000e+00 0.000000000000000000e+00 1.844510961896286827e-02 2.469593134531086211e-04 4.599070654116525769e-02 9.016319538364440066e-05 0.000000000000000000e+00 0.000000000000000000e+00 1.432151808091657822e-03 1.068947087119187647e-04 0.000000000000000000e+00 0.000000000000000000e+00 0.000000000000000000e+00 0.000000000000000000e+00 3.849114703618167579e-04 0.000000000000000000e+00 1.468634170221693857e-03 0.000000000000000000e+00 3.515821195379206440e-03 0.000000000000000000e+00 3.458032065388242770e-03 0.000000000000000000e+00 0.000000000000000000e+00 0.000000000000000000e+00 4.894762604013705790e-04 0.000000000000000000e+00 1.879699248120300648e-03 2.887391722810394440e-03 0.000000000000000000e+00 0.000000000000000000e+00 0.000000000000000000e+00 0.000000000000000000e+00 0.000000000000000000e+00 0.000000000000000000e+00 0.000000000000000000e+00 0.000000000000000000e+00 0.000000000000000000e+00 0.000000000000000000e+00 0.000000000000000000e+00 0.000000000000000000e+00 0.000000000000000000e+00 0.000000000000000000e+00 0.000000000000000000e+00 0.000000000000000000e+00 0.000000000000000000e+00 0.000000000000000000e+00 0.000000000000000000e+00 0.000000000000000000e+00
0.000000000000000000e+00 7.194244604316546920e-04 1.978417266187050376e-03 6.618705035971222950e-02 1.438848920863309384e-03 0.000000000000000000e+00 6.278449223041908259e-04 6.485249237029501283e-03 9.435742592942064156e-04 3.884508348794062926e-01 0.000000000000000000e+00 1.453065969195001510e-04 0.000000000000000000e+00 9.413979759943515938e-04 1.709726443768996981e-03 8.674663545933294917e-02 0.000000000000000000e+00 1.507840772014475172e-04 0.000000000000000000e+00 7.585609016038145306e-04 9.871668311944717996e-04 1.109570041608876588e-02 2.230106436898124812e-03 3.027092477675193127e-02 6.211180124223602064e-03 1.110900113938473183e-01 7.863695937090432785e-04 1.978993919292426629e-01 1.230617770120600468e-04 7.731192387749033848e-03 4.915834947117532841e-03 5.658324265505984552e-03 1.185255422543558189e-04 1.372330388541041302e-03 0.000000000000000000e+00 0.000000000000000000e+00 0.000000000000000000e+00 6.487889273356401039e-04 0.000000000000000000e+00 0.000000000000000000e+00 0.000000000000000000e+00 0.000000000000000000e+00 0.000000000000000000e+00 1.067919692439128597e-04 0.000000000000000000e+00 0.000000000000000000e+00 0.000000000000000000e+00 1.394505647747873499e-04 0.000000000000000000e+00 2.140640051375361237e-04 0.000000000000000000e+00 9.022827754218171886e-05 0.000000000000000000e+00 1.606683804627249241e-04 0.000000000000000000e+00 0.000000000000000000e+00 0.000000000000000000e+00 2.040261153427638786e-04 0.000000000000000000e+00 2.727768685215493493e-04 0.000000000000000000e+00 2.370229912301493203e-04 0.000000000000000000e+00 0.000000000000000000e+00 0.000000000000000000e+00 4.315304948216340357e-04 0.000000000000000000e+00 6.682577565632458715e-04 0.000000000000000000e+00 0.000000000000000000e+00 3.235984143677695952e-03 3.056121503982218990e-02 1.191469081377338231e-04 3.615544134884140365e-02 0.000000000000000000e+00 3.322259136212624663e-03 0.000000000000000000e+00 1.282736504543025013e-03 0.000000000000000000e+00 0.000000000000000000e+00 0.000000000000000000e+00 1.493205913095415737e-04 0.000000000000000000e+00 0.000000000000000000e+00 0.000000000000000000e+00 7.609770945894528632e-05 0.000000000000000000e+00 0.000000000000000000e+00 0.000000000000000000e+00 1.063490375412102471e-04 0.000000000000000000e+00 3.696857670979667126e-04 0.000000000000000000e+00 0.000000000000000000e+00 0.000000000000000000e+00 2.887391722810394440e-03 0.000000000000000000e+00 0.000000000000000000e+00 0.000000000000000000e+00 0.000000000000000000e+00 0.000000000000000000e+00 0.000000000000000000e+00 0.000000000000000000e+00 0.000000000000000000e+00 0.000000000000000000e+00 0.000000000000000000e+00 0.000000000000000000e+00 0.000000000000000000e+00 0.000000000000000000e+00 0.000000000000000000e+00 0.000000000000000000e+00 0.000000000000000000e+00 0.000000000000000000e+00 0.000000000000000000e+00 0.000000000000000000e+00 0.000000000000000000e+00
1.143462564746507565e-01 2.118976612776644376e-03 2.742897504316433865e-01 6.435410453617956480e-03 9.496154449850887150e-03 6.278449223041908259e-04 0.000000000000000000e+00 1.462360122075279795e-02 5.718060011322891045e-02 2.087198515769944293e-03 8.088658606793322492e-02 5.231037489102005437e-03 2.767162999077612540e-01 3.294892915980230687e-03 1.215805471124620056e-02 2.340550029256875404e-03 9.269726430024870581e-03 7.539203860072376129e-04 9.876179245283018410e-03 6.068487212830516245e-03 0.000000000000000000e+00 0.000000000000000000e+00 1.115053218449062362e-02 1.241107915846829078e-02 2.685915729393990176e-03 1.898974553740979824e-03 1.048492791612057632e-03 0.000000000000000000e+00 2.904257937484617386e-02 2.973535533749628503e-03 1.891851631163414191e-02 1.545157780195864985e-02 3.911342894393742171e-03 9.177459473368213341e-03 0.000000000000000000e+00 0.000000000000000000e+00 7.989635068019865921e-03 0.000000000000000000e+00 0.000000000000000000e+00 0.000000000000000000e+00 0.000000000000000000e+00 0.000000000000000000e+00 0.000000000000000000e+00 0.000000000000000000e+00 2.505274261603375723e-03 0.000000000000000000e+00 2.294630564479118915e-04 0.000000000000000000e+00 6.269592476489027968e-03 0.000000000000000000e+00 1.887566680344686040e-02 0.000000000000000000e+00 2.344116268166901267e-03 0.000000000000000000e+00 4.992402865205122775e-03 0.000000000000000000e+00 9.181203572322844259e-03 6.800870511425462618e-05 1.677933365523901627e-02 1.363884342607746747e-04 1.931379231992728929e-02 0.000000000000000000e+00 1.973251479938609772e-03 1.427144284287141390e-04 1.640580803318876166e-02 1.438434982738780209e-04 6.846043623626811223e-03 5.727923627684963683e-04 3.474903474903474725e-03 0.000000000000000000e+00 8.607717822182671397e-02 1.913934679261591583e-03 4.360776837841057879e-02 5.229465332251374832e-03 1.282051282051282007e-02 3.322259136212624663e-03 5.895691609977324332e-02 7.589524318546232197e-03 1.231527093596059127e-03 0.000000000000000000e+00 2.263791254616942788e-03 1.493205913095415737e-04 7.698229407236335158e-04 0.000000000000000000e+00 1.524582138611091722e-02 1.521954189178905726e-04 1.506780512305374220e-03 0.000000000000000000e+00 1.949072618673373253e-02 1.063490375412102471e-04 0.000000000000000000e+00 1.109057301293900084e-03 4.894762604013705790e-04 5.312084993359893594e-04 1.127819548872180389e-02 9.624639076034649217e-04 0.000000000000000000e+00 0.000000000000000000e+00 0.000000000000000000e+00 0.000000000000000000e+00 0.000000000000000000e+00 0.000000000000000000e+00 1.260504201680672344e-03 4.702562896778744663e-04 8.223684210526315333e-04 3.009328919650918052e-04 0.000000000000000000e+00 0.000000000000000000e+00 0.000000000000000000e+00 1.436781609195402279e-03 0.000000000000000000e+00 0.000000000000000000e+00 1.254705144291091501e-03 0.000000000000000000e+00 2.407704654895666003e-03 0.000000000000000000e+00
7.629704984740590459e-03 1.113301119023397817e-01 6.040183112919633897e-03 2.350584944048830227e-01 6.358087487283824841e-05 6.485249237029501283e-03 1.462360122075279795e-02 0.000000000000000000e+00 0.000000000000000000e+00 9.972170686456401090e-02 1.381692573402417898e-02 1.235106073815751271e-01 1.172750032942416684e-02 2.960696634502235636e-01 3.799392097264437675e-04 8.528379169104739754e-02 1.808727108297535644e-03 6.483715319662243862e-03 2.520636792452830149e-02 2.037277850021673026e-02 4.935834155972358998e-04 0.000000000000000000e+00 1.784085149518499849e-02 1.059482367186317595e-02 8.393486654356219299e-04 6.456513482719331183e-03 0.000000000000000000e+00 5.527915975677169481e-04 4.922471080482402304e-03 2.319357716324709981e-02 1.832265753016535173e-02 6.746463547334058571e-03 9.126466753585396954e-03 7.462046487691911985e-03 0.000000000000000000e+00 1.200960768614891833e-03 1.295616497516735143e-03 4.757785467128027718e-03 0.000000000000000000e+00 0.000000000000000000e+00 0.000000000000000000e+00 5.102040816326530205e-03 0.000000000000000000e+00 2.135839384878257194e-04 0.000000000000000000e+00 2.345165760579895689e-03 0.000000000000000000e+00 5.578022590991493996e-04 0.000000000000000000e+00 5.672696136144707128e-03 1.025851456709068500e-04 1.326355679870071247e-02 0.000000000000000000e+00 2.410025706940873997e-03 0.000000000000000000e+00 5.557613931085587195e-04 6.677238961689341496e-04 6.324809575625679747e-03 2.414292612264606376e-04 1.936715766503000619e-02 0.000000000000000000e+00 1.706565536857075280e-02 0.000000000000000000e+00 2.854288568574282672e-03 1.885725061286064427e-04 2.474108170310701862e-02 3.980257920713262099e-04 9.260143198090691613e-03 0.000000000000000000e+00 3.368748380409432655e-03 7.280964323274815783e-03 8.872013335802926559e-02 6.076492315024425127e-03 4.598322964565864507e-02 0.000000000000000000e+00 1.993355481727574624e-02 1.086048454469507041e-02 5.152324959914484498e-02 0.000000000000000000e+00 0.000000000000000000e+00 2.382938162754676462e-04 3.285053008809915055e-03 0.000000000000000000e+00 5.065856129685917262e-04 0.000000000000000000e+00 1.293661060802069919e-02 0.000000000000000000e+00 3.393281303020020587e-04 0.000000000000000000e+00 1.063490375412102541e-02 0.000000000000000000e+00 7.393715341959334253e-04 0.000000000000000000e+00 0.000000000000000000e+00 1.879699248120300648e-03 1.539942252165543875e-02 0.000000000000000000e+00 0.000000000000000000e+00 0.000000000000000000e+00 0.000000000000000000e+00 0.000000000000000000e+00 1.142857142857142943e-03 0.000000000000000000e+00 0.000000000000000000e+00 0.000000000000000000e+00 3.009328919650918052e-04 0.000000000000000000e+00 0.000000000000000000e+00 0.000000000000000000e+00 2.873563218390804558e-03 0.000000000000000000e+00 0.000000000000000000e+00 0.000000000000000000e+00 1.582278481012658203e-03 0.000000000000000000e+00 0.000000000000000000e+00
1.132289111153047785e-03 0.000000000000000000e+00 1.124740517078694074e-01 1.887148518588412885e-04 3.766748443102472255e-01 9.435742592942064156e-04 5.718060011322891045e-02 0.000000000000000000e+00 0.000000000000000000e+00 1.159554730983302457e-03 8.635578583765111862e-04 0.000000000000000000e+00 4.519699565160099908e-02 0.000000000000000000e+00 2.089665653495440811e-01 0.000000000000000000e+00 0.000000000000000000e+00 0.000000000000000000e+00 2.948113207547169699e-04 0.000000000000000000e+00 2.961500493583415616e-03 0.000000000000000000e+00 2.534211860111505212e-03 6.054184955350386038e-04 3.189524928655363550e-03 1.709077098366881950e-03 4.482306684141546677e-02 0.000000000000000000e+00 1.452128968742308693e-02 0.000000000000000000e+00 7.448234768359898901e-04 5.440696409140370095e-04 1.185255422543558189e-04 0.000000000000000000e+00 0.000000000000000000e+00 0.000000000000000000e+00 2.159360829194558482e-04 0.000000000000000000e+00 0.000000000000000000e+00 0.000000000000000000e+00 0.000000000000000000e+00 0.000000000000000000e+00 0.000000000000000000e+00 0.000000000000000000e+00 0.000000000000000000e+00 0.000000000000000000e+00 2.294630564479118915e-04 0.000000000000000000e+00 0.000000000000000000e+00 0.000000000000000000e+00 3.077554370127205501e-04 0.000000000000000000e+00 4.688232536333802425e-04 0.000000000000000000e+00 6.511829824180594877e-04 0.000000000000000000e+00 2.503964610633503196e-04 0.000000000000000000e+00 2.414292612264606376e-04 0.000000000000000000e+00 3.067484662576687188e-03 0.000000000000000000e+00 0.000000000000000000e+00 0.000000000000000000e+00 1.508580049028851542e-03 0.000000000000000000e+00 0.000000000000000000e+00 0.000000000000000000e+00 1.930501930501930493e-04 0.000000000000000000e+00 1.027424965617668509e-02 2.469593134531086211e-04 3.276539973787680193e-02 9.016319538364440066e-05 0.000000000000000000e+00 0.000000000000000000e+00 7.518796992481202590e-03 0.000000000000000000e+00 0.000000000000000000e+00 0.000000000000000000e+00 3.574407244132014557e-04 0.000000000000000000e+00 3.849114703618167579e-04 0.000000000000000000e+00 2.657528498496398387e-03 0.000000000000000000e+00 5.022601707684581094e-04 0.000000000000000000e+00 1.729016032694121385e-03 0.000000000000000000e+00 0.000000000000000000e+00 0.000000000000000000e+00 0.000000000000000000e+00 2.656042496679946797e-04 0.000000000000000000e+00 0.000000000000000000e+00 0.000000000000000000e+00 0.000000000000000000e+00 0.000000000000000000e+00 0.000000000000000000e+00 0.000000000000000000e+00 0.000000000000000000e+00 0.000000000000000000e+00 2.351281448389372331e-04 0.000000000000000000e+00 0.000000000000000000e+00 0.000000000000000000e+00 0.000000000000000000e+00 0.000000000000000000e+00 0.000000000000000000e+00 0.000000000000000000e+00 0.000000000000000000e+00 0.000000000000000000e+00 0.000000000000000000e+00 0.000000000000000000e+00 0.000000000000000000e+00
2.319109461966604860e-04 3.942486085343228398e-03 2.782931354359925724e-03 5.774582560296846051e-02 9.276437847866419442e-04 3.884508348794062926e-01 2.087198515769944293e-03 9.972170686456401090e-02 1.159554730983302457e-03 0.000000000000000000e+00 0.000000000000000000e+00 1.162452775356001208e-03 6.588483331137172383e-04 3.883266650976700297e-03 9.498480243161094459e-04 1.183440608543007561e-01 0.000000000000000000e+00 0.000000000000000000e+00 0.000000000000000000e+00 8.669267446900736718e-04 0.000000000000000000e+00 3.814147018030513217e-03 1.926001013684743978e-03 3.178447101558952697e-03 3.357394661742487720e-03 1.272312951006456493e-02 1.572739187418086557e-03 3.676064123825317775e-02 2.461235540241200935e-04 6.442660323124194295e-03 2.830329211976761582e-03 1.414581066376496138e-03 1.185255422543558189e-04 6.003945449867055832e-04 0.000000000000000000e+00 0.000000000000000000e+00 0.000000000000000000e+00 0.000000000000000000e+00 0.000000000000000000e+00 0.000000000000000000e+00 0.000000000000000000e+00 1.700680272108843474e-03 0.000000000000000000e+00 0.000000000000000000e+00 0.000000000000000000e+00 0.000000000000000000e+00 0.000000000000000000e+00 0.000000000000000000e+00 0.000000000000000000e+00 0.000000000000000000e+00 0.000000000000000000e+00 4.511413877109085807e-04 0.000000000000000000e+00 1.606683804627249241e-04 0.000000000000000000e+00 0.000000000000000000e+00 0.000000000000000000e+00 1.360174102285092524e-04 0.000000000000000000e+00 2.727768685215493493e-04 0.000000000000000000e+00 2.370229912301493203e-04 0.000000000000000000e+00 4.281432852861424441e-04 0.000000000000000000e+00 4.315304948216340357e-04 0.000000000000000000e+00 3.818615751789976331e-04 0.000000000000000000e+00 0.000000000000000000e+00 3.155084540085753737e-03 2.210285855405321950e-02 1.191469081377338231e-04 1.785231268596159174e-02 0.000000000000000000e+00 6.644518272425249325e-03 0.000000000000000000e+00 2.244788882950293774e-03 0.000000000000000000e+00 0.000000000000000000e+00 0.000000000000000000e+00 5.972823652381662948e-04 0.000000000000000000e+00 0.000000000000000000e+00 0.000000000000000000e+00 4.565862567536716908e-04 0.000000000000000000e+00 0.000000000000000000e+00 0.000000000000000000e+00 6.380942252472615638e-04 0.000000000000000000e+00 3.696857670979667126e-04 0.000000000000000000e+00 0.000000000000000000e+00 0.000000000000000000e+00 0.000000000000000000e+00 0.000000000000000000e+00 0.000000000000000000e+00 0.000000000000000000e+00 0.000000000000000000e+00 0.000000000000000000e+00 0.000000000000000000e+00 0.000000000000000000e+00 0.000000000000000000e+00 0.000000000000000000e+00 0.000000000000000000e+00 0.000000000000000000e+00 0.000000000000000000e+00 0.000000000000000000e+00 0.000000000000000000e+00 0.000000000000000000e+00 0.000000000000000000e+00 0.000000000000000000e+00 0.000000000000000000e+00 0.000000000000000000e+00 0.000000000000000000e+00
2.723085780080598539e-01 5.757052389176741964e-04 4.029936672423718724e-02 4.893494530800230127e-03 8.635578583765111862e-04 0.000000000000000000e+00 8.088658606793322492e-02 1.381692573402417898e-02 8.635578583765111862e-04 0.000000000000000000e+00 0.000000000000000000e+00 5.812263876780006042e-04 6.061404664646198592e-02 7.060484819957637496e-04 3.799392097264437675e-04 0.000000000000000000e+00 3.210490617228125426e-02 0.000000000000000000e+00 1.105542452830188607e-02 1.625487646293888094e-03 0.000000000000000000e+00 0.000000000000000000e+00 3.852002027369487956e-03 2.875737853791433124e-03 0.000000000000000000e+00 0.000000000000000000e+00 0.000000000000000000e+00 0.000000000000000000e+00 2.227418163918287036e-02 3.964714044999504273e-04 7.746164159094294857e-03 1.196953210010881464e-03 1.777883133815337134e-03 1.715412985676301573e-03 3.173595683909869684e-04 0.000000000000000000e+00 1.079680414597279214e-03 0.000000000000000000e+00 0.000000000000000000e+00 0.000000000000000000e+00 0.000000000000000000e+00 0.000000000000000000e+00 0.000000000000000000e+00 0.000000000000000000e+00 0.000000000000000000e+00 0.000000000000000000e+00 0.000000000000000000e+00 0.000000000000000000e+00 1.649892756970796834e-04 0.000000000000000000e+00 2.667213787443578100e-03 0.000000000000000000e+00 4.688232536333802425e-04 0.000000000000000000e+00 6.511829824180594877e-04 0.000000000000000000e+00 8.680410650196144703e-03 0.000000000000000000e+00 2.897151134717527651e-03 1.363884342607746747e-04 2.635764598954783156e-02 0.000000000000000000e+00 3.288752466564349910e-03 0.000000000000000000e+00 1.112577786158778018e-02 0.000000000000000000e+00 7.960515841426524198e-04 9.546539379474940827e-05 0.000000000000000000e+00 0.000000000000000000e+00 2.378448345603106570e-02 3.704389701796629046e-04 1.668056713928273496e-03 1.081958344603732754e-03 0.000000000000000000e+00 3.322259136212624663e-03 1.432151808091657822e-03 9.620523784072688685e-04 0.000000000000000000e+00 0.000000000000000000e+00 4.527582509233885576e-03 0.000000000000000000e+00 3.849114703618167579e-04 0.000000000000000000e+00 6.154276522833764321e-03 0.000000000000000000e+00 0.000000000000000000e+00 0.000000000000000000e+00 5.029864822382898101e-03 0.000000000000000000e+00 0.000000000000000000e+00 0.000000000000000000e+00 0.000000000000000000e+00 0.000000000000000000e+00 0.000000000000000000e+00 0.000000000000000000e+00 0.000000000000000000e+00 0.000000000000000000e+00 0.000000000000000000e+00 0.000000000000000000e+00 0.000000000000000000e+00 0.000000000000000000e+00 0.000000000000000000e+00 0.000000000000000000e+00 0.000000000000000000e+00 0.000000000000000000e+00 0.000000000000000000e+00 0.000000000000000000e+00 0.000000000000000000e+00 0.000000000000000000e+00 0.000000000000000000e+00 0.000000000000000000e+00 0.000000000000000000e+00 0.000000000000000000e+00 0.000000000000000000e+00 0.000000000000000000e+00
3.777971519907003927e-03 1.393490264458006334e-01 1.743679163034001812e-03 2.993315896541702895e-02 0.000000000000000000e+00 1.453065969195001510e-04 5.231037489102005437e-03 1.235106073815751271e-01 0.000000000000000000e+00 1.162452775356001208e-03 5.812263876780006042e-04 0.000000000000000000e+00 0.000000000000000000e+00 2.226406213226641562e-01 0.000000000000000000e+00 7.460503218256290051e-03 6.782726656115758935e-04 5.217129071170084620e-02 5.896226415094340048e-03 2.264846120502817667e-02 0.000000000000000000e+00 0.000000000000000000e+00 5.068423720223010640e-04 5.297411835931587973e-03 0.000000000000000000e+00 0.000000000000000000e+00 0.000000000000000000e+00 0.000000000000000000e+00 0.000000000000000000e+00 6.036277133511745718e-02 1.638611649039177758e-03 6.202393906420021995e-03 1.540832049306625632e-03 1.372330388541041259e-02 0.000000000000000000e+00 0.000000000000000000e+00 0.000000000000000000e+00 2.378892733564013859e-03 0.000000000000000000e+00 4.048582995951416829e-04 0.000000000000000000e+00 0.000000000000000000e+00 0.000000000000000000e+00 0.000000000000000000e+00 0.000000000000000000e+00 3.197953309881675890e-04 0.000000000000000000e+00 0.000000000000000000e+00 0.000000000000000000e+00 4.281280102750722474e-04 0.000000000000000000e+00 2.165478661012361361e-03 0.000000000000000000e+00 3.213367609254498482e-04 0.000000000000000000e+00 0.000000000000000000e+00 8.346548702111676870e-05 6.664853101196952824e-03 0.000000000000000000e+00 1.500272776868521530e-03 0.000000000000000000e+00 1.090305759658686917e-02 0.000000000000000000e+00 1.270158413015555834e-02 0.000000000000000000e+00 1.611047180667433965e-02 7.960515841426524740e-05 9.546539379474940556e-04 0.000000000000000000e+00 5.182689816014511694e-04 1.294393657471078467e-03 2.451071186022102735e-02 2.382938162754676462e-04 1.325398972139572688e-02 0.000000000000000000e+00 0.000000000000000000e+00 1.432151808091657822e-03 8.979155531801175094e-03 0.000000000000000000e+00 0.000000000000000000e+00 1.191469081377338231e-04 7.018067791548454615e-03 0.000000000000000000e+00 0.000000000000000000e+00 0.000000000000000000e+00 1.057758161479339411e-02 0.000000000000000000e+00 0.000000000000000000e+00 0.000000000000000000e+00 8.720621078379240179e-03 3.853564547206165766e-04 7.393715341959334253e-04 0.000000000000000000e+00 0.000000000000000000e+00 0.000000000000000000e+00 9.624639076034649217e-04 0.000000000000000000e+00 0.000000000000000000e+00 0.000000000000000000e+00 1.183431952662721909e-03 0.000000000000000000e+00 0.000000000000000000e+00 0.000000000000000000e+00 2.351281448389372331e-04 0.000000000000000000e+00 3.009328919650918052e-04 0.000000000000000000e+00 0.000000000000000000e+00 0.000000000000000000e+00 0.000000000000000000e+00 0.000000000000000000e+00 0.000000000000000000e+00 0.000000000000000000e+00 0.000000000000000000e+00 0.000000000000000000e+00 0.000000000000000000e+00
3.610488865463170466e-02 0.000000000000000000e+00 5.666095664777968249e-02 3.821320332059559982e-03 4.348398998550533773e-03 0.000000000000000000e+00 2.767162999077612540e-01 1.172750032942416684e-02 4.519699565160099908e-02 6.588483331137172383e-04 6.061404664646198592e-02 0.000000000000000000e+00 0.000000000000000000e+00 3.412567662979524609e-03 1.354483282674772138e-01 2.925687536571094146e-03 1.040018087271082914e-02 0.000000000000000000e+00 2.800707547169811133e-03 0.000000000000000000e+00 0.000000000000000000e+00 0.000000000000000000e+00 2.169285352255448385e-02 7.113667322536703676e-03 5.036091992613731579e-04 2.468666919863273662e-03 7.863695937090432785e-04 2.763957987838584741e-04 7.875953728771843687e-02 8.920606601248885293e-04 2.159988082824370464e-02 1.109902067464635551e-02 1.303780964797913913e-03 6.003945449867055832e-04 3.173595683909869684e-04 0.000000000000000000e+00 4.318721658389116963e-04 0.000000000000000000e+00 4.239084357778719796e-04 0.000000000000000000e+00 0.000000000000000000e+00 0.000000000000000000e+00 0.000000000000000000e+00 0.000000000000000000e+00 1.318565400843881746e-04 0.000000000000000000e+00 0.000000000000000000e+00 0.000000000000000000e+00 6.599571027883187335e-04 0.000000000000000000e+00 2.667213787443578100e-03 0.000000000000000000e+00 4.688232536333802425e-04 0.000000000000000000e+00 1.302365964836118975e-03 0.000000000000000000e+00 5.174860195309240012e-03 6.800870511425462618e-05 2.655721873491067014e-03 0.000000000000000000e+00 2.862985685071574651e-02 0.000000000000000000e+00 2.850252137689103342e-03 0.000000000000000000e+00 2.036583066188949603e-02 0.000000000000000000e+00 1.353287693042509125e-03 0.000000000000000000e+00 1.158301158301158242e-03 0.000000000000000000e+00 4.481838038993608830e-02 1.852194850898314414e-03 2.180388418920528940e-02 2.885222252276620821e-03 0.000000000000000000e+00 6.644518272425249325e-03 1.623105382503878605e-02 2.672367717797969212e-03 2.463054187192118254e-03 0.000000000000000000e+00 3.931847968545215850e-03 0.000000000000000000e+00 0.000000000000000000e+00 0.000000000000000000e+00 1.482621162319043215e-02 0.000000000000000000e+00 0.000000000000000000e+00 0.000000000000000000e+00 1.037409619616472788e-02 0.000000000000000000e+00 0.000000000000000000e+00 0.000000000000000000e+00 0.000000000000000000e+00 2.656042496679946797e-04 1.879699248120300648e-03 0.000000000000000000e+00 0.000000000000000000e+00 0.000000000000000000e+00 1.435750179468772486e-03 0.000000000000000000e+00 0.000000000000000000e+00 0.000000000000000000e+00 4.201680672268907814e-04 0.000000000000000000e+00 0.000000000000000000e+00 0.000000000000000000e+00 0.000000000000000000e+00 0.000000000000000000e+00 0.000000000000000000e+00 0.000000000000000000e+00 9.910802775024776801e-04 0.000000000000000000e+00 0.000000000000000000e+00 0.000000000000000000e+00 0.000000000000000000e+00 0.000000000000000000e+00
