2.963702968614244093e-01 4.814483289186917703e-01 3.710426970438640559e-01 4.979322914367769748e-01 3.336008396226414763e-01 0.000000000000000000e+00 3.604400308378309936e-01 4.666274399988676880e-01 4.200024514835951073e-01 0.000000000000000000e+00 3.281495608594359736e-01 4.812752391598682511e-01 3.115595722170048099e-01 4.579153979861491086e-01 4.385505736434107682e-01 0.000000000000000000e+00 3.355334266988819203e-01 4.680592917756730698e-01 3.869628814767401837e-01 5.076934241431806383e-01 0.000000000000000000e+00 0.000000000000000000e+00 3.775750025468051496e-01 4.271640516224189388e-01 0.000000000000000000e+00 0.000000000000000000e+00 0.000000000000000000e+00 0.000000000000000000e+00 4.191562296172205992e-01 5.005004895995475156e-01 4.081648575239575916e-01 0.000000000000000000e+00 4.702305578074332248e-01 5.070201416809773098e-01 4.396224975053456552e-01 0.000000000000000000e+00 4.966618224342196908e-01 5.110766711421691477e-01 0.000000000000000000e+00 0.000000000000000000e+00 4.261610981198886705e-01 0.000000000000000000e+00 0.000000000000000000e+00 0.000000000000000000e+00 3.941407246666610575e-01 4.495253245080137461e-01 4.514799159090908676e-01 0.000000000000000000e+00 3.973719113116842561e-01 4.723756261160117487e-01 3.863133778751139946e-01 4.419070333871353284e-01 3.927460551679931577e-01 0.000000000000000000e+00 3.946742394716405977e-01 4.408319766675513063e-01 3.045125422125889436e-01 4.828416897997805379e-01 4.029439380751272393e-01 4.898310460206571904e-01 3.984976882906339224e-01 4.864674237963073633e-01 4.166038543254244608e-01 0.000000000000000000e+00 4.059622212916252915e-01 4.632192402142924492e-01 4.254851845722600334e-01 4.889722872701630085e-01 3.471069150200628561e-01 5.082263194128520123e-01 3.525852233911658806e-01 4.942446443032684766e-01 3.984161011207255632e-01 4.641607825407942367e-01 4.851491153846153037e-01 0.000000000000000000e+00 4.111364756027860445e-01 4.798704351140056779e-01 4.298315370370370259e-01 0.000000000000000000e+00 4.041834322048754036e-01 0.000000000000000000e+00 4.088820346153846375e-01 0.000000000000000000e+00 4.119300406330355102e-01 4.200649354838710270e-01 0.000000000000000000e+00 0.000000000000000000e+00 4.149266809118199451e-01 4.453449254801489787e-01 4.783806241824072880e-01 4.989834286070478075e-01 0.000000000000000000e+00 0.000000000000000000e+00 4.895172785153711903e-01 4.957232580645162257e-01 5.150390161534702527e-01 0.000000000000000000e+00 4.795562205882352713e-01 4.781298958333333737e-01 0.000000000000000000e+00 0.000000000000000000e+00 4.724010719999999774e-01 4.622790779720278853e-01 0.000000000000000000e+00 4.897549999999999404e-01 0.000000000000000000e+00 0.000000000000000000e+00 0.000000000000000000e+00 0.000000000000000000e+00 0.000000000000000000e+00 0.000000000000000000e+00 0.000000000000000000e+00 0.000000000000000000e+00 0.000000000000000000e+00 0.000000000000000000e+00
4.814483289186917703e-01 2.845170346202606781e-01 4.879341720707503494e-01 3.454762593929782133e-01 0.000000000000000000e+00 3.872216617240784031e-01 4.636306070349123232e-01 3.294328898832829533e-01 0.000000000000000000e+00 3.456221494325832921e-01 4.722817164348081520e-01 3.382872629653951857e-01 4.395650628056052556e-01 3.622182589440696154e-01 0.000000000000000000e+00 3.828983387993040166e-01 4.729496262090487901e-01 3.438486670162090864e-01 5.068164429746520039e-01 3.525533549743314343e-01 0.000000000000000000e+00 0.000000000000000000e+00 4.400406184641998952e-01 4.096720697969896685e-01 0.000000000000000000e+00 0.000000000000000000e+00 0.000000000000000000e+00 0.000000000000000000e+00 4.657660298038356350e-01 4.063835301595116745e-01 4.571406242559524213e-01 4.237801647386550408e-01 4.994517561897357516e-01 4.458844534092751832e-01 0.000000000000000000e+00 4.102923506186726410e-01 5.463896522869227113e-01 5.189519367439426878e-01 0.000000000000000000e+00 4.876900842033555228e-01 0.000000000000000000e+00 0.000000000000000000e+00 0.000000000000000000e+00 3.930980219677870924e-01 5.018139560146992473e-01 3.933421831178480210e-01 0.000000000000000000e+00 0.000000000000000000e+00 4.840097164179104627e-01 3.983475744635478488e-01 4.574485681516196611e-01 3.862162728119203359e-01 0.000000000000000000e+00 3.812680698108050770e-01 4.501516542207791849e-01 3.882248598920592375e-01 4.770091353305410675e-01 3.079297411963135001e-01 5.098871782659126772e-01 4.177557163449136524e-01 4.804135015613661963e-01 3.831649199238928993e-01 4.889380402542372606e-01 3.809677693300818069e-01 0.000000000000000000e+00 3.981561132482624443e-01 4.890745611249625591e-01 3.855272754976876715e-01 5.074957756820981380e-01 3.382138408179077849e-01 4.901943586323607716e-01 3.596019708910029866e-01 4.689635733045831034e-01 4.051592753455163232e-01 0.000000000000000000e+00 3.998711027472527380e-01 4.557656549405642021e-01 4.089342994214152371e-01 0.000000000000000000e+00 0.000000000000000000e+00 0.000000000000000000e+00 4.185287190318532913e-01 0.000000000000000000e+00 0.000000000000000000e+00 4.587402762888625474e-01 4.036773222475125156e-01 0.000000000000000000e+00 4.282579587680079847e-01 0.000000000000000000e+00 4.069909255823027650e-01 0.000000000000000000e+00 4.566557684453701471e-01 0.000000000000000000e+00 4.673721545200777427e-01 4.274999032258064435e-01 4.689141280351107333e-01 4.461266534653465232e-01 5.038245221316248745e-01 0.000000000000000000e+00 4.394895573105540576e-01 0.000000000000000000e+00 4.534622164179105130e-01 0.000000000000000000e+00 4.689829177518107794e-01 0.000000000000000000e+00 4.921964183582638874e-01 0.000000000000000000e+00 0.000000000000000000e+00 0.000000000000000000e+00 0.000000000000000000e+00 0.000000000000000000e+00 0.000000000000000000e+00 0.000000000000000000e+00 0.000000000000000000e+00 0.000000000000000000e+00 0.000000000000000000e+00
3.710426970438640559e-01 4.879341720707503494e-01 2.826583209000256280e-01 4.556871336239781134e-01 2.371843835337858475e-01 4.146892035282630506e-01 3.120215951351779649e-01 4.525827352283408600e-01 2.876543602732349880e-01 4.104821151800479573e-01 3.908496213746046610e-01 4.664367172292339103e-01 3.394270505737393973e-01 4.394531712038449167e-01 3.115996246459181718e-01 4.159363834312004848e-01 4.040496658335974156e-01 4.873900203863792968e-01 3.131749785630391636e-01 5.082676490017210558e-01 0.000000000000000000e+00 0.000000000000000000e+00 2.816814778010512943e-01 4.353599099005464046e-01 3.330641255840305903e-01 4.167227596085718577e-01 0.000000000000000000e+00 4.155875890410958839e-01 3.454383543940313661e-01 4.578243321871130478e-01 3.614730313970157538e-01 4.432726874405261697e-01 4.209018411316749475e-01 4.981711647456439351e-01 4.751258960694368927e-01 4.163817283950617121e-01 4.893714071949787914e-01 0.000000000000000000e+00 4.237870101991257910e-01 5.447291372549020183e-01 4.241098366541402043e-01 0.000000000000000000e+00 4.330540697990876708e-01 0.000000000000000000e+00 4.263024828320786108e-01 5.158073278044578158e-01 4.358099187719738365e-01 0.000000000000000000e+00 4.292811833669497035e-01 4.847084880952380326e-01 3.990661735961845702e-01 4.368122519083969535e-01 4.125907549019607878e-01 0.000000000000000000e+00 3.881208117706619332e-01 0.000000000000000000e+00 3.963408713803851513e-01 4.760461644307733553e-01 4.187356458071322396e-01 4.835815912375376335e-01 4.014478110856193882e-01 0.000000000000000000e+00 3.969345579676933911e-01 0.000000000000000000e+00 3.991080452437125725e-01 0.000000000000000000e+00 4.419535756440061691e-01 4.751750175019661127e-01 4.146104320375039176e-01 4.719534760633861126e-01 3.712255158019444612e-01 4.630597256675434981e-01 3.787001654459559163e-01 4.556916042566130365e-01 3.544527235129638632e-01 4.412115116279070604e-01 4.147286722274824977e-01 4.761096566873276315e-01 4.022661878061490892e-01 0.000000000000000000e+00 3.952125385118677170e-01 0.000000000000000000e+00 4.129419222222222019e-01 0.000000000000000000e+00 3.803101472455145404e-01 4.668951225806453054e-01 0.000000000000000000e+00 0.000000000000000000e+00 3.940281774017551641e-01 0.000000000000000000e+00 0.000000000000000000e+00 4.321057943686241187e-01 0.000000000000000000e+00 4.440944342414341328e-01 5.082773571428571557e-01 4.773473942145083360e-01 4.886948022581732998e-01 4.973825126050420153e-01 0.000000000000000000e+00 4.480151276099925139e-01 0.000000000000000000e+00 0.000000000000000000e+00 4.395647340754483268e-01 4.600760064102563662e-01 4.437156991150442154e-01 4.794579037578583502e-01 0.000000000000000000e+00 0.000000000000000000e+00 0.000000000000000000e+00 0.000000000000000000e+00 0.000000000000000000e+00 0.000000000000000000e+00 0.000000000000000000e+00 4.496754850746269017e-01 0.000000000000000000e+00 0.000000000000000000e+00
4.979322914367769748e-01 3.454762593929782133e-01 4.556871336239781134e-01 2.776273906789460955e-01 4.328803306227313463e-01 2.614081246209868370e-01 4.427016041585140060e-01 3.167741297089788910e-01 4.186236913580246854e-01 3.261721756950939355e-01 4.651421960545265577e-01 3.774754658330577994e-01 4.344250557539397484e-01 3.420449562032845114e-01 4.405182874011842609e-01 3.236629967161252508e-01 4.759362209476188932e-01 4.048630228868199676e-01 5.194883927614353247e-01 3.096034922150869839e-01 0.000000000000000000e+00 0.000000000000000000e+00 4.588944793832674951e-01 2.894904898180469255e-01 4.270062574584050363e-01 2.894258379594547570e-01 0.000000000000000000e+00 0.000000000000000000e+00 4.613024839783614328e-01 3.580015712614886825e-01 4.455425585385605625e-01 3.539918292648326359e-01 5.090356932128466960e-01 4.082705695283853631e-01 0.000000000000000000e+00 4.406576262626262230e-01 0.000000000000000000e+00 4.715110518869990996e-01 0.000000000000000000e+00 4.751556207252236042e-01 0.000000000000000000e+00 0.000000000000000000e+00 4.579846555555556198e-01 4.389898667582417535e-01 0.000000000000000000e+00 4.154657098591310049e-01 0.000000000000000000e+00 4.292062072131361816e-01 0.000000000000000000e+00 4.107009633840456586e-01 0.000000000000000000e+00 3.959389898708535749e-01 0.000000000000000000e+00 3.835729204843040252e-01 0.000000000000000000e+00 4.182267288254399862e-01 4.670071507147635081e-01 4.051195578127643193e-01 5.030762305427547432e-01 4.233437963326986408e-01 4.634038153423288842e-01 4.022527029924050646e-01 4.704690353260869706e-01 4.381031284829721151e-01 0.000000000000000000e+00 3.995852961820143823e-01 4.824902391919096978e-01 4.331365216058701839e-01 5.101698186003017499e-01 4.196576340190896759e-01 4.505478848326845420e-01 3.762929611463651236e-01 4.668486442636800016e-01 3.891316432471650932e-01 4.502116363636363139e-01 3.532227000502928260e-01 4.492046443170369940e-01 4.232258260925499394e-01 0.000000000000000000e+00 0.000000000000000000e+00 4.922834969653925308e-01 3.897693579096772609e-01 0.000000000000000000e+00 0.000000000000000000e+00 4.468470214285714670e-01 4.132318353671947109e-01 4.020973129770991639e-01 4.000384931506849040e-01 0.000000000000000000e+00 3.925921300372827716e-01 0.000000000000000000e+00 4.610736563597819804e-01 4.243399774993797946e-01 4.829079889546051274e-01 0.000000000000000000e+00 4.782181826433966054e-01 0.000000000000000000e+00 0.000000000000000000e+00 0.000000000000000000e+00 4.991732539682540160e-01 0.000000000000000000e+00 4.528048043478260509e-01 0.000000000000000000e+00 4.371407912845065025e-01 0.000000000000000000e+00 4.800320352355544329e-01 0.000000000000000000e+00 0.000000000000000000e+00 0.000000000000000000e+00 0.000000000000000000e+00 0.000000000000000000e+00 0.000000000000000000e+00 0.000000000000000000e+00 0.000000000000000000e+00 0.000000000000000000e+00 0.000000000000000000e+00
3.336008396226414763e-01 0.000000000000000000e+00 2.371843835337858475e-01 4.328803306227313463e-01 1.688037870989378686e-01 4.178618022531090381e-01 2.555861603796725223e-01 4.061877897929242476e-01 2.135547112956609483e-01 4.053350572877064684e-01 0.000000000000000000e+00 0.000000000000000000e+00 0.000000000000000000e+00 0.000000000000000000e+00 2.286610268876461682e-01 4.192550796686509984e-01 0.000000000000000000e+00 0.000000000000000000e+00 0.000000000000000000e+00 0.000000000000000000e+00 3.640036707116950931e-01 0.000000000000000000e+00 3.237010660275980722e-01 4.148427988706472891e-01 1.588422994022894996e-01 4.236133272643015646e-01 2.174619549703206700e-01 4.246166807287773959e-01 3.279404031797465424e-01 4.348691590909090632e-01 3.515590139491394650e-01 4.070933723755154054e-01 0.000000000000000000e+00 0.000000000000000000e+00 0.000000000000000000e+00 0.000000000000000000e+00 3.831041033040120114e-01 0.000000000000000000e+00 0.000000000000000000e+00 0.000000000000000000e+00 4.122307068894895399e-01 0.000000000000000000e+00 4.302676497050696436e-01 0.000000000000000000e+00 4.438615472196334455e-01 5.137878612716763049e-01 4.351501653910474499e-01 0.000000000000000000e+00 4.478507260273971724e-01 4.837206137566137931e-01 4.277492027423822063e-01 0.000000000000000000e+00 4.387851726694047549e-01 0.000000000000000000e+00 4.022525225660864012e-01 0.000000000000000000e+00 4.593267015088396965e-01 0.000000000000000000e+00 4.370332055168756891e-01 0.000000000000000000e+00 4.418611307593307558e-01 0.000000000000000000e+00 0.000000000000000000e+00 0.000000000000000000e+00 4.543220730635196825e-01 0.000000000000000000e+00 4.311148593268918083e-01 0.000000000000000000e+00 0.000000000000000000e+00 0.000000000000000000e+00 3.106610457035969275e-01 3.914207170368521616e-01 3.380833675161490359e-01 4.175957939778993655e-01 3.372868797222792203e-01 0.000000000000000000e+00 3.797053734979076167e-01 4.032167413793102950e-01 0.000000000000000000e+00 0.000000000000000000e+00 3.669070714285713741e-01 0.000000000000000000e+00 3.971760820315454188e-01 0.000000000000000000e+00 3.792362830338046331e-01 0.000000000000000000e+00 3.852364021684176465e-01 0.000000000000000000e+00 3.936811185647626776e-01 0.000000000000000000e+00 0.000000000000000000e+00 0.000000000000000000e+00 0.000000000000000000e+00 0.000000000000000000e+00 0.000000000000000000e+00 4.438759029126213562e-01 0.000000000000000000e+00 0.000000000000000000e+00 0.000000000000000000e+00 0.000000000000000000e+00 0.000000000000000000e+00 0.000000000000000000e+00 0.000000000000000000e+00 0.000000000000000000e+00 0.000000000000000000e+00 0.000000000000000000e+00 0.000000000000000000e+00 0.000000000000000000e+00 0.000000000000000000e+00 0.000000000000000000e+00 0.000000000000000000e+00 0.000000000000000000e+00 0.000000000000000000e+00 0.000000000000000000e+00 0.000000000000000000e+00 0.000000000000000000e+00
0.000000000000000000e+00 3.872216617240784031e-01 4.146892035282630506e-01 2.614081246209868370e-01 4.178618022531090381e-01 1.826419932757665510e-01 4.462064819277109518e-01 3.024608855604719593e-01 4.320389996892385343e-01 1.817363829051386048e-01 0.000000000000000000e+00 4.504422134146341405e-01 0.000000000000000000e+00 3.269353414634146859e-01 3.970630462454212695e-01 2.646287415405566001e-01 0.000000000000000000e+00 0.000000000000000000e+00 0.000000000000000000e+00 3.889728749999999957e-01 3.920318225963765335e-01 2.609353010529188444e-01 4.083529613223775279e-01 2.450424968275458915e-01 4.190440947962790763e-01 2.402025151103379108e-01 4.037124410512152317e-01 2.373404395176188231e-01 0.000000000000000000e+00 3.159400258757378288e-01 3.765196157708012858e-01 3.434375954001910314e-01 3.974456597222222332e-01 4.142192774358974261e-01 0.000000000000000000e+00 4.580915415253039025e-01 0.000000000000000000e+00 4.141839120057081436e-01 0.000000000000000000e+00 0.000000000000000000e+00 0.000000000000000000e+00 0.000000000000000000e+00 0.000000000000000000e+00 4.522799573672352524e-01 0.000000000000000000e+00 0.000000000000000000e+00 0.000000000000000000e+00 4.534600425921117006e-01 0.000000000000000000e+00 4.367053884297521504e-01 0.000000000000000000e+00 4.197633527428112354e-01 0.000000000000000000e+00 4.395284766965454892e-01 0.000000000000000000e+00 4.316159529509085990e-01 4.477657878787877910e-01 4.150276153138477975e-01 4.856622457142857341e-01 4.430085163399616333e-01 5.029858477011494022e-01 0.000000000000000000e+00 4.610580755813952769e-01 0.000000000000000000e+00 0.000000000000000000e+00 4.077190021008403331e-01 4.766197408216782949e-01 4.481154946846011011e-01 0.000000000000000000e+00 0.000000000000000000e+00 3.579836593681632873e-01 3.066861232970438667e-01 3.741368679912491224e-01 3.231243902161433645e-01 0.000000000000000000e+00 2.891301666666666326e-01 0.000000000000000000e+00 3.818834221340504098e-01 0.000000000000000000e+00 0.000000000000000000e+00 0.000000000000000000e+00 4.097250397479953454e-01 0.000000000000000000e+00 3.799946129032257813e-01 0.000000000000000000e+00 4.085330763676217614e-01 0.000000000000000000e+00 3.896522503225806622e-01 0.000000000000000000e+00 4.003266079252539855e-01 0.000000000000000000e+00 4.353060538461538398e-01 0.000000000000000000e+00 0.000000000000000000e+00 0.000000000000000000e+00 0.000000000000000000e+00 0.000000000000000000e+00 0.000000000000000000e+00 0.000000000000000000e+00 0.000000000000000000e+00 0.000000000000000000e+00 0.000000000000000000e+00 0.000000000000000000e+00 4.003458947368421228e-01 0.000000000000000000e+00 0.000000000000000000e+00 0.000000000000000000e+00 0.000000000000000000e+00 0.000000000000000000e+00 0.000000000000000000e+00 0.000000000000000000e+00 0.000000000000000000e+00 0.000000000000000000e+00 0.000000000000000000e+00 0.000000000000000000e+00 0.000000000000000000e+00
3.604400308378309936e-01 4.636306070349123232e-01 3.120215951351779649e-01 4.427016041585140060e-01 2.555861603796725223e-01 4.462064819277109518e-01 2.788097340046994388e-01 4.422641012388995874e-01 1.970510531362211215e-01 4.264958240910501353e-01 3.199850868180362240e-01 4.512879120271791611e-01 2.889366443318251432e-01 4.290529577570826314e-01 2.815966351048966865e-01 4.078296550726313585e-01 3.799816202180151814e-01 4.747858889835349094e-01 3.794687373725424973e-01 4.858749760245739679e-01 0.000000000000000000e+00 0.000000000000000000e+00 3.516015577867103170e-01 4.416826141130826278e-01 3.640283274270671998e-01 4.305528728891883650e-01 0.000000000000000000e+00 0.000000000000000000e+00 3.329330227130928299e-01 4.378350386284708406e-01 3.613524886293623672e-01 4.396217487172039973e-01 3.861884884679030461e-01 4.673866128670608466e-01 4.601333679354160933e-01 0.000000000000000000e+00 4.608047672665150363e-01 4.794790936756542221e-01 4.277370148148148532e-01 0.000000000000000000e+00 4.001075107489994176e-01 0.000000000000000000e+00 4.201007862595420028e-01 0.000000000000000000e+00 4.136315484028040279e-01 0.000000000000000000e+00 4.447652032855121118e-01 0.000000000000000000e+00 4.015352650793457823e-01 0.000000000000000000e+00 3.964510411891495334e-01 4.052266433566433235e-01 4.468698939999999897e-01 0.000000000000000000e+00 3.928126596345383192e-01 0.000000000000000000e+00 3.822823916523998000e-01 4.879215464480873288e-01 3.972502442751091878e-01 4.711486210675244202e-01 3.946496870410669544e-01 0.000000000000000000e+00 3.901446360517272782e-01 0.000000000000000000e+00 3.940341062340642631e-01 0.000000000000000000e+00 4.326350456996306271e-01 4.768818558722247025e-01 3.953118083805698402e-01 4.515668021043770519e-01 3.242791343680247462e-01 4.522462182657853158e-01 3.632979449293343155e-01 4.482159794395296770e-01 3.500690718122110301e-01 3.672550377358490548e-01 3.846559910082243405e-01 4.619906614706794090e-01 4.154066071428570983e-01 0.000000000000000000e+00 3.736896919799010397e-01 4.343737469879518365e-01 3.850668583860759053e-01 4.102886011560693547e-01 3.928876431065592145e-01 4.227892110493827182e-01 3.972716343283581586e-01 0.000000000000000000e+00 3.981259789820895123e-01 0.000000000000000000e+00 0.000000000000000000e+00 4.690617849650349225e-01 0.000000000000000000e+00 0.000000000000000000e+00 0.000000000000000000e+00 4.727756126126126945e-01 0.000000000000000000e+00 0.000000000000000000e+00 0.000000000000000000e+00 4.814750291970802953e-01 0.000000000000000000e+00 0.000000000000000000e+00 0.000000000000000000e+00 4.672574859154929316e-01 0.000000000000000000e+00 4.867339156920078014e-01 0.000000000000000000e+00 0.000000000000000000e+00 0.000000000000000000e+00 0.000000000000000000e+00 0.000000000000000000e+00 0.000000000000000000e+00 0.000000000000000000e+00 0.000000000000000000e+00 0.000000000000000000e+00 0.000000000000000000e+00
4.666274399988676880e-01 3.294328898832829533e-01 4.525827352283408600e-01 3.167741297089788910e-01 4.061877897929242476e-01 3.024608855604719593e-01 4.422641012388995874e-01 2.718616523880317826e-01 4.230870119339045221e-01 2.595954850567741001e-01 4.621135782759340227e-01 2.755718544790941582e-01 4.311859311100522674e-01 2.651320928519956266e-01 4.303369736753481778e-01 2.935246636536176790e-01 4.844314600170502860e-01 3.910729847035887552e-01 4.883865088848481917e-01 3.988357430476610066e-01 0.000000000000000000e+00 0.000000000000000000e+00 4.481134213420444601e-01 3.509502772469536569e-01 4.272580660079404735e-01 2.908797742926219065e-01 0.000000000000000000e+00 3.374852604717812898e-01 4.320939948290772326e-01 3.569606140199164668e-01 4.346146385607947971e-01 3.567081105041955968e-01 4.740738489125471689e-01 4.032835031069141318e-01 0.000000000000000000e+00 4.485792729504413656e-01 0.000000000000000000e+00 4.291258842241783000e-01 0.000000000000000000e+00 4.605000408898193287e-01 0.000000000000000000e+00 0.000000000000000000e+00 4.609575815076764060e-01 3.798544907365212775e-01 4.752195158742948955e-01 3.912273476765166236e-01 4.568102346368714817e-01 4.189423297526936874e-01 4.692843265306121947e-01 3.806778056446921132e-01 0.000000000000000000e+00 3.734930974668700943e-01 4.469193411764705859e-01 3.706611901016096389e-01 0.000000000000000000e+00 3.857633504491823628e-01 4.071725833333333378e-01 3.843354235210245107e-01 4.679127862595420240e-01 3.975701594382791138e-01 4.543946870748299394e-01 3.813470334928749095e-01 4.189723321171979764e-01 3.832283760575787013e-01 0.000000000000000000e+00 3.831666801170580672e-01 4.454692905569229144e-01 4.524184227263476354e-01 4.583058223793290420e-01 4.418957820535996950e-01 4.448087922740119882e-01 3.234758001650892001e-01 4.479560332112481058e-01 3.697430518103658748e-01 4.486243162740873314e-01 3.595103988511537674e-01 4.535429984692812000e-01 3.920729337235581702e-01 0.000000000000000000e+00 3.967410763521289074e-01 4.033389357142857512e-01 3.946337391918593451e-01 4.322272521739130569e-01 0.000000000000000000e+00 4.263096724372982815e-01 3.900482610420441532e-01 0.000000000000000000e+00 0.000000000000000000e+00 4.141380625000000149e-01 3.889640705771346685e-01 0.000000000000000000e+00 4.479158999159971177e-01 0.000000000000000000e+00 4.072530070921985823e-01 4.693655312499999677e-01 4.317725456565656428e-01 4.118471515151514439e-01 0.000000000000000000e+00 0.000000000000000000e+00 0.000000000000000000e+00 0.000000000000000000e+00 0.000000000000000000e+00 4.350669637681159330e-01 4.875149200000000183e-01 0.000000000000000000e+00 0.000000000000000000e+00 0.000000000000000000e+00 0.000000000000000000e+00 0.000000000000000000e+00 0.000000000000000000e+00 0.000000000000000000e+00 0.000000000000000000e+00 0.000000000000000000e+00 0.000000000000000000e+00 0.000000000000000000e+00 0.000000000000000000e+00
4.200024514835951073e-01 0.000000000000000000e+00 2.876543602732349880e-01 4.186236913580246854e-01 2.135547112956609483e-01 4.320389996892385343e-01 1.970510531362211215e-01 4.230870119339045221e-01 2.633085508198161340e-01 4.086331911645652570e-01 3.239519941444372053e-01 0.000000000000000000e+00 2.825476516632496882e-01 0.000000000000000000e+00 2.686583621415107870e-01 4.171148508575579505e-01 3.827405990351112619e-01 0.000000000000000000e+00 4.254817931034481915e-01 0.000000000000000000e+00 4.001072684031771742e-01 0.000000000000000000e+00 3.085413909751009154e-01 4.643662073170732874e-01 1.802809865476943663e-01 3.925637750129869485e-01 2.178581935061474351e-01 4.306373028169013795e-01 3.157460795635921302e-01 0.000000000000000000e+00 3.384154833112639760e-01 4.231480037020022844e-01 0.000000000000000000e+00 0.000000000000000000e+00 4.611725859374999903e-01 0.000000000000000000e+00 4.388186904761904872e-01 0.000000000000000000e+00 0.000000000000000000e+00 0.000000000000000000e+00 4.053975068519857228e-01 0.000000000000000000e+00 4.400573669989358838e-01 5.153301700000000318e-01 4.361108576388889047e-01 0.000000000000000000e+00 4.567579620875290569e-01 0.000000000000000000e+00 0.000000000000000000e+00 0.000000000000000000e+00 4.269043048909114679e-01 0.000000000000000000e+00 0.000000000000000000e+00 0.000000000000000000e+00 4.306863285134671648e-01 0.000000000000000000e+00 4.093714257513925148e-01 0.000000000000000000e+00 4.361014372807017203e-01 0.000000000000000000e+00 3.904225175438596485e-01 0.000000000000000000e+00 0.000000000000000000e+00 0.000000000000000000e+00 4.166731197938189912e-01 0.000000000000000000e+00 4.201534525082949445e-01 0.000000000000000000e+00 4.236733076923076546e-01 0.000000000000000000e+00 3.219488543051071683e-01 0.000000000000000000e+00 3.600364252484958838e-01 3.809197575849247452e-01 3.423046072352072255e-01 0.000000000000000000e+00 3.841971400835874073e-01 3.880901312753036736e-01 0.000000000000000000e+00 0.000000000000000000e+00 0.000000000000000000e+00 0.000000000000000000e+00 3.924246783898199809e-01 0.000000000000000000e+00 3.882237593770622719e-01 0.000000000000000000e+00 3.882466703255062490e-01 0.000000000000000000e+00 3.905751613422985269e-01 0.000000000000000000e+00 0.000000000000000000e+00 0.000000000000000000e+00 0.000000000000000000e+00 0.000000000000000000e+00 3.928712020202020372e-01 0.000000000000000000e+00 0.000000000000000000e+00 0.000000000000000000e+00 0.000000000000000000e+00 0.000000000000000000e+00 0.000000000000000000e+00 0.000000000000000000e+00 0.000000000000000000e+00 0.000000000000000000e+00 0.000000000000000000e+00 0.000000000000000000e+00 0.000000000000000000e+00 0.000000000000000000e+00 0.000000000000000000e+00 0.000000000000000000e+00 0.000000000000000000e+00 0.000000000000000000e+00 0.000000000000000000e+00 0.000000000000000000e+00 0.000000000000000000e+00 0.000000000000000000e+00
0.000000000000000000e+00 3.456221494325832921e-01 4.104821151800479573e-01 3.261721756950939355e-01 4.053350572877064684e-01 1.817363829051386048e-01 4.264958240910501353e-01 2.595954850567741001e-01 4.086331911645652570e-01 2.060562273581757753e-01 0.000000000000000000e+00 3.289749769231279930e-01 4.264862171323429152e-01 3.152383855507535637e-01 4.226970730182927349e-01 2.617990584845096835e-01 0.000000000000000000e+00 0.000000000000000000e+00 0.000000000000000000e+00 4.056122903727697460e-01 0.000000000000000000e+00 0.000000000000000000e+00 4.136443003232026516e-01 3.096735733042091931e-01 4.179125465217282676e-01 2.242277828855650801e-01 4.399054972535211827e-01 2.548662992156763840e-01 0.000000000000000000e+00 3.262595304737798685e-01 3.649221851304633168e-01 2.981233670293668148e-01 0.000000000000000000e+00 3.726143987338125796e-01 0.000000000000000000e+00 4.521184272727272746e-01 0.000000000000000000e+00 0.000000000000000000e+00 0.000000000000000000e+00 0.000000000000000000e+00 0.000000000000000000e+00 0.000000000000000000e+00 0.000000000000000000e+00 0.000000000000000000e+00 0.000000000000000000e+00 0.000000000000000000e+00 0.000000000000000000e+00 4.452034952247305721e-01 5.134092690355329669e-01 4.429100757049656556e-01 0.000000000000000000e+00 4.590311652892561378e-01 0.000000000000000000e+00 4.343127152199074414e-01 0.000000000000000000e+00 4.623824140625000245e-01 0.000000000000000000e+00 4.615656241134750704e-01 0.000000000000000000e+00 0.000000000000000000e+00 5.007095096590910011e-01 0.000000000000000000e+00 0.000000000000000000e+00 4.419883660130719538e-01 0.000000000000000000e+00 0.000000000000000000e+00 4.993651385542169918e-01 4.277549117647058141e-01 0.000000000000000000e+00 3.882239196428570738e-01 4.183163222215291466e-01 3.077108204766840771e-01 0.000000000000000000e+00 3.463800197919719714e-01 0.000000000000000000e+00 3.433182500000000470e-01 0.000000000000000000e+00 3.933093530458687259e-01 0.000000000000000000e+00 0.000000000000000000e+00 0.000000000000000000e+00 0.000000000000000000e+00 0.000000000000000000e+00 0.000000000000000000e+00 0.000000000000000000e+00 4.099516668178018186e-01 0.000000000000000000e+00 0.000000000000000000e+00 0.000000000000000000e+00 4.027927860150768424e-01 3.676030000000000131e-01 0.000000000000000000e+00 0.000000000000000000e+00 0.000000000000000000e+00 0.000000000000000000e+00 0.000000000000000000e+00 0.000000000000000000e+00 0.000000000000000000e+00 0.000000000000000000e+00 0.000000000000000000e+00 0.000000000000000000e+00 0.000000000000000000e+00 0.000000000000000000e+00 0.000000000000000000e+00 0.000000000000000000e+00 0.000000000000000000e+00 0.000000000000000000e+00 0.000000000000000000e+00 0.000000000000000000e+00 0.000000000000000000e+00 0.000000000000000000e+00 0.000000000000000000e+00 0.000000000000000000e+00 0.000000000000000000e+00 0.000000000000000000e+00 0.000000000000000000e+00
3.281495608594359736e-01 4.722817164348081520e-01 3.908496213746046610e-01 4.651421960545265577e-01 0.000000000000000000e+00 0.000000000000000000e+00 3.199850868180362240e-01 4.621135782759340227e-01 3.239519941444372053e-01 0.000000000000000000e+00 3.010786652349053960e-01 4.570680612218567807e-01 3.179646063546923140e-01 4.186910114956619577e-01 3.138361020408163560e-01 4.349103513504203322e-01 3.546540929759325889e-01 4.495861770704862037e-01 4.138191642076499699e-01 4.928547161291554901e-01 0.000000000000000000e+00 0.000000000000000000e+00 3.755103687794679179e-01 4.502245285229695693e-01 0.000000000000000000e+00 0.000000000000000000e+00 0.000000000000000000e+00 0.000000000000000000e+00 3.779665648999039340e-01 4.296772757790774944e-01 3.915810435480248652e-01 4.000881101973684517e-01 4.110521894337054727e-01 4.715394876110262090e-01 0.000000000000000000e+00 0.000000000000000000e+00 4.710356901509857863e-01 0.000000000000000000e+00 4.119329472096530109e-01 0.000000000000000000e+00 4.237439836065574061e-01 0.000000000000000000e+00 0.000000000000000000e+00 3.920924269662920958e-01 4.185921995997679002e-01 0.000000000000000000e+00 0.000000000000000000e+00 0.000000000000000000e+00 4.247071868667822714e-01 0.000000000000000000e+00 3.981632139089519851e-01 0.000000000000000000e+00 0.000000000000000000e+00 0.000000000000000000e+00 4.135799836365309790e-01 0.000000000000000000e+00 3.956030262024822775e-01 4.856469999999999954e-01 4.123804352520099581e-01 4.751521438356163807e-01 4.101599994464880106e-01 0.000000000000000000e+00 4.236029693859034162e-01 0.000000000000000000e+00 4.267954036997526623e-01 0.000000000000000000e+00 4.344233358491409458e-01 5.190471709401710543e-01 4.262073474453949573e-01 4.473532692307692349e-01 3.752713094321932230e-01 4.447675916773784488e-01 3.896140002257527657e-01 4.559537852241059563e-01 0.000000000000000000e+00 0.000000000000000000e+00 4.308405314937699959e-01 4.657390676610940194e-01 0.000000000000000000e+00 0.000000000000000000e+00 4.067636424259550854e-01 0.000000000000000000e+00 0.000000000000000000e+00 0.000000000000000000e+00 4.241952215060462716e-01 0.000000000000000000e+00 0.000000000000000000e+00 0.000000000000000000e+00 4.320779329625411558e-01 3.952527696969697635e-01 0.000000000000000000e+00 0.000000000000000000e+00 0.000000000000000000e+00 4.767595072463767791e-01 0.000000000000000000e+00 0.000000000000000000e+00 0.000000000000000000e+00 0.000000000000000000e+00 0.000000000000000000e+00 0.000000000000000000e+00 0.000000000000000000e+00 0.000000000000000000e+00 4.052184000000000341e-01 0.000000000000000000e+00 0.000000000000000000e+00 0.000000000000000000e+00 0.000000000000000000e+00 0.000000000000000000e+00 0.000000000000000000e+00 0.000000000000000000e+00 0.000000000000000000e+00 0.000000000000000000e+00 0.000000000000000000e+00 0.000000000000000000e+00 0.000000000000000000e+00 0.000000000000000000e+00
4.812752391598682511e-01 3.382872629653951857e-01 4.664367172292339103e-01 3.774754658330577994e-01 0.000000000000000000e+00 4.504422134146341405e-01 4.512879120271791611e-01 2.755718544790941582e-01 0.000000000000000000e+00 3.289749769231279930e-01 4.570680612218567807e-01 2.570152919066436836e-01 4.306234465285146973e-01 2.845031786582148947e-01 0.000000000000000000e+00 3.439808431494725816e-01 0.000000000000000000e+00 3.545521278762800987e-01 4.834394125883428872e-01 4.036379168146931873e-01 0.000000000000000000e+00 0.000000000000000000e+00 4.533536191304184948e-01 3.795767410270109998e-01 4.255781495327102815e-01 0.000000000000000000e+00 0.000000000000000000e+00 0.000000000000000000e+00 4.470639006920810732e-01 3.411198005379665887e-01 4.406667461256374985e-01 3.944474966493374812e-01 4.858324827680534086e-01 3.977635914831070818e-01 0.000000000000000000e+00 0.000000000000000000e+00 4.536250420168067565e-01 5.046987250582750661e-01 0.000000000000000000e+00 0.000000000000000000e+00 0.000000000000000000e+00 0.000000000000000000e+00 0.000000000000000000e+00 4.300234480519480873e-01 0.000000000000000000e+00 3.971180979020978441e-01 0.000000000000000000e+00 0.000000000000000000e+00 0.000000000000000000e+00 3.899062853514830840e-01 3.899250355029586501e-01 3.924496370370370579e-01 0.000000000000000000e+00 4.133890729166667111e-01 0.000000000000000000e+00 4.087060865384615216e-01 4.708147777777777487e-01 3.883490449888878926e-01 4.619020073529411796e-01 4.220064260844627047e-01 0.000000000000000000e+00 3.949528138788638842e-01 0.000000000000000000e+00 3.888000324025285281e-01 0.000000000000000000e+00 3.852428603512765282e-01 0.000000000000000000e+00 4.320327918095108188e-01 0.000000000000000000e+00 4.309477628813001560e-01 4.593479744709740298e-01 3.353348948682105535e-01 4.401934433948495595e-01 3.834348794354918710e-01 0.000000000000000000e+00 0.000000000000000000e+00 4.548311613648442497e-01 3.898081846740312217e-01 0.000000000000000000e+00 3.815928832844575069e-01 0.000000000000000000e+00 4.095044588619984327e-01 0.000000000000000000e+00 0.000000000000000000e+00 0.000000000000000000e+00 4.199586981456958079e-01 0.000000000000000000e+00 3.973955434782608376e-01 0.000000000000000000e+00 4.268234899152787976e-01 0.000000000000000000e+00 0.000000000000000000e+00 0.000000000000000000e+00 0.000000000000000000e+00 0.000000000000000000e+00 4.756118817204300631e-01 0.000000000000000000e+00 0.000000000000000000e+00 0.000000000000000000e+00 0.000000000000000000e+00 0.000000000000000000e+00 0.000000000000000000e+00 0.000000000000000000e+00 0.000000000000000000e+00 0.000000000000000000e+00 0.000000000000000000e+00 0.000000000000000000e+00 0.000000000000000000e+00 0.000000000000000000e+00 0.000000000000000000e+00 0.000000000000000000e+00 0.000000000000000000e+00 0.000000000000000000e+00 0.000000000000000000e+00 0.000000000000000000e+00 0.000000000000000000e+00
3.115595722170048099e-01 4.395650628056052556e-01 3.394270505737393973e-01 4.344250557539397484e-01 0.000000000000000000e+00 0.000000000000000000e+00 2.889366443318251432e-01 4.311859311100522674e-01 2.825476516632496882e-01 4.264862171323429152e-01 3.179646063546923140e-01 4.306234465285146973e-01 2.551878455037275839e-01 4.100207048580202240e-01 2.408960787451355501e-01 4.094219184058148220e-01 3.701638606600666237e-01 0.000000000000000000e+00 3.802293579557567971e-01 4.502080625926844215e-01 0.000000000000000000e+00 0.000000000000000000e+00 3.480868287519146564e-01 4.386346362372402496e-01 0.000000000000000000e+00 0.000000000000000000e+00 0.000000000000000000e+00 0.000000000000000000e+00 3.268433316755588458e-01 4.359401124269224326e-01 3.594416154134307262e-01 4.171527046424012841e-01 3.870379095378002066e-01 4.214951812293497024e-01 4.578368572253631585e-01 0.000000000000000000e+00 4.702024132945903379e-01 0.000000000000000000e+00 4.327664413638261931e-01 0.000000000000000000e+00 0.000000000000000000e+00 0.000000000000000000e+00 4.682252898797766294e-01 0.000000000000000000e+00 0.000000000000000000e+00 0.000000000000000000e+00 4.524117685355257823e-01 0.000000000000000000e+00 0.000000000000000000e+00 5.096033475935829449e-01 4.258629955290865188e-01 0.000000000000000000e+00 4.685124408633372095e-01 0.000000000000000000e+00 4.175231377407386812e-01 0.000000000000000000e+00 4.010918433249534565e-01 4.645925730337078230e-01 4.163003812493508149e-01 0.000000000000000000e+00 4.061770067793418204e-01 0.000000000000000000e+00 3.949821570911483670e-01 0.000000000000000000e+00 4.039859763797356562e-01 0.000000000000000000e+00 4.142866172191437268e-01 0.000000000000000000e+00 3.836346554781510099e-01 0.000000000000000000e+00 3.239307739928906082e-01 4.563732787353614317e-01 3.858213499635632093e-01 4.323839971000370541e-01 3.816604221596788249e-01 0.000000000000000000e+00 3.981803982950609111e-01 4.431499074484334111e-01 3.674271625000000152e-01 0.000000000000000000e+00 3.786024781087421465e-01 0.000000000000000000e+00 4.135923317193863635e-01 0.000000000000000000e+00 3.941225919195632810e-01 0.000000000000000000e+00 3.945052224386724760e-01 0.000000000000000000e+00 3.991514526914933803e-01 0.000000000000000000e+00 0.000000000000000000e+00 4.717323239436621019e-01 0.000000000000000000e+00 4.337116906474819955e-01 0.000000000000000000e+00 4.641995777777777055e-01 0.000000000000000000e+00 0.000000000000000000e+00 0.000000000000000000e+00 0.000000000000000000e+00 0.000000000000000000e+00 0.000000000000000000e+00 0.000000000000000000e+00 0.000000000000000000e+00 0.000000000000000000e+00 0.000000000000000000e+00 0.000000000000000000e+00 0.000000000000000000e+00 0.000000000000000000e+00 0.000000000000000000e+00 0.000000000000000000e+00 0.000000000000000000e+00 0.000000000000000000e+00 0.000000000000000000e+00 0.000000000000000000e+00 0.000000000000000000e+00
