2.838033233037924874e-01 4.945485001755414722e-01 3.347720282305708395e-01 4.835293002805388096e-01 0.000000000000000000e+00 0.000000000000000000e+00 3.233564202627648432e-01 4.644594170319080173e-01 2.845639670329670468e-01 0.000000000000000000e+00 3.265076601900581688e-01 4.669374731893270458e-01 3.708480331207546499e-01 0.000000000000000000e+00 3.679462233111623903e-01 0.000000000000000000e+00 2.783211999148438309e-01 4.618804667315502543e-01 4.168373396635894346e-01 5.014871536036701327e-01 0.000000000000000000e+00 0.000000000000000000e+00 3.746921161743138606e-01 0.000000000000000000e+00 0.000000000000000000e+00 0.000000000000000000e+00 0.000000000000000000e+00 0.000000000000000000e+00 3.959419657842011553e-01 4.824609182284694264e-01 3.934641312525009593e-01 0.000000000000000000e+00 4.156934954673842109e-01 4.738813011752799342e-01 0.000000000000000000e+00 0.000000000000000000e+00 4.964544531927882476e-01 5.380297759261724044e-01 3.926857634408602027e-01 0.000000000000000000e+00 4.225864415700267829e-01 0.000000000000000000e+00 4.244980840336135541e-01 0.000000000000000000e+00 3.928092315789474265e-01 4.866577982456140039e-01 3.583471120689655232e-01 0.000000000000000000e+00 3.943748931068068453e-01 0.000000000000000000e+00 3.856584718113956756e-01 0.000000000000000000e+00 4.079975842696629273e-01 0.000000000000000000e+00 3.982919075676207288e-01 0.000000000000000000e+00 3.578663064945514227e-01 4.923498528493129300e-01 3.875787604759055593e-01 4.709400580514707113e-01 3.878225278344886173e-01 4.458598198198198692e-01 3.899200018781211474e-01 4.333043860772932687e-01 3.927058129272607001e-01 4.727832954545455046e-01 4.275769393139435826e-01 4.709185094420856310e-01 3.380164300084829154e-01 5.159911677874990943e-01 3.607238658447495805e-01 4.950590344524057329e-01 3.987707572217880636e-01 4.916280838325128855e-01 0.000000000000000000e+00 4.513999117647058967e-01 4.072027903415178507e-01 4.570708234651381652e-01 3.643918153138527849e-01 0.000000000000000000e+00 3.786864666843491323e-01 0.000000000000000000e+00 0.000000000000000000e+00 0.000000000000000000e+00 4.100727094077246671e-01 0.000000000000000000e+00 4.144313956834532187e-01 0.000000000000000000e+00 4.109611690012587859e-01 0.000000000000000000e+00 4.090383785185184862e-01 0.000000000000000000e+00 4.224111930378466884e-01 0.000000000000000000e+00 4.668185473589214207e-01 0.000000000000000000e+00 4.181633854166666997e-01 0.000000000000000000e+00 4.394780431968280388e-01 4.448313135593219836e-01 0.000000000000000000e+00 0.000000000000000000e+00 4.307642804464807407e-01 4.727424741161616040e-01 4.577633797879562261e-01 4.863530209790210557e-01 0.000000000000000000e+00 0.000000000000000000e+00 0.000000000000000000e+00 0.000000000000000000e+00 4.506858360655737195e-01 0.000000000000000000e+00 0.000000000000000000e+00 0.000000000000000000e+00 0.000000000000000000e+00 0.000000000000000000e+00
4.945485001755414722e-01 2.801449608430549576e-01 5.034593624640566478e-01 3.151849093705513805e-01 0.000000000000000000e+00 4.198906924173630983e-01 4.899748426725941686e-01 2.865502082128379979e-01 0.000000000000000000e+00 0.000000000000000000e+00 4.769953091919033605e-01 3.372042255975806757e-01 4.338328010387398348e-01 3.474177402476394394e-01 0.000000000000000000e+00 3.710703884398612318e-01 4.653856135827345031e-01 3.582990353948108941e-01 5.098599687938896174e-01 3.740825737589265620e-01 0.000000000000000000e+00 0.000000000000000000e+00 0.000000000000000000e+00 0.000000000000000000e+00 0.000000000000000000e+00 0.000000000000000000e+00 0.000000000000000000e+00 0.000000000000000000e+00 4.940359073742350282e-01 4.072047052114506349e-01 4.537784215475669791e-01 3.859911605579605109e-01 5.185404212238466926e-01 4.739486510194758084e-01 0.000000000000000000e+00 4.110235940820806122e-01 5.063665231602291206e-01 5.193754016368765658e-01 0.000000000000000000e+00 4.811803531463789696e-01 0.000000000000000000e+00 4.563097804938809343e-01 0.000000000000000000e+00 4.469145522388059955e-01 0.000000000000000000e+00 4.003710595493099600e-01 0.000000000000000000e+00 4.463256525178253553e-01 0.000000000000000000e+00 4.245192828689787201e-01 4.753187067877371885e-01 3.770885647255061701e-01 0.000000000000000000e+00 3.652961157894735744e-01 0.000000000000000000e+00 3.863688406869600356e-01 4.934591154810188951e-01 3.442102527478527740e-01 4.674427747345708539e-01 4.265559738477147644e-01 4.584780749103943287e-01 3.892473754195698854e-01 4.666470866141733120e-01 3.906020783164960708e-01 4.577242654066627225e-01 3.895423693157093470e-01 4.928979884796561017e-01 3.393005034951369070e-01 5.288945261192411484e-01 2.938088023159063922e-01 5.005160789683522626e-01 3.973305766055676425e-01 4.947307835518903740e-01 4.347383868149733988e-01 0.000000000000000000e+00 3.802136593080212013e-01 4.755268224035050229e-01 4.191405542215987934e-01 4.784274403669724340e-01 3.914591780156606582e-01 0.000000000000000000e+00 3.975765630330186373e-01 0.000000000000000000e+00 3.435803766339868837e-01 4.737836859504132581e-01 4.200861300743625737e-01 0.000000000000000000e+00 0.000000000000000000e+00 0.000000000000000000e+00 4.134107691932338291e-01 5.303620058823529382e-01 4.628258182764163342e-01 0.000000000000000000e+00 4.448363185765044636e-01 4.822893962209301444e-01 4.550990743763492219e-01 0.000000000000000000e+00 4.912764720074929148e-01 4.106590080645161622e-01 5.205197104080688808e-01 0.000000000000000000e+00 4.316398578631138183e-01 5.095566375838925799e-01 4.610661160621726817e-01 4.697730881540398973e-01 4.644284389764180565e-01 0.000000000000000000e+00 4.603986456853860210e-01 0.000000000000000000e+00 0.000000000000000000e+00 4.829415991949060905e-01 4.314712303571428542e-01 0.000000000000000000e+00 3.819730291262135591e-01 0.000000000000000000e+00 0.000000000000000000e+00
3.347720282305708395e-01 5.034593624640566478e-01 2.590720608869099273e-01 4.213028272913015293e-01 1.775492942810933117e-01 4.119995660247784963e-01 3.025695973885652590e-01 4.330304677686676595e-01 1.895698307312109754e-01 3.888561967751762438e-01 3.804232534478973471e-01 4.613953237769675142e-01 3.522778205384334838e-01 4.132325572177663053e-01 3.035022699674886915e-01 4.139658860691636244e-01 3.950113401409649505e-01 4.971844062214983984e-01 2.929736574211335154e-01 5.064497486451001729e-01 0.000000000000000000e+00 0.000000000000000000e+00 2.511582231600646975e-01 4.129579005759415056e-01 2.205382979533199450e-01 4.083000892626509337e-01 2.858926920849727549e-01 4.170719077067669422e-01 3.625797234700173788e-01 4.443174771801025047e-01 3.295108486503284806e-01 3.928562955396539547e-01 3.707875374723677564e-01 4.723713351991527531e-01 4.071322117394550189e-01 4.586151958762886838e-01 4.604941391003532503e-01 5.307552916666665732e-01 0.000000000000000000e+00 0.000000000000000000e+00 3.970651361025187565e-01 0.000000000000000000e+00 4.103085699580737988e-01 0.000000000000000000e+00 3.735674612149533225e-01 4.622901834319526060e-01 4.142187924557844680e-01 0.000000000000000000e+00 4.045830295457467085e-01 0.000000000000000000e+00 3.851688598279723874e-01 0.000000000000000000e+00 3.882040530973450698e-01 0.000000000000000000e+00 3.867200619115041538e-01 0.000000000000000000e+00 4.190228231733232334e-01 5.239229256756756659e-01 4.228628019376234337e-01 4.539759434820733186e-01 3.866920414423787866e-01 4.769577343749999976e-01 3.694898930316876107e-01 4.300542148760330141e-01 3.825669570020465149e-01 0.000000000000000000e+00 4.396087634228890151e-01 4.652106705398462161e-01 3.537396850076831578e-01 5.267675073877068348e-01 3.338073743704836338e-01 4.347166004718744925e-01 3.623461415645377048e-01 4.375278393974719182e-01 3.230496873162590488e-01 0.000000000000000000e+00 4.054475135358615034e-01 4.285954627107381176e-01 3.519842784218442655e-01 0.000000000000000000e+00 3.743519658946820594e-01 0.000000000000000000e+00 3.480073750000000077e-01 0.000000000000000000e+00 3.845497206336682683e-01 0.000000000000000000e+00 3.104538219178081815e-01 0.000000000000000000e+00 3.935769808821497628e-01 4.670405359788359356e-01 3.954330369271215062e-01 4.403649515151514260e-01 3.575689174722520569e-01 0.000000000000000000e+00 4.324563048789017983e-01 0.000000000000000000e+00 4.443409576271186157e-01 0.000000000000000000e+00 4.088481901364764415e-01 0.000000000000000000e+00 0.000000000000000000e+00 0.000000000000000000e+00 4.073891598082178822e-01 0.000000000000000000e+00 4.294689680180180380e-01 3.934160532258064724e-01 0.000000000000000000e+00 4.404643898305084515e-01 0.000000000000000000e+00 0.000000000000000000e+00 0.000000000000000000e+00 4.538431475409835381e-01 0.000000000000000000e+00 4.368529750000000322e-01 4.057411499999999949e-01 0.000000000000000000e+00
4.835293002805388096e-01 3.151849093705513805e-01 4.213028272913015293e-01 2.377211640426894201e-01 3.684570748658726469e-01 1.574049660561024355e-01 4.419382021299966823e-01 3.028632125906656203e-01 3.829931162957663782e-01 2.356673829407782139e-01 4.579310507883900816e-01 4.030490171004674216e-01 4.113366620911803051e-01 3.273337041964296534e-01 3.947190970681382916e-01 3.093362950448870219e-01 4.693887349268397458e-01 4.223981756808058985e-01 4.909776191473189666e-01 2.562482336907515035e-01 0.000000000000000000e+00 2.710571702127659299e-01 3.937337257333237139e-01 2.119992380263552578e-01 3.770223375386248521e-01 2.456549016067103297e-01 3.914000556384849561e-01 2.748261993199886399e-01 4.800764541795645157e-01 3.636286786396718540e-01 3.543646598878809617e-01 2.847482458451204845e-01 5.174909494780554065e-01 3.731378231183728467e-01 4.274197717391304829e-01 4.218976008216922535e-01 5.052767367493958828e-01 4.830182228844796533e-01 0.000000000000000000e+00 4.384713731365495470e-01 0.000000000000000000e+00 3.976379999999999915e-01 4.387480526315790108e-01 4.217953315204314713e-01 0.000000000000000000e+00 4.105875768893387234e-01 0.000000000000000000e+00 3.943555317460318288e-01 4.824710071942445722e-01 4.279591778694885607e-01 4.570743259259258950e-01 3.840340378369143104e-01 0.000000000000000000e+00 4.400536428571428793e-01 0.000000000000000000e+00 3.844128738281133439e-01 4.937316239709264032e-01 4.190302614483242816e-01 4.976949469026548667e-01 4.396775327080459927e-01 4.609437408293460825e-01 4.001862876736438368e-01 4.710401879699247507e-01 4.034776694826047172e-01 0.000000000000000000e+00 4.061066558055126396e-01 4.680954099178072925e-01 4.365103878646276470e-01 5.189916097060631728e-01 4.207857650021977203e-01 4.260820892168346030e-01 3.543362298902174579e-01 4.277207034136243924e-01 3.840886335004793373e-01 0.000000000000000000e+00 4.160647895387044048e-01 4.261135397539358438e-01 3.937150704985838412e-01 0.000000000000000000e+00 0.000000000000000000e+00 0.000000000000000000e+00 3.780033559853615555e-01 0.000000000000000000e+00 3.551586195636235455e-01 4.138489015897242052e-01 3.846093546924376216e-01 0.000000000000000000e+00 3.784416219218051936e-01 0.000000000000000000e+00 3.803307397295875858e-01 0.000000000000000000e+00 4.301179588244575247e-01 0.000000000000000000e+00 4.055496559382574251e-01 4.819164186124831883e-01 3.938360624815002708e-01 0.000000000000000000e+00 0.000000000000000000e+00 4.034004873949580405e-01 4.892183778098486147e-01 0.000000000000000000e+00 4.224773252032520410e-01 3.808849613955893609e-01 4.312581146519578468e-01 4.298058442622950670e-01 4.475471361044963126e-01 0.000000000000000000e+00 3.936636909090909797e-01 0.000000000000000000e+00 0.000000000000000000e+00 4.582105397960063997e-01 0.000000000000000000e+00 0.000000000000000000e+00 0.000000000000000000e+00 0.000000000000000000e+00 0.000000000000000000e+00
0.000000000000000000e+00 0.000000000000000000e+00 1.775492942810933117e-01 3.684570748658726469e-01 1.720813433821987426e-01 3.959986120965056089e-01 2.318539895863949707e-01 3.935285870563035582e-01 1.907133097150841283e-01 3.783941742874380454e-01 0.000000000000000000e+00 0.000000000000000000e+00 0.000000000000000000e+00 0.000000000000000000e+00 2.457461806929951142e-01 3.861999050000000100e-01 0.000000000000000000e+00 0.000000000000000000e+00 3.564243469387755048e-01 4.103953517441861765e-01 2.059653117243578080e-01 3.265722400000000136e-01 2.386525070531017867e-01 3.879595335279146795e-01 1.791421187673090942e-01 4.016920242114184192e-01 2.713250681434782319e-01 3.801320588838086878e-01 3.198607382578473879e-01 0.000000000000000000e+00 3.012958647279642133e-01 3.789395085218920656e-01 2.978709631944444491e-01 0.000000000000000000e+00 0.000000000000000000e+00 0.000000000000000000e+00 0.000000000000000000e+00 0.000000000000000000e+00 0.000000000000000000e+00 0.000000000000000000e+00 0.000000000000000000e+00 0.000000000000000000e+00 0.000000000000000000e+00 0.000000000000000000e+00 4.330398521739130535e-01 0.000000000000000000e+00 4.035903448535912430e-01 0.000000000000000000e+00 4.138448046874999564e-01 5.309675032679738171e-01 0.000000000000000000e+00 0.000000000000000000e+00 0.000000000000000000e+00 0.000000000000000000e+00 4.101176764032072874e-01 0.000000000000000000e+00 0.000000000000000000e+00 0.000000000000000000e+00 3.835185290322580265e-01 0.000000000000000000e+00 0.000000000000000000e+00 0.000000000000000000e+00 0.000000000000000000e+00 0.000000000000000000e+00 0.000000000000000000e+00 0.000000000000000000e+00 0.000000000000000000e+00 0.000000000000000000e+00 3.439946720000000568e-01 0.000000000000000000e+00 2.641390236245843570e-01 4.241507421837180658e-01 2.809683201542536590e-01 4.233410566662478836e-01 2.578807341007507414e-01 0.000000000000000000e+00 3.089328929928747414e-01 4.015001493506493713e-01 0.000000000000000000e+00 0.000000000000000000e+00 0.000000000000000000e+00 0.000000000000000000e+00 3.491046060123847994e-01 0.000000000000000000e+00 3.652852189116324588e-01 0.000000000000000000e+00 3.620472717398519058e-01 0.000000000000000000e+00 3.846847092583601246e-01 0.000000000000000000e+00 0.000000000000000000e+00 0.000000000000000000e+00 0.000000000000000000e+00 0.000000000000000000e+00 3.275768034883720925e-01 0.000000000000000000e+00 0.000000000000000000e+00 0.000000000000000000e+00 0.000000000000000000e+00 0.000000000000000000e+00 0.000000000000000000e+00 0.000000000000000000e+00 3.572996535433070608e-01 0.000000000000000000e+00 0.000000000000000000e+00 0.000000000000000000e+00 0.000000000000000000e+00 0.000000000000000000e+00 0.000000000000000000e+00 0.000000000000000000e+00 0.000000000000000000e+00 0.000000000000000000e+00 0.000000000000000000e+00 0.000000000000000000e+00 0.000000000000000000e+00 0.000000000000000000e+00
0.000000000000000000e+00 4.198906924173630983e-01 4.119995660247784963e-01 1.574049660561024355e-01 3.959986120965056089e-01 1.985063364329495428e-01 4.017944823529411291e-01 3.226520475070248639e-01 4.103524476418318190e-01 2.636627804645359507e-01 0.000000000000000000e+00 0.000000000000000000e+00 3.850693837209301362e-01 2.821388202052819705e-01 4.279153598900487521e-01 2.303618724529458428e-01 0.000000000000000000e+00 0.000000000000000000e+00 0.000000000000000000e+00 0.000000000000000000e+00 3.663117561177446357e-01 2.713812932294381031e-01 3.850313435253466254e-01 1.768733767588600292e-01 3.987434460592857444e-01 2.100175922743497681e-01 3.945695895871682013e-01 2.247333241554841099e-01 0.000000000000000000e+00 2.300685677537721296e-01 3.686273331296642808e-01 2.895198408977407434e-01 0.000000000000000000e+00 3.862563827503827651e-01 0.000000000000000000e+00 3.679618181818181677e-01 0.000000000000000000e+00 3.964265605962060124e-01 0.000000000000000000e+00 0.000000000000000000e+00 0.000000000000000000e+00 0.000000000000000000e+00 0.000000000000000000e+00 4.346081832069339512e-01 0.000000000000000000e+00 0.000000000000000000e+00 0.000000000000000000e+00 4.267815882555264229e-01 0.000000000000000000e+00 4.129881191528439466e-01 0.000000000000000000e+00 4.435849385964912295e-01 0.000000000000000000e+00 4.134681632523148354e-01 0.000000000000000000e+00 3.995778680555555074e-01 0.000000000000000000e+00 4.292301517241379205e-01 0.000000000000000000e+00 4.050203790849672969e-01 0.000000000000000000e+00 0.000000000000000000e+00 0.000000000000000000e+00 0.000000000000000000e+00 0.000000000000000000e+00 3.827629344262294953e-01 0.000000000000000000e+00 3.874550337215654783e-01 0.000000000000000000e+00 0.000000000000000000e+00 4.430774899462011085e-01 2.577113997796779410e-01 3.973276506024095434e-01 2.882963349480878734e-01 0.000000000000000000e+00 0.000000000000000000e+00 4.049611357142857138e-01 3.206411082121416456e-01 0.000000000000000000e+00 0.000000000000000000e+00 0.000000000000000000e+00 0.000000000000000000e+00 0.000000000000000000e+00 3.273482261020617123e-01 0.000000000000000000e+00 3.536583524326259997e-01 0.000000000000000000e+00 3.619600835391870719e-01 0.000000000000000000e+00 3.530937445678278275e-01 0.000000000000000000e+00 0.000000000000000000e+00 0.000000000000000000e+00 0.000000000000000000e+00 0.000000000000000000e+00 0.000000000000000000e+00 0.000000000000000000e+00 0.000000000000000000e+00 0.000000000000000000e+00 0.000000000000000000e+00 0.000000000000000000e+00 0.000000000000000000e+00 0.000000000000000000e+00 0.000000000000000000e+00 0.000000000000000000e+00 0.000000000000000000e+00 0.000000000000000000e+00 0.000000000000000000e+00 0.000000000000000000e+00 0.000000000000000000e+00 0.000000000000000000e+00 0.000000000000000000e+00 0.000000000000000000e+00 0.000000000000000000e+00 0.000000000000000000e+00 0.000000000000000000e+00
3.233564202627648432e-01 4.899748426725941686e-01 3.025695973885652590e-01 4.419382021299966823e-01 2.318539895863949707e-01 4.017944823529411291e-01 2.508033327305500548e-01 4.461053049030528905e-01 3.016690303780722449e-01 3.838983023155451701e-01 3.555759297298624610e-01 4.491546939104832936e-01 3.237394583673294246e-01 4.207365616508674799e-01 2.989629329156567872e-01 3.977035046755625913e-01 3.765346449380241878e-01 4.775797173295454612e-01 3.723588126092068351e-01 4.709991262427232206e-01 0.000000000000000000e+00 0.000000000000000000e+00 3.473698234607445756e-01 4.181968191636147303e-01 0.000000000000000000e+00 4.049465270270269923e-01 0.000000000000000000e+00 0.000000000000000000e+00 3.648556110642333095e-01 4.683851741199891450e-01 3.509046418202171891e-01 4.088486488574744060e-01 3.422432408019548400e-01 4.637168936868758529e-01 3.784625640347307196e-01 0.000000000000000000e+00 3.971713372498450467e-01 4.907006698113207110e-01 0.000000000000000000e+00 0.000000000000000000e+00 0.000000000000000000e+00 0.000000000000000000e+00 4.403167580645160895e-01 0.000000000000000000e+00 4.104379489597235753e-01 0.000000000000000000e+00 4.201924851449349574e-01 0.000000000000000000e+00 4.044098320793150236e-01 0.000000000000000000e+00 3.817437236067310891e-01 0.000000000000000000e+00 3.712748484299516760e-01 0.000000000000000000e+00 3.925633288357062711e-01 4.454890825396825571e-01 3.601021039548176206e-01 4.519767454373279092e-01 4.134194524770999912e-01 4.976722797202797199e-01 3.832488204338949100e-01 0.000000000000000000e+00 3.711963918650295624e-01 4.271298986486486982e-01 3.800304788039012838e-01 4.361355018338270995e-01 4.038083625705592428e-01 4.703828427761373998e-01 3.971722470588236464e-01 0.000000000000000000e+00 3.136312569718665011e-01 4.146142156721290828e-01 3.571972326557090738e-01 4.295332261525057760e-01 2.930097948717948486e-01 4.640359611152787833e-01 3.824640525807903035e-01 4.350869954549222984e-01 3.739234908081393027e-01 0.000000000000000000e+00 3.635607773895422334e-01 0.000000000000000000e+00 0.000000000000000000e+00 0.000000000000000000e+00 3.943551479799814463e-01 4.337481562499999610e-01 3.857230389610389332e-01 0.000000000000000000e+00 3.974472530604954978e-01 0.000000000000000000e+00 0.000000000000000000e+00 4.304214720496893909e-01 0.000000000000000000e+00 0.000000000000000000e+00 4.481367951807229133e-01 0.000000000000000000e+00 0.000000000000000000e+00 0.000000000000000000e+00 4.063806434782608612e-01 0.000000000000000000e+00 0.000000000000000000e+00 0.000000000000000000e+00 0.000000000000000000e+00 4.282703430232558950e-01 3.918604485981308505e-01 0.000000000000000000e+00 0.000000000000000000e+00 3.982063278688524610e-01 0.000000000000000000e+00 0.000000000000000000e+00 4.054989553571428651e-01 0.000000000000000000e+00 0.000000000000000000e+00 0.000000000000000000e+00 0.000000000000000000e+00 0.000000000000000000e+00
4.644594170319080173e-01 2.865502082128379979e-01 4.330304677686676595e-01 3.028632125906656203e-01 3.935285870563035582e-01 3.226520475070248639e-01 4.461053049030528905e-01 2.536394236453185513e-01 3.691628275879140775e-01 2.464480731276500469e-01 4.503042934031353806e-01 3.616626922942261513e-01 4.272182861452445968e-01 2.704474156364947701e-01 3.662027864882347883e-01 2.927775315660631206e-01 4.494819737199520771e-01 3.816158010785274945e-01 4.694774114371659257e-01 3.821504980321543954e-01 0.000000000000000000e+00 0.000000000000000000e+00 4.177898527065710965e-01 3.354983798126517369e-01 3.733573333333332633e-01 0.000000000000000000e+00 0.000000000000000000e+00 0.000000000000000000e+00 4.576673633235922023e-01 3.411085095602415240e-01 3.834196089730282919e-01 3.520153635422434424e-01 4.607495655729530459e-01 3.681952772824512721e-01 0.000000000000000000e+00 4.516591190476190731e-01 4.990800760101872235e-01 4.525793203817860544e-01 0.000000000000000000e+00 4.423211959287248751e-01 0.000000000000000000e+00 4.039668405184003164e-01 0.000000000000000000e+00 3.777622199999999819e-01 0.000000000000000000e+00 3.879067380933719500e-01 0.000000000000000000e+00 4.118071215351811754e-01 0.000000000000000000e+00 3.797117194544665231e-01 4.259156912751678181e-01 3.580821361528442326e-01 0.000000000000000000e+00 3.605443847599697493e-01 0.000000000000000000e+00 3.715246987294519299e-01 4.581730829678363204e-01 3.641383189047655011e-01 5.002296874999999643e-01 4.134270386889496440e-01 4.448250569812962074e-01 3.694935838268269546e-01 0.000000000000000000e+00 3.676520319453110419e-01 4.022427259259259147e-01 3.652456558756202454e-01 4.479437335829756228e-01 4.295220586167255439e-01 4.953084762535607810e-01 4.309582643085673737e-01 4.229977494928961468e-01 3.199976081975549613e-01 4.342867876920000203e-01 3.690732625445776738e-01 0.000000000000000000e+00 3.924404623626754907e-01 4.333971479254499770e-01 3.777468595243265170e-01 0.000000000000000000e+00 3.724222131147540971e-01 4.388534697986577471e-01 3.817805185755788200e-01 0.000000000000000000e+00 3.630214076956250202e-01 0.000000000000000000e+00 3.892833021504857882e-01 4.490023949579831641e-01 3.735300129870129937e-01 0.000000000000000000e+00 3.852107249017888702e-01 0.000000000000000000e+00 0.000000000000000000e+00 4.106403825503355809e-01 0.000000000000000000e+00 4.272623534369318632e-01 4.339571555555555848e-01 0.000000000000000000e+00 3.925820050842135367e-01 0.000000000000000000e+00 0.000000000000000000e+00 0.000000000000000000e+00 0.000000000000000000e+00 4.312518750116031141e-01 4.150822213728784238e-01 0.000000000000000000e+00 4.268823010752687552e-01 0.000000000000000000e+00 3.965265517241380322e-01 0.000000000000000000e+00 0.000000000000000000e+00 0.000000000000000000e+00 0.000000000000000000e+00 0.000000000000000000e+00 0.000000000000000000e+00 0.000000000000000000e+00 0.000000000000000000e+00
2.845639670329670468e-01 0.000000000000000000e+00 1.895698307312109754e-01 3.829931162957663782e-01 1.907133097150841283e-01 4.103524476418318190e-01 3.016690303780722449e-01 3.691628275879140775e-01 2.775376802995165870e-01 3.755045637020438809e-01 2.972988292682926526e-01 0.000000000000000000e+00 3.197216761889253300e-01 3.911275571965008857e-01 2.660443349482443653e-01 3.943064934327507598e-01 3.449930684248039836e-01 0.000000000000000000e+00 3.803017359745517467e-01 4.403056545454545612e-01 3.613933913043478330e-01 0.000000000000000000e+00 1.969391845893841697e-01 3.702805776077092159e-01 1.575390096185340927e-01 3.896062902279545659e-01 1.708316602840406762e-01 4.262800798876799080e-01 3.071002338491012340e-01 0.000000000000000000e+00 3.102562428216987245e-01 3.700323504586986445e-01 0.000000000000000000e+00 3.838888297872339317e-01 0.000000000000000000e+00 0.000000000000000000e+00 3.790453823529412181e-01 0.000000000000000000e+00 0.000000000000000000e+00 0.000000000000000000e+00 0.000000000000000000e+00 0.000000000000000000e+00 4.262689360080528789e-01 0.000000000000000000e+00 4.084884476308607848e-01 0.000000000000000000e+00 4.028259084514976829e-01 0.000000000000000000e+00 0.000000000000000000e+00 0.000000000000000000e+00 0.000000000000000000e+00 0.000000000000000000e+00 0.000000000000000000e+00 0.000000000000000000e+00 0.000000000000000000e+00 0.000000000000000000e+00 3.811760956521739740e-01 0.000000000000000000e+00 0.000000000000000000e+00 0.000000000000000000e+00 3.375231869158878406e-01 0.000000000000000000e+00 0.000000000000000000e+00 0.000000000000000000e+00 0.000000000000000000e+00 0.000000000000000000e+00 0.000000000000000000e+00 3.723824285714285587e-01 0.000000000000000000e+00 0.000000000000000000e+00 2.695337886069228972e-01 4.270713332664347051e-01 2.997568176277243257e-01 3.979454069767442426e-01 2.674930901102376968e-01 0.000000000000000000e+00 3.406294562203894261e-01 3.412722331381733420e-01 0.000000000000000000e+00 0.000000000000000000e+00 0.000000000000000000e+00 0.000000000000000000e+00 0.000000000000000000e+00 0.000000000000000000e+00 3.465636717207792317e-01 0.000000000000000000e+00 3.513930939625850569e-01 0.000000000000000000e+00 3.644251873737374137e-01 0.000000000000000000e+00 0.000000000000000000e+00 0.000000000000000000e+00 0.000000000000000000e+00 0.000000000000000000e+00 0.000000000000000000e+00 0.000000000000000000e+00 0.000000000000000000e+00 0.000000000000000000e+00 0.000000000000000000e+00 0.000000000000000000e+00 0.000000000000000000e+00 0.000000000000000000e+00 3.712665193798449503e-01 0.000000000000000000e+00 0.000000000000000000e+00 0.000000000000000000e+00 0.000000000000000000e+00 0.000000000000000000e+00 0.000000000000000000e+00 0.000000000000000000e+00 0.000000000000000000e+00 0.000000000000000000e+00 0.000000000000000000e+00 0.000000000000000000e+00 0.000000000000000000e+00 0.000000000000000000e+00
0.000000000000000000e+00 0.000000000000000000e+00 3.888561967751762438e-01 2.356673829407782139e-01 3.783941742874380454e-01 2.636627804645359507e-01 3.838983023155451701e-01 2.464480731276500469e-01 3.755045637020438809e-01 2.099306528023115181e-01 0.000000000000000000e+00 0.000000000000000000e+00 4.051718111959934920e-01 2.631470835890589721e-01 4.047359761429644154e-01 2.611874406888807232e-01 0.000000000000000000e+00 0.000000000000000000e+00 4.319312941176470799e-01 0.000000000000000000e+00 0.000000000000000000e+00 2.742511229838709430e-01 3.836333150531200387e-01 3.290086014782189205e-01 4.080726749999999958e-01 0.000000000000000000e+00 4.371297971014492800e-01 3.066464615384615344e-01 0.000000000000000000e+00 3.015670351846204689e-01 3.635618271993588668e-01 2.982704438815261261e-01 0.000000000000000000e+00 0.000000000000000000e+00 0.000000000000000000e+00 0.000000000000000000e+00 0.000000000000000000e+00 3.812755330751243510e-01 0.000000000000000000e+00 0.000000000000000000e+00 0.000000000000000000e+00 0.000000000000000000e+00 0.000000000000000000e+00 4.310772440944882211e-01 0.000000000000000000e+00 0.000000000000000000e+00 0.000000000000000000e+00 0.000000000000000000e+00 0.000000000000000000e+00 0.000000000000000000e+00 0.000000000000000000e+00 0.000000000000000000e+00 0.000000000000000000e+00 0.000000000000000000e+00 0.000000000000000000e+00 0.000000000000000000e+00 0.000000000000000000e+00 0.000000000000000000e+00 0.000000000000000000e+00 0.000000000000000000e+00 0.000000000000000000e+00 3.561536776859504094e-01 0.000000000000000000e+00 0.000000000000000000e+00 0.000000000000000000e+00 0.000000000000000000e+00 0.000000000000000000e+00 0.000000000000000000e+00 0.000000000000000000e+00 0.000000000000000000e+00 4.039599051383399031e-01 2.771280680605337499e-01 3.884341661918328525e-01 3.045014005866280016e-01 0.000000000000000000e+00 0.000000000000000000e+00 4.062213910714285170e-01 3.239325312149411995e-01 0.000000000000000000e+00 0.000000000000000000e+00 0.000000000000000000e+00 0.000000000000000000e+00 0.000000000000000000e+00 3.490483338825756121e-01 0.000000000000000000e+00 3.577119752597012203e-01 0.000000000000000000e+00 3.585026051535087355e-01 0.000000000000000000e+00 3.931798725010200446e-01 0.000000000000000000e+00 0.000000000000000000e+00 0.000000000000000000e+00 0.000000000000000000e+00 0.000000000000000000e+00 0.000000000000000000e+00 0.000000000000000000e+00 0.000000000000000000e+00 0.000000000000000000e+00 0.000000000000000000e+00 0.000000000000000000e+00 0.000000000000000000e+00 0.000000000000000000e+00 3.469817593984962367e-01 0.000000000000000000e+00 0.000000000000000000e+00 0.000000000000000000e+00 0.000000000000000000e+00 0.000000000000000000e+00 0.000000000000000000e+00 0.000000000000000000e+00 0.000000000000000000e+00 0.000000000000000000e+00 0.000000000000000000e+00 0.000000000000000000e+00 0.000000000000000000e+00
3.265076601900581688e-01 4.769953091919033605e-01 3.804232534478973471e-01 4.579310507883900816e-01 0.000000000000000000e+00 0.000000000000000000e+00 3.555759297298624610e-01 4.503042934031353806e-01 2.972988292682926526e-01 0.000000000000000000e+00 2.755724125158823812e-01 4.451732608092185406e-01 2.721458935112988087e-01 4.335640201177811126e-01 3.468341354166666335e-01 0.000000000000000000e+00 2.926787728006091660e-01 4.789255555555555488e-01 3.981339410463539674e-01 4.616609792183757888e-01 0.000000000000000000e+00 0.000000000000000000e+00 3.692889662811889018e-01 4.255800241769547299e-01 0.000000000000000000e+00 0.000000000000000000e+00 0.000000000000000000e+00 0.000000000000000000e+00 3.607823500357266178e-01 4.451491593651135115e-01 3.771487903023409971e-01 4.103238183914622583e-01 3.849709721881477420e-01 4.519222981495965574e-01 0.000000000000000000e+00 0.000000000000000000e+00 4.634567351531747037e-01 0.000000000000000000e+00 0.000000000000000000e+00 0.000000000000000000e+00 0.000000000000000000e+00 0.000000000000000000e+00 0.000000000000000000e+00 0.000000000000000000e+00 0.000000000000000000e+00 0.000000000000000000e+00 0.000000000000000000e+00 0.000000000000000000e+00 4.240987392293283920e-01 0.000000000000000000e+00 3.816697055626165902e-01 0.000000000000000000e+00 0.000000000000000000e+00 0.000000000000000000e+00 3.832372260273972930e-01 0.000000000000000000e+00 3.831005486479913680e-01 4.699729693194851787e-01 4.064910212479162510e-01 4.651367611940298019e-01 3.871056528375815819e-01 0.000000000000000000e+00 3.847061899246211891e-01 0.000000000000000000e+00 3.821823974358974363e-01 0.000000000000000000e+00 4.300257670027056722e-01 4.713451255502201231e-01 4.255177501762452685e-01 0.000000000000000000e+00 3.406762517750414609e-01 0.000000000000000000e+00 3.898054541049706945e-01 4.377855233165967586e-01 0.000000000000000000e+00 4.632359002312360641e-01 4.060216847340619162e-01 4.080091716218702813e-01 0.000000000000000000e+00 0.000000000000000000e+00 3.665333809796816333e-01 0.000000000000000000e+00 0.000000000000000000e+00 0.000000000000000000e+00 3.886317691620825299e-01 0.000000000000000000e+00 0.000000000000000000e+00 0.000000000000000000e+00 3.926216453687872976e-01 0.000000000000000000e+00 4.397582177419355198e-01 0.000000000000000000e+00 0.000000000000000000e+00 0.000000000000000000e+00 0.000000000000000000e+00 0.000000000000000000e+00 0.000000000000000000e+00 0.000000000000000000e+00 0.000000000000000000e+00 0.000000000000000000e+00 0.000000000000000000e+00 0.000000000000000000e+00 0.000000000000000000e+00 0.000000000000000000e+00 0.000000000000000000e+00 0.000000000000000000e+00 0.000000000000000000e+00 0.000000000000000000e+00 0.000000000000000000e+00 0.000000000000000000e+00 0.000000000000000000e+00 0.000000000000000000e+00 0.000000000000000000e+00 0.000000000000000000e+00 0.000000000000000000e+00 0.000000000000000000e+00
4.669374731893270458e-01 3.372042255975806757e-01 4.613953237769675142e-01 4.030490171004674216e-01 0.000000000000000000e+00 0.000000000000000000e+00 4.491546939104832936e-01 3.616626922942261513e-01 0.000000000000000000e+00 0.000000000000000000e+00 4.451732608092185406e-01 2.625461065754711720e-01 4.290911934023330931e-01 2.085511148236862122e-01 0.000000000000000000e+00 3.610254607771249402e-01 4.539841100423240294e-01 3.727444101848271241e-01 4.688484678578845877e-01 4.217599701040266047e-01 0.000000000000000000e+00 0.000000000000000000e+00 4.299926341638971028e-01 3.777340067493680786e-01 0.000000000000000000e+00 0.000000000000000000e+00 0.000000000000000000e+00 0.000000000000000000e+00 4.659046078467413143e-01 3.904584865468769816e-01 4.218573027544351706e-01 3.815127450058395930e-01 4.422111932028282011e-01 4.033265589539324902e-01 4.222159347826087150e-01 3.909806097439307848e-01 4.244167982456141242e-01 4.414081786316114697e-01 0.000000000000000000e+00 3.629041865671642220e-01 0.000000000000000000e+00 0.000000000000000000e+00 0.000000000000000000e+00 0.000000000000000000e+00 0.000000000000000000e+00 0.000000000000000000e+00 0.000000000000000000e+00 0.000000000000000000e+00 0.000000000000000000e+00 3.937401782828282570e-01 0.000000000000000000e+00 3.896829812736012921e-01 0.000000000000000000e+00 0.000000000000000000e+00 0.000000000000000000e+00 3.882978715549702531e-01 0.000000000000000000e+00 3.850966722369965622e-01 0.000000000000000000e+00 4.377599785061505600e-01 4.572159993315507709e-01 3.952267434428041182e-01 0.000000000000000000e+00 3.910159243823112529e-01 0.000000000000000000e+00 3.908241878144289583e-01 4.789570978748955987e-01 4.310875297349683333e-01 4.708858861788617345e-01 4.568512124999999924e-01 4.567987105571540973e-01 3.498260890814399726e-01 4.335879602012943645e-01 4.191299506122476703e-01 3.645144468085106393e-01 3.843560675004007443e-01 4.486141706614197866e-01 4.102623292789530640e-01 0.000000000000000000e+00 3.667935554327361736e-01 0.000000000000000000e+00 3.929629470128230828e-01 0.000000000000000000e+00 4.035463984962406325e-01 0.000000000000000000e+00 4.197747262235146382e-01 0.000000000000000000e+00 4.110003208955224085e-01 0.000000000000000000e+00 4.220241439344251111e-01 0.000000000000000000e+00 4.198780869283865180e-01 0.000000000000000000e+00 0.000000000000000000e+00 0.000000000000000000e+00 4.523089629629629682e-01 0.000000000000000000e+00 0.000000000000000000e+00 0.000000000000000000e+00 0.000000000000000000e+00 0.000000000000000000e+00 0.000000000000000000e+00 0.000000000000000000e+00 4.316469913043478046e-01 0.000000000000000000e+00 4.212518979609176095e-01 0.000000000000000000e+00 0.000000000000000000e+00 0.000000000000000000e+00 0.000000000000000000e+00 0.000000000000000000e+00 0.000000000000000000e+00 0.000000000000000000e+00 0.000000000000000000e+00 0.000000000000000000e+00 0.000000000000000000e+00
3.708480331207546499e-01 4.338328010387398348e-01 3.522778205384334838e-01 4.113366620911803051e-01 0.000000000000000000e+00 3.850693837209301362e-01 3.237394583673294246e-01 4.272182861452445968e-01 3.197216761889253300e-01 4.051718111959934920e-01 2.721458935112988087e-01 4.290911934023330931e-01 2.461819376947453342e-01 4.142244153858531397e-01 2.401855188381035733e-01 4.051358447745379010e-01 3.707684647617238705e-01 0.000000000000000000e+00 3.793676046291741266e-01 4.520011181237793552e-01 0.000000000000000000e+00 0.000000000000000000e+00 3.481652749002548397e-01 4.142633439133359685e-01 0.000000000000000000e+00 3.844516322621641113e-01 0.000000000000000000e+00 0.000000000000000000e+00 3.218994203603551263e-01 4.310373719214737331e-01 3.405045297834957685e-01 3.920893733600108733e-01 3.431745335455166357e-01 4.459522671169328656e-01 4.063435733486238655e-01 0.000000000000000000e+00 3.927002429550868756e-01 4.672331260504202777e-01 4.019291496062991631e-01 0.000000000000000000e+00 3.894560533333333296e-01 0.000000000000000000e+00 0.000000000000000000e+00 0.000000000000000000e+00 0.000000000000000000e+00 4.474130636942675321e-01 4.297965343479205891e-01 0.000000000000000000e+00 0.000000000000000000e+00 0.000000000000000000e+00 4.077799300869565657e-01 0.000000000000000000e+00 0.000000000000000000e+00 0.000000000000000000e+00 0.000000000000000000e+00 0.000000000000000000e+00 3.789845153984423565e-01 0.000000000000000000e+00 4.048743789409668392e-01 0.000000000000000000e+00 3.800980477317035811e-01 0.000000000000000000e+00 3.811015590736734904e-01 0.000000000000000000e+00 3.588645429271625220e-01 0.000000000000000000e+00 3.852277946703515088e-01 4.311223615384615626e-01 3.944616476648351577e-01 0.000000000000000000e+00 3.072646543017016341e-01 4.000726784943076653e-01 3.790191948877237871e-01 4.170900118116688260e-01 3.268229275000000267e-01 4.657707764705882325e-01 3.828355313810002380e-01 4.177217652297586792e-01 0.000000000000000000e+00 0.000000000000000000e+00 3.592296282953058584e-01 0.000000000000000000e+00 0.000000000000000000e+00 0.000000000000000000e+00 3.830455061038253728e-01 0.000000000000000000e+00 0.000000000000000000e+00 0.000000000000000000e+00 3.882217521450415654e-01 0.000000000000000000e+00 0.000000000000000000e+00 4.087334142011834204e-01 0.000000000000000000e+00 0.000000000000000000e+00 4.253530581058727056e-01 0.000000000000000000e+00 0.000000000000000000e+00 0.000000000000000000e+00 0.000000000000000000e+00 0.000000000000000000e+00 0.000000000000000000e+00 0.000000000000000000e+00 0.000000000000000000e+00 0.000000000000000000e+00 0.000000000000000000e+00 0.000000000000000000e+00 0.000000000000000000e+00 0.000000000000000000e+00 0.000000000000000000e+00 0.000000000000000000e+00 0.000000000000000000e+00 0.000000000000000000e+00 0.000000000000000000e+00 0.000000000000000000e+00 0.000000000000000000e+00 0.000000000000000000e+00
