3.017283252083804435e-01 4.891441585238653911e-01 3.547312403607533748e-01 4.937263409330506225e-01 3.942875394736842232e-01 0.000000000000000000e+00 3.047552213085447659e-01 4.760618788990281791e-01 3.683129069518097376e-01 0.000000000000000000e+00 3.072088138086825904e-01 4.600689308504335995e-01 3.127458223676084503e-01 0.000000000000000000e+00 3.827360137417602504e-01 0.000000000000000000e+00 3.661389350923393571e-01 4.764070458468247504e-01 3.952250133033595181e-01 4.992663448065084997e-01 0.000000000000000000e+00 0.000000000000000000e+00 4.058833376872509890e-01 4.433743553440631091e-01 0.000000000000000000e+00 0.000000000000000000e+00 0.000000000000000000e+00 0.000000000000000000e+00 4.068559154631766206e-01 0.000000000000000000e+00 4.020814127149056061e-01 4.315852598824447273e-01 3.926643001690271473e-01 4.933585459736699041e-01 4.858476030525030742e-01 0.000000000000000000e+00 4.818458267654302518e-01 0.000000000000000000e+00 4.556157412378339377e-01 0.000000000000000000e+00 4.286543179962084560e-01 0.000000000000000000e+00 4.630497866839043408e-01 4.797909147286821829e-01 4.437646135905723432e-01 4.990657726603643929e-01 0.000000000000000000e+00 0.000000000000000000e+00 4.316112196130989509e-01 0.000000000000000000e+00 4.154248656037740073e-01 4.638576018210815444e-01 4.002803115594660288e-01 0.000000000000000000e+00 4.270403083602579142e-01 0.000000000000000000e+00 3.157113737404154685e-01 4.883500641296565914e-01 4.196453653989429267e-01 4.973041252188060701e-01 4.045298581320969644e-01 0.000000000000000000e+00 3.866592468073398181e-01 0.000000000000000000e+00 4.082691523976688663e-01 0.000000000000000000e+00 4.278889673736943622e-01 4.911691314763733107e-01 3.599578108910838625e-01 5.019513910306599991e-01 3.523742732803400446e-01 4.719520285557406436e-01 3.728635918161127272e-01 4.632283024962891016e-01 0.000000000000000000e+00 0.000000000000000000e+00 3.941487297747489627e-01 4.488646475063938768e-01 3.777084411764705663e-01 0.000000000000000000e+00 3.315807868989583684e-01 0.000000000000000000e+00 0.000000000000000000e+00 0.000000000000000000e+00 4.123961432811330541e-01 0.000000000000000000e+00 3.999103676470588398e-01 0.000000000000000000e+00 4.175554857811643594e-01 0.000000000000000000e+00 4.233847694568563802e-01 0.000000000000000000e+00 4.409079445651570284e-01 0.000000000000000000e+00 4.314339961416973623e-01 4.332634131142137357e-01 0.000000000000000000e+00 0.000000000000000000e+00 0.000000000000000000e+00 0.000000000000000000e+00 4.280982991716745234e-01 4.343219333333332988e-01 4.134322976158861240e-01 0.000000000000000000e+00 4.498484458226836291e-01 0.000000000000000000e+00 0.000000000000000000e+00 0.000000000000000000e+00 0.000000000000000000e+00 3.547927209302325635e-01 0.000000000000000000e+00 0.000000000000000000e+00 0.000000000000000000e+00 4.565872039473683475e-01 0.000000000000000000e+00 0.000000000000000000e+00
4.891441585238653911e-01 3.179548041488031163e-01 4.830889728604822464e-01 3.380832528121470726e-01 0.000000000000000000e+00 3.693077750695197836e-01 4.814803952004629295e-01 3.169018188713553230e-01 0.000000000000000000e+00 3.549089498410804566e-01 4.667072716049383563e-01 3.159909588563032945e-01 0.000000000000000000e+00 3.510985318162270774e-01 0.000000000000000000e+00 3.794836726316490050e-01 4.895711588966686900e-01 3.621939686730754615e-01 5.121709568901349208e-01 4.078312322873396956e-01 0.000000000000000000e+00 0.000000000000000000e+00 4.693307861057012809e-01 3.787162686860806593e-01 0.000000000000000000e+00 3.803564359664606265e-01 0.000000000000000000e+00 0.000000000000000000e+00 4.685718054035584723e-01 4.091078585069668483e-01 4.346059376601613677e-01 4.003921647058822919e-01 5.173612857952636368e-01 4.855336293079796084e-01 4.694629655172413707e-01 4.529194004424778597e-01 5.307399803863827037e-01 4.855741590244401218e-01 0.000000000000000000e+00 5.274764076458923201e-01 0.000000000000000000e+00 3.640650760869564850e-01 0.000000000000000000e+00 4.296696143410853042e-01 5.217424800000000085e-01 4.281158951843153648e-01 0.000000000000000000e+00 4.764180030964444423e-01 5.411772795698924776e-01 4.104405370516101548e-01 4.769625351995565032e-01 4.023461878206081588e-01 0.000000000000000000e+00 0.000000000000000000e+00 0.000000000000000000e+00 4.081920463433297841e-01 4.839915515042603200e-01 3.544954113445820121e-01 4.922792030601023661e-01 4.263915456924990965e-01 5.178438252100839856e-01 4.127814834739044203e-01 0.000000000000000000e+00 4.088350612743882340e-01 0.000000000000000000e+00 4.071243761928928229e-01 5.041248506616883285e-01 4.169087428133679274e-01 5.223101275253837494e-01 3.366256555223229863e-01 4.742403384265066468e-01 3.792537855034913696e-01 4.622557421254788190e-01 3.856570413944451214e-01 0.000000000000000000e+00 0.000000000000000000e+00 4.699721545200897799e-01 3.977831828658156543e-01 0.000000000000000000e+00 0.000000000000000000e+00 5.179376277061116252e-01 3.984752730471785576e-01 0.000000000000000000e+00 3.793462788262370600e-01 0.000000000000000000e+00 4.109421109493184288e-01 0.000000000000000000e+00 3.863719298245614775e-01 0.000000000000000000e+00 4.131495049460927604e-01 4.158473077357425218e-01 4.587601981877230672e-01 4.163095267224384277e-01 4.356900224007452249e-01 4.345709419447619237e-01 4.282237251657941002e-01 0.000000000000000000e+00 4.808993536635707278e-01 4.538500682941005726e-01 4.806724212563016074e-01 0.000000000000000000e+00 4.599318337699718207e-01 4.244086776859503640e-01 4.587318557582289458e-01 4.803135827220077481e-01 4.386557739600108197e-01 0.000000000000000000e+00 0.000000000000000000e+00 0.000000000000000000e+00 0.000000000000000000e+00 0.000000000000000000e+00 4.655499147286821238e-01 0.000000000000000000e+00 0.000000000000000000e+00 4.593126783678367908e-01 0.000000000000000000e+00
3.547312403607533748e-01 4.830889728604822464e-01 2.718899839826841025e-01 4.636983271187428146e-01 2.314576657557353701e-01 4.795914495181533566e-01 2.869347703598851274e-01 4.628078983475410468e-01 3.217389807460872553e-01 4.314401660348777257e-01 3.777877108868612499e-01 4.585652433046026322e-01 3.568415402567099437e-01 4.652068987349820550e-01 3.605529686039994908e-01 4.751285422996333052e-01 3.912485790183820589e-01 4.986569000000000140e-01 3.308345899633833298e-01 4.982170112687014929e-01 4.529857333333333624e-01 0.000000000000000000e+00 2.755687277174426186e-01 4.566954580350697790e-01 3.389090298680563773e-01 4.122691121326536035e-01 3.469843296543298483e-01 0.000000000000000000e+00 3.607405995032015311e-01 4.593926124107339248e-01 3.999717061089381742e-01 4.515169440760901098e-01 4.141191828711733303e-01 4.963136943809443036e-01 0.000000000000000000e+00 0.000000000000000000e+00 4.440954725648401102e-01 5.034300410618793853e-01 4.214362104166666789e-01 0.000000000000000000e+00 4.022581716024440923e-01 0.000000000000000000e+00 4.346997208691837367e-01 0.000000000000000000e+00 4.486484551434350987e-01 0.000000000000000000e+00 4.526477964601770543e-01 0.000000000000000000e+00 4.406305788569206405e-01 4.341539276315790064e-01 4.086308100229584794e-01 4.495055495035461535e-01 0.000000000000000000e+00 0.000000000000000000e+00 4.154270650902371909e-01 0.000000000000000000e+00 4.035000898432652972e-01 0.000000000000000000e+00 4.315060749621522085e-01 5.067938584070796892e-01 4.088533691812253346e-01 0.000000000000000000e+00 3.931037380108088342e-01 4.260628282208588913e-01 3.868735860769143553e-01 4.759857588652481875e-01 4.386384027124361484e-01 4.892607588000371099e-01 4.156960539329308535e-01 4.932349757559358894e-01 3.573517170674621046e-01 4.769791241878856281e-01 3.650457346579714657e-01 4.611013110310571705e-01 0.000000000000000000e+00 0.000000000000000000e+00 3.919818401354613346e-01 4.545319441473161248e-01 0.000000000000000000e+00 0.000000000000000000e+00 3.867291673934292184e-01 0.000000000000000000e+00 4.002302365478686008e-01 0.000000000000000000e+00 3.976829977487177925e-01 4.308060384615384764e-01 0.000000000000000000e+00 0.000000000000000000e+00 3.924343352516551087e-01 0.000000000000000000e+00 4.069509765625000108e-01 4.096653425482078559e-01 4.221654215514409891e-01 4.235762975657830776e-01 4.253195444031158678e-01 4.373224723468061015e-01 0.000000000000000000e+00 0.000000000000000000e+00 0.000000000000000000e+00 0.000000000000000000e+00 4.284134447681704483e-01 0.000000000000000000e+00 4.072420166666666508e-01 4.112899999999999889e-01 4.456950243744574047e-01 4.127504575934958231e-01 0.000000000000000000e+00 0.000000000000000000e+00 0.000000000000000000e+00 0.000000000000000000e+00 0.000000000000000000e+00 0.000000000000000000e+00 4.100361448005231946e-01 0.000000000000000000e+00 4.160411507936506714e-01 0.000000000000000000e+00
4.937263409330506225e-01 3.380832528121470726e-01 4.636983271187428146e-01 2.695695510707815656e-01 4.442246631944444246e-01 2.610210268306590309e-01 4.656911368340546087e-01 2.843605121477026931e-01 4.647842598015223814e-01 3.499972012062548266e-01 4.628068992023842143e-01 3.792270549050049677e-01 4.482749446606762445e-01 3.535915990305732448e-01 4.307710130803458770e-01 3.510428266207997750e-01 4.656382609857666610e-01 4.123006161012808257e-01 4.977828457238289706e-01 3.435269534540631997e-01 0.000000000000000000e+00 0.000000000000000000e+00 4.629953765519675413e-01 2.526488309334953830e-01 4.512906598585380014e-01 2.465630789989305405e-01 4.862986764016310470e-01 3.491157248362856125e-01 4.537034296374419795e-01 3.730733667491151206e-01 4.272169950963787821e-01 3.935134111760969500e-01 5.105085548665788675e-01 4.136017528525891551e-01 4.862055402298851581e-01 0.000000000000000000e+00 4.881121889948286663e-01 4.463610894463270196e-01 0.000000000000000000e+00 5.177936486486486301e-01 0.000000000000000000e+00 4.265174461538461248e-01 0.000000000000000000e+00 4.374923482522437013e-01 0.000000000000000000e+00 4.447900997812000989e-01 0.000000000000000000e+00 4.318060198102015579e-01 4.878252617449665429e-01 4.249257912599088138e-01 4.485765365853658371e-01 4.152482811281456021e-01 0.000000000000000000e+00 4.124158392589075128e-01 0.000000000000000000e+00 4.237990377453287327e-01 4.853064464867548056e-01 4.115382738261068041e-01 4.954115333333334315e-01 4.236228589419779311e-01 4.583463498679130055e-01 4.276904707590507004e-01 0.000000000000000000e+00 4.346685114927925087e-01 4.171854715909091293e-01 4.087485579171343253e-01 5.005874313434848233e-01 4.386911531969744926e-01 5.046225167899908159e-01 4.271521766913842222e-01 4.572875787214341625e-01 3.772751318634484097e-01 4.441362890710040534e-01 3.768991201088108811e-01 0.000000000000000000e+00 3.604494897959183430e-01 4.491663988818254682e-01 3.952755338026501808e-01 0.000000000000000000e+00 0.000000000000000000e+00 4.084032630139778353e-01 3.879175014787145104e-01 0.000000000000000000e+00 3.617880544163464274e-01 4.554094480103163534e-01 3.966838264883493781e-01 0.000000000000000000e+00 4.101203757961783825e-01 4.241493342372995023e-01 4.118229900509157715e-01 0.000000000000000000e+00 4.230375964579720094e-01 0.000000000000000000e+00 4.407166371760557477e-01 4.371809704672951491e-01 4.158322795894398571e-01 0.000000000000000000e+00 4.474992273086654260e-01 0.000000000000000000e+00 4.301133658837175688e-01 0.000000000000000000e+00 4.378608018544454805e-01 4.609196567901234776e-01 4.318165583822701215e-01 4.858943662604519043e-01 4.242586295896781934e-01 0.000000000000000000e+00 0.000000000000000000e+00 0.000000000000000000e+00 0.000000000000000000e+00 0.000000000000000000e+00 0.000000000000000000e+00 4.147186336271186935e-01 0.000000000000000000e+00 0.000000000000000000e+00 0.000000000000000000e+00
3.942875394736842232e-01 0.000000000000000000e+00 2.314576657557353701e-01 4.442246631944444246e-01 2.180343287023166765e-01 4.527347213020156413e-01 2.949282630262998195e-01 0.000000000000000000e+00 2.571448125670331986e-01 4.953098270777536172e-01 0.000000000000000000e+00 0.000000000000000000e+00 3.357100818149086341e-01 0.000000000000000000e+00 3.041250188645796548e-01 0.000000000000000000e+00 0.000000000000000000e+00 0.000000000000000000e+00 3.636969485294117566e-01 0.000000000000000000e+00 3.429502031867022183e-01 0.000000000000000000e+00 2.069285009526061758e-01 4.827077968052910784e-01 1.996653937157302772e-01 4.465612173342517477e-01 2.434172739858570800e-01 0.000000000000000000e+00 3.810955446790977308e-01 0.000000000000000000e+00 4.045986134392551836e-01 4.459362208105193126e-01 3.719397030890804201e-01 0.000000000000000000e+00 0.000000000000000000e+00 0.000000000000000000e+00 4.177537605228758277e-01 0.000000000000000000e+00 0.000000000000000000e+00 0.000000000000000000e+00 4.228819473684209962e-01 0.000000000000000000e+00 0.000000000000000000e+00 0.000000000000000000e+00 4.055300435114503887e-01 0.000000000000000000e+00 4.573093049735685867e-01 0.000000000000000000e+00 3.813950848484848333e-01 0.000000000000000000e+00 4.104719272842057287e-01 0.000000000000000000e+00 0.000000000000000000e+00 0.000000000000000000e+00 3.620832857142857186e-01 0.000000000000000000e+00 4.190274736842105052e-01 0.000000000000000000e+00 3.982088978780599087e-01 0.000000000000000000e+00 3.984926093954256343e-01 0.000000000000000000e+00 0.000000000000000000e+00 0.000000000000000000e+00 3.952144887499999815e-01 0.000000000000000000e+00 4.092039677419355148e-01 0.000000000000000000e+00 0.000000000000000000e+00 0.000000000000000000e+00 3.879612231133519606e-01 5.144331178283808592e-01 3.667926502349319051e-01 5.023335543478260057e-01 3.571140975609756185e-01 0.000000000000000000e+00 3.944005276563171125e-01 4.499141111111111258e-01 0.000000000000000000e+00 0.000000000000000000e+00 4.204753158411360658e-01 0.000000000000000000e+00 3.840823185284640284e-01 0.000000000000000000e+00 4.189552973855938944e-01 0.000000000000000000e+00 3.403395740740740583e-01 0.000000000000000000e+00 4.293492303718146053e-01 0.000000000000000000e+00 0.000000000000000000e+00 0.000000000000000000e+00 0.000000000000000000e+00 0.000000000000000000e+00 4.251640232973943334e-01 4.302117857142856994e-01 0.000000000000000000e+00 0.000000000000000000e+00 0.000000000000000000e+00 0.000000000000000000e+00 0.000000000000000000e+00 0.000000000000000000e+00 0.000000000000000000e+00 0.000000000000000000e+00 0.000000000000000000e+00 0.000000000000000000e+00 0.000000000000000000e+00 0.000000000000000000e+00 0.000000000000000000e+00 0.000000000000000000e+00 0.000000000000000000e+00 0.000000000000000000e+00 0.000000000000000000e+00 0.000000000000000000e+00 0.000000000000000000e+00 0.000000000000000000e+00
0.000000000000000000e+00 3.693077750695197836e-01 4.795914495181533566e-01 2.610210268306590309e-01 4.527347213020156413e-01 2.000137344713177057e-01 4.553161573033707166e-01 2.883193536544387814e-01 4.694194981507822662e-01 2.132701990279338156e-01 0.000000000000000000e+00 3.545152084182373597e-01 0.000000000000000000e+00 3.069358085106382861e-01 5.268507125000000402e-01 2.603923834377899205e-01 0.000000000000000000e+00 0.000000000000000000e+00 4.120705047619047656e-01 3.490503496558277075e-01 4.617464363263866778e-01 2.747457862671700557e-01 4.498876845513329892e-01 3.293353053893597338e-01 4.485110912114990134e-01 2.676016765347378756e-01 4.756888789081645252e-01 2.655007665950167017e-01 0.000000000000000000e+00 3.244673520086301943e-01 4.278478772938071328e-01 3.579743625104602200e-01 4.297356571428571637e-01 3.902262200171557893e-01 0.000000000000000000e+00 0.000000000000000000e+00 0.000000000000000000e+00 0.000000000000000000e+00 0.000000000000000000e+00 0.000000000000000000e+00 0.000000000000000000e+00 3.012462079365079148e-01 0.000000000000000000e+00 0.000000000000000000e+00 0.000000000000000000e+00 4.144756926964717758e-01 0.000000000000000000e+00 0.000000000000000000e+00 0.000000000000000000e+00 4.108820314437335863e-01 0.000000000000000000e+00 3.757425679550062125e-01 0.000000000000000000e+00 0.000000000000000000e+00 0.000000000000000000e+00 0.000000000000000000e+00 0.000000000000000000e+00 4.232325073529411563e-01 0.000000000000000000e+00 4.034525166914044170e-01 0.000000000000000000e+00 0.000000000000000000e+00 0.000000000000000000e+00 0.000000000000000000e+00 4.395122562500000107e-01 0.000000000000000000e+00 0.000000000000000000e+00 4.142594666098717293e-01 0.000000000000000000e+00 0.000000000000000000e+00 4.101271206372549827e-01 3.668888836157829236e-01 4.190029560606061132e-01 3.566839765298275289e-01 0.000000000000000000e+00 0.000000000000000000e+00 4.685939256198347058e-01 3.605105857277221548e-01 0.000000000000000000e+00 0.000000000000000000e+00 0.000000000000000000e+00 0.000000000000000000e+00 0.000000000000000000e+00 3.462095787139689573e-01 0.000000000000000000e+00 4.329523012487646039e-01 0.000000000000000000e+00 0.000000000000000000e+00 0.000000000000000000e+00 4.077653501388123214e-01 0.000000000000000000e+00 0.000000000000000000e+00 0.000000000000000000e+00 4.324377245953116011e-01 0.000000000000000000e+00 3.780685863493312149e-01 0.000000000000000000e+00 0.000000000000000000e+00 0.000000000000000000e+00 0.000000000000000000e+00 0.000000000000000000e+00 3.816562031249999820e-01 3.953506423841059436e-01 0.000000000000000000e+00 0.000000000000000000e+00 0.000000000000000000e+00 0.000000000000000000e+00 0.000000000000000000e+00 0.000000000000000000e+00 0.000000000000000000e+00 0.000000000000000000e+00 0.000000000000000000e+00 0.000000000000000000e+00 0.000000000000000000e+00 0.000000000000000000e+00 0.000000000000000000e+00
3.047552213085447659e-01 4.814803952004629295e-01 2.869347703598851274e-01 4.656911368340546087e-01 2.949282630262998195e-01 4.553161573033707166e-01 2.643612573976856228e-01 4.552020083543977247e-01 3.011803550657827788e-01 4.369858841238030145e-01 3.026574411351113936e-01 4.623573292346969676e-01 2.925066727472586114e-01 4.502360923004447013e-01 3.208473999183357739e-01 4.323291888091822521e-01 3.736323776433347343e-01 4.772103270073992376e-01 3.612444513469301177e-01 4.787374622900963383e-01 0.000000000000000000e+00 0.000000000000000000e+00 3.544096127651074069e-01 4.626984109977675397e-01 3.416891594597083470e-01 4.356817086602283173e-01 3.218875357142857441e-01 0.000000000000000000e+00 3.509446071871092365e-01 4.615008927280761508e-01 3.856424181581510902e-01 4.473589656884111587e-01 4.042707089034094925e-01 4.834642495452065036e-01 0.000000000000000000e+00 4.439272934131736625e-01 4.145192595370372213e-01 0.000000000000000000e+00 4.089272932030585950e-01 0.000000000000000000e+00 4.036854129032258487e-01 0.000000000000000000e+00 4.296687148641966103e-01 0.000000000000000000e+00 4.322272340077684682e-01 5.223686749999999490e-01 0.000000000000000000e+00 0.000000000000000000e+00 4.070312927649210044e-01 0.000000000000000000e+00 3.921257270035720111e-01 4.449233730380730556e-01 3.949709719066828995e-01 0.000000000000000000e+00 3.923665431669097758e-01 0.000000000000000000e+00 3.941674623996613835e-01 0.000000000000000000e+00 4.092627451205317901e-01 4.890436981132075256e-01 3.988812145916045826e-01 4.578258510319479502e-01 3.791263896129183908e-01 0.000000000000000000e+00 3.862493389133248578e-01 4.665298920863309440e-01 4.258645622325324398e-01 4.877800161605875817e-01 4.130911782017106515e-01 0.000000000000000000e+00 3.289080187623979468e-01 4.816142318502892317e-01 3.507626784316099644e-01 4.630046691273944637e-01 0.000000000000000000e+00 0.000000000000000000e+00 3.837361774481045096e-01 4.593386767877406518e-01 0.000000000000000000e+00 0.000000000000000000e+00 3.914450581576625621e-01 0.000000000000000000e+00 3.669186950181968498e-01 0.000000000000000000e+00 3.948797173644018610e-01 0.000000000000000000e+00 0.000000000000000000e+00 0.000000000000000000e+00 3.995738094856285949e-01 0.000000000000000000e+00 4.306292988095237750e-01 4.124092594765914055e-01 4.065898070161884092e-01 4.388501338028169552e-01 4.233485711108763150e-01 4.282208747234313440e-01 0.000000000000000000e+00 0.000000000000000000e+00 0.000000000000000000e+00 4.045060041433240494e-01 4.293788582677166010e-01 0.000000000000000000e+00 4.038702988195000398e-01 4.594436888888888681e-01 4.326054248469523023e-01 4.433824313725489574e-01 0.000000000000000000e+00 0.000000000000000000e+00 0.000000000000000000e+00 0.000000000000000000e+00 0.000000000000000000e+00 0.000000000000000000e+00 0.000000000000000000e+00 4.199537391304347111e-01 0.000000000000000000e+00 0.000000000000000000e+00
4.760618788990281791e-01 3.169018188713553230e-01 4.628078983475410468e-01 2.843605121477026931e-01 0.000000000000000000e+00 2.883193536544387814e-01 4.552020083543977247e-01 2.635042313042308404e-01 4.529192736676017628e-01 2.802052919132714259e-01 4.523788367095101237e-01 3.237693208035495873e-01 4.435670071961197447e-01 2.913914934282809677e-01 4.265684163727279099e-01 3.014869326973587116e-01 4.366501849590679329e-01 3.731271392424377886e-01 4.804179721864942909e-01 3.873776996528984773e-01 0.000000000000000000e+00 0.000000000000000000e+00 4.631139612964541574e-01 3.399203088410190365e-01 4.411253060429918271e-01 3.169610564022720123e-01 0.000000000000000000e+00 3.330703555555555861e-01 4.491579594762384331e-01 3.545949593932044563e-01 4.347616168827689864e-01 3.826473810926527830e-01 4.804072136377052216e-01 4.049739993430647722e-01 0.000000000000000000e+00 4.313702647058823558e-01 0.000000000000000000e+00 4.307069692496858226e-01 0.000000000000000000e+00 4.383188352941176369e-01 0.000000000000000000e+00 0.000000000000000000e+00 4.455604525547445793e-01 4.018711437740692949e-01 0.000000000000000000e+00 4.307287872494501846e-01 0.000000000000000000e+00 4.657216183292282596e-01 4.891697862595419943e-01 3.923267035134876402e-01 4.978761901840490500e-01 3.849442899759115133e-01 0.000000000000000000e+00 4.207221220779220894e-01 0.000000000000000000e+00 3.936225679115931131e-01 4.644272349558760671e-01 4.045614277377008738e-01 4.729544104477611532e-01 4.145500648685990774e-01 4.179703046357615692e-01 4.141583906386251401e-01 0.000000000000000000e+00 4.122059213188402627e-01 4.407490919959473064e-01 3.913268314262491887e-01 4.646802917036895741e-01 4.348413723486775351e-01 4.957914677071355025e-01 4.125606773399015381e-01 4.638067212258270566e-01 3.397681635232547293e-01 4.409249578561803551e-01 3.636064614743364509e-01 0.000000000000000000e+00 3.449290047514619872e-01 4.558920482242717065e-01 3.829348824494642201e-01 0.000000000000000000e+00 0.000000000000000000e+00 4.392839868425983951e-01 3.892361045274019271e-01 0.000000000000000000e+00 3.729466794685991071e-01 4.004313569160998232e-01 3.917149170147269377e-01 0.000000000000000000e+00 0.000000000000000000e+00 4.151563064292321803e-01 3.928151305821680483e-01 0.000000000000000000e+00 4.146836580213116852e-01 0.000000000000000000e+00 4.165665389737250868e-01 4.482355801218489422e-01 4.276325444754619509e-01 0.000000000000000000e+00 0.000000000000000000e+00 0.000000000000000000e+00 0.000000000000000000e+00 0.000000000000000000e+00 4.184301385025063214e-01 4.230930227272727273e-01 4.266886837033800894e-01 0.000000000000000000e+00 4.224123407231258343e-01 0.000000000000000000e+00 0.000000000000000000e+00 0.000000000000000000e+00 0.000000000000000000e+00 0.000000000000000000e+00 4.351582222222220575e-01 4.132785454545454540e-01 0.000000000000000000e+00 0.000000000000000000e+00 0.000000000000000000e+00
3.683129069518097376e-01 0.000000000000000000e+00 3.217389807460872553e-01 4.647842598015223814e-01 2.571448125670331986e-01 4.694194981507822662e-01 3.011803550657827788e-01 4.529192736676017628e-01 2.397735582153757428e-01 4.270873644818064530e-01 3.882194403467451593e-01 0.000000000000000000e+00 2.965317661383982673e-01 4.798332298850574995e-01 3.214739619788741232e-01 4.733101190548780757e-01 3.986874623655913830e-01 0.000000000000000000e+00 3.890929438885970537e-01 0.000000000000000000e+00 3.705894090909090943e-01 0.000000000000000000e+00 3.617279161493145434e-01 4.315971154089116579e-01 3.464620510460750258e-01 4.607589659132649840e-01 2.222821779395270370e-01 4.457583870967742334e-01 3.729540130234117457e-01 0.000000000000000000e+00 3.735364146722070511e-01 4.310100011327985259e-01 3.774927714285714608e-01 0.000000000000000000e+00 0.000000000000000000e+00 0.000000000000000000e+00 0.000000000000000000e+00 0.000000000000000000e+00 0.000000000000000000e+00 0.000000000000000000e+00 0.000000000000000000e+00 0.000000000000000000e+00 4.087465674157303441e-01 0.000000000000000000e+00 0.000000000000000000e+00 0.000000000000000000e+00 4.544270872483222590e-01 0.000000000000000000e+00 0.000000000000000000e+00 0.000000000000000000e+00 3.916172838491027708e-01 0.000000000000000000e+00 0.000000000000000000e+00 0.000000000000000000e+00 0.000000000000000000e+00 0.000000000000000000e+00 4.133373790368118361e-01 0.000000000000000000e+00 4.059058590431248170e-01 0.000000000000000000e+00 4.020955741293891217e-01 0.000000000000000000e+00 3.643282404084083326e-01 0.000000000000000000e+00 3.923718065664734689e-01 0.000000000000000000e+00 0.000000000000000000e+00 0.000000000000000000e+00 0.000000000000000000e+00 0.000000000000000000e+00 3.776065570981045894e-01 0.000000000000000000e+00 3.830925400675050940e-01 4.190180181818182192e-01 3.291278888888888865e-01 0.000000000000000000e+00 3.901158675583884516e-01 0.000000000000000000e+00 0.000000000000000000e+00 0.000000000000000000e+00 3.832159033000099302e-01 0.000000000000000000e+00 3.353060694444444101e-01 0.000000000000000000e+00 4.000615763896265831e-01 0.000000000000000000e+00 3.823840378085265890e-01 0.000000000000000000e+00 3.975807519465617279e-01 0.000000000000000000e+00 0.000000000000000000e+00 0.000000000000000000e+00 0.000000000000000000e+00 0.000000000000000000e+00 4.132426034831460093e-01 0.000000000000000000e+00 0.000000000000000000e+00 0.000000000000000000e+00 0.000000000000000000e+00 0.000000000000000000e+00 0.000000000000000000e+00 0.000000000000000000e+00 0.000000000000000000e+00 0.000000000000000000e+00 0.000000000000000000e+00 0.000000000000000000e+00 0.000000000000000000e+00 0.000000000000000000e+00 0.000000000000000000e+00 0.000000000000000000e+00 0.000000000000000000e+00 0.000000000000000000e+00 0.000000000000000000e+00 0.000000000000000000e+00 0.000000000000000000e+00 0.000000000000000000e+00
0.000000000000000000e+00 3.549089498410804566e-01 4.314401660348777257e-01 3.499972012062548266e-01 4.953098270777536172e-01 2.132701990279338156e-01 4.369858841238030145e-01 2.802052919132714259e-01 4.270873644818064530e-01 2.511078212088571626e-01 3.933000701754386097e-01 3.761570541809516888e-01 4.351024155957944339e-01 3.013522268466561904e-01 0.000000000000000000e+00 2.635085405024358285e-01 4.710077384615384832e-01 3.815885769230770164e-01 4.147169062500000725e-01 3.821872757332642201e-01 4.703381162280702021e-01 3.438250499999999654e-01 4.447420648442676483e-01 3.686850829657340456e-01 4.305250906174741821e-01 3.156965698166586121e-01 0.000000000000000000e+00 2.454245799821268836e-01 4.102773918918918850e-01 3.519400788140922276e-01 4.183838635540810258e-01 3.766270309523809257e-01 4.409458161539845378e-01 3.775508529411764624e-01 0.000000000000000000e+00 0.000000000000000000e+00 0.000000000000000000e+00 3.862423500000000676e-01 0.000000000000000000e+00 0.000000000000000000e+00 0.000000000000000000e+00 3.651997685950412742e-01 0.000000000000000000e+00 0.000000000000000000e+00 0.000000000000000000e+00 4.545143333333332980e-01 0.000000000000000000e+00 4.356016732237809053e-01 0.000000000000000000e+00 3.676140642424651217e-01 0.000000000000000000e+00 3.656008481363194340e-01 0.000000000000000000e+00 0.000000000000000000e+00 0.000000000000000000e+00 3.816397531645570051e-01 0.000000000000000000e+00 4.082415257436517453e-01 0.000000000000000000e+00 3.870100994257478222e-01 0.000000000000000000e+00 3.910503333333333331e-01 0.000000000000000000e+00 4.267878288288288746e-01 0.000000000000000000e+00 4.202035942887903386e-01 0.000000000000000000e+00 4.101994930676886031e-01 0.000000000000000000e+00 0.000000000000000000e+00 3.356996027397260440e-01 3.518740365150291316e-01 4.573566349200738901e-01 3.755135098807207417e-01 0.000000000000000000e+00 0.000000000000000000e+00 4.486454128587555323e-01 3.667471700287285863e-01 0.000000000000000000e+00 0.000000000000000000e+00 0.000000000000000000e+00 3.840514373012528515e-01 0.000000000000000000e+00 3.255559209622163608e-01 0.000000000000000000e+00 4.256130696660540558e-01 0.000000000000000000e+00 4.102030958904109292e-01 0.000000000000000000e+00 3.778512200380468866e-01 0.000000000000000000e+00 3.636370160000000351e-01 0.000000000000000000e+00 3.900667805142234434e-01 3.735767226890756021e-01 4.045679202434574462e-01 0.000000000000000000e+00 0.000000000000000000e+00 0.000000000000000000e+00 3.224995867768594704e-01 0.000000000000000000e+00 0.000000000000000000e+00 0.000000000000000000e+00 4.185161417803697770e-01 0.000000000000000000e+00 3.993586613030880583e-01 0.000000000000000000e+00 0.000000000000000000e+00 0.000000000000000000e+00 0.000000000000000000e+00 0.000000000000000000e+00 3.635493191489361231e-01 3.738272619047619538e-01 0.000000000000000000e+00 0.000000000000000000e+00 0.000000000000000000e+00
3.072088138086825904e-01 4.667072716049383563e-01 3.777877108868612499e-01 4.628068992023842143e-01 0.000000000000000000e+00 0.000000000000000000e+00 3.026574411351113936e-01 4.523788367095101237e-01 3.882194403467451593e-01 3.933000701754386097e-01 2.878203735528990226e-01 4.683726188139514801e-01 3.020846080539066336e-01 4.587244314536341183e-01 3.561535410740173657e-01 0.000000000000000000e+00 3.726918193007839886e-01 4.303187023809524892e-01 4.063967593338294049e-01 4.772205068086293189e-01 0.000000000000000000e+00 0.000000000000000000e+00 3.917951854075794604e-01 4.581551407959048028e-01 0.000000000000000000e+00 0.000000000000000000e+00 0.000000000000000000e+00 0.000000000000000000e+00 3.697192384731383674e-01 4.608695125820472249e-01 3.992031953963182667e-01 4.337758001310854650e-01 4.316745847466210706e-01 4.696736491986264750e-01 4.633746210526316078e-01 0.000000000000000000e+00 4.131189105691057128e-01 0.000000000000000000e+00 0.000000000000000000e+00 0.000000000000000000e+00 4.492857272727272533e-01 0.000000000000000000e+00 4.353375370370369812e-01 0.000000000000000000e+00 4.411368606795177949e-01 0.000000000000000000e+00 0.000000000000000000e+00 0.000000000000000000e+00 4.014769915062831873e-01 0.000000000000000000e+00 4.024925035953799135e-01 0.000000000000000000e+00 0.000000000000000000e+00 0.000000000000000000e+00 4.312276829372374554e-01 0.000000000000000000e+00 3.974975077266112988e-01 0.000000000000000000e+00 4.263029937396952129e-01 0.000000000000000000e+00 4.241854749146219961e-01 4.876572519083968715e-01 4.020901744802909961e-01 0.000000000000000000e+00 4.253013268647917733e-01 0.000000000000000000e+00 4.418871021771670349e-01 4.811619530379480647e-01 4.347001762338391639e-01 0.000000000000000000e+00 3.615283955776051883e-01 4.690598133786227364e-01 3.879544443096972772e-01 4.536601923076922782e-01 0.000000000000000000e+00 0.000000000000000000e+00 3.930278659476271752e-01 4.328772495894642747e-01 0.000000000000000000e+00 0.000000000000000000e+00 3.670183783220955509e-01 0.000000000000000000e+00 4.356166376811593799e-01 0.000000000000000000e+00 4.055073047448533585e-01 0.000000000000000000e+00 0.000000000000000000e+00 0.000000000000000000e+00 4.112659237554425196e-01 0.000000000000000000e+00 0.000000000000000000e+00 0.000000000000000000e+00 0.000000000000000000e+00 0.000000000000000000e+00 0.000000000000000000e+00 0.000000000000000000e+00 0.000000000000000000e+00 0.000000000000000000e+00 0.000000000000000000e+00 0.000000000000000000e+00 0.000000000000000000e+00 0.000000000000000000e+00 0.000000000000000000e+00 0.000000000000000000e+00 0.000000000000000000e+00 0.000000000000000000e+00 0.000000000000000000e+00 0.000000000000000000e+00 0.000000000000000000e+00 0.000000000000000000e+00 0.000000000000000000e+00 0.000000000000000000e+00 0.000000000000000000e+00 0.000000000000000000e+00 0.000000000000000000e+00 0.000000000000000000e+00
4.600689308504335995e-01 3.159909588563032945e-01 4.585652433046026322e-01 3.792270549050049677e-01 0.000000000000000000e+00 3.545152084182373597e-01 4.623573292346969676e-01 3.237693208035495873e-01 0.000000000000000000e+00 3.761570541809516888e-01 4.683726188139514801e-01 2.813872963339301703e-01 4.400692364052614103e-01 2.996590264411685967e-01 0.000000000000000000e+00 3.442450697255273195e-01 4.567338313253011539e-01 2.976751005380342541e-01 4.794814701788691069e-01 4.111120365630571150e-01 0.000000000000000000e+00 0.000000000000000000e+00 4.561696178976367699e-01 3.806035034359787628e-01 0.000000000000000000e+00 0.000000000000000000e+00 0.000000000000000000e+00 0.000000000000000000e+00 4.498436362549151912e-01 3.748255667691819393e-01 4.158190194150782615e-01 4.128249430794430630e-01 4.803302854133623123e-01 4.072038124312036267e-01 0.000000000000000000e+00 0.000000000000000000e+00 0.000000000000000000e+00 4.452059796601178787e-01 0.000000000000000000e+00 0.000000000000000000e+00 0.000000000000000000e+00 0.000000000000000000e+00 0.000000000000000000e+00 0.000000000000000000e+00 0.000000000000000000e+00 4.278384676420454724e-01 0.000000000000000000e+00 0.000000000000000000e+00 4.931730519480519437e-01 4.329303767427069016e-01 4.048409319727891420e-01 4.105370823257319945e-01 0.000000000000000000e+00 0.000000000000000000e+00 0.000000000000000000e+00 4.443973677096005326e-01 4.733228735632183937e-01 4.169198579445775321e-01 5.113486929824561100e-01 4.311904024074554864e-01 0.000000000000000000e+00 4.319476092793942956e-01 0.000000000000000000e+00 4.240040191556295746e-01 0.000000000000000000e+00 4.347221876327473367e-01 5.006422472454642447e-01 4.471923896978521884e-01 0.000000000000000000e+00 4.265227301587301567e-01 4.537872325581395749e-01 3.609683059773695080e-01 4.420557194538857204e-01 3.764159735899039183e-01 0.000000000000000000e+00 3.238776800000000011e-01 4.591260736416837851e-01 3.879175014681319755e-01 0.000000000000000000e+00 0.000000000000000000e+00 0.000000000000000000e+00 4.229866809565894226e-01 0.000000000000000000e+00 0.000000000000000000e+00 4.635532784810127427e-01 4.390485673088119767e-01 0.000000000000000000e+00 0.000000000000000000e+00 0.000000000000000000e+00 4.420418833198298536e-01 0.000000000000000000e+00 0.000000000000000000e+00 0.000000000000000000e+00 3.995594201680672808e-01 0.000000000000000000e+00 4.392427968595131182e-01 0.000000000000000000e+00 0.000000000000000000e+00 0.000000000000000000e+00 4.317281749999999363e-01 0.000000000000000000e+00 0.000000000000000000e+00 0.000000000000000000e+00 0.000000000000000000e+00 0.000000000000000000e+00 4.524751318681318746e-01 0.000000000000000000e+00 0.000000000000000000e+00 0.000000000000000000e+00 0.000000000000000000e+00 0.000000000000000000e+00 0.000000000000000000e+00 0.000000000000000000e+00 0.000000000000000000e+00 0.000000000000000000e+00 0.000000000000000000e+00
3.127458223676084503e-01 0.000000000000000000e+00 3.568415402567099437e-01 4.482749446606762445e-01 3.357100818149086341e-01 0.000000000000000000e+00 2.925066727472586114e-01 4.435670071961197447e-01 2.965317661383982673e-01 4.351024155957944339e-01 3.020846080539066336e-01 4.400692364052614103e-01 2.720480900879244657e-01 4.403476137263750978e-01 2.958961844469251146e-01 4.221550072537288978e-01 4.071570373469763360e-01 0.000000000000000000e+00 3.892893308374338335e-01 4.623656525218046154e-01 0.000000000000000000e+00 0.000000000000000000e+00 3.707679485800334795e-01 4.393879018964572114e-01 3.748931702380952635e-01 3.956401172482538198e-01 0.000000000000000000e+00 0.000000000000000000e+00 3.491067760326256875e-01 4.579998479403262768e-01 3.611802432688084319e-01 4.418333713659963746e-01 4.127834036862472189e-01 4.840284976196274624e-01 4.642303036440991182e-01 0.000000000000000000e+00 4.219171334294987696e-01 4.846747333333333296e-01 3.716604298245614335e-01 0.000000000000000000e+00 0.000000000000000000e+00 0.000000000000000000e+00 4.743601724137930797e-01 0.000000000000000000e+00 4.320943250610905229e-01 0.000000000000000000e+00 4.585716433566433547e-01 0.000000000000000000e+00 0.000000000000000000e+00 0.000000000000000000e+00 4.068090491491820337e-01 0.000000000000000000e+00 0.000000000000000000e+00 0.000000000000000000e+00 0.000000000000000000e+00 0.000000000000000000e+00 3.988347812548702076e-01 0.000000000000000000e+00 4.125938321451654844e-01 0.000000000000000000e+00 4.151695804832901682e-01 0.000000000000000000e+00 3.890829416797523810e-01 0.000000000000000000e+00 4.094569938398946451e-01 0.000000000000000000e+00 4.297535150524263159e-01 0.000000000000000000e+00 3.564707692307692577e-01 0.000000000000000000e+00 3.255794806502960714e-01 4.719320444662074565e-01 3.732061141218825373e-01 4.472846173836304007e-01 0.000000000000000000e+00 4.612368076923076265e-01 3.895315925030908288e-01 4.498927985182100131e-01 4.067921463414633787e-01 0.000000000000000000e+00 3.930473398995383838e-01 0.000000000000000000e+00 3.362012186868687524e-01 0.000000000000000000e+00 4.041610281733943877e-01 4.429973594771242085e-01 0.000000000000000000e+00 0.000000000000000000e+00 4.185769481570890127e-01 0.000000000000000000e+00 0.000000000000000000e+00 0.000000000000000000e+00 0.000000000000000000e+00 0.000000000000000000e+00 4.176620714285714242e-01 0.000000000000000000e+00 0.000000000000000000e+00 0.000000000000000000e+00 0.000000000000000000e+00 0.000000000000000000e+00 0.000000000000000000e+00 0.000000000000000000e+00 0.000000000000000000e+00 4.704100946745561340e-01 4.464538974358974732e-01 0.000000000000000000e+00 0.000000000000000000e+00 0.000000000000000000e+00 0.000000000000000000e+00 0.000000000000000000e+00 0.000000000000000000e+00 0.000000000000000000e+00 0.000000000000000000e+00 0.000000000000000000e+00 0.000000000000000000e+00 0.000000000000000000e+00
