0.000000000000000000e+00 2.327179890023566358e-02 5.960430753819183358e-02 5.746375865221365654e-03 2.855329949238578566e-03 0.000000000000000000e+00 9.344569288389513451e-02 2.773540424351684987e-03 0.000000000000000000e+00 0.000000000000000000e+00 1.832309360318034042e-01 6.327111673521037399e-04 4.919028340080972006e-02 0.000000000000000000e+00 0.000000000000000000e+00 0.000000000000000000e+00 1.678917965304322357e-01 1.066856330014224856e-03 6.826855123674911707e-02 2.402294729293653550e-02 0.000000000000000000e+00 0.000000000000000000e+00 6.400682739492212026e-04 3.589375448671931214e-04 1.069518716577540132e-03 0.000000000000000000e+00 0.000000000000000000e+00 0.000000000000000000e+00 3.401585204755614572e-02 2.470966147763775721e-04 0.000000000000000000e+00 2.836074872376630955e-04 2.309113300492610793e-02 2.232048852389976676e-02 0.000000000000000000e+00 0.000000000000000000e+00 1.030130293159609162e-01 5.232862375719518882e-04 0.000000000000000000e+00 1.106194690265486710e-03 0.000000000000000000e+00 0.000000000000000000e+00 0.000000000000000000e+00 0.000000000000000000e+00 1.578531965272296760e-03 0.000000000000000000e+00 0.000000000000000000e+00 0.000000000000000000e+00 7.276507276507276911e-03 0.000000000000000000e+00 1.022340022718667106e-02 7.640003056001223056e-05 9.881422924901185102e-04 0.000000000000000000e+00 4.591836734693877965e-03 0.000000000000000000e+00 2.195068251871422349e-01 1.522263097805404012e-03 3.415749606974417818e-02 1.444460494005488972e-04 7.311866215975805494e-02 0.000000000000000000e+00 9.951219512195122116e-03 0.000000000000000000e+00 4.208416833667334711e-02 4.057892601109157576e-04 1.159084323384526258e-02 1.155219491703423718e-03 1.437922297297297425e-01 1.394230769230769308e-02 9.867424242424242820e-02 5.489478499542543724e-04 6.182198405437197564e-02 2.074043347505963048e-03 1.842105263157894565e-02 7.971303308090873238e-04 5.369637967751749591e-02 1.473622163277335615e-03 1.488095238095238013e-03 0.000000000000000000e+00 5.743740795287187451e-03 0.000000000000000000e+00 0.000000000000000000e+00 0.000000000000000000e+00 2.066772655007948975e-02 0.000000000000000000e+00 1.342281879194630800e-03 0.000000000000000000e+00 1.488649050986230044e-02 0.000000000000000000e+00 3.266194882961349910e-03 3.490401396160558640e-04 0.000000000000000000e+00 0.000000000000000000e+00 8.235294117647058709e-02 0.000000000000000000e+00 3.236245954692556787e-03 1.675977653631284883e-02 5.787037037037036716e-03 0.000000000000000000e+00 0.000000000000000000e+00 0.000000000000000000e+00 9.014423076923077423e-04 2.719238613188307437e-04 4.155647903286739837e-03 0.000000000000000000e+00 0.000000000000000000e+00 0.000000000000000000e+00 0.000000000000000000e+00 0.000000000000000000e+00 1.792114695340501791e-03 0.000000000000000000e+00 0.000000000000000000e+00 0.000000000000000000e+00 0.000000000000000000e+00 0.000000000000000000e+00
2.327179890023566358e-02 0.000000000000000000e+00 3.130478337089907543e-03 6.125114274520047225e-02 0.000000000000000000e+00 8.156606851549755679e-04 7.490636704119850485e-04 1.788933573706836810e-01 0.000000000000000000e+00 2.457002457002456942e-03 1.084206722081676889e-03 1.834862385321101019e-02 2.024291497975708415e-04 8.563899868247694044e-03 0.000000000000000000e+00 2.737226277372262900e-03 1.764187003822405243e-03 6.418918918918918581e-02 2.699646643109540611e-02 1.049360583243695438e-01 0.000000000000000000e+00 0.000000000000000000e+00 2.133560913164070946e-04 0.000000000000000000e+00 0.000000000000000000e+00 0.000000000000000000e+00 0.000000000000000000e+00 8.470986869970351194e-04 3.302509907529722617e-04 3.236965653570546275e-02 0.000000000000000000e+00 2.836074872376630955e-04 1.123768472906403956e-02 2.453148031164455525e-02 0.000000000000000000e+00 3.897116134060795074e-04 3.664495114006514551e-03 8.398744113029826819e-02 0.000000000000000000e+00 5.752212389380530894e-02 0.000000000000000000e+00 0.000000000000000000e+00 0.000000000000000000e+00 0.000000000000000000e+00 0.000000000000000000e+00 8.037508372404554525e-04 0.000000000000000000e+00 0.000000000000000000e+00 0.000000000000000000e+00 3.275653350423698637e-03 0.000000000000000000e+00 4.202001680800672261e-03 0.000000000000000000e+00 7.755946225439503110e-04 0.000000000000000000e+00 7.149666348903717600e-04 4.403346543372963309e-04 2.005581631358619721e-01 4.287551807917679061e-04 3.697818864654051768e-02 1.779042874933285917e-04 7.041699449252557252e-02 0.000000000000000000e+00 2.290076335877862593e-02 0.000000000000000000e+00 3.963208440416610134e-02 1.062493963102482388e-03 1.060701533291325341e-02 1.351351351351351426e-02 2.098557692307692346e-01 1.893939393939393938e-04 1.127172918572735549e-01 1.960528035550908581e-03 7.062117598257804107e-02 5.263157894736841987e-04 5.340773216420884734e-02 1.673258290234256066e-03 7.589154140878279220e-02 0.000000000000000000e+00 0.000000000000000000e+00 0.000000000000000000e+00 3.450825733300468337e-03 0.000000000000000000e+00 0.000000000000000000e+00 0.000000000000000000e+00 8.542538354253835162e-03 0.000000000000000000e+00 0.000000000000000000e+00 0.000000000000000000e+00 3.153952296471515971e-03 1.633097441480674955e-03 9.075043630017452789e-03 0.000000000000000000e+00 0.000000000000000000e+00 0.000000000000000000e+00 0.000000000000000000e+00 1.618122977346278394e-03 5.027932960893854997e-02 3.472222222222222029e-03 6.263048016701461621e-03 0.000000000000000000e+00 1.574803149606299191e-03 2.103365384615384515e-03 1.359619306594153556e-03 1.888930865130336329e-03 6.543075245365321787e-04 1.026694045174537939e-02 0.000000000000000000e+00 0.000000000000000000e+00 0.000000000000000000e+00 5.376344086021505805e-03 0.000000000000000000e+00 0.000000000000000000e+00 0.000000000000000000e+00 0.000000000000000000e+00 0.000000000000000000e+00
5.960430753819183358e-02 3.130478337089907543e-03 0.000000000000000000e+00 8.097165991902834092e-03 7.709390862944162648e-02 6.525285481239804543e-03 2.685393258426966301e-01 1.650256552489252557e-02 3.932304629168740379e-02 6.552006552006552423e-03 3.830863751355258195e-02 3.796267004112622440e-03 6.680161943319838647e-02 6.587615283267457024e-03 1.343154246100519873e-02 6.843065693430657251e-03 8.526903851808291177e-03 8.890469416785206410e-04 1.361130742049470044e-01 8.485717700490020415e-03 0.000000000000000000e+00 0.000000000000000000e+00 3.426498826541497511e-01 8.614501076812634481e-03 6.203208556149732850e-02 9.458297506448838654e-03 0.000000000000000000e+00 1.270648030495552788e-03 1.387054161162483423e-02 9.883864591055102882e-04 2.430555555555555594e-02 1.361315938740782772e-02 1.062192118226600902e-02 1.168667087807959484e-02 3.287310979618672090e-03 0.000000000000000000e+00 1.669381107491856725e-02 0.000000000000000000e+00 0.000000000000000000e+00 0.000000000000000000e+00 0.000000000000000000e+00 0.000000000000000000e+00 0.000000000000000000e+00 0.000000000000000000e+00 3.946329913180741901e-04 0.000000000000000000e+00 0.000000000000000000e+00 0.000000000000000000e+00 1.485001485001485053e-03 0.000000000000000000e+00 7.572889057175312411e-03 0.000000000000000000e+00 0.000000000000000000e+00 0.000000000000000000e+00 5.102040816326531072e-04 0.000000000000000000e+00 9.687362395420518954e-03 1.268552581504503343e-04 1.414892096612834112e-02 1.444460494005488972e-04 9.428927237146415494e-03 3.933910306845003930e-04 1.170731707317073126e-03 1.624167614097774839e-04 5.010020040080160122e-03 1.352630867036385678e-04 1.980102385781899038e-02 2.100399075824406513e-04 1.055743243243243215e-02 0.000000000000000000e+00 5.946969696969697100e-02 0.000000000000000000e+00 6.561233825643707218e-02 1.762936845380068352e-03 3.684210526315789391e-03 3.985651654045436619e-04 6.282324307879524894e-02 5.894488653109342460e-04 1.488095238095238013e-03 0.000000000000000000e+00 1.767304860088365253e-03 0.000000000000000000e+00 0.000000000000000000e+00 0.000000000000000000e+00 4.239533651298357450e-03 0.000000000000000000e+00 0.000000000000000000e+00 0.000000000000000000e+00 1.488649050986230087e-03 0.000000000000000000e+00 2.177463255307566896e-03 1.396160558464223456e-03 0.000000000000000000e+00 0.000000000000000000e+00 1.176470588235294101e-02 0.000000000000000000e+00 1.618122977346278394e-03 0.000000000000000000e+00 1.157407407407407343e-03 0.000000000000000000e+00 0.000000000000000000e+00 0.000000000000000000e+00 1.201923076923076990e-03 1.359619306594153719e-04 1.888930865130336329e-03 0.000000000000000000e+00 0.000000000000000000e+00 0.000000000000000000e+00 0.000000000000000000e+00 0.000000000000000000e+00 0.000000000000000000e+00 0.000000000000000000e+00 0.000000000000000000e+00 0.000000000000000000e+00 0.000000000000000000e+00 0.000000000000000000e+00
5.746375865221365654e-03 6.125114274520047225e-02 8.097165991902834092e-03 0.000000000000000000e+00 4.758883248730964854e-03 1.427406199021207141e-02 1.423220973782771473e-02 1.267507973928720111e-01 1.991040318566450907e-03 1.638001638001638019e-02 4.698229129020599706e-03 3.922809237583043535e-02 5.263157894736841987e-03 5.599472990777338427e-02 2.166377816291161114e-03 3.923357664233576708e-02 2.352249338429873368e-03 1.493598862019914625e-02 1.173144876325088286e-02 1.392374805784629965e-01 1.960784313725490169e-03 0.000000000000000000e+00 2.026882867505867131e-02 3.621679827709978206e-01 8.556149732620321052e-03 2.407566638005158993e-02 0.000000000000000000e+00 1.694197373994070239e-03 9.907529722589167309e-04 2.495675809241413440e-02 2.480158730158730021e-02 1.247872943845717564e-01 6.927339901477832726e-03 3.358601810907559798e-02 0.000000000000000000e+00 2.338269680436477153e-03 4.071661237785016469e-04 2.223966509680795275e-02 0.000000000000000000e+00 1.438053097345132723e-02 0.000000000000000000e+00 0.000000000000000000e+00 0.000000000000000000e+00 0.000000000000000000e+00 0.000000000000000000e+00 0.000000000000000000e+00 0.000000000000000000e+00 1.994813484939158231e-04 0.000000000000000000e+00 2.848394217759737945e-04 0.000000000000000000e+00 3.820001528000611392e-04 0.000000000000000000e+00 0.000000000000000000e+00 0.000000000000000000e+00 2.383222116301239200e-04 0.000000000000000000e+00 3.551947228212609577e-03 2.858367871945119193e-04 1.054456160624006947e-02 1.779042874933285917e-04 7.867820613690007861e-04 1.951219512195122058e-04 6.496670456391099354e-04 0.000000000000000000e+00 1.758420127147301490e-03 2.897710808461315753e-04 1.123713505566057563e-02 4.222972972972973207e-04 2.884615384615384776e-03 2.840909090909090988e-03 4.153705397987191017e-02 1.699124297477453902e-03 8.710982059525043675e-02 0.000000000000000000e+00 9.565563969709046585e-03 1.064800730149072141e-03 8.488063660477453143e-02 0.000000000000000000e+00 0.000000000000000000e+00 0.000000000000000000e+00 9.859502095144194629e-04 0.000000000000000000e+00 0.000000000000000000e+00 0.000000000000000000e+00 7.845188284518828320e-04 0.000000000000000000e+00 7.283321194464676285e-04 0.000000000000000000e+00 7.884880741178789927e-04 2.721829069134458403e-03 5.933682373472949634e-03 0.000000000000000000e+00 0.000000000000000000e+00 1.176470588235294101e-02 0.000000000000000000e+00 1.618122977346278394e-03 0.000000000000000000e+00 0.000000000000000000e+00 8.350730688935281004e-03 0.000000000000000000e+00 0.000000000000000000e+00 1.201923076923076990e-03 1.495581237253568955e-03 1.133358519078201754e-03 6.543075245365321787e-04 3.080082135523613818e-02 0.000000000000000000e+00 0.000000000000000000e+00 0.000000000000000000e+00 5.376344086021505805e-03 0.000000000000000000e+00 0.000000000000000000e+00 0.000000000000000000e+00 0.000000000000000000e+00 0.000000000000000000e+00
2.855329949238578566e-03 0.000000000000000000e+00 7.709390862944162648e-02 4.758883248730964854e-03 0.000000000000000000e+00 1.019575856443719411e-02 1.535580524344569257e-02 1.386770212175842494e-04 5.121951219512195230e-01 3.276003276003276211e-03 7.228044813877846286e-04 0.000000000000000000e+00 1.214574898785425157e-03 0.000000000000000000e+00 2.733968804159445654e-01 4.562043795620437806e-04 2.940311673037341710e-04 0.000000000000000000e+00 5.653710247349823508e-04 0.000000000000000000e+00 5.882352941176470507e-03 1.503759398496240518e-02 7.254107104757840513e-03 2.871500358937544971e-03 1.454545454545454475e-01 1.117798796216681011e-02 1.546666666666666745e-01 2.541296060991105575e-03 0.000000000000000000e+00 0.000000000000000000e+00 1.190476190476190410e-02 9.642654566080544054e-03 0.000000000000000000e+00 1.052853232259423009e-04 0.000000000000000000e+00 0.000000000000000000e+00 0.000000000000000000e+00 0.000000000000000000e+00 0.000000000000000000e+00 0.000000000000000000e+00 0.000000000000000000e+00 0.000000000000000000e+00 0.000000000000000000e+00 0.000000000000000000e+00 1.315443304393580724e-04 0.000000000000000000e+00 0.000000000000000000e+00 0.000000000000000000e+00 0.000000000000000000e+00 0.000000000000000000e+00 0.000000000000000000e+00 0.000000000000000000e+00 0.000000000000000000e+00 0.000000000000000000e+00 0.000000000000000000e+00 0.000000000000000000e+00 2.201673271686481654e-04 1.268552581504503343e-04 0.000000000000000000e+00 0.000000000000000000e+00 1.423234299946628733e-03 0.000000000000000000e+00 1.170731707317073126e-03 0.000000000000000000e+00 6.680026720106880958e-04 0.000000000000000000e+00 0.000000000000000000e+00 0.000000000000000000e+00 0.000000000000000000e+00 0.000000000000000000e+00 1.704545454545454419e-02 5.489478499542543724e-04 5.620180368579270891e-02 1.037021673752981416e-04 4.736842105263158222e-03 0.000000000000000000e+00 5.476118040766656848e-03 0.000000000000000000e+00 1.488095238095238013e-03 0.000000000000000000e+00 2.945508100147275240e-04 0.000000000000000000e+00 0.000000000000000000e+00 0.000000000000000000e+00 5.299417064122946813e-04 0.000000000000000000e+00 0.000000000000000000e+00 0.000000000000000000e+00 1.860811313732787609e-04 0.000000000000000000e+00 0.000000000000000000e+00 0.000000000000000000e+00 0.000000000000000000e+00 0.000000000000000000e+00 0.000000000000000000e+00 0.000000000000000000e+00 0.000000000000000000e+00 0.000000000000000000e+00 0.000000000000000000e+00 0.000000000000000000e+00 0.000000000000000000e+00 0.000000000000000000e+00 0.000000000000000000e+00 1.359619306594153719e-04 0.000000000000000000e+00 0.000000000000000000e+00 0.000000000000000000e+00 0.000000000000000000e+00 0.000000000000000000e+00 0.000000000000000000e+00 1.792114695340501791e-03 0.000000000000000000e+00 0.000000000000000000e+00 0.000000000000000000e+00 0.000000000000000000e+00 0.000000000000000000e+00
0.000000000000000000e+00 8.156606851549755679e-04 6.525285481239804543e-03 1.427406199021207141e-02 1.019575856443719411e-02 0.000000000000000000e+00 7.490636704119850485e-04 2.218832339481347990e-03 2.986560477849676577e-03 2.424242424242424310e-01 0.000000000000000000e+00 3.163555836760518700e-04 1.214574898785425157e-03 1.317523056653491492e-03 8.665511265164644239e-04 6.888686131386861922e-02 0.000000000000000000e+00 0.000000000000000000e+00 0.000000000000000000e+00 4.780686028445082039e-04 1.960784313725490169e-03 3.909774436090225624e-02 6.827394922125027028e-03 2.045944005743000754e-02 2.673796791443850199e-02 2.390369733447979261e-01 3.333333333333333547e-03 2.528589580686149696e-01 0.000000000000000000e+00 9.883864591055102882e-04 2.182539682539682419e-02 2.268859897901304504e-02 0.000000000000000000e+00 8.422825858075384071e-04 0.000000000000000000e+00 3.897116134060795074e-04 0.000000000000000000e+00 2.616431187859759441e-04 0.000000000000000000e+00 0.000000000000000000e+00 0.000000000000000000e+00 0.000000000000000000e+00 0.000000000000000000e+00 0.000000000000000000e+00 0.000000000000000000e+00 0.000000000000000000e+00 0.000000000000000000e+00 0.000000000000000000e+00 0.000000000000000000e+00 0.000000000000000000e+00 0.000000000000000000e+00 0.000000000000000000e+00 0.000000000000000000e+00 0.000000000000000000e+00 0.000000000000000000e+00 0.000000000000000000e+00 0.000000000000000000e+00 0.000000000000000000e+00 0.000000000000000000e+00 0.000000000000000000e+00 0.000000000000000000e+00 0.000000000000000000e+00 0.000000000000000000e+00 0.000000000000000000e+00 0.000000000000000000e+00 0.000000000000000000e+00 0.000000000000000000e+00 2.100399075824406513e-04 0.000000000000000000e+00 2.403846153846153980e-04 4.924242424242423859e-03 4.958828911253430893e-02 1.307018690367272315e-04 3.639946074872964926e-02 0.000000000000000000e+00 1.115982463132722188e-02 0.000000000000000000e+00 5.894488653109342460e-03 0.000000000000000000e+00 0.000000000000000000e+00 0.000000000000000000e+00 0.000000000000000000e+00 0.000000000000000000e+00 0.000000000000000000e+00 0.000000000000000000e+00 3.486750348675034749e-04 0.000000000000000000e+00 0.000000000000000000e+00 0.000000000000000000e+00 1.971220185294697482e-04 0.000000000000000000e+00 0.000000000000000000e+00 0.000000000000000000e+00 0.000000000000000000e+00 0.000000000000000000e+00 0.000000000000000000e+00 0.000000000000000000e+00 0.000000000000000000e+00 0.000000000000000000e+00 0.000000000000000000e+00 0.000000000000000000e+00 0.000000000000000000e+00 0.000000000000000000e+00 0.000000000000000000e+00 0.000000000000000000e+00 0.000000000000000000e+00 0.000000000000000000e+00 0.000000000000000000e+00 0.000000000000000000e+00 0.000000000000000000e+00 0.000000000000000000e+00 0.000000000000000000e+00 0.000000000000000000e+00 0.000000000000000000e+00 0.000000000000000000e+00 0.000000000000000000e+00
9.344569288389513451e-02 7.490636704119850485e-04 2.685393258426966301e-01 1.423220973782771473e-02 1.535580524344569257e-02 7.490636704119850485e-04 0.000000000000000000e+00 1.483844127028151501e-02 7.267297162767545615e-02 1.638001638001638106e-03 6.541380556559450721e-02 3.796267004112622440e-03 1.540485829959514219e-01 4.611330698287220003e-03 4.766031195840554277e-03 3.193430656934306573e-03 5.292561011467215512e-03 1.778093883357041336e-04 5.229681978798586366e-03 5.497788932711844372e-03 0.000000000000000000e+00 0.000000000000000000e+00 1.386814593556646123e-02 9.332376166547020832e-03 1.069518716577540132e-03 8.598452278589854012e-04 0.000000000000000000e+00 0.000000000000000000e+00 1.420079260237780763e-02 1.235483073881887914e-03 3.571428571428571230e-02 1.531480431083380618e-02 2.616995073891625456e-03 9.159823120656980164e-03 2.629848783694937672e-03 0.000000000000000000e+00 5.293159609120520921e-03 0.000000000000000000e+00 0.000000000000000000e+00 0.000000000000000000e+00 0.000000000000000000e+00 0.000000000000000000e+00 0.000000000000000000e+00 1.297185108314956412e-04 6.577216521967902806e-04 0.000000000000000000e+00 0.000000000000000000e+00 0.000000000000000000e+00 1.633501633501633406e-03 0.000000000000000000e+00 4.354411207875804983e-03 0.000000000000000000e+00 0.000000000000000000e+00 0.000000000000000000e+00 1.020408163265306214e-03 0.000000000000000000e+00 3.522677234698370647e-03 0.000000000000000000e+00 2.572531084750607436e-03 0.000000000000000000e+00 1.369863013698630061e-02 0.000000000000000000e+00 4.878048780487804874e-03 0.000000000000000000e+00 1.436205744822979281e-02 0.000000000000000000e+00 1.835216845358833256e-03 2.100399075824406513e-04 1.266891891891891962e-03 0.000000000000000000e+00 9.299242424242423755e-02 1.829826166514181241e-04 2.901581492615344302e-02 1.970341180130664744e-03 1.578947368421052596e-03 0.000000000000000000e+00 5.095832065713416792e-02 2.947244326554671230e-04 4.464285714285714038e-03 0.000000000000000000e+00 6.921944035346096896e-03 2.464875523786048657e-04 0.000000000000000000e+00 0.000000000000000000e+00 1.165871754107048255e-02 0.000000000000000000e+00 0.000000000000000000e+00 0.000000000000000000e+00 6.698920729438034849e-03 0.000000000000000000e+00 5.443658138268917240e-04 6.980802792321117280e-04 0.000000000000000000e+00 0.000000000000000000e+00 0.000000000000000000e+00 0.000000000000000000e+00 0.000000000000000000e+00 5.586592178770949900e-03 2.314814814814814686e-03 0.000000000000000000e+00 0.000000000000000000e+00 0.000000000000000000e+00 6.009615384615384949e-04 0.000000000000000000e+00 0.000000000000000000e+00 0.000000000000000000e+00 0.000000000000000000e+00 0.000000000000000000e+00 0.000000000000000000e+00 0.000000000000000000e+00 0.000000000000000000e+00 0.000000000000000000e+00 0.000000000000000000e+00 0.000000000000000000e+00 0.000000000000000000e+00 0.000000000000000000e+00
2.773540424351684987e-03 1.788933573706836810e-01 1.650256552489252557e-02 1.267507973928720111e-01 1.386770212175842494e-04 2.218832339481347990e-03 1.483844127028151501e-02 0.000000000000000000e+00 1.493280238924838289e-03 3.439803439803439805e-02 8.312251535959522958e-03 2.075292628914900406e-01 4.858299595141700629e-03 2.012516469038208300e-01 0.000000000000000000e+00 5.428832116788321477e-02 5.880623346074683420e-04 8.001422475106685986e-03 1.865724381625441866e-02 1.446157523604637250e-02 0.000000000000000000e+00 0.000000000000000000e+00 2.389588222743759330e-02 3.948312993539124065e-03 0.000000000000000000e+00 0.000000000000000000e+00 0.000000000000000000e+00 0.000000000000000000e+00 9.907529722589167309e-04 3.286384976525821844e-02 1.785714285714285615e-02 2.552467385138967697e-03 1.062192118226600902e-02 5.264266161297115505e-03 0.000000000000000000e+00 1.169134840218238576e-03 8.143322475570032937e-04 8.895866038723181449e-03 0.000000000000000000e+00 2.212389380530973421e-03 0.000000000000000000e+00 0.000000000000000000e+00 0.000000000000000000e+00 1.297185108314956412e-04 0.000000000000000000e+00 9.377093101138647127e-04 0.000000000000000000e+00 0.000000000000000000e+00 0.000000000000000000e+00 1.993875952431816562e-03 1.893222264293827994e-04 5.195202078080831190e-03 0.000000000000000000e+00 0.000000000000000000e+00 0.000000000000000000e+00 7.149666348903717600e-04 0.000000000000000000e+00 1.230496004059368313e-02 2.858367871945119193e-04 1.198902210024555860e-02 0.000000000000000000e+00 3.186467348544453487e-02 1.951219512195122058e-04 1.461750852687997322e-02 0.000000000000000000e+00 2.488840795346949908e-02 2.897710808461315753e-04 4.830917874396135035e-03 0.000000000000000000e+00 9.615384615384615918e-04 7.575757575757575968e-03 1.030192131747483947e-01 1.699124297477453902e-03 4.936223167064191647e-02 0.000000000000000000e+00 3.587086488640892686e-03 2.738059020383328424e-03 5.953433539640436145e-02 0.000000000000000000e+00 0.000000000000000000e+00 0.000000000000000000e+00 1.035247719990140501e-02 0.000000000000000000e+00 0.000000000000000000e+00 0.000000000000000000e+00 1.569037656903765621e-02 0.000000000000000000e+00 1.456664238892935257e-03 1.860811313732787609e-04 6.899270648531441105e-03 5.443658138268917240e-04 6.980802792321117280e-04 0.000000000000000000e+00 0.000000000000000000e+00 1.176470588235294101e-02 0.000000000000000000e+00 0.000000000000000000e+00 0.000000000000000000e+00 2.314814814814814686e-03 6.263048016701461621e-03 0.000000000000000000e+00 0.000000000000000000e+00 0.000000000000000000e+00 5.438477226376614874e-04 3.777861730260672333e-04 6.543075245365321787e-04 6.160164271047228156e-03 0.000000000000000000e+00 0.000000000000000000e+00 0.000000000000000000e+00 0.000000000000000000e+00 0.000000000000000000e+00 0.000000000000000000e+00 0.000000000000000000e+00 0.000000000000000000e+00 0.000000000000000000e+00
0.000000000000000000e+00 0.000000000000000000e+00 3.932304629168740379e-02 1.991040318566450907e-03 5.121951219512195230e-01 2.986560477849676577e-03 7.267297162767545615e-02 1.493280238924838289e-03 0.000000000000000000e+00 2.457002457002456942e-03 3.614022406938923143e-04 0.000000000000000000e+00 5.263157894736841987e-03 3.293807641633728729e-04 1.975736568457538977e-01 4.562043795620437806e-04 2.940311673037341710e-04 0.000000000000000000e+00 0.000000000000000000e+00 0.000000000000000000e+00 0.000000000000000000e+00 1.503759398496240692e-03 6.400682739492212026e-04 0.000000000000000000e+00 6.417112299465240789e-03 3.439380911435941605e-03 2.666666666666666578e-03 4.235493434985175597e-04 1.651254953764861363e-03 0.000000000000000000e+00 1.488095238095238013e-03 1.134429948950652382e-03 0.000000000000000000e+00 0.000000000000000000e+00 0.000000000000000000e+00 0.000000000000000000e+00 0.000000000000000000e+00 0.000000000000000000e+00 0.000000000000000000e+00 0.000000000000000000e+00 0.000000000000000000e+00 0.000000000000000000e+00 0.000000000000000000e+00 0.000000000000000000e+00 0.000000000000000000e+00 0.000000000000000000e+00 2.698327037236913136e-04 0.000000000000000000e+00 0.000000000000000000e+00 0.000000000000000000e+00 0.000000000000000000e+00 0.000000000000000000e+00 0.000000000000000000e+00 0.000000000000000000e+00 0.000000000000000000e+00 0.000000000000000000e+00 0.000000000000000000e+00 0.000000000000000000e+00 0.000000000000000000e+00 0.000000000000000000e+00 5.337128624799857479e-04 0.000000000000000000e+00 9.756097560975609748e-04 0.000000000000000000e+00 0.000000000000000000e+00 0.000000000000000000e+00 0.000000000000000000e+00 0.000000000000000000e+00 4.222972972972973207e-04 0.000000000000000000e+00 5.681818181818181976e-03 0.000000000000000000e+00 2.065089530780290020e-02 1.037021673752981416e-04 1.578947368421052596e-03 0.000000000000000000e+00 1.977487070276848138e-03 0.000000000000000000e+00 0.000000000000000000e+00 0.000000000000000000e+00 2.945508100147275240e-04 0.000000000000000000e+00 0.000000000000000000e+00 0.000000000000000000e+00 5.299417064122946813e-04 0.000000000000000000e+00 0.000000000000000000e+00 0.000000000000000000e+00 0.000000000000000000e+00 0.000000000000000000e+00 0.000000000000000000e+00 0.000000000000000000e+00 0.000000000000000000e+00 0.000000000000000000e+00 0.000000000000000000e+00 0.000000000000000000e+00 0.000000000000000000e+00 0.000000000000000000e+00 0.000000000000000000e+00 0.000000000000000000e+00 0.000000000000000000e+00 0.000000000000000000e+00 0.000000000000000000e+00 0.000000000000000000e+00 0.000000000000000000e+00 0.000000000000000000e+00 0.000000000000000000e+00 0.000000000000000000e+00 0.000000000000000000e+00 0.000000000000000000e+00 0.000000000000000000e+00 0.000000000000000000e+00 0.000000000000000000e+00 0.000000000000000000e+00 0.000000000000000000e+00 0.000000000000000000e+00
0.000000000000000000e+00 2.457002457002456942e-03 6.552006552006552423e-03 1.638001638001638019e-02 3.276003276003276211e-03 2.424242424242424310e-01 1.638001638001638106e-03 3.439803439803439805e-02 2.457002457002456942e-03 0.000000000000000000e+00 0.000000000000000000e+00 3.163555836760518700e-04 2.024291497975708415e-04 6.587615283267457458e-04 3.032928942807625646e-03 2.226277372262773779e-01 0.000000000000000000e+00 1.778093883357041336e-04 0.000000000000000000e+00 3.585514521333811665e-04 0.000000000000000000e+00 0.000000000000000000e+00 4.053765735011734608e-03 7.178750897343862429e-04 3.208556149732620395e-03 0.000000000000000000e+00 0.000000000000000000e+00 1.990681914443032455e-02 0.000000000000000000e+00 5.189028910303928634e-03 3.472222222222222029e-03 5.672149744753261910e-04 0.000000000000000000e+00 4.211412929037692036e-04 0.000000000000000000e+00 0.000000000000000000e+00 0.000000000000000000e+00 2.616431187859759441e-04 0.000000000000000000e+00 0.000000000000000000e+00 0.000000000000000000e+00 0.000000000000000000e+00 0.000000000000000000e+00 0.000000000000000000e+00 0.000000000000000000e+00 0.000000000000000000e+00 0.000000000000000000e+00 0.000000000000000000e+00 0.000000000000000000e+00 0.000000000000000000e+00 0.000000000000000000e+00 0.000000000000000000e+00 0.000000000000000000e+00 0.000000000000000000e+00 0.000000000000000000e+00 0.000000000000000000e+00 0.000000000000000000e+00 0.000000000000000000e+00 0.000000000000000000e+00 0.000000000000000000e+00 0.000000000000000000e+00 3.933910306845003930e-04 0.000000000000000000e+00 1.624167614097774839e-04 0.000000000000000000e+00 0.000000000000000000e+00 0.000000000000000000e+00 0.000000000000000000e+00 0.000000000000000000e+00 0.000000000000000000e+00 1.515151515151515150e-03 7.502287282708142331e-03 0.000000000000000000e+00 1.379238826091465364e-02 0.000000000000000000e+00 3.188521323236349295e-03 0.000000000000000000e+00 4.420866489832007279e-03 0.000000000000000000e+00 0.000000000000000000e+00 0.000000000000000000e+00 1.232437761893024437e-03 0.000000000000000000e+00 0.000000000000000000e+00 0.000000000000000000e+00 6.101813110181310675e-04 0.000000000000000000e+00 0.000000000000000000e+00 0.000000000000000000e+00 0.000000000000000000e+00 0.000000000000000000e+00 0.000000000000000000e+00 0.000000000000000000e+00 0.000000000000000000e+00 0.000000000000000000e+00 0.000000000000000000e+00 0.000000000000000000e+00 0.000000000000000000e+00 0.000000000000000000e+00 0.000000000000000000e+00 0.000000000000000000e+00 0.000000000000000000e+00 0.000000000000000000e+00 0.000000000000000000e+00 0.000000000000000000e+00 0.000000000000000000e+00 0.000000000000000000e+00 0.000000000000000000e+00 0.000000000000000000e+00 0.000000000000000000e+00 0.000000000000000000e+00 0.000000000000000000e+00 0.000000000000000000e+00 0.000000000000000000e+00 0.000000000000000000e+00 0.000000000000000000e+00
1.832309360318034042e-01 1.084206722081676889e-03 3.830863751355258195e-02 4.698229129020599706e-03 7.228044813877846286e-04 0.000000000000000000e+00 6.541380556559450721e-02 8.312251535959522958e-03 3.614022406938923143e-04 0.000000000000000000e+00 0.000000000000000000e+00 6.327111673521037399e-04 1.568825910931174183e-01 0.000000000000000000e+00 0.000000000000000000e+00 0.000000000000000000e+00 5.792413995883563538e-02 0.000000000000000000e+00 1.102473498233215617e-02 1.792757260666905670e-03 0.000000000000000000e+00 0.000000000000000000e+00 2.773629187113291986e-03 0.000000000000000000e+00 0.000000000000000000e+00 0.000000000000000000e+00 0.000000000000000000e+00 0.000000000000000000e+00 6.010568031704095066e-02 0.000000000000000000e+00 1.488095238095238013e-03 2.268859897901304764e-03 3.078817733990147818e-04 2.105706464518846289e-03 0.000000000000000000e+00 0.000000000000000000e+00 4.071661237785016469e-04 2.616431187859759441e-04 0.000000000000000000e+00 0.000000000000000000e+00 0.000000000000000000e+00 0.000000000000000000e+00 0.000000000000000000e+00 0.000000000000000000e+00 0.000000000000000000e+00 0.000000000000000000e+00 0.000000000000000000e+00 0.000000000000000000e+00 1.485001485001484890e-04 0.000000000000000000e+00 9.466111321469140513e-04 0.000000000000000000e+00 0.000000000000000000e+00 0.000000000000000000e+00 0.000000000000000000e+00 0.000000000000000000e+00 1.431087626596213094e-02 0.000000000000000000e+00 4.287551807917679061e-04 0.000000000000000000e+00 9.784735812133071864e-03 0.000000000000000000e+00 6.048780487804878217e-03 0.000000000000000000e+00 4.676018704074816346e-03 0.000000000000000000e+00 4.829518014102192379e-04 0.000000000000000000e+00 2.111486486486486604e-04 0.000000000000000000e+00 6.515151515151515471e-02 0.000000000000000000e+00 4.705267285322179902e-03 0.000000000000000000e+00 0.000000000000000000e+00 0.000000000000000000e+00 2.890173410404624135e-03 0.000000000000000000e+00 1.488095238095238013e-03 0.000000000000000000e+00 3.092783505154639030e-03 0.000000000000000000e+00 0.000000000000000000e+00 0.000000000000000000e+00 2.782193958664546697e-03 0.000000000000000000e+00 0.000000000000000000e+00 0.000000000000000000e+00 2.232973576479344805e-03 0.000000000000000000e+00 0.000000000000000000e+00 0.000000000000000000e+00 0.000000000000000000e+00 0.000000000000000000e+00 0.000000000000000000e+00 0.000000000000000000e+00 0.000000000000000000e+00 0.000000000000000000e+00 0.000000000000000000e+00 0.000000000000000000e+00 0.000000000000000000e+00 0.000000000000000000e+00 0.000000000000000000e+00 0.000000000000000000e+00 0.000000000000000000e+00 0.000000000000000000e+00 0.000000000000000000e+00 0.000000000000000000e+00 0.000000000000000000e+00 0.000000000000000000e+00 0.000000000000000000e+00 0.000000000000000000e+00 0.000000000000000000e+00 0.000000000000000000e+00 0.000000000000000000e+00 0.000000000000000000e+00
6.327111673521037399e-04 1.834862385321101019e-02 3.796267004112622440e-03 3.922809237583043535e-02 0.000000000000000000e+00 3.163555836760518700e-04 3.796267004112622440e-03 2.075292628914900406e-01 0.000000000000000000e+00 3.163555836760518700e-04 6.327111673521037399e-04 0.000000000000000000e+00 0.000000000000000000e+00 1.867588932806324153e-01 0.000000000000000000e+00 9.124087591240875612e-04 0.000000000000000000e+00 4.836415362731152218e-02 1.272084805653710344e-03 1.350543803035735707e-02 0.000000000000000000e+00 0.000000000000000000e+00 1.280136547898442405e-03 2.871500358937544971e-03 0.000000000000000000e+00 0.000000000000000000e+00 0.000000000000000000e+00 0.000000000000000000e+00 0.000000000000000000e+00 1.067457375833951033e-01 9.920634920634920084e-04 5.672149744753261910e-04 1.077586206896551709e-03 4.106127605811749938e-03 0.000000000000000000e+00 0.000000000000000000e+00 0.000000000000000000e+00 1.569858712715855665e-03 0.000000000000000000e+00 0.000000000000000000e+00 0.000000000000000000e+00 0.000000000000000000e+00 0.000000000000000000e+00 0.000000000000000000e+00 0.000000000000000000e+00 1.339584728734092331e-04 0.000000000000000000e+00 0.000000000000000000e+00 0.000000000000000000e+00 0.000000000000000000e+00 0.000000000000000000e+00 4.584001833600733562e-04 0.000000000000000000e+00 0.000000000000000000e+00 0.000000000000000000e+00 0.000000000000000000e+00 0.000000000000000000e+00 1.902828872256754960e-03 0.000000000000000000e+00 2.888920988010977944e-04 0.000000000000000000e+00 7.867820613690007861e-03 0.000000000000000000e+00 7.308754263439986611e-03 0.000000000000000000e+00 2.840524820776410032e-03 0.000000000000000000e+00 1.050199537912203257e-04 0.000000000000000000e+00 2.403846153846153980e-04 3.219696969696969613e-03 6.459286367795059880e-02 0.000000000000000000e+00 1.254796225241107573e-02 0.000000000000000000e+00 3.985651654045436619e-04 0.000000000000000000e+00 5.452402004126142426e-03 0.000000000000000000e+00 0.000000000000000000e+00 0.000000000000000000e+00 1.676115356174513044e-02 0.000000000000000000e+00 0.000000000000000000e+00 0.000000000000000000e+00 8.804044630404463459e-03 0.000000000000000000e+00 0.000000000000000000e+00 0.000000000000000000e+00 3.153952296471515971e-03 0.000000000000000000e+00 3.490401396160558640e-04 0.000000000000000000e+00 0.000000000000000000e+00 0.000000000000000000e+00 0.000000000000000000e+00 0.000000000000000000e+00 0.000000000000000000e+00 0.000000000000000000e+00 0.000000000000000000e+00 0.000000000000000000e+00 0.000000000000000000e+00 3.004807692307692474e-04 0.000000000000000000e+00 0.000000000000000000e+00 0.000000000000000000e+00 0.000000000000000000e+00 0.000000000000000000e+00 0.000000000000000000e+00 0.000000000000000000e+00 0.000000000000000000e+00 0.000000000000000000e+00 0.000000000000000000e+00 0.000000000000000000e+00 0.000000000000000000e+00 0.000000000000000000e+00
4.919028340080972006e-02 2.024291497975708415e-04 6.680161943319838647e-02 5.263157894736841987e-03 1.214574898785425157e-03 1.214574898785425157e-03 1.540485829959514219e-01 4.858299595141700629e-03 5.263157894736841987e-03 2.024291497975708415e-04 1.568825910931174183e-01 0.000000000000000000e+00 0.000000000000000000e+00 1.646903820816864256e-03 1.568457538994800782e-01 1.368613138686131450e-03 5.586592178770949900e-03 0.000000000000000000e+00 4.805653710247349657e-03 1.195171507111270374e-03 0.000000000000000000e+00 0.000000000000000000e+00 2.133560913164070719e-02 5.025125628140703592e-03 0.000000000000000000e+00 8.598452278589854012e-04 0.000000000000000000e+00 0.000000000000000000e+00 1.406869220607661897e-01 2.470966147763775721e-04 2.678571428571428423e-02 7.941009642654565590e-03 1.077586206896551709e-03 1.895135818066961443e-03 6.574621959237344181e-04 0.000000000000000000e+00 4.478827361563518170e-03 0.000000000000000000e+00 0.000000000000000000e+00 0.000000000000000000e+00 0.000000000000000000e+00 0.000000000000000000e+00 0.000000000000000000e+00 0.000000000000000000e+00 2.630886608787161448e-04 0.000000000000000000e+00 0.000000000000000000e+00 0.000000000000000000e+00 2.970002970002969781e-04 0.000000000000000000e+00 1.325255585005679759e-03 0.000000000000000000e+00 9.881422924901185102e-04 0.000000000000000000e+00 1.785714285714285659e-03 0.000000000000000000e+00 1.232937032144429748e-02 0.000000000000000000e+00 7.145919679862798796e-04 0.000000000000000000e+00 2.472869596157267411e-02 0.000000000000000000e+00 2.829268292682926914e-02 0.000000000000000000e+00 1.402805611222444904e-02 0.000000000000000000e+00 6.761325219743069548e-04 0.000000000000000000e+00 1.055743243243243302e-03 2.403846153846153980e-04 6.287878787878788123e-02 0.000000000000000000e+00 3.176055417592471564e-02 5.185108368764907620e-04 0.000000000000000000e+00 0.000000000000000000e+00 3.742013994523882281e-02 4.420866489832006845e-04 3.571428571428571230e-02 0.000000000000000000e+00 2.415316642120765925e-02 0.000000000000000000e+00 0.000000000000000000e+00 0.000000000000000000e+00 1.841547429782723969e-02 0.000000000000000000e+00 2.684563758389261600e-03 0.000000000000000000e+00 1.004838109415705227e-02 0.000000000000000000e+00 1.088731627653783448e-03 6.980802792321117280e-04 1.017293997965411975e-03 0.000000000000000000e+00 0.000000000000000000e+00 0.000000000000000000e+00 0.000000000000000000e+00 0.000000000000000000e+00 1.157407407407407343e-03 0.000000000000000000e+00 0.000000000000000000e+00 0.000000000000000000e+00 6.009615384615384949e-04 0.000000000000000000e+00 2.266717038156403508e-03 0.000000000000000000e+00 0.000000000000000000e+00 0.000000000000000000e+00 0.000000000000000000e+00 1.923076923076923184e-02 0.000000000000000000e+00 0.000000000000000000e+00 0.000000000000000000e+00 0.000000000000000000e+00 0.000000000000000000e+00 0.000000000000000000e+00
