0.000000000000000000e+00 2.510115390379139694e-02 4.750756023802556183e-02 6.298793470546486771e-03 0.000000000000000000e+00 0.000000000000000000e+00 1.026916585235853191e-01 6.407280156003342629e-03 4.334365325077399640e-03 0.000000000000000000e+00 2.135402729462135274e-01 3.142329020332716976e-03 5.625436757512228964e-02 5.524861878453039095e-04 2.572347266881028997e-03 0.000000000000000000e+00 3.747117601844734969e-02 4.563894523326571945e-03 7.580500894454382521e-02 4.216194249720613824e-02 0.000000000000000000e+00 0.000000000000000000e+00 5.652112477038292700e-04 5.746025665581306089e-04 0.000000000000000000e+00 0.000000000000000000e+00 0.000000000000000000e+00 0.000000000000000000e+00 3.935532233883058673e-02 2.012578616352201158e-03 2.528199144301827937e-03 2.002402883460152171e-04 1.617946974847042987e-02 1.400171013253527150e-02 4.035512510088781106e-04 0.000000000000000000e+00 8.503472953062513051e-02 3.907776475185619652e-04 0.000000000000000000e+00 0.000000000000000000e+00 2.158273381294963968e-03 0.000000000000000000e+00 0.000000000000000000e+00 0.000000000000000000e+00 1.204275176877916704e-03 1.369300287553060300e-04 0.000000000000000000e+00 1.438848920863309330e-04 5.075111652456353907e-03 0.000000000000000000e+00 1.113776559287183061e-02 6.818624586012078832e-04 1.412030499858797031e-03 0.000000000000000000e+00 9.398496240601503238e-04 0.000000000000000000e+00 2.922578029995946403e-01 3.241199243720176582e-03 3.366565525213119359e-02 2.350728725905030429e-04 7.235054347826086474e-02 1.725327812284334057e-04 4.462553356616220240e-03 2.683483161143163770e-04 2.570749621948584945e-02 1.250868658790827044e-03 9.671959377770614208e-03 1.475651746187899580e-03 9.462433197107827931e-02 9.748589020010261022e-03 1.152970399503208399e-01 2.772130844575863818e-04 5.302680221811460065e-02 3.121342177136168620e-03 0.000000000000000000e+00 0.000000000000000000e+00 7.393884071200365615e-02 9.113001215066828409e-04 1.140250855188141427e-03 0.000000000000000000e+00 1.306051371353939916e-03 0.000000000000000000e+00 1.431639226914817407e-03 2.120890774125132761e-03 1.298513922954840603e-02 4.572822193430378635e-04 3.415300546448087320e-03 0.000000000000000000e+00 4.843517138599105591e-03 1.350256548744261330e-04 3.924366749910809977e-03 2.220577350111028764e-03 2.259248799774075250e-03 4.096681687832855472e-04 4.878048780487805047e-02 8.645533141210375375e-03 5.727376861397480206e-04 9.182736455463728084e-04 0.000000000000000000e+00 5.733944954128440685e-04 7.552870090634441081e-04 4.549590536851683500e-04 1.505570611261668147e-03 8.844861135680169443e-04 9.447331128956070433e-04 8.613264427217915591e-04 0.000000000000000000e+00 0.000000000000000000e+00 6.476190476190475664e-02 0.000000000000000000e+00 0.000000000000000000e+00 0.000000000000000000e+00 0.000000000000000000e+00 0.000000000000000000e+00 6.150061500615006333e-04 2.898550724637681195e-03
2.510115390379139694e-02 0.000000000000000000e+00 3.609403960589210782e-03 6.910929737402413120e-02 0.000000000000000000e+00 0.000000000000000000e+00 2.842675668472949974e-03 9.917355371900826722e-02 0.000000000000000000e+00 4.694835680751173598e-04 1.070377308001070355e-03 1.140480591497227414e-01 0.000000000000000000e+00 2.283609576427255913e-02 0.000000000000000000e+00 2.490378084672854788e-03 1.152959262106072148e-03 5.425963488843813659e-02 3.510733452593917808e-02 6.684953774255816827e-02 0.000000000000000000e+00 0.000000000000000000e+00 1.413028119259573175e-04 3.830683777054204060e-04 0.000000000000000000e+00 3.765060240963855618e-04 0.000000000000000000e+00 0.000000000000000000e+00 7.496251874062968270e-04 4.616352201257861720e-02 1.555814858031894215e-03 6.007208650380456514e-04 1.332426920462270563e-02 2.180418982471141534e-02 0.000000000000000000e+00 5.711022272986864727e-04 1.683856030309408480e-03 1.014067995310668213e-01 0.000000000000000000e+00 3.649096940656100518e-02 0.000000000000000000e+00 4.415011037527593815e-03 0.000000000000000000e+00 3.340013360053440479e-04 1.505343971097395880e-04 5.477201150212241201e-04 0.000000000000000000e+00 5.755395683453237319e-04 2.030044660982541595e-04 2.637130801687763600e-03 3.427004797806717162e-04 5.454899668809663066e-03 0.000000000000000000e+00 8.414675193537529685e-04 0.000000000000000000e+00 2.312902692879563980e-03 4.053506282934738261e-03 2.167101827676240211e-01 1.011414535471752635e-03 4.231311706629054675e-02 3.396739130434782514e-04 6.349206349206348854e-02 0.000000000000000000e+00 1.797933717965919873e-02 0.000000000000000000e+00 4.572619874913134291e-02 1.934391875554122625e-03 7.501229709788490019e-03 5.469977994341401750e-02 6.259620318111852599e-02 1.241978886358931916e-03 8.612086490482351309e-02 1.501848428835489760e-03 6.584081154896605226e-02 0.000000000000000000e+00 0.000000000000000000e+00 3.347025711242963830e-03 1.099635479951397293e-01 0.000000000000000000e+00 1.262626262626262734e-03 1.451168190393266604e-04 1.477501678979180680e-02 0.000000000000000000e+00 7.423117709437964014e-03 1.442793247727600689e-04 3.345781571526560555e-02 0.000000000000000000e+00 8.354218880534669545e-04 1.862891207153502234e-04 2.605995139076424522e-02 1.070281840884766298e-03 3.947693066864051137e-03 2.824060999717594063e-04 1.433838590741499334e-03 1.463414634146341549e-02 4.610951008645532839e-02 5.727376861397480206e-04 0.000000000000000000e+00 0.000000000000000000e+00 2.293577981651376274e-03 0.000000000000000000e+00 9.099181073703367000e-04 9.033423667570008664e-04 1.768972227136033889e-03 9.447331128956070433e-04 3.732414585127763387e-03 9.852216748768472150e-04 0.000000000000000000e+00 4.000000000000000083e-02 2.280130293159609092e-02 5.083884087442806354e-04 6.361323155216285462e-04 0.000000000000000000e+00 0.000000000000000000e+00 0.000000000000000000e+00 8.695652173913043584e-03
4.750756023802556183e-02 3.609403960589210782e-03 0.000000000000000000e+00 3.992193044712562429e-03 1.659439144261347088e-01 2.757158006362672113e-03 2.649906724704628180e-01 4.550097502089330524e-03 9.287925696594427627e-02 5.633802816901408751e-03 3.666042279903666129e-02 3.327171903881700685e-03 4.716981132075472039e-02 2.394106813996316543e-03 4.244372990353698083e-02 2.716776092370387120e-03 6.533435818601076445e-03 5.070993914807302161e-04 9.973166368515205826e-02 4.876562023773239538e-03 0.000000000000000000e+00 0.000000000000000000e+00 2.389430549667938275e-01 9.385175253782799404e-03 5.836575875486381404e-03 3.765060240963855401e-03 3.255208333333333153e-04 4.001600640256102706e-04 4.097951024487755944e-02 8.805031446540880066e-04 1.964216258265266343e-02 1.201441730076091390e-02 7.613868116927260607e-03 4.702864471996580017e-03 1.614205004035512443e-03 0.000000000000000000e+00 1.999579035992422524e-02 0.000000000000000000e+00 1.488095238095238013e-03 0.000000000000000000e+00 7.194244604316546920e-04 0.000000000000000000e+00 4.434589800443458976e-04 0.000000000000000000e+00 9.032063826584374195e-04 0.000000000000000000e+00 0.000000000000000000e+00 0.000000000000000000e+00 2.842062525375558396e-03 0.000000000000000000e+00 7.453735435229609692e-03 0.000000000000000000e+00 1.129624399887037625e-03 0.000000000000000000e+00 1.127819548872180519e-03 0.000000000000000000e+00 3.242805026347790782e-03 0.000000000000000000e+00 4.768097095795405249e-03 0.000000000000000000e+00 6.680253623188405973e-03 0.000000000000000000e+00 1.164144353899883560e-03 0.000000000000000000e+00 2.160293799956794145e-03 2.779708130646282079e-04 5.238977996292415451e-03 1.229709788489916317e-04 2.829298962590380290e-03 0.000000000000000000e+00 2.866901262678534304e-02 3.696174459434485452e-04 7.578558225508318091e-02 1.658213031603589498e-03 1.481481481481481538e-02 0.000000000000000000e+00 6.465845123992089438e-02 1.366950182260024370e-03 1.140250855188141427e-03 0.000000000000000000e+00 8.707009142359599082e-04 2.686366689053055969e-04 7.158196134574087034e-04 0.000000000000000000e+00 2.669167508296061125e-03 0.000000000000000000e+00 0.000000000000000000e+00 0.000000000000000000e+00 2.421758569299552796e-03 0.000000000000000000e+00 7.135212272565108656e-04 2.467308166790031961e-03 5.648121999435188126e-04 2.253174928308070320e-03 2.439024390243902524e-02 0.000000000000000000e+00 5.727376861397480206e-04 0.000000000000000000e+00 7.936507936507936501e-04 0.000000000000000000e+00 0.000000000000000000e+00 4.549590536851683500e-04 9.033423667570008664e-04 3.537944454272067777e-04 4.723665564478035216e-04 1.148435256962388818e-03 0.000000000000000000e+00 0.000000000000000000e+00 3.047619047619047616e-02 0.000000000000000000e+00 0.000000000000000000e+00 0.000000000000000000e+00 0.000000000000000000e+00 0.000000000000000000e+00 6.150061500615006333e-04 0.000000000000000000e+00
6.298793470546486771e-03 6.910929737402413120e-02 3.992193044712562429e-03 0.000000000000000000e+00 5.782017924255565718e-04 6.383881230116648930e-02 8.083858932219951596e-03 2.874918748258891155e-01 1.238390092879257040e-03 4.319248826291079840e-02 4.549103559004548901e-03 3.585951940850277270e-02 1.921733053808525465e-03 2.430939226519336985e-02 3.536977491961414925e-03 1.788544260810505035e-02 9.607993850883934928e-04 1.318458417849898562e-02 1.039803220035778221e-02 1.116529513359748038e-01 0.000000000000000000e+00 0.000000000000000000e+00 1.271725307333615961e-02 1.656770733575943233e-01 7.782101167315175639e-04 1.355421686746987979e-02 0.000000000000000000e+00 3.601440576230492165e-03 6.246876561719140767e-04 3.383647798742138446e-02 2.567094515752625303e-02 3.344012815378454018e-02 5.302515295717198825e-03 1.442924326635314225e-02 1.210653753026634440e-03 3.426613363792118620e-03 6.314460113660281529e-04 3.321610003907776720e-02 0.000000000000000000e+00 1.179506081828234423e-02 0.000000000000000000e+00 2.207505518763796908e-03 0.000000000000000000e+00 4.453351146737920458e-04 1.505343971097395880e-04 4.107900862659180901e-04 0.000000000000000000e+00 5.755395683453237319e-04 0.000000000000000000e+00 3.164556962025316406e-03 8.567511994516792905e-05 5.747126436781609116e-03 0.000000000000000000e+00 3.365870077415011874e-04 0.000000000000000000e+00 1.321658681645464977e-03 5.674908796108633436e-04 8.373098046277121717e-03 4.334633723450368359e-04 3.149976492712740911e-02 1.132246376811594217e-04 2.242926155969634031e-03 0.000000000000000000e+00 4.025224741714745927e-04 4.320587599913588289e-04 1.014593467685893056e-02 6.447972918513742444e-04 1.672405312346286407e-02 2.514932411191449051e-03 2.231913801949717696e-02 1.448975367418753974e-03 3.576048789502864200e-02 4.274491682070240620e-03 1.042723371049551345e-01 0.000000000000000000e+00 1.980198019801980222e-02 2.738475581926061355e-03 9.021871202916161014e-02 0.000000000000000000e+00 2.525252525252525467e-03 1.451168190393266604e-04 2.149093351242444775e-03 0.000000000000000000e+00 4.241781548250265522e-03 1.442793247727600689e-04 3.429616645072784166e-03 0.000000000000000000e+00 8.354218880534669545e-04 0.000000000000000000e+00 2.970564407237375089e-03 7.135212272565108656e-04 1.727115716753022372e-03 8.472182999152782189e-04 1.229004506349856696e-03 2.113821138211382025e-02 2.593659942363112439e-02 1.145475372279496041e-03 0.000000000000000000e+00 0.000000000000000000e+00 0.000000000000000000e+00 2.265861027190332541e-03 0.000000000000000000e+00 3.011141222523336402e-04 8.844861135680169443e-04 0.000000000000000000e+00 2.009761699684180485e-03 0.000000000000000000e+00 0.000000000000000000e+00 1.523809523809523808e-02 5.428881650380021524e-03 0.000000000000000000e+00 0.000000000000000000e+00 0.000000000000000000e+00 0.000000000000000000e+00 1.230012300123001267e-03 2.898550724637681195e-03
0.000000000000000000e+00 0.000000000000000000e+00 1.659439144261347088e-01 5.782017924255565718e-04 0.000000000000000000e+00 6.362672322375397850e-03 6.662521097983476609e-03 0.000000000000000000e+00 2.860681114551083537e-01 7.511737089201877757e-03 0.000000000000000000e+00 0.000000000000000000e+00 5.241090146750524391e-04 3.683241252302025702e-04 1.363344051446945260e-01 2.037582069277790557e-03 1.921598770176787094e-04 0.000000000000000000e+00 0.000000000000000000e+00 0.000000000000000000e+00 1.136363636363636395e-02 7.541478129713424143e-04 1.483679525222551983e-02 2.489944455085232530e-03 1.163424124513618707e-01 1.430722891566264983e-02 2.018229166666666574e-01 8.003201280512205413e-04 7.121439280359819803e-03 0.000000000000000000e+00 1.264099572150914098e-02 3.003604325190228474e-03 1.359619306594153719e-04 0.000000000000000000e+00 4.035512510088781106e-04 0.000000000000000000e+00 0.000000000000000000e+00 0.000000000000000000e+00 0.000000000000000000e+00 0.000000000000000000e+00 2.158273381294963968e-03 0.000000000000000000e+00 1.478196600147819659e-04 0.000000000000000000e+00 0.000000000000000000e+00 0.000000000000000000e+00 0.000000000000000000e+00 0.000000000000000000e+00 0.000000000000000000e+00 0.000000000000000000e+00 8.567511994516792905e-05 0.000000000000000000e+00 0.000000000000000000e+00 0.000000000000000000e+00 3.759398496240601729e-04 0.000000000000000000e+00 0.000000000000000000e+00 0.000000000000000000e+00 0.000000000000000000e+00 0.000000000000000000e+00 0.000000000000000000e+00 0.000000000000000000e+00 0.000000000000000000e+00 0.000000000000000000e+00 2.160293799956794145e-04 0.000000000000000000e+00 8.059966148142178055e-05 1.229709788489916317e-04 3.143665513989311313e-04 0.000000000000000000e+00 3.084247567791347650e-02 2.864535206061725927e-03 2.888170055452865190e-02 9.754194303550526939e-05 0.000000000000000000e+00 0.000000000000000000e+00 7.606876616461280939e-04 0.000000000000000000e+00 0.000000000000000000e+00 0.000000000000000000e+00 0.000000000000000000e+00 0.000000000000000000e+00 0.000000000000000000e+00 0.000000000000000000e+00 1.226374260568460599e-03 0.000000000000000000e+00 2.049180327868852566e-03 0.000000000000000000e+00 2.421758569299552796e-03 0.000000000000000000e+00 0.000000000000000000e+00 0.000000000000000000e+00 0.000000000000000000e+00 0.000000000000000000e+00 0.000000000000000000e+00 0.000000000000000000e+00 0.000000000000000000e+00 0.000000000000000000e+00 0.000000000000000000e+00 0.000000000000000000e+00 0.000000000000000000e+00 0.000000000000000000e+00 0.000000000000000000e+00 0.000000000000000000e+00 0.000000000000000000e+00 0.000000000000000000e+00 0.000000000000000000e+00 0.000000000000000000e+00 0.000000000000000000e+00 0.000000000000000000e+00 0.000000000000000000e+00 0.000000000000000000e+00 0.000000000000000000e+00 0.000000000000000000e+00 0.000000000000000000e+00 0.000000000000000000e+00
0.000000000000000000e+00 0.000000000000000000e+00 2.757158006362672113e-03 6.383881230116648930e-02 6.362672322375397850e-03 0.000000000000000000e+00 7.106689171182374934e-04 5.571547961742037182e-03 5.572755417956656680e-03 3.596244131455398896e-01 0.000000000000000000e+00 1.848428835489833563e-04 6.988120195667365132e-04 9.208103130755064796e-04 1.254019292604501533e-02 1.294996604029884646e-01 0.000000000000000000e+00 0.000000000000000000e+00 1.118067978533094817e-04 1.625520674591079918e-03 0.000000000000000000e+00 1.199095022624434431e-01 9.043379963261268320e-03 1.838728212986017949e-02 1.984435797665369539e-02 1.340361445783132543e-01 3.906250000000000000e-03 2.957182873149259428e-01 1.249375312343828045e-04 2.578616352201257983e-02 1.711396343835083766e-02 1.742090508610332281e-02 0.000000000000000000e+00 1.496365968362548069e-03 0.000000000000000000e+00 0.000000000000000000e+00 0.000000000000000000e+00 1.953888237592809826e-04 0.000000000000000000e+00 0.000000000000000000e+00 0.000000000000000000e+00 0.000000000000000000e+00 0.000000000000000000e+00 0.000000000000000000e+00 0.000000000000000000e+00 0.000000000000000000e+00 0.000000000000000000e+00 4.316546762589928261e-04 0.000000000000000000e+00 0.000000000000000000e+00 0.000000000000000000e+00 0.000000000000000000e+00 0.000000000000000000e+00 0.000000000000000000e+00 0.000000000000000000e+00 1.652073352056831221e-04 0.000000000000000000e+00 0.000000000000000000e+00 0.000000000000000000e+00 1.175364362952515215e-04 0.000000000000000000e+00 0.000000000000000000e+00 0.000000000000000000e+00 0.000000000000000000e+00 0.000000000000000000e+00 0.000000000000000000e+00 0.000000000000000000e+00 8.607968519429414758e-04 0.000000000000000000e+00 0.000000000000000000e+00 1.759470089008486953e-03 5.969321751986694097e-02 0.000000000000000000e+00 3.209129925868123290e-02 0.000000000000000000e+00 0.000000000000000000e+00 1.521375323292256188e-04 9.113001215066828409e-04 0.000000000000000000e+00 0.000000000000000000e+00 0.000000000000000000e+00 0.000000000000000000e+00 0.000000000000000000e+00 1.060445387062566381e-03 0.000000000000000000e+00 2.286411096715189317e-04 0.000000000000000000e+00 0.000000000000000000e+00 0.000000000000000000e+00 2.700513097488522660e-04 0.000000000000000000e+00 0.000000000000000000e+00 0.000000000000000000e+00 0.000000000000000000e+00 0.000000000000000000e+00 0.000000000000000000e+00 0.000000000000000000e+00 0.000000000000000000e+00 0.000000000000000000e+00 0.000000000000000000e+00 0.000000000000000000e+00 0.000000000000000000e+00 0.000000000000000000e+00 0.000000000000000000e+00 0.000000000000000000e+00 0.000000000000000000e+00 0.000000000000000000e+00 0.000000000000000000e+00 0.000000000000000000e+00 0.000000000000000000e+00 0.000000000000000000e+00 0.000000000000000000e+00 0.000000000000000000e+00 0.000000000000000000e+00 0.000000000000000000e+00 0.000000000000000000e+00
1.026916585235853191e-01 2.842675668472949974e-03 2.649906724704628180e-01 8.083858932219951596e-03 6.662521097983476609e-03 7.106689171182374934e-04 0.000000000000000000e+00 1.625034822174760765e-02 1.386996904024767885e-01 5.164319248826290849e-03 1.040941932031040906e-01 4.251386321626617060e-03 3.383997204751921783e-01 5.156537753222835765e-03 3.183279742765273562e-02 1.584786053882725892e-03 5.380476556495004080e-03 8.451656524678836935e-04 1.006261180679785330e-02 7.416438077821801977e-03 0.000000000000000000e+00 0.000000000000000000e+00 1.935848523385615486e-02 1.896188469641831020e-02 7.782101167315175639e-04 4.518072289156626307e-03 0.000000000000000000e+00 8.003201280512205413e-04 2.536231884057971175e-02 7.547169811320754342e-04 1.225204200700116645e-02 2.122547056467761345e-02 1.495581237253568955e-03 6.199230440359127653e-03 4.035512510088781106e-04 0.000000000000000000e+00 6.524942117448958266e-03 0.000000000000000000e+00 4.960317460317460042e-04 3.685956505713232573e-04 4.316546762589927935e-03 0.000000000000000000e+00 1.478196600147819659e-04 0.000000000000000000e+00 3.010687942194791760e-04 1.369300287553060300e-04 0.000000000000000000e+00 0.000000000000000000e+00 1.015022330491270825e-03 0.000000000000000000e+00 1.028101439342015040e-02 9.740892265731540415e-05 5.648121999435188126e-04 0.000000000000000000e+00 1.503759398496240692e-03 3.304146704113662442e-04 9.566274827725982852e-03 4.501665616278022609e-04 6.068487212830516245e-03 3.526093088857545780e-04 3.928894927536231985e-02 0.000000000000000000e+00 1.358168412883197559e-03 0.000000000000000000e+00 3.024411319939511802e-02 2.779708130646282079e-04 5.641976303699524232e-04 2.459419576979832633e-04 1.571832756994655765e-03 5.130836326321190069e-04 1.020492651624922420e-01 2.772130844575863818e-04 4.782809611829944713e-02 2.341006632852126249e-03 2.592592592592592518e-02 0.000000000000000000e+00 4.548912216643846013e-02 1.670716889428918578e-03 1.140250855188141427e-03 0.000000000000000000e+00 1.741401828471919816e-03 1.343183344526527984e-04 1.431639226914817407e-03 0.000000000000000000e+00 2.748521136921079286e-02 0.000000000000000000e+00 3.415300546448087320e-03 0.000000000000000000e+00 1.657973174366617064e-02 0.000000000000000000e+00 0.000000000000000000e+00 4.934616333580063921e-04 8.472182999152782189e-04 4.096681687832855472e-04 9.756097560975609748e-03 0.000000000000000000e+00 0.000000000000000000e+00 0.000000000000000000e+00 7.936507936507936501e-04 0.000000000000000000e+00 0.000000000000000000e+00 0.000000000000000000e+00 0.000000000000000000e+00 3.537944454272067777e-04 0.000000000000000000e+00 0.000000000000000000e+00 0.000000000000000000e+00 0.000000000000000000e+00 9.523809523809524669e-03 0.000000000000000000e+00 0.000000000000000000e+00 0.000000000000000000e+00 0.000000000000000000e+00 0.000000000000000000e+00 0.000000000000000000e+00 2.898550724637681195e-03
6.407280156003342629e-03 9.917355371900826722e-02 4.550097502089330524e-03 2.874918748258891155e-01 0.000000000000000000e+00 5.571547961742037182e-03 1.625034822174760765e-02 0.000000000000000000e+00 1.238390092879257040e-03 6.056338028169014343e-02 8.027829810008027880e-03 1.269870609981515741e-01 2.445842068483577905e-03 2.454880294659300133e-01 1.929260450160771639e-03 1.675345256961738652e-02 7.686395080707148376e-04 5.578093306288032377e-03 1.095706618962432981e-02 1.655999187239662676e-02 0.000000000000000000e+00 0.000000000000000000e+00 1.568461212378126357e-02 1.206665389772074333e-02 1.167315175097276237e-03 0.000000000000000000e+00 0.000000000000000000e+00 4.001600640256102706e-04 1.249375312343828153e-03 3.283018867924528128e-02 2.139245429793854361e-02 1.061273528233880672e-02 8.021753908905505936e-03 1.923899102180419039e-03 0.000000000000000000e+00 1.142204454597372945e-03 1.683856030309408480e-03 5.861664712778429098e-03 0.000000000000000000e+00 1.842978252856616395e-03 7.194244604316546920e-04 2.207505518763796908e-03 0.000000000000000000e+00 1.113337786684480115e-04 0.000000000000000000e+00 4.107900862659180901e-04 0.000000000000000000e+00 2.877697841726618660e-04 0.000000000000000000e+00 1.687763713080168808e-03 1.713502398903358581e-04 3.019676602376777583e-03 0.000000000000000000e+00 5.048805116122517811e-04 0.000000000000000000e+00 4.295390715347761554e-03 8.107012565869477498e-05 2.971099306743495237e-03 2.889755815633578725e-04 2.468265162200282154e-03 3.396739130434782514e-04 9.661835748792270070e-03 0.000000000000000000e+00 2.012612370857373018e-03 6.480881399870382434e-04 1.348158443363446819e-02 8.865962762956395996e-04 3.443187407771765903e-03 0.000000000000000000e+00 1.539250897896357129e-03 1.966466570068309012e-03 7.891332470892625794e-02 4.274491682070240620e-03 7.296137339055794313e-02 0.000000000000000000e+00 0.000000000000000000e+00 3.803438308230640361e-03 4.632442284325637843e-02 0.000000000000000000e+00 1.262626262626262734e-03 1.451168190393266604e-04 8.462055070517126437e-03 0.000000000000000000e+00 4.241781548250265522e-03 3.606983119319001857e-04 2.339760688971877223e-02 0.000000000000000000e+00 1.670843776106933909e-03 1.862891207153502234e-04 2.389954091277342665e-02 1.070281840884766298e-03 4.934616333580063921e-04 1.129624399887037625e-03 6.145022531749283479e-04 9.756097560975609748e-03 5.763688760806916049e-03 0.000000000000000000e+00 0.000000000000000000e+00 0.000000000000000000e+00 0.000000000000000000e+00 0.000000000000000000e+00 0.000000000000000000e+00 3.011141222523336402e-04 7.075888908544135554e-04 0.000000000000000000e+00 5.742176284811944089e-04 0.000000000000000000e+00 0.000000000000000000e+00 1.142857142857142856e-02 1.085776330076004392e-03 0.000000000000000000e+00 0.000000000000000000e+00 0.000000000000000000e+00 0.000000000000000000e+00 0.000000000000000000e+00 0.000000000000000000e+00
4.334365325077399640e-03 0.000000000000000000e+00 9.287925696594427627e-02 1.238390092879257040e-03 2.860681114551083537e-01 5.572755417956656680e-03 1.386996904024767885e-01 1.238390092879257040e-03 0.000000000000000000e+00 4.694835680751173815e-03 2.675943270002675888e-04 0.000000000000000000e+00 5.415793151642207814e-03 1.841620626151012851e-04 1.041800643086816663e-01 6.791940230925967801e-04 1.921598770176787094e-04 0.000000000000000000e+00 3.354203935599284181e-04 0.000000000000000000e+00 4.058441558441558059e-03 0.000000000000000000e+00 3.391267486222975837e-03 3.064547021643363248e-03 3.501945525291828929e-03 3.012048192771084494e-03 1.953125000000000000e-03 0.000000000000000000e+00 6.121939030484757800e-03 1.257861635220125724e-04 5.834305717619603197e-03 2.402883460152182606e-03 0.000000000000000000e+00 0.000000000000000000e+00 4.035512510088781106e-04 0.000000000000000000e+00 4.209640075773521200e-04 0.000000000000000000e+00 0.000000000000000000e+00 0.000000000000000000e+00 1.438848920863309384e-03 0.000000000000000000e+00 1.478196600147819659e-04 0.000000000000000000e+00 0.000000000000000000e+00 0.000000000000000000e+00 0.000000000000000000e+00 0.000000000000000000e+00 0.000000000000000000e+00 0.000000000000000000e+00 0.000000000000000000e+00 0.000000000000000000e+00 0.000000000000000000e+00 0.000000000000000000e+00 0.000000000000000000e+00 0.000000000000000000e+00 0.000000000000000000e+00 0.000000000000000000e+00 1.444877907816789363e-04 0.000000000000000000e+00 1.132246376811594217e-04 0.000000000000000000e+00 0.000000000000000000e+00 0.000000000000000000e+00 0.000000000000000000e+00 0.000000000000000000e+00 8.059966148142178055e-05 0.000000000000000000e+00 0.000000000000000000e+00 0.000000000000000000e+00 8.797350445042434117e-03 3.696174459434485452e-04 1.213031423290203241e-02 0.000000000000000000e+00 0.000000000000000000e+00 0.000000000000000000e+00 4.564125969876768564e-04 0.000000000000000000e+00 0.000000000000000000e+00 0.000000000000000000e+00 0.000000000000000000e+00 0.000000000000000000e+00 7.158196134574087034e-04 0.000000000000000000e+00 9.378156110229404069e-04 0.000000000000000000e+00 6.830601092896174857e-04 0.000000000000000000e+00 7.451564828614008935e-04 0.000000000000000000e+00 0.000000000000000000e+00 0.000000000000000000e+00 0.000000000000000000e+00 0.000000000000000000e+00 0.000000000000000000e+00 0.000000000000000000e+00 0.000000000000000000e+00 0.000000000000000000e+00 0.000000000000000000e+00 0.000000000000000000e+00 0.000000000000000000e+00 0.000000000000000000e+00 0.000000000000000000e+00 0.000000000000000000e+00 0.000000000000000000e+00 0.000000000000000000e+00 0.000000000000000000e+00 0.000000000000000000e+00 0.000000000000000000e+00 0.000000000000000000e+00 0.000000000000000000e+00 0.000000000000000000e+00 0.000000000000000000e+00 0.000000000000000000e+00 0.000000000000000000e+00 0.000000000000000000e+00
0.000000000000000000e+00 4.694835680751173598e-04 5.633802816901408751e-03 4.319248826291079840e-02 7.511737089201877757e-03 3.596244131455398896e-01 5.164319248826290849e-03 6.056338028169014343e-02 4.694835680751173815e-03 0.000000000000000000e+00 0.000000000000000000e+00 1.848428835489833563e-04 0.000000000000000000e+00 2.209944751381215638e-03 8.038585209003214910e-03 8.965361104822278104e-02 0.000000000000000000e+00 0.000000000000000000e+00 0.000000000000000000e+00 6.095702529716549422e-04 0.000000000000000000e+00 7.541478129713423927e-03 5.934718100890207931e-03 3.064547021643363248e-03 5.447470817120622297e-03 5.271084337349397214e-03 9.765625000000000000e-04 1.600640256102441039e-02 0.000000000000000000e+00 5.408805031446540720e-03 7.390120575651497846e-03 5.406487785342410646e-03 0.000000000000000000e+00 5.344164172723386581e-04 0.000000000000000000e+00 0.000000000000000000e+00 0.000000000000000000e+00 0.000000000000000000e+00 0.000000000000000000e+00 3.685956505713232573e-04 0.000000000000000000e+00 0.000000000000000000e+00 0.000000000000000000e+00 0.000000000000000000e+00 0.000000000000000000e+00 0.000000000000000000e+00 0.000000000000000000e+00 1.438848920863309330e-04 0.000000000000000000e+00 0.000000000000000000e+00 0.000000000000000000e+00 0.000000000000000000e+00 0.000000000000000000e+00 0.000000000000000000e+00 0.000000000000000000e+00 1.652073352056831221e-04 0.000000000000000000e+00 0.000000000000000000e+00 0.000000000000000000e+00 0.000000000000000000e+00 0.000000000000000000e+00 0.000000000000000000e+00 0.000000000000000000e+00 0.000000000000000000e+00 0.000000000000000000e+00 0.000000000000000000e+00 0.000000000000000000e+00 0.000000000000000000e+00 0.000000000000000000e+00 2.565418163160595034e-04 3.104947215897329790e-04 2.125300314174828967e-02 3.465804066543438033e-04 1.355833008193523155e-02 0.000000000000000000e+00 0.000000000000000000e+00 0.000000000000000000e+00 2.733900364520048740e-03 0.000000000000000000e+00 0.000000000000000000e+00 0.000000000000000000e+00 0.000000000000000000e+00 0.000000000000000000e+00 1.060445387062566381e-03 0.000000000000000000e+00 1.524274064476792878e-04 0.000000000000000000e+00 8.354218880534669545e-04 0.000000000000000000e+00 0.000000000000000000e+00 0.000000000000000000e+00 0.000000000000000000e+00 0.000000000000000000e+00 0.000000000000000000e+00 0.000000000000000000e+00 0.000000000000000000e+00 0.000000000000000000e+00 0.000000000000000000e+00 0.000000000000000000e+00 0.000000000000000000e+00 0.000000000000000000e+00 0.000000000000000000e+00 0.000000000000000000e+00 0.000000000000000000e+00 0.000000000000000000e+00 0.000000000000000000e+00 0.000000000000000000e+00 0.000000000000000000e+00 0.000000000000000000e+00 0.000000000000000000e+00 0.000000000000000000e+00 0.000000000000000000e+00 0.000000000000000000e+00 0.000000000000000000e+00 0.000000000000000000e+00 0.000000000000000000e+00
2.135402729462135274e-01 1.070377308001070355e-03 3.666042279903666129e-02 4.549103559004548901e-03 0.000000000000000000e+00 0.000000000000000000e+00 1.040941932031040906e-01 8.027829810008027880e-03 2.675943270002675888e-04 0.000000000000000000e+00 0.000000000000000000e+00 7.393715341959334253e-04 1.039482879105520646e-01 3.683241252302025702e-04 1.929260450160771639e-03 2.263980076975322510e-04 4.208301306687163568e-02 1.690331304935767387e-04 8.385509838998210508e-03 2.844661180534390019e-03 0.000000000000000000e+00 0.000000000000000000e+00 4.097781545852762289e-03 2.106876077379812341e-03 0.000000000000000000e+00 0.000000000000000000e+00 0.000000000000000000e+00 0.000000000000000000e+00 4.797601199400299693e-02 0.000000000000000000e+00 1.011279657720731175e-02 1.001201441730076086e-03 1.903467029231815152e-03 1.817015818725951351e-03 8.071025020177562213e-04 0.000000000000000000e+00 8.419280151547042399e-04 0.000000000000000000e+00 4.960317460317460042e-04 0.000000000000000000e+00 0.000000000000000000e+00 0.000000000000000000e+00 0.000000000000000000e+00 0.000000000000000000e+00 3.010687942194791760e-04 0.000000000000000000e+00 0.000000000000000000e+00 0.000000000000000000e+00 2.030044660982541595e-04 0.000000000000000000e+00 1.713502398903358473e-03 0.000000000000000000e+00 0.000000000000000000e+00 0.000000000000000000e+00 0.000000000000000000e+00 0.000000000000000000e+00 6.161329550060802573e-03 0.000000000000000000e+00 1.155902326253431490e-03 0.000000000000000000e+00 1.868206521739130405e-02 0.000000000000000000e+00 4.074505238649592243e-03 0.000000000000000000e+00 1.036941023979261189e-02 0.000000000000000000e+00 7.253969533327959572e-04 0.000000000000000000e+00 1.571832756994655657e-04 0.000000000000000000e+00 4.657420823845994512e-02 0.000000000000000000e+00 1.848428835489833617e-03 9.754194303550526939e-05 3.703703703703703845e-03 0.000000000000000000e+00 1.521375323292256188e-03 1.518833535844471311e-04 0.000000000000000000e+00 0.000000000000000000e+00 2.902336380786533208e-04 0.000000000000000000e+00 7.158196134574087034e-04 0.000000000000000000e+00 4.761217717501081866e-03 7.621370322383964392e-05 0.000000000000000000e+00 0.000000000000000000e+00 1.862891207153502234e-03 1.350256548744261330e-04 0.000000000000000000e+00 0.000000000000000000e+00 0.000000000000000000e+00 0.000000000000000000e+00 0.000000000000000000e+00 0.000000000000000000e+00 0.000000000000000000e+00 0.000000000000000000e+00 0.000000000000000000e+00 0.000000000000000000e+00 0.000000000000000000e+00 0.000000000000000000e+00 0.000000000000000000e+00 0.000000000000000000e+00 0.000000000000000000e+00 0.000000000000000000e+00 0.000000000000000000e+00 0.000000000000000000e+00 0.000000000000000000e+00 0.000000000000000000e+00 0.000000000000000000e+00 0.000000000000000000e+00 0.000000000000000000e+00 0.000000000000000000e+00 0.000000000000000000e+00 0.000000000000000000e+00
3.142329020332716976e-03 1.140480591497227414e-01 3.327171903881700685e-03 3.585951940850277270e-02 0.000000000000000000e+00 1.848428835489833563e-04 4.251386321626617060e-03 1.269870609981515741e-01 0.000000000000000000e+00 1.848428835489833563e-04 7.393715341959334253e-04 0.000000000000000000e+00 3.494060097833682566e-04 1.434622467771639043e-01 0.000000000000000000e+00 9.961512338691419152e-03 1.921598770176787094e-04 7.589587559161595220e-02 3.689624329159212762e-03 2.428121507670425588e-02 0.000000000000000000e+00 0.000000000000000000e+00 5.652112477038292700e-04 5.362957287875886117e-03 0.000000000000000000e+00 0.000000000000000000e+00 0.000000000000000000e+00 0.000000000000000000e+00 1.249375312343828045e-04 7.459119496855345921e-02 1.555814858031894215e-03 6.007208650380456514e-04 9.517335146159075759e-04 3.847798204360838078e-03 4.035512510088781106e-04 1.142204454597372945e-03 4.209640075773521200e-04 1.367721766314966688e-03 0.000000000000000000e+00 0.000000000000000000e+00 0.000000000000000000e+00 2.207505518763796908e-03 0.000000000000000000e+00 0.000000000000000000e+00 0.000000000000000000e+00 1.369300287553060300e-04 0.000000000000000000e+00 0.000000000000000000e+00 0.000000000000000000e+00 1.054852320675105505e-04 0.000000000000000000e+00 4.870446132865770749e-04 0.000000000000000000e+00 0.000000000000000000e+00 0.000000000000000000e+00 1.652073352056831221e-04 1.621402513173895500e-04 6.752498424417034510e-03 0.000000000000000000e+00 4.701457451810060859e-04 1.132246376811594217e-04 5.521048999309868983e-03 0.000000000000000000e+00 1.932107876023077958e-02 0.000000000000000000e+00 1.667824878387769248e-03 1.611993229628435611e-04 8.607968519429414758e-04 4.715498270983967512e-04 7.696254489481785645e-04 4.139929621196439540e-04 5.082239881722417502e-02 3.465804066543438033e-04 1.355833008193523155e-02 0.000000000000000000e+00 0.000000000000000000e+00 1.064962726304579440e-03 2.278250303766706994e-03 0.000000000000000000e+00 6.313131313131313017e-03 1.451168190393266604e-04 3.156480859637340181e-02 0.000000000000000000e+00 2.120890774125132761e-03 0.000000000000000000e+00 1.676701470924472220e-02 0.000000000000000000e+00 1.670843776106933909e-03 0.000000000000000000e+00 1.782338644342425227e-02 0.000000000000000000e+00 0.000000000000000000e+00 0.000000000000000000e+00 0.000000000000000000e+00 0.000000000000000000e+00 0.000000000000000000e+00 0.000000000000000000e+00 0.000000000000000000e+00 0.000000000000000000e+00 0.000000000000000000e+00 0.000000000000000000e+00 0.000000000000000000e+00 0.000000000000000000e+00 0.000000000000000000e+00 0.000000000000000000e+00 0.000000000000000000e+00 0.000000000000000000e+00 0.000000000000000000e+00 0.000000000000000000e+00 0.000000000000000000e+00 0.000000000000000000e+00 0.000000000000000000e+00 0.000000000000000000e+00 0.000000000000000000e+00 0.000000000000000000e+00 0.000000000000000000e+00
5.625436757512228964e-02 0.000000000000000000e+00 4.716981132075472039e-02 1.921733053808525465e-03 5.241090146750524391e-04 6.988120195667365132e-04 3.383997204751921783e-01 2.445842068483577905e-03 5.415793151642207814e-03 0.000000000000000000e+00 1.039482879105520646e-01 3.494060097833682566e-04 0.000000000000000000e+00 1.473296500920810281e-03 1.012861736334405155e-01 4.527960153950645020e-04 7.686395080707147942e-03 0.000000000000000000e+00 6.596601073345259234e-03 4.063801686477699795e-04 0.000000000000000000e+00 0.000000000000000000e+00 2.161933022467147150e-02 5.362957287875886117e-03 0.000000000000000000e+00 3.765060240963855618e-04 0.000000000000000000e+00 0.000000000000000000e+00 8.795602198900549784e-02 0.000000000000000000e+00 7.584597432905484243e-03 3.003604325190228474e-03 1.087695445275322975e-03 6.412997007268063463e-04 0.000000000000000000e+00 0.000000000000000000e+00 4.209640075773521200e-04 0.000000000000000000e+00 0.000000000000000000e+00 0.000000000000000000e+00 2.158273381294963968e-03 0.000000000000000000e+00 0.000000000000000000e+00 0.000000000000000000e+00 0.000000000000000000e+00 1.369300287553060300e-04 0.000000000000000000e+00 0.000000000000000000e+00 0.000000000000000000e+00 0.000000000000000000e+00 3.427004797806717162e-04 0.000000000000000000e+00 0.000000000000000000e+00 0.000000000000000000e+00 0.000000000000000000e+00 0.000000000000000000e+00 5.918119173084717896e-03 0.000000000000000000e+00 4.334633723450368359e-04 0.000000000000000000e+00 3.215579710144927245e-02 0.000000000000000000e+00 6.014745828482732232e-03 0.000000000000000000e+00 2.117087923957658088e-02 0.000000000000000000e+00 4.835979688885306562e-04 0.000000000000000000e+00 6.287331027978622627e-04 2.565418163160595034e-04 2.297660939764023871e-02 1.848087229717242726e-04 8.780036968576709899e-03 2.926258291065157811e-04 0.000000000000000000e+00 0.000000000000000000e+00 7.150464019473603758e-03 3.037667071688942622e-04 2.280501710376282853e-03 0.000000000000000000e+00 4.063270933101146599e-03 0.000000000000000000e+00 1.431639226914817407e-03 0.000000000000000000e+00 1.594286538738998865e-02 0.000000000000000000e+00 2.049180327868852566e-03 0.000000000000000000e+00 5.961251862891207148e-03 0.000000000000000000e+00 0.000000000000000000e+00 0.000000000000000000e+00 0.000000000000000000e+00 0.000000000000000000e+00 0.000000000000000000e+00 0.000000000000000000e+00 0.000000000000000000e+00 0.000000000000000000e+00 0.000000000000000000e+00 0.000000000000000000e+00 0.000000000000000000e+00 0.000000000000000000e+00 0.000000000000000000e+00 3.537944454272067777e-04 0.000000000000000000e+00 0.000000000000000000e+00 0.000000000000000000e+00 0.000000000000000000e+00 0.000000000000000000e+00 0.000000000000000000e+00 0.000000000000000000e+00 0.000000000000000000e+00 0.000000000000000000e+00 0.000000000000000000e+00 0.000000000000000000e+00 2.898550724637681195e-03
