2.698069437415824279e-01 4.753280916593031757e-01 3.346046512408082374e-01 4.753565310460436955e-01 0.000000000000000000e+00 0.000000000000000000e+00 3.317695855413346218e-01 4.512497749759339927e-01 3.799502241379310030e-01 0.000000000000000000e+00 3.051913508068164749e-01 4.521520599271907637e-01 3.501154815855770375e-01 4.235365300000001332e-01 3.818564025974026110e-01 0.000000000000000000e+00 2.938964770155558792e-01 4.626281391966443057e-01 4.082491881548171997e-01 4.840549315722920132e-01 0.000000000000000000e+00 0.000000000000000000e+00 3.794244196832579075e-01 4.260052833333333733e-01 0.000000000000000000e+00 0.000000000000000000e+00 0.000000000000000000e+00 0.000000000000000000e+00 3.719397366046465758e-01 4.597291214272050119e-01 3.740311158986857065e-01 0.000000000000000000e+00 3.958058010557631845e-01 4.613778765501987955e-01 0.000000000000000000e+00 0.000000000000000000e+00 4.708736914258671025e-01 5.345116068376067897e-01 3.608534749999999791e-01 5.173585267857142567e-01 3.858078482170637646e-01 0.000000000000000000e+00 0.000000000000000000e+00 0.000000000000000000e+00 3.885557702702702731e-01 0.000000000000000000e+00 3.603633510638298287e-01 0.000000000000000000e+00 3.749030836993528792e-01 4.616256231884057759e-01 3.656448824364807448e-01 0.000000000000000000e+00 3.482949732673267240e-01 0.000000000000000000e+00 3.820142960930661968e-01 0.000000000000000000e+00 3.241628542535015534e-01 4.596609544487004206e-01 3.803057994583858847e-01 4.404659233068514146e-01 3.750577206351888293e-01 0.000000000000000000e+00 3.756806831415814840e-01 4.410698394174816794e-01 3.837513296459937329e-01 0.000000000000000000e+00 4.027453800278355533e-01 4.380220653523663188e-01 3.172383231564809281e-01 4.921919673996011380e-01 3.689834619409185779e-01 4.254205467667279139e-01 3.820113667168298921e-01 4.703385451725553557e-01 3.595691846153846183e-01 0.000000000000000000e+00 4.000083212214595174e-01 4.456478267788608894e-01 3.788293258426965182e-01 0.000000000000000000e+00 3.797529834786638747e-01 0.000000000000000000e+00 0.000000000000000000e+00 0.000000000000000000e+00 3.953121300023536011e-01 0.000000000000000000e+00 3.808600157480315218e-01 0.000000000000000000e+00 3.971748038551254356e-01 0.000000000000000000e+00 4.041950183974389321e-01 4.406463610858344371e-01 0.000000000000000000e+00 4.468612873134328312e-01 4.314853441174861248e-01 4.274187029031330520e-01 0.000000000000000000e+00 0.000000000000000000e+00 4.344662597271557458e-01 4.091445985268927776e-01 0.000000000000000000e+00 0.000000000000000000e+00 4.041584669641634653e-01 3.913109960895286288e-01 4.261738724355989549e-01 4.335064919365410607e-01 4.814802708333332792e-01 0.000000000000000000e+00 0.000000000000000000e+00 0.000000000000000000e+00 0.000000000000000000e+00 4.038174763736264161e-01 4.047891359223300678e-01 3.722661130434781751e-01 3.937025573770491782e-01 0.000000000000000000e+00
4.753280916593031757e-01 2.769471894993150163e-01 4.771093605370415047e-01 3.131616908517162456e-01 0.000000000000000000e+00 0.000000000000000000e+00 4.486493793193672142e-01 3.097329267657563667e-01 0.000000000000000000e+00 3.010751406249999595e-01 4.469324595959596191e-01 3.336847886885748737e-01 0.000000000000000000e+00 3.449855907923508602e-01 0.000000000000000000e+00 0.000000000000000000e+00 4.675545276968580688e-01 3.061085069608684428e-01 4.880651979219665093e-01 3.370543135824835557e-01 0.000000000000000000e+00 0.000000000000000000e+00 0.000000000000000000e+00 3.688327674863801642e-01 0.000000000000000000e+00 0.000000000000000000e+00 0.000000000000000000e+00 0.000000000000000000e+00 4.498107811601556039e-01 3.994362284346086311e-01 4.187448971578899837e-01 3.312169999999999837e-01 4.927613302222982883e-01 4.501673761360537873e-01 3.917210486902927280e-01 3.572005342465753297e-01 5.024219912050604808e-01 4.850427181895289319e-01 0.000000000000000000e+00 4.740552248832409776e-01 0.000000000000000000e+00 3.901125462962962698e-01 4.503929740932642312e-01 4.155806157338308160e-01 0.000000000000000000e+00 4.480096476783759774e-01 0.000000000000000000e+00 0.000000000000000000e+00 0.000000000000000000e+00 4.125923395862090004e-01 4.283235384615384778e-01 3.684166725168487311e-01 0.000000000000000000e+00 3.691006803135888359e-01 0.000000000000000000e+00 3.818168872932599656e-01 4.628825722444592228e-01 3.226912912453351323e-01 4.580522437234167410e-01 4.132149380155633045e-01 4.250131275447551760e-01 3.725687523495251341e-01 0.000000000000000000e+00 3.738720500146491266e-01 4.240590826446281603e-01 3.952901978626335855e-01 4.647320380782338778e-01 3.835002190928402110e-01 5.009050390619832482e-01 2.577952197038622106e-01 4.877912199695385032e-01 3.551638051617725389e-01 4.683150501082318229e-01 4.084556964518292754e-01 0.000000000000000000e+00 3.980375583988460808e-01 4.553285013825325578e-01 4.008659000857071053e-01 4.369104999999999239e-01 0.000000000000000000e+00 0.000000000000000000e+00 3.880275883719968011e-01 0.000000000000000000e+00 0.000000000000000000e+00 4.493495647330061349e-01 4.166827752134055762e-01 0.000000000000000000e+00 3.615763308823529143e-01 0.000000000000000000e+00 4.165438693797663405e-01 4.045237637795275898e-01 4.244415891477294478e-01 0.000000000000000000e+00 3.937340634065388256e-01 4.033997115242392573e-01 4.369455444852424764e-01 0.000000000000000000e+00 3.834910307692307452e-01 4.837493760000000642e-01 4.468985215110102827e-01 0.000000000000000000e+00 4.046882786885246386e-01 4.113207123287671574e-01 4.043263257596266258e-01 0.000000000000000000e+00 4.319144467621302552e-01 0.000000000000000000e+00 4.459834562506460043e-01 3.795976935483870163e-01 4.310112555555555280e-01 3.856197071428571488e-01 4.371897913043478190e-01 0.000000000000000000e+00 4.179211919934641140e-01 0.000000000000000000e+00 0.000000000000000000e+00
3.346046512408082374e-01 4.771093605370415047e-01 2.449766646107386092e-01 4.245122660381914770e-01 1.426401920796144251e-01 3.884807701217003473e-01 3.047382316793987855e-01 4.313665741874542769e-01 1.830228782422151090e-01 3.824760158715511671e-01 3.805544393669354486e-01 4.413263883366115858e-01 3.564521986493484063e-01 4.042938281480925045e-01 2.889851089347269530e-01 4.113845321780629782e-01 3.919543043688317185e-01 4.752930829715780736e-01 2.689970882036288313e-01 4.862226104292839413e-01 0.000000000000000000e+00 3.184726847178683817e-01 2.319956489838015112e-01 4.036977644622650740e-01 1.840238921918934956e-01 3.636346101067276515e-01 2.391129034210674187e-01 3.956078175675675768e-01 3.654019470019058136e-01 4.201724147342753013e-01 3.036002439458624913e-01 3.811970692209116773e-01 3.867599629880655310e-01 4.461097677744691459e-01 3.682014077543032116e-01 3.839447642276422878e-01 4.528234216820979929e-01 4.491729374999999247e-01 0.000000000000000000e+00 0.000000000000000000e+00 3.202037158041181053e-01 0.000000000000000000e+00 3.993761242881609941e-01 0.000000000000000000e+00 3.879540869754137256e-01 4.788602076502732063e-01 3.808350327096346466e-01 0.000000000000000000e+00 3.845779463297481215e-01 4.847758895749604280e-01 3.687069983254039895e-01 4.356518137859562434e-01 0.000000000000000000e+00 0.000000000000000000e+00 3.641520431029863225e-01 0.000000000000000000e+00 3.933545396346455059e-01 4.931241958762886402e-01 4.081024832087164489e-01 4.521581981419338092e-01 3.628353625134302374e-01 4.109906153846152876e-01 3.632947241364882784e-01 4.117827633587785585e-01 3.666274540887878297e-01 0.000000000000000000e+00 4.193361376587411149e-01 4.426602579648187819e-01 3.051192868823021653e-01 5.093003720331695794e-01 3.244912525426493222e-01 3.981285835680360430e-01 3.561492026109414621e-01 4.189682045257179799e-01 2.992467055625648298e-01 3.949704337349397298e-01 3.850880555076687251e-01 4.086597929991540590e-01 0.000000000000000000e+00 0.000000000000000000e+00 3.617605608871041767e-01 0.000000000000000000e+00 3.521552491442785926e-01 0.000000000000000000e+00 3.669232864085653079e-01 4.196879426283252057e-01 3.548654378072466642e-01 0.000000000000000000e+00 3.713558118097003979e-01 0.000000000000000000e+00 3.915152960985058272e-01 4.231763708402432322e-01 4.265480749694749996e-01 3.738552751357706594e-01 4.059797285211910189e-01 3.839576061613474423e-01 0.000000000000000000e+00 0.000000000000000000e+00 4.149575230464288556e-01 4.084159285307203402e-01 0.000000000000000000e+00 0.000000000000000000e+00 3.993394646547924753e-01 4.088377001568973546e-01 4.113177933036069045e-01 4.222592663056737305e-01 0.000000000000000000e+00 4.064857731092436643e-01 0.000000000000000000e+00 0.000000000000000000e+00 0.000000000000000000e+00 0.000000000000000000e+00 0.000000000000000000e+00 0.000000000000000000e+00 0.000000000000000000e+00 0.000000000000000000e+00
4.753565310460436955e-01 3.131616908517162456e-01 4.245122660381914770e-01 2.467812453571504583e-01 3.481124755129179627e-01 2.012003011910135364e-01 4.337072504712368715e-01 2.961056367315026416e-01 3.609644028497204782e-01 2.409451930863491520e-01 4.507858208935002220e-01 3.903100069657955418e-01 4.027300681409181071e-01 3.200131081160043078e-01 3.722073499998849178e-01 2.840017563325037964e-01 4.509496001990333514e-01 4.103545277748130715e-01 4.853622418033458619e-01 2.824719557138271608e-01 0.000000000000000000e+00 0.000000000000000000e+00 3.816036534102332789e-01 2.114240157695415900e-01 3.625217145761359117e-01 2.197133943063568073e-01 0.000000000000000000e+00 2.726699335471124974e-01 4.540776723972190787e-01 3.610002868318018532e-01 3.365244544808899119e-01 3.309137218247144019e-01 4.831021793711098855e-01 3.694171783829463540e-01 4.479857457790759057e-01 3.880063831917680006e-01 5.063704953271027653e-01 4.455772069878355945e-01 0.000000000000000000e+00 4.671472070486053507e-01 0.000000000000000000e+00 0.000000000000000000e+00 0.000000000000000000e+00 4.075693077938621900e-01 0.000000000000000000e+00 4.426203947156296947e-01 0.000000000000000000e+00 4.216667663540163424e-01 0.000000000000000000e+00 4.373190736672594170e-01 0.000000000000000000e+00 3.874256071247229594e-01 0.000000000000000000e+00 0.000000000000000000e+00 0.000000000000000000e+00 3.694277676714879388e-01 4.479709565711147978e-01 3.990103280099037142e-01 4.362208304811507897e-01 4.253289275662685553e-01 4.375303697478991061e-01 3.832452845775834449e-01 4.074464758064516023e-01 3.680266702673426482e-01 0.000000000000000000e+00 4.154099754819099433e-01 4.550438552593347730e-01 4.171053998917595984e-01 5.137332615431562388e-01 3.448271289568904385e-01 4.053072618464488852e-01 3.390645418296824865e-01 4.169712945796043013e-01 3.710199664896843830e-01 0.000000000000000000e+00 3.494589926568061888e-01 4.271038009461604057e-01 3.892040976364859461e-01 0.000000000000000000e+00 3.840158551307846779e-01 0.000000000000000000e+00 3.641792785102930807e-01 0.000000000000000000e+00 3.546748700700344537e-01 0.000000000000000000e+00 3.721758074681234540e-01 0.000000000000000000e+00 3.587565678570920902e-01 0.000000000000000000e+00 3.770235861485905504e-01 0.000000000000000000e+00 3.958496602440109702e-01 0.000000000000000000e+00 3.849106042341760570e-01 4.221629527863156595e-01 4.016054109847748688e-01 0.000000000000000000e+00 0.000000000000000000e+00 3.295060948275862489e-01 4.258206634524484557e-01 0.000000000000000000e+00 0.000000000000000000e+00 0.000000000000000000e+00 3.979746797316760509e-01 3.954510333503985509e-01 4.139646997169061926e-01 0.000000000000000000e+00 0.000000000000000000e+00 3.936561134715888532e-01 4.089206440750213223e-01 3.676712897196262042e-01 0.000000000000000000e+00 0.000000000000000000e+00 0.000000000000000000e+00 4.666762457627118277e-01 0.000000000000000000e+00
0.000000000000000000e+00 0.000000000000000000e+00 1.426401920796144251e-01 3.481124755129179627e-01 1.707344790867316719e-01 3.865282145228428612e-01 2.401113284874103471e-01 3.129857480145453730e-01 1.783925780836027597e-01 3.835051983311343893e-01 0.000000000000000000e+00 0.000000000000000000e+00 2.502367451754385907e-01 0.000000000000000000e+00 2.387772756630341664e-01 0.000000000000000000e+00 0.000000000000000000e+00 0.000000000000000000e+00 0.000000000000000000e+00 0.000000000000000000e+00 3.254870672727755432e-01 3.915309163359788069e-01 1.761173474993341648e-01 3.532692559538529453e-01 2.097858854904036119e-01 3.795878894323855279e-01 2.650331664712356483e-01 3.901866854541975460e-01 2.778727968967967810e-01 0.000000000000000000e+00 2.881236588805143883e-01 3.459966247819199481e-01 3.337288137341671290e-01 3.208545711111111531e-01 0.000000000000000000e+00 0.000000000000000000e+00 0.000000000000000000e+00 0.000000000000000000e+00 2.852310851063829533e-01 0.000000000000000000e+00 0.000000000000000000e+00 0.000000000000000000e+00 0.000000000000000000e+00 0.000000000000000000e+00 0.000000000000000000e+00 0.000000000000000000e+00 3.882107723404253918e-01 0.000000000000000000e+00 0.000000000000000000e+00 0.000000000000000000e+00 0.000000000000000000e+00 0.000000000000000000e+00 0.000000000000000000e+00 0.000000000000000000e+00 0.000000000000000000e+00 0.000000000000000000e+00 0.000000000000000000e+00 0.000000000000000000e+00 0.000000000000000000e+00 0.000000000000000000e+00 0.000000000000000000e+00 0.000000000000000000e+00 0.000000000000000000e+00 0.000000000000000000e+00 0.000000000000000000e+00 0.000000000000000000e+00 3.480151249999999807e-01 0.000000000000000000e+00 0.000000000000000000e+00 0.000000000000000000e+00 2.571944919214423919e-01 3.973088410040945262e-01 2.650947755136163764e-01 3.780062907374950876e-01 2.566033299583595495e-01 0.000000000000000000e+00 3.021627339457050865e-01 0.000000000000000000e+00 0.000000000000000000e+00 0.000000000000000000e+00 0.000000000000000000e+00 0.000000000000000000e+00 3.284664531250000019e-01 0.000000000000000000e+00 3.442935410795870399e-01 0.000000000000000000e+00 3.047932690140844891e-01 0.000000000000000000e+00 3.364974668192219354e-01 0.000000000000000000e+00 0.000000000000000000e+00 3.200939913043477913e-01 0.000000000000000000e+00 0.000000000000000000e+00 0.000000000000000000e+00 0.000000000000000000e+00 0.000000000000000000e+00 0.000000000000000000e+00 0.000000000000000000e+00 0.000000000000000000e+00 0.000000000000000000e+00 0.000000000000000000e+00 0.000000000000000000e+00 0.000000000000000000e+00 0.000000000000000000e+00 0.000000000000000000e+00 0.000000000000000000e+00 0.000000000000000000e+00 0.000000000000000000e+00 0.000000000000000000e+00 0.000000000000000000e+00 0.000000000000000000e+00 0.000000000000000000e+00 0.000000000000000000e+00 0.000000000000000000e+00 0.000000000000000000e+00
0.000000000000000000e+00 0.000000000000000000e+00 3.884807701217003473e-01 2.012003011910135364e-01 3.865282145228428612e-01 1.969269763123158989e-01 3.631297833333333447e-01 1.976597044984425844e-01 3.744398196530471234e-01 2.192385390342501128e-01 0.000000000000000000e+00 0.000000000000000000e+00 0.000000000000000000e+00 0.000000000000000000e+00 3.814012452553485200e-01 2.333121024868029525e-01 0.000000000000000000e+00 0.000000000000000000e+00 0.000000000000000000e+00 3.767499166262430754e-01 3.055446831672203878e-01 2.088044360187110149e-01 3.777185396331106948e-01 2.721114059426176790e-01 3.851940258429152886e-01 2.032718635429063558e-01 0.000000000000000000e+00 2.209943685857622686e-01 0.000000000000000000e+00 2.567791600664776075e-01 3.510071396220090234e-01 2.817286249023026046e-01 0.000000000000000000e+00 3.506541462519416341e-01 0.000000000000000000e+00 3.904738599999999504e-01 0.000000000000000000e+00 0.000000000000000000e+00 0.000000000000000000e+00 3.229682666666667257e-01 0.000000000000000000e+00 0.000000000000000000e+00 0.000000000000000000e+00 0.000000000000000000e+00 0.000000000000000000e+00 0.000000000000000000e+00 0.000000000000000000e+00 3.919706146788991541e-01 0.000000000000000000e+00 0.000000000000000000e+00 0.000000000000000000e+00 0.000000000000000000e+00 0.000000000000000000e+00 0.000000000000000000e+00 0.000000000000000000e+00 3.700326628787878880e-01 0.000000000000000000e+00 0.000000000000000000e+00 0.000000000000000000e+00 4.159739605263158002e-01 0.000000000000000000e+00 0.000000000000000000e+00 0.000000000000000000e+00 0.000000000000000000e+00 0.000000000000000000e+00 0.000000000000000000e+00 0.000000000000000000e+00 3.968211251456688626e-01 0.000000000000000000e+00 0.000000000000000000e+00 4.149671531453951734e-01 2.554975966739078674e-01 0.000000000000000000e+00 2.751074231155484773e-01 0.000000000000000000e+00 2.346267083333333225e-01 0.000000000000000000e+00 3.020178583188899979e-01 0.000000000000000000e+00 0.000000000000000000e+00 0.000000000000000000e+00 0.000000000000000000e+00 0.000000000000000000e+00 3.344090780379040950e-01 0.000000000000000000e+00 3.473907952377936481e-01 0.000000000000000000e+00 0.000000000000000000e+00 0.000000000000000000e+00 3.498065588992974040e-01 0.000000000000000000e+00 0.000000000000000000e+00 0.000000000000000000e+00 0.000000000000000000e+00 0.000000000000000000e+00 0.000000000000000000e+00 0.000000000000000000e+00 0.000000000000000000e+00 0.000000000000000000e+00 0.000000000000000000e+00 0.000000000000000000e+00 0.000000000000000000e+00 0.000000000000000000e+00 0.000000000000000000e+00 0.000000000000000000e+00 0.000000000000000000e+00 0.000000000000000000e+00 0.000000000000000000e+00 0.000000000000000000e+00 0.000000000000000000e+00 0.000000000000000000e+00 0.000000000000000000e+00 0.000000000000000000e+00 0.000000000000000000e+00 0.000000000000000000e+00 0.000000000000000000e+00
3.317695855413346218e-01 4.486493793193672142e-01 3.047382316793987855e-01 4.337072504712368715e-01 2.401113284874103471e-01 3.631297833333333447e-01 2.630761608621592362e-01 4.359649105656457357e-01 2.820665290496668920e-01 4.198882187500000418e-01 3.640683344787571940e-01 4.426466462430556636e-01 3.029874540535689165e-01 4.130636178154985516e-01 3.285456892469710288e-01 4.137091643397723395e-01 3.652817389209999654e-01 4.445136112521039795e-01 3.772955829352787060e-01 4.586649940564622718e-01 0.000000000000000000e+00 0.000000000000000000e+00 3.303507798617792979e-01 4.161057007363672122e-01 0.000000000000000000e+00 3.946064626865671277e-01 0.000000000000000000e+00 4.225645810810810810e-01 3.491529044835577356e-01 4.468979719609701418e-01 3.282963192185814894e-01 3.971588666402511292e-01 3.676089542470879490e-01 4.452211131602392125e-01 0.000000000000000000e+00 0.000000000000000000e+00 4.225954536296227526e-01 4.828615188679246106e-01 3.795812448979591913e-01 0.000000000000000000e+00 3.948579979933111161e-01 0.000000000000000000e+00 3.879276034861620648e-01 0.000000000000000000e+00 4.047249809523810193e-01 4.924458992805756385e-01 0.000000000000000000e+00 0.000000000000000000e+00 3.838984210452817680e-01 0.000000000000000000e+00 3.628389988496714125e-01 0.000000000000000000e+00 3.596395285625884064e-01 0.000000000000000000e+00 3.804186772637744296e-01 0.000000000000000000e+00 3.649836472964865797e-01 4.306313313961345757e-01 3.839116216998620379e-01 0.000000000000000000e+00 3.729400737407287947e-01 4.048815488721804190e-01 3.588182376678957231e-01 0.000000000000000000e+00 3.878458190282506601e-01 0.000000000000000000e+00 3.976289990155506548e-01 4.215492435207604527e-01 3.728611984984985250e-01 4.560210741178790106e-01 3.174871966702846326e-01 4.338224801321838853e-01 3.544975379322592435e-01 4.301312287815597935e-01 3.329044029484029554e-01 4.397204123563218658e-01 3.618692088548390307e-01 4.302551738526074754e-01 0.000000000000000000e+00 0.000000000000000000e+00 3.610471814591632023e-01 0.000000000000000000e+00 0.000000000000000000e+00 0.000000000000000000e+00 3.792934911260479880e-01 0.000000000000000000e+00 3.871728055555555548e-01 0.000000000000000000e+00 3.903618995541938141e-01 4.028782345679012833e-01 0.000000000000000000e+00 3.913061983471075034e-01 0.000000000000000000e+00 0.000000000000000000e+00 3.765010978260870389e-01 4.098673851999066198e-01 0.000000000000000000e+00 0.000000000000000000e+00 0.000000000000000000e+00 0.000000000000000000e+00 0.000000000000000000e+00 0.000000000000000000e+00 0.000000000000000000e+00 0.000000000000000000e+00 3.371367383177569788e-01 3.981449829059828804e-01 0.000000000000000000e+00 0.000000000000000000e+00 0.000000000000000000e+00 4.119382446808509957e-01 0.000000000000000000e+00 0.000000000000000000e+00 0.000000000000000000e+00 0.000000000000000000e+00 0.000000000000000000e+00 0.000000000000000000e+00
4.512497749759339927e-01 3.097329267657563667e-01 4.313665741874542769e-01 2.961056367315026416e-01 3.129857480145453730e-01 1.976597044984425844e-01 4.359649105656457357e-01 2.424042981289087628e-01 3.779741855189306943e-01 2.378959681453117758e-01 4.485296611356309748e-01 3.476260936001795976e-01 4.276715195866430674e-01 2.598054041655776802e-01 0.000000000000000000e+00 2.764084140704480830e-01 4.491881224682616747e-01 3.896191905126193955e-01 4.654932683613051680e-01 3.718076239927658455e-01 0.000000000000000000e+00 0.000000000000000000e+00 4.013524246385425931e-01 3.144618163162665181e-01 3.248561683544303746e-01 2.528104195799290022e-01 0.000000000000000000e+00 2.555470967741935717e-01 4.349908150093582115e-01 3.474957078387981291e-01 3.716430017490253146e-01 3.224039015446729106e-01 4.556040279316018737e-01 3.731911306713623366e-01 0.000000000000000000e+00 3.847338123142460820e-01 4.925521792452829950e-01 4.007995768898616751e-01 0.000000000000000000e+00 4.623354342068428102e-01 0.000000000000000000e+00 3.747204883110686335e-01 0.000000000000000000e+00 4.240151363050674860e-01 0.000000000000000000e+00 3.655003635699847764e-01 0.000000000000000000e+00 4.111284479999999797e-01 0.000000000000000000e+00 3.755277386052612854e-01 0.000000000000000000e+00 3.659984248098034354e-01 0.000000000000000000e+00 3.530505255578368917e-01 0.000000000000000000e+00 3.547819466374290687e-01 0.000000000000000000e+00 3.654841175234809225e-01 0.000000000000000000e+00 4.173135791278190787e-01 0.000000000000000000e+00 3.536867255348961625e-01 4.008154912280701421e-01 3.646605624229200537e-01 0.000000000000000000e+00 3.622316414316210098e-01 4.339890789228883494e-01 4.205430436971729913e-01 0.000000000000000000e+00 3.723622142857143102e-01 4.319109448827305742e-01 3.210761709422111920e-01 4.061312081779694383e-01 3.639864687507660679e-01 0.000000000000000000e+00 3.531333993524551906e-01 4.256803741009240194e-01 3.770913617416753461e-01 0.000000000000000000e+00 0.000000000000000000e+00 4.479871232876712628e-01 3.665298941996386062e-01 0.000000000000000000e+00 3.738477888447654940e-01 4.293644446099912360e-01 3.858934003219406939e-01 0.000000000000000000e+00 4.060537611940298608e-01 3.968712597402597742e-01 3.784009897525690835e-01 0.000000000000000000e+00 0.000000000000000000e+00 0.000000000000000000e+00 0.000000000000000000e+00 4.437520927004377502e-01 3.992935690407978244e-01 0.000000000000000000e+00 0.000000000000000000e+00 0.000000000000000000e+00 0.000000000000000000e+00 0.000000000000000000e+00 0.000000000000000000e+00 0.000000000000000000e+00 4.256407083333332841e-01 0.000000000000000000e+00 4.053932455944138091e-01 0.000000000000000000e+00 0.000000000000000000e+00 0.000000000000000000e+00 0.000000000000000000e+00 0.000000000000000000e+00 0.000000000000000000e+00 0.000000000000000000e+00 0.000000000000000000e+00 3.895848995465516218e-01 0.000000000000000000e+00
3.799502241379310030e-01 0.000000000000000000e+00 1.830228782422151090e-01 3.609644028497204782e-01 1.783925780836027597e-01 3.744398196530471234e-01 2.820665290496668920e-01 3.779741855189306943e-01 2.281722354300106670e-01 4.012775432098765194e-01 0.000000000000000000e+00 0.000000000000000000e+00 2.362791218115532221e-01 3.560999704038663727e-01 2.812480689867623007e-01 3.918404267191462065e-01 0.000000000000000000e+00 0.000000000000000000e+00 3.499096521739130106e-01 0.000000000000000000e+00 2.690971470967742363e-01 3.881928437499999607e-01 2.759152172997103580e-01 3.927975013694685602e-01 1.813320380068388360e-01 3.738411151149012568e-01 1.884265387235879718e-01 3.916662550275839538e-01 2.846773297679507375e-01 4.048947579782492534e-01 2.971848404793546727e-01 3.606200731096704803e-01 0.000000000000000000e+00 4.343440123456789315e-01 0.000000000000000000e+00 0.000000000000000000e+00 0.000000000000000000e+00 0.000000000000000000e+00 0.000000000000000000e+00 0.000000000000000000e+00 0.000000000000000000e+00 0.000000000000000000e+00 0.000000000000000000e+00 0.000000000000000000e+00 0.000000000000000000e+00 0.000000000000000000e+00 0.000000000000000000e+00 0.000000000000000000e+00 4.197160344827586820e-01 0.000000000000000000e+00 4.070143966942147973e-01 0.000000000000000000e+00 0.000000000000000000e+00 0.000000000000000000e+00 0.000000000000000000e+00 0.000000000000000000e+00 0.000000000000000000e+00 0.000000000000000000e+00 0.000000000000000000e+00 0.000000000000000000e+00 0.000000000000000000e+00 0.000000000000000000e+00 0.000000000000000000e+00 0.000000000000000000e+00 0.000000000000000000e+00 0.000000000000000000e+00 0.000000000000000000e+00 0.000000000000000000e+00 0.000000000000000000e+00 0.000000000000000000e+00 2.637698856435997663e-01 4.364354878048780084e-01 2.947515920727754035e-01 3.519882808988763490e-01 2.855762810462700863e-01 0.000000000000000000e+00 3.243451111386204122e-01 3.750543374060150148e-01 0.000000000000000000e+00 0.000000000000000000e+00 0.000000000000000000e+00 0.000000000000000000e+00 3.447695924320062777e-01 0.000000000000000000e+00 3.439409829774570104e-01 0.000000000000000000e+00 3.356602291666667126e-01 0.000000000000000000e+00 3.637442830357142665e-01 0.000000000000000000e+00 0.000000000000000000e+00 0.000000000000000000e+00 0.000000000000000000e+00 2.957533451327433727e-01 3.566101928621493999e-01 0.000000000000000000e+00 0.000000000000000000e+00 0.000000000000000000e+00 0.000000000000000000e+00 0.000000000000000000e+00 0.000000000000000000e+00 0.000000000000000000e+00 0.000000000000000000e+00 0.000000000000000000e+00 0.000000000000000000e+00 0.000000000000000000e+00 0.000000000000000000e+00 0.000000000000000000e+00 0.000000000000000000e+00 0.000000000000000000e+00 0.000000000000000000e+00 0.000000000000000000e+00 0.000000000000000000e+00 0.000000000000000000e+00 0.000000000000000000e+00 0.000000000000000000e+00
0.000000000000000000e+00 3.010751406249999595e-01 3.824760158715511671e-01 2.409451930863491520e-01 3.835051983311343893e-01 2.192385390342501128e-01 4.198882187500000418e-01 2.378959681453117758e-01 4.012775432098765194e-01 2.043388031866025800e-01 0.000000000000000000e+00 0.000000000000000000e+00 3.898087848101265962e-01 2.779556555064546242e-01 3.937844349688667811e-01 2.729004861681771366e-01 0.000000000000000000e+00 0.000000000000000000e+00 0.000000000000000000e+00 3.283052575757575697e-01 0.000000000000000000e+00 0.000000000000000000e+00 3.905436102731476566e-01 2.982526972020223544e-01 3.658798006636703737e-01 0.000000000000000000e+00 0.000000000000000000e+00 2.561067314596110478e-01 3.645067435897436092e-01 2.843897735914317493e-01 3.785000948489245509e-01 2.866393102286601824e-01 0.000000000000000000e+00 3.987434110134961962e-01 0.000000000000000000e+00 0.000000000000000000e+00 0.000000000000000000e+00 0.000000000000000000e+00 0.000000000000000000e+00 0.000000000000000000e+00 0.000000000000000000e+00 0.000000000000000000e+00 0.000000000000000000e+00 0.000000000000000000e+00 0.000000000000000000e+00 0.000000000000000000e+00 0.000000000000000000e+00 0.000000000000000000e+00 0.000000000000000000e+00 3.725527769230769226e-01 0.000000000000000000e+00 0.000000000000000000e+00 0.000000000000000000e+00 4.161998311174991416e-01 0.000000000000000000e+00 0.000000000000000000e+00 0.000000000000000000e+00 0.000000000000000000e+00 0.000000000000000000e+00 0.000000000000000000e+00 0.000000000000000000e+00 0.000000000000000000e+00 0.000000000000000000e+00 0.000000000000000000e+00 0.000000000000000000e+00 0.000000000000000000e+00 0.000000000000000000e+00 4.138053566711590303e-01 0.000000000000000000e+00 0.000000000000000000e+00 3.995877565315322788e-01 2.631953941446737444e-01 0.000000000000000000e+00 2.881253936152184392e-01 0.000000000000000000e+00 2.686710462162469892e-01 4.007029513401692000e-01 3.269141644300018745e-01 0.000000000000000000e+00 0.000000000000000000e+00 0.000000000000000000e+00 0.000000000000000000e+00 0.000000000000000000e+00 3.501372542372880314e-01 0.000000000000000000e+00 3.501346657667898654e-01 0.000000000000000000e+00 3.302307242752228755e-01 0.000000000000000000e+00 3.536983990757286977e-01 0.000000000000000000e+00 0.000000000000000000e+00 0.000000000000000000e+00 0.000000000000000000e+00 0.000000000000000000e+00 0.000000000000000000e+00 0.000000000000000000e+00 0.000000000000000000e+00 0.000000000000000000e+00 0.000000000000000000e+00 0.000000000000000000e+00 0.000000000000000000e+00 0.000000000000000000e+00 0.000000000000000000e+00 0.000000000000000000e+00 0.000000000000000000e+00 0.000000000000000000e+00 0.000000000000000000e+00 0.000000000000000000e+00 0.000000000000000000e+00 0.000000000000000000e+00 0.000000000000000000e+00 0.000000000000000000e+00 0.000000000000000000e+00 0.000000000000000000e+00 0.000000000000000000e+00
3.051913508068164749e-01 4.469324595959596191e-01 3.805544393669354486e-01 4.507858208935002220e-01 0.000000000000000000e+00 0.000000000000000000e+00 3.640683344787571940e-01 4.485296611356309748e-01 0.000000000000000000e+00 0.000000000000000000e+00 2.723779797714988016e-01 4.346130010397829535e-01 3.040656018148961137e-01 4.423381450595817443e-01 3.430224275111330989e-01 0.000000000000000000e+00 3.014902150759716792e-01 4.518306504854369132e-01 3.875722605832654932e-01 4.572992430092717719e-01 0.000000000000000000e+00 0.000000000000000000e+00 3.740215124153061232e-01 4.453757277603639375e-01 0.000000000000000000e+00 0.000000000000000000e+00 0.000000000000000000e+00 0.000000000000000000e+00 3.486662817349518440e-01 0.000000000000000000e+00 3.881307905186352492e-01 3.688796666666666613e-01 3.817645788522829320e-01 4.379548786002214755e-01 4.199926288659793228e-01 0.000000000000000000e+00 4.746672533507073077e-01 0.000000000000000000e+00 0.000000000000000000e+00 4.998416350364964233e-01 0.000000000000000000e+00 0.000000000000000000e+00 0.000000000000000000e+00 0.000000000000000000e+00 0.000000000000000000e+00 0.000000000000000000e+00 3.978945882352941665e-01 0.000000000000000000e+00 3.858580769129200116e-01 0.000000000000000000e+00 3.579768664594283889e-01 0.000000000000000000e+00 0.000000000000000000e+00 0.000000000000000000e+00 3.734253800307691940e-01 0.000000000000000000e+00 3.656427335529521261e-01 0.000000000000000000e+00 3.769871571834721435e-01 4.420965600000000273e-01 3.691718643632135310e-01 0.000000000000000000e+00 3.631149994362773414e-01 0.000000000000000000e+00 3.899287886416861748e-01 0.000000000000000000e+00 3.982055774784004631e-01 4.181220753424657599e-01 4.070944662412635529e-01 4.496628646616542269e-01 3.313007114080532278e-01 4.628200570609692921e-01 3.838690327890648124e-01 4.264649066409269551e-01 0.000000000000000000e+00 0.000000000000000000e+00 3.876012323992087394e-01 4.219603708923338470e-01 0.000000000000000000e+00 0.000000000000000000e+00 3.523560697869447256e-01 0.000000000000000000e+00 0.000000000000000000e+00 0.000000000000000000e+00 3.823906698371009050e-01 0.000000000000000000e+00 0.000000000000000000e+00 0.000000000000000000e+00 3.894361982300311720e-01 0.000000000000000000e+00 0.000000000000000000e+00 0.000000000000000000e+00 0.000000000000000000e+00 0.000000000000000000e+00 0.000000000000000000e+00 0.000000000000000000e+00 0.000000000000000000e+00 0.000000000000000000e+00 0.000000000000000000e+00 0.000000000000000000e+00 0.000000000000000000e+00 0.000000000000000000e+00 0.000000000000000000e+00 0.000000000000000000e+00 0.000000000000000000e+00 4.437954190476189886e-01 0.000000000000000000e+00 0.000000000000000000e+00 0.000000000000000000e+00 0.000000000000000000e+00 0.000000000000000000e+00 0.000000000000000000e+00 0.000000000000000000e+00 0.000000000000000000e+00 0.000000000000000000e+00 0.000000000000000000e+00
4.521520599271907637e-01 3.336847886885748737e-01 4.413263883366115858e-01 3.903100069657955418e-01 0.000000000000000000e+00 0.000000000000000000e+00 4.426466462430556636e-01 3.476260936001795976e-01 0.000000000000000000e+00 0.000000000000000000e+00 4.346130010397829535e-01 2.543981294822003636e-01 4.368496348153352860e-01 2.539676308405284244e-01 0.000000000000000000e+00 3.513371318165654511e-01 4.699867763157893896e-01 3.592366199730054332e-01 4.644909587157234343e-01 4.085715823415636549e-01 0.000000000000000000e+00 0.000000000000000000e+00 4.423617769635466157e-01 3.619185295672335267e-01 0.000000000000000000e+00 0.000000000000000000e+00 0.000000000000000000e+00 0.000000000000000000e+00 4.719884054054053757e-01 3.732715608710468480e-01 3.956058910496101366e-01 3.708889454834934929e-01 4.408910471893940919e-01 3.909758060185700157e-01 0.000000000000000000e+00 3.902438727184701084e-01 0.000000000000000000e+00 4.429833621464291382e-01 0.000000000000000000e+00 0.000000000000000000e+00 0.000000000000000000e+00 0.000000000000000000e+00 0.000000000000000000e+00 3.978261445783132788e-01 0.000000000000000000e+00 0.000000000000000000e+00 0.000000000000000000e+00 0.000000000000000000e+00 0.000000000000000000e+00 3.868431603042163935e-01 0.000000000000000000e+00 3.829570711901622571e-01 0.000000000000000000e+00 3.611036704197987945e-01 0.000000000000000000e+00 3.697243707436146942e-01 0.000000000000000000e+00 3.833762262225955952e-01 0.000000000000000000e+00 4.002762278056430922e-01 0.000000000000000000e+00 3.735985038603740205e-01 0.000000000000000000e+00 3.791877875371593154e-01 0.000000000000000000e+00 3.794872750843311104e-01 4.438795866006918223e-01 4.029725003598563782e-01 0.000000000000000000e+00 4.063362053425418896e-01 4.266662003389155022e-01 3.551097382074126507e-01 4.330343818185620197e-01 4.136735128762003000e-01 0.000000000000000000e+00 3.999496228110599461e-01 4.293398084665048242e-01 4.004651988948028096e-01 0.000000000000000000e+00 3.504412686567163759e-01 0.000000000000000000e+00 3.736151710014972149e-01 0.000000000000000000e+00 4.109428571428571653e-01 0.000000000000000000e+00 4.056718037365042995e-01 0.000000000000000000e+00 3.934532941176470677e-01 0.000000000000000000e+00 4.099451325491859088e-01 0.000000000000000000e+00 0.000000000000000000e+00 0.000000000000000000e+00 0.000000000000000000e+00 4.336992864468864339e-01 4.119499673913043503e-01 0.000000000000000000e+00 0.000000000000000000e+00 0.000000000000000000e+00 0.000000000000000000e+00 0.000000000000000000e+00 0.000000000000000000e+00 0.000000000000000000e+00 0.000000000000000000e+00 0.000000000000000000e+00 4.209878137254901564e-01 0.000000000000000000e+00 0.000000000000000000e+00 0.000000000000000000e+00 0.000000000000000000e+00 4.027387757575757732e-01 0.000000000000000000e+00 0.000000000000000000e+00 0.000000000000000000e+00 0.000000000000000000e+00 0.000000000000000000e+00
3.501154815855770375e-01 0.000000000000000000e+00 3.564521986493484063e-01 4.027300681409181071e-01 2.502367451754385907e-01 0.000000000000000000e+00 3.029874540535689165e-01 4.276715195866430674e-01 2.362791218115532221e-01 3.898087848101265962e-01 3.040656018148961137e-01 4.368496348153352860e-01 2.362396882568766621e-01 3.984275814996547926e-01 2.149110523514975168e-01 3.577761714285713768e-01 3.532782708685943129e-01 0.000000000000000000e+00 3.707544690197905335e-01 4.457599111040521089e-01 0.000000000000000000e+00 0.000000000000000000e+00 3.523437681566408131e-01 4.155000540258294017e-01 0.000000000000000000e+00 3.919697484051036795e-01 0.000000000000000000e+00 0.000000000000000000e+00 3.033521042285000080e-01 3.943358168832180044e-01 3.167960871030495729e-01 3.843242340978260674e-01 3.668147966122768944e-01 4.257952946319879528e-01 3.773496728277022649e-01 0.000000000000000000e+00 0.000000000000000000e+00 4.526092708333333547e-01 0.000000000000000000e+00 0.000000000000000000e+00 0.000000000000000000e+00 0.000000000000000000e+00 3.638393714285714231e-01 0.000000000000000000e+00 4.110171284403669190e-01 0.000000000000000000e+00 0.000000000000000000e+00 0.000000000000000000e+00 0.000000000000000000e+00 0.000000000000000000e+00 3.844907004799135719e-01 0.000000000000000000e+00 0.000000000000000000e+00 0.000000000000000000e+00 3.624741408450704028e-01 0.000000000000000000e+00 3.792099961633861871e-01 4.333545384615384299e-01 3.819196034678385976e-01 0.000000000000000000e+00 3.719469994569952753e-01 0.000000000000000000e+00 3.626588416543044535e-01 3.920617999999999603e-01 3.779259152716443193e-01 0.000000000000000000e+00 3.795110936143543667e-01 4.436739302325581336e-01 3.887491708190898287e-01 0.000000000000000000e+00 3.068747477053385686e-01 4.312765403534264963e-01 3.679220993439050180e-01 4.002477232164219356e-01 3.747833547979797508e-01 0.000000000000000000e+00 3.571024458964127124e-01 4.075621256329792219e-01 0.000000000000000000e+00 0.000000000000000000e+00 3.585555431540207172e-01 0.000000000000000000e+00 0.000000000000000000e+00 4.162928547008547531e-01 3.803507529792514164e-01 0.000000000000000000e+00 0.000000000000000000e+00 0.000000000000000000e+00 3.935024324498964110e-01 0.000000000000000000e+00 0.000000000000000000e+00 0.000000000000000000e+00 0.000000000000000000e+00 4.128777534246575454e-01 3.807514447397563617e-01 3.631159782608695541e-01 0.000000000000000000e+00 0.000000000000000000e+00 0.000000000000000000e+00 0.000000000000000000e+00 0.000000000000000000e+00 0.000000000000000000e+00 0.000000000000000000e+00 0.000000000000000000e+00 0.000000000000000000e+00 0.000000000000000000e+00 0.000000000000000000e+00 0.000000000000000000e+00 0.000000000000000000e+00 0.000000000000000000e+00 0.000000000000000000e+00 0.000000000000000000e+00 0.000000000000000000e+00 0.000000000000000000e+00 0.000000000000000000e+00 0.000000000000000000e+00
