0.000000000000000000e+00 2.593579139212112694e-02 4.586909871244634895e-02 4.715270221254987126e-03 1.776988005330963931e-03 0.000000000000000000e+00 8.899598393574296995e-02 2.941657133518548947e-03 2.661343978709248236e-03 0.000000000000000000e+00 1.450315910396323960e-01 8.944543828264758540e-04 1.894030208583073749e-02 2.683123155352830575e-04 6.517311608961303716e-03 0.000000000000000000e+00 1.152783260955388828e-01 5.062223159670955520e-03 5.827116027784923907e-02 2.430593064707788770e-02 0.000000000000000000e+00 0.000000000000000000e+00 3.875085479826760691e-03 0.000000000000000000e+00 0.000000000000000000e+00 0.000000000000000000e+00 0.000000000000000000e+00 0.000000000000000000e+00 3.375430539609643871e-02 1.276487107480214376e-03 1.022494887525562468e-03 0.000000000000000000e+00 4.032258064516128920e-02 1.867652635570724376e-02 0.000000000000000000e+00 0.000000000000000000e+00 1.022672455378678263e-01 0.000000000000000000e+00 0.000000000000000000e+00 0.000000000000000000e+00 0.000000000000000000e+00 0.000000000000000000e+00 0.000000000000000000e+00 0.000000000000000000e+00 7.346459006758741849e-04 0.000000000000000000e+00 0.000000000000000000e+00 0.000000000000000000e+00 3.235591506572295297e-03 8.611780916293490062e-05 1.311341051121811367e-02 8.409721638213775766e-05 1.527494908350305464e-03 0.000000000000000000e+00 2.807298977341086705e-03 0.000000000000000000e+00 1.838158353679804624e-01 1.150913537620486260e-03 2.521945102410477757e-02 4.437213429965981403e-04 5.676984010561830774e-02 0.000000000000000000e+00 6.723180356620871330e-03 0.000000000000000000e+00 3.670140462165835671e-02 0.000000000000000000e+00 4.892150322437180746e-03 0.000000000000000000e+00 1.156877701500127198e-01 1.609787508048937449e-03 3.949264917843758882e-02 7.938608097380259448e-04 5.225068750904617032e-02 2.707038299578905238e-03 2.426944031698860874e-02 0.000000000000000000e+00 5.965082444228903685e-02 1.380738695201932974e-03 0.000000000000000000e+00 0.000000000000000000e+00 3.241182078169685572e-03 3.022061045633121779e-04 0.000000000000000000e+00 0.000000000000000000e+00 2.096956031567080020e-02 9.664637092877162135e-05 0.000000000000000000e+00 0.000000000000000000e+00 4.439511653718091096e-03 0.000000000000000000e+00 1.254075746175068893e-03 0.000000000000000000e+00 5.592841163310961847e-04 0.000000000000000000e+00 4.861111111111111188e-02 7.159904534606205580e-03 2.244668911335578193e-03 1.926782273603082829e-03 3.164556962025316406e-03 9.285051067780872823e-04 0.000000000000000000e+00 0.000000000000000000e+00 1.117942984907769732e-03 4.837461300309597542e-04 3.924646781789639161e-04 7.103954534690978340e-04 3.562945368171021535e-03 0.000000000000000000e+00 0.000000000000000000e+00 0.000000000000000000e+00 0.000000000000000000e+00 0.000000000000000000e+00 0.000000000000000000e+00 0.000000000000000000e+00 0.000000000000000000e+00 0.000000000000000000e+00
2.593579139212112694e-02 0.000000000000000000e+00 2.145922746781115872e-03 2.490629911739813962e-02 0.000000000000000000e+00 0.000000000000000000e+00 2.409638554216867682e-03 1.302500408563490863e-01 0.000000000000000000e+00 2.788104089219330724e-03 5.743825387708213770e-04 4.859868813357185596e-02 0.000000000000000000e+00 1.958679903407566439e-02 0.000000000000000000e+00 5.031868500503186743e-03 1.184366363995262598e-03 8.521408985446107809e-02 3.048623617185490173e-02 4.450685967376039748e-02 0.000000000000000000e+00 0.000000000000000000e+00 6.838386140870754415e-04 0.000000000000000000e+00 0.000000000000000000e+00 0.000000000000000000e+00 0.000000000000000000e+00 0.000000000000000000e+00 1.836969001148105627e-03 3.497574674495787517e-02 1.022494887525562468e-03 1.128668171557561982e-03 2.734922861150070050e-02 2.303754266211604021e-02 7.496251874062968270e-04 4.786979415988511233e-04 4.823926676314520203e-04 8.656379375235227769e-02 0.000000000000000000e+00 2.392344497607655409e-03 0.000000000000000000e+00 2.298850574712643646e-02 0.000000000000000000e+00 9.141603437242892816e-05 1.469291801351748587e-04 3.963535473642489288e-04 0.000000000000000000e+00 0.000000000000000000e+00 0.000000000000000000e+00 1.205649328281088555e-03 0.000000000000000000e+00 4.204860819106887720e-03 0.000000000000000000e+00 6.492452523940918548e-04 0.000000000000000000e+00 2.498750624687656307e-03 8.719916288803627362e-04 1.529276363113221127e-01 4.180019506757698075e-04 1.656559680520633057e-02 1.466920932961713231e-04 6.634692246203037491e-02 2.923121894182987299e-04 9.902991107518188674e-03 0.000000000000000000e+00 2.118568630941783729e-02 2.223704692016900068e-04 2.306678383128295089e-03 1.042461225527587139e-02 7.244043786220219494e-02 0.000000000000000000e+00 7.806297962423922043e-02 7.236937328122738326e-04 6.246240224583918255e-02 0.000000000000000000e+00 2.665520206362854624e-02 2.101519560297445636e-03 7.939247497411114352e-02 0.000000000000000000e+00 0.000000000000000000e+00 1.906577693040991306e-04 6.044122091266243557e-03 0.000000000000000000e+00 0.000000000000000000e+00 0.000000000000000000e+00 2.696433748912728176e-02 0.000000000000000000e+00 2.982107355864811044e-03 0.000000000000000000e+00 1.187290969899665490e-02 1.504890895410082715e-03 3.518940178016973907e-03 2.796420581655480924e-04 0.000000000000000000e+00 1.620370370370370280e-02 3.341288782816229097e-02 1.122334455667789097e-03 5.780346820809248269e-03 2.109704641350210793e-03 2.785515320334261847e-03 0.000000000000000000e+00 0.000000000000000000e+00 3.726476616359232258e-04 1.547987616099071300e-03 0.000000000000000000e+00 1.420790906938195668e-03 0.000000000000000000e+00 0.000000000000000000e+00 0.000000000000000000e+00 0.000000000000000000e+00 1.716738197424892611e-03 0.000000000000000000e+00 0.000000000000000000e+00 0.000000000000000000e+00 1.470588235294117627e-02 0.000000000000000000e+00
4.586909871244634895e-02 2.145922746781115872e-03 0.000000000000000000e+00 9.430540442509974253e-03 8.040870724122611835e-02 1.994415636218588046e-03 2.621686746987951788e-01 1.634253963065860488e-02 6.653359946773119982e-02 7.434944237918215265e-03 5.686387133831131285e-02 8.944543828264758106e-03 5.897866219132102267e-02 9.390931043734907988e-03 3.380855397148676417e-02 5.702784300570278540e-03 1.816028424792735796e-02 1.054629824931448958e-03 1.322356573192693674e-01 3.888948903532462101e-03 0.000000000000000000e+00 4.279600570613409545e-03 2.076589924777752505e-01 1.344430217669654280e-02 2.474226804123711224e-02 6.243496357960457571e-03 9.487666034155597256e-03 4.450378282153982963e-04 1.653272101033295000e-02 7.658922644881286691e-04 5.521472392638036852e-02 2.172686230248306941e-02 1.823281907433380034e-02 7.963594994311717218e-03 1.499250374812593654e-03 0.000000000000000000e+00 7.235890014471779708e-03 1.129092961987203598e-03 0.000000000000000000e+00 0.000000000000000000e+00 0.000000000000000000e+00 0.000000000000000000e+00 0.000000000000000000e+00 0.000000000000000000e+00 7.346459006758741849e-04 0.000000000000000000e+00 0.000000000000000000e+00 0.000000000000000000e+00 2.527805864509605552e-03 0.000000000000000000e+00 3.688146706280094091e-03 8.409721638213775766e-05 0.000000000000000000e+00 0.000000000000000000e+00 4.010427110487266799e-04 0.000000000000000000e+00 3.662364841297523384e-03 1.438641922025607825e-04 4.598021457433467719e-03 1.479071143321993801e-04 4.547454892181311721e-03 3.996802557953636997e-04 2.630809704764688894e-03 0.000000000000000000e+00 4.757589487992749944e-03 0.000000000000000000e+00 8.338892595063375837e-03 0.000000000000000000e+00 4.576659038901601841e-03 0.000000000000000000e+00 6.572499279331218969e-02 3.440063508864779022e-03 7.222463453466493322e-02 1.604170844194906720e-03 5.943536404160475184e-03 0.000000000000000000e+00 8.535402521823472199e-02 3.279254401104591057e-03 0.000000000000000000e+00 0.000000000000000000e+00 8.198284080076263455e-03 0.000000000000000000e+00 0.000000000000000000e+00 0.000000000000000000e+00 6.087936865839909707e-03 9.664637092877162135e-05 0.000000000000000000e+00 0.000000000000000000e+00 3.144654088050314635e-03 0.000000000000000000e+00 2.257336343115123965e-03 8.279859242392879079e-04 0.000000000000000000e+00 0.000000000000000000e+00 4.629629629629629373e-02 1.431980906921241116e-02 0.000000000000000000e+00 0.000000000000000000e+00 0.000000000000000000e+00 0.000000000000000000e+00 0.000000000000000000e+00 0.000000000000000000e+00 9.316191540898080374e-04 3.869969040247678250e-04 0.000000000000000000e+00 0.000000000000000000e+00 0.000000000000000000e+00 0.000000000000000000e+00 0.000000000000000000e+00 0.000000000000000000e+00 0.000000000000000000e+00 0.000000000000000000e+00 0.000000000000000000e+00 0.000000000000000000e+00 0.000000000000000000e+00 0.000000000000000000e+00
4.715270221254987126e-03 2.490629911739813962e-02 9.430540442509974253e-03 0.000000000000000000e+00 1.332741003998223111e-03 2.871958516154766647e-02 1.204819277108433798e-02 2.315737865664324324e-01 4.657351962741184195e-03 2.416356877323420221e-02 4.020677771395749639e-03 8.378056052474656956e-02 1.054902900982977731e-02 7.271263751006171172e-02 3.665987780040733286e-03 4.025494800402549395e-02 1.579155151993683320e-03 2.615481965829993816e-02 7.589400565989194367e-03 1.397861078103057042e-01 0.000000000000000000e+00 0.000000000000000000e+00 2.302256667426487435e-02 2.375160051216389234e-01 1.030927835051546372e-02 2.101977107180020843e-01 1.265022137887413054e-03 3.115264797507788074e-03 1.607347876004592505e-03 1.123308654582588773e-02 1.891615541922290339e-02 1.207674943566591358e-01 8.765778401122019392e-03 2.569207432688661377e-02 3.748125937031484135e-04 2.393489707994255616e-03 0.000000000000000000e+00 4.102371095220173208e-02 0.000000000000000000e+00 5.582137161084529432e-03 0.000000000000000000e+00 0.000000000000000000e+00 0.000000000000000000e+00 0.000000000000000000e+00 0.000000000000000000e+00 3.963535473642489288e-04 0.000000000000000000e+00 3.234152652005174906e-04 0.000000000000000000e+00 6.889424733034792050e-04 0.000000000000000000e+00 2.354722058699857106e-03 0.000000000000000000e+00 4.869339392955688911e-04 0.000000000000000000e+00 7.496251874062968270e-04 1.743983257760725472e-04 5.754567688102431300e-03 2.786679671171798716e-04 8.134891288270966123e-03 2.933841865923426462e-04 8.393285371702637748e-03 0.000000000000000000e+00 8.084074373484235630e-04 0.000000000000000000e+00 9.079579846893360076e-03 6.671114076050699932e-04 3.734622144112477969e-03 2.542588354945334115e-04 4.507405022537025116e-03 2.882675122513692892e-04 4.525006615506747820e-02 1.592126212187002475e-03 8.121114898736715715e-02 0.000000000000000000e+00 1.461736887360275128e-02 9.699321047526673250e-04 8.664135312392129418e-02 0.000000000000000000e+00 0.000000000000000000e+00 0.000000000000000000e+00 1.813236627379873067e-03 0.000000000000000000e+00 1.584786053882725892e-03 1.127395715896279570e-04 2.996037498791920533e-03 0.000000000000000000e+00 9.940357852882702756e-04 0.000000000000000000e+00 1.505016722408026707e-03 1.003260596940055071e-03 1.241978886358931916e-03 0.000000000000000000e+00 0.000000000000000000e+00 9.259259259259258745e-03 1.909307875894988155e-02 0.000000000000000000e+00 0.000000000000000000e+00 0.000000000000000000e+00 3.714020427112349129e-03 0.000000000000000000e+00 0.000000000000000000e+00 3.726476616359232258e-04 2.902476780185758417e-04 0.000000000000000000e+00 2.131186360407293177e-03 1.187648456057007178e-03 0.000000000000000000e+00 0.000000000000000000e+00 0.000000000000000000e+00 0.000000000000000000e+00 0.000000000000000000e+00 0.000000000000000000e+00 1.213592233009708633e-03 0.000000000000000000e+00 0.000000000000000000e+00
1.776988005330963931e-03 0.000000000000000000e+00 8.040870724122611835e-02 1.332741003998223111e-03 0.000000000000000000e+00 3.988831272437176091e-03 1.606425702811245049e-03 0.000000000000000000e+00 2.887558216899534513e-01 2.788104089219330724e-03 5.743825387708213770e-04 0.000000000000000000e+00 3.596259889714696536e-03 0.000000000000000000e+00 2.725050916496944975e-01 3.354579000335457901e-04 0.000000000000000000e+00 0.000000000000000000e+00 2.701312065860560913e-03 0.000000000000000000e+00 3.868698710433763482e-02 2.853067047075606363e-03 1.664007294278550125e-02 6.402048655569782080e-04 1.010309278350515483e-01 6.763787721123829325e-03 2.061986084756483317e-01 1.780151312861593185e-03 2.985074626865671672e-03 0.000000000000000000e+00 8.691206543967280873e-03 4.796839729119638587e-03 8.765778401122019392e-04 0.000000000000000000e+00 3.748125937031484135e-04 0.000000000000000000e+00 4.823926676314520203e-04 0.000000000000000000e+00 0.000000000000000000e+00 0.000000000000000000e+00 0.000000000000000000e+00 0.000000000000000000e+00 1.787629603146228055e-04 0.000000000000000000e+00 0.000000000000000000e+00 0.000000000000000000e+00 5.300821627352239216e-04 0.000000000000000000e+00 0.000000000000000000e+00 0.000000000000000000e+00 1.024485196188915131e-04 0.000000000000000000e+00 0.000000000000000000e+00 0.000000000000000000e+00 0.000000000000000000e+00 0.000000000000000000e+00 0.000000000000000000e+00 0.000000000000000000e+00 0.000000000000000000e+00 0.000000000000000000e+00 0.000000000000000000e+00 0.000000000000000000e+00 0.000000000000000000e+00 0.000000000000000000e+00 2.265518803806071673e-04 0.000000000000000000e+00 1.111852346008450034e-04 0.000000000000000000e+00 5.085176709890668230e-04 0.000000000000000000e+00 1.614298068607667933e-02 7.938608097380259448e-04 2.938196555217831643e-02 0.000000000000000000e+00 3.962357602773650123e-03 0.000000000000000000e+00 5.657937277723892530e-03 1.035554021401449785e-03 0.000000000000000000e+00 0.000000000000000000e+00 3.813155386081982612e-04 0.000000000000000000e+00 6.485084306095979627e-03 0.000000000000000000e+00 9.019165727170236563e-04 0.000000000000000000e+00 1.501501501501501488e-03 0.000000000000000000e+00 3.699593044765075913e-04 0.000000000000000000e+00 0.000000000000000000e+00 0.000000000000000000e+00 0.000000000000000000e+00 0.000000000000000000e+00 2.314814814814814686e-03 0.000000000000000000e+00 0.000000000000000000e+00 0.000000000000000000e+00 0.000000000000000000e+00 0.000000000000000000e+00 0.000000000000000000e+00 0.000000000000000000e+00 0.000000000000000000e+00 0.000000000000000000e+00 0.000000000000000000e+00 7.103954534690978340e-04 0.000000000000000000e+00 0.000000000000000000e+00 0.000000000000000000e+00 0.000000000000000000e+00 0.000000000000000000e+00 0.000000000000000000e+00 0.000000000000000000e+00 0.000000000000000000e+00 0.000000000000000000e+00 0.000000000000000000e+00
0.000000000000000000e+00 0.000000000000000000e+00 1.994415636218588046e-03 2.871958516154766647e-02 3.988831272437176091e-03 0.000000000000000000e+00 4.819277108433734714e-04 1.634253963065860358e-03 1.330671989354624118e-03 1.375464684014869876e-01 0.000000000000000000e+00 0.000000000000000000e+00 4.795013186286262120e-04 2.683123155352830575e-04 1.221995926680244501e-03 1.774572291177457239e-01 0.000000000000000000e+00 0.000000000000000000e+00 1.286339078981219573e-04 1.080263584314572782e-03 3.516998827667057632e-03 5.706134094151212727e-03 4.103031684522452649e-03 2.624839948783610696e-02 2.268041237113401984e-02 2.398543184183142551e-01 1.897533206831119581e-03 1.121495327102803724e-01 0.000000000000000000e+00 3.063569057952514677e-03 6.134969325153374377e-03 7.054176072234762986e-03 0.000000000000000000e+00 3.792188092529389255e-04 0.000000000000000000e+00 0.000000000000000000e+00 0.000000000000000000e+00 3.763643206624012172e-04 0.000000000000000000e+00 0.000000000000000000e+00 0.000000000000000000e+00 0.000000000000000000e+00 0.000000000000000000e+00 9.141603437242892816e-05 0.000000000000000000e+00 1.321178491214163096e-04 0.000000000000000000e+00 1.617076326002587453e-04 0.000000000000000000e+00 0.000000000000000000e+00 0.000000000000000000e+00 0.000000000000000000e+00 0.000000000000000000e+00 0.000000000000000000e+00 0.000000000000000000e+00 0.000000000000000000e+00 0.000000000000000000e+00 1.438641922025607825e-04 0.000000000000000000e+00 0.000000000000000000e+00 0.000000000000000000e+00 0.000000000000000000e+00 0.000000000000000000e+00 0.000000000000000000e+00 0.000000000000000000e+00 0.000000000000000000e+00 0.000000000000000000e+00 1.098418277680140531e-04 0.000000000000000000e+00 0.000000000000000000e+00 3.170942634765062072e-03 5.557025668166181570e-02 0.000000000000000000e+00 5.353920192500501163e-02 0.000000000000000000e+00 1.504729148753224457e-02 0.000000000000000000e+00 2.416292716603382976e-03 0.000000000000000000e+00 0.000000000000000000e+00 0.000000000000000000e+00 0.000000000000000000e+00 0.000000000000000000e+00 0.000000000000000000e+00 0.000000000000000000e+00 5.798782255726297281e-04 0.000000000000000000e+00 2.982107355864811044e-03 0.000000000000000000e+00 3.344481605351170401e-04 0.000000000000000000e+00 0.000000000000000000e+00 0.000000000000000000e+00 0.000000000000000000e+00 2.314814814814814686e-03 0.000000000000000000e+00 0.000000000000000000e+00 0.000000000000000000e+00 0.000000000000000000e+00 0.000000000000000000e+00 0.000000000000000000e+00 0.000000000000000000e+00 0.000000000000000000e+00 9.674922600619195625e-05 0.000000000000000000e+00 0.000000000000000000e+00 0.000000000000000000e+00 0.000000000000000000e+00 0.000000000000000000e+00 0.000000000000000000e+00 8.583690987124463056e-04 0.000000000000000000e+00 0.000000000000000000e+00 0.000000000000000000e+00 0.000000000000000000e+00 0.000000000000000000e+00
8.899598393574296995e-02 2.409638554216867682e-03 2.621686746987951788e-01 1.204819277108433798e-02 1.606425702811245049e-03 4.819277108433734714e-04 0.000000000000000000e+00 2.582121261644059612e-02 3.393213572854291565e-02 0.000000000000000000e+00 1.134405514072372168e-01 1.639833035181872262e-02 1.834092543754495264e-01 8.854306412664341222e-03 1.914460285132382755e-02 1.341831600134183160e-03 6.119226213975523243e-03 1.054629824931448958e-03 1.376382814509904788e-02 5.941449713730150191e-03 0.000000000000000000e+00 0.000000000000000000e+00 2.119899703669933869e-02 7.042253521126760722e-03 0.000000000000000000e+00 1.040582726326743073e-03 0.000000000000000000e+00 4.450378282153982963e-04 7.807118254879449187e-03 1.276487107480214376e-03 2.658486707566462201e-02 1.439051918735891576e-02 2.279102384291725042e-03 8.722032612817596370e-03 7.496251874062968270e-04 0.000000000000000000e+00 9.647853352629040405e-04 3.763643206624012172e-04 0.000000000000000000e+00 7.974481658692185058e-04 0.000000000000000000e+00 1.149425287356321823e-02 0.000000000000000000e+00 0.000000000000000000e+00 5.877167205406994346e-04 0.000000000000000000e+00 2.650410813676119608e-04 0.000000000000000000e+00 3.033367037411526922e-03 8.611780916293490062e-05 9.732609363794693727e-03 0.000000000000000000e+00 5.091649694501018501e-03 0.000000000000000000e+00 3.208341688389813439e-03 0.000000000000000000e+00 2.964771538193233195e-03 2.877283844051215650e-04 5.016023408109237906e-03 0.000000000000000000e+00 1.437582514302479172e-02 0.000000000000000000e+00 8.477053493130663059e-03 0.000000000000000000e+00 2.854553692795650313e-02 5.340929321701975941e-04 2.668445630420279973e-03 2.196836555360281063e-04 2.542588354945334115e-04 3.219575016097875005e-04 1.314499855866243794e-01 7.938608097380259448e-04 3.256621797655231965e-02 3.709645077200722074e-03 4.952947003467062653e-04 4.299226139294927006e-04 3.653410927901713789e-02 4.314808422506040408e-03 0.000000000000000000e+00 0.000000000000000000e+00 1.792183031458531930e-02 0.000000000000000000e+00 0.000000000000000000e+00 0.000000000000000000e+00 2.739571589627959325e-02 0.000000000000000000e+00 7.507507507507507442e-04 0.000000000000000000e+00 7.584165741768405730e-03 0.000000000000000000e+00 7.524454477050413577e-04 0.000000000000000000e+00 0.000000000000000000e+00 0.000000000000000000e+00 2.314814814814814686e-03 2.386634844868735193e-03 0.000000000000000000e+00 1.926782273603082829e-03 0.000000000000000000e+00 0.000000000000000000e+00 0.000000000000000000e+00 0.000000000000000000e+00 1.863238308179616129e-04 1.934984520123839125e-04 0.000000000000000000e+00 0.000000000000000000e+00 0.000000000000000000e+00 0.000000000000000000e+00 0.000000000000000000e+00 0.000000000000000000e+00 0.000000000000000000e+00 0.000000000000000000e+00 0.000000000000000000e+00 0.000000000000000000e+00 0.000000000000000000e+00 0.000000000000000000e+00
2.941657133518548947e-03 1.302500408563490863e-01 1.634253963065860488e-02 2.315737865664324324e-01 0.000000000000000000e+00 1.634253963065860358e-03 2.582121261644059612e-02 0.000000000000000000e+00 1.330671989354624118e-03 2.397769516728624484e-01 1.263641585295807029e-02 1.109123434704830102e-01 1.438503955885878614e-02 2.066004829621679584e-01 1.629327902240325929e-03 1.408923180140892253e-02 3.947887879984208299e-04 1.307740982914996908e-02 1.080524826344224365e-02 1.425947931295236046e-02 0.000000000000000000e+00 0.000000000000000000e+00 2.940506040574424398e-02 2.176696542893725994e-02 0.000000000000000000e+00 7.284079084287201078e-03 6.325110689437065271e-04 0.000000000000000000e+00 2.296211251435132088e-03 6.637732958897114843e-03 1.942740286298568625e-02 1.580135440180586992e-02 8.239831697054698229e-03 3.792188092529389255e-03 0.000000000000000000e+00 4.786979415988511233e-04 0.000000000000000000e+00 2.182913059841927114e-02 0.000000000000000000e+00 4.784688995215310818e-03 0.000000000000000000e+00 0.000000000000000000e+00 0.000000000000000000e+00 0.000000000000000000e+00 0.000000000000000000e+00 1.321178491214163096e-04 0.000000000000000000e+00 0.000000000000000000e+00 1.011122345803842280e-04 1.808473992421632832e-03 1.024485196188915131e-04 3.279791438903372196e-03 0.000000000000000000e+00 1.623113130985229637e-04 0.000000000000000000e+00 1.749125437281359371e-03 0.000000000000000000e+00 2.589555459646094085e-03 0.000000000000000000e+00 4.733027658630380163e-03 0.000000000000000000e+00 1.718625099920063903e-02 2.923121894182987299e-04 1.616814874696847126e-03 4.531037607612143346e-04 9.613672779063556911e-03 3.335557038025349966e-04 1.318101933216168746e-03 0.000000000000000000e+00 9.658725048293625558e-04 1.729605073508215518e-03 7.832759989415188917e-02 2.315819944999276091e-03 3.980348907158612337e-02 0.000000000000000000e+00 2.579535683576956312e-03 2.424830261881668475e-03 2.554366586123575991e-02 0.000000000000000000e+00 0.000000000000000000e+00 0.000000000000000000e+00 3.928679359323058312e-03 0.000000000000000000e+00 0.000000000000000000e+00 0.000000000000000000e+00 1.014786894752102084e-02 0.000000000000000000e+00 9.940357852882702756e-04 0.000000000000000000e+00 5.685618729096990169e-03 2.508151492350137678e-04 0.000000000000000000e+00 0.000000000000000000e+00 0.000000000000000000e+00 4.629629629629629373e-03 9.546539379474940773e-03 0.000000000000000000e+00 0.000000000000000000e+00 0.000000000000000000e+00 0.000000000000000000e+00 0.000000000000000000e+00 0.000000000000000000e+00 0.000000000000000000e+00 1.934984520123839125e-04 0.000000000000000000e+00 0.000000000000000000e+00 0.000000000000000000e+00 0.000000000000000000e+00 0.000000000000000000e+00 0.000000000000000000e+00 0.000000000000000000e+00 0.000000000000000000e+00 0.000000000000000000e+00 0.000000000000000000e+00 0.000000000000000000e+00 0.000000000000000000e+00
2.661343978709248236e-03 0.000000000000000000e+00 6.653359946773119982e-02 4.657351962741184195e-03 2.887558216899534513e-01 1.330671989354624118e-03 3.393213572854291565e-02 1.330671989354624118e-03 0.000000000000000000e+00 9.293680297397769081e-04 3.446295232624928262e-03 0.000000000000000000e+00 3.236633900743227099e-02 8.049369466058491724e-04 2.044806517311608951e-01 6.709158000670915802e-04 0.000000000000000000e+00 0.000000000000000000e+00 1.286339078981219573e-04 0.000000000000000000e+00 1.172332942555685733e-03 0.000000000000000000e+00 5.014816503305219615e-03 2.880921895006402153e-03 0.000000000000000000e+00 1.560874089490114393e-03 1.897533206831119581e-03 8.900756564307965926e-04 6.659012629161882926e-03 0.000000000000000000e+00 5.623721881390593251e-03 1.693002257336343082e-03 0.000000000000000000e+00 9.480470231323473137e-05 0.000000000000000000e+00 0.000000000000000000e+00 0.000000000000000000e+00 0.000000000000000000e+00 0.000000000000000000e+00 0.000000000000000000e+00 0.000000000000000000e+00 0.000000000000000000e+00 0.000000000000000000e+00 0.000000000000000000e+00 0.000000000000000000e+00 0.000000000000000000e+00 0.000000000000000000e+00 0.000000000000000000e+00 0.000000000000000000e+00 0.000000000000000000e+00 0.000000000000000000e+00 0.000000000000000000e+00 0.000000000000000000e+00 0.000000000000000000e+00 0.000000000000000000e+00 0.000000000000000000e+00 0.000000000000000000e+00 0.000000000000000000e+00 0.000000000000000000e+00 0.000000000000000000e+00 2.933841865923426462e-04 0.000000000000000000e+00 0.000000000000000000e+00 0.000000000000000000e+00 6.796556411418215289e-04 0.000000000000000000e+00 0.000000000000000000e+00 0.000000000000000000e+00 0.000000000000000000e+00 0.000000000000000000e+00 1.729605073508215518e-03 7.938608097380259448e-04 1.432913590968302141e-02 0.000000000000000000e+00 4.457652303120356388e-03 0.000000000000000000e+00 3.394762366634335692e-03 6.903693476009664870e-04 0.000000000000000000e+00 0.000000000000000000e+00 1.906577693040991360e-03 0.000000000000000000e+00 2.594033722438391591e-03 0.000000000000000000e+00 1.127395715896279570e-04 0.000000000000000000e+00 0.000000000000000000e+00 0.000000000000000000e+00 0.000000000000000000e+00 0.000000000000000000e+00 0.000000000000000000e+00 0.000000000000000000e+00 0.000000000000000000e+00 0.000000000000000000e+00 0.000000000000000000e+00 0.000000000000000000e+00 0.000000000000000000e+00 0.000000000000000000e+00 0.000000000000000000e+00 0.000000000000000000e+00 0.000000000000000000e+00 0.000000000000000000e+00 0.000000000000000000e+00 0.000000000000000000e+00 0.000000000000000000e+00 0.000000000000000000e+00 0.000000000000000000e+00 0.000000000000000000e+00 0.000000000000000000e+00 0.000000000000000000e+00 0.000000000000000000e+00 0.000000000000000000e+00 0.000000000000000000e+00 0.000000000000000000e+00 0.000000000000000000e+00 0.000000000000000000e+00
0.000000000000000000e+00 2.788104089219330724e-03 7.434944237918215265e-03 2.416356877323420221e-02 2.788104089219330724e-03 1.375464684014869876e-01 0.000000000000000000e+00 2.397769516728624484e-01 9.293680297397769081e-04 0.000000000000000000e+00 0.000000000000000000e+00 5.963029218843171999e-04 4.795013186286262120e-04 2.414810839817547409e-03 8.146639511201629645e-04 1.422341496142234263e-01 0.000000000000000000e+00 4.218519299725796267e-04 0.000000000000000000e+00 2.160527168629145401e-04 0.000000000000000000e+00 0.000000000000000000e+00 2.051515842261226324e-03 1.920614596670934624e-03 2.061855670103092831e-03 1.456815816857440216e-02 0.000000000000000000e+00 0.000000000000000000e+00 0.000000000000000000e+00 7.658922644881286691e-04 1.533742331288343594e-03 2.821670428893904956e-04 0.000000000000000000e+00 1.896094046264694627e-04 0.000000000000000000e+00 0.000000000000000000e+00 0.000000000000000000e+00 0.000000000000000000e+00 0.000000000000000000e+00 0.000000000000000000e+00 0.000000000000000000e+00 0.000000000000000000e+00 0.000000000000000000e+00 0.000000000000000000e+00 0.000000000000000000e+00 0.000000000000000000e+00 0.000000000000000000e+00 0.000000000000000000e+00 0.000000000000000000e+00 0.000000000000000000e+00 0.000000000000000000e+00 0.000000000000000000e+00 0.000000000000000000e+00 0.000000000000000000e+00 0.000000000000000000e+00 0.000000000000000000e+00 0.000000000000000000e+00 1.438641922025607825e-04 0.000000000000000000e+00 0.000000000000000000e+00 0.000000000000000000e+00 3.996802557953636997e-04 0.000000000000000000e+00 0.000000000000000000e+00 0.000000000000000000e+00 0.000000000000000000e+00 0.000000000000000000e+00 0.000000000000000000e+00 0.000000000000000000e+00 3.219575016097875005e-04 0.000000000000000000e+00 9.261709446943636528e-03 1.447387465624547557e-04 6.115901343493082044e-03 0.000000000000000000e+00 8.598452278589854012e-04 0.000000000000000000e+00 3.624439074905074030e-03 0.000000000000000000e+00 2.525252525252525467e-03 0.000000000000000000e+00 6.044122091266243557e-04 0.000000000000000000e+00 0.000000000000000000e+00 0.000000000000000000e+00 3.865854837150864854e-04 0.000000000000000000e+00 0.000000000000000000e+00 0.000000000000000000e+00 1.672240802675585200e-04 0.000000000000000000e+00 2.069964810598219770e-04 0.000000000000000000e+00 0.000000000000000000e+00 2.314814814814814686e-03 0.000000000000000000e+00 0.000000000000000000e+00 0.000000000000000000e+00 0.000000000000000000e+00 0.000000000000000000e+00 0.000000000000000000e+00 0.000000000000000000e+00 0.000000000000000000e+00 0.000000000000000000e+00 0.000000000000000000e+00 0.000000000000000000e+00 0.000000000000000000e+00 0.000000000000000000e+00 0.000000000000000000e+00 0.000000000000000000e+00 0.000000000000000000e+00 0.000000000000000000e+00 0.000000000000000000e+00 0.000000000000000000e+00 0.000000000000000000e+00 0.000000000000000000e+00
1.450315910396323960e-01 5.743825387708213770e-04 5.686387133831131285e-02 4.020677771395749639e-03 5.743825387708213770e-04 0.000000000000000000e+00 1.134405514072372168e-01 1.263641585295807029e-02 3.446295232624928262e-03 0.000000000000000000e+00 0.000000000000000000e+00 1.192605843768634400e-03 1.858067609685926658e-01 8.049369466058491724e-04 1.547861507128309513e-02 0.000000000000000000e+00 2.842479273588630062e-02 4.218519299725796267e-04 2.328273732956007147e-02 2.700658960786432063e-03 0.000000000000000000e+00 0.000000000000000000e+00 5.014816503305219615e-03 0.000000000000000000e+00 0.000000000000000000e+00 0.000000000000000000e+00 0.000000000000000000e+00 0.000000000000000000e+00 7.692307692307692735e-02 7.658922644881286691e-04 9.202453987730061999e-03 8.465011286681715409e-04 3.330995792426367369e-03 2.559726962457337801e-03 0.000000000000000000e+00 0.000000000000000000e+00 0.000000000000000000e+00 0.000000000000000000e+00 0.000000000000000000e+00 0.000000000000000000e+00 0.000000000000000000e+00 0.000000000000000000e+00 0.000000000000000000e+00 0.000000000000000000e+00 1.469291801351748587e-04 0.000000000000000000e+00 0.000000000000000000e+00 0.000000000000000000e+00 2.022244691607684561e-04 0.000000000000000000e+00 1.024485196188915049e-03 0.000000000000000000e+00 1.527494908350305464e-03 0.000000000000000000e+00 6.015640665730899927e-04 0.000000000000000000e+00 8.196721311475410263e-03 0.000000000000000000e+00 2.229343736937438973e-03 0.000000000000000000e+00 2.171042980783335907e-02 0.000000000000000000e+00 1.490792166033323533e-02 0.000000000000000000e+00 8.155867693701857046e-03 0.000000000000000000e+00 8.894818768067600271e-04 0.000000000000000000e+00 1.017035341978133646e-03 0.000000000000000000e+00 5.448255981550879229e-02 0.000000000000000000e+00 8.973802286872195610e-03 1.403649488670543352e-03 0.000000000000000000e+00 0.000000000000000000e+00 5.657937277723892530e-03 5.177770107007248924e-04 0.000000000000000000e+00 0.000000000000000000e+00 6.673021925643470194e-03 0.000000000000000000e+00 0.000000000000000000e+00 0.000000000000000000e+00 3.945885005636978402e-03 1.932927418575432427e-04 0.000000000000000000e+00 0.000000000000000000e+00 9.248982611912689783e-04 0.000000000000000000e+00 0.000000000000000000e+00 2.069964810598219770e-04 0.000000000000000000e+00 0.000000000000000000e+00 2.314814814814814686e-03 0.000000000000000000e+00 0.000000000000000000e+00 0.000000000000000000e+00 0.000000000000000000e+00 0.000000000000000000e+00 0.000000000000000000e+00 0.000000000000000000e+00 0.000000000000000000e+00 0.000000000000000000e+00 0.000000000000000000e+00 0.000000000000000000e+00 0.000000000000000000e+00 0.000000000000000000e+00 0.000000000000000000e+00 0.000000000000000000e+00 0.000000000000000000e+00 0.000000000000000000e+00 0.000000000000000000e+00 0.000000000000000000e+00 0.000000000000000000e+00 0.000000000000000000e+00
8.944543828264758540e-04 4.859868813357185596e-02 8.944543828264758106e-03 8.378056052474656956e-02 0.000000000000000000e+00 0.000000000000000000e+00 1.639833035181872262e-02 1.109123434704830102e-01 0.000000000000000000e+00 5.963029218843171999e-04 1.192605843768634400e-03 0.000000000000000000e+00 7.192519779429393722e-04 2.135766031660853159e-01 0.000000000000000000e+00 9.728279100972828455e-03 0.000000000000000000e+00 4.239611896224425303e-02 5.145356315924877640e-03 2.333369342119477260e-02 0.000000000000000000e+00 0.000000000000000000e+00 3.647139275131069166e-03 7.042253521126760722e-03 0.000000000000000000e+00 0.000000000000000000e+00 0.000000000000000000e+00 0.000000000000000000e+00 2.296211251435132034e-04 1.189685984171559852e-01 5.112474437627812125e-03 3.950338600451467480e-03 1.227208976157082715e-03 1.042851725445582099e-02 0.000000000000000000e+00 0.000000000000000000e+00 0.000000000000000000e+00 4.516371847948814390e-03 0.000000000000000000e+00 7.974481658692185058e-04 0.000000000000000000e+00 0.000000000000000000e+00 0.000000000000000000e+00 9.141603437242892816e-05 1.469291801351748587e-04 0.000000000000000000e+00 0.000000000000000000e+00 0.000000000000000000e+00 1.011122345803842280e-04 4.305890458146744760e-04 0.000000000000000000e+00 1.513749894878479475e-03 0.000000000000000000e+00 0.000000000000000000e+00 0.000000000000000000e+00 9.995002498750624360e-04 0.000000000000000000e+00 3.740468997266580345e-03 0.000000000000000000e+00 2.366513829315190082e-03 0.000000000000000000e+00 2.797761790567546061e-03 0.000000000000000000e+00 4.648342764753435677e-03 0.000000000000000000e+00 2.136371728680790377e-03 0.000000000000000000e+00 2.965729349736379462e-03 0.000000000000000000e+00 1.609787508048937449e-03 5.765350245027385783e-04 2.249272294257740126e-02 8.684324793747286424e-04 6.115901343493082044e-03 0.000000000000000000e+00 1.289767841788478156e-03 3.233107015842224597e-04 5.868139454608215302e-03 0.000000000000000000e+00 0.000000000000000000e+00 0.000000000000000000e+00 1.148383197340586276e-02 0.000000000000000000e+00 0.000000000000000000e+00 0.000000000000000000e+00 8.214941528945588628e-03 0.000000000000000000e+00 0.000000000000000000e+00 0.000000000000000000e+00 6.020066889632106830e-03 0.000000000000000000e+00 0.000000000000000000e+00 0.000000000000000000e+00 0.000000000000000000e+00 0.000000000000000000e+00 2.386634844868735193e-03 0.000000000000000000e+00 0.000000000000000000e+00 0.000000000000000000e+00 0.000000000000000000e+00 0.000000000000000000e+00 0.000000000000000000e+00 0.000000000000000000e+00 9.674922600619195625e-05 0.000000000000000000e+00 0.000000000000000000e+00 0.000000000000000000e+00 0.000000000000000000e+00 0.000000000000000000e+00 0.000000000000000000e+00 0.000000000000000000e+00 0.000000000000000000e+00 0.000000000000000000e+00 0.000000000000000000e+00 0.000000000000000000e+00 0.000000000000000000e+00
1.894030208583073749e-02 0.000000000000000000e+00 5.897866219132102267e-02 1.054902900982977731e-02 3.596259889714696536e-03 4.795013186286262120e-04 1.834092543754495264e-01 1.438503955885878614e-02 3.236633900743227099e-02 4.795013186286262120e-04 1.858067609685926658e-01 7.192519779429393722e-04 0.000000000000000000e+00 5.634558626240944099e-03 1.983706720977596871e-01 1.341831600134183160e-03 1.579155151993683320e-03 0.000000000000000000e+00 3.987651144841780106e-03 6.481581505887436473e-04 0.000000000000000000e+00 1.426533523537803182e-03 1.960337360382949715e-02 2.880921895006402153e-03 6.185567010309278059e-03 1.040582726326743073e-03 6.325110689437065271e-04 0.000000000000000000e+00 1.180252583237657860e-01 5.105948429920858156e-04 2.044989775051124850e-02 9.875846501128668700e-03 8.765778401122019392e-04 1.327265832385286348e-03 0.000000000000000000e+00 0.000000000000000000e+00 0.000000000000000000e+00 0.000000000000000000e+00 0.000000000000000000e+00 0.000000000000000000e+00 0.000000000000000000e+00 0.000000000000000000e+00 0.000000000000000000e+00 0.000000000000000000e+00 0.000000000000000000e+00 0.000000000000000000e+00 0.000000000000000000e+00 0.000000000000000000e+00 0.000000000000000000e+00 0.000000000000000000e+00 0.000000000000000000e+00 0.000000000000000000e+00 5.091649694501017851e-04 0.000000000000000000e+00 0.000000000000000000e+00 0.000000000000000000e+00 1.046389954656435283e-03 0.000000000000000000e+00 6.966699177929497333e-04 0.000000000000000000e+00 9.681678157547307650e-03 0.000000000000000000e+00 6.430868167202572275e-03 0.000000000000000000e+00 6.116900770276393652e-03 0.000000000000000000e+00 4.447409384033800136e-04 2.196836555360281063e-04 1.779811848461734097e-03 0.000000000000000000e+00 8.042663591813202506e-02 5.292405398253505937e-04 1.968446953249384720e-02 1.403649488670543352e-03 0.000000000000000000e+00 8.598452278589854012e-04 1.713546718396379009e-02 1.553331032102174677e-03 0.000000000000000000e+00 0.000000000000000000e+00 9.151572926596759569e-03 0.000000000000000000e+00 1.297016861219195795e-03 0.000000000000000000e+00 3.043968432919954854e-03 0.000000000000000000e+00 0.000000000000000000e+00 0.000000000000000000e+00 3.699593044765075913e-04 0.000000000000000000e+00 5.016302984700275356e-04 2.069964810598219770e-04 0.000000000000000000e+00 0.000000000000000000e+00 6.944444444444444059e-03 0.000000000000000000e+00 0.000000000000000000e+00 0.000000000000000000e+00 0.000000000000000000e+00 0.000000000000000000e+00 0.000000000000000000e+00 0.000000000000000000e+00 1.863238308179616129e-04 9.674922600619195625e-05 0.000000000000000000e+00 4.735969689793985199e-04 0.000000000000000000e+00 0.000000000000000000e+00 0.000000000000000000e+00 0.000000000000000000e+00 0.000000000000000000e+00 0.000000000000000000e+00 0.000000000000000000e+00 0.000000000000000000e+00 0.000000000000000000e+00 0.000000000000000000e+00
