0.000000000000000000e+00 7.068803016022620102e-03 4.834156669019054609e-02 7.381889763779527457e-04 2.239014833473271845e-03 0.000000000000000000e+00 9.919820995711355061e-02 1.307360439273107667e-04 5.675771550195104348e-03 0.000000000000000000e+00 9.426987060998151535e-02 2.906131938390003021e-04 2.199457667972280761e-02 0.000000000000000000e+00 5.353319057815845473e-03 1.210653753026634440e-03 1.141146939563622287e-01 1.784803671596124370e-03 7.114779874213836286e-02 1.084337349397590348e-02 0.000000000000000000e+00 0.000000000000000000e+00 1.214574898785425157e-03 0.000000000000000000e+00 0.000000000000000000e+00 0.000000000000000000e+00 1.050420168067226845e-03 0.000000000000000000e+00 1.783976646123905385e-02 0.000000000000000000e+00 0.000000000000000000e+00 0.000000000000000000e+00 3.314917127071823066e-02 7.513566161124252130e-03 1.139601139601139528e-03 0.000000000000000000e+00 7.926442612555485712e-02 3.881610868510431724e-03 0.000000000000000000e+00 0.000000000000000000e+00 1.282051282051282007e-02 0.000000000000000000e+00 0.000000000000000000e+00 0.000000000000000000e+00 1.989653800238758423e-04 0.000000000000000000e+00 0.000000000000000000e+00 0.000000000000000000e+00 5.077001184633610090e-04 0.000000000000000000e+00 2.767017155506363950e-03 0.000000000000000000e+00 0.000000000000000000e+00 0.000000000000000000e+00 2.221673660824487976e-03 0.000000000000000000e+00 1.297890658631080385e-01 2.215820961666297340e-04 3.950880939668980490e-02 7.286505392013989824e-04 8.219832735961768444e-02 0.000000000000000000e+00 6.296508299942759138e-03 4.199034222128910135e-04 6.730065837600585077e-02 3.481288076588337586e-04 4.294208324157674540e-03 2.284148012791228856e-04 1.562669560499186094e-01 1.209189842805320379e-03 1.910219675262655147e-03 1.038062283737024296e-03 3.396935530500144740e-02 2.145615791732227110e-03 1.956815114709851630e-02 2.310993727302740070e-03 4.221833624781413941e-02 7.903981264637002443e-03 5.263157894736841987e-03 0.000000000000000000e+00 9.327846364883402019e-03 0.000000000000000000e+00 0.000000000000000000e+00 0.000000000000000000e+00 3.843648208469055416e-02 1.433075379764975669e-04 0.000000000000000000e+00 0.000000000000000000e+00 1.444043321299639041e-02 1.651254953764861309e-04 5.505092210294522522e-04 2.294104152328515622e-04 0.000000000000000000e+00 0.000000000000000000e+00 5.780346820809248269e-03 0.000000000000000000e+00 0.000000000000000000e+00 1.626016260162601625e-03 8.841732979664013690e-04 1.945525291828793801e-03 0.000000000000000000e+00 0.000000000000000000e+00 8.581235697940502909e-04 1.077150935774875366e-03 0.000000000000000000e+00 0.000000000000000000e+00 0.000000000000000000e+00 0.000000000000000000e+00 0.000000000000000000e+00 0.000000000000000000e+00 0.000000000000000000e+00 0.000000000000000000e+00 0.000000000000000000e+00 0.000000000000000000e+00 0.000000000000000000e+00 0.000000000000000000e+00
7.068803016022620102e-03 0.000000000000000000e+00 9.409550693954363840e-04 7.172736220472440694e-02 0.000000000000000000e+00 1.557026080186843043e-03 1.491702405370128656e-03 8.471695646489736664e-02 3.547357218871940217e-04 3.666361136571952457e-03 0.000000000000000000e+00 3.429235687300203478e-02 0.000000000000000000e+00 1.550218340611353787e-02 0.000000000000000000e+00 1.291364003228409954e-02 9.654373431164317305e-04 1.114227434982151960e-01 8.254716981132075374e-03 6.840696117804551113e-02 0.000000000000000000e+00 0.000000000000000000e+00 0.000000000000000000e+00 5.411255411255411251e-04 0.000000000000000000e+00 0.000000000000000000e+00 0.000000000000000000e+00 6.285355122564425037e-04 1.297437560817385612e-03 1.557971014492753707e-02 0.000000000000000000e+00 7.342143906020557600e-04 7.239474185559154062e-03 1.516627243634339865e-02 0.000000000000000000e+00 5.167958656330748921e-04 6.341154090044388066e-04 6.938379427462397497e-02 8.257638315441783242e-04 0.000000000000000000e+00 0.000000000000000000e+00 0.000000000000000000e+00 0.000000000000000000e+00 0.000000000000000000e+00 0.000000000000000000e+00 1.978389894993151741e-03 0.000000000000000000e+00 0.000000000000000000e+00 0.000000000000000000e+00 5.651262419104912879e-03 0.000000000000000000e+00 3.271934076587493939e-03 0.000000000000000000e+00 1.499250374812593654e-03 0.000000000000000000e+00 4.117344312918168152e-03 2.152389151958674154e-04 2.379791712829603390e-01 1.779676098949990997e-04 3.555814631302826878e-02 2.389486260454002297e-04 5.634782608695652201e-02 0.000000000000000000e+00 1.931555742179298651e-02 0.000000000000000000e+00 3.446475195822454318e-02 2.202158114952653583e-04 3.997259022384650959e-03 1.003798155181768841e-02 2.360943168077388188e-01 1.910219675262655147e-03 2.768166089965397834e-03 1.590054929170280464e-03 4.863395794593048521e-02 6.747638326585694716e-04 1.287553648068669523e-02 1.998501124156882441e-03 3.132318501170960195e-02 0.000000000000000000e+00 0.000000000000000000e+00 0.000000000000000000e+00 9.105516871987144947e-03 0.000000000000000000e+00 0.000000000000000000e+00 1.302931596091205107e-04 1.218114072800229215e-02 0.000000000000000000e+00 2.166847237269772363e-03 0.000000000000000000e+00 1.007265521796565401e-02 0.000000000000000000e+00 1.605872906629960935e-03 0.000000000000000000e+00 0.000000000000000000e+00 0.000000000000000000e+00 0.000000000000000000e+00 0.000000000000000000e+00 0.000000000000000000e+00 0.000000000000000000e+00 3.891050583657587603e-03 0.000000000000000000e+00 0.000000000000000000e+00 0.000000000000000000e+00 1.750370270634172632e-03 0.000000000000000000e+00 9.569377990430622287e-04 6.042296072507552865e-03 1.683501683501683428e-03 0.000000000000000000e+00 0.000000000000000000e+00 1.431639226914817407e-03 0.000000000000000000e+00 0.000000000000000000e+00 0.000000000000000000e+00 0.000000000000000000e+00 0.000000000000000000e+00
4.834156669019054609e-02 9.409550693954363840e-04 0.000000000000000000e+00 4.429133858267716474e-03 5.933389308704169890e-02 4.671078240560529345e-03 2.860339362297221744e-01 5.229441757092430018e-03 5.675771550195104348e-02 8.249312557286891945e-03 1.113678373382624709e-01 1.743679163034001812e-03 1.277493220849653388e-01 9.606986899563319318e-03 7.994289793004996647e-02 8.878127522195319518e-03 1.757095964471905650e-02 5.099439061703212950e-04 1.618186582809224283e-01 4.149933065595716106e-03 0.000000000000000000e+00 0.000000000000000000e+00 2.937246963562752944e-01 3.246753246753246967e-03 7.381370826010544284e-02 2.444987775061124684e-03 2.888655462184874095e-02 2.514142049025770015e-03 2.821926694777813702e-02 1.449275362318840597e-03 5.653883972468043417e-02 1.174743024963289216e-02 1.409792341398361654e-02 1.252261026854041949e-03 5.698005698005697639e-04 0.000000000000000000e+00 1.204819277108433798e-02 9.704027171276079309e-04 8.257638315441783242e-04 0.000000000000000000e+00 1.923076923076923184e-02 0.000000000000000000e+00 2.496878901373283314e-04 0.000000000000000000e+00 9.948269001193792930e-04 0.000000000000000000e+00 2.230720203951561641e-03 0.000000000000000000e+00 1.184633609747842318e-03 0.000000000000000000e+00 3.689356207341819033e-03 0.000000000000000000e+00 0.000000000000000000e+00 0.000000000000000000e+00 1.234263144902493200e-03 0.000000000000000000e+00 4.304778303917348309e-03 2.215820961666297340e-04 9.432283324434952501e-03 1.165840862722238502e-03 8.602150537634408595e-03 0.000000000000000000e+00 4.293073840870063364e-03 4.199034222128910135e-04 1.536210680321872628e-02 0.000000000000000000e+00 1.475445937018277955e-02 2.284148012791228856e-04 7.867607162235485882e-03 6.045949214026601895e-04 6.829035339063992127e-02 1.384083044982698917e-03 7.632263660017346574e-02 4.863395794593048001e-03 1.754385964912280604e-02 6.602839220864972249e-04 1.171621284036972327e-01 4.683840749414519902e-03 5.263157894736841987e-03 0.000000000000000000e+00 1.097393689986282499e-02 2.678093197643277926e-04 1.278772378516624146e-03 0.000000000000000000e+00 1.472312703583061877e-02 2.866150759529951337e-04 0.000000000000000000e+00 0.000000000000000000e+00 6.317689530685920152e-03 1.651254953764861309e-04 0.000000000000000000e+00 1.605872906629960935e-03 0.000000000000000000e+00 0.000000000000000000e+00 0.000000000000000000e+00 1.388888888888888812e-02 0.000000000000000000e+00 0.000000000000000000e+00 0.000000000000000000e+00 7.782101167315175205e-03 0.000000000000000000e+00 0.000000000000000000e+00 0.000000000000000000e+00 1.211794802746734949e-03 0.000000000000000000e+00 6.379585326953747830e-04 0.000000000000000000e+00 0.000000000000000000e+00 0.000000000000000000e+00 0.000000000000000000e+00 0.000000000000000000e+00 0.000000000000000000e+00 0.000000000000000000e+00 0.000000000000000000e+00 0.000000000000000000e+00 0.000000000000000000e+00
7.381889763779527457e-04 7.172736220472440694e-02 4.429133858267716474e-03 0.000000000000000000e+00 5.597537083683179612e-04 8.135461268976255933e-02 9.696065634905836478e-03 2.723231795005883193e-01 3.547357218871940217e-03 2.291475710357470177e-02 3.234750462107209047e-03 8.921825050857308537e-02 5.122024706236818353e-03 7.205240174672489228e-02 2.498215560314061452e-03 5.690072639225181306e-02 3.861749372465727030e-04 3.212646608873023779e-02 4.061844863731655861e-03 1.364123159303882171e-01 0.000000000000000000e+00 0.000000000000000000e+00 3.036437246963562785e-03 3.138528138528138278e-01 1.757469244288224850e-03 1.271393643031784870e-01 1.050420168067226845e-03 3.834066624764299186e-02 6.487187804086928062e-04 4.818840579710145094e-02 1.376597836774827964e-02 1.328928046989721057e-01 3.048199657077538781e-03 5.022958118825657237e-02 0.000000000000000000e+00 6.201550387596899139e-03 0.000000000000000000e+00 1.698204754973313760e-02 0.000000000000000000e+00 2.252252252252252233e-03 0.000000000000000000e+00 0.000000000000000000e+00 0.000000000000000000e+00 2.614379084967320514e-04 0.000000000000000000e+00 3.043676761527925505e-04 0.000000000000000000e+00 6.150061500615006333e-04 0.000000000000000000e+00 1.093792726278370242e-03 0.000000000000000000e+00 4.847309743092583834e-04 0.000000000000000000e+00 4.997501249375312180e-04 0.000000000000000000e+00 1.286670097786927385e-03 2.152389151958674154e-04 4.874806115665854256e-03 0.000000000000000000e+00 8.015155931215389024e-03 0.000000000000000000e+00 1.391304347826087051e-03 0.000000000000000000e+00 1.889565399958009588e-03 0.000000000000000000e+00 6.962576153176675171e-04 2.202158114952653583e-04 5.367747830059387514e-03 2.712967986977753696e-04 4.232164449818621652e-03 4.775549188156637866e-04 9.100346020761246324e-02 1.445504481063891213e-03 7.781433271348876801e-02 0.000000000000000000e+00 1.881809177946517156e-02 2.248313764676492747e-03 9.631147540983606148e-02 0.000000000000000000e+00 0.000000000000000000e+00 0.000000000000000000e+00 4.552758435993572474e-03 0.000000000000000000e+00 0.000000000000000000e+00 0.000000000000000000e+00 3.869303525365434034e-03 0.000000000000000000e+00 0.000000000000000000e+00 0.000000000000000000e+00 2.311756935270805995e-03 5.505092210294522522e-04 4.588208304657031243e-04 0.000000000000000000e+00 0.000000000000000000e+00 0.000000000000000000e+00 1.388888888888888812e-02 0.000000000000000000e+00 0.000000000000000000e+00 1.768346595932802738e-03 0.000000000000000000e+00 0.000000000000000000e+00 0.000000000000000000e+00 2.860411899313501150e-04 5.385754678874376828e-04 0.000000000000000000e+00 0.000000000000000000e+00 0.000000000000000000e+00 0.000000000000000000e+00 0.000000000000000000e+00 0.000000000000000000e+00 0.000000000000000000e+00 0.000000000000000000e+00 0.000000000000000000e+00 0.000000000000000000e+00 0.000000000000000000e+00 0.000000000000000000e+00
2.239014833473271845e-03 0.000000000000000000e+00 5.933389308704169890e-02 5.597537083683179612e-04 0.000000000000000000e+00 5.838847800700661464e-03 1.435763565168748750e-02 1.307360439273107667e-04 4.622206456190138257e-01 3.666361136571952457e-03 4.621072088724584043e-04 0.000000000000000000e+00 2.711660138595962683e-03 4.366812227074235906e-04 2.066381156316916545e-01 0.000000000000000000e+00 9.654373431164317305e-04 0.000000000000000000e+00 3.144654088050314635e-03 0.000000000000000000e+00 9.956709956709956788e-02 0.000000000000000000e+00 2.732793522267206593e-02 2.164502164502164500e-03 2.847100175746924422e-01 2.444987775061124684e-03 2.058823529411764608e-01 2.514142049025770015e-03 5.838469023678235365e-03 0.000000000000000000e+00 1.425762045231071702e-02 7.342143906020557817e-03 5.715374357020384672e-04 2.782802281897871059e-04 0.000000000000000000e+00 0.000000000000000000e+00 6.341154090044388066e-04 0.000000000000000000e+00 0.000000000000000000e+00 0.000000000000000000e+00 1.923076923076923184e-02 0.000000000000000000e+00 4.993757802746566629e-04 0.000000000000000000e+00 0.000000000000000000e+00 0.000000000000000000e+00 9.560229445506691816e-04 0.000000000000000000e+00 0.000000000000000000e+00 0.000000000000000000e+00 1.844678103670909300e-04 0.000000000000000000e+00 1.501501501501501488e-03 0.000000000000000000e+00 4.937052579609972798e-04 0.000000000000000000e+00 8.609556607834696618e-04 0.000000000000000000e+00 0.000000000000000000e+00 1.457301078402798127e-04 9.557945041816009188e-04 0.000000000000000000e+00 5.724098454493416806e-04 0.000000000000000000e+00 1.828822238478419867e-03 0.000000000000000000e+00 3.303237172428980374e-04 1.142074006395614428e-04 2.712967986977753696e-04 0.000000000000000000e+00 1.623686723973256918e-02 6.920415224913494586e-04 4.524429025729979903e-02 1.430410527821484722e-04 1.214574898785425114e-02 3.301419610432486124e-04 9.492880339745190729e-03 5.854800936768149878e-04 5.263157894736841987e-03 0.000000000000000000e+00 4.389574759945130515e-03 0.000000000000000000e+00 2.557544757033248291e-03 0.000000000000000000e+00 6.254071661237784949e-03 0.000000000000000000e+00 2.051282051282051280e-03 0.000000000000000000e+00 1.444043321299638910e-03 0.000000000000000000e+00 0.000000000000000000e+00 0.000000000000000000e+00 0.000000000000000000e+00 0.000000000000000000e+00 0.000000000000000000e+00 0.000000000000000000e+00 0.000000000000000000e+00 0.000000000000000000e+00 0.000000000000000000e+00 0.000000000000000000e+00 0.000000000000000000e+00 0.000000000000000000e+00 0.000000000000000000e+00 0.000000000000000000e+00 0.000000000000000000e+00 0.000000000000000000e+00 0.000000000000000000e+00 0.000000000000000000e+00 0.000000000000000000e+00 0.000000000000000000e+00 0.000000000000000000e+00 0.000000000000000000e+00 0.000000000000000000e+00 0.000000000000000000e+00 0.000000000000000000e+00 0.000000000000000000e+00
0.000000000000000000e+00 1.557026080186843043e-03 4.671078240560529345e-03 8.135461268976255933e-02 5.838847800700661464e-03 0.000000000000000000e+00 3.729256013425321639e-04 8.105634723493267482e-03 5.321035828307910977e-03 3.043079743354720201e-01 0.000000000000000000e+00 5.812263876780006042e-04 9.038867128653209305e-04 1.310043668122270718e-03 1.070663811563169225e-03 2.074253430185633573e-01 0.000000000000000000e+00 2.549719530851606475e-04 1.310272536687631098e-04 9.370816599732262244e-04 2.164502164502164414e-02 1.626016260162601798e-02 2.024291497975708523e-03 4.220779220779220797e-02 7.029876977152899400e-03 2.420537897310513498e-01 3.151260504201680752e-03 2.966687617850408687e-01 0.000000000000000000e+00 3.623188405797101493e-04 2.310717797443461244e-02 3.487518355359765093e-02 0.000000000000000000e+00 5.009044107416167797e-03 0.000000000000000000e+00 5.167958656330748921e-04 0.000000000000000000e+00 9.704027171276079309e-04 0.000000000000000000e+00 0.000000000000000000e+00 0.000000000000000000e+00 0.000000000000000000e+00 0.000000000000000000e+00 1.307189542483660257e-04 0.000000000000000000e+00 4.565515142291888800e-04 0.000000000000000000e+00 8.200082000820007721e-04 0.000000000000000000e+00 9.114939385653084895e-05 0.000000000000000000e+00 3.635482307319437469e-04 0.000000000000000000e+00 9.995002498750624360e-04 0.000000000000000000e+00 7.720020586721564743e-04 0.000000000000000000e+00 0.000000000000000000e+00 0.000000000000000000e+00 1.457301078402798127e-04 0.000000000000000000e+00 1.391304347826087051e-03 0.000000000000000000e+00 2.099517111064455068e-04 0.000000000000000000e+00 6.962576153176675171e-04 1.101079057476326791e-04 3.426222019186843555e-04 0.000000000000000000e+00 0.000000000000000000e+00 4.775549188156637866e-04 4.048442906574394734e-02 1.445504481063891429e-04 2.603347160635102395e-02 0.000000000000000000e+00 4.555959062396830461e-02 0.000000000000000000e+00 7.611241217798594624e-03 0.000000000000000000e+00 0.000000000000000000e+00 0.000000000000000000e+00 1.339046598821638963e-03 0.000000000000000000e+00 1.369863013698630148e-03 0.000000000000000000e+00 1.289767841788478156e-03 0.000000000000000000e+00 3.250270855904658761e-03 0.000000000000000000e+00 8.256274768824306814e-04 0.000000000000000000e+00 0.000000000000000000e+00 0.000000000000000000e+00 0.000000000000000000e+00 0.000000000000000000e+00 0.000000000000000000e+00 0.000000000000000000e+00 0.000000000000000000e+00 0.000000000000000000e+00 0.000000000000000000e+00 0.000000000000000000e+00 0.000000000000000000e+00 0.000000000000000000e+00 0.000000000000000000e+00 0.000000000000000000e+00 0.000000000000000000e+00 0.000000000000000000e+00 0.000000000000000000e+00 0.000000000000000000e+00 0.000000000000000000e+00 0.000000000000000000e+00 0.000000000000000000e+00 0.000000000000000000e+00 0.000000000000000000e+00 0.000000000000000000e+00 0.000000000000000000e+00
9.919820995711355061e-02 1.491702405370128656e-03 2.860339362297221744e-01 9.696065634905836478e-03 1.435763565168748750e-02 3.729256013425321639e-04 0.000000000000000000e+00 1.163550790953065718e-02 3.689251507626818000e-02 9.165902841429880710e-03 7.809611829944547445e-02 3.487358326068003625e-03 1.762579090087375844e-01 1.397379912663755490e-02 2.855103497501784455e-03 3.228410008071024885e-03 7.916586213554739626e-03 1.529831718510963777e-03 3.341194968553459071e-02 8.032128514056224161e-03 0.000000000000000000e+00 0.000000000000000000e+00 2.267206477732793685e-02 1.623376623376623484e-03 1.757469244288224850e-03 0.000000000000000000e+00 2.626050420168067438e-03 0.000000000000000000e+00 5.838469023678235365e-03 6.159420289855072755e-03 4.080629301868239633e-02 7.342143906020557817e-03 8.573061535530578092e-03 6.957005704744677376e-04 1.139601139601139528e-03 5.167958656330748921e-04 1.902346227013316420e-03 4.852013585638039654e-04 0.000000000000000000e+00 0.000000000000000000e+00 0.000000000000000000e+00 0.000000000000000000e+00 2.496878901373283314e-04 0.000000000000000000e+00 0.000000000000000000e+00 0.000000000000000000e+00 0.000000000000000000e+00 0.000000000000000000e+00 6.769334912844813092e-04 0.000000000000000000e+00 3.135952776240545810e-03 0.000000000000000000e+00 0.000000000000000000e+00 0.000000000000000000e+00 7.405578869414959197e-04 0.000000000000000000e+00 2.798105897546276401e-03 4.431641923332594679e-04 6.228866346324969140e-03 2.914602156805596255e-04 2.317801672640382171e-02 0.000000000000000000e+00 3.148254149971379569e-03 0.000000000000000000e+00 4.462326261887344242e-02 0.000000000000000000e+00 4.184100418410041482e-03 0.000000000000000000e+00 2.712967986977753696e-04 3.022974607013300947e-04 5.205348615090735209e-02 3.114186851211072672e-03 2.341717259323503747e-02 6.436847375196681764e-03 3.711201079622132148e-03 2.310993727302740070e-03 3.472395703222583285e-02 1.434426229508196753e-02 0.000000000000000000e+00 0.000000000000000000e+00 2.524005486968449938e-02 5.356186395286555851e-04 3.836317135549872220e-03 0.000000000000000000e+00 4.547231270358306071e-02 1.433075379764975669e-04 1.025641025641025640e-03 0.000000000000000000e+00 1.750902527075812176e-02 0.000000000000000000e+00 0.000000000000000000e+00 4.588208304657031243e-04 0.000000000000000000e+00 0.000000000000000000e+00 0.000000000000000000e+00 0.000000000000000000e+00 0.000000000000000000e+00 0.000000000000000000e+00 0.000000000000000000e+00 1.945525291828793801e-03 0.000000000000000000e+00 0.000000000000000000e+00 2.860411899313501150e-04 5.385754678874376828e-04 0.000000000000000000e+00 0.000000000000000000e+00 0.000000000000000000e+00 0.000000000000000000e+00 0.000000000000000000e+00 0.000000000000000000e+00 0.000000000000000000e+00 0.000000000000000000e+00 0.000000000000000000e+00 0.000000000000000000e+00 0.000000000000000000e+00 0.000000000000000000e+00
1.307360439273107667e-04 8.471695646489736664e-02 5.229441757092430018e-03 2.723231795005883193e-01 1.307360439273107667e-04 8.105634723493267482e-03 1.163550790953065718e-02 0.000000000000000000e+00 1.418942887548776087e-03 1.429880843263061363e-01 7.393715341959334469e-03 1.685556524266201561e-01 9.038867128653208655e-03 2.578602620087336317e-01 2.141327623126338450e-03 3.430185633575463799e-02 1.158524811739718163e-03 1.453340132585415577e-02 4.979035639412997954e-03 6.599732262382865255e-02 0.000000000000000000e+00 0.000000000000000000e+00 5.668016194331984212e-03 2.380952380952380820e-02 0.000000000000000000e+00 2.444987775061124684e-03 0.000000000000000000e+00 6.285355122564425037e-04 1.621796951021732070e-03 1.086956521739130405e-02 3.933136676499508592e-03 1.762114537444934084e-02 2.095637264240807641e-03 1.182690969806595230e-02 0.000000000000000000e+00 5.167958656330748921e-04 0.000000000000000000e+00 1.455604075691412005e-03 0.000000000000000000e+00 0.000000000000000000e+00 0.000000000000000000e+00 0.000000000000000000e+00 0.000000000000000000e+00 2.614379084967320514e-04 0.000000000000000000e+00 2.282757571145944183e-03 0.000000000000000000e+00 0.000000000000000000e+00 0.000000000000000000e+00 5.286664843678789104e-03 0.000000000000000000e+00 6.665050896752302244e-03 0.000000000000000000e+00 2.748625687156421808e-03 0.000000000000000000e+00 6.176016469377251794e-03 0.000000000000000000e+00 2.481719477066253107e-02 1.779676098949990997e-04 9.909647333139027375e-03 0.000000000000000000e+00 6.260869565217391797e-02 0.000000000000000000e+00 1.616628175519630589e-02 0.000000000000000000e+00 6.266318537859007221e-02 3.303237172428980374e-04 3.540429419826404862e-03 5.425935973955507393e-04 6.045949214026601895e-04 0.000000000000000000e+00 8.788927335640138450e-02 3.902862098872506534e-03 1.416106422543269953e-02 0.000000000000000000e+00 6.932981181908220644e-03 4.246814888833374754e-03 1.434426229508196753e-02 0.000000000000000000e+00 1.438848920863309427e-02 0.000000000000000000e+00 2.088912694161756956e-02 0.000000000000000000e+00 0.000000000000000000e+00 0.000000000000000000e+00 2.135282315849813817e-02 0.000000000000000000e+00 1.083423618634886182e-03 0.000000000000000000e+00 1.799867899603698959e-02 0.000000000000000000e+00 0.000000000000000000e+00 0.000000000000000000e+00 0.000000000000000000e+00 0.000000000000000000e+00 0.000000000000000000e+00 0.000000000000000000e+00 0.000000000000000000e+00 0.000000000000000000e+00 0.000000000000000000e+00 0.000000000000000000e+00 0.000000000000000000e+00 0.000000000000000000e+00 1.346438669718594207e-04 0.000000000000000000e+00 0.000000000000000000e+00 0.000000000000000000e+00 0.000000000000000000e+00 0.000000000000000000e+00 0.000000000000000000e+00 0.000000000000000000e+00 0.000000000000000000e+00 0.000000000000000000e+00 0.000000000000000000e+00 0.000000000000000000e+00 0.000000000000000000e+00
5.675771550195104348e-03 3.547357218871940217e-04 5.675771550195104348e-02 3.547357218871940217e-03 4.622206456190138257e-01 5.321035828307910977e-03 3.689251507626818000e-02 1.418942887548776087e-03 0.000000000000000000e+00 7.332722273143904915e-03 1.016635859519408533e-02 0.000000000000000000e+00 2.530882796022898562e-02 6.550218340611353588e-04 1.830835117773019216e-01 4.439063761097659759e-03 1.930874686232863461e-03 0.000000000000000000e+00 1.441299790356394099e-03 1.338688085676037541e-04 0.000000000000000000e+00 0.000000000000000000e+00 6.072874493927125569e-03 3.246753246753246967e-03 1.405975395430579880e-02 2.444987775061124684e-03 9.033613445378151086e-02 0.000000000000000000e+00 1.654232890042166629e-02 0.000000000000000000e+00 1.179941002949852491e-02 3.671071953010278908e-03 1.905124785673461738e-04 0.000000000000000000e+00 0.000000000000000000e+00 0.000000000000000000e+00 6.341154090044388066e-04 0.000000000000000000e+00 0.000000000000000000e+00 0.000000000000000000e+00 0.000000000000000000e+00 0.000000000000000000e+00 0.000000000000000000e+00 0.000000000000000000e+00 1.989653800238758423e-04 0.000000000000000000e+00 0.000000000000000000e+00 0.000000000000000000e+00 1.692333728211203273e-04 0.000000000000000000e+00 1.844678103670909300e-04 0.000000000000000000e+00 0.000000000000000000e+00 0.000000000000000000e+00 4.937052579609972798e-04 0.000000000000000000e+00 8.609556607834696618e-04 0.000000000000000000e+00 3.559352197899981994e-04 0.000000000000000000e+00 2.867383512544802865e-03 0.000000000000000000e+00 2.003434459072696208e-03 0.000000000000000000e+00 1.828822238478419867e-03 0.000000000000000000e+00 3.303237172428980374e-04 0.000000000000000000e+00 2.712967986977753696e-04 0.000000000000000000e+00 4.775549188156638300e-03 0.000000000000000000e+00 1.040763226366001742e-02 7.152052639107423339e-04 4.048582995951417046e-03 1.320567844172994450e-03 6.245316012990257196e-03 5.854800936768149878e-04 0.000000000000000000e+00 0.000000000000000000e+00 7.407407407407407690e-03 0.000000000000000000e+00 1.278772378516624146e-03 0.000000000000000000e+00 4.169381107491856343e-03 0.000000000000000000e+00 0.000000000000000000e+00 0.000000000000000000e+00 1.805054151624548801e-03 0.000000000000000000e+00 0.000000000000000000e+00 0.000000000000000000e+00 0.000000000000000000e+00 0.000000000000000000e+00 0.000000000000000000e+00 0.000000000000000000e+00 0.000000000000000000e+00 0.000000000000000000e+00 0.000000000000000000e+00 0.000000000000000000e+00 0.000000000000000000e+00 0.000000000000000000e+00 0.000000000000000000e+00 0.000000000000000000e+00 0.000000000000000000e+00 0.000000000000000000e+00 0.000000000000000000e+00 0.000000000000000000e+00 0.000000000000000000e+00 0.000000000000000000e+00 0.000000000000000000e+00 0.000000000000000000e+00 0.000000000000000000e+00 0.000000000000000000e+00 0.000000000000000000e+00 0.000000000000000000e+00
0.000000000000000000e+00 3.666361136571952457e-03 8.249312557286891945e-03 2.291475710357470177e-02 3.666361136571952457e-03 3.043079743354720201e-01 9.165902841429880710e-03 1.429880843263061363e-01 7.332722273143904915e-03 0.000000000000000000e+00 0.000000000000000000e+00 5.812263876780006042e-04 1.205182283820427835e-03 8.515283842794759556e-03 2.855103497501784455e-03 1.323648103309120194e-01 0.000000000000000000e+00 2.549719530851606475e-04 0.000000000000000000e+00 4.016064257028112623e-04 0.000000000000000000e+00 0.000000000000000000e+00 8.097165991902833659e-04 5.411255411255411251e-04 0.000000000000000000e+00 9.779951100244498735e-03 5.252100840336134226e-04 6.285355122564425037e-04 0.000000000000000000e+00 1.086956521739130448e-03 9.832841691248770180e-03 8.443465491923641403e-03 0.000000000000000000e+00 4.174203422846806859e-04 0.000000000000000000e+00 0.000000000000000000e+00 0.000000000000000000e+00 0.000000000000000000e+00 0.000000000000000000e+00 0.000000000000000000e+00 0.000000000000000000e+00 0.000000000000000000e+00 0.000000000000000000e+00 0.000000000000000000e+00 0.000000000000000000e+00 0.000000000000000000e+00 0.000000000000000000e+00 0.000000000000000000e+00 0.000000000000000000e+00 9.114939385653084895e-05 0.000000000000000000e+00 4.847309743092583834e-04 0.000000000000000000e+00 2.498750624687656090e-04 0.000000000000000000e+00 0.000000000000000000e+00 0.000000000000000000e+00 2.215820961666297340e-04 0.000000000000000000e+00 1.457301078402798127e-04 0.000000000000000000e+00 2.434782608695651961e-03 0.000000000000000000e+00 2.099517111064455068e-04 0.000000000000000000e+00 5.221932114882506379e-04 0.000000000000000000e+00 3.426222019186843555e-04 0.000000000000000000e+00 0.000000000000000000e+00 0.000000000000000000e+00 1.384083044982698917e-03 0.000000000000000000e+00 5.721642111285938671e-03 0.000000000000000000e+00 2.971277649389237295e-03 0.000000000000000000e+00 2.927400468384075156e-03 0.000000000000000000e+00 0.000000000000000000e+00 0.000000000000000000e+00 1.339046598821638963e-03 0.000000000000000000e+00 0.000000000000000000e+00 0.000000000000000000e+00 5.732301519059902675e-04 0.000000000000000000e+00 0.000000000000000000e+00 0.000000000000000000e+00 4.953764861294583655e-04 0.000000000000000000e+00 0.000000000000000000e+00 0.000000000000000000e+00 0.000000000000000000e+00 0.000000000000000000e+00 0.000000000000000000e+00 0.000000000000000000e+00 0.000000000000000000e+00 0.000000000000000000e+00 0.000000000000000000e+00 0.000000000000000000e+00 0.000000000000000000e+00 2.860411899313501150e-04 0.000000000000000000e+00 0.000000000000000000e+00 0.000000000000000000e+00 0.000000000000000000e+00 0.000000000000000000e+00 0.000000000000000000e+00 0.000000000000000000e+00 0.000000000000000000e+00 0.000000000000000000e+00 0.000000000000000000e+00 0.000000000000000000e+00 0.000000000000000000e+00 0.000000000000000000e+00
9.426987060998151535e-02 0.000000000000000000e+00 1.113678373382624709e-01 3.234750462107209047e-03 4.621072088724584043e-04 0.000000000000000000e+00 7.809611829944547445e-02 7.393715341959334469e-03 1.016635859519408533e-02 0.000000000000000000e+00 0.000000000000000000e+00 1.453065969195001510e-03 9.792106056040976447e-02 6.550218340611353588e-04 3.568879371877230460e-03 0.000000000000000000e+00 7.375941301409538742e-02 2.549719530851606475e-04 3.183962264150943383e-02 9.370816599732262244e-04 0.000000000000000000e+00 0.000000000000000000e+00 1.437246963562753034e-02 0.000000000000000000e+00 0.000000000000000000e+00 0.000000000000000000e+00 0.000000000000000000e+00 0.000000000000000000e+00 2.919234511839117682e-02 1.449275362318840597e-03 4.916420845624385090e-03 0.000000000000000000e+00 6.286911792722423356e-03 1.391401140948935529e-04 5.698005698005697639e-04 0.000000000000000000e+00 0.000000000000000000e+00 0.000000000000000000e+00 0.000000000000000000e+00 0.000000000000000000e+00 0.000000000000000000e+00 0.000000000000000000e+00 0.000000000000000000e+00 0.000000000000000000e+00 0.000000000000000000e+00 0.000000000000000000e+00 0.000000000000000000e+00 0.000000000000000000e+00 1.692333728211203273e-04 0.000000000000000000e+00 9.223390518354547584e-04 0.000000000000000000e+00 0.000000000000000000e+00 0.000000000000000000e+00 2.468526289804986399e-04 0.000000000000000000e+00 5.596211795092552801e-03 0.000000000000000000e+00 1.779676098949990997e-03 0.000000000000000000e+00 1.577060931899641749e-02 0.000000000000000000e+00 7.727532913566113014e-03 0.000000000000000000e+00 4.389173372348207508e-03 0.000000000000000000e+00 1.981942303457388116e-03 0.000000000000000000e+00 1.899077590884427642e-03 0.000000000000000000e+00 2.435530085959885377e-02 3.460207612456747293e-04 5.782017924255565718e-04 5.721642111285938888e-04 0.000000000000000000e+00 0.000000000000000000e+00 4.996252810392206103e-04 2.049180327868852566e-03 0.000000000000000000e+00 0.000000000000000000e+00 7.956104252400548679e-03 0.000000000000000000e+00 0.000000000000000000e+00 0.000000000000000000e+00 4.690553745928339145e-03 0.000000000000000000e+00 0.000000000000000000e+00 0.000000000000000000e+00 1.985559566787003637e-03 0.000000000000000000e+00 0.000000000000000000e+00 0.000000000000000000e+00 0.000000000000000000e+00 0.000000000000000000e+00 0.000000000000000000e+00 0.000000000000000000e+00 0.000000000000000000e+00 0.000000000000000000e+00 0.000000000000000000e+00 0.000000000000000000e+00 0.000000000000000000e+00 0.000000000000000000e+00 0.000000000000000000e+00 0.000000000000000000e+00 0.000000000000000000e+00 0.000000000000000000e+00 0.000000000000000000e+00 0.000000000000000000e+00 0.000000000000000000e+00 0.000000000000000000e+00 0.000000000000000000e+00 0.000000000000000000e+00 0.000000000000000000e+00 0.000000000000000000e+00 0.000000000000000000e+00 0.000000000000000000e+00
2.906131938390003021e-04 3.429235687300203478e-02 1.743679163034001812e-03 8.921825050857308537e-02 0.000000000000000000e+00 5.812263876780006042e-04 3.487358326068003625e-03 1.685556524266201561e-01 0.000000000000000000e+00 5.812263876780006042e-04 1.453065969195001510e-03 0.000000000000000000e+00 1.807773425730641861e-03 2.113537117903930007e-01 0.000000000000000000e+00 8.878127522195319518e-03 0.000000000000000000e+00 3.416624171341152427e-02 1.834381551362683537e-03 3.293172690763052080e-02 0.000000000000000000e+00 0.000000000000000000e+00 1.619433198380566732e-03 7.575757575757575968e-03 0.000000000000000000e+00 0.000000000000000000e+00 0.000000000000000000e+00 0.000000000000000000e+00 0.000000000000000000e+00 1.692028985507246508e-01 1.966568338249754296e-03 6.240822320117474231e-03 7.620499142693846952e-04 5.843884791985529820e-03 0.000000000000000000e+00 5.167958656330748921e-04 0.000000000000000000e+00 0.000000000000000000e+00 0.000000000000000000e+00 0.000000000000000000e+00 0.000000000000000000e+00 0.000000000000000000e+00 0.000000000000000000e+00 0.000000000000000000e+00 0.000000000000000000e+00 4.565515142291888800e-04 0.000000000000000000e+00 2.050020500205001930e-04 0.000000000000000000e+00 6.380457569957159562e-04 0.000000000000000000e+00 3.635482307319437469e-04 0.000000000000000000e+00 0.000000000000000000e+00 0.000000000000000000e+00 2.573340195573855095e-04 0.000000000000000000e+00 6.647462884998891694e-03 0.000000000000000000e+00 5.246283882250072500e-03 0.000000000000000000e+00 7.304347826086956749e-03 0.000000000000000000e+00 2.120512282175099697e-02 0.000000000000000000e+00 2.785030461270670069e-03 1.101079057476326791e-04 3.768844221105527477e-03 0.000000000000000000e+00 9.068923821039903384e-04 4.775549188156637866e-04 1.972318339100346055e-02 7.227522405319456063e-04 2.860821055642969336e-03 6.747638326585694716e-04 6.602839220864972249e-04 9.992505620784412207e-04 2.927400468384074939e-04 0.000000000000000000e+00 7.194244604316547137e-03 0.000000000000000000e+00 1.392608462774504521e-02 0.000000000000000000e+00 0.000000000000000000e+00 0.000000000000000000e+00 4.872456291200917382e-03 0.000000000000000000e+00 0.000000000000000000e+00 0.000000000000000000e+00 4.293262879788639456e-03 0.000000000000000000e+00 0.000000000000000000e+00 0.000000000000000000e+00 0.000000000000000000e+00 0.000000000000000000e+00 0.000000000000000000e+00 0.000000000000000000e+00 0.000000000000000000e+00 0.000000000000000000e+00 0.000000000000000000e+00 0.000000000000000000e+00 0.000000000000000000e+00 0.000000000000000000e+00 0.000000000000000000e+00 0.000000000000000000e+00 0.000000000000000000e+00 0.000000000000000000e+00 0.000000000000000000e+00 0.000000000000000000e+00 0.000000000000000000e+00 0.000000000000000000e+00 0.000000000000000000e+00 0.000000000000000000e+00 0.000000000000000000e+00 0.000000000000000000e+00 0.000000000000000000e+00
2.199457667972280761e-02 0.000000000000000000e+00 1.277493220849653388e-01 5.122024706236818353e-03 2.711660138595962683e-03 9.038867128653209305e-04 1.762579090087375844e-01 9.038867128653208655e-03 2.530882796022898562e-02 1.205182283820427835e-03 9.792106056040976447e-02 1.807773425730641861e-03 0.000000000000000000e+00 5.676855895196506949e-03 2.348322626695217574e-01 3.228410008071024885e-03 4.634099246958872653e-03 0.000000000000000000e+00 9.827044025157232257e-03 8.032128514056225245e-04 0.000000000000000000e+00 0.000000000000000000e+00 2.813765182186234864e-02 3.787878787878787984e-03 1.757469244288224850e-03 0.000000000000000000e+00 0.000000000000000000e+00 6.285355122564425037e-04 6.843983133311709599e-02 1.086956521739130448e-03 2.015732546705998121e-02 4.405286343612335211e-03 2.857687178510192553e-03 1.391401140948935529e-04 5.698005698005697639e-04 0.000000000000000000e+00 6.341154090044388066e-04 0.000000000000000000e+00 0.000000000000000000e+00 0.000000000000000000e+00 0.000000000000000000e+00 0.000000000000000000e+00 0.000000000000000000e+00 0.000000000000000000e+00 0.000000000000000000e+00 0.000000000000000000e+00 0.000000000000000000e+00 0.000000000000000000e+00 5.077001184633610090e-04 0.000000000000000000e+00 1.844678103670909300e-04 0.000000000000000000e+00 0.000000000000000000e+00 0.000000000000000000e+00 0.000000000000000000e+00 0.000000000000000000e+00 2.582866982350408985e-03 0.000000000000000000e+00 2.313578928634988513e-03 0.000000000000000000e+00 1.672640382317801613e-02 0.000000000000000000e+00 7.727532913566113014e-03 0.000000000000000000e+00 7.315288953913679469e-03 0.000000000000000000e+00 1.541510680466857616e-03 1.142074006395614428e-04 8.138903960933260547e-04 0.000000000000000000e+00 3.104106972301814635e-02 3.460207612456747293e-04 1.011853136744723936e-02 2.860821055642969336e-03 6.747638326585694716e-04 9.904258831297458373e-04 1.024231826130402208e-02 1.463700234192037578e-03 0.000000000000000000e+00 0.000000000000000000e+00 2.002743484224965564e-02 0.000000000000000000e+00 0.000000000000000000e+00 0.000000000000000000e+00 8.599348534201954955e-03 1.433075379764975669e-04 0.000000000000000000e+00 0.000000000000000000e+00 3.249097472924187928e-03 0.000000000000000000e+00 0.000000000000000000e+00 0.000000000000000000e+00 0.000000000000000000e+00 0.000000000000000000e+00 0.000000000000000000e+00 0.000000000000000000e+00 0.000000000000000000e+00 0.000000000000000000e+00 0.000000000000000000e+00 0.000000000000000000e+00 0.000000000000000000e+00 0.000000000000000000e+00 0.000000000000000000e+00 0.000000000000000000e+00 0.000000000000000000e+00 0.000000000000000000e+00 0.000000000000000000e+00 0.000000000000000000e+00 0.000000000000000000e+00 0.000000000000000000e+00 0.000000000000000000e+00 0.000000000000000000e+00 0.000000000000000000e+00 0.000000000000000000e+00 0.000000000000000000e+00 0.000000000000000000e+00
