0.000000000000000000e+00 1.111927954420143319e-02 5.763765541740675097e-02 6.596558317399617635e-03 0.000000000000000000e+00 3.223726627981947151e-04 7.880294087190638230e-02 3.686018262545027926e-03 1.058574453069865973e-03 0.000000000000000000e+00 2.532956685499058169e-01 5.388898868331237248e-04 1.068370915229711754e-01 0.000000000000000000e+00 5.520287054926856273e-04 0.000000000000000000e+00 8.398707891093677713e-02 1.365498406918525280e-03 1.018913159296750137e-01 2.302631578947368293e-02 0.000000000000000000e+00 0.000000000000000000e+00 3.793147047667214545e-03 2.485707183693760701e-04 0.000000000000000000e+00 0.000000000000000000e+00 0.000000000000000000e+00 0.000000000000000000e+00 6.939090208172705998e-02 0.000000000000000000e+00 0.000000000000000000e+00 0.000000000000000000e+00 1.346680967703491917e-02 9.679690249912002026e-03 0.000000000000000000e+00 0.000000000000000000e+00 1.422852983988355247e-01 0.000000000000000000e+00 0.000000000000000000e+00 0.000000000000000000e+00 0.000000000000000000e+00 0.000000000000000000e+00 0.000000000000000000e+00 0.000000000000000000e+00 6.925207756232686996e-04 0.000000000000000000e+00 0.000000000000000000e+00 0.000000000000000000e+00 1.401452414320295600e-03 0.000000000000000000e+00 1.155462184873949638e-02 2.467714074195936262e-04 0.000000000000000000e+00 0.000000000000000000e+00 3.307972213033410743e-04 0.000000000000000000e+00 2.019568026582979625e-01 5.982650314089141578e-04 1.817001946787800276e-02 0.000000000000000000e+00 6.101438304314912853e-02 0.000000000000000000e+00 1.329479768786127197e-02 1.397819401733296058e-04 2.147832817337461467e-02 0.000000000000000000e+00 6.815532239261052824e-03 5.530361685654242281e-04 1.112643678160919608e-01 5.226480836236934227e-03 8.737311450526515089e-02 1.567976388120272905e-03 4.317476732161323882e-02 2.863141820958198377e-04 1.492537313432835836e-03 0.000000000000000000e+00 7.512953367875647992e-02 1.240694789081885855e-03 0.000000000000000000e+00 0.000000000000000000e+00 1.201510470305526979e-03 0.000000000000000000e+00 0.000000000000000000e+00 0.000000000000000000e+00 9.638060084076693901e-03 0.000000000000000000e+00 0.000000000000000000e+00 0.000000000000000000e+00 5.869632375656471703e-03 0.000000000000000000e+00 1.994415636218588046e-03 1.351351351351351426e-03 2.676659528907923062e-04 0.000000000000000000e+00 1.212121212121212155e-01 0.000000000000000000e+00 9.787928221859705513e-03 0.000000000000000000e+00 8.368200836820082963e-03 0.000000000000000000e+00 0.000000000000000000e+00 0.000000000000000000e+00 5.202913631633715365e-04 1.965408805031446647e-04 1.710376282782212140e-03 0.000000000000000000e+00 0.000000000000000000e+00 0.000000000000000000e+00 0.000000000000000000e+00 0.000000000000000000e+00 0.000000000000000000e+00 0.000000000000000000e+00 0.000000000000000000e+00 0.000000000000000000e+00 0.000000000000000000e+00 5.050505050505050934e-03
1.111927954420143319e-02 0.000000000000000000e+00 1.154529307282415717e-03 5.927342256214149230e-02 0.000000000000000000e+00 6.447453255963894302e-04 9.319664492078284877e-04 9.650665996481527786e-02 0.000000000000000000e+00 3.633060853769300505e-03 2.354048964218455645e-04 9.017424106340937717e-02 1.205836247437597978e-04 1.248164464023494846e-02 0.000000000000000000e+00 2.521201008480403270e-03 1.153668666359021619e-03 5.856470945228341857e-02 1.291955247735748595e-02 1.162280701754385970e-01 0.000000000000000000e+00 2.652519893899204107e-03 1.264382349222404722e-04 4.971414367387521401e-04 0.000000000000000000e+00 0.000000000000000000e+00 0.000000000000000000e+00 0.000000000000000000e+00 5.782575173477255215e-04 1.182583766350116423e-02 4.513653802753328829e-04 0.000000000000000000e+00 1.656536765582171389e-02 1.856740584301302260e-02 0.000000000000000000e+00 0.000000000000000000e+00 3.639010189228530012e-04 7.028672925653386971e-02 0.000000000000000000e+00 0.000000000000000000e+00 0.000000000000000000e+00 0.000000000000000000e+00 0.000000000000000000e+00 0.000000000000000000e+00 0.000000000000000000e+00 4.823926676314520203e-04 0.000000000000000000e+00 1.400364094664612925e-04 0.000000000000000000e+00 2.363693665300977114e-03 0.000000000000000000e+00 7.320885086781278410e-03 0.000000000000000000e+00 2.128565346956151595e-04 0.000000000000000000e+00 3.586157432311278545e-04 7.384160974709248716e-04 2.636354571741948427e-01 5.191434133679428617e-04 3.833821274222779657e-02 3.028009084027252079e-04 2.344827586206896589e-02 0.000000000000000000e+00 3.983785294939893445e-02 0.000000000000000000e+00 3.735493230174081331e-02 8.071025020177562213e-04 8.627364229620617872e-03 1.310344827586206948e-02 7.338850174216027256e-02 2.846029788445119117e-04 6.751521859435528905e-02 3.877973112719751555e-04 5.067761023096011008e-02 0.000000000000000000e+00 3.037974683544303767e-03 1.371533069186223674e-03 5.541770057899090413e-02 0.000000000000000000e+00 1.949317738791422894e-03 3.432887058015791524e-04 4.201680672268907381e-03 0.000000000000000000e+00 0.000000000000000000e+00 0.000000000000000000e+00 1.132975551580202821e-02 0.000000000000000000e+00 9.478672985781990811e-04 0.000000000000000000e+00 2.219566330886119359e-03 0.000000000000000000e+00 2.364864864864864996e-03 0.000000000000000000e+00 1.368925393566050629e-03 2.272727272727272790e-02 0.000000000000000000e+00 1.631321370309951136e-03 6.622516556291390723e-03 0.000000000000000000e+00 1.631321370309951136e-03 0.000000000000000000e+00 0.000000000000000000e+00 0.000000000000000000e+00 2.358490566037735759e-03 0.000000000000000000e+00 7.427413909520594153e-03 0.000000000000000000e+00 0.000000000000000000e+00 0.000000000000000000e+00 0.000000000000000000e+00 0.000000000000000000e+00 0.000000000000000000e+00 0.000000000000000000e+00 0.000000000000000000e+00 1.587301587301587300e-03 5.050505050505050934e-03
5.763765541740675097e-02 1.154529307282415717e-03 0.000000000000000000e+00 1.051625239005736165e-02 1.273300831660452992e-01 4.835589941972921052e-03 2.732732732732732761e-01 8.042221663734605910e-03 7.445306986591390674e-02 2.724795640326975379e-03 4.143126177024482326e-02 1.975929585054787135e-03 4.871578439647895886e-02 1.174743024963289259e-03 1.076455975710736979e-02 6.876002750401100615e-04 1.638209506229810694e-02 1.213776361705355732e-03 1.033564198188598876e-01 6.030701754385964578e-03 9.398496240601503238e-04 0.000000000000000000e+00 2.354279934252117845e-01 1.391996022868506079e-02 3.331624807790876247e-02 5.667506297229218774e-03 3.747323340471091918e-02 1.299263750541359902e-03 1.580570547417116389e-02 0.000000000000000000e+00 3.881742270367862652e-02 3.167790721438790147e-02 8.938148015731140275e-03 6.775783174938401938e-03 3.755163349605707829e-04 0.000000000000000000e+00 3.420669577874817929e-02 0.000000000000000000e+00 0.000000000000000000e+00 0.000000000000000000e+00 1.515151515151515194e-02 0.000000000000000000e+00 5.376344086021505372e-04 0.000000000000000000e+00 3.116343490304709311e-03 0.000000000000000000e+00 2.802690582959641214e-04 0.000000000000000000e+00 6.242833481972225734e-03 0.000000000000000000e+00 1.438267614738202894e-02 0.000000000000000000e+00 5.934718100890207498e-04 0.000000000000000000e+00 1.323188885213364297e-03 0.000000000000000000e+00 7.199556950341517471e-03 9.971083856815235512e-05 1.440622972096041593e-02 0.000000000000000000e+00 6.358819076457229366e-03 0.000000000000000000e+00 2.312138728323699568e-03 0.000000000000000000e+00 5.998452012383900800e-03 1.208897485493230182e-04 1.147879113980808906e-02 1.106072337130848348e-04 5.517241379310344404e-03 0.000000000000000000e+00 7.276349492458021595e-02 6.456373362848183417e-03 7.652533609100310719e-02 5.726283641916396754e-04 3.134328358208954973e-02 0.000000000000000000e+00 7.970131057604389058e-02 8.271298593879239033e-04 4.301075268817204297e-03 0.000000000000000000e+00 3.089598352214212047e-03 0.000000000000000000e+00 0.000000000000000000e+00 0.000000000000000000e+00 7.074746231928637566e-03 9.938382031405287116e-05 0.000000000000000000e+00 0.000000000000000000e+00 3.398208217485325974e-03 0.000000000000000000e+00 7.977662544874351315e-04 0.000000000000000000e+00 0.000000000000000000e+00 0.000000000000000000e+00 3.030303030303030387e-02 0.000000000000000000e+00 9.787928221859705513e-03 0.000000000000000000e+00 0.000000000000000000e+00 0.000000000000000000e+00 0.000000000000000000e+00 0.000000000000000000e+00 1.734304543877904941e-04 1.965408805031446647e-04 1.710376282782212140e-03 0.000000000000000000e+00 0.000000000000000000e+00 0.000000000000000000e+00 0.000000000000000000e+00 0.000000000000000000e+00 1.135073779795686688e-03 0.000000000000000000e+00 0.000000000000000000e+00 0.000000000000000000e+00 0.000000000000000000e+00 0.000000000000000000e+00
6.596558317399617635e-03 5.927342256214149230e-02 1.051625239005736165e-02 0.000000000000000000e+00 1.433897332950960805e-03 5.770470664087685303e-02 9.112560836698768013e-03 1.703945715003769845e-01 1.058574453069865973e-03 3.996366939146230729e-02 2.354048964218455591e-03 5.191305909825758708e-02 1.326419872181357857e-03 2.055800293685756258e-02 5.520287054926856273e-04 1.764840705936282506e-02 1.153668666359021619e-03 3.959945380063722986e-02 1.584976025572722505e-02 1.062499999999999972e-01 9.398496240601503238e-04 2.652519893899204107e-03 2.389682640030345306e-02 2.572706935123042493e-01 1.537672988211173826e-03 5.415617128463476315e-02 0.000000000000000000e+00 1.169337375487223933e-02 1.156515034695451043e-03 2.060562623185809017e-02 3.227262468968630088e-02 6.212957285918659089e-02 1.334763437015850339e-02 4.461457233368532060e-02 3.755163349605707829e-04 1.616814874696847126e-03 7.278020378457060024e-04 1.268713524486170946e-02 0.000000000000000000e+00 0.000000000000000000e+00 0.000000000000000000e+00 0.000000000000000000e+00 0.000000000000000000e+00 1.986097318768619664e-04 0.000000000000000000e+00 9.647853352629040405e-04 0.000000000000000000e+00 1.400364094664612925e-04 0.000000000000000000e+00 4.254648597541758892e-03 8.080155138978668144e-05 3.537056839680842446e-03 0.000000000000000000e+00 2.128565346956151595e-04 0.000000000000000000e+00 7.172314864622557091e-04 3.692080487354624358e-04 7.079469538338817661e-03 0.000000000000000000e+00 1.700822528927924127e-02 0.000000000000000000e+00 6.896551724137930505e-04 2.890173410404624460e-04 2.376292982946603353e-03 0.000000000000000000e+00 7.132495164410057598e-03 8.967805577975069577e-05 2.156841057405154208e-02 6.896551724137930505e-04 5.879790940766550789e-03 3.984441703823166439e-03 5.580151263604501283e-02 1.163391933815925575e-03 7.472800152700896648e-02 0.000000000000000000e+00 3.544303797468354323e-03 1.523925632429137464e-03 9.222497932175351132e-02 0.000000000000000000e+00 1.949317738791422894e-03 1.716443529007895762e-04 1.400560224089635866e-03 0.000000000000000000e+00 0.000000000000000000e+00 2.050651081718445718e-04 1.987676406281057261e-03 0.000000000000000000e+00 0.000000000000000000e+00 0.000000000000000000e+00 6.829434864264982393e-04 0.000000000000000000e+00 2.702702702702702853e-03 0.000000000000000000e+00 6.844626967830253145e-04 1.515151515151515194e-02 0.000000000000000000e+00 1.631321370309951136e-03 0.000000000000000000e+00 0.000000000000000000e+00 0.000000000000000000e+00 0.000000000000000000e+00 0.000000000000000000e+00 0.000000000000000000e+00 5.896226415094339398e-04 0.000000000000000000e+00 2.700877785280216253e-03 0.000000000000000000e+00 0.000000000000000000e+00 1.123595505617977497e-02 0.000000000000000000e+00 0.000000000000000000e+00 0.000000000000000000e+00 0.000000000000000000e+00 0.000000000000000000e+00 1.587301587301587300e-03 5.050505050505050934e-03
0.000000000000000000e+00 0.000000000000000000e+00 1.273300831660452992e-01 1.433897332950960805e-03 0.000000000000000000e+00 9.671179883945841453e-04 5.177591384487935898e-03 2.513194269917064347e-04 3.154551870148200599e-01 9.082652134423251263e-04 2.354048964218455645e-04 0.000000000000000000e+00 1.205836247437598032e-03 0.000000000000000000e+00 1.498757935412641518e-01 2.292000916800366781e-04 0.000000000000000000e+00 0.000000000000000000e+00 3.995737879595098328e-04 2.192982456140350918e-04 1.879699248120300648e-02 0.000000000000000000e+00 9.735744089012517144e-03 1.739995028585632599e-03 3.229113275243464948e-02 4.408060453400503877e-03 1.980728051391862921e-01 4.330879168471199491e-04 1.349267540478026181e-03 0.000000000000000000e+00 7.673211464680658629e-03 3.269977518904557644e-03 5.958765343820759822e-04 1.759943681802182290e-04 0.000000000000000000e+00 0.000000000000000000e+00 0.000000000000000000e+00 0.000000000000000000e+00 0.000000000000000000e+00 0.000000000000000000e+00 0.000000000000000000e+00 0.000000000000000000e+00 1.792114695340501791e-04 0.000000000000000000e+00 0.000000000000000000e+00 0.000000000000000000e+00 0.000000000000000000e+00 0.000000000000000000e+00 0.000000000000000000e+00 0.000000000000000000e+00 0.000000000000000000e+00 0.000000000000000000e+00 0.000000000000000000e+00 0.000000000000000000e+00 0.000000000000000000e+00 0.000000000000000000e+00 1.846040243677312179e-04 0.000000000000000000e+00 0.000000000000000000e+00 0.000000000000000000e+00 0.000000000000000000e+00 0.000000000000000000e+00 0.000000000000000000e+00 0.000000000000000000e+00 0.000000000000000000e+00 0.000000000000000000e+00 8.967805577975069577e-05 0.000000000000000000e+00 0.000000000000000000e+00 0.000000000000000000e+00 2.940897448059956454e-02 3.689356207341818600e-04 4.834539813857290785e-02 0.000000000000000000e+00 1.641791044776119354e-02 0.000000000000000000e+00 2.133495885400792623e-03 1.378549765646539839e-04 0.000000000000000000e+00 0.000000000000000000e+00 0.000000000000000000e+00 0.000000000000000000e+00 0.000000000000000000e+00 0.000000000000000000e+00 1.025325540859222859e-04 0.000000000000000000e+00 0.000000000000000000e+00 0.000000000000000000e+00 3.089280197713932703e-04 0.000000000000000000e+00 0.000000000000000000e+00 3.378378378378378566e-04 0.000000000000000000e+00 0.000000000000000000e+00 0.000000000000000000e+00 0.000000000000000000e+00 0.000000000000000000e+00 0.000000000000000000e+00 0.000000000000000000e+00 0.000000000000000000e+00 0.000000000000000000e+00 0.000000000000000000e+00 1.734304543877904941e-04 0.000000000000000000e+00 0.000000000000000000e+00 0.000000000000000000e+00 0.000000000000000000e+00 0.000000000000000000e+00 0.000000000000000000e+00 0.000000000000000000e+00 0.000000000000000000e+00 0.000000000000000000e+00 0.000000000000000000e+00 0.000000000000000000e+00 0.000000000000000000e+00 0.000000000000000000e+00
3.223726627981947151e-04 6.447453255963894302e-04 4.835589941972921052e-03 5.770470664087685303e-02 9.671179883945841453e-04 0.000000000000000000e+00 2.071036553795174598e-04 7.539582809751193583e-04 7.057163020465773151e-04 1.521344232515894623e-01 0.000000000000000000e+00 3.592599245554158527e-04 0.000000000000000000e+00 2.936857562408223148e-04 2.760143527463428136e-04 1.086408434563373854e-01 0.000000000000000000e+00 0.000000000000000000e+00 1.331912626531699443e-04 5.482456140350876889e-04 9.398496240601503238e-04 1.061007957559681643e-02 2.275888228600328553e-03 2.858563261247824838e-02 5.125576627370578842e-03 1.505037783375314797e-01 1.784439685938615230e-03 2.143785188393243779e-01 0.000000000000000000e+00 3.762766529295824905e-03 9.252990295644324126e-03 1.307991007561823057e-02 0.000000000000000000e+00 1.055966209081309320e-03 0.000000000000000000e+00 8.084074373484235630e-04 0.000000000000000000e+00 0.000000000000000000e+00 0.000000000000000000e+00 0.000000000000000000e+00 0.000000000000000000e+00 0.000000000000000000e+00 0.000000000000000000e+00 0.000000000000000000e+00 0.000000000000000000e+00 0.000000000000000000e+00 0.000000000000000000e+00 0.000000000000000000e+00 0.000000000000000000e+00 7.878978884336589386e-05 0.000000000000000000e+00 8.225713580653121778e-05 0.000000000000000000e+00 0.000000000000000000e+00 0.000000000000000000e+00 0.000000000000000000e+00 0.000000000000000000e+00 9.971083856815235512e-05 0.000000000000000000e+00 0.000000000000000000e+00 0.000000000000000000e+00 0.000000000000000000e+00 0.000000000000000000e+00 1.397819401733296058e-04 0.000000000000000000e+00 1.208897485493230182e-04 0.000000000000000000e+00 0.000000000000000000e+00 0.000000000000000000e+00 0.000000000000000000e+00 1.992220851911583220e-03 3.440324663346246148e-02 0.000000000000000000e+00 5.802634090475281697e-02 0.000000000000000000e+00 9.113924050632911736e-03 1.523925632429137355e-04 1.654259718775847807e-03 0.000000000000000000e+00 0.000000000000000000e+00 0.000000000000000000e+00 0.000000000000000000e+00 0.000000000000000000e+00 0.000000000000000000e+00 0.000000000000000000e+00 3.975352812562114846e-04 0.000000000000000000e+00 0.000000000000000000e+00 0.000000000000000000e+00 0.000000000000000000e+00 0.000000000000000000e+00 0.000000000000000000e+00 0.000000000000000000e+00 0.000000000000000000e+00 0.000000000000000000e+00 0.000000000000000000e+00 0.000000000000000000e+00 0.000000000000000000e+00 0.000000000000000000e+00 0.000000000000000000e+00 0.000000000000000000e+00 0.000000000000000000e+00 0.000000000000000000e+00 0.000000000000000000e+00 0.000000000000000000e+00 0.000000000000000000e+00 0.000000000000000000e+00 0.000000000000000000e+00 0.000000000000000000e+00 0.000000000000000000e+00 0.000000000000000000e+00 0.000000000000000000e+00 0.000000000000000000e+00 0.000000000000000000e+00 0.000000000000000000e+00 0.000000000000000000e+00
7.880294087190638230e-02 9.319664492078284877e-04 2.732732732732732761e-01 9.112560836698768013e-03 5.177591384487935898e-03 2.071036553795174598e-04 0.000000000000000000e+00 8.042221663734605910e-03 5.116443189837685535e-02 9.082652134423251263e-04 8.192090395480225440e-02 3.233339320998742782e-03 2.608223803207524449e-01 8.810572687224669988e-04 9.384487993375654688e-03 2.292000916800366781e-04 1.015228426395939007e-02 1.820664542558033706e-03 1.198721363878529553e-02 4.057017543859648724e-03 0.000000000000000000e+00 0.000000000000000000e+00 1.150587937792388500e-02 8.451404424558786599e-03 2.562788313685289421e-03 6.297229219143576657e-04 0.000000000000000000e+00 8.661758336942398983e-04 1.175790285273708644e-02 1.433434868303171475e-03 1.399232678853531975e-02 1.696300837931739164e-02 1.072577761887736833e-03 5.895811334037310766e-03 0.000000000000000000e+00 0.000000000000000000e+00 2.438136826783115010e-02 0.000000000000000000e+00 0.000000000000000000e+00 0.000000000000000000e+00 3.787878787878787984e-02 0.000000000000000000e+00 0.000000000000000000e+00 0.000000000000000000e+00 1.385041551246537399e-03 0.000000000000000000e+00 0.000000000000000000e+00 0.000000000000000000e+00 3.949547713084469377e-03 7.878978884336589386e-05 1.575630252100840289e-02 0.000000000000000000e+00 0.000000000000000000e+00 0.000000000000000000e+00 6.615944426066821486e-04 0.000000000000000000e+00 8.491785120915635102e-03 0.000000000000000000e+00 8.825438027255029516e-03 1.394116826990101819e-04 1.317183951551854741e-02 0.000000000000000000e+00 2.601156069364161851e-03 0.000000000000000000e+00 1.044891640866872987e-02 0.000000000000000000e+00 2.869697784952022265e-03 2.212144674261696696e-04 2.528735632183907924e-03 0.000000000000000000e+00 8.519115833412389815e-02 7.009776793949456207e-03 3.464322647362978042e-02 8.589425462874594047e-04 6.716417910447761153e-03 0.000000000000000000e+00 8.351112465711672816e-02 1.240694789081885855e-03 0.000000000000000000e+00 0.000000000000000000e+00 3.776175763817370568e-03 0.000000000000000000e+00 4.319654427645788601e-03 0.000000000000000000e+00 1.886598995180970018e-02 0.000000000000000000e+00 0.000000000000000000e+00 0.000000000000000000e+00 1.050355267222737032e-02 0.000000000000000000e+00 5.983246908655763486e-04 3.378378378378378566e-04 0.000000000000000000e+00 0.000000000000000000e+00 2.272727272727272790e-02 0.000000000000000000e+00 3.262642740619902271e-03 0.000000000000000000e+00 0.000000000000000000e+00 0.000000000000000000e+00 0.000000000000000000e+00 0.000000000000000000e+00 0.000000000000000000e+00 1.965408805031446647e-04 5.701254275940707134e-04 0.000000000000000000e+00 0.000000000000000000e+00 0.000000000000000000e+00 0.000000000000000000e+00 0.000000000000000000e+00 0.000000000000000000e+00 0.000000000000000000e+00 0.000000000000000000e+00 0.000000000000000000e+00 0.000000000000000000e+00 0.000000000000000000e+00
3.686018262545027926e-03 9.650665996481527786e-02 8.042221663734605910e-03 1.703945715003769845e-01 2.513194269917064347e-04 7.539582809751193583e-04 8.042221663734605910e-03 0.000000000000000000e+00 1.411432604093154630e-03 2.148047229791099078e-01 2.118644067796610162e-03 1.988503682414226592e-01 2.773423369106475540e-03 2.348017621145374323e-01 2.760143527463428136e-04 7.586523034609213290e-02 6.922011998154130579e-04 3.095129722348657214e-02 1.145444858817261553e-02 1.677631578947368432e-02 0.000000000000000000e+00 0.000000000000000000e+00 2.288532052092552907e-02 1.093711160825254838e-02 5.125576627370579058e-04 6.297229219143576657e-04 0.000000000000000000e+00 0.000000000000000000e+00 2.120277563608326948e-03 2.006808815624440065e-02 2.301963439404197675e-02 7.766196607398323862e-03 1.108330353950661394e-02 1.055966209081309407e-02 3.755163349605707829e-04 2.425222312045271014e-03 3.639010189228530012e-04 9.388480081197666041e-03 0.000000000000000000e+00 0.000000000000000000e+00 0.000000000000000000e+00 0.000000000000000000e+00 0.000000000000000000e+00 9.930486593843098318e-05 0.000000000000000000e+00 7.235890014471779491e-04 0.000000000000000000e+00 2.800728189329225850e-04 0.000000000000000000e+00 6.066813740939174492e-03 0.000000000000000000e+00 8.719256395492308923e-03 0.000000000000000000e+00 6.385696040868455055e-04 0.000000000000000000e+00 5.379236148466917276e-04 1.846040243677312179e-04 1.385980656097317819e-02 1.297858533419857154e-04 7.807054231144569534e-03 6.056018168054504158e-04 8.275862068965517473e-03 2.890173410404624460e-04 6.709533128319821078e-03 0.000000000000000000e+00 2.985976789168278550e-02 4.483902788987534924e-04 1.205618847472624683e-02 0.000000000000000000e+00 2.395470383275261159e-03 3.889574044208329515e-03 1.271905552481092105e-01 9.048603929679421018e-04 5.048673410956289187e-02 0.000000000000000000e+00 5.063291139240506424e-03 1.676318195672051254e-03 8.836503997794320497e-02 0.000000000000000000e+00 1.949317738791422894e-03 3.432887058015791524e-04 1.316526610644257710e-02 0.000000000000000000e+00 0.000000000000000000e+00 1.025325540859222859e-04 1.848539057841383504e-02 7.974481658692185058e-04 9.478672985781990811e-04 0.000000000000000000e+00 5.634283763018610447e-03 0.000000000000000000e+00 1.351351351351351426e-03 0.000000000000000000e+00 0.000000000000000000e+00 7.575757575757575968e-03 0.000000000000000000e+00 0.000000000000000000e+00 0.000000000000000000e+00 0.000000000000000000e+00 0.000000000000000000e+00 0.000000000000000000e+00 8.968609865470852103e-04 1.734304543877904941e-04 7.861635220125786586e-04 5.701254275940707134e-04 1.350438892640108126e-03 0.000000000000000000e+00 0.000000000000000000e+00 0.000000000000000000e+00 0.000000000000000000e+00 0.000000000000000000e+00 0.000000000000000000e+00 2.857142857142857054e-02 0.000000000000000000e+00 0.000000000000000000e+00 5.050505050505050934e-03
1.058574453069865973e-03 0.000000000000000000e+00 7.445306986591390674e-02 1.058574453069865973e-03 3.154551870148200599e-01 7.057163020465773151e-04 5.116443189837685535e-02 1.411432604093154630e-03 0.000000000000000000e+00 4.541326067211625631e-04 1.883239171374764516e-03 0.000000000000000000e+00 3.135174243337754407e-02 1.468428781204111574e-04 2.591774772288159001e-01 4.584001833600733562e-04 6.922011998154130579e-04 0.000000000000000000e+00 0.000000000000000000e+00 0.000000000000000000e+00 0.000000000000000000e+00 0.000000000000000000e+00 6.321911746112023880e-04 2.237136465324384739e-03 2.050230650948231623e-03 6.297229219143576657e-04 2.855103497501784455e-03 0.000000000000000000e+00 2.120277563608326948e-03 0.000000000000000000e+00 9.027307605506657657e-04 8.174943797261394109e-04 1.191753068764152127e-04 8.799718409010911450e-05 0.000000000000000000e+00 0.000000000000000000e+00 3.639010189228530012e-04 0.000000000000000000e+00 0.000000000000000000e+00 0.000000000000000000e+00 0.000000000000000000e+00 0.000000000000000000e+00 0.000000000000000000e+00 0.000000000000000000e+00 0.000000000000000000e+00 0.000000000000000000e+00 0.000000000000000000e+00 0.000000000000000000e+00 0.000000000000000000e+00 0.000000000000000000e+00 1.616031027795733629e-04 0.000000000000000000e+00 0.000000000000000000e+00 0.000000000000000000e+00 0.000000000000000000e+00 0.000000000000000000e+00 1.846040243677312179e-04 0.000000000000000000e+00 2.595717066839714308e-04 0.000000000000000000e+00 3.028009084027252079e-04 0.000000000000000000e+00 2.890173410404624460e-04 0.000000000000000000e+00 1.934984520123839125e-04 0.000000000000000000e+00 0.000000000000000000e+00 0.000000000000000000e+00 0.000000000000000000e+00 0.000000000000000000e+00 1.261739872877336126e-02 9.223390518354546500e-05 1.564115822130299899e-02 9.543806069860659902e-05 5.970149253731343343e-03 0.000000000000000000e+00 4.571776897287412392e-03 0.000000000000000000e+00 2.150537634408602149e-03 0.000000000000000000e+00 0.000000000000000000e+00 0.000000000000000000e+00 0.000000000000000000e+00 0.000000000000000000e+00 4.101302163436891437e-04 0.000000000000000000e+00 0.000000000000000000e+00 0.000000000000000000e+00 0.000000000000000000e+00 0.000000000000000000e+00 0.000000000000000000e+00 0.000000000000000000e+00 0.000000000000000000e+00 0.000000000000000000e+00 0.000000000000000000e+00 0.000000000000000000e+00 1.631321370309951136e-03 0.000000000000000000e+00 0.000000000000000000e+00 0.000000000000000000e+00 0.000000000000000000e+00 0.000000000000000000e+00 0.000000000000000000e+00 0.000000000000000000e+00 0.000000000000000000e+00 0.000000000000000000e+00 0.000000000000000000e+00 0.000000000000000000e+00 0.000000000000000000e+00 0.000000000000000000e+00 0.000000000000000000e+00 0.000000000000000000e+00 0.000000000000000000e+00 0.000000000000000000e+00 0.000000000000000000e+00 0.000000000000000000e+00
0.000000000000000000e+00 3.633060853769300505e-03 2.724795640326975379e-03 3.996366939146230729e-02 9.082652134423251263e-04 1.521344232515894623e-01 9.082652134423251263e-04 2.148047229791099078e-01 4.541326067211625631e-04 0.000000000000000000e+00 0.000000000000000000e+00 7.185198491108317053e-04 1.205836247437597978e-04 1.248164464023494846e-02 2.760143527463428136e-04 1.723584689433875772e-01 0.000000000000000000e+00 0.000000000000000000e+00 1.331912626531699443e-04 4.385964912280701836e-04 0.000000000000000000e+00 0.000000000000000000e+00 1.517258819066885775e-03 1.491424310216256420e-03 2.050230650948231623e-03 1.259445843828715331e-03 0.000000000000000000e+00 0.000000000000000000e+00 0.000000000000000000e+00 5.375380756136892597e-03 3.610923042202663063e-03 2.043735949315348527e-04 0.000000000000000000e+00 3.519887363604364580e-04 3.755163349605707829e-04 0.000000000000000000e+00 0.000000000000000000e+00 2.537427048972342217e-04 0.000000000000000000e+00 0.000000000000000000e+00 0.000000000000000000e+00 0.000000000000000000e+00 0.000000000000000000e+00 0.000000000000000000e+00 0.000000000000000000e+00 0.000000000000000000e+00 0.000000000000000000e+00 0.000000000000000000e+00 0.000000000000000000e+00 7.878978884336589386e-05 0.000000000000000000e+00 2.467714074195936262e-04 0.000000000000000000e+00 0.000000000000000000e+00 0.000000000000000000e+00 1.793078716155639273e-04 0.000000000000000000e+00 4.985541928407618163e-04 0.000000000000000000e+00 2.788233653980203637e-04 0.000000000000000000e+00 2.298850574712643592e-04 0.000000000000000000e+00 6.989097008666480832e-04 0.000000000000000000e+00 4.835589941972920727e-04 0.000000000000000000e+00 5.530361685654242281e-04 0.000000000000000000e+00 2.177700348432055747e-04 9.486765961483730391e-05 1.060689909610772891e-02 0.000000000000000000e+00 1.307501431570910408e-02 0.000000000000000000e+00 6.582278481012658090e-03 0.000000000000000000e+00 8.547008547008547868e-03 0.000000000000000000e+00 0.000000000000000000e+00 0.000000000000000000e+00 2.801120448179271515e-04 0.000000000000000000e+00 0.000000000000000000e+00 0.000000000000000000e+00 3.975352812562114846e-04 0.000000000000000000e+00 0.000000000000000000e+00 0.000000000000000000e+00 0.000000000000000000e+00 0.000000000000000000e+00 3.378378378378378566e-04 0.000000000000000000e+00 0.000000000000000000e+00 0.000000000000000000e+00 0.000000000000000000e+00 0.000000000000000000e+00 0.000000000000000000e+00 0.000000000000000000e+00 0.000000000000000000e+00 0.000000000000000000e+00 0.000000000000000000e+00 0.000000000000000000e+00 0.000000000000000000e+00 0.000000000000000000e+00 0.000000000000000000e+00 0.000000000000000000e+00 0.000000000000000000e+00 0.000000000000000000e+00 0.000000000000000000e+00 0.000000000000000000e+00 0.000000000000000000e+00 0.000000000000000000e+00 0.000000000000000000e+00 0.000000000000000000e+00 0.000000000000000000e+00
2.532956685499058169e-01 2.354048964218455645e-04 4.143126177024482326e-02 2.354048964218455591e-03 2.354048964218455645e-04 0.000000000000000000e+00 8.192090395480225440e-02 2.118644067796610162e-03 1.883239171374764516e-03 0.000000000000000000e+00 0.000000000000000000e+00 5.388898868331237248e-04 1.100928493910526967e-01 0.000000000000000000e+00 2.484129174717085269e-03 0.000000000000000000e+00 4.545454545454545581e-02 0.000000000000000000e+00 1.904635055940330154e-02 1.973684210526315853e-03 0.000000000000000000e+00 0.000000000000000000e+00 1.340245290175749206e-02 2.485707183693760701e-04 0.000000000000000000e+00 0.000000000000000000e+00 0.000000000000000000e+00 0.000000000000000000e+00 5.377794911333847599e-02 0.000000000000000000e+00 4.513653802753328829e-04 2.043735949315348527e-04 2.860207365033964888e-03 7.039774727208729160e-04 0.000000000000000000e+00 0.000000000000000000e+00 5.094614264919941800e-03 0.000000000000000000e+00 0.000000000000000000e+00 0.000000000000000000e+00 7.575757575757575968e-03 0.000000000000000000e+00 0.000000000000000000e+00 0.000000000000000000e+00 0.000000000000000000e+00 0.000000000000000000e+00 0.000000000000000000e+00 0.000000000000000000e+00 6.370238246910434445e-04 0.000000000000000000e+00 1.616031027795733575e-03 0.000000000000000000e+00 0.000000000000000000e+00 0.000000000000000000e+00 9.923916639100231144e-04 0.000000000000000000e+00 9.230201218386560949e-03 0.000000000000000000e+00 1.557430240103828585e-03 0.000000000000000000e+00 1.574564723694171081e-02 0.000000000000000000e+00 1.098265895953757197e-02 0.000000000000000000e+00 9.094427244582042533e-03 1.208897485493230182e-04 4.483902788987534924e-04 1.106072337130848348e-04 4.597701149425287184e-04 0.000000000000000000e+00 3.823166682477942974e-02 2.582549345139273020e-03 6.334022750775594388e-03 9.543806069860659902e-05 7.462686567164179179e-04 0.000000000000000000e+00 8.381590978360255184e-03 1.378549765646539839e-04 0.000000000000000000e+00 0.000000000000000000e+00 2.231376587710264328e-03 0.000000000000000000e+00 0.000000000000000000e+00 0.000000000000000000e+00 4.716497487952425044e-03 0.000000000000000000e+00 0.000000000000000000e+00 0.000000000000000000e+00 3.398208217485325974e-03 0.000000000000000000e+00 1.994415636218587829e-04 0.000000000000000000e+00 0.000000000000000000e+00 0.000000000000000000e+00 1.515151515151515194e-02 0.000000000000000000e+00 0.000000000000000000e+00 0.000000000000000000e+00 0.000000000000000000e+00 0.000000000000000000e+00 0.000000000000000000e+00 0.000000000000000000e+00 1.734304543877904941e-04 0.000000000000000000e+00 0.000000000000000000e+00 0.000000000000000000e+00 0.000000000000000000e+00 0.000000000000000000e+00 0.000000000000000000e+00 0.000000000000000000e+00 0.000000000000000000e+00 0.000000000000000000e+00 0.000000000000000000e+00 0.000000000000000000e+00 0.000000000000000000e+00 0.000000000000000000e+00
5.388898868331237248e-04 9.017424106340937717e-02 1.975929585054787135e-03 5.191305909825758708e-02 0.000000000000000000e+00 3.592599245554158527e-04 3.233339320998742782e-03 1.988503682414226592e-01 0.000000000000000000e+00 7.185198491108317053e-04 5.388898868331237248e-04 0.000000000000000000e+00 3.617508742312793664e-04 1.756240822320117578e-01 0.000000000000000000e+00 4.354801741920696911e-03 0.000000000000000000e+00 1.189500834471248630e-01 1.731486414491209330e-03 1.151315789473684147e-02 0.000000000000000000e+00 0.000000000000000000e+00 1.770135288911366773e-03 9.942828734775043670e-03 0.000000000000000000e+00 0.000000000000000000e+00 0.000000000000000000e+00 0.000000000000000000e+00 0.000000000000000000e+00 7.274681956638595626e-02 2.708192281651997189e-03 1.634988759452278822e-03 9.534024550113217016e-04 3.871876099964800984e-03 0.000000000000000000e+00 4.042037186742117815e-04 0.000000000000000000e+00 1.014970819588936887e-03 0.000000000000000000e+00 0.000000000000000000e+00 0.000000000000000000e+00 0.000000000000000000e+00 0.000000000000000000e+00 9.930486593843098318e-05 0.000000000000000000e+00 0.000000000000000000e+00 0.000000000000000000e+00 0.000000000000000000e+00 0.000000000000000000e+00 3.939489442168294829e-04 0.000000000000000000e+00 2.385456938389405451e-03 0.000000000000000000e+00 0.000000000000000000e+00 0.000000000000000000e+00 7.172314864622557091e-04 0.000000000000000000e+00 7.378602054043274794e-03 0.000000000000000000e+00 6.970584134950508822e-04 0.000000000000000000e+00 2.988505747126436914e-03 0.000000000000000000e+00 6.849315068493150305e-03 0.000000000000000000e+00 1.160541586073501018e-02 0.000000000000000000e+00 1.106072337130848456e-03 0.000000000000000000e+00 0.000000000000000000e+00 5.692059576890238235e-04 3.172846338313964343e-02 1.292657704239917366e-04 6.108035884710822337e-03 0.000000000000000000e+00 0.000000000000000000e+00 3.047851264858274711e-04 7.444168734491315130e-03 0.000000000000000000e+00 0.000000000000000000e+00 0.000000000000000000e+00 1.344537815126050501e-02 0.000000000000000000e+00 0.000000000000000000e+00 0.000000000000000000e+00 1.371496720333929657e-02 0.000000000000000000e+00 0.000000000000000000e+00 0.000000000000000000e+00 4.609868533378863251e-03 0.000000000000000000e+00 0.000000000000000000e+00 0.000000000000000000e+00 0.000000000000000000e+00 0.000000000000000000e+00 0.000000000000000000e+00 1.631321370309951136e-03 0.000000000000000000e+00 0.000000000000000000e+00 0.000000000000000000e+00 0.000000000000000000e+00 0.000000000000000000e+00 0.000000000000000000e+00 0.000000000000000000e+00 0.000000000000000000e+00 0.000000000000000000e+00 0.000000000000000000e+00 0.000000000000000000e+00 0.000000000000000000e+00 0.000000000000000000e+00 0.000000000000000000e+00 0.000000000000000000e+00 0.000000000000000000e+00 0.000000000000000000e+00 0.000000000000000000e+00 0.000000000000000000e+00
1.068370915229711754e-01 1.205836247437597978e-04 4.871578439647895886e-02 1.326419872181357857e-03 1.205836247437598032e-03 0.000000000000000000e+00 2.608223803207524449e-01 2.773423369106475540e-03 3.135174243337754407e-02 1.205836247437597978e-04 1.100928493910526967e-01 3.617508742312793664e-04 0.000000000000000000e+00 1.468428781204111574e-04 2.776704388628208897e-01 0.000000000000000000e+00 5.076142131979695035e-03 4.551661356395084266e-04 1.505061267980820419e-02 4.385964912280701836e-04 0.000000000000000000e+00 0.000000000000000000e+00 2.212669111139208347e-02 1.739995028585632599e-03 1.025115325474115812e-03 0.000000000000000000e+00 0.000000000000000000e+00 0.000000000000000000e+00 8.866615265998457895e-02 1.791793585378964344e-04 1.354096140825998594e-03 2.248109544246883109e-03 2.383506137528303929e-03 7.039774727208729160e-04 7.510326699211415657e-04 0.000000000000000000e+00 7.278020378457059590e-03 0.000000000000000000e+00 0.000000000000000000e+00 0.000000000000000000e+00 0.000000000000000000e+00 0.000000000000000000e+00 1.792114695340501791e-04 0.000000000000000000e+00 1.731301939058171749e-04 0.000000000000000000e+00 0.000000000000000000e+00 0.000000000000000000e+00 2.548095298764173670e-04 0.000000000000000000e+00 4.201680672268907381e-03 0.000000000000000000e+00 0.000000000000000000e+00 0.000000000000000000e+00 1.653986106516705263e-03 0.000000000000000000e+00 6.830348901606055415e-03 0.000000000000000000e+00 2.206359506813757379e-03 0.000000000000000000e+00 1.937925813777441331e-02 0.000000000000000000e+00 8.670520231213871970e-03 0.000000000000000000e+00 1.567337461300309653e-02 0.000000000000000000e+00 9.864586135772577483e-04 0.000000000000000000e+00 6.896551724137930505e-04 0.000000000000000000e+00 6.868418556114221085e-02 2.029145914038000230e-03 1.822647362978283350e-02 9.543806069860659902e-05 9.701492537313432390e-03 0.000000000000000000e+00 3.352636391344102074e-02 0.000000000000000000e+00 0.000000000000000000e+00 0.000000000000000000e+00 5.320974939924476808e-03 0.000000000000000000e+00 2.159827213822894301e-03 0.000000000000000000e+00 2.071157592535630143e-02 0.000000000000000000e+00 7.974481658692185058e-04 0.000000000000000000e+00 6.796416434970651947e-03 0.000000000000000000e+00 5.983246908655763486e-04 6.756756756756757132e-04 0.000000000000000000e+00 0.000000000000000000e+00 1.515151515151515194e-02 0.000000000000000000e+00 3.262642740619902271e-03 0.000000000000000000e+00 0.000000000000000000e+00 0.000000000000000000e+00 0.000000000000000000e+00 0.000000000000000000e+00 0.000000000000000000e+00 1.965408805031446647e-04 0.000000000000000000e+00 6.752194463200540632e-04 0.000000000000000000e+00 0.000000000000000000e+00 0.000000000000000000e+00 0.000000000000000000e+00 0.000000000000000000e+00 0.000000000000000000e+00 0.000000000000000000e+00 0.000000000000000000e+00 0.000000000000000000e+00 0.000000000000000000e+00
