2.741743955431354407e-01 4.968034881995226915e-01 3.419660449288987047e-01 5.031734990493705872e-01 3.433193833912351334e-01 0.000000000000000000e+00 2.989311107989358063e-01 4.764968695775835261e-01 3.557925431309216791e-01 0.000000000000000000e+00 3.197505896209822951e-01 4.670491219385550785e-01 3.358488523940953430e-01 4.633125535784494708e-01 3.919582818181818196e-01 0.000000000000000000e+00 3.162096362269499195e-01 4.833558111921092970e-01 3.935026312240230695e-01 5.136544595009651104e-01 0.000000000000000000e+00 0.000000000000000000e+00 3.926106715232796640e-01 4.976705037302725509e-01 0.000000000000000000e+00 0.000000000000000000e+00 0.000000000000000000e+00 0.000000000000000000e+00 3.637471043887595679e-01 4.659936759458027100e-01 3.871576400000000251e-01 0.000000000000000000e+00 4.307106992598513928e-01 5.083781593815230870e-01 4.399581075102880767e-01 0.000000000000000000e+00 4.878515672469815323e-01 4.655258330928870869e-01 0.000000000000000000e+00 0.000000000000000000e+00 4.077302882882883339e-01 0.000000000000000000e+00 4.089574299952685732e-01 0.000000000000000000e+00 4.153724694795200012e-01 5.306030258620689777e-01 0.000000000000000000e+00 0.000000000000000000e+00 4.110327459790806270e-01 5.198242109374999753e-01 3.911217542546207016e-01 4.583097481481481217e-01 3.967330102543739634e-01 0.000000000000000000e+00 4.008258915871397154e-01 4.278532431089547283e-01 2.940764843239117021e-01 4.913221792335540905e-01 3.942011020636574381e-01 4.875482260428523063e-01 3.836074245855357057e-01 4.647110174720972542e-01 3.726110809079005159e-01 4.733348049336650876e-01 3.852966107967951137e-01 4.724090256410256594e-01 3.973975058638642976e-01 4.988741889369818217e-01 3.108798416258195529e-01 5.145848238567489741e-01 3.596983331467429879e-01 4.868000385093474991e-01 3.585690191556009654e-01 4.743451946601247027e-01 3.657428603815649493e-01 0.000000000000000000e+00 3.859817627507042270e-01 4.678676644206676838e-01 4.422784083333333172e-01 0.000000000000000000e+00 3.783570291481955228e-01 0.000000000000000000e+00 0.000000000000000000e+00 0.000000000000000000e+00 4.047897338512394527e-01 0.000000000000000000e+00 0.000000000000000000e+00 0.000000000000000000e+00 4.086113538689231661e-01 0.000000000000000000e+00 4.500596582537507717e-01 0.000000000000000000e+00 4.527325588235294185e-01 3.924342499999999845e-01 4.262447368776596801e-01 0.000000000000000000e+00 4.725074776850382574e-01 4.794041783439490501e-01 4.662370630481397771e-01 0.000000000000000000e+00 4.637956040609137465e-01 4.285587514185271729e-01 4.313376338755843253e-01 0.000000000000000000e+00 4.238412394844889852e-01 0.000000000000000000e+00 4.134446952380952389e-01 0.000000000000000000e+00 0.000000000000000000e+00 0.000000000000000000e+00 0.000000000000000000e+00 0.000000000000000000e+00 0.000000000000000000e+00 0.000000000000000000e+00 0.000000000000000000e+00 0.000000000000000000e+00
4.968034881995226915e-01 2.677260007401867647e-01 4.988861043805284390e-01 3.702796586228560560e-01 0.000000000000000000e+00 3.856800268808043275e-01 4.706284854774722137e-01 3.263985870974115411e-01 0.000000000000000000e+00 3.624257204301074564e-01 4.783874087746344261e-01 2.586393286735543251e-01 4.517344726190476445e-01 3.769630782930940560e-01 0.000000000000000000e+00 0.000000000000000000e+00 4.679920794314514909e-01 3.189698698243003117e-01 5.120564751701777162e-01 3.921255550704926818e-01 0.000000000000000000e+00 0.000000000000000000e+00 0.000000000000000000e+00 4.118923234029850944e-01 0.000000000000000000e+00 0.000000000000000000e+00 0.000000000000000000e+00 0.000000000000000000e+00 4.793920433512398604e-01 4.026079696243766715e-01 4.568997541886433145e-01 4.283868725490196927e-01 5.065533348803420433e-01 4.321770396242050616e-01 4.617319787299904443e-01 4.233665308740978128e-01 5.041102909492352069e-01 4.893341434644796761e-01 0.000000000000000000e+00 4.403270538557212954e-01 0.000000000000000000e+00 4.673884603174602304e-01 0.000000000000000000e+00 4.268696590909091260e-01 0.000000000000000000e+00 4.301804392420200962e-01 0.000000000000000000e+00 4.360155536130536080e-01 4.955363620434800054e-01 4.128524452299183189e-01 4.676320929991387709e-01 3.919466161054963593e-01 0.000000000000000000e+00 3.750761468030961443e-01 4.666702254434307306e-01 3.748299655818668197e-01 5.002924685083903755e-01 3.178796434027096884e-01 4.949465848662438217e-01 4.151264382967109756e-01 4.820628564741251121e-01 3.825118359824736802e-01 4.646663362157099630e-01 3.882024674083623395e-01 4.834869813084111678e-01 3.841041943431542927e-01 4.989958745535399420e-01 4.322811142429865416e-01 5.152148790230151043e-01 3.073640427606182945e-01 4.813948754061532775e-01 3.779194824162562250e-01 4.714425093244921650e-01 4.010299393214497576e-01 5.155557888888888662e-01 4.299501698926073701e-01 4.627256979815826399e-01 4.184018380797793757e-01 0.000000000000000000e+00 0.000000000000000000e+00 0.000000000000000000e+00 4.173723190638630731e-01 0.000000000000000000e+00 0.000000000000000000e+00 0.000000000000000000e+00 4.103587650000293241e-01 0.000000000000000000e+00 3.962612318247472065e-01 0.000000000000000000e+00 4.186305552886100401e-01 4.635942288295882840e-01 4.464866523192191350e-01 4.077246357615894046e-01 4.487562651444926276e-01 4.527468597932850503e-01 4.118538746148976970e-01 4.535523511904761551e-01 4.566788275862068702e-01 4.588701094890510479e-01 5.155838318584070601e-01 0.000000000000000000e+00 4.565363629906025178e-01 5.028344773671239443e-01 4.496946612805952093e-01 4.666439539341377674e-01 4.432615111172026334e-01 4.180885925925925672e-01 0.000000000000000000e+00 0.000000000000000000e+00 4.426661634515667854e-01 4.121257894736842231e-01 0.000000000000000000e+00 4.230351064034217901e-01 0.000000000000000000e+00 4.313088572222222861e-01 4.247496256556340111e-01
3.419660449288987047e-01 4.988861043805284390e-01 2.635931824537742219e-01 4.646454820623210913e-01 2.613279984692036262e-01 4.312152931870211203e-01 3.050082344180628513e-01 4.735909491358941681e-01 2.515184218272013550e-01 4.344099936095703884e-01 3.954319883913375300e-01 4.797644894687527195e-01 3.501473461873758630e-01 4.526819447497560378e-01 3.250912199295230010e-01 4.443848865598132303e-01 3.889014019813991085e-01 4.813511152440385632e-01 3.235347844618339797e-01 5.157787802886057982e-01 0.000000000000000000e+00 3.568761363636364092e-01 2.969677855044487447e-01 4.562743301950408781e-01 2.750053546003868310e-01 4.453259061788187312e-01 3.113208983000564367e-01 4.271692426499817397e-01 3.778668491885410208e-01 4.699616702514193833e-01 3.843196052919583550e-01 4.311370239082285005e-01 4.237522497764817375e-01 4.920815290374581652e-01 4.608104574873482240e-01 0.000000000000000000e+00 4.212414652943238802e-01 0.000000000000000000e+00 0.000000000000000000e+00 0.000000000000000000e+00 0.000000000000000000e+00 0.000000000000000000e+00 4.428799967127285409e-01 0.000000000000000000e+00 4.218598459177724802e-01 5.139036500000000451e-01 4.275361101694916122e-01 0.000000000000000000e+00 4.128901611679784422e-01 5.098651172413792843e-01 4.046357623008038362e-01 4.597645328467152570e-01 3.745288995452193404e-01 0.000000000000000000e+00 3.834764922418238409e-01 0.000000000000000000e+00 3.935313393508564905e-01 4.970516279069767118e-01 4.164246760804950487e-01 0.000000000000000000e+00 3.905034113176588662e-01 4.352414351881377375e-01 3.793438942123083524e-01 0.000000000000000000e+00 3.887525859205721024e-01 0.000000000000000000e+00 4.170292589866383959e-01 5.144099563352826365e-01 2.633228457421890600e-01 5.160234423076922594e-01 3.787266831658669952e-01 4.881588368273356293e-01 3.684145106703043404e-01 4.640699767242246754e-01 3.707881418776965976e-01 0.000000000000000000e+00 3.931260146543366640e-01 4.661257578042141136e-01 0.000000000000000000e+00 0.000000000000000000e+00 3.714124203239091426e-01 0.000000000000000000e+00 0.000000000000000000e+00 0.000000000000000000e+00 3.762000384701061906e-01 0.000000000000000000e+00 0.000000000000000000e+00 0.000000000000000000e+00 3.782365552728370051e-01 0.000000000000000000e+00 4.246794114515972662e-01 0.000000000000000000e+00 4.223241774193548514e-01 0.000000000000000000e+00 4.280138648218832498e-01 4.382837348484848738e-01 0.000000000000000000e+00 0.000000000000000000e+00 0.000000000000000000e+00 4.103972660550458951e-01 0.000000000000000000e+00 4.358173970588235524e-01 4.249610451963518609e-01 0.000000000000000000e+00 4.546180957446808724e-01 0.000000000000000000e+00 0.000000000000000000e+00 0.000000000000000000e+00 0.000000000000000000e+00 0.000000000000000000e+00 0.000000000000000000e+00 0.000000000000000000e+00 0.000000000000000000e+00 0.000000000000000000e+00 0.000000000000000000e+00 0.000000000000000000e+00
5.031734990493705872e-01 3.702796586228560560e-01 4.646454820623210913e-01 2.553730498137609106e-01 4.363359200998797593e-01 2.225034442215373942e-01 4.689041880400534046e-01 3.281784108108987130e-01 4.332977130707230118e-01 2.847993438676025280e-01 4.780807828650900926e-01 3.959281469407315845e-01 4.556591602916924000e-01 3.645099522164073069e-01 4.559094611413659348e-01 3.124514796964605323e-01 4.915321891387747222e-01 4.205821604526387425e-01 5.190671666130618478e-01 3.060061241796989684e-01 0.000000000000000000e+00 3.845250253164557153e-01 4.480141807734742132e-01 2.640938575688261958e-01 4.448126835443038107e-01 2.118001961329036009e-01 0.000000000000000000e+00 2.643675048601503152e-01 4.799513548693611908e-01 3.777375556074914487e-01 4.427121640704703709e-01 3.335390607898582882e-01 4.722678800626113893e-01 3.701351651049030744e-01 0.000000000000000000e+00 4.613479561374161375e-01 0.000000000000000000e+00 4.518145016225315613e-01 0.000000000000000000e+00 4.454716900738151519e-01 0.000000000000000000e+00 0.000000000000000000e+00 0.000000000000000000e+00 3.441391946902654930e-01 5.316836259541984910e-01 4.303876641943644166e-01 0.000000000000000000e+00 4.357767107438016430e-01 0.000000000000000000e+00 4.453328815537271890e-01 0.000000000000000000e+00 4.265710863202231695e-01 0.000000000000000000e+00 3.995717541666666817e-01 0.000000000000000000e+00 3.391051052631578466e-01 4.976731573449656443e-01 4.196784159180905749e-01 4.180481575342465117e-01 4.502659970229990205e-01 4.978661440885485123e-01 3.999839593111690905e-01 5.202952199425869839e-01 4.053596271115012528e-01 0.000000000000000000e+00 4.270465588235294319e-01 4.806037313538033540e-01 4.482787573937959680e-01 5.138637179896253793e-01 4.737893605842684597e-01 4.996072417182863545e-01 3.841170045221632967e-01 4.435772264917510199e-01 3.818357632947745328e-01 0.000000000000000000e+00 3.625624985952578538e-01 4.699467793965667606e-01 4.182881158303148328e-01 0.000000000000000000e+00 0.000000000000000000e+00 0.000000000000000000e+00 3.437623962264150790e-01 0.000000000000000000e+00 0.000000000000000000e+00 4.598304756626430123e-01 3.945989648329591426e-01 0.000000000000000000e+00 0.000000000000000000e+00 0.000000000000000000e+00 3.772112535318368209e-01 4.414592531963151822e-01 4.103376630824098759e-01 0.000000000000000000e+00 3.901041496892818095e-01 4.494396927937916453e-01 4.399784633969874292e-01 0.000000000000000000e+00 0.000000000000000000e+00 0.000000000000000000e+00 4.332573006316919328e-01 0.000000000000000000e+00 4.266550284046907726e-01 4.126945844631558780e-01 4.243839953466432280e-01 0.000000000000000000e+00 4.285071920812653090e-01 4.276430725806452116e-01 3.902444234234234699e-01 0.000000000000000000e+00 4.442191235955056383e-01 0.000000000000000000e+00 0.000000000000000000e+00 0.000000000000000000e+00 0.000000000000000000e+00 0.000000000000000000e+00 0.000000000000000000e+00
3.433193833912351334e-01 0.000000000000000000e+00 2.613279984692036262e-01 4.363359200998797593e-01 2.289924180428349609e-01 4.427831437185264507e-01 2.852649918294057896e-01 4.547964841685256943e-01 2.492587585231633429e-01 4.514555659256478393e-01 3.476558601255114178e-01 0.000000000000000000e+00 3.086063130478380323e-01 0.000000000000000000e+00 2.872597180630730995e-01 4.896033851351350719e-01 3.431876020408163308e-01 0.000000000000000000e+00 3.717614375447246267e-01 0.000000000000000000e+00 1.914023403343172447e-01 0.000000000000000000e+00 2.791345485244249303e-01 4.393285445240007192e-01 2.166278850477749707e-01 4.665194014784974086e-01 2.852676963347154371e-01 4.608017294512693485e-01 3.362639523890536553e-01 0.000000000000000000e+00 3.543281371954251080e-01 4.485138591264448693e-01 3.903595789473683908e-01 4.277558660714285699e-01 0.000000000000000000e+00 0.000000000000000000e+00 0.000000000000000000e+00 0.000000000000000000e+00 0.000000000000000000e+00 0.000000000000000000e+00 0.000000000000000000e+00 0.000000000000000000e+00 4.285746496350364421e-01 0.000000000000000000e+00 0.000000000000000000e+00 0.000000000000000000e+00 4.061151231884057577e-01 0.000000000000000000e+00 4.319214015748031321e-01 0.000000000000000000e+00 4.408200681818181810e-01 0.000000000000000000e+00 3.918904385964912529e-01 0.000000000000000000e+00 0.000000000000000000e+00 0.000000000000000000e+00 0.000000000000000000e+00 0.000000000000000000e+00 0.000000000000000000e+00 0.000000000000000000e+00 3.891290424242424550e-01 0.000000000000000000e+00 3.507249464336379408e-01 0.000000000000000000e+00 3.690322667388412636e-01 0.000000000000000000e+00 0.000000000000000000e+00 0.000000000000000000e+00 0.000000000000000000e+00 0.000000000000000000e+00 2.768331422192512048e-01 4.868254676030105421e-01 3.191123444533988107e-01 0.000000000000000000e+00 3.140895909393858765e-01 0.000000000000000000e+00 3.414890225945703128e-01 0.000000000000000000e+00 0.000000000000000000e+00 0.000000000000000000e+00 3.481376951360311001e-01 0.000000000000000000e+00 0.000000000000000000e+00 0.000000000000000000e+00 3.690152800118668974e-01 0.000000000000000000e+00 3.646591666666666454e-01 0.000000000000000000e+00 3.739145249770304824e-01 0.000000000000000000e+00 0.000000000000000000e+00 0.000000000000000000e+00 0.000000000000000000e+00 0.000000000000000000e+00 0.000000000000000000e+00 0.000000000000000000e+00 0.000000000000000000e+00 0.000000000000000000e+00 0.000000000000000000e+00 0.000000000000000000e+00 0.000000000000000000e+00 0.000000000000000000e+00 0.000000000000000000e+00 0.000000000000000000e+00 0.000000000000000000e+00 0.000000000000000000e+00 0.000000000000000000e+00 0.000000000000000000e+00 0.000000000000000000e+00 0.000000000000000000e+00 0.000000000000000000e+00 0.000000000000000000e+00 0.000000000000000000e+00 0.000000000000000000e+00 0.000000000000000000e+00 0.000000000000000000e+00
0.000000000000000000e+00 3.856800268808043275e-01 4.312152931870211203e-01 2.225034442215373942e-01 4.427831437185264507e-01 2.089948283171553234e-01 4.699702168724280149e-01 2.712882327357458156e-01 4.317448853863573577e-01 2.357461513349750348e-01 0.000000000000000000e+00 0.000000000000000000e+00 4.165098317757009450e-01 3.494625881833636205e-01 3.792065080000000532e-01 2.519566591581763326e-01 0.000000000000000000e+00 0.000000000000000000e+00 0.000000000000000000e+00 3.558427669864455689e-01 0.000000000000000000e+00 3.462681380007168186e-01 4.274084745965116006e-01 1.940347900862726960e-01 4.548309300775612019e-01 1.856728030613129521e-01 4.620335943980894422e-01 2.767979743011710347e-01 0.000000000000000000e+00 3.024865659185473343e-01 4.146800244497069743e-01 3.072966474107911017e-01 0.000000000000000000e+00 3.368952920103055471e-01 0.000000000000000000e+00 0.000000000000000000e+00 0.000000000000000000e+00 3.918808888888888897e-01 0.000000000000000000e+00 4.520097692307692983e-01 0.000000000000000000e+00 0.000000000000000000e+00 0.000000000000000000e+00 4.593433399001761730e-01 0.000000000000000000e+00 0.000000000000000000e+00 0.000000000000000000e+00 0.000000000000000000e+00 0.000000000000000000e+00 4.205767328767123225e-01 0.000000000000000000e+00 4.141642962962962526e-01 0.000000000000000000e+00 4.180795531358885153e-01 0.000000000000000000e+00 4.281124872244898016e-01 0.000000000000000000e+00 0.000000000000000000e+00 0.000000000000000000e+00 0.000000000000000000e+00 0.000000000000000000e+00 0.000000000000000000e+00 4.677604010989011574e-01 4.284706944444444665e-01 0.000000000000000000e+00 0.000000000000000000e+00 0.000000000000000000e+00 4.080971528247607782e-01 0.000000000000000000e+00 0.000000000000000000e+00 4.722223266676703335e-01 3.217722527346309480e-01 0.000000000000000000e+00 3.022289932582284955e-01 0.000000000000000000e+00 2.806517693159507609e-01 0.000000000000000000e+00 3.061975513983420938e-01 0.000000000000000000e+00 0.000000000000000000e+00 0.000000000000000000e+00 4.095465102217602515e-01 0.000000000000000000e+00 0.000000000000000000e+00 0.000000000000000000e+00 3.735837984945525325e-01 0.000000000000000000e+00 3.812832142857142115e-01 0.000000000000000000e+00 3.946217163773983461e-01 0.000000000000000000e+00 0.000000000000000000e+00 0.000000000000000000e+00 0.000000000000000000e+00 0.000000000000000000e+00 0.000000000000000000e+00 0.000000000000000000e+00 0.000000000000000000e+00 0.000000000000000000e+00 0.000000000000000000e+00 0.000000000000000000e+00 0.000000000000000000e+00 0.000000000000000000e+00 0.000000000000000000e+00 0.000000000000000000e+00 0.000000000000000000e+00 0.000000000000000000e+00 0.000000000000000000e+00 0.000000000000000000e+00 0.000000000000000000e+00 0.000000000000000000e+00 0.000000000000000000e+00 0.000000000000000000e+00 0.000000000000000000e+00 0.000000000000000000e+00 0.000000000000000000e+00
2.989311107989358063e-01 4.706284854774722137e-01 3.050082344180628513e-01 4.689041880400534046e-01 2.852649918294057896e-01 4.699702168724280149e-01 2.567670908650586115e-01 4.681058541898668324e-01 2.500696134401295123e-01 4.377033869082323503e-01 3.641650567719842413e-01 4.677402022513884039e-01 2.801733286726764693e-01 4.576469225303039234e-01 3.001555574137446114e-01 4.262321700065075381e-01 3.599766238121215323e-01 4.814313099910405569e-01 3.987065336621387068e-01 4.942912675365890851e-01 0.000000000000000000e+00 0.000000000000000000e+00 3.511175386323984737e-01 4.514555797379437019e-01 3.405995509937203014e-01 4.157715735219567055e-01 3.469712703371745643e-01 4.264736320346320664e-01 3.600751177976648232e-01 4.762243029046467901e-01 3.802244343091627510e-01 4.347758922545067461e-01 4.065804075571857745e-01 4.967703603624156750e-01 4.346198094736842266e-01 0.000000000000000000e+00 3.898758422359400733e-01 0.000000000000000000e+00 0.000000000000000000e+00 0.000000000000000000e+00 0.000000000000000000e+00 0.000000000000000000e+00 3.943239007844998589e-01 0.000000000000000000e+00 3.881533883808044316e-01 0.000000000000000000e+00 0.000000000000000000e+00 0.000000000000000000e+00 4.005626439356472224e-01 0.000000000000000000e+00 3.782124969220602706e-01 0.000000000000000000e+00 3.739004002236513413e-01 0.000000000000000000e+00 3.914292085661247311e-01 0.000000000000000000e+00 3.764925414557305228e-01 5.015902753623188159e-01 3.975150414547489741e-01 4.362128023952095979e-01 3.922285189235124592e-01 0.000000000000000000e+00 3.554984814051438402e-01 0.000000000000000000e+00 3.811495162468448439e-01 0.000000000000000000e+00 4.187855923156129645e-01 5.056982342910515404e-01 4.102798925088111393e-01 0.000000000000000000e+00 3.491438090740371369e-01 4.985711528375819657e-01 3.515363024029825034e-01 4.761526327692775507e-01 2.768588205128204582e-01 0.000000000000000000e+00 3.758455380422405789e-01 4.639381009799320998e-01 0.000000000000000000e+00 0.000000000000000000e+00 3.550030932375760062e-01 0.000000000000000000e+00 3.446762994011975945e-01 0.000000000000000000e+00 3.833188728904941001e-01 4.106445818181818641e-01 3.457830999999999544e-01 0.000000000000000000e+00 3.826915959866777350e-01 0.000000000000000000e+00 4.469468740157480635e-01 0.000000000000000000e+00 0.000000000000000000e+00 0.000000000000000000e+00 4.334223770053475810e-01 0.000000000000000000e+00 0.000000000000000000e+00 0.000000000000000000e+00 0.000000000000000000e+00 0.000000000000000000e+00 0.000000000000000000e+00 0.000000000000000000e+00 0.000000000000000000e+00 0.000000000000000000e+00 0.000000000000000000e+00 4.830547763157895247e-01 0.000000000000000000e+00 0.000000000000000000e+00 0.000000000000000000e+00 0.000000000000000000e+00 0.000000000000000000e+00 0.000000000000000000e+00 0.000000000000000000e+00 0.000000000000000000e+00 0.000000000000000000e+00 0.000000000000000000e+00
4.764968695775835261e-01 3.263985870974115411e-01 4.735909491358941681e-01 3.281784108108987130e-01 4.547964841685256943e-01 2.712882327357458156e-01 4.681058541898668324e-01 2.590320692483458753e-01 4.202114882937914020e-01 2.665276672118236934e-01 4.687366399845703246e-01 3.423121554066136940e-01 4.466689427933245859e-01 2.792871700067698360e-01 4.309962271265923017e-01 2.677635842177764625e-01 4.715117450851110670e-01 3.857615442881177636e-01 4.909645152990007033e-01 4.027838011981597077e-01 0.000000000000000000e+00 0.000000000000000000e+00 4.502249913846120832e-01 3.583462064311178641e-01 0.000000000000000000e+00 3.216997283422460274e-01 4.296188548496710502e-01 0.000000000000000000e+00 4.663853783784016604e-01 3.229169761230859526e-01 4.437342625062162815e-01 3.504253589163425220e-01 4.781494560388664938e-01 3.889685573069273650e-01 4.545005121951218308e-01 4.746830263013165352e-01 4.446737613636364550e-01 4.103953704289400872e-01 0.000000000000000000e+00 4.255790943370689194e-01 0.000000000000000000e+00 0.000000000000000000e+00 0.000000000000000000e+00 0.000000000000000000e+00 4.807427068412162274e-01 3.721633686125017104e-01 0.000000000000000000e+00 0.000000000000000000e+00 0.000000000000000000e+00 3.616622623223897937e-01 4.451642522213994368e-01 3.711901752902956875e-01 0.000000000000000000e+00 3.456557679560401386e-01 4.117907783960431112e-01 3.586827928997274317e-01 0.000000000000000000e+00 3.752253272530447492e-01 4.814413410852712571e-01 4.180482285921407470e-01 4.691262416313196071e-01 3.737569878579576899e-01 4.642890831802403140e-01 3.826014005610957058e-01 0.000000000000000000e+00 3.778955765728231886e-01 4.641485565794861712e-01 4.410451252351932916e-01 4.765569777162447229e-01 3.525601018518518259e-01 4.999677582334375314e-01 3.499709144918481396e-01 4.583427165228600719e-01 3.587374425686747914e-01 4.304746190476190781e-01 3.516208905164602272e-01 4.553895739653917585e-01 3.789757024486392067e-01 0.000000000000000000e+00 4.229681521739130368e-01 4.512215268210050256e-01 3.821363425305246420e-01 0.000000000000000000e+00 3.793451619718309908e-01 4.373037029836405187e-01 3.917155918024071148e-01 0.000000000000000000e+00 3.843401974709425573e-01 3.963839269230768902e-01 3.945854675200620165e-01 4.901799084967319864e-01 3.989415379310344845e-01 0.000000000000000000e+00 4.553089384615384705e-01 0.000000000000000000e+00 0.000000000000000000e+00 0.000000000000000000e+00 0.000000000000000000e+00 0.000000000000000000e+00 0.000000000000000000e+00 0.000000000000000000e+00 0.000000000000000000e+00 3.884486370967742408e-01 4.345575040650406784e-01 0.000000000000000000e+00 0.000000000000000000e+00 0.000000000000000000e+00 0.000000000000000000e+00 0.000000000000000000e+00 0.000000000000000000e+00 0.000000000000000000e+00 0.000000000000000000e+00 0.000000000000000000e+00 0.000000000000000000e+00 0.000000000000000000e+00 0.000000000000000000e+00
3.557925431309216791e-01 0.000000000000000000e+00 2.515184218272013550e-01 4.332977130707230118e-01 2.492587585231633429e-01 4.317448853863573577e-01 2.500696134401295123e-01 4.202114882937914020e-01 2.624954133858846683e-01 4.284112722140509533e-01 3.689569910143291054e-01 0.000000000000000000e+00 2.939191029269827560e-01 4.570001724137932597e-01 2.500699600459693195e-01 4.586971039509014081e-01 3.672227142857142357e-01 0.000000000000000000e+00 3.783731947541247309e-01 4.055082727272726895e-01 2.840274062500000030e-01 0.000000000000000000e+00 3.408208344453878547e-01 4.056401263811955094e-01 2.896381362994159825e-01 4.248840660762482901e-01 3.196747004983591656e-01 3.835156427507852572e-01 2.767886521951793966e-01 0.000000000000000000e+00 3.462844379629628766e-01 4.207974448824267077e-01 0.000000000000000000e+00 4.178919834710743686e-01 0.000000000000000000e+00 0.000000000000000000e+00 4.036177361111110695e-01 0.000000000000000000e+00 0.000000000000000000e+00 0.000000000000000000e+00 0.000000000000000000e+00 0.000000000000000000e+00 0.000000000000000000e+00 0.000000000000000000e+00 0.000000000000000000e+00 0.000000000000000000e+00 4.440397719298245782e-01 0.000000000000000000e+00 4.527709745222928683e-01 0.000000000000000000e+00 4.053778000000000103e-01 0.000000000000000000e+00 0.000000000000000000e+00 0.000000000000000000e+00 0.000000000000000000e+00 0.000000000000000000e+00 0.000000000000000000e+00 0.000000000000000000e+00 0.000000000000000000e+00 0.000000000000000000e+00 3.960884667525958469e-01 0.000000000000000000e+00 3.623860983670562086e-01 0.000000000000000000e+00 3.875574954128440663e-01 0.000000000000000000e+00 0.000000000000000000e+00 0.000000000000000000e+00 0.000000000000000000e+00 0.000000000000000000e+00 3.079247799741907654e-01 5.234091111111112138e-01 3.236456657465981990e-01 4.908278034906270459e-01 2.825733396417830501e-01 0.000000000000000000e+00 3.557754794072358617e-01 0.000000000000000000e+00 0.000000000000000000e+00 0.000000000000000000e+00 3.602350878787878297e-01 0.000000000000000000e+00 3.555051544061535451e-01 0.000000000000000000e+00 3.784406225254066114e-01 0.000000000000000000e+00 0.000000000000000000e+00 0.000000000000000000e+00 0.000000000000000000e+00 0.000000000000000000e+00 0.000000000000000000e+00 0.000000000000000000e+00 0.000000000000000000e+00 0.000000000000000000e+00 4.056909555555554547e-01 0.000000000000000000e+00 0.000000000000000000e+00 0.000000000000000000e+00 0.000000000000000000e+00 0.000000000000000000e+00 0.000000000000000000e+00 0.000000000000000000e+00 0.000000000000000000e+00 0.000000000000000000e+00 0.000000000000000000e+00 0.000000000000000000e+00 0.000000000000000000e+00 0.000000000000000000e+00 0.000000000000000000e+00 0.000000000000000000e+00 0.000000000000000000e+00 0.000000000000000000e+00 0.000000000000000000e+00 0.000000000000000000e+00 0.000000000000000000e+00 0.000000000000000000e+00
0.000000000000000000e+00 3.624257204301074564e-01 4.344099936095703884e-01 2.847993438676025280e-01 4.514555659256478393e-01 2.357461513349750348e-01 4.377033869082323503e-01 2.665276672118236934e-01 4.284112722140509533e-01 2.852095859786455412e-01 0.000000000000000000e+00 3.630114632981882861e-01 4.404975715924261959e-01 3.137550542074774573e-01 0.000000000000000000e+00 2.980012019482404240e-01 0.000000000000000000e+00 4.221577878718132948e-01 4.439343577981650912e-01 3.636290697660558013e-01 0.000000000000000000e+00 0.000000000000000000e+00 4.302698984654957925e-01 2.964457550754737158e-01 0.000000000000000000e+00 2.786284295865632532e-01 4.141079466666666709e-01 3.097993762993762612e-01 0.000000000000000000e+00 3.057019006303227093e-01 4.183138692285328086e-01 3.088211820527254070e-01 0.000000000000000000e+00 3.819933375165838751e-01 0.000000000000000000e+00 5.081222551020407874e-01 0.000000000000000000e+00 0.000000000000000000e+00 0.000000000000000000e+00 0.000000000000000000e+00 0.000000000000000000e+00 0.000000000000000000e+00 0.000000000000000000e+00 4.651269393939393981e-01 0.000000000000000000e+00 0.000000000000000000e+00 0.000000000000000000e+00 0.000000000000000000e+00 0.000000000000000000e+00 0.000000000000000000e+00 0.000000000000000000e+00 0.000000000000000000e+00 0.000000000000000000e+00 4.246683798449612524e-01 0.000000000000000000e+00 0.000000000000000000e+00 0.000000000000000000e+00 3.098773666666666537e-01 0.000000000000000000e+00 4.059112097902097815e-01 0.000000000000000000e+00 0.000000000000000000e+00 0.000000000000000000e+00 0.000000000000000000e+00 0.000000000000000000e+00 0.000000000000000000e+00 0.000000000000000000e+00 0.000000000000000000e+00 0.000000000000000000e+00 0.000000000000000000e+00 4.773830126465897217e-01 3.238313540164003412e-01 4.122807009345794693e-01 3.178251685742639054e-01 0.000000000000000000e+00 3.106683357588357897e-01 0.000000000000000000e+00 3.229680943896051093e-01 0.000000000000000000e+00 0.000000000000000000e+00 0.000000000000000000e+00 3.940288127421140429e-01 0.000000000000000000e+00 0.000000000000000000e+00 0.000000000000000000e+00 3.939696840381571308e-01 0.000000000000000000e+00 0.000000000000000000e+00 0.000000000000000000e+00 4.259354734313234303e-01 0.000000000000000000e+00 0.000000000000000000e+00 0.000000000000000000e+00 0.000000000000000000e+00 0.000000000000000000e+00 0.000000000000000000e+00 0.000000000000000000e+00 0.000000000000000000e+00 0.000000000000000000e+00 0.000000000000000000e+00 0.000000000000000000e+00 4.979817161290321925e-01 3.973109612403100677e-01 3.652179008264462290e-01 0.000000000000000000e+00 3.772195500000000146e-01 0.000000000000000000e+00 0.000000000000000000e+00 0.000000000000000000e+00 0.000000000000000000e+00 0.000000000000000000e+00 0.000000000000000000e+00 0.000000000000000000e+00 0.000000000000000000e+00 0.000000000000000000e+00 0.000000000000000000e+00
3.197505896209822951e-01 4.783874087746344261e-01 3.954319883913375300e-01 4.780807828650900926e-01 3.476558601255114178e-01 0.000000000000000000e+00 3.641650567719842413e-01 4.687366399845703246e-01 3.689569910143291054e-01 0.000000000000000000e+00 2.874560497071602105e-01 4.728776781103267157e-01 3.011708888907080328e-01 4.695524374932036338e-01 3.777521944444444113e-01 0.000000000000000000e+00 3.046918918374915686e-01 4.718065978260869153e-01 4.164392919063680809e-01 4.827616466875812029e-01 0.000000000000000000e+00 0.000000000000000000e+00 4.012206567774913579e-01 4.856396870355323414e-01 0.000000000000000000e+00 0.000000000000000000e+00 0.000000000000000000e+00 0.000000000000000000e+00 3.559652088429141603e-01 4.502517431149097860e-01 3.894149810291329117e-01 4.227430658057155233e-01 4.134104901351694505e-01 4.701532157379370580e-01 4.747064660194175167e-01 0.000000000000000000e+00 4.651881724137930108e-01 0.000000000000000000e+00 0.000000000000000000e+00 0.000000000000000000e+00 0.000000000000000000e+00 0.000000000000000000e+00 0.000000000000000000e+00 0.000000000000000000e+00 4.253022907801418673e-01 0.000000000000000000e+00 0.000000000000000000e+00 0.000000000000000000e+00 4.454010615384615401e-01 0.000000000000000000e+00 3.982667309889286189e-01 0.000000000000000000e+00 4.271797247706421996e-01 0.000000000000000000e+00 4.113828808284483718e-01 0.000000000000000000e+00 3.904736534372237888e-01 4.984902553191489227e-01 4.131883858817343991e-01 0.000000000000000000e+00 3.876845597371016972e-01 0.000000000000000000e+00 3.728377163085270229e-01 4.629351156069363982e-01 4.033676265548936102e-01 0.000000000000000000e+00 4.236865956409807121e-01 0.000000000000000000e+00 4.246301637086903336e-01 0.000000000000000000e+00 3.702683582033431953e-01 5.098184129893454930e-01 3.941792220386945433e-01 4.701607959100720380e-01 4.159953012812848128e-01 4.761524725274725589e-01 4.171901588355484969e-01 4.557102560381885992e-01 0.000000000000000000e+00 0.000000000000000000e+00 3.679419016429905653e-01 0.000000000000000000e+00 0.000000000000000000e+00 0.000000000000000000e+00 3.953288840028345574e-01 0.000000000000000000e+00 0.000000000000000000e+00 4.547107333333333945e-01 3.933610703794105934e-01 0.000000000000000000e+00 0.000000000000000000e+00 0.000000000000000000e+00 0.000000000000000000e+00 0.000000000000000000e+00 4.504575810810811376e-01 4.383455777777777729e-01 0.000000000000000000e+00 0.000000000000000000e+00 0.000000000000000000e+00 0.000000000000000000e+00 0.000000000000000000e+00 0.000000000000000000e+00 4.511439468085106097e-01 0.000000000000000000e+00 0.000000000000000000e+00 0.000000000000000000e+00 0.000000000000000000e+00 0.000000000000000000e+00 0.000000000000000000e+00 0.000000000000000000e+00 0.000000000000000000e+00 0.000000000000000000e+00 0.000000000000000000e+00 0.000000000000000000e+00 0.000000000000000000e+00 0.000000000000000000e+00
4.670491219385550785e-01 2.586393286735543251e-01 4.797644894687527195e-01 3.959281469407315845e-01 0.000000000000000000e+00 0.000000000000000000e+00 4.677402022513884039e-01 3.423121554066136940e-01 0.000000000000000000e+00 3.630114632981882861e-01 4.728776781103267157e-01 2.672312736818664991e-01 4.681276890613657593e-01 2.463603636086512116e-01 0.000000000000000000e+00 3.826799057688060057e-01 4.725620591379310897e-01 3.168622294149122665e-01 4.847675927956057729e-01 4.119347312557796736e-01 0.000000000000000000e+00 0.000000000000000000e+00 4.532542467868822533e-01 4.101629842420912442e-01 0.000000000000000000e+00 3.402670519480519573e-01 0.000000000000000000e+00 0.000000000000000000e+00 4.637235352710057934e-01 3.910579679215261950e-01 4.284553870354439464e-01 4.084611755610405015e-01 4.784234390768604128e-01 4.031737296714641428e-01 4.570825299999999869e-01 4.230387143702549757e-01 4.981208486842105820e-01 4.231486494311843538e-01 0.000000000000000000e+00 4.652448504672896390e-01 0.000000000000000000e+00 0.000000000000000000e+00 0.000000000000000000e+00 0.000000000000000000e+00 4.901099074074073414e-01 4.217275748513462652e-01 0.000000000000000000e+00 0.000000000000000000e+00 0.000000000000000000e+00 4.356326736115586074e-01 0.000000000000000000e+00 4.055351401006705991e-01 0.000000000000000000e+00 0.000000000000000000e+00 0.000000000000000000e+00 3.774516715111652099e-01 0.000000000000000000e+00 3.784957081060101869e-01 0.000000000000000000e+00 4.455858745723088044e-01 0.000000000000000000e+00 4.023972125598345162e-01 0.000000000000000000e+00 4.079777456687547765e-01 0.000000000000000000e+00 4.151585076382283135e-01 4.789117118881007773e-01 4.436565580043976831e-01 4.290898444444444793e-01 4.366983851540616191e-01 5.035303525407497371e-01 3.594374884595579189e-01 4.528826515512328066e-01 4.049068920091236090e-01 0.000000000000000000e+00 0.000000000000000000e+00 4.674362663737414159e-01 4.233930109628471494e-01 0.000000000000000000e+00 0.000000000000000000e+00 0.000000000000000000e+00 4.075959681479356944e-01 0.000000000000000000e+00 0.000000000000000000e+00 0.000000000000000000e+00 4.224258628740607535e-01 0.000000000000000000e+00 0.000000000000000000e+00 0.000000000000000000e+00 4.319732276044567221e-01 0.000000000000000000e+00 4.224803720930232487e-01 0.000000000000000000e+00 4.225176299770690980e-01 4.744714702831511199e-01 4.568467710843372998e-01 0.000000000000000000e+00 0.000000000000000000e+00 0.000000000000000000e+00 0.000000000000000000e+00 0.000000000000000000e+00 0.000000000000000000e+00 0.000000000000000000e+00 4.234685290729073293e-01 0.000000000000000000e+00 4.561290208227009035e-01 0.000000000000000000e+00 0.000000000000000000e+00 0.000000000000000000e+00 0.000000000000000000e+00 0.000000000000000000e+00 0.000000000000000000e+00 0.000000000000000000e+00 0.000000000000000000e+00 0.000000000000000000e+00 0.000000000000000000e+00
3.358488523940953430e-01 4.517344726190476445e-01 3.501473461873758630e-01 4.556591602916924000e-01 3.086063130478380323e-01 4.165098317757009450e-01 2.801733286726764693e-01 4.466689427933245859e-01 2.939191029269827560e-01 4.404975715924261959e-01 3.011708888907080328e-01 4.681276890613657593e-01 2.399420107407536085e-01 4.489234285277784453e-01 2.818987470720434874e-01 0.000000000000000000e+00 3.578643450447098751e-01 0.000000000000000000e+00 3.928334890775286858e-01 4.660770580608262215e-01 0.000000000000000000e+00 0.000000000000000000e+00 3.555613007428835570e-01 4.406276202440292944e-01 3.417731415002798756e-01 4.638314146341462885e-01 3.578055934265068627e-01 3.167139999999999955e-01 3.153340045960580373e-01 4.632019183996883283e-01 3.644211854255060001e-01 4.460496661213253500e-01 4.083147688852705182e-01 4.600778282187723001e-01 0.000000000000000000e+00 3.826476928571428959e-01 0.000000000000000000e+00 0.000000000000000000e+00 0.000000000000000000e+00 0.000000000000000000e+00 3.588662857142857487e-01 0.000000000000000000e+00 0.000000000000000000e+00 0.000000000000000000e+00 4.002665405405405608e-01 0.000000000000000000e+00 0.000000000000000000e+00 0.000000000000000000e+00 4.104878023076923288e-01 0.000000000000000000e+00 3.970305315996915385e-01 0.000000000000000000e+00 3.994581578007518896e-01 0.000000000000000000e+00 3.877096526828486267e-01 0.000000000000000000e+00 4.112774076277377899e-01 0.000000000000000000e+00 3.948771941698210886e-01 0.000000000000000000e+00 3.982099311189206126e-01 0.000000000000000000e+00 3.757137326901093255e-01 0.000000000000000000e+00 3.945405930072953260e-01 0.000000000000000000e+00 4.137170794284432684e-01 4.582853679999999708e-01 4.315327862115461710e-01 0.000000000000000000e+00 3.311603434336046758e-01 4.724187831193707998e-01 3.619072497569805202e-01 4.632843270548193670e-01 3.384519261105544130e-01 4.165451547619047346e-01 3.803615086297836290e-01 4.149921465127410225e-01 3.606856089339545157e-01 0.000000000000000000e+00 3.554902854239080368e-01 0.000000000000000000e+00 0.000000000000000000e+00 0.000000000000000000e+00 3.833638693948591136e-01 0.000000000000000000e+00 0.000000000000000000e+00 0.000000000000000000e+00 3.860563971332923727e-01 0.000000000000000000e+00 4.467626240000000526e-01 0.000000000000000000e+00 0.000000000000000000e+00 0.000000000000000000e+00 0.000000000000000000e+00 4.058849506172840238e-01 0.000000000000000000e+00 0.000000000000000000e+00 0.000000000000000000e+00 0.000000000000000000e+00 0.000000000000000000e+00 0.000000000000000000e+00 4.494998605204068021e-01 4.396438901734103788e-01 4.193653870967742336e-01 4.112394357541899748e-01 3.716288163265306088e-01 0.000000000000000000e+00 0.000000000000000000e+00 0.000000000000000000e+00 0.000000000000000000e+00 0.000000000000000000e+00 0.000000000000000000e+00 0.000000000000000000e+00 4.633562244897959093e-01 0.000000000000000000e+00
