0.000000000000000000e+00 1.841577145555424455e-02 6.466332776850305941e-02 2.520562483417352218e-03 1.267962806424344918e-03 0.000000000000000000e+00 6.499917722560473454e-02 3.524601720005639347e-03 1.223990208078335265e-03 0.000000000000000000e+00 2.832544123977615014e-01 8.090614886731391968e-04 4.490957122536069768e-02 0.000000000000000000e+00 7.020007020007019679e-04 0.000000000000000000e+00 9.921910886541111807e-02 2.370178840767075881e-03 5.942560342193706213e-02 2.669039145907473390e-02 0.000000000000000000e+00 0.000000000000000000e+00 1.689545934530094998e-03 0.000000000000000000e+00 0.000000000000000000e+00 0.000000000000000000e+00 0.000000000000000000e+00 0.000000000000000000e+00 2.916120576671035400e-02 5.503577325261419743e-04 0.000000000000000000e+00 0.000000000000000000e+00 8.181026979982594302e-03 7.851615839781519654e-03 0.000000000000000000e+00 0.000000000000000000e+00 2.996254681647940107e-02 2.633658151171978023e-04 2.602472348731294915e-03 8.176614881439084499e-04 0.000000000000000000e+00 0.000000000000000000e+00 0.000000000000000000e+00 0.000000000000000000e+00 6.008411776487082058e-04 0.000000000000000000e+00 0.000000000000000000e+00 0.000000000000000000e+00 7.316359379572724090e-04 0.000000000000000000e+00 3.710415048753128164e-03 9.085953116481919236e-05 3.668378576669112444e-04 0.000000000000000000e+00 0.000000000000000000e+00 0.000000000000000000e+00 2.509691555705376720e-01 1.458966565349543998e-03 6.270963978416217027e-03 3.134796238244514309e-04 3.804247460757156224e-02 0.000000000000000000e+00 1.308170705554364058e-02 2.032933523073795384e-04 3.935986159169550108e-02 1.539171925504078796e-04 3.324002799160251809e-03 5.592215635834917693e-04 1.069139194139194088e-01 6.527820951196767335e-03 5.245501677340652646e-02 0.000000000000000000e+00 3.679107451188736583e-02 8.438818565400844039e-04 0.000000000000000000e+00 0.000000000000000000e+00 4.864234549391970724e-02 5.515719801434087587e-04 5.988023952095808747e-03 0.000000000000000000e+00 9.262622593534325724e-03 0.000000000000000000e+00 0.000000000000000000e+00 0.000000000000000000e+00 2.988898377455166677e-02 0.000000000000000000e+00 0.000000000000000000e+00 0.000000000000000000e+00 1.475661172863165956e-02 0.000000000000000000e+00 9.615384615384615918e-04 2.771618625277161860e-04 2.655337227827933946e-04 0.000000000000000000e+00 4.489337822671155692e-02 0.000000000000000000e+00 1.873828856964397356e-03 0.000000000000000000e+00 7.153075822603719575e-04 0.000000000000000000e+00 1.408450704225352188e-03 0.000000000000000000e+00 9.057971014492753733e-04 1.942501942501942500e-04 3.382663847780126645e-03 1.436781609195402279e-03 2.560819462227912832e-03 0.000000000000000000e+00 0.000000000000000000e+00 0.000000000000000000e+00 2.366863905325443818e-03 0.000000000000000000e+00 0.000000000000000000e+00 0.000000000000000000e+00 0.000000000000000000e+00 0.000000000000000000e+00
1.841577145555424455e-02 0.000000000000000000e+00 6.900389538119087313e-03 7.933138763597771814e-02 0.000000000000000000e+00 0.000000000000000000e+00 6.582195162086556086e-04 1.216692513745946669e-01 0.000000000000000000e+00 0.000000000000000000e+00 1.291433491175204493e-03 9.911003236245954917e-02 2.032107295265190021e-04 1.230877439774925343e-02 0.000000000000000000e+00 1.338240214118434227e-03 2.526412494258153518e-03 8.144796380090497945e-02 3.315001527650473373e-02 6.743772241992881944e-02 0.000000000000000000e+00 0.000000000000000000e+00 0.000000000000000000e+00 0.000000000000000000e+00 0.000000000000000000e+00 0.000000000000000000e+00 0.000000000000000000e+00 0.000000000000000000e+00 4.914809960681519813e-04 3.228765364153366596e-02 0.000000000000000000e+00 0.000000000000000000e+00 1.288076588337684972e-02 2.139280837505689453e-02 0.000000000000000000e+00 0.000000000000000000e+00 3.404834865509022554e-04 6.083750329207268659e-02 0.000000000000000000e+00 3.924775143090760560e-02 0.000000000000000000e+00 0.000000000000000000e+00 0.000000000000000000e+00 8.136696501220503969e-05 0.000000000000000000e+00 9.721322099805573651e-04 0.000000000000000000e+00 1.344086021505376343e-04 0.000000000000000000e+00 3.339827442248817068e-03 0.000000000000000000e+00 8.722514991822642033e-03 0.000000000000000000e+00 0.000000000000000000e+00 0.000000000000000000e+00 1.163128816516429158e-03 1.685487948761166417e-04 1.957446808510638347e-01 1.458363715910748228e-04 2.570532915360501658e-02 0.000000000000000000e+00 5.889787664307381126e-02 8.578168561012224254e-04 1.077454767229111578e-02 2.162629757785467194e-04 3.878713252270278578e-02 1.137158852344296797e-03 1.118443127166983582e-02 2.380952380952380820e-02 1.258936897730805193e-01 1.524855138761817611e-04 4.217404217404217143e-02 6.640988179041041554e-04 4.147076552139843109e-02 0.000000000000000000e+00 8.635578583765111862e-04 3.331667499583541815e-04 5.607648464791321896e-02 0.000000000000000000e+00 6.666666666666667095e-03 5.448601525608427407e-04 5.096566523605149980e-03 0.000000000000000000e+00 9.425070688030159991e-04 8.539709649871904536e-05 2.264894140817331342e-02 0.000000000000000000e+00 0.000000000000000000e+00 0.000000000000000000e+00 2.035513209181463723e-02 0.000000000000000000e+00 3.880266075388026821e-03 0.000000000000000000e+00 1.948368241597662033e-03 1.571268237934904735e-02 2.293577981651376274e-02 6.246096189881323799e-04 1.328021248339973344e-03 7.153075822603719575e-04 2.277904328018223127e-03 7.042253521126760939e-04 1.885014137606031998e-03 3.623188405797101493e-04 3.690753690753690967e-03 1.691331923890063323e-03 3.232758620689655128e-03 0.000000000000000000e+00 1.176470588235294015e-03 0.000000000000000000e+00 0.000000000000000000e+00 1.183431952662721909e-03 0.000000000000000000e+00 0.000000000000000000e+00 0.000000000000000000e+00 0.000000000000000000e+00 0.000000000000000000e+00
6.466332776850305941e-02 6.900389538119087313e-03 0.000000000000000000e+00 6.500397983550012908e-03 8.833474218089602814e-02 3.795721187025534980e-03 3.827546486753332089e-01 8.318060059213308252e-03 8.139534883720930813e-02 6.488824801730352920e-03 4.175634954799827686e-02 5.663430420711974486e-03 9.022556390977443108e-02 1.055037805521364443e-03 1.790101790101790089e-02 1.672800267648042729e-03 2.273771244832338209e-02 2.370178840767075881e-03 1.458906202260922824e-01 1.138790035587188693e-02 0.000000000000000000e+00 0.000000000000000000e+00 2.644139387539598540e-01 3.877737226277372298e-03 2.081362346263008686e-02 1.200000000000000025e-02 5.175983436853002443e-04 1.234060057589469366e-03 3.489515072083879121e-02 1.100715465052283949e-03 1.777926870177792829e-02 7.479601087941976402e-03 1.166231505657093145e-02 6.144742831133363434e-03 3.518029903254177825e-03 5.382131324004305224e-04 2.383384405856316113e-03 2.633658151171978023e-04 1.301236174365647457e-03 8.176614881439084499e-04 0.000000000000000000e+00 0.000000000000000000e+00 1.579778830963664954e-04 0.000000000000000000e+00 1.602243140396555215e-03 0.000000000000000000e+00 1.810282404055032460e-04 0.000000000000000000e+00 3.072870939420544508e-03 0.000000000000000000e+00 1.458279402882043350e-02 9.085953116481919236e-05 3.668378576669112444e-04 0.000000000000000000e+00 9.271277582050806718e-04 0.000000000000000000e+00 1.466374515422214780e-02 2.431610942249240177e-04 6.416800350007291660e-03 1.097178683385579981e-03 1.625115420129270502e-02 7.583417593528817306e-04 4.289084280506112127e-04 0.000000000000000000e+00 2.508650519031141793e-02 0.000000000000000000e+00 1.119664100769768994e-02 2.236886254333967131e-04 1.991758241758241621e-02 0.000000000000000000e+00 2.439768222018908264e-02 4.455004455004454942e-04 5.405764377739407517e-02 7.233273056057866164e-04 7.024793388429752435e-03 4.317789291882555931e-04 7.046476761619190066e-02 2.757859900717043577e-03 2.994011976047904373e-03 0.000000000000000000e+00 3.632401017072284938e-03 0.000000000000000000e+00 0.000000000000000000e+00 0.000000000000000000e+00 9.137489325362938355e-03 0.000000000000000000e+00 0.000000000000000000e+00 0.000000000000000000e+00 9.390571100038328650e-03 0.000000000000000000e+00 4.807692307692307959e-04 2.771618625277161860e-04 0.000000000000000000e+00 4.870920603994155084e-04 2.805836139169472568e-02 0.000000000000000000e+00 6.246096189881323799e-04 0.000000000000000000e+00 1.430615164520743915e-03 0.000000000000000000e+00 0.000000000000000000e+00 0.000000000000000000e+00 1.811594202898550747e-03 1.942501942501942500e-04 1.268498942917547492e-03 3.591954022988505697e-04 1.280409731113956416e-03 0.000000000000000000e+00 0.000000000000000000e+00 0.000000000000000000e+00 0.000000000000000000e+00 0.000000000000000000e+00 0.000000000000000000e+00 0.000000000000000000e+00 0.000000000000000000e+00 0.000000000000000000e+00
2.520562483417352218e-03 7.933138763597771814e-02 6.500397983550012908e-03 0.000000000000000000e+00 1.267962806424344918e-03 6.073153899240855969e-02 1.086062201744281662e-02 1.165938248977865521e-01 1.835985312117503114e-03 4.542177361211247044e-02 1.291433491175204493e-03 3.195792880258899876e-02 5.080268238162975215e-03 2.391419025848426361e-02 7.020007020007019679e-04 2.709936433589829261e-02 9.186954524575103405e-04 2.305537599655246850e-02 9.624197983501375092e-03 7.508896797153025160e-02 0.000000000000000000e+00 0.000000000000000000e+00 6.758183738120379994e-03 3.462591240875912413e-01 9.460737937559129604e-04 1.160000000000000059e-01 5.175983436853002443e-04 2.468120115178938732e-03 1.802096985583224184e-03 2.751788662630709828e-02 2.046293190204629200e-02 6.844968268359021002e-02 2.610966057441253298e-03 3.254437869822485174e-02 4.397537379067722281e-04 3.229278794402583568e-03 0.000000000000000000e+00 3.055043455359494203e-02 0.000000000000000000e+00 2.207686017988552685e-02 0.000000000000000000e+00 0.000000000000000000e+00 0.000000000000000000e+00 2.441008950366151326e-04 0.000000000000000000e+00 5.400734499891985362e-04 0.000000000000000000e+00 2.688172043010752686e-04 0.000000000000000000e+00 3.154281473234993825e-03 0.000000000000000000e+00 3.997819371252044410e-03 0.000000000000000000e+00 0.000000000000000000e+00 0.000000000000000000e+00 1.453911020645536447e-04 1.685487948761166417e-04 4.863221884498480571e-03 1.458363715910748228e-04 2.774294670846394820e-02 1.846722068328716406e-04 3.286147623862487391e-03 2.144542140253056063e-04 2.032933523073795438e-03 2.162629757785467194e-04 5.233184546713867853e-03 4.373687893631910675e-04 1.330947321328710374e-02 1.602564102564102509e-03 8.392912651538700364e-03 7.624275693809088325e-04 5.152955152955152746e-02 1.062558108646566692e-03 7.341772151898734444e-02 0.000000000000000000e+00 9.067357512953367130e-03 2.498750624687656307e-03 8.383894098179812959e-02 0.000000000000000000e+00 1.333333333333333419e-02 0.000000000000000000e+00 5.364806866952789681e-04 0.000000000000000000e+00 0.000000000000000000e+00 0.000000000000000000e+00 7.877892663712457010e-04 0.000000000000000000e+00 0.000000000000000000e+00 0.000000000000000000e+00 5.774505557961599322e-04 9.615384615384615918e-04 1.662971175166297116e-03 0.000000000000000000e+00 4.870920603994155084e-04 1.683501683501683471e-02 0.000000000000000000e+00 0.000000000000000000e+00 0.000000000000000000e+00 7.153075822603719575e-04 1.518602885345482229e-03 0.000000000000000000e+00 9.425070688030159991e-04 5.434782608695652240e-04 1.359751359751359750e-03 4.228329809725158307e-04 1.795977011494252849e-03 0.000000000000000000e+00 2.352941176470588029e-03 0.000000000000000000e+00 8.196721311475410263e-03 1.183431952662721909e-03 0.000000000000000000e+00 0.000000000000000000e+00 0.000000000000000000e+00 0.000000000000000000e+00 0.000000000000000000e+00
1.267962806424344918e-03 0.000000000000000000e+00 8.833474218089602814e-02 1.267962806424344918e-03 0.000000000000000000e+00 4.140786749482401954e-03 8.556853710712523237e-03 2.819681376004511695e-04 1.548347613219094310e-01 1.441961067051189538e-03 0.000000000000000000e+00 0.000000000000000000e+00 1.219264377159113904e-03 0.000000000000000000e+00 2.158652158652158704e-01 0.000000000000000000e+00 0.000000000000000000e+00 0.000000000000000000e+00 3.055300947143293534e-04 0.000000000000000000e+00 1.092896174863387977e-02 0.000000000000000000e+00 4.435058078141499577e-02 1.368613138686131450e-03 2.819299905392620431e-01 1.439999999999999961e-02 1.004140786749482400e-01 4.113533525298231400e-04 2.293577981651376274e-03 0.000000000000000000e+00 7.044615900704461267e-03 1.359927470534904800e-03 8.703220191470843964e-04 0.000000000000000000e+00 0.000000000000000000e+00 0.000000000000000000e+00 0.000000000000000000e+00 0.000000000000000000e+00 0.000000000000000000e+00 0.000000000000000000e+00 0.000000000000000000e+00 0.000000000000000000e+00 0.000000000000000000e+00 0.000000000000000000e+00 0.000000000000000000e+00 0.000000000000000000e+00 0.000000000000000000e+00 0.000000000000000000e+00 0.000000000000000000e+00 0.000000000000000000e+00 0.000000000000000000e+00 0.000000000000000000e+00 0.000000000000000000e+00 0.000000000000000000e+00 0.000000000000000000e+00 0.000000000000000000e+00 0.000000000000000000e+00 0.000000000000000000e+00 0.000000000000000000e+00 0.000000000000000000e+00 0.000000000000000000e+00 0.000000000000000000e+00 0.000000000000000000e+00 0.000000000000000000e+00 0.000000000000000000e+00 0.000000000000000000e+00 0.000000000000000000e+00 0.000000000000000000e+00 0.000000000000000000e+00 0.000000000000000000e+00 1.601097895699908624e-02 0.000000000000000000e+00 3.984592907424625019e-02 0.000000000000000000e+00 2.892561983471074200e-03 0.000000000000000000e+00 1.499250374812593654e-03 0.000000000000000000e+00 0.000000000000000000e+00 0.000000000000000000e+00 0.000000000000000000e+00 0.000000000000000000e+00 0.000000000000000000e+00 0.000000000000000000e+00 8.539709649871904536e-05 0.000000000000000000e+00 7.905138339920948515e-04 0.000000000000000000e+00 1.916443081640475401e-04 0.000000000000000000e+00 0.000000000000000000e+00 0.000000000000000000e+00 0.000000000000000000e+00 0.000000000000000000e+00 0.000000000000000000e+00 0.000000000000000000e+00 0.000000000000000000e+00 0.000000000000000000e+00 0.000000000000000000e+00 0.000000000000000000e+00 0.000000000000000000e+00 0.000000000000000000e+00 0.000000000000000000e+00 0.000000000000000000e+00 0.000000000000000000e+00 0.000000000000000000e+00 0.000000000000000000e+00 0.000000000000000000e+00 0.000000000000000000e+00 0.000000000000000000e+00 0.000000000000000000e+00 0.000000000000000000e+00 0.000000000000000000e+00 0.000000000000000000e+00 0.000000000000000000e+00 0.000000000000000000e+00
0.000000000000000000e+00 0.000000000000000000e+00 3.795721187025534980e-03 6.073153899240855969e-02 4.140786749482401954e-03 0.000000000000000000e+00 0.000000000000000000e+00 2.114761032003383608e-03 2.447980416156670530e-03 1.687094448449891759e-01 0.000000000000000000e+00 0.000000000000000000e+00 0.000000000000000000e+00 1.758396342535607586e-04 0.000000000000000000e+00 6.457009033121445529e-02 0.000000000000000000e+00 0.000000000000000000e+00 0.000000000000000000e+00 0.000000000000000000e+00 1.420765027322404457e-02 1.590457256461232441e-02 3.801478352692713638e-03 1.254562043795620467e-02 6.622516556291390723e-03 1.847999999999999921e-01 0.000000000000000000e+00 4.438502673796791420e-01 0.000000000000000000e+00 1.467620620069711931e-03 1.878564240187856338e-02 9.292837715321850336e-03 0.000000000000000000e+00 6.827492034592626399e-04 0.000000000000000000e+00 1.076426264800861045e-03 0.000000000000000000e+00 0.000000000000000000e+00 0.000000000000000000e+00 0.000000000000000000e+00 0.000000000000000000e+00 0.000000000000000000e+00 0.000000000000000000e+00 0.000000000000000000e+00 0.000000000000000000e+00 0.000000000000000000e+00 0.000000000000000000e+00 0.000000000000000000e+00 0.000000000000000000e+00 0.000000000000000000e+00 0.000000000000000000e+00 0.000000000000000000e+00 0.000000000000000000e+00 0.000000000000000000e+00 0.000000000000000000e+00 0.000000000000000000e+00 0.000000000000000000e+00 1.215805471124620089e-04 0.000000000000000000e+00 0.000000000000000000e+00 0.000000000000000000e+00 0.000000000000000000e+00 0.000000000000000000e+00 0.000000000000000000e+00 0.000000000000000000e+00 0.000000000000000000e+00 0.000000000000000000e+00 1.118443127166983566e-04 0.000000000000000000e+00 0.000000000000000000e+00 0.000000000000000000e+00 3.504603504603504699e-02 0.000000000000000000e+00 5.726341169379144114e-02 0.000000000000000000e+00 2.590673575129533775e-03 0.000000000000000000e+00 1.287001287001286959e-03 0.000000000000000000e+00 0.000000000000000000e+00 0.000000000000000000e+00 0.000000000000000000e+00 0.000000000000000000e+00 0.000000000000000000e+00 0.000000000000000000e+00 1.969473165928114253e-04 0.000000000000000000e+00 0.000000000000000000e+00 0.000000000000000000e+00 0.000000000000000000e+00 0.000000000000000000e+00 0.000000000000000000e+00 0.000000000000000000e+00 0.000000000000000000e+00 0.000000000000000000e+00 0.000000000000000000e+00 0.000000000000000000e+00 0.000000000000000000e+00 0.000000000000000000e+00 0.000000000000000000e+00 0.000000000000000000e+00 0.000000000000000000e+00 0.000000000000000000e+00 0.000000000000000000e+00 0.000000000000000000e+00 0.000000000000000000e+00 0.000000000000000000e+00 0.000000000000000000e+00 0.000000000000000000e+00 0.000000000000000000e+00 0.000000000000000000e+00 0.000000000000000000e+00 0.000000000000000000e+00 0.000000000000000000e+00 0.000000000000000000e+00 0.000000000000000000e+00
6.499917722560473454e-02 6.582195162086556086e-04 3.827546486753332089e-01 1.086062201744281662e-02 8.556853710712523237e-03 0.000000000000000000e+00 0.000000000000000000e+00 1.311151839842097759e-02 3.304773561811505389e-02 1.441961067051189538e-03 2.324580284115368087e-02 3.438511326860841343e-03 2.147937411095305893e-01 2.110075611042728887e-03 1.404001404001403936e-03 1.338240214118434227e-03 5.512172714745061826e-03 6.464124111182934515e-04 9.471432936144210876e-03 5.871886120996440937e-03 0.000000000000000000e+00 0.000000000000000000e+00 4.456177402323125564e-02 8.439781021897810320e-03 0.000000000000000000e+00 0.000000000000000000e+00 0.000000000000000000e+00 0.000000000000000000e+00 1.343381389252948886e-02 3.669051550174279828e-04 1.241194230124119391e-02 1.269265639165911147e-02 5.570060922541340137e-03 4.551661356395083832e-03 3.518029903254177825e-03 0.000000000000000000e+00 1.702417432754511385e-03 7.900974453515934070e-04 6.506180871828237287e-04 8.176614881439084499e-04 3.067484662576687188e-03 0.000000000000000000e+00 1.579778830963664954e-04 0.000000000000000000e+00 0.000000000000000000e+00 0.000000000000000000e+00 0.000000000000000000e+00 0.000000000000000000e+00 1.463271875914544818e-03 0.000000000000000000e+00 1.553196997152472099e-03 0.000000000000000000e+00 0.000000000000000000e+00 0.000000000000000000e+00 5.562766549230483814e-04 0.000000000000000000e+00 7.079049384796898790e-03 1.215805471124620089e-04 5.833454863642992911e-04 0.000000000000000000e+00 2.216066481994460012e-03 0.000000000000000000e+00 2.358996354278361778e-03 0.000000000000000000e+00 8.001730103806227803e-03 0.000000000000000000e+00 1.137158852344296797e-03 0.000000000000000000e+00 6.868131868131868668e-04 0.000000000000000000e+00 6.251906068923451798e-02 4.455004455004454942e-04 2.178244122725461404e-02 2.531645569620253212e-03 1.652892561983471034e-03 4.317789291882555931e-04 4.297851074462768345e-02 3.309431880860452119e-03 0.000000000000000000e+00 0.000000000000000000e+00 5.448601525608427407e-03 0.000000000000000000e+00 0.000000000000000000e+00 0.000000000000000000e+00 1.460290350128095639e-02 0.000000000000000000e+00 0.000000000000000000e+00 0.000000000000000000e+00 9.198926791874281056e-03 0.000000000000000000e+00 0.000000000000000000e+00 2.771618625277161860e-04 0.000000000000000000e+00 0.000000000000000000e+00 6.734006734006733712e-03 0.000000000000000000e+00 0.000000000000000000e+00 0.000000000000000000e+00 0.000000000000000000e+00 0.000000000000000000e+00 0.000000000000000000e+00 0.000000000000000000e+00 3.623188405797101493e-04 1.942501942501942500e-04 1.691331923890063323e-03 7.183908045977011395e-04 0.000000000000000000e+00 0.000000000000000000e+00 0.000000000000000000e+00 0.000000000000000000e+00 0.000000000000000000e+00 0.000000000000000000e+00 0.000000000000000000e+00 0.000000000000000000e+00 0.000000000000000000e+00 0.000000000000000000e+00
3.524601720005639347e-03 1.216692513745946669e-01 8.318060059213308252e-03 1.165938248977865521e-01 2.819681376004511695e-04 2.114761032003383608e-03 1.311151839842097759e-02 0.000000000000000000e+00 6.119951040391676325e-04 2.141312184571016464e-01 2.582866982350408985e-03 1.355177993527508229e-01 4.470636049583418155e-03 2.530332336908739377e-01 0.000000000000000000e+00 3.747072599531615922e-02 1.148369315571887844e-03 1.098901098901098987e-02 1.359608921478765685e-02 9.964412811387900193e-03 0.000000000000000000e+00 0.000000000000000000e+00 9.926082365364307519e-03 9.580291970802920151e-03 0.000000000000000000e+00 2.399999999999999790e-03 0.000000000000000000e+00 0.000000000000000000e+00 1.310615989515072095e-03 1.064024949550541194e-02 1.207648440120764888e-02 7.932910244786945536e-03 4.003481288076588332e-03 3.299954483386436255e-03 4.397537379067722281e-04 0.000000000000000000e+00 0.000000000000000000e+00 5.003950487226758136e-03 0.000000000000000000e+00 8.994276369582993383e-03 0.000000000000000000e+00 0.000000000000000000e+00 0.000000000000000000e+00 1.627339300244100794e-04 0.000000000000000000e+00 1.296176279974076487e-03 0.000000000000000000e+00 1.344086021505376343e-04 0.000000000000000000e+00 3.154281473234993825e-03 0.000000000000000000e+00 1.290205342540432475e-02 0.000000000000000000e+00 3.349522693016245261e-04 0.000000000000000000e+00 5.815644082582145788e-04 0.000000000000000000e+00 6.322188449848024569e-03 0.000000000000000000e+00 5.642633228840124998e-03 0.000000000000000000e+00 9.858442871587462172e-03 0.000000000000000000e+00 2.846106932303313700e-03 0.000000000000000000e+00 1.908573187625057718e-02 3.498950314905528106e-04 3.690862319651045699e-03 2.289377289377289375e-04 1.243394466894622236e-03 1.219884111009454089e-03 1.434511434511434591e-01 6.640988179041041554e-04 2.965641952983725030e-02 0.000000000000000000e+00 6.044905008635578954e-03 1.499250374812593654e-03 2.757859900717043664e-02 0.000000000000000000e+00 3.333333333333333547e-03 0.000000000000000000e+00 7.242489270386265852e-03 0.000000000000000000e+00 0.000000000000000000e+00 8.539709649871904536e-05 1.240768094534711909e-02 0.000000000000000000e+00 0.000000000000000000e+00 0.000000000000000000e+00 1.212646167171935879e-02 0.000000000000000000e+00 2.771618625277161860e-04 0.000000000000000000e+00 0.000000000000000000e+00 2.244668911335578193e-03 4.587155963302752548e-03 0.000000000000000000e+00 0.000000000000000000e+00 0.000000000000000000e+00 0.000000000000000000e+00 0.000000000000000000e+00 9.425070688030159991e-04 1.811594202898550747e-04 0.000000000000000000e+00 0.000000000000000000e+00 7.183908045977011395e-04 0.000000000000000000e+00 0.000000000000000000e+00 0.000000000000000000e+00 0.000000000000000000e+00 0.000000000000000000e+00 0.000000000000000000e+00 0.000000000000000000e+00 0.000000000000000000e+00 0.000000000000000000e+00 0.000000000000000000e+00
1.223990208078335265e-03 0.000000000000000000e+00 8.139534883720930813e-02 1.835985312117503114e-03 1.548347613219094310e-01 2.447980416156670530e-03 3.304773561811505389e-02 6.119951040391676325e-04 0.000000000000000000e+00 7.209805335255947689e-04 1.291433491175204493e-03 0.000000000000000000e+00 5.689900426742532102e-02 0.000000000000000000e+00 2.425412425412425410e-01 6.691201070592171134e-04 2.296738631143775851e-04 0.000000000000000000e+00 3.055300947143293534e-04 0.000000000000000000e+00 0.000000000000000000e+00 0.000000000000000000e+00 4.435058078141499750e-03 2.281021897810218903e-04 9.460737937559129604e-04 8.000000000000000383e-04 6.728778467908902959e-03 0.000000000000000000e+00 6.880733944954128822e-03 0.000000000000000000e+00 2.012747400201274524e-03 4.533091568449682668e-04 0.000000000000000000e+00 0.000000000000000000e+00 0.000000000000000000e+00 0.000000000000000000e+00 0.000000000000000000e+00 0.000000000000000000e+00 0.000000000000000000e+00 0.000000000000000000e+00 0.000000000000000000e+00 0.000000000000000000e+00 0.000000000000000000e+00 0.000000000000000000e+00 0.000000000000000000e+00 0.000000000000000000e+00 0.000000000000000000e+00 0.000000000000000000e+00 0.000000000000000000e+00 0.000000000000000000e+00 0.000000000000000000e+00 0.000000000000000000e+00 0.000000000000000000e+00 0.000000000000000000e+00 0.000000000000000000e+00 0.000000000000000000e+00 0.000000000000000000e+00 0.000000000000000000e+00 0.000000000000000000e+00 0.000000000000000000e+00 0.000000000000000000e+00 0.000000000000000000e+00 2.144542140253056063e-04 0.000000000000000000e+00 2.162629757785467194e-04 0.000000000000000000e+00 8.747375787263820266e-05 0.000000000000000000e+00 2.289377289377289375e-04 0.000000000000000000e+00 3.202195791399816902e-03 0.000000000000000000e+00 9.563022977819099144e-03 1.205545509342977739e-04 4.132231404958677584e-04 4.317789291882555931e-04 1.999000499750124872e-03 0.000000000000000000e+00 0.000000000000000000e+00 0.000000000000000000e+00 3.632401017072284938e-04 0.000000000000000000e+00 0.000000000000000000e+00 0.000000000000000000e+00 1.707941929974380907e-04 0.000000000000000000e+00 0.000000000000000000e+00 0.000000000000000000e+00 0.000000000000000000e+00 0.000000000000000000e+00 0.000000000000000000e+00 0.000000000000000000e+00 0.000000000000000000e+00 0.000000000000000000e+00 0.000000000000000000e+00 0.000000000000000000e+00 0.000000000000000000e+00 0.000000000000000000e+00 0.000000000000000000e+00 0.000000000000000000e+00 0.000000000000000000e+00 0.000000000000000000e+00 1.811594202898550747e-04 0.000000000000000000e+00 0.000000000000000000e+00 0.000000000000000000e+00 0.000000000000000000e+00 0.000000000000000000e+00 0.000000000000000000e+00 0.000000000000000000e+00 0.000000000000000000e+00 0.000000000000000000e+00 0.000000000000000000e+00 0.000000000000000000e+00 0.000000000000000000e+00 0.000000000000000000e+00
0.000000000000000000e+00 0.000000000000000000e+00 6.488824801730352920e-03 4.542177361211247044e-02 1.441961067051189538e-03 1.687094448449891759e-01 1.441961067051189538e-03 2.141312184571016464e-01 7.209805335255947689e-04 0.000000000000000000e+00 0.000000000000000000e+00 6.067961165048543163e-04 0.000000000000000000e+00 1.230877439774925256e-03 3.510003510003509839e-04 1.207761793241886872e-01 0.000000000000000000e+00 0.000000000000000000e+00 0.000000000000000000e+00 0.000000000000000000e+00 0.000000000000000000e+00 0.000000000000000000e+00 2.745512143611404318e-03 1.140510948905109484e-02 0.000000000000000000e+00 1.439999999999999961e-02 0.000000000000000000e+00 8.227067050596462800e-04 0.000000000000000000e+00 2.935241240139423863e-03 6.373700100637370337e-03 1.586582048957388934e-03 0.000000000000000000e+00 3.413746017296313199e-04 0.000000000000000000e+00 0.000000000000000000e+00 0.000000000000000000e+00 2.633658151171978023e-04 0.000000000000000000e+00 0.000000000000000000e+00 0.000000000000000000e+00 0.000000000000000000e+00 0.000000000000000000e+00 0.000000000000000000e+00 0.000000000000000000e+00 0.000000000000000000e+00 0.000000000000000000e+00 1.344086021505376343e-04 0.000000000000000000e+00 0.000000000000000000e+00 0.000000000000000000e+00 0.000000000000000000e+00 0.000000000000000000e+00 0.000000000000000000e+00 0.000000000000000000e+00 0.000000000000000000e+00 0.000000000000000000e+00 0.000000000000000000e+00 0.000000000000000000e+00 0.000000000000000000e+00 0.000000000000000000e+00 0.000000000000000000e+00 0.000000000000000000e+00 0.000000000000000000e+00 0.000000000000000000e+00 0.000000000000000000e+00 0.000000000000000000e+00 1.118443127166983566e-04 0.000000000000000000e+00 0.000000000000000000e+00 0.000000000000000000e+00 1.009801009801009758e-02 0.000000000000000000e+00 2.206148282097649196e-02 0.000000000000000000e+00 3.886010362694300446e-03 0.000000000000000000e+00 2.390145247288104260e-03 0.000000000000000000e+00 0.000000000000000000e+00 0.000000000000000000e+00 5.364806866952789681e-04 0.000000000000000000e+00 0.000000000000000000e+00 0.000000000000000000e+00 9.847365829640571263e-05 0.000000000000000000e+00 0.000000000000000000e+00 0.000000000000000000e+00 0.000000000000000000e+00 0.000000000000000000e+00 0.000000000000000000e+00 0.000000000000000000e+00 0.000000000000000000e+00 0.000000000000000000e+00 0.000000000000000000e+00 0.000000000000000000e+00 0.000000000000000000e+00 0.000000000000000000e+00 0.000000000000000000e+00 0.000000000000000000e+00 0.000000000000000000e+00 0.000000000000000000e+00 0.000000000000000000e+00 0.000000000000000000e+00 0.000000000000000000e+00 0.000000000000000000e+00 0.000000000000000000e+00 0.000000000000000000e+00 0.000000000000000000e+00 0.000000000000000000e+00 0.000000000000000000e+00 0.000000000000000000e+00 0.000000000000000000e+00 0.000000000000000000e+00 0.000000000000000000e+00
2.832544123977615014e-01 1.291433491175204493e-03 4.175634954799827686e-02 1.291433491175204493e-03 0.000000000000000000e+00 0.000000000000000000e+00 2.324580284115368087e-02 2.582866982350408985e-03 1.291433491175204493e-03 0.000000000000000000e+00 0.000000000000000000e+00 0.000000000000000000e+00 6.827880512091039078e-02 0.000000000000000000e+00 7.020007020007019679e-04 0.000000000000000000e+00 4.340836012861736676e-02 2.154708037060978172e-04 2.031775129850290143e-02 5.338078291814946997e-04 0.000000000000000000e+00 0.000000000000000000e+00 1.900739176346356819e-03 2.281021897810218903e-04 0.000000000000000000e+00 0.000000000000000000e+00 0.000000000000000000e+00 0.000000000000000000e+00 3.505897771952817821e-02 0.000000000000000000e+00 0.000000000000000000e+00 0.000000000000000000e+00 3.481288076588337586e-04 3.413746017296313199e-04 0.000000000000000000e+00 0.000000000000000000e+00 0.000000000000000000e+00 0.000000000000000000e+00 0.000000000000000000e+00 0.000000000000000000e+00 0.000000000000000000e+00 0.000000000000000000e+00 0.000000000000000000e+00 0.000000000000000000e+00 0.000000000000000000e+00 0.000000000000000000e+00 0.000000000000000000e+00 0.000000000000000000e+00 1.463271875914544926e-04 0.000000000000000000e+00 3.451548882561049228e-04 0.000000000000000000e+00 0.000000000000000000e+00 0.000000000000000000e+00 0.000000000000000000e+00 0.000000000000000000e+00 7.416146974549131694e-03 0.000000000000000000e+00 2.916727431821496456e-04 0.000000000000000000e+00 1.071098799630655629e-02 0.000000000000000000e+00 1.007934805918936361e-02 0.000000000000000000e+00 9.731833910034601992e-03 1.539171925504078796e-04 3.498950314905528106e-04 0.000000000000000000e+00 6.868131868131868668e-04 0.000000000000000000e+00 2.942970417810308187e-02 0.000000000000000000e+00 4.914331252490370706e-03 0.000000000000000000e+00 0.000000000000000000e+00 0.000000000000000000e+00 1.166083624854239581e-03 0.000000000000000000e+00 2.994011976047904373e-03 0.000000000000000000e+00 1.053396294950962632e-02 0.000000000000000000e+00 0.000000000000000000e+00 0.000000000000000000e+00 7.941929974380871476e-03 0.000000000000000000e+00 0.000000000000000000e+00 0.000000000000000000e+00 1.533154465312380321e-03 0.000000000000000000e+00 0.000000000000000000e+00 0.000000000000000000e+00 0.000000000000000000e+00 0.000000000000000000e+00 0.000000000000000000e+00 0.000000000000000000e+00 0.000000000000000000e+00 0.000000000000000000e+00 0.000000000000000000e+00 0.000000000000000000e+00 0.000000000000000000e+00 0.000000000000000000e+00 0.000000000000000000e+00 0.000000000000000000e+00 0.000000000000000000e+00 0.000000000000000000e+00 0.000000000000000000e+00 0.000000000000000000e+00 0.000000000000000000e+00 0.000000000000000000e+00 0.000000000000000000e+00 0.000000000000000000e+00 0.000000000000000000e+00 0.000000000000000000e+00 0.000000000000000000e+00 0.000000000000000000e+00
8.090614886731391968e-04 9.911003236245954917e-02 5.663430420711974486e-03 3.195792880258899876e-02 0.000000000000000000e+00 0.000000000000000000e+00 3.438511326860841343e-03 1.355177993527508229e-01 0.000000000000000000e+00 6.067961165048543163e-04 0.000000000000000000e+00 0.000000000000000000e+00 2.032107295265190021e-04 2.205029013539651916e-01 0.000000000000000000e+00 5.018400802944128838e-03 0.000000000000000000e+00 8.511096746390864332e-02 4.124656278643445972e-03 1.103202846975089024e-02 0.000000000000000000e+00 0.000000000000000000e+00 1.900739176346356819e-03 8.439781021897810320e-03 0.000000000000000000e+00 0.000000000000000000e+00 0.000000000000000000e+00 0.000000000000000000e+00 4.914809960681519813e-04 8.035222894881673128e-02 2.012747400201274524e-03 1.133272892112420667e-03 1.218450826805918263e-03 5.120619025944469528e-03 0.000000000000000000e+00 0.000000000000000000e+00 0.000000000000000000e+00 4.477218856992362314e-03 0.000000000000000000e+00 5.723630417007358716e-03 0.000000000000000000e+00 0.000000000000000000e+00 0.000000000000000000e+00 0.000000000000000000e+00 0.000000000000000000e+00 0.000000000000000000e+00 0.000000000000000000e+00 1.344086021505376343e-04 0.000000000000000000e+00 1.855459690138231614e-04 0.000000000000000000e+00 9.994548428130111024e-04 0.000000000000000000e+00 0.000000000000000000e+00 0.000000000000000000e+00 5.815644082582145788e-04 1.685487948761166417e-04 6.443768996960486280e-03 0.000000000000000000e+00 6.269592476489028619e-04 0.000000000000000000e+00 4.550050556117290167e-03 0.000000000000000000e+00 1.788981500304940089e-02 0.000000000000000000e+00 1.231337540403263037e-03 0.000000000000000000e+00 6.710658763001901665e-04 0.000000000000000000e+00 2.486788933789244472e-03 0.000000000000000000e+00 6.415206415206414770e-02 2.656395271616416730e-04 1.000602772754671452e-02 0.000000000000000000e+00 3.022452504317789477e-03 1.665833749791770907e-04 1.103143960286817431e-02 0.000000000000000000e+00 3.333333333333333547e-03 0.000000000000000000e+00 4.157725321888412068e-02 0.000000000000000000e+00 0.000000000000000000e+00 0.000000000000000000e+00 1.683899556868537553e-02 0.000000000000000000e+00 0.000000000000000000e+00 0.000000000000000000e+00 1.833405514652807974e-02 0.000000000000000000e+00 0.000000000000000000e+00 0.000000000000000000e+00 0.000000000000000000e+00 1.122334455667789097e-03 0.000000000000000000e+00 0.000000000000000000e+00 0.000000000000000000e+00 0.000000000000000000e+00 0.000000000000000000e+00 0.000000000000000000e+00 0.000000000000000000e+00 0.000000000000000000e+00 3.885003885003885001e-04 0.000000000000000000e+00 0.000000000000000000e+00 0.000000000000000000e+00 0.000000000000000000e+00 0.000000000000000000e+00 0.000000000000000000e+00 0.000000000000000000e+00 0.000000000000000000e+00 0.000000000000000000e+00 0.000000000000000000e+00 0.000000000000000000e+00 0.000000000000000000e+00
4.490957122536069768e-02 2.032107295265190021e-04 9.022556390977443108e-02 5.080268238162975215e-03 1.219264377159113904e-03 0.000000000000000000e+00 2.147937411095305893e-01 4.470636049583418155e-03 5.689900426742532102e-02 0.000000000000000000e+00 6.827880512091039078e-02 2.032107295265190021e-04 0.000000000000000000e+00 1.055037805521364443e-03 2.449982449982449906e-01 3.345600535296085567e-04 1.378043178686265587e-02 0.000000000000000000e+00 1.008249312557286947e-02 5.338078291814946997e-04 0.000000000000000000e+00 0.000000000000000000e+00 5.554382259767687291e-02 3.877737226277372298e-03 9.460737937559129604e-04 0.000000000000000000e+00 0.000000000000000000e+00 0.000000000000000000e+00 1.032110091743119323e-01 1.834525775087139914e-04 1.107011070110701031e-02 3.626473254759746134e-03 2.785030461270670069e-03 1.137915339098770958e-03 1.759014951627088912e-03 0.000000000000000000e+00 6.809669731018045107e-04 0.000000000000000000e+00 0.000000000000000000e+00 0.000000000000000000e+00 0.000000000000000000e+00 0.000000000000000000e+00 0.000000000000000000e+00 0.000000000000000000e+00 0.000000000000000000e+00 0.000000000000000000e+00 0.000000000000000000e+00 0.000000000000000000e+00 2.926543751829089853e-04 0.000000000000000000e+00 2.588661661920787192e-04 0.000000000000000000e+00 0.000000000000000000e+00 0.000000000000000000e+00 0.000000000000000000e+00 0.000000000000000000e+00 4.719366256531265860e-03 0.000000000000000000e+00 0.000000000000000000e+00 0.000000000000000000e+00 3.693444136657432920e-03 0.000000000000000000e+00 6.648080634784473905e-03 0.000000000000000000e+00 5.190311418685120831e-03 0.000000000000000000e+00 8.747375787263821350e-04 0.000000000000000000e+00 1.144688644688644742e-03 0.000000000000000000e+00 2.714242146996035526e-02 1.485001485001484890e-04 1.660247044760260193e-02 8.438818565400844039e-04 1.652892561983471034e-03 4.317789291882555931e-04 1.699150424787606098e-02 1.103143960286817517e-03 0.000000000000000000e+00 0.000000000000000000e+00 1.471122411914275313e-02 0.000000000000000000e+00 0.000000000000000000e+00 0.000000000000000000e+00 5.038428693424423961e-03 0.000000000000000000e+00 0.000000000000000000e+00 0.000000000000000000e+00 1.916443081640475292e-03 0.000000000000000000e+00 0.000000000000000000e+00 0.000000000000000000e+00 0.000000000000000000e+00 0.000000000000000000e+00 2.244668911335578193e-03 0.000000000000000000e+00 6.246096189881323799e-04 0.000000000000000000e+00 0.000000000000000000e+00 0.000000000000000000e+00 0.000000000000000000e+00 0.000000000000000000e+00 1.811594202898550747e-04 0.000000000000000000e+00 0.000000000000000000e+00 0.000000000000000000e+00 0.000000000000000000e+00 0.000000000000000000e+00 0.000000000000000000e+00 0.000000000000000000e+00 0.000000000000000000e+00 0.000000000000000000e+00 0.000000000000000000e+00 0.000000000000000000e+00 0.000000000000000000e+00 0.000000000000000000e+00
