0.000000000000000000e+00 1.842131326136476135e-02 2.288091523660946286e-02 3.494532747153646524e-03 5.433306166802499056e-04 0.000000000000000000e+00 1.003619030805896345e-01 4.308943089430894088e-03 5.247966413014956396e-04 0.000000000000000000e+00 1.600581274652273234e-01 1.805706031058143817e-04 3.608764141486467403e-02 0.000000000000000000e+00 3.368137420006736202e-04 0.000000000000000000e+00 6.838434715226655858e-02 2.165674066053059101e-03 4.989443271474608421e-02 1.837060702875399285e-02 0.000000000000000000e+00 0.000000000000000000e+00 4.678362573099415400e-04 3.392130257801899331e-04 0.000000000000000000e+00 0.000000000000000000e+00 9.532888465204956800e-04 0.000000000000000000e+00 2.597402597402597574e-02 7.300335815447510975e-04 1.800504141159524688e-03 0.000000000000000000e+00 6.868131868131868017e-03 6.774257820282924593e-03 0.000000000000000000e+00 0.000000000000000000e+00 1.174684726763194770e-01 3.208213025344882892e-04 6.002400960384153246e-04 0.000000000000000000e+00 0.000000000000000000e+00 0.000000000000000000e+00 1.281722635221738008e-04 1.086838387131833526e-04 5.168849069607167135e-04 0.000000000000000000e+00 0.000000000000000000e+00 0.000000000000000000e+00 2.882635552505147681e-03 0.000000000000000000e+00 1.946596004891968865e-02 2.408671216378964204e-04 4.308023694130317695e-03 1.201201201201201175e-04 7.329449351625634025e-03 0.000000000000000000e+00 1.751951431049436347e-01 1.647107267860819331e-03 3.929142248268513438e-02 9.765625000000000000e-04 5.356125356125356063e-02 0.000000000000000000e+00 1.537911301859799795e-02 6.101281269066503735e-04 4.009640666082384119e-02 1.492537313432835836e-04 9.042408897730355374e-03 6.678752027478294419e-04 5.548940223862824234e-02 1.037775010377750030e-02 9.460306095050567687e-02 1.935733643050716220e-04 4.162684506743124374e-02 1.019273535952557519e-03 2.309468822170900656e-03 0.000000000000000000e+00 7.774982849302537746e-02 2.341631747596746495e-03 6.116207951070336442e-03 0.000000000000000000e+00 6.359011627906976764e-03 6.124948958758677335e-04 0.000000000000000000e+00 0.000000000000000000e+00 1.077180506170257249e-02 1.993819160602133291e-04 0.000000000000000000e+00 0.000000000000000000e+00 7.075471698113207711e-03 0.000000000000000000e+00 1.201201201201201191e-02 1.633986928104575213e-03 1.644736842105263067e-03 2.427184466019417265e-03 9.166666666666666019e-02 3.816793893129770843e-03 1.153568853640951630e-02 0.000000000000000000e+00 5.319148936170212637e-03 0.000000000000000000e+00 1.636661211129296313e-03 0.000000000000000000e+00 3.356890459363957423e-03 4.900759617740749587e-04 6.571428571428571813e-03 0.000000000000000000e+00 2.000000000000000042e-03 1.089324618736383548e-03 0.000000000000000000e+00 0.000000000000000000e+00 0.000000000000000000e+00 0.000000000000000000e+00 0.000000000000000000e+00 1.152073732718894008e-03 0.000000000000000000e+00 0.000000000000000000e+00
1.842131326136476135e-02 0.000000000000000000e+00 1.993413069856127696e-03 4.779618983203697685e-02 0.000000000000000000e+00 1.049042748492001048e-03 2.383264189248830538e-03 8.243902439024390627e-02 0.000000000000000000e+00 3.283302063789868882e-03 6.227942702927133150e-04 4.117009750812567620e-02 0.000000000000000000e+00 7.517822423849643276e-03 0.000000000000000000e+00 8.143322475570032937e-04 2.905850445563734966e-03 4.186969861035914203e-02 3.189243249249916479e-02 4.780921953445915057e-02 0.000000000000000000e+00 0.000000000000000000e+00 0.000000000000000000e+00 1.356852103120759732e-03 0.000000000000000000e+00 0.000000000000000000e+00 0.000000000000000000e+00 0.000000000000000000e+00 0.000000000000000000e+00 2.365308804204993565e-02 5.401512423478573846e-04 2.883506343713956258e-04 7.554945054945054993e-03 1.016138673042438732e-02 1.932367149758454057e-03 1.277683134582623418e-03 9.341429238673516549e-04 9.175489252486365710e-02 0.000000000000000000e+00 6.307339449541284754e-03 0.000000000000000000e+00 6.521739130434782428e-02 0.000000000000000000e+00 1.086838387131833526e-04 1.722949689869055802e-04 3.019627579265223884e-03 0.000000000000000000e+00 9.640545379424321319e-04 2.745367192862045204e-04 5.520581113801452736e-03 1.019160211985324090e-04 2.818145323163388088e-02 0.000000000000000000e+00 4.324324324324324391e-03 0.000000000000000000e+00 4.184748915065096032e-03 7.227522405319456063e-04 2.759934115709285485e-01 6.659563132658497756e-04 4.520089285714285615e-02 3.418803418803418800e-04 3.592671901023078429e-02 0.000000000000000000e+00 2.216798861094163020e-02 2.191060473269062277e-04 2.626865671641790898e-02 1.265937245682249683e-03 7.060395000477053852e-03 1.000238151940938298e-02 3.860523038605230550e-02 2.685044303231003170e-04 7.491289198606271293e-02 6.371455877668047224e-04 6.375092661230541413e-02 0.000000000000000000e+00 8.359456635318705114e-03 1.715069746169677533e-03 7.333004683263495693e-02 0.000000000000000000e+00 1.865671641791044741e-03 0.000000000000000000e+00 6.737443854634544635e-03 0.000000000000000000e+00 0.000000000000000000e+00 0.000000000000000000e+00 3.289801614993519835e-02 0.000000000000000000e+00 1.563721657544956973e-03 4.288164665523156024e-04 9.656107064204642182e-03 3.336670003336670155e-04 2.450980392156862711e-03 3.289473684210526242e-04 6.067961165048543597e-03 2.083333333333333304e-03 1.145038167938931262e-01 1.441961067051189538e-03 4.395604395604395601e-03 8.865248226950354395e-04 2.600780234070221124e-03 5.455537370430986986e-04 0.000000000000000000e+00 1.766784452296819711e-04 6.861063464837049639e-03 2.857142857142857357e-04 7.050092764378478906e-03 0.000000000000000000e+00 1.089324618736383548e-03 0.000000000000000000e+00 1.600000000000000033e-01 8.298755186721991492e-04 0.000000000000000000e+00 5.076142131979695035e-03 3.456221198156682241e-03 1.988071570576540551e-03 6.688963210702341018e-03
2.288091523660946286e-02 1.993413069856127696e-03 0.000000000000000000e+00 6.989065494307293049e-03 7.796794349361586829e-02 4.982953055337004979e-03 2.565981110424573886e-01 1.097560975609756032e-02 3.306218840199422887e-02 2.814258911819887427e-03 2.698775171268424228e-02 4.333694474539544726e-03 4.783044536732063839e-02 4.147764095917045105e-03 3.199730549006399305e-02 1.628664495114006587e-03 8.717551336691204897e-03 1.443782710702039328e-03 1.181242360262251406e-01 6.617982656321314688e-03 5.130836326321190069e-04 0.000000000000000000e+00 2.821052631578947478e-01 7.971506105834464187e-03 4.097222222222222238e-02 2.604166666666666522e-03 3.495392437241817783e-03 0.000000000000000000e+00 1.872153820205768246e-02 1.168053730471601669e-03 1.908534389629096273e-02 2.306805074971165007e-02 9.065934065934066685e-03 3.387128910141462296e-03 1.449275362318840597e-03 0.000000000000000000e+00 1.985053713218122226e-02 3.208213025344882892e-04 6.002400960384153246e-04 0.000000000000000000e+00 0.000000000000000000e+00 0.000000000000000000e+00 1.153550371699564288e-03 0.000000000000000000e+00 3.273604410751205888e-03 0.000000000000000000e+00 8.557247989046722157e-04 0.000000000000000000e+00 1.427590940288263506e-02 9.685230024213074547e-05 1.467590705258866625e-02 8.028904054596547346e-05 5.385029617662897118e-04 0.000000000000000000e+00 5.262168765269686389e-03 1.549907005579665147e-04 5.637467476149175816e-03 1.029442042413012082e-04 1.251997868939797552e-02 1.395089285714285637e-04 4.672364672364672650e-03 2.379252914584820469e-04 7.153075822603719575e-04 0.000000000000000000e+00 8.764241893076249110e-03 0.000000000000000000e+00 2.305814268921240612e-02 3.816429729987596501e-04 7.144558228149559646e-03 2.075550020755500191e-04 4.430323100331155783e-02 5.807200929152148659e-04 7.337793352447700979e-02 2.501853224610822626e-03 7.698229407236335808e-03 0.000000000000000000e+00 7.786416647610336361e-02 1.232437761893024437e-03 1.529051987767584110e-03 0.000000000000000000e+00 2.725290697674418675e-03 0.000000000000000000e+00 0.000000000000000000e+00 0.000000000000000000e+00 2.719096423342397002e-03 9.969095803010666454e-05 1.846722068328716460e-03 0.000000000000000000e+00 3.216123499142367181e-03 1.694053870913094948e-04 2.669336002669336124e-03 8.169934640522876065e-04 1.644736842105263067e-03 2.427184466019417265e-03 5.625000000000000139e-02 7.633587786259541687e-03 5.767844268204758151e-03 0.000000000000000000e+00 0.000000000000000000e+00 0.000000000000000000e+00 0.000000000000000000e+00 0.000000000000000000e+00 8.833922261484098825e-04 2.940455770644449969e-03 2.285714285714285886e-03 3.710575139146567560e-04 1.000000000000000021e-03 0.000000000000000000e+00 0.000000000000000000e+00 0.000000000000000000e+00 0.000000000000000000e+00 0.000000000000000000e+00 0.000000000000000000e+00 0.000000000000000000e+00 0.000000000000000000e+00 0.000000000000000000e+00
3.494532747153646524e-03 4.779618983203697685e-02 6.989065494307293049e-03 0.000000000000000000e+00 2.444987775061124684e-03 4.720692368214005064e-02 6.531909259422720090e-03 1.474796747967479782e-01 2.361584885856730324e-03 1.454033771106941902e-02 2.075980900975710978e-03 4.767063921993499459e-02 1.288844336245166837e-03 5.068049254698638734e-02 0.000000000000000000e+00 2.219055374592833821e-02 1.356063541263076259e-03 1.913012091680202018e-02 6.667407489721079855e-03 6.184390689183021789e-02 0.000000000000000000e+00 0.000000000000000000e+00 1.403508771929824588e-02 2.795115332428765309e-01 8.333333333333333218e-03 4.479166666666666713e-02 1.906577693040991360e-03 1.808972503617944927e-03 6.746500252993759298e-04 2.715724923346473849e-02 1.818509182571119778e-02 5.997693194925028670e-02 2.197802197802197800e-03 1.743375174337517472e-02 0.000000000000000000e+00 4.684838160136286372e-03 4.670714619336758275e-04 1.058710298363811295e-02 0.000000000000000000e+00 7.454128440366972891e-03 0.000000000000000000e+00 0.000000000000000000e+00 0.000000000000000000e+00 1.086838387131833526e-04 0.000000000000000000e+00 5.133366884750880516e-03 0.000000000000000000e+00 0.000000000000000000e+00 0.000000000000000000e+00 5.036319612590799306e-03 1.019160211985324090e-04 9.393817743877961451e-03 0.000000000000000000e+00 7.207207207207207318e-04 1.879345987596316451e-04 9.299442033477991424e-04 1.445504481063891429e-04 2.676549310273831656e-03 1.331912626531699443e-04 1.353236607142857192e-02 1.139601139601139555e-04 1.665477040209374301e-03 0.000000000000000000e+00 2.033760423022167984e-03 2.191060473269062277e-04 8.955223880597015015e-04 1.808481779546071053e-04 2.108577425818147083e-02 2.381519409383186386e-04 5.811540058115400968e-03 2.506041349682269770e-03 4.026325977545489737e-02 1.061909312944674501e-03 6.300963676797627366e-02 0.000000000000000000e+00 1.044932079414838053e-02 1.029041847701806607e-03 5.385753019472516723e-02 0.000000000000000000e+00 0.000000000000000000e+00 0.000000000000000000e+00 1.224989791751735467e-03 0.000000000000000000e+00 0.000000000000000000e+00 0.000000000000000000e+00 1.894128202572026775e-03 0.000000000000000000e+00 0.000000000000000000e+00 0.000000000000000000e+00 2.202270032187023541e-03 2.669336002669336124e-03 2.450980392156862711e-03 6.578947368421052483e-04 4.854368932038834530e-03 6.250000000000000347e-03 2.290076335877862593e-02 0.000000000000000000e+00 2.197802197802197800e-03 0.000000000000000000e+00 1.300390117035110562e-03 0.000000000000000000e+00 0.000000000000000000e+00 5.300353356890458861e-04 3.675569713305562244e-03 0.000000000000000000e+00 1.855287569573283888e-03 0.000000000000000000e+00 0.000000000000000000e+00 0.000000000000000000e+00 0.000000000000000000e+00 0.000000000000000000e+00 4.166666666666666609e-03 0.000000000000000000e+00 1.152073732718894008e-03 1.988071570576540551e-03 3.344481605351170509e-03
5.433306166802499056e-04 0.000000000000000000e+00 7.796794349361586829e-02 2.444987775061124684e-03 0.000000000000000000e+00 3.671649619722003668e-03 2.471533233295083488e-03 2.439024390243902437e-04 4.662818157963788956e-01 1.876172607879924951e-03 2.075980900975711140e-04 0.000000000000000000e+00 6.730631533724760508e-03 1.296176279974076595e-04 1.663859885483327805e-01 4.071661237785016469e-04 0.000000000000000000e+00 0.000000000000000000e+00 1.111234581620180084e-04 0.000000000000000000e+00 5.130836326321190285e-03 0.000000000000000000e+00 1.286549707602339249e-03 1.017639077340569799e-03 3.958333333333333148e-02 4.166666666666666609e-03 9.818875119161106502e-02 3.617945007235889745e-04 6.746500252993759515e-03 1.460067163089502087e-04 1.980554555275477330e-03 3.171856978085351667e-03 0.000000000000000000e+00 9.962143853357242527e-05 0.000000000000000000e+00 0.000000000000000000e+00 4.670714619336758275e-04 0.000000000000000000e+00 0.000000000000000000e+00 0.000000000000000000e+00 0.000000000000000000e+00 0.000000000000000000e+00 2.563445270443476015e-04 0.000000000000000000e+00 0.000000000000000000e+00 0.000000000000000000e+00 5.134348793428033294e-04 0.000000000000000000e+00 2.745367192862045204e-04 0.000000000000000000e+00 2.038320423970648180e-04 0.000000000000000000e+00 0.000000000000000000e+00 0.000000000000000000e+00 3.758691975192632903e-04 0.000000000000000000e+00 2.891008962127782859e-04 0.000000000000000000e+00 0.000000000000000000e+00 0.000000000000000000e+00 4.558404558404558220e-04 0.000000000000000000e+00 3.576537911301859787e-04 0.000000000000000000e+00 2.191060473269062277e-04 0.000000000000000000e+00 9.042408897730355266e-05 0.000000000000000000e+00 2.381519409383186386e-04 0.000000000000000000e+00 1.387272890002685076e-02 0.000000000000000000e+00 3.260061590740150755e-02 1.853224610822831655e-04 6.158583525789068126e-03 0.000000000000000000e+00 2.972787560027441260e-03 0.000000000000000000e+00 0.000000000000000000e+00 0.000000000000000000e+00 1.816860465116279045e-04 0.000000000000000000e+00 2.349256068911511567e-03 0.000000000000000000e+00 1.150386948337167895e-03 0.000000000000000000e+00 0.000000000000000000e+00 0.000000000000000000e+00 6.432246998284734578e-04 0.000000000000000000e+00 3.336670003336670155e-04 0.000000000000000000e+00 0.000000000000000000e+00 0.000000000000000000e+00 2.083333333333333304e-03 0.000000000000000000e+00 0.000000000000000000e+00 0.000000000000000000e+00 0.000000000000000000e+00 0.000000000000000000e+00 0.000000000000000000e+00 0.000000000000000000e+00 0.000000000000000000e+00 4.900759617740749587e-04 2.857142857142857357e-04 0.000000000000000000e+00 0.000000000000000000e+00 0.000000000000000000e+00 0.000000000000000000e+00 0.000000000000000000e+00 0.000000000000000000e+00 0.000000000000000000e+00 0.000000000000000000e+00 0.000000000000000000e+00 0.000000000000000000e+00 0.000000000000000000e+00
0.000000000000000000e+00 1.049042748492001048e-03 4.982953055337004979e-03 4.720692368214005064e-02 3.671649619722003668e-03 0.000000000000000000e+00 3.530761761850119114e-04 2.764227642276422762e-03 1.574389923904487027e-03 1.721388367729831115e-01 0.000000000000000000e+00 5.417118093174430908e-04 0.000000000000000000e+00 1.555411535968891697e-03 0.000000000000000000e+00 1.019951140065146616e-01 0.000000000000000000e+00 0.000000000000000000e+00 0.000000000000000000e+00 0.000000000000000000e+00 8.209338122113904110e-03 1.788321167883211715e-01 4.210526315789473589e-03 3.392130257801899418e-02 6.944444444444444059e-03 2.427083333333333315e-01 4.766444232602478834e-03 3.216353111432705969e-01 0.000000000000000000e+00 7.446342531756460804e-03 8.282319049333812869e-03 1.643598615916954872e-02 1.373626373626373625e-04 5.977286312014344974e-04 0.000000000000000000e+00 0.000000000000000000e+00 0.000000000000000000e+00 3.208213025344882892e-04 0.000000000000000000e+00 1.146788990825688137e-03 0.000000000000000000e+00 0.000000000000000000e+00 0.000000000000000000e+00 1.086838387131833526e-04 0.000000000000000000e+00 0.000000000000000000e+00 0.000000000000000000e+00 0.000000000000000000e+00 0.000000000000000000e+00 0.000000000000000000e+00 0.000000000000000000e+00 0.000000000000000000e+00 0.000000000000000000e+00 1.201201201201201175e-04 0.000000000000000000e+00 0.000000000000000000e+00 0.000000000000000000e+00 2.058884084826024163e-04 0.000000000000000000e+00 1.395089285714285637e-04 0.000000000000000000e+00 0.000000000000000000e+00 0.000000000000000000e+00 0.000000000000000000e+00 0.000000000000000000e+00 0.000000000000000000e+00 0.000000000000000000e+00 8.586966892472092669e-04 0.000000000000000000e+00 2.075550020755500191e-04 4.564575315492705281e-03 2.961672473867595773e-02 0.000000000000000000e+00 3.956634544106745616e-02 0.000000000000000000e+00 9.404388714733542820e-03 0.000000000000000000e+00 1.602169090460931790e-03 0.000000000000000000e+00 0.000000000000000000e+00 0.000000000000000000e+00 2.041649652919559112e-04 0.000000000000000000e+00 0.000000000000000000e+00 0.000000000000000000e+00 1.993819160602133291e-04 0.000000000000000000e+00 7.818608287724784865e-04 0.000000000000000000e+00 5.082161612739284845e-04 0.000000000000000000e+00 8.169934640522876065e-04 0.000000000000000000e+00 0.000000000000000000e+00 0.000000000000000000e+00 0.000000000000000000e+00 0.000000000000000000e+00 0.000000000000000000e+00 0.000000000000000000e+00 0.000000000000000000e+00 0.000000000000000000e+00 0.000000000000000000e+00 0.000000000000000000e+00 2.450379808870374793e-04 0.000000000000000000e+00 0.000000000000000000e+00 0.000000000000000000e+00 0.000000000000000000e+00 0.000000000000000000e+00 0.000000000000000000e+00 0.000000000000000000e+00 0.000000000000000000e+00 0.000000000000000000e+00 0.000000000000000000e+00 0.000000000000000000e+00 0.000000000000000000e+00
1.003619030805896345e-01 2.383264189248830538e-03 2.565981110424573886e-01 6.531909259422720090e-03 2.471533233295083488e-03 3.530761761850119114e-04 0.000000000000000000e+00 1.138211382113821224e-02 3.332458672264497490e-02 0.000000000000000000e+00 1.042142412289806946e-01 3.430841459010473306e-03 2.278390376628955938e-01 2.462734931950745151e-03 1.347254968002694481e-03 0.000000000000000000e+00 1.046106160402944518e-02 2.887565421404078656e-03 4.889432159128791720e-03 1.186672752167959762e-02 0.000000000000000000e+00 0.000000000000000000e+00 1.649122807017543851e-02 4.579375848032564422e-03 4.861111111111111188e-03 1.041666666666666652e-03 3.177629488401652628e-04 0.000000000000000000e+00 1.298701298701298787e-02 1.752080595707402504e-03 4.861361181130717003e-03 7.785467128027681247e-03 1.648351648351648350e-03 4.582586172544331725e-03 0.000000000000000000e+00 0.000000000000000000e+00 9.107893507706679367e-03 0.000000000000000000e+00 1.200480192076830649e-03 0.000000000000000000e+00 4.405286343612335211e-03 0.000000000000000000e+00 2.563445270443476015e-04 0.000000000000000000e+00 1.722949689869055856e-03 1.006542526421741376e-04 5.134348793428033294e-04 0.000000000000000000e+00 9.746053534660261558e-03 0.000000000000000000e+00 3.302079086832450383e-02 0.000000000000000000e+00 8.616047388260635390e-03 1.201201201201201175e-04 1.935726367224206018e-02 1.549907005579665147e-04 8.094825093957791137e-03 3.088326127239036652e-04 8.657432072456047734e-03 4.185267857142856911e-04 2.313390313390313244e-02 2.379252914584820469e-04 1.037195994277539425e-02 0.000000000000000000e+00 3.177037686240140324e-02 0.000000000000000000e+00 4.430780359887874324e-03 4.770537162484495626e-04 1.667063586568230497e-03 0.000000000000000000e+00 8.574241474984337086e-02 1.935733643050716220e-04 5.659976637995114968e-02 2.779836916234247699e-03 6.158583525789068126e-03 0.000000000000000000e+00 8.369540361308026866e-02 1.848656642839536547e-03 3.058103975535168221e-03 0.000000000000000000e+00 1.217296511627907057e-02 0.000000000000000000e+00 2.349256068911511567e-03 0.000000000000000000e+00 3.116502823677054848e-02 0.000000000000000000e+00 0.000000000000000000e+00 0.000000000000000000e+00 5.853344768439108087e-02 1.694053870913094948e-04 3.670337003670337116e-03 0.000000000000000000e+00 9.868421052631579267e-04 1.213592233009708633e-03 4.166666666666666435e-02 7.633587786259541687e-03 2.883922134102379076e-03 0.000000000000000000e+00 8.865248226950354395e-04 1.300390117035110562e-03 0.000000000000000000e+00 0.000000000000000000e+00 1.060070671378091772e-03 1.225189904435187559e-03 2.000000000000000042e-03 0.000000000000000000e+00 0.000000000000000000e+00 0.000000000000000000e+00 0.000000000000000000e+00 0.000000000000000000e+00 0.000000000000000000e+00 0.000000000000000000e+00 5.076142131979695035e-03 1.152073732718894008e-03 0.000000000000000000e+00 0.000000000000000000e+00
4.308943089430894088e-03 8.243902439024390627e-02 1.097560975609756032e-02 1.474796747967479782e-01 2.439024390243902437e-04 2.764227642276422762e-03 1.138211382113821224e-02 0.000000000000000000e+00 7.871949619522435136e-04 1.500938086303939961e-02 2.906373261365995542e-03 1.827374503430841401e-01 1.575254188744092728e-03 2.448476992871030378e-01 0.000000000000000000e+00 9.771986970684038223e-03 2.130956993413405613e-03 2.598808879263670921e-02 1.433492610290032152e-02 1.528982199908717442e-02 0.000000000000000000e+00 0.000000000000000000e+00 2.760233918128654831e-02 1.831750339213025769e-02 6.944444444444444709e-04 0.000000000000000000e+00 3.177629488401652628e-04 0.000000000000000000e+00 5.059875189745319203e-04 3.416557161629434763e-02 3.366942743968311114e-02 4.901960784313725422e-03 5.357142857142857192e-03 3.685993225742179545e-03 9.661835748792270287e-04 2.129471890971039102e-03 0.000000000000000000e+00 1.187038819377606719e-02 0.000000000000000000e+00 1.261467889908256951e-02 0.000000000000000000e+00 0.000000000000000000e+00 0.000000000000000000e+00 5.434191935659167224e-04 0.000000000000000000e+00 8.857574232511324433e-03 0.000000000000000000e+00 2.754441536978377830e-04 1.372683596431022602e-04 1.530266343825665773e-02 3.057480635955972135e-04 4.897631473303894201e-02 0.000000000000000000e+00 1.321321321321321240e-02 0.000000000000000000e+00 1.069435833849968938e-02 4.336513443191673746e-04 1.327980234712785625e-02 5.327650506126797771e-04 7.952008928571428076e-03 0.000000000000000000e+00 1.332381632167499441e-02 0.000000000000000000e+00 5.287777099857636498e-03 0.000000000000000000e+00 1.820895522388059698e-02 1.446785423636856843e-03 1.097223547371434065e-02 0.000000000000000000e+00 3.320880033208800305e-03 4.117067931620871889e-03 1.012388695315524639e-01 1.805245832005946587e-03 9.145663454410674076e-02 0.000000000000000000e+00 2.403343782654127417e-02 1.600731763091698973e-03 9.748582696573823703e-02 0.000000000000000000e+00 5.597014925373134005e-03 0.000000000000000000e+00 1.347488770926908927e-02 0.000000000000000000e+00 0.000000000000000000e+00 1.045806316670152755e-04 4.635629548399960304e-02 0.000000000000000000e+00 7.818608287724784865e-04 2.144082332761578012e-04 2.541080806369642661e-02 1.001001001001000992e-03 6.535947712418300852e-03 6.578947368421052483e-04 1.092233009708737899e-02 2.083333333333333304e-03 3.816793893129771104e-02 0.000000000000000000e+00 0.000000000000000000e+00 8.865248226950354395e-04 0.000000000000000000e+00 0.000000000000000000e+00 2.004008016032063962e-03 5.300353356890458861e-04 5.635873560401862513e-03 5.714285714285714714e-04 1.855287569573283888e-03 0.000000000000000000e+00 0.000000000000000000e+00 0.000000000000000000e+00 0.000000000000000000e+00 8.298755186721991492e-04 0.000000000000000000e+00 0.000000000000000000e+00 1.152073732718894008e-03 1.988071570576540551e-03 3.344481605351170509e-03
5.247966413014956396e-04 0.000000000000000000e+00 3.306218840199422887e-02 2.361584885856730324e-03 4.662818157963788956e-01 1.574389923904487027e-03 3.332458672264497490e-02 7.871949619522435136e-04 0.000000000000000000e+00 0.000000000000000000e+00 5.605148432634419510e-03 0.000000000000000000e+00 2.105112415867105985e-02 1.296176279974076595e-04 3.108790838666217748e-01 4.071661237785016469e-04 3.874467260751646765e-04 0.000000000000000000e+00 4.444938326480720337e-04 0.000000000000000000e+00 1.026167265264238014e-03 0.000000000000000000e+00 1.637426900584795309e-03 1.017639077340569799e-03 0.000000000000000000e+00 1.041666666666666652e-03 1.112170320940578279e-02 0.000000000000000000e+00 7.589812784617979563e-03 1.460067163089502087e-04 1.800504141159524796e-04 2.306805074971165007e-03 1.373626373626373625e-04 0.000000000000000000e+00 0.000000000000000000e+00 0.000000000000000000e+00 4.670714619336758275e-04 0.000000000000000000e+00 0.000000000000000000e+00 0.000000000000000000e+00 0.000000000000000000e+00 0.000000000000000000e+00 0.000000000000000000e+00 0.000000000000000000e+00 0.000000000000000000e+00 0.000000000000000000e+00 3.422899195618688863e-04 0.000000000000000000e+00 1.372683596431022602e-04 0.000000000000000000e+00 4.076640847941296361e-04 0.000000000000000000e+00 0.000000000000000000e+00 0.000000000000000000e+00 1.315542191317421597e-03 0.000000000000000000e+00 4.336513443191673746e-04 0.000000000000000000e+00 1.331912626531699443e-04 1.395089285714285637e-04 2.849002849002849145e-03 0.000000000000000000e+00 8.941344778254649468e-04 0.000000000000000000e+00 1.095530236634531139e-03 0.000000000000000000e+00 0.000000000000000000e+00 0.000000000000000000e+00 0.000000000000000000e+00 0.000000000000000000e+00 1.208269936453951546e-02 0.000000000000000000e+00 2.644154189232239549e-02 3.706449221645663310e-04 6.928406466512702401e-03 0.000000000000000000e+00 4.116167390807226427e-03 0.000000000000000000e+00 0.000000000000000000e+00 0.000000000000000000e+00 2.180232558139534853e-03 2.041649652919559112e-04 0.000000000000000000e+00 0.000000000000000000e+00 2.509935160008366396e-03 0.000000000000000000e+00 9.233610341643582299e-04 0.000000000000000000e+00 1.929674099485420265e-03 0.000000000000000000e+00 6.673340006673340310e-04 0.000000000000000000e+00 0.000000000000000000e+00 0.000000000000000000e+00 0.000000000000000000e+00 0.000000000000000000e+00 1.441961067051189538e-03 0.000000000000000000e+00 0.000000000000000000e+00 0.000000000000000000e+00 0.000000000000000000e+00 0.000000000000000000e+00 0.000000000000000000e+00 0.000000000000000000e+00 0.000000000000000000e+00 0.000000000000000000e+00 0.000000000000000000e+00 0.000000000000000000e+00 0.000000000000000000e+00 0.000000000000000000e+00 0.000000000000000000e+00 0.000000000000000000e+00 0.000000000000000000e+00 0.000000000000000000e+00 0.000000000000000000e+00 0.000000000000000000e+00
0.000000000000000000e+00 3.283302063789868882e-03 2.814258911819887427e-03 1.454033771106941902e-02 1.876172607879924951e-03 1.721388367729831115e-01 0.000000000000000000e+00 1.500938086303939961e-02 0.000000000000000000e+00 0.000000000000000000e+00 0.000000000000000000e+00 2.708559046587215562e-03 0.000000000000000000e+00 1.270252754374594922e-02 0.000000000000000000e+00 2.267915309446253969e-01 0.000000000000000000e+00 3.609456776755098320e-04 0.000000000000000000e+00 4.564125969876768564e-04 1.026167265264238014e-03 0.000000000000000000e+00 2.105263157894736795e-03 1.187245590230664874e-03 4.166666666666666609e-03 1.041666666666666652e-03 1.906577693040991360e-03 1.447178002894355898e-03 0.000000000000000000e+00 3.650167907723755271e-03 3.420957868203096733e-03 8.650519031141868775e-04 0.000000000000000000e+00 9.962143853357242527e-05 0.000000000000000000e+00 0.000000000000000000e+00 0.000000000000000000e+00 0.000000000000000000e+00 0.000000000000000000e+00 1.146788990825688137e-03 0.000000000000000000e+00 0.000000000000000000e+00 0.000000000000000000e+00 0.000000000000000000e+00 0.000000000000000000e+00 2.013085052843482752e-04 0.000000000000000000e+00 0.000000000000000000e+00 0.000000000000000000e+00 9.685230024213074547e-05 0.000000000000000000e+00 8.028904054596547346e-05 0.000000000000000000e+00 2.402402402402402349e-04 0.000000000000000000e+00 0.000000000000000000e+00 0.000000000000000000e+00 5.147210212065060544e-04 0.000000000000000000e+00 0.000000000000000000e+00 0.000000000000000000e+00 0.000000000000000000e+00 0.000000000000000000e+00 4.067520846044336185e-04 0.000000000000000000e+00 0.000000000000000000e+00 0.000000000000000000e+00 0.000000000000000000e+00 0.000000000000000000e+00 2.075550020755500191e-04 1.163519198066768076e-03 6.194347657762291903e-03 0.000000000000000000e+00 2.196071163825055739e-02 0.000000000000000000e+00 2.089864158829676105e-02 0.000000000000000000e+00 2.711363076164653631e-03 0.000000000000000000e+00 0.000000000000000000e+00 0.000000000000000000e+00 1.020824826459779556e-03 0.000000000000000000e+00 0.000000000000000000e+00 0.000000000000000000e+00 5.981457481806400685e-04 0.000000000000000000e+00 0.000000000000000000e+00 0.000000000000000000e+00 1.355243096730475959e-03 0.000000000000000000e+00 0.000000000000000000e+00 0.000000000000000000e+00 0.000000000000000000e+00 0.000000000000000000e+00 0.000000000000000000e+00 0.000000000000000000e+00 0.000000000000000000e+00 0.000000000000000000e+00 0.000000000000000000e+00 0.000000000000000000e+00 0.000000000000000000e+00 0.000000000000000000e+00 0.000000000000000000e+00 0.000000000000000000e+00 0.000000000000000000e+00 0.000000000000000000e+00 0.000000000000000000e+00 0.000000000000000000e+00 0.000000000000000000e+00 0.000000000000000000e+00 0.000000000000000000e+00 0.000000000000000000e+00 0.000000000000000000e+00 0.000000000000000000e+00 0.000000000000000000e+00
1.600581274652273234e-01 6.227942702927133150e-04 2.698775171268424228e-02 2.075980900975710978e-03 2.075980900975711140e-04 0.000000000000000000e+00 1.042142412289806946e-01 2.906373261365995542e-03 5.605148432634419510e-03 0.000000000000000000e+00 0.000000000000000000e+00 3.611412062116287633e-04 1.688386080481168450e-01 0.000000000000000000e+00 3.368137420006736202e-04 0.000000000000000000e+00 4.261913986826811052e-02 0.000000000000000000e+00 1.100122235803978159e-02 1.711547238703788184e-03 0.000000000000000000e+00 0.000000000000000000e+00 1.228070175438596492e-02 1.696065128900949666e-04 0.000000000000000000e+00 0.000000000000000000e+00 0.000000000000000000e+00 0.000000000000000000e+00 6.999494012481025096e-02 0.000000000000000000e+00 2.160604969391429538e-03 2.883506343713956258e-04 1.648351648351648350e-03 1.992428770671448505e-04 0.000000000000000000e+00 0.000000000000000000e+00 1.167678654834189596e-03 0.000000000000000000e+00 0.000000000000000000e+00 0.000000000000000000e+00 0.000000000000000000e+00 0.000000000000000000e+00 0.000000000000000000e+00 0.000000000000000000e+00 1.722949689869055802e-04 0.000000000000000000e+00 0.000000000000000000e+00 0.000000000000000000e+00 1.372683596431022602e-04 0.000000000000000000e+00 3.974724826742764318e-03 0.000000000000000000e+00 0.000000000000000000e+00 0.000000000000000000e+00 1.503476790077053161e-03 0.000000000000000000e+00 6.793871061000288959e-03 1.029442042413012082e-04 2.131060202450719109e-03 0.000000000000000000e+00 3.042735042735042819e-02 2.379252914584820469e-04 1.323319027181688208e-02 0.000000000000000000e+00 1.292725679228746635e-02 0.000000000000000000e+00 5.425445338638213702e-04 0.000000000000000000e+00 9.526077637532745545e-04 0.000000000000000000e+00 2.917748142844357045e-02 0.000000000000000000e+00 1.507911224381437883e-02 2.779836916234247482e-04 2.309468822170900656e-03 0.000000000000000000e+00 5.373885204664989937e-03 1.232437761893024329e-04 1.529051987767584110e-03 0.000000000000000000e+00 6.177325581395348535e-03 0.000000000000000000e+00 7.830853563038371167e-04 0.000000000000000000e+00 1.359548211671198457e-02 0.000000000000000000e+00 0.000000000000000000e+00 0.000000000000000000e+00 1.586620926243567653e-02 0.000000000000000000e+00 0.000000000000000000e+00 0.000000000000000000e+00 6.578947368421052483e-04 0.000000000000000000e+00 0.000000000000000000e+00 0.000000000000000000e+00 0.000000000000000000e+00 0.000000000000000000e+00 0.000000000000000000e+00 0.000000000000000000e+00 0.000000000000000000e+00 0.000000000000000000e+00 1.766784452296819711e-04 0.000000000000000000e+00 0.000000000000000000e+00 3.710575139146567560e-04 0.000000000000000000e+00 0.000000000000000000e+00 0.000000000000000000e+00 0.000000000000000000e+00 0.000000000000000000e+00 0.000000000000000000e+00 0.000000000000000000e+00 0.000000000000000000e+00 0.000000000000000000e+00 0.000000000000000000e+00
1.805706031058143817e-04 4.117009750812567620e-02 4.333694474539544726e-03 4.767063921993499459e-02 0.000000000000000000e+00 5.417118093174430908e-04 3.430841459010473306e-03 1.827374503430841401e-01 0.000000000000000000e+00 2.708559046587215562e-03 3.611412062116287633e-04 0.000000000000000000e+00 5.728197049978518912e-04 2.066104990278677944e-01 0.000000000000000000e+00 4.071661237785016360e-03 0.000000000000000000e+00 8.554412560909582797e-02 2.444716079564395860e-03 1.255134641716111436e-02 0.000000000000000000e+00 0.000000000000000000e+00 2.339181286549707646e-03 1.984396200814111250e-02 0.000000000000000000e+00 0.000000000000000000e+00 0.000000000000000000e+00 0.000000000000000000e+00 1.686625063248439825e-04 9.081617754416702881e-02 2.700756211739287031e-03 2.883506343713956258e-04 9.615384615384615918e-04 3.685993225742179545e-03 4.830917874396135144e-04 0.000000000000000000e+00 0.000000000000000000e+00 2.245749117741418187e-03 0.000000000000000000e+00 1.146788990825688137e-03 0.000000000000000000e+00 0.000000000000000000e+00 0.000000000000000000e+00 1.086838387131833526e-04 0.000000000000000000e+00 4.026170105686965504e-04 0.000000000000000000e+00 0.000000000000000000e+00 0.000000000000000000e+00 1.646489104116222700e-03 0.000000000000000000e+00 1.686069851465274915e-03 0.000000000000000000e+00 6.006006006006005737e-04 0.000000000000000000e+00 2.479851208927464235e-03 0.000000000000000000e+00 4.323656578134650770e-03 1.331912626531699443e-04 6.975446428571428726e-04 0.000000000000000000e+00 4.758505829169640614e-03 0.000000000000000000e+00 1.382957087655074281e-02 0.000000000000000000e+00 4.029850746268656865e-03 2.712722669319106851e-04 1.240339662245968809e-03 0.000000000000000000e+00 2.075550020755500191e-04 1.342522151615501693e-03 4.452187379016647739e-03 1.061909312944674582e-04 1.037805782060785727e-02 0.000000000000000000e+00 3.134796238244513984e-03 1.143379830779785058e-04 2.464875523786048874e-03 0.000000000000000000e+00 0.000000000000000000e+00 0.000000000000000000e+00 2.552062066149448846e-02 0.000000000000000000e+00 0.000000000000000000e+00 0.000000000000000000e+00 2.302861130495464231e-02 0.000000000000000000e+00 2.345582486317435676e-03 0.000000000000000000e+00 2.303913264441809217e-02 0.000000000000000000e+00 0.000000000000000000e+00 0.000000000000000000e+00 0.000000000000000000e+00 0.000000000000000000e+00 3.816793893129770843e-03 0.000000000000000000e+00 0.000000000000000000e+00 0.000000000000000000e+00 1.300390117035110562e-03 0.000000000000000000e+00 0.000000000000000000e+00 0.000000000000000000e+00 0.000000000000000000e+00 0.000000000000000000e+00 0.000000000000000000e+00 0.000000000000000000e+00 0.000000000000000000e+00 0.000000000000000000e+00 0.000000000000000000e+00 0.000000000000000000e+00 0.000000000000000000e+00 0.000000000000000000e+00 0.000000000000000000e+00 0.000000000000000000e+00 0.000000000000000000e+00
3.608764141486467403e-02 0.000000000000000000e+00 4.783044536732063839e-02 1.288844336245166837e-03 6.730631533724760508e-03 0.000000000000000000e+00 2.278390376628955938e-01 1.575254188744092728e-03 2.105112415867105985e-02 0.000000000000000000e+00 1.688386080481168450e-01 5.728197049978518912e-04 0.000000000000000000e+00 1.296176279974076595e-04 1.098012798922196054e-01 0.000000000000000000e+00 4.843084075939558565e-03 0.000000000000000000e+00 7.000777864207134368e-03 5.705157462345960976e-04 0.000000000000000000e+00 0.000000000000000000e+00 2.666666666666666838e-02 1.356852103120759732e-03 2.777777777777777884e-03 0.000000000000000000e+00 6.355258976803305256e-04 0.000000000000000000e+00 1.313880924270534600e-01 0.000000000000000000e+00 3.240907454087144524e-03 2.883506343713956258e-03 2.472527472527472417e-03 9.962143853357242527e-05 0.000000000000000000e+00 4.258943781942078422e-04 7.006071929005138225e-04 0.000000000000000000e+00 1.200480192076830649e-03 0.000000000000000000e+00 0.000000000000000000e+00 0.000000000000000000e+00 0.000000000000000000e+00 0.000000000000000000e+00 0.000000000000000000e+00 0.000000000000000000e+00 0.000000000000000000e+00 0.000000000000000000e+00 2.745367192862045204e-04 0.000000000000000000e+00 3.057480635955972352e-03 0.000000000000000000e+00 2.692514808831448451e-03 0.000000000000000000e+00 1.879345987596316506e-03 0.000000000000000000e+00 2.746458514021393391e-03 0.000000000000000000e+00 2.264251465103889107e-03 0.000000000000000000e+00 2.678062678062678031e-02 0.000000000000000000e+00 2.110157367668097361e-02 0.000000000000000000e+00 1.468010517090271617e-02 0.000000000000000000e+00 6.329686228411248415e-04 9.541074324968991252e-05 0.000000000000000000e+00 0.000000000000000000e+00 5.226886243623019707e-02 0.000000000000000000e+00 2.601677816714452474e-02 0.000000000000000000e+00 7.698229407236335808e-03 0.000000000000000000e+00 1.863709124171049683e-02 1.232437761893024329e-04 9.174311926605505096e-03 0.000000000000000000e+00 1.871366279069767297e-02 0.000000000000000000e+00 0.000000000000000000e+00 0.000000000000000000e+00 1.798786864672662772e-02 0.000000000000000000e+00 1.846722068328716460e-03 0.000000000000000000e+00 2.144082332761577947e-02 0.000000000000000000e+00 1.334668001334668062e-03 8.169934640522876065e-04 9.868421052631579267e-04 1.213592233009708633e-03 8.333333333333333218e-03 3.816793893129770843e-03 0.000000000000000000e+00 0.000000000000000000e+00 0.000000000000000000e+00 0.000000000000000000e+00 0.000000000000000000e+00 0.000000000000000000e+00 3.533568904593639422e-04 0.000000000000000000e+00 2.857142857142857357e-04 0.000000000000000000e+00 0.000000000000000000e+00 0.000000000000000000e+00 0.000000000000000000e+00 0.000000000000000000e+00 0.000000000000000000e+00 0.000000000000000000e+00 0.000000000000000000e+00 0.000000000000000000e+00 1.988071570576540551e-03 0.000000000000000000e+00
