2.806330629962772716e-01 4.719411726837237087e-01 3.272862743695748033e-01 4.901362776169348456e-01 3.425888523768102489e-01 0.000000000000000000e+00 3.424859822376326579e-01 4.700001817362040035e-01 3.539079640309654162e-01 0.000000000000000000e+00 3.223102905800250273e-01 4.684642309539843175e-01 3.720350004674299327e-01 0.000000000000000000e+00 3.826978013169513027e-01 0.000000000000000000e+00 2.877173130518521638e-01 4.652855459976105168e-01 4.066641420408042551e-01 5.005456221356326951e-01 0.000000000000000000e+00 0.000000000000000000e+00 4.046410358919286243e-01 0.000000000000000000e+00 0.000000000000000000e+00 0.000000000000000000e+00 0.000000000000000000e+00 0.000000000000000000e+00 3.968701921132985477e-01 4.858365258417471355e-01 4.353363199779877735e-01 0.000000000000000000e+00 4.453967067048424933e-01 4.825996149608178243e-01 4.580893170731707431e-01 0.000000000000000000e+00 4.846957103508059417e-01 5.014085588235293045e-01 4.422868557538873202e-01 0.000000000000000000e+00 0.000000000000000000e+00 0.000000000000000000e+00 4.190705694444443741e-01 0.000000000000000000e+00 4.107972334349779819e-01 4.989431123595505779e-01 4.503200327518611101e-01 0.000000000000000000e+00 4.219710587999868645e-01 4.727167021739130393e-01 4.099970260066701511e-01 0.000000000000000000e+00 0.000000000000000000e+00 0.000000000000000000e+00 4.229830732625401435e-01 0.000000000000000000e+00 2.916447150346667683e-01 4.701099801526156807e-01 4.132565749206650318e-01 4.641612176442233562e-01 4.111615961345274073e-01 0.000000000000000000e+00 3.920143819455410572e-01 4.237765338983051633e-01 4.070474354624938340e-01 0.000000000000000000e+00 4.237185435018613888e-01 4.800669242982170126e-01 3.066004448895836010e-01 4.826006315908057398e-01 3.465121997829106459e-01 4.908282400965880976e-01 3.734407743512058730e-01 4.801585577960421625e-01 3.661920795454545186e-01 0.000000000000000000e+00 4.008708862210920154e-01 4.511182723434606912e-01 0.000000000000000000e+00 0.000000000000000000e+00 3.269719642760603451e-01 0.000000000000000000e+00 0.000000000000000000e+00 0.000000000000000000e+00 4.212332566102958697e-01 4.765638399999999608e-01 3.663972711632453860e-01 0.000000000000000000e+00 4.224784235368014285e-01 0.000000000000000000e+00 4.779714025110287645e-01 0.000000000000000000e+00 4.199922046105365459e-01 0.000000000000000000e+00 4.185940239164016030e-01 0.000000000000000000e+00 4.278888161703887638e-01 0.000000000000000000e+00 4.235469686666396005e-01 0.000000000000000000e+00 4.017753507462686335e-01 0.000000000000000000e+00 4.486295998091602844e-01 4.836148598458820391e-01 4.468402459365041213e-01 4.311235200000000378e-01 4.408961168355855498e-01 0.000000000000000000e+00 4.331304831460674465e-01 3.878715930232557452e-01 3.893466619999999545e-01 4.310497079949930366e-01 4.135425609756097631e-01 3.963161000208507145e-01 0.000000000000000000e+00 3.647534851485148555e-01
4.719411726837237087e-01 2.803119549137580990e-01 4.839035342013218721e-01 3.342782212390140173e-01 0.000000000000000000e+00 0.000000000000000000e+00 4.706639765241633078e-01 3.074540722695314754e-01 0.000000000000000000e+00 3.766484758516472908e-01 4.580565245579404365e-01 3.368812068040366037e-01 4.883186641221374247e-01 3.558291720701416416e-01 0.000000000000000000e+00 4.131443205493947612e-01 4.812785412844036714e-01 2.783860642404995533e-01 5.038584400115907469e-01 3.440799277506296217e-01 0.000000000000000000e+00 0.000000000000000000e+00 4.756241392601935902e-01 4.196267228374687686e-01 0.000000000000000000e+00 0.000000000000000000e+00 0.000000000000000000e+00 0.000000000000000000e+00 4.738357700722070076e-01 4.138325512256084693e-01 4.592124983524675796e-01 4.487023927241652888e-01 4.894346744675364125e-01 4.415241409425821884e-01 3.997956388888888601e-01 0.000000000000000000e+00 5.492828771556123035e-01 5.069587085722299102e-01 0.000000000000000000e+00 5.323726730769231530e-01 0.000000000000000000e+00 0.000000000000000000e+00 0.000000000000000000e+00 4.473563713579055134e-01 0.000000000000000000e+00 4.288819687242377277e-01 0.000000000000000000e+00 4.357434135034424227e-01 0.000000000000000000e+00 4.162454742710355315e-01 0.000000000000000000e+00 4.188728963463793087e-01 0.000000000000000000e+00 4.247410042913064565e-01 0.000000000000000000e+00 4.162559859374973525e-01 4.867829700132068615e-01 2.961624752714880349e-01 4.868874391784945299e-01 4.216594293150836004e-01 4.805569696511267086e-01 4.100590128704040827e-01 0.000000000000000000e+00 3.808978139427889875e-01 0.000000000000000000e+00 4.170724816398410639e-01 4.790035917947230715e-01 4.145779523325288096e-01 4.965034746100985830e-01 3.272769354778189421e-01 4.732351957296821454e-01 3.686093847225483389e-01 4.725434635566855834e-01 3.851227200028460862e-01 0.000000000000000000e+00 3.368614406162317443e-01 4.819288707360576129e-01 4.067558148816454722e-01 0.000000000000000000e+00 4.214367262925170499e-01 4.718909809220984686e-01 3.666149244424048437e-01 0.000000000000000000e+00 3.639173897058823881e-01 4.505666812500000451e-01 4.433042019162901082e-01 0.000000000000000000e+00 3.886526854838709411e-01 0.000000000000000000e+00 4.387549755875374546e-01 4.849659223216860049e-01 4.509894758485499255e-01 4.591931636197566502e-01 4.899569470509744784e-01 0.000000000000000000e+00 4.468882143510456983e-01 0.000000000000000000e+00 4.696098921568627738e-01 4.814764404761905370e-01 4.288674953271027768e-01 4.845420133333334656e-01 4.499879365079365034e-01 0.000000000000000000e+00 4.375204911564919974e-01 0.000000000000000000e+00 4.405190412285077128e-01 0.000000000000000000e+00 0.000000000000000000e+00 4.491773804347826138e-01 0.000000000000000000e+00 0.000000000000000000e+00 0.000000000000000000e+00 0.000000000000000000e+00 4.592722521008402725e-01 4.446629495798319343e-01 0.000000000000000000e+00
3.272862743695748033e-01 4.839035342013218721e-01 2.986319324265157005e-01 4.775374773296879316e-01 1.947880068672509790e-01 4.594649673913043797e-01 3.154181684303267175e-01 4.733948385548867321e-01 3.042335569171658594e-01 4.304278227709916749e-01 3.773258449692747374e-01 4.705306099366549644e-01 3.576667478920454446e-01 4.686268095893309504e-01 3.469841420770064522e-01 4.334184479953585023e-01 3.795871450455705065e-01 0.000000000000000000e+00 3.504928883679457874e-01 5.073867001487772921e-01 0.000000000000000000e+00 0.000000000000000000e+00 3.009225945098659150e-01 4.683023947311837354e-01 2.116240123730621647e-01 4.390860782728407408e-01 2.621914168494208219e-01 0.000000000000000000e+00 3.661202016795259695e-01 4.872269234943367167e-01 4.099635923343985522e-01 4.692165653452891605e-01 4.075629171708002874e-01 4.941280028202120755e-01 4.249605752212389786e-01 0.000000000000000000e+00 4.614372990875386660e-01 5.469048653846153574e-01 4.087510089537991775e-01 0.000000000000000000e+00 0.000000000000000000e+00 0.000000000000000000e+00 3.756837403846153833e-01 0.000000000000000000e+00 4.239730086336336301e-01 0.000000000000000000e+00 0.000000000000000000e+00 0.000000000000000000e+00 4.172369414953782107e-01 0.000000000000000000e+00 3.946692173289133576e-01 4.590670884955752040e-01 4.212715266272188952e-01 0.000000000000000000e+00 4.064899234947580986e-01 0.000000000000000000e+00 3.903308773015964350e-01 4.805865956168693387e-01 4.129892336707660094e-01 0.000000000000000000e+00 3.835849378548439326e-01 0.000000000000000000e+00 3.840800976907879360e-01 4.554081278195488691e-01 3.781521272826383617e-01 0.000000000000000000e+00 4.438223193021371693e-01 5.157689826981876058e-01 3.437502906424562688e-01 4.796584678899082355e-01 3.758521652978408789e-01 5.066599744026739627e-01 3.748039291627091041e-01 4.713440885129692726e-01 3.412202009803921854e-01 0.000000000000000000e+00 4.050265432370335761e-01 4.350388319508835533e-01 0.000000000000000000e+00 0.000000000000000000e+00 3.922644337032007433e-01 0.000000000000000000e+00 3.511220853364425132e-01 0.000000000000000000e+00 3.845878001235455423e-01 4.312430079365079383e-01 3.927431590909090664e-01 0.000000000000000000e+00 3.912252585408693695e-01 0.000000000000000000e+00 4.420919163607778257e-01 0.000000000000000000e+00 4.223664931645489951e-01 0.000000000000000000e+00 4.145398590632202729e-01 0.000000000000000000e+00 0.000000000000000000e+00 0.000000000000000000e+00 4.221886384146341098e-01 0.000000000000000000e+00 0.000000000000000000e+00 0.000000000000000000e+00 4.513587194244605416e-01 0.000000000000000000e+00 4.527015392989979237e-01 3.928695585585585404e-01 0.000000000000000000e+00 0.000000000000000000e+00 3.794399195402298197e-01 0.000000000000000000e+00 0.000000000000000000e+00 0.000000000000000000e+00 0.000000000000000000e+00 4.392927777777778098e-01 4.094461147540983670e-01 3.921295588235294560e-01
4.901362776169348456e-01 3.342782212390140173e-01 4.775374773296879316e-01 2.770935129100396410e-01 4.468370693278660433e-01 2.009934502955094127e-01 4.746308195644846628e-01 3.019248790511793734e-01 4.558325789960852581e-01 3.205521823364241851e-01 4.922367630098535285e-01 3.914242659256554346e-01 4.542150721389990320e-01 3.695568090591535015e-01 4.604603772247118920e-01 3.383833276391330913e-01 5.216337551020407970e-01 3.952563382441051654e-01 5.132573773317492538e-01 3.337706463066736351e-01 4.459511818181817744e-01 0.000000000000000000e+00 4.745215344958240156e-01 2.794221022561072520e-01 4.426231484121003201e-01 2.683690584809010904e-01 0.000000000000000000e+00 3.265185225168523164e-01 4.686433837263053181e-01 3.822025844831258290e-01 4.578302417549683923e-01 3.953249012242389671e-01 5.129280902279935717e-01 4.588443543584242446e-01 0.000000000000000000e+00 4.776085312011837392e-01 0.000000000000000000e+00 4.800847965880429835e-01 0.000000000000000000e+00 4.827213705907348329e-01 0.000000000000000000e+00 4.467299583333332880e-01 0.000000000000000000e+00 4.343291205907665042e-01 0.000000000000000000e+00 4.347224492997211476e-01 0.000000000000000000e+00 0.000000000000000000e+00 5.116514387096773309e-01 4.347740312462806123e-01 4.866278645833332916e-01 4.203548394006803024e-01 0.000000000000000000e+00 4.119196827878280898e-01 0.000000000000000000e+00 4.260194308883409886e-01 4.918104263050315228e-01 4.152537322476977377e-01 5.238336218431371982e-01 4.398701528694708429e-01 0.000000000000000000e+00 3.928545762695945243e-01 0.000000000000000000e+00 4.129194185470780876e-01 0.000000000000000000e+00 3.959757406898551380e-01 4.775675807532269168e-01 4.457998861008431457e-01 5.336428754421871368e-01 4.331561981145953255e-01 5.001886260408743290e-01 3.949781448120743832e-01 4.650230372408039603e-01 3.834194993708478494e-01 0.000000000000000000e+00 3.738611015777605906e-01 4.776348718929865345e-01 4.028104558417749947e-01 0.000000000000000000e+00 0.000000000000000000e+00 0.000000000000000000e+00 4.042353384089960588e-01 0.000000000000000000e+00 3.457125892857143001e-01 0.000000000000000000e+00 4.312262345697320254e-01 0.000000000000000000e+00 3.905040479452054902e-01 0.000000000000000000e+00 4.073423264878842098e-01 4.588685540694612541e-01 4.278427678634851294e-01 0.000000000000000000e+00 4.200696157874828085e-01 0.000000000000000000e+00 4.428178622708190404e-01 0.000000000000000000e+00 4.684933874999999692e-01 4.509105894039735496e-01 4.448488598081087320e-01 0.000000000000000000e+00 4.113392004063920471e-01 0.000000000000000000e+00 4.376159616417661380e-01 5.048615695364239153e-01 4.251327271649646966e-01 0.000000000000000000e+00 4.026537304347825863e-01 3.963380352941177076e-01 0.000000000000000000e+00 0.000000000000000000e+00 4.452344589179077494e-01 0.000000000000000000e+00 4.120396160714285827e-01 4.380271738945059612e-01 0.000000000000000000e+00
3.425888523768102489e-01 0.000000000000000000e+00 1.947880068672509790e-01 4.468370693278660433e-01 1.897511772679557063e-01 4.294623996136655020e-01 2.602132375451385315e-01 4.350114432139566834e-01 2.035315494439626782e-01 4.294411345061270868e-01 3.262979033512223848e-01 0.000000000000000000e+00 3.184857433193396536e-01 4.493677727348344697e-01 2.883924698847200041e-01 4.314651135411494143e-01 0.000000000000000000e+00 0.000000000000000000e+00 0.000000000000000000e+00 0.000000000000000000e+00 3.032198138258704323e-01 4.314509057459677832e-01 2.191639579487232314e-01 4.474036601543570080e-01 2.281814448064748146e-01 4.395087192274025889e-01 2.377987940968528668e-01 4.518191611327000423e-01 3.269831216933153928e-01 4.090421075268816931e-01 3.378782758331457803e-01 4.391522292946009043e-01 4.685433749999999842e-01 4.707564217479675017e-01 0.000000000000000000e+00 0.000000000000000000e+00 4.076936915085300206e-01 0.000000000000000000e+00 0.000000000000000000e+00 0.000000000000000000e+00 0.000000000000000000e+00 0.000000000000000000e+00 0.000000000000000000e+00 0.000000000000000000e+00 0.000000000000000000e+00 0.000000000000000000e+00 0.000000000000000000e+00 0.000000000000000000e+00 0.000000000000000000e+00 0.000000000000000000e+00 3.605555829743589680e-01 0.000000000000000000e+00 4.314516543209877542e-01 0.000000000000000000e+00 4.283597016129032653e-01 0.000000000000000000e+00 0.000000000000000000e+00 0.000000000000000000e+00 0.000000000000000000e+00 0.000000000000000000e+00 4.130904107406280779e-01 0.000000000000000000e+00 3.498606466165413154e-01 0.000000000000000000e+00 3.520672698412699031e-01 0.000000000000000000e+00 4.474990671525533315e-01 0.000000000000000000e+00 0.000000000000000000e+00 0.000000000000000000e+00 3.396047627708356220e-01 4.554791578939464958e-01 3.470256292829789757e-01 4.414237264150943640e-01 3.228719307971014696e-01 0.000000000000000000e+00 3.693651409405764863e-01 3.773610037226277081e-01 0.000000000000000000e+00 0.000000000000000000e+00 3.878491462001573686e-01 0.000000000000000000e+00 3.382615974350433041e-01 0.000000000000000000e+00 3.808642420770302905e-01 0.000000000000000000e+00 3.944757027027027130e-01 0.000000000000000000e+00 3.820350611111111849e-01 0.000000000000000000e+00 0.000000000000000000e+00 0.000000000000000000e+00 0.000000000000000000e+00 0.000000000000000000e+00 0.000000000000000000e+00 0.000000000000000000e+00 0.000000000000000000e+00 0.000000000000000000e+00 0.000000000000000000e+00 0.000000000000000000e+00 0.000000000000000000e+00 0.000000000000000000e+00 0.000000000000000000e+00 0.000000000000000000e+00 0.000000000000000000e+00 0.000000000000000000e+00 0.000000000000000000e+00 0.000000000000000000e+00 0.000000000000000000e+00 0.000000000000000000e+00 0.000000000000000000e+00 0.000000000000000000e+00 0.000000000000000000e+00 0.000000000000000000e+00 0.000000000000000000e+00 0.000000000000000000e+00
0.000000000000000000e+00 0.000000000000000000e+00 4.594649673913043797e-01 2.009934502955094127e-01 4.294623996136655020e-01 2.181077670549715908e-01 0.000000000000000000e+00 2.954782174986034238e-01 4.601345177345170789e-01 2.429449134344054406e-01 0.000000000000000000e+00 3.463549564504763700e-01 0.000000000000000000e+00 3.311068121788554031e-01 4.447096000000000382e-01 2.813049840506259835e-01 0.000000000000000000e+00 0.000000000000000000e+00 0.000000000000000000e+00 4.425287122559979913e-01 4.455791765735395149e-01 3.748108003003001731e-01 4.183475581937550203e-01 2.084381791760716862e-01 4.439477752129034061e-01 1.918704549176174778e-01 4.333781495600544376e-01 2.614196568410141475e-01 0.000000000000000000e+00 3.186634926549365421e-01 4.231821269313141842e-01 3.868726622430714301e-01 0.000000000000000000e+00 3.522289160079051240e-01 0.000000000000000000e+00 0.000000000000000000e+00 0.000000000000000000e+00 0.000000000000000000e+00 0.000000000000000000e+00 0.000000000000000000e+00 0.000000000000000000e+00 0.000000000000000000e+00 0.000000000000000000e+00 0.000000000000000000e+00 0.000000000000000000e+00 0.000000000000000000e+00 0.000000000000000000e+00 4.172012013422819465e-01 0.000000000000000000e+00 0.000000000000000000e+00 0.000000000000000000e+00 4.261743652278177641e-01 0.000000000000000000e+00 0.000000000000000000e+00 0.000000000000000000e+00 4.306746717557251580e-01 0.000000000000000000e+00 4.091141308301373680e-01 0.000000000000000000e+00 0.000000000000000000e+00 0.000000000000000000e+00 0.000000000000000000e+00 0.000000000000000000e+00 0.000000000000000000e+00 0.000000000000000000e+00 4.252722000000000446e-01 0.000000000000000000e+00 4.416611479289939690e-01 0.000000000000000000e+00 0.000000000000000000e+00 4.753168037615714270e-01 3.399508119494893954e-01 4.599192631578947754e-01 3.453754472031997369e-01 0.000000000000000000e+00 4.066201000000000954e-01 0.000000000000000000e+00 3.634507456959932270e-01 0.000000000000000000e+00 0.000000000000000000e+00 0.000000000000000000e+00 4.082954658789439972e-01 0.000000000000000000e+00 3.393714754724111993e-01 0.000000000000000000e+00 4.149020893623166506e-01 0.000000000000000000e+00 3.811123736263736794e-01 0.000000000000000000e+00 4.045463431556505229e-01 0.000000000000000000e+00 3.850607682119205344e-01 0.000000000000000000e+00 4.044718085106382977e-01 0.000000000000000000e+00 3.774803235294116877e-01 0.000000000000000000e+00 0.000000000000000000e+00 0.000000000000000000e+00 0.000000000000000000e+00 0.000000000000000000e+00 0.000000000000000000e+00 0.000000000000000000e+00 0.000000000000000000e+00 0.000000000000000000e+00 0.000000000000000000e+00 0.000000000000000000e+00 0.000000000000000000e+00 0.000000000000000000e+00 0.000000000000000000e+00 0.000000000000000000e+00 0.000000000000000000e+00 0.000000000000000000e+00 0.000000000000000000e+00 0.000000000000000000e+00 0.000000000000000000e+00
3.424859822376326579e-01 4.706639765241633078e-01 3.154181684303267175e-01 4.746308195644846628e-01 2.602132375451385315e-01 0.000000000000000000e+00 3.025829186042320318e-01 4.684700379094569045e-01 2.634096550955559168e-01 4.550017666666667515e-01 3.428643911248374088e-01 4.555919271881275767e-01 3.177412021875809511e-01 4.659817472399271354e-01 3.445270148425244039e-01 4.210418749999999544e-01 3.951489970099120175e-01 4.741418696120590082e-01 3.933338445773786884e-01 4.923707846950126088e-01 0.000000000000000000e+00 0.000000000000000000e+00 3.773101474577583159e-01 4.803939986078239466e-01 3.415291313403878704e-01 4.627286470588236056e-01 3.041099846572827836e-01 0.000000000000000000e+00 3.655919695675362013e-01 4.765973589082153627e-01 4.393059746840313751e-01 4.742269800052082429e-01 4.257082970351728224e-01 4.870076688099216344e-01 4.649621609195401239e-01 0.000000000000000000e+00 4.433574363050160061e-01 5.029156846153846061e-01 3.625748768302180514e-01 0.000000000000000000e+00 4.071900116279069115e-01 0.000000000000000000e+00 3.773367946428571318e-01 0.000000000000000000e+00 3.813616153846153822e-01 0.000000000000000000e+00 3.719485615384615640e-01 0.000000000000000000e+00 4.064507219561165896e-01 0.000000000000000000e+00 3.962696627695289076e-01 0.000000000000000000e+00 0.000000000000000000e+00 0.000000000000000000e+00 3.967675180415602409e-01 0.000000000000000000e+00 3.835841436840264351e-01 0.000000000000000000e+00 4.061014171371851722e-01 4.519462687423755343e-01 3.997509629808282394e-01 0.000000000000000000e+00 3.850538458849808721e-01 4.490174857142857356e-01 3.869239938054597761e-01 4.910809483322251534e-01 4.205442598461113790e-01 4.804316818181817994e-01 4.042899145692674945e-01 0.000000000000000000e+00 3.433127269301867179e-01 4.807995111490133144e-01 3.694858775958825281e-01 4.554015478654424576e-01 3.511509960317460433e-01 0.000000000000000000e+00 3.904492870154472328e-01 4.143749926826766905e-01 0.000000000000000000e+00 0.000000000000000000e+00 3.875715801210979916e-01 4.647554758064516567e-01 3.866163741698310230e-01 0.000000000000000000e+00 4.011386917271257402e-01 0.000000000000000000e+00 3.986202097209213813e-01 0.000000000000000000e+00 4.060755361682126807e-01 0.000000000000000000e+00 3.997550751879698772e-01 4.438581544715446969e-01 4.150357775506387514e-01 0.000000000000000000e+00 3.799072188629649682e-01 0.000000000000000000e+00 0.000000000000000000e+00 0.000000000000000000e+00 3.886883702617862646e-01 0.000000000000000000e+00 4.328421218313195373e-01 0.000000000000000000e+00 4.074132755905511272e-01 0.000000000000000000e+00 4.668346972954229290e-01 4.221480137108792330e-01 0.000000000000000000e+00 4.294714918032786488e-01 0.000000000000000000e+00 3.940677477477477764e-01 0.000000000000000000e+00 4.183706320754716490e-01 0.000000000000000000e+00 0.000000000000000000e+00 0.000000000000000000e+00 0.000000000000000000e+00
4.700001817362040035e-01 3.074540722695314754e-01 4.733948385548867321e-01 3.019248790511793734e-01 4.350114432139566834e-01 2.954782174986034238e-01 4.684700379094569045e-01 2.687215198371971092e-01 4.161593965380550042e-01 2.803724097834904283e-01 4.684305586677049993e-01 3.393265837549808706e-01 4.573183389067336235e-01 2.956564372859842305e-01 4.654252581286514867e-01 3.113455850959336302e-01 4.660751679671244485e-01 3.724491570585344857e-01 4.804005249351445683e-01 4.060055725245307334e-01 0.000000000000000000e+00 0.000000000000000000e+00 4.723069864330011747e-01 3.792885814485517093e-01 4.459734520119827406e-01 3.347689495647560021e-01 4.464192739726026704e-01 3.473523333333333185e-01 4.809562492341384332e-01 3.645128860367976009e-01 4.566318347191944960e-01 3.987146197849926188e-01 4.790929864944086791e-01 3.916928614883634086e-01 0.000000000000000000e+00 4.806212747252747164e-01 3.982994177215190001e-01 4.654255810737932264e-01 0.000000000000000000e+00 4.826520428571429711e-01 0.000000000000000000e+00 0.000000000000000000e+00 0.000000000000000000e+00 4.038613831349207040e-01 0.000000000000000000e+00 3.960977300919137356e-01 0.000000000000000000e+00 0.000000000000000000e+00 4.546605681818182143e-01 3.875272321094923034e-01 0.000000000000000000e+00 3.895821637682463368e-01 0.000000000000000000e+00 3.955415437260332845e-01 0.000000000000000000e+00 3.786160226180644850e-01 0.000000000000000000e+00 3.797076191916478605e-01 4.830520802919707757e-01 3.984842115766035198e-01 4.470724677076701181e-01 3.949860978639760378e-01 0.000000000000000000e+00 3.900253971934023456e-01 0.000000000000000000e+00 3.827932317741380985e-01 0.000000000000000000e+00 4.262392037963170788e-01 5.006328918918919735e-01 4.309804956253052155e-01 4.712517601845747084e-01 3.471876916077637487e-01 4.689369307031109324e-01 3.704563845103033271e-01 0.000000000000000000e+00 3.485212953468337371e-01 0.000000000000000000e+00 3.891623437049226975e-01 0.000000000000000000e+00 3.950123140572951441e-01 0.000000000000000000e+00 3.934946507186786735e-01 0.000000000000000000e+00 0.000000000000000000e+00 4.337294590163934260e-01 4.026467285278291786e-01 0.000000000000000000e+00 0.000000000000000000e+00 0.000000000000000000e+00 3.920474372399802010e-01 0.000000000000000000e+00 4.070584009544116477e-01 0.000000000000000000e+00 4.166318487735368170e-01 3.924993173076923303e-01 4.065208943540252196e-01 0.000000000000000000e+00 4.191733965517241978e-01 0.000000000000000000e+00 4.203562016129031575e-01 0.000000000000000000e+00 0.000000000000000000e+00 0.000000000000000000e+00 4.244449603517082559e-01 0.000000000000000000e+00 4.351036039603962124e-01 0.000000000000000000e+00 0.000000000000000000e+00 0.000000000000000000e+00 0.000000000000000000e+00 0.000000000000000000e+00 0.000000000000000000e+00 4.297968943089430782e-01 0.000000000000000000e+00 0.000000000000000000e+00 0.000000000000000000e+00
3.539079640309654162e-01 0.000000000000000000e+00 3.042335569171658594e-01 4.558325789960852581e-01 2.035315494439626782e-01 4.601345177345170789e-01 2.634096550955559168e-01 4.161593965380550042e-01 2.011261030545918316e-01 4.544739131602925641e-01 3.742672593908104584e-01 0.000000000000000000e+00 2.655583503749570085e-01 4.445573199667187669e-01 2.547083060842464941e-01 4.036648984804762641e-01 3.784669963328228803e-01 0.000000000000000000e+00 3.977270893360710380e-01 0.000000000000000000e+00 3.440813789082051155e-01 0.000000000000000000e+00 3.097133420451237407e-01 4.469459019069971228e-01 2.370273307173400568e-01 4.498192748210925185e-01 2.541830184286399952e-01 4.127311046511628057e-01 3.210255242121021757e-01 0.000000000000000000e+00 3.752047816159250204e-01 4.434130699766031247e-01 0.000000000000000000e+00 0.000000000000000000e+00 0.000000000000000000e+00 0.000000000000000000e+00 3.545999759036144727e-01 0.000000000000000000e+00 0.000000000000000000e+00 0.000000000000000000e+00 0.000000000000000000e+00 0.000000000000000000e+00 0.000000000000000000e+00 0.000000000000000000e+00 0.000000000000000000e+00 0.000000000000000000e+00 3.936338724489796270e-01 0.000000000000000000e+00 0.000000000000000000e+00 0.000000000000000000e+00 3.543909280000000495e-01 0.000000000000000000e+00 0.000000000000000000e+00 0.000000000000000000e+00 4.270331014492753652e-01 0.000000000000000000e+00 4.206677745704467952e-01 0.000000000000000000e+00 4.131904954022989074e-01 0.000000000000000000e+00 4.138959310784691703e-01 0.000000000000000000e+00 4.034790558951984463e-01 0.000000000000000000e+00 3.922084759718085234e-01 0.000000000000000000e+00 3.964853049645389871e-01 0.000000000000000000e+00 0.000000000000000000e+00 0.000000000000000000e+00 3.280036587540710036e-01 4.371511080049260700e-01 3.495752980005093491e-01 4.741525770743058588e-01 3.285531186440678320e-01 0.000000000000000000e+00 3.936015734998102311e-01 0.000000000000000000e+00 0.000000000000000000e+00 0.000000000000000000e+00 3.968312830590494666e-01 0.000000000000000000e+00 3.137801707317072752e-01 0.000000000000000000e+00 4.183586632142272665e-01 0.000000000000000000e+00 3.718597903532393500e-01 0.000000000000000000e+00 0.000000000000000000e+00 0.000000000000000000e+00 0.000000000000000000e+00 0.000000000000000000e+00 4.097044933333333638e-01 0.000000000000000000e+00 0.000000000000000000e+00 0.000000000000000000e+00 0.000000000000000000e+00 0.000000000000000000e+00 0.000000000000000000e+00 3.521409555555555237e-01 0.000000000000000000e+00 0.000000000000000000e+00 0.000000000000000000e+00 0.000000000000000000e+00 0.000000000000000000e+00 0.000000000000000000e+00 0.000000000000000000e+00 0.000000000000000000e+00 0.000000000000000000e+00 0.000000000000000000e+00 0.000000000000000000e+00 0.000000000000000000e+00 0.000000000000000000e+00 0.000000000000000000e+00 0.000000000000000000e+00 0.000000000000000000e+00
0.000000000000000000e+00 3.766484758516472908e-01 4.304278227709916749e-01 3.205521823364241851e-01 4.294411345061270868e-01 2.429449134344054406e-01 4.550017666666667515e-01 2.803724097834904283e-01 4.544739131602925641e-01 2.657830247304080462e-01 0.000000000000000000e+00 3.508707349768275807e-01 4.711233409090908597e-01 3.116072485833922823e-01 4.578228251406211702e-01 2.873003737005157543e-01 0.000000000000000000e+00 4.194509567559440710e-01 0.000000000000000000e+00 4.001610082090275577e-01 4.298316500000000095e-01 0.000000000000000000e+00 4.354662080709407190e-01 3.091005815778511412e-01 4.100646367605354503e-01 2.882482925459852741e-01 4.476902842570907315e-01 2.870935533921301075e-01 0.000000000000000000e+00 3.343762884379615219e-01 4.124421812592503067e-01 3.604522086573313522e-01 0.000000000000000000e+00 3.664462952054794442e-01 0.000000000000000000e+00 0.000000000000000000e+00 0.000000000000000000e+00 0.000000000000000000e+00 0.000000000000000000e+00 0.000000000000000000e+00 0.000000000000000000e+00 0.000000000000000000e+00 0.000000000000000000e+00 0.000000000000000000e+00 0.000000000000000000e+00 0.000000000000000000e+00 0.000000000000000000e+00 0.000000000000000000e+00 0.000000000000000000e+00 0.000000000000000000e+00 0.000000000000000000e+00 3.871208233863837611e-01 0.000000000000000000e+00 0.000000000000000000e+00 0.000000000000000000e+00 4.109900495867768733e-01 0.000000000000000000e+00 0.000000000000000000e+00 0.000000000000000000e+00 4.125074892086331158e-01 0.000000000000000000e+00 0.000000000000000000e+00 0.000000000000000000e+00 3.869079999999999742e-01 0.000000000000000000e+00 3.901907876106194273e-01 0.000000000000000000e+00 0.000000000000000000e+00 0.000000000000000000e+00 0.000000000000000000e+00 4.477500734694681572e-01 3.200429680464664250e-01 3.836906865671642075e-01 3.372122451198975579e-01 0.000000000000000000e+00 3.510795884506235365e-01 3.301759736842105331e-01 3.546642731646116320e-01 0.000000000000000000e+00 0.000000000000000000e+00 0.000000000000000000e+00 3.992641421292705828e-01 0.000000000000000000e+00 3.093881785208117963e-01 0.000000000000000000e+00 4.251525160790265989e-01 0.000000000000000000e+00 3.628021011235954552e-01 0.000000000000000000e+00 4.092749726027397061e-01 0.000000000000000000e+00 0.000000000000000000e+00 0.000000000000000000e+00 0.000000000000000000e+00 0.000000000000000000e+00 0.000000000000000000e+00 0.000000000000000000e+00 0.000000000000000000e+00 0.000000000000000000e+00 0.000000000000000000e+00 0.000000000000000000e+00 0.000000000000000000e+00 0.000000000000000000e+00 0.000000000000000000e+00 0.000000000000000000e+00 3.892522056737588998e-01 0.000000000000000000e+00 0.000000000000000000e+00 0.000000000000000000e+00 0.000000000000000000e+00 0.000000000000000000e+00 0.000000000000000000e+00 0.000000000000000000e+00 0.000000000000000000e+00 0.000000000000000000e+00 0.000000000000000000e+00
3.223102905800250273e-01 4.580565245579404365e-01 3.773258449692747374e-01 4.922367630098535285e-01 3.262979033512223848e-01 0.000000000000000000e+00 3.428643911248374088e-01 4.684305586677049993e-01 3.742672593908104584e-01 0.000000000000000000e+00 3.158261725556816280e-01 0.000000000000000000e+00 2.928069870945996800e-01 0.000000000000000000e+00 3.854171237023031327e-01 0.000000000000000000e+00 3.325750101540710379e-01 4.992951097560976992e-01 4.118905620766341591e-01 5.006698952041804818e-01 0.000000000000000000e+00 0.000000000000000000e+00 3.977500036028335240e-01 4.676299438202246028e-01 0.000000000000000000e+00 0.000000000000000000e+00 0.000000000000000000e+00 0.000000000000000000e+00 3.406352170364609910e-01 0.000000000000000000e+00 4.296124798785490584e-01 4.742292154506650426e-01 4.050799491384987627e-01 4.969421640662923800e-01 4.308096952380952582e-01 0.000000000000000000e+00 4.773892959040764161e-01 0.000000000000000000e+00 0.000000000000000000e+00 0.000000000000000000e+00 0.000000000000000000e+00 0.000000000000000000e+00 0.000000000000000000e+00 0.000000000000000000e+00 0.000000000000000000e+00 0.000000000000000000e+00 0.000000000000000000e+00 0.000000000000000000e+00 0.000000000000000000e+00 0.000000000000000000e+00 4.261726209602998972e-01 0.000000000000000000e+00 0.000000000000000000e+00 0.000000000000000000e+00 4.495668516230723610e-01 0.000000000000000000e+00 3.993087418912364961e-01 4.730580747663551966e-01 4.293457744310017477e-01 4.768309599999999704e-01 4.449354705484992456e-01 0.000000000000000000e+00 4.306582359963783690e-01 0.000000000000000000e+00 4.391400662339146610e-01 0.000000000000000000e+00 4.321521333742330273e-01 4.478939116125386088e-01 4.203220629595723068e-01 4.799074374999999226e-01 3.695578814320717442e-01 4.801488422565793335e-01 3.973471123550435524e-01 0.000000000000000000e+00 0.000000000000000000e+00 0.000000000000000000e+00 4.187568930805312672e-01 0.000000000000000000e+00 0.000000000000000000e+00 0.000000000000000000e+00 4.204640172481469707e-01 0.000000000000000000e+00 0.000000000000000000e+00 0.000000000000000000e+00 4.431220464046136120e-01 0.000000000000000000e+00 0.000000000000000000e+00 0.000000000000000000e+00 4.401504801725241167e-01 0.000000000000000000e+00 4.539172611390586143e-01 0.000000000000000000e+00 4.114174793388429840e-01 0.000000000000000000e+00 4.333933908045977668e-01 0.000000000000000000e+00 4.125854831460674665e-01 0.000000000000000000e+00 0.000000000000000000e+00 0.000000000000000000e+00 0.000000000000000000e+00 0.000000000000000000e+00 0.000000000000000000e+00 0.000000000000000000e+00 0.000000000000000000e+00 0.000000000000000000e+00 0.000000000000000000e+00 0.000000000000000000e+00 0.000000000000000000e+00 0.000000000000000000e+00 0.000000000000000000e+00 0.000000000000000000e+00 0.000000000000000000e+00 0.000000000000000000e+00 0.000000000000000000e+00 0.000000000000000000e+00
4.684642309539843175e-01 3.368812068040366037e-01 4.705306099366549644e-01 3.914242659256554346e-01 0.000000000000000000e+00 3.463549564504763700e-01 4.555919271881275767e-01 3.393265837549808706e-01 0.000000000000000000e+00 3.508707349768275807e-01 0.000000000000000000e+00 2.658256085451173867e-01 4.572730744680850723e-01 2.778931380057936273e-01 0.000000000000000000e+00 3.556018549113015847e-01 0.000000000000000000e+00 3.714646840896432267e-01 4.819957963701924641e-01 4.123797481841725010e-01 0.000000000000000000e+00 0.000000000000000000e+00 4.738427337011560936e-01 3.950743802617954215e-01 4.468613761467888357e-01 4.029892352941177869e-01 0.000000000000000000e+00 0.000000000000000000e+00 0.000000000000000000e+00 3.515647635938574100e-01 4.536727306657762915e-01 3.817910443624483730e-01 4.666577582882882602e-01 3.749067846780780311e-01 0.000000000000000000e+00 4.342623267326732872e-01 0.000000000000000000e+00 4.860550897119043645e-01 0.000000000000000000e+00 4.746507027027026537e-01 0.000000000000000000e+00 0.000000000000000000e+00 0.000000000000000000e+00 0.000000000000000000e+00 0.000000000000000000e+00 4.127149767737188779e-01 0.000000000000000000e+00 4.767363965517241176e-01 0.000000000000000000e+00 4.068868254699079534e-01 0.000000000000000000e+00 4.173965899747435482e-01 0.000000000000000000e+00 4.612941138022045862e-01 0.000000000000000000e+00 4.286712769495916175e-01 0.000000000000000000e+00 3.949284886613913526e-01 0.000000000000000000e+00 4.134153278074459426e-01 4.564448735632184451e-01 4.307157495687441995e-01 0.000000000000000000e+00 4.348265515947857263e-01 0.000000000000000000e+00 4.367400063620237027e-01 0.000000000000000000e+00 4.196334971432497674e-01 0.000000000000000000e+00 4.373580901639343987e-01 4.846804652711293460e-01 3.582402788782583225e-01 3.986599320388348744e-01 3.823611324751074458e-01 0.000000000000000000e+00 3.723714828092120066e-01 0.000000000000000000e+00 4.041760503126050619e-01 0.000000000000000000e+00 4.071603418018787113e-01 0.000000000000000000e+00 4.196045980574179546e-01 4.594780312500000297e-01 0.000000000000000000e+00 0.000000000000000000e+00 4.486268280888758286e-01 0.000000000000000000e+00 0.000000000000000000e+00 0.000000000000000000e+00 4.486876472602606691e-01 0.000000000000000000e+00 0.000000000000000000e+00 0.000000000000000000e+00 0.000000000000000000e+00 0.000000000000000000e+00 4.072561111111111520e-01 0.000000000000000000e+00 0.000000000000000000e+00 0.000000000000000000e+00 0.000000000000000000e+00 0.000000000000000000e+00 0.000000000000000000e+00 0.000000000000000000e+00 0.000000000000000000e+00 0.000000000000000000e+00 4.448352418608952918e-01 0.000000000000000000e+00 0.000000000000000000e+00 4.116773956043957017e-01 0.000000000000000000e+00 0.000000000000000000e+00 4.352610733944953791e-01 0.000000000000000000e+00 0.000000000000000000e+00 3.861820917431192934e-01 0.000000000000000000e+00
3.720350004674299327e-01 4.883186641221374247e-01 3.576667478920454446e-01 4.542150721389990320e-01 3.184857433193396536e-01 0.000000000000000000e+00 3.177412021875809511e-01 4.573183389067336235e-01 2.655583503749570085e-01 4.711233409090908597e-01 2.928069870945996800e-01 4.572730744680850723e-01 2.629862047777964396e-01 4.510545998396593426e-01 3.073664529737110684e-01 0.000000000000000000e+00 3.701494509325048421e-01 0.000000000000000000e+00 3.925409492969347269e-01 4.596116878620419843e-01 0.000000000000000000e+00 0.000000000000000000e+00 3.743812396065992476e-01 4.460339285110599405e-01 3.416158267798276027e-01 0.000000000000000000e+00 3.766655753710576038e-01 0.000000000000000000e+00 3.177420007207426567e-01 0.000000000000000000e+00 4.037356837638124696e-01 4.643340420716113859e-01 3.885226813551748704e-01 4.729358394717784742e-01 0.000000000000000000e+00 0.000000000000000000e+00 4.392351564671567177e-01 0.000000000000000000e+00 0.000000000000000000e+00 0.000000000000000000e+00 4.129337439024389766e-01 0.000000000000000000e+00 0.000000000000000000e+00 0.000000000000000000e+00 0.000000000000000000e+00 0.000000000000000000e+00 4.383810090090090594e-01 0.000000000000000000e+00 0.000000000000000000e+00 0.000000000000000000e+00 4.150039455170352887e-01 0.000000000000000000e+00 0.000000000000000000e+00 0.000000000000000000e+00 0.000000000000000000e+00 0.000000000000000000e+00 4.188846014716562927e-01 0.000000000000000000e+00 4.269285485613910081e-01 0.000000000000000000e+00 4.381034854419600943e-01 0.000000000000000000e+00 4.300868751441088156e-01 0.000000000000000000e+00 4.257861429208519288e-01 0.000000000000000000e+00 4.285730422260679018e-01 0.000000000000000000e+00 4.029689590999326332e-01 4.272704285714285510e-01 3.473867149594828119e-01 4.886263647350741479e-01 3.898995685322647065e-01 4.619064367816090311e-01 3.607373888888888991e-01 0.000000000000000000e+00 4.096744209336375953e-01 4.456195606060606162e-01 0.000000000000000000e+00 0.000000000000000000e+00 3.952286452593237187e-01 0.000000000000000000e+00 2.900196877529651052e-01 0.000000000000000000e+00 4.226314762852515505e-01 0.000000000000000000e+00 3.873859750000000490e-01 0.000000000000000000e+00 4.060706800387774429e-01 0.000000000000000000e+00 0.000000000000000000e+00 0.000000000000000000e+00 4.333185825608754094e-01 0.000000000000000000e+00 4.525071888774498952e-01 0.000000000000000000e+00 0.000000000000000000e+00 0.000000000000000000e+00 0.000000000000000000e+00 0.000000000000000000e+00 4.692786234030197345e-01 0.000000000000000000e+00 4.360760201857675766e-01 0.000000000000000000e+00 4.113460260400964574e-01 3.995578347107438533e-01 0.000000000000000000e+00 0.000000000000000000e+00 0.000000000000000000e+00 0.000000000000000000e+00 0.000000000000000000e+00 0.000000000000000000e+00 0.000000000000000000e+00 0.000000000000000000e+00 0.000000000000000000e+00 0.000000000000000000e+00
