2.895788644072055940e-01 4.416011605747239832e-01 3.587507977995738062e-01 4.662999174830509963e-01 0.000000000000000000e+00 0.000000000000000000e+00 2.936508147790029555e-01 4.469070870078512003e-01 3.745889246213567336e-01 0.000000000000000000e+00 3.071178261827618994e-01 4.615851728395061748e-01 3.564606531532836242e-01 0.000000000000000000e+00 3.830538983382209550e-01 0.000000000000000000e+00 2.769980135411568845e-01 4.561998816902005927e-01 3.821812994284868870e-01 4.607172205095521611e-01 0.000000000000000000e+00 0.000000000000000000e+00 3.946987036242601277e-01 4.702349998245614060e-01 0.000000000000000000e+00 0.000000000000000000e+00 0.000000000000000000e+00 0.000000000000000000e+00 3.781504721694133875e-01 4.640071750757711055e-01 3.931543526316192416e-01 4.573826382978723459e-01 3.747156842384138931e-01 4.488477028287766180e-01 4.429392727272728481e-01 0.000000000000000000e+00 4.823046312404013491e-01 4.618987272727272941e-01 0.000000000000000000e+00 5.027125346534653261e-01 4.230215985401459822e-01 0.000000000000000000e+00 3.895463242337164900e-01 0.000000000000000000e+00 3.919970465903759860e-01 4.085908120567375845e-01 0.000000000000000000e+00 0.000000000000000000e+00 4.086071558136615267e-01 0.000000000000000000e+00 4.072313772025402678e-01 4.403394377032520679e-01 0.000000000000000000e+00 0.000000000000000000e+00 4.230010365989919086e-01 0.000000000000000000e+00 3.278974200551655893e-01 4.458751974170895305e-01 3.967881473209647347e-01 4.314008058111054034e-01 4.047179707036433483e-01 0.000000000000000000e+00 3.662585493456725350e-01 4.187747203389830530e-01 4.121956562526187251e-01 0.000000000000000000e+00 4.004184867073351528e-01 4.456875492537837324e-01 3.503551381265177511e-01 4.630902805189626714e-01 3.567987101514325521e-01 4.410744903994903710e-01 3.906384203065286220e-01 4.600375259415701579e-01 4.237645333333333042e-01 4.561817764705882183e-01 3.909815130782929304e-01 4.443996516525670071e-01 3.593602533333332683e-01 0.000000000000000000e+00 4.089917879058572181e-01 0.000000000000000000e+00 0.000000000000000000e+00 0.000000000000000000e+00 4.261809828131462585e-01 0.000000000000000000e+00 0.000000000000000000e+00 0.000000000000000000e+00 4.206327491322684464e-01 0.000000000000000000e+00 4.404959574551132739e-01 4.591807007186290424e-01 0.000000000000000000e+00 0.000000000000000000e+00 4.222723820435514974e-01 0.000000000000000000e+00 4.875938297905519914e-01 0.000000000000000000e+00 0.000000000000000000e+00 0.000000000000000000e+00 0.000000000000000000e+00 0.000000000000000000e+00 4.286251392978213115e-01 0.000000000000000000e+00 4.482274907371729400e-01 4.528393193277311379e-01 0.000000000000000000e+00 0.000000000000000000e+00 0.000000000000000000e+00 0.000000000000000000e+00 0.000000000000000000e+00 4.116525999999999796e-01 0.000000000000000000e+00 0.000000000000000000e+00 0.000000000000000000e+00 0.000000000000000000e+00
4.416011605747239832e-01 3.010512545110616833e-01 4.497545749707245744e-01 3.200460458538979536e-01 0.000000000000000000e+00 0.000000000000000000e+00 4.429132656812070912e-01 2.851432969269375728e-01 0.000000000000000000e+00 3.277795373028455361e-01 4.501617444079420438e-01 2.890377702132719828e-01 4.621733567645883722e-01 3.371281113233171589e-01 0.000000000000000000e+00 3.592811723444759298e-01 4.442957445312828435e-01 3.726550665438935206e-01 4.663212668343154066e-01 3.452410710473418631e-01 0.000000000000000000e+00 0.000000000000000000e+00 4.297041445571445628e-01 3.828546881062463436e-01 0.000000000000000000e+00 3.606429090909090696e-01 0.000000000000000000e+00 3.254924021739130646e-01 4.781277848306931810e-01 3.935766098447208705e-01 4.358583437207332323e-01 4.173672767577636389e-01 4.585266475528137486e-01 4.015544768721027724e-01 4.391736718750000046e-01 0.000000000000000000e+00 4.986763025519095893e-01 4.819003324503780550e-01 0.000000000000000000e+00 4.976684453837965094e-01 0.000000000000000000e+00 0.000000000000000000e+00 0.000000000000000000e+00 3.790358607194060370e-01 0.000000000000000000e+00 4.076650751725506283e-01 0.000000000000000000e+00 3.778035511060757190e-01 0.000000000000000000e+00 4.118943392657908875e-01 0.000000000000000000e+00 3.994360624082307076e-01 0.000000000000000000e+00 3.894137193300598043e-01 0.000000000000000000e+00 4.528892709863845401e-01 4.451695466285729430e-01 3.294223993322610289e-01 4.646390814814814751e-01 4.017004735529498549e-01 0.000000000000000000e+00 3.983888081372897183e-01 0.000000000000000000e+00 3.961991786447011665e-01 0.000000000000000000e+00 4.119661539670401162e-01 4.498430324808317393e-01 4.136277485766601814e-01 4.613163237703935549e-01 3.411465610124339021e-01 4.541144414254646988e-01 3.773587789718267360e-01 4.458474413899272681e-01 4.055625731047105553e-01 0.000000000000000000e+00 3.644092221053500391e-01 4.472576544488537920e-01 3.933901193692074805e-01 0.000000000000000000e+00 3.968801544242768209e-01 0.000000000000000000e+00 4.246806251468221993e-01 0.000000000000000000e+00 0.000000000000000000e+00 0.000000000000000000e+00 4.432754153425878529e-01 0.000000000000000000e+00 0.000000000000000000e+00 0.000000000000000000e+00 4.460948649208784089e-01 4.395632000662836880e-01 4.389171953918822311e-01 0.000000000000000000e+00 0.000000000000000000e+00 4.390512373351612152e-01 4.267377243763679773e-01 4.456245978260868212e-01 4.464035258620690505e-01 4.252516019342237885e-01 4.287221591578946889e-01 4.408185789473684224e-01 0.000000000000000000e+00 4.356359631901839946e-01 4.354692625338578704e-01 4.706127366737740680e-01 0.000000000000000000e+00 0.000000000000000000e+00 0.000000000000000000e+00 0.000000000000000000e+00 0.000000000000000000e+00 0.000000000000000000e+00 0.000000000000000000e+00 0.000000000000000000e+00 0.000000000000000000e+00 0.000000000000000000e+00 0.000000000000000000e+00
3.587507977995738062e-01 4.497545749707245744e-01 2.564981474365909953e-01 4.290064926646003363e-01 2.007449018352422121e-01 4.249072488977071460e-01 2.884402013114671370e-01 4.137524101693720313e-01 2.842502381131518652e-01 3.766844035493827070e-01 3.765072019086921906e-01 4.159779825595781300e-01 3.416134572129413960e-01 4.028869603858811210e-01 3.161944633092002022e-01 4.108514486258171283e-01 3.823815578164884710e-01 4.600948872552618196e-01 2.928167619597569216e-01 4.564967837810654516e-01 0.000000000000000000e+00 0.000000000000000000e+00 2.184601735662077826e-01 4.132433196808047993e-01 2.161642834519229006e-01 3.850951111111111103e-01 2.775786685863295689e-01 0.000000000000000000e+00 3.503307446161561534e-01 4.279817054791055786e-01 3.415156876509816142e-01 4.057116950199554095e-01 3.923738565921684462e-01 4.453672179508622042e-01 4.536336894620341398e-01 0.000000000000000000e+00 4.611390857360264661e-01 0.000000000000000000e+00 0.000000000000000000e+00 0.000000000000000000e+00 4.345586947248142318e-01 0.000000000000000000e+00 3.696779608790608518e-01 0.000000000000000000e+00 3.938199194987292984e-01 0.000000000000000000e+00 4.408199189814814845e-01 0.000000000000000000e+00 3.889337733275767262e-01 0.000000000000000000e+00 3.735768334918824762e-01 0.000000000000000000e+00 0.000000000000000000e+00 0.000000000000000000e+00 3.839383657305835973e-01 0.000000000000000000e+00 3.902148325614941959e-01 4.452837493685038450e-01 4.078920557803144553e-01 0.000000000000000000e+00 3.775931490172093064e-01 0.000000000000000000e+00 3.804877721071466823e-01 4.421890714285713897e-01 3.706847622192638858e-01 0.000000000000000000e+00 4.235805673375161451e-01 4.866380693069306540e-01 3.154677534722092336e-01 4.578503146809330682e-01 3.637865789400782091e-01 4.507352313344794026e-01 3.779070861456393926e-01 4.510628141413239867e-01 3.668059047597986289e-01 0.000000000000000000e+00 3.986477739022482036e-01 4.419963035609649760e-01 0.000000000000000000e+00 0.000000000000000000e+00 3.788588369777143861e-01 0.000000000000000000e+00 0.000000000000000000e+00 0.000000000000000000e+00 3.908993769518606110e-01 4.238111999999999435e-01 0.000000000000000000e+00 0.000000000000000000e+00 3.791416005403648315e-01 0.000000000000000000e+00 4.213221557377049842e-01 4.519594239999999985e-01 4.084993148148148290e-01 0.000000000000000000e+00 4.317182325682365485e-01 0.000000000000000000e+00 0.000000000000000000e+00 4.715764505494504655e-01 0.000000000000000000e+00 0.000000000000000000e+00 0.000000000000000000e+00 0.000000000000000000e+00 4.359590387596899430e-01 4.384430845070422800e-01 4.125248598382749154e-01 0.000000000000000000e+00 0.000000000000000000e+00 0.000000000000000000e+00 0.000000000000000000e+00 0.000000000000000000e+00 0.000000000000000000e+00 0.000000000000000000e+00 0.000000000000000000e+00 4.434578230088495054e-01 0.000000000000000000e+00 0.000000000000000000e+00
4.662999174830509963e-01 3.200460458538979536e-01 4.290064926646003363e-01 2.419484043589322508e-01 4.130120380443085826e-01 1.958074107752734716e-01 4.382735445933018670e-01 2.804066858907168780e-01 4.216972839506172854e-01 1.589490705290918515e-01 4.292632391015472337e-01 3.798334102470866669e-01 4.140346759210338790e-01 3.511255754410482766e-01 4.126009492957746216e-01 3.147605333838937036e-01 4.574979947471696784e-01 4.124622001021907014e-01 4.669820384943520475e-01 2.979648912344936562e-01 0.000000000000000000e+00 0.000000000000000000e+00 4.238613525653008307e-01 2.140020855448955817e-01 4.418864303797467308e-01 2.008972249663830145e-01 0.000000000000000000e+00 2.473686916876506048e-01 4.365695640174873660e-01 3.788351348629008242e-01 4.094997282880286638e-01 3.312388831368825448e-01 4.579810782121471746e-01 3.723961485124936410e-01 0.000000000000000000e+00 4.353618235294116068e-01 5.151631705473855849e-01 4.308252542660958584e-01 0.000000000000000000e+00 4.990315295646701732e-01 0.000000000000000000e+00 0.000000000000000000e+00 0.000000000000000000e+00 4.542304436090225939e-01 0.000000000000000000e+00 4.126891312268532452e-01 0.000000000000000000e+00 0.000000000000000000e+00 0.000000000000000000e+00 4.165706706044228769e-01 0.000000000000000000e+00 3.883060097155092150e-01 0.000000000000000000e+00 0.000000000000000000e+00 0.000000000000000000e+00 4.491943783783783339e-01 4.598337524752476035e-01 4.068939799848192429e-01 0.000000000000000000e+00 4.341705273513026819e-01 0.000000000000000000e+00 0.000000000000000000e+00 0.000000000000000000e+00 3.942185004927558634e-01 0.000000000000000000e+00 3.826765371825541218e-01 4.523873471074379982e-01 4.218661864422532659e-01 4.674286893617021765e-01 3.845838505742255053e-01 4.701768436414159869e-01 3.662634647541740396e-01 4.348716360850357066e-01 3.975772735967499361e-01 0.000000000000000000e+00 3.859726781828779485e-01 4.541989549832620154e-01 4.159463176021611641e-01 0.000000000000000000e+00 0.000000000000000000e+00 0.000000000000000000e+00 3.987924402859514550e-01 0.000000000000000000e+00 0.000000000000000000e+00 0.000000000000000000e+00 4.179454107605064528e-01 0.000000000000000000e+00 0.000000000000000000e+00 0.000000000000000000e+00 4.103892195425307143e-01 4.810987151515150329e-01 0.000000000000000000e+00 0.000000000000000000e+00 0.000000000000000000e+00 0.000000000000000000e+00 4.124867575772590556e-01 4.561465051546392258e-01 4.266438639999999283e-01 4.402812283464566656e-01 0.000000000000000000e+00 0.000000000000000000e+00 0.000000000000000000e+00 0.000000000000000000e+00 4.656852713178294412e-01 0.000000000000000000e+00 0.000000000000000000e+00 0.000000000000000000e+00 4.341482499999999578e-01 0.000000000000000000e+00 0.000000000000000000e+00 0.000000000000000000e+00 0.000000000000000000e+00 0.000000000000000000e+00 0.000000000000000000e+00 3.789290416666666883e-01 0.000000000000000000e+00
0.000000000000000000e+00 0.000000000000000000e+00 2.007449018352422121e-01 4.130120380443085826e-01 1.821408693683756463e-01 4.120734615648911636e-01 3.063058819079623740e-01 3.948129692272513980e-01 2.010829484970220737e-01 3.839027423538324824e-01 3.482838154761904725e-01 0.000000000000000000e+00 3.141375949481243213e-01 0.000000000000000000e+00 2.617825293070474291e-01 4.029204491478322603e-01 3.823269325842696409e-01 0.000000000000000000e+00 3.724325517848345313e-01 0.000000000000000000e+00 2.364904394544051769e-01 0.000000000000000000e+00 1.643864679646206417e-01 4.029513543191592384e-01 1.380365736032414248e-01 4.243934811711394528e-01 2.623210891506989606e-01 4.131121513970110737e-01 3.239537472482301173e-01 0.000000000000000000e+00 3.394636505080950717e-01 3.830508809878835907e-01 3.477065906928475947e-01 0.000000000000000000e+00 4.150042521008404095e-01 0.000000000000000000e+00 0.000000000000000000e+00 0.000000000000000000e+00 0.000000000000000000e+00 0.000000000000000000e+00 0.000000000000000000e+00 0.000000000000000000e+00 0.000000000000000000e+00 0.000000000000000000e+00 3.601883803680981377e-01 0.000000000000000000e+00 4.365689778796957854e-01 0.000000000000000000e+00 4.713634374999999821e-01 0.000000000000000000e+00 4.373827764988615918e-01 0.000000000000000000e+00 0.000000000000000000e+00 0.000000000000000000e+00 4.093538257890499410e-01 0.000000000000000000e+00 3.622714048548266175e-01 0.000000000000000000e+00 3.662461399999999978e-01 0.000000000000000000e+00 3.964429739787724283e-01 0.000000000000000000e+00 4.046441203703703970e-01 0.000000000000000000e+00 0.000000000000000000e+00 0.000000000000000000e+00 3.726832068082368554e-01 0.000000000000000000e+00 3.965274000000000298e-01 0.000000000000000000e+00 3.034660263888311893e-01 0.000000000000000000e+00 3.178428787046205239e-01 0.000000000000000000e+00 3.222145588427025031e-01 0.000000000000000000e+00 3.549398408441937214e-01 0.000000000000000000e+00 4.157352584269662366e-01 0.000000000000000000e+00 3.859497026995923896e-01 0.000000000000000000e+00 4.000992001394520492e-01 0.000000000000000000e+00 3.882506149037252552e-01 0.000000000000000000e+00 4.033204574009465193e-01 0.000000000000000000e+00 4.090931009679754649e-01 0.000000000000000000e+00 3.764971406250000596e-01 0.000000000000000000e+00 0.000000000000000000e+00 0.000000000000000000e+00 0.000000000000000000e+00 0.000000000000000000e+00 0.000000000000000000e+00 0.000000000000000000e+00 0.000000000000000000e+00 0.000000000000000000e+00 0.000000000000000000e+00 0.000000000000000000e+00 0.000000000000000000e+00 0.000000000000000000e+00 0.000000000000000000e+00 0.000000000000000000e+00 0.000000000000000000e+00 0.000000000000000000e+00 0.000000000000000000e+00 0.000000000000000000e+00 0.000000000000000000e+00 0.000000000000000000e+00 0.000000000000000000e+00 0.000000000000000000e+00 0.000000000000000000e+00 0.000000000000000000e+00
0.000000000000000000e+00 0.000000000000000000e+00 4.249072488977071460e-01 1.958074107752734716e-01 4.120734615648911636e-01 1.909746664401479332e-01 0.000000000000000000e+00 2.058826014949793615e-01 4.107926753475446002e-01 1.703942357314029155e-01 0.000000000000000000e+00 3.070377438697318162e-01 3.633201875000000025e-01 3.087486793353385606e-01 4.397947716135084395e-01 2.670837326135551137e-01 0.000000000000000000e+00 0.000000000000000000e+00 0.000000000000000000e+00 3.488592629960624025e-01 0.000000000000000000e+00 0.000000000000000000e+00 3.950762285133765928e-01 2.066536113681559372e-01 4.352083202067279499e-01 1.636675482316408969e-01 4.546092599206712492e-01 2.298973263517288257e-01 0.000000000000000000e+00 3.232312705300464106e-01 4.158706555367118751e-01 2.948698876341455666e-01 0.000000000000000000e+00 4.144899958133149709e-01 0.000000000000000000e+00 0.000000000000000000e+00 0.000000000000000000e+00 4.470820156249999955e-01 0.000000000000000000e+00 0.000000000000000000e+00 0.000000000000000000e+00 0.000000000000000000e+00 0.000000000000000000e+00 4.616024375225712961e-01 0.000000000000000000e+00 0.000000000000000000e+00 0.000000000000000000e+00 0.000000000000000000e+00 0.000000000000000000e+00 0.000000000000000000e+00 0.000000000000000000e+00 4.569508956473213868e-01 0.000000000000000000e+00 0.000000000000000000e+00 0.000000000000000000e+00 4.518952150537634549e-01 0.000000000000000000e+00 0.000000000000000000e+00 0.000000000000000000e+00 0.000000000000000000e+00 0.000000000000000000e+00 0.000000000000000000e+00 0.000000000000000000e+00 0.000000000000000000e+00 0.000000000000000000e+00 0.000000000000000000e+00 0.000000000000000000e+00 4.982289657409703643e-01 0.000000000000000000e+00 0.000000000000000000e+00 0.000000000000000000e+00 3.090989253509981993e-01 4.281065344827586494e-01 3.429993683200619481e-01 0.000000000000000000e+00 3.206278113073036673e-01 0.000000000000000000e+00 3.793340057180422109e-01 0.000000000000000000e+00 0.000000000000000000e+00 0.000000000000000000e+00 4.337481547619048139e-01 0.000000000000000000e+00 0.000000000000000000e+00 0.000000000000000000e+00 4.140261425462456457e-01 0.000000000000000000e+00 4.127932812499999771e-01 0.000000000000000000e+00 3.980964036388140448e-01 0.000000000000000000e+00 0.000000000000000000e+00 0.000000000000000000e+00 0.000000000000000000e+00 0.000000000000000000e+00 0.000000000000000000e+00 0.000000000000000000e+00 0.000000000000000000e+00 0.000000000000000000e+00 0.000000000000000000e+00 0.000000000000000000e+00 0.000000000000000000e+00 0.000000000000000000e+00 0.000000000000000000e+00 0.000000000000000000e+00 0.000000000000000000e+00 0.000000000000000000e+00 0.000000000000000000e+00 0.000000000000000000e+00 0.000000000000000000e+00 0.000000000000000000e+00 0.000000000000000000e+00 0.000000000000000000e+00 0.000000000000000000e+00 0.000000000000000000e+00 0.000000000000000000e+00
2.936508147790029555e-01 4.429132656812070912e-01 2.884402013114671370e-01 4.382735445933018670e-01 3.063058819079623740e-01 0.000000000000000000e+00 2.703129564904886983e-01 4.141887733188894249e-01 2.479564198486549076e-01 4.016778627374140154e-01 3.478259822434996984e-01 4.146712932947378416e-01 2.989868992961561278e-01 3.920502240213200040e-01 3.463074407045810266e-01 3.878335663010230028e-01 3.830296667885693118e-01 4.616606212894483474e-01 3.783666348387613731e-01 4.616909965435606611e-01 0.000000000000000000e+00 0.000000000000000000e+00 3.489490549544246312e-01 4.087470993421624677e-01 0.000000000000000000e+00 3.996087763157894490e-01 0.000000000000000000e+00 0.000000000000000000e+00 3.563115237162777782e-01 4.187422861148740183e-01 3.295347440746242973e-01 4.117269283412881009e-01 3.728889740346847392e-01 4.421581496007618850e-01 4.507202564102564257e-01 0.000000000000000000e+00 4.557546434532204760e-01 4.305322141553318271e-01 0.000000000000000000e+00 0.000000000000000000e+00 0.000000000000000000e+00 0.000000000000000000e+00 0.000000000000000000e+00 0.000000000000000000e+00 3.684154325398473762e-01 0.000000000000000000e+00 4.465973909090909522e-01 4.454386111111110491e-01 3.803986886668371814e-01 0.000000000000000000e+00 3.639375605535135061e-01 3.993336524822694855e-01 0.000000000000000000e+00 0.000000000000000000e+00 3.974937043631256994e-01 0.000000000000000000e+00 3.813832318975246549e-01 0.000000000000000000e+00 3.863507367153943828e-01 0.000000000000000000e+00 3.969142359310435797e-01 0.000000000000000000e+00 3.757183143598178954e-01 0.000000000000000000e+00 3.837686495066402470e-01 4.190479855072464233e-01 4.096937056307633496e-01 4.303201868019971288e-01 4.077654687936337896e-01 0.000000000000000000e+00 3.469968913825560719e-01 4.219531767531295996e-01 3.763953504518047777e-01 4.359998590865809542e-01 0.000000000000000000e+00 0.000000000000000000e+00 3.963769747749451566e-01 4.287387046181900252e-01 3.910413035312241270e-01 0.000000000000000000e+00 3.781053313183300735e-01 0.000000000000000000e+00 0.000000000000000000e+00 0.000000000000000000e+00 3.966207724923649369e-01 0.000000000000000000e+00 0.000000000000000000e+00 0.000000000000000000e+00 3.878365590870302970e-01 0.000000000000000000e+00 4.074991191567119420e-01 0.000000000000000000e+00 0.000000000000000000e+00 0.000000000000000000e+00 4.186039739583332642e-01 4.439857637795275869e-01 0.000000000000000000e+00 0.000000000000000000e+00 0.000000000000000000e+00 0.000000000000000000e+00 0.000000000000000000e+00 0.000000000000000000e+00 3.927685327868852827e-01 0.000000000000000000e+00 4.703481515151515802e-01 0.000000000000000000e+00 0.000000000000000000e+00 4.317714642857143348e-01 0.000000000000000000e+00 0.000000000000000000e+00 0.000000000000000000e+00 0.000000000000000000e+00 0.000000000000000000e+00 0.000000000000000000e+00 0.000000000000000000e+00 0.000000000000000000e+00
4.469070870078512003e-01 2.851432969269375728e-01 4.137524101693720313e-01 2.804066858907168780e-01 3.948129692272513980e-01 2.058826014949793615e-01 4.141887733188894249e-01 2.619945592900709275e-01 3.931918075893788833e-01 2.621037110330732833e-01 4.174648037417892366e-01 3.296707493144293011e-01 4.043488083318684811e-01 2.933383636444404363e-01 4.081954495238095948e-01 2.984507479424146625e-01 4.532830082875298205e-01 3.822561247705313359e-01 4.454870973372355158e-01 3.982115028752957198e-01 0.000000000000000000e+00 0.000000000000000000e+00 4.110483442516607577e-01 3.453441358401084793e-01 0.000000000000000000e+00 2.817926596193452982e-01 0.000000000000000000e+00 0.000000000000000000e+00 4.154278519015036086e-01 3.649791683433024070e-01 3.925884779520735224e-01 3.352623253928186942e-01 4.391236507753309426e-01 3.568542668619959501e-01 0.000000000000000000e+00 3.730064111111111025e-01 4.625857637795275368e-01 4.245283109494603080e-01 0.000000000000000000e+00 4.095905132743362653e-01 0.000000000000000000e+00 0.000000000000000000e+00 0.000000000000000000e+00 3.715617627772003218e-01 0.000000000000000000e+00 3.748563632256386446e-01 0.000000000000000000e+00 3.753482213740457207e-01 0.000000000000000000e+00 3.742106163876746661e-01 4.081110780141843919e-01 3.778971875835154814e-01 0.000000000000000000e+00 3.768637099271529012e-01 0.000000000000000000e+00 3.811086169892920483e-01 0.000000000000000000e+00 3.772199321516652715e-01 0.000000000000000000e+00 3.852608795431483046e-01 0.000000000000000000e+00 3.761946929075646318e-01 0.000000000000000000e+00 3.795969398498375558e-01 4.215888613138685792e-01 3.811905880376704192e-01 4.472490510948905484e-01 3.865158577496097259e-01 0.000000000000000000e+00 3.879866405992750678e-01 4.199237680108476312e-01 3.253802709247755054e-01 4.307171562341739479e-01 3.753172928311923062e-01 0.000000000000000000e+00 3.943121430980911502e-01 4.356030762838552506e-01 3.919902790610528820e-01 0.000000000000000000e+00 4.185258300000000431e-01 3.952680542635659267e-01 3.968113093915211498e-01 0.000000000000000000e+00 0.000000000000000000e+00 0.000000000000000000e+00 4.118918183124774535e-01 0.000000000000000000e+00 0.000000000000000000e+00 0.000000000000000000e+00 4.142119753457968456e-01 0.000000000000000000e+00 4.148229910941476084e-01 0.000000000000000000e+00 0.000000000000000000e+00 0.000000000000000000e+00 0.000000000000000000e+00 4.000823195876289096e-01 0.000000000000000000e+00 0.000000000000000000e+00 0.000000000000000000e+00 0.000000000000000000e+00 0.000000000000000000e+00 4.101130708661416269e-01 4.107785911833090053e-01 0.000000000000000000e+00 0.000000000000000000e+00 0.000000000000000000e+00 0.000000000000000000e+00 0.000000000000000000e+00 0.000000000000000000e+00 0.000000000000000000e+00 0.000000000000000000e+00 0.000000000000000000e+00 0.000000000000000000e+00 0.000000000000000000e+00 0.000000000000000000e+00
3.745889246213567336e-01 0.000000000000000000e+00 2.842502381131518652e-01 4.216972839506172854e-01 2.010829484970220737e-01 4.107926753475446002e-01 2.479564198486549076e-01 3.931918075893788833e-01 1.845092826924085716e-01 4.186785384261761944e-01 3.594308179856084973e-01 0.000000000000000000e+00 2.901895313589025194e-01 4.156595174349881905e-01 2.516255352912706855e-01 4.250867716654562756e-01 3.753898841626228666e-01 0.000000000000000000e+00 3.943629470045323382e-01 0.000000000000000000e+00 0.000000000000000000e+00 0.000000000000000000e+00 3.178820024466421645e-01 4.271086175765825832e-01 2.347666783913347766e-01 4.052945874412872684e-01 2.275030413350211111e-01 0.000000000000000000e+00 3.454598141769524844e-01 0.000000000000000000e+00 3.472168799755797064e-01 4.187359706612697741e-01 3.620019008215962231e-01 0.000000000000000000e+00 0.000000000000000000e+00 0.000000000000000000e+00 0.000000000000000000e+00 0.000000000000000000e+00 0.000000000000000000e+00 0.000000000000000000e+00 0.000000000000000000e+00 0.000000000000000000e+00 0.000000000000000000e+00 0.000000000000000000e+00 0.000000000000000000e+00 0.000000000000000000e+00 0.000000000000000000e+00 0.000000000000000000e+00 4.043841151079136664e-01 0.000000000000000000e+00 4.282939082848802315e-01 0.000000000000000000e+00 4.321744265734265289e-01 0.000000000000000000e+00 4.531991442307692353e-01 0.000000000000000000e+00 4.041157399516206450e-01 0.000000000000000000e+00 4.074151014285714023e-01 0.000000000000000000e+00 4.257974112118392829e-01 0.000000000000000000e+00 3.959937556740497633e-01 0.000000000000000000e+00 4.262590479982466540e-01 0.000000000000000000e+00 4.505238974721780254e-01 0.000000000000000000e+00 4.111332020202019821e-01 0.000000000000000000e+00 3.366351151666634456e-01 0.000000000000000000e+00 3.498309830201871695e-01 4.190822784810125934e-01 3.142687654166666511e-01 0.000000000000000000e+00 3.660123496802561438e-01 0.000000000000000000e+00 0.000000000000000000e+00 0.000000000000000000e+00 3.958802091251885646e-01 0.000000000000000000e+00 4.077557407407406687e-01 0.000000000000000000e+00 4.162626045898151772e-01 0.000000000000000000e+00 4.049373134328358437e-01 0.000000000000000000e+00 0.000000000000000000e+00 0.000000000000000000e+00 0.000000000000000000e+00 0.000000000000000000e+00 0.000000000000000000e+00 0.000000000000000000e+00 0.000000000000000000e+00 0.000000000000000000e+00 0.000000000000000000e+00 0.000000000000000000e+00 0.000000000000000000e+00 0.000000000000000000e+00 0.000000000000000000e+00 0.000000000000000000e+00 0.000000000000000000e+00 0.000000000000000000e+00 0.000000000000000000e+00 0.000000000000000000e+00 0.000000000000000000e+00 0.000000000000000000e+00 0.000000000000000000e+00 0.000000000000000000e+00 0.000000000000000000e+00 0.000000000000000000e+00 0.000000000000000000e+00 0.000000000000000000e+00 0.000000000000000000e+00 0.000000000000000000e+00
0.000000000000000000e+00 3.277795373028455361e-01 3.766844035493827070e-01 1.589490705290918515e-01 3.839027423538324824e-01 1.703942357314029155e-01 4.016778627374140154e-01 2.621037110330732833e-01 4.186785384261761944e-01 1.828517683628196333e-01 0.000000000000000000e+00 3.396872468420341074e-01 3.977649876543210561e-01 3.205307936436420646e-01 0.000000000000000000e+00 2.461413972148512597e-01 0.000000000000000000e+00 3.783540919540229197e-01 0.000000000000000000e+00 3.926954646903820789e-01 0.000000000000000000e+00 0.000000000000000000e+00 3.828500464488244770e-01 1.765850544609132156e-01 4.086160066892980947e-01 1.664421674540470797e-01 4.312664744974369357e-01 1.998700846128151631e-01 3.987880476190476253e-01 3.249016023750760374e-01 3.951683679039317276e-01 2.574005233051277486e-01 0.000000000000000000e+00 3.788715887414983441e-01 0.000000000000000000e+00 0.000000000000000000e+00 0.000000000000000000e+00 0.000000000000000000e+00 0.000000000000000000e+00 0.000000000000000000e+00 0.000000000000000000e+00 0.000000000000000000e+00 0.000000000000000000e+00 4.514267733475563760e-01 0.000000000000000000e+00 0.000000000000000000e+00 0.000000000000000000e+00 0.000000000000000000e+00 0.000000000000000000e+00 0.000000000000000000e+00 0.000000000000000000e+00 3.493402348171152916e-01 0.000000000000000000e+00 0.000000000000000000e+00 0.000000000000000000e+00 0.000000000000000000e+00 0.000000000000000000e+00 0.000000000000000000e+00 0.000000000000000000e+00 0.000000000000000000e+00 0.000000000000000000e+00 0.000000000000000000e+00 0.000000000000000000e+00 0.000000000000000000e+00 0.000000000000000000e+00 0.000000000000000000e+00 0.000000000000000000e+00 3.638588046041549839e-01 0.000000000000000000e+00 0.000000000000000000e+00 0.000000000000000000e+00 3.297791892646232403e-01 4.302533547794117896e-01 3.372071395260553550e-01 0.000000000000000000e+00 3.168458743883454387e-01 0.000000000000000000e+00 3.440175241949831042e-01 0.000000000000000000e+00 0.000000000000000000e+00 0.000000000000000000e+00 0.000000000000000000e+00 0.000000000000000000e+00 0.000000000000000000e+00 0.000000000000000000e+00 4.044477968889887420e-01 0.000000000000000000e+00 0.000000000000000000e+00 0.000000000000000000e+00 0.000000000000000000e+00 0.000000000000000000e+00 0.000000000000000000e+00 0.000000000000000000e+00 0.000000000000000000e+00 0.000000000000000000e+00 0.000000000000000000e+00 0.000000000000000000e+00 0.000000000000000000e+00 0.000000000000000000e+00 0.000000000000000000e+00 0.000000000000000000e+00 0.000000000000000000e+00 0.000000000000000000e+00 0.000000000000000000e+00 0.000000000000000000e+00 0.000000000000000000e+00 0.000000000000000000e+00 0.000000000000000000e+00 0.000000000000000000e+00 0.000000000000000000e+00 0.000000000000000000e+00 0.000000000000000000e+00 0.000000000000000000e+00 0.000000000000000000e+00 0.000000000000000000e+00 0.000000000000000000e+00
3.071178261827618994e-01 4.501617444079420438e-01 3.765072019086921906e-01 4.292632391015472337e-01 3.482838154761904725e-01 0.000000000000000000e+00 3.478259822434996984e-01 4.174648037417892366e-01 3.594308179856084973e-01 0.000000000000000000e+00 2.773077865766814254e-01 4.256581079315203131e-01 3.145020733195490470e-01 4.042674857214080264e-01 3.591518736527516964e-01 4.121131634615384787e-01 2.922339199652244091e-01 0.000000000000000000e+00 4.000659358652574604e-01 4.680346757414945436e-01 0.000000000000000000e+00 0.000000000000000000e+00 3.723751380756759599e-01 3.964528414864809669e-01 3.467085082191780909e-01 0.000000000000000000e+00 0.000000000000000000e+00 0.000000000000000000e+00 3.072514439220792593e-01 3.996725940400771004e-01 3.646786743075624004e-01 4.174215941983132616e-01 3.840619702015423687e-01 4.450619004851028571e-01 4.175959649122807371e-01 0.000000000000000000e+00 5.120150631854436529e-01 4.403331617647058827e-01 0.000000000000000000e+00 0.000000000000000000e+00 0.000000000000000000e+00 0.000000000000000000e+00 0.000000000000000000e+00 0.000000000000000000e+00 3.563148165137615675e-01 0.000000000000000000e+00 0.000000000000000000e+00 0.000000000000000000e+00 4.144056407392568975e-01 0.000000000000000000e+00 4.073637320252716520e-01 0.000000000000000000e+00 0.000000000000000000e+00 4.474441744186047343e-01 4.498108167938931756e-01 0.000000000000000000e+00 3.990066827984731224e-01 0.000000000000000000e+00 4.146992429323455021e-01 0.000000000000000000e+00 4.256111871731625418e-01 0.000000000000000000e+00 4.307134893497954198e-01 0.000000000000000000e+00 4.297463332126675861e-01 0.000000000000000000e+00 4.198950842666590577e-01 4.346962142857143663e-01 3.864989983675165552e-01 0.000000000000000000e+00 3.964309968672530826e-01 4.283158235294117211e-01 3.955060465218639409e-01 4.326836716527113214e-01 3.438243870967742088e-01 0.000000000000000000e+00 4.196446719525482871e-01 4.139384992501764504e-01 0.000000000000000000e+00 0.000000000000000000e+00 4.056319884892090055e-01 0.000000000000000000e+00 0.000000000000000000e+00 0.000000000000000000e+00 4.217833306866765053e-01 0.000000000000000000e+00 0.000000000000000000e+00 0.000000000000000000e+00 4.367676682838188551e-01 0.000000000000000000e+00 0.000000000000000000e+00 0.000000000000000000e+00 0.000000000000000000e+00 0.000000000000000000e+00 0.000000000000000000e+00 0.000000000000000000e+00 0.000000000000000000e+00 0.000000000000000000e+00 0.000000000000000000e+00 0.000000000000000000e+00 0.000000000000000000e+00 0.000000000000000000e+00 0.000000000000000000e+00 0.000000000000000000e+00 0.000000000000000000e+00 0.000000000000000000e+00 0.000000000000000000e+00 0.000000000000000000e+00 0.000000000000000000e+00 0.000000000000000000e+00 0.000000000000000000e+00 0.000000000000000000e+00 0.000000000000000000e+00 0.000000000000000000e+00 0.000000000000000000e+00 0.000000000000000000e+00
4.615851728395061748e-01 2.890377702132719828e-01 4.159779825595781300e-01 3.798334102470866669e-01 0.000000000000000000e+00 3.070377438697318162e-01 4.146712932947378416e-01 3.296707493144293011e-01 0.000000000000000000e+00 3.396872468420341074e-01 4.256581079315203131e-01 2.600347743758722463e-01 4.048371329071209779e-01 3.031217807855848823e-01 0.000000000000000000e+00 3.479081298115820342e-01 0.000000000000000000e+00 3.172543034067052958e-01 4.373217969940563776e-01 4.003493715132969699e-01 0.000000000000000000e+00 0.000000000000000000e+00 4.176340884859612301e-01 3.702067750317818984e-01 0.000000000000000000e+00 0.000000000000000000e+00 0.000000000000000000e+00 0.000000000000000000e+00 4.475837747747747342e-01 3.339893289111136032e-01 3.864476854780914961e-01 3.627622075298077564e-01 4.312786057721623711e-01 3.651388348092469149e-01 0.000000000000000000e+00 0.000000000000000000e+00 4.750771347338935691e-01 4.129289983755375371e-01 0.000000000000000000e+00 0.000000000000000000e+00 0.000000000000000000e+00 0.000000000000000000e+00 0.000000000000000000e+00 0.000000000000000000e+00 0.000000000000000000e+00 3.707151152801357874e-01 0.000000000000000000e+00 0.000000000000000000e+00 0.000000000000000000e+00 3.724626566561299312e-01 0.000000000000000000e+00 4.118434993154765911e-01 0.000000000000000000e+00 0.000000000000000000e+00 0.000000000000000000e+00 0.000000000000000000e+00 0.000000000000000000e+00 3.721892804289413381e-01 4.594566013071896271e-01 4.180818502032141448e-01 0.000000000000000000e+00 4.273821708890397919e-01 0.000000000000000000e+00 4.131120391069199593e-01 0.000000000000000000e+00 4.315103295756487767e-01 4.459067692307691622e-01 4.004687514784054381e-01 0.000000000000000000e+00 4.368299287234041484e-01 4.885536805555555917e-01 3.393820411641275125e-01 4.065990795454545448e-01 3.909062542087798908e-01 0.000000000000000000e+00 3.914437420811445190e-01 4.430436112907978896e-01 4.047373711887512493e-01 0.000000000000000000e+00 4.032723764705882785e-01 0.000000000000000000e+00 4.322948549907380533e-01 0.000000000000000000e+00 0.000000000000000000e+00 0.000000000000000000e+00 4.541261123636939900e-01 0.000000000000000000e+00 0.000000000000000000e+00 0.000000000000000000e+00 4.524264301750556827e-01 0.000000000000000000e+00 0.000000000000000000e+00 0.000000000000000000e+00 0.000000000000000000e+00 0.000000000000000000e+00 4.018424943820224637e-01 0.000000000000000000e+00 0.000000000000000000e+00 0.000000000000000000e+00 0.000000000000000000e+00 0.000000000000000000e+00 0.000000000000000000e+00 4.246514159292035240e-01 0.000000000000000000e+00 0.000000000000000000e+00 0.000000000000000000e+00 0.000000000000000000e+00 0.000000000000000000e+00 0.000000000000000000e+00 0.000000000000000000e+00 0.000000000000000000e+00 0.000000000000000000e+00 0.000000000000000000e+00 0.000000000000000000e+00 0.000000000000000000e+00 0.000000000000000000e+00
3.564606531532836242e-01 4.621733567645883722e-01 3.416134572129413960e-01 4.140346759210338790e-01 3.141375949481243213e-01 3.633201875000000025e-01 2.989868992961561278e-01 4.043488083318684811e-01 2.901895313589025194e-01 3.977649876543210561e-01 3.145020733195490470e-01 4.048371329071209779e-01 2.514180152156082482e-01 3.929923805703620654e-01 2.469773515477028114e-01 3.990630708255159531e-01 3.760347321503614282e-01 4.246913452380953191e-01 4.031820977853002308e-01 4.638719318856253104e-01 0.000000000000000000e+00 0.000000000000000000e+00 3.578750066733505930e-01 4.176806227591247089e-01 3.140882027164685897e-01 0.000000000000000000e+00 3.518335873015873139e-01 0.000000000000000000e+00 3.175854280498131010e-01 4.019878345646709095e-01 3.429011060198573491e-01 3.887878086002526934e-01 3.975112725422683679e-01 4.384403260825163184e-01 4.389020265486725525e-01 0.000000000000000000e+00 0.000000000000000000e+00 0.000000000000000000e+00 0.000000000000000000e+00 0.000000000000000000e+00 0.000000000000000000e+00 0.000000000000000000e+00 4.484545447154472120e-01 0.000000000000000000e+00 3.929938847741935026e-01 0.000000000000000000e+00 0.000000000000000000e+00 0.000000000000000000e+00 3.923307768905734960e-01 0.000000000000000000e+00 4.345252122306006437e-01 0.000000000000000000e+00 0.000000000000000000e+00 0.000000000000000000e+00 4.006391920529801531e-01 0.000000000000000000e+00 4.058521029752210074e-01 4.846788682634731726e-01 4.274654867380203171e-01 0.000000000000000000e+00 4.293165003297580995e-01 0.000000000000000000e+00 4.373614150002234080e-01 0.000000000000000000e+00 4.166938777626006396e-01 0.000000000000000000e+00 4.255846185881349553e-01 4.355814821428571348e-01 4.193118406214689231e-01 0.000000000000000000e+00 3.685751490884223158e-01 4.208636101694915310e-01 3.958029664663464398e-01 4.294478121961293748e-01 3.791822636118598044e-01 0.000000000000000000e+00 3.981349851201428369e-01 4.123975456894906078e-01 0.000000000000000000e+00 0.000000000000000000e+00 3.959830744528121671e-01 0.000000000000000000e+00 0.000000000000000000e+00 0.000000000000000000e+00 4.140983899671456525e-01 0.000000000000000000e+00 3.947850571428571098e-01 0.000000000000000000e+00 4.197815996695420937e-01 0.000000000000000000e+00 4.303835634920635811e-01 0.000000000000000000e+00 0.000000000000000000e+00 0.000000000000000000e+00 0.000000000000000000e+00 4.228190227272726753e-01 0.000000000000000000e+00 0.000000000000000000e+00 0.000000000000000000e+00 0.000000000000000000e+00 0.000000000000000000e+00 0.000000000000000000e+00 4.079951627906976963e-01 0.000000000000000000e+00 0.000000000000000000e+00 0.000000000000000000e+00 0.000000000000000000e+00 0.000000000000000000e+00 0.000000000000000000e+00 0.000000000000000000e+00 0.000000000000000000e+00 0.000000000000000000e+00 0.000000000000000000e+00 0.000000000000000000e+00 0.000000000000000000e+00 0.000000000000000000e+00
