2.821784287119439294e-01 4.652462466152874621e-01 3.660833414642630790e-01 4.959046043140551419e-01 3.191686152924637088e-01 0.000000000000000000e+00 3.575194867398459042e-01 4.631618878745035195e-01 0.000000000000000000e+00 0.000000000000000000e+00 2.849444399013628115e-01 4.532130477134146407e-01 3.340243857694104035e-01 0.000000000000000000e+00 0.000000000000000000e+00 0.000000000000000000e+00 2.741441556616709407e-01 4.681675855274085585e-01 4.048647528573743326e-01 4.908913269223195153e-01 0.000000000000000000e+00 0.000000000000000000e+00 3.823236867132867034e-01 4.661016000000001158e-01 3.479867250000000523e-01 0.000000000000000000e+00 0.000000000000000000e+00 0.000000000000000000e+00 3.484507148264444631e-01 4.805794788732393741e-01 0.000000000000000000e+00 4.613240252100840322e-01 3.988741317362510252e-01 4.711601064098571157e-01 0.000000000000000000e+00 0.000000000000000000e+00 4.679996794921367220e-01 5.118316151085434695e-01 0.000000000000000000e+00 5.147418431372549064e-01 0.000000000000000000e+00 0.000000000000000000e+00 0.000000000000000000e+00 0.000000000000000000e+00 4.110249750336751329e-01 0.000000000000000000e+00 0.000000000000000000e+00 0.000000000000000000e+00 3.959156526613904492e-01 0.000000000000000000e+00 3.798756774212743159e-01 4.424580963855421212e-01 3.740361195652174287e-01 0.000000000000000000e+00 3.817750495453837711e-01 0.000000000000000000e+00 3.337815511422496662e-01 4.899359613259950397e-01 4.289828894783536684e-01 5.085154146341462900e-01 3.971785724149519137e-01 0.000000000000000000e+00 3.763390619398763737e-01 0.000000000000000000e+00 3.954457135677869606e-01 4.591059206018999750e-01 4.312384162685604649e-01 4.907492858070554020e-01 3.632288631013378954e-01 4.886318896409935775e-01 3.385229779521859994e-01 4.687427902910052957e-01 3.687089374831374888e-01 4.541773675358433127e-01 3.860405208964119983e-01 4.659266319047619120e-01 3.823951245301175916e-01 4.476790860436365982e-01 4.368408196721311199e-01 0.000000000000000000e+00 3.843954011114663061e-01 0.000000000000000000e+00 0.000000000000000000e+00 0.000000000000000000e+00 3.906035853101440525e-01 0.000000000000000000e+00 3.831727723577235123e-01 0.000000000000000000e+00 4.012366575794348300e-01 0.000000000000000000e+00 4.383088701146105048e-01 4.637654311377245042e-01 0.000000000000000000e+00 0.000000000000000000e+00 4.343912120485842743e-01 0.000000000000000000e+00 4.670249642857142724e-01 4.330286472766884387e-01 4.761278110200243274e-01 0.000000000000000000e+00 0.000000000000000000e+00 0.000000000000000000e+00 4.344528777923992169e-01 4.649118119295958529e-01 4.530867046650459695e-01 0.000000000000000000e+00 0.000000000000000000e+00 0.000000000000000000e+00 0.000000000000000000e+00 0.000000000000000000e+00 4.213408224299065030e-01 0.000000000000000000e+00 0.000000000000000000e+00 0.000000000000000000e+00 0.000000000000000000e+00 0.000000000000000000e+00
4.652462466152874621e-01 2.861113624502586994e-01 4.786825947972070394e-01 3.788329916447193968e-01 0.000000000000000000e+00 3.632297860925627342e-01 4.702009942326104697e-01 2.995834199815197718e-01 0.000000000000000000e+00 3.779207321647606310e-01 4.754211808015833540e-01 3.576160315345806029e-01 4.471908129032258206e-01 3.680867705583408256e-01 0.000000000000000000e+00 3.913005604262764781e-01 4.499619291936161058e-01 3.251982824239333381e-01 4.990625412443183695e-01 3.380986231316263080e-01 0.000000000000000000e+00 0.000000000000000000e+00 4.554316200000000370e-01 0.000000000000000000e+00 0.000000000000000000e+00 0.000000000000000000e+00 0.000000000000000000e+00 3.859884251604746019e-01 4.685391645569620400e-01 3.892479335943800356e-01 0.000000000000000000e+00 4.292626562499999854e-01 4.958359284189103322e-01 4.337453968384095138e-01 0.000000000000000000e+00 4.774034651162789578e-01 4.926397318076627396e-01 4.850570764536886181e-01 0.000000000000000000e+00 5.232491169261844766e-01 0.000000000000000000e+00 0.000000000000000000e+00 0.000000000000000000e+00 0.000000000000000000e+00 0.000000000000000000e+00 4.092092879469082511e-01 0.000000000000000000e+00 0.000000000000000000e+00 0.000000000000000000e+00 4.357061550366005953e-01 0.000000000000000000e+00 4.052844292519481861e-01 0.000000000000000000e+00 4.101430181337776815e-01 0.000000000000000000e+00 3.943992920138502112e-01 4.667998100258970995e-01 3.349531083786325691e-01 4.782123979684178017e-01 4.266997643160710396e-01 4.647621395348837114e-01 3.828817763561345178e-01 0.000000000000000000e+00 3.846365622268180240e-01 0.000000000000000000e+00 3.972565149409995611e-01 5.045397967956974927e-01 4.429880844156124930e-01 5.087147285230271265e-01 3.235860647427720727e-01 5.070067169811320884e-01 3.664685595647007021e-01 4.555895551739830851e-01 3.974199083659004650e-01 4.659001999999999311e-01 3.946049574397997861e-01 4.529457707665434096e-01 3.915932989553334576e-01 0.000000000000000000e+00 0.000000000000000000e+00 0.000000000000000000e+00 4.068145199288863978e-01 0.000000000000000000e+00 0.000000000000000000e+00 0.000000000000000000e+00 4.082659074321411952e-01 0.000000000000000000e+00 0.000000000000000000e+00 0.000000000000000000e+00 4.107693530744345733e-01 4.528797142982053381e-01 4.685165986301249030e-01 0.000000000000000000e+00 0.000000000000000000e+00 0.000000000000000000e+00 0.000000000000000000e+00 4.644042868852458761e-01 5.134820157995186873e-01 4.579765568975573964e-01 4.583217066245377502e-01 0.000000000000000000e+00 5.094229999999999592e-01 4.600245458904727580e-01 4.603512772487032834e-01 4.838689904121021845e-01 5.137873342730198134e-01 4.690350704701035101e-01 0.000000000000000000e+00 0.000000000000000000e+00 0.000000000000000000e+00 4.721305886211808467e-01 0.000000000000000000e+00 0.000000000000000000e+00 0.000000000000000000e+00 0.000000000000000000e+00 0.000000000000000000e+00
3.660833414642630790e-01 4.786825947972070394e-01 2.791647276932122113e-01 4.607611442558445236e-01 2.254442331735214133e-01 4.247394502047896481e-01 3.128903321482467970e-01 4.618998563252589840e-01 2.797459464041767152e-01 4.391707123534632218e-01 3.786672699568364164e-01 4.592692078799247013e-01 3.385318190120231163e-01 4.402395608469327759e-01 2.982728395719028702e-01 4.521950621533638581e-01 3.713264014827829529e-01 4.843028833195789917e-01 3.476869288966436544e-01 4.977675792555613099e-01 0.000000000000000000e+00 0.000000000000000000e+00 2.525841010468202752e-01 4.545627325156119114e-01 2.074095167063751133e-01 4.270124629951735917e-01 0.000000000000000000e+00 4.320138300375682694e-01 3.677025337019482754e-01 4.530902463412617709e-01 3.475222439206969161e-01 4.396709497634610497e-01 4.195352477638404909e-01 4.827507713647884446e-01 4.225981794823950866e-01 0.000000000000000000e+00 4.490137213045101161e-01 0.000000000000000000e+00 0.000000000000000000e+00 0.000000000000000000e+00 0.000000000000000000e+00 0.000000000000000000e+00 0.000000000000000000e+00 0.000000000000000000e+00 3.695149925198221719e-01 0.000000000000000000e+00 0.000000000000000000e+00 0.000000000000000000e+00 3.876844315546431607e-01 0.000000000000000000e+00 3.699283824693486156e-01 0.000000000000000000e+00 0.000000000000000000e+00 0.000000000000000000e+00 3.840794325778388307e-01 0.000000000000000000e+00 4.247009033260991107e-01 4.219032435897436262e-01 4.424978921987224867e-01 5.252823760000000508e-01 3.992022678668850633e-01 4.702214684684684065e-01 3.861442806611469769e-01 4.615784274193547865e-01 3.685980318526247412e-01 4.349184511278194609e-01 4.466820162391104132e-01 5.000427414215686817e-01 3.783630743252011097e-01 0.000000000000000000e+00 3.645851808347050360e-01 0.000000000000000000e+00 3.528360498553818614e-01 4.481113897048378258e-01 3.550564318322864676e-01 4.344687582417582350e-01 3.862039485495114555e-01 3.972091516288625002e-01 3.653315238095237727e-01 0.000000000000000000e+00 3.736948015799878564e-01 0.000000000000000000e+00 0.000000000000000000e+00 0.000000000000000000e+00 3.821046069749645113e-01 0.000000000000000000e+00 0.000000000000000000e+00 0.000000000000000000e+00 3.765807508305212270e-01 0.000000000000000000e+00 3.962696124356953620e-01 4.354510022309628359e-01 0.000000000000000000e+00 0.000000000000000000e+00 4.048386233766232967e-01 0.000000000000000000e+00 4.294821600000000017e-01 0.000000000000000000e+00 4.160417049180328286e-01 0.000000000000000000e+00 0.000000000000000000e+00 0.000000000000000000e+00 3.901833453889347325e-01 4.703651268656716122e-01 4.560943502125850424e-01 0.000000000000000000e+00 0.000000000000000000e+00 0.000000000000000000e+00 0.000000000000000000e+00 0.000000000000000000e+00 0.000000000000000000e+00 0.000000000000000000e+00 0.000000000000000000e+00 0.000000000000000000e+00 0.000000000000000000e+00 0.000000000000000000e+00
4.959046043140551419e-01 3.788329916447193968e-01 4.607611442558445236e-01 2.731285914721554020e-01 4.273448480093176016e-01 2.375566530913992835e-01 4.445555691544673116e-01 3.595997889326134067e-01 4.264132996384346619e-01 3.019608441330110526e-01 4.574791518166118065e-01 3.852678808872165850e-01 4.447968115397139544e-01 2.987134814979450770e-01 4.230020999188234265e-01 3.282424846631673554e-01 4.568437603979145778e-01 4.175187135843528852e-01 5.076982703943291320e-01 3.229611176486522073e-01 3.208464150943396431e-01 0.000000000000000000e+00 4.499004628819463503e-01 2.646099548839060955e-01 4.153167640007884853e-01 2.936561147673039662e-01 0.000000000000000000e+00 3.078553983630952229e-01 4.525366335714284816e-01 3.732682539024589352e-01 3.833824887720549968e-01 3.203769892351597259e-01 4.758915486254927663e-01 3.812052776985662694e-01 0.000000000000000000e+00 4.317326096846718642e-01 5.512910751879698257e-01 4.588481766249924987e-01 0.000000000000000000e+00 4.929750555757524411e-01 0.000000000000000000e+00 0.000000000000000000e+00 0.000000000000000000e+00 0.000000000000000000e+00 0.000000000000000000e+00 0.000000000000000000e+00 0.000000000000000000e+00 4.148531404494382735e-01 0.000000000000000000e+00 4.974421927792203046e-01 0.000000000000000000e+00 4.318821070605500800e-01 0.000000000000000000e+00 0.000000000000000000e+00 0.000000000000000000e+00 3.196175918367346602e-01 0.000000000000000000e+00 4.435718866897696011e-01 5.000726763253312557e-01 4.756080053515234218e-01 4.762126590909090962e-01 3.905217750601442939e-01 4.789444955752212296e-01 4.030414244397739765e-01 0.000000000000000000e+00 4.008362339700441979e-01 5.109994191142191999e-01 4.679731964023371993e-01 4.929984542042042395e-01 4.507879758906809808e-01 4.861672811282701789e-01 3.696556741603436169e-01 4.519400496138626933e-01 3.781008170995344142e-01 0.000000000000000000e+00 3.694899464032143643e-01 4.665399243047847477e-01 3.999285275405447537e-01 0.000000000000000000e+00 0.000000000000000000e+00 0.000000000000000000e+00 3.714274251039299535e-01 0.000000000000000000e+00 0.000000000000000000e+00 0.000000000000000000e+00 3.887936882428447705e-01 0.000000000000000000e+00 3.926458214285714066e-01 0.000000000000000000e+00 3.766645341000806613e-01 4.146488346634139566e-01 4.188906124673589804e-01 0.000000000000000000e+00 0.000000000000000000e+00 4.352539999999999742e-01 0.000000000000000000e+00 3.846276393442623620e-01 0.000000000000000000e+00 0.000000000000000000e+00 4.057280932789825156e-01 0.000000000000000000e+00 0.000000000000000000e+00 4.221313265610044940e-01 4.165980417475841913e-01 4.638010817265776908e-01 4.407273702367032198e-01 4.408657320751678266e-01 0.000000000000000000e+00 0.000000000000000000e+00 0.000000000000000000e+00 4.332803279014239561e-01 0.000000000000000000e+00 0.000000000000000000e+00 0.000000000000000000e+00 0.000000000000000000e+00 0.000000000000000000e+00
3.191686152924637088e-01 0.000000000000000000e+00 2.254442331735214133e-01 4.273448480093176016e-01 1.928963116435470360e-01 4.319072850654451790e-01 2.746504841916951323e-01 4.681237430379746600e-01 2.477164509217426869e-01 4.385737444648341588e-01 3.018364176282051226e-01 0.000000000000000000e+00 3.039503774660839985e-01 0.000000000000000000e+00 2.814275443563152845e-01 4.872070365853658491e-01 3.384597755102040639e-01 0.000000000000000000e+00 3.676932389637498355e-01 0.000000000000000000e+00 3.588974772744870090e-01 4.130643785325047723e-01 3.060832526131723741e-01 4.438825158097599588e-01 1.940511761948913172e-01 4.315097523920333744e-01 2.839414010594100701e-01 4.148728930523834513e-01 0.000000000000000000e+00 0.000000000000000000e+00 3.376110801957731833e-01 3.949617490732634240e-01 0.000000000000000000e+00 4.034976510000000127e-01 0.000000000000000000e+00 0.000000000000000000e+00 0.000000000000000000e+00 0.000000000000000000e+00 0.000000000000000000e+00 0.000000000000000000e+00 0.000000000000000000e+00 0.000000000000000000e+00 0.000000000000000000e+00 0.000000000000000000e+00 3.511655106382978730e-01 0.000000000000000000e+00 0.000000000000000000e+00 0.000000000000000000e+00 0.000000000000000000e+00 0.000000000000000000e+00 0.000000000000000000e+00 0.000000000000000000e+00 0.000000000000000000e+00 0.000000000000000000e+00 0.000000000000000000e+00 0.000000000000000000e+00 3.272849259259258958e-01 4.418876763005780139e-01 0.000000000000000000e+00 0.000000000000000000e+00 3.664507912709409898e-01 0.000000000000000000e+00 3.599595283385474964e-01 0.000000000000000000e+00 3.581379824824825198e-01 0.000000000000000000e+00 0.000000000000000000e+00 0.000000000000000000e+00 0.000000000000000000e+00 0.000000000000000000e+00 3.599773323682887161e-01 4.493923574074074057e-01 3.345754052461158978e-01 4.876701529411765490e-01 2.649678708628080970e-01 0.000000000000000000e+00 3.374304053354570399e-01 0.000000000000000000e+00 3.667122777777777065e-01 0.000000000000000000e+00 3.432053061350778256e-01 0.000000000000000000e+00 0.000000000000000000e+00 0.000000000000000000e+00 3.685597837590093295e-01 0.000000000000000000e+00 0.000000000000000000e+00 0.000000000000000000e+00 3.495347191011236032e-01 0.000000000000000000e+00 0.000000000000000000e+00 0.000000000000000000e+00 0.000000000000000000e+00 0.000000000000000000e+00 0.000000000000000000e+00 0.000000000000000000e+00 0.000000000000000000e+00 0.000000000000000000e+00 0.000000000000000000e+00 0.000000000000000000e+00 0.000000000000000000e+00 0.000000000000000000e+00 0.000000000000000000e+00 3.603067600000000592e-01 0.000000000000000000e+00 0.000000000000000000e+00 0.000000000000000000e+00 0.000000000000000000e+00 0.000000000000000000e+00 0.000000000000000000e+00 3.898397909090909330e-01 0.000000000000000000e+00 0.000000000000000000e+00 0.000000000000000000e+00 0.000000000000000000e+00 0.000000000000000000e+00
0.000000000000000000e+00 3.632297860925627342e-01 4.247394502047896481e-01 2.375566530913992835e-01 4.319072850654451790e-01 1.847122070042443998e-01 4.257709702428278398e-01 2.852434641822262362e-01 4.371112245473187108e-01 2.379712461848040306e-01 0.000000000000000000e+00 3.178768148148147787e-01 4.063119517276376769e-01 3.078223132071495893e-01 4.415091937983512960e-01 2.756818522138134164e-01 0.000000000000000000e+00 0.000000000000000000e+00 0.000000000000000000e+00 3.693375527297933503e-01 4.518511428571428401e-01 3.902142711368809525e-01 4.245747444905638712e-01 2.005225810463813763e-01 4.207639635072712436e-01 1.769438871619903875e-01 3.991572619610865291e-01 2.248067099656410328e-01 0.000000000000000000e+00 2.815841153030302912e-01 3.974230696570277832e-01 3.659294689292178493e-01 0.000000000000000000e+00 3.932492771012711108e-01 0.000000000000000000e+00 4.568382912621359870e-01 0.000000000000000000e+00 3.448197173913043478e-01 0.000000000000000000e+00 0.000000000000000000e+00 0.000000000000000000e+00 0.000000000000000000e+00 0.000000000000000000e+00 0.000000000000000000e+00 0.000000000000000000e+00 0.000000000000000000e+00 0.000000000000000000e+00 0.000000000000000000e+00 0.000000000000000000e+00 0.000000000000000000e+00 0.000000000000000000e+00 0.000000000000000000e+00 0.000000000000000000e+00 0.000000000000000000e+00 0.000000000000000000e+00 0.000000000000000000e+00 0.000000000000000000e+00 0.000000000000000000e+00 0.000000000000000000e+00 0.000000000000000000e+00 0.000000000000000000e+00 0.000000000000000000e+00 0.000000000000000000e+00 0.000000000000000000e+00 0.000000000000000000e+00 0.000000000000000000e+00 0.000000000000000000e+00 4.216354017094017248e-01 0.000000000000000000e+00 4.315670972222222512e-01 4.651374864858377478e-01 3.429666436210420111e-01 4.051533711340206678e-01 3.110842961375813176e-01 0.000000000000000000e+00 2.947852685623685298e-01 0.000000000000000000e+00 3.224735602139040536e-01 0.000000000000000000e+00 0.000000000000000000e+00 0.000000000000000000e+00 0.000000000000000000e+00 0.000000000000000000e+00 0.000000000000000000e+00 0.000000000000000000e+00 3.630869957250139057e-01 0.000000000000000000e+00 0.000000000000000000e+00 0.000000000000000000e+00 3.441283934426229707e-01 0.000000000000000000e+00 0.000000000000000000e+00 0.000000000000000000e+00 0.000000000000000000e+00 0.000000000000000000e+00 0.000000000000000000e+00 0.000000000000000000e+00 0.000000000000000000e+00 0.000000000000000000e+00 0.000000000000000000e+00 0.000000000000000000e+00 0.000000000000000000e+00 0.000000000000000000e+00 0.000000000000000000e+00 0.000000000000000000e+00 0.000000000000000000e+00 0.000000000000000000e+00 0.000000000000000000e+00 0.000000000000000000e+00 0.000000000000000000e+00 0.000000000000000000e+00 0.000000000000000000e+00 0.000000000000000000e+00 0.000000000000000000e+00 0.000000000000000000e+00 0.000000000000000000e+00
3.575194867398459042e-01 4.702009942326104697e-01 3.128903321482467970e-01 4.445555691544673116e-01 2.746504841916951323e-01 4.257709702428278398e-01 2.514477628411863619e-01 4.456577716691557112e-01 2.882038028659809070e-01 4.251899558441558646e-01 3.425994319868481131e-01 4.511784960734872563e-01 3.068919459937613503e-01 4.271090615171467264e-01 2.946675524905476573e-01 4.395942981361137258e-01 3.661419244388509631e-01 4.736886041666667491e-01 4.052591539585754798e-01 4.829205099064849960e-01 0.000000000000000000e+00 0.000000000000000000e+00 3.340696241307394843e-01 4.555635631246829353e-01 3.234213650793651418e-01 4.473371724137931160e-01 0.000000000000000000e+00 0.000000000000000000e+00 3.491789898213184529e-01 4.350178522444185236e-01 3.289945418253654719e-01 4.525686126556361377e-01 3.691968557074715163e-01 4.684816566204744737e-01 4.093051981647630178e-01 0.000000000000000000e+00 4.163228547196659024e-01 0.000000000000000000e+00 0.000000000000000000e+00 0.000000000000000000e+00 0.000000000000000000e+00 0.000000000000000000e+00 0.000000000000000000e+00 4.855070259067357230e-01 3.722078093407458210e-01 0.000000000000000000e+00 0.000000000000000000e+00 0.000000000000000000e+00 3.694893595839274791e-01 0.000000000000000000e+00 3.634608027396782348e-01 0.000000000000000000e+00 0.000000000000000000e+00 0.000000000000000000e+00 3.944744007534151664e-01 0.000000000000000000e+00 3.716754409499551937e-01 0.000000000000000000e+00 3.749906942883527439e-01 0.000000000000000000e+00 3.884472908295498739e-01 0.000000000000000000e+00 3.830742115746494370e-01 0.000000000000000000e+00 3.783850036371144698e-01 0.000000000000000000e+00 4.105993700953922132e-01 5.042903372781064597e-01 3.988514760569251139e-01 0.000000000000000000e+00 3.394816501359842476e-01 4.849772626262626729e-01 3.403140014305656713e-01 4.494392937569851587e-01 3.308839334010089672e-01 0.000000000000000000e+00 3.722380066040971713e-01 4.085158069240372170e-01 3.913269837908496807e-01 0.000000000000000000e+00 3.798592960965541110e-01 3.952679215686275005e-01 0.000000000000000000e+00 0.000000000000000000e+00 3.857979543785104437e-01 0.000000000000000000e+00 0.000000000000000000e+00 0.000000000000000000e+00 3.941860837250492633e-01 0.000000000000000000e+00 3.950925777777777870e-01 4.228014415632387890e-01 0.000000000000000000e+00 0.000000000000000000e+00 0.000000000000000000e+00 0.000000000000000000e+00 0.000000000000000000e+00 4.215756363636364301e-01 4.154855647054587209e-01 0.000000000000000000e+00 0.000000000000000000e+00 0.000000000000000000e+00 4.027410884220997689e-01 0.000000000000000000e+00 0.000000000000000000e+00 0.000000000000000000e+00 0.000000000000000000e+00 0.000000000000000000e+00 0.000000000000000000e+00 0.000000000000000000e+00 0.000000000000000000e+00 0.000000000000000000e+00 0.000000000000000000e+00 0.000000000000000000e+00 0.000000000000000000e+00 0.000000000000000000e+00
4.631618878745035195e-01 2.995834199815197718e-01 4.618998563252589840e-01 3.595997889326134067e-01 4.681237430379746600e-01 2.852434641822262362e-01 4.456577716691557112e-01 2.379572556518281257e-01 4.235668492903478799e-01 2.849572778847887511e-01 4.477369390321245812e-01 3.363661293700264121e-01 4.357814881381680827e-01 2.721063559268498966e-01 0.000000000000000000e+00 2.836167937062227251e-01 4.524401538861000382e-01 3.790123714048528880e-01 4.815925560539599526e-01 4.034026367131480773e-01 0.000000000000000000e+00 0.000000000000000000e+00 4.493233663063894712e-01 3.250275801572664602e-01 0.000000000000000000e+00 0.000000000000000000e+00 0.000000000000000000e+00 0.000000000000000000e+00 4.503964022508635812e-01 3.402831037918067625e-01 3.889881462079671226e-01 3.613990264871929092e-01 4.536302492667129704e-01 3.692672897645571939e-01 0.000000000000000000e+00 4.142917641000287698e-01 4.294836335075352673e-01 4.040398904749564757e-01 0.000000000000000000e+00 4.618733196598638902e-01 0.000000000000000000e+00 0.000000000000000000e+00 0.000000000000000000e+00 4.032698157894736291e-01 0.000000000000000000e+00 3.978289231540750870e-01 0.000000000000000000e+00 0.000000000000000000e+00 0.000000000000000000e+00 4.071355744682130795e-01 4.405170431654675811e-01 3.927429622293697742e-01 0.000000000000000000e+00 0.000000000000000000e+00 0.000000000000000000e+00 4.045068287367725168e-01 0.000000000000000000e+00 3.775776891608310648e-01 5.117679991694352726e-01 4.007436750149047655e-01 0.000000000000000000e+00 3.786292657659222072e-01 4.368413270440252294e-01 3.780501596641425710e-01 0.000000000000000000e+00 3.838814160973286760e-01 4.816872348960392070e-01 4.358230408729251160e-01 0.000000000000000000e+00 4.250961334932088498e-01 4.768587609561807383e-01 3.180116647372853156e-01 4.429309329540273010e-01 3.518442114447792868e-01 0.000000000000000000e+00 3.387466442918098397e-01 4.405502953289195944e-01 3.615451708217552462e-01 0.000000000000000000e+00 0.000000000000000000e+00 0.000000000000000000e+00 3.829638032881459986e-01 0.000000000000000000e+00 0.000000000000000000e+00 0.000000000000000000e+00 3.951786797452865319e-01 0.000000000000000000e+00 3.878073619352869206e-01 4.303880054347826167e-01 4.017212196879187402e-01 4.200875957446808528e-01 3.969733226584021835e-01 0.000000000000000000e+00 0.000000000000000000e+00 4.286716590909090963e-01 0.000000000000000000e+00 0.000000000000000000e+00 0.000000000000000000e+00 3.898637809328650006e-01 4.121642021194968919e-01 0.000000000000000000e+00 0.000000000000000000e+00 0.000000000000000000e+00 4.048749015020991493e-01 4.056116129032257822e-01 4.053878162729658841e-01 3.685135667857546982e-01 0.000000000000000000e+00 0.000000000000000000e+00 0.000000000000000000e+00 0.000000000000000000e+00 0.000000000000000000e+00 0.000000000000000000e+00 0.000000000000000000e+00 0.000000000000000000e+00 0.000000000000000000e+00
0.000000000000000000e+00 0.000000000000000000e+00 2.797459464041767152e-01 4.264132996384346619e-01 2.477164509217426869e-01 4.371112245473187108e-01 2.882038028659809070e-01 4.235668492903478799e-01 2.217707734235064287e-01 4.107034357295850646e-01 3.554207272727273326e-01 0.000000000000000000e+00 3.100625724032538555e-01 4.580594505494505753e-01 2.538771701837539974e-01 4.474287790697673572e-01 3.494317972972973418e-01 0.000000000000000000e+00 0.000000000000000000e+00 0.000000000000000000e+00 0.000000000000000000e+00 4.217138518518517842e-01 2.911295618094642546e-01 0.000000000000000000e+00 2.946991172779923063e-01 4.473555954035416393e-01 2.951164302726406730e-01 4.430442023809524899e-01 3.442088828122529809e-01 0.000000000000000000e+00 3.339510137566137904e-01 3.949432612400530784e-01 0.000000000000000000e+00 0.000000000000000000e+00 0.000000000000000000e+00 0.000000000000000000e+00 0.000000000000000000e+00 0.000000000000000000e+00 0.000000000000000000e+00 0.000000000000000000e+00 0.000000000000000000e+00 0.000000000000000000e+00 0.000000000000000000e+00 0.000000000000000000e+00 0.000000000000000000e+00 0.000000000000000000e+00 3.806871074380164255e-01 0.000000000000000000e+00 0.000000000000000000e+00 0.000000000000000000e+00 0.000000000000000000e+00 0.000000000000000000e+00 0.000000000000000000e+00 0.000000000000000000e+00 0.000000000000000000e+00 0.000000000000000000e+00 0.000000000000000000e+00 0.000000000000000000e+00 0.000000000000000000e+00 0.000000000000000000e+00 3.777905131045425358e-01 0.000000000000000000e+00 3.882931979805834266e-01 0.000000000000000000e+00 0.000000000000000000e+00 0.000000000000000000e+00 0.000000000000000000e+00 0.000000000000000000e+00 4.195483526053863654e-01 0.000000000000000000e+00 3.432351240549772475e-01 0.000000000000000000e+00 3.295427760472591783e-01 4.081719569892472976e-01 3.258174934437543246e-01 0.000000000000000000e+00 3.281103280759348761e-01 0.000000000000000000e+00 0.000000000000000000e+00 0.000000000000000000e+00 3.561692922193877009e-01 0.000000000000000000e+00 0.000000000000000000e+00 0.000000000000000000e+00 3.895013547338970761e-01 0.000000000000000000e+00 0.000000000000000000e+00 0.000000000000000000e+00 0.000000000000000000e+00 0.000000000000000000e+00 0.000000000000000000e+00 0.000000000000000000e+00 0.000000000000000000e+00 0.000000000000000000e+00 0.000000000000000000e+00 0.000000000000000000e+00 0.000000000000000000e+00 0.000000000000000000e+00 0.000000000000000000e+00 0.000000000000000000e+00 0.000000000000000000e+00 0.000000000000000000e+00 0.000000000000000000e+00 0.000000000000000000e+00 0.000000000000000000e+00 0.000000000000000000e+00 0.000000000000000000e+00 0.000000000000000000e+00 0.000000000000000000e+00 0.000000000000000000e+00 0.000000000000000000e+00 0.000000000000000000e+00 0.000000000000000000e+00 0.000000000000000000e+00 0.000000000000000000e+00 0.000000000000000000e+00
0.000000000000000000e+00 3.779207321647606310e-01 4.391707123534632218e-01 3.019608441330110526e-01 4.385737444648341588e-01 2.379712461848040306e-01 4.251899558441558646e-01 2.849572778847887511e-01 4.107034357295850646e-01 2.408130713190429206e-01 0.000000000000000000e+00 3.308995333333333844e-01 4.075563809523810033e-01 3.314400052700922084e-01 4.442791457601246718e-01 2.990810690846462672e-01 0.000000000000000000e+00 3.945852845528455277e-01 0.000000000000000000e+00 3.463917541503405140e-01 0.000000000000000000e+00 0.000000000000000000e+00 4.217454943137404766e-01 3.228075428571428596e-01 4.152506967299041674e-01 0.000000000000000000e+00 0.000000000000000000e+00 2.964957968796861909e-01 0.000000000000000000e+00 3.314055788882598330e-01 3.896966855372573368e-01 3.815527602564102727e-01 0.000000000000000000e+00 3.235302809004035884e-01 0.000000000000000000e+00 0.000000000000000000e+00 0.000000000000000000e+00 3.845066060606061042e-01 0.000000000000000000e+00 0.000000000000000000e+00 0.000000000000000000e+00 0.000000000000000000e+00 0.000000000000000000e+00 0.000000000000000000e+00 0.000000000000000000e+00 0.000000000000000000e+00 0.000000000000000000e+00 0.000000000000000000e+00 0.000000000000000000e+00 0.000000000000000000e+00 0.000000000000000000e+00 0.000000000000000000e+00 0.000000000000000000e+00 0.000000000000000000e+00 0.000000000000000000e+00 0.000000000000000000e+00 0.000000000000000000e+00 0.000000000000000000e+00 0.000000000000000000e+00 0.000000000000000000e+00 0.000000000000000000e+00 3.849950085470085215e-01 0.000000000000000000e+00 3.690353271028036786e-01 0.000000000000000000e+00 0.000000000000000000e+00 0.000000000000000000e+00 0.000000000000000000e+00 0.000000000000000000e+00 0.000000000000000000e+00 4.619621433500722407e-01 3.064223298797466577e-01 0.000000000000000000e+00 3.410816426037379667e-01 0.000000000000000000e+00 3.207582212364886720e-01 0.000000000000000000e+00 3.462457866337120271e-01 0.000000000000000000e+00 0.000000000000000000e+00 0.000000000000000000e+00 3.863275589885241668e-01 0.000000000000000000e+00 0.000000000000000000e+00 0.000000000000000000e+00 3.851342686747710187e-01 0.000000000000000000e+00 0.000000000000000000e+00 0.000000000000000000e+00 0.000000000000000000e+00 0.000000000000000000e+00 0.000000000000000000e+00 0.000000000000000000e+00 0.000000000000000000e+00 0.000000000000000000e+00 0.000000000000000000e+00 0.000000000000000000e+00 0.000000000000000000e+00 0.000000000000000000e+00 0.000000000000000000e+00 0.000000000000000000e+00 0.000000000000000000e+00 0.000000000000000000e+00 0.000000000000000000e+00 0.000000000000000000e+00 0.000000000000000000e+00 0.000000000000000000e+00 0.000000000000000000e+00 0.000000000000000000e+00 0.000000000000000000e+00 0.000000000000000000e+00 0.000000000000000000e+00 0.000000000000000000e+00 0.000000000000000000e+00 0.000000000000000000e+00 0.000000000000000000e+00
2.849444399013628115e-01 4.754211808015833540e-01 3.786672699568364164e-01 4.574791518166118065e-01 3.018364176282051226e-01 0.000000000000000000e+00 3.425994319868481131e-01 4.477369390321245812e-01 3.554207272727273326e-01 0.000000000000000000e+00 2.575485017956008482e-01 4.357474780952381721e-01 2.900810712971224614e-01 0.000000000000000000e+00 0.000000000000000000e+00 0.000000000000000000e+00 3.251569177051216730e-01 0.000000000000000000e+00 4.117409543248788939e-01 4.801882946076816983e-01 0.000000000000000000e+00 0.000000000000000000e+00 3.847830713041898720e-01 0.000000000000000000e+00 0.000000000000000000e+00 0.000000000000000000e+00 0.000000000000000000e+00 0.000000000000000000e+00 3.309061594078394619e-01 0.000000000000000000e+00 3.573782737352736993e-01 4.167576523286829482e-01 3.732389553009882732e-01 4.491124747032543274e-01 0.000000000000000000e+00 0.000000000000000000e+00 4.911516056338027791e-01 5.013509108910891854e-01 0.000000000000000000e+00 0.000000000000000000e+00 0.000000000000000000e+00 0.000000000000000000e+00 0.000000000000000000e+00 0.000000000000000000e+00 0.000000000000000000e+00 0.000000000000000000e+00 0.000000000000000000e+00 0.000000000000000000e+00 3.806936991150442484e-01 0.000000000000000000e+00 3.613885662905136908e-01 0.000000000000000000e+00 0.000000000000000000e+00 0.000000000000000000e+00 0.000000000000000000e+00 0.000000000000000000e+00 3.421012999723673786e-01 0.000000000000000000e+00 4.326009060908682091e-01 0.000000000000000000e+00 3.806202834396840706e-01 0.000000000000000000e+00 3.683060243829950897e-01 0.000000000000000000e+00 3.933121654970808678e-01 0.000000000000000000e+00 4.213747806691228170e-01 0.000000000000000000e+00 4.393665333333333090e-01 0.000000000000000000e+00 3.281228746729789036e-01 0.000000000000000000e+00 3.522789676637017031e-01 0.000000000000000000e+00 0.000000000000000000e+00 0.000000000000000000e+00 3.821864403005714728e-01 0.000000000000000000e+00 3.582064666666667230e-01 0.000000000000000000e+00 3.915492535267186547e-01 0.000000000000000000e+00 0.000000000000000000e+00 0.000000000000000000e+00 3.973155936891762940e-01 0.000000000000000000e+00 0.000000000000000000e+00 0.000000000000000000e+00 3.997475257230434509e-01 0.000000000000000000e+00 0.000000000000000000e+00 0.000000000000000000e+00 0.000000000000000000e+00 0.000000000000000000e+00 0.000000000000000000e+00 0.000000000000000000e+00 0.000000000000000000e+00 0.000000000000000000e+00 0.000000000000000000e+00 0.000000000000000000e+00 0.000000000000000000e+00 0.000000000000000000e+00 0.000000000000000000e+00 0.000000000000000000e+00 0.000000000000000000e+00 0.000000000000000000e+00 0.000000000000000000e+00 0.000000000000000000e+00 0.000000000000000000e+00 0.000000000000000000e+00 0.000000000000000000e+00 0.000000000000000000e+00 0.000000000000000000e+00 0.000000000000000000e+00 0.000000000000000000e+00 0.000000000000000000e+00
4.532130477134146407e-01 3.576160315345806029e-01 4.592692078799247013e-01 3.852678808872165850e-01 0.000000000000000000e+00 3.178768148148147787e-01 4.511784960734872563e-01 3.363661293700264121e-01 0.000000000000000000e+00 3.308995333333333844e-01 4.357474780952381721e-01 2.672781832938564417e-01 0.000000000000000000e+00 2.808572888901391673e-01 0.000000000000000000e+00 3.337657243138634766e-01 0.000000000000000000e+00 3.080104399327981968e-01 4.802636658514091716e-01 3.965592891646443352e-01 0.000000000000000000e+00 0.000000000000000000e+00 4.580817619960320108e-01 3.784495534307200648e-01 0.000000000000000000e+00 0.000000000000000000e+00 0.000000000000000000e+00 0.000000000000000000e+00 0.000000000000000000e+00 3.653448355663619362e-01 4.179348581495098136e-01 4.201892380952380601e-01 4.484378002313836320e-01 3.822431902350664212e-01 0.000000000000000000e+00 0.000000000000000000e+00 0.000000000000000000e+00 4.152104508767057722e-01 0.000000000000000000e+00 0.000000000000000000e+00 0.000000000000000000e+00 0.000000000000000000e+00 0.000000000000000000e+00 0.000000000000000000e+00 0.000000000000000000e+00 4.323627154471544332e-01 0.000000000000000000e+00 0.000000000000000000e+00 0.000000000000000000e+00 0.000000000000000000e+00 0.000000000000000000e+00 4.004112403161348421e-01 0.000000000000000000e+00 0.000000000000000000e+00 0.000000000000000000e+00 0.000000000000000000e+00 0.000000000000000000e+00 3.749615459007848428e-01 0.000000000000000000e+00 4.703269808437365862e-01 0.000000000000000000e+00 3.891580575240800033e-01 0.000000000000000000e+00 3.916432836235729797e-01 0.000000000000000000e+00 4.011727310487639420e-01 0.000000000000000000e+00 4.075839213483146151e-01 0.000000000000000000e+00 3.964005121951219013e-01 4.835373841569647335e-01 3.334508619320017964e-01 0.000000000000000000e+00 3.579305574529511036e-01 0.000000000000000000e+00 4.119531558441559271e-01 0.000000000000000000e+00 3.784673684946368022e-01 0.000000000000000000e+00 0.000000000000000000e+00 0.000000000000000000e+00 4.060483074607357246e-01 0.000000000000000000e+00 0.000000000000000000e+00 0.000000000000000000e+00 4.151595022456946449e-01 0.000000000000000000e+00 0.000000000000000000e+00 0.000000000000000000e+00 4.237447227904105884e-01 0.000000000000000000e+00 3.962354711538461638e-01 0.000000000000000000e+00 0.000000000000000000e+00 0.000000000000000000e+00 0.000000000000000000e+00 0.000000000000000000e+00 0.000000000000000000e+00 0.000000000000000000e+00 0.000000000000000000e+00 0.000000000000000000e+00 0.000000000000000000e+00 3.796421798561150918e-01 0.000000000000000000e+00 0.000000000000000000e+00 0.000000000000000000e+00 0.000000000000000000e+00 0.000000000000000000e+00 0.000000000000000000e+00 0.000000000000000000e+00 0.000000000000000000e+00 0.000000000000000000e+00 0.000000000000000000e+00 0.000000000000000000e+00 0.000000000000000000e+00 0.000000000000000000e+00
3.340243857694104035e-01 4.471908129032258206e-01 3.385318190120231163e-01 4.447968115397139544e-01 3.039503774660839985e-01 4.063119517276376769e-01 3.068919459937613503e-01 4.357814881381680827e-01 3.100625724032538555e-01 4.075563809523810033e-01 2.900810712971224614e-01 0.000000000000000000e+00 2.620866738297008558e-01 4.169680943529402439e-01 2.390444385441404251e-01 4.561353808544916788e-01 3.652113519393728747e-01 0.000000000000000000e+00 4.059751022260143505e-01 4.640924125837149750e-01 0.000000000000000000e+00 0.000000000000000000e+00 3.525613366191849840e-01 4.219463594013817542e-01 0.000000000000000000e+00 4.043273488372095548e-01 0.000000000000000000e+00 0.000000000000000000e+00 3.322448790126196760e-01 4.680519333333333365e-01 3.446758700486921012e-01 4.054447064875626450e-01 3.613873618131023813e-01 4.532411255704182906e-01 4.367042042698019433e-01 0.000000000000000000e+00 4.016769565742889236e-01 0.000000000000000000e+00 0.000000000000000000e+00 0.000000000000000000e+00 0.000000000000000000e+00 0.000000000000000000e+00 0.000000000000000000e+00 0.000000000000000000e+00 4.021622306034483008e-01 0.000000000000000000e+00 0.000000000000000000e+00 0.000000000000000000e+00 3.842632405946601049e-01 0.000000000000000000e+00 3.854900072570442426e-01 0.000000000000000000e+00 3.823027848214285429e-01 0.000000000000000000e+00 3.839082460728742707e-01 0.000000000000000000e+00 3.694734862233822192e-01 0.000000000000000000e+00 4.160321834101168292e-01 0.000000000000000000e+00 3.921909883006381436e-01 0.000000000000000000e+00 3.851439948432066607e-01 0.000000000000000000e+00 3.975326995718634349e-01 0.000000000000000000e+00 4.078399755913456604e-01 0.000000000000000000e+00 4.281643564032788229e-01 4.462089727891155877e-01 3.340816304254527469e-01 0.000000000000000000e+00 3.540510376499748091e-01 4.116272262872230359e-01 0.000000000000000000e+00 0.000000000000000000e+00 3.782992134006223361e-01 3.975824974541395940e-01 3.777548806524865799e-01 0.000000000000000000e+00 3.860057917820783890e-01 0.000000000000000000e+00 0.000000000000000000e+00 0.000000000000000000e+00 3.991571860271897476e-01 0.000000000000000000e+00 3.738027365402994961e-01 0.000000000000000000e+00 4.043894272417549174e-01 0.000000000000000000e+00 3.725844746865959456e-01 3.906648100671140655e-01 3.958858046511627982e-01 0.000000000000000000e+00 0.000000000000000000e+00 0.000000000000000000e+00 0.000000000000000000e+00 0.000000000000000000e+00 3.853222612612612341e-01 0.000000000000000000e+00 0.000000000000000000e+00 0.000000000000000000e+00 3.989847931677018567e-01 0.000000000000000000e+00 4.447684052425275314e-01 0.000000000000000000e+00 0.000000000000000000e+00 0.000000000000000000e+00 0.000000000000000000e+00 3.477872222222222476e-01 0.000000000000000000e+00 0.000000000000000000e+00 0.000000000000000000e+00 0.000000000000000000e+00 0.000000000000000000e+00 0.000000000000000000e+00
