2.684438216139649058e-01 4.828164732092576905e-01 3.438906905612646447e-01 4.897141489380990587e-01 3.470130533666337391e-01 0.000000000000000000e+00 3.111344720905149797e-01 4.666328649053159694e-01 3.528547450488560555e-01 0.000000000000000000e+00 3.033209733895247950e-01 4.654365552108724047e-01 3.508598709510770686e-01 4.497889567129041422e-01 3.658805620526918712e-01 0.000000000000000000e+00 2.976813606135697010e-01 4.691644350181785605e-01 3.711806197140903874e-01 4.988236028256642363e-01 0.000000000000000000e+00 0.000000000000000000e+00 3.814750782387062444e-01 0.000000000000000000e+00 0.000000000000000000e+00 0.000000000000000000e+00 0.000000000000000000e+00 0.000000000000000000e+00 3.725713614589293843e-01 4.737416580909566410e-01 4.268699228629062037e-01 4.677610858895705492e-01 4.161875775101709918e-01 4.980465398561471080e-01 5.042621428571428810e-01 0.000000000000000000e+00 4.606724639284122680e-01 5.188699884701972742e-01 0.000000000000000000e+00 5.648408059278350324e-01 3.793750551813500627e-01 0.000000000000000000e+00 4.265666691729324000e-01 0.000000000000000000e+00 0.000000000000000000e+00 4.983887525252524986e-01 0.000000000000000000e+00 0.000000000000000000e+00 3.517945058823529481e-01 4.385225692307692102e-01 3.850087962688787946e-01 0.000000000000000000e+00 3.928254777777777651e-01 3.841770081871345166e-01 3.662417599787669009e-01 0.000000000000000000e+00 2.749327366555429641e-01 4.775481368826410833e-01 3.819915287744271026e-01 4.581737901850745920e-01 3.843105090443028615e-01 4.500517634408603418e-01 3.742483822759692380e-01 4.525093539823008548e-01 3.768679571717874488e-01 4.776432884168035353e-01 4.035649214839692189e-01 4.827886285773708708e-01 3.020193536480803576e-01 4.975675834995287317e-01 3.536348933250433313e-01 4.959194625533914214e-01 3.658297785756558507e-01 4.485860561529376733e-01 0.000000000000000000e+00 0.000000000000000000e+00 3.870421574600900749e-01 4.736353753244492704e-01 3.695661441727299823e-01 0.000000000000000000e+00 3.510703459377003122e-01 4.510842777777778201e-01 0.000000000000000000e+00 0.000000000000000000e+00 3.843945932847348534e-01 4.668450031105990661e-01 3.501758861788617505e-01 0.000000000000000000e+00 3.902430438078396957e-01 0.000000000000000000e+00 3.837685008601865455e-01 3.934372913385826842e-01 4.143506602494129720e-01 0.000000000000000000e+00 4.044024680571849384e-01 4.063670727478245759e-01 4.878067494949495098e-01 0.000000000000000000e+00 3.754926216216217250e-01 0.000000000000000000e+00 3.746892234426115187e-01 4.587931739130434727e-01 4.343561186440715871e-01 4.181434080464990766e-01 4.092018536054200517e-01 0.000000000000000000e+00 0.000000000000000000e+00 0.000000000000000000e+00 0.000000000000000000e+00 0.000000000000000000e+00 0.000000000000000000e+00 3.857440849056604226e-01 0.000000000000000000e+00 0.000000000000000000e+00 0.000000000000000000e+00 0.000000000000000000e+00
4.828164732092576905e-01 2.836244380386289121e-01 4.934478154879988199e-01 3.262977836289732703e-01 3.876848765822784593e-01 3.299274251119468371e-01 4.808480362191554502e-01 3.188383860474745535e-01 0.000000000000000000e+00 3.329391537081192176e-01 4.431834827586206282e-01 3.377262938682771831e-01 0.000000000000000000e+00 3.725303185323496358e-01 0.000000000000000000e+00 3.784122972790796013e-01 4.499132274068038950e-01 3.293537510757171827e-01 5.008321775945818732e-01 3.739918352478922570e-01 0.000000000000000000e+00 4.303401478260869828e-01 4.500822083333332890e-01 4.075101302625204203e-01 0.000000000000000000e+00 3.173100831168831903e-01 0.000000000000000000e+00 3.098363333333333247e-01 4.700667789241330663e-01 3.717955562839374006e-01 4.706930683256129178e-01 4.465702381360078244e-01 4.906617488386892934e-01 3.970872977924848612e-01 0.000000000000000000e+00 2.945620149253731501e-01 5.343885255897032893e-01 4.653999397310778496e-01 0.000000000000000000e+00 4.721288715993334217e-01 0.000000000000000000e+00 4.036077793730802332e-01 0.000000000000000000e+00 4.428648086956522012e-01 0.000000000000000000e+00 3.793763443768847776e-01 0.000000000000000000e+00 0.000000000000000000e+00 0.000000000000000000e+00 3.952720942340189891e-01 4.447795122998426387e-01 3.818479485388847627e-01 0.000000000000000000e+00 3.253795802946985449e-01 0.000000000000000000e+00 3.412588546175213677e-01 4.766501881248569883e-01 2.933662104761711187e-01 4.803951944897667525e-01 3.805717306726080773e-01 4.638904979124334749e-01 3.628921766478523936e-01 4.536318836746760508e-01 3.709478087560049708e-01 4.589088054476773704e-01 3.774493471889306950e-01 4.886380823173250842e-01 3.619435304400734355e-01 4.917190804370336621e-01 3.276349915423254489e-01 4.953497593257087939e-01 3.459795594088822535e-01 4.447098890168414975e-01 3.700300479841818202e-01 0.000000000000000000e+00 0.000000000000000000e+00 4.707911710028636065e-01 3.833287232674136291e-01 4.373927964601770357e-01 0.000000000000000000e+00 0.000000000000000000e+00 4.133935447569819788e-01 0.000000000000000000e+00 0.000000000000000000e+00 4.593381261334205656e-01 3.965612165192708427e-01 0.000000000000000000e+00 4.030880947958183635e-01 4.686150937745398037e-01 3.909711732498605263e-01 4.709186316940566219e-01 4.100710756331252260e-01 4.808014571908662549e-01 4.019679221504693367e-01 4.165131118608505489e-01 4.340513395076324721e-01 4.267488307692307581e-01 0.000000000000000000e+00 4.483972362080080321e-01 4.283507199667824783e-01 4.540801310682998082e-01 3.909854548285686682e-01 4.761947604318935157e-01 4.151573242371053296e-01 0.000000000000000000e+00 4.331263003809951440e-01 0.000000000000000000e+00 5.150853684210525696e-01 0.000000000000000000e+00 0.000000000000000000e+00 0.000000000000000000e+00 0.000000000000000000e+00 0.000000000000000000e+00 3.758491834862385805e-01 0.000000000000000000e+00 0.000000000000000000e+00
3.438906905612646447e-01 4.934478154879988199e-01 2.589734384551698465e-01 4.490459344674809783e-01 1.979792200818120129e-01 4.142312525057609274e-01 2.775114685841704731e-01 4.520733891179482544e-01 2.281887638908045024e-01 4.113122232807694401e-01 3.672452169908698716e-01 4.613162230838618871e-01 3.203580526365099046e-01 4.298983739956277472e-01 3.085557267734345688e-01 4.323725572362631664e-01 3.609310450681853522e-01 5.005256744111526990e-01 2.945777806300063917e-01 5.024818085181238514e-01 0.000000000000000000e+00 0.000000000000000000e+00 2.591495529184305036e-01 4.363493226741881892e-01 2.216038980104086120e-01 4.236971386330984912e-01 2.650652489060526529e-01 4.252932596059114112e-01 3.359489827764651215e-01 4.382401391528967793e-01 3.403793486555680148e-01 4.395774273829893830e-01 3.814311050749126797e-01 4.721622764290808183e-01 3.928444775974025416e-01 0.000000000000000000e+00 3.800765604052133706e-01 0.000000000000000000e+00 0.000000000000000000e+00 0.000000000000000000e+00 3.697948200230266602e-01 0.000000000000000000e+00 0.000000000000000000e+00 0.000000000000000000e+00 3.979365730337078300e-01 4.933895348837209482e-01 4.082472290861267616e-01 4.774630287356322889e-01 4.384450860215053924e-01 0.000000000000000000e+00 3.850912760851809002e-01 0.000000000000000000e+00 4.040496354166666637e-01 0.000000000000000000e+00 3.612621302638475695e-01 4.973453653846153788e-01 3.811773271912025640e-01 5.092324408602150188e-01 4.017810627602746432e-01 0.000000000000000000e+00 3.848904524658985915e-01 4.338686328124999880e-01 3.526443730598669557e-01 4.663914560000000376e-01 3.733119757371941017e-01 0.000000000000000000e+00 4.103180959623570212e-01 4.539102847682119357e-01 3.776073127495500614e-01 4.153747168674698509e-01 3.197973129259512604e-01 4.708385809370108643e-01 3.419897110454874767e-01 4.448830216139154636e-01 0.000000000000000000e+00 0.000000000000000000e+00 3.667476075447212436e-01 4.591112548170570573e-01 3.403982082673260301e-01 0.000000000000000000e+00 3.604295206440385479e-01 3.952208510638298145e-01 0.000000000000000000e+00 0.000000000000000000e+00 3.656864993806788755e-01 0.000000000000000000e+00 3.751885733122362621e-01 0.000000000000000000e+00 3.679650941994605517e-01 0.000000000000000000e+00 3.768459917355371225e-01 0.000000000000000000e+00 3.667438951142724113e-01 4.065095037593984828e-01 3.880536530080456736e-01 4.220260666666666993e-01 3.648709352517984783e-01 0.000000000000000000e+00 0.000000000000000000e+00 0.000000000000000000e+00 0.000000000000000000e+00 0.000000000000000000e+00 3.862075669291338831e-01 3.889420232558138957e-01 0.000000000000000000e+00 0.000000000000000000e+00 0.000000000000000000e+00 0.000000000000000000e+00 0.000000000000000000e+00 0.000000000000000000e+00 0.000000000000000000e+00 0.000000000000000000e+00 0.000000000000000000e+00 0.000000000000000000e+00 0.000000000000000000e+00 0.000000000000000000e+00
4.897141489380990587e-01 3.262977836289732703e-01 4.490459344674809783e-01 2.386906673261502410e-01 4.108435383859536105e-01 1.735460124183795250e-01 4.523978521538191133e-01 2.927964343916172330e-01 4.358760140048478782e-01 2.785796544593190371e-01 4.455539086127131010e-01 3.597854853038091605e-01 4.229024588492243386e-01 3.297063731767387318e-01 4.528961155554894202e-01 3.108757122287924002e-01 4.655599274491070139e-01 3.727188409464864405e-01 5.045324061875563482e-01 3.387174645389769423e-01 0.000000000000000000e+00 0.000000000000000000e+00 4.482235831698101469e-01 2.242693977022476859e-01 4.397643700000000155e-01 2.007378484855731338e-01 4.350693158730158938e-01 2.737981724137931172e-01 4.521008129111694918e-01 3.419118304830207622e-01 4.094698376177022814e-01 3.417423050519562411e-01 4.973257217957975374e-01 3.951252779224381229e-01 3.899314411764704946e-01 4.094416155844156080e-01 0.000000000000000000e+00 4.532714249062333445e-01 0.000000000000000000e+00 4.819032410478272799e-01 0.000000000000000000e+00 3.786428307692307760e-01 0.000000000000000000e+00 4.024850549450549320e-01 0.000000000000000000e+00 4.189305813971902492e-01 0.000000000000000000e+00 4.081608507462686219e-01 0.000000000000000000e+00 4.135467721434021859e-01 0.000000000000000000e+00 3.928473290903536363e-01 0.000000000000000000e+00 3.722108780696953279e-01 0.000000000000000000e+00 3.326665880546814669e-01 4.468087291831419061e-01 3.726022476999291122e-01 4.802058459838096649e-01 4.009724817425672772e-01 4.588660505323806094e-01 3.655089973313111473e-01 4.913272704918033584e-01 3.721569394923958662e-01 4.912661888866455828e-01 3.834461279337145201e-01 4.978871502825851780e-01 4.084462650633601255e-01 4.893789599055025641e-01 3.909396780938199090e-01 4.833766470742472121e-01 3.479879107233773139e-01 4.407586821062140503e-01 3.385693115348705762e-01 0.000000000000000000e+00 3.246107351896846405e-01 4.495707738144963939e-01 3.819536603827636823e-01 0.000000000000000000e+00 4.329035067567568174e-01 4.260030606060606351e-01 3.834784086054290886e-01 0.000000000000000000e+00 3.635077109875627932e-01 4.501040386375574909e-01 3.680679007021215310e-01 0.000000000000000000e+00 0.000000000000000000e+00 0.000000000000000000e+00 3.765668063891362549e-01 4.760471259966245761e-01 4.360757571428571788e-01 4.774510389736649763e-01 4.134868255081300958e-01 4.102798243217391505e-01 4.090710025834496388e-01 4.584699495798318369e-01 0.000000000000000000e+00 4.644581637613722780e-01 4.580082635658914714e-01 0.000000000000000000e+00 0.000000000000000000e+00 4.517114253133677759e-01 4.071297418468514118e-01 4.443101174704924827e-01 4.475452602040816963e-01 0.000000000000000000e+00 0.000000000000000000e+00 0.000000000000000000e+00 0.000000000000000000e+00 0.000000000000000000e+00 4.175842754629630615e-01 0.000000000000000000e+00 0.000000000000000000e+00 0.000000000000000000e+00 0.000000000000000000e+00
3.470130533666337391e-01 3.876848765822784593e-01 1.979792200818120129e-01 4.108435383859536105e-01 1.817475035270087746e-01 4.503574948471460448e-01 2.665734996832023196e-01 4.111174134973300531e-01 1.862993089462888496e-01 4.121390142680494972e-01 3.174480121946667843e-01 0.000000000000000000e+00 3.005270164114015041e-01 3.959160180851063471e-01 2.853400432698397493e-01 4.233227255707762704e-01 3.294812574238969449e-01 0.000000000000000000e+00 3.557771393940158400e-01 0.000000000000000000e+00 2.984182159627185027e-01 0.000000000000000000e+00 2.592809445176630367e-01 4.299029465831356034e-01 1.630417105817029699e-01 4.272095733854163746e-01 2.333290797904476188e-01 4.627828541370243576e-01 3.148111032922979446e-01 4.236972162162161437e-01 3.354753056588342663e-01 4.114403810061245670e-01 3.612323298886481182e-01 4.656943364485981451e-01 3.816752777777778216e-01 0.000000000000000000e+00 3.810637154749054734e-01 0.000000000000000000e+00 0.000000000000000000e+00 0.000000000000000000e+00 3.590945865490217659e-01 3.214623128205127967e-01 3.842859699248120098e-01 0.000000000000000000e+00 0.000000000000000000e+00 0.000000000000000000e+00 4.002300850769775487e-01 0.000000000000000000e+00 0.000000000000000000e+00 0.000000000000000000e+00 3.904264067796610616e-01 0.000000000000000000e+00 0.000000000000000000e+00 0.000000000000000000e+00 3.989261569748949188e-01 0.000000000000000000e+00 3.798434234580708724e-01 0.000000000000000000e+00 4.048258346456692358e-01 0.000000000000000000e+00 4.027892333333333852e-01 0.000000000000000000e+00 3.430287650636802965e-01 0.000000000000000000e+00 3.868436845454545914e-01 0.000000000000000000e+00 3.800698788724582444e-01 4.785777386363636032e-01 0.000000000000000000e+00 0.000000000000000000e+00 3.100418931629978503e-01 4.976402519367993382e-01 3.221327893910486684e-01 0.000000000000000000e+00 0.000000000000000000e+00 0.000000000000000000e+00 3.224199033842498063e-01 0.000000000000000000e+00 0.000000000000000000e+00 0.000000000000000000e+00 3.508940379831942402e-01 4.923632280701753516e-01 3.853826740430241204e-01 0.000000000000000000e+00 3.710825712438584612e-01 0.000000000000000000e+00 3.550351168268772728e-01 0.000000000000000000e+00 3.735434157726025828e-01 0.000000000000000000e+00 0.000000000000000000e+00 0.000000000000000000e+00 0.000000000000000000e+00 0.000000000000000000e+00 3.559151497191011537e-01 3.704129042553191975e-01 0.000000000000000000e+00 0.000000000000000000e+00 0.000000000000000000e+00 0.000000000000000000e+00 0.000000000000000000e+00 0.000000000000000000e+00 0.000000000000000000e+00 0.000000000000000000e+00 0.000000000000000000e+00 0.000000000000000000e+00 0.000000000000000000e+00 0.000000000000000000e+00 0.000000000000000000e+00 0.000000000000000000e+00 0.000000000000000000e+00 0.000000000000000000e+00 0.000000000000000000e+00 0.000000000000000000e+00 0.000000000000000000e+00 0.000000000000000000e+00
0.000000000000000000e+00 3.299274251119468371e-01 4.142312525057609274e-01 1.735460124183795250e-01 4.503574948471460448e-01 1.740319079879725228e-01 4.321983532690058527e-01 2.248580069802713077e-01 4.327025549472461874e-01 2.013773279031914609e-01 3.624396466165414332e-01 3.275904120406675224e-01 4.476045697674418955e-01 2.929985492450313256e-01 4.027442493579121985e-01 2.353043730586315552e-01 0.000000000000000000e+00 0.000000000000000000e+00 0.000000000000000000e+00 3.222181332689651456e-01 4.240840953844968730e-01 4.086887295129461029e-01 4.454824764271402837e-01 2.406265659016387226e-01 4.231359536377645170e-01 1.278703987903395123e-01 4.749434366579901590e-01 2.037693224762176514e-01 0.000000000000000000e+00 3.145550521807228828e-01 3.812296090574064378e-01 3.261406961840123131e-01 0.000000000000000000e+00 3.597604246874055445e-01 0.000000000000000000e+00 3.948873839562967447e-01 0.000000000000000000e+00 4.006785057017544505e-01 0.000000000000000000e+00 0.000000000000000000e+00 0.000000000000000000e+00 0.000000000000000000e+00 0.000000000000000000e+00 0.000000000000000000e+00 0.000000000000000000e+00 3.134256818749999729e-01 0.000000000000000000e+00 4.389040660801564186e-01 0.000000000000000000e+00 0.000000000000000000e+00 0.000000000000000000e+00 3.578173984962406129e-01 0.000000000000000000e+00 0.000000000000000000e+00 0.000000000000000000e+00 3.472215402646350313e-01 0.000000000000000000e+00 0.000000000000000000e+00 0.000000000000000000e+00 0.000000000000000000e+00 0.000000000000000000e+00 0.000000000000000000e+00 0.000000000000000000e+00 0.000000000000000000e+00 0.000000000000000000e+00 3.424089752741935611e-01 0.000000000000000000e+00 3.710956995755528842e-01 0.000000000000000000e+00 0.000000000000000000e+00 5.164722592263285561e-01 3.250883057622047656e-01 2.647906956521738908e-01 3.219837400225606938e-01 0.000000000000000000e+00 0.000000000000000000e+00 3.615551560747663484e-01 3.331017292572137634e-01 0.000000000000000000e+00 0.000000000000000000e+00 0.000000000000000000e+00 3.590628818181817450e-01 0.000000000000000000e+00 4.235275000000000012e-01 0.000000000000000000e+00 3.598138016323334520e-01 0.000000000000000000e+00 3.750230597014925227e-01 0.000000000000000000e+00 3.383980884334160666e-01 0.000000000000000000e+00 0.000000000000000000e+00 0.000000000000000000e+00 0.000000000000000000e+00 0.000000000000000000e+00 3.553209638888888966e-01 0.000000000000000000e+00 0.000000000000000000e+00 0.000000000000000000e+00 0.000000000000000000e+00 0.000000000000000000e+00 0.000000000000000000e+00 0.000000000000000000e+00 0.000000000000000000e+00 0.000000000000000000e+00 0.000000000000000000e+00 0.000000000000000000e+00 0.000000000000000000e+00 0.000000000000000000e+00 0.000000000000000000e+00 0.000000000000000000e+00 0.000000000000000000e+00 3.386304745762712676e-01 0.000000000000000000e+00 0.000000000000000000e+00 0.000000000000000000e+00
3.111344720905149797e-01 4.808480362191554502e-01 2.775114685841704731e-01 4.523978521538191133e-01 2.665734996832023196e-01 4.321983532690058527e-01 2.536862340895562618e-01 4.587338430551637924e-01 2.178634289424310477e-01 4.136471015561575260e-01 3.329314904116519869e-01 4.537413351592428645e-01 2.776873172170081783e-01 4.447614120309605346e-01 2.964417935065694620e-01 4.472644959537561138e-01 3.603946763385798002e-01 4.735779536893695019e-01 3.457838899025249546e-01 4.917498308628218684e-01 0.000000000000000000e+00 0.000000000000000000e+00 3.479587251048649743e-01 4.487633086111039726e-01 3.123143445136947194e-01 4.418932481217686670e-01 3.462369240472293330e-01 0.000000000000000000e+00 3.293315342076268415e-01 4.461408185048282848e-01 3.584439312212440720e-01 4.459279826524185086e-01 3.758815655132459188e-01 4.776229147361610861e-01 4.082378966231283712e-01 0.000000000000000000e+00 3.998873097225656981e-01 4.868826084174208702e-01 3.397829452713289067e-01 0.000000000000000000e+00 3.215959047619047495e-01 0.000000000000000000e+00 4.018260671641790682e-01 0.000000000000000000e+00 3.982582916036969123e-01 5.135517439999999212e-01 4.305570625000000318e-01 0.000000000000000000e+00 3.929542299460632715e-01 5.124123165467625585e-01 3.597915206429546098e-01 0.000000000000000000e+00 3.969296938413948150e-01 4.174099144736841960e-01 3.460028695065522908e-01 0.000000000000000000e+00 3.681377480762598187e-01 0.000000000000000000e+00 3.860375117863359407e-01 4.748922444993413094e-01 3.801502883057416016e-01 0.000000000000000000e+00 3.964839561526242173e-01 0.000000000000000000e+00 3.637822866245302156e-01 0.000000000000000000e+00 3.927310563550709954e-01 4.660081019434547112e-01 3.773639800309531722e-01 0.000000000000000000e+00 3.110673224628188183e-01 4.668700383035699897e-01 3.403798107442326248e-01 4.533643377548159381e-01 0.000000000000000000e+00 4.460698068181818132e-01 3.532738927364557080e-01 4.494435904444942786e-01 3.632439178853842932e-01 0.000000000000000000e+00 3.748559203565868803e-01 4.823395785123966717e-01 4.026434983310045457e-01 0.000000000000000000e+00 3.737427229588928812e-01 0.000000000000000000e+00 3.457679370629370696e-01 0.000000000000000000e+00 3.739750721525920696e-01 0.000000000000000000e+00 0.000000000000000000e+00 3.755724392452830518e-01 3.868584960629921077e-01 0.000000000000000000e+00 3.997996569756223639e-01 4.508630461538462031e-01 0.000000000000000000e+00 0.000000000000000000e+00 0.000000000000000000e+00 0.000000000000000000e+00 0.000000000000000000e+00 0.000000000000000000e+00 0.000000000000000000e+00 4.237060671641790788e-01 4.325400898876404776e-01 0.000000000000000000e+00 0.000000000000000000e+00 0.000000000000000000e+00 0.000000000000000000e+00 0.000000000000000000e+00 0.000000000000000000e+00 0.000000000000000000e+00 4.185597623762375985e-01 0.000000000000000000e+00 0.000000000000000000e+00 0.000000000000000000e+00
4.666328649053159694e-01 3.188383860474745535e-01 4.520733891179482544e-01 2.927964343916172330e-01 4.111174134973300531e-01 2.248580069802713077e-01 4.587338430551637924e-01 2.540316271081359267e-01 4.409063526187599336e-01 2.682135261822846117e-01 4.526088014848583252e-01 3.150881328178180563e-01 4.361119507004259654e-01 2.764519793021512073e-01 4.364799230935630381e-01 2.856278740516575709e-01 4.575224147484378556e-01 3.766458917073458590e-01 4.898437669067304268e-01 3.706237792380326357e-01 0.000000000000000000e+00 0.000000000000000000e+00 4.597251758698337465e-01 3.082447175744525425e-01 4.267638070599630851e-01 2.589904331901027867e-01 4.180250847028122441e-01 3.060216507653996110e-01 4.536485700120387876e-01 3.341163720010152383e-01 4.211041636843779745e-01 3.343171839022387459e-01 4.830224434627061747e-01 3.946322399683021565e-01 0.000000000000000000e+00 0.000000000000000000e+00 3.751799000000000661e-01 4.204768186800826313e-01 0.000000000000000000e+00 3.832097068627450254e-01 0.000000000000000000e+00 0.000000000000000000e+00 0.000000000000000000e+00 3.885005909090908927e-01 0.000000000000000000e+00 3.744107978474794374e-01 0.000000000000000000e+00 4.419108082822642003e-01 0.000000000000000000e+00 3.512292951394332396e-01 0.000000000000000000e+00 3.481486843580879897e-01 0.000000000000000000e+00 3.236571251947632510e-01 0.000000000000000000e+00 3.296184162640574677e-01 4.568372837149370369e-01 3.596847664599159278e-01 4.667614288858000782e-01 3.935162509256313612e-01 4.347097132536137942e-01 3.498792412496875004e-01 0.000000000000000000e+00 3.439529551555011722e-01 4.142427214285714365e-01 3.534942629431758188e-01 4.671875150222894457e-01 4.083954678850749143e-01 4.628336626506023843e-01 3.935764090466435938e-01 4.849814158045299695e-01 3.174956705949510960e-01 4.191642515995557816e-01 3.385101487685018284e-01 0.000000000000000000e+00 2.901243306754221485e-01 4.519463109757843045e-01 3.636894715506650555e-01 4.706283185840707817e-01 0.000000000000000000e+00 0.000000000000000000e+00 3.941562431601478012e-01 0.000000000000000000e+00 3.704953242160856086e-01 4.200119641265229742e-01 3.651296993070438646e-01 0.000000000000000000e+00 3.731466966245831074e-01 4.293056929383116671e-01 3.597088923102392810e-01 4.444805252095844206e-01 0.000000000000000000e+00 4.282458928571428736e-01 4.156916583333333248e-01 4.042751049689439768e-01 3.920030192492997556e-01 0.000000000000000000e+00 3.925237669902913451e-01 0.000000000000000000e+00 0.000000000000000000e+00 0.000000000000000000e+00 0.000000000000000000e+00 4.073295564516128953e-01 3.509589672131147031e-01 4.191398243243242838e-01 0.000000000000000000e+00 0.000000000000000000e+00 0.000000000000000000e+00 0.000000000000000000e+00 0.000000000000000000e+00 0.000000000000000000e+00 0.000000000000000000e+00 0.000000000000000000e+00 0.000000000000000000e+00 0.000000000000000000e+00 0.000000000000000000e+00
3.528547450488560555e-01 0.000000000000000000e+00 2.281887638908045024e-01 4.358760140048478782e-01 1.862993089462888496e-01 4.327025549472461874e-01 2.178634289424310477e-01 4.409063526187599336e-01 1.738196979130692266e-01 3.820516126284040914e-01 3.688225778510297315e-01 0.000000000000000000e+00 2.774572049022627218e-01 0.000000000000000000e+00 2.479652947217864944e-01 4.826648974358974109e-01 3.605804342105263238e-01 0.000000000000000000e+00 3.449103474438293127e-01 0.000000000000000000e+00 0.000000000000000000e+00 0.000000000000000000e+00 3.147343855604013974e-01 4.339343815197242993e-01 1.494666548613992618e-01 4.359103201757154600e-01 2.722656179805341692e-01 4.288122601872765283e-01 3.255680901718853160e-01 0.000000000000000000e+00 3.316168731928992863e-01 4.299783556684771968e-01 3.571761399220499400e-01 0.000000000000000000e+00 0.000000000000000000e+00 0.000000000000000000e+00 4.133942297280202571e-01 0.000000000000000000e+00 0.000000000000000000e+00 0.000000000000000000e+00 3.748518145258102896e-01 0.000000000000000000e+00 0.000000000000000000e+00 0.000000000000000000e+00 0.000000000000000000e+00 0.000000000000000000e+00 4.283748838866225372e-01 0.000000000000000000e+00 0.000000000000000000e+00 0.000000000000000000e+00 4.273636071428570382e-01 0.000000000000000000e+00 0.000000000000000000e+00 0.000000000000000000e+00 4.012122058823529569e-01 0.000000000000000000e+00 3.711459040345999605e-01 0.000000000000000000e+00 0.000000000000000000e+00 0.000000000000000000e+00 4.007435115653160684e-01 0.000000000000000000e+00 3.835923036418343868e-01 0.000000000000000000e+00 3.908000729166666853e-01 0.000000000000000000e+00 3.280502434782608390e-01 0.000000000000000000e+00 3.883663070175438214e-01 0.000000000000000000e+00 3.028951960247424635e-01 4.750697756451651155e-01 3.310153293276672515e-01 0.000000000000000000e+00 0.000000000000000000e+00 0.000000000000000000e+00 3.340860311143984962e-01 2.616105555555555129e-01 0.000000000000000000e+00 0.000000000000000000e+00 3.600913923576828934e-01 0.000000000000000000e+00 3.847114318770711305e-01 0.000000000000000000e+00 3.725348529224035699e-01 0.000000000000000000e+00 3.637394979059457856e-01 0.000000000000000000e+00 3.860324299405776260e-01 0.000000000000000000e+00 0.000000000000000000e+00 0.000000000000000000e+00 0.000000000000000000e+00 0.000000000000000000e+00 3.657272777777776929e-01 3.955715326086956529e-01 0.000000000000000000e+00 0.000000000000000000e+00 0.000000000000000000e+00 0.000000000000000000e+00 0.000000000000000000e+00 0.000000000000000000e+00 0.000000000000000000e+00 0.000000000000000000e+00 0.000000000000000000e+00 0.000000000000000000e+00 0.000000000000000000e+00 0.000000000000000000e+00 0.000000000000000000e+00 0.000000000000000000e+00 0.000000000000000000e+00 0.000000000000000000e+00 0.000000000000000000e+00 0.000000000000000000e+00 0.000000000000000000e+00 0.000000000000000000e+00
0.000000000000000000e+00 3.329391537081192176e-01 4.113122232807694401e-01 2.785796544593190371e-01 4.121390142680494972e-01 2.013773279031914609e-01 4.136471015561575260e-01 2.682135261822846117e-01 3.820516126284040914e-01 1.936671466974405342e-01 4.238985298507462751e-01 3.280390076800160926e-01 4.178433059472888567e-01 3.069962882803464188e-01 4.546975999999999796e-01 2.502433224990981420e-01 0.000000000000000000e+00 3.632091813116987145e-01 0.000000000000000000e+00 3.490878763105764726e-01 3.913916829268292985e-01 0.000000000000000000e+00 4.015799336849675272e-01 3.128974872178805211e-01 4.222955439850807347e-01 2.790792230129867102e-01 4.280191647478771566e-01 2.409626785170475294e-01 0.000000000000000000e+00 3.314382649657439672e-01 3.672035962745942017e-01 3.337097108284504121e-01 4.353689096534653080e-01 3.537429007671226699e-01 0.000000000000000000e+00 0.000000000000000000e+00 0.000000000000000000e+00 0.000000000000000000e+00 0.000000000000000000e+00 3.048316666666667230e-01 0.000000000000000000e+00 0.000000000000000000e+00 0.000000000000000000e+00 0.000000000000000000e+00 0.000000000000000000e+00 0.000000000000000000e+00 0.000000000000000000e+00 4.335838978723404735e-01 0.000000000000000000e+00 0.000000000000000000e+00 0.000000000000000000e+00 3.124573780515391141e-01 0.000000000000000000e+00 0.000000000000000000e+00 0.000000000000000000e+00 3.423729054050806964e-01 0.000000000000000000e+00 4.267737586206897249e-01 4.240709423714036364e-01 3.405361338582676423e-01 0.000000000000000000e+00 3.282526805290818528e-01 0.000000000000000000e+00 4.125547443447258322e-01 0.000000000000000000e+00 2.720817795275590756e-01 3.727736219512195470e-01 3.685732645940451579e-01 0.000000000000000000e+00 3.905032103862530191e-01 4.970511612626498654e-01 3.115660673225488786e-01 3.799831877238685207e-01 3.273728761450509506e-01 0.000000000000000000e+00 0.000000000000000000e+00 3.700862515037594003e-01 3.464768487410702646e-01 0.000000000000000000e+00 0.000000000000000000e+00 4.334669578947369373e-01 3.722359952956574292e-01 0.000000000000000000e+00 3.311773780592509042e-01 3.824654240506328851e-01 3.566656618194799511e-01 0.000000000000000000e+00 3.584265730751760026e-01 0.000000000000000000e+00 3.394082577570226023e-01 0.000000000000000000e+00 3.783142991452991821e-01 0.000000000000000000e+00 0.000000000000000000e+00 3.870795847635510323e-01 3.784397857142857147e-01 0.000000000000000000e+00 0.000000000000000000e+00 0.000000000000000000e+00 0.000000000000000000e+00 0.000000000000000000e+00 0.000000000000000000e+00 0.000000000000000000e+00 0.000000000000000000e+00 0.000000000000000000e+00 0.000000000000000000e+00 0.000000000000000000e+00 0.000000000000000000e+00 0.000000000000000000e+00 0.000000000000000000e+00 0.000000000000000000e+00 0.000000000000000000e+00 0.000000000000000000e+00 0.000000000000000000e+00 0.000000000000000000e+00 0.000000000000000000e+00
3.033209733895247950e-01 4.431834827586206282e-01 3.672452169908698716e-01 4.455539086127131010e-01 3.174480121946667843e-01 3.624396466165414332e-01 3.329314904116519869e-01 4.526088014848583252e-01 3.688225778510297315e-01 4.238985298507462751e-01 2.509642382447337394e-01 4.317466850417943647e-01 3.035896117879756662e-01 4.218177221328475168e-01 3.574684975985456536e-01 3.931701123313343649e-01 3.318636245501960236e-01 4.297059021739130236e-01 3.806652330929886641e-01 4.763371563454904534e-01 3.896656233766234156e-01 0.000000000000000000e+00 3.687268338386302524e-01 4.559712215314418726e-01 0.000000000000000000e+00 3.708008284482757766e-01 3.059773043478261068e-01 0.000000000000000000e+00 3.107701908798659041e-01 4.480415559627936029e-01 3.606365649486376057e-01 4.093640902890388622e-01 3.720098538422439427e-01 4.707993245249350589e-01 4.090221742435646846e-01 0.000000000000000000e+00 4.196300037527831428e-01 0.000000000000000000e+00 0.000000000000000000e+00 0.000000000000000000e+00 3.827059347826087254e-01 0.000000000000000000e+00 0.000000000000000000e+00 5.127161937499999933e-01 0.000000000000000000e+00 0.000000000000000000e+00 0.000000000000000000e+00 0.000000000000000000e+00 0.000000000000000000e+00 0.000000000000000000e+00 3.459468485089828849e-01 0.000000000000000000e+00 0.000000000000000000e+00 0.000000000000000000e+00 3.689271254658385013e-01 0.000000000000000000e+00 3.711001490293138194e-01 0.000000000000000000e+00 4.100638791100499336e-01 0.000000000000000000e+00 3.953486864328645822e-01 0.000000000000000000e+00 3.989319279677385199e-01 0.000000000000000000e+00 3.938484185191571951e-01 4.506174285714285577e-01 4.010521282242801022e-01 0.000000000000000000e+00 4.015152227450979883e-01 0.000000000000000000e+00 3.375669915611792526e-01 4.601404743030100275e-01 3.977081407152594505e-01 4.181803204017108255e-01 0.000000000000000000e+00 4.239267113402062637e-01 3.954739066287519256e-01 4.450254735172778364e-01 3.788366028182470480e-01 0.000000000000000000e+00 3.895411001943365203e-01 0.000000000000000000e+00 0.000000000000000000e+00 0.000000000000000000e+00 3.964090720126998701e-01 0.000000000000000000e+00 3.829632192982456163e-01 0.000000000000000000e+00 3.996183533816493605e-01 4.022585925925926120e-01 0.000000000000000000e+00 0.000000000000000000e+00 0.000000000000000000e+00 0.000000000000000000e+00 4.005409727548481236e-01 4.264374631578947139e-01 0.000000000000000000e+00 0.000000000000000000e+00 0.000000000000000000e+00 0.000000000000000000e+00 0.000000000000000000e+00 0.000000000000000000e+00 0.000000000000000000e+00 0.000000000000000000e+00 4.560554743589743665e-01 0.000000000000000000e+00 0.000000000000000000e+00 0.000000000000000000e+00 0.000000000000000000e+00 0.000000000000000000e+00 0.000000000000000000e+00 0.000000000000000000e+00 0.000000000000000000e+00 4.329378666666666708e-01 0.000000000000000000e+00 0.000000000000000000e+00
4.654365552108724047e-01 3.377262938682771831e-01 4.613162230838618871e-01 3.597854853038091605e-01 0.000000000000000000e+00 3.275904120406675224e-01 4.537413351592428645e-01 3.150881328178180563e-01 0.000000000000000000e+00 3.280390076800160926e-01 4.317466850417943647e-01 2.723593958348630717e-01 4.376983613470977752e-01 2.936802586187318154e-01 0.000000000000000000e+00 3.474399133117389571e-01 4.556108532402329270e-01 3.071287713382653273e-01 4.842742855063543184e-01 3.976873396414313810e-01 0.000000000000000000e+00 0.000000000000000000e+00 4.609360260557399669e-01 3.678675190837084052e-01 0.000000000000000000e+00 0.000000000000000000e+00 0.000000000000000000e+00 0.000000000000000000e+00 0.000000000000000000e+00 3.368673516242378096e-01 4.312333277490030259e-01 3.660771341042482474e-01 4.570300900069488859e-01 3.805386356974732598e-01 0.000000000000000000e+00 4.073426484338061315e-01 0.000000000000000000e+00 4.856975618607141665e-01 0.000000000000000000e+00 3.992141298701298302e-01 0.000000000000000000e+00 0.000000000000000000e+00 0.000000000000000000e+00 4.521162035398230139e-01 0.000000000000000000e+00 3.622282165189794068e-01 0.000000000000000000e+00 0.000000000000000000e+00 0.000000000000000000e+00 3.445718784915012822e-01 0.000000000000000000e+00 3.639081894769752856e-01 0.000000000000000000e+00 3.207150204081632983e-01 0.000000000000000000e+00 3.536709858636511994e-01 0.000000000000000000e+00 3.668407395385288594e-01 0.000000000000000000e+00 4.030508010242412897e-01 4.583977981651375933e-01 3.846817259775226483e-01 0.000000000000000000e+00 3.937741697081720837e-01 0.000000000000000000e+00 3.947675606277556426e-01 4.560220394997075988e-01 4.043663630892734284e-01 0.000000000000000000e+00 4.118463819047618601e-01 4.713040562703585956e-01 3.454426288115343691e-01 4.467186063796960704e-01 3.889706522719286186e-01 0.000000000000000000e+00 0.000000000000000000e+00 4.428240611116396885e-01 3.965619126938958461e-01 0.000000000000000000e+00 3.924467105285189827e-01 0.000000000000000000e+00 4.076444802589421212e-01 0.000000000000000000e+00 3.913341981132075764e-01 0.000000000000000000e+00 4.068830009302554784e-01 0.000000000000000000e+00 4.016829444815614991e-01 4.283965028571429245e-01 4.132261773007782635e-01 0.000000000000000000e+00 0.000000000000000000e+00 0.000000000000000000e+00 4.196193603603602940e-01 4.459442002721858422e-01 0.000000000000000000e+00 0.000000000000000000e+00 0.000000000000000000e+00 0.000000000000000000e+00 0.000000000000000000e+00 0.000000000000000000e+00 0.000000000000000000e+00 0.000000000000000000e+00 4.418522170542636407e-01 0.000000000000000000e+00 0.000000000000000000e+00 0.000000000000000000e+00 0.000000000000000000e+00 0.000000000000000000e+00 0.000000000000000000e+00 0.000000000000000000e+00 0.000000000000000000e+00 0.000000000000000000e+00 0.000000000000000000e+00 0.000000000000000000e+00 0.000000000000000000e+00
3.508598709510770686e-01 0.000000000000000000e+00 3.203580526365099046e-01 4.229024588492243386e-01 3.005270164114015041e-01 4.476045697674418955e-01 2.776873172170081783e-01 4.361119507004259654e-01 2.774572049022627218e-01 4.178433059472888567e-01 3.035896117879756662e-01 4.376983613470977752e-01 2.496843642469102897e-01 4.358028934646201447e-01 2.719952208642931191e-01 4.280070588991839453e-01 3.723886921876857214e-01 0.000000000000000000e+00 3.739432675800318240e-01 4.555654369804129633e-01 0.000000000000000000e+00 0.000000000000000000e+00 3.419328533013938909e-01 4.354654753443573112e-01 3.256004484206614369e-01 4.362380824839359184e-01 3.241692483147164405e-01 0.000000000000000000e+00 3.286432456734594831e-01 4.121708240500616127e-01 3.381136452408728954e-01 4.369640317933942142e-01 3.583269828910161103e-01 4.720539142514562636e-01 0.000000000000000000e+00 0.000000000000000000e+00 4.258690045676932212e-01 0.000000000000000000e+00 0.000000000000000000e+00 0.000000000000000000e+00 0.000000000000000000e+00 0.000000000000000000e+00 4.409217280000000128e-01 0.000000000000000000e+00 0.000000000000000000e+00 0.000000000000000000e+00 4.142939748280865531e-01 0.000000000000000000e+00 0.000000000000000000e+00 0.000000000000000000e+00 3.864450732163534630e-01 0.000000000000000000e+00 0.000000000000000000e+00 0.000000000000000000e+00 4.300533020134228446e-01 0.000000000000000000e+00 3.900724453920830781e-01 0.000000000000000000e+00 3.947907995203698284e-01 0.000000000000000000e+00 4.015870163654539637e-01 0.000000000000000000e+00 3.913082303996865408e-01 0.000000000000000000e+00 3.938978096849620747e-01 0.000000000000000000e+00 3.910088913472965499e-01 0.000000000000000000e+00 3.898900794125054192e-01 0.000000000000000000e+00 3.124050815525886149e-01 4.495033442518798772e-01 3.711911573005793330e-01 3.912446879268959843e-01 0.000000000000000000e+00 0.000000000000000000e+00 3.786710528374150342e-01 4.514804654474194323e-01 3.570387982502306046e-01 0.000000000000000000e+00 3.859964509954662004e-01 0.000000000000000000e+00 0.000000000000000000e+00 0.000000000000000000e+00 3.967750682640946436e-01 0.000000000000000000e+00 3.885068583662714126e-01 0.000000000000000000e+00 3.906887734985479699e-01 4.286317823129252025e-01 0.000000000000000000e+00 0.000000000000000000e+00 0.000000000000000000e+00 0.000000000000000000e+00 3.901177269884844034e-01 0.000000000000000000e+00 0.000000000000000000e+00 0.000000000000000000e+00 0.000000000000000000e+00 0.000000000000000000e+00 0.000000000000000000e+00 0.000000000000000000e+00 0.000000000000000000e+00 0.000000000000000000e+00 0.000000000000000000e+00 0.000000000000000000e+00 0.000000000000000000e+00 0.000000000000000000e+00 0.000000000000000000e+00 0.000000000000000000e+00 0.000000000000000000e+00 0.000000000000000000e+00 0.000000000000000000e+00 0.000000000000000000e+00 4.117542278846154091e-01 0.000000000000000000e+00
