2.894983852791311874e-01 4.655540524078887743e-01 3.400234731953143963e-01 4.800550895739776336e-01 3.385984902972027921e-01 0.000000000000000000e+00 3.439226684944209356e-01 4.715348897292938046e-01 3.126388022990886362e-01 0.000000000000000000e+00 3.355311739521344427e-01 4.706136766581189845e-01 3.695083806990612230e-01 4.507433986000737858e-01 3.652465863924820866e-01 0.000000000000000000e+00 2.788020427250721411e-01 4.494903706090589979e-01 3.675976066488028660e-01 4.813287013979956619e-01 0.000000000000000000e+00 0.000000000000000000e+00 3.776762027346766137e-01 4.738027154043646938e-01 0.000000000000000000e+00 0.000000000000000000e+00 0.000000000000000000e+00 0.000000000000000000e+00 3.899263456487230273e-01 4.633198676120558468e-01 4.226222554523672570e-01 4.341260236451338628e-01 4.442118090649129214e-01 4.787711019622606368e-01 0.000000000000000000e+00 4.452599494949494585e-01 4.511223744519071155e-01 5.228944315789473274e-01 0.000000000000000000e+00 5.115157027027027459e-01 4.186439606481481834e-01 0.000000000000000000e+00 4.026631068046055417e-01 0.000000000000000000e+00 4.191423947455472088e-01 0.000000000000000000e+00 0.000000000000000000e+00 0.000000000000000000e+00 4.166109269810402416e-01 4.610366058736809491e-01 4.147996002804185678e-01 4.501495622805091745e-01 3.967238668535317259e-01 0.000000000000000000e+00 4.001580455723692253e-01 0.000000000000000000e+00 3.037644779103312875e-01 4.602926434621657514e-01 4.241009766353965871e-01 4.602077100939468979e-01 4.303759499264540600e-01 0.000000000000000000e+00 4.107061957830702714e-01 4.561051517857142579e-01 4.335605382357009541e-01 4.546188809523809549e-01 4.098986856023914549e-01 4.822244121465310007e-01 2.791573696772748914e-01 4.677127209602691682e-01 3.585054492533074066e-01 4.793168004978421992e-01 3.643993896024853574e-01 4.530879442152955239e-01 0.000000000000000000e+00 0.000000000000000000e+00 3.846548931239217595e-01 4.524150443657083964e-01 4.689093800000000423e-01 0.000000000000000000e+00 3.695003921044988093e-01 0.000000000000000000e+00 0.000000000000000000e+00 0.000000000000000000e+00 4.242021380601769809e-01 4.371430863309352377e-01 0.000000000000000000e+00 0.000000000000000000e+00 4.064717852815042942e-01 4.301394266666666022e-01 4.371044762565512998e-01 0.000000000000000000e+00 4.275842885319122710e-01 3.805161913422397957e-01 4.446980938524525695e-01 4.438066220296740805e-01 4.749657946693310873e-01 0.000000000000000000e+00 4.860704959946279824e-01 3.894055827338129272e-01 4.378804573399882605e-01 0.000000000000000000e+00 4.545962365859234633e-01 4.255188930795136271e-01 4.600001056477325267e-01 4.326959230769230613e-01 4.342328446601941838e-01 0.000000000000000000e+00 4.348536914893617045e-01 4.381491174358974616e-01 4.066861862745097533e-01 4.544638827586206520e-01 0.000000000000000000e+00 4.068986870748299012e-01 0.000000000000000000e+00 0.000000000000000000e+00
4.655540524078887743e-01 2.802096879161508070e-01 4.850997512807980749e-01 3.290193460790956648e-01 0.000000000000000000e+00 3.264151937994086983e-01 4.611552932542875571e-01 2.954823240339036761e-01 0.000000000000000000e+00 3.420914496430612073e-01 4.477207774350563385e-01 3.196217683670838916e-01 0.000000000000000000e+00 3.511156375510362526e-01 0.000000000000000000e+00 3.796271021328828099e-01 4.586527787374317655e-01 3.014879239970926217e-01 4.857443271125770345e-01 3.452628064257673435e-01 0.000000000000000000e+00 0.000000000000000000e+00 4.565369153626082088e-01 3.996196934375583765e-01 0.000000000000000000e+00 0.000000000000000000e+00 0.000000000000000000e+00 0.000000000000000000e+00 4.719203263050401609e-01 3.939890323163338648e-01 4.290702164347997005e-01 4.857170546874999828e-01 4.860823046712275941e-01 4.534643475091637566e-01 4.543831847826086956e-01 0.000000000000000000e+00 4.973676511855862348e-01 4.871727891330105420e-01 0.000000000000000000e+00 5.007044572933251336e-01 0.000000000000000000e+00 3.948394922906111604e-01 0.000000000000000000e+00 4.167678484848484355e-01 4.676364920372050316e-01 4.110820966930083808e-01 0.000000000000000000e+00 4.712955035460992259e-01 4.580735748031496413e-01 4.020724280291307351e-01 4.754482280701754493e-01 4.074204364964364999e-01 0.000000000000000000e+00 3.826407119977067173e-01 0.000000000000000000e+00 4.130815658759034448e-01 4.604161551044148593e-01 3.177120264588118026e-01 5.007728305084746534e-01 3.894393028241444066e-01 0.000000000000000000e+00 3.828817551220720650e-01 0.000000000000000000e+00 3.883874510011517955e-01 0.000000000000000000e+00 3.930907603012012697e-01 4.674172184925952656e-01 4.003448964921804132e-01 4.812980027033994523e-01 3.082271025446872703e-01 4.641282698800498485e-01 3.609554635933097111e-01 4.494282359769936064e-01 3.789171380032604342e-01 0.000000000000000000e+00 4.236478902439023142e-01 4.435361308597050023e-01 3.809384100302369291e-01 0.000000000000000000e+00 4.301071403186274567e-01 4.381449925024827330e-01 4.139709759303570324e-01 0.000000000000000000e+00 3.182306440367644318e-01 0.000000000000000000e+00 4.304135844990276127e-01 0.000000000000000000e+00 4.077044047496487522e-01 0.000000000000000000e+00 4.364197409380934367e-01 4.520205756572014955e-01 4.236215991363683764e-01 4.688634693920334939e-01 4.150639860416287519e-01 4.436222680512981187e-01 4.382481217083208369e-01 4.441129769115181869e-01 3.913711363636364626e-01 4.559855574297743686e-01 4.657388497664638471e-01 0.000000000000000000e+00 4.118925931621502667e-01 4.461143072310608804e-01 4.256582786848902566e-01 4.112043586206897139e-01 4.139597122046312361e-01 0.000000000000000000e+00 0.000000000000000000e+00 0.000000000000000000e+00 0.000000000000000000e+00 4.343272589285714913e-01 0.000000000000000000e+00 3.699782641509434256e-01 4.190319249434127369e-01 3.977593496283342023e-01 0.000000000000000000e+00
3.400234731953143963e-01 4.850997512807980749e-01 2.677034595391794003e-01 4.597345423419724741e-01 2.088966808676228915e-01 4.341123313072215439e-01 2.791053943031037154e-01 4.589733623671597429e-01 2.387890362207465700e-01 4.419363502757285289e-01 4.034000196480587719e-01 4.700638545734136531e-01 3.471625314304554455e-01 4.425820118806727543e-01 3.294027910979788198e-01 4.531747153767211045e-01 3.807813722965004422e-01 4.790930197530864909e-01 3.304937716728412189e-01 4.931192084991308233e-01 3.212118069277108412e-01 0.000000000000000000e+00 2.583063761883898080e-01 4.516267288103398281e-01 2.293747503285710199e-01 4.220072102386276947e-01 2.349773608741966002e-01 4.473843845611823467e-01 3.362608953807981749e-01 4.582564475995095643e-01 3.879463045174188496e-01 4.361162287028549911e-01 4.173449050353105205e-01 4.768323774122918968e-01 4.569703205857870709e-01 0.000000000000000000e+00 4.208421591906890691e-01 0.000000000000000000e+00 4.581992444444444312e-01 0.000000000000000000e+00 3.905718939393939548e-01 3.965699015151515350e-01 3.967578281250000449e-01 0.000000000000000000e+00 4.380569068175302339e-01 0.000000000000000000e+00 0.000000000000000000e+00 0.000000000000000000e+00 4.294539355240274969e-01 0.000000000000000000e+00 4.002887489053425507e-01 0.000000000000000000e+00 3.917821940800711444e-01 0.000000000000000000e+00 3.940144154532425058e-01 0.000000000000000000e+00 4.040180806208736319e-01 4.726830418570416303e-01 4.270879491242545178e-01 4.588427682331792656e-01 4.281226506432110335e-01 0.000000000000000000e+00 3.988432222222221823e-01 4.448613367117116857e-01 3.941078564452836219e-01 0.000000000000000000e+00 4.356118989345543757e-01 4.883901629356154350e-01 4.113472701260931785e-01 0.000000000000000000e+00 3.487631906982122110e-01 4.698155490089047648e-01 3.481019244378950050e-01 4.486824913132356207e-01 0.000000000000000000e+00 0.000000000000000000e+00 3.869399666593802967e-01 4.691940390322580923e-01 0.000000000000000000e+00 0.000000000000000000e+00 3.629568370494424268e-01 4.110341448275862120e-01 0.000000000000000000e+00 0.000000000000000000e+00 3.769312090490019584e-01 0.000000000000000000e+00 0.000000000000000000e+00 0.000000000000000000e+00 3.733927930094392833e-01 0.000000000000000000e+00 4.177006444633006299e-01 4.049193521126761008e-01 4.244485247862447297e-01 4.102842645750661710e-01 4.275621850781979316e-01 4.289937229778197358e-01 4.266955143387318183e-01 0.000000000000000000e+00 0.000000000000000000e+00 0.000000000000000000e+00 0.000000000000000000e+00 0.000000000000000000e+00 4.249835230387118967e-01 4.315131436589008662e-01 4.651935422901756212e-01 4.386350242413466494e-01 0.000000000000000000e+00 0.000000000000000000e+00 0.000000000000000000e+00 0.000000000000000000e+00 0.000000000000000000e+00 0.000000000000000000e+00 0.000000000000000000e+00 4.240329369369368884e-01 0.000000000000000000e+00 4.269372833899055530e-01
4.800550895739776336e-01 3.290193460790956648e-01 4.597345423419724741e-01 2.626460259485018933e-01 4.331879164861999199e-01 2.140159407503639810e-01 4.568250835142269595e-01 2.959264535274079289e-01 4.585121429614202881e-01 2.922706338514063362e-01 4.711922646835113859e-01 3.847339086380880957e-01 4.535243408429504575e-01 3.453979307839080692e-01 4.540396000022912104e-01 3.292360049507748188e-01 4.691626199999999747e-01 3.870617416876522277e-01 4.874747427518947296e-01 3.000247382875755875e-01 0.000000000000000000e+00 3.183795890609472101e-01 4.405865136325062825e-01 2.518395213921433839e-01 3.855217853507659775e-01 2.750368537605505370e-01 4.210337166386082797e-01 2.907703866499656287e-01 4.683780850878288549e-01 3.570111664221162218e-01 4.091880240771824662e-01 3.394780345794204957e-01 4.887651922404581684e-01 3.841281430589468804e-01 0.000000000000000000e+00 4.773236502567808071e-01 4.393777661290322323e-01 4.300873446164560354e-01 0.000000000000000000e+00 4.723719724736580305e-01 0.000000000000000000e+00 3.470730171090137262e-01 0.000000000000000000e+00 4.459210000000000118e-01 0.000000000000000000e+00 4.197380181245844444e-01 0.000000000000000000e+00 4.463914950495049272e-01 4.739013658536585516e-01 4.140587804689552232e-01 0.000000000000000000e+00 4.157634228786013519e-01 0.000000000000000000e+00 4.121969916354871755e-01 4.325464276729559798e-01 4.108171162774858498e-01 4.896756321839080828e-01 3.812404416247582861e-01 3.818895882352941196e-01 3.938095338295788950e-01 0.000000000000000000e+00 3.744218880978260056e-01 0.000000000000000000e+00 3.472788188886002381e-01 0.000000000000000000e+00 4.073727878599368579e-01 4.685152339331451476e-01 4.225646845608427293e-01 4.885369905920041167e-01 4.032653369119206244e-01 4.576470047198004099e-01 3.607562454450499723e-01 4.391537366438349466e-01 3.626804869666367392e-01 0.000000000000000000e+00 3.645268145306492791e-01 4.399298242125999070e-01 3.817209638398128546e-01 0.000000000000000000e+00 3.769872586112629764e-01 0.000000000000000000e+00 3.850738432687794144e-01 0.000000000000000000e+00 3.896078716404329234e-01 4.604832620689655043e-01 4.013830017423901664e-01 0.000000000000000000e+00 3.775946193548386787e-01 4.225990254777069466e-01 3.975481456497819699e-01 4.351951688292140519e-01 4.067207524404342078e-01 4.319801847332713218e-01 4.121458454006571848e-01 0.000000000000000000e+00 4.317288824919032209e-01 4.430210609986601211e-01 0.000000000000000000e+00 4.017417211015343326e-01 0.000000000000000000e+00 0.000000000000000000e+00 3.682231343283581815e-01 3.998174025108771623e-01 4.033387974979659174e-01 4.538814766355140917e-01 3.865159203639644825e-01 0.000000000000000000e+00 0.000000000000000000e+00 0.000000000000000000e+00 0.000000000000000000e+00 0.000000000000000000e+00 0.000000000000000000e+00 4.319387839999999645e-01 4.085570555555555483e-01 3.783407594880057179e-01 3.962144205607476266e-01
3.385984902972027921e-01 0.000000000000000000e+00 2.088966808676228915e-01 4.331879164861999199e-01 1.992298842040583773e-01 4.233833475084475273e-01 2.765140754580599491e-01 4.395771259654910890e-01 2.362574915756025518e-01 4.469567766011732779e-01 3.750390925925924934e-01 0.000000000000000000e+00 3.369358264052534357e-01 4.047355110000001033e-01 2.787452768673502335e-01 4.458386952599605046e-01 0.000000000000000000e+00 0.000000000000000000e+00 3.707288678496433731e-01 0.000000000000000000e+00 3.135038103979120860e-01 0.000000000000000000e+00 2.486421036344347024e-01 4.043805347250061799e-01 1.640698820188361551e-01 4.116349093523376523e-01 1.964765432553443603e-01 4.311094247419605674e-01 3.289057600016189187e-01 0.000000000000000000e+00 2.332133049937779867e-01 3.886466602442711915e-01 3.562226164093710845e-01 4.087213403031546011e-01 0.000000000000000000e+00 0.000000000000000000e+00 0.000000000000000000e+00 0.000000000000000000e+00 0.000000000000000000e+00 0.000000000000000000e+00 0.000000000000000000e+00 0.000000000000000000e+00 0.000000000000000000e+00 0.000000000000000000e+00 0.000000000000000000e+00 0.000000000000000000e+00 4.270734720000000650e-01 0.000000000000000000e+00 4.361568053333333972e-01 0.000000000000000000e+00 4.385054588235294259e-01 0.000000000000000000e+00 0.000000000000000000e+00 0.000000000000000000e+00 0.000000000000000000e+00 0.000000000000000000e+00 0.000000000000000000e+00 0.000000000000000000e+00 0.000000000000000000e+00 0.000000000000000000e+00 0.000000000000000000e+00 0.000000000000000000e+00 0.000000000000000000e+00 0.000000000000000000e+00 3.538579731532291994e-01 0.000000000000000000e+00 3.922129815473912595e-01 0.000000000000000000e+00 4.182871205673758808e-01 0.000000000000000000e+00 3.218896960546686614e-01 4.263234076650943560e-01 3.345058078547531455e-01 3.562163928571427940e-01 0.000000000000000000e+00 0.000000000000000000e+00 3.340218823660107139e-01 0.000000000000000000e+00 0.000000000000000000e+00 0.000000000000000000e+00 3.499726613970588485e-01 0.000000000000000000e+00 3.133589756097560630e-01 0.000000000000000000e+00 3.684526224829964836e-01 0.000000000000000000e+00 0.000000000000000000e+00 0.000000000000000000e+00 3.740305247035573544e-01 0.000000000000000000e+00 0.000000000000000000e+00 0.000000000000000000e+00 3.793146275862069317e-01 3.874371826086956405e-01 0.000000000000000000e+00 0.000000000000000000e+00 0.000000000000000000e+00 0.000000000000000000e+00 0.000000000000000000e+00 0.000000000000000000e+00 0.000000000000000000e+00 0.000000000000000000e+00 0.000000000000000000e+00 4.074186615384615684e-01 4.030189009009009227e-01 0.000000000000000000e+00 0.000000000000000000e+00 0.000000000000000000e+00 0.000000000000000000e+00 0.000000000000000000e+00 0.000000000000000000e+00 0.000000000000000000e+00 0.000000000000000000e+00 0.000000000000000000e+00 0.000000000000000000e+00 0.000000000000000000e+00
0.000000000000000000e+00 3.264151937994086983e-01 4.341123313072215439e-01 2.140159407503639810e-01 4.233833475084475273e-01 1.662133687644105906e-01 4.343784570216123186e-01 2.478301432469986187e-01 4.261143068576053183e-01 1.949757820144209786e-01 3.977471028037382617e-01 3.091736192104210801e-01 3.981886329113923928e-01 2.925672049218691617e-01 4.274414025664528549e-01 2.378982809918508967e-01 0.000000000000000000e+00 0.000000000000000000e+00 4.428972881355931479e-01 3.482674436833262943e-01 0.000000000000000000e+00 2.324928977444295219e-01 4.197693761740791119e-01 2.011335595349054151e-01 4.045346957598204285e-01 2.089244116312856114e-01 4.009307669902912874e-01 1.932952683811097749e-01 0.000000000000000000e+00 2.556058448171882325e-01 3.835223463332068095e-01 2.970414918429151174e-01 3.966884198019802188e-01 3.705133607499246362e-01 0.000000000000000000e+00 4.646627970873785651e-01 0.000000000000000000e+00 0.000000000000000000e+00 0.000000000000000000e+00 4.001644351145038359e-01 0.000000000000000000e+00 0.000000000000000000e+00 0.000000000000000000e+00 0.000000000000000000e+00 0.000000000000000000e+00 0.000000000000000000e+00 0.000000000000000000e+00 4.058812790697673978e-01 0.000000000000000000e+00 0.000000000000000000e+00 0.000000000000000000e+00 3.471881225370926916e-01 0.000000000000000000e+00 3.468836037078933954e-01 0.000000000000000000e+00 0.000000000000000000e+00 0.000000000000000000e+00 3.800236137931034541e-01 0.000000000000000000e+00 3.720755207692307831e-01 0.000000000000000000e+00 0.000000000000000000e+00 0.000000000000000000e+00 0.000000000000000000e+00 0.000000000000000000e+00 3.314044956521738916e-01 0.000000000000000000e+00 0.000000000000000000e+00 0.000000000000000000e+00 0.000000000000000000e+00 4.663051903819249167e-01 3.373764814356182695e-01 4.182385304964539863e-01 3.106779821981648371e-01 0.000000000000000000e+00 0.000000000000000000e+00 0.000000000000000000e+00 3.142939418565736664e-01 0.000000000000000000e+00 0.000000000000000000e+00 0.000000000000000000e+00 3.592037142857142928e-01 0.000000000000000000e+00 0.000000000000000000e+00 0.000000000000000000e+00 3.449476618899224301e-01 0.000000000000000000e+00 0.000000000000000000e+00 0.000000000000000000e+00 3.668329024248450643e-01 0.000000000000000000e+00 0.000000000000000000e+00 0.000000000000000000e+00 0.000000000000000000e+00 0.000000000000000000e+00 0.000000000000000000e+00 0.000000000000000000e+00 0.000000000000000000e+00 0.000000000000000000e+00 0.000000000000000000e+00 0.000000000000000000e+00 0.000000000000000000e+00 0.000000000000000000e+00 0.000000000000000000e+00 0.000000000000000000e+00 0.000000000000000000e+00 0.000000000000000000e+00 0.000000000000000000e+00 0.000000000000000000e+00 0.000000000000000000e+00 0.000000000000000000e+00 0.000000000000000000e+00 0.000000000000000000e+00 0.000000000000000000e+00 0.000000000000000000e+00 0.000000000000000000e+00
3.439226684944209356e-01 4.611552932542875571e-01 2.791053943031037154e-01 4.568250835142269595e-01 2.765140754580599491e-01 4.343784570216123186e-01 2.750882927343492601e-01 4.504188592976575145e-01 2.752998188670517932e-01 4.409320548462509759e-01 3.496337122791945418e-01 4.472964408663572811e-01 2.956860354397298218e-01 4.323429909867680943e-01 3.259382879336396033e-01 4.385538320595199213e-01 3.663924127144661536e-01 4.622194605263158507e-01 3.904892902849095848e-01 4.763029064737777096e-01 4.187660769230768798e-01 0.000000000000000000e+00 3.343835630433540373e-01 4.438620235654892054e-01 2.494539665234722092e-01 4.123725779699158323e-01 2.770214107339378229e-01 3.983771814426844138e-01 3.359728807155905050e-01 4.435770068174358371e-01 3.788313616733296474e-01 4.468860059086383063e-01 4.242620038553712725e-01 4.682206836471092815e-01 0.000000000000000000e+00 0.000000000000000000e+00 4.241199128938184515e-01 4.467758207152061622e-01 3.781944501818619853e-01 0.000000000000000000e+00 4.019083571428571644e-01 0.000000000000000000e+00 4.376776119249075059e-01 0.000000000000000000e+00 4.444967093278810455e-01 4.795827461538462178e-01 4.284620176991150164e-01 0.000000000000000000e+00 4.142184951863077114e-01 0.000000000000000000e+00 3.976443595824430965e-01 3.976848483146067648e-01 3.850233573911608365e-01 0.000000000000000000e+00 3.911083242320529396e-01 0.000000000000000000e+00 3.976206934706673080e-01 4.537830958904109369e-01 4.203032222874141799e-01 4.440887554885677990e-01 4.242010288075443447e-01 0.000000000000000000e+00 3.776849770411103147e-01 4.508514011258460963e-01 4.072637462082814297e-01 0.000000000000000000e+00 4.241529436565329991e-01 4.834245973013658326e-01 3.883837367494096249e-01 0.000000000000000000e+00 3.153270909227146590e-01 4.797735057093983069e-01 3.326577547996019124e-01 4.442084718180898117e-01 0.000000000000000000e+00 0.000000000000000000e+00 3.810347011953356122e-01 4.161243353008094448e-01 3.815106666666666091e-01 0.000000000000000000e+00 3.612165851426816232e-01 0.000000000000000000e+00 0.000000000000000000e+00 0.000000000000000000e+00 3.924957661958063393e-01 4.313933341200879013e-01 3.903015632649972644e-01 0.000000000000000000e+00 3.849006088161778250e-01 0.000000000000000000e+00 4.384787403707099962e-01 4.497163354407767710e-01 4.331800873015874132e-01 4.361524308805969641e-01 4.415573599192000320e-01 4.009560910453215943e-01 0.000000000000000000e+00 0.000000000000000000e+00 0.000000000000000000e+00 3.893832290076335578e-01 0.000000000000000000e+00 4.378776119402984501e-01 0.000000000000000000e+00 4.126283524590163565e-01 4.488075098481336123e-01 4.089956776873809874e-01 0.000000000000000000e+00 0.000000000000000000e+00 0.000000000000000000e+00 0.000000000000000000e+00 0.000000000000000000e+00 0.000000000000000000e+00 0.000000000000000000e+00 4.039993898305085929e-01 4.446918108108108281e-01 0.000000000000000000e+00
4.715348897292938046e-01 2.954823240339036761e-01 4.589733623671597429e-01 2.959264535274079289e-01 4.395771259654910890e-01 2.478301432469986187e-01 4.504188592976575145e-01 2.634336653106048032e-01 4.436663666991006449e-01 2.583243256214080019e-01 4.703203984937573412e-01 3.270028617842114516e-01 4.413927456198256660e-01 2.662109768020512468e-01 4.358637683740601010e-01 2.796275890568332700e-01 4.442275670850444613e-01 3.824769197872024962e-01 4.818537699863402191e-01 3.746555839512962227e-01 0.000000000000000000e+00 0.000000000000000000e+00 4.471984823492027861e-01 3.513469319202306984e-01 4.437879978571427908e-01 3.122225548419247931e-01 4.120486932692307702e-01 3.093801477110775799e-01 4.415063064034813745e-01 3.551532829118123624e-01 4.062836264400730424e-01 3.765943150643967230e-01 4.726035339653428258e-01 3.842775186948268473e-01 0.000000000000000000e+00 0.000000000000000000e+00 4.891559565908330520e-01 4.214848588747511227e-01 0.000000000000000000e+00 4.241734260727759720e-01 0.000000000000000000e+00 0.000000000000000000e+00 0.000000000000000000e+00 3.890910803571427934e-01 0.000000000000000000e+00 4.132443363814888304e-01 0.000000000000000000e+00 0.000000000000000000e+00 4.355854343089430314e-01 3.991309153999705317e-01 4.211946709677418244e-01 3.971994014084172520e-01 4.428537898089171532e-01 3.934441309891608674e-01 0.000000000000000000e+00 3.948904511787456606e-01 4.701019599155681905e-01 3.823910398518202691e-01 4.889264704009264051e-01 3.993233708763531120e-01 0.000000000000000000e+00 3.779801506274749201e-01 0.000000000000000000e+00 3.749156676767466667e-01 0.000000000000000000e+00 3.920232616929056890e-01 4.610298538899380016e-01 4.226069504963694268e-01 4.639936156084656371e-01 4.178533349826155097e-01 4.705923527300071019e-01 3.139404823613778928e-01 4.351253319366778505e-01 3.480253276089361747e-01 0.000000000000000000e+00 3.213688275745257839e-01 4.516379284874775246e-01 3.607560276823174594e-01 0.000000000000000000e+00 3.622393278688524898e-01 0.000000000000000000e+00 4.029312697939796961e-01 0.000000000000000000e+00 3.847710202456941508e-01 0.000000000000000000e+00 4.034593111190361014e-01 0.000000000000000000e+00 3.913569710168863236e-01 0.000000000000000000e+00 4.022671210930455210e-01 4.042513635694626184e-01 3.868624296296296339e-01 4.000809217832495546e-01 4.307106639999999653e-01 4.185864159983115895e-01 4.363339141434980917e-01 4.341141714704692678e-01 0.000000000000000000e+00 0.000000000000000000e+00 0.000000000000000000e+00 0.000000000000000000e+00 0.000000000000000000e+00 4.046240000000000392e-01 4.349026140271930463e-01 4.297523500000000607e-01 3.992601809184652684e-01 0.000000000000000000e+00 0.000000000000000000e+00 0.000000000000000000e+00 0.000000000000000000e+00 0.000000000000000000e+00 0.000000000000000000e+00 0.000000000000000000e+00 4.015001404761905368e-01 3.548949702970297659e-01 0.000000000000000000e+00
3.126388022990886362e-01 0.000000000000000000e+00 2.387890362207465700e-01 4.585121429614202881e-01 2.362574915756025518e-01 4.261143068576053183e-01 2.752998188670517932e-01 4.436663666991006449e-01 2.097017672727274629e-01 4.470691320652173673e-01 3.593562714285714055e-01 0.000000000000000000e+00 3.181105373763212785e-01 3.914359450549450559e-01 2.409732177365482009e-01 4.582429589358010258e-01 0.000000000000000000e+00 0.000000000000000000e+00 3.715549350649350879e-01 0.000000000000000000e+00 3.440563304818789470e-01 0.000000000000000000e+00 2.982341412511719803e-01 4.446487539887309381e-01 2.241742834867854750e-01 4.113808111111110777e-01 2.484506562519727957e-01 4.167163499999999576e-01 3.078053975499357442e-01 0.000000000000000000e+00 2.478022206816059836e-01 4.218703765299912645e-01 4.062528924731182989e-01 0.000000000000000000e+00 0.000000000000000000e+00 0.000000000000000000e+00 3.761095000000000410e-01 4.089841946308724885e-01 0.000000000000000000e+00 0.000000000000000000e+00 0.000000000000000000e+00 0.000000000000000000e+00 0.000000000000000000e+00 0.000000000000000000e+00 0.000000000000000000e+00 0.000000000000000000e+00 4.043414958677686299e-01 0.000000000000000000e+00 0.000000000000000000e+00 0.000000000000000000e+00 3.894515424390243563e-01 0.000000000000000000e+00 0.000000000000000000e+00 0.000000000000000000e+00 0.000000000000000000e+00 0.000000000000000000e+00 0.000000000000000000e+00 0.000000000000000000e+00 0.000000000000000000e+00 0.000000000000000000e+00 4.123328234943777204e-01 0.000000000000000000e+00 0.000000000000000000e+00 0.000000000000000000e+00 4.170980000000000798e-01 0.000000000000000000e+00 0.000000000000000000e+00 0.000000000000000000e+00 3.807629512195121468e-01 0.000000000000000000e+00 3.184875082686033365e-01 0.000000000000000000e+00 3.346174978888331042e-01 4.542261521739130448e-01 0.000000000000000000e+00 0.000000000000000000e+00 3.355239771963478002e-01 0.000000000000000000e+00 0.000000000000000000e+00 0.000000000000000000e+00 3.862474271844660301e-01 0.000000000000000000e+00 0.000000000000000000e+00 0.000000000000000000e+00 3.865721313178486218e-01 0.000000000000000000e+00 0.000000000000000000e+00 0.000000000000000000e+00 0.000000000000000000e+00 0.000000000000000000e+00 4.041655522388059585e-01 0.000000000000000000e+00 0.000000000000000000e+00 0.000000000000000000e+00 0.000000000000000000e+00 4.008834178532311165e-01 0.000000000000000000e+00 0.000000000000000000e+00 0.000000000000000000e+00 0.000000000000000000e+00 0.000000000000000000e+00 0.000000000000000000e+00 0.000000000000000000e+00 0.000000000000000000e+00 0.000000000000000000e+00 0.000000000000000000e+00 0.000000000000000000e+00 0.000000000000000000e+00 0.000000000000000000e+00 0.000000000000000000e+00 0.000000000000000000e+00 0.000000000000000000e+00 0.000000000000000000e+00 0.000000000000000000e+00 0.000000000000000000e+00 0.000000000000000000e+00
0.000000000000000000e+00 3.420914496430612073e-01 4.419363502757285289e-01 2.922706338514063362e-01 4.469567766011732779e-01 1.949757820144209786e-01 4.409320548462509759e-01 2.583243256214080019e-01 4.470691320652173673e-01 2.084351415751354020e-01 0.000000000000000000e+00 3.518512500911050167e-01 4.188248193548386733e-01 3.367847069073521271e-01 4.594472856843451747e-01 2.500047997848603432e-01 0.000000000000000000e+00 3.349276955515748666e-01 4.178394824561403320e-01 3.642061885286183576e-01 0.000000000000000000e+00 3.113923954261356708e-01 4.340065014478627359e-01 3.293619067268391820e-01 4.180311623934913068e-01 2.870001312168434793e-01 0.000000000000000000e+00 2.367019451977272204e-01 0.000000000000000000e+00 3.258989662822924238e-01 4.069398601629474199e-01 3.259263622906861113e-01 0.000000000000000000e+00 3.688863226864341205e-01 0.000000000000000000e+00 0.000000000000000000e+00 0.000000000000000000e+00 3.986568161764706408e-01 0.000000000000000000e+00 0.000000000000000000e+00 0.000000000000000000e+00 0.000000000000000000e+00 0.000000000000000000e+00 0.000000000000000000e+00 0.000000000000000000e+00 4.015572254335259550e-01 0.000000000000000000e+00 0.000000000000000000e+00 0.000000000000000000e+00 3.486409674580742135e-01 0.000000000000000000e+00 3.532703731343283526e-01 0.000000000000000000e+00 0.000000000000000000e+00 0.000000000000000000e+00 0.000000000000000000e+00 0.000000000000000000e+00 3.715706086401804886e-01 0.000000000000000000e+00 3.333742406015037796e-01 0.000000000000000000e+00 0.000000000000000000e+00 0.000000000000000000e+00 3.715628512396693672e-01 0.000000000000000000e+00 0.000000000000000000e+00 4.589454413407820788e-01 3.944352573214285895e-01 0.000000000000000000e+00 0.000000000000000000e+00 4.620071453846153475e-01 3.342474992210621720e-01 0.000000000000000000e+00 3.308639047092661323e-01 0.000000000000000000e+00 3.378967637140033453e-01 0.000000000000000000e+00 3.402015007475615027e-01 0.000000000000000000e+00 3.739275670103093252e-01 0.000000000000000000e+00 4.003268775492663245e-01 0.000000000000000000e+00 3.994881924812029306e-01 0.000000000000000000e+00 3.628352437351260451e-01 0.000000000000000000e+00 0.000000000000000000e+00 0.000000000000000000e+00 3.890324909593879110e-01 0.000000000000000000e+00 0.000000000000000000e+00 0.000000000000000000e+00 0.000000000000000000e+00 3.794071515151514751e-01 3.821924631578946796e-01 3.369888571428572011e-01 0.000000000000000000e+00 0.000000000000000000e+00 0.000000000000000000e+00 0.000000000000000000e+00 0.000000000000000000e+00 0.000000000000000000e+00 0.000000000000000000e+00 0.000000000000000000e+00 0.000000000000000000e+00 0.000000000000000000e+00 0.000000000000000000e+00 0.000000000000000000e+00 0.000000000000000000e+00 0.000000000000000000e+00 0.000000000000000000e+00 0.000000000000000000e+00 3.684288145161290773e-01 0.000000000000000000e+00 0.000000000000000000e+00
3.355311739521344427e-01 4.477207774350563385e-01 4.034000196480587719e-01 4.711922646835113859e-01 3.750390925925924934e-01 3.977471028037382617e-01 3.496337122791945418e-01 4.703203984937573412e-01 3.593562714285714055e-01 0.000000000000000000e+00 3.124482542671291330e-01 4.538261527610578661e-01 2.830364067106216908e-01 4.566629481698035176e-01 3.579196721193373953e-01 0.000000000000000000e+00 2.828659844529153866e-01 0.000000000000000000e+00 4.150035036540166700e-01 4.855736577619287342e-01 0.000000000000000000e+00 0.000000000000000000e+00 3.910657410664917788e-01 4.735856680345440495e-01 0.000000000000000000e+00 0.000000000000000000e+00 0.000000000000000000e+00 0.000000000000000000e+00 3.328724597261885076e-01 0.000000000000000000e+00 3.956680737556561023e-01 4.730809854017127836e-01 4.076045350345408602e-01 4.793446650676042031e-01 0.000000000000000000e+00 0.000000000000000000e+00 4.527696819349315005e-01 3.937712989690721477e-01 0.000000000000000000e+00 0.000000000000000000e+00 0.000000000000000000e+00 0.000000000000000000e+00 0.000000000000000000e+00 0.000000000000000000e+00 4.232600347222221782e-01 0.000000000000000000e+00 0.000000000000000000e+00 0.000000000000000000e+00 4.235174043090754181e-01 0.000000000000000000e+00 4.299240367944993646e-01 0.000000000000000000e+00 4.026677544420752541e-01 0.000000000000000000e+00 0.000000000000000000e+00 0.000000000000000000e+00 3.910938236121771494e-01 4.586187950819671233e-01 4.483341399827606155e-01 0.000000000000000000e+00 4.373925843819808090e-01 0.000000000000000000e+00 4.033303447789189367e-01 0.000000000000000000e+00 4.380240846763056028e-01 0.000000000000000000e+00 4.357220370968050704e-01 4.911696015625000022e-01 3.969352707818929460e-01 0.000000000000000000e+00 3.378054572270490219e-01 4.822257290235775762e-01 3.654275942700410118e-01 4.084648815789473919e-01 0.000000000000000000e+00 0.000000000000000000e+00 3.685973470636351723e-01 0.000000000000000000e+00 0.000000000000000000e+00 0.000000000000000000e+00 3.980445517899445229e-01 0.000000000000000000e+00 0.000000000000000000e+00 0.000000000000000000e+00 4.236781287914570537e-01 0.000000000000000000e+00 0.000000000000000000e+00 0.000000000000000000e+00 4.135283431352277383e-01 4.117316202531644542e-01 0.000000000000000000e+00 0.000000000000000000e+00 0.000000000000000000e+00 0.000000000000000000e+00 0.000000000000000000e+00 0.000000000000000000e+00 0.000000000000000000e+00 0.000000000000000000e+00 0.000000000000000000e+00 0.000000000000000000e+00 0.000000000000000000e+00 0.000000000000000000e+00 0.000000000000000000e+00 0.000000000000000000e+00 0.000000000000000000e+00 0.000000000000000000e+00 0.000000000000000000e+00 0.000000000000000000e+00 0.000000000000000000e+00 0.000000000000000000e+00 0.000000000000000000e+00 0.000000000000000000e+00 0.000000000000000000e+00 0.000000000000000000e+00 0.000000000000000000e+00 0.000000000000000000e+00
4.706136766581189845e-01 3.196217683670838916e-01 4.700638545734136531e-01 3.847339086380880957e-01 0.000000000000000000e+00 3.091736192104210801e-01 4.472964408663572811e-01 3.270028617842114516e-01 0.000000000000000000e+00 3.518512500911050167e-01 4.538261527610578661e-01 2.728119000166154828e-01 4.537845776613796400e-01 2.649221665839164297e-01 0.000000000000000000e+00 3.429683809518774829e-01 0.000000000000000000e+00 3.064468940985546341e-01 4.895386588841795783e-01 4.057901369016859161e-01 0.000000000000000000e+00 0.000000000000000000e+00 4.870544183673469196e-01 3.705023185827566179e-01 0.000000000000000000e+00 3.318104657534247104e-01 0.000000000000000000e+00 0.000000000000000000e+00 0.000000000000000000e+00 3.231938461470015289e-01 0.000000000000000000e+00 3.954067392857142371e-01 4.754604726925538705e-01 3.756272206017677306e-01 0.000000000000000000e+00 4.325729146341463216e-01 0.000000000000000000e+00 4.211960031270572946e-01 0.000000000000000000e+00 0.000000000000000000e+00 0.000000000000000000e+00 0.000000000000000000e+00 0.000000000000000000e+00 4.668389395973153722e-01 0.000000000000000000e+00 4.482118532979515457e-01 0.000000000000000000e+00 0.000000000000000000e+00 0.000000000000000000e+00 3.849311009174312681e-01 0.000000000000000000e+00 3.815905329806365542e-01 0.000000000000000000e+00 3.775310334168754944e-01 0.000000000000000000e+00 3.596451530612245207e-01 0.000000000000000000e+00 3.845493114297247605e-01 0.000000000000000000e+00 3.939539446721851412e-01 0.000000000000000000e+00 4.009132821272519687e-01 0.000000000000000000e+00 4.012000887471247612e-01 0.000000000000000000e+00 4.064320614155393918e-01 0.000000000000000000e+00 4.143567843724681454e-01 4.505645378787878630e-01 4.270116786773498485e-01 4.714018897672225816e-01 3.482310585019296467e-01 3.972737835051546318e-01 3.399959645490046034e-01 0.000000000000000000e+00 0.000000000000000000e+00 4.426438684111267952e-01 3.588456361467164402e-01 0.000000000000000000e+00 4.254930510779391661e-01 0.000000000000000000e+00 4.129789050043860543e-01 0.000000000000000000e+00 4.353605275590551327e-01 0.000000000000000000e+00 4.249023204019221622e-01 0.000000000000000000e+00 4.341624580709355641e-01 0.000000000000000000e+00 4.209977422488382359e-01 0.000000000000000000e+00 4.191094621848739377e-01 0.000000000000000000e+00 0.000000000000000000e+00 0.000000000000000000e+00 0.000000000000000000e+00 0.000000000000000000e+00 0.000000000000000000e+00 0.000000000000000000e+00 0.000000000000000000e+00 0.000000000000000000e+00 0.000000000000000000e+00 3.783405114503816669e-01 4.041684035087718674e-01 0.000000000000000000e+00 0.000000000000000000e+00 0.000000000000000000e+00 0.000000000000000000e+00 0.000000000000000000e+00 0.000000000000000000e+00 0.000000000000000000e+00 0.000000000000000000e+00 0.000000000000000000e+00 0.000000000000000000e+00 0.000000000000000000e+00 0.000000000000000000e+00
3.695083806990612230e-01 0.000000000000000000e+00 3.471625314304554455e-01 4.535243408429504575e-01 3.369358264052534357e-01 3.981886329113923928e-01 2.956860354397298218e-01 4.413927456198256660e-01 3.181105373763212785e-01 4.188248193548386733e-01 2.830364067106216908e-01 4.537845776613796400e-01 2.542345090181997169e-01 4.193550913547077763e-01 2.480402056326992399e-01 4.412719681401832128e-01 3.711907771166941261e-01 0.000000000000000000e+00 3.914999251626620769e-01 4.390550431221859062e-01 4.010447709923664061e-01 0.000000000000000000e+00 3.612623512976463336e-01 4.451551796598821054e-01 3.624478820497435416e-01 0.000000000000000000e+00 3.079119352941176446e-01 0.000000000000000000e+00 3.148541943188191139e-01 0.000000000000000000e+00 3.564489761294261094e-01 4.447527556060442144e-01 4.158231652463882377e-01 4.428354513917901469e-01 0.000000000000000000e+00 0.000000000000000000e+00 3.692841794087037277e-01 0.000000000000000000e+00 0.000000000000000000e+00 0.000000000000000000e+00 0.000000000000000000e+00 0.000000000000000000e+00 4.236316971830986211e-01 0.000000000000000000e+00 4.347954219426974354e-01 0.000000000000000000e+00 0.000000000000000000e+00 0.000000000000000000e+00 4.172140248391862372e-01 0.000000000000000000e+00 4.001907122888929691e-01 0.000000000000000000e+00 3.772358984652038894e-01 0.000000000000000000e+00 3.897813244387192122e-01 0.000000000000000000e+00 4.127928478053622952e-01 0.000000000000000000e+00 4.280520703440471864e-01 0.000000000000000000e+00 4.313754180974798680e-01 0.000000000000000000e+00 3.993391170982890093e-01 0.000000000000000000e+00 4.197608082070006241e-01 4.592947055214723906e-01 4.249253388875879889e-01 0.000000000000000000e+00 0.000000000000000000e+00 0.000000000000000000e+00 3.007098194142479031e-01 4.560475664583072408e-01 3.467593659549248475e-01 4.502570938409665158e-01 0.000000000000000000e+00 0.000000000000000000e+00 3.628689519224871374e-01 0.000000000000000000e+00 0.000000000000000000e+00 0.000000000000000000e+00 3.705311705414217061e-01 0.000000000000000000e+00 0.000000000000000000e+00 0.000000000000000000e+00 3.933022459343828992e-01 4.429458066666666083e-01 3.762875372298242760e-01 0.000000000000000000e+00 3.915809082031760369e-01 0.000000000000000000e+00 0.000000000000000000e+00 0.000000000000000000e+00 3.794136611570247952e-01 0.000000000000000000e+00 4.049427052631578983e-01 0.000000000000000000e+00 0.000000000000000000e+00 0.000000000000000000e+00 0.000000000000000000e+00 0.000000000000000000e+00 0.000000000000000000e+00 0.000000000000000000e+00 0.000000000000000000e+00 0.000000000000000000e+00 4.301571904772116262e-01 0.000000000000000000e+00 0.000000000000000000e+00 0.000000000000000000e+00 0.000000000000000000e+00 0.000000000000000000e+00 0.000000000000000000e+00 0.000000000000000000e+00 0.000000000000000000e+00 4.551536407766989534e-01 0.000000000000000000e+00 0.000000000000000000e+00
