2.871454411058705358e-01 4.939727002405314149e-01 3.318546529633896736e-01 5.094631143006916885e-01 3.853272315921089097e-01 0.000000000000000000e+00 3.321020727508507409e-01 4.799329420420923586e-01 3.592729752022533196e-01 0.000000000000000000e+00 3.141705918085803129e-01 4.697463289681024778e-01 2.774716608509069093e-01 0.000000000000000000e+00 3.732447631938663468e-01 0.000000000000000000e+00 3.368268904530496433e-01 4.898942158848679784e-01 3.819195791663071438e-01 5.199085013474306072e-01 0.000000000000000000e+00 0.000000000000000000e+00 3.894277264516513015e-01 5.011554086529235175e-01 0.000000000000000000e+00 0.000000000000000000e+00 0.000000000000000000e+00 0.000000000000000000e+00 3.876303868313934475e-01 0.000000000000000000e+00 3.778617832965291967e-01 4.799616458333333391e-01 4.201906526841706624e-01 5.068660534395259543e-01 4.781179759036144894e-01 0.000000000000000000e+00 4.519825534138319223e-01 0.000000000000000000e+00 0.000000000000000000e+00 0.000000000000000000e+00 4.482912377049180219e-01 0.000000000000000000e+00 3.962353562020768383e-01 0.000000000000000000e+00 4.171456033919636597e-01 0.000000000000000000e+00 4.118355714285714675e-01 0.000000000000000000e+00 4.177104752487539874e-01 4.778140866666667486e-01 4.052902063089011686e-01 4.852109330673030074e-01 4.117183040086982992e-01 0.000000000000000000e+00 4.152038742912675939e-01 0.000000000000000000e+00 3.073906711662260371e-01 4.773152551228876939e-01 4.035759741769627817e-01 5.058648144329896956e-01 4.018991414185131839e-01 0.000000000000000000e+00 3.936926681327856947e-01 4.495591252180091701e-01 4.217336671611248700e-01 4.992608623853211913e-01 4.140238341848582748e-01 5.056841454409879422e-01 3.140248838471023651e-01 5.121013454389606867e-01 3.525594455474119204e-01 4.847832790476190867e-01 3.661876146647743968e-01 4.655487585280266849e-01 0.000000000000000000e+00 0.000000000000000000e+00 3.685678918881122312e-01 4.760743042654932422e-01 3.692017017543859358e-01 0.000000000000000000e+00 3.951570223205975174e-01 0.000000000000000000e+00 3.921007395833333575e-01 0.000000000000000000e+00 4.186844896983311637e-01 4.563365447880372017e-01 0.000000000000000000e+00 0.000000000000000000e+00 4.191809683011191168e-01 0.000000000000000000e+00 0.000000000000000000e+00 4.062935307692308040e-01 4.145711045806950157e-01 0.000000000000000000e+00 4.197276158007618441e-01 4.166714219710734302e-01 4.273254135000801313e-01 0.000000000000000000e+00 0.000000000000000000e+00 0.000000000000000000e+00 0.000000000000000000e+00 0.000000000000000000e+00 4.450879411478658176e-01 0.000000000000000000e+00 4.314729556236709951e-01 0.000000000000000000e+00 4.277326296296296015e-01 0.000000000000000000e+00 0.000000000000000000e+00 0.000000000000000000e+00 0.000000000000000000e+00 0.000000000000000000e+00 0.000000000000000000e+00 0.000000000000000000e+00 0.000000000000000000e+00 0.000000000000000000e+00
4.939727002405314149e-01 2.939999194159200191e-01 5.007345099629444407e-01 3.305527192623718413e-01 0.000000000000000000e+00 3.492508183503243435e-01 4.925112219240346256e-01 3.273392303792658775e-01 0.000000000000000000e+00 3.444281036522323092e-01 4.932258262774956159e-01 3.413591533969795311e-01 4.332824466019417620e-01 3.746565081605007230e-01 0.000000000000000000e+00 3.813396851257812026e-01 4.870345200558303667e-01 3.329469033897765606e-01 5.150298332411880065e-01 3.625587656168752226e-01 0.000000000000000000e+00 0.000000000000000000e+00 4.486826290889256441e-01 4.232877062778706012e-01 0.000000000000000000e+00 0.000000000000000000e+00 0.000000000000000000e+00 0.000000000000000000e+00 4.883674329521848212e-01 4.082125289172969795e-01 4.651725307019821676e-01 4.153824571428571533e-01 5.051340424194661338e-01 4.618245979707523152e-01 0.000000000000000000e+00 0.000000000000000000e+00 5.268093499999999541e-01 4.672194627479235862e-01 0.000000000000000000e+00 4.337925314978742786e-01 0.000000000000000000e+00 3.346211041666666830e-01 0.000000000000000000e+00 3.960320471698113298e-01 0.000000000000000000e+00 4.096145687088542653e-01 0.000000000000000000e+00 4.383236985294117760e-01 5.028306976744186807e-01 3.973754241648252972e-01 0.000000000000000000e+00 4.000685433547456205e-01 0.000000000000000000e+00 0.000000000000000000e+00 0.000000000000000000e+00 4.397726002879114304e-01 4.882805646682695788e-01 3.309484854331996018e-01 4.856892910210867109e-01 4.199723498831992030e-01 4.890874229654218475e-01 3.956599180303444485e-01 0.000000000000000000e+00 4.033226218583817468e-01 5.067753418803417897e-01 4.099085444094227593e-01 4.932159004879426711e-01 4.005952218700285505e-01 5.146570129349051781e-01 3.234348315620811376e-01 5.017813436807095906e-01 3.773271367762462414e-01 4.812476908119717178e-01 3.881369503763448803e-01 0.000000000000000000e+00 0.000000000000000000e+00 4.895351627906977532e-01 3.853416403906128052e-01 0.000000000000000000e+00 0.000000000000000000e+00 4.530931584158416348e-01 4.384862231966661361e-01 0.000000000000000000e+00 3.576559252525252086e-01 4.817106706018519091e-01 4.480708558648426321e-01 0.000000000000000000e+00 4.513069153846153703e-01 0.000000000000000000e+00 4.517457549908426295e-01 0.000000000000000000e+00 4.611887097229923071e-01 3.869368968253967811e-01 4.317899400932250775e-01 4.358054832111665222e-01 4.115714132247545454e-01 0.000000000000000000e+00 4.553740607991944578e-01 4.003745728155340133e-01 0.000000000000000000e+00 0.000000000000000000e+00 4.424492593034560772e-01 0.000000000000000000e+00 4.385795122720769768e-01 4.521026320754716887e-01 4.265945858585857842e-01 0.000000000000000000e+00 0.000000000000000000e+00 0.000000000000000000e+00 0.000000000000000000e+00 5.011991404958677787e-01 0.000000000000000000e+00 4.910943307086614307e-01 0.000000000000000000e+00 0.000000000000000000e+00 0.000000000000000000e+00
3.318546529633896736e-01 5.007345099629444407e-01 2.540868508373740342e-01 4.839933455955587882e-01 2.088526598715139959e-01 4.768014767415610922e-01 3.055862278917221841e-01 4.670657753725832029e-01 3.423746043313961596e-01 4.632867088580419623e-01 3.914472965147757222e-01 4.822358132436528333e-01 3.605358942563002822e-01 4.646714180153752038e-01 3.701235650710757996e-01 4.567842495436290617e-01 3.949402390596432055e-01 4.940653158105736131e-01 3.100458858370547244e-01 5.226373903589874859e-01 3.545811642592592294e-01 0.000000000000000000e+00 2.298741958696479681e-01 4.687393377223446622e-01 2.523551886399820199e-01 4.618285126679874675e-01 3.320426467592593189e-01 5.223655076923076068e-01 3.626567581210295987e-01 4.668261760836558416e-01 3.914216658745279798e-01 4.496442139814669225e-01 4.036911609815023172e-01 5.080394943678719910e-01 4.347690731287155441e-01 0.000000000000000000e+00 4.379604933956933177e-01 0.000000000000000000e+00 4.090069499999999802e-01 0.000000000000000000e+00 4.218738907407407757e-01 0.000000000000000000e+00 3.801803665072794880e-01 0.000000000000000000e+00 4.087959371291904342e-01 0.000000000000000000e+00 0.000000000000000000e+00 0.000000000000000000e+00 4.008882837761086337e-01 0.000000000000000000e+00 3.929677748095642409e-01 0.000000000000000000e+00 3.859152461674409396e-01 0.000000000000000000e+00 3.934106973824786357e-01 0.000000000000000000e+00 3.944912953301757952e-01 5.137760393406202164e-01 4.069327808258272339e-01 5.153085702778774646e-01 4.108766588344108239e-01 0.000000000000000000e+00 4.012638288875904347e-01 0.000000000000000000e+00 3.967964666909860605e-01 4.924520611280911453e-01 4.273854698523872342e-01 5.155602857512290305e-01 2.227876205648732788e-01 5.451709687500000401e-01 3.640013149598461117e-01 5.144471509980503843e-01 3.726388437735357329e-01 4.866919194528926407e-01 3.527841852794139643e-01 0.000000000000000000e+00 3.800738564269670050e-01 4.410498524837397905e-01 0.000000000000000000e+00 0.000000000000000000e+00 3.706187051295298795e-01 0.000000000000000000e+00 3.856672317880794343e-01 0.000000000000000000e+00 3.806408957927324699e-01 0.000000000000000000e+00 3.919791599999999931e-01 0.000000000000000000e+00 3.964468371751799780e-01 0.000000000000000000e+00 0.000000000000000000e+00 4.398346363636363998e-01 4.005801811594202899e-01 0.000000000000000000e+00 4.204493328988449519e-01 4.203681067890490675e-01 3.972527411764705807e-01 0.000000000000000000e+00 0.000000000000000000e+00 0.000000000000000000e+00 0.000000000000000000e+00 0.000000000000000000e+00 4.283297621735790983e-01 4.102606315789473768e-01 4.058040645161289928e-01 0.000000000000000000e+00 0.000000000000000000e+00 0.000000000000000000e+00 0.000000000000000000e+00 3.820194494382022077e-01 0.000000000000000000e+00 0.000000000000000000e+00 0.000000000000000000e+00 0.000000000000000000e+00 0.000000000000000000e+00 0.000000000000000000e+00
5.094631143006916885e-01 3.305527192623718413e-01 4.839933455955587882e-01 2.522251613259883229e-01 4.575201197804797393e-01 1.966293731663923128e-01 4.679721499378660665e-01 2.780337301609485667e-01 4.692619165282823079e-01 3.367824921346378453e-01 4.765599484430551591e-01 3.891655866745352133e-01 4.611227205810087826e-01 3.565857049690980274e-01 4.549504655529272856e-01 3.611246549096877589e-01 4.950106471457707547e-01 4.027680769513877768e-01 5.202153073534527827e-01 3.116235787891042941e-01 0.000000000000000000e+00 0.000000000000000000e+00 4.562910354531332646e-01 2.407577085954371032e-01 4.218448157594507086e-01 2.711539346329090994e-01 0.000000000000000000e+00 3.733925748720992033e-01 4.820376303394834361e-01 3.703522915184818687e-01 4.468407382679951412e-01 3.675761478592047271e-01 5.164329730224493931e-01 4.432570422716222147e-01 5.393200918367346830e-01 4.658199215418446504e-01 5.273889999999999967e-01 4.328986943899972850e-01 0.000000000000000000e+00 4.263297889555931475e-01 0.000000000000000000e+00 4.617047322313140856e-01 0.000000000000000000e+00 4.465908600976162823e-01 0.000000000000000000e+00 4.350879294756656579e-01 0.000000000000000000e+00 4.631618106067769136e-01 0.000000000000000000e+00 4.226145754705252777e-01 0.000000000000000000e+00 4.153368635087685279e-01 0.000000000000000000e+00 0.000000000000000000e+00 0.000000000000000000e+00 4.061830888590203248e-01 5.568607222222223818e-01 3.957068506752580705e-01 4.802432389380531519e-01 4.289939985464785166e-01 4.923796826923076964e-01 4.079056431585614262e-01 4.875462410714285766e-01 4.018482197705031123e-01 4.923619655172413734e-01 4.134648828201140103e-01 4.820227554715232898e-01 4.453519734506127259e-01 5.294557352920306048e-01 4.420530145266817201e-01 4.899654139537261699e-01 3.769620780758153322e-01 4.652699569317187978e-01 3.776540345469511228e-01 0.000000000000000000e+00 0.000000000000000000e+00 4.496001852730647785e-01 3.961861612180534453e-01 0.000000000000000000e+00 0.000000000000000000e+00 5.067960454545454851e-01 3.993960164376604283e-01 0.000000000000000000e+00 4.234448980443285548e-01 0.000000000000000000e+00 4.073521022779134637e-01 0.000000000000000000e+00 0.000000000000000000e+00 0.000000000000000000e+00 3.855041669648762714e-01 0.000000000000000000e+00 0.000000000000000000e+00 0.000000000000000000e+00 0.000000000000000000e+00 4.302583827641344172e-01 4.181101043851940813e-01 0.000000000000000000e+00 0.000000000000000000e+00 0.000000000000000000e+00 0.000000000000000000e+00 0.000000000000000000e+00 0.000000000000000000e+00 0.000000000000000000e+00 4.546487499999999349e-01 3.966899592250599516e-01 4.429816336633663476e-01 0.000000000000000000e+00 4.555096513761469068e-01 0.000000000000000000e+00 0.000000000000000000e+00 4.130610699999999746e-01 0.000000000000000000e+00 0.000000000000000000e+00 0.000000000000000000e+00 0.000000000000000000e+00 4.082441442307692681e-01
3.853272315921089097e-01 0.000000000000000000e+00 2.088526598715139959e-01 4.575201197804797393e-01 2.012006901450635321e-01 4.616782323900704421e-01 2.674244114825939933e-01 4.558041532312432365e-01 2.113085215744182066e-01 4.367948433307533573e-01 0.000000000000000000e+00 0.000000000000000000e+00 4.830638231292516682e-01 0.000000000000000000e+00 2.514942711791711694e-01 0.000000000000000000e+00 4.124935818181817426e-01 0.000000000000000000e+00 3.870258026744944346e-01 0.000000000000000000e+00 3.159994439231967878e-01 0.000000000000000000e+00 2.670357409215105005e-01 4.815124964100709892e-01 2.158313630872380484e-01 4.434801775995125817e-01 2.137622982880491018e-01 4.374436034079843827e-01 2.908266023427562019e-01 0.000000000000000000e+00 3.353691106311801895e-01 4.213856802615529862e-01 3.846272898550725516e-01 0.000000000000000000e+00 0.000000000000000000e+00 0.000000000000000000e+00 0.000000000000000000e+00 0.000000000000000000e+00 0.000000000000000000e+00 0.000000000000000000e+00 0.000000000000000000e+00 0.000000000000000000e+00 0.000000000000000000e+00 0.000000000000000000e+00 0.000000000000000000e+00 0.000000000000000000e+00 0.000000000000000000e+00 0.000000000000000000e+00 0.000000000000000000e+00 0.000000000000000000e+00 0.000000000000000000e+00 0.000000000000000000e+00 0.000000000000000000e+00 0.000000000000000000e+00 0.000000000000000000e+00 0.000000000000000000e+00 0.000000000000000000e+00 0.000000000000000000e+00 0.000000000000000000e+00 0.000000000000000000e+00 0.000000000000000000e+00 0.000000000000000000e+00 0.000000000000000000e+00 0.000000000000000000e+00 0.000000000000000000e+00 0.000000000000000000e+00 4.477430869565217630e-01 0.000000000000000000e+00 0.000000000000000000e+00 0.000000000000000000e+00 3.097787715060558167e-01 4.660194825291646969e-01 3.393869043548879971e-01 0.000000000000000000e+00 0.000000000000000000e+00 0.000000000000000000e+00 3.549114771202119267e-01 3.607972933333333243e-01 0.000000000000000000e+00 0.000000000000000000e+00 3.417915744680851131e-01 0.000000000000000000e+00 0.000000000000000000e+00 0.000000000000000000e+00 3.579345128989035452e-01 0.000000000000000000e+00 0.000000000000000000e+00 0.000000000000000000e+00 0.000000000000000000e+00 0.000000000000000000e+00 0.000000000000000000e+00 0.000000000000000000e+00 0.000000000000000000e+00 0.000000000000000000e+00 3.758465128205127903e-01 0.000000000000000000e+00 0.000000000000000000e+00 0.000000000000000000e+00 0.000000000000000000e+00 0.000000000000000000e+00 0.000000000000000000e+00 0.000000000000000000e+00 0.000000000000000000e+00 0.000000000000000000e+00 0.000000000000000000e+00 0.000000000000000000e+00 0.000000000000000000e+00 0.000000000000000000e+00 0.000000000000000000e+00 0.000000000000000000e+00 0.000000000000000000e+00 3.719317230769230709e-01 0.000000000000000000e+00 0.000000000000000000e+00 0.000000000000000000e+00 0.000000000000000000e+00
0.000000000000000000e+00 3.492508183503243435e-01 4.768014767415610922e-01 1.966293731663923128e-01 4.616782323900704421e-01 1.927442876647481873e-01 4.423057597829000431e-01 3.224620836845036309e-01 4.721793671896891142e-01 2.175693585214153458e-01 0.000000000000000000e+00 0.000000000000000000e+00 4.440881758333333207e-01 3.068776982212019222e-01 4.892560190476191173e-01 2.348654740153261200e-01 0.000000000000000000e+00 0.000000000000000000e+00 0.000000000000000000e+00 3.864598573529411940e-01 4.684692581521739951e-01 2.685580060217190312e-01 4.545359735205744545e-01 2.622169162710067947e-01 4.635494837189394479e-01 2.282059617326035461e-01 0.000000000000000000e+00 2.446636638681843334e-01 0.000000000000000000e+00 2.798497146563290183e-01 4.343491229464236381e-01 3.866409334814616128e-01 0.000000000000000000e+00 4.207655822807018220e-01 0.000000000000000000e+00 0.000000000000000000e+00 0.000000000000000000e+00 3.916655781250000246e-01 0.000000000000000000e+00 0.000000000000000000e+00 0.000000000000000000e+00 0.000000000000000000e+00 0.000000000000000000e+00 0.000000000000000000e+00 0.000000000000000000e+00 0.000000000000000000e+00 0.000000000000000000e+00 0.000000000000000000e+00 0.000000000000000000e+00 0.000000000000000000e+00 0.000000000000000000e+00 0.000000000000000000e+00 0.000000000000000000e+00 0.000000000000000000e+00 0.000000000000000000e+00 0.000000000000000000e+00 0.000000000000000000e+00 3.382379477680625968e-01 0.000000000000000000e+00 0.000000000000000000e+00 0.000000000000000000e+00 0.000000000000000000e+00 0.000000000000000000e+00 0.000000000000000000e+00 0.000000000000000000e+00 3.415886102941176894e-01 0.000000000000000000e+00 0.000000000000000000e+00 0.000000000000000000e+00 0.000000000000000000e+00 4.630455107782694424e-01 3.352671464110085209e-01 0.000000000000000000e+00 3.180478033724034592e-01 0.000000000000000000e+00 0.000000000000000000e+00 0.000000000000000000e+00 3.672227979256325048e-01 0.000000000000000000e+00 0.000000000000000000e+00 0.000000000000000000e+00 0.000000000000000000e+00 0.000000000000000000e+00 3.648207968750000196e-01 0.000000000000000000e+00 3.859850107170811340e-01 0.000000000000000000e+00 0.000000000000000000e+00 0.000000000000000000e+00 4.106603749999999664e-01 0.000000000000000000e+00 0.000000000000000000e+00 0.000000000000000000e+00 0.000000000000000000e+00 0.000000000000000000e+00 4.140490180335967274e-01 0.000000000000000000e+00 0.000000000000000000e+00 0.000000000000000000e+00 0.000000000000000000e+00 0.000000000000000000e+00 0.000000000000000000e+00 3.962254608695652269e-01 0.000000000000000000e+00 0.000000000000000000e+00 0.000000000000000000e+00 0.000000000000000000e+00 0.000000000000000000e+00 0.000000000000000000e+00 0.000000000000000000e+00 0.000000000000000000e+00 0.000000000000000000e+00 0.000000000000000000e+00 0.000000000000000000e+00 0.000000000000000000e+00 0.000000000000000000e+00
3.321020727508507409e-01 4.925112219240346256e-01 3.055862278917221841e-01 4.679721499378660665e-01 2.674244114825939933e-01 4.423057597829000431e-01 2.798070206094340207e-01 4.573083093025228085e-01 2.839835380133760023e-01 4.649165360772301026e-01 3.688448771448658015e-01 4.742516145847760489e-01 3.152882663600146684e-01 4.521887138079511148e-01 3.494235001602001289e-01 4.491363686348012196e-01 3.815030829795695855e-01 4.821180353995233592e-01 3.963518286206696439e-01 5.005154078025620956e-01 0.000000000000000000e+00 0.000000000000000000e+00 3.624799843591598458e-01 4.726751045537034290e-01 3.491072978971343499e-01 4.429060445469476526e-01 0.000000000000000000e+00 0.000000000000000000e+00 3.597293730459130701e-01 4.678698770326179535e-01 3.859117605000449980e-01 4.531310773282037352e-01 4.037828994552663531e-01 4.972604713608286819e-01 4.430248513042602809e-01 4.598801826923076819e-01 4.351465511547948917e-01 5.011392576929405429e-01 3.951518113207547200e-01 0.000000000000000000e+00 4.012322923076922510e-01 0.000000000000000000e+00 3.954196685667384914e-01 0.000000000000000000e+00 3.956872614339986827e-01 0.000000000000000000e+00 4.093125056162492670e-01 0.000000000000000000e+00 3.843970916735589549e-01 4.957103891959936393e-01 3.872069722604951081e-01 4.789938321678321453e-01 3.876953242326873772e-01 0.000000000000000000e+00 3.911984978369083543e-01 0.000000000000000000e+00 3.543915416860980439e-01 4.797682952380952770e-01 3.952872110567362540e-01 5.202392631578947046e-01 3.894884541313642923e-01 4.259266613445378824e-01 3.989686140373473466e-01 0.000000000000000000e+00 4.045885815827555132e-01 0.000000000000000000e+00 4.086761302082127512e-01 5.069598351648351153e-01 3.885421439777941299e-01 0.000000000000000000e+00 3.384495595297007386e-01 4.858604791163642633e-01 3.634995583831183152e-01 4.633850866324282780e-01 3.515170468477546439e-01 0.000000000000000000e+00 3.573883908252726838e-01 4.352623737188145991e-01 3.774604931977417199e-01 0.000000000000000000e+00 3.772842000635627246e-01 0.000000000000000000e+00 3.728342658227848383e-01 0.000000000000000000e+00 3.937082336500667967e-01 4.879488445945946440e-01 4.176147856351236087e-01 0.000000000000000000e+00 3.967537964602868561e-01 0.000000000000000000e+00 4.348514122137404070e-01 0.000000000000000000e+00 4.070673553719008075e-01 0.000000000000000000e+00 4.553276752063820654e-01 3.876377437499999301e-01 4.562399212598425846e-01 0.000000000000000000e+00 3.987102233009708341e-01 0.000000000000000000e+00 0.000000000000000000e+00 0.000000000000000000e+00 3.697838220338983128e-01 0.000000000000000000e+00 4.003054351851851878e-01 0.000000000000000000e+00 0.000000000000000000e+00 0.000000000000000000e+00 0.000000000000000000e+00 0.000000000000000000e+00 0.000000000000000000e+00 0.000000000000000000e+00 0.000000000000000000e+00 0.000000000000000000e+00 0.000000000000000000e+00 0.000000000000000000e+00
4.799329420420923586e-01 3.273392303792658775e-01 4.670657753725832029e-01 2.780337301609485667e-01 4.558041532312432365e-01 3.224620836845036309e-01 4.573083093025228085e-01 2.730881907845321699e-01 4.678243649068962173e-01 2.641007085378158092e-01 4.722709354348389454e-01 3.486687873989728903e-01 4.507810667060003218e-01 2.915814366259106283e-01 4.421064571120369435e-01 2.470597994066699166e-01 4.751055775913423651e-01 3.932703504244381421e-01 4.919640747957803595e-01 4.075578170700437375e-01 0.000000000000000000e+00 0.000000000000000000e+00 4.574160644171877399e-01 3.730435514375051165e-01 4.275110028033528020e-01 3.170027984798693410e-01 0.000000000000000000e+00 0.000000000000000000e+00 4.668489466625688755e-01 3.437409805945351171e-01 4.428619375619287646e-01 4.017152086101477004e-01 4.856201068029908918e-01 4.313749117681930922e-01 0.000000000000000000e+00 4.723091770833333647e-01 5.040715108187853177e-01 4.213653842530762916e-01 0.000000000000000000e+00 4.201949838747750521e-01 0.000000000000000000e+00 4.501255451266528707e-01 0.000000000000000000e+00 4.025597202329192492e-01 0.000000000000000000e+00 4.010837448194983779e-01 0.000000000000000000e+00 0.000000000000000000e+00 4.737421199999999888e-01 3.815832092425195388e-01 4.488463768115941721e-01 3.844704915281088042e-01 0.000000000000000000e+00 4.239462338493883431e-01 0.000000000000000000e+00 4.159529354202738394e-01 0.000000000000000000e+00 3.903950491459782235e-01 4.807735232594936847e-01 4.007509521566116062e-01 5.048705935897436214e-01 3.889516940482788399e-01 0.000000000000000000e+00 4.066244773399203538e-01 0.000000000000000000e+00 3.912954550778948160e-01 4.287897177780934377e-01 4.122163945960876652e-01 4.700895603194247818e-01 4.201892856917359698e-01 4.784145966185722743e-01 3.370154690160362954e-01 4.531758245497614079e-01 3.534077403177958709e-01 4.449453636585365413e-01 0.000000000000000000e+00 4.600832677443698615e-01 3.722804040752271115e-01 0.000000000000000000e+00 3.776097356399819027e-01 0.000000000000000000e+00 3.977885734332858303e-01 0.000000000000000000e+00 3.868347913669065163e-01 0.000000000000000000e+00 4.077256780703162331e-01 0.000000000000000000e+00 4.017001721854305263e-01 0.000000000000000000e+00 4.009452163885222631e-01 0.000000000000000000e+00 4.468920434782608364e-01 3.976573385826771556e-01 0.000000000000000000e+00 4.475557539552645903e-01 3.876005595431140649e-01 0.000000000000000000e+00 0.000000000000000000e+00 0.000000000000000000e+00 0.000000000000000000e+00 0.000000000000000000e+00 3.985330555555556820e-01 3.667609047619048157e-01 0.000000000000000000e+00 0.000000000000000000e+00 4.559797190929450461e-01 0.000000000000000000e+00 0.000000000000000000e+00 0.000000000000000000e+00 0.000000000000000000e+00 0.000000000000000000e+00 0.000000000000000000e+00 0.000000000000000000e+00 0.000000000000000000e+00 3.871227443609022711e-01 0.000000000000000000e+00
3.592729752022533196e-01 0.000000000000000000e+00 3.423746043313961596e-01 4.692619165282823079e-01 2.113085215744182066e-01 4.721793671896891142e-01 2.839835380133760023e-01 4.678243649068962173e-01 2.459426237570745133e-01 4.697358493150685099e-01 3.600107529288718577e-01 0.000000000000000000e+00 3.567987000857081314e-01 0.000000000000000000e+00 2.716303433878284324e-01 0.000000000000000000e+00 3.845217898537805490e-01 0.000000000000000000e+00 3.913818607594937160e-01 0.000000000000000000e+00 3.187300658741543113e-01 0.000000000000000000e+00 3.538554899509803731e-01 4.858954247332723519e-01 0.000000000000000000e+00 4.381480006806045546e-01 1.529046217014482789e-01 0.000000000000000000e+00 3.411926550277407100e-01 0.000000000000000000e+00 4.151107230352302779e-01 4.651602430494884421e-01 0.000000000000000000e+00 0.000000000000000000e+00 0.000000000000000000e+00 0.000000000000000000e+00 0.000000000000000000e+00 0.000000000000000000e+00 0.000000000000000000e+00 0.000000000000000000e+00 0.000000000000000000e+00 0.000000000000000000e+00 0.000000000000000000e+00 0.000000000000000000e+00 0.000000000000000000e+00 0.000000000000000000e+00 0.000000000000000000e+00 0.000000000000000000e+00 0.000000000000000000e+00 0.000000000000000000e+00 4.063142265625000471e-01 0.000000000000000000e+00 0.000000000000000000e+00 0.000000000000000000e+00 0.000000000000000000e+00 0.000000000000000000e+00 3.384836111337961029e-01 0.000000000000000000e+00 0.000000000000000000e+00 0.000000000000000000e+00 4.181849910664170444e-01 0.000000000000000000e+00 3.906216599999999817e-01 0.000000000000000000e+00 3.897653453353828179e-01 0.000000000000000000e+00 0.000000000000000000e+00 0.000000000000000000e+00 3.990518258317222733e-01 0.000000000000000000e+00 3.392379805806842175e-01 0.000000000000000000e+00 3.590164565098342142e-01 0.000000000000000000e+00 0.000000000000000000e+00 0.000000000000000000e+00 3.582746208416818789e-01 0.000000000000000000e+00 0.000000000000000000e+00 0.000000000000000000e+00 3.678739288105903338e-01 0.000000000000000000e+00 0.000000000000000000e+00 0.000000000000000000e+00 3.840293457945365696e-01 0.000000000000000000e+00 0.000000000000000000e+00 0.000000000000000000e+00 4.410845462184874721e-01 0.000000000000000000e+00 0.000000000000000000e+00 0.000000000000000000e+00 3.713143515624999780e-01 0.000000000000000000e+00 4.119574782608695362e-01 4.191888651685393152e-01 3.826084387755102068e-01 0.000000000000000000e+00 0.000000000000000000e+00 0.000000000000000000e+00 0.000000000000000000e+00 0.000000000000000000e+00 0.000000000000000000e+00 0.000000000000000000e+00 0.000000000000000000e+00 0.000000000000000000e+00 0.000000000000000000e+00 0.000000000000000000e+00 0.000000000000000000e+00 0.000000000000000000e+00 0.000000000000000000e+00 0.000000000000000000e+00 0.000000000000000000e+00 0.000000000000000000e+00 0.000000000000000000e+00 0.000000000000000000e+00
0.000000000000000000e+00 3.444281036522323092e-01 4.632867088580419623e-01 3.367824921346378453e-01 4.367948433307533573e-01 2.175693585214153458e-01 4.649165360772301026e-01 2.641007085378158092e-01 4.697358493150685099e-01 2.120209696300486557e-01 0.000000000000000000e+00 3.476729685765740929e-01 4.331094829144620517e-01 3.266598902395971282e-01 0.000000000000000000e+00 2.507443786617648551e-01 0.000000000000000000e+00 4.261041190476190788e-01 0.000000000000000000e+00 3.926819354166666831e-01 0.000000000000000000e+00 2.672187407407407567e-01 4.401412102792994219e-01 3.683178945013203531e-01 4.695412410669975167e-01 3.264706163881646583e-01 0.000000000000000000e+00 3.035142085439228588e-01 3.975602823529412189e-01 3.423158808326663971e-01 4.426624538647137008e-01 3.925309748414448352e-01 0.000000000000000000e+00 0.000000000000000000e+00 0.000000000000000000e+00 0.000000000000000000e+00 0.000000000000000000e+00 4.197977568909637136e-01 0.000000000000000000e+00 0.000000000000000000e+00 0.000000000000000000e+00 0.000000000000000000e+00 0.000000000000000000e+00 0.000000000000000000e+00 0.000000000000000000e+00 0.000000000000000000e+00 0.000000000000000000e+00 0.000000000000000000e+00 0.000000000000000000e+00 3.650719934640522801e-01 0.000000000000000000e+00 3.490316136363635913e-01 0.000000000000000000e+00 0.000000000000000000e+00 0.000000000000000000e+00 0.000000000000000000e+00 0.000000000000000000e+00 4.173218380031581409e-01 0.000000000000000000e+00 0.000000000000000000e+00 0.000000000000000000e+00 0.000000000000000000e+00 0.000000000000000000e+00 4.024004683544304406e-01 0.000000000000000000e+00 0.000000000000000000e+00 0.000000000000000000e+00 0.000000000000000000e+00 0.000000000000000000e+00 0.000000000000000000e+00 0.000000000000000000e+00 3.290796190614583283e-01 0.000000000000000000e+00 3.519310468899056188e-01 0.000000000000000000e+00 0.000000000000000000e+00 0.000000000000000000e+00 3.709657581594707487e-01 0.000000000000000000e+00 0.000000000000000000e+00 0.000000000000000000e+00 3.880768594969956631e-01 0.000000000000000000e+00 3.712939999999999574e-01 0.000000000000000000e+00 3.832185599639045259e-01 0.000000000000000000e+00 0.000000000000000000e+00 0.000000000000000000e+00 3.797170082557492776e-01 0.000000000000000000e+00 0.000000000000000000e+00 0.000000000000000000e+00 0.000000000000000000e+00 0.000000000000000000e+00 0.000000000000000000e+00 0.000000000000000000e+00 3.437514489795918116e-01 0.000000000000000000e+00 0.000000000000000000e+00 0.000000000000000000e+00 0.000000000000000000e+00 0.000000000000000000e+00 3.452462424242423999e-01 0.000000000000000000e+00 0.000000000000000000e+00 0.000000000000000000e+00 0.000000000000000000e+00 0.000000000000000000e+00 0.000000000000000000e+00 0.000000000000000000e+00 0.000000000000000000e+00 0.000000000000000000e+00 0.000000000000000000e+00 0.000000000000000000e+00 0.000000000000000000e+00
3.141705918085803129e-01 4.932258262774956159e-01 3.914472965147757222e-01 4.765599484430551591e-01 0.000000000000000000e+00 0.000000000000000000e+00 3.688448771448658015e-01 4.722709354348389454e-01 3.600107529288718577e-01 0.000000000000000000e+00 2.799703837986370347e-01 4.599056510884394489e-01 3.021325314262259809e-01 4.382829507114790468e-01 3.727703765964655580e-01 0.000000000000000000e+00 3.315173176161185231e-01 4.851414720112517953e-01 4.085293517191539436e-01 4.931040334839403294e-01 0.000000000000000000e+00 0.000000000000000000e+00 3.858360702862431713e-01 4.742634977050902978e-01 0.000000000000000000e+00 0.000000000000000000e+00 0.000000000000000000e+00 0.000000000000000000e+00 3.761910761559692506e-01 4.494093847207010217e-01 4.040352984954512228e-01 4.666076524445572637e-01 3.796098580435721681e-01 4.914263107685459819e-01 4.494590978260870062e-01 0.000000000000000000e+00 4.346513594484215925e-01 0.000000000000000000e+00 0.000000000000000000e+00 0.000000000000000000e+00 0.000000000000000000e+00 0.000000000000000000e+00 0.000000000000000000e+00 0.000000000000000000e+00 4.059270733082706584e-01 0.000000000000000000e+00 0.000000000000000000e+00 0.000000000000000000e+00 3.934751379243102143e-01 0.000000000000000000e+00 3.795710661299157018e-01 0.000000000000000000e+00 3.793850498553827388e-01 0.000000000000000000e+00 4.571648802816902224e-01 0.000000000000000000e+00 3.344831533791195466e-01 0.000000000000000000e+00 4.303221523005826832e-01 4.964843660919540103e-01 4.187385748526402662e-01 5.034215706771654197e-01 4.053527332015259832e-01 0.000000000000000000e+00 4.418050702152380160e-01 0.000000000000000000e+00 4.038916351648351721e-01 0.000000000000000000e+00 3.930223784648188001e-01 0.000000000000000000e+00 3.460218299333914227e-01 4.641877278531197915e-01 3.620331856463614995e-01 4.650235828042821873e-01 0.000000000000000000e+00 0.000000000000000000e+00 3.702887570764546443e-01 3.914465624999999838e-01 0.000000000000000000e+00 0.000000000000000000e+00 4.121241187813415308e-01 0.000000000000000000e+00 0.000000000000000000e+00 0.000000000000000000e+00 4.079749142284141428e-01 0.000000000000000000e+00 3.946324919354838867e-01 0.000000000000000000e+00 3.870468084400242037e-01 0.000000000000000000e+00 0.000000000000000000e+00 0.000000000000000000e+00 0.000000000000000000e+00 0.000000000000000000e+00 4.126199052033493464e-01 0.000000000000000000e+00 0.000000000000000000e+00 0.000000000000000000e+00 0.000000000000000000e+00 0.000000000000000000e+00 0.000000000000000000e+00 0.000000000000000000e+00 4.189609765624999760e-01 0.000000000000000000e+00 0.000000000000000000e+00 0.000000000000000000e+00 0.000000000000000000e+00 0.000000000000000000e+00 0.000000000000000000e+00 0.000000000000000000e+00 0.000000000000000000e+00 0.000000000000000000e+00 0.000000000000000000e+00 0.000000000000000000e+00 0.000000000000000000e+00 0.000000000000000000e+00
4.697463289681024778e-01 3.413591533969795311e-01 4.822358132436528333e-01 3.891655866745352133e-01 0.000000000000000000e+00 0.000000000000000000e+00 4.742516145847760489e-01 3.486687873989728903e-01 0.000000000000000000e+00 3.476729685765740929e-01 4.599056510884394489e-01 2.932871401583782567e-01 4.715482563570405072e-01 3.105214330126324085e-01 0.000000000000000000e+00 3.560957609002634583e-01 0.000000000000000000e+00 3.592875247370225789e-01 4.947307552204476266e-01 4.086910296039074630e-01 0.000000000000000000e+00 0.000000000000000000e+00 4.763798488014104326e-01 4.054334447029675492e-01 0.000000000000000000e+00 0.000000000000000000e+00 0.000000000000000000e+00 0.000000000000000000e+00 4.771493134328358421e-01 3.624649329768243611e-01 4.422391754174926359e-01 3.970105886185477106e-01 4.800310714475966023e-01 4.083455632193517260e-01 0.000000000000000000e+00 0.000000000000000000e+00 0.000000000000000000e+00 4.380659152347582408e-01 0.000000000000000000e+00 4.165503400000000189e-01 0.000000000000000000e+00 4.205346415094339263e-01 0.000000000000000000e+00 0.000000000000000000e+00 0.000000000000000000e+00 3.938612826086956842e-01 0.000000000000000000e+00 0.000000000000000000e+00 0.000000000000000000e+00 4.188492455710955964e-01 0.000000000000000000e+00 3.927260466525999139e-01 0.000000000000000000e+00 3.907183846153846063e-01 0.000000000000000000e+00 4.625383474576270637e-01 0.000000000000000000e+00 3.965230167326962984e-01 0.000000000000000000e+00 4.513883120370369983e-01 0.000000000000000000e+00 4.120895731096063663e-01 0.000000000000000000e+00 4.064933479352244583e-01 4.919566319444445002e-01 4.118566705400955041e-01 0.000000000000000000e+00 4.416236065981475889e-01 0.000000000000000000e+00 4.305008257713248687e-01 4.730797586206896832e-01 3.464449944192304898e-01 4.637527916666667194e-01 3.534556360489957694e-01 0.000000000000000000e+00 0.000000000000000000e+00 4.663063159936604585e-01 3.600136542074485191e-01 0.000000000000000000e+00 4.471867538461538061e-01 0.000000000000000000e+00 4.324515862433896407e-01 0.000000000000000000e+00 3.316165917284755738e-01 0.000000000000000000e+00 4.452079285522725915e-01 0.000000000000000000e+00 0.000000000000000000e+00 0.000000000000000000e+00 4.457906316308645756e-01 0.000000000000000000e+00 0.000000000000000000e+00 0.000000000000000000e+00 4.313978189655172657e-01 0.000000000000000000e+00 0.000000000000000000e+00 0.000000000000000000e+00 0.000000000000000000e+00 0.000000000000000000e+00 0.000000000000000000e+00 4.076156859504131980e-01 0.000000000000000000e+00 0.000000000000000000e+00 0.000000000000000000e+00 0.000000000000000000e+00 0.000000000000000000e+00 0.000000000000000000e+00 0.000000000000000000e+00 0.000000000000000000e+00 0.000000000000000000e+00 0.000000000000000000e+00 0.000000000000000000e+00 0.000000000000000000e+00 0.000000000000000000e+00 0.000000000000000000e+00 0.000000000000000000e+00
2.774716608509069093e-01 4.332824466019417620e-01 3.605358942563002822e-01 4.611227205810087826e-01 4.830638231292516682e-01 4.440881758333333207e-01 3.152882663600146684e-01 4.507810667060003218e-01 3.567987000857081314e-01 4.331094829144620517e-01 3.021325314262259809e-01 4.715482563570405072e-01 2.866870742140912864e-01 4.494083085854491677e-01 2.524943383856702583e-01 4.511896867469880057e-01 4.204882446290507114e-01 0.000000000000000000e+00 3.878522921327603457e-01 4.695354909116331021e-01 0.000000000000000000e+00 0.000000000000000000e+00 3.582171205565581884e-01 4.654804523794507376e-01 0.000000000000000000e+00 4.598548581928835199e-01 0.000000000000000000e+00 0.000000000000000000e+00 3.369548646332936603e-01 4.434517886735717118e-01 3.581710916191830352e-01 4.487009731281325631e-01 3.542894719746555454e-01 4.860096508215917543e-01 4.110860658991321581e-01 0.000000000000000000e+00 3.967978562350340521e-01 0.000000000000000000e+00 0.000000000000000000e+00 0.000000000000000000e+00 4.644768571428571358e-01 0.000000000000000000e+00 0.000000000000000000e+00 0.000000000000000000e+00 0.000000000000000000e+00 0.000000000000000000e+00 0.000000000000000000e+00 0.000000000000000000e+00 3.879687816091954011e-01 0.000000000000000000e+00 3.832834888031383946e-01 0.000000000000000000e+00 4.540482469687500133e-01 0.000000000000000000e+00 3.960342014925372633e-01 0.000000000000000000e+00 3.939858987271547819e-01 0.000000000000000000e+00 4.396286940189373382e-01 0.000000000000000000e+00 4.289220838204753639e-01 0.000000000000000000e+00 4.026779362483006719e-01 0.000000000000000000e+00 4.362957042908553462e-01 0.000000000000000000e+00 4.178275845551061574e-01 0.000000000000000000e+00 3.765345555555555945e-01 0.000000000000000000e+00 3.169857170281500380e-01 4.766558534699424365e-01 3.729179495033252967e-01 4.462091118696655534e-01 3.498889846035356244e-01 0.000000000000000000e+00 3.614863893696474428e-01 3.967202336481387981e-01 3.418622530120481451e-01 0.000000000000000000e+00 3.941126124035805312e-01 0.000000000000000000e+00 0.000000000000000000e+00 0.000000000000000000e+00 4.034296096932785680e-01 0.000000000000000000e+00 0.000000000000000000e+00 0.000000000000000000e+00 4.065922336362666756e-01 3.987492469135802686e-01 3.964456692913386204e-01 0.000000000000000000e+00 0.000000000000000000e+00 0.000000000000000000e+00 0.000000000000000000e+00 4.142626555452579851e-01 0.000000000000000000e+00 0.000000000000000000e+00 0.000000000000000000e+00 0.000000000000000000e+00 0.000000000000000000e+00 0.000000000000000000e+00 0.000000000000000000e+00 0.000000000000000000e+00 0.000000000000000000e+00 0.000000000000000000e+00 0.000000000000000000e+00 0.000000000000000000e+00 0.000000000000000000e+00 0.000000000000000000e+00 0.000000000000000000e+00 0.000000000000000000e+00 0.000000000000000000e+00 0.000000000000000000e+00 0.000000000000000000e+00 0.000000000000000000e+00
