2.630336069967075252e-01 4.878917007051917221e-01 4.110922629207536816e-01 5.069011628166927297e-01 3.715993749296560567e-01 0.000000000000000000e+00 3.578873622353871964e-01 4.644417553507891872e-01 3.649081080208801398e-01 0.000000000000000000e+00 3.271257913593200728e-01 4.650093655202822140e-01 3.511820224255577938e-01 4.862875094339622617e-01 3.665925422187591987e-01 0.000000000000000000e+00 2.834412161872948421e-01 4.839923072776151081e-01 4.376951341789168115e-01 5.108669708907819240e-01 0.000000000000000000e+00 0.000000000000000000e+00 3.869774671928128407e-01 0.000000000000000000e+00 0.000000000000000000e+00 0.000000000000000000e+00 0.000000000000000000e+00 0.000000000000000000e+00 4.019204002280182819e-01 4.825627119565217282e-01 3.914611798761610251e-01 0.000000000000000000e+00 4.197314203151377154e-01 4.928548072744147746e-01 0.000000000000000000e+00 0.000000000000000000e+00 4.791114424554222539e-01 0.000000000000000000e+00 0.000000000000000000e+00 0.000000000000000000e+00 0.000000000000000000e+00 0.000000000000000000e+00 0.000000000000000000e+00 0.000000000000000000e+00 4.535290313083460978e-01 0.000000000000000000e+00 0.000000000000000000e+00 0.000000000000000000e+00 4.226542131870145713e-01 5.040588428571428636e-01 4.091518757814380791e-01 4.976840645161289545e-01 3.993752053591329010e-01 0.000000000000000000e+00 4.072053072411579433e-01 0.000000000000000000e+00 3.341976258528661092e-01 4.841009788522919743e-01 3.991519513526549656e-01 4.970568827764827446e-01 4.004075526950548469e-01 0.000000000000000000e+00 3.851416790020646963e-01 0.000000000000000000e+00 4.022441012983514197e-01 0.000000000000000000e+00 4.111583865095141954e-01 0.000000000000000000e+00 3.328925410055382228e-01 5.102627750429086229e-01 3.515254292070844611e-01 4.926184975038401803e-01 3.814950403906495757e-01 4.694038617417519710e-01 3.753334033799752278e-01 0.000000000000000000e+00 3.925319436055105249e-01 4.320944477825217067e-01 0.000000000000000000e+00 0.000000000000000000e+00 4.074384402147734896e-01 4.614331344537815904e-01 0.000000000000000000e+00 0.000000000000000000e+00 4.080858890918212523e-01 4.989046187050360515e-01 0.000000000000000000e+00 0.000000000000000000e+00 4.156535597184518593e-01 0.000000000000000000e+00 4.343155836631920619e-01 0.000000000000000000e+00 4.094753030260869786e-01 0.000000000000000000e+00 4.463529454454768786e-01 4.632973461870578125e-01 4.815102684426229018e-01 4.392880196078432498e-01 4.021521207105064888e-01 3.931333644067797062e-01 0.000000000000000000e+00 0.000000000000000000e+00 4.561813641100658234e-01 4.348727306290360306e-01 4.851765054945054723e-01 4.674636896388763563e-01 5.374128188273213924e-01 0.000000000000000000e+00 0.000000000000000000e+00 0.000000000000000000e+00 0.000000000000000000e+00 0.000000000000000000e+00 0.000000000000000000e+00 0.000000000000000000e+00 0.000000000000000000e+00 0.000000000000000000e+00
4.878917007051917221e-01 2.731622230677029917e-01 5.148971697965278871e-01 3.588756879343091843e-01 0.000000000000000000e+00 0.000000000000000000e+00 4.642081035556178681e-01 3.032936749628566409e-01 0.000000000000000000e+00 3.851652408452935217e-01 5.062698514359351698e-01 3.918847209293952472e-01 0.000000000000000000e+00 3.776501706133103542e-01 0.000000000000000000e+00 3.991260350872523066e-01 4.768396603569209913e-01 3.492950955607700969e-01 5.081008866981387984e-01 4.371350942766187297e-01 0.000000000000000000e+00 0.000000000000000000e+00 4.658950475978871908e-01 0.000000000000000000e+00 0.000000000000000000e+00 0.000000000000000000e+00 0.000000000000000000e+00 0.000000000000000000e+00 4.765260323219028815e-01 4.213337620821201446e-01 4.663930000000000020e-01 4.436501149844453984e-01 4.965184153565840308e-01 4.879003621737613705e-01 4.817216986504279652e-01 4.626725512820512032e-01 4.881005957446807875e-01 5.291641892380722911e-01 0.000000000000000000e+00 4.937369197417210143e-01 0.000000000000000000e+00 4.126272108927109272e-01 0.000000000000000000e+00 3.955710872483220730e-01 5.612724390243901684e-01 4.065597299460283476e-01 0.000000000000000000e+00 0.000000000000000000e+00 0.000000000000000000e+00 4.250363735895180683e-01 0.000000000000000000e+00 4.033719619963004877e-01 0.000000000000000000e+00 4.006415614340243514e-01 0.000000000000000000e+00 3.902393505714616406e-01 4.567659747993734198e-01 3.514049886500871245e-01 4.800384682894819899e-01 4.174090727701006420e-01 4.958666862745097492e-01 4.081305824812498373e-01 4.632484752475247713e-01 3.941116926279179533e-01 0.000000000000000000e+00 4.053412725170221775e-01 4.804468044598835252e-01 4.253340350255078728e-01 5.197072063504265538e-01 3.413134531264343519e-01 0.000000000000000000e+00 3.715682931586292148e-01 4.681949102079435154e-01 4.141645007270227108e-01 0.000000000000000000e+00 4.124124455163171721e-01 4.232892146525433774e-01 4.109819826365866402e-01 0.000000000000000000e+00 0.000000000000000000e+00 4.259592532467532111e-01 4.458958254993843906e-01 0.000000000000000000e+00 0.000000000000000000e+00 0.000000000000000000e+00 4.266544047689364016e-01 0.000000000000000000e+00 4.415729017627732511e-01 0.000000000000000000e+00 4.222209470312185409e-01 4.385599364009536427e-01 4.802312514950632938e-01 4.286913104575163502e-01 0.000000000000000000e+00 4.358203798475036583e-01 4.648796322655809332e-01 4.480490952380951630e-01 5.065992340109125580e-01 4.494560265486725603e-01 4.673376868089705316e-01 0.000000000000000000e+00 0.000000000000000000e+00 4.861306480419304021e-01 4.451534634343103924e-01 0.000000000000000000e+00 4.603565888455827260e-01 0.000000000000000000e+00 0.000000000000000000e+00 0.000000000000000000e+00 0.000000000000000000e+00 5.116002874840357428e-01 0.000000000000000000e+00 0.000000000000000000e+00 0.000000000000000000e+00 4.575843063616434336e-01 0.000000000000000000e+00
4.110922629207536816e-01 5.148971697965278871e-01 2.574125867505983600e-01 4.453622426276007129e-01 1.705292739304293814e-01 3.933515693260217216e-01 3.173718515574672772e-01 4.352701234659950291e-01 2.828490284508516917e-01 4.351817021944779929e-01 4.123258304832238541e-01 4.466313474991341348e-01 3.382814854479659350e-01 4.253582852964607475e-01 3.407069054364336158e-01 4.212575682722595194e-01 4.368496341163115027e-01 4.929325512394505115e-01 3.182945581904330079e-01 5.066713187549009012e-01 0.000000000000000000e+00 3.917396120288313965e-01 2.532883883657501833e-01 4.370407843127543934e-01 2.420925686245505581e-01 3.997193960126028678e-01 2.480819131199221983e-01 3.464003552238806294e-01 4.107349992971366381e-01 4.520706752291033248e-01 3.655194535230463782e-01 4.235073750548942750e-01 4.457779827467422962e-01 4.872531815796030674e-01 4.407364992161312833e-01 0.000000000000000000e+00 4.431056896559278924e-01 5.092486055444266357e-01 0.000000000000000000e+00 0.000000000000000000e+00 0.000000000000000000e+00 0.000000000000000000e+00 0.000000000000000000e+00 0.000000000000000000e+00 4.296635992214980493e-01 0.000000000000000000e+00 0.000000000000000000e+00 0.000000000000000000e+00 4.492069645700157432e-01 0.000000000000000000e+00 4.298235123391102031e-01 4.761074084507041504e-01 0.000000000000000000e+00 0.000000000000000000e+00 4.159616628571429220e-01 0.000000000000000000e+00 4.114155298180251497e-01 4.151845902777777653e-01 4.465744258232116071e-01 4.480331320754716851e-01 4.197305361286914338e-01 4.862781415929203765e-01 3.917032086003409685e-01 0.000000000000000000e+00 3.981615297306572709e-01 0.000000000000000000e+00 4.727308957619629770e-01 0.000000000000000000e+00 4.102742017050753365e-01 0.000000000000000000e+00 3.563268386032288904e-01 4.180631369947792608e-01 3.725046793542538537e-01 4.500218404915844461e-01 3.384994244565849297e-01 0.000000000000000000e+00 3.944083757822436920e-01 4.138644566040138306e-01 0.000000000000000000e+00 0.000000000000000000e+00 3.905880924840857138e-01 0.000000000000000000e+00 0.000000000000000000e+00 0.000000000000000000e+00 4.021121450262019614e-01 4.736242598425197126e-01 0.000000000000000000e+00 0.000000000000000000e+00 4.012137570997622582e-01 0.000000000000000000e+00 4.026981413058343673e-01 4.484109923892241056e-01 0.000000000000000000e+00 0.000000000000000000e+00 4.466559387121790681e-01 4.564916985592146759e-01 0.000000000000000000e+00 0.000000000000000000e+00 0.000000000000000000e+00 0.000000000000000000e+00 0.000000000000000000e+00 0.000000000000000000e+00 4.231134478694641432e-01 4.057090333154652062e-01 0.000000000000000000e+00 0.000000000000000000e+00 0.000000000000000000e+00 0.000000000000000000e+00 0.000000000000000000e+00 0.000000000000000000e+00 0.000000000000000000e+00 0.000000000000000000e+00 0.000000000000000000e+00 0.000000000000000000e+00 0.000000000000000000e+00 0.000000000000000000e+00
5.069011628166927297e-01 3.588756879343091843e-01 4.453622426276007129e-01 2.509346604870545394e-01 3.994391331020641367e-01 2.247926852486880900e-01 4.334960535120871983e-01 3.145220001541539356e-01 4.005242219027417838e-01 2.875657105099166388e-01 4.525069967009174854e-01 3.982505712002412102e-01 4.318175717819748849e-01 3.616067487987600915e-01 4.172631793116789445e-01 3.487660851235864778e-01 4.937606272997702161e-01 4.498747075484418878e-01 4.990524063538383515e-01 2.974719684751067073e-01 0.000000000000000000e+00 0.000000000000000000e+00 4.370157401724233392e-01 2.082667303020168947e-01 3.843611693997258105e-01 1.814724974594540963e-01 4.285438863414038346e-01 2.650048606015634189e-01 4.636278915978120918e-01 4.155813979395739932e-01 4.004515789799641956e-01 3.342807264791586297e-01 5.042043894930241521e-01 3.492836394265945166e-01 4.479920796460176713e-01 4.664211104542131947e-01 0.000000000000000000e+00 4.843781564500657111e-01 0.000000000000000000e+00 4.718297488926145311e-01 0.000000000000000000e+00 0.000000000000000000e+00 0.000000000000000000e+00 0.000000000000000000e+00 0.000000000000000000e+00 4.527081353742153369e-01 0.000000000000000000e+00 4.403506350229241528e-01 0.000000000000000000e+00 4.212034897348341245e-01 0.000000000000000000e+00 4.269915059821927095e-01 0.000000000000000000e+00 3.999919335988388891e-01 0.000000000000000000e+00 4.083856702784205983e-01 4.727606914893616175e-01 4.322545935688267837e-01 5.060234306653490499e-01 4.420614731063381431e-01 4.773505700383772199e-01 4.221095815907515703e-01 0.000000000000000000e+00 4.346528656648344091e-01 0.000000000000000000e+00 4.158308625036348793e-01 4.954183110018334779e-01 4.643984499528024945e-01 5.688665287356321487e-01 4.326211101593054331e-01 4.601011639344261828e-01 3.758151221239174888e-01 4.408000767672349829e-01 3.855114328823693315e-01 0.000000000000000000e+00 3.513849754797647718e-01 4.313961831267928981e-01 4.085123760704446605e-01 0.000000000000000000e+00 0.000000000000000000e+00 0.000000000000000000e+00 4.497651977308191884e-01 0.000000000000000000e+00 3.607691643564356343e-01 4.691150701754386310e-01 4.265605113066691656e-01 0.000000000000000000e+00 4.193458484848484602e-01 0.000000000000000000e+00 4.279739387243000071e-01 4.050596274193725144e-01 4.178387114585371265e-01 0.000000000000000000e+00 0.000000000000000000e+00 4.449324428848709934e-01 4.488206863172482519e-01 0.000000000000000000e+00 0.000000000000000000e+00 0.000000000000000000e+00 4.799157789766850257e-01 0.000000000000000000e+00 0.000000000000000000e+00 4.708353968786620491e-01 4.055788056240968165e-01 0.000000000000000000e+00 4.467432145449771186e-01 4.069481142857143130e-01 0.000000000000000000e+00 0.000000000000000000e+00 0.000000000000000000e+00 0.000000000000000000e+00 0.000000000000000000e+00 0.000000000000000000e+00 4.110912608695652115e-01 0.000000000000000000e+00 0.000000000000000000e+00
3.715993749296560567e-01 0.000000000000000000e+00 1.705292739304293814e-01 3.994391331020641367e-01 2.062349232604382410e-01 4.104854291392115440e-01 3.127515195026883688e-01 0.000000000000000000e+00 2.165151145714483971e-01 4.303671052012929543e-01 3.195182440476190822e-01 0.000000000000000000e+00 3.260797968660323898e-01 0.000000000000000000e+00 2.661636192180260596e-01 4.562092727272727966e-01 0.000000000000000000e+00 0.000000000000000000e+00 3.775443213304804368e-01 0.000000000000000000e+00 1.754569461439051403e-01 3.705889809523809642e-01 3.197216941558403969e-01 3.643108516969696953e-01 1.769749163732290409e-01 4.036842858114866872e-01 2.192404953110552168e-01 3.781856123317620111e-01 3.167169145124990037e-01 0.000000000000000000e+00 3.302520767852370476e-01 4.280834108253505632e-01 3.982404238297739818e-01 0.000000000000000000e+00 4.421016666666666706e-01 0.000000000000000000e+00 3.945441209677419403e-01 0.000000000000000000e+00 0.000000000000000000e+00 0.000000000000000000e+00 0.000000000000000000e+00 0.000000000000000000e+00 4.543454095238094737e-01 0.000000000000000000e+00 0.000000000000000000e+00 0.000000000000000000e+00 4.373972218346253715e-01 0.000000000000000000e+00 0.000000000000000000e+00 0.000000000000000000e+00 3.705834044117647386e-01 0.000000000000000000e+00 0.000000000000000000e+00 0.000000000000000000e+00 0.000000000000000000e+00 0.000000000000000000e+00 0.000000000000000000e+00 0.000000000000000000e+00 0.000000000000000000e+00 0.000000000000000000e+00 0.000000000000000000e+00 0.000000000000000000e+00 0.000000000000000000e+00 0.000000000000000000e+00 4.770357272727273057e-01 0.000000000000000000e+00 4.672370085470084478e-01 0.000000000000000000e+00 4.221134869984384252e-01 0.000000000000000000e+00 3.233291603307967277e-01 4.356484422105671439e-01 2.558233659117817860e-01 0.000000000000000000e+00 2.820435773489761155e-01 0.000000000000000000e+00 3.446063882621270280e-01 3.405294536800083649e-01 0.000000000000000000e+00 0.000000000000000000e+00 3.874601068226120049e-01 0.000000000000000000e+00 3.752537859356678274e-01 0.000000000000000000e+00 4.034778410391448022e-01 0.000000000000000000e+00 4.061236408805031228e-01 0.000000000000000000e+00 4.048171688637790533e-01 0.000000000000000000e+00 0.000000000000000000e+00 0.000000000000000000e+00 0.000000000000000000e+00 0.000000000000000000e+00 3.983867311827956614e-01 0.000000000000000000e+00 0.000000000000000000e+00 0.000000000000000000e+00 0.000000000000000000e+00 0.000000000000000000e+00 0.000000000000000000e+00 0.000000000000000000e+00 0.000000000000000000e+00 0.000000000000000000e+00 0.000000000000000000e+00 3.959776432945199542e-01 0.000000000000000000e+00 0.000000000000000000e+00 0.000000000000000000e+00 0.000000000000000000e+00 0.000000000000000000e+00 0.000000000000000000e+00 0.000000000000000000e+00 0.000000000000000000e+00 0.000000000000000000e+00 0.000000000000000000e+00
0.000000000000000000e+00 0.000000000000000000e+00 3.933515693260217216e-01 2.247926852486880900e-01 4.104854291392115440e-01 1.984825393385092618e-01 4.162320571126201241e-01 2.784375664065463774e-01 4.092466531715119871e-01 1.686115668506796839e-01 0.000000000000000000e+00 0.000000000000000000e+00 3.928961017948717771e-01 3.157625339999999836e-01 4.075550156753129927e-01 2.412498821529016901e-01 0.000000000000000000e+00 0.000000000000000000e+00 3.435246034482758448e-01 3.765541997469773472e-01 3.668620946065428989e-01 2.373794799019607604e-01 3.957896441998475789e-01 2.320012806296681829e-01 3.705945855055695071e-01 1.879350110139629271e-01 3.490717645217638609e-01 2.531445721492517897e-01 0.000000000000000000e+00 3.172352488398179071e-01 3.672214237015398175e-01 3.178786699844351471e-01 0.000000000000000000e+00 3.970779890850018035e-01 0.000000000000000000e+00 0.000000000000000000e+00 0.000000000000000000e+00 3.585207636363635930e-01 0.000000000000000000e+00 0.000000000000000000e+00 0.000000000000000000e+00 0.000000000000000000e+00 0.000000000000000000e+00 4.435049421487602950e-01 0.000000000000000000e+00 4.451997520000000041e-01 0.000000000000000000e+00 4.747555090909091891e-01 0.000000000000000000e+00 0.000000000000000000e+00 0.000000000000000000e+00 0.000000000000000000e+00 0.000000000000000000e+00 0.000000000000000000e+00 0.000000000000000000e+00 0.000000000000000000e+00 0.000000000000000000e+00 3.898636923076923000e-01 0.000000000000000000e+00 0.000000000000000000e+00 0.000000000000000000e+00 0.000000000000000000e+00 0.000000000000000000e+00 0.000000000000000000e+00 0.000000000000000000e+00 0.000000000000000000e+00 0.000000000000000000e+00 3.998389909909908502e-01 0.000000000000000000e+00 0.000000000000000000e+00 4.348525522316000758e-01 3.310455338056149666e-01 0.000000000000000000e+00 3.463778097388626187e-01 0.000000000000000000e+00 3.372846660445161793e-01 0.000000000000000000e+00 3.530680938623994569e-01 0.000000000000000000e+00 0.000000000000000000e+00 0.000000000000000000e+00 0.000000000000000000e+00 0.000000000000000000e+00 0.000000000000000000e+00 0.000000000000000000e+00 3.950431534910478493e-01 0.000000000000000000e+00 3.764268559447435103e-01 0.000000000000000000e+00 4.069637825832845834e-01 0.000000000000000000e+00 0.000000000000000000e+00 0.000000000000000000e+00 0.000000000000000000e+00 3.544200714285714593e-01 0.000000000000000000e+00 0.000000000000000000e+00 0.000000000000000000e+00 0.000000000000000000e+00 0.000000000000000000e+00 0.000000000000000000e+00 0.000000000000000000e+00 0.000000000000000000e+00 3.477085809523809967e-01 0.000000000000000000e+00 0.000000000000000000e+00 0.000000000000000000e+00 0.000000000000000000e+00 0.000000000000000000e+00 0.000000000000000000e+00 3.634457920792079078e-01 0.000000000000000000e+00 0.000000000000000000e+00 0.000000000000000000e+00 0.000000000000000000e+00 0.000000000000000000e+00
3.578873622353871964e-01 4.642081035556178681e-01 3.173718515574672772e-01 4.334960535120871983e-01 3.127515195026883688e-01 4.162320571126201241e-01 2.493462277270426519e-01 4.319081742749039110e-01 2.937010778912270692e-01 0.000000000000000000e+00 3.253103295281420393e-01 4.366158849926323748e-01 2.821189990162255579e-01 4.176092306624799022e-01 2.971890696987167235e-01 4.271531526664731349e-01 3.984020243487217949e-01 4.738385435225532238e-01 3.959065001781796322e-01 4.722617623504296036e-01 0.000000000000000000e+00 0.000000000000000000e+00 3.569428810285185105e-01 4.236164742276828932e-01 0.000000000000000000e+00 3.958507224025973326e-01 0.000000000000000000e+00 3.840616607142856576e-01 3.703669802132144029e-01 4.358190575442429382e-01 3.447545991951636024e-01 4.131526976268001805e-01 4.240706421950636851e-01 4.653196776706918780e-01 4.471307424061941038e-01 0.000000000000000000e+00 4.214057752688172287e-01 4.582829791666666597e-01 0.000000000000000000e+00 4.781284299999999932e-01 0.000000000000000000e+00 3.823061645569620914e-01 0.000000000000000000e+00 0.000000000000000000e+00 4.169995491156629486e-01 0.000000000000000000e+00 4.009227087378640086e-01 0.000000000000000000e+00 4.164495526032201411e-01 4.397413880597015323e-01 4.030614751283881914e-01 0.000000000000000000e+00 3.973115164948061162e-01 0.000000000000000000e+00 4.100408844831909816e-01 0.000000000000000000e+00 3.873187510785392473e-01 4.676247715161204743e-01 4.053530880104147527e-01 0.000000000000000000e+00 4.046647795074171383e-01 0.000000000000000000e+00 4.027728619430676615e-01 0.000000000000000000e+00 4.006402402040677435e-01 4.600889802600472422e-01 4.358422413647242144e-01 4.840567618774573866e-01 4.191105063291138966e-01 5.065058209876543982e-01 3.341933959924673903e-01 4.155637936684372646e-01 3.583003879149759818e-01 4.368901184387136705e-01 2.814487812500000019e-01 4.212286428571428987e-01 3.813918898474885077e-01 4.253874582509030722e-01 0.000000000000000000e+00 0.000000000000000000e+00 4.021840746923480703e-01 0.000000000000000000e+00 0.000000000000000000e+00 0.000000000000000000e+00 4.066034567213068773e-01 0.000000000000000000e+00 4.149583265306122648e-01 0.000000000000000000e+00 4.074679383510619868e-01 0.000000000000000000e+00 4.098056182215716881e-01 0.000000000000000000e+00 0.000000000000000000e+00 0.000000000000000000e+00 4.546929506172839308e-01 3.919374574468083572e-01 0.000000000000000000e+00 4.692330215827337780e-01 0.000000000000000000e+00 0.000000000000000000e+00 0.000000000000000000e+00 0.000000000000000000e+00 4.204212148760330114e-01 3.858483948076923409e-01 0.000000000000000000e+00 0.000000000000000000e+00 0.000000000000000000e+00 0.000000000000000000e+00 0.000000000000000000e+00 0.000000000000000000e+00 0.000000000000000000e+00 0.000000000000000000e+00 0.000000000000000000e+00 0.000000000000000000e+00 0.000000000000000000e+00 0.000000000000000000e+00
4.644417553507891872e-01 3.032936749628566409e-01 4.352701234659950291e-01 3.145220001541539356e-01 0.000000000000000000e+00 2.784375664065463774e-01 4.319081742749039110e-01 2.523069660745000387e-01 4.297231195959596572e-01 2.331321485339970800e-01 4.454894681620225061e-01 3.405037299371603265e-01 4.093001201623914787e-01 2.884882835556387692e-01 4.255979073265535040e-01 3.113943890072918830e-01 4.559993196248195990e-01 4.255723059474441627e-01 4.631459372727427803e-01 4.174666035396122910e-01 0.000000000000000000e+00 0.000000000000000000e+00 4.296922698378700112e-01 3.453555313203683919e-01 0.000000000000000000e+00 2.340088761726219768e-01 4.050994158415840984e-01 0.000000000000000000e+00 4.287671359092257717e-01 3.931311355095013504e-01 4.213279282056703323e-01 3.569567644116644622e-01 4.598524015899355666e-01 4.003937979082746179e-01 0.000000000000000000e+00 4.228424124999999867e-01 0.000000000000000000e+00 4.738850963980905662e-01 0.000000000000000000e+00 4.842911457963203214e-01 0.000000000000000000e+00 0.000000000000000000e+00 0.000000000000000000e+00 0.000000000000000000e+00 0.000000000000000000e+00 4.115723771929824526e-01 0.000000000000000000e+00 0.000000000000000000e+00 4.787748980891718964e-01 4.194394637674846438e-01 5.027473649635035846e-01 4.085473056384696933e-01 0.000000000000000000e+00 4.294338407079645870e-01 0.000000000000000000e+00 4.028613060025490467e-01 0.000000000000000000e+00 3.995226012385685310e-01 0.000000000000000000e+00 4.170751802259120011e-01 0.000000000000000000e+00 3.982495222204901486e-01 3.982085528455284185e-01 3.994365396316890693e-01 4.573656119942196563e-01 3.995935392759716320e-01 5.020665908914786479e-01 4.398845987444582328e-01 0.000000000000000000e+00 4.290174236757817172e-01 4.453081167640317584e-01 3.461331079035540048e-01 4.349828051849792820e-01 3.685581907674227997e-01 0.000000000000000000e+00 3.500684823705799142e-01 4.241802442505981929e-01 3.853834346326499016e-01 0.000000000000000000e+00 0.000000000000000000e+00 0.000000000000000000e+00 4.284504398970468420e-01 0.000000000000000000e+00 0.000000000000000000e+00 0.000000000000000000e+00 4.185903791333663859e-01 0.000000000000000000e+00 3.850084396551724519e-01 0.000000000000000000e+00 4.128720477948024659e-01 4.247886917808219032e-01 0.000000000000000000e+00 0.000000000000000000e+00 0.000000000000000000e+00 4.415198627192982728e-01 4.338695860462454257e-01 0.000000000000000000e+00 0.000000000000000000e+00 0.000000000000000000e+00 0.000000000000000000e+00 0.000000000000000000e+00 0.000000000000000000e+00 0.000000000000000000e+00 4.098017700711382161e-01 0.000000000000000000e+00 0.000000000000000000e+00 0.000000000000000000e+00 0.000000000000000000e+00 0.000000000000000000e+00 0.000000000000000000e+00 0.000000000000000000e+00 0.000000000000000000e+00 0.000000000000000000e+00 0.000000000000000000e+00 0.000000000000000000e+00 0.000000000000000000e+00
3.649081080208801398e-01 0.000000000000000000e+00 2.828490284508516917e-01 4.005242219027417838e-01 2.165151145714483971e-01 4.092466531715119871e-01 2.937010778912270692e-01 4.297231195959596572e-01 2.195769442589196874e-01 4.329409743589743842e-01 3.423187859714516001e-01 0.000000000000000000e+00 2.290502826354903487e-01 4.413285871572871777e-01 2.521694042311726225e-01 4.436639311820288478e-01 0.000000000000000000e+00 0.000000000000000000e+00 3.876635436893203779e-01 0.000000000000000000e+00 3.080189562499999756e-01 0.000000000000000000e+00 3.365471899741212525e-01 4.147652683138562946e-01 0.000000000000000000e+00 4.250396057924583637e-01 2.065247076923076852e-01 3.454676997474747102e-01 3.418459260136551547e-01 0.000000000000000000e+00 3.476295307878217722e-01 4.341066355258864640e-01 0.000000000000000000e+00 4.136734487179488107e-01 0.000000000000000000e+00 0.000000000000000000e+00 0.000000000000000000e+00 0.000000000000000000e+00 0.000000000000000000e+00 0.000000000000000000e+00 0.000000000000000000e+00 0.000000000000000000e+00 0.000000000000000000e+00 0.000000000000000000e+00 0.000000000000000000e+00 0.000000000000000000e+00 0.000000000000000000e+00 0.000000000000000000e+00 0.000000000000000000e+00 0.000000000000000000e+00 0.000000000000000000e+00 0.000000000000000000e+00 0.000000000000000000e+00 0.000000000000000000e+00 0.000000000000000000e+00 0.000000000000000000e+00 0.000000000000000000e+00 0.000000000000000000e+00 0.000000000000000000e+00 0.000000000000000000e+00 3.787847889555822078e-01 0.000000000000000000e+00 0.000000000000000000e+00 0.000000000000000000e+00 3.819497847803763890e-01 0.000000000000000000e+00 0.000000000000000000e+00 0.000000000000000000e+00 0.000000000000000000e+00 0.000000000000000000e+00 3.320103743925129081e-01 3.719950944444445073e-01 3.447400191557293270e-01 0.000000000000000000e+00 3.366616490344225832e-01 0.000000000000000000e+00 3.568566507656761866e-01 3.742325843050373080e-01 0.000000000000000000e+00 0.000000000000000000e+00 3.802432438778808321e-01 0.000000000000000000e+00 3.798971838531186584e-01 0.000000000000000000e+00 4.428716435643564875e-01 0.000000000000000000e+00 0.000000000000000000e+00 0.000000000000000000e+00 0.000000000000000000e+00 0.000000000000000000e+00 0.000000000000000000e+00 0.000000000000000000e+00 0.000000000000000000e+00 0.000000000000000000e+00 0.000000000000000000e+00 0.000000000000000000e+00 0.000000000000000000e+00 0.000000000000000000e+00 0.000000000000000000e+00 0.000000000000000000e+00 0.000000000000000000e+00 0.000000000000000000e+00 0.000000000000000000e+00 0.000000000000000000e+00 0.000000000000000000e+00 0.000000000000000000e+00 0.000000000000000000e+00 0.000000000000000000e+00 0.000000000000000000e+00 0.000000000000000000e+00 0.000000000000000000e+00 0.000000000000000000e+00 0.000000000000000000e+00 0.000000000000000000e+00 0.000000000000000000e+00 0.000000000000000000e+00
0.000000000000000000e+00 3.851652408452935217e-01 4.351817021944779929e-01 2.875657105099166388e-01 4.303671052012929543e-01 1.686115668506796839e-01 0.000000000000000000e+00 2.331321485339970800e-01 4.329409743589743842e-01 2.407498614571830509e-01 0.000000000000000000e+00 3.434075170278638178e-01 4.018133285801433474e-01 3.298276995901271991e-01 4.389058521526418843e-01 2.406278102393244189e-01 0.000000000000000000e+00 4.072453241379310196e-01 0.000000000000000000e+00 3.602294386554620864e-01 0.000000000000000000e+00 0.000000000000000000e+00 4.397466357501935708e-01 3.524798548424521449e-01 4.058933731343283835e-01 1.845119122210883145e-01 0.000000000000000000e+00 0.000000000000000000e+00 0.000000000000000000e+00 3.368329322390572478e-01 3.746965644655821936e-01 3.292741562500000052e-01 0.000000000000000000e+00 3.581994523809522990e-01 0.000000000000000000e+00 0.000000000000000000e+00 0.000000000000000000e+00 0.000000000000000000e+00 0.000000000000000000e+00 0.000000000000000000e+00 0.000000000000000000e+00 0.000000000000000000e+00 0.000000000000000000e+00 0.000000000000000000e+00 0.000000000000000000e+00 0.000000000000000000e+00 0.000000000000000000e+00 0.000000000000000000e+00 0.000000000000000000e+00 0.000000000000000000e+00 0.000000000000000000e+00 0.000000000000000000e+00 0.000000000000000000e+00 0.000000000000000000e+00 0.000000000000000000e+00 0.000000000000000000e+00 0.000000000000000000e+00 4.156601834862385658e-01 0.000000000000000000e+00 0.000000000000000000e+00 0.000000000000000000e+00 3.780523174603174219e-01 0.000000000000000000e+00 0.000000000000000000e+00 0.000000000000000000e+00 0.000000000000000000e+00 0.000000000000000000e+00 0.000000000000000000e+00 0.000000000000000000e+00 4.542347445255475180e-01 0.000000000000000000e+00 3.314435243160673839e-01 4.098274999999999557e-01 3.513068227128736676e-01 0.000000000000000000e+00 3.256600150510203795e-01 0.000000000000000000e+00 3.719734517885849856e-01 0.000000000000000000e+00 4.420270285714285596e-01 0.000000000000000000e+00 4.007553054304304752e-01 0.000000000000000000e+00 0.000000000000000000e+00 0.000000000000000000e+00 4.166738413360613902e-01 0.000000000000000000e+00 0.000000000000000000e+00 0.000000000000000000e+00 4.179965135135135235e-01 0.000000000000000000e+00 3.752231985294117722e-01 0.000000000000000000e+00 0.000000000000000000e+00 3.950802065217390857e-01 0.000000000000000000e+00 0.000000000000000000e+00 0.000000000000000000e+00 0.000000000000000000e+00 0.000000000000000000e+00 0.000000000000000000e+00 0.000000000000000000e+00 0.000000000000000000e+00 0.000000000000000000e+00 0.000000000000000000e+00 0.000000000000000000e+00 0.000000000000000000e+00 0.000000000000000000e+00 0.000000000000000000e+00 0.000000000000000000e+00 0.000000000000000000e+00 0.000000000000000000e+00 0.000000000000000000e+00 0.000000000000000000e+00 0.000000000000000000e+00 0.000000000000000000e+00
3.271257913593200728e-01 5.062698514359351698e-01 4.123258304832238541e-01 4.525069967009174854e-01 3.195182440476190822e-01 0.000000000000000000e+00 3.253103295281420393e-01 4.454894681620225061e-01 3.423187859714516001e-01 0.000000000000000000e+00 2.858539151268459366e-01 4.389669861461509281e-01 3.042915378986570385e-01 4.299238598330101802e-01 3.428204032865523332e-01 0.000000000000000000e+00 3.869726488290427535e-01 4.655263883333333186e-01 4.259179665177557639e-01 4.832926188150425961e-01 0.000000000000000000e+00 0.000000000000000000e+00 3.721107105791393033e-01 0.000000000000000000e+00 0.000000000000000000e+00 0.000000000000000000e+00 0.000000000000000000e+00 0.000000000000000000e+00 3.484506141581243388e-01 4.618703471342868738e-01 3.582020068671866175e-01 4.239498584748584431e-01 4.354781189441013223e-01 4.727532536854038292e-01 0.000000000000000000e+00 0.000000000000000000e+00 0.000000000000000000e+00 0.000000000000000000e+00 0.000000000000000000e+00 0.000000000000000000e+00 0.000000000000000000e+00 0.000000000000000000e+00 0.000000000000000000e+00 0.000000000000000000e+00 4.627798818181818596e-01 0.000000000000000000e+00 0.000000000000000000e+00 0.000000000000000000e+00 4.313018561519693095e-01 0.000000000000000000e+00 4.207860229599673652e-01 0.000000000000000000e+00 3.964004186942198249e-01 0.000000000000000000e+00 4.314360102780067652e-01 0.000000000000000000e+00 3.792604163213699198e-01 0.000000000000000000e+00 4.271125795435472550e-01 0.000000000000000000e+00 4.126668364360009389e-01 0.000000000000000000e+00 4.091532423519136930e-01 0.000000000000000000e+00 4.191664232799612311e-01 0.000000000000000000e+00 4.739051633557800347e-01 0.000000000000000000e+00 4.458621868330624460e-01 0.000000000000000000e+00 3.516014215606336757e-01 0.000000000000000000e+00 3.765801564079077068e-01 4.441840884877330531e-01 0.000000000000000000e+00 0.000000000000000000e+00 3.954435850466137548e-01 4.263690914607862759e-01 0.000000000000000000e+00 0.000000000000000000e+00 4.182294235243183556e-01 0.000000000000000000e+00 0.000000000000000000e+00 0.000000000000000000e+00 4.121902248973370320e-01 4.705693426786606848e-01 0.000000000000000000e+00 0.000000000000000000e+00 4.226738993627177088e-01 0.000000000000000000e+00 0.000000000000000000e+00 4.142503063063063262e-01 0.000000000000000000e+00 0.000000000000000000e+00 4.401350329670329908e-01 0.000000000000000000e+00 0.000000000000000000e+00 0.000000000000000000e+00 0.000000000000000000e+00 0.000000000000000000e+00 0.000000000000000000e+00 0.000000000000000000e+00 0.000000000000000000e+00 0.000000000000000000e+00 0.000000000000000000e+00 0.000000000000000000e+00 0.000000000000000000e+00 0.000000000000000000e+00 0.000000000000000000e+00 0.000000000000000000e+00 0.000000000000000000e+00 0.000000000000000000e+00 0.000000000000000000e+00 0.000000000000000000e+00 0.000000000000000000e+00 0.000000000000000000e+00
4.650093655202822140e-01 3.918847209293952472e-01 4.466313474991341348e-01 3.982505712002412102e-01 0.000000000000000000e+00 0.000000000000000000e+00 4.366158849926323748e-01 3.405037299371603265e-01 0.000000000000000000e+00 3.434075170278638178e-01 4.389669861461509281e-01 2.534485794140695081e-01 4.018824219887194293e-01 2.704522313641832265e-01 0.000000000000000000e+00 3.639987615558358813e-01 0.000000000000000000e+00 3.407320379524791387e-01 4.556597351081955738e-01 4.349363082636013011e-01 0.000000000000000000e+00 0.000000000000000000e+00 4.343513359438505583e-01 3.771673891483575125e-01 0.000000000000000000e+00 0.000000000000000000e+00 0.000000000000000000e+00 0.000000000000000000e+00 4.522786764705882256e-01 3.166483769067164333e-01 4.056817708196244210e-01 3.640789571714392880e-01 4.680609295174463225e-01 3.973892180631398152e-01 0.000000000000000000e+00 0.000000000000000000e+00 0.000000000000000000e+00 4.874640293078401077e-01 0.000000000000000000e+00 4.719528196721311519e-01 0.000000000000000000e+00 0.000000000000000000e+00 0.000000000000000000e+00 4.502097946524064032e-01 4.845745227272726940e-01 0.000000000000000000e+00 0.000000000000000000e+00 0.000000000000000000e+00 5.039427307692306846e-01 4.494908793240430245e-01 0.000000000000000000e+00 4.181945549287846564e-01 0.000000000000000000e+00 0.000000000000000000e+00 0.000000000000000000e+00 4.025655722354312127e-01 0.000000000000000000e+00 4.036612697343174294e-01 0.000000000000000000e+00 4.302502030315934478e-01 0.000000000000000000e+00 4.037629783706294107e-01 0.000000000000000000e+00 4.066474293077673718e-01 0.000000000000000000e+00 4.256173809167627109e-01 0.000000000000000000e+00 4.576441916483935946e-01 0.000000000000000000e+00 4.463705956368241301e-01 4.550907647058823335e-01 3.570951866552145582e-01 4.403778929115857999e-01 3.562785166490307076e-01 0.000000000000000000e+00 3.032301169696969834e-01 4.099073384499786199e-01 4.003431888314413212e-01 0.000000000000000000e+00 0.000000000000000000e+00 0.000000000000000000e+00 4.306940578844752898e-01 0.000000000000000000e+00 0.000000000000000000e+00 0.000000000000000000e+00 4.537779021746343178e-01 0.000000000000000000e+00 0.000000000000000000e+00 0.000000000000000000e+00 4.496959548426160969e-01 0.000000000000000000e+00 0.000000000000000000e+00 0.000000000000000000e+00 0.000000000000000000e+00 0.000000000000000000e+00 4.007102399999999398e-01 0.000000000000000000e+00 0.000000000000000000e+00 0.000000000000000000e+00 0.000000000000000000e+00 0.000000000000000000e+00 0.000000000000000000e+00 0.000000000000000000e+00 4.549453392857142342e-01 0.000000000000000000e+00 0.000000000000000000e+00 0.000000000000000000e+00 0.000000000000000000e+00 0.000000000000000000e+00 0.000000000000000000e+00 0.000000000000000000e+00 0.000000000000000000e+00 0.000000000000000000e+00 0.000000000000000000e+00 0.000000000000000000e+00 0.000000000000000000e+00
3.511820224255577938e-01 0.000000000000000000e+00 3.382814854479659350e-01 4.318175717819748849e-01 3.260797968660323898e-01 3.928961017948717771e-01 2.821189990162255579e-01 4.093001201623914787e-01 2.290502826354903487e-01 4.018133285801433474e-01 3.042915378986570385e-01 4.018824219887194293e-01 2.496565134405351050e-01 4.003064079202346970e-01 2.708859202923608600e-01 4.231462314360119326e-01 3.959256306056934127e-01 0.000000000000000000e+00 3.851260214415589966e-01 4.455144491934766582e-01 0.000000000000000000e+00 3.340206476923076595e-01 3.519701575718068853e-01 4.337459861502361846e-01 3.623799428034371051e-01 3.842421644869474795e-01 3.485167358490565137e-01 0.000000000000000000e+00 3.166315993175339294e-01 4.326233317384369226e-01 3.219033945676525454e-01 4.264251105844532042e-01 4.104443781305023853e-01 4.415476908537001033e-01 0.000000000000000000e+00 0.000000000000000000e+00 0.000000000000000000e+00 0.000000000000000000e+00 0.000000000000000000e+00 0.000000000000000000e+00 0.000000000000000000e+00 0.000000000000000000e+00 0.000000000000000000e+00 0.000000000000000000e+00 0.000000000000000000e+00 0.000000000000000000e+00 0.000000000000000000e+00 0.000000000000000000e+00 0.000000000000000000e+00 0.000000000000000000e+00 0.000000000000000000e+00 0.000000000000000000e+00 3.696972553191489319e-01 0.000000000000000000e+00 0.000000000000000000e+00 0.000000000000000000e+00 3.781147021847391376e-01 0.000000000000000000e+00 4.099918020483371839e-01 0.000000000000000000e+00 4.080576646064096868e-01 0.000000000000000000e+00 3.982479439492200846e-01 0.000000000000000000e+00 4.068226780902455819e-01 0.000000000000000000e+00 4.395002238348274526e-01 4.556170844827585609e-01 4.297927107502265698e-01 0.000000000000000000e+00 2.944941980776125123e-01 4.235942832210655706e-01 3.614697303239652881e-01 4.261769058585946901e-01 0.000000000000000000e+00 4.232409825396825087e-01 3.809880874938805229e-01 4.253437244520276161e-01 0.000000000000000000e+00 0.000000000000000000e+00 3.979484281276262081e-01 0.000000000000000000e+00 3.928021882352941141e-01 0.000000000000000000e+00 3.978745487488411503e-01 0.000000000000000000e+00 0.000000000000000000e+00 0.000000000000000000e+00 4.103467829064706973e-01 0.000000000000000000e+00 4.081071387089568736e-01 3.670713986013985908e-01 0.000000000000000000e+00 0.000000000000000000e+00 4.279790528653383830e-01 0.000000000000000000e+00 0.000000000000000000e+00 0.000000000000000000e+00 0.000000000000000000e+00 0.000000000000000000e+00 0.000000000000000000e+00 0.000000000000000000e+00 3.881378828124999458e-01 3.814578811188811258e-01 0.000000000000000000e+00 4.207433304302303223e-01 0.000000000000000000e+00 0.000000000000000000e+00 0.000000000000000000e+00 0.000000000000000000e+00 0.000000000000000000e+00 0.000000000000000000e+00 0.000000000000000000e+00 0.000000000000000000e+00 0.000000000000000000e+00 0.000000000000000000e+00
