2.855070054718953920e-01 4.947099030357185456e-01 3.469482805225944655e-01 4.870359983328451103e-01 3.841113562979220908e-01 0.000000000000000000e+00 3.592100720899333854e-01 4.709237312501324824e-01 0.000000000000000000e+00 0.000000000000000000e+00 3.206448076897345789e-01 4.842117858019736598e-01 4.010649783888578512e-01 4.618316277469597386e-01 3.550064230769231499e-01 0.000000000000000000e+00 3.527374927926348325e-01 4.761499335556597101e-01 4.162410784741012448e-01 5.084652790110351095e-01 0.000000000000000000e+00 0.000000000000000000e+00 3.984928313871254346e-01 4.635256179775280594e-01 0.000000000000000000e+00 0.000000000000000000e+00 0.000000000000000000e+00 0.000000000000000000e+00 3.953668846477511600e-01 4.802815511191037556e-01 3.719696031604055042e-01 4.391295878224649729e-01 4.429163401288651047e-01 4.970794280924664132e-01 4.442044099232043686e-01 5.266161724137932154e-01 4.642759378537896775e-01 5.294617523084884647e-01 0.000000000000000000e+00 0.000000000000000000e+00 3.893969540229884618e-01 0.000000000000000000e+00 0.000000000000000000e+00 0.000000000000000000e+00 4.461260396582527044e-01 0.000000000000000000e+00 0.000000000000000000e+00 0.000000000000000000e+00 4.364607662233569441e-01 0.000000000000000000e+00 4.187105718439594337e-01 4.940918469309950600e-01 4.185506975835514010e-01 0.000000000000000000e+00 4.412748469171107191e-01 0.000000000000000000e+00 3.544912728595794316e-01 4.833252749052013852e-01 4.263835881372793901e-01 4.892404565270362937e-01 4.040706554684557750e-01 4.876033754782178598e-01 3.740511201023101751e-01 4.749556847822239414e-01 4.182449905812046231e-01 0.000000000000000000e+00 4.485733925391636734e-01 5.109616013675191137e-01 3.170843270764083788e-01 5.197418493567218523e-01 3.690739094866304359e-01 5.010073087089201849e-01 3.867770706982041617e-01 4.749493507139688764e-01 3.954779344262294716e-01 0.000000000000000000e+00 3.958558008446466103e-01 4.745411851682297955e-01 4.667242461538462228e-01 0.000000000000000000e+00 4.076885626727719258e-01 0.000000000000000000e+00 0.000000000000000000e+00 0.000000000000000000e+00 4.329948975088729335e-01 0.000000000000000000e+00 4.325234693945002595e-01 0.000000000000000000e+00 4.348316461848629189e-01 0.000000000000000000e+00 4.521138278600170257e-01 4.314487492139109648e-01 4.386417827615297638e-01 0.000000000000000000e+00 4.461297371252931909e-01 0.000000000000000000e+00 4.538771583333333637e-01 0.000000000000000000e+00 4.865570668084353012e-01 4.438039807351994437e-01 0.000000000000000000e+00 0.000000000000000000e+00 4.498222348638071799e-01 4.339284917258268703e-01 4.460183256057431156e-01 0.000000000000000000e+00 4.684448240740741176e-01 0.000000000000000000e+00 0.000000000000000000e+00 0.000000000000000000e+00 0.000000000000000000e+00 0.000000000000000000e+00 0.000000000000000000e+00 0.000000000000000000e+00 0.000000000000000000e+00 0.000000000000000000e+00
4.947099030357185456e-01 3.012119470967180024e-01 4.906807792646781241e-01 3.730276721406846074e-01 0.000000000000000000e+00 3.429740285714285575e-01 4.735072568856349973e-01 3.216432410607623082e-01 0.000000000000000000e+00 3.687135530567994257e-01 5.069598372216330695e-01 3.080090460012167575e-01 4.041738478260870071e-01 3.691229367209768464e-01 0.000000000000000000e+00 3.703578720153144488e-01 4.852102128240050050e-01 3.856116943263093733e-01 5.144765115484124518e-01 4.124239404032539746e-01 0.000000000000000000e+00 0.000000000000000000e+00 4.943596282051282431e-01 4.111308986632558060e-01 0.000000000000000000e+00 0.000000000000000000e+00 0.000000000000000000e+00 0.000000000000000000e+00 4.909760150664751466e-01 4.253143645899475911e-01 4.386815497001802511e-01 4.150993996794871688e-01 5.169738614617159778e-01 4.944706748468827850e-01 5.115179290603297790e-01 4.909248849992731145e-01 5.155096292641325739e-01 5.156092600684778482e-01 0.000000000000000000e+00 4.190990169491525252e-01 0.000000000000000000e+00 4.835949042626974115e-01 0.000000000000000000e+00 3.824412808988764678e-01 0.000000000000000000e+00 4.455673106523064808e-01 0.000000000000000000e+00 4.433385437500000359e-01 0.000000000000000000e+00 4.387938859789604629e-01 0.000000000000000000e+00 4.259845790947112132e-01 0.000000000000000000e+00 4.160511109765760995e-01 0.000000000000000000e+00 4.329568668768115081e-01 4.991648572725588817e-01 3.640730191260388993e-01 4.450623571197096506e-01 4.300296696293880450e-01 5.021798291927370705e-01 4.199579516887450570e-01 4.975819300971336401e-01 4.212142081855296261e-01 4.599570000000000047e-01 4.181627343839959265e-01 5.050118033188459865e-01 4.171278991517178292e-01 5.227611540919325783e-01 3.413620633099515023e-01 4.739043209473141616e-01 3.923403040830982236e-01 4.786638765860974365e-01 4.276067282407759462e-01 0.000000000000000000e+00 4.391908487064179467e-01 4.369309755289375041e-01 4.324010075092907246e-01 0.000000000000000000e+00 0.000000000000000000e+00 4.912852536931402447e-01 4.362570526065788767e-01 0.000000000000000000e+00 0.000000000000000000e+00 0.000000000000000000e+00 4.375723039540509451e-01 0.000000000000000000e+00 4.328070576923076507e-01 0.000000000000000000e+00 4.253155366127809311e-01 4.489683832965861709e-01 4.603663711122665814e-01 0.000000000000000000e+00 4.899035200000000367e-01 4.833252806593406614e-01 4.873199335883323102e-01 4.803233124999999881e-01 5.095200275229356812e-01 5.023097189814814678e-01 4.852909212177596299e-01 0.000000000000000000e+00 0.000000000000000000e+00 4.460109712631885603e-01 4.451016403786021147e-01 0.000000000000000000e+00 4.636904700928452527e-01 0.000000000000000000e+00 4.116334249565865022e-01 0.000000000000000000e+00 0.000000000000000000e+00 0.000000000000000000e+00 0.000000000000000000e+00 4.215762213114754298e-01 0.000000000000000000e+00 0.000000000000000000e+00 4.603618032664808513e-01
3.469482805225944655e-01 4.906807792646781241e-01 2.672627317265931501e-01 4.566886015021893730e-01 2.476423059368986768e-01 4.389848967569786042e-01 2.930548741135101665e-01 4.586073645494593287e-01 2.664211560152515146e-01 4.483952330516244866e-01 4.074543871531106642e-01 4.684289340680388714e-01 3.576692010543989775e-01 4.442037810583199797e-01 3.259154028336619935e-01 4.561996932852226960e-01 3.992100126553837502e-01 4.755966580230307494e-01 3.196289451704570905e-01 5.013055929706764502e-01 0.000000000000000000e+00 3.264466457831324830e-01 2.710692253917101335e-01 4.343361975823742949e-01 2.291436638344507559e-01 4.268407590957038478e-01 3.350107561999240424e-01 5.053064864864865724e-01 3.664005275563758102e-01 4.689773641204142973e-01 3.932944522347049943e-01 4.205323735483387781e-01 4.321884984523992612e-01 4.848638437297027592e-01 4.298992338044185235e-01 4.862596504065040404e-01 4.458641565743916013e-01 5.451835348739495490e-01 0.000000000000000000e+00 0.000000000000000000e+00 0.000000000000000000e+00 0.000000000000000000e+00 4.537931559931595582e-01 0.000000000000000000e+00 4.495629826438943821e-01 4.532467819548872678e-01 0.000000000000000000e+00 0.000000000000000000e+00 4.456648741393854363e-01 4.594480698924730544e-01 4.195721283453127670e-01 4.195298657718121160e-01 4.021873687164105315e-01 0.000000000000000000e+00 4.454252649647887363e-01 0.000000000000000000e+00 4.110950846076122933e-01 4.910600297905396427e-01 4.259569415718282293e-01 4.924420850241545966e-01 4.127450679725696570e-01 0.000000000000000000e+00 3.793783764237348977e-01 0.000000000000000000e+00 4.040709191542937173e-01 0.000000000000000000e+00 4.396695470286218210e-01 4.985435034036426738e-01 3.950445584378393105e-01 0.000000000000000000e+00 3.797145579566475471e-01 4.620637192220122813e-01 3.849770674835145123e-01 4.534249774612865713e-01 0.000000000000000000e+00 0.000000000000000000e+00 4.054808547187044310e-01 4.372839001823731753e-01 3.922006616161616277e-01 0.000000000000000000e+00 3.811358508453016047e-01 4.431171089181286105e-01 0.000000000000000000e+00 0.000000000000000000e+00 4.055994922123085100e-01 4.910900973451327589e-01 0.000000000000000000e+00 0.000000000000000000e+00 4.179473110359181454e-01 0.000000000000000000e+00 4.173875713262298337e-01 4.340505224709784726e-01 4.277037357142857155e-01 4.061431639344262323e-01 4.315926827558294043e-01 4.425055744842232852e-01 0.000000000000000000e+00 4.266497672413793185e-01 4.118664278897136710e-01 4.199752884073646442e-01 0.000000000000000000e+00 0.000000000000000000e+00 4.268308993759056258e-01 4.232320943683690606e-01 4.182110588235293802e-01 0.000000000000000000e+00 0.000000000000000000e+00 0.000000000000000000e+00 0.000000000000000000e+00 0.000000000000000000e+00 0.000000000000000000e+00 0.000000000000000000e+00 0.000000000000000000e+00 0.000000000000000000e+00 0.000000000000000000e+00 4.304908818181817920e-01
4.870359983328451103e-01 3.730276721406846074e-01 4.566886015021893730e-01 2.805052989675419495e-01 4.746027218126932512e-01 2.248266406646874105e-01 4.641501783263385361e-01 3.097798233121661915e-01 4.328912020246478698e-01 3.207115301560487519e-01 4.628607570891782319e-01 3.888274269173973563e-01 4.551057833820752463e-01 3.561801332379427865e-01 0.000000000000000000e+00 3.121864655190683679e-01 4.757815575127484764e-01 4.111112229258445661e-01 4.887143410603157490e-01 3.534241407739718843e-01 4.747692025316454512e-01 0.000000000000000000e+00 4.574576778707777902e-01 2.590237239561011817e-01 4.383198152479077514e-01 3.071996245024200545e-01 4.800876959128532184e-01 3.569849552938758053e-01 4.641244592071477881e-01 3.868496491252591540e-01 4.142697903592976738e-01 3.578613889331221376e-01 4.882631449450616223e-01 3.945733925249332863e-01 4.756569840425531326e-01 4.705092131287529345e-01 4.823035486086861834e-01 4.786756276909286956e-01 0.000000000000000000e+00 4.257055852462352519e-01 0.000000000000000000e+00 0.000000000000000000e+00 0.000000000000000000e+00 0.000000000000000000e+00 0.000000000000000000e+00 4.439329672309639263e-01 0.000000000000000000e+00 4.980704956521739835e-01 0.000000000000000000e+00 4.524056201932270538e-01 0.000000000000000000e+00 4.429532024947639424e-01 0.000000000000000000e+00 4.659838791906609212e-01 0.000000000000000000e+00 4.007328097079825846e-01 4.588430938647053980e-01 4.258251764004276629e-01 4.876997875130343885e-01 4.392595787433050680e-01 0.000000000000000000e+00 4.262555647061014308e-01 0.000000000000000000e+00 4.024072051274502071e-01 4.713044709361846607e-01 4.323546794486214928e-01 5.036866273227583735e-01 4.499315748439053353e-01 4.801229148936168589e-01 4.398175761169007547e-01 4.345648873788030553e-01 3.757549054805975897e-01 4.498362838319179824e-01 3.903614295978821702e-01 0.000000000000000000e+00 3.839846743289400677e-01 4.450256118481991097e-01 4.128273684419359602e-01 0.000000000000000000e+00 0.000000000000000000e+00 4.103719734513274764e-01 4.081949185400898239e-01 0.000000000000000000e+00 0.000000000000000000e+00 3.978049979329968955e-01 4.185678996562210985e-01 0.000000000000000000e+00 0.000000000000000000e+00 0.000000000000000000e+00 4.355709183273834828e-01 4.252028436847592463e-01 4.516523291592128286e-01 0.000000000000000000e+00 4.094232800000000561e-01 4.690944004278418400e-01 4.410493629329853560e-01 4.622058170737458060e-01 0.000000000000000000e+00 4.530080284633973831e-01 0.000000000000000000e+00 0.000000000000000000e+00 0.000000000000000000e+00 4.390349399067151603e-01 4.467870827960531699e-01 4.522192416666666603e-01 4.372716296296296212e-01 0.000000000000000000e+00 0.000000000000000000e+00 0.000000000000000000e+00 0.000000000000000000e+00 0.000000000000000000e+00 4.508501176470588456e-01 0.000000000000000000e+00 0.000000000000000000e+00 0.000000000000000000e+00 0.000000000000000000e+00
3.841113562979220908e-01 0.000000000000000000e+00 2.476423059368986768e-01 4.746027218126932512e-01 2.494324486273607477e-01 4.832147020225900369e-01 2.804181225389507648e-01 4.476483153319283925e-01 2.663036111226754765e-01 4.531234461530034285e-01 3.777016544252362329e-01 0.000000000000000000e+00 3.038892849466866553e-01 0.000000000000000000e+00 3.415232434226010971e-01 4.632286845238094974e-01 3.685041340116279041e-01 0.000000000000000000e+00 3.960703052348508724e-01 0.000000000000000000e+00 4.782238857447317915e-01 0.000000000000000000e+00 3.109820944764031259e-01 4.522950870552344682e-01 2.304973180772714458e-01 4.633562973557274756e-01 2.572252149538816202e-01 4.872296704172156545e-01 3.372266487306952443e-01 0.000000000000000000e+00 3.937369550956426600e-01 4.022709043611118473e-01 3.797807206374493871e-01 4.594752783680348118e-01 0.000000000000000000e+00 0.000000000000000000e+00 0.000000000000000000e+00 0.000000000000000000e+00 0.000000000000000000e+00 0.000000000000000000e+00 0.000000000000000000e+00 0.000000000000000000e+00 0.000000000000000000e+00 0.000000000000000000e+00 0.000000000000000000e+00 0.000000000000000000e+00 4.613881050479782808e-01 0.000000000000000000e+00 0.000000000000000000e+00 0.000000000000000000e+00 4.675543473460372357e-01 0.000000000000000000e+00 0.000000000000000000e+00 0.000000000000000000e+00 0.000000000000000000e+00 0.000000000000000000e+00 0.000000000000000000e+00 0.000000000000000000e+00 4.289292946428571729e-01 0.000000000000000000e+00 3.980717860053309964e-01 0.000000000000000000e+00 3.989134184738954980e-01 0.000000000000000000e+00 3.981033210122286170e-01 0.000000000000000000e+00 3.862571891891892206e-01 0.000000000000000000e+00 4.568943783333332398e-01 0.000000000000000000e+00 3.550007858053813026e-01 5.344818732852613108e-01 3.741514486174251086e-01 0.000000000000000000e+00 3.681862153664302029e-01 0.000000000000000000e+00 3.748915103302072893e-01 3.742112249999999807e-01 0.000000000000000000e+00 0.000000000000000000e+00 3.529938740740740100e-01 0.000000000000000000e+00 0.000000000000000000e+00 0.000000000000000000e+00 3.990831597922155916e-01 0.000000000000000000e+00 4.212615750000000547e-01 0.000000000000000000e+00 4.021635169236347229e-01 0.000000000000000000e+00 0.000000000000000000e+00 0.000000000000000000e+00 3.769510814814814870e-01 0.000000000000000000e+00 4.661254999999999704e-01 0.000000000000000000e+00 0.000000000000000000e+00 0.000000000000000000e+00 0.000000000000000000e+00 3.984406591666666553e-01 0.000000000000000000e+00 0.000000000000000000e+00 3.791653093525180207e-01 0.000000000000000000e+00 3.617165128205129254e-01 0.000000000000000000e+00 0.000000000000000000e+00 0.000000000000000000e+00 0.000000000000000000e+00 0.000000000000000000e+00 0.000000000000000000e+00 0.000000000000000000e+00 0.000000000000000000e+00 0.000000000000000000e+00 0.000000000000000000e+00 0.000000000000000000e+00
0.000000000000000000e+00 3.429740285714285575e-01 4.389848967569786042e-01 2.248266406646874105e-01 4.832147020225900369e-01 1.960749402910013928e-01 4.443462605042016733e-01 3.093204577255053711e-01 4.233585930232559025e-01 2.736537410892119770e-01 0.000000000000000000e+00 3.544581756756756685e-01 0.000000000000000000e+00 3.127014658025081273e-01 0.000000000000000000e+00 2.695400257141692957e-01 0.000000000000000000e+00 4.020989108910891230e-01 0.000000000000000000e+00 0.000000000000000000e+00 4.961115144283808620e-01 4.218985339835192305e-01 4.624383426496825322e-01 2.388646476052891654e-01 4.776643874834317627e-01 2.187396741062933581e-01 4.711952553393536913e-01 2.498272201528687619e-01 0.000000000000000000e+00 3.589781926172195270e-01 4.202670255675343691e-01 3.577977683117653518e-01 0.000000000000000000e+00 4.130954713798530298e-01 5.389396894409937966e-01 0.000000000000000000e+00 0.000000000000000000e+00 0.000000000000000000e+00 0.000000000000000000e+00 0.000000000000000000e+00 0.000000000000000000e+00 0.000000000000000000e+00 0.000000000000000000e+00 0.000000000000000000e+00 0.000000000000000000e+00 0.000000000000000000e+00 0.000000000000000000e+00 4.975815882352940811e-01 0.000000000000000000e+00 0.000000000000000000e+00 0.000000000000000000e+00 3.470332520325203340e-01 0.000000000000000000e+00 0.000000000000000000e+00 0.000000000000000000e+00 4.466635263157894276e-01 0.000000000000000000e+00 0.000000000000000000e+00 0.000000000000000000e+00 3.651590847457628075e-01 0.000000000000000000e+00 3.985224503921049877e-01 0.000000000000000000e+00 3.554559999999999942e-01 0.000000000000000000e+00 0.000000000000000000e+00 0.000000000000000000e+00 0.000000000000000000e+00 0.000000000000000000e+00 0.000000000000000000e+00 5.198805721137307323e-01 3.814649167573552768e-01 0.000000000000000000e+00 3.775051404966182633e-01 0.000000000000000000e+00 3.452848162334700710e-01 0.000000000000000000e+00 3.777363776213157331e-01 0.000000000000000000e+00 0.000000000000000000e+00 0.000000000000000000e+00 3.715278962962962894e-01 0.000000000000000000e+00 0.000000000000000000e+00 0.000000000000000000e+00 3.859547722414551352e-01 0.000000000000000000e+00 0.000000000000000000e+00 0.000000000000000000e+00 0.000000000000000000e+00 0.000000000000000000e+00 0.000000000000000000e+00 0.000000000000000000e+00 0.000000000000000000e+00 3.744498499999999730e-01 0.000000000000000000e+00 0.000000000000000000e+00 0.000000000000000000e+00 0.000000000000000000e+00 0.000000000000000000e+00 0.000000000000000000e+00 0.000000000000000000e+00 0.000000000000000000e+00 0.000000000000000000e+00 0.000000000000000000e+00 0.000000000000000000e+00 0.000000000000000000e+00 3.976844358974358506e-01 0.000000000000000000e+00 0.000000000000000000e+00 0.000000000000000000e+00 0.000000000000000000e+00 0.000000000000000000e+00 0.000000000000000000e+00 0.000000000000000000e+00 0.000000000000000000e+00
3.592100720899333854e-01 4.735072568856349973e-01 2.930548741135101665e-01 4.641501783263385361e-01 2.804181225389507648e-01 4.443462605042016733e-01 2.792493837552811886e-01 4.547252145119731193e-01 2.035334844968536561e-01 0.000000000000000000e+00 3.809128060272415905e-01 4.613467440688865384e-01 3.336831495054056740e-01 4.382997300850471345e-01 2.970769216261602841e-01 4.547611672171561481e-01 3.952946541037004047e-01 4.794815413599299303e-01 4.105897690653579901e-01 4.885212921172475964e-01 0.000000000000000000e+00 0.000000000000000000e+00 3.706077897349103756e-01 4.598706090094812904e-01 3.306646017133129112e-01 4.254329931574654666e-01 3.208645297026770926e-01 0.000000000000000000e+00 3.471272375713419511e-01 4.623712895881370022e-01 3.786002299186551068e-01 4.433378868232363823e-01 3.992914142627864704e-01 4.673448428285636447e-01 0.000000000000000000e+00 0.000000000000000000e+00 4.451660589711426419e-01 5.077741382783883539e-01 0.000000000000000000e+00 0.000000000000000000e+00 0.000000000000000000e+00 0.000000000000000000e+00 0.000000000000000000e+00 0.000000000000000000e+00 4.150950970916942318e-01 4.682397562500000276e-01 0.000000000000000000e+00 0.000000000000000000e+00 4.562901288017031654e-01 0.000000000000000000e+00 4.022200792110874334e-01 0.000000000000000000e+00 3.942424624689195300e-01 0.000000000000000000e+00 3.940747011051852211e-01 0.000000000000000000e+00 3.879570834419232006e-01 0.000000000000000000e+00 4.140208645178790059e-01 0.000000000000000000e+00 4.038910128131735222e-01 0.000000000000000000e+00 3.716262036660711865e-01 0.000000000000000000e+00 4.041878871288084318e-01 0.000000000000000000e+00 4.325087731594459695e-01 4.773300427350427033e-01 4.185296996959205207e-01 4.667987545454546638e-01 3.677745778934697340e-01 4.565792949790532518e-01 3.751212169745167802e-01 4.582269686881046411e-01 4.120716777777777562e-01 0.000000000000000000e+00 3.997111727716213814e-01 4.615580385611023906e-01 0.000000000000000000e+00 0.000000000000000000e+00 3.681997722804375983e-01 0.000000000000000000e+00 0.000000000000000000e+00 0.000000000000000000e+00 4.035721535656909276e-01 0.000000000000000000e+00 4.062946811188810625e-01 0.000000000000000000e+00 4.170287558217015689e-01 0.000000000000000000e+00 4.509794910179639738e-01 4.162638768115942689e-01 0.000000000000000000e+00 0.000000000000000000e+00 4.047659975313824265e-01 4.770019959024389689e-01 0.000000000000000000e+00 0.000000000000000000e+00 0.000000000000000000e+00 4.553698703963882655e-01 0.000000000000000000e+00 0.000000000000000000e+00 4.110266194814245488e-01 3.951530307692308064e-01 4.339615859375000051e-01 0.000000000000000000e+00 0.000000000000000000e+00 0.000000000000000000e+00 0.000000000000000000e+00 0.000000000000000000e+00 0.000000000000000000e+00 0.000000000000000000e+00 0.000000000000000000e+00 0.000000000000000000e+00 0.000000000000000000e+00 3.998909285714286055e-01
4.709237312501324824e-01 3.216432410607623082e-01 4.586073645494593287e-01 3.097798233121661915e-01 4.476483153319283925e-01 3.093204577255053711e-01 4.547252145119731193e-01 2.442270121462084553e-01 4.634000533333333394e-01 2.581976761450480717e-01 4.610689155040817444e-01 3.477383640813059285e-01 4.462817240603512703e-01 2.731582460177111038e-01 0.000000000000000000e+00 2.335736959879152752e-01 4.558132195632211281e-01 3.813500617967636730e-01 4.771302931990049068e-01 4.052872644330108853e-01 0.000000000000000000e+00 0.000000000000000000e+00 4.410212986245876099e-01 3.659002541970330924e-01 4.209452051750380286e-01 3.297669936491227638e-01 4.703058988764045045e-01 3.395341190476190429e-01 4.631171589112101916e-01 3.520472923701847834e-01 4.250227447831533834e-01 3.379323533517371581e-01 4.591341801277342705e-01 3.750938614536911686e-01 4.469857053607886876e-01 4.877498736666667223e-01 4.579099702915896408e-01 4.491680556499712540e-01 0.000000000000000000e+00 4.164459090909090611e-01 0.000000000000000000e+00 0.000000000000000000e+00 0.000000000000000000e+00 3.971114764732028846e-01 4.408460625000000244e-01 4.002634829347463952e-01 0.000000000000000000e+00 4.977058904109589732e-01 0.000000000000000000e+00 4.037694725436130616e-01 4.147787368421052556e-01 4.086512636324859393e-01 0.000000000000000000e+00 3.890031277630112139e-01 0.000000000000000000e+00 3.985238975172131770e-01 4.730258304364023392e-01 3.938065848327624852e-01 0.000000000000000000e+00 4.311921513000853134e-01 0.000000000000000000e+00 4.066584330726070728e-01 4.651625446428570565e-01 3.982774292607478284e-01 0.000000000000000000e+00 4.051733759943215718e-01 4.726879316839356915e-01 4.338498999397881195e-01 0.000000000000000000e+00 4.588872042323467459e-01 4.664130401622065270e-01 3.061807944270286130e-01 4.441949539676208758e-01 3.626494171984095405e-01 0.000000000000000000e+00 3.946294541039014891e-01 4.502556485718012258e-01 3.878149903193598425e-01 0.000000000000000000e+00 0.000000000000000000e+00 0.000000000000000000e+00 3.894765332209417230e-01 0.000000000000000000e+00 0.000000000000000000e+00 4.659249454545453806e-01 4.123530298756945545e-01 0.000000000000000000e+00 0.000000000000000000e+00 0.000000000000000000e+00 4.044780846684528086e-01 4.529495870347562403e-01 4.480588099173553607e-01 0.000000000000000000e+00 0.000000000000000000e+00 4.415284302325581112e-01 4.099135925925925794e-01 0.000000000000000000e+00 0.000000000000000000e+00 4.175047040000000043e-01 4.212095595975727247e-01 0.000000000000000000e+00 0.000000000000000000e+00 3.883133190045248706e-01 4.290835540355794064e-01 0.000000000000000000e+00 4.161972777777778187e-01 0.000000000000000000e+00 0.000000000000000000e+00 0.000000000000000000e+00 0.000000000000000000e+00 0.000000000000000000e+00 0.000000000000000000e+00 0.000000000000000000e+00 0.000000000000000000e+00 0.000000000000000000e+00 0.000000000000000000e+00
0.000000000000000000e+00 0.000000000000000000e+00 2.664211560152515146e-01 4.328912020246478698e-01 2.663036111226754765e-01 4.233585930232559025e-01 2.035334844968536561e-01 4.634000533333333394e-01 1.938002601114932888e-01 4.257532734774550076e-01 0.000000000000000000e+00 0.000000000000000000e+00 2.287822882528337265e-01 4.062603125000000537e-01 2.630988679352087023e-01 0.000000000000000000e+00 4.101230909090908816e-01 0.000000000000000000e+00 0.000000000000000000e+00 4.740727898089172054e-01 0.000000000000000000e+00 0.000000000000000000e+00 3.332964892525001610e-01 4.328866437907268327e-01 3.081173138445884585e-01 4.201466000000000367e-01 3.220811260300520118e-01 4.768126329113924755e-01 3.338772826686167150e-01 0.000000000000000000e+00 2.972617241379309494e-01 4.015306005190242833e-01 0.000000000000000000e+00 4.121578666666666502e-01 0.000000000000000000e+00 0.000000000000000000e+00 0.000000000000000000e+00 0.000000000000000000e+00 0.000000000000000000e+00 0.000000000000000000e+00 0.000000000000000000e+00 0.000000000000000000e+00 0.000000000000000000e+00 0.000000000000000000e+00 0.000000000000000000e+00 0.000000000000000000e+00 4.546309500451766739e-01 0.000000000000000000e+00 0.000000000000000000e+00 0.000000000000000000e+00 0.000000000000000000e+00 0.000000000000000000e+00 0.000000000000000000e+00 0.000000000000000000e+00 4.714483486238532084e-01 0.000000000000000000e+00 0.000000000000000000e+00 0.000000000000000000e+00 0.000000000000000000e+00 0.000000000000000000e+00 4.373008058252427221e-01 0.000000000000000000e+00 0.000000000000000000e+00 0.000000000000000000e+00 4.327411320754716573e-01 0.000000000000000000e+00 0.000000000000000000e+00 0.000000000000000000e+00 0.000000000000000000e+00 0.000000000000000000e+00 3.208949390320271489e-01 0.000000000000000000e+00 3.618750112579285361e-01 0.000000000000000000e+00 3.414660138949196511e-01 0.000000000000000000e+00 3.582761934264913073e-01 3.091988333333333672e-01 0.000000000000000000e+00 0.000000000000000000e+00 3.631441028037384333e-01 0.000000000000000000e+00 0.000000000000000000e+00 0.000000000000000000e+00 4.290077565909090618e-01 0.000000000000000000e+00 3.873080555555555859e-01 0.000000000000000000e+00 4.335045441176470504e-01 0.000000000000000000e+00 0.000000000000000000e+00 0.000000000000000000e+00 0.000000000000000000e+00 0.000000000000000000e+00 0.000000000000000000e+00 0.000000000000000000e+00 0.000000000000000000e+00 0.000000000000000000e+00 0.000000000000000000e+00 0.000000000000000000e+00 0.000000000000000000e+00 0.000000000000000000e+00 0.000000000000000000e+00 0.000000000000000000e+00 0.000000000000000000e+00 0.000000000000000000e+00 0.000000000000000000e+00 0.000000000000000000e+00 0.000000000000000000e+00 0.000000000000000000e+00 0.000000000000000000e+00 0.000000000000000000e+00 0.000000000000000000e+00 0.000000000000000000e+00 0.000000000000000000e+00 0.000000000000000000e+00
0.000000000000000000e+00 3.687135530567994257e-01 4.483952330516244866e-01 3.207115301560487519e-01 4.531234461530034285e-01 2.736537410892119770e-01 0.000000000000000000e+00 2.581976761450480717e-01 4.257532734774550076e-01 2.500165724060506856e-01 0.000000000000000000e+00 3.548085385752273724e-01 0.000000000000000000e+00 3.098663064991813432e-01 0.000000000000000000e+00 2.890967865841484463e-01 0.000000000000000000e+00 3.834960920411984997e-01 4.762159999999999727e-01 3.664303540540541082e-01 5.295614250000000300e-01 0.000000000000000000e+00 4.291665903903167378e-01 3.277172972701897780e-01 4.635355484996553366e-01 2.875212226229942880e-01 4.744660145137082896e-01 2.911051077700850809e-01 0.000000000000000000e+00 3.471579971434801126e-01 4.147950243804997550e-01 3.721435842194583121e-01 0.000000000000000000e+00 3.379761768504718766e-01 0.000000000000000000e+00 0.000000000000000000e+00 0.000000000000000000e+00 0.000000000000000000e+00 0.000000000000000000e+00 0.000000000000000000e+00 0.000000000000000000e+00 0.000000000000000000e+00 0.000000000000000000e+00 0.000000000000000000e+00 0.000000000000000000e+00 0.000000000000000000e+00 0.000000000000000000e+00 0.000000000000000000e+00 0.000000000000000000e+00 3.841207758620689972e-01 0.000000000000000000e+00 3.758186747967480201e-01 0.000000000000000000e+00 0.000000000000000000e+00 0.000000000000000000e+00 0.000000000000000000e+00 0.000000000000000000e+00 3.745592993879415245e-01 0.000000000000000000e+00 0.000000000000000000e+00 0.000000000000000000e+00 0.000000000000000000e+00 0.000000000000000000e+00 4.008282266150985373e-01 0.000000000000000000e+00 4.063345328080807395e-01 0.000000000000000000e+00 0.000000000000000000e+00 0.000000000000000000e+00 4.038675959595959819e-01 5.444785306122449375e-01 3.371579493407800276e-01 0.000000000000000000e+00 3.813128314295184951e-01 0.000000000000000000e+00 3.629314654914529426e-01 3.132818695652173635e-01 3.721754328056636751e-01 0.000000000000000000e+00 0.000000000000000000e+00 0.000000000000000000e+00 3.789218787190780646e-01 0.000000000000000000e+00 4.039790625000000412e-01 0.000000000000000000e+00 4.101584360226189219e-01 0.000000000000000000e+00 0.000000000000000000e+00 0.000000000000000000e+00 4.235828663574845443e-01 0.000000000000000000e+00 0.000000000000000000e+00 0.000000000000000000e+00 0.000000000000000000e+00 0.000000000000000000e+00 0.000000000000000000e+00 0.000000000000000000e+00 0.000000000000000000e+00 0.000000000000000000e+00 0.000000000000000000e+00 0.000000000000000000e+00 0.000000000000000000e+00 0.000000000000000000e+00 4.033662959999999575e-01 0.000000000000000000e+00 0.000000000000000000e+00 0.000000000000000000e+00 0.000000000000000000e+00 0.000000000000000000e+00 0.000000000000000000e+00 0.000000000000000000e+00 0.000000000000000000e+00 4.170525517241379099e-01 0.000000000000000000e+00 0.000000000000000000e+00 0.000000000000000000e+00
3.206448076897345789e-01 5.069598372216330695e-01 4.074543871531106642e-01 4.628607570891782319e-01 3.777016544252362329e-01 0.000000000000000000e+00 3.809128060272415905e-01 4.610689155040817444e-01 0.000000000000000000e+00 0.000000000000000000e+00 3.277998409478004027e-01 4.713949395855979718e-01 3.127518825103990374e-01 4.520629556095476786e-01 3.939196452020201633e-01 0.000000000000000000e+00 3.928925779491443393e-01 4.498632315789473646e-01 4.241428298461129009e-01 4.762046306120270023e-01 0.000000000000000000e+00 0.000000000000000000e+00 4.147426725856542262e-01 4.561030231917095334e-01 0.000000000000000000e+00 0.000000000000000000e+00 0.000000000000000000e+00 0.000000000000000000e+00 3.951667888079347657e-01 4.761592256645907906e-01 4.096517141675743434e-01 4.394748323955744440e-01 4.209646478756705612e-01 4.508202527337397680e-01 4.402487706422018587e-01 0.000000000000000000e+00 4.530054385120707017e-01 0.000000000000000000e+00 0.000000000000000000e+00 0.000000000000000000e+00 0.000000000000000000e+00 0.000000000000000000e+00 0.000000000000000000e+00 0.000000000000000000e+00 0.000000000000000000e+00 0.000000000000000000e+00 0.000000000000000000e+00 0.000000000000000000e+00 0.000000000000000000e+00 0.000000000000000000e+00 4.266837691094414464e-01 0.000000000000000000e+00 4.246405145631067524e-01 0.000000000000000000e+00 0.000000000000000000e+00 0.000000000000000000e+00 4.005058700437764685e-01 4.653065126050419664e-01 4.241889197189360194e-01 5.040842197179434825e-01 4.361168068143124188e-01 0.000000000000000000e+00 4.207160084485300766e-01 0.000000000000000000e+00 4.342321984699176185e-01 0.000000000000000000e+00 4.470645318658769130e-01 0.000000000000000000e+00 4.712810385909314559e-01 0.000000000000000000e+00 3.806054101203129036e-01 4.690582395833333140e-01 3.914973733104471498e-01 4.304103318738433659e-01 0.000000000000000000e+00 0.000000000000000000e+00 4.344809494738040567e-01 4.612000375179575729e-01 0.000000000000000000e+00 0.000000000000000000e+00 4.097327826355383618e-01 0.000000000000000000e+00 0.000000000000000000e+00 0.000000000000000000e+00 4.206107370862610662e-01 0.000000000000000000e+00 0.000000000000000000e+00 0.000000000000000000e+00 4.313655011116077631e-01 0.000000000000000000e+00 4.342643182243279831e-01 4.437876384615384029e-01 0.000000000000000000e+00 0.000000000000000000e+00 4.549706438356164173e-01 4.314906246454695005e-01 4.568067961165049873e-01 0.000000000000000000e+00 0.000000000000000000e+00 0.000000000000000000e+00 0.000000000000000000e+00 0.000000000000000000e+00 4.189028871562465173e-01 0.000000000000000000e+00 4.406042843406594023e-01 0.000000000000000000e+00 0.000000000000000000e+00 0.000000000000000000e+00 0.000000000000000000e+00 0.000000000000000000e+00 0.000000000000000000e+00 0.000000000000000000e+00 0.000000000000000000e+00 0.000000000000000000e+00 4.473595268817205928e-01 0.000000000000000000e+00
4.842117858019736598e-01 3.080090460012167575e-01 4.684289340680388714e-01 3.888274269173973563e-01 0.000000000000000000e+00 3.544581756756756685e-01 4.613467440688865384e-01 3.477383640813059285e-01 0.000000000000000000e+00 3.548085385752273724e-01 4.713949395855979718e-01 2.539318139273133434e-01 4.599738057057064511e-01 3.086054346586827868e-01 0.000000000000000000e+00 3.228358804618289279e-01 4.853502562500001116e-01 3.337364880898532338e-01 4.658385689307067423e-01 4.195196501308676162e-01 0.000000000000000000e+00 0.000000000000000000e+00 4.563944843637477988e-01 4.016319896356148056e-01 0.000000000000000000e+00 4.005874756097561051e-01 0.000000000000000000e+00 0.000000000000000000e+00 4.474382130784840816e-01 3.691974265249942655e-01 4.390481132592243263e-01 3.907363692092005181e-01 4.478478680438372495e-01 3.868682887328241393e-01 0.000000000000000000e+00 0.000000000000000000e+00 0.000000000000000000e+00 4.493965656313796408e-01 0.000000000000000000e+00 4.063396612903225624e-01 0.000000000000000000e+00 0.000000000000000000e+00 0.000000000000000000e+00 4.491776638655463061e-01 0.000000000000000000e+00 4.260888587962962659e-01 0.000000000000000000e+00 0.000000000000000000e+00 0.000000000000000000e+00 4.367303294696596727e-01 0.000000000000000000e+00 4.128676642910692474e-01 0.000000000000000000e+00 3.992588097700246474e-01 0.000000000000000000e+00 4.274735151681582912e-01 0.000000000000000000e+00 3.941983403857572954e-01 4.982704565217391801e-01 4.273005919764524263e-01 0.000000000000000000e+00 4.198864435347922641e-01 4.964342391304347735e-01 4.065540946905200625e-01 0.000000000000000000e+00 4.193179323757925681e-01 4.743174963503649089e-01 4.612605901221841775e-01 4.250815367647058363e-01 4.537232083096483515e-01 4.697633262477241001e-01 3.598544131198403995e-01 4.573877013069297948e-01 3.888725585750487101e-01 0.000000000000000000e+00 3.397075901086658023e-01 4.445906500548530427e-01 4.110762882311352895e-01 0.000000000000000000e+00 4.344694262295082376e-01 0.000000000000000000e+00 4.260579294731436373e-01 0.000000000000000000e+00 0.000000000000000000e+00 0.000000000000000000e+00 4.425522490616618509e-01 0.000000000000000000e+00 0.000000000000000000e+00 0.000000000000000000e+00 4.392789710477562060e-01 4.010053309859155091e-01 0.000000000000000000e+00 0.000000000000000000e+00 0.000000000000000000e+00 0.000000000000000000e+00 4.117550639994341233e-01 0.000000000000000000e+00 0.000000000000000000e+00 0.000000000000000000e+00 0.000000000000000000e+00 0.000000000000000000e+00 0.000000000000000000e+00 0.000000000000000000e+00 4.296302229491888447e-01 4.559162166666667071e-01 4.100357052675585035e-01 0.000000000000000000e+00 0.000000000000000000e+00 0.000000000000000000e+00 0.000000000000000000e+00 0.000000000000000000e+00 0.000000000000000000e+00 0.000000000000000000e+00 0.000000000000000000e+00 0.000000000000000000e+00 0.000000000000000000e+00
4.010649783888578512e-01 4.041738478260870071e-01 3.576692010543989775e-01 4.551057833820752463e-01 3.038892849466866553e-01 0.000000000000000000e+00 3.336831495054056740e-01 4.462817240603512703e-01 2.287822882528337265e-01 0.000000000000000000e+00 3.127518825103990374e-01 4.599738057057064511e-01 2.643523642272329610e-01 4.541807982713602643e-01 2.230034790145060952e-01 4.341410771601223462e-01 4.027092721333885295e-01 4.949039677234529089e-01 4.181632729277779958e-01 4.738852371953541365e-01 0.000000000000000000e+00 0.000000000000000000e+00 3.899090722858765679e-01 4.375872365396819008e-01 3.311088801169590479e-01 4.864895274725274943e-01 3.455908636679298485e-01 0.000000000000000000e+00 3.780377483474961497e-01 4.750588583203163018e-01 3.747100428569480890e-01 4.281874482925580594e-01 4.295466874248189959e-01 4.514899588874762282e-01 4.413951361111111416e-01 0.000000000000000000e+00 4.314563328105344153e-01 0.000000000000000000e+00 0.000000000000000000e+00 0.000000000000000000e+00 0.000000000000000000e+00 0.000000000000000000e+00 0.000000000000000000e+00 0.000000000000000000e+00 0.000000000000000000e+00 0.000000000000000000e+00 0.000000000000000000e+00 0.000000000000000000e+00 0.000000000000000000e+00 0.000000000000000000e+00 4.214296033568309952e-01 0.000000000000000000e+00 0.000000000000000000e+00 0.000000000000000000e+00 4.324849393432169675e-01 0.000000000000000000e+00 3.992897629274126947e-01 0.000000000000000000e+00 4.199592610296436490e-01 0.000000000000000000e+00 4.340351423466206060e-01 4.622470526315789474e-01 4.178574631931382122e-01 4.921938559322034390e-01 4.107351010038378103e-01 0.000000000000000000e+00 4.408414911953268955e-01 4.671358671328671996e-01 4.358282446816830746e-01 0.000000000000000000e+00 3.625361826790191033e-01 4.472556466232855410e-01 3.920555325341540942e-01 4.436456882715152927e-01 3.606992941176470069e-01 0.000000000000000000e+00 4.102858307289581896e-01 4.371325089608358305e-01 0.000000000000000000e+00 0.000000000000000000e+00 3.982802263602706061e-01 0.000000000000000000e+00 0.000000000000000000e+00 0.000000000000000000e+00 4.072141973108505120e-01 0.000000000000000000e+00 0.000000000000000000e+00 0.000000000000000000e+00 4.088960937456546096e-01 0.000000000000000000e+00 4.132176387619128644e-01 4.171007265624999683e-01 4.481683703703703836e-01 0.000000000000000000e+00 0.000000000000000000e+00 0.000000000000000000e+00 0.000000000000000000e+00 4.089615887096774149e-01 0.000000000000000000e+00 4.410683032786885671e-01 0.000000000000000000e+00 0.000000000000000000e+00 4.412711942359743844e-01 4.138429160305343024e-01 4.399564953271027923e-01 0.000000000000000000e+00 0.000000000000000000e+00 0.000000000000000000e+00 0.000000000000000000e+00 0.000000000000000000e+00 0.000000000000000000e+00 0.000000000000000000e+00 0.000000000000000000e+00 0.000000000000000000e+00 0.000000000000000000e+00 0.000000000000000000e+00
