3.233959233643181053e-01 4.758362588990618369e-01 3.830570974222451963e-01 4.956065659931144785e-01 0.000000000000000000e+00 0.000000000000000000e+00 3.527505255325157907e-01 4.584463576199102053e-01 3.742743815633922666e-01 0.000000000000000000e+00 3.327387927416788349e-01 4.491509591836735371e-01 3.713631330426281352e-01 0.000000000000000000e+00 3.724925480213590601e-01 0.000000000000000000e+00 3.388986479653473549e-01 4.647015599338077396e-01 4.049752859342003464e-01 4.905167892711724820e-01 0.000000000000000000e+00 0.000000000000000000e+00 4.040225742474984338e-01 4.508999096045196997e-01 0.000000000000000000e+00 0.000000000000000000e+00 4.176041273885349736e-01 0.000000000000000000e+00 3.988392722252485090e-01 4.883409540076096289e-01 4.095209504103343723e-01 0.000000000000000000e+00 4.123926840057020593e-01 4.681317979721243416e-01 3.942246419099098564e-01 4.471515957446808853e-01 4.651613035955557973e-01 0.000000000000000000e+00 0.000000000000000000e+00 0.000000000000000000e+00 4.087023213080585582e-01 0.000000000000000000e+00 4.294955550229085928e-01 0.000000000000000000e+00 3.791358439045078299e-01 0.000000000000000000e+00 0.000000000000000000e+00 0.000000000000000000e+00 3.806791630110809566e-01 0.000000000000000000e+00 3.848365737607439829e-01 4.302380298507462175e-01 3.491306959874594384e-01 0.000000000000000000e+00 3.607528851277461146e-01 0.000000000000000000e+00 2.981985911209794615e-01 4.532441740697048527e-01 3.935357598270660118e-01 4.578976919577811278e-01 3.985294179244187052e-01 4.554142954545454258e-01 3.424050577670308404e-01 4.496691363636363681e-01 4.132763907481824539e-01 4.393073787155751808e-01 3.947431239023705407e-01 4.746431929321375809e-01 3.601354788043293342e-01 4.896500867800711032e-01 3.536571027495817865e-01 0.000000000000000000e+00 3.839053421939441768e-01 4.421816538461538215e-01 0.000000000000000000e+00 0.000000000000000000e+00 3.761688390518280189e-01 4.612224772888223745e-01 3.570045882352941291e-01 0.000000000000000000e+00 3.697852273079572649e-01 0.000000000000000000e+00 0.000000000000000000e+00 0.000000000000000000e+00 3.963139394810305527e-01 0.000000000000000000e+00 0.000000000000000000e+00 0.000000000000000000e+00 3.851903924184001959e-01 4.022991607142857307e-01 4.165927923020494861e-01 4.287721265986048635e-01 3.814469668874171937e-01 4.421162278673707036e-01 4.175969930833871580e-01 4.293287652173912727e-01 4.348723300653594137e-01 0.000000000000000000e+00 0.000000000000000000e+00 0.000000000000000000e+00 0.000000000000000000e+00 0.000000000000000000e+00 4.220744543264544069e-01 4.639106971959178205e-01 4.631583246556113531e-01 4.678679680312599065e-01 0.000000000000000000e+00 4.229967297297297368e-01 3.835019725325429785e-01 0.000000000000000000e+00 0.000000000000000000e+00 0.000000000000000000e+00 0.000000000000000000e+00 4.118543418439716830e-01 3.889715212765956220e-01 0.000000000000000000e+00
4.758362588990618369e-01 3.376006300882017364e-01 4.823406971158327172e-01 3.983777341259568949e-01 0.000000000000000000e+00 0.000000000000000000e+00 4.648741787777981305e-01 3.391758893377578299e-01 0.000000000000000000e+00 3.653499191773867949e-01 4.650827804085021500e-01 3.035156353115295302e-01 4.603901241830065660e-01 3.907720749683090689e-01 0.000000000000000000e+00 4.009574829968838849e-01 4.579912494244555154e-01 3.525408179531133723e-01 4.992487312959376644e-01 4.197776108053743460e-01 0.000000000000000000e+00 0.000000000000000000e+00 0.000000000000000000e+00 0.000000000000000000e+00 0.000000000000000000e+00 0.000000000000000000e+00 0.000000000000000000e+00 0.000000000000000000e+00 4.700090590970437687e-01 4.114908267399665087e-01 4.753363824110671820e-01 0.000000000000000000e+00 4.932499142986743190e-01 4.626964110978603606e-01 4.715553863760965081e-01 4.074374102967060485e-01 5.170030476296157973e-01 4.857944044591278043e-01 0.000000000000000000e+00 5.048591275236719023e-01 0.000000000000000000e+00 0.000000000000000000e+00 0.000000000000000000e+00 3.995854938271604651e-01 4.421282238805970266e-01 3.778163400763087099e-01 0.000000000000000000e+00 0.000000000000000000e+00 4.175107753623188978e-01 3.911361231988048082e-01 4.191950596822670572e-01 3.862596045819209900e-01 4.056211225806451992e-01 3.806436789226502748e-01 0.000000000000000000e+00 3.966408496315834697e-01 4.705250624925272351e-01 3.304751109378964991e-01 0.000000000000000000e+00 3.987605833566218450e-01 4.530420452482213922e-01 3.758551924275564393e-01 4.963409483870968586e-01 3.846845768131086918e-01 4.655017284160239965e-01 3.820201722817925805e-01 4.761397713047653690e-01 4.021181513750280989e-01 4.905197206081478578e-01 3.669722291152872073e-01 4.596908995508370843e-01 3.622051067355663290e-01 4.771456856242637934e-01 4.042299298414852027e-01 0.000000000000000000e+00 4.166755893541793099e-01 4.499418818162966849e-01 3.904038734091379581e-01 0.000000000000000000e+00 0.000000000000000000e+00 0.000000000000000000e+00 4.170923892078816086e-01 0.000000000000000000e+00 0.000000000000000000e+00 4.344515789566755215e-01 3.975325532260347017e-01 0.000000000000000000e+00 0.000000000000000000e+00 4.281375343315185211e-01 3.936370249664995491e-01 4.384088448062467003e-01 4.222916096321949198e-01 4.373746102404187375e-01 4.306531742424242748e-01 4.884244705882352378e-01 4.234240903190836791e-01 4.210703597702503131e-01 4.249985695364237870e-01 4.422999124087591549e-01 4.410439380530973286e-01 4.342730833333333651e-01 4.249399444444444396e-01 4.294903971770967499e-01 4.317904163732733669e-01 4.691092951452194293e-01 4.101672153801767529e-01 0.000000000000000000e+00 4.279995350877192628e-01 0.000000000000000000e+00 0.000000000000000000e+00 0.000000000000000000e+00 0.000000000000000000e+00 0.000000000000000000e+00 0.000000000000000000e+00 0.000000000000000000e+00 0.000000000000000000e+00
3.830570974222451963e-01 4.823406971158327172e-01 2.787570889726760370e-01 4.462446233215221492e-01 2.996311394439942766e-01 4.465628158179231755e-01 3.451832960816298423e-01 4.503349320176817105e-01 3.112666020141831580e-01 4.463344402850660253e-01 3.806725104015700745e-01 4.382132386720101191e-01 3.453720444379118626e-01 4.397805289187812217e-01 3.284013086922646374e-01 4.540493606019063155e-01 3.908178199387818408e-01 4.542570356464775139e-01 3.359709260634474171e-01 4.960513390090416919e-01 0.000000000000000000e+00 0.000000000000000000e+00 2.992871284448944125e-01 4.427376808947620646e-01 3.357416456697299156e-01 4.372320172832332985e-01 3.263779639999999649e-01 0.000000000000000000e+00 3.694905712111032914e-01 4.873410747424639644e-01 3.853107724798731648e-01 4.283988538237563648e-01 4.276945136735879061e-01 4.508900061663764225e-01 4.212936874253456199e-01 0.000000000000000000e+00 4.677107636977386185e-01 5.002410802919707855e-01 0.000000000000000000e+00 0.000000000000000000e+00 4.332227352941176446e-01 0.000000000000000000e+00 0.000000000000000000e+00 0.000000000000000000e+00 3.811183574355573866e-01 0.000000000000000000e+00 3.884449302751333821e-01 0.000000000000000000e+00 3.955855253551939232e-01 4.687794217687074605e-01 3.858469748033436786e-01 0.000000000000000000e+00 3.553032569480728542e-01 0.000000000000000000e+00 3.445333572410683720e-01 0.000000000000000000e+00 4.058638360513373011e-01 4.710052504495992332e-01 4.200783138399751260e-01 4.583445090874378458e-01 3.896584948807001458e-01 0.000000000000000000e+00 3.352964459587178259e-01 0.000000000000000000e+00 3.791010458963617880e-01 4.568648517342104309e-01 4.281333101671113694e-01 4.843349133675233786e-01 3.616618433315716419e-01 4.713163460076348898e-01 3.580232444035744699e-01 4.895252256277042857e-01 3.723591503051568719e-01 4.505337075363573529e-01 3.535266928977320311e-01 4.331106923076922799e-01 4.118521097499109884e-01 4.380193155073087707e-01 4.374783604651162894e-01 0.000000000000000000e+00 3.617723672519572720e-01 4.536541843575419009e-01 0.000000000000000000e+00 0.000000000000000000e+00 3.489111918862830009e-01 5.255835751633987085e-01 3.586688867924528457e-01 0.000000000000000000e+00 3.569583321965709155e-01 0.000000000000000000e+00 4.216570683896617155e-01 4.351894129163674796e-01 0.000000000000000000e+00 4.298610733720297783e-01 4.515160273766731791e-01 4.326813899999999991e-01 4.815222903225806483e-01 0.000000000000000000e+00 4.862433351648351443e-01 4.626004000000000227e-01 4.087885104895105370e-01 4.465961691118935373e-01 4.390561406927931953e-01 4.445704169141548867e-01 4.640590659991132294e-01 0.000000000000000000e+00 0.000000000000000000e+00 4.645609016393443258e-01 4.052859098816085082e-01 0.000000000000000000e+00 0.000000000000000000e+00 0.000000000000000000e+00 0.000000000000000000e+00 3.876275045045045053e-01 0.000000000000000000e+00 0.000000000000000000e+00
4.956065659931144785e-01 3.983777341259568949e-01 4.462446233215221492e-01 2.850251391368155973e-01 4.542727953997143242e-01 3.012903044011084885e-01 4.366078956916076836e-01 3.311166315229997492e-01 4.310671415763430714e-01 3.254154581957980352e-01 4.478684706891250533e-01 3.743649777506846688e-01 4.303631876664416045e-01 3.526614487874949466e-01 4.288621318765996615e-01 3.319915667426918682e-01 4.783439749895522231e-01 3.947906250986280008e-01 4.849787140170933597e-01 3.499806580385524946e-01 0.000000000000000000e+00 0.000000000000000000e+00 4.463978742465525840e-01 2.765135634363789507e-01 4.322760401515707840e-01 3.252948518956471080e-01 4.323979767441861743e-01 3.202448251233321330e-01 4.249219114285714416e-01 3.882164438375354520e-01 4.105176267630210596e-01 3.416349462677089055e-01 5.076468494007987386e-01 3.863163711400907641e-01 0.000000000000000000e+00 4.715313444444443336e-01 0.000000000000000000e+00 4.677749723141126914e-01 0.000000000000000000e+00 5.044067582487004042e-01 0.000000000000000000e+00 0.000000000000000000e+00 0.000000000000000000e+00 0.000000000000000000e+00 0.000000000000000000e+00 4.305864576684567679e-01 0.000000000000000000e+00 0.000000000000000000e+00 0.000000000000000000e+00 4.273399021324186253e-01 0.000000000000000000e+00 4.124812316514707144e-01 0.000000000000000000e+00 3.953650704229809687e-01 0.000000000000000000e+00 4.018250995965766958e-01 5.122549117647059447e-01 4.247611416296163123e-01 4.841242089552239558e-01 4.295586669489306342e-01 4.793211602564102503e-01 4.122547269061895836e-01 0.000000000000000000e+00 4.234516778831706185e-01 4.494343680981595091e-01 3.779185638428677052e-01 4.568969085008483533e-01 4.231026666240907952e-01 5.361547065217390218e-01 4.344354167766781849e-01 4.528245795029924303e-01 3.627943271013083226e-01 4.575773164712539920e-01 3.799463157411960279e-01 0.000000000000000000e+00 3.695571683949160358e-01 4.628089451057830761e-01 4.155688949642429852e-01 0.000000000000000000e+00 0.000000000000000000e+00 4.933549558823528969e-01 3.889182240921525424e-01 0.000000000000000000e+00 0.000000000000000000e+00 4.040074652777778108e-01 3.748794924851917010e-01 0.000000000000000000e+00 3.776442684210525869e-01 0.000000000000000000e+00 3.813533859283029237e-01 4.676215754280822479e-01 4.428289680199415934e-01 0.000000000000000000e+00 4.390719925925926082e-01 4.537688704545455032e-01 4.364673969414893939e-01 4.555817943262411296e-01 4.176344999999999641e-01 4.415186408450704203e-01 4.215129521170786764e-01 0.000000000000000000e+00 0.000000000000000000e+00 4.444893314259661388e-01 4.246833669962950530e-01 4.488770774978589340e-01 4.255912928556321861e-01 0.000000000000000000e+00 0.000000000000000000e+00 4.496174893617020940e-01 0.000000000000000000e+00 0.000000000000000000e+00 0.000000000000000000e+00 0.000000000000000000e+00 0.000000000000000000e+00 0.000000000000000000e+00 0.000000000000000000e+00
0.000000000000000000e+00 0.000000000000000000e+00 2.996311394439942766e-01 4.542727953997143242e-01 2.417056114975310033e-01 4.498529170194590088e-01 0.000000000000000000e+00 0.000000000000000000e+00 2.359836112660438634e-01 4.261087195121950888e-01 0.000000000000000000e+00 0.000000000000000000e+00 3.207703749999999965e-01 4.856819315068492959e-01 2.581243592892065175e-01 4.520865133275247527e-01 0.000000000000000000e+00 0.000000000000000000e+00 0.000000000000000000e+00 4.080651404958677286e-01 2.522821070286221934e-01 0.000000000000000000e+00 3.255340763861021003e-01 4.525375754453097032e-01 2.807640356545775817e-01 4.450219554474591499e-01 2.499133878096166939e-01 4.664274098360654541e-01 3.067450962140385040e-01 0.000000000000000000e+00 3.853327429733313658e-01 4.118932104034117025e-01 0.000000000000000000e+00 0.000000000000000000e+00 0.000000000000000000e+00 0.000000000000000000e+00 0.000000000000000000e+00 0.000000000000000000e+00 0.000000000000000000e+00 0.000000000000000000e+00 0.000000000000000000e+00 0.000000000000000000e+00 0.000000000000000000e+00 0.000000000000000000e+00 0.000000000000000000e+00 0.000000000000000000e+00 4.265735433622828143e-01 0.000000000000000000e+00 4.134111761006289409e-01 0.000000000000000000e+00 0.000000000000000000e+00 0.000000000000000000e+00 4.177664498757763800e-01 0.000000000000000000e+00 4.004268269230769617e-01 0.000000000000000000e+00 0.000000000000000000e+00 4.310796368421051517e-01 0.000000000000000000e+00 0.000000000000000000e+00 3.846864035087718681e-01 0.000000000000000000e+00 0.000000000000000000e+00 0.000000000000000000e+00 0.000000000000000000e+00 0.000000000000000000e+00 4.244632671044372696e-01 0.000000000000000000e+00 0.000000000000000000e+00 0.000000000000000000e+00 2.880191386680620025e-01 4.826146572977128013e-01 2.872752958468435258e-01 0.000000000000000000e+00 0.000000000000000000e+00 0.000000000000000000e+00 3.660414581747833962e-01 3.830421623015872745e-01 0.000000000000000000e+00 0.000000000000000000e+00 3.850083662337487889e-01 0.000000000000000000e+00 3.738371697636202473e-01 0.000000000000000000e+00 3.796395112511462000e-01 0.000000000000000000e+00 3.729394400000000109e-01 0.000000000000000000e+00 3.748679462819438646e-01 0.000000000000000000e+00 0.000000000000000000e+00 0.000000000000000000e+00 0.000000000000000000e+00 0.000000000000000000e+00 0.000000000000000000e+00 0.000000000000000000e+00 0.000000000000000000e+00 0.000000000000000000e+00 0.000000000000000000e+00 0.000000000000000000e+00 0.000000000000000000e+00 0.000000000000000000e+00 0.000000000000000000e+00 0.000000000000000000e+00 0.000000000000000000e+00 0.000000000000000000e+00 0.000000000000000000e+00 0.000000000000000000e+00 0.000000000000000000e+00 0.000000000000000000e+00 0.000000000000000000e+00 0.000000000000000000e+00 0.000000000000000000e+00 0.000000000000000000e+00 0.000000000000000000e+00 0.000000000000000000e+00
0.000000000000000000e+00 0.000000000000000000e+00 4.465628158179231755e-01 3.012903044011084885e-01 4.498529170194590088e-01 2.003635897914154695e-01 4.229865463795255964e-01 0.000000000000000000e+00 4.396557827388600792e-01 2.641615917757790810e-01 0.000000000000000000e+00 0.000000000000000000e+00 0.000000000000000000e+00 0.000000000000000000e+00 4.618413913919763858e-01 2.740129035673111169e-01 0.000000000000000000e+00 0.000000000000000000e+00 4.294631209583965603e-01 3.646897536231883952e-01 4.088500548619297681e-01 3.312124893105838352e-01 4.504825049273272763e-01 3.283759875785262072e-01 4.521643674879960439e-01 2.553544289216056473e-01 4.305896266223663837e-01 2.505871374427438569e-01 0.000000000000000000e+00 3.035632079453193244e-01 3.836429378474937035e-01 3.652947260577820154e-01 4.393135771428571257e-01 3.976767458037942515e-01 0.000000000000000000e+00 0.000000000000000000e+00 0.000000000000000000e+00 3.593826830803571459e-01 0.000000000000000000e+00 0.000000000000000000e+00 0.000000000000000000e+00 0.000000000000000000e+00 0.000000000000000000e+00 4.050664428571429387e-01 0.000000000000000000e+00 3.800805985401460307e-01 0.000000000000000000e+00 4.653497944444444645e-01 0.000000000000000000e+00 0.000000000000000000e+00 0.000000000000000000e+00 4.157049842797618799e-01 0.000000000000000000e+00 0.000000000000000000e+00 0.000000000000000000e+00 4.266169791666666877e-01 0.000000000000000000e+00 3.535525955882353188e-01 0.000000000000000000e+00 0.000000000000000000e+00 0.000000000000000000e+00 0.000000000000000000e+00 0.000000000000000000e+00 4.375102194805194911e-01 0.000000000000000000e+00 0.000000000000000000e+00 0.000000000000000000e+00 4.640486250000000479e-01 0.000000000000000000e+00 3.705486842105262801e-01 4.277529411764705580e-01 3.042112911799824682e-01 4.125926216851961148e-01 2.961936717963557508e-01 3.677066388888889370e-01 3.146404295829573483e-01 3.001136973684210285e-01 3.291146876188303372e-01 0.000000000000000000e+00 0.000000000000000000e+00 0.000000000000000000e+00 3.860424356081453290e-01 0.000000000000000000e+00 0.000000000000000000e+00 0.000000000000000000e+00 3.690874244076093325e-01 0.000000000000000000e+00 0.000000000000000000e+00 0.000000000000000000e+00 0.000000000000000000e+00 0.000000000000000000e+00 3.631505714285714892e-01 0.000000000000000000e+00 0.000000000000000000e+00 0.000000000000000000e+00 0.000000000000000000e+00 0.000000000000000000e+00 0.000000000000000000e+00 0.000000000000000000e+00 0.000000000000000000e+00 0.000000000000000000e+00 3.966334452054794957e-01 0.000000000000000000e+00 0.000000000000000000e+00 0.000000000000000000e+00 0.000000000000000000e+00 0.000000000000000000e+00 0.000000000000000000e+00 0.000000000000000000e+00 0.000000000000000000e+00 0.000000000000000000e+00 0.000000000000000000e+00 0.000000000000000000e+00 0.000000000000000000e+00 0.000000000000000000e+00 0.000000000000000000e+00
3.527505255325157907e-01 4.648741787777981305e-01 3.451832960816298423e-01 4.366078956916076836e-01 0.000000000000000000e+00 4.229865463795255964e-01 2.829086205521166852e-01 4.378135312213384811e-01 3.084927375900781699e-01 4.257349404761904266e-01 3.335415715258279734e-01 4.268204999616035944e-01 3.069163866592284351e-01 4.157202994182077616e-01 3.257440373299503311e-01 4.323242849252801334e-01 3.681496417486721517e-01 4.447989683981237730e-01 3.899381705263659237e-01 4.534632956980955143e-01 0.000000000000000000e+00 0.000000000000000000e+00 3.617432770170837530e-01 4.296182695129996398e-01 0.000000000000000000e+00 4.200084188066593449e-01 0.000000000000000000e+00 0.000000000000000000e+00 3.583591622862967174e-01 4.512464893683503786e-01 3.604864016168549123e-01 4.193152198309208489e-01 3.989579599912830843e-01 4.432583709921326109e-01 4.243680396331822591e-01 0.000000000000000000e+00 3.871276558729376815e-01 0.000000000000000000e+00 0.000000000000000000e+00 0.000000000000000000e+00 0.000000000000000000e+00 0.000000000000000000e+00 3.700747982352941001e-01 4.406887650273224044e-01 3.927541535191283462e-01 0.000000000000000000e+00 0.000000000000000000e+00 0.000000000000000000e+00 3.802056531677109885e-01 0.000000000000000000e+00 3.651699735364179467e-01 0.000000000000000000e+00 3.443919960317137208e-01 4.888344427860695784e-01 3.516029713252709632e-01 0.000000000000000000e+00 3.900357623579219779e-01 0.000000000000000000e+00 3.821214435838860002e-01 4.599573688643051050e-01 4.055091618918052476e-01 4.236440842198581636e-01 3.763883557811212310e-01 4.289940347222222505e-01 3.947180895890763375e-01 3.801788820995835039e-01 4.289167648098416441e-01 4.394635251845419033e-01 3.931802478149136748e-01 4.088628988095237560e-01 3.136708628384876629e-01 4.367024021973624492e-01 3.487606009694342313e-01 4.383988660753195821e-01 3.297103513182890189e-01 4.104482209737828069e-01 3.926166847562250206e-01 4.457730688985734879e-01 3.316387052631579180e-01 0.000000000000000000e+00 3.468478901219879118e-01 4.268642164179105025e-01 0.000000000000000000e+00 0.000000000000000000e+00 3.760732595699671776e-01 0.000000000000000000e+00 0.000000000000000000e+00 0.000000000000000000e+00 3.547948760801409307e-01 4.216861241830065499e-01 3.650899022556390872e-01 0.000000000000000000e+00 4.331621041666666727e-01 0.000000000000000000e+00 0.000000000000000000e+00 0.000000000000000000e+00 0.000000000000000000e+00 0.000000000000000000e+00 0.000000000000000000e+00 0.000000000000000000e+00 0.000000000000000000e+00 0.000000000000000000e+00 0.000000000000000000e+00 0.000000000000000000e+00 4.455934455445545450e-01 0.000000000000000000e+00 0.000000000000000000e+00 0.000000000000000000e+00 4.084981428571428097e-01 0.000000000000000000e+00 0.000000000000000000e+00 0.000000000000000000e+00 0.000000000000000000e+00 0.000000000000000000e+00 0.000000000000000000e+00 0.000000000000000000e+00
4.584463576199102053e-01 3.391758893377578299e-01 4.503349320176817105e-01 3.311166315229997492e-01 0.000000000000000000e+00 0.000000000000000000e+00 4.378135312213384811e-01 2.936317999587316208e-01 4.332458124999999383e-01 2.707683617012974775e-01 4.451235223400537566e-01 3.038082484254036597e-01 4.183846281677082168e-01 3.019635810298342271e-01 0.000000000000000000e+00 2.832409411861709359e-01 4.610033220296927969e-01 3.581568171560126079e-01 4.687793361888974442e-01 3.806878193333338989e-01 0.000000000000000000e+00 0.000000000000000000e+00 4.367553519774555748e-01 3.561058021360121173e-01 0.000000000000000000e+00 4.295174812834224309e-01 0.000000000000000000e+00 0.000000000000000000e+00 4.582281920865592939e-01 3.465227375403447940e-01 4.206263634501664073e-01 3.444147082253696257e-01 4.683384995707532417e-01 3.697558351596711979e-01 0.000000000000000000e+00 0.000000000000000000e+00 0.000000000000000000e+00 4.145253031073936612e-01 0.000000000000000000e+00 0.000000000000000000e+00 0.000000000000000000e+00 4.067008620689656073e-01 0.000000000000000000e+00 0.000000000000000000e+00 0.000000000000000000e+00 3.796752436149380405e-01 0.000000000000000000e+00 3.953908056594417908e-01 0.000000000000000000e+00 3.790578046272899404e-01 4.495319417989418476e-01 3.718022463246715703e-01 4.094322307692306873e-01 3.521563893662815192e-01 0.000000000000000000e+00 3.611154524806878818e-01 4.512527692307692351e-01 3.894154118538599163e-01 0.000000000000000000e+00 4.013388231624312463e-01 0.000000000000000000e+00 3.768661206813737619e-01 4.573278672566371550e-01 3.796717346784300173e-01 0.000000000000000000e+00 3.667316606497189047e-01 4.656873677009976675e-01 4.109711482304995722e-01 0.000000000000000000e+00 3.865523065824683080e-01 4.256529119838494135e-01 3.210104786602949178e-01 4.467061088332825447e-01 3.719872911615020317e-01 0.000000000000000000e+00 3.830247963477488859e-01 4.555142356535329951e-01 3.995522196579786578e-01 0.000000000000000000e+00 0.000000000000000000e+00 0.000000000000000000e+00 3.747419949776489290e-01 0.000000000000000000e+00 3.760230333333333119e-01 4.239383154761903749e-01 3.780798314801531168e-01 0.000000000000000000e+00 0.000000000000000000e+00 0.000000000000000000e+00 3.794433045343377220e-01 4.294856610757663562e-01 4.261460805555555842e-01 4.240312692307692255e-01 0.000000000000000000e+00 0.000000000000000000e+00 0.000000000000000000e+00 0.000000000000000000e+00 0.000000000000000000e+00 4.089126811594201993e-01 4.265638644067796803e-01 0.000000000000000000e+00 0.000000000000000000e+00 0.000000000000000000e+00 4.432420304110132880e-01 4.533791732026143384e-01 0.000000000000000000e+00 0.000000000000000000e+00 0.000000000000000000e+00 0.000000000000000000e+00 0.000000000000000000e+00 0.000000000000000000e+00 0.000000000000000000e+00 0.000000000000000000e+00 0.000000000000000000e+00 0.000000000000000000e+00 0.000000000000000000e+00
3.742743815633922666e-01 0.000000000000000000e+00 3.112666020141831580e-01 4.310671415763430714e-01 2.359836112660438634e-01 4.396557827388600792e-01 3.084927375900781699e-01 4.332458124999999383e-01 2.539438687245508253e-01 4.470081895867142885e-01 3.496522839908243196e-01 0.000000000000000000e+00 3.212389523279570169e-01 4.048504257803388628e-01 2.551145681920184982e-01 4.340668915725434118e-01 3.706922027500549333e-01 0.000000000000000000e+00 3.654933767998105876e-01 4.313927614107929132e-01 0.000000000000000000e+00 0.000000000000000000e+00 3.352529639277389562e-01 4.074473581850551196e-01 3.386109534883721128e-01 4.370629343246532073e-01 2.570174156249999675e-01 0.000000000000000000e+00 3.190663946994278244e-01 3.880620186915886838e-01 3.533529346883017008e-01 3.785387628658287706e-01 0.000000000000000000e+00 0.000000000000000000e+00 0.000000000000000000e+00 0.000000000000000000e+00 0.000000000000000000e+00 0.000000000000000000e+00 0.000000000000000000e+00 0.000000000000000000e+00 0.000000000000000000e+00 0.000000000000000000e+00 0.000000000000000000e+00 0.000000000000000000e+00 0.000000000000000000e+00 0.000000000000000000e+00 0.000000000000000000e+00 0.000000000000000000e+00 0.000000000000000000e+00 0.000000000000000000e+00 0.000000000000000000e+00 0.000000000000000000e+00 0.000000000000000000e+00 0.000000000000000000e+00 0.000000000000000000e+00 0.000000000000000000e+00 0.000000000000000000e+00 0.000000000000000000e+00 0.000000000000000000e+00 0.000000000000000000e+00 4.024621662856477933e-01 0.000000000000000000e+00 3.937339784854225755e-01 0.000000000000000000e+00 4.149346892856926039e-01 0.000000000000000000e+00 0.000000000000000000e+00 0.000000000000000000e+00 0.000000000000000000e+00 0.000000000000000000e+00 2.863642659822505099e-01 4.147336666666666671e-01 2.979042963949058431e-01 4.496020433861886434e-01 3.185241989754440395e-01 4.486154479166666320e-01 3.604187657390122701e-01 3.649469125503171374e-01 0.000000000000000000e+00 0.000000000000000000e+00 3.525108335189826581e-01 0.000000000000000000e+00 3.407414663847321279e-01 0.000000000000000000e+00 3.789671650880958031e-01 0.000000000000000000e+00 0.000000000000000000e+00 0.000000000000000000e+00 3.741941909090909513e-01 0.000000000000000000e+00 0.000000000000000000e+00 0.000000000000000000e+00 0.000000000000000000e+00 0.000000000000000000e+00 0.000000000000000000e+00 0.000000000000000000e+00 0.000000000000000000e+00 0.000000000000000000e+00 0.000000000000000000e+00 0.000000000000000000e+00 0.000000000000000000e+00 0.000000000000000000e+00 3.947052432432432423e-01 0.000000000000000000e+00 0.000000000000000000e+00 0.000000000000000000e+00 0.000000000000000000e+00 0.000000000000000000e+00 0.000000000000000000e+00 0.000000000000000000e+00 0.000000000000000000e+00 0.000000000000000000e+00 0.000000000000000000e+00 0.000000000000000000e+00 0.000000000000000000e+00 0.000000000000000000e+00
0.000000000000000000e+00 3.653499191773867949e-01 4.463344402850660253e-01 3.254154581957980352e-01 4.261087195121950888e-01 2.641615917757790810e-01 4.257349404761904266e-01 2.707683617012974775e-01 4.470081895867142885e-01 2.381104615401949676e-01 0.000000000000000000e+00 3.316255019470079057e-01 4.098293493600633219e-01 2.940792262890465913e-01 4.249170026187544802e-01 2.807816928058134986e-01 0.000000000000000000e+00 3.463349552238806361e-01 0.000000000000000000e+00 4.759156602564101890e-01 0.000000000000000000e+00 0.000000000000000000e+00 4.522334612950704713e-01 3.085883769263698673e-01 4.435134797160993902e-01 3.259722972972972088e-01 4.597984629629630060e-01 0.000000000000000000e+00 0.000000000000000000e+00 3.032822472205032871e-01 4.193152681772870372e-01 3.442080373077499589e-01 0.000000000000000000e+00 3.098957833333333411e-01 0.000000000000000000e+00 0.000000000000000000e+00 0.000000000000000000e+00 0.000000000000000000e+00 0.000000000000000000e+00 0.000000000000000000e+00 0.000000000000000000e+00 0.000000000000000000e+00 0.000000000000000000e+00 0.000000000000000000e+00 0.000000000000000000e+00 0.000000000000000000e+00 0.000000000000000000e+00 4.023047730496454033e-01 0.000000000000000000e+00 3.623322434210526355e-01 0.000000000000000000e+00 3.449904033613445664e-01 0.000000000000000000e+00 0.000000000000000000e+00 0.000000000000000000e+00 0.000000000000000000e+00 0.000000000000000000e+00 0.000000000000000000e+00 0.000000000000000000e+00 0.000000000000000000e+00 0.000000000000000000e+00 0.000000000000000000e+00 0.000000000000000000e+00 3.827028737864077157e-01 0.000000000000000000e+00 3.651098730518840263e-01 0.000000000000000000e+00 0.000000000000000000e+00 0.000000000000000000e+00 0.000000000000000000e+00 0.000000000000000000e+00 2.902669595949425307e-01 4.230068383362871054e-01 2.986464553586304360e-01 0.000000000000000000e+00 3.116364507936507655e-01 0.000000000000000000e+00 3.307888440198892277e-01 0.000000000000000000e+00 0.000000000000000000e+00 0.000000000000000000e+00 3.529147191551947893e-01 0.000000000000000000e+00 0.000000000000000000e+00 0.000000000000000000e+00 3.688911806451612985e-01 0.000000000000000000e+00 0.000000000000000000e+00 0.000000000000000000e+00 0.000000000000000000e+00 0.000000000000000000e+00 0.000000000000000000e+00 0.000000000000000000e+00 0.000000000000000000e+00 0.000000000000000000e+00 0.000000000000000000e+00 0.000000000000000000e+00 0.000000000000000000e+00 0.000000000000000000e+00 0.000000000000000000e+00 0.000000000000000000e+00 0.000000000000000000e+00 0.000000000000000000e+00 0.000000000000000000e+00 0.000000000000000000e+00 0.000000000000000000e+00 0.000000000000000000e+00 0.000000000000000000e+00 0.000000000000000000e+00 0.000000000000000000e+00 0.000000000000000000e+00 0.000000000000000000e+00 0.000000000000000000e+00 0.000000000000000000e+00 0.000000000000000000e+00 0.000000000000000000e+00
3.327387927416788349e-01 4.650827804085021500e-01 3.806725104015700745e-01 4.478684706891250533e-01 0.000000000000000000e+00 0.000000000000000000e+00 3.335415715258279734e-01 4.451235223400537566e-01 3.496522839908243196e-01 0.000000000000000000e+00 3.174375613016784392e-01 4.364429937400255421e-01 3.200340866169769649e-01 4.023655851639491021e-01 3.438773610715603612e-01 0.000000000000000000e+00 3.150870715114947873e-01 4.778213222222222334e-01 4.028731462162016830e-01 4.787015604054801199e-01 0.000000000000000000e+00 0.000000000000000000e+00 3.794502803273042679e-01 4.325284594594594467e-01 0.000000000000000000e+00 0.000000000000000000e+00 0.000000000000000000e+00 0.000000000000000000e+00 3.296682604947759887e-01 4.274169775280899364e-01 3.580503704957020972e-01 4.539297314814815798e-01 3.811266329178628065e-01 4.453017670865949684e-01 4.528189101123595295e-01 0.000000000000000000e+00 3.965392413793102921e-01 0.000000000000000000e+00 0.000000000000000000e+00 0.000000000000000000e+00 0.000000000000000000e+00 0.000000000000000000e+00 0.000000000000000000e+00 0.000000000000000000e+00 3.719639411764705250e-01 0.000000000000000000e+00 0.000000000000000000e+00 0.000000000000000000e+00 3.731155902557251047e-01 0.000000000000000000e+00 3.919034834490303654e-01 0.000000000000000000e+00 3.461171893939393174e-01 0.000000000000000000e+00 3.641996666666666438e-01 0.000000000000000000e+00 3.968073172361873402e-01 4.790076649435685008e-01 4.055174946513998013e-01 4.606683903743316044e-01 4.169040034651523285e-01 0.000000000000000000e+00 4.005910792890469141e-01 0.000000000000000000e+00 4.316312203614218190e-01 0.000000000000000000e+00 3.993538034560328853e-01 4.462886168029034928e-01 3.843909061688311479e-01 0.000000000000000000e+00 3.485047623110834603e-01 0.000000000000000000e+00 3.853833581724739332e-01 4.485851894736841983e-01 0.000000000000000000e+00 0.000000000000000000e+00 4.292374362526730769e-01 4.437718109068390926e-01 3.851660869565218248e-01 0.000000000000000000e+00 3.795045902897850598e-01 0.000000000000000000e+00 0.000000000000000000e+00 0.000000000000000000e+00 3.939370503980747507e-01 0.000000000000000000e+00 0.000000000000000000e+00 0.000000000000000000e+00 3.961794798194487321e-01 0.000000000000000000e+00 4.428614507812499990e-01 4.397619251908397309e-01 0.000000000000000000e+00 0.000000000000000000e+00 0.000000000000000000e+00 0.000000000000000000e+00 0.000000000000000000e+00 0.000000000000000000e+00 0.000000000000000000e+00 0.000000000000000000e+00 0.000000000000000000e+00 0.000000000000000000e+00 4.580040992366412045e-01 4.497688518518517808e-01 5.000235054945054713e-01 0.000000000000000000e+00 0.000000000000000000e+00 0.000000000000000000e+00 0.000000000000000000e+00 0.000000000000000000e+00 0.000000000000000000e+00 0.000000000000000000e+00 4.621274525547444667e-01 0.000000000000000000e+00 4.393924481132075455e-01 0.000000000000000000e+00
4.491509591836735371e-01 3.035156353115295302e-01 4.382132386720101191e-01 3.743649777506846688e-01 0.000000000000000000e+00 0.000000000000000000e+00 4.268204999616035944e-01 3.038082484254036597e-01 0.000000000000000000e+00 3.316255019470079057e-01 4.364429937400255421e-01 2.968768875789034589e-01 4.149935193806413847e-01 3.314752302616254531e-01 0.000000000000000000e+00 3.519366862868074652e-01 4.287515376344085416e-01 3.683835217020371422e-01 4.501938924501160955e-01 3.777362237554454105e-01 0.000000000000000000e+00 0.000000000000000000e+00 4.394050071297394555e-01 3.536998294909691753e-01 0.000000000000000000e+00 0.000000000000000000e+00 0.000000000000000000e+00 0.000000000000000000e+00 0.000000000000000000e+00 3.259781362121371151e-01 4.117672205899278737e-01 3.873730194119400227e-01 4.258281386029411641e-01 3.546455033179366501e-01 0.000000000000000000e+00 0.000000000000000000e+00 0.000000000000000000e+00 4.121903238412122916e-01 0.000000000000000000e+00 0.000000000000000000e+00 0.000000000000000000e+00 3.958604716981131699e-01 0.000000000000000000e+00 0.000000000000000000e+00 0.000000000000000000e+00 3.928726862346407778e-01 0.000000000000000000e+00 3.377477014925373000e-01 0.000000000000000000e+00 3.950358067456491429e-01 0.000000000000000000e+00 3.953124888264776815e-01 0.000000000000000000e+00 3.578244451612903054e-01 0.000000000000000000e+00 3.406870846153845500e-01 0.000000000000000000e+00 4.068673949320440464e-01 4.799829119999999283e-01 4.163483433120819255e-01 4.813243517241380109e-01 4.034492611126051509e-01 0.000000000000000000e+00 4.100169091703336210e-01 0.000000000000000000e+00 4.068694730252993552e-01 4.958859565217391130e-01 4.275552430978002416e-01 0.000000000000000000e+00 4.472557449071779545e-01 4.088458760330579422e-01 3.341954153557236129e-01 0.000000000000000000e+00 3.678335770355768419e-01 0.000000000000000000e+00 3.919600808689582827e-01 4.464268088496711195e-01 4.265124536519282472e-01 0.000000000000000000e+00 0.000000000000000000e+00 0.000000000000000000e+00 4.033006033878639429e-01 0.000000000000000000e+00 0.000000000000000000e+00 0.000000000000000000e+00 4.065196211478834254e-01 0.000000000000000000e+00 0.000000000000000000e+00 0.000000000000000000e+00 4.003946063550994916e-01 4.354820139673105106e-01 4.370901291850410320e-01 0.000000000000000000e+00 0.000000000000000000e+00 4.682135066666667234e-01 4.256424187589303854e-01 0.000000000000000000e+00 0.000000000000000000e+00 0.000000000000000000e+00 0.000000000000000000e+00 4.281136394781689392e-01 0.000000000000000000e+00 0.000000000000000000e+00 4.496144480963836232e-01 4.677186458333333352e-01 3.917214494382021961e-01 0.000000000000000000e+00 0.000000000000000000e+00 0.000000000000000000e+00 0.000000000000000000e+00 0.000000000000000000e+00 0.000000000000000000e+00 0.000000000000000000e+00 0.000000000000000000e+00 0.000000000000000000e+00 0.000000000000000000e+00
3.713631330426281352e-01 4.603901241830065660e-01 3.453720444379118626e-01 4.303631876664416045e-01 3.207703749999999965e-01 0.000000000000000000e+00 3.069163866592284351e-01 4.183846281677082168e-01 3.212389523279570169e-01 4.098293493600633219e-01 3.200340866169769649e-01 4.149935193806413847e-01 2.812324616590226034e-01 4.171503158561473690e-01 2.510974047651138852e-01 4.401086859702327270e-01 3.767866364118913625e-01 0.000000000000000000e+00 3.813974419445621544e-01 4.373905750790561542e-01 0.000000000000000000e+00 0.000000000000000000e+00 3.523988102703464187e-01 4.283749174565767426e-01 3.976488173076923038e-01 4.475718765432098456e-01 0.000000000000000000e+00 0.000000000000000000e+00 2.783007223235799410e-01 0.000000000000000000e+00 3.425300912175856527e-01 4.286594820061584987e-01 3.919408313063881266e-01 4.260194405930529116e-01 0.000000000000000000e+00 0.000000000000000000e+00 4.200702877687175762e-01 0.000000000000000000e+00 0.000000000000000000e+00 0.000000000000000000e+00 0.000000000000000000e+00 0.000000000000000000e+00 0.000000000000000000e+00 0.000000000000000000e+00 0.000000000000000000e+00 0.000000000000000000e+00 0.000000000000000000e+00 0.000000000000000000e+00 3.636707338709677106e-01 0.000000000000000000e+00 3.619809614302428313e-01 0.000000000000000000e+00 0.000000000000000000e+00 0.000000000000000000e+00 3.664125284552846029e-01 0.000000000000000000e+00 4.072577878371240190e-01 0.000000000000000000e+00 4.096214147781843673e-01 0.000000000000000000e+00 4.186622451507343023e-01 0.000000000000000000e+00 3.961744351464057123e-01 4.658186914285714075e-01 4.226098204205080977e-01 0.000000000000000000e+00 4.066884998804162210e-01 4.726969797736253476e-01 3.857060287358290429e-01 0.000000000000000000e+00 3.368981120893572156e-01 4.368016033974863044e-01 3.646368258789665640e-01 4.351448963244212709e-01 3.408105987886382304e-01 0.000000000000000000e+00 4.198620460476720218e-01 4.269590747294167432e-01 0.000000000000000000e+00 0.000000000000000000e+00 3.824874758767380367e-01 0.000000000000000000e+00 0.000000000000000000e+00 0.000000000000000000e+00 3.925887296848998842e-01 0.000000000000000000e+00 0.000000000000000000e+00 0.000000000000000000e+00 3.993038641681564971e-01 0.000000000000000000e+00 4.288304904109589422e-01 4.556471532846715355e-01 0.000000000000000000e+00 0.000000000000000000e+00 4.538580489984797572e-01 0.000000000000000000e+00 0.000000000000000000e+00 4.095231679389313428e-01 0.000000000000000000e+00 4.299993955223880282e-01 4.206217352941176157e-01 4.154132482758620681e-01 4.421877059711322167e-01 4.322677009677146631e-01 0.000000000000000000e+00 0.000000000000000000e+00 4.544937454545454614e-01 4.220122749999999923e-01 0.000000000000000000e+00 0.000000000000000000e+00 0.000000000000000000e+00 0.000000000000000000e+00 0.000000000000000000e+00 4.593720762711864247e-01 0.000000000000000000e+00 0.000000000000000000e+00
