2.849476579773481677e-01 4.961484920505068730e-01 3.657458162904158594e-01 5.134063681603813212e-01 3.607496262386069019e-01 5.141785572519084191e-01 3.628109171654064213e-01 4.736373986766359012e-01 3.665026660438143180e-01 0.000000000000000000e+00 3.208822010241583200e-01 5.181492606171606008e-01 3.933172705807080893e-01 4.299473442622951391e-01 3.862390211611709812e-01 0.000000000000000000e+00 3.325025565281952700e-01 4.981189335382956718e-01 4.165865635553783752e-01 5.120399657723797571e-01 0.000000000000000000e+00 0.000000000000000000e+00 3.989475244432417189e-01 3.959031637931034187e-01 0.000000000000000000e+00 0.000000000000000000e+00 4.531415373134328739e-01 0.000000000000000000e+00 4.206958153903406217e-01 5.126258114028026114e-01 4.458741555541710921e-01 4.662131478873239865e-01 4.170315543859983709e-01 5.050720085070102838e-01 0.000000000000000000e+00 0.000000000000000000e+00 5.049764970740622250e-01 5.467656718940393512e-01 0.000000000000000000e+00 0.000000000000000000e+00 4.630262492074360137e-01 0.000000000000000000e+00 0.000000000000000000e+00 0.000000000000000000e+00 4.637504799999999094e-01 0.000000000000000000e+00 0.000000000000000000e+00 0.000000000000000000e+00 4.715680345459138945e-01 0.000000000000000000e+00 4.590640903000117179e-01 4.771160074626865644e-01 4.431820500169683652e-01 0.000000000000000000e+00 4.484420461454242668e-01 0.000000000000000000e+00 2.788224297599069534e-01 5.003042709686439382e-01 4.474915584749287745e-01 4.955064707147142089e-01 4.343248411517084961e-01 5.263129193548388152e-01 4.358066470822388183e-01 4.998539900000000258e-01 4.646599089638793756e-01 4.645902814814815152e-01 4.477309423928268473e-01 5.414268434713435107e-01 2.816504110084717682e-01 5.149064029260783659e-01 3.641623132873842983e-01 5.175307756410256754e-01 4.156901141609824490e-01 5.015190843547522315e-01 4.117512094696612612e-01 0.000000000000000000e+00 4.108182671887150028e-01 4.813863048604569705e-01 4.151783440476190523e-01 0.000000000000000000e+00 3.814423471471471427e-01 0.000000000000000000e+00 4.750533492063491181e-01 0.000000000000000000e+00 4.490274348365556611e-01 0.000000000000000000e+00 3.958882049180327822e-01 0.000000000000000000e+00 4.484036385452958018e-01 0.000000000000000000e+00 4.571573484563364320e-01 4.639201984466939099e-01 4.513676691622563464e-01 0.000000000000000000e+00 4.640703667640519448e-01 0.000000000000000000e+00 0.000000000000000000e+00 0.000000000000000000e+00 5.017346465991775473e-01 4.373851416666666436e-01 0.000000000000000000e+00 0.000000000000000000e+00 4.996309651350919201e-01 4.960697280973979106e-01 4.606014887877825092e-01 0.000000000000000000e+00 0.000000000000000000e+00 0.000000000000000000e+00 0.000000000000000000e+00 0.000000000000000000e+00 4.682528515624999610e-01 0.000000000000000000e+00 4.926386518518519608e-01 3.522427156862745767e-01 0.000000000000000000e+00 0.000000000000000000e+00
4.961484920505068730e-01 2.989333402466091139e-01 5.184688109685909874e-01 3.440837739235345638e-01 0.000000000000000000e+00 3.390215237254902148e-01 4.936513388660113133e-01 3.294161261851157874e-01 0.000000000000000000e+00 4.062608995425237568e-01 0.000000000000000000e+00 3.471930472374410992e-01 0.000000000000000000e+00 4.041072847226385156e-01 0.000000000000000000e+00 4.277017091906740731e-01 4.943265083689485917e-01 3.518143811136034138e-01 5.329654129418520681e-01 3.958360311417287725e-01 0.000000000000000000e+00 0.000000000000000000e+00 0.000000000000000000e+00 4.652122748298267441e-01 0.000000000000000000e+00 0.000000000000000000e+00 0.000000000000000000e+00 0.000000000000000000e+00 5.143751124571142030e-01 4.573314654121423128e-01 4.689475009032320063e-01 4.511359405999716965e-01 5.288861325748056563e-01 4.458014437977581013e-01 4.797239553571429060e-01 0.000000000000000000e+00 5.604888710825203235e-01 5.344322887762966712e-01 0.000000000000000000e+00 5.051383072461216317e-01 0.000000000000000000e+00 4.382150043956044017e-01 5.406630378787879998e-01 0.000000000000000000e+00 5.108687372262773474e-01 4.743450703079178377e-01 0.000000000000000000e+00 0.000000000000000000e+00 5.234867957355352486e-01 4.629465398270060095e-01 5.167088842896985224e-01 4.363182847533844666e-01 0.000000000000000000e+00 4.333380161980215917e-01 5.334407602739725807e-01 4.318315996932614587e-01 5.067271792308738476e-01 3.134959757119961665e-01 5.100858865975778089e-01 4.512486061085537181e-01 4.961095198170917264e-01 4.363752115983061675e-01 0.000000000000000000e+00 4.142653577152770605e-01 4.898255169491526062e-01 4.355073384308706941e-01 5.224977859095248922e-01 4.821775365412213077e-01 5.457837100596905078e-01 3.060848229536091147e-01 5.267350643444914660e-01 3.681141243470252289e-01 5.018673039563826821e-01 4.317079385821624982e-01 5.472293043478260177e-01 4.696761069443274872e-01 4.902691897735085291e-01 4.382802380427353595e-01 0.000000000000000000e+00 0.000000000000000000e+00 0.000000000000000000e+00 4.460479571559368139e-01 0.000000000000000000e+00 0.000000000000000000e+00 0.000000000000000000e+00 4.514480090484596642e-01 0.000000000000000000e+00 0.000000000000000000e+00 4.640442028985506395e-01 4.529397732630348616e-01 5.270334852941176429e-01 4.600224925300189227e-01 0.000000000000000000e+00 4.754401094112452597e-01 4.664914412715517322e-01 4.519296481296106727e-01 0.000000000000000000e+00 0.000000000000000000e+00 4.988719770992365854e-01 4.531761706833676850e-01 0.000000000000000000e+00 4.605270636363636982e-01 0.000000000000000000e+00 4.658993007167022138e-01 5.012303009708738433e-01 4.754386794210400113e-01 0.000000000000000000e+00 0.000000000000000000e+00 0.000000000000000000e+00 0.000000000000000000e+00 4.818877142857143081e-01 5.077450353982301268e-01 0.000000000000000000e+00 4.198789522001340480e-01 4.589933695652175238e-01 4.701770645111386093e-01
3.657458162904158594e-01 5.184688109685909874e-01 2.786514596097289798e-01 4.849275233786408679e-01 2.547149641598159264e-01 4.474053184943806438e-01 3.154142731412247214e-01 4.741218939809189736e-01 3.461665982612676107e-01 4.462893943091984506e-01 4.148294290110147720e-01 4.871586258696282146e-01 3.742402072798692303e-01 4.598036108474082284e-01 3.658424971568622341e-01 4.602157852360121426e-01 4.020959431570235720e-01 5.057800450890118649e-01 3.203554937098574973e-01 5.114953040537312257e-01 3.182435681818182038e-01 0.000000000000000000e+00 2.655988898026113154e-01 4.694432778128697636e-01 3.120573268248063026e-01 4.360027594068729972e-01 3.453962285613835226e-01 4.785764731707317088e-01 3.860529645625891404e-01 4.578801716017271706e-01 3.738602616215732088e-01 4.568601891958963268e-01 4.584130202737831117e-01 5.114641701262238049e-01 4.656755325874542550e-01 0.000000000000000000e+00 4.596394463302327926e-01 5.638230351614258451e-01 0.000000000000000000e+00 0.000000000000000000e+00 0.000000000000000000e+00 0.000000000000000000e+00 4.582231505446618947e-01 0.000000000000000000e+00 4.748357011781728643e-01 0.000000000000000000e+00 4.676632727321351490e-01 0.000000000000000000e+00 4.716686480672738213e-01 6.119160466666666576e-01 4.665351701699907427e-01 0.000000000000000000e+00 4.480135667297641677e-01 0.000000000000000000e+00 4.430160813832026423e-01 0.000000000000000000e+00 4.384693538450941119e-01 5.194641048751965640e-01 4.566182933574692293e-01 5.346401467302068777e-01 4.295097428353717439e-01 0.000000000000000000e+00 4.198293272111175423e-01 0.000000000000000000e+00 4.375501371530113315e-01 0.000000000000000000e+00 4.686909489689207731e-01 5.314289736018826815e-01 4.297167233671476128e-01 5.025152325523428720e-01 3.599508675469136887e-01 4.948990483582975108e-01 3.828934577464119249e-01 4.864265063755756069e-01 3.544966382978723685e-01 4.508010952380952507e-01 4.161678798439329974e-01 4.655306791575190006e-01 3.975316277182733282e-01 0.000000000000000000e+00 3.930252792176877064e-01 0.000000000000000000e+00 0.000000000000000000e+00 0.000000000000000000e+00 4.197100351917280037e-01 0.000000000000000000e+00 4.283612848484849023e-01 0.000000000000000000e+00 4.135928037197689200e-01 0.000000000000000000e+00 4.411869106630367243e-01 4.566753620413546155e-01 0.000000000000000000e+00 4.481255779220778557e-01 4.431368442189505541e-01 4.146672736842105245e-01 4.455345051546392154e-01 0.000000000000000000e+00 0.000000000000000000e+00 4.446315812451999139e-01 0.000000000000000000e+00 4.607099545454544920e-01 4.233727981651375649e-01 4.479889606299212179e-01 4.593998328139096143e-01 0.000000000000000000e+00 0.000000000000000000e+00 0.000000000000000000e+00 0.000000000000000000e+00 0.000000000000000000e+00 0.000000000000000000e+00 4.278421926605503467e-01 4.490218353394318518e-01 4.799815909090908717e-01 4.313636057692307735e-01 0.000000000000000000e+00
5.134063681603813212e-01 3.440837739235345638e-01 4.849275233786408679e-01 3.048468119538077503e-01 4.370228593436436548e-01 2.532681870087931109e-01 4.711116429666705185e-01 3.270036657305519512e-01 4.288101067253742849e-01 2.403478641942156380e-01 4.906125878529737361e-01 4.302678735135257448e-01 4.552661284415522314e-01 3.806595717740434703e-01 4.605562807512870727e-01 3.572687497045837213e-01 5.015752326389290028e-01 4.506781159359363742e-01 5.210604254142948699e-01 3.505369300637691810e-01 0.000000000000000000e+00 0.000000000000000000e+00 4.642641699911647102e-01 2.846542381982332670e-01 4.424168128101945152e-01 3.046547974001661552e-01 4.459017135034427093e-01 3.105372597357500264e-01 5.195750765992369624e-01 3.901431636705671169e-01 4.463992248342908420e-01 3.765546728932245291e-01 5.155443767875083072e-01 4.220328143406854582e-01 0.000000000000000000e+00 4.654511340522121676e-01 5.852712371134020097e-01 4.996420309094782297e-01 4.586350187500000120e-01 4.925503622502432344e-01 0.000000000000000000e+00 4.233665202808015171e-01 0.000000000000000000e+00 4.569711670890964639e-01 0.000000000000000000e+00 4.813263836691369368e-01 0.000000000000000000e+00 4.616207202546626087e-01 5.056070864864864456e-01 4.912066265997944159e-01 0.000000000000000000e+00 4.658056303491602823e-01 0.000000000000000000e+00 0.000000000000000000e+00 0.000000000000000000e+00 4.463569156644482949e-01 0.000000000000000000e+00 4.406762486512870169e-01 4.902476174759103911e-01 4.522088730622875752e-01 4.822197907407407280e-01 3.903951382316313556e-01 0.000000000000000000e+00 4.100913939144736897e-01 0.000000000000000000e+00 4.357558307396838249e-01 5.127695816340716028e-01 4.702150608847956437e-01 5.120146186164241664e-01 4.628958711244489654e-01 4.770196213693058684e-01 3.803568215764580041e-01 4.679564286861628841e-01 4.018919400072918924e-01 0.000000000000000000e+00 3.980817098841979984e-01 4.610516091416240747e-01 4.319034744254111602e-01 0.000000000000000000e+00 0.000000000000000000e+00 0.000000000000000000e+00 4.462758808104822505e-01 0.000000000000000000e+00 0.000000000000000000e+00 4.594752430686481204e-01 4.426848684846911852e-01 0.000000000000000000e+00 4.281097314439555324e-01 0.000000000000000000e+00 4.199305843376864300e-01 4.347791654135338413e-01 4.495164077158194105e-01 4.210357462686567520e-01 4.500068872136752107e-01 4.808515832977351967e-01 4.588571618288689868e-01 5.041272277227722975e-01 0.000000000000000000e+00 0.000000000000000000e+00 4.364614420897379721e-01 0.000000000000000000e+00 0.000000000000000000e+00 0.000000000000000000e+00 4.181786771466897701e-01 0.000000000000000000e+00 4.514277940061541261e-01 0.000000000000000000e+00 0.000000000000000000e+00 0.000000000000000000e+00 0.000000000000000000e+00 4.692205470085470398e-01 0.000000000000000000e+00 4.422281972826087038e-01 4.555257513513514267e-01 0.000000000000000000e+00 4.970945555555556505e-01
3.607496262386069019e-01 0.000000000000000000e+00 2.547149641598159264e-01 4.370228593436436548e-01 2.345581621217805723e-01 4.516303654426992997e-01 3.044840692527683301e-01 4.407734330134194245e-01 2.348001981703465579e-01 4.240558634684177264e-01 3.847442729324402899e-01 0.000000000000000000e+00 3.429237006613098382e-01 4.273359651162790263e-01 3.104794540903532130e-01 0.000000000000000000e+00 3.671308395180722939e-01 0.000000000000000000e+00 3.828831113785758355e-01 0.000000000000000000e+00 2.525247474387498081e-01 0.000000000000000000e+00 2.030172314706145120e-01 4.440268699750100634e-01 1.758627034114449705e-01 4.311231789504406109e-01 2.995925402423233463e-01 4.301736204328613367e-01 3.454440612266101995e-01 0.000000000000000000e+00 3.713370054981662283e-01 3.999665317298277123e-01 3.987798975918522837e-01 0.000000000000000000e+00 0.000000000000000000e+00 0.000000000000000000e+00 0.000000000000000000e+00 0.000000000000000000e+00 4.159232017195766962e-01 0.000000000000000000e+00 0.000000000000000000e+00 0.000000000000000000e+00 0.000000000000000000e+00 0.000000000000000000e+00 0.000000000000000000e+00 0.000000000000000000e+00 4.381536035460993350e-01 0.000000000000000000e+00 0.000000000000000000e+00 0.000000000000000000e+00 4.079069670002886117e-01 0.000000000000000000e+00 0.000000000000000000e+00 0.000000000000000000e+00 4.379773592943800864e-01 0.000000000000000000e+00 0.000000000000000000e+00 0.000000000000000000e+00 4.046825967808262980e-01 0.000000000000000000e+00 3.956213184772254809e-01 0.000000000000000000e+00 0.000000000000000000e+00 0.000000000000000000e+00 4.008155643406731139e-01 0.000000000000000000e+00 4.563195747230875954e-01 0.000000000000000000e+00 4.840519097744361288e-01 0.000000000000000000e+00 3.479435360647748499e-01 5.176178614856890015e-01 3.526062725213160998e-01 5.354474901960784017e-01 3.210446068181818102e-01 0.000000000000000000e+00 3.506661471104178807e-01 3.944557012987013334e-01 0.000000000000000000e+00 0.000000000000000000e+00 4.349810412422360217e-01 0.000000000000000000e+00 0.000000000000000000e+00 0.000000000000000000e+00 4.019222864003177409e-01 0.000000000000000000e+00 0.000000000000000000e+00 0.000000000000000000e+00 3.981399366804309614e-01 0.000000000000000000e+00 0.000000000000000000e+00 0.000000000000000000e+00 0.000000000000000000e+00 0.000000000000000000e+00 3.839131350012732757e-01 0.000000000000000000e+00 0.000000000000000000e+00 0.000000000000000000e+00 0.000000000000000000e+00 0.000000000000000000e+00 0.000000000000000000e+00 0.000000000000000000e+00 0.000000000000000000e+00 0.000000000000000000e+00 0.000000000000000000e+00 0.000000000000000000e+00 0.000000000000000000e+00 0.000000000000000000e+00 0.000000000000000000e+00 0.000000000000000000e+00 0.000000000000000000e+00 0.000000000000000000e+00 0.000000000000000000e+00 0.000000000000000000e+00 0.000000000000000000e+00 0.000000000000000000e+00
5.141785572519084191e-01 3.390215237254902148e-01 4.474053184943806438e-01 2.532681870087931109e-01 4.516303654426992997e-01 2.288271795460446456e-01 4.621427996349160572e-01 3.058756547082502331e-01 4.559998166976697576e-01 2.070843027194508024e-01 0.000000000000000000e+00 3.422391395676691594e-01 4.638985053148216853e-01 3.696888711880711997e-01 4.686484788986397532e-01 2.971647034656689224e-01 0.000000000000000000e+00 0.000000000000000000e+00 0.000000000000000000e+00 4.298312730458358488e-01 4.530365527065526310e-01 3.125993713562307819e-01 4.429942859458763094e-01 2.674652984654963261e-01 4.205466701652705308e-01 1.989629137370781675e-01 4.655989542633399703e-01 2.890982805645262999e-01 4.767028656716417734e-01 3.701978933674484051e-01 4.138406465662549660e-01 3.626531907300155066e-01 4.597651700317165746e-01 3.901233006399172365e-01 0.000000000000000000e+00 0.000000000000000000e+00 0.000000000000000000e+00 4.341000173808770568e-01 0.000000000000000000e+00 0.000000000000000000e+00 0.000000000000000000e+00 0.000000000000000000e+00 0.000000000000000000e+00 0.000000000000000000e+00 0.000000000000000000e+00 0.000000000000000000e+00 0.000000000000000000e+00 4.865825189163376918e-01 0.000000000000000000e+00 4.813165267175572581e-01 0.000000000000000000e+00 4.505549066570607719e-01 0.000000000000000000e+00 3.795606521739129935e-01 0.000000000000000000e+00 4.631569683100525969e-01 0.000000000000000000e+00 3.810443050847457935e-01 5.122834780219780448e-01 4.301339813084111285e-01 0.000000000000000000e+00 3.742385565217390964e-01 0.000000000000000000e+00 0.000000000000000000e+00 0.000000000000000000e+00 3.869223759999999013e-01 5.182151286275077373e-01 4.513548320505561540e-01 0.000000000000000000e+00 4.182885096754057619e-01 5.241302666536745702e-01 3.773083109936383739e-01 4.468757312621923772e-01 3.613991481586101839e-01 0.000000000000000000e+00 3.837953202811266173e-01 4.476670660377358169e-01 3.787072924718231093e-01 0.000000000000000000e+00 0.000000000000000000e+00 0.000000000000000000e+00 4.175559899999999880e-01 0.000000000000000000e+00 4.260542110655737291e-01 0.000000000000000000e+00 4.379933045515617129e-01 0.000000000000000000e+00 4.248258460038986661e-01 0.000000000000000000e+00 4.255671908775094381e-01 0.000000000000000000e+00 4.178258731343283960e-01 0.000000000000000000e+00 0.000000000000000000e+00 0.000000000000000000e+00 0.000000000000000000e+00 0.000000000000000000e+00 0.000000000000000000e+00 0.000000000000000000e+00 0.000000000000000000e+00 0.000000000000000000e+00 0.000000000000000000e+00 0.000000000000000000e+00 4.115228109744377694e-01 0.000000000000000000e+00 0.000000000000000000e+00 0.000000000000000000e+00 0.000000000000000000e+00 0.000000000000000000e+00 0.000000000000000000e+00 0.000000000000000000e+00 0.000000000000000000e+00 0.000000000000000000e+00 0.000000000000000000e+00 0.000000000000000000e+00 0.000000000000000000e+00
3.628109171654064213e-01 4.936513388660113133e-01 3.154142731412247214e-01 4.711116429666705185e-01 3.044840692527683301e-01 4.621427996349160572e-01 2.953758606429103817e-01 4.731460512973130750e-01 2.611386598646946444e-01 4.614545707833919153e-01 3.922702007688937398e-01 5.006228568588116934e-01 2.910457061901889353e-01 4.537304598048066406e-01 3.503829780872223520e-01 4.490887547221026899e-01 4.102485138178529889e-01 5.075799017743567454e-01 4.100875520476499614e-01 5.112854461308773413e-01 0.000000000000000000e+00 0.000000000000000000e+00 3.746414625953241595e-01 4.673025996384271297e-01 0.000000000000000000e+00 4.638907889550029084e-01 3.648305505220764133e-01 4.413930858585858874e-01 3.800572035538266058e-01 4.713415869096592714e-01 3.642485249966812555e-01 4.410106297186793256e-01 4.260670552957358526e-01 4.946345903862546245e-01 0.000000000000000000e+00 0.000000000000000000e+00 4.694021906274810640e-01 5.172435487886382077e-01 4.411069181286549346e-01 0.000000000000000000e+00 0.000000000000000000e+00 0.000000000000000000e+00 0.000000000000000000e+00 0.000000000000000000e+00 4.681129309958813045e-01 4.807552258064516360e-01 0.000000000000000000e+00 0.000000000000000000e+00 4.555316746410082440e-01 0.000000000000000000e+00 4.491402327447008846e-01 5.221158618421053443e-01 4.369866632613232937e-01 0.000000000000000000e+00 4.389167073424182774e-01 0.000000000000000000e+00 4.113552279124115807e-01 4.898185512820511511e-01 4.516917484444953335e-01 5.147364295774646825e-01 4.324506482162944199e-01 4.965006621643835993e-01 3.922410112292445405e-01 0.000000000000000000e+00 4.487159803959629989e-01 0.000000000000000000e+00 4.640429625983144568e-01 5.138046412019353637e-01 4.049837430977819563e-01 5.077281634503477692e-01 3.262432219640671871e-01 4.949044107581356822e-01 3.783091190833220430e-01 4.685090786194183732e-01 0.000000000000000000e+00 5.005868695652174738e-01 3.970631771523704945e-01 4.517814633790940282e-01 4.127321428571428252e-01 0.000000000000000000e+00 3.942988560286261324e-01 0.000000000000000000e+00 0.000000000000000000e+00 0.000000000000000000e+00 4.326950379330568586e-01 4.958589935897436130e-01 4.177068588235294255e-01 0.000000000000000000e+00 4.371871752192421634e-01 0.000000000000000000e+00 4.580420328179375944e-01 5.028521319444444471e-01 3.980073656716417996e-01 0.000000000000000000e+00 4.459720346195780172e-01 4.441242398571891847e-01 0.000000000000000000e+00 0.000000000000000000e+00 0.000000000000000000e+00 0.000000000000000000e+00 0.000000000000000000e+00 0.000000000000000000e+00 0.000000000000000000e+00 4.730980390625000309e-01 0.000000000000000000e+00 4.445760884260839818e-01 0.000000000000000000e+00 0.000000000000000000e+00 0.000000000000000000e+00 0.000000000000000000e+00 4.650622021276595297e-01 0.000000000000000000e+00 0.000000000000000000e+00 0.000000000000000000e+00 0.000000000000000000e+00 0.000000000000000000e+00
4.736373986766359012e-01 3.294161261851157874e-01 4.741218939809189736e-01 3.270036657305519512e-01 4.407734330134194245e-01 3.058756547082502331e-01 4.731460512973130750e-01 2.981886457598599272e-01 4.782309285714285707e-01 3.001642123372967319e-01 4.812475541291978409e-01 3.724980734836175200e-01 4.456255645628150464e-01 3.348444160074581233e-01 4.541866133333332667e-01 2.984776627044111730e-01 4.946579302827380786e-01 4.316941882841596190e-01 4.994861295920254851e-01 3.959097508837008950e-01 0.000000000000000000e+00 0.000000000000000000e+00 4.701208010009718663e-01 3.887060164762372594e-01 4.460025625000000882e-01 2.973916333333332940e-01 0.000000000000000000e+00 0.000000000000000000e+00 4.729214560797141420e-01 3.688704774695627520e-01 4.498034193440498263e-01 3.782060467849723828e-01 4.962845726496088461e-01 4.403439139199064045e-01 0.000000000000000000e+00 4.385764302706638418e-01 5.183899247311828384e-01 4.646354195631922646e-01 0.000000000000000000e+00 5.109443135883385834e-01 0.000000000000000000e+00 4.145282332965019023e-01 0.000000000000000000e+00 4.488956985294118018e-01 0.000000000000000000e+00 4.689660490593679509e-01 0.000000000000000000e+00 4.733471538461538897e-01 5.065276864442127547e-01 4.602218390923780156e-01 4.664252155308277747e-01 4.403059078799801407e-01 0.000000000000000000e+00 4.381988755530654700e-01 0.000000000000000000e+00 4.375986424847402856e-01 4.680781840694852036e-01 4.243378543559951366e-01 5.171480148807487964e-01 4.614348824531236959e-01 4.865155873434109379e-01 4.257312640977466978e-01 4.379355350877192632e-01 4.197132255205560103e-01 0.000000000000000000e+00 4.299552990214802750e-01 5.186538498452012425e-01 4.709547793010214201e-01 5.370832742725439868e-01 4.582901011079027476e-01 4.848592794115172966e-01 3.345311451303928929e-01 4.562530242103770006e-01 3.821781673322797723e-01 0.000000000000000000e+00 3.814324924522274896e-01 4.558855127575220378e-01 4.015890347468109578e-01 0.000000000000000000e+00 4.137542647058823353e-01 0.000000000000000000e+00 4.248410936784665082e-01 0.000000000000000000e+00 0.000000000000000000e+00 4.802571948490466092e-01 4.387166320225024396e-01 0.000000000000000000e+00 4.248972566399596418e-01 4.786207857142856792e-01 4.436555101705956794e-01 4.723253409776055345e-01 4.368545512625667260e-01 4.418004666666667246e-01 4.844746694915254004e-01 4.486829427083334210e-01 4.314350679203775019e-01 0.000000000000000000e+00 0.000000000000000000e+00 0.000000000000000000e+00 4.492475081119451930e-01 0.000000000000000000e+00 3.978094488188975708e-01 4.434610818566002699e-01 4.171313791275672034e-01 0.000000000000000000e+00 4.731979460674319848e-01 0.000000000000000000e+00 0.000000000000000000e+00 0.000000000000000000e+00 0.000000000000000000e+00 0.000000000000000000e+00 0.000000000000000000e+00 0.000000000000000000e+00 4.366099652173913714e-01 0.000000000000000000e+00 4.426913723404254375e-01
3.665026660438143180e-01 0.000000000000000000e+00 3.461665982612676107e-01 4.288101067253742849e-01 2.348001981703465579e-01 4.559998166976697576e-01 2.611386598646946444e-01 4.782309285714285707e-01 2.593420661371965696e-01 4.484837926829267629e-01 3.484068789855072623e-01 0.000000000000000000e+00 2.310971554454824273e-01 0.000000000000000000e+00 2.997407041358420843e-01 4.134319498348113520e-01 3.853250555094130947e-01 0.000000000000000000e+00 4.180613920834854724e-01 0.000000000000000000e+00 0.000000000000000000e+00 0.000000000000000000e+00 3.907907630628025264e-01 4.426419652428091323e-01 3.546539333333332822e-01 4.381740851078346211e-01 3.418496232048882089e-01 4.016622537313432884e-01 3.444872631687143083e-01 0.000000000000000000e+00 4.017054682934952381e-01 4.236994601060598553e-01 0.000000000000000000e+00 0.000000000000000000e+00 0.000000000000000000e+00 0.000000000000000000e+00 0.000000000000000000e+00 0.000000000000000000e+00 0.000000000000000000e+00 0.000000000000000000e+00 0.000000000000000000e+00 0.000000000000000000e+00 0.000000000000000000e+00 0.000000000000000000e+00 0.000000000000000000e+00 0.000000000000000000e+00 0.000000000000000000e+00 0.000000000000000000e+00 0.000000000000000000e+00 0.000000000000000000e+00 4.022939802005859877e-01 0.000000000000000000e+00 0.000000000000000000e+00 0.000000000000000000e+00 0.000000000000000000e+00 0.000000000000000000e+00 3.636862636363636381e-01 0.000000000000000000e+00 0.000000000000000000e+00 0.000000000000000000e+00 4.180281663991975427e-01 0.000000000000000000e+00 4.093193831775700509e-01 0.000000000000000000e+00 4.203087154471544795e-01 0.000000000000000000e+00 0.000000000000000000e+00 0.000000000000000000e+00 4.362655384615384824e-01 0.000000000000000000e+00 3.343080915186949498e-01 5.344264586027873687e-01 3.505552640103172246e-01 0.000000000000000000e+00 0.000000000000000000e+00 0.000000000000000000e+00 3.827874707831047663e-01 0.000000000000000000e+00 0.000000000000000000e+00 0.000000000000000000e+00 0.000000000000000000e+00 0.000000000000000000e+00 0.000000000000000000e+00 0.000000000000000000e+00 3.993989852657808814e-01 0.000000000000000000e+00 3.829830268456375642e-01 0.000000000000000000e+00 4.295449513052209678e-01 0.000000000000000000e+00 3.842705340447153950e-01 0.000000000000000000e+00 4.218459922480620183e-01 0.000000000000000000e+00 4.037458481012659028e-01 0.000000000000000000e+00 0.000000000000000000e+00 0.000000000000000000e+00 0.000000000000000000e+00 0.000000000000000000e+00 0.000000000000000000e+00 0.000000000000000000e+00 0.000000000000000000e+00 3.904476250000000204e-01 0.000000000000000000e+00 0.000000000000000000e+00 0.000000000000000000e+00 0.000000000000000000e+00 0.000000000000000000e+00 0.000000000000000000e+00 0.000000000000000000e+00 0.000000000000000000e+00 0.000000000000000000e+00 0.000000000000000000e+00 0.000000000000000000e+00 0.000000000000000000e+00
0.000000000000000000e+00 4.062608995425237568e-01 4.462893943091984506e-01 2.403478641942156380e-01 4.240558634684177264e-01 2.070843027194508024e-01 4.614545707833919153e-01 3.001642123372967319e-01 4.484837926829267629e-01 2.373413632188531575e-01 0.000000000000000000e+00 3.702214159172090846e-01 4.859374824324324549e-01 3.724626099794558498e-01 4.765966902840909070e-01 3.143436754621687368e-01 0.000000000000000000e+00 4.341534513697374864e-01 4.577817377530363219e-01 4.026981377603522372e-01 0.000000000000000000e+00 0.000000000000000000e+00 4.309456392976973582e-01 2.970195181362221826e-01 3.651362334494801520e-01 2.557218231707317213e-01 4.847586029411765085e-01 2.208037074074074013e-01 5.026649672131147106e-01 3.739053991433973212e-01 4.603081981942398482e-01 3.700533700703735884e-01 0.000000000000000000e+00 4.193824736902155847e-01 0.000000000000000000e+00 0.000000000000000000e+00 0.000000000000000000e+00 4.408556610169492296e-01 0.000000000000000000e+00 0.000000000000000000e+00 0.000000000000000000e+00 0.000000000000000000e+00 0.000000000000000000e+00 4.481867692307691664e-01 0.000000000000000000e+00 0.000000000000000000e+00 0.000000000000000000e+00 4.781273674074074109e-01 0.000000000000000000e+00 4.064173546099290601e-01 0.000000000000000000e+00 4.344470558098975643e-01 0.000000000000000000e+00 4.567034724409448354e-01 0.000000000000000000e+00 4.010303758865248480e-01 0.000000000000000000e+00 0.000000000000000000e+00 0.000000000000000000e+00 3.869712250000000298e-01 0.000000000000000000e+00 3.944001443223335013e-01 0.000000000000000000e+00 4.034229393483553250e-01 0.000000000000000000e+00 3.729821077416947683e-01 0.000000000000000000e+00 4.218713212346905106e-01 0.000000000000000000e+00 4.186280683495145483e-01 5.249448943602693651e-01 3.483734565868578659e-01 0.000000000000000000e+00 3.589494070090687439e-01 0.000000000000000000e+00 3.787442692138500711e-01 0.000000000000000000e+00 3.834419977898835818e-01 0.000000000000000000e+00 0.000000000000000000e+00 0.000000000000000000e+00 4.178112857256752188e-01 0.000000000000000000e+00 4.207871764705881645e-01 0.000000000000000000e+00 4.131579773298728608e-01 0.000000000000000000e+00 0.000000000000000000e+00 0.000000000000000000e+00 4.370013332893414315e-01 0.000000000000000000e+00 3.945341044776119466e-01 0.000000000000000000e+00 0.000000000000000000e+00 4.187041797752808492e-01 3.877011702586206643e-01 0.000000000000000000e+00 0.000000000000000000e+00 0.000000000000000000e+00 0.000000000000000000e+00 0.000000000000000000e+00 0.000000000000000000e+00 0.000000000000000000e+00 3.787756541353383133e-01 0.000000000000000000e+00 4.107271010101010700e-01 0.000000000000000000e+00 0.000000000000000000e+00 0.000000000000000000e+00 0.000000000000000000e+00 0.000000000000000000e+00 0.000000000000000000e+00 0.000000000000000000e+00 0.000000000000000000e+00 0.000000000000000000e+00 0.000000000000000000e+00
3.208822010241583200e-01 0.000000000000000000e+00 4.148294290110147720e-01 4.906125878529737361e-01 3.847442729324402899e-01 0.000000000000000000e+00 3.922702007688937398e-01 4.812475541291978409e-01 3.484068789855072623e-01 0.000000000000000000e+00 2.905085933590347835e-01 5.104781231448448642e-01 3.109851102750038065e-01 4.700456133923056612e-01 3.785150869041468691e-01 0.000000000000000000e+00 3.499111276914109170e-01 4.884777081160846524e-01 4.458799803674394768e-01 5.147580550745550765e-01 0.000000000000000000e+00 0.000000000000000000e+00 4.064103609251277227e-01 4.692394098580744966e-01 0.000000000000000000e+00 0.000000000000000000e+00 0.000000000000000000e+00 0.000000000000000000e+00 3.416573168417515460e-01 4.516128606557377467e-01 4.281525853932584003e-01 4.470117933432688484e-01 4.257246712729668148e-01 4.978364913792616697e-01 0.000000000000000000e+00 0.000000000000000000e+00 4.140736666666666732e-01 4.380127786259542244e-01 0.000000000000000000e+00 0.000000000000000000e+00 0.000000000000000000e+00 0.000000000000000000e+00 0.000000000000000000e+00 0.000000000000000000e+00 4.827716139486647462e-01 0.000000000000000000e+00 0.000000000000000000e+00 0.000000000000000000e+00 4.830011669435215760e-01 0.000000000000000000e+00 4.510181431680179154e-01 0.000000000000000000e+00 4.462491074497215160e-01 0.000000000000000000e+00 4.399621611157183976e-01 0.000000000000000000e+00 3.602517721837127374e-01 0.000000000000000000e+00 4.584877827510078774e-01 5.035855658472344620e-01 4.253706632436247137e-01 0.000000000000000000e+00 4.175797842171123375e-01 0.000000000000000000e+00 4.554473009632121205e-01 0.000000000000000000e+00 4.582968760065556646e-01 0.000000000000000000e+00 0.000000000000000000e+00 0.000000000000000000e+00 3.826757740119399176e-01 4.966937606334841382e-01 3.859946686182669229e-01 4.474345940348867234e-01 0.000000000000000000e+00 0.000000000000000000e+00 3.951603077628968452e-01 4.934336504854369698e-01 4.301919215686274001e-01 0.000000000000000000e+00 4.213299890879381726e-01 0.000000000000000000e+00 0.000000000000000000e+00 0.000000000000000000e+00 4.381400073986090882e-01 0.000000000000000000e+00 0.000000000000000000e+00 0.000000000000000000e+00 4.406711377117654149e-01 0.000000000000000000e+00 0.000000000000000000e+00 0.000000000000000000e+00 0.000000000000000000e+00 0.000000000000000000e+00 0.000000000000000000e+00 0.000000000000000000e+00 0.000000000000000000e+00 0.000000000000000000e+00 0.000000000000000000e+00 0.000000000000000000e+00 0.000000000000000000e+00 0.000000000000000000e+00 0.000000000000000000e+00 0.000000000000000000e+00 0.000000000000000000e+00 0.000000000000000000e+00 0.000000000000000000e+00 0.000000000000000000e+00 0.000000000000000000e+00 0.000000000000000000e+00 0.000000000000000000e+00 0.000000000000000000e+00 0.000000000000000000e+00 0.000000000000000000e+00 0.000000000000000000e+00 0.000000000000000000e+00
5.181492606171606008e-01 3.471930472374410992e-01 4.871586258696282146e-01 4.302678735135257448e-01 0.000000000000000000e+00 3.422391395676691594e-01 5.006228568588116934e-01 3.724980734836175200e-01 0.000000000000000000e+00 3.702214159172090846e-01 5.104781231448448642e-01 2.943602650206476601e-01 4.589048206911436334e-01 3.352470666721152348e-01 0.000000000000000000e+00 3.708797025057081753e-01 0.000000000000000000e+00 3.848530341799786814e-01 5.121261253909658029e-01 4.541819130036553465e-01 0.000000000000000000e+00 0.000000000000000000e+00 4.726686776883544661e-01 4.163795372593342980e-01 0.000000000000000000e+00 0.000000000000000000e+00 0.000000000000000000e+00 0.000000000000000000e+00 0.000000000000000000e+00 3.901282370108057895e-01 4.476605421372165106e-01 4.223799192346148756e-01 4.961623413291026408e-01 4.241922658623136777e-01 0.000000000000000000e+00 0.000000000000000000e+00 5.248205038167939041e-01 4.739197712635201953e-01 0.000000000000000000e+00 0.000000000000000000e+00 0.000000000000000000e+00 0.000000000000000000e+00 0.000000000000000000e+00 0.000000000000000000e+00 5.278592556818182402e-01 0.000000000000000000e+00 0.000000000000000000e+00 0.000000000000000000e+00 0.000000000000000000e+00 4.584369164532887675e-01 4.879164394904458302e-01 4.373804952821215841e-01 0.000000000000000000e+00 0.000000000000000000e+00 0.000000000000000000e+00 4.609126734693878014e-01 5.017707249999999730e-01 4.197617683539990874e-01 0.000000000000000000e+00 4.609941517965489011e-01 4.925962251655628954e-01 4.436980445231775150e-01 0.000000000000000000e+00 4.376930765886550279e-01 0.000000000000000000e+00 4.514543912533152126e-01 5.116351116312056746e-01 4.688190629517192121e-01 0.000000000000000000e+00 5.293631894736842147e-01 4.795526609804044438e-01 3.724038853947938543e-01 4.831648519212379811e-01 4.130636297237972321e-01 0.000000000000000000e+00 3.702256500000000727e-01 4.657876862745098379e-01 4.194241672243548269e-01 0.000000000000000000e+00 4.346949916384180712e-01 0.000000000000000000e+00 4.388822259952892546e-01 0.000000000000000000e+00 0.000000000000000000e+00 0.000000000000000000e+00 4.695559279886483695e-01 0.000000000000000000e+00 4.335610909090909515e-01 0.000000000000000000e+00 4.809565362826700441e-01 0.000000000000000000e+00 0.000000000000000000e+00 0.000000000000000000e+00 0.000000000000000000e+00 0.000000000000000000e+00 4.585400897435897294e-01 0.000000000000000000e+00 0.000000000000000000e+00 0.000000000000000000e+00 0.000000000000000000e+00 0.000000000000000000e+00 0.000000000000000000e+00 0.000000000000000000e+00 0.000000000000000000e+00 0.000000000000000000e+00 0.000000000000000000e+00 0.000000000000000000e+00 0.000000000000000000e+00 0.000000000000000000e+00 0.000000000000000000e+00 0.000000000000000000e+00 0.000000000000000000e+00 0.000000000000000000e+00 0.000000000000000000e+00 0.000000000000000000e+00 0.000000000000000000e+00
3.933172705807080893e-01 0.000000000000000000e+00 3.742402072798692303e-01 4.552661284415522314e-01 3.429237006613098382e-01 4.638985053148216853e-01 2.910457061901889353e-01 4.456255645628150464e-01 2.310971554454824273e-01 4.859374824324324549e-01 3.109851102750038065e-01 4.589048206911436334e-01 2.489164283131877486e-01 4.440008038697635384e-01 2.239209764865756069e-01 4.342014102623455996e-01 3.834356669557264508e-01 0.000000000000000000e+00 4.286032498144136671e-01 4.904004432551603565e-01 0.000000000000000000e+00 0.000000000000000000e+00 3.824172733728670726e-01 4.484064125093880637e-01 3.721039670995670567e-01 4.703927666350212200e-01 3.737458824303637739e-01 0.000000000000000000e+00 3.548751469163945460e-01 4.822418486926888237e-01 3.581272368833381958e-01 4.400395863382818851e-01 4.022360549125939544e-01 4.772706775153379710e-01 0.000000000000000000e+00 0.000000000000000000e+00 4.781328265324147897e-01 0.000000000000000000e+00 0.000000000000000000e+00 0.000000000000000000e+00 4.347534825174824702e-01 0.000000000000000000e+00 0.000000000000000000e+00 0.000000000000000000e+00 4.544465981308410951e-01 0.000000000000000000e+00 0.000000000000000000e+00 0.000000000000000000e+00 4.730510550458716934e-01 0.000000000000000000e+00 4.388675198029097224e-01 0.000000000000000000e+00 4.372628367159566709e-01 0.000000000000000000e+00 4.206039594557189898e-01 0.000000000000000000e+00 4.090833600316814977e-01 0.000000000000000000e+00 4.553853070159501470e-01 5.100108571428570992e-01 4.268542182513047623e-01 0.000000000000000000e+00 4.090882212609038837e-01 0.000000000000000000e+00 4.501975709186477603e-01 0.000000000000000000e+00 4.501621205400447856e-01 0.000000000000000000e+00 4.181291723144933692e-01 0.000000000000000000e+00 3.264641067836051014e-01 4.730686132242279407e-01 3.758230411358143286e-01 4.324119065183175126e-01 0.000000000000000000e+00 4.389335750000000758e-01 3.905122765142678420e-01 4.520991995270642327e-01 3.869339436619717576e-01 0.000000000000000000e+00 3.997540069312908728e-01 0.000000000000000000e+00 4.233695694444443713e-01 0.000000000000000000e+00 4.295002460136889133e-01 0.000000000000000000e+00 0.000000000000000000e+00 0.000000000000000000e+00 4.341554993091366055e-01 0.000000000000000000e+00 4.160037593984962090e-01 0.000000000000000000e+00 4.366633083333333332e-01 0.000000000000000000e+00 4.259489747281142158e-01 0.000000000000000000e+00 0.000000000000000000e+00 0.000000000000000000e+00 0.000000000000000000e+00 0.000000000000000000e+00 0.000000000000000000e+00 0.000000000000000000e+00 0.000000000000000000e+00 0.000000000000000000e+00 0.000000000000000000e+00 0.000000000000000000e+00 0.000000000000000000e+00 0.000000000000000000e+00 0.000000000000000000e+00 0.000000000000000000e+00 0.000000000000000000e+00 0.000000000000000000e+00 0.000000000000000000e+00 0.000000000000000000e+00 0.000000000000000000e+00 0.000000000000000000e+00
