2.761649286976040618e-01 4.580047574965763202e-01 3.658255809445742912e-01 4.793215241800526938e-01 3.211228442078921108e-01 0.000000000000000000e+00 3.223828108416307292e-01 4.515168650252596172e-01 3.362192421843917534e-01 0.000000000000000000e+00 3.157476746101028353e-01 4.334377366748900506e-01 3.544576419071945317e-01 0.000000000000000000e+00 3.648741779441841415e-01 0.000000000000000000e+00 3.257359660930769230e-01 4.631715520421274546e-01 3.729448088456925881e-01 4.905087319108871746e-01 0.000000000000000000e+00 0.000000000000000000e+00 3.897576447197472760e-01 0.000000000000000000e+00 0.000000000000000000e+00 0.000000000000000000e+00 0.000000000000000000e+00 0.000000000000000000e+00 3.983702464566005741e-01 4.793267458967444550e-01 0.000000000000000000e+00 4.118928611111110083e-01 3.814165170571658381e-01 4.753298215188706544e-01 4.145751043402514657e-01 0.000000000000000000e+00 4.742016450732418065e-01 4.906649621546693707e-01 4.890856208791208859e-01 0.000000000000000000e+00 3.765969019607842694e-01 0.000000000000000000e+00 0.000000000000000000e+00 0.000000000000000000e+00 4.047154838722960557e-01 0.000000000000000000e+00 0.000000000000000000e+00 0.000000000000000000e+00 3.966906158208166056e-01 4.528510000000000035e-01 4.002573022266486813e-01 4.408896797600028172e-01 0.000000000000000000e+00 0.000000000000000000e+00 3.778713472222222647e-01 0.000000000000000000e+00 3.339588387022945914e-01 4.625975425540266306e-01 4.008004795577069235e-01 4.550074524725126190e-01 3.851112805587373344e-01 4.805260340286456877e-01 3.395897553425792914e-01 4.511533114771155151e-01 4.090977100999418914e-01 4.506010078124999541e-01 3.982866934689243132e-01 4.691473349824373806e-01 3.333587424882604178e-01 4.778954545127039322e-01 3.342812872014058745e-01 4.723356411318426762e-01 3.836421776047226340e-01 4.595032815531473469e-01 3.928942949946383489e-01 0.000000000000000000e+00 3.798671663110436691e-01 4.552844170119786926e-01 3.805669058217462930e-01 0.000000000000000000e+00 3.870472744512611363e-01 0.000000000000000000e+00 3.973434305555555990e-01 0.000000000000000000e+00 4.022672582410853348e-01 4.533169703703703868e-01 0.000000000000000000e+00 0.000000000000000000e+00 3.988190488075620821e-01 0.000000000000000000e+00 4.169022839897708055e-01 0.000000000000000000e+00 0.000000000000000000e+00 0.000000000000000000e+00 0.000000000000000000e+00 4.893208476744185798e-01 0.000000000000000000e+00 0.000000000000000000e+00 4.498502978587175516e-01 4.683600073529411434e-01 0.000000000000000000e+00 0.000000000000000000e+00 5.097002261904761689e-01 4.860410229657425307e-01 0.000000000000000000e+00 5.052962444444444312e-01 0.000000000000000000e+00 0.000000000000000000e+00 0.000000000000000000e+00 0.000000000000000000e+00 0.000000000000000000e+00 0.000000000000000000e+00 0.000000000000000000e+00 0.000000000000000000e+00 4.634562042253521641e-01 0.000000000000000000e+00
4.580047574965763202e-01 2.665149892395843878e-01 4.734641744248728745e-01 3.757314635755447663e-01 4.319617917293233078e-01 3.581841623919974626e-01 4.600582964268269959e-01 2.874934624484333789e-01 0.000000000000000000e+00 3.338862558668542757e-01 4.496366043532207257e-01 3.475144418198162777e-01 4.555248832818675764e-01 3.625789207651307633e-01 0.000000000000000000e+00 3.571598534259379232e-01 4.603655043376046474e-01 3.579602879222372191e-01 4.853864840421930893e-01 3.515760749667853347e-01 0.000000000000000000e+00 0.000000000000000000e+00 4.555165484869312387e-01 3.849038313078745333e-01 0.000000000000000000e+00 0.000000000000000000e+00 0.000000000000000000e+00 0.000000000000000000e+00 4.245090732147225876e-01 3.982527374257390229e-01 4.615854999999999819e-01 3.760421314265536274e-01 4.726871740658271093e-01 4.110948702942663346e-01 4.492202988152479981e-01 3.910550574712643446e-01 5.093868496345912433e-01 4.995633568160032234e-01 0.000000000000000000e+00 4.764564482758621433e-01 0.000000000000000000e+00 0.000000000000000000e+00 0.000000000000000000e+00 4.244027250000000362e-01 0.000000000000000000e+00 3.702930663289075164e-01 0.000000000000000000e+00 0.000000000000000000e+00 4.257359463087247997e-01 3.805578604755477934e-01 4.184119477611940030e-01 3.814796353986834032e-01 0.000000000000000000e+00 3.626645833635998017e-01 0.000000000000000000e+00 3.752480217576946719e-01 4.536554168436543466e-01 3.190461480135441952e-01 4.745822641189458291e-01 3.912495697411504936e-01 4.460577500000000306e-01 4.013501021357012699e-01 0.000000000000000000e+00 3.997210498929422706e-01 4.519064157925407610e-01 3.777247825119454117e-01 4.737691701872671635e-01 3.727277667428782748e-01 4.871972970800447222e-01 3.263398725819128821e-01 4.690163404552786797e-01 3.362828258211934540e-01 4.649977096645142582e-01 3.955905935406162088e-01 0.000000000000000000e+00 3.854038221145719145e-01 4.565851623044513419e-01 3.920977130252998322e-01 0.000000000000000000e+00 0.000000000000000000e+00 5.319242083333333149e-01 4.067696871362542765e-01 0.000000000000000000e+00 0.000000000000000000e+00 4.158427439560439809e-01 4.093332410427945045e-01 0.000000000000000000e+00 4.431195263157894915e-01 0.000000000000000000e+00 3.833497891321961393e-01 4.577834883720929837e-01 4.349960803870798198e-01 0.000000000000000000e+00 3.845838583333333616e-01 0.000000000000000000e+00 4.295250083878864311e-01 0.000000000000000000e+00 0.000000000000000000e+00 0.000000000000000000e+00 4.845802173703974702e-01 0.000000000000000000e+00 4.348822857142857212e-01 4.186606538461538074e-01 4.472988362142985563e-01 0.000000000000000000e+00 4.643782722243545158e-01 0.000000000000000000e+00 0.000000000000000000e+00 0.000000000000000000e+00 0.000000000000000000e+00 0.000000000000000000e+00 0.000000000000000000e+00 0.000000000000000000e+00 0.000000000000000000e+00 0.000000000000000000e+00 0.000000000000000000e+00
3.658255809445742912e-01 4.734641744248728745e-01 2.567632812372798723e-01 4.645456711322625831e-01 2.098546432334708056e-01 4.592882591688402516e-01 3.285833501303045967e-01 4.526232975540207537e-01 3.004327035633683196e-01 4.565580753672057179e-01 3.713357176257682801e-01 4.476811773701145358e-01 3.436204465632394789e-01 4.500515438602238905e-01 3.302011906240188699e-01 4.610702182470601818e-01 3.762745018030902999e-01 4.615323766040639319e-01 2.915817337206453863e-01 4.962653017750380813e-01 0.000000000000000000e+00 0.000000000000000000e+00 2.614482047847851987e-01 4.563906879202704325e-01 2.338053446488628506e-01 4.618737885103353924e-01 3.171817252951372734e-01 0.000000000000000000e+00 3.412187563547309233e-01 4.692556529001776222e-01 3.852512578108607810e-01 4.522390189127254989e-01 4.064011096628004638e-01 4.803311473321847935e-01 4.583532031660344508e-01 0.000000000000000000e+00 4.284252824102618984e-01 5.196889016866933497e-01 0.000000000000000000e+00 0.000000000000000000e+00 3.496031373360939387e-01 0.000000000000000000e+00 4.496671860368389728e-01 0.000000000000000000e+00 4.029516278184747669e-01 0.000000000000000000e+00 4.519416016406068715e-01 0.000000000000000000e+00 3.771857647760565868e-01 0.000000000000000000e+00 3.591513887475476507e-01 3.772098809523809493e-01 0.000000000000000000e+00 0.000000000000000000e+00 0.000000000000000000e+00 0.000000000000000000e+00 3.938629318428573112e-01 4.680823850524475360e-01 4.063806974096643709e-01 4.549542591769157873e-01 3.680542074687487286e-01 0.000000000000000000e+00 3.809734069250380051e-01 0.000000000000000000e+00 3.676428896398263868e-01 4.191309601622137393e-01 4.100139792939357930e-01 0.000000000000000000e+00 3.300939738335072482e-01 0.000000000000000000e+00 3.642370172426863117e-01 4.440125096402492422e-01 3.722159871257362251e-01 4.639473090016629775e-01 3.638717816295234941e-01 4.891145346534654381e-01 3.943553256543070873e-01 4.647441730304036622e-01 0.000000000000000000e+00 0.000000000000000000e+00 3.617657713806984310e-01 4.317654885496183259e-01 4.010244265391097462e-01 0.000000000000000000e+00 3.908287324892464887e-01 4.557905329006434192e-01 4.023457849041239265e-01 0.000000000000000000e+00 3.978261236870929141e-01 0.000000000000000000e+00 4.231210418978911814e-01 4.603148494532596224e-01 4.714393237410072213e-01 0.000000000000000000e+00 0.000000000000000000e+00 4.687713662438209306e-01 4.395238155339806219e-01 0.000000000000000000e+00 4.234539383657389688e-01 0.000000000000000000e+00 0.000000000000000000e+00 0.000000000000000000e+00 0.000000000000000000e+00 4.518285223880597057e-01 0.000000000000000000e+00 4.800067138487680296e-01 0.000000000000000000e+00 0.000000000000000000e+00 0.000000000000000000e+00 0.000000000000000000e+00 0.000000000000000000e+00 0.000000000000000000e+00 0.000000000000000000e+00 0.000000000000000000e+00 4.224898571428570837e-01 0.000000000000000000e+00
4.793215241800526938e-01 3.757314635755447663e-01 4.645456711322625831e-01 2.522353162485735933e-01 4.603304851898711303e-01 2.552456706184044188e-01 4.532696602563304755e-01 3.182897164012461477e-01 4.670642743792301488e-01 3.256203440636906143e-01 4.514656856790923989e-01 3.673384197984282395e-01 4.466681769871000407e-01 3.447691190240436687e-01 4.542009868675003226e-01 3.281905958166115855e-01 4.522875811906391097e-01 3.829580477321187781e-01 4.874434721714721030e-01 3.007297051157123979e-01 0.000000000000000000e+00 0.000000000000000000e+00 4.555671300024056181e-01 2.601573512271845856e-01 4.618910583235878442e-01 2.360814280869094339e-01 4.606125835435673777e-01 3.561202284633211979e-01 4.530558703274936150e-01 3.621509954516369811e-01 4.125660781804681432e-01 3.217924351969863594e-01 4.853198640078079107e-01 3.636643254012895676e-01 4.161858560733187051e-01 3.965247806579682566e-01 4.914187840560321208e-01 4.437459279368898279e-01 0.000000000000000000e+00 4.067288296017822491e-01 0.000000000000000000e+00 0.000000000000000000e+00 0.000000000000000000e+00 0.000000000000000000e+00 0.000000000000000000e+00 3.872911913616686186e-01 0.000000000000000000e+00 4.345951546224960937e-01 0.000000000000000000e+00 4.013160870029399696e-01 4.601837257142856741e-01 3.730401335596475465e-01 0.000000000000000000e+00 0.000000000000000000e+00 0.000000000000000000e+00 4.468469696969696869e-01 4.431746691176470243e-01 3.886434106317100401e-01 4.749771067415731185e-01 4.248080570911647591e-01 4.770533909572082232e-01 4.076033079800582271e-01 0.000000000000000000e+00 3.961318678976692431e-01 0.000000000000000000e+00 3.683663942921485690e-01 4.658506029280322647e-01 4.144303863232609020e-01 5.551501529411764224e-01 4.055159561065586060e-01 4.710439088765652205e-01 3.674145592475406841e-01 4.660215349357936243e-01 3.757565679962462379e-01 4.487733306451613391e-01 3.642028551280817039e-01 4.582048356864612537e-01 3.997718937497075631e-01 0.000000000000000000e+00 0.000000000000000000e+00 0.000000000000000000e+00 3.782895690069412176e-01 0.000000000000000000e+00 0.000000000000000000e+00 4.292774911242603908e-01 3.932234537135781971e-01 0.000000000000000000e+00 0.000000000000000000e+00 0.000000000000000000e+00 3.720704877315516579e-01 0.000000000000000000e+00 4.525069427676134404e-01 0.000000000000000000e+00 4.286774779411764436e-01 0.000000000000000000e+00 4.310810779748650012e-01 0.000000000000000000e+00 4.326182654867256616e-01 0.000000000000000000e+00 4.136161144871171036e-01 0.000000000000000000e+00 0.000000000000000000e+00 0.000000000000000000e+00 4.233814820737259454e-01 0.000000000000000000e+00 4.532162713706349710e-01 0.000000000000000000e+00 0.000000000000000000e+00 0.000000000000000000e+00 0.000000000000000000e+00 0.000000000000000000e+00 0.000000000000000000e+00 0.000000000000000000e+00 0.000000000000000000e+00 0.000000000000000000e+00 0.000000000000000000e+00
3.211228442078921108e-01 4.319617917293233078e-01 2.098546432334708056e-01 4.603304851898711303e-01 2.275840613100402754e-01 4.724829006797978681e-01 2.942806576830129806e-01 4.572686606108831708e-01 2.396708097427165673e-01 4.784926038292651729e-01 3.397279326461421500e-01 0.000000000000000000e+00 3.282333019486898262e-01 4.253807775475924036e-01 3.049540930021745200e-01 4.493527900918564133e-01 0.000000000000000000e+00 0.000000000000000000e+00 3.672684747783203085e-01 4.136243630913045144e-01 3.481598458182855182e-01 0.000000000000000000e+00 3.195296629183186909e-01 4.708081271320246342e-01 1.824706926372867133e-01 4.831673037520589076e-01 3.022704668583911514e-01 4.782533375706214396e-01 3.346265429446107498e-01 0.000000000000000000e+00 4.256579637498609237e-01 4.548983278657363072e-01 0.000000000000000000e+00 4.107922985074626276e-01 0.000000000000000000e+00 0.000000000000000000e+00 0.000000000000000000e+00 0.000000000000000000e+00 0.000000000000000000e+00 0.000000000000000000e+00 3.269810865751334727e-01 0.000000000000000000e+00 0.000000000000000000e+00 0.000000000000000000e+00 0.000000000000000000e+00 0.000000000000000000e+00 0.000000000000000000e+00 0.000000000000000000e+00 0.000000000000000000e+00 0.000000000000000000e+00 3.888765412945582867e-01 0.000000000000000000e+00 0.000000000000000000e+00 0.000000000000000000e+00 0.000000000000000000e+00 0.000000000000000000e+00 3.732092897196262471e-01 0.000000000000000000e+00 3.628747538246350768e-01 0.000000000000000000e+00 3.807760274688893887e-01 0.000000000000000000e+00 3.671593860524403063e-01 0.000000000000000000e+00 3.639492708510319585e-01 0.000000000000000000e+00 3.923003454787233890e-01 0.000000000000000000e+00 0.000000000000000000e+00 0.000000000000000000e+00 3.467963804258196170e-01 4.934730379827533819e-01 3.634281024631915713e-01 0.000000000000000000e+00 3.361904230508735436e-01 0.000000000000000000e+00 3.774956944384981750e-01 0.000000000000000000e+00 0.000000000000000000e+00 0.000000000000000000e+00 3.366887729304487431e-01 0.000000000000000000e+00 3.816162545454545030e-01 0.000000000000000000e+00 3.976584884326981317e-01 0.000000000000000000e+00 3.957126504453400972e-01 0.000000000000000000e+00 3.968125053842518901e-01 0.000000000000000000e+00 4.008590919031053135e-01 4.498779110294117700e-01 0.000000000000000000e+00 0.000000000000000000e+00 0.000000000000000000e+00 0.000000000000000000e+00 0.000000000000000000e+00 0.000000000000000000e+00 0.000000000000000000e+00 0.000000000000000000e+00 0.000000000000000000e+00 0.000000000000000000e+00 0.000000000000000000e+00 0.000000000000000000e+00 0.000000000000000000e+00 4.445370370370370083e-01 0.000000000000000000e+00 0.000000000000000000e+00 0.000000000000000000e+00 0.000000000000000000e+00 0.000000000000000000e+00 0.000000000000000000e+00 0.000000000000000000e+00 0.000000000000000000e+00 0.000000000000000000e+00 0.000000000000000000e+00
0.000000000000000000e+00 3.581841623919974626e-01 4.592882591688402516e-01 2.552456706184044188e-01 4.724829006797978681e-01 2.018549999190991096e-01 4.423825797101448853e-01 2.900187959032078377e-01 4.245057546076823618e-01 2.472214458318751640e-01 0.000000000000000000e+00 3.164407148033125949e-01 0.000000000000000000e+00 3.003269040661282752e-01 0.000000000000000000e+00 2.826857007624786200e-01 0.000000000000000000e+00 3.647855884615384126e-01 0.000000000000000000e+00 4.231792116788320457e-01 4.870598912115345902e-01 3.927666528218489161e-01 4.630414565262417348e-01 2.470687343436155092e-01 4.734862473113981562e-01 1.776640870389750437e-01 4.786030204818692013e-01 2.415397321790056506e-01 0.000000000000000000e+00 3.609931260749562054e-01 4.265245427707862746e-01 3.833810335358482924e-01 0.000000000000000000e+00 4.070792760950605604e-01 0.000000000000000000e+00 0.000000000000000000e+00 0.000000000000000000e+00 3.996765081954455345e-01 0.000000000000000000e+00 0.000000000000000000e+00 0.000000000000000000e+00 3.801042142857142814e-01 0.000000000000000000e+00 0.000000000000000000e+00 0.000000000000000000e+00 4.174034709677419963e-01 0.000000000000000000e+00 0.000000000000000000e+00 0.000000000000000000e+00 4.720057898089171644e-01 0.000000000000000000e+00 4.720819014870739627e-01 0.000000000000000000e+00 0.000000000000000000e+00 0.000000000000000000e+00 4.588438407079646342e-01 0.000000000000000000e+00 3.453294822580644796e-01 0.000000000000000000e+00 3.938338731343283827e-01 0.000000000000000000e+00 0.000000000000000000e+00 0.000000000000000000e+00 0.000000000000000000e+00 0.000000000000000000e+00 3.183376642857143057e-01 5.328266012658229300e-01 3.961399305555555750e-01 0.000000000000000000e+00 0.000000000000000000e+00 4.992427061061571192e-01 3.594211572033072510e-01 4.321924082015810020e-01 3.571868634767780271e-01 2.503811400000000575e-01 3.223944115248129072e-01 0.000000000000000000e+00 3.769885310399921918e-01 0.000000000000000000e+00 0.000000000000000000e+00 0.000000000000000000e+00 3.944705517241379189e-01 0.000000000000000000e+00 0.000000000000000000e+00 0.000000000000000000e+00 4.238631843408500188e-01 0.000000000000000000e+00 0.000000000000000000e+00 0.000000000000000000e+00 4.269662790194238000e-01 0.000000000000000000e+00 0.000000000000000000e+00 0.000000000000000000e+00 0.000000000000000000e+00 0.000000000000000000e+00 0.000000000000000000e+00 0.000000000000000000e+00 0.000000000000000000e+00 0.000000000000000000e+00 0.000000000000000000e+00 0.000000000000000000e+00 0.000000000000000000e+00 0.000000000000000000e+00 0.000000000000000000e+00 0.000000000000000000e+00 0.000000000000000000e+00 0.000000000000000000e+00 0.000000000000000000e+00 0.000000000000000000e+00 0.000000000000000000e+00 0.000000000000000000e+00 0.000000000000000000e+00 0.000000000000000000e+00 0.000000000000000000e+00 0.000000000000000000e+00 0.000000000000000000e+00
3.223828108416307292e-01 4.600582964268269959e-01 3.285833501303045967e-01 4.532696602563304755e-01 2.942806576830129806e-01 4.423825797101448853e-01 2.632816679311392738e-01 4.450572742959405526e-01 3.182562642622265292e-01 4.319805276569123609e-01 3.340356517135282810e-01 4.423109763752607337e-01 3.164532644716704368e-01 4.364777021057301698e-01 3.153356578702573576e-01 4.415710099064480976e-01 3.679627436208951496e-01 4.542922708721684466e-01 3.754072080112491050e-01 4.652469784770733585e-01 0.000000000000000000e+00 0.000000000000000000e+00 3.511896169072573626e-01 4.443599567317633170e-01 3.065290829573398823e-01 0.000000000000000000e+00 0.000000000000000000e+00 0.000000000000000000e+00 3.520873598191846532e-01 4.362917623775374731e-01 3.452798525397262619e-01 4.460071083894524557e-01 3.692032624918928918e-01 4.589155380455567923e-01 4.145103535607940759e-01 0.000000000000000000e+00 4.164239035305574710e-01 4.722107117117116948e-01 0.000000000000000000e+00 0.000000000000000000e+00 0.000000000000000000e+00 0.000000000000000000e+00 3.558565258620688954e-01 4.399367891891892146e-01 3.721490050045783149e-01 0.000000000000000000e+00 0.000000000000000000e+00 0.000000000000000000e+00 3.649574551446003734e-01 4.608546905650847125e-01 3.685893440458327119e-01 4.143819046716014642e-01 0.000000000000000000e+00 0.000000000000000000e+00 3.643041504015769316e-01 0.000000000000000000e+00 3.865531730441978953e-01 4.515862647058823676e-01 3.793264837129369238e-01 4.687725277984043371e-01 3.802161238032535917e-01 0.000000000000000000e+00 3.571736021420581220e-01 4.474855757098544773e-01 3.760648741728027100e-01 4.125508298167799293e-01 3.864866578602941805e-01 0.000000000000000000e+00 4.014118634317302980e-01 0.000000000000000000e+00 3.295024939970041533e-01 4.501007977789835413e-01 3.547104113899038347e-01 4.550453648619024460e-01 3.301930597850536997e-01 4.365718501242750738e-01 3.705722233233223473e-01 4.517131938461136365e-01 0.000000000000000000e+00 0.000000000000000000e+00 3.690979618375452853e-01 4.041454226804123695e-01 3.929646521057347242e-01 0.000000000000000000e+00 3.777491378492579543e-01 0.000000000000000000e+00 3.804731395671367977e-01 0.000000000000000000e+00 3.775439522711149798e-01 0.000000000000000000e+00 3.922697654320987937e-01 3.830914615384615196e-01 0.000000000000000000e+00 0.000000000000000000e+00 0.000000000000000000e+00 4.715525984848485397e-01 0.000000000000000000e+00 0.000000000000000000e+00 0.000000000000000000e+00 0.000000000000000000e+00 0.000000000000000000e+00 0.000000000000000000e+00 0.000000000000000000e+00 4.378193203125000377e-01 0.000000000000000000e+00 4.315686407766990418e-01 0.000000000000000000e+00 0.000000000000000000e+00 0.000000000000000000e+00 0.000000000000000000e+00 4.710693076923076483e-01 0.000000000000000000e+00 0.000000000000000000e+00 0.000000000000000000e+00 0.000000000000000000e+00 0.000000000000000000e+00
4.515168650252596172e-01 2.874934624484333789e-01 4.526232975540207537e-01 3.182897164012461477e-01 4.572686606108831708e-01 2.900187959032078377e-01 4.450572742959405526e-01 2.545255697149209628e-01 4.400848024825920746e-01 2.975159801168389961e-01 4.374792016465380295e-01 2.771697485209411171e-01 4.462185932356823592e-01 2.625521601158171681e-01 4.482451853250793428e-01 3.114217856454442601e-01 4.435559856075742546e-01 3.701201534404349180e-01 4.668164042086725973e-01 3.809923641702122610e-01 0.000000000000000000e+00 0.000000000000000000e+00 4.544022063498328046e-01 3.452442649504814942e-01 4.743978067528583642e-01 0.000000000000000000e+00 0.000000000000000000e+00 0.000000000000000000e+00 4.551349401265364358e-01 3.297755897051921070e-01 4.296990084597639981e-01 3.519535434432177201e-01 4.546809384930222686e-01 3.559215413167469144e-01 0.000000000000000000e+00 3.959754684523809631e-01 0.000000000000000000e+00 4.275547082768538787e-01 0.000000000000000000e+00 0.000000000000000000e+00 0.000000000000000000e+00 0.000000000000000000e+00 0.000000000000000000e+00 3.548756461266803219e-01 0.000000000000000000e+00 3.690445579564114453e-01 0.000000000000000000e+00 0.000000000000000000e+00 4.069339345238095484e-01 3.506564098732686818e-01 4.305439949101157460e-01 3.462058870533363253e-01 0.000000000000000000e+00 3.546197704559732600e-01 0.000000000000000000e+00 3.632161593665074184e-01 4.430129389562976194e-01 3.614003243134500942e-01 0.000000000000000000e+00 3.950803550434502931e-01 4.357092152484645653e-01 3.782471252557997321e-01 4.533142836800134745e-01 3.662127106320691161e-01 0.000000000000000000e+00 3.534189571894501558e-01 4.395340944258369631e-01 3.932465175650476930e-01 0.000000000000000000e+00 4.050054221978022229e-01 4.382884982697854426e-01 3.145095502834898693e-01 4.415068958465790949e-01 3.563557118503856702e-01 4.360057833082228163e-01 3.595273284195341645e-01 4.436007088365890860e-01 3.777254361313701625e-01 0.000000000000000000e+00 0.000000000000000000e+00 0.000000000000000000e+00 3.707347701960502229e-01 0.000000000000000000e+00 0.000000000000000000e+00 4.271281934464844499e-01 3.662802454955714215e-01 0.000000000000000000e+00 0.000000000000000000e+00 0.000000000000000000e+00 3.709957036880953130e-01 4.034347410071942863e-01 3.830715769230769729e-01 0.000000000000000000e+00 3.987823333333333498e-01 0.000000000000000000e+00 4.430188297872339476e-01 0.000000000000000000e+00 0.000000000000000000e+00 0.000000000000000000e+00 0.000000000000000000e+00 0.000000000000000000e+00 0.000000000000000000e+00 0.000000000000000000e+00 0.000000000000000000e+00 0.000000000000000000e+00 4.857909357798165795e-01 0.000000000000000000e+00 0.000000000000000000e+00 0.000000000000000000e+00 0.000000000000000000e+00 0.000000000000000000e+00 0.000000000000000000e+00 0.000000000000000000e+00 0.000000000000000000e+00 0.000000000000000000e+00 0.000000000000000000e+00
3.362192421843917534e-01 0.000000000000000000e+00 3.004327035633683196e-01 4.670642743792301488e-01 2.396708097427165673e-01 4.245057546076823618e-01 3.182562642622265292e-01 4.400848024825920746e-01 2.094271747676522688e-01 4.707424259740259909e-01 3.506369200555221055e-01 3.837958849557522312e-01 2.787312248090322298e-01 4.610285507740477517e-01 2.845595821863295405e-01 0.000000000000000000e+00 3.570969314889336221e-01 0.000000000000000000e+00 3.854385268094686068e-01 0.000000000000000000e+00 3.447277105263158448e-01 0.000000000000000000e+00 3.434005280525382342e-01 4.449598507956797899e-01 3.161448160615729641e-01 5.322975555555555793e-01 2.806323019585252876e-01 4.896901323529412875e-01 3.408271926735172430e-01 0.000000000000000000e+00 3.572012969790646641e-01 4.431060726448844966e-01 3.687665495495496826e-01 0.000000000000000000e+00 0.000000000000000000e+00 0.000000000000000000e+00 0.000000000000000000e+00 0.000000000000000000e+00 0.000000000000000000e+00 0.000000000000000000e+00 3.428028196721311649e-01 0.000000000000000000e+00 4.400779544191919523e-01 0.000000000000000000e+00 0.000000000000000000e+00 0.000000000000000000e+00 4.572622112676055783e-01 0.000000000000000000e+00 0.000000000000000000e+00 0.000000000000000000e+00 4.102274166049746373e-01 0.000000000000000000e+00 0.000000000000000000e+00 0.000000000000000000e+00 0.000000000000000000e+00 0.000000000000000000e+00 3.844896786137668721e-01 0.000000000000000000e+00 3.888819999999999499e-01 0.000000000000000000e+00 3.962355244092314321e-01 0.000000000000000000e+00 3.927723636363636417e-01 0.000000000000000000e+00 4.020366441642280186e-01 0.000000000000000000e+00 0.000000000000000000e+00 0.000000000000000000e+00 0.000000000000000000e+00 0.000000000000000000e+00 3.284708019415708002e-01 0.000000000000000000e+00 3.644745207561860822e-01 4.939415955762831989e-01 3.344033333144972309e-01 0.000000000000000000e+00 3.616124826339437437e-01 4.274119586894586931e-01 0.000000000000000000e+00 0.000000000000000000e+00 3.606250100081284105e-01 0.000000000000000000e+00 0.000000000000000000e+00 0.000000000000000000e+00 3.967840506085192342e-01 0.000000000000000000e+00 3.941148407349315819e-01 0.000000000000000000e+00 4.147725962136766253e-01 0.000000000000000000e+00 0.000000000000000000e+00 0.000000000000000000e+00 0.000000000000000000e+00 0.000000000000000000e+00 0.000000000000000000e+00 0.000000000000000000e+00 0.000000000000000000e+00 0.000000000000000000e+00 4.061485039370079653e-01 0.000000000000000000e+00 0.000000000000000000e+00 0.000000000000000000e+00 0.000000000000000000e+00 0.000000000000000000e+00 0.000000000000000000e+00 0.000000000000000000e+00 0.000000000000000000e+00 0.000000000000000000e+00 0.000000000000000000e+00 0.000000000000000000e+00 0.000000000000000000e+00 0.000000000000000000e+00 0.000000000000000000e+00 0.000000000000000000e+00 0.000000000000000000e+00 0.000000000000000000e+00
0.000000000000000000e+00 3.338862558668542757e-01 4.565580753672057179e-01 3.256203440636906143e-01 4.784926038292651729e-01 2.472214458318751640e-01 4.319805276569123609e-01 2.975159801168389961e-01 4.707424259740259909e-01 2.373316147892931272e-01 0.000000000000000000e+00 3.275453151377034633e-01 4.320798453608247214e-01 3.117190813732196308e-01 4.516539349574120177e-01 2.804515823654397111e-01 0.000000000000000000e+00 0.000000000000000000e+00 3.779164098360656143e-01 3.723501598528065615e-01 0.000000000000000000e+00 0.000000000000000000e+00 4.615507869958656029e-01 3.267541451612902548e-01 4.775226472549019552e-01 2.642084768904440772e-01 4.805586034025290942e-01 0.000000000000000000e+00 0.000000000000000000e+00 3.575881523206933532e-01 4.107809239563391945e-01 3.375279999999999947e-01 0.000000000000000000e+00 0.000000000000000000e+00 0.000000000000000000e+00 0.000000000000000000e+00 0.000000000000000000e+00 4.390433061173533158e-01 0.000000000000000000e+00 0.000000000000000000e+00 0.000000000000000000e+00 0.000000000000000000e+00 0.000000000000000000e+00 0.000000000000000000e+00 0.000000000000000000e+00 0.000000000000000000e+00 0.000000000000000000e+00 4.484130364647708755e-01 0.000000000000000000e+00 0.000000000000000000e+00 0.000000000000000000e+00 3.248658022365540909e-01 0.000000000000000000e+00 0.000000000000000000e+00 0.000000000000000000e+00 4.486489129901960471e-01 0.000000000000000000e+00 3.974941587521767516e-01 0.000000000000000000e+00 0.000000000000000000e+00 0.000000000000000000e+00 4.037133366336633777e-01 0.000000000000000000e+00 4.188560793650794034e-01 0.000000000000000000e+00 2.954818658029807477e-01 0.000000000000000000e+00 0.000000000000000000e+00 0.000000000000000000e+00 0.000000000000000000e+00 0.000000000000000000e+00 3.437379740085888535e-01 4.273986514887866406e-01 3.737933605923303149e-01 0.000000000000000000e+00 3.390775784376074409e-01 0.000000000000000000e+00 3.956111467353949362e-01 0.000000000000000000e+00 0.000000000000000000e+00 0.000000000000000000e+00 3.820388244377467823e-01 0.000000000000000000e+00 0.000000000000000000e+00 0.000000000000000000e+00 3.674742235846072957e-01 0.000000000000000000e+00 3.631312168674698526e-01 0.000000000000000000e+00 3.917639682717671268e-01 0.000000000000000000e+00 0.000000000000000000e+00 0.000000000000000000e+00 0.000000000000000000e+00 0.000000000000000000e+00 0.000000000000000000e+00 0.000000000000000000e+00 0.000000000000000000e+00 0.000000000000000000e+00 0.000000000000000000e+00 0.000000000000000000e+00 0.000000000000000000e+00 0.000000000000000000e+00 0.000000000000000000e+00 0.000000000000000000e+00 0.000000000000000000e+00 0.000000000000000000e+00 0.000000000000000000e+00 0.000000000000000000e+00 0.000000000000000000e+00 0.000000000000000000e+00 0.000000000000000000e+00 0.000000000000000000e+00 0.000000000000000000e+00 0.000000000000000000e+00 0.000000000000000000e+00
3.157476746101028353e-01 4.496366043532207257e-01 3.713357176257682801e-01 4.514656856790923989e-01 3.397279326461421500e-01 0.000000000000000000e+00 3.340356517135282810e-01 4.374792016465380295e-01 3.506369200555221055e-01 0.000000000000000000e+00 2.967512737435484271e-01 4.425163187991864588e-01 3.253865122560223311e-01 4.242194450215517332e-01 3.655165065542911873e-01 0.000000000000000000e+00 3.282580503514048176e-01 4.376645903162161844e-01 3.888694332567816936e-01 4.560083302027497787e-01 0.000000000000000000e+00 0.000000000000000000e+00 3.768551825639612218e-01 4.403349418241006008e-01 3.347477777777778107e-01 4.476258369565218054e-01 0.000000000000000000e+00 0.000000000000000000e+00 3.398154027378622599e-01 4.372803548901229576e-01 3.724962200590895001e-01 0.000000000000000000e+00 3.783290384553993357e-01 4.529159076368666215e-01 4.398584784094468070e-01 4.783051294964029143e-01 4.640335868394308005e-01 0.000000000000000000e+00 0.000000000000000000e+00 0.000000000000000000e+00 0.000000000000000000e+00 0.000000000000000000e+00 0.000000000000000000e+00 0.000000000000000000e+00 4.053940839160838916e-01 0.000000000000000000e+00 0.000000000000000000e+00 0.000000000000000000e+00 3.869412829798339337e-01 0.000000000000000000e+00 3.953073794871488911e-01 3.814666944444444763e-01 0.000000000000000000e+00 0.000000000000000000e+00 3.876173012499999904e-01 0.000000000000000000e+00 3.702908252743536410e-01 0.000000000000000000e+00 3.964947446956166299e-01 0.000000000000000000e+00 3.937236674261141434e-01 4.967275103448276496e-01 3.798543724867206595e-01 0.000000000000000000e+00 4.101027855996116078e-01 0.000000000000000000e+00 4.095878182795811839e-01 5.110685210084032759e-01 3.887876917197355953e-01 0.000000000000000000e+00 3.352958377835015824e-01 0.000000000000000000e+00 3.605087178972076756e-01 4.495536247087991155e-01 0.000000000000000000e+00 0.000000000000000000e+00 3.809624837313826951e-01 4.502050204283843393e-01 0.000000000000000000e+00 0.000000000000000000e+00 3.950869998914897097e-01 0.000000000000000000e+00 0.000000000000000000e+00 0.000000000000000000e+00 3.879912802903754399e-01 0.000000000000000000e+00 3.741224012738853522e-01 0.000000000000000000e+00 3.841750039255887317e-01 4.110110591397849733e-01 4.487220935251798881e-01 0.000000000000000000e+00 0.000000000000000000e+00 0.000000000000000000e+00 0.000000000000000000e+00 0.000000000000000000e+00 0.000000000000000000e+00 0.000000000000000000e+00 0.000000000000000000e+00 0.000000000000000000e+00 0.000000000000000000e+00 0.000000000000000000e+00 0.000000000000000000e+00 0.000000000000000000e+00 0.000000000000000000e+00 0.000000000000000000e+00 0.000000000000000000e+00 0.000000000000000000e+00 0.000000000000000000e+00 0.000000000000000000e+00 0.000000000000000000e+00 0.000000000000000000e+00 0.000000000000000000e+00 0.000000000000000000e+00 0.000000000000000000e+00 0.000000000000000000e+00
4.334377366748900506e-01 3.475144418198162777e-01 4.476811773701145358e-01 3.673384197984282395e-01 0.000000000000000000e+00 3.164407148033125949e-01 4.423109763752607337e-01 2.771697485209411171e-01 3.837958849557522312e-01 3.275453151377034633e-01 4.425163187991864588e-01 2.751401902245234621e-01 4.406671001955753675e-01 2.991780483531351065e-01 0.000000000000000000e+00 3.562759327896141137e-01 4.496376515308271871e-01 3.048434119611579396e-01 4.594237621103803848e-01 3.904567003848941065e-01 0.000000000000000000e+00 0.000000000000000000e+00 4.523088682424119544e-01 3.700004163222818110e-01 0.000000000000000000e+00 3.356452172481895757e-01 0.000000000000000000e+00 0.000000000000000000e+00 4.327283715330988989e-01 3.413619523478175211e-01 4.445779929808401087e-01 3.567221546927866749e-01 4.577476765028885008e-01 3.738072797488912746e-01 4.546339938650305612e-01 4.192771151785714689e-01 0.000000000000000000e+00 4.478325778762397014e-01 0.000000000000000000e+00 4.830838382352940497e-01 0.000000000000000000e+00 0.000000000000000000e+00 0.000000000000000000e+00 0.000000000000000000e+00 0.000000000000000000e+00 0.000000000000000000e+00 0.000000000000000000e+00 0.000000000000000000e+00 0.000000000000000000e+00 3.808473423320487550e-01 3.957576524390244432e-01 3.648054978195062192e-01 0.000000000000000000e+00 4.150117767857142703e-01 0.000000000000000000e+00 3.848994868068744135e-01 4.573581171874999685e-01 3.939946918552112431e-01 4.781697266187050488e-01 4.232682066928600828e-01 4.364288248484848864e-01 4.206503736824224182e-01 0.000000000000000000e+00 4.108951277669746771e-01 0.000000000000000000e+00 3.929367403251914914e-01 0.000000000000000000e+00 4.004906422369729491e-01 0.000000000000000000e+00 3.830072190804003629e-01 4.571375882794294632e-01 3.371578492753735112e-01 4.497035641149059182e-01 3.739581257317536322e-01 0.000000000000000000e+00 4.002941082358675295e-01 4.397616804432761262e-01 3.807651321487492968e-01 0.000000000000000000e+00 0.000000000000000000e+00 0.000000000000000000e+00 4.004363191408788492e-01 0.000000000000000000e+00 0.000000000000000000e+00 4.368646277777777920e-01 4.032081890067360508e-01 0.000000000000000000e+00 0.000000000000000000e+00 0.000000000000000000e+00 4.062268505816438724e-01 0.000000000000000000e+00 0.000000000000000000e+00 0.000000000000000000e+00 0.000000000000000000e+00 0.000000000000000000e+00 0.000000000000000000e+00 0.000000000000000000e+00 0.000000000000000000e+00 0.000000000000000000e+00 0.000000000000000000e+00 0.000000000000000000e+00 0.000000000000000000e+00 0.000000000000000000e+00 0.000000000000000000e+00 0.000000000000000000e+00 0.000000000000000000e+00 0.000000000000000000e+00 0.000000000000000000e+00 0.000000000000000000e+00 0.000000000000000000e+00 0.000000000000000000e+00 0.000000000000000000e+00 0.000000000000000000e+00 0.000000000000000000e+00 0.000000000000000000e+00 0.000000000000000000e+00
3.544576419071945317e-01 4.555248832818675764e-01 3.436204465632394789e-01 4.466681769871000407e-01 3.282333019486898262e-01 0.000000000000000000e+00 3.164532644716704368e-01 4.462185932356823592e-01 2.787312248090322298e-01 4.320798453608247214e-01 3.253865122560223311e-01 4.406671001955753675e-01 2.571667127716801282e-01 4.393152422985704408e-01 2.835811463370138674e-01 4.097726530514222421e-01 3.516086892766076000e-01 4.425965533980582567e-01 3.816447982698880081e-01 4.431466086039969055e-01 0.000000000000000000e+00 0.000000000000000000e+00 3.600352146945864362e-01 4.379083399525254272e-01 3.363115725517890620e-01 0.000000000000000000e+00 0.000000000000000000e+00 0.000000000000000000e+00 3.148956938355602087e-01 4.464913042541000521e-01 3.555237462404470805e-01 4.437831760184015040e-01 3.702383646828728003e-01 4.523564755742321974e-01 0.000000000000000000e+00 0.000000000000000000e+00 4.408552871193747724e-01 0.000000000000000000e+00 0.000000000000000000e+00 0.000000000000000000e+00 0.000000000000000000e+00 0.000000000000000000e+00 0.000000000000000000e+00 0.000000000000000000e+00 3.547048692307692153e-01 0.000000000000000000e+00 0.000000000000000000e+00 0.000000000000000000e+00 3.556022328987945014e-01 0.000000000000000000e+00 4.085187103427797006e-01 0.000000000000000000e+00 0.000000000000000000e+00 0.000000000000000000e+00 0.000000000000000000e+00 0.000000000000000000e+00 3.718024818462993264e-01 0.000000000000000000e+00 4.011029943016027333e-01 0.000000000000000000e+00 4.000566947608595880e-01 0.000000000000000000e+00 3.852409072052004890e-01 4.326819864864864806e-01 4.121257962218190518e-01 0.000000000000000000e+00 3.988831960048053737e-01 0.000000000000000000e+00 3.821208656410440274e-01 4.196555503875969428e-01 3.276569722915563254e-01 4.492822884440813569e-01 3.790374295720771447e-01 4.497293651782263701e-01 3.677460191445028337e-01 4.659892921348314787e-01 3.794539708906612963e-01 4.470793482245957184e-01 0.000000000000000000e+00 0.000000000000000000e+00 3.708657214019172588e-01 0.000000000000000000e+00 0.000000000000000000e+00 0.000000000000000000e+00 3.972356735114819792e-01 0.000000000000000000e+00 3.984013707865168841e-01 0.000000000000000000e+00 4.021422274958418863e-01 0.000000000000000000e+00 4.268882499999999691e-01 4.536963911413789408e-01 0.000000000000000000e+00 0.000000000000000000e+00 0.000000000000000000e+00 0.000000000000000000e+00 0.000000000000000000e+00 4.345511842105262978e-01 0.000000000000000000e+00 0.000000000000000000e+00 0.000000000000000000e+00 0.000000000000000000e+00 0.000000000000000000e+00 0.000000000000000000e+00 0.000000000000000000e+00 0.000000000000000000e+00 0.000000000000000000e+00 0.000000000000000000e+00 0.000000000000000000e+00 0.000000000000000000e+00 0.000000000000000000e+00 0.000000000000000000e+00 0.000000000000000000e+00 0.000000000000000000e+00 0.000000000000000000e+00 0.000000000000000000e+00
