2.832813520068909185e-01 4.916238786293897212e-01 3.810330947424418468e-01 5.092415363131016504e-01 3.491121086434189058e-01 0.000000000000000000e+00 3.014583629546334076e-01 4.824714940345029013e-01 3.466152626166117967e-01 0.000000000000000000e+00 3.239446415463890783e-01 4.707767268188279286e-01 3.504491417068525405e-01 4.653718541696403865e-01 3.769093068646557354e-01 0.000000000000000000e+00 3.218210965005162127e-01 4.698192529696773034e-01 4.010969097178290754e-01 5.091336048607022491e-01 3.445614444444444202e-01 0.000000000000000000e+00 3.851438034539277355e-01 4.584435186271142992e-01 0.000000000000000000e+00 0.000000000000000000e+00 0.000000000000000000e+00 0.000000000000000000e+00 3.780010030838946156e-01 4.737014943903711806e-01 3.716818884489479502e-01 4.071773202622619992e-01 4.136652010568153681e-01 4.968346405508387575e-01 3.840952027027026983e-01 0.000000000000000000e+00 4.866143333696540396e-01 4.882537143870411267e-01 0.000000000000000000e+00 0.000000000000000000e+00 0.000000000000000000e+00 0.000000000000000000e+00 4.108153920643728974e-01 0.000000000000000000e+00 0.000000000000000000e+00 0.000000000000000000e+00 0.000000000000000000e+00 0.000000000000000000e+00 4.013350845873551176e-01 4.530290451127819695e-01 3.872648225297441460e-01 4.887939092278109077e-01 3.960722287226569605e-01 0.000000000000000000e+00 3.953562635375338363e-01 0.000000000000000000e+00 2.827349924807485149e-01 5.043092317554730419e-01 3.840779404071937297e-01 4.806753133170674763e-01 3.731100306628137298e-01 4.936711153846153888e-01 3.708698353801705982e-01 4.317798403361345350e-01 3.866934770751928596e-01 4.601277713438735040e-01 4.012276333339451218e-01 5.017565670912947917e-01 3.132865259078128073e-01 5.151006797152598571e-01 3.538394712685520305e-01 5.078885198925759958e-01 3.719897266953550163e-01 4.759015016551986221e-01 3.632855098170613695e-01 0.000000000000000000e+00 3.927385092833777236e-01 4.644420634445045049e-01 3.901573820224719102e-01 0.000000000000000000e+00 3.860207209797905659e-01 0.000000000000000000e+00 0.000000000000000000e+00 0.000000000000000000e+00 4.024402248328735610e-01 4.746726119402986388e-01 0.000000000000000000e+00 0.000000000000000000e+00 4.012563089917918213e-01 0.000000000000000000e+00 4.320117200810510982e-01 0.000000000000000000e+00 4.439696036388530165e-01 0.000000000000000000e+00 4.609770279961053485e-01 0.000000000000000000e+00 5.024301192660550752e-01 0.000000000000000000e+00 4.819756149509803467e-01 0.000000000000000000e+00 0.000000000000000000e+00 0.000000000000000000e+00 4.406744489294604494e-01 4.861847244897958831e-01 4.569229177030665334e-01 4.847360934579438840e-01 4.840749898989898936e-01 0.000000000000000000e+00 0.000000000000000000e+00 0.000000000000000000e+00 0.000000000000000000e+00 0.000000000000000000e+00 0.000000000000000000e+00 4.392808256880734175e-01 0.000000000000000000e+00 0.000000000000000000e+00
4.916238786293897212e-01 2.877298076027351992e-01 5.068045356390470380e-01 3.764967468747102419e-01 0.000000000000000000e+00 0.000000000000000000e+00 4.828116774185521320e-01 3.308214919535214515e-01 0.000000000000000000e+00 3.311950422332569643e-01 4.939245128782313032e-01 3.415810359731402124e-01 0.000000000000000000e+00 3.791941928189437316e-01 0.000000000000000000e+00 4.020549067981863400e-01 4.777290863303810253e-01 3.429202695634182008e-01 5.121641255882932731e-01 4.204380739087021923e-01 0.000000000000000000e+00 0.000000000000000000e+00 0.000000000000000000e+00 3.853271048850575031e-01 0.000000000000000000e+00 0.000000000000000000e+00 0.000000000000000000e+00 0.000000000000000000e+00 4.767408834432497744e-01 4.044931425012329163e-01 4.565425913690475679e-01 4.021031434426229900e-01 5.106995988473048698e-01 4.331288897640221403e-01 0.000000000000000000e+00 3.968017597520112627e-01 5.296612328216575571e-01 4.979089700547157937e-01 0.000000000000000000e+00 4.978678166365547164e-01 0.000000000000000000e+00 4.386404142857142641e-01 0.000000000000000000e+00 4.089565827664399245e-01 0.000000000000000000e+00 4.239260664519653998e-01 0.000000000000000000e+00 4.291201368794326232e-01 0.000000000000000000e+00 3.996509417098232930e-01 4.816388677884615444e-01 3.894605555035849376e-01 4.624278322981367206e-01 3.904192126068377067e-01 0.000000000000000000e+00 3.802370496466810357e-01 4.915686251327673340e-01 3.347260127380312089e-01 4.737825120311063287e-01 4.155516263060702875e-01 4.637679827710590175e-01 3.688620747586460191e-01 0.000000000000000000e+00 3.788445824023438102e-01 0.000000000000000000e+00 3.834428690022482766e-01 4.920838552863607274e-01 4.133216377776922634e-01 5.139294318124209004e-01 3.312324798500833611e-01 4.978697466546593842e-01 3.652017877186803929e-01 4.788770298406920256e-01 4.001919718473466725e-01 0.000000000000000000e+00 4.179816708860759067e-01 4.684933747781546698e-01 4.070851219851707725e-01 4.729050935251798427e-01 0.000000000000000000e+00 0.000000000000000000e+00 4.126919612766575263e-01 0.000000000000000000e+00 4.452500731707316750e-01 4.434738727119595936e-01 4.074319609950633470e-01 0.000000000000000000e+00 4.325702226058740218e-01 4.796670000000000100e-01 4.105770563284151797e-01 4.457834581481724956e-01 4.768768833078764757e-01 3.863015323782783561e-01 5.131179590163934545e-01 4.664371803794268301e-01 4.557474218537710398e-01 0.000000000000000000e+00 4.841101495457721393e-01 4.886881992647058581e-01 4.780562532989375280e-01 0.000000000000000000e+00 4.827479592080152759e-01 4.462537030099287816e-01 4.673306628107530281e-01 4.731861183081590982e-01 4.621673430065606492e-01 0.000000000000000000e+00 4.837478625317989667e-01 4.657604065934066173e-01 4.355455965957446551e-01 0.000000000000000000e+00 4.320734060606060134e-01 0.000000000000000000e+00 4.383700283018868160e-01 0.000000000000000000e+00 0.000000000000000000e+00
3.810330947424418468e-01 5.068045356390470380e-01 2.686394996782267564e-01 4.715607755593120287e-01 2.522351042891989303e-01 4.330957481486167882e-01 2.966518685631162056e-01 4.709647561184145959e-01 3.125130417228318414e-01 4.514364578851571275e-01 3.934439718002926689e-01 4.802044266646403048e-01 3.573707380499375752e-01 4.581404048551616093e-01 3.228166527945518505e-01 4.485294577709725838e-01 3.849851984467747568e-01 4.786334732142857318e-01 3.025294011643464565e-01 5.185767060278975160e-01 3.836321510040566207e-01 3.570926636517806063e-01 2.806475152606947576e-01 4.638756576269483234e-01 2.688015896504590274e-01 4.287448806264803070e-01 3.456185834865812545e-01 4.171309080238256861e-01 3.783294493781751977e-01 4.628251167918019937e-01 3.774404268896343617e-01 4.301215060497366460e-01 4.109449668260631294e-01 4.905366850051615657e-01 4.471192261135688018e-01 0.000000000000000000e+00 4.288587779144384937e-01 4.924541782037139548e-01 0.000000000000000000e+00 5.255401249999999136e-01 0.000000000000000000e+00 0.000000000000000000e+00 4.134401661392405058e-01 5.177890827953022246e-01 4.217405566718385734e-01 4.779394499999999879e-01 4.074378436923918323e-01 0.000000000000000000e+00 4.360227976961317253e-01 0.000000000000000000e+00 4.036563411399309298e-01 4.021953468208092075e-01 3.718363415583292308e-01 0.000000000000000000e+00 3.836831158963059929e-01 0.000000000000000000e+00 4.063946430381219499e-01 4.786100917418742995e-01 4.152255850201297949e-01 4.804556807232392979e-01 3.839842770662122984e-01 0.000000000000000000e+00 3.896263535541024114e-01 4.909546131140414826e-01 3.802131153542737674e-01 0.000000000000000000e+00 4.217926821600040954e-01 4.877509936303630056e-01 2.690272194914425374e-01 5.125560363235576178e-01 3.760101927205227179e-01 5.107417269681733263e-01 3.701614805008371367e-01 4.559477776889548917e-01 3.199107047114055358e-01 0.000000000000000000e+00 3.986380732490102385e-01 4.728423768326864285e-01 0.000000000000000000e+00 0.000000000000000000e+00 3.455814334781140418e-01 4.840230548733266414e-01 0.000000000000000000e+00 0.000000000000000000e+00 3.710400543012788988e-01 0.000000000000000000e+00 0.000000000000000000e+00 0.000000000000000000e+00 3.737208248704059210e-01 0.000000000000000000e+00 4.188663719479982506e-01 0.000000000000000000e+00 0.000000000000000000e+00 4.207474662162161705e-01 4.267174331723506131e-01 0.000000000000000000e+00 0.000000000000000000e+00 0.000000000000000000e+00 4.573530363636363893e-01 0.000000000000000000e+00 0.000000000000000000e+00 0.000000000000000000e+00 4.250797651048797143e-01 4.395111327433628978e-01 4.379698072643218310e-01 0.000000000000000000e+00 4.544358585858585542e-01 0.000000000000000000e+00 0.000000000000000000e+00 0.000000000000000000e+00 4.044002777777778168e-01 0.000000000000000000e+00 0.000000000000000000e+00 0.000000000000000000e+00 0.000000000000000000e+00 0.000000000000000000e+00
5.092415363131016504e-01 3.764967468747102419e-01 4.715607755593120287e-01 2.514846725587350784e-01 4.279274515438014070e-01 2.044246579634289018e-01 4.674686594131559625e-01 3.221762523890348007e-01 4.275280491995956389e-01 2.810013842206354195e-01 4.829508298318375692e-01 3.896470927562802888e-01 4.572585764176514966e-01 3.560757905756758435e-01 4.426442993935455483e-01 2.981214871438130909e-01 5.415680843373493758e-01 4.118030180114136685e-01 5.246582839681708244e-01 2.912091932731750155e-01 0.000000000000000000e+00 0.000000000000000000e+00 4.404055021075495846e-01 2.589077513427747168e-01 4.025847393057559453e-01 2.784912997657170708e-01 4.605885379310345473e-01 2.985570095961662673e-01 4.901304634586547970e-01 3.751112396303460939e-01 4.229655310312803729e-01 3.053119709587073238e-01 4.978333543670687145e-01 3.567433183185759193e-01 0.000000000000000000e+00 4.642148198198199349e-01 4.021546068376068428e-01 4.766477159305104183e-01 0.000000000000000000e+00 5.035454135188318636e-01 0.000000000000000000e+00 0.000000000000000000e+00 0.000000000000000000e+00 4.368467144397104596e-01 0.000000000000000000e+00 4.359562580645161556e-01 0.000000000000000000e+00 0.000000000000000000e+00 0.000000000000000000e+00 4.482920775635997890e-01 4.785934812030074870e-01 4.117024945588794727e-01 0.000000000000000000e+00 0.000000000000000000e+00 0.000000000000000000e+00 3.990411827196858607e-01 5.145419708558779393e-01 4.281439346668005630e-01 0.000000000000000000e+00 4.479350909179924400e-01 0.000000000000000000e+00 4.209261660199409283e-01 4.653893711038704084e-01 4.078745487938928993e-01 4.878448848974287211e-01 4.161722297297297257e-01 5.101980464863877796e-01 4.538403074391108571e-01 5.241998859331656879e-01 4.546794464423496995e-01 4.957232660631307741e-01 3.674763247563707647e-01 4.649970038277598805e-01 3.830120380490928400e-01 0.000000000000000000e+00 3.672337015371047175e-01 4.808912871484261053e-01 4.132414434535575110e-01 0.000000000000000000e+00 0.000000000000000000e+00 0.000000000000000000e+00 3.995059645352678768e-01 0.000000000000000000e+00 0.000000000000000000e+00 4.272138956043955993e-01 3.821772698622305509e-01 0.000000000000000000e+00 0.000000000000000000e+00 4.378640899470899739e-01 3.902529551532946117e-01 4.166691955456109375e-01 4.309366685298494648e-01 4.096419288048807061e-01 3.933782857142856804e-01 4.482389762040738246e-01 4.228206578017788542e-01 4.196389644863266488e-01 0.000000000000000000e+00 0.000000000000000000e+00 0.000000000000000000e+00 0.000000000000000000e+00 0.000000000000000000e+00 4.299593270757021135e-01 4.392577804611457748e-01 4.642417592592592568e-01 4.517894622641510094e-01 4.851831342281879289e-01 4.603676945039869017e-01 0.000000000000000000e+00 0.000000000000000000e+00 0.000000000000000000e+00 0.000000000000000000e+00 0.000000000000000000e+00 3.860844492753622847e-01 4.304798888888888841e-01 0.000000000000000000e+00
3.491121086434189058e-01 0.000000000000000000e+00 2.522351042891989303e-01 4.279274515438014070e-01 2.251898846848786884e-01 4.349103919588991896e-01 3.053290512129482881e-01 4.446330094912908093e-01 2.347607251720265353e-01 4.609558301687763926e-01 3.206833185185185564e-01 4.253966063080720783e-01 3.146318619456223709e-01 4.405712353712936125e-01 2.845708183830822913e-01 4.635146062653562327e-01 3.643788133367834026e-01 0.000000000000000000e+00 3.727751931278506792e-01 0.000000000000000000e+00 3.621256497126437157e-01 4.130517631909047527e-01 3.092973520793752540e-01 4.209952667884196420e-01 1.873168960899677382e-01 4.346169539150657180e-01 2.788970254260517145e-01 4.359079576870965589e-01 3.296907127959559092e-01 0.000000000000000000e+00 3.424549981272781984e-01 3.986407733866599856e-01 3.774161442584463289e-01 4.554033777777778402e-01 0.000000000000000000e+00 4.133411240875912718e-01 0.000000000000000000e+00 0.000000000000000000e+00 3.872795837563450805e-01 0.000000000000000000e+00 0.000000000000000000e+00 0.000000000000000000e+00 0.000000000000000000e+00 0.000000000000000000e+00 0.000000000000000000e+00 0.000000000000000000e+00 4.288376117959754596e-01 0.000000000000000000e+00 0.000000000000000000e+00 0.000000000000000000e+00 3.881879902833437201e-01 0.000000000000000000e+00 0.000000000000000000e+00 0.000000000000000000e+00 4.365090912485065644e-01 0.000000000000000000e+00 3.670929130775831828e-01 0.000000000000000000e+00 3.990630881419234832e-01 0.000000000000000000e+00 3.665158029230904391e-01 0.000000000000000000e+00 3.675713605863623057e-01 0.000000000000000000e+00 3.737548548605120757e-01 0.000000000000000000e+00 4.196155047410065619e-01 0.000000000000000000e+00 0.000000000000000000e+00 0.000000000000000000e+00 3.451220005138108116e-01 5.004345519414795662e-01 3.088084770869255480e-01 3.539354985380117613e-01 3.404381111111111080e-01 0.000000000000000000e+00 3.575295631868131707e-01 0.000000000000000000e+00 0.000000000000000000e+00 0.000000000000000000e+00 3.432510425646398966e-01 4.737032796874999785e-01 3.836822761904762902e-01 0.000000000000000000e+00 3.751332552354422201e-01 0.000000000000000000e+00 3.600683375000000019e-01 0.000000000000000000e+00 3.774982647439318884e-01 0.000000000000000000e+00 0.000000000000000000e+00 0.000000000000000000e+00 0.000000000000000000e+00 0.000000000000000000e+00 0.000000000000000000e+00 0.000000000000000000e+00 0.000000000000000000e+00 0.000000000000000000e+00 0.000000000000000000e+00 0.000000000000000000e+00 0.000000000000000000e+00 0.000000000000000000e+00 0.000000000000000000e+00 0.000000000000000000e+00 0.000000000000000000e+00 0.000000000000000000e+00 0.000000000000000000e+00 0.000000000000000000e+00 0.000000000000000000e+00 0.000000000000000000e+00 0.000000000000000000e+00 0.000000000000000000e+00 0.000000000000000000e+00 0.000000000000000000e+00 0.000000000000000000e+00 0.000000000000000000e+00
0.000000000000000000e+00 0.000000000000000000e+00 4.330957481486167882e-01 2.044246579634289018e-01 4.349103919588991896e-01 1.863360770961654811e-01 4.164449674226493037e-01 2.366444403609082592e-01 4.228334263914698687e-01 2.369011357960553732e-01 0.000000000000000000e+00 2.885570640476190496e-01 4.502429279069768975e-01 2.877961875188828067e-01 4.388061136302676135e-01 2.424330081743150955e-01 0.000000000000000000e+00 3.754599758714969315e-01 4.331184838709677409e-01 3.454953642728986196e-01 4.179736967092918531e-01 2.694901232590632967e-01 4.206102759167771876e-01 2.091220779360108972e-01 4.332046727303788258e-01 1.743547307820536296e-01 4.583843190263975909e-01 2.529983853475279987e-01 0.000000000000000000e+00 2.473415634338203273e-01 3.892261311641163624e-01 2.919533507874903511e-01 0.000000000000000000e+00 3.225769053965020228e-01 0.000000000000000000e+00 4.265441417611335884e-01 0.000000000000000000e+00 4.159966381766382337e-01 0.000000000000000000e+00 4.167230322834645784e-01 0.000000000000000000e+00 0.000000000000000000e+00 0.000000000000000000e+00 0.000000000000000000e+00 0.000000000000000000e+00 0.000000000000000000e+00 0.000000000000000000e+00 4.489466644784564364e-01 0.000000000000000000e+00 4.621894234234235066e-01 0.000000000000000000e+00 4.095677936507936545e-01 0.000000000000000000e+00 4.472062251908397457e-01 0.000000000000000000e+00 3.574246754966887707e-01 0.000000000000000000e+00 3.313768666666666585e-01 0.000000000000000000e+00 0.000000000000000000e+00 0.000000000000000000e+00 0.000000000000000000e+00 0.000000000000000000e+00 3.335156017699115183e-01 0.000000000000000000e+00 0.000000000000000000e+00 0.000000000000000000e+00 0.000000000000000000e+00 0.000000000000000000e+00 0.000000000000000000e+00 4.864632176738099001e-01 3.033613087513793438e-01 0.000000000000000000e+00 2.588744523047418755e-01 0.000000000000000000e+00 2.597723387235155723e-01 2.906656782792207405e-01 3.105676771232929734e-01 0.000000000000000000e+00 0.000000000000000000e+00 0.000000000000000000e+00 3.845225371356947863e-01 0.000000000000000000e+00 0.000000000000000000e+00 4.198219687499999964e-01 3.882902200981213081e-01 0.000000000000000000e+00 3.833627173913043973e-01 0.000000000000000000e+00 3.587248900518530403e-01 0.000000000000000000e+00 0.000000000000000000e+00 0.000000000000000000e+00 0.000000000000000000e+00 0.000000000000000000e+00 0.000000000000000000e+00 0.000000000000000000e+00 0.000000000000000000e+00 0.000000000000000000e+00 0.000000000000000000e+00 0.000000000000000000e+00 0.000000000000000000e+00 0.000000000000000000e+00 0.000000000000000000e+00 0.000000000000000000e+00 0.000000000000000000e+00 0.000000000000000000e+00 0.000000000000000000e+00 0.000000000000000000e+00 0.000000000000000000e+00 0.000000000000000000e+00 0.000000000000000000e+00 0.000000000000000000e+00 0.000000000000000000e+00 0.000000000000000000e+00 0.000000000000000000e+00
3.014583629546334076e-01 4.828116774185521320e-01 2.966518685631162056e-01 4.674686594131559625e-01 3.053290512129482881e-01 4.164449674226493037e-01 2.591263676770935165e-01 4.705679254535391487e-01 2.819055185769941407e-01 4.161304520890996561e-01 3.615310667209695739e-01 4.758578564175354186e-01 2.825552597759690143e-01 4.442948820702798951e-01 3.227013847201131713e-01 4.334308192515431979e-01 3.594243256547520748e-01 4.787745487396717903e-01 4.043296602197531397e-01 5.060700884324598192e-01 0.000000000000000000e+00 0.000000000000000000e+00 3.538977439508373957e-01 4.554068803664618192e-01 3.392692976608187583e-01 3.798063183281076283e-01 0.000000000000000000e+00 0.000000000000000000e+00 3.598735670924136376e-01 4.670342063026454715e-01 3.649415276634953020e-01 4.430083155972704967e-01 4.175363746355677530e-01 4.901547350545631954e-01 4.464754840473003084e-01 0.000000000000000000e+00 4.496192088539907594e-01 5.373373295828284268e-01 0.000000000000000000e+00 0.000000000000000000e+00 0.000000000000000000e+00 0.000000000000000000e+00 3.843505459377499767e-01 0.000000000000000000e+00 4.016861372527704699e-01 0.000000000000000000e+00 3.823671692307692993e-01 0.000000000000000000e+00 4.137070905594832926e-01 0.000000000000000000e+00 3.840343680664249915e-01 5.083853021582733778e-01 3.682721537810358936e-01 0.000000000000000000e+00 3.863843882405708641e-01 0.000000000000000000e+00 3.872955471059263410e-01 4.670683050847457274e-01 3.929167785261918344e-01 0.000000000000000000e+00 3.814941337807788990e-01 0.000000000000000000e+00 3.762774136321210827e-01 0.000000000000000000e+00 3.812356108333336269e-01 4.297177500000000094e-01 4.373401821663849276e-01 5.240225421895641222e-01 4.284209055455379667e-01 0.000000000000000000e+00 3.501308713281203744e-01 5.118324255768138542e-01 3.589903455018844114e-01 4.606757365560707473e-01 3.718871496848739078e-01 0.000000000000000000e+00 3.765666511926724080e-01 4.763513399591091102e-01 3.596789336309523799e-01 0.000000000000000000e+00 3.649268771882843709e-01 0.000000000000000000e+00 0.000000000000000000e+00 0.000000000000000000e+00 3.867469868129145283e-01 0.000000000000000000e+00 4.066355539568344835e-01 0.000000000000000000e+00 3.808701916326620585e-01 0.000000000000000000e+00 4.113961860465116804e-01 0.000000000000000000e+00 0.000000000000000000e+00 0.000000000000000000e+00 0.000000000000000000e+00 0.000000000000000000e+00 0.000000000000000000e+00 0.000000000000000000e+00 4.775764746666665839e-01 0.000000000000000000e+00 0.000000000000000000e+00 0.000000000000000000e+00 4.375165468749999675e-01 0.000000000000000000e+00 4.394860489997979291e-01 0.000000000000000000e+00 0.000000000000000000e+00 0.000000000000000000e+00 0.000000000000000000e+00 0.000000000000000000e+00 0.000000000000000000e+00 0.000000000000000000e+00 0.000000000000000000e+00 0.000000000000000000e+00 0.000000000000000000e+00 0.000000000000000000e+00
4.824714940345029013e-01 3.308214919535214515e-01 4.709647561184145959e-01 3.221762523890348007e-01 4.446330094912908093e-01 2.366444403609082592e-01 4.705679254535391487e-01 2.617803508356274511e-01 4.327976773182241610e-01 2.610651640669204854e-01 4.770085826042541610e-01 3.379261465619192162e-01 4.530544021314143466e-01 2.981033960160909824e-01 4.355925425531914641e-01 2.316772057879638302e-01 4.714330476710446582e-01 3.745942649535624058e-01 5.001781295451267484e-01 3.931563617035135905e-01 0.000000000000000000e+00 0.000000000000000000e+00 4.541617205481316977e-01 3.537989669357905487e-01 4.261442266034110027e-01 2.369923749999999774e-01 4.035098691588784869e-01 0.000000000000000000e+00 4.807866800483968639e-01 3.394891144393489268e-01 4.205432371027241767e-01 3.527800942696667219e-01 4.824697436354275504e-01 3.816811347642268260e-01 0.000000000000000000e+00 4.488693348463848598e-01 4.316674273504272907e-01 4.622715068985600584e-01 0.000000000000000000e+00 4.364005870812759369e-01 0.000000000000000000e+00 0.000000000000000000e+00 4.659010596026490481e-01 3.755667500000000047e-01 5.199429507042252485e-01 3.889897002718711860e-01 0.000000000000000000e+00 3.846397258204727332e-01 4.957439236111110814e-01 3.674556315059720468e-01 4.770324133607432016e-01 3.682316764295537337e-01 0.000000000000000000e+00 3.482353175242328125e-01 0.000000000000000000e+00 3.585361511980105220e-01 4.136364428165007490e-01 3.725667315987856720e-01 4.890694992772907090e-01 3.962029031307330862e-01 4.771883727195225799e-01 3.652768591451751035e-01 4.534256349206348680e-01 3.848986977849390700e-01 4.294055692307692795e-01 3.778415092068284631e-01 4.645425903234287057e-01 4.426616570683690188e-01 4.991229692762241821e-01 4.142454349552048831e-01 4.927423313683573780e-01 3.424794775309553119e-01 4.613949076978084429e-01 3.568119905161291072e-01 4.625999885057470173e-01 0.000000000000000000e+00 4.592580516190465367e-01 3.811610262421979423e-01 0.000000000000000000e+00 0.000000000000000000e+00 0.000000000000000000e+00 3.787588032497112289e-01 0.000000000000000000e+00 0.000000000000000000e+00 4.588262397260273739e-01 3.903892665766584558e-01 0.000000000000000000e+00 0.000000000000000000e+00 0.000000000000000000e+00 3.840397884440474030e-01 4.639305999999999708e-01 0.000000000000000000e+00 0.000000000000000000e+00 0.000000000000000000e+00 0.000000000000000000e+00 0.000000000000000000e+00 0.000000000000000000e+00 0.000000000000000000e+00 0.000000000000000000e+00 0.000000000000000000e+00 0.000000000000000000e+00 0.000000000000000000e+00 4.159855054858933587e-01 4.212232153846153793e-01 0.000000000000000000e+00 4.264646736842105379e-01 0.000000000000000000e+00 0.000000000000000000e+00 0.000000000000000000e+00 0.000000000000000000e+00 0.000000000000000000e+00 0.000000000000000000e+00 0.000000000000000000e+00 0.000000000000000000e+00 0.000000000000000000e+00 0.000000000000000000e+00
3.466152626166117967e-01 0.000000000000000000e+00 3.125130417228318414e-01 4.275280491995956389e-01 2.347607251720265353e-01 4.228334263914698687e-01 2.819055185769941407e-01 4.327976773182241610e-01 2.435123601356259937e-01 0.000000000000000000e+00 3.144858634249471652e-01 0.000000000000000000e+00 2.935626523909910524e-01 0.000000000000000000e+00 2.571924795088673665e-01 0.000000000000000000e+00 3.600482996825397075e-01 0.000000000000000000e+00 3.765092504112553806e-01 0.000000000000000000e+00 0.000000000000000000e+00 0.000000000000000000e+00 3.355851032567978565e-01 4.312104914862439631e-01 2.971449307868664902e-01 4.513089569204830620e-01 2.255547697054753609e-01 4.127489953917050647e-01 3.346900135211634542e-01 0.000000000000000000e+00 3.467148113009283494e-01 4.196148408812513941e-01 3.747043236268938760e-01 4.186639090909090033e-01 0.000000000000000000e+00 0.000000000000000000e+00 0.000000000000000000e+00 0.000000000000000000e+00 0.000000000000000000e+00 0.000000000000000000e+00 0.000000000000000000e+00 0.000000000000000000e+00 0.000000000000000000e+00 0.000000000000000000e+00 0.000000000000000000e+00 0.000000000000000000e+00 4.203218702290076880e-01 0.000000000000000000e+00 0.000000000000000000e+00 0.000000000000000000e+00 3.623225982142856405e-01 0.000000000000000000e+00 0.000000000000000000e+00 0.000000000000000000e+00 0.000000000000000000e+00 0.000000000000000000e+00 3.700481398426400670e-01 0.000000000000000000e+00 3.927299924242424467e-01 0.000000000000000000e+00 3.979189006989804489e-01 0.000000000000000000e+00 3.625614346761796836e-01 0.000000000000000000e+00 3.688320583333333236e-01 0.000000000000000000e+00 4.123070377919910712e-01 0.000000000000000000e+00 3.647011818181818410e-01 0.000000000000000000e+00 3.121112647801740914e-01 4.120991800326305743e-01 3.218960340302284839e-01 3.270168356164383505e-01 2.959701111111110450e-01 0.000000000000000000e+00 3.533250316610603292e-01 3.975354162162161864e-01 0.000000000000000000e+00 0.000000000000000000e+00 3.505062567493555381e-01 0.000000000000000000e+00 0.000000000000000000e+00 0.000000000000000000e+00 3.722543475393932932e-01 0.000000000000000000e+00 0.000000000000000000e+00 0.000000000000000000e+00 0.000000000000000000e+00 0.000000000000000000e+00 0.000000000000000000e+00 0.000000000000000000e+00 0.000000000000000000e+00 0.000000000000000000e+00 0.000000000000000000e+00 0.000000000000000000e+00 0.000000000000000000e+00 0.000000000000000000e+00 0.000000000000000000e+00 0.000000000000000000e+00 0.000000000000000000e+00 0.000000000000000000e+00 0.000000000000000000e+00 3.521369117647058511e-01 0.000000000000000000e+00 0.000000000000000000e+00 0.000000000000000000e+00 0.000000000000000000e+00 0.000000000000000000e+00 0.000000000000000000e+00 0.000000000000000000e+00 0.000000000000000000e+00 0.000000000000000000e+00 0.000000000000000000e+00 0.000000000000000000e+00 0.000000000000000000e+00
0.000000000000000000e+00 3.311950422332569643e-01 4.514364578851571275e-01 2.810013842206354195e-01 4.609558301687763926e-01 2.369011357960553732e-01 4.161304520890996561e-01 2.610651640669204854e-01 0.000000000000000000e+00 2.158022445082448115e-01 0.000000000000000000e+00 3.278530074324119137e-01 3.972369098222622852e-01 3.074278222395378513e-01 4.394300740740741396e-01 2.924300152535070918e-01 0.000000000000000000e+00 3.865233681509859798e-01 0.000000000000000000e+00 3.703430567119017081e-01 0.000000000000000000e+00 0.000000000000000000e+00 4.391527646582407129e-01 3.121295253822165550e-01 3.863348749999999665e-01 2.749402413793103350e-01 0.000000000000000000e+00 2.277787684427393933e-01 4.522903863636363875e-01 3.072829606070989206e-01 4.419762795140357303e-01 2.761218109195402448e-01 0.000000000000000000e+00 3.398493469891462060e-01 0.000000000000000000e+00 0.000000000000000000e+00 0.000000000000000000e+00 0.000000000000000000e+00 0.000000000000000000e+00 0.000000000000000000e+00 0.000000000000000000e+00 0.000000000000000000e+00 0.000000000000000000e+00 0.000000000000000000e+00 0.000000000000000000e+00 0.000000000000000000e+00 0.000000000000000000e+00 0.000000000000000000e+00 0.000000000000000000e+00 4.479771777777777908e-01 0.000000000000000000e+00 4.107111428571428302e-01 0.000000000000000000e+00 0.000000000000000000e+00 0.000000000000000000e+00 0.000000000000000000e+00 0.000000000000000000e+00 3.869898021978023239e-01 0.000000000000000000e+00 4.093920285714285900e-01 0.000000000000000000e+00 0.000000000000000000e+00 0.000000000000000000e+00 4.195131575342466168e-01 0.000000000000000000e+00 0.000000000000000000e+00 0.000000000000000000e+00 0.000000000000000000e+00 0.000000000000000000e+00 3.794993486238532054e-01 4.892923309145880140e-01 3.043038195808435153e-01 0.000000000000000000e+00 3.140558952180024233e-01 0.000000000000000000e+00 3.040789380809381104e-01 0.000000000000000000e+00 3.315734938901207518e-01 0.000000000000000000e+00 3.708929318181817814e-01 0.000000000000000000e+00 3.369543179527669241e-01 0.000000000000000000e+00 0.000000000000000000e+00 0.000000000000000000e+00 3.821503219969417109e-01 0.000000000000000000e+00 3.463251025641025937e-01 0.000000000000000000e+00 4.097434429099746644e-01 0.000000000000000000e+00 0.000000000000000000e+00 0.000000000000000000e+00 0.000000000000000000e+00 0.000000000000000000e+00 0.000000000000000000e+00 0.000000000000000000e+00 0.000000000000000000e+00 0.000000000000000000e+00 0.000000000000000000e+00 0.000000000000000000e+00 0.000000000000000000e+00 0.000000000000000000e+00 0.000000000000000000e+00 0.000000000000000000e+00 0.000000000000000000e+00 0.000000000000000000e+00 0.000000000000000000e+00 0.000000000000000000e+00 0.000000000000000000e+00 0.000000000000000000e+00 0.000000000000000000e+00 0.000000000000000000e+00 0.000000000000000000e+00 0.000000000000000000e+00 0.000000000000000000e+00
3.239446415463890783e-01 4.939245128782313032e-01 3.934439718002926689e-01 4.829508298318375692e-01 3.206833185185185564e-01 0.000000000000000000e+00 3.615310667209695739e-01 4.770085826042541610e-01 3.144858634249471652e-01 0.000000000000000000e+00 2.717808976670406662e-01 4.701327060088027476e-01 2.596195244930915025e-01 4.777767579905017326e-01 3.521761668696805625e-01 0.000000000000000000e+00 3.136743829002454631e-01 4.840895679012345854e-01 4.156173261539273800e-01 4.987216883845261295e-01 0.000000000000000000e+00 0.000000000000000000e+00 3.979312774900505834e-01 4.655810513467977807e-01 0.000000000000000000e+00 0.000000000000000000e+00 0.000000000000000000e+00 0.000000000000000000e+00 3.555727537184511511e-01 4.979102968702300291e-01 4.100163496825912079e-01 4.730801026531422093e-01 4.000883249303286981e-01 4.865242563419751032e-01 0.000000000000000000e+00 0.000000000000000000e+00 4.693870963147963593e-01 5.217379642857143951e-01 0.000000000000000000e+00 0.000000000000000000e+00 0.000000000000000000e+00 0.000000000000000000e+00 0.000000000000000000e+00 0.000000000000000000e+00 0.000000000000000000e+00 0.000000000000000000e+00 0.000000000000000000e+00 0.000000000000000000e+00 3.989880275229357731e-01 0.000000000000000000e+00 4.170954983718332398e-01 0.000000000000000000e+00 4.255086000000000146e-01 0.000000000000000000e+00 3.995317538746848696e-01 0.000000000000000000e+00 3.619209157379441044e-01 0.000000000000000000e+00 3.936326645109815558e-01 4.731089629629629534e-01 3.909270452354856595e-01 0.000000000000000000e+00 3.757157376887183542e-01 0.000000000000000000e+00 4.024597598732171932e-01 0.000000000000000000e+00 4.290870878037393865e-01 4.723255521385648636e-01 4.323156567417058560e-01 0.000000000000000000e+00 3.664120381613830690e-01 5.161487581688652959e-01 3.698955942267642127e-01 4.600499235641924423e-01 3.341136357142857061e-01 0.000000000000000000e+00 4.024649489936375502e-01 4.686602973782644788e-01 0.000000000000000000e+00 0.000000000000000000e+00 3.681990479127373317e-01 0.000000000000000000e+00 0.000000000000000000e+00 0.000000000000000000e+00 3.939141307269822811e-01 0.000000000000000000e+00 0.000000000000000000e+00 0.000000000000000000e+00 3.948070940698970577e-01 0.000000000000000000e+00 0.000000000000000000e+00 0.000000000000000000e+00 0.000000000000000000e+00 4.028880479999999431e-01 3.840935474738675359e-01 0.000000000000000000e+00 0.000000000000000000e+00 0.000000000000000000e+00 0.000000000000000000e+00 0.000000000000000000e+00 0.000000000000000000e+00 0.000000000000000000e+00 4.418386923076922934e-01 0.000000000000000000e+00 4.461546671847997914e-01 0.000000000000000000e+00 0.000000000000000000e+00 0.000000000000000000e+00 0.000000000000000000e+00 0.000000000000000000e+00 0.000000000000000000e+00 0.000000000000000000e+00 0.000000000000000000e+00 0.000000000000000000e+00 0.000000000000000000e+00 0.000000000000000000e+00
4.707767268188279286e-01 3.415810359731402124e-01 4.802044266646403048e-01 3.896470927562802888e-01 4.253966063080720783e-01 2.885570640476190496e-01 4.758578564175354186e-01 3.379261465619192162e-01 0.000000000000000000e+00 3.278530074324119137e-01 4.701327060088027476e-01 2.732537886445343123e-01 4.598072536658239784e-01 2.598105454474609055e-01 0.000000000000000000e+00 3.708042201337132249e-01 0.000000000000000000e+00 3.109541458677084202e-01 4.774741062668650393e-01 4.097999621551592919e-01 0.000000000000000000e+00 0.000000000000000000e+00 4.532904117178737091e-01 3.963690904483330169e-01 0.000000000000000000e+00 0.000000000000000000e+00 0.000000000000000000e+00 0.000000000000000000e+00 4.685292428299272505e-01 3.747434726781516678e-01 4.286693552456570799e-01 3.796865899057519922e-01 4.551148585436957661e-01 3.815080107442183621e-01 4.570056428571428464e-01 4.344324874041900486e-01 0.000000000000000000e+00 4.256635197654835001e-01 0.000000000000000000e+00 0.000000000000000000e+00 0.000000000000000000e+00 0.000000000000000000e+00 0.000000000000000000e+00 0.000000000000000000e+00 4.614583496503497084e-01 3.807300682528735880e-01 0.000000000000000000e+00 0.000000000000000000e+00 0.000000000000000000e+00 3.888314685394675951e-01 0.000000000000000000e+00 3.628820923701522871e-01 0.000000000000000000e+00 0.000000000000000000e+00 4.423371375690607343e-01 3.613027476416274530e-01 0.000000000000000000e+00 3.995298455324362563e-01 0.000000000000000000e+00 4.206672414279056804e-01 0.000000000000000000e+00 4.026239870892331929e-01 0.000000000000000000e+00 4.071096587008636858e-01 4.687930071428571543e-01 4.087161341591590835e-01 4.731805055000716798e-01 4.236694363480894010e-01 5.044431142857142003e-01 4.412758042890940757e-01 4.851337132752167047e-01 3.513084974406741612e-01 4.656963828662465943e-01 3.903840558108717662e-01 4.354161764705881676e-01 4.157735820437156171e-01 4.650574545787420355e-01 4.124804397681888224e-01 4.572347884615385327e-01 0.000000000000000000e+00 4.225424532374100206e-01 4.004103184622839762e-01 0.000000000000000000e+00 0.000000000000000000e+00 0.000000000000000000e+00 4.236656238096183635e-01 0.000000000000000000e+00 3.768273797468354447e-01 4.082409520958083515e-01 4.195840089540494589e-01 0.000000000000000000e+00 0.000000000000000000e+00 4.003653602941176226e-01 0.000000000000000000e+00 4.404934786547911596e-01 0.000000000000000000e+00 0.000000000000000000e+00 0.000000000000000000e+00 3.721574576271186041e-01 4.383449369369368798e-01 0.000000000000000000e+00 0.000000000000000000e+00 4.101600496453901012e-01 0.000000000000000000e+00 4.493444883663486045e-01 0.000000000000000000e+00 0.000000000000000000e+00 0.000000000000000000e+00 0.000000000000000000e+00 0.000000000000000000e+00 0.000000000000000000e+00 0.000000000000000000e+00 0.000000000000000000e+00 0.000000000000000000e+00 0.000000000000000000e+00 0.000000000000000000e+00
3.504491417068525405e-01 0.000000000000000000e+00 3.573707380499375752e-01 4.572585764176514966e-01 3.146318619456223709e-01 4.502429279069768975e-01 2.825552597759690143e-01 4.530544021314143466e-01 2.935626523909910524e-01 3.972369098222622852e-01 2.596195244930915025e-01 4.598072536658239784e-01 2.467379077768638851e-01 4.525191974863226885e-01 2.535334092115351101e-01 0.000000000000000000e+00 3.960761139819188315e-01 4.984008018018018515e-01 4.095386543832620352e-01 4.823977320188735374e-01 0.000000000000000000e+00 0.000000000000000000e+00 3.653683150227794996e-01 4.540407392302142076e-01 3.413510840527033130e-01 0.000000000000000000e+00 0.000000000000000000e+00 3.832949266055046267e-01 3.025250137852729670e-01 4.515364709012512079e-01 3.689764459967335153e-01 4.426356018051095242e-01 3.967598093625047118e-01 4.580121979478636307e-01 4.614075354418155084e-01 0.000000000000000000e+00 3.983918663884746802e-01 0.000000000000000000e+00 3.988615035460992830e-01 0.000000000000000000e+00 0.000000000000000000e+00 0.000000000000000000e+00 0.000000000000000000e+00 0.000000000000000000e+00 4.073549212621885296e-01 0.000000000000000000e+00 4.027846730769230610e-01 0.000000000000000000e+00 0.000000000000000000e+00 0.000000000000000000e+00 4.144838045480337962e-01 0.000000000000000000e+00 4.030761160714285696e-01 0.000000000000000000e+00 3.913091067690903646e-01 0.000000000000000000e+00 3.973849084456107517e-01 0.000000000000000000e+00 4.074607837942004762e-01 0.000000000000000000e+00 4.060631028294572342e-01 0.000000000000000000e+00 3.910294957033877417e-01 4.449598209876542976e-01 4.098716302427555247e-01 0.000000000000000000e+00 4.318898849077398294e-01 0.000000000000000000e+00 4.323726299567551834e-01 0.000000000000000000e+00 3.337456269479571747e-01 4.927681680371360229e-01 3.607186492727551541e-01 4.641680162866628212e-01 3.310761184859706829e-01 0.000000000000000000e+00 3.890981963412153410e-01 4.399491648169934210e-01 0.000000000000000000e+00 0.000000000000000000e+00 3.714321148889759838e-01 0.000000000000000000e+00 0.000000000000000000e+00 0.000000000000000000e+00 3.946371081176462958e-01 0.000000000000000000e+00 0.000000000000000000e+00 0.000000000000000000e+00 3.903225825491654088e-01 0.000000000000000000e+00 4.268553690105168497e-01 0.000000000000000000e+00 3.985071043211500519e-01 0.000000000000000000e+00 4.302817641212000055e-01 0.000000000000000000e+00 3.869484725274724979e-01 4.086726666666666841e-01 0.000000000000000000e+00 0.000000000000000000e+00 0.000000000000000000e+00 0.000000000000000000e+00 4.208001552107582532e-01 4.284978741188624207e-01 4.498905113981762627e-01 4.121876548672565588e-01 0.000000000000000000e+00 0.000000000000000000e+00 0.000000000000000000e+00 0.000000000000000000e+00 0.000000000000000000e+00 0.000000000000000000e+00 0.000000000000000000e+00 0.000000000000000000e+00 0.000000000000000000e+00 0.000000000000000000e+00
