3.106815801047839720e-01 4.986411650147197228e-01 3.964910144234622957e-01 4.932647625787727752e-01 3.445239838709677205e-01 0.000000000000000000e+00 3.791905888528246948e-01 4.813119077785587008e-01 3.757112637092532847e-01 0.000000000000000000e+00 3.048299654729501040e-01 4.908961692624154716e-01 3.770407925132871485e-01 4.266562808988764721e-01 3.923189215261948526e-01 0.000000000000000000e+00 3.244311595065441645e-01 4.876645344438148566e-01 4.143236846955656305e-01 5.083386255644344320e-01 0.000000000000000000e+00 0.000000000000000000e+00 4.244046405624668505e-01 4.839137010309278453e-01 0.000000000000000000e+00 0.000000000000000000e+00 0.000000000000000000e+00 0.000000000000000000e+00 4.004478478312532563e-01 4.781793384094557009e-01 4.334260004636590891e-01 0.000000000000000000e+00 4.679866614317791940e-01 5.158850210183982821e-01 0.000000000000000000e+00 0.000000000000000000e+00 4.794295322922554337e-01 5.464165991482912155e-01 4.333789528301886240e-01 5.472541334743947772e-01 0.000000000000000000e+00 0.000000000000000000e+00 0.000000000000000000e+00 0.000000000000000000e+00 4.098940357900231479e-01 0.000000000000000000e+00 0.000000000000000000e+00 0.000000000000000000e+00 4.052697058861431945e-01 4.574667526652452798e-01 4.113178975617496347e-01 5.292625891472867439e-01 4.200706419753086895e-01 0.000000000000000000e+00 4.196907872776540205e-01 0.000000000000000000e+00 3.277587562652184427e-01 4.919569930295386029e-01 4.437745137567594700e-01 4.951518415984721977e-01 4.084506622153302735e-01 0.000000000000000000e+00 4.100829762721025507e-01 4.999656914849148759e-01 4.267637601888601417e-01 0.000000000000000000e+00 4.426243829617720893e-01 5.094666916544099422e-01 3.644587258229011750e-01 5.085953101466645920e-01 3.823519207173876056e-01 5.274442258064516720e-01 4.042511760273240773e-01 4.810282609002157206e-01 3.989193920327632759e-01 0.000000000000000000e+00 4.095955492346391447e-01 4.697182983566238201e-01 0.000000000000000000e+00 0.000000000000000000e+00 4.123518112996070184e-01 4.637736857142858993e-01 0.000000000000000000e+00 0.000000000000000000e+00 4.121492130287464084e-01 4.697514694898403120e-01 0.000000000000000000e+00 0.000000000000000000e+00 4.192277250307124836e-01 5.205058261338301184e-01 4.673941013965212665e-01 4.497148049071617582e-01 0.000000000000000000e+00 4.974054387096775165e-01 4.523315862068965632e-01 4.758249730480133000e-01 5.089464381160461182e-01 4.808543064516129228e-01 4.971219938591038279e-01 4.225949694656488398e-01 5.653193409090908617e-01 0.000000000000000000e+00 4.651672475239043147e-01 4.525330232189844759e-01 4.792829873295181287e-01 4.492581376811594640e-01 4.669700776699030054e-01 0.000000000000000000e+00 0.000000000000000000e+00 0.000000000000000000e+00 0.000000000000000000e+00 0.000000000000000000e+00 5.032402078977932236e-01 3.859486785714286161e-01 0.000000000000000000e+00 0.000000000000000000e+00
4.986411650147197228e-01 3.353390210197509380e-01 5.061408287443035503e-01 3.580854639619144852e-01 0.000000000000000000e+00 4.277106616541353490e-01 4.809671673176592055e-01 3.557051757092440369e-01 0.000000000000000000e+00 4.093022458408602793e-01 5.221257570621469224e-01 4.037057804956430962e-01 4.557474733503890651e-01 3.942421510366260207e-01 0.000000000000000000e+00 3.884160006015623390e-01 4.815297203385665581e-01 3.890377087364521036e-01 5.142203007101152634e-01 3.868048639374435105e-01 0.000000000000000000e+00 0.000000000000000000e+00 4.984009144736842312e-01 4.729380597014925525e-01 0.000000000000000000e+00 0.000000000000000000e+00 0.000000000000000000e+00 0.000000000000000000e+00 4.837881582209829223e-01 3.951888412944207785e-01 4.672067288671328811e-01 4.145392285714286085e-01 5.145613088395576407e-01 4.650099608338043589e-01 4.677834489795917872e-01 4.366760000000000086e-01 5.209326317588891531e-01 5.167363439005471237e-01 0.000000000000000000e+00 5.162734490087507178e-01 0.000000000000000000e+00 4.726347959162520707e-01 0.000000000000000000e+00 4.081097615384615684e-01 0.000000000000000000e+00 4.031131519586002021e-01 0.000000000000000000e+00 4.549323909774435903e-01 4.737056747967479664e-01 4.172906620720139848e-01 0.000000000000000000e+00 3.959838044778575816e-01 0.000000000000000000e+00 3.826730049530589484e-01 0.000000000000000000e+00 3.826420154832235188e-01 4.975721777729669726e-01 3.427924741392954222e-01 5.029391105062412937e-01 4.323427077049760703e-01 4.610029234108145024e-01 4.059319664820935647e-01 4.394739357798164714e-01 4.263381360405146259e-01 0.000000000000000000e+00 4.119766839106883682e-01 4.979101544532666401e-01 4.056864661656959803e-01 5.226174830937425630e-01 3.610975982506854365e-01 5.091244371794871881e-01 3.888920515549985635e-01 4.761738650520335181e-01 4.313787667621457600e-01 0.000000000000000000e+00 4.597322398489346318e-01 4.629269147614622493e-01 4.167285198236294619e-01 0.000000000000000000e+00 0.000000000000000000e+00 4.848694980558501122e-01 4.010573079071970137e-01 0.000000000000000000e+00 0.000000000000000000e+00 0.000000000000000000e+00 3.952513506103478846e-01 0.000000000000000000e+00 0.000000000000000000e+00 0.000000000000000000e+00 4.040587276769019853e-01 4.163653999999999966e-01 4.818973105817370706e-01 0.000000000000000000e+00 4.753693311307256586e-01 0.000000000000000000e+00 4.795776506812791662e-01 5.767538050847458297e-01 5.073923064516129289e-01 0.000000000000000000e+00 4.774506603689656625e-01 0.000000000000000000e+00 0.000000000000000000e+00 4.539828777430674478e-01 4.652055083679630942e-01 4.543543047885051922e-01 0.000000000000000000e+00 0.000000000000000000e+00 5.154320555555556016e-01 0.000000000000000000e+00 0.000000000000000000e+00 0.000000000000000000e+00 0.000000000000000000e+00 0.000000000000000000e+00 4.949856869565217865e-01 0.000000000000000000e+00 0.000000000000000000e+00
3.964910144234622957e-01 5.061408287443035503e-01 2.800620044674454467e-01 4.669507885937824732e-01 2.699182179109129165e-01 4.451613307599521785e-01 3.435579156180845195e-01 4.527055135800764352e-01 2.969145344486105453e-01 4.240276317828431951e-01 4.120366998366312705e-01 4.657120401640553742e-01 3.722661510403675877e-01 4.457999168465052175e-01 3.389634876002781128e-01 4.428968956241485788e-01 4.214150955673729992e-01 4.981438256243971296e-01 3.657020769075060573e-01 5.150613282047112884e-01 0.000000000000000000e+00 0.000000000000000000e+00 3.119500579098821169e-01 4.469781732705324639e-01 2.805215551920668959e-01 4.387617213114753945e-01 3.224480650409379257e-01 0.000000000000000000e+00 4.155661510357187560e-01 4.873259989030551131e-01 3.781079783053499788e-01 4.306404391640379359e-01 4.298871254229740257e-01 4.839961274943405667e-01 4.495107631171061935e-01 0.000000000000000000e+00 4.582263958224671030e-01 0.000000000000000000e+00 4.304709304799988479e-01 0.000000000000000000e+00 0.000000000000000000e+00 0.000000000000000000e+00 4.512468412778100624e-01 0.000000000000000000e+00 4.053467600561797557e-01 0.000000000000000000e+00 4.399471666307548934e-01 0.000000000000000000e+00 4.086954925161907504e-01 0.000000000000000000e+00 4.070411229107770423e-01 4.920001751824817915e-01 0.000000000000000000e+00 4.796879556962024838e-01 3.948883852423946683e-01 0.000000000000000000e+00 4.078988369266527969e-01 5.003355105268085801e-01 4.558606994204180696e-01 0.000000000000000000e+00 4.171010725362437888e-01 0.000000000000000000e+00 3.888472177847023259e-01 0.000000000000000000e+00 4.062576576868963674e-01 5.387576814159291683e-01 4.636959768504438917e-01 5.012426019472057126e-01 4.124913226857006010e-01 4.723069937106918470e-01 3.660419726199112822e-01 4.815126219753999015e-01 3.954381519491635411e-01 4.592590798663023222e-01 3.754994497149302668e-01 4.438424327004218961e-01 4.152827173281274376e-01 4.700278236299816892e-01 0.000000000000000000e+00 0.000000000000000000e+00 3.980248123302886909e-01 4.939124263565891626e-01 4.063035783132529777e-01 0.000000000000000000e+00 4.006748328834689454e-01 0.000000000000000000e+00 3.802969674796747301e-01 0.000000000000000000e+00 4.140384546878919658e-01 4.559241200000000438e-01 4.644549836947621246e-01 4.565540880378192723e-01 0.000000000000000000e+00 5.069343241379310472e-01 4.243525460858585951e-01 4.760190703356985131e-01 4.738209222222221628e-01 0.000000000000000000e+00 0.000000000000000000e+00 0.000000000000000000e+00 0.000000000000000000e+00 0.000000000000000000e+00 4.417470070133036053e-01 4.562351430252221118e-01 4.683469944415760700e-01 0.000000000000000000e+00 4.840751826923076484e-01 0.000000000000000000e+00 0.000000000000000000e+00 0.000000000000000000e+00 0.000000000000000000e+00 0.000000000000000000e+00 0.000000000000000000e+00 4.938507603305785087e-01 0.000000000000000000e+00 0.000000000000000000e+00
4.932647625787727752e-01 3.580854639619144852e-01 4.669507885937824732e-01 2.750357255929717359e-01 4.362002177210437259e-01 2.906382476282265981e-01 4.531636622256508540e-01 3.274542661280416822e-01 4.383717886260133922e-01 3.301403211167983631e-01 4.569052568881991072e-01 3.972556893951723622e-01 4.391878915043220810e-01 3.628406421483871269e-01 4.487777488974299955e-01 3.314202628172195908e-01 4.868016449089878628e-01 4.402300775482020367e-01 5.114071879600273762e-01 3.463791286665486302e-01 0.000000000000000000e+00 4.000494531249999541e-01 4.486550092833718195e-01 2.488976654177257886e-01 0.000000000000000000e+00 3.178788576795977816e-01 0.000000000000000000e+00 3.894089333333333736e-01 4.628732930149910829e-01 3.887570415343068464e-01 4.363203614677084730e-01 3.176262767361452966e-01 4.944408701955043117e-01 3.615082840776939199e-01 0.000000000000000000e+00 4.666591430952641839e-01 5.047165812904718107e-01 4.702650070219863698e-01 0.000000000000000000e+00 4.984465319365571911e-01 0.000000000000000000e+00 0.000000000000000000e+00 0.000000000000000000e+00 3.712617517474279261e-01 0.000000000000000000e+00 4.473128158829284273e-01 0.000000000000000000e+00 4.610904874407091292e-01 0.000000000000000000e+00 4.518564439541811750e-01 0.000000000000000000e+00 4.234591762099058077e-01 0.000000000000000000e+00 4.237586833333333858e-01 0.000000000000000000e+00 4.573205737704918450e-01 4.772910161921252170e-01 4.337487523113356391e-01 5.134518672566371622e-01 4.479862159683151157e-01 4.721421388888888959e-01 4.701211177908040106e-01 4.536337055837563192e-01 4.433113990015067896e-01 5.025176141732283774e-01 4.262163289526976206e-01 4.780875960994912521e-01 4.486618295180138660e-01 0.000000000000000000e+00 3.917838186985117543e-01 4.706503432269203979e-01 3.779737709175837179e-01 4.647980572715221803e-01 3.992815038795643479e-01 0.000000000000000000e+00 3.745015305780174941e-01 4.615105462811298076e-01 4.151611386658683456e-01 0.000000000000000000e+00 0.000000000000000000e+00 4.718438835978836510e-01 4.111398174428864682e-01 0.000000000000000000e+00 0.000000000000000000e+00 4.741630720720720338e-01 4.142730100972619178e-01 0.000000000000000000e+00 3.806065079365080206e-01 0.000000000000000000e+00 4.256044147599336580e-01 4.840073880597014488e-01 4.764097520757512028e-01 0.000000000000000000e+00 4.405256511627906879e-01 0.000000000000000000e+00 4.454007680160397831e-01 5.024173035714285529e-01 4.513695673076923431e-01 0.000000000000000000e+00 4.590916137390833041e-01 0.000000000000000000e+00 4.353523014705882876e-01 0.000000000000000000e+00 4.448952282404481928e-01 4.613578554036275037e-01 0.000000000000000000e+00 0.000000000000000000e+00 0.000000000000000000e+00 0.000000000000000000e+00 0.000000000000000000e+00 0.000000000000000000e+00 0.000000000000000000e+00 0.000000000000000000e+00 0.000000000000000000e+00 0.000000000000000000e+00 0.000000000000000000e+00
3.445239838709677205e-01 0.000000000000000000e+00 2.699182179109129165e-01 4.362002177210437259e-01 2.426369445069051778e-01 4.549258015233373920e-01 2.995991923815891633e-01 4.006452394366197267e-01 2.453751160392603214e-01 4.445096809683503625e-01 0.000000000000000000e+00 0.000000000000000000e+00 3.566588977774577396e-01 3.764138076923077003e-01 2.753950802761450101e-01 4.598393166412360067e-01 3.751119338475296661e-01 0.000000000000000000e+00 3.774296323633474226e-01 4.433473030560272088e-01 4.589792943336520881e-01 5.087384728415286217e-01 2.696102339887761490e-01 4.413102803129946294e-01 1.931162136266507956e-01 4.546889485563388456e-01 2.412733731484340560e-01 4.697868055701068246e-01 3.422152214949324422e-01 0.000000000000000000e+00 4.012940297120868305e-01 4.123138946579948394e-01 3.665423753502568549e-01 0.000000000000000000e+00 0.000000000000000000e+00 0.000000000000000000e+00 3.617228448275862096e-01 0.000000000000000000e+00 0.000000000000000000e+00 0.000000000000000000e+00 0.000000000000000000e+00 0.000000000000000000e+00 0.000000000000000000e+00 0.000000000000000000e+00 0.000000000000000000e+00 0.000000000000000000e+00 4.285983008928571647e-01 0.000000000000000000e+00 4.280947697841726574e-01 0.000000000000000000e+00 0.000000000000000000e+00 0.000000000000000000e+00 0.000000000000000000e+00 0.000000000000000000e+00 0.000000000000000000e+00 0.000000000000000000e+00 0.000000000000000000e+00 0.000000000000000000e+00 4.113951132075471806e-01 0.000000000000000000e+00 0.000000000000000000e+00 0.000000000000000000e+00 3.922068586073025886e-01 0.000000000000000000e+00 3.663281248511904842e-01 0.000000000000000000e+00 4.221937865245374288e-01 4.386469032258065170e-01 4.145142347826086815e-01 0.000000000000000000e+00 3.725596417255783721e-01 4.687431615477913316e-01 3.416991142890684618e-01 4.351718134038839447e-01 3.168908589020283939e-01 0.000000000000000000e+00 3.551813882512725451e-01 0.000000000000000000e+00 0.000000000000000000e+00 0.000000000000000000e+00 0.000000000000000000e+00 0.000000000000000000e+00 3.838946954997738970e-01 0.000000000000000000e+00 3.632172223590892091e-01 0.000000000000000000e+00 0.000000000000000000e+00 0.000000000000000000e+00 0.000000000000000000e+00 0.000000000000000000e+00 0.000000000000000000e+00 0.000000000000000000e+00 0.000000000000000000e+00 0.000000000000000000e+00 0.000000000000000000e+00 0.000000000000000000e+00 0.000000000000000000e+00 0.000000000000000000e+00 0.000000000000000000e+00 0.000000000000000000e+00 0.000000000000000000e+00 0.000000000000000000e+00 0.000000000000000000e+00 0.000000000000000000e+00 3.909975408163265387e-01 0.000000000000000000e+00 0.000000000000000000e+00 0.000000000000000000e+00 0.000000000000000000e+00 0.000000000000000000e+00 0.000000000000000000e+00 0.000000000000000000e+00 0.000000000000000000e+00 0.000000000000000000e+00 0.000000000000000000e+00 0.000000000000000000e+00
0.000000000000000000e+00 4.277106616541353490e-01 4.451613307599521785e-01 2.906382476282265981e-01 4.549258015233373920e-01 1.991222442744872145e-01 4.344634498086545893e-01 3.089520930884062655e-01 4.445268048571469621e-01 2.515437619052715013e-01 0.000000000000000000e+00 3.770716888888889784e-01 4.310257613636363505e-01 3.618721015076993841e-01 4.551924808977698134e-01 2.740834622137652832e-01 4.923150111111111449e-01 0.000000000000000000e+00 4.415791440398860179e-01 3.632711066638098507e-01 4.901959511423178983e-01 4.121925380754948853e-01 4.283765182782997560e-01 2.815284054462143248e-01 4.455607779852667205e-01 1.717746090585101915e-01 4.701925922591552731e-01 2.736119555280828175e-01 0.000000000000000000e+00 3.325851890671385758e-01 4.281659501065707141e-01 3.543810410947735856e-01 0.000000000000000000e+00 3.661305084030704315e-01 0.000000000000000000e+00 0.000000000000000000e+00 0.000000000000000000e+00 3.899450769841270037e-01 0.000000000000000000e+00 0.000000000000000000e+00 0.000000000000000000e+00 0.000000000000000000e+00 0.000000000000000000e+00 3.589373081761007556e-01 0.000000000000000000e+00 0.000000000000000000e+00 0.000000000000000000e+00 4.297963935782854183e-01 0.000000000000000000e+00 4.125384436090225870e-01 0.000000000000000000e+00 3.211647274809160124e-01 0.000000000000000000e+00 0.000000000000000000e+00 0.000000000000000000e+00 0.000000000000000000e+00 0.000000000000000000e+00 4.285202352645420820e-01 0.000000000000000000e+00 4.108111653025793286e-01 4.516411742514970795e-01 0.000000000000000000e+00 0.000000000000000000e+00 0.000000000000000000e+00 0.000000000000000000e+00 0.000000000000000000e+00 4.960526842948718151e-01 4.310834200861737853e-01 0.000000000000000000e+00 0.000000000000000000e+00 4.945608778495511615e-01 3.468272530337010995e-01 4.479407434080421302e-01 3.553030615982967211e-01 0.000000000000000000e+00 3.388910911649067881e-01 0.000000000000000000e+00 3.474003187976592577e-01 0.000000000000000000e+00 0.000000000000000000e+00 5.152152531645569633e-01 0.000000000000000000e+00 0.000000000000000000e+00 0.000000000000000000e+00 0.000000000000000000e+00 4.105413906810177482e-01 0.000000000000000000e+00 0.000000000000000000e+00 0.000000000000000000e+00 3.920661991004297242e-01 0.000000000000000000e+00 0.000000000000000000e+00 0.000000000000000000e+00 4.459638985507246023e-01 0.000000000000000000e+00 0.000000000000000000e+00 0.000000000000000000e+00 0.000000000000000000e+00 0.000000000000000000e+00 0.000000000000000000e+00 0.000000000000000000e+00 0.000000000000000000e+00 0.000000000000000000e+00 0.000000000000000000e+00 0.000000000000000000e+00 0.000000000000000000e+00 0.000000000000000000e+00 0.000000000000000000e+00 0.000000000000000000e+00 0.000000000000000000e+00 0.000000000000000000e+00 0.000000000000000000e+00 0.000000000000000000e+00 0.000000000000000000e+00 3.640510976744185667e-01 0.000000000000000000e+00
3.791905888528246948e-01 4.809671673176592055e-01 3.435579156180845195e-01 4.531636622256508540e-01 2.995991923815891633e-01 4.344634498086545893e-01 2.865407881988155658e-01 4.466041672449710953e-01 3.034975608911635869e-01 4.064495164835164598e-01 3.814174430507755731e-01 4.600127220144312745e-01 3.201758608093304148e-01 4.350898300477276659e-01 3.525435706401010560e-01 4.442305528866057340e-01 3.934108526686535545e-01 4.851440249457981690e-01 4.273069140890370932e-01 4.906439900940177679e-01 0.000000000000000000e+00 0.000000000000000000e+00 3.911903918930564328e-01 4.446753849175776874e-01 3.627305625000000200e-01 0.000000000000000000e+00 4.028450243902439443e-01 0.000000000000000000e+00 3.883744465604851426e-01 4.623555626070751101e-01 3.656180604778256349e-01 4.324754718067266301e-01 4.430315808485599804e-01 4.716044516484400040e-01 4.433408307881900323e-01 0.000000000000000000e+00 4.517807488209354405e-01 4.959939091770417252e-01 4.321827043850122729e-01 5.057003963963963011e-01 0.000000000000000000e+00 0.000000000000000000e+00 4.340605774647888215e-01 4.794727374301676615e-01 4.077721250517702400e-01 0.000000000000000000e+00 0.000000000000000000e+00 0.000000000000000000e+00 3.873082409766895329e-01 4.351379685099846517e-01 3.924972310920760710e-01 4.354724566929134011e-01 3.901272659574467894e-01 0.000000000000000000e+00 3.917667444223288942e-01 0.000000000000000000e+00 4.098152520472357341e-01 0.000000000000000000e+00 4.212563208995453445e-01 4.623754233813893166e-01 4.087740750769045528e-01 0.000000000000000000e+00 3.984827674600386893e-01 0.000000000000000000e+00 4.054677769131894149e-01 4.830892152108322568e-01 4.437781033548067744e-01 5.064619978879706386e-01 4.196005708278458535e-01 4.886378445326150510e-01 3.524417937256030808e-01 4.948754246054938855e-01 3.810770575238803248e-01 4.466389874358431822e-01 3.625049747962417190e-01 4.521938967544713028e-01 3.885227409939132071e-01 4.542702945901803124e-01 0.000000000000000000e+00 0.000000000000000000e+00 3.914904818318670765e-01 0.000000000000000000e+00 0.000000000000000000e+00 0.000000000000000000e+00 4.014780527429090418e-01 4.483221412224227542e-01 4.308565874125874218e-01 0.000000000000000000e+00 4.081539998846310247e-01 0.000000000000000000e+00 0.000000000000000000e+00 0.000000000000000000e+00 4.253528828125000549e-01 0.000000000000000000e+00 0.000000000000000000e+00 4.828341341463413539e-01 0.000000000000000000e+00 0.000000000000000000e+00 0.000000000000000000e+00 0.000000000000000000e+00 0.000000000000000000e+00 0.000000000000000000e+00 4.491813839285714871e-01 4.479587283549783527e-01 4.708391477704785832e-01 0.000000000000000000e+00 0.000000000000000000e+00 0.000000000000000000e+00 0.000000000000000000e+00 0.000000000000000000e+00 4.375987010644223352e-01 0.000000000000000000e+00 4.258414545454546896e-01 0.000000000000000000e+00 0.000000000000000000e+00 0.000000000000000000e+00
4.813119077785587008e-01 3.557051757092440369e-01 4.527055135800764352e-01 3.274542661280416822e-01 4.006452394366197267e-01 3.089520930884062655e-01 4.466041672449710953e-01 2.837351185321754787e-01 4.281508255857018330e-01 2.617918434611428702e-01 4.489065312338642588e-01 3.764678785788632132e-01 4.271220127670509736e-01 3.053952982004297101e-01 4.343935483617071269e-01 2.969709517091459472e-01 4.631861541166560903e-01 4.215094809574080337e-01 4.950520072343638778e-01 4.151793834829444196e-01 0.000000000000000000e+00 0.000000000000000000e+00 4.478490045217243254e-01 3.558828747204230702e-01 0.000000000000000000e+00 0.000000000000000000e+00 0.000000000000000000e+00 0.000000000000000000e+00 4.639181827976626704e-01 3.653385088939516412e-01 4.220927865043333505e-01 3.486887122938732153e-01 4.842355357224527590e-01 4.089047085642029677e-01 0.000000000000000000e+00 0.000000000000000000e+00 4.913022191876750822e-01 4.360720035465462940e-01 0.000000000000000000e+00 5.053955291616385459e-01 0.000000000000000000e+00 0.000000000000000000e+00 0.000000000000000000e+00 4.013354924450549532e-01 0.000000000000000000e+00 3.778975455607895273e-01 0.000000000000000000e+00 4.251662517006802311e-01 0.000000000000000000e+00 3.907318879648807308e-01 4.644531626016260573e-01 3.767435764662530606e-01 0.000000000000000000e+00 3.776512470100298335e-01 0.000000000000000000e+00 4.031781907086557371e-01 0.000000000000000000e+00 4.073302113461135243e-01 4.808787852820456954e-01 4.314544731008908007e-01 0.000000000000000000e+00 3.915027750435756682e-01 4.240356940298507515e-01 4.010662909001233567e-01 0.000000000000000000e+00 3.989202662446913461e-01 4.405398771332694197e-01 4.298376121899050162e-01 0.000000000000000000e+00 4.990484999999999505e-01 4.513611044417620843e-01 3.218483576258627799e-01 4.383065596365747774e-01 3.808629577689266466e-01 4.180657010619637237e-01 3.668527160978957702e-01 4.463565642499481290e-01 3.894063989243713997e-01 0.000000000000000000e+00 0.000000000000000000e+00 4.649338160402213260e-01 4.076471911621029620e-01 0.000000000000000000e+00 0.000000000000000000e+00 4.098890634920634990e-01 3.978901164933451029e-01 0.000000000000000000e+00 0.000000000000000000e+00 0.000000000000000000e+00 3.974373431984750127e-01 3.715631654135338469e-01 4.680210326615021343e-01 0.000000000000000000e+00 0.000000000000000000e+00 0.000000000000000000e+00 4.465715713819653487e-01 0.000000000000000000e+00 0.000000000000000000e+00 0.000000000000000000e+00 0.000000000000000000e+00 0.000000000000000000e+00 0.000000000000000000e+00 4.185275528455283944e-01 4.462532716814341938e-01 4.409728531445111233e-01 0.000000000000000000e+00 0.000000000000000000e+00 0.000000000000000000e+00 0.000000000000000000e+00 0.000000000000000000e+00 0.000000000000000000e+00 0.000000000000000000e+00 0.000000000000000000e+00 0.000000000000000000e+00 0.000000000000000000e+00 0.000000000000000000e+00
3.757112637092532847e-01 0.000000000000000000e+00 2.969145344486105453e-01 4.383717886260133922e-01 2.453751160392603214e-01 4.445268048571469621e-01 3.034975608911635869e-01 4.281508255857018330e-01 2.291134675962520628e-01 4.320011380468632423e-01 3.160507179487178631e-01 0.000000000000000000e+00 2.292070323951738431e-01 4.058573707865169022e-01 2.527618007850577220e-01 4.596370718004431644e-01 3.803186659136146286e-01 0.000000000000000000e+00 4.141456645186873953e-01 4.337794936391223266e-01 4.105472519936204101e-01 0.000000000000000000e+00 3.350804945441080429e-01 4.240108684885932067e-01 0.000000000000000000e+00 4.376725014083317489e-01 0.000000000000000000e+00 0.000000000000000000e+00 3.584821098536228323e-01 0.000000000000000000e+00 3.854481207887141547e-01 4.002874928228619678e-01 0.000000000000000000e+00 4.543686666666666429e-01 4.045051889978213966e-01 0.000000000000000000e+00 3.784612663165266011e-01 0.000000000000000000e+00 0.000000000000000000e+00 0.000000000000000000e+00 0.000000000000000000e+00 0.000000000000000000e+00 0.000000000000000000e+00 0.000000000000000000e+00 0.000000000000000000e+00 0.000000000000000000e+00 4.558973145161290264e-01 0.000000000000000000e+00 4.240681884057971307e-01 0.000000000000000000e+00 0.000000000000000000e+00 0.000000000000000000e+00 0.000000000000000000e+00 0.000000000000000000e+00 0.000000000000000000e+00 0.000000000000000000e+00 4.244879973847009436e-01 0.000000000000000000e+00 3.984828703670427186e-01 0.000000000000000000e+00 3.954417489676607667e-01 0.000000000000000000e+00 3.998497376829431293e-01 0.000000000000000000e+00 3.884554194523062720e-01 4.347741657142856764e-01 4.116038962264151335e-01 0.000000000000000000e+00 0.000000000000000000e+00 0.000000000000000000e+00 3.316643766331260901e-01 3.989579577464789084e-01 3.368277727825911838e-01 4.241046821012957047e-01 3.133223845127727780e-01 0.000000000000000000e+00 3.681591381414298647e-01 3.878369659845132267e-01 0.000000000000000000e+00 0.000000000000000000e+00 3.919108142618906721e-01 0.000000000000000000e+00 0.000000000000000000e+00 0.000000000000000000e+00 3.865270314466427992e-01 0.000000000000000000e+00 3.684121401996370837e-01 0.000000000000000000e+00 3.761391940733878614e-01 0.000000000000000000e+00 0.000000000000000000e+00 4.062619111111111514e-01 0.000000000000000000e+00 0.000000000000000000e+00 0.000000000000000000e+00 0.000000000000000000e+00 0.000000000000000000e+00 0.000000000000000000e+00 4.100469663865546344e-01 0.000000000000000000e+00 0.000000000000000000e+00 0.000000000000000000e+00 0.000000000000000000e+00 4.032595535714285639e-01 0.000000000000000000e+00 4.451117685185185802e-01 0.000000000000000000e+00 0.000000000000000000e+00 0.000000000000000000e+00 0.000000000000000000e+00 0.000000000000000000e+00 0.000000000000000000e+00 0.000000000000000000e+00 0.000000000000000000e+00 0.000000000000000000e+00 0.000000000000000000e+00
0.000000000000000000e+00 4.093022458408602793e-01 4.240276317828431951e-01 3.301403211167983631e-01 4.445096809683503625e-01 2.515437619052715013e-01 4.064495164835164598e-01 2.617918434611428702e-01 4.320011380468632423e-01 2.687819316659536550e-01 4.492058736842105549e-01 3.604727553016671693e-01 4.351828494623655730e-01 3.029120187129473174e-01 4.461167743483253623e-01 2.790209319867689719e-01 0.000000000000000000e+00 3.524604383561643628e-01 0.000000000000000000e+00 0.000000000000000000e+00 0.000000000000000000e+00 0.000000000000000000e+00 4.332542814322824509e-01 3.112573920376033310e-01 4.209698467018140322e-01 1.555502388888888865e-01 0.000000000000000000e+00 3.104017777777777209e-01 0.000000000000000000e+00 3.510992682731653436e-01 4.085472492120003629e-01 3.673077615315289424e-01 0.000000000000000000e+00 0.000000000000000000e+00 0.000000000000000000e+00 0.000000000000000000e+00 0.000000000000000000e+00 4.317234722222222931e-01 0.000000000000000000e+00 0.000000000000000000e+00 0.000000000000000000e+00 0.000000000000000000e+00 0.000000000000000000e+00 0.000000000000000000e+00 0.000000000000000000e+00 0.000000000000000000e+00 0.000000000000000000e+00 4.207462857142857393e-01 0.000000000000000000e+00 0.000000000000000000e+00 0.000000000000000000e+00 4.018997401185000484e-01 0.000000000000000000e+00 0.000000000000000000e+00 0.000000000000000000e+00 4.004478243243243529e-01 0.000000000000000000e+00 4.291455426356589054e-01 0.000000000000000000e+00 0.000000000000000000e+00 0.000000000000000000e+00 0.000000000000000000e+00 0.000000000000000000e+00 4.512455851943075746e-01 0.000000000000000000e+00 4.486553893111768776e-01 4.646294862234309764e-01 4.010814921874999994e-01 0.000000000000000000e+00 0.000000000000000000e+00 0.000000000000000000e+00 3.168484003912659941e-01 4.518541756756755956e-01 3.528973610013382833e-01 0.000000000000000000e+00 3.245748885905642700e-01 3.983321176470588365e-01 3.657918068920164023e-01 0.000000000000000000e+00 0.000000000000000000e+00 0.000000000000000000e+00 3.918240894308942512e-01 0.000000000000000000e+00 0.000000000000000000e+00 0.000000000000000000e+00 4.263162274870068158e-01 0.000000000000000000e+00 0.000000000000000000e+00 0.000000000000000000e+00 4.043702652807391607e-01 0.000000000000000000e+00 0.000000000000000000e+00 0.000000000000000000e+00 0.000000000000000000e+00 0.000000000000000000e+00 0.000000000000000000e+00 0.000000000000000000e+00 0.000000000000000000e+00 0.000000000000000000e+00 0.000000000000000000e+00 0.000000000000000000e+00 0.000000000000000000e+00 0.000000000000000000e+00 0.000000000000000000e+00 0.000000000000000000e+00 0.000000000000000000e+00 0.000000000000000000e+00 0.000000000000000000e+00 0.000000000000000000e+00 0.000000000000000000e+00 0.000000000000000000e+00 0.000000000000000000e+00 0.000000000000000000e+00 0.000000000000000000e+00 0.000000000000000000e+00 0.000000000000000000e+00
3.048299654729501040e-01 5.221257570621469224e-01 4.120366998366312705e-01 4.569052568881991072e-01 0.000000000000000000e+00 0.000000000000000000e+00 3.814174430507755731e-01 4.489065312338642588e-01 3.160507179487178631e-01 4.492058736842105549e-01 2.590971283671738568e-01 4.589688912257215425e-01 3.397759489579381675e-01 4.387035041512730715e-01 3.482816282030834487e-01 0.000000000000000000e+00 3.121325166138841922e-01 4.887012134831460464e-01 4.392095340339736143e-01 4.960717469898161536e-01 0.000000000000000000e+00 0.000000000000000000e+00 3.983956611534292258e-01 4.652099136622561137e-01 0.000000000000000000e+00 0.000000000000000000e+00 0.000000000000000000e+00 0.000000000000000000e+00 3.678286559198628014e-01 4.508632725652712003e-01 3.891030018705980975e-01 4.195114392408887949e-01 4.239630229533331018e-01 4.804718118964151907e-01 0.000000000000000000e+00 0.000000000000000000e+00 4.247277928571428496e-01 0.000000000000000000e+00 4.275970352797092144e-01 0.000000000000000000e+00 0.000000000000000000e+00 0.000000000000000000e+00 0.000000000000000000e+00 0.000000000000000000e+00 4.497652519083968903e-01 0.000000000000000000e+00 0.000000000000000000e+00 0.000000000000000000e+00 0.000000000000000000e+00 0.000000000000000000e+00 3.883776510754524125e-01 0.000000000000000000e+00 0.000000000000000000e+00 0.000000000000000000e+00 4.079075752538252608e-01 0.000000000000000000e+00 3.878481192895254503e-01 0.000000000000000000e+00 4.343043655654714730e-01 4.530472357142857343e-01 4.122333616786679755e-01 0.000000000000000000e+00 4.200325458764406772e-01 0.000000000000000000e+00 4.076630222819813687e-01 0.000000000000000000e+00 4.685765296246304779e-01 0.000000000000000000e+00 4.466152619996024975e-01 0.000000000000000000e+00 3.588884571249040811e-01 0.000000000000000000e+00 3.763508730413243630e-01 4.608787548686518187e-01 3.660452698412697825e-01 0.000000000000000000e+00 4.102431822346284673e-01 4.412805268719134366e-01 0.000000000000000000e+00 0.000000000000000000e+00 4.049638036927837859e-01 0.000000000000000000e+00 0.000000000000000000e+00 0.000000000000000000e+00 3.970270884585812565e-01 0.000000000000000000e+00 0.000000000000000000e+00 0.000000000000000000e+00 4.022463985742217862e-01 0.000000000000000000e+00 0.000000000000000000e+00 0.000000000000000000e+00 0.000000000000000000e+00 0.000000000000000000e+00 0.000000000000000000e+00 0.000000000000000000e+00 0.000000000000000000e+00 0.000000000000000000e+00 0.000000000000000000e+00 0.000000000000000000e+00 0.000000000000000000e+00 0.000000000000000000e+00 0.000000000000000000e+00 0.000000000000000000e+00 0.000000000000000000e+00 0.000000000000000000e+00 0.000000000000000000e+00 0.000000000000000000e+00 0.000000000000000000e+00 0.000000000000000000e+00 0.000000000000000000e+00 0.000000000000000000e+00 0.000000000000000000e+00 0.000000000000000000e+00 0.000000000000000000e+00 0.000000000000000000e+00
4.908961692624154716e-01 4.037057804956430962e-01 4.657120401640553742e-01 3.972556893951723622e-01 0.000000000000000000e+00 3.770716888888889784e-01 4.600127220144312745e-01 3.764678785788632132e-01 0.000000000000000000e+00 3.604727553016671693e-01 4.589688912257215425e-01 2.862988969596547695e-01 4.287887008006131540e-01 3.091148022966587194e-01 0.000000000000000000e+00 3.551037478925131996e-01 4.744226147230869439e-01 2.676832227901636552e-01 5.044831052228859747e-01 4.328058503576144855e-01 0.000000000000000000e+00 0.000000000000000000e+00 4.579150732908538468e-01 3.911216767069821132e-01 0.000000000000000000e+00 0.000000000000000000e+00 4.043025859375000142e-01 0.000000000000000000e+00 4.893994011445799153e-01 3.140714811716217025e-01 4.141975438923459762e-01 3.871078926797677511e-01 4.738017705292947856e-01 4.117874597464334374e-01 0.000000000000000000e+00 4.540917837837837867e-01 4.979031533308669322e-01 4.601395644230769078e-01 0.000000000000000000e+00 0.000000000000000000e+00 0.000000000000000000e+00 0.000000000000000000e+00 0.000000000000000000e+00 0.000000000000000000e+00 0.000000000000000000e+00 3.648338275713051138e-01 0.000000000000000000e+00 0.000000000000000000e+00 0.000000000000000000e+00 4.533702496161197693e-01 0.000000000000000000e+00 4.162134827297367390e-01 0.000000000000000000e+00 0.000000000000000000e+00 0.000000000000000000e+00 4.030175500000000577e-01 0.000000000000000000e+00 3.951100436681202477e-01 4.686837122302158209e-01 4.511649680607427437e-01 0.000000000000000000e+00 4.003460682648211644e-01 0.000000000000000000e+00 4.003384676319276525e-01 0.000000000000000000e+00 4.287115492253004700e-01 4.427112205882353102e-01 4.382257981893321608e-01 0.000000000000000000e+00 4.305757670075651689e-01 4.771230007122506667e-01 3.509540513307851106e-01 4.487633811602930178e-01 3.787437281535206979e-01 0.000000000000000000e+00 3.711294897727272502e-01 4.461399399972440505e-01 3.955023985133750419e-01 0.000000000000000000e+00 4.742299078947369018e-01 0.000000000000000000e+00 4.221032276943649797e-01 0.000000000000000000e+00 0.000000000000000000e+00 0.000000000000000000e+00 4.273574048306809647e-01 0.000000000000000000e+00 0.000000000000000000e+00 0.000000000000000000e+00 4.235993217403566935e-01 0.000000000000000000e+00 5.040926815642456926e-01 0.000000000000000000e+00 0.000000000000000000e+00 4.865890314960629182e-01 0.000000000000000000e+00 0.000000000000000000e+00 0.000000000000000000e+00 0.000000000000000000e+00 0.000000000000000000e+00 0.000000000000000000e+00 0.000000000000000000e+00 0.000000000000000000e+00 0.000000000000000000e+00 0.000000000000000000e+00 0.000000000000000000e+00 0.000000000000000000e+00 0.000000000000000000e+00 0.000000000000000000e+00 0.000000000000000000e+00 0.000000000000000000e+00 0.000000000000000000e+00 0.000000000000000000e+00 0.000000000000000000e+00 0.000000000000000000e+00 0.000000000000000000e+00
3.770407925132871485e-01 4.557474733503890651e-01 3.722661510403675877e-01 4.391878915043220810e-01 3.566588977774577396e-01 4.310257613636363505e-01 3.201758608093304148e-01 4.271220127670509736e-01 2.292070323951738431e-01 4.351828494623655730e-01 3.397759489579381675e-01 4.287887008006131540e-01 2.758049752238949659e-01 4.247551880616942666e-01 2.464502170200855158e-01 4.234134728264218328e-01 3.744290688472761697e-01 5.318312524271844310e-01 4.272945707214124145e-01 4.688805107167078323e-01 0.000000000000000000e+00 0.000000000000000000e+00 3.822038429670192583e-01 4.235001006773810306e-01 0.000000000000000000e+00 4.454857757309447219e-01 0.000000000000000000e+00 0.000000000000000000e+00 3.366637798798209902e-01 4.267582456541423319e-01 3.536302351845115322e-01 4.248606295205425432e-01 4.156103593890743686e-01 4.526147979958672352e-01 4.478796823937705174e-01 0.000000000000000000e+00 4.061534287186533421e-01 4.770900344827586070e-01 0.000000000000000000e+00 0.000000000000000000e+00 0.000000000000000000e+00 0.000000000000000000e+00 4.610539147286821793e-01 0.000000000000000000e+00 0.000000000000000000e+00 0.000000000000000000e+00 0.000000000000000000e+00 4.781557696969697679e-01 3.780882807572862325e-01 4.480190515463917111e-01 4.122097706212637935e-01 0.000000000000000000e+00 0.000000000000000000e+00 0.000000000000000000e+00 3.890676019778315786e-01 0.000000000000000000e+00 3.998394657423459120e-01 0.000000000000000000e+00 4.210975147701804810e-01 4.639024031233999201e-01 4.075039132339206005e-01 0.000000000000000000e+00 4.128245458036665649e-01 0.000000000000000000e+00 4.067719214486194002e-01 0.000000000000000000e+00 4.359302908937161547e-01 4.938631924454439104e-01 4.317508329343388573e-01 0.000000000000000000e+00 3.277622567226563532e-01 4.606260760749922856e-01 3.877211528595501666e-01 4.388941504806032068e-01 0.000000000000000000e+00 3.687504408602149675e-01 4.089550955952411804e-01 4.458040044860352435e-01 0.000000000000000000e+00 0.000000000000000000e+00 4.040364208420968994e-01 0.000000000000000000e+00 0.000000000000000000e+00 0.000000000000000000e+00 4.002623652617960381e-01 0.000000000000000000e+00 0.000000000000000000e+00 0.000000000000000000e+00 4.075464979692320355e-01 0.000000000000000000e+00 0.000000000000000000e+00 4.263529074790458062e-01 4.376626416666667407e-01 0.000000000000000000e+00 0.000000000000000000e+00 0.000000000000000000e+00 0.000000000000000000e+00 0.000000000000000000e+00 0.000000000000000000e+00 4.296388034188033944e-01 0.000000000000000000e+00 0.000000000000000000e+00 0.000000000000000000e+00 4.315084807381173726e-01 4.651602307692307425e-01 0.000000000000000000e+00 0.000000000000000000e+00 0.000000000000000000e+00 0.000000000000000000e+00 0.000000000000000000e+00 3.278246335877862405e-01 0.000000000000000000e+00 0.000000000000000000e+00 0.000000000000000000e+00 0.000000000000000000e+00 0.000000000000000000e+00
