2.434424522888954112e-01 4.562989565654160806e-01 2.786012125019772800e-01 4.614686788202174705e-01 3.537676420875420780e-01 0.000000000000000000e+00 2.787952105472189523e-01 4.519141737378734036e-01 3.281429362633275226e-01 0.000000000000000000e+00 2.923677415837768190e-01 4.521107275994009078e-01 3.431481109465205348e-01 4.625069841269841553e-01 0.000000000000000000e+00 0.000000000000000000e+00 2.846858270269965741e-01 4.567847286977599341e-01 3.589946968285877005e-01 4.749511921181776009e-01 3.605735764705882418e-01 0.000000000000000000e+00 3.461275336850648809e-01 4.528313376425013304e-01 2.714164615384616064e-01 0.000000000000000000e+00 0.000000000000000000e+00 0.000000000000000000e+00 3.782639261252787044e-01 4.645527857431256957e-01 3.520173668150507473e-01 0.000000000000000000e+00 3.631964118958995180e-01 4.696131709112854047e-01 4.048817118002158155e-01 0.000000000000000000e+00 4.543538950201113646e-01 5.233917994427134124e-01 0.000000000000000000e+00 5.341783902654867466e-01 3.353311452171596208e-01 0.000000000000000000e+00 0.000000000000000000e+00 0.000000000000000000e+00 3.403501492690451657e-01 4.666724639393939333e-01 3.329957524752474307e-01 0.000000000000000000e+00 3.572231255085425716e-01 4.644849911504424500e-01 3.408211456627087688e-01 4.266434683080808088e-01 3.507581421920630826e-01 0.000000000000000000e+00 3.464968009190943499e-01 0.000000000000000000e+00 3.043710266589420010e-01 4.422991840896581262e-01 3.721305822792223550e-01 4.467752295678631413e-01 3.444506553521808900e-01 4.346485575358501330e-01 2.838729788897235706e-01 4.401461950957086255e-01 3.520519967916072579e-01 4.614195892857143044e-01 3.805007502425636901e-01 4.413812834012619812e-01 3.316083996573007675e-01 4.719939722765532641e-01 3.270696083591006498e-01 4.620260031164031833e-01 3.434722167383379987e-01 4.589174982482642773e-01 3.806445454545454021e-01 0.000000000000000000e+00 3.699793577734857286e-01 4.498384858270102482e-01 0.000000000000000000e+00 4.733921276595743910e-01 3.580307731152272410e-01 4.438649767441860128e-01 4.216691190476190010e-01 0.000000000000000000e+00 3.732879265948079173e-01 0.000000000000000000e+00 0.000000000000000000e+00 0.000000000000000000e+00 3.638199796320478741e-01 0.000000000000000000e+00 4.017347879501076968e-01 4.263105079760718397e-01 3.946660840061325115e-01 0.000000000000000000e+00 4.289457386036172881e-01 0.000000000000000000e+00 4.091548175699835643e-01 4.175624848484847940e-01 4.146490521739130131e-01 0.000000000000000000e+00 3.768542773722627914e-01 0.000000000000000000e+00 4.120275126380655295e-01 4.181726384615384595e-01 4.116762921022268373e-01 0.000000000000000000e+00 3.764740504469987203e-01 0.000000000000000000e+00 0.000000000000000000e+00 0.000000000000000000e+00 0.000000000000000000e+00 0.000000000000000000e+00 0.000000000000000000e+00 0.000000000000000000e+00 0.000000000000000000e+00 0.000000000000000000e+00
4.562989565654160806e-01 2.607408600821365385e-01 4.785859094070850084e-01 2.961876094066686060e-01 0.000000000000000000e+00 2.847686657395619436e-01 4.555106889254292857e-01 2.793801508840933479e-01 4.401031639344262780e-01 3.525189662507634547e-01 4.579837514672597809e-01 3.397057762710571915e-01 4.661215417077651524e-01 3.563267929896013486e-01 0.000000000000000000e+00 3.767275799297598593e-01 4.563308258726186950e-01 2.699713607044679220e-01 4.895508252022181539e-01 3.216365463937845837e-01 0.000000000000000000e+00 0.000000000000000000e+00 0.000000000000000000e+00 3.302887266158168744e-01 0.000000000000000000e+00 3.911586212121211936e-01 0.000000000000000000e+00 3.698271746031745466e-01 4.726424279186196564e-01 3.832376314939378026e-01 4.617286539445866200e-01 0.000000000000000000e+00 4.779491631338195212e-01 3.913096140808256518e-01 3.794428571428572483e-01 4.127538615412754686e-01 4.905524121253009295e-01 4.491356121977321258e-01 0.000000000000000000e+00 4.730383116106088304e-01 0.000000000000000000e+00 0.000000000000000000e+00 0.000000000000000000e+00 0.000000000000000000e+00 4.402241311475409979e-01 3.656233386625067916e-01 0.000000000000000000e+00 0.000000000000000000e+00 0.000000000000000000e+00 3.686784185073211928e-01 0.000000000000000000e+00 3.480638523302945764e-01 3.870219860139859636e-01 3.581249717944694488e-01 0.000000000000000000e+00 3.545610447028130774e-01 4.537761893222083120e-01 3.046040095227697253e-01 4.419853924013680269e-01 3.603353567802194957e-01 4.345633501499500118e-01 3.531627874047631455e-01 4.243961880311490353e-01 3.483984464611710741e-01 0.000000000000000000e+00 3.491468028417634151e-01 4.561432784027776299e-01 3.843361947592954797e-01 4.805289382458698411e-01 2.155967408148584397e-01 4.640838482877076010e-01 3.397537503872641307e-01 4.554635590568048009e-01 3.694349517622181889e-01 0.000000000000000000e+00 3.426436779661017340e-01 4.622904091809354465e-01 3.796831966351643106e-01 0.000000000000000000e+00 0.000000000000000000e+00 4.434268942019169990e-01 3.586091549987215354e-01 0.000000000000000000e+00 3.400239024208384642e-01 4.337176649383517879e-01 3.775326792049332192e-01 0.000000000000000000e+00 0.000000000000000000e+00 4.273054489795918287e-01 3.816742115338135899e-01 4.524526855095540867e-01 3.964317611837793742e-01 4.715800445859873458e-01 3.958562331520657507e-01 0.000000000000000000e+00 4.145227881773799750e-01 4.882379436827956609e-01 4.087593438313378846e-01 0.000000000000000000e+00 4.335950477714549667e-01 0.000000000000000000e+00 3.495986594202898368e-01 0.000000000000000000e+00 4.002688521862324267e-01 4.112464371949102748e-01 4.303565243408747909e-01 0.000000000000000000e+00 4.081343999999999528e-01 0.000000000000000000e+00 0.000000000000000000e+00 4.416651764705882832e-01 3.745442201834862095e-01 3.786389663865546984e-01 3.876395247014348122e-01 0.000000000000000000e+00 0.000000000000000000e+00
2.786012125019772800e-01 4.785859094070850084e-01 2.439050200663047396e-01 4.495329345735032955e-01 1.996088828040100960e-01 3.779222500020967823e-01 2.775498779578632336e-01 4.462797780166739559e-01 2.521628849308154563e-01 4.359956626307117111e-01 3.653778604751561354e-01 4.509391852265299261e-01 3.478594109617407781e-01 4.272252301509292249e-01 3.171586777060758644e-01 4.248702582457671295e-01 3.489609280149111314e-01 4.678059365778955425e-01 3.079671960039854772e-01 4.848528643208439570e-01 0.000000000000000000e+00 0.000000000000000000e+00 2.360840580510387698e-01 4.092094665562440170e-01 2.247425235303818492e-01 3.629826272849359103e-01 2.507414391144339727e-01 0.000000000000000000e+00 3.364627045925163706e-01 4.463066997012522519e-01 3.417558563391345783e-01 4.329389644131947379e-01 3.530519052280972070e-01 4.859967832299983970e-01 4.529021673320844932e-01 0.000000000000000000e+00 3.943950116830370889e-01 5.138135966828754064e-01 0.000000000000000000e+00 0.000000000000000000e+00 0.000000000000000000e+00 0.000000000000000000e+00 4.192938006191950784e-01 0.000000000000000000e+00 3.386625837183168675e-01 0.000000000000000000e+00 3.979852123893805604e-01 0.000000000000000000e+00 3.595896486686588345e-01 0.000000000000000000e+00 3.344106499763917495e-01 0.000000000000000000e+00 2.906889889550859363e-01 0.000000000000000000e+00 3.218586023725668044e-01 0.000000000000000000e+00 3.257604577652726818e-01 0.000000000000000000e+00 3.793174357389628715e-01 4.606035164856108199e-01 3.255118517044041648e-01 0.000000000000000000e+00 3.050905459701906408e-01 4.305711102591356365e-01 3.407416887440226083e-01 0.000000000000000000e+00 3.957981874996976401e-01 4.527113643162393175e-01 2.961417783068274190e-01 0.000000000000000000e+00 3.228815747826987992e-01 4.652600088320048011e-01 3.149269565364686829e-01 4.233100574161237084e-01 2.910693207547170314e-01 0.000000000000000000e+00 3.568146018634174021e-01 4.527379342578747856e-01 3.282362954545454681e-01 0.000000000000000000e+00 3.527445135990316949e-01 4.579258333333333653e-01 3.430003333333333515e-01 0.000000000000000000e+00 3.336168368885073510e-01 0.000000000000000000e+00 3.395958881578947097e-01 0.000000000000000000e+00 3.280522568958604279e-01 4.361618773567552676e-01 3.986824213036725406e-01 3.893611889555222416e-01 3.757919376754632057e-01 0.000000000000000000e+00 3.841638133767875107e-01 0.000000000000000000e+00 4.648621773049645967e-01 0.000000000000000000e+00 3.988144545454546108e-01 0.000000000000000000e+00 0.000000000000000000e+00 0.000000000000000000e+00 3.723895772357723732e-01 0.000000000000000000e+00 4.065629779235655494e-01 0.000000000000000000e+00 4.249903301886793217e-01 0.000000000000000000e+00 0.000000000000000000e+00 0.000000000000000000e+00 0.000000000000000000e+00 0.000000000000000000e+00 0.000000000000000000e+00 0.000000000000000000e+00 0.000000000000000000e+00 0.000000000000000000e+00
4.614686788202174705e-01 2.961876094066686060e-01 4.495329345735032955e-01 2.362702461693964306e-01 0.000000000000000000e+00 1.656940978254970720e-01 4.390955219883131422e-01 3.090203669068523062e-01 4.195811442036633809e-01 3.032492637663403712e-01 4.425563631537125509e-01 3.786723202694096679e-01 4.228821020219269977e-01 3.271598515617935576e-01 4.142698120626101543e-01 2.997371543881504619e-01 4.650919258521640232e-01 3.836282823890910243e-01 4.922288133768534246e-01 2.936373938557343410e-01 0.000000000000000000e+00 0.000000000000000000e+00 4.321932530754972190e-01 2.331399059932663664e-01 3.990561880551444784e-01 2.116013892908913119e-01 3.710325748405797208e-01 3.027202122892978520e-01 4.399237027509197429e-01 3.501964112150045549e-01 3.760343722096156083e-01 3.381455500732446495e-01 4.795012488437400133e-01 3.776411279065255422e-01 0.000000000000000000e+00 0.000000000000000000e+00 5.243233264181766939e-01 4.471784738817006222e-01 0.000000000000000000e+00 4.402613378378378850e-01 0.000000000000000000e+00 0.000000000000000000e+00 0.000000000000000000e+00 3.889831538461538396e-01 5.200015730994151930e-01 4.100807429865575005e-01 0.000000000000000000e+00 0.000000000000000000e+00 0.000000000000000000e+00 4.078728695852333885e-01 0.000000000000000000e+00 3.463197279641863635e-01 0.000000000000000000e+00 3.695078080699233380e-01 0.000000000000000000e+00 3.108976772294218538e-01 4.750444069369809119e-01 3.617369801227484083e-01 4.576160344827586157e-01 3.851832113395624035e-01 3.712038437499999843e-01 3.201968284739566961e-01 4.207534644444444472e-01 3.341565594444444454e-01 0.000000000000000000e+00 3.532553751440363765e-01 4.712849242424242968e-01 3.948238024215333652e-01 4.644897360185624713e-01 3.862642795577754806e-01 4.315769642163568287e-01 3.529886207240487406e-01 4.117297163356417600e-01 3.491884640687309416e-01 0.000000000000000000e+00 2.908556666666666790e-01 4.428411745102753261e-01 3.822374195394934726e-01 0.000000000000000000e+00 0.000000000000000000e+00 4.172602713178294453e-01 3.510887789276214699e-01 0.000000000000000000e+00 0.000000000000000000e+00 0.000000000000000000e+00 3.381201463345246405e-01 0.000000000000000000e+00 0.000000000000000000e+00 0.000000000000000000e+00 3.367824310945708444e-01 0.000000000000000000e+00 3.777919593487394923e-01 4.402547592592592207e-01 3.797904395747495054e-01 4.598693524590163895e-01 3.893201506266676382e-01 4.195238113207547248e-01 3.971047798214285551e-01 0.000000000000000000e+00 0.000000000000000000e+00 0.000000000000000000e+00 0.000000000000000000e+00 4.231600969696969750e-01 4.069707298018294672e-01 0.000000000000000000e+00 3.952421393133997984e-01 0.000000000000000000e+00 4.117942412280701792e-01 0.000000000000000000e+00 0.000000000000000000e+00 0.000000000000000000e+00 0.000000000000000000e+00 0.000000000000000000e+00 3.736444811320754344e-01 0.000000000000000000e+00 0.000000000000000000e+00
3.537676420875420780e-01 0.000000000000000000e+00 1.996088828040100960e-01 0.000000000000000000e+00 2.432040888335185169e-01 3.956798634936793957e-01 2.387039415441226942e-01 4.215914261612320746e-01 2.463615117630937323e-01 4.163475269582317950e-01 0.000000000000000000e+00 0.000000000000000000e+00 3.201689436234140262e-01 3.278097527472527140e-01 2.738718306606608976e-01 3.938081945381802784e-01 0.000000000000000000e+00 0.000000000000000000e+00 3.094715934054136919e-01 4.389812847826086162e-01 2.889144465972907638e-01 4.216852864522690481e-01 1.986181627013738349e-01 3.953652696318435966e-01 2.167545805391076774e-01 4.033428533525293957e-01 2.482669360609270348e-01 3.649466000000000099e-01 3.721015750213522155e-01 3.746029315068493126e-01 3.192804619453685211e-01 3.739677219789159235e-01 2.970509363636363864e-01 0.000000000000000000e+00 0.000000000000000000e+00 0.000000000000000000e+00 4.459690558640404534e-01 0.000000000000000000e+00 4.367113908730158589e-01 0.000000000000000000e+00 0.000000000000000000e+00 0.000000000000000000e+00 3.996549107142857160e-01 0.000000000000000000e+00 0.000000000000000000e+00 0.000000000000000000e+00 3.984901065443350876e-01 0.000000000000000000e+00 0.000000000000000000e+00 0.000000000000000000e+00 0.000000000000000000e+00 0.000000000000000000e+00 4.049069202531645484e-01 0.000000000000000000e+00 3.774912739839075826e-01 0.000000000000000000e+00 0.000000000000000000e+00 0.000000000000000000e+00 0.000000000000000000e+00 0.000000000000000000e+00 2.803063803278688093e-01 0.000000000000000000e+00 3.999526857142857161e-01 0.000000000000000000e+00 0.000000000000000000e+00 0.000000000000000000e+00 3.770710487428859392e-01 0.000000000000000000e+00 4.048811008064515660e-01 0.000000000000000000e+00 3.209484509459011314e-01 4.506003977386799919e-01 3.181407118079370711e-01 3.971466506076403724e-01 2.614083541053862092e-01 0.000000000000000000e+00 3.273686295703481242e-01 3.841260589675387083e-01 0.000000000000000000e+00 0.000000000000000000e+00 3.837641159420289716e-01 0.000000000000000000e+00 4.623861818392255296e-01 0.000000000000000000e+00 3.922642151092301521e-01 0.000000000000000000e+00 3.939252949319255737e-01 0.000000000000000000e+00 4.054292927088515297e-01 0.000000000000000000e+00 0.000000000000000000e+00 0.000000000000000000e+00 0.000000000000000000e+00 0.000000000000000000e+00 0.000000000000000000e+00 0.000000000000000000e+00 0.000000000000000000e+00 0.000000000000000000e+00 0.000000000000000000e+00 0.000000000000000000e+00 0.000000000000000000e+00 0.000000000000000000e+00 0.000000000000000000e+00 0.000000000000000000e+00 0.000000000000000000e+00 0.000000000000000000e+00 0.000000000000000000e+00 0.000000000000000000e+00 0.000000000000000000e+00 0.000000000000000000e+00 0.000000000000000000e+00 0.000000000000000000e+00 0.000000000000000000e+00 0.000000000000000000e+00 0.000000000000000000e+00 0.000000000000000000e+00
0.000000000000000000e+00 2.847686657395619436e-01 3.779222500020967823e-01 1.656940978254970720e-01 3.956798634936793957e-01 1.816822271275678746e-01 3.917209954579332631e-01 2.682543927273862705e-01 3.822649541335960133e-01 2.227321240229916122e-01 0.000000000000000000e+00 3.185187708333332979e-01 4.455319900990099002e-01 3.037417226271965087e-01 3.948242399735126806e-01 2.246671974486001977e-01 0.000000000000000000e+00 0.000000000000000000e+00 4.074385648148148298e-01 3.103898342885198502e-01 0.000000000000000000e+00 2.081341873009689147e-01 3.681834881099155798e-01 1.907894006239090612e-01 3.713747082490110873e-01 2.393336477043487287e-01 4.040469380756503415e-01 2.022853454315185762e-01 0.000000000000000000e+00 2.365253844371825453e-01 3.224435289818589623e-01 3.279030082337070495e-01 3.953741779661016920e-01 3.654813859346323079e-01 0.000000000000000000e+00 0.000000000000000000e+00 3.846007500000000467e-01 0.000000000000000000e+00 0.000000000000000000e+00 0.000000000000000000e+00 0.000000000000000000e+00 0.000000000000000000e+00 0.000000000000000000e+00 0.000000000000000000e+00 0.000000000000000000e+00 0.000000000000000000e+00 0.000000000000000000e+00 4.076895029123951408e-01 0.000000000000000000e+00 0.000000000000000000e+00 0.000000000000000000e+00 3.341079041682711304e-01 0.000000000000000000e+00 0.000000000000000000e+00 0.000000000000000000e+00 3.421329925925926108e-01 0.000000000000000000e+00 3.009164553571428979e-01 0.000000000000000000e+00 0.000000000000000000e+00 0.000000000000000000e+00 2.928232674497874277e-01 0.000000000000000000e+00 3.268302203968423969e-01 0.000000000000000000e+00 0.000000000000000000e+00 3.573688902439024484e-01 4.409960796461117605e-01 0.000000000000000000e+00 3.690422079207921757e-01 4.241556779172431790e-01 3.218725897715298823e-01 3.815913909445236563e-01 2.907458309280182007e-01 0.000000000000000000e+00 2.667232682926828913e-01 3.720051148871499902e-01 3.146861565290815510e-01 0.000000000000000000e+00 0.000000000000000000e+00 0.000000000000000000e+00 3.494535350877193136e-01 0.000000000000000000e+00 0.000000000000000000e+00 0.000000000000000000e+00 3.373042513052214031e-01 0.000000000000000000e+00 0.000000000000000000e+00 0.000000000000000000e+00 3.233182108598817717e-01 3.448476906474820525e-01 3.596231268656716051e-01 0.000000000000000000e+00 0.000000000000000000e+00 0.000000000000000000e+00 0.000000000000000000e+00 0.000000000000000000e+00 0.000000000000000000e+00 0.000000000000000000e+00 0.000000000000000000e+00 0.000000000000000000e+00 0.000000000000000000e+00 4.003138604651163557e-01 0.000000000000000000e+00 0.000000000000000000e+00 0.000000000000000000e+00 0.000000000000000000e+00 0.000000000000000000e+00 0.000000000000000000e+00 0.000000000000000000e+00 0.000000000000000000e+00 0.000000000000000000e+00 0.000000000000000000e+00 0.000000000000000000e+00 0.000000000000000000e+00 0.000000000000000000e+00
2.787952105472189523e-01 4.555106889254292857e-01 2.775498779578632336e-01 4.390955219883131422e-01 2.387039415441226942e-01 3.917209954579332631e-01 2.423202731932694032e-01 4.389182402814579276e-01 2.368435791532429724e-01 4.222281558969567250e-01 3.324462109626885042e-01 4.477482315131012247e-01 2.839930820245398779e-01 4.211748473907801493e-01 2.909607096015436878e-01 4.177587050155442960e-01 3.420904234056066917e-01 4.483097044233204098e-01 3.578368837611090592e-01 4.729383035480732578e-01 0.000000000000000000e+00 0.000000000000000000e+00 3.222409878043882014e-01 4.182981780375625291e-01 2.741929468727866692e-01 4.129673636667425818e-01 0.000000000000000000e+00 3.012392537313433039e-01 3.387584154672865777e-01 4.448649214495622450e-01 3.301266309621476158e-01 4.133670391247992737e-01 3.439336604117099738e-01 4.661781770645685996e-01 4.288649485072849599e-01 0.000000000000000000e+00 3.838867912792996440e-01 4.743445006372132289e-01 3.425785537543214465e-01 0.000000000000000000e+00 0.000000000000000000e+00 0.000000000000000000e+00 3.680622852564102709e-01 0.000000000000000000e+00 3.507347092225144292e-01 0.000000000000000000e+00 3.692769146341463582e-01 0.000000000000000000e+00 3.518609391739394021e-01 0.000000000000000000e+00 3.364843348881106366e-01 0.000000000000000000e+00 3.367154041224047489e-01 0.000000000000000000e+00 3.440261988634509271e-01 0.000000000000000000e+00 3.317901925791542639e-01 4.661776382978722877e-01 3.570845370087883941e-01 4.500094929175652569e-01 3.390797842372645921e-01 0.000000000000000000e+00 3.329137665588851602e-01 4.089204387096774251e-01 3.413487999631559799e-01 0.000000000000000000e+00 3.815441637473371839e-01 4.407666606321953284e-01 3.214522142857142994e-01 4.153029252336448707e-01 3.135126948034712147e-01 4.708208693458352800e-01 3.250095161912858188e-01 4.276557219238528162e-01 0.000000000000000000e+00 0.000000000000000000e+00 3.473491363061859682e-01 4.442833224973087303e-01 0.000000000000000000e+00 0.000000000000000000e+00 3.484842835732506194e-01 0.000000000000000000e+00 3.332158571428571192e-01 4.404370888888888280e-01 3.632785134776400637e-01 0.000000000000000000e+00 3.419364658385093403e-01 0.000000000000000000e+00 3.548630369600850876e-01 0.000000000000000000e+00 3.604774563752519145e-01 3.813604156626506092e-01 0.000000000000000000e+00 4.302997197452228528e-01 3.924178275862069132e-01 0.000000000000000000e+00 0.000000000000000000e+00 0.000000000000000000e+00 0.000000000000000000e+00 0.000000000000000000e+00 0.000000000000000000e+00 0.000000000000000000e+00 0.000000000000000000e+00 4.272409981780496691e-01 0.000000000000000000e+00 0.000000000000000000e+00 0.000000000000000000e+00 0.000000000000000000e+00 0.000000000000000000e+00 0.000000000000000000e+00 0.000000000000000000e+00 0.000000000000000000e+00 0.000000000000000000e+00 0.000000000000000000e+00 4.196890724637680758e-01 0.000000000000000000e+00
4.519141737378734036e-01 2.793801508840933479e-01 4.462797780166739559e-01 3.090203669068523062e-01 4.215914261612320746e-01 2.682543927273862705e-01 4.389182402814579276e-01 2.456648780927215281e-01 4.146678671683808881e-01 2.550520115974166946e-01 4.548624386445908607e-01 3.284064295667899480e-01 4.433336799689239771e-01 2.491630345360118237e-01 4.287175895549573124e-01 3.095982890129653220e-01 4.447917833880083438e-01 3.670306557624651300e-01 4.725368056276161854e-01 3.678011284753404109e-01 3.423147142857143055e-01 0.000000000000000000e+00 4.330243321614956620e-01 3.418401062089753695e-01 3.804373642559322755e-01 2.835351570824797274e-01 3.744268026315789033e-01 0.000000000000000000e+00 4.468154775471019358e-01 3.245980156479472134e-01 4.072579543941348690e-01 3.355424064203667012e-01 4.639162682141721450e-01 3.560668769714113724e-01 4.209693789473684666e-01 4.501221005750785653e-01 4.313096182785728372e-01 4.220307671627649970e-01 0.000000000000000000e+00 4.255487766229613111e-01 0.000000000000000000e+00 0.000000000000000000e+00 0.000000000000000000e+00 3.403228952380952799e-01 0.000000000000000000e+00 3.759876894365857813e-01 0.000000000000000000e+00 0.000000000000000000e+00 0.000000000000000000e+00 3.776215452913754267e-01 0.000000000000000000e+00 3.454007125233897191e-01 0.000000000000000000e+00 3.331197138050441264e-01 0.000000000000000000e+00 3.472580259148490556e-01 4.178556164430201614e-01 3.576824252069896737e-01 0.000000000000000000e+00 3.739335701575292048e-01 3.941433487933634350e-01 3.449223316868929579e-01 3.724501565725940599e-01 3.500685049687505268e-01 0.000000000000000000e+00 3.416823233695391315e-01 4.629081009621400788e-01 3.957928001757373693e-01 4.819930051260887804e-01 3.855137269074201400e-01 4.547620370914745580e-01 3.232206041667675667e-01 4.296015531640149931e-01 3.201216045367574203e-01 0.000000000000000000e+00 0.000000000000000000e+00 4.353246808020361236e-01 3.577132292905721433e-01 0.000000000000000000e+00 3.645220157480315581e-01 4.186736093611333476e-01 3.710283044337823743e-01 0.000000000000000000e+00 0.000000000000000000e+00 4.144945146148815152e-01 3.549314426637075748e-01 0.000000000000000000e+00 3.808315465838509328e-01 4.229157704250559036e-01 3.564649870647862984e-01 0.000000000000000000e+00 4.511918900523559928e-01 0.000000000000000000e+00 0.000000000000000000e+00 4.377139339253222072e-01 0.000000000000000000e+00 0.000000000000000000e+00 0.000000000000000000e+00 4.572789032258063879e-01 0.000000000000000000e+00 4.209709085365854198e-01 0.000000000000000000e+00 0.000000000000000000e+00 3.847708129370628893e-01 0.000000000000000000e+00 0.000000000000000000e+00 0.000000000000000000e+00 0.000000000000000000e+00 0.000000000000000000e+00 0.000000000000000000e+00 0.000000000000000000e+00 0.000000000000000000e+00 0.000000000000000000e+00 0.000000000000000000e+00 0.000000000000000000e+00 0.000000000000000000e+00
3.281429362633275226e-01 4.401031639344262780e-01 2.521628849308154563e-01 4.195811442036633809e-01 2.463615117630937323e-01 3.822649541335960133e-01 2.368435791532429724e-01 4.146678671683808881e-01 2.262705652727401706e-01 4.004783359217918282e-01 3.367102647694818485e-01 0.000000000000000000e+00 2.919151371879690204e-01 3.412687650602409528e-01 2.809436964113816160e-01 4.011568603475948458e-01 3.317368515449438116e-01 0.000000000000000000e+00 3.455109284931935365e-01 0.000000000000000000e+00 3.166429638749294062e-01 0.000000000000000000e+00 3.102277185345549970e-01 3.708313357745455230e-01 2.993677043912069680e-01 3.769632581318929088e-01 2.751289443571120485e-01 4.127347866666666865e-01 3.210111552693869497e-01 4.356664094435842016e-01 3.226390772548236030e-01 3.411424170811184764e-01 3.435475292353433741e-01 4.189773410147563659e-01 4.125489279279279109e-01 0.000000000000000000e+00 3.707502203964527787e-01 0.000000000000000000e+00 0.000000000000000000e+00 0.000000000000000000e+00 0.000000000000000000e+00 0.000000000000000000e+00 0.000000000000000000e+00 0.000000000000000000e+00 0.000000000000000000e+00 0.000000000000000000e+00 4.125439708737863587e-01 0.000000000000000000e+00 0.000000000000000000e+00 0.000000000000000000e+00 0.000000000000000000e+00 0.000000000000000000e+00 0.000000000000000000e+00 0.000000000000000000e+00 4.120764958677685663e-01 0.000000000000000000e+00 0.000000000000000000e+00 0.000000000000000000e+00 3.418218992248062138e-01 0.000000000000000000e+00 3.676949123907055084e-01 0.000000000000000000e+00 3.244918512396694488e-01 0.000000000000000000e+00 0.000000000000000000e+00 0.000000000000000000e+00 3.830084068764582073e-01 0.000000000000000000e+00 0.000000000000000000e+00 0.000000000000000000e+00 3.065543699464933769e-01 4.234424051067988692e-01 3.076100058695851458e-01 4.095592537863332883e-01 2.796459878787878606e-01 0.000000000000000000e+00 3.436723832435528703e-01 4.270765678678293265e-01 0.000000000000000000e+00 0.000000000000000000e+00 3.495203591788937914e-01 0.000000000000000000e+00 0.000000000000000000e+00 0.000000000000000000e+00 3.572293786856728937e-01 0.000000000000000000e+00 3.748542948717948353e-01 0.000000000000000000e+00 3.812233644382783115e-01 0.000000000000000000e+00 0.000000000000000000e+00 0.000000000000000000e+00 3.549447007874015347e-01 0.000000000000000000e+00 0.000000000000000000e+00 0.000000000000000000e+00 0.000000000000000000e+00 0.000000000000000000e+00 0.000000000000000000e+00 0.000000000000000000e+00 0.000000000000000000e+00 0.000000000000000000e+00 0.000000000000000000e+00 4.417510399999999282e-01 0.000000000000000000e+00 0.000000000000000000e+00 0.000000000000000000e+00 0.000000000000000000e+00 0.000000000000000000e+00 0.000000000000000000e+00 0.000000000000000000e+00 0.000000000000000000e+00 0.000000000000000000e+00 0.000000000000000000e+00 0.000000000000000000e+00 0.000000000000000000e+00
0.000000000000000000e+00 3.525189662507634547e-01 4.359956626307117111e-01 3.032492637663403712e-01 4.163475269582317950e-01 2.227321240229916122e-01 4.222281558969567250e-01 2.550520115974166946e-01 4.004783359217918282e-01 1.905389892545409636e-01 0.000000000000000000e+00 3.503159417599404080e-01 3.327536976744185915e-01 3.203139721819320274e-01 4.178366277038152998e-01 2.173390489523342461e-01 0.000000000000000000e+00 3.631447077437107707e-01 0.000000000000000000e+00 3.575937159648981956e-01 0.000000000000000000e+00 2.714827502934200609e-01 3.995800597521826925e-01 3.093976984414543163e-01 3.796746003229770072e-01 2.676353964337102598e-01 4.311221941975277305e-01 1.524489638054537799e-01 3.695233522727273123e-01 3.262644930306012880e-01 3.491043889413611434e-01 3.257188115805069728e-01 4.354010292553192052e-01 3.667714962815379343e-01 0.000000000000000000e+00 0.000000000000000000e+00 0.000000000000000000e+00 0.000000000000000000e+00 0.000000000000000000e+00 0.000000000000000000e+00 0.000000000000000000e+00 0.000000000000000000e+00 0.000000000000000000e+00 0.000000000000000000e+00 0.000000000000000000e+00 0.000000000000000000e+00 0.000000000000000000e+00 0.000000000000000000e+00 0.000000000000000000e+00 3.385721273885349825e-01 0.000000000000000000e+00 0.000000000000000000e+00 0.000000000000000000e+00 0.000000000000000000e+00 0.000000000000000000e+00 3.466298936170212897e-01 0.000000000000000000e+00 3.396016107110536031e-01 0.000000000000000000e+00 0.000000000000000000e+00 0.000000000000000000e+00 3.346462456247255024e-01 0.000000000000000000e+00 3.902467189239331447e-01 0.000000000000000000e+00 3.370386172983803608e-01 0.000000000000000000e+00 3.733528266254126926e-01 3.599330969696969973e-01 0.000000000000000000e+00 4.679531355854561481e-01 3.166329676485329370e-01 4.045093277449264280e-01 3.346496471699915709e-01 0.000000000000000000e+00 0.000000000000000000e+00 4.132085738453289414e-01 3.399638987698693215e-01 0.000000000000000000e+00 0.000000000000000000e+00 0.000000000000000000e+00 3.574293495440697410e-01 0.000000000000000000e+00 3.532059487179488033e-01 0.000000000000000000e+00 3.550410257758137011e-01 0.000000000000000000e+00 0.000000000000000000e+00 0.000000000000000000e+00 3.571945800352365752e-01 0.000000000000000000e+00 0.000000000000000000e+00 0.000000000000000000e+00 0.000000000000000000e+00 0.000000000000000000e+00 0.000000000000000000e+00 0.000000000000000000e+00 0.000000000000000000e+00 0.000000000000000000e+00 0.000000000000000000e+00 0.000000000000000000e+00 0.000000000000000000e+00 0.000000000000000000e+00 3.563855121951219340e-01 0.000000000000000000e+00 0.000000000000000000e+00 0.000000000000000000e+00 0.000000000000000000e+00 0.000000000000000000e+00 0.000000000000000000e+00 0.000000000000000000e+00 0.000000000000000000e+00 0.000000000000000000e+00 0.000000000000000000e+00 0.000000000000000000e+00 0.000000000000000000e+00
2.923677415837768190e-01 4.579837514672597809e-01 3.653778604751561354e-01 4.425563631537125509e-01 0.000000000000000000e+00 0.000000000000000000e+00 3.324462109626885042e-01 4.548624386445908607e-01 3.367102647694818485e-01 0.000000000000000000e+00 2.700227075933811505e-01 4.487707143530337284e-01 2.967234072825123414e-01 4.184412164948453916e-01 3.398799057848426175e-01 0.000000000000000000e+00 3.094174289044930304e-01 4.415646487175152179e-01 3.729287873176391765e-01 4.676446126452818985e-01 0.000000000000000000e+00 0.000000000000000000e+00 3.649648877684291692e-01 4.640842675189705280e-01 0.000000000000000000e+00 0.000000000000000000e+00 0.000000000000000000e+00 0.000000000000000000e+00 3.436886413472932666e-01 0.000000000000000000e+00 3.739487441128822587e-01 4.626139006226053230e-01 3.620768572935670893e-01 4.631128688038212426e-01 3.954163855421686802e-01 0.000000000000000000e+00 4.090589532075471491e-01 0.000000000000000000e+00 0.000000000000000000e+00 0.000000000000000000e+00 0.000000000000000000e+00 0.000000000000000000e+00 0.000000000000000000e+00 0.000000000000000000e+00 3.595136507936507742e-01 0.000000000000000000e+00 0.000000000000000000e+00 0.000000000000000000e+00 3.549840569451527816e-01 0.000000000000000000e+00 3.558460748752361180e-01 0.000000000000000000e+00 3.446643835771507902e-01 0.000000000000000000e+00 0.000000000000000000e+00 0.000000000000000000e+00 3.634674009915225268e-01 4.507586324470211903e-01 3.728010681526294223e-01 4.796261583333333300e-01 3.691473375233805809e-01 0.000000000000000000e+00 3.602032693733565050e-01 0.000000000000000000e+00 3.687277919419297834e-01 0.000000000000000000e+00 4.013238712034992717e-01 4.575405882352941989e-01 3.717393757739937965e-01 0.000000000000000000e+00 3.484225502755318171e-01 4.712010598994527122e-01 3.569808510032915216e-01 4.358363529835281303e-01 0.000000000000000000e+00 0.000000000000000000e+00 3.660650942976942379e-01 4.450492668122509876e-01 0.000000000000000000e+00 0.000000000000000000e+00 3.580227260308681547e-01 0.000000000000000000e+00 0.000000000000000000e+00 0.000000000000000000e+00 3.791647919025425417e-01 0.000000000000000000e+00 0.000000000000000000e+00 0.000000000000000000e+00 3.823640561581728714e-01 0.000000000000000000e+00 0.000000000000000000e+00 0.000000000000000000e+00 0.000000000000000000e+00 0.000000000000000000e+00 3.749389473684210383e-01 0.000000000000000000e+00 0.000000000000000000e+00 0.000000000000000000e+00 0.000000000000000000e+00 0.000000000000000000e+00 0.000000000000000000e+00 0.000000000000000000e+00 0.000000000000000000e+00 0.000000000000000000e+00 0.000000000000000000e+00 0.000000000000000000e+00 0.000000000000000000e+00 0.000000000000000000e+00 0.000000000000000000e+00 0.000000000000000000e+00 0.000000000000000000e+00 0.000000000000000000e+00 0.000000000000000000e+00 0.000000000000000000e+00 0.000000000000000000e+00 0.000000000000000000e+00
4.521107275994009078e-01 3.397057762710571915e-01 4.509391852265299261e-01 3.786723202694096679e-01 0.000000000000000000e+00 3.185187708333332979e-01 4.477482315131012247e-01 3.284064295667899480e-01 0.000000000000000000e+00 3.503159417599404080e-01 4.487707143530337284e-01 3.007351237946655487e-01 4.476943027159523969e-01 3.016516107119274204e-01 0.000000000000000000e+00 3.389184865553850345e-01 0.000000000000000000e+00 3.396735659166834065e-01 4.766069596910817441e-01 3.944423648952882777e-01 0.000000000000000000e+00 0.000000000000000000e+00 4.411143082773079649e-01 3.800886512382452009e-01 0.000000000000000000e+00 0.000000000000000000e+00 0.000000000000000000e+00 0.000000000000000000e+00 4.327136116955445089e-01 3.691010576279610822e-01 3.993291910292376956e-01 3.798285795202066550e-01 4.393973577112341711e-01 3.849509497754947662e-01 0.000000000000000000e+00 4.498369898007053003e-01 4.717713185840708423e-01 4.285134128568368617e-01 0.000000000000000000e+00 0.000000000000000000e+00 0.000000000000000000e+00 0.000000000000000000e+00 0.000000000000000000e+00 0.000000000000000000e+00 0.000000000000000000e+00 0.000000000000000000e+00 0.000000000000000000e+00 4.312045196759259347e-01 0.000000000000000000e+00 3.397853300970873347e-01 0.000000000000000000e+00 3.772476158663708445e-01 0.000000000000000000e+00 3.724082314212870393e-01 4.024978982035928299e-01 3.880292716609053394e-01 0.000000000000000000e+00 3.669599147704761810e-01 0.000000000000000000e+00 3.857666834581440218e-01 0.000000000000000000e+00 3.798648564562407404e-01 0.000000000000000000e+00 3.768479124467589703e-01 4.654459230769230071e-01 3.776870705489089874e-01 4.705669087810621654e-01 4.040485816491823368e-01 4.762862779761904974e-01 4.034432580621625242e-01 4.546437873391926954e-01 3.453179658966950560e-01 4.299556187462292844e-01 3.730177015416183406e-01 0.000000000000000000e+00 0.000000000000000000e+00 4.378724966221186898e-01 3.958963433832453083e-01 0.000000000000000000e+00 4.117165679012346202e-01 0.000000000000000000e+00 3.880243948082028327e-01 0.000000000000000000e+00 3.808893015974813556e-01 0.000000000000000000e+00 3.956401226425478868e-01 0.000000000000000000e+00 0.000000000000000000e+00 0.000000000000000000e+00 3.814094698545322237e-01 0.000000000000000000e+00 3.904423555443208294e-01 0.000000000000000000e+00 0.000000000000000000e+00 0.000000000000000000e+00 0.000000000000000000e+00 0.000000000000000000e+00 0.000000000000000000e+00 0.000000000000000000e+00 0.000000000000000000e+00 0.000000000000000000e+00 0.000000000000000000e+00 0.000000000000000000e+00 0.000000000000000000e+00 0.000000000000000000e+00 0.000000000000000000e+00 0.000000000000000000e+00 0.000000000000000000e+00 0.000000000000000000e+00 0.000000000000000000e+00 0.000000000000000000e+00 0.000000000000000000e+00 0.000000000000000000e+00 0.000000000000000000e+00 0.000000000000000000e+00 0.000000000000000000e+00
3.431481109465205348e-01 4.661215417077651524e-01 3.478594109617407781e-01 4.228821020219269977e-01 3.201689436234140262e-01 4.455319900990099002e-01 2.839930820245398779e-01 4.433336799689239771e-01 2.919151371879690204e-01 3.327536976744185915e-01 2.967234072825123414e-01 4.476943027159523969e-01 2.577615245708814729e-01 4.250143672966072983e-01 2.786147020933595897e-01 4.191898893105628909e-01 3.813369599230005957e-01 4.265281826144891597e-01 3.643804802198688519e-01 4.777503715087536018e-01 0.000000000000000000e+00 0.000000000000000000e+00 3.558620466770402446e-01 4.384349124165169420e-01 3.401508536585365894e-01 3.516375857142856054e-01 0.000000000000000000e+00 0.000000000000000000e+00 3.412985577919619429e-01 4.354239018323005084e-01 3.558328543483506023e-01 3.967823494953540697e-01 3.567220214714890703e-01 4.499907658911601605e-01 4.171688647761994662e-01 0.000000000000000000e+00 4.197738527165725264e-01 0.000000000000000000e+00 3.908238153757495614e-01 0.000000000000000000e+00 3.565835205479452319e-01 0.000000000000000000e+00 0.000000000000000000e+00 0.000000000000000000e+00 3.691153940295815450e-01 0.000000000000000000e+00 4.063496695652174528e-01 0.000000000000000000e+00 0.000000000000000000e+00 0.000000000000000000e+00 3.394176415624292065e-01 0.000000000000000000e+00 3.608358083333333410e-01 0.000000000000000000e+00 3.659382426502327812e-01 0.000000000000000000e+00 3.855717609030145931e-01 0.000000000000000000e+00 3.846513204269341735e-01 4.591949762728308460e-01 3.717673283432141873e-01 0.000000000000000000e+00 3.544731089864144868e-01 4.138851450000000098e-01 3.624750130089345324e-01 0.000000000000000000e+00 3.950351439374975571e-01 4.359091584754629101e-01 4.064728135703165046e-01 0.000000000000000000e+00 3.380420910260574230e-01 4.672786034625768803e-01 3.713502698784625355e-01 4.167156529955934330e-01 0.000000000000000000e+00 3.632628793103447884e-01 3.789062029418500122e-01 4.365892512992863295e-01 3.533116811720589112e-01 0.000000000000000000e+00 3.530741678657685068e-01 0.000000000000000000e+00 3.845661394414502388e-01 0.000000000000000000e+00 3.735788065401404734e-01 0.000000000000000000e+00 0.000000000000000000e+00 0.000000000000000000e+00 3.728874494513444438e-01 0.000000000000000000e+00 3.950739120103686774e-01 0.000000000000000000e+00 3.784107285078094907e-01 0.000000000000000000e+00 4.215535368790306880e-01 0.000000000000000000e+00 0.000000000000000000e+00 0.000000000000000000e+00 0.000000000000000000e+00 0.000000000000000000e+00 0.000000000000000000e+00 0.000000000000000000e+00 3.763850172814208195e-01 0.000000000000000000e+00 0.000000000000000000e+00 0.000000000000000000e+00 0.000000000000000000e+00 0.000000000000000000e+00 0.000000000000000000e+00 0.000000000000000000e+00 0.000000000000000000e+00 0.000000000000000000e+00 0.000000000000000000e+00 0.000000000000000000e+00 0.000000000000000000e+00 0.000000000000000000e+00
