2.801141762129520929e-01 4.914015462041608773e-01 3.779712536982134941e-01 4.980018912911157170e-01 3.821627619307241819e-01 0.000000000000000000e+00 3.480877612593715753e-01 4.630383715616925300e-01 3.743368975454494096e-01 0.000000000000000000e+00 3.364999999989631840e-01 0.000000000000000000e+00 3.856191189236602979e-01 0.000000000000000000e+00 4.040394615276438617e-01 4.700920550458715930e-01 3.151555042409989738e-01 4.572599867362006631e-01 4.184366239746493132e-01 5.031526413953276711e-01 0.000000000000000000e+00 0.000000000000000000e+00 4.277196685941043186e-01 0.000000000000000000e+00 0.000000000000000000e+00 0.000000000000000000e+00 0.000000000000000000e+00 0.000000000000000000e+00 4.068638729775400087e-01 4.810423493147461538e-01 4.789412428571429015e-01 0.000000000000000000e+00 4.222050911835503739e-01 4.906188071845509202e-01 4.555390519981108444e-01 0.000000000000000000e+00 5.049188309506629224e-01 5.132181466522254265e-01 5.114426154466663599e-01 0.000000000000000000e+00 0.000000000000000000e+00 0.000000000000000000e+00 4.434561150442477562e-01 0.000000000000000000e+00 4.251745690436968261e-01 5.456246153846154856e-01 0.000000000000000000e+00 0.000000000000000000e+00 4.188647440546963141e-01 0.000000000000000000e+00 4.016152342638206196e-01 0.000000000000000000e+00 4.051115278464871294e-01 0.000000000000000000e+00 4.189165080017772658e-01 4.648954000000000142e-01 3.548548509979317367e-01 4.904692153481391981e-01 4.281571624973994905e-01 5.022177303314290242e-01 4.096603739490861651e-01 0.000000000000000000e+00 3.742109057588360876e-01 0.000000000000000000e+00 4.310467870678816871e-01 0.000000000000000000e+00 4.426391986084088903e-01 5.130791110821085743e-01 3.114780329735074016e-01 5.094267407468670017e-01 3.673975506497175747e-01 4.851283504003803260e-01 3.854322338313350693e-01 4.721455780381760836e-01 3.999545933655979102e-01 0.000000000000000000e+00 4.000610939617863515e-01 0.000000000000000000e+00 0.000000000000000000e+00 0.000000000000000000e+00 4.366112247868667584e-01 4.973631392307692467e-01 0.000000000000000000e+00 0.000000000000000000e+00 4.350589641357112125e-01 5.228815859375000041e-01 0.000000000000000000e+00 0.000000000000000000e+00 4.352543455992022303e-01 0.000000000000000000e+00 4.532564752232479677e-01 4.685372956072351158e-01 0.000000000000000000e+00 4.059583565891473067e-01 4.703260025494618857e-01 4.546768646330657249e-01 4.459819468085106098e-01 0.000000000000000000e+00 4.715629238095237485e-01 4.619500310077518934e-01 0.000000000000000000e+00 0.000000000000000000e+00 4.912286000000000152e-01 4.907758017990019872e-01 4.260747766990292118e-01 3.847058823529411753e-01 4.410619705882352637e-01 0.000000000000000000e+00 0.000000000000000000e+00 0.000000000000000000e+00 0.000000000000000000e+00 0.000000000000000000e+00 4.633850366972476209e-01 0.000000000000000000e+00 4.932845535714286411e-01 0.000000000000000000e+00
4.914015462041608773e-01 2.810046609960414887e-01 4.957077056777048352e-01 3.505619828167300667e-01 0.000000000000000000e+00 4.035261461538461325e-01 4.648082338156661053e-01 3.483813808452194682e-01 0.000000000000000000e+00 3.637946943858588744e-01 4.438119431212228516e-01 3.527213253134279802e-01 0.000000000000000000e+00 3.630249311526927425e-01 0.000000000000000000e+00 3.690424765534154883e-01 4.860325029190648571e-01 3.266199383367958675e-01 5.186687464272085046e-01 3.847668050476532042e-01 0.000000000000000000e+00 0.000000000000000000e+00 4.448530551021705470e-01 0.000000000000000000e+00 0.000000000000000000e+00 0.000000000000000000e+00 0.000000000000000000e+00 4.519614622641509594e-01 5.117643317132902769e-01 4.024180540609110235e-01 4.142657177419355463e-01 0.000000000000000000e+00 5.112485845983471000e-01 4.508651475579810164e-01 0.000000000000000000e+00 4.672869421487603758e-01 5.065922455371969502e-01 4.966714698885890122e-01 0.000000000000000000e+00 4.866769568118156641e-01 0.000000000000000000e+00 4.558335291574144299e-01 0.000000000000000000e+00 4.300298148148148925e-01 0.000000000000000000e+00 4.296924778377156917e-01 0.000000000000000000e+00 4.442414385964912893e-01 0.000000000000000000e+00 4.541599358530972741e-01 4.662332893816801271e-01 4.263718253445525352e-01 0.000000000000000000e+00 4.158246898288703863e-01 0.000000000000000000e+00 4.108337059852167905e-01 5.118978129506051022e-01 3.353593458613490230e-01 5.305403244827585629e-01 4.341942845353839453e-01 4.620638615384615733e-01 4.226741544862157030e-01 0.000000000000000000e+00 3.949876451030899793e-01 0.000000000000000000e+00 4.268637463233952434e-01 5.328199712750519845e-01 4.252804753857049591e-01 5.363796929181264828e-01 3.432772356196153174e-01 4.679631475313280609e-01 3.664038369118670091e-01 4.553262430585839904e-01 3.944166647494004585e-01 0.000000000000000000e+00 4.830899467207822595e-01 4.841869158769283588e-01 4.006403531517010452e-01 4.944118623188405448e-01 0.000000000000000000e+00 0.000000000000000000e+00 4.378391917555489177e-01 0.000000000000000000e+00 0.000000000000000000e+00 0.000000000000000000e+00 4.347497185525354690e-01 0.000000000000000000e+00 3.810259824561404440e-01 0.000000000000000000e+00 4.478090242787486908e-01 4.641456903414841184e-01 4.593054624801482522e-01 0.000000000000000000e+00 4.964937301587302176e-01 4.652037765174116268e-01 4.589309181206542299e-01 4.812805817152103205e-01 0.000000000000000000e+00 5.089049970402637069e-01 0.000000000000000000e+00 0.000000000000000000e+00 0.000000000000000000e+00 4.516016265232064009e-01 4.516178301631051939e-01 4.016789426229507853e-01 4.448927888682603360e-01 0.000000000000000000e+00 0.000000000000000000e+00 0.000000000000000000e+00 0.000000000000000000e+00 0.000000000000000000e+00 0.000000000000000000e+00 4.415519912280702064e-01 0.000000000000000000e+00 0.000000000000000000e+00 0.000000000000000000e+00
3.779712536982134941e-01 4.957077056777048352e-01 2.797651182027172112e-01 4.722524635885784750e-01 1.768488079203181795e-01 4.507791759030448375e-01 3.188512382272012391e-01 4.602684561797741325e-01 2.962760014293218114e-01 4.392290319353603922e-01 3.897283084528177510e-01 4.643822845628091112e-01 3.491627428017450852e-01 4.455841176973011630e-01 3.152287574172767393e-01 4.472733325435664931e-01 3.908493057925819247e-01 4.609608649621487753e-01 3.375712328929062478e-01 4.972783021141958804e-01 4.155230630434781358e-01 0.000000000000000000e+00 2.653676210686958248e-01 4.548299036465772716e-01 2.462691669337719325e-01 4.261550267195541863e-01 2.424338084780006120e-01 4.643988991397490773e-01 3.756850722752603233e-01 4.860034690528932666e-01 3.890475918371023023e-01 4.474389676373896063e-01 4.229680928351279845e-01 4.940916721471603767e-01 4.811771747762826346e-01 5.041457928571428937e-01 4.479263740136651961e-01 5.258087363106795920e-01 0.000000000000000000e+00 0.000000000000000000e+00 0.000000000000000000e+00 0.000000000000000000e+00 4.377425555555556347e-01 0.000000000000000000e+00 4.527745395683452911e-01 0.000000000000000000e+00 4.674938845382001773e-01 0.000000000000000000e+00 4.347098250151859578e-01 5.244197050954327866e-01 4.300086319909206534e-01 0.000000000000000000e+00 4.097623883495146169e-01 0.000000000000000000e+00 3.780939414975845181e-01 0.000000000000000000e+00 4.249745524986243139e-01 4.681701809420474869e-01 4.327312245203707719e-01 5.310451368047778287e-01 4.007778689745420952e-01 0.000000000000000000e+00 4.029008398717223161e-01 4.465098344827586607e-01 4.393952803148117869e-01 0.000000000000000000e+00 4.603920885290304632e-01 5.005304120191048645e-01 3.655594535998539785e-01 0.000000000000000000e+00 3.718653088052312206e-01 4.923636602852197175e-01 3.796256454585917872e-01 4.676012197765966327e-01 3.517871842913267710e-01 0.000000000000000000e+00 4.078499600419863702e-01 4.498254963349928026e-01 0.000000000000000000e+00 0.000000000000000000e+00 4.001294827586207026e-01 0.000000000000000000e+00 0.000000000000000000e+00 0.000000000000000000e+00 4.009514634074194395e-01 0.000000000000000000e+00 0.000000000000000000e+00 0.000000000000000000e+00 4.075428552948166527e-01 0.000000000000000000e+00 4.574047906976744238e-01 0.000000000000000000e+00 0.000000000000000000e+00 4.117261259259258899e-01 4.506292038086855967e-01 4.476166439542259567e-01 4.632637176470587037e-01 0.000000000000000000e+00 5.004492280701753337e-01 0.000000000000000000e+00 0.000000000000000000e+00 0.000000000000000000e+00 4.642483179892142875e-01 4.442132516729862535e-01 0.000000000000000000e+00 4.552390265486725429e-01 0.000000000000000000e+00 0.000000000000000000e+00 0.000000000000000000e+00 0.000000000000000000e+00 0.000000000000000000e+00 0.000000000000000000e+00 0.000000000000000000e+00 0.000000000000000000e+00 0.000000000000000000e+00 0.000000000000000000e+00
4.980018912911157170e-01 3.505619828167300667e-01 4.722524635885784750e-01 2.726215114827055808e-01 4.800492065217391024e-01 2.641481457041880976e-01 4.515860107476916130e-01 3.638258664470687131e-01 4.120765997142166182e-01 2.722235823616291350e-01 4.602762664665761561e-01 3.982568606483725127e-01 4.326906912532744731e-01 3.470777031484466035e-01 0.000000000000000000e+00 3.097939721842064564e-01 5.092470829606440264e-01 4.033959437073427745e-01 5.149100855584403114e-01 2.847043410550504361e-01 0.000000000000000000e+00 0.000000000000000000e+00 4.520169548952380212e-01 2.226664253567325613e-01 4.625754109589040319e-01 1.948303494477645059e-01 0.000000000000000000e+00 2.735215739130434365e-01 4.497280744561140686e-01 3.673573757023253505e-01 4.112381714083585549e-01 3.556568188126908447e-01 5.068540289132450471e-01 3.987638983803406534e-01 4.797523414634146111e-01 4.797216270132027560e-01 0.000000000000000000e+00 4.709067891844413434e-01 0.000000000000000000e+00 4.448490291406478336e-01 0.000000000000000000e+00 4.211290159507991016e-01 0.000000000000000000e+00 0.000000000000000000e+00 0.000000000000000000e+00 4.722340040266801986e-01 0.000000000000000000e+00 0.000000000000000000e+00 0.000000000000000000e+00 4.648039694706203595e-01 5.127705403225806258e-01 4.567291930915405307e-01 0.000000000000000000e+00 4.304907835051546838e-01 0.000000000000000000e+00 4.214007438016529328e-01 0.000000000000000000e+00 4.140909782889792279e-01 5.111400058896646836e-01 4.486541900269018224e-01 0.000000000000000000e+00 4.240372847039429183e-01 5.019671084428715124e-01 4.208932703061510905e-01 4.974537619047618153e-01 4.434374088979142203e-01 5.245966734419763577e-01 4.583991696694888485e-01 5.211359400502928452e-01 4.226008798451166837e-01 4.942028482594119088e-01 3.786391635381828324e-01 4.651263715117545661e-01 3.767840693093392757e-01 0.000000000000000000e+00 3.701699116491652952e-01 4.689434381596852552e-01 4.067071064573822836e-01 0.000000000000000000e+00 0.000000000000000000e+00 0.000000000000000000e+00 4.222728461393086552e-01 0.000000000000000000e+00 0.000000000000000000e+00 0.000000000000000000e+00 4.305579052110657945e-01 0.000000000000000000e+00 0.000000000000000000e+00 0.000000000000000000e+00 4.250358953997554479e-01 4.406055249498786464e-01 0.000000000000000000e+00 0.000000000000000000e+00 0.000000000000000000e+00 4.586431861638771146e-01 4.435460072049496882e-01 4.634180513638465060e-01 0.000000000000000000e+00 5.325723162393162236e-01 0.000000000000000000e+00 0.000000000000000000e+00 0.000000000000000000e+00 4.684618169186455239e-01 0.000000000000000000e+00 0.000000000000000000e+00 4.033768292470622518e-01 0.000000000000000000e+00 4.491074690265486336e-01 0.000000000000000000e+00 0.000000000000000000e+00 4.347471470588234466e-01 0.000000000000000000e+00 0.000000000000000000e+00 0.000000000000000000e+00 0.000000000000000000e+00 0.000000000000000000e+00
3.821627619307241819e-01 0.000000000000000000e+00 1.768488079203181795e-01 4.800492065217391024e-01 1.913063338855748863e-01 4.673691975431765178e-01 2.637302122049914876e-01 4.582314915599686733e-01 2.392515644943048747e-01 0.000000000000000000e+00 0.000000000000000000e+00 0.000000000000000000e+00 3.134479952320909923e-01 0.000000000000000000e+00 2.873387852526451680e-01 4.467488510039274718e-01 3.695617916666666947e-01 0.000000000000000000e+00 3.914612377940009380e-01 0.000000000000000000e+00 3.894029432985589012e-01 0.000000000000000000e+00 2.797176299802691113e-01 4.472468017760872772e-01 1.699520721788628508e-01 4.404196545843030997e-01 2.567280419715723960e-01 4.456957302152853573e-01 3.498162864827392693e-01 0.000000000000000000e+00 3.484947878156161583e-01 4.073436688348103241e-01 4.338771180313589215e-01 4.530068790322580585e-01 0.000000000000000000e+00 0.000000000000000000e+00 4.262568452380952055e-01 0.000000000000000000e+00 0.000000000000000000e+00 0.000000000000000000e+00 0.000000000000000000e+00 0.000000000000000000e+00 4.587470841398390009e-01 0.000000000000000000e+00 0.000000000000000000e+00 0.000000000000000000e+00 4.416649360000000080e-01 0.000000000000000000e+00 0.000000000000000000e+00 0.000000000000000000e+00 4.183263621696075019e-01 0.000000000000000000e+00 0.000000000000000000e+00 0.000000000000000000e+00 4.605964401312191980e-01 0.000000000000000000e+00 4.285538865979381384e-01 0.000000000000000000e+00 3.660366733870968337e-01 0.000000000000000000e+00 4.099169166666666864e-01 0.000000000000000000e+00 3.298076837606837564e-01 0.000000000000000000e+00 0.000000000000000000e+00 0.000000000000000000e+00 4.696721612049549188e-01 5.136695899280574462e-01 0.000000000000000000e+00 0.000000000000000000e+00 4.078993150111164256e-01 4.950611219206024760e-01 3.545554876385975107e-01 0.000000000000000000e+00 3.427153631437323544e-01 0.000000000000000000e+00 3.580425636809860257e-01 3.723699559503201861e-01 0.000000000000000000e+00 0.000000000000000000e+00 3.820318271272442612e-01 0.000000000000000000e+00 4.235728453273363003e-01 0.000000000000000000e+00 4.138818628870979954e-01 0.000000000000000000e+00 4.619519692307692549e-01 0.000000000000000000e+00 4.103217214083091924e-01 0.000000000000000000e+00 3.727430567375886183e-01 0.000000000000000000e+00 0.000000000000000000e+00 0.000000000000000000e+00 4.142575519368723036e-01 0.000000000000000000e+00 0.000000000000000000e+00 0.000000000000000000e+00 0.000000000000000000e+00 0.000000000000000000e+00 0.000000000000000000e+00 0.000000000000000000e+00 0.000000000000000000e+00 3.757644511278195321e-01 0.000000000000000000e+00 0.000000000000000000e+00 0.000000000000000000e+00 0.000000000000000000e+00 0.000000000000000000e+00 0.000000000000000000e+00 0.000000000000000000e+00 0.000000000000000000e+00 0.000000000000000000e+00 0.000000000000000000e+00 0.000000000000000000e+00 0.000000000000000000e+00
0.000000000000000000e+00 4.035261461538461325e-01 4.507791759030448375e-01 2.641481457041880976e-01 4.673691975431765178e-01 1.946538302531825304e-01 4.544766058992663060e-01 2.838266583017438616e-01 4.726573854923992180e-01 2.479677751247394424e-01 0.000000000000000000e+00 0.000000000000000000e+00 4.792054355498722162e-01 3.256197937126627528e-01 4.582063705867948089e-01 2.899299988766367298e-01 0.000000000000000000e+00 0.000000000000000000e+00 0.000000000000000000e+00 3.662478967532467600e-01 4.195545758533880121e-01 3.474605004767288285e-01 4.480250386747682279e-01 1.740684189008571969e-01 4.419131531338629792e-01 1.881776704977636550e-01 4.737732730093640043e-01 2.414386031280729150e-01 0.000000000000000000e+00 3.089928981923512064e-01 4.173920558643873790e-01 3.642176456648744121e-01 0.000000000000000000e+00 3.584096514969610792e-01 0.000000000000000000e+00 0.000000000000000000e+00 0.000000000000000000e+00 0.000000000000000000e+00 0.000000000000000000e+00 0.000000000000000000e+00 0.000000000000000000e+00 0.000000000000000000e+00 0.000000000000000000e+00 4.427871768707483668e-01 0.000000000000000000e+00 0.000000000000000000e+00 0.000000000000000000e+00 0.000000000000000000e+00 0.000000000000000000e+00 0.000000000000000000e+00 0.000000000000000000e+00 4.978827319587628697e-01 0.000000000000000000e+00 4.594160585714285872e-01 0.000000000000000000e+00 0.000000000000000000e+00 0.000000000000000000e+00 3.775769557522123954e-01 5.279450510638297178e-01 0.000000000000000000e+00 0.000000000000000000e+00 0.000000000000000000e+00 0.000000000000000000e+00 4.373129895604395134e-01 0.000000000000000000e+00 0.000000000000000000e+00 5.634787500000000282e-01 4.771468459642969617e-01 0.000000000000000000e+00 4.260534335664335481e-01 5.160708041447494843e-01 3.722421380085976228e-01 0.000000000000000000e+00 3.469139769629294712e-01 0.000000000000000000e+00 2.964059047619047038e-01 0.000000000000000000e+00 3.370690739201299690e-01 0.000000000000000000e+00 0.000000000000000000e+00 0.000000000000000000e+00 4.189041186440678466e-01 0.000000000000000000e+00 0.000000000000000000e+00 0.000000000000000000e+00 4.276964730908661139e-01 0.000000000000000000e+00 3.986194016064256163e-01 0.000000000000000000e+00 4.057506971531223416e-01 0.000000000000000000e+00 0.000000000000000000e+00 0.000000000000000000e+00 0.000000000000000000e+00 0.000000000000000000e+00 0.000000000000000000e+00 0.000000000000000000e+00 0.000000000000000000e+00 0.000000000000000000e+00 0.000000000000000000e+00 0.000000000000000000e+00 0.000000000000000000e+00 0.000000000000000000e+00 0.000000000000000000e+00 0.000000000000000000e+00 0.000000000000000000e+00 0.000000000000000000e+00 0.000000000000000000e+00 0.000000000000000000e+00 0.000000000000000000e+00 0.000000000000000000e+00 0.000000000000000000e+00 0.000000000000000000e+00 0.000000000000000000e+00 0.000000000000000000e+00 0.000000000000000000e+00
3.480877612593715753e-01 4.648082338156661053e-01 3.188512382272012391e-01 4.515860107476916130e-01 2.637302122049914876e-01 4.544766058992663060e-01 2.846504248600804088e-01 4.460216202716225653e-01 2.902865301640222273e-01 4.220564354122220974e-01 3.622832237676035239e-01 4.440895853422571204e-01 2.979345951167708950e-01 4.392892413942368623e-01 3.360005911802717016e-01 4.426261115649045563e-01 3.904504991469544550e-01 0.000000000000000000e+00 3.883011147798580143e-01 4.700039671536597741e-01 0.000000000000000000e+00 0.000000000000000000e+00 3.587794872125880663e-01 4.506274584206950706e-01 3.346475892026579135e-01 4.055211582490189093e-01 3.369350289855072567e-01 4.391286835443037329e-01 3.572214156515599592e-01 4.765786231884058810e-01 3.875093890137818464e-01 4.403369975961846094e-01 4.015282478230861041e-01 4.676266763194851794e-01 4.818467266048978570e-01 0.000000000000000000e+00 4.258878023196677742e-01 4.420386503378329057e-01 0.000000000000000000e+00 4.691520654205607599e-01 0.000000000000000000e+00 0.000000000000000000e+00 0.000000000000000000e+00 0.000000000000000000e+00 3.897778476190476016e-01 4.407469918699186695e-01 0.000000000000000000e+00 0.000000000000000000e+00 4.097817871295301728e-01 5.137928927091963693e-01 3.939435747184417136e-01 0.000000000000000000e+00 3.838048664853770942e-01 0.000000000000000000e+00 4.024414346151451993e-01 0.000000000000000000e+00 3.977959456669797889e-01 4.467381734109751590e-01 4.039041197624881896e-01 5.342560217391304489e-01 4.042087263402758257e-01 0.000000000000000000e+00 3.811328454026686741e-01 4.717111171171169959e-01 4.088279961219474790e-01 4.527366466450215565e-01 4.569324892663941817e-01 4.822092505945950736e-01 4.183471702123897629e-01 4.854999383419259518e-01 3.391468658159698113e-01 4.775591734048002523e-01 3.643787502273553303e-01 4.535659536456779217e-01 3.150956236048265691e-01 0.000000000000000000e+00 3.897242898227703534e-01 4.528095133247687643e-01 3.989643142857143276e-01 0.000000000000000000e+00 3.825002178967809030e-01 0.000000000000000000e+00 0.000000000000000000e+00 4.352226447368420792e-01 4.083638177089280452e-01 4.540813562500000122e-01 0.000000000000000000e+00 0.000000000000000000e+00 4.125205821354456792e-01 0.000000000000000000e+00 0.000000000000000000e+00 4.166352928345834483e-01 0.000000000000000000e+00 4.384756319444444439e-01 4.408578867862755213e-01 4.744637323848238664e-01 3.966350322580646237e-01 0.000000000000000000e+00 0.000000000000000000e+00 0.000000000000000000e+00 0.000000000000000000e+00 0.000000000000000000e+00 3.890305581395348544e-01 0.000000000000000000e+00 3.962557128712871357e-01 0.000000000000000000e+00 0.000000000000000000e+00 0.000000000000000000e+00 0.000000000000000000e+00 0.000000000000000000e+00 0.000000000000000000e+00 0.000000000000000000e+00 0.000000000000000000e+00 0.000000000000000000e+00 4.394476715231787622e-01 0.000000000000000000e+00
4.630383715616925300e-01 3.483813808452194682e-01 4.602684561797741325e-01 3.638258664470687131e-01 4.582314915599686733e-01 2.838266583017438616e-01 4.460216202716225653e-01 2.607792636176107237e-01 4.593981441181748115e-01 1.706416870194637225e-01 4.483525096157063849e-01 3.000159450316072229e-01 4.458198543537817971e-01 2.809041117773276586e-01 4.506998735632183339e-01 3.112046495335369367e-01 4.484335958164118452e-01 3.857970167792214022e-01 4.715614121988355723e-01 3.975524557947824333e-01 0.000000000000000000e+00 0.000000000000000000e+00 4.512750828433844119e-01 3.705574626222787882e-01 4.495351656976744326e-01 2.682153809523809551e-01 4.811617142857142482e-01 0.000000000000000000e+00 4.215763457808953119e-01 3.418506027536197256e-01 4.243908204382678129e-01 3.439046177168132989e-01 4.724368737798100848e-01 3.853358440379202610e-01 0.000000000000000000e+00 4.548890998040009404e-01 0.000000000000000000e+00 4.418435554150774158e-01 0.000000000000000000e+00 4.275218781311188598e-01 0.000000000000000000e+00 3.959521303797468028e-01 0.000000000000000000e+00 4.409393490099009494e-01 0.000000000000000000e+00 4.298162339328787662e-01 0.000000000000000000e+00 4.147580434782608405e-01 0.000000000000000000e+00 4.286223663168586828e-01 0.000000000000000000e+00 4.158380754013578096e-01 0.000000000000000000e+00 4.102676791142311763e-01 0.000000000000000000e+00 3.922107897832252110e-01 0.000000000000000000e+00 3.999219132113106534e-01 5.209515352112676911e-01 4.551491199239587337e-01 0.000000000000000000e+00 3.967160858638912879e-01 4.102258543046358175e-01 3.941447632979336313e-01 0.000000000000000000e+00 4.123330910763319812e-01 5.014861362306374248e-01 4.459542600304878812e-01 0.000000000000000000e+00 4.177597864235458314e-01 4.651115483847500509e-01 3.226496847564327419e-01 4.558020743486300153e-01 3.594873785767813135e-01 0.000000000000000000e+00 3.743232209401710087e-01 4.501752627204325674e-01 3.811933533391271833e-01 0.000000000000000000e+00 4.323361547619047895e-01 0.000000000000000000e+00 4.030281367679535154e-01 0.000000000000000000e+00 0.000000000000000000e+00 0.000000000000000000e+00 4.083049519461592891e-01 0.000000000000000000e+00 4.207779349804304792e-01 0.000000000000000000e+00 4.145347044469808728e-01 4.494941993558776439e-01 4.325618286791061418e-01 0.000000000000000000e+00 0.000000000000000000e+00 4.587548295454544900e-01 4.466273400627199797e-01 0.000000000000000000e+00 0.000000000000000000e+00 0.000000000000000000e+00 4.479209823008850067e-01 0.000000000000000000e+00 0.000000000000000000e+00 4.533505267175572118e-01 4.091888230088495670e-01 0.000000000000000000e+00 4.633019633027523065e-01 0.000000000000000000e+00 4.413427781400965921e-01 0.000000000000000000e+00 0.000000000000000000e+00 0.000000000000000000e+00 0.000000000000000000e+00 0.000000000000000000e+00 0.000000000000000000e+00 0.000000000000000000e+00 0.000000000000000000e+00
3.743368975454494096e-01 0.000000000000000000e+00 2.962760014293218114e-01 4.120765997142166182e-01 2.392515644943048747e-01 4.726573854923992180e-01 2.902865301640222273e-01 4.593981441181748115e-01 2.525063271620507366e-01 4.355973663690476116e-01 3.920065412701373986e-01 0.000000000000000000e+00 2.957422177380436001e-01 0.000000000000000000e+00 3.199543165722730786e-01 0.000000000000000000e+00 0.000000000000000000e+00 0.000000000000000000e+00 0.000000000000000000e+00 4.340067810218977695e-01 3.233282068965517286e-01 0.000000000000000000e+00 3.450343543654247336e-01 4.585173197531787204e-01 2.862930819444444719e-01 3.993156075508115799e-01 0.000000000000000000e+00 0.000000000000000000e+00 3.715744941250321842e-01 0.000000000000000000e+00 3.686594275750045280e-01 4.352455697984562444e-01 0.000000000000000000e+00 0.000000000000000000e+00 0.000000000000000000e+00 0.000000000000000000e+00 0.000000000000000000e+00 0.000000000000000000e+00 0.000000000000000000e+00 0.000000000000000000e+00 0.000000000000000000e+00 0.000000000000000000e+00 0.000000000000000000e+00 0.000000000000000000e+00 0.000000000000000000e+00 0.000000000000000000e+00 0.000000000000000000e+00 0.000000000000000000e+00 4.949633692307691679e-01 0.000000000000000000e+00 4.424243133684210849e-01 0.000000000000000000e+00 0.000000000000000000e+00 0.000000000000000000e+00 0.000000000000000000e+00 0.000000000000000000e+00 4.289173485087719451e-01 0.000000000000000000e+00 0.000000000000000000e+00 0.000000000000000000e+00 4.304355987737145672e-01 0.000000000000000000e+00 3.692490243739786071e-01 0.000000000000000000e+00 0.000000000000000000e+00 0.000000000000000000e+00 4.454832814814814745e-01 0.000000000000000000e+00 0.000000000000000000e+00 0.000000000000000000e+00 3.342527700915712829e-01 4.942738730158729998e-01 3.718281149598598456e-01 0.000000000000000000e+00 3.585658333333332504e-01 0.000000000000000000e+00 3.543923137266328238e-01 0.000000000000000000e+00 0.000000000000000000e+00 0.000000000000000000e+00 4.080757692307691586e-01 0.000000000000000000e+00 0.000000000000000000e+00 0.000000000000000000e+00 4.108561481481481370e-01 0.000000000000000000e+00 4.392829315068492724e-01 0.000000000000000000e+00 4.155775232270277897e-01 0.000000000000000000e+00 0.000000000000000000e+00 0.000000000000000000e+00 0.000000000000000000e+00 0.000000000000000000e+00 0.000000000000000000e+00 0.000000000000000000e+00 0.000000000000000000e+00 0.000000000000000000e+00 0.000000000000000000e+00 0.000000000000000000e+00 0.000000000000000000e+00 0.000000000000000000e+00 0.000000000000000000e+00 0.000000000000000000e+00 0.000000000000000000e+00 0.000000000000000000e+00 0.000000000000000000e+00 0.000000000000000000e+00 0.000000000000000000e+00 0.000000000000000000e+00 0.000000000000000000e+00 0.000000000000000000e+00 0.000000000000000000e+00 0.000000000000000000e+00 0.000000000000000000e+00 0.000000000000000000e+00
0.000000000000000000e+00 3.637946943858588744e-01 4.392290319353603922e-01 2.722235823616291350e-01 0.000000000000000000e+00 2.479677751247394424e-01 4.220564354122220974e-01 1.706416870194637225e-01 4.355973663690476116e-01 2.036194383529513763e-01 0.000000000000000000e+00 3.264285499622926467e-01 4.642140570370370534e-01 3.290860452888204057e-01 4.422694810126582832e-01 2.628488789951727855e-01 0.000000000000000000e+00 0.000000000000000000e+00 4.528121063829788073e-01 0.000000000000000000e+00 0.000000000000000000e+00 0.000000000000000000e+00 4.420174435191175921e-01 3.269646692892735351e-01 4.482087107995668118e-01 2.760763624240883951e-01 0.000000000000000000e+00 2.857754800000000261e-01 0.000000000000000000e+00 3.050220973218555343e-01 4.042122435379020828e-01 3.477497431141439721e-01 0.000000000000000000e+00 0.000000000000000000e+00 0.000000000000000000e+00 0.000000000000000000e+00 0.000000000000000000e+00 0.000000000000000000e+00 0.000000000000000000e+00 0.000000000000000000e+00 0.000000000000000000e+00 0.000000000000000000e+00 0.000000000000000000e+00 0.000000000000000000e+00 0.000000000000000000e+00 0.000000000000000000e+00 0.000000000000000000e+00 4.712360383344724735e-01 0.000000000000000000e+00 0.000000000000000000e+00 0.000000000000000000e+00 3.609970882352941390e-01 0.000000000000000000e+00 0.000000000000000000e+00 0.000000000000000000e+00 0.000000000000000000e+00 0.000000000000000000e+00 4.231276000000000481e-01 0.000000000000000000e+00 0.000000000000000000e+00 0.000000000000000000e+00 0.000000000000000000e+00 0.000000000000000000e+00 0.000000000000000000e+00 0.000000000000000000e+00 4.511130930232558622e-01 0.000000000000000000e+00 0.000000000000000000e+00 0.000000000000000000e+00 0.000000000000000000e+00 4.963544694076021946e-01 3.322347566652968931e-01 0.000000000000000000e+00 3.453357848744771919e-01 0.000000000000000000e+00 3.264502569533589971e-01 0.000000000000000000e+00 3.432550029380286860e-01 0.000000000000000000e+00 0.000000000000000000e+00 0.000000000000000000e+00 0.000000000000000000e+00 0.000000000000000000e+00 0.000000000000000000e+00 0.000000000000000000e+00 3.983265220137455764e-01 0.000000000000000000e+00 4.106789150206977546e-01 0.000000000000000000e+00 4.090769239304238858e-01 0.000000000000000000e+00 0.000000000000000000e+00 0.000000000000000000e+00 0.000000000000000000e+00 0.000000000000000000e+00 3.917849462365592395e-01 0.000000000000000000e+00 0.000000000000000000e+00 0.000000000000000000e+00 0.000000000000000000e+00 0.000000000000000000e+00 0.000000000000000000e+00 0.000000000000000000e+00 0.000000000000000000e+00 0.000000000000000000e+00 0.000000000000000000e+00 0.000000000000000000e+00 0.000000000000000000e+00 0.000000000000000000e+00 0.000000000000000000e+00 0.000000000000000000e+00 0.000000000000000000e+00 0.000000000000000000e+00 0.000000000000000000e+00 0.000000000000000000e+00 0.000000000000000000e+00
3.364999999989631840e-01 4.438119431212228516e-01 3.897283084528177510e-01 4.602762664665761561e-01 0.000000000000000000e+00 0.000000000000000000e+00 3.622832237676035239e-01 4.483525096157063849e-01 3.920065412701373986e-01 0.000000000000000000e+00 2.904024237485665072e-01 4.466566896400746556e-01 3.202212579030613848e-01 4.308531522597545127e-01 3.754334731193588737e-01 0.000000000000000000e+00 3.015566061155962041e-01 0.000000000000000000e+00 3.954751392783753539e-01 4.884423267985046335e-01 0.000000000000000000e+00 0.000000000000000000e+00 3.800625217573021519e-01 4.645044641227085713e-01 0.000000000000000000e+00 0.000000000000000000e+00 0.000000000000000000e+00 0.000000000000000000e+00 3.311419321862541509e-01 0.000000000000000000e+00 4.078358813852813736e-01 4.420751951351351572e-01 3.935831520716401299e-01 4.740186676747506489e-01 5.009798758458370305e-01 0.000000000000000000e+00 4.435346257635188749e-01 0.000000000000000000e+00 0.000000000000000000e+00 0.000000000000000000e+00 0.000000000000000000e+00 0.000000000000000000e+00 0.000000000000000000e+00 0.000000000000000000e+00 3.870014394742456454e-01 0.000000000000000000e+00 4.298726116504854589e-01 0.000000000000000000e+00 4.086034278708244871e-01 0.000000000000000000e+00 3.996211309702769054e-01 0.000000000000000000e+00 3.678395648148147790e-01 0.000000000000000000e+00 4.442089978137353512e-01 0.000000000000000000e+00 3.837060347083144363e-01 0.000000000000000000e+00 4.261846756225805555e-01 5.037901041021308757e-01 4.084013993076881510e-01 0.000000000000000000e+00 4.047002283659625888e-01 0.000000000000000000e+00 4.400808487631153731e-01 0.000000000000000000e+00 4.524422716984740633e-01 4.620406991869917546e-01 4.082075561364244543e-01 0.000000000000000000e+00 3.488761551577136966e-01 4.839332097838980884e-01 3.858493893054926738e-01 4.693795780398463680e-01 0.000000000000000000e+00 0.000000000000000000e+00 4.115032058521448932e-01 4.532826153812709036e-01 0.000000000000000000e+00 0.000000000000000000e+00 4.010162135065452049e-01 0.000000000000000000e+00 0.000000000000000000e+00 0.000000000000000000e+00 4.221236423106141666e-01 4.680312394366196171e-01 0.000000000000000000e+00 0.000000000000000000e+00 4.213685966224033908e-01 0.000000000000000000e+00 0.000000000000000000e+00 0.000000000000000000e+00 0.000000000000000000e+00 0.000000000000000000e+00 4.387196309523809790e-01 4.335458854166667209e-01 0.000000000000000000e+00 0.000000000000000000e+00 0.000000000000000000e+00 4.354482568807337972e-01 0.000000000000000000e+00 0.000000000000000000e+00 0.000000000000000000e+00 0.000000000000000000e+00 0.000000000000000000e+00 0.000000000000000000e+00 0.000000000000000000e+00 0.000000000000000000e+00 0.000000000000000000e+00 0.000000000000000000e+00 0.000000000000000000e+00 0.000000000000000000e+00 0.000000000000000000e+00 0.000000000000000000e+00 0.000000000000000000e+00 0.000000000000000000e+00
0.000000000000000000e+00 3.527213253134279802e-01 4.643822845628091112e-01 3.982568606483725127e-01 0.000000000000000000e+00 0.000000000000000000e+00 4.440895853422571204e-01 3.000159450316072229e-01 0.000000000000000000e+00 3.264285499622926467e-01 4.466566896400746556e-01 2.592757638250923757e-01 4.395856523739518074e-01 2.863587858851273649e-01 0.000000000000000000e+00 3.738290361215110269e-01 4.519755503034174060e-01 3.735204721679850071e-01 4.625486398340347138e-01 4.161776869729861827e-01 0.000000000000000000e+00 0.000000000000000000e+00 4.589226717998186600e-01 3.783257397085237894e-01 0.000000000000000000e+00 0.000000000000000000e+00 0.000000000000000000e+00 0.000000000000000000e+00 0.000000000000000000e+00 3.685660947108140295e-01 4.027981465721836019e-01 3.589059444972361179e-01 4.612444998798096996e-01 3.936749536076101230e-01 4.725126350364963201e-01 4.357791027827775387e-01 0.000000000000000000e+00 4.354308419394139484e-01 0.000000000000000000e+00 4.327651874014442623e-01 0.000000000000000000e+00 4.188215306122449189e-01 0.000000000000000000e+00 0.000000000000000000e+00 0.000000000000000000e+00 4.156452268907562253e-01 0.000000000000000000e+00 0.000000000000000000e+00 0.000000000000000000e+00 4.125723110268983973e-01 0.000000000000000000e+00 4.249274434987817539e-01 0.000000000000000000e+00 0.000000000000000000e+00 4.369519999999998960e-01 4.124694210228308511e-01 0.000000000000000000e+00 4.009780879910403995e-01 0.000000000000000000e+00 4.391631469354092543e-01 0.000000000000000000e+00 4.184244888990485411e-01 0.000000000000000000e+00 4.145840818693039553e-01 0.000000000000000000e+00 4.079737405591597477e-01 4.744315108402136771e-01 4.393548456705316241e-01 4.860419854014598195e-01 4.399816041666667066e-01 4.525987847870788228e-01 3.401716616600828358e-01 4.472719650088552434e-01 3.841054936245751339e-01 0.000000000000000000e+00 4.083838282828282096e-01 4.486146649691524213e-01 3.980533025683426485e-01 0.000000000000000000e+00 0.000000000000000000e+00 0.000000000000000000e+00 4.126662032615966980e-01 0.000000000000000000e+00 4.405050655737705045e-01 0.000000000000000000e+00 4.346362516448704083e-01 0.000000000000000000e+00 4.188907412587412060e-01 0.000000000000000000e+00 4.330878641585556577e-01 4.215937279411764993e-01 0.000000000000000000e+00 0.000000000000000000e+00 0.000000000000000000e+00 4.514776808641974837e-01 4.497965579138004100e-01 3.972240451127819760e-01 0.000000000000000000e+00 0.000000000000000000e+00 0.000000000000000000e+00 0.000000000000000000e+00 0.000000000000000000e+00 0.000000000000000000e+00 0.000000000000000000e+00 0.000000000000000000e+00 4.453489745762712615e-01 0.000000000000000000e+00 0.000000000000000000e+00 0.000000000000000000e+00 0.000000000000000000e+00 0.000000000000000000e+00 0.000000000000000000e+00 0.000000000000000000e+00 0.000000000000000000e+00 0.000000000000000000e+00 0.000000000000000000e+00
3.856191189236602979e-01 0.000000000000000000e+00 3.491627428017450852e-01 4.326906912532744731e-01 3.134479952320909923e-01 4.792054355498722162e-01 2.979345951167708950e-01 4.458198543537817971e-01 2.957422177380436001e-01 4.642140570370370534e-01 3.202212579030613848e-01 4.395856523739518074e-01 2.674077020183938669e-01 4.291781259719803510e-01 3.002236543088850906e-01 4.461995188700536019e-01 3.878750343778933352e-01 0.000000000000000000e+00 4.022486439460053465e-01 4.395573690929576172e-01 0.000000000000000000e+00 0.000000000000000000e+00 3.550985048437770297e-01 4.374663725443863060e-01 3.703375217391304264e-01 4.197145647342995223e-01 3.707499833333332551e-01 0.000000000000000000e+00 3.281235485812947772e-01 4.592114413793104144e-01 3.866027591987143963e-01 4.521763807847402616e-01 4.048894929422121036e-01 4.448020491135807331e-01 4.319317252917921346e-01 0.000000000000000000e+00 4.197534121286318753e-01 0.000000000000000000e+00 4.131492735042734954e-01 0.000000000000000000e+00 0.000000000000000000e+00 0.000000000000000000e+00 4.206243129251701074e-01 0.000000000000000000e+00 4.550990713819828004e-01 0.000000000000000000e+00 0.000000000000000000e+00 0.000000000000000000e+00 4.308650236002960487e-01 0.000000000000000000e+00 3.924024700980457969e-01 0.000000000000000000e+00 4.548919858156028062e-01 0.000000000000000000e+00 4.044049583333332865e-01 0.000000000000000000e+00 3.960618509187433522e-01 4.332707993295216164e-01 4.217947721767132951e-01 5.026736329113923318e-01 4.175383650316346618e-01 0.000000000000000000e+00 3.972407276995399972e-01 0.000000000000000000e+00 4.335391578787023970e-01 0.000000000000000000e+00 4.214624153328063727e-01 0.000000000000000000e+00 4.301797126003439331e-01 4.858052749999999809e-01 3.366720581128176959e-01 4.612307857638888731e-01 3.964531469202167702e-01 4.570354322855108564e-01 3.628437174065464732e-01 0.000000000000000000e+00 3.958384973454910916e-01 4.157863620070837429e-01 0.000000000000000000e+00 0.000000000000000000e+00 3.829704349047938217e-01 0.000000000000000000e+00 4.094298249999999695e-01 0.000000000000000000e+00 4.145101029711946716e-01 0.000000000000000000e+00 0.000000000000000000e+00 0.000000000000000000e+00 4.165035190315154456e-01 0.000000000000000000e+00 4.472677560975609756e-01 0.000000000000000000e+00 0.000000000000000000e+00 0.000000000000000000e+00 4.385036188054405315e-01 4.344367802419354385e-01 0.000000000000000000e+00 0.000000000000000000e+00 0.000000000000000000e+00 4.038178290598289921e-01 0.000000000000000000e+00 0.000000000000000000e+00 4.428332232142858094e-01 4.170137598095701725e-01 0.000000000000000000e+00 4.562324399999999058e-01 0.000000000000000000e+00 0.000000000000000000e+00 0.000000000000000000e+00 0.000000000000000000e+00 0.000000000000000000e+00 0.000000000000000000e+00 0.000000000000000000e+00 0.000000000000000000e+00 0.000000000000000000e+00 0.000000000000000000e+00
