2.910797696104694965e-01 4.580346763901357310e-01 3.495277733821539612e-01 4.738542196108095905e-01 3.450903302542213114e-01 0.000000000000000000e+00 3.503291265721376058e-01 4.411290843986250820e-01 3.589267990415785925e-01 0.000000000000000000e+00 3.331478727454048050e-01 4.452794584568634528e-01 3.660847772475170347e-01 0.000000000000000000e+00 3.706735241227407940e-01 0.000000000000000000e+00 2.946696414828422483e-01 4.544950282654520723e-01 3.860713906040612042e-01 4.871151062241173557e-01 0.000000000000000000e+00 0.000000000000000000e+00 3.909707404579605416e-01 0.000000000000000000e+00 3.788358868703012305e-01 0.000000000000000000e+00 0.000000000000000000e+00 0.000000000000000000e+00 3.913517375177799074e-01 4.713740767543859178e-01 4.125122112672863772e-01 4.355540264900661374e-01 3.925922704504775651e-01 4.518783455501141355e-01 4.111859946876701422e-01 4.770686973684212795e-01 4.851457872040469410e-01 5.090130808178969790e-01 5.013991182895514154e-01 0.000000000000000000e+00 4.341348789695580468e-01 5.055699247474747526e-01 4.566462278689319976e-01 0.000000000000000000e+00 4.067155148866168912e-01 5.340051818181819066e-01 4.478019078014184862e-01 0.000000000000000000e+00 4.025113635721611072e-01 5.233817017197013310e-01 3.975709507348212379e-01 4.677388508261493549e-01 3.905666203804243897e-01 0.000000000000000000e+00 4.057223450945043330e-01 0.000000000000000000e+00 3.229872788128139161e-01 4.607010645416229622e-01 4.024866329139439314e-01 4.716091445223838385e-01 3.772683004304030474e-01 0.000000000000000000e+00 3.471155065681990615e-01 0.000000000000000000e+00 4.175833229096433952e-01 4.610384602409638433e-01 4.090724746295943404e-01 4.890705824443289940e-01 2.876758737390666676e-01 4.917140571131916604e-01 3.605749941996109764e-01 4.746780012380012459e-01 3.873718174042223850e-01 4.627000356510628798e-01 3.623434328862386034e-01 4.183805791304348043e-01 3.915418047855021566e-01 4.606342638813512580e-01 3.968584157303370330e-01 0.000000000000000000e+00 4.010865945939454669e-01 0.000000000000000000e+00 0.000000000000000000e+00 0.000000000000000000e+00 4.083809287872716132e-01 4.964973924731183041e-01 3.636702539682540314e-01 0.000000000000000000e+00 4.072381103007177150e-01 0.000000000000000000e+00 4.728506970431130552e-01 4.652975290015703980e-01 0.000000000000000000e+00 4.279296335403726670e-01 4.390935662624866342e-01 4.014787119386636904e-01 4.782983398418698684e-01 4.632597602864213515e-01 4.606718964098829860e-01 4.680540627384681684e-01 0.000000000000000000e+00 4.558721419753086201e-01 4.703063581483352129e-01 4.420299854457817590e-01 4.358291168712762897e-01 4.456425846527015122e-01 4.324200140290519467e-01 0.000000000000000000e+00 0.000000000000000000e+00 0.000000000000000000e+00 0.000000000000000000e+00 4.796141933333332719e-01 0.000000000000000000e+00 0.000000000000000000e+00 0.000000000000000000e+00 0.000000000000000000e+00
4.580346763901357310e-01 3.003693003026066122e-01 4.774977154368908461e-01 3.514179453525267949e-01 0.000000000000000000e+00 0.000000000000000000e+00 4.530344337079982853e-01 3.451253810875790085e-01 0.000000000000000000e+00 3.329396506024095981e-01 4.512331901403928147e-01 3.572919989896382043e-01 0.000000000000000000e+00 3.740760922489070328e-01 0.000000000000000000e+00 3.978724200866949334e-01 4.489173016773386204e-01 3.713546222290270427e-01 4.841452936265981388e-01 3.709024146015228451e-01 0.000000000000000000e+00 0.000000000000000000e+00 0.000000000000000000e+00 4.202229326056829417e-01 0.000000000000000000e+00 0.000000000000000000e+00 0.000000000000000000e+00 0.000000000000000000e+00 4.592680489136031774e-01 4.170234902009917755e-01 4.410946500856205987e-01 4.385871972372318850e-01 4.715190947560879420e-01 4.414896302365759473e-01 4.605517717391304777e-01 4.766459545454546087e-01 5.012398444386216845e-01 5.125137322487703928e-01 4.227004408602151320e-01 4.757447040926436888e-01 0.000000000000000000e+00 4.486508461013278271e-01 0.000000000000000000e+00 0.000000000000000000e+00 0.000000000000000000e+00 4.254931155487524097e-01 0.000000000000000000e+00 4.487598879676227281e-01 0.000000000000000000e+00 4.287132431945933075e-01 4.527854256756756457e-01 4.123715647628034553e-01 0.000000000000000000e+00 4.315220699814439898e-01 0.000000000000000000e+00 4.113383669848159063e-01 4.603669155346483133e-01 3.636902991556097420e-01 4.888722043195798395e-01 4.193237828681716794e-01 4.756810134825200653e-01 4.016130893237583321e-01 0.000000000000000000e+00 3.534209229906905558e-01 0.000000000000000000e+00 4.147883447727918615e-01 4.898042049622561289e-01 3.986210536862040410e-01 4.927641462244826687e-01 3.397384508131248149e-01 4.636959249822739104e-01 3.761890544870231667e-01 4.545425640698804171e-01 4.104372083031627150e-01 0.000000000000000000e+00 4.205265407098074393e-01 4.583735710703411015e-01 4.077902833303439500e-01 0.000000000000000000e+00 4.257339275362319042e-01 0.000000000000000000e+00 4.237781786935597705e-01 0.000000000000000000e+00 0.000000000000000000e+00 0.000000000000000000e+00 4.443368955378497742e-01 0.000000000000000000e+00 0.000000000000000000e+00 0.000000000000000000e+00 4.494791237675346274e-01 4.611517995835004435e-01 4.592298223435286597e-01 0.000000000000000000e+00 4.183557281769259562e-01 4.468258026170115471e-01 4.667607396068434999e-01 4.353616564912280440e-01 4.748772647846540296e-01 4.891115891714716279e-01 4.798602506354672781e-01 4.658748472222222214e-01 4.665914898254227561e-01 4.715730291560684129e-01 4.392519511990545245e-01 4.586089003718284984e-01 4.820930928936748572e-01 0.000000000000000000e+00 0.000000000000000000e+00 0.000000000000000000e+00 0.000000000000000000e+00 0.000000000000000000e+00 0.000000000000000000e+00 4.865042328767123503e-01 0.000000000000000000e+00 0.000000000000000000e+00 0.000000000000000000e+00
3.495277733821539612e-01 4.774977154368908461e-01 2.653852358475955464e-01 4.338518660553149497e-01 1.734909317771572146e-01 4.098081542258282806e-01 3.280645156734939283e-01 4.269306889679937989e-01 2.923154649395103277e-01 4.008641889584560469e-01 3.968370471382746123e-01 4.282955062680560698e-01 3.516603349427644964e-01 4.159893628512316699e-01 3.231532889172886724e-01 4.135962353083859067e-01 4.145577969964015508e-01 4.549979614391055360e-01 3.160346125342771151e-01 4.866202006964654436e-01 0.000000000000000000e+00 0.000000000000000000e+00 2.619186109692331343e-01 4.214608584803667957e-01 1.610631851392080316e-01 4.092845545094944693e-01 2.613513634211195313e-01 0.000000000000000000e+00 3.586216126872945886e-01 4.217066842748068978e-01 3.632183961186076226e-01 3.882541049412605028e-01 3.941829709787147973e-01 4.587826579512266911e-01 4.334420406139646853e-01 0.000000000000000000e+00 4.700226935522809346e-01 5.051465950653120096e-01 5.165350263157895139e-01 0.000000000000000000e+00 4.788354768755328505e-01 4.619535684210525628e-01 0.000000000000000000e+00 0.000000000000000000e+00 3.839798863478863789e-01 0.000000000000000000e+00 4.138642007219083263e-01 0.000000000000000000e+00 3.978518640205650492e-01 0.000000000000000000e+00 3.968554381045327761e-01 0.000000000000000000e+00 0.000000000000000000e+00 0.000000000000000000e+00 4.032221455911959573e-01 0.000000000000000000e+00 3.842579247217861593e-01 4.635207941176470170e-01 4.236643070570525471e-01 4.548556511627906973e-01 3.945110364339485809e-01 4.899715590551181332e-01 3.857454448692501647e-01 0.000000000000000000e+00 3.747149974376114412e-01 0.000000000000000000e+00 4.179573623678279892e-01 4.950956637931034354e-01 3.243898030554464573e-01 0.000000000000000000e+00 3.480108183764625274e-01 4.287286144433987145e-01 3.721239287244244021e-01 4.423581907812334513e-01 3.388695592078858065e-01 4.162095499999999282e-01 4.012925157727318393e-01 4.375080833675394909e-01 0.000000000000000000e+00 0.000000000000000000e+00 3.857580682079982948e-01 4.322292272727272233e-01 0.000000000000000000e+00 0.000000000000000000e+00 3.979967109873840392e-01 4.829406904761904262e-01 3.752190629213482675e-01 0.000000000000000000e+00 4.082693336491876046e-01 0.000000000000000000e+00 4.854007972522717540e-01 4.447551248067564966e-01 0.000000000000000000e+00 4.639628305649713957e-01 4.349375747387163038e-01 0.000000000000000000e+00 4.804225548934679679e-01 4.352475842398099148e-01 4.668529359504131615e-01 4.581085187614166165e-01 0.000000000000000000e+00 0.000000000000000000e+00 4.257948163585795198e-01 4.351487146741747636e-01 4.199410758161786772e-01 4.328954469485893353e-01 0.000000000000000000e+00 0.000000000000000000e+00 0.000000000000000000e+00 0.000000000000000000e+00 0.000000000000000000e+00 0.000000000000000000e+00 4.527623373493975811e-01 4.205494444444444202e-01 0.000000000000000000e+00 0.000000000000000000e+00
4.738542196108095905e-01 3.514179453525267949e-01 4.338518660553149497e-01 2.659549611754767340e-01 4.079362309980361090e-01 2.406356394445835212e-01 4.532586047040925159e-01 3.189705187868402958e-01 4.041736505512509292e-01 2.985166793244954930e-01 4.587873012152581254e-01 3.844301867294912523e-01 4.203651097154612049e-01 3.573218782702966556e-01 4.052483104061901931e-01 3.261692975840846387e-01 4.703979112543734131e-01 4.119564236945592595e-01 4.901817279354396817e-01 3.191895888891645439e-01 4.051433068748643840e-01 3.506831256943369612e-01 4.333799622258543427e-01 2.352049614924068832e-01 4.024967482399910423e-01 2.657309767287812097e-01 4.079587749999999957e-01 3.257573101460811138e-01 4.295560496194589239e-01 3.718038258425891973e-01 4.250598613550977678e-01 3.370636522422383319e-01 4.916369474160414144e-01 4.059575214902316209e-01 4.547927951807229641e-01 4.432944595227638618e-01 0.000000000000000000e+00 4.774802007648393243e-01 0.000000000000000000e+00 4.686308608563657940e-01 0.000000000000000000e+00 4.439691659371746146e-01 0.000000000000000000e+00 0.000000000000000000e+00 0.000000000000000000e+00 4.334647663924467986e-01 0.000000000000000000e+00 4.568109322033898079e-01 0.000000000000000000e+00 4.257619233843126239e-01 0.000000000000000000e+00 4.136120475859337287e-01 0.000000000000000000e+00 4.475028613138685718e-01 0.000000000000000000e+00 4.297377359939356656e-01 4.803290893082203805e-01 4.128690704969031344e-01 0.000000000000000000e+00 4.263384330828136615e-01 0.000000000000000000e+00 4.400418927999206198e-01 0.000000000000000000e+00 4.075339598604673097e-01 0.000000000000000000e+00 4.197224866033374413e-01 5.044813771929824719e-01 4.459040099801923063e-01 5.014472488995598276e-01 4.406891763264339512e-01 4.129315866784140643e-01 3.677026709979876462e-01 4.410098994125613570e-01 3.826118610930639430e-01 0.000000000000000000e+00 3.979401559635732388e-01 4.446663625921602470e-01 4.118617226856206015e-01 0.000000000000000000e+00 3.686375161290322833e-01 0.000000000000000000e+00 4.011266478914184974e-01 0.000000000000000000e+00 0.000000000000000000e+00 4.522165270270269710e-01 4.023596165268743530e-01 0.000000000000000000e+00 0.000000000000000000e+00 0.000000000000000000e+00 4.090437353902027784e-01 4.537313633432459858e-01 4.322569889012747302e-01 0.000000000000000000e+00 4.125478978102189997e-01 4.586590751124940413e-01 4.178919590816759788e-01 4.040698251458931800e-01 0.000000000000000000e+00 4.648701354445227696e-01 4.810608305084745906e-01 4.446492699386502823e-01 0.000000000000000000e+00 4.457276892664836510e-01 3.961709916246117236e-01 3.911462290076335724e-01 4.385454952380952731e-01 5.054157500000000525e-01 0.000000000000000000e+00 0.000000000000000000e+00 0.000000000000000000e+00 0.000000000000000000e+00 0.000000000000000000e+00 0.000000000000000000e+00 4.448479831932772854e-01 0.000000000000000000e+00 0.000000000000000000e+00
3.450903302542213114e-01 0.000000000000000000e+00 1.734909317771572146e-01 4.079362309980361090e-01 2.210663517167346659e-01 3.391290416666666307e-01 3.044760284162567054e-01 3.948365780218337506e-01 2.673129957883191299e-01 4.076845364123158344e-01 3.325077472527472322e-01 3.798846458333333120e-01 3.209663035435446066e-01 3.816191776315789319e-01 2.921169339991809832e-01 4.113154349563046264e-01 3.376734591147786957e-01 0.000000000000000000e+00 3.724349145658073512e-01 3.944769519083969334e-01 2.453482798913032281e-01 0.000000000000000000e+00 2.088959611422777085e-01 4.158509945193037405e-01 1.721981022993403221e-01 4.306011552115286967e-01 2.442876978664287047e-01 0.000000000000000000e+00 3.431064503904749929e-01 0.000000000000000000e+00 3.273670986076226419e-01 3.692472810552296369e-01 3.526047397953216422e-01 4.011805128205128135e-01 0.000000000000000000e+00 0.000000000000000000e+00 3.869255915492957887e-01 0.000000000000000000e+00 0.000000000000000000e+00 0.000000000000000000e+00 0.000000000000000000e+00 0.000000000000000000e+00 4.328920384057970971e-01 0.000000000000000000e+00 0.000000000000000000e+00 0.000000000000000000e+00 0.000000000000000000e+00 0.000000000000000000e+00 3.621725199999999978e-01 0.000000000000000000e+00 3.696839449541283740e-01 0.000000000000000000e+00 3.369165785714285377e-01 0.000000000000000000e+00 0.000000000000000000e+00 0.000000000000000000e+00 3.508329833958161448e-01 0.000000000000000000e+00 3.611912818181817753e-01 0.000000000000000000e+00 3.502023130434782638e-01 0.000000000000000000e+00 3.612354841269840855e-01 0.000000000000000000e+00 3.732127740579955777e-01 0.000000000000000000e+00 3.386454049586776760e-01 0.000000000000000000e+00 0.000000000000000000e+00 0.000000000000000000e+00 3.093731015862219991e-01 4.540869419139973995e-01 3.332303311256887834e-01 0.000000000000000000e+00 3.104362978723403943e-01 0.000000000000000000e+00 3.475801399567103878e-01 0.000000000000000000e+00 0.000000000000000000e+00 0.000000000000000000e+00 0.000000000000000000e+00 0.000000000000000000e+00 0.000000000000000000e+00 0.000000000000000000e+00 4.007681871221804304e-01 0.000000000000000000e+00 3.863289583333332500e-01 0.000000000000000000e+00 3.802309117372288383e-01 0.000000000000000000e+00 0.000000000000000000e+00 0.000000000000000000e+00 0.000000000000000000e+00 3.441501769230769781e-01 3.296442187500000509e-01 0.000000000000000000e+00 0.000000000000000000e+00 0.000000000000000000e+00 0.000000000000000000e+00 0.000000000000000000e+00 0.000000000000000000e+00 0.000000000000000000e+00 3.496296000000000403e-01 0.000000000000000000e+00 0.000000000000000000e+00 0.000000000000000000e+00 0.000000000000000000e+00 0.000000000000000000e+00 0.000000000000000000e+00 0.000000000000000000e+00 0.000000000000000000e+00 0.000000000000000000e+00 0.000000000000000000e+00 0.000000000000000000e+00 0.000000000000000000e+00 0.000000000000000000e+00
0.000000000000000000e+00 0.000000000000000000e+00 4.098081542258282806e-01 2.406356394445835212e-01 3.391290416666666307e-01 2.146031242135464645e-01 0.000000000000000000e+00 2.886393846172812805e-01 0.000000000000000000e+00 2.398791227386391500e-01 0.000000000000000000e+00 3.410198433734940027e-01 0.000000000000000000e+00 3.474046046791939846e-01 0.000000000000000000e+00 2.786837056211107777e-01 0.000000000000000000e+00 0.000000000000000000e+00 0.000000000000000000e+00 3.891475626924392195e-01 4.316001758933900034e-01 2.658289126794962098e-01 4.143814096433968142e-01 2.039001471426026280e-01 3.989821925079322651e-01 2.234170507716178866e-01 0.000000000000000000e+00 2.356714099557789266e-01 0.000000000000000000e+00 2.880359612894727861e-01 3.872441137780908149e-01 3.224476992500342476e-01 0.000000000000000000e+00 0.000000000000000000e+00 0.000000000000000000e+00 0.000000000000000000e+00 0.000000000000000000e+00 0.000000000000000000e+00 0.000000000000000000e+00 0.000000000000000000e+00 0.000000000000000000e+00 0.000000000000000000e+00 0.000000000000000000e+00 0.000000000000000000e+00 0.000000000000000000e+00 0.000000000000000000e+00 0.000000000000000000e+00 0.000000000000000000e+00 0.000000000000000000e+00 0.000000000000000000e+00 0.000000000000000000e+00 4.300006805555555700e-01 0.000000000000000000e+00 4.316243515873015579e-01 0.000000000000000000e+00 4.282549288199090087e-01 0.000000000000000000e+00 0.000000000000000000e+00 0.000000000000000000e+00 0.000000000000000000e+00 0.000000000000000000e+00 0.000000000000000000e+00 0.000000000000000000e+00 4.303245533980582516e-01 0.000000000000000000e+00 0.000000000000000000e+00 4.880263614457831522e-01 0.000000000000000000e+00 0.000000000000000000e+00 0.000000000000000000e+00 4.657008430376127772e-01 3.228015276249501242e-01 0.000000000000000000e+00 3.258671250700703181e-01 0.000000000000000000e+00 2.891636739130434286e-01 0.000000000000000000e+00 3.555185371208492429e-01 0.000000000000000000e+00 0.000000000000000000e+00 0.000000000000000000e+00 3.976812538231383476e-01 0.000000000000000000e+00 3.874109739223441373e-01 0.000000000000000000e+00 4.232005432098765452e-01 0.000000000000000000e+00 3.741251967213114482e-01 0.000000000000000000e+00 3.976455404156296058e-01 0.000000000000000000e+00 0.000000000000000000e+00 0.000000000000000000e+00 0.000000000000000000e+00 0.000000000000000000e+00 0.000000000000000000e+00 0.000000000000000000e+00 0.000000000000000000e+00 0.000000000000000000e+00 0.000000000000000000e+00 0.000000000000000000e+00 0.000000000000000000e+00 0.000000000000000000e+00 0.000000000000000000e+00 0.000000000000000000e+00 0.000000000000000000e+00 0.000000000000000000e+00 0.000000000000000000e+00 0.000000000000000000e+00 0.000000000000000000e+00 0.000000000000000000e+00 0.000000000000000000e+00 0.000000000000000000e+00 0.000000000000000000e+00 0.000000000000000000e+00 0.000000000000000000e+00
3.503291265721376058e-01 4.530344337079982853e-01 3.280645156734939283e-01 4.532586047040925159e-01 3.044760284162567054e-01 0.000000000000000000e+00 3.051483063243425331e-01 4.385935936060030849e-01 2.843242035484654928e-01 3.943585049634273920e-01 3.862288635141666870e-01 4.341318683920002419e-01 3.246978461749459588e-01 4.204797624613558216e-01 3.316181889169952934e-01 4.067922479166666272e-01 3.938290463257530516e-01 4.542171932201180540e-01 3.961211050322361316e-01 4.708415849643823314e-01 0.000000000000000000e+00 0.000000000000000000e+00 3.716410423283652564e-01 4.279271450095099016e-01 3.154462875832175772e-01 4.090543414634146280e-01 0.000000000000000000e+00 0.000000000000000000e+00 3.717164953043418096e-01 0.000000000000000000e+00 3.579058935333569447e-01 3.941455107437616401e-01 3.852484265510526806e-01 4.557603376167929099e-01 4.275396648187298476e-01 0.000000000000000000e+00 4.564136951695480504e-01 4.563810028654558537e-01 3.726688615384615155e-01 0.000000000000000000e+00 4.149636049382716685e-01 0.000000000000000000e+00 3.876103385826771830e-01 0.000000000000000000e+00 3.830684582726418541e-01 0.000000000000000000e+00 3.943453255813952896e-01 0.000000000000000000e+00 3.737452936358703348e-01 4.520833507853402322e-01 3.740488135090485056e-01 4.205392275449101880e-01 3.772617588565292390e-01 0.000000000000000000e+00 3.792777057686361197e-01 0.000000000000000000e+00 3.869296690848045284e-01 4.435772164436816989e-01 3.845907279184685446e-01 4.671569789990963062e-01 3.973746365325361296e-01 0.000000000000000000e+00 3.835344076392885326e-01 0.000000000000000000e+00 3.964834208860069653e-01 0.000000000000000000e+00 3.994171446725759411e-01 4.415037033972603053e-01 4.040878048389007215e-01 4.527849283524904567e-01 3.382780741979538597e-01 4.373025024684328299e-01 3.603057281934138878e-01 4.435307761856124853e-01 3.466367427030670467e-01 0.000000000000000000e+00 3.800150988743137837e-01 4.475616360710228392e-01 0.000000000000000000e+00 0.000000000000000000e+00 3.779148019605957920e-01 0.000000000000000000e+00 3.849665072463768212e-01 0.000000000000000000e+00 3.881325912073084194e-01 0.000000000000000000e+00 4.037914475524475577e-01 0.000000000000000000e+00 3.985628036893406612e-01 0.000000000000000000e+00 0.000000000000000000e+00 4.559915962908403508e-01 4.503265057471264043e-01 4.875593970588235071e-01 4.150653504048260056e-01 4.196183604896580599e-01 4.121622655553571768e-01 0.000000000000000000e+00 4.507413531906689919e-01 4.393583998058671614e-01 0.000000000000000000e+00 0.000000000000000000e+00 4.529647350993377120e-01 4.381583519999999732e-01 4.000509626168223809e-01 4.414256504267425330e-01 0.000000000000000000e+00 0.000000000000000000e+00 0.000000000000000000e+00 0.000000000000000000e+00 0.000000000000000000e+00 0.000000000000000000e+00 0.000000000000000000e+00 0.000000000000000000e+00 0.000000000000000000e+00 0.000000000000000000e+00
4.411290843986250820e-01 3.451253810875790085e-01 4.269306889679937989e-01 3.189705187868402958e-01 3.948365780218337506e-01 2.886393846172812805e-01 4.385935936060030849e-01 2.911079854693610636e-01 3.952723751719513512e-01 2.769230882274661409e-01 4.438156275891680380e-01 3.636131463634059702e-01 4.166388249195192017e-01 3.159540992161944395e-01 4.025750697023559588e-01 3.054975439812148141e-01 4.546686317313528569e-01 3.941551760898445722e-01 4.604034262366931696e-01 4.114311098872147077e-01 3.004000454545454057e-01 0.000000000000000000e+00 4.264243255629706630e-01 3.105826596033393616e-01 3.895831275805273219e-01 2.801193866693493795e-01 3.388293838383839018e-01 3.294010573530577468e-01 4.293233429293917824e-01 3.542092900848645698e-01 4.042002132210342213e-01 3.402495606514582827e-01 4.660937495304958156e-01 3.916669308626519741e-01 3.866710989010989086e-01 4.305114400000000230e-01 4.951239711538461541e-01 4.417887006150016393e-01 0.000000000000000000e+00 4.787092800072733079e-01 0.000000000000000000e+00 0.000000000000000000e+00 0.000000000000000000e+00 4.029393454685891718e-01 0.000000000000000000e+00 3.906611175744293396e-01 0.000000000000000000e+00 4.128736178524374800e-01 0.000000000000000000e+00 3.913742046415708553e-01 0.000000000000000000e+00 3.838635108030502008e-01 0.000000000000000000e+00 3.780450871479468788e-01 0.000000000000000000e+00 3.957853984128916203e-01 4.744612978723404817e-01 3.983753339875549804e-01 0.000000000000000000e+00 4.095771687835571551e-01 4.169319154929577720e-01 4.006377147791613802e-01 4.728905789473684118e-01 4.161251953514189528e-01 0.000000000000000000e+00 3.953058107516396191e-01 4.413653884999897414e-01 4.217218993038059915e-01 0.000000000000000000e+00 4.260175600000000173e-01 4.383584298678648294e-01 3.309578550992010593e-01 4.269297193250438660e-01 3.692500947338258066e-01 3.896970454545454765e-01 4.006510696843910702e-01 4.408156546798847608e-01 3.913695877162828851e-01 0.000000000000000000e+00 4.026930052547597616e-01 0.000000000000000000e+00 4.050229184290917162e-01 0.000000000000000000e+00 0.000000000000000000e+00 0.000000000000000000e+00 4.063778780486552722e-01 0.000000000000000000e+00 3.664150160427807612e-01 0.000000000000000000e+00 3.980134213275431376e-01 4.346038832012403819e-01 4.214636224508050422e-01 4.620172962962962870e-01 0.000000000000000000e+00 4.288020179960524980e-01 3.977212577319587106e-01 4.185712959994966620e-01 4.014973199999999354e-01 4.440050064563733634e-01 4.362348607933332900e-01 0.000000000000000000e+00 0.000000000000000000e+00 4.323895322960542020e-01 0.000000000000000000e+00 0.000000000000000000e+00 4.401594692219207294e-01 4.520253471074379692e-01 0.000000000000000000e+00 0.000000000000000000e+00 0.000000000000000000e+00 0.000000000000000000e+00 0.000000000000000000e+00 0.000000000000000000e+00 0.000000000000000000e+00 0.000000000000000000e+00 0.000000000000000000e+00
3.589267990415785925e-01 0.000000000000000000e+00 2.923154649395103277e-01 4.041736505512509292e-01 2.673129957883191299e-01 0.000000000000000000e+00 2.843242035484654928e-01 3.952723751719513512e-01 2.559437677912789200e-01 4.051608333333334144e-01 3.670641948586744197e-01 0.000000000000000000e+00 3.225578919518126697e-01 3.934471721175166192e-01 2.863285631086687211e-01 3.888820443381246772e-01 3.782212264150943137e-01 0.000000000000000000e+00 4.000834061282983467e-01 4.434772314814814376e-01 3.119120658212560238e-01 0.000000000000000000e+00 3.338186566226191143e-01 4.088876291510735728e-01 2.764856258645860265e-01 4.370389444444444660e-01 3.457573349149553610e-01 0.000000000000000000e+00 3.394980703065604288e-01 4.113814190476191013e-01 3.389408510285432108e-01 3.751935539188859248e-01 3.076853513513513327e-01 0.000000000000000000e+00 0.000000000000000000e+00 0.000000000000000000e+00 4.021386716417910678e-01 0.000000000000000000e+00 0.000000000000000000e+00 0.000000000000000000e+00 0.000000000000000000e+00 0.000000000000000000e+00 0.000000000000000000e+00 0.000000000000000000e+00 0.000000000000000000e+00 0.000000000000000000e+00 0.000000000000000000e+00 0.000000000000000000e+00 0.000000000000000000e+00 0.000000000000000000e+00 4.117187913170731184e-01 0.000000000000000000e+00 0.000000000000000000e+00 0.000000000000000000e+00 4.310745268817203768e-01 0.000000000000000000e+00 3.754774942879256505e-01 0.000000000000000000e+00 3.503372500000000445e-01 5.125015958549222761e-01 3.915565728471801510e-01 0.000000000000000000e+00 3.559949813084112846e-01 0.000000000000000000e+00 4.060946800000000412e-01 0.000000000000000000e+00 3.620823384615385332e-01 0.000000000000000000e+00 0.000000000000000000e+00 0.000000000000000000e+00 3.110340663596432575e-01 4.067093249949235712e-01 3.358077998384555451e-01 4.178053870190296948e-01 3.213112710437710517e-01 0.000000000000000000e+00 3.488624522185455046e-01 0.000000000000000000e+00 0.000000000000000000e+00 0.000000000000000000e+00 3.821345748301772094e-01 0.000000000000000000e+00 0.000000000000000000e+00 0.000000000000000000e+00 3.887453553410426532e-01 0.000000000000000000e+00 4.064469701492537945e-01 0.000000000000000000e+00 4.041877750000000269e-01 0.000000000000000000e+00 0.000000000000000000e+00 0.000000000000000000e+00 0.000000000000000000e+00 0.000000000000000000e+00 0.000000000000000000e+00 0.000000000000000000e+00 0.000000000000000000e+00 0.000000000000000000e+00 0.000000000000000000e+00 0.000000000000000000e+00 0.000000000000000000e+00 0.000000000000000000e+00 0.000000000000000000e+00 3.555699266055044605e-01 0.000000000000000000e+00 0.000000000000000000e+00 0.000000000000000000e+00 0.000000000000000000e+00 0.000000000000000000e+00 0.000000000000000000e+00 0.000000000000000000e+00 0.000000000000000000e+00 0.000000000000000000e+00 0.000000000000000000e+00 0.000000000000000000e+00 0.000000000000000000e+00
0.000000000000000000e+00 3.329396506024095981e-01 4.008641889584560469e-01 2.985166793244954930e-01 4.076845364123158344e-01 2.398791227386391500e-01 3.943585049634273920e-01 2.769230882274661409e-01 4.051608333333334144e-01 2.423962626452128011e-01 0.000000000000000000e+00 3.087849431818182055e-01 4.022742771943728091e-01 3.118755148132146271e-01 3.870720548070042955e-01 2.894345199772387911e-01 0.000000000000000000e+00 3.508702727338968153e-01 0.000000000000000000e+00 0.000000000000000000e+00 0.000000000000000000e+00 0.000000000000000000e+00 3.957573077767240766e-01 3.163954450845146149e-01 3.893599011009782340e-01 3.121915396809008536e-01 4.027679475050265911e-01 3.014774515429999857e-01 0.000000000000000000e+00 3.376120022832981293e-01 3.657099960929971472e-01 3.267704074781688783e-01 0.000000000000000000e+00 0.000000000000000000e+00 0.000000000000000000e+00 0.000000000000000000e+00 0.000000000000000000e+00 4.051127169811321038e-01 0.000000000000000000e+00 0.000000000000000000e+00 0.000000000000000000e+00 0.000000000000000000e+00 0.000000000000000000e+00 0.000000000000000000e+00 0.000000000000000000e+00 0.000000000000000000e+00 0.000000000000000000e+00 0.000000000000000000e+00 0.000000000000000000e+00 0.000000000000000000e+00 0.000000000000000000e+00 4.073599999999999444e-01 0.000000000000000000e+00 0.000000000000000000e+00 0.000000000000000000e+00 0.000000000000000000e+00 0.000000000000000000e+00 3.594507300676669792e-01 0.000000000000000000e+00 0.000000000000000000e+00 0.000000000000000000e+00 0.000000000000000000e+00 0.000000000000000000e+00 0.000000000000000000e+00 0.000000000000000000e+00 3.491400740740741027e-01 0.000000000000000000e+00 0.000000000000000000e+00 0.000000000000000000e+00 0.000000000000000000e+00 4.101455164977355072e-01 3.179654267562011527e-01 0.000000000000000000e+00 3.438798945076357305e-01 0.000000000000000000e+00 0.000000000000000000e+00 4.072783793103448846e-01 3.603083056212571522e-01 0.000000000000000000e+00 0.000000000000000000e+00 0.000000000000000000e+00 4.097035978260868960e-01 0.000000000000000000e+00 0.000000000000000000e+00 0.000000000000000000e+00 3.810002715277777119e-01 0.000000000000000000e+00 0.000000000000000000e+00 0.000000000000000000e+00 0.000000000000000000e+00 0.000000000000000000e+00 0.000000000000000000e+00 0.000000000000000000e+00 0.000000000000000000e+00 0.000000000000000000e+00 0.000000000000000000e+00 0.000000000000000000e+00 4.011181329479769353e-01 0.000000000000000000e+00 0.000000000000000000e+00 0.000000000000000000e+00 0.000000000000000000e+00 0.000000000000000000e+00 0.000000000000000000e+00 0.000000000000000000e+00 0.000000000000000000e+00 0.000000000000000000e+00 0.000000000000000000e+00 0.000000000000000000e+00 0.000000000000000000e+00 0.000000000000000000e+00 0.000000000000000000e+00 0.000000000000000000e+00 0.000000000000000000e+00 0.000000000000000000e+00 0.000000000000000000e+00
3.331478727454048050e-01 4.512331901403928147e-01 3.968370471382746123e-01 4.587873012152581254e-01 3.325077472527472322e-01 0.000000000000000000e+00 3.862288635141666870e-01 4.438156275891680380e-01 3.670641948586744197e-01 0.000000000000000000e+00 2.864982292815534404e-01 4.350657327014466058e-01 3.041161738537978554e-01 4.351154909936776893e-01 3.686292056328817068e-01 0.000000000000000000e+00 3.169907437282215579e-01 4.477649579358625176e-01 4.098070263690256065e-01 4.685073693519607452e-01 0.000000000000000000e+00 0.000000000000000000e+00 3.888022570995150473e-01 4.169755894636014704e-01 0.000000000000000000e+00 0.000000000000000000e+00 0.000000000000000000e+00 0.000000000000000000e+00 3.736321233250240459e-01 4.255432857142856795e-01 3.863012945459075587e-01 4.191132452648336226e-01 3.919812416933335375e-01 4.369783728943477663e-01 4.067787477477476377e-01 0.000000000000000000e+00 4.640175218659035039e-01 0.000000000000000000e+00 0.000000000000000000e+00 0.000000000000000000e+00 0.000000000000000000e+00 0.000000000000000000e+00 0.000000000000000000e+00 0.000000000000000000e+00 3.631272440944880997e-01 0.000000000000000000e+00 0.000000000000000000e+00 0.000000000000000000e+00 3.783485727569740886e-01 0.000000000000000000e+00 3.975076073990742587e-01 0.000000000000000000e+00 4.183782408963585553e-01 0.000000000000000000e+00 3.918792688165817495e-01 0.000000000000000000e+00 3.960025567801065960e-01 0.000000000000000000e+00 4.048306556284078095e-01 4.528298709677419653e-01 4.133351437991071853e-01 0.000000000000000000e+00 4.178890546779349680e-01 0.000000000000000000e+00 4.263060848690453652e-01 0.000000000000000000e+00 4.086709381007363473e-01 0.000000000000000000e+00 3.878336951149425338e-01 0.000000000000000000e+00 3.575925462469712879e-01 4.860812714285714375e-01 3.883788155156663868e-01 4.477398575813978376e-01 0.000000000000000000e+00 4.288428072289156567e-01 3.819022513882125436e-01 4.410736267276849643e-01 0.000000000000000000e+00 0.000000000000000000e+00 3.640619655740101046e-01 0.000000000000000000e+00 0.000000000000000000e+00 0.000000000000000000e+00 4.113667007749530757e-01 4.634289171270718488e-01 0.000000000000000000e+00 0.000000000000000000e+00 4.318842292743954037e-01 0.000000000000000000e+00 0.000000000000000000e+00 0.000000000000000000e+00 0.000000000000000000e+00 0.000000000000000000e+00 4.006024976316522324e-01 4.258983777777777813e-01 0.000000000000000000e+00 0.000000000000000000e+00 0.000000000000000000e+00 0.000000000000000000e+00 0.000000000000000000e+00 4.481389432624113267e-01 0.000000000000000000e+00 0.000000000000000000e+00 0.000000000000000000e+00 0.000000000000000000e+00 0.000000000000000000e+00 0.000000000000000000e+00 0.000000000000000000e+00 0.000000000000000000e+00 0.000000000000000000e+00 0.000000000000000000e+00 0.000000000000000000e+00 0.000000000000000000e+00 0.000000000000000000e+00 0.000000000000000000e+00
4.452794584568634528e-01 3.572919989896382043e-01 4.282955062680560698e-01 3.844301867294912523e-01 3.798846458333333120e-01 3.410198433734940027e-01 4.341318683920002419e-01 3.636131463634059702e-01 0.000000000000000000e+00 3.087849431818182055e-01 4.350657327014466058e-01 3.126013695614273669e-01 4.267347734407576088e-01 3.191161326305048118e-01 0.000000000000000000e+00 3.708712539361679328e-01 4.423996012327189309e-01 3.462115383352905029e-01 4.524686936734896303e-01 4.050272077821945871e-01 0.000000000000000000e+00 0.000000000000000000e+00 4.303293016544339489e-01 3.842411574173765776e-01 0.000000000000000000e+00 0.000000000000000000e+00 0.000000000000000000e+00 0.000000000000000000e+00 4.300169851037851099e-01 3.537363200098381233e-01 3.979425762107150488e-01 3.775667674284033382e-01 4.206672081179869682e-01 3.823916618605206486e-01 0.000000000000000000e+00 4.552806987951807938e-01 0.000000000000000000e+00 4.748714570008756297e-01 0.000000000000000000e+00 4.492080819672130687e-01 0.000000000000000000e+00 4.307925068811981340e-01 0.000000000000000000e+00 4.871647200000001066e-01 0.000000000000000000e+00 0.000000000000000000e+00 0.000000000000000000e+00 4.243823363636363699e-01 0.000000000000000000e+00 4.083129653805818160e-01 0.000000000000000000e+00 3.944938946782786116e-01 0.000000000000000000e+00 3.720811814164773912e-01 0.000000000000000000e+00 4.272115179042076938e-01 0.000000000000000000e+00 3.914762555844176761e-01 4.675500652173912863e-01 4.093257813890924801e-01 0.000000000000000000e+00 4.084085634161335188e-01 0.000000000000000000e+00 4.098560752875555768e-01 0.000000000000000000e+00 4.232844846205842115e-01 4.851671846153846057e-01 4.203550540581981187e-01 4.480879496855345590e-01 4.114613650793650934e-01 4.704395431086194623e-01 3.519666038480218639e-01 4.267980292762438843e-01 3.728527908479951081e-01 0.000000000000000000e+00 3.924857200909700472e-01 4.324236645933570156e-01 4.029032041439895573e-01 0.000000000000000000e+00 4.397498277817752377e-01 0.000000000000000000e+00 4.213662579716357381e-01 0.000000000000000000e+00 0.000000000000000000e+00 0.000000000000000000e+00 4.308517028455521314e-01 0.000000000000000000e+00 0.000000000000000000e+00 0.000000000000000000e+00 4.297194577802731508e-01 4.393385165562914696e-01 4.408182252747253060e-01 4.552644265734265838e-01 0.000000000000000000e+00 0.000000000000000000e+00 0.000000000000000000e+00 0.000000000000000000e+00 0.000000000000000000e+00 4.280356858638743600e-01 0.000000000000000000e+00 0.000000000000000000e+00 0.000000000000000000e+00 4.608910138888888119e-01 0.000000000000000000e+00 0.000000000000000000e+00 4.411492478632478287e-01 0.000000000000000000e+00 0.000000000000000000e+00 0.000000000000000000e+00 0.000000000000000000e+00 0.000000000000000000e+00 0.000000000000000000e+00 0.000000000000000000e+00 0.000000000000000000e+00 0.000000000000000000e+00 0.000000000000000000e+00
3.660847772475170347e-01 0.000000000000000000e+00 3.516603349427644964e-01 4.203651097154612049e-01 3.209663035435446066e-01 0.000000000000000000e+00 3.246978461749459588e-01 4.166388249195192017e-01 3.225578919518126697e-01 4.022742771943728091e-01 3.041161738537978554e-01 4.267347734407576088e-01 2.682191239239040681e-01 4.104765560151340531e-01 2.942001196491730308e-01 4.133879145962733315e-01 3.882024422415470410e-01 4.743636989247312363e-01 3.991597151270199206e-01 4.521205392524409450e-01 0.000000000000000000e+00 0.000000000000000000e+00 3.684013882979875198e-01 4.193515197468012934e-01 0.000000000000000000e+00 0.000000000000000000e+00 0.000000000000000000e+00 0.000000000000000000e+00 3.207397053721235958e-01 4.385501584243818307e-01 3.526675396694181619e-01 4.006878995485228523e-01 3.842210502096081171e-01 4.379820903708387392e-01 4.326200707070707585e-01 0.000000000000000000e+00 4.764942204403591619e-01 0.000000000000000000e+00 0.000000000000000000e+00 0.000000000000000000e+00 4.806497464788732077e-01 0.000000000000000000e+00 0.000000000000000000e+00 0.000000000000000000e+00 4.023886538461538542e-01 0.000000000000000000e+00 4.249780346896955274e-01 0.000000000000000000e+00 4.059750527804633080e-01 0.000000000000000000e+00 3.992824229176040740e-01 0.000000000000000000e+00 0.000000000000000000e+00 0.000000000000000000e+00 3.972358745834443927e-01 0.000000000000000000e+00 3.915360234608828427e-01 4.474135512820512917e-01 3.881083732995120328e-01 0.000000000000000000e+00 4.137925152669701956e-01 0.000000000000000000e+00 3.888677638880668752e-01 0.000000000000000000e+00 4.182604324451722477e-01 0.000000000000000000e+00 3.896551301436063097e-01 0.000000000000000000e+00 3.987247564921287402e-01 0.000000000000000000e+00 3.373666290952156421e-01 4.115879142774361288e-01 3.745473355609955091e-01 4.201552931978596583e-01 3.675790728723404843e-01 4.354237415730337069e-01 3.746335040530363591e-01 4.019455268671875414e-01 3.868771973684210774e-01 0.000000000000000000e+00 4.056434050884898945e-01 0.000000000000000000e+00 0.000000000000000000e+00 0.000000000000000000e+00 4.098303328746327190e-01 0.000000000000000000e+00 0.000000000000000000e+00 0.000000000000000000e+00 4.082587235310079499e-01 0.000000000000000000e+00 0.000000000000000000e+00 0.000000000000000000e+00 0.000000000000000000e+00 0.000000000000000000e+00 4.332293972449848263e-01 0.000000000000000000e+00 4.599358116883117131e-01 0.000000000000000000e+00 0.000000000000000000e+00 4.719131367521367526e-01 4.356664154929577593e-01 0.000000000000000000e+00 0.000000000000000000e+00 4.714836906474819678e-01 0.000000000000000000e+00 4.066435565217392245e-01 0.000000000000000000e+00 0.000000000000000000e+00 0.000000000000000000e+00 0.000000000000000000e+00 0.000000000000000000e+00 0.000000000000000000e+00 0.000000000000000000e+00 0.000000000000000000e+00 0.000000000000000000e+00 0.000000000000000000e+00
