2.813990574013794932e-01 4.774302036644429426e-01 3.738958271404536071e-01 4.926488006493838778e-01 3.399990186890574084e-01 0.000000000000000000e+00 3.694059166185766907e-01 4.588110802921871456e-01 3.290416576242454760e-01 0.000000000000000000e+00 3.048831783173067134e-01 0.000000000000000000e+00 3.568079355333455549e-01 4.353733717948717885e-01 3.665436618936510627e-01 4.363527317073170320e-01 2.834009734333626240e-01 4.462522227875398428e-01 4.086021953613518387e-01 5.017200197681203067e-01 0.000000000000000000e+00 0.000000000000000000e+00 3.811246863018884490e-01 4.782099917874915729e-01 0.000000000000000000e+00 0.000000000000000000e+00 0.000000000000000000e+00 0.000000000000000000e+00 3.676230018094380214e-01 4.683231935844889282e-01 4.168969749999999475e-01 4.610453558558557652e-01 4.243137125924049124e-01 4.923857161365224333e-01 0.000000000000000000e+00 0.000000000000000000e+00 4.362948572606361597e-01 5.453195212765957756e-01 4.825944753567790180e-01 3.776889318181818056e-01 3.901535022774215156e-01 4.766870299999999561e-01 4.203589789792339104e-01 0.000000000000000000e+00 4.407695184642585473e-01 4.515789557350234906e-01 4.378996015569917577e-01 0.000000000000000000e+00 4.146052085593524561e-01 4.444398828125000200e-01 4.140273381690930399e-01 4.763201519999999967e-01 4.168617902302056422e-01 0.000000000000000000e+00 4.155499712921763011e-01 0.000000000000000000e+00 3.205844473623976620e-01 4.587189151022311728e-01 4.058587932949663801e-01 4.887858850821865664e-01 4.085965792131601715e-01 0.000000000000000000e+00 3.829763138868100270e-01 4.739233828124999603e-01 4.317334302244342781e-01 4.495614563106794526e-01 4.166504953450925197e-01 4.730578609954509961e-01 3.627848026190601538e-01 4.892539054074587779e-01 3.634369020562814856e-01 4.711823498738780813e-01 3.668958362058649114e-01 4.739373408971089274e-01 3.469055334281649916e-01 0.000000000000000000e+00 3.750121260184205996e-01 4.564887581041245368e-01 0.000000000000000000e+00 0.000000000000000000e+00 4.223621907658603458e-01 0.000000000000000000e+00 3.810136946091849386e-01 0.000000000000000000e+00 4.256185780148768472e-01 0.000000000000000000e+00 0.000000000000000000e+00 0.000000000000000000e+00 4.076419577303739827e-01 0.000000000000000000e+00 4.165203833038026993e-01 4.491211718683198462e-01 4.422556095890411432e-01 0.000000000000000000e+00 4.073811751706586937e-01 4.207429711538461792e-01 4.205444466393231662e-01 5.110509328358209258e-01 4.711020279357645002e-01 0.000000000000000000e+00 0.000000000000000000e+00 0.000000000000000000e+00 4.431823978565720412e-01 4.575622340959617507e-01 4.355026062024842659e-01 4.300055209167779058e-01 0.000000000000000000e+00 4.465971865828092247e-01 0.000000000000000000e+00 0.000000000000000000e+00 0.000000000000000000e+00 0.000000000000000000e+00 0.000000000000000000e+00 0.000000000000000000e+00 0.000000000000000000e+00 0.000000000000000000e+00
4.774302036644429426e-01 2.806035595895993162e-01 4.929025164814639370e-01 3.759048197372083511e-01 0.000000000000000000e+00 0.000000000000000000e+00 4.653738436895269448e-01 3.744749407307217948e-01 0.000000000000000000e+00 3.527690124269005079e-01 0.000000000000000000e+00 3.555203980726131530e-01 0.000000000000000000e+00 3.685667686905048646e-01 0.000000000000000000e+00 3.673184068325108798e-01 4.296623578305519553e-01 2.524362481858585805e-01 5.028340789702345770e-01 3.549771348486735478e-01 0.000000000000000000e+00 0.000000000000000000e+00 0.000000000000000000e+00 3.958139757841410700e-01 0.000000000000000000e+00 0.000000000000000000e+00 0.000000000000000000e+00 0.000000000000000000e+00 4.646394783657229466e-01 3.975353241914028612e-01 4.098258691588785307e-01 0.000000000000000000e+00 4.920622431686640930e-01 4.466912867762500849e-01 0.000000000000000000e+00 4.199802485268864793e-01 0.000000000000000000e+00 4.619500028803928959e-01 0.000000000000000000e+00 4.586807474251019534e-01 0.000000000000000000e+00 0.000000000000000000e+00 0.000000000000000000e+00 4.219198654867256093e-01 0.000000000000000000e+00 3.879640915277695612e-01 0.000000000000000000e+00 3.901458940452893209e-01 0.000000000000000000e+00 3.932503668476992065e-01 4.345043443486589774e-01 3.925787307649579172e-01 0.000000000000000000e+00 4.112713975903614094e-01 0.000000000000000000e+00 4.094250468008127641e-01 4.642420147801709085e-01 3.302754318301807102e-01 4.732102293887640032e-01 3.999300278522999741e-01 4.846085887096774902e-01 3.962153589544969989e-01 0.000000000000000000e+00 3.975023026894879408e-01 4.647527751937984286e-01 4.026629852197780579e-01 4.715791738734126382e-01 4.347764030491522713e-01 4.962843357258177046e-01 3.280899951737990539e-01 0.000000000000000000e+00 3.681824032376624367e-01 4.515802466407747850e-01 3.895907906112880958e-01 0.000000000000000000e+00 4.091449074074073877e-01 4.537866075987824210e-01 3.803663481959544956e-01 0.000000000000000000e+00 0.000000000000000000e+00 4.263934285714285899e-01 4.299375125188819591e-01 0.000000000000000000e+00 0.000000000000000000e+00 0.000000000000000000e+00 4.309632514504314060e-01 0.000000000000000000e+00 0.000000000000000000e+00 0.000000000000000000e+00 4.202160575506648232e-01 4.133716680627063655e-01 4.277100998563219125e-01 0.000000000000000000e+00 3.458551016949152901e-01 4.350725185185184696e-01 0.000000000000000000e+00 4.523578381834214568e-01 4.340225981308410419e-01 0.000000000000000000e+00 4.402563658045977046e-01 0.000000000000000000e+00 4.543428086956521894e-01 4.114220387596899120e-01 4.309163782263249476e-01 4.036627311827956643e-01 4.269590116328294549e-01 0.000000000000000000e+00 0.000000000000000000e+00 0.000000000000000000e+00 0.000000000000000000e+00 0.000000000000000000e+00 0.000000000000000000e+00 0.000000000000000000e+00 0.000000000000000000e+00 0.000000000000000000e+00 0.000000000000000000e+00
3.738958271404536071e-01 4.929025164814639370e-01 2.834903591341162432e-01 4.611303126699503596e-01 1.919411322980559553e-01 4.275602596263674005e-01 3.220345916061175262e-01 4.526572223039629361e-01 3.329487520433370706e-01 4.455292277865519623e-01 3.888105051445260307e-01 4.715979909948204152e-01 3.626152442507635798e-01 4.384292652591202932e-01 3.334722045518957456e-01 4.228491529096995438e-01 3.881554209904903852e-01 4.849385748918561556e-01 3.384651256902567740e-01 5.177047129106533419e-01 0.000000000000000000e+00 3.445736493506493248e-01 2.793649162471441016e-01 4.381334662988632389e-01 2.069011466298447122e-01 4.266701870165777177e-01 3.068207721424053291e-01 0.000000000000000000e+00 3.615056604291824738e-01 4.602583410086255600e-01 3.622801357180988058e-01 4.282247852426154799e-01 4.261553240320719582e-01 4.905354330083204206e-01 4.498425467402923372e-01 0.000000000000000000e+00 4.108384293579513957e-01 0.000000000000000000e+00 4.372075358574139536e-01 3.414920221585445170e-01 3.632396250000000104e-01 0.000000000000000000e+00 0.000000000000000000e+00 0.000000000000000000e+00 4.420828558350282655e-01 0.000000000000000000e+00 4.369245138888888658e-01 0.000000000000000000e+00 4.399385845835873110e-01 5.339621871345029414e-01 3.994674299451132504e-01 4.771752203389830194e-01 0.000000000000000000e+00 0.000000000000000000e+00 3.926700813631598952e-01 0.000000000000000000e+00 3.974551487472458566e-01 4.415877632340777792e-01 4.370752219744898914e-01 4.998942357498877276e-01 3.898048098555186858e-01 0.000000000000000000e+00 3.811115871595244231e-01 0.000000000000000000e+00 3.766014630257159546e-01 4.261007449664430125e-01 4.445982853333037554e-01 4.968074614787026388e-01 3.669960932267143372e-01 0.000000000000000000e+00 3.620175265852527691e-01 4.614418526490411399e-01 3.665679321159308057e-01 4.578406101210640844e-01 3.185849323855621806e-01 0.000000000000000000e+00 3.906513838116195680e-01 4.560855928949271720e-01 3.887767222834284109e-01 0.000000000000000000e+00 3.892024904052674428e-01 0.000000000000000000e+00 0.000000000000000000e+00 0.000000000000000000e+00 3.823520545867729048e-01 4.671319216867470536e-01 0.000000000000000000e+00 0.000000000000000000e+00 3.837708205524971716e-01 4.585047006802721592e-01 3.916945978645759441e-01 4.062451562072277866e-01 0.000000000000000000e+00 0.000000000000000000e+00 4.129282741752557384e-01 0.000000000000000000e+00 4.564202446808510727e-01 3.718001654205607687e-01 0.000000000000000000e+00 0.000000000000000000e+00 0.000000000000000000e+00 4.379864888888888586e-01 4.012826002724248498e-01 4.069630980992649527e-01 4.374715685589324887e-01 3.732230512886597351e-01 3.982951263157895605e-01 4.134403366336632524e-01 0.000000000000000000e+00 0.000000000000000000e+00 0.000000000000000000e+00 0.000000000000000000e+00 0.000000000000000000e+00 0.000000000000000000e+00 0.000000000000000000e+00 0.000000000000000000e+00
4.926488006493838778e-01 3.759048197372083511e-01 4.611303126699503596e-01 2.789736273194065030e-01 4.207757287712288186e-01 1.671315343189799241e-01 4.611808147150905368e-01 3.680928308689810913e-01 4.306788280301934169e-01 3.071351411438641987e-01 4.674330478642459985e-01 3.910495647630134464e-01 4.450860286723523074e-01 3.544080087000094914e-01 4.488730079842584431e-01 3.294492100955826452e-01 4.837028619095092297e-01 3.900566904876253682e-01 5.154632629958231238e-01 2.992009330035048098e-01 3.480003174603175098e-01 0.000000000000000000e+00 4.452742459772306427e-01 2.744038502592720530e-01 3.718880474917956036e-01 2.379403964318766440e-01 0.000000000000000000e+00 2.926224802503052391e-01 4.329331018170425871e-01 3.749972821821149216e-01 4.103457607194144763e-01 3.518838113702230097e-01 5.055241073737226642e-01 4.155421984894315801e-01 4.414878534090909135e-01 4.383882279508403146e-01 5.120402788461538846e-01 4.292704636626900050e-01 0.000000000000000000e+00 4.396684552455863426e-01 0.000000000000000000e+00 0.000000000000000000e+00 0.000000000000000000e+00 4.614002307692307570e-01 0.000000000000000000e+00 4.473640923743803510e-01 0.000000000000000000e+00 0.000000000000000000e+00 0.000000000000000000e+00 4.094795253363698317e-01 0.000000000000000000e+00 4.014330089235825239e-01 0.000000000000000000e+00 3.921993852459016439e-01 0.000000000000000000e+00 4.033655884417169379e-01 4.650239516500044301e-01 4.073450913212290914e-01 0.000000000000000000e+00 4.454638251986641206e-01 4.453160409799220565e-01 3.860803208684210341e-01 0.000000000000000000e+00 4.303205657814935248e-01 4.597556104651163156e-01 4.038331279380063532e-01 4.718084620798862483e-01 4.475213102886293481e-01 5.192238828735799006e-01 4.276733743787589637e-01 4.522096300242022249e-01 3.750385559564552995e-01 4.485565148088781484e-01 3.751589536601321329e-01 0.000000000000000000e+00 3.720244693562510530e-01 4.440535078636558830e-01 4.068214679764214359e-01 0.000000000000000000e+00 0.000000000000000000e+00 0.000000000000000000e+00 3.697674063254514643e-01 0.000000000000000000e+00 0.000000000000000000e+00 0.000000000000000000e+00 4.115613126398363075e-01 0.000000000000000000e+00 0.000000000000000000e+00 0.000000000000000000e+00 4.022550442960984296e-01 0.000000000000000000e+00 4.005272999130056188e-01 0.000000000000000000e+00 0.000000000000000000e+00 4.351386284802043480e-01 4.514633260869566067e-01 0.000000000000000000e+00 0.000000000000000000e+00 4.093596484615384945e-01 3.931798049785952265e-01 0.000000000000000000e+00 0.000000000000000000e+00 4.167020293363236649e-01 4.087766560610566757e-01 0.000000000000000000e+00 4.395695796488859330e-01 0.000000000000000000e+00 0.000000000000000000e+00 0.000000000000000000e+00 0.000000000000000000e+00 0.000000000000000000e+00 0.000000000000000000e+00 0.000000000000000000e+00 0.000000000000000000e+00 0.000000000000000000e+00 0.000000000000000000e+00
3.399990186890574084e-01 0.000000000000000000e+00 1.919411322980559553e-01 4.207757287712288186e-01 1.866684292840998516e-01 4.271282806284817934e-01 3.322428749984212004e-01 4.230635515350877340e-01 2.339132639360549382e-01 4.292592945251575420e-01 0.000000000000000000e+00 0.000000000000000000e+00 3.304154894683125621e-01 4.375227761194029341e-01 2.909723716818207184e-01 4.503143806160149198e-01 0.000000000000000000e+00 0.000000000000000000e+00 4.069585901639344305e-01 4.023165915492957767e-01 2.224595674853458160e-01 4.017782738095238004e-01 2.874107659769246093e-01 4.180960379101386071e-01 1.893671021587866876e-01 4.396457307662850478e-01 2.222698190766008719e-01 4.396749642191142282e-01 3.435032261119569941e-01 0.000000000000000000e+00 3.318091136895667814e-01 4.229745439343400859e-01 3.759414915254238321e-01 4.171379478260869300e-01 4.634448045977010988e-01 0.000000000000000000e+00 0.000000000000000000e+00 0.000000000000000000e+00 0.000000000000000000e+00 0.000000000000000000e+00 0.000000000000000000e+00 0.000000000000000000e+00 0.000000000000000000e+00 0.000000000000000000e+00 0.000000000000000000e+00 0.000000000000000000e+00 4.347356666666666314e-01 0.000000000000000000e+00 0.000000000000000000e+00 0.000000000000000000e+00 4.274944996056574964e-01 0.000000000000000000e+00 0.000000000000000000e+00 0.000000000000000000e+00 0.000000000000000000e+00 0.000000000000000000e+00 0.000000000000000000e+00 0.000000000000000000e+00 0.000000000000000000e+00 0.000000000000000000e+00 0.000000000000000000e+00 0.000000000000000000e+00 0.000000000000000000e+00 0.000000000000000000e+00 0.000000000000000000e+00 0.000000000000000000e+00 0.000000000000000000e+00 0.000000000000000000e+00 3.871684407051282362e-01 0.000000000000000000e+00 3.564641060799486616e-01 4.589999902013967570e-01 2.712940153229517204e-01 4.276600823529412287e-01 3.386419999999999986e-01 0.000000000000000000e+00 3.267188397750953599e-01 0.000000000000000000e+00 0.000000000000000000e+00 0.000000000000000000e+00 0.000000000000000000e+00 0.000000000000000000e+00 0.000000000000000000e+00 0.000000000000000000e+00 4.098920022483325543e-01 0.000000000000000000e+00 3.757779124999999776e-01 0.000000000000000000e+00 3.891348280570441354e-01 0.000000000000000000e+00 0.000000000000000000e+00 0.000000000000000000e+00 0.000000000000000000e+00 0.000000000000000000e+00 0.000000000000000000e+00 0.000000000000000000e+00 0.000000000000000000e+00 0.000000000000000000e+00 0.000000000000000000e+00 3.590131504424779463e-01 0.000000000000000000e+00 0.000000000000000000e+00 3.432225785123967365e-01 3.694543007518796829e-01 0.000000000000000000e+00 0.000000000000000000e+00 0.000000000000000000e+00 0.000000000000000000e+00 0.000000000000000000e+00 0.000000000000000000e+00 0.000000000000000000e+00 0.000000000000000000e+00 0.000000000000000000e+00 0.000000000000000000e+00 0.000000000000000000e+00 0.000000000000000000e+00
0.000000000000000000e+00 0.000000000000000000e+00 4.275602596263674005e-01 1.671315343189799241e-01 4.271282806284817934e-01 1.745136025372613642e-01 4.368837933505036464e-01 2.818304364034098231e-01 4.306081351614654551e-01 2.456800775064316156e-01 0.000000000000000000e+00 0.000000000000000000e+00 4.384021353787879161e-01 2.980986348200626024e-01 4.731989490653303321e-01 2.788142375522493221e-01 0.000000000000000000e+00 3.190458673469387385e-01 0.000000000000000000e+00 3.890941432400932265e-01 4.195497962264310154e-01 3.267010056373247928e-01 4.269927325556762132e-01 2.690351808504085063e-01 4.295582407376357659e-01 2.010585871319404694e-01 4.362382986053085498e-01 2.275468015458450288e-01 0.000000000000000000e+00 3.002233930634776171e-01 4.082146965922637261e-01 3.546883990688075583e-01 0.000000000000000000e+00 3.385986870837599527e-01 0.000000000000000000e+00 0.000000000000000000e+00 0.000000000000000000e+00 4.144866773483365519e-01 0.000000000000000000e+00 0.000000000000000000e+00 0.000000000000000000e+00 0.000000000000000000e+00 0.000000000000000000e+00 4.411944968928782629e-01 0.000000000000000000e+00 4.559091586206897029e-01 0.000000000000000000e+00 4.776647125000000327e-01 0.000000000000000000e+00 4.432717078313252457e-01 5.083433581250000888e-01 4.208526616541353738e-01 0.000000000000000000e+00 0.000000000000000000e+00 0.000000000000000000e+00 4.269865131344845466e-01 0.000000000000000000e+00 0.000000000000000000e+00 0.000000000000000000e+00 0.000000000000000000e+00 0.000000000000000000e+00 0.000000000000000000e+00 4.215175273972602832e-01 0.000000000000000000e+00 0.000000000000000000e+00 0.000000000000000000e+00 0.000000000000000000e+00 0.000000000000000000e+00 0.000000000000000000e+00 0.000000000000000000e+00 4.789125333224321102e-01 3.510538554072316630e-01 4.453764406545389076e-01 3.187579409925695439e-01 0.000000000000000000e+00 2.999571074853801811e-01 3.585420369863013823e-01 3.371709511879689147e-01 0.000000000000000000e+00 0.000000000000000000e+00 0.000000000000000000e+00 4.082837627118643398e-01 0.000000000000000000e+00 3.963071591586001530e-01 0.000000000000000000e+00 4.065637120376932034e-01 0.000000000000000000e+00 0.000000000000000000e+00 0.000000000000000000e+00 4.102226702283958137e-01 0.000000000000000000e+00 0.000000000000000000e+00 0.000000000000000000e+00 0.000000000000000000e+00 0.000000000000000000e+00 0.000000000000000000e+00 0.000000000000000000e+00 0.000000000000000000e+00 0.000000000000000000e+00 0.000000000000000000e+00 0.000000000000000000e+00 0.000000000000000000e+00 0.000000000000000000e+00 0.000000000000000000e+00 0.000000000000000000e+00 0.000000000000000000e+00 0.000000000000000000e+00 0.000000000000000000e+00 0.000000000000000000e+00 0.000000000000000000e+00 0.000000000000000000e+00 0.000000000000000000e+00 0.000000000000000000e+00 0.000000000000000000e+00 0.000000000000000000e+00 0.000000000000000000e+00
3.694059166185766907e-01 4.653738436895269448e-01 3.220345916061175262e-01 4.611808147150905368e-01 3.322428749984212004e-01 4.368837933505036464e-01 3.083260097068807326e-01 4.521173775444108922e-01 2.709956512715298582e-01 4.317272431402439103e-01 3.738407707180237405e-01 4.436578297601352361e-01 3.167483336783566417e-01 4.334617703784165998e-01 3.355191593805420536e-01 4.317325605400100796e-01 3.871972555025475216e-01 4.395465900769650602e-01 3.905080873173580325e-01 4.887658053946092873e-01 0.000000000000000000e+00 0.000000000000000000e+00 3.708636665891464346e-01 4.383680485763261081e-01 3.355110681818181950e-01 0.000000000000000000e+00 0.000000000000000000e+00 0.000000000000000000e+00 3.504772283007229206e-01 4.605526035801444373e-01 3.829552816674013371e-01 4.366665780227398930e-01 3.850180247747747586e-01 4.752900449025863061e-01 3.776320625000000319e-01 0.000000000000000000e+00 4.024765208129197358e-01 4.473966043165467643e-01 3.872324456521739067e-01 3.558004880952380655e-01 0.000000000000000000e+00 0.000000000000000000e+00 3.969832758926464256e-01 0.000000000000000000e+00 4.015488490566037627e-01 0.000000000000000000e+00 3.652588244274809215e-01 0.000000000000000000e+00 3.812375706954492238e-01 0.000000000000000000e+00 3.841029070079831631e-01 0.000000000000000000e+00 3.822066458151411883e-01 0.000000000000000000e+00 3.802930742303768374e-01 0.000000000000000000e+00 4.003310935490875799e-01 4.679195525655262533e-01 3.959424106080990380e-01 0.000000000000000000e+00 3.864158978546702317e-01 4.686658787878787424e-01 3.801732173255825131e-01 0.000000000000000000e+00 3.875909402843434326e-01 0.000000000000000000e+00 4.134703368383072508e-01 5.006086169334974523e-01 3.801452876272963799e-01 0.000000000000000000e+00 3.471332706042890570e-01 4.702548520464345794e-01 3.601596126199481107e-01 4.465904171406370748e-01 3.404118558823529539e-01 0.000000000000000000e+00 3.716914619388379526e-01 4.483006620497658745e-01 3.639711508487654124e-01 0.000000000000000000e+00 3.737684286563535130e-01 0.000000000000000000e+00 4.111915778917910602e-01 0.000000000000000000e+00 3.887888304369832571e-01 0.000000000000000000e+00 3.768772333333333391e-01 0.000000000000000000e+00 3.778608323330866492e-01 0.000000000000000000e+00 0.000000000000000000e+00 0.000000000000000000e+00 0.000000000000000000e+00 0.000000000000000000e+00 4.284891264178858905e-01 0.000000000000000000e+00 0.000000000000000000e+00 0.000000000000000000e+00 0.000000000000000000e+00 0.000000000000000000e+00 0.000000000000000000e+00 0.000000000000000000e+00 4.079061755725191252e-01 4.234957621621621149e-01 0.000000000000000000e+00 0.000000000000000000e+00 0.000000000000000000e+00 0.000000000000000000e+00 0.000000000000000000e+00 0.000000000000000000e+00 0.000000000000000000e+00 0.000000000000000000e+00 0.000000000000000000e+00 0.000000000000000000e+00 0.000000000000000000e+00 0.000000000000000000e+00
4.588110802921871456e-01 3.744749407307217948e-01 4.526572223039629361e-01 3.680928308689810913e-01 4.230635515350877340e-01 2.818304364034098231e-01 4.521173775444108922e-01 2.938202285778211409e-01 4.278588337994587709e-01 2.819772953377898683e-01 4.544691913748719614e-01 3.004034985939255664e-01 4.352350718464955137e-01 3.026780537899877443e-01 4.634334537129537468e-01 3.133052187691752755e-01 4.491076933061381449e-01 3.848327731324628909e-01 4.782195005859988801e-01 4.097829158649317072e-01 0.000000000000000000e+00 0.000000000000000000e+00 4.464168634258513513e-01 3.742316932693699472e-01 4.381358831168830070e-01 2.665859722222222450e-01 0.000000000000000000e+00 0.000000000000000000e+00 4.475090238095236761e-01 3.467743992530225583e-01 4.216742699001229666e-01 3.461525302296459272e-01 4.751048741098895523e-01 3.874808648309680525e-01 0.000000000000000000e+00 0.000000000000000000e+00 4.559593030303029648e-01 4.078917651289095114e-01 0.000000000000000000e+00 4.181407209327731578e-01 0.000000000000000000e+00 0.000000000000000000e+00 0.000000000000000000e+00 4.166538987568397245e-01 0.000000000000000000e+00 3.769938766476314540e-01 0.000000000000000000e+00 0.000000000000000000e+00 0.000000000000000000e+00 3.681951446896191693e-01 4.160281825396825450e-01 3.775402154141873634e-01 0.000000000000000000e+00 3.693882694859527693e-01 0.000000000000000000e+00 4.004669109562829510e-01 4.318011418439716143e-01 3.825055038396360518e-01 5.032297153846154725e-01 4.022789562696797439e-01 0.000000000000000000e+00 3.906380486277238884e-01 0.000000000000000000e+00 3.988103130834840249e-01 0.000000000000000000e+00 3.929576546871962339e-01 4.654907842602788448e-01 4.130966904969885500e-01 0.000000000000000000e+00 3.896431725562211068e-01 4.584919837268445764e-01 3.390640967775984671e-01 4.322865642795208352e-01 3.567586487502708570e-01 0.000000000000000000e+00 4.336804852941176791e-01 4.396148282544881658e-01 3.658263152559535492e-01 0.000000000000000000e+00 0.000000000000000000e+00 0.000000000000000000e+00 3.906133957840906001e-01 0.000000000000000000e+00 0.000000000000000000e+00 3.966485986754967330e-01 3.971155941135956491e-01 0.000000000000000000e+00 4.175920923189989642e-01 0.000000000000000000e+00 3.948925151543225542e-01 0.000000000000000000e+00 0.000000000000000000e+00 3.665486250000000168e-01 0.000000000000000000e+00 0.000000000000000000e+00 3.393082411764705708e-01 0.000000000000000000e+00 0.000000000000000000e+00 0.000000000000000000e+00 0.000000000000000000e+00 0.000000000000000000e+00 0.000000000000000000e+00 4.080308270676691884e-01 3.847398965488479372e-01 0.000000000000000000e+00 0.000000000000000000e+00 0.000000000000000000e+00 0.000000000000000000e+00 0.000000000000000000e+00 0.000000000000000000e+00 0.000000000000000000e+00 0.000000000000000000e+00 0.000000000000000000e+00 0.000000000000000000e+00 0.000000000000000000e+00 0.000000000000000000e+00
3.290416576242454760e-01 0.000000000000000000e+00 3.329487520433370706e-01 4.306788280301934169e-01 2.339132639360549382e-01 4.306081351614654551e-01 2.709956512715298582e-01 4.278588337994587709e-01 2.514236805105128369e-01 4.511933387415630325e-01 0.000000000000000000e+00 0.000000000000000000e+00 2.665802751083253819e-01 4.626657402597402768e-01 2.692265768767473921e-01 4.310541921763059725e-01 3.913643300652496770e-01 0.000000000000000000e+00 4.029747615761058999e-01 0.000000000000000000e+00 2.901725000000000554e-01 0.000000000000000000e+00 3.248069353259823711e-01 4.464100070366903705e-01 3.080799640233405357e-01 4.631024079119296921e-01 2.573129336057881078e-01 4.501178465753424840e-01 3.528085112371368015e-01 0.000000000000000000e+00 3.551072317165017700e-01 3.977167405674489342e-01 3.671435691056910700e-01 0.000000000000000000e+00 0.000000000000000000e+00 0.000000000000000000e+00 0.000000000000000000e+00 0.000000000000000000e+00 0.000000000000000000e+00 0.000000000000000000e+00 0.000000000000000000e+00 0.000000000000000000e+00 4.836529576271186293e-01 0.000000000000000000e+00 0.000000000000000000e+00 0.000000000000000000e+00 0.000000000000000000e+00 0.000000000000000000e+00 0.000000000000000000e+00 0.000000000000000000e+00 4.536959674796748332e-01 0.000000000000000000e+00 0.000000000000000000e+00 0.000000000000000000e+00 3.964988717948716990e-01 0.000000000000000000e+00 3.988086799816344952e-01 0.000000000000000000e+00 0.000000000000000000e+00 0.000000000000000000e+00 4.205513803872054091e-01 0.000000000000000000e+00 4.082486531894592985e-01 0.000000000000000000e+00 3.724379708034282754e-01 0.000000000000000000e+00 3.486664958677685999e-01 4.982491937499999857e-01 0.000000000000000000e+00 0.000000000000000000e+00 3.251108812067480813e-01 4.542857283950616498e-01 3.291808501062254977e-01 4.295581020157665519e-01 0.000000000000000000e+00 0.000000000000000000e+00 3.379316279016748581e-01 0.000000000000000000e+00 0.000000000000000000e+00 0.000000000000000000e+00 3.758384761154168752e-01 0.000000000000000000e+00 4.056514754474028761e-01 0.000000000000000000e+00 4.057072799351053027e-01 0.000000000000000000e+00 3.769111452456581079e-01 0.000000000000000000e+00 3.901512388059701353e-01 0.000000000000000000e+00 3.805590689655172221e-01 0.000000000000000000e+00 0.000000000000000000e+00 0.000000000000000000e+00 0.000000000000000000e+00 0.000000000000000000e+00 0.000000000000000000e+00 0.000000000000000000e+00 0.000000000000000000e+00 0.000000000000000000e+00 0.000000000000000000e+00 0.000000000000000000e+00 0.000000000000000000e+00 0.000000000000000000e+00 0.000000000000000000e+00 0.000000000000000000e+00 0.000000000000000000e+00 0.000000000000000000e+00 0.000000000000000000e+00 0.000000000000000000e+00 0.000000000000000000e+00 0.000000000000000000e+00 0.000000000000000000e+00 0.000000000000000000e+00 0.000000000000000000e+00 0.000000000000000000e+00
0.000000000000000000e+00 3.527690124269005079e-01 4.455292277865519623e-01 3.071351411438641987e-01 4.292592945251575420e-01 2.456800775064316156e-01 4.317272431402439103e-01 2.819772953377898683e-01 4.511933387415630325e-01 2.313017473697631943e-01 0.000000000000000000e+00 3.290139091272769600e-01 4.556823130997925131e-01 2.838237812763564905e-01 4.521071949587889827e-01 2.677610654726523820e-01 0.000000000000000000e+00 0.000000000000000000e+00 0.000000000000000000e+00 0.000000000000000000e+00 0.000000000000000000e+00 0.000000000000000000e+00 4.242303885107605588e-01 3.225472871195789737e-01 3.925680001507632078e-01 2.540068910879201280e-01 4.334033902439023977e-01 2.322537818834800871e-01 0.000000000000000000e+00 3.301224121369392694e-01 4.109256702580097453e-01 3.449034737721940469e-01 0.000000000000000000e+00 3.412786415094339887e-01 0.000000000000000000e+00 0.000000000000000000e+00 0.000000000000000000e+00 0.000000000000000000e+00 0.000000000000000000e+00 0.000000000000000000e+00 0.000000000000000000e+00 0.000000000000000000e+00 0.000000000000000000e+00 0.000000000000000000e+00 0.000000000000000000e+00 3.500878473282442727e-01 0.000000000000000000e+00 0.000000000000000000e+00 0.000000000000000000e+00 0.000000000000000000e+00 0.000000000000000000e+00 3.528879838035867134e-01 0.000000000000000000e+00 0.000000000000000000e+00 0.000000000000000000e+00 0.000000000000000000e+00 0.000000000000000000e+00 3.898128859649122591e-01 0.000000000000000000e+00 0.000000000000000000e+00 0.000000000000000000e+00 0.000000000000000000e+00 0.000000000000000000e+00 0.000000000000000000e+00 0.000000000000000000e+00 3.324427709923664098e-01 0.000000000000000000e+00 4.232644390243902044e-01 0.000000000000000000e+00 0.000000000000000000e+00 4.491082157815148301e-01 3.188206917069266177e-01 3.939331291685665981e-01 3.159245926592735287e-01 0.000000000000000000e+00 0.000000000000000000e+00 3.669550024801587207e-01 3.498766712759789344e-01 0.000000000000000000e+00 0.000000000000000000e+00 0.000000000000000000e+00 3.811867584694529354e-01 0.000000000000000000e+00 0.000000000000000000e+00 0.000000000000000000e+00 3.588690196080779882e-01 0.000000000000000000e+00 0.000000000000000000e+00 0.000000000000000000e+00 3.781593677430555300e-01 0.000000000000000000e+00 0.000000000000000000e+00 0.000000000000000000e+00 0.000000000000000000e+00 0.000000000000000000e+00 0.000000000000000000e+00 0.000000000000000000e+00 0.000000000000000000e+00 0.000000000000000000e+00 0.000000000000000000e+00 0.000000000000000000e+00 0.000000000000000000e+00 0.000000000000000000e+00 0.000000000000000000e+00 0.000000000000000000e+00 0.000000000000000000e+00 0.000000000000000000e+00 0.000000000000000000e+00 0.000000000000000000e+00 0.000000000000000000e+00 0.000000000000000000e+00 0.000000000000000000e+00 0.000000000000000000e+00 0.000000000000000000e+00 0.000000000000000000e+00 0.000000000000000000e+00
3.048831783173067134e-01 0.000000000000000000e+00 3.888105051445260307e-01 4.674330478642459985e-01 0.000000000000000000e+00 0.000000000000000000e+00 3.738407707180237405e-01 4.544691913748719614e-01 0.000000000000000000e+00 0.000000000000000000e+00 3.125930320057748735e-01 4.509358932360546524e-01 3.033410360424915186e-01 4.522281475898872749e-01 3.520395979729730174e-01 0.000000000000000000e+00 3.087347700373601067e-01 4.621397435897435790e-01 4.048336933353758327e-01 4.803088011089323706e-01 0.000000000000000000e+00 0.000000000000000000e+00 3.978969647711955715e-01 4.579841275549215163e-01 0.000000000000000000e+00 4.030325289256198040e-01 0.000000000000000000e+00 0.000000000000000000e+00 3.423616921239319710e-01 4.413757391304347077e-01 3.993530070613969807e-01 4.630377230919765497e-01 4.043955174932108987e-01 4.744709523984698696e-01 3.719775438596491512e-01 0.000000000000000000e+00 4.152693164556961469e-01 0.000000000000000000e+00 0.000000000000000000e+00 0.000000000000000000e+00 0.000000000000000000e+00 0.000000000000000000e+00 0.000000000000000000e+00 0.000000000000000000e+00 0.000000000000000000e+00 0.000000000000000000e+00 0.000000000000000000e+00 0.000000000000000000e+00 0.000000000000000000e+00 0.000000000000000000e+00 4.304297865614655216e-01 0.000000000000000000e+00 3.866252337962963193e-01 0.000000000000000000e+00 4.077218702495544189e-01 0.000000000000000000e+00 3.792442260540840326e-01 0.000000000000000000e+00 4.176571743615646315e-01 0.000000000000000000e+00 4.100794867410105793e-01 0.000000000000000000e+00 4.172729120540583647e-01 0.000000000000000000e+00 4.313273278663734001e-01 0.000000000000000000e+00 4.144274785904727976e-01 4.845721058255268998e-01 0.000000000000000000e+00 0.000000000000000000e+00 3.548123848160533167e-01 4.868501480362727452e-01 3.507206289578000402e-01 4.366463329754123879e-01 0.000000000000000000e+00 0.000000000000000000e+00 3.509890909090908617e-01 0.000000000000000000e+00 4.129927311403508994e-01 0.000000000000000000e+00 4.104274499370102469e-01 0.000000000000000000e+00 0.000000000000000000e+00 0.000000000000000000e+00 4.186367783930908248e-01 0.000000000000000000e+00 3.623043169014084630e-01 0.000000000000000000e+00 3.963747797438770260e-01 0.000000000000000000e+00 0.000000000000000000e+00 0.000000000000000000e+00 0.000000000000000000e+00 0.000000000000000000e+00 0.000000000000000000e+00 0.000000000000000000e+00 0.000000000000000000e+00 0.000000000000000000e+00 0.000000000000000000e+00 0.000000000000000000e+00 0.000000000000000000e+00 0.000000000000000000e+00 0.000000000000000000e+00 0.000000000000000000e+00 0.000000000000000000e+00 0.000000000000000000e+00 0.000000000000000000e+00 0.000000000000000000e+00 0.000000000000000000e+00 0.000000000000000000e+00 0.000000000000000000e+00 0.000000000000000000e+00 0.000000000000000000e+00 0.000000000000000000e+00 0.000000000000000000e+00 0.000000000000000000e+00
0.000000000000000000e+00 3.555203980726131530e-01 4.715979909948204152e-01 3.910495647630134464e-01 0.000000000000000000e+00 0.000000000000000000e+00 4.436578297601352361e-01 3.004034985939255664e-01 0.000000000000000000e+00 3.290139091272769600e-01 4.509358932360546524e-01 2.929904557971484413e-01 4.401768956426101997e-01 3.052101501740504541e-01 0.000000000000000000e+00 3.453219070944655855e-01 0.000000000000000000e+00 3.140406275014125947e-01 4.645584914816342503e-01 3.997042583559228257e-01 0.000000000000000000e+00 0.000000000000000000e+00 4.610870169314553180e-01 3.844728206088143807e-01 0.000000000000000000e+00 0.000000000000000000e+00 0.000000000000000000e+00 0.000000000000000000e+00 0.000000000000000000e+00 3.659769652392597661e-01 4.006538232551326018e-01 3.882046019886840615e-01 4.902339278689826219e-01 3.820899630654037704e-01 0.000000000000000000e+00 0.000000000000000000e+00 0.000000000000000000e+00 4.338818200036899109e-01 0.000000000000000000e+00 0.000000000000000000e+00 0.000000000000000000e+00 0.000000000000000000e+00 0.000000000000000000e+00 0.000000000000000000e+00 0.000000000000000000e+00 0.000000000000000000e+00 0.000000000000000000e+00 0.000000000000000000e+00 0.000000000000000000e+00 3.584208065807777954e-01 0.000000000000000000e+00 3.970351559268377462e-01 0.000000000000000000e+00 0.000000000000000000e+00 0.000000000000000000e+00 4.431560290145381553e-01 0.000000000000000000e+00 3.498050083001026378e-01 0.000000000000000000e+00 4.335545119047619078e-01 0.000000000000000000e+00 4.316466801899136452e-01 0.000000000000000000e+00 4.055741824823786978e-01 0.000000000000000000e+00 4.273711546975975106e-01 4.728240882352940933e-01 3.665714264334656303e-01 4.889090141006097179e-01 4.258032988505746630e-01 4.621272879520556542e-01 3.534023292242957637e-01 3.848375340909090392e-01 3.811946268848367958e-01 0.000000000000000000e+00 0.000000000000000000e+00 4.488163183782858390e-01 3.700860572426291628e-01 0.000000000000000000e+00 0.000000000000000000e+00 0.000000000000000000e+00 4.195006820770599831e-01 0.000000000000000000e+00 0.000000000000000000e+00 0.000000000000000000e+00 4.325483083958734376e-01 0.000000000000000000e+00 4.119648944099378873e-01 0.000000000000000000e+00 4.364082737665231360e-01 0.000000000000000000e+00 0.000000000000000000e+00 0.000000000000000000e+00 0.000000000000000000e+00 0.000000000000000000e+00 0.000000000000000000e+00 0.000000000000000000e+00 0.000000000000000000e+00 0.000000000000000000e+00 0.000000000000000000e+00 0.000000000000000000e+00 0.000000000000000000e+00 0.000000000000000000e+00 0.000000000000000000e+00 0.000000000000000000e+00 0.000000000000000000e+00 0.000000000000000000e+00 0.000000000000000000e+00 0.000000000000000000e+00 0.000000000000000000e+00 0.000000000000000000e+00 0.000000000000000000e+00 0.000000000000000000e+00 0.000000000000000000e+00 0.000000000000000000e+00 0.000000000000000000e+00
3.568079355333455549e-01 0.000000000000000000e+00 3.626152442507635798e-01 4.450860286723523074e-01 3.304154894683125621e-01 4.384021353787879161e-01 3.167483336783566417e-01 4.352350718464955137e-01 2.665802751083253819e-01 4.556823130997925131e-01 3.033410360424915186e-01 4.401768956426101997e-01 2.796844360102878069e-01 4.436363331466698368e-01 2.434493332172402158e-01 3.865082921650717651e-01 3.895917411368221561e-01 4.205634786324786156e-01 4.050967600379739575e-01 4.401918079470197864e-01 0.000000000000000000e+00 0.000000000000000000e+00 3.783174006072879680e-01 4.380832809212061862e-01 3.113768064516129197e-01 4.115974729729728887e-01 0.000000000000000000e+00 0.000000000000000000e+00 3.304358046965183426e-01 4.556824329896907444e-01 3.705760909605922970e-01 4.375864910690779319e-01 4.017496387201159314e-01 4.632644551696293855e-01 0.000000000000000000e+00 0.000000000000000000e+00 4.223244364923746663e-01 0.000000000000000000e+00 0.000000000000000000e+00 3.613085290585044129e-01 0.000000000000000000e+00 0.000000000000000000e+00 4.506271572639909406e-01 0.000000000000000000e+00 0.000000000000000000e+00 0.000000000000000000e+00 0.000000000000000000e+00 0.000000000000000000e+00 3.873255294117647352e-01 0.000000000000000000e+00 4.264727725336623365e-01 0.000000000000000000e+00 3.476878875161875104e-01 0.000000000000000000e+00 4.303790186622755698e-01 0.000000000000000000e+00 4.138124981100942956e-01 4.174485524475524678e-01 4.056481230670910820e-01 0.000000000000000000e+00 4.194547576115210674e-01 0.000000000000000000e+00 4.119034883423624005e-01 0.000000000000000000e+00 4.218896023772623072e-01 0.000000000000000000e+00 4.071678159216636228e-01 4.915003819444445643e-01 4.028244773563105507e-01 0.000000000000000000e+00 3.388826886109116976e-01 4.318382192620061066e-01 3.773072274606057430e-01 4.420189139823587632e-01 3.791605885714285917e-01 0.000000000000000000e+00 3.748826743759761104e-01 4.329425585019040512e-01 3.891115123265397324e-01 0.000000000000000000e+00 4.023590243568925806e-01 0.000000000000000000e+00 0.000000000000000000e+00 0.000000000000000000e+00 4.044069024184188121e-01 0.000000000000000000e+00 0.000000000000000000e+00 0.000000000000000000e+00 3.992418750854275222e-01 0.000000000000000000e+00 3.530824026845637564e-01 0.000000000000000000e+00 0.000000000000000000e+00 0.000000000000000000e+00 0.000000000000000000e+00 0.000000000000000000e+00 0.000000000000000000e+00 0.000000000000000000e+00 4.220240136986301294e-01 0.000000000000000000e+00 0.000000000000000000e+00 0.000000000000000000e+00 3.988101557377048967e-01 4.005914263565891198e-01 4.058495480769230834e-01 0.000000000000000000e+00 0.000000000000000000e+00 0.000000000000000000e+00 0.000000000000000000e+00 0.000000000000000000e+00 0.000000000000000000e+00 0.000000000000000000e+00 0.000000000000000000e+00 0.000000000000000000e+00 0.000000000000000000e+00 0.000000000000000000e+00
