2.942969949751577663e-01 4.696701788510196929e-01 3.927068143449370385e-01 4.924146972333022787e-01 0.000000000000000000e+00 0.000000000000000000e+00 3.459181948525522632e-01 4.399444778021705527e-01 3.441821713630359159e-01 0.000000000000000000e+00 3.320540533571951780e-01 4.473693601408741949e-01 3.700752030866464315e-01 4.267260480769230480e-01 3.975240011979466193e-01 0.000000000000000000e+00 3.328448432494418574e-01 4.586602546468351305e-01 4.173886566818352239e-01 4.851452339652419510e-01 0.000000000000000000e+00 0.000000000000000000e+00 3.852892188170147225e-01 0.000000000000000000e+00 0.000000000000000000e+00 0.000000000000000000e+00 0.000000000000000000e+00 0.000000000000000000e+00 3.987429623046930272e-01 4.480900472747748053e-01 3.589858085106383268e-01 4.215249146341463748e-01 4.161790533965569749e-01 4.710640646306266111e-01 3.604672898550724258e-01 0.000000000000000000e+00 4.756553741808603464e-01 4.835124396596721663e-01 0.000000000000000000e+00 0.000000000000000000e+00 3.873144216867470124e-01 0.000000000000000000e+00 4.235402418300653893e-01 0.000000000000000000e+00 4.073911353767560861e-01 0.000000000000000000e+00 0.000000000000000000e+00 0.000000000000000000e+00 4.218791898937612195e-01 4.964043838404605946e-01 4.161620067899818309e-01 4.723169389762646997e-01 4.029182472887716249e-01 0.000000000000000000e+00 4.233056340221609259e-01 0.000000000000000000e+00 3.385422098644690347e-01 4.762898046288122078e-01 4.019309331043720013e-01 4.699807895775225397e-01 4.005569626746842138e-01 4.928049242424242804e-01 4.055207943715465335e-01 4.605460987337025580e-01 4.153118776179611782e-01 0.000000000000000000e+00 4.225060514178893833e-01 4.879445997460635787e-01 3.885818846242026781e-01 4.869221109701655226e-01 3.436869768927952040e-01 4.626078627943781552e-01 3.784700891613717588e-01 4.405667906533636824e-01 0.000000000000000000e+00 0.000000000000000000e+00 3.983341229594821176e-01 4.518075567109690049e-01 0.000000000000000000e+00 0.000000000000000000e+00 4.032536932799025697e-01 0.000000000000000000e+00 0.000000000000000000e+00 0.000000000000000000e+00 4.390590707443348117e-01 0.000000000000000000e+00 4.597054973544973944e-01 0.000000000000000000e+00 4.353662986648942357e-01 0.000000000000000000e+00 4.304891367511088918e-01 4.456641623807570673e-01 0.000000000000000000e+00 4.114740000000000064e-01 4.543514385868444583e-01 4.587589462494117143e-01 4.428064168583691895e-01 0.000000000000000000e+00 4.543094276412161792e-01 4.222199778010503612e-01 0.000000000000000000e+00 0.000000000000000000e+00 4.262779479499426150e-01 4.014481932773109052e-01 4.305692703136809740e-01 4.411057019230769649e-01 4.436176366868969656e-01 0.000000000000000000e+00 0.000000000000000000e+00 0.000000000000000000e+00 0.000000000000000000e+00 0.000000000000000000e+00 4.538514857142857406e-01 4.603482264150943748e-01 4.309959662921348245e-01 0.000000000000000000e+00
4.696701788510196929e-01 2.818286955430560070e-01 4.826781939042605329e-01 4.237549506496585128e-01 0.000000000000000000e+00 2.974620436993165029e-01 4.372029994414718956e-01 2.863639914010224219e-01 0.000000000000000000e+00 4.163519775280898894e-01 4.256497499999999934e-01 3.058800842666259401e-01 4.672894617573302156e-01 3.584308046665252712e-01 0.000000000000000000e+00 3.103559714285714644e-01 4.617428667918114793e-01 3.337063916880190217e-01 4.951575851591508703e-01 3.901114758927750059e-01 0.000000000000000000e+00 0.000000000000000000e+00 0.000000000000000000e+00 3.515382687853487731e-01 0.000000000000000000e+00 3.048210578930591885e-01 0.000000000000000000e+00 0.000000000000000000e+00 4.940749928380187006e-01 4.118161776084462433e-01 3.890930272323088190e-01 0.000000000000000000e+00 4.829771218656522258e-01 4.734306092566485935e-01 0.000000000000000000e+00 0.000000000000000000e+00 5.878970510204082345e-01 5.042444287468368369e-01 0.000000000000000000e+00 5.056431873938092014e-01 0.000000000000000000e+00 3.473662083333333706e-01 0.000000000000000000e+00 4.139251550012216785e-01 0.000000000000000000e+00 3.973640820426336262e-01 0.000000000000000000e+00 0.000000000000000000e+00 0.000000000000000000e+00 4.044998153586492617e-01 4.369525031446541141e-01 3.968109960221242183e-01 0.000000000000000000e+00 3.893346227968459972e-01 0.000000000000000000e+00 4.041291320651588248e-01 4.852711507109920275e-01 3.244860088122637487e-01 5.033491725708459930e-01 4.135677021836165479e-01 0.000000000000000000e+00 3.947858424726810589e-01 4.711131694613144294e-01 3.769141032590678231e-01 0.000000000000000000e+00 3.966214710112755393e-01 5.126211709829292529e-01 4.279572907933234527e-01 5.054919245558454621e-01 3.423310343767224095e-01 5.113699648944804999e-01 3.535731341288119722e-01 4.558056089567604774e-01 4.194438159788220766e-01 0.000000000000000000e+00 0.000000000000000000e+00 4.091721305383584917e-01 4.143476718076805621e-01 0.000000000000000000e+00 4.031472710317460240e-01 0.000000000000000000e+00 4.141811198785360637e-01 0.000000000000000000e+00 0.000000000000000000e+00 5.001122225796569287e-01 4.196657910974390671e-01 0.000000000000000000e+00 0.000000000000000000e+00 4.310717622377622793e-01 4.179696253731372546e-01 4.709759808854850349e-01 4.685277008787100406e-01 0.000000000000000000e+00 4.552165940020160839e-01 4.898112189043259401e-01 4.552338719086452823e-01 4.802287285405315020e-01 0.000000000000000000e+00 0.000000000000000000e+00 4.680290900900900830e-01 0.000000000000000000e+00 0.000000000000000000e+00 4.758785056318315387e-01 4.395259897350571876e-01 0.000000000000000000e+00 4.715947882905022759e-01 0.000000000000000000e+00 4.427733475310291489e-01 0.000000000000000000e+00 0.000000000000000000e+00 0.000000000000000000e+00 0.000000000000000000e+00 4.246666444444444077e-01 4.347468865979381425e-01 4.857832650718366119e-01 0.000000000000000000e+00
3.927068143449370385e-01 4.826781939042605329e-01 2.621459344884281006e-01 4.233002335695371654e-01 1.954725978901872274e-01 3.751267746641834266e-01 3.123237463535922243e-01 4.346850583764138021e-01 2.627180542191089319e-01 4.084064063864786820e-01 3.917238914075303335e-01 4.465747372846286534e-01 3.441214546021902354e-01 4.247122482395960796e-01 3.086192002043467997e-01 4.171112699839181759e-01 3.916614964675714239e-01 4.601786461474219880e-01 3.042342509853798727e-01 4.905124631684764092e-01 0.000000000000000000e+00 0.000000000000000000e+00 2.562487964751076208e-01 4.120585150746370329e-01 1.922065320352837337e-01 3.700416370555570933e-01 2.253121307726557165e-01 0.000000000000000000e+00 3.486412535715880945e-01 4.566137876956616881e-01 3.539213822371809481e-01 4.087481043113422863e-01 4.085200578209147726e-01 4.707037875690102124e-01 4.183057995709156818e-01 0.000000000000000000e+00 4.377232069370435297e-01 4.161567720682303184e-01 0.000000000000000000e+00 0.000000000000000000e+00 3.724103942844549375e-01 0.000000000000000000e+00 0.000000000000000000e+00 0.000000000000000000e+00 4.135825859374999691e-01 0.000000000000000000e+00 3.803104330708660941e-01 0.000000000000000000e+00 4.305877678248344886e-01 0.000000000000000000e+00 4.216332991826653442e-01 4.379461000000001158e-01 0.000000000000000000e+00 0.000000000000000000e+00 0.000000000000000000e+00 0.000000000000000000e+00 4.097095945270439743e-01 0.000000000000000000e+00 4.415048025356725359e-01 4.617816890123456752e-01 3.794180995895674036e-01 0.000000000000000000e+00 3.990562318933482677e-01 0.000000000000000000e+00 4.034929409918071030e-01 4.352483356643356838e-01 4.448289547153794210e-01 5.075391964555052704e-01 3.769515585136220537e-01 0.000000000000000000e+00 3.326903797345442948e-01 4.371268983467292979e-01 3.451114997722902200e-01 4.294749836172295221e-01 3.149820018918901288e-01 0.000000000000000000e+00 3.903868725752746016e-01 4.438280908915175904e-01 4.315134823529411801e-01 0.000000000000000000e+00 3.816478285899103651e-01 0.000000000000000000e+00 0.000000000000000000e+00 0.000000000000000000e+00 4.025882694009563223e-01 4.845785495495495976e-01 0.000000000000000000e+00 0.000000000000000000e+00 0.000000000000000000e+00 0.000000000000000000e+00 4.095984127367658378e-01 4.135616283331157716e-01 4.228092496183205595e-01 4.343059451855842412e-01 4.291518019145197926e-01 4.334288371833858733e-01 4.177545097018139919e-01 0.000000000000000000e+00 4.216717559003850258e-01 4.092662228778310429e-01 0.000000000000000000e+00 3.789012824427480663e-01 4.349823093531932083e-01 4.267310634097290500e-01 4.551270976171013505e-01 4.524112680618232463e-01 4.424221793376485468e-01 0.000000000000000000e+00 0.000000000000000000e+00 0.000000000000000000e+00 0.000000000000000000e+00 0.000000000000000000e+00 0.000000000000000000e+00 0.000000000000000000e+00 4.582618897367743971e-01 0.000000000000000000e+00
4.924146972333022787e-01 4.237549506496585128e-01 4.233002335695371654e-01 2.392952327375726662e-01 3.779508449914620871e-01 1.781322774497579864e-01 4.326041120363060544e-01 3.077487133686960807e-01 4.104603642713892664e-01 2.295344193412608980e-01 4.351983565868169923e-01 3.881605651845773663e-01 4.130367504537048040e-01 3.285632876747028863e-01 4.153584040678958700e-01 2.854607722299649653e-01 4.521882221691799764e-01 4.139282433356851754e-01 4.837163559655492384e-01 2.906927385430819188e-01 3.512857291666666715e-01 0.000000000000000000e+00 4.028126686386337418e-01 2.444310714887044933e-01 3.905114918263913881e-01 1.638988303760053611e-01 0.000000000000000000e+00 3.498520746245815105e-01 4.276598517450816428e-01 3.517543064432641087e-01 3.700093083154639140e-01 3.120217102164447587e-01 4.603112534793978861e-01 3.559886198417138714e-01 0.000000000000000000e+00 4.675840096305117211e-01 4.745785179260030295e-01 4.418035022496646369e-01 0.000000000000000000e+00 0.000000000000000000e+00 0.000000000000000000e+00 0.000000000000000000e+00 0.000000000000000000e+00 0.000000000000000000e+00 0.000000000000000000e+00 4.202289889145799928e-01 0.000000000000000000e+00 0.000000000000000000e+00 0.000000000000000000e+00 4.222556441297145580e-01 4.267330907563024467e-01 4.202996354116720346e-01 0.000000000000000000e+00 0.000000000000000000e+00 0.000000000000000000e+00 4.167016567164179008e-01 4.668431207827432594e-01 4.374181780509179274e-01 4.998029929577464947e-01 4.480772960697976259e-01 0.000000000000000000e+00 4.128684920343136944e-01 0.000000000000000000e+00 4.291471252929419111e-01 0.000000000000000000e+00 4.266004353039511976e-01 4.513781623167598123e-01 4.587276574924689654e-01 5.256201057730923720e-01 4.697064891948077303e-01 4.324533309860429386e-01 3.416178709950201120e-01 4.285454351843183685e-01 3.676152356499641782e-01 0.000000000000000000e+00 3.093291505102040984e-01 4.209072407946788941e-01 4.090986742141222154e-01 0.000000000000000000e+00 3.592615853658536196e-01 0.000000000000000000e+00 3.703391541042099222e-01 0.000000000000000000e+00 0.000000000000000000e+00 0.000000000000000000e+00 3.861648839830632007e-01 0.000000000000000000e+00 0.000000000000000000e+00 0.000000000000000000e+00 3.944928222710054611e-01 4.238231675030630363e-01 4.398415411933807584e-01 0.000000000000000000e+00 4.396532479338843280e-01 4.326606477090531588e-01 4.285667170085531441e-01 4.363900439804934139e-01 0.000000000000000000e+00 4.243623939393939559e-01 0.000000000000000000e+00 0.000000000000000000e+00 0.000000000000000000e+00 4.713721103448276217e-01 4.326373730060385503e-01 4.491745258620689629e-01 4.782244592261904459e-01 0.000000000000000000e+00 0.000000000000000000e+00 0.000000000000000000e+00 0.000000000000000000e+00 0.000000000000000000e+00 4.084297659574468442e-01 4.079399415584415434e-01 0.000000000000000000e+00 4.718464222588925616e-01 0.000000000000000000e+00
0.000000000000000000e+00 0.000000000000000000e+00 1.954725978901872274e-01 3.779508449914620871e-01 1.913240555176838886e-01 3.901863239285796037e-01 2.359199424352318442e-01 3.804004817275747907e-01 2.395091615549581054e-01 4.013613419397550341e-01 3.237288428571428733e-01 0.000000000000000000e+00 0.000000000000000000e+00 4.110425063291139325e-01 2.768709031243827279e-01 4.175277244360902640e-01 3.487300353982300538e-01 0.000000000000000000e+00 3.615492293744211882e-01 0.000000000000000000e+00 3.225720657555038451e-01 3.834020967741935126e-01 3.010683611524733183e-01 4.004501321088436150e-01 2.207942554094732279e-01 3.965147939321996828e-01 2.561929898410370554e-01 4.144785111111111142e-01 2.993888724727594153e-01 0.000000000000000000e+00 3.425982187889941577e-01 3.761587264065524017e-01 3.602005990532472501e-01 3.763574222222221821e-01 0.000000000000000000e+00 0.000000000000000000e+00 0.000000000000000000e+00 0.000000000000000000e+00 0.000000000000000000e+00 0.000000000000000000e+00 0.000000000000000000e+00 0.000000000000000000e+00 0.000000000000000000e+00 0.000000000000000000e+00 0.000000000000000000e+00 0.000000000000000000e+00 4.333489247311827497e-01 0.000000000000000000e+00 0.000000000000000000e+00 0.000000000000000000e+00 0.000000000000000000e+00 0.000000000000000000e+00 4.233176185567010807e-01 0.000000000000000000e+00 0.000000000000000000e+00 0.000000000000000000e+00 0.000000000000000000e+00 0.000000000000000000e+00 0.000000000000000000e+00 0.000000000000000000e+00 0.000000000000000000e+00 0.000000000000000000e+00 0.000000000000000000e+00 0.000000000000000000e+00 0.000000000000000000e+00 0.000000000000000000e+00 3.329080412371133724e-01 0.000000000000000000e+00 3.811628438596492141e-01 0.000000000000000000e+00 3.177550961678717867e-01 4.584713420373952575e-01 3.111001074590729054e-01 0.000000000000000000e+00 2.923001746219606178e-01 0.000000000000000000e+00 3.342544897432975781e-01 0.000000000000000000e+00 0.000000000000000000e+00 0.000000000000000000e+00 0.000000000000000000e+00 0.000000000000000000e+00 0.000000000000000000e+00 0.000000000000000000e+00 3.641027231024243638e-01 0.000000000000000000e+00 3.507078625000000227e-01 0.000000000000000000e+00 0.000000000000000000e+00 0.000000000000000000e+00 0.000000000000000000e+00 0.000000000000000000e+00 0.000000000000000000e+00 0.000000000000000000e+00 0.000000000000000000e+00 0.000000000000000000e+00 3.515131489361703054e-01 0.000000000000000000e+00 0.000000000000000000e+00 4.138397886178861729e-01 0.000000000000000000e+00 0.000000000000000000e+00 0.000000000000000000e+00 0.000000000000000000e+00 0.000000000000000000e+00 4.128237264150943497e-01 0.000000000000000000e+00 0.000000000000000000e+00 0.000000000000000000e+00 0.000000000000000000e+00 0.000000000000000000e+00 0.000000000000000000e+00 0.000000000000000000e+00 0.000000000000000000e+00 0.000000000000000000e+00 0.000000000000000000e+00
0.000000000000000000e+00 2.974620436993165029e-01 3.751267746641834266e-01 1.781322774497579864e-01 3.901863239285796037e-01 2.037104849932069306e-01 0.000000000000000000e+00 2.100880231069782722e-01 3.815034913810847472e-01 1.947301184046532074e-01 0.000000000000000000e+00 2.858864381027510504e-01 0.000000000000000000e+00 3.045969244362033979e-01 0.000000000000000000e+00 2.385027704573471352e-01 0.000000000000000000e+00 0.000000000000000000e+00 0.000000000000000000e+00 3.518990885698559667e-01 4.021293139676734296e-01 3.369147000252543656e-01 3.716816091974923797e-01 2.063724044599674623e-01 3.975922222630337566e-01 1.945445826621861052e-01 3.785134150610541814e-01 2.516264769450747285e-01 0.000000000000000000e+00 3.143747159896441712e-01 3.418691633482578429e-01 3.232005776139127984e-01 0.000000000000000000e+00 3.822582012636887017e-01 0.000000000000000000e+00 0.000000000000000000e+00 0.000000000000000000e+00 0.000000000000000000e+00 0.000000000000000000e+00 0.000000000000000000e+00 0.000000000000000000e+00 0.000000000000000000e+00 0.000000000000000000e+00 0.000000000000000000e+00 0.000000000000000000e+00 0.000000000000000000e+00 0.000000000000000000e+00 0.000000000000000000e+00 0.000000000000000000e+00 3.314194179104477667e-01 0.000000000000000000e+00 3.215858600000000012e-01 0.000000000000000000e+00 0.000000000000000000e+00 0.000000000000000000e+00 0.000000000000000000e+00 0.000000000000000000e+00 3.131806213592233101e-01 0.000000000000000000e+00 0.000000000000000000e+00 0.000000000000000000e+00 0.000000000000000000e+00 0.000000000000000000e+00 0.000000000000000000e+00 0.000000000000000000e+00 2.936214409356725508e-01 0.000000000000000000e+00 0.000000000000000000e+00 0.000000000000000000e+00 0.000000000000000000e+00 4.299555283443571296e-01 3.032931395804954189e-01 0.000000000000000000e+00 3.126868093880451061e-01 0.000000000000000000e+00 2.850878100662526116e-01 3.587837873333333816e-01 3.338433867659181820e-01 0.000000000000000000e+00 0.000000000000000000e+00 0.000000000000000000e+00 0.000000000000000000e+00 0.000000000000000000e+00 0.000000000000000000e+00 0.000000000000000000e+00 3.446409185185184687e-01 0.000000000000000000e+00 0.000000000000000000e+00 0.000000000000000000e+00 0.000000000000000000e+00 0.000000000000000000e+00 0.000000000000000000e+00 0.000000000000000000e+00 0.000000000000000000e+00 0.000000000000000000e+00 3.209971627906977321e-01 0.000000000000000000e+00 0.000000000000000000e+00 0.000000000000000000e+00 0.000000000000000000e+00 0.000000000000000000e+00 0.000000000000000000e+00 0.000000000000000000e+00 0.000000000000000000e+00 0.000000000000000000e+00 0.000000000000000000e+00 0.000000000000000000e+00 0.000000000000000000e+00 0.000000000000000000e+00 0.000000000000000000e+00 0.000000000000000000e+00 0.000000000000000000e+00 0.000000000000000000e+00 0.000000000000000000e+00 0.000000000000000000e+00 0.000000000000000000e+00
3.459181948525522632e-01 4.372029994414718956e-01 3.123237463535922243e-01 4.326041120363060544e-01 2.359199424352318442e-01 0.000000000000000000e+00 2.562305390757517176e-01 4.265403620374164650e-01 2.723982803636071370e-01 3.541045421686747074e-01 3.358094496665191553e-01 4.428741851469898960e-01 2.678350666035866912e-01 4.252050450573398033e-01 3.153536829059829238e-01 4.225780782845277028e-01 3.665872841031283524e-01 4.402033212544657625e-01 3.839444405143349615e-01 4.579430225999759352e-01 0.000000000000000000e+00 0.000000000000000000e+00 3.541952312489244359e-01 4.253038761119597444e-01 2.672813850649350953e-01 3.910367482517482784e-01 2.487506361413043265e-01 0.000000000000000000e+00 3.333698421079048790e-01 4.308687340881380834e-01 3.848440146556655339e-01 4.176550768644215483e-01 4.042059008797983521e-01 4.497382871017441275e-01 0.000000000000000000e+00 0.000000000000000000e+00 4.190605683398877512e-01 0.000000000000000000e+00 0.000000000000000000e+00 0.000000000000000000e+00 4.672341129032258067e-01 0.000000000000000000e+00 4.037795000000000134e-01 0.000000000000000000e+00 3.724375526315789608e-01 0.000000000000000000e+00 0.000000000000000000e+00 0.000000000000000000e+00 3.864403504180418114e-01 0.000000000000000000e+00 3.912787240205032324e-01 0.000000000000000000e+00 3.934206756394640347e-01 0.000000000000000000e+00 3.884568805111037748e-01 0.000000000000000000e+00 3.846757912335698748e-01 5.036191273885349817e-01 3.950731235527394358e-01 0.000000000000000000e+00 3.836305004415608844e-01 0.000000000000000000e+00 3.636473522935764202e-01 0.000000000000000000e+00 3.916271358478371489e-01 4.646878992248061890e-01 4.108413716033207375e-01 4.577538058252426656e-01 4.211214746863937708e-01 0.000000000000000000e+00 3.082677763877091359e-01 4.617509034496495302e-01 3.464514719453031244e-01 4.305696295890590330e-01 3.901115466666666975e-01 0.000000000000000000e+00 3.626019749614566301e-01 4.210712351151408850e-01 0.000000000000000000e+00 0.000000000000000000e+00 3.787881034095810784e-01 0.000000000000000000e+00 0.000000000000000000e+00 0.000000000000000000e+00 4.007454262799555744e-01 0.000000000000000000e+00 0.000000000000000000e+00 0.000000000000000000e+00 4.029931118154149727e-01 0.000000000000000000e+00 4.379679967836215271e-01 4.402850441164949391e-01 0.000000000000000000e+00 0.000000000000000000e+00 4.338971794428144180e-01 4.263631940976170820e-01 0.000000000000000000e+00 0.000000000000000000e+00 4.126978099173553849e-01 4.173733606557376574e-01 0.000000000000000000e+00 0.000000000000000000e+00 0.000000000000000000e+00 0.000000000000000000e+00 0.000000000000000000e+00 0.000000000000000000e+00 0.000000000000000000e+00 0.000000000000000000e+00 0.000000000000000000e+00 0.000000000000000000e+00 0.000000000000000000e+00 0.000000000000000000e+00 0.000000000000000000e+00 0.000000000000000000e+00 0.000000000000000000e+00 0.000000000000000000e+00
4.399444778021705527e-01 2.863639914010224219e-01 4.346850583764138021e-01 3.077487133686960807e-01 3.804004817275747907e-01 2.100880231069782722e-01 4.265403620374164650e-01 2.489314712677506980e-01 4.033127770995670880e-01 1.934637352087659745e-01 4.275473741275497841e-01 3.282341034579012162e-01 4.160518392275923127e-01 2.736611620819240920e-01 4.180042437741789407e-01 2.633703231495100328e-01 4.300756887711258414e-01 3.631934475827548470e-01 4.501058624411785059e-01 3.910382524718731267e-01 0.000000000000000000e+00 0.000000000000000000e+00 4.165787540932492372e-01 3.441808971870531364e-01 3.640250684931506386e-01 2.728757471486847330e-01 0.000000000000000000e+00 0.000000000000000000e+00 4.139300095152860792e-01 3.311162854846689818e-01 3.770822933287524270e-01 3.364577398521715335e-01 4.367684577802278811e-01 3.883510554358151623e-01 4.897862580645161446e-01 4.711125050434116779e-01 0.000000000000000000e+00 4.268862259731877051e-01 0.000000000000000000e+00 3.732591764705882609e-01 0.000000000000000000e+00 0.000000000000000000e+00 0.000000000000000000e+00 4.000252465410247815e-01 0.000000000000000000e+00 3.819228663408368307e-01 0.000000000000000000e+00 0.000000000000000000e+00 0.000000000000000000e+00 3.780387271902373447e-01 4.957834277456647509e-01 3.682992990083483464e-01 0.000000000000000000e+00 0.000000000000000000e+00 0.000000000000000000e+00 4.154347685637694298e-01 0.000000000000000000e+00 3.775462584686692380e-01 0.000000000000000000e+00 4.103649001414638176e-01 0.000000000000000000e+00 3.835964388988594154e-01 0.000000000000000000e+00 3.603390850312198079e-01 4.072774772727272841e-01 3.773673416049910800e-01 4.470183292655892093e-01 4.352552367735905703e-01 4.339589681852175085e-01 3.939951234474717290e-01 4.238868442575514095e-01 2.982129148061483104e-01 4.155872469332901886e-01 3.456613104640280376e-01 0.000000000000000000e+00 3.236722307692307954e-01 4.234403953718736124e-01 3.584943366655651276e-01 0.000000000000000000e+00 0.000000000000000000e+00 0.000000000000000000e+00 3.894066865778474384e-01 0.000000000000000000e+00 0.000000000000000000e+00 4.447562863589742954e-01 3.946347444532865012e-01 0.000000000000000000e+00 0.000000000000000000e+00 0.000000000000000000e+00 3.995575820618885721e-01 0.000000000000000000e+00 0.000000000000000000e+00 0.000000000000000000e+00 0.000000000000000000e+00 4.496703953643013119e-01 4.019608539325843499e-01 4.247912086956521782e-01 0.000000000000000000e+00 4.194318053097344512e-01 4.613966000000000456e-01 0.000000000000000000e+00 0.000000000000000000e+00 0.000000000000000000e+00 0.000000000000000000e+00 0.000000000000000000e+00 4.374620165441177044e-01 0.000000000000000000e+00 0.000000000000000000e+00 0.000000000000000000e+00 0.000000000000000000e+00 0.000000000000000000e+00 0.000000000000000000e+00 0.000000000000000000e+00 0.000000000000000000e+00 0.000000000000000000e+00 0.000000000000000000e+00
3.441821713630359159e-01 0.000000000000000000e+00 2.627180542191089319e-01 4.104603642713892664e-01 2.395091615549581054e-01 3.815034913810847472e-01 2.723982803636071370e-01 4.033127770995670880e-01 2.126911383151150470e-01 4.200519057017543800e-01 3.459362064345191112e-01 0.000000000000000000e+00 2.154474325106065236e-01 4.085232295430857863e-01 2.705418238740671666e-01 3.993133205057390334e-01 0.000000000000000000e+00 4.309511496062992109e-01 3.558082551155551942e-01 0.000000000000000000e+00 0.000000000000000000e+00 0.000000000000000000e+00 3.169954444983953401e-01 3.835955550736768194e-01 3.052238608296363176e-01 4.431460833333333293e-01 2.850425650050121829e-01 0.000000000000000000e+00 3.000684154333583264e-01 0.000000000000000000e+00 3.145403753473927089e-01 3.978906058121250422e-01 0.000000000000000000e+00 0.000000000000000000e+00 0.000000000000000000e+00 0.000000000000000000e+00 0.000000000000000000e+00 0.000000000000000000e+00 0.000000000000000000e+00 0.000000000000000000e+00 0.000000000000000000e+00 0.000000000000000000e+00 0.000000000000000000e+00 0.000000000000000000e+00 4.102511418439716007e-01 0.000000000000000000e+00 0.000000000000000000e+00 0.000000000000000000e+00 3.676296959459459113e-01 0.000000000000000000e+00 3.749182846153845672e-01 0.000000000000000000e+00 0.000000000000000000e+00 0.000000000000000000e+00 3.904924479825354067e-01 0.000000000000000000e+00 3.528630673590840150e-01 0.000000000000000000e+00 3.867223999999999107e-01 0.000000000000000000e+00 3.523000698973567379e-01 0.000000000000000000e+00 4.121688207547170024e-01 0.000000000000000000e+00 3.679665042735043579e-01 0.000000000000000000e+00 3.584780432880844137e-01 0.000000000000000000e+00 3.897545887096773298e-01 0.000000000000000000e+00 3.032847217716675980e-01 0.000000000000000000e+00 3.101110679811318604e-01 4.135849135802469045e-01 2.970887341530332737e-01 0.000000000000000000e+00 3.372374645298125695e-01 0.000000000000000000e+00 0.000000000000000000e+00 0.000000000000000000e+00 3.412421470588233863e-01 0.000000000000000000e+00 0.000000000000000000e+00 0.000000000000000000e+00 3.829171147672838504e-01 0.000000000000000000e+00 3.520634520547945567e-01 0.000000000000000000e+00 3.662672499999999887e-01 0.000000000000000000e+00 0.000000000000000000e+00 0.000000000000000000e+00 0.000000000000000000e+00 0.000000000000000000e+00 0.000000000000000000e+00 0.000000000000000000e+00 0.000000000000000000e+00 0.000000000000000000e+00 0.000000000000000000e+00 0.000000000000000000e+00 0.000000000000000000e+00 0.000000000000000000e+00 4.116596550000000132e-01 0.000000000000000000e+00 0.000000000000000000e+00 0.000000000000000000e+00 0.000000000000000000e+00 0.000000000000000000e+00 0.000000000000000000e+00 0.000000000000000000e+00 0.000000000000000000e+00 0.000000000000000000e+00 0.000000000000000000e+00 0.000000000000000000e+00 0.000000000000000000e+00 0.000000000000000000e+00
0.000000000000000000e+00 4.163519775280898894e-01 4.084064063864786820e-01 2.295344193412608980e-01 4.013613419397550341e-01 1.947301184046532074e-01 3.541045421686747074e-01 1.934637352087659745e-01 4.200519057017543800e-01 1.924175980728242141e-01 0.000000000000000000e+00 3.509848742059891169e-01 0.000000000000000000e+00 3.220496960533227315e-01 4.309631052631579529e-01 2.645404082253947631e-01 0.000000000000000000e+00 0.000000000000000000e+00 0.000000000000000000e+00 0.000000000000000000e+00 0.000000000000000000e+00 0.000000000000000000e+00 3.828393330956926244e-01 2.879098785637404512e-01 4.196611242968768529e-01 1.831376784183958717e-01 0.000000000000000000e+00 0.000000000000000000e+00 0.000000000000000000e+00 3.201541804410582004e-01 3.548677854902902440e-01 3.493404677362090816e-01 0.000000000000000000e+00 0.000000000000000000e+00 0.000000000000000000e+00 0.000000000000000000e+00 0.000000000000000000e+00 0.000000000000000000e+00 0.000000000000000000e+00 0.000000000000000000e+00 0.000000000000000000e+00 0.000000000000000000e+00 0.000000000000000000e+00 0.000000000000000000e+00 0.000000000000000000e+00 0.000000000000000000e+00 0.000000000000000000e+00 0.000000000000000000e+00 0.000000000000000000e+00 0.000000000000000000e+00 0.000000000000000000e+00 0.000000000000000000e+00 0.000000000000000000e+00 0.000000000000000000e+00 0.000000000000000000e+00 0.000000000000000000e+00 0.000000000000000000e+00 3.975116583333333509e-01 0.000000000000000000e+00 0.000000000000000000e+00 0.000000000000000000e+00 0.000000000000000000e+00 0.000000000000000000e+00 3.985433411764704448e-01 0.000000000000000000e+00 3.502763140495868122e-01 0.000000000000000000e+00 0.000000000000000000e+00 0.000000000000000000e+00 0.000000000000000000e+00 4.794857446808511448e-01 2.930382599061677196e-01 0.000000000000000000e+00 3.335340339734110815e-01 0.000000000000000000e+00 2.900990828947368483e-01 2.979910425688460096e-01 3.342061143124294142e-01 0.000000000000000000e+00 0.000000000000000000e+00 0.000000000000000000e+00 3.955051874058573280e-01 0.000000000000000000e+00 0.000000000000000000e+00 0.000000000000000000e+00 4.265360867205209017e-01 0.000000000000000000e+00 0.000000000000000000e+00 0.000000000000000000e+00 0.000000000000000000e+00 0.000000000000000000e+00 0.000000000000000000e+00 0.000000000000000000e+00 0.000000000000000000e+00 3.887256674658355338e-01 3.285025411764705972e-01 0.000000000000000000e+00 0.000000000000000000e+00 4.237677807017544152e-01 0.000000000000000000e+00 0.000000000000000000e+00 0.000000000000000000e+00 0.000000000000000000e+00 0.000000000000000000e+00 0.000000000000000000e+00 0.000000000000000000e+00 0.000000000000000000e+00 0.000000000000000000e+00 0.000000000000000000e+00 0.000000000000000000e+00 0.000000000000000000e+00 0.000000000000000000e+00 0.000000000000000000e+00 0.000000000000000000e+00 0.000000000000000000e+00 0.000000000000000000e+00
3.320540533571951780e-01 4.256497499999999934e-01 3.917238914075303335e-01 4.351983565868169923e-01 3.237288428571428733e-01 0.000000000000000000e+00 3.358094496665191553e-01 4.275473741275497841e-01 3.459362064345191112e-01 0.000000000000000000e+00 2.907049198969351989e-01 4.431858869330765893e-01 2.966610080754027989e-01 4.397973729093895279e-01 3.467116216216216129e-01 0.000000000000000000e+00 3.178342518352013646e-01 4.709829310344827991e-01 4.024454689706053467e-01 4.532114397122901095e-01 0.000000000000000000e+00 0.000000000000000000e+00 3.809544407523906551e-01 4.443808791019457360e-01 0.000000000000000000e+00 3.621434117647057693e-01 0.000000000000000000e+00 0.000000000000000000e+00 3.534904681479595911e-01 4.630425692307692520e-01 3.869881155925156135e-01 4.387060351195221086e-01 4.067607609999866480e-01 4.475594534553594683e-01 0.000000000000000000e+00 0.000000000000000000e+00 4.158595256410256846e-01 0.000000000000000000e+00 0.000000000000000000e+00 0.000000000000000000e+00 0.000000000000000000e+00 0.000000000000000000e+00 0.000000000000000000e+00 0.000000000000000000e+00 4.419677962962963447e-01 0.000000000000000000e+00 0.000000000000000000e+00 0.000000000000000000e+00 4.136306705997863098e-01 4.423421463414634047e-01 4.122706872077841478e-01 0.000000000000000000e+00 0.000000000000000000e+00 0.000000000000000000e+00 3.946423755092492991e-01 0.000000000000000000e+00 3.878107858143274855e-01 0.000000000000000000e+00 4.118959666402424169e-01 0.000000000000000000e+00 4.090842665981615500e-01 0.000000000000000000e+00 4.169007027259645226e-01 0.000000000000000000e+00 4.190616804832681397e-01 0.000000000000000000e+00 4.267422072577315428e-01 0.000000000000000000e+00 4.211773348775781356e-01 0.000000000000000000e+00 3.548728241046971155e-01 4.643489015519428609e-01 3.667622086464113473e-01 4.349152916379138145e-01 0.000000000000000000e+00 0.000000000000000000e+00 3.838653543729320661e-01 4.295559722626373644e-01 0.000000000000000000e+00 0.000000000000000000e+00 4.062677041531145283e-01 0.000000000000000000e+00 0.000000000000000000e+00 0.000000000000000000e+00 4.217757559987561078e-01 0.000000000000000000e+00 3.877869455782312902e-01 0.000000000000000000e+00 4.197794385949055740e-01 0.000000000000000000e+00 4.032024640000000382e-01 0.000000000000000000e+00 0.000000000000000000e+00 0.000000000000000000e+00 0.000000000000000000e+00 0.000000000000000000e+00 0.000000000000000000e+00 0.000000000000000000e+00 0.000000000000000000e+00 0.000000000000000000e+00 0.000000000000000000e+00 0.000000000000000000e+00 0.000000000000000000e+00 0.000000000000000000e+00 0.000000000000000000e+00 0.000000000000000000e+00 0.000000000000000000e+00 0.000000000000000000e+00 0.000000000000000000e+00 0.000000000000000000e+00 0.000000000000000000e+00 0.000000000000000000e+00 0.000000000000000000e+00 0.000000000000000000e+00 0.000000000000000000e+00 0.000000000000000000e+00
4.473693601408741949e-01 3.058800842666259401e-01 4.465747372846286534e-01 3.881605651845773663e-01 0.000000000000000000e+00 2.858864381027510504e-01 4.428741851469898960e-01 3.282341034579012162e-01 0.000000000000000000e+00 3.509848742059891169e-01 4.431858869330765893e-01 2.803054842162106541e-01 3.957515100970873667e-01 2.726411840932487229e-01 0.000000000000000000e+00 3.525222435806527610e-01 4.350159880952380598e-01 3.973516275467623982e-01 4.560617762804834441e-01 4.039070427142796849e-01 0.000000000000000000e+00 0.000000000000000000e+00 4.381792560105640111e-01 3.656082262482237000e-01 0.000000000000000000e+00 2.923952131147540268e-01 0.000000000000000000e+00 0.000000000000000000e+00 0.000000000000000000e+00 4.082492731940651765e-01 3.956227708019170453e-01 3.812470799999999604e-01 4.360165548470928409e-01 3.871563968018743029e-01 0.000000000000000000e+00 4.352654639175257412e-01 0.000000000000000000e+00 0.000000000000000000e+00 0.000000000000000000e+00 0.000000000000000000e+00 0.000000000000000000e+00 0.000000000000000000e+00 0.000000000000000000e+00 3.868079693877550240e-01 0.000000000000000000e+00 3.900054069172932958e-01 0.000000000000000000e+00 0.000000000000000000e+00 0.000000000000000000e+00 3.837683567072008861e-01 0.000000000000000000e+00 4.054119641802835239e-01 0.000000000000000000e+00 3.385174196428571425e-01 0.000000000000000000e+00 4.112181766483773426e-01 4.216190485436893676e-01 3.460858104890914277e-01 0.000000000000000000e+00 4.044179292637669065e-01 0.000000000000000000e+00 4.181035197326999908e-01 0.000000000000000000e+00 4.066337992488358588e-01 0.000000000000000000e+00 3.980742634430481375e-01 0.000000000000000000e+00 4.174646976751880678e-01 0.000000000000000000e+00 4.415970150913900438e-01 0.000000000000000000e+00 3.462032136315295605e-01 0.000000000000000000e+00 3.958125939624141942e-01 0.000000000000000000e+00 0.000000000000000000e+00 4.259207819717743537e-01 4.069926067810616388e-01 0.000000000000000000e+00 4.256836604578511096e-01 0.000000000000000000e+00 4.177970140518781350e-01 0.000000000000000000e+00 0.000000000000000000e+00 0.000000000000000000e+00 4.431576470292609149e-01 0.000000000000000000e+00 0.000000000000000000e+00 0.000000000000000000e+00 4.334134472473167299e-01 4.157902352941176272e-01 4.557114150839985389e-01 0.000000000000000000e+00 0.000000000000000000e+00 0.000000000000000000e+00 4.339607471264366745e-01 0.000000000000000000e+00 0.000000000000000000e+00 0.000000000000000000e+00 0.000000000000000000e+00 0.000000000000000000e+00 0.000000000000000000e+00 3.985549924812029632e-01 0.000000000000000000e+00 0.000000000000000000e+00 0.000000000000000000e+00 0.000000000000000000e+00 0.000000000000000000e+00 0.000000000000000000e+00 0.000000000000000000e+00 0.000000000000000000e+00 0.000000000000000000e+00 0.000000000000000000e+00 0.000000000000000000e+00 0.000000000000000000e+00 0.000000000000000000e+00
3.700752030866464315e-01 4.672894617573302156e-01 3.441214546021902354e-01 4.130367504537048040e-01 0.000000000000000000e+00 0.000000000000000000e+00 2.678350666035866912e-01 4.160518392275923127e-01 2.154474325106065236e-01 0.000000000000000000e+00 2.966610080754027989e-01 3.957515100970873667e-01 2.462071490048552413e-01 4.250567080142969023e-01 2.831747059508459841e-01 4.304550100291542614e-01 3.874157878181618275e-01 0.000000000000000000e+00 3.843899686384169012e-01 4.599083333333333079e-01 0.000000000000000000e+00 0.000000000000000000e+00 3.414956022023146742e-01 4.258699715464914215e-01 0.000000000000000000e+00 4.475833378378378247e-01 0.000000000000000000e+00 0.000000000000000000e+00 2.974274129368099651e-01 4.558714513944192581e-01 3.309602817030203314e-01 4.274935118800007317e-01 3.517141589799717138e-01 4.116954327058939822e-01 4.576171181818181610e-01 0.000000000000000000e+00 3.969465018038080273e-01 0.000000000000000000e+00 0.000000000000000000e+00 0.000000000000000000e+00 0.000000000000000000e+00 0.000000000000000000e+00 0.000000000000000000e+00 0.000000000000000000e+00 0.000000000000000000e+00 0.000000000000000000e+00 0.000000000000000000e+00 0.000000000000000000e+00 4.262387512344716356e-01 0.000000000000000000e+00 4.007746589248047386e-01 0.000000000000000000e+00 3.842928235652076085e-01 0.000000000000000000e+00 3.934600149370534594e-01 0.000000000000000000e+00 3.784553467061759768e-01 0.000000000000000000e+00 3.956776734863707845e-01 0.000000000000000000e+00 3.866606319831353278e-01 0.000000000000000000e+00 3.967771163953806024e-01 0.000000000000000000e+00 4.015431169869810857e-01 0.000000000000000000e+00 4.045325284641139163e-01 0.000000000000000000e+00 3.999580189784947004e-01 0.000000000000000000e+00 3.091303873552231907e-01 0.000000000000000000e+00 3.373057141959261429e-01 4.316840661411617264e-01 3.028644052673238329e-01 0.000000000000000000e+00 3.744151927919889822e-01 4.336348662451455782e-01 0.000000000000000000e+00 0.000000000000000000e+00 3.727711776951822542e-01 4.275352253521126911e-01 0.000000000000000000e+00 0.000000000000000000e+00 4.084094173976262065e-01 0.000000000000000000e+00 0.000000000000000000e+00 0.000000000000000000e+00 4.033114928589548454e-01 0.000000000000000000e+00 4.057237414268217712e-01 4.096671935897436279e-01 0.000000000000000000e+00 3.937557050359711819e-01 4.313571426668305620e-01 0.000000000000000000e+00 3.665422099999999794e-01 0.000000000000000000e+00 4.188095892857143232e-01 4.341163050847457461e-01 0.000000000000000000e+00 0.000000000000000000e+00 4.001731111111110906e-01 4.095957667330961116e-01 0.000000000000000000e+00 0.000000000000000000e+00 3.581006524822695214e-01 0.000000000000000000e+00 0.000000000000000000e+00 0.000000000000000000e+00 0.000000000000000000e+00 0.000000000000000000e+00 0.000000000000000000e+00 0.000000000000000000e+00 4.267545370370370850e-01 0.000000000000000000e+00
