2.808286638645245969e-01 4.969220348942155474e-01 3.576126199454429111e-01 5.203450585171728315e-01 3.566630952688532030e-01 0.000000000000000000e+00 3.164801147014000282e-01 4.911626674928364911e-01 0.000000000000000000e+00 0.000000000000000000e+00 3.196779458450440536e-01 4.933813725057659694e-01 3.441143398220969374e-01 4.436251025641025914e-01 4.040328821082879718e-01 0.000000000000000000e+00 3.543670883114406478e-01 4.920784950332298679e-01 3.818972670964392857e-01 5.180581382651409106e-01 0.000000000000000000e+00 0.000000000000000000e+00 4.091119924960914256e-01 0.000000000000000000e+00 3.383592605042017309e-01 0.000000000000000000e+00 0.000000000000000000e+00 0.000000000000000000e+00 3.856403895759092926e-01 4.967325550283606672e-01 4.342175363683418166e-01 4.991632972972973592e-01 4.062062137158876651e-01 5.010080351299565082e-01 0.000000000000000000e+00 0.000000000000000000e+00 4.397895056798769020e-01 5.326315093243990662e-01 5.145016249999999625e-01 0.000000000000000000e+00 0.000000000000000000e+00 0.000000000000000000e+00 0.000000000000000000e+00 0.000000000000000000e+00 4.713895365853658648e-01 0.000000000000000000e+00 4.270477213114753923e-01 0.000000000000000000e+00 4.033849277777778464e-01 0.000000000000000000e+00 4.005666690092880011e-01 0.000000000000000000e+00 3.914530779220779522e-01 0.000000000000000000e+00 3.844477400680401113e-01 0.000000000000000000e+00 2.854907521716801844e-01 4.837974728117923617e-01 4.254370329107159399e-01 4.907235018327606446e-01 3.624321326559741818e-01 0.000000000000000000e+00 3.595863334799329625e-01 4.662467943381179980e-01 3.749598140218938225e-01 4.944760542635658340e-01 4.338737935228094700e-01 5.072008755506449695e-01 2.952864511304996165e-01 5.033298077909067469e-01 3.636800145325436717e-01 5.042959083161452360e-01 3.662360148235228596e-01 4.743167781641315917e-01 0.000000000000000000e+00 4.007249158878504192e-01 3.769094972067782989e-01 4.865919996935236247e-01 3.882918405164783593e-01 0.000000000000000000e+00 3.601537148428000656e-01 0.000000000000000000e+00 0.000000000000000000e+00 0.000000000000000000e+00 3.970872964921418058e-01 4.553220317460318078e-01 0.000000000000000000e+00 0.000000000000000000e+00 4.080368762502526447e-01 4.715077637795275778e-01 4.153258280755446341e-01 4.410685327501989716e-01 4.370504454938220484e-01 4.369846942148761237e-01 4.228142412525387472e-01 0.000000000000000000e+00 0.000000000000000000e+00 0.000000000000000000e+00 4.062040347826086362e-01 0.000000000000000000e+00 0.000000000000000000e+00 0.000000000000000000e+00 4.122490954393969731e-01 3.915049719626168545e-01 4.341116722774069348e-01 4.531807318840579968e-01 4.282216774193547404e-01 0.000000000000000000e+00 0.000000000000000000e+00 4.468778750000000355e-01 0.000000000000000000e+00 3.595460322580644741e-01 0.000000000000000000e+00 0.000000000000000000e+00 0.000000000000000000e+00 4.374606304347826158e-01
4.969220348942155474e-01 2.848450587474002926e-01 5.059857170782993130e-01 3.216630978136207353e-01 0.000000000000000000e+00 3.248920015727847499e-01 4.849692090230409147e-01 3.073367511160239873e-01 0.000000000000000000e+00 3.524301959423806196e-01 4.936747584725592608e-01 3.217875044415016705e-01 4.815622587556923628e-01 3.661308124057021107e-01 0.000000000000000000e+00 3.538966870844343360e-01 4.848008559027777720e-01 3.409103476827685664e-01 5.185444206117814092e-01 3.818148426693421249e-01 0.000000000000000000e+00 0.000000000000000000e+00 4.723192664579864974e-01 0.000000000000000000e+00 0.000000000000000000e+00 0.000000000000000000e+00 0.000000000000000000e+00 3.310634303797468370e-01 4.886763450619766580e-01 3.929512578681728097e-01 4.532258660096137315e-01 3.816615360824742176e-01 5.163011741566816415e-01 4.354565990177440837e-01 5.079886742160277802e-01 0.000000000000000000e+00 0.000000000000000000e+00 4.528359990731771201e-01 0.000000000000000000e+00 4.979590959420959195e-01 0.000000000000000000e+00 4.163870235294116484e-01 5.220010000000000483e-01 0.000000000000000000e+00 0.000000000000000000e+00 4.254551222500697061e-01 0.000000000000000000e+00 0.000000000000000000e+00 0.000000000000000000e+00 4.438312732792056847e-01 5.030911379310344378e-01 4.127278800611125509e-01 0.000000000000000000e+00 0.000000000000000000e+00 0.000000000000000000e+00 3.663571992501699626e-01 4.898155040921977621e-01 3.122879584103104844e-01 5.118396288881739142e-01 4.070518945221101581e-01 5.023231160862933198e-01 3.776006858105402930e-01 4.869807026486545620e-01 3.864047699944918590e-01 0.000000000000000000e+00 4.018032746084219675e-01 5.025256722151507649e-01 3.567488649750499285e-01 5.123367390594357751e-01 2.859239025718792182e-01 4.909292161853532899e-01 3.702444725355102384e-01 4.608966749237206062e-01 3.801130675392615510e-01 0.000000000000000000e+00 0.000000000000000000e+00 4.689488764143898702e-01 3.923792442363800981e-01 0.000000000000000000e+00 0.000000000000000000e+00 4.756566942276517773e-01 4.158803221050725307e-01 0.000000000000000000e+00 0.000000000000000000e+00 4.925341929033401622e-01 4.020438320769064156e-01 0.000000000000000000e+00 3.776725833333333116e-01 4.819204453125000009e-01 4.173562764393328739e-01 3.989307297297297605e-01 4.447253111156393435e-01 4.713839933138124216e-01 0.000000000000000000e+00 4.509341597112651034e-01 4.303146989489489149e-01 3.758942990654206562e-01 0.000000000000000000e+00 4.508835925852165416e-01 4.544640935633476042e-01 4.554722888888889099e-01 4.332268685752078130e-01 0.000000000000000000e+00 4.128862862819590585e-01 4.655357634408601175e-01 4.272361785601907491e-01 0.000000000000000000e+00 0.000000000000000000e+00 0.000000000000000000e+00 4.075152568204616910e-01 0.000000000000000000e+00 0.000000000000000000e+00 0.000000000000000000e+00 0.000000000000000000e+00 0.000000000000000000e+00 0.000000000000000000e+00
3.576126199454429111e-01 5.059857170782993130e-01 2.886265273507762630e-01 4.593537146639449786e-01 2.577449664810533281e-01 4.147871091698122070e-01 3.138679608519058806e-01 4.692273740715822705e-01 2.723315535090580219e-01 4.331630066284868352e-01 3.965094239128086895e-01 4.749247352680328604e-01 3.466404394850353121e-01 4.572782551817032304e-01 3.318715880281376540e-01 4.502003710708900597e-01 4.131745809749296505e-01 5.012683077458318648e-01 3.441137129203196698e-01 5.178860107320548689e-01 3.441602658514493207e-01 0.000000000000000000e+00 3.006935429079210520e-01 4.726503063028703044e-01 2.750278700970648638e-01 4.255517663619949875e-01 3.619836270763922004e-01 0.000000000000000000e+00 3.674745059195046459e-01 4.746146754609736895e-01 3.824265623628844701e-01 4.363960082314780053e-01 4.089495070112723063e-01 4.877342804470479187e-01 4.134093661971831035e-01 0.000000000000000000e+00 4.173235981725573751e-01 5.000130709024406261e-01 3.670309795918366702e-01 0.000000000000000000e+00 4.202349898989897747e-01 0.000000000000000000e+00 3.542151456310679292e-01 5.582335378787878222e-01 4.198431312152752226e-01 0.000000000000000000e+00 3.566945666666666570e-01 0.000000000000000000e+00 4.160668715333013523e-01 0.000000000000000000e+00 4.069646479046713505e-01 0.000000000000000000e+00 3.657566722465398490e-01 0.000000000000000000e+00 3.819241081319693087e-01 0.000000000000000000e+00 3.888520522046078898e-01 4.874022016763061016e-01 4.310215271437518592e-01 4.853004409448819501e-01 3.797903639676964427e-01 0.000000000000000000e+00 3.617825755531187681e-01 0.000000000000000000e+00 3.876620062671821132e-01 0.000000000000000000e+00 4.515457577476993389e-01 4.933910820164348343e-01 3.553744659707011588e-01 4.623140639534884522e-01 3.714327891104154955e-01 4.826588043604959077e-01 3.654910558879760907e-01 4.407994421578719790e-01 3.487074533333332504e-01 4.576836962025315758e-01 3.937146145994722679e-01 4.706431887319150742e-01 3.940695562500000082e-01 0.000000000000000000e+00 3.926280071860378529e-01 0.000000000000000000e+00 0.000000000000000000e+00 0.000000000000000000e+00 3.834913871142176522e-01 0.000000000000000000e+00 3.894984090909091035e-01 0.000000000000000000e+00 3.873477774104841509e-01 4.816325572519083442e-01 4.046975146977452864e-01 4.280205294117647163e-01 4.189354817823349175e-01 0.000000000000000000e+00 4.249956154032578093e-01 4.268636716639173656e-01 0.000000000000000000e+00 0.000000000000000000e+00 0.000000000000000000e+00 3.837757500000000266e-01 4.067089010967742668e-01 0.000000000000000000e+00 0.000000000000000000e+00 0.000000000000000000e+00 4.105203283955630167e-01 4.620631856249999836e-01 4.505589799999999423e-01 0.000000000000000000e+00 0.000000000000000000e+00 0.000000000000000000e+00 0.000000000000000000e+00 0.000000000000000000e+00 0.000000000000000000e+00 0.000000000000000000e+00 0.000000000000000000e+00 0.000000000000000000e+00
5.203450585171728315e-01 3.216630978136207353e-01 4.593537146639449786e-01 2.410072804117139311e-01 4.312374235700008884e-01 1.839841995762721005e-01 4.729025747932824597e-01 2.922747481986981422e-01 3.979772931083200849e-01 2.852799131896965878e-01 4.843357099009011901e-01 4.017269461362235061e-01 4.551619936298814117e-01 3.469377942640855528e-01 4.124383620115693594e-01 3.195388980596391426e-01 0.000000000000000000e+00 4.082582497961725898e-01 5.151761765507170132e-01 2.784631690837642837e-01 0.000000000000000000e+00 0.000000000000000000e+00 4.545078208844761658e-01 2.291926025327988281e-01 4.608797298736351244e-01 1.641016120531470501e-01 0.000000000000000000e+00 3.004213096638654878e-01 4.845922261044165458e-01 3.614640184344759533e-01 4.246713519805510595e-01 3.432069771493331811e-01 5.028618772144838323e-01 3.884848529634884473e-01 0.000000000000000000e+00 4.339674096385542357e-01 0.000000000000000000e+00 4.375483712564378069e-01 0.000000000000000000e+00 4.322262166782067094e-01 0.000000000000000000e+00 3.600297604166666776e-01 0.000000000000000000e+00 0.000000000000000000e+00 0.000000000000000000e+00 4.320232490400674474e-01 0.000000000000000000e+00 0.000000000000000000e+00 5.377307807017543961e-01 4.601330712042592808e-01 0.000000000000000000e+00 4.364317181010600732e-01 0.000000000000000000e+00 0.000000000000000000e+00 0.000000000000000000e+00 4.018409267373043159e-01 0.000000000000000000e+00 4.151578073674929148e-01 4.699993499411265208e-01 4.508567959167089079e-01 0.000000000000000000e+00 4.209465767688735371e-01 0.000000000000000000e+00 3.754351268067990244e-01 0.000000000000000000e+00 4.186470550595063345e-01 5.500947698426573718e-01 4.483463304586282061e-01 5.278095370974299483e-01 4.078722348699832523e-01 4.463758827294884712e-01 3.762967436958890577e-01 4.584779098009446607e-01 3.686247280134204440e-01 0.000000000000000000e+00 3.624875340930495127e-01 4.576630441534157434e-01 4.006916809747985142e-01 0.000000000000000000e+00 3.987081136363636591e-01 4.683739084507042572e-01 4.028768620852278270e-01 0.000000000000000000e+00 4.074533692307691912e-01 0.000000000000000000e+00 4.020773255703333215e-01 0.000000000000000000e+00 0.000000000000000000e+00 0.000000000000000000e+00 3.858416808555866773e-01 4.435494231388564801e-01 4.269912331560408725e-01 4.143625792290804299e-01 4.011926708333333202e-01 4.295156986288352630e-01 4.034406244897958960e-01 0.000000000000000000e+00 0.000000000000000000e+00 4.520945686145426134e-01 0.000000000000000000e+00 4.180212203389830905e-01 4.217026535433070489e-01 4.372238672480620592e-01 3.848308321659482667e-01 4.292636704259525371e-01 4.319562469762526780e-01 4.001533523809523984e-01 0.000000000000000000e+00 0.000000000000000000e+00 4.085226625000000222e-01 0.000000000000000000e+00 0.000000000000000000e+00 0.000000000000000000e+00 0.000000000000000000e+00 0.000000000000000000e+00 0.000000000000000000e+00
3.566630952688532030e-01 0.000000000000000000e+00 2.577449664810533281e-01 4.312374235700008884e-01 2.573217326579084752e-01 4.426485362794772005e-01 2.646010342196468135e-01 4.495614941661612574e-01 2.593954124621186685e-01 4.518144467651479812e-01 2.942351842105262461e-01 0.000000000000000000e+00 2.844414914772727121e-01 4.433860437956204104e-01 2.438633009059782697e-01 4.718766255826233325e-01 0.000000000000000000e+00 0.000000000000000000e+00 0.000000000000000000e+00 0.000000000000000000e+00 3.628734645045966767e-01 4.742669999999999941e-01 2.720500454924713041e-01 4.374581737658668756e-01 2.391710629278640809e-01 4.326453313507008791e-01 2.867158047888518912e-01 4.206112164061113212e-01 2.966356069972859721e-01 4.501341680782985355e-01 3.580371078613744373e-01 3.994443532985283429e-01 0.000000000000000000e+00 4.007360178571429121e-01 0.000000000000000000e+00 0.000000000000000000e+00 4.290858077853973440e-01 0.000000000000000000e+00 0.000000000000000000e+00 0.000000000000000000e+00 4.039540539682539566e-01 0.000000000000000000e+00 0.000000000000000000e+00 0.000000000000000000e+00 0.000000000000000000e+00 0.000000000000000000e+00 0.000000000000000000e+00 0.000000000000000000e+00 0.000000000000000000e+00 0.000000000000000000e+00 0.000000000000000000e+00 0.000000000000000000e+00 0.000000000000000000e+00 0.000000000000000000e+00 4.196473555555556567e-01 0.000000000000000000e+00 0.000000000000000000e+00 0.000000000000000000e+00 0.000000000000000000e+00 0.000000000000000000e+00 0.000000000000000000e+00 0.000000000000000000e+00 3.717268857142856930e-01 0.000000000000000000e+00 0.000000000000000000e+00 0.000000000000000000e+00 0.000000000000000000e+00 4.814042727272726530e-01 0.000000000000000000e+00 0.000000000000000000e+00 3.482849737673452961e-01 4.635754709882007885e-01 3.147037680640862312e-01 3.457111948051947992e-01 0.000000000000000000e+00 0.000000000000000000e+00 2.940384322961816510e-01 0.000000000000000000e+00 0.000000000000000000e+00 0.000000000000000000e+00 4.151980862068966327e-01 0.000000000000000000e+00 3.810399016393443139e-01 0.000000000000000000e+00 4.061179828638514233e-01 0.000000000000000000e+00 3.827374686398103409e-01 0.000000000000000000e+00 0.000000000000000000e+00 0.000000000000000000e+00 0.000000000000000000e+00 0.000000000000000000e+00 0.000000000000000000e+00 0.000000000000000000e+00 0.000000000000000000e+00 0.000000000000000000e+00 0.000000000000000000e+00 0.000000000000000000e+00 0.000000000000000000e+00 0.000000000000000000e+00 0.000000000000000000e+00 0.000000000000000000e+00 0.000000000000000000e+00 0.000000000000000000e+00 3.720228157894736598e-01 0.000000000000000000e+00 0.000000000000000000e+00 0.000000000000000000e+00 0.000000000000000000e+00 0.000000000000000000e+00 0.000000000000000000e+00 0.000000000000000000e+00 0.000000000000000000e+00 0.000000000000000000e+00 0.000000000000000000e+00 0.000000000000000000e+00
0.000000000000000000e+00 3.248920015727847499e-01 4.147871091698122070e-01 1.839841995762721005e-01 4.426485362794772005e-01 2.041170913099091266e-01 4.257365416813094217e-01 1.968438613128119796e-01 4.298390199960525626e-01 2.754765290891171836e-01 0.000000000000000000e+00 0.000000000000000000e+00 4.346507162790697598e-01 3.104126476959296888e-01 4.220600381843235827e-01 2.907160240780286009e-01 0.000000000000000000e+00 3.593279285714285898e-01 3.956285045871559825e-01 3.149944489696125394e-01 0.000000000000000000e+00 3.417940642681395746e-01 4.270634667391260963e-01 1.910114534992146118e-01 4.153969093125889911e-01 2.642330173413528493e-01 4.485558449538404879e-01 2.881273257172797253e-01 0.000000000000000000e+00 3.155535365924598823e-01 4.136470375069137839e-01 3.204467718287193345e-01 0.000000000000000000e+00 3.237856774742619015e-01 0.000000000000000000e+00 0.000000000000000000e+00 0.000000000000000000e+00 0.000000000000000000e+00 0.000000000000000000e+00 0.000000000000000000e+00 0.000000000000000000e+00 0.000000000000000000e+00 0.000000000000000000e+00 0.000000000000000000e+00 0.000000000000000000e+00 0.000000000000000000e+00 0.000000000000000000e+00 0.000000000000000000e+00 0.000000000000000000e+00 0.000000000000000000e+00 0.000000000000000000e+00 0.000000000000000000e+00 0.000000000000000000e+00 0.000000000000000000e+00 0.000000000000000000e+00 0.000000000000000000e+00 0.000000000000000000e+00 0.000000000000000000e+00 0.000000000000000000e+00 3.793730186915887370e-01 0.000000000000000000e+00 0.000000000000000000e+00 0.000000000000000000e+00 3.427720512820512933e-01 0.000000000000000000e+00 3.113276920000000447e-01 0.000000000000000000e+00 0.000000000000000000e+00 0.000000000000000000e+00 0.000000000000000000e+00 4.997129151585300577e-01 3.467190380523528792e-01 0.000000000000000000e+00 3.277647931299187967e-01 0.000000000000000000e+00 3.377034827586206100e-01 0.000000000000000000e+00 3.656494404040404045e-01 0.000000000000000000e+00 0.000000000000000000e+00 0.000000000000000000e+00 3.510056699029127092e-01 0.000000000000000000e+00 0.000000000000000000e+00 0.000000000000000000e+00 3.451409085170071278e-01 0.000000000000000000e+00 0.000000000000000000e+00 0.000000000000000000e+00 3.599576678819444431e-01 0.000000000000000000e+00 0.000000000000000000e+00 0.000000000000000000e+00 0.000000000000000000e+00 0.000000000000000000e+00 0.000000000000000000e+00 0.000000000000000000e+00 0.000000000000000000e+00 0.000000000000000000e+00 0.000000000000000000e+00 0.000000000000000000e+00 0.000000000000000000e+00 0.000000000000000000e+00 0.000000000000000000e+00 0.000000000000000000e+00 0.000000000000000000e+00 0.000000000000000000e+00 0.000000000000000000e+00 0.000000000000000000e+00 0.000000000000000000e+00 0.000000000000000000e+00 0.000000000000000000e+00 0.000000000000000000e+00 0.000000000000000000e+00 0.000000000000000000e+00 0.000000000000000000e+00
3.164801147014000282e-01 4.849692090230409147e-01 3.138679608519058806e-01 4.729025747932824597e-01 2.646010342196468135e-01 4.257365416813094217e-01 2.793447275232769922e-01 4.661773059282682818e-01 2.770207008751526812e-01 4.352542312427840066e-01 3.295424693562749030e-01 4.854889913714516836e-01 3.014854713937895614e-01 4.566353412991154825e-01 3.117978599653596916e-01 4.196519831642417930e-01 3.961681592598848556e-01 4.943955059328139501e-01 3.855405980515957953e-01 4.970802361482512532e-01 0.000000000000000000e+00 0.000000000000000000e+00 3.624928758286967700e-01 4.574767611878908236e-01 2.588672399999999985e-01 3.854950436852513374e-01 3.581538935936814938e-01 4.505507499999999999e-01 3.566424927872228201e-01 4.398100271802525829e-01 3.820183312012472854e-01 4.445958858105981126e-01 3.962970940554697563e-01 4.890037789331114770e-01 0.000000000000000000e+00 0.000000000000000000e+00 4.024677675908760466e-01 4.997814007493059929e-01 3.724841858407080264e-01 0.000000000000000000e+00 0.000000000000000000e+00 0.000000000000000000e+00 3.841979155911995902e-01 0.000000000000000000e+00 0.000000000000000000e+00 0.000000000000000000e+00 4.364815342465753201e-01 0.000000000000000000e+00 3.923952235617766959e-01 0.000000000000000000e+00 3.819137830263589772e-01 5.019066621621621760e-01 0.000000000000000000e+00 0.000000000000000000e+00 3.761908655315241989e-01 4.148144966887416518e-01 3.708929284594710274e-01 4.595761234590204913e-01 3.871150858788331983e-01 0.000000000000000000e+00 3.662293769757938855e-01 0.000000000000000000e+00 3.641656607283551561e-01 0.000000000000000000e+00 3.727796545967343445e-01 4.529073860846172805e-01 4.292323284729115396e-01 4.856228205484982574e-01 3.926211193322363679e-01 4.977316224489795604e-01 3.587600658302647072e-01 4.917212977982268196e-01 3.432372629138581988e-01 4.508384091830127671e-01 0.000000000000000000e+00 4.633720131578947243e-01 3.845279956602543070e-01 4.684385733996693224e-01 3.835562387827207154e-01 0.000000000000000000e+00 3.809143739647649074e-01 4.543857862595420127e-01 0.000000000000000000e+00 0.000000000000000000e+00 3.884478206759016672e-01 4.972220086206896039e-01 3.512523544303797762e-01 0.000000000000000000e+00 3.989996321015784053e-01 3.995293881578946826e-01 4.356982461725387168e-01 4.196807732539530322e-01 4.403248527250838706e-01 0.000000000000000000e+00 4.544678589743589847e-01 0.000000000000000000e+00 0.000000000000000000e+00 0.000000000000000000e+00 0.000000000000000000e+00 0.000000000000000000e+00 0.000000000000000000e+00 0.000000000000000000e+00 0.000000000000000000e+00 0.000000000000000000e+00 4.284756444444444146e-01 0.000000000000000000e+00 4.053620729166667047e-01 0.000000000000000000e+00 0.000000000000000000e+00 0.000000000000000000e+00 0.000000000000000000e+00 0.000000000000000000e+00 0.000000000000000000e+00 0.000000000000000000e+00 0.000000000000000000e+00 0.000000000000000000e+00
4.911626674928364911e-01 3.073367511160239873e-01 4.692273740715822705e-01 2.922747481986981422e-01 4.495614941661612574e-01 1.968438613128119796e-01 4.661773059282682818e-01 2.585904263812308645e-01 4.365188996218433148e-01 2.581929967576666596e-01 4.834992832100386551e-01 3.252638702664886750e-01 4.468685326043877470e-01 2.769323103510027972e-01 4.226141830924902143e-01 2.689059491936215407e-01 4.790753004836693640e-01 3.898534098765389921e-01 4.908374110937088197e-01 3.933106646116111271e-01 0.000000000000000000e+00 0.000000000000000000e+00 4.528612328251813701e-01 3.603245237814275415e-01 4.635792084178743666e-01 0.000000000000000000e+00 0.000000000000000000e+00 2.902355696334035229e-01 4.601592228209526736e-01 3.431923196899729911e-01 4.276162775306078245e-01 3.270489212570903415e-01 4.887695639238975875e-01 3.967490448885276355e-01 4.541606626007871905e-01 0.000000000000000000e+00 0.000000000000000000e+00 4.081566382601540255e-01 0.000000000000000000e+00 3.874238288288288090e-01 0.000000000000000000e+00 0.000000000000000000e+00 0.000000000000000000e+00 0.000000000000000000e+00 0.000000000000000000e+00 4.198881849039874381e-01 0.000000000000000000e+00 0.000000000000000000e+00 0.000000000000000000e+00 4.095889797911473895e-01 0.000000000000000000e+00 3.810237219997261171e-01 0.000000000000000000e+00 0.000000000000000000e+00 0.000000000000000000e+00 3.757883672921545348e-01 4.880235120301989471e-01 3.691420958238865180e-01 4.867644544804227147e-01 4.319587754419489389e-01 4.737820957341534189e-01 3.740097436020030086e-01 5.010152653061225037e-01 3.818963138374883992e-01 4.563681111111111410e-01 3.813709153815296182e-01 4.815586881533429064e-01 4.190415789771473887e-01 5.268904157303371250e-01 4.002650565454828890e-01 4.831046171681325219e-01 3.500816410239422360e-01 4.531614878561782689e-01 3.558701035089004705e-01 0.000000000000000000e+00 3.670971057012424876e-01 4.431606868651353226e-01 3.849213404306179864e-01 0.000000000000000000e+00 3.852260140845069625e-01 4.866539978684371048e-01 3.938095650736531117e-01 0.000000000000000000e+00 3.956793422030837060e-01 4.765873207080243423e-01 3.849509479248750532e-01 0.000000000000000000e+00 4.030316015625000636e-01 0.000000000000000000e+00 3.971860307459480488e-01 4.317073512396694124e-01 0.000000000000000000e+00 0.000000000000000000e+00 0.000000000000000000e+00 4.309519740259739051e-01 0.000000000000000000e+00 0.000000000000000000e+00 0.000000000000000000e+00 0.000000000000000000e+00 0.000000000000000000e+00 4.062663474576270750e-01 0.000000000000000000e+00 0.000000000000000000e+00 3.811106909090908323e-01 0.000000000000000000e+00 0.000000000000000000e+00 0.000000000000000000e+00 0.000000000000000000e+00 0.000000000000000000e+00 0.000000000000000000e+00 0.000000000000000000e+00 0.000000000000000000e+00 0.000000000000000000e+00 0.000000000000000000e+00 0.000000000000000000e+00 0.000000000000000000e+00
0.000000000000000000e+00 0.000000000000000000e+00 2.723315535090580219e-01 3.979772931083200849e-01 2.593954124621186685e-01 4.298390199960525626e-01 2.770207008751526812e-01 4.365188996218433148e-01 2.316979797899468285e-01 4.442381864416218296e-01 3.588197309302325611e-01 0.000000000000000000e+00 2.975784116439246230e-01 0.000000000000000000e+00 2.750269398324185488e-01 4.582034401293464398e-01 0.000000000000000000e+00 0.000000000000000000e+00 0.000000000000000000e+00 0.000000000000000000e+00 3.416099270683883304e-01 0.000000000000000000e+00 3.272621870930751964e-01 4.197813290527381835e-01 3.223240373710644646e-01 4.338570645522565328e-01 3.315008006148441044e-01 4.589510302905702166e-01 2.941354941379465404e-01 4.254374764686789101e-01 3.688730323553455759e-01 4.147598118928601529e-01 3.579119459459459418e-01 4.122116813186813000e-01 0.000000000000000000e+00 0.000000000000000000e+00 0.000000000000000000e+00 0.000000000000000000e+00 0.000000000000000000e+00 0.000000000000000000e+00 0.000000000000000000e+00 0.000000000000000000e+00 0.000000000000000000e+00 0.000000000000000000e+00 0.000000000000000000e+00 0.000000000000000000e+00 0.000000000000000000e+00 0.000000000000000000e+00 0.000000000000000000e+00 0.000000000000000000e+00 0.000000000000000000e+00 0.000000000000000000e+00 0.000000000000000000e+00 0.000000000000000000e+00 0.000000000000000000e+00 0.000000000000000000e+00 0.000000000000000000e+00 0.000000000000000000e+00 0.000000000000000000e+00 0.000000000000000000e+00 3.941311232876711923e-01 0.000000000000000000e+00 3.785664343434343437e-01 0.000000000000000000e+00 0.000000000000000000e+00 0.000000000000000000e+00 0.000000000000000000e+00 0.000000000000000000e+00 0.000000000000000000e+00 0.000000000000000000e+00 2.869157296846371330e-01 4.633847378144654860e-01 3.144233545257226203e-01 4.263860829280334275e-01 2.826264516129032289e-01 0.000000000000000000e+00 3.362898271219325608e-01 4.387719816513761528e-01 0.000000000000000000e+00 0.000000000000000000e+00 3.811986800000000120e-01 0.000000000000000000e+00 0.000000000000000000e+00 0.000000000000000000e+00 4.092717857730263087e-01 0.000000000000000000e+00 0.000000000000000000e+00 0.000000000000000000e+00 0.000000000000000000e+00 0.000000000000000000e+00 3.628937250000000003e-01 0.000000000000000000e+00 0.000000000000000000e+00 0.000000000000000000e+00 0.000000000000000000e+00 0.000000000000000000e+00 0.000000000000000000e+00 0.000000000000000000e+00 0.000000000000000000e+00 0.000000000000000000e+00 0.000000000000000000e+00 0.000000000000000000e+00 0.000000000000000000e+00 3.449552719298245584e-01 3.707424842105262464e-01 0.000000000000000000e+00 0.000000000000000000e+00 0.000000000000000000e+00 0.000000000000000000e+00 0.000000000000000000e+00 0.000000000000000000e+00 0.000000000000000000e+00 0.000000000000000000e+00 0.000000000000000000e+00 0.000000000000000000e+00 0.000000000000000000e+00
0.000000000000000000e+00 3.524301959423806196e-01 4.331630066284868352e-01 2.852799131896965878e-01 4.518144467651479812e-01 2.754765290891171836e-01 4.352542312427840066e-01 2.581929967576666596e-01 4.442381864416218296e-01 2.387770677087451832e-01 0.000000000000000000e+00 3.327387280997304853e-01 4.288856525819907950e-01 2.847679573831112809e-01 4.437511785536048525e-01 2.902151324669087207e-01 0.000000000000000000e+00 0.000000000000000000e+00 0.000000000000000000e+00 3.414886322663251983e-01 0.000000000000000000e+00 3.620314346405228978e-01 4.327861974956920821e-01 2.945726482130846535e-01 4.568413548702168758e-01 2.423906974299217254e-01 4.557083461882405206e-01 3.234495503799181271e-01 0.000000000000000000e+00 3.381426716301565438e-01 4.109085734664378320e-01 3.628947525254930251e-01 0.000000000000000000e+00 4.008685581395349251e-01 0.000000000000000000e+00 0.000000000000000000e+00 0.000000000000000000e+00 0.000000000000000000e+00 0.000000000000000000e+00 0.000000000000000000e+00 0.000000000000000000e+00 0.000000000000000000e+00 0.000000000000000000e+00 0.000000000000000000e+00 0.000000000000000000e+00 0.000000000000000000e+00 0.000000000000000000e+00 4.348206615384615503e-01 0.000000000000000000e+00 0.000000000000000000e+00 0.000000000000000000e+00 0.000000000000000000e+00 0.000000000000000000e+00 0.000000000000000000e+00 0.000000000000000000e+00 0.000000000000000000e+00 0.000000000000000000e+00 3.935705486725663560e-01 0.000000000000000000e+00 0.000000000000000000e+00 0.000000000000000000e+00 0.000000000000000000e+00 0.000000000000000000e+00 4.189081212121212872e-01 0.000000000000000000e+00 0.000000000000000000e+00 0.000000000000000000e+00 0.000000000000000000e+00 0.000000000000000000e+00 0.000000000000000000e+00 5.148918228499714811e-01 3.325673062556611104e-01 4.133721690140845784e-01 3.344147988179911324e-01 0.000000000000000000e+00 2.821241451612903073e-01 0.000000000000000000e+00 3.823513125404007784e-01 0.000000000000000000e+00 0.000000000000000000e+00 0.000000000000000000e+00 3.762280776416728201e-01 0.000000000000000000e+00 0.000000000000000000e+00 0.000000000000000000e+00 4.055619082505034778e-01 0.000000000000000000e+00 0.000000000000000000e+00 0.000000000000000000e+00 3.662884372863247640e-01 0.000000000000000000e+00 0.000000000000000000e+00 0.000000000000000000e+00 0.000000000000000000e+00 0.000000000000000000e+00 0.000000000000000000e+00 0.000000000000000000e+00 0.000000000000000000e+00 0.000000000000000000e+00 0.000000000000000000e+00 0.000000000000000000e+00 0.000000000000000000e+00 0.000000000000000000e+00 0.000000000000000000e+00 0.000000000000000000e+00 0.000000000000000000e+00 0.000000000000000000e+00 0.000000000000000000e+00 0.000000000000000000e+00 0.000000000000000000e+00 0.000000000000000000e+00 0.000000000000000000e+00 0.000000000000000000e+00 0.000000000000000000e+00 0.000000000000000000e+00 0.000000000000000000e+00
3.196779458450440536e-01 4.936747584725592608e-01 3.965094239128086895e-01 4.843357099009011901e-01 2.942351842105262461e-01 0.000000000000000000e+00 3.295424693562749030e-01 4.834992832100386551e-01 3.588197309302325611e-01 0.000000000000000000e+00 3.393696623178759086e-01 4.770166379112443233e-01 3.095699451503928223e-01 0.000000000000000000e+00 0.000000000000000000e+00 0.000000000000000000e+00 3.945716109436407382e-01 4.845743078564256900e-01 4.104992779917471246e-01 4.899508046756950175e-01 0.000000000000000000e+00 0.000000000000000000e+00 4.031005349911159219e-01 5.116616786658830796e-01 0.000000000000000000e+00 0.000000000000000000e+00 0.000000000000000000e+00 0.000000000000000000e+00 4.435321324770780116e-01 4.454979473684209657e-01 4.141659899321793459e-01 4.235963232441706805e-01 3.963258648652966953e-01 4.688746861737133620e-01 0.000000000000000000e+00 0.000000000000000000e+00 4.533694298541564582e-01 0.000000000000000000e+00 3.800814374999999523e-01 0.000000000000000000e+00 0.000000000000000000e+00 0.000000000000000000e+00 0.000000000000000000e+00 0.000000000000000000e+00 0.000000000000000000e+00 0.000000000000000000e+00 0.000000000000000000e+00 0.000000000000000000e+00 0.000000000000000000e+00 0.000000000000000000e+00 3.442669809523810076e-01 0.000000000000000000e+00 0.000000000000000000e+00 0.000000000000000000e+00 3.748949416902374598e-01 0.000000000000000000e+00 3.690248017255368662e-01 0.000000000000000000e+00 3.942179990665322098e-01 0.000000000000000000e+00 3.879518405586641627e-01 0.000000000000000000e+00 3.866474671213749326e-01 0.000000000000000000e+00 3.795873843538929981e-01 0.000000000000000000e+00 4.140860560124700052e-01 0.000000000000000000e+00 4.216830133080448628e-01 0.000000000000000000e+00 3.806442495844294949e-01 4.919126103047846144e-01 3.948079553596980373e-01 4.809181102069457481e-01 0.000000000000000000e+00 0.000000000000000000e+00 4.185651702676017050e-01 4.804043872775373702e-01 3.899947332219437790e-01 0.000000000000000000e+00 3.862694530424560790e-01 0.000000000000000000e+00 0.000000000000000000e+00 0.000000000000000000e+00 4.063028065768133357e-01 0.000000000000000000e+00 3.987980923076922535e-01 0.000000000000000000e+00 4.115585435681602400e-01 0.000000000000000000e+00 3.921911538461537727e-01 4.096460000000000656e-01 3.889335185185184840e-01 0.000000000000000000e+00 0.000000000000000000e+00 0.000000000000000000e+00 0.000000000000000000e+00 0.000000000000000000e+00 0.000000000000000000e+00 0.000000000000000000e+00 0.000000000000000000e+00 0.000000000000000000e+00 0.000000000000000000e+00 0.000000000000000000e+00 0.000000000000000000e+00 0.000000000000000000e+00 0.000000000000000000e+00 0.000000000000000000e+00 0.000000000000000000e+00 0.000000000000000000e+00 0.000000000000000000e+00 0.000000000000000000e+00 0.000000000000000000e+00 0.000000000000000000e+00 0.000000000000000000e+00 0.000000000000000000e+00
4.933813725057659694e-01 3.217875044415016705e-01 4.749247352680328604e-01 4.017269461362235061e-01 0.000000000000000000e+00 0.000000000000000000e+00 4.854889913714516836e-01 3.252638702664886750e-01 0.000000000000000000e+00 3.327387280997304853e-01 4.770166379112443233e-01 2.764813978347713253e-01 4.746479054798104502e-01 2.872360490529951571e-01 0.000000000000000000e+00 3.198469491127593489e-01 4.977250735384240454e-01 3.394655832726721223e-01 4.956680190143155640e-01 4.115922838569927023e-01 0.000000000000000000e+00 0.000000000000000000e+00 4.692591504979450878e-01 3.943306992940474598e-01 0.000000000000000000e+00 0.000000000000000000e+00 0.000000000000000000e+00 0.000000000000000000e+00 0.000000000000000000e+00 3.586981540782193667e-01 4.275395836125241988e-01 3.891075933403417841e-01 4.849913141675025741e-01 4.087399351924898561e-01 5.099696060606060399e-01 0.000000000000000000e+00 0.000000000000000000e+00 3.978360140664961575e-01 0.000000000000000000e+00 0.000000000000000000e+00 0.000000000000000000e+00 0.000000000000000000e+00 0.000000000000000000e+00 0.000000000000000000e+00 0.000000000000000000e+00 4.460460294117647440e-01 0.000000000000000000e+00 0.000000000000000000e+00 0.000000000000000000e+00 3.732048191489360511e-01 0.000000000000000000e+00 3.696823569358177464e-01 0.000000000000000000e+00 0.000000000000000000e+00 0.000000000000000000e+00 0.000000000000000000e+00 0.000000000000000000e+00 3.835239086971370948e-01 0.000000000000000000e+00 4.559456515399601395e-01 0.000000000000000000e+00 3.680006763765018007e-01 0.000000000000000000e+00 3.879536220332375218e-01 0.000000000000000000e+00 4.043190595652304542e-01 4.961450166229221526e-01 4.362026618082636142e-01 0.000000000000000000e+00 0.000000000000000000e+00 4.921474425490334204e-01 3.619429700321092902e-01 4.449654235294118187e-01 3.813447924162904901e-01 0.000000000000000000e+00 3.343753553006447721e-01 4.664448445814290412e-01 3.825989344340713361e-01 0.000000000000000000e+00 0.000000000000000000e+00 0.000000000000000000e+00 4.088184858294148794e-01 0.000000000000000000e+00 3.851077311827957872e-01 0.000000000000000000e+00 4.129878773006271930e-01 0.000000000000000000e+00 0.000000000000000000e+00 0.000000000000000000e+00 4.253330332998753183e-01 0.000000000000000000e+00 0.000000000000000000e+00 0.000000000000000000e+00 0.000000000000000000e+00 0.000000000000000000e+00 4.182297792207792519e-01 0.000000000000000000e+00 0.000000000000000000e+00 4.388892661290322295e-01 0.000000000000000000e+00 0.000000000000000000e+00 0.000000000000000000e+00 0.000000000000000000e+00 0.000000000000000000e+00 0.000000000000000000e+00 0.000000000000000000e+00 0.000000000000000000e+00 0.000000000000000000e+00 0.000000000000000000e+00 0.000000000000000000e+00 0.000000000000000000e+00 0.000000000000000000e+00 0.000000000000000000e+00 0.000000000000000000e+00 0.000000000000000000e+00 0.000000000000000000e+00
3.441143398220969374e-01 4.815622587556923628e-01 3.466404394850353121e-01 4.551619936298814117e-01 2.844414914772727121e-01 4.346507162790697598e-01 3.014854713937895614e-01 4.468685326043877470e-01 2.975784116439246230e-01 4.288856525819907950e-01 3.095699451503928223e-01 4.746479054798104502e-01 2.609131158200265199e-01 4.504321181730103762e-01 2.829002589029588899e-01 4.050673598594447533e-01 3.574500622692762808e-01 4.781602295081967546e-01 4.009332875437094934e-01 4.652733686031322313e-01 0.000000000000000000e+00 0.000000000000000000e+00 3.649173855957674184e-01 4.499971384090034054e-01 0.000000000000000000e+00 4.130541486486487002e-01 0.000000000000000000e+00 0.000000000000000000e+00 3.065264571131601778e-01 4.269735596886922169e-01 3.502715350796867244e-01 4.450777486127436844e-01 3.894702278969283671e-01 4.747921035303830362e-01 0.000000000000000000e+00 0.000000000000000000e+00 4.064439752144046736e-01 0.000000000000000000e+00 3.635536229508196659e-01 0.000000000000000000e+00 0.000000000000000000e+00 0.000000000000000000e+00 0.000000000000000000e+00 0.000000000000000000e+00 4.426364451612903039e-01 0.000000000000000000e+00 0.000000000000000000e+00 0.000000000000000000e+00 0.000000000000000000e+00 0.000000000000000000e+00 3.685278778603984784e-01 0.000000000000000000e+00 0.000000000000000000e+00 0.000000000000000000e+00 3.883891569138960276e-01 0.000000000000000000e+00 3.858294933841275309e-01 0.000000000000000000e+00 4.131866094281657076e-01 0.000000000000000000e+00 4.008631758128236022e-01 4.979760559440558620e-01 3.929128894525946158e-01 0.000000000000000000e+00 3.846019579938942945e-01 0.000000000000000000e+00 4.051659741208727961e-01 0.000000000000000000e+00 0.000000000000000000e+00 0.000000000000000000e+00 3.491493750539593766e-01 4.696310955898057582e-01 3.550295067456983866e-01 4.492392374984078285e-01 0.000000000000000000e+00 0.000000000000000000e+00 3.823724377289438037e-01 4.672408514600583374e-01 4.021549774019928525e-01 0.000000000000000000e+00 3.943468424362777669e-01 0.000000000000000000e+00 4.146014214876033721e-01 0.000000000000000000e+00 4.132210264018699730e-01 0.000000000000000000e+00 3.967950511727543206e-01 0.000000000000000000e+00 4.242985994166117991e-01 0.000000000000000000e+00 4.430351599433047238e-01 0.000000000000000000e+00 0.000000000000000000e+00 0.000000000000000000e+00 3.930662111024744165e-01 0.000000000000000000e+00 0.000000000000000000e+00 0.000000000000000000e+00 0.000000000000000000e+00 0.000000000000000000e+00 0.000000000000000000e+00 0.000000000000000000e+00 0.000000000000000000e+00 4.455719795918367532e-01 4.197668240740741741e-01 0.000000000000000000e+00 0.000000000000000000e+00 0.000000000000000000e+00 0.000000000000000000e+00 0.000000000000000000e+00 0.000000000000000000e+00 4.250467522935780229e-01 0.000000000000000000e+00 0.000000000000000000e+00 0.000000000000000000e+00 0.000000000000000000e+00
