2.589925922290497451e-01 4.809689685203885623e-01 3.217935010685588626e-01 4.865695134385750742e-01 3.061346659517973912e-01 0.000000000000000000e+00 3.128056093581142449e-01 4.616510836764974868e-01 3.133912613004823378e-01 0.000000000000000000e+00 2.468220444739717689e-01 4.597892289156625956e-01 3.417718124061800422e-01 0.000000000000000000e+00 3.731298578760564033e-01 0.000000000000000000e+00 3.119560593493128087e-01 4.817971099923707423e-01 3.922154295052164841e-01 4.903691677967441653e-01 0.000000000000000000e+00 0.000000000000000000e+00 3.692040714667186863e-01 0.000000000000000000e+00 0.000000000000000000e+00 0.000000000000000000e+00 4.692720684931506736e-01 0.000000000000000000e+00 4.000584848176179098e-01 4.579653271028037431e-01 4.060432760196522883e-01 3.866062972789114927e-01 3.935123386978024995e-01 4.852088487499095493e-01 4.261677499999999563e-01 4.689804000000000195e-01 4.728435385918571821e-01 4.981464165441176206e-01 5.321020550024103679e-01 0.000000000000000000e+00 4.461834725534031820e-01 4.476221153846153822e-01 4.254207719298245260e-01 0.000000000000000000e+00 0.000000000000000000e+00 0.000000000000000000e+00 4.407119863013698180e-01 0.000000000000000000e+00 4.190064197162050030e-01 0.000000000000000000e+00 4.050572472071994334e-01 4.652836694214875779e-01 0.000000000000000000e+00 0.000000000000000000e+00 4.308966154452959496e-01 4.613680393700787530e-01 2.999618880449479996e-01 4.720746575073141438e-01 4.080056904855197120e-01 5.071794282131547593e-01 3.751702389568497553e-01 4.745586960784313746e-01 3.683784860846105458e-01 0.000000000000000000e+00 4.077445864135901821e-01 0.000000000000000000e+00 3.946216272451588125e-01 4.989927539008937041e-01 2.964224602296874900e-01 4.968574065850778210e-01 3.639549636850484271e-01 4.867451093509562732e-01 3.893177056055694418e-01 4.642876585617739527e-01 3.175468733197035487e-01 0.000000000000000000e+00 4.004442029662505509e-01 4.525767258316468200e-01 3.964203155172414950e-01 0.000000000000000000e+00 3.717940772177004138e-01 0.000000000000000000e+00 0.000000000000000000e+00 0.000000000000000000e+00 4.353861868436991189e-01 0.000000000000000000e+00 4.151747544529261758e-01 0.000000000000000000e+00 4.530486212221403464e-01 0.000000000000000000e+00 4.722552358995349975e-01 4.464571718481433749e-01 4.711889943036564055e-01 4.586960092592591853e-01 4.666031034225265328e-01 0.000000000000000000e+00 3.884007866666667197e-01 4.920771450782608358e-01 0.000000000000000000e+00 0.000000000000000000e+00 4.385107440246439059e-01 0.000000000000000000e+00 4.410209708892958713e-01 4.570186502662883510e-01 0.000000000000000000e+00 0.000000000000000000e+00 4.286817679710531181e-01 0.000000000000000000e+00 0.000000000000000000e+00 4.292845127043317666e-01 0.000000000000000000e+00 0.000000000000000000e+00 0.000000000000000000e+00 0.000000000000000000e+00 0.000000000000000000e+00 0.000000000000000000e+00
4.809689685203885623e-01 2.780780500539928313e-01 4.751554088613433868e-01 3.176600014065995015e-01 0.000000000000000000e+00 3.460462238805970259e-01 4.513995098599525302e-01 3.006402934377162550e-01 0.000000000000000000e+00 3.589525967649974114e-01 4.634236171073626842e-01 3.240441410504847908e-01 0.000000000000000000e+00 3.598218647466836506e-01 0.000000000000000000e+00 3.734605549414207193e-01 4.836639047619047393e-01 3.198100787814579515e-01 4.844680287358065218e-01 3.323981595243829523e-01 0.000000000000000000e+00 0.000000000000000000e+00 4.503170189873417217e-01 3.643242455876361530e-01 0.000000000000000000e+00 0.000000000000000000e+00 0.000000000000000000e+00 0.000000000000000000e+00 4.618633928826860191e-01 4.153510526412129145e-01 4.377044381888624547e-01 4.577483008849557722e-01 4.959094464994974749e-01 4.449629817609316862e-01 0.000000000000000000e+00 0.000000000000000000e+00 5.628418333333332635e-01 5.152540837605158464e-01 0.000000000000000000e+00 5.025435017455426312e-01 0.000000000000000000e+00 4.738083407302267069e-01 0.000000000000000000e+00 4.678773815832649730e-01 0.000000000000000000e+00 4.378287985592417830e-01 0.000000000000000000e+00 4.098024254042400560e-01 0.000000000000000000e+00 4.183298238158799642e-01 4.719093805309735323e-01 4.007640670252169968e-01 0.000000000000000000e+00 4.227042073170731995e-01 0.000000000000000000e+00 4.256955981385625587e-01 4.759453320422132316e-01 3.057505495333235346e-01 0.000000000000000000e+00 4.309506500967825726e-01 0.000000000000000000e+00 3.872239546705821267e-01 0.000000000000000000e+00 3.873860812670005260e-01 0.000000000000000000e+00 4.062600324429705978e-01 5.071123356611819677e-01 3.968001884720777084e-01 5.121057240922682885e-01 3.263865637749742699e-01 4.588272985074626775e-01 3.552785016084266112e-01 4.585873579122624055e-01 3.931951849570483604e-01 0.000000000000000000e+00 4.458696292134831651e-01 4.492916210039960001e-01 4.066187070885319832e-01 0.000000000000000000e+00 4.410170957446809537e-01 4.576063020833333606e-01 4.339261279414859951e-01 0.000000000000000000e+00 4.256205838649927964e-01 4.770045555555556538e-01 4.473750705835674579e-01 0.000000000000000000e+00 4.225867001495800523e-01 4.395567635135135265e-01 4.491125779884194147e-01 4.748245147058823279e-01 4.477754603242251608e-01 4.214466003347427936e-01 4.563823242652998990e-01 0.000000000000000000e+00 4.359062471977928066e-01 0.000000000000000000e+00 4.777580862637362813e-01 0.000000000000000000e+00 4.930025152351005802e-01 0.000000000000000000e+00 4.369635112802138788e-01 0.000000000000000000e+00 4.212568306618932890e-01 0.000000000000000000e+00 4.274348284774026618e-01 0.000000000000000000e+00 4.062575392156863030e-01 0.000000000000000000e+00 4.033720437138305082e-01 0.000000000000000000e+00 0.000000000000000000e+00 0.000000000000000000e+00 0.000000000000000000e+00 0.000000000000000000e+00 4.214196170212765602e-01
3.217935010685588626e-01 4.751554088613433868e-01 2.671362065487573600e-01 4.309683300473369783e-01 1.796841164887875986e-01 4.430931261396348075e-01 3.107790154593620957e-01 4.147283485836913419e-01 2.897676167131756908e-01 4.155295956043955630e-01 3.732433006630235250e-01 4.288306893857101731e-01 3.479171494806761467e-01 4.041781677826095653e-01 3.221287163696669453e-01 3.952121830985915185e-01 3.935208613633111585e-01 4.566240682896637315e-01 3.292151468565830408e-01 4.982398433750505062e-01 0.000000000000000000e+00 0.000000000000000000e+00 2.687021353016313396e-01 4.078058605357753330e-01 0.000000000000000000e+00 4.011422034619741561e-01 0.000000000000000000e+00 0.000000000000000000e+00 3.535207516810294215e-01 3.776066825396825477e-01 3.625533342759226230e-01 4.009514767475059194e-01 4.165664601443834769e-01 4.691360772451721450e-01 4.538259528301886725e-01 0.000000000000000000e+00 4.516794237004563839e-01 4.334993823529411094e-01 4.390316344086021560e-01 0.000000000000000000e+00 3.569632989690721403e-01 0.000000000000000000e+00 4.539744606172063657e-01 0.000000000000000000e+00 4.538568766444156521e-01 0.000000000000000000e+00 0.000000000000000000e+00 0.000000000000000000e+00 4.265818357610539069e-01 0.000000000000000000e+00 4.259594159777253530e-01 0.000000000000000000e+00 4.548012599282613144e-01 0.000000000000000000e+00 4.475181553208691931e-01 0.000000000000000000e+00 4.073506475685683692e-01 4.980037842336407228e-01 4.409351580099527546e-01 4.937069110302814146e-01 4.230208471494074085e-01 0.000000000000000000e+00 0.000000000000000000e+00 0.000000000000000000e+00 3.932156440148563137e-01 0.000000000000000000e+00 4.432171757066508122e-01 4.946923066849030493e-01 3.900032979876406625e-01 0.000000000000000000e+00 3.389917710516944238e-01 4.570447765558016129e-01 3.606571351339205589e-01 4.400085740144513147e-01 3.446946793621374905e-01 4.161957386363636657e-01 4.060711264303620838e-01 0.000000000000000000e+00 4.141447470508931028e-01 0.000000000000000000e+00 3.852875940610249739e-01 0.000000000000000000e+00 4.280748356164383872e-01 0.000000000000000000e+00 4.125682431776216408e-01 0.000000000000000000e+00 0.000000000000000000e+00 0.000000000000000000e+00 4.149605429986638061e-01 5.444991854586409552e-01 4.440428224227422893e-01 4.505935812338121016e-01 4.439268115380834989e-01 4.462304757129735844e-01 4.596651104183078207e-01 4.568495357665228740e-01 0.000000000000000000e+00 4.370798561151078565e-01 4.571276725663717122e-01 0.000000000000000000e+00 4.306681213656928797e-01 0.000000000000000000e+00 4.328946309207719056e-01 0.000000000000000000e+00 4.325502054761905524e-01 4.447816754385965354e-01 4.880361743119265849e-01 0.000000000000000000e+00 0.000000000000000000e+00 4.217425648464322996e-01 0.000000000000000000e+00 0.000000000000000000e+00 0.000000000000000000e+00 0.000000000000000000e+00 0.000000000000000000e+00 0.000000000000000000e+00
4.865695134385750742e-01 3.176600014065995015e-01 4.309683300473369783e-01 2.690810945947160748e-01 4.074306621731708100e-01 2.461248337463243507e-01 4.152833259678071487e-01 3.054478340158832128e-01 4.046902587477143598e-01 2.972511392104121852e-01 4.352774907701637552e-01 3.773595124465802808e-01 4.016254752856990295e-01 3.555063930509638759e-01 4.077310212949444290e-01 3.217469763038837693e-01 4.436560451783312375e-01 3.945952320424261361e-01 4.742893945654066412e-01 2.958519406246123418e-01 0.000000000000000000e+00 3.953155490196078037e-01 4.158464580617274309e-01 2.858999667567316827e-01 4.526425296281919031e-01 3.465225659722222518e-01 4.503130232989690507e-01 3.415189223635399784e-01 4.193287547159387785e-01 3.696330674273442529e-01 3.972790136428184793e-01 3.349582745129142114e-01 4.588361960457276734e-01 3.933006772596162048e-01 0.000000000000000000e+00 4.176003799334694899e-01 0.000000000000000000e+00 4.890322944629574842e-01 0.000000000000000000e+00 4.999373579002681645e-01 0.000000000000000000e+00 3.948773506493506447e-01 0.000000000000000000e+00 4.305208155319775742e-01 0.000000000000000000e+00 4.320285209083706279e-01 0.000000000000000000e+00 4.442503611111111583e-01 0.000000000000000000e+00 4.329860542463235817e-01 0.000000000000000000e+00 4.257384967228977080e-01 0.000000000000000000e+00 3.916540431571102210e-01 0.000000000000000000e+00 4.084848343603916243e-01 4.805518252100635657e-01 4.010994253323617031e-01 5.090004117647058957e-01 4.464278128182848082e-01 0.000000000000000000e+00 4.056146972487679192e-01 0.000000000000000000e+00 4.285398316885156156e-01 4.534147499999999775e-01 4.152183943986749171e-01 4.766351452479885009e-01 4.358105767350176074e-01 5.033762435445842121e-01 3.978508473358394193e-01 3.937709823250686303e-01 3.498683313211770618e-01 4.311239603679325461e-01 3.786685034054388943e-01 0.000000000000000000e+00 4.020142113185699029e-01 4.306215267110758416e-01 4.046158419400512907e-01 0.000000000000000000e+00 0.000000000000000000e+00 0.000000000000000000e+00 3.780566133573564080e-01 0.000000000000000000e+00 0.000000000000000000e+00 5.028738142857143156e-01 4.047840471476576996e-01 0.000000000000000000e+00 4.110911560842070989e-01 0.000000000000000000e+00 3.954758924420724853e-01 4.463486933629905451e-01 4.356963323087170714e-01 4.389372656677918982e-01 4.280115072258987019e-01 0.000000000000000000e+00 4.432439794836794400e-01 0.000000000000000000e+00 4.670756203948172591e-01 0.000000000000000000e+00 5.085615575221239526e-01 3.964206461538461457e-01 4.155786535433070306e-01 0.000000000000000000e+00 4.206015275954107513e-01 4.460705363636363607e-01 4.323133606907535453e-01 0.000000000000000000e+00 4.610275049504950484e-01 0.000000000000000000e+00 4.434578205401257800e-01 0.000000000000000000e+00 0.000000000000000000e+00 0.000000000000000000e+00 0.000000000000000000e+00 0.000000000000000000e+00 0.000000000000000000e+00
3.061346659517973912e-01 0.000000000000000000e+00 1.796841164887875986e-01 4.074306621731708100e-01 1.731813217993348197e-01 4.367039087581026657e-01 2.996799491136821203e-01 4.256399367088608554e-01 2.140127648672984773e-01 4.152969601910810327e-01 2.980751403923087017e-01 0.000000000000000000e+00 3.150091048307309127e-01 0.000000000000000000e+00 3.218990016678347499e-01 4.015116617305458657e-01 3.045797034883720444e-01 0.000000000000000000e+00 3.966389619693396207e-01 0.000000000000000000e+00 2.900041777466499382e-01 4.409163654237023833e-01 2.493893384007441483e-01 4.294198950849467122e-01 1.903698599861198548e-01 4.463173735300237643e-01 2.389661905072801851e-01 0.000000000000000000e+00 3.377812890635216725e-01 0.000000000000000000e+00 3.812584521742061749e-01 3.852157388278571459e-01 0.000000000000000000e+00 0.000000000000000000e+00 0.000000000000000000e+00 0.000000000000000000e+00 4.255632056380654338e-01 0.000000000000000000e+00 4.395153281273240231e-01 0.000000000000000000e+00 3.975424097784361344e-01 0.000000000000000000e+00 4.806515992990383346e-01 0.000000000000000000e+00 0.000000000000000000e+00 0.000000000000000000e+00 4.643979557570087624e-01 0.000000000000000000e+00 4.753670821917808098e-01 0.000000000000000000e+00 4.421651662709029651e-01 0.000000000000000000e+00 0.000000000000000000e+00 0.000000000000000000e+00 0.000000000000000000e+00 0.000000000000000000e+00 0.000000000000000000e+00 0.000000000000000000e+00 0.000000000000000000e+00 0.000000000000000000e+00 0.000000000000000000e+00 0.000000000000000000e+00 3.544629421487602849e-01 0.000000000000000000e+00 3.517601404187085667e-01 0.000000000000000000e+00 0.000000000000000000e+00 0.000000000000000000e+00 0.000000000000000000e+00 0.000000000000000000e+00 3.323805007369167175e-01 4.728746475890415746e-01 3.409790882847132387e-01 0.000000000000000000e+00 0.000000000000000000e+00 0.000000000000000000e+00 3.562350748237472775e-01 0.000000000000000000e+00 0.000000000000000000e+00 0.000000000000000000e+00 3.266693233134920216e-01 0.000000000000000000e+00 0.000000000000000000e+00 0.000000000000000000e+00 3.797323451804642258e-01 0.000000000000000000e+00 4.097818332401977348e-01 0.000000000000000000e+00 3.942462161267051290e-01 0.000000000000000000e+00 0.000000000000000000e+00 0.000000000000000000e+00 0.000000000000000000e+00 0.000000000000000000e+00 0.000000000000000000e+00 0.000000000000000000e+00 0.000000000000000000e+00 0.000000000000000000e+00 0.000000000000000000e+00 0.000000000000000000e+00 0.000000000000000000e+00 0.000000000000000000e+00 0.000000000000000000e+00 0.000000000000000000e+00 0.000000000000000000e+00 0.000000000000000000e+00 0.000000000000000000e+00 0.000000000000000000e+00 0.000000000000000000e+00 0.000000000000000000e+00 0.000000000000000000e+00 0.000000000000000000e+00 0.000000000000000000e+00 0.000000000000000000e+00 0.000000000000000000e+00 0.000000000000000000e+00
0.000000000000000000e+00 3.460462238805970259e-01 4.430931261396348075e-01 2.461248337463243507e-01 4.367039087581026657e-01 1.931677146857571636e-01 0.000000000000000000e+00 2.910772812499999862e-01 4.264578779906139094e-01 2.126980432496129447e-01 0.000000000000000000e+00 3.654271891891891499e-01 4.195305179891228309e-01 3.296275235068556464e-01 4.394230195240276249e-01 2.675139888061259796e-01 0.000000000000000000e+00 0.000000000000000000e+00 0.000000000000000000e+00 3.608050369422494130e-01 0.000000000000000000e+00 3.412416833242310488e-01 4.367531828447753783e-01 3.323652056576607006e-01 4.183432702702702954e-01 2.044660198093523340e-01 4.431950537499999565e-01 2.186466090341010748e-01 0.000000000000000000e+00 3.426817817336132999e-01 4.010609028401926346e-01 3.499991683513959395e-01 0.000000000000000000e+00 3.727586022901686613e-01 0.000000000000000000e+00 0.000000000000000000e+00 0.000000000000000000e+00 0.000000000000000000e+00 0.000000000000000000e+00 4.260620746268656278e-01 0.000000000000000000e+00 0.000000000000000000e+00 0.000000000000000000e+00 0.000000000000000000e+00 0.000000000000000000e+00 0.000000000000000000e+00 0.000000000000000000e+00 0.000000000000000000e+00 0.000000000000000000e+00 0.000000000000000000e+00 0.000000000000000000e+00 0.000000000000000000e+00 0.000000000000000000e+00 0.000000000000000000e+00 0.000000000000000000e+00 0.000000000000000000e+00 0.000000000000000000e+00 0.000000000000000000e+00 0.000000000000000000e+00 0.000000000000000000e+00 0.000000000000000000e+00 0.000000000000000000e+00 0.000000000000000000e+00 0.000000000000000000e+00 0.000000000000000000e+00 0.000000000000000000e+00 0.000000000000000000e+00 4.131650000000000045e-01 0.000000000000000000e+00 0.000000000000000000e+00 4.717040046078730953e-01 3.089247445546577930e-01 3.584256452941176896e-01 3.367317782221870837e-01 0.000000000000000000e+00 3.707485652173912460e-01 0.000000000000000000e+00 3.726436010849818459e-01 0.000000000000000000e+00 0.000000000000000000e+00 0.000000000000000000e+00 0.000000000000000000e+00 0.000000000000000000e+00 2.027139166666666603e-01 0.000000000000000000e+00 0.000000000000000000e+00 0.000000000000000000e+00 0.000000000000000000e+00 0.000000000000000000e+00 0.000000000000000000e+00 0.000000000000000000e+00 0.000000000000000000e+00 0.000000000000000000e+00 4.033406148648648326e-01 0.000000000000000000e+00 0.000000000000000000e+00 0.000000000000000000e+00 0.000000000000000000e+00 0.000000000000000000e+00 0.000000000000000000e+00 0.000000000000000000e+00 0.000000000000000000e+00 0.000000000000000000e+00 0.000000000000000000e+00 0.000000000000000000e+00 0.000000000000000000e+00 0.000000000000000000e+00 0.000000000000000000e+00 0.000000000000000000e+00 0.000000000000000000e+00 0.000000000000000000e+00 0.000000000000000000e+00 0.000000000000000000e+00 0.000000000000000000e+00 0.000000000000000000e+00 0.000000000000000000e+00
3.128056093581142449e-01 4.513995098599525302e-01 3.107790154593620957e-01 4.152833259678071487e-01 2.996799491136821203e-01 0.000000000000000000e+00 2.700332734038148330e-01 4.146934300128596318e-01 2.852693676007482249e-01 0.000000000000000000e+00 3.515468795240250799e-01 4.120156923220515965e-01 2.748514726595953084e-01 3.877977790686719106e-01 3.384384499541936431e-01 0.000000000000000000e+00 3.728174163384297968e-01 4.506752435897437015e-01 3.808670606881707221e-01 4.639198631978171949e-01 0.000000000000000000e+00 0.000000000000000000e+00 3.505324421908424526e-01 4.042302722481356803e-01 0.000000000000000000e+00 4.374822209962169195e-01 0.000000000000000000e+00 0.000000000000000000e+00 3.491325607169064038e-01 4.262335508666539874e-01 3.527437613837738350e-01 3.931837966824507369e-01 3.599114633472418889e-01 4.504949808068738348e-01 0.000000000000000000e+00 0.000000000000000000e+00 4.548421032618978899e-01 4.076239097744360218e-01 0.000000000000000000e+00 0.000000000000000000e+00 0.000000000000000000e+00 0.000000000000000000e+00 4.429971347137014459e-01 0.000000000000000000e+00 0.000000000000000000e+00 0.000000000000000000e+00 0.000000000000000000e+00 0.000000000000000000e+00 4.257405126385848115e-01 0.000000000000000000e+00 4.001687775852453277e-01 0.000000000000000000e+00 0.000000000000000000e+00 0.000000000000000000e+00 4.242831763749158602e-01 0.000000000000000000e+00 3.811777961194742770e-01 0.000000000000000000e+00 3.952219411826720097e-01 0.000000000000000000e+00 3.791620994921916510e-01 0.000000000000000000e+00 3.989892972067246024e-01 0.000000000000000000e+00 4.058490985332503520e-01 0.000000000000000000e+00 4.262488377810361717e-01 4.726751725651479052e-01 0.000000000000000000e+00 0.000000000000000000e+00 3.124029350004579597e-01 4.629806319976545459e-01 3.491486953943944704e-01 4.135052207480524045e-01 3.375018139534883832e-01 0.000000000000000000e+00 3.815922280495368524e-01 4.147327647038213105e-01 4.053600972222222154e-01 0.000000000000000000e+00 3.940941125026477532e-01 0.000000000000000000e+00 0.000000000000000000e+00 0.000000000000000000e+00 4.234085079633289062e-01 4.209295899280575681e-01 4.160548586684070238e-01 0.000000000000000000e+00 4.369273808410556459e-01 0.000000000000000000e+00 4.471325789698162856e-01 0.000000000000000000e+00 3.898480135658914936e-01 0.000000000000000000e+00 4.674333607244607336e-01 4.658300246913580911e-01 0.000000000000000000e+00 0.000000000000000000e+00 0.000000000000000000e+00 0.000000000000000000e+00 0.000000000000000000e+00 0.000000000000000000e+00 4.274756060606060282e-01 0.000000000000000000e+00 0.000000000000000000e+00 0.000000000000000000e+00 4.075486851851851666e-01 0.000000000000000000e+00 4.268923563218390838e-01 3.927357228915662746e-01 0.000000000000000000e+00 4.445364748201438010e-01 0.000000000000000000e+00 0.000000000000000000e+00 0.000000000000000000e+00 0.000000000000000000e+00
4.616510836764974868e-01 3.006402934377162550e-01 4.147283485836913419e-01 3.054478340158832128e-01 4.256399367088608554e-01 2.910772812499999862e-01 4.146934300128596318e-01 2.632846652195842685e-01 4.207111948051948103e-01 2.237419187487469929e-01 4.250732555502988452e-01 3.534180501530241880e-01 3.979741990201092761e-01 2.940370586605077219e-01 4.133372329097367293e-01 2.668009017058483034e-01 4.284829794563893013e-01 3.759236537271574696e-01 4.538477544863609991e-01 3.736222293438984376e-01 0.000000000000000000e+00 0.000000000000000000e+00 4.035896774588950686e-01 3.482877370249765625e-01 0.000000000000000000e+00 4.452021319444444125e-01 0.000000000000000000e+00 0.000000000000000000e+00 4.009470961117485022e-01 3.596934749774511886e-01 4.054988540485341408e-01 3.509828273015079270e-01 4.409006273021063849e-01 3.932569870698011671e-01 0.000000000000000000e+00 4.613461914893617899e-01 0.000000000000000000e+00 4.496128091144901417e-01 0.000000000000000000e+00 4.516502982456140347e-01 0.000000000000000000e+00 4.167607941176470487e-01 4.449021503267974187e-01 3.882694180638120440e-01 0.000000000000000000e+00 3.967566710408613195e-01 0.000000000000000000e+00 4.099150879120879165e-01 0.000000000000000000e+00 4.095554281369228056e-01 0.000000000000000000e+00 3.804697838941468735e-01 0.000000000000000000e+00 3.996135540100250183e-01 0.000000000000000000e+00 4.020782603049771198e-01 4.306993270440252486e-01 3.756839442319216404e-01 0.000000000000000000e+00 4.355192036599108696e-01 0.000000000000000000e+00 3.757060257176915719e-01 0.000000000000000000e+00 3.975269911818964941e-01 0.000000000000000000e+00 3.786763832870515545e-01 5.202080406608818874e-01 4.333468630165367430e-01 5.021020362100200307e-01 4.088524653684392218e-01 4.026210929386533355e-01 3.129661044205192533e-01 4.170396867957727460e-01 3.602844033557125458e-01 0.000000000000000000e+00 3.858423589032229928e-01 4.182884955188636567e-01 3.755477405009167158e-01 0.000000000000000000e+00 0.000000000000000000e+00 0.000000000000000000e+00 4.060056414064693864e-01 0.000000000000000000e+00 3.573402006289307931e-01 0.000000000000000000e+00 4.003443387281852006e-01 0.000000000000000000e+00 4.444269915254237535e-01 0.000000000000000000e+00 4.023658539797243527e-01 4.654784252199414274e-01 4.168521786228661097e-01 4.085464475524476224e-01 3.709929323308270299e-01 4.027184132231405034e-01 4.263425291224014479e-01 0.000000000000000000e+00 0.000000000000000000e+00 0.000000000000000000e+00 0.000000000000000000e+00 4.366546363636363837e-01 0.000000000000000000e+00 0.000000000000000000e+00 4.117217115128185001e-01 0.000000000000000000e+00 3.841086223899858321e-01 4.112646476190476297e-01 0.000000000000000000e+00 0.000000000000000000e+00 0.000000000000000000e+00 0.000000000000000000e+00 0.000000000000000000e+00 0.000000000000000000e+00 0.000000000000000000e+00 0.000000000000000000e+00 0.000000000000000000e+00
3.133912613004823378e-01 0.000000000000000000e+00 2.897676167131756908e-01 4.046902587477143598e-01 2.140127648672984773e-01 4.264578779906139094e-01 2.852693676007482249e-01 4.207111948051948103e-01 2.521678186190556836e-01 4.445488578569218863e-01 3.253511940188658635e-01 0.000000000000000000e+00 2.673565950615009457e-01 0.000000000000000000e+00 2.801361984248791903e-01 0.000000000000000000e+00 3.639636359573074076e-01 0.000000000000000000e+00 3.590945795481668146e-01 0.000000000000000000e+00 3.526279575239084640e-01 4.451650882352941041e-01 3.245100729850710630e-01 4.419710512051599482e-01 2.115047826491824878e-01 4.207791445446901757e-01 2.635921223443223327e-01 0.000000000000000000e+00 3.491934170518699032e-01 0.000000000000000000e+00 3.749352305168299759e-01 4.023541493193441565e-01 0.000000000000000000e+00 4.495046750000000202e-01 0.000000000000000000e+00 0.000000000000000000e+00 4.415137462686566927e-01 0.000000000000000000e+00 0.000000000000000000e+00 0.000000000000000000e+00 3.865498025052462872e-01 0.000000000000000000e+00 4.870231363636363664e-01 0.000000000000000000e+00 0.000000000000000000e+00 0.000000000000000000e+00 0.000000000000000000e+00 0.000000000000000000e+00 0.000000000000000000e+00 0.000000000000000000e+00 3.455419090255303916e-01 0.000000000000000000e+00 0.000000000000000000e+00 0.000000000000000000e+00 4.478318899999999547e-01 0.000000000000000000e+00 3.795971805273513078e-01 0.000000000000000000e+00 0.000000000000000000e+00 0.000000000000000000e+00 3.892099079266611583e-01 0.000000000000000000e+00 0.000000000000000000e+00 0.000000000000000000e+00 3.925745377358490495e-01 0.000000000000000000e+00 0.000000000000000000e+00 5.302504424242423520e-01 0.000000000000000000e+00 0.000000000000000000e+00 3.303157376802046685e-01 4.516380827028709799e-01 3.380585768715019812e-01 0.000000000000000000e+00 0.000000000000000000e+00 0.000000000000000000e+00 3.502229380546564852e-01 0.000000000000000000e+00 0.000000000000000000e+00 0.000000000000000000e+00 3.805669888409275448e-01 0.000000000000000000e+00 3.614822698412699098e-01 0.000000000000000000e+00 3.823767948579748222e-01 0.000000000000000000e+00 3.813863684210526683e-01 0.000000000000000000e+00 4.072817070830165309e-01 0.000000000000000000e+00 0.000000000000000000e+00 0.000000000000000000e+00 0.000000000000000000e+00 0.000000000000000000e+00 0.000000000000000000e+00 0.000000000000000000e+00 0.000000000000000000e+00 0.000000000000000000e+00 0.000000000000000000e+00 0.000000000000000000e+00 0.000000000000000000e+00 0.000000000000000000e+00 0.000000000000000000e+00 0.000000000000000000e+00 0.000000000000000000e+00 0.000000000000000000e+00 0.000000000000000000e+00 0.000000000000000000e+00 0.000000000000000000e+00 0.000000000000000000e+00 0.000000000000000000e+00 0.000000000000000000e+00 0.000000000000000000e+00 0.000000000000000000e+00 0.000000000000000000e+00 0.000000000000000000e+00
0.000000000000000000e+00 3.589525967649974114e-01 4.155295956043955630e-01 2.972511392104121852e-01 4.152969601910810327e-01 2.126980432496129447e-01 0.000000000000000000e+00 2.237419187487469929e-01 4.445488578569218863e-01 2.122234571930714797e-01 0.000000000000000000e+00 3.585667462638723602e-01 0.000000000000000000e+00 3.150522266713171593e-01 4.313163718279570125e-01 2.806489990467139761e-01 0.000000000000000000e+00 4.130704335551568795e-01 4.162479110537058435e-01 3.569990711323191568e-01 4.200853068181817362e-01 3.583325336412946371e-01 4.258994326964681276e-01 3.225061396458531182e-01 4.601484024308546417e-01 1.687640200650332156e-01 4.243473913043478429e-01 1.446466699863293293e-01 0.000000000000000000e+00 3.493275207075252631e-01 3.944498121456679329e-01 3.501355538877907181e-01 0.000000000000000000e+00 3.932309436495445287e-01 0.000000000000000000e+00 0.000000000000000000e+00 0.000000000000000000e+00 0.000000000000000000e+00 0.000000000000000000e+00 0.000000000000000000e+00 0.000000000000000000e+00 0.000000000000000000e+00 0.000000000000000000e+00 0.000000000000000000e+00 0.000000000000000000e+00 0.000000000000000000e+00 0.000000000000000000e+00 0.000000000000000000e+00 0.000000000000000000e+00 0.000000000000000000e+00 0.000000000000000000e+00 4.724762396694215383e-01 0.000000000000000000e+00 0.000000000000000000e+00 0.000000000000000000e+00 0.000000000000000000e+00 0.000000000000000000e+00 0.000000000000000000e+00 0.000000000000000000e+00 0.000000000000000000e+00 0.000000000000000000e+00 0.000000000000000000e+00 0.000000000000000000e+00 0.000000000000000000e+00 0.000000000000000000e+00 0.000000000000000000e+00 0.000000000000000000e+00 0.000000000000000000e+00 0.000000000000000000e+00 4.554733812949640082e-01 0.000000000000000000e+00 3.177420160587360876e-01 0.000000000000000000e+00 3.511168313943903718e-01 0.000000000000000000e+00 3.589617555555555950e-01 0.000000000000000000e+00 3.490565850924631786e-01 0.000000000000000000e+00 0.000000000000000000e+00 0.000000000000000000e+00 0.000000000000000000e+00 0.000000000000000000e+00 0.000000000000000000e+00 0.000000000000000000e+00 3.990788294573643369e-01 0.000000000000000000e+00 0.000000000000000000e+00 0.000000000000000000e+00 0.000000000000000000e+00 0.000000000000000000e+00 0.000000000000000000e+00 0.000000000000000000e+00 0.000000000000000000e+00 0.000000000000000000e+00 0.000000000000000000e+00 0.000000000000000000e+00 0.000000000000000000e+00 0.000000000000000000e+00 0.000000000000000000e+00 0.000000000000000000e+00 0.000000000000000000e+00 0.000000000000000000e+00 0.000000000000000000e+00 0.000000000000000000e+00 0.000000000000000000e+00 0.000000000000000000e+00 0.000000000000000000e+00 0.000000000000000000e+00 0.000000000000000000e+00 0.000000000000000000e+00 0.000000000000000000e+00 0.000000000000000000e+00 0.000000000000000000e+00 0.000000000000000000e+00 0.000000000000000000e+00
2.468220444739717689e-01 4.634236171073626842e-01 3.732433006630235250e-01 4.352774907701637552e-01 2.980751403923087017e-01 0.000000000000000000e+00 3.515468795240250799e-01 4.250732555502988452e-01 3.253511940188658635e-01 0.000000000000000000e+00 2.833199837647310537e-01 0.000000000000000000e+00 2.821001772566399945e-01 0.000000000000000000e+00 3.632614663334131633e-01 0.000000000000000000e+00 3.425660414674730481e-01 4.472276867469879291e-01 4.108415646742424876e-01 4.552732043521808269e-01 0.000000000000000000e+00 0.000000000000000000e+00 3.905719720193148725e-01 4.263984063607261787e-01 0.000000000000000000e+00 0.000000000000000000e+00 0.000000000000000000e+00 0.000000000000000000e+00 3.686872948004518147e-01 0.000000000000000000e+00 3.820089892105544283e-01 0.000000000000000000e+00 4.002191627271009522e-01 4.400208794261294409e-01 0.000000000000000000e+00 0.000000000000000000e+00 4.261336268665519289e-01 0.000000000000000000e+00 0.000000000000000000e+00 0.000000000000000000e+00 0.000000000000000000e+00 0.000000000000000000e+00 0.000000000000000000e+00 0.000000000000000000e+00 0.000000000000000000e+00 0.000000000000000000e+00 0.000000000000000000e+00 0.000000000000000000e+00 0.000000000000000000e+00 0.000000000000000000e+00 4.087350098876084692e-01 4.763439999999999896e-01 0.000000000000000000e+00 0.000000000000000000e+00 0.000000000000000000e+00 0.000000000000000000e+00 3.819115945186077887e-01 0.000000000000000000e+00 4.076179776769694452e-01 4.800786403508771616e-01 3.914086529840699602e-01 0.000000000000000000e+00 4.127181992559524337e-01 0.000000000000000000e+00 4.050028645180849818e-01 0.000000000000000000e+00 4.435710102040816838e-01 0.000000000000000000e+00 0.000000000000000000e+00 0.000000000000000000e+00 3.425529172537242761e-01 0.000000000000000000e+00 3.578797656021679985e-01 0.000000000000000000e+00 2.929056086956521865e-01 0.000000000000000000e+00 4.144632372632016115e-01 0.000000000000000000e+00 0.000000000000000000e+00 0.000000000000000000e+00 4.120693838531217512e-01 0.000000000000000000e+00 0.000000000000000000e+00 0.000000000000000000e+00 4.275935805668816259e-01 0.000000000000000000e+00 0.000000000000000000e+00 0.000000000000000000e+00 4.434531424517644815e-01 0.000000000000000000e+00 0.000000000000000000e+00 0.000000000000000000e+00 0.000000000000000000e+00 0.000000000000000000e+00 5.084361184210526297e-01 0.000000000000000000e+00 0.000000000000000000e+00 0.000000000000000000e+00 0.000000000000000000e+00 0.000000000000000000e+00 0.000000000000000000e+00 0.000000000000000000e+00 0.000000000000000000e+00 0.000000000000000000e+00 0.000000000000000000e+00 0.000000000000000000e+00 0.000000000000000000e+00 0.000000000000000000e+00 0.000000000000000000e+00 0.000000000000000000e+00 0.000000000000000000e+00 0.000000000000000000e+00 0.000000000000000000e+00 0.000000000000000000e+00 0.000000000000000000e+00 0.000000000000000000e+00
4.597892289156625956e-01 3.240441410504847908e-01 4.288306893857101731e-01 3.773595124465802808e-01 0.000000000000000000e+00 3.654271891891891499e-01 4.120156923220515965e-01 3.534180501530241880e-01 0.000000000000000000e+00 3.585667462638723602e-01 0.000000000000000000e+00 2.867695302803452417e-01 4.068777326044869525e-01 2.925754766705849774e-01 0.000000000000000000e+00 3.734151208297409874e-01 0.000000000000000000e+00 3.398456186369523402e-01 4.391425847069514443e-01 3.986748903546131761e-01 0.000000000000000000e+00 0.000000000000000000e+00 4.103888440260364256e-01 3.896897011992070947e-01 0.000000000000000000e+00 0.000000000000000000e+00 0.000000000000000000e+00 0.000000000000000000e+00 3.922994576271186529e-01 3.721839022827476695e-01 3.823042736007457587e-01 3.609522808165016583e-01 4.304046184457465674e-01 3.849230585489303857e-01 0.000000000000000000e+00 0.000000000000000000e+00 0.000000000000000000e+00 4.147588583061539436e-01 0.000000000000000000e+00 5.055883064516127900e-01 0.000000000000000000e+00 0.000000000000000000e+00 0.000000000000000000e+00 4.796109932885906368e-01 0.000000000000000000e+00 4.238641356338960220e-01 0.000000000000000000e+00 0.000000000000000000e+00 0.000000000000000000e+00 4.282749280125726088e-01 0.000000000000000000e+00 4.129216198698698603e-01 0.000000000000000000e+00 0.000000000000000000e+00 0.000000000000000000e+00 0.000000000000000000e+00 4.590405294117645973e-01 3.767187987444767239e-01 0.000000000000000000e+00 3.905990702110936352e-01 0.000000000000000000e+00 4.129949651927225518e-01 0.000000000000000000e+00 4.151116004433008100e-01 0.000000000000000000e+00 3.991363825006020716e-01 0.000000000000000000e+00 4.066325003071338262e-01 5.310125140186915393e-01 4.296752492626602637e-01 0.000000000000000000e+00 3.231550382035842106e-01 3.959381791182836619e-01 3.739998091528166646e-01 0.000000000000000000e+00 0.000000000000000000e+00 4.156122595273679110e-01 4.135785260337568325e-01 0.000000000000000000e+00 0.000000000000000000e+00 0.000000000000000000e+00 4.288210012803748139e-01 0.000000000000000000e+00 3.047399983660130651e-01 0.000000000000000000e+00 4.327930103456240629e-01 0.000000000000000000e+00 4.100195880412582095e-01 0.000000000000000000e+00 4.350204320803974789e-01 0.000000000000000000e+00 0.000000000000000000e+00 0.000000000000000000e+00 0.000000000000000000e+00 0.000000000000000000e+00 4.665714049019607512e-01 0.000000000000000000e+00 0.000000000000000000e+00 0.000000000000000000e+00 4.488449259259258972e-01 0.000000000000000000e+00 0.000000000000000000e+00 4.713734251968503819e-01 4.176067391304347787e-01 0.000000000000000000e+00 4.600589429584599488e-01 0.000000000000000000e+00 0.000000000000000000e+00 0.000000000000000000e+00 0.000000000000000000e+00 0.000000000000000000e+00 0.000000000000000000e+00 0.000000000000000000e+00 0.000000000000000000e+00 0.000000000000000000e+00 0.000000000000000000e+00
3.417718124061800422e-01 0.000000000000000000e+00 3.479171494806761467e-01 4.016254752856990295e-01 3.150091048307309127e-01 4.195305179891228309e-01 2.748514726595953084e-01 3.979741990201092761e-01 2.673565950615009457e-01 0.000000000000000000e+00 2.821001772566399945e-01 4.068777326044869525e-01 2.613084665118033945e-01 3.908736637659527280e-01 2.427240253979650597e-01 4.017569425287356721e-01 3.920550069690454387e-01 0.000000000000000000e+00 3.984759760986948951e-01 4.056417665759525226e-01 0.000000000000000000e+00 0.000000000000000000e+00 3.557892381290073125e-01 4.003747981956670698e-01 0.000000000000000000e+00 0.000000000000000000e+00 0.000000000000000000e+00 0.000000000000000000e+00 3.475229646728025812e-01 4.067077848101266491e-01 3.541366603262709467e-01 4.008405405400342625e-01 3.942820115448688600e-01 4.008273916006790949e-01 0.000000000000000000e+00 0.000000000000000000e+00 4.414494765806806220e-01 0.000000000000000000e+00 3.915745526315789760e-01 0.000000000000000000e+00 3.955513488889036422e-01 0.000000000000000000e+00 4.649574834437086857e-01 0.000000000000000000e+00 0.000000000000000000e+00 0.000000000000000000e+00 4.797275982638888880e-01 0.000000000000000000e+00 3.972214998482018200e-01 0.000000000000000000e+00 4.095310599681524222e-01 0.000000000000000000e+00 0.000000000000000000e+00 0.000000000000000000e+00 0.000000000000000000e+00 0.000000000000000000e+00 4.030026253896038524e-01 0.000000000000000000e+00 4.052472847660837374e-01 4.910309763779527326e-01 3.973367815414051152e-01 0.000000000000000000e+00 3.891021123571776208e-01 0.000000000000000000e+00 4.053902582778014518e-01 0.000000000000000000e+00 4.093981425585284661e-01 0.000000000000000000e+00 4.288213384776712322e-01 0.000000000000000000e+00 3.188949630214047981e-01 0.000000000000000000e+00 3.712647091222899265e-01 3.803865639247026587e-01 0.000000000000000000e+00 0.000000000000000000e+00 3.745190730062707418e-01 4.080551380320540655e-01 3.701672993665894862e-01 0.000000000000000000e+00 3.808540303715320929e-01 0.000000000000000000e+00 4.183086792452829772e-01 0.000000000000000000e+00 4.122439040413075628e-01 0.000000000000000000e+00 4.293938862225102904e-01 0.000000000000000000e+00 4.271639952439517107e-01 0.000000000000000000e+00 0.000000000000000000e+00 0.000000000000000000e+00 0.000000000000000000e+00 0.000000000000000000e+00 0.000000000000000000e+00 4.400670193681988085e-01 0.000000000000000000e+00 0.000000000000000000e+00 0.000000000000000000e+00 0.000000000000000000e+00 4.288479752066114981e-01 0.000000000000000000e+00 0.000000000000000000e+00 0.000000000000000000e+00 0.000000000000000000e+00 0.000000000000000000e+00 0.000000000000000000e+00 0.000000000000000000e+00 0.000000000000000000e+00 0.000000000000000000e+00 4.158834848484848634e-01 0.000000000000000000e+00 0.000000000000000000e+00 0.000000000000000000e+00 0.000000000000000000e+00 0.000000000000000000e+00
