2.742115771290836723e-01 4.737936767277975414e-01 3.706058894393700620e-01 4.722440088973822170e-01 3.432006971996578448e-01 3.982029210526315532e-01 2.863220208380055642e-01 4.585492258617669403e-01 3.334686556349130138e-01 0.000000000000000000e+00 3.166888853644219126e-01 4.576815987579204714e-01 3.577318265472575476e-01 4.393889208285055026e-01 3.495689089966875218e-01 0.000000000000000000e+00 3.366769855197487837e-01 4.689777717501971144e-01 3.851910945408598685e-01 4.830891671964369638e-01 4.094435151515151139e-01 0.000000000000000000e+00 3.770348471835033299e-01 4.488294890731101550e-01 0.000000000000000000e+00 0.000000000000000000e+00 3.875641226415094676e-01 0.000000000000000000e+00 3.813935868894810510e-01 4.591147381451640697e-01 4.001125797672677176e-01 4.408031887412329208e-01 3.841957164391070489e-01 4.698574222387360000e-01 0.000000000000000000e+00 4.991415928571428795e-01 4.669182049901713372e-01 5.218436714779635111e-01 0.000000000000000000e+00 0.000000000000000000e+00 4.231564999999999910e-01 0.000000000000000000e+00 4.097783511368554565e-01 0.000000000000000000e+00 4.145221943052817548e-01 4.605070363636363240e-01 4.170335670103093584e-01 0.000000000000000000e+00 4.128581156717405221e-01 5.002303064256440335e-01 3.987670346981065372e-01 4.611012323943662339e-01 3.994072735121800832e-01 0.000000000000000000e+00 4.208909781153211682e-01 0.000000000000000000e+00 2.954385988015651443e-01 4.796024199092191465e-01 4.162661488198999282e-01 4.742202942583264580e-01 3.953934508085056310e-01 4.857019838709677462e-01 3.576780365337531298e-01 4.597336399977337007e-01 4.106731852188742482e-01 4.806332163141402436e-01 4.102142901548053722e-01 4.810298064373153548e-01 3.414224869522997086e-01 4.707567172844562831e-01 3.403828089786890554e-01 4.502043673162678394e-01 3.745417824334369983e-01 4.540772028958078299e-01 0.000000000000000000e+00 0.000000000000000000e+00 3.792747143055669179e-01 4.459115055612786760e-01 0.000000000000000000e+00 0.000000000000000000e+00 3.425680093837759066e-01 0.000000000000000000e+00 4.170462916666666242e-01 4.556837717391303832e-01 4.076453721032256006e-01 4.604249496402877950e-01 0.000000000000000000e+00 0.000000000000000000e+00 4.131683312105051686e-01 0.000000000000000000e+00 4.244008722348933671e-01 0.000000000000000000e+00 4.112464616700948206e-01 0.000000000000000000e+00 4.384865367525144775e-01 4.230148353522474314e-01 0.000000000000000000e+00 0.000000000000000000e+00 0.000000000000000000e+00 4.823117546069843886e-01 4.208703583247299651e-01 4.336432807017543412e-01 4.277683924628475354e-01 4.657286849315068200e-01 4.452805681735512722e-01 4.059560484972449812e-01 4.379439238532110146e-01 0.000000000000000000e+00 0.000000000000000000e+00 0.000000000000000000e+00 0.000000000000000000e+00 4.380691441441441070e-01 4.417419479166667107e-01 4.599336335403726994e-01 0.000000000000000000e+00 0.000000000000000000e+00
4.737936767277975414e-01 2.780681890824564517e-01 4.854686032160726583e-01 3.499288879622853288e-01 0.000000000000000000e+00 3.271758193718431462e-01 4.614550587018173000e-01 3.208698040004636653e-01 0.000000000000000000e+00 3.675225009482915306e-01 4.171760647772004837e-01 3.548051172217611127e-01 4.342456526315790488e-01 3.855593373797707724e-01 0.000000000000000000e+00 3.903407175200819812e-01 4.589282640523876799e-01 3.538972442993403855e-01 4.954273552648958412e-01 3.275194927462424799e-01 0.000000000000000000e+00 0.000000000000000000e+00 3.956697603235747041e-01 3.636816250000000084e-01 0.000000000000000000e+00 0.000000000000000000e+00 0.000000000000000000e+00 0.000000000000000000e+00 4.444559788211208673e-01 4.244685805842708937e-01 4.275615185921896599e-01 3.958485913823019398e-01 4.857627130678865979e-01 4.371115101004240944e-01 0.000000000000000000e+00 3.777283000000000168e-01 5.309677886940356029e-01 5.059036431783620058e-01 0.000000000000000000e+00 4.906383458014771937e-01 0.000000000000000000e+00 0.000000000000000000e+00 4.952906186440677594e-01 3.951502068822247415e-01 0.000000000000000000e+00 4.075418175638922391e-01 0.000000000000000000e+00 3.901313366336633393e-01 0.000000000000000000e+00 4.032048342205580838e-01 0.000000000000000000e+00 3.946032092364835098e-01 0.000000000000000000e+00 3.772838803377833727e-01 0.000000000000000000e+00 3.969236618425429075e-01 4.736371904257768994e-01 3.320941363028034887e-01 4.704235255609295341e-01 4.287816423892213402e-01 4.648566594140808306e-01 4.101082322831010596e-01 4.454699237288136104e-01 4.034651649349477176e-01 4.534873511450381867e-01 4.052218701498611075e-01 4.956511876614045908e-01 3.999838534205830132e-01 5.052461782986620298e-01 2.682853990353269991e-01 4.796335338232463608e-01 3.628175489272585375e-01 4.398939271593522160e-01 3.870830743100716065e-01 0.000000000000000000e+00 0.000000000000000000e+00 4.531713152321075744e-01 4.037379508979586640e-01 0.000000000000000000e+00 0.000000000000000000e+00 4.769007865168539140e-01 4.259586851255140472e-01 0.000000000000000000e+00 3.839414662002119116e-01 4.808761268656716048e-01 4.004712066068761844e-01 0.000000000000000000e+00 4.416567526251525821e-01 4.288645106382978911e-01 4.140486151841167861e-01 0.000000000000000000e+00 4.539265114232391984e-01 4.653078225200264484e-01 4.294285918969553695e-01 4.475098506311383506e-01 4.355219276582177890e-01 0.000000000000000000e+00 5.028009038163311351e-01 4.626825648447666084e-01 4.864489883622450939e-01 0.000000000000000000e+00 3.998748473282442983e-01 4.613114797145987933e-01 4.304505175632953318e-01 4.692263020296302267e-01 4.637001775327579955e-01 0.000000000000000000e+00 4.652540775862068489e-01 0.000000000000000000e+00 0.000000000000000000e+00 0.000000000000000000e+00 4.505623717649385185e-01 4.055732021978021296e-01 3.970350948275862546e-01 4.316247190469761352e-01 0.000000000000000000e+00
3.706058894393700620e-01 4.854686032160726583e-01 2.634411957013523820e-01 4.398678276501611362e-01 2.223758861568613243e-01 4.230629171631952179e-01 3.038057212868381929e-01 4.476192550117882307e-01 2.442482169147685844e-01 4.275323061492703469e-01 3.881249325809874029e-01 4.569265852824765939e-01 3.425023306678515733e-01 4.256676633789115427e-01 3.232957770990519952e-01 4.342054843942296793e-01 4.016506703990539440e-01 4.665609555206901571e-01 3.086060251623411466e-01 4.826963083442534219e-01 3.674307151521261083e-01 3.307104393939394038e-01 2.418290518972127379e-01 4.258052545455949800e-01 3.171560907545590835e-01 3.967739818440394473e-01 3.411156782628635975e-01 4.609559135802468455e-01 3.522807516728030941e-01 4.526815435627555839e-01 3.796272531348646728e-01 4.218356263546216844e-01 4.038866288503000779e-01 4.701872860370131524e-01 4.564073456474376234e-01 0.000000000000000000e+00 4.583651318207110359e-01 4.950818446601941147e-01 4.435427560778580913e-01 0.000000000000000000e+00 4.599757261904762196e-01 0.000000000000000000e+00 4.089976202012600148e-01 0.000000000000000000e+00 4.294003830143568456e-01 0.000000000000000000e+00 3.906626205087560533e-01 0.000000000000000000e+00 4.307733749160702619e-01 0.000000000000000000e+00 4.166215855779816235e-01 0.000000000000000000e+00 3.878057096153846306e-01 0.000000000000000000e+00 4.014288869150661188e-01 0.000000000000000000e+00 4.020305456639639008e-01 4.297126214285714174e-01 4.253528053651285945e-01 0.000000000000000000e+00 3.987940876612868224e-01 4.572545890410959490e-01 3.740862187478806167e-01 0.000000000000000000e+00 3.913575948451342712e-01 0.000000000000000000e+00 4.348010324950690175e-01 4.467568228933631591e-01 3.903925739768024372e-01 4.470261951966473801e-01 3.657342781928648034e-01 4.596898257701172996e-01 3.541997027828741040e-01 4.519960250497739862e-01 0.000000000000000000e+00 0.000000000000000000e+00 3.903781938576291743e-01 4.282396693593937820e-01 0.000000000000000000e+00 0.000000000000000000e+00 3.717479977768620714e-01 4.729423070512820404e-01 0.000000000000000000e+00 0.000000000000000000e+00 3.755511654816170997e-01 4.031913224242424376e-01 4.087367236842104901e-01 0.000000000000000000e+00 3.723659267125042360e-01 0.000000000000000000e+00 4.322923636363636413e-01 4.524216601924759273e-01 4.174410243310929247e-01 0.000000000000000000e+00 4.366036105998472583e-01 4.131912364906358826e-01 0.000000000000000000e+00 4.242880118181817650e-01 4.369094871027232041e-01 3.891186592592592586e-01 4.029735199344328667e-01 0.000000000000000000e+00 4.169676587446070060e-01 0.000000000000000000e+00 4.348168500566047534e-01 4.288196956398720450e-01 0.000000000000000000e+00 0.000000000000000000e+00 0.000000000000000000e+00 0.000000000000000000e+00 0.000000000000000000e+00 4.336899060188178501e-01 4.166706967213114066e-01 0.000000000000000000e+00 4.569843255365464429e-01 0.000000000000000000e+00
4.722440088973822170e-01 3.499288879622853288e-01 4.398678276501611362e-01 2.626076876585152764e-01 4.132262677319716859e-01 2.121109037817198728e-01 4.410143050123381814e-01 2.986203679932104005e-01 4.318325468579541915e-01 3.267014517201158319e-01 4.366430865344905765e-01 3.829819320481052114e-01 4.230334701922863760e-01 3.397460447437651854e-01 4.335320900219756246e-01 3.254113971311205500e-01 4.383846981886689309e-01 4.095459591221594642e-01 4.750719579523676739e-01 2.895329010589259289e-01 0.000000000000000000e+00 0.000000000000000000e+00 4.378353166053924328e-01 2.430710711675768965e-01 4.052569471388403066e-01 2.665427118531894513e-01 3.633111839080460093e-01 3.355184027452276507e-01 4.291897761435778946e-01 3.562847427746108075e-01 4.096246030494543611e-01 3.533252350976108236e-01 4.525544819780441541e-01 3.854121025319914851e-01 0.000000000000000000e+00 4.246323104069780752e-01 3.993434000000000150e-01 4.642260101776037318e-01 0.000000000000000000e+00 4.153398448706994150e-01 0.000000000000000000e+00 0.000000000000000000e+00 0.000000000000000000e+00 3.640836181561997176e-01 4.893099264705882412e-01 4.140873158767133799e-01 0.000000000000000000e+00 0.000000000000000000e+00 0.000000000000000000e+00 4.261882341587418521e-01 4.562337966507177267e-01 4.355504804153905729e-01 0.000000000000000000e+00 3.924234014529914827e-01 0.000000000000000000e+00 3.714572815944540696e-01 4.928354280378332564e-01 4.274083339141140359e-01 0.000000000000000000e+00 4.535323207991284744e-01 4.494084078580363739e-01 4.225128790865818051e-01 0.000000000000000000e+00 4.137032102060268501e-01 0.000000000000000000e+00 4.289127596740385240e-01 4.632380800665568121e-01 4.372057428755821706e-01 4.472999268700230679e-01 4.466895439146451596e-01 4.454125585079091176e-01 3.531112596136968818e-01 4.419907302061520382e-01 3.626446002320943829e-01 0.000000000000000000e+00 0.000000000000000000e+00 4.307405355018191773e-01 3.935335375022452342e-01 0.000000000000000000e+00 3.852423838383838284e-01 0.000000000000000000e+00 4.103157956645430149e-01 0.000000000000000000e+00 3.994997508988214485e-01 4.304317645263576186e-01 3.902991769932731003e-01 0.000000000000000000e+00 0.000000000000000000e+00 0.000000000000000000e+00 3.933118541474041607e-01 4.401029861111111496e-01 4.520393581115779713e-01 4.307598107807812937e-01 4.177669079324575208e-01 4.351949865410235652e-01 4.170032084331141697e-01 4.550531964285713937e-01 0.000000000000000000e+00 4.203420779725609568e-01 4.336228769108261827e-01 4.402972405063290129e-01 0.000000000000000000e+00 3.933927309355809698e-01 4.239308862806729916e-01 4.208309886557338175e-01 4.454016913635415742e-01 0.000000000000000000e+00 0.000000000000000000e+00 0.000000000000000000e+00 0.000000000000000000e+00 0.000000000000000000e+00 4.115472118055555351e-01 0.000000000000000000e+00 0.000000000000000000e+00 4.195945242099897721e-01 0.000000000000000000e+00
3.432006971996578448e-01 0.000000000000000000e+00 2.223758861568613243e-01 4.132262677319716859e-01 1.611153392295625875e-01 3.980985056676326628e-01 3.066649264466660973e-01 4.245989788344407545e-01 2.200080888803515322e-01 4.171350136445246548e-01 3.527190795024245373e-01 0.000000000000000000e+00 2.988157154919541814e-01 3.827577717391305034e-01 2.950024553822398476e-01 4.205480055596712563e-01 0.000000000000000000e+00 0.000000000000000000e+00 3.683036501429198251e-01 0.000000000000000000e+00 3.717022012193248459e-01 0.000000000000000000e+00 2.505425786095575869e-01 3.732740177030213213e-01 1.519089427822479521e-01 4.050879424707514165e-01 2.427020051745211737e-01 4.360729204225352595e-01 3.298862169208534034e-01 0.000000000000000000e+00 3.426581278669857955e-01 3.565373543625921515e-01 3.675208463104260859e-01 4.078522466666667512e-01 0.000000000000000000e+00 0.000000000000000000e+00 3.894629359999999818e-01 0.000000000000000000e+00 0.000000000000000000e+00 0.000000000000000000e+00 3.855295089285714072e-01 0.000000000000000000e+00 0.000000000000000000e+00 0.000000000000000000e+00 4.223273794594594732e-01 0.000000000000000000e+00 0.000000000000000000e+00 0.000000000000000000e+00 0.000000000000000000e+00 0.000000000000000000e+00 4.022436776286354432e-01 3.615517864583333574e-01 4.169319578512397095e-01 0.000000000000000000e+00 3.734105358418367548e-01 0.000000000000000000e+00 3.570699300871542636e-01 0.000000000000000000e+00 3.467817314414083918e-01 0.000000000000000000e+00 3.194567685185184525e-01 0.000000000000000000e+00 0.000000000000000000e+00 0.000000000000000000e+00 3.682264569456644154e-01 0.000000000000000000e+00 4.264226730770594997e-01 0.000000000000000000e+00 0.000000000000000000e+00 0.000000000000000000e+00 3.042099164603677686e-01 4.648576904172806445e-01 3.213926759895667229e-01 0.000000000000000000e+00 0.000000000000000000e+00 0.000000000000000000e+00 3.460283686470005948e-01 0.000000000000000000e+00 0.000000000000000000e+00 0.000000000000000000e+00 3.635694877191110730e-01 0.000000000000000000e+00 0.000000000000000000e+00 0.000000000000000000e+00 3.611700575585874429e-01 0.000000000000000000e+00 3.614557596540005635e-01 0.000000000000000000e+00 3.863332292388886313e-01 0.000000000000000000e+00 0.000000000000000000e+00 0.000000000000000000e+00 0.000000000000000000e+00 0.000000000000000000e+00 0.000000000000000000e+00 0.000000000000000000e+00 0.000000000000000000e+00 0.000000000000000000e+00 0.000000000000000000e+00 0.000000000000000000e+00 0.000000000000000000e+00 0.000000000000000000e+00 4.121035625000000202e-01 0.000000000000000000e+00 3.622382660550458877e-01 0.000000000000000000e+00 0.000000000000000000e+00 0.000000000000000000e+00 0.000000000000000000e+00 0.000000000000000000e+00 0.000000000000000000e+00 0.000000000000000000e+00 0.000000000000000000e+00 0.000000000000000000e+00 0.000000000000000000e+00 0.000000000000000000e+00
3.982029210526315532e-01 3.271758193718431462e-01 4.230629171631952179e-01 2.121109037817198728e-01 3.980985056676326628e-01 1.768834791021986486e-01 4.252567584307662685e-01 2.238567654055358125e-01 4.163929745031669793e-01 2.253519443954202228e-01 3.936232561983470379e-01 3.296899062499999977e-01 4.163279977643640772e-01 2.720851718073283299e-01 3.865407884420800078e-01 2.723244367523099951e-01 0.000000000000000000e+00 4.037743695652173948e-01 4.506911607142857767e-01 3.803391987129262630e-01 4.285983103354930601e-01 3.090583010798760299e-01 4.052028680211658962e-01 2.352630674522621090e-01 4.005059510708480763e-01 1.961664199684404752e-01 3.543902652831039668e-01 2.338638387802560448e-01 0.000000000000000000e+00 3.025707199300110006e-01 3.709767656921219570e-01 3.361556076872473375e-01 0.000000000000000000e+00 3.819420229160052638e-01 0.000000000000000000e+00 0.000000000000000000e+00 0.000000000000000000e+00 3.847589353626179598e-01 0.000000000000000000e+00 0.000000000000000000e+00 0.000000000000000000e+00 3.595006682080200133e-01 0.000000000000000000e+00 0.000000000000000000e+00 0.000000000000000000e+00 3.971668568493150198e-01 0.000000000000000000e+00 0.000000000000000000e+00 0.000000000000000000e+00 0.000000000000000000e+00 0.000000000000000000e+00 3.715541597585512723e-01 0.000000000000000000e+00 0.000000000000000000e+00 0.000000000000000000e+00 0.000000000000000000e+00 0.000000000000000000e+00 0.000000000000000000e+00 0.000000000000000000e+00 3.665779126984126668e-01 0.000000000000000000e+00 3.994847505442670199e-01 0.000000000000000000e+00 0.000000000000000000e+00 0.000000000000000000e+00 3.619009805068225671e-01 0.000000000000000000e+00 4.194393630996046674e-01 0.000000000000000000e+00 0.000000000000000000e+00 3.453886973684210382e-01 3.484269238822034764e-01 3.881014615205223839e-01 3.263100982854807985e-01 0.000000000000000000e+00 0.000000000000000000e+00 3.290506933624801622e-01 3.386450054956439693e-01 0.000000000000000000e+00 0.000000000000000000e+00 0.000000000000000000e+00 4.025452057847320742e-01 0.000000000000000000e+00 3.407224971087451926e-01 0.000000000000000000e+00 3.800214567913647312e-01 0.000000000000000000e+00 3.739121216216216292e-01 0.000000000000000000e+00 3.649832020430932022e-01 0.000000000000000000e+00 0.000000000000000000e+00 0.000000000000000000e+00 0.000000000000000000e+00 0.000000000000000000e+00 0.000000000000000000e+00 0.000000000000000000e+00 0.000000000000000000e+00 0.000000000000000000e+00 0.000000000000000000e+00 0.000000000000000000e+00 0.000000000000000000e+00 0.000000000000000000e+00 0.000000000000000000e+00 0.000000000000000000e+00 0.000000000000000000e+00 0.000000000000000000e+00 0.000000000000000000e+00 0.000000000000000000e+00 0.000000000000000000e+00 0.000000000000000000e+00 0.000000000000000000e+00 0.000000000000000000e+00 0.000000000000000000e+00 0.000000000000000000e+00 0.000000000000000000e+00
2.863220208380055642e-01 4.614550587018173000e-01 3.038057212868381929e-01 4.410143050123381814e-01 3.066649264466660973e-01 4.252567584307662685e-01 2.663961156449276557e-01 4.429554049873111743e-01 3.269887073395350008e-01 4.228221766514876911e-01 3.222173638043361321e-01 4.462430183425815100e-01 2.891321110689346607e-01 4.328035817525403561e-01 3.219765184122461155e-01 4.227411065931839795e-01 3.824332342429644371e-01 4.680354643547941507e-01 3.954958386411942528e-01 4.569568802482071312e-01 3.876013832101806167e-01 0.000000000000000000e+00 3.641278674860097819e-01 4.364394016771386831e-01 3.068507077586206111e-01 4.386718517569174747e-01 0.000000000000000000e+00 0.000000000000000000e+00 3.285036529802620175e-01 4.363212201360752718e-01 3.608808671282556224e-01 4.255013808356217231e-01 4.215743896494378862e-01 4.636789081519513411e-01 4.429762810924369187e-01 0.000000000000000000e+00 4.268108356645441415e-01 4.616331910540611427e-01 4.343024765624999839e-01 0.000000000000000000e+00 4.171637247281154703e-01 4.796335748031496093e-01 3.982032330453598168e-01 0.000000000000000000e+00 4.023758098253907289e-01 4.350472182795698806e-01 4.168132413793103064e-01 0.000000000000000000e+00 4.027744985943393363e-01 4.943384493670885949e-01 3.918814177075270466e-01 0.000000000000000000e+00 3.954409186776668972e-01 0.000000000000000000e+00 3.758986274107329328e-01 0.000000000000000000e+00 3.888799854835878200e-01 4.720420875850340203e-01 4.162756813062162276e-01 5.138479370629370768e-01 3.971163735161891140e-01 5.243432068965516724e-01 3.841008653846153531e-01 3.972041590909090036e-01 3.928086806399069264e-01 0.000000000000000000e+00 4.436305841182860421e-01 4.937380998511023411e-01 4.037129614650726284e-01 0.000000000000000000e+00 3.313685385547670559e-01 4.424798207098666891e-01 3.345897820575670645e-01 4.331315545484688001e-01 0.000000000000000000e+00 0.000000000000000000e+00 3.707296031613622200e-01 4.373073014907977174e-01 3.793211279999999519e-01 0.000000000000000000e+00 3.616616436406016044e-01 0.000000000000000000e+00 0.000000000000000000e+00 0.000000000000000000e+00 3.834409761717703091e-01 4.321551870884655644e-01 3.962623932584269926e-01 0.000000000000000000e+00 3.832317989317815532e-01 0.000000000000000000e+00 0.000000000000000000e+00 4.312899778543306528e-01 3.985439519447483425e-01 0.000000000000000000e+00 4.206017603313319531e-01 4.037767789664252760e-01 0.000000000000000000e+00 0.000000000000000000e+00 0.000000000000000000e+00 0.000000000000000000e+00 0.000000000000000000e+00 4.589576114285714992e-01 3.998548933720554865e-01 0.000000000000000000e+00 4.521361999999999326e-01 0.000000000000000000e+00 0.000000000000000000e+00 0.000000000000000000e+00 0.000000000000000000e+00 0.000000000000000000e+00 0.000000000000000000e+00 0.000000000000000000e+00 0.000000000000000000e+00 0.000000000000000000e+00 0.000000000000000000e+00 0.000000000000000000e+00
4.585492258617669403e-01 3.208698040004636653e-01 4.476192550117882307e-01 2.986203679932104005e-01 4.245989788344407545e-01 2.238567654055358125e-01 4.429554049873111743e-01 2.542536536832396554e-01 4.229900389768050384e-01 2.985077470625101537e-01 4.428971344937756016e-01 3.186869967816415850e-01 4.266365419206158971e-01 2.873125449893516037e-01 4.289095248203615984e-01 3.053577750474072428e-01 4.383237050749069774e-01 3.766953786166875040e-01 4.747034119185726264e-01 3.725998194307739708e-01 0.000000000000000000e+00 3.105192199999999847e-01 4.376330460904043207e-01 3.157366835833119723e-01 4.801320501066098090e-01 2.331087419531526483e-01 0.000000000000000000e+00 3.267796451612902664e-01 4.230351924822352561e-01 3.419459784540620495e-01 4.064733379156335591e-01 3.655703793782782984e-01 4.610235429335846624e-01 3.999071515955523459e-01 0.000000000000000000e+00 4.534760662117441887e-01 4.775157045245773668e-01 4.248540420706289344e-01 0.000000000000000000e+00 4.200869665887070337e-01 0.000000000000000000e+00 0.000000000000000000e+00 0.000000000000000000e+00 3.716366015625000019e-01 4.736252206896551797e-01 3.946082194674704335e-01 0.000000000000000000e+00 3.864556462921802105e-01 4.535281476510066856e-01 3.974926675810124821e-01 4.257538838345864551e-01 3.912208493302332668e-01 0.000000000000000000e+00 3.790163572470772735e-01 0.000000000000000000e+00 3.692346843398537914e-01 4.492458972493968972e-01 3.993586381237170801e-01 4.638253650767029113e-01 4.216064263333390572e-01 4.310688373655914285e-01 3.880844908952277850e-01 4.196312397660819093e-01 3.597299173939778605e-01 4.445258103674860628e-01 3.965040402098341521e-01 4.794385572519083705e-01 4.249325716613576165e-01 4.542668300866309905e-01 4.216091428564682775e-01 4.550478939411372048e-01 3.262328935588781897e-01 4.303768771709909347e-01 3.542721158913257895e-01 0.000000000000000000e+00 3.196580232558139945e-01 4.360930439610454790e-01 3.756513705139231107e-01 4.134732887323943618e-01 3.779723220661157512e-01 4.456772626262626713e-01 3.913601280404659932e-01 0.000000000000000000e+00 3.749351910221154771e-01 4.246067473302821971e-01 3.849231972478382446e-01 0.000000000000000000e+00 0.000000000000000000e+00 4.315396888888888838e-01 3.800993031699046454e-01 4.692341708860759408e-01 0.000000000000000000e+00 0.000000000000000000e+00 4.004425107913668902e-01 4.469021114657400484e-01 4.448109896907216365e-01 0.000000000000000000e+00 0.000000000000000000e+00 4.372860563380281396e-01 4.057602196691176277e-01 0.000000000000000000e+00 0.000000000000000000e+00 0.000000000000000000e+00 0.000000000000000000e+00 4.627111680183834119e-01 0.000000000000000000e+00 0.000000000000000000e+00 0.000000000000000000e+00 0.000000000000000000e+00 0.000000000000000000e+00 0.000000000000000000e+00 0.000000000000000000e+00 0.000000000000000000e+00 3.901938951612903828e-01 0.000000000000000000e+00 0.000000000000000000e+00
3.334686556349130138e-01 0.000000000000000000e+00 2.442482169147685844e-01 4.318325468579541915e-01 2.200080888803515322e-01 4.163929745031669793e-01 3.269887073395350008e-01 4.229900389768050384e-01 2.417165173453729998e-01 4.170038322340894332e-01 3.730869725210558818e-01 0.000000000000000000e+00 2.832899811096047382e-01 0.000000000000000000e+00 2.664100846817025747e-01 4.310695168211365891e-01 3.834752325581395338e-01 0.000000000000000000e+00 3.619751122774717000e-01 0.000000000000000000e+00 3.714913370724335362e-01 0.000000000000000000e+00 3.547341650569404981e-01 4.109179510719342954e-01 1.697771062218966509e-01 3.928313409851887372e-01 3.014992642238428222e-01 4.104726073633837569e-01 3.288105914887318737e-01 0.000000000000000000e+00 3.392782130867416646e-01 3.915864860673200498e-01 3.799033904761904834e-01 0.000000000000000000e+00 0.000000000000000000e+00 0.000000000000000000e+00 0.000000000000000000e+00 0.000000000000000000e+00 0.000000000000000000e+00 0.000000000000000000e+00 3.896711375725338544e-01 0.000000000000000000e+00 4.216103442857142558e-01 0.000000000000000000e+00 0.000000000000000000e+00 0.000000000000000000e+00 4.671998791208791246e-01 0.000000000000000000e+00 4.093604772727272856e-01 0.000000000000000000e+00 0.000000000000000000e+00 0.000000000000000000e+00 0.000000000000000000e+00 0.000000000000000000e+00 0.000000000000000000e+00 0.000000000000000000e+00 3.642760860122065125e-01 0.000000000000000000e+00 4.197442362914862723e-01 0.000000000000000000e+00 3.759406281929754123e-01 0.000000000000000000e+00 3.399413872881356102e-01 0.000000000000000000e+00 3.682834022897899517e-01 0.000000000000000000e+00 0.000000000000000000e+00 0.000000000000000000e+00 3.946451705426356482e-01 0.000000000000000000e+00 3.018610124453595667e-01 4.781058694731591396e-01 3.260492909923731197e-01 4.155391577271745907e-01 0.000000000000000000e+00 0.000000000000000000e+00 3.733405390602093088e-01 0.000000000000000000e+00 0.000000000000000000e+00 0.000000000000000000e+00 3.716139374019901132e-01 0.000000000000000000e+00 0.000000000000000000e+00 0.000000000000000000e+00 3.621674411309642183e-01 0.000000000000000000e+00 0.000000000000000000e+00 0.000000000000000000e+00 3.709653697499514791e-01 0.000000000000000000e+00 4.086742739726027529e-01 0.000000000000000000e+00 0.000000000000000000e+00 0.000000000000000000e+00 4.305148901098900804e-01 0.000000000000000000e+00 0.000000000000000000e+00 0.000000000000000000e+00 0.000000000000000000e+00 0.000000000000000000e+00 0.000000000000000000e+00 0.000000000000000000e+00 0.000000000000000000e+00 0.000000000000000000e+00 0.000000000000000000e+00 0.000000000000000000e+00 0.000000000000000000e+00 0.000000000000000000e+00 0.000000000000000000e+00 0.000000000000000000e+00 0.000000000000000000e+00 0.000000000000000000e+00 0.000000000000000000e+00 0.000000000000000000e+00 0.000000000000000000e+00 0.000000000000000000e+00
0.000000000000000000e+00 3.675225009482915306e-01 4.275323061492703469e-01 3.267014517201158319e-01 4.171350136445246548e-01 2.253519443954202228e-01 4.228221766514876911e-01 2.985077470625101537e-01 4.170038322340894332e-01 2.244494198535176566e-01 0.000000000000000000e+00 3.585098393520712579e-01 4.179729681104247807e-01 3.206013446713666948e-01 4.077424212806280424e-01 2.599350511687555376e-01 0.000000000000000000e+00 0.000000000000000000e+00 4.322651610169491732e-01 3.605175344530847648e-01 4.160204217250196845e-01 3.574810427223710785e-01 4.269488642263730149e-01 3.128674221988677062e-01 4.001842891090457432e-01 3.248962578301626825e-01 4.089395929292928833e-01 2.356263336889658777e-01 4.663242361111110679e-01 3.125122939063293970e-01 3.895189286736933099e-01 3.329440709408427734e-01 0.000000000000000000e+00 3.869657043798966356e-01 0.000000000000000000e+00 0.000000000000000000e+00 0.000000000000000000e+00 3.664781761283723016e-01 0.000000000000000000e+00 0.000000000000000000e+00 0.000000000000000000e+00 0.000000000000000000e+00 0.000000000000000000e+00 0.000000000000000000e+00 0.000000000000000000e+00 3.856542005395683370e-01 0.000000000000000000e+00 4.164515212121212007e-01 0.000000000000000000e+00 4.164569410850599285e-01 0.000000000000000000e+00 3.740814841269841096e-01 0.000000000000000000e+00 0.000000000000000000e+00 0.000000000000000000e+00 3.826077795319476893e-01 0.000000000000000000e+00 3.728537102793040292e-01 0.000000000000000000e+00 4.093737715107750308e-01 0.000000000000000000e+00 4.175204933909260618e-01 0.000000000000000000e+00 4.293416239510908228e-01 0.000000000000000000e+00 3.958619856446747298e-01 0.000000000000000000e+00 3.631282131147541281e-01 0.000000000000000000e+00 4.136533281249999972e-01 4.512960951745489946e-01 3.201613771904933681e-01 4.194436203540246044e-01 3.212486461099801072e-01 0.000000000000000000e+00 0.000000000000000000e+00 0.000000000000000000e+00 3.503124429822364605e-01 0.000000000000000000e+00 0.000000000000000000e+00 0.000000000000000000e+00 3.953736032987859028e-01 0.000000000000000000e+00 3.167649962904928174e-01 3.642417006172839478e-01 4.161026980803622100e-01 0.000000000000000000e+00 3.840867552511415539e-01 0.000000000000000000e+00 4.032630379239589558e-01 0.000000000000000000e+00 0.000000000000000000e+00 0.000000000000000000e+00 0.000000000000000000e+00 0.000000000000000000e+00 3.490158404255319646e-01 0.000000000000000000e+00 0.000000000000000000e+00 0.000000000000000000e+00 0.000000000000000000e+00 0.000000000000000000e+00 0.000000000000000000e+00 0.000000000000000000e+00 0.000000000000000000e+00 0.000000000000000000e+00 4.147964387050602220e-01 0.000000000000000000e+00 0.000000000000000000e+00 0.000000000000000000e+00 0.000000000000000000e+00 0.000000000000000000e+00 0.000000000000000000e+00 0.000000000000000000e+00 0.000000000000000000e+00 0.000000000000000000e+00 0.000000000000000000e+00
3.166888853644219126e-01 4.171760647772004837e-01 3.881249325809874029e-01 4.366430865344905765e-01 3.527190795024245373e-01 3.936232561983470379e-01 3.222173638043361321e-01 4.428971344937756016e-01 3.730869725210558818e-01 0.000000000000000000e+00 2.947074328272700217e-01 4.494466440839756660e-01 2.908587525945828256e-01 4.431213505624467808e-01 3.748576524832405998e-01 0.000000000000000000e+00 2.881928601129974954e-01 0.000000000000000000e+00 4.035265556027913258e-01 4.519069105641698170e-01 0.000000000000000000e+00 0.000000000000000000e+00 3.704064678779675490e-01 4.242135243478870055e-01 0.000000000000000000e+00 3.976552784810126751e-01 0.000000000000000000e+00 0.000000000000000000e+00 3.454633204897881726e-01 4.401830848511828487e-01 3.705031688866023409e-01 4.259726150246441745e-01 3.935814095708768390e-01 4.645494183662655652e-01 4.528312130726948603e-01 0.000000000000000000e+00 4.212147958945259840e-01 0.000000000000000000e+00 0.000000000000000000e+00 0.000000000000000000e+00 0.000000000000000000e+00 0.000000000000000000e+00 0.000000000000000000e+00 0.000000000000000000e+00 4.084497394443060148e-01 0.000000000000000000e+00 4.330541554054054276e-01 0.000000000000000000e+00 3.990337664193132627e-01 0.000000000000000000e+00 4.102241889200234914e-01 0.000000000000000000e+00 0.000000000000000000e+00 0.000000000000000000e+00 3.749105169593478504e-01 0.000000000000000000e+00 3.672143207898831974e-01 0.000000000000000000e+00 4.317955324516725701e-01 0.000000000000000000e+00 4.036527001123274561e-01 0.000000000000000000e+00 3.922910170975691391e-01 0.000000000000000000e+00 4.057557961700066218e-01 0.000000000000000000e+00 4.397736338655576782e-01 4.429002057166826489e-01 4.471922357623983046e-01 0.000000000000000000e+00 3.490405087265091022e-01 4.487087600878719162e-01 3.271357313377646903e-01 4.342000741668844976e-01 0.000000000000000000e+00 0.000000000000000000e+00 3.941645737777877967e-01 4.353132384526539056e-01 0.000000000000000000e+00 0.000000000000000000e+00 3.320475697426539252e-01 0.000000000000000000e+00 0.000000000000000000e+00 0.000000000000000000e+00 3.962799110220818766e-01 0.000000000000000000e+00 0.000000000000000000e+00 0.000000000000000000e+00 4.002165090501142442e-01 0.000000000000000000e+00 0.000000000000000000e+00 0.000000000000000000e+00 0.000000000000000000e+00 0.000000000000000000e+00 0.000000000000000000e+00 0.000000000000000000e+00 0.000000000000000000e+00 0.000000000000000000e+00 0.000000000000000000e+00 0.000000000000000000e+00 0.000000000000000000e+00 0.000000000000000000e+00 4.006155818181817985e-01 0.000000000000000000e+00 4.340560347222222060e-01 0.000000000000000000e+00 0.000000000000000000e+00 0.000000000000000000e+00 0.000000000000000000e+00 0.000000000000000000e+00 0.000000000000000000e+00 0.000000000000000000e+00 0.000000000000000000e+00 0.000000000000000000e+00 0.000000000000000000e+00 0.000000000000000000e+00
4.576815987579204714e-01 3.548051172217611127e-01 4.569265852824765939e-01 3.829819320481052114e-01 0.000000000000000000e+00 3.296899062499999977e-01 4.462430183425815100e-01 3.186869967816415850e-01 0.000000000000000000e+00 3.585098393520712579e-01 4.494466440839756660e-01 2.843856501266697201e-01 4.394337665667060189e-01 3.196186822852355447e-01 4.304335042735042416e-01 3.707756524359759331e-01 4.223104243853415540e-01 2.744646360606408098e-01 4.626490186152465434e-01 3.981453843820897953e-01 0.000000000000000000e+00 0.000000000000000000e+00 4.292690110623939570e-01 3.729855557662896670e-01 0.000000000000000000e+00 0.000000000000000000e+00 0.000000000000000000e+00 0.000000000000000000e+00 4.417645917353685836e-01 3.754251880908226480e-01 4.086626112362242713e-01 3.646726139773905917e-01 4.636870873643219038e-01 4.030920982633947047e-01 0.000000000000000000e+00 4.294250840367359601e-01 4.523493082312469160e-01 4.411144286941822146e-01 0.000000000000000000e+00 0.000000000000000000e+00 0.000000000000000000e+00 4.347189788732394033e-01 0.000000000000000000e+00 3.875842452830189355e-01 4.878710493827159711e-01 3.926109168313735021e-01 0.000000000000000000e+00 0.000000000000000000e+00 0.000000000000000000e+00 3.976051406054913473e-01 4.236166352201258811e-01 3.823759611749341092e-01 0.000000000000000000e+00 3.813689913422046995e-01 0.000000000000000000e+00 4.028667966108507303e-01 4.244739885714285399e-01 4.056878344894411237e-01 4.349098420382166430e-01 4.274066455818557042e-01 4.709668799999999766e-01 4.335713034689163137e-01 0.000000000000000000e+00 4.111106418373398075e-01 4.089783023255814109e-01 4.185442023783217391e-01 4.739327320509161834e-01 4.276890865101931616e-01 4.842375383668366950e-01 4.245758115166085034e-01 4.707343938758508095e-01 3.627314898859849701e-01 4.366607224953953370e-01 4.173260645614824682e-01 0.000000000000000000e+00 0.000000000000000000e+00 4.339300762112854870e-01 4.068185201575045262e-01 0.000000000000000000e+00 3.872599264705882671e-01 4.069030790960451727e-01 4.285926687281532699e-01 0.000000000000000000e+00 0.000000000000000000e+00 4.337300276358783679e-01 4.300814594900217447e-01 0.000000000000000000e+00 4.114897533333333746e-01 0.000000000000000000e+00 4.260531923992886827e-01 4.523111199999999554e-01 0.000000000000000000e+00 0.000000000000000000e+00 0.000000000000000000e+00 4.525437248285695269e-01 4.298980855263158096e-01 0.000000000000000000e+00 0.000000000000000000e+00 0.000000000000000000e+00 0.000000000000000000e+00 0.000000000000000000e+00 0.000000000000000000e+00 0.000000000000000000e+00 0.000000000000000000e+00 0.000000000000000000e+00 0.000000000000000000e+00 0.000000000000000000e+00 0.000000000000000000e+00 0.000000000000000000e+00 0.000000000000000000e+00 0.000000000000000000e+00 0.000000000000000000e+00 0.000000000000000000e+00 0.000000000000000000e+00 0.000000000000000000e+00 0.000000000000000000e+00
3.577318265472575476e-01 4.342456526315790488e-01 3.425023306678515733e-01 4.230334701922863760e-01 2.988157154919541814e-01 4.163279977643640772e-01 2.891321110689346607e-01 4.266365419206158971e-01 2.832899811096047382e-01 4.179729681104247807e-01 2.908587525945828256e-01 4.394337665667060189e-01 2.410189862818794271e-01 4.214410617363004152e-01 2.528422281405686145e-01 4.234325011023230556e-01 3.754223102378831389e-01 0.000000000000000000e+00 3.827050007028423573e-01 4.410449305039457757e-01 0.000000000000000000e+00 0.000000000000000000e+00 3.529198473752373499e-01 4.215416314830273126e-01 3.448312771084337536e-01 3.975423156941941816e-01 0.000000000000000000e+00 4.157478639169472356e-01 3.227498604393736481e-01 4.403869746512746874e-01 3.431589468926248276e-01 4.342880351983618437e-01 4.132721910983473967e-01 4.344867576041206991e-01 4.498897647058824889e-01 0.000000000000000000e+00 4.053340217961164949e-01 4.705698952380952260e-01 0.000000000000000000e+00 0.000000000000000000e+00 0.000000000000000000e+00 0.000000000000000000e+00 4.311467563947437021e-01 0.000000000000000000e+00 4.151753043654540787e-01 0.000000000000000000e+00 0.000000000000000000e+00 0.000000000000000000e+00 3.988177684268023326e-01 0.000000000000000000e+00 4.000318022904345017e-01 0.000000000000000000e+00 0.000000000000000000e+00 0.000000000000000000e+00 0.000000000000000000e+00 0.000000000000000000e+00 3.831192133417104517e-01 0.000000000000000000e+00 4.173636353325702597e-01 0.000000000000000000e+00 4.014214731170836492e-01 0.000000000000000000e+00 3.806749639351353354e-01 0.000000000000000000e+00 3.897848530759064345e-01 0.000000000000000000e+00 4.320230682222598317e-01 0.000000000000000000e+00 3.882793790889570995e-01 0.000000000000000000e+00 3.086131832124784369e-01 4.383049595810175059e-01 3.638080373725090522e-01 4.208883675354808673e-01 0.000000000000000000e+00 0.000000000000000000e+00 3.726222104035905036e-01 4.281633600761146075e-01 0.000000000000000000e+00 0.000000000000000000e+00 3.691497925621066711e-01 0.000000000000000000e+00 0.000000000000000000e+00 0.000000000000000000e+00 3.874141333550621402e-01 4.249909540816326214e-01 0.000000000000000000e+00 0.000000000000000000e+00 3.918339055992983155e-01 0.000000000000000000e+00 0.000000000000000000e+00 0.000000000000000000e+00 0.000000000000000000e+00 0.000000000000000000e+00 4.262771212121213016e-01 0.000000000000000000e+00 0.000000000000000000e+00 0.000000000000000000e+00 0.000000000000000000e+00 0.000000000000000000e+00 0.000000000000000000e+00 0.000000000000000000e+00 0.000000000000000000e+00 0.000000000000000000e+00 0.000000000000000000e+00 0.000000000000000000e+00 0.000000000000000000e+00 0.000000000000000000e+00 0.000000000000000000e+00 0.000000000000000000e+00 0.000000000000000000e+00 0.000000000000000000e+00 0.000000000000000000e+00 0.000000000000000000e+00 0.000000000000000000e+00 0.000000000000000000e+00
