2.934097459001344665e-01 5.225438326351823370e-01 3.780109968315348845e-01 5.309253086555303369e-01 3.731528152854435842e-01 0.000000000000000000e+00 3.175343145445916337e-01 5.033385891341953799e-01 3.843954563094063026e-01 0.000000000000000000e+00 3.380389485840252783e-01 5.183698898277599998e-01 3.725049999179353422e-01 0.000000000000000000e+00 4.109062219260911086e-01 0.000000000000000000e+00 3.140939015859222083e-01 5.088345275535741674e-01 4.184302611356911505e-01 5.413327566751690023e-01 0.000000000000000000e+00 0.000000000000000000e+00 4.119627513288312004e-01 0.000000000000000000e+00 3.967546505305064031e-01 0.000000000000000000e+00 3.490864941176470837e-01 0.000000000000000000e+00 4.186890361382697434e-01 5.067538780619756933e-01 4.266609865890536590e-01 4.585020983606558631e-01 4.668297265753527658e-01 5.204772920113439616e-01 0.000000000000000000e+00 0.000000000000000000e+00 4.810126835300142512e-01 5.428963036842611167e-01 4.673295375747038016e-01 5.507656519723003186e-01 4.413431925654821009e-01 0.000000000000000000e+00 4.645048682170542786e-01 0.000000000000000000e+00 4.643395818181818568e-01 0.000000000000000000e+00 0.000000000000000000e+00 0.000000000000000000e+00 4.228627504877689458e-01 5.046948464337305262e-01 4.220192595434474336e-01 5.092706257879012766e-01 4.444935587436654179e-01 0.000000000000000000e+00 4.320352128003868142e-01 0.000000000000000000e+00 3.299110017516009297e-01 5.173004219711492269e-01 4.147395002647996654e-01 5.282780431031622870e-01 4.157277972043580960e-01 5.022270508480235485e-01 3.692293354756465140e-01 4.887032882882882401e-01 4.196015130801390991e-01 5.060746328184432263e-01 4.271059157462945288e-01 5.180650623373472818e-01 3.122218147886394179e-01 5.343553754175831561e-01 3.758943040698595195e-01 5.199170725354688161e-01 4.009635505342409312e-01 4.813933092377146727e-01 0.000000000000000000e+00 0.000000000000000000e+00 3.943452975921019621e-01 5.012503164530425215e-01 4.315610829569891949e-01 0.000000000000000000e+00 4.117924363859743475e-01 0.000000000000000000e+00 4.456350823870967037e-01 0.000000000000000000e+00 4.371819786847612743e-01 4.778385468729311469e-01 4.277196397511198733e-01 4.832602699386503442e-01 4.497698253496187903e-01 4.950971807216442144e-01 4.293737824238978429e-01 5.186238236435036786e-01 4.388343393370637835e-01 4.302706647058824330e-01 4.531348988970210767e-01 4.467234033098118617e-01 0.000000000000000000e+00 0.000000000000000000e+00 4.429564102564103600e-01 4.716803376334145481e-01 4.569736370370370282e-01 0.000000000000000000e+00 4.133670078124999647e-01 4.858440928929847469e-01 4.975952933858536764e-01 0.000000000000000000e+00 0.000000000000000000e+00 0.000000000000000000e+00 0.000000000000000000e+00 4.028644936708860591e-01 0.000000000000000000e+00 4.214748052884615404e-01 0.000000000000000000e+00 0.000000000000000000e+00 0.000000000000000000e+00 3.728932604166666498e-01
5.225438326351823370e-01 3.235551487246533520e-01 5.344896638506621001e-01 3.774095941594725057e-01 0.000000000000000000e+00 4.063818455946857644e-01 5.152000438450514697e-01 3.468049979035411901e-01 0.000000000000000000e+00 4.059364351782413505e-01 5.007697268852788763e-01 3.628569299050339314e-01 4.852269947133272532e-01 4.007446723918659526e-01 0.000000000000000000e+00 4.200262125872162855e-01 5.149075728041017097e-01 3.392490638944734571e-01 5.418269329830575076e-01 4.126089728209841323e-01 0.000000000000000000e+00 0.000000000000000000e+00 5.189409552845527518e-01 4.267479271024927634e-01 4.980392822580645418e-01 4.353524408461019735e-01 4.578359864864864903e-01 0.000000000000000000e+00 5.167480137490857439e-01 4.408058025871088859e-01 4.994224499476713763e-01 4.374900213139110705e-01 5.334885284140020723e-01 5.063121208462585399e-01 5.028036274509805059e-01 0.000000000000000000e+00 5.518768980480212027e-01 5.042530832047776856e-01 0.000000000000000000e+00 5.098355538855778857e-01 0.000000000000000000e+00 4.387463747563352667e-01 0.000000000000000000e+00 4.460413647727272668e-01 0.000000000000000000e+00 4.402577205513137915e-01 0.000000000000000000e+00 4.431798212398238568e-01 0.000000000000000000e+00 4.166270478038291425e-01 5.171053051765843733e-01 4.177785395438202709e-01 0.000000000000000000e+00 4.260430471984257284e-01 0.000000000000000000e+00 4.178606328219982569e-01 5.201851680642340936e-01 3.407089952801465316e-01 5.118640509026822771e-01 4.298374399333806939e-01 5.077010470160574496e-01 4.195191758308432495e-01 5.187849958472656731e-01 4.221988463700902527e-01 0.000000000000000000e+00 4.187395311761052397e-01 5.256663985891082413e-01 4.266364121025927325e-01 5.474448228474780853e-01 3.188712566834788764e-01 5.258003431012652218e-01 3.910363323806612112e-01 4.903223014425377446e-01 4.143013921690263945e-01 0.000000000000000000e+00 3.863965820895522985e-01 5.020050509092155444e-01 4.154077471275887667e-01 5.144496483516483032e-01 0.000000000000000000e+00 5.085909336973873929e-01 4.331720320385830658e-01 0.000000000000000000e+00 4.559469449541283526e-01 5.009560477769343656e-01 4.257671270719389223e-01 0.000000000000000000e+00 4.460983576447249965e-01 5.035163622432254904e-01 4.378755583620942970e-01 5.125562988505747430e-01 4.838021965594512253e-01 4.341641060143230368e-01 4.623599138443787449e-01 4.766122307692307047e-01 4.577096859964127629e-01 0.000000000000000000e+00 0.000000000000000000e+00 0.000000000000000000e+00 4.678720114445462097e-01 0.000000000000000000e+00 4.789501952166564380e-01 4.712096328124999456e-01 4.648176605822417207e-01 0.000000000000000000e+00 4.672116810821248523e-01 0.000000000000000000e+00 0.000000000000000000e+00 0.000000000000000000e+00 3.873572317073170623e-01 4.647786507246376431e-01 0.000000000000000000e+00 0.000000000000000000e+00 4.696463499999999347e-01 0.000000000000000000e+00 0.000000000000000000e+00
3.780109968315348845e-01 5.344896638506621001e-01 3.233635763944085473e-01 5.104084369909520635e-01 2.654096599910335530e-01 4.522732649270622685e-01 3.407573831111836982e-01 5.063758212479334553e-01 3.269986459570094484e-01 4.621206760666403124e-01 4.160538198725599046e-01 5.110316996160640945e-01 3.770441891371386633e-01 4.925594795924669866e-01 3.607086423215694060e-01 4.715972793829558141e-01 4.140720214681762879e-01 5.195913536261324017e-01 3.517496631288034026e-01 5.478430386155327403e-01 4.217681065141377639e-01 0.000000000000000000e+00 3.239534320247540733e-01 4.892005637983671829e-01 3.526346997279462547e-01 4.359051271198884359e-01 3.539141673299859847e-01 4.269985830027275275e-01 3.988147286396064861e-01 5.279324285995642407e-01 4.234972262378964847e-01 4.819494388971896637e-01 4.624863114861322289e-01 5.384105103776974932e-01 4.987516978432265935e-01 0.000000000000000000e+00 4.757603425992846247e-01 0.000000000000000000e+00 4.768553531265345424e-01 0.000000000000000000e+00 4.010077591605086811e-01 5.266999439252336712e-01 0.000000000000000000e+00 0.000000000000000000e+00 4.562093513513512666e-01 0.000000000000000000e+00 4.412036634106249466e-01 0.000000000000000000e+00 4.251071572464788506e-01 0.000000000000000000e+00 4.219119441555188588e-01 0.000000000000000000e+00 4.584544100813742196e-01 0.000000000000000000e+00 4.156130898003669860e-01 0.000000000000000000e+00 4.274742344333815058e-01 4.837478401031591879e-01 4.472007608840746218e-01 5.207279622802246655e-01 4.333387612365539598e-01 0.000000000000000000e+00 3.932022779445945027e-01 0.000000000000000000e+00 4.330936009842481504e-01 5.043451942446043335e-01 4.551767913517797415e-01 5.296200696571852218e-01 3.365428641913472130e-01 0.000000000000000000e+00 4.184676673625165044e-01 5.310117390787840730e-01 4.028336192980824237e-01 5.054019104071588719e-01 3.753582537313361889e-01 0.000000000000000000e+00 4.179835449020087301e-01 5.003728611218993816e-01 4.318080869565217861e-01 0.000000000000000000e+00 4.265653139441845099e-01 0.000000000000000000e+00 4.345150183486238826e-01 0.000000000000000000e+00 4.173240358560349472e-01 4.732959883720930239e-01 4.106836495726495784e-01 0.000000000000000000e+00 4.216276183054148974e-01 4.763678999045417584e-01 4.311070036451571941e-01 4.661474576130921199e-01 4.384681245611543599e-01 4.500264391415018106e-01 4.515195411070480613e-01 4.589406879812522044e-01 0.000000000000000000e+00 4.519253229813663952e-01 4.600982519685039573e-01 3.915766379310343659e-01 4.317741604880855899e-01 0.000000000000000000e+00 4.326031263131877580e-01 4.228047575901328070e-01 4.585454529058897721e-01 0.000000000000000000e+00 0.000000000000000000e+00 4.854566894736841443e-01 3.956923494505494299e-01 4.479112666666666964e-01 0.000000000000000000e+00 4.330573223140495864e-01 0.000000000000000000e+00 0.000000000000000000e+00 0.000000000000000000e+00 4.447690396039603034e-01
5.309253086555303369e-01 3.774095941594725057e-01 5.104084369909520635e-01 2.791044300008898027e-01 4.890775974573016716e-01 2.393816440327403705e-01 5.073663931416952932e-01 3.206993450373856747e-01 4.744249372688653654e-01 3.259991145224765963e-01 4.983939942534200140e-01 4.040379726766838986e-01 4.795947094451873949e-01 3.828962632516325071e-01 4.905738020330119298e-01 3.720875904528733735e-01 5.013101156226980049e-01 4.298741382341885187e-01 5.427793647147167722e-01 3.288917480301077334e-01 0.000000000000000000e+00 0.000000000000000000e+00 4.943833579300915826e-01 3.005790351157865414e-01 5.027056697658163209e-01 3.194106947491586745e-01 4.847463702173190336e-01 3.733299535219132270e-01 5.022723878104651263e-01 3.975710520732765874e-01 4.824250954104498668e-01 4.071652339493332939e-01 5.328919499288029549e-01 4.565568969732551330e-01 0.000000000000000000e+00 4.666638993677555414e-01 4.858924999999999494e-01 4.689275821537160494e-01 5.273094206837185549e-01 4.982014418609106987e-01 0.000000000000000000e+00 4.291426096853451222e-01 0.000000000000000000e+00 4.797636984280199135e-01 5.027829197080291301e-01 0.000000000000000000e+00 0.000000000000000000e+00 4.195399811320754679e-01 0.000000000000000000e+00 4.258087399140741414e-01 5.106929415584415821e-01 4.333968282804818717e-01 0.000000000000000000e+00 4.344844859154929906e-01 0.000000000000000000e+00 4.225654227272727659e-01 5.177532998972452782e-01 4.080553655680293490e-01 5.000719751142501668e-01 4.369872838933532844e-01 5.041592979827710375e-01 4.251336000216849875e-01 0.000000000000000000e+00 4.260521115650437451e-01 0.000000000000000000e+00 4.332322992131170669e-01 5.202717766530826626e-01 4.481212661922625018e-01 5.023984728682170386e-01 4.377103261287114133e-01 5.195231295377134018e-01 4.077119311390454692e-01 5.025291733319852128e-01 4.075166435569193557e-01 5.043384712643678158e-01 3.883607024790657336e-01 4.940768726527670074e-01 4.250292463320427538e-01 0.000000000000000000e+00 4.213491964796980405e-01 5.021717794318782957e-01 4.194715238762395382e-01 5.044870365853658667e-01 4.300430166666666665e-01 4.910988358752572114e-01 4.149148443986567791e-01 0.000000000000000000e+00 0.000000000000000000e+00 5.317844413793103575e-01 4.202354380568018577e-01 4.490378216024884517e-01 4.392192536971665229e-01 4.913134282739222147e-01 4.270827492011965987e-01 4.661145449317385947e-01 4.387287311430952408e-01 4.992202897196262867e-01 5.385596382978724561e-01 0.000000000000000000e+00 4.476128439699793016e-01 4.849635800000000607e-01 4.218839770992366400e-01 4.768137297297297406e-01 4.150892152041357197e-01 4.458649626168225133e-01 4.554134476739042925e-01 0.000000000000000000e+00 0.000000000000000000e+00 0.000000000000000000e+00 4.081899356324855677e-01 0.000000000000000000e+00 4.156000296296296082e-01 0.000000000000000000e+00 0.000000000000000000e+00 4.440917663551401384e-01 0.000000000000000000e+00
3.731528152854435842e-01 0.000000000000000000e+00 2.654096599910335530e-01 4.890775974573016716e-01 2.367846634420729124e-01 4.763773477205506812e-01 3.011690947949546282e-01 4.908810165561071082e-01 2.460040986175005551e-01 4.908508418300525089e-01 3.586064443722503658e-01 4.285265284552846055e-01 3.357991945305291437e-01 4.981244488795518732e-01 2.792430823811318796e-01 5.031550118927980986e-01 4.049242972449738631e-01 0.000000000000000000e+00 3.821558187128439865e-01 4.585705614035088251e-01 3.648287048226337981e-01 0.000000000000000000e+00 3.453723129651838919e-01 5.005339001842459279e-01 1.662094454593621429e-01 4.894458091667748256e-01 2.516759072193130997e-01 4.893790536076467190e-01 3.639390026469179751e-01 5.149025896220409404e-01 3.742430129429787922e-01 4.824013836673320954e-01 4.339645439045341502e-01 4.373608000000001050e-01 0.000000000000000000e+00 0.000000000000000000e+00 3.796105480769230156e-01 0.000000000000000000e+00 0.000000000000000000e+00 0.000000000000000000e+00 0.000000000000000000e+00 0.000000000000000000e+00 0.000000000000000000e+00 0.000000000000000000e+00 0.000000000000000000e+00 0.000000000000000000e+00 0.000000000000000000e+00 0.000000000000000000e+00 0.000000000000000000e+00 0.000000000000000000e+00 4.863330000000000153e-01 0.000000000000000000e+00 4.927697571428573120e-01 0.000000000000000000e+00 0.000000000000000000e+00 0.000000000000000000e+00 4.056492981647667473e-01 0.000000000000000000e+00 3.850183268292682870e-01 0.000000000000000000e+00 4.373326483671844400e-01 0.000000000000000000e+00 0.000000000000000000e+00 0.000000000000000000e+00 0.000000000000000000e+00 0.000000000000000000e+00 4.166165466666666983e-01 0.000000000000000000e+00 4.345502785714285832e-01 0.000000000000000000e+00 3.516278610191722609e-01 5.495738282197554225e-01 3.771955456911020299e-01 4.810562395070364095e-01 0.000000000000000000e+00 0.000000000000000000e+00 3.820177967856671630e-01 0.000000000000000000e+00 0.000000000000000000e+00 0.000000000000000000e+00 3.961914615778782678e-01 0.000000000000000000e+00 4.058979024390244050e-01 4.976634632034632189e-01 4.205536123062608156e-01 0.000000000000000000e+00 4.135809791023058457e-01 0.000000000000000000e+00 4.127921226011522782e-01 0.000000000000000000e+00 0.000000000000000000e+00 4.059883211678832482e-01 4.141024197031061838e-01 0.000000000000000000e+00 4.327846393326099106e-01 0.000000000000000000e+00 0.000000000000000000e+00 0.000000000000000000e+00 4.924508796992480564e-01 0.000000000000000000e+00 4.471904031007751801e-01 0.000000000000000000e+00 0.000000000000000000e+00 0.000000000000000000e+00 0.000000000000000000e+00 0.000000000000000000e+00 0.000000000000000000e+00 0.000000000000000000e+00 0.000000000000000000e+00 0.000000000000000000e+00 0.000000000000000000e+00 0.000000000000000000e+00 0.000000000000000000e+00 0.000000000000000000e+00 0.000000000000000000e+00 0.000000000000000000e+00
0.000000000000000000e+00 4.063818455946857644e-01 4.522732649270622685e-01 2.393816440327403705e-01 4.763773477205506812e-01 1.847421299490316915e-01 4.493666926566690645e-01 3.085769150107977032e-01 4.621212479418735919e-01 2.391574500972241391e-01 0.000000000000000000e+00 3.725338729641884949e-01 4.188851875032598149e-01 3.698644391980032142e-01 4.877472722045691489e-01 2.748505855258171482e-01 0.000000000000000000e+00 0.000000000000000000e+00 5.060884399999999728e-01 4.195301448095544172e-01 4.909047415063590436e-01 3.006466713638450416e-01 4.544769597229644797e-01 2.602856114493151130e-01 4.652738104637210714e-01 1.778965680777407077e-01 4.689580928656754133e-01 2.537596053487138903e-01 3.995542228715728283e-01 3.379770782337010449e-01 4.280998072196720017e-01 3.679984701638902012e-01 0.000000000000000000e+00 4.110404974058187721e-01 0.000000000000000000e+00 0.000000000000000000e+00 0.000000000000000000e+00 4.428332257864275867e-01 0.000000000000000000e+00 0.000000000000000000e+00 0.000000000000000000e+00 0.000000000000000000e+00 0.000000000000000000e+00 4.572462791010981631e-01 0.000000000000000000e+00 0.000000000000000000e+00 0.000000000000000000e+00 4.826457142950992263e-01 0.000000000000000000e+00 0.000000000000000000e+00 0.000000000000000000e+00 0.000000000000000000e+00 0.000000000000000000e+00 0.000000000000000000e+00 0.000000000000000000e+00 4.340767380952380572e-01 0.000000000000000000e+00 4.046783932119408789e-01 0.000000000000000000e+00 0.000000000000000000e+00 0.000000000000000000e+00 4.566236397058823226e-01 0.000000000000000000e+00 4.293125352724710408e-01 0.000000000000000000e+00 4.095674521814187674e-01 5.029234385474860014e-01 4.575929424002186940e-01 0.000000000000000000e+00 4.286709407407407468e-01 4.934834836393779955e-01 3.445167430191707347e-01 4.551884133106417485e-01 3.549828033278618622e-01 0.000000000000000000e+00 3.666388533640022596e-01 4.510656628848044303e-01 3.821000982100804522e-01 0.000000000000000000e+00 0.000000000000000000e+00 0.000000000000000000e+00 4.376124969791050368e-01 0.000000000000000000e+00 3.154391937728937556e-01 0.000000000000000000e+00 4.273815688531977242e-01 0.000000000000000000e+00 3.975178112745098025e-01 0.000000000000000000e+00 4.268798022891580612e-01 4.188785342465753403e-01 4.277228776978417302e-01 0.000000000000000000e+00 0.000000000000000000e+00 4.039922474226803617e-01 4.106321770833332718e-01 0.000000000000000000e+00 0.000000000000000000e+00 0.000000000000000000e+00 0.000000000000000000e+00 0.000000000000000000e+00 0.000000000000000000e+00 4.400070600000000054e-01 4.513932159999999305e-01 0.000000000000000000e+00 4.121025730222051542e-01 0.000000000000000000e+00 0.000000000000000000e+00 0.000000000000000000e+00 0.000000000000000000e+00 0.000000000000000000e+00 0.000000000000000000e+00 0.000000000000000000e+00 0.000000000000000000e+00 0.000000000000000000e+00 0.000000000000000000e+00
3.175343145445916337e-01 5.152000438450514697e-01 3.407573831111836982e-01 5.073663931416952932e-01 3.011690947949546282e-01 4.493666926566690645e-01 2.889565970335147838e-01 4.957524021187665886e-01 3.076627919991757332e-01 4.431941670641090236e-01 3.780672138048518649e-01 4.938922261908419431e-01 2.946453344384060702e-01 4.851226516790238530e-01 3.507975019397474581e-01 4.620470785234802036e-01 3.922709770158229192e-01 5.074183803166293361e-01 4.103763225041243690e-01 5.294473182292640523e-01 4.294657767857142927e-01 0.000000000000000000e+00 3.967541040631741844e-01 4.855914477969095477e-01 3.289027620927612583e-01 4.217509199124012120e-01 2.964929409913453773e-01 0.000000000000000000e+00 3.844184375483705729e-01 4.946128707086333565e-01 3.993381987002311839e-01 4.719599772962757012e-01 4.429147464541093315e-01 5.161181248556474532e-01 0.000000000000000000e+00 4.803665384615384282e-01 4.483921099688011891e-01 0.000000000000000000e+00 4.664662450014591677e-01 5.408402564661436429e-01 4.311266599531276000e-01 4.637365217391304362e-01 0.000000000000000000e+00 5.018856586826347943e-01 4.268875359383308976e-01 0.000000000000000000e+00 4.314896465320842145e-01 0.000000000000000000e+00 4.254386580098484250e-01 0.000000000000000000e+00 4.108990111811082202e-01 0.000000000000000000e+00 4.168567217217791776e-01 0.000000000000000000e+00 4.165038492124203406e-01 0.000000000000000000e+00 4.129306130963554256e-01 4.764665384615384691e-01 4.216252339505272562e-01 4.863971971807834471e-01 4.101742115353273488e-01 0.000000000000000000e+00 3.874714826194485262e-01 4.767240141985445434e-01 4.202774444443569402e-01 5.060002884615385499e-01 4.596507941235509764e-01 4.900897644098997641e-01 4.080288213977648626e-01 4.898896974789916925e-01 3.826230491848243709e-01 5.097979815736498610e-01 3.981546139598290401e-01 4.948122918126842129e-01 3.450336250000000105e-01 0.000000000000000000e+00 3.861736698634715692e-01 4.841722389762710965e-01 0.000000000000000000e+00 0.000000000000000000e+00 4.043112917828234898e-01 0.000000000000000000e+00 4.264039931506848902e-01 4.828615368421052545e-01 4.201712381256934581e-01 0.000000000000000000e+00 4.124274208767456651e-01 0.000000000000000000e+00 4.272337070034822881e-01 0.000000000000000000e+00 4.432153507101085910e-01 4.448840262803234191e-01 4.164706265563909993e-01 0.000000000000000000e+00 4.525958215143613961e-01 4.789160674603174517e-01 0.000000000000000000e+00 0.000000000000000000e+00 4.650347355371901026e-01 0.000000000000000000e+00 4.378609954541476390e-01 4.443083428571428795e-01 0.000000000000000000e+00 4.946449483870966612e-01 4.431703936170213742e-01 5.007834196173236441e-01 0.000000000000000000e+00 0.000000000000000000e+00 0.000000000000000000e+00 4.296159318181818065e-01 0.000000000000000000e+00 0.000000000000000000e+00 0.000000000000000000e+00 3.823321121495326658e-01 0.000000000000000000e+00 5.260209568345323161e-01
5.033385891341953799e-01 3.468049979035411901e-01 5.063758212479334553e-01 3.206993450373856747e-01 4.908810165561071082e-01 3.085769150107977032e-01 4.957524021187665886e-01 2.888563353508284970e-01 4.764946119859784224e-01 3.182177802191642479e-01 4.885785699646743030e-01 3.328824715034600090e-01 4.777591440433506254e-01 2.779844712565953113e-01 4.821778680733875833e-01 3.361452509134756350e-01 5.011549961077844673e-01 4.034744509263821777e-01 5.222858776843336548e-01 3.933298619116076256e-01 0.000000000000000000e+00 0.000000000000000000e+00 4.978676772068084677e-01 3.903073289124948109e-01 4.943165894780402470e-01 3.727628835370184746e-01 4.804554003645724602e-01 4.380506137931035049e-01 5.025286761374286870e-01 3.818289084342721407e-01 4.796267800728417074e-01 3.801591859951455321e-01 5.270147794707532585e-01 4.237559055538855368e-01 4.616075815602836974e-01 4.734956149718381191e-01 5.042583558501211316e-01 4.428186784400034437e-01 5.281259819676046297e-01 4.917583605529403101e-01 0.000000000000000000e+00 4.566332610919286439e-01 0.000000000000000000e+00 4.436708223512336735e-01 0.000000000000000000e+00 3.997371436198542405e-01 0.000000000000000000e+00 0.000000000000000000e+00 4.600104335393258026e-01 4.038743106366006752e-01 5.261929333333332792e-01 3.991251940259535891e-01 0.000000000000000000e+00 3.889203337721630627e-01 0.000000000000000000e+00 3.950122893878135200e-01 5.210749090909091441e-01 4.016969464084670371e-01 4.929802999477375103e-01 4.241323030579573494e-01 5.006337569967675982e-01 4.144913286167055122e-01 0.000000000000000000e+00 4.183473151507218768e-01 4.582408590032158169e-01 4.079495539186486219e-01 5.260299093393844272e-01 4.359452726054919292e-01 4.879917469613948566e-01 4.240931975262368647e-01 5.045717012968987669e-01 3.773906009611755485e-01 4.879725051981274597e-01 4.021271297945600010e-01 0.000000000000000000e+00 3.663690909090908665e-01 4.844102176061114706e-01 3.927728927770149925e-01 0.000000000000000000e+00 0.000000000000000000e+00 4.887943258426966642e-01 4.201654723127498103e-01 5.027362962962962367e-01 3.871630447916666884e-01 4.672410753982459974e-01 4.007522543280345184e-01 0.000000000000000000e+00 4.060554497203265889e-01 4.827385308932268249e-01 4.051534028608986815e-01 4.402639782312924854e-01 4.363182257760150340e-01 4.516908950617283813e-01 4.323798845981323691e-01 5.035822751451408674e-01 4.250570199557612283e-01 0.000000000000000000e+00 0.000000000000000000e+00 0.000000000000000000e+00 0.000000000000000000e+00 0.000000000000000000e+00 0.000000000000000000e+00 0.000000000000000000e+00 4.031796573426573160e-01 0.000000000000000000e+00 4.613847611111110969e-01 0.000000000000000000e+00 0.000000000000000000e+00 0.000000000000000000e+00 3.508209550561797729e-01 0.000000000000000000e+00 0.000000000000000000e+00 0.000000000000000000e+00 0.000000000000000000e+00 0.000000000000000000e+00 0.000000000000000000e+00
3.843954563094063026e-01 0.000000000000000000e+00 3.269986459570094484e-01 4.744249372688653654e-01 2.460040986175005551e-01 4.621212479418735919e-01 3.076627919991757332e-01 4.764946119859784224e-01 2.511604589189526671e-01 4.672919063244750926e-01 3.605891164460658382e-01 0.000000000000000000e+00 3.227173377929001830e-01 4.627627548849524430e-01 2.951376055074680926e-01 4.751252190563314826e-01 4.042223222177712683e-01 0.000000000000000000e+00 4.205565787074099227e-01 4.444294347826087122e-01 3.900447267514343119e-01 0.000000000000000000e+00 3.647607259666723056e-01 4.659721333036042634e-01 1.721736138816321315e-01 4.579961084645701175e-01 2.704020702909668006e-01 4.831801948699326332e-01 3.558931457971923895e-01 5.067441418269231779e-01 3.713188554891437287e-01 4.683633708667294115e-01 4.348024226804123593e-01 4.658030740740740638e-01 0.000000000000000000e+00 0.000000000000000000e+00 4.002520664651372795e-01 4.790545785123966893e-01 4.464169011659512853e-01 0.000000000000000000e+00 3.783768684210526145e-01 0.000000000000000000e+00 4.784364643328259947e-01 0.000000000000000000e+00 4.641596075949367406e-01 0.000000000000000000e+00 4.871476369863013689e-01 0.000000000000000000e+00 4.425401181341028223e-01 0.000000000000000000e+00 4.517794545019316321e-01 0.000000000000000000e+00 0.000000000000000000e+00 0.000000000000000000e+00 0.000000000000000000e+00 5.095849810126581447e-01 4.282689528645539090e-01 4.651891904761904506e-01 4.211613414634146624e-01 5.109441890243902051e-01 4.181709980638007584e-01 0.000000000000000000e+00 3.867666143402052059e-01 0.000000000000000000e+00 4.052849983178419824e-01 0.000000000000000000e+00 4.393341186168099322e-01 0.000000000000000000e+00 4.127384102786482156e-01 0.000000000000000000e+00 3.504408503292850141e-01 4.758503981410209249e-01 3.807287430442629628e-01 4.682704199578365256e-01 3.385339423076922372e-01 0.000000000000000000e+00 3.850568709670209588e-01 4.792966106091430811e-01 0.000000000000000000e+00 0.000000000000000000e+00 4.090051184329357437e-01 0.000000000000000000e+00 4.187887305947308181e-01 0.000000000000000000e+00 4.301900782018668323e-01 0.000000000000000000e+00 4.198039787234041920e-01 0.000000000000000000e+00 4.230138570431878353e-01 0.000000000000000000e+00 3.933555296080964436e-01 0.000000000000000000e+00 3.982150512485416183e-01 4.551995666666666107e-01 4.153714880901643314e-01 3.804702772277228640e-01 0.000000000000000000e+00 0.000000000000000000e+00 0.000000000000000000e+00 3.987633046874999865e-01 4.102628510638297588e-01 0.000000000000000000e+00 3.999638549618320660e-01 0.000000000000000000e+00 0.000000000000000000e+00 4.077194345398383879e-01 0.000000000000000000e+00 0.000000000000000000e+00 0.000000000000000000e+00 0.000000000000000000e+00 0.000000000000000000e+00 0.000000000000000000e+00 0.000000000000000000e+00 0.000000000000000000e+00 0.000000000000000000e+00 0.000000000000000000e+00
0.000000000000000000e+00 4.059364351782413505e-01 4.621206760666403124e-01 3.259991145224765963e-01 4.908508418300525089e-01 2.391574500972241391e-01 4.431941670641090236e-01 3.182177802191642479e-01 4.672919063244750926e-01 2.471089317960864506e-01 0.000000000000000000e+00 4.042420345432972129e-01 4.323278866093890338e-01 3.445963520683920089e-01 4.809830741023654044e-01 2.828694976171057807e-01 0.000000000000000000e+00 4.351407117231748667e-01 0.000000000000000000e+00 4.026410343001578518e-01 4.706173846153845486e-01 3.184004361645298986e-01 4.568802599158688360e-01 3.713949214679875266e-01 4.744222050565444770e-01 3.284505002753527192e-01 4.652788397912245300e-01 3.030169204147288853e-01 4.891829072303920944e-01 3.618348435783595995e-01 4.249124425158933294e-01 3.667106521255318330e-01 0.000000000000000000e+00 3.729067736874236427e-01 0.000000000000000000e+00 0.000000000000000000e+00 0.000000000000000000e+00 4.460322938596491538e-01 0.000000000000000000e+00 0.000000000000000000e+00 0.000000000000000000e+00 3.925025666666666635e-01 0.000000000000000000e+00 0.000000000000000000e+00 0.000000000000000000e+00 0.000000000000000000e+00 0.000000000000000000e+00 4.717166116635498896e-01 0.000000000000000000e+00 4.736566928571429580e-01 0.000000000000000000e+00 4.538947103448275899e-01 0.000000000000000000e+00 4.361542595419847235e-01 0.000000000000000000e+00 4.011658984374999459e-01 0.000000000000000000e+00 4.183697198567072895e-01 0.000000000000000000e+00 3.971867603305784811e-01 0.000000000000000000e+00 4.516204438108120667e-01 0.000000000000000000e+00 4.351687639262014629e-01 0.000000000000000000e+00 3.909819200552356877e-01 0.000000000000000000e+00 4.203447520663790016e-01 0.000000000000000000e+00 4.823224295302013798e-01 4.904103513164662087e-01 3.598310753728685696e-01 4.585509933243806513e-01 3.762310412540536553e-01 0.000000000000000000e+00 3.738074876388838286e-01 4.575128374568040446e-01 3.784445146933024251e-01 0.000000000000000000e+00 0.000000000000000000e+00 0.000000000000000000e+00 4.169210177916816695e-01 0.000000000000000000e+00 3.598817233437475727e-01 0.000000000000000000e+00 4.267801538468026235e-01 0.000000000000000000e+00 4.180335647058823212e-01 0.000000000000000000e+00 4.455660222554564953e-01 0.000000000000000000e+00 3.890903239436619421e-01 0.000000000000000000e+00 4.179883348917174390e-01 4.543950625000000021e-01 3.987369186358754591e-01 0.000000000000000000e+00 0.000000000000000000e+00 0.000000000000000000e+00 0.000000000000000000e+00 0.000000000000000000e+00 0.000000000000000000e+00 0.000000000000000000e+00 0.000000000000000000e+00 0.000000000000000000e+00 4.108911038564337370e-01 0.000000000000000000e+00 0.000000000000000000e+00 0.000000000000000000e+00 0.000000000000000000e+00 0.000000000000000000e+00 0.000000000000000000e+00 0.000000000000000000e+00 0.000000000000000000e+00 0.000000000000000000e+00 0.000000000000000000e+00
3.380389485840252783e-01 5.007697268852788763e-01 4.160538198725599046e-01 4.983939942534200140e-01 3.586064443722503658e-01 0.000000000000000000e+00 3.780672138048518649e-01 4.885785699646743030e-01 3.605891164460658382e-01 0.000000000000000000e+00 3.097802280208882264e-01 4.896194357965414357e-01 3.300392505190292147e-01 4.835300508091722183e-01 3.929002985484282839e-01 0.000000000000000000e+00 3.502260343192041270e-01 5.368700892857143359e-01 4.202972798764277873e-01 5.181145206048796137e-01 0.000000000000000000e+00 0.000000000000000000e+00 4.221861324667914306e-01 5.101259403709466067e-01 0.000000000000000000e+00 0.000000000000000000e+00 4.020115688073395699e-01 0.000000000000000000e+00 3.881941380538417863e-01 5.085801177818567442e-01 4.154006600415754979e-01 4.961131155569419304e-01 4.216006487334890140e-01 5.135791864463398193e-01 4.449078453608247274e-01 0.000000000000000000e+00 4.290037740692765889e-01 0.000000000000000000e+00 5.100866124790851552e-01 0.000000000000000000e+00 4.394375474452554831e-01 0.000000000000000000e+00 0.000000000000000000e+00 0.000000000000000000e+00 0.000000000000000000e+00 0.000000000000000000e+00 0.000000000000000000e+00 0.000000000000000000e+00 4.144993915601022927e-01 0.000000000000000000e+00 4.033686913402803054e-01 0.000000000000000000e+00 4.547849315209556709e-01 0.000000000000000000e+00 4.558688830380180912e-01 0.000000000000000000e+00 3.925414952165385829e-01 0.000000000000000000e+00 4.293454898369984951e-01 0.000000000000000000e+00 4.345567532239156261e-01 5.103060959595959734e-01 4.290482943238522195e-01 0.000000000000000000e+00 4.306795989742512321e-01 0.000000000000000000e+00 4.463498773989317825e-01 0.000000000000000000e+00 4.151090388423945288e-01 0.000000000000000000e+00 3.938431104901496393e-01 5.229074405848577189e-01 4.087337607947857943e-01 4.333550007920792257e-01 0.000000000000000000e+00 0.000000000000000000e+00 3.963166967742629554e-01 4.844936066332881097e-01 4.343777750458956421e-01 0.000000000000000000e+00 3.172131070563255495e-01 0.000000000000000000e+00 0.000000000000000000e+00 0.000000000000000000e+00 4.378391392228702661e-01 0.000000000000000000e+00 4.153212262552710143e-01 0.000000000000000000e+00 4.428091500904932643e-01 4.945992526881720641e-01 0.000000000000000000e+00 0.000000000000000000e+00 0.000000000000000000e+00 0.000000000000000000e+00 4.647664501666667336e-01 0.000000000000000000e+00 0.000000000000000000e+00 0.000000000000000000e+00 0.000000000000000000e+00 0.000000000000000000e+00 0.000000000000000000e+00 0.000000000000000000e+00 0.000000000000000000e+00 0.000000000000000000e+00 0.000000000000000000e+00 0.000000000000000000e+00 0.000000000000000000e+00 0.000000000000000000e+00 0.000000000000000000e+00 0.000000000000000000e+00 0.000000000000000000e+00 0.000000000000000000e+00 0.000000000000000000e+00 0.000000000000000000e+00 0.000000000000000000e+00 0.000000000000000000e+00
5.183698898277599998e-01 3.628569299050339314e-01 5.110316996160640945e-01 4.040379726766838986e-01 4.285265284552846055e-01 3.725338729641884949e-01 4.938922261908419431e-01 3.328824715034600090e-01 0.000000000000000000e+00 4.042420345432972129e-01 4.896194357965414357e-01 3.082234112190312958e-01 4.835980382944677358e-01 3.093525115659981894e-01 4.512728086956520612e-01 3.968835416854794018e-01 5.186313609523809376e-01 4.074752455885158331e-01 5.190194059754605904e-01 4.260821363946198370e-01 0.000000000000000000e+00 0.000000000000000000e+00 4.996361115875285197e-01 4.050812083807237007e-01 0.000000000000000000e+00 3.930182459016393071e-01 0.000000000000000000e+00 0.000000000000000000e+00 5.080338302432693132e-01 3.882992979123734978e-01 4.742268694239842874e-01 4.076024457044574723e-01 5.059717505686799344e-01 4.049131791060211483e-01 0.000000000000000000e+00 0.000000000000000000e+00 4.900607122201492416e-01 4.525632696686898160e-01 5.051723703703703272e-01 4.899209741080398639e-01 0.000000000000000000e+00 4.507168886982753087e-01 0.000000000000000000e+00 0.000000000000000000e+00 0.000000000000000000e+00 3.921156673215944188e-01 0.000000000000000000e+00 3.930495357142856916e-01 0.000000000000000000e+00 4.011397090490771422e-01 0.000000000000000000e+00 3.998196559087979773e-01 0.000000000000000000e+00 3.934560323035469209e-01 0.000000000000000000e+00 4.094018369723775308e-01 4.786963217391304592e-01 4.089175567562133851e-01 4.939698846153846579e-01 4.401740790905706024e-01 4.725655095541401174e-01 4.337769425705749748e-01 0.000000000000000000e+00 4.387616831315957477e-01 0.000000000000000000e+00 4.195430933848263710e-01 5.097657837181920337e-01 4.341958168781333560e-01 4.738328298519302040e-01 4.308528478595890499e-01 5.080281116719319590e-01 3.970121660347757375e-01 4.988035888888889269e-01 4.114043237451324719e-01 0.000000000000000000e+00 0.000000000000000000e+00 4.861619504738610709e-01 4.125013548758035831e-01 0.000000000000000000e+00 4.316964210526316181e-01 0.000000000000000000e+00 4.323343942446946087e-01 0.000000000000000000e+00 4.207933506909165011e-01 0.000000000000000000e+00 4.253529733076069630e-01 0.000000000000000000e+00 4.261969518084330333e-01 0.000000000000000000e+00 4.305725427321877019e-01 0.000000000000000000e+00 4.018591183230474373e-01 0.000000000000000000e+00 4.736454927303138662e-01 0.000000000000000000e+00 4.277624501334859053e-01 4.774495887850467302e-01 0.000000000000000000e+00 0.000000000000000000e+00 4.417527040000000516e-01 0.000000000000000000e+00 0.000000000000000000e+00 0.000000000000000000e+00 0.000000000000000000e+00 0.000000000000000000e+00 4.664295368421052523e-01 0.000000000000000000e+00 0.000000000000000000e+00 0.000000000000000000e+00 0.000000000000000000e+00 0.000000000000000000e+00 0.000000000000000000e+00 0.000000000000000000e+00 0.000000000000000000e+00 0.000000000000000000e+00 0.000000000000000000e+00
3.725049999179353422e-01 4.852269947133272532e-01 3.770441891371386633e-01 4.795947094451873949e-01 3.357991945305291437e-01 4.188851875032598149e-01 2.946453344384060702e-01 4.777591440433506254e-01 3.227173377929001830e-01 4.323278866093890338e-01 3.300392505190292147e-01 4.835980382944677358e-01 2.516760159340721281e-01 4.719356806370897384e-01 3.037739728341992129e-01 4.548445551255546615e-01 4.026065507304666391e-01 0.000000000000000000e+00 4.097940568779842030e-01 5.073915674420935717e-01 0.000000000000000000e+00 0.000000000000000000e+00 3.905970089592093464e-01 4.696123962634370375e-01 3.529797959969403487e-01 4.830457597950227888e-01 3.380780675219023923e-01 0.000000000000000000e+00 3.284188500447757231e-01 4.982162910865814420e-01 3.843856938324325956e-01 4.620751354061624072e-01 4.274527925351374602e-01 5.112775159431683925e-01 4.430756336633662751e-01 0.000000000000000000e+00 4.389217898902864623e-01 0.000000000000000000e+00 4.693167971299053720e-01 5.397071634615383529e-01 4.469171088435374140e-01 0.000000000000000000e+00 0.000000000000000000e+00 0.000000000000000000e+00 4.571285932203389968e-01 0.000000000000000000e+00 4.466989539473684157e-01 0.000000000000000000e+00 4.566600930927405821e-01 0.000000000000000000e+00 4.202190054661816276e-01 0.000000000000000000e+00 4.499301578947368374e-01 0.000000000000000000e+00 4.131545105408372387e-01 0.000000000000000000e+00 4.157597740197395142e-01 4.755725857142857338e-01 4.136725128797623663e-01 5.075895056818181539e-01 4.358087895358375152e-01 0.000000000000000000e+00 3.951345925263296532e-01 4.204704193548386981e-01 4.242264650689052674e-01 0.000000000000000000e+00 4.513693210183227777e-01 0.000000000000000000e+00 4.114954814248835691e-01 4.690459740259740329e-01 3.592752544971584139e-01 4.921797187896319037e-01 4.049455053621394685e-01 4.872813321527959540e-01 3.837706560283687951e-01 0.000000000000000000e+00 4.002476887052558441e-01 4.728998517874923313e-01 3.950183252289377056e-01 0.000000000000000000e+00 4.060445557350273460e-01 0.000000000000000000e+00 0.000000000000000000e+00 0.000000000000000000e+00 4.267089245825049226e-01 0.000000000000000000e+00 4.132682484146365520e-01 0.000000000000000000e+00 4.386570358949072324e-01 0.000000000000000000e+00 4.465911963399042395e-01 4.217630780141844449e-01 4.269219232782193729e-01 0.000000000000000000e+00 4.563181241315163450e-01 4.486954055944056274e-01 0.000000000000000000e+00 0.000000000000000000e+00 4.575122941176470448e-01 0.000000000000000000e+00 0.000000000000000000e+00 0.000000000000000000e+00 0.000000000000000000e+00 0.000000000000000000e+00 5.067256538461538673e-01 0.000000000000000000e+00 0.000000000000000000e+00 0.000000000000000000e+00 0.000000000000000000e+00 0.000000000000000000e+00 0.000000000000000000e+00 0.000000000000000000e+00 0.000000000000000000e+00 4.301919586776859483e-01 0.000000000000000000e+00 0.000000000000000000e+00
