2.887786420173679147e-01 4.961007190205513617e-01 4.122153529179041764e-01 5.143064737897783401e-01 3.345227342237658830e-01 0.000000000000000000e+00 3.608872735364099249e-01 4.931688281765269077e-01 3.767161426130329893e-01 0.000000000000000000e+00 3.184462336555095030e-01 4.862915575249194267e-01 3.601375695868089255e-01 0.000000000000000000e+00 4.092763109451860726e-01 0.000000000000000000e+00 2.994820415393596447e-01 4.928140347950771272e-01 4.093416740639509999e-01 5.239270072384321075e-01 0.000000000000000000e+00 0.000000000000000000e+00 3.959919206852682838e-01 4.748011785714285615e-01 0.000000000000000000e+00 0.000000000000000000e+00 3.259332470588234831e-01 0.000000000000000000e+00 3.996078128616077918e-01 5.123588113822233892e-01 4.459347929072592365e-01 4.647036709280302769e-01 4.322163058946218994e-01 5.135565267359953889e-01 4.541676168224298982e-01 5.148021587301586655e-01 4.827516869075787476e-01 4.942699772193773211e-01 0.000000000000000000e+00 0.000000000000000000e+00 4.531771864406779482e-01 0.000000000000000000e+00 3.837026138280672516e-01 0.000000000000000000e+00 4.043179301292504357e-01 4.770223374233128477e-01 4.261537065645423783e-01 0.000000000000000000e+00 4.156395178236151344e-01 4.494566870229008138e-01 4.325363093969741834e-01 0.000000000000000000e+00 4.118852277869892164e-01 0.000000000000000000e+00 4.170945771488743792e-01 0.000000000000000000e+00 3.392548625713014965e-01 4.958258634796809949e-01 4.160320596407510174e-01 4.807797891872278573e-01 4.105163808729753172e-01 4.825447123832727336e-01 3.726400536911206873e-01 4.723693114085540379e-01 4.442013640541210839e-01 5.010600341926382262e-01 3.994055469527478808e-01 5.132625127650985997e-01 3.027095761534012164e-01 5.127832215581857866e-01 3.721389579894137101e-01 5.166816789135439958e-01 3.798663374825068106e-01 4.743967647058163206e-01 0.000000000000000000e+00 0.000000000000000000e+00 4.006628347298386017e-01 4.961879944510504403e-01 3.816091454545453288e-01 0.000000000000000000e+00 3.953179557917808062e-01 0.000000000000000000e+00 0.000000000000000000e+00 0.000000000000000000e+00 4.236833618318890937e-01 0.000000000000000000e+00 0.000000000000000000e+00 0.000000000000000000e+00 4.204517654432883278e-01 0.000000000000000000e+00 4.335178563043330380e-01 4.826736582278481347e-01 0.000000000000000000e+00 0.000000000000000000e+00 4.803332293287204124e-01 0.000000000000000000e+00 4.676753913043477651e-01 0.000000000000000000e+00 0.000000000000000000e+00 4.851033935534591612e-01 4.486383120000000391e-01 0.000000000000000000e+00 4.195065602463563526e-01 4.339573683062618037e-01 4.316690957995008571e-01 4.859476998787155000e-01 4.395051351351351721e-01 3.929942649572649160e-01 0.000000000000000000e+00 0.000000000000000000e+00 0.000000000000000000e+00 0.000000000000000000e+00 0.000000000000000000e+00 3.870711823232323434e-01 0.000000000000000000e+00 0.000000000000000000e+00
4.961007190205513617e-01 2.994210757606325934e-01 5.286925701825343493e-01 3.292134927455646065e-01 0.000000000000000000e+00 3.707620547281665346e-01 4.891939243136330662e-01 3.386716814909838669e-01 0.000000000000000000e+00 3.740153175933387253e-01 4.822554796824205514e-01 3.582148760371278162e-01 4.988848670499778093e-01 4.071418405141413177e-01 0.000000000000000000e+00 3.980904524645190179e-01 4.990579001546783244e-01 3.101615524802857626e-01 5.288223654213255465e-01 3.117991851110700763e-01 0.000000000000000000e+00 0.000000000000000000e+00 0.000000000000000000e+00 0.000000000000000000e+00 0.000000000000000000e+00 0.000000000000000000e+00 0.000000000000000000e+00 0.000000000000000000e+00 5.293196832163328258e-01 4.040943934129803683e-01 4.808321582581437936e-01 3.941257872340426238e-01 5.072043829247163682e-01 4.302309242650368959e-01 4.652029051724138053e-01 0.000000000000000000e+00 5.385985473183716454e-01 5.112573149975815356e-01 0.000000000000000000e+00 0.000000000000000000e+00 0.000000000000000000e+00 0.000000000000000000e+00 0.000000000000000000e+00 4.139948949553640678e-01 5.084483716216215976e-01 4.301882586580103029e-01 0.000000000000000000e+00 0.000000000000000000e+00 4.876920076335877208e-01 4.135351772217000232e-01 4.630921593337523068e-01 3.874875930331134755e-01 0.000000000000000000e+00 3.854632059070725592e-01 0.000000000000000000e+00 4.059057358879439859e-01 4.901832209069754143e-01 3.399158280836467871e-01 5.066015674723599593e-01 4.220903940013416289e-01 4.851155658757748124e-01 3.951870245160061801e-01 4.786338642372881536e-01 3.930502498404331857e-01 0.000000000000000000e+00 3.937644987979239675e-01 5.022986471448186441e-01 4.425121536906030384e-01 5.172407944006350844e-01 2.986057506331812328e-01 4.964188057082443706e-01 3.733623523568710967e-01 4.961429779397500961e-01 4.008251515012310473e-01 0.000000000000000000e+00 3.984462716008406180e-01 4.900839145134951447e-01 4.021910203663753292e-01 0.000000000000000000e+00 0.000000000000000000e+00 4.245601300813007795e-01 4.465805927066307524e-01 0.000000000000000000e+00 3.855138062015503464e-01 4.722975428108251439e-01 4.320927641166000810e-01 0.000000000000000000e+00 0.000000000000000000e+00 0.000000000000000000e+00 4.326693547374719784e-01 4.608988164993566006e-01 4.666083616295368941e-01 4.888600847786488957e-01 4.422899435671756585e-01 4.388761208762703703e-01 4.557320007014590280e-01 5.089582435964993268e-01 0.000000000000000000e+00 4.616242261443188610e-01 4.858639941163885867e-01 4.918967936507935845e-01 4.492038181818181486e-01 4.642259959290737092e-01 4.458785326170747187e-01 4.346194533290057560e-01 4.881119704567464246e-01 4.369249629629629594e-01 4.014255169491525166e-01 0.000000000000000000e+00 0.000000000000000000e+00 0.000000000000000000e+00 0.000000000000000000e+00 0.000000000000000000e+00 4.975054736842104974e-01 4.355844081908191168e-01 4.344213977272726734e-01
4.122153529179041764e-01 5.286925701825343493e-01 2.782565771127630816e-01 4.880166799883532969e-01 2.137308275126684753e-01 4.192621320754716940e-01 3.354342609467066416e-01 4.757192412584352881e-01 2.550190019321252888e-01 4.212402565261418874e-01 4.146266679023877799e-01 4.817078794045264178e-01 3.648907352112667479e-01 4.510149424260729289e-01 3.199708180876351116e-01 4.147286334453853529e-01 4.167396110166975420e-01 5.043566642420567181e-01 3.043486751961763104e-01 5.398123690946771136e-01 0.000000000000000000e+00 0.000000000000000000e+00 2.518073384937820625e-01 4.581261260535178792e-01 2.706768747393734631e-01 3.864549949501736026e-01 2.930431797079779965e-01 0.000000000000000000e+00 3.931889308867492216e-01 4.742683809302267739e-01 3.747475490754716976e-01 4.457082958007632656e-01 4.434759363025445600e-01 5.386853016595221089e-01 4.480789873834779558e-01 0.000000000000000000e+00 4.780478737204975070e-01 5.529787854024941218e-01 0.000000000000000000e+00 0.000000000000000000e+00 4.213694861111111356e-01 0.000000000000000000e+00 4.151977074922185151e-01 0.000000000000000000e+00 4.215757389250726073e-01 0.000000000000000000e+00 4.492187366104213875e-01 0.000000000000000000e+00 4.294529537903253313e-01 0.000000000000000000e+00 4.058953372871153542e-01 4.676429602649005424e-01 3.772139047016914160e-01 0.000000000000000000e+00 3.999517421665165218e-01 0.000000000000000000e+00 4.168192313418518369e-01 4.759541930895628825e-01 4.394122972253097226e-01 5.276459813112689412e-01 4.078590484244252745e-01 0.000000000000000000e+00 3.952191932710675815e-01 4.749089919999999743e-01 3.976715861074406333e-01 5.096615034960548796e-01 4.664967362369633608e-01 5.176612133948346184e-01 4.038512388440088641e-01 0.000000000000000000e+00 3.751591551634360089e-01 4.875515316926442577e-01 3.796230962388600361e-01 4.733697341725995322e-01 3.272853654485050057e-01 4.580413670886075983e-01 4.160256392940900327e-01 4.887855494987028981e-01 0.000000000000000000e+00 0.000000000000000000e+00 3.908388277923312559e-01 0.000000000000000000e+00 0.000000000000000000e+00 0.000000000000000000e+00 3.892291918543151485e-01 0.000000000000000000e+00 4.157661904761904004e-01 0.000000000000000000e+00 3.881181594330672668e-01 0.000000000000000000e+00 4.138465444250870595e-01 4.098972265624999944e-01 4.148535530525030435e-01 0.000000000000000000e+00 4.481676741111333961e-01 4.041409913793103659e-01 0.000000000000000000e+00 0.000000000000000000e+00 4.338194531249999764e-01 0.000000000000000000e+00 4.255431922703697412e-01 0.000000000000000000e+00 4.463043330931705244e-01 4.043485044247787652e-01 4.244727047511818729e-01 4.074433358208955358e-01 4.838201666666666623e-01 4.424603188405796805e-01 0.000000000000000000e+00 0.000000000000000000e+00 3.994512012578615989e-01 0.000000000000000000e+00 0.000000000000000000e+00 4.144073606557377443e-01 0.000000000000000000e+00 0.000000000000000000e+00
5.143064737897783401e-01 3.292134927455646065e-01 4.880166799883532969e-01 2.504880060258179997e-01 4.182290294872463843e-01 1.871266243627432158e-01 4.753432183821122425e-01 3.528354316657331680e-01 4.338917302661463582e-01 2.994058966541189859e-01 5.069533530495332618e-01 4.248689390014341316e-01 4.601444313202687209e-01 3.844056477170346153e-01 4.395237380922058512e-01 3.206966711232748790e-01 5.260347657187159909e-01 4.301628312996941261e-01 5.418886313718415115e-01 3.051491136767757739e-01 4.395505961538460626e-01 3.489805357142857223e-01 4.574559511266985123e-01 2.483502123350291302e-01 4.348683780689013845e-01 2.381192241250137676e-01 4.327085615254848139e-01 3.005566449866570178e-01 4.911140237713088053e-01 3.763823980262271385e-01 4.196152569270530375e-01 3.684933836136045082e-01 5.135569660536933867e-01 3.725960670792189400e-01 0.000000000000000000e+00 4.601645109412936807e-01 5.249040058742935333e-01 4.845370751336042781e-01 0.000000000000000000e+00 0.000000000000000000e+00 0.000000000000000000e+00 0.000000000000000000e+00 0.000000000000000000e+00 4.566442340425532209e-01 0.000000000000000000e+00 4.644725973761007487e-01 0.000000000000000000e+00 0.000000000000000000e+00 0.000000000000000000e+00 4.566779846521423769e-01 0.000000000000000000e+00 4.398079907408476430e-01 0.000000000000000000e+00 4.290557999999999872e-01 0.000000000000000000e+00 0.000000000000000000e+00 5.130745142857142671e-01 3.790444046993625138e-01 5.526873754022988416e-01 4.354368119291887607e-01 0.000000000000000000e+00 4.241423102643080978e-01 4.634918933333333491e-01 4.207031448688730024e-01 0.000000000000000000e+00 4.332023010158875809e-01 4.930329687923997173e-01 4.503121299916190146e-01 5.015165800000001006e-01 3.970364628771811399e-01 4.836101417140691860e-01 4.102636905675364765e-01 4.492681497324877427e-01 3.835825831724011259e-01 0.000000000000000000e+00 3.598392669880208228e-01 4.988946991880749415e-01 4.281781924180415588e-01 0.000000000000000000e+00 0.000000000000000000e+00 0.000000000000000000e+00 0.000000000000000000e+00 0.000000000000000000e+00 3.636685070422535637e-01 4.911226597222221879e-01 3.923593944597807415e-01 0.000000000000000000e+00 3.561605760229614726e-01 0.000000000000000000e+00 3.835867928556971895e-01 4.536241480725928810e-01 4.429759575139369243e-01 4.692436734427244960e-01 4.625116129053149505e-01 4.857030632469203635e-01 4.690629213941417408e-01 4.440563742159355787e-01 0.000000000000000000e+00 4.533613154105355925e-01 4.497247448696453653e-01 4.858068062015503674e-01 4.572814424850448201e-01 4.662921634333290766e-01 4.445058982499565658e-01 4.874572325581395527e-01 4.654652771085057150e-01 4.477370932719771934e-01 0.000000000000000000e+00 0.000000000000000000e+00 0.000000000000000000e+00 4.294348761986722662e-01 0.000000000000000000e+00 0.000000000000000000e+00 0.000000000000000000e+00 0.000000000000000000e+00 0.000000000000000000e+00
3.345227342237658830e-01 0.000000000000000000e+00 2.137308275126684753e-01 4.182290294872463843e-01 2.108825816522780783e-01 4.621057482757372492e-01 2.942371458803665907e-01 4.374518426431435736e-01 2.585148736173246697e-01 4.304599981374983009e-01 3.831274339622641745e-01 0.000000000000000000e+00 3.306890159171902988e-01 4.276419764705882143e-01 2.951495466329767670e-01 4.515291323951123870e-01 0.000000000000000000e+00 0.000000000000000000e+00 3.595168146888636507e-01 0.000000000000000000e+00 3.331344789310540788e-01 4.536100546257795796e-01 2.309129670154288494e-01 4.321360473405732594e-01 2.029266590406864912e-01 4.606091626645370529e-01 3.363997756544264139e-01 4.546941168725004423e-01 3.244882486394934928e-01 3.942486885245902184e-01 3.448667839555972781e-01 4.391073296393261938e-01 3.802551569957556832e-01 0.000000000000000000e+00 4.002496724137931117e-01 0.000000000000000000e+00 3.613666755744255887e-01 0.000000000000000000e+00 4.387886721311475835e-01 0.000000000000000000e+00 0.000000000000000000e+00 0.000000000000000000e+00 4.419056293939819247e-01 0.000000000000000000e+00 4.324483515624999441e-01 0.000000000000000000e+00 4.414394032981700522e-01 0.000000000000000000e+00 4.388656896551724196e-01 0.000000000000000000e+00 4.098760104760795775e-01 4.822819329608938332e-01 0.000000000000000000e+00 0.000000000000000000e+00 4.298444820635468622e-01 0.000000000000000000e+00 0.000000000000000000e+00 0.000000000000000000e+00 0.000000000000000000e+00 0.000000000000000000e+00 3.623673385513542788e-01 0.000000000000000000e+00 3.849331913926757331e-01 0.000000000000000000e+00 3.760772512228208186e-01 0.000000000000000000e+00 0.000000000000000000e+00 0.000000000000000000e+00 4.184700796821512747e-01 0.000000000000000000e+00 3.356728269571933043e-01 4.640848802993364219e-01 3.147061964307193427e-01 0.000000000000000000e+00 0.000000000000000000e+00 0.000000000000000000e+00 3.393671932786247458e-01 4.724936851851851416e-01 0.000000000000000000e+00 0.000000000000000000e+00 3.535157019014325552e-01 0.000000000000000000e+00 3.909592486895063779e-01 0.000000000000000000e+00 3.897056970117500074e-01 0.000000000000000000e+00 4.164371884035723559e-01 0.000000000000000000e+00 3.826312668698351183e-01 0.000000000000000000e+00 0.000000000000000000e+00 3.799880646551724306e-01 3.980086590909091004e-01 0.000000000000000000e+00 0.000000000000000000e+00 0.000000000000000000e+00 0.000000000000000000e+00 0.000000000000000000e+00 0.000000000000000000e+00 0.000000000000000000e+00 0.000000000000000000e+00 0.000000000000000000e+00 0.000000000000000000e+00 3.763054769230769203e-01 3.706198991596638681e-01 3.721043297872340117e-01 0.000000000000000000e+00 0.000000000000000000e+00 0.000000000000000000e+00 0.000000000000000000e+00 0.000000000000000000e+00 0.000000000000000000e+00 0.000000000000000000e+00 0.000000000000000000e+00 0.000000000000000000e+00 0.000000000000000000e+00
0.000000000000000000e+00 3.707620547281665346e-01 4.192621320754716940e-01 1.871266243627432158e-01 4.621057482757372492e-01 2.014025894814134299e-01 4.057769142857142741e-01 2.965262210309438373e-01 4.294491919775203503e-01 2.448636693438254741e-01 0.000000000000000000e+00 3.210700061093332280e-01 4.164885855855854913e-01 3.280716967843959608e-01 4.212480293559899280e-01 2.837274885061469853e-01 0.000000000000000000e+00 3.673823174603175201e-01 4.054380924369747063e-01 3.574081396017955714e-01 4.549082370332309666e-01 3.702832243550863156e-01 4.030124015620035194e-01 2.366751308573098456e-01 4.301959066515153030e-01 1.751033633473164097e-01 4.530744556434797010e-01 2.471229043040653051e-01 0.000000000000000000e+00 2.877534708643115779e-01 4.010897298720715320e-01 3.394798122277444263e-01 3.840596176470588152e-01 3.552596415488500914e-01 0.000000000000000000e+00 0.000000000000000000e+00 0.000000000000000000e+00 4.173225938473433816e-01 0.000000000000000000e+00 4.063160363636363348e-01 0.000000000000000000e+00 0.000000000000000000e+00 0.000000000000000000e+00 4.468429100719424341e-01 0.000000000000000000e+00 4.507129048238764923e-01 0.000000000000000000e+00 4.422257991188930371e-01 0.000000000000000000e+00 4.286216981132074944e-01 5.082060328947367589e-01 3.846670282803765772e-01 0.000000000000000000e+00 4.431936151950334191e-01 0.000000000000000000e+00 4.043794590399539812e-01 0.000000000000000000e+00 3.816244476190476798e-01 0.000000000000000000e+00 0.000000000000000000e+00 0.000000000000000000e+00 3.259991382113821001e-01 0.000000000000000000e+00 0.000000000000000000e+00 0.000000000000000000e+00 0.000000000000000000e+00 5.189977044025156916e-01 4.260501532258064716e-01 0.000000000000000000e+00 0.000000000000000000e+00 4.700227163263194785e-01 3.242375994270394468e-01 0.000000000000000000e+00 3.065461843361186323e-01 0.000000000000000000e+00 2.700756766907465023e-01 0.000000000000000000e+00 3.434707994764458205e-01 0.000000000000000000e+00 0.000000000000000000e+00 0.000000000000000000e+00 3.890121873236680461e-01 0.000000000000000000e+00 3.895096529955305864e-01 0.000000000000000000e+00 3.885966359073443344e-01 0.000000000000000000e+00 3.820501182318246092e-01 0.000000000000000000e+00 3.934173314971555202e-01 4.074277709923664337e-01 3.805318965517241470e-01 3.923913333333333697e-01 3.712096183206107236e-01 0.000000000000000000e+00 0.000000000000000000e+00 0.000000000000000000e+00 0.000000000000000000e+00 0.000000000000000000e+00 0.000000000000000000e+00 0.000000000000000000e+00 0.000000000000000000e+00 3.720868167938931048e-01 0.000000000000000000e+00 0.000000000000000000e+00 3.911420652173912549e-01 0.000000000000000000e+00 0.000000000000000000e+00 0.000000000000000000e+00 0.000000000000000000e+00 0.000000000000000000e+00 0.000000000000000000e+00 0.000000000000000000e+00 0.000000000000000000e+00 0.000000000000000000e+00 0.000000000000000000e+00
3.608872735364099249e-01 4.891939243136330662e-01 3.354342609467066416e-01 4.753432183821122425e-01 2.942371458803665907e-01 4.057769142857142741e-01 2.825396620272274673e-01 4.679750824678223231e-01 2.338992210263081961e-01 4.305878627204175468e-01 4.062925832310431140e-01 4.800303500667860157e-01 2.990563840692495035e-01 4.417146080984352130e-01 3.420808325698410091e-01 4.503585316067351130e-01 3.836811543190499774e-01 4.921604131469174970e-01 4.197749228436660207e-01 5.225737245501520523e-01 0.000000000000000000e+00 0.000000000000000000e+00 3.730205350025365130e-01 4.541849596352358631e-01 3.033807962266149016e-01 3.494389999999999996e-01 3.075208448650392778e-01 0.000000000000000000e+00 3.729420877960539227e-01 4.529309952152146823e-01 3.916912416675363828e-01 4.360587561569096993e-01 4.105452976021087275e-01 5.068566982884810113e-01 4.807204196840025867e-01 5.086162322580646267e-01 4.270992977082219699e-01 0.000000000000000000e+00 0.000000000000000000e+00 0.000000000000000000e+00 0.000000000000000000e+00 0.000000000000000000e+00 3.783618834842286116e-01 0.000000000000000000e+00 4.018587600315682851e-01 5.088361578947369068e-01 4.311016929133857922e-01 0.000000000000000000e+00 4.148212454268665472e-01 0.000000000000000000e+00 4.093509271202184774e-01 0.000000000000000000e+00 4.025058256340597884e-01 0.000000000000000000e+00 4.003532232184695006e-01 0.000000000000000000e+00 4.025055634553189599e-01 4.939343354166667033e-01 4.047370008289413734e-01 5.004628932871069136e-01 4.096685501912167293e-01 4.825557580645160605e-01 3.970691573114277784e-01 4.194135673758865313e-01 4.242070146932114261e-01 0.000000000000000000e+00 4.505746910170426722e-01 5.065656590371437895e-01 4.233304608408716141e-01 4.708066142857142977e-01 3.350596661385044084e-01 5.042053062879077174e-01 3.614002327757616650e-01 4.589718148821488874e-01 0.000000000000000000e+00 4.381043571428572259e-01 3.770732187085150122e-01 4.699429720370233432e-01 0.000000000000000000e+00 0.000000000000000000e+00 3.743182594857326628e-01 0.000000000000000000e+00 0.000000000000000000e+00 0.000000000000000000e+00 4.040727108437758841e-01 4.536261818181817618e-01 3.948187871228117096e-01 0.000000000000000000e+00 4.057923359645461692e-01 4.585954409937888498e-01 4.230280720000000327e-01 4.238451357725066537e-01 3.980636076923076971e-01 3.810614666666666817e-01 4.567323625000000442e-01 0.000000000000000000e+00 0.000000000000000000e+00 0.000000000000000000e+00 4.645610982142857615e-01 0.000000000000000000e+00 0.000000000000000000e+00 0.000000000000000000e+00 4.175722931034482888e-01 4.300072881355931909e-01 4.191042076963262808e-01 0.000000000000000000e+00 0.000000000000000000e+00 0.000000000000000000e+00 0.000000000000000000e+00 0.000000000000000000e+00 0.000000000000000000e+00 0.000000000000000000e+00 0.000000000000000000e+00 3.930714909090909370e-01 0.000000000000000000e+00 0.000000000000000000e+00
4.931688281765269077e-01 3.386716814909838669e-01 4.757192412584352881e-01 3.528354316657331680e-01 4.374518426431435736e-01 2.965262210309438373e-01 4.679750824678223231e-01 2.746833548678053738e-01 4.299438883024494507e-01 2.390183869354828294e-01 4.723485179885836827e-01 3.113888706412191731e-01 4.353794832889769095e-01 3.245173506162298827e-01 4.155052307384309862e-01 3.153843741252540522e-01 4.889651922440583220e-01 3.978560395859194743e-01 5.152508764979959466e-01 4.126439205656637355e-01 0.000000000000000000e+00 0.000000000000000000e+00 4.515572250746375804e-01 3.577747795387177243e-01 4.606031107406759473e-01 2.986185750007788742e-01 3.952806455696202259e-01 2.899283518970766638e-01 4.646945436094795379e-01 3.627114647963289307e-01 4.282986129865883340e-01 3.640645847993910778e-01 4.821929022379516372e-01 3.919752774032435050e-01 5.020575709090909777e-01 4.453329699404761088e-01 5.333270803571428242e-01 4.305555437657620499e-01 0.000000000000000000e+00 0.000000000000000000e+00 0.000000000000000000e+00 0.000000000000000000e+00 0.000000000000000000e+00 3.675434550526819333e-01 0.000000000000000000e+00 4.112443014766540283e-01 4.677766802325581397e-01 0.000000000000000000e+00 4.629557380952380452e-01 3.856537108405446723e-01 4.601643997336377634e-01 3.732177668578618435e-01 0.000000000000000000e+00 3.607963175269510714e-01 0.000000000000000000e+00 3.857847642240808117e-01 4.962476095238094742e-01 3.838629620112574692e-01 4.882845388725414737e-01 4.171935103349332929e-01 4.615536441169644788e-01 3.890716308409318813e-01 4.730076136363636219e-01 3.854848207478543398e-01 4.342385954671256765e-01 3.789276732057237917e-01 4.768119786823359907e-01 4.724630313519230240e-01 4.677130929093912259e-01 4.380855780133943167e-01 4.538197766535815303e-01 3.378354418132760162e-01 4.571386706280731738e-01 3.618473447780209407e-01 0.000000000000000000e+00 2.961820884912959029e-01 4.671349205249000769e-01 3.933244432892035736e-01 0.000000000000000000e+00 0.000000000000000000e+00 0.000000000000000000e+00 4.147166333483635614e-01 0.000000000000000000e+00 0.000000000000000000e+00 4.275425898219926135e-01 4.155068420074334301e-01 0.000000000000000000e+00 3.829191051851852379e-01 4.375328174725274799e-01 4.123975884815633264e-01 4.571345451200609644e-01 4.348904999999999577e-01 4.327946447368420935e-01 4.431949889840881562e-01 0.000000000000000000e+00 0.000000000000000000e+00 0.000000000000000000e+00 0.000000000000000000e+00 4.511133954191032802e-01 4.379662476190475662e-01 4.288372409638554483e-01 0.000000000000000000e+00 4.304443962938402368e-01 4.220154599172213916e-01 0.000000000000000000e+00 4.399560741979355871e-01 0.000000000000000000e+00 0.000000000000000000e+00 0.000000000000000000e+00 0.000000000000000000e+00 0.000000000000000000e+00 0.000000000000000000e+00 0.000000000000000000e+00 0.000000000000000000e+00 0.000000000000000000e+00 0.000000000000000000e+00
3.767161426130329893e-01 0.000000000000000000e+00 2.550190019321252888e-01 4.338917302661463582e-01 2.585148736173246697e-01 4.294491919775203503e-01 2.338992210263081961e-01 4.299438883024494507e-01 2.000835455290943810e-01 4.103299452956431503e-01 3.822431311002661980e-01 0.000000000000000000e+00 3.138409203660749158e-01 4.130686501520757781e-01 2.251735026373314907e-01 4.208603322584298922e-01 3.626946502392195959e-01 3.674616964285714049e-01 3.719945565012494626e-01 0.000000000000000000e+00 3.637460000000000138e-01 0.000000000000000000e+00 2.917609551110635357e-01 4.125649738712591774e-01 2.518958134265424365e-01 4.223759944277337142e-01 2.665578626091727465e-01 0.000000000000000000e+00 3.234021504506523481e-01 4.040516249999999698e-01 2.892014570325107670e-01 3.820793543022684147e-01 3.602641949770258867e-01 0.000000000000000000e+00 0.000000000000000000e+00 0.000000000000000000e+00 4.085909780219780241e-01 0.000000000000000000e+00 0.000000000000000000e+00 0.000000000000000000e+00 0.000000000000000000e+00 0.000000000000000000e+00 4.261092625154047631e-01 0.000000000000000000e+00 0.000000000000000000e+00 0.000000000000000000e+00 4.286056259434545268e-01 0.000000000000000000e+00 0.000000000000000000e+00 5.110500900000000124e-01 4.113712336448598350e-01 0.000000000000000000e+00 0.000000000000000000e+00 0.000000000000000000e+00 4.247582926829269190e-01 0.000000000000000000e+00 0.000000000000000000e+00 0.000000000000000000e+00 3.452911472733972698e-01 0.000000000000000000e+00 4.016443353173626551e-01 0.000000000000000000e+00 4.128641167920740762e-01 0.000000000000000000e+00 3.914555637144457312e-01 0.000000000000000000e+00 4.190282434613700202e-01 4.536639186046511063e-01 4.186476474260762970e-01 0.000000000000000000e+00 2.994323173442402508e-01 4.843260153632138465e-01 3.063007450569580348e-01 4.228024167834127378e-01 3.873129186046512795e-01 0.000000000000000000e+00 3.467115101701545021e-01 3.723444999999999672e-01 0.000000000000000000e+00 0.000000000000000000e+00 3.544329428473964594e-01 0.000000000000000000e+00 4.176990432624113625e-01 0.000000000000000000e+00 3.829658354215179639e-01 0.000000000000000000e+00 3.817552513977862105e-01 0.000000000000000000e+00 3.735255974023962700e-01 0.000000000000000000e+00 3.820606176470588422e-01 0.000000000000000000e+00 3.841922170542635406e-01 0.000000000000000000e+00 0.000000000000000000e+00 0.000000000000000000e+00 0.000000000000000000e+00 0.000000000000000000e+00 0.000000000000000000e+00 0.000000000000000000e+00 0.000000000000000000e+00 0.000000000000000000e+00 0.000000000000000000e+00 3.838836617647058969e-01 0.000000000000000000e+00 3.799871057254391449e-01 0.000000000000000000e+00 0.000000000000000000e+00 0.000000000000000000e+00 0.000000000000000000e+00 0.000000000000000000e+00 0.000000000000000000e+00 0.000000000000000000e+00 0.000000000000000000e+00 0.000000000000000000e+00 0.000000000000000000e+00
0.000000000000000000e+00 3.740153175933387253e-01 4.212402565261418874e-01 2.994058966541189859e-01 4.304599981374983009e-01 2.448636693438254741e-01 4.305878627204175468e-01 2.390183869354828294e-01 4.103299452956431503e-01 2.609304309433900793e-01 0.000000000000000000e+00 3.519704542416772219e-01 3.785294345275840300e-01 3.225680043990694634e-01 4.145346006732364974e-01 2.921177629541534815e-01 0.000000000000000000e+00 0.000000000000000000e+00 0.000000000000000000e+00 3.970561615835241920e-01 0.000000000000000000e+00 0.000000000000000000e+00 4.165918386275596075e-01 3.134008048311990868e-01 4.495614889136053671e-01 2.450402090476190009e-01 4.533634414717348515e-01 2.949930794443511028e-01 4.193298936321875336e-01 3.364216558386434741e-01 3.653665877533814887e-01 3.422422350432960392e-01 0.000000000000000000e+00 3.772691315934825207e-01 0.000000000000000000e+00 0.000000000000000000e+00 0.000000000000000000e+00 0.000000000000000000e+00 0.000000000000000000e+00 0.000000000000000000e+00 0.000000000000000000e+00 0.000000000000000000e+00 0.000000000000000000e+00 0.000000000000000000e+00 0.000000000000000000e+00 3.612686830985915032e-01 0.000000000000000000e+00 0.000000000000000000e+00 0.000000000000000000e+00 0.000000000000000000e+00 0.000000000000000000e+00 3.790203495218579244e-01 0.000000000000000000e+00 0.000000000000000000e+00 0.000000000000000000e+00 4.207373362831858254e-01 0.000000000000000000e+00 3.719366711423700012e-01 0.000000000000000000e+00 0.000000000000000000e+00 0.000000000000000000e+00 4.182580808080808010e-01 0.000000000000000000e+00 0.000000000000000000e+00 0.000000000000000000e+00 3.429030252100839782e-01 0.000000000000000000e+00 0.000000000000000000e+00 0.000000000000000000e+00 4.002442475247524056e-01 4.834656346428571339e-01 3.068021214137401920e-01 4.239713047619048103e-01 3.194389899163687652e-01 0.000000000000000000e+00 0.000000000000000000e+00 0.000000000000000000e+00 3.408947844134008753e-01 0.000000000000000000e+00 0.000000000000000000e+00 0.000000000000000000e+00 3.787986666666667279e-01 0.000000000000000000e+00 3.550771219512194876e-01 0.000000000000000000e+00 4.014343848224172229e-01 0.000000000000000000e+00 0.000000000000000000e+00 0.000000000000000000e+00 3.930061650325529232e-01 0.000000000000000000e+00 4.100830638297872088e-01 0.000000000000000000e+00 0.000000000000000000e+00 0.000000000000000000e+00 0.000000000000000000e+00 0.000000000000000000e+00 0.000000000000000000e+00 0.000000000000000000e+00 0.000000000000000000e+00 0.000000000000000000e+00 0.000000000000000000e+00 0.000000000000000000e+00 0.000000000000000000e+00 0.000000000000000000e+00 0.000000000000000000e+00 0.000000000000000000e+00 0.000000000000000000e+00 0.000000000000000000e+00 0.000000000000000000e+00 0.000000000000000000e+00 0.000000000000000000e+00 0.000000000000000000e+00 0.000000000000000000e+00 0.000000000000000000e+00 0.000000000000000000e+00
3.184462336555095030e-01 4.822554796824205514e-01 4.146266679023877799e-01 5.069533530495332618e-01 3.831274339622641745e-01 0.000000000000000000e+00 4.062925832310431140e-01 4.723485179885836827e-01 3.822431311002661980e-01 0.000000000000000000e+00 2.722825532646094282e-01 4.740755572036571830e-01 3.243638589292772711e-01 4.030067472527472661e-01 4.201434647627030894e-01 0.000000000000000000e+00 2.996111585333472993e-01 4.914926700000000204e-01 4.349200152092491112e-01 5.183735944689680242e-01 0.000000000000000000e+00 0.000000000000000000e+00 4.038740758123117169e-01 4.668879987200615367e-01 0.000000000000000000e+00 0.000000000000000000e+00 3.750326379310345293e-01 0.000000000000000000e+00 4.068070435645785854e-01 4.509183665404040697e-01 4.099221152239136967e-01 4.639131919563312945e-01 4.065793138938066931e-01 5.040586978581428346e-01 0.000000000000000000e+00 0.000000000000000000e+00 4.954365523293211004e-01 0.000000000000000000e+00 0.000000000000000000e+00 0.000000000000000000e+00 0.000000000000000000e+00 0.000000000000000000e+00 0.000000000000000000e+00 0.000000000000000000e+00 0.000000000000000000e+00 0.000000000000000000e+00 0.000000000000000000e+00 0.000000000000000000e+00 0.000000000000000000e+00 0.000000000000000000e+00 4.104641469057683234e-01 0.000000000000000000e+00 3.732672123893805427e-01 0.000000000000000000e+00 4.093824664652858103e-01 0.000000000000000000e+00 4.081370019406733163e-01 0.000000000000000000e+00 4.333509237935447844e-01 0.000000000000000000e+00 4.315553068997164954e-01 0.000000000000000000e+00 4.337248162542600149e-01 0.000000000000000000e+00 4.606357261108248724e-01 0.000000000000000000e+00 4.520886275455457959e-01 0.000000000000000000e+00 4.523667018881368240e-01 0.000000000000000000e+00 3.575644181257274790e-01 4.923166428571428832e-01 4.006460996329557211e-01 4.633436009105836306e-01 0.000000000000000000e+00 0.000000000000000000e+00 3.970745341001121753e-01 4.623864371262019213e-01 4.138415833333333738e-01 0.000000000000000000e+00 4.091113634081054995e-01 0.000000000000000000e+00 0.000000000000000000e+00 0.000000000000000000e+00 4.187051584780481783e-01 0.000000000000000000e+00 0.000000000000000000e+00 0.000000000000000000e+00 4.099152111283281830e-01 0.000000000000000000e+00 0.000000000000000000e+00 0.000000000000000000e+00 0.000000000000000000e+00 0.000000000000000000e+00 0.000000000000000000e+00 0.000000000000000000e+00 0.000000000000000000e+00 0.000000000000000000e+00 0.000000000000000000e+00 0.000000000000000000e+00 0.000000000000000000e+00 0.000000000000000000e+00 0.000000000000000000e+00 0.000000000000000000e+00 0.000000000000000000e+00 0.000000000000000000e+00 0.000000000000000000e+00 0.000000000000000000e+00 0.000000000000000000e+00 0.000000000000000000e+00 0.000000000000000000e+00 0.000000000000000000e+00 0.000000000000000000e+00 0.000000000000000000e+00 0.000000000000000000e+00 0.000000000000000000e+00
4.862915575249194267e-01 3.582148760371278162e-01 4.817078794045264178e-01 4.248689390014341316e-01 0.000000000000000000e+00 3.210700061093332280e-01 4.800303500667860157e-01 3.113888706412191731e-01 0.000000000000000000e+00 3.519704542416772219e-01 4.740755572036571830e-01 2.725456462477317543e-01 4.498172868133770708e-01 2.857792142377746925e-01 0.000000000000000000e+00 3.736602048122823483e-01 5.075716195876288639e-01 3.447836976063178849e-01 4.970751918527220314e-01 4.479575815657889093e-01 0.000000000000000000e+00 0.000000000000000000e+00 4.752922739847649236e-01 4.096644269747072853e-01 0.000000000000000000e+00 0.000000000000000000e+00 0.000000000000000000e+00 0.000000000000000000e+00 5.005975681818182199e-01 3.558907234677861631e-01 4.587140133296442324e-01 4.018966857445596674e-01 4.967009392516517075e-01 4.160239166128545385e-01 0.000000000000000000e+00 0.000000000000000000e+00 0.000000000000000000e+00 4.647178949849850582e-01 0.000000000000000000e+00 0.000000000000000000e+00 0.000000000000000000e+00 0.000000000000000000e+00 0.000000000000000000e+00 0.000000000000000000e+00 0.000000000000000000e+00 0.000000000000000000e+00 0.000000000000000000e+00 0.000000000000000000e+00 0.000000000000000000e+00 3.589063957795431969e-01 0.000000000000000000e+00 4.010251400697460444e-01 4.488151823204420410e-01 3.742544039491903507e-01 0.000000000000000000e+00 3.796923275971289535e-01 0.000000000000000000e+00 4.007895089341051431e-01 0.000000000000000000e+00 3.873158282179683942e-01 0.000000000000000000e+00 3.973632399412222460e-01 0.000000000000000000e+00 4.104145848542845587e-01 0.000000000000000000e+00 4.019436489384118905e-01 4.864530467000897640e-01 4.310720025371247988e-01 5.071264462809916829e-01 4.133850318929584433e-01 0.000000000000000000e+00 3.648103077688604201e-01 4.722276428315529961e-01 3.891291862320208628e-01 0.000000000000000000e+00 0.000000000000000000e+00 4.644159227720399130e-01 3.955067759111330350e-01 0.000000000000000000e+00 4.179321516577060303e-01 0.000000000000000000e+00 4.388238170518404258e-01 0.000000000000000000e+00 0.000000000000000000e+00 0.000000000000000000e+00 4.292046547653385336e-01 0.000000000000000000e+00 4.473670349182313766e-01 0.000000000000000000e+00 4.279077911963966030e-01 3.948925748031496541e-01 0.000000000000000000e+00 0.000000000000000000e+00 4.235553230769230626e-01 0.000000000000000000e+00 0.000000000000000000e+00 0.000000000000000000e+00 0.000000000000000000e+00 0.000000000000000000e+00 0.000000000000000000e+00 0.000000000000000000e+00 0.000000000000000000e+00 0.000000000000000000e+00 0.000000000000000000e+00 0.000000000000000000e+00 0.000000000000000000e+00 0.000000000000000000e+00 0.000000000000000000e+00 0.000000000000000000e+00 0.000000000000000000e+00 0.000000000000000000e+00 0.000000000000000000e+00 0.000000000000000000e+00 4.047706571428570932e-01 0.000000000000000000e+00 0.000000000000000000e+00
3.601375695868089255e-01 4.988848670499778093e-01 3.648907352112667479e-01 4.601444313202687209e-01 3.306890159171902988e-01 4.164885855855854913e-01 2.990563840692495035e-01 4.353794832889769095e-01 3.138409203660749158e-01 3.785294345275840300e-01 3.243638589292772711e-01 4.498172868133770708e-01 2.490321555015239663e-01 4.403200900349136804e-01 2.407854838576589107e-01 4.237215938180540764e-01 4.032162425502659464e-01 4.545642379518072818e-01 4.079366175099095604e-01 4.875467495786606764e-01 0.000000000000000000e+00 0.000000000000000000e+00 3.623808803556393121e-01 4.509687801625998360e-01 3.689727777777778162e-01 0.000000000000000000e+00 3.028361438444230336e-01 0.000000000000000000e+00 3.099648124328563958e-01 4.504360134754375466e-01 3.523405490918751770e-01 4.188102736870374931e-01 3.821256483117345670e-01 4.753554256928344546e-01 4.344857894665632991e-01 0.000000000000000000e+00 4.227752023966341310e-01 0.000000000000000000e+00 0.000000000000000000e+00 0.000000000000000000e+00 3.585984262295082159e-01 0.000000000000000000e+00 4.375747581382261608e-01 0.000000000000000000e+00 4.470913639281129948e-01 0.000000000000000000e+00 4.452366114188557877e-01 0.000000000000000000e+00 4.461596299824112655e-01 0.000000000000000000e+00 4.245589806533237032e-01 0.000000000000000000e+00 0.000000000000000000e+00 0.000000000000000000e+00 3.961195929020066009e-01 0.000000000000000000e+00 4.169951310269944811e-01 4.597755254237287925e-01 4.411030231997765116e-01 4.627975214723926700e-01 4.322431889347213563e-01 0.000000000000000000e+00 4.156470165565755992e-01 0.000000000000000000e+00 4.414979862799108257e-01 0.000000000000000000e+00 4.392304093257635711e-01 4.835244026952462137e-01 4.085362367070040635e-01 0.000000000000000000e+00 3.364181749253762899e-01 4.559993722023456542e-01 3.736128560767310036e-01 4.396733383431746245e-01 0.000000000000000000e+00 0.000000000000000000e+00 3.752506872178539288e-01 4.554820678103222997e-01 3.991641680233866118e-01 0.000000000000000000e+00 3.868148266938286617e-01 0.000000000000000000e+00 0.000000000000000000e+00 0.000000000000000000e+00 3.989003168240626285e-01 0.000000000000000000e+00 4.306533838908981338e-01 0.000000000000000000e+00 4.060234640309361431e-01 0.000000000000000000e+00 0.000000000000000000e+00 0.000000000000000000e+00 4.200964186046511895e-01 0.000000000000000000e+00 0.000000000000000000e+00 0.000000000000000000e+00 0.000000000000000000e+00 0.000000000000000000e+00 0.000000000000000000e+00 0.000000000000000000e+00 0.000000000000000000e+00 0.000000000000000000e+00 0.000000000000000000e+00 0.000000000000000000e+00 0.000000000000000000e+00 4.163262403846153537e-01 0.000000000000000000e+00 0.000000000000000000e+00 0.000000000000000000e+00 0.000000000000000000e+00 0.000000000000000000e+00 0.000000000000000000e+00 0.000000000000000000e+00 0.000000000000000000e+00 0.000000000000000000e+00 0.000000000000000000e+00
