2.909168611509839741e-01 4.843271395417353964e-01 3.443155000508402730e-01 4.915386989396047235e-01 4.226692685747758804e-01 0.000000000000000000e+00 2.863108593847984995e-01 4.587793753693999999e-01 3.717686995593393329e-01 0.000000000000000000e+00 2.783762107517462336e-01 4.599942220313347208e-01 2.993288225750056486e-01 4.422105326086956389e-01 3.752544260297734358e-01 0.000000000000000000e+00 3.699748976668412737e-01 4.787704546415903484e-01 3.789239742440820846e-01 5.056188902916556316e-01 0.000000000000000000e+00 0.000000000000000000e+00 3.849909420220488099e-01 4.371847435447954733e-01 0.000000000000000000e+00 0.000000000000000000e+00 0.000000000000000000e+00 0.000000000000000000e+00 4.123986068990150300e-01 4.886670821273284004e-01 4.183025504244830550e-01 4.713869743015154934e-01 3.902324483196638605e-01 4.916998925725038494e-01 4.353488146551723892e-01 0.000000000000000000e+00 4.745967224731892919e-01 5.395021839406219932e-01 3.904524467107144958e-01 0.000000000000000000e+00 3.839971451612902986e-01 0.000000000000000000e+00 4.431748302604623935e-01 0.000000000000000000e+00 4.509102289140016762e-01 0.000000000000000000e+00 0.000000000000000000e+00 0.000000000000000000e+00 4.295912827457796235e-01 4.875918163860006871e-01 4.081312157163780596e-01 0.000000000000000000e+00 4.349016378066378197e-01 0.000000000000000000e+00 4.169711592183359961e-01 0.000000000000000000e+00 3.042442368383632689e-01 4.873359282649294411e-01 4.097750217094874858e-01 4.833910914655291102e-01 3.981222129751504912e-01 0.000000000000000000e+00 3.761476880205055773e-01 0.000000000000000000e+00 3.939938640608005027e-01 5.098216666666667285e-01 4.264366430879050762e-01 4.904669480411300020e-01 3.552662234122536122e-01 5.019611830769008520e-01 3.694385625120134575e-01 4.988477115862655076e-01 3.821891986504575289e-01 4.567288949830786149e-01 0.000000000000000000e+00 0.000000000000000000e+00 3.894051604382597342e-01 4.574964736990950187e-01 0.000000000000000000e+00 0.000000000000000000e+00 3.788995877452941974e-01 0.000000000000000000e+00 0.000000000000000000e+00 0.000000000000000000e+00 3.968619888105029969e-01 4.202950890410958595e-01 0.000000000000000000e+00 0.000000000000000000e+00 4.044793774333135805e-01 4.480254693192712856e-01 4.309683148496689098e-01 4.147723124338681400e-01 4.281811371735246285e-01 4.662566721520602364e-01 4.389338592042004716e-01 0.000000000000000000e+00 4.219157380008701219e-01 0.000000000000000000e+00 0.000000000000000000e+00 4.514459389312977522e-01 4.331151130434782170e-01 0.000000000000000000e+00 4.552506949152542171e-01 4.328696378520152099e-01 4.392696861908241823e-01 0.000000000000000000e+00 0.000000000000000000e+00 0.000000000000000000e+00 4.219232306409071986e-01 0.000000000000000000e+00 0.000000000000000000e+00 4.328356118021323140e-01 3.449425585585584320e-01 0.000000000000000000e+00 0.000000000000000000e+00 0.000000000000000000e+00
4.843271395417353964e-01 2.990366814063388223e-01 4.838989930966067221e-01 3.245677105249767935e-01 0.000000000000000000e+00 3.727193820859445172e-01 4.685714151116955328e-01 3.051464298191431390e-01 0.000000000000000000e+00 3.365800643322424679e-01 4.807315331896551136e-01 3.064621125099675769e-01 0.000000000000000000e+00 3.270085042606252212e-01 0.000000000000000000e+00 3.499151455235949282e-01 4.844124019571779405e-01 3.462552110969684960e-01 5.054259272995328400e-01 4.084881933558843214e-01 0.000000000000000000e+00 0.000000000000000000e+00 4.387148503342040984e-01 3.890543396320428893e-01 0.000000000000000000e+00 0.000000000000000000e+00 0.000000000000000000e+00 0.000000000000000000e+00 4.919711957295251903e-01 4.099281982660263890e-01 4.608515970255022687e-01 4.270738500175623731e-01 5.183940703995332244e-01 4.657342323780348514e-01 0.000000000000000000e+00 0.000000000000000000e+00 5.307149405068729564e-01 4.869107045358543329e-01 0.000000000000000000e+00 5.170754749330271904e-01 0.000000000000000000e+00 3.880384420302883108e-01 0.000000000000000000e+00 4.181933796584575980e-01 0.000000000000000000e+00 4.252448019044142158e-01 0.000000000000000000e+00 4.180717647058823094e-01 4.761755348837208857e-01 4.102530546991213778e-01 4.763145703837152189e-01 4.013099264963673751e-01 0.000000000000000000e+00 0.000000000000000000e+00 0.000000000000000000e+00 3.993532773402080349e-01 4.724204440800456872e-01 3.320616061634373284e-01 4.969588271410809721e-01 4.125153262275976784e-01 4.769425646133542140e-01 3.996400587641780189e-01 0.000000000000000000e+00 3.676180909039381550e-01 0.000000000000000000e+00 3.994541507040942352e-01 4.923278851752665441e-01 4.036559479724327049e-01 5.244514529669117575e-01 3.563824742768848530e-01 5.177157528110168938e-01 3.683723794736349366e-01 4.548538877765372357e-01 3.831907144371838880e-01 0.000000000000000000e+00 3.201586764705882659e-01 4.685698209587281227e-01 3.885861711856782863e-01 0.000000000000000000e+00 0.000000000000000000e+00 4.846484432989691116e-01 4.391441973096866236e-01 0.000000000000000000e+00 0.000000000000000000e+00 4.392849062499999957e-01 4.066068342435327776e-01 0.000000000000000000e+00 0.000000000000000000e+00 4.723793963414633645e-01 4.001064333911565352e-01 0.000000000000000000e+00 4.369379450145328692e-01 4.487390855263159173e-01 4.411452349712451371e-01 0.000000000000000000e+00 4.154334881958000047e-01 4.665294468085106616e-01 4.650278808703598998e-01 0.000000000000000000e+00 4.428718226591083496e-01 0.000000000000000000e+00 4.248751720591765757e-01 4.796701811652476222e-01 4.522582053105511091e-01 0.000000000000000000e+00 4.307356262961714033e-01 0.000000000000000000e+00 0.000000000000000000e+00 0.000000000000000000e+00 0.000000000000000000e+00 0.000000000000000000e+00 4.234750838772421422e-01 4.116274226121141577e-01 3.442766140350876913e-01 3.808989596491227925e-01 0.000000000000000000e+00
3.443155000508402730e-01 4.838989930966067221e-01 2.439565774609098181e-01 4.681158266956496616e-01 2.243147665435185345e-01 4.625191242676264247e-01 2.833614966507628785e-01 4.619662861223492456e-01 3.109707644544740801e-01 4.543916803285749650e-01 3.723222620332757860e-01 4.648518242292959957e-01 3.436690715598354484e-01 4.536556100354142140e-01 3.480966023957717814e-01 4.425837775032750443e-01 3.818889521343962201e-01 4.800624081886817884e-01 3.125309571684583565e-01 4.921622811740997694e-01 0.000000000000000000e+00 0.000000000000000000e+00 2.538380095064393660e-01 4.420193578706992921e-01 3.150221357709069303e-01 4.342640403392423742e-01 3.429295480910830030e-01 0.000000000000000000e+00 3.591043751221735802e-01 4.432771696751049983e-01 3.866644341891176118e-01 4.320669696247589897e-01 3.999767685592988120e-01 4.817506568537844314e-01 4.405715344068796280e-01 0.000000000000000000e+00 4.177024800225612733e-01 0.000000000000000000e+00 3.940024261526982041e-01 0.000000000000000000e+00 4.038866414658635051e-01 0.000000000000000000e+00 4.366454235972225262e-01 0.000000000000000000e+00 4.401777453994973333e-01 5.432456894409937176e-01 4.351779212162906196e-01 0.000000000000000000e+00 4.436272902577926280e-01 0.000000000000000000e+00 4.105517162328113367e-01 0.000000000000000000e+00 3.883272787974208495e-01 4.076028244680851564e-01 4.141811453661985998e-01 0.000000000000000000e+00 4.001321290834505273e-01 4.701469664739884591e-01 4.371352918533796816e-01 4.701433789461815782e-01 3.930780307674746621e-01 0.000000000000000000e+00 3.901782419692840786e-01 4.347567385620915159e-01 3.812994476031090207e-01 4.225747304964538320e-01 4.410268128207623373e-01 4.779565393939393947e-01 3.607647368608963290e-01 5.165805333333334248e-01 3.618411721903457834e-01 4.658317540512395549e-01 3.632327187004066316e-01 4.566141478258101127e-01 3.384530824649183423e-01 0.000000000000000000e+00 3.876460537256607997e-01 4.566255932218351021e-01 3.687305000000000166e-01 0.000000000000000000e+00 3.831797939271196496e-01 4.624842962962961712e-01 0.000000000000000000e+00 0.000000000000000000e+00 3.941605023750579528e-01 4.399945443037974746e-01 3.896091351351351761e-01 0.000000000000000000e+00 3.902568196733074424e-01 0.000000000000000000e+00 4.280664353221454443e-01 4.226928966102355689e-01 4.043184553330045894e-01 4.243689787579065786e-01 4.162611321784616125e-01 0.000000000000000000e+00 4.213849197619743969e-01 0.000000000000000000e+00 0.000000000000000000e+00 0.000000000000000000e+00 0.000000000000000000e+00 0.000000000000000000e+00 4.244402380272333519e-01 4.179756118421052435e-01 4.372433661495354618e-01 0.000000000000000000e+00 0.000000000000000000e+00 4.584651929824561378e-01 0.000000000000000000e+00 0.000000000000000000e+00 0.000000000000000000e+00 0.000000000000000000e+00 0.000000000000000000e+00 0.000000000000000000e+00 4.386440934579438622e-01 0.000000000000000000e+00
4.915386989396047235e-01 3.245677105249767935e-01 4.681158266956496616e-01 2.542877832581933450e-01 4.525221086956521255e-01 2.444316259406108249e-01 4.509608616859451247e-01 2.815583509958855535e-01 4.490630265363569351e-01 3.403179261490375529e-01 4.630679460364204303e-01 3.674109727514548451e-01 4.324435590463696633e-01 3.525340910752008394e-01 4.515712060731548183e-01 3.423769410920264877e-01 4.650823823778341692e-01 3.892633678216162463e-01 4.879753607251931524e-01 3.277930206565639604e-01 0.000000000000000000e+00 0.000000000000000000e+00 4.491340290725059914e-01 2.687925170464023350e-01 4.554765201706506006e-01 2.786788248988440464e-01 0.000000000000000000e+00 3.425627457582468005e-01 4.473406709799065406e-01 3.666624337706606007e-01 4.298844853495297769e-01 3.538653543204531293e-01 4.955618696089593156e-01 4.020053776846784777e-01 0.000000000000000000e+00 0.000000000000000000e+00 5.178556200000000720e-01 4.384241858740240416e-01 0.000000000000000000e+00 0.000000000000000000e+00 0.000000000000000000e+00 3.693261925170068238e-01 0.000000000000000000e+00 4.480031806706350483e-01 0.000000000000000000e+00 4.431129320771566849e-01 0.000000000000000000e+00 4.245454869565217781e-01 0.000000000000000000e+00 4.166797503096935640e-01 4.688980999642939906e-01 4.125165905782924303e-01 0.000000000000000000e+00 4.540231504744894897e-01 0.000000000000000000e+00 4.360387297043924471e-01 4.690907447427031252e-01 4.111444435118435936e-01 4.603192273761089748e-01 4.165715816205435851e-01 4.634548970141187940e-01 4.106801074944630980e-01 0.000000000000000000e+00 3.926645521926234172e-01 3.942158733333334109e-01 4.113994195426353140e-01 4.734834856727243024e-01 4.328969522216496446e-01 4.737824878462621458e-01 4.219622233249158416e-01 4.823990543438776424e-01 3.707036462569238688e-01 4.481748382114861817e-01 3.707862802192543605e-01 0.000000000000000000e+00 3.458335675061514070e-01 4.506053244230435739e-01 3.883484651196137394e-01 0.000000000000000000e+00 0.000000000000000000e+00 4.371299503205128278e-01 3.923891172412262707e-01 0.000000000000000000e+00 4.020668707625372207e-01 4.490562907900337852e-01 4.103444531286027375e-01 0.000000000000000000e+00 3.874809236641221788e-01 4.498431703065133846e-01 4.007313949516443374e-01 4.241124250645995075e-01 4.134763505483025070e-01 4.308174723298865416e-01 4.186776183444226862e-01 4.209408464549804219e-01 3.920942414148351762e-01 4.092084339622640843e-01 0.000000000000000000e+00 0.000000000000000000e+00 4.082647886856182740e-01 0.000000000000000000e+00 4.149690511204481846e-01 0.000000000000000000e+00 4.032531472954424268e-01 4.340163652173912867e-01 4.153498694368131794e-01 0.000000000000000000e+00 0.000000000000000000e+00 0.000000000000000000e+00 0.000000000000000000e+00 0.000000000000000000e+00 3.925523464566930132e-01 3.735854444444444145e-01 0.000000000000000000e+00 0.000000000000000000e+00 0.000000000000000000e+00
4.226692685747758804e-01 0.000000000000000000e+00 2.243147665435185345e-01 4.525221086956521255e-01 2.307847875364098245e-01 4.534005107020166458e-01 2.820627503464692154e-01 0.000000000000000000e+00 2.486091776319615809e-01 4.964139741573033726e-01 3.138879537473794334e-01 0.000000000000000000e+00 3.259866172550558994e-01 0.000000000000000000e+00 3.107862218013082711e-01 4.582732957746479263e-01 0.000000000000000000e+00 0.000000000000000000e+00 0.000000000000000000e+00 0.000000000000000000e+00 3.412123261538461128e-01 4.797959372148378199e-01 1.773299439292757296e-01 4.381735820179022967e-01 2.375337699463347385e-01 4.534158222371112434e-01 2.799974756785051366e-01 4.608699058387871195e-01 3.669297158859726737e-01 0.000000000000000000e+00 3.891716877487303439e-01 4.059511319450808675e-01 3.916301078431372318e-01 0.000000000000000000e+00 0.000000000000000000e+00 0.000000000000000000e+00 4.338176559157125300e-01 0.000000000000000000e+00 0.000000000000000000e+00 0.000000000000000000e+00 4.000118118864318673e-01 0.000000000000000000e+00 4.733117664233576494e-01 0.000000000000000000e+00 0.000000000000000000e+00 0.000000000000000000e+00 4.597854178197064989e-01 0.000000000000000000e+00 0.000000000000000000e+00 0.000000000000000000e+00 4.504442641216164223e-01 0.000000000000000000e+00 0.000000000000000000e+00 0.000000000000000000e+00 0.000000000000000000e+00 0.000000000000000000e+00 0.000000000000000000e+00 0.000000000000000000e+00 4.189018803418803616e-01 0.000000000000000000e+00 3.768073748229222031e-01 0.000000000000000000e+00 0.000000000000000000e+00 0.000000000000000000e+00 0.000000000000000000e+00 0.000000000000000000e+00 4.122260399145298848e-01 0.000000000000000000e+00 3.789527777777777495e-01 0.000000000000000000e+00 3.865845789565096613e-01 5.260934000383711284e-01 3.774927862503785203e-01 5.081277978723405253e-01 0.000000000000000000e+00 0.000000000000000000e+00 3.663018124944275034e-01 0.000000000000000000e+00 0.000000000000000000e+00 0.000000000000000000e+00 4.479981509433961784e-01 0.000000000000000000e+00 3.891596370017906259e-01 0.000000000000000000e+00 4.157908252286369177e-01 0.000000000000000000e+00 3.776690508474575547e-01 0.000000000000000000e+00 4.249752652693969401e-01 0.000000000000000000e+00 4.272795035460992263e-01 0.000000000000000000e+00 0.000000000000000000e+00 0.000000000000000000e+00 0.000000000000000000e+00 0.000000000000000000e+00 0.000000000000000000e+00 0.000000000000000000e+00 0.000000000000000000e+00 3.795071837837837303e-01 4.056288642857143190e-01 0.000000000000000000e+00 0.000000000000000000e+00 0.000000000000000000e+00 4.326543839285714177e-01 0.000000000000000000e+00 0.000000000000000000e+00 0.000000000000000000e+00 0.000000000000000000e+00 0.000000000000000000e+00 0.000000000000000000e+00 0.000000000000000000e+00 0.000000000000000000e+00 0.000000000000000000e+00 0.000000000000000000e+00 0.000000000000000000e+00
0.000000000000000000e+00 3.727193820859445172e-01 4.625191242676264247e-01 2.444316259406108249e-01 4.534005107020166458e-01 2.040289017294459883e-01 4.178634227398237977e-01 2.766215540125382399e-01 4.520243360119470255e-01 2.062453410874953430e-01 0.000000000000000000e+00 3.513158329861036377e-01 4.234176006944444515e-01 3.447320093215492931e-01 4.339103963979009104e-01 3.244650440579489037e-01 0.000000000000000000e+00 4.052559387755102494e-01 4.340295333704116132e-01 3.468663374797819610e-01 4.285938229267062249e-01 3.854530050375939987e-01 4.511562099679731763e-01 2.211813786720291386e-01 4.558265965790114227e-01 2.644507794474264539e-01 4.610766748554913086e-01 2.354104990303812761e-01 4.197061720430107501e-01 3.073913743128022791e-01 4.158770753301836431e-01 3.800858423365577887e-01 3.947649139784945582e-01 3.716226219504304429e-01 0.000000000000000000e+00 4.013567604166667357e-01 0.000000000000000000e+00 4.348311282051281479e-01 0.000000000000000000e+00 0.000000000000000000e+00 0.000000000000000000e+00 0.000000000000000000e+00 0.000000000000000000e+00 4.812195784729455528e-01 0.000000000000000000e+00 3.886538551992878565e-01 0.000000000000000000e+00 4.589035893962911117e-01 0.000000000000000000e+00 4.171998431401802154e-01 0.000000000000000000e+00 4.182497689753695846e-01 0.000000000000000000e+00 4.835426923076922567e-01 0.000000000000000000e+00 4.971715497704315978e-01 0.000000000000000000e+00 4.266756554621849440e-01 0.000000000000000000e+00 3.907737865180014314e-01 0.000000000000000000e+00 4.733262342342343110e-01 0.000000000000000000e+00 3.660358315789473127e-01 0.000000000000000000e+00 3.927146990053554387e-01 0.000000000000000000e+00 3.969218452249634321e-01 0.000000000000000000e+00 3.640924056603773717e-01 4.691263330374024765e-01 3.595825095375639879e-01 4.508535005168075593e-01 3.616542280712650159e-01 0.000000000000000000e+00 0.000000000000000000e+00 4.572143307086614095e-01 3.679181923239083218e-01 0.000000000000000000e+00 0.000000000000000000e+00 0.000000000000000000e+00 4.138005408963585374e-01 0.000000000000000000e+00 4.219366611111112775e-01 0.000000000000000000e+00 4.128281039638541094e-01 0.000000000000000000e+00 3.732855662668033148e-01 0.000000000000000000e+00 4.304382572990014810e-01 0.000000000000000000e+00 4.120747727805048610e-01 0.000000000000000000e+00 0.000000000000000000e+00 0.000000000000000000e+00 0.000000000000000000e+00 0.000000000000000000e+00 0.000000000000000000e+00 0.000000000000000000e+00 0.000000000000000000e+00 0.000000000000000000e+00 0.000000000000000000e+00 0.000000000000000000e+00 3.722388448275861794e-01 0.000000000000000000e+00 0.000000000000000000e+00 0.000000000000000000e+00 0.000000000000000000e+00 0.000000000000000000e+00 0.000000000000000000e+00 0.000000000000000000e+00 0.000000000000000000e+00 0.000000000000000000e+00 0.000000000000000000e+00 0.000000000000000000e+00 0.000000000000000000e+00
2.863108593847984995e-01 4.685714151116955328e-01 2.833614966507628785e-01 4.509608616859451247e-01 2.820627503464692154e-01 4.178634227398237977e-01 2.509289399046283342e-01 4.493049090233990905e-01 2.660599494664911413e-01 0.000000000000000000e+00 3.134954857907749637e-01 4.585629307091603213e-01 2.971135135659388471e-01 4.497294672358758127e-01 2.991162203630506888e-01 4.284779221801491289e-01 3.711886961727555168e-01 4.725504813200498422e-01 3.723692689105235765e-01 4.849621189581040381e-01 3.773426323529411319e-01 0.000000000000000000e+00 3.468071844594496356e-01 4.476885647863121376e-01 0.000000000000000000e+00 4.273266171768936306e-01 0.000000000000000000e+00 0.000000000000000000e+00 3.400975429362292357e-01 4.603849469348373358e-01 3.480317120777398077e-01 4.276236315276620847e-01 3.797854003172672632e-01 4.877524178663167898e-01 4.167623294969374781e-01 0.000000000000000000e+00 3.893639778317213307e-01 0.000000000000000000e+00 0.000000000000000000e+00 0.000000000000000000e+00 4.359148226174301421e-01 0.000000000000000000e+00 4.089555636135844274e-01 0.000000000000000000e+00 4.373196998439107808e-01 0.000000000000000000e+00 0.000000000000000000e+00 0.000000000000000000e+00 4.074105614666244102e-01 4.541661161290322379e-01 3.907234246260441468e-01 4.474121120879120950e-01 0.000000000000000000e+00 0.000000000000000000e+00 3.799319561490080988e-01 0.000000000000000000e+00 3.857254043006975164e-01 4.626077117528992200e-01 4.016291984814706062e-01 4.857337111111110772e-01 3.928250687153080345e-01 0.000000000000000000e+00 3.809122311791718896e-01 0.000000000000000000e+00 3.812310858791351231e-01 0.000000000000000000e+00 4.211731048750162465e-01 4.794009306134452975e-01 4.065460804376407333e-01 0.000000000000000000e+00 3.196560917828108472e-01 4.865606465013201931e-01 3.455790992892920910e-01 4.508137768088534836e-01 3.615283863636363781e-01 0.000000000000000000e+00 3.764926078853955138e-01 4.290282650007894438e-01 0.000000000000000000e+00 0.000000000000000000e+00 3.716543808126408499e-01 0.000000000000000000e+00 0.000000000000000000e+00 0.000000000000000000e+00 3.858181874680924883e-01 4.671157414965985688e-01 0.000000000000000000e+00 0.000000000000000000e+00 3.911951355214968173e-01 4.610163766233766336e-01 4.108122035285352025e-01 4.036684934454434770e-01 3.818585338345864555e-01 4.035756686390531978e-01 4.059170863612227009e-01 0.000000000000000000e+00 0.000000000000000000e+00 0.000000000000000000e+00 0.000000000000000000e+00 4.142478794326241442e-01 0.000000000000000000e+00 0.000000000000000000e+00 0.000000000000000000e+00 4.199858637238231829e-01 4.410588681311320980e-01 4.204181403508771564e-01 0.000000000000000000e+00 0.000000000000000000e+00 3.691641199999999845e-01 0.000000000000000000e+00 0.000000000000000000e+00 0.000000000000000000e+00 0.000000000000000000e+00 4.394708256880733854e-01 0.000000000000000000e+00 0.000000000000000000e+00
4.587793753693999999e-01 3.051464298191431390e-01 4.619662861223492456e-01 2.815583509958855535e-01 0.000000000000000000e+00 2.766215540125382399e-01 4.493049090233990905e-01 2.507772149442952792e-01 4.396681812192613781e-01 2.996871458637646035e-01 4.565829969363809360e-01 2.864675329299941064e-01 4.361824290189953435e-01 2.799384477935987214e-01 4.417774430462010904e-01 3.036762433778302794e-01 4.474249431387755105e-01 3.761879647368047697e-01 4.788841727757013333e-01 3.760520671639411838e-01 0.000000000000000000e+00 0.000000000000000000e+00 4.604107492564539772e-01 3.395244347572557442e-01 0.000000000000000000e+00 3.340567401556571725e-01 0.000000000000000000e+00 0.000000000000000000e+00 4.376519967632138131e-01 3.508034574818638118e-01 4.275475444693820903e-01 3.753060069748494487e-01 4.739521317536451450e-01 3.850285888037338622e-01 4.156870531578946704e-01 0.000000000000000000e+00 4.928993750000000285e-01 4.144762780780944511e-01 0.000000000000000000e+00 0.000000000000000000e+00 0.000000000000000000e+00 4.028422180967962674e-01 4.315872093023255807e-01 3.966520565102445994e-01 0.000000000000000000e+00 4.188022195663896330e-01 0.000000000000000000e+00 4.521355051546392390e-01 0.000000000000000000e+00 3.905015635993354106e-01 3.927439825581395816e-01 3.836060761336430591e-01 0.000000000000000000e+00 4.057509083908046321e-01 0.000000000000000000e+00 3.882563335279433092e-01 4.592060002275684116e-01 3.911840238325176577e-01 4.335292967499936312e-01 4.062003041607195053e-01 0.000000000000000000e+00 4.034586534667146118e-01 4.225100942028985340e-01 3.872817035833774346e-01 4.244643705851137150e-01 3.809456996638951320e-01 4.591287070230629652e-01 4.231140943001904242e-01 4.979199690965732117e-01 3.783541259078920804e-01 4.833577194515041864e-01 3.261859722788298943e-01 4.411218139017420437e-01 3.621054012762330299e-01 0.000000000000000000e+00 3.710297857142856870e-01 4.385164355044683937e-01 3.826169483724974896e-01 0.000000000000000000e+00 4.136226868686869174e-01 4.362770274334337173e-01 3.890364040964898740e-01 0.000000000000000000e+00 3.990218423809523962e-01 4.249499179679679384e-01 3.884420823968919301e-01 0.000000000000000000e+00 0.000000000000000000e+00 4.444111645569619462e-01 3.850799736012839314e-01 0.000000000000000000e+00 3.932574064516444756e-01 0.000000000000000000e+00 4.027967854229762001e-01 0.000000000000000000e+00 3.606769534883720874e-01 0.000000000000000000e+00 0.000000000000000000e+00 0.000000000000000000e+00 3.974625185185184928e-01 4.538514691358024877e-01 4.221644246241236798e-01 0.000000000000000000e+00 3.465792040816326747e-01 4.367857765797101832e-01 3.877644650259900461e-01 0.000000000000000000e+00 4.411167434554973954e-01 4.209764369747899249e-01 0.000000000000000000e+00 4.366930491803278636e-01 0.000000000000000000e+00 4.158901858407080265e-01 0.000000000000000000e+00 4.003050315789473679e-01 0.000000000000000000e+00
3.717686995593393329e-01 0.000000000000000000e+00 3.109707644544740801e-01 4.490630265363569351e-01 2.486091776319615809e-01 4.520243360119470255e-01 2.660599494664911413e-01 4.396681812192613781e-01 2.378900028360616259e-01 4.375959497127469011e-01 3.632082995736246045e-01 0.000000000000000000e+00 3.076344295974696719e-01 0.000000000000000000e+00 2.739974776558636305e-01 4.283212598150924477e-01 3.914438286452714411e-01 0.000000000000000000e+00 0.000000000000000000e+00 0.000000000000000000e+00 0.000000000000000000e+00 0.000000000000000000e+00 3.604791008767174176e-01 4.744757581383649558e-01 3.445900562332890882e-01 4.214392074462857130e-01 3.213390296621908004e-01 4.666229240506328813e-01 3.509753708700993347e-01 0.000000000000000000e+00 3.622437100525868203e-01 4.101941575856699052e-01 4.019029042957746323e-01 0.000000000000000000e+00 0.000000000000000000e+00 0.000000000000000000e+00 3.662416277777777451e-01 0.000000000000000000e+00 0.000000000000000000e+00 0.000000000000000000e+00 4.162805243506493835e-01 0.000000000000000000e+00 0.000000000000000000e+00 0.000000000000000000e+00 4.693913428571428459e-01 0.000000000000000000e+00 0.000000000000000000e+00 0.000000000000000000e+00 4.184112671232876335e-01 0.000000000000000000e+00 4.112926548269573157e-01 0.000000000000000000e+00 0.000000000000000000e+00 0.000000000000000000e+00 0.000000000000000000e+00 0.000000000000000000e+00 3.835004389906613298e-01 0.000000000000000000e+00 4.251297561766866906e-01 0.000000000000000000e+00 3.947945493432291619e-01 0.000000000000000000e+00 3.871934727272727250e-01 0.000000000000000000e+00 3.938665767843343990e-01 0.000000000000000000e+00 0.000000000000000000e+00 0.000000000000000000e+00 4.214897500000000519e-01 0.000000000000000000e+00 3.562568882751256938e-01 4.500254610271149924e-01 3.728906977033912828e-01 0.000000000000000000e+00 3.985274199999999656e-01 0.000000000000000000e+00 3.645483246020135293e-01 4.339506009840928269e-01 0.000000000000000000e+00 0.000000000000000000e+00 3.830657253544728635e-01 0.000000000000000000e+00 3.729141828375668322e-01 0.000000000000000000e+00 3.987153552963448866e-01 0.000000000000000000e+00 0.000000000000000000e+00 0.000000000000000000e+00 4.100709854856943726e-01 0.000000000000000000e+00 4.080806500000000447e-01 0.000000000000000000e+00 0.000000000000000000e+00 4.029756330935251318e-01 0.000000000000000000e+00 0.000000000000000000e+00 0.000000000000000000e+00 0.000000000000000000e+00 0.000000000000000000e+00 0.000000000000000000e+00 0.000000000000000000e+00 0.000000000000000000e+00 0.000000000000000000e+00 0.000000000000000000e+00 3.905767327380952336e-01 0.000000000000000000e+00 0.000000000000000000e+00 4.313696590909090745e-01 0.000000000000000000e+00 0.000000000000000000e+00 0.000000000000000000e+00 0.000000000000000000e+00 0.000000000000000000e+00 0.000000000000000000e+00 0.000000000000000000e+00 0.000000000000000000e+00
0.000000000000000000e+00 3.365800643322424679e-01 4.543916803285749650e-01 3.403179261490375529e-01 4.964139741573033726e-01 2.062453410874953430e-01 0.000000000000000000e+00 2.996871458637646035e-01 4.375959497127469011e-01 2.234108716128719307e-01 0.000000000000000000e+00 3.462324207410734100e-01 3.941909363226059337e-01 3.271253890728407221e-01 4.379263628248469820e-01 2.527698694185235850e-01 0.000000000000000000e+00 3.781642531008518326e-01 4.087511167219367580e-01 3.410526426521746646e-01 0.000000000000000000e+00 4.231288378378378345e-01 4.461694309311451945e-01 3.295789926157005056e-01 4.404740413195585846e-01 3.050446115723571827e-01 0.000000000000000000e+00 2.248463529503910430e-01 0.000000000000000000e+00 3.407319639936767786e-01 4.426844167154427301e-01 3.896700051370576290e-01 0.000000000000000000e+00 3.654510410026145517e-01 0.000000000000000000e+00 0.000000000000000000e+00 0.000000000000000000e+00 3.717485619834710597e-01 0.000000000000000000e+00 0.000000000000000000e+00 0.000000000000000000e+00 3.832758712123711109e-01 0.000000000000000000e+00 0.000000000000000000e+00 0.000000000000000000e+00 0.000000000000000000e+00 0.000000000000000000e+00 4.733568981377327956e-01 0.000000000000000000e+00 4.328700938433632239e-01 0.000000000000000000e+00 3.698349698591380519e-01 0.000000000000000000e+00 4.571515248489624317e-01 0.000000000000000000e+00 4.860836806722689252e-01 0.000000000000000000e+00 3.696526019094015791e-01 4.466791110526315833e-01 3.784345664785019325e-01 0.000000000000000000e+00 4.375231766274218503e-01 0.000000000000000000e+00 3.971196810344827521e-01 0.000000000000000000e+00 3.799867514566927507e-01 0.000000000000000000e+00 3.973767259542166919e-01 0.000000000000000000e+00 4.124878412698411712e-01 0.000000000000000000e+00 3.342939332006187869e-01 0.000000000000000000e+00 3.698834521725940516e-01 0.000000000000000000e+00 0.000000000000000000e+00 4.089022485436272225e-01 3.652376234251983877e-01 0.000000000000000000e+00 0.000000000000000000e+00 0.000000000000000000e+00 3.992856080774610517e-01 0.000000000000000000e+00 0.000000000000000000e+00 0.000000000000000000e+00 3.908104925661550211e-01 0.000000000000000000e+00 0.000000000000000000e+00 0.000000000000000000e+00 4.182027380775245606e-01 4.486092784810126743e-01 4.028815699656035365e-01 4.073789618320610151e-01 4.058446611570248330e-01 0.000000000000000000e+00 3.987520202020202187e-01 0.000000000000000000e+00 0.000000000000000000e+00 0.000000000000000000e+00 0.000000000000000000e+00 0.000000000000000000e+00 0.000000000000000000e+00 0.000000000000000000e+00 4.283739246575342663e-01 0.000000000000000000e+00 0.000000000000000000e+00 0.000000000000000000e+00 0.000000000000000000e+00 0.000000000000000000e+00 0.000000000000000000e+00 0.000000000000000000e+00 0.000000000000000000e+00 0.000000000000000000e+00 0.000000000000000000e+00 0.000000000000000000e+00 0.000000000000000000e+00
2.783762107517462336e-01 4.807315331896551136e-01 3.723222620332757860e-01 4.630679460364204303e-01 3.138879537473794334e-01 0.000000000000000000e+00 3.134954857907749637e-01 4.565829969363809360e-01 3.632082995736246045e-01 0.000000000000000000e+00 3.136523947884229946e-01 4.610136284238321447e-01 3.022904875088162635e-01 4.641395498795600760e-01 3.688504123342345453e-01 0.000000000000000000e+00 3.541503133202511533e-01 4.489319748942917077e-01 4.020104057266043474e-01 4.711736976971259150e-01 0.000000000000000000e+00 0.000000000000000000e+00 3.884933310606241696e-01 4.519885973640918042e-01 0.000000000000000000e+00 0.000000000000000000e+00 0.000000000000000000e+00 0.000000000000000000e+00 3.579615186390878723e-01 4.509641604938272041e-01 3.719164786476475415e-01 4.560827098977065508e-01 3.798473718864519566e-01 4.731846401361342602e-01 4.328430000000000888e-01 0.000000000000000000e+00 3.819014883720930342e-01 4.698564537037037137e-01 0.000000000000000000e+00 0.000000000000000000e+00 4.485626500000000072e-01 0.000000000000000000e+00 4.337316111111111372e-01 0.000000000000000000e+00 4.573261991696742079e-01 0.000000000000000000e+00 4.424384273504274323e-01 0.000000000000000000e+00 4.280040976017751020e-01 0.000000000000000000e+00 4.190629821485963857e-01 0.000000000000000000e+00 4.068582637725515205e-01 0.000000000000000000e+00 0.000000000000000000e+00 0.000000000000000000e+00 3.866860354356096430e-01 0.000000000000000000e+00 4.253484963659571183e-01 0.000000000000000000e+00 4.266757115950653989e-01 0.000000000000000000e+00 4.252303687084139638e-01 0.000000000000000000e+00 4.272934266823848470e-01 4.669190617283949796e-01 4.318222960856517023e-01 4.632728714383094193e-01 4.464267349397590401e-01 0.000000000000000000e+00 3.471868115304679314e-01 4.940904097876196999e-01 3.937810227519379924e-01 4.854289025649566325e-01 0.000000000000000000e+00 4.502144117647058907e-01 3.666384361744433051e-01 4.526308892477892698e-01 4.428695277777777717e-01 0.000000000000000000e+00 4.030010698782382494e-01 0.000000000000000000e+00 0.000000000000000000e+00 0.000000000000000000e+00 4.158772348936635166e-01 0.000000000000000000e+00 0.000000000000000000e+00 0.000000000000000000e+00 4.316422226399526663e-01 0.000000000000000000e+00 0.000000000000000000e+00 0.000000000000000000e+00 0.000000000000000000e+00 0.000000000000000000e+00 0.000000000000000000e+00 0.000000000000000000e+00 0.000000000000000000e+00 0.000000000000000000e+00 0.000000000000000000e+00 0.000000000000000000e+00 0.000000000000000000e+00 0.000000000000000000e+00 0.000000000000000000e+00 0.000000000000000000e+00 0.000000000000000000e+00 0.000000000000000000e+00 0.000000000000000000e+00 0.000000000000000000e+00 0.000000000000000000e+00 0.000000000000000000e+00 0.000000000000000000e+00 0.000000000000000000e+00 0.000000000000000000e+00 0.000000000000000000e+00 0.000000000000000000e+00 0.000000000000000000e+00
4.599942220313347208e-01 3.064621125099675769e-01 4.648518242292959957e-01 3.674109727514548451e-01 0.000000000000000000e+00 3.513158329861036377e-01 4.585629307091603213e-01 2.864675329299941064e-01 0.000000000000000000e+00 3.462324207410734100e-01 4.610136284238321447e-01 2.675919030202704718e-01 4.366742772463230726e-01 2.834463069823333625e-01 0.000000000000000000e+00 3.392584746906608939e-01 4.542651395348837329e-01 3.475060697744347671e-01 4.713240306787038758e-01 4.076191149304079220e-01 0.000000000000000000e+00 0.000000000000000000e+00 4.637586014731991946e-01 3.895229667927058714e-01 0.000000000000000000e+00 3.601069137931034447e-01 0.000000000000000000e+00 0.000000000000000000e+00 0.000000000000000000e+00 3.972091348496769592e-01 4.277773048753978347e-01 4.079085767195767542e-01 4.791614020921113326e-01 4.139067433710298394e-01 0.000000000000000000e+00 4.490521653144017300e-01 0.000000000000000000e+00 4.481885227219891132e-01 0.000000000000000000e+00 0.000000000000000000e+00 0.000000000000000000e+00 4.038576382978722457e-01 0.000000000000000000e+00 0.000000000000000000e+00 5.029196928104575637e-01 4.513776601088688167e-01 0.000000000000000000e+00 0.000000000000000000e+00 0.000000000000000000e+00 4.086320170290792531e-01 0.000000000000000000e+00 4.064633066597330702e-01 0.000000000000000000e+00 0.000000000000000000e+00 0.000000000000000000e+00 4.115917783735283941e-01 4.744380602409639103e-01 4.070628281542881255e-01 0.000000000000000000e+00 4.264830344712369770e-01 0.000000000000000000e+00 4.211499990848336927e-01 0.000000000000000000e+00 4.213370158214636008e-01 4.072673435114504414e-01 4.233828479913073761e-01 5.003480629370627986e-01 4.398699453131065251e-01 0.000000000000000000e+00 4.101416562499999863e-01 4.382799724770642946e-01 3.646131355743519875e-01 4.457846914170167096e-01 3.848544383167644689e-01 0.000000000000000000e+00 0.000000000000000000e+00 4.327567398887632866e-01 3.811118281324972212e-01 0.000000000000000000e+00 0.000000000000000000e+00 0.000000000000000000e+00 4.274121995195686030e-01 0.000000000000000000e+00 4.113379810126582825e-01 0.000000000000000000e+00 4.255205276795456237e-01 0.000000000000000000e+00 0.000000000000000000e+00 0.000000000000000000e+00 4.230712130529289960e-01 0.000000000000000000e+00 4.088137137123746268e-01 0.000000000000000000e+00 4.419946260869566101e-01 0.000000000000000000e+00 3.742980022233201032e-01 0.000000000000000000e+00 0.000000000000000000e+00 0.000000000000000000e+00 4.448049586776859909e-01 0.000000000000000000e+00 4.353608738738738992e-01 0.000000000000000000e+00 0.000000000000000000e+00 4.511776209677419436e-01 3.823069830508474265e-01 0.000000000000000000e+00 0.000000000000000000e+00 0.000000000000000000e+00 0.000000000000000000e+00 0.000000000000000000e+00 0.000000000000000000e+00 0.000000000000000000e+00 0.000000000000000000e+00 0.000000000000000000e+00 0.000000000000000000e+00
2.993288225750056486e-01 0.000000000000000000e+00 3.436690715598354484e-01 4.324435590463696633e-01 3.259866172550558994e-01 4.234176006944444515e-01 2.971135135659388471e-01 4.361824290189953435e-01 3.076344295974696719e-01 3.941909363226059337e-01 3.022904875088162635e-01 4.366742772463230726e-01 2.645681844118317749e-01 4.306014513961751722e-01 2.603825090355169070e-01 4.416877598459741372e-01 3.587926622172596947e-01 0.000000000000000000e+00 3.840116303926209285e-01 4.414802307091224010e-01 0.000000000000000000e+00 0.000000000000000000e+00 3.618845444962906499e-01 4.437592670088478242e-01 0.000000000000000000e+00 4.149109036534743833e-01 3.869801034482759361e-01 0.000000000000000000e+00 3.620932558459730166e-01 4.351196596393879790e-01 3.415681275076591361e-01 4.158084822876952913e-01 3.701408786754225022e-01 4.628284772878179520e-01 4.204664829449152874e-01 0.000000000000000000e+00 4.103592058876433524e-01 0.000000000000000000e+00 0.000000000000000000e+00 0.000000000000000000e+00 0.000000000000000000e+00 0.000000000000000000e+00 0.000000000000000000e+00 0.000000000000000000e+00 4.277841159898835288e-01 0.000000000000000000e+00 0.000000000000000000e+00 0.000000000000000000e+00 3.900070585727013484e-01 0.000000000000000000e+00 4.106245577654622503e-01 0.000000000000000000e+00 0.000000000000000000e+00 0.000000000000000000e+00 4.484289298591161432e-01 0.000000000000000000e+00 3.926163012346665648e-01 4.411399171974521027e-01 4.002803505393781047e-01 0.000000000000000000e+00 4.104268012968664836e-01 0.000000000000000000e+00 4.054333733244043225e-01 0.000000000000000000e+00 4.083552203621435006e-01 0.000000000000000000e+00 4.117612177364467496e-01 0.000000000000000000e+00 4.304014507160616176e-01 0.000000000000000000e+00 3.192909764703224518e-01 4.511620302565184093e-01 3.625867836549460099e-01 4.369055738114284160e-01 2.946347600000000511e-01 0.000000000000000000e+00 3.774646534597487779e-01 4.539488474875325030e-01 3.858538072289156573e-01 0.000000000000000000e+00 3.866816911915573751e-01 0.000000000000000000e+00 0.000000000000000000e+00 0.000000000000000000e+00 4.074877027228995807e-01 0.000000000000000000e+00 0.000000000000000000e+00 0.000000000000000000e+00 4.069671404487507083e-01 0.000000000000000000e+00 4.070410851063829827e-01 4.651779217532468480e-01 0.000000000000000000e+00 0.000000000000000000e+00 0.000000000000000000e+00 0.000000000000000000e+00 0.000000000000000000e+00 0.000000000000000000e+00 0.000000000000000000e+00 0.000000000000000000e+00 0.000000000000000000e+00 0.000000000000000000e+00 4.135625954198473009e-01 0.000000000000000000e+00 4.230411778322440419e-01 0.000000000000000000e+00 0.000000000000000000e+00 0.000000000000000000e+00 0.000000000000000000e+00 0.000000000000000000e+00 0.000000000000000000e+00 0.000000000000000000e+00 0.000000000000000000e+00 0.000000000000000000e+00 0.000000000000000000e+00 0.000000000000000000e+00
