2.653131263984465082e-01 4.754200872437364112e-01 3.236272053299111273e-01 4.823422947530677796e-01 3.502236348506593266e-01 0.000000000000000000e+00 3.327950988454854708e-01 4.516263198133197987e-01 3.734060998004196108e-01 4.107372578125000340e-01 2.830091829411985893e-01 4.549106918344807959e-01 3.434673912288174202e-01 4.585014035067340732e-01 3.718681147337038473e-01 0.000000000000000000e+00 2.955423000001239364e-01 4.613205101563334076e-01 3.698007383803141312e-01 4.887483282217318648e-01 0.000000000000000000e+00 0.000000000000000000e+00 3.877084883202040477e-01 4.569298283281260087e-01 0.000000000000000000e+00 3.693990873786406337e-01 3.988172393162393026e-01 0.000000000000000000e+00 3.892127595721717737e-01 4.514314537992514254e-01 4.026012331943298328e-01 4.365240251736267063e-01 3.922582947826350197e-01 4.850445176008536530e-01 4.629701521739130743e-01 0.000000000000000000e+00 4.523982184252862138e-01 4.967931653610772047e-01 3.959876319587628535e-01 0.000000000000000000e+00 3.865063184978573818e-01 0.000000000000000000e+00 0.000000000000000000e+00 0.000000000000000000e+00 4.092210418067226407e-01 4.412891229508196789e-01 0.000000000000000000e+00 0.000000000000000000e+00 3.986917600085764235e-01 0.000000000000000000e+00 3.859348637796768400e-01 5.256848909090908739e-01 3.816788435705368299e-01 4.485228380281690019e-01 3.932671755549040360e-01 0.000000000000000000e+00 2.936720961693007337e-01 4.746225896396472077e-01 4.033981220916648680e-01 4.912751525249985374e-01 3.785339945339706302e-01 0.000000000000000000e+00 3.446762647956357339e-01 4.910735043859649207e-01 3.970764313157263969e-01 4.364902331879024211e-01 4.109102138562605311e-01 4.733956370689456628e-01 3.009313579992083376e-01 4.838180719303536992e-01 3.440818696946344457e-01 4.757606381499486226e-01 3.606200956712303229e-01 4.492958800517531381e-01 0.000000000000000000e+00 0.000000000000000000e+00 3.642503169122693896e-01 4.453184617176978444e-01 4.169924477611940405e-01 0.000000000000000000e+00 3.294842124402938000e-01 3.998197073170731142e-01 3.183993401112269472e-01 0.000000000000000000e+00 4.033821035053361537e-01 4.489180971885257665e-01 0.000000000000000000e+00 0.000000000000000000e+00 4.016042520240912794e-01 4.311829647887324701e-01 4.189261100915405711e-01 4.499904153793840567e-01 4.127243267118037018e-01 3.948206009880849132e-01 4.267346495835584452e-01 0.000000000000000000e+00 5.059910885869564057e-01 0.000000000000000000e+00 0.000000000000000000e+00 4.348718515624999670e-01 3.655230238095237838e-01 0.000000000000000000e+00 4.142621042179951418e-01 4.360907212121212240e-01 4.183749277213405504e-01 3.934200392156863013e-01 3.591542340425531998e-01 0.000000000000000000e+00 0.000000000000000000e+00 3.848397955449930907e-01 4.139057919776920613e-01 4.263552977513227482e-01 0.000000000000000000e+00 0.000000000000000000e+00 3.889258189655172560e-01 0.000000000000000000e+00
4.754200872437364112e-01 2.710142027170377999e-01 4.909163090643546834e-01 3.048434088168048839e-01 0.000000000000000000e+00 3.952735216099829141e-01 4.670542317272903809e-01 2.793975349337893266e-01 0.000000000000000000e+00 3.471833614464467366e-01 4.484652783333332726e-01 3.052448312972323441e-01 0.000000000000000000e+00 3.473064043722179361e-01 0.000000000000000000e+00 3.692766844490009137e-01 4.469897658357059878e-01 3.027180355235797871e-01 4.955115222645665174e-01 3.047668220634922598e-01 0.000000000000000000e+00 0.000000000000000000e+00 4.287065363446077582e-01 3.842462597727023810e-01 0.000000000000000000e+00 0.000000000000000000e+00 0.000000000000000000e+00 0.000000000000000000e+00 4.751552139314770273e-01 3.891108163081044014e-01 4.372560778069266019e-01 3.951924230588035880e-01 4.970802702705718334e-01 4.121861350293525850e-01 0.000000000000000000e+00 4.201340246913580212e-01 4.969125063186949354e-01 4.722762850156210224e-01 0.000000000000000000e+00 5.199036898091049519e-01 0.000000000000000000e+00 4.141834952491261768e-01 0.000000000000000000e+00 0.000000000000000000e+00 0.000000000000000000e+00 4.230844037681799064e-01 0.000000000000000000e+00 0.000000000000000000e+00 0.000000000000000000e+00 4.150282123986863692e-01 4.753906476140599691e-01 4.039029877929931622e-01 4.808118527131782227e-01 3.862234551261450322e-01 0.000000000000000000e+00 3.828962010806039595e-01 4.623483988681436063e-01 2.908716520233349812e-01 4.903737595783320691e-01 4.058792439652805228e-01 4.709130780691724860e-01 3.941476853958113535e-01 0.000000000000000000e+00 3.636179242149817914e-01 0.000000000000000000e+00 4.127104397952707227e-01 4.804976116630608196e-01 3.594250479282212751e-01 5.042288103495128349e-01 2.966328897256985120e-01 4.571680397388515615e-01 3.631594605655213970e-01 4.432995714361327444e-01 3.736703300505321845e-01 0.000000000000000000e+00 0.000000000000000000e+00 4.540618901463486234e-01 3.911077711899969556e-01 0.000000000000000000e+00 3.974865833333334209e-01 4.678914074233759823e-01 3.858679121784172605e-01 0.000000000000000000e+00 3.910796052631579367e-01 0.000000000000000000e+00 4.123498076965508852e-01 0.000000000000000000e+00 4.242382361801321777e-01 0.000000000000000000e+00 4.163499343502931604e-01 4.377931754966887246e-01 4.482447836176907674e-01 0.000000000000000000e+00 4.239287744655120815e-01 4.412279596665265591e-01 4.242447106322062012e-01 4.638386434108526801e-01 5.094386346153846334e-01 4.058350940170939447e-01 4.430631754001108646e-01 0.000000000000000000e+00 4.359479936070220218e-01 0.000000000000000000e+00 4.047232668505295616e-01 0.000000000000000000e+00 4.294918889753231994e-01 0.000000000000000000e+00 0.000000000000000000e+00 0.000000000000000000e+00 4.456984911786021630e-01 0.000000000000000000e+00 4.149712830188679313e-01 4.381813008849557156e-01 0.000000000000000000e+00 0.000000000000000000e+00 0.000000000000000000e+00
3.236272053299111273e-01 4.909163090643546834e-01 2.459274022295068751e-01 4.736460212486046095e-01 1.944926240177153043e-01 4.636932182291681470e-01 2.867371304386982511e-01 4.594308208473325550e-01 2.276834687780313893e-01 4.602461765232062074e-01 3.702817061317151826e-01 4.606028996257973684e-01 3.459479033532101289e-01 4.571631171605473054e-01 3.415383322378126030e-01 4.593718995699231922e-01 3.823769431855524870e-01 4.626776212536574673e-01 3.067695180654199660e-01 4.995746303434828173e-01 3.766068050841751003e-01 0.000000000000000000e+00 2.408396743792953487e-01 4.686788493745850936e-01 1.931146607751288158e-01 4.273302070559721888e-01 3.155652403827559072e-01 4.640364019607843282e-01 3.495754701974055356e-01 4.201442107773244450e-01 3.897678536186280351e-01 4.442639688787747843e-01 4.063352362724805822e-01 4.873042672026306477e-01 4.252465992252799087e-01 4.942996037735848947e-01 3.832133821705278609e-01 0.000000000000000000e+00 4.074377431192661159e-01 0.000000000000000000e+00 3.288357717391304225e-01 0.000000000000000000e+00 4.308450578088578453e-01 0.000000000000000000e+00 4.160595159028332990e-01 0.000000000000000000e+00 0.000000000000000000e+00 0.000000000000000000e+00 4.072860146135739989e-01 0.000000000000000000e+00 3.902819579303139497e-01 4.747379986455841361e-01 3.509613426523297552e-01 0.000000000000000000e+00 3.726291417147487017e-01 0.000000000000000000e+00 3.967730248525808134e-01 4.842094377858758847e-01 4.214662007455403092e-01 0.000000000000000000e+00 3.890632995679407791e-01 0.000000000000000000e+00 3.400916807002215547e-01 0.000000000000000000e+00 3.662281272487063477e-01 0.000000000000000000e+00 4.315288307628739606e-01 4.871820224217273676e-01 3.065702742883932852e-01 4.633310395471728627e-01 3.688640147319462437e-01 4.532825318386728419e-01 3.705542533921795667e-01 4.631189997610617448e-01 3.598076312056737169e-01 0.000000000000000000e+00 3.737578575928654501e-01 4.276536103179846560e-01 3.328018144329896733e-01 0.000000000000000000e+00 3.718522454306582570e-01 0.000000000000000000e+00 3.954970600000000114e-01 0.000000000000000000e+00 3.619067164236691170e-01 4.602017864648896839e-01 3.836445064102564362e-01 0.000000000000000000e+00 3.604916728388643521e-01 0.000000000000000000e+00 3.919548680081462733e-01 4.136582188202972965e-01 3.853581959960747372e-01 0.000000000000000000e+00 4.087051084140135848e-01 3.725114062499999545e-01 3.994158856042586692e-01 0.000000000000000000e+00 4.038860325303328946e-01 4.225614999999999788e-01 3.580489740938885279e-01 0.000000000000000000e+00 3.786744451589061367e-01 3.967320507246376304e-01 4.074208193060674943e-01 3.949903212121211316e-01 0.000000000000000000e+00 0.000000000000000000e+00 0.000000000000000000e+00 3.942417917821612883e-01 4.170761559633026638e-01 3.931475140186915795e-01 0.000000000000000000e+00 0.000000000000000000e+00 4.437633457943925275e-01 3.421800999999999315e-01
4.823422947530677796e-01 3.048434088168048839e-01 4.736460212486046095e-01 2.339194636136449623e-01 4.538672720819304507e-01 1.958489663896270105e-01 4.577377862525454644e-01 2.887600956850049916e-01 4.683162045454545841e-01 2.521460983681345636e-01 4.384178968065229887e-01 3.703983632733309772e-01 4.538078379224313452e-01 3.435193864828048338e-01 5.047455505617978178e-01 3.532299367164516979e-01 4.574079000435883890e-01 3.983887858055044640e-01 4.918736587137874650e-01 2.960701149686251754e-01 0.000000000000000000e+00 3.542804675151974836e-01 4.622010953505463760e-01 2.137746756821561900e-01 4.396740798127298233e-01 2.248967068589579343e-01 4.724101506475160694e-01 3.245712337352456567e-01 4.503149091298229711e-01 3.664753518703833257e-01 4.147672984536401319e-01 3.554048461158213490e-01 4.724715445420848980e-01 3.938180291419515755e-01 4.649271931818181880e-01 4.350527423047159115e-01 4.641042404412230038e-01 4.373907309427019774e-01 0.000000000000000000e+00 3.916595735294117753e-01 0.000000000000000000e+00 4.356942885426692835e-01 0.000000000000000000e+00 0.000000000000000000e+00 4.785475179487179709e-01 4.548825749307687238e-01 0.000000000000000000e+00 4.247700216223855296e-01 0.000000000000000000e+00 4.380149847157507326e-01 0.000000000000000000e+00 4.139462297286454207e-01 0.000000000000000000e+00 4.109875265444015713e-01 0.000000000000000000e+00 0.000000000000000000e+00 4.854516142681470914e-01 4.004173491789884687e-01 4.858822922413792988e-01 4.200405069535637081e-01 4.642941717171717442e-01 3.977381010726225297e-01 0.000000000000000000e+00 3.660511337466301196e-01 0.000000000000000000e+00 4.128577890712093468e-01 4.728872942577028726e-01 4.155193145581715930e-01 4.800041582116681416e-01 4.041253673235264965e-01 4.986192547467894753e-01 3.790344643499580779e-01 4.529507972459647647e-01 3.670015398378345672e-01 0.000000000000000000e+00 3.641153283583342115e-01 4.387751772796978367e-01 3.868388005762169457e-01 0.000000000000000000e+00 0.000000000000000000e+00 4.480954817314021232e-01 3.939058444747755017e-01 0.000000000000000000e+00 0.000000000000000000e+00 4.626559076537090087e-01 3.876048883914031684e-01 0.000000000000000000e+00 4.435612285714284897e-01 0.000000000000000000e+00 4.084715978375673684e-01 0.000000000000000000e+00 4.014044198359932869e-01 4.080564804899659559e-01 4.111144669912167871e-01 0.000000000000000000e+00 4.023015252064061631e-01 4.496709000000000400e-01 3.859992818230852385e-01 4.125963999999999743e-01 4.174512991798642325e-01 3.957026030534351313e-01 0.000000000000000000e+00 0.000000000000000000e+00 3.994046425504321207e-01 4.758888805970148961e-01 4.182884270374954139e-01 0.000000000000000000e+00 0.000000000000000000e+00 0.000000000000000000e+00 0.000000000000000000e+00 0.000000000000000000e+00 0.000000000000000000e+00 0.000000000000000000e+00 0.000000000000000000e+00 0.000000000000000000e+00 0.000000000000000000e+00
3.502236348506593266e-01 0.000000000000000000e+00 1.944926240177153043e-01 4.538672720819304507e-01 2.343164081981500557e-01 4.755878617700342037e-01 3.023711656187898500e-01 4.499527586206896745e-01 2.520031347922291332e-01 4.791959308012093688e-01 3.575016900166430589e-01 0.000000000000000000e+00 3.505209695588092367e-01 5.275613932584271026e-01 2.720489444399473156e-01 5.005367683982684390e-01 0.000000000000000000e+00 0.000000000000000000e+00 3.764339463383837847e-01 0.000000000000000000e+00 3.281079172137185695e-01 4.353501232933233989e-01 2.142561952729419572e-01 4.934581461538460889e-01 1.843447347809840375e-01 4.385515586590933435e-01 2.996618376142754503e-01 4.741772922297297632e-01 3.494643491810424107e-01 0.000000000000000000e+00 4.113752903258331983e-01 4.192031623253678063e-01 4.213000056818181904e-01 0.000000000000000000e+00 0.000000000000000000e+00 0.000000000000000000e+00 4.104258664962252556e-01 0.000000000000000000e+00 0.000000000000000000e+00 0.000000000000000000e+00 3.564069714285714174e-01 0.000000000000000000e+00 0.000000000000000000e+00 0.000000000000000000e+00 0.000000000000000000e+00 0.000000000000000000e+00 4.238340842153660581e-01 0.000000000000000000e+00 4.546578880597014205e-01 0.000000000000000000e+00 4.502065905847856264e-01 0.000000000000000000e+00 4.475985489766334813e-01 0.000000000000000000e+00 4.432482779663518002e-01 0.000000000000000000e+00 3.736542974877508638e-01 0.000000000000000000e+00 4.440690967741935391e-01 0.000000000000000000e+00 3.777926043130072631e-01 0.000000000000000000e+00 3.455714380952381037e-01 0.000000000000000000e+00 3.950070971005769094e-01 0.000000000000000000e+00 4.391268207450093053e-01 0.000000000000000000e+00 0.000000000000000000e+00 0.000000000000000000e+00 3.404182576662456716e-01 5.157444022599841915e-01 3.511436570205997421e-01 4.883835181818181881e-01 0.000000000000000000e+00 0.000000000000000000e+00 3.355662045754784217e-01 3.592280645161290420e-01 0.000000000000000000e+00 0.000000000000000000e+00 0.000000000000000000e+00 0.000000000000000000e+00 3.875295588235293520e-01 0.000000000000000000e+00 3.856559672491640112e-01 0.000000000000000000e+00 3.931591018678233795e-01 0.000000000000000000e+00 3.866054131925993897e-01 0.000000000000000000e+00 0.000000000000000000e+00 0.000000000000000000e+00 3.912953931623931458e-01 0.000000000000000000e+00 4.392380312499999939e-01 3.700531372160163479e-01 0.000000000000000000e+00 0.000000000000000000e+00 0.000000000000000000e+00 0.000000000000000000e+00 0.000000000000000000e+00 0.000000000000000000e+00 0.000000000000000000e+00 0.000000000000000000e+00 0.000000000000000000e+00 0.000000000000000000e+00 0.000000000000000000e+00 0.000000000000000000e+00 0.000000000000000000e+00 0.000000000000000000e+00 0.000000000000000000e+00 0.000000000000000000e+00 0.000000000000000000e+00 0.000000000000000000e+00 0.000000000000000000e+00 0.000000000000000000e+00
0.000000000000000000e+00 3.952735216099829141e-01 4.636932182291681470e-01 1.958489663896270105e-01 4.755878617700342037e-01 2.172600722739491952e-01 4.536410394662342971e-01 2.536801268160076006e-01 4.532294567156867626e-01 2.349968596859697556e-01 0.000000000000000000e+00 3.564687142857142499e-01 0.000000000000000000e+00 3.563003480036854853e-01 4.851758882836316733e-01 2.528197622594869354e-01 0.000000000000000000e+00 3.752375730337078608e-01 0.000000000000000000e+00 3.385055254307306472e-01 4.088733460144927667e-01 3.033098583347507704e-01 4.562257500461429083e-01 1.964415523313856604e-01 4.511006061018972280e-01 2.566164206178891405e-01 4.539357756569639690e-01 1.856731648089972875e-01 4.410200212765956751e-01 3.370328688699343322e-01 4.403172143582938514e-01 3.409034545221306112e-01 4.750228969072164964e-01 3.699104420986393249e-01 0.000000000000000000e+00 0.000000000000000000e+00 0.000000000000000000e+00 4.184891034889202666e-01 0.000000000000000000e+00 0.000000000000000000e+00 0.000000000000000000e+00 0.000000000000000000e+00 0.000000000000000000e+00 4.460959009433961842e-01 0.000000000000000000e+00 0.000000000000000000e+00 0.000000000000000000e+00 4.504732164179104936e-01 0.000000000000000000e+00 3.976556562211981394e-01 0.000000000000000000e+00 3.765626267605634014e-01 0.000000000000000000e+00 4.337689826086956746e-01 0.000000000000000000e+00 0.000000000000000000e+00 0.000000000000000000e+00 4.104236203632705138e-01 0.000000000000000000e+00 3.883910516292170545e-01 0.000000000000000000e+00 3.781430672268906723e-01 0.000000000000000000e+00 0.000000000000000000e+00 0.000000000000000000e+00 4.256250224808169613e-01 0.000000000000000000e+00 4.240767680963312136e-01 0.000000000000000000e+00 0.000000000000000000e+00 5.139950784998293942e-01 3.600368725961173300e-01 4.485752906976743226e-01 3.326301035452828847e-01 0.000000000000000000e+00 2.884504379310344757e-01 0.000000000000000000e+00 3.606212240952150760e-01 0.000000000000000000e+00 0.000000000000000000e+00 0.000000000000000000e+00 3.677171000000000189e-01 0.000000000000000000e+00 0.000000000000000000e+00 0.000000000000000000e+00 3.929110747663550618e-01 0.000000000000000000e+00 0.000000000000000000e+00 0.000000000000000000e+00 3.483509999999999662e-01 0.000000000000000000e+00 3.406225177304963991e-01 0.000000000000000000e+00 0.000000000000000000e+00 0.000000000000000000e+00 3.620314764739229196e-01 0.000000000000000000e+00 0.000000000000000000e+00 0.000000000000000000e+00 0.000000000000000000e+00 0.000000000000000000e+00 0.000000000000000000e+00 0.000000000000000000e+00 0.000000000000000000e+00 0.000000000000000000e+00 0.000000000000000000e+00 0.000000000000000000e+00 0.000000000000000000e+00 0.000000000000000000e+00 0.000000000000000000e+00 0.000000000000000000e+00 0.000000000000000000e+00 0.000000000000000000e+00 0.000000000000000000e+00 0.000000000000000000e+00 0.000000000000000000e+00
3.327950988454854708e-01 4.670542317272903809e-01 2.867371304386982511e-01 4.577377862525454644e-01 3.023711656187898500e-01 4.536410394662342971e-01 2.602668709283786908e-01 4.501192890421711335e-01 2.585587112396629528e-01 4.781896238780876662e-01 3.369482902165504834e-01 4.574614383719459165e-01 2.887506980914565369e-01 4.527863343247325867e-01 3.274603143710048125e-01 4.429628592481031912e-01 3.717490514420637715e-01 4.494077023574726826e-01 3.830581441594364533e-01 4.672193462401991737e-01 0.000000000000000000e+00 0.000000000000000000e+00 3.410867669898860477e-01 4.566601930757935301e-01 3.043588977013692576e-01 4.272611957235801228e-01 3.329853757543103643e-01 0.000000000000000000e+00 3.360824234237410613e-01 4.376567396797317877e-01 3.673181604531745581e-01 4.354725848648139941e-01 4.168491064160217974e-01 4.722557749153372675e-01 0.000000000000000000e+00 0.000000000000000000e+00 3.851354592953061262e-01 0.000000000000000000e+00 0.000000000000000000e+00 0.000000000000000000e+00 0.000000000000000000e+00 0.000000000000000000e+00 0.000000000000000000e+00 0.000000000000000000e+00 3.872514081604173097e-01 0.000000000000000000e+00 4.691616746031745944e-01 0.000000000000000000e+00 3.927076366587259337e-01 0.000000000000000000e+00 3.770472891970276796e-01 0.000000000000000000e+00 3.725047486752884884e-01 0.000000000000000000e+00 3.579120403273982620e-01 0.000000000000000000e+00 3.676884405140646850e-01 4.938802366412214928e-01 3.924249317425591022e-01 4.851369218749999601e-01 3.858206654516447287e-01 0.000000000000000000e+00 3.372992659394324355e-01 4.680259836065574497e-01 3.845408383502178506e-01 4.569415328947368238e-01 4.237814085641272710e-01 4.903667244613349463e-01 3.914086957907458864e-01 0.000000000000000000e+00 3.418744488003293003e-01 4.694558794870403728e-01 3.460968845142858852e-01 4.388062204657428023e-01 3.454540238095238358e-01 4.242208241758241849e-01 3.560845862168795506e-01 4.362731582183271839e-01 3.834120045454545433e-01 0.000000000000000000e+00 3.649342891362296615e-01 4.578115802469135964e-01 3.649520553571428128e-01 0.000000000000000000e+00 3.815226130010794248e-01 4.249300291375291971e-01 3.772640084490483936e-01 0.000000000000000000e+00 3.782845756621152078e-01 4.222070655737704681e-01 0.000000000000000000e+00 4.016488693386471298e-01 3.960679130434782702e-01 3.925142574134122819e-01 4.092979317097238945e-01 4.569709090909090388e-01 0.000000000000000000e+00 0.000000000000000000e+00 0.000000000000000000e+00 0.000000000000000000e+00 0.000000000000000000e+00 0.000000000000000000e+00 3.969541941463765045e-01 3.693442173650282045e-01 4.320869450485436136e-01 4.160933703703703634e-01 0.000000000000000000e+00 0.000000000000000000e+00 0.000000000000000000e+00 3.974724470588235636e-01 0.000000000000000000e+00 0.000000000000000000e+00 4.106996528925618839e-01 0.000000000000000000e+00 3.991086227266028019e-01 0.000000000000000000e+00
4.516263198133197987e-01 2.793975349337893266e-01 4.594308208473325550e-01 2.887600956850049916e-01 4.499527586206896745e-01 2.536801268160076006e-01 4.501192890421711335e-01 2.473012603223260775e-01 0.000000000000000000e+00 2.887201997579357249e-01 4.447085185971799137e-01 2.907899979244418232e-01 4.491902059120992940e-01 2.692003951546140805e-01 4.572471463414634618e-01 3.187496973882559259e-01 4.425004541981953365e-01 3.664621204167454183e-01 4.661795323866432805e-01 3.668558526949760590e-01 4.044645569892472703e-01 0.000000000000000000e+00 4.453147231046589716e-01 3.086463498302361441e-01 4.289934795729737904e-01 3.137576714797817301e-01 0.000000000000000000e+00 3.554418386363635829e-01 4.438145184456461223e-01 3.425220702248033544e-01 4.035950131105027205e-01 3.698465900148007468e-01 4.536344298176002710e-01 4.143882859218396830e-01 0.000000000000000000e+00 4.251636799126843336e-01 4.510881308686431890e-01 4.024579651656491897e-01 0.000000000000000000e+00 0.000000000000000000e+00 0.000000000000000000e+00 3.809273458216619890e-01 0.000000000000000000e+00 4.085218972477356880e-01 0.000000000000000000e+00 4.233425562595818925e-01 0.000000000000000000e+00 4.061894910419620031e-01 0.000000000000000000e+00 4.048096820933147488e-01 4.471549356725146307e-01 3.957924136788082414e-01 0.000000000000000000e+00 3.720669297616016058e-01 0.000000000000000000e+00 3.917036017780140544e-01 4.565659325092341625e-01 3.858190864680596244e-01 4.755573433184544507e-01 4.174752111853462511e-01 0.000000000000000000e+00 3.859227668725189742e-01 0.000000000000000000e+00 3.734929203567575740e-01 3.880424736842105204e-01 3.973358827368167479e-01 4.632104300048567325e-01 4.311907973478778522e-01 0.000000000000000000e+00 4.364279504419026900e-01 4.784336705942736634e-01 3.361419650852752739e-01 4.331102133578311197e-01 3.527738042533264951e-01 0.000000000000000000e+00 3.486766886427918322e-01 4.386923479993934394e-01 3.566342232281237146e-01 0.000000000000000000e+00 0.000000000000000000e+00 4.284184882648215398e-01 3.909426686319912303e-01 0.000000000000000000e+00 3.911892142857142929e-01 0.000000000000000000e+00 3.896791233641541674e-01 0.000000000000000000e+00 3.866699661016949063e-01 0.000000000000000000e+00 3.886435029380103101e-01 0.000000000000000000e+00 3.563536400158433537e-01 0.000000000000000000e+00 0.000000000000000000e+00 4.541923719008264526e-01 4.063845503182638152e-01 0.000000000000000000e+00 0.000000000000000000e+00 0.000000000000000000e+00 0.000000000000000000e+00 0.000000000000000000e+00 3.670498639999999479e-01 0.000000000000000000e+00 0.000000000000000000e+00 0.000000000000000000e+00 4.188275785123967143e-01 0.000000000000000000e+00 0.000000000000000000e+00 0.000000000000000000e+00 4.097318916195756278e-01 0.000000000000000000e+00 0.000000000000000000e+00 0.000000000000000000e+00 4.129370747663551056e-01 0.000000000000000000e+00 0.000000000000000000e+00
3.734060998004196108e-01 0.000000000000000000e+00 2.276834687780313893e-01 4.683162045454545841e-01 2.520031347922291332e-01 4.532294567156867626e-01 2.585587112396629528e-01 0.000000000000000000e+00 2.343449429016756791e-01 4.707685551567523108e-01 3.474795993773946989e-01 0.000000000000000000e+00 3.105043147563020245e-01 0.000000000000000000e+00 2.724646244345202417e-01 0.000000000000000000e+00 0.000000000000000000e+00 0.000000000000000000e+00 4.016734035893878563e-01 0.000000000000000000e+00 3.985229390159182317e-01 0.000000000000000000e+00 3.175855618300300054e-01 4.641740480564388038e-01 3.021693497703217268e-01 4.450578096633736602e-01 3.339600760222893872e-01 0.000000000000000000e+00 3.595873511511171183e-01 0.000000000000000000e+00 3.630831893344299566e-01 3.851438832388988098e-01 4.475833409090908543e-01 0.000000000000000000e+00 0.000000000000000000e+00 0.000000000000000000e+00 3.587663776223775636e-01 0.000000000000000000e+00 0.000000000000000000e+00 0.000000000000000000e+00 0.000000000000000000e+00 0.000000000000000000e+00 0.000000000000000000e+00 0.000000000000000000e+00 0.000000000000000000e+00 0.000000000000000000e+00 4.111296776859503788e-01 0.000000000000000000e+00 0.000000000000000000e+00 0.000000000000000000e+00 4.057160458342628506e-01 0.000000000000000000e+00 4.478194923076923017e-01 0.000000000000000000e+00 4.261736920293847652e-01 0.000000000000000000e+00 3.993361458121078011e-01 0.000000000000000000e+00 3.696656762820512698e-01 0.000000000000000000e+00 3.916191990942621826e-01 0.000000000000000000e+00 0.000000000000000000e+00 0.000000000000000000e+00 3.665474553773010458e-01 0.000000000000000000e+00 0.000000000000000000e+00 0.000000000000000000e+00 3.724271367521367893e-01 0.000000000000000000e+00 3.624520959261943731e-01 5.131221105999776988e-01 3.816837210550978465e-01 4.880810136986302172e-01 0.000000000000000000e+00 0.000000000000000000e+00 3.475295766727501401e-01 0.000000000000000000e+00 0.000000000000000000e+00 0.000000000000000000e+00 3.629408613521277194e-01 0.000000000000000000e+00 3.613615555555555470e-01 0.000000000000000000e+00 3.776934372198449963e-01 0.000000000000000000e+00 4.102401538461539210e-01 0.000000000000000000e+00 3.894265671178814836e-01 0.000000000000000000e+00 0.000000000000000000e+00 0.000000000000000000e+00 0.000000000000000000e+00 3.400566275862069165e-01 0.000000000000000000e+00 0.000000000000000000e+00 0.000000000000000000e+00 0.000000000000000000e+00 0.000000000000000000e+00 0.000000000000000000e+00 0.000000000000000000e+00 0.000000000000000000e+00 0.000000000000000000e+00 4.276821666666666966e-01 0.000000000000000000e+00 0.000000000000000000e+00 0.000000000000000000e+00 0.000000000000000000e+00 0.000000000000000000e+00 0.000000000000000000e+00 0.000000000000000000e+00 0.000000000000000000e+00 0.000000000000000000e+00 0.000000000000000000e+00 0.000000000000000000e+00 0.000000000000000000e+00
4.107372578125000340e-01 3.471833614464467366e-01 4.602461765232062074e-01 2.521460983681345636e-01 4.791959308012093688e-01 2.349968596859697556e-01 4.781896238780876662e-01 2.887201997579357249e-01 4.707685551567523108e-01 2.462743946083052471e-01 0.000000000000000000e+00 3.686607927917608940e-01 4.762278257725644504e-01 3.670011094442011679e-01 4.694565022872648763e-01 2.651639325905720268e-01 0.000000000000000000e+00 0.000000000000000000e+00 0.000000000000000000e+00 3.594951918646423494e-01 0.000000000000000000e+00 3.324069609938989367e-01 4.654945735499109172e-01 3.081628162687500283e-01 4.541703341612449707e-01 2.926275592332059361e-01 4.481368689221127966e-01 2.278202917642213055e-01 4.628049620614035353e-01 3.556935981747615383e-01 4.423225186443044410e-01 3.876399532202443599e-01 4.717690846560846363e-01 3.913759082795360000e-01 0.000000000000000000e+00 0.000000000000000000e+00 0.000000000000000000e+00 0.000000000000000000e+00 0.000000000000000000e+00 0.000000000000000000e+00 0.000000000000000000e+00 3.770475102040815596e-01 0.000000000000000000e+00 0.000000000000000000e+00 0.000000000000000000e+00 0.000000000000000000e+00 0.000000000000000000e+00 0.000000000000000000e+00 0.000000000000000000e+00 0.000000000000000000e+00 0.000000000000000000e+00 3.557716959198025664e-01 0.000000000000000000e+00 4.501827664233575832e-01 0.000000000000000000e+00 0.000000000000000000e+00 0.000000000000000000e+00 3.780915199152542483e-01 0.000000000000000000e+00 4.187935535433070511e-01 0.000000000000000000e+00 3.542136666666666489e-01 0.000000000000000000e+00 3.699332536673320959e-01 0.000000000000000000e+00 3.575828904075393777e-01 0.000000000000000000e+00 4.123342530634498404e-01 0.000000000000000000e+00 0.000000000000000000e+00 5.106821663824206992e-01 3.698464212083646396e-01 4.251787777777777388e-01 3.485451705378890264e-01 0.000000000000000000e+00 3.368222870370369826e-01 0.000000000000000000e+00 3.552938301691895284e-01 0.000000000000000000e+00 0.000000000000000000e+00 0.000000000000000000e+00 3.851824781374512119e-01 0.000000000000000000e+00 0.000000000000000000e+00 0.000000000000000000e+00 3.617286576376265717e-01 0.000000000000000000e+00 0.000000000000000000e+00 0.000000000000000000e+00 3.675013614924764749e-01 0.000000000000000000e+00 4.027534677419354892e-01 0.000000000000000000e+00 0.000000000000000000e+00 0.000000000000000000e+00 0.000000000000000000e+00 0.000000000000000000e+00 0.000000000000000000e+00 0.000000000000000000e+00 0.000000000000000000e+00 0.000000000000000000e+00 0.000000000000000000e+00 0.000000000000000000e+00 0.000000000000000000e+00 0.000000000000000000e+00 0.000000000000000000e+00 0.000000000000000000e+00 0.000000000000000000e+00 0.000000000000000000e+00 0.000000000000000000e+00 0.000000000000000000e+00 0.000000000000000000e+00 0.000000000000000000e+00 0.000000000000000000e+00 0.000000000000000000e+00 0.000000000000000000e+00
2.830091829411985893e-01 4.484652783333332726e-01 3.702817061317151826e-01 4.384178968065229887e-01 3.575016900166430589e-01 0.000000000000000000e+00 3.369482902165504834e-01 4.447085185971799137e-01 3.474795993773946989e-01 0.000000000000000000e+00 2.687868733906075835e-01 4.446484177101967528e-01 3.191385498649645380e-01 4.499855348309256819e-01 3.688327674418604429e-01 0.000000000000000000e+00 3.237773534966439382e-01 0.000000000000000000e+00 3.984698114104079369e-01 4.492433821947436345e-01 0.000000000000000000e+00 0.000000000000000000e+00 3.784074789239640357e-01 4.646619273384466342e-01 0.000000000000000000e+00 0.000000000000000000e+00 0.000000000000000000e+00 0.000000000000000000e+00 3.202114996904938393e-01 4.550819901347207264e-01 3.783715327289348118e-01 4.333687117097975161e-01 3.823133890585553862e-01 4.686763414114577531e-01 4.083164099999999630e-01 0.000000000000000000e+00 3.719183924871795055e-01 0.000000000000000000e+00 0.000000000000000000e+00 0.000000000000000000e+00 0.000000000000000000e+00 0.000000000000000000e+00 0.000000000000000000e+00 0.000000000000000000e+00 0.000000000000000000e+00 0.000000000000000000e+00 0.000000000000000000e+00 0.000000000000000000e+00 4.397927247706421294e-01 0.000000000000000000e+00 3.945027589766016973e-01 0.000000000000000000e+00 3.877885648148147735e-01 0.000000000000000000e+00 3.932665829365079024e-01 0.000000000000000000e+00 3.478645206792129185e-01 0.000000000000000000e+00 4.115718592316369162e-01 4.321347027027027665e-01 3.964613845935957004e-01 0.000000000000000000e+00 3.670930755801809497e-01 0.000000000000000000e+00 4.083340336817178895e-01 0.000000000000000000e+00 4.106601017133145737e-01 4.633479928571428430e-01 0.000000000000000000e+00 0.000000000000000000e+00 3.545677056411127293e-01 4.855368505785875310e-01 3.372191001759592965e-01 4.458176522743077519e-01 0.000000000000000000e+00 4.466840111111111122e-01 3.581413610007739279e-01 4.288989478593585591e-01 0.000000000000000000e+00 0.000000000000000000e+00 3.323531132274374911e-01 0.000000000000000000e+00 4.225513304347827126e-01 0.000000000000000000e+00 4.120759415140682336e-01 0.000000000000000000e+00 0.000000000000000000e+00 0.000000000000000000e+00 4.133600661340415816e-01 0.000000000000000000e+00 0.000000000000000000e+00 0.000000000000000000e+00 0.000000000000000000e+00 0.000000000000000000e+00 0.000000000000000000e+00 0.000000000000000000e+00 0.000000000000000000e+00 0.000000000000000000e+00 0.000000000000000000e+00 0.000000000000000000e+00 0.000000000000000000e+00 0.000000000000000000e+00 0.000000000000000000e+00 0.000000000000000000e+00 0.000000000000000000e+00 0.000000000000000000e+00 0.000000000000000000e+00 0.000000000000000000e+00 0.000000000000000000e+00 0.000000000000000000e+00 0.000000000000000000e+00 0.000000000000000000e+00 0.000000000000000000e+00 0.000000000000000000e+00 0.000000000000000000e+00 0.000000000000000000e+00
4.549106918344807959e-01 3.052448312972323441e-01 4.606028996257973684e-01 3.703983632733309772e-01 0.000000000000000000e+00 3.564687142857142499e-01 4.574614383719459165e-01 2.907899979244418232e-01 0.000000000000000000e+00 3.686607927917608940e-01 4.446484177101967528e-01 2.806212006982728990e-01 0.000000000000000000e+00 2.957691589483997241e-01 0.000000000000000000e+00 3.242944460153864283e-01 4.681061546876696400e-01 3.069250257924452940e-01 4.648163907689861207e-01 3.903255690373640951e-01 0.000000000000000000e+00 0.000000000000000000e+00 4.045649605616365996e-01 3.807952368976168511e-01 0.000000000000000000e+00 0.000000000000000000e+00 0.000000000000000000e+00 0.000000000000000000e+00 0.000000000000000000e+00 3.310398309061949873e-01 3.758925610187655031e-01 3.809992271390487684e-01 4.586905882395748701e-01 3.774021881065096062e-01 0.000000000000000000e+00 0.000000000000000000e+00 0.000000000000000000e+00 4.488039151977377128e-01 0.000000000000000000e+00 4.959019120879120668e-01 0.000000000000000000e+00 0.000000000000000000e+00 0.000000000000000000e+00 0.000000000000000000e+00 0.000000000000000000e+00 4.078985034334392523e-01 0.000000000000000000e+00 0.000000000000000000e+00 0.000000000000000000e+00 4.018774923721716852e-01 0.000000000000000000e+00 4.121904228013657523e-01 0.000000000000000000e+00 3.823986373108138048e-01 0.000000000000000000e+00 0.000000000000000000e+00 4.789749111111112345e-01 3.587730262910486245e-01 0.000000000000000000e+00 4.311142723372155539e-01 0.000000000000000000e+00 3.946469015876630237e-01 0.000000000000000000e+00 3.905463820083745485e-01 0.000000000000000000e+00 4.221449672755351323e-01 4.759289166666667015e-01 4.233565607290672439e-01 0.000000000000000000e+00 4.155761609647622423e-01 4.765910528621622455e-01 3.439602082474931266e-01 4.510255918138491582e-01 3.470412232096762306e-01 0.000000000000000000e+00 0.000000000000000000e+00 4.361804959766050760e-01 3.724407987257127295e-01 0.000000000000000000e+00 0.000000000000000000e+00 4.647130967741934238e-01 3.926862365729227311e-01 0.000000000000000000e+00 0.000000000000000000e+00 0.000000000000000000e+00 4.258279479292513270e-01 0.000000000000000000e+00 0.000000000000000000e+00 0.000000000000000000e+00 4.210352998130170166e-01 3.964084752475247608e-01 3.725881971968709738e-01 0.000000000000000000e+00 0.000000000000000000e+00 0.000000000000000000e+00 3.647943382352941688e-01 0.000000000000000000e+00 0.000000000000000000e+00 0.000000000000000000e+00 3.523865638297871139e-01 0.000000000000000000e+00 0.000000000000000000e+00 0.000000000000000000e+00 3.905174173913043556e-01 0.000000000000000000e+00 4.438379876543210312e-01 0.000000000000000000e+00 0.000000000000000000e+00 0.000000000000000000e+00 0.000000000000000000e+00 0.000000000000000000e+00 0.000000000000000000e+00 0.000000000000000000e+00 0.000000000000000000e+00 0.000000000000000000e+00 0.000000000000000000e+00
3.434673912288174202e-01 0.000000000000000000e+00 3.459479033532101289e-01 4.538078379224313452e-01 3.505209695588092367e-01 0.000000000000000000e+00 2.887506980914565369e-01 4.491902059120992940e-01 3.105043147563020245e-01 4.762278257725644504e-01 3.191385498649645380e-01 0.000000000000000000e+00 2.740327475975672389e-01 4.443782476221561084e-01 2.559677467893916591e-01 4.437330220473365006e-01 3.915697221249391236e-01 0.000000000000000000e+00 3.762747183611122037e-01 0.000000000000000000e+00 0.000000000000000000e+00 0.000000000000000000e+00 3.632848702922316653e-01 4.557441600211959432e-01 3.430304693396226123e-01 4.469893540988125746e-01 3.762609451283013828e-01 4.266906788990826316e-01 3.465760433086746417e-01 4.488078594699912993e-01 3.592426646766707643e-01 4.445539617073038796e-01 3.893304932447460009e-01 4.654425332576689889e-01 4.260300225563910526e-01 0.000000000000000000e+00 3.731846891891892337e-01 0.000000000000000000e+00 4.045197801418439765e-01 0.000000000000000000e+00 0.000000000000000000e+00 0.000000000000000000e+00 0.000000000000000000e+00 0.000000000000000000e+00 3.928077395833333152e-01 0.000000000000000000e+00 0.000000000000000000e+00 0.000000000000000000e+00 3.774630004145209661e-01 0.000000000000000000e+00 3.749735158918295341e-01 0.000000000000000000e+00 3.525507105263157581e-01 0.000000000000000000e+00 3.797305465225500054e-01 0.000000000000000000e+00 3.680736253181012274e-01 4.994862483660130748e-01 4.170171647922414349e-01 0.000000000000000000e+00 4.087536286881628955e-01 0.000000000000000000e+00 3.835948123285524147e-01 0.000000000000000000e+00 3.962669438439049840e-01 0.000000000000000000e+00 4.145318038921397275e-01 0.000000000000000000e+00 3.735213853536586970e-01 0.000000000000000000e+00 3.390077210244276662e-01 4.673363364320496371e-01 3.658390941441557742e-01 4.587662148104992288e-01 0.000000000000000000e+00 4.085521522650439330e-01 3.449472387021685349e-01 4.306893898713844981e-01 3.798229948979592319e-01 0.000000000000000000e+00 3.601660015658577074e-01 0.000000000000000000e+00 0.000000000000000000e+00 0.000000000000000000e+00 3.897163493508327137e-01 0.000000000000000000e+00 0.000000000000000000e+00 0.000000000000000000e+00 3.962260125965201829e-01 0.000000000000000000e+00 0.000000000000000000e+00 0.000000000000000000e+00 0.000000000000000000e+00 3.917903421052631452e-01 4.081186506024095939e-01 0.000000000000000000e+00 0.000000000000000000e+00 0.000000000000000000e+00 4.142814341836734693e-01 0.000000000000000000e+00 0.000000000000000000e+00 0.000000000000000000e+00 3.847241858407079440e-01 0.000000000000000000e+00 0.000000000000000000e+00 0.000000000000000000e+00 0.000000000000000000e+00 0.000000000000000000e+00 0.000000000000000000e+00 0.000000000000000000e+00 4.030912925170067607e-01 0.000000000000000000e+00 0.000000000000000000e+00 0.000000000000000000e+00 0.000000000000000000e+00 0.000000000000000000e+00
