3.132749944925416474e-01 5.199885385101750135e-01 3.758278439842509533e-01 5.254351523257237977e-01 3.954403062889008669e-01 0.000000000000000000e+00 3.782802988216670270e-01 5.018597396918752507e-01 3.276082780543997375e-01 0.000000000000000000e+00 3.471804260306728951e-01 4.958504386339468439e-01 3.780147692987240182e-01 4.957828179403642177e-01 3.783850514972669221e-01 0.000000000000000000e+00 3.449041438222816836e-01 4.984513431079122814e-01 4.355178978799736367e-01 5.310449134379778835e-01 0.000000000000000000e+00 0.000000000000000000e+00 3.869057907748447711e-01 4.799576195354940400e-01 0.000000000000000000e+00 0.000000000000000000e+00 0.000000000000000000e+00 0.000000000000000000e+00 4.079653940341608775e-01 5.065488933850167408e-01 4.351987022536047967e-01 5.003549527823419885e-01 4.668486814825822950e-01 5.259436169294677832e-01 0.000000000000000000e+00 0.000000000000000000e+00 4.776738927370780541e-01 5.335466842105263119e-01 0.000000000000000000e+00 0.000000000000000000e+00 4.296484265508684897e-01 0.000000000000000000e+00 0.000000000000000000e+00 0.000000000000000000e+00 0.000000000000000000e+00 0.000000000000000000e+00 0.000000000000000000e+00 0.000000000000000000e+00 4.046824783160508643e-01 0.000000000000000000e+00 4.001858932637729627e-01 0.000000000000000000e+00 4.050814472265764077e-01 0.000000000000000000e+00 3.957897279682949243e-01 0.000000000000000000e+00 3.468680379207180198e-01 5.083932693136925529e-01 4.139501283798093234e-01 5.072332827108292364e-01 4.106289579986104887e-01 0.000000000000000000e+00 4.237404891127709017e-01 5.184995196078431290e-01 4.145781793342139254e-01 0.000000000000000000e+00 4.256769868479975405e-01 5.224598758543862465e-01 3.069852640966981849e-01 5.257955065519511750e-01 3.914231021883879946e-01 5.348836217686554484e-01 3.830455922533451130e-01 4.945919469870192486e-01 0.000000000000000000e+00 0.000000000000000000e+00 3.984987582790411875e-01 4.944652578901679307e-01 4.121288190694310516e-01 0.000000000000000000e+00 4.084515013644384740e-01 5.117998728813558662e-01 4.008412459016393870e-01 0.000000000000000000e+00 4.213603836994559981e-01 0.000000000000000000e+00 0.000000000000000000e+00 0.000000000000000000e+00 4.330712800460578826e-01 0.000000000000000000e+00 4.309311518933905960e-01 4.214824649304120263e-01 4.178924953384733354e-01 0.000000000000000000e+00 4.416549595820784546e-01 0.000000000000000000e+00 0.000000000000000000e+00 0.000000000000000000e+00 4.587253575928955662e-01 4.198699754098360604e-01 0.000000000000000000e+00 0.000000000000000000e+00 4.469950268491410528e-01 0.000000000000000000e+00 4.636905839369064308e-01 4.630237171948912156e-01 0.000000000000000000e+00 0.000000000000000000e+00 0.000000000000000000e+00 0.000000000000000000e+00 0.000000000000000000e+00 0.000000000000000000e+00 4.936848947368422391e-01 0.000000000000000000e+00 0.000000000000000000e+00 0.000000000000000000e+00
5.199885385101750135e-01 3.098163608445237416e-01 5.226569357172610175e-01 3.694793456722922920e-01 0.000000000000000000e+00 4.471134888888889103e-01 4.842569700415869649e-01 3.588059287759403082e-01 0.000000000000000000e+00 0.000000000000000000e+00 0.000000000000000000e+00 3.600959469276118208e-01 0.000000000000000000e+00 4.016884291540813723e-01 0.000000000000000000e+00 3.796903653984135540e-01 4.935846538036594566e-01 3.205673800175120047e-01 5.329391649977747170e-01 3.961922612122206200e-01 0.000000000000000000e+00 0.000000000000000000e+00 5.395922317073169605e-01 4.284209875674677703e-01 0.000000000000000000e+00 0.000000000000000000e+00 0.000000000000000000e+00 0.000000000000000000e+00 5.226575219096807334e-01 4.054200971572211043e-01 4.354187856087268216e-01 4.335346722950319531e-01 5.126832074323851574e-01 4.697495512695344932e-01 0.000000000000000000e+00 0.000000000000000000e+00 5.498149578842075336e-01 4.951683899897877938e-01 0.000000000000000000e+00 5.060479504021059283e-01 0.000000000000000000e+00 3.998353600000000285e-01 4.670007410071942977e-01 0.000000000000000000e+00 0.000000000000000000e+00 4.227319098756529558e-01 0.000000000000000000e+00 0.000000000000000000e+00 5.052955214685506125e-01 4.082886062270774663e-01 4.854361825396825703e-01 4.035847762934871019e-01 0.000000000000000000e+00 3.961760053370834700e-01 0.000000000000000000e+00 4.290297858948449172e-01 5.079325554853165725e-01 3.416987848690848373e-01 5.007382186249869083e-01 4.387234161446701419e-01 4.853245931147540659e-01 4.009249877339745582e-01 4.851064563106795013e-01 3.932263164478167483e-01 4.703940366972477194e-01 4.052811354196645954e-01 5.030198804953903702e-01 4.247286641081012837e-01 5.280783272213309676e-01 3.275028955508496598e-01 5.060654589252594482e-01 3.842505264283236355e-01 4.938285440255624215e-01 4.044376629944050339e-01 0.000000000000000000e+00 4.616212048192772088e-01 5.003132982236047077e-01 4.059944593696479531e-01 0.000000000000000000e+00 4.656718153846153285e-01 0.000000000000000000e+00 4.513895478177087361e-01 0.000000000000000000e+00 4.178823359999999654e-01 4.500605394736842402e-01 4.557895273241469591e-01 0.000000000000000000e+00 0.000000000000000000e+00 0.000000000000000000e+00 4.647110650819963884e-01 4.561895946084937314e-01 4.394092928025124523e-01 4.201999738638170778e-01 0.000000000000000000e+00 4.644618686059370782e-01 3.894243820224718711e-01 0.000000000000000000e+00 4.914770756302520582e-01 4.665942458627099221e-01 4.587920540706604822e-01 0.000000000000000000e+00 4.213896386554621953e-01 4.647542899189562315e-01 4.256738477961479750e-01 4.628403779223227432e-01 4.554611086987326862e-01 0.000000000000000000e+00 4.382652419137466615e-01 0.000000000000000000e+00 0.000000000000000000e+00 0.000000000000000000e+00 0.000000000000000000e+00 0.000000000000000000e+00 4.117273373205742049e-01 4.453837356827488603e-01 0.000000000000000000e+00
3.758278439842509533e-01 5.226569357172610175e-01 2.615562868885353276e-01 4.807899905739941859e-01 2.126113982224581700e-01 4.441501832896045387e-01 3.022793838750463813e-01 4.751395381554005537e-01 2.554973249600102636e-01 4.222678475830436984e-01 4.026924369752574728e-01 4.905253539621358128e-01 3.417334801826166224e-01 4.654223723451139105e-01 2.935313188667224571e-01 4.490073957657200743e-01 4.204094576178320497e-01 5.165947058752641263e-01 3.210362809442390830e-01 5.382817248080795647e-01 0.000000000000000000e+00 0.000000000000000000e+00 2.744253594762085524e-01 4.554620327123536927e-01 2.733654386594203123e-01 4.177390049709457376e-01 3.013465951275247079e-01 4.433172399582681056e-01 3.748375135987897511e-01 4.948273428525941098e-01 3.782043652617376739e-01 4.408916495269826763e-01 4.313177585670988079e-01 5.119117933910956042e-01 4.508932538461538075e-01 5.209204285714286176e-01 4.536662419028961168e-01 5.551516412565026259e-01 4.332561071428570609e-01 0.000000000000000000e+00 0.000000000000000000e+00 4.825247531645569521e-01 4.192389912280702347e-01 0.000000000000000000e+00 4.755098446969178161e-01 0.000000000000000000e+00 0.000000000000000000e+00 0.000000000000000000e+00 4.500465097675282466e-01 0.000000000000000000e+00 4.300989838136196064e-01 0.000000000000000000e+00 3.991920013496807473e-01 0.000000000000000000e+00 4.186928529948034106e-01 0.000000000000000000e+00 4.135350240655241150e-01 0.000000000000000000e+00 4.440553285334988276e-01 5.380185505644625721e-01 4.084789960342731785e-01 0.000000000000000000e+00 4.105923365299749550e-01 0.000000000000000000e+00 4.052255489706911851e-01 0.000000000000000000e+00 4.618534909445705106e-01 5.225969999999999782e-01 3.697151529181028629e-01 5.255987524752474549e-01 4.026517817244565922e-01 5.113644794721226017e-01 3.666352092550703712e-01 4.575063712106924307e-01 3.753638181986374556e-01 0.000000000000000000e+00 4.117723177544760360e-01 5.072371409357245842e-01 4.192463181818182338e-01 0.000000000000000000e+00 3.730513369860162243e-01 5.084923333333334350e-01 0.000000000000000000e+00 0.000000000000000000e+00 3.920146346479176924e-01 0.000000000000000000e+00 0.000000000000000000e+00 0.000000000000000000e+00 3.985575479798675880e-01 0.000000000000000000e+00 4.336439594509252649e-01 4.449407679570466234e-01 3.833048591549295669e-01 0.000000000000000000e+00 4.345820514404549750e-01 0.000000000000000000e+00 0.000000000000000000e+00 0.000000000000000000e+00 0.000000000000000000e+00 0.000000000000000000e+00 0.000000000000000000e+00 0.000000000000000000e+00 4.308912844789961616e-01 3.820918464416535598e-01 4.422330215034965262e-01 4.286495860619469189e-01 0.000000000000000000e+00 0.000000000000000000e+00 0.000000000000000000e+00 0.000000000000000000e+00 0.000000000000000000e+00 0.000000000000000000e+00 0.000000000000000000e+00 0.000000000000000000e+00 0.000000000000000000e+00 0.000000000000000000e+00
5.254351523257237977e-01 3.694793456722922920e-01 4.807899905739941859e-01 2.558348891899595579e-01 4.696897170020172818e-01 2.410387713173911539e-01 4.593088556908268005e-01 3.178113774789710355e-01 0.000000000000000000e+00 3.051495381947362251e-01 4.835361072277566397e-01 3.870875441154371654e-01 4.442091265422454249e-01 3.771874200967109125e-01 4.563275482867149013e-01 3.182713846340299857e-01 5.000565337018294532e-01 4.091079068446079048e-01 5.287581187041823227e-01 3.182407624911164912e-01 0.000000000000000000e+00 0.000000000000000000e+00 4.503748488299619823e-01 2.682636732479223296e-01 4.194612504380991203e-01 2.909210401575276217e-01 4.575854807692307791e-01 3.018384832491212699e-01 4.888859142052919271e-01 3.559554035091221369e-01 4.195387943430620159e-01 3.313385858287234975e-01 5.120209686789134462e-01 4.334538912679030687e-01 0.000000000000000000e+00 4.829181812284839559e-01 5.712416878156844069e-01 4.929106279390877421e-01 0.000000000000000000e+00 4.577014844845865293e-01 0.000000000000000000e+00 0.000000000000000000e+00 0.000000000000000000e+00 4.372448521126760523e-01 0.000000000000000000e+00 4.093514710743801355e-01 0.000000000000000000e+00 4.222939166666666577e-01 0.000000000000000000e+00 3.946464867228991480e-01 4.825732013422817657e-01 4.123011727555099259e-01 0.000000000000000000e+00 3.705771190476190302e-01 0.000000000000000000e+00 3.818561015624999944e-01 4.747896321679615506e-01 4.276177729926423088e-01 5.039373961777129374e-01 4.626508217269303946e-01 4.935508278688524597e-01 4.557957428312784387e-01 0.000000000000000000e+00 4.301766245925827126e-01 0.000000000000000000e+00 4.055034919856870812e-01 5.300506356593502888e-01 4.561612173281632820e-01 5.415273590703176820e-01 3.811929676399958278e-01 5.091448664786898393e-01 3.910304553025066854e-01 4.439486202538872606e-01 3.674395205872919012e-01 0.000000000000000000e+00 3.412718398701125588e-01 4.667845500792100477e-01 4.128104269510253777e-01 0.000000000000000000e+00 0.000000000000000000e+00 4.059512153846153715e-01 4.371055925925926289e-01 0.000000000000000000e+00 0.000000000000000000e+00 4.526000486111111387e-01 3.999432788040504505e-01 0.000000000000000000e+00 3.745119152610442148e-01 0.000000000000000000e+00 4.027149313725488788e-01 4.657656640320751440e-01 4.278400902436872988e-01 0.000000000000000000e+00 4.277104537815125673e-01 4.652693348516699912e-01 4.336717870002337882e-01 0.000000000000000000e+00 0.000000000000000000e+00 4.798584889705882484e-01 0.000000000000000000e+00 0.000000000000000000e+00 0.000000000000000000e+00 4.596318683083539525e-01 4.187207048668013520e-01 4.719376576576576610e-01 4.401124366102506236e-01 0.000000000000000000e+00 0.000000000000000000e+00 0.000000000000000000e+00 0.000000000000000000e+00 0.000000000000000000e+00 4.637945142857142211e-01 0.000000000000000000e+00 0.000000000000000000e+00 4.051105229357798154e-01 0.000000000000000000e+00
3.954403062889008669e-01 0.000000000000000000e+00 2.126113982224581700e-01 4.696897170020172818e-01 1.997110472783067969e-01 4.674317329105047158e-01 2.454034339929702380e-01 4.447550534972938840e-01 2.406873699791673427e-01 4.403396897546897892e-01 3.063696052631578737e-01 0.000000000000000000e+00 2.943004437571500875e-01 0.000000000000000000e+00 2.878899555027216173e-01 4.760161468332211321e-01 0.000000000000000000e+00 0.000000000000000000e+00 3.569208852459017089e-01 0.000000000000000000e+00 5.063490268116804804e-01 5.805862903225806892e-01 3.250355106238718705e-01 4.160671560762766452e-01 1.691500513527358085e-01 4.362189215926788877e-01 2.504559509076625390e-01 4.747020557128227569e-01 3.659329018728004201e-01 0.000000000000000000e+00 3.946427295742799268e-01 4.356750047030399364e-01 4.173542161150513019e-01 0.000000000000000000e+00 0.000000000000000000e+00 0.000000000000000000e+00 0.000000000000000000e+00 0.000000000000000000e+00 0.000000000000000000e+00 0.000000000000000000e+00 0.000000000000000000e+00 0.000000000000000000e+00 4.520612835820895237e-01 0.000000000000000000e+00 0.000000000000000000e+00 0.000000000000000000e+00 0.000000000000000000e+00 0.000000000000000000e+00 0.000000000000000000e+00 0.000000000000000000e+00 3.755106412213740641e-01 0.000000000000000000e+00 4.347319650777887734e-01 0.000000000000000000e+00 0.000000000000000000e+00 0.000000000000000000e+00 0.000000000000000000e+00 0.000000000000000000e+00 0.000000000000000000e+00 0.000000000000000000e+00 0.000000000000000000e+00 0.000000000000000000e+00 4.552295153846154241e-01 0.000000000000000000e+00 3.204747844036696103e-01 0.000000000000000000e+00 4.367303865384615791e-01 0.000000000000000000e+00 0.000000000000000000e+00 0.000000000000000000e+00 3.612397380414031356e-01 5.267286781497372283e-01 3.539127381189905441e-01 0.000000000000000000e+00 3.339283604910414094e-01 0.000000000000000000e+00 3.576075789113514203e-01 2.983609154929577345e-01 3.337528620689655390e-01 0.000000000000000000e+00 3.641121712041165415e-01 0.000000000000000000e+00 4.107167931034483299e-01 0.000000000000000000e+00 3.953936097033000641e-01 0.000000000000000000e+00 4.281979583333332950e-01 0.000000000000000000e+00 3.971191840709742960e-01 0.000000000000000000e+00 0.000000000000000000e+00 0.000000000000000000e+00 0.000000000000000000e+00 0.000000000000000000e+00 3.892356046511627476e-01 0.000000000000000000e+00 0.000000000000000000e+00 0.000000000000000000e+00 0.000000000000000000e+00 0.000000000000000000e+00 0.000000000000000000e+00 0.000000000000000000e+00 0.000000000000000000e+00 0.000000000000000000e+00 0.000000000000000000e+00 3.657724700000000162e-01 0.000000000000000000e+00 0.000000000000000000e+00 0.000000000000000000e+00 0.000000000000000000e+00 0.000000000000000000e+00 0.000000000000000000e+00 0.000000000000000000e+00 0.000000000000000000e+00 0.000000000000000000e+00 0.000000000000000000e+00
0.000000000000000000e+00 4.471134888888889103e-01 4.441501832896045387e-01 2.410387713173911539e-01 4.674317329105047158e-01 1.882017026581969954e-01 4.345743495665124190e-01 3.072770904589079421e-01 4.796014457831325739e-01 2.754171176754488526e-01 0.000000000000000000e+00 0.000000000000000000e+00 0.000000000000000000e+00 3.226932045454545261e-01 4.462321818761922354e-01 2.720665773802262710e-01 0.000000000000000000e+00 0.000000000000000000e+00 4.941519457364340617e-01 3.696086388888888408e-01 4.632133117772798681e-01 3.779434766090338793e-01 4.403129305142435279e-01 2.763357700343575529e-01 4.630440855654294197e-01 1.874906124613720804e-01 5.034105144524645414e-01 2.244643061566158893e-01 0.000000000000000000e+00 3.119852580071785231e-01 4.194660667337553051e-01 3.519488083366071884e-01 4.447417378640776686e-01 3.959624787674110302e-01 0.000000000000000000e+00 0.000000000000000000e+00 0.000000000000000000e+00 0.000000000000000000e+00 0.000000000000000000e+00 0.000000000000000000e+00 0.000000000000000000e+00 0.000000000000000000e+00 0.000000000000000000e+00 0.000000000000000000e+00 0.000000000000000000e+00 0.000000000000000000e+00 0.000000000000000000e+00 0.000000000000000000e+00 0.000000000000000000e+00 0.000000000000000000e+00 0.000000000000000000e+00 3.959575343511450574e-01 0.000000000000000000e+00 0.000000000000000000e+00 0.000000000000000000e+00 0.000000000000000000e+00 0.000000000000000000e+00 3.800453148148147386e-01 0.000000000000000000e+00 0.000000000000000000e+00 0.000000000000000000e+00 0.000000000000000000e+00 0.000000000000000000e+00 0.000000000000000000e+00 0.000000000000000000e+00 0.000000000000000000e+00 0.000000000000000000e+00 5.124455446428571870e-01 0.000000000000000000e+00 0.000000000000000000e+00 4.945806143639598362e-01 3.519929823136330183e-01 3.810439758064515514e-01 3.323110341549433411e-01 0.000000000000000000e+00 3.010333320896104170e-01 0.000000000000000000e+00 3.497686184598360892e-01 0.000000000000000000e+00 0.000000000000000000e+00 0.000000000000000000e+00 0.000000000000000000e+00 0.000000000000000000e+00 0.000000000000000000e+00 0.000000000000000000e+00 4.049215493693694157e-01 0.000000000000000000e+00 0.000000000000000000e+00 0.000000000000000000e+00 3.981931500000000512e-01 0.000000000000000000e+00 0.000000000000000000e+00 0.000000000000000000e+00 0.000000000000000000e+00 3.988673855421687175e-01 0.000000000000000000e+00 0.000000000000000000e+00 0.000000000000000000e+00 0.000000000000000000e+00 0.000000000000000000e+00 0.000000000000000000e+00 0.000000000000000000e+00 0.000000000000000000e+00 0.000000000000000000e+00 0.000000000000000000e+00 0.000000000000000000e+00 0.000000000000000000e+00 0.000000000000000000e+00 0.000000000000000000e+00 0.000000000000000000e+00 0.000000000000000000e+00 0.000000000000000000e+00 0.000000000000000000e+00 0.000000000000000000e+00 0.000000000000000000e+00 0.000000000000000000e+00
3.782802988216670270e-01 4.842569700415869649e-01 3.022793838750463813e-01 4.593088556908268005e-01 2.454034339929702380e-01 4.345743495665124190e-01 2.749103702357066914e-01 4.684806628694971331e-01 2.503922432692615163e-01 4.496796998580137039e-01 3.760338631839818535e-01 4.921263459816651031e-01 3.140988506503973321e-01 4.592268168997362676e-01 3.335522037820806696e-01 4.347008076923759012e-01 4.047629819550344621e-01 4.882258579380689412e-01 4.085643268966998587e-01 5.191513187122458461e-01 0.000000000000000000e+00 0.000000000000000000e+00 3.643514305681673227e-01 4.606190139167683495e-01 0.000000000000000000e+00 4.087113917509834771e-01 0.000000000000000000e+00 4.120033859366613038e-01 3.718068805722321568e-01 4.897616602746878156e-01 3.534567159781517587e-01 4.604264535377372014e-01 4.232292927218554435e-01 5.043374030092315774e-01 0.000000000000000000e+00 0.000000000000000000e+00 4.354602104179646216e-01 0.000000000000000000e+00 3.823447862595419910e-01 0.000000000000000000e+00 0.000000000000000000e+00 0.000000000000000000e+00 0.000000000000000000e+00 0.000000000000000000e+00 4.296292419439673438e-01 0.000000000000000000e+00 0.000000000000000000e+00 0.000000000000000000e+00 4.051040853992531332e-01 0.000000000000000000e+00 3.907252872741163729e-01 0.000000000000000000e+00 4.037754191663777692e-01 0.000000000000000000e+00 3.978165637529151311e-01 0.000000000000000000e+00 3.848645430128713185e-01 0.000000000000000000e+00 4.209298023511305331e-01 5.088688630136987134e-01 4.040130552804003794e-01 0.000000000000000000e+00 3.921325170000722338e-01 0.000000000000000000e+00 3.948709567807204279e-01 0.000000000000000000e+00 4.594383164100056538e-01 4.792998672656450521e-01 4.312659624965879956e-01 4.954127798663324755e-01 3.608566171116878718e-01 5.065631110490711464e-01 3.677183207185952818e-01 4.766309700584158149e-01 3.681640622229735982e-01 0.000000000000000000e+00 4.042376417011228074e-01 4.692176926645867940e-01 3.921144657534246791e-01 0.000000000000000000e+00 3.696472215551326324e-01 0.000000000000000000e+00 0.000000000000000000e+00 0.000000000000000000e+00 4.009031095356155316e-01 0.000000000000000000e+00 4.176105902777778045e-01 0.000000000000000000e+00 4.101375016709533083e-01 0.000000000000000000e+00 4.045579987134102495e-01 4.339175310835293731e-01 0.000000000000000000e+00 0.000000000000000000e+00 4.415779088406279751e-01 4.169166593023256318e-01 0.000000000000000000e+00 3.838866576576577261e-01 0.000000000000000000e+00 4.261700280373831307e-01 0.000000000000000000e+00 4.476628480000000576e-01 3.948840492957746973e-01 4.544505955882353065e-01 0.000000000000000000e+00 4.559074851485148128e-01 0.000000000000000000e+00 0.000000000000000000e+00 0.000000000000000000e+00 0.000000000000000000e+00 0.000000000000000000e+00 0.000000000000000000e+00 4.161561641791045041e-01 0.000000000000000000e+00 4.232918782608696140e-01 0.000000000000000000e+00
5.018597396918752507e-01 3.588059287759403082e-01 4.751395381554005537e-01 3.178113774789710355e-01 4.447550534972938840e-01 3.072770904589079421e-01 4.684806628694971331e-01 2.760137613784880428e-01 4.384195517386830776e-01 2.945581761751739358e-01 4.771738564217299916e-01 3.379714413032676723e-01 4.584839730824643023e-01 2.957810111184881463e-01 4.587814765794834826e-01 3.107586401128490383e-01 4.857955854846175980e-01 3.975190344312608537e-01 5.069279877105903331e-01 4.047334798666904487e-01 0.000000000000000000e+00 0.000000000000000000e+00 4.556452347280988691e-01 3.844943007535931434e-01 4.713290116279069131e-01 3.748906666666666498e-01 4.396905331368899938e-01 3.285898510503976189e-01 5.036527349957060640e-01 3.463625715189502796e-01 4.408790960440533424e-01 3.511380828368238505e-01 4.875585855960907766e-01 4.054753760657918704e-01 0.000000000000000000e+00 4.771003703703703969e-01 5.325301106180790889e-01 4.203931321649835295e-01 0.000000000000000000e+00 3.791821600877193221e-01 0.000000000000000000e+00 0.000000000000000000e+00 0.000000000000000000e+00 3.689585039370079089e-01 0.000000000000000000e+00 4.082083783080902584e-01 0.000000000000000000e+00 0.000000000000000000e+00 0.000000000000000000e+00 3.905850458608270404e-01 4.887553147920648544e-01 3.852147401951983019e-01 0.000000000000000000e+00 3.752643993400539557e-01 4.945714904458599626e-01 3.912366386249462313e-01 4.834753633830681241e-01 4.036030903602824682e-01 0.000000000000000000e+00 4.339929030955666511e-01 4.626445939393939444e-01 3.960508104480746083e-01 4.957330769230768874e-01 4.029930047577457985e-01 4.974765345911950076e-01 3.950746612330333640e-01 4.739176806100227068e-01 4.386876714534282962e-01 4.760974867947330158e-01 4.212535282492621547e-01 4.909862719716756030e-01 3.540543153661392384e-01 4.473568077892536854e-01 3.600582911707430056e-01 4.613043152173911809e-01 3.150794737635501108e-01 4.632843986041806361e-01 3.874198081160786233e-01 0.000000000000000000e+00 4.107786166666666516e-01 0.000000000000000000e+00 4.145255819411154952e-01 0.000000000000000000e+00 0.000000000000000000e+00 4.051948148148147855e-01 4.202832982258352112e-01 0.000000000000000000e+00 3.775401688311688653e-01 4.376621702127659330e-01 4.198221284213576321e-01 4.443666225859002061e-01 4.060790516424411245e-01 0.000000000000000000e+00 3.890399784172661746e-01 4.855348225806451201e-01 0.000000000000000000e+00 0.000000000000000000e+00 4.089221749999999989e-01 4.507859397419355374e-01 4.142454583333333162e-01 0.000000000000000000e+00 0.000000000000000000e+00 4.270184964539007200e-01 4.118021084766584350e-01 0.000000000000000000e+00 4.311220631148378613e-01 0.000000000000000000e+00 0.000000000000000000e+00 0.000000000000000000e+00 0.000000000000000000e+00 0.000000000000000000e+00 0.000000000000000000e+00 3.795286611570247715e-01 0.000000000000000000e+00 4.129887058823529244e-01 0.000000000000000000e+00
3.276082780543997375e-01 0.000000000000000000e+00 2.554973249600102636e-01 0.000000000000000000e+00 2.406873699791673427e-01 4.796014457831325739e-01 2.503922432692615163e-01 4.384195517386830776e-01 2.312635320320360344e-01 4.371304147062709533e-01 3.175485513646612579e-01 0.000000000000000000e+00 2.868303154393148091e-01 0.000000000000000000e+00 2.546428080710887998e-01 4.199343385542169127e-01 4.014413034553541704e-01 0.000000000000000000e+00 3.912480483870967585e-01 0.000000000000000000e+00 3.530092288939974954e-01 0.000000000000000000e+00 3.014208834852292185e-01 4.335590428726635026e-01 2.516074001665634663e-01 3.906723137499999443e-01 2.831578365445365786e-01 0.000000000000000000e+00 3.507590744615762812e-01 0.000000000000000000e+00 3.718241492094861433e-01 4.263125909173791639e-01 3.646173684210526900e-01 0.000000000000000000e+00 0.000000000000000000e+00 0.000000000000000000e+00 0.000000000000000000e+00 0.000000000000000000e+00 0.000000000000000000e+00 0.000000000000000000e+00 0.000000000000000000e+00 0.000000000000000000e+00 0.000000000000000000e+00 0.000000000000000000e+00 0.000000000000000000e+00 0.000000000000000000e+00 4.598714347338935804e-01 0.000000000000000000e+00 4.136272822580644437e-01 0.000000000000000000e+00 4.348355191626052108e-01 0.000000000000000000e+00 0.000000000000000000e+00 0.000000000000000000e+00 4.522424180327868637e-01 0.000000000000000000e+00 0.000000000000000000e+00 0.000000000000000000e+00 4.707587398373982990e-01 0.000000000000000000e+00 3.869716250005062474e-01 0.000000000000000000e+00 4.145811580507601235e-01 0.000000000000000000e+00 3.793396176470588688e-01 0.000000000000000000e+00 4.492333795620437886e-01 4.899526986301370179e-01 4.356963607594936394e-01 0.000000000000000000e+00 3.146615574333604393e-01 4.935545117391304526e-01 3.533425939144942407e-01 0.000000000000000000e+00 3.515151711614568630e-01 0.000000000000000000e+00 3.689884527011023652e-01 0.000000000000000000e+00 0.000000000000000000e+00 0.000000000000000000e+00 3.773582741406051877e-01 0.000000000000000000e+00 3.964581739130434435e-01 0.000000000000000000e+00 4.034554769026666987e-01 0.000000000000000000e+00 3.770997460317460637e-01 0.000000000000000000e+00 3.990486117340306671e-01 0.000000000000000000e+00 4.022430750213735751e-01 0.000000000000000000e+00 0.000000000000000000e+00 0.000000000000000000e+00 0.000000000000000000e+00 0.000000000000000000e+00 0.000000000000000000e+00 0.000000000000000000e+00 0.000000000000000000e+00 0.000000000000000000e+00 0.000000000000000000e+00 0.000000000000000000e+00 0.000000000000000000e+00 0.000000000000000000e+00 0.000000000000000000e+00 0.000000000000000000e+00 0.000000000000000000e+00 0.000000000000000000e+00 0.000000000000000000e+00 0.000000000000000000e+00 0.000000000000000000e+00 0.000000000000000000e+00 0.000000000000000000e+00 0.000000000000000000e+00 0.000000000000000000e+00 0.000000000000000000e+00
0.000000000000000000e+00 0.000000000000000000e+00 4.222678475830436984e-01 3.051495381947362251e-01 4.403396897546897892e-01 2.754171176754488526e-01 4.496796998580137039e-01 2.945581761751739358e-01 4.371304147062709533e-01 2.511682168379876234e-01 0.000000000000000000e+00 3.688099667765981637e-01 4.312996202531645951e-01 3.294100291508074152e-01 4.568519734646926955e-01 2.705006395425801347e-01 4.212628227848101425e-01 3.815118663533834664e-01 4.789178037383177711e-01 0.000000000000000000e+00 3.694082359550562855e-01 0.000000000000000000e+00 4.425681604642832112e-01 3.333091320863219020e-01 4.487117198784304484e-01 0.000000000000000000e+00 4.691122944613364543e-01 2.837985471957671924e-01 0.000000000000000000e+00 3.500092933214291602e-01 4.062179539996265132e-01 3.759942392857142934e-01 0.000000000000000000e+00 4.037624123118552788e-01 0.000000000000000000e+00 0.000000000000000000e+00 0.000000000000000000e+00 0.000000000000000000e+00 0.000000000000000000e+00 0.000000000000000000e+00 0.000000000000000000e+00 0.000000000000000000e+00 0.000000000000000000e+00 0.000000000000000000e+00 0.000000000000000000e+00 0.000000000000000000e+00 0.000000000000000000e+00 0.000000000000000000e+00 0.000000000000000000e+00 0.000000000000000000e+00 0.000000000000000000e+00 4.196267676570628047e-01 0.000000000000000000e+00 0.000000000000000000e+00 0.000000000000000000e+00 0.000000000000000000e+00 0.000000000000000000e+00 3.879987162660731848e-01 0.000000000000000000e+00 4.200320542635658794e-01 0.000000000000000000e+00 0.000000000000000000e+00 0.000000000000000000e+00 0.000000000000000000e+00 0.000000000000000000e+00 0.000000000000000000e+00 0.000000000000000000e+00 0.000000000000000000e+00 0.000000000000000000e+00 0.000000000000000000e+00 4.668837361111111139e-01 3.343155315949655204e-01 4.605741387443439416e-01 3.388077249228405585e-01 0.000000000000000000e+00 3.386464671914489188e-01 3.508269871357012626e-01 3.632810056930838583e-01 0.000000000000000000e+00 0.000000000000000000e+00 0.000000000000000000e+00 4.012096940297021352e-01 0.000000000000000000e+00 0.000000000000000000e+00 0.000000000000000000e+00 3.669403834956485033e-01 0.000000000000000000e+00 0.000000000000000000e+00 0.000000000000000000e+00 4.091214846153846119e-01 0.000000000000000000e+00 0.000000000000000000e+00 0.000000000000000000e+00 0.000000000000000000e+00 4.088960219780219396e-01 0.000000000000000000e+00 0.000000000000000000e+00 0.000000000000000000e+00 0.000000000000000000e+00 0.000000000000000000e+00 0.000000000000000000e+00 0.000000000000000000e+00 3.920437941176470042e-01 3.780089538461538501e-01 0.000000000000000000e+00 4.215352526315789827e-01 0.000000000000000000e+00 0.000000000000000000e+00 0.000000000000000000e+00 0.000000000000000000e+00 0.000000000000000000e+00 0.000000000000000000e+00 0.000000000000000000e+00 0.000000000000000000e+00 0.000000000000000000e+00 0.000000000000000000e+00
3.471804260306728951e-01 0.000000000000000000e+00 4.026924369752574728e-01 4.835361072277566397e-01 3.063696052631578737e-01 0.000000000000000000e+00 3.760338631839818535e-01 4.771738564217299916e-01 3.175485513646612579e-01 0.000000000000000000e+00 2.817313139773686137e-01 4.803325249999999547e-01 3.180259935766348578e-01 4.581473101603621423e-01 3.718825273252019947e-01 0.000000000000000000e+00 3.396400233010978265e-01 0.000000000000000000e+00 4.318391659635990587e-01 5.021378455691509757e-01 0.000000000000000000e+00 0.000000000000000000e+00 3.930417021070097827e-01 4.901963528826392413e-01 0.000000000000000000e+00 0.000000000000000000e+00 0.000000000000000000e+00 0.000000000000000000e+00 3.916813375181460444e-01 4.993259883720929659e-01 3.780431994835066201e-01 4.833395076164604398e-01 4.176098966258999234e-01 4.836490488063825421e-01 0.000000000000000000e+00 0.000000000000000000e+00 4.647606931383836404e-01 0.000000000000000000e+00 0.000000000000000000e+00 0.000000000000000000e+00 0.000000000000000000e+00 0.000000000000000000e+00 0.000000000000000000e+00 0.000000000000000000e+00 0.000000000000000000e+00 0.000000000000000000e+00 0.000000000000000000e+00 0.000000000000000000e+00 0.000000000000000000e+00 0.000000000000000000e+00 4.118686114187250502e-01 0.000000000000000000e+00 0.000000000000000000e+00 0.000000000000000000e+00 0.000000000000000000e+00 0.000000000000000000e+00 3.697259593326074345e-01 0.000000000000000000e+00 4.237965405527241436e-01 0.000000000000000000e+00 4.401241871136751804e-01 0.000000000000000000e+00 4.294628229985528178e-01 0.000000000000000000e+00 4.382810495019398567e-01 0.000000000000000000e+00 4.570898792859592330e-01 0.000000000000000000e+00 0.000000000000000000e+00 0.000000000000000000e+00 3.446817875396006037e-01 4.984434867069277297e-01 3.673625576349870414e-01 4.790944281568045859e-01 0.000000000000000000e+00 0.000000000000000000e+00 4.055101925332757484e-01 4.817573200000000444e-01 0.000000000000000000e+00 0.000000000000000000e+00 4.065443470215660549e-01 0.000000000000000000e+00 0.000000000000000000e+00 0.000000000000000000e+00 4.261988316595816673e-01 0.000000000000000000e+00 0.000000000000000000e+00 0.000000000000000000e+00 4.099629688011487416e-01 0.000000000000000000e+00 4.319532564102563921e-01 0.000000000000000000e+00 0.000000000000000000e+00 0.000000000000000000e+00 0.000000000000000000e+00 0.000000000000000000e+00 0.000000000000000000e+00 0.000000000000000000e+00 0.000000000000000000e+00 0.000000000000000000e+00 0.000000000000000000e+00 0.000000000000000000e+00 0.000000000000000000e+00 0.000000000000000000e+00 0.000000000000000000e+00 0.000000000000000000e+00 0.000000000000000000e+00 0.000000000000000000e+00 0.000000000000000000e+00 0.000000000000000000e+00 0.000000000000000000e+00 0.000000000000000000e+00 0.000000000000000000e+00 0.000000000000000000e+00 0.000000000000000000e+00 0.000000000000000000e+00
4.958504386339468439e-01 3.600959469276118208e-01 4.905253539621358128e-01 3.870875441154371654e-01 0.000000000000000000e+00 0.000000000000000000e+00 4.921263459816651031e-01 3.379714413032676723e-01 0.000000000000000000e+00 3.688099667765981637e-01 4.803325249999999547e-01 2.678831841704145122e-01 0.000000000000000000e+00 2.980729941928134674e-01 0.000000000000000000e+00 3.269023089512041458e-01 5.046200674157304000e-01 3.389664406849203782e-01 4.965200103622195993e-01 4.094851197051364022e-01 0.000000000000000000e+00 0.000000000000000000e+00 4.768760836448820428e-01 4.035078937214779393e-01 0.000000000000000000e+00 0.000000000000000000e+00 0.000000000000000000e+00 0.000000000000000000e+00 4.979665441176470697e-01 3.504326903167350737e-01 4.355934851272439401e-01 4.021660800264550417e-01 4.677597275964451295e-01 4.038878439072084436e-01 0.000000000000000000e+00 4.448200659340658114e-01 0.000000000000000000e+00 4.868582254901960837e-01 0.000000000000000000e+00 0.000000000000000000e+00 0.000000000000000000e+00 0.000000000000000000e+00 0.000000000000000000e+00 0.000000000000000000e+00 0.000000000000000000e+00 0.000000000000000000e+00 0.000000000000000000e+00 4.723207333333333535e-01 0.000000000000000000e+00 4.522045421686746169e-01 0.000000000000000000e+00 3.731458659420290314e-01 0.000000000000000000e+00 4.061117959183673243e-01 0.000000000000000000e+00 4.315723064771976314e-01 0.000000000000000000e+00 4.077198308808995253e-01 0.000000000000000000e+00 4.415171977883725063e-01 0.000000000000000000e+00 4.216980113701588317e-01 0.000000000000000000e+00 4.089223325226598593e-01 0.000000000000000000e+00 4.038850137068356605e-01 4.926143470162419602e-01 4.562154382590282720e-01 0.000000000000000000e+00 4.173728392639815543e-01 5.192957744985639001e-01 3.555910493122096394e-01 4.587879326309066697e-01 3.636949805997116703e-01 0.000000000000000000e+00 2.910234545454545851e-01 4.756748414231942168e-01 4.135174388341962826e-01 0.000000000000000000e+00 3.955436503001715787e-01 0.000000000000000000e+00 4.246350263531929459e-01 0.000000000000000000e+00 0.000000000000000000e+00 0.000000000000000000e+00 4.580269135866182895e-01 0.000000000000000000e+00 4.173327317073170506e-01 0.000000000000000000e+00 4.613516751423024642e-01 0.000000000000000000e+00 4.043757792700919951e-01 0.000000000000000000e+00 0.000000000000000000e+00 0.000000000000000000e+00 0.000000000000000000e+00 0.000000000000000000e+00 0.000000000000000000e+00 0.000000000000000000e+00 4.308838416130329474e-01 0.000000000000000000e+00 0.000000000000000000e+00 4.757722148760330505e-01 4.400076177150022971e-01 0.000000000000000000e+00 4.383299405940593862e-01 0.000000000000000000e+00 0.000000000000000000e+00 0.000000000000000000e+00 0.000000000000000000e+00 0.000000000000000000e+00 0.000000000000000000e+00 0.000000000000000000e+00 0.000000000000000000e+00 0.000000000000000000e+00 0.000000000000000000e+00
3.780147692987240182e-01 0.000000000000000000e+00 3.417334801826166224e-01 4.442091265422454249e-01 2.943004437571500875e-01 0.000000000000000000e+00 3.140988506503973321e-01 4.584839730824643023e-01 2.868303154393148091e-01 4.312996202531645951e-01 3.180259935766348578e-01 0.000000000000000000e+00 2.464130477401410280e-01 4.599368132529422226e-01 2.658842796334767722e-01 4.377274456521739188e-01 4.065997342252898328e-01 0.000000000000000000e+00 4.062256422204771344e-01 4.580158873176918277e-01 0.000000000000000000e+00 0.000000000000000000e+00 3.416041396968381161e-01 4.669832163321668839e-01 0.000000000000000000e+00 0.000000000000000000e+00 0.000000000000000000e+00 0.000000000000000000e+00 3.300233570471274858e-01 5.165502388059700634e-01 3.259096392382517804e-01 4.652079959264332487e-01 3.937151190265537060e-01 4.898987464042574569e-01 0.000000000000000000e+00 0.000000000000000000e+00 4.290589819800336713e-01 0.000000000000000000e+00 0.000000000000000000e+00 0.000000000000000000e+00 0.000000000000000000e+00 0.000000000000000000e+00 0.000000000000000000e+00 0.000000000000000000e+00 0.000000000000000000e+00 0.000000000000000000e+00 0.000000000000000000e+00 0.000000000000000000e+00 0.000000000000000000e+00 0.000000000000000000e+00 4.228456628149803165e-01 0.000000000000000000e+00 0.000000000000000000e+00 0.000000000000000000e+00 3.981103263348164667e-01 0.000000000000000000e+00 3.724408752715733795e-01 0.000000000000000000e+00 3.801759180968564134e-01 0.000000000000000000e+00 4.392664900615185219e-01 0.000000000000000000e+00 4.284553176258322216e-01 0.000000000000000000e+00 4.247471307690994791e-01 0.000000000000000000e+00 4.308399972725757698e-01 0.000000000000000000e+00 4.166114147167639947e-01 0.000000000000000000e+00 3.225671851108544708e-01 4.897033847950292285e-01 3.531221615801259928e-01 5.002778649350648754e-01 3.985735789180920308e-01 0.000000000000000000e+00 3.789070312177996169e-01 4.565762367733466331e-01 0.000000000000000000e+00 0.000000000000000000e+00 3.741124524947022079e-01 0.000000000000000000e+00 0.000000000000000000e+00 0.000000000000000000e+00 4.075259476227067745e-01 0.000000000000000000e+00 0.000000000000000000e+00 0.000000000000000000e+00 4.152467632520757679e-01 0.000000000000000000e+00 0.000000000000000000e+00 0.000000000000000000e+00 0.000000000000000000e+00 0.000000000000000000e+00 0.000000000000000000e+00 0.000000000000000000e+00 0.000000000000000000e+00 0.000000000000000000e+00 0.000000000000000000e+00 0.000000000000000000e+00 0.000000000000000000e+00 0.000000000000000000e+00 4.033242283464567590e-01 0.000000000000000000e+00 4.357995263157894983e-01 0.000000000000000000e+00 0.000000000000000000e+00 0.000000000000000000e+00 0.000000000000000000e+00 0.000000000000000000e+00 0.000000000000000000e+00 0.000000000000000000e+00 0.000000000000000000e+00 0.000000000000000000e+00 0.000000000000000000e+00 0.000000000000000000e+00
