2.971631990387754163e-01 4.960067267077610809e-01 3.624430422778108785e-01 5.192070814152709435e-01 3.639860715480957576e-01 0.000000000000000000e+00 3.156717547410491376e-01 4.960519071315330208e-01 3.638507472963545264e-01 0.000000000000000000e+00 3.172653079908966944e-01 5.105529730411171307e-01 3.702901339497076116e-01 4.868559679999999168e-01 3.960441682503214600e-01 0.000000000000000000e+00 3.177088292165565209e-01 4.926733036355464002e-01 4.308165792461805532e-01 5.153690861936367495e-01 0.000000000000000000e+00 0.000000000000000000e+00 4.228503510059894999e-01 0.000000000000000000e+00 0.000000000000000000e+00 0.000000000000000000e+00 0.000000000000000000e+00 0.000000000000000000e+00 4.175248231270727861e-01 5.097350012909125372e-01 0.000000000000000000e+00 0.000000000000000000e+00 4.349373031222114605e-01 4.867688495626710243e-01 4.275265763156892995e-01 5.137415757575757302e-01 5.082815523046867456e-01 5.429926650295430202e-01 5.513134826721562964e-01 5.643136929824561498e-01 0.000000000000000000e+00 0.000000000000000000e+00 4.036710892042345011e-01 4.734138187134503406e-01 4.175847216721547683e-01 0.000000000000000000e+00 0.000000000000000000e+00 0.000000000000000000e+00 4.233399449524026803e-01 5.207592427745665331e-01 4.228978153423241793e-01 4.702911923076923406e-01 4.371866666666666679e-01 0.000000000000000000e+00 4.299466732266518099e-01 0.000000000000000000e+00 3.338300693333725588e-01 4.800106772152000212e-01 4.330618532661088538e-01 4.852946175728860556e-01 4.155114749817593878e-01 5.161443084112150581e-01 3.653512299219916493e-01 4.818013639904565881e-01 4.249314407138338190e-01 0.000000000000000000e+00 4.258343480539195647e-01 5.054637848136243061e-01 3.560240644014598943e-01 4.978728356870301686e-01 3.670787664441388931e-01 4.996299334171725448e-01 4.001943614435512497e-01 4.861421245605189179e-01 3.923324091663623059e-01 0.000000000000000000e+00 4.083786411933522098e-01 4.810901519461422970e-01 3.667969830508475138e-01 0.000000000000000000e+00 4.070303835155095196e-01 0.000000000000000000e+00 0.000000000000000000e+00 0.000000000000000000e+00 4.188326628284362863e-01 4.679352352941176796e-01 0.000000000000000000e+00 0.000000000000000000e+00 4.270055069523120417e-01 0.000000000000000000e+00 4.643081756383495851e-01 4.453294871201672889e-01 0.000000000000000000e+00 0.000000000000000000e+00 4.521959221541936302e-01 0.000000000000000000e+00 4.467533152173912558e-01 0.000000000000000000e+00 4.836168560685346063e-01 0.000000000000000000e+00 0.000000000000000000e+00 0.000000000000000000e+00 4.438661612985870253e-01 4.766406912751677272e-01 4.269204203529478048e-01 0.000000000000000000e+00 0.000000000000000000e+00 0.000000000000000000e+00 0.000000000000000000e+00 0.000000000000000000e+00 0.000000000000000000e+00 0.000000000000000000e+00 0.000000000000000000e+00 0.000000000000000000e+00 0.000000000000000000e+00 4.352618892314835120e-01
4.960067267077610809e-01 2.768565459440835985e-01 5.192297636166295360e-01 3.730194568499812235e-01 0.000000000000000000e+00 3.455839265851531339e-01 4.970780928547209876e-01 3.065744381331183543e-01 0.000000000000000000e+00 3.840637154868125624e-01 4.983569565217391695e-01 3.513994251621662124e-01 0.000000000000000000e+00 3.824439665014117695e-01 0.000000000000000000e+00 3.736038918169242162e-01 4.881488919059463472e-01 3.683099075047227555e-01 5.201025900189312212e-01 3.327973475714892659e-01 0.000000000000000000e+00 0.000000000000000000e+00 4.785705531914893895e-01 4.020020828453389483e-01 0.000000000000000000e+00 3.888750000000000262e-01 0.000000000000000000e+00 0.000000000000000000e+00 4.846598441823957160e-01 4.172713931165469847e-01 0.000000000000000000e+00 0.000000000000000000e+00 4.922222377986872344e-01 4.558234879334521206e-01 4.579865490196078914e-01 4.595111771561771197e-01 5.497032950148516006e-01 5.106113772247908855e-01 5.195305181818182794e-01 5.321781773026192930e-01 0.000000000000000000e+00 0.000000000000000000e+00 0.000000000000000000e+00 0.000000000000000000e+00 0.000000000000000000e+00 4.320636178932570348e-01 0.000000000000000000e+00 0.000000000000000000e+00 0.000000000000000000e+00 4.401265204931077424e-01 4.834341914893618974e-01 4.467993763298652166e-01 0.000000000000000000e+00 0.000000000000000000e+00 0.000000000000000000e+00 4.440855095822959231e-01 4.767413779958289410e-01 2.958553214422063316e-01 5.063081871450531013e-01 4.330016679651880751e-01 4.795151138252579659e-01 4.397656187833375308e-01 4.843383691690809623e-01 3.967735180717585908e-01 4.604833495934959053e-01 4.518404875170223267e-01 4.946136210734519700e-01 3.487314196033953206e-01 5.051392313250644417e-01 3.173603021777759436e-01 4.882901050881131577e-01 3.865584291335227296e-01 4.808192589062560418e-01 4.126676638288252486e-01 0.000000000000000000e+00 3.827769121836769872e-01 4.788455372489934803e-01 4.054028197089533103e-01 0.000000000000000000e+00 4.456823943661972209e-01 0.000000000000000000e+00 4.148304722328878813e-01 0.000000000000000000e+00 0.000000000000000000e+00 4.972981907894736819e-01 4.504459767142892646e-01 0.000000000000000000e+00 0.000000000000000000e+00 0.000000000000000000e+00 4.547157332756884829e-01 4.715772183967112396e-01 4.547051062967086277e-01 0.000000000000000000e+00 4.658718235294118104e-01 4.624086255814336410e-01 4.568276963571331062e-01 4.761923472222222009e-01 0.000000000000000000e+00 4.336627682119205685e-01 4.787730295697483207e-01 0.000000000000000000e+00 4.400068992248062361e-01 4.833056587759204104e-01 4.471325509845714974e-01 4.383665080645161582e-01 4.527612869380706617e-01 0.000000000000000000e+00 4.854292815533981509e-01 0.000000000000000000e+00 4.364136428571427917e-01 0.000000000000000000e+00 0.000000000000000000e+00 4.483924439999999456e-01 0.000000000000000000e+00 0.000000000000000000e+00 0.000000000000000000e+00
3.624430422778108785e-01 5.192297636166295360e-01 2.339767063777484224e-01 4.656069461431452394e-01 2.087272569696032032e-01 4.340569435818508182e-01 3.116329930996348252e-01 4.780761030876023443e-01 2.864788569733726642e-01 4.508410667092865864e-01 3.963194879193785991e-01 4.969553527801697235e-01 3.548444049534157374e-01 4.647087728782718363e-01 3.464871619221999155e-01 4.451294641957747600e-01 4.190395826935189860e-01 5.186669813492063019e-01 3.016813241832244086e-01 5.240212411848167440e-01 3.527500064685313852e-01 0.000000000000000000e+00 2.468895205885963118e-01 4.567407892647368794e-01 2.423725530222581581e-01 4.287703906209043292e-01 3.051864628504642463e-01 0.000000000000000000e+00 3.928768460802889440e-01 4.948108636532273508e-01 3.671024070354463875e-01 4.444715275106451147e-01 4.224219898130040507e-01 4.908515748876206564e-01 4.747912712582960104e-01 5.136449064986738922e-01 4.905781598011514921e-01 5.698308962586524640e-01 4.851503086419753363e-01 0.000000000000000000e+00 0.000000000000000000e+00 0.000000000000000000e+00 0.000000000000000000e+00 0.000000000000000000e+00 4.229762422860310900e-01 5.258337869822485855e-01 4.470999264957264963e-01 0.000000000000000000e+00 4.074654815630683324e-01 5.007024230769230311e-01 4.076919790757330686e-01 4.803599772114564570e-01 4.021782476618375179e-01 0.000000000000000000e+00 0.000000000000000000e+00 0.000000000000000000e+00 4.310864854683746916e-01 5.178441231744503881e-01 4.490410848401872879e-01 5.097111349898176824e-01 4.227808986541469749e-01 5.420789203539823076e-01 3.751591544955677482e-01 0.000000000000000000e+00 4.056758529953137793e-01 4.898866442133815724e-01 4.429169740949964185e-01 4.795442786592538642e-01 2.947638420629607459e-01 5.104067073170731605e-01 3.658491000452683828e-01 4.477468581589527097e-01 3.955631690158319391e-01 4.890627402723130013e-01 3.984890853172440850e-01 0.000000000000000000e+00 4.105129645418826856e-01 4.628822440001372218e-01 0.000000000000000000e+00 0.000000000000000000e+00 3.980611819813694163e-01 0.000000000000000000e+00 0.000000000000000000e+00 0.000000000000000000e+00 3.910579753638510625e-01 0.000000000000000000e+00 3.758475562499999922e-01 0.000000000000000000e+00 4.182855341062350907e-01 0.000000000000000000e+00 4.477142841965486286e-01 4.586799285714286412e-01 0.000000000000000000e+00 0.000000000000000000e+00 4.466731182590876759e-01 0.000000000000000000e+00 4.581049529374676688e-01 4.040544961240309929e-01 4.712299369369368773e-01 4.645151756410256239e-01 3.953767867647058898e-01 0.000000000000000000e+00 4.391056934939197021e-01 4.279937781228313476e-01 4.424318391156633612e-01 0.000000000000000000e+00 0.000000000000000000e+00 0.000000000000000000e+00 0.000000000000000000e+00 0.000000000000000000e+00 4.542590847457626535e-01 0.000000000000000000e+00 0.000000000000000000e+00 0.000000000000000000e+00 0.000000000000000000e+00 4.208630934086027842e-01
5.192070814152709435e-01 3.730194568499812235e-01 4.656069461431452394e-01 2.523066364976734866e-01 4.720403890470875607e-01 2.208756806558358210e-01 4.688943838707276823e-01 3.175378180669486960e-01 4.565707962211339455e-01 3.285757673008189994e-01 4.903642015790516950e-01 3.972333610620485955e-01 4.425280711134829126e-01 3.675096668677485523e-01 4.251665496103528841e-01 3.491744478815874686e-01 4.783248726454451538e-01 4.332164470978825399e-01 5.257249600114828336e-01 3.298316270440474485e-01 4.096643230769230759e-01 0.000000000000000000e+00 4.601874921181901557e-01 2.499768845610385037e-01 4.263734439269179499e-01 2.765138955895683481e-01 4.497445636828731330e-01 3.363966491150378602e-01 5.057027142377118478e-01 4.059705530915936889e-01 4.352446997716418742e-01 2.949411075825597583e-01 4.902409935471515601e-01 4.009252104255406346e-01 4.786282368421053146e-01 4.641029205370507671e-01 5.823761927972617158e-01 4.982005906630509462e-01 0.000000000000000000e+00 4.953741631862116357e-01 0.000000000000000000e+00 0.000000000000000000e+00 0.000000000000000000e+00 4.271771396098811846e-01 0.000000000000000000e+00 4.271569277270599319e-01 0.000000000000000000e+00 0.000000000000000000e+00 0.000000000000000000e+00 4.571388258850246911e-01 4.753240078740157970e-01 4.503247651703489174e-01 0.000000000000000000e+00 0.000000000000000000e+00 0.000000000000000000e+00 0.000000000000000000e+00 4.954400323540706363e-01 4.488647096469819964e-01 4.818077835700361744e-01 4.526269317350519183e-01 0.000000000000000000e+00 4.855698886885044807e-01 4.555669523809523502e-01 4.301207332456167820e-01 4.912526614864864416e-01 4.438581160356596667e-01 5.319228690382881153e-01 4.482824540552909354e-01 5.294018990973818894e-01 4.400762859186833076e-01 5.276084777171093920e-01 3.939206205639545488e-01 4.733587686482299550e-01 4.048326390664442331e-01 0.000000000000000000e+00 3.810894896082478445e-01 4.647773615844403294e-01 4.266460417255322213e-01 0.000000000000000000e+00 0.000000000000000000e+00 0.000000000000000000e+00 4.285500325635359653e-01 0.000000000000000000e+00 3.921636117647058217e-01 4.665829318181817231e-01 4.340876976719753588e-01 0.000000000000000000e+00 0.000000000000000000e+00 4.383153187499999603e-01 4.685938214705882565e-01 4.312387307692308047e-01 4.402217785650059945e-01 0.000000000000000000e+00 4.504168733887845555e-01 4.467537438714135334e-01 4.578833702119547988e-01 4.293114799509001323e-01 4.652408583333332848e-01 0.000000000000000000e+00 4.564992025819265553e-01 0.000000000000000000e+00 4.237734504544812819e-01 4.187672574763086630e-01 4.358905598844821649e-01 4.662461111111111944e-01 4.417775421626983778e-01 0.000000000000000000e+00 4.458533477647058096e-01 0.000000000000000000e+00 0.000000000000000000e+00 0.000000000000000000e+00 0.000000000000000000e+00 0.000000000000000000e+00 0.000000000000000000e+00 0.000000000000000000e+00 4.405388396226415648e-01
3.639860715480957576e-01 0.000000000000000000e+00 2.087272569696032032e-01 4.720403890470875607e-01 2.377434280870126260e-01 4.743761783769819274e-01 2.938395760935476053e-01 4.741746866432524632e-01 2.785377759369447870e-01 4.845442672788659588e-01 4.105951515151514686e-01 0.000000000000000000e+00 3.108997320567045697e-01 0.000000000000000000e+00 2.629410080475822475e-01 4.847299765590306619e-01 0.000000000000000000e+00 0.000000000000000000e+00 3.962546128010309143e-01 0.000000000000000000e+00 2.184902278911564633e-01 4.467167826086956839e-01 1.852156908870331575e-01 4.742373251600427442e-01 1.544777029809511759e-01 4.574579095201844470e-01 2.723269439638096867e-01 4.413600169682423413e-01 3.725767613903033237e-01 0.000000000000000000e+00 3.599136522849752384e-01 4.059297564335779818e-01 3.711638387096773961e-01 4.109984835674157511e-01 0.000000000000000000e+00 0.000000000000000000e+00 0.000000000000000000e+00 0.000000000000000000e+00 0.000000000000000000e+00 0.000000000000000000e+00 0.000000000000000000e+00 0.000000000000000000e+00 0.000000000000000000e+00 0.000000000000000000e+00 3.927246568047337849e-01 0.000000000000000000e+00 4.635801744966442373e-01 0.000000000000000000e+00 0.000000000000000000e+00 0.000000000000000000e+00 0.000000000000000000e+00 0.000000000000000000e+00 0.000000000000000000e+00 0.000000000000000000e+00 3.857033647058822901e-01 0.000000000000000000e+00 0.000000000000000000e+00 0.000000000000000000e+00 0.000000000000000000e+00 0.000000000000000000e+00 0.000000000000000000e+00 0.000000000000000000e+00 0.000000000000000000e+00 0.000000000000000000e+00 3.952047272727272076e-01 0.000000000000000000e+00 4.211232343749999885e-01 0.000000000000000000e+00 0.000000000000000000e+00 0.000000000000000000e+00 3.712315739512627721e-01 5.168580501978935482e-01 3.656477895635347197e-01 0.000000000000000000e+00 3.249633302025553561e-01 0.000000000000000000e+00 3.715138073987099276e-01 3.689650642917223222e-01 0.000000000000000000e+00 0.000000000000000000e+00 0.000000000000000000e+00 0.000000000000000000e+00 0.000000000000000000e+00 0.000000000000000000e+00 3.952808232234432118e-01 0.000000000000000000e+00 0.000000000000000000e+00 0.000000000000000000e+00 4.247619402985074455e-01 0.000000000000000000e+00 0.000000000000000000e+00 0.000000000000000000e+00 0.000000000000000000e+00 0.000000000000000000e+00 0.000000000000000000e+00 0.000000000000000000e+00 0.000000000000000000e+00 0.000000000000000000e+00 0.000000000000000000e+00 0.000000000000000000e+00 0.000000000000000000e+00 0.000000000000000000e+00 0.000000000000000000e+00 0.000000000000000000e+00 0.000000000000000000e+00 0.000000000000000000e+00 0.000000000000000000e+00 0.000000000000000000e+00 0.000000000000000000e+00 0.000000000000000000e+00 0.000000000000000000e+00 0.000000000000000000e+00 0.000000000000000000e+00 0.000000000000000000e+00 0.000000000000000000e+00 0.000000000000000000e+00
0.000000000000000000e+00 3.455839265851531339e-01 4.340569435818508182e-01 2.208756806558358210e-01 4.743761783769819274e-01 2.043771827693578735e-01 4.387895449543959270e-01 2.953691945656244378e-01 4.253245629629629487e-01 2.667460471501589270e-01 0.000000000000000000e+00 3.221577735849056046e-01 4.062477900098001582e-01 3.373695886081226059e-01 4.381690607950918803e-01 2.943549417968074899e-01 0.000000000000000000e+00 0.000000000000000000e+00 0.000000000000000000e+00 3.658226781498659652e-01 4.529406970587132597e-01 0.000000000000000000e+00 4.267239459013174030e-01 2.118585576242303370e-01 4.585854106258601681e-01 1.624728194380675173e-01 4.662947075904343985e-01 2.902998893416492976e-01 0.000000000000000000e+00 3.193603151088440506e-01 3.862271122140192858e-01 3.164428955743128768e-01 0.000000000000000000e+00 3.525019208675891913e-01 0.000000000000000000e+00 0.000000000000000000e+00 0.000000000000000000e+00 3.974130909090909380e-01 0.000000000000000000e+00 0.000000000000000000e+00 0.000000000000000000e+00 0.000000000000000000e+00 0.000000000000000000e+00 4.396691161290322558e-01 0.000000000000000000e+00 3.720418571428571464e-01 0.000000000000000000e+00 0.000000000000000000e+00 0.000000000000000000e+00 0.000000000000000000e+00 0.000000000000000000e+00 3.769768154832557339e-01 0.000000000000000000e+00 4.529160181818182584e-01 0.000000000000000000e+00 4.049970542808218887e-01 0.000000000000000000e+00 0.000000000000000000e+00 0.000000000000000000e+00 3.772184308270676856e-01 0.000000000000000000e+00 3.649002495867768592e-01 0.000000000000000000e+00 4.279008644067797129e-01 0.000000000000000000e+00 3.857256341932166488e-01 0.000000000000000000e+00 4.830346115702480181e-01 0.000000000000000000e+00 0.000000000000000000e+00 5.113796445572230676e-01 3.657261266071755723e-01 0.000000000000000000e+00 3.505393811432638840e-01 3.879530240963856014e-01 3.306870568240823371e-01 4.666025838926174951e-01 3.853138730452027594e-01 0.000000000000000000e+00 0.000000000000000000e+00 0.000000000000000000e+00 0.000000000000000000e+00 0.000000000000000000e+00 4.024973972602739480e-01 0.000000000000000000e+00 3.964852797706325815e-01 0.000000000000000000e+00 4.219036033333333213e-01 0.000000000000000000e+00 3.982884325289186567e-01 0.000000000000000000e+00 0.000000000000000000e+00 0.000000000000000000e+00 0.000000000000000000e+00 0.000000000000000000e+00 0.000000000000000000e+00 0.000000000000000000e+00 0.000000000000000000e+00 0.000000000000000000e+00 0.000000000000000000e+00 0.000000000000000000e+00 0.000000000000000000e+00 0.000000000000000000e+00 0.000000000000000000e+00 0.000000000000000000e+00 0.000000000000000000e+00 0.000000000000000000e+00 0.000000000000000000e+00 0.000000000000000000e+00 0.000000000000000000e+00 0.000000000000000000e+00 0.000000000000000000e+00 0.000000000000000000e+00 0.000000000000000000e+00 0.000000000000000000e+00 0.000000000000000000e+00
3.156717547410491376e-01 4.970780928547209876e-01 3.116329930996348252e-01 4.688943838707276823e-01 2.938395760935476053e-01 4.387895449543959270e-01 2.534627513763864082e-01 4.799347684979982653e-01 3.036010370275338821e-01 4.496789207920791620e-01 3.740428392120507262e-01 4.953825740255283772e-01 2.816144848266351475e-01 4.753187221025483300e-01 3.589227783052636456e-01 4.394555684210525448e-01 4.021692395266948106e-01 4.817767434054995856e-01 4.078420467589403686e-01 5.092490645414129435e-01 0.000000000000000000e+00 0.000000000000000000e+00 3.687108156783561186e-01 4.698933456415715915e-01 0.000000000000000000e+00 4.123147170746633838e-01 3.074343580901857109e-01 0.000000000000000000e+00 3.803407770809574817e-01 4.899546764650117847e-01 3.539044911306568064e-01 4.640832105396152096e-01 4.254819478621085782e-01 4.813823344676567140e-01 4.194968295567481631e-01 0.000000000000000000e+00 4.750931221652831549e-01 0.000000000000000000e+00 5.072293958333333741e-01 0.000000000000000000e+00 4.187291937984496393e-01 0.000000000000000000e+00 3.988445112685266025e-01 4.560839545454546395e-01 4.064943173364486406e-01 0.000000000000000000e+00 4.536703067484662011e-01 0.000000000000000000e+00 4.029104426466430522e-01 4.990309999999999468e-01 4.073703647696718111e-01 0.000000000000000000e+00 4.392099809523810072e-01 0.000000000000000000e+00 3.955748574879874302e-01 0.000000000000000000e+00 4.188117849635057954e-01 4.161652499999999866e-01 4.222519194310571655e-01 0.000000000000000000e+00 4.130516358284643808e-01 4.368707619047618729e-01 3.861415969040247198e-01 0.000000000000000000e+00 4.120804571359651947e-01 4.827269016393442858e-01 4.346878559290004440e-01 4.677743447447160752e-01 4.284337318213699564e-01 5.192986388888889415e-01 3.469530938671458453e-01 4.540047902258119716e-01 3.870083135145064857e-01 4.753353289898112344e-01 3.729666812167164447e-01 4.774032130541872032e-01 3.899002394771210467e-01 4.667240450477708746e-01 0.000000000000000000e+00 0.000000000000000000e+00 3.788276329365078965e-01 0.000000000000000000e+00 0.000000000000000000e+00 0.000000000000000000e+00 4.020919017302596044e-01 0.000000000000000000e+00 3.904825683060108577e-01 0.000000000000000000e+00 4.167662446904211171e-01 0.000000000000000000e+00 4.494400850743282549e-01 0.000000000000000000e+00 4.138234807692308115e-01 0.000000000000000000e+00 4.407294761828636775e-01 4.636481778981034196e-01 0.000000000000000000e+00 0.000000000000000000e+00 4.122083384615384261e-01 4.518922719999999837e-01 0.000000000000000000e+00 0.000000000000000000e+00 4.436540644617336659e-01 4.499212411764706432e-01 3.778179760000000553e-01 0.000000000000000000e+00 0.000000000000000000e+00 0.000000000000000000e+00 0.000000000000000000e+00 0.000000000000000000e+00 0.000000000000000000e+00 0.000000000000000000e+00 0.000000000000000000e+00 0.000000000000000000e+00 0.000000000000000000e+00 0.000000000000000000e+00
4.960519071315330208e-01 3.065744381331183543e-01 4.780761030876023443e-01 3.175378180669486960e-01 4.741746866432524632e-01 2.953691945656244378e-01 4.799347684979982653e-01 2.518330807756823941e-01 4.547710927398768144e-01 2.353854176770818485e-01 4.869533504596269546e-01 3.134750457017064229e-01 4.550128406212663457e-01 2.841253368428793835e-01 4.581412749164552878e-01 2.717950936956368135e-01 4.927940143820583874e-01 4.130841347034921451e-01 5.088093791102076269e-01 4.193301484237602073e-01 0.000000000000000000e+00 0.000000000000000000e+00 4.720263177340621175e-01 3.751582072857649885e-01 0.000000000000000000e+00 2.955018038343087405e-01 4.007345991846243405e-01 3.728450298507463012e-01 4.753355372977287607e-01 3.761829651039854117e-01 4.586916462770151415e-01 3.600832789140000489e-01 4.885597846960448853e-01 4.156260092933982686e-01 4.651881613843393826e-01 4.566174978664658823e-01 5.525219474122410324e-01 4.608247599676730810e-01 0.000000000000000000e+00 4.769099492231680948e-01 0.000000000000000000e+00 0.000000000000000000e+00 0.000000000000000000e+00 4.542497983193276578e-01 0.000000000000000000e+00 4.262799708210301408e-01 0.000000000000000000e+00 0.000000000000000000e+00 0.000000000000000000e+00 4.483647022565899198e-01 4.382085753424657670e-01 4.352125212934278564e-01 0.000000000000000000e+00 0.000000000000000000e+00 0.000000000000000000e+00 4.227241798485238955e-01 0.000000000000000000e+00 4.267046793072699074e-01 5.140613173633301614e-01 4.464827102413240212e-01 4.580268686745218587e-01 4.259865125728061752e-01 0.000000000000000000e+00 4.172869596528525071e-01 0.000000000000000000e+00 4.351893663188953765e-01 4.972136793268996935e-01 4.572749152652370030e-01 5.015345234454471335e-01 4.620641200870328480e-01 4.406192384403036510e-01 3.458450745670701432e-01 4.801437606867880459e-01 3.845039402340038603e-01 0.000000000000000000e+00 3.791569569642765369e-01 4.590251801702013856e-01 3.975365976978458282e-01 0.000000000000000000e+00 0.000000000000000000e+00 0.000000000000000000e+00 4.175332643116360654e-01 0.000000000000000000e+00 0.000000000000000000e+00 4.664627171328671884e-01 4.347889503711772630e-01 0.000000000000000000e+00 0.000000000000000000e+00 0.000000000000000000e+00 4.349115507621547083e-01 0.000000000000000000e+00 4.388123718801395512e-01 0.000000000000000000e+00 0.000000000000000000e+00 0.000000000000000000e+00 4.650684466666666350e-01 0.000000000000000000e+00 0.000000000000000000e+00 0.000000000000000000e+00 0.000000000000000000e+00 0.000000000000000000e+00 0.000000000000000000e+00 0.000000000000000000e+00 4.408570012840662966e-01 0.000000000000000000e+00 4.560669909909911279e-01 0.000000000000000000e+00 0.000000000000000000e+00 0.000000000000000000e+00 0.000000000000000000e+00 0.000000000000000000e+00 0.000000000000000000e+00 0.000000000000000000e+00 0.000000000000000000e+00 0.000000000000000000e+00 0.000000000000000000e+00
3.638507472963545264e-01 0.000000000000000000e+00 2.864788569733726642e-01 4.565707962211339455e-01 2.785377759369447870e-01 4.253245629629629487e-01 3.036010370275338821e-01 4.547710927398768144e-01 2.451547482776967324e-01 0.000000000000000000e+00 3.805929729794843008e-01 0.000000000000000000e+00 3.186423924865535162e-01 0.000000000000000000e+00 2.949766778040437964e-01 0.000000000000000000e+00 0.000000000000000000e+00 0.000000000000000000e+00 4.146155500000000549e-01 0.000000000000000000e+00 0.000000000000000000e+00 0.000000000000000000e+00 3.358709769793191136e-01 4.163473757001479036e-01 0.000000000000000000e+00 4.361654597785504794e-01 3.413200700964985068e-01 3.848457159090908908e-01 3.520642498376024832e-01 0.000000000000000000e+00 3.581685572223510250e-01 4.598893460059110261e-01 0.000000000000000000e+00 4.666875480769230866e-01 0.000000000000000000e+00 0.000000000000000000e+00 0.000000000000000000e+00 0.000000000000000000e+00 0.000000000000000000e+00 0.000000000000000000e+00 0.000000000000000000e+00 0.000000000000000000e+00 0.000000000000000000e+00 0.000000000000000000e+00 0.000000000000000000e+00 0.000000000000000000e+00 0.000000000000000000e+00 0.000000000000000000e+00 0.000000000000000000e+00 0.000000000000000000e+00 3.901868733781494458e-01 0.000000000000000000e+00 0.000000000000000000e+00 0.000000000000000000e+00 0.000000000000000000e+00 0.000000000000000000e+00 0.000000000000000000e+00 0.000000000000000000e+00 3.925303513513513920e-01 0.000000000000000000e+00 0.000000000000000000e+00 0.000000000000000000e+00 0.000000000000000000e+00 0.000000000000000000e+00 3.765418042089552220e-01 0.000000000000000000e+00 0.000000000000000000e+00 0.000000000000000000e+00 0.000000000000000000e+00 0.000000000000000000e+00 3.321698349555164964e-01 0.000000000000000000e+00 3.922077865869987856e-01 0.000000000000000000e+00 3.761528490704358352e-01 0.000000000000000000e+00 3.808636397235147797e-01 4.906466495726495292e-01 0.000000000000000000e+00 0.000000000000000000e+00 0.000000000000000000e+00 0.000000000000000000e+00 0.000000000000000000e+00 0.000000000000000000e+00 3.936031986437240060e-01 0.000000000000000000e+00 3.928008196721311518e-01 0.000000000000000000e+00 4.159073765711996384e-01 0.000000000000000000e+00 0.000000000000000000e+00 0.000000000000000000e+00 0.000000000000000000e+00 0.000000000000000000e+00 0.000000000000000000e+00 0.000000000000000000e+00 0.000000000000000000e+00 0.000000000000000000e+00 4.019956896551724612e-01 0.000000000000000000e+00 0.000000000000000000e+00 0.000000000000000000e+00 0.000000000000000000e+00 0.000000000000000000e+00 0.000000000000000000e+00 0.000000000000000000e+00 0.000000000000000000e+00 0.000000000000000000e+00 0.000000000000000000e+00 0.000000000000000000e+00 0.000000000000000000e+00 0.000000000000000000e+00 0.000000000000000000e+00 0.000000000000000000e+00 0.000000000000000000e+00 0.000000000000000000e+00
0.000000000000000000e+00 3.840637154868125624e-01 4.508410667092865864e-01 3.285757673008189994e-01 4.845442672788659588e-01 2.667460471501589270e-01 4.496789207920791620e-01 2.353854176770818485e-01 0.000000000000000000e+00 2.158234689124135242e-01 0.000000000000000000e+00 3.723620668452614080e-01 4.398682371134021718e-01 3.512468308646677362e-01 0.000000000000000000e+00 3.011942727791727115e-01 0.000000000000000000e+00 4.203383103448276037e-01 0.000000000000000000e+00 3.748019775280898580e-01 0.000000000000000000e+00 0.000000000000000000e+00 4.288929904452172814e-01 2.951962134199134780e-01 4.675782491971235966e-01 3.001838857621381140e-01 4.932544237115127350e-01 3.443832552795719204e-01 0.000000000000000000e+00 3.561949560580763285e-01 4.257974632991808339e-01 3.605069222515240868e-01 0.000000000000000000e+00 0.000000000000000000e+00 0.000000000000000000e+00 0.000000000000000000e+00 0.000000000000000000e+00 0.000000000000000000e+00 0.000000000000000000e+00 0.000000000000000000e+00 0.000000000000000000e+00 0.000000000000000000e+00 0.000000000000000000e+00 0.000000000000000000e+00 0.000000000000000000e+00 0.000000000000000000e+00 0.000000000000000000e+00 0.000000000000000000e+00 0.000000000000000000e+00 0.000000000000000000e+00 0.000000000000000000e+00 4.153230601503759001e-01 0.000000000000000000e+00 0.000000000000000000e+00 0.000000000000000000e+00 4.193397708333333473e-01 0.000000000000000000e+00 3.730044899140212422e-01 0.000000000000000000e+00 0.000000000000000000e+00 0.000000000000000000e+00 4.012975999999999765e-01 0.000000000000000000e+00 4.006975725161037727e-01 0.000000000000000000e+00 3.993463914108472679e-01 0.000000000000000000e+00 0.000000000000000000e+00 0.000000000000000000e+00 0.000000000000000000e+00 4.338749478696741768e-01 3.611692333404057931e-01 0.000000000000000000e+00 3.807212139580749000e-01 0.000000000000000000e+00 3.658574798973666109e-01 4.732065939849624536e-01 3.977756802222346399e-01 0.000000000000000000e+00 0.000000000000000000e+00 0.000000000000000000e+00 0.000000000000000000e+00 0.000000000000000000e+00 0.000000000000000000e+00 0.000000000000000000e+00 4.154324894309476268e-01 0.000000000000000000e+00 0.000000000000000000e+00 0.000000000000000000e+00 4.155801823079596780e-01 0.000000000000000000e+00 4.496181397058823803e-01 0.000000000000000000e+00 4.137105797101449656e-01 0.000000000000000000e+00 0.000000000000000000e+00 0.000000000000000000e+00 0.000000000000000000e+00 0.000000000000000000e+00 3.853731725663717134e-01 0.000000000000000000e+00 0.000000000000000000e+00 0.000000000000000000e+00 0.000000000000000000e+00 0.000000000000000000e+00 0.000000000000000000e+00 0.000000000000000000e+00 0.000000000000000000e+00 0.000000000000000000e+00 0.000000000000000000e+00 0.000000000000000000e+00 0.000000000000000000e+00 0.000000000000000000e+00 0.000000000000000000e+00 0.000000000000000000e+00 0.000000000000000000e+00
3.172653079908966944e-01 4.983569565217391695e-01 3.963194879193785991e-01 4.903642015790516950e-01 4.105951515151514686e-01 0.000000000000000000e+00 3.740428392120507262e-01 4.869533504596269546e-01 3.805929729794843008e-01 0.000000000000000000e+00 2.751426768909621678e-01 4.888032973013948235e-01 3.546812951426222549e-01 0.000000000000000000e+00 3.981674650714167041e-01 0.000000000000000000e+00 3.750299378389104765e-01 5.202807196969697623e-01 4.323077431699472450e-01 4.916692096497857212e-01 0.000000000000000000e+00 0.000000000000000000e+00 4.172108452848835025e-01 4.551439525210083659e-01 0.000000000000000000e+00 0.000000000000000000e+00 0.000000000000000000e+00 0.000000000000000000e+00 3.805408492717452518e-01 0.000000000000000000e+00 4.140455290096082819e-01 5.188340869565216673e-01 4.458345379609944814e-01 5.016398276579011606e-01 4.192760375000000872e-01 0.000000000000000000e+00 5.334042496527375832e-01 0.000000000000000000e+00 0.000000000000000000e+00 0.000000000000000000e+00 0.000000000000000000e+00 0.000000000000000000e+00 0.000000000000000000e+00 5.070365976331361324e-01 4.159192129618130007e-01 0.000000000000000000e+00 0.000000000000000000e+00 0.000000000000000000e+00 3.973911868320268437e-01 4.408933316062175756e-01 4.115669993976339702e-01 0.000000000000000000e+00 0.000000000000000000e+00 0.000000000000000000e+00 0.000000000000000000e+00 0.000000000000000000e+00 4.033311377299149125e-01 4.848441873735496732e-01 4.260879447390165109e-01 0.000000000000000000e+00 4.162619408406638133e-01 0.000000000000000000e+00 4.001868018714878072e-01 0.000000000000000000e+00 4.066837577077317967e-01 0.000000000000000000e+00 4.332752056222075043e-01 0.000000000000000000e+00 4.546624083618331369e-01 0.000000000000000000e+00 3.705716251688911389e-01 0.000000000000000000e+00 3.994428345644707168e-01 0.000000000000000000e+00 0.000000000000000000e+00 0.000000000000000000e+00 3.967019011628055702e-01 4.815949189189189239e-01 0.000000000000000000e+00 0.000000000000000000e+00 0.000000000000000000e+00 0.000000000000000000e+00 0.000000000000000000e+00 0.000000000000000000e+00 4.161401450967651683e-01 0.000000000000000000e+00 0.000000000000000000e+00 0.000000000000000000e+00 4.303746692913386074e-01 0.000000000000000000e+00 0.000000000000000000e+00 0.000000000000000000e+00 0.000000000000000000e+00 0.000000000000000000e+00 0.000000000000000000e+00 0.000000000000000000e+00 0.000000000000000000e+00 0.000000000000000000e+00 0.000000000000000000e+00 0.000000000000000000e+00 0.000000000000000000e+00 0.000000000000000000e+00 0.000000000000000000e+00 0.000000000000000000e+00 0.000000000000000000e+00 0.000000000000000000e+00 0.000000000000000000e+00 0.000000000000000000e+00 0.000000000000000000e+00 0.000000000000000000e+00 0.000000000000000000e+00 0.000000000000000000e+00 0.000000000000000000e+00 0.000000000000000000e+00 0.000000000000000000e+00 0.000000000000000000e+00
5.105529730411171307e-01 3.513994251621662124e-01 4.969553527801697235e-01 3.972333610620485955e-01 0.000000000000000000e+00 3.221577735849056046e-01 4.953825740255283772e-01 3.134750457017064229e-01 0.000000000000000000e+00 3.723620668452614080e-01 4.888032973013948235e-01 2.823804005709214526e-01 0.000000000000000000e+00 2.809780711225701721e-01 0.000000000000000000e+00 3.547694168232183309e-01 4.673407167512549365e-01 3.779220518760554315e-01 5.045198670865422841e-01 4.300031057007779878e-01 0.000000000000000000e+00 0.000000000000000000e+00 4.727264886208349393e-01 3.883485872694302787e-01 0.000000000000000000e+00 0.000000000000000000e+00 0.000000000000000000e+00 3.881409344262296002e-01 4.735968936170212307e-01 3.969877247622252137e-01 4.044642822597893095e-01 3.992323638870615143e-01 5.055818129633068425e-01 3.973663518800670813e-01 4.596180704225352187e-01 0.000000000000000000e+00 0.000000000000000000e+00 4.527854960947791940e-01 0.000000000000000000e+00 0.000000000000000000e+00 0.000000000000000000e+00 0.000000000000000000e+00 0.000000000000000000e+00 4.380208658536585142e-01 0.000000000000000000e+00 0.000000000000000000e+00 0.000000000000000000e+00 0.000000000000000000e+00 0.000000000000000000e+00 4.650116221624166490e-01 0.000000000000000000e+00 4.414194566293771493e-01 0.000000000000000000e+00 0.000000000000000000e+00 0.000000000000000000e+00 3.986978684210527035e-01 4.849750608108108207e-01 4.034577993630474868e-01 4.698065909090908265e-01 4.566236166882649550e-01 0.000000000000000000e+00 4.437267104714791577e-01 0.000000000000000000e+00 4.180987315612752497e-01 0.000000000000000000e+00 4.432174796966540375e-01 5.154458084401556395e-01 4.284512729414857723e-01 4.762882222222221129e-01 4.545284752778688264e-01 0.000000000000000000e+00 3.639668687299343897e-01 4.279063956043956396e-01 4.141651232774914981e-01 0.000000000000000000e+00 3.598793225806450891e-01 4.792913841106719031e-01 4.048821110300961923e-01 0.000000000000000000e+00 0.000000000000000000e+00 0.000000000000000000e+00 4.147424105196343413e-01 0.000000000000000000e+00 0.000000000000000000e+00 0.000000000000000000e+00 4.450621422362135982e-01 0.000000000000000000e+00 0.000000000000000000e+00 0.000000000000000000e+00 4.402006641808846599e-01 0.000000000000000000e+00 4.260015683060109914e-01 0.000000000000000000e+00 0.000000000000000000e+00 0.000000000000000000e+00 0.000000000000000000e+00 0.000000000000000000e+00 0.000000000000000000e+00 0.000000000000000000e+00 0.000000000000000000e+00 0.000000000000000000e+00 0.000000000000000000e+00 0.000000000000000000e+00 0.000000000000000000e+00 0.000000000000000000e+00 0.000000000000000000e+00 0.000000000000000000e+00 0.000000000000000000e+00 0.000000000000000000e+00 0.000000000000000000e+00 0.000000000000000000e+00 0.000000000000000000e+00 0.000000000000000000e+00 0.000000000000000000e+00 0.000000000000000000e+00 0.000000000000000000e+00
3.702901339497076116e-01 0.000000000000000000e+00 3.548444049534157374e-01 4.425280711134829126e-01 3.108997320567045697e-01 4.062477900098001582e-01 2.816144848266351475e-01 4.550128406212663457e-01 3.186423924865535162e-01 4.398682371134021718e-01 3.546812951426222549e-01 0.000000000000000000e+00 2.538482191324064607e-01 4.810868433089517393e-01 2.455401893586344475e-01 4.652720339494477719e-01 3.919728158906846116e-01 0.000000000000000000e+00 4.067571594738780827e-01 4.914089840085839600e-01 0.000000000000000000e+00 0.000000000000000000e+00 3.811525432670798685e-01 4.466300428472918527e-01 0.000000000000000000e+00 0.000000000000000000e+00 3.144407323943662624e-01 0.000000000000000000e+00 3.732361157493830350e-01 0.000000000000000000e+00 3.553377985432787933e-01 4.479830429258241931e-01 4.142044028845004444e-01 4.560897894007155950e-01 0.000000000000000000e+00 4.246082105780871752e-01 4.322066572125229378e-01 0.000000000000000000e+00 0.000000000000000000e+00 0.000000000000000000e+00 0.000000000000000000e+00 0.000000000000000000e+00 4.390853272727272549e-01 0.000000000000000000e+00 4.003022441050715363e-01 0.000000000000000000e+00 0.000000000000000000e+00 0.000000000000000000e+00 4.126278126067426943e-01 0.000000000000000000e+00 4.080127472088161400e-01 0.000000000000000000e+00 3.875956086956521829e-01 0.000000000000000000e+00 4.023287487503307003e-01 0.000000000000000000e+00 3.974394733623664577e-01 4.433668476821192583e-01 4.188379032864907314e-01 0.000000000000000000e+00 4.133112536906383139e-01 0.000000000000000000e+00 3.912062498614926609e-01 0.000000000000000000e+00 4.108612630507975094e-01 0.000000000000000000e+00 4.356235622599064494e-01 4.944134496644295163e-01 4.336526807856959098e-01 0.000000000000000000e+00 3.316369919989362591e-01 4.784852687993935150e-01 4.148703092030982531e-01 4.726867162932523181e-01 4.302477808409388982e-01 0.000000000000000000e+00 3.906498589107480490e-01 4.466888457038938332e-01 0.000000000000000000e+00 0.000000000000000000e+00 3.930900135085546032e-01 0.000000000000000000e+00 0.000000000000000000e+00 0.000000000000000000e+00 4.016418481976172239e-01 0.000000000000000000e+00 3.944909208529565614e-01 0.000000000000000000e+00 4.204987917063010561e-01 0.000000000000000000e+00 4.153947812500000114e-01 0.000000000000000000e+00 0.000000000000000000e+00 0.000000000000000000e+00 4.390765517241378979e-01 4.464925257731958697e-01 4.353952272727272810e-01 0.000000000000000000e+00 0.000000000000000000e+00 0.000000000000000000e+00 0.000000000000000000e+00 0.000000000000000000e+00 4.105989445273632299e-01 0.000000000000000000e+00 4.151712786885245476e-01 0.000000000000000000e+00 0.000000000000000000e+00 0.000000000000000000e+00 0.000000000000000000e+00 0.000000000000000000e+00 0.000000000000000000e+00 0.000000000000000000e+00 0.000000000000000000e+00 0.000000000000000000e+00 0.000000000000000000e+00 0.000000000000000000e+00
