3.424410749644549168e-01 5.024727399544578477e-01 3.817801201845053560e-01 5.087931328912201900e-01 4.280728521126760389e-01 0.000000000000000000e+00 3.508184567968345435e-01 4.734274498499352335e-01 3.464619484970118402e-01 0.000000000000000000e+00 3.143451644298808634e-01 5.077112329545454550e-01 3.691702700059448783e-01 0.000000000000000000e+00 3.387812848698136814e-01 0.000000000000000000e+00 3.407917034582649274e-01 4.805199891200461204e-01 4.262180993868845968e-01 5.247373628211144947e-01 0.000000000000000000e+00 0.000000000000000000e+00 3.987083152534253161e-01 4.820867067635357106e-01 0.000000000000000000e+00 0.000000000000000000e+00 0.000000000000000000e+00 0.000000000000000000e+00 4.110074670308769829e-01 5.145076938402300959e-01 4.050091334944677102e-01 4.244307254901960591e-01 4.355766218453504535e-01 5.102978784896782249e-01 0.000000000000000000e+00 0.000000000000000000e+00 4.834700785252876165e-01 5.424930354067699634e-01 0.000000000000000000e+00 5.806410526315789467e-01 4.105713810497473304e-01 0.000000000000000000e+00 4.456464580533627817e-01 0.000000000000000000e+00 4.729091778041697447e-01 0.000000000000000000e+00 4.336031644736841884e-01 0.000000000000000000e+00 4.340935566818088231e-01 0.000000000000000000e+00 4.020227056917701214e-01 5.091832936507936225e-01 3.957074084713089190e-01 0.000000000000000000e+00 4.005919994362454606e-01 0.000000000000000000e+00 3.052634539485475917e-01 5.183653626829837213e-01 4.341743721266838607e-01 4.975769139766479388e-01 4.110029924381281008e-01 0.000000000000000000e+00 3.680947672712052143e-01 4.964203157894737095e-01 3.971251254283208465e-01 4.962117391304347036e-01 4.411337928087161186e-01 5.252337154933877095e-01 3.346789754545964057e-01 5.404403914956803501e-01 3.589608906768543828e-01 5.038784074960127590e-01 3.923764998826971828e-01 4.865128512315251008e-01 0.000000000000000000e+00 0.000000000000000000e+00 4.084169192275988181e-01 4.839815449999890773e-01 2.943294738063028659e-01 0.000000000000000000e+00 2.827000571528567319e-01 0.000000000000000000e+00 3.455164011165577365e-01 0.000000000000000000e+00 4.128185947029446856e-01 4.851252781954887849e-01 3.954188613138686081e-01 0.000000000000000000e+00 4.127790828364367726e-01 4.749358164556962691e-01 4.675202098206978074e-01 4.836018285723036603e-01 4.340580035790417290e-01 0.000000000000000000e+00 4.578553038083075233e-01 4.506401841902397121e-01 4.492594086956522292e-01 4.802382976377952417e-01 4.893931055809019326e-01 4.806500884955752229e-01 4.335788984355133380e-01 0.000000000000000000e+00 4.515785893095702885e-01 4.280667573529411407e-01 4.413449576927169771e-01 0.000000000000000000e+00 5.080269591820867348e-01 0.000000000000000000e+00 0.000000000000000000e+00 0.000000000000000000e+00 0.000000000000000000e+00 0.000000000000000000e+00 0.000000000000000000e+00 0.000000000000000000e+00 0.000000000000000000e+00 0.000000000000000000e+00
5.024727399544578477e-01 3.499164870358354440e-01 5.092498062874328824e-01 3.661168169731174871e-01 0.000000000000000000e+00 0.000000000000000000e+00 4.869072248838224870e-01 3.718141774480896999e-01 4.117285714285714993e-01 0.000000000000000000e+00 4.588984299999999683e-01 3.794584393974768100e-01 0.000000000000000000e+00 3.914020043307370744e-01 0.000000000000000000e+00 3.705666939439439256e-01 4.286523537037036924e-01 3.257201757535970188e-01 5.229248262081940268e-01 4.045762964466088074e-01 0.000000000000000000e+00 0.000000000000000000e+00 4.917641368736768159e-01 4.726908187852336685e-01 0.000000000000000000e+00 0.000000000000000000e+00 0.000000000000000000e+00 0.000000000000000000e+00 4.762918139534884077e-01 4.200581749506673845e-01 4.373500689655172580e-01 0.000000000000000000e+00 5.181082328148135518e-01 4.677791431431262970e-01 0.000000000000000000e+00 0.000000000000000000e+00 4.860629900799471881e-01 5.275130428554859474e-01 0.000000000000000000e+00 5.415740605454097967e-01 0.000000000000000000e+00 4.070111574074073979e-01 4.971238910256409183e-01 4.232383244232165720e-01 0.000000000000000000e+00 4.747076041886195696e-01 0.000000000000000000e+00 4.074759732142857471e-01 0.000000000000000000e+00 4.530664386781247943e-01 4.828070168917867888e-01 4.158099915847543460e-01 0.000000000000000000e+00 4.033373662469030285e-01 4.687592000000000980e-01 4.062435698201696810e-01 5.062630294358044791e-01 3.475103616308653498e-01 5.160931160483185343e-01 4.390694693142009331e-01 4.964084755029274376e-01 4.081712872898031752e-01 4.500508499999999468e-01 3.804108659840687023e-01 4.712463841059603697e-01 4.009821308889488511e-01 5.344450418554966831e-01 4.580698837110969701e-01 5.409932273985708084e-01 3.801873673844080592e-01 4.817354625462696438e-01 3.587587396202772116e-01 4.459340823915391994e-01 4.160783824233320050e-01 0.000000000000000000e+00 5.002987313432836203e-01 4.656558259092699603e-01 4.289788689326877735e-01 0.000000000000000000e+00 0.000000000000000000e+00 4.476348022666400972e-01 4.173415038928112719e-01 0.000000000000000000e+00 3.405443400735294057e-01 4.369593460000000817e-01 4.174143314316015596e-01 0.000000000000000000e+00 4.107455021729278233e-01 4.924736666666667539e-01 4.216300308121224139e-01 4.981850101351351645e-01 5.068939033807348116e-01 4.909977124322233988e-01 4.603926440031659850e-01 4.579637491518944170e-01 4.861983474882410894e-01 4.660538051042639185e-01 5.236975809523809477e-01 4.891454030534350683e-01 4.684097115384614485e-01 5.131229414682539902e-01 4.783481073935688110e-01 4.745063678279463071e-01 4.823964416084436380e-01 4.831916462231462539e-01 0.000000000000000000e+00 4.781193694196216870e-01 5.189713691548690777e-01 0.000000000000000000e+00 0.000000000000000000e+00 4.983913613445376534e-01 0.000000000000000000e+00 4.737048524590163900e-01 0.000000000000000000e+00 0.000000000000000000e+00 0.000000000000000000e+00
3.817801201845053560e-01 5.092498062874328824e-01 2.848450004400677193e-01 4.457275300167794496e-01 2.145092377222538593e-01 4.191364411405832380e-01 3.265908745472918540e-01 4.565294464532326235e-01 2.571633547022983968e-01 4.207119766962129082e-01 3.974523669858034403e-01 4.675000186538661451e-01 3.410496787710038391e-01 4.377260846178672726e-01 3.129806207595747791e-01 4.219872621008468050e-01 4.117805720829397220e-01 5.094760071732322704e-01 3.245399613152871732e-01 5.278598953442079633e-01 0.000000000000000000e+00 0.000000000000000000e+00 2.451426001612210526e-01 4.352086368269546535e-01 2.646159621759301417e-01 4.148357210607173662e-01 2.903404840086665217e-01 0.000000000000000000e+00 3.408954637072326710e-01 4.436546865636463166e-01 3.502061683733401209e-01 4.265829523644908416e-01 4.056478790416539471e-01 4.937344855984663883e-01 4.282083441043084138e-01 0.000000000000000000e+00 4.366605639657717419e-01 5.937209026548673219e-01 0.000000000000000000e+00 0.000000000000000000e+00 4.446578939393939223e-01 0.000000000000000000e+00 4.571805019323670338e-01 0.000000000000000000e+00 4.561646744003087783e-01 0.000000000000000000e+00 4.313019345794393278e-01 0.000000000000000000e+00 4.647137785753328032e-01 0.000000000000000000e+00 4.074886345919089270e-01 4.878820259740260790e-01 0.000000000000000000e+00 0.000000000000000000e+00 4.170673273458913588e-01 0.000000000000000000e+00 4.214698497360490070e-01 5.076875775855547168e-01 4.562854299559632176e-01 5.324693927149183326e-01 4.381484807570581452e-01 5.133652946428571839e-01 4.346578988764044915e-01 0.000000000000000000e+00 4.253099998123123227e-01 0.000000000000000000e+00 4.659154296741890300e-01 5.059275940905815228e-01 4.381301857226329033e-01 5.132427892517406054e-01 3.515650771991130630e-01 4.377517353128265176e-01 3.741582977985643543e-01 4.526911525293794147e-01 3.595750432679738484e-01 0.000000000000000000e+00 3.973040268230733085e-01 4.751764625186984947e-01 0.000000000000000000e+00 0.000000000000000000e+00 4.020284911275858741e-01 0.000000000000000000e+00 3.946552918792417541e-01 0.000000000000000000e+00 3.944354585228892485e-01 0.000000000000000000e+00 0.000000000000000000e+00 0.000000000000000000e+00 3.863599702287313087e-01 0.000000000000000000e+00 4.189858353733667551e-01 4.517256994328491260e-01 4.184378039896292090e-01 3.982459123188405448e-01 4.461690179423176139e-01 0.000000000000000000e+00 0.000000000000000000e+00 0.000000000000000000e+00 4.385855007244276460e-01 0.000000000000000000e+00 4.578781377245508266e-01 0.000000000000000000e+00 4.137750357187646721e-01 4.268538397697113629e-01 4.473678629182101796e-01 4.908551894172653585e-01 3.904881318400226231e-01 0.000000000000000000e+00 0.000000000000000000e+00 0.000000000000000000e+00 4.334963000000000011e-01 0.000000000000000000e+00 0.000000000000000000e+00 0.000000000000000000e+00 0.000000000000000000e+00 0.000000000000000000e+00
5.087931328912201900e-01 3.661168169731174871e-01 4.457275300167794496e-01 2.578805785239547954e-01 4.352233167018452198e-01 1.751360090806792225e-01 4.484255825760806724e-01 3.089766299029491070e-01 4.239682313912716549e-01 2.792126701659416455e-01 4.606684801739756030e-01 3.917690544614033099e-01 4.280196871888617971e-01 3.287449339316133035e-01 4.381530113922530445e-01 2.981267438312775742e-01 4.776193622479827927e-01 4.176301474165113325e-01 5.101701609844236929e-01 2.968305213437471557e-01 4.164484300287402685e-01 3.186687796060071465e-01 4.304051587551440683e-01 2.372426720886216811e-01 4.218297524238315277e-01 2.151765968044075661e-01 4.390309215860564995e-01 3.056638798038209259e-01 4.673864585510122960e-01 3.614694127615051822e-01 4.113631784920349088e-01 3.510621805188039457e-01 5.108230430119695686e-01 4.027394690704603208e-01 0.000000000000000000e+00 4.276500989873871506e-01 4.567757840995996799e-01 4.936681919760632642e-01 4.844228173076923771e-01 4.892935055255736021e-01 0.000000000000000000e+00 4.208684380952381066e-01 0.000000000000000000e+00 4.138170234374999867e-01 0.000000000000000000e+00 4.749732216070207680e-01 0.000000000000000000e+00 4.323789755223579334e-01 0.000000000000000000e+00 4.615899297335825935e-01 4.664110914781117723e-01 4.374576318466160130e-01 0.000000000000000000e+00 3.748469406313854613e-01 0.000000000000000000e+00 4.500326151784986295e-01 4.959708028420903303e-01 4.352684290488393892e-01 4.752654463725127232e-01 4.570350259355192568e-01 4.962000643516362719e-01 4.357686499096219968e-01 0.000000000000000000e+00 4.718473959731543377e-01 0.000000000000000000e+00 4.337772831889322722e-01 5.238368068031776792e-01 4.491414417247466262e-01 5.347540219161328601e-01 4.312565233961076494e-01 4.536760267316277684e-01 3.499887683574943176e-01 4.632577224908303037e-01 3.783127999868425295e-01 0.000000000000000000e+00 3.993143351704993016e-01 4.629961052956381162e-01 4.085938179090963795e-01 0.000000000000000000e+00 0.000000000000000000e+00 5.030223168316831917e-01 3.932237684210526663e-01 0.000000000000000000e+00 0.000000000000000000e+00 4.182588106508875470e-01 4.072044346944362903e-01 0.000000000000000000e+00 3.889312485715581413e-01 0.000000000000000000e+00 4.126741247696731896e-01 4.647662971857830505e-01 4.624199678232610022e-01 4.297565385556930129e-01 4.860232029014150967e-01 4.655101888019103074e-01 4.673070219458262398e-01 4.712541718749999609e-01 0.000000000000000000e+00 4.641744180327869174e-01 4.531838923217866855e-01 4.875618950040727650e-01 4.673988644048628904e-01 4.504136504218037018e-01 4.451580738509012813e-01 4.631874193672494977e-01 4.593700145733539131e-01 4.838411590909090787e-01 0.000000000000000000e+00 0.000000000000000000e+00 0.000000000000000000e+00 4.725500396825396132e-01 0.000000000000000000e+00 4.001019369557522465e-01 0.000000000000000000e+00 3.797092162162162277e-01 0.000000000000000000e+00
4.280728521126760389e-01 0.000000000000000000e+00 2.145092377222538593e-01 4.352233167018452198e-01 2.113523709450966237e-01 4.337538973023393751e-01 2.950963909013670783e-01 4.208659734955350618e-01 2.519679891761743562e-01 4.205147902808189508e-01 0.000000000000000000e+00 0.000000000000000000e+00 2.976022398858449436e-01 4.126314352941176100e-01 2.860133653893661698e-01 4.106361024109039803e-01 3.766613071120690215e-01 0.000000000000000000e+00 0.000000000000000000e+00 0.000000000000000000e+00 3.715107578444371006e-01 4.445867689594356076e-01 2.224145761296083545e-01 4.236213478524077924e-01 1.879434608396715056e-01 4.221559809781613715e-01 2.665987091663694075e-01 4.071844745476539407e-01 3.073077569109786134e-01 0.000000000000000000e+00 3.035346956180057787e-01 3.957085518197352436e-01 3.446490701917130917e-01 0.000000000000000000e+00 0.000000000000000000e+00 0.000000000000000000e+00 0.000000000000000000e+00 0.000000000000000000e+00 0.000000000000000000e+00 0.000000000000000000e+00 3.474517317073170797e-01 0.000000000000000000e+00 0.000000000000000000e+00 0.000000000000000000e+00 4.187416486486486566e-01 0.000000000000000000e+00 0.000000000000000000e+00 0.000000000000000000e+00 0.000000000000000000e+00 0.000000000000000000e+00 0.000000000000000000e+00 0.000000000000000000e+00 0.000000000000000000e+00 0.000000000000000000e+00 3.355233125000000038e-01 0.000000000000000000e+00 3.792026155850671820e-01 0.000000000000000000e+00 0.000000000000000000e+00 0.000000000000000000e+00 0.000000000000000000e+00 0.000000000000000000e+00 0.000000000000000000e+00 0.000000000000000000e+00 0.000000000000000000e+00 0.000000000000000000e+00 3.694000984197007287e-01 0.000000000000000000e+00 0.000000000000000000e+00 0.000000000000000000e+00 2.969541702396864546e-01 4.623128202752070925e-01 3.094267497385960186e-01 3.936267390257558452e-01 2.803532641509434153e-01 0.000000000000000000e+00 3.245035514607804150e-01 0.000000000000000000e+00 0.000000000000000000e+00 0.000000000000000000e+00 3.154871562500000115e-01 0.000000000000000000e+00 3.338488004948709786e-01 0.000000000000000000e+00 3.446352806763284815e-01 0.000000000000000000e+00 3.451243928571428032e-01 0.000000000000000000e+00 3.692132822580645457e-01 0.000000000000000000e+00 0.000000000000000000e+00 0.000000000000000000e+00 0.000000000000000000e+00 0.000000000000000000e+00 3.462608767123287468e-01 0.000000000000000000e+00 0.000000000000000000e+00 0.000000000000000000e+00 0.000000000000000000e+00 0.000000000000000000e+00 0.000000000000000000e+00 0.000000000000000000e+00 0.000000000000000000e+00 0.000000000000000000e+00 0.000000000000000000e+00 0.000000000000000000e+00 0.000000000000000000e+00 0.000000000000000000e+00 0.000000000000000000e+00 0.000000000000000000e+00 0.000000000000000000e+00 0.000000000000000000e+00 0.000000000000000000e+00 0.000000000000000000e+00 0.000000000000000000e+00 0.000000000000000000e+00
0.000000000000000000e+00 0.000000000000000000e+00 4.191364411405832380e-01 1.751360090806792225e-01 4.337538973023393751e-01 2.026537522647809397e-01 3.820792840909090771e-01 2.337121431575272523e-01 4.307346022102897520e-01 2.109724798399938150e-01 0.000000000000000000e+00 0.000000000000000000e+00 0.000000000000000000e+00 2.586906141704217732e-01 4.611982700030585192e-01 2.809373056012843817e-01 0.000000000000000000e+00 0.000000000000000000e+00 0.000000000000000000e+00 0.000000000000000000e+00 4.176801547210654553e-01 3.399058039898954497e-01 4.076593917541821988e-01 2.372578023758303567e-01 4.352643825461144367e-01 2.260285504508845467e-01 4.487654178278169814e-01 2.063278106218790486e-01 4.448054672402707577e-01 3.281369319686271435e-01 3.751025754770199727e-01 3.346990170571699785e-01 0.000000000000000000e+00 3.672683372949608338e-01 0.000000000000000000e+00 0.000000000000000000e+00 0.000000000000000000e+00 3.639591849431296766e-01 0.000000000000000000e+00 0.000000000000000000e+00 4.142639436619717785e-01 0.000000000000000000e+00 0.000000000000000000e+00 0.000000000000000000e+00 0.000000000000000000e+00 0.000000000000000000e+00 0.000000000000000000e+00 0.000000000000000000e+00 0.000000000000000000e+00 0.000000000000000000e+00 0.000000000000000000e+00 4.025199248120300832e-01 0.000000000000000000e+00 0.000000000000000000e+00 0.000000000000000000e+00 0.000000000000000000e+00 0.000000000000000000e+00 0.000000000000000000e+00 0.000000000000000000e+00 4.178024000000000182e-01 0.000000000000000000e+00 0.000000000000000000e+00 0.000000000000000000e+00 0.000000000000000000e+00 0.000000000000000000e+00 0.000000000000000000e+00 0.000000000000000000e+00 4.341847217391304747e-01 0.000000000000000000e+00 0.000000000000000000e+00 4.694890831630933459e-01 3.258233626845393749e-01 0.000000000000000000e+00 3.278455401982108830e-01 0.000000000000000000e+00 0.000000000000000000e+00 0.000000000000000000e+00 3.326047288910642941e-01 0.000000000000000000e+00 0.000000000000000000e+00 0.000000000000000000e+00 3.671227224782386278e-01 0.000000000000000000e+00 3.628414321741855186e-01 0.000000000000000000e+00 0.000000000000000000e+00 0.000000000000000000e+00 3.470317499999999722e-01 0.000000000000000000e+00 4.005813076923076532e-01 0.000000000000000000e+00 0.000000000000000000e+00 0.000000000000000000e+00 0.000000000000000000e+00 0.000000000000000000e+00 0.000000000000000000e+00 0.000000000000000000e+00 0.000000000000000000e+00 0.000000000000000000e+00 0.000000000000000000e+00 0.000000000000000000e+00 0.000000000000000000e+00 3.931374444444444283e-01 0.000000000000000000e+00 0.000000000000000000e+00 0.000000000000000000e+00 0.000000000000000000e+00 0.000000000000000000e+00 0.000000000000000000e+00 0.000000000000000000e+00 0.000000000000000000e+00 0.000000000000000000e+00 0.000000000000000000e+00 0.000000000000000000e+00 0.000000000000000000e+00 0.000000000000000000e+00
3.508184567968345435e-01 4.869072248838224870e-01 3.265908745472918540e-01 4.484255825760806724e-01 2.950963909013670783e-01 3.820792840909090771e-01 2.953470239127953256e-01 4.498234927444658138e-01 2.932505381251033771e-01 4.043972632413764812e-01 3.694480397773934333e-01 4.537408300215751145e-01 3.067783291075064644e-01 4.299250948777980086e-01 3.172807991879235678e-01 4.252623980080127986e-01 3.995609536147173291e-01 4.795673656914584138e-01 4.016306342268337604e-01 4.905430805961902285e-01 0.000000000000000000e+00 0.000000000000000000e+00 3.395594894943919084e-01 4.451075642067718885e-01 3.364814298387462932e-01 4.210706399999999960e-01 0.000000000000000000e+00 0.000000000000000000e+00 3.426586926498320640e-01 4.480512243014024842e-01 3.617314972584138033e-01 4.335516261254527270e-01 4.006765881940530516e-01 4.735752004291642336e-01 4.106354791666667059e-01 0.000000000000000000e+00 4.197630469895797800e-01 5.425917549019607655e-01 3.847665009046103424e-01 0.000000000000000000e+00 4.392345842696628311e-01 0.000000000000000000e+00 0.000000000000000000e+00 0.000000000000000000e+00 4.260086320083036893e-01 0.000000000000000000e+00 0.000000000000000000e+00 0.000000000000000000e+00 4.170881789433074638e-01 0.000000000000000000e+00 3.985659547917629886e-01 0.000000000000000000e+00 3.943271432422791323e-01 4.194276647058823859e-01 3.909929468771064509e-01 0.000000000000000000e+00 3.982434464709163624e-01 5.095739762962963049e-01 4.378812383411446185e-01 5.247903219178081669e-01 4.113567232811558561e-01 0.000000000000000000e+00 3.873215635172926885e-01 0.000000000000000000e+00 3.915904921974894815e-01 0.000000000000000000e+00 4.360820920745793194e-01 5.064312683697260731e-01 4.376140435336450252e-01 4.843978023952096312e-01 3.134065977773854983e-01 4.414388432686541797e-01 3.707618340008476676e-01 4.553885635399564924e-01 3.083451130835563880e-01 4.185051149425288997e-01 3.763364102275244538e-01 4.477382586204768922e-01 0.000000000000000000e+00 0.000000000000000000e+00 3.962023245847227648e-01 0.000000000000000000e+00 3.998814469781237779e-01 0.000000000000000000e+00 4.013438104652979344e-01 0.000000000000000000e+00 3.958354492753623499e-01 0.000000000000000000e+00 3.996307842640203778e-01 0.000000000000000000e+00 4.370714786055513446e-01 0.000000000000000000e+00 4.469184043715846988e-01 0.000000000000000000e+00 4.370908493556312502e-01 0.000000000000000000e+00 0.000000000000000000e+00 0.000000000000000000e+00 0.000000000000000000e+00 0.000000000000000000e+00 0.000000000000000000e+00 0.000000000000000000e+00 4.222285475670427557e-01 4.735974772727272741e-01 0.000000000000000000e+00 3.714355294117646644e-01 4.408773865030675143e-01 0.000000000000000000e+00 0.000000000000000000e+00 0.000000000000000000e+00 0.000000000000000000e+00 0.000000000000000000e+00 0.000000000000000000e+00 0.000000000000000000e+00 0.000000000000000000e+00 0.000000000000000000e+00
4.734274498499352335e-01 3.718141774480896999e-01 4.565294464532326235e-01 3.089766299029491070e-01 4.208659734955350618e-01 2.337121431575272523e-01 4.498234927444658138e-01 2.727805969546214793e-01 4.337774830876646170e-01 2.603995501092492004e-01 4.572601559072204669e-01 3.387701999836693623e-01 4.324407394793314818e-01 2.935742790971026528e-01 4.270656602984303496e-01 2.474064539819476882e-01 4.662140349930110061e-01 3.771473156559109752e-01 4.863087761250589058e-01 3.732956933576863090e-01 4.355178194444444539e-01 3.631710000000000216e-01 4.422950859280136982e-01 3.694249000658292315e-01 4.192333101357753056e-01 3.155812931034482904e-01 4.278595628205129064e-01 0.000000000000000000e+00 4.600955472242664324e-01 3.277791924068753637e-01 4.265371239220104860e-01 3.591801874251561166e-01 5.031236640229320711e-01 3.867710912584614857e-01 4.248392804878048934e-01 4.087075319148935626e-01 4.582492119158878552e-01 4.500139264909261416e-01 0.000000000000000000e+00 4.859029404971496047e-01 0.000000000000000000e+00 3.844059843442623192e-01 0.000000000000000000e+00 4.039473868132389955e-01 0.000000000000000000e+00 4.088276683215173457e-01 0.000000000000000000e+00 3.568779833333333706e-01 0.000000000000000000e+00 3.984646124361458375e-01 0.000000000000000000e+00 3.869456379203988772e-01 0.000000000000000000e+00 3.680751631385338896e-01 0.000000000000000000e+00 3.745267151525689675e-01 4.541132212531676093e-01 3.896060311210680083e-01 4.374590651233372096e-01 4.278765828797467252e-01 4.505117434157135392e-01 3.920168046849227816e-01 0.000000000000000000e+00 3.853504704528402103e-01 0.000000000000000000e+00 3.797731640240495921e-01 4.671762751026366511e-01 4.385894202691699717e-01 5.043327297559085931e-01 3.986402830758733473e-01 4.427840569569503337e-01 3.187788933976627437e-01 4.507913649298027070e-01 3.621309890270271725e-01 0.000000000000000000e+00 3.889156308203806089e-01 4.476077081999828566e-01 3.793045426442469559e-01 0.000000000000000000e+00 0.000000000000000000e+00 4.655130054421768859e-01 3.950350358094654735e-01 0.000000000000000000e+00 0.000000000000000000e+00 0.000000000000000000e+00 3.832068279613408124e-01 0.000000000000000000e+00 3.635137800952277232e-01 0.000000000000000000e+00 3.819701086598004669e-01 4.321918392857142521e-01 4.317108686131386763e-01 4.378171578237856632e-01 4.474980885307248135e-01 4.321054172814691730e-01 4.363652730333720808e-01 4.385279057248074874e-01 4.495043211009174811e-01 0.000000000000000000e+00 3.665805671641791386e-01 4.675003305084746152e-01 0.000000000000000000e+00 4.251867739073182939e-01 3.786852312323347181e-01 4.401991227678571650e-01 0.000000000000000000e+00 4.633389466666666956e-01 3.986942407407407796e-01 0.000000000000000000e+00 0.000000000000000000e+00 4.545650666666666284e-01 0.000000000000000000e+00 0.000000000000000000e+00 0.000000000000000000e+00 0.000000000000000000e+00 0.000000000000000000e+00
3.464619484970118402e-01 4.117285714285714993e-01 2.571633547022983968e-01 4.239682313912716549e-01 2.519679891761743562e-01 4.307346022102897520e-01 2.932505381251033771e-01 4.337774830876646170e-01 2.610870349332499174e-01 0.000000000000000000e+00 3.496601298757981424e-01 4.209947286821705825e-01 2.375392058455038369e-01 4.560547599999998925e-01 2.767132814779655892e-01 4.290861195652173055e-01 3.743695481559206062e-01 0.000000000000000000e+00 3.874599999434068520e-01 0.000000000000000000e+00 4.516193437500000130e-01 0.000000000000000000e+00 3.311385925505037631e-01 4.404997124783301410e-01 2.990258019243552945e-01 4.122561445734833629e-01 2.790869674673525647e-01 4.478853209876543229e-01 3.213703150733576153e-01 0.000000000000000000e+00 3.213983112346225357e-01 4.110218809312545796e-01 3.406944364372469503e-01 4.288933655913977905e-01 0.000000000000000000e+00 0.000000000000000000e+00 3.739706756756757122e-01 0.000000000000000000e+00 0.000000000000000000e+00 0.000000000000000000e+00 0.000000000000000000e+00 0.000000000000000000e+00 0.000000000000000000e+00 0.000000000000000000e+00 4.059174626865671431e-01 0.000000000000000000e+00 0.000000000000000000e+00 0.000000000000000000e+00 0.000000000000000000e+00 0.000000000000000000e+00 0.000000000000000000e+00 0.000000000000000000e+00 0.000000000000000000e+00 0.000000000000000000e+00 3.279920161290322267e-01 0.000000000000000000e+00 3.697829932635589012e-01 0.000000000000000000e+00 3.835030182305075863e-01 0.000000000000000000e+00 3.769471530493943012e-01 0.000000000000000000e+00 3.681415129151095478e-01 0.000000000000000000e+00 3.979188130081302011e-01 0.000000000000000000e+00 0.000000000000000000e+00 0.000000000000000000e+00 0.000000000000000000e+00 0.000000000000000000e+00 2.987724767928645608e-01 4.375878740338435824e-01 3.223224982098088498e-01 0.000000000000000000e+00 0.000000000000000000e+00 0.000000000000000000e+00 3.426509746752733343e-01 4.463968684210526949e-01 0.000000000000000000e+00 0.000000000000000000e+00 3.791959518072288704e-01 0.000000000000000000e+00 0.000000000000000000e+00 0.000000000000000000e+00 3.707417207694213568e-01 0.000000000000000000e+00 3.729240877480728411e-01 0.000000000000000000e+00 3.700880865696751787e-01 0.000000000000000000e+00 0.000000000000000000e+00 0.000000000000000000e+00 0.000000000000000000e+00 0.000000000000000000e+00 3.837983020833333758e-01 0.000000000000000000e+00 4.167056022727271825e-01 0.000000000000000000e+00 0.000000000000000000e+00 0.000000000000000000e+00 0.000000000000000000e+00 0.000000000000000000e+00 0.000000000000000000e+00 0.000000000000000000e+00 4.242480608695651800e-01 0.000000000000000000e+00 0.000000000000000000e+00 3.567275378151259502e-01 0.000000000000000000e+00 0.000000000000000000e+00 0.000000000000000000e+00 0.000000000000000000e+00 0.000000000000000000e+00 0.000000000000000000e+00 0.000000000000000000e+00 0.000000000000000000e+00
0.000000000000000000e+00 0.000000000000000000e+00 4.207119766962129082e-01 2.792126701659416455e-01 4.205147902808189508e-01 2.109724798399938150e-01 4.043972632413764812e-01 2.603995501092492004e-01 0.000000000000000000e+00 1.997512620386195925e-01 0.000000000000000000e+00 3.452224301392587402e-01 4.356584081632653427e-01 2.990608131074811715e-01 4.301954542393007785e-01 2.394737864640757163e-01 0.000000000000000000e+00 3.976149885533741823e-01 0.000000000000000000e+00 3.647411241039426599e-01 4.070029542474120632e-01 3.477945710807067714e-01 4.009244958382634505e-01 3.126460563267476900e-01 4.341087924337754811e-01 2.231912401419740843e-01 4.018015789805551297e-01 2.000930574245205762e-01 0.000000000000000000e+00 3.311280897193626394e-01 3.812469367999811176e-01 3.504171031583903084e-01 0.000000000000000000e+00 3.593712949771850074e-01 0.000000000000000000e+00 0.000000000000000000e+00 0.000000000000000000e+00 4.516324047619048598e-01 0.000000000000000000e+00 0.000000000000000000e+00 0.000000000000000000e+00 0.000000000000000000e+00 0.000000000000000000e+00 0.000000000000000000e+00 0.000000000000000000e+00 0.000000000000000000e+00 0.000000000000000000e+00 0.000000000000000000e+00 0.000000000000000000e+00 0.000000000000000000e+00 0.000000000000000000e+00 0.000000000000000000e+00 0.000000000000000000e+00 0.000000000000000000e+00 0.000000000000000000e+00 0.000000000000000000e+00 0.000000000000000000e+00 3.443919239130435184e-01 0.000000000000000000e+00 0.000000000000000000e+00 0.000000000000000000e+00 0.000000000000000000e+00 0.000000000000000000e+00 0.000000000000000000e+00 0.000000000000000000e+00 0.000000000000000000e+00 0.000000000000000000e+00 0.000000000000000000e+00 0.000000000000000000e+00 4.310771259842519632e-01 4.309536696323256200e-01 3.066338315934066805e-01 3.667923535353536102e-01 3.233507053484587224e-01 0.000000000000000000e+00 0.000000000000000000e+00 0.000000000000000000e+00 3.306131665050204838e-01 0.000000000000000000e+00 0.000000000000000000e+00 0.000000000000000000e+00 4.010723969291837832e-01 0.000000000000000000e+00 3.529116323529412069e-01 0.000000000000000000e+00 3.570170583151291432e-01 0.000000000000000000e+00 0.000000000000000000e+00 0.000000000000000000e+00 3.949194988129307582e-01 0.000000000000000000e+00 0.000000000000000000e+00 0.000000000000000000e+00 0.000000000000000000e+00 0.000000000000000000e+00 3.528114666666666288e-01 0.000000000000000000e+00 0.000000000000000000e+00 0.000000000000000000e+00 0.000000000000000000e+00 0.000000000000000000e+00 0.000000000000000000e+00 3.883170117374065144e-01 4.019601751824817271e-01 0.000000000000000000e+00 0.000000000000000000e+00 3.544259572649572365e-01 0.000000000000000000e+00 0.000000000000000000e+00 0.000000000000000000e+00 0.000000000000000000e+00 0.000000000000000000e+00 0.000000000000000000e+00 0.000000000000000000e+00 0.000000000000000000e+00 0.000000000000000000e+00
3.143451644298808634e-01 4.588984299999999683e-01 3.974523669858034403e-01 4.606684801739756030e-01 0.000000000000000000e+00 0.000000000000000000e+00 3.694480397773934333e-01 4.572601559072204669e-01 3.496601298757981424e-01 0.000000000000000000e+00 2.865146237628097836e-01 4.657935599324561360e-01 3.098211095700014184e-01 4.443365333054201116e-01 3.536142936300397110e-01 0.000000000000000000e+00 3.061407091972728201e-01 0.000000000000000000e+00 4.152321307325966826e-01 4.846439399895978162e-01 0.000000000000000000e+00 0.000000000000000000e+00 3.976489675187890871e-01 4.590859979695994797e-01 0.000000000000000000e+00 0.000000000000000000e+00 0.000000000000000000e+00 0.000000000000000000e+00 3.141912476045153335e-01 0.000000000000000000e+00 4.023710251494397871e-01 4.249433603271728366e-01 4.217921598238770220e-01 4.709245370475648174e-01 0.000000000000000000e+00 0.000000000000000000e+00 4.487370449433635278e-01 0.000000000000000000e+00 0.000000000000000000e+00 0.000000000000000000e+00 0.000000000000000000e+00 0.000000000000000000e+00 3.944503457841852523e-01 0.000000000000000000e+00 4.618847128712870731e-01 0.000000000000000000e+00 0.000000000000000000e+00 0.000000000000000000e+00 0.000000000000000000e+00 0.000000000000000000e+00 3.944860770943796058e-01 0.000000000000000000e+00 3.448873280000000485e-01 0.000000000000000000e+00 3.747091965082065546e-01 0.000000000000000000e+00 3.558169127683065702e-01 0.000000000000000000e+00 4.102452445040750684e-01 4.903983269230769437e-01 4.029062904294016256e-01 0.000000000000000000e+00 3.825803324471042099e-01 0.000000000000000000e+00 3.965814058238096851e-01 0.000000000000000000e+00 4.449908080029175150e-01 0.000000000000000000e+00 4.207079034883720592e-01 0.000000000000000000e+00 3.374182220682274691e-01 4.744866619718309808e-01 3.598789376095060111e-01 4.664836036258427909e-01 0.000000000000000000e+00 0.000000000000000000e+00 3.664858248624244808e-01 4.574754637960389836e-01 3.595855492957746868e-01 0.000000000000000000e+00 3.334381356495511040e-01 0.000000000000000000e+00 3.195791230472230238e-01 0.000000000000000000e+00 4.070921912349397265e-01 0.000000000000000000e+00 3.961339692307692673e-01 0.000000000000000000e+00 4.110134951514274326e-01 0.000000000000000000e+00 4.655731481481480971e-01 0.000000000000000000e+00 0.000000000000000000e+00 0.000000000000000000e+00 4.087251189202953938e-01 0.000000000000000000e+00 0.000000000000000000e+00 0.000000000000000000e+00 0.000000000000000000e+00 0.000000000000000000e+00 0.000000000000000000e+00 0.000000000000000000e+00 0.000000000000000000e+00 0.000000000000000000e+00 0.000000000000000000e+00 0.000000000000000000e+00 0.000000000000000000e+00 0.000000000000000000e+00 0.000000000000000000e+00 0.000000000000000000e+00 0.000000000000000000e+00 0.000000000000000000e+00 0.000000000000000000e+00 0.000000000000000000e+00 0.000000000000000000e+00 0.000000000000000000e+00
5.077112329545454550e-01 3.794584393974768100e-01 4.675000186538661451e-01 3.917690544614033099e-01 0.000000000000000000e+00 0.000000000000000000e+00 4.537408300215751145e-01 3.387701999836693623e-01 4.209947286821705825e-01 3.452224301392587402e-01 4.657935599324561360e-01 3.068167258463124214e-01 4.532229001133142865e-01 2.932132209254250110e-01 0.000000000000000000e+00 3.584726251413385967e-01 4.911605050505050696e-01 3.381953774192864581e-01 4.799542289383664229e-01 4.199250648083571180e-01 0.000000000000000000e+00 0.000000000000000000e+00 4.644800335912191991e-01 4.094045699235941971e-01 0.000000000000000000e+00 0.000000000000000000e+00 0.000000000000000000e+00 0.000000000000000000e+00 4.749980266666667394e-01 3.763183079383848884e-01 4.341922598557941826e-01 3.945734590645804118e-01 4.965647937291954861e-01 3.970519248474244645e-01 4.077669161290322641e-01 4.522043846153846469e-01 4.547458532110091323e-01 4.429065601563085819e-01 0.000000000000000000e+00 0.000000000000000000e+00 0.000000000000000000e+00 0.000000000000000000e+00 0.000000000000000000e+00 0.000000000000000000e+00 0.000000000000000000e+00 3.530352089285714312e-01 0.000000000000000000e+00 0.000000000000000000e+00 0.000000000000000000e+00 3.821794167375498485e-01 0.000000000000000000e+00 3.886742951895710840e-01 0.000000000000000000e+00 3.629269338628511865e-01 0.000000000000000000e+00 3.739589819934215909e-01 0.000000000000000000e+00 3.888916554210936072e-01 5.089899646666666833e-01 4.246725379421727453e-01 0.000000000000000000e+00 3.930372233348894406e-01 0.000000000000000000e+00 3.978850923064271572e-01 0.000000000000000000e+00 4.039335918752503529e-01 4.643656141732283027e-01 4.369638424553445311e-01 0.000000000000000000e+00 0.000000000000000000e+00 4.593226259439818771e-01 3.481143683485954377e-01 4.592470079706799102e-01 3.822411357474078675e-01 0.000000000000000000e+00 4.280012410873440531e-01 4.571234401286626836e-01 3.968793203117482182e-01 0.000000000000000000e+00 4.095503555598963286e-01 4.439270462962963681e-01 4.225624409275089421e-01 0.000000000000000000e+00 4.165707219992353938e-01 0.000000000000000000e+00 4.179760154038986153e-01 0.000000000000000000e+00 4.263407054263566032e-01 0.000000000000000000e+00 4.201202768136923504e-01 0.000000000000000000e+00 4.602058300613496300e-01 4.542985241935482699e-01 4.385754568965517519e-01 4.494084999999999330e-01 0.000000000000000000e+00 0.000000000000000000e+00 0.000000000000000000e+00 0.000000000000000000e+00 0.000000000000000000e+00 0.000000000000000000e+00 0.000000000000000000e+00 0.000000000000000000e+00 0.000000000000000000e+00 0.000000000000000000e+00 0.000000000000000000e+00 0.000000000000000000e+00 0.000000000000000000e+00 0.000000000000000000e+00 0.000000000000000000e+00 0.000000000000000000e+00 0.000000000000000000e+00 0.000000000000000000e+00 0.000000000000000000e+00 0.000000000000000000e+00 0.000000000000000000e+00
3.691702700059448783e-01 0.000000000000000000e+00 3.410496787710038391e-01 4.280196871888617971e-01 2.976022398858449436e-01 0.000000000000000000e+00 3.067783291075064644e-01 4.324407394793314818e-01 2.375392058455038369e-01 4.356584081632653427e-01 3.098211095700014184e-01 4.532229001133142865e-01 2.664228494172883877e-01 4.152884738434203249e-01 2.332582475023127211e-01 3.707364818181819732e-01 3.925108235349728525e-01 4.636241874999999513e-01 3.952757664619816480e-01 4.553204770227576303e-01 0.000000000000000000e+00 0.000000000000000000e+00 3.495413191564825661e-01 4.341614602141578572e-01 3.462270677182741063e-01 0.000000000000000000e+00 3.623949101123596361e-01 0.000000000000000000e+00 3.375213029869091330e-01 4.528713255813953120e-01 3.430504706737279030e-01 4.330087245238762872e-01 3.786512172385556596e-01 4.480808591646973649e-01 4.368057261904763067e-01 0.000000000000000000e+00 4.372790761974220120e-01 4.962848793103447620e-01 0.000000000000000000e+00 0.000000000000000000e+00 3.927523561810154495e-01 0.000000000000000000e+00 4.424411590909090308e-01 0.000000000000000000e+00 4.106645727272727475e-01 0.000000000000000000e+00 0.000000000000000000e+00 0.000000000000000000e+00 0.000000000000000000e+00 0.000000000000000000e+00 3.802090619595449583e-01 0.000000000000000000e+00 3.666907557251908867e-01 0.000000000000000000e+00 4.109044475458184520e-01 0.000000000000000000e+00 3.845623516633476791e-01 4.874347547008547332e-01 4.110451053510497665e-01 4.805293066666667112e-01 4.014246720504665578e-01 0.000000000000000000e+00 3.889379822048005253e-01 0.000000000000000000e+00 3.929550548805451071e-01 0.000000000000000000e+00 4.284985932550056664e-01 0.000000000000000000e+00 4.127297983916873858e-01 0.000000000000000000e+00 3.167442722599467797e-01 4.347683765104688458e-01 3.693113836391963556e-01 4.378386349137061706e-01 3.871793918230000409e-01 0.000000000000000000e+00 3.766860287685489528e-01 4.414311463436211835e-01 0.000000000000000000e+00 0.000000000000000000e+00 3.724190319489971146e-01 0.000000000000000000e+00 3.303470407594507052e-01 0.000000000000000000e+00 3.961715100269023737e-01 0.000000000000000000e+00 3.888636840368208114e-01 0.000000000000000000e+00 4.031740694462884189e-01 0.000000000000000000e+00 3.863401232876712554e-01 4.267811550387597408e-01 4.060793788461538600e-01 0.000000000000000000e+00 4.356539248013209797e-01 4.453200645161290994e-01 0.000000000000000000e+00 0.000000000000000000e+00 4.183208800000000060e-01 0.000000000000000000e+00 0.000000000000000000e+00 4.506236285714286249e-01 0.000000000000000000e+00 0.000000000000000000e+00 0.000000000000000000e+00 0.000000000000000000e+00 0.000000000000000000e+00 0.000000000000000000e+00 0.000000000000000000e+00 0.000000000000000000e+00 0.000000000000000000e+00 0.000000000000000000e+00 0.000000000000000000e+00 0.000000000000000000e+00 0.000000000000000000e+00 0.000000000000000000e+00
