2.953874218250489569e-01 5.040515116815954544e-01 3.260054105117266010e-01 5.033521582732867206e-01 0.000000000000000000e+00 0.000000000000000000e+00 3.354054734258727910e-01 4.840317707566680894e-01 4.100954227642276129e-01 0.000000000000000000e+00 3.075792421954077205e-01 4.798606520819994059e-01 3.554497741393274901e-01 4.757314831460673354e-01 4.030924396243291685e-01 0.000000000000000000e+00 3.271591369777304137e-01 4.802361735425786926e-01 3.710339484860826209e-01 5.182714990885985973e-01 0.000000000000000000e+00 0.000000000000000000e+00 4.023772363350349712e-01 4.365564098360655287e-01 0.000000000000000000e+00 0.000000000000000000e+00 0.000000000000000000e+00 0.000000000000000000e+00 3.964525374896178955e-01 4.995979619318181575e-01 4.175521470639226296e-01 4.686145558528427846e-01 4.038897425417352638e-01 4.980911012790185666e-01 0.000000000000000000e+00 0.000000000000000000e+00 4.625416467837142331e-01 4.990835636985839763e-01 0.000000000000000000e+00 0.000000000000000000e+00 3.940036428571428440e-01 5.038833043478261331e-01 0.000000000000000000e+00 0.000000000000000000e+00 4.203689903325676380e-01 4.938548901567644811e-01 0.000000000000000000e+00 0.000000000000000000e+00 4.061276725700918577e-01 4.916579011850678582e-01 4.028798109064170574e-01 4.752949231635058003e-01 4.275829739175257549e-01 0.000000000000000000e+00 4.146837232142857599e-01 0.000000000000000000e+00 3.368627039731932338e-01 5.023717366119758720e-01 4.192030580139569085e-01 4.802562977383176279e-01 4.054985657347041639e-01 5.058729516507599611e-01 3.895050521114924447e-01 0.000000000000000000e+00 4.088418731609896883e-01 4.927008201220303696e-01 4.289001254139244157e-01 4.990635167006025608e-01 3.269714238443900967e-01 5.163178046050935777e-01 3.490994144464270033e-01 4.836452682974705097e-01 3.648831723550641781e-01 4.853871672214136734e-01 0.000000000000000000e+00 0.000000000000000000e+00 3.877813325824563950e-01 4.652054435499936580e-01 3.999168236650338382e-01 0.000000000000000000e+00 4.052430582261344894e-01 0.000000000000000000e+00 3.451474874287819294e-01 0.000000000000000000e+00 4.187228608455831336e-01 0.000000000000000000e+00 0.000000000000000000e+00 0.000000000000000000e+00 4.145692932190049307e-01 0.000000000000000000e+00 4.163144611386188076e-01 0.000000000000000000e+00 4.211124081266500729e-01 0.000000000000000000e+00 4.296154002943747274e-01 4.138848538195660787e-01 4.595884050935949983e-01 0.000000000000000000e+00 0.000000000000000000e+00 0.000000000000000000e+00 0.000000000000000000e+00 0.000000000000000000e+00 4.292052012573172592e-01 4.701229647887324448e-01 4.131920257341196723e-01 0.000000000000000000e+00 0.000000000000000000e+00 0.000000000000000000e+00 0.000000000000000000e+00 0.000000000000000000e+00 4.221954955752211802e-01 0.000000000000000000e+00 0.000000000000000000e+00 0.000000000000000000e+00 0.000000000000000000e+00 0.000000000000000000e+00
5.040515116815954544e-01 3.162725031201589210e-01 4.990016400789484829e-01 3.680730109414470652e-01 4.640467844311377266e-01 3.652241861702126835e-01 4.896955019924197350e-01 3.498564060981353974e-01 0.000000000000000000e+00 3.522362617122664630e-01 4.792162693561590747e-01 3.551879965974167885e-01 4.669083411764705649e-01 3.898022397862667132e-01 0.000000000000000000e+00 3.950840386873278876e-01 4.835163892305201494e-01 3.279447826785120701e-01 5.251109050560474056e-01 3.841770264051400652e-01 0.000000000000000000e+00 0.000000000000000000e+00 4.521481922368955075e-01 4.117509265723047207e-01 0.000000000000000000e+00 0.000000000000000000e+00 4.641081710526315796e-01 0.000000000000000000e+00 4.822152370084984985e-01 4.058062864295221006e-01 4.602107562526188134e-01 4.142407524704408428e-01 5.041033883857912734e-01 4.890301520805570012e-01 0.000000000000000000e+00 0.000000000000000000e+00 5.096688292452586921e-01 4.738534284785396178e-01 0.000000000000000000e+00 5.022535914461876416e-01 0.000000000000000000e+00 3.885760141954648361e-01 0.000000000000000000e+00 4.504302991452991956e-01 0.000000000000000000e+00 4.087753461570254876e-01 0.000000000000000000e+00 4.630546823432343251e-01 5.255388188976377606e-01 4.095606074834950983e-01 0.000000000000000000e+00 4.027685071219044288e-01 5.242116918238994838e-01 3.970213117682667159e-01 0.000000000000000000e+00 4.222666234311036604e-01 4.992800615465888825e-01 3.377655660248175540e-01 4.964368122902130809e-01 4.067225426222803586e-01 4.851100571428571540e-01 4.147444767082708039e-01 4.538795984251967619e-01 3.881427604246132645e-01 0.000000000000000000e+00 4.067223222200763155e-01 5.108565915484080122e-01 4.084815142615345063e-01 5.357071041973532344e-01 3.605999837093382676e-01 5.007473547710253881e-01 3.671570733173773471e-01 4.695786275445454905e-01 3.834285245854545665e-01 0.000000000000000000e+00 0.000000000000000000e+00 4.779195266191784697e-01 3.963217988386933954e-01 4.719960822033898440e-01 0.000000000000000000e+00 0.000000000000000000e+00 4.022574374078091153e-01 0.000000000000000000e+00 4.096202231404958982e-01 4.714545170068027424e-01 4.208904828104168550e-01 0.000000000000000000e+00 4.665303055555556910e-01 0.000000000000000000e+00 4.217194797259858352e-01 4.893579670938170700e-01 4.386044797853126398e-01 4.800309722919527955e-01 4.043251161759804924e-01 0.000000000000000000e+00 4.271427891568818080e-01 0.000000000000000000e+00 0.000000000000000000e+00 5.129774010958505492e-01 4.753432264802891494e-01 5.066046201923076753e-01 5.410358571428571794e-01 4.799300943264482311e-01 4.294417297993254334e-01 0.000000000000000000e+00 4.675960479095317979e-01 0.000000000000000000e+00 0.000000000000000000e+00 0.000000000000000000e+00 0.000000000000000000e+00 0.000000000000000000e+00 0.000000000000000000e+00 0.000000000000000000e+00 0.000000000000000000e+00 4.221454264646464782e-01 4.296856881720430565e-01
3.260054105117266010e-01 4.990016400789484829e-01 2.678823469942094304e-01 4.913952193898772913e-01 2.509072264361957294e-01 4.475994620508949029e-01 3.237717380746681362e-01 4.726693255773383173e-01 2.858225182302605583e-01 4.622124684597565536e-01 3.948699782885309317e-01 4.795565878743659471e-01 3.602120025491902799e-01 4.699615117824852417e-01 3.265437882396815539e-01 4.621637970552205932e-01 3.958129563308505072e-01 4.768365196246845406e-01 3.254357754685536230e-01 5.132640332645173054e-01 3.872938775510204601e-01 0.000000000000000000e+00 2.448879783148846800e-01 4.722235951159496348e-01 2.263307304252527574e-01 4.097842025082935602e-01 2.916374719385095848e-01 4.507755727272726443e-01 3.658405271522798818e-01 4.911382743067062573e-01 3.956813809850342478e-01 4.393083751071578114e-01 4.231949654739330380e-01 4.915708402881699413e-01 0.000000000000000000e+00 0.000000000000000000e+00 4.347137156172886652e-01 4.794756759259259926e-01 0.000000000000000000e+00 4.517514705882351711e-01 3.975649565217391213e-01 4.643125940594059475e-01 0.000000000000000000e+00 0.000000000000000000e+00 3.953151504187750742e-01 5.124807119634239294e-01 0.000000000000000000e+00 0.000000000000000000e+00 3.710479963653584012e-01 4.821870814164649355e-01 3.495073688801255685e-01 0.000000000000000000e+00 0.000000000000000000e+00 0.000000000000000000e+00 4.559049620253165513e-01 0.000000000000000000e+00 4.002407183530906631e-01 5.016021604566441860e-01 4.095635276739383879e-01 4.915829399224806440e-01 3.766166530251242595e-01 0.000000000000000000e+00 4.074665244319387591e-01 0.000000000000000000e+00 3.599710464873988602e-01 4.570805984848484993e-01 4.493438190225658713e-01 5.313127201795528887e-01 3.192189799469448142e-01 5.403232888888889196e-01 3.612073175424699856e-01 4.561574523817615301e-01 3.696221647128760113e-01 4.756744341925240316e-01 0.000000000000000000e+00 0.000000000000000000e+00 3.978467437757565173e-01 4.694043598995850108e-01 4.048806388261496636e-01 0.000000000000000000e+00 3.919771987924411394e-01 0.000000000000000000e+00 4.069226113464012862e-01 0.000000000000000000e+00 3.783838011847918681e-01 0.000000000000000000e+00 4.108169679012346198e-01 0.000000000000000000e+00 3.991411710984227312e-01 0.000000000000000000e+00 4.179806036831680283e-01 4.394800170995671329e-01 4.007157126620032872e-01 0.000000000000000000e+00 4.107331478394914970e-01 4.152435360824741628e-01 0.000000000000000000e+00 0.000000000000000000e+00 0.000000000000000000e+00 4.392716717557252348e-01 0.000000000000000000e+00 0.000000000000000000e+00 0.000000000000000000e+00 0.000000000000000000e+00 4.254491567183918965e-01 4.596407704451255793e-01 0.000000000000000000e+00 0.000000000000000000e+00 0.000000000000000000e+00 0.000000000000000000e+00 0.000000000000000000e+00 0.000000000000000000e+00 0.000000000000000000e+00 0.000000000000000000e+00 0.000000000000000000e+00 0.000000000000000000e+00
5.033521582732867206e-01 3.680730109414470652e-01 4.913952193898772913e-01 2.691859179777458810e-01 0.000000000000000000e+00 2.418964265761511800e-01 4.794903960331027837e-01 2.933977433673273794e-01 4.682860550000924049e-01 3.278915743423390095e-01 4.844306175278391691e-01 3.972090984143676340e-01 4.650695848039948510e-01 3.674472016979949962e-01 4.604910093948531014e-01 3.602907263861576115e-01 5.048491171434621450e-01 4.102920075624792995e-01 5.198990786335733194e-01 3.279635529093533064e-01 0.000000000000000000e+00 0.000000000000000000e+00 4.779891981229803521e-01 2.769952932938612999e-01 4.536129270833333393e-01 3.098318415348090271e-01 0.000000000000000000e+00 3.444843667986486335e-01 4.931622479086379407e-01 3.823740146376356508e-01 4.525563653245290308e-01 3.381180343934866994e-01 5.236460234739140907e-01 3.994600139133047123e-01 0.000000000000000000e+00 4.196801344537814393e-01 5.364706092038495910e-01 4.528814490831691297e-01 0.000000000000000000e+00 4.658871532491478118e-01 0.000000000000000000e+00 4.036430368451479067e-01 0.000000000000000000e+00 4.458775496183206011e-01 5.364830352941175606e-01 4.172601486146124139e-01 0.000000000000000000e+00 0.000000000000000000e+00 4.640743095238095139e-01 4.264422497166507342e-01 0.000000000000000000e+00 4.086645705137399998e-01 0.000000000000000000e+00 3.826456672801477055e-01 0.000000000000000000e+00 3.825265948275862193e-01 4.735917168453018244e-01 4.225920732394841672e-01 4.773770438753759393e-01 4.311881675441462392e-01 4.723755984251968854e-01 4.092578469487108683e-01 0.000000000000000000e+00 4.065418701374087229e-01 4.880239343065693736e-01 4.062805673118597971e-01 4.837577714610923896e-01 4.520909274756641505e-01 0.000000000000000000e+00 4.384540887336600412e-01 4.933729547383416403e-01 3.733353379636495384e-01 4.730444666064988479e-01 3.836260403109619244e-01 0.000000000000000000e+00 0.000000000000000000e+00 4.889446349294409022e-01 4.027723409188645465e-01 4.653355702479339273e-01 0.000000000000000000e+00 0.000000000000000000e+00 4.004769954464036386e-01 4.823008809463700253e-01 4.114178251748252246e-01 4.982093928571428298e-01 4.119045691046793745e-01 0.000000000000000000e+00 4.176543333333332941e-01 0.000000000000000000e+00 4.128616638409923212e-01 4.567975409645579910e-01 4.077068433823444193e-01 4.474287994915042144e-01 3.625226183206106678e-01 4.852829882791767635e-01 3.939726500957979050e-01 0.000000000000000000e+00 0.000000000000000000e+00 0.000000000000000000e+00 3.978243793103448112e-01 0.000000000000000000e+00 4.702780844516128989e-01 4.884091860465116230e-01 4.079305759062726300e-01 0.000000000000000000e+00 4.308087987670899954e-01 0.000000000000000000e+00 4.541455840707964708e-01 0.000000000000000000e+00 0.000000000000000000e+00 0.000000000000000000e+00 0.000000000000000000e+00 4.467792807017543777e-01 0.000000000000000000e+00 3.953845366715758036e-01 4.073357841584157590e-01
0.000000000000000000e+00 4.640467844311377266e-01 2.509072264361957294e-01 0.000000000000000000e+00 2.315235146917918319e-01 4.521586934335092844e-01 2.399574530698245223e-01 4.668483333333333096e-01 2.440486509037851914e-01 4.592249504035710306e-01 3.372078115942028220e-01 0.000000000000000000e+00 3.418020887330348589e-01 0.000000000000000000e+00 2.950091356532542064e-01 4.847955324247777975e-01 3.444200230769230986e-01 0.000000000000000000e+00 3.824296849128540621e-01 0.000000000000000000e+00 3.362970481437468906e-01 0.000000000000000000e+00 3.178202804745972054e-01 4.359411357821085797e-01 2.520728052588233625e-01 4.178386757037955146e-01 2.737519399108074292e-01 4.337423170955881924e-01 3.439003155539047119e-01 3.900366632653061161e-01 3.945001406697838386e-01 4.006903515165582963e-01 4.168940780784508027e-01 0.000000000000000000e+00 0.000000000000000000e+00 0.000000000000000000e+00 4.297653023255813554e-01 0.000000000000000000e+00 0.000000000000000000e+00 0.000000000000000000e+00 0.000000000000000000e+00 0.000000000000000000e+00 0.000000000000000000e+00 0.000000000000000000e+00 0.000000000000000000e+00 0.000000000000000000e+00 0.000000000000000000e+00 0.000000000000000000e+00 0.000000000000000000e+00 0.000000000000000000e+00 0.000000000000000000e+00 0.000000000000000000e+00 0.000000000000000000e+00 0.000000000000000000e+00 0.000000000000000000e+00 0.000000000000000000e+00 0.000000000000000000e+00 0.000000000000000000e+00 0.000000000000000000e+00 0.000000000000000000e+00 4.052303482943470092e-01 0.000000000000000000e+00 0.000000000000000000e+00 0.000000000000000000e+00 0.000000000000000000e+00 0.000000000000000000e+00 4.139429401709401324e-01 0.000000000000000000e+00 0.000000000000000000e+00 0.000000000000000000e+00 3.507949118562392887e-01 4.916932759957143295e-01 3.522566048235611369e-01 4.760030219780219674e-01 3.270851624649859790e-01 0.000000000000000000e+00 3.785203196218142607e-01 0.000000000000000000e+00 0.000000000000000000e+00 0.000000000000000000e+00 3.694218290598290655e-01 0.000000000000000000e+00 3.766464423076922308e-01 0.000000000000000000e+00 3.822702896405462125e-01 0.000000000000000000e+00 3.785271621732026470e-01 0.000000000000000000e+00 3.883669572046344887e-01 4.613443463687150192e-01 0.000000000000000000e+00 0.000000000000000000e+00 0.000000000000000000e+00 0.000000000000000000e+00 3.986287686805191632e-01 4.004727023809525055e-01 0.000000000000000000e+00 0.000000000000000000e+00 0.000000000000000000e+00 0.000000000000000000e+00 0.000000000000000000e+00 0.000000000000000000e+00 0.000000000000000000e+00 0.000000000000000000e+00 0.000000000000000000e+00 0.000000000000000000e+00 0.000000000000000000e+00 0.000000000000000000e+00 0.000000000000000000e+00 0.000000000000000000e+00 0.000000000000000000e+00 0.000000000000000000e+00 0.000000000000000000e+00 0.000000000000000000e+00 0.000000000000000000e+00 0.000000000000000000e+00
0.000000000000000000e+00 3.652241861702126835e-01 4.475994620508949029e-01 2.418964265761511800e-01 4.521586934335092844e-01 2.082278274668326323e-01 4.356708254374528355e-01 2.475573874708540956e-01 4.275850026437068019e-01 2.346856225252439143e-01 0.000000000000000000e+00 0.000000000000000000e+00 4.675592246618949233e-01 3.478698572420966806e-01 4.546522195121950882e-01 2.262263114941165942e-01 0.000000000000000000e+00 0.000000000000000000e+00 4.071807138888888788e-01 3.547275675201365663e-01 4.528942562634255542e-01 3.258655291066901438e-01 4.414469843156651474e-01 2.693306342959460586e-01 4.516047895092063502e-01 2.847722292559329293e-01 4.816829348496241003e-01 2.297349993882292496e-01 0.000000000000000000e+00 3.276481357179051312e-01 4.075326326921850928e-01 3.498915965639000092e-01 0.000000000000000000e+00 3.779409202368573806e-01 0.000000000000000000e+00 0.000000000000000000e+00 0.000000000000000000e+00 0.000000000000000000e+00 0.000000000000000000e+00 0.000000000000000000e+00 0.000000000000000000e+00 4.009602911392404767e-01 0.000000000000000000e+00 4.542554090909090569e-01 0.000000000000000000e+00 0.000000000000000000e+00 0.000000000000000000e+00 0.000000000000000000e+00 0.000000000000000000e+00 0.000000000000000000e+00 0.000000000000000000e+00 3.741291486486487128e-01 0.000000000000000000e+00 0.000000000000000000e+00 0.000000000000000000e+00 0.000000000000000000e+00 0.000000000000000000e+00 0.000000000000000000e+00 0.000000000000000000e+00 0.000000000000000000e+00 0.000000000000000000e+00 3.840984824561403665e-01 0.000000000000000000e+00 0.000000000000000000e+00 0.000000000000000000e+00 0.000000000000000000e+00 0.000000000000000000e+00 4.577570301724137591e-01 0.000000000000000000e+00 0.000000000000000000e+00 4.834290779137115912e-01 3.636042901489595081e-01 4.618905813953488870e-01 3.502818321796835610e-01 0.000000000000000000e+00 0.000000000000000000e+00 4.523869432624113007e-01 3.736635072395650403e-01 0.000000000000000000e+00 0.000000000000000000e+00 0.000000000000000000e+00 0.000000000000000000e+00 0.000000000000000000e+00 3.894959508220574018e-01 0.000000000000000000e+00 4.161359476473596719e-01 0.000000000000000000e+00 4.043283999999999767e-01 0.000000000000000000e+00 3.840318169014084737e-01 0.000000000000000000e+00 3.994367132352941163e-01 0.000000000000000000e+00 0.000000000000000000e+00 0.000000000000000000e+00 0.000000000000000000e+00 0.000000000000000000e+00 0.000000000000000000e+00 0.000000000000000000e+00 0.000000000000000000e+00 0.000000000000000000e+00 0.000000000000000000e+00 0.000000000000000000e+00 0.000000000000000000e+00 0.000000000000000000e+00 0.000000000000000000e+00 0.000000000000000000e+00 0.000000000000000000e+00 0.000000000000000000e+00 0.000000000000000000e+00 0.000000000000000000e+00 0.000000000000000000e+00 0.000000000000000000e+00 0.000000000000000000e+00 0.000000000000000000e+00 0.000000000000000000e+00
3.354054734258727910e-01 4.896955019924197350e-01 3.237717380746681362e-01 4.794903960331027837e-01 2.399574530698245223e-01 4.356708254374528355e-01 2.838189578471985164e-01 4.754616264513855661e-01 2.816609801888387277e-01 4.652450617878676753e-01 3.804712798785844230e-01 4.752385448763958298e-01 3.221997966746463216e-01 4.588245324685807924e-01 3.445497570067752036e-01 4.461607447320133923e-01 3.869843951859199271e-01 4.800331671911958198e-01 4.017433012217814237e-01 4.969984217400610915e-01 0.000000000000000000e+00 0.000000000000000000e+00 3.915940878653580981e-01 4.548507391294124846e-01 2.965610860360360368e-01 4.239708949677991612e-01 2.651923807692307400e-01 4.053240379746835265e-01 3.639821866939337847e-01 4.747172047161573039e-01 3.774460860616242752e-01 4.451906817538138772e-01 4.175769483073793475e-01 4.836482937812243144e-01 0.000000000000000000e+00 4.674268661971831551e-01 4.166302099637843037e-01 4.809180491913745970e-01 3.944120205479451635e-01 0.000000000000000000e+00 4.051385693430656909e-01 4.770087115384615828e-01 4.608393900000000154e-01 0.000000000000000000e+00 3.759507813530565956e-01 4.806159370078740278e-01 0.000000000000000000e+00 0.000000000000000000e+00 3.778394787187583370e-01 4.453981190476191121e-01 3.701605434764292935e-01 0.000000000000000000e+00 4.076846637168141108e-01 0.000000000000000000e+00 4.060537850318076125e-01 0.000000000000000000e+00 4.050797296128120228e-01 4.842096043956043983e-01 3.816639214390509238e-01 4.803431415395016391e-01 3.806133342218920856e-01 0.000000000000000000e+00 3.782114273660231452e-01 0.000000000000000000e+00 3.734449447100286479e-01 0.000000000000000000e+00 3.970627599976295774e-01 4.943792645816342812e-01 3.930083692953199592e-01 0.000000000000000000e+00 3.394258858561077785e-01 4.744389536796940199e-01 3.637437396086482533e-01 4.588270661675192263e-01 3.492048581876456836e-01 4.063332926829268388e-01 3.739714276570167417e-01 4.595052874245562635e-01 4.052455222222222098e-01 0.000000000000000000e+00 3.992259830244496155e-01 0.000000000000000000e+00 4.073622033576302925e-01 0.000000000000000000e+00 3.941819573764006046e-01 4.580679640845070066e-01 0.000000000000000000e+00 0.000000000000000000e+00 3.970596821484438932e-01 4.361196232876712875e-01 3.917342262773721995e-01 0.000000000000000000e+00 0.000000000000000000e+00 0.000000000000000000e+00 4.001761797752809713e-01 0.000000000000000000e+00 0.000000000000000000e+00 0.000000000000000000e+00 0.000000000000000000e+00 0.000000000000000000e+00 0.000000000000000000e+00 0.000000000000000000e+00 4.414308060652888388e-01 0.000000000000000000e+00 0.000000000000000000e+00 0.000000000000000000e+00 0.000000000000000000e+00 0.000000000000000000e+00 0.000000000000000000e+00 0.000000000000000000e+00 0.000000000000000000e+00 0.000000000000000000e+00 0.000000000000000000e+00 0.000000000000000000e+00 0.000000000000000000e+00 0.000000000000000000e+00
4.840317707566680894e-01 3.498564060981353974e-01 4.726693255773383173e-01 2.933977433673273794e-01 4.668483333333333096e-01 2.475573874708540956e-01 4.754616264513855661e-01 2.681953838855735683e-01 4.857227616279070070e-01 2.712927932233767936e-01 4.708736165314001409e-01 3.593888311600765828e-01 4.529305716516579539e-01 2.959627661894310702e-01 4.777166686746988078e-01 3.315570456025766499e-01 4.810874261189530543e-01 3.622245053034456874e-01 4.979198006698803969e-01 3.966595988418585850e-01 0.000000000000000000e+00 0.000000000000000000e+00 4.711172798578798782e-01 3.594370465288250216e-01 0.000000000000000000e+00 3.423215946997533732e-01 0.000000000000000000e+00 3.694099830508474902e-01 4.647971796936752331e-01 3.600176495300190238e-01 4.251486199123418741e-01 3.773150646343579329e-01 5.059538576620525863e-01 4.005196853535702428e-01 0.000000000000000000e+00 4.501685622462861525e-01 5.143768264841178661e-01 4.164321028310481454e-01 0.000000000000000000e+00 0.000000000000000000e+00 0.000000000000000000e+00 4.186826931597694146e-01 0.000000000000000000e+00 3.835727795901895387e-01 4.329029756097561021e-01 3.934937156847918560e-01 0.000000000000000000e+00 4.129205652173912888e-01 0.000000000000000000e+00 3.968602608458437486e-01 0.000000000000000000e+00 3.916694076982850659e-01 0.000000000000000000e+00 3.785970806558992541e-01 0.000000000000000000e+00 3.863864187378407422e-01 4.667279249967204446e-01 3.987386863680013604e-01 4.759557308485075633e-01 4.164063241973795515e-01 5.130708728813559993e-01 3.929169546105697464e-01 4.785211367521368664e-01 3.860897870565641044e-01 0.000000000000000000e+00 3.912902279754965629e-01 5.020517771946284569e-01 4.234119261576331783e-01 4.679315694444444729e-01 4.401095162508989467e-01 4.892421888811575581e-01 3.399092436440898091e-01 4.548652483429754811e-01 3.730319558054508988e-01 0.000000000000000000e+00 3.129490444444444353e-01 4.632620840772179172e-01 3.696293931479515127e-01 0.000000000000000000e+00 0.000000000000000000e+00 0.000000000000000000e+00 4.149539632602170514e-01 0.000000000000000000e+00 0.000000000000000000e+00 4.824425677419355019e-01 4.102937937224498399e-01 0.000000000000000000e+00 4.017151033874580834e-01 0.000000000000000000e+00 4.079671510541884039e-01 4.853325258620689309e-01 0.000000000000000000e+00 4.761673600829807729e-01 4.080163933346994676e-01 4.725865195639006866e-01 4.169281099999999629e-01 0.000000000000000000e+00 0.000000000000000000e+00 4.676086259541984425e-01 3.543502672413792465e-01 4.209865710049500165e-01 0.000000000000000000e+00 0.000000000000000000e+00 4.131013846153845370e-01 0.000000000000000000e+00 4.252240122463574190e-01 0.000000000000000000e+00 0.000000000000000000e+00 0.000000000000000000e+00 0.000000000000000000e+00 0.000000000000000000e+00 0.000000000000000000e+00 0.000000000000000000e+00 4.063259183673469388e-01 4.058495194271374285e-01 0.000000000000000000e+00
4.100954227642276129e-01 0.000000000000000000e+00 2.858225182302605583e-01 4.682860550000924049e-01 2.440486509037851914e-01 4.275850026437068019e-01 2.816609801888387277e-01 4.857227616279070070e-01 2.727883510293270808e-01 4.707902005738704987e-01 3.754725505952380415e-01 0.000000000000000000e+00 2.468248659085918728e-01 4.732616555555554383e-01 2.815076539953813572e-01 4.690083047567206731e-01 3.828194841482047694e-01 0.000000000000000000e+00 3.646029999999999549e-01 0.000000000000000000e+00 3.849382802293770944e-01 0.000000000000000000e+00 3.071979471934185302e-01 4.405219783328679362e-01 3.092369833315081751e-01 4.446114265876462412e-01 3.019765436187131780e-01 0.000000000000000000e+00 3.361161611933702331e-01 0.000000000000000000e+00 3.660875318846185111e-01 3.563964485842541219e-01 0.000000000000000000e+00 0.000000000000000000e+00 0.000000000000000000e+00 0.000000000000000000e+00 4.040328833333333147e-01 0.000000000000000000e+00 3.852145754716980730e-01 0.000000000000000000e+00 0.000000000000000000e+00 0.000000000000000000e+00 3.903033839506173108e-01 0.000000000000000000e+00 0.000000000000000000e+00 0.000000000000000000e+00 4.357167606837605844e-01 0.000000000000000000e+00 0.000000000000000000e+00 0.000000000000000000e+00 4.705182123893805191e-01 0.000000000000000000e+00 4.419590708661417233e-01 0.000000000000000000e+00 3.692708500000000393e-01 0.000000000000000000e+00 0.000000000000000000e+00 0.000000000000000000e+00 0.000000000000000000e+00 0.000000000000000000e+00 3.777151084323513985e-01 0.000000000000000000e+00 3.692765975177305093e-01 0.000000000000000000e+00 3.709681368917938094e-01 0.000000000000000000e+00 0.000000000000000000e+00 0.000000000000000000e+00 0.000000000000000000e+00 0.000000000000000000e+00 3.169458339619007914e-01 4.833461320754717239e-01 3.413395044026141245e-01 4.685428124999999611e-01 3.172033050179211000e-01 0.000000000000000000e+00 3.661837775690672259e-01 0.000000000000000000e+00 0.000000000000000000e+00 0.000000000000000000e+00 3.589808887252039504e-01 0.000000000000000000e+00 3.927503870967741229e-01 0.000000000000000000e+00 3.828265183777608271e-01 0.000000000000000000e+00 4.050512220268417396e-01 0.000000000000000000e+00 3.823720637092395958e-01 0.000000000000000000e+00 3.958639166666666487e-01 3.964001999999999803e-01 0.000000000000000000e+00 0.000000000000000000e+00 3.816849120879122204e-01 0.000000000000000000e+00 3.954844262295081347e-01 0.000000000000000000e+00 0.000000000000000000e+00 0.000000000000000000e+00 3.942155833333333415e-01 0.000000000000000000e+00 0.000000000000000000e+00 0.000000000000000000e+00 0.000000000000000000e+00 0.000000000000000000e+00 0.000000000000000000e+00 0.000000000000000000e+00 0.000000000000000000e+00 0.000000000000000000e+00 0.000000000000000000e+00 0.000000000000000000e+00 0.000000000000000000e+00 0.000000000000000000e+00 0.000000000000000000e+00 0.000000000000000000e+00
0.000000000000000000e+00 3.522362617122664630e-01 4.622124684597565536e-01 3.278915743423390095e-01 4.592249504035710306e-01 2.346856225252439143e-01 4.652450617878676753e-01 2.712927932233767936e-01 4.707902005738704987e-01 2.701314374868742374e-01 0.000000000000000000e+00 3.440815325900102306e-01 4.444307773156123131e-01 3.115882600693339888e-01 4.514181113151031766e-01 2.776944209568277255e-01 0.000000000000000000e+00 4.082537087025878142e-01 0.000000000000000000e+00 3.971678189844722318e-01 0.000000000000000000e+00 0.000000000000000000e+00 4.565090281941868167e-01 3.377047028957465002e-01 4.434699368037953726e-01 2.825352025059072458e-01 4.544037316239316060e-01 2.669829455174518862e-01 4.211648653092006089e-01 3.407983995157971013e-01 4.352068248719827559e-01 3.444285506562791421e-01 0.000000000000000000e+00 4.369932550047842534e-01 0.000000000000000000e+00 0.000000000000000000e+00 0.000000000000000000e+00 0.000000000000000000e+00 0.000000000000000000e+00 0.000000000000000000e+00 0.000000000000000000e+00 0.000000000000000000e+00 0.000000000000000000e+00 0.000000000000000000e+00 0.000000000000000000e+00 0.000000000000000000e+00 0.000000000000000000e+00 0.000000000000000000e+00 0.000000000000000000e+00 3.828801619718310012e-01 0.000000000000000000e+00 3.453876374841258756e-01 0.000000000000000000e+00 0.000000000000000000e+00 0.000000000000000000e+00 0.000000000000000000e+00 0.000000000000000000e+00 4.672312950819672017e-01 0.000000000000000000e+00 0.000000000000000000e+00 5.107429583333332745e-01 4.324769081632652279e-01 0.000000000000000000e+00 3.421796666666667153e-01 0.000000000000000000e+00 3.534066992402128959e-01 0.000000000000000000e+00 0.000000000000000000e+00 0.000000000000000000e+00 0.000000000000000000e+00 4.908414161162207856e-01 3.199925961834458321e-01 4.584299268765393287e-01 3.490536593110249997e-01 0.000000000000000000e+00 0.000000000000000000e+00 0.000000000000000000e+00 3.744353706765731760e-01 0.000000000000000000e+00 0.000000000000000000e+00 0.000000000000000000e+00 3.927479735156654828e-01 0.000000000000000000e+00 4.192707402597402599e-01 0.000000000000000000e+00 4.111195040286765856e-01 0.000000000000000000e+00 0.000000000000000000e+00 0.000000000000000000e+00 4.660825462184873813e-01 0.000000000000000000e+00 0.000000000000000000e+00 0.000000000000000000e+00 0.000000000000000000e+00 0.000000000000000000e+00 4.120660322580645407e-01 0.000000000000000000e+00 0.000000000000000000e+00 0.000000000000000000e+00 0.000000000000000000e+00 0.000000000000000000e+00 0.000000000000000000e+00 0.000000000000000000e+00 3.904321892187500032e-01 0.000000000000000000e+00 0.000000000000000000e+00 0.000000000000000000e+00 0.000000000000000000e+00 0.000000000000000000e+00 0.000000000000000000e+00 0.000000000000000000e+00 0.000000000000000000e+00 0.000000000000000000e+00 0.000000000000000000e+00 0.000000000000000000e+00 0.000000000000000000e+00
3.075792421954077205e-01 4.792162693561590747e-01 3.948699782885309317e-01 4.844306175278391691e-01 3.372078115942028220e-01 0.000000000000000000e+00 3.804712798785844230e-01 4.708736165314001409e-01 3.754725505952380415e-01 0.000000000000000000e+00 2.946951806708718036e-01 4.712099033304928408e-01 3.384606963419732328e-01 4.714992286084069839e-01 3.928193126417039993e-01 4.835818813202247823e-01 3.562828209105638466e-01 4.466433548387095942e-01 4.133143208731723806e-01 4.842718804333042693e-01 0.000000000000000000e+00 0.000000000000000000e+00 4.134733006839675373e-01 4.618964133955538731e-01 0.000000000000000000e+00 0.000000000000000000e+00 0.000000000000000000e+00 0.000000000000000000e+00 4.046940716119558634e-01 4.679462523152524978e-01 3.990532953345741762e-01 4.702962184706730442e-01 3.888679824592075063e-01 4.799453601805607761e-01 0.000000000000000000e+00 0.000000000000000000e+00 4.550632173957605553e-01 4.754593267326732708e-01 0.000000000000000000e+00 4.695186454545453580e-01 0.000000000000000000e+00 0.000000000000000000e+00 0.000000000000000000e+00 0.000000000000000000e+00 4.155900785662934860e-01 0.000000000000000000e+00 4.549697083333333891e-01 0.000000000000000000e+00 3.890967850467289546e-01 0.000000000000000000e+00 3.961260303613707845e-01 0.000000000000000000e+00 0.000000000000000000e+00 0.000000000000000000e+00 0.000000000000000000e+00 0.000000000000000000e+00 4.044782734813079372e-01 0.000000000000000000e+00 4.275708116957536720e-01 5.073076206896551810e-01 4.261519813759647168e-01 0.000000000000000000e+00 4.133892944078598197e-01 0.000000000000000000e+00 4.137905257650631441e-01 0.000000000000000000e+00 4.224559719363004673e-01 4.992568050847459027e-01 3.894547548076923160e-01 0.000000000000000000e+00 3.532914692710605875e-01 4.762375934377653941e-01 3.854187019936761716e-01 4.661999686361659179e-01 4.132184545454545832e-01 0.000000000000000000e+00 4.098101726848123461e-01 4.544385545805621485e-01 4.261598932167461884e-01 0.000000000000000000e+00 4.057369990834192586e-01 0.000000000000000000e+00 3.468646017156862826e-01 0.000000000000000000e+00 4.082997626869136476e-01 0.000000000000000000e+00 0.000000000000000000e+00 0.000000000000000000e+00 4.164819561862079800e-01 0.000000000000000000e+00 0.000000000000000000e+00 0.000000000000000000e+00 0.000000000000000000e+00 0.000000000000000000e+00 0.000000000000000000e+00 0.000000000000000000e+00 0.000000000000000000e+00 0.000000000000000000e+00 0.000000000000000000e+00 0.000000000000000000e+00 0.000000000000000000e+00 0.000000000000000000e+00 0.000000000000000000e+00 0.000000000000000000e+00 0.000000000000000000e+00 0.000000000000000000e+00 0.000000000000000000e+00 0.000000000000000000e+00 0.000000000000000000e+00 0.000000000000000000e+00 0.000000000000000000e+00 0.000000000000000000e+00 0.000000000000000000e+00 0.000000000000000000e+00 0.000000000000000000e+00 0.000000000000000000e+00
4.798606520819994059e-01 3.551879965974167885e-01 4.795565878743659471e-01 3.972090984143676340e-01 0.000000000000000000e+00 0.000000000000000000e+00 4.752385448763958298e-01 3.593888311600765828e-01 0.000000000000000000e+00 3.440815325900102306e-01 4.712099033304928408e-01 3.001246858449688193e-01 4.492587753891331692e-01 3.004677492282644136e-01 0.000000000000000000e+00 3.470147676434052753e-01 4.710265017404357546e-01 3.986278280823575826e-01 4.916756097181370633e-01 4.109503650812283970e-01 0.000000000000000000e+00 0.000000000000000000e+00 4.785247961636994174e-01 3.996798167193981177e-01 0.000000000000000000e+00 0.000000000000000000e+00 0.000000000000000000e+00 0.000000000000000000e+00 4.687895796218845557e-01 3.795684976943066169e-01 4.199808776225821827e-01 4.036096292528545959e-01 4.830821949999619114e-01 3.984257426666983903e-01 0.000000000000000000e+00 0.000000000000000000e+00 5.092137452830188815e-01 4.467653110366867630e-01 0.000000000000000000e+00 4.467920623330671748e-01 0.000000000000000000e+00 4.353866614930794188e-01 0.000000000000000000e+00 0.000000000000000000e+00 0.000000000000000000e+00 3.865937801533972373e-01 0.000000000000000000e+00 0.000000000000000000e+00 0.000000000000000000e+00 3.890926758881771974e-01 0.000000000000000000e+00 3.951743635628769957e-01 0.000000000000000000e+00 3.949321462804148974e-01 0.000000000000000000e+00 3.846990088942113806e-01 0.000000000000000000e+00 3.979090354760820847e-01 0.000000000000000000e+00 4.234008279261994301e-01 0.000000000000000000e+00 4.148284385458199108e-01 0.000000000000000000e+00 3.987244639101095722e-01 0.000000000000000000e+00 4.120661052285257142e-01 4.855766448757763976e-01 4.214245593228307940e-01 0.000000000000000000e+00 4.594549157894736169e-01 4.773537574670904671e-01 3.549081169586492113e-01 4.302482571451571869e-01 3.993842435926727719e-01 0.000000000000000000e+00 0.000000000000000000e+00 4.576634134030593271e-01 3.891088548481285714e-01 0.000000000000000000e+00 0.000000000000000000e+00 0.000000000000000000e+00 4.097006028278946110e-01 4.896771313131313974e-01 0.000000000000000000e+00 0.000000000000000000e+00 4.220497964151489478e-01 0.000000000000000000e+00 4.004434827586207390e-01 0.000000000000000000e+00 4.273430138279739610e-01 0.000000000000000000e+00 0.000000000000000000e+00 0.000000000000000000e+00 0.000000000000000000e+00 4.936907500000000115e-01 0.000000000000000000e+00 0.000000000000000000e+00 0.000000000000000000e+00 0.000000000000000000e+00 0.000000000000000000e+00 0.000000000000000000e+00 0.000000000000000000e+00 0.000000000000000000e+00 0.000000000000000000e+00 0.000000000000000000e+00 0.000000000000000000e+00 0.000000000000000000e+00 0.000000000000000000e+00 0.000000000000000000e+00 0.000000000000000000e+00 0.000000000000000000e+00 0.000000000000000000e+00 0.000000000000000000e+00 0.000000000000000000e+00 0.000000000000000000e+00 0.000000000000000000e+00
3.554497741393274901e-01 4.669083411764705649e-01 3.602120025491902799e-01 4.650695848039948510e-01 3.418020887330348589e-01 4.675592246618949233e-01 3.221997966746463216e-01 4.529305716516579539e-01 2.468248659085918728e-01 4.444307773156123131e-01 3.384606963419732328e-01 4.492587753891331692e-01 2.811034583855981372e-01 4.437619521076399121e-01 2.651193272910895016e-01 4.436322038502726328e-01 3.857036860115280463e-01 0.000000000000000000e+00 4.002114174870291530e-01 4.702172783698135294e-01 4.514018571428571325e-01 0.000000000000000000e+00 3.846068681816075530e-01 4.474158792526292672e-01 3.597392729483283036e-01 0.000000000000000000e+00 0.000000000000000000e+00 0.000000000000000000e+00 3.468186680363675167e-01 4.501355182384543796e-01 3.670730474027532053e-01 4.390426563469008725e-01 4.036522668738116160e-01 4.440087793816953066e-01 4.584415113636364225e-01 0.000000000000000000e+00 4.554008900715563746e-01 4.618707745098039608e-01 0.000000000000000000e+00 0.000000000000000000e+00 0.000000000000000000e+00 4.838203939393939113e-01 0.000000000000000000e+00 0.000000000000000000e+00 0.000000000000000000e+00 5.153567485029940665e-01 0.000000000000000000e+00 0.000000000000000000e+00 3.967871816031863785e-01 0.000000000000000000e+00 4.025274248517838327e-01 4.016280580645161247e-01 3.839768478260869311e-01 0.000000000000000000e+00 0.000000000000000000e+00 0.000000000000000000e+00 4.029433775498347803e-01 0.000000000000000000e+00 4.022555970201149855e-01 0.000000000000000000e+00 4.158935994966238003e-01 0.000000000000000000e+00 3.946560777741140447e-01 0.000000000000000000e+00 4.030930354373051250e-01 0.000000000000000000e+00 4.254023943130397778e-01 4.772794968944099603e-01 3.986878214285714539e-01 0.000000000000000000e+00 3.238708685149622735e-01 4.393326747721606473e-01 3.724966382586289981e-01 4.608589122266544269e-01 0.000000000000000000e+00 0.000000000000000000e+00 3.892528317529340143e-01 4.414855062318896461e-01 3.950622013329879723e-01 0.000000000000000000e+00 3.871258815447677359e-01 4.443486171157059461e-01 4.007157894736841364e-01 0.000000000000000000e+00 3.974002972439006354e-01 4.334972716049382280e-01 3.893764492753623019e-01 0.000000000000000000e+00 3.993658070095861268e-01 0.000000000000000000e+00 4.175571004459308622e-01 0.000000000000000000e+00 0.000000000000000000e+00 0.000000000000000000e+00 4.217926043150397319e-01 4.073440000000000394e-01 0.000000000000000000e+00 0.000000000000000000e+00 0.000000000000000000e+00 0.000000000000000000e+00 0.000000000000000000e+00 0.000000000000000000e+00 4.140847020703933845e-01 0.000000000000000000e+00 4.178580084033614028e-01 0.000000000000000000e+00 0.000000000000000000e+00 0.000000000000000000e+00 0.000000000000000000e+00 0.000000000000000000e+00 0.000000000000000000e+00 0.000000000000000000e+00 0.000000000000000000e+00 0.000000000000000000e+00 0.000000000000000000e+00 0.000000000000000000e+00
