2.892798837706102577e-01 4.885325053814743024e-01 3.899727777316737698e-01 5.130945593821998330e-01 0.000000000000000000e+00 4.577919047619047888e-01 3.756249282067098405e-01 4.948649524695949986e-01 3.565399518492681774e-01 0.000000000000000000e+00 3.339753087722663882e-01 4.782936261367705111e-01 3.375600866196348249e-01 0.000000000000000000e+00 3.967795675318433468e-01 0.000000000000000000e+00 3.019621092095976511e-01 4.896827874593407959e-01 3.968525330375347049e-01 5.083069340473070907e-01 0.000000000000000000e+00 0.000000000000000000e+00 4.058189942840985109e-01 5.050767218934911762e-01 0.000000000000000000e+00 0.000000000000000000e+00 0.000000000000000000e+00 0.000000000000000000e+00 4.094352702283839962e-01 0.000000000000000000e+00 0.000000000000000000e+00 0.000000000000000000e+00 4.352883468775227693e-01 5.075208319737303242e-01 0.000000000000000000e+00 0.000000000000000000e+00 4.684723759852870706e-01 0.000000000000000000e+00 0.000000000000000000e+00 0.000000000000000000e+00 0.000000000000000000e+00 0.000000000000000000e+00 0.000000000000000000e+00 0.000000000000000000e+00 4.315684528475352555e-01 0.000000000000000000e+00 0.000000000000000000e+00 0.000000000000000000e+00 4.255721363397691470e-01 0.000000000000000000e+00 4.222202448227535543e-01 4.915969920458004849e-01 0.000000000000000000e+00 0.000000000000000000e+00 4.251335576923077619e-01 0.000000000000000000e+00 3.515571665635123799e-01 4.934933660604647887e-01 4.134503002029416563e-01 0.000000000000000000e+00 4.065855222572529737e-01 0.000000000000000000e+00 3.597004983053732619e-01 5.174805904761904385e-01 4.268100928818743811e-01 0.000000000000000000e+00 4.327747335607167734e-01 4.923960802511029300e-01 3.115349868836353453e-01 4.799994188814638019e-01 3.538421869861663738e-01 5.156943114150872587e-01 3.950364249465402877e-01 4.881644644776976238e-01 4.349790584207459121e-01 0.000000000000000000e+00 3.942919317779945976e-01 4.531173325271154462e-01 0.000000000000000000e+00 0.000000000000000000e+00 3.678809162585416348e-01 0.000000000000000000e+00 0.000000000000000000e+00 0.000000000000000000e+00 4.387027140572364869e-01 0.000000000000000000e+00 0.000000000000000000e+00 0.000000000000000000e+00 4.265225406608434411e-01 0.000000000000000000e+00 4.565275477707707030e-01 4.732490649998611354e-01 4.090800186440677333e-01 0.000000000000000000e+00 4.252280012247621754e-01 0.000000000000000000e+00 4.839910937561290871e-01 0.000000000000000000e+00 4.529359742949631285e-01 0.000000000000000000e+00 0.000000000000000000e+00 0.000000000000000000e+00 4.271848760683760737e-01 4.609289562043795696e-01 4.560015091442651269e-01 0.000000000000000000e+00 0.000000000000000000e+00 0.000000000000000000e+00 0.000000000000000000e+00 0.000000000000000000e+00 0.000000000000000000e+00 0.000000000000000000e+00 0.000000000000000000e+00 0.000000000000000000e+00 0.000000000000000000e+00 3.794471979166667008e-01
4.885325053814743024e-01 2.992881780287137139e-01 4.973802699104431513e-01 4.060034590670167365e-01 0.000000000000000000e+00 3.528296143410852848e-01 4.968773283610362079e-01 3.445860509573603903e-01 0.000000000000000000e+00 3.595137363567662558e-01 4.833051881188118459e-01 3.470277843400863538e-01 4.856873727272727481e-01 3.934727869160962732e-01 0.000000000000000000e+00 4.366304954691036522e-01 4.841606539216258831e-01 3.526860355241218103e-01 5.165547500123964797e-01 3.859581801198077033e-01 0.000000000000000000e+00 4.378398586956521177e-01 5.215045487804876867e-01 4.202368697478990889e-01 0.000000000000000000e+00 0.000000000000000000e+00 0.000000000000000000e+00 0.000000000000000000e+00 4.698576677999260487e-01 4.313949929433053554e-01 4.427787786140979787e-01 0.000000000000000000e+00 5.063547577461310345e-01 4.558650706637621397e-01 0.000000000000000000e+00 0.000000000000000000e+00 4.952087040816325891e-01 5.263569393968319243e-01 0.000000000000000000e+00 0.000000000000000000e+00 0.000000000000000000e+00 0.000000000000000000e+00 0.000000000000000000e+00 0.000000000000000000e+00 0.000000000000000000e+00 4.571333096829140463e-01 0.000000000000000000e+00 4.841524024390243541e-01 0.000000000000000000e+00 4.418342654028206695e-01 0.000000000000000000e+00 4.271144491133074261e-01 0.000000000000000000e+00 3.951748172043011431e-01 0.000000000000000000e+00 4.464325019330505073e-01 4.781960548719077497e-01 3.752768445495047178e-01 5.018270502785820986e-01 4.320912653716996732e-01 5.084866577001529997e-01 4.171304690158137984e-01 0.000000000000000000e+00 3.921782467358417845e-01 0.000000000000000000e+00 4.253162340351542836e-01 5.020138046766103868e-01 4.326569662210006384e-01 5.084259654786404958e-01 3.644537152286670412e-01 5.302590772784575579e-01 3.851877847685100109e-01 4.496598160857803728e-01 4.258830861877913043e-01 0.000000000000000000e+00 4.560865918016692167e-01 4.691891432716488453e-01 4.009045131046579113e-01 0.000000000000000000e+00 3.990339999999999998e-01 5.045468686234299005e-01 4.396776088976530050e-01 0.000000000000000000e+00 0.000000000000000000e+00 0.000000000000000000e+00 4.651354058415300141e-01 0.000000000000000000e+00 4.029068224299065526e-01 0.000000000000000000e+00 4.628595063700184919e-01 0.000000000000000000e+00 4.546832082438688749e-01 0.000000000000000000e+00 4.449155651867512384e-01 4.363894322743326892e-01 0.000000000000000000e+00 5.292824354838708834e-01 5.307302222222222143e-01 0.000000000000000000e+00 4.429020948275862457e-01 0.000000000000000000e+00 0.000000000000000000e+00 0.000000000000000000e+00 4.519065504088978780e-01 0.000000000000000000e+00 4.415314182995485615e-01 0.000000000000000000e+00 0.000000000000000000e+00 0.000000000000000000e+00 0.000000000000000000e+00 0.000000000000000000e+00 0.000000000000000000e+00 0.000000000000000000e+00 0.000000000000000000e+00 3.873701847826087064e-01 4.587862272727272761e-01
3.899727777316737698e-01 4.973802699104431513e-01 2.563648112617258890e-01 4.868193796683630281e-01 1.759364986946361509e-01 4.572977718631939248e-01 3.132311979928378842e-01 4.793872761011017669e-01 2.379994888397580222e-01 4.634029667227944072e-01 4.201572731270555860e-01 4.827458243834419349e-01 3.694330070135264932e-01 4.674939389497307363e-01 3.541771993131400120e-01 4.722800867383511458e-01 3.979267219800620148e-01 4.789543011657945715e-01 3.026261297471143363e-01 5.211429605893261874e-01 3.878747121212121063e-01 0.000000000000000000e+00 2.756473141684134265e-01 4.703918639667397095e-01 2.526313261094610407e-01 4.395707776286144064e-01 2.706233542821886995e-01 4.241611814631007782e-01 3.915791265109338504e-01 0.000000000000000000e+00 4.000519074089458060e-01 4.595310611847518434e-01 4.343163490072100008e-01 5.151428317952155833e-01 4.496051406250000104e-01 0.000000000000000000e+00 4.381034710379962394e-01 0.000000000000000000e+00 0.000000000000000000e+00 0.000000000000000000e+00 3.650795552995391713e-01 0.000000000000000000e+00 4.107102833011815335e-01 0.000000000000000000e+00 4.095071617698964328e-01 0.000000000000000000e+00 3.804797999999999791e-01 0.000000000000000000e+00 4.159442997835173794e-01 0.000000000000000000e+00 4.058288726061191620e-01 0.000000000000000000e+00 3.811615419847327879e-01 0.000000000000000000e+00 3.937984441314561490e-01 0.000000000000000000e+00 4.087871901574602340e-01 4.778300869565216824e-01 4.173499375393494026e-01 0.000000000000000000e+00 4.146873279388835210e-01 0.000000000000000000e+00 3.980773826468923526e-01 0.000000000000000000e+00 4.030801577137567704e-01 4.744224776119401743e-01 4.395185521406149154e-01 4.399941324503311435e-01 4.074312820134895485e-01 0.000000000000000000e+00 3.841765857782755145e-01 5.178518804703277079e-01 3.803186073091074926e-01 4.867905171019564214e-01 3.641061619600462484e-01 0.000000000000000000e+00 4.040513497364697781e-01 4.634552272583833954e-01 3.998221657021604480e-01 0.000000000000000000e+00 3.887358518584700384e-01 0.000000000000000000e+00 0.000000000000000000e+00 0.000000000000000000e+00 4.051925702519873496e-01 4.676400285714285010e-01 0.000000000000000000e+00 0.000000000000000000e+00 4.082582516646433013e-01 0.000000000000000000e+00 4.217286387003148507e-01 0.000000000000000000e+00 0.000000000000000000e+00 0.000000000000000000e+00 4.247324840671885537e-01 0.000000000000000000e+00 4.306100518842942981e-01 0.000000000000000000e+00 0.000000000000000000e+00 0.000000000000000000e+00 0.000000000000000000e+00 0.000000000000000000e+00 4.273404108527131817e-01 4.618519785714285675e-01 4.524166729932341813e-01 0.000000000000000000e+00 0.000000000000000000e+00 0.000000000000000000e+00 0.000000000000000000e+00 0.000000000000000000e+00 4.753251192660550850e-01 0.000000000000000000e+00 0.000000000000000000e+00 0.000000000000000000e+00 0.000000000000000000e+00 0.000000000000000000e+00
5.130945593821998330e-01 4.060034590670167365e-01 4.868193796683630281e-01 2.782577324061939472e-01 4.575040120533672150e-01 2.604061092791924437e-01 4.762189387430202370e-01 3.546924680547250408e-01 4.737681378771041452e-01 2.844010373656299939e-01 4.902248848122955915e-01 3.996394961668178758e-01 4.832184682459741421e-01 3.745087428517582251e-01 4.693118669413919308e-01 3.537207152646699715e-01 4.908410897208542178e-01 4.180398485398915676e-01 5.277711166452679903e-01 3.429786704398906649e-01 3.983840684931507226e-01 4.253387526881720060e-01 4.819500456508047925e-01 2.825026891844714672e-01 3.965846070226069497e-01 2.594538794587549213e-01 0.000000000000000000e+00 3.281248211735710019e-01 5.031841225753470592e-01 3.951936869485569992e-01 4.499359721948748558e-01 3.520140314064650333e-01 5.291643519085293956e-01 4.059581489903146267e-01 4.838979074074072906e-01 4.494675514742512701e-01 5.236208865156727343e-01 4.838670636248684764e-01 0.000000000000000000e+00 0.000000000000000000e+00 0.000000000000000000e+00 0.000000000000000000e+00 0.000000000000000000e+00 4.285694407087293767e-01 0.000000000000000000e+00 4.250756925984468526e-01 0.000000000000000000e+00 4.405953333333332833e-01 0.000000000000000000e+00 4.513311701516607433e-01 5.426140478723403548e-01 4.330527192674697434e-01 0.000000000000000000e+00 4.287128604316546854e-01 0.000000000000000000e+00 4.356473337524943146e-01 5.166804870550162354e-01 4.283643598326301594e-01 0.000000000000000000e+00 4.552594217207168170e-01 0.000000000000000000e+00 4.269108708718313827e-01 4.602116090909090795e-01 4.121114658699454592e-01 0.000000000000000000e+00 4.209950155477810707e-01 5.241521359999998797e-01 4.414328910263126682e-01 5.286618455546026052e-01 4.311986761911247301e-01 5.028388153995129173e-01 4.069581231973669055e-01 4.789472630188230107e-01 3.968025690097010116e-01 0.000000000000000000e+00 3.785781559987459466e-01 4.831762958696564914e-01 4.127024435043850636e-01 0.000000000000000000e+00 4.095580588235293584e-01 4.449988285714285841e-01 4.211109016727176413e-01 0.000000000000000000e+00 0.000000000000000000e+00 4.645581909780421848e-01 4.271224388792683735e-01 0.000000000000000000e+00 0.000000000000000000e+00 0.000000000000000000e+00 4.168268296898930414e-01 0.000000000000000000e+00 4.297710445294141146e-01 0.000000000000000000e+00 4.114591689189188717e-01 4.515060883045526330e-01 0.000000000000000000e+00 5.250297647058823625e-01 0.000000000000000000e+00 0.000000000000000000e+00 0.000000000000000000e+00 0.000000000000000000e+00 0.000000000000000000e+00 0.000000000000000000e+00 4.335015622605363217e-01 0.000000000000000000e+00 4.372673003186769991e-01 0.000000000000000000e+00 0.000000000000000000e+00 4.127492577319588074e-01 0.000000000000000000e+00 0.000000000000000000e+00 0.000000000000000000e+00 0.000000000000000000e+00 0.000000000000000000e+00 3.840777019230768863e-01 4.066850515463916738e-01
0.000000000000000000e+00 0.000000000000000000e+00 1.759364986946361509e-01 4.575040120533672150e-01 2.158763402426946421e-01 4.311574043329604589e-01 2.432619616906698812e-01 4.637304296933271175e-01 2.343915001801045728e-01 4.578512974397589974e-01 4.075827346938775131e-01 0.000000000000000000e+00 3.639455529517325316e-01 0.000000000000000000e+00 2.910562642937823963e-01 4.797686315789473355e-01 0.000000000000000000e+00 0.000000000000000000e+00 4.105503380267778724e-01 4.561854112554112328e-01 3.360526454352529280e-01 0.000000000000000000e+00 2.752847580368193436e-01 4.457702674130953335e-01 3.003376753111093311e-01 4.296947316895662339e-01 2.887674674971603683e-01 4.480722439024391046e-01 3.746457769000210436e-01 0.000000000000000000e+00 3.403148255770944153e-01 4.211331869722332311e-01 4.019513065571004296e-01 4.739365288818230271e-01 0.000000000000000000e+00 0.000000000000000000e+00 0.000000000000000000e+00 0.000000000000000000e+00 0.000000000000000000e+00 0.000000000000000000e+00 0.000000000000000000e+00 0.000000000000000000e+00 4.514409737226277586e-01 0.000000000000000000e+00 0.000000000000000000e+00 0.000000000000000000e+00 0.000000000000000000e+00 0.000000000000000000e+00 0.000000000000000000e+00 0.000000000000000000e+00 0.000000000000000000e+00 0.000000000000000000e+00 0.000000000000000000e+00 0.000000000000000000e+00 0.000000000000000000e+00 0.000000000000000000e+00 4.568085984848484493e-01 0.000000000000000000e+00 0.000000000000000000e+00 0.000000000000000000e+00 0.000000000000000000e+00 0.000000000000000000e+00 0.000000000000000000e+00 0.000000000000000000e+00 0.000000000000000000e+00 0.000000000000000000e+00 4.297092499999999871e-01 0.000000000000000000e+00 0.000000000000000000e+00 0.000000000000000000e+00 3.677155397943581150e-01 4.937648649036626702e-01 3.696095995870922191e-01 0.000000000000000000e+00 3.407958119636885219e-01 0.000000000000000000e+00 3.739110027818173809e-01 4.787850384615384702e-01 0.000000000000000000e+00 0.000000000000000000e+00 0.000000000000000000e+00 0.000000000000000000e+00 0.000000000000000000e+00 0.000000000000000000e+00 3.923462291666666713e-01 0.000000000000000000e+00 0.000000000000000000e+00 0.000000000000000000e+00 3.743595999999999591e-01 0.000000000000000000e+00 0.000000000000000000e+00 4.525765328467152848e-01 0.000000000000000000e+00 0.000000000000000000e+00 0.000000000000000000e+00 0.000000000000000000e+00 0.000000000000000000e+00 0.000000000000000000e+00 0.000000000000000000e+00 0.000000000000000000e+00 0.000000000000000000e+00 0.000000000000000000e+00 3.403877722222222180e-01 0.000000000000000000e+00 0.000000000000000000e+00 0.000000000000000000e+00 0.000000000000000000e+00 0.000000000000000000e+00 0.000000000000000000e+00 0.000000000000000000e+00 0.000000000000000000e+00 0.000000000000000000e+00 0.000000000000000000e+00 0.000000000000000000e+00 0.000000000000000000e+00 0.000000000000000000e+00
4.577919047619047888e-01 3.528296143410852848e-01 4.572977718631939248e-01 2.604061092791924437e-01 4.311574043329604589e-01 1.930878116332407357e-01 4.526654501329786529e-01 3.330404035065896995e-01 4.424701463068182461e-01 2.659101427439544696e-01 0.000000000000000000e+00 3.438848571428571588e-01 0.000000000000000000e+00 3.578475224024189605e-01 4.054932142857143873e-01 2.314296198620410805e-01 0.000000000000000000e+00 0.000000000000000000e+00 4.525080081967212675e-01 3.855357983181330050e-01 3.495790000000000286e-01 3.866269650178252859e-01 4.523856197167213100e-01 2.731597717286154414e-01 4.278912764451792694e-01 2.020970416855057128e-01 3.799395329994513792e-01 2.255265221814759524e-01 0.000000000000000000e+00 3.070107484340074966e-01 3.727670020844768284e-01 3.251142178081987688e-01 0.000000000000000000e+00 3.732755039606961422e-01 0.000000000000000000e+00 4.459192721855519403e-01 0.000000000000000000e+00 0.000000000000000000e+00 0.000000000000000000e+00 0.000000000000000000e+00 0.000000000000000000e+00 0.000000000000000000e+00 0.000000000000000000e+00 0.000000000000000000e+00 0.000000000000000000e+00 0.000000000000000000e+00 0.000000000000000000e+00 0.000000000000000000e+00 0.000000000000000000e+00 3.683567483443708768e-01 0.000000000000000000e+00 3.662695217391304658e-01 0.000000000000000000e+00 0.000000000000000000e+00 0.000000000000000000e+00 0.000000000000000000e+00 0.000000000000000000e+00 3.799125439999999632e-01 0.000000000000000000e+00 0.000000000000000000e+00 0.000000000000000000e+00 0.000000000000000000e+00 0.000000000000000000e+00 4.124557102803738662e-01 0.000000000000000000e+00 3.532646934306569175e-01 0.000000000000000000e+00 0.000000000000000000e+00 0.000000000000000000e+00 0.000000000000000000e+00 4.671996324337187589e-01 3.509436537231259146e-01 0.000000000000000000e+00 3.211597623289280112e-01 0.000000000000000000e+00 3.127847673703338938e-01 3.895832586206897097e-01 3.539422129090033509e-01 0.000000000000000000e+00 0.000000000000000000e+00 0.000000000000000000e+00 0.000000000000000000e+00 0.000000000000000000e+00 0.000000000000000000e+00 0.000000000000000000e+00 4.092949515452674047e-01 0.000000000000000000e+00 0.000000000000000000e+00 0.000000000000000000e+00 0.000000000000000000e+00 0.000000000000000000e+00 0.000000000000000000e+00 0.000000000000000000e+00 0.000000000000000000e+00 0.000000000000000000e+00 0.000000000000000000e+00 0.000000000000000000e+00 0.000000000000000000e+00 0.000000000000000000e+00 0.000000000000000000e+00 0.000000000000000000e+00 0.000000000000000000e+00 0.000000000000000000e+00 0.000000000000000000e+00 0.000000000000000000e+00 0.000000000000000000e+00 0.000000000000000000e+00 0.000000000000000000e+00 0.000000000000000000e+00 0.000000000000000000e+00 0.000000000000000000e+00 0.000000000000000000e+00 0.000000000000000000e+00 0.000000000000000000e+00 0.000000000000000000e+00 0.000000000000000000e+00
3.756249282067098405e-01 4.968773283610362079e-01 3.132311979928378842e-01 4.762189387430202370e-01 2.432619616906698812e-01 4.526654501329786529e-01 2.805164573473543643e-01 4.729066156687127265e-01 3.281234645505265446e-01 4.519825239896139712e-01 3.847826046285421353e-01 4.749758250041065111e-01 3.169871856977695690e-01 4.690763583869441145e-01 3.468140536530940898e-01 3.944713944954128526e-01 3.948118986652500717e-01 4.796534186131364841e-01 4.136411866749790112e-01 5.082179941490121422e-01 0.000000000000000000e+00 0.000000000000000000e+00 3.780563463666773982e-01 4.648472954871501472e-01 3.184278518983050810e-01 4.273337073170732081e-01 0.000000000000000000e+00 3.973933104413701622e-01 3.941914350835510339e-01 5.030871951083003557e-01 4.005266730537703213e-01 4.604185893773966587e-01 4.013550977033863987e-01 5.145932823830633440e-01 0.000000000000000000e+00 0.000000000000000000e+00 4.336981148717163337e-01 0.000000000000000000e+00 0.000000000000000000e+00 0.000000000000000000e+00 4.103147845518207437e-01 0.000000000000000000e+00 0.000000000000000000e+00 0.000000000000000000e+00 4.094993095321375898e-01 0.000000000000000000e+00 0.000000000000000000e+00 0.000000000000000000e+00 4.089808402045181923e-01 5.077054032258064842e-01 4.074401700579959873e-01 0.000000000000000000e+00 0.000000000000000000e+00 0.000000000000000000e+00 4.010534686609686927e-01 0.000000000000000000e+00 4.049387747390485459e-01 0.000000000000000000e+00 4.101975671157968018e-01 4.668867272727273421e-01 4.145069377179269599e-01 0.000000000000000000e+00 4.000209566414673068e-01 0.000000000000000000e+00 4.080712475152241669e-01 0.000000000000000000e+00 4.220637263659582916e-01 4.449954002883662607e-01 3.984672834866770930e-01 0.000000000000000000e+00 3.581989470505727580e-01 5.094266900275096210e-01 3.766561783121168405e-01 4.687959556810242789e-01 3.716235015056437163e-01 0.000000000000000000e+00 4.019200874682135050e-01 4.761601712351343774e-01 0.000000000000000000e+00 0.000000000000000000e+00 3.791049913564422114e-01 0.000000000000000000e+00 4.102149518458448885e-01 0.000000000000000000e+00 4.150034470228748940e-01 0.000000000000000000e+00 0.000000000000000000e+00 0.000000000000000000e+00 4.185837587147768768e-01 0.000000000000000000e+00 4.004835568211573826e-01 4.291469408284023790e-01 0.000000000000000000e+00 0.000000000000000000e+00 3.913933087762400120e-01 0.000000000000000000e+00 4.300401580213903951e-01 0.000000000000000000e+00 0.000000000000000000e+00 0.000000000000000000e+00 0.000000000000000000e+00 0.000000000000000000e+00 0.000000000000000000e+00 4.103556845637583161e-01 4.308004615384615210e-01 0.000000000000000000e+00 0.000000000000000000e+00 0.000000000000000000e+00 0.000000000000000000e+00 0.000000000000000000e+00 0.000000000000000000e+00 0.000000000000000000e+00 0.000000000000000000e+00 0.000000000000000000e+00 0.000000000000000000e+00 0.000000000000000000e+00
4.948649524695949986e-01 3.445860509573603903e-01 4.793872761011017669e-01 3.546924680547250408e-01 4.637304296933271175e-01 3.330404035065896995e-01 4.729066156687127265e-01 2.846831793617188855e-01 4.595497633537050097e-01 2.659712304874174982e-01 4.907838406650714136e-01 3.803725860965337935e-01 4.774404271580505732e-01 3.195862474505030693e-01 4.492528313253011940e-01 2.652979162462341112e-01 4.673018557502728321e-01 4.002416681345490335e-01 5.100167802249297999e-01 4.007556443966004966e-01 0.000000000000000000e+00 0.000000000000000000e+00 4.762963843851030776e-01 3.836882834493410277e-01 4.893904117647058793e-01 3.476401617647058573e-01 0.000000000000000000e+00 0.000000000000000000e+00 4.750002651665817255e-01 3.835962956639101251e-01 4.480863790783471967e-01 3.633072332329582710e-01 5.120158859172170285e-01 3.832695741043937732e-01 4.416837342657343179e-01 4.097741417839808609e-01 5.004945742574258283e-01 4.404065221384517170e-01 0.000000000000000000e+00 0.000000000000000000e+00 0.000000000000000000e+00 0.000000000000000000e+00 0.000000000000000000e+00 3.699366883116882443e-01 0.000000000000000000e+00 4.055357349447186177e-01 0.000000000000000000e+00 4.072071138948116786e-01 0.000000000000000000e+00 4.062800691148603649e-01 0.000000000000000000e+00 4.029360104391068731e-01 0.000000000000000000e+00 3.769692240719664800e-01 0.000000000000000000e+00 4.171462524239071823e-01 4.898723684210526397e-01 4.110429176862031020e-01 4.942097573529411481e-01 4.200422883751437353e-01 4.858477255877303169e-01 4.190901866047093693e-01 5.006785182481752194e-01 4.143581261946450156e-01 0.000000000000000000e+00 4.039737275599304400e-01 4.999484751976634445e-01 4.105191688305024900e-01 0.000000000000000000e+00 4.137335807756167827e-01 4.992876814871934910e-01 3.765715862969676309e-01 4.559537623338573153e-01 3.727678104490395605e-01 0.000000000000000000e+00 3.404022979028905604e-01 4.744444032097900332e-01 3.930855109308116213e-01 0.000000000000000000e+00 3.954889775280898689e-01 4.751030519163763621e-01 4.235979940539301714e-01 0.000000000000000000e+00 0.000000000000000000e+00 4.636606081871345597e-01 4.218068986012082910e-01 4.776501818181818071e-01 4.488421790123456878e-01 0.000000000000000000e+00 4.262833241947049934e-01 0.000000000000000000e+00 4.085164422473382961e-01 0.000000000000000000e+00 0.000000000000000000e+00 4.093091875000000046e-01 0.000000000000000000e+00 0.000000000000000000e+00 0.000000000000000000e+00 0.000000000000000000e+00 0.000000000000000000e+00 0.000000000000000000e+00 4.758629999999999804e-01 4.040958145695363601e-01 4.232091341923276961e-01 4.350669285714286461e-01 4.400090530913978171e-01 0.000000000000000000e+00 0.000000000000000000e+00 0.000000000000000000e+00 0.000000000000000000e+00 0.000000000000000000e+00 0.000000000000000000e+00 4.105160087719297857e-01 0.000000000000000000e+00 0.000000000000000000e+00 4.718101931818182160e-01
3.565399518492681774e-01 0.000000000000000000e+00 2.379994888397580222e-01 4.737681378771041452e-01 2.343915001801045728e-01 4.424701463068182461e-01 3.281234645505265446e-01 4.595497633537050097e-01 2.123333810892834850e-01 4.519595393258427629e-01 3.935642801430310755e-01 0.000000000000000000e+00 2.710715824524138062e-01 4.373087578947368326e-01 2.686964652749159188e-01 4.467100355715870608e-01 3.973302230084709286e-01 0.000000000000000000e+00 0.000000000000000000e+00 0.000000000000000000e+00 0.000000000000000000e+00 0.000000000000000000e+00 3.507072343333278996e-01 4.501808925547937101e-01 3.304576491883117195e-01 3.468019242424242310e-01 3.175506234233976821e-01 0.000000000000000000e+00 3.639253992696693252e-01 0.000000000000000000e+00 3.666881449664122217e-01 4.515135095017173139e-01 4.243873255813953582e-01 4.651737327586207837e-01 0.000000000000000000e+00 0.000000000000000000e+00 4.414265750000000432e-01 0.000000000000000000e+00 0.000000000000000000e+00 0.000000000000000000e+00 0.000000000000000000e+00 0.000000000000000000e+00 0.000000000000000000e+00 0.000000000000000000e+00 0.000000000000000000e+00 0.000000000000000000e+00 0.000000000000000000e+00 0.000000000000000000e+00 0.000000000000000000e+00 0.000000000000000000e+00 3.921195874629757050e-01 0.000000000000000000e+00 0.000000000000000000e+00 0.000000000000000000e+00 0.000000000000000000e+00 0.000000000000000000e+00 3.791504081632652845e-01 0.000000000000000000e+00 4.055612858441558499e-01 0.000000000000000000e+00 4.132836399220399803e-01 0.000000000000000000e+00 3.912294851485148550e-01 0.000000000000000000e+00 3.974708548387096974e-01 0.000000000000000000e+00 0.000000000000000000e+00 0.000000000000000000e+00 0.000000000000000000e+00 0.000000000000000000e+00 3.525692002000386238e-01 4.670222058823529920e-01 3.690436911469904824e-01 5.156277272727273209e-01 3.396692845224685287e-01 0.000000000000000000e+00 3.885895888859265956e-01 0.000000000000000000e+00 3.731767741935483329e-01 0.000000000000000000e+00 0.000000000000000000e+00 0.000000000000000000e+00 0.000000000000000000e+00 0.000000000000000000e+00 4.138449974607975035e-01 0.000000000000000000e+00 0.000000000000000000e+00 0.000000000000000000e+00 0.000000000000000000e+00 0.000000000000000000e+00 0.000000000000000000e+00 0.000000000000000000e+00 0.000000000000000000e+00 0.000000000000000000e+00 0.000000000000000000e+00 0.000000000000000000e+00 3.731594942528735359e-01 0.000000000000000000e+00 0.000000000000000000e+00 0.000000000000000000e+00 0.000000000000000000e+00 0.000000000000000000e+00 0.000000000000000000e+00 0.000000000000000000e+00 0.000000000000000000e+00 0.000000000000000000e+00 0.000000000000000000e+00 0.000000000000000000e+00 0.000000000000000000e+00 0.000000000000000000e+00 0.000000000000000000e+00 0.000000000000000000e+00 0.000000000000000000e+00 0.000000000000000000e+00 0.000000000000000000e+00 0.000000000000000000e+00
0.000000000000000000e+00 3.595137363567662558e-01 4.634029667227944072e-01 2.844010373656299939e-01 4.578512974397589974e-01 2.659101427439544696e-01 4.519825239896139712e-01 2.659712304874174982e-01 4.519595393258427629e-01 2.474065508821106096e-01 0.000000000000000000e+00 3.622383439791849735e-01 4.807240459770113494e-01 3.270780086154720379e-01 4.953812705882353895e-01 2.593128281581399963e-01 0.000000000000000000e+00 0.000000000000000000e+00 4.499092192982456773e-01 3.936096792070240546e-01 0.000000000000000000e+00 0.000000000000000000e+00 4.716409989867619834e-01 3.126095002120045652e-01 4.368345615384615077e-01 2.926212604166666953e-01 0.000000000000000000e+00 0.000000000000000000e+00 0.000000000000000000e+00 3.392120697595532586e-01 4.194507826783988591e-01 2.898092121212120786e-01 0.000000000000000000e+00 3.412160843133027477e-01 4.173833793103448042e-01 0.000000000000000000e+00 0.000000000000000000e+00 4.149737777777777747e-01 0.000000000000000000e+00 0.000000000000000000e+00 0.000000000000000000e+00 0.000000000000000000e+00 0.000000000000000000e+00 0.000000000000000000e+00 0.000000000000000000e+00 0.000000000000000000e+00 0.000000000000000000e+00 0.000000000000000000e+00 0.000000000000000000e+00 3.615359212598425742e-01 0.000000000000000000e+00 3.783398254032452335e-01 0.000000000000000000e+00 0.000000000000000000e+00 0.000000000000000000e+00 3.869443207547169639e-01 0.000000000000000000e+00 4.319259739307746426e-01 0.000000000000000000e+00 3.763026863006536105e-01 0.000000000000000000e+00 3.414680534351144936e-01 0.000000000000000000e+00 4.150200079592073488e-01 0.000000000000000000e+00 3.641221657391732203e-01 0.000000000000000000e+00 3.857628862895651212e-01 0.000000000000000000e+00 4.240643898305084813e-01 4.759828863636363372e-01 3.476065254479553390e-01 0.000000000000000000e+00 3.630716012575157525e-01 0.000000000000000000e+00 3.532906198836937017e-01 0.000000000000000000e+00 3.744477172068563786e-01 0.000000000000000000e+00 0.000000000000000000e+00 0.000000000000000000e+00 4.188308359375000345e-01 0.000000000000000000e+00 0.000000000000000000e+00 0.000000000000000000e+00 3.945686296744995714e-01 0.000000000000000000e+00 0.000000000000000000e+00 0.000000000000000000e+00 0.000000000000000000e+00 0.000000000000000000e+00 4.037156969696969466e-01 0.000000000000000000e+00 0.000000000000000000e+00 0.000000000000000000e+00 0.000000000000000000e+00 0.000000000000000000e+00 0.000000000000000000e+00 0.000000000000000000e+00 0.000000000000000000e+00 0.000000000000000000e+00 0.000000000000000000e+00 0.000000000000000000e+00 0.000000000000000000e+00 0.000000000000000000e+00 0.000000000000000000e+00 0.000000000000000000e+00 0.000000000000000000e+00 0.000000000000000000e+00 0.000000000000000000e+00 0.000000000000000000e+00 0.000000000000000000e+00 0.000000000000000000e+00 0.000000000000000000e+00 0.000000000000000000e+00 0.000000000000000000e+00
3.339753087722663882e-01 4.833051881188118459e-01 4.201572731270555860e-01 4.902248848122955915e-01 4.075827346938775131e-01 0.000000000000000000e+00 3.847826046285421353e-01 4.907838406650714136e-01 3.935642801430310755e-01 0.000000000000000000e+00 3.230946117464901235e-01 4.904153223152468155e-01 3.189332689362377460e-01 0.000000000000000000e+00 4.078700301683993446e-01 0.000000000000000000e+00 3.300811643498973713e-01 0.000000000000000000e+00 4.414419626072711433e-01 5.045334483889312160e-01 0.000000000000000000e+00 0.000000000000000000e+00 4.304804325899247441e-01 4.756217346938775847e-01 0.000000000000000000e+00 0.000000000000000000e+00 0.000000000000000000e+00 0.000000000000000000e+00 3.745079278606288642e-01 0.000000000000000000e+00 4.475702973959986286e-01 4.845470555555555503e-01 4.400783499271939125e-01 4.845433050195747660e-01 0.000000000000000000e+00 0.000000000000000000e+00 4.673587910681566981e-01 0.000000000000000000e+00 0.000000000000000000e+00 0.000000000000000000e+00 4.217512033898304646e-01 0.000000000000000000e+00 0.000000000000000000e+00 0.000000000000000000e+00 0.000000000000000000e+00 0.000000000000000000e+00 0.000000000000000000e+00 0.000000000000000000e+00 4.146746624095090650e-01 0.000000000000000000e+00 4.287270907217987093e-01 0.000000000000000000e+00 0.000000000000000000e+00 0.000000000000000000e+00 4.150227873547315816e-01 0.000000000000000000e+00 3.933868185165014242e-01 0.000000000000000000e+00 4.178980154316063178e-01 0.000000000000000000e+00 4.241356841529527744e-01 0.000000000000000000e+00 3.983541875855021730e-01 0.000000000000000000e+00 4.377554965094243578e-01 4.385520754716980552e-01 4.553901014422856441e-01 4.741912786885246200e-01 4.297905406060605893e-01 0.000000000000000000e+00 3.948120768213603249e-01 5.171915788970287142e-01 4.033982177854283369e-01 5.068231666666667135e-01 3.959969692307692135e-01 0.000000000000000000e+00 4.084814427958885497e-01 5.021669684210527951e-01 0.000000000000000000e+00 0.000000000000000000e+00 3.942650556199692180e-01 0.000000000000000000e+00 0.000000000000000000e+00 0.000000000000000000e+00 4.463674662721105468e-01 0.000000000000000000e+00 0.000000000000000000e+00 0.000000000000000000e+00 4.292172226150695047e-01 0.000000000000000000e+00 4.348812833333333683e-01 0.000000000000000000e+00 0.000000000000000000e+00 0.000000000000000000e+00 4.425700687499999897e-01 0.000000000000000000e+00 0.000000000000000000e+00 0.000000000000000000e+00 0.000000000000000000e+00 0.000000000000000000e+00 0.000000000000000000e+00 0.000000000000000000e+00 4.047458545454544754e-01 0.000000000000000000e+00 0.000000000000000000e+00 0.000000000000000000e+00 0.000000000000000000e+00 0.000000000000000000e+00 0.000000000000000000e+00 0.000000000000000000e+00 0.000000000000000000e+00 0.000000000000000000e+00 0.000000000000000000e+00 0.000000000000000000e+00 0.000000000000000000e+00 0.000000000000000000e+00
4.782936261367705111e-01 3.470277843400863538e-01 4.827458243834419349e-01 3.996394961668178758e-01 0.000000000000000000e+00 3.438848571428571588e-01 4.749758250041065111e-01 3.803725860965337935e-01 0.000000000000000000e+00 3.622383439791849735e-01 4.904153223152468155e-01 3.312116469056444745e-01 4.756655208416624703e-01 3.329694065040292861e-01 0.000000000000000000e+00 3.142815611690523148e-01 0.000000000000000000e+00 3.490208601040716285e-01 5.053884230283555157e-01 4.197179154382973953e-01 0.000000000000000000e+00 0.000000000000000000e+00 4.803434679106218241e-01 3.989121092581218164e-01 0.000000000000000000e+00 0.000000000000000000e+00 0.000000000000000000e+00 0.000000000000000000e+00 0.000000000000000000e+00 3.853824656933324544e-01 4.599973458991857833e-01 3.995253994439493250e-01 4.981366470379400835e-01 3.960890352829227745e-01 0.000000000000000000e+00 4.101090958904109463e-01 0.000000000000000000e+00 4.474031165827453416e-01 0.000000000000000000e+00 0.000000000000000000e+00 0.000000000000000000e+00 0.000000000000000000e+00 0.000000000000000000e+00 4.176365942675158704e-01 0.000000000000000000e+00 0.000000000000000000e+00 0.000000000000000000e+00 0.000000000000000000e+00 0.000000000000000000e+00 4.284596653257500276e-01 0.000000000000000000e+00 4.228562696020256029e-01 0.000000000000000000e+00 0.000000000000000000e+00 0.000000000000000000e+00 4.509586133288662202e-01 0.000000000000000000e+00 4.120568158480614196e-01 0.000000000000000000e+00 4.282016957761503595e-01 0.000000000000000000e+00 4.318906560361583380e-01 0.000000000000000000e+00 4.379978210920492110e-01 0.000000000000000000e+00 4.359465010081091108e-01 0.000000000000000000e+00 4.194877141310209834e-01 0.000000000000000000e+00 0.000000000000000000e+00 4.938281279335805518e-01 3.899577255799190345e-01 3.990769591836733632e-01 3.902930052983439868e-01 0.000000000000000000e+00 0.000000000000000000e+00 4.630942602856331636e-01 4.170132542650547003e-01 0.000000000000000000e+00 0.000000000000000000e+00 0.000000000000000000e+00 4.396731926616588293e-01 0.000000000000000000e+00 0.000000000000000000e+00 0.000000000000000000e+00 4.507694944058993625e-01 0.000000000000000000e+00 0.000000000000000000e+00 0.000000000000000000e+00 4.451236468303423899e-01 0.000000000000000000e+00 0.000000000000000000e+00 0.000000000000000000e+00 0.000000000000000000e+00 0.000000000000000000e+00 0.000000000000000000e+00 4.404770175824174738e-01 0.000000000000000000e+00 0.000000000000000000e+00 0.000000000000000000e+00 0.000000000000000000e+00 0.000000000000000000e+00 0.000000000000000000e+00 0.000000000000000000e+00 0.000000000000000000e+00 0.000000000000000000e+00 0.000000000000000000e+00 0.000000000000000000e+00 0.000000000000000000e+00 0.000000000000000000e+00 0.000000000000000000e+00 0.000000000000000000e+00 0.000000000000000000e+00 0.000000000000000000e+00 0.000000000000000000e+00 0.000000000000000000e+00
3.375600866196348249e-01 4.856873727272727481e-01 3.694330070135264932e-01 4.832184682459741421e-01 3.639455529517325316e-01 0.000000000000000000e+00 3.169871856977695690e-01 4.774404271580505732e-01 2.710715824524138062e-01 4.807240459770113494e-01 3.189332689362377460e-01 4.756655208416624703e-01 2.669672777851131440e-01 4.966155952380952310e-01 2.467242296691308789e-01 0.000000000000000000e+00 4.067214833201635016e-01 4.747523881739421081e-01 4.258687013331814430e-01 4.943363403277176160e-01 0.000000000000000000e+00 0.000000000000000000e+00 3.960733370801194364e-01 4.726595338840584581e-01 3.212512237547893168e-01 0.000000000000000000e+00 0.000000000000000000e+00 0.000000000000000000e+00 3.603049050145548660e-01 5.048115624999999218e-01 4.127160778046706224e-01 4.440744427912208803e-01 4.183631913983167361e-01 4.792405472173718595e-01 4.603695196678321278e-01 0.000000000000000000e+00 4.359653297020988916e-01 0.000000000000000000e+00 0.000000000000000000e+00 0.000000000000000000e+00 0.000000000000000000e+00 0.000000000000000000e+00 4.413696559999999991e-01 0.000000000000000000e+00 4.107124112903225988e-01 0.000000000000000000e+00 0.000000000000000000e+00 0.000000000000000000e+00 4.217035575785869073e-01 0.000000000000000000e+00 4.155881911088269987e-01 0.000000000000000000e+00 0.000000000000000000e+00 0.000000000000000000e+00 4.274542214096802017e-01 0.000000000000000000e+00 4.022061866177591982e-01 0.000000000000000000e+00 4.162686329874847324e-01 0.000000000000000000e+00 4.269460978632549919e-01 0.000000000000000000e+00 4.100784558088656495e-01 0.000000000000000000e+00 4.251782815550718686e-01 0.000000000000000000e+00 4.372157932676726255e-01 0.000000000000000000e+00 4.083053235386288615e-01 0.000000000000000000e+00 3.653185931621414362e-01 5.117277502585962923e-01 3.909182657441657160e-01 4.632716444444444637e-01 3.836688115913112207e-01 0.000000000000000000e+00 4.090125855226179330e-01 0.000000000000000000e+00 0.000000000000000000e+00 0.000000000000000000e+00 3.846246336776101282e-01 0.000000000000000000e+00 4.246096849315067479e-01 0.000000000000000000e+00 4.251233047585421532e-01 0.000000000000000000e+00 4.130656626506025164e-01 0.000000000000000000e+00 4.198891800498387172e-01 0.000000000000000000e+00 3.983625402100103297e-01 4.638927725000000502e-01 0.000000000000000000e+00 0.000000000000000000e+00 4.410640968992248223e-01 0.000000000000000000e+00 4.085416760291594729e-01 0.000000000000000000e+00 0.000000000000000000e+00 0.000000000000000000e+00 0.000000000000000000e+00 0.000000000000000000e+00 0.000000000000000000e+00 4.565142682926828788e-01 0.000000000000000000e+00 4.661093773584905064e-01 0.000000000000000000e+00 0.000000000000000000e+00 0.000000000000000000e+00 0.000000000000000000e+00 0.000000000000000000e+00 0.000000000000000000e+00 0.000000000000000000e+00 0.000000000000000000e+00 0.000000000000000000e+00 0.000000000000000000e+00
