2.737955185060413354e-01 4.745669439966810343e-01 3.580981990779048552e-01 4.866046186004853724e-01 2.993212896975631088e-01 3.993624285714285627e-01 2.747875351313402437e-01 4.417020541611857976e-01 3.151425625000000008e-01 0.000000000000000000e+00 2.908045534883473837e-01 4.407822819510116563e-01 3.261472698938870929e-01 4.144422876712328674e-01 3.303788104819392335e-01 0.000000000000000000e+00 2.956948236764698201e-01 4.626106750367509624e-01 4.123444558417495021e-01 5.031982450322770584e-01 0.000000000000000000e+00 0.000000000000000000e+00 3.694544331016432759e-01 4.327653105152439728e-01 3.302040941176470623e-01 0.000000000000000000e+00 0.000000000000000000e+00 0.000000000000000000e+00 3.751987495843032150e-01 4.633201789555961292e-01 3.702814030827114578e-01 4.145320414656812336e-01 3.738816598943938696e-01 4.824960974377184297e-01 0.000000000000000000e+00 0.000000000000000000e+00 4.428996477880112193e-01 5.208565006424309418e-01 4.438751250000000370e-01 0.000000000000000000e+00 0.000000000000000000e+00 0.000000000000000000e+00 3.768519516129031910e-01 0.000000000000000000e+00 4.171189277159599307e-01 5.118812017857142793e-01 4.261755384615384390e-01 0.000000000000000000e+00 4.036894684953408197e-01 0.000000000000000000e+00 3.936903266697244774e-01 0.000000000000000000e+00 3.801393076923076375e-01 0.000000000000000000e+00 4.100643191138916843e-01 0.000000000000000000e+00 2.946937003791404996e-01 4.709666365708106150e-01 4.122740589106483333e-01 4.931831670724284855e-01 3.806093720732114938e-01 0.000000000000000000e+00 3.778975496828894109e-01 0.000000000000000000e+00 3.970981023564015833e-01 4.497194601769911593e-01 4.570616216801834386e-01 4.955339061520375177e-01 3.709348634990417559e-01 5.089426251587202410e-01 3.366979233733242705e-01 4.595571963544586302e-01 3.642840397921219830e-01 4.396364073484848034e-01 0.000000000000000000e+00 0.000000000000000000e+00 3.844927567181226080e-01 4.415868203905404799e-01 2.914014972222221944e-01 0.000000000000000000e+00 3.280587137202579662e-01 0.000000000000000000e+00 4.159230701919310880e-01 0.000000000000000000e+00 3.885094363204260048e-01 4.482919487179486961e-01 0.000000000000000000e+00 0.000000000000000000e+00 4.120534846520091388e-01 0.000000000000000000e+00 0.000000000000000000e+00 4.549447229549550276e-01 0.000000000000000000e+00 4.554760016500926101e-01 4.470033782912021247e-01 4.359908248476739856e-01 0.000000000000000000e+00 0.000000000000000000e+00 4.012390446428571456e-01 4.978437826086956619e-01 0.000000000000000000e+00 0.000000000000000000e+00 0.000000000000000000e+00 4.438019227251128740e-01 4.379106534285915342e-01 3.630858285714285150e-01 0.000000000000000000e+00 0.000000000000000000e+00 0.000000000000000000e+00 0.000000000000000000e+00 0.000000000000000000e+00 0.000000000000000000e+00 0.000000000000000000e+00 0.000000000000000000e+00 0.000000000000000000e+00 0.000000000000000000e+00
4.745669439966810343e-01 2.940589501074306056e-01 4.939645673478553212e-01 3.401379744405922945e-01 0.000000000000000000e+00 3.156419441669441883e-01 4.586848252245271373e-01 3.071828340188195727e-01 0.000000000000000000e+00 3.066106815775693217e-01 4.389801787218591267e-01 3.018538042268337773e-01 0.000000000000000000e+00 3.360029913193192663e-01 0.000000000000000000e+00 3.666984589094885449e-01 4.813296352744310669e-01 3.232939671429150841e-01 5.100575192063921959e-01 3.907465478358698729e-01 0.000000000000000000e+00 0.000000000000000000e+00 4.312808137254902086e-01 3.487295122308969875e-01 0.000000000000000000e+00 2.836104246575342214e-01 0.000000000000000000e+00 3.874735728155339620e-01 4.435563846496757834e-01 4.147896571766582219e-01 4.615780346738145856e-01 4.467710332658523242e-01 5.022938195499002667e-01 4.440069044888431127e-01 0.000000000000000000e+00 4.180814981563765187e-01 5.136780619846516016e-01 4.940951783216853688e-01 4.725172000000000816e-01 5.343720718361212318e-01 0.000000000000000000e+00 4.406933784825870504e-01 0.000000000000000000e+00 4.144880468450651279e-01 4.714913253968254225e-01 4.479102278472514298e-01 0.000000000000000000e+00 0.000000000000000000e+00 0.000000000000000000e+00 4.497014330799606885e-01 4.870247610619469203e-01 4.146472850806197097e-01 0.000000000000000000e+00 3.902620015987015023e-01 0.000000000000000000e+00 4.036626121743080997e-01 4.811158552915067443e-01 3.141925880806176741e-01 4.751484745774007257e-01 4.353798180907935689e-01 4.558078411878320191e-01 3.855662554362625505e-01 0.000000000000000000e+00 3.687516697166634549e-01 4.915051792452829749e-01 3.969326647388192741e-01 5.266353199803882612e-01 4.609568678150497423e-01 5.285562964628054416e-01 4.048115104648657425e-01 4.964567017294542750e-01 3.808573886251081508e-01 4.268307993694733793e-01 3.721636029110935162e-01 0.000000000000000000e+00 0.000000000000000000e+00 4.606548474074723121e-01 4.034496643929763038e-01 0.000000000000000000e+00 0.000000000000000000e+00 4.885721928945836456e-01 4.100373211621764491e-01 0.000000000000000000e+00 0.000000000000000000e+00 4.409156161616162306e-01 4.202705839910431673e-01 0.000000000000000000e+00 4.277588507462686818e-01 4.857154964028777000e-01 4.290694855140362307e-01 0.000000000000000000e+00 4.374629570691464520e-01 5.051354837819185262e-01 4.260508391436628739e-01 4.513984160062875506e-01 4.491294038001437672e-01 0.000000000000000000e+00 0.000000000000000000e+00 0.000000000000000000e+00 0.000000000000000000e+00 0.000000000000000000e+00 4.167034237288135268e-01 4.447913618090452714e-01 4.447213174444688555e-01 3.990916292134831789e-01 4.136198625306122256e-01 0.000000000000000000e+00 3.871796633663366349e-01 0.000000000000000000e+00 0.000000000000000000e+00 0.000000000000000000e+00 0.000000000000000000e+00 0.000000000000000000e+00 0.000000000000000000e+00 0.000000000000000000e+00 0.000000000000000000e+00
3.580981990779048552e-01 4.939645673478553212e-01 2.376687710572006340e-01 4.690959888567304836e-01 1.589662272390698350e-01 3.400584045454544957e-01 2.781614525630310419e-01 4.458701855833213101e-01 2.394549280912903200e-01 3.997658157002303425e-01 3.724048646094894610e-01 4.542343325143609056e-01 3.119739923963458783e-01 4.218546208169515199e-01 3.011974819677790127e-01 4.283878260696518114e-01 4.020679324069936222e-01 4.972446743311694783e-01 2.997487314753233822e-01 5.126185587520676323e-01 3.147513971725044435e-01 0.000000000000000000e+00 2.405003820867776532e-01 4.035392341899431412e-01 1.959143222756291880e-01 3.700526872942300760e-01 3.672600556234049685e-01 0.000000000000000000e+00 3.457931753137967745e-01 4.480852922309101483e-01 3.323178330599522723e-01 4.147729002051497305e-01 3.966313031500041664e-01 5.075655548208477530e-01 3.921835109392898255e-01 0.000000000000000000e+00 4.524189616362042088e-01 0.000000000000000000e+00 4.200508421052631114e-01 0.000000000000000000e+00 0.000000000000000000e+00 0.000000000000000000e+00 4.030795284703801995e-01 0.000000000000000000e+00 4.284455675675674646e-01 5.396664887218045603e-01 0.000000000000000000e+00 0.000000000000000000e+00 4.243932512098336218e-01 0.000000000000000000e+00 4.281938891914875978e-01 5.360336434108526893e-01 0.000000000000000000e+00 0.000000000000000000e+00 0.000000000000000000e+00 0.000000000000000000e+00 3.813715748476288470e-01 4.739002531047265543e-01 4.620500276633876524e-01 0.000000000000000000e+00 3.906873618217144295e-01 0.000000000000000000e+00 4.515072931034483372e-01 0.000000000000000000e+00 3.966480876570125935e-01 4.543683362831857919e-01 4.665192658288724314e-01 0.000000000000000000e+00 4.249314892148532419e-01 4.391184980430528073e-01 3.204532403292950637e-01 4.735194882644224723e-01 3.352825963449059810e-01 4.116865075775982818e-01 3.035355468796166467e-01 0.000000000000000000e+00 3.846829574483934255e-01 4.171535490997806406e-01 0.000000000000000000e+00 0.000000000000000000e+00 3.833590381603589337e-01 0.000000000000000000e+00 0.000000000000000000e+00 0.000000000000000000e+00 3.889454002719794357e-01 0.000000000000000000e+00 0.000000000000000000e+00 0.000000000000000000e+00 4.029166798656766968e-01 0.000000000000000000e+00 0.000000000000000000e+00 4.704883851190476141e-01 0.000000000000000000e+00 0.000000000000000000e+00 4.593662934130632869e-01 4.399873362641599228e-01 0.000000000000000000e+00 0.000000000000000000e+00 0.000000000000000000e+00 0.000000000000000000e+00 0.000000000000000000e+00 0.000000000000000000e+00 0.000000000000000000e+00 0.000000000000000000e+00 0.000000000000000000e+00 0.000000000000000000e+00 0.000000000000000000e+00 0.000000000000000000e+00 0.000000000000000000e+00 0.000000000000000000e+00 0.000000000000000000e+00 0.000000000000000000e+00 0.000000000000000000e+00 0.000000000000000000e+00 0.000000000000000000e+00 0.000000000000000000e+00
4.866046186004853724e-01 3.401379744405922945e-01 4.690959888567304836e-01 2.458808428792525202e-01 4.445242053050950659e-01 1.619530311603828709e-01 4.401374123237805080e-01 2.918565586990198857e-01 0.000000000000000000e+00 2.735247588777243166e-01 4.317996106746958551e-01 3.594847113875512812e-01 4.280797340722136135e-01 3.153755555568869551e-01 4.555511216216217019e-01 3.269553738185312364e-01 5.233015812851405935e-01 4.231379390474797608e-01 5.115406392093947430e-01 2.972642917841478716e-01 0.000000000000000000e+00 0.000000000000000000e+00 4.368951080846346091e-01 2.294491234657376200e-01 4.298437063920059753e-01 1.699270515097209833e-01 0.000000000000000000e+00 0.000000000000000000e+00 4.426996035836470167e-01 3.704411253277375971e-01 4.323042568996429691e-01 3.378941800043354093e-01 4.926820085083598588e-01 4.379300643319656849e-01 4.764647142857144080e-01 4.737361917054263571e-01 4.534017869352869323e-01 4.722281091888643201e-01 0.000000000000000000e+00 5.164195759637454364e-01 4.077966394557823171e-01 0.000000000000000000e+00 5.628419107142856870e-01 4.400940000000000407e-01 0.000000000000000000e+00 4.609929832057493293e-01 0.000000000000000000e+00 3.747894605263157319e-01 0.000000000000000000e+00 4.634406419386831733e-01 4.692280954088602352e-01 4.709031020960555702e-01 0.000000000000000000e+00 0.000000000000000000e+00 0.000000000000000000e+00 0.000000000000000000e+00 4.917077866528223318e-01 4.129305267601285911e-01 4.627124282335550731e-01 4.673386752301140201e-01 4.914279514932384796e-01 4.031676390417684441e-01 0.000000000000000000e+00 3.925553314436885932e-01 5.066098726574032041e-01 4.235611054132189524e-01 5.293026474787320135e-01 4.813456489797153237e-01 5.445855921160197566e-01 4.573923276461344667e-01 4.864448822251639104e-01 3.836336411838777716e-01 4.277692102350822978e-01 3.680874760825207925e-01 0.000000000000000000e+00 0.000000000000000000e+00 4.360258433188577976e-01 4.077243462195488388e-01 0.000000000000000000e+00 3.633673378378378116e-01 5.079831274509803984e-01 4.028048848532909676e-01 0.000000000000000000e+00 0.000000000000000000e+00 4.155148493150684352e-01 4.123512546027875980e-01 0.000000000000000000e+00 3.987459688524590540e-01 4.750351007751937860e-01 4.051989521164068853e-01 4.645224999999999493e-01 4.280097117117118155e-01 4.029672222222223654e-01 4.165117678819444946e-01 4.648890970005817302e-01 4.321399101938380172e-01 0.000000000000000000e+00 4.780327938144329769e-01 4.208262991452991209e-01 3.800112477064219729e-01 0.000000000000000000e+00 3.934292016806723580e-01 0.000000000000000000e+00 4.161961781620686085e-01 0.000000000000000000e+00 4.150857788655457625e-01 0.000000000000000000e+00 0.000000000000000000e+00 0.000000000000000000e+00 0.000000000000000000e+00 4.369858396946564860e-01 0.000000000000000000e+00 0.000000000000000000e+00 0.000000000000000000e+00 0.000000000000000000e+00 0.000000000000000000e+00
2.993212896975631088e-01 0.000000000000000000e+00 1.589662272390698350e-01 4.445242053050950659e-01 1.876547752494042154e-01 4.616286254183400439e-01 2.776484971932261514e-01 4.328019008300381665e-01 1.992875957762865469e-01 3.856239592983439768e-01 3.146208333333332385e-01 0.000000000000000000e+00 2.894604307403813581e-01 4.603902208097928050e-01 2.499476850987803478e-01 4.584960585458094373e-01 0.000000000000000000e+00 0.000000000000000000e+00 3.546788598710390872e-01 4.207082680412371767e-01 3.464295997584706521e-01 0.000000000000000000e+00 2.322529754905860444e-01 4.531991669155138736e-01 1.843538601623241902e-01 4.619769770252334928e-01 2.670820175928556584e-01 4.409193611940299129e-01 3.068246760624503411e-01 0.000000000000000000e+00 3.244094764853413526e-01 4.011501542698249767e-01 3.434793998909675961e-01 0.000000000000000000e+00 0.000000000000000000e+00 0.000000000000000000e+00 0.000000000000000000e+00 0.000000000000000000e+00 0.000000000000000000e+00 0.000000000000000000e+00 0.000000000000000000e+00 0.000000000000000000e+00 0.000000000000000000e+00 0.000000000000000000e+00 4.208030259999999689e-01 0.000000000000000000e+00 0.000000000000000000e+00 0.000000000000000000e+00 0.000000000000000000e+00 0.000000000000000000e+00 0.000000000000000000e+00 0.000000000000000000e+00 0.000000000000000000e+00 0.000000000000000000e+00 0.000000000000000000e+00 0.000000000000000000e+00 2.982497209302324981e-01 0.000000000000000000e+00 0.000000000000000000e+00 0.000000000000000000e+00 3.635875476190476574e-01 0.000000000000000000e+00 0.000000000000000000e+00 0.000000000000000000e+00 0.000000000000000000e+00 0.000000000000000000e+00 3.500083545454546474e-01 0.000000000000000000e+00 4.126192446808509828e-01 0.000000000000000000e+00 3.205220473333287301e-01 4.799878311961148225e-01 2.948872819923239463e-01 0.000000000000000000e+00 0.000000000000000000e+00 0.000000000000000000e+00 3.260311825155122745e-01 0.000000000000000000e+00 0.000000000000000000e+00 0.000000000000000000e+00 3.639377649593397712e-01 0.000000000000000000e+00 0.000000000000000000e+00 0.000000000000000000e+00 0.000000000000000000e+00 0.000000000000000000e+00 0.000000000000000000e+00 0.000000000000000000e+00 0.000000000000000000e+00 0.000000000000000000e+00 0.000000000000000000e+00 0.000000000000000000e+00 0.000000000000000000e+00 0.000000000000000000e+00 0.000000000000000000e+00 0.000000000000000000e+00 0.000000000000000000e+00 0.000000000000000000e+00 0.000000000000000000e+00 0.000000000000000000e+00 0.000000000000000000e+00 0.000000000000000000e+00 0.000000000000000000e+00 0.000000000000000000e+00 0.000000000000000000e+00 0.000000000000000000e+00 0.000000000000000000e+00 0.000000000000000000e+00 0.000000000000000000e+00 0.000000000000000000e+00 0.000000000000000000e+00 0.000000000000000000e+00 0.000000000000000000e+00 0.000000000000000000e+00 0.000000000000000000e+00 0.000000000000000000e+00
3.993624285714285627e-01 3.156419441669441883e-01 3.400584045454544957e-01 1.619530311603828709e-01 4.616286254183400439e-01 1.494319748139539827e-01 4.359283285714286027e-01 2.295683093214528347e-01 0.000000000000000000e+00 1.761031395199171290e-01 0.000000000000000000e+00 2.693020968045112817e-01 4.920777096774193726e-01 2.936805974292546195e-01 3.130245078947369031e-01 2.241928869130485891e-01 0.000000000000000000e+00 0.000000000000000000e+00 0.000000000000000000e+00 3.482560195174390638e-01 3.889301150362318715e-01 2.668873217619538996e-01 3.692199497468121594e-01 1.630631340584781652e-01 3.928549185382619879e-01 1.461381634692902609e-01 4.646696633832012591e-01 2.498698820435682200e-01 3.852877027027027390e-01 2.786653494563481881e-01 3.672353974058151227e-01 3.281335259566405260e-01 0.000000000000000000e+00 3.203262317008388482e-01 0.000000000000000000e+00 0.000000000000000000e+00 0.000000000000000000e+00 3.666691585365853268e-01 0.000000000000000000e+00 0.000000000000000000e+00 0.000000000000000000e+00 0.000000000000000000e+00 0.000000000000000000e+00 0.000000000000000000e+00 0.000000000000000000e+00 0.000000000000000000e+00 0.000000000000000000e+00 0.000000000000000000e+00 0.000000000000000000e+00 0.000000000000000000e+00 0.000000000000000000e+00 0.000000000000000000e+00 0.000000000000000000e+00 0.000000000000000000e+00 0.000000000000000000e+00 3.768616745803357038e-01 0.000000000000000000e+00 3.169344234693877715e-01 0.000000000000000000e+00 0.000000000000000000e+00 0.000000000000000000e+00 0.000000000000000000e+00 0.000000000000000000e+00 0.000000000000000000e+00 0.000000000000000000e+00 3.483543852459015655e-01 0.000000000000000000e+00 4.352343752475247296e-01 0.000000000000000000e+00 0.000000000000000000e+00 4.750571860689655201e-01 3.045961779834338579e-01 4.343967999999999718e-01 3.122707555370207166e-01 0.000000000000000000e+00 0.000000000000000000e+00 3.828983666666666563e-01 0.000000000000000000e+00 0.000000000000000000e+00 0.000000000000000000e+00 0.000000000000000000e+00 0.000000000000000000e+00 0.000000000000000000e+00 0.000000000000000000e+00 0.000000000000000000e+00 3.693318673076922964e-01 0.000000000000000000e+00 0.000000000000000000e+00 0.000000000000000000e+00 0.000000000000000000e+00 0.000000000000000000e+00 0.000000000000000000e+00 0.000000000000000000e+00 0.000000000000000000e+00 0.000000000000000000e+00 0.000000000000000000e+00 0.000000000000000000e+00 0.000000000000000000e+00 0.000000000000000000e+00 0.000000000000000000e+00 0.000000000000000000e+00 0.000000000000000000e+00 0.000000000000000000e+00 0.000000000000000000e+00 0.000000000000000000e+00 0.000000000000000000e+00 0.000000000000000000e+00 0.000000000000000000e+00 0.000000000000000000e+00 0.000000000000000000e+00 0.000000000000000000e+00 0.000000000000000000e+00 0.000000000000000000e+00 0.000000000000000000e+00 0.000000000000000000e+00 0.000000000000000000e+00
2.747875351313402437e-01 4.586848252245271373e-01 2.781614525630310419e-01 4.401374123237805080e-01 2.776484971932261514e-01 4.359283285714286027e-01 2.289733478360889696e-01 4.349273109555809591e-01 1.843704101415370722e-01 3.982716455696202473e-01 2.864631843971254255e-01 4.225960440146400710e-01 2.438339148682853730e-01 4.152327282044391832e-01 3.198308147057236650e-01 0.000000000000000000e+00 3.659668880302908156e-01 4.563996533430295655e-01 3.741329982614607919e-01 4.750384659970993684e-01 3.263603157894737206e-01 0.000000000000000000e+00 3.302164373642075268e-01 4.195262580865439239e-01 2.559385031591812631e-01 4.163514114074984840e-01 2.894205294117647154e-01 0.000000000000000000e+00 3.057547708409676379e-01 4.320894631415220788e-01 3.301780462368303359e-01 4.235235837358659050e-01 3.679147483554288667e-01 4.725492641947153238e-01 0.000000000000000000e+00 4.664819690721649370e-01 4.069810236227823230e-01 0.000000000000000000e+00 0.000000000000000000e+00 4.515632929292929254e-01 4.005549621212121103e-01 0.000000000000000000e+00 0.000000000000000000e+00 0.000000000000000000e+00 4.053985936981600591e-01 0.000000000000000000e+00 0.000000000000000000e+00 0.000000000000000000e+00 3.944976588265953765e-01 0.000000000000000000e+00 3.921709477456133408e-01 4.158007293233082491e-01 0.000000000000000000e+00 0.000000000000000000e+00 3.840285335377145448e-01 0.000000000000000000e+00 3.534349536943695580e-01 0.000000000000000000e+00 3.828041747852541921e-01 0.000000000000000000e+00 3.700648313411243895e-01 0.000000000000000000e+00 3.794608657850565003e-01 0.000000000000000000e+00 3.849365345299945451e-01 4.230771476159134181e-01 4.282955037149847599e-01 4.905579772988506448e-01 4.506493248026759990e-01 0.000000000000000000e+00 2.942019611298338777e-01 4.319773867082615793e-01 3.266950474266372972e-01 4.339417530099646814e-01 3.111810190476190230e-01 0.000000000000000000e+00 3.380027906433035745e-01 4.064499278611506394e-01 3.853006744186047161e-01 0.000000000000000000e+00 3.715101550845382739e-01 0.000000000000000000e+00 0.000000000000000000e+00 0.000000000000000000e+00 3.812643208422255570e-01 0.000000000000000000e+00 0.000000000000000000e+00 0.000000000000000000e+00 4.023303973343614892e-01 0.000000000000000000e+00 0.000000000000000000e+00 4.441212265544233206e-01 0.000000000000000000e+00 0.000000000000000000e+00 4.015960352941176370e-01 4.140606247254702832e-01 4.101988415300545920e-01 0.000000000000000000e+00 3.895517542372880504e-01 0.000000000000000000e+00 0.000000000000000000e+00 0.000000000000000000e+00 0.000000000000000000e+00 0.000000000000000000e+00 0.000000000000000000e+00 0.000000000000000000e+00 0.000000000000000000e+00 0.000000000000000000e+00 0.000000000000000000e+00 0.000000000000000000e+00 0.000000000000000000e+00 0.000000000000000000e+00 0.000000000000000000e+00 0.000000000000000000e+00 0.000000000000000000e+00 0.000000000000000000e+00
4.417020541611857976e-01 3.071828340188195727e-01 4.458701855833213101e-01 2.918565586990198857e-01 4.328019008300381665e-01 2.295683093214528347e-01 4.349273109555809591e-01 2.392406443097555013e-01 4.385286079463272535e-01 2.509131307178671388e-01 4.335169621969328091e-01 2.880517775659351409e-01 4.248365069112232106e-01 2.635848318733854390e-01 4.358910969051799644e-01 2.975785238140125633e-01 4.436173417286762843e-01 3.826123949201358787e-01 4.752080301713268451e-01 3.645299889600857046e-01 0.000000000000000000e+00 0.000000000000000000e+00 4.317570131064201733e-01 2.870342809846395116e-01 4.431684736988301676e-01 2.848952453785986161e-01 0.000000000000000000e+00 0.000000000000000000e+00 4.383121670140049386e-01 3.327504632961319486e-01 4.241296224726199826e-01 3.408414663121764332e-01 4.636068339870159649e-01 3.908714437958308308e-01 0.000000000000000000e+00 0.000000000000000000e+00 4.631141633395904345e-01 4.397221144740882104e-01 4.690501739130434888e-01 0.000000000000000000e+00 0.000000000000000000e+00 0.000000000000000000e+00 0.000000000000000000e+00 0.000000000000000000e+00 0.000000000000000000e+00 4.786442288737614015e-01 0.000000000000000000e+00 0.000000000000000000e+00 0.000000000000000000e+00 4.309625183108247715e-01 0.000000000000000000e+00 4.079807596606315201e-01 0.000000000000000000e+00 3.509164453781512538e-01 5.301797437499999877e-01 3.736950765500390292e-01 4.158572322580644798e-01 3.727381740079717121e-01 0.000000000000000000e+00 4.300464014016593395e-01 0.000000000000000000e+00 3.779861076439736123e-01 4.068958000000000297e-01 3.963179301617671957e-01 0.000000000000000000e+00 3.799796621178975209e-01 4.798260101249331444e-01 4.625586290755371310e-01 5.164666176470589232e-01 3.829087085687382652e-01 4.602690964153789421e-01 3.190324830856194893e-01 4.208301094912915152e-01 3.211890436860547204e-01 0.000000000000000000e+00 0.000000000000000000e+00 4.268445072569180820e-01 3.602001317204797659e-01 0.000000000000000000e+00 3.720482956349205894e-01 4.338554772727272746e-01 3.954160988087087603e-01 0.000000000000000000e+00 0.000000000000000000e+00 4.352376060606060193e-01 4.073979297149779577e-01 0.000000000000000000e+00 3.921318385093167658e-01 0.000000000000000000e+00 4.013605384005237142e-01 0.000000000000000000e+00 0.000000000000000000e+00 0.000000000000000000e+00 0.000000000000000000e+00 4.168683641682353058e-01 4.495925044338811571e-01 0.000000000000000000e+00 0.000000000000000000e+00 0.000000000000000000e+00 0.000000000000000000e+00 0.000000000000000000e+00 4.098067478260870034e-01 0.000000000000000000e+00 3.783971556111352941e-01 0.000000000000000000e+00 3.342287735294117712e-01 0.000000000000000000e+00 0.000000000000000000e+00 0.000000000000000000e+00 0.000000000000000000e+00 0.000000000000000000e+00 0.000000000000000000e+00 0.000000000000000000e+00 0.000000000000000000e+00 0.000000000000000000e+00 0.000000000000000000e+00
3.151425625000000008e-01 0.000000000000000000e+00 2.394549280912903200e-01 0.000000000000000000e+00 1.992875957762865469e-01 0.000000000000000000e+00 1.843704101415370722e-01 4.385286079463272535e-01 2.193071143413385660e-01 3.568785584415584133e-01 0.000000000000000000e+00 0.000000000000000000e+00 2.431646728607096408e-01 4.166402717391304300e-01 2.384011721433100528e-01 4.253183111096599522e-01 0.000000000000000000e+00 0.000000000000000000e+00 4.063994062499999838e-01 0.000000000000000000e+00 3.329569706540048690e-01 0.000000000000000000e+00 3.022350719194166757e-01 4.397499920512820681e-01 2.695121645840686808e-01 4.214293947368420445e-01 2.830124822180801747e-01 0.000000000000000000e+00 2.955518070340507619e-01 0.000000000000000000e+00 2.981051712106699281e-01 3.871818469725847311e-01 0.000000000000000000e+00 0.000000000000000000e+00 0.000000000000000000e+00 0.000000000000000000e+00 0.000000000000000000e+00 0.000000000000000000e+00 0.000000000000000000e+00 0.000000000000000000e+00 0.000000000000000000e+00 0.000000000000000000e+00 0.000000000000000000e+00 0.000000000000000000e+00 0.000000000000000000e+00 0.000000000000000000e+00 0.000000000000000000e+00 0.000000000000000000e+00 0.000000000000000000e+00 0.000000000000000000e+00 0.000000000000000000e+00 0.000000000000000000e+00 0.000000000000000000e+00 0.000000000000000000e+00 0.000000000000000000e+00 0.000000000000000000e+00 0.000000000000000000e+00 0.000000000000000000e+00 0.000000000000000000e+00 0.000000000000000000e+00 0.000000000000000000e+00 0.000000000000000000e+00 0.000000000000000000e+00 0.000000000000000000e+00 0.000000000000000000e+00 0.000000000000000000e+00 0.000000000000000000e+00 0.000000000000000000e+00 4.164729174311926907e-01 0.000000000000000000e+00 3.062012768024044429e-01 5.142291204134367133e-01 3.043213863651130224e-01 0.000000000000000000e+00 0.000000000000000000e+00 0.000000000000000000e+00 2.748984500000000719e-01 0.000000000000000000e+00 0.000000000000000000e+00 0.000000000000000000e+00 0.000000000000000000e+00 0.000000000000000000e+00 0.000000000000000000e+00 0.000000000000000000e+00 3.668909266055045970e-01 0.000000000000000000e+00 0.000000000000000000e+00 0.000000000000000000e+00 0.000000000000000000e+00 0.000000000000000000e+00 0.000000000000000000e+00 0.000000000000000000e+00 0.000000000000000000e+00 0.000000000000000000e+00 0.000000000000000000e+00 0.000000000000000000e+00 0.000000000000000000e+00 0.000000000000000000e+00 0.000000000000000000e+00 0.000000000000000000e+00 0.000000000000000000e+00 0.000000000000000000e+00 0.000000000000000000e+00 0.000000000000000000e+00 0.000000000000000000e+00 0.000000000000000000e+00 0.000000000000000000e+00 0.000000000000000000e+00 0.000000000000000000e+00 0.000000000000000000e+00 0.000000000000000000e+00 0.000000000000000000e+00 0.000000000000000000e+00 0.000000000000000000e+00 0.000000000000000000e+00 0.000000000000000000e+00
0.000000000000000000e+00 3.066106815775693217e-01 3.997658157002303425e-01 2.735247588777243166e-01 3.856239592983439768e-01 1.761031395199171290e-01 3.982716455696202473e-01 2.509131307178671388e-01 3.568785584415584133e-01 1.982162146677650394e-01 0.000000000000000000e+00 3.168116518641508339e-01 3.294359081081081331e-01 2.847047890058019282e-01 4.574479037935749171e-01 2.338478003509720793e-01 0.000000000000000000e+00 0.000000000000000000e+00 0.000000000000000000e+00 0.000000000000000000e+00 4.171472534551373124e-01 2.990203030303030252e-01 3.582950555122127456e-01 2.870008371526284185e-01 4.219071360199475040e-01 1.656266567655075017e-01 4.415665921052631671e-01 1.702404955391241814e-01 0.000000000000000000e+00 2.927073853916422608e-01 3.625634299357772261e-01 3.454196302515397110e-01 0.000000000000000000e+00 2.921711860465115995e-01 0.000000000000000000e+00 0.000000000000000000e+00 0.000000000000000000e+00 0.000000000000000000e+00 0.000000000000000000e+00 0.000000000000000000e+00 0.000000000000000000e+00 0.000000000000000000e+00 0.000000000000000000e+00 0.000000000000000000e+00 0.000000000000000000e+00 0.000000000000000000e+00 0.000000000000000000e+00 0.000000000000000000e+00 0.000000000000000000e+00 3.508325045139831788e-01 0.000000000000000000e+00 0.000000000000000000e+00 0.000000000000000000e+00 0.000000000000000000e+00 0.000000000000000000e+00 0.000000000000000000e+00 0.000000000000000000e+00 3.350025754716981496e-01 0.000000000000000000e+00 0.000000000000000000e+00 0.000000000000000000e+00 0.000000000000000000e+00 0.000000000000000000e+00 0.000000000000000000e+00 0.000000000000000000e+00 3.447555704019222844e-01 0.000000000000000000e+00 0.000000000000000000e+00 0.000000000000000000e+00 0.000000000000000000e+00 4.972303555336508030e-01 3.078769052478552148e-01 4.148052337662337941e-01 3.118688451241811710e-01 0.000000000000000000e+00 2.897055213884442426e-01 0.000000000000000000e+00 3.314544826048171355e-01 0.000000000000000000e+00 0.000000000000000000e+00 0.000000000000000000e+00 3.538299102420439102e-01 0.000000000000000000e+00 0.000000000000000000e+00 0.000000000000000000e+00 4.123068290598290164e-01 0.000000000000000000e+00 0.000000000000000000e+00 0.000000000000000000e+00 0.000000000000000000e+00 0.000000000000000000e+00 0.000000000000000000e+00 0.000000000000000000e+00 0.000000000000000000e+00 0.000000000000000000e+00 0.000000000000000000e+00 0.000000000000000000e+00 0.000000000000000000e+00 0.000000000000000000e+00 0.000000000000000000e+00 0.000000000000000000e+00 0.000000000000000000e+00 0.000000000000000000e+00 0.000000000000000000e+00 0.000000000000000000e+00 0.000000000000000000e+00 0.000000000000000000e+00 0.000000000000000000e+00 0.000000000000000000e+00 0.000000000000000000e+00 0.000000000000000000e+00 0.000000000000000000e+00 0.000000000000000000e+00 0.000000000000000000e+00 0.000000000000000000e+00 0.000000000000000000e+00
2.908045534883473837e-01 4.389801787218591267e-01 3.724048646094894610e-01 4.317996106746958551e-01 3.146208333333332385e-01 0.000000000000000000e+00 2.864631843971254255e-01 4.335169621969328091e-01 0.000000000000000000e+00 0.000000000000000000e+00 2.865128751686270570e-01 4.185638498897236714e-01 2.982485364534676608e-01 4.240160811202011160e-01 3.464540043174138551e-01 0.000000000000000000e+00 2.998094495669642590e-01 4.394650616174103352e-01 4.080706422871336891e-01 4.533970833454443738e-01 0.000000000000000000e+00 0.000000000000000000e+00 3.609146788654669646e-01 4.452888243999304496e-01 2.918382928110748176e-01 0.000000000000000000e+00 0.000000000000000000e+00 0.000000000000000000e+00 3.455137738485737353e-01 4.451964839702363119e-01 3.734709897321878969e-01 4.070318184218881252e-01 3.636012635806676330e-01 4.563150540720435355e-01 4.058534999999999782e-01 0.000000000000000000e+00 0.000000000000000000e+00 0.000000000000000000e+00 0.000000000000000000e+00 0.000000000000000000e+00 0.000000000000000000e+00 0.000000000000000000e+00 0.000000000000000000e+00 0.000000000000000000e+00 3.889771682242991191e-01 0.000000000000000000e+00 0.000000000000000000e+00 0.000000000000000000e+00 4.440015596330275649e-01 0.000000000000000000e+00 3.988235066725197009e-01 0.000000000000000000e+00 0.000000000000000000e+00 0.000000000000000000e+00 0.000000000000000000e+00 0.000000000000000000e+00 2.945242751579853491e-01 4.339380652173913111e-01 4.162007826514895759e-01 0.000000000000000000e+00 3.838062649419892169e-01 0.000000000000000000e+00 3.976723527351703757e-01 0.000000000000000000e+00 3.992314997265549170e-01 0.000000000000000000e+00 4.374040986864693448e-01 0.000000000000000000e+00 4.025749254201680394e-01 0.000000000000000000e+00 3.153712765917938698e-01 4.391492714573411726e-01 3.634986066328905197e-01 4.252590048724487204e-01 0.000000000000000000e+00 0.000000000000000000e+00 3.734603923074788501e-01 4.168104431213928707e-01 0.000000000000000000e+00 0.000000000000000000e+00 3.753157111866851636e-01 0.000000000000000000e+00 0.000000000000000000e+00 0.000000000000000000e+00 3.848234104923375365e-01 4.265150248447204251e-01 0.000000000000000000e+00 0.000000000000000000e+00 4.066350716991342651e-01 0.000000000000000000e+00 0.000000000000000000e+00 0.000000000000000000e+00 0.000000000000000000e+00 0.000000000000000000e+00 0.000000000000000000e+00 4.162697217494894519e-01 0.000000000000000000e+00 0.000000000000000000e+00 0.000000000000000000e+00 0.000000000000000000e+00 0.000000000000000000e+00 0.000000000000000000e+00 0.000000000000000000e+00 0.000000000000000000e+00 0.000000000000000000e+00 0.000000000000000000e+00 0.000000000000000000e+00 0.000000000000000000e+00 0.000000000000000000e+00 0.000000000000000000e+00 0.000000000000000000e+00 0.000000000000000000e+00 0.000000000000000000e+00 0.000000000000000000e+00 0.000000000000000000e+00 0.000000000000000000e+00
4.407822819510116563e-01 3.018538042268337773e-01 4.542343325143609056e-01 3.594847113875512812e-01 0.000000000000000000e+00 2.693020968045112817e-01 4.225960440146400710e-01 2.880517775659351409e-01 0.000000000000000000e+00 3.168116518641508339e-01 4.185638498897236714e-01 2.557854637308752954e-01 4.338105684331796663e-01 2.643548486419626253e-01 0.000000000000000000e+00 3.018757082702119288e-01 0.000000000000000000e+00 3.016391975935177050e-01 4.691115089759527734e-01 3.942142121112851560e-01 0.000000000000000000e+00 0.000000000000000000e+00 4.238254740217342609e-01 3.439802968751862755e-01 0.000000000000000000e+00 2.909922715811965599e-01 0.000000000000000000e+00 0.000000000000000000e+00 4.139192316886116108e-01 3.301953175854075995e-01 4.001594902415398503e-01 3.416796092424912445e-01 4.405711640334157853e-01 3.795854416855493074e-01 0.000000000000000000e+00 0.000000000000000000e+00 4.509832717931191448e-01 4.573654575710873749e-01 0.000000000000000000e+00 0.000000000000000000e+00 0.000000000000000000e+00 0.000000000000000000e+00 0.000000000000000000e+00 0.000000000000000000e+00 0.000000000000000000e+00 4.339403710741384090e-01 0.000000000000000000e+00 0.000000000000000000e+00 0.000000000000000000e+00 4.042262931242042168e-01 0.000000000000000000e+00 3.778488714946205973e-01 0.000000000000000000e+00 3.746759676383398796e-01 0.000000000000000000e+00 3.796475989143706098e-01 0.000000000000000000e+00 3.674351636069582705e-01 0.000000000000000000e+00 4.029704596332785438e-01 4.471275164835164517e-01 3.907938596585840973e-01 0.000000000000000000e+00 3.983902653143540085e-01 0.000000000000000000e+00 3.932291108330324692e-01 4.274576896551723904e-01 4.358255951548707374e-01 0.000000000000000000e+00 4.354971849627174985e-01 4.127189749999999324e-01 3.136858362177847304e-01 4.132721002324440396e-01 3.491100235983558009e-01 0.000000000000000000e+00 0.000000000000000000e+00 4.204418458408912262e-01 3.659558384892334093e-01 0.000000000000000000e+00 4.130360897834886580e-01 0.000000000000000000e+00 4.172275795144398947e-01 0.000000000000000000e+00 0.000000000000000000e+00 0.000000000000000000e+00 4.208077690304993790e-01 0.000000000000000000e+00 3.953335486111110297e-01 0.000000000000000000e+00 4.257410834505239716e-01 0.000000000000000000e+00 0.000000000000000000e+00 0.000000000000000000e+00 0.000000000000000000e+00 4.824657211538462276e-01 4.567446694214876146e-01 0.000000000000000000e+00 0.000000000000000000e+00 0.000000000000000000e+00 0.000000000000000000e+00 0.000000000000000000e+00 0.000000000000000000e+00 0.000000000000000000e+00 0.000000000000000000e+00 0.000000000000000000e+00 0.000000000000000000e+00 0.000000000000000000e+00 0.000000000000000000e+00 0.000000000000000000e+00 0.000000000000000000e+00 0.000000000000000000e+00 0.000000000000000000e+00 0.000000000000000000e+00 0.000000000000000000e+00 0.000000000000000000e+00 0.000000000000000000e+00
3.261472698938870929e-01 0.000000000000000000e+00 3.119739923963458783e-01 4.280797340722136135e-01 2.894604307403813581e-01 4.920777096774193726e-01 2.438339148682853730e-01 4.248365069112232106e-01 2.431646728607096408e-01 3.294359081081081331e-01 2.982485364534676608e-01 4.338105684331796663e-01 2.391071287653162847e-01 4.150887622530464727e-01 2.389122897703173654e-01 4.129218051948051471e-01 3.588440925925925340e-01 0.000000000000000000e+00 3.855804061747732381e-01 4.766444666876560876e-01 3.236838660332649331e-01 0.000000000000000000e+00 3.323172675811679189e-01 4.459416457563158409e-01 2.796784982839982669e-01 3.871727412713340533e-01 3.336031200000000307e-01 0.000000000000000000e+00 3.469224485855976203e-01 4.310343441504186357e-01 3.103677147019506810e-01 4.276634763098955960e-01 3.592293822000484638e-01 4.692824153439153489e-01 4.066039999999999655e-01 0.000000000000000000e+00 3.623552636398335580e-01 0.000000000000000000e+00 0.000000000000000000e+00 0.000000000000000000e+00 0.000000000000000000e+00 0.000000000000000000e+00 0.000000000000000000e+00 0.000000000000000000e+00 0.000000000000000000e+00 0.000000000000000000e+00 0.000000000000000000e+00 0.000000000000000000e+00 0.000000000000000000e+00 0.000000000000000000e+00 0.000000000000000000e+00 0.000000000000000000e+00 0.000000000000000000e+00 0.000000000000000000e+00 0.000000000000000000e+00 0.000000000000000000e+00 3.503790589088536245e-01 0.000000000000000000e+00 3.425213882352940997e-01 0.000000000000000000e+00 3.770939897950521535e-01 0.000000000000000000e+00 3.917886864731835450e-01 0.000000000000000000e+00 3.883792401875680311e-01 0.000000000000000000e+00 4.105143067513664090e-01 0.000000000000000000e+00 4.643277224601236042e-01 0.000000000000000000e+00 2.868487728698107531e-01 4.472763594982035462e-01 3.352724629592729322e-01 4.217296146401284807e-01 3.451170749999999954e-01 0.000000000000000000e+00 3.410011523885202456e-01 3.865588043885868630e-01 4.388930192307692324e-01 0.000000000000000000e+00 3.772604737513498008e-01 0.000000000000000000e+00 0.000000000000000000e+00 0.000000000000000000e+00 3.815932322389616327e-01 0.000000000000000000e+00 0.000000000000000000e+00 0.000000000000000000e+00 3.916149163884111717e-01 0.000000000000000000e+00 0.000000000000000000e+00 0.000000000000000000e+00 0.000000000000000000e+00 0.000000000000000000e+00 0.000000000000000000e+00 0.000000000000000000e+00 0.000000000000000000e+00 0.000000000000000000e+00 0.000000000000000000e+00 3.910180961538461397e-01 0.000000000000000000e+00 4.063624407374890057e-01 0.000000000000000000e+00 0.000000000000000000e+00 0.000000000000000000e+00 0.000000000000000000e+00 0.000000000000000000e+00 0.000000000000000000e+00 0.000000000000000000e+00 0.000000000000000000e+00 0.000000000000000000e+00 0.000000000000000000e+00 0.000000000000000000e+00 0.000000000000000000e+00 0.000000000000000000e+00 0.000000000000000000e+00
