3.038261164165213524e-01 4.882587160304596163e-01 3.572632992522581374e-01 5.176504316456853605e-01 3.782693650149233089e-01 0.000000000000000000e+00 3.363059437520651840e-01 4.969214168054854053e-01 4.031649726027397018e-01 0.000000000000000000e+00 3.032971352517174202e-01 4.802244894852031876e-01 3.647752993445872449e-01 4.549618338844318433e-01 0.000000000000000000e+00 0.000000000000000000e+00 2.956224540780972299e-01 4.627881055591648862e-01 3.927254516261308170e-01 5.134610445633142062e-01 0.000000000000000000e+00 0.000000000000000000e+00 4.259114477548454070e-01 4.274387920792079854e-01 4.023440145985401339e-01 0.000000000000000000e+00 0.000000000000000000e+00 0.000000000000000000e+00 3.929805281717920762e-01 5.042991009973900596e-01 4.178535194846009215e-01 0.000000000000000000e+00 4.403017903590530913e-01 4.907097626514534960e-01 0.000000000000000000e+00 4.501862771084336745e-01 4.418103419792419051e-01 0.000000000000000000e+00 4.711161403842072937e-01 0.000000000000000000e+00 0.000000000000000000e+00 0.000000000000000000e+00 0.000000000000000000e+00 0.000000000000000000e+00 4.120960385882352917e-01 4.940504411764705672e-01 3.975095074626865954e-01 0.000000000000000000e+00 4.230534196793767077e-01 0.000000000000000000e+00 3.822376275449326788e-01 4.692883829698331066e-01 4.017925955044956421e-01 0.000000000000000000e+00 4.074170710745512736e-01 0.000000000000000000e+00 3.281476577544742979e-01 4.952030423287078764e-01 4.064031712737363189e-01 5.122353073426091363e-01 3.918274289241805985e-01 4.961870468279210300e-01 3.725023172651311110e-01 4.637978888888890094e-01 3.811403407288612710e-01 4.640010783582089737e-01 4.126164964759618248e-01 5.031198140763325499e-01 3.138056836872126221e-01 5.087384696068794065e-01 3.413302323460700172e-01 4.691560100433272984e-01 3.738476228570023485e-01 4.628873005426356046e-01 4.042166319327731294e-01 0.000000000000000000e+00 3.749841184903142666e-01 4.741039140558627740e-01 3.656591999999999620e-01 0.000000000000000000e+00 3.964775544396398343e-01 5.247933120000001228e-01 4.248624658385093955e-01 0.000000000000000000e+00 3.977495812418788690e-01 4.478500567375885977e-01 4.073224811466736317e-01 0.000000000000000000e+00 4.127328838337875894e-01 0.000000000000000000e+00 4.554438705741951643e-01 4.767631263668846708e-01 4.587524406770495666e-01 4.934496132617381958e-01 4.357065143476260838e-01 0.000000000000000000e+00 5.512651313131312625e-01 4.686678083936712258e-01 4.095927602235550635e-01 4.574696039980378770e-01 0.000000000000000000e+00 4.976235002860775469e-01 4.336153402110905497e-01 4.614001581455254297e-01 4.068697440172790447e-01 4.216101406863405621e-01 5.401403611111110781e-01 0.000000000000000000e+00 0.000000000000000000e+00 0.000000000000000000e+00 0.000000000000000000e+00 0.000000000000000000e+00 4.361411733812949332e-01 4.070735178571429080e-01 0.000000000000000000e+00 0.000000000000000000e+00
4.882587160304596163e-01 2.972724342484534543e-01 5.013982635779419272e-01 3.877811735338542731e-01 0.000000000000000000e+00 0.000000000000000000e+00 4.948315981186184875e-01 3.407809174677365882e-01 0.000000000000000000e+00 3.930335961601965078e-01 4.792296021848739263e-01 3.744937446939489711e-01 0.000000000000000000e+00 3.756023408425316901e-01 0.000000000000000000e+00 3.717432829693966823e-01 4.989114857584298623e-01 3.529684604052216179e-01 5.181320768798461929e-01 4.049039787478967423e-01 0.000000000000000000e+00 0.000000000000000000e+00 4.639312071175950014e-01 3.728681083973980348e-01 0.000000000000000000e+00 0.000000000000000000e+00 0.000000000000000000e+00 4.543502251655629487e-01 4.871132372867353899e-01 4.089446215170259857e-01 4.503501020998174065e-01 3.587221861599780848e-01 5.208707667350803705e-01 4.849857850459503572e-01 4.524903538461538255e-01 4.240153544303795763e-01 5.130502001489574138e-01 5.034337027061546177e-01 0.000000000000000000e+00 5.347277017565298385e-01 0.000000000000000000e+00 0.000000000000000000e+00 0.000000000000000000e+00 4.091014683333333291e-01 0.000000000000000000e+00 4.264238291268829806e-01 0.000000000000000000e+00 0.000000000000000000e+00 0.000000000000000000e+00 4.203255524526486875e-01 0.000000000000000000e+00 3.851115723349506914e-01 0.000000000000000000e+00 3.758849702469759801e-01 0.000000000000000000e+00 3.760680087199558819e-01 4.925664010341205268e-01 3.457687014813080051e-01 5.137728186302781275e-01 4.332690978386735114e-01 5.058321487603305577e-01 3.781344833607429012e-01 0.000000000000000000e+00 3.808957359956580135e-01 0.000000000000000000e+00 3.884573897876714699e-01 5.263516784159644191e-01 4.233988425090578489e-01 5.335830439200405229e-01 3.351178775418660050e-01 0.000000000000000000e+00 3.635308793023283025e-01 4.821026810007902341e-01 3.994877503398006069e-01 0.000000000000000000e+00 0.000000000000000000e+00 4.682838381258286886e-01 3.992900998344389718e-01 0.000000000000000000e+00 0.000000000000000000e+00 5.436117551020408500e-01 4.098667427055873169e-01 0.000000000000000000e+00 0.000000000000000000e+00 4.836506643835616903e-01 4.091523216034904653e-01 0.000000000000000000e+00 0.000000000000000000e+00 0.000000000000000000e+00 4.132552355862229576e-01 4.246348978370220739e-01 4.588333753975850637e-01 4.130051751824817541e-01 5.068706954125299369e-01 4.415448126470872259e-01 4.594393797655405010e-01 0.000000000000000000e+00 4.441722242990654435e-01 4.926179880952381018e-01 4.750333333333333630e-01 0.000000000000000000e+00 0.000000000000000000e+00 3.991502599086879099e-01 4.550134733292092171e-01 4.290164285714285763e-01 4.392460269490388036e-01 0.000000000000000000e+00 5.126107678853405458e-01 0.000000000000000000e+00 0.000000000000000000e+00 4.770378114754098564e-01 0.000000000000000000e+00 4.910926614173228288e-01 3.708242288135593090e-01 0.000000000000000000e+00 0.000000000000000000e+00
3.572632992522581374e-01 5.013982635779419272e-01 2.630927824838990570e-01 4.547886334983011758e-01 2.566513381710161523e-01 4.132896258849990678e-01 3.249322106391084874e-01 4.602159130258429709e-01 2.916426332517190190e-01 4.041203641230528554e-01 3.861142207294672168e-01 4.588018437045061071e-01 3.445860957130759683e-01 4.393867882479385312e-01 3.150922820962309689e-01 4.121220178162614545e-01 3.813623307213678815e-01 5.457093157894737923e-01 3.090794536542433302e-01 5.171489880303418163e-01 0.000000000000000000e+00 0.000000000000000000e+00 2.582524053211918136e-01 4.417501864789746269e-01 3.019937809510104265e-01 4.160936663834131077e-01 3.203001058562775505e-01 3.868086984943273632e-01 3.572773235454369534e-01 3.952254724561403698e-01 3.682832173798940567e-01 4.264182334812203212e-01 3.971487927134991214e-01 4.897294224376519400e-01 4.188757175176675562e-01 4.714234479166667380e-01 4.188862171099601572e-01 0.000000000000000000e+00 4.374603276785714590e-01 0.000000000000000000e+00 0.000000000000000000e+00 0.000000000000000000e+00 0.000000000000000000e+00 0.000000000000000000e+00 4.439908240193616296e-01 0.000000000000000000e+00 0.000000000000000000e+00 0.000000000000000000e+00 4.358589901034158887e-01 4.587186619718310321e-01 3.904262461089987868e-01 4.368684843750000324e-01 3.761133134693878111e-01 0.000000000000000000e+00 3.834664527748640195e-01 0.000000000000000000e+00 4.093170306539755665e-01 0.000000000000000000e+00 4.269772334811380299e-01 4.915647542372880707e-01 3.903850279573711224e-01 0.000000000000000000e+00 3.747656881720430877e-01 4.716814032258064837e-01 3.923548530713542037e-01 0.000000000000000000e+00 4.531482871171663707e-01 4.632084112903225859e-01 4.267530086370327491e-01 5.545475900000000902e-01 3.653240861986780108e-01 5.018866198030632608e-01 3.640082036420713707e-01 4.373186866637778225e-01 3.506343946205982554e-01 0.000000000000000000e+00 3.833422868196777467e-01 4.719904324336248180e-01 0.000000000000000000e+00 0.000000000000000000e+00 4.039719527559055834e-01 0.000000000000000000e+00 4.033322428571428642e-01 0.000000000000000000e+00 3.811268995169557194e-01 4.733499411764705567e-01 0.000000000000000000e+00 0.000000000000000000e+00 3.853641766582979744e-01 0.000000000000000000e+00 4.027254671428571187e-01 4.365866422320396900e-01 3.941941338028168706e-01 4.418055561706063505e-01 4.379756978554841251e-01 4.105434109392898101e-01 4.402515123966941890e-01 0.000000000000000000e+00 3.742531551724137540e-01 4.222997267533687982e-01 0.000000000000000000e+00 0.000000000000000000e+00 4.070024208894338913e-01 4.096401411706348528e-01 4.308825959805959727e-01 4.178003611111111293e-01 0.000000000000000000e+00 0.000000000000000000e+00 0.000000000000000000e+00 0.000000000000000000e+00 0.000000000000000000e+00 3.985322195312500093e-01 0.000000000000000000e+00 0.000000000000000000e+00 0.000000000000000000e+00 0.000000000000000000e+00
5.176504316456853605e-01 3.877811735338542731e-01 4.547886334983011758e-01 2.852091134510141845e-01 0.000000000000000000e+00 2.922501549429521450e-01 4.607723247831577162e-01 3.534496357437699188e-01 4.373529917588024341e-01 3.249056177065073325e-01 4.811350703801198225e-01 3.961234679916873502e-01 4.446831879914867613e-01 3.530035260524954643e-01 4.489705155079125043e-01 3.275684101593547282e-01 5.158752044799818082e-01 4.152585592394851255e-01 5.389115877525377796e-01 3.244486238100124376e-01 4.152949528301886906e-01 0.000000000000000000e+00 4.558019098297315663e-01 2.468109479801499917e-01 4.566047147382261140e-01 3.335057457978238826e-01 0.000000000000000000e+00 3.467663605769433222e-01 5.076813988476458483e-01 3.639814896707180836e-01 4.151310663923036826e-01 3.538981326787387638e-01 5.013745971663748913e-01 3.930311127990629427e-01 0.000000000000000000e+00 4.300348555735930556e-01 5.142820905696380285e-01 4.549944493196392825e-01 0.000000000000000000e+00 4.531473486975914344e-01 0.000000000000000000e+00 0.000000000000000000e+00 0.000000000000000000e+00 0.000000000000000000e+00 0.000000000000000000e+00 4.479662509728199460e-01 0.000000000000000000e+00 0.000000000000000000e+00 5.080403006134968091e-01 4.512953685086478761e-01 0.000000000000000000e+00 4.195921585926713493e-01 0.000000000000000000e+00 3.875944310344828225e-01 0.000000000000000000e+00 3.918861748950958068e-01 4.976272824471125178e-01 4.301797459838977433e-01 5.036152235822334289e-01 4.470651349169360023e-01 0.000000000000000000e+00 3.976843934298672778e-01 0.000000000000000000e+00 4.113907135314187613e-01 0.000000000000000000e+00 4.245123338059064166e-01 5.101473526991263663e-01 4.410870609304683998e-01 5.398996694681239550e-01 4.509048427948585958e-01 5.067135185972696521e-01 3.966437266171847220e-01 4.726514263959782358e-01 3.814322266349895463e-01 4.122075416666666769e-01 3.681595412039367909e-01 4.733915695613531982e-01 4.067286839971537837e-01 0.000000000000000000e+00 0.000000000000000000e+00 0.000000000000000000e+00 4.007135263767055977e-01 0.000000000000000000e+00 4.169534333333332898e-01 0.000000000000000000e+00 3.995759328072446270e-01 0.000000000000000000e+00 0.000000000000000000e+00 0.000000000000000000e+00 4.259603234993764032e-01 0.000000000000000000e+00 4.272442616170379348e-01 0.000000000000000000e+00 4.561883598769650439e-01 4.544551037735848342e-01 4.259932576642713742e-01 0.000000000000000000e+00 0.000000000000000000e+00 0.000000000000000000e+00 4.659550275829945076e-01 0.000000000000000000e+00 0.000000000000000000e+00 4.417828860267948854e-01 4.331067607661125418e-01 4.929254552238805376e-01 4.465849730112045335e-01 0.000000000000000000e+00 0.000000000000000000e+00 0.000000000000000000e+00 0.000000000000000000e+00 0.000000000000000000e+00 0.000000000000000000e+00 4.233944589041095941e-01 0.000000000000000000e+00 0.000000000000000000e+00 0.000000000000000000e+00
3.782693650149233089e-01 0.000000000000000000e+00 2.566513381710161523e-01 0.000000000000000000e+00 2.457281577856148258e-01 4.418617347052280486e-01 2.857799840829645666e-01 3.978007885082809891e-01 2.306586171672803387e-01 4.319184864864865081e-01 2.854837384113176335e-01 3.966592831858406498e-01 2.984408122425156740e-01 0.000000000000000000e+00 2.841715953160198205e-01 0.000000000000000000e+00 0.000000000000000000e+00 0.000000000000000000e+00 3.465985943033745298e-01 0.000000000000000000e+00 2.965473021833757161e-01 0.000000000000000000e+00 3.303413881905944427e-01 3.985729230769231024e-01 3.055592687466543445e-01 4.236944205040792388e-01 2.957974352374986293e-01 3.502057236842105459e-01 3.213480210777208135e-01 0.000000000000000000e+00 3.643152102564101713e-01 4.412205230289241165e-01 3.293060589285713990e-01 4.010306976744185681e-01 0.000000000000000000e+00 0.000000000000000000e+00 4.114191092588597720e-01 0.000000000000000000e+00 4.344666289994587594e-01 0.000000000000000000e+00 0.000000000000000000e+00 0.000000000000000000e+00 4.448736157589087692e-01 0.000000000000000000e+00 0.000000000000000000e+00 0.000000000000000000e+00 4.517400205052924944e-01 0.000000000000000000e+00 4.711300228891069364e-01 0.000000000000000000e+00 3.992821836412807079e-01 0.000000000000000000e+00 4.398721861883154172e-01 0.000000000000000000e+00 4.451437306502458169e-01 0.000000000000000000e+00 4.310867476587246783e-01 0.000000000000000000e+00 0.000000000000000000e+00 0.000000000000000000e+00 0.000000000000000000e+00 0.000000000000000000e+00 3.266894205607476787e-01 0.000000000000000000e+00 4.158056169697675886e-01 0.000000000000000000e+00 4.528307711497140953e-01 0.000000000000000000e+00 0.000000000000000000e+00 0.000000000000000000e+00 3.261471747145918143e-01 5.064264437431936772e-01 3.375645433989701849e-01 2.576865540540540511e-01 2.986097893839327888e-01 0.000000000000000000e+00 3.575941630495513279e-01 0.000000000000000000e+00 4.050259655172413487e-01 0.000000000000000000e+00 3.528745244535519410e-01 0.000000000000000000e+00 3.859319166666666523e-01 0.000000000000000000e+00 3.889923318674656794e-01 0.000000000000000000e+00 3.958495134024791473e-01 0.000000000000000000e+00 4.129989382034631729e-01 0.000000000000000000e+00 0.000000000000000000e+00 0.000000000000000000e+00 0.000000000000000000e+00 0.000000000000000000e+00 0.000000000000000000e+00 0.000000000000000000e+00 0.000000000000000000e+00 0.000000000000000000e+00 0.000000000000000000e+00 0.000000000000000000e+00 0.000000000000000000e+00 0.000000000000000000e+00 0.000000000000000000e+00 0.000000000000000000e+00 0.000000000000000000e+00 0.000000000000000000e+00 0.000000000000000000e+00 0.000000000000000000e+00 0.000000000000000000e+00 0.000000000000000000e+00 0.000000000000000000e+00 0.000000000000000000e+00 0.000000000000000000e+00 0.000000000000000000e+00 0.000000000000000000e+00 0.000000000000000000e+00
0.000000000000000000e+00 0.000000000000000000e+00 4.132896258849990678e-01 2.922501549429521450e-01 4.418617347052280486e-01 2.116806291803342843e-01 0.000000000000000000e+00 2.933099887677552142e-01 0.000000000000000000e+00 2.743294812345123956e-01 0.000000000000000000e+00 3.167897936507936829e-01 0.000000000000000000e+00 3.086767133384536455e-01 0.000000000000000000e+00 2.410576108788829996e-01 0.000000000000000000e+00 3.767503809523809477e-01 0.000000000000000000e+00 3.938039237288135652e-01 4.074089894799085565e-01 2.571515430280813530e-01 4.102789533144696743e-01 3.031641671062348942e-01 4.204789156626505542e-01 2.723447890433575713e-01 0.000000000000000000e+00 2.599900425140637683e-01 4.474519452054794844e-01 3.205201365082033238e-01 3.918141869293240154e-01 2.675607208290224914e-01 0.000000000000000000e+00 3.904624007985219580e-01 0.000000000000000000e+00 4.791165257731958005e-01 0.000000000000000000e+00 3.778714291666666614e-01 0.000000000000000000e+00 0.000000000000000000e+00 0.000000000000000000e+00 0.000000000000000000e+00 0.000000000000000000e+00 4.756377307692307710e-01 0.000000000000000000e+00 0.000000000000000000e+00 0.000000000000000000e+00 4.248896272727272216e-01 0.000000000000000000e+00 0.000000000000000000e+00 0.000000000000000000e+00 0.000000000000000000e+00 0.000000000000000000e+00 4.274839369369369813e-01 0.000000000000000000e+00 0.000000000000000000e+00 0.000000000000000000e+00 0.000000000000000000e+00 0.000000000000000000e+00 0.000000000000000000e+00 0.000000000000000000e+00 0.000000000000000000e+00 0.000000000000000000e+00 3.869979076923076855e-01 0.000000000000000000e+00 0.000000000000000000e+00 0.000000000000000000e+00 4.002228292742768812e-01 0.000000000000000000e+00 0.000000000000000000e+00 5.038284366458105623e-01 3.176321475817748263e-01 0.000000000000000000e+00 3.348173324236305981e-01 0.000000000000000000e+00 3.622551538461538101e-01 0.000000000000000000e+00 3.420578641398328568e-01 0.000000000000000000e+00 0.000000000000000000e+00 0.000000000000000000e+00 0.000000000000000000e+00 0.000000000000000000e+00 0.000000000000000000e+00 0.000000000000000000e+00 4.205868827160493817e-01 0.000000000000000000e+00 0.000000000000000000e+00 0.000000000000000000e+00 4.109476922268907595e-01 0.000000000000000000e+00 0.000000000000000000e+00 0.000000000000000000e+00 0.000000000000000000e+00 0.000000000000000000e+00 0.000000000000000000e+00 0.000000000000000000e+00 0.000000000000000000e+00 0.000000000000000000e+00 0.000000000000000000e+00 0.000000000000000000e+00 0.000000000000000000e+00 0.000000000000000000e+00 3.888848571428571432e-01 0.000000000000000000e+00 0.000000000000000000e+00 0.000000000000000000e+00 0.000000000000000000e+00 0.000000000000000000e+00 0.000000000000000000e+00 0.000000000000000000e+00 0.000000000000000000e+00 0.000000000000000000e+00 0.000000000000000000e+00 0.000000000000000000e+00 0.000000000000000000e+00
3.363059437520651840e-01 4.948315981186184875e-01 3.249322106391084874e-01 4.607723247831577162e-01 2.857799840829645666e-01 0.000000000000000000e+00 2.827610502198938391e-01 4.679319789308970523e-01 2.056572844532757460e-01 4.164716163917525638e-01 3.643445968197454587e-01 4.737480152639549358e-01 3.096227600562889148e-01 4.513921773266518223e-01 3.240681052083648206e-01 3.956270229166666819e-01 3.719189652238237831e-01 4.650712635557028296e-01 4.045360434449036813e-01 4.969492939656022235e-01 0.000000000000000000e+00 0.000000000000000000e+00 3.572146449022947090e-01 4.464955806981440456e-01 2.812185981334842100e-01 0.000000000000000000e+00 3.820243913784991951e-01 0.000000000000000000e+00 3.651448830245492827e-01 4.461699025120401396e-01 3.632933474975729160e-01 4.311410648417757230e-01 3.869415261190161104e-01 4.809698772826134228e-01 4.383375790969899488e-01 0.000000000000000000e+00 4.218945835420410684e-01 4.550167339449541215e-01 4.672747162162161905e-01 0.000000000000000000e+00 0.000000000000000000e+00 0.000000000000000000e+00 0.000000000000000000e+00 0.000000000000000000e+00 4.496234838709677883e-01 0.000000000000000000e+00 3.952118227848100962e-01 0.000000000000000000e+00 4.018044697636938278e-01 4.822241719745222754e-01 3.681150685698970637e-01 4.236045733333332897e-01 3.916541101064051067e-01 0.000000000000000000e+00 3.857006368732772139e-01 0.000000000000000000e+00 3.700946459711135783e-01 0.000000000000000000e+00 4.136091238659272973e-01 0.000000000000000000e+00 3.866850094509754476e-01 4.241355128205128722e-01 3.625910826177244917e-01 0.000000000000000000e+00 3.756071793046130147e-01 0.000000000000000000e+00 4.301387792578669766e-01 4.524165735659779197e-01 4.203469350232526547e-01 4.866828458209918051e-01 3.569914949500954116e-01 5.095454971133990263e-01 3.606046335701343364e-01 4.419435168125864788e-01 3.394441999999999737e-01 0.000000000000000000e+00 3.649959642093832946e-01 4.461983428841084232e-01 0.000000000000000000e+00 0.000000000000000000e+00 3.790045499104854887e-01 0.000000000000000000e+00 0.000000000000000000e+00 0.000000000000000000e+00 3.807313607404052558e-01 0.000000000000000000e+00 4.022847235231221674e-01 0.000000000000000000e+00 3.888499137767132408e-01 0.000000000000000000e+00 3.683566222222222075e-01 4.337676376811593904e-01 0.000000000000000000e+00 0.000000000000000000e+00 4.289915943015561450e-01 0.000000000000000000e+00 0.000000000000000000e+00 0.000000000000000000e+00 0.000000000000000000e+00 4.236682000000000503e-01 0.000000000000000000e+00 0.000000000000000000e+00 3.861383660256410555e-01 4.422456265354819394e-01 0.000000000000000000e+00 0.000000000000000000e+00 0.000000000000000000e+00 0.000000000000000000e+00 0.000000000000000000e+00 0.000000000000000000e+00 0.000000000000000000e+00 0.000000000000000000e+00 0.000000000000000000e+00 0.000000000000000000e+00 0.000000000000000000e+00 0.000000000000000000e+00
4.969214168054854053e-01 3.407809174677365882e-01 4.602159130258429709e-01 3.534496357437699188e-01 3.978007885082809891e-01 2.933099887677552142e-01 4.679319789308970523e-01 2.687385303474736920e-01 4.167080823684211066e-01 2.962460527499089502e-01 4.838649463837225717e-01 3.749357386694865402e-01 4.526819954611642771e-01 2.898204109783674709e-01 4.557015698924730129e-01 2.342406810535374306e-01 4.651578317473057389e-01 3.843174967545356924e-01 5.144823476413759034e-01 3.853291094939598205e-01 3.732584558823529020e-01 0.000000000000000000e+00 4.718927645333818588e-01 3.742971981138474291e-01 0.000000000000000000e+00 2.961130905969283633e-01 0.000000000000000000e+00 3.081566146520146598e-01 4.840599391259644002e-01 3.477879599750505202e-01 4.192089979095846575e-01 3.490511019728917974e-01 4.808388038031717882e-01 3.614533094429213111e-01 0.000000000000000000e+00 0.000000000000000000e+00 0.000000000000000000e+00 4.369134713257870617e-01 0.000000000000000000e+00 3.856068918070566509e-01 0.000000000000000000e+00 0.000000000000000000e+00 0.000000000000000000e+00 0.000000000000000000e+00 0.000000000000000000e+00 4.108222460004667953e-01 0.000000000000000000e+00 0.000000000000000000e+00 0.000000000000000000e+00 3.968384397533742391e-01 0.000000000000000000e+00 3.820901199026945361e-01 0.000000000000000000e+00 3.765211382576920673e-01 0.000000000000000000e+00 3.761612010346517265e-01 0.000000000000000000e+00 3.998716238157106195e-01 0.000000000000000000e+00 4.193480125702826466e-01 4.853413816793892832e-01 3.907505910230769097e-01 0.000000000000000000e+00 3.852810081713484713e-01 0.000000000000000000e+00 3.852367952221279479e-01 4.982459250909755943e-01 4.246599420594298069e-01 0.000000000000000000e+00 4.034321876522291572e-01 5.024035881181367902e-01 3.657689759817625563e-01 4.526875921944323311e-01 3.555297264269878244e-01 4.275519120879119894e-01 3.449360365865965505e-01 4.635829141335953141e-01 3.718391465858464362e-01 0.000000000000000000e+00 0.000000000000000000e+00 4.426203675606641408e-01 3.810223025262739482e-01 0.000000000000000000e+00 0.000000000000000000e+00 0.000000000000000000e+00 3.822714918946539808e-01 0.000000000000000000e+00 0.000000000000000000e+00 0.000000000000000000e+00 3.911388682658931693e-01 3.778025945945945874e-01 3.918028275862069365e-01 0.000000000000000000e+00 4.588881989247312054e-01 4.138867210817855913e-01 3.691703666666666384e-01 0.000000000000000000e+00 0.000000000000000000e+00 0.000000000000000000e+00 4.172052295081967732e-01 0.000000000000000000e+00 0.000000000000000000e+00 0.000000000000000000e+00 3.956578985848170360e-01 0.000000000000000000e+00 0.000000000000000000e+00 0.000000000000000000e+00 0.000000000000000000e+00 0.000000000000000000e+00 0.000000000000000000e+00 0.000000000000000000e+00 0.000000000000000000e+00 0.000000000000000000e+00 0.000000000000000000e+00 0.000000000000000000e+00 0.000000000000000000e+00
4.031649726027397018e-01 0.000000000000000000e+00 2.916426332517190190e-01 4.373529917588024341e-01 2.306586171672803387e-01 0.000000000000000000e+00 2.056572844532757460e-01 4.167080823684211066e-01 2.241627444157771876e-01 4.630569880952381534e-01 3.423791250481401094e-01 0.000000000000000000e+00 2.059640131979936784e-01 3.840704496362901676e-01 2.717702990219912351e-01 4.209035335991493376e-01 3.785718068022440042e-01 0.000000000000000000e+00 3.661570808715466918e-01 0.000000000000000000e+00 4.272073214285714848e-01 0.000000000000000000e+00 3.115801398644086340e-01 3.905751857940586991e-01 3.223311241830064677e-01 0.000000000000000000e+00 2.124082728894465255e-01 0.000000000000000000e+00 3.390748163136656501e-01 0.000000000000000000e+00 2.962442151596382245e-01 4.385931524409846793e-01 3.311221060084269530e-01 4.478949770114942774e-01 0.000000000000000000e+00 0.000000000000000000e+00 4.028944657534246354e-01 0.000000000000000000e+00 3.787333753968253891e-01 0.000000000000000000e+00 0.000000000000000000e+00 0.000000000000000000e+00 0.000000000000000000e+00 0.000000000000000000e+00 0.000000000000000000e+00 0.000000000000000000e+00 0.000000000000000000e+00 0.000000000000000000e+00 0.000000000000000000e+00 0.000000000000000000e+00 4.128848455284553354e-01 0.000000000000000000e+00 0.000000000000000000e+00 0.000000000000000000e+00 4.405044430379746467e-01 0.000000000000000000e+00 3.613853323739270040e-01 0.000000000000000000e+00 4.057250497745216178e-01 0.000000000000000000e+00 3.864337925376154503e-01 0.000000000000000000e+00 3.793005004385965329e-01 0.000000000000000000e+00 3.951883966942149051e-01 0.000000000000000000e+00 0.000000000000000000e+00 0.000000000000000000e+00 4.255142058823530027e-01 0.000000000000000000e+00 3.123324722372443074e-01 3.701322173913043634e-01 3.378116287820863706e-01 3.826935728155339556e-01 3.669308480158730568e-01 0.000000000000000000e+00 3.521630469521130902e-01 3.284552982456140913e-01 0.000000000000000000e+00 0.000000000000000000e+00 3.803479808360076819e-01 0.000000000000000000e+00 0.000000000000000000e+00 0.000000000000000000e+00 3.916637695890280990e-01 0.000000000000000000e+00 0.000000000000000000e+00 0.000000000000000000e+00 3.766753832866480689e-01 0.000000000000000000e+00 0.000000000000000000e+00 0.000000000000000000e+00 0.000000000000000000e+00 0.000000000000000000e+00 0.000000000000000000e+00 0.000000000000000000e+00 0.000000000000000000e+00 0.000000000000000000e+00 0.000000000000000000e+00 0.000000000000000000e+00 0.000000000000000000e+00 0.000000000000000000e+00 0.000000000000000000e+00 0.000000000000000000e+00 0.000000000000000000e+00 0.000000000000000000e+00 0.000000000000000000e+00 0.000000000000000000e+00 0.000000000000000000e+00 0.000000000000000000e+00 0.000000000000000000e+00 0.000000000000000000e+00 0.000000000000000000e+00 0.000000000000000000e+00 0.000000000000000000e+00 0.000000000000000000e+00
0.000000000000000000e+00 3.930335961601965078e-01 4.041203641230528554e-01 3.249056177065073325e-01 4.319184864864865081e-01 2.743294812345123956e-01 4.164716163917525638e-01 2.962460527499089502e-01 4.630569880952381534e-01 2.792187265904592652e-01 0.000000000000000000e+00 3.192213001152073293e-01 4.633381839080459308e-01 3.371642412863543603e-01 4.166721827956988977e-01 3.078200834996887569e-01 0.000000000000000000e+00 0.000000000000000000e+00 0.000000000000000000e+00 3.972961209204557975e-01 3.969833764775413387e-01 0.000000000000000000e+00 4.038658700347536046e-01 3.494178191576364778e-01 0.000000000000000000e+00 2.873230967741935427e-01 4.116470421052630391e-01 2.843569561510080335e-01 0.000000000000000000e+00 3.266555241344367699e-01 4.074491807975530455e-01 3.383871538876466190e-01 0.000000000000000000e+00 3.988856441287478849e-01 0.000000000000000000e+00 0.000000000000000000e+00 0.000000000000000000e+00 4.114161529411765050e-01 0.000000000000000000e+00 0.000000000000000000e+00 0.000000000000000000e+00 0.000000000000000000e+00 0.000000000000000000e+00 0.000000000000000000e+00 0.000000000000000000e+00 0.000000000000000000e+00 0.000000000000000000e+00 0.000000000000000000e+00 0.000000000000000000e+00 0.000000000000000000e+00 0.000000000000000000e+00 3.709366419524919856e-01 0.000000000000000000e+00 0.000000000000000000e+00 0.000000000000000000e+00 0.000000000000000000e+00 0.000000000000000000e+00 3.874644999999999895e-01 0.000000000000000000e+00 0.000000000000000000e+00 0.000000000000000000e+00 0.000000000000000000e+00 0.000000000000000000e+00 3.647463949579831111e-01 0.000000000000000000e+00 0.000000000000000000e+00 0.000000000000000000e+00 4.195035714285714756e-01 0.000000000000000000e+00 4.428023013947847142e-01 4.902401796571830284e-01 3.228363309519002855e-01 0.000000000000000000e+00 3.401286550924442209e-01 0.000000000000000000e+00 3.478293706498951088e-01 0.000000000000000000e+00 3.305175093168029599e-01 0.000000000000000000e+00 0.000000000000000000e+00 0.000000000000000000e+00 3.756849193548387200e-01 0.000000000000000000e+00 0.000000000000000000e+00 0.000000000000000000e+00 3.984541116080782541e-01 0.000000000000000000e+00 0.000000000000000000e+00 0.000000000000000000e+00 3.821215081720987783e-01 0.000000000000000000e+00 0.000000000000000000e+00 0.000000000000000000e+00 0.000000000000000000e+00 0.000000000000000000e+00 0.000000000000000000e+00 0.000000000000000000e+00 0.000000000000000000e+00 0.000000000000000000e+00 3.693539918032786584e-01 0.000000000000000000e+00 0.000000000000000000e+00 0.000000000000000000e+00 3.701253281249999860e-01 0.000000000000000000e+00 2.858505390625000198e-01 0.000000000000000000e+00 0.000000000000000000e+00 0.000000000000000000e+00 0.000000000000000000e+00 0.000000000000000000e+00 0.000000000000000000e+00 0.000000000000000000e+00 0.000000000000000000e+00 0.000000000000000000e+00 0.000000000000000000e+00
3.032971352517174202e-01 4.792296021848739263e-01 3.861142207294672168e-01 4.811350703801198225e-01 2.854837384113176335e-01 0.000000000000000000e+00 3.643445968197454587e-01 4.838649463837225717e-01 3.423791250481401094e-01 0.000000000000000000e+00 3.505290248294634092e-01 0.000000000000000000e+00 3.294545295039968402e-01 4.722213763440860079e-01 0.000000000000000000e+00 0.000000000000000000e+00 3.663349291242713468e-01 0.000000000000000000e+00 4.156439147292599889e-01 5.004308343361024702e-01 0.000000000000000000e+00 0.000000000000000000e+00 4.075997581278340554e-01 4.921420060740386848e-01 0.000000000000000000e+00 0.000000000000000000e+00 0.000000000000000000e+00 0.000000000000000000e+00 3.849809992880306453e-01 0.000000000000000000e+00 4.237444065825478612e-01 5.026399518072288686e-01 3.989241671984865567e-01 4.734594578913223217e-01 4.210875796727924780e-01 0.000000000000000000e+00 4.471937826086956891e-01 0.000000000000000000e+00 0.000000000000000000e+00 0.000000000000000000e+00 0.000000000000000000e+00 0.000000000000000000e+00 0.000000000000000000e+00 0.000000000000000000e+00 0.000000000000000000e+00 0.000000000000000000e+00 0.000000000000000000e+00 0.000000000000000000e+00 0.000000000000000000e+00 0.000000000000000000e+00 4.089364132323571321e-01 0.000000000000000000e+00 0.000000000000000000e+00 0.000000000000000000e+00 3.882035362365591769e-01 0.000000000000000000e+00 3.708832234385210369e-01 0.000000000000000000e+00 4.114968137707024076e-01 4.876590000000000646e-01 4.003736147988761762e-01 0.000000000000000000e+00 3.875185811197807695e-01 0.000000000000000000e+00 3.986678322386923989e-01 0.000000000000000000e+00 4.422432720683707741e-01 0.000000000000000000e+00 4.304865554455445942e-01 4.706924224806201540e-01 3.756372584105277523e-01 5.234950270709236575e-01 3.492301399749250246e-01 4.659112869907612864e-01 0.000000000000000000e+00 0.000000000000000000e+00 3.777274253007213423e-01 4.554417642414403389e-01 0.000000000000000000e+00 0.000000000000000000e+00 3.960755109776109006e-01 0.000000000000000000e+00 0.000000000000000000e+00 0.000000000000000000e+00 3.959307965052560330e-01 4.626690176470588112e-01 0.000000000000000000e+00 0.000000000000000000e+00 4.079126778114421370e-01 0.000000000000000000e+00 0.000000000000000000e+00 0.000000000000000000e+00 0.000000000000000000e+00 0.000000000000000000e+00 0.000000000000000000e+00 0.000000000000000000e+00 0.000000000000000000e+00 0.000000000000000000e+00 0.000000000000000000e+00 0.000000000000000000e+00 0.000000000000000000e+00 0.000000000000000000e+00 0.000000000000000000e+00 0.000000000000000000e+00 0.000000000000000000e+00 0.000000000000000000e+00 0.000000000000000000e+00 0.000000000000000000e+00 0.000000000000000000e+00 0.000000000000000000e+00 0.000000000000000000e+00 0.000000000000000000e+00 0.000000000000000000e+00 0.000000000000000000e+00 0.000000000000000000e+00 0.000000000000000000e+00
4.802244894852031876e-01 3.744937446939489711e-01 4.588018437045061071e-01 3.961234679916873502e-01 3.966592831858406498e-01 3.167897936507936829e-01 4.737480152639549358e-01 3.749357386694865402e-01 0.000000000000000000e+00 3.192213001152073293e-01 0.000000000000000000e+00 2.807270757436336472e-01 4.563598450218477320e-01 2.717483569346330619e-01 0.000000000000000000e+00 3.570367580179322209e-01 4.607426601941748134e-01 3.530420287419465675e-01 4.906308668935111528e-01 4.132618476734308266e-01 0.000000000000000000e+00 0.000000000000000000e+00 4.613232117807682386e-01 3.955399932646693761e-01 0.000000000000000000e+00 0.000000000000000000e+00 0.000000000000000000e+00 0.000000000000000000e+00 4.732042112419400648e-01 4.073908532055189324e-01 3.990564605541874199e-01 3.651252887779105061e-01 4.577985010020457213e-01 3.891605666807875785e-01 4.334608571428571477e-01 0.000000000000000000e+00 4.934883333333333066e-01 4.758557271023303725e-01 0.000000000000000000e+00 0.000000000000000000e+00 0.000000000000000000e+00 0.000000000000000000e+00 0.000000000000000000e+00 0.000000000000000000e+00 0.000000000000000000e+00 0.000000000000000000e+00 0.000000000000000000e+00 0.000000000000000000e+00 0.000000000000000000e+00 3.940261534962671841e-01 0.000000000000000000e+00 3.888976285305264513e-01 0.000000000000000000e+00 3.678003216261777619e-01 0.000000000000000000e+00 0.000000000000000000e+00 0.000000000000000000e+00 4.049192151049558763e-01 0.000000000000000000e+00 4.234780444642176622e-01 0.000000000000000000e+00 4.062356660330749270e-01 0.000000000000000000e+00 3.952469647243477824e-01 0.000000000000000000e+00 3.923735686794524447e-01 0.000000000000000000e+00 4.217455216654887318e-01 0.000000000000000000e+00 4.487935548400867058e-01 5.038671942159360650e-01 3.705941004362739433e-01 4.662667906236275805e-01 3.908929297490769117e-01 0.000000000000000000e+00 3.796984218749999695e-01 4.673501604686505218e-01 4.093164666802397988e-01 0.000000000000000000e+00 3.637655072747976170e-01 0.000000000000000000e+00 4.150727071907613364e-01 0.000000000000000000e+00 0.000000000000000000e+00 0.000000000000000000e+00 4.201699058515113716e-01 0.000000000000000000e+00 0.000000000000000000e+00 0.000000000000000000e+00 4.163711667357196111e-01 4.014128031496062565e-01 0.000000000000000000e+00 0.000000000000000000e+00 0.000000000000000000e+00 0.000000000000000000e+00 0.000000000000000000e+00 0.000000000000000000e+00 0.000000000000000000e+00 0.000000000000000000e+00 0.000000000000000000e+00 0.000000000000000000e+00 0.000000000000000000e+00 0.000000000000000000e+00 4.322458660714286194e-01 0.000000000000000000e+00 0.000000000000000000e+00 0.000000000000000000e+00 0.000000000000000000e+00 0.000000000000000000e+00 0.000000000000000000e+00 0.000000000000000000e+00 0.000000000000000000e+00 0.000000000000000000e+00 0.000000000000000000e+00 0.000000000000000000e+00 0.000000000000000000e+00
3.647752993445872449e-01 0.000000000000000000e+00 3.445860957130759683e-01 4.446831879914867613e-01 2.984408122425156740e-01 0.000000000000000000e+00 3.096227600562889148e-01 4.526819954611642771e-01 2.059640131979936784e-01 4.633381839080459308e-01 3.294545295039968402e-01 4.563598450218477320e-01 2.635496518229280549e-01 4.363864017681433061e-01 2.858152863836094237e-01 3.482351338593974166e-01 3.964477728208166685e-01 0.000000000000000000e+00 4.060032577286514788e-01 4.677906551353139264e-01 0.000000000000000000e+00 0.000000000000000000e+00 3.498299413375724476e-01 4.523724945754979965e-01 0.000000000000000000e+00 0.000000000000000000e+00 3.433077999999999408e-01 0.000000000000000000e+00 3.790579542795641244e-01 4.121251821450907515e-01 3.432845061243690044e-01 4.433248644669289251e-01 3.634903950424997476e-01 4.485549015240694604e-01 0.000000000000000000e+00 0.000000000000000000e+00 4.280877361652265511e-01 0.000000000000000000e+00 3.934838224299064824e-01 0.000000000000000000e+00 0.000000000000000000e+00 0.000000000000000000e+00 0.000000000000000000e+00 0.000000000000000000e+00 4.041583829787233628e-01 0.000000000000000000e+00 0.000000000000000000e+00 0.000000000000000000e+00 4.540551468531468515e-01 4.849167023809523580e-01 4.023698898104988153e-01 0.000000000000000000e+00 3.869092552400270613e-01 0.000000000000000000e+00 3.859438424041276572e-01 0.000000000000000000e+00 3.899613354504941065e-01 0.000000000000000000e+00 4.040052965858749734e-01 4.656995101010100724e-01 4.066330929422050655e-01 0.000000000000000000e+00 3.727799796463164839e-01 0.000000000000000000e+00 3.945642604725857483e-01 0.000000000000000000e+00 4.396868299520418355e-01 0.000000000000000000e+00 4.274609971583063217e-01 0.000000000000000000e+00 3.481089087496947454e-01 4.930183323545255791e-01 3.844126248096676468e-01 4.556147017435557278e-01 3.912241639922978687e-01 0.000000000000000000e+00 3.833607362632887594e-01 4.692872090909091520e-01 0.000000000000000000e+00 0.000000000000000000e+00 3.811416062691310169e-01 0.000000000000000000e+00 3.699800625000000398e-01 0.000000000000000000e+00 3.906362475285473645e-01 0.000000000000000000e+00 3.899333052184998372e-01 0.000000000000000000e+00 3.887873579047629868e-01 0.000000000000000000e+00 4.117107028859326445e-01 4.281392653991569208e-01 0.000000000000000000e+00 0.000000000000000000e+00 4.622078095238094653e-01 0.000000000000000000e+00 0.000000000000000000e+00 0.000000000000000000e+00 0.000000000000000000e+00 4.414893214623608064e-01 0.000000000000000000e+00 0.000000000000000000e+00 3.995300393164767927e-01 4.412642120370370846e-01 0.000000000000000000e+00 0.000000000000000000e+00 0.000000000000000000e+00 0.000000000000000000e+00 0.000000000000000000e+00 0.000000000000000000e+00 0.000000000000000000e+00 4.330677692307692839e-01 0.000000000000000000e+00 0.000000000000000000e+00 0.000000000000000000e+00 0.000000000000000000e+00
