2.939181483517308568e-01 5.100964095805333720e-01 4.042685937472179081e-01 5.155631031392760022e-01 3.632394004731587245e-01 0.000000000000000000e+00 3.741872730479718911e-01 4.918247683112350610e-01 3.757790712895758833e-01 0.000000000000000000e+00 3.771423167329360226e-01 5.052656106855968332e-01 4.048756669856831691e-01 0.000000000000000000e+00 3.911621868726160578e-01 4.761583758865247651e-01 3.093313108011601642e-01 4.967364486764263565e-01 4.405238220080607836e-01 5.057219286516215773e-01 0.000000000000000000e+00 0.000000000000000000e+00 3.959144984946236789e-01 0.000000000000000000e+00 0.000000000000000000e+00 0.000000000000000000e+00 0.000000000000000000e+00 0.000000000000000000e+00 3.828449371707576820e-01 5.267596096053038801e-01 4.418883376259798990e-01 0.000000000000000000e+00 4.201093320418566313e-01 4.600614819736335015e-01 4.687528101694915517e-01 4.311214044943820212e-01 4.641224840040316657e-01 5.729139385106164495e-01 0.000000000000000000e+00 5.687623000749454372e-01 0.000000000000000000e+00 0.000000000000000000e+00 0.000000000000000000e+00 0.000000000000000000e+00 4.632445000000000590e-01 5.081589586206896048e-01 0.000000000000000000e+00 0.000000000000000000e+00 4.397093989956057380e-01 0.000000000000000000e+00 3.919322200713888371e-01 4.618710072463767524e-01 0.000000000000000000e+00 0.000000000000000000e+00 4.227675613200700955e-01 0.000000000000000000e+00 3.642786220648410178e-01 5.022630289574181450e-01 4.224735129841573067e-01 5.047855929127830210e-01 4.003943119855853938e-01 0.000000000000000000e+00 4.011324738070385920e-01 4.734528368394815834e-01 4.035010701047217485e-01 4.821462457003147239e-01 4.553709454586233329e-01 5.109358597039472816e-01 3.727693461800464791e-01 5.150101195238806495e-01 3.933814711466085412e-01 5.157701940987801104e-01 3.900559922329616680e-01 5.034227420335666281e-01 3.839980695673843591e-01 4.879797781315836080e-01 4.186698692427879842e-01 5.012175343459124299e-01 4.030435840674919667e-01 0.000000000000000000e+00 3.997605906275565335e-01 4.722011016949152484e-01 0.000000000000000000e+00 0.000000000000000000e+00 4.354520029939669690e-01 4.563867249999999376e-01 0.000000000000000000e+00 0.000000000000000000e+00 4.455662962943285343e-01 0.000000000000000000e+00 5.037514475524476065e-01 4.965786610606849893e-01 0.000000000000000000e+00 4.030149838775510251e-01 4.549249722133023033e-01 0.000000000000000000e+00 0.000000000000000000e+00 0.000000000000000000e+00 0.000000000000000000e+00 4.662230515570807698e-01 0.000000000000000000e+00 0.000000000000000000e+00 5.059449946771973350e-01 4.744861251802174329e-01 4.697230968135225893e-01 4.993886774193547207e-01 0.000000000000000000e+00 0.000000000000000000e+00 0.000000000000000000e+00 0.000000000000000000e+00 0.000000000000000000e+00 4.036137902097902130e-01 0.000000000000000000e+00 0.000000000000000000e+00 0.000000000000000000e+00 0.000000000000000000e+00
5.100964095805333720e-01 2.767320002703901882e-01 4.940185502203528478e-01 4.083718810937718713e-01 0.000000000000000000e+00 3.748360230864197229e-01 4.859067558566627087e-01 3.244317945605196818e-01 0.000000000000000000e+00 3.673554005149946566e-01 0.000000000000000000e+00 4.007064425454135437e-01 0.000000000000000000e+00 3.977601164947403567e-01 4.695740790656796615e-01 4.149078691872221114e-01 4.869434406800185466e-01 3.701152050657661174e-01 5.125545488039966457e-01 3.563395941436945935e-01 0.000000000000000000e+00 0.000000000000000000e+00 4.904154329042029747e-01 0.000000000000000000e+00 0.000000000000000000e+00 0.000000000000000000e+00 0.000000000000000000e+00 3.201200825688073071e-01 4.959959065420561641e-01 4.229602724025141036e-01 0.000000000000000000e+00 0.000000000000000000e+00 4.981464474806944764e-01 4.689478783388720262e-01 4.576530187949142126e-01 4.481121060606061413e-01 5.135417470367776849e-01 5.591949254470164332e-01 0.000000000000000000e+00 5.185078336248016839e-01 0.000000000000000000e+00 0.000000000000000000e+00 0.000000000000000000e+00 4.019601894736841152e-01 0.000000000000000000e+00 4.210203644567535597e-01 0.000000000000000000e+00 0.000000000000000000e+00 0.000000000000000000e+00 4.245738920430044971e-01 0.000000000000000000e+00 4.071572584837153674e-01 0.000000000000000000e+00 4.201896640475882294e-01 0.000000000000000000e+00 4.098189899215636256e-01 5.046590780857101999e-01 3.623435203086071144e-01 5.082967882968303375e-01 4.261055504370765967e-01 0.000000000000000000e+00 3.821365736200936780e-01 5.321304148148148228e-01 3.918821301051710337e-01 0.000000000000000000e+00 3.987435589929493318e-01 5.183122668077837503e-01 3.902905734439675589e-01 5.278726613317273886e-01 2.301823437451596399e-01 5.406141911869225547e-01 4.652032857194564608e-01 4.802552216659068951e-01 4.371950137715109319e-01 0.000000000000000000e+00 4.251537995077491749e-01 5.045469188790481230e-01 4.690566555717257669e-01 0.000000000000000000e+00 4.072297676767676067e-01 0.000000000000000000e+00 4.293099602907624601e-01 0.000000000000000000e+00 0.000000000000000000e+00 0.000000000000000000e+00 4.128292999997725810e-01 0.000000000000000000e+00 0.000000000000000000e+00 0.000000000000000000e+00 4.215539292533235227e-01 5.049706388888889341e-01 5.068152603083213581e-01 0.000000000000000000e+00 0.000000000000000000e+00 5.044653009708738312e-01 5.322510284693877658e-01 5.174777120000000341e-01 0.000000000000000000e+00 5.227592772724194425e-01 5.651301397058823284e-01 0.000000000000000000e+00 0.000000000000000000e+00 4.871393884939012042e-01 4.982007754655220499e-01 5.055634899916826575e-01 4.865713098746626275e-01 0.000000000000000000e+00 0.000000000000000000e+00 0.000000000000000000e+00 0.000000000000000000e+00 4.727769466666666420e-01 5.121007142857144645e-01 0.000000000000000000e+00 0.000000000000000000e+00 0.000000000000000000e+00 0.000000000000000000e+00
4.042685937472179081e-01 4.940185502203528478e-01 2.880263120134373134e-01 4.244978260677638171e-01 2.682494557067605645e-01 4.243277469314435391e-01 3.694022773598147902e-01 4.417308404820052825e-01 3.400910361787726210e-01 4.066071912285039169e-01 4.144787774977362615e-01 4.613336024231736165e-01 3.716852269230178640e-01 4.127395780358852351e-01 3.480665613684992277e-01 4.118129632962214126e-01 4.306273519832994334e-01 4.634773183149840659e-01 3.499793172476544090e-01 5.197317326806514259e-01 3.746276056338028182e-01 0.000000000000000000e+00 2.725275092451330816e-01 3.971459726257234868e-01 3.014929341435828580e-01 4.342120783624504043e-01 3.417586201798000767e-01 4.327710266666666694e-01 3.939540063163289307e-01 4.601769104485114448e-01 3.511809453250238078e-01 3.945468719384243039e-01 4.249248964732718625e-01 4.624363599044246098e-01 4.242605248635716864e-01 4.865991249999999657e-01 4.427268533629133418e-01 4.106985950413223341e-01 4.505446675465838435e-01 0.000000000000000000e+00 0.000000000000000000e+00 0.000000000000000000e+00 4.214700684931506625e-01 0.000000000000000000e+00 0.000000000000000000e+00 0.000000000000000000e+00 4.116609776119403152e-01 0.000000000000000000e+00 4.679814905730370067e-01 0.000000000000000000e+00 4.266624101351746967e-01 4.699271202879039544e-01 4.248995918273237304e-01 0.000000000000000000e+00 4.149936266376981209e-01 0.000000000000000000e+00 4.179557168648891374e-01 4.428471643835616423e-01 4.605089329420381516e-01 5.035072080907491143e-01 4.218582405730257889e-01 0.000000000000000000e+00 4.354663220761740283e-01 4.516174880501311328e-01 4.200368308321539290e-01 0.000000000000000000e+00 4.616903407694131767e-01 4.854924756189992197e-01 4.313666454284388330e-01 5.026329771231132781e-01 3.605711359317355647e-01 5.038420990151853962e-01 3.794296287854888039e-01 4.630669473107046907e-01 3.767243181616452552e-01 4.483282688172043340e-01 4.046033264358138148e-01 4.658778082314641300e-01 0.000000000000000000e+00 0.000000000000000000e+00 3.976231128985453500e-01 0.000000000000000000e+00 0.000000000000000000e+00 0.000000000000000000e+00 4.125649826306169721e-01 0.000000000000000000e+00 3.915607263157894202e-01 0.000000000000000000e+00 4.232492252992743897e-01 0.000000000000000000e+00 4.287517866666666344e-01 4.511757359791988553e-01 0.000000000000000000e+00 0.000000000000000000e+00 4.656637010064056947e-01 0.000000000000000000e+00 0.000000000000000000e+00 0.000000000000000000e+00 0.000000000000000000e+00 4.593226404907707616e-01 0.000000000000000000e+00 4.278921488851472610e-01 5.320621594202897819e-01 4.626892503176959215e-01 4.721079815440674676e-01 0.000000000000000000e+00 4.565469031159420377e-01 0.000000000000000000e+00 0.000000000000000000e+00 0.000000000000000000e+00 0.000000000000000000e+00 0.000000000000000000e+00 0.000000000000000000e+00 0.000000000000000000e+00 0.000000000000000000e+00 0.000000000000000000e+00
5.155631031392760022e-01 4.083718810937718713e-01 4.244978260677638171e-01 2.820144215558442746e-01 4.144668415841584741e-01 2.955311853469723138e-01 4.549902173736444788e-01 3.962528798462749968e-01 3.981432387591206656e-01 3.157613192110522715e-01 4.641456097560976435e-01 4.291831401827164161e-01 4.030067546896841657e-01 3.744063181981371335e-01 4.047772683419437745e-01 3.323172880431431997e-01 5.044269877751633713e-01 4.554845592405672994e-01 5.382316953288710515e-01 3.235622113152460955e-01 3.565560692332369053e-01 0.000000000000000000e+00 3.992932076240063299e-01 2.582871950155352092e-01 4.309536382978723101e-01 2.802396081625766477e-01 4.210400212765957328e-01 3.282718681122449023e-01 4.457805350796968380e-01 4.330817377193518780e-01 3.577594494140625692e-01 2.662929802794115064e-01 5.280450112028302057e-01 3.889695669124683675e-01 0.000000000000000000e+00 4.898912489082288269e-01 0.000000000000000000e+00 4.823312224014236205e-01 0.000000000000000000e+00 4.980811297405198235e-01 0.000000000000000000e+00 0.000000000000000000e+00 0.000000000000000000e+00 4.476090599999999475e-01 0.000000000000000000e+00 4.951841315789474729e-01 0.000000000000000000e+00 0.000000000000000000e+00 0.000000000000000000e+00 4.478573663432247054e-01 0.000000000000000000e+00 4.300816786391797319e-01 0.000000000000000000e+00 0.000000000000000000e+00 0.000000000000000000e+00 0.000000000000000000e+00 0.000000000000000000e+00 4.472508774622923622e-01 5.388994478527606713e-01 4.910503939953996255e-01 0.000000000000000000e+00 3.959087233127882577e-01 0.000000000000000000e+00 4.298069314813092734e-01 0.000000000000000000e+00 4.195425385949751451e-01 5.232965037584161871e-01 4.634091140167507783e-01 5.186620498751559616e-01 4.835783246358132947e-01 4.581354769803505644e-01 4.068632195023112463e-01 4.305107072856048100e-01 4.200174352595031912e-01 4.786779797979797690e-01 3.672707033373853736e-01 4.655884227077126125e-01 4.350168813280734237e-01 0.000000000000000000e+00 0.000000000000000000e+00 0.000000000000000000e+00 4.477750010664803271e-01 0.000000000000000000e+00 0.000000000000000000e+00 0.000000000000000000e+00 4.280324577281602316e-01 0.000000000000000000e+00 0.000000000000000000e+00 0.000000000000000000e+00 4.573669504687510323e-01 5.054688692892996826e-01 4.421375433122141096e-01 0.000000000000000000e+00 0.000000000000000000e+00 0.000000000000000000e+00 0.000000000000000000e+00 0.000000000000000000e+00 0.000000000000000000e+00 4.778422197064487453e-01 4.368787266666666613e-01 0.000000000000000000e+00 0.000000000000000000e+00 4.779830518339768242e-01 4.457204170565301493e-01 0.000000000000000000e+00 4.377140737704918183e-01 0.000000000000000000e+00 0.000000000000000000e+00 0.000000000000000000e+00 0.000000000000000000e+00 0.000000000000000000e+00 0.000000000000000000e+00 0.000000000000000000e+00 0.000000000000000000e+00 0.000000000000000000e+00 0.000000000000000000e+00
3.632394004731587245e-01 0.000000000000000000e+00 2.682494557067605645e-01 4.144668415841584741e-01 2.292058859264529125e-01 4.294085602203470686e-01 3.177093526964889780e-01 0.000000000000000000e+00 2.437297725482032995e-01 4.271347074224516871e-01 0.000000000000000000e+00 0.000000000000000000e+00 3.254422329902059152e-01 0.000000000000000000e+00 2.693011684056974553e-01 3.995715186842304090e-01 3.568126075949367149e-01 0.000000000000000000e+00 3.806769119283217595e-01 0.000000000000000000e+00 3.622524727105325693e-01 0.000000000000000000e+00 3.124093816894542575e-01 0.000000000000000000e+00 2.673394640189534210e-01 4.084021557999240604e-01 2.823054618090674595e-01 0.000000000000000000e+00 2.895953590644670950e-01 0.000000000000000000e+00 3.586300397617677160e-01 3.876746656477625397e-01 3.769246233345063812e-01 0.000000000000000000e+00 4.111734732142856563e-01 0.000000000000000000e+00 3.613827100165682427e-01 0.000000000000000000e+00 4.128401020408163369e-01 0.000000000000000000e+00 0.000000000000000000e+00 0.000000000000000000e+00 4.216233645537525443e-01 0.000000000000000000e+00 0.000000000000000000e+00 0.000000000000000000e+00 4.321371684615384900e-01 0.000000000000000000e+00 4.384009662162162702e-01 0.000000000000000000e+00 4.395269041095890561e-01 0.000000000000000000e+00 0.000000000000000000e+00 0.000000000000000000e+00 3.858103968456535471e-01 0.000000000000000000e+00 3.483346435643563943e-01 0.000000000000000000e+00 0.000000000000000000e+00 0.000000000000000000e+00 0.000000000000000000e+00 0.000000000000000000e+00 3.828640222222222667e-01 0.000000000000000000e+00 4.017542194994606075e-01 0.000000000000000000e+00 4.099843715494131402e-01 0.000000000000000000e+00 0.000000000000000000e+00 0.000000000000000000e+00 3.423474715437057614e-01 4.366234921129860669e-01 3.044828222396288031e-01 4.400301926605503788e-01 3.292044722454082750e-01 0.000000000000000000e+00 3.269080586589462323e-01 0.000000000000000000e+00 0.000000000000000000e+00 0.000000000000000000e+00 3.765862899610136760e-01 0.000000000000000000e+00 3.673874406511030699e-01 0.000000000000000000e+00 3.796089242822908161e-01 0.000000000000000000e+00 3.856482137931034893e-01 0.000000000000000000e+00 3.856232406273352176e-01 0.000000000000000000e+00 0.000000000000000000e+00 0.000000000000000000e+00 0.000000000000000000e+00 0.000000000000000000e+00 0.000000000000000000e+00 0.000000000000000000e+00 0.000000000000000000e+00 0.000000000000000000e+00 0.000000000000000000e+00 0.000000000000000000e+00 0.000000000000000000e+00 0.000000000000000000e+00 0.000000000000000000e+00 0.000000000000000000e+00 0.000000000000000000e+00 0.000000000000000000e+00 0.000000000000000000e+00 0.000000000000000000e+00 0.000000000000000000e+00 0.000000000000000000e+00 0.000000000000000000e+00 0.000000000000000000e+00 0.000000000000000000e+00 0.000000000000000000e+00 0.000000000000000000e+00 0.000000000000000000e+00
0.000000000000000000e+00 3.748360230864197229e-01 4.243277469314435391e-01 2.955311853469723138e-01 4.294085602203470686e-01 2.153656649790919309e-01 4.187392708333333435e-01 3.023417096036231655e-01 4.170681497274756344e-01 2.941844463178969193e-01 0.000000000000000000e+00 3.063106551724137372e-01 0.000000000000000000e+00 3.490505404051056360e-01 4.281039952880926758e-01 2.962985216300264013e-01 0.000000000000000000e+00 0.000000000000000000e+00 4.429897957829457278e-01 3.639346607972209213e-01 4.102975917794221550e-01 2.532946000000000364e-01 4.223011295125383979e-01 3.580728111220027321e-01 4.022880104977462623e-01 2.844909851617936636e-01 4.429447532467532533e-01 2.429894606093432052e-01 0.000000000000000000e+00 3.377169985665090524e-01 3.869911198119056484e-01 3.620666239096400063e-01 0.000000000000000000e+00 4.147885964788849411e-01 0.000000000000000000e+00 5.062230388349514554e-01 0.000000000000000000e+00 0.000000000000000000e+00 0.000000000000000000e+00 0.000000000000000000e+00 0.000000000000000000e+00 0.000000000000000000e+00 0.000000000000000000e+00 0.000000000000000000e+00 0.000000000000000000e+00 0.000000000000000000e+00 0.000000000000000000e+00 4.595719333333332934e-01 0.000000000000000000e+00 4.714967531020907154e-01 0.000000000000000000e+00 3.583600523255813797e-01 0.000000000000000000e+00 4.426897209313402914e-01 0.000000000000000000e+00 0.000000000000000000e+00 0.000000000000000000e+00 0.000000000000000000e+00 4.827016700000000271e-01 3.688335862068965465e-01 0.000000000000000000e+00 3.593260975142045233e-01 0.000000000000000000e+00 0.000000000000000000e+00 0.000000000000000000e+00 3.389521503759398424e-01 0.000000000000000000e+00 4.651505524498407707e-01 0.000000000000000000e+00 0.000000000000000000e+00 4.300192854247534280e-01 3.138160710104142548e-01 3.917876800595238573e-01 3.152671533942246196e-01 0.000000000000000000e+00 3.100902569627050354e-01 0.000000000000000000e+00 3.479509137319113932e-01 0.000000000000000000e+00 0.000000000000000000e+00 0.000000000000000000e+00 0.000000000000000000e+00 0.000000000000000000e+00 0.000000000000000000e+00 0.000000000000000000e+00 4.291560139097814752e-01 0.000000000000000000e+00 0.000000000000000000e+00 0.000000000000000000e+00 3.826200130803880661e-01 0.000000000000000000e+00 0.000000000000000000e+00 0.000000000000000000e+00 0.000000000000000000e+00 0.000000000000000000e+00 0.000000000000000000e+00 0.000000000000000000e+00 0.000000000000000000e+00 0.000000000000000000e+00 0.000000000000000000e+00 0.000000000000000000e+00 0.000000000000000000e+00 0.000000000000000000e+00 0.000000000000000000e+00 0.000000000000000000e+00 0.000000000000000000e+00 0.000000000000000000e+00 0.000000000000000000e+00 0.000000000000000000e+00 0.000000000000000000e+00 0.000000000000000000e+00 0.000000000000000000e+00 0.000000000000000000e+00 0.000000000000000000e+00 0.000000000000000000e+00 0.000000000000000000e+00
3.741872730479718911e-01 4.859067558566627087e-01 3.694022773598147902e-01 4.549902173736444788e-01 3.177093526964889780e-01 4.187392708333333435e-01 2.918840699410509276e-01 4.374518238199500142e-01 3.329348464266154162e-01 3.988600039939573239e-01 4.057614859302506316e-01 4.458670158570078312e-01 3.209815703872364590e-01 4.034153702813232378e-01 3.425517663108149091e-01 3.923014348005982033e-01 4.101289656252278260e-01 4.948862257733361303e-01 4.166999480662220701e-01 4.985710018711252411e-01 0.000000000000000000e+00 0.000000000000000000e+00 3.647090956620795965e-01 3.958238257384891212e-01 3.580336825564616188e-01 4.269109033650458906e-01 3.445708101265822498e-01 0.000000000000000000e+00 3.663053992765651912e-01 4.404550461918183002e-01 3.455776232974203666e-01 4.211270785445175857e-01 4.022090777202545486e-01 4.548314053424392656e-01 4.315840626770883759e-01 0.000000000000000000e+00 3.825970063674954957e-01 4.526796126973826606e-01 4.275925816993463302e-01 0.000000000000000000e+00 4.106667266187050691e-01 0.000000000000000000e+00 4.283340203242749777e-01 0.000000000000000000e+00 4.437613585587801279e-01 0.000000000000000000e+00 0.000000000000000000e+00 0.000000000000000000e+00 4.211137714918763986e-01 0.000000000000000000e+00 4.136240591696045965e-01 0.000000000000000000e+00 0.000000000000000000e+00 0.000000000000000000e+00 4.199630444260217810e-01 3.968771161616161391e-01 4.147333968884902022e-01 4.957708775510204502e-01 4.204707330772852192e-01 5.184311249999999927e-01 4.131948049483418761e-01 0.000000000000000000e+00 4.214657121266370821e-01 0.000000000000000000e+00 4.114062408344273947e-01 0.000000000000000000e+00 4.255676038043382792e-01 0.000000000000000000e+00 0.000000000000000000e+00 4.806175874125874770e-01 3.626121831128996664e-01 4.860231274533270418e-01 3.704792980682320991e-01 4.525471630506660015e-01 3.604158228716166090e-01 4.061704012064614178e-01 3.791305306533589436e-01 4.686802936665579455e-01 0.000000000000000000e+00 0.000000000000000000e+00 4.092815262641675833e-01 5.103113451776650766e-01 4.394975333333333012e-01 0.000000000000000000e+00 4.357417281309418078e-01 0.000000000000000000e+00 0.000000000000000000e+00 0.000000000000000000e+00 4.442764181862660644e-01 0.000000000000000000e+00 0.000000000000000000e+00 4.941250105820105820e-01 0.000000000000000000e+00 0.000000000000000000e+00 0.000000000000000000e+00 0.000000000000000000e+00 0.000000000000000000e+00 0.000000000000000000e+00 4.920221189644607973e-01 4.247158480000001179e-01 0.000000000000000000e+00 0.000000000000000000e+00 4.433257999999999366e-01 4.532395371030976672e-01 0.000000000000000000e+00 4.074950222222222251e-01 0.000000000000000000e+00 0.000000000000000000e+00 0.000000000000000000e+00 0.000000000000000000e+00 0.000000000000000000e+00 0.000000000000000000e+00 0.000000000000000000e+00 0.000000000000000000e+00 0.000000000000000000e+00 0.000000000000000000e+00
4.918247683112350610e-01 3.244317945605196818e-01 4.417308404820052825e-01 3.962528798462749968e-01 0.000000000000000000e+00 3.023417096036231655e-01 4.374518238199500142e-01 2.851219622142691645e-01 3.885029514789934968e-01 3.110073763236634314e-01 4.582610418914268013e-01 3.641269305951344015e-01 3.987002258461415094e-01 3.077900087944759888e-01 3.945773610143881727e-01 3.104970717391366541e-01 0.000000000000000000e+00 4.284661007922676013e-01 4.905808841423748845e-01 4.327819827144939180e-01 0.000000000000000000e+00 0.000000000000000000e+00 4.200317001865114808e-01 3.866446980981305681e-01 0.000000000000000000e+00 3.246274446566343452e-01 0.000000000000000000e+00 0.000000000000000000e+00 4.185767554377631261e-01 3.998826170315565864e-01 3.926397580517657637e-01 3.360049333199979782e-01 4.748130837363595536e-01 3.816352029371368193e-01 0.000000000000000000e+00 4.851071533181897100e-01 0.000000000000000000e+00 4.330186086285652824e-01 0.000000000000000000e+00 0.000000000000000000e+00 0.000000000000000000e+00 0.000000000000000000e+00 0.000000000000000000e+00 4.206930186915887049e-01 0.000000000000000000e+00 3.970863172521548190e-01 0.000000000000000000e+00 0.000000000000000000e+00 0.000000000000000000e+00 4.005249687549738979e-01 0.000000000000000000e+00 4.006415359985213143e-01 0.000000000000000000e+00 3.771774590050940290e-01 0.000000000000000000e+00 4.157690390781048628e-01 0.000000000000000000e+00 3.900174247233610392e-01 4.546443765073603371e-01 4.154358948510306071e-01 0.000000000000000000e+00 4.000954212414434275e-01 0.000000000000000000e+00 4.050230842537850817e-01 0.000000000000000000e+00 4.057532101542356551e-01 4.470557796610168944e-01 4.220143625854789748e-01 0.000000000000000000e+00 4.822273387096774333e-01 4.043228513513513755e-01 3.763555644237915332e-01 4.114161992419125835e-01 3.932591967029842595e-01 3.754194972011195564e-01 3.832327317749580353e-01 4.412854386878055646e-01 3.897700801962998840e-01 0.000000000000000000e+00 4.088132059793814777e-01 0.000000000000000000e+00 4.364078004350303019e-01 0.000000000000000000e+00 0.000000000000000000e+00 4.927290743243242788e-01 4.220068478845585558e-01 0.000000000000000000e+00 0.000000000000000000e+00 0.000000000000000000e+00 4.238445443361592013e-01 0.000000000000000000e+00 0.000000000000000000e+00 0.000000000000000000e+00 0.000000000000000000e+00 4.963534087591240929e-01 0.000000000000000000e+00 0.000000000000000000e+00 0.000000000000000000e+00 4.665567872340424804e-01 4.373393928571428502e-01 0.000000000000000000e+00 0.000000000000000000e+00 4.897128359375000350e-01 0.000000000000000000e+00 4.564486486486486472e-01 0.000000000000000000e+00 0.000000000000000000e+00 0.000000000000000000e+00 0.000000000000000000e+00 0.000000000000000000e+00 0.000000000000000000e+00 0.000000000000000000e+00 0.000000000000000000e+00 0.000000000000000000e+00 0.000000000000000000e+00 0.000000000000000000e+00
3.757790712895758833e-01 0.000000000000000000e+00 3.400910361787726210e-01 3.981432387591206656e-01 2.437297725482032995e-01 4.170681497274756344e-01 3.329348464266154162e-01 3.885029514789934968e-01 2.642937185397464805e-01 3.975451008363125593e-01 3.791462605312714840e-01 0.000000000000000000e+00 3.096235431591222720e-01 3.849671021877799082e-01 2.865984731940691144e-01 4.121173239244469433e-01 3.884623636363637167e-01 0.000000000000000000e+00 3.941743642676767689e-01 0.000000000000000000e+00 3.794588949836372183e-01 0.000000000000000000e+00 3.479610480474435996e-01 4.201142481504788750e-01 2.560206185167464010e-01 4.093951708359775954e-01 3.203508670592251084e-01 4.424520113636363772e-01 3.358561907572861216e-01 0.000000000000000000e+00 3.399948227269635748e-01 3.939734853800395675e-01 0.000000000000000000e+00 0.000000000000000000e+00 0.000000000000000000e+00 0.000000000000000000e+00 0.000000000000000000e+00 0.000000000000000000e+00 0.000000000000000000e+00 0.000000000000000000e+00 0.000000000000000000e+00 0.000000000000000000e+00 4.517147534246575558e-01 0.000000000000000000e+00 4.173482183098591314e-01 0.000000000000000000e+00 4.049158056545497653e-01 0.000000000000000000e+00 0.000000000000000000e+00 0.000000000000000000e+00 4.270194222222222225e-01 0.000000000000000000e+00 0.000000000000000000e+00 0.000000000000000000e+00 0.000000000000000000e+00 0.000000000000000000e+00 0.000000000000000000e+00 0.000000000000000000e+00 0.000000000000000000e+00 0.000000000000000000e+00 4.028500374416958962e-01 0.000000000000000000e+00 4.018678379508835441e-01 0.000000000000000000e+00 4.137196452380952350e-01 0.000000000000000000e+00 4.102753556892654863e-01 0.000000000000000000e+00 0.000000000000000000e+00 0.000000000000000000e+00 3.182661854063063012e-01 4.062967599999999790e-01 3.311034519328205361e-01 4.185694169344043036e-01 3.218040000000000345e-01 0.000000000000000000e+00 3.635139699634740706e-01 0.000000000000000000e+00 0.000000000000000000e+00 0.000000000000000000e+00 3.947580569037252296e-01 0.000000000000000000e+00 3.373550650375939930e-01 0.000000000000000000e+00 3.894265085543487381e-01 0.000000000000000000e+00 3.386482291666667588e-01 0.000000000000000000e+00 3.934868115970460711e-01 0.000000000000000000e+00 0.000000000000000000e+00 0.000000000000000000e+00 0.000000000000000000e+00 0.000000000000000000e+00 0.000000000000000000e+00 0.000000000000000000e+00 0.000000000000000000e+00 0.000000000000000000e+00 0.000000000000000000e+00 0.000000000000000000e+00 0.000000000000000000e+00 0.000000000000000000e+00 0.000000000000000000e+00 0.000000000000000000e+00 0.000000000000000000e+00 0.000000000000000000e+00 0.000000000000000000e+00 0.000000000000000000e+00 0.000000000000000000e+00 0.000000000000000000e+00 0.000000000000000000e+00 0.000000000000000000e+00 0.000000000000000000e+00 0.000000000000000000e+00 0.000000000000000000e+00 0.000000000000000000e+00
0.000000000000000000e+00 3.673554005149946566e-01 4.066071912285039169e-01 3.157613192110522715e-01 4.271347074224516871e-01 2.941844463178969193e-01 3.988600039939573239e-01 3.110073763236634314e-01 3.975451008363125593e-01 2.722237126737709345e-01 0.000000000000000000e+00 3.388324644005669684e-01 3.968207393455838172e-01 3.370505437735922816e-01 4.082954049723114265e-01 2.922644333842359665e-01 0.000000000000000000e+00 0.000000000000000000e+00 0.000000000000000000e+00 3.845474320987654071e-01 3.633870512820512322e-01 0.000000000000000000e+00 3.997624371697458545e-01 3.399520741528628820e-01 4.167195685748359968e-01 3.305619374397061883e-01 0.000000000000000000e+00 3.239941612903225465e-01 0.000000000000000000e+00 3.290508661241134947e-01 3.753875716810607388e-01 3.296010200765588927e-01 0.000000000000000000e+00 3.694845607128788845e-01 0.000000000000000000e+00 4.941927203389830381e-01 0.000000000000000000e+00 0.000000000000000000e+00 0.000000000000000000e+00 0.000000000000000000e+00 0.000000000000000000e+00 0.000000000000000000e+00 0.000000000000000000e+00 4.487651304347826664e-01 0.000000000000000000e+00 0.000000000000000000e+00 0.000000000000000000e+00 4.228567685787670838e-01 0.000000000000000000e+00 3.641974135083286823e-01 0.000000000000000000e+00 4.105728558189444821e-01 0.000000000000000000e+00 3.624710684931506943e-01 0.000000000000000000e+00 3.673558543778802088e-01 0.000000000000000000e+00 4.108717326732673203e-01 0.000000000000000000e+00 4.027560229007633441e-01 0.000000000000000000e+00 3.436464012006860691e-01 0.000000000000000000e+00 3.996100446121811922e-01 0.000000000000000000e+00 3.669600261370157823e-01 0.000000000000000000e+00 3.755723328976842690e-01 0.000000000000000000e+00 0.000000000000000000e+00 3.427923088235293458e-01 3.097138380399421798e-01 3.917040663161729386e-01 3.372270786412471244e-01 0.000000000000000000e+00 3.126451662297162204e-01 3.979889120000000280e-01 3.337044000988430015e-01 0.000000000000000000e+00 0.000000000000000000e+00 0.000000000000000000e+00 3.812257467227130325e-01 0.000000000000000000e+00 0.000000000000000000e+00 0.000000000000000000e+00 3.947878885612537414e-01 0.000000000000000000e+00 0.000000000000000000e+00 0.000000000000000000e+00 3.911362400595985722e-01 0.000000000000000000e+00 0.000000000000000000e+00 0.000000000000000000e+00 0.000000000000000000e+00 0.000000000000000000e+00 0.000000000000000000e+00 0.000000000000000000e+00 0.000000000000000000e+00 0.000000000000000000e+00 0.000000000000000000e+00 0.000000000000000000e+00 0.000000000000000000e+00 0.000000000000000000e+00 0.000000000000000000e+00 0.000000000000000000e+00 0.000000000000000000e+00 0.000000000000000000e+00 0.000000000000000000e+00 0.000000000000000000e+00 0.000000000000000000e+00 0.000000000000000000e+00 0.000000000000000000e+00 0.000000000000000000e+00 0.000000000000000000e+00 0.000000000000000000e+00 0.000000000000000000e+00
3.771423167329360226e-01 0.000000000000000000e+00 4.144787774977362615e-01 4.641456097560976435e-01 0.000000000000000000e+00 0.000000000000000000e+00 4.057614859302506316e-01 4.582610418914268013e-01 3.791462605312714840e-01 0.000000000000000000e+00 2.822661466535386077e-01 4.693635314930172941e-01 2.635510454653494650e-01 4.178830248487467314e-01 3.809831377751908832e-01 4.394639189189189499e-01 2.755444989226804586e-01 4.922507439024390585e-01 4.174177019155496660e-01 4.870013291696905222e-01 0.000000000000000000e+00 0.000000000000000000e+00 3.692696000485637398e-01 0.000000000000000000e+00 0.000000000000000000e+00 0.000000000000000000e+00 0.000000000000000000e+00 0.000000000000000000e+00 3.694924838009548407e-01 4.762907056402331252e-01 4.054037075788641253e-01 4.045284146341464049e-01 4.003495009311380248e-01 4.727764278894860395e-01 0.000000000000000000e+00 0.000000000000000000e+00 4.084252909387374175e-01 5.525735631578946316e-01 4.442071118881119052e-01 5.338945528455284473e-01 0.000000000000000000e+00 0.000000000000000000e+00 0.000000000000000000e+00 0.000000000000000000e+00 0.000000000000000000e+00 0.000000000000000000e+00 0.000000000000000000e+00 0.000000000000000000e+00 4.390417349291962368e-01 0.000000000000000000e+00 4.141756056995248292e-01 0.000000000000000000e+00 0.000000000000000000e+00 0.000000000000000000e+00 4.102862860317461058e-01 0.000000000000000000e+00 3.965970480462076564e-01 0.000000000000000000e+00 4.516216365151177192e-01 5.005268630952380837e-01 4.111939487891371758e-01 0.000000000000000000e+00 4.110505109469754226e-01 0.000000000000000000e+00 4.311319067257332605e-01 0.000000000000000000e+00 4.357839310785782128e-01 5.049657000000000728e-01 4.631828888888889773e-01 0.000000000000000000e+00 0.000000000000000000e+00 4.774557954357280809e-01 3.702987192139138295e-01 4.639327843085515046e-01 3.825268571428571129e-01 0.000000000000000000e+00 4.016874513558483240e-01 4.725010642893207047e-01 3.882928113207546605e-01 0.000000000000000000e+00 4.054226287270235596e-01 0.000000000000000000e+00 0.000000000000000000e+00 0.000000000000000000e+00 4.264737441898515669e-01 0.000000000000000000e+00 0.000000000000000000e+00 0.000000000000000000e+00 4.405407747812669639e-01 0.000000000000000000e+00 0.000000000000000000e+00 0.000000000000000000e+00 0.000000000000000000e+00 0.000000000000000000e+00 0.000000000000000000e+00 0.000000000000000000e+00 0.000000000000000000e+00 0.000000000000000000e+00 0.000000000000000000e+00 0.000000000000000000e+00 0.000000000000000000e+00 0.000000000000000000e+00 0.000000000000000000e+00 0.000000000000000000e+00 4.196265523809523112e-01 0.000000000000000000e+00 0.000000000000000000e+00 0.000000000000000000e+00 0.000000000000000000e+00 0.000000000000000000e+00 0.000000000000000000e+00 0.000000000000000000e+00 0.000000000000000000e+00 0.000000000000000000e+00 0.000000000000000000e+00 0.000000000000000000e+00
5.052656106855968332e-01 4.007064425454135437e-01 4.613336024231736165e-01 4.291831401827164161e-01 0.000000000000000000e+00 3.063106551724137372e-01 4.458670158570078312e-01 3.641269305951344015e-01 0.000000000000000000e+00 3.388324644005669684e-01 4.693635314930172941e-01 2.687384033333467537e-01 4.393393763051402501e-01 3.093389938991719657e-01 0.000000000000000000e+00 3.640054741630320834e-01 0.000000000000000000e+00 3.160790981977423253e-01 4.843984228305234785e-01 4.533964548692545060e-01 0.000000000000000000e+00 0.000000000000000000e+00 4.319361312958830412e-01 4.025615919464757275e-01 0.000000000000000000e+00 0.000000000000000000e+00 0.000000000000000000e+00 0.000000000000000000e+00 0.000000000000000000e+00 3.791041278411050874e-01 3.873974451683145359e-01 3.866067363777814236e-01 4.505595890410958870e-01 4.129388665318327600e-01 0.000000000000000000e+00 5.019066680077067799e-01 0.000000000000000000e+00 0.000000000000000000e+00 0.000000000000000000e+00 0.000000000000000000e+00 0.000000000000000000e+00 0.000000000000000000e+00 0.000000000000000000e+00 0.000000000000000000e+00 0.000000000000000000e+00 4.108795525692763295e-01 0.000000000000000000e+00 0.000000000000000000e+00 0.000000000000000000e+00 4.050299243827997220e-01 0.000000000000000000e+00 3.869850614729796745e-01 0.000000000000000000e+00 4.169602374100719877e-01 0.000000000000000000e+00 4.425604646008867160e-01 0.000000000000000000e+00 4.036349125658301729e-01 4.576909391928494220e-01 4.466040824902585138e-01 0.000000000000000000e+00 4.019702583463374279e-01 0.000000000000000000e+00 4.156456387724115631e-01 0.000000000000000000e+00 3.966594285385477980e-01 4.866341384615384125e-01 4.429947423854994626e-01 4.496266595744680683e-01 5.003585058823528664e-01 0.000000000000000000e+00 4.335158690139993554e-01 4.102315705786079292e-01 4.192085578657424594e-01 0.000000000000000000e+00 0.000000000000000000e+00 4.564860262280363568e-01 4.410644508412536746e-01 0.000000000000000000e+00 0.000000000000000000e+00 0.000000000000000000e+00 4.361417526700125946e-01 0.000000000000000000e+00 0.000000000000000000e+00 0.000000000000000000e+00 4.386434543934670804e-01 0.000000000000000000e+00 0.000000000000000000e+00 0.000000000000000000e+00 4.342685110449154839e-01 0.000000000000000000e+00 0.000000000000000000e+00 0.000000000000000000e+00 0.000000000000000000e+00 0.000000000000000000e+00 0.000000000000000000e+00 0.000000000000000000e+00 0.000000000000000000e+00 0.000000000000000000e+00 0.000000000000000000e+00 0.000000000000000000e+00 0.000000000000000000e+00 0.000000000000000000e+00 0.000000000000000000e+00 0.000000000000000000e+00 0.000000000000000000e+00 0.000000000000000000e+00 0.000000000000000000e+00 0.000000000000000000e+00 0.000000000000000000e+00 0.000000000000000000e+00 0.000000000000000000e+00 0.000000000000000000e+00 0.000000000000000000e+00 0.000000000000000000e+00 0.000000000000000000e+00
4.048756669856831691e-01 0.000000000000000000e+00 3.716852269230178640e-01 4.030067546896841657e-01 3.254422329902059152e-01 0.000000000000000000e+00 3.209815703872364590e-01 3.987002258461415094e-01 3.096235431591222720e-01 3.968207393455838172e-01 2.635510454653494650e-01 4.393393763051402501e-01 2.858201770403431818e-01 4.009610815971414999e-01 2.567084257290439542e-01 4.033317774517029553e-01 3.943569323704757545e-01 0.000000000000000000e+00 3.961166972222828764e-01 4.473270537634408406e-01 0.000000000000000000e+00 0.000000000000000000e+00 3.597215224788188892e-01 3.938295177942167657e-01 0.000000000000000000e+00 0.000000000000000000e+00 0.000000000000000000e+00 0.000000000000000000e+00 3.334907082407171375e-01 4.103263576520512768e-01 3.358046077860544210e-01 4.008913926438220643e-01 3.908164759582866687e-01 4.440593080780594892e-01 3.904719320388349568e-01 0.000000000000000000e+00 3.944782615384615498e-01 0.000000000000000000e+00 0.000000000000000000e+00 0.000000000000000000e+00 0.000000000000000000e+00 0.000000000000000000e+00 0.000000000000000000e+00 0.000000000000000000e+00 0.000000000000000000e+00 0.000000000000000000e+00 0.000000000000000000e+00 0.000000000000000000e+00 0.000000000000000000e+00 0.000000000000000000e+00 3.816978108505905687e-01 0.000000000000000000e+00 0.000000000000000000e+00 0.000000000000000000e+00 4.081585457128361072e-01 0.000000000000000000e+00 4.110753071808165848e-01 0.000000000000000000e+00 4.292010105885832316e-01 0.000000000000000000e+00 4.195884440250768899e-01 0.000000000000000000e+00 4.117645793388500230e-01 0.000000000000000000e+00 4.152481490756249616e-01 5.113327202797202098e-01 4.180506093268148704e-01 0.000000000000000000e+00 4.480129374356289773e-01 0.000000000000000000e+00 3.137078663711748150e-01 4.183527417448405505e-01 3.691526947364484057e-01 4.218157471940903736e-01 3.772686114035087579e-01 4.348632666666666369e-01 3.799477610854399279e-01 4.182261966730105862e-01 0.000000000000000000e+00 0.000000000000000000e+00 3.951518057402038098e-01 0.000000000000000000e+00 0.000000000000000000e+00 0.000000000000000000e+00 4.114633675264093293e-01 0.000000000000000000e+00 0.000000000000000000e+00 0.000000000000000000e+00 4.299687516351229921e-01 0.000000000000000000e+00 0.000000000000000000e+00 0.000000000000000000e+00 0.000000000000000000e+00 0.000000000000000000e+00 4.070855473684211190e-01 0.000000000000000000e+00 0.000000000000000000e+00 0.000000000000000000e+00 0.000000000000000000e+00 0.000000000000000000e+00 0.000000000000000000e+00 0.000000000000000000e+00 4.845466321839081436e-01 0.000000000000000000e+00 0.000000000000000000e+00 0.000000000000000000e+00 0.000000000000000000e+00 0.000000000000000000e+00 0.000000000000000000e+00 0.000000000000000000e+00 0.000000000000000000e+00 0.000000000000000000e+00 0.000000000000000000e+00 0.000000000000000000e+00 0.000000000000000000e+00 0.000000000000000000e+00
