3.112571310669557945e-01 5.122445749255948311e-01 3.890338682499821510e-01 5.256687637084693776e-01 0.000000000000000000e+00 0.000000000000000000e+00 3.071254540680825595e-01 4.950516912228939970e-01 3.795639567272313664e-01 4.089527757936508578e-01 3.449696662432524263e-01 4.987467690467030090e-01 3.928396227324694179e-01 0.000000000000000000e+00 4.078201477086961790e-01 0.000000000000000000e+00 3.100013736655117813e-01 5.098520967217474720e-01 4.137629339927922922e-01 5.355005350305680478e-01 0.000000000000000000e+00 0.000000000000000000e+00 3.917857717309934373e-01 5.046688384540116701e-01 0.000000000000000000e+00 0.000000000000000000e+00 0.000000000000000000e+00 0.000000000000000000e+00 4.112917203439118152e-01 4.934012159842110501e-01 3.946017179487179560e-01 4.830395276626274770e-01 4.615429886643310220e-01 5.242669625277830425e-01 0.000000000000000000e+00 0.000000000000000000e+00 4.804629476070965133e-01 5.276429999999999731e-01 4.464515999613900554e-01 0.000000000000000000e+00 4.240670634920634674e-01 0.000000000000000000e+00 4.260940868887314603e-01 0.000000000000000000e+00 4.262656592674140543e-01 0.000000000000000000e+00 0.000000000000000000e+00 0.000000000000000000e+00 4.312560999583118226e-01 0.000000000000000000e+00 4.150577353917240808e-01 0.000000000000000000e+00 4.197831904454493723e-01 4.695301749999999941e-01 4.208604470474096026e-01 0.000000000000000000e+00 3.261042430254078028e-01 5.078846608007182573e-01 4.433601996690155200e-01 5.232151502658438647e-01 4.177084433745332781e-01 0.000000000000000000e+00 4.391411829339944006e-01 5.139673333333333316e-01 4.290440187246955528e-01 0.000000000000000000e+00 4.533332522042014534e-01 4.987164761400468826e-01 3.804449801201892356e-01 5.156133505012643337e-01 3.661973761839000807e-01 5.186751606278378057e-01 3.984162984216061965e-01 4.808398585690188409e-01 0.000000000000000000e+00 0.000000000000000000e+00 4.085454348448961381e-01 4.697690688133617232e-01 4.309656136363637091e-01 0.000000000000000000e+00 2.654406187015397878e-01 0.000000000000000000e+00 0.000000000000000000e+00 0.000000000000000000e+00 4.542164254427226711e-01 0.000000000000000000e+00 0.000000000000000000e+00 0.000000000000000000e+00 4.404206932375281935e-01 4.932619312899786945e-01 4.167114299055917903e-01 0.000000000000000000e+00 4.206097283624267713e-01 4.837908582089552878e-01 4.598272989974636626e-01 4.615134019886363292e-01 4.389994982253770939e-01 0.000000000000000000e+00 0.000000000000000000e+00 0.000000000000000000e+00 4.298800351205305792e-01 0.000000000000000000e+00 4.083987629440317124e-01 4.929925398773006839e-01 4.247545746834371916e-01 0.000000000000000000e+00 0.000000000000000000e+00 0.000000000000000000e+00 0.000000000000000000e+00 4.266881091207166965e-01 0.000000000000000000e+00 4.320797941176471868e-01 0.000000000000000000e+00 3.972205604168389526e-01 0.000000000000000000e+00 4.490787109264785526e-01
5.122445749255948311e-01 3.172558002490102891e-01 5.321702965700793042e-01 3.548588914930360105e-01 0.000000000000000000e+00 0.000000000000000000e+00 4.990995917109227187e-01 3.340681892885442594e-01 0.000000000000000000e+00 3.817683180541295851e-01 4.967492721243244036e-01 3.537693916530905147e-01 0.000000000000000000e+00 3.729343689706151599e-01 0.000000000000000000e+00 4.014957267306333843e-01 4.874195946173585092e-01 3.583409573891980227e-01 5.422712886850883374e-01 4.078408730540368787e-01 0.000000000000000000e+00 0.000000000000000000e+00 0.000000000000000000e+00 4.406751898632754183e-01 0.000000000000000000e+00 0.000000000000000000e+00 0.000000000000000000e+00 0.000000000000000000e+00 4.952229549166409783e-01 4.324941981353557785e-01 0.000000000000000000e+00 0.000000000000000000e+00 5.345780119839584899e-01 4.812163814561281061e-01 0.000000000000000000e+00 4.372876666666666856e-01 5.315019131505936967e-01 5.006010208711111353e-01 0.000000000000000000e+00 5.169291649916790687e-01 0.000000000000000000e+00 0.000000000000000000e+00 0.000000000000000000e+00 0.000000000000000000e+00 0.000000000000000000e+00 3.819556157778208894e-01 0.000000000000000000e+00 0.000000000000000000e+00 0.000000000000000000e+00 4.094620466246722268e-01 4.916908845557850793e-01 3.961820385368219344e-01 0.000000000000000000e+00 4.450951064583121286e-01 4.626064577464789607e-01 4.133847644146961819e-01 5.154394645488763471e-01 3.465252550199052761e-01 5.170436195347822839e-01 4.520521901941470522e-01 5.168808365384615078e-01 4.052579262478548383e-01 5.474646687513714527e-01 4.266443033674876539e-01 5.208152166666667471e-01 4.191163436774149043e-01 5.351872234804547768e-01 4.318650103909623672e-01 5.502691809635480436e-01 3.473939132197225166e-01 5.111589023051449354e-01 3.953798221051822437e-01 4.836524451649601986e-01 4.096999703522931080e-01 0.000000000000000000e+00 0.000000000000000000e+00 4.812321536502154884e-01 4.195594390037460375e-01 0.000000000000000000e+00 0.000000000000000000e+00 4.961092510592410298e-01 4.656384136973740762e-01 0.000000000000000000e+00 0.000000000000000000e+00 0.000000000000000000e+00 4.457835607975593195e-01 0.000000000000000000e+00 0.000000000000000000e+00 0.000000000000000000e+00 4.397124112881337088e-01 5.255852000000000857e-01 4.668329041580981942e-01 4.717772652457392635e-01 4.535444790135354509e-01 4.744493422584967202e-01 4.598088579954737742e-01 4.961653834748868674e-01 0.000000000000000000e+00 4.934663532396564856e-01 4.650834883586462687e-01 4.500368776978417307e-01 4.501961053311522853e-01 4.917909030229872802e-01 4.387622927771759329e-01 4.456432129629629424e-01 4.707877328884181867e-01 0.000000000000000000e+00 4.552324435006719905e-01 0.000000000000000000e+00 0.000000000000000000e+00 4.213939208633094013e-01 0.000000000000000000e+00 0.000000000000000000e+00 4.550966363636362866e-01 0.000000000000000000e+00 0.000000000000000000e+00
3.890338682499821510e-01 5.321702965700793042e-01 2.921968306692515061e-01 4.958547928180769282e-01 1.759939877016056808e-01 3.956389477592207049e-01 3.204340203510951390e-01 4.802694279750631678e-01 2.945633944174651520e-01 4.320479539966001759e-01 3.965790324150236801e-01 5.071769321491005345e-01 3.563860308478334349e-01 4.633241760971787970e-01 3.380957070014133370e-01 4.302523224002069435e-01 4.125115181494159455e-01 5.294518351648351828e-01 3.559883941517956174e-01 5.613665812831486468e-01 3.775265595238095351e-01 0.000000000000000000e+00 2.765393805181426967e-01 4.695249245474132360e-01 2.276719298422200111e-01 4.288357029846837642e-01 0.000000000000000000e+00 0.000000000000000000e+00 3.728009928288286701e-01 4.803346043379337904e-01 3.794269975894518088e-01 4.382284244371794091e-01 4.188578845982587895e-01 5.431182352573346028e-01 4.910332691407934824e-01 0.000000000000000000e+00 4.255609041422998562e-01 0.000000000000000000e+00 4.246707814555574778e-01 0.000000000000000000e+00 3.849986732441471604e-01 0.000000000000000000e+00 4.554960574616380153e-01 0.000000000000000000e+00 3.950425576177554188e-01 0.000000000000000000e+00 4.281345727384912037e-01 0.000000000000000000e+00 4.083057815780872235e-01 0.000000000000000000e+00 4.076962657898246523e-01 5.009387169806457374e-01 3.821233215469536648e-01 0.000000000000000000e+00 4.045966511750735961e-01 0.000000000000000000e+00 4.386587978037239655e-01 4.884595522433409220e-01 4.577759842779047239e-01 5.114472395516637127e-01 4.239865821036025162e-01 0.000000000000000000e+00 4.494864264014465927e-01 4.243675961538461716e-01 4.191191760480340034e-01 0.000000000000000000e+00 4.661780322250038133e-01 0.000000000000000000e+00 4.064175834754094052e-01 0.000000000000000000e+00 3.666430534864008606e-01 5.161475310151788509e-01 3.669896536765628881e-01 4.609748753164835677e-01 3.388495431070299158e-01 0.000000000000000000e+00 3.906759072005899780e-01 4.883507897110021534e-01 0.000000000000000000e+00 0.000000000000000000e+00 3.973248882480742705e-01 0.000000000000000000e+00 3.649073374999999841e-01 0.000000000000000000e+00 3.962196151447196502e-01 4.241179391304347734e-01 0.000000000000000000e+00 0.000000000000000000e+00 3.895707590069373283e-01 0.000000000000000000e+00 4.123509363636363445e-01 0.000000000000000000e+00 4.076901880577427084e-01 4.067071021897810112e-01 4.354604042462702496e-01 3.742263539823008633e-01 0.000000000000000000e+00 0.000000000000000000e+00 5.085436959713856009e-01 0.000000000000000000e+00 4.022416982758620918e-01 0.000000000000000000e+00 3.990385443917967567e-01 0.000000000000000000e+00 4.230991330819109941e-01 4.108685048543688212e-01 0.000000000000000000e+00 0.000000000000000000e+00 0.000000000000000000e+00 3.656897926829267842e-01 0.000000000000000000e+00 4.089013063063063336e-01 0.000000000000000000e+00 0.000000000000000000e+00 4.359835454545454847e-01 4.356657888888889052e-01
5.256687637084693776e-01 3.548588914930360105e-01 4.958547928180769282e-01 2.839985029269889716e-01 4.272356144578313697e-01 1.869035914955309297e-01 5.030589700530027075e-01 3.313230650089594165e-01 4.843331627906976578e-01 3.322412187819417939e-01 5.056483002652248926e-01 4.218191692907547474e-01 4.812215218719566034e-01 3.688102460301187491e-01 4.206875845443827644e-01 3.163267443784691935e-01 5.071745860674944373e-01 4.434530964509064699e-01 5.428694055730987067e-01 2.938429225225329677e-01 0.000000000000000000e+00 0.000000000000000000e+00 4.672773055175449275e-01 2.773009560753855740e-01 4.204711434191354957e-01 2.425254974013441589e-01 4.013809450549450930e-01 0.000000000000000000e+00 5.034519567196537038e-01 3.975669413763778248e-01 4.438547757348129674e-01 4.033466029465337943e-01 5.336936621218265620e-01 4.601683566633978373e-01 4.494860686274509409e-01 4.816766113537756522e-01 4.610241919999998883e-01 4.910221374209869372e-01 0.000000000000000000e+00 5.033638547036082267e-01 0.000000000000000000e+00 0.000000000000000000e+00 0.000000000000000000e+00 0.000000000000000000e+00 0.000000000000000000e+00 4.381384191064230937e-01 0.000000000000000000e+00 4.679346574649455026e-01 0.000000000000000000e+00 4.525787298717498519e-01 0.000000000000000000e+00 4.024717167594311085e-01 0.000000000000000000e+00 3.762419255319148781e-01 0.000000000000000000e+00 3.905510842105263114e-01 5.052067291308088848e-01 4.462608105293379146e-01 0.000000000000000000e+00 4.654666625443817374e-01 0.000000000000000000e+00 4.155692902447166714e-01 0.000000000000000000e+00 4.316858255813953993e-01 4.802455496183206107e-01 4.177074433120529506e-01 5.288942513724600447e-01 4.693299597484869023e-01 5.565890278762912757e-01 3.627519050693371883e-01 5.201925243053866499e-01 4.054933765906180709e-01 4.800402863347870697e-01 3.910808095676298612e-01 4.140551000000000093e-01 3.781733429699342119e-01 4.654034689703416272e-01 4.187960687953209415e-01 0.000000000000000000e+00 0.000000000000000000e+00 0.000000000000000000e+00 4.043141958762885846e-01 0.000000000000000000e+00 0.000000000000000000e+00 0.000000000000000000e+00 4.200199535023219632e-01 0.000000000000000000e+00 0.000000000000000000e+00 5.160786433121019590e-01 4.050109906810327454e-01 4.349869968269937659e-01 4.476231676091831924e-01 4.677027176470588410e-01 4.116289787817485890e-01 4.970096558819999122e-01 4.624491434081068886e-01 4.594773269230768564e-01 0.000000000000000000e+00 4.407294318181818049e-01 4.540952666666667192e-01 0.000000000000000000e+00 4.286525560106746457e-01 4.236631797234560737e-01 4.380067772082233968e-01 4.857916976744185988e-01 4.613702635136751051e-01 0.000000000000000000e+00 3.905193805309734589e-01 0.000000000000000000e+00 0.000000000000000000e+00 0.000000000000000000e+00 0.000000000000000000e+00 0.000000000000000000e+00 4.171011487603306089e-01 4.248070185185184866e-01 0.000000000000000000e+00
0.000000000000000000e+00 0.000000000000000000e+00 1.759939877016056808e-01 4.272356144578313697e-01 2.315510531841616093e-01 4.385008805342606730e-01 3.184148930724083337e-01 4.440245416994034189e-01 1.985416137254088498e-01 4.501350271623518751e-01 0.000000000000000000e+00 0.000000000000000000e+00 3.471063140847162609e-01 0.000000000000000000e+00 3.173734487730024978e-01 4.511034926713149984e-01 3.847669500000000520e-01 0.000000000000000000e+00 3.721990492148437024e-01 0.000000000000000000e+00 3.179575461145543458e-01 4.536514029476964582e-01 3.271678657276710922e-01 4.563100486510244247e-01 1.762988100930551749e-01 4.198799717373987717e-01 2.774957730541445233e-01 4.477587930308470909e-01 3.437813072914209789e-01 0.000000000000000000e+00 3.556410916332464200e-01 3.965708681421347137e-01 3.769252712819460838e-01 0.000000000000000000e+00 0.000000000000000000e+00 0.000000000000000000e+00 4.238026737939619704e-01 0.000000000000000000e+00 0.000000000000000000e+00 0.000000000000000000e+00 0.000000000000000000e+00 0.000000000000000000e+00 4.465178100000000705e-01 0.000000000000000000e+00 0.000000000000000000e+00 0.000000000000000000e+00 4.529448421052631457e-01 0.000000000000000000e+00 3.688928769230769289e-01 0.000000000000000000e+00 0.000000000000000000e+00 0.000000000000000000e+00 0.000000000000000000e+00 0.000000000000000000e+00 4.420062881155303325e-01 0.000000000000000000e+00 4.325917230769231736e-01 0.000000000000000000e+00 3.428578925619834572e-01 0.000000000000000000e+00 4.103223333333332890e-01 0.000000000000000000e+00 0.000000000000000000e+00 0.000000000000000000e+00 4.234909494949494202e-01 0.000000000000000000e+00 4.588410416666666714e-01 0.000000000000000000e+00 0.000000000000000000e+00 0.000000000000000000e+00 3.277957957950773382e-01 5.049364429563399925e-01 3.364002636296176685e-01 4.449204039424280444e-01 3.102481809238776256e-01 0.000000000000000000e+00 3.687935145329592768e-01 0.000000000000000000e+00 0.000000000000000000e+00 0.000000000000000000e+00 0.000000000000000000e+00 0.000000000000000000e+00 4.158588192711427656e-01 0.000000000000000000e+00 4.018577393831930800e-01 0.000000000000000000e+00 4.152490443062388237e-01 0.000000000000000000e+00 4.160532717952230564e-01 0.000000000000000000e+00 0.000000000000000000e+00 0.000000000000000000e+00 0.000000000000000000e+00 0.000000000000000000e+00 3.926994072628459120e-01 0.000000000000000000e+00 0.000000000000000000e+00 0.000000000000000000e+00 0.000000000000000000e+00 0.000000000000000000e+00 0.000000000000000000e+00 0.000000000000000000e+00 0.000000000000000000e+00 0.000000000000000000e+00 0.000000000000000000e+00 0.000000000000000000e+00 0.000000000000000000e+00 0.000000000000000000e+00 0.000000000000000000e+00 0.000000000000000000e+00 0.000000000000000000e+00 0.000000000000000000e+00 0.000000000000000000e+00 0.000000000000000000e+00 0.000000000000000000e+00 0.000000000000000000e+00
0.000000000000000000e+00 0.000000000000000000e+00 3.956389477592207049e-01 1.869035914955309297e-01 4.385008805342606730e-01 1.955349808842341830e-01 4.049498272227899376e-01 2.600053741181730382e-01 3.735537792207792029e-01 2.088299285172259823e-01 0.000000000000000000e+00 0.000000000000000000e+00 4.290826402974347586e-01 2.856980901484629798e-01 4.521561970946914588e-01 2.501419524730255639e-01 0.000000000000000000e+00 0.000000000000000000e+00 0.000000000000000000e+00 0.000000000000000000e+00 4.556603333333332784e-01 3.205548993954242532e-01 4.232912598836118256e-01 1.850056832376279214e-01 4.145725615788110052e-01 1.966109797286047234e-01 4.497900412348707078e-01 2.972597968370616628e-01 0.000000000000000000e+00 3.159073211653295465e-01 4.107067172736459937e-01 3.548326941509178933e-01 0.000000000000000000e+00 4.616406119331292190e-01 0.000000000000000000e+00 0.000000000000000000e+00 0.000000000000000000e+00 4.270940869945355489e-01 0.000000000000000000e+00 0.000000000000000000e+00 0.000000000000000000e+00 0.000000000000000000e+00 0.000000000000000000e+00 0.000000000000000000e+00 0.000000000000000000e+00 0.000000000000000000e+00 0.000000000000000000e+00 5.052893660714286028e-01 0.000000000000000000e+00 0.000000000000000000e+00 0.000000000000000000e+00 0.000000000000000000e+00 0.000000000000000000e+00 0.000000000000000000e+00 0.000000000000000000e+00 0.000000000000000000e+00 0.000000000000000000e+00 0.000000000000000000e+00 0.000000000000000000e+00 0.000000000000000000e+00 0.000000000000000000e+00 0.000000000000000000e+00 0.000000000000000000e+00 0.000000000000000000e+00 0.000000000000000000e+00 4.166323529411764537e-01 0.000000000000000000e+00 4.658893247863248321e-01 0.000000000000000000e+00 0.000000000000000000e+00 5.135914675329115164e-01 3.256746185691752893e-01 0.000000000000000000e+00 3.188503000550489408e-01 0.000000000000000000e+00 0.000000000000000000e+00 4.402000000000000912e-01 3.376867649154669526e-01 0.000000000000000000e+00 0.000000000000000000e+00 0.000000000000000000e+00 0.000000000000000000e+00 0.000000000000000000e+00 3.686772249999999973e-01 0.000000000000000000e+00 4.059328382927027135e-01 0.000000000000000000e+00 3.952835104377104836e-01 0.000000000000000000e+00 0.000000000000000000e+00 0.000000000000000000e+00 0.000000000000000000e+00 0.000000000000000000e+00 0.000000000000000000e+00 0.000000000000000000e+00 0.000000000000000000e+00 0.000000000000000000e+00 0.000000000000000000e+00 0.000000000000000000e+00 0.000000000000000000e+00 0.000000000000000000e+00 0.000000000000000000e+00 0.000000000000000000e+00 0.000000000000000000e+00 0.000000000000000000e+00 0.000000000000000000e+00 0.000000000000000000e+00 0.000000000000000000e+00 0.000000000000000000e+00 0.000000000000000000e+00 0.000000000000000000e+00 0.000000000000000000e+00 0.000000000000000000e+00 0.000000000000000000e+00 0.000000000000000000e+00 0.000000000000000000e+00
3.071254540680825595e-01 4.990995917109227187e-01 3.204340203510951390e-01 5.030589700530027075e-01 3.184148930724083337e-01 4.049498272227899376e-01 2.726844158530788986e-01 4.895092073096429797e-01 2.823712894405829288e-01 4.326654502119250401e-01 3.930584492127902618e-01 4.983689957670831006e-01 3.321787617231853340e-01 4.732295372774134035e-01 3.400278502074309817e-01 4.310210310768718966e-01 3.945299752221430034e-01 5.074764900677189994e-01 4.219153047278930146e-01 5.303636974660183023e-01 0.000000000000000000e+00 0.000000000000000000e+00 3.552211302542979121e-01 4.854438481043110154e-01 3.387100235264381420e-01 3.569164949226066863e-01 0.000000000000000000e+00 0.000000000000000000e+00 3.469183298865637921e-01 4.770082434598205690e-01 4.073833958319081905e-01 4.580676831618478717e-01 4.167208432939263352e-01 5.151078196913777552e-01 5.061681333333333255e-01 0.000000000000000000e+00 4.145238668897673340e-01 0.000000000000000000e+00 0.000000000000000000e+00 5.036131683168316719e-01 0.000000000000000000e+00 0.000000000000000000e+00 4.686750547945205403e-01 0.000000000000000000e+00 3.945188171719392622e-01 0.000000000000000000e+00 4.284101077422304837e-01 0.000000000000000000e+00 4.157777190329662309e-01 0.000000000000000000e+00 3.969563710005002966e-01 4.601976171874999633e-01 4.052007787547637907e-01 0.000000000000000000e+00 3.968189910889016736e-01 0.000000000000000000e+00 4.167804897736781533e-01 5.142463944954127619e-01 4.184111920217903902e-01 4.950535581395348883e-01 4.060257559463500421e-01 0.000000000000000000e+00 4.024218817132556580e-01 4.731551568627450077e-01 4.120384389587037899e-01 0.000000000000000000e+00 4.557943544529918789e-01 5.055253596652058423e-01 4.177721221174475752e-01 0.000000000000000000e+00 3.576095489561664786e-01 5.066352062573602488e-01 3.510071738254846307e-01 4.748869547258406376e-01 3.286635054635992370e-01 4.723024687499999819e-01 3.725799597598433155e-01 4.685927544132977851e-01 0.000000000000000000e+00 0.000000000000000000e+00 3.723384562603929138e-01 0.000000000000000000e+00 3.823637076923077083e-01 0.000000000000000000e+00 4.057810725235672100e-01 0.000000000000000000e+00 4.019494494871794776e-01 0.000000000000000000e+00 3.958161827306441172e-01 4.430488823529411535e-01 0.000000000000000000e+00 0.000000000000000000e+00 3.669464045801525964e-01 0.000000000000000000e+00 4.022006915776412117e-01 0.000000000000000000e+00 4.237471772151898963e-01 0.000000000000000000e+00 0.000000000000000000e+00 0.000000000000000000e+00 0.000000000000000000e+00 0.000000000000000000e+00 0.000000000000000000e+00 0.000000000000000000e+00 3.847567311827957415e-01 4.983564961240309898e-01 0.000000000000000000e+00 0.000000000000000000e+00 0.000000000000000000e+00 3.903994712643678033e-01 0.000000000000000000e+00 0.000000000000000000e+00 0.000000000000000000e+00 0.000000000000000000e+00 0.000000000000000000e+00 0.000000000000000000e+00
4.950516912228939970e-01 3.340681892885442594e-01 4.802694279750631678e-01 3.313230650089594165e-01 4.440245416994034189e-01 2.600053741181730382e-01 4.895092073096429797e-01 2.883319769342252425e-01 4.434319527701934827e-01 2.915539487206091351e-01 4.819089976982257606e-01 3.458926809719738982e-01 4.656906191273615936e-01 3.230635544874598253e-01 4.552710797639089035e-01 2.978635633850984510e-01 4.874886922800219513e-01 3.980298048432080460e-01 5.146703236667787840e-01 4.255861143107718680e-01 0.000000000000000000e+00 0.000000000000000000e+00 4.638958188176444120e-01 3.770867591241632844e-01 4.222253656674563316e-01 0.000000000000000000e+00 4.352192663653250415e-01 0.000000000000000000e+00 4.807725542891433390e-01 3.741230390351291124e-01 4.270994772196806677e-01 3.903016680232883617e-01 5.003855321652197485e-01 4.171917021528929737e-01 0.000000000000000000e+00 4.719950944764683132e-01 4.948264563086612888e-01 4.621966122489228890e-01 0.000000000000000000e+00 4.382716824450045290e-01 0.000000000000000000e+00 0.000000000000000000e+00 0.000000000000000000e+00 4.698730073529411855e-01 0.000000000000000000e+00 3.838890209013445798e-01 0.000000000000000000e+00 4.355521355697652974e-01 0.000000000000000000e+00 4.003559993549811735e-01 4.913821271186440964e-01 3.872383176262195748e-01 0.000000000000000000e+00 3.936187240045439517e-01 0.000000000000000000e+00 3.954649212822498039e-01 4.914542539961602730e-01 4.094693433454279496e-01 4.957570449221008202e-01 4.674050208657613559e-01 4.835202240336598511e-01 4.234932793033961973e-01 4.454668110236220113e-01 4.063346033286542869e-01 0.000000000000000000e+00 4.266444717172749312e-01 5.012714821199824033e-01 4.669388490776680833e-01 5.363600957740934927e-01 4.489530941865288449e-01 5.072010280250581760e-01 3.577976136738136859e-01 4.536120859232971037e-01 3.632190084110700767e-01 4.233040059041836001e-01 3.556127283653846560e-01 4.668868019042972106e-01 3.940203875831169156e-01 0.000000000000000000e+00 4.130298351648351018e-01 0.000000000000000000e+00 4.394221910850579227e-01 0.000000000000000000e+00 0.000000000000000000e+00 0.000000000000000000e+00 4.352898281083715792e-01 0.000000000000000000e+00 0.000000000000000000e+00 0.000000000000000000e+00 4.187021906024063211e-01 4.287136766917293285e-01 4.446331387075665442e-01 4.659333105108631745e-01 0.000000000000000000e+00 0.000000000000000000e+00 4.082820657046792867e-01 3.759295538461538411e-01 0.000000000000000000e+00 0.000000000000000000e+00 0.000000000000000000e+00 0.000000000000000000e+00 0.000000000000000000e+00 4.325509423795542707e-01 4.123037485544677194e-01 0.000000000000000000e+00 4.526383688568388908e-01 0.000000000000000000e+00 0.000000000000000000e+00 0.000000000000000000e+00 5.011646249999999192e-01 0.000000000000000000e+00 0.000000000000000000e+00 0.000000000000000000e+00 0.000000000000000000e+00 0.000000000000000000e+00 3.887533823529412125e-01
3.795639567272313664e-01 0.000000000000000000e+00 2.945633944174651520e-01 4.843331627906976578e-01 1.985416137254088498e-01 3.735537792207792029e-01 2.823712894405829288e-01 4.434319527701934827e-01 2.671263645813604093e-01 4.160767630750928925e-01 4.484697692307691996e-01 0.000000000000000000e+00 3.332498493476491186e-01 4.563179066666667172e-01 3.180361952181516849e-01 4.132957500000000728e-01 4.115687532467532384e-01 0.000000000000000000e+00 4.100711483692107140e-01 0.000000000000000000e+00 4.044817349142509899e-01 0.000000000000000000e+00 3.152745147961810157e-01 4.415870837549986661e-01 3.136370078506752757e-01 4.444477772369754831e-01 3.425565806119303391e-01 5.072598289473684297e-01 3.612207321359723888e-01 0.000000000000000000e+00 3.600675652670660698e-01 4.140835080645161037e-01 0.000000000000000000e+00 0.000000000000000000e+00 0.000000000000000000e+00 0.000000000000000000e+00 4.436431255411255603e-01 0.000000000000000000e+00 0.000000000000000000e+00 0.000000000000000000e+00 0.000000000000000000e+00 0.000000000000000000e+00 0.000000000000000000e+00 0.000000000000000000e+00 0.000000000000000000e+00 0.000000000000000000e+00 4.216547162126068615e-01 0.000000000000000000e+00 4.355456071855680067e-01 0.000000000000000000e+00 4.051694774435912194e-01 0.000000000000000000e+00 0.000000000000000000e+00 0.000000000000000000e+00 0.000000000000000000e+00 0.000000000000000000e+00 3.956647062047695118e-01 0.000000000000000000e+00 0.000000000000000000e+00 0.000000000000000000e+00 4.051688259155514227e-01 0.000000000000000000e+00 4.059673829966329861e-01 0.000000000000000000e+00 4.134776983734087530e-01 0.000000000000000000e+00 4.407371071428570763e-01 0.000000000000000000e+00 0.000000000000000000e+00 0.000000000000000000e+00 3.536272258789054379e-01 5.315716147368421129e-01 3.625082499605870034e-01 0.000000000000000000e+00 3.392625653403434915e-01 0.000000000000000000e+00 3.758364636690751936e-01 0.000000000000000000e+00 0.000000000000000000e+00 0.000000000000000000e+00 4.024123004535147263e-01 0.000000000000000000e+00 0.000000000000000000e+00 0.000000000000000000e+00 4.093561584054211666e-01 0.000000000000000000e+00 0.000000000000000000e+00 0.000000000000000000e+00 4.032993778085858794e-01 0.000000000000000000e+00 0.000000000000000000e+00 0.000000000000000000e+00 0.000000000000000000e+00 0.000000000000000000e+00 4.064266756756756971e-01 0.000000000000000000e+00 0.000000000000000000e+00 0.000000000000000000e+00 0.000000000000000000e+00 0.000000000000000000e+00 0.000000000000000000e+00 0.000000000000000000e+00 0.000000000000000000e+00 0.000000000000000000e+00 3.390719808080808195e-01 0.000000000000000000e+00 0.000000000000000000e+00 0.000000000000000000e+00 0.000000000000000000e+00 0.000000000000000000e+00 0.000000000000000000e+00 0.000000000000000000e+00 0.000000000000000000e+00 0.000000000000000000e+00 0.000000000000000000e+00 0.000000000000000000e+00
4.089527757936508578e-01 3.817683180541295851e-01 4.320479539966001759e-01 3.322412187819417939e-01 4.501350271623518751e-01 2.088299285172259823e-01 4.326654502119250401e-01 2.915539487206091351e-01 4.160767630750928925e-01 2.376076038040990657e-01 0.000000000000000000e+00 3.605181767764688017e-01 4.291255242496672118e-01 3.305898362246629807e-01 4.414196734842746328e-01 2.806297753247422588e-01 0.000000000000000000e+00 3.695333273809523478e-01 4.592184576271186591e-01 4.009148476209177248e-01 0.000000000000000000e+00 2.720455963281222522e-01 4.137766138445212460e-01 3.385684187362763553e-01 4.271759874231091936e-01 2.170150332415204386e-01 4.572026691316119495e-01 2.458165197349142517e-01 4.823802540983607168e-01 3.222894226183242172e-01 3.734643887925396810e-01 3.442131497911264382e-01 0.000000000000000000e+00 3.789887622418071644e-01 0.000000000000000000e+00 0.000000000000000000e+00 0.000000000000000000e+00 3.878752435634390539e-01 0.000000000000000000e+00 0.000000000000000000e+00 0.000000000000000000e+00 0.000000000000000000e+00 0.000000000000000000e+00 0.000000000000000000e+00 0.000000000000000000e+00 0.000000000000000000e+00 0.000000000000000000e+00 4.609584320000000845e-01 0.000000000000000000e+00 3.491201545454545863e-01 0.000000000000000000e+00 3.877794057971014619e-01 0.000000000000000000e+00 0.000000000000000000e+00 0.000000000000000000e+00 4.451647777777777426e-01 0.000000000000000000e+00 3.758716994686583934e-01 0.000000000000000000e+00 0.000000000000000000e+00 0.000000000000000000e+00 0.000000000000000000e+00 0.000000000000000000e+00 0.000000000000000000e+00 0.000000000000000000e+00 0.000000000000000000e+00 0.000000000000000000e+00 4.545259300982800177e-01 0.000000000000000000e+00 4.401016695652172905e-01 4.833771624964576796e-01 3.329020291031821177e-01 3.983208703295114117e-01 3.450471000852594616e-01 4.472637021276596458e-01 3.553452954545454623e-01 4.445611007751937294e-01 3.539799200958153036e-01 0.000000000000000000e+00 0.000000000000000000e+00 0.000000000000000000e+00 4.164292827040141365e-01 0.000000000000000000e+00 0.000000000000000000e+00 0.000000000000000000e+00 4.174522992003183997e-01 0.000000000000000000e+00 3.829678730158729838e-01 0.000000000000000000e+00 4.277079885992680075e-01 0.000000000000000000e+00 0.000000000000000000e+00 0.000000000000000000e+00 4.122139461538461558e-01 0.000000000000000000e+00 0.000000000000000000e+00 0.000000000000000000e+00 0.000000000000000000e+00 0.000000000000000000e+00 0.000000000000000000e+00 0.000000000000000000e+00 0.000000000000000000e+00 0.000000000000000000e+00 3.922673398058252880e-01 0.000000000000000000e+00 4.437815408163265363e-01 0.000000000000000000e+00 0.000000000000000000e+00 0.000000000000000000e+00 0.000000000000000000e+00 0.000000000000000000e+00 0.000000000000000000e+00 0.000000000000000000e+00 3.822839078014184100e-01 0.000000000000000000e+00 0.000000000000000000e+00
3.449696662432524263e-01 4.967492721243244036e-01 3.965790324150236801e-01 5.056483002652248926e-01 0.000000000000000000e+00 0.000000000000000000e+00 3.930584492127902618e-01 4.819089976982257606e-01 4.484697692307691996e-01 0.000000000000000000e+00 3.294362293523993568e-01 5.043015877475247599e-01 3.632751595622625285e-01 4.951730143906920567e-01 4.008395966006269018e-01 4.417656372549019772e-01 3.008324680746963797e-01 0.000000000000000000e+00 4.155495726067365281e-01 5.266678122082207869e-01 0.000000000000000000e+00 0.000000000000000000e+00 3.931424748508646760e-01 5.006993086209792221e-01 0.000000000000000000e+00 0.000000000000000000e+00 0.000000000000000000e+00 0.000000000000000000e+00 3.823555822001744042e-01 4.791347676113359988e-01 4.188202688008130226e-01 4.601712106424765691e-01 4.285405688007394853e-01 5.049974069648475172e-01 4.935656888888887983e-01 0.000000000000000000e+00 4.556394154604462843e-01 5.468762783505154434e-01 4.050417478696741735e-01 0.000000000000000000e+00 0.000000000000000000e+00 0.000000000000000000e+00 4.354997356321838597e-01 0.000000000000000000e+00 0.000000000000000000e+00 0.000000000000000000e+00 0.000000000000000000e+00 0.000000000000000000e+00 4.797698333333333953e-01 0.000000000000000000e+00 4.442547557557992577e-01 0.000000000000000000e+00 4.376376437370073647e-01 0.000000000000000000e+00 4.567207793686011708e-01 0.000000000000000000e+00 4.043445450554221110e-01 4.982220303030302500e-01 4.498636090372200025e-01 5.300285766423358247e-01 4.371915974777742520e-01 0.000000000000000000e+00 4.525213981507072436e-01 0.000000000000000000e+00 4.457872769191643103e-01 0.000000000000000000e+00 4.465941096802926169e-01 4.834783240093241119e-01 4.677681217873450592e-01 5.091743263157895161e-01 3.573412946268717527e-01 5.143999068078376480e-01 3.802455437508961977e-01 4.837268519756863228e-01 0.000000000000000000e+00 0.000000000000000000e+00 3.985212857274824660e-01 4.789976482851900919e-01 0.000000000000000000e+00 0.000000000000000000e+00 4.418436601865918800e-01 0.000000000000000000e+00 0.000000000000000000e+00 0.000000000000000000e+00 4.681002076317597460e-01 0.000000000000000000e+00 4.408946967741934619e-01 0.000000000000000000e+00 4.649904051995810694e-01 0.000000000000000000e+00 0.000000000000000000e+00 0.000000000000000000e+00 0.000000000000000000e+00 0.000000000000000000e+00 4.279128941176469914e-01 4.618852159999999873e-01 0.000000000000000000e+00 0.000000000000000000e+00 0.000000000000000000e+00 0.000000000000000000e+00 0.000000000000000000e+00 0.000000000000000000e+00 0.000000000000000000e+00 0.000000000000000000e+00 0.000000000000000000e+00 0.000000000000000000e+00 0.000000000000000000e+00 0.000000000000000000e+00 0.000000000000000000e+00 0.000000000000000000e+00 0.000000000000000000e+00 0.000000000000000000e+00 0.000000000000000000e+00 0.000000000000000000e+00 0.000000000000000000e+00 0.000000000000000000e+00
4.987467690467030090e-01 3.537693916530905147e-01 5.071769321491005345e-01 4.218191692907547474e-01 0.000000000000000000e+00 0.000000000000000000e+00 4.983689957670831006e-01 3.458926809719738982e-01 0.000000000000000000e+00 3.605181767764688017e-01 5.043015877475247599e-01 3.208501696005251480e-01 4.338412937799043245e-01 3.210241966016479376e-01 0.000000000000000000e+00 3.530561744866886897e-01 4.690323181818181197e-01 3.830847270410948080e-01 5.195769099143267011e-01 4.439442184648261791e-01 0.000000000000000000e+00 0.000000000000000000e+00 4.715904807638341412e-01 4.204338708280515036e-01 0.000000000000000000e+00 0.000000000000000000e+00 0.000000000000000000e+00 0.000000000000000000e+00 4.951266465493988633e-01 3.832864998033074233e-01 4.735266193455457406e-01 4.421682417096356454e-01 4.860718811638274905e-01 4.214833347916600026e-01 0.000000000000000000e+00 4.792967941176470847e-01 4.858999666666666828e-01 4.891646772456710313e-01 0.000000000000000000e+00 4.286175660660661579e-01 0.000000000000000000e+00 0.000000000000000000e+00 0.000000000000000000e+00 0.000000000000000000e+00 0.000000000000000000e+00 3.821473669724770872e-01 0.000000000000000000e+00 4.775888960549645734e-01 0.000000000000000000e+00 4.302931867231910568e-01 0.000000000000000000e+00 4.014346705882353428e-01 0.000000000000000000e+00 0.000000000000000000e+00 0.000000000000000000e+00 4.540182965772627810e-01 4.884630720720721242e-01 4.171663011656712716e-01 5.206406715328467660e-01 4.627650253031270755e-01 5.104691793673155065e-01 4.301800060425143846e-01 0.000000000000000000e+00 4.285936679053979348e-01 0.000000000000000000e+00 4.565653633976811676e-01 5.321830930764410716e-01 4.728859978433709865e-01 5.344420370450919666e-01 4.441707287949921978e-01 5.088619139515341283e-01 3.767329341505562534e-01 4.767197478147990886e-01 4.004813500144518978e-01 0.000000000000000000e+00 0.000000000000000000e+00 4.765113363850985162e-01 4.300735159987399414e-01 0.000000000000000000e+00 4.291699508196721302e-01 0.000000000000000000e+00 4.652673709069055641e-01 0.000000000000000000e+00 0.000000000000000000e+00 0.000000000000000000e+00 4.720230875544029758e-01 0.000000000000000000e+00 0.000000000000000000e+00 0.000000000000000000e+00 4.667781118559226061e-01 4.058135187969925117e-01 0.000000000000000000e+00 0.000000000000000000e+00 0.000000000000000000e+00 0.000000000000000000e+00 0.000000000000000000e+00 0.000000000000000000e+00 0.000000000000000000e+00 0.000000000000000000e+00 0.000000000000000000e+00 5.037195375000000919e-01 0.000000000000000000e+00 4.473476788321167907e-01 4.379319442012288288e-01 0.000000000000000000e+00 4.695642134831460868e-01 0.000000000000000000e+00 0.000000000000000000e+00 0.000000000000000000e+00 0.000000000000000000e+00 0.000000000000000000e+00 0.000000000000000000e+00 0.000000000000000000e+00 0.000000000000000000e+00 0.000000000000000000e+00 0.000000000000000000e+00
3.928396227324694179e-01 0.000000000000000000e+00 3.563860308478334349e-01 4.812215218719566034e-01 3.471063140847162609e-01 4.290826402974347586e-01 3.321787617231853340e-01 4.656906191273615936e-01 3.332498493476491186e-01 4.291255242496672118e-01 3.632751595622625285e-01 4.338412937799043245e-01 2.663145846692303587e-01 4.624505056225150512e-01 2.814235228310517090e-01 4.260337219370799455e-01 4.010564226716733516e-01 0.000000000000000000e+00 3.982955752742158850e-01 5.107379695115946694e-01 4.050458823529412000e-01 0.000000000000000000e+00 3.653456299238282412e-01 4.694623399560995947e-01 3.146764864661653616e-01 4.398607927632025572e-01 0.000000000000000000e+00 0.000000000000000000e+00 4.035896022385562776e-01 4.685317304662488525e-01 3.440027493576413575e-01 4.719431064371872320e-01 3.970143572597013004e-01 4.702669911255622504e-01 0.000000000000000000e+00 0.000000000000000000e+00 4.603796085384910253e-01 5.342105499999999507e-01 0.000000000000000000e+00 0.000000000000000000e+00 0.000000000000000000e+00 0.000000000000000000e+00 4.275678785046729269e-01 0.000000000000000000e+00 0.000000000000000000e+00 0.000000000000000000e+00 4.290164354838709171e-01 0.000000000000000000e+00 3.630371192660551416e-01 0.000000000000000000e+00 4.328886864278077562e-01 0.000000000000000000e+00 4.265105206523000514e-01 0.000000000000000000e+00 4.214524222209159454e-01 0.000000000000000000e+00 4.150128973416147282e-01 0.000000000000000000e+00 4.251900954896407070e-01 0.000000000000000000e+00 4.296395149391345480e-01 0.000000000000000000e+00 4.299629622668469930e-01 0.000000000000000000e+00 4.314515617055491581e-01 0.000000000000000000e+00 4.493143670164871928e-01 0.000000000000000000e+00 4.060355691509619502e-01 4.537449928057553650e-01 3.481954915795765770e-01 5.043722514458612860e-01 3.745201387918054015e-01 4.383771764424588269e-01 3.554998198278093158e-01 0.000000000000000000e+00 3.804478903353841202e-01 4.540988229969583068e-01 0.000000000000000000e+00 0.000000000000000000e+00 4.152279735172830777e-01 0.000000000000000000e+00 0.000000000000000000e+00 0.000000000000000000e+00 4.314188841449939638e-01 0.000000000000000000e+00 0.000000000000000000e+00 0.000000000000000000e+00 4.277177720844562159e-01 0.000000000000000000e+00 0.000000000000000000e+00 4.458656809815951250e-01 0.000000000000000000e+00 4.484967423312883894e-01 4.358483975201978833e-01 0.000000000000000000e+00 0.000000000000000000e+00 0.000000000000000000e+00 0.000000000000000000e+00 0.000000000000000000e+00 0.000000000000000000e+00 0.000000000000000000e+00 0.000000000000000000e+00 0.000000000000000000e+00 4.453704300000000393e-01 0.000000000000000000e+00 0.000000000000000000e+00 0.000000000000000000e+00 0.000000000000000000e+00 0.000000000000000000e+00 0.000000000000000000e+00 0.000000000000000000e+00 0.000000000000000000e+00 0.000000000000000000e+00 0.000000000000000000e+00 0.000000000000000000e+00
