3.163139113100820743e-01 4.900637707190633741e-01 3.927076619312763750e-01 5.005143429753476925e-01 3.301152068965517161e-01 0.000000000000000000e+00 3.546164659853790480e-01 4.717567848717515999e-01 3.517308097249038368e-01 0.000000000000000000e+00 3.537409707155395600e-01 4.362924153842795971e-01 4.016220067890537426e-01 0.000000000000000000e+00 3.563983652856246853e-01 0.000000000000000000e+00 3.150216044323671527e-01 4.825246233495850134e-01 4.233929553089420539e-01 5.055558863505529299e-01 0.000000000000000000e+00 0.000000000000000000e+00 4.069229868271876938e-01 0.000000000000000000e+00 3.285899586206895706e-01 0.000000000000000000e+00 0.000000000000000000e+00 0.000000000000000000e+00 3.985384497353925415e-01 4.713964523197601841e-01 4.024496949152542857e-01 4.629969579006210090e-01 4.454088511673725548e-01 4.869021767088461128e-01 0.000000000000000000e+00 0.000000000000000000e+00 4.787374818210666794e-01 0.000000000000000000e+00 5.189537571790541204e-01 0.000000000000000000e+00 4.253986307692307900e-01 0.000000000000000000e+00 0.000000000000000000e+00 0.000000000000000000e+00 3.923328806366472854e-01 0.000000000000000000e+00 0.000000000000000000e+00 0.000000000000000000e+00 3.837293197333658812e-01 4.489922976190476311e-01 4.062578718288619717e-01 0.000000000000000000e+00 3.903040113636362940e-01 0.000000000000000000e+00 4.072281262224303755e-01 0.000000000000000000e+00 3.575768431837003103e-01 4.764980529430855594e-01 4.278869859047514379e-01 4.771940268448744416e-01 3.861938496350917904e-01 0.000000000000000000e+00 3.692929653096249099e-01 0.000000000000000000e+00 4.001826783118879183e-01 4.347911486486485955e-01 4.237959557529459853e-01 4.828172797967561491e-01 3.609606848171033056e-01 4.967504552096860260e-01 3.683265733481156379e-01 0.000000000000000000e+00 3.883123627958550150e-01 4.730382818816488144e-01 4.092472595862720053e-01 0.000000000000000000e+00 4.109097985767893868e-01 4.501644564588284103e-01 0.000000000000000000e+00 0.000000000000000000e+00 3.877386945249118866e-01 0.000000000000000000e+00 0.000000000000000000e+00 0.000000000000000000e+00 4.104108274661849021e-01 4.503454251968504463e-01 4.031170958858972253e-01 0.000000000000000000e+00 4.227079853752953587e-01 0.000000000000000000e+00 4.314233555575571200e-01 4.614959993388342285e-01 0.000000000000000000e+00 0.000000000000000000e+00 4.377723759611044652e-01 4.171419147088866741e-01 4.591766817243752019e-01 0.000000000000000000e+00 4.880025209315804746e-01 0.000000000000000000e+00 0.000000000000000000e+00 0.000000000000000000e+00 4.373982032237117568e-01 4.908847946024852971e-01 4.353439574175824722e-01 0.000000000000000000e+00 0.000000000000000000e+00 0.000000000000000000e+00 0.000000000000000000e+00 0.000000000000000000e+00 4.845826721311475294e-01 0.000000000000000000e+00 4.550834263565892157e-01 0.000000000000000000e+00 0.000000000000000000e+00 0.000000000000000000e+00
4.900637707190633741e-01 3.397293867574341930e-01 5.079735814918974190e-01 4.001884122354432138e-01 0.000000000000000000e+00 0.000000000000000000e+00 4.676623603823087949e-01 3.665820773445376823e-01 0.000000000000000000e+00 3.185288115500343187e-01 0.000000000000000000e+00 3.547635343979697042e-01 0.000000000000000000e+00 3.635959349526011741e-01 0.000000000000000000e+00 3.962397662259731779e-01 4.815717852317290548e-01 3.828280919290702466e-01 5.111754046080677627e-01 4.041983564286557584e-01 0.000000000000000000e+00 0.000000000000000000e+00 4.701469387755102258e-01 0.000000000000000000e+00 0.000000000000000000e+00 0.000000000000000000e+00 0.000000000000000000e+00 0.000000000000000000e+00 5.169213916666666186e-01 4.223084006127867940e-01 4.270891857638888789e-01 0.000000000000000000e+00 5.118867268954109262e-01 4.896269975282313003e-01 0.000000000000000000e+00 0.000000000000000000e+00 5.166217221040231289e-01 5.077823438760120656e-01 0.000000000000000000e+00 0.000000000000000000e+00 0.000000000000000000e+00 3.924893635560657845e-01 0.000000000000000000e+00 0.000000000000000000e+00 0.000000000000000000e+00 4.014564757639307313e-01 0.000000000000000000e+00 0.000000000000000000e+00 0.000000000000000000e+00 4.256367983239777719e-01 4.522407947639083825e-01 3.963480841787845321e-01 0.000000000000000000e+00 3.611840052202446305e-01 0.000000000000000000e+00 3.827814268321175772e-01 4.803879512032085408e-01 3.628808623184341942e-01 4.788517623762376108e-01 4.388014799112912034e-01 4.424438780197496035e-01 3.887011747003042972e-01 0.000000000000000000e+00 4.005589605099610928e-01 0.000000000000000000e+00 3.959245990252510672e-01 4.966273956373846166e-01 4.132259582838687662e-01 5.147567754879693869e-01 3.093986240845447155e-01 4.924843522788641126e-01 3.936327119031577393e-01 4.536984502853931289e-01 3.984367587786489806e-01 0.000000000000000000e+00 4.132279356472697285e-01 4.828319880481853899e-01 4.060611945382401888e-01 0.000000000000000000e+00 4.635851264367815694e-01 0.000000000000000000e+00 4.127034977207570954e-01 0.000000000000000000e+00 0.000000000000000000e+00 4.588576451612904061e-01 4.121533240039745305e-01 0.000000000000000000e+00 0.000000000000000000e+00 0.000000000000000000e+00 4.216013324248535921e-01 0.000000000000000000e+00 4.769651028052115938e-01 0.000000000000000000e+00 4.362176986296134595e-01 0.000000000000000000e+00 4.466578492491273256e-01 0.000000000000000000e+00 0.000000000000000000e+00 4.385038399999999781e-01 4.577368229627478691e-01 0.000000000000000000e+00 5.050027344866228063e-01 4.323998576156558027e-01 4.364337306574442854e-01 0.000000000000000000e+00 4.194210324476593255e-01 0.000000000000000000e+00 0.000000000000000000e+00 0.000000000000000000e+00 4.205109417475728639e-01 0.000000000000000000e+00 0.000000000000000000e+00 0.000000000000000000e+00 4.389325663716813763e-01 0.000000000000000000e+00 0.000000000000000000e+00
3.927076619312763750e-01 5.079735814918974190e-01 2.517854281439680930e-01 4.620664520191135050e-01 1.424289225170127515e-01 4.609973528487918970e-01 3.188868200489513027e-01 4.604291273086271175e-01 3.000012216467428106e-01 4.268719615562588943e-01 4.044372525481633729e-01 4.713665801683976642e-01 3.534553639216225784e-01 4.230603947260491715e-01 3.108451057498596848e-01 4.591169854362140423e-01 4.133070020585358773e-01 4.993081740475415198e-01 3.510487719528981865e-01 5.168393306591883007e-01 3.366475749385748895e-01 0.000000000000000000e+00 2.192891169383172634e-01 4.355087384984228094e-01 1.672321100832822593e-01 3.842832326550779665e-01 3.061517286891790035e-01 4.079923027348094644e-01 3.546356809402391730e-01 4.826845977311516322e-01 3.613938235008087307e-01 4.190963550994273312e-01 4.166893695142636078e-01 5.085055195297205621e-01 4.520536068884178360e-01 0.000000000000000000e+00 4.521650618228595930e-01 0.000000000000000000e+00 4.144669904000000127e-01 0.000000000000000000e+00 0.000000000000000000e+00 0.000000000000000000e+00 4.088285470907928598e-01 0.000000000000000000e+00 4.040317896285143817e-01 0.000000000000000000e+00 0.000000000000000000e+00 0.000000000000000000e+00 4.079025642020316922e-01 0.000000000000000000e+00 4.000730672268626997e-01 0.000000000000000000e+00 4.579699153846154003e-01 0.000000000000000000e+00 3.827328913067256644e-01 4.414122397260274444e-01 4.042778834110931085e-01 4.678584179104477436e-01 4.427941973631717154e-01 4.998230186745145076e-01 4.018368964052035919e-01 0.000000000000000000e+00 3.922576655769267617e-01 4.593669650349650468e-01 4.189933607801213378e-01 4.389957816283293068e-01 4.440198156071778479e-01 4.943549559845095143e-01 3.952375760462151777e-01 0.000000000000000000e+00 3.722608192884668266e-01 4.811651833500166786e-01 3.649009958745876858e-01 4.674708158718866580e-01 3.423586043352496722e-01 0.000000000000000000e+00 4.105209186949539402e-01 4.632660686593945698e-01 4.025975733333332918e-01 0.000000000000000000e+00 4.141143592989626754e-01 0.000000000000000000e+00 0.000000000000000000e+00 0.000000000000000000e+00 4.037669058137353661e-01 4.530478362068965370e-01 0.000000000000000000e+00 0.000000000000000000e+00 4.017831297623910003e-01 0.000000000000000000e+00 4.421652574480556264e-01 4.154875336069438485e-01 0.000000000000000000e+00 0.000000000000000000e+00 4.167354481317995241e-01 0.000000000000000000e+00 0.000000000000000000e+00 0.000000000000000000e+00 4.448575190839693660e-01 0.000000000000000000e+00 0.000000000000000000e+00 0.000000000000000000e+00 4.131334328843811465e-01 4.353163933070866021e-01 4.426156095799558265e-01 4.471636136090226255e-01 0.000000000000000000e+00 4.604811357142857275e-01 0.000000000000000000e+00 0.000000000000000000e+00 0.000000000000000000e+00 0.000000000000000000e+00 0.000000000000000000e+00 0.000000000000000000e+00 0.000000000000000000e+00 0.000000000000000000e+00
5.005143429753476925e-01 4.001884122354432138e-01 4.620664520191135050e-01 2.492689667625487826e-01 4.164239581653788602e-01 1.685788788882605083e-01 4.581907071085458139e-01 3.530320830899470463e-01 4.435197230349126052e-01 2.837161909355305212e-01 4.775492687787639134e-01 3.858840103365069329e-01 4.363182521901302624e-01 3.451821805849786262e-01 4.257351061490921018e-01 3.317833463742692612e-01 4.908390844011543686e-01 4.313223431682572384e-01 5.155263057891285028e-01 3.241929493384729799e-01 3.996092769230769060e-01 0.000000000000000000e+00 4.302879941017954679e-01 2.392776920287265074e-01 3.901276948610075679e-01 2.042730129284299478e-01 0.000000000000000000e+00 2.639516528039245746e-01 4.526250975611219585e-01 3.781533032594074917e-01 4.049351648631851486e-01 2.949393639264705769e-01 4.924852905344426213e-01 4.070664768774812647e-01 4.859986658008657590e-01 4.842748201899047533e-01 0.000000000000000000e+00 4.585903351719446408e-01 0.000000000000000000e+00 4.323804341063348655e-01 0.000000000000000000e+00 4.192366898695054633e-01 0.000000000000000000e+00 0.000000000000000000e+00 0.000000000000000000e+00 4.369575681818181345e-01 0.000000000000000000e+00 4.726741654676258619e-01 0.000000000000000000e+00 4.701450615384537013e-01 4.608760662650602247e-01 4.117022452273051969e-01 0.000000000000000000e+00 0.000000000000000000e+00 0.000000000000000000e+00 3.389579999999999260e-01 0.000000000000000000e+00 4.456643240255904748e-01 0.000000000000000000e+00 4.502357808217765656e-01 4.841001792808218851e-01 4.204714361551929458e-01 0.000000000000000000e+00 4.085362291995298656e-01 4.582432212389381254e-01 4.419749399485197183e-01 4.990911071434876445e-01 4.499665795870784746e-01 5.299233928571427388e-01 4.212806960130898171e-01 4.518311609195402312e-01 3.544089852614066283e-01 4.402395868025636427e-01 3.715872514088026657e-01 0.000000000000000000e+00 3.798252209302325766e-01 4.686158052963588228e-01 4.133018651780732688e-01 0.000000000000000000e+00 3.964886707317074044e-01 0.000000000000000000e+00 3.863466726439415688e-01 0.000000000000000000e+00 0.000000000000000000e+00 0.000000000000000000e+00 3.912390696048879679e-01 0.000000000000000000e+00 0.000000000000000000e+00 0.000000000000000000e+00 4.094355294332601702e-01 0.000000000000000000e+00 4.728991328454193455e-01 0.000000000000000000e+00 4.008251093750000438e-01 4.659426500000000693e-01 4.267555759273765070e-01 0.000000000000000000e+00 0.000000000000000000e+00 0.000000000000000000e+00 4.112949917355371854e-01 0.000000000000000000e+00 0.000000000000000000e+00 4.018615714285714291e-01 4.136130086882560120e-01 4.276061652892562126e-01 4.211846592187494243e-01 0.000000000000000000e+00 0.000000000000000000e+00 0.000000000000000000e+00 4.132843830788906492e-01 4.486222661290321656e-01 0.000000000000000000e+00 0.000000000000000000e+00 4.097934736842105408e-01 0.000000000000000000e+00 0.000000000000000000e+00
3.301152068965517161e-01 0.000000000000000000e+00 1.424289225170127515e-01 4.164239581653788602e-01 2.188679720505690429e-01 3.772374281202336976e-01 2.974398887863163310e-01 4.395325344262295264e-01 2.523143149605128199e-01 0.000000000000000000e+00 0.000000000000000000e+00 3.826754017857142975e-01 3.263458512597168792e-01 3.998949339622641652e-01 3.235111067962089249e-01 0.000000000000000000e+00 3.388111111111111184e-01 0.000000000000000000e+00 3.990150132530120297e-01 0.000000000000000000e+00 4.065861336695942296e-01 0.000000000000000000e+00 1.695406713266378873e-01 4.070225217243833571e-01 1.695683425679509748e-01 4.091798389465797214e-01 2.599639760975738234e-01 4.727765364171008233e-01 3.271434144015242240e-01 0.000000000000000000e+00 3.514972734150202394e-01 3.540967195179262617e-01 3.579845030112595028e-01 4.216118247422679377e-01 0.000000000000000000e+00 0.000000000000000000e+00 0.000000000000000000e+00 0.000000000000000000e+00 0.000000000000000000e+00 0.000000000000000000e+00 0.000000000000000000e+00 0.000000000000000000e+00 0.000000000000000000e+00 0.000000000000000000e+00 0.000000000000000000e+00 0.000000000000000000e+00 0.000000000000000000e+00 0.000000000000000000e+00 0.000000000000000000e+00 0.000000000000000000e+00 0.000000000000000000e+00 0.000000000000000000e+00 0.000000000000000000e+00 0.000000000000000000e+00 0.000000000000000000e+00 0.000000000000000000e+00 0.000000000000000000e+00 0.000000000000000000e+00 0.000000000000000000e+00 0.000000000000000000e+00 0.000000000000000000e+00 0.000000000000000000e+00 3.669676703296704257e-01 0.000000000000000000e+00 0.000000000000000000e+00 0.000000000000000000e+00 0.000000000000000000e+00 0.000000000000000000e+00 3.786806093750000324e-01 0.000000000000000000e+00 3.465720565624048621e-01 0.000000000000000000e+00 3.543037457814506297e-01 0.000000000000000000e+00 3.284351715527458193e-01 0.000000000000000000e+00 3.390521439548327409e-01 0.000000000000000000e+00 0.000000000000000000e+00 0.000000000000000000e+00 0.000000000000000000e+00 0.000000000000000000e+00 0.000000000000000000e+00 0.000000000000000000e+00 0.000000000000000000e+00 0.000000000000000000e+00 0.000000000000000000e+00 0.000000000000000000e+00 0.000000000000000000e+00 0.000000000000000000e+00 0.000000000000000000e+00 0.000000000000000000e+00 0.000000000000000000e+00 0.000000000000000000e+00 0.000000000000000000e+00 0.000000000000000000e+00 0.000000000000000000e+00 0.000000000000000000e+00 0.000000000000000000e+00 0.000000000000000000e+00 0.000000000000000000e+00 0.000000000000000000e+00 0.000000000000000000e+00 0.000000000000000000e+00 0.000000000000000000e+00 3.790712912621359010e-01 0.000000000000000000e+00 0.000000000000000000e+00 0.000000000000000000e+00 0.000000000000000000e+00 0.000000000000000000e+00 0.000000000000000000e+00 0.000000000000000000e+00 0.000000000000000000e+00 0.000000000000000000e+00 0.000000000000000000e+00
0.000000000000000000e+00 0.000000000000000000e+00 4.609973528487918970e-01 1.685788788882605083e-01 3.772374281202336976e-01 2.034474438056315670e-01 4.256061564516129825e-01 2.585883053119190644e-01 0.000000000000000000e+00 2.477471055721761628e-01 0.000000000000000000e+00 0.000000000000000000e+00 4.337951499735729355e-01 2.709171333333332821e-01 4.537871984504204814e-01 2.493417252135276263e-01 0.000000000000000000e+00 0.000000000000000000e+00 3.912906666666667865e-01 3.795077374263467473e-01 5.792654973985043032e-01 4.921131049674475344e-01 4.143406158360066205e-01 2.028673219058516330e-01 4.371709783065605981e-01 1.667548287061807466e-01 5.238191882352941642e-01 3.156729636100810699e-01 5.015048840579711120e-01 3.404380587863368168e-01 3.697284048291279435e-01 3.483905994511309334e-01 0.000000000000000000e+00 3.504083549482924220e-01 0.000000000000000000e+00 0.000000000000000000e+00 0.000000000000000000e+00 0.000000000000000000e+00 0.000000000000000000e+00 0.000000000000000000e+00 0.000000000000000000e+00 0.000000000000000000e+00 0.000000000000000000e+00 0.000000000000000000e+00 0.000000000000000000e+00 0.000000000000000000e+00 0.000000000000000000e+00 0.000000000000000000e+00 0.000000000000000000e+00 0.000000000000000000e+00 0.000000000000000000e+00 0.000000000000000000e+00 0.000000000000000000e+00 0.000000000000000000e+00 0.000000000000000000e+00 0.000000000000000000e+00 0.000000000000000000e+00 0.000000000000000000e+00 0.000000000000000000e+00 0.000000000000000000e+00 0.000000000000000000e+00 0.000000000000000000e+00 0.000000000000000000e+00 0.000000000000000000e+00 0.000000000000000000e+00 3.445536640624999869e-01 0.000000000000000000e+00 3.749878008130080875e-01 0.000000000000000000e+00 4.273424799999999135e-01 5.120128098861922439e-01 3.720702715507474001e-01 4.390717695124503051e-01 3.477226461597170970e-01 0.000000000000000000e+00 3.182225777469882000e-01 0.000000000000000000e+00 3.359511653804749254e-01 0.000000000000000000e+00 0.000000000000000000e+00 0.000000000000000000e+00 0.000000000000000000e+00 0.000000000000000000e+00 0.000000000000000000e+00 0.000000000000000000e+00 0.000000000000000000e+00 0.000000000000000000e+00 0.000000000000000000e+00 0.000000000000000000e+00 0.000000000000000000e+00 0.000000000000000000e+00 0.000000000000000000e+00 0.000000000000000000e+00 0.000000000000000000e+00 0.000000000000000000e+00 0.000000000000000000e+00 0.000000000000000000e+00 0.000000000000000000e+00 0.000000000000000000e+00 0.000000000000000000e+00 0.000000000000000000e+00 0.000000000000000000e+00 0.000000000000000000e+00 0.000000000000000000e+00 0.000000000000000000e+00 0.000000000000000000e+00 0.000000000000000000e+00 0.000000000000000000e+00 0.000000000000000000e+00 0.000000000000000000e+00 0.000000000000000000e+00 0.000000000000000000e+00 0.000000000000000000e+00 0.000000000000000000e+00 0.000000000000000000e+00 0.000000000000000000e+00
3.546164659853790480e-01 4.676623603823087949e-01 3.188868200489513027e-01 4.581907071085458139e-01 2.974398887863163310e-01 4.256061564516129825e-01 2.671390419732214694e-01 4.538042810332282850e-01 2.762420159795769270e-01 4.222235582462742220e-01 3.592666125110632325e-01 4.528112413370884992e-01 2.918397233495876320e-01 4.411503766715172969e-01 2.941843012721968020e-01 4.229854983509120925e-01 3.933763185105713656e-01 4.682600538881283025e-01 3.964063786652333721e-01 4.957536647064242907e-01 0.000000000000000000e+00 0.000000000000000000e+00 3.605543393687229425e-01 4.435337217334593407e-01 2.518072617521368017e-01 4.183222755435299089e-01 0.000000000000000000e+00 4.565325985475672255e-01 3.491778735178002191e-01 4.475889090110864998e-01 3.826965601659720329e-01 4.435922623712533208e-01 3.853748722197731236e-01 4.715262148166755596e-01 4.137043758690168715e-01 0.000000000000000000e+00 4.047077386155776835e-01 0.000000000000000000e+00 0.000000000000000000e+00 0.000000000000000000e+00 0.000000000000000000e+00 0.000000000000000000e+00 0.000000000000000000e+00 0.000000000000000000e+00 4.190130447115384404e-01 0.000000000000000000e+00 4.260246263736263139e-01 0.000000000000000000e+00 3.997134338751983651e-01 0.000000000000000000e+00 3.616751896802351540e-01 0.000000000000000000e+00 0.000000000000000000e+00 0.000000000000000000e+00 0.000000000000000000e+00 0.000000000000000000e+00 3.757869033694086203e-01 0.000000000000000000e+00 4.264074285714286039e-01 0.000000000000000000e+00 3.913532636464669978e-01 0.000000000000000000e+00 4.058762164793092153e-01 0.000000000000000000e+00 3.900941372494172721e-01 0.000000000000000000e+00 4.184572920423126341e-01 5.122299066721808236e-01 3.955866802180171837e-01 0.000000000000000000e+00 3.195054193142384813e-01 5.111644931506849066e-01 3.525286710207091168e-01 4.506103997485035872e-01 3.005238604651163103e-01 4.086437701149425172e-01 3.877529382050697859e-01 4.542840186275518555e-01 0.000000000000000000e+00 0.000000000000000000e+00 3.918030751053562799e-01 0.000000000000000000e+00 0.000000000000000000e+00 0.000000000000000000e+00 4.100443178607202088e-01 0.000000000000000000e+00 0.000000000000000000e+00 0.000000000000000000e+00 4.029280798121810947e-01 0.000000000000000000e+00 4.088946949152542643e-01 0.000000000000000000e+00 0.000000000000000000e+00 0.000000000000000000e+00 3.871313159965035222e-01 0.000000000000000000e+00 3.887592771084337762e-01 0.000000000000000000e+00 0.000000000000000000e+00 0.000000000000000000e+00 0.000000000000000000e+00 0.000000000000000000e+00 4.034144864864865343e-01 3.742409248120300291e-01 0.000000000000000000e+00 0.000000000000000000e+00 0.000000000000000000e+00 0.000000000000000000e+00 0.000000000000000000e+00 0.000000000000000000e+00 0.000000000000000000e+00 0.000000000000000000e+00 0.000000000000000000e+00 0.000000000000000000e+00 0.000000000000000000e+00 0.000000000000000000e+00
4.717567848717515999e-01 3.665820773445376823e-01 4.604291273086271175e-01 3.530320830899470463e-01 4.395325344262295264e-01 2.585883053119190644e-01 4.538042810332282850e-01 2.698063212703009084e-01 4.406796309810671053e-01 2.255270601638665051e-01 4.686722864641520436e-01 3.094741088214693625e-01 4.424660315491391605e-01 2.940002658341456798e-01 4.605673018162392829e-01 2.163959440654646127e-01 4.784456913241168508e-01 3.969066885893207663e-01 4.872918276582434149e-01 4.049690566523477808e-01 0.000000000000000000e+00 0.000000000000000000e+00 4.502724448696600046e-01 3.481482623275308219e-01 4.203475185185185370e-01 3.316324166666666518e-01 0.000000000000000000e+00 3.478683701530612682e-01 4.283457791048622121e-01 3.520307675894015498e-01 4.259058385223378207e-01 3.461219927547571906e-01 4.795952379552625433e-01 4.107227864210061252e-01 0.000000000000000000e+00 4.723024066890404993e-01 4.709745148514852264e-01 4.236395638932853314e-01 0.000000000000000000e+00 0.000000000000000000e+00 0.000000000000000000e+00 0.000000000000000000e+00 0.000000000000000000e+00 3.738229460784313618e-01 0.000000000000000000e+00 3.828813279570907335e-01 0.000000000000000000e+00 0.000000000000000000e+00 0.000000000000000000e+00 3.970350355993432778e-01 4.321750573770491433e-01 3.908335212568175288e-01 0.000000000000000000e+00 0.000000000000000000e+00 0.000000000000000000e+00 3.743203844444444872e-01 4.795941011235955176e-01 4.014873924988813236e-01 4.665240304878048860e-01 4.215313066177558965e-01 0.000000000000000000e+00 3.885911136896784690e-01 4.622384387755102408e-01 3.879448551678827406e-01 0.000000000000000000e+00 3.856121023730043063e-01 4.678371203703703962e-01 4.334676391001829887e-01 4.459468468468468227e-01 4.578044814988289635e-01 4.760648579535792235e-01 3.164139554270698484e-01 4.580889917987680526e-01 3.639947252545588374e-01 0.000000000000000000e+00 3.516135981973434466e-01 4.558606646221726177e-01 3.924698434478806064e-01 0.000000000000000000e+00 3.832248876676602745e-01 0.000000000000000000e+00 3.794413139684473246e-01 0.000000000000000000e+00 0.000000000000000000e+00 4.175551824324325034e-01 3.951672783355353880e-01 0.000000000000000000e+00 3.780712291970802497e-01 0.000000000000000000e+00 4.116020255946314932e-01 0.000000000000000000e+00 3.923582794590894096e-01 0.000000000000000000e+00 0.000000000000000000e+00 4.143984886363636377e-01 4.053216694592987612e-01 0.000000000000000000e+00 0.000000000000000000e+00 0.000000000000000000e+00 0.000000000000000000e+00 0.000000000000000000e+00 0.000000000000000000e+00 0.000000000000000000e+00 3.920789365079364042e-01 0.000000000000000000e+00 4.234474880349099468e-01 0.000000000000000000e+00 0.000000000000000000e+00 0.000000000000000000e+00 3.758857419999999672e-01 0.000000000000000000e+00 0.000000000000000000e+00 0.000000000000000000e+00 0.000000000000000000e+00 0.000000000000000000e+00 0.000000000000000000e+00
3.517308097249038368e-01 0.000000000000000000e+00 3.000012216467428106e-01 4.435197230349126052e-01 2.523143149605128199e-01 0.000000000000000000e+00 2.762420159795769270e-01 4.406796309810671053e-01 2.440483874509286610e-01 4.852172769230769234e-01 3.661375647811349610e-01 0.000000000000000000e+00 2.892883780744344158e-01 0.000000000000000000e+00 2.777931641352260339e-01 0.000000000000000000e+00 3.734688578332468478e-01 0.000000000000000000e+00 3.728259858093866952e-01 0.000000000000000000e+00 4.099874285714285582e-01 0.000000000000000000e+00 3.292295058421219611e-01 4.766098701298699392e-01 2.903212566576042208e-01 4.264512909126984552e-01 2.911667704996741546e-01 4.306626451612903250e-01 3.485487028603977966e-01 0.000000000000000000e+00 3.840571864897866505e-01 4.498344067203061125e-01 4.098737454571522165e-01 0.000000000000000000e+00 4.592266060606060574e-01 4.551864475524474707e-01 0.000000000000000000e+00 0.000000000000000000e+00 0.000000000000000000e+00 0.000000000000000000e+00 0.000000000000000000e+00 0.000000000000000000e+00 0.000000000000000000e+00 0.000000000000000000e+00 0.000000000000000000e+00 0.000000000000000000e+00 0.000000000000000000e+00 0.000000000000000000e+00 0.000000000000000000e+00 0.000000000000000000e+00 0.000000000000000000e+00 0.000000000000000000e+00 0.000000000000000000e+00 0.000000000000000000e+00 0.000000000000000000e+00 0.000000000000000000e+00 3.727290326086956096e-01 0.000000000000000000e+00 0.000000000000000000e+00 0.000000000000000000e+00 4.200990568181817708e-01 0.000000000000000000e+00 3.658108090909091281e-01 0.000000000000000000e+00 3.954446160000000265e-01 0.000000000000000000e+00 0.000000000000000000e+00 0.000000000000000000e+00 4.141383124999999943e-01 0.000000000000000000e+00 3.164426112479581388e-01 0.000000000000000000e+00 3.614245993281411939e-01 0.000000000000000000e+00 3.332840164952076134e-01 0.000000000000000000e+00 3.562061144819673175e-01 0.000000000000000000e+00 0.000000000000000000e+00 0.000000000000000000e+00 3.914028327868108170e-01 0.000000000000000000e+00 0.000000000000000000e+00 0.000000000000000000e+00 3.853778621709105789e-01 0.000000000000000000e+00 0.000000000000000000e+00 0.000000000000000000e+00 0.000000000000000000e+00 0.000000000000000000e+00 0.000000000000000000e+00 0.000000000000000000e+00 3.652417655172414124e-01 0.000000000000000000e+00 0.000000000000000000e+00 0.000000000000000000e+00 0.000000000000000000e+00 0.000000000000000000e+00 0.000000000000000000e+00 0.000000000000000000e+00 0.000000000000000000e+00 0.000000000000000000e+00 0.000000000000000000e+00 0.000000000000000000e+00 0.000000000000000000e+00 0.000000000000000000e+00 0.000000000000000000e+00 0.000000000000000000e+00 0.000000000000000000e+00 0.000000000000000000e+00 0.000000000000000000e+00 0.000000000000000000e+00 0.000000000000000000e+00 0.000000000000000000e+00 0.000000000000000000e+00 0.000000000000000000e+00
0.000000000000000000e+00 3.185288115500343187e-01 4.268719615562588943e-01 2.837161909355305212e-01 0.000000000000000000e+00 2.477471055721761628e-01 4.222235582462742220e-01 2.255270601638665051e-01 4.852172769230769234e-01 2.051961743987498199e-01 0.000000000000000000e+00 0.000000000000000000e+00 4.403930891732854569e-01 3.240671750363395831e-01 4.401273254212454411e-01 2.393333275409632310e-01 0.000000000000000000e+00 0.000000000000000000e+00 0.000000000000000000e+00 0.000000000000000000e+00 3.153561428571428071e-01 0.000000000000000000e+00 4.382797673552400464e-01 3.019515375615763886e-01 4.138502287940697966e-01 0.000000000000000000e+00 4.443539878048780589e-01 2.888738048797693803e-01 4.166945068493150828e-01 3.439564228517640321e-01 4.192072181250085516e-01 3.601983893849948215e-01 0.000000000000000000e+00 0.000000000000000000e+00 0.000000000000000000e+00 0.000000000000000000e+00 0.000000000000000000e+00 3.329225130272952526e-01 0.000000000000000000e+00 0.000000000000000000e+00 0.000000000000000000e+00 0.000000000000000000e+00 0.000000000000000000e+00 0.000000000000000000e+00 0.000000000000000000e+00 0.000000000000000000e+00 0.000000000000000000e+00 0.000000000000000000e+00 0.000000000000000000e+00 0.000000000000000000e+00 0.000000000000000000e+00 0.000000000000000000e+00 0.000000000000000000e+00 0.000000000000000000e+00 0.000000000000000000e+00 0.000000000000000000e+00 0.000000000000000000e+00 4.275541652173912577e-01 0.000000000000000000e+00 3.750409553571428800e-01 0.000000000000000000e+00 0.000000000000000000e+00 0.000000000000000000e+00 3.425228046874999599e-01 0.000000000000000000e+00 0.000000000000000000e+00 0.000000000000000000e+00 0.000000000000000000e+00 0.000000000000000000e+00 0.000000000000000000e+00 4.629888297872340464e-01 3.266926034329346584e-01 3.977093333333333036e-01 3.582690364075422074e-01 0.000000000000000000e+00 3.410485306432736730e-01 0.000000000000000000e+00 3.817816534054979116e-01 0.000000000000000000e+00 0.000000000000000000e+00 0.000000000000000000e+00 3.721960576948306620e-01 0.000000000000000000e+00 0.000000000000000000e+00 0.000000000000000000e+00 0.000000000000000000e+00 0.000000000000000000e+00 0.000000000000000000e+00 0.000000000000000000e+00 0.000000000000000000e+00 0.000000000000000000e+00 0.000000000000000000e+00 0.000000000000000000e+00 0.000000000000000000e+00 0.000000000000000000e+00 0.000000000000000000e+00 0.000000000000000000e+00 0.000000000000000000e+00 0.000000000000000000e+00 0.000000000000000000e+00 0.000000000000000000e+00 0.000000000000000000e+00 0.000000000000000000e+00 3.962019179104477873e-01 0.000000000000000000e+00 0.000000000000000000e+00 0.000000000000000000e+00 0.000000000000000000e+00 0.000000000000000000e+00 0.000000000000000000e+00 0.000000000000000000e+00 0.000000000000000000e+00 0.000000000000000000e+00 0.000000000000000000e+00 0.000000000000000000e+00 0.000000000000000000e+00
3.537409707155395600e-01 0.000000000000000000e+00 4.044372525481633729e-01 4.775492687787639134e-01 0.000000000000000000e+00 0.000000000000000000e+00 3.592666125110632325e-01 4.686722864641520436e-01 3.661375647811349610e-01 0.000000000000000000e+00 2.681088334493149095e-01 0.000000000000000000e+00 3.047641850371698991e-01 0.000000000000000000e+00 3.554477567448816600e-01 0.000000000000000000e+00 3.454274300859356273e-01 0.000000000000000000e+00 4.262392289310013016e-01 4.739165845598366511e-01 0.000000000000000000e+00 0.000000000000000000e+00 3.830408515542823022e-01 4.492591556417438459e-01 0.000000000000000000e+00 0.000000000000000000e+00 0.000000000000000000e+00 0.000000000000000000e+00 3.679840827663445890e-01 4.713552333333332900e-01 3.934230346778710974e-01 3.920060249433106603e-01 3.636817298617159855e-01 4.760565614413391766e-01 0.000000000000000000e+00 0.000000000000000000e+00 4.262515438401332513e-01 0.000000000000000000e+00 5.287700266666666149e-01 0.000000000000000000e+00 0.000000000000000000e+00 0.000000000000000000e+00 0.000000000000000000e+00 0.000000000000000000e+00 0.000000000000000000e+00 0.000000000000000000e+00 0.000000000000000000e+00 0.000000000000000000e+00 0.000000000000000000e+00 0.000000000000000000e+00 3.604649999999999799e-01 0.000000000000000000e+00 0.000000000000000000e+00 0.000000000000000000e+00 0.000000000000000000e+00 0.000000000000000000e+00 3.927131106614284994e-01 0.000000000000000000e+00 4.341947999999999364e-01 0.000000000000000000e+00 4.039055083502051668e-01 0.000000000000000000e+00 4.057739028018624849e-01 4.381258103448276153e-01 4.127222729708773796e-01 0.000000000000000000e+00 4.337907434685197572e-01 0.000000000000000000e+00 4.334721606489042589e-01 0.000000000000000000e+00 3.300921884157382302e-01 0.000000000000000000e+00 3.692284860098195010e-01 4.398685647058822035e-01 3.928195806451612593e-01 0.000000000000000000e+00 4.225757592534392648e-01 0.000000000000000000e+00 3.975954310344828047e-01 0.000000000000000000e+00 4.039037614734628523e-01 0.000000000000000000e+00 0.000000000000000000e+00 0.000000000000000000e+00 4.241654690136418271e-01 0.000000000000000000e+00 0.000000000000000000e+00 0.000000000000000000e+00 4.299635812512954125e-01 0.000000000000000000e+00 0.000000000000000000e+00 0.000000000000000000e+00 0.000000000000000000e+00 0.000000000000000000e+00 4.480630624999999978e-01 0.000000000000000000e+00 0.000000000000000000e+00 0.000000000000000000e+00 0.000000000000000000e+00 0.000000000000000000e+00 0.000000000000000000e+00 0.000000000000000000e+00 0.000000000000000000e+00 4.090317719298245391e-01 0.000000000000000000e+00 0.000000000000000000e+00 0.000000000000000000e+00 0.000000000000000000e+00 0.000000000000000000e+00 0.000000000000000000e+00 0.000000000000000000e+00 0.000000000000000000e+00 0.000000000000000000e+00 0.000000000000000000e+00 0.000000000000000000e+00 0.000000000000000000e+00
4.362924153842795971e-01 3.547635343979697042e-01 4.713665801683976642e-01 3.858840103365069329e-01 3.826754017857142975e-01 0.000000000000000000e+00 4.528112413370884992e-01 3.094741088214693625e-01 0.000000000000000000e+00 0.000000000000000000e+00 0.000000000000000000e+00 2.884382367777838518e-01 4.668589999999999685e-01 3.001135885403322656e-01 0.000000000000000000e+00 3.563268042068876151e-01 4.546476249999999997e-01 3.957688839076566323e-01 4.801080359665687025e-01 4.113588472702238708e-01 0.000000000000000000e+00 0.000000000000000000e+00 4.391568715867794626e-01 3.679421190276538356e-01 0.000000000000000000e+00 0.000000000000000000e+00 0.000000000000000000e+00 0.000000000000000000e+00 0.000000000000000000e+00 3.682075978694565599e-01 4.237171038067954476e-01 3.704258786768875877e-01 4.362558649126538346e-01 3.954168049672244223e-01 0.000000000000000000e+00 4.953369610389612432e-01 0.000000000000000000e+00 4.599562126134735252e-01 0.000000000000000000e+00 0.000000000000000000e+00 0.000000000000000000e+00 0.000000000000000000e+00 0.000000000000000000e+00 0.000000000000000000e+00 0.000000000000000000e+00 0.000000000000000000e+00 0.000000000000000000e+00 0.000000000000000000e+00 0.000000000000000000e+00 3.773384249999999218e-01 0.000000000000000000e+00 4.178024371554878713e-01 0.000000000000000000e+00 0.000000000000000000e+00 0.000000000000000000e+00 4.557135655737705182e-01 0.000000000000000000e+00 3.912740321204151162e-01 0.000000000000000000e+00 4.616393801219370596e-01 0.000000000000000000e+00 3.867558459540043070e-01 0.000000000000000000e+00 4.032483880631765327e-01 0.000000000000000000e+00 3.771747330768707718e-01 0.000000000000000000e+00 4.325902272578361907e-01 0.000000000000000000e+00 4.456012949307894266e-01 0.000000000000000000e+00 3.307004315261022342e-01 4.210312051282051327e-01 3.655880030385237345e-01 0.000000000000000000e+00 0.000000000000000000e+00 4.351105434782608916e-01 4.087907363384704618e-01 0.000000000000000000e+00 4.363792576530611811e-01 0.000000000000000000e+00 3.997182631917635121e-01 0.000000000000000000e+00 0.000000000000000000e+00 0.000000000000000000e+00 4.350873601027615556e-01 0.000000000000000000e+00 4.198226460176991415e-01 0.000000000000000000e+00 4.350883122060631436e-01 3.622521612903225607e-01 0.000000000000000000e+00 0.000000000000000000e+00 0.000000000000000000e+00 0.000000000000000000e+00 4.369481071428572005e-01 0.000000000000000000e+00 0.000000000000000000e+00 0.000000000000000000e+00 0.000000000000000000e+00 0.000000000000000000e+00 0.000000000000000000e+00 0.000000000000000000e+00 4.191900499999999807e-01 0.000000000000000000e+00 4.405115937499999856e-01 0.000000000000000000e+00 0.000000000000000000e+00 0.000000000000000000e+00 0.000000000000000000e+00 0.000000000000000000e+00 0.000000000000000000e+00 0.000000000000000000e+00 0.000000000000000000e+00 0.000000000000000000e+00 0.000000000000000000e+00
4.016220067890537426e-01 0.000000000000000000e+00 3.534553639216225784e-01 4.363182521901302624e-01 3.263458512597168792e-01 4.337951499735729355e-01 2.918397233495876320e-01 4.424660315491391605e-01 2.892883780744344158e-01 4.403930891732854569e-01 3.047641850371698991e-01 4.668589999999999685e-01 2.630555053314490022e-01 4.481384301050919117e-01 2.292495395425562799e-01 4.247386559510555881e-01 3.970252050400792099e-01 0.000000000000000000e+00 4.168473070622101262e-01 4.586490896100180459e-01 0.000000000000000000e+00 0.000000000000000000e+00 3.604327916364474249e-01 4.436143791657228830e-01 0.000000000000000000e+00 0.000000000000000000e+00 0.000000000000000000e+00 0.000000000000000000e+00 3.600682096841721358e-01 4.528569087579087382e-01 3.571099932884275741e-01 4.241905488758729859e-01 3.970335619419853024e-01 4.748927660246953231e-01 4.365209065420559975e-01 0.000000000000000000e+00 4.262718395999245402e-01 0.000000000000000000e+00 0.000000000000000000e+00 0.000000000000000000e+00 0.000000000000000000e+00 0.000000000000000000e+00 0.000000000000000000e+00 0.000000000000000000e+00 0.000000000000000000e+00 0.000000000000000000e+00 0.000000000000000000e+00 0.000000000000000000e+00 0.000000000000000000e+00 0.000000000000000000e+00 3.859808938909774501e-01 0.000000000000000000e+00 0.000000000000000000e+00 0.000000000000000000e+00 0.000000000000000000e+00 0.000000000000000000e+00 3.935966676765478844e-01 4.812075357142857612e-01 4.556835484710474726e-01 0.000000000000000000e+00 4.141332823913671524e-01 0.000000000000000000e+00 4.106135612325570450e-01 0.000000000000000000e+00 4.152664129629813350e-01 0.000000000000000000e+00 4.354683300603389706e-01 0.000000000000000000e+00 4.410601773891070776e-01 0.000000000000000000e+00 3.224415717234943579e-01 0.000000000000000000e+00 3.804507563603284903e-01 4.351169091622995033e-01 3.534932590728714907e-01 0.000000000000000000e+00 4.110487033886223718e-01 4.463400355449904655e-01 0.000000000000000000e+00 0.000000000000000000e+00 4.048345746387990163e-01 0.000000000000000000e+00 0.000000000000000000e+00 0.000000000000000000e+00 4.223318317587050896e-01 0.000000000000000000e+00 0.000000000000000000e+00 0.000000000000000000e+00 4.309152744373911381e-01 0.000000000000000000e+00 0.000000000000000000e+00 4.388310991735537292e-01 0.000000000000000000e+00 0.000000000000000000e+00 4.178968238521463818e-01 0.000000000000000000e+00 0.000000000000000000e+00 0.000000000000000000e+00 0.000000000000000000e+00 0.000000000000000000e+00 0.000000000000000000e+00 0.000000000000000000e+00 0.000000000000000000e+00 4.284543305785123990e-01 3.974346416666666437e-01 4.188573550737108020e-01 0.000000000000000000e+00 0.000000000000000000e+00 0.000000000000000000e+00 0.000000000000000000e+00 0.000000000000000000e+00 0.000000000000000000e+00 0.000000000000000000e+00 0.000000000000000000e+00 0.000000000000000000e+00 0.000000000000000000e+00
