2.970449111515193752e-01 4.956712624059670391e-01 3.870913715575594050e-01 5.148380137798872491e-01 0.000000000000000000e+00 0.000000000000000000e+00 3.859913946555242337e-01 4.835127958941395909e-01 3.860825462732344615e-01 0.000000000000000000e+00 3.105089487962888195e-01 4.759301749921996949e-01 3.839566737623008597e-01 4.668081780831189187e-01 3.955890404738157673e-01 0.000000000000000000e+00 2.957648439877524904e-01 4.829524548942272233e-01 3.986648961098704369e-01 5.124528086031031604e-01 4.096356315789473346e-01 0.000000000000000000e+00 4.200492471894791136e-01 4.988311555555555721e-01 0.000000000000000000e+00 0.000000000000000000e+00 0.000000000000000000e+00 0.000000000000000000e+00 3.911076717864326313e-01 5.036377633604088855e-01 3.988069004764721037e-01 4.570210732587311475e-01 4.290572937476573312e-01 5.073351947147787255e-01 4.716574257459504871e-01 0.000000000000000000e+00 4.886563671002148168e-01 0.000000000000000000e+00 0.000000000000000000e+00 0.000000000000000000e+00 4.143307268674376043e-01 0.000000000000000000e+00 4.239199574468084930e-01 0.000000000000000000e+00 4.777501758916679608e-01 0.000000000000000000e+00 0.000000000000000000e+00 0.000000000000000000e+00 4.538588997382174695e-01 5.410225630252101237e-01 4.323630792045054516e-01 4.640424814814814725e-01 4.421109840509148126e-01 0.000000000000000000e+00 4.454388227098650677e-01 4.644011067415729777e-01 3.563647875505701612e-01 4.794691929770241723e-01 4.352769533362187415e-01 4.895672162878788036e-01 4.215179701187162231e-01 0.000000000000000000e+00 3.557079241406377879e-01 0.000000000000000000e+00 4.440128099857664767e-01 4.622841981060605843e-01 4.366411933938185719e-01 5.086830524499654782e-01 3.214668031980293939e-01 4.931386611516023755e-01 3.672663986949366577e-01 4.891198081064639380e-01 3.800714662579373626e-01 4.876163391160259764e-01 3.648828399827300228e-01 0.000000000000000000e+00 3.842640208114776468e-01 4.721809381905979208e-01 0.000000000000000000e+00 0.000000000000000000e+00 4.023133042547076821e-01 0.000000000000000000e+00 0.000000000000000000e+00 0.000000000000000000e+00 4.340245339624806409e-01 0.000000000000000000e+00 3.874016750000000564e-01 0.000000000000000000e+00 4.440097735426478676e-01 0.000000000000000000e+00 4.176864656488549765e-01 0.000000000000000000e+00 0.000000000000000000e+00 4.395730992366411738e-01 4.641194876047219364e-01 4.064925004031385014e-01 3.828351975308642019e-01 0.000000000000000000e+00 4.468609618979151321e-01 4.421666239316239255e-01 0.000000000000000000e+00 0.000000000000000000e+00 4.741426851562500211e-01 0.000000000000000000e+00 4.403834105577258962e-01 0.000000000000000000e+00 4.438968854166667199e-01 0.000000000000000000e+00 0.000000000000000000e+00 0.000000000000000000e+00 0.000000000000000000e+00 0.000000000000000000e+00 3.857722000000000095e-01 0.000000000000000000e+00 0.000000000000000000e+00 0.000000000000000000e+00
4.956712624059670391e-01 3.050488987956471165e-01 5.060236549497748593e-01 3.696349464247261074e-01 0.000000000000000000e+00 3.626775714285714880e-01 4.923410408500684676e-01 3.651621259366730765e-01 0.000000000000000000e+00 3.341117897633260059e-01 4.801499640718563389e-01 3.248791929986549754e-01 0.000000000000000000e+00 3.487737822607075433e-01 0.000000000000000000e+00 4.009647003965809975e-01 4.347972551020407583e-01 3.779180211716348103e-01 5.136022557601542804e-01 3.874645164923883334e-01 0.000000000000000000e+00 0.000000000000000000e+00 4.968528942028985207e-01 4.240454862957567239e-01 0.000000000000000000e+00 0.000000000000000000e+00 0.000000000000000000e+00 0.000000000000000000e+00 4.817963707865168810e-01 4.255104609599592025e-01 0.000000000000000000e+00 3.887338933523916684e-01 5.153538801637602695e-01 4.707483093149261721e-01 0.000000000000000000e+00 3.536955000000000515e-01 5.232293979591836619e-01 5.083616517997213702e-01 0.000000000000000000e+00 0.000000000000000000e+00 0.000000000000000000e+00 4.924290399999999290e-01 0.000000000000000000e+00 0.000000000000000000e+00 0.000000000000000000e+00 4.063837800259620936e-01 0.000000000000000000e+00 0.000000000000000000e+00 4.867352434900477642e-01 4.141430059200894020e-01 0.000000000000000000e+00 4.240010218006257658e-01 0.000000000000000000e+00 4.192022273238605323e-01 0.000000000000000000e+00 4.193152110990115977e-01 4.851142820373650633e-01 3.319566916782493160e-01 5.175519953762084402e-01 4.058668811013781963e-01 4.723777102803738415e-01 4.215337583729727999e-01 4.446087411910185083e-01 4.132345920457871080e-01 0.000000000000000000e+00 4.240947606232067790e-01 5.037692856342358416e-01 4.074093545170462405e-01 5.036609100455428090e-01 3.505901858605320887e-01 4.610015467532467826e-01 3.716533696895593097e-01 4.554249136084618232e-01 4.059890614303638956e-01 4.713813398058253057e-01 4.300135593044380755e-01 4.756508423631253257e-01 4.068515642109823416e-01 0.000000000000000000e+00 0.000000000000000000e+00 4.674763580246912853e-01 4.253842913007894744e-01 0.000000000000000000e+00 0.000000000000000000e+00 0.000000000000000000e+00 4.443651596783322333e-01 0.000000000000000000e+00 0.000000000000000000e+00 0.000000000000000000e+00 4.406980034764447218e-01 4.751415672860302419e-01 4.342971954035080295e-01 4.477121191591064142e-01 3.944208137254902602e-01 4.441235114522417149e-01 4.675282244454046499e-01 4.922340204081633308e-01 5.522267419354838225e-01 4.605182651555347895e-01 0.000000000000000000e+00 0.000000000000000000e+00 0.000000000000000000e+00 4.936958750078463409e-01 4.277938768004132530e-01 4.623594046369204347e-01 0.000000000000000000e+00 0.000000000000000000e+00 4.440517999999999965e-01 0.000000000000000000e+00 4.451059461379142657e-01 0.000000000000000000e+00 0.000000000000000000e+00 0.000000000000000000e+00 0.000000000000000000e+00 0.000000000000000000e+00 0.000000000000000000e+00
3.870913715575594050e-01 5.060236549497748593e-01 2.663929445436529209e-01 4.900385313580116753e-01 2.291079492381429827e-01 4.304726644067664587e-01 3.302716153644519315e-01 4.691750713160082187e-01 2.944460883300957232e-01 4.271085825440223416e-01 4.118845669744418125e-01 4.814988808149914812e-01 3.676406658884143197e-01 4.448287363448949483e-01 3.325597850102714470e-01 4.309398297980972514e-01 3.904537343845000397e-01 4.962596604220541607e-01 3.377063567621677587e-01 5.311771269459786282e-01 0.000000000000000000e+00 4.145945182692308273e-01 2.740632257411467765e-01 4.472910204763232422e-01 2.956737789789474213e-01 3.608514699514220325e-01 3.113686242101779134e-01 4.320012184426229584e-01 3.816749884549975880e-01 4.533848033512634657e-01 3.989497220321836513e-01 4.436690330956070127e-01 4.278080435684369354e-01 5.134121867969634323e-01 4.551193593181669383e-01 0.000000000000000000e+00 4.499086381125334544e-01 0.000000000000000000e+00 0.000000000000000000e+00 0.000000000000000000e+00 3.805979887640449366e-01 0.000000000000000000e+00 4.121730782608695742e-01 0.000000000000000000e+00 4.974042517482517578e-01 0.000000000000000000e+00 4.147178640000000471e-01 0.000000000000000000e+00 4.575625624253385482e-01 5.112349870129869744e-01 4.343591707604350649e-01 0.000000000000000000e+00 4.596946744186045097e-01 0.000000000000000000e+00 3.948964693263444237e-01 0.000000000000000000e+00 4.222768730422965522e-01 4.984960602440966504e-01 4.555172298058474123e-01 0.000000000000000000e+00 4.378990145696419201e-01 0.000000000000000000e+00 0.000000000000000000e+00 0.000000000000000000e+00 4.010202504878535024e-01 0.000000000000000000e+00 4.486810377618240531e-01 5.083166006965761374e-01 3.690977246829395542e-01 5.208562093023256789e-01 3.753214564987416013e-01 4.828574745475924246e-01 3.637933496568564462e-01 4.598999343507843562e-01 3.663548793103448276e-01 0.000000000000000000e+00 4.052122655857893219e-01 4.615470178786610922e-01 0.000000000000000000e+00 0.000000000000000000e+00 4.191905540668053876e-01 0.000000000000000000e+00 0.000000000000000000e+00 0.000000000000000000e+00 4.019080073267365938e-01 0.000000000000000000e+00 0.000000000000000000e+00 0.000000000000000000e+00 3.984373512868638056e-01 0.000000000000000000e+00 4.275605294117647004e-01 3.864500147058823609e-01 0.000000000000000000e+00 0.000000000000000000e+00 4.618575837703756681e-01 3.913412727272727043e-01 0.000000000000000000e+00 0.000000000000000000e+00 3.948505901639344229e-01 4.291853770491803610e-01 0.000000000000000000e+00 0.000000000000000000e+00 0.000000000000000000e+00 0.000000000000000000e+00 4.186119883085030469e-01 0.000000000000000000e+00 0.000000000000000000e+00 0.000000000000000000e+00 0.000000000000000000e+00 0.000000000000000000e+00 0.000000000000000000e+00 0.000000000000000000e+00 0.000000000000000000e+00 0.000000000000000000e+00 0.000000000000000000e+00 0.000000000000000000e+00
5.148380137798872491e-01 3.696349464247261074e-01 4.900385313580116753e-01 2.618532933696329779e-01 0.000000000000000000e+00 1.951173160139358653e-01 4.805242981327095819e-01 3.257370643280987910e-01 3.561383468429733523e-01 3.225769513446207215e-01 4.957954285165616093e-01 4.063571024166085510e-01 4.474378899886838901e-01 3.467966912885321884e-01 4.028752273202629852e-01 3.024072330242579265e-01 5.027246407824772501e-01 4.013460772694921741e-01 5.315276140295041030e-01 3.252801486261970298e-01 0.000000000000000000e+00 0.000000000000000000e+00 4.553473730065941139e-01 2.521870070468087421e-01 4.348143748565691524e-01 2.537776017648071814e-01 4.051466798089908838e-01 2.985379538338600591e-01 4.456965855587208258e-01 3.757443227333753799e-01 4.070315125891970642e-01 3.196906154593972538e-01 5.223040855555789452e-01 3.937618404299683128e-01 0.000000000000000000e+00 4.827235000000000831e-01 0.000000000000000000e+00 4.612766898122847015e-01 0.000000000000000000e+00 4.853995950413223515e-01 0.000000000000000000e+00 0.000000000000000000e+00 0.000000000000000000e+00 4.419091845672594165e-01 0.000000000000000000e+00 4.212095174203741577e-01 0.000000000000000000e+00 4.556201574803150356e-01 0.000000000000000000e+00 4.270921569455521927e-01 0.000000000000000000e+00 4.317812461801837087e-01 0.000000000000000000e+00 3.880927936991869220e-01 0.000000000000000000e+00 3.591627193827333642e-01 4.874841955674734106e-01 4.051838273008827040e-01 4.792074770114942983e-01 4.210165989449766166e-01 5.172113119266055214e-01 4.027652967858663668e-01 0.000000000000000000e+00 4.375050400824553876e-01 0.000000000000000000e+00 4.168272939324286774e-01 5.048447236842106278e-01 4.262326434092874594e-01 5.348105782438848932e-01 3.996792190906023334e-01 4.869012854220405306e-01 3.750524832748121651e-01 4.320175844650764874e-01 3.684568888481334903e-01 0.000000000000000000e+00 3.738515548029556212e-01 4.585620716073050551e-01 4.161131377601529069e-01 0.000000000000000000e+00 4.038353335439838210e-01 0.000000000000000000e+00 3.756461770833333103e-01 0.000000000000000000e+00 0.000000000000000000e+00 0.000000000000000000e+00 4.061098251058589126e-01 0.000000000000000000e+00 0.000000000000000000e+00 0.000000000000000000e+00 4.276169230913607344e-01 4.321871896971832827e-01 4.064319297503206085e-01 4.103844102564103147e-01 0.000000000000000000e+00 4.410899703281160877e-01 4.376379282151490191e-01 4.043457102778941770e-01 0.000000000000000000e+00 4.424292703333677079e-01 0.000000000000000000e+00 4.172514604316546749e-01 0.000000000000000000e+00 4.433128959329752372e-01 4.040874941640798523e-01 0.000000000000000000e+00 0.000000000000000000e+00 0.000000000000000000e+00 0.000000000000000000e+00 0.000000000000000000e+00 0.000000000000000000e+00 0.000000000000000000e+00 0.000000000000000000e+00 0.000000000000000000e+00 0.000000000000000000e+00 0.000000000000000000e+00 0.000000000000000000e+00
0.000000000000000000e+00 0.000000000000000000e+00 2.291079492381429827e-01 0.000000000000000000e+00 2.173621662158917722e-01 4.340716341052235361e-01 3.141576206910147717e-01 4.189714132525083068e-01 2.772306042696321970e-01 4.156474002780586319e-01 3.632524912280701845e-01 0.000000000000000000e+00 3.415835165963191367e-01 4.075603768847028685e-01 2.975092625465763363e-01 0.000000000000000000e+00 3.862383536585365373e-01 0.000000000000000000e+00 0.000000000000000000e+00 0.000000000000000000e+00 2.614802412820830257e-01 5.489241304347826089e-01 3.146258106843670133e-01 4.199525620036838047e-01 2.448772394991460821e-01 4.240288834658418327e-01 2.868386981639604039e-01 0.000000000000000000e+00 3.395325211316769787e-01 0.000000000000000000e+00 3.720457438122879990e-01 4.092927412870931425e-01 3.448061400000000387e-01 0.000000000000000000e+00 4.853947547169811250e-01 0.000000000000000000e+00 0.000000000000000000e+00 0.000000000000000000e+00 0.000000000000000000e+00 0.000000000000000000e+00 0.000000000000000000e+00 0.000000000000000000e+00 4.556804717399531857e-01 0.000000000000000000e+00 0.000000000000000000e+00 0.000000000000000000e+00 4.642353298642949433e-01 0.000000000000000000e+00 4.640117874060150083e-01 0.000000000000000000e+00 4.809839899999999724e-01 0.000000000000000000e+00 0.000000000000000000e+00 0.000000000000000000e+00 4.029506844706632895e-01 0.000000000000000000e+00 3.972740582524271757e-01 0.000000000000000000e+00 4.685743482142857297e-01 5.014580441988949477e-01 4.113729985714897341e-01 0.000000000000000000e+00 0.000000000000000000e+00 0.000000000000000000e+00 3.903365083333332763e-01 0.000000000000000000e+00 0.000000000000000000e+00 0.000000000000000000e+00 0.000000000000000000e+00 0.000000000000000000e+00 2.983539417294212570e-01 5.270357692307692243e-01 3.320950080489532552e-01 4.474949999999999206e-01 3.278191634104706265e-01 0.000000000000000000e+00 3.610574325767197390e-01 0.000000000000000000e+00 0.000000000000000000e+00 0.000000000000000000e+00 4.174283559322033432e-01 0.000000000000000000e+00 3.857901876458287305e-01 0.000000000000000000e+00 4.047055885251674145e-01 0.000000000000000000e+00 3.918543415875169744e-01 0.000000000000000000e+00 4.227775099671913783e-01 0.000000000000000000e+00 0.000000000000000000e+00 0.000000000000000000e+00 0.000000000000000000e+00 0.000000000000000000e+00 0.000000000000000000e+00 0.000000000000000000e+00 0.000000000000000000e+00 0.000000000000000000e+00 0.000000000000000000e+00 0.000000000000000000e+00 0.000000000000000000e+00 0.000000000000000000e+00 0.000000000000000000e+00 0.000000000000000000e+00 0.000000000000000000e+00 0.000000000000000000e+00 0.000000000000000000e+00 0.000000000000000000e+00 0.000000000000000000e+00 0.000000000000000000e+00 0.000000000000000000e+00 0.000000000000000000e+00 0.000000000000000000e+00 0.000000000000000000e+00 0.000000000000000000e+00 0.000000000000000000e+00
0.000000000000000000e+00 3.626775714285714880e-01 4.304726644067664587e-01 1.951173160139358653e-01 4.340716341052235361e-01 2.073695090982755895e-01 4.166289976714478982e-01 2.799016230007125849e-01 4.231291005422013751e-01 2.240011113631149020e-01 0.000000000000000000e+00 3.073040310344827830e-01 4.113154917449571291e-01 3.305081696320306128e-01 4.444958336257823772e-01 2.321473989287152762e-01 0.000000000000000000e+00 0.000000000000000000e+00 0.000000000000000000e+00 0.000000000000000000e+00 3.561444597826086689e-01 3.885700750997251873e-01 4.409176431192602386e-01 2.733160925922581974e-01 4.535965074550598053e-01 2.450149966105039101e-01 4.380663616195681898e-01 2.811430728057187634e-01 0.000000000000000000e+00 3.481019295020951199e-01 3.878238320833670150e-01 3.386877816386771323e-01 4.582132894736841155e-01 3.996403702889028131e-01 0.000000000000000000e+00 5.147996489361701400e-01 0.000000000000000000e+00 4.469359301826484887e-01 0.000000000000000000e+00 0.000000000000000000e+00 0.000000000000000000e+00 0.000000000000000000e+00 0.000000000000000000e+00 4.611499379119277098e-01 0.000000000000000000e+00 4.504925021126759965e-01 0.000000000000000000e+00 4.772686476040961523e-01 0.000000000000000000e+00 3.402090661157024520e-01 0.000000000000000000e+00 4.851710092592592671e-01 0.000000000000000000e+00 4.742934302359474441e-01 0.000000000000000000e+00 4.476704932773109546e-01 0.000000000000000000e+00 0.000000000000000000e+00 0.000000000000000000e+00 0.000000000000000000e+00 0.000000000000000000e+00 0.000000000000000000e+00 0.000000000000000000e+00 0.000000000000000000e+00 0.000000000000000000e+00 0.000000000000000000e+00 0.000000000000000000e+00 4.516865715421304328e-01 0.000000000000000000e+00 0.000000000000000000e+00 5.033837290244342899e-01 3.576000656127181765e-01 4.104574100749109333e-01 3.406051865500566156e-01 0.000000000000000000e+00 3.475459444940476317e-01 0.000000000000000000e+00 3.423754449101266695e-01 0.000000000000000000e+00 0.000000000000000000e+00 0.000000000000000000e+00 0.000000000000000000e+00 0.000000000000000000e+00 3.099758572780821342e-01 0.000000000000000000e+00 3.988059041314623299e-01 0.000000000000000000e+00 2.888003116666666981e-01 0.000000000000000000e+00 4.030307365974460376e-01 0.000000000000000000e+00 0.000000000000000000e+00 0.000000000000000000e+00 0.000000000000000000e+00 0.000000000000000000e+00 0.000000000000000000e+00 0.000000000000000000e+00 0.000000000000000000e+00 0.000000000000000000e+00 0.000000000000000000e+00 0.000000000000000000e+00 0.000000000000000000e+00 0.000000000000000000e+00 0.000000000000000000e+00 0.000000000000000000e+00 0.000000000000000000e+00 0.000000000000000000e+00 0.000000000000000000e+00 0.000000000000000000e+00 0.000000000000000000e+00 0.000000000000000000e+00 0.000000000000000000e+00 0.000000000000000000e+00 0.000000000000000000e+00 0.000000000000000000e+00 0.000000000000000000e+00
3.859913946555242337e-01 4.923410408500684676e-01 3.302716153644519315e-01 4.805242981327095819e-01 3.141576206910147717e-01 4.166289976714478982e-01 2.828897337761898667e-01 4.688246564659911964e-01 2.840308325090725727e-01 3.660409276175213833e-01 3.924378716864593830e-01 4.653231046475996835e-01 3.100917664550065234e-01 4.485824685188937178e-01 3.488059637094004795e-01 4.393914700100394755e-01 3.620141066205306846e-01 4.892987794554456427e-01 4.261241544005734405e-01 5.099593814501285349e-01 0.000000000000000000e+00 0.000000000000000000e+00 3.818085481212725174e-01 4.735870508744023377e-01 3.170920979437230058e-01 4.103930846774193064e-01 0.000000000000000000e+00 0.000000000000000000e+00 3.654178501292551506e-01 4.601018942609836904e-01 3.725722456794118287e-01 4.514539061951172161e-01 4.061123668982344892e-01 5.016468100210587089e-01 4.408075431012657974e-01 0.000000000000000000e+00 4.905907186651584095e-01 0.000000000000000000e+00 4.151977288135593191e-01 0.000000000000000000e+00 3.838129784172661929e-01 0.000000000000000000e+00 0.000000000000000000e+00 0.000000000000000000e+00 4.661966843608318922e-01 0.000000000000000000e+00 0.000000000000000000e+00 4.674664888888889203e-01 4.241924844967465691e-01 0.000000000000000000e+00 4.033009295019799878e-01 0.000000000000000000e+00 0.000000000000000000e+00 0.000000000000000000e+00 4.094974639223525337e-01 0.000000000000000000e+00 4.301228120200139005e-01 4.582976764705882777e-01 4.191469439164380306e-01 5.051357103448275154e-01 4.176251969102053874e-01 0.000000000000000000e+00 3.691014770491579666e-01 0.000000000000000000e+00 4.072118488941028902e-01 4.451128493150684484e-01 4.383934555256983057e-01 0.000000000000000000e+00 4.338519434234923700e-01 0.000000000000000000e+00 3.572452510173520501e-01 4.905255261887067064e-01 3.566746715556473601e-01 4.505584681363308253e-01 3.200973957671957582e-01 0.000000000000000000e+00 3.836880067416817419e-01 4.705181235896568892e-01 0.000000000000000000e+00 0.000000000000000000e+00 3.762186547890291610e-01 0.000000000000000000e+00 4.329051814655172636e-01 0.000000000000000000e+00 4.119249122801048046e-01 0.000000000000000000e+00 4.154457504196642503e-01 0.000000000000000000e+00 4.205610091548271368e-01 0.000000000000000000e+00 3.982505333333333231e-01 0.000000000000000000e+00 0.000000000000000000e+00 0.000000000000000000e+00 4.354544456521738938e-01 4.896932615384615994e-01 0.000000000000000000e+00 0.000000000000000000e+00 0.000000000000000000e+00 0.000000000000000000e+00 0.000000000000000000e+00 0.000000000000000000e+00 0.000000000000000000e+00 0.000000000000000000e+00 0.000000000000000000e+00 0.000000000000000000e+00 0.000000000000000000e+00 0.000000000000000000e+00 0.000000000000000000e+00 0.000000000000000000e+00 0.000000000000000000e+00 0.000000000000000000e+00 0.000000000000000000e+00 0.000000000000000000e+00 0.000000000000000000e+00 0.000000000000000000e+00
4.835127958941395909e-01 3.651621259366730765e-01 4.691750713160082187e-01 3.257370643280987910e-01 4.189714132525083068e-01 2.799016230007125849e-01 4.688246564659911964e-01 2.731642390466797465e-01 3.926546886159558714e-01 2.965647477797785925e-01 4.645166407447225976e-01 3.268647611628475724e-01 4.340631444056102795e-01 3.023622390290097717e-01 4.364928459016393369e-01 2.952372743182562487e-01 4.541678943619272268e-01 3.824086005225993401e-01 5.046864470435237227e-01 4.228997640709911132e-01 0.000000000000000000e+00 0.000000000000000000e+00 4.504361803632430661e-01 3.741228641733422844e-01 4.112194420807521733e-01 3.102801818181817883e-01 0.000000000000000000e+00 0.000000000000000000e+00 4.624899960498478069e-01 3.413593331728649316e-01 4.080642514064500292e-01 3.565858384538942438e-01 4.904990800288148711e-01 4.029117017842998028e-01 4.485455657894736325e-01 4.867865502736413719e-01 0.000000000000000000e+00 3.747021862700592454e-01 0.000000000000000000e+00 3.667946864406779750e-01 0.000000000000000000e+00 0.000000000000000000e+00 0.000000000000000000e+00 3.965926830392443869e-01 0.000000000000000000e+00 4.067851577216586301e-01 0.000000000000000000e+00 4.642341560924369559e-01 0.000000000000000000e+00 3.930309130922162719e-01 0.000000000000000000e+00 3.915808744553250231e-01 0.000000000000000000e+00 3.918007679804673127e-01 0.000000000000000000e+00 3.863332063562121554e-01 4.546682627616747130e-01 4.028289500166242210e-01 0.000000000000000000e+00 4.175185320615563134e-01 0.000000000000000000e+00 4.024564104238603779e-01 0.000000000000000000e+00 3.606289537431920378e-01 0.000000000000000000e+00 3.948561559032521817e-01 4.613318929275853630e-01 4.283182667139951993e-01 0.000000000000000000e+00 4.181615807926462591e-01 4.756009541000252305e-01 3.262772534915784894e-01 4.357441523301856523e-01 3.382969363814760100e-01 4.315360416666666477e-01 0.000000000000000000e+00 4.519202199524974262e-01 3.707885575402765088e-01 0.000000000000000000e+00 4.388104459459459261e-01 0.000000000000000000e+00 3.928005355878464999e-01 0.000000000000000000e+00 0.000000000000000000e+00 0.000000000000000000e+00 3.943884739447869325e-01 0.000000000000000000e+00 0.000000000000000000e+00 4.429161582733812663e-01 4.002441261349618529e-01 3.952683364789324472e-01 3.994476188524589966e-01 0.000000000000000000e+00 0.000000000000000000e+00 0.000000000000000000e+00 3.794916514071525748e-01 3.624753981481481646e-01 0.000000000000000000e+00 0.000000000000000000e+00 0.000000000000000000e+00 0.000000000000000000e+00 0.000000000000000000e+00 4.369440916666667007e-01 0.000000000000000000e+00 0.000000000000000000e+00 0.000000000000000000e+00 0.000000000000000000e+00 0.000000000000000000e+00 0.000000000000000000e+00 0.000000000000000000e+00 0.000000000000000000e+00 0.000000000000000000e+00 0.000000000000000000e+00 0.000000000000000000e+00 0.000000000000000000e+00 0.000000000000000000e+00
3.860825462732344615e-01 0.000000000000000000e+00 2.944460883300957232e-01 3.561383468429733523e-01 2.772306042696321970e-01 4.231291005422013751e-01 2.840308325090725727e-01 3.926546886159558714e-01 2.401149161733435178e-01 4.164598023489654577e-01 3.703816536077312871e-01 0.000000000000000000e+00 2.939405798219879018e-01 3.888995818333533805e-01 2.985200620123944493e-01 4.073140382550960448e-01 3.853127222222222925e-01 0.000000000000000000e+00 4.176847605633802196e-01 0.000000000000000000e+00 0.000000000000000000e+00 0.000000000000000000e+00 3.235418963458512875e-01 3.819500501098901935e-01 3.241881618098747531e-01 4.185714875184174955e-01 3.101380275793650942e-01 4.490848709572372033e-01 3.191323824050174562e-01 4.476742571428571349e-01 3.377380206557810127e-01 3.635145794794126251e-01 3.763203166666666544e-01 0.000000000000000000e+00 4.234220583941605276e-01 0.000000000000000000e+00 3.650739726027397158e-01 0.000000000000000000e+00 0.000000000000000000e+00 0.000000000000000000e+00 0.000000000000000000e+00 0.000000000000000000e+00 0.000000000000000000e+00 0.000000000000000000e+00 0.000000000000000000e+00 0.000000000000000000e+00 4.285870631278848597e-01 0.000000000000000000e+00 0.000000000000000000e+00 0.000000000000000000e+00 4.193409377814845684e-01 0.000000000000000000e+00 0.000000000000000000e+00 0.000000000000000000e+00 0.000000000000000000e+00 0.000000000000000000e+00 4.175484213304013204e-01 0.000000000000000000e+00 3.958725830473114327e-01 0.000000000000000000e+00 4.273146154493329685e-01 0.000000000000000000e+00 3.895240229007633781e-01 4.504828695652174364e-01 4.323234691498049065e-01 0.000000000000000000e+00 0.000000000000000000e+00 0.000000000000000000e+00 3.992928058252426804e-01 0.000000000000000000e+00 2.941965613371976263e-01 4.953515815378642939e-01 3.310903152586820997e-01 4.186414514019930477e-01 2.949524847719696696e-01 0.000000000000000000e+00 3.497034324952641438e-01 0.000000000000000000e+00 0.000000000000000000e+00 0.000000000000000000e+00 3.768804964646464417e-01 0.000000000000000000e+00 0.000000000000000000e+00 0.000000000000000000e+00 4.094585938360929545e-01 0.000000000000000000e+00 0.000000000000000000e+00 0.000000000000000000e+00 4.556739328358209162e-01 0.000000000000000000e+00 0.000000000000000000e+00 0.000000000000000000e+00 0.000000000000000000e+00 0.000000000000000000e+00 0.000000000000000000e+00 0.000000000000000000e+00 0.000000000000000000e+00 0.000000000000000000e+00 0.000000000000000000e+00 0.000000000000000000e+00 0.000000000000000000e+00 0.000000000000000000e+00 0.000000000000000000e+00 0.000000000000000000e+00 0.000000000000000000e+00 0.000000000000000000e+00 0.000000000000000000e+00 0.000000000000000000e+00 0.000000000000000000e+00 0.000000000000000000e+00 0.000000000000000000e+00 0.000000000000000000e+00 0.000000000000000000e+00 0.000000000000000000e+00 0.000000000000000000e+00 0.000000000000000000e+00
0.000000000000000000e+00 3.341117897633260059e-01 4.271085825440223416e-01 3.225769513446207215e-01 4.156474002780586319e-01 2.240011113631149020e-01 3.660409276175213833e-01 2.965647477797785925e-01 4.164598023489654577e-01 2.529344125573060320e-01 0.000000000000000000e+00 3.462636897394520963e-01 4.590954635979229148e-01 3.046367789028375794e-01 4.281712080797567266e-01 2.961653044997411555e-01 0.000000000000000000e+00 0.000000000000000000e+00 0.000000000000000000e+00 3.708898957650635375e-01 0.000000000000000000e+00 0.000000000000000000e+00 4.129521920706100691e-01 3.399304056564649290e-01 4.170463068113321459e-01 0.000000000000000000e+00 0.000000000000000000e+00 3.034985508021389999e-01 4.826782867647059216e-01 3.449685578324765967e-01 3.962312200723427380e-01 3.513819626826288900e-01 4.744539871794870578e-01 4.116483121401990908e-01 0.000000000000000000e+00 5.376366904761903376e-01 0.000000000000000000e+00 4.075025128205128078e-01 0.000000000000000000e+00 0.000000000000000000e+00 0.000000000000000000e+00 0.000000000000000000e+00 0.000000000000000000e+00 4.506682206691036141e-01 0.000000000000000000e+00 0.000000000000000000e+00 0.000000000000000000e+00 4.576733165743547271e-01 0.000000000000000000e+00 3.449534173228346323e-01 0.000000000000000000e+00 4.130748372817528713e-01 0.000000000000000000e+00 4.417910909090908556e-01 0.000000000000000000e+00 3.743883977583379319e-01 0.000000000000000000e+00 3.432762564102564418e-01 0.000000000000000000e+00 3.716050757575757868e-01 0.000000000000000000e+00 0.000000000000000000e+00 0.000000000000000000e+00 4.518653461538462146e-01 0.000000000000000000e+00 3.535064558395284440e-01 0.000000000000000000e+00 5.164398796296295613e-01 0.000000000000000000e+00 0.000000000000000000e+00 4.911465452451696523e-01 3.338563764546274015e-01 4.273129816084660915e-01 3.313790341554290753e-01 0.000000000000000000e+00 2.805306249999999779e-01 0.000000000000000000e+00 3.425125670226301100e-01 0.000000000000000000e+00 0.000000000000000000e+00 0.000000000000000000e+00 3.979779666586035214e-01 0.000000000000000000e+00 3.769739259259259345e-01 0.000000000000000000e+00 3.842920122692354834e-01 0.000000000000000000e+00 0.000000000000000000e+00 0.000000000000000000e+00 3.997085583114395324e-01 0.000000000000000000e+00 0.000000000000000000e+00 0.000000000000000000e+00 0.000000000000000000e+00 0.000000000000000000e+00 3.310280000000000444e-01 0.000000000000000000e+00 0.000000000000000000e+00 0.000000000000000000e+00 0.000000000000000000e+00 0.000000000000000000e+00 0.000000000000000000e+00 3.973804067796611328e-01 0.000000000000000000e+00 3.452782959183672840e-01 0.000000000000000000e+00 0.000000000000000000e+00 0.000000000000000000e+00 0.000000000000000000e+00 0.000000000000000000e+00 0.000000000000000000e+00 0.000000000000000000e+00 0.000000000000000000e+00 0.000000000000000000e+00 0.000000000000000000e+00 0.000000000000000000e+00
3.105089487962888195e-01 4.801499640718563389e-01 4.118845669744418125e-01 4.957954285165616093e-01 3.632524912280701845e-01 0.000000000000000000e+00 3.924378716864593830e-01 4.645166407447225976e-01 3.703816536077312871e-01 0.000000000000000000e+00 2.691181938430236009e-01 4.618449388452295357e-01 3.079249654759628751e-01 4.515591372591043484e-01 3.032241539667232533e-01 0.000000000000000000e+00 2.839560752144990041e-01 0.000000000000000000e+00 4.199447648290997592e-01 4.878613515110048482e-01 0.000000000000000000e+00 0.000000000000000000e+00 4.085574279502172113e-01 4.815564753046399082e-01 0.000000000000000000e+00 0.000000000000000000e+00 0.000000000000000000e+00 0.000000000000000000e+00 3.407149861857698414e-01 4.549717590361446740e-01 3.883569017332266782e-01 4.657040454240690686e-01 4.140662807621871555e-01 4.813976472115920613e-01 4.452614489795919672e-01 0.000000000000000000e+00 4.446862479338843377e-01 0.000000000000000000e+00 0.000000000000000000e+00 0.000000000000000000e+00 0.000000000000000000e+00 0.000000000000000000e+00 0.000000000000000000e+00 0.000000000000000000e+00 4.448916238532110157e-01 0.000000000000000000e+00 0.000000000000000000e+00 0.000000000000000000e+00 4.419019189189189456e-01 0.000000000000000000e+00 4.093929841572535033e-01 0.000000000000000000e+00 0.000000000000000000e+00 0.000000000000000000e+00 4.194092259932445943e-01 0.000000000000000000e+00 3.790476558758593684e-01 0.000000000000000000e+00 4.238967284379568934e-01 0.000000000000000000e+00 4.154440777039726251e-01 0.000000000000000000e+00 3.849847694228289430e-01 0.000000000000000000e+00 4.388993108068411364e-01 0.000000000000000000e+00 4.599830445485571517e-01 4.605008676470588314e-01 4.208317300183344600e-01 0.000000000000000000e+00 3.526529956474812599e-01 4.759696971537679122e-01 3.648921764851907334e-01 4.326423335493037592e-01 0.000000000000000000e+00 0.000000000000000000e+00 4.126085932485596408e-01 4.580558351055414312e-01 0.000000000000000000e+00 0.000000000000000000e+00 3.880859535471868349e-01 0.000000000000000000e+00 0.000000000000000000e+00 0.000000000000000000e+00 4.311114058723406472e-01 0.000000000000000000e+00 4.196137973856208792e-01 0.000000000000000000e+00 4.255330138056450662e-01 0.000000000000000000e+00 4.401335109890109898e-01 0.000000000000000000e+00 0.000000000000000000e+00 0.000000000000000000e+00 0.000000000000000000e+00 0.000000000000000000e+00 0.000000000000000000e+00 0.000000000000000000e+00 0.000000000000000000e+00 0.000000000000000000e+00 0.000000000000000000e+00 0.000000000000000000e+00 0.000000000000000000e+00 0.000000000000000000e+00 0.000000000000000000e+00 0.000000000000000000e+00 0.000000000000000000e+00 0.000000000000000000e+00 0.000000000000000000e+00 0.000000000000000000e+00 0.000000000000000000e+00 0.000000000000000000e+00 0.000000000000000000e+00 0.000000000000000000e+00 0.000000000000000000e+00 0.000000000000000000e+00
4.759301749921996949e-01 3.248791929986549754e-01 4.814988808149914812e-01 4.063571024166085510e-01 0.000000000000000000e+00 3.073040310344827830e-01 4.653231046475996835e-01 3.268647611628475724e-01 0.000000000000000000e+00 3.462636897394520963e-01 4.618449388452295357e-01 2.635017798186138904e-01 4.667588090110936783e-01 2.893584938703640530e-01 0.000000000000000000e+00 3.722975951272534112e-01 0.000000000000000000e+00 3.649665131322635259e-01 4.933453445975223839e-01 4.301354982537919924e-01 0.000000000000000000e+00 0.000000000000000000e+00 4.497809749804015933e-01 4.048895862969421056e-01 0.000000000000000000e+00 0.000000000000000000e+00 0.000000000000000000e+00 0.000000000000000000e+00 4.574556802260933974e-01 3.781165977919779819e-01 4.409553786533232933e-01 3.934416195482072776e-01 4.729507392002840760e-01 4.005709972289528964e-01 0.000000000000000000e+00 0.000000000000000000e+00 0.000000000000000000e+00 4.367169970823095437e-01 0.000000000000000000e+00 4.004194444444444945e-01 0.000000000000000000e+00 0.000000000000000000e+00 0.000000000000000000e+00 0.000000000000000000e+00 0.000000000000000000e+00 3.953235893385249611e-01 0.000000000000000000e+00 0.000000000000000000e+00 0.000000000000000000e+00 4.007993490800553782e-01 0.000000000000000000e+00 4.318420869780199012e-01 0.000000000000000000e+00 3.670835940594058822e-01 0.000000000000000000e+00 4.197434485608899646e-01 4.427734076923077189e-01 4.141419666086625928e-01 4.579327804878048913e-01 4.256598982138335430e-01 0.000000000000000000e+00 4.395709792122824422e-01 0.000000000000000000e+00 4.278716194803727224e-01 0.000000000000000000e+00 4.390004958057848738e-01 4.852595925925927145e-01 4.374647469910227793e-01 4.987111344537815127e-01 4.142182657858015649e-01 4.898833159110494440e-01 3.519067138201524836e-01 4.244840589941972775e-01 3.782993562875234805e-01 0.000000000000000000e+00 0.000000000000000000e+00 4.374142764782450454e-01 4.034518706973481139e-01 0.000000000000000000e+00 4.175310205147185760e-01 0.000000000000000000e+00 4.311741843353055770e-01 0.000000000000000000e+00 0.000000000000000000e+00 0.000000000000000000e+00 4.554497378887856218e-01 0.000000000000000000e+00 0.000000000000000000e+00 0.000000000000000000e+00 4.457331049068058992e-01 3.967658345864661928e-01 0.000000000000000000e+00 0.000000000000000000e+00 3.957870675675675964e-01 0.000000000000000000e+00 4.422865247197591554e-01 0.000000000000000000e+00 0.000000000000000000e+00 4.046519152542372710e-01 0.000000000000000000e+00 0.000000000000000000e+00 0.000000000000000000e+00 0.000000000000000000e+00 0.000000000000000000e+00 0.000000000000000000e+00 0.000000000000000000e+00 0.000000000000000000e+00 0.000000000000000000e+00 0.000000000000000000e+00 0.000000000000000000e+00 0.000000000000000000e+00 0.000000000000000000e+00 0.000000000000000000e+00 0.000000000000000000e+00 0.000000000000000000e+00 0.000000000000000000e+00
3.839566737623008597e-01 0.000000000000000000e+00 3.676406658884143197e-01 4.474378899886838901e-01 3.415835165963191367e-01 4.113154917449571291e-01 3.100917664550065234e-01 4.340631444056102795e-01 2.939405798219879018e-01 4.590954635979229148e-01 3.079249654759628751e-01 4.667588090110936783e-01 2.668982739776084578e-01 4.224277654542753502e-01 2.908895829312641568e-01 4.151723470701957908e-01 3.894160077778345275e-01 0.000000000000000000e+00 4.163788505172710819e-01 4.784784026062189888e-01 0.000000000000000000e+00 3.455482807017544178e-01 3.787914565000903289e-01 4.378353838222320826e-01 0.000000000000000000e+00 3.999385205479452643e-01 0.000000000000000000e+00 0.000000000000000000e+00 3.177754876910744986e-01 4.174671553850993755e-01 3.593682622208466682e-01 4.331945042239864763e-01 3.991686498787559434e-01 4.567133283167311153e-01 4.357265479256896556e-01 0.000000000000000000e+00 4.103581701877934140e-01 0.000000000000000000e+00 4.326261230769230526e-01 0.000000000000000000e+00 0.000000000000000000e+00 0.000000000000000000e+00 0.000000000000000000e+00 0.000000000000000000e+00 4.515633366709373431e-01 0.000000000000000000e+00 0.000000000000000000e+00 0.000000000000000000e+00 3.641301652892561802e-01 0.000000000000000000e+00 4.119451453443517819e-01 4.991210188679245374e-01 4.047977387387388104e-01 0.000000000000000000e+00 4.220853448414094711e-01 0.000000000000000000e+00 4.130819639990214176e-01 4.609548929398626926e-01 4.242764608759683753e-01 0.000000000000000000e+00 4.298320604727368099e-01 0.000000000000000000e+00 3.820289966752759003e-01 0.000000000000000000e+00 4.336564177028230382e-01 0.000000000000000000e+00 4.338023667973522346e-01 0.000000000000000000e+00 4.494751896481086195e-01 0.000000000000000000e+00 3.300966049737729113e-01 4.599100727479371042e-01 3.679769385160768236e-01 4.280768387587840507e-01 3.261318950980392484e-01 0.000000000000000000e+00 3.942146217638613503e-01 4.499542483339957766e-01 4.065651814338234749e-01 0.000000000000000000e+00 3.845383013209784373e-01 0.000000000000000000e+00 4.645386666666665998e-01 0.000000000000000000e+00 4.237525162930572686e-01 4.317010751445086725e-01 4.324373333333332847e-01 0.000000000000000000e+00 4.267732873687197226e-01 0.000000000000000000e+00 0.000000000000000000e+00 0.000000000000000000e+00 0.000000000000000000e+00 0.000000000000000000e+00 0.000000000000000000e+00 0.000000000000000000e+00 0.000000000000000000e+00 0.000000000000000000e+00 4.571224819277107665e-01 4.238817297297297615e-01 0.000000000000000000e+00 0.000000000000000000e+00 3.849205438596490780e-01 0.000000000000000000e+00 0.000000000000000000e+00 0.000000000000000000e+00 0.000000000000000000e+00 0.000000000000000000e+00 0.000000000000000000e+00 0.000000000000000000e+00 0.000000000000000000e+00 0.000000000000000000e+00 0.000000000000000000e+00 0.000000000000000000e+00 0.000000000000000000e+00 0.000000000000000000e+00
