2.833428407507490587e-01 4.968340083409373276e-01 3.877647119966805001e-01 5.119667212147491764e-01 3.357672828571429124e-01 0.000000000000000000e+00 3.199845897441346843e-01 5.020308497507678380e-01 3.652479302325581378e-01 0.000000000000000000e+00 2.745896290852464228e-01 5.014356441055058955e-01 2.971817006125726524e-01 4.653534217941345807e-01 0.000000000000000000e+00 0.000000000000000000e+00 2.836442483221826016e-01 4.852960276177156751e-01 4.109966996929741989e-01 5.137506158767678466e-01 0.000000000000000000e+00 0.000000000000000000e+00 4.588723269230769453e-01 5.197461851851852277e-01 0.000000000000000000e+00 0.000000000000000000e+00 0.000000000000000000e+00 0.000000000000000000e+00 3.777428227976485919e-01 5.086046351635103990e-01 4.313543513584688904e-01 0.000000000000000000e+00 4.055118620701690380e-01 5.033809969961616781e-01 4.467898567769896800e-01 0.000000000000000000e+00 4.614875932776071332e-01 5.185001836542694198e-01 4.096359520000000254e-01 0.000000000000000000e+00 0.000000000000000000e+00 0.000000000000000000e+00 0.000000000000000000e+00 0.000000000000000000e+00 4.087539707051837667e-01 0.000000000000000000e+00 0.000000000000000000e+00 0.000000000000000000e+00 4.268530078678996476e-01 0.000000000000000000e+00 3.906059653125908970e-01 4.859016778692655247e-01 0.000000000000000000e+00 0.000000000000000000e+00 4.207384022358576225e-01 0.000000000000000000e+00 3.206831188361829454e-01 4.849692200246680795e-01 3.962834966136828951e-01 5.119808721581864397e-01 4.098779435097040236e-01 4.910389690594060275e-01 3.939183896633371984e-01 4.984523491533251471e-01 3.847020191562710023e-01 0.000000000000000000e+00 4.346707988661353550e-01 4.588966071428571269e-01 3.005726514327693999e-01 5.087035961271424434e-01 3.615835548550743739e-01 5.277461692566437490e-01 3.631281781909767581e-01 4.905148806176885534e-01 3.824786322315791853e-01 4.496123170212766307e-01 3.971446039429495922e-01 4.754436015238787672e-01 0.000000000000000000e+00 0.000000000000000000e+00 3.878863268699694888e-01 0.000000000000000000e+00 3.880484818181818008e-01 0.000000000000000000e+00 4.204021408118777114e-01 0.000000000000000000e+00 0.000000000000000000e+00 0.000000000000000000e+00 4.299503276877423841e-01 4.610677949971248024e-01 4.201569913043478599e-01 4.436057919463087251e-01 0.000000000000000000e+00 0.000000000000000000e+00 3.994164497991967711e-01 4.332102605042015830e-01 0.000000000000000000e+00 0.000000000000000000e+00 4.097622761904761157e-01 0.000000000000000000e+00 0.000000000000000000e+00 0.000000000000000000e+00 4.836316608473754108e-01 4.034404817518248976e-01 4.210819962719298815e-01 4.541860988979737335e-01 0.000000000000000000e+00 0.000000000000000000e+00 0.000000000000000000e+00 0.000000000000000000e+00 0.000000000000000000e+00 0.000000000000000000e+00 0.000000000000000000e+00 0.000000000000000000e+00 0.000000000000000000e+00 0.000000000000000000e+00
4.968340083409373276e-01 2.977903602059509547e-01 5.150424312162693585e-01 3.723695826069769454e-01 0.000000000000000000e+00 4.510842653061225560e-01 4.993251437050275632e-01 3.448009642666002850e-01 0.000000000000000000e+00 3.676616867469879035e-01 4.904111110197763024e-01 3.348633647468379215e-01 4.723849052631578505e-01 3.896637403314653914e-01 0.000000000000000000e+00 4.253725502583609597e-01 4.961781714172145974e-01 3.305144778518317450e-01 5.127281755898939197e-01 3.590215919886360907e-01 0.000000000000000000e+00 0.000000000000000000e+00 0.000000000000000000e+00 0.000000000000000000e+00 0.000000000000000000e+00 0.000000000000000000e+00 4.639659459459460900e-01 0.000000000000000000e+00 5.072236956256328533e-01 4.273315178276498871e-01 4.744425878430612586e-01 3.935622205882352009e-01 5.055977934860940159e-01 4.194993949262463273e-01 0.000000000000000000e+00 4.243162459016393551e-01 5.205199785879807139e-01 4.833654670768081085e-01 0.000000000000000000e+00 0.000000000000000000e+00 0.000000000000000000e+00 4.450278664842549636e-01 0.000000000000000000e+00 4.094315625000000125e-01 0.000000000000000000e+00 4.226920280806737429e-01 0.000000000000000000e+00 0.000000000000000000e+00 0.000000000000000000e+00 3.993674918135100005e-01 0.000000000000000000e+00 4.084141362806121833e-01 0.000000000000000000e+00 3.780557850877193093e-01 0.000000000000000000e+00 3.870216988940746727e-01 5.060391297833820579e-01 3.648151041850180576e-01 5.226303255787250190e-01 4.267812378646029248e-01 0.000000000000000000e+00 3.981068185441321017e-01 0.000000000000000000e+00 3.884636272472675733e-01 4.808464311926605728e-01 4.075123364582745045e-01 5.131304965784546646e-01 3.944380329145422137e-01 5.115290056750229075e-01 3.143218702700127931e-01 4.811640427894803840e-01 3.839801958287930028e-01 4.864216024814153050e-01 4.021317164419531687e-01 0.000000000000000000e+00 4.361889159424642282e-01 4.790569950250816444e-01 4.060799176483388395e-01 0.000000000000000000e+00 3.539008970588235492e-01 4.868628756410257052e-01 4.178006753656617334e-01 0.000000000000000000e+00 0.000000000000000000e+00 4.981791577096819079e-01 4.134965848292955215e-01 0.000000000000000000e+00 0.000000000000000000e+00 0.000000000000000000e+00 4.264524277111021999e-01 0.000000000000000000e+00 4.537182548312498342e-01 0.000000000000000000e+00 4.086625230769231343e-01 0.000000000000000000e+00 4.372190930247985552e-01 0.000000000000000000e+00 0.000000000000000000e+00 4.727709266666665910e-01 4.535817820919114673e-01 0.000000000000000000e+00 4.347520419580419571e-01 4.889759248386463253e-01 4.197190176177518217e-01 0.000000000000000000e+00 5.050870234375000045e-01 0.000000000000000000e+00 0.000000000000000000e+00 0.000000000000000000e+00 0.000000000000000000e+00 0.000000000000000000e+00 0.000000000000000000e+00 0.000000000000000000e+00 0.000000000000000000e+00 0.000000000000000000e+00 0.000000000000000000e+00
3.877647119966805001e-01 5.150424312162693585e-01 3.046871038220173022e-01 5.020469319819765852e-01 2.327590367767801982e-01 4.762500554757661542e-01 3.252364714004795099e-01 5.041812703020979169e-01 3.185540759160217505e-01 4.591043364423973983e-01 3.890723723610035600e-01 4.936349285255031138e-01 3.611840798790783014e-01 4.778294152677383111e-01 3.420535041079523220e-01 4.811390936220304448e-01 4.158219420956926760e-01 4.777817635801298590e-01 3.561738400203677268e-01 5.277441035106671396e-01 0.000000000000000000e+00 0.000000000000000000e+00 3.040976133421322558e-01 4.955393932387561762e-01 2.593554033078046550e-01 4.766383757475388117e-01 3.031196949604363922e-01 4.073831772805507345e-01 3.876819805260527940e-01 4.945505125624226617e-01 4.219830481547820478e-01 4.853277649605857724e-01 4.281420232797497061e-01 5.131445150501439123e-01 4.562824244365746296e-01 0.000000000000000000e+00 4.530034774220924598e-01 5.224205709273181952e-01 4.271733622895623195e-01 0.000000000000000000e+00 0.000000000000000000e+00 0.000000000000000000e+00 4.381783153153153143e-01 0.000000000000000000e+00 4.333387319961705120e-01 0.000000000000000000e+00 4.550897083333332871e-01 0.000000000000000000e+00 4.261304234170777416e-01 5.479838188405797839e-01 4.570571449781892781e-01 4.470763030303030461e-01 4.137860700000000058e-01 0.000000000000000000e+00 4.151300359541598151e-01 0.000000000000000000e+00 4.111839177336964468e-01 5.344511539007079648e-01 4.373730067676113720e-01 5.168250146678297074e-01 4.109006868934944046e-01 0.000000000000000000e+00 3.996229341685009762e-01 5.051660700963311879e-01 4.057279406103783681e-01 4.687614961065453834e-01 4.637371503249185789e-01 5.161705725383125554e-01 3.969463516259544300e-01 4.806681232249502833e-01 3.845468365985285075e-01 5.404508261544679337e-01 3.863499400086581326e-01 4.861955606216363801e-01 3.720588722431198425e-01 0.000000000000000000e+00 4.124040075931686422e-01 4.668820970840894535e-01 3.578910879120879018e-01 0.000000000000000000e+00 4.095914863489057423e-01 0.000000000000000000e+00 3.507838030303029875e-01 0.000000000000000000e+00 4.096292060504318489e-01 5.098586838235295016e-01 0.000000000000000000e+00 0.000000000000000000e+00 4.064246676775958855e-01 4.251331590604026101e-01 0.000000000000000000e+00 4.281926905461546085e-01 0.000000000000000000e+00 4.025309130434782112e-01 0.000000000000000000e+00 4.131522553191489533e-01 0.000000000000000000e+00 0.000000000000000000e+00 0.000000000000000000e+00 0.000000000000000000e+00 0.000000000000000000e+00 0.000000000000000000e+00 4.190425037593984992e-01 0.000000000000000000e+00 4.249849798534798273e-01 0.000000000000000000e+00 0.000000000000000000e+00 0.000000000000000000e+00 0.000000000000000000e+00 0.000000000000000000e+00 0.000000000000000000e+00 0.000000000000000000e+00 0.000000000000000000e+00 0.000000000000000000e+00 0.000000000000000000e+00 0.000000000000000000e+00
5.119667212147491764e-01 3.723695826069769454e-01 5.020469319819765852e-01 2.761539717807667271e-01 4.389623357467016262e-01 2.401300416655173242e-01 4.912072236157479788e-01 3.573734916193159195e-01 4.198530739913176602e-01 3.420121798348021436e-01 4.718140187323495716e-01 4.222715032084978781e-01 4.610274291115648015e-01 3.799088686752435939e-01 0.000000000000000000e+00 3.495373696026954913e-01 5.158595257731959371e-01 4.256148733993471711e-01 5.177943147340308139e-01 3.247333397307379799e-01 0.000000000000000000e+00 0.000000000000000000e+00 4.760752068244233359e-01 2.624172088282467064e-01 4.711808303571429213e-01 2.407902187885344325e-01 0.000000000000000000e+00 2.753337039716775569e-01 4.976237334277168189e-01 3.904740325421413583e-01 4.236417500558882776e-01 3.620205272600758306e-01 5.047488044913884808e-01 3.957626480731715191e-01 0.000000000000000000e+00 4.882344037212699717e-01 5.074819808917196973e-01 4.873527820717049597e-01 0.000000000000000000e+00 4.843088018018018581e-01 0.000000000000000000e+00 4.713727591912111881e-01 0.000000000000000000e+00 0.000000000000000000e+00 4.540389310344827289e-01 4.429326267161410313e-01 0.000000000000000000e+00 4.533349234017349239e-01 0.000000000000000000e+00 4.325164238166920305e-01 0.000000000000000000e+00 4.406069485896361715e-01 0.000000000000000000e+00 0.000000000000000000e+00 0.000000000000000000e+00 0.000000000000000000e+00 0.000000000000000000e+00 4.161181965356225976e-01 5.166819384615384259e-01 4.517482028119863546e-01 0.000000000000000000e+00 4.440940212527346720e-01 5.038621283783785154e-01 4.069080983767831006e-01 0.000000000000000000e+00 4.356596962660014838e-01 5.198898264843587746e-01 4.594498517515568925e-01 5.324633342035216543e-01 3.473982198425440426e-01 5.315773702764182707e-01 4.056511997320240148e-01 4.764429428061042193e-01 3.961688204093051224e-01 4.846275714285714353e-01 3.549534190032737069e-01 4.758567452989678204e-01 4.150566735270679319e-01 0.000000000000000000e+00 0.000000000000000000e+00 0.000000000000000000e+00 4.147427535272277810e-01 0.000000000000000000e+00 4.033593917525774009e-01 0.000000000000000000e+00 4.259420420000017971e-01 0.000000000000000000e+00 0.000000000000000000e+00 0.000000000000000000e+00 4.321424577760698549e-01 0.000000000000000000e+00 4.271944176846292351e-01 0.000000000000000000e+00 0.000000000000000000e+00 4.466225563909774765e-01 4.493018936170212196e-01 4.681506324786324780e-01 4.846772211538462050e-01 4.551215510303030509e-01 4.766600357142857236e-01 0.000000000000000000e+00 0.000000000000000000e+00 0.000000000000000000e+00 4.130460855642703044e-01 0.000000000000000000e+00 4.451025826086956738e-01 0.000000000000000000e+00 0.000000000000000000e+00 0.000000000000000000e+00 0.000000000000000000e+00 0.000000000000000000e+00 0.000000000000000000e+00 4.671878062500000039e-01 0.000000000000000000e+00 0.000000000000000000e+00 0.000000000000000000e+00
3.357672828571429124e-01 0.000000000000000000e+00 2.327590367767801982e-01 4.389623357467016262e-01 2.322085123564229248e-01 0.000000000000000000e+00 2.682055228491172505e-01 4.295205981481481361e-01 2.579870722699615926e-01 4.780207434874633732e-01 3.563183085096245928e-01 0.000000000000000000e+00 3.466212785318752987e-01 4.331535238095237661e-01 3.068176215610128321e-01 0.000000000000000000e+00 0.000000000000000000e+00 0.000000000000000000e+00 3.592203891425414519e-01 4.589310819672131059e-01 3.551604155591389644e-01 0.000000000000000000e+00 3.395959395265049641e-01 0.000000000000000000e+00 2.075454632785548315e-01 0.000000000000000000e+00 2.777533650433602341e-01 0.000000000000000000e+00 3.668377566822639824e-01 0.000000000000000000e+00 3.846568117048880797e-01 3.708254468085105948e-01 3.837690367766220523e-01 4.459349244186047168e-01 4.586325715517241552e-01 4.977514712643677508e-01 4.043771999999999922e-01 0.000000000000000000e+00 0.000000000000000000e+00 0.000000000000000000e+00 0.000000000000000000e+00 0.000000000000000000e+00 4.557643245614035887e-01 0.000000000000000000e+00 0.000000000000000000e+00 0.000000000000000000e+00 4.475714518531718200e-01 0.000000000000000000e+00 0.000000000000000000e+00 0.000000000000000000e+00 0.000000000000000000e+00 0.000000000000000000e+00 3.978638818181818304e-01 0.000000000000000000e+00 4.302119569892474127e-01 0.000000000000000000e+00 3.606480312500000007e-01 0.000000000000000000e+00 3.559331938053097444e-01 0.000000000000000000e+00 3.763831773584905838e-01 0.000000000000000000e+00 3.299255233027522660e-01 0.000000000000000000e+00 4.252276324786323780e-01 0.000000000000000000e+00 4.042349732142856977e-01 0.000000000000000000e+00 0.000000000000000000e+00 0.000000000000000000e+00 3.597810155893370609e-01 4.665475517845117936e-01 3.602160508586761400e-01 0.000000000000000000e+00 3.612756506002559598e-01 0.000000000000000000e+00 3.635363045764274381e-01 0.000000000000000000e+00 0.000000000000000000e+00 0.000000000000000000e+00 3.633951401995214603e-01 0.000000000000000000e+00 0.000000000000000000e+00 0.000000000000000000e+00 4.094715409821950147e-01 0.000000000000000000e+00 4.079344729729730279e-01 0.000000000000000000e+00 4.027399705950711617e-01 0.000000000000000000e+00 0.000000000000000000e+00 0.000000000000000000e+00 0.000000000000000000e+00 0.000000000000000000e+00 0.000000000000000000e+00 0.000000000000000000e+00 0.000000000000000000e+00 0.000000000000000000e+00 0.000000000000000000e+00 0.000000000000000000e+00 0.000000000000000000e+00 0.000000000000000000e+00 0.000000000000000000e+00 0.000000000000000000e+00 0.000000000000000000e+00 0.000000000000000000e+00 0.000000000000000000e+00 0.000000000000000000e+00 0.000000000000000000e+00 0.000000000000000000e+00 0.000000000000000000e+00 0.000000000000000000e+00 0.000000000000000000e+00 0.000000000000000000e+00 0.000000000000000000e+00 0.000000000000000000e+00
0.000000000000000000e+00 4.510842653061225560e-01 4.762500554757661542e-01 2.401300416655173242e-01 0.000000000000000000e+00 2.186165730387799322e-01 4.570548556368330684e-01 2.903929669857717166e-01 4.478842619047619378e-01 2.888767376072803872e-01 0.000000000000000000e+00 3.678793799999999781e-01 4.142616063829788753e-01 3.221940490190271511e-01 4.641775299070606264e-01 2.928164237016611660e-01 0.000000000000000000e+00 0.000000000000000000e+00 0.000000000000000000e+00 0.000000000000000000e+00 4.669316880952381066e-01 3.474778127922077964e-01 4.557251329234984771e-01 2.778880842926592099e-01 0.000000000000000000e+00 2.196405376471219917e-01 4.582837235100329920e-01 2.567079077771644569e-01 0.000000000000000000e+00 3.116820478381667203e-01 4.350415361149330140e-01 3.696286752850615476e-01 0.000000000000000000e+00 3.496608672703291898e-01 0.000000000000000000e+00 0.000000000000000000e+00 0.000000000000000000e+00 3.962745015581907726e-01 0.000000000000000000e+00 0.000000000000000000e+00 0.000000000000000000e+00 0.000000000000000000e+00 0.000000000000000000e+00 4.500726018695015429e-01 0.000000000000000000e+00 0.000000000000000000e+00 0.000000000000000000e+00 4.355872831889064378e-01 0.000000000000000000e+00 4.556303559782609036e-01 0.000000000000000000e+00 4.337036614117553701e-01 0.000000000000000000e+00 0.000000000000000000e+00 0.000000000000000000e+00 4.198697640449437496e-01 0.000000000000000000e+00 0.000000000000000000e+00 0.000000000000000000e+00 0.000000000000000000e+00 0.000000000000000000e+00 0.000000000000000000e+00 0.000000000000000000e+00 0.000000000000000000e+00 0.000000000000000000e+00 0.000000000000000000e+00 0.000000000000000000e+00 0.000000000000000000e+00 0.000000000000000000e+00 0.000000000000000000e+00 5.001594663262722840e-01 3.756353618679399986e-01 4.830177500000000790e-01 3.487105997152892267e-01 0.000000000000000000e+00 3.243249612254902048e-01 0.000000000000000000e+00 3.635873689202083203e-01 0.000000000000000000e+00 0.000000000000000000e+00 0.000000000000000000e+00 3.901174974702584786e-01 0.000000000000000000e+00 3.792970781250000201e-01 0.000000000000000000e+00 4.028234201336689524e-01 0.000000000000000000e+00 0.000000000000000000e+00 0.000000000000000000e+00 3.986856454402269989e-01 0.000000000000000000e+00 0.000000000000000000e+00 0.000000000000000000e+00 0.000000000000000000e+00 0.000000000000000000e+00 0.000000000000000000e+00 0.000000000000000000e+00 0.000000000000000000e+00 0.000000000000000000e+00 0.000000000000000000e+00 0.000000000000000000e+00 0.000000000000000000e+00 0.000000000000000000e+00 0.000000000000000000e+00 0.000000000000000000e+00 0.000000000000000000e+00 0.000000000000000000e+00 0.000000000000000000e+00 0.000000000000000000e+00 0.000000000000000000e+00 0.000000000000000000e+00 0.000000000000000000e+00 0.000000000000000000e+00 0.000000000000000000e+00 0.000000000000000000e+00 0.000000000000000000e+00
3.199845897441346843e-01 4.993251437050275632e-01 3.252364714004795099e-01 4.912072236157479788e-01 2.682055228491172505e-01 4.570548556368330684e-01 2.838824186148561357e-01 4.912420214452813405e-01 3.089671201265530853e-01 4.564797097469540099e-01 3.508802366514196525e-01 4.967261014987715551e-01 2.821308015122359625e-01 4.691391357051210576e-01 3.198675559751359421e-01 4.504423952522076946e-01 4.048194873355262513e-01 4.984602495199614292e-01 4.003124613083139938e-01 5.136193772351705933e-01 0.000000000000000000e+00 3.022982121212121620e-01 3.718518476578860366e-01 4.708759234362509538e-01 3.326334519126620815e-01 3.956412410450848571e-01 3.410241553030302630e-01 4.203945610286162760e-01 3.481079370634622694e-01 4.880661217599400747e-01 3.887021189059334803e-01 4.712676811370260510e-01 4.008463706932509640e-01 4.979692755161210793e-01 4.638203203010503040e-01 0.000000000000000000e+00 4.346147289292458527e-01 4.675823703703703704e-01 0.000000000000000000e+00 0.000000000000000000e+00 0.000000000000000000e+00 0.000000000000000000e+00 3.888444725274725067e-01 0.000000000000000000e+00 4.129709955933560384e-01 4.809510662983424445e-01 4.182752677165354482e-01 0.000000000000000000e+00 3.948574468575939966e-01 4.739805397646582596e-01 3.939760445833695446e-01 4.402564449598020957e-01 0.000000000000000000e+00 0.000000000000000000e+00 4.008350670400149807e-01 0.000000000000000000e+00 3.906551715467692087e-01 4.197132846153845964e-01 4.067771349048694973e-01 0.000000000000000000e+00 4.003867602959756966e-01 0.000000000000000000e+00 3.795963341375709343e-01 0.000000000000000000e+00 3.792294953900867127e-01 4.577553061997597927e-01 4.346837258589411057e-01 5.137612810950863418e-01 3.979196975239066014e-01 0.000000000000000000e+00 3.525426721194004354e-01 5.310193823166952098e-01 3.511162315993155980e-01 4.770027250225149507e-01 3.446585480620155129e-01 4.111060526315788999e-01 3.828332711617568607e-01 4.697005756554116229e-01 3.974908324378109703e-01 0.000000000000000000e+00 3.829488589940818200e-01 0.000000000000000000e+00 0.000000000000000000e+00 0.000000000000000000e+00 4.083632073266583729e-01 4.390066733361513984e-01 0.000000000000000000e+00 0.000000000000000000e+00 4.124166084464990778e-01 0.000000000000000000e+00 0.000000000000000000e+00 0.000000000000000000e+00 0.000000000000000000e+00 0.000000000000000000e+00 0.000000000000000000e+00 0.000000000000000000e+00 0.000000000000000000e+00 0.000000000000000000e+00 0.000000000000000000e+00 4.816575986842104307e-01 0.000000000000000000e+00 0.000000000000000000e+00 0.000000000000000000e+00 0.000000000000000000e+00 3.968949655172414048e-01 0.000000000000000000e+00 3.922307692307693272e-01 0.000000000000000000e+00 0.000000000000000000e+00 0.000000000000000000e+00 0.000000000000000000e+00 0.000000000000000000e+00 0.000000000000000000e+00 0.000000000000000000e+00 0.000000000000000000e+00 0.000000000000000000e+00
5.020308497507678380e-01 3.448009642666002850e-01 5.041812703020979169e-01 3.573734916193159195e-01 4.295205981481481361e-01 2.903929669857717166e-01 4.912420214452813405e-01 2.719594824528565602e-01 4.513313518088271081e-01 2.881593161763128519e-01 4.937303943073195200e-01 3.129992858600569861e-01 4.694240815276679024e-01 2.334382430461571512e-01 4.729205144125090965e-01 3.151820265530697607e-01 4.916449146372749435e-01 4.133335562279676356e-01 5.089117348946839980e-01 4.149024791909272647e-01 0.000000000000000000e+00 0.000000000000000000e+00 4.725904049501797322e-01 3.762181890428006881e-01 0.000000000000000000e+00 3.108139565217391542e-01 0.000000000000000000e+00 0.000000000000000000e+00 4.891021556255067959e-01 3.643713377697377909e-01 4.403528164699034853e-01 3.708133491327626485e-01 4.761794138185194147e-01 4.004726638679034778e-01 4.055798791208791165e-01 4.855137540086796322e-01 5.216648269534956972e-01 4.012254448416706643e-01 0.000000000000000000e+00 0.000000000000000000e+00 0.000000000000000000e+00 0.000000000000000000e+00 0.000000000000000000e+00 3.538081276595744784e-01 0.000000000000000000e+00 3.784255746099110529e-01 0.000000000000000000e+00 3.857779094139781595e-01 0.000000000000000000e+00 3.672558127850196197e-01 0.000000000000000000e+00 3.855458088827576346e-01 0.000000000000000000e+00 3.689162872015012140e-01 0.000000000000000000e+00 3.762707681929476911e-01 5.016073622047244607e-01 4.003375083997734452e-01 4.730701891388608971e-01 4.306585493730552550e-01 5.137494947287714053e-01 3.988369080210151796e-01 4.568329253731343020e-01 3.960679307251244174e-01 0.000000000000000000e+00 3.822052320717240215e-01 4.970050026606926963e-01 4.454844817074296581e-01 0.000000000000000000e+00 4.245782923256114505e-01 5.156152114743602910e-01 3.823013757360037013e-01 4.833553187308947119e-01 3.715184744511326742e-01 4.185737063231850241e-01 3.344598108974359274e-01 4.778686904189805573e-01 3.895083393723016152e-01 0.000000000000000000e+00 0.000000000000000000e+00 0.000000000000000000e+00 3.918362622092343428e-01 0.000000000000000000e+00 0.000000000000000000e+00 0.000000000000000000e+00 3.942329558746585638e-01 0.000000000000000000e+00 0.000000000000000000e+00 0.000000000000000000e+00 3.890865620300244521e-01 0.000000000000000000e+00 4.251384918746858310e-01 0.000000000000000000e+00 0.000000000000000000e+00 0.000000000000000000e+00 4.361709285714286399e-01 0.000000000000000000e+00 0.000000000000000000e+00 0.000000000000000000e+00 0.000000000000000000e+00 0.000000000000000000e+00 0.000000000000000000e+00 0.000000000000000000e+00 3.633770080645161715e-01 0.000000000000000000e+00 0.000000000000000000e+00 0.000000000000000000e+00 0.000000000000000000e+00 0.000000000000000000e+00 0.000000000000000000e+00 0.000000000000000000e+00 0.000000000000000000e+00 0.000000000000000000e+00 0.000000000000000000e+00 0.000000000000000000e+00 0.000000000000000000e+00
3.652479302325581378e-01 0.000000000000000000e+00 3.185540759160217505e-01 4.198530739913176602e-01 2.579870722699615926e-01 4.478842619047619378e-01 3.089671201265530853e-01 4.513313518088271081e-01 2.590424712122603723e-01 4.808058362798972585e-01 3.585617678985786871e-01 0.000000000000000000e+00 2.691324588629782077e-01 4.478188130841121439e-01 2.777758974689138460e-01 4.430378777098791798e-01 3.601954831334688301e-01 0.000000000000000000e+00 3.858884275714261625e-01 0.000000000000000000e+00 3.054447037037036905e-01 0.000000000000000000e+00 3.446599150613213758e-01 4.831038529337531306e-01 2.012012221556205294e-01 0.000000000000000000e+00 1.666968614851420394e-01 4.889618831168829893e-01 3.499080397896855432e-01 0.000000000000000000e+00 4.303106226694817793e-01 4.832971731481481292e-01 3.624712745098038758e-01 4.544925166666665683e-01 0.000000000000000000e+00 0.000000000000000000e+00 4.053432857142857393e-01 0.000000000000000000e+00 0.000000000000000000e+00 0.000000000000000000e+00 0.000000000000000000e+00 0.000000000000000000e+00 0.000000000000000000e+00 0.000000000000000000e+00 0.000000000000000000e+00 0.000000000000000000e+00 4.310052977207978198e-01 4.944104041450777531e-01 0.000000000000000000e+00 0.000000000000000000e+00 0.000000000000000000e+00 0.000000000000000000e+00 0.000000000000000000e+00 0.000000000000000000e+00 0.000000000000000000e+00 0.000000000000000000e+00 0.000000000000000000e+00 0.000000000000000000e+00 3.962340710016200584e-01 0.000000000000000000e+00 4.090557442026418467e-01 0.000000000000000000e+00 3.593496569607490532e-01 0.000000000000000000e+00 3.791524974923759506e-01 0.000000000000000000e+00 0.000000000000000000e+00 0.000000000000000000e+00 0.000000000000000000e+00 0.000000000000000000e+00 3.256379729050051242e-01 4.947279556025371283e-01 3.673953214522088229e-01 4.748458744623655914e-01 3.557548972092817730e-01 0.000000000000000000e+00 3.701516306812657198e-01 4.134821147540982955e-01 0.000000000000000000e+00 0.000000000000000000e+00 3.626802925925926568e-01 0.000000000000000000e+00 0.000000000000000000e+00 0.000000000000000000e+00 4.013063032644170747e-01 0.000000000000000000e+00 0.000000000000000000e+00 0.000000000000000000e+00 4.116613434238811098e-01 0.000000000000000000e+00 0.000000000000000000e+00 0.000000000000000000e+00 0.000000000000000000e+00 0.000000000000000000e+00 0.000000000000000000e+00 0.000000000000000000e+00 0.000000000000000000e+00 0.000000000000000000e+00 0.000000000000000000e+00 0.000000000000000000e+00 0.000000000000000000e+00 0.000000000000000000e+00 0.000000000000000000e+00 0.000000000000000000e+00 0.000000000000000000e+00 0.000000000000000000e+00 0.000000000000000000e+00 0.000000000000000000e+00 0.000000000000000000e+00 0.000000000000000000e+00 0.000000000000000000e+00 0.000000000000000000e+00 0.000000000000000000e+00 0.000000000000000000e+00 0.000000000000000000e+00 0.000000000000000000e+00
0.000000000000000000e+00 3.676616867469879035e-01 4.591043364423973983e-01 3.420121798348021436e-01 4.780207434874633732e-01 2.888767376072803872e-01 4.564797097469540099e-01 2.881593161763128519e-01 4.808058362798972585e-01 2.160104130384229715e-01 0.000000000000000000e+00 3.796507834145054772e-01 4.570534005448534387e-01 3.216453323860647417e-01 4.723909057331090455e-01 2.541768172394546221e-01 0.000000000000000000e+00 3.551036956521739785e-01 4.767053474576271599e-01 4.070812058441557468e-01 0.000000000000000000e+00 0.000000000000000000e+00 4.535702843262522377e-01 3.487686025625584829e-01 0.000000000000000000e+00 0.000000000000000000e+00 0.000000000000000000e+00 0.000000000000000000e+00 4.723159230769231054e-01 3.535223189309877889e-01 4.473363639996348340e-01 3.310859159741095237e-01 0.000000000000000000e+00 3.865323193534681567e-01 0.000000000000000000e+00 0.000000000000000000e+00 0.000000000000000000e+00 3.793530056179775234e-01 0.000000000000000000e+00 0.000000000000000000e+00 0.000000000000000000e+00 0.000000000000000000e+00 0.000000000000000000e+00 0.000000000000000000e+00 0.000000000000000000e+00 0.000000000000000000e+00 0.000000000000000000e+00 4.566662031250000031e-01 0.000000000000000000e+00 0.000000000000000000e+00 0.000000000000000000e+00 0.000000000000000000e+00 0.000000000000000000e+00 0.000000000000000000e+00 0.000000000000000000e+00 0.000000000000000000e+00 0.000000000000000000e+00 3.693693906250000714e-01 0.000000000000000000e+00 4.435069492753623277e-01 0.000000000000000000e+00 0.000000000000000000e+00 0.000000000000000000e+00 0.000000000000000000e+00 4.918294804469273696e-01 3.803251515151515050e-01 0.000000000000000000e+00 4.727603177082328467e-01 0.000000000000000000e+00 0.000000000000000000e+00 4.752047488216810667e-01 3.167405511978490518e-01 4.255573425685476030e-01 3.570614907179583963e-01 0.000000000000000000e+00 3.401501865691509141e-01 4.636964081177520347e-01 3.664622892173733937e-01 0.000000000000000000e+00 0.000000000000000000e+00 0.000000000000000000e+00 3.935096922744882320e-01 0.000000000000000000e+00 0.000000000000000000e+00 0.000000000000000000e+00 4.149648941467354857e-01 0.000000000000000000e+00 0.000000000000000000e+00 0.000000000000000000e+00 4.066148858639345720e-01 0.000000000000000000e+00 3.901395801703986255e-01 0.000000000000000000e+00 0.000000000000000000e+00 0.000000000000000000e+00 0.000000000000000000e+00 0.000000000000000000e+00 0.000000000000000000e+00 0.000000000000000000e+00 0.000000000000000000e+00 0.000000000000000000e+00 0.000000000000000000e+00 0.000000000000000000e+00 3.490426220472441221e-01 0.000000000000000000e+00 0.000000000000000000e+00 0.000000000000000000e+00 0.000000000000000000e+00 0.000000000000000000e+00 0.000000000000000000e+00 0.000000000000000000e+00 0.000000000000000000e+00 0.000000000000000000e+00 0.000000000000000000e+00 0.000000000000000000e+00 0.000000000000000000e+00
2.745896290852464228e-01 4.904111110197763024e-01 3.890723723610035600e-01 4.718140187323495716e-01 3.563183085096245928e-01 0.000000000000000000e+00 3.508802366514196525e-01 4.937303943073195200e-01 3.585617678985786871e-01 0.000000000000000000e+00 2.861517714238595578e-01 4.907396494415556809e-01 2.707105510557364925e-01 4.621205692781509833e-01 3.784767337072649784e-01 0.000000000000000000e+00 2.717679092214937420e-01 4.641803644859812672e-01 4.135930497561036145e-01 5.033417582872701246e-01 0.000000000000000000e+00 0.000000000000000000e+00 4.154642412971355503e-01 4.718860280222011427e-01 0.000000000000000000e+00 0.000000000000000000e+00 0.000000000000000000e+00 0.000000000000000000e+00 3.734085516723252840e-01 0.000000000000000000e+00 4.067443051017884392e-01 4.508961320754717450e-01 4.043060742334592117e-01 4.741718221608810513e-01 0.000000000000000000e+00 0.000000000000000000e+00 4.269728714073426357e-01 0.000000000000000000e+00 0.000000000000000000e+00 0.000000000000000000e+00 0.000000000000000000e+00 0.000000000000000000e+00 0.000000000000000000e+00 0.000000000000000000e+00 0.000000000000000000e+00 0.000000000000000000e+00 0.000000000000000000e+00 0.000000000000000000e+00 4.097067368421052347e-01 0.000000000000000000e+00 4.375217775106837736e-01 0.000000000000000000e+00 0.000000000000000000e+00 0.000000000000000000e+00 0.000000000000000000e+00 0.000000000000000000e+00 3.557550882766471467e-01 0.000000000000000000e+00 4.086899232048411545e-01 0.000000000000000000e+00 4.208678882199255455e-01 0.000000000000000000e+00 3.965721613768150577e-01 0.000000000000000000e+00 3.911449318997590741e-01 4.965267933333333827e-01 4.221233909909181126e-01 0.000000000000000000e+00 4.340983001333480473e-01 4.917550176991150046e-01 3.624879106284680796e-01 5.224133665879364674e-01 3.829681348450749145e-01 4.640752054193436060e-01 0.000000000000000000e+00 0.000000000000000000e+00 4.103162063088985900e-01 4.754005002508025490e-01 0.000000000000000000e+00 0.000000000000000000e+00 3.894221134312162436e-01 0.000000000000000000e+00 0.000000000000000000e+00 0.000000000000000000e+00 4.063671322543313535e-01 0.000000000000000000e+00 0.000000000000000000e+00 0.000000000000000000e+00 4.211706293480941277e-01 0.000000000000000000e+00 0.000000000000000000e+00 0.000000000000000000e+00 0.000000000000000000e+00 0.000000000000000000e+00 0.000000000000000000e+00 0.000000000000000000e+00 0.000000000000000000e+00 0.000000000000000000e+00 0.000000000000000000e+00 0.000000000000000000e+00 0.000000000000000000e+00 0.000000000000000000e+00 0.000000000000000000e+00 0.000000000000000000e+00 0.000000000000000000e+00 0.000000000000000000e+00 0.000000000000000000e+00 0.000000000000000000e+00 0.000000000000000000e+00 0.000000000000000000e+00 0.000000000000000000e+00 0.000000000000000000e+00 0.000000000000000000e+00 0.000000000000000000e+00 0.000000000000000000e+00 0.000000000000000000e+00
5.014356441055058955e-01 3.348633647468379215e-01 4.936349285255031138e-01 4.222715032084978781e-01 0.000000000000000000e+00 3.678793799999999781e-01 4.967261014987715551e-01 3.129992858600569861e-01 0.000000000000000000e+00 3.796507834145054772e-01 4.907396494415556809e-01 2.936245393101489798e-01 4.736807811703709903e-01 2.660179787178797439e-01 0.000000000000000000e+00 3.747506915680747785e-01 4.798295353535352858e-01 3.079202021404128242e-01 5.120608241172152075e-01 4.322647421793757161e-01 0.000000000000000000e+00 0.000000000000000000e+00 4.787313422541057961e-01 3.852514814814815280e-01 0.000000000000000000e+00 0.000000000000000000e+00 0.000000000000000000e+00 0.000000000000000000e+00 4.897127034796702194e-01 4.485919082508386113e-01 4.425119369993967822e-01 4.528737366484126281e-01 4.708328780522281209e-01 4.089792316174172826e-01 0.000000000000000000e+00 4.970379668667166961e-01 5.037300731707317070e-01 4.992960153846154325e-01 0.000000000000000000e+00 0.000000000000000000e+00 0.000000000000000000e+00 4.503470454545454027e-01 0.000000000000000000e+00 0.000000000000000000e+00 0.000000000000000000e+00 0.000000000000000000e+00 0.000000000000000000e+00 0.000000000000000000e+00 0.000000000000000000e+00 3.589888258928570774e-01 0.000000000000000000e+00 3.873693169855612073e-01 0.000000000000000000e+00 0.000000000000000000e+00 0.000000000000000000e+00 0.000000000000000000e+00 0.000000000000000000e+00 3.928235256386525265e-01 0.000000000000000000e+00 4.441050636764770632e-01 0.000000000000000000e+00 4.103412663482688960e-01 0.000000000000000000e+00 3.919412799910656497e-01 0.000000000000000000e+00 3.938237214533248931e-01 4.877820909326334164e-01 4.507003374465429202e-01 0.000000000000000000e+00 4.400829019153536525e-01 5.283148405128801350e-01 3.856431139511172224e-01 4.823712150951227073e-01 3.939964400580640569e-01 0.000000000000000000e+00 0.000000000000000000e+00 4.875636604579856037e-01 4.036855872161644321e-01 0.000000000000000000e+00 0.000000000000000000e+00 0.000000000000000000e+00 4.188329753959104673e-01 0.000000000000000000e+00 0.000000000000000000e+00 0.000000000000000000e+00 4.216605656869285568e-01 0.000000000000000000e+00 0.000000000000000000e+00 0.000000000000000000e+00 4.337263971207805380e-01 0.000000000000000000e+00 0.000000000000000000e+00 0.000000000000000000e+00 0.000000000000000000e+00 0.000000000000000000e+00 0.000000000000000000e+00 0.000000000000000000e+00 0.000000000000000000e+00 0.000000000000000000e+00 0.000000000000000000e+00 0.000000000000000000e+00 0.000000000000000000e+00 0.000000000000000000e+00 0.000000000000000000e+00 4.831039239766081739e-01 0.000000000000000000e+00 0.000000000000000000e+00 0.000000000000000000e+00 0.000000000000000000e+00 0.000000000000000000e+00 0.000000000000000000e+00 0.000000000000000000e+00 0.000000000000000000e+00 0.000000000000000000e+00 0.000000000000000000e+00 0.000000000000000000e+00
2.971817006125726524e-01 4.723849052631578505e-01 3.611840798790783014e-01 4.610274291115648015e-01 3.466212785318752987e-01 4.142616063829788753e-01 2.821308015122359625e-01 4.694240815276679024e-01 2.691324588629782077e-01 4.570534005448534387e-01 2.707105510557364925e-01 4.736807811703709903e-01 2.573464639688527456e-01 4.529654303994662956e-01 2.448784092825840586e-01 4.467289227592126100e-01 3.951768572441522465e-01 0.000000000000000000e+00 3.987768586253796488e-01 4.788463026520967114e-01 0.000000000000000000e+00 0.000000000000000000e+00 3.783255710515092685e-01 4.581517445533250243e-01 3.642728830093429626e-01 4.564192222222221984e-01 3.698686125672711600e-01 3.580184898477866695e-01 3.862207980513653882e-01 4.772523662379828946e-01 3.692058790110177569e-01 4.595112323952296740e-01 3.790802640809695645e-01 4.784633064554917881e-01 4.209296151328911773e-01 0.000000000000000000e+00 4.328296047841037053e-01 4.619858047337278562e-01 0.000000000000000000e+00 0.000000000000000000e+00 0.000000000000000000e+00 0.000000000000000000e+00 0.000000000000000000e+00 4.684314677419353923e-01 4.305766924999999135e-01 0.000000000000000000e+00 0.000000000000000000e+00 0.000000000000000000e+00 4.376554262295082043e-01 0.000000000000000000e+00 0.000000000000000000e+00 4.710847443181817584e-01 3.948126526315788865e-01 0.000000000000000000e+00 0.000000000000000000e+00 0.000000000000000000e+00 3.991117737162185874e-01 4.642605555555555652e-01 4.088005224737479293e-01 0.000000000000000000e+00 4.263082995902843786e-01 0.000000000000000000e+00 4.062909154723630123e-01 4.649898484848484781e-01 3.912737601035732871e-01 0.000000000000000000e+00 4.171903799481980202e-01 4.734547938931297772e-01 4.323743319404568242e-01 0.000000000000000000e+00 3.342125434095231107e-01 5.179988802913518819e-01 3.812533914075925123e-01 4.664060885020163694e-01 3.709248047175866536e-01 3.853387477272727235e-01 3.969396260577603419e-01 4.434884343708465626e-01 0.000000000000000000e+00 0.000000000000000000e+00 3.844394531341603360e-01 0.000000000000000000e+00 0.000000000000000000e+00 0.000000000000000000e+00 3.986705679811966552e-01 4.584125877104376912e-01 0.000000000000000000e+00 0.000000000000000000e+00 4.114315903313064959e-01 0.000000000000000000e+00 4.010323611686696932e-01 0.000000000000000000e+00 0.000000000000000000e+00 0.000000000000000000e+00 4.273262340425531547e-01 0.000000000000000000e+00 0.000000000000000000e+00 0.000000000000000000e+00 0.000000000000000000e+00 4.429210676691729964e-01 0.000000000000000000e+00 0.000000000000000000e+00 0.000000000000000000e+00 3.942385087542087385e-01 4.174552077635177438e-01 0.000000000000000000e+00 0.000000000000000000e+00 4.243599275461902298e-01 0.000000000000000000e+00 0.000000000000000000e+00 0.000000000000000000e+00 0.000000000000000000e+00 0.000000000000000000e+00 0.000000000000000000e+00 0.000000000000000000e+00 0.000000000000000000e+00
