3.143776164498173764e-01 4.914270180859518500e-01 3.828810726559985778e-01 5.087234773677576927e-01 0.000000000000000000e+00 0.000000000000000000e+00 3.298927151475225528e-01 4.792754166453238596e-01 3.662926305355935219e-01 0.000000000000000000e+00 3.431418646936763017e-01 4.815194669180692388e-01 4.005434536089466091e-01 0.000000000000000000e+00 4.011813500404582400e-01 0.000000000000000000e+00 3.265321170933791484e-01 4.811261283461832350e-01 4.197862687133344650e-01 5.229867363463581720e-01 0.000000000000000000e+00 0.000000000000000000e+00 3.990709311959143579e-01 4.655324255912162146e-01 3.978114260869564656e-01 0.000000000000000000e+00 0.000000000000000000e+00 0.000000000000000000e+00 4.271954068587417441e-01 4.770781078777190376e-01 4.145319166666666666e-01 4.528410086956521363e-01 4.546653221775397991e-01 5.170847290385015560e-01 0.000000000000000000e+00 4.681135496031745280e-01 4.965692083113370514e-01 5.455472348486267720e-01 0.000000000000000000e+00 0.000000000000000000e+00 0.000000000000000000e+00 0.000000000000000000e+00 0.000000000000000000e+00 5.397031410660106943e-01 4.241961372751398285e-01 0.000000000000000000e+00 0.000000000000000000e+00 0.000000000000000000e+00 4.102764165590020995e-01 4.671974444444444430e-01 4.195456895554714460e-01 4.934606651215086015e-01 4.103315008442943168e-01 0.000000000000000000e+00 4.110320347024596366e-01 0.000000000000000000e+00 3.347011929057628343e-01 4.922004186342422982e-01 4.224423139275658712e-01 5.140457607218401614e-01 3.999178421632302860e-01 4.755752803738317880e-01 3.781540057764565255e-01 4.911822299762094168e-01 4.230085446963896545e-01 4.868450294807097345e-01 4.499401035395302340e-01 5.094251816616587325e-01 3.659447430693791303e-01 5.309430227249793965e-01 3.599697687483140451e-01 5.039069887675242665e-01 4.133288621204167512e-01 4.791120740115791254e-01 3.933333486765616671e-01 4.792707735849057182e-01 4.116518137629980312e-01 4.800041509822025043e-01 0.000000000000000000e+00 0.000000000000000000e+00 2.801238850175588602e-01 0.000000000000000000e+00 0.000000000000000000e+00 0.000000000000000000e+00 4.282342205398102508e-01 4.930338896989156505e-01 4.407822857142856821e-01 4.548194736842106067e-01 4.276907812043136969e-01 4.652607812500000328e-01 4.123566487952904924e-01 4.540172317189754558e-01 0.000000000000000000e+00 0.000000000000000000e+00 4.751023090475346988e-01 4.330826883116883907e-01 4.503304529914529675e-01 0.000000000000000000e+00 0.000000000000000000e+00 0.000000000000000000e+00 0.000000000000000000e+00 0.000000000000000000e+00 4.169069580419580423e-01 4.350155087599855142e-01 4.737258580684186038e-01 0.000000000000000000e+00 4.727850422782285955e-01 0.000000000000000000e+00 0.000000000000000000e+00 0.000000000000000000e+00 0.000000000000000000e+00 0.000000000000000000e+00 0.000000000000000000e+00 0.000000000000000000e+00 4.531903008130080956e-01 0.000000000000000000e+00
4.914270180859518500e-01 2.901922279833684670e-01 4.980279786238827611e-01 3.490412035572024174e-01 0.000000000000000000e+00 3.627306738721804424e-01 4.607532463670953038e-01 3.536219192935908251e-01 0.000000000000000000e+00 3.369561889309589109e-01 4.783291819968250591e-01 3.895401564898131053e-01 4.219746482758620632e-01 3.943054442221936018e-01 0.000000000000000000e+00 4.210171948288706223e-01 4.687525641761837725e-01 3.677640965542641749e-01 5.038962287744189750e-01 3.668293166041569631e-01 0.000000000000000000e+00 0.000000000000000000e+00 4.710932781911768008e-01 4.042841585365853918e-01 0.000000000000000000e+00 0.000000000000000000e+00 0.000000000000000000e+00 0.000000000000000000e+00 4.767314769458905754e-01 4.087050923995595997e-01 0.000000000000000000e+00 0.000000000000000000e+00 5.016523476485625910e-01 4.328124991450986170e-01 0.000000000000000000e+00 0.000000000000000000e+00 5.291011053947276555e-01 4.808960265600620287e-01 0.000000000000000000e+00 4.721091243326457909e-01 0.000000000000000000e+00 4.425346901408451772e-01 0.000000000000000000e+00 4.098673199999999794e-01 0.000000000000000000e+00 4.222405738850634194e-01 0.000000000000000000e+00 0.000000000000000000e+00 4.775770947183898829e-01 4.228637675283292707e-01 4.405102999999999658e-01 4.067568856999045357e-01 0.000000000000000000e+00 4.210840980639628528e-01 0.000000000000000000e+00 4.077870125477738306e-01 4.948446485878307266e-01 3.248268731999591763e-01 4.960267349119772406e-01 4.150643807963341203e-01 4.734936082547145375e-01 3.947432404415634477e-01 0.000000000000000000e+00 3.558839080098140095e-01 4.557749622601917627e-01 4.081343653401899307e-01 5.047567804890552567e-01 4.300993443134357164e-01 5.183802251701489228e-01 3.222291181739983523e-01 5.023698162372963738e-01 3.906140450405175546e-01 4.741125912210664151e-01 4.097857230508564763e-01 0.000000000000000000e+00 4.157905456904355534e-01 4.739664028173736776e-01 4.105854016468238887e-01 5.126038288288288225e-01 4.237840000000000495e-01 5.241744733151023627e-01 4.274895313182137668e-01 0.000000000000000000e+00 0.000000000000000000e+00 0.000000000000000000e+00 4.320373215854974025e-01 0.000000000000000000e+00 0.000000000000000000e+00 4.671041836734692865e-01 4.303969515208767027e-01 4.250199781593691495e-01 4.576327724633156291e-01 0.000000000000000000e+00 4.229186220472441193e-01 4.769440005558204243e-01 4.373787953435139264e-01 4.976112616822429557e-01 4.840718828125000206e-01 4.303016647796422678e-01 5.363328839285713689e-01 0.000000000000000000e+00 0.000000000000000000e+00 0.000000000000000000e+00 4.370755776387619806e-01 0.000000000000000000e+00 4.109329499999999635e-01 0.000000000000000000e+00 0.000000000000000000e+00 0.000000000000000000e+00 0.000000000000000000e+00 4.497842000000000229e-01 0.000000000000000000e+00 4.686545730337079441e-01 0.000000000000000000e+00 0.000000000000000000e+00 0.000000000000000000e+00
3.828810726559985778e-01 4.980279786238827611e-01 2.867914360615149705e-01 4.634023487511523820e-01 1.859059473904375315e-01 4.516283973783398742e-01 3.204144683888778822e-01 4.641290184452280809e-01 2.891855517660099073e-01 4.533204823690309415e-01 4.160686551749412376e-01 4.777411636768603143e-01 3.580727744277200641e-01 4.503006815165286336e-01 3.380926672034598179e-01 4.488066677191571707e-01 4.119512155199195336e-01 5.133207447712577753e-01 3.494503065047108170e-01 5.214316809539393249e-01 0.000000000000000000e+00 0.000000000000000000e+00 2.556410288480277515e-01 4.506812052095477417e-01 1.907608635261713037e-01 4.426391548211746074e-01 2.895164581104869295e-01 4.351450617283950661e-01 3.838273047815096151e-01 4.813145506647666938e-01 3.491280782103854397e-01 4.356051042514330063e-01 4.229178678213692533e-01 4.788553400047147468e-01 4.236822399800886374e-01 0.000000000000000000e+00 4.472807299992565544e-01 4.350821301369863225e-01 4.152916611952862103e-01 5.167229699999998926e-01 0.000000000000000000e+00 0.000000000000000000e+00 0.000000000000000000e+00 0.000000000000000000e+00 4.386777989199219796e-01 4.416269930069929850e-01 3.925678320000000054e-01 0.000000000000000000e+00 4.206274591397990426e-01 0.000000000000000000e+00 4.222016114737228154e-01 0.000000000000000000e+00 3.570937837037037044e-01 0.000000000000000000e+00 3.841618992734573967e-01 4.517089770992366304e-01 4.033518888097338273e-01 0.000000000000000000e+00 4.473963950859300431e-01 4.800021804511278578e-01 4.100629855445324101e-01 0.000000000000000000e+00 4.282870512820513009e-01 0.000000000000000000e+00 4.164524977229601688e-01 4.876680720720721895e-01 4.508924531835192817e-01 5.066405660537017797e-01 4.284726140252377857e-01 0.000000000000000000e+00 3.666567028150526930e-01 4.369727439831613269e-01 3.889874626576994010e-01 4.650306133966194966e-01 3.595933037458193815e-01 0.000000000000000000e+00 4.182522900837544744e-01 4.534515557639663408e-01 0.000000000000000000e+00 0.000000000000000000e+00 3.725189243894993507e-01 4.395650571428571518e-01 0.000000000000000000e+00 0.000000000000000000e+00 4.035497372978684161e-01 4.564874161764705951e-01 3.842640277777777946e-01 0.000000000000000000e+00 3.951722702427164502e-01 0.000000000000000000e+00 4.330176507936507879e-01 4.541471134687500300e-01 0.000000000000000000e+00 0.000000000000000000e+00 4.559131112107006611e-01 0.000000000000000000e+00 0.000000000000000000e+00 0.000000000000000000e+00 0.000000000000000000e+00 0.000000000000000000e+00 0.000000000000000000e+00 0.000000000000000000e+00 0.000000000000000000e+00 4.201318688524590117e-01 4.481283665534211980e-01 0.000000000000000000e+00 4.464223499031540476e-01 0.000000000000000000e+00 0.000000000000000000e+00 0.000000000000000000e+00 0.000000000000000000e+00 0.000000000000000000e+00 0.000000000000000000e+00 0.000000000000000000e+00 4.075661122448979157e-01 0.000000000000000000e+00
5.087234773677576927e-01 3.490412035572024174e-01 4.634023487511523820e-01 2.564019346469678107e-01 4.201924487847406020e-01 1.744141161304128829e-01 4.568630864713454365e-01 3.469320114283090950e-01 4.427885289853517037e-01 1.801757821358370149e-01 4.728372763192305039e-01 3.988029914773786322e-01 4.566334173558425080e-01 3.441985796937292452e-01 4.446987110599540660e-01 2.746335642453049952e-01 4.789991002727539970e-01 4.311702929735061196e-01 5.050630223386223250e-01 3.073009769163871363e-01 0.000000000000000000e+00 0.000000000000000000e+00 4.498240781834172419e-01 1.991685167292872038e-01 4.016813131313131113e-01 1.861194685294117468e-01 4.264352474226804079e-01 0.000000000000000000e+00 4.531152236428462876e-01 3.764892615105854268e-01 4.082820779657322929e-01 3.048163160887250034e-01 4.987839243757697938e-01 3.767594808849448751e-01 0.000000000000000000e+00 4.445706184135764238e-01 4.781606168224298847e-01 4.927148999042663680e-01 0.000000000000000000e+00 4.583906459524169086e-01 0.000000000000000000e+00 4.324249387755102481e-01 0.000000000000000000e+00 4.505187599990395086e-01 4.587934216867469717e-01 4.160775125173645228e-01 0.000000000000000000e+00 4.457776899244186852e-01 0.000000000000000000e+00 4.427663748770977459e-01 0.000000000000000000e+00 4.243843083242503922e-01 0.000000000000000000e+00 4.731389731884058092e-01 4.765767355371900993e-01 2.961080779220779391e-01 4.967641681415929655e-01 4.542560859621723734e-01 5.054159952228401975e-01 4.502180539514116786e-01 4.592199266055044249e-01 3.313366454545454975e-01 0.000000000000000000e+00 4.044513371628372100e-01 0.000000000000000000e+00 4.281591365623962919e-01 4.903645750318401109e-01 4.410433557693644313e-01 5.092180685591309874e-01 4.209124113307954884e-01 4.423449689761357329e-01 3.879169922943826454e-01 4.645798410604229378e-01 3.926284147630131893e-01 0.000000000000000000e+00 3.690652554971687316e-01 4.620842738914503478e-01 4.229060027314388015e-01 0.000000000000000000e+00 0.000000000000000000e+00 0.000000000000000000e+00 4.279586194166742352e-01 0.000000000000000000e+00 3.823052870656370450e-01 0.000000000000000000e+00 4.245857897487881893e-01 0.000000000000000000e+00 4.210225245123129789e-01 0.000000000000000000e+00 4.352009760802609817e-01 0.000000000000000000e+00 4.165380542156330024e-01 0.000000000000000000e+00 0.000000000000000000e+00 4.710694028643207520e-01 4.367637803147162434e-01 0.000000000000000000e+00 0.000000000000000000e+00 4.031270746268655891e-01 4.111575263157895566e-01 0.000000000000000000e+00 0.000000000000000000e+00 0.000000000000000000e+00 4.063567156084655352e-01 4.356252535714285612e-01 4.485869029126212659e-01 0.000000000000000000e+00 0.000000000000000000e+00 0.000000000000000000e+00 0.000000000000000000e+00 0.000000000000000000e+00 0.000000000000000000e+00 0.000000000000000000e+00 3.853989545454545862e-01 0.000000000000000000e+00 0.000000000000000000e+00
0.000000000000000000e+00 0.000000000000000000e+00 1.859059473904375315e-01 4.201924487847406020e-01 1.909226649176192225e-01 4.613299856936662335e-01 3.012710560144927219e-01 4.500901786181139008e-01 2.360369920994342119e-01 4.312634573042821717e-01 0.000000000000000000e+00 0.000000000000000000e+00 3.248754753704740650e-01 4.233669347826087281e-01 2.986787338307164696e-01 4.551779877416761155e-01 0.000000000000000000e+00 0.000000000000000000e+00 3.511955865575136504e-01 0.000000000000000000e+00 2.588698029633743070e-01 0.000000000000000000e+00 2.254564464128504531e-01 4.293267213345343669e-01 1.701257204866086226e-01 4.332884239095332046e-01 2.209356328299589833e-01 4.680356341286948663e-01 3.404638249186494603e-01 0.000000000000000000e+00 3.398457133996397594e-01 4.223147862496817173e-01 3.933372567857142954e-01 4.438317589285714071e-01 0.000000000000000000e+00 0.000000000000000000e+00 0.000000000000000000e+00 0.000000000000000000e+00 3.857661712962963119e-01 0.000000000000000000e+00 0.000000000000000000e+00 0.000000000000000000e+00 4.478596612637362750e-01 0.000000000000000000e+00 0.000000000000000000e+00 0.000000000000000000e+00 4.297331875000000023e-01 0.000000000000000000e+00 4.443688255033557688e-01 0.000000000000000000e+00 4.378898771080368957e-01 0.000000000000000000e+00 4.343523734513274892e-01 0.000000000000000000e+00 0.000000000000000000e+00 0.000000000000000000e+00 0.000000000000000000e+00 0.000000000000000000e+00 4.017351032051282300e-01 0.000000000000000000e+00 0.000000000000000000e+00 0.000000000000000000e+00 0.000000000000000000e+00 0.000000000000000000e+00 0.000000000000000000e+00 0.000000000000000000e+00 4.268735193965517150e-01 0.000000000000000000e+00 0.000000000000000000e+00 0.000000000000000000e+00 2.974940574076883615e-01 0.000000000000000000e+00 3.283755463698341259e-01 4.282111342677344945e-01 3.101045365008503474e-01 0.000000000000000000e+00 3.799639512153056842e-01 0.000000000000000000e+00 0.000000000000000000e+00 0.000000000000000000e+00 4.269278555555556243e-01 0.000000000000000000e+00 3.898297941860465743e-01 0.000000000000000000e+00 3.891014937536199647e-01 0.000000000000000000e+00 3.793798953704407562e-01 0.000000000000000000e+00 4.023992752932938899e-01 4.633472462686566984e-01 0.000000000000000000e+00 0.000000000000000000e+00 0.000000000000000000e+00 0.000000000000000000e+00 4.400510380952381562e-01 0.000000000000000000e+00 0.000000000000000000e+00 0.000000000000000000e+00 0.000000000000000000e+00 0.000000000000000000e+00 0.000000000000000000e+00 0.000000000000000000e+00 0.000000000000000000e+00 0.000000000000000000e+00 0.000000000000000000e+00 0.000000000000000000e+00 0.000000000000000000e+00 0.000000000000000000e+00 0.000000000000000000e+00 0.000000000000000000e+00 0.000000000000000000e+00 0.000000000000000000e+00 0.000000000000000000e+00 0.000000000000000000e+00 0.000000000000000000e+00 0.000000000000000000e+00
0.000000000000000000e+00 3.627306738721804424e-01 4.516283973783398742e-01 1.744141161304128829e-01 4.613299856936662335e-01 1.875589918874671636e-01 4.586762021669638090e-01 2.041346967534978241e-01 4.577617885349561377e-01 1.643815824578419293e-01 0.000000000000000000e+00 0.000000000000000000e+00 4.232515605129412717e-01 2.813861146498363719e-01 4.704415891462278565e-01 2.663686736001482647e-01 0.000000000000000000e+00 0.000000000000000000e+00 4.279702442649777061e-01 3.405496904461279839e-01 4.547367358307165541e-01 3.567267014460036578e-01 4.359417265438832456e-01 2.058459139296249241e-01 4.544341420687929567e-01 1.983360194199650650e-01 5.006534184500379681e-01 2.521631777092424032e-01 3.738301483050847085e-01 2.301351908332324447e-01 4.343479125124209417e-01 3.039949352403764071e-01 4.458117686567164006e-01 3.693991323886660627e-01 0.000000000000000000e+00 4.194040095238095178e-01 0.000000000000000000e+00 4.303854305462653240e-01 0.000000000000000000e+00 4.231389846153845724e-01 0.000000000000000000e+00 0.000000000000000000e+00 0.000000000000000000e+00 4.442559102022058948e-01 0.000000000000000000e+00 0.000000000000000000e+00 0.000000000000000000e+00 0.000000000000000000e+00 0.000000000000000000e+00 2.993313649635035434e-01 0.000000000000000000e+00 0.000000000000000000e+00 0.000000000000000000e+00 0.000000000000000000e+00 0.000000000000000000e+00 0.000000000000000000e+00 0.000000000000000000e+00 3.544364159999999209e-01 0.000000000000000000e+00 0.000000000000000000e+00 0.000000000000000000e+00 0.000000000000000000e+00 0.000000000000000000e+00 0.000000000000000000e+00 0.000000000000000000e+00 0.000000000000000000e+00 0.000000000000000000e+00 3.844100158018081692e-01 0.000000000000000000e+00 0.000000000000000000e+00 5.306438658381928963e-01 3.467931159062454527e-01 4.777270862068966339e-01 2.930264039658197484e-01 0.000000000000000000e+00 2.793409096112113299e-01 0.000000000000000000e+00 3.218891075249631362e-01 0.000000000000000000e+00 0.000000000000000000e+00 0.000000000000000000e+00 0.000000000000000000e+00 0.000000000000000000e+00 3.645960000000000867e-01 0.000000000000000000e+00 4.035308755188077856e-01 0.000000000000000000e+00 3.684067785027472230e-01 0.000000000000000000e+00 4.405257913789495383e-01 0.000000000000000000e+00 0.000000000000000000e+00 0.000000000000000000e+00 0.000000000000000000e+00 0.000000000000000000e+00 0.000000000000000000e+00 0.000000000000000000e+00 0.000000000000000000e+00 0.000000000000000000e+00 0.000000000000000000e+00 0.000000000000000000e+00 0.000000000000000000e+00 0.000000000000000000e+00 0.000000000000000000e+00 0.000000000000000000e+00 0.000000000000000000e+00 0.000000000000000000e+00 0.000000000000000000e+00 0.000000000000000000e+00 0.000000000000000000e+00 0.000000000000000000e+00 0.000000000000000000e+00 0.000000000000000000e+00 0.000000000000000000e+00 0.000000000000000000e+00 0.000000000000000000e+00
3.298927151475225528e-01 4.607532463670953038e-01 3.204144683888778822e-01 4.568630864713454365e-01 3.012710560144927219e-01 4.586762021669638090e-01 2.635813805211590921e-01 4.579849492042609160e-01 3.238599800276579233e-01 4.477553116731306515e-01 3.854165416630262464e-01 4.664447305395679755e-01 2.693944248144071740e-01 4.473684425038366164e-01 3.189894873869948966e-01 4.350446018509261936e-01 3.847284178310182434e-01 4.837955864322066035e-01 4.020072472616424419e-01 4.954045871010537838e-01 0.000000000000000000e+00 0.000000000000000000e+00 3.647625706979295002e-01 4.557663256350345526e-01 3.448743598972923152e-01 4.093158070204350740e-01 3.111012708333333321e-01 0.000000000000000000e+00 3.426731178164010849e-01 4.508166888379420700e-01 3.675831044459055286e-01 4.595441193009117131e-01 4.043347601661381741e-01 4.769307511735517147e-01 3.592517263157894991e-01 0.000000000000000000e+00 4.342830197752733379e-01 0.000000000000000000e+00 4.314172913385826424e-01 0.000000000000000000e+00 0.000000000000000000e+00 0.000000000000000000e+00 0.000000000000000000e+00 0.000000000000000000e+00 3.871627920701030678e-01 5.034693788819876170e-01 4.662223898305085101e-01 0.000000000000000000e+00 3.950505980720974142e-01 0.000000000000000000e+00 3.986750253747299300e-01 4.787443793103448031e-01 3.918731535016339862e-01 4.174638417721519001e-01 3.812376206786586286e-01 0.000000000000000000e+00 3.719836005458583283e-01 0.000000000000000000e+00 4.112527901502219807e-01 5.243386585382513454e-01 4.094061484348827107e-01 0.000000000000000000e+00 3.994017994047618925e-01 0.000000000000000000e+00 4.137083021017595175e-01 0.000000000000000000e+00 4.137942267197278756e-01 4.484257280411144686e-01 4.432777192982456094e-01 0.000000000000000000e+00 3.165730535025786940e-01 4.596140794995753898e-01 3.655257063127868578e-01 4.673474075252944115e-01 3.519046829268293042e-01 0.000000000000000000e+00 3.616916645455370838e-01 4.626585922518132721e-01 0.000000000000000000e+00 0.000000000000000000e+00 3.860986200635175836e-01 4.916744049586776466e-01 0.000000000000000000e+00 0.000000000000000000e+00 4.030199544617303897e-01 4.605266620718463377e-01 4.092218410596026867e-01 0.000000000000000000e+00 4.042348631183475538e-01 0.000000000000000000e+00 4.310053333333333514e-01 0.000000000000000000e+00 0.000000000000000000e+00 4.361848501204457218e-01 4.327521071135573827e-01 0.000000000000000000e+00 0.000000000000000000e+00 0.000000000000000000e+00 0.000000000000000000e+00 0.000000000000000000e+00 0.000000000000000000e+00 0.000000000000000000e+00 0.000000000000000000e+00 0.000000000000000000e+00 0.000000000000000000e+00 0.000000000000000000e+00 0.000000000000000000e+00 0.000000000000000000e+00 0.000000000000000000e+00 0.000000000000000000e+00 0.000000000000000000e+00 0.000000000000000000e+00 0.000000000000000000e+00 0.000000000000000000e+00 0.000000000000000000e+00 0.000000000000000000e+00
4.792754166453238596e-01 3.536219192935908251e-01 4.641290184452280809e-01 3.469320114283090950e-01 4.500901786181139008e-01 2.041346967534978241e-01 4.579849492042609160e-01 2.677351611784950514e-01 4.151540338746068648e-01 2.157229195439590019e-01 4.659253447084273914e-01 3.251080529040911160e-01 4.515349935482839694e-01 3.040401908723196489e-01 4.457650049509721546e-01 2.763695201484382413e-01 4.674830162286646162e-01 3.999328630747931435e-01 4.741515969843299594e-01 4.074591227812057737e-01 0.000000000000000000e+00 0.000000000000000000e+00 4.534309438535815695e-01 3.397595156354198953e-01 4.601176444444444735e-01 0.000000000000000000e+00 0.000000000000000000e+00 0.000000000000000000e+00 4.568699903819719577e-01 3.525901544848074609e-01 4.190126662805034874e-01 3.566866296726289298e-01 4.747461736191062598e-01 3.865318096769188028e-01 4.760269860139859643e-01 4.144929625811656360e-01 0.000000000000000000e+00 4.644932320203044585e-01 0.000000000000000000e+00 4.330492170455934597e-01 0.000000000000000000e+00 0.000000000000000000e+00 0.000000000000000000e+00 4.098611188530604799e-01 0.000000000000000000e+00 3.981602871768638030e-01 0.000000000000000000e+00 4.170909510675381293e-01 4.106191882218844791e-01 3.873612889404269288e-01 4.537858548241338053e-01 3.797114645073131900e-01 0.000000000000000000e+00 3.822201264394777809e-01 0.000000000000000000e+00 3.588450715780297506e-01 0.000000000000000000e+00 4.049943609315069248e-01 4.906835400018285664e-01 4.136662608746329295e-01 4.662876164956982761e-01 3.912961508614314909e-01 4.523442952380952176e-01 3.874144872648540572e-01 0.000000000000000000e+00 3.905051146208282087e-01 4.703268725349331603e-01 4.307812908645698435e-01 0.000000000000000000e+00 4.107850344385724495e-01 4.400978042848485705e-01 3.241165894985050810e-01 4.554686181883432772e-01 3.743436210626158722e-01 0.000000000000000000e+00 3.522544436279746449e-01 4.603517059452651439e-01 3.974876838257973555e-01 0.000000000000000000e+00 3.827044916471767366e-01 0.000000000000000000e+00 3.965964614685504319e-01 0.000000000000000000e+00 4.040252777777777471e-01 4.577729335373759700e-01 3.950127538677848937e-01 0.000000000000000000e+00 3.952365254772962078e-01 4.498745569620253293e-01 4.009700841903753865e-01 0.000000000000000000e+00 3.977301405094060271e-01 0.000000000000000000e+00 0.000000000000000000e+00 4.662307937740541308e-01 4.647969843749999441e-01 0.000000000000000000e+00 0.000000000000000000e+00 0.000000000000000000e+00 4.034072941176470306e-01 0.000000000000000000e+00 0.000000000000000000e+00 0.000000000000000000e+00 0.000000000000000000e+00 0.000000000000000000e+00 0.000000000000000000e+00 0.000000000000000000e+00 4.298025555555555210e-01 0.000000000000000000e+00 0.000000000000000000e+00 0.000000000000000000e+00 0.000000000000000000e+00 0.000000000000000000e+00 0.000000000000000000e+00 0.000000000000000000e+00 0.000000000000000000e+00
3.662926305355935219e-01 0.000000000000000000e+00 2.891855517660099073e-01 4.427885289853517037e-01 2.360369920994342119e-01 4.577617885349561377e-01 3.238599800276579233e-01 4.151540338746068648e-01 2.470792077987451762e-01 4.520091763726939438e-01 3.639472327153857045e-01 0.000000000000000000e+00 2.555738484821426515e-01 4.010746499999999215e-01 2.297674387238011484e-01 4.589623248061632799e-01 3.426563929181929424e-01 0.000000000000000000e+00 3.779286354977622886e-01 4.588980070921986343e-01 0.000000000000000000e+00 0.000000000000000000e+00 3.277591746558389807e-01 4.357558616151937514e-01 2.172684486070710630e-01 4.303890669278211956e-01 2.260428388399987054e-01 4.645925405405404995e-01 3.273639438705831517e-01 4.886244330357143451e-01 3.628554419081256310e-01 4.254391577360293053e-01 4.482598775510203137e-01 0.000000000000000000e+00 0.000000000000000000e+00 0.000000000000000000e+00 4.323527640449437714e-01 0.000000000000000000e+00 0.000000000000000000e+00 0.000000000000000000e+00 0.000000000000000000e+00 0.000000000000000000e+00 0.000000000000000000e+00 0.000000000000000000e+00 0.000000000000000000e+00 0.000000000000000000e+00 0.000000000000000000e+00 0.000000000000000000e+00 3.657986643356643808e-01 0.000000000000000000e+00 4.038031898973029610e-01 0.000000000000000000e+00 0.000000000000000000e+00 0.000000000000000000e+00 0.000000000000000000e+00 0.000000000000000000e+00 3.800276530612246018e-01 0.000000000000000000e+00 0.000000000000000000e+00 0.000000000000000000e+00 3.951270521426655247e-01 0.000000000000000000e+00 4.074534187171523492e-01 0.000000000000000000e+00 3.884864755281465798e-01 0.000000000000000000e+00 4.584094564295353447e-01 0.000000000000000000e+00 0.000000000000000000e+00 0.000000000000000000e+00 3.376560188439489685e-01 4.888042014365351351e-01 3.211812432784782456e-01 0.000000000000000000e+00 0.000000000000000000e+00 0.000000000000000000e+00 3.794908316396224390e-01 0.000000000000000000e+00 0.000000000000000000e+00 0.000000000000000000e+00 3.693334348419257673e-01 0.000000000000000000e+00 0.000000000000000000e+00 0.000000000000000000e+00 4.007005098244625918e-01 0.000000000000000000e+00 3.739759212376933539e-01 0.000000000000000000e+00 4.020258655856485674e-01 0.000000000000000000e+00 0.000000000000000000e+00 3.725417936507935956e-01 0.000000000000000000e+00 0.000000000000000000e+00 4.131597831325300452e-01 0.000000000000000000e+00 0.000000000000000000e+00 0.000000000000000000e+00 0.000000000000000000e+00 0.000000000000000000e+00 0.000000000000000000e+00 0.000000000000000000e+00 0.000000000000000000e+00 0.000000000000000000e+00 0.000000000000000000e+00 0.000000000000000000e+00 0.000000000000000000e+00 0.000000000000000000e+00 0.000000000000000000e+00 0.000000000000000000e+00 0.000000000000000000e+00 0.000000000000000000e+00 0.000000000000000000e+00 0.000000000000000000e+00 0.000000000000000000e+00 0.000000000000000000e+00
0.000000000000000000e+00 3.369561889309589109e-01 4.533204823690309415e-01 1.801757821358370149e-01 4.312634573042821717e-01 1.643815824578419293e-01 4.477553116731306515e-01 2.157229195439590019e-01 4.520091763726939438e-01 1.489547443134027482e-01 4.428346629213482655e-01 3.396596438671257712e-01 4.497843930658512179e-01 2.794053566554984824e-01 4.532378366055776486e-01 2.664504556329638785e-01 0.000000000000000000e+00 0.000000000000000000e+00 0.000000000000000000e+00 3.869159002428442795e-01 0.000000000000000000e+00 0.000000000000000000e+00 4.261929637844924512e-01 2.242481796469717181e-01 4.293813141422099799e-01 1.795833556326165426e-01 4.083128977020015205e-01 2.459907035482374327e-01 4.614796520279886294e-01 3.415004901876202426e-01 3.948261516068454213e-01 2.663712846661605571e-01 0.000000000000000000e+00 3.583110128472606903e-01 0.000000000000000000e+00 0.000000000000000000e+00 0.000000000000000000e+00 3.891517964546783448e-01 0.000000000000000000e+00 0.000000000000000000e+00 0.000000000000000000e+00 0.000000000000000000e+00 0.000000000000000000e+00 4.729351519574944152e-01 0.000000000000000000e+00 0.000000000000000000e+00 0.000000000000000000e+00 4.610636603674541090e-01 0.000000000000000000e+00 3.716870394050393878e-01 0.000000000000000000e+00 4.210390305343511552e-01 0.000000000000000000e+00 4.445311709877365902e-01 0.000000000000000000e+00 0.000000000000000000e+00 0.000000000000000000e+00 3.845905249804840165e-01 0.000000000000000000e+00 0.000000000000000000e+00 0.000000000000000000e+00 3.188948181818181404e-01 0.000000000000000000e+00 4.096662021276596399e-01 0.000000000000000000e+00 4.051304344239586297e-01 0.000000000000000000e+00 4.100967431205755354e-01 0.000000000000000000e+00 0.000000000000000000e+00 4.715130259740260565e-01 3.028949240302752921e-01 3.989557516729206332e-01 3.255890285573669884e-01 0.000000000000000000e+00 3.272713325864521350e-01 0.000000000000000000e+00 3.610422864603888282e-01 0.000000000000000000e+00 4.040790232558140738e-01 0.000000000000000000e+00 3.988525196527492600e-01 0.000000000000000000e+00 0.000000000000000000e+00 0.000000000000000000e+00 3.952861025097489933e-01 0.000000000000000000e+00 3.763091336301697121e-01 0.000000000000000000e+00 4.112158889993276500e-01 0.000000000000000000e+00 0.000000000000000000e+00 0.000000000000000000e+00 0.000000000000000000e+00 0.000000000000000000e+00 3.828562239135864242e-01 0.000000000000000000e+00 0.000000000000000000e+00 0.000000000000000000e+00 0.000000000000000000e+00 0.000000000000000000e+00 0.000000000000000000e+00 0.000000000000000000e+00 0.000000000000000000e+00 0.000000000000000000e+00 0.000000000000000000e+00 0.000000000000000000e+00 0.000000000000000000e+00 0.000000000000000000e+00 0.000000000000000000e+00 0.000000000000000000e+00 0.000000000000000000e+00 0.000000000000000000e+00 0.000000000000000000e+00 0.000000000000000000e+00 0.000000000000000000e+00
3.431418646936763017e-01 4.783291819968250591e-01 4.160686551749412376e-01 4.728372763192305039e-01 0.000000000000000000e+00 0.000000000000000000e+00 3.854165416630262464e-01 4.659253447084273914e-01 3.639472327153857045e-01 4.428346629213482655e-01 2.929649574000535717e-01 4.700954495094094576e-01 2.917603501009194966e-01 4.495162027890340362e-01 3.491018203942291009e-01 0.000000000000000000e+00 3.444087069657183475e-01 4.765790238403841972e-01 4.262115873157419355e-01 4.969659045959606281e-01 0.000000000000000000e+00 0.000000000000000000e+00 4.069761563178043162e-01 4.590963882432494980e-01 0.000000000000000000e+00 0.000000000000000000e+00 4.600699024390243475e-01 0.000000000000000000e+00 3.578145515008475108e-01 3.877397260273972579e-01 3.918811637375395063e-01 4.760779660450660256e-01 4.093203572362699716e-01 4.877206497450288225e-01 4.489005110411247723e-01 0.000000000000000000e+00 4.657452332337660428e-01 0.000000000000000000e+00 0.000000000000000000e+00 0.000000000000000000e+00 0.000000000000000000e+00 0.000000000000000000e+00 0.000000000000000000e+00 0.000000000000000000e+00 4.077475015151514892e-01 0.000000000000000000e+00 0.000000000000000000e+00 0.000000000000000000e+00 4.205903165877035721e-01 0.000000000000000000e+00 4.298816683589025689e-01 0.000000000000000000e+00 3.556952056074766388e-01 0.000000000000000000e+00 4.066586435269755051e-01 0.000000000000000000e+00 4.011562518268521060e-01 4.896222964254577370e-01 4.288766000710468318e-01 0.000000000000000000e+00 4.185074338303766961e-01 0.000000000000000000e+00 4.102349464587962680e-01 0.000000000000000000e+00 4.356545280151493671e-01 4.388633092105262978e-01 4.339992761647090691e-01 0.000000000000000000e+00 4.339159738603710625e-01 0.000000000000000000e+00 3.596751084240398244e-01 5.458255090909091001e-01 3.998474477492542367e-01 4.786767884954371555e-01 0.000000000000000000e+00 0.000000000000000000e+00 3.891696802253500898e-01 4.719878935011351806e-01 0.000000000000000000e+00 0.000000000000000000e+00 4.088267326221419196e-01 0.000000000000000000e+00 0.000000000000000000e+00 0.000000000000000000e+00 4.240458137192111288e-01 0.000000000000000000e+00 0.000000000000000000e+00 0.000000000000000000e+00 4.290661539676874914e-01 0.000000000000000000e+00 3.948949256198346913e-01 0.000000000000000000e+00 0.000000000000000000e+00 0.000000000000000000e+00 0.000000000000000000e+00 0.000000000000000000e+00 0.000000000000000000e+00 0.000000000000000000e+00 0.000000000000000000e+00 0.000000000000000000e+00 0.000000000000000000e+00 0.000000000000000000e+00 0.000000000000000000e+00 0.000000000000000000e+00 0.000000000000000000e+00 0.000000000000000000e+00 0.000000000000000000e+00 0.000000000000000000e+00 0.000000000000000000e+00 0.000000000000000000e+00 0.000000000000000000e+00 0.000000000000000000e+00 0.000000000000000000e+00 0.000000000000000000e+00 0.000000000000000000e+00 0.000000000000000000e+00
4.815194669180692388e-01 3.895401564898131053e-01 4.777411636768603143e-01 3.988029914773786322e-01 0.000000000000000000e+00 0.000000000000000000e+00 4.664447305395679755e-01 3.251080529040911160e-01 0.000000000000000000e+00 3.396596438671257712e-01 4.700954495094094576e-01 2.398167857997932084e-01 4.649159391620831250e-01 2.758581843063709349e-01 0.000000000000000000e+00 3.327662311496218939e-01 4.763105633238431391e-01 3.331031409229894269e-01 4.918364984155421671e-01 4.241042342675105936e-01 0.000000000000000000e+00 0.000000000000000000e+00 4.727322526636244526e-01 3.929960093895144557e-01 0.000000000000000000e+00 0.000000000000000000e+00 0.000000000000000000e+00 0.000000000000000000e+00 4.602022927001570007e-01 3.454269348292888786e-01 4.230709266163183990e-01 3.491417487031081013e-01 4.804670530012781771e-01 4.031496060951633709e-01 0.000000000000000000e+00 4.798669390394089129e-01 0.000000000000000000e+00 4.737485559660943313e-01 0.000000000000000000e+00 4.393044330708661405e-01 0.000000000000000000e+00 0.000000000000000000e+00 0.000000000000000000e+00 4.346018466068082842e-01 0.000000000000000000e+00 4.094550104166667093e-01 0.000000000000000000e+00 4.816086814159292184e-01 0.000000000000000000e+00 4.231310489864998914e-01 0.000000000000000000e+00 3.706140222060166911e-01 0.000000000000000000e+00 4.477261432196898983e-01 0.000000000000000000e+00 4.412880306067033520e-01 0.000000000000000000e+00 4.153898010472283908e-01 0.000000000000000000e+00 4.550595304994140555e-01 0.000000000000000000e+00 4.180864272685314575e-01 0.000000000000000000e+00 4.105619862402437037e-01 0.000000000000000000e+00 4.319491406860118676e-01 4.712911778807538088e-01 4.378791716104676879e-01 5.248391199999999923e-01 4.262145833553002139e-01 4.893483978494624909e-01 3.555729558989118577e-01 4.681645921777584096e-01 4.118467926490878006e-01 0.000000000000000000e+00 0.000000000000000000e+00 4.615402220402095024e-01 4.043719044735796797e-01 0.000000000000000000e+00 4.054619265135031569e-01 4.362362397660818347e-01 4.342423338609622818e-01 0.000000000000000000e+00 0.000000000000000000e+00 0.000000000000000000e+00 4.339072574581298025e-01 0.000000000000000000e+00 0.000000000000000000e+00 0.000000000000000000e+00 4.332586045057055246e-01 0.000000000000000000e+00 0.000000000000000000e+00 0.000000000000000000e+00 0.000000000000000000e+00 4.961187327586205620e-01 4.146829670329670314e-01 0.000000000000000000e+00 0.000000000000000000e+00 0.000000000000000000e+00 0.000000000000000000e+00 0.000000000000000000e+00 0.000000000000000000e+00 0.000000000000000000e+00 0.000000000000000000e+00 0.000000000000000000e+00 0.000000000000000000e+00 0.000000000000000000e+00 0.000000000000000000e+00 0.000000000000000000e+00 0.000000000000000000e+00 0.000000000000000000e+00 0.000000000000000000e+00 0.000000000000000000e+00 0.000000000000000000e+00 0.000000000000000000e+00 0.000000000000000000e+00
4.005434536089466091e-01 4.219746482758620632e-01 3.580727744277200641e-01 4.566334173558425080e-01 3.248754753704740650e-01 4.232515605129412717e-01 2.693944248144071740e-01 4.515349935482839694e-01 2.555738484821426515e-01 4.497843930658512179e-01 2.917603501009194966e-01 4.649159391620831250e-01 2.591159767128753955e-01 4.387605865214267431e-01 2.472613412001708200e-01 4.614761626078280332e-01 4.179075950157301045e-01 0.000000000000000000e+00 4.100020642131033122e-01 5.141575614035087671e-01 0.000000000000000000e+00 0.000000000000000000e+00 3.740415201710592941e-01 4.471968068545413844e-01 3.295392105263157956e-01 4.053923232641462593e-01 0.000000000000000000e+00 4.436474685420448427e-01 2.897403679071639537e-01 4.481167708272920103e-01 3.683166440517822160e-01 4.438873612357775444e-01 4.117836452538027880e-01 4.586319371482801555e-01 0.000000000000000000e+00 0.000000000000000000e+00 3.947502032039620357e-01 0.000000000000000000e+00 0.000000000000000000e+00 0.000000000000000000e+00 0.000000000000000000e+00 0.000000000000000000e+00 4.257267152542373312e-01 0.000000000000000000e+00 4.786305285433261614e-01 0.000000000000000000e+00 4.527079253846153506e-01 0.000000000000000000e+00 3.961226979571196849e-01 3.988484417177914354e-01 4.067281389551156701e-01 0.000000000000000000e+00 3.868989203539822674e-01 0.000000000000000000e+00 4.095539578034697592e-01 0.000000000000000000e+00 4.252498369300912184e-01 0.000000000000000000e+00 4.115289527458352858e-01 5.207096619718311059e-01 4.216774135039168536e-01 0.000000000000000000e+00 4.127911617770715913e-01 0.000000000000000000e+00 4.158274912341866636e-01 0.000000000000000000e+00 4.390094454629642762e-01 0.000000000000000000e+00 3.831024487179486293e-01 0.000000000000000000e+00 3.304100251137242483e-01 0.000000000000000000e+00 3.787436354662281346e-01 4.557890676215100023e-01 3.558597294566543945e-01 0.000000000000000000e+00 3.839547094637877356e-01 4.659738857609482809e-01 0.000000000000000000e+00 0.000000000000000000e+00 3.900304501042752281e-01 0.000000000000000000e+00 4.148892375000000077e-01 0.000000000000000000e+00 4.100177329458207787e-01 4.752721361914600817e-01 0.000000000000000000e+00 0.000000000000000000e+00 4.107761647192431642e-01 4.909080232558139523e-01 3.846953970588234961e-01 0.000000000000000000e+00 0.000000000000000000e+00 0.000000000000000000e+00 4.512796157190002710e-01 0.000000000000000000e+00 0.000000000000000000e+00 0.000000000000000000e+00 0.000000000000000000e+00 0.000000000000000000e+00 0.000000000000000000e+00 0.000000000000000000e+00 0.000000000000000000e+00 0.000000000000000000e+00 4.147559399999999896e-01 0.000000000000000000e+00 4.037580002645502208e-01 0.000000000000000000e+00 0.000000000000000000e+00 0.000000000000000000e+00 0.000000000000000000e+00 0.000000000000000000e+00 0.000000000000000000e+00 0.000000000000000000e+00 0.000000000000000000e+00 0.000000000000000000e+00
