2.940512465926110597e-01 4.810341630219778786e-01 3.812595446229736784e-01 4.911951279476405308e-01 3.411773271218453973e-01 0.000000000000000000e+00 3.831439702254690327e-01 4.710406130108524270e-01 3.437158503318567537e-01 0.000000000000000000e+00 3.215556404330805473e-01 4.757677196012545240e-01 3.661282746547636080e-01 4.625978249065421100e-01 3.507790426110913296e-01 0.000000000000000000e+00 3.190461114224367734e-01 4.691931985017709361e-01 3.956913112391237664e-01 4.955592458005463330e-01 0.000000000000000000e+00 0.000000000000000000e+00 4.015915774192363452e-01 4.664615286291506902e-01 0.000000000000000000e+00 0.000000000000000000e+00 0.000000000000000000e+00 0.000000000000000000e+00 3.923929960549450424e-01 4.449740864864865086e-01 4.149972504440602172e-01 4.852917901234568010e-01 4.085736579488123965e-01 4.886083858442991645e-01 0.000000000000000000e+00 5.166110181818180935e-01 4.669563357887141497e-01 4.618139070427867976e-01 0.000000000000000000e+00 0.000000000000000000e+00 4.239548120803636744e-01 0.000000000000000000e+00 0.000000000000000000e+00 0.000000000000000000e+00 4.135847854164254045e-01 4.928498388823298604e-01 4.341321242603549679e-01 0.000000000000000000e+00 4.269302770521698487e-01 4.853544617309933917e-01 3.863067039294397764e-01 4.430221357217007383e-01 4.416134189189188652e-01 0.000000000000000000e+00 4.102133004014974493e-01 0.000000000000000000e+00 3.119072544652328194e-01 4.815641053454041698e-01 4.237368252253963519e-01 4.964727310649802439e-01 4.068011383920209778e-01 4.806818762886598262e-01 4.025258834517920215e-01 4.834612821372311631e-01 3.930148524441197666e-01 4.568501643168977888e-01 4.191074510496248795e-01 4.904218126925075083e-01 3.407934749543818365e-01 4.906707974393039740e-01 3.585245459536584578e-01 4.073911086956521488e-01 3.879259621285979787e-01 4.496922121114090842e-01 3.900166344052093947e-01 0.000000000000000000e+00 3.990721933059505067e-01 4.703918638798380014e-01 4.244598732394366247e-01 0.000000000000000000e+00 4.044177362553206256e-01 0.000000000000000000e+00 0.000000000000000000e+00 0.000000000000000000e+00 4.118397746360872302e-01 0.000000000000000000e+00 0.000000000000000000e+00 0.000000000000000000e+00 4.163364017958463559e-01 0.000000000000000000e+00 4.808404070780841755e-01 4.476923289473684342e-01 4.292774981423311265e-01 4.582615234899328205e-01 4.492272617001501489e-01 4.564535744494752634e-01 4.530429789878988034e-01 0.000000000000000000e+00 4.460956565978925759e-01 0.000000000000000000e+00 4.420952857142858017e-01 0.000000000000000000e+00 4.221309978286617026e-01 4.266291678708382107e-01 4.528318391829803113e-01 0.000000000000000000e+00 0.000000000000000000e+00 0.000000000000000000e+00 0.000000000000000000e+00 0.000000000000000000e+00 0.000000000000000000e+00 0.000000000000000000e+00 3.927833059701492657e-01 0.000000000000000000e+00 0.000000000000000000e+00 0.000000000000000000e+00
4.810341630219778786e-01 3.148216310250185335e-01 4.875728325990049128e-01 3.410427944105036135e-01 0.000000000000000000e+00 2.949865430248477249e-01 4.609954578731339514e-01 3.373615728113544265e-01 0.000000000000000000e+00 3.152186699046503060e-01 4.711773148635069464e-01 3.009752634352320100e-01 0.000000000000000000e+00 3.567610865436968703e-01 0.000000000000000000e+00 3.439431018022486852e-01 4.793937413680504633e-01 3.086429960307068288e-01 4.973125674874808166e-01 3.688097938084889393e-01 0.000000000000000000e+00 0.000000000000000000e+00 4.601354661199624774e-01 4.312841113330687648e-01 0.000000000000000000e+00 0.000000000000000000e+00 0.000000000000000000e+00 0.000000000000000000e+00 4.990295670579497078e-01 4.138552877583870915e-01 4.348447678571428776e-01 4.801650263157895004e-01 4.956294653978460252e-01 4.468104141721613853e-01 0.000000000000000000e+00 4.581542234042552120e-01 5.186642142447066561e-01 5.128896419797168704e-01 0.000000000000000000e+00 5.255160547945205707e-01 0.000000000000000000e+00 0.000000000000000000e+00 0.000000000000000000e+00 3.582583091517856921e-01 0.000000000000000000e+00 3.940414879045888719e-01 0.000000000000000000e+00 4.057599633587785637e-01 0.000000000000000000e+00 3.924420625502339499e-01 4.514931328124999754e-01 3.750972704030439142e-01 0.000000000000000000e+00 3.846311090445476144e-01 4.210274312500000282e-01 3.815957637761170362e-01 4.947707958202753331e-01 3.651735595497380693e-01 5.070802383229374710e-01 4.018483837570505091e-01 4.323981491228070517e-01 4.110977973341602976e-01 0.000000000000000000e+00 3.921080852683240803e-01 4.297437263157894982e-01 3.917156426074249187e-01 5.010153281064784192e-01 4.126211506398066442e-01 5.126204489194660097e-01 3.206831973429238869e-01 4.914913003566955818e-01 3.655925866357097043e-01 4.850979952583790999e-01 4.094006008698933829e-01 0.000000000000000000e+00 0.000000000000000000e+00 4.881249871234205062e-01 4.251555212363633540e-01 0.000000000000000000e+00 3.811888480392157108e-01 0.000000000000000000e+00 4.149999073259073024e-01 0.000000000000000000e+00 0.000000000000000000e+00 4.527051010401122455e-01 4.220228369336870289e-01 0.000000000000000000e+00 0.000000000000000000e+00 4.491613178807946083e-01 4.279513952211713157e-01 4.553538461538461646e-01 4.681015802268647108e-01 0.000000000000000000e+00 4.453850344241226944e-01 4.659483955059486870e-01 4.463897783876845105e-01 0.000000000000000000e+00 0.000000000000000000e+00 0.000000000000000000e+00 5.057486757811245903e-01 0.000000000000000000e+00 0.000000000000000000e+00 0.000000000000000000e+00 4.450731777033582470e-01 4.798320840336134929e-01 4.852029444444444506e-01 0.000000000000000000e+00 4.513381932773109506e-01 4.330654064769810518e-01 0.000000000000000000e+00 4.299546934822709998e-01 0.000000000000000000e+00 0.000000000000000000e+00 3.966297259253903640e-01 4.189495576923076281e-01 4.344327543859649032e-01
3.812595446229736784e-01 4.875728325990049128e-01 2.819028195811361659e-01 4.759997089058562447e-01 2.682156751597715161e-01 4.381945523206612902e-01 3.515149702582883173e-01 4.741976889339102330e-01 3.194237388645702613e-01 4.407128021188522760e-01 3.912929274850939221e-01 4.796995582498305710e-01 3.350812715733680891e-01 4.438919655597018399e-01 3.072139250674140176e-01 4.304687695420090776e-01 4.014628396002792310e-01 4.790019513168981002e-01 2.988527961105404418e-01 5.133530338325558162e-01 3.490562960410557025e-01 0.000000000000000000e+00 2.824283290435624094e-01 4.498190697072525501e-01 2.817488395510297505e-01 4.071181927584884841e-01 2.922153199468346396e-01 4.546300520833333469e-01 3.440900415130202505e-01 4.785155283798617210e-01 3.575498810394105997e-01 4.484041028102681570e-01 4.213505383346143329e-01 5.137383644734880850e-01 4.531584861630132965e-01 0.000000000000000000e+00 4.202360711472128973e-01 4.631231926605504645e-01 4.048971429280983636e-01 0.000000000000000000e+00 0.000000000000000000e+00 0.000000000000000000e+00 4.524546450373964079e-01 0.000000000000000000e+00 4.516784708503154278e-01 5.348920812261306335e-01 0.000000000000000000e+00 0.000000000000000000e+00 4.515490708796441877e-01 4.931465629629629976e-01 4.328829093005910900e-01 4.918155930820303778e-01 0.000000000000000000e+00 0.000000000000000000e+00 4.215285540158371091e-01 0.000000000000000000e+00 4.146251279925338706e-01 4.796339538711406059e-01 4.452927889226259706e-01 4.784989597117061955e-01 4.217006373035300237e-01 0.000000000000000000e+00 3.840904951125861944e-01 5.159767915936099847e-01 4.058803475039086672e-01 4.150817030303030064e-01 4.432460100099921418e-01 4.996481446121556202e-01 3.435519859243921226e-01 4.742357952755904549e-01 3.530953511610471218e-01 4.513565987901952958e-01 3.666680463578120830e-01 4.657568145819294680e-01 3.703516329641384774e-01 0.000000000000000000e+00 4.036285392445776443e-01 4.472476930061993761e-01 0.000000000000000000e+00 0.000000000000000000e+00 4.069694767425585114e-01 0.000000000000000000e+00 0.000000000000000000e+00 0.000000000000000000e+00 4.100951979886223731e-01 0.000000000000000000e+00 3.819503769230769286e-01 0.000000000000000000e+00 4.087535629639333368e-01 3.981184902173913742e-01 4.617026329869437506e-01 4.601560451098883897e-01 4.704759066666666101e-01 4.107861486486485969e-01 4.187011338696530749e-01 4.226209231804280986e-01 0.000000000000000000e+00 0.000000000000000000e+00 0.000000000000000000e+00 4.377194537815126685e-01 4.346621214285714130e-01 0.000000000000000000e+00 4.149651178228957460e-01 4.402500325532736070e-01 4.450399823008849842e-01 4.549761705426356162e-01 0.000000000000000000e+00 0.000000000000000000e+00 0.000000000000000000e+00 0.000000000000000000e+00 0.000000000000000000e+00 0.000000000000000000e+00 0.000000000000000000e+00 0.000000000000000000e+00 0.000000000000000000e+00 0.000000000000000000e+00
4.911951279476405308e-01 3.410427944105036135e-01 4.759997089058562447e-01 2.659517216761414504e-01 4.587946703176752905e-01 2.928592831311538358e-01 4.665385783132184883e-01 3.232414078234824850e-01 4.332259596690786196e-01 3.262754092499809411e-01 4.618021982785552870e-01 3.794959235511002893e-01 4.436557245002898942e-01 3.499489379482619289e-01 4.526975937499999603e-01 3.200209631062126969e-01 4.785543796114111181e-01 3.971663705773306186e-01 5.019521297855764619e-01 3.220707811307205737e-01 0.000000000000000000e+00 0.000000000000000000e+00 4.546699239477876575e-01 2.964720117828585910e-01 0.000000000000000000e+00 3.348611849367660875e-01 0.000000000000000000e+00 2.910761719840140871e-01 4.926244377076502423e-01 3.698620536368275036e-01 4.241723379930836813e-01 3.228159392416607987e-01 5.071170689489724603e-01 3.991771350552260622e-01 0.000000000000000000e+00 4.762230502797761833e-01 0.000000000000000000e+00 4.555797315565296435e-01 0.000000000000000000e+00 4.027887272727272427e-01 0.000000000000000000e+00 0.000000000000000000e+00 0.000000000000000000e+00 4.175970010428371459e-01 0.000000000000000000e+00 4.366060621187397017e-01 0.000000000000000000e+00 4.166345645161290134e-01 0.000000000000000000e+00 4.274672156474136342e-01 5.155085268623810224e-01 4.027588674903049837e-01 0.000000000000000000e+00 4.317422471698112996e-01 4.828926689655171911e-01 3.871246567393206162e-01 4.675055700722519081e-01 4.018485365127913433e-01 4.810945901133431013e-01 4.158868168822231759e-01 0.000000000000000000e+00 3.948235160811122690e-01 3.956790923913043323e-01 4.114668247497026976e-01 4.533608951612903004e-01 3.978117073126038461e-01 4.873518280866289132e-01 4.291482079880143963e-01 5.023455923864408312e-01 3.620575301535992607e-01 4.474721864810578542e-01 3.726235445794245371e-01 4.597266854087297405e-01 3.875756323067683362e-01 0.000000000000000000e+00 3.641750869441541250e-01 4.705731021545582760e-01 4.163189291948616311e-01 0.000000000000000000e+00 4.220256721311475556e-01 0.000000000000000000e+00 3.846830916868033134e-01 0.000000000000000000e+00 0.000000000000000000e+00 4.755997086614173197e-01 4.158592606425111082e-01 0.000000000000000000e+00 0.000000000000000000e+00 4.459302956989247835e-01 4.074566887317431774e-01 4.018878758620689773e-01 4.363808859636247872e-01 0.000000000000000000e+00 4.599253920877095503e-01 5.130507744360903732e-01 4.282030319293131382e-01 0.000000000000000000e+00 0.000000000000000000e+00 0.000000000000000000e+00 4.650266134172842403e-01 0.000000000000000000e+00 4.744583165467626262e-01 4.054160514705882346e-01 4.148340446142384508e-01 0.000000000000000000e+00 4.163919642857142889e-01 0.000000000000000000e+00 0.000000000000000000e+00 0.000000000000000000e+00 0.000000000000000000e+00 0.000000000000000000e+00 0.000000000000000000e+00 0.000000000000000000e+00 0.000000000000000000e+00 3.969190688354489183e-01 0.000000000000000000e+00
3.411773271218453973e-01 0.000000000000000000e+00 2.682156751597715161e-01 4.587946703176752905e-01 2.175848015056452700e-01 4.286006383306799061e-01 3.376574325926380293e-01 3.953389601694914379e-01 2.423691383827734913e-01 4.421373869933454825e-01 3.456723699658098559e-01 0.000000000000000000e+00 3.149097775220484619e-01 0.000000000000000000e+00 2.817971002403577008e-01 4.246719784172661716e-01 3.761253913043477448e-01 0.000000000000000000e+00 3.612424478637963898e-01 0.000000000000000000e+00 1.879241180829473445e-01 0.000000000000000000e+00 2.850588657925692826e-01 4.209813738731807975e-01 2.199411051387478444e-01 4.111661103395529704e-01 2.562574190847602407e-01 4.310540382922535829e-01 3.465551746111178999e-01 0.000000000000000000e+00 2.959608043001161759e-01 3.794184774493980505e-01 3.666439051354575818e-01 3.905096486486487328e-01 4.222530023574641023e-01 0.000000000000000000e+00 0.000000000000000000e+00 0.000000000000000000e+00 0.000000000000000000e+00 4.829840298507462881e-01 0.000000000000000000e+00 0.000000000000000000e+00 0.000000000000000000e+00 0.000000000000000000e+00 0.000000000000000000e+00 0.000000000000000000e+00 4.054869452054794543e-01 0.000000000000000000e+00 4.153193576158940581e-01 0.000000000000000000e+00 4.018296821192052781e-01 0.000000000000000000e+00 0.000000000000000000e+00 0.000000000000000000e+00 0.000000000000000000e+00 0.000000000000000000e+00 3.442910915235249947e-01 4.389839600000000064e-01 0.000000000000000000e+00 0.000000000000000000e+00 3.640965944292916534e-01 0.000000000000000000e+00 3.519273931623931317e-01 0.000000000000000000e+00 3.553929481332533946e-01 0.000000000000000000e+00 4.008550295994783852e-01 4.472909339506173088e-01 0.000000000000000000e+00 0.000000000000000000e+00 3.109603854491923558e-01 4.372731177643260914e-01 3.282602436025722770e-01 0.000000000000000000e+00 3.186729674873903240e-01 0.000000000000000000e+00 3.289771527124858430e-01 3.213180603980099193e-01 0.000000000000000000e+00 0.000000000000000000e+00 3.487375989547038535e-01 0.000000000000000000e+00 0.000000000000000000e+00 0.000000000000000000e+00 3.678602637699333044e-01 0.000000000000000000e+00 0.000000000000000000e+00 0.000000000000000000e+00 3.729032192851637340e-01 0.000000000000000000e+00 0.000000000000000000e+00 0.000000000000000000e+00 0.000000000000000000e+00 0.000000000000000000e+00 3.664143716814158847e-01 0.000000000000000000e+00 0.000000000000000000e+00 0.000000000000000000e+00 0.000000000000000000e+00 0.000000000000000000e+00 0.000000000000000000e+00 0.000000000000000000e+00 0.000000000000000000e+00 0.000000000000000000e+00 0.000000000000000000e+00 0.000000000000000000e+00 0.000000000000000000e+00 0.000000000000000000e+00 0.000000000000000000e+00 0.000000000000000000e+00 0.000000000000000000e+00 0.000000000000000000e+00 0.000000000000000000e+00 0.000000000000000000e+00 0.000000000000000000e+00 0.000000000000000000e+00
0.000000000000000000e+00 2.949865430248477249e-01 4.381945523206612902e-01 2.928592831311538358e-01 4.286006383306799061e-01 1.882321480039908512e-01 4.360064854549539071e-01 2.677089290744024686e-01 4.221383187750807897e-01 2.459142805429755940e-01 0.000000000000000000e+00 3.289626997505090689e-01 4.508267991742767600e-01 3.320687580018980012e-01 4.152559082464681861e-01 2.082709504394315014e-01 0.000000000000000000e+00 0.000000000000000000e+00 0.000000000000000000e+00 3.777382734284112087e-01 3.627920707516339993e-01 2.864997686482738670e-01 4.331198742159597104e-01 3.189989554439709440e-01 4.466078638068354811e-01 2.340768142310451216e-01 4.611749471698113334e-01 2.364179077489931280e-01 4.600152045454545813e-01 2.974608127766598664e-01 3.985207404789873897e-01 3.505102214036924235e-01 0.000000000000000000e+00 4.003418440574472159e-01 0.000000000000000000e+00 4.132221908396946919e-01 0.000000000000000000e+00 0.000000000000000000e+00 0.000000000000000000e+00 4.315609399999999485e-01 0.000000000000000000e+00 0.000000000000000000e+00 0.000000000000000000e+00 4.356547936507936258e-01 0.000000000000000000e+00 0.000000000000000000e+00 0.000000000000000000e+00 0.000000000000000000e+00 0.000000000000000000e+00 3.247159328859060556e-01 0.000000000000000000e+00 0.000000000000000000e+00 0.000000000000000000e+00 0.000000000000000000e+00 0.000000000000000000e+00 0.000000000000000000e+00 0.000000000000000000e+00 3.380230273195876656e-01 0.000000000000000000e+00 4.315892229729729745e-01 0.000000000000000000e+00 0.000000000000000000e+00 0.000000000000000000e+00 2.958792023255814030e-01 0.000000000000000000e+00 3.021511952000000001e-01 4.391681033567775283e-01 4.473778438364541254e-01 0.000000000000000000e+00 0.000000000000000000e+00 5.013353179962798389e-01 3.289051234110865751e-01 4.786831283309957996e-01 3.122362126203627186e-01 0.000000000000000000e+00 2.913941986516750959e-01 4.088524580916351181e-01 3.361036838744300148e-01 0.000000000000000000e+00 0.000000000000000000e+00 0.000000000000000000e+00 3.481477441520467453e-01 0.000000000000000000e+00 0.000000000000000000e+00 0.000000000000000000e+00 3.753374975370897815e-01 0.000000000000000000e+00 0.000000000000000000e+00 0.000000000000000000e+00 3.491504237520351994e-01 0.000000000000000000e+00 3.748257733333333341e-01 0.000000000000000000e+00 0.000000000000000000e+00 0.000000000000000000e+00 3.888290095238093880e-01 0.000000000000000000e+00 0.000000000000000000e+00 0.000000000000000000e+00 0.000000000000000000e+00 0.000000000000000000e+00 0.000000000000000000e+00 0.000000000000000000e+00 0.000000000000000000e+00 0.000000000000000000e+00 0.000000000000000000e+00 0.000000000000000000e+00 0.000000000000000000e+00 0.000000000000000000e+00 0.000000000000000000e+00 0.000000000000000000e+00 0.000000000000000000e+00 0.000000000000000000e+00 0.000000000000000000e+00 0.000000000000000000e+00 0.000000000000000000e+00
3.831439702254690327e-01 4.609954578731339514e-01 3.515149702582883173e-01 4.665385783132184883e-01 3.376574325926380293e-01 4.360064854549539071e-01 2.941614204615018435e-01 4.637434545330827995e-01 3.015177888391012972e-01 4.256434197667834374e-01 3.745768574263329542e-01 4.681456463594133588e-01 3.201658975250480377e-01 4.363798836387026703e-01 2.929927813035747008e-01 4.253879385196501772e-01 3.856313725431602113e-01 4.760853782360504050e-01 4.160006900536590835e-01 4.999130756207170179e-01 0.000000000000000000e+00 0.000000000000000000e+00 3.534153543630280114e-01 4.574537221184110103e-01 3.106809206349206431e-01 4.186637851535301991e-01 3.271897000000000277e-01 4.247932051282051757e-01 3.402681056278104577e-01 4.602896190049449721e-01 3.484689425030527143e-01 4.586375178154803445e-01 4.022377016554056217e-01 4.907380496754061294e-01 4.294946262626261890e-01 0.000000000000000000e+00 4.453411591604261588e-01 4.669107652173912770e-01 0.000000000000000000e+00 0.000000000000000000e+00 4.203715205479452433e-01 0.000000000000000000e+00 0.000000000000000000e+00 0.000000000000000000e+00 4.265045509572072402e-01 0.000000000000000000e+00 0.000000000000000000e+00 0.000000000000000000e+00 0.000000000000000000e+00 4.766723806045851664e-01 4.544387601897785789e-01 4.003364615384614744e-01 0.000000000000000000e+00 0.000000000000000000e+00 0.000000000000000000e+00 3.901769949238578783e-01 4.074980008033887158e-01 0.000000000000000000e+00 4.322459807659048692e-01 4.702534191610605041e-01 4.046951750130022840e-01 0.000000000000000000e+00 3.873231669139617361e-01 0.000000000000000000e+00 3.911748722121516364e-01 0.000000000000000000e+00 4.441266364512668208e-01 4.928854112936678633e-01 3.964901249629090851e-01 4.729062767857142857e-01 3.343448831858334969e-01 4.477382253099493892e-01 3.534543546636037537e-01 4.520330996437987858e-01 3.439004042553192031e-01 4.606073295454545247e-01 3.617592753135265293e-01 4.445706709884492680e-01 0.000000000000000000e+00 0.000000000000000000e+00 3.818602857607092949e-01 0.000000000000000000e+00 0.000000000000000000e+00 0.000000000000000000e+00 4.061095883844113019e-01 4.556915497076022281e-01 3.663694619883041126e-01 0.000000000000000000e+00 4.072539847144092673e-01 0.000000000000000000e+00 4.188106186437250966e-01 4.489759371626984574e-01 0.000000000000000000e+00 4.435537066666666028e-01 3.573153206521738623e-01 0.000000000000000000e+00 0.000000000000000000e+00 0.000000000000000000e+00 0.000000000000000000e+00 0.000000000000000000e+00 0.000000000000000000e+00 4.540000213903742643e-01 4.248427820254861986e-01 4.023643161889089992e-01 0.000000000000000000e+00 0.000000000000000000e+00 0.000000000000000000e+00 0.000000000000000000e+00 0.000000000000000000e+00 0.000000000000000000e+00 0.000000000000000000e+00 0.000000000000000000e+00 0.000000000000000000e+00 0.000000000000000000e+00 0.000000000000000000e+00 0.000000000000000000e+00
4.710406130108524270e-01 3.373615728113544265e-01 4.741976889339102330e-01 3.232414078234824850e-01 3.953389601694914379e-01 2.677089290744024686e-01 4.637434545330827995e-01 2.813492662613125139e-01 4.347745407347097246e-01 2.426723064477306069e-01 4.580315800205083665e-01 3.590473132895977693e-01 4.387513837322120636e-01 3.037915193014131265e-01 4.290916825431034809e-01 3.080368261481474801e-01 4.654923094158053831e-01 3.727345035767046233e-01 4.841236367916368910e-01 4.017334605560911043e-01 0.000000000000000000e+00 0.000000000000000000e+00 4.516634793559465844e-01 3.666241526294790609e-01 0.000000000000000000e+00 3.639180925925927235e-01 0.000000000000000000e+00 0.000000000000000000e+00 4.692288227558344960e-01 3.397234552235734450e-01 4.252215414660995285e-01 3.527048723224531224e-01 4.879690470734855956e-01 3.914514212736167620e-01 0.000000000000000000e+00 4.675904861101371490e-01 4.996094226116303272e-01 4.055591047260191373e-01 0.000000000000000000e+00 4.505649568965516827e-01 0.000000000000000000e+00 0.000000000000000000e+00 0.000000000000000000e+00 4.194155090666666363e-01 0.000000000000000000e+00 3.870513778976324426e-01 0.000000000000000000e+00 4.412231379310344592e-01 0.000000000000000000e+00 3.634916060482067390e-01 0.000000000000000000e+00 3.476285757361152196e-01 0.000000000000000000e+00 3.671141416569771998e-01 0.000000000000000000e+00 3.551645168208117931e-01 4.908455265572186921e-01 3.978080241419269525e-01 4.766918607551799969e-01 4.144754247623672061e-01 4.376659842519685650e-01 3.685441688829917961e-01 0.000000000000000000e+00 3.725840871978483571e-01 0.000000000000000000e+00 3.486404570152253912e-01 4.668382099335503521e-01 4.145353129328303576e-01 4.674780555555554939e-01 0.000000000000000000e+00 4.509700160584507178e-01 3.125006452079681640e-01 4.615499250243079721e-01 3.667662123313485956e-01 4.577379739130434944e-01 2.867261595744681202e-01 4.553190930346631138e-01 3.787130819637219981e-01 0.000000000000000000e+00 3.651717258522727549e-01 0.000000000000000000e+00 3.686843020638309043e-01 0.000000000000000000e+00 0.000000000000000000e+00 4.546695068493150638e-01 3.808536586703744620e-01 0.000000000000000000e+00 0.000000000000000000e+00 4.683682516556290643e-01 3.809122760823549503e-01 0.000000000000000000e+00 4.034639365523371435e-01 0.000000000000000000e+00 0.000000000000000000e+00 3.723174301075267700e-01 4.117650418688665326e-01 0.000000000000000000e+00 0.000000000000000000e+00 0.000000000000000000e+00 0.000000000000000000e+00 3.955158294573642985e-01 4.562051202185791743e-01 4.225564153846153581e-01 4.106736851086550955e-01 0.000000000000000000e+00 0.000000000000000000e+00 0.000000000000000000e+00 0.000000000000000000e+00 0.000000000000000000e+00 0.000000000000000000e+00 3.948123206106869398e-01 0.000000000000000000e+00 0.000000000000000000e+00 0.000000000000000000e+00 0.000000000000000000e+00 0.000000000000000000e+00
3.437158503318567537e-01 0.000000000000000000e+00 3.194237388645702613e-01 4.332259596690786196e-01 2.423691383827734913e-01 4.221383187750807897e-01 3.015177888391012972e-01 4.347745407347097246e-01 2.105699323563892944e-01 4.630525328471155611e-01 3.383123967851391356e-01 0.000000000000000000e+00 2.223568106679984502e-01 0.000000000000000000e+00 2.312865764823634762e-01 0.000000000000000000e+00 3.869721886792452104e-01 0.000000000000000000e+00 3.615487528713799970e-01 0.000000000000000000e+00 0.000000000000000000e+00 0.000000000000000000e+00 3.332875255838454454e-01 4.253206346213949662e-01 3.300015267567815158e-01 4.061706063573771175e-01 2.823642815680626472e-01 4.517401147540983652e-01 3.622101748030238100e-01 0.000000000000000000e+00 3.143754903552496982e-01 4.155383047421793430e-01 3.469351043478260954e-01 0.000000000000000000e+00 0.000000000000000000e+00 0.000000000000000000e+00 0.000000000000000000e+00 0.000000000000000000e+00 0.000000000000000000e+00 0.000000000000000000e+00 0.000000000000000000e+00 0.000000000000000000e+00 0.000000000000000000e+00 0.000000000000000000e+00 0.000000000000000000e+00 0.000000000000000000e+00 0.000000000000000000e+00 0.000000000000000000e+00 0.000000000000000000e+00 0.000000000000000000e+00 0.000000000000000000e+00 0.000000000000000000e+00 0.000000000000000000e+00 0.000000000000000000e+00 0.000000000000000000e+00 0.000000000000000000e+00 3.324868928571428350e-01 0.000000000000000000e+00 3.790160446428571528e-01 4.939043894736842577e-01 4.054129867240663931e-01 0.000000000000000000e+00 3.834266388888888932e-01 0.000000000000000000e+00 3.743672512737126756e-01 0.000000000000000000e+00 0.000000000000000000e+00 0.000000000000000000e+00 0.000000000000000000e+00 0.000000000000000000e+00 3.109313299627443072e-01 4.827997723157014809e-01 3.226670834148216427e-01 4.193796923076922867e-01 3.008865595238095492e-01 0.000000000000000000e+00 3.313027831934498013e-01 0.000000000000000000e+00 0.000000000000000000e+00 0.000000000000000000e+00 3.252414122137404218e-01 0.000000000000000000e+00 0.000000000000000000e+00 0.000000000000000000e+00 3.868929785609743210e-01 0.000000000000000000e+00 0.000000000000000000e+00 0.000000000000000000e+00 3.649078644000010030e-01 0.000000000000000000e+00 0.000000000000000000e+00 0.000000000000000000e+00 0.000000000000000000e+00 4.113323805970149349e-01 0.000000000000000000e+00 0.000000000000000000e+00 0.000000000000000000e+00 0.000000000000000000e+00 0.000000000000000000e+00 0.000000000000000000e+00 0.000000000000000000e+00 0.000000000000000000e+00 3.088597439024389768e-01 0.000000000000000000e+00 0.000000000000000000e+00 0.000000000000000000e+00 0.000000000000000000e+00 0.000000000000000000e+00 0.000000000000000000e+00 0.000000000000000000e+00 0.000000000000000000e+00 0.000000000000000000e+00 0.000000000000000000e+00 0.000000000000000000e+00 0.000000000000000000e+00 0.000000000000000000e+00
0.000000000000000000e+00 3.152186699046503060e-01 4.407128021188522760e-01 3.262754092499809411e-01 4.421373869933454825e-01 2.459142805429755940e-01 4.256434197667834374e-01 2.426723064477306069e-01 4.630525328471155611e-01 2.349825986195014926e-01 0.000000000000000000e+00 3.365550437835182485e-01 4.225116147385695742e-01 3.091752467812382554e-01 4.435930017388978186e-01 2.561537435492043380e-01 0.000000000000000000e+00 3.630054295938063835e-01 4.542225377358490301e-01 3.556779889480249368e-01 0.000000000000000000e+00 3.533559249999999596e-01 4.456846095803277397e-01 3.361917964069403575e-01 4.317744352941176311e-01 0.000000000000000000e+00 0.000000000000000000e+00 2.692999677419354865e-01 0.000000000000000000e+00 3.069372295902441650e-01 3.687269591183199302e-01 3.484392069746377052e-01 4.028512493055555477e-01 3.693775330383138877e-01 0.000000000000000000e+00 0.000000000000000000e+00 0.000000000000000000e+00 3.967568229166666405e-01 0.000000000000000000e+00 0.000000000000000000e+00 0.000000000000000000e+00 0.000000000000000000e+00 0.000000000000000000e+00 0.000000000000000000e+00 0.000000000000000000e+00 0.000000000000000000e+00 0.000000000000000000e+00 0.000000000000000000e+00 0.000000000000000000e+00 0.000000000000000000e+00 0.000000000000000000e+00 2.818825195196783540e-01 0.000000000000000000e+00 0.000000000000000000e+00 0.000000000000000000e+00 0.000000000000000000e+00 0.000000000000000000e+00 0.000000000000000000e+00 0.000000000000000000e+00 0.000000000000000000e+00 0.000000000000000000e+00 0.000000000000000000e+00 0.000000000000000000e+00 3.975287376237623405e-01 0.000000000000000000e+00 3.861732538461538633e-01 0.000000000000000000e+00 0.000000000000000000e+00 0.000000000000000000e+00 0.000000000000000000e+00 4.705308567180077062e-01 2.947728434683018484e-01 4.453678929597700287e-01 3.126721889874857219e-01 0.000000000000000000e+00 3.085915558712121198e-01 4.329632741935484086e-01 3.473741448854015812e-01 0.000000000000000000e+00 0.000000000000000000e+00 0.000000000000000000e+00 3.678917594716165640e-01 0.000000000000000000e+00 0.000000000000000000e+00 0.000000000000000000e+00 3.639980391019691508e-01 0.000000000000000000e+00 0.000000000000000000e+00 0.000000000000000000e+00 3.928842569455278655e-01 0.000000000000000000e+00 0.000000000000000000e+00 0.000000000000000000e+00 0.000000000000000000e+00 0.000000000000000000e+00 0.000000000000000000e+00 0.000000000000000000e+00 0.000000000000000000e+00 0.000000000000000000e+00 0.000000000000000000e+00 0.000000000000000000e+00 0.000000000000000000e+00 0.000000000000000000e+00 3.813675999999999733e-01 0.000000000000000000e+00 0.000000000000000000e+00 0.000000000000000000e+00 0.000000000000000000e+00 0.000000000000000000e+00 0.000000000000000000e+00 0.000000000000000000e+00 0.000000000000000000e+00 0.000000000000000000e+00 0.000000000000000000e+00 0.000000000000000000e+00 0.000000000000000000e+00
3.215556404330805473e-01 4.711773148635069464e-01 3.912929274850939221e-01 4.618021982785552870e-01 3.456723699658098559e-01 0.000000000000000000e+00 3.745768574263329542e-01 4.580315800205083665e-01 3.383123967851391356e-01 0.000000000000000000e+00 3.128396381381992608e-01 4.534436279609280196e-01 3.478990974182678553e-01 4.375494106095573210e-01 3.746251253928243319e-01 3.924675499999999428e-01 3.041533630142185807e-01 4.432527685962235342e-01 4.063066304140751650e-01 4.704867891235721689e-01 0.000000000000000000e+00 0.000000000000000000e+00 3.887626003887760806e-01 4.589145591732663454e-01 0.000000000000000000e+00 0.000000000000000000e+00 0.000000000000000000e+00 0.000000000000000000e+00 3.501259435990827784e-01 4.337605407509157462e-01 3.927667569385691615e-01 4.580282255162840266e-01 4.045369145347094686e-01 4.669596912971588631e-01 4.381204150943395770e-01 0.000000000000000000e+00 3.585644576271186379e-01 0.000000000000000000e+00 0.000000000000000000e+00 0.000000000000000000e+00 0.000000000000000000e+00 0.000000000000000000e+00 0.000000000000000000e+00 0.000000000000000000e+00 0.000000000000000000e+00 5.223477923497268360e-01 0.000000000000000000e+00 0.000000000000000000e+00 0.000000000000000000e+00 0.000000000000000000e+00 3.940400210526315838e-01 0.000000000000000000e+00 0.000000000000000000e+00 0.000000000000000000e+00 0.000000000000000000e+00 0.000000000000000000e+00 4.122367749107371804e-01 0.000000000000000000e+00 4.353076934807176834e-01 4.854984851082251307e-01 4.308247775685903891e-01 0.000000000000000000e+00 4.126222735169089439e-01 0.000000000000000000e+00 4.132550651495774385e-01 0.000000000000000000e+00 4.382124228293841073e-01 0.000000000000000000e+00 4.034581945360811162e-01 0.000000000000000000e+00 3.292106951903251422e-01 0.000000000000000000e+00 3.847856538292710460e-01 4.496768908776175855e-01 3.564351088153074887e-01 0.000000000000000000e+00 4.089251552396120371e-01 4.452006915967376965e-01 0.000000000000000000e+00 0.000000000000000000e+00 4.062724667739009976e-01 0.000000000000000000e+00 3.891478351648351430e-01 0.000000000000000000e+00 4.180969773009393653e-01 0.000000000000000000e+00 3.696851753200569579e-01 0.000000000000000000e+00 4.154020069507228796e-01 0.000000000000000000e+00 0.000000000000000000e+00 0.000000000000000000e+00 0.000000000000000000e+00 0.000000000000000000e+00 0.000000000000000000e+00 0.000000000000000000e+00 0.000000000000000000e+00 0.000000000000000000e+00 0.000000000000000000e+00 0.000000000000000000e+00 0.000000000000000000e+00 0.000000000000000000e+00 0.000000000000000000e+00 0.000000000000000000e+00 0.000000000000000000e+00 0.000000000000000000e+00 0.000000000000000000e+00 0.000000000000000000e+00 0.000000000000000000e+00 0.000000000000000000e+00 4.373922845528455117e-01 0.000000000000000000e+00 0.000000000000000000e+00 0.000000000000000000e+00 0.000000000000000000e+00 0.000000000000000000e+00
4.757677196012545240e-01 3.009752634352320100e-01 4.796995582498305710e-01 3.794959235511002893e-01 0.000000000000000000e+00 3.289626997505090689e-01 4.681456463594133588e-01 3.590473132895977693e-01 0.000000000000000000e+00 3.365550437835182485e-01 4.534436279609280196e-01 2.621006711654470522e-01 4.394502889801971679e-01 2.581759378026052820e-01 0.000000000000000000e+00 3.627952232987700087e-01 4.268905290135396324e-01 3.396828782427356863e-01 4.698865136504731255e-01 4.078603447021962314e-01 0.000000000000000000e+00 0.000000000000000000e+00 4.526840914411674466e-01 3.850418978294499195e-01 0.000000000000000000e+00 0.000000000000000000e+00 0.000000000000000000e+00 0.000000000000000000e+00 4.619007893772894002e-01 3.573557044491538770e-01 4.489001049370978103e-01 3.648730616762110857e-01 4.491666188524265912e-01 3.804167119366534955e-01 0.000000000000000000e+00 0.000000000000000000e+00 0.000000000000000000e+00 4.336209429747818755e-01 0.000000000000000000e+00 0.000000000000000000e+00 0.000000000000000000e+00 0.000000000000000000e+00 0.000000000000000000e+00 0.000000000000000000e+00 0.000000000000000000e+00 4.162289851851852518e-01 0.000000000000000000e+00 4.219107984496124342e-01 0.000000000000000000e+00 3.139911343066940086e-01 0.000000000000000000e+00 3.960148026478549355e-01 0.000000000000000000e+00 4.297795934065933299e-01 0.000000000000000000e+00 4.801786981132075138e-01 0.000000000000000000e+00 3.670084478843488318e-01 0.000000000000000000e+00 3.855052903893109173e-01 0.000000000000000000e+00 3.954938203317293621e-01 0.000000000000000000e+00 3.946982543744192995e-01 0.000000000000000000e+00 3.993734131412622901e-01 0.000000000000000000e+00 4.234458124999999074e-01 0.000000000000000000e+00 0.000000000000000000e+00 0.000000000000000000e+00 3.249048681382707970e-01 4.227394341738501815e-01 3.873738075888463195e-01 0.000000000000000000e+00 0.000000000000000000e+00 4.736947714521451691e-01 3.818457224491589863e-01 0.000000000000000000e+00 3.586483776315789740e-01 0.000000000000000000e+00 3.976045404622127188e-01 0.000000000000000000e+00 0.000000000000000000e+00 0.000000000000000000e+00 4.288295726325510593e-01 0.000000000000000000e+00 0.000000000000000000e+00 0.000000000000000000e+00 4.375564479209583246e-01 4.157818125000000697e-01 0.000000000000000000e+00 0.000000000000000000e+00 0.000000000000000000e+00 0.000000000000000000e+00 4.105629040636573635e-01 0.000000000000000000e+00 0.000000000000000000e+00 0.000000000000000000e+00 0.000000000000000000e+00 0.000000000000000000e+00 0.000000000000000000e+00 0.000000000000000000e+00 3.884544565217392109e-01 0.000000000000000000e+00 0.000000000000000000e+00 0.000000000000000000e+00 0.000000000000000000e+00 0.000000000000000000e+00 0.000000000000000000e+00 0.000000000000000000e+00 0.000000000000000000e+00 0.000000000000000000e+00 0.000000000000000000e+00 0.000000000000000000e+00 0.000000000000000000e+00
3.661282746547636080e-01 0.000000000000000000e+00 3.350812715733680891e-01 4.436557245002898942e-01 3.149097775220484619e-01 4.508267991742767600e-01 3.201658975250480377e-01 4.387513837322120636e-01 2.223568106679984502e-01 4.225116147385695742e-01 3.478990974182678553e-01 4.394502889801971679e-01 2.553492492101597788e-01 4.229326285359051862e-01 2.790533360595255918e-01 4.138638028641918876e-01 3.682757258585387383e-01 0.000000000000000000e+00 3.792088996710721860e-01 4.557578595154802015e-01 0.000000000000000000e+00 0.000000000000000000e+00 3.445770337729908150e-01 4.482787823693739071e-01 0.000000000000000000e+00 4.272123449974608578e-01 3.172516666666665985e-01 0.000000000000000000e+00 3.467883670549519182e-01 4.554057736457924888e-01 3.388351893568971596e-01 4.343804987067431678e-01 3.640768836894521243e-01 4.548667423519016650e-01 3.954847059488538763e-01 0.000000000000000000e+00 3.880373033223597501e-01 4.364184682539682947e-01 0.000000000000000000e+00 0.000000000000000000e+00 0.000000000000000000e+00 0.000000000000000000e+00 0.000000000000000000e+00 0.000000000000000000e+00 0.000000000000000000e+00 0.000000000000000000e+00 0.000000000000000000e+00 0.000000000000000000e+00 0.000000000000000000e+00 0.000000000000000000e+00 4.350920138888889621e-01 0.000000000000000000e+00 0.000000000000000000e+00 0.000000000000000000e+00 0.000000000000000000e+00 0.000000000000000000e+00 4.063875794943647146e-01 0.000000000000000000e+00 4.297754971798345425e-01 0.000000000000000000e+00 4.228207968695186225e-01 5.078240965909089910e-01 3.902767435411874652e-01 0.000000000000000000e+00 3.952473434057057755e-01 0.000000000000000000e+00 4.064701487772827693e-01 4.559964868421052531e-01 4.116160987510856795e-01 0.000000000000000000e+00 2.997866493914503883e-01 4.344180075783570794e-01 3.685755009369640622e-01 4.350513327473873315e-01 3.758272090253713116e-01 0.000000000000000000e+00 3.746236563168948153e-01 4.231400115123022387e-01 0.000000000000000000e+00 0.000000000000000000e+00 4.053055334398908971e-01 0.000000000000000000e+00 0.000000000000000000e+00 0.000000000000000000e+00 3.964882294584176625e-01 0.000000000000000000e+00 0.000000000000000000e+00 0.000000000000000000e+00 4.073701993795172949e-01 0.000000000000000000e+00 3.877895616428362890e-01 4.273814078947368311e-01 0.000000000000000000e+00 0.000000000000000000e+00 0.000000000000000000e+00 3.903039115044247276e-01 4.377453666666666354e-01 0.000000000000000000e+00 0.000000000000000000e+00 0.000000000000000000e+00 0.000000000000000000e+00 0.000000000000000000e+00 0.000000000000000000e+00 3.552805949074073766e-01 0.000000000000000000e+00 0.000000000000000000e+00 0.000000000000000000e+00 0.000000000000000000e+00 0.000000000000000000e+00 0.000000000000000000e+00 0.000000000000000000e+00 0.000000000000000000e+00 0.000000000000000000e+00 0.000000000000000000e+00 0.000000000000000000e+00 0.000000000000000000e+00
