2.979500087081135007e-01 4.622499820891886047e-01 3.401108152333764401e-01 4.722721621192921271e-01 3.216797279860263425e-01 0.000000000000000000e+00 2.967587622985952689e-01 4.401019342698378467e-01 3.558846140350877540e-01 0.000000000000000000e+00 3.112396938795509715e-01 4.570321774061219533e-01 3.407848939352473017e-01 4.292030839160839162e-01 3.809988552308826160e-01 0.000000000000000000e+00 3.324448668518347749e-01 4.643435748476060776e-01 3.870628703822104333e-01 4.750220857054497925e-01 0.000000000000000000e+00 0.000000000000000000e+00 3.830652952661847133e-01 0.000000000000000000e+00 0.000000000000000000e+00 0.000000000000000000e+00 0.000000000000000000e+00 0.000000000000000000e+00 4.093524014732860539e-01 4.547261753904200954e-01 3.904148856128445422e-01 3.714803673469387335e-01 3.951761325702328742e-01 4.710557174026049343e-01 4.501058703705949626e-01 0.000000000000000000e+00 4.873735920175196745e-01 5.063629371089397591e-01 5.102595464236441281e-01 0.000000000000000000e+00 4.380964999999999443e-01 4.712332111111111055e-01 4.286243115942028892e-01 4.842326221269296349e-01 4.367398357303370338e-01 4.211325859375000258e-01 0.000000000000000000e+00 0.000000000000000000e+00 4.248840678455237385e-01 4.814274455042586442e-01 4.072324580054574317e-01 4.483489366891539873e-01 3.995821144289364302e-01 0.000000000000000000e+00 4.073969875043473854e-01 0.000000000000000000e+00 3.030372563084285376e-01 4.664667159077569569e-01 3.986256857238929530e-01 4.711305897291339639e-01 3.893928598967691945e-01 4.890737147190293843e-01 3.978461115540876114e-01 4.561214157663790458e-01 4.150113782643866656e-01 4.593857739272722007e-01 3.929711687577970847e-01 4.786530447862606952e-01 3.315496976692512421e-01 4.904907824773628855e-01 3.465075945290876924e-01 4.581386799733499493e-01 3.840634876096369332e-01 4.631587973860072927e-01 4.670819902912621280e-01 0.000000000000000000e+00 3.987128859633605193e-01 4.423026342780229103e-01 3.695502884615385342e-01 0.000000000000000000e+00 4.034433429807649518e-01 0.000000000000000000e+00 0.000000000000000000e+00 0.000000000000000000e+00 4.084363278554712928e-01 4.486774661654135410e-01 3.792196170212766004e-01 0.000000000000000000e+00 4.188703107882905674e-01 4.490452408759124103e-01 4.537376946914679077e-01 4.787145385267811415e-01 4.831176776859504307e-01 0.000000000000000000e+00 4.363582039627040277e-01 4.608575083333333322e-01 0.000000000000000000e+00 0.000000000000000000e+00 4.492462680637485661e-01 4.885198321167882884e-01 0.000000000000000000e+00 0.000000000000000000e+00 4.495378881007247029e-01 4.716869913323966101e-01 4.330576173074948687e-01 4.381082596153846320e-01 0.000000000000000000e+00 4.341843451327433989e-01 0.000000000000000000e+00 0.000000000000000000e+00 4.412421896551723677e-01 0.000000000000000000e+00 0.000000000000000000e+00 0.000000000000000000e+00 0.000000000000000000e+00 4.185902592672789413e-01
4.622499820891886047e-01 2.902644086523535338e-01 4.561636409566359185e-01 3.451643427818273935e-01 0.000000000000000000e+00 4.016316638655462179e-01 4.433623383402894302e-01 3.349955180667267274e-01 0.000000000000000000e+00 3.311643134920635445e-01 4.422124225409854725e-01 3.075386957807126342e-01 4.287500226995226704e-01 3.624990087327757404e-01 0.000000000000000000e+00 3.768577340038654633e-01 4.541731187728630381e-01 3.919714034622999166e-01 4.754040921273295361e-01 3.561443151901094728e-01 0.000000000000000000e+00 0.000000000000000000e+00 4.516217536468530303e-01 4.138373626241510506e-01 0.000000000000000000e+00 0.000000000000000000e+00 0.000000000000000000e+00 3.521576249999999741e-01 4.742022381635306316e-01 4.005314381127236256e-01 4.218603637158910846e-01 4.248709752116516247e-01 4.932108670206871714e-01 4.529247807407850157e-01 0.000000000000000000e+00 0.000000000000000000e+00 5.164326808232169164e-01 4.866622893668662853e-01 0.000000000000000000e+00 4.316194474718732521e-01 0.000000000000000000e+00 4.001408066909994954e-01 0.000000000000000000e+00 0.000000000000000000e+00 0.000000000000000000e+00 4.196964718626390867e-01 0.000000000000000000e+00 0.000000000000000000e+00 4.588128595041321978e-01 4.273305297889275489e-01 4.591204825744398255e-01 4.143284435593360127e-01 0.000000000000000000e+00 3.849304859363860132e-01 0.000000000000000000e+00 3.834481643835616627e-01 4.639022391719622163e-01 3.520998179152327601e-01 4.630831044706098520e-01 4.184401585577674498e-01 4.628150474547454429e-01 3.974271178872320065e-01 0.000000000000000000e+00 4.025379048088259526e-01 4.615801360491471605e-01 4.176262560229789811e-01 4.742488644371538054e-01 4.094481643184299524e-01 5.037413761161281256e-01 3.120360526460391193e-01 4.739716127861754447e-01 3.543175481181927156e-01 4.450983446321039039e-01 4.114197672206110212e-01 0.000000000000000000e+00 4.266260432981043849e-01 4.534402827389846236e-01 3.796768579522023512e-01 0.000000000000000000e+00 0.000000000000000000e+00 0.000000000000000000e+00 4.059475682114090378e-01 0.000000000000000000e+00 0.000000000000000000e+00 4.352164813269888133e-01 4.384936806407251919e-01 0.000000000000000000e+00 0.000000000000000000e+00 4.500214081632653573e-01 4.349592012647626182e-01 4.605915818181818278e-01 4.178818237322289297e-01 0.000000000000000000e+00 3.999782159673659909e-01 4.836573375796178187e-01 4.331575637078423080e-01 0.000000000000000000e+00 4.859784069767442705e-01 0.000000000000000000e+00 4.407187801327642207e-01 0.000000000000000000e+00 0.000000000000000000e+00 4.930729558823530034e-01 4.604490790180719717e-01 4.891673553719008694e-01 4.212407337728249490e-01 0.000000000000000000e+00 4.462905894736842183e-01 0.000000000000000000e+00 0.000000000000000000e+00 4.088944027777777213e-01 0.000000000000000000e+00 0.000000000000000000e+00 4.418943533333332674e-01 0.000000000000000000e+00 0.000000000000000000e+00
3.401108152333764401e-01 4.561636409566359185e-01 2.487742453310759494e-01 4.442523235398065373e-01 1.983432775345705668e-01 3.980756166586558176e-01 2.710165901445102388e-01 4.243839089657461816e-01 2.043862268691277462e-01 3.825690944834548857e-01 3.661918380578467191e-01 4.329001791516947084e-01 3.273766061008384631e-01 4.272788877901103621e-01 3.135530907866830308e-01 4.183395629864518628e-01 3.767257168492212926e-01 4.511231281069923438e-01 2.909468575584544525e-01 4.743330343984027420e-01 0.000000000000000000e+00 0.000000000000000000e+00 2.550647473812902022e-01 4.294205150427847784e-01 1.790459671897170202e-01 3.840502199691071539e-01 2.521900780837320055e-01 4.041967272727272631e-01 3.450263676855517270e-01 4.346280060413791890e-01 3.434585687657036313e-01 4.161754829402729006e-01 3.999756137472008644e-01 4.544515204724859370e-01 4.165632887714574850e-01 0.000000000000000000e+00 4.242085645987200837e-01 5.055874753644060693e-01 4.147324380165289259e-01 4.571141991477003508e-01 3.690264305555556179e-01 0.000000000000000000e+00 0.000000000000000000e+00 0.000000000000000000e+00 4.200050180760478979e-01 0.000000000000000000e+00 0.000000000000000000e+00 0.000000000000000000e+00 4.461895549588299481e-01 0.000000000000000000e+00 4.012473542475080146e-01 5.168636958387096136e-01 3.963252214446803534e-01 0.000000000000000000e+00 4.254093135966937611e-01 0.000000000000000000e+00 3.894566198200363205e-01 4.798667196232527798e-01 4.147713684328628303e-01 4.610546613327294874e-01 4.161250204038123290e-01 0.000000000000000000e+00 3.606046448598130838e-01 0.000000000000000000e+00 3.764964157066660877e-01 0.000000000000000000e+00 4.297253366609337100e-01 4.809360908945285451e-01 2.704513968385244826e-01 0.000000000000000000e+00 3.445865497127632571e-01 4.109801844322005793e-01 3.580054073025289996e-01 4.301029609487102556e-01 3.419520400000000127e-01 0.000000000000000000e+00 3.878712240924882537e-01 4.332625342475380226e-01 0.000000000000000000e+00 0.000000000000000000e+00 3.795809847553237026e-01 0.000000000000000000e+00 0.000000000000000000e+00 0.000000000000000000e+00 3.706347085534369423e-01 4.225922330827067697e-01 3.805164099015226897e-01 0.000000000000000000e+00 3.823271318980427380e-01 0.000000000000000000e+00 4.107393731869299347e-01 4.429250740740740544e-01 0.000000000000000000e+00 4.636335273972602700e-01 4.172499841824842681e-01 4.240691490172340261e-01 4.208172755494505868e-01 0.000000000000000000e+00 0.000000000000000000e+00 0.000000000000000000e+00 0.000000000000000000e+00 0.000000000000000000e+00 4.436692358934169467e-01 0.000000000000000000e+00 3.858512495238096141e-01 0.000000000000000000e+00 0.000000000000000000e+00 0.000000000000000000e+00 0.000000000000000000e+00 0.000000000000000000e+00 4.720455597014924787e-01 0.000000000000000000e+00 0.000000000000000000e+00 0.000000000000000000e+00 0.000000000000000000e+00 4.312505028669724183e-01
4.722721621192921271e-01 3.451643427818273935e-01 4.442523235398065373e-01 2.438968543985678972e-01 4.307231281459176220e-01 2.488727542598291598e-01 4.329814927626469134e-01 2.992632454973012113e-01 4.238644000000000300e-01 3.068261057332654640e-01 4.396899142652165304e-01 3.816958074988125449e-01 4.203768750003855637e-01 3.686143855566758054e-01 4.420811587053912750e-01 3.543289701550804138e-01 4.610916758545648975e-01 4.051808204136803093e-01 4.813679438754216999e-01 2.692687244819108039e-01 0.000000000000000000e+00 0.000000000000000000e+00 4.352007762056739337e-01 2.593233614036301038e-01 0.000000000000000000e+00 2.362279955407632914e-01 0.000000000000000000e+00 3.067341059523809310e-01 4.465519547335597972e-01 3.746737639021786026e-01 3.972242015894213440e-01 3.543607728827931624e-01 4.752122697833648934e-01 3.775934707279897662e-01 0.000000000000000000e+00 4.703105526865671848e-01 4.464269967816896223e-01 4.539888566093514544e-01 4.303975257731957882e-01 4.253570664402915869e-01 0.000000000000000000e+00 4.374649559552644118e-01 0.000000000000000000e+00 4.114499194809255744e-01 0.000000000000000000e+00 4.412241547278799025e-01 0.000000000000000000e+00 4.765912857142857173e-01 0.000000000000000000e+00 4.300302626774215042e-01 0.000000000000000000e+00 4.504531448624851664e-01 0.000000000000000000e+00 4.086255516813978028e-01 0.000000000000000000e+00 3.976357600000000603e-01 4.727226443162339531e-01 4.096432271791942692e-01 4.558040671140939359e-01 4.283074430494772655e-01 4.500551218217298532e-01 4.195954338454973009e-01 0.000000000000000000e+00 4.101435882352941209e-01 0.000000000000000000e+00 4.307470876156865858e-01 5.134465916666666185e-01 4.409167642028602452e-01 4.918558815031707221e-01 3.882657884506400259e-01 4.192592221044028067e-01 3.781861514486320464e-01 4.186456105955906892e-01 3.678519262014041113e-01 0.000000000000000000e+00 3.609540220016184686e-01 4.605226982223948329e-01 3.967701781397195981e-01 0.000000000000000000e+00 0.000000000000000000e+00 0.000000000000000000e+00 4.083084228211957267e-01 0.000000000000000000e+00 0.000000000000000000e+00 4.163170310077519698e-01 4.167939139227781475e-01 0.000000000000000000e+00 0.000000000000000000e+00 0.000000000000000000e+00 4.036456506838475566e-01 0.000000000000000000e+00 4.195216926587301276e-01 0.000000000000000000e+00 4.165890207287865077e-01 0.000000000000000000e+00 4.052958160463244752e-01 0.000000000000000000e+00 0.000000000000000000e+00 4.561831249999999671e-01 4.239708240740740486e-01 0.000000000000000000e+00 0.000000000000000000e+00 4.383779285628310318e-01 4.203994856432750615e-01 0.000000000000000000e+00 4.219313743528247396e-01 0.000000000000000000e+00 4.323246339285714002e-01 0.000000000000000000e+00 0.000000000000000000e+00 0.000000000000000000e+00 0.000000000000000000e+00 0.000000000000000000e+00 4.199414615384615690e-01 0.000000000000000000e+00 0.000000000000000000e+00
3.216797279860263425e-01 0.000000000000000000e+00 1.983432775345705668e-01 4.307231281459176220e-01 1.805799942040671735e-01 4.141189601623675443e-01 2.184768556882852042e-01 4.277891181065311965e-01 1.897986771171633058e-01 4.234833937332518894e-01 0.000000000000000000e+00 4.364252735849056819e-01 2.660432147209674802e-01 4.137848056357589788e-01 2.743320071813898364e-01 4.049616744588744877e-01 0.000000000000000000e+00 0.000000000000000000e+00 3.366361840415140749e-01 0.000000000000000000e+00 2.671262392711706846e-01 0.000000000000000000e+00 3.339572768990179408e-01 4.274340270820253251e-01 2.050686044521027040e-01 4.083332962723312809e-01 2.513684975275800038e-01 0.000000000000000000e+00 3.081416658109158990e-01 0.000000000000000000e+00 3.479072557610858873e-01 3.742855716046775139e-01 3.876785134037631364e-01 0.000000000000000000e+00 0.000000000000000000e+00 0.000000000000000000e+00 0.000000000000000000e+00 0.000000000000000000e+00 0.000000000000000000e+00 0.000000000000000000e+00 0.000000000000000000e+00 0.000000000000000000e+00 0.000000000000000000e+00 0.000000000000000000e+00 0.000000000000000000e+00 0.000000000000000000e+00 4.507687022556390866e-01 0.000000000000000000e+00 0.000000000000000000e+00 0.000000000000000000e+00 3.681011186440678595e-01 0.000000000000000000e+00 4.827994363636363140e-01 0.000000000000000000e+00 0.000000000000000000e+00 0.000000000000000000e+00 3.554141509433962343e-01 0.000000000000000000e+00 0.000000000000000000e+00 5.214369193548387127e-01 0.000000000000000000e+00 0.000000000000000000e+00 0.000000000000000000e+00 0.000000000000000000e+00 3.273504908959071757e-01 0.000000000000000000e+00 0.000000000000000000e+00 0.000000000000000000e+00 0.000000000000000000e+00 0.000000000000000000e+00 3.248381298276649121e-01 4.120510607142856552e-01 3.380236689386259541e-01 4.488401072727272734e-01 3.199611154010675307e-01 0.000000000000000000e+00 3.431995694434283872e-01 0.000000000000000000e+00 0.000000000000000000e+00 0.000000000000000000e+00 0.000000000000000000e+00 0.000000000000000000e+00 4.517149032258064301e-01 0.000000000000000000e+00 3.861391571948813994e-01 0.000000000000000000e+00 3.548507884615385022e-01 0.000000000000000000e+00 3.801696483137552152e-01 0.000000000000000000e+00 0.000000000000000000e+00 0.000000000000000000e+00 0.000000000000000000e+00 0.000000000000000000e+00 0.000000000000000000e+00 0.000000000000000000e+00 0.000000000000000000e+00 0.000000000000000000e+00 0.000000000000000000e+00 0.000000000000000000e+00 0.000000000000000000e+00 0.000000000000000000e+00 0.000000000000000000e+00 0.000000000000000000e+00 3.887633945382323875e-01 0.000000000000000000e+00 0.000000000000000000e+00 0.000000000000000000e+00 0.000000000000000000e+00 0.000000000000000000e+00 0.000000000000000000e+00 0.000000000000000000e+00 0.000000000000000000e+00 0.000000000000000000e+00 0.000000000000000000e+00 0.000000000000000000e+00
0.000000000000000000e+00 4.016316638655462179e-01 3.980756166586558176e-01 2.488727542598291598e-01 4.141189601623675443e-01 1.819881234691082261e-01 4.197616697689344756e-01 2.102875566332105262e-01 4.026353356079578338e-01 1.889129737749475346e-01 0.000000000000000000e+00 0.000000000000000000e+00 0.000000000000000000e+00 2.949772238095238475e-01 0.000000000000000000e+00 2.126445624807339896e-01 0.000000000000000000e+00 3.565649857142857426e-01 0.000000000000000000e+00 3.572874706723395688e-01 0.000000000000000000e+00 2.092109428303695062e-01 3.911101006446768835e-01 1.825694580872937178e-01 3.946025857929451042e-01 2.039878504509804735e-01 4.120502982456140106e-01 2.141149580759574289e-01 0.000000000000000000e+00 3.172376673836982963e-01 3.651848119745247923e-01 3.153642700460999593e-01 0.000000000000000000e+00 3.584172202261912132e-01 4.109177068965517154e-01 0.000000000000000000e+00 0.000000000000000000e+00 3.755308504590395557e-01 0.000000000000000000e+00 3.810784366197182416e-01 0.000000000000000000e+00 0.000000000000000000e+00 0.000000000000000000e+00 4.342144577040159548e-01 0.000000000000000000e+00 0.000000000000000000e+00 0.000000000000000000e+00 4.421024488704357047e-01 0.000000000000000000e+00 4.527077480916030794e-01 0.000000000000000000e+00 4.333501311594203376e-01 0.000000000000000000e+00 0.000000000000000000e+00 0.000000000000000000e+00 4.326005731707318058e-01 0.000000000000000000e+00 3.827188961412151258e-01 0.000000000000000000e+00 3.871836351698806356e-01 0.000000000000000000e+00 0.000000000000000000e+00 0.000000000000000000e+00 0.000000000000000000e+00 0.000000000000000000e+00 4.470238196721311730e-01 0.000000000000000000e+00 4.457555283295037696e-01 0.000000000000000000e+00 0.000000000000000000e+00 0.000000000000000000e+00 2.467608337971207710e-01 4.296600252100840067e-01 2.931256255863843863e-01 0.000000000000000000e+00 2.643523079872730497e-01 0.000000000000000000e+00 3.380915387342393053e-01 0.000000000000000000e+00 0.000000000000000000e+00 0.000000000000000000e+00 0.000000000000000000e+00 0.000000000000000000e+00 3.795115384615384557e-01 0.000000000000000000e+00 4.183147455392526304e-01 0.000000000000000000e+00 3.945697288135592284e-01 0.000000000000000000e+00 3.973799024977501260e-01 0.000000000000000000e+00 0.000000000000000000e+00 0.000000000000000000e+00 0.000000000000000000e+00 0.000000000000000000e+00 0.000000000000000000e+00 0.000000000000000000e+00 0.000000000000000000e+00 0.000000000000000000e+00 0.000000000000000000e+00 0.000000000000000000e+00 0.000000000000000000e+00 0.000000000000000000e+00 3.916167603305784617e-01 0.000000000000000000e+00 3.653420294117647460e-01 0.000000000000000000e+00 0.000000000000000000e+00 0.000000000000000000e+00 0.000000000000000000e+00 0.000000000000000000e+00 0.000000000000000000e+00 0.000000000000000000e+00 0.000000000000000000e+00 0.000000000000000000e+00 0.000000000000000000e+00
2.967587622985952689e-01 4.433623383402894302e-01 2.710165901445102388e-01 4.329814927626469134e-01 2.184768556882852042e-01 4.197616697689344756e-01 2.637470114625246609e-01 4.224378208286860281e-01 2.413619097640756772e-01 3.961449761957259175e-01 3.271382170619860918e-01 4.266378284814907329e-01 2.950595374651764358e-01 4.180924865576952643e-01 3.112970365909247805e-01 4.032916189776732940e-01 3.555125202542462892e-01 4.394563726148412730e-01 3.543894782020993728e-01 4.486029063669394468e-01 0.000000000000000000e+00 0.000000000000000000e+00 3.457139003623141971e-01 4.341498931151959173e-01 0.000000000000000000e+00 0.000000000000000000e+00 0.000000000000000000e+00 0.000000000000000000e+00 3.305580743700101687e-01 4.244813013879547570e-01 3.488122468646668306e-01 4.215445913547999357e-01 3.924751133943845116e-01 4.303639976374416531e-01 0.000000000000000000e+00 0.000000000000000000e+00 4.209247646356033545e-01 4.964005222673831264e-01 0.000000000000000000e+00 4.963508333333332967e-01 3.922925281690141097e-01 0.000000000000000000e+00 0.000000000000000000e+00 0.000000000000000000e+00 3.963950980180618311e-01 0.000000000000000000e+00 0.000000000000000000e+00 0.000000000000000000e+00 3.880778669128479019e-01 4.096184740259740664e-01 3.815604346835415606e-01 4.636164857142857088e-01 0.000000000000000000e+00 0.000000000000000000e+00 3.702054588235293986e-01 0.000000000000000000e+00 3.666436860996222236e-01 4.682366710861202153e-01 3.890396182538981562e-01 4.398775839999999882e-01 3.994478900162305446e-01 0.000000000000000000e+00 3.628011916298507500e-01 0.000000000000000000e+00 3.874127436150638371e-01 0.000000000000000000e+00 4.071611073733393260e-01 4.607852308938615860e-01 3.866266563881819995e-01 4.299846280991735381e-01 2.981669316956792049e-01 4.183187282100794269e-01 3.447239335702361185e-01 4.195181531989871648e-01 0.000000000000000000e+00 0.000000000000000000e+00 3.653689978761794355e-01 4.354490902894323501e-01 0.000000000000000000e+00 0.000000000000000000e+00 3.763833629051655527e-01 4.364173337181337375e-01 0.000000000000000000e+00 0.000000000000000000e+00 3.737308356777422347e-01 4.364638338959890840e-01 0.000000000000000000e+00 0.000000000000000000e+00 3.800717415263643040e-01 3.915139892005367050e-01 0.000000000000000000e+00 0.000000000000000000e+00 0.000000000000000000e+00 4.144456370967741776e-01 0.000000000000000000e+00 4.425992777777777998e-01 0.000000000000000000e+00 0.000000000000000000e+00 3.913777610619469938e-01 0.000000000000000000e+00 0.000000000000000000e+00 0.000000000000000000e+00 0.000000000000000000e+00 4.319847197452230114e-01 0.000000000000000000e+00 0.000000000000000000e+00 0.000000000000000000e+00 0.000000000000000000e+00 0.000000000000000000e+00 0.000000000000000000e+00 0.000000000000000000e+00 0.000000000000000000e+00 0.000000000000000000e+00 0.000000000000000000e+00 0.000000000000000000e+00 0.000000000000000000e+00
4.401019342698378467e-01 3.349955180667267274e-01 4.243839089657461816e-01 2.992632454973012113e-01 4.277891181065311965e-01 2.102875566332105262e-01 4.224378208286860281e-01 2.603102826976678719e-01 4.052070782997281850e-01 2.101076775647563177e-01 4.250769334911202457e-01 2.784442755068986530e-01 4.056524685388339102e-01 2.857994281975457240e-01 4.233114241092862384e-01 3.028397165535671731e-01 4.391048912337661703e-01 3.682466674213009106e-01 4.543982456925339530e-01 3.750393778503336994e-01 0.000000000000000000e+00 0.000000000000000000e+00 4.331847398353809164e-01 3.331648331574136312e-01 4.218817187909769117e-01 2.203687471180712787e-01 0.000000000000000000e+00 3.034918269230769128e-01 4.204208631829031151e-01 3.395115779295315717e-01 4.010131683139205316e-01 3.480579925865541213e-01 4.601508217810715284e-01 3.885404452121435925e-01 0.000000000000000000e+00 3.957153716144587996e-01 4.853807781578947655e-01 4.003281664281556629e-01 0.000000000000000000e+00 4.141765508171499355e-01 0.000000000000000000e+00 0.000000000000000000e+00 0.000000000000000000e+00 0.000000000000000000e+00 0.000000000000000000e+00 3.847446724353568714e-01 0.000000000000000000e+00 3.959092170835070146e-01 0.000000000000000000e+00 3.808611543199884597e-01 4.639878571428571186e-01 3.922085699025774641e-01 0.000000000000000000e+00 3.583759412006115586e-01 0.000000000000000000e+00 3.680662649187791402e-01 4.439487765624999804e-01 3.723477046611818331e-01 0.000000000000000000e+00 4.294735603674285085e-01 4.235650423728813951e-01 3.625393538696171092e-01 0.000000000000000000e+00 3.484748066076748252e-01 0.000000000000000000e+00 3.831609676957594135e-01 4.590443986739190518e-01 4.458886992913674852e-01 0.000000000000000000e+00 4.119189415584415537e-01 4.278156090522708954e-01 3.010095026239732463e-01 4.288260584380902962e-01 3.447019547266501616e-01 0.000000000000000000e+00 3.288982513784460826e-01 4.385197150198051896e-01 3.854151384884493825e-01 0.000000000000000000e+00 0.000000000000000000e+00 0.000000000000000000e+00 3.817353625340451639e-01 0.000000000000000000e+00 3.851440393548387076e-01 4.074322781065088384e-01 3.918677349078508176e-01 0.000000000000000000e+00 0.000000000000000000e+00 4.208719447236181077e-01 3.830038907053942010e-01 0.000000000000000000e+00 4.473018771484925660e-01 0.000000000000000000e+00 0.000000000000000000e+00 0.000000000000000000e+00 3.972211113792102344e-01 0.000000000000000000e+00 0.000000000000000000e+00 4.501207484101749090e-01 3.955891428571428059e-01 0.000000000000000000e+00 0.000000000000000000e+00 4.421784079694383585e-01 4.042348173913043463e-01 0.000000000000000000e+00 0.000000000000000000e+00 0.000000000000000000e+00 0.000000000000000000e+00 0.000000000000000000e+00 0.000000000000000000e+00 0.000000000000000000e+00 0.000000000000000000e+00 0.000000000000000000e+00 0.000000000000000000e+00 0.000000000000000000e+00 0.000000000000000000e+00
3.558846140350877540e-01 0.000000000000000000e+00 2.043862268691277462e-01 4.238644000000000300e-01 1.897986771171633058e-01 4.026353356079578338e-01 2.413619097640756772e-01 4.052070782997281850e-01 2.299786397515524161e-01 4.207988147955131208e-01 3.409379456897452254e-01 0.000000000000000000e+00 2.958625921186175400e-01 4.426869333501854409e-01 2.497819563731047687e-01 4.203460472101331891e-01 0.000000000000000000e+00 0.000000000000000000e+00 0.000000000000000000e+00 0.000000000000000000e+00 0.000000000000000000e+00 0.000000000000000000e+00 3.219016773224900319e-01 4.216886531422330830e-01 1.793735714285714100e-01 4.244067538461538391e-01 1.771311629437020141e-01 0.000000000000000000e+00 3.132861261767718730e-01 0.000000000000000000e+00 3.330696589122157381e-01 3.974835730136330736e-01 0.000000000000000000e+00 0.000000000000000000e+00 0.000000000000000000e+00 0.000000000000000000e+00 4.412930117647058115e-01 0.000000000000000000e+00 0.000000000000000000e+00 0.000000000000000000e+00 0.000000000000000000e+00 0.000000000000000000e+00 0.000000000000000000e+00 0.000000000000000000e+00 0.000000000000000000e+00 0.000000000000000000e+00 0.000000000000000000e+00 0.000000000000000000e+00 0.000000000000000000e+00 0.000000000000000000e+00 3.600950894308942996e-01 0.000000000000000000e+00 0.000000000000000000e+00 0.000000000000000000e+00 0.000000000000000000e+00 0.000000000000000000e+00 0.000000000000000000e+00 0.000000000000000000e+00 0.000000000000000000e+00 0.000000000000000000e+00 0.000000000000000000e+00 0.000000000000000000e+00 0.000000000000000000e+00 0.000000000000000000e+00 3.877658043478259819e-01 0.000000000000000000e+00 0.000000000000000000e+00 0.000000000000000000e+00 0.000000000000000000e+00 0.000000000000000000e+00 2.741339249009495105e-01 0.000000000000000000e+00 3.204645756544506341e-01 0.000000000000000000e+00 0.000000000000000000e+00 0.000000000000000000e+00 3.403380534283186321e-01 0.000000000000000000e+00 0.000000000000000000e+00 0.000000000000000000e+00 3.827466637917638081e-01 0.000000000000000000e+00 0.000000000000000000e+00 0.000000000000000000e+00 3.809126764700814238e-01 0.000000000000000000e+00 0.000000000000000000e+00 0.000000000000000000e+00 4.135803142857142900e-01 0.000000000000000000e+00 0.000000000000000000e+00 0.000000000000000000e+00 0.000000000000000000e+00 0.000000000000000000e+00 3.529797108433734287e-01 0.000000000000000000e+00 0.000000000000000000e+00 0.000000000000000000e+00 3.983459724770641586e-01 0.000000000000000000e+00 0.000000000000000000e+00 0.000000000000000000e+00 0.000000000000000000e+00 0.000000000000000000e+00 0.000000000000000000e+00 0.000000000000000000e+00 0.000000000000000000e+00 0.000000000000000000e+00 0.000000000000000000e+00 0.000000000000000000e+00 0.000000000000000000e+00 0.000000000000000000e+00 0.000000000000000000e+00 0.000000000000000000e+00 0.000000000000000000e+00 0.000000000000000000e+00
0.000000000000000000e+00 3.311643134920635445e-01 3.825690944834548857e-01 3.068261057332654640e-01 4.234833937332518894e-01 1.889129737749475346e-01 3.961449761957259175e-01 2.101076775647563177e-01 4.207988147955131208e-01 2.165548469427494571e-01 0.000000000000000000e+00 3.421451594659762341e-01 0.000000000000000000e+00 3.255951350401735667e-01 4.105245355182376432e-01 2.863945795364322700e-01 0.000000000000000000e+00 0.000000000000000000e+00 0.000000000000000000e+00 0.000000000000000000e+00 0.000000000000000000e+00 0.000000000000000000e+00 4.160264087266026256e-01 3.421198012621903817e-01 0.000000000000000000e+00 2.380005783703097177e-01 4.085288421052631347e-01 0.000000000000000000e+00 0.000000000000000000e+00 3.168047922871767286e-01 3.837387607820317292e-01 3.544637790144229417e-01 0.000000000000000000e+00 3.767765232558140109e-01 0.000000000000000000e+00 0.000000000000000000e+00 0.000000000000000000e+00 3.894141025641024711e-01 0.000000000000000000e+00 3.601584062500000072e-01 0.000000000000000000e+00 0.000000000000000000e+00 0.000000000000000000e+00 0.000000000000000000e+00 0.000000000000000000e+00 0.000000000000000000e+00 0.000000000000000000e+00 4.222004873949579684e-01 0.000000000000000000e+00 0.000000000000000000e+00 0.000000000000000000e+00 0.000000000000000000e+00 0.000000000000000000e+00 0.000000000000000000e+00 0.000000000000000000e+00 4.077944698795180622e-01 0.000000000000000000e+00 3.679166958940165433e-01 0.000000000000000000e+00 0.000000000000000000e+00 0.000000000000000000e+00 0.000000000000000000e+00 0.000000000000000000e+00 4.029326712116173548e-01 0.000000000000000000e+00 0.000000000000000000e+00 0.000000000000000000e+00 4.580140087719298814e-01 0.000000000000000000e+00 4.537070307692307458e-01 4.279800444444444296e-01 2.864364511307454508e-01 4.349730126582278533e-01 3.134263194982419565e-01 0.000000000000000000e+00 3.242578287882225130e-01 0.000000000000000000e+00 3.626442817997230783e-01 0.000000000000000000e+00 0.000000000000000000e+00 0.000000000000000000e+00 3.823350047798393936e-01 0.000000000000000000e+00 0.000000000000000000e+00 0.000000000000000000e+00 3.690860556781001001e-01 0.000000000000000000e+00 3.848523382352940780e-01 0.000000000000000000e+00 3.864960009264618024e-01 0.000000000000000000e+00 0.000000000000000000e+00 0.000000000000000000e+00 0.000000000000000000e+00 0.000000000000000000e+00 0.000000000000000000e+00 0.000000000000000000e+00 0.000000000000000000e+00 0.000000000000000000e+00 0.000000000000000000e+00 0.000000000000000000e+00 0.000000000000000000e+00 0.000000000000000000e+00 0.000000000000000000e+00 0.000000000000000000e+00 0.000000000000000000e+00 0.000000000000000000e+00 0.000000000000000000e+00 0.000000000000000000e+00 0.000000000000000000e+00 0.000000000000000000e+00 0.000000000000000000e+00 0.000000000000000000e+00 0.000000000000000000e+00 0.000000000000000000e+00 0.000000000000000000e+00
3.112396938795509715e-01 4.422124225409854725e-01 3.661918380578467191e-01 4.396899142652165304e-01 0.000000000000000000e+00 0.000000000000000000e+00 3.271382170619860918e-01 4.250769334911202457e-01 3.409379456897452254e-01 0.000000000000000000e+00 2.852575415043051565e-01 4.560859068682925899e-01 3.127761907147881826e-01 4.285749329769736882e-01 3.363092167493103024e-01 0.000000000000000000e+00 3.705396704035156530e-01 4.449495726282853281e-01 3.796295586421712942e-01 4.455941827657672882e-01 0.000000000000000000e+00 0.000000000000000000e+00 3.759683089527695032e-01 4.338981481816986396e-01 0.000000000000000000e+00 0.000000000000000000e+00 0.000000000000000000e+00 0.000000000000000000e+00 3.504818762749418726e-01 4.505863490497075130e-01 3.594916632321323302e-01 3.286410666666666480e-01 3.639863021321213532e-01 4.361470867662320949e-01 0.000000000000000000e+00 0.000000000000000000e+00 4.614531487307032553e-01 4.745658673469387856e-01 0.000000000000000000e+00 4.902385555555556218e-01 0.000000000000000000e+00 0.000000000000000000e+00 4.450963762376236588e-01 0.000000000000000000e+00 0.000000000000000000e+00 3.997683609467456156e-01 0.000000000000000000e+00 0.000000000000000000e+00 0.000000000000000000e+00 0.000000000000000000e+00 3.915118126094652151e-01 0.000000000000000000e+00 0.000000000000000000e+00 0.000000000000000000e+00 0.000000000000000000e+00 0.000000000000000000e+00 3.720655658097610230e-01 0.000000000000000000e+00 3.969094835114222453e-01 0.000000000000000000e+00 4.175589528503624859e-01 0.000000000000000000e+00 4.307462063085063519e-01 0.000000000000000000e+00 4.122522205185580324e-01 0.000000000000000000e+00 4.101965046704501017e-01 0.000000000000000000e+00 3.855085068493150358e-01 0.000000000000000000e+00 3.345293688933799747e-01 0.000000000000000000e+00 3.731848995846525630e-01 4.378425161290322443e-01 0.000000000000000000e+00 0.000000000000000000e+00 4.083986388226285014e-01 4.226616574307093810e-01 0.000000000000000000e+00 0.000000000000000000e+00 0.000000000000000000e+00 0.000000000000000000e+00 0.000000000000000000e+00 0.000000000000000000e+00 4.034314313777851990e-01 0.000000000000000000e+00 0.000000000000000000e+00 0.000000000000000000e+00 4.184735768855391003e-01 0.000000000000000000e+00 0.000000000000000000e+00 0.000000000000000000e+00 0.000000000000000000e+00 0.000000000000000000e+00 0.000000000000000000e+00 0.000000000000000000e+00 0.000000000000000000e+00 0.000000000000000000e+00 0.000000000000000000e+00 0.000000000000000000e+00 0.000000000000000000e+00 0.000000000000000000e+00 0.000000000000000000e+00 0.000000000000000000e+00 0.000000000000000000e+00 0.000000000000000000e+00 0.000000000000000000e+00 0.000000000000000000e+00 0.000000000000000000e+00 0.000000000000000000e+00 0.000000000000000000e+00 0.000000000000000000e+00 0.000000000000000000e+00 0.000000000000000000e+00 0.000000000000000000e+00 0.000000000000000000e+00
4.570321774061219533e-01 3.075386957807126342e-01 4.329001791516947084e-01 3.816958074988125449e-01 4.364252735849056819e-01 0.000000000000000000e+00 4.266378284814907329e-01 2.784442755068986530e-01 0.000000000000000000e+00 3.421451594659762341e-01 4.560859068682925899e-01 2.530741249673858495e-01 4.095651699142810465e-01 2.706860454466087362e-01 0.000000000000000000e+00 3.755839499487325650e-01 0.000000000000000000e+00 3.813415874016802820e-01 4.542037090755566275e-01 3.866629550517930447e-01 0.000000000000000000e+00 0.000000000000000000e+00 4.357791621380170954e-01 3.793138377206171086e-01 0.000000000000000000e+00 0.000000000000000000e+00 0.000000000000000000e+00 0.000000000000000000e+00 4.195485611711712304e-01 3.501578541528309607e-01 4.142128678920764528e-01 3.822000811298118528e-01 4.573002841659022932e-01 3.808121537214985697e-01 0.000000000000000000e+00 0.000000000000000000e+00 0.000000000000000000e+00 4.363107900566893793e-01 0.000000000000000000e+00 0.000000000000000000e+00 0.000000000000000000e+00 0.000000000000000000e+00 0.000000000000000000e+00 0.000000000000000000e+00 0.000000000000000000e+00 3.982018728966346122e-01 0.000000000000000000e+00 0.000000000000000000e+00 0.000000000000000000e+00 3.684500027453252446e-01 0.000000000000000000e+00 3.947451069908277099e-01 0.000000000000000000e+00 3.399795490196079184e-01 0.000000000000000000e+00 0.000000000000000000e+00 0.000000000000000000e+00 3.785269368724948347e-01 0.000000000000000000e+00 4.246433901893361673e-01 0.000000000000000000e+00 4.150712906615103281e-01 0.000000000000000000e+00 4.135973114635895787e-01 0.000000000000000000e+00 4.261381407501437235e-01 0.000000000000000000e+00 4.490345759470851239e-01 0.000000000000000000e+00 4.272729113924050859e-01 4.182039505261563872e-01 3.219400234284994222e-01 4.121215604626740636e-01 3.750451318105447740e-01 0.000000000000000000e+00 0.000000000000000000e+00 4.454488840045621734e-01 3.657695483572365180e-01 0.000000000000000000e+00 0.000000000000000000e+00 0.000000000000000000e+00 4.189941284034284785e-01 0.000000000000000000e+00 0.000000000000000000e+00 0.000000000000000000e+00 4.347745439192745032e-01 0.000000000000000000e+00 0.000000000000000000e+00 0.000000000000000000e+00 4.256647360901749111e-01 0.000000000000000000e+00 0.000000000000000000e+00 0.000000000000000000e+00 0.000000000000000000e+00 0.000000000000000000e+00 0.000000000000000000e+00 0.000000000000000000e+00 0.000000000000000000e+00 0.000000000000000000e+00 0.000000000000000000e+00 0.000000000000000000e+00 0.000000000000000000e+00 0.000000000000000000e+00 0.000000000000000000e+00 0.000000000000000000e+00 0.000000000000000000e+00 0.000000000000000000e+00 0.000000000000000000e+00 0.000000000000000000e+00 0.000000000000000000e+00 0.000000000000000000e+00 0.000000000000000000e+00 0.000000000000000000e+00 0.000000000000000000e+00 0.000000000000000000e+00 0.000000000000000000e+00
3.407848939352473017e-01 4.287500226995226704e-01 3.273766061008384631e-01 4.203768750003855637e-01 2.660432147209674802e-01 0.000000000000000000e+00 2.950595374651764358e-01 4.056524685388339102e-01 2.958625921186175400e-01 0.000000000000000000e+00 3.127761907147881826e-01 4.095651699142810465e-01 2.516480845600759797e-01 4.027811645997147472e-01 2.760120046346473677e-01 4.049631043453928991e-01 3.999814656094583531e-01 4.523790000000000866e-01 3.733836470427309151e-01 4.157509009042940629e-01 0.000000000000000000e+00 0.000000000000000000e+00 3.418285476883147767e-01 4.214868745166074904e-01 0.000000000000000000e+00 0.000000000000000000e+00 0.000000000000000000e+00 0.000000000000000000e+00 2.954455277339725350e-01 4.156888424830488815e-01 3.350722608883526799e-01 4.183969550212173760e-01 3.710772908691843952e-01 4.096184978034174140e-01 0.000000000000000000e+00 0.000000000000000000e+00 4.369217438043804802e-01 4.424726311697092518e-01 0.000000000000000000e+00 0.000000000000000000e+00 0.000000000000000000e+00 0.000000000000000000e+00 0.000000000000000000e+00 0.000000000000000000e+00 0.000000000000000000e+00 0.000000000000000000e+00 0.000000000000000000e+00 0.000000000000000000e+00 4.196176721014492905e-01 0.000000000000000000e+00 3.932046974581785426e-01 0.000000000000000000e+00 0.000000000000000000e+00 0.000000000000000000e+00 0.000000000000000000e+00 0.000000000000000000e+00 3.576408385307189852e-01 0.000000000000000000e+00 3.839326555566650589e-01 4.490137916666666063e-01 3.998805110007546681e-01 0.000000000000000000e+00 3.806801516933336904e-01 0.000000000000000000e+00 4.037156839161303856e-01 0.000000000000000000e+00 4.122198097041009923e-01 0.000000000000000000e+00 3.747706844496510037e-01 0.000000000000000000e+00 2.970988353518165814e-01 4.390356144578313469e-01 3.528130520780719537e-01 4.263183780644752563e-01 0.000000000000000000e+00 0.000000000000000000e+00 3.780213613766685854e-01 4.262743566352545366e-01 3.972184265480895871e-01 0.000000000000000000e+00 3.774935131362391894e-01 0.000000000000000000e+00 0.000000000000000000e+00 0.000000000000000000e+00 3.785053710822193773e-01 4.491017642857142445e-01 0.000000000000000000e+00 0.000000000000000000e+00 3.834506198005045441e-01 0.000000000000000000e+00 0.000000000000000000e+00 0.000000000000000000e+00 0.000000000000000000e+00 0.000000000000000000e+00 4.163700319148935791e-01 0.000000000000000000e+00 0.000000000000000000e+00 0.000000000000000000e+00 0.000000000000000000e+00 0.000000000000000000e+00 0.000000000000000000e+00 0.000000000000000000e+00 0.000000000000000000e+00 0.000000000000000000e+00 0.000000000000000000e+00 0.000000000000000000e+00 0.000000000000000000e+00 0.000000000000000000e+00 0.000000000000000000e+00 0.000000000000000000e+00 0.000000000000000000e+00 0.000000000000000000e+00 0.000000000000000000e+00 0.000000000000000000e+00 0.000000000000000000e+00 0.000000000000000000e+00
