2.869804013304343981e-01 4.621606576054445581e-01 3.568258179814702835e-01 4.737011101614821973e-01 3.314282552083333000e-01 0.000000000000000000e+00 3.344145796446731933e-01 4.358081533783214057e-01 4.459415562130177313e-01 0.000000000000000000e+00 3.288886636475815139e-01 0.000000000000000000e+00 3.622657437831304783e-01 4.489596635514018219e-01 3.914567573051948024e-01 0.000000000000000000e+00 2.976500614284708357e-01 4.572091282952712721e-01 3.940289116352521104e-01 4.834838965145363265e-01 0.000000000000000000e+00 0.000000000000000000e+00 3.876607760158943816e-01 0.000000000000000000e+00 0.000000000000000000e+00 0.000000000000000000e+00 0.000000000000000000e+00 0.000000000000000000e+00 3.865749275756253378e-01 4.589805594560404933e-01 4.346377692307691887e-01 0.000000000000000000e+00 3.955285805906161856e-01 4.607613574863645978e-01 4.168869341517856819e-01 0.000000000000000000e+00 4.987759826902370963e-01 5.132190064727287782e-01 0.000000000000000000e+00 5.066601137844611857e-01 4.562738626310411938e-01 0.000000000000000000e+00 0.000000000000000000e+00 0.000000000000000000e+00 4.087493786407765950e-01 0.000000000000000000e+00 0.000000000000000000e+00 0.000000000000000000e+00 3.729229651205547835e-01 4.893533850267379748e-01 3.933362714717452691e-01 4.327212145888108541e-01 0.000000000000000000e+00 0.000000000000000000e+00 4.021508325892645397e-01 0.000000000000000000e+00 3.443999241107602582e-01 4.541445754918505551e-01 4.031348052581691377e-01 4.555301282980757094e-01 3.898218425267167553e-01 4.919898571428570899e-01 3.676608767572669412e-01 4.518824951901813658e-01 4.153435866277723765e-01 4.402777525249701451e-01 4.012259155438026026e-01 4.701256069415745698e-01 3.444520018603459133e-01 4.548308817719668440e-01 3.636418410945541635e-01 4.827584677195232987e-01 3.963550117854364729e-01 4.700054019721623955e-01 3.798481729314894806e-01 0.000000000000000000e+00 4.073004195201545552e-01 4.524313252390371187e-01 0.000000000000000000e+00 0.000000000000000000e+00 4.063827759591641664e-01 4.361031582733812528e-01 0.000000000000000000e+00 0.000000000000000000e+00 4.089365894568821047e-01 4.239748553237939199e-01 0.000000000000000000e+00 0.000000000000000000e+00 4.119941229518627734e-01 4.734176474820143699e-01 4.108662246121933537e-01 4.710408505848764915e-01 0.000000000000000000e+00 0.000000000000000000e+00 4.525396970769365312e-01 0.000000000000000000e+00 0.000000000000000000e+00 0.000000000000000000e+00 4.306785384615384737e-01 4.543028262396625050e-01 0.000000000000000000e+00 0.000000000000000000e+00 4.664158590856481990e-01 4.596094686678081076e-01 4.632491274628880995e-01 0.000000000000000000e+00 4.725471952319587610e-01 4.722511955307261977e-01 0.000000000000000000e+00 0.000000000000000000e+00 0.000000000000000000e+00 0.000000000000000000e+00 4.276692777777778010e-01 0.000000000000000000e+00 0.000000000000000000e+00 0.000000000000000000e+00
4.621606576054445581e-01 2.925296749236914740e-01 4.554958211704422388e-01 3.552745173968329118e-01 0.000000000000000000e+00 0.000000000000000000e+00 4.437482427705000121e-01 2.988420019907215841e-01 0.000000000000000000e+00 3.211703542124542121e-01 4.335389285686293559e-01 3.013560322557333193e-01 4.415963285214348222e-01 3.411907207885313542e-01 0.000000000000000000e+00 4.331450559440560566e-01 4.589649915044852202e-01 3.535053442485765474e-01 4.833210982670645972e-01 3.528852618236935634e-01 0.000000000000000000e+00 0.000000000000000000e+00 4.246986306309200598e-01 3.634397563527609898e-01 0.000000000000000000e+00 0.000000000000000000e+00 0.000000000000000000e+00 0.000000000000000000e+00 4.653754465209652968e-01 3.749672393012271621e-01 4.203685581271684457e-01 3.840574674796747301e-01 4.687654338353950956e-01 4.047529000992033388e-01 0.000000000000000000e+00 0.000000000000000000e+00 5.085871373247804472e-01 4.916642691356852279e-01 0.000000000000000000e+00 4.880290874577274396e-01 0.000000000000000000e+00 0.000000000000000000e+00 3.749067777777777555e-01 3.949558035342337070e-01 0.000000000000000000e+00 3.959246215500627497e-01 0.000000000000000000e+00 3.679743649652603699e-01 0.000000000000000000e+00 3.892254683844462160e-01 0.000000000000000000e+00 3.823484487539081655e-01 0.000000000000000000e+00 3.847979082172688914e-01 0.000000000000000000e+00 3.964610078297596818e-01 4.717988169934641540e-01 3.000506192250172455e-01 4.632730628571429254e-01 3.843902978151051975e-01 4.288568692307692110e-01 3.837476237474572449e-01 4.606751475409835983e-01 3.746485821044854836e-01 4.533911250000000615e-01 3.920922774381913056e-01 4.561816364354522868e-01 3.849764503842610930e-01 4.785877310253480732e-01 3.215968619117540173e-01 4.584453922015880867e-01 3.357880942731988339e-01 4.652506539190252588e-01 3.848992706999144198e-01 0.000000000000000000e+00 3.679758040443240064e-01 4.615131710396976339e-01 3.873356633743770261e-01 0.000000000000000000e+00 0.000000000000000000e+00 4.609725459459459440e-01 4.093996689600398198e-01 0.000000000000000000e+00 0.000000000000000000e+00 4.791395445553303101e-01 4.086295041143381268e-01 0.000000000000000000e+00 0.000000000000000000e+00 0.000000000000000000e+00 4.052584552395588902e-01 0.000000000000000000e+00 4.415364019635678594e-01 0.000000000000000000e+00 0.000000000000000000e+00 4.302454591836734066e-01 0.000000000000000000e+00 0.000000000000000000e+00 0.000000000000000000e+00 0.000000000000000000e+00 4.654468235294118572e-01 0.000000000000000000e+00 4.330047463768115779e-01 0.000000000000000000e+00 4.714897942266949027e-01 0.000000000000000000e+00 4.484848779787852235e-01 0.000000000000000000e+00 0.000000000000000000e+00 0.000000000000000000e+00 0.000000000000000000e+00 0.000000000000000000e+00 0.000000000000000000e+00 0.000000000000000000e+00 0.000000000000000000e+00 0.000000000000000000e+00 0.000000000000000000e+00
3.568258179814702835e-01 4.554958211704422388e-01 2.897888514665693527e-01 4.547133590067333198e-01 1.734287878847269593e-01 4.366538947973774287e-01 3.279837299822331298e-01 4.382715990187402433e-01 3.070808662621944962e-01 4.328736119080583422e-01 3.695328065564524311e-01 4.334024360776894680e-01 3.338874820620673645e-01 4.428314663876396495e-01 3.233145319167360920e-01 4.322252133841952282e-01 3.765352343961518855e-01 4.420556402383529204e-01 3.163277936000251089e-01 4.653476113424517835e-01 0.000000000000000000e+00 0.000000000000000000e+00 2.863832167371699322e-01 4.417784597568935046e-01 2.410993824432234867e-01 4.448526811449442508e-01 2.755630165774806684e-01 0.000000000000000000e+00 3.554864774723350829e-01 4.470079448932271493e-01 3.737185760356105946e-01 4.344009960038922591e-01 3.929575914322561148e-01 4.593428579205062201e-01 4.548928208620662827e-01 0.000000000000000000e+00 4.636918275634511200e-01 0.000000000000000000e+00 4.164738230769230443e-01 4.940778888888888720e-01 4.872909843750000136e-01 0.000000000000000000e+00 4.217511646535947456e-01 0.000000000000000000e+00 4.068676922619047787e-01 0.000000000000000000e+00 4.311046560288544494e-01 0.000000000000000000e+00 3.887255582447661229e-01 4.745478726114649159e-01 3.844341645885469561e-01 4.216275932091291812e-01 3.572389915966385221e-01 0.000000000000000000e+00 3.752540067852598860e-01 4.679430142996298114e-01 4.255629564234674200e-01 4.553130969171361175e-01 4.019857388855723190e-01 4.616165192184310540e-01 3.855971476873150117e-01 4.559505677966101955e-01 3.766961615843402167e-01 4.280277758253318576e-01 3.790896413770074580e-01 4.589604561306268593e-01 4.109555552063184902e-01 4.792810912149704783e-01 3.954354089665794159e-01 0.000000000000000000e+00 3.383980557909669895e-01 4.523335317415257961e-01 3.774261147003198924e-01 4.425968446676036838e-01 3.689183106204886875e-01 0.000000000000000000e+00 4.067395690570623779e-01 4.417049057130371659e-01 4.042342127659574458e-01 0.000000000000000000e+00 3.842321698996934987e-01 4.847096555070107282e-01 0.000000000000000000e+00 0.000000000000000000e+00 3.844839537567394383e-01 4.467476633819308929e-01 3.886163401360543945e-01 0.000000000000000000e+00 3.741431926425125565e-01 0.000000000000000000e+00 0.000000000000000000e+00 4.579162183564609023e-01 0.000000000000000000e+00 4.327011646341464290e-01 4.161953235939984674e-01 0.000000000000000000e+00 0.000000000000000000e+00 0.000000000000000000e+00 4.657279608938547089e-01 4.210680144927536617e-01 0.000000000000000000e+00 4.637863093525179670e-01 0.000000000000000000e+00 4.168885991542602976e-01 0.000000000000000000e+00 4.641975733333333909e-01 0.000000000000000000e+00 0.000000000000000000e+00 0.000000000000000000e+00 0.000000000000000000e+00 0.000000000000000000e+00 0.000000000000000000e+00 4.118446434108526955e-01 0.000000000000000000e+00 0.000000000000000000e+00 0.000000000000000000e+00
4.737011101614821973e-01 3.552745173968329118e-01 4.547133590067333198e-01 2.589919684879997130e-01 4.306732695265749200e-01 1.922909996793500942e-01 4.461727481025530295e-01 3.192604342369557147e-01 4.256654618307611493e-01 3.083155599803693581e-01 4.543402997312089298e-01 3.588762068295417440e-01 4.456884566108930690e-01 3.467607174185772800e-01 4.274565058774487114e-01 3.218789795160915679e-01 4.715826301822738098e-01 3.862696337604162311e-01 4.819911098730765286e-01 2.945009317010162664e-01 0.000000000000000000e+00 0.000000000000000000e+00 4.447250982981379996e-01 2.242872345200319639e-01 4.378437500042315911e-01 2.605569842296002192e-01 3.788696050420167216e-01 2.943735786218100170e-01 4.391079367587713556e-01 3.576285374629434299e-01 4.097007157583203441e-01 3.409183956375083091e-01 4.750234834340234524e-01 3.923256057067204816e-01 0.000000000000000000e+00 4.571959150380187631e-01 5.333421333333333569e-01 4.754924701882105031e-01 0.000000000000000000e+00 4.887805508628088047e-01 0.000000000000000000e+00 0.000000000000000000e+00 0.000000000000000000e+00 4.061884609351935072e-01 0.000000000000000000e+00 4.161221386680291068e-01 0.000000000000000000e+00 4.265945658553076392e-01 4.976906588235294748e-01 4.155560729295902367e-01 5.045396792452830903e-01 3.927941585610521535e-01 0.000000000000000000e+00 4.169799273502616255e-01 0.000000000000000000e+00 3.669434375000000248e-01 0.000000000000000000e+00 3.981718870662103726e-01 5.064555076923076271e-01 4.182721709299463964e-01 4.531178226993864411e-01 4.143992329108953654e-01 0.000000000000000000e+00 4.142795721438137790e-01 0.000000000000000000e+00 3.826273835369076726e-01 4.418820248756218927e-01 4.307713756726617715e-01 5.008754453260095829e-01 4.184663689838584721e-01 4.409759820531389818e-01 3.844388982424390977e-01 4.548520576994469211e-01 3.819006041205942892e-01 0.000000000000000000e+00 3.724659723994699911e-01 4.646912874147594574e-01 4.087849167086552993e-01 0.000000000000000000e+00 0.000000000000000000e+00 0.000000000000000000e+00 3.862388157960229274e-01 0.000000000000000000e+00 0.000000000000000000e+00 0.000000000000000000e+00 3.746919922550006610e-01 0.000000000000000000e+00 0.000000000000000000e+00 4.608512258064516032e-01 3.675160271491604291e-01 4.491152003591953878e-01 4.385346148460828042e-01 0.000000000000000000e+00 0.000000000000000000e+00 4.444411850071225412e-01 0.000000000000000000e+00 0.000000000000000000e+00 0.000000000000000000e+00 4.524949188733344840e-01 0.000000000000000000e+00 0.000000000000000000e+00 0.000000000000000000e+00 4.718920068027211423e-01 4.339848604359237694e-01 0.000000000000000000e+00 4.410021481162305079e-01 0.000000000000000000e+00 4.339546960000000286e-01 0.000000000000000000e+00 0.000000000000000000e+00 0.000000000000000000e+00 0.000000000000000000e+00 0.000000000000000000e+00 4.421774482758621394e-01 0.000000000000000000e+00 0.000000000000000000e+00
3.314282552083333000e-01 0.000000000000000000e+00 1.734287878847269593e-01 4.306732695265749200e-01 1.727604195187048275e-01 4.409661671010532413e-01 2.939639796073946765e-01 4.238702989193847137e-01 1.742866132755935271e-01 4.307344846031720409e-01 0.000000000000000000e+00 0.000000000000000000e+00 3.182871777561666060e-01 4.174855672004754714e-01 2.692541660018061833e-01 4.288810481365415983e-01 0.000000000000000000e+00 0.000000000000000000e+00 0.000000000000000000e+00 0.000000000000000000e+00 2.083447386491402153e-01 3.614037096774193603e-01 1.379415376408240912e-01 4.395235806917777155e-01 2.450489623658856364e-01 4.398129618077499803e-01 2.075976932985668655e-01 4.093730722891565921e-01 3.112847508803488483e-01 0.000000000000000000e+00 3.347524389593732330e-01 4.279648343794882903e-01 3.495784384615384655e-01 4.088491052449116370e-01 4.652437851851851658e-01 0.000000000000000000e+00 0.000000000000000000e+00 0.000000000000000000e+00 0.000000000000000000e+00 0.000000000000000000e+00 0.000000000000000000e+00 0.000000000000000000e+00 0.000000000000000000e+00 0.000000000000000000e+00 0.000000000000000000e+00 0.000000000000000000e+00 4.271335525245066878e-01 0.000000000000000000e+00 0.000000000000000000e+00 0.000000000000000000e+00 4.282645055749620400e-01 0.000000000000000000e+00 4.196991602691511059e-01 0.000000000000000000e+00 4.371725967484082487e-01 0.000000000000000000e+00 0.000000000000000000e+00 0.000000000000000000e+00 4.305654966442952758e-01 0.000000000000000000e+00 0.000000000000000000e+00 0.000000000000000000e+00 0.000000000000000000e+00 0.000000000000000000e+00 4.248848960000000119e-01 5.012065076923076790e-01 4.189356012416052821e-01 0.000000000000000000e+00 3.899691139240506477e-01 0.000000000000000000e+00 2.767967424136470456e-01 3.993555973115137658e-01 3.024271582093076005e-01 4.182648089440241246e-01 2.579773283948720297e-01 0.000000000000000000e+00 3.623104799225049244e-01 0.000000000000000000e+00 0.000000000000000000e+00 0.000000000000000000e+00 3.944529384615384493e-01 0.000000000000000000e+00 3.816217326513198227e-01 0.000000000000000000e+00 3.912709684970067103e-01 0.000000000000000000e+00 3.869004522794524115e-01 0.000000000000000000e+00 3.913847222455610897e-01 0.000000000000000000e+00 0.000000000000000000e+00 4.206942364864865169e-01 0.000000000000000000e+00 0.000000000000000000e+00 0.000000000000000000e+00 0.000000000000000000e+00 0.000000000000000000e+00 0.000000000000000000e+00 0.000000000000000000e+00 0.000000000000000000e+00 0.000000000000000000e+00 0.000000000000000000e+00 0.000000000000000000e+00 0.000000000000000000e+00 0.000000000000000000e+00 0.000000000000000000e+00 0.000000000000000000e+00 0.000000000000000000e+00 0.000000000000000000e+00 0.000000000000000000e+00 0.000000000000000000e+00 0.000000000000000000e+00 0.000000000000000000e+00 0.000000000000000000e+00 0.000000000000000000e+00 0.000000000000000000e+00
0.000000000000000000e+00 0.000000000000000000e+00 4.366538947973774287e-01 1.922909996793500942e-01 4.409661671010532413e-01 1.823595009415109602e-01 4.312262574408436411e-01 2.982333395732928438e-01 4.364955973160073444e-01 1.840080131177975475e-01 0.000000000000000000e+00 3.411493505434782247e-01 4.130954444444444595e-01 3.340958872963796789e-01 4.444938969048598532e-01 2.251818990745507176e-01 0.000000000000000000e+00 0.000000000000000000e+00 4.151219846153845761e-01 3.614934787196930621e-01 3.667305030171408853e-01 2.735127711836444209e-01 4.414259242797811678e-01 1.526010096550487471e-01 4.329068065483629990e-01 2.333264575364963345e-01 4.106166733527824020e-01 2.147434829644144505e-01 0.000000000000000000e+00 2.888991555030480662e-01 3.870834004842300113e-01 3.200323482256879903e-01 4.241287425584721049e-01 3.789549707851693205e-01 0.000000000000000000e+00 0.000000000000000000e+00 0.000000000000000000e+00 0.000000000000000000e+00 0.000000000000000000e+00 0.000000000000000000e+00 0.000000000000000000e+00 0.000000000000000000e+00 0.000000000000000000e+00 0.000000000000000000e+00 0.000000000000000000e+00 0.000000000000000000e+00 0.000000000000000000e+00 4.494090015960350293e-01 0.000000000000000000e+00 0.000000000000000000e+00 0.000000000000000000e+00 0.000000000000000000e+00 0.000000000000000000e+00 4.240986408154810983e-01 0.000000000000000000e+00 0.000000000000000000e+00 0.000000000000000000e+00 0.000000000000000000e+00 0.000000000000000000e+00 0.000000000000000000e+00 0.000000000000000000e+00 0.000000000000000000e+00 0.000000000000000000e+00 0.000000000000000000e+00 0.000000000000000000e+00 4.386341408450703527e-01 0.000000000000000000e+00 4.174187548205360310e-01 0.000000000000000000e+00 0.000000000000000000e+00 4.180500564840165523e-01 2.937327441295118358e-01 4.494037041262659016e-01 3.124686672824942280e-01 0.000000000000000000e+00 2.980100554466962870e-01 0.000000000000000000e+00 4.070221454822318119e-01 0.000000000000000000e+00 0.000000000000000000e+00 0.000000000000000000e+00 3.993214623655914064e-01 0.000000000000000000e+00 0.000000000000000000e+00 0.000000000000000000e+00 4.035720105984706985e-01 0.000000000000000000e+00 0.000000000000000000e+00 0.000000000000000000e+00 0.000000000000000000e+00 0.000000000000000000e+00 0.000000000000000000e+00 0.000000000000000000e+00 0.000000000000000000e+00 0.000000000000000000e+00 0.000000000000000000e+00 0.000000000000000000e+00 0.000000000000000000e+00 0.000000000000000000e+00 0.000000000000000000e+00 0.000000000000000000e+00 0.000000000000000000e+00 0.000000000000000000e+00 0.000000000000000000e+00 0.000000000000000000e+00 0.000000000000000000e+00 0.000000000000000000e+00 0.000000000000000000e+00 0.000000000000000000e+00 0.000000000000000000e+00 0.000000000000000000e+00 0.000000000000000000e+00 0.000000000000000000e+00 0.000000000000000000e+00 0.000000000000000000e+00 0.000000000000000000e+00
3.344145796446731933e-01 4.437482427705000121e-01 3.279837299822331298e-01 4.461727481025530295e-01 2.939639796073946765e-01 4.312262574408436411e-01 2.683388243872358303e-01 4.293287200181759578e-01 2.484164347634288394e-01 4.118903889724310763e-01 3.063229197129263004e-01 4.232697461865747024e-01 3.098429922178335127e-01 4.343515246152231390e-01 3.626699723385465868e-01 0.000000000000000000e+00 3.680952771745779062e-01 4.407208449003721107e-01 3.837814002140875758e-01 4.627469519304853729e-01 0.000000000000000000e+00 0.000000000000000000e+00 3.406904729300450074e-01 4.396618247759348508e-01 0.000000000000000000e+00 4.275007200000001117e-01 0.000000000000000000e+00 0.000000000000000000e+00 3.536018826852891928e-01 4.511517647953740551e-01 3.808146449822010227e-01 4.505881565494266328e-01 3.766795935985656207e-01 4.582355856996908061e-01 4.185227733333333200e-01 0.000000000000000000e+00 4.466491929491092083e-01 0.000000000000000000e+00 0.000000000000000000e+00 0.000000000000000000e+00 4.045831240079365010e-01 0.000000000000000000e+00 0.000000000000000000e+00 0.000000000000000000e+00 0.000000000000000000e+00 0.000000000000000000e+00 4.294370887239307155e-01 0.000000000000000000e+00 3.740137277503771673e-01 0.000000000000000000e+00 3.747216041352903759e-01 4.243362645822472135e-01 0.000000000000000000e+00 0.000000000000000000e+00 3.689664022889765915e-01 0.000000000000000000e+00 3.907288916804579348e-01 4.490708467210854926e-01 3.887780071877332544e-01 4.314194081726792085e-01 3.830380612235725346e-01 4.306129477611939649e-01 3.778391026052719814e-01 4.296459262295082571e-01 3.901322788174164113e-01 4.527536884057971056e-01 3.817798000526465008e-01 4.545306287295347580e-01 3.921847839207909248e-01 0.000000000000000000e+00 3.189593732514832136e-01 4.466062937907113173e-01 3.714758856302379786e-01 4.424839705513891053e-01 3.485003679833355572e-01 0.000000000000000000e+00 3.979763495760053615e-01 4.366640459435012778e-01 0.000000000000000000e+00 0.000000000000000000e+00 3.859574703197743428e-01 0.000000000000000000e+00 0.000000000000000000e+00 0.000000000000000000e+00 3.923442184634025609e-01 4.461411626665825469e-01 0.000000000000000000e+00 0.000000000000000000e+00 3.833644215821416235e-01 0.000000000000000000e+00 4.145046604054859474e-01 4.121374999999999900e-01 0.000000000000000000e+00 0.000000000000000000e+00 4.228448137674662988e-01 0.000000000000000000e+00 0.000000000000000000e+00 0.000000000000000000e+00 4.383379153846153620e-01 0.000000000000000000e+00 0.000000000000000000e+00 0.000000000000000000e+00 4.280022608695652209e-01 3.918242733333333616e-01 4.694737117117117053e-01 0.000000000000000000e+00 0.000000000000000000e+00 4.021845000000000003e-01 0.000000000000000000e+00 0.000000000000000000e+00 0.000000000000000000e+00 0.000000000000000000e+00 0.000000000000000000e+00 0.000000000000000000e+00 0.000000000000000000e+00 0.000000000000000000e+00
4.358081533783214057e-01 2.988420019907215841e-01 4.382715990187402433e-01 3.192604342369557147e-01 4.238702989193847137e-01 2.982333395732928438e-01 4.293287200181759578e-01 2.490745114330306376e-01 4.429379100140637959e-01 2.770415418784132888e-01 4.304239858347604919e-01 3.004534984871175540e-01 4.281234599545100661e-01 2.772482685231242305e-01 4.466622666666665853e-01 3.113870306864767734e-01 4.339125842720837345e-01 3.571707008279050855e-01 4.435989235584882895e-01 3.785560617017763585e-01 0.000000000000000000e+00 0.000000000000000000e+00 4.409792572692292079e-01 3.559753890225542117e-01 4.225031068315568406e-01 3.681877993068925492e-01 3.972781939338235202e-01 0.000000000000000000e+00 4.394432603353081723e-01 3.133371910497903534e-01 3.960955060948333495e-01 3.426005880107099721e-01 4.561922828144388542e-01 3.712640457506661273e-01 3.481520086956521598e-01 0.000000000000000000e+00 0.000000000000000000e+00 4.417363677873581418e-01 0.000000000000000000e+00 4.949154301546186407e-01 0.000000000000000000e+00 0.000000000000000000e+00 4.179214431818181197e-01 3.818624743399809951e-01 0.000000000000000000e+00 3.351319922061312684e-01 0.000000000000000000e+00 3.676267524874443637e-01 0.000000000000000000e+00 3.640443041829915516e-01 4.361529368421052655e-01 3.482715559206229772e-01 0.000000000000000000e+00 3.427094039255125790e-01 0.000000000000000000e+00 3.403572297278018577e-01 0.000000000000000000e+00 3.697527226274387457e-01 0.000000000000000000e+00 3.647515108956693730e-01 0.000000000000000000e+00 3.726336886580208785e-01 4.177018903722244936e-01 3.905342301813853889e-01 0.000000000000000000e+00 3.608378773637501702e-01 4.411715893817207967e-01 3.853072955643901398e-01 0.000000000000000000e+00 4.145951949152541505e-01 4.393651548231780612e-01 3.097977135794665049e-01 4.564874086682739751e-01 3.591456988395087535e-01 0.000000000000000000e+00 3.423787570535236635e-01 4.490499089708025471e-01 3.806896006943008559e-01 0.000000000000000000e+00 0.000000000000000000e+00 4.716846912751677667e-01 3.823234221217074458e-01 0.000000000000000000e+00 0.000000000000000000e+00 4.199078321678321180e-01 3.731151882950901610e-01 0.000000000000000000e+00 0.000000000000000000e+00 0.000000000000000000e+00 3.754862945357880788e-01 0.000000000000000000e+00 4.485461600405092897e-01 0.000000000000000000e+00 0.000000000000000000e+00 4.169773465277777369e-01 0.000000000000000000e+00 0.000000000000000000e+00 0.000000000000000000e+00 0.000000000000000000e+00 4.234106419753086437e-01 0.000000000000000000e+00 0.000000000000000000e+00 0.000000000000000000e+00 3.755373241379310056e-01 0.000000000000000000e+00 0.000000000000000000e+00 0.000000000000000000e+00 0.000000000000000000e+00 0.000000000000000000e+00 0.000000000000000000e+00 0.000000000000000000e+00 0.000000000000000000e+00 0.000000000000000000e+00 0.000000000000000000e+00 0.000000000000000000e+00 0.000000000000000000e+00
4.459415562130177313e-01 0.000000000000000000e+00 3.070808662621944962e-01 4.256654618307611493e-01 1.742866132755935271e-01 4.364955973160073444e-01 2.484164347634288394e-01 4.429379100140637959e-01 2.343988905713750570e-01 4.232186089270333906e-01 0.000000000000000000e+00 0.000000000000000000e+00 2.772330416296334699e-01 0.000000000000000000e+00 2.597140886054615794e-01 0.000000000000000000e+00 0.000000000000000000e+00 0.000000000000000000e+00 0.000000000000000000e+00 0.000000000000000000e+00 0.000000000000000000e+00 0.000000000000000000e+00 2.945467528167463045e-01 4.375186669492215352e-01 3.049273295931399508e-01 0.000000000000000000e+00 2.141184043073676990e-01 0.000000000000000000e+00 3.276861928891018905e-01 0.000000000000000000e+00 0.000000000000000000e+00 4.179783544403725126e-01 3.579022037037036252e-01 0.000000000000000000e+00 0.000000000000000000e+00 0.000000000000000000e+00 0.000000000000000000e+00 0.000000000000000000e+00 0.000000000000000000e+00 0.000000000000000000e+00 0.000000000000000000e+00 0.000000000000000000e+00 4.454749078014184072e-01 0.000000000000000000e+00 0.000000000000000000e+00 0.000000000000000000e+00 4.612196710912704334e-01 0.000000000000000000e+00 4.496673285714286039e-01 0.000000000000000000e+00 4.509647643146327267e-01 0.000000000000000000e+00 0.000000000000000000e+00 0.000000000000000000e+00 0.000000000000000000e+00 0.000000000000000000e+00 4.026786838709677796e-01 0.000000000000000000e+00 4.407146666666666990e-01 4.778029444444443774e-01 0.000000000000000000e+00 0.000000000000000000e+00 0.000000000000000000e+00 0.000000000000000000e+00 0.000000000000000000e+00 0.000000000000000000e+00 0.000000000000000000e+00 0.000000000000000000e+00 4.645991081081080609e-01 0.000000000000000000e+00 2.896227436569177027e-01 0.000000000000000000e+00 3.334304717973033960e-01 4.466328960644676549e-01 3.159918249996630513e-01 0.000000000000000000e+00 3.522810008936893000e-01 0.000000000000000000e+00 0.000000000000000000e+00 0.000000000000000000e+00 4.038904975303952427e-01 0.000000000000000000e+00 3.915135844507980911e-01 0.000000000000000000e+00 4.001709424239264234e-01 0.000000000000000000e+00 3.871669087719298297e-01 0.000000000000000000e+00 3.880541847514080711e-01 0.000000000000000000e+00 0.000000000000000000e+00 0.000000000000000000e+00 0.000000000000000000e+00 0.000000000000000000e+00 0.000000000000000000e+00 0.000000000000000000e+00 0.000000000000000000e+00 0.000000000000000000e+00 0.000000000000000000e+00 0.000000000000000000e+00 0.000000000000000000e+00 0.000000000000000000e+00 0.000000000000000000e+00 0.000000000000000000e+00 0.000000000000000000e+00 0.000000000000000000e+00 0.000000000000000000e+00 0.000000000000000000e+00 0.000000000000000000e+00 0.000000000000000000e+00 0.000000000000000000e+00 0.000000000000000000e+00 0.000000000000000000e+00 0.000000000000000000e+00 0.000000000000000000e+00 0.000000000000000000e+00
0.000000000000000000e+00 3.211703542124542121e-01 4.328736119080583422e-01 3.083155599803693581e-01 4.307344846031720409e-01 1.840080131177975475e-01 4.118903889724310763e-01 2.770415418784132888e-01 4.232186089270333906e-01 2.118866706095652030e-01 0.000000000000000000e+00 3.331985804347989966e-01 0.000000000000000000e+00 3.177542615475409393e-01 0.000000000000000000e+00 2.393646472665744152e-01 0.000000000000000000e+00 3.307154555555555375e-01 0.000000000000000000e+00 0.000000000000000000e+00 0.000000000000000000e+00 0.000000000000000000e+00 4.246829417554837671e-01 0.000000000000000000e+00 4.389852984400656188e-01 0.000000000000000000e+00 0.000000000000000000e+00 0.000000000000000000e+00 0.000000000000000000e+00 3.182520630816368934e-01 3.759468272270338751e-01 3.295004916266996986e-01 0.000000000000000000e+00 0.000000000000000000e+00 0.000000000000000000e+00 0.000000000000000000e+00 0.000000000000000000e+00 0.000000000000000000e+00 0.000000000000000000e+00 0.000000000000000000e+00 0.000000000000000000e+00 0.000000000000000000e+00 0.000000000000000000e+00 0.000000000000000000e+00 0.000000000000000000e+00 3.150005369127516497e-01 0.000000000000000000e+00 0.000000000000000000e+00 0.000000000000000000e+00 0.000000000000000000e+00 0.000000000000000000e+00 0.000000000000000000e+00 0.000000000000000000e+00 0.000000000000000000e+00 0.000000000000000000e+00 4.216268679245283590e-01 0.000000000000000000e+00 3.225485259698542273e-01 0.000000000000000000e+00 0.000000000000000000e+00 0.000000000000000000e+00 3.283020070921985889e-01 0.000000000000000000e+00 0.000000000000000000e+00 0.000000000000000000e+00 0.000000000000000000e+00 0.000000000000000000e+00 0.000000000000000000e+00 0.000000000000000000e+00 0.000000000000000000e+00 0.000000000000000000e+00 3.152445437731933864e-01 0.000000000000000000e+00 3.287152473129190677e-01 0.000000000000000000e+00 3.061832575343650942e-01 4.412431403508771388e-01 3.791974528554427071e-01 0.000000000000000000e+00 0.000000000000000000e+00 0.000000000000000000e+00 3.863393517432034963e-01 0.000000000000000000e+00 0.000000000000000000e+00 0.000000000000000000e+00 3.861602439776312679e-01 0.000000000000000000e+00 0.000000000000000000e+00 0.000000000000000000e+00 3.961449459253508221e-01 0.000000000000000000e+00 0.000000000000000000e+00 0.000000000000000000e+00 0.000000000000000000e+00 0.000000000000000000e+00 0.000000000000000000e+00 0.000000000000000000e+00 0.000000000000000000e+00 0.000000000000000000e+00 0.000000000000000000e+00 0.000000000000000000e+00 0.000000000000000000e+00 0.000000000000000000e+00 0.000000000000000000e+00 0.000000000000000000e+00 0.000000000000000000e+00 0.000000000000000000e+00 0.000000000000000000e+00 0.000000000000000000e+00 0.000000000000000000e+00 0.000000000000000000e+00 0.000000000000000000e+00 0.000000000000000000e+00 0.000000000000000000e+00 0.000000000000000000e+00 0.000000000000000000e+00
3.288886636475815139e-01 4.335389285686293559e-01 3.695328065564524311e-01 4.543402997312089298e-01 0.000000000000000000e+00 0.000000000000000000e+00 3.063229197129263004e-01 4.304239858347604919e-01 0.000000000000000000e+00 0.000000000000000000e+00 2.636786916385353008e-01 4.305034735339168250e-01 3.003636270082496451e-01 4.179023586956521763e-01 3.778856680555555680e-01 0.000000000000000000e+00 3.393702307142218433e-01 4.425735605833034381e-01 3.911511142972196042e-01 4.584942090867565878e-01 0.000000000000000000e+00 0.000000000000000000e+00 3.738719032618409988e-01 4.523229428721624590e-01 3.324384736842105337e-01 0.000000000000000000e+00 0.000000000000000000e+00 0.000000000000000000e+00 3.053854477113163157e-01 4.001765694444444077e-01 3.883225762810489368e-01 4.105047178206154279e-01 3.709010204714880965e-01 4.597746013639709695e-01 4.321440991304347223e-01 0.000000000000000000e+00 0.000000000000000000e+00 0.000000000000000000e+00 0.000000000000000000e+00 0.000000000000000000e+00 0.000000000000000000e+00 0.000000000000000000e+00 0.000000000000000000e+00 0.000000000000000000e+00 0.000000000000000000e+00 0.000000000000000000e+00 0.000000000000000000e+00 0.000000000000000000e+00 3.604470923076923405e-01 0.000000000000000000e+00 4.117920201565626881e-01 0.000000000000000000e+00 0.000000000000000000e+00 0.000000000000000000e+00 4.262223931623931872e-01 0.000000000000000000e+00 3.751554954478767967e-01 0.000000000000000000e+00 4.184190829050157823e-01 0.000000000000000000e+00 4.042366675850974089e-01 0.000000000000000000e+00 4.006509684225015300e-01 0.000000000000000000e+00 4.213004181527137959e-01 0.000000000000000000e+00 4.041910811728725572e-01 0.000000000000000000e+00 0.000000000000000000e+00 0.000000000000000000e+00 3.436993899883443726e-01 4.383121963092124762e-01 3.990327924351650402e-01 4.504791116638187098e-01 3.702034967448580849e-01 0.000000000000000000e+00 4.070431850092367521e-01 4.550637378464128524e-01 0.000000000000000000e+00 0.000000000000000000e+00 4.000993984504483958e-01 0.000000000000000000e+00 0.000000000000000000e+00 0.000000000000000000e+00 4.177049400114122846e-01 0.000000000000000000e+00 0.000000000000000000e+00 0.000000000000000000e+00 4.070094578537021834e-01 0.000000000000000000e+00 0.000000000000000000e+00 0.000000000000000000e+00 0.000000000000000000e+00 0.000000000000000000e+00 0.000000000000000000e+00 0.000000000000000000e+00 0.000000000000000000e+00 0.000000000000000000e+00 0.000000000000000000e+00 0.000000000000000000e+00 0.000000000000000000e+00 0.000000000000000000e+00 0.000000000000000000e+00 0.000000000000000000e+00 0.000000000000000000e+00 0.000000000000000000e+00 0.000000000000000000e+00 0.000000000000000000e+00 0.000000000000000000e+00 0.000000000000000000e+00 0.000000000000000000e+00 0.000000000000000000e+00 0.000000000000000000e+00 0.000000000000000000e+00 0.000000000000000000e+00 0.000000000000000000e+00
0.000000000000000000e+00 3.013560322557333193e-01 4.334024360776894680e-01 3.588762068295417440e-01 0.000000000000000000e+00 3.411493505434782247e-01 4.232697461865747024e-01 3.004534984871175540e-01 0.000000000000000000e+00 3.331985804347989966e-01 4.305034735339168250e-01 2.415573514591952409e-01 4.397270110251770281e-01 2.894053213896085608e-01 0.000000000000000000e+00 3.292931083847402407e-01 4.462728467781007513e-01 3.157950843110421957e-01 4.440931684678718350e-01 3.792120893458678643e-01 0.000000000000000000e+00 0.000000000000000000e+00 4.444513070977196834e-01 3.612286305098015848e-01 0.000000000000000000e+00 0.000000000000000000e+00 0.000000000000000000e+00 0.000000000000000000e+00 4.383094284722222067e-01 2.924316913137540719e-01 3.928288728214996417e-01 3.506792742185189660e-01 4.444134776397515307e-01 3.560546637557050476e-01 0.000000000000000000e+00 0.000000000000000000e+00 0.000000000000000000e+00 5.083828980030722366e-01 0.000000000000000000e+00 5.130651830985915041e-01 0.000000000000000000e+00 0.000000000000000000e+00 0.000000000000000000e+00 0.000000000000000000e+00 0.000000000000000000e+00 0.000000000000000000e+00 0.000000000000000000e+00 0.000000000000000000e+00 0.000000000000000000e+00 4.091870245901638725e-01 0.000000000000000000e+00 3.788020425194053020e-01 0.000000000000000000e+00 3.644395775862068754e-01 0.000000000000000000e+00 4.308376396396397245e-01 0.000000000000000000e+00 3.461063845154786489e-01 0.000000000000000000e+00 4.182482816901408329e-01 0.000000000000000000e+00 3.907159831636353164e-01 0.000000000000000000e+00 3.937272363919496199e-01 0.000000000000000000e+00 3.989138491036207101e-01 0.000000000000000000e+00 3.997061954902436098e-01 4.496374086956521632e-01 3.999587634408602321e-01 4.604928775510204741e-01 3.335235334374135885e-01 4.590195412458163982e-01 3.799891565016133010e-01 4.177141904761905722e-01 3.633583124999999470e-01 0.000000000000000000e+00 4.096743954125123821e-01 0.000000000000000000e+00 0.000000000000000000e+00 0.000000000000000000e+00 4.010830550852690912e-01 0.000000000000000000e+00 0.000000000000000000e+00 0.000000000000000000e+00 4.102554692814539550e-01 0.000000000000000000e+00 0.000000000000000000e+00 0.000000000000000000e+00 4.051364399453843412e-01 0.000000000000000000e+00 4.781632777777776733e-01 0.000000000000000000e+00 0.000000000000000000e+00 0.000000000000000000e+00 0.000000000000000000e+00 0.000000000000000000e+00 0.000000000000000000e+00 0.000000000000000000e+00 0.000000000000000000e+00 0.000000000000000000e+00 0.000000000000000000e+00 0.000000000000000000e+00 0.000000000000000000e+00 0.000000000000000000e+00 0.000000000000000000e+00 0.000000000000000000e+00 0.000000000000000000e+00 0.000000000000000000e+00 0.000000000000000000e+00 0.000000000000000000e+00 0.000000000000000000e+00 0.000000000000000000e+00 0.000000000000000000e+00 0.000000000000000000e+00 0.000000000000000000e+00
3.622657437831304783e-01 4.415963285214348222e-01 3.338874820620673645e-01 4.456884566108930690e-01 3.182871777561666060e-01 4.130954444444444595e-01 3.098429922178335127e-01 4.281234599545100661e-01 2.772330416296334699e-01 0.000000000000000000e+00 3.003636270082496451e-01 4.397270110251770281e-01 2.397499566425160267e-01 4.279655597639822062e-01 2.237851213080979118e-01 4.325955278409090998e-01 3.783030249789099408e-01 4.350459705260967258e-01 3.644011132579636492e-01 4.603432600000000874e-01 0.000000000000000000e+00 0.000000000000000000e+00 3.431946797249468273e-01 4.416478032172603263e-01 3.351586886237593044e-01 0.000000000000000000e+00 3.359866095238095984e-01 0.000000000000000000e+00 3.092422736288175655e-01 4.558216582278481477e-01 3.839035396797773059e-01 4.390645516987244923e-01 3.712265309618076325e-01 4.554906984406439374e-01 0.000000000000000000e+00 0.000000000000000000e+00 4.103861232876712672e-01 0.000000000000000000e+00 0.000000000000000000e+00 0.000000000000000000e+00 0.000000000000000000e+00 0.000000000000000000e+00 4.414996523333333256e-01 0.000000000000000000e+00 0.000000000000000000e+00 0.000000000000000000e+00 4.446504805696253615e-01 0.000000000000000000e+00 3.650830436974789039e-01 0.000000000000000000e+00 4.110505827329772877e-01 0.000000000000000000e+00 4.307341888095238547e-01 0.000000000000000000e+00 4.048162629608855201e-01 0.000000000000000000e+00 4.059988317877870623e-01 0.000000000000000000e+00 4.134617226439432636e-01 0.000000000000000000e+00 4.135447814539329747e-01 0.000000000000000000e+00 3.993977576310414057e-01 4.364644913294797313e-01 4.174323606085904026e-01 0.000000000000000000e+00 3.868108801169302668e-01 0.000000000000000000e+00 4.175343291670734480e-01 0.000000000000000000e+00 3.318964357499155637e-01 0.000000000000000000e+00 3.742225985248090470e-01 4.395501984323141875e-01 3.632786719334709091e-01 3.874162717391304023e-01 3.866813990247721655e-01 3.790121140873015659e-01 0.000000000000000000e+00 0.000000000000000000e+00 3.971999516436489075e-01 0.000000000000000000e+00 4.384508779069766771e-01 0.000000000000000000e+00 4.082809686113151870e-01 0.000000000000000000e+00 0.000000000000000000e+00 0.000000000000000000e+00 4.024335942719477477e-01 0.000000000000000000e+00 4.079588593547098241e-01 0.000000000000000000e+00 0.000000000000000000e+00 0.000000000000000000e+00 3.957514361702128003e-01 0.000000000000000000e+00 0.000000000000000000e+00 0.000000000000000000e+00 0.000000000000000000e+00 4.287085911123179049e-01 0.000000000000000000e+00 0.000000000000000000e+00 3.794749084967320440e-01 4.298022351381276529e-01 0.000000000000000000e+00 0.000000000000000000e+00 0.000000000000000000e+00 0.000000000000000000e+00 0.000000000000000000e+00 0.000000000000000000e+00 0.000000000000000000e+00 0.000000000000000000e+00 0.000000000000000000e+00 0.000000000000000000e+00 0.000000000000000000e+00 0.000000000000000000e+00
