2.796639730650109512e-01 4.742898799876816285e-01 3.940065129245646780e-01 4.783522595813338163e-01 3.734838854042577538e-01 0.000000000000000000e+00 3.296073980594862451e-01 4.704852091377924039e-01 3.621079242677716081e-01 0.000000000000000000e+00 3.234197745746214547e-01 4.665303962342932653e-01 3.709261340979219113e-01 4.611051490946261877e-01 4.009873521601109991e-01 0.000000000000000000e+00 2.931672181579981773e-01 4.671784824896476063e-01 4.034381431939544904e-01 4.885775043005842200e-01 0.000000000000000000e+00 0.000000000000000000e+00 4.077183138921747219e-01 4.471581886792452276e-01 0.000000000000000000e+00 0.000000000000000000e+00 0.000000000000000000e+00 0.000000000000000000e+00 3.893173259633133654e-01 4.873292733133725019e-01 3.844671789863762790e-01 4.503944691282365520e-01 3.997295162220637077e-01 4.731670348484568467e-01 4.349261273482951662e-01 0.000000000000000000e+00 4.839045645427462738e-01 5.339006478279639811e-01 0.000000000000000000e+00 0.000000000000000000e+00 0.000000000000000000e+00 0.000000000000000000e+00 0.000000000000000000e+00 0.000000000000000000e+00 4.173698470588235176e-01 4.614506068965517072e-01 0.000000000000000000e+00 0.000000000000000000e+00 4.010745562260875086e-01 4.584841758552445912e-01 3.863738298884364930e-01 4.542734828503409150e-01 3.918944725274725038e-01 0.000000000000000000e+00 3.954262410962155472e-01 0.000000000000000000e+00 3.295161460521630614e-01 4.667598082516297708e-01 4.055819678341113788e-01 4.607523199185864504e-01 3.862980226439395870e-01 0.000000000000000000e+00 3.448840149572995895e-01 0.000000000000000000e+00 4.014777431246893680e-01 4.414813267326731516e-01 4.136045795151168658e-01 5.151856000990379103e-01 3.810348019215643034e-01 5.039484081515583913e-01 3.418758316876445158e-01 5.034103335620011554e-01 3.897516463147180366e-01 4.634379627329038853e-01 3.996023056237338333e-01 4.713648901098900779e-01 3.982495671779917590e-01 4.588090124414775928e-01 3.694257948717948881e-01 0.000000000000000000e+00 4.113806786793377523e-01 4.954269548319327754e-01 0.000000000000000000e+00 0.000000000000000000e+00 4.092114491857029579e-01 4.577545948275861809e-01 4.256809677419354232e-01 0.000000000000000000e+00 4.199660829674324858e-01 4.451422437499999996e-01 4.460475402503260023e-01 4.410898174267175453e-01 0.000000000000000000e+00 0.000000000000000000e+00 0.000000000000000000e+00 0.000000000000000000e+00 4.216044044943820790e-01 0.000000000000000000e+00 0.000000000000000000e+00 0.000000000000000000e+00 0.000000000000000000e+00 0.000000000000000000e+00 4.250039823003093353e-01 4.643369219858156649e-01 4.321106034123149975e-01 0.000000000000000000e+00 0.000000000000000000e+00 0.000000000000000000e+00 0.000000000000000000e+00 0.000000000000000000e+00 0.000000000000000000e+00 0.000000000000000000e+00 0.000000000000000000e+00 0.000000000000000000e+00 3.745607941176470335e-01 0.000000000000000000e+00
4.742898799876816285e-01 3.125980594551047154e-01 5.048131730189129307e-01 3.257438823977349407e-01 0.000000000000000000e+00 0.000000000000000000e+00 4.731775153665755962e-01 3.565134834512107553e-01 0.000000000000000000e+00 3.926077907679033641e-01 4.932459567600631090e-01 3.340945891690904057e-01 4.615800365853658938e-01 3.660041591349293966e-01 0.000000000000000000e+00 3.761994875700264140e-01 4.688007481383210662e-01 3.709982429249437663e-01 4.999184811577075394e-01 3.811891062274295749e-01 0.000000000000000000e+00 0.000000000000000000e+00 4.175536083333332704e-01 3.898268697793149107e-01 0.000000000000000000e+00 0.000000000000000000e+00 0.000000000000000000e+00 0.000000000000000000e+00 4.761799269856160643e-01 4.102787385811420551e-01 4.312174510045624354e-01 4.097264400000000251e-01 4.928030368726271648e-01 4.474427204449110129e-01 4.684577020879467923e-01 4.362096359649123012e-01 5.274060714920546511e-01 4.992682521382831307e-01 5.760591171171172142e-01 5.006715362318840956e-01 0.000000000000000000e+00 0.000000000000000000e+00 0.000000000000000000e+00 0.000000000000000000e+00 0.000000000000000000e+00 4.065065502117450325e-01 0.000000000000000000e+00 0.000000000000000000e+00 0.000000000000000000e+00 3.862989473644142802e-01 4.783662313432836544e-01 3.921125706301203939e-01 0.000000000000000000e+00 0.000000000000000000e+00 0.000000000000000000e+00 4.034774516719840110e-01 4.836611469566425292e-01 3.300898499267298503e-01 4.871504741229824575e-01 4.330452109892458101e-01 4.880724520717684700e-01 4.056850199711858895e-01 4.784390429938827349e-01 3.822598858189667492e-01 4.652965641025640919e-01 4.213853631990237547e-01 4.898581290087472562e-01 4.257210096215159334e-01 5.152146430085307038e-01 3.682248063364976787e-01 5.092996672002684244e-01 3.858772086529511092e-01 4.718021525418020778e-01 4.030024135418434073e-01 0.000000000000000000e+00 4.202119710094967542e-01 4.657901434536856899e-01 4.062532610187808424e-01 0.000000000000000000e+00 4.116780757652416245e-01 5.248310666666666791e-01 4.372191457158006722e-01 0.000000000000000000e+00 0.000000000000000000e+00 4.531562260869565484e-01 4.211504719522710105e-01 0.000000000000000000e+00 0.000000000000000000e+00 4.651441731080251385e-01 4.313287043580808500e-01 4.348884489007511789e-01 4.931254237773635696e-01 0.000000000000000000e+00 5.094915714285714881e-01 0.000000000000000000e+00 4.487527883640498039e-01 0.000000000000000000e+00 0.000000000000000000e+00 0.000000000000000000e+00 4.642109337758811294e-01 0.000000000000000000e+00 5.387934188034187999e-01 4.442220143050963910e-01 4.582883697239282239e-01 0.000000000000000000e+00 4.834328766205229222e-01 0.000000000000000000e+00 0.000000000000000000e+00 0.000000000000000000e+00 0.000000000000000000e+00 4.310566173913042975e-01 0.000000000000000000e+00 0.000000000000000000e+00 0.000000000000000000e+00 0.000000000000000000e+00 4.431007938144330138e-01
3.940065129245646780e-01 5.048131730189129307e-01 2.654108681126827185e-01 4.790461127350584825e-01 2.117137468376487641e-01 4.552634454325485414e-01 3.253887743445306180e-01 4.553177082941758935e-01 2.933058297360559563e-01 4.382946744604028222e-01 3.924712063363029468e-01 4.760047983464444910e-01 3.532516365601032216e-01 4.550631583212669251e-01 3.376802496176743995e-01 4.588847164082365815e-01 3.994056849612779292e-01 4.991657011474469607e-01 2.958413017719326854e-01 5.053208855914342879e-01 0.000000000000000000e+00 4.044742716049383180e-01 2.757883173935904986e-01 4.449814296632620958e-01 2.470378525279153525e-01 4.432164375219964092e-01 3.183508229206372109e-01 0.000000000000000000e+00 3.905795353142402226e-01 4.683308696621418799e-01 3.694814185043326926e-01 4.273277226557029573e-01 4.175413723254922660e-01 4.900105760087704598e-01 0.000000000000000000e+00 0.000000000000000000e+00 4.701758655612729432e-01 4.500958510638298216e-01 0.000000000000000000e+00 0.000000000000000000e+00 0.000000000000000000e+00 0.000000000000000000e+00 4.209588776978417934e-01 0.000000000000000000e+00 3.975551303903202549e-01 0.000000000000000000e+00 0.000000000000000000e+00 0.000000000000000000e+00 3.912489873152438791e-01 0.000000000000000000e+00 3.833054287120440384e-01 0.000000000000000000e+00 0.000000000000000000e+00 0.000000000000000000e+00 3.850684067427278534e-01 0.000000000000000000e+00 4.254829717545697831e-01 4.688563123860097215e-01 4.608994365335357668e-01 5.026078621227941801e-01 4.058654076842481695e-01 0.000000000000000000e+00 3.660404615692364749e-01 0.000000000000000000e+00 3.648433931376000028e-01 0.000000000000000000e+00 4.543601400130553025e-01 4.889269974755958703e-01 4.020445473772979450e-01 5.009459473684211295e-01 3.646833243092565957e-01 4.901117990602763541e-01 3.762931835269080483e-01 4.727502414873922532e-01 3.685259939519731631e-01 3.986972854239256847e-01 4.088263391574162298e-01 4.646177810039205935e-01 3.708093604651162556e-01 0.000000000000000000e+00 3.717259707232834498e-01 0.000000000000000000e+00 0.000000000000000000e+00 0.000000000000000000e+00 3.759362803255434926e-01 0.000000000000000000e+00 0.000000000000000000e+00 0.000000000000000000e+00 3.791176395545433619e-01 0.000000000000000000e+00 0.000000000000000000e+00 0.000000000000000000e+00 0.000000000000000000e+00 0.000000000000000000e+00 0.000000000000000000e+00 0.000000000000000000e+00 4.285105666666666480e-01 0.000000000000000000e+00 4.319096454545455765e-01 5.162041739130435181e-01 0.000000000000000000e+00 0.000000000000000000e+00 4.146706156600513116e-01 3.870640753968254133e-01 4.020453008813281159e-01 4.409893478260869526e-01 0.000000000000000000e+00 0.000000000000000000e+00 0.000000000000000000e+00 0.000000000000000000e+00 0.000000000000000000e+00 0.000000000000000000e+00 0.000000000000000000e+00 0.000000000000000000e+00 0.000000000000000000e+00 0.000000000000000000e+00
4.783522595813338163e-01 3.257438823977349407e-01 4.790461127350584825e-01 2.445818119019267656e-01 4.426244058795073544e-01 3.215479221440694646e-01 4.588037571034880302e-01 3.347359927524146683e-01 4.196737621524592177e-01 3.709933079972106973e-01 4.458266298771376701e-01 3.871393163987845165e-01 4.495917558181900531e-01 3.686274827160754275e-01 4.579352730952381823e-01 3.329938576254181104e-01 4.712829870680691480e-01 4.187005981228283380e-01 4.928543382936280137e-01 2.992325195849986352e-01 0.000000000000000000e+00 0.000000000000000000e+00 4.508852690832316212e-01 2.443829564870219351e-01 4.270203946843853515e-01 1.691170453433931964e-01 4.264820360360360163e-01 2.916431018258547336e-01 4.695801876315047751e-01 3.871178264054740970e-01 4.213760634246726533e-01 2.932938610192845630e-01 4.804498810468464387e-01 4.159456249158050567e-01 0.000000000000000000e+00 4.505395561931884174e-01 5.243618631650752704e-01 4.685330885065516759e-01 0.000000000000000000e+00 4.198483140495868349e-01 0.000000000000000000e+00 0.000000000000000000e+00 0.000000000000000000e+00 0.000000000000000000e+00 0.000000000000000000e+00 4.133433273730677260e-01 0.000000000000000000e+00 0.000000000000000000e+00 0.000000000000000000e+00 3.961975688262691642e-01 0.000000000000000000e+00 3.849064654941755093e-01 0.000000000000000000e+00 0.000000000000000000e+00 0.000000000000000000e+00 3.903230922077922105e-01 0.000000000000000000e+00 4.095992146309020976e-01 4.888036825923638418e-01 4.505207518791638499e-01 4.928910432432431765e-01 4.100128824960016516e-01 0.000000000000000000e+00 4.237096080052275560e-01 0.000000000000000000e+00 3.812297601394639135e-01 4.722784098327212909e-01 4.488846556857559178e-01 5.179428775660185336e-01 4.135636295029811449e-01 4.607781060556770947e-01 3.590823671867803268e-01 4.470557709367943278e-01 3.834083533386965503e-01 0.000000000000000000e+00 3.468988667932252912e-01 4.599433779765447206e-01 4.094955272889643783e-01 0.000000000000000000e+00 0.000000000000000000e+00 5.028214367088607029e-01 3.904776716329077524e-01 0.000000000000000000e+00 0.000000000000000000e+00 0.000000000000000000e+00 3.728419824371909663e-01 0.000000000000000000e+00 0.000000000000000000e+00 4.869464562499999372e-01 3.756134950980973275e-01 0.000000000000000000e+00 4.448151605839416045e-01 0.000000000000000000e+00 0.000000000000000000e+00 0.000000000000000000e+00 4.483459052631580399e-01 0.000000000000000000e+00 4.580763454545452862e-01 0.000000000000000000e+00 0.000000000000000000e+00 0.000000000000000000e+00 0.000000000000000000e+00 0.000000000000000000e+00 0.000000000000000000e+00 4.454706306306305819e-01 4.159880319120844994e-01 0.000000000000000000e+00 0.000000000000000000e+00 0.000000000000000000e+00 0.000000000000000000e+00 0.000000000000000000e+00 0.000000000000000000e+00 0.000000000000000000e+00 0.000000000000000000e+00 4.160285102040816585e-01 0.000000000000000000e+00
3.734838854042577538e-01 0.000000000000000000e+00 2.117137468376487641e-01 4.426244058795073544e-01 2.100348053397523562e-01 4.526640723809523537e-01 2.773189024657096158e-01 0.000000000000000000e+00 2.102287842043095711e-01 0.000000000000000000e+00 3.407937333333332375e-01 0.000000000000000000e+00 3.015937008411421760e-01 0.000000000000000000e+00 2.971475856271588167e-01 4.598626031467661357e-01 3.572879924380703565e-01 0.000000000000000000e+00 3.901980875000000126e-01 0.000000000000000000e+00 0.000000000000000000e+00 3.272932682926829595e-01 2.375957197904909612e-01 4.431291422732968610e-01 1.859447601716221199e-01 4.232893003463230053e-01 3.027736459657929258e-01 0.000000000000000000e+00 3.237223876909227083e-01 0.000000000000000000e+00 3.776408855587651825e-01 3.840405129257903338e-01 0.000000000000000000e+00 0.000000000000000000e+00 0.000000000000000000e+00 0.000000000000000000e+00 0.000000000000000000e+00 0.000000000000000000e+00 0.000000000000000000e+00 0.000000000000000000e+00 0.000000000000000000e+00 0.000000000000000000e+00 4.514076960731414623e-01 0.000000000000000000e+00 0.000000000000000000e+00 0.000000000000000000e+00 4.559600491803277866e-01 0.000000000000000000e+00 0.000000000000000000e+00 0.000000000000000000e+00 4.134922697738422914e-01 0.000000000000000000e+00 0.000000000000000000e+00 0.000000000000000000e+00 3.798005277777777855e-01 0.000000000000000000e+00 4.105768711829176354e-01 0.000000000000000000e+00 0.000000000000000000e+00 0.000000000000000000e+00 3.781759636595582452e-01 0.000000000000000000e+00 0.000000000000000000e+00 0.000000000000000000e+00 3.609083070866141996e-01 0.000000000000000000e+00 4.697323999999999944e-01 0.000000000000000000e+00 0.000000000000000000e+00 0.000000000000000000e+00 3.594297259642067477e-01 4.822103922371403506e-01 3.479300136874140525e-01 0.000000000000000000e+00 3.378511771993870649e-01 3.987154866666666186e-01 3.883999906597686014e-01 0.000000000000000000e+00 0.000000000000000000e+00 0.000000000000000000e+00 3.725838799498746301e-01 0.000000000000000000e+00 0.000000000000000000e+00 0.000000000000000000e+00 3.893993071881211021e-01 0.000000000000000000e+00 0.000000000000000000e+00 0.000000000000000000e+00 0.000000000000000000e+00 0.000000000000000000e+00 0.000000000000000000e+00 0.000000000000000000e+00 0.000000000000000000e+00 0.000000000000000000e+00 0.000000000000000000e+00 0.000000000000000000e+00 0.000000000000000000e+00 0.000000000000000000e+00 0.000000000000000000e+00 0.000000000000000000e+00 0.000000000000000000e+00 0.000000000000000000e+00 0.000000000000000000e+00 0.000000000000000000e+00 0.000000000000000000e+00 0.000000000000000000e+00 0.000000000000000000e+00 0.000000000000000000e+00 0.000000000000000000e+00 0.000000000000000000e+00 0.000000000000000000e+00 0.000000000000000000e+00 0.000000000000000000e+00 0.000000000000000000e+00 0.000000000000000000e+00 0.000000000000000000e+00
0.000000000000000000e+00 0.000000000000000000e+00 4.552634454325485414e-01 3.215479221440694646e-01 4.526640723809523537e-01 1.781666076047531966e-01 4.663774845070423614e-01 2.916587189189189799e-01 4.082087209302325825e-01 1.652818107553452875e-01 0.000000000000000000e+00 0.000000000000000000e+00 4.385564468085106360e-01 2.989571025641025726e-01 4.461698683203401683e-01 2.228315753988788228e-01 0.000000000000000000e+00 0.000000000000000000e+00 0.000000000000000000e+00 3.418659090909090814e-01 3.575633005952381094e-01 3.032447764581840954e-01 4.279536221260293871e-01 3.372389296307293782e-01 0.000000000000000000e+00 1.974856328850936871e-01 4.303755908699376520e-01 2.144539853094136472e-01 0.000000000000000000e+00 0.000000000000000000e+00 4.070092028656229211e-01 3.432229624782012212e-01 0.000000000000000000e+00 3.671159166666666529e-01 0.000000000000000000e+00 0.000000000000000000e+00 0.000000000000000000e+00 0.000000000000000000e+00 0.000000000000000000e+00 0.000000000000000000e+00 0.000000000000000000e+00 0.000000000000000000e+00 0.000000000000000000e+00 0.000000000000000000e+00 0.000000000000000000e+00 0.000000000000000000e+00 0.000000000000000000e+00 4.433980179784946518e-01 0.000000000000000000e+00 0.000000000000000000e+00 0.000000000000000000e+00 0.000000000000000000e+00 0.000000000000000000e+00 0.000000000000000000e+00 0.000000000000000000e+00 0.000000000000000000e+00 0.000000000000000000e+00 4.347440063829787205e-01 0.000000000000000000e+00 4.235118333333333651e-01 0.000000000000000000e+00 0.000000000000000000e+00 0.000000000000000000e+00 0.000000000000000000e+00 0.000000000000000000e+00 0.000000000000000000e+00 0.000000000000000000e+00 0.000000000000000000e+00 0.000000000000000000e+00 0.000000000000000000e+00 4.160309823755791170e-01 3.460006274866379017e-01 0.000000000000000000e+00 3.118552386827839751e-01 0.000000000000000000e+00 2.445608325300770991e-01 0.000000000000000000e+00 3.318412833200143353e-01 0.000000000000000000e+00 0.000000000000000000e+00 0.000000000000000000e+00 0.000000000000000000e+00 0.000000000000000000e+00 0.000000000000000000e+00 0.000000000000000000e+00 4.407598222222221529e-01 0.000000000000000000e+00 0.000000000000000000e+00 0.000000000000000000e+00 4.124281581564986920e-01 0.000000000000000000e+00 0.000000000000000000e+00 0.000000000000000000e+00 0.000000000000000000e+00 0.000000000000000000e+00 0.000000000000000000e+00 0.000000000000000000e+00 0.000000000000000000e+00 0.000000000000000000e+00 0.000000000000000000e+00 0.000000000000000000e+00 0.000000000000000000e+00 0.000000000000000000e+00 0.000000000000000000e+00 0.000000000000000000e+00 0.000000000000000000e+00 0.000000000000000000e+00 0.000000000000000000e+00 0.000000000000000000e+00 0.000000000000000000e+00 0.000000000000000000e+00 0.000000000000000000e+00 0.000000000000000000e+00 0.000000000000000000e+00 0.000000000000000000e+00 0.000000000000000000e+00
3.296073980594862451e-01 4.731775153665755962e-01 3.253887743445306180e-01 4.588037571034880302e-01 2.773189024657096158e-01 4.663774845070423614e-01 2.958799495785485179e-01 4.596978801430434691e-01 2.372668721633764410e-01 4.333331487499999524e-01 3.851548877843580243e-01 4.541366753708588333e-01 3.337447574579308629e-01 4.447801933507180561e-01 3.039191853865405579e-01 4.366749552465792328e-01 3.855801065097097524e-01 4.807239067460317705e-01 3.896314796637999622e-01 4.779108056420620643e-01 0.000000000000000000e+00 0.000000000000000000e+00 3.746356241142981269e-01 4.529624617603912329e-01 3.913654772727273023e-01 4.304816569490211298e-01 0.000000000000000000e+00 0.000000000000000000e+00 3.803903959842916405e-01 4.655051550327267140e-01 3.763861566897678257e-01 4.329191741851337594e-01 3.903612752988154799e-01 4.731480534948928618e-01 4.267596120289358086e-01 0.000000000000000000e+00 4.702463179771114721e-01 4.750384375000000214e-01 4.151581782945736876e-01 0.000000000000000000e+00 0.000000000000000000e+00 0.000000000000000000e+00 3.957801565305316682e-01 0.000000000000000000e+00 3.466684574468085200e-01 0.000000000000000000e+00 3.954207142857142920e-01 0.000000000000000000e+00 3.793070011053183421e-01 0.000000000000000000e+00 3.702277259681539534e-01 0.000000000000000000e+00 0.000000000000000000e+00 0.000000000000000000e+00 3.779615232439974548e-01 0.000000000000000000e+00 3.888755737582950123e-01 0.000000000000000000e+00 3.994720758505999059e-01 0.000000000000000000e+00 4.003642321338480303e-01 0.000000000000000000e+00 4.203596494580162379e-01 0.000000000000000000e+00 4.052104581390303939e-01 0.000000000000000000e+00 4.071821922819456874e-01 5.107620944881888780e-01 4.053714197661353325e-01 0.000000000000000000e+00 3.394245890575195990e-01 4.860523032972411950e-01 3.632483571788946430e-01 4.663424685995489760e-01 3.576873873920266012e-01 4.289493443449047816e-01 3.890796631299500707e-01 4.590430475117938669e-01 3.434315432098765664e-01 0.000000000000000000e+00 3.877455784889627943e-01 0.000000000000000000e+00 0.000000000000000000e+00 0.000000000000000000e+00 3.999957208255230379e-01 0.000000000000000000e+00 3.958765288968824625e-01 0.000000000000000000e+00 3.998321258765633046e-01 0.000000000000000000e+00 3.826931497005988669e-01 0.000000000000000000e+00 0.000000000000000000e+00 0.000000000000000000e+00 0.000000000000000000e+00 0.000000000000000000e+00 0.000000000000000000e+00 0.000000000000000000e+00 0.000000000000000000e+00 4.694033593749999955e-01 0.000000000000000000e+00 0.000000000000000000e+00 4.327697846153846228e-01 3.859223461538461297e-01 3.899041153846153351e-01 0.000000000000000000e+00 0.000000000000000000e+00 0.000000000000000000e+00 0.000000000000000000e+00 0.000000000000000000e+00 0.000000000000000000e+00 0.000000000000000000e+00 0.000000000000000000e+00 0.000000000000000000e+00 0.000000000000000000e+00 0.000000000000000000e+00
4.704852091377924039e-01 3.565134834512107553e-01 4.553177082941758935e-01 3.347359927524146683e-01 0.000000000000000000e+00 2.916587189189189799e-01 4.596978801430434691e-01 2.733968644278355065e-01 0.000000000000000000e+00 3.188623974200975875e-01 4.470845578409981536e-01 3.505531101966060659e-01 4.360131720512530618e-01 2.793171197036440345e-01 4.322969308688613399e-01 3.313731237894670945e-01 4.535937971941038649e-01 4.117707179417088303e-01 4.831987524361562314e-01 3.975463017616923111e-01 0.000000000000000000e+00 0.000000000000000000e+00 4.575700379473134904e-01 3.735485102559620296e-01 0.000000000000000000e+00 0.000000000000000000e+00 0.000000000000000000e+00 0.000000000000000000e+00 4.695390198082837196e-01 3.878292057902621437e-01 4.303184265035926437e-01 3.734458889915800994e-01 4.728188043940729224e-01 3.880965601591515046e-01 0.000000000000000000e+00 3.920678950221407888e-01 5.220030588235293756e-01 4.552751089164465692e-01 0.000000000000000000e+00 4.232002380952380460e-01 0.000000000000000000e+00 3.994523432835820342e-01 0.000000000000000000e+00 0.000000000000000000e+00 0.000000000000000000e+00 3.858264607094570309e-01 0.000000000000000000e+00 4.375159359999999942e-01 0.000000000000000000e+00 3.866327384505491294e-01 0.000000000000000000e+00 3.823908035804012839e-01 0.000000000000000000e+00 3.534585972222221706e-01 0.000000000000000000e+00 3.803541696600065691e-01 4.831322500000000963e-01 3.966623720268485642e-01 5.206968312500001028e-01 4.373391967376622502e-01 0.000000000000000000e+00 3.848262882571378274e-01 0.000000000000000000e+00 3.872212343608283369e-01 0.000000000000000000e+00 3.849893217393994260e-01 4.471894124967196738e-01 4.343039478151827226e-01 4.440574399418792950e-01 4.098744607183026356e-01 4.520518244653022877e-01 3.285657190681810502e-01 4.490014701286487164e-01 3.801272945132739833e-01 4.409196184210525948e-01 3.663184753177775588e-01 4.550271614693073285e-01 3.892204021907678113e-01 0.000000000000000000e+00 3.953090648148148700e-01 0.000000000000000000e+00 4.102320049327861651e-01 0.000000000000000000e+00 4.011977761194029934e-01 4.090558238580246364e-01 4.001726022613063538e-01 0.000000000000000000e+00 0.000000000000000000e+00 0.000000000000000000e+00 4.049400425657558866e-01 0.000000000000000000e+00 4.165160714101239225e-01 0.000000000000000000e+00 0.000000000000000000e+00 0.000000000000000000e+00 0.000000000000000000e+00 0.000000000000000000e+00 0.000000000000000000e+00 0.000000000000000000e+00 0.000000000000000000e+00 0.000000000000000000e+00 0.000000000000000000e+00 0.000000000000000000e+00 4.100559974946313968e-01 0.000000000000000000e+00 4.262547817058937594e-01 0.000000000000000000e+00 4.824959374999999717e-01 0.000000000000000000e+00 0.000000000000000000e+00 0.000000000000000000e+00 0.000000000000000000e+00 0.000000000000000000e+00 0.000000000000000000e+00 0.000000000000000000e+00 0.000000000000000000e+00
3.621079242677716081e-01 0.000000000000000000e+00 2.933058297360559563e-01 4.196737621524592177e-01 2.102287842043095711e-01 4.082087209302325825e-01 2.372668721633764410e-01 0.000000000000000000e+00 2.311555035206138142e-01 4.605666052631579022e-01 3.851569749785538899e-01 0.000000000000000000e+00 2.941011197735334814e-01 0.000000000000000000e+00 2.910510577239976970e-01 4.278755220344714338e-01 3.502106324702816686e-01 0.000000000000000000e+00 0.000000000000000000e+00 0.000000000000000000e+00 0.000000000000000000e+00 0.000000000000000000e+00 3.458410770724244521e-01 4.263269346896075840e-01 2.915029071428571483e-01 3.777544371951219171e-01 3.203773627469752583e-01 0.000000000000000000e+00 3.695662682961383116e-01 0.000000000000000000e+00 3.673156133277793445e-01 3.835198640530441683e-01 0.000000000000000000e+00 0.000000000000000000e+00 0.000000000000000000e+00 0.000000000000000000e+00 3.631477741935483783e-01 0.000000000000000000e+00 0.000000000000000000e+00 0.000000000000000000e+00 0.000000000000000000e+00 0.000000000000000000e+00 0.000000000000000000e+00 0.000000000000000000e+00 0.000000000000000000e+00 0.000000000000000000e+00 0.000000000000000000e+00 0.000000000000000000e+00 0.000000000000000000e+00 0.000000000000000000e+00 0.000000000000000000e+00 0.000000000000000000e+00 0.000000000000000000e+00 0.000000000000000000e+00 0.000000000000000000e+00 0.000000000000000000e+00 3.811463349703393400e-01 0.000000000000000000e+00 0.000000000000000000e+00 0.000000000000000000e+00 4.059665609483268933e-01 0.000000000000000000e+00 3.791339514652014575e-01 0.000000000000000000e+00 4.041641911813154131e-01 0.000000000000000000e+00 4.247222406015037643e-01 0.000000000000000000e+00 0.000000000000000000e+00 0.000000000000000000e+00 3.240609372111697972e-01 4.917322941176470730e-01 3.465010294250339684e-01 3.805489090909090488e-01 3.155135627362055661e-01 4.252147526881720485e-01 3.583138385092149436e-01 0.000000000000000000e+00 0.000000000000000000e+00 0.000000000000000000e+00 3.995145268817204554e-01 0.000000000000000000e+00 3.990115102040815986e-01 0.000000000000000000e+00 3.959320790389704858e-01 0.000000000000000000e+00 0.000000000000000000e+00 0.000000000000000000e+00 3.962873607776944418e-01 0.000000000000000000e+00 0.000000000000000000e+00 0.000000000000000000e+00 0.000000000000000000e+00 0.000000000000000000e+00 0.000000000000000000e+00 0.000000000000000000e+00 0.000000000000000000e+00 0.000000000000000000e+00 3.823024561403509103e-01 0.000000000000000000e+00 0.000000000000000000e+00 0.000000000000000000e+00 0.000000000000000000e+00 0.000000000000000000e+00 0.000000000000000000e+00 0.000000000000000000e+00 0.000000000000000000e+00 0.000000000000000000e+00 0.000000000000000000e+00 0.000000000000000000e+00 0.000000000000000000e+00 0.000000000000000000e+00 0.000000000000000000e+00 0.000000000000000000e+00 0.000000000000000000e+00 0.000000000000000000e+00
0.000000000000000000e+00 3.926077907679033641e-01 4.382946744604028222e-01 3.709933079972106973e-01 0.000000000000000000e+00 1.652818107553452875e-01 4.333331487499999524e-01 3.188623974200975875e-01 4.605666052631579022e-01 2.394526706993715948e-01 0.000000000000000000e+00 3.607718409055137299e-01 4.472444565217392198e-01 3.286092148751988962e-01 0.000000000000000000e+00 2.936034484092951979e-01 0.000000000000000000e+00 0.000000000000000000e+00 4.272944705882353311e-01 4.076517013828867553e-01 0.000000000000000000e+00 0.000000000000000000e+00 4.398031172221818497e-01 3.723042965517241454e-01 0.000000000000000000e+00 2.995875353204217606e-01 0.000000000000000000e+00 1.997087499835168145e-01 0.000000000000000000e+00 3.411633257575757971e-01 4.181449207200949592e-01 3.617995421648773080e-01 0.000000000000000000e+00 0.000000000000000000e+00 0.000000000000000000e+00 0.000000000000000000e+00 0.000000000000000000e+00 0.000000000000000000e+00 0.000000000000000000e+00 0.000000000000000000e+00 0.000000000000000000e+00 0.000000000000000000e+00 0.000000000000000000e+00 0.000000000000000000e+00 0.000000000000000000e+00 0.000000000000000000e+00 0.000000000000000000e+00 0.000000000000000000e+00 0.000000000000000000e+00 0.000000000000000000e+00 0.000000000000000000e+00 0.000000000000000000e+00 0.000000000000000000e+00 0.000000000000000000e+00 0.000000000000000000e+00 4.468343695652174374e-01 0.000000000000000000e+00 3.774142045454544903e-01 0.000000000000000000e+00 0.000000000000000000e+00 0.000000000000000000e+00 0.000000000000000000e+00 0.000000000000000000e+00 0.000000000000000000e+00 0.000000000000000000e+00 4.106361083333333606e-01 0.000000000000000000e+00 3.853401782945736209e-01 0.000000000000000000e+00 0.000000000000000000e+00 4.976596923076923584e-01 3.099162524405414398e-01 0.000000000000000000e+00 3.381311451486496700e-01 0.000000000000000000e+00 3.264173360360671516e-01 0.000000000000000000e+00 3.430796682642716089e-01 0.000000000000000000e+00 0.000000000000000000e+00 0.000000000000000000e+00 3.850800118163558161e-01 0.000000000000000000e+00 0.000000000000000000e+00 0.000000000000000000e+00 0.000000000000000000e+00 0.000000000000000000e+00 0.000000000000000000e+00 0.000000000000000000e+00 3.905202758282475539e-01 0.000000000000000000e+00 0.000000000000000000e+00 0.000000000000000000e+00 0.000000000000000000e+00 0.000000000000000000e+00 0.000000000000000000e+00 0.000000000000000000e+00 0.000000000000000000e+00 0.000000000000000000e+00 0.000000000000000000e+00 0.000000000000000000e+00 0.000000000000000000e+00 0.000000000000000000e+00 0.000000000000000000e+00 0.000000000000000000e+00 0.000000000000000000e+00 0.000000000000000000e+00 0.000000000000000000e+00 0.000000000000000000e+00 0.000000000000000000e+00 0.000000000000000000e+00 0.000000000000000000e+00 0.000000000000000000e+00 0.000000000000000000e+00 0.000000000000000000e+00 0.000000000000000000e+00
3.234197745746214547e-01 4.932459567600631090e-01 3.924712063363029468e-01 4.458266298771376701e-01 3.407937333333332375e-01 0.000000000000000000e+00 3.851548877843580243e-01 4.470845578409981536e-01 3.851569749785538899e-01 0.000000000000000000e+00 3.342726389028305434e-01 4.248162389022993035e-01 3.269819349280856380e-01 4.449814554455445159e-01 3.892327188280009231e-01 0.000000000000000000e+00 3.769381541021293303e-01 0.000000000000000000e+00 4.145138568049808736e-01 4.598650016798230822e-01 0.000000000000000000e+00 0.000000000000000000e+00 3.889459663950347035e-01 4.293287955070638207e-01 0.000000000000000000e+00 0.000000000000000000e+00 0.000000000000000000e+00 0.000000000000000000e+00 3.834675913173415385e-01 0.000000000000000000e+00 3.804508028897133354e-01 4.039461002817633095e-01 3.850839355195397884e-01 4.733835396097346715e-01 4.301195465779856231e-01 0.000000000000000000e+00 4.841004776119403608e-01 4.596062129032257859e-01 0.000000000000000000e+00 0.000000000000000000e+00 0.000000000000000000e+00 0.000000000000000000e+00 0.000000000000000000e+00 0.000000000000000000e+00 0.000000000000000000e+00 0.000000000000000000e+00 0.000000000000000000e+00 0.000000000000000000e+00 4.253544411764706434e-01 0.000000000000000000e+00 4.000965447154471999e-01 0.000000000000000000e+00 0.000000000000000000e+00 0.000000000000000000e+00 0.000000000000000000e+00 0.000000000000000000e+00 3.932151669371924951e-01 0.000000000000000000e+00 4.280252676056337524e-01 0.000000000000000000e+00 4.304634766530380796e-01 0.000000000000000000e+00 4.199282848815941716e-01 0.000000000000000000e+00 4.338074574105054149e-01 0.000000000000000000e+00 4.194260285568651714e-01 0.000000000000000000e+00 4.218215764705882109e-01 0.000000000000000000e+00 3.537344613807890115e-01 4.982555374149659766e-01 4.023557893657546680e-01 4.238602155649625058e-01 3.939808584459459917e-01 0.000000000000000000e+00 4.205157003701080476e-01 4.547131428571429268e-01 0.000000000000000000e+00 0.000000000000000000e+00 3.961993530166229016e-01 0.000000000000000000e+00 0.000000000000000000e+00 0.000000000000000000e+00 4.141991518595205535e-01 0.000000000000000000e+00 4.381232622950819167e-01 0.000000000000000000e+00 4.195238681136250758e-01 0.000000000000000000e+00 0.000000000000000000e+00 0.000000000000000000e+00 0.000000000000000000e+00 0.000000000000000000e+00 0.000000000000000000e+00 0.000000000000000000e+00 0.000000000000000000e+00 0.000000000000000000e+00 0.000000000000000000e+00 0.000000000000000000e+00 0.000000000000000000e+00 0.000000000000000000e+00 0.000000000000000000e+00 0.000000000000000000e+00 0.000000000000000000e+00 0.000000000000000000e+00 0.000000000000000000e+00 0.000000000000000000e+00 0.000000000000000000e+00 0.000000000000000000e+00 0.000000000000000000e+00 0.000000000000000000e+00 0.000000000000000000e+00 0.000000000000000000e+00 0.000000000000000000e+00 0.000000000000000000e+00
4.665303962342932653e-01 3.340945891690904057e-01 4.760047983464444910e-01 3.871393163987845165e-01 0.000000000000000000e+00 0.000000000000000000e+00 4.541366753708588333e-01 3.505531101966060659e-01 0.000000000000000000e+00 3.607718409055137299e-01 4.248162389022993035e-01 2.761907333402582321e-01 4.503914944036499501e-01 2.893343876078931509e-01 0.000000000000000000e+00 3.596513397610676122e-01 4.498229916236669568e-01 3.135243999636472267e-01 4.776591037164399367e-01 4.100889058645930674e-01 0.000000000000000000e+00 0.000000000000000000e+00 4.426843221369277659e-01 3.844001474406092966e-01 0.000000000000000000e+00 4.252537171717172826e-01 0.000000000000000000e+00 0.000000000000000000e+00 4.490334655227457561e-01 3.575859473695613411e-01 4.325865016204576974e-01 3.758893206385087726e-01 4.551958865329563397e-01 3.895096325599510800e-01 0.000000000000000000e+00 0.000000000000000000e+00 5.186765086206895914e-01 4.583858687067691173e-01 0.000000000000000000e+00 0.000000000000000000e+00 0.000000000000000000e+00 0.000000000000000000e+00 0.000000000000000000e+00 0.000000000000000000e+00 0.000000000000000000e+00 0.000000000000000000e+00 0.000000000000000000e+00 0.000000000000000000e+00 0.000000000000000000e+00 3.943328974882260862e-01 0.000000000000000000e+00 3.856285923881643818e-01 0.000000000000000000e+00 0.000000000000000000e+00 0.000000000000000000e+00 4.037255192307692142e-01 0.000000000000000000e+00 3.948249671804475724e-01 0.000000000000000000e+00 4.185775999045421303e-01 0.000000000000000000e+00 3.948509276077628583e-01 0.000000000000000000e+00 3.921969194473114428e-01 0.000000000000000000e+00 4.116883463119818121e-01 0.000000000000000000e+00 4.336685660248530416e-01 4.752451327433628303e-01 4.407705348249775779e-01 4.981285645161290798e-01 3.405312420846087762e-01 4.483771754776764706e-01 3.774012831954448033e-01 0.000000000000000000e+00 3.535099310719131971e-01 4.565415272690835358e-01 4.114397049866712064e-01 0.000000000000000000e+00 3.970307410256410097e-01 0.000000000000000000e+00 4.138924607786184651e-01 0.000000000000000000e+00 0.000000000000000000e+00 0.000000000000000000e+00 4.117787607374889247e-01 0.000000000000000000e+00 0.000000000000000000e+00 0.000000000000000000e+00 4.123992902983220632e-01 4.399531049723757747e-01 0.000000000000000000e+00 0.000000000000000000e+00 0.000000000000000000e+00 0.000000000000000000e+00 0.000000000000000000e+00 0.000000000000000000e+00 0.000000000000000000e+00 0.000000000000000000e+00 0.000000000000000000e+00 0.000000000000000000e+00 0.000000000000000000e+00 0.000000000000000000e+00 0.000000000000000000e+00 0.000000000000000000e+00 0.000000000000000000e+00 0.000000000000000000e+00 0.000000000000000000e+00 0.000000000000000000e+00 0.000000000000000000e+00 0.000000000000000000e+00 0.000000000000000000e+00 0.000000000000000000e+00 0.000000000000000000e+00 0.000000000000000000e+00 0.000000000000000000e+00
3.709261340979219113e-01 4.615800365853658938e-01 3.532516365601032216e-01 4.495917558181900531e-01 3.015937008411421760e-01 4.385564468085106360e-01 3.337447574579308629e-01 4.360131720512530618e-01 2.941011197735334814e-01 4.472444565217392198e-01 3.269819349280856380e-01 4.503914944036499501e-01 2.594853014500240751e-01 4.376062798922050190e-01 2.543480890687453977e-01 4.523944676648202767e-01 3.808819471858569949e-01 0.000000000000000000e+00 4.012683938823758401e-01 4.365812696629214340e-01 0.000000000000000000e+00 0.000000000000000000e+00 3.689357825930947299e-01 4.358110496772041320e-01 3.794212367424242283e-01 4.383731873455682937e-01 4.201520747126436528e-01 0.000000000000000000e+00 3.310096320755793187e-01 4.240188219178082085e-01 3.476048717361052143e-01 4.302756728361465943e-01 3.807790335723365560e-01 4.223156373770867722e-01 4.215629393104746714e-01 0.000000000000000000e+00 4.134829265001275234e-01 0.000000000000000000e+00 0.000000000000000000e+00 0.000000000000000000e+00 0.000000000000000000e+00 0.000000000000000000e+00 4.470791355932204336e-01 0.000000000000000000e+00 3.788152519685040187e-01 0.000000000000000000e+00 0.000000000000000000e+00 0.000000000000000000e+00 3.883303262411347823e-01 0.000000000000000000e+00 0.000000000000000000e+00 0.000000000000000000e+00 0.000000000000000000e+00 0.000000000000000000e+00 4.183997307692307599e-01 0.000000000000000000e+00 3.888534576384662378e-01 0.000000000000000000e+00 4.165975896226467579e-01 0.000000000000000000e+00 4.148732288358801812e-01 0.000000000000000000e+00 3.933178441698588212e-01 0.000000000000000000e+00 4.323769450864707875e-01 0.000000000000000000e+00 4.181574103049570668e-01 0.000000000000000000e+00 4.133385421590656250e-01 0.000000000000000000e+00 3.257791720547992820e-01 4.497323101263181466e-01 3.626550887346488561e-01 4.426139882342775000e-01 3.446435467692743893e-01 4.325303614457831070e-01 3.885575102012526205e-01 4.221686021967169244e-01 3.873253750000000273e-01 0.000000000000000000e+00 3.849833392040744040e-01 0.000000000000000000e+00 3.786909548387096813e-01 0.000000000000000000e+00 4.024095960165414154e-01 0.000000000000000000e+00 0.000000000000000000e+00 0.000000000000000000e+00 4.143005742378310652e-01 0.000000000000000000e+00 0.000000000000000000e+00 0.000000000000000000e+00 0.000000000000000000e+00 0.000000000000000000e+00 0.000000000000000000e+00 0.000000000000000000e+00 0.000000000000000000e+00 0.000000000000000000e+00 0.000000000000000000e+00 0.000000000000000000e+00 0.000000000000000000e+00 0.000000000000000000e+00 0.000000000000000000e+00 0.000000000000000000e+00 0.000000000000000000e+00 0.000000000000000000e+00 0.000000000000000000e+00 0.000000000000000000e+00 0.000000000000000000e+00 0.000000000000000000e+00 0.000000000000000000e+00 0.000000000000000000e+00 0.000000000000000000e+00 0.000000000000000000e+00 0.000000000000000000e+00 0.000000000000000000e+00
