2.901037823693451978e-01 4.850390065669917816e-01 3.693634375092955113e-01 4.851592850290223358e-01 0.000000000000000000e+00 0.000000000000000000e+00 2.942015314981654694e-01 4.659327675207162733e-01 3.471424655172413165e-01 0.000000000000000000e+00 3.550447055829925591e-01 4.887609125041921243e-01 3.767992637080658236e-01 4.452229545454545190e-01 3.825493917227938967e-01 0.000000000000000000e+00 3.225111748531053202e-01 4.811020670172225788e-01 4.041652507456886534e-01 5.015335107711850204e-01 0.000000000000000000e+00 0.000000000000000000e+00 4.247102448446112843e-01 4.784700263810783838e-01 0.000000000000000000e+00 0.000000000000000000e+00 0.000000000000000000e+00 0.000000000000000000e+00 3.903809315157127924e-01 4.791325189873417156e-01 3.978096458333333363e-01 5.038202584269662054e-01 4.261299875863802655e-01 4.856516523068000191e-01 0.000000000000000000e+00 0.000000000000000000e+00 4.918966437733344188e-01 5.217382105263158598e-01 0.000000000000000000e+00 4.784424897959184131e-01 0.000000000000000000e+00 0.000000000000000000e+00 4.407825002116669832e-01 0.000000000000000000e+00 4.283285471792137034e-01 0.000000000000000000e+00 4.359593561572313591e-01 0.000000000000000000e+00 4.269914471106254217e-01 4.789526470588234552e-01 4.180387156386736192e-01 4.598652701464954196e-01 4.187499573157724697e-01 0.000000000000000000e+00 4.132059771647337287e-01 0.000000000000000000e+00 3.592323385855161755e-01 4.906194593913564272e-01 4.188764146495556062e-01 4.805460943598863222e-01 3.853259829167743900e-01 0.000000000000000000e+00 3.886765301162923847e-01 0.000000000000000000e+00 4.104252787057102725e-01 4.655729067796609555e-01 4.451971134431272903e-01 4.790996088775835160e-01 3.869759726474394368e-01 5.140449054885930513e-01 3.489324004911693589e-01 0.000000000000000000e+00 3.938308213779563860e-01 4.698063187397352181e-01 3.545826500000000547e-01 0.000000000000000000e+00 3.996544499480696455e-01 4.613496531816708712e-01 0.000000000000000000e+00 0.000000000000000000e+00 4.067714445237805010e-01 0.000000000000000000e+00 0.000000000000000000e+00 0.000000000000000000e+00 4.233034664678340109e-01 0.000000000000000000e+00 0.000000000000000000e+00 0.000000000000000000e+00 4.265286214874820514e-01 0.000000000000000000e+00 4.950635190744214764e-01 0.000000000000000000e+00 5.125638920863307968e-01 0.000000000000000000e+00 4.763882959055186217e-01 0.000000000000000000e+00 5.142207104242075832e-01 0.000000000000000000e+00 4.812231926105869917e-01 0.000000000000000000e+00 4.332620497158068407e-01 0.000000000000000000e+00 4.605870059681401174e-01 4.257353759789050951e-01 4.436017291968815668e-01 4.465459023952486062e-01 4.255308750000000306e-01 0.000000000000000000e+00 0.000000000000000000e+00 0.000000000000000000e+00 5.035992343734144727e-01 0.000000000000000000e+00 0.000000000000000000e+00 0.000000000000000000e+00 0.000000000000000000e+00 0.000000000000000000e+00
4.850390065669917816e-01 3.155013479189653913e-01 4.919154728805342214e-01 3.560009311287190004e-01 0.000000000000000000e+00 0.000000000000000000e+00 4.459648816886780942e-01 3.053308267388070707e-01 0.000000000000000000e+00 3.864698530824549616e-01 4.473489532343941644e-01 3.587629258037921542e-01 0.000000000000000000e+00 3.871702029947254320e-01 0.000000000000000000e+00 4.019744246886165495e-01 4.626229830357143635e-01 3.472195705171010061e-01 5.207920325470615230e-01 4.201030042215149196e-01 0.000000000000000000e+00 0.000000000000000000e+00 4.622490793650793073e-01 3.803612971910111940e-01 0.000000000000000000e+00 0.000000000000000000e+00 0.000000000000000000e+00 0.000000000000000000e+00 4.462155882352940584e-01 4.226385368635349193e-01 0.000000000000000000e+00 0.000000000000000000e+00 4.917140070575912736e-01 4.484780370237010372e-01 0.000000000000000000e+00 4.860783965517240790e-01 0.000000000000000000e+00 5.116983305778558533e-01 0.000000000000000000e+00 5.130153956079701594e-01 0.000000000000000000e+00 4.419128446679408406e-01 0.000000000000000000e+00 4.516189576939843020e-01 5.322098529411763979e-01 4.438337403190855124e-01 0.000000000000000000e+00 0.000000000000000000e+00 5.162443309859153784e-01 4.232161266479805284e-01 5.101699402985073739e-01 4.189733885107684297e-01 0.000000000000000000e+00 4.207898631216971941e-01 0.000000000000000000e+00 4.668150358648068265e-01 5.233408583351280008e-01 3.545113388054999537e-01 5.158084406092703356e-01 4.135735855023418006e-01 4.659122017543859684e-01 4.155490663569984533e-01 0.000000000000000000e+00 3.830649096486954952e-01 4.541585652904640558e-01 4.198891237112447605e-01 5.101544392612522572e-01 4.116205177370518831e-01 5.257993998831714810e-01 3.626370368252039289e-01 4.645152800072663291e-01 3.840542291382811890e-01 4.584724836075069754e-01 4.179811959614234129e-01 0.000000000000000000e+00 4.623184581858790221e-01 4.587782342120176882e-01 4.122970961377523946e-01 0.000000000000000000e+00 4.363220671044685806e-01 0.000000000000000000e+00 4.443295010077359386e-01 0.000000000000000000e+00 4.581501041666666274e-01 0.000000000000000000e+00 4.451297024696598270e-01 0.000000000000000000e+00 4.561931269784172960e-01 0.000000000000000000e+00 4.564582962691249857e-01 4.140755294117647312e-01 4.640457716613325401e-01 0.000000000000000000e+00 4.411248427554023688e-01 0.000000000000000000e+00 4.910065606634168023e-01 0.000000000000000000e+00 0.000000000000000000e+00 0.000000000000000000e+00 4.795771720421398987e-01 0.000000000000000000e+00 0.000000000000000000e+00 4.804543309352518055e-01 4.417819005090935502e-01 4.308349090909091572e-01 4.584629657198885933e-01 0.000000000000000000e+00 4.414630147058823395e-01 0.000000000000000000e+00 0.000000000000000000e+00 4.879616307692307697e-01 0.000000000000000000e+00 0.000000000000000000e+00 0.000000000000000000e+00 0.000000000000000000e+00 0.000000000000000000e+00
3.693634375092955113e-01 4.919154728805342214e-01 2.394409519791094454e-01 4.716489864997644443e-01 1.871373972980580613e-01 4.187321775609152974e-01 3.060494381166345979e-01 4.542922788060632655e-01 3.226697769778757441e-01 4.454935170383847454e-01 3.796515992224643310e-01 4.550020906844953195e-01 3.523576860905776598e-01 4.455856698379960235e-01 3.478045157382806951e-01 4.298795670244690004e-01 3.904838664289499439e-01 4.939888882291931238e-01 2.975257693064974340e-01 5.014728296701779220e-01 0.000000000000000000e+00 4.099351212121211674e-01 2.319157172180793536e-01 4.491509310216980078e-01 2.631764359486396532e-01 3.855449087660444141e-01 3.434304300621747741e-01 2.999256948717948790e-01 3.731585115163070232e-01 4.550043044998731134e-01 3.803762146511860398e-01 4.371270964317314767e-01 4.149226792625154703e-01 4.877063009758344503e-01 0.000000000000000000e+00 0.000000000000000000e+00 4.507108767052786513e-01 5.152283369565217042e-01 0.000000000000000000e+00 0.000000000000000000e+00 0.000000000000000000e+00 0.000000000000000000e+00 0.000000000000000000e+00 0.000000000000000000e+00 4.576730795698924492e-01 5.075570816326531176e-01 0.000000000000000000e+00 0.000000000000000000e+00 4.727915077723665038e-01 0.000000000000000000e+00 4.055405589227773500e-01 4.681748897637794671e-01 0.000000000000000000e+00 0.000000000000000000e+00 0.000000000000000000e+00 0.000000000000000000e+00 4.468449733340619234e-01 0.000000000000000000e+00 4.708988396016766664e-01 5.198537083333333308e-01 3.866936755597405462e-01 0.000000000000000000e+00 4.194417196261682745e-01 0.000000000000000000e+00 0.000000000000000000e+00 4.526125287356322358e-01 4.657560239044617467e-01 4.965259212086496898e-01 4.119322384067892751e-01 5.057139660262593983e-01 3.687946529005809437e-01 4.427491083433388597e-01 3.759828080913342196e-01 4.690496978029198849e-01 3.311601383956855327e-01 4.391990108082706734e-01 4.087306789116610939e-01 4.347479856983617608e-01 0.000000000000000000e+00 0.000000000000000000e+00 3.815065875686813324e-01 0.000000000000000000e+00 0.000000000000000000e+00 0.000000000000000000e+00 3.775491730570871285e-01 0.000000000000000000e+00 0.000000000000000000e+00 0.000000000000000000e+00 3.810557489925107122e-01 0.000000000000000000e+00 3.969128146813530322e-01 0.000000000000000000e+00 0.000000000000000000e+00 0.000000000000000000e+00 4.494125714776632252e-01 4.371969062500000724e-01 0.000000000000000000e+00 0.000000000000000000e+00 4.610018950068870414e-01 4.223099016393442873e-01 0.000000000000000000e+00 0.000000000000000000e+00 4.282610662385530342e-01 4.452282047313256275e-01 4.455954799999999882e-01 0.000000000000000000e+00 0.000000000000000000e+00 0.000000000000000000e+00 0.000000000000000000e+00 4.455807083333334084e-01 4.218880865624999865e-01 0.000000000000000000e+00 0.000000000000000000e+00 0.000000000000000000e+00 0.000000000000000000e+00 0.000000000000000000e+00
4.851592850290223358e-01 3.560009311287190004e-01 4.716489864997644443e-01 2.568744640140236957e-01 4.160788662596149878e-01 2.476648314375068383e-01 4.593506105368035941e-01 3.212310101215287705e-01 4.477443610739584856e-01 3.371484625209575925e-01 4.654774675462104438e-01 3.889092412590710590e-01 4.436412636211073401e-01 3.813717223550202040e-01 4.550788562085941180e-01 3.488491057213606861e-01 4.682157919838759730e-01 4.217321019161188178e-01 4.877006613536463142e-01 3.079889352228653010e-01 0.000000000000000000e+00 0.000000000000000000e+00 4.562892804757393561e-01 2.647294621211372379e-01 4.340744142857143051e-01 3.073276484563098876e-01 0.000000000000000000e+00 0.000000000000000000e+00 4.791864581781341004e-01 3.877666957502814982e-01 4.326767823194920815e-01 3.664716675268357982e-01 4.802467844569883182e-01 3.802028799279016935e-01 0.000000000000000000e+00 4.664673663059162867e-01 0.000000000000000000e+00 4.596857401079920691e-01 0.000000000000000000e+00 5.120019879201825885e-01 0.000000000000000000e+00 3.870616512455908320e-01 0.000000000000000000e+00 0.000000000000000000e+00 0.000000000000000000e+00 4.621621689138313283e-01 0.000000000000000000e+00 4.576989079606550437e-01 0.000000000000000000e+00 4.383200324513200630e-01 0.000000000000000000e+00 4.195703626072143089e-01 0.000000000000000000e+00 4.326791213872832054e-01 0.000000000000000000e+00 0.000000000000000000e+00 0.000000000000000000e+00 4.269483637154620759e-01 4.951005781250000237e-01 4.413273066176698345e-01 0.000000000000000000e+00 3.947895749999999482e-01 0.000000000000000000e+00 4.167046197089946391e-01 0.000000000000000000e+00 4.243594227695705046e-01 5.311627898647274248e-01 4.507103925239953068e-01 5.525925000000000420e-01 4.023830940228921293e-01 4.727538350535384071e-01 3.770223733342596417e-01 4.590605558967562061e-01 3.984265886612876062e-01 0.000000000000000000e+00 3.954118367124220268e-01 4.636107179196218842e-01 4.122902661328564644e-01 0.000000000000000000e+00 0.000000000000000000e+00 0.000000000000000000e+00 4.106772700779606211e-01 0.000000000000000000e+00 0.000000000000000000e+00 0.000000000000000000e+00 4.266321229901577361e-01 0.000000000000000000e+00 0.000000000000000000e+00 0.000000000000000000e+00 4.529818781512604531e-01 4.207006846153846236e-01 4.396566632864657431e-01 0.000000000000000000e+00 3.934161386861314003e-01 4.554933181818182075e-01 4.086151379310343223e-01 4.143973529411765222e-01 0.000000000000000000e+00 0.000000000000000000e+00 4.178591475409835776e-01 0.000000000000000000e+00 0.000000000000000000e+00 4.269721411531040567e-01 4.274084870393766167e-01 0.000000000000000000e+00 4.411146809523809331e-01 0.000000000000000000e+00 0.000000000000000000e+00 0.000000000000000000e+00 4.396276249999999663e-01 0.000000000000000000e+00 0.000000000000000000e+00 0.000000000000000000e+00 0.000000000000000000e+00 0.000000000000000000e+00 0.000000000000000000e+00
0.000000000000000000e+00 0.000000000000000000e+00 1.871373972980580613e-01 4.160788662596149878e-01 1.887154900985686112e-01 4.670421263846478155e-01 0.000000000000000000e+00 4.487213011464103452e-01 2.297170365083722188e-01 4.379279734126983459e-01 0.000000000000000000e+00 0.000000000000000000e+00 3.447507307692307954e-01 4.469748204990854346e-01 2.683953059060579238e-01 4.233272012594402334e-01 0.000000000000000000e+00 0.000000000000000000e+00 3.727799755004676530e-01 0.000000000000000000e+00 1.775541251319332214e-01 0.000000000000000000e+00 2.002603949897544811e-01 4.154050623337224857e-01 2.370766175108832696e-01 4.091513215369722012e-01 2.392087590153799681e-01 0.000000000000000000e+00 3.389679147053594188e-01 0.000000000000000000e+00 3.547541668898789302e-01 4.311387438512218062e-01 0.000000000000000000e+00 0.000000000000000000e+00 0.000000000000000000e+00 0.000000000000000000e+00 0.000000000000000000e+00 0.000000000000000000e+00 0.000000000000000000e+00 0.000000000000000000e+00 0.000000000000000000e+00 0.000000000000000000e+00 0.000000000000000000e+00 0.000000000000000000e+00 0.000000000000000000e+00 0.000000000000000000e+00 0.000000000000000000e+00 0.000000000000000000e+00 0.000000000000000000e+00 0.000000000000000000e+00 0.000000000000000000e+00 0.000000000000000000e+00 0.000000000000000000e+00 0.000000000000000000e+00 0.000000000000000000e+00 0.000000000000000000e+00 0.000000000000000000e+00 0.000000000000000000e+00 0.000000000000000000e+00 0.000000000000000000e+00 0.000000000000000000e+00 0.000000000000000000e+00 0.000000000000000000e+00 0.000000000000000000e+00 0.000000000000000000e+00 0.000000000000000000e+00 0.000000000000000000e+00 0.000000000000000000e+00 0.000000000000000000e+00 0.000000000000000000e+00 2.975025851684973133e-01 4.582736775637009652e-01 3.108006905529184793e-01 0.000000000000000000e+00 2.446602120930034263e-01 0.000000000000000000e+00 3.243134250746268488e-01 3.147621639344261868e-01 0.000000000000000000e+00 0.000000000000000000e+00 0.000000000000000000e+00 0.000000000000000000e+00 0.000000000000000000e+00 0.000000000000000000e+00 3.631123599820172965e-01 0.000000000000000000e+00 0.000000000000000000e+00 0.000000000000000000e+00 3.499057394088669892e-01 0.000000000000000000e+00 0.000000000000000000e+00 0.000000000000000000e+00 0.000000000000000000e+00 0.000000000000000000e+00 0.000000000000000000e+00 0.000000000000000000e+00 0.000000000000000000e+00 0.000000000000000000e+00 0.000000000000000000e+00 0.000000000000000000e+00 0.000000000000000000e+00 0.000000000000000000e+00 0.000000000000000000e+00 0.000000000000000000e+00 0.000000000000000000e+00 0.000000000000000000e+00 0.000000000000000000e+00 0.000000000000000000e+00 0.000000000000000000e+00 0.000000000000000000e+00 0.000000000000000000e+00 0.000000000000000000e+00 0.000000000000000000e+00 0.000000000000000000e+00 0.000000000000000000e+00 0.000000000000000000e+00
0.000000000000000000e+00 0.000000000000000000e+00 4.187321775609152974e-01 2.476648314375068383e-01 4.670421263846478155e-01 2.280665099332446488e-01 4.452807438883470414e-01 2.124831139629703713e-01 4.490920705882353037e-01 2.201762412077439002e-01 0.000000000000000000e+00 3.530218604651162440e-01 0.000000000000000000e+00 3.195294901960784584e-01 4.121746588235293274e-01 2.860390976623673476e-01 0.000000000000000000e+00 0.000000000000000000e+00 0.000000000000000000e+00 3.813177666666665577e-01 3.483051162790697930e-01 2.510927367218934170e-01 4.383778055498074866e-01 2.303207421233780527e-01 4.303511826900409676e-01 2.742553486571555621e-01 3.896035526931985182e-01 2.595274732339785118e-01 0.000000000000000000e+00 3.348112371514863628e-01 4.024054167328875442e-01 3.333111485813159969e-01 0.000000000000000000e+00 3.738208544293614710e-01 0.000000000000000000e+00 4.376751619047619113e-01 0.000000000000000000e+00 0.000000000000000000e+00 0.000000000000000000e+00 0.000000000000000000e+00 0.000000000000000000e+00 0.000000000000000000e+00 0.000000000000000000e+00 0.000000000000000000e+00 0.000000000000000000e+00 0.000000000000000000e+00 0.000000000000000000e+00 0.000000000000000000e+00 0.000000000000000000e+00 0.000000000000000000e+00 0.000000000000000000e+00 0.000000000000000000e+00 0.000000000000000000e+00 0.000000000000000000e+00 0.000000000000000000e+00 0.000000000000000000e+00 0.000000000000000000e+00 0.000000000000000000e+00 0.000000000000000000e+00 0.000000000000000000e+00 0.000000000000000000e+00 0.000000000000000000e+00 0.000000000000000000e+00 0.000000000000000000e+00 0.000000000000000000e+00 0.000000000000000000e+00 0.000000000000000000e+00 0.000000000000000000e+00 0.000000000000000000e+00 0.000000000000000000e+00 4.488426110893075083e-01 3.202660324888387255e-01 4.702648850574713268e-01 3.234002479946235797e-01 0.000000000000000000e+00 0.000000000000000000e+00 0.000000000000000000e+00 3.661243087236963345e-01 0.000000000000000000e+00 0.000000000000000000e+00 0.000000000000000000e+00 0.000000000000000000e+00 0.000000000000000000e+00 0.000000000000000000e+00 0.000000000000000000e+00 0.000000000000000000e+00 0.000000000000000000e+00 0.000000000000000000e+00 0.000000000000000000e+00 0.000000000000000000e+00 0.000000000000000000e+00 0.000000000000000000e+00 0.000000000000000000e+00 0.000000000000000000e+00 0.000000000000000000e+00 0.000000000000000000e+00 0.000000000000000000e+00 0.000000000000000000e+00 0.000000000000000000e+00 0.000000000000000000e+00 0.000000000000000000e+00 0.000000000000000000e+00 0.000000000000000000e+00 0.000000000000000000e+00 0.000000000000000000e+00 0.000000000000000000e+00 0.000000000000000000e+00 0.000000000000000000e+00 0.000000000000000000e+00 0.000000000000000000e+00 0.000000000000000000e+00 0.000000000000000000e+00 0.000000000000000000e+00 0.000000000000000000e+00 0.000000000000000000e+00 0.000000000000000000e+00
2.942015314981654694e-01 4.459648816886780942e-01 3.060494381166345979e-01 4.593506105368035941e-01 0.000000000000000000e+00 4.452807438883470414e-01 2.759544711475874768e-01 4.437644241002310364e-01 2.897361646517290223e-01 4.282646220994590358e-01 3.380474921475674632e-01 4.571174798323093813e-01 3.197407845268392390e-01 4.476493250782179190e-01 3.258747891405167629e-01 4.215527570093458021e-01 3.782283906250000216e-01 4.520878882974461166e-01 3.938551722194041371e-01 4.764442553772995637e-01 0.000000000000000000e+00 0.000000000000000000e+00 3.723464510149925855e-01 4.559335381461623871e-01 0.000000000000000000e+00 4.493354999999999988e-01 0.000000000000000000e+00 0.000000000000000000e+00 3.436470911194230982e-01 4.563552682468396404e-01 3.772507857560847833e-01 4.442788775274125745e-01 4.105732158583356717e-01 4.595181354034056365e-01 0.000000000000000000e+00 0.000000000000000000e+00 4.537293565839395915e-01 0.000000000000000000e+00 0.000000000000000000e+00 4.735778378378378006e-01 0.000000000000000000e+00 0.000000000000000000e+00 4.295410869565216561e-01 0.000000000000000000e+00 4.024813346153847116e-01 5.001071124260354495e-01 0.000000000000000000e+00 0.000000000000000000e+00 4.103266723617881029e-01 0.000000000000000000e+00 4.062878569573568077e-01 0.000000000000000000e+00 3.937326227970448511e-01 0.000000000000000000e+00 3.952321849851348490e-01 3.883796593406593223e-01 4.075980480702000031e-01 0.000000000000000000e+00 4.206464096425723276e-01 4.637424656488550179e-01 3.976378253931344697e-01 0.000000000000000000e+00 4.028712988829337704e-01 0.000000000000000000e+00 3.870798208506052163e-01 0.000000000000000000e+00 4.403802480286740928e-01 4.789939491067088384e-01 4.127718952211371084e-01 0.000000000000000000e+00 3.385474681314216694e-01 4.646490905128412008e-01 3.638568311957367518e-01 4.572529678996550273e-01 0.000000000000000000e+00 0.000000000000000000e+00 3.693400604700016743e-01 4.562924266005100038e-01 3.623375783132530281e-01 0.000000000000000000e+00 3.777033182389126775e-01 0.000000000000000000e+00 3.963481036585366213e-01 0.000000000000000000e+00 3.917842869105429560e-01 0.000000000000000000e+00 0.000000000000000000e+00 0.000000000000000000e+00 3.974830276858158928e-01 0.000000000000000000e+00 0.000000000000000000e+00 0.000000000000000000e+00 0.000000000000000000e+00 0.000000000000000000e+00 0.000000000000000000e+00 0.000000000000000000e+00 0.000000000000000000e+00 0.000000000000000000e+00 0.000000000000000000e+00 0.000000000000000000e+00 0.000000000000000000e+00 0.000000000000000000e+00 0.000000000000000000e+00 3.871572108843537308e-01 0.000000000000000000e+00 0.000000000000000000e+00 0.000000000000000000e+00 0.000000000000000000e+00 0.000000000000000000e+00 0.000000000000000000e+00 0.000000000000000000e+00 0.000000000000000000e+00 0.000000000000000000e+00 0.000000000000000000e+00 0.000000000000000000e+00 0.000000000000000000e+00
4.659327675207162733e-01 3.053308267388070707e-01 4.542922788060632655e-01 3.212310101215287705e-01 4.487213011464103452e-01 2.124831139629703713e-01 4.437644241002310364e-01 2.600454477912930162e-01 4.107937619490484304e-01 2.875123952564445085e-01 4.545207826975352083e-01 3.079773300748636644e-01 4.270353864211240968e-01 2.850426448898970566e-01 4.395358536585365350e-01 3.203899053611867775e-01 4.434708651443677874e-01 3.828185755169876137e-01 4.745068793380441963e-01 4.125073458251949932e-01 0.000000000000000000e+00 0.000000000000000000e+00 4.532223612752120934e-01 3.693290168145932917e-01 0.000000000000000000e+00 1.886805714285714475e-01 0.000000000000000000e+00 0.000000000000000000e+00 4.677004998245999912e-01 3.733213387800793925e-01 4.307256112297492834e-01 3.778683705043611174e-01 4.629824509129090160e-01 3.890821545690745786e-01 0.000000000000000000e+00 0.000000000000000000e+00 0.000000000000000000e+00 4.136396968627922277e-01 0.000000000000000000e+00 4.460282011574074335e-01 0.000000000000000000e+00 0.000000000000000000e+00 0.000000000000000000e+00 4.054110559006212089e-01 0.000000000000000000e+00 4.332373948721243706e-01 0.000000000000000000e+00 3.954864475524476064e-01 0.000000000000000000e+00 4.053536165003985281e-01 0.000000000000000000e+00 3.928613077536146081e-01 0.000000000000000000e+00 4.228342304864253220e-01 0.000000000000000000e+00 3.937253878589008216e-01 0.000000000000000000e+00 3.903457482451052618e-01 4.546509432624113445e-01 4.283974381513314111e-01 0.000000000000000000e+00 4.018833120482263044e-01 0.000000000000000000e+00 4.085026115168827743e-01 4.543615984848485279e-01 3.864901251460953757e-01 0.000000000000000000e+00 4.395529266279583069e-01 0.000000000000000000e+00 4.365242488000487531e-01 4.495872214334424855e-01 3.216609160118347188e-01 4.500493744124724471e-01 3.759882155236371482e-01 0.000000000000000000e+00 3.878988833203933506e-01 4.478366930222208997e-01 3.795390321500523578e-01 0.000000000000000000e+00 0.000000000000000000e+00 4.154417569444444069e-01 4.153356311080682040e-01 0.000000000000000000e+00 0.000000000000000000e+00 0.000000000000000000e+00 4.050943449595282297e-01 0.000000000000000000e+00 0.000000000000000000e+00 0.000000000000000000e+00 4.207852824146205428e-01 4.129646941872106569e-01 3.942468888888888134e-01 4.341466603773584954e-01 0.000000000000000000e+00 0.000000000000000000e+00 0.000000000000000000e+00 0.000000000000000000e+00 0.000000000000000000e+00 0.000000000000000000e+00 0.000000000000000000e+00 0.000000000000000000e+00 0.000000000000000000e+00 0.000000000000000000e+00 4.023423715795654831e-01 4.378820909090909153e-01 4.332802736842105151e-01 0.000000000000000000e+00 0.000000000000000000e+00 0.000000000000000000e+00 0.000000000000000000e+00 0.000000000000000000e+00 0.000000000000000000e+00 0.000000000000000000e+00 0.000000000000000000e+00 0.000000000000000000e+00 0.000000000000000000e+00
3.471424655172413165e-01 0.000000000000000000e+00 3.226697769778757441e-01 4.477443610739584856e-01 2.297170365083722188e-01 4.490920705882353037e-01 2.897361646517290223e-01 4.107937619490484304e-01 2.084774840969977339e-01 0.000000000000000000e+00 3.422234621504366414e-01 0.000000000000000000e+00 2.910003077733731014e-01 0.000000000000000000e+00 2.521040453418476046e-01 4.533385512820513052e-01 0.000000000000000000e+00 0.000000000000000000e+00 3.659994354285921458e-01 0.000000000000000000e+00 2.106678095238095350e-01 0.000000000000000000e+00 3.590532001522033223e-01 4.469468576602252385e-01 2.670955995877056788e-01 4.054318563180768220e-01 2.766836402522629967e-01 0.000000000000000000e+00 3.252958063467863981e-01 4.418234625000000415e-01 3.554077791106453055e-01 3.650854450301534437e-01 0.000000000000000000e+00 4.618864105263157938e-01 0.000000000000000000e+00 0.000000000000000000e+00 0.000000000000000000e+00 0.000000000000000000e+00 0.000000000000000000e+00 0.000000000000000000e+00 0.000000000000000000e+00 0.000000000000000000e+00 4.054420943396226384e-01 0.000000000000000000e+00 0.000000000000000000e+00 0.000000000000000000e+00 0.000000000000000000e+00 0.000000000000000000e+00 3.993600416666666653e-01 0.000000000000000000e+00 3.868344666666666543e-01 0.000000000000000000e+00 0.000000000000000000e+00 0.000000000000000000e+00 0.000000000000000000e+00 0.000000000000000000e+00 0.000000000000000000e+00 0.000000000000000000e+00 0.000000000000000000e+00 0.000000000000000000e+00 0.000000000000000000e+00 0.000000000000000000e+00 4.073799038461538014e-01 0.000000000000000000e+00 0.000000000000000000e+00 0.000000000000000000e+00 0.000000000000000000e+00 0.000000000000000000e+00 0.000000000000000000e+00 0.000000000000000000e+00 3.131357861570235879e-01 0.000000000000000000e+00 3.218291906275654868e-01 4.434219000000000355e-01 2.906168031119383266e-01 0.000000000000000000e+00 3.622050057026529601e-01 0.000000000000000000e+00 0.000000000000000000e+00 0.000000000000000000e+00 0.000000000000000000e+00 0.000000000000000000e+00 3.429364761904762360e-01 0.000000000000000000e+00 3.456365913312693383e-01 0.000000000000000000e+00 0.000000000000000000e+00 0.000000000000000000e+00 0.000000000000000000e+00 0.000000000000000000e+00 3.674626946564885643e-01 0.000000000000000000e+00 0.000000000000000000e+00 0.000000000000000000e+00 0.000000000000000000e+00 0.000000000000000000e+00 0.000000000000000000e+00 0.000000000000000000e+00 0.000000000000000000e+00 0.000000000000000000e+00 0.000000000000000000e+00 0.000000000000000000e+00 0.000000000000000000e+00 0.000000000000000000e+00 0.000000000000000000e+00 0.000000000000000000e+00 0.000000000000000000e+00 0.000000000000000000e+00 0.000000000000000000e+00 0.000000000000000000e+00 0.000000000000000000e+00 0.000000000000000000e+00 0.000000000000000000e+00 0.000000000000000000e+00 0.000000000000000000e+00 0.000000000000000000e+00
0.000000000000000000e+00 3.864698530824549616e-01 4.454935170383847454e-01 3.371484625209575925e-01 4.379279734126983459e-01 2.201762412077439002e-01 4.282646220994590358e-01 2.875123952564445085e-01 0.000000000000000000e+00 2.388920693741660717e-01 0.000000000000000000e+00 3.477202574756677045e-01 4.304073857142857729e-01 3.257977029221686971e-01 4.139873408496732021e-01 2.598090002596109005e-01 0.000000000000000000e+00 0.000000000000000000e+00 0.000000000000000000e+00 3.791954043758023474e-01 0.000000000000000000e+00 0.000000000000000000e+00 4.465649499754802965e-01 3.698759630118782504e-01 0.000000000000000000e+00 3.065937333333332848e-01 4.298351029411764945e-01 2.082798769841269770e-01 0.000000000000000000e+00 3.352544878048780985e-01 4.256056570722109855e-01 3.439165494145967616e-01 0.000000000000000000e+00 3.627037164179104933e-01 0.000000000000000000e+00 0.000000000000000000e+00 0.000000000000000000e+00 0.000000000000000000e+00 0.000000000000000000e+00 0.000000000000000000e+00 0.000000000000000000e+00 0.000000000000000000e+00 0.000000000000000000e+00 0.000000000000000000e+00 0.000000000000000000e+00 0.000000000000000000e+00 0.000000000000000000e+00 0.000000000000000000e+00 0.000000000000000000e+00 0.000000000000000000e+00 0.000000000000000000e+00 0.000000000000000000e+00 0.000000000000000000e+00 0.000000000000000000e+00 0.000000000000000000e+00 0.000000000000000000e+00 0.000000000000000000e+00 4.009447522935780106e-01 0.000000000000000000e+00 3.951423076923075706e-01 0.000000000000000000e+00 0.000000000000000000e+00 0.000000000000000000e+00 0.000000000000000000e+00 0.000000000000000000e+00 0.000000000000000000e+00 0.000000000000000000e+00 0.000000000000000000e+00 0.000000000000000000e+00 0.000000000000000000e+00 3.867153124999999636e-01 3.095034364898529566e-01 4.628964725274725134e-01 3.208695921408987739e-01 0.000000000000000000e+00 0.000000000000000000e+00 4.583759557522124051e-01 3.467303928432909910e-01 0.000000000000000000e+00 0.000000000000000000e+00 0.000000000000000000e+00 0.000000000000000000e+00 0.000000000000000000e+00 0.000000000000000000e+00 0.000000000000000000e+00 4.429897196969697082e-01 0.000000000000000000e+00 0.000000000000000000e+00 0.000000000000000000e+00 0.000000000000000000e+00 0.000000000000000000e+00 0.000000000000000000e+00 0.000000000000000000e+00 0.000000000000000000e+00 0.000000000000000000e+00 0.000000000000000000e+00 0.000000000000000000e+00 0.000000000000000000e+00 0.000000000000000000e+00 0.000000000000000000e+00 0.000000000000000000e+00 0.000000000000000000e+00 0.000000000000000000e+00 3.890314538461538407e-01 0.000000000000000000e+00 0.000000000000000000e+00 0.000000000000000000e+00 0.000000000000000000e+00 0.000000000000000000e+00 0.000000000000000000e+00 0.000000000000000000e+00 0.000000000000000000e+00 0.000000000000000000e+00 0.000000000000000000e+00 0.000000000000000000e+00 0.000000000000000000e+00
3.550447055829925591e-01 4.473489532343941644e-01 3.796515992224643310e-01 4.654774675462104438e-01 0.000000000000000000e+00 0.000000000000000000e+00 3.380474921475674632e-01 4.545207826975352083e-01 3.422234621504366414e-01 0.000000000000000000e+00 2.908201077947097923e-01 4.604891594786835185e-01 3.027480385096404936e-01 4.326972350915949672e-01 3.790241426428784255e-01 0.000000000000000000e+00 3.494797721072800400e-01 4.895475588235294051e-01 4.066642890230832696e-01 4.818744020363976976e-01 0.000000000000000000e+00 0.000000000000000000e+00 3.848748006549366774e-01 4.563981060732385520e-01 0.000000000000000000e+00 0.000000000000000000e+00 0.000000000000000000e+00 0.000000000000000000e+00 3.415987319660517274e-01 4.540761218959400436e-01 3.693021539772726181e-01 4.170801375000000033e-01 3.856560476831899509e-01 4.691537640740474080e-01 4.390090898876403691e-01 0.000000000000000000e+00 4.815172794117645871e-01 0.000000000000000000e+00 0.000000000000000000e+00 0.000000000000000000e+00 0.000000000000000000e+00 0.000000000000000000e+00 4.093863805309733706e-01 0.000000000000000000e+00 0.000000000000000000e+00 0.000000000000000000e+00 4.109013815533979486e-01 0.000000000000000000e+00 4.191054529482918789e-01 0.000000000000000000e+00 4.157498126305165798e-01 0.000000000000000000e+00 4.086133439574474724e-01 0.000000000000000000e+00 0.000000000000000000e+00 0.000000000000000000e+00 3.876287427916810802e-01 0.000000000000000000e+00 4.197665154655950692e-01 0.000000000000000000e+00 4.154920127005709563e-01 0.000000000000000000e+00 4.180316121452706257e-01 0.000000000000000000e+00 4.235091734210855718e-01 0.000000000000000000e+00 4.426144390029216336e-01 0.000000000000000000e+00 4.386695878171525398e-01 0.000000000000000000e+00 3.339102546400367633e-01 0.000000000000000000e+00 3.886455759816794808e-01 4.406107621046101985e-01 0.000000000000000000e+00 0.000000000000000000e+00 3.979494487800778191e-01 4.466926654137635677e-01 0.000000000000000000e+00 0.000000000000000000e+00 3.906064752210927082e-01 0.000000000000000000e+00 0.000000000000000000e+00 0.000000000000000000e+00 4.154147601693018443e-01 0.000000000000000000e+00 0.000000000000000000e+00 0.000000000000000000e+00 4.106844430906333443e-01 0.000000000000000000e+00 0.000000000000000000e+00 0.000000000000000000e+00 0.000000000000000000e+00 0.000000000000000000e+00 0.000000000000000000e+00 0.000000000000000000e+00 0.000000000000000000e+00 0.000000000000000000e+00 0.000000000000000000e+00 0.000000000000000000e+00 0.000000000000000000e+00 0.000000000000000000e+00 0.000000000000000000e+00 0.000000000000000000e+00 0.000000000000000000e+00 0.000000000000000000e+00 0.000000000000000000e+00 0.000000000000000000e+00 0.000000000000000000e+00 0.000000000000000000e+00 0.000000000000000000e+00 0.000000000000000000e+00 0.000000000000000000e+00 0.000000000000000000e+00 0.000000000000000000e+00 0.000000000000000000e+00
4.887609125041921243e-01 3.587629258037921542e-01 4.550020906844953195e-01 3.889092412590710590e-01 0.000000000000000000e+00 3.530218604651162440e-01 4.571174798323093813e-01 3.079773300748636644e-01 0.000000000000000000e+00 3.477202574756677045e-01 4.604891594786835185e-01 2.701918305571628376e-01 4.422974175101215266e-01 2.721203760044576536e-01 0.000000000000000000e+00 3.582545265983569927e-01 4.695062619047618568e-01 3.597188178551913307e-01 4.785621807499319535e-01 4.183094410877955527e-01 0.000000000000000000e+00 0.000000000000000000e+00 4.613842349761174688e-01 3.961676145932017667e-01 0.000000000000000000e+00 0.000000000000000000e+00 0.000000000000000000e+00 0.000000000000000000e+00 0.000000000000000000e+00 3.386618398714213440e-01 4.034351050329054722e-01 0.000000000000000000e+00 4.776634709075279761e-01 3.931579057788334719e-01 0.000000000000000000e+00 0.000000000000000000e+00 0.000000000000000000e+00 4.844182835654984309e-01 0.000000000000000000e+00 0.000000000000000000e+00 0.000000000000000000e+00 0.000000000000000000e+00 0.000000000000000000e+00 0.000000000000000000e+00 0.000000000000000000e+00 0.000000000000000000e+00 0.000000000000000000e+00 0.000000000000000000e+00 0.000000000000000000e+00 4.268598971962616617e-01 0.000000000000000000e+00 3.988075537482652089e-01 0.000000000000000000e+00 0.000000000000000000e+00 0.000000000000000000e+00 0.000000000000000000e+00 0.000000000000000000e+00 4.094515293332753325e-01 0.000000000000000000e+00 4.320626228994394746e-01 0.000000000000000000e+00 4.104431669176149544e-01 0.000000000000000000e+00 4.156807406126042936e-01 0.000000000000000000e+00 4.122602375337433567e-01 0.000000000000000000e+00 4.410942435916336279e-01 0.000000000000000000e+00 4.443410633470148419e-01 4.594148062234382213e-01 3.353016224557127112e-01 4.804256666666666953e-01 4.001863285748029631e-01 0.000000000000000000e+00 0.000000000000000000e+00 0.000000000000000000e+00 4.011609318200846652e-01 0.000000000000000000e+00 4.471479213483145476e-01 0.000000000000000000e+00 4.324698181639477501e-01 0.000000000000000000e+00 0.000000000000000000e+00 0.000000000000000000e+00 4.337144532331281832e-01 0.000000000000000000e+00 0.000000000000000000e+00 0.000000000000000000e+00 4.426475217123219674e-01 0.000000000000000000e+00 4.012137068965516695e-01 0.000000000000000000e+00 0.000000000000000000e+00 0.000000000000000000e+00 0.000000000000000000e+00 0.000000000000000000e+00 0.000000000000000000e+00 0.000000000000000000e+00 0.000000000000000000e+00 0.000000000000000000e+00 0.000000000000000000e+00 0.000000000000000000e+00 4.264828796992481408e-01 0.000000000000000000e+00 0.000000000000000000e+00 0.000000000000000000e+00 0.000000000000000000e+00 0.000000000000000000e+00 0.000000000000000000e+00 0.000000000000000000e+00 0.000000000000000000e+00 0.000000000000000000e+00 0.000000000000000000e+00 0.000000000000000000e+00 0.000000000000000000e+00
3.767992637080658236e-01 0.000000000000000000e+00 3.523576860905776598e-01 4.436412636211073401e-01 3.447507307692307954e-01 0.000000000000000000e+00 3.197407845268392390e-01 4.270353864211240968e-01 2.910003077733731014e-01 4.304073857142857729e-01 3.027480385096404936e-01 4.422974175101215266e-01 2.709356678896310267e-01 4.316833905040808328e-01 3.214791010417136774e-01 4.341152542789763480e-01 3.891413123091430615e-01 0.000000000000000000e+00 3.954777727063238379e-01 4.660197362185686809e-01 0.000000000000000000e+00 0.000000000000000000e+00 3.709527256804793227e-01 4.328724168679480844e-01 0.000000000000000000e+00 3.797147806338028175e-01 0.000000000000000000e+00 0.000000000000000000e+00 3.485046664561473606e-01 4.427112333613720252e-01 3.521228211919648077e-01 4.370467578534540376e-01 3.870151075962006693e-01 4.485864999162114675e-01 0.000000000000000000e+00 0.000000000000000000e+00 3.839798991108216986e-01 0.000000000000000000e+00 4.129762368421053265e-01 0.000000000000000000e+00 0.000000000000000000e+00 0.000000000000000000e+00 0.000000000000000000e+00 0.000000000000000000e+00 4.188769833333332859e-01 0.000000000000000000e+00 4.418271804511278433e-01 0.000000000000000000e+00 4.011342087868650097e-01 0.000000000000000000e+00 4.057240861138320942e-01 0.000000000000000000e+00 4.035764924320943692e-01 0.000000000000000000e+00 4.011999505632550256e-01 0.000000000000000000e+00 3.943777961127704623e-01 0.000000000000000000e+00 4.068167484178220050e-01 0.000000000000000000e+00 4.091165134285384419e-01 0.000000000000000000e+00 4.068625483992056036e-01 0.000000000000000000e+00 4.131894547550734043e-01 0.000000000000000000e+00 4.275138836271370479e-01 4.725240909090909769e-01 4.102362660748373191e-01 0.000000000000000000e+00 3.235306166745034462e-01 0.000000000000000000e+00 3.762400040955613534e-01 4.234629905025906749e-01 3.262402105263157437e-01 0.000000000000000000e+00 3.839592796518305762e-01 4.230533869841269778e-01 0.000000000000000000e+00 0.000000000000000000e+00 3.761059087613262131e-01 0.000000000000000000e+00 3.739223537414966270e-01 0.000000000000000000e+00 3.991862002279881749e-01 0.000000000000000000e+00 4.124128785714285539e-01 0.000000000000000000e+00 4.014380855697033956e-01 0.000000000000000000e+00 0.000000000000000000e+00 0.000000000000000000e+00 0.000000000000000000e+00 0.000000000000000000e+00 0.000000000000000000e+00 0.000000000000000000e+00 0.000000000000000000e+00 0.000000000000000000e+00 0.000000000000000000e+00 0.000000000000000000e+00 0.000000000000000000e+00 0.000000000000000000e+00 3.971197317073171251e-01 4.227020859557110155e-01 0.000000000000000000e+00 0.000000000000000000e+00 0.000000000000000000e+00 0.000000000000000000e+00 0.000000000000000000e+00 0.000000000000000000e+00 0.000000000000000000e+00 0.000000000000000000e+00 0.000000000000000000e+00 0.000000000000000000e+00 0.000000000000000000e+00 0.000000000000000000e+00
