2.692968508713295961e-01 4.841527471448540676e-01 3.954395460570632737e-01 5.032592420288126700e-01 4.487676013785789619e-01 0.000000000000000000e+00 3.236386640239735102e-01 4.475784278626880330e-01 3.879939344336962304e-01 0.000000000000000000e+00 2.954314552645625480e-01 4.347026901408450605e-01 3.704629303378690897e-01 4.697410583333333500e-01 3.912217831099857879e-01 0.000000000000000000e+00 3.310298016450043401e-01 4.793297773906385895e-01 4.154270332380980979e-01 5.041983261664404470e-01 0.000000000000000000e+00 0.000000000000000000e+00 4.054609211231362531e-01 4.577714105263156474e-01 3.759790877358490935e-01 0.000000000000000000e+00 0.000000000000000000e+00 0.000000000000000000e+00 4.100969154386167603e-01 4.950185992122504430e-01 3.892470360389055917e-01 3.971156226415094026e-01 4.228711737057664899e-01 4.919267590678687574e-01 4.712977300000000258e-01 0.000000000000000000e+00 5.028287649689718863e-01 5.287061960489249923e-01 0.000000000000000000e+00 0.000000000000000000e+00 3.850422164660736168e-01 0.000000000000000000e+00 0.000000000000000000e+00 0.000000000000000000e+00 4.230001309449636926e-01 4.834017000000000452e-01 0.000000000000000000e+00 0.000000000000000000e+00 4.120126112947997132e-01 4.972832645649775674e-01 4.202321059709677731e-01 4.597716287878787500e-01 0.000000000000000000e+00 0.000000000000000000e+00 4.340736687297587215e-01 0.000000000000000000e+00 2.995248451552344204e-01 4.829264660827054523e-01 4.108590385243540144e-01 4.631726264403185356e-01 4.003276424980038994e-01 0.000000000000000000e+00 3.465349389218064236e-01 4.316376218487394945e-01 4.254783531008273778e-01 4.313946000000000169e-01 4.228231662335099617e-01 5.130237870430107705e-01 3.578641425526543629e-01 5.123970719312473943e-01 3.524209232024583804e-01 4.461142695114177492e-01 3.984093276580840670e-01 4.669513673541582088e-01 4.069712628815542743e-01 4.797568280898876769e-01 3.895788980487486786e-01 4.674632414327141161e-01 0.000000000000000000e+00 0.000000000000000000e+00 4.115464491362380017e-01 0.000000000000000000e+00 0.000000000000000000e+00 0.000000000000000000e+00 4.400049782115148522e-01 0.000000000000000000e+00 0.000000000000000000e+00 0.000000000000000000e+00 4.388396653724465635e-01 0.000000000000000000e+00 4.358631882774802180e-01 4.850295521306511315e-01 4.232591355458540372e-01 3.983042608695652742e-01 4.502292759889172657e-01 4.342851476112699061e-01 0.000000000000000000e+00 0.000000000000000000e+00 5.207875492655681393e-01 0.000000000000000000e+00 0.000000000000000000e+00 0.000000000000000000e+00 4.468707934813422877e-01 4.564000998924094832e-01 4.764980427850618594e-01 4.753369711009174381e-01 0.000000000000000000e+00 0.000000000000000000e+00 0.000000000000000000e+00 0.000000000000000000e+00 4.522734062500000096e-01 0.000000000000000000e+00 4.578294482758620831e-01 0.000000000000000000e+00 0.000000000000000000e+00 4.266592777777776790e-01
4.841527471448540676e-01 2.867975693866941511e-01 4.917580972309150700e-01 3.762776407946256674e-01 0.000000000000000000e+00 3.736957355371900991e-01 4.563113960035097283e-01 3.115172900126527700e-01 0.000000000000000000e+00 4.699409043358778737e-01 0.000000000000000000e+00 3.597476737560557636e-01 0.000000000000000000e+00 3.729872890097640781e-01 4.512648613138686149e-01 3.862753700927726852e-01 4.737623873897350846e-01 3.911914485242049544e-01 4.999938755698113413e-01 3.823878963616362814e-01 0.000000000000000000e+00 0.000000000000000000e+00 0.000000000000000000e+00 3.506022624999999837e-01 0.000000000000000000e+00 0.000000000000000000e+00 0.000000000000000000e+00 0.000000000000000000e+00 4.600464018115941744e-01 4.386643064976444295e-01 4.488826382978723939e-01 4.160412396753884745e-01 5.113697191249539920e-01 4.634414244422598306e-01 0.000000000000000000e+00 4.356139270833332966e-01 5.267206606606607000e-01 5.262755576257924783e-01 0.000000000000000000e+00 5.466146444281525518e-01 0.000000000000000000e+00 0.000000000000000000e+00 0.000000000000000000e+00 3.981474712161607310e-01 0.000000000000000000e+00 4.273463616600781112e-01 0.000000000000000000e+00 0.000000000000000000e+00 5.040050887096774179e-01 4.303799979156203159e-01 4.790769814441567243e-01 4.092021699416374392e-01 0.000000000000000000e+00 4.273182851265236448e-01 0.000000000000000000e+00 4.434350574712643267e-01 4.796569690586356405e-01 3.335981616546895290e-01 4.577680226415095088e-01 4.295136848649839800e-01 0.000000000000000000e+00 4.147639526517917785e-01 0.000000000000000000e+00 4.343223038678812320e-01 0.000000000000000000e+00 4.069829660375270941e-01 4.936920538233793287e-01 3.449055894477178197e-01 5.232548622761625801e-01 3.266399182067139528e-01 0.000000000000000000e+00 3.857858416657174438e-01 4.623202279279636229e-01 4.295997058968781257e-01 4.744644545454546058e-01 4.221088577327453129e-01 4.580830856442507648e-01 4.033932143943232407e-01 0.000000000000000000e+00 0.000000000000000000e+00 4.774870810810810107e-01 4.370833684346575598e-01 0.000000000000000000e+00 4.109091954887217901e-01 4.572387077359209018e-01 4.435760677017185349e-01 0.000000000000000000e+00 0.000000000000000000e+00 4.458289217687073647e-01 4.466056918563525713e-01 4.395536527285264228e-01 4.724131450872359750e-01 0.000000000000000000e+00 4.517416740740740067e-01 0.000000000000000000e+00 4.572128525717704117e-01 0.000000000000000000e+00 0.000000000000000000e+00 0.000000000000000000e+00 5.126342232537925980e-01 4.118847666666666796e-01 0.000000000000000000e+00 4.345404149678604444e-01 4.422486148972281095e-01 4.848308333333333220e-01 4.968647715241510943e-01 4.313183275862069177e-01 0.000000000000000000e+00 0.000000000000000000e+00 0.000000000000000000e+00 0.000000000000000000e+00 0.000000000000000000e+00 0.000000000000000000e+00 4.317731984146366275e-01 0.000000000000000000e+00 4.601787088551549387e-01
3.954395460570632737e-01 4.917580972309150700e-01 2.845718855925443713e-01 4.161753072296651701e-01 2.390940358696508339e-01 3.688324944292237229e-01 3.116575657852086456e-01 4.265416431940574626e-01 3.032996031731071684e-01 3.807781136643858533e-01 3.938416035366126833e-01 4.196042979450939070e-01 3.333195666937951440e-01 4.080568411061156198e-01 3.306890986373296482e-01 3.856854602509015573e-01 4.233861581822068176e-01 0.000000000000000000e+00 3.281867483062684832e-01 5.146651941942241848e-01 3.088991777777777559e-01 0.000000000000000000e+00 2.753628421439557328e-01 4.061061457064862878e-01 2.102430049175722793e-01 3.745032881355932486e-01 2.665703643284216273e-01 3.737661638297872235e-01 3.854261266601833325e-01 3.845981866666666749e-01 3.502453869456197411e-01 3.882714224460148689e-01 4.013929896898446592e-01 4.898428419000526723e-01 3.995147704775242614e-01 0.000000000000000000e+00 4.734441810385195404e-01 5.662387663218391154e-01 4.381614368932039150e-01 0.000000000000000000e+00 0.000000000000000000e+00 0.000000000000000000e+00 0.000000000000000000e+00 0.000000000000000000e+00 4.283525480225988114e-01 0.000000000000000000e+00 3.709348958333333890e-01 0.000000000000000000e+00 4.347799878544351682e-01 0.000000000000000000e+00 4.160958374784150537e-01 0.000000000000000000e+00 3.965335229357798696e-01 0.000000000000000000e+00 4.391176665178571636e-01 0.000000000000000000e+00 4.210154917476601200e-01 4.850329411904761856e-01 4.353311820797364784e-01 4.179865534591193921e-01 4.079930386360750005e-01 0.000000000000000000e+00 3.851100092692669730e-01 0.000000000000000000e+00 4.181820280839903536e-01 0.000000000000000000e+00 4.447115518273838108e-01 4.822891666666666577e-01 4.273823204989864455e-01 0.000000000000000000e+00 3.614739746804376819e-01 4.543587371565391830e-01 3.679146643401121075e-01 4.377386074842444796e-01 3.484065670044381724e-01 4.110886623376622806e-01 3.807287084356141271e-01 4.184674764110411505e-01 0.000000000000000000e+00 0.000000000000000000e+00 3.966408973948304384e-01 0.000000000000000000e+00 0.000000000000000000e+00 0.000000000000000000e+00 4.238722424354172680e-01 4.061198814814814817e-01 0.000000000000000000e+00 0.000000000000000000e+00 4.170850536962622535e-01 0.000000000000000000e+00 3.914484087339692997e-01 4.423739859803715313e-01 4.003543925340695697e-01 0.000000000000000000e+00 4.054324359845846715e-01 0.000000000000000000e+00 0.000000000000000000e+00 0.000000000000000000e+00 4.086255079733585593e-01 4.191151148328896570e-01 4.103387602499999343e-01 0.000000000000000000e+00 4.120608244830555322e-01 4.011241992555831803e-01 4.806547934782609555e-01 0.000000000000000000e+00 0.000000000000000000e+00 0.000000000000000000e+00 0.000000000000000000e+00 0.000000000000000000e+00 0.000000000000000000e+00 0.000000000000000000e+00 0.000000000000000000e+00 0.000000000000000000e+00 0.000000000000000000e+00 0.000000000000000000e+00
5.032592420288126700e-01 3.762776407946256674e-01 4.161753072296651701e-01 2.502607001824461719e-01 0.000000000000000000e+00 2.892494742843900180e-01 4.186523520911561436e-01 3.402093972585464310e-01 3.832754279254337315e-01 3.519606793048063453e-01 4.517231653247530399e-01 3.886088966600140249e-01 3.978373857087900145e-01 3.417833601492524243e-01 3.547668658536585196e-01 3.382743829851154183e-01 4.672652828652874568e-01 4.238047531418535074e-01 5.124715701348978580e-01 3.056052107969687848e-01 0.000000000000000000e+00 0.000000000000000000e+00 3.986150092340700613e-01 2.244401324660827424e-01 0.000000000000000000e+00 2.437735452791494895e-01 0.000000000000000000e+00 2.800706377410437931e-01 4.583850793061474138e-01 3.953084869366589316e-01 3.759574823281681133e-01 2.770220426327675844e-01 5.126074293043882957e-01 3.820087956253290229e-01 0.000000000000000000e+00 4.257046621052632540e-01 5.493721797752809666e-01 4.879019281348441206e-01 0.000000000000000000e+00 5.632442985074627151e-01 0.000000000000000000e+00 3.905449230769230673e-01 0.000000000000000000e+00 0.000000000000000000e+00 0.000000000000000000e+00 4.577843220714351569e-01 0.000000000000000000e+00 0.000000000000000000e+00 0.000000000000000000e+00 4.480406842514068622e-01 0.000000000000000000e+00 4.208881528554965779e-01 0.000000000000000000e+00 0.000000000000000000e+00 0.000000000000000000e+00 0.000000000000000000e+00 4.985209780003569402e-01 4.232718268452682620e-01 0.000000000000000000e+00 4.435875498544347151e-01 0.000000000000000000e+00 0.000000000000000000e+00 4.597082363636363911e-01 4.078691187851930522e-01 0.000000000000000000e+00 4.054964388709677570e-01 0.000000000000000000e+00 4.294603954655108469e-01 4.891574955284553328e-01 4.834330652582641275e-01 4.815343409090909188e-01 3.763726951721768632e-01 4.375527677738433319e-01 3.852521927484096609e-01 0.000000000000000000e+00 3.759573819572633036e-01 4.404576630474726362e-01 3.938874831113781672e-01 0.000000000000000000e+00 0.000000000000000000e+00 5.102942783505154400e-01 3.943216374709620498e-01 0.000000000000000000e+00 0.000000000000000000e+00 0.000000000000000000e+00 4.108418366817435108e-01 0.000000000000000000e+00 0.000000000000000000e+00 0.000000000000000000e+00 3.851020309278350706e-01 4.581661003804718413e-01 4.180216539765211903e-01 0.000000000000000000e+00 4.170471521652927005e-01 4.190099361702127045e-01 3.624676463414634453e-01 0.000000000000000000e+00 0.000000000000000000e+00 0.000000000000000000e+00 4.719458214285713882e-01 0.000000000000000000e+00 0.000000000000000000e+00 4.078038242458885687e-01 4.227482150551087892e-01 4.261670416666666905e-01 5.022209166666665725e-01 0.000000000000000000e+00 0.000000000000000000e+00 0.000000000000000000e+00 0.000000000000000000e+00 0.000000000000000000e+00 0.000000000000000000e+00 0.000000000000000000e+00 0.000000000000000000e+00 0.000000000000000000e+00 0.000000000000000000e+00
4.487676013785789619e-01 0.000000000000000000e+00 2.390940358696508339e-01 0.000000000000000000e+00 2.113140051283441401e-01 3.467389599999999850e-01 2.566435310185185004e-01 3.749488040591343330e-01 2.228733927366353673e-01 3.680170118326118178e-01 3.286499889982624767e-01 0.000000000000000000e+00 3.691955272727271420e-01 3.813797738507738733e-01 2.676800733107514985e-01 3.827662021125960434e-01 3.537603683135293609e-01 0.000000000000000000e+00 3.644367140871045407e-01 4.635201839999998907e-01 3.070739004895875479e-01 0.000000000000000000e+00 2.382459711858715412e-01 3.761278489515187395e-01 2.075003054440159589e-01 4.005963615659702270e-01 2.270683199377223627e-01 0.000000000000000000e+00 3.269005098976794366e-01 0.000000000000000000e+00 2.896642266998284421e-01 2.982110665961945073e-01 0.000000000000000000e+00 4.208896870229008047e-01 0.000000000000000000e+00 0.000000000000000000e+00 0.000000000000000000e+00 0.000000000000000000e+00 0.000000000000000000e+00 0.000000000000000000e+00 2.849812768939393726e-01 0.000000000000000000e+00 0.000000000000000000e+00 0.000000000000000000e+00 4.566595227272727264e-01 0.000000000000000000e+00 4.193937641509433156e-01 0.000000000000000000e+00 0.000000000000000000e+00 0.000000000000000000e+00 0.000000000000000000e+00 0.000000000000000000e+00 4.238483000000000112e-01 0.000000000000000000e+00 4.174456119353114891e-01 0.000000000000000000e+00 0.000000000000000000e+00 0.000000000000000000e+00 0.000000000000000000e+00 0.000000000000000000e+00 3.839847763864042696e-01 0.000000000000000000e+00 0.000000000000000000e+00 0.000000000000000000e+00 4.002271769911504018e-01 0.000000000000000000e+00 3.582454259259258977e-01 0.000000000000000000e+00 4.503562125984251208e-01 0.000000000000000000e+00 3.088727256523683962e-01 3.334252582364340967e-01 2.999733595668627184e-01 0.000000000000000000e+00 2.952745722898205138e-01 0.000000000000000000e+00 3.318647603947494362e-01 0.000000000000000000e+00 0.000000000000000000e+00 0.000000000000000000e+00 3.851842421052630860e-01 0.000000000000000000e+00 3.690975094339621898e-01 0.000000000000000000e+00 3.710989741337170078e-01 0.000000000000000000e+00 0.000000000000000000e+00 0.000000000000000000e+00 3.787524051724137086e-01 0.000000000000000000e+00 0.000000000000000000e+00 0.000000000000000000e+00 0.000000000000000000e+00 0.000000000000000000e+00 3.788922528735632622e-01 0.000000000000000000e+00 0.000000000000000000e+00 0.000000000000000000e+00 0.000000000000000000e+00 0.000000000000000000e+00 0.000000000000000000e+00 0.000000000000000000e+00 0.000000000000000000e+00 3.741882824427480991e-01 0.000000000000000000e+00 0.000000000000000000e+00 0.000000000000000000e+00 0.000000000000000000e+00 0.000000000000000000e+00 0.000000000000000000e+00 0.000000000000000000e+00 0.000000000000000000e+00 0.000000000000000000e+00 0.000000000000000000e+00 0.000000000000000000e+00 0.000000000000000000e+00
0.000000000000000000e+00 3.736957355371900991e-01 3.688324944292237229e-01 2.892494742843900180e-01 3.467389599999999850e-01 1.867663136976542848e-01 0.000000000000000000e+00 2.921250816700660113e-01 0.000000000000000000e+00 2.267269367676787162e-01 0.000000000000000000e+00 0.000000000000000000e+00 0.000000000000000000e+00 0.000000000000000000e+00 3.702136261020262942e-01 2.800535951293066650e-01 0.000000000000000000e+00 0.000000000000000000e+00 0.000000000000000000e+00 4.697256551724138252e-01 0.000000000000000000e+00 0.000000000000000000e+00 3.569762182739645850e-01 2.122620972388278571e-01 3.577508436819172299e-01 2.060470549531543405e-01 3.524839491525424418e-01 2.037588234762401918e-01 0.000000000000000000e+00 3.095722537762237714e-01 3.473607324877856506e-01 3.056517622357659558e-01 0.000000000000000000e+00 3.530870693573667229e-01 0.000000000000000000e+00 0.000000000000000000e+00 0.000000000000000000e+00 0.000000000000000000e+00 0.000000000000000000e+00 0.000000000000000000e+00 0.000000000000000000e+00 0.000000000000000000e+00 0.000000000000000000e+00 0.000000000000000000e+00 0.000000000000000000e+00 0.000000000000000000e+00 0.000000000000000000e+00 0.000000000000000000e+00 0.000000000000000000e+00 0.000000000000000000e+00 0.000000000000000000e+00 0.000000000000000000e+00 0.000000000000000000e+00 0.000000000000000000e+00 0.000000000000000000e+00 0.000000000000000000e+00 0.000000000000000000e+00 4.440757894736842570e-01 0.000000000000000000e+00 3.986048672566371853e-01 0.000000000000000000e+00 0.000000000000000000e+00 0.000000000000000000e+00 0.000000000000000000e+00 0.000000000000000000e+00 0.000000000000000000e+00 0.000000000000000000e+00 0.000000000000000000e+00 0.000000000000000000e+00 0.000000000000000000e+00 3.167180416666666720e-01 2.955299092149605289e-01 0.000000000000000000e+00 3.127845996938050099e-01 0.000000000000000000e+00 2.960102177102631460e-01 0.000000000000000000e+00 3.349705122971768922e-01 0.000000000000000000e+00 0.000000000000000000e+00 0.000000000000000000e+00 0.000000000000000000e+00 0.000000000000000000e+00 0.000000000000000000e+00 0.000000000000000000e+00 0.000000000000000000e+00 0.000000000000000000e+00 0.000000000000000000e+00 0.000000000000000000e+00 0.000000000000000000e+00 0.000000000000000000e+00 0.000000000000000000e+00 0.000000000000000000e+00 0.000000000000000000e+00 0.000000000000000000e+00 0.000000000000000000e+00 0.000000000000000000e+00 0.000000000000000000e+00 0.000000000000000000e+00 0.000000000000000000e+00 0.000000000000000000e+00 0.000000000000000000e+00 0.000000000000000000e+00 4.134088800000000341e-01 0.000000000000000000e+00 0.000000000000000000e+00 0.000000000000000000e+00 0.000000000000000000e+00 0.000000000000000000e+00 0.000000000000000000e+00 0.000000000000000000e+00 0.000000000000000000e+00 0.000000000000000000e+00 0.000000000000000000e+00 0.000000000000000000e+00 0.000000000000000000e+00
3.236386640239735102e-01 4.563113960035097283e-01 3.116575657852086456e-01 4.186523520911561436e-01 2.566435310185185004e-01 0.000000000000000000e+00 2.557655617169528606e-01 4.133958191851944686e-01 2.838820726072083245e-01 3.903653846153846696e-01 3.882014160801376956e-01 4.072742006373441526e-01 2.608289757585851021e-01 3.916013312245917311e-01 2.810909443920916462e-01 3.724021456742203640e-01 4.004104676242809524e-01 4.082428470588236324e-01 4.091033417262789906e-01 4.685300442872600279e-01 0.000000000000000000e+00 0.000000000000000000e+00 3.713978012252020511e-01 4.116847366259888119e-01 0.000000000000000000e+00 0.000000000000000000e+00 0.000000000000000000e+00 0.000000000000000000e+00 3.381632875917925385e-01 4.499265592558769900e-01 3.383591299936251628e-01 3.830081248067699340e-01 3.868287253241707302e-01 4.614053525413479573e-01 0.000000000000000000e+00 0.000000000000000000e+00 4.255634882423877108e-01 0.000000000000000000e+00 0.000000000000000000e+00 0.000000000000000000e+00 0.000000000000000000e+00 0.000000000000000000e+00 3.860829469696969718e-01 0.000000000000000000e+00 3.934021891245600422e-01 0.000000000000000000e+00 0.000000000000000000e+00 0.000000000000000000e+00 4.046135054990022684e-01 0.000000000000000000e+00 4.047049010293409244e-01 0.000000000000000000e+00 4.004099926155051947e-01 0.000000000000000000e+00 4.045308421815407840e-01 0.000000000000000000e+00 3.887742485606586196e-01 0.000000000000000000e+00 4.125466824246594166e-01 4.772646173913044354e-01 4.025017498689543172e-01 0.000000000000000000e+00 3.636761464705882685e-01 0.000000000000000000e+00 4.000953973045537904e-01 0.000000000000000000e+00 4.184507491652070810e-01 0.000000000000000000e+00 4.271614688766118273e-01 0.000000000000000000e+00 3.146050991344376269e-01 4.276647678899488936e-01 3.469568303289501943e-01 4.234214872360390625e-01 3.389395090909090857e-01 3.493638425595237962e-01 3.514493558979972510e-01 4.227035643881454363e-01 0.000000000000000000e+00 0.000000000000000000e+00 3.769719447380845412e-01 0.000000000000000000e+00 0.000000000000000000e+00 0.000000000000000000e+00 4.122939207520295857e-01 0.000000000000000000e+00 0.000000000000000000e+00 0.000000000000000000e+00 4.327450277495676345e-01 0.000000000000000000e+00 0.000000000000000000e+00 4.399997716535433145e-01 0.000000000000000000e+00 0.000000000000000000e+00 0.000000000000000000e+00 0.000000000000000000e+00 0.000000000000000000e+00 0.000000000000000000e+00 4.356747403846153999e-01 0.000000000000000000e+00 0.000000000000000000e+00 0.000000000000000000e+00 0.000000000000000000e+00 4.420266826347305500e-01 0.000000000000000000e+00 0.000000000000000000e+00 0.000000000000000000e+00 0.000000000000000000e+00 0.000000000000000000e+00 0.000000000000000000e+00 0.000000000000000000e+00 0.000000000000000000e+00 0.000000000000000000e+00 0.000000000000000000e+00 0.000000000000000000e+00 0.000000000000000000e+00
4.475784278626880330e-01 3.115172900126527700e-01 4.265416431940574626e-01 3.402093972585464310e-01 3.749488040591343330e-01 2.921250816700660113e-01 4.133958191851944686e-01 2.326040047163726865e-01 3.828737789890025445e-01 2.818768064958330211e-01 4.280353834028664539e-01 2.833821167476019975e-01 3.964715292969434590e-01 2.125691179991893998e-01 3.875700860285413163e-01 2.861849928779561791e-01 4.452551110250963506e-01 4.071992813516460141e-01 4.582526976472675595e-01 3.986647611765548604e-01 0.000000000000000000e+00 0.000000000000000000e+00 4.091902483227937704e-01 3.447523731181663109e-01 3.943846164682540123e-01 0.000000000000000000e+00 3.608730967741935469e-01 0.000000000000000000e+00 4.273780766138868814e-01 3.393164690407791118e-01 4.009219195722577012e-01 3.600232702724655565e-01 4.635984435795075798e-01 3.983333124604581110e-01 0.000000000000000000e+00 4.779435000000000766e-01 4.256423409090909216e-01 4.437227547018215978e-01 0.000000000000000000e+00 0.000000000000000000e+00 0.000000000000000000e+00 0.000000000000000000e+00 0.000000000000000000e+00 4.089853548387096804e-01 0.000000000000000000e+00 4.146593629769409484e-01 0.000000000000000000e+00 4.325359432624112932e-01 0.000000000000000000e+00 4.139033223837375042e-01 4.055982957142857392e-01 3.938199833265195737e-01 0.000000000000000000e+00 3.832077754855033325e-01 0.000000000000000000e+00 3.650858887084377780e-01 4.657561472868216867e-01 4.039222281043443052e-01 4.247906756292906261e-01 4.114145068937438698e-01 4.258827083333333041e-01 3.812828139709883435e-01 0.000000000000000000e+00 3.708898701532885589e-01 4.457223957166298600e-01 3.922795437773918814e-01 4.596669573115442775e-01 4.428880226717589186e-01 0.000000000000000000e+00 4.023809771428570881e-01 4.241070432299182680e-01 3.214202376954119478e-01 4.201172741269443289e-01 3.468330454126772877e-01 0.000000000000000000e+00 3.739839919062418194e-01 4.276767766528946635e-01 3.458012449427185220e-01 0.000000000000000000e+00 0.000000000000000000e+00 4.198110695652173541e-01 3.998148122108914904e-01 0.000000000000000000e+00 0.000000000000000000e+00 4.301394195714285384e-01 4.030572466950835819e-01 0.000000000000000000e+00 0.000000000000000000e+00 0.000000000000000000e+00 3.996690024427950738e-01 4.016115445381249760e-01 3.907118320610686868e-01 0.000000000000000000e+00 0.000000000000000000e+00 4.070323478260869376e-01 2.962993789473684636e-01 0.000000000000000000e+00 0.000000000000000000e+00 0.000000000000000000e+00 3.926289459459458286e-01 0.000000000000000000e+00 0.000000000000000000e+00 0.000000000000000000e+00 0.000000000000000000e+00 0.000000000000000000e+00 3.846769436464727576e-01 0.000000000000000000e+00 0.000000000000000000e+00 0.000000000000000000e+00 0.000000000000000000e+00 3.972000747663551601e-01 0.000000000000000000e+00 0.000000000000000000e+00 0.000000000000000000e+00 0.000000000000000000e+00 0.000000000000000000e+00
3.879939344336962304e-01 0.000000000000000000e+00 3.032996031731071684e-01 3.832754279254337315e-01 2.228733927366353673e-01 0.000000000000000000e+00 2.838820726072083245e-01 3.828737789890025445e-01 1.981009691076336399e-01 3.881634561769171099e-01 3.448894719643947893e-01 3.813880519713261918e-01 2.936466028432131448e-01 3.985316437224508124e-01 2.546105939671571838e-01 3.741434655550413546e-01 3.529457495316914439e-01 0.000000000000000000e+00 3.900751745426829231e-01 0.000000000000000000e+00 0.000000000000000000e+00 0.000000000000000000e+00 3.186187781699710841e-01 3.594043970404706689e-01 0.000000000000000000e+00 3.858292979541734224e-01 2.233131614583333258e-01 0.000000000000000000e+00 3.286008738144300945e-01 0.000000000000000000e+00 3.294458764720658017e-01 3.511237250976489421e-01 0.000000000000000000e+00 4.095764242479823514e-01 4.116013719008264626e-01 0.000000000000000000e+00 3.570379816963482611e-01 0.000000000000000000e+00 0.000000000000000000e+00 0.000000000000000000e+00 0.000000000000000000e+00 0.000000000000000000e+00 0.000000000000000000e+00 0.000000000000000000e+00 3.779539428571428439e-01 0.000000000000000000e+00 0.000000000000000000e+00 0.000000000000000000e+00 0.000000000000000000e+00 0.000000000000000000e+00 0.000000000000000000e+00 0.000000000000000000e+00 0.000000000000000000e+00 0.000000000000000000e+00 0.000000000000000000e+00 0.000000000000000000e+00 3.939795190778213607e-01 0.000000000000000000e+00 3.853745922330097384e-01 0.000000000000000000e+00 4.020166903389683632e-01 0.000000000000000000e+00 3.889221798415493647e-01 0.000000000000000000e+00 4.038825842696629476e-01 0.000000000000000000e+00 3.936167577956989350e-01 0.000000000000000000e+00 4.224649108910891182e-01 0.000000000000000000e+00 3.115069712179407424e-01 0.000000000000000000e+00 3.307253520433575122e-01 4.092968311688311434e-01 3.151283503861003754e-01 0.000000000000000000e+00 3.504153395844576413e-01 3.935564464285714048e-01 0.000000000000000000e+00 0.000000000000000000e+00 3.685092320845059222e-01 0.000000000000000000e+00 0.000000000000000000e+00 0.000000000000000000e+00 3.864284409203395110e-01 0.000000000000000000e+00 0.000000000000000000e+00 0.000000000000000000e+00 3.850263394233733871e-01 0.000000000000000000e+00 0.000000000000000000e+00 0.000000000000000000e+00 3.650027969924812266e-01 0.000000000000000000e+00 4.050909247311827444e-01 0.000000000000000000e+00 0.000000000000000000e+00 0.000000000000000000e+00 0.000000000000000000e+00 0.000000000000000000e+00 0.000000000000000000e+00 0.000000000000000000e+00 0.000000000000000000e+00 0.000000000000000000e+00 0.000000000000000000e+00 0.000000000000000000e+00 0.000000000000000000e+00 0.000000000000000000e+00 0.000000000000000000e+00 0.000000000000000000e+00 0.000000000000000000e+00 0.000000000000000000e+00 0.000000000000000000e+00 0.000000000000000000e+00 0.000000000000000000e+00 0.000000000000000000e+00
0.000000000000000000e+00 4.699409043358778737e-01 3.807781136643858533e-01 3.519606793048063453e-01 3.680170118326118178e-01 2.267269367676787162e-01 3.903653846153846696e-01 2.818768064958330211e-01 3.881634561769171099e-01 2.218957908097395904e-01 0.000000000000000000e+00 3.415513465643274515e-01 4.054846619718310285e-01 3.398841619358498045e-01 3.771113993655166863e-01 2.704691742780433450e-01 0.000000000000000000e+00 0.000000000000000000e+00 0.000000000000000000e+00 3.628358135935245143e-01 0.000000000000000000e+00 0.000000000000000000e+00 3.723412154978666400e-01 0.000000000000000000e+00 3.786251732351168520e-01 0.000000000000000000e+00 3.678196507936508097e-01 2.197521666666666651e-01 0.000000000000000000e+00 3.121989425471893287e-01 3.433762280728875349e-01 3.344425070012916890e-01 0.000000000000000000e+00 4.094438491666666513e-01 0.000000000000000000e+00 0.000000000000000000e+00 0.000000000000000000e+00 0.000000000000000000e+00 0.000000000000000000e+00 0.000000000000000000e+00 0.000000000000000000e+00 0.000000000000000000e+00 0.000000000000000000e+00 0.000000000000000000e+00 0.000000000000000000e+00 0.000000000000000000e+00 0.000000000000000000e+00 0.000000000000000000e+00 0.000000000000000000e+00 0.000000000000000000e+00 0.000000000000000000e+00 0.000000000000000000e+00 0.000000000000000000e+00 0.000000000000000000e+00 0.000000000000000000e+00 0.000000000000000000e+00 0.000000000000000000e+00 0.000000000000000000e+00 0.000000000000000000e+00 0.000000000000000000e+00 0.000000000000000000e+00 0.000000000000000000e+00 0.000000000000000000e+00 3.533433431372549061e-01 0.000000000000000000e+00 0.000000000000000000e+00 0.000000000000000000e+00 4.177243235294117452e-01 0.000000000000000000e+00 0.000000000000000000e+00 0.000000000000000000e+00 2.908453118813542071e-01 0.000000000000000000e+00 3.351157448618833357e-01 0.000000000000000000e+00 3.563081693548387774e-01 0.000000000000000000e+00 3.510716354287666818e-01 0.000000000000000000e+00 0.000000000000000000e+00 0.000000000000000000e+00 0.000000000000000000e+00 0.000000000000000000e+00 0.000000000000000000e+00 0.000000000000000000e+00 3.829542471544715720e-01 0.000000000000000000e+00 0.000000000000000000e+00 0.000000000000000000e+00 0.000000000000000000e+00 0.000000000000000000e+00 0.000000000000000000e+00 0.000000000000000000e+00 0.000000000000000000e+00 0.000000000000000000e+00 0.000000000000000000e+00 0.000000000000000000e+00 0.000000000000000000e+00 0.000000000000000000e+00 0.000000000000000000e+00 0.000000000000000000e+00 0.000000000000000000e+00 0.000000000000000000e+00 3.926631364128090884e-01 0.000000000000000000e+00 0.000000000000000000e+00 0.000000000000000000e+00 0.000000000000000000e+00 0.000000000000000000e+00 0.000000000000000000e+00 0.000000000000000000e+00 0.000000000000000000e+00 0.000000000000000000e+00 0.000000000000000000e+00 0.000000000000000000e+00 0.000000000000000000e+00
2.954314552645625480e-01 0.000000000000000000e+00 3.938416035366126833e-01 4.517231653247530399e-01 3.286499889982624767e-01 0.000000000000000000e+00 3.882014160801376956e-01 4.280353834028664539e-01 3.448894719643947893e-01 0.000000000000000000e+00 2.316946666585256720e-01 0.000000000000000000e+00 2.721084444328412122e-01 4.090069236111111284e-01 3.540355887479444408e-01 4.043617252747251922e-01 3.225745563147109363e-01 0.000000000000000000e+00 4.140828414023786652e-01 4.509420000000000095e-01 0.000000000000000000e+00 0.000000000000000000e+00 4.012892147332986492e-01 4.238288777777777794e-01 0.000000000000000000e+00 0.000000000000000000e+00 0.000000000000000000e+00 0.000000000000000000e+00 3.177886893864606543e-01 0.000000000000000000e+00 3.757853033598389514e-01 4.291114052932213374e-01 3.841726542140179168e-01 4.476450763660720367e-01 4.208824569289518203e-01 0.000000000000000000e+00 4.658740285714285667e-01 0.000000000000000000e+00 0.000000000000000000e+00 0.000000000000000000e+00 0.000000000000000000e+00 0.000000000000000000e+00 0.000000000000000000e+00 0.000000000000000000e+00 0.000000000000000000e+00 0.000000000000000000e+00 4.068488672566371589e-01 0.000000000000000000e+00 0.000000000000000000e+00 0.000000000000000000e+00 4.242831467915363364e-01 0.000000000000000000e+00 0.000000000000000000e+00 0.000000000000000000e+00 0.000000000000000000e+00 0.000000000000000000e+00 3.862800634920635079e-01 0.000000000000000000e+00 4.140634006785370858e-01 0.000000000000000000e+00 4.179529867225230122e-01 0.000000000000000000e+00 3.958884142857142519e-01 0.000000000000000000e+00 4.278777916049583130e-01 0.000000000000000000e+00 4.306430702308097214e-01 0.000000000000000000e+00 4.319930144927536242e-01 0.000000000000000000e+00 3.624585396084651356e-01 4.393754767175065967e-01 3.545974033931241776e-01 4.275717576561439692e-01 0.000000000000000000e+00 0.000000000000000000e+00 3.726949156859218903e-01 4.288851211382113116e-01 0.000000000000000000e+00 0.000000000000000000e+00 3.948138586175228837e-01 0.000000000000000000e+00 0.000000000000000000e+00 0.000000000000000000e+00 4.340553140677626542e-01 0.000000000000000000e+00 0.000000000000000000e+00 0.000000000000000000e+00 4.223657394366196471e-01 0.000000000000000000e+00 0.000000000000000000e+00 0.000000000000000000e+00 0.000000000000000000e+00 0.000000000000000000e+00 0.000000000000000000e+00 0.000000000000000000e+00 0.000000000000000000e+00 0.000000000000000000e+00 0.000000000000000000e+00 0.000000000000000000e+00 0.000000000000000000e+00 0.000000000000000000e+00 0.000000000000000000e+00 0.000000000000000000e+00 0.000000000000000000e+00 0.000000000000000000e+00 0.000000000000000000e+00 0.000000000000000000e+00 0.000000000000000000e+00 0.000000000000000000e+00 0.000000000000000000e+00 0.000000000000000000e+00 0.000000000000000000e+00 0.000000000000000000e+00 0.000000000000000000e+00 0.000000000000000000e+00
4.347026901408450605e-01 3.597476737560557636e-01 4.196042979450939070e-01 3.886088966600140249e-01 0.000000000000000000e+00 0.000000000000000000e+00 4.072742006373441526e-01 2.833821167476019975e-01 3.813880519713261918e-01 3.415513465643274515e-01 0.000000000000000000e+00 2.540751698196296871e-01 4.007460447180148932e-01 2.414312117815251846e-01 0.000000000000000000e+00 2.894135106955779135e-01 0.000000000000000000e+00 2.878026398812860154e-01 4.561656672712824379e-01 4.099405670224869902e-01 0.000000000000000000e+00 0.000000000000000000e+00 4.225714807492668146e-01 3.673224353893709271e-01 0.000000000000000000e+00 0.000000000000000000e+00 0.000000000000000000e+00 0.000000000000000000e+00 0.000000000000000000e+00 3.092335351124020915e-01 4.023950590306094588e-01 3.658157529779296202e-01 4.227455396825396394e-01 3.962836803536514130e-01 4.999343454545454035e-01 4.659614725274725533e-01 0.000000000000000000e+00 4.447267249999999339e-01 0.000000000000000000e+00 0.000000000000000000e+00 0.000000000000000000e+00 0.000000000000000000e+00 0.000000000000000000e+00 0.000000000000000000e+00 0.000000000000000000e+00 4.427406584462848516e-01 0.000000000000000000e+00 0.000000000000000000e+00 0.000000000000000000e+00 4.124542037511668147e-01 0.000000000000000000e+00 3.884973905181884346e-01 0.000000000000000000e+00 3.908677333333333559e-01 0.000000000000000000e+00 3.953593333333333959e-01 0.000000000000000000e+00 3.975967023524880073e-01 0.000000000000000000e+00 4.175946755980595726e-01 0.000000000000000000e+00 3.912801151055173010e-01 0.000000000000000000e+00 3.991210527317521906e-01 0.000000000000000000e+00 3.981898242773536101e-01 0.000000000000000000e+00 4.464642343477538966e-01 4.775826311475409591e-01 4.770891648351647807e-01 0.000000000000000000e+00 3.410404384786292487e-01 3.920431494252874516e-01 3.792420557636393963e-01 0.000000000000000000e+00 0.000000000000000000e+00 4.229150773233339433e-01 3.765751897773183532e-01 0.000000000000000000e+00 0.000000000000000000e+00 0.000000000000000000e+00 4.049963914733361592e-01 0.000000000000000000e+00 0.000000000000000000e+00 0.000000000000000000e+00 4.286933405702931799e-01 0.000000000000000000e+00 0.000000000000000000e+00 0.000000000000000000e+00 4.129903797336847426e-01 0.000000000000000000e+00 0.000000000000000000e+00 0.000000000000000000e+00 0.000000000000000000e+00 0.000000000000000000e+00 0.000000000000000000e+00 0.000000000000000000e+00 0.000000000000000000e+00 0.000000000000000000e+00 0.000000000000000000e+00 0.000000000000000000e+00 0.000000000000000000e+00 0.000000000000000000e+00 0.000000000000000000e+00 0.000000000000000000e+00 0.000000000000000000e+00 0.000000000000000000e+00 0.000000000000000000e+00 0.000000000000000000e+00 0.000000000000000000e+00 0.000000000000000000e+00 0.000000000000000000e+00 0.000000000000000000e+00 4.302068958333333804e-01 0.000000000000000000e+00 0.000000000000000000e+00
3.704629303378690897e-01 0.000000000000000000e+00 3.333195666937951440e-01 3.978373857087900145e-01 3.691955272727271420e-01 0.000000000000000000e+00 2.608289757585851021e-01 3.964715292969434590e-01 2.936466028432131448e-01 4.054846619718310285e-01 2.721084444328412122e-01 4.007460447180148932e-01 2.354257442498034480e-01 3.968158037250168468e-01 2.278306598544161676e-01 3.801536520479438797e-01 3.957099502752441378e-01 0.000000000000000000e+00 3.997494774112483329e-01 4.376366704131811614e-01 0.000000000000000000e+00 0.000000000000000000e+00 3.544615600344626083e-01 4.152645926810051846e-01 0.000000000000000000e+00 0.000000000000000000e+00 3.453637999999999986e-01 0.000000000000000000e+00 2.808611674353721499e-01 3.920689620253163810e-01 3.363953852290071933e-01 4.124167409161393905e-01 3.518530782812777646e-01 4.342331233093756349e-01 3.176781075268816923e-01 0.000000000000000000e+00 3.559160505050504852e-01 4.694551428571427931e-01 0.000000000000000000e+00 0.000000000000000000e+00 0.000000000000000000e+00 0.000000000000000000e+00 0.000000000000000000e+00 0.000000000000000000e+00 0.000000000000000000e+00 0.000000000000000000e+00 0.000000000000000000e+00 0.000000000000000000e+00 4.219409852425181073e-01 0.000000000000000000e+00 4.324914777125291598e-01 0.000000000000000000e+00 0.000000000000000000e+00 0.000000000000000000e+00 0.000000000000000000e+00 0.000000000000000000e+00 4.068807979621724136e-01 4.506179117647059473e-01 4.230959622213070204e-01 0.000000000000000000e+00 4.212099415747627140e-01 0.000000000000000000e+00 4.025214205199742490e-01 0.000000000000000000e+00 4.230865454524536662e-01 0.000000000000000000e+00 3.758440318828621396e-01 0.000000000000000000e+00 4.415721349483111013e-01 4.484354476744186191e-01 2.792216278599632950e-01 4.446573812474018395e-01 3.403145876312819174e-01 4.134969665534222738e-01 3.025986060606060679e-01 0.000000000000000000e+00 3.624179809504619043e-01 4.028245170439225809e-01 0.000000000000000000e+00 0.000000000000000000e+00 3.962622946807128343e-01 0.000000000000000000e+00 0.000000000000000000e+00 0.000000000000000000e+00 4.272781452898837817e-01 4.311089262295082492e-01 4.184102708333333753e-01 0.000000000000000000e+00 4.431937299100686678e-01 0.000000000000000000e+00 0.000000000000000000e+00 4.399668604651162385e-01 0.000000000000000000e+00 0.000000000000000000e+00 0.000000000000000000e+00 0.000000000000000000e+00 0.000000000000000000e+00 0.000000000000000000e+00 0.000000000000000000e+00 0.000000000000000000e+00 0.000000000000000000e+00 0.000000000000000000e+00 0.000000000000000000e+00 4.863481507936508463e-01 3.755855045871559494e-01 0.000000000000000000e+00 0.000000000000000000e+00 0.000000000000000000e+00 0.000000000000000000e+00 0.000000000000000000e+00 0.000000000000000000e+00 0.000000000000000000e+00 0.000000000000000000e+00 0.000000000000000000e+00 0.000000000000000000e+00 0.000000000000000000e+00
