2.861808746871059572e-01 4.870859831584080646e-01 3.349202700777224595e-01 5.020477952252047071e-01 3.080804924322630423e-01 4.664671278195489101e-01 3.182558942251878520e-01 4.760890002898097162e-01 3.214565670146025678e-01 0.000000000000000000e+00 3.061374343341713433e-01 4.702649443181390887e-01 3.421371297450517823e-01 4.912575978260870224e-01 3.375239570887721974e-01 0.000000000000000000e+00 3.370849477735113342e-01 4.800614685776486978e-01 3.705550313568481413e-01 5.129141379762001129e-01 0.000000000000000000e+00 0.000000000000000000e+00 3.932749967579269867e-01 4.805940697074010393e-01 0.000000000000000000e+00 0.000000000000000000e+00 0.000000000000000000e+00 0.000000000000000000e+00 3.807247149455050272e-01 4.525948793200070819e-01 4.512710349461852011e-01 4.585519892456676461e-01 4.585304951019782971e-01 4.823519716101902222e-01 4.404048642183288065e-01 0.000000000000000000e+00 4.688792690563959309e-01 5.105251413223140800e-01 5.247642083333333707e-01 0.000000000000000000e+00 3.918683280210643050e-01 0.000000000000000000e+00 3.940322608695652207e-01 0.000000000000000000e+00 0.000000000000000000e+00 4.925543823218199724e-01 4.026816541353383516e-01 0.000000000000000000e+00 4.062781063294895190e-01 4.767180000000000306e-01 3.778127387425028738e-01 4.547487842532945690e-01 0.000000000000000000e+00 4.601617535211268151e-01 3.848098553240874575e-01 0.000000000000000000e+00 2.965402389451632925e-01 4.780149097178458817e-01 3.867370451509939966e-01 4.952081784782988993e-01 3.747426320979098113e-01 4.943495706621090502e-01 3.960241660701627198e-01 4.616066894736841064e-01 3.968932056285680021e-01 4.756280866141731622e-01 3.859851797180819943e-01 4.831472673473437562e-01 3.527792925472873486e-01 5.202204989958433279e-01 3.297637507053788331e-01 4.918193234622451060e-01 3.723064094625468945e-01 4.442940564072415666e-01 0.000000000000000000e+00 0.000000000000000000e+00 3.764113050871971122e-01 4.619377238167981514e-01 3.767696851851852213e-01 0.000000000000000000e+00 3.969545407451534058e-01 4.741496209560423503e-01 0.000000000000000000e+00 0.000000000000000000e+00 4.052038966719463953e-01 4.508377730717924026e-01 3.959561392328582730e-01 0.000000000000000000e+00 4.160203601652279204e-01 4.526341489361702108e-01 4.144660952999016934e-01 0.000000000000000000e+00 3.988613343745269768e-01 4.264435896010496663e-01 4.398956496775592306e-01 4.263778758965313109e-01 0.000000000000000000e+00 4.514482230215827174e-01 4.323205987039486775e-01 4.740479420580026582e-01 3.621348225806451104e-01 4.303791695911785009e-01 4.270781355906919652e-01 4.149002945601851788e-01 4.405144864168795138e-01 4.187913388429752026e-01 4.308684148228099087e-01 0.000000000000000000e+00 0.000000000000000000e+00 4.026331824214359756e-01 4.192248222591361539e-01 4.569439551716350523e-01 3.981926476190475461e-01 0.000000000000000000e+00 0.000000000000000000e+00 0.000000000000000000e+00
4.870859831584080646e-01 3.004593021041562229e-01 5.079999553002987334e-01 3.625219563775427534e-01 0.000000000000000000e+00 3.675309249932169897e-01 4.788893161796632381e-01 3.222402933349591825e-01 0.000000000000000000e+00 3.509338705633930355e-01 4.724517149962800810e-01 3.418769197131670268e-01 4.662884936708860395e-01 3.801735370454784047e-01 0.000000000000000000e+00 3.720830729078560273e-01 4.825924399071486182e-01 3.151688167760349213e-01 5.144578476770081954e-01 3.616095037363400988e-01 0.000000000000000000e+00 0.000000000000000000e+00 4.478322255127089591e-01 4.143098767008879801e-01 0.000000000000000000e+00 3.315493684210526482e-01 0.000000000000000000e+00 3.656446306306306848e-01 4.701667490317554265e-01 3.976119849849379384e-01 4.686347358482170766e-01 4.121326831743187813e-01 5.121099570893533626e-01 4.768268151049455117e-01 4.965223424657533857e-01 4.990631914893617349e-01 5.085351249999999768e-01 4.840657577333545292e-01 3.933922291666666626e-01 4.763426894160116554e-01 0.000000000000000000e+00 4.192971352150537401e-01 0.000000000000000000e+00 3.943904719101123391e-01 0.000000000000000000e+00 3.979963852382483736e-01 0.000000000000000000e+00 4.393181249999999483e-01 4.724400255555555317e-01 3.951675362085863008e-01 4.877163900709219901e-01 3.875591216989068832e-01 0.000000000000000000e+00 3.863013260654257208e-01 0.000000000000000000e+00 3.974719116926311302e-01 4.813500006391935870e-01 3.230365261721663273e-01 4.783316328045569832e-01 3.865050052849137718e-01 4.705120551801575401e-01 3.798073880438131433e-01 0.000000000000000000e+00 4.022118942021071231e-01 0.000000000000000000e+00 3.951839802404363833e-01 4.816884913465402374e-01 3.666682240557548322e-01 5.202301242864605380e-01 3.135245855726699893e-01 5.083395113996816983e-01 3.509272541067675055e-01 4.783069603960395932e-01 3.841398396702934703e-01 0.000000000000000000e+00 0.000000000000000000e+00 4.667036403045821680e-01 3.927269634941272791e-01 0.000000000000000000e+00 0.000000000000000000e+00 0.000000000000000000e+00 4.169329702558732254e-01 0.000000000000000000e+00 3.686679770733988226e-01 4.640886086956522161e-01 4.234820094574278659e-01 0.000000000000000000e+00 4.254441746642822486e-01 0.000000000000000000e+00 4.262884667814003103e-01 4.077587311519776381e-01 4.260858985216889883e-01 4.153050763800469336e-01 4.217452909144734363e-01 4.385635570696910790e-01 4.226866825342845413e-01 4.606122349397590021e-01 4.009588737864077657e-01 4.747020499999999865e-01 4.239816112389380720e-01 0.000000000000000000e+00 4.449339456888999900e-01 0.000000000000000000e+00 4.189465303543279950e-01 3.854878103448275417e-01 0.000000000000000000e+00 0.000000000000000000e+00 0.000000000000000000e+00 0.000000000000000000e+00 4.212945446736676147e-01 4.205057981651376120e-01 0.000000000000000000e+00 0.000000000000000000e+00 0.000000000000000000e+00 4.580001279069768061e-01 0.000000000000000000e+00
3.349202700777224595e-01 5.079999553002987334e-01 2.707165348802605953e-01 4.729620819880716032e-01 2.029837690252360438e-01 4.549655787279693886e-01 2.991001439764532366e-01 4.669857322656580934e-01 1.717601305652132482e-01 4.481524331696206120e-01 3.798292755252207775e-01 4.802774925467689360e-01 3.392791844157184156e-01 4.599193885187123909e-01 3.003521085905296317e-01 4.515520818528535041e-01 3.872534880272042179e-01 5.045766355466579922e-01 3.119506475497936249e-01 5.211376291537215266e-01 0.000000000000000000e+00 0.000000000000000000e+00 2.679692571064413720e-01 4.563726317522888154e-01 3.331390925873468078e-01 4.248806513871590251e-01 3.235956865691793638e-01 3.833996842105263370e-01 3.388558171270861230e-01 4.160387303925948133e-01 4.104147507452999277e-01 4.367985134781380840e-01 4.283998351096233170e-01 4.955845348232495451e-01 4.725190450162173872e-01 4.591658874006476765e-01 4.298002019975543098e-01 5.295331363636363031e-01 4.386027471264368205e-01 0.000000000000000000e+00 3.886989069881738312e-01 0.000000000000000000e+00 4.609856695652174152e-01 0.000000000000000000e+00 4.381979086430371484e-01 0.000000000000000000e+00 4.277186007917648802e-01 0.000000000000000000e+00 4.280612879650567137e-01 4.542583177852916876e-01 4.064118778776384944e-01 0.000000000000000000e+00 0.000000000000000000e+00 0.000000000000000000e+00 4.036966712557452097e-01 0.000000000000000000e+00 4.008830259141956120e-01 4.737159428717798160e-01 4.129434701178386624e-01 4.834727633255112011e-01 3.978706978050718379e-01 4.887937191769052836e-01 3.920938438672043058e-01 4.792891721275667205e-01 3.939965698915486314e-01 4.765248437500000378e-01 4.249772939521815895e-01 4.987309011474128084e-01 3.104993519186343698e-01 5.201986163974968713e-01 3.574848715733542903e-01 5.030808646072160162e-01 3.463866017621979321e-01 4.670615941103175017e-01 3.259202569767441493e-01 0.000000000000000000e+00 3.803279758610515482e-01 4.396291155399906780e-01 4.037273503798155527e-01 0.000000000000000000e+00 3.966341939018266372e-01 0.000000000000000000e+00 0.000000000000000000e+00 0.000000000000000000e+00 3.834626770927373474e-01 0.000000000000000000e+00 3.911843290635121373e-01 0.000000000000000000e+00 3.969493644542133604e-01 0.000000000000000000e+00 3.981029625254213222e-01 3.964326755823081028e-01 3.705367679267326797e-01 3.956560585983137091e-01 4.227672668013341406e-01 4.060955646933912533e-01 4.191177700424575381e-01 3.982370726691631946e-01 0.000000000000000000e+00 3.637453333333333649e-01 0.000000000000000000e+00 3.792823909774436508e-01 3.987511715421774294e-01 3.884617836936301583e-01 4.041075255952381040e-01 0.000000000000000000e+00 4.236831481481481143e-01 0.000000000000000000e+00 0.000000000000000000e+00 4.025848610675333283e-01 0.000000000000000000e+00 0.000000000000000000e+00 0.000000000000000000e+00 0.000000000000000000e+00 4.149274150943397244e-01 0.000000000000000000e+00
5.020477952252047071e-01 3.625219563775427534e-01 4.729620819880716032e-01 2.758218726826791034e-01 4.614418385193354011e-01 2.234900484085206307e-01 4.685936652188282814e-01 3.163276395230569804e-01 4.475477727357947133e-01 2.987657215004255740e-01 4.886007893985930828e-01 3.898348417348828643e-01 4.581217669910739310e-01 3.388771337615051338e-01 4.658508924731183942e-01 3.359836582245244174e-01 4.788182372505704332e-01 4.046726615393752557e-01 5.213219028947280176e-01 2.973286585051698183e-01 0.000000000000000000e+00 4.079660143256463867e-01 4.559333731926530353e-01 2.787595969737450829e-01 4.666702375282498760e-01 2.883018420789149605e-01 0.000000000000000000e+00 3.330501750349650347e-01 4.819076113719353849e-01 3.585055185995243976e-01 4.463975940620483751e-01 3.714345033697973308e-01 5.159875974921965813e-01 4.398641122410027471e-01 4.863341479266347633e-01 4.554799754125252731e-01 0.000000000000000000e+00 4.517101092866809831e-01 0.000000000000000000e+00 0.000000000000000000e+00 0.000000000000000000e+00 0.000000000000000000e+00 0.000000000000000000e+00 4.157624758913166518e-01 5.231833783783783609e-01 4.308892608486170617e-01 0.000000000000000000e+00 0.000000000000000000e+00 0.000000000000000000e+00 4.119693243839296914e-01 0.000000000000000000e+00 4.145534544002535404e-01 0.000000000000000000e+00 3.941966774224383574e-01 0.000000000000000000e+00 3.989414747520075299e-01 5.174548634701192640e-01 4.075236579086894406e-01 4.906037916153827005e-01 4.091741876040366765e-01 4.723821797656398980e-01 4.084766435722650968e-01 0.000000000000000000e+00 3.984265154707496426e-01 4.838977927927927691e-01 4.189261250590677887e-01 4.898431023134318107e-01 4.198981638652313775e-01 5.238761376240415046e-01 3.948841801711232558e-01 4.911643410332886539e-01 3.798438195163079123e-01 4.878781507230255388e-01 3.670456388187766650e-01 0.000000000000000000e+00 0.000000000000000000e+00 4.592050924861350025e-01 3.909771710037373005e-01 0.000000000000000000e+00 0.000000000000000000e+00 5.034987916666666674e-01 3.947222388068621357e-01 0.000000000000000000e+00 3.709805740350877179e-01 4.630865769269101317e-01 3.965340848493987824e-01 0.000000000000000000e+00 0.000000000000000000e+00 4.444636618055555766e-01 4.125814256421908577e-01 4.035566169555003802e-01 4.120894184198134469e-01 3.905071230851990260e-01 3.948199339976860012e-01 4.143880235717043448e-01 4.127317844313207473e-01 0.000000000000000000e+00 0.000000000000000000e+00 4.139890979976069696e-01 4.326148719999999281e-01 4.192954830508474062e-01 0.000000000000000000e+00 4.085288916666666159e-01 4.093281084349409404e-01 3.957569454545453724e-01 0.000000000000000000e+00 0.000000000000000000e+00 0.000000000000000000e+00 0.000000000000000000e+00 4.056385943523135862e-01 4.151322477876105976e-01 4.235030930202572375e-01 3.663810483870967860e-01 3.911435743243242835e-01 4.271601543354655584e-01 0.000000000000000000e+00
3.080804924322630423e-01 0.000000000000000000e+00 2.029837690252360438e-01 4.614418385193354011e-01 2.143561297203918081e-01 4.616597508817812945e-01 3.019127880097756123e-01 4.244362806350673312e-01 2.229280138153654778e-01 4.534686627915104351e-01 3.157319110431455189e-01 4.346001923076923124e-01 3.177212350506286587e-01 4.256060730392156599e-01 2.839125592984752533e-01 4.708357529411765219e-01 0.000000000000000000e+00 0.000000000000000000e+00 3.705144339254088370e-01 0.000000000000000000e+00 3.077605845540726803e-01 4.272203619094166460e-01 3.516165132725334597e-01 4.388296279757332718e-01 2.267581126738390518e-01 4.635365505759008187e-01 3.044919567967672713e-01 4.701284616619686996e-01 3.493042224353904990e-01 4.876840266666666590e-01 3.862628222664287181e-01 4.522636614431565505e-01 3.649010136504121093e-01 0.000000000000000000e+00 0.000000000000000000e+00 0.000000000000000000e+00 0.000000000000000000e+00 0.000000000000000000e+00 0.000000000000000000e+00 0.000000000000000000e+00 0.000000000000000000e+00 0.000000000000000000e+00 0.000000000000000000e+00 0.000000000000000000e+00 0.000000000000000000e+00 0.000000000000000000e+00 0.000000000000000000e+00 0.000000000000000000e+00 0.000000000000000000e+00 0.000000000000000000e+00 4.291410593220339464e-01 0.000000000000000000e+00 0.000000000000000000e+00 0.000000000000000000e+00 0.000000000000000000e+00 0.000000000000000000e+00 0.000000000000000000e+00 4.478275659340659187e-01 4.254936356589146818e-01 0.000000000000000000e+00 0.000000000000000000e+00 0.000000000000000000e+00 0.000000000000000000e+00 0.000000000000000000e+00 3.586502459016393529e-01 0.000000000000000000e+00 0.000000000000000000e+00 0.000000000000000000e+00 3.665479823931009351e-01 0.000000000000000000e+00 3.611865023347889947e-01 5.084738795946239787e-01 3.540839009507425472e-01 0.000000000000000000e+00 0.000000000000000000e+00 0.000000000000000000e+00 3.480601604015411410e-01 0.000000000000000000e+00 3.258537191011236511e-01 0.000000000000000000e+00 3.295567439060828052e-01 0.000000000000000000e+00 3.599817933564596339e-01 0.000000000000000000e+00 3.616926357526560332e-01 0.000000000000000000e+00 4.044322068438898632e-01 0.000000000000000000e+00 3.825355827746668158e-01 0.000000000000000000e+00 0.000000000000000000e+00 3.877146834532373965e-01 0.000000000000000000e+00 0.000000000000000000e+00 3.740278214285713831e-01 0.000000000000000000e+00 0.000000000000000000e+00 0.000000000000000000e+00 0.000000000000000000e+00 0.000000000000000000e+00 0.000000000000000000e+00 0.000000000000000000e+00 0.000000000000000000e+00 3.549985114503816930e-01 0.000000000000000000e+00 0.000000000000000000e+00 0.000000000000000000e+00 3.987050573770492545e-01 0.000000000000000000e+00 0.000000000000000000e+00 0.000000000000000000e+00 0.000000000000000000e+00 0.000000000000000000e+00 0.000000000000000000e+00 0.000000000000000000e+00 0.000000000000000000e+00
4.664671278195489101e-01 3.675309249932169897e-01 4.549655787279693886e-01 2.234900484085206307e-01 4.616597508817812945e-01 2.027747312639928134e-01 4.474850779192686701e-01 2.880206205861255420e-01 4.606461820497921855e-01 2.198630880837982582e-01 0.000000000000000000e+00 3.151346176115725206e-01 4.436994385615262160e-01 3.227797303021351927e-01 4.551655994114269244e-01 2.776365854531006594e-01 0.000000000000000000e+00 3.613335836226851949e-01 0.000000000000000000e+00 3.441878089399212914e-01 4.558411558994682755e-01 3.788219057975756865e-01 4.398950103982928739e-01 2.791171820629467226e-01 4.716603052929334572e-01 2.188702451357884271e-01 5.036956136130561479e-01 2.386407813073891659e-01 0.000000000000000000e+00 3.323746076952803219e-01 4.372624508291065304e-01 3.721274697821022603e-01 4.359915675675674618e-01 4.344207000447638523e-01 0.000000000000000000e+00 4.713282894633764597e-01 0.000000000000000000e+00 3.852711427689594625e-01 0.000000000000000000e+00 0.000000000000000000e+00 0.000000000000000000e+00 0.000000000000000000e+00 0.000000000000000000e+00 4.669912735042733853e-01 0.000000000000000000e+00 0.000000000000000000e+00 0.000000000000000000e+00 4.351049325100804221e-01 0.000000000000000000e+00 3.114658224820143761e-01 0.000000000000000000e+00 4.303488013245033161e-01 0.000000000000000000e+00 0.000000000000000000e+00 0.000000000000000000e+00 4.001635487804878211e-01 0.000000000000000000e+00 3.809146346153846063e-01 0.000000000000000000e+00 0.000000000000000000e+00 0.000000000000000000e+00 0.000000000000000000e+00 0.000000000000000000e+00 0.000000000000000000e+00 0.000000000000000000e+00 3.725458473282442506e-01 0.000000000000000000e+00 4.649431486266751845e-01 0.000000000000000000e+00 3.722233925233645047e-01 5.207733625688364398e-01 3.689122203741770911e-01 0.000000000000000000e+00 3.462260472365813468e-01 0.000000000000000000e+00 0.000000000000000000e+00 0.000000000000000000e+00 3.268767115462782868e-01 0.000000000000000000e+00 0.000000000000000000e+00 0.000000000000000000e+00 3.642791238515336039e-01 0.000000000000000000e+00 0.000000000000000000e+00 0.000000000000000000e+00 3.889599102235876682e-01 0.000000000000000000e+00 3.747854307583747824e-01 0.000000000000000000e+00 3.846403575021521970e-01 0.000000000000000000e+00 0.000000000000000000e+00 0.000000000000000000e+00 0.000000000000000000e+00 0.000000000000000000e+00 3.152143057471264442e-01 0.000000000000000000e+00 0.000000000000000000e+00 0.000000000000000000e+00 0.000000000000000000e+00 0.000000000000000000e+00 0.000000000000000000e+00 0.000000000000000000e+00 3.784949492753623135e-01 0.000000000000000000e+00 0.000000000000000000e+00 0.000000000000000000e+00 0.000000000000000000e+00 0.000000000000000000e+00 0.000000000000000000e+00 0.000000000000000000e+00 0.000000000000000000e+00 0.000000000000000000e+00 0.000000000000000000e+00 0.000000000000000000e+00 0.000000000000000000e+00
3.182558942251878520e-01 4.788893161796632381e-01 2.991001439764532366e-01 4.685936652188282814e-01 3.019127880097756123e-01 4.474850779192686701e-01 2.933536857259475550e-01 4.642646071952548636e-01 2.828360325636157246e-01 4.268655980643517589e-01 3.363652748016047744e-01 4.795543139551677325e-01 3.061175988303353468e-01 4.536203034334063133e-01 3.196179117268502234e-01 4.506042781317806667e-01 3.770497019812971695e-01 4.922267606049388622e-01 3.818992742821260000e-01 5.130751959732318124e-01 3.934654243070362378e-01 0.000000000000000000e+00 3.453543208632510186e-01 4.603708207253794926e-01 2.996430466127622538e-01 4.268497867741822271e-01 3.445445579133510350e-01 4.138017607080180515e-01 3.392899481379580418e-01 4.715939212609132625e-01 4.037019357655989293e-01 4.463406558489705356e-01 4.345786609821349344e-01 4.925216946251839700e-01 0.000000000000000000e+00 0.000000000000000000e+00 3.944750594492067441e-01 4.614879405940593982e-01 0.000000000000000000e+00 0.000000000000000000e+00 3.493731112607099121e-01 0.000000000000000000e+00 3.910981704978617746e-01 0.000000000000000000e+00 4.349720151127362544e-01 0.000000000000000000e+00 4.195177759097680203e-01 0.000000000000000000e+00 4.151190883974437695e-01 0.000000000000000000e+00 3.855715121256063638e-01 0.000000000000000000e+00 3.883298091944444308e-01 4.281296133333332699e-01 3.876893966929406687e-01 4.548109010989011547e-01 3.778274248097546195e-01 4.703475776138352771e-01 4.042416310516560585e-01 4.896295526311191804e-01 3.920679145341300909e-01 4.728599534883721200e-01 3.974058194064747918e-01 4.904250288026575921e-01 4.022063316581296899e-01 4.383012388059700504e-01 4.374356422454970805e-01 4.817917872986141603e-01 4.019106709588702864e-01 0.000000000000000000e+00 3.373818524496073890e-01 4.818728640957481990e-01 3.409318783956497012e-01 4.524816359900552531e-01 3.126301858149647672e-01 0.000000000000000000e+00 3.619849759088361041e-01 4.260306999912822912e-01 3.500145619488536086e-01 0.000000000000000000e+00 3.822794168928395075e-01 0.000000000000000000e+00 0.000000000000000000e+00 0.000000000000000000e+00 3.949398661134614907e-01 4.595229172932330797e-01 3.902592274710632303e-01 0.000000000000000000e+00 4.006684833561507397e-01 4.403451100440263777e-01 3.873286324312070206e-01 3.773464596774193103e-01 3.774523205528845793e-01 3.962319606299212205e-01 4.029559105949752085e-01 3.670999585751327232e-01 0.000000000000000000e+00 0.000000000000000000e+00 0.000000000000000000e+00 3.611932566371681697e-01 0.000000000000000000e+00 0.000000000000000000e+00 4.230919322033898644e-01 3.788133897536884453e-01 4.297418076923077424e-01 0.000000000000000000e+00 4.157773211009174186e-01 0.000000000000000000e+00 0.000000000000000000e+00 3.930848630461922788e-01 3.999260016666666417e-01 0.000000000000000000e+00 0.000000000000000000e+00 0.000000000000000000e+00 0.000000000000000000e+00 0.000000000000000000e+00
4.760890002898097162e-01 3.222402933349591825e-01 4.669857322656580934e-01 3.163276395230569804e-01 4.244362806350673312e-01 2.880206205861255420e-01 4.642646071952548636e-01 2.887060084022405326e-01 4.274155862210164969e-01 2.900754277685602678e-01 4.746986862943196051e-01 3.390161403552191532e-01 4.577220711181307911e-01 2.938744411292503189e-01 4.187879494720965212e-01 2.675911506454162758e-01 4.703552423983050623e-01 3.854868088772207546e-01 5.045099080435647698e-01 3.954329912097001021e-01 0.000000000000000000e+00 0.000000000000000000e+00 4.496174166084452861e-01 3.515418870845772870e-01 4.477809483349471931e-01 3.722966547099543777e-01 0.000000000000000000e+00 0.000000000000000000e+00 4.528853668210624517e-01 3.432532987621761955e-01 4.515152616632693294e-01 3.720462480712181108e-01 4.970624432289577621e-01 4.076724099261016532e-01 0.000000000000000000e+00 4.440739196428572511e-01 5.186086734693877709e-01 4.209040490688151226e-01 0.000000000000000000e+00 0.000000000000000000e+00 0.000000000000000000e+00 0.000000000000000000e+00 0.000000000000000000e+00 3.821614131600272746e-01 0.000000000000000000e+00 4.053637988370468737e-01 0.000000000000000000e+00 4.357974643410852944e-01 0.000000000000000000e+00 3.903912084063709820e-01 4.925736533333332501e-01 3.820324322036395825e-01 0.000000000000000000e+00 3.699649285010780386e-01 0.000000000000000000e+00 3.805733178523503790e-01 4.610997355371901363e-01 3.698556343090679821e-01 4.618123381066589483e-01 3.833335370079335447e-01 0.000000000000000000e+00 3.713000118121065340e-01 0.000000000000000000e+00 3.804184929670760829e-01 4.402747008547008845e-01 3.848021145534781806e-01 4.745906820713438612e-01 4.254762689623983740e-01 0.000000000000000000e+00 4.351009221177991049e-01 4.752074044768835881e-01 3.249265299117367056e-01 4.524674905859361052e-01 3.499847533233207963e-01 0.000000000000000000e+00 0.000000000000000000e+00 4.625936685691104944e-01 3.703577060687753275e-01 0.000000000000000000e+00 0.000000000000000000e+00 4.599196486486487601e-01 3.921409926051208084e-01 0.000000000000000000e+00 0.000000000000000000e+00 4.147560849999999966e-01 4.004355765623743846e-01 0.000000000000000000e+00 0.000000000000000000e+00 0.000000000000000000e+00 3.984868721059499630e-01 3.850887726070226225e-01 3.706151120384720277e-01 0.000000000000000000e+00 3.958736910569105594e-01 4.040546734479388835e-01 3.838982860372917583e-01 0.000000000000000000e+00 0.000000000000000000e+00 0.000000000000000000e+00 0.000000000000000000e+00 0.000000000000000000e+00 3.880449379844960744e-01 0.000000000000000000e+00 3.963313490505925851e-01 0.000000000000000000e+00 0.000000000000000000e+00 0.000000000000000000e+00 3.947128761467890157e-01 0.000000000000000000e+00 3.961903295454545226e-01 3.976821442660550265e-01 0.000000000000000000e+00 0.000000000000000000e+00 0.000000000000000000e+00 0.000000000000000000e+00 0.000000000000000000e+00
3.214565670146025678e-01 0.000000000000000000e+00 1.717601305652132482e-01 4.475477727357947133e-01 2.229280138153654778e-01 4.606461820497921855e-01 2.828360325636157246e-01 4.274155862210164969e-01 2.268342071982732966e-01 4.458595723062444005e-01 3.385723486548682937e-01 0.000000000000000000e+00 2.488150456653712428e-01 4.295519117647059737e-01 2.706121831503028874e-01 4.676668871698241303e-01 3.767516670975467052e-01 0.000000000000000000e+00 3.918280931693989277e-01 0.000000000000000000e+00 3.652071430799789242e-01 0.000000000000000000e+00 3.530618307692307556e-01 4.425313142880608064e-01 2.341200827138242013e-01 4.321743183654142006e-01 2.833226482998984497e-01 4.512441136842105238e-01 3.429569082761422805e-01 4.484649567840836015e-01 3.524790960137237916e-01 4.401678597650363622e-01 0.000000000000000000e+00 3.798882718446602302e-01 0.000000000000000000e+00 0.000000000000000000e+00 4.239593097345132899e-01 0.000000000000000000e+00 0.000000000000000000e+00 0.000000000000000000e+00 0.000000000000000000e+00 0.000000000000000000e+00 0.000000000000000000e+00 0.000000000000000000e+00 0.000000000000000000e+00 0.000000000000000000e+00 0.000000000000000000e+00 0.000000000000000000e+00 0.000000000000000000e+00 0.000000000000000000e+00 0.000000000000000000e+00 0.000000000000000000e+00 0.000000000000000000e+00 0.000000000000000000e+00 0.000000000000000000e+00 0.000000000000000000e+00 3.496734206844835380e-01 0.000000000000000000e+00 3.974039999999999795e-01 0.000000000000000000e+00 3.930470307023526400e-01 0.000000000000000000e+00 3.681417221717172561e-01 0.000000000000000000e+00 3.672044782608696045e-01 0.000000000000000000e+00 0.000000000000000000e+00 0.000000000000000000e+00 3.941052061347518065e-01 0.000000000000000000e+00 3.202928022757664528e-01 5.052158351917952483e-01 3.394669104789576064e-01 0.000000000000000000e+00 0.000000000000000000e+00 0.000000000000000000e+00 3.457022975351758398e-01 0.000000000000000000e+00 3.203280109890110361e-01 0.000000000000000000e+00 3.707213203818143787e-01 0.000000000000000000e+00 3.633242323943662866e-01 0.000000000000000000e+00 3.664000053868160522e-01 0.000000000000000000e+00 3.803579298096126382e-01 0.000000000000000000e+00 3.827065815491234035e-01 0.000000000000000000e+00 3.646940298168933059e-01 0.000000000000000000e+00 3.508777910447761217e-01 3.706277826405420806e-01 4.129726567765568124e-01 0.000000000000000000e+00 0.000000000000000000e+00 0.000000000000000000e+00 0.000000000000000000e+00 0.000000000000000000e+00 0.000000000000000000e+00 0.000000000000000000e+00 0.000000000000000000e+00 0.000000000000000000e+00 0.000000000000000000e+00 0.000000000000000000e+00 0.000000000000000000e+00 0.000000000000000000e+00 0.000000000000000000e+00 0.000000000000000000e+00 0.000000000000000000e+00 0.000000000000000000e+00 0.000000000000000000e+00 0.000000000000000000e+00 0.000000000000000000e+00 0.000000000000000000e+00
0.000000000000000000e+00 3.509338705633930355e-01 4.481524331696206120e-01 2.987657215004255740e-01 4.534686627915104351e-01 2.198630880837982582e-01 4.268655980643517589e-01 2.900754277685602678e-01 4.458595723062444005e-01 2.151974721910630550e-01 0.000000000000000000e+00 3.290813140490208011e-01 4.390351850314429538e-01 2.991280834901810515e-01 4.504943928571428780e-01 2.942166589157554357e-01 0.000000000000000000e+00 3.948926030395375486e-01 3.881507731092437852e-01 3.396050835208876961e-01 4.984209894736842394e-01 4.166046780303030994e-01 4.328698356518676515e-01 3.225214365861511223e-01 4.749501599977940525e-01 2.150985492261905108e-01 4.710683473938528376e-01 3.060390397343579205e-01 0.000000000000000000e+00 3.427320830474785418e-01 4.339781071513774124e-01 3.755945869791143532e-01 4.440545104166666590e-01 3.786148859649122178e-01 0.000000000000000000e+00 0.000000000000000000e+00 0.000000000000000000e+00 3.667036486486486835e-01 0.000000000000000000e+00 0.000000000000000000e+00 0.000000000000000000e+00 0.000000000000000000e+00 0.000000000000000000e+00 4.369609708952862936e-01 0.000000000000000000e+00 3.346856326530612269e-01 0.000000000000000000e+00 0.000000000000000000e+00 0.000000000000000000e+00 3.239142439096850401e-01 0.000000000000000000e+00 0.000000000000000000e+00 0.000000000000000000e+00 4.313158958174179158e-01 0.000000000000000000e+00 3.672974101063136709e-01 0.000000000000000000e+00 3.799521759738420101e-01 0.000000000000000000e+00 0.000000000000000000e+00 0.000000000000000000e+00 3.470320480000000374e-01 0.000000000000000000e+00 0.000000000000000000e+00 0.000000000000000000e+00 3.659597323629687482e-01 0.000000000000000000e+00 3.466178759124087794e-01 0.000000000000000000e+00 3.948163629032259148e-01 4.990075758967926767e-01 3.344506466762527941e-01 0.000000000000000000e+00 3.493001603131815624e-01 0.000000000000000000e+00 0.000000000000000000e+00 0.000000000000000000e+00 3.547899673294478418e-01 0.000000000000000000e+00 0.000000000000000000e+00 0.000000000000000000e+00 3.867590883383795197e-01 0.000000000000000000e+00 0.000000000000000000e+00 0.000000000000000000e+00 3.817150096201863962e-01 0.000000000000000000e+00 3.913311435643564429e-01 0.000000000000000000e+00 3.819086232352870147e-01 0.000000000000000000e+00 3.601015190839694791e-01 0.000000000000000000e+00 0.000000000000000000e+00 4.016641237113401930e-01 3.747426135615536391e-01 0.000000000000000000e+00 0.000000000000000000e+00 0.000000000000000000e+00 0.000000000000000000e+00 0.000000000000000000e+00 0.000000000000000000e+00 0.000000000000000000e+00 0.000000000000000000e+00 0.000000000000000000e+00 0.000000000000000000e+00 0.000000000000000000e+00 0.000000000000000000e+00 0.000000000000000000e+00 0.000000000000000000e+00 0.000000000000000000e+00 0.000000000000000000e+00 0.000000000000000000e+00 0.000000000000000000e+00 0.000000000000000000e+00 0.000000000000000000e+00
3.061374343341713433e-01 4.724517149962800810e-01 3.798292755252207775e-01 4.886007893985930828e-01 3.157319110431455189e-01 0.000000000000000000e+00 3.363652748016047744e-01 4.746986862943196051e-01 3.385723486548682937e-01 0.000000000000000000e+00 3.263428272454269030e-01 4.632341387827910717e-01 3.063409740228499878e-01 4.611752226111731634e-01 3.685022106414906906e-01 0.000000000000000000e+00 3.474203247377458670e-01 4.676699524581842682e-01 4.034944272676243560e-01 4.929656616470300401e-01 0.000000000000000000e+00 0.000000000000000000e+00 3.787226655841088307e-01 4.846849802569870302e-01 0.000000000000000000e+00 0.000000000000000000e+00 0.000000000000000000e+00 0.000000000000000000e+00 3.185747477498600544e-01 4.855790682072158582e-01 4.214573120500995640e-01 4.203636912383575397e-01 4.165869280579413969e-01 4.727916754698640034e-01 0.000000000000000000e+00 0.000000000000000000e+00 3.739277399685762560e-01 0.000000000000000000e+00 0.000000000000000000e+00 0.000000000000000000e+00 0.000000000000000000e+00 0.000000000000000000e+00 0.000000000000000000e+00 0.000000000000000000e+00 0.000000000000000000e+00 0.000000000000000000e+00 0.000000000000000000e+00 0.000000000000000000e+00 4.734842913385827190e-01 0.000000000000000000e+00 3.929152634341507300e-01 0.000000000000000000e+00 0.000000000000000000e+00 0.000000000000000000e+00 0.000000000000000000e+00 0.000000000000000000e+00 3.668996657215422563e-01 4.273662076923077091e-01 4.060582606829972740e-01 0.000000000000000000e+00 3.994734584169283842e-01 4.944222279411764620e-01 4.169173530066340727e-01 0.000000000000000000e+00 4.316888238933999089e-01 0.000000000000000000e+00 4.091166246382158533e-01 4.725435302013422656e-01 3.972912971852014530e-01 4.723276028368795232e-01 3.335944560370757705e-01 4.817219420214223780e-01 3.596320068994642849e-01 4.587337395833332998e-01 0.000000000000000000e+00 0.000000000000000000e+00 3.758836262457765365e-01 4.610903924188415326e-01 3.898020212167283560e-01 0.000000000000000000e+00 4.124508635990590810e-01 0.000000000000000000e+00 0.000000000000000000e+00 0.000000000000000000e+00 4.223159999777162943e-01 0.000000000000000000e+00 4.387943954084675413e-01 0.000000000000000000e+00 4.338488531287728045e-01 0.000000000000000000e+00 4.289721746031746608e-01 0.000000000000000000e+00 0.000000000000000000e+00 4.017571379310344581e-01 4.277522514710063173e-01 0.000000000000000000e+00 4.213367763157894186e-01 0.000000000000000000e+00 0.000000000000000000e+00 0.000000000000000000e+00 0.000000000000000000e+00 0.000000000000000000e+00 0.000000000000000000e+00 0.000000000000000000e+00 0.000000000000000000e+00 0.000000000000000000e+00 0.000000000000000000e+00 0.000000000000000000e+00 0.000000000000000000e+00 0.000000000000000000e+00 0.000000000000000000e+00 0.000000000000000000e+00 0.000000000000000000e+00 0.000000000000000000e+00 0.000000000000000000e+00 0.000000000000000000e+00
4.702649443181390887e-01 3.418769197131670268e-01 4.802774925467689360e-01 3.898348417348828643e-01 4.346001923076923124e-01 3.151346176115725206e-01 4.795543139551677325e-01 3.390161403552191532e-01 0.000000000000000000e+00 3.290813140490208011e-01 4.632341387827910717e-01 3.066079338998745629e-01 4.672630874705779314e-01 3.169354252045125109e-01 0.000000000000000000e+00 3.431028886801694155e-01 4.858166543307191887e-01 3.142428229856699673e-01 4.927923661399536970e-01 4.155058474286953962e-01 0.000000000000000000e+00 0.000000000000000000e+00 4.660215219018633559e-01 3.977426758781320015e-01 4.659343152173913150e-01 0.000000000000000000e+00 0.000000000000000000e+00 0.000000000000000000e+00 4.808330832431457758e-01 3.874669956903302737e-01 4.395929800210969240e-01 3.997932308787317535e-01 4.791780414912088504e-01 3.975124529730060252e-01 0.000000000000000000e+00 0.000000000000000000e+00 0.000000000000000000e+00 4.143087211932087177e-01 0.000000000000000000e+00 0.000000000000000000e+00 0.000000000000000000e+00 0.000000000000000000e+00 0.000000000000000000e+00 0.000000000000000000e+00 0.000000000000000000e+00 3.657791454545453735e-01 0.000000000000000000e+00 0.000000000000000000e+00 0.000000000000000000e+00 3.974332075674019693e-01 0.000000000000000000e+00 3.899753817536246170e-01 0.000000000000000000e+00 3.633232626827951894e-01 0.000000000000000000e+00 3.966684346910203107e-01 0.000000000000000000e+00 3.821706102230637558e-01 0.000000000000000000e+00 4.011430865734331164e-01 0.000000000000000000e+00 3.791980704788210921e-01 0.000000000000000000e+00 4.203992398163740041e-01 0.000000000000000000e+00 4.057151057416825690e-01 4.871869640287769254e-01 3.986933867633286610e-01 0.000000000000000000e+00 3.993236037184957898e-01 4.721646894258927363e-01 3.471300854183271833e-01 4.648844209951191742e-01 3.721623727863343500e-01 0.000000000000000000e+00 0.000000000000000000e+00 4.500757854742148401e-01 3.881194805085443900e-01 0.000000000000000000e+00 4.117536852758453825e-01 0.000000000000000000e+00 4.223411813222910927e-01 0.000000000000000000e+00 2.713425112225849034e-01 4.543476328513444962e-01 4.357751525955499416e-01 0.000000000000000000e+00 4.261251927405830808e-01 4.235427267080745795e-01 4.304364217510897594e-01 4.415749079754601181e-01 0.000000000000000000e+00 0.000000000000000000e+00 3.928433140495867226e-01 0.000000000000000000e+00 4.513687236842105488e-01 0.000000000000000000e+00 0.000000000000000000e+00 3.991113550724637582e-01 0.000000000000000000e+00 0.000000000000000000e+00 0.000000000000000000e+00 0.000000000000000000e+00 3.843771946902654335e-01 0.000000000000000000e+00 0.000000000000000000e+00 0.000000000000000000e+00 0.000000000000000000e+00 0.000000000000000000e+00 4.773929512195121960e-01 3.810268367346938412e-01 0.000000000000000000e+00 0.000000000000000000e+00 0.000000000000000000e+00 0.000000000000000000e+00 0.000000000000000000e+00
3.421371297450517823e-01 4.662884936708860395e-01 3.392791844157184156e-01 4.581217669910739310e-01 3.177212350506286587e-01 4.436994385615262160e-01 3.061175988303353468e-01 4.577220711181307911e-01 2.488150456653712428e-01 4.390351850314429538e-01 3.063409740228499878e-01 4.672630874705779314e-01 2.644666568354567815e-01 4.404761319216675131e-01 2.654799025226430853e-01 4.552350228068855476e-01 3.904343874769817813e-01 0.000000000000000000e+00 3.890569623178228853e-01 4.823136338597202033e-01 0.000000000000000000e+00 0.000000000000000000e+00 3.518739526817599717e-01 4.593728569528033878e-01 3.254703513227513167e-01 4.535127034320172723e-01 0.000000000000000000e+00 0.000000000000000000e+00 3.165427324807981169e-01 4.520879296739340747e-01 3.905616861941678120e-01 4.492900500747460946e-01 4.150272145750512620e-01 4.751060210779617932e-01 4.498885189873417789e-01 0.000000000000000000e+00 4.240119419298011283e-01 0.000000000000000000e+00 0.000000000000000000e+00 0.000000000000000000e+00 4.547592553191489584e-01 0.000000000000000000e+00 0.000000000000000000e+00 0.000000000000000000e+00 4.118317272727273215e-01 0.000000000000000000e+00 0.000000000000000000e+00 4.358852146892655544e-01 4.302545258720259502e-01 0.000000000000000000e+00 3.934671851123201503e-01 0.000000000000000000e+00 0.000000000000000000e+00 0.000000000000000000e+00 0.000000000000000000e+00 0.000000000000000000e+00 3.804898638051623094e-01 4.450689036636845120e-01 4.176633926112930384e-01 4.695498861788617861e-01 4.064848528140231343e-01 0.000000000000000000e+00 4.056158559802969243e-01 0.000000000000000000e+00 4.138847388239835223e-01 0.000000000000000000e+00 3.927850995694652236e-01 0.000000000000000000e+00 4.031497928242754325e-01 0.000000000000000000e+00 3.091105967113577657e-01 4.845279056693663766e-01 3.655000714678779961e-01 4.295450853457492002e-01 3.515114008620689456e-01 0.000000000000000000e+00 3.613725980252877057e-01 4.334037273391811995e-01 3.734066302014076855e-01 0.000000000000000000e+00 3.901917474460824264e-01 0.000000000000000000e+00 0.000000000000000000e+00 0.000000000000000000e+00 4.021462568794118564e-01 0.000000000000000000e+00 4.157129136369503430e-01 0.000000000000000000e+00 4.037692732854679112e-01 0.000000000000000000e+00 3.864442319999999986e-01 0.000000000000000000e+00 3.796917873337188887e-01 0.000000000000000000e+00 3.869819791666666564e-01 0.000000000000000000e+00 0.000000000000000000e+00 0.000000000000000000e+00 0.000000000000000000e+00 0.000000000000000000e+00 3.763173356643356726e-01 3.897141755725191392e-01 4.099187251908397167e-01 4.042751159336790412e-01 0.000000000000000000e+00 0.000000000000000000e+00 0.000000000000000000e+00 0.000000000000000000e+00 0.000000000000000000e+00 3.784152048089516884e-01 0.000000000000000000e+00 0.000000000000000000e+00 0.000000000000000000e+00 0.000000000000000000e+00 0.000000000000000000e+00 0.000000000000000000e+00
