3.124321697537258968e-01 5.005492555700602475e-01 3.677616468029098473e-01 5.124516691876896957e-01 4.043370479092893710e-01 0.000000000000000000e+00 3.586261976900463333e-01 4.968092670724597593e-01 3.916996621537525702e-01 0.000000000000000000e+00 3.420502828482101521e-01 4.426094970250168403e-01 3.727188268481591571e-01 0.000000000000000000e+00 4.020722150330239830e-01 0.000000000000000000e+00 3.281027445285423783e-01 5.058018577703987662e-01 4.002279616181702582e-01 5.164448055565641349e-01 0.000000000000000000e+00 0.000000000000000000e+00 4.286323686551678502e-01 0.000000000000000000e+00 0.000000000000000000e+00 0.000000000000000000e+00 0.000000000000000000e+00 0.000000000000000000e+00 3.954540124114344635e-01 5.090301613217135257e-01 4.809412834645669932e-01 0.000000000000000000e+00 4.005484021219919977e-01 5.026163824975292682e-01 0.000000000000000000e+00 0.000000000000000000e+00 4.830673882389970863e-01 5.208447532046371897e-01 5.392894424716788704e-01 0.000000000000000000e+00 4.291889175257731504e-01 0.000000000000000000e+00 0.000000000000000000e+00 0.000000000000000000e+00 0.000000000000000000e+00 4.979344843749999860e-01 0.000000000000000000e+00 0.000000000000000000e+00 3.932056136392315104e-01 4.988282946428571063e-01 4.181021853713898229e-01 0.000000000000000000e+00 0.000000000000000000e+00 0.000000000000000000e+00 0.000000000000000000e+00 0.000000000000000000e+00 3.194635766321595738e-01 5.003584779444231190e-01 4.206773209655437773e-01 4.879313344961240806e-01 4.051325682624100644e-01 0.000000000000000000e+00 3.854024035403468829e-01 5.198629456521739467e-01 4.250256414246975090e-01 4.814186394403619507e-01 4.224496058869459114e-01 5.232191838918680560e-01 3.401178107760576830e-01 5.244518031326314000e-01 3.686563341075103639e-01 5.080590204018951006e-01 3.972646523517994743e-01 4.920132524428646459e-01 0.000000000000000000e+00 0.000000000000000000e+00 3.953565735706758844e-01 4.715684603409399100e-01 0.000000000000000000e+00 0.000000000000000000e+00 3.763081795495641368e-01 0.000000000000000000e+00 0.000000000000000000e+00 0.000000000000000000e+00 4.524293564879860452e-01 0.000000000000000000e+00 0.000000000000000000e+00 0.000000000000000000e+00 4.732319756275704115e-01 4.938129588235294354e-01 4.393744279065205371e-01 4.637678002545648770e-01 4.258128906239024847e-01 4.556148158754866340e-01 4.492634778044155008e-01 4.567466726544622269e-01 0.000000000000000000e+00 0.000000000000000000e+00 4.895639528301887200e-01 4.318356853146853580e-01 0.000000000000000000e+00 4.611654472850678643e-01 4.349161449001487378e-01 4.947329191176470520e-01 4.597684913371120063e-01 0.000000000000000000e+00 0.000000000000000000e+00 0.000000000000000000e+00 0.000000000000000000e+00 0.000000000000000000e+00 0.000000000000000000e+00 4.919304999999999928e-01 0.000000000000000000e+00 0.000000000000000000e+00 0.000000000000000000e+00 0.000000000000000000e+00
5.005492555700602475e-01 3.268949001462468362e-01 5.179705290806463358e-01 3.765338994167229947e-01 0.000000000000000000e+00 3.871994558187328850e-01 4.996013747247018411e-01 3.371739459182499510e-01 0.000000000000000000e+00 3.622423915679394146e-01 4.798085250447488015e-01 3.785750034254933838e-01 4.862493414195735442e-01 3.907143430755657398e-01 0.000000000000000000e+00 3.950783955952856252e-01 4.883753373386552354e-01 3.685508116588041005e-01 5.260932303383059061e-01 3.645669037697242265e-01 0.000000000000000000e+00 0.000000000000000000e+00 4.905107436176647795e-01 3.906077964278991121e-01 0.000000000000000000e+00 0.000000000000000000e+00 0.000000000000000000e+00 0.000000000000000000e+00 4.315982151898734576e-01 4.221345645986152584e-01 4.617115005672712269e-01 0.000000000000000000e+00 5.148753948833986183e-01 4.510362406628942722e-01 4.997684148148148764e-01 0.000000000000000000e+00 5.180491188881294340e-01 5.018113419886852666e-01 0.000000000000000000e+00 4.763639401144054153e-01 0.000000000000000000e+00 4.034368379164463558e-01 0.000000000000000000e+00 0.000000000000000000e+00 0.000000000000000000e+00 4.096771215378331998e-01 0.000000000000000000e+00 0.000000000000000000e+00 0.000000000000000000e+00 4.080146982295579927e-01 0.000000000000000000e+00 4.126705394276141692e-01 0.000000000000000000e+00 0.000000000000000000e+00 0.000000000000000000e+00 4.185420631155636340e-01 5.103478508105713241e-01 3.603428931121698264e-01 5.074257033126292615e-01 4.168743680807756036e-01 4.800551166666667258e-01 4.126407493368857704e-01 5.031801803920257221e-01 4.120974178172104874e-01 4.753473855027547934e-01 4.107698463908909803e-01 5.008810800705876254e-01 4.361414445308263166e-01 5.235190757090962821e-01 2.759720611659262635e-01 5.222512447341767228e-01 3.789520236450073520e-01 4.734804512871286786e-01 4.025967187496639066e-01 0.000000000000000000e+00 0.000000000000000000e+00 4.617203855821223613e-01 4.054326068100989611e-01 0.000000000000000000e+00 0.000000000000000000e+00 4.797578678846153299e-01 4.157699048993270252e-01 0.000000000000000000e+00 0.000000000000000000e+00 0.000000000000000000e+00 4.342806311758753424e-01 0.000000000000000000e+00 0.000000000000000000e+00 0.000000000000000000e+00 4.394759047566274557e-01 4.564228776978417335e-01 4.487476098271850344e-01 4.805157610376365462e-01 4.177173160263161766e-01 4.485928671499428977e-01 4.635117666037144035e-01 4.319433739779594550e-01 4.813484716981132339e-01 4.364121092436974991e-01 5.029958758704506927e-01 0.000000000000000000e+00 4.271758632346425166e-01 4.575865261160655950e-01 4.419762372660729355e-01 0.000000000000000000e+00 4.705619189189188534e-01 0.000000000000000000e+00 0.000000000000000000e+00 0.000000000000000000e+00 0.000000000000000000e+00 0.000000000000000000e+00 0.000000000000000000e+00 0.000000000000000000e+00 0.000000000000000000e+00 4.355833782756092232e-01 4.218407391304348497e-01
3.677616468029098473e-01 5.179705290806463358e-01 2.791194741846279026e-01 4.706700095216128088e-01 2.136577332483766134e-01 4.251380372908066252e-01 3.132828256003232781e-01 4.763900611795622853e-01 3.303305336371304968e-01 4.473419481072877790e-01 4.004264672392884306e-01 4.998748415039349080e-01 3.640019499137858161e-01 4.624411628789439344e-01 3.488206848116630066e-01 4.367711809358543751e-01 3.967699878676516079e-01 4.981787126394492393e-01 3.529352835345218597e-01 5.167987770643420742e-01 0.000000000000000000e+00 0.000000000000000000e+00 2.964680276584660823e-01 4.493384618271728526e-01 3.125704343830238430e-01 4.172474077152217853e-01 3.257362944840701546e-01 4.120436440800498978e-01 3.760465612056692053e-01 4.953829949005164601e-01 3.857469392143942910e-01 4.445350791040688088e-01 4.148623352248675955e-01 5.114793526582920302e-01 4.695714128433405854e-01 0.000000000000000000e+00 4.687312433446079729e-01 5.162807564339980670e-01 3.935541631205674018e-01 0.000000000000000000e+00 0.000000000000000000e+00 0.000000000000000000e+00 4.452381237074332088e-01 0.000000000000000000e+00 4.538882362806644366e-01 0.000000000000000000e+00 0.000000000000000000e+00 0.000000000000000000e+00 4.291469908194250893e-01 5.070915514018691228e-01 4.086067247389133517e-01 0.000000000000000000e+00 0.000000000000000000e+00 0.000000000000000000e+00 0.000000000000000000e+00 0.000000000000000000e+00 4.235956476271293680e-01 5.039217598783711782e-01 4.406700187851828043e-01 4.944844685475444090e-01 4.162973319028424046e-01 4.627657826086956638e-01 4.189357102024378054e-01 0.000000000000000000e+00 4.186124309224443230e-01 4.962656103098351257e-01 4.486374403595511651e-01 5.109583613445378703e-01 3.943680755188793130e-01 0.000000000000000000e+00 3.833598930701798690e-01 5.084876438092531536e-01 3.816767489730741314e-01 4.739093337434849840e-01 0.000000000000000000e+00 0.000000000000000000e+00 4.144992746253222671e-01 4.623976332234106534e-01 3.742693563218390529e-01 0.000000000000000000e+00 4.025644420261709766e-01 4.829357981651376530e-01 0.000000000000000000e+00 0.000000000000000000e+00 4.262699545105889665e-01 0.000000000000000000e+00 3.945573491554328349e-01 0.000000000000000000e+00 4.395875235281705429e-01 4.929338160919540801e-01 4.218042433722163365e-01 4.179461098484847925e-01 4.199192877745528962e-01 4.331078800000000006e-01 4.353399223415942432e-01 4.550179450879675014e-01 4.656311270718231921e-01 4.553372538461538666e-01 4.489465507703080949e-01 3.801936428571427995e-01 0.000000000000000000e+00 4.389779534254807936e-01 3.922656934306568699e-01 0.000000000000000000e+00 3.783596163522012779e-01 0.000000000000000000e+00 0.000000000000000000e+00 0.000000000000000000e+00 0.000000000000000000e+00 0.000000000000000000e+00 4.062054833333333392e-01 0.000000000000000000e+00 0.000000000000000000e+00 4.342058461538462755e-01 0.000000000000000000e+00 0.000000000000000000e+00
5.124516691876896957e-01 3.765338994167229947e-01 4.706700095216128088e-01 3.002743948234370408e-01 4.437345391245369197e-01 2.746443080480288623e-01 4.705165048902918423e-01 3.597433956807777888e-01 4.321724467389022606e-01 2.818570721174214477e-01 4.852929667138330405e-01 3.970644762436504882e-01 4.639916521531448068e-01 3.697090395200638424e-01 4.046241812647753955e-01 3.390520520420703954e-01 5.022193333435109874e-01 4.238308552830077902e-01 5.284600214844930033e-01 3.233685235171023797e-01 0.000000000000000000e+00 3.720770312500000232e-01 4.618115005418981789e-01 2.617944886053442666e-01 4.475527829667235169e-01 2.370813100763673464e-01 4.104791640033187972e-01 2.877792739442312508e-01 4.989017677746193646e-01 3.856626072044834208e-01 4.167926897619901316e-01 3.357452872339068972e-01 5.040149854527912199e-01 4.056147315635805217e-01 0.000000000000000000e+00 4.435793354636104469e-01 5.265726990740740021e-01 4.969994824003287071e-01 0.000000000000000000e+00 4.837638034657448793e-01 0.000000000000000000e+00 4.462838136155244939e-01 0.000000000000000000e+00 0.000000000000000000e+00 0.000000000000000000e+00 4.735050615384615580e-01 0.000000000000000000e+00 0.000000000000000000e+00 0.000000000000000000e+00 4.369520146573731001e-01 0.000000000000000000e+00 4.247921589001532605e-01 0.000000000000000000e+00 0.000000000000000000e+00 0.000000000000000000e+00 4.802654098360656376e-01 5.026184685815779929e-01 4.238363983456783779e-01 5.249448788671520205e-01 4.323234448616489201e-01 4.959078474257677671e-01 4.037381397393897120e-01 5.149892913385827331e-01 4.191544931980674682e-01 0.000000000000000000e+00 4.003361805508851012e-01 5.100364237195831318e-01 4.438266568502032272e-01 5.379747657139307693e-01 4.226910600008725316e-01 4.806253825027359539e-01 3.847792841337186465e-01 4.826495527072987013e-01 3.900577324171998761e-01 0.000000000000000000e+00 3.937724712825182993e-01 4.828784339559663019e-01 4.136884338447217035e-01 0.000000000000000000e+00 0.000000000000000000e+00 0.000000000000000000e+00 3.996561244387067946e-01 0.000000000000000000e+00 4.226015147058823085e-01 0.000000000000000000e+00 4.100351435585168902e-01 0.000000000000000000e+00 4.314788745086923782e-01 0.000000000000000000e+00 4.311123470921557899e-01 4.428331877947710993e-01 4.267257001583585896e-01 4.439022261879482789e-01 4.286621866652892687e-01 0.000000000000000000e+00 4.434118032026251877e-01 4.474113003205127947e-01 0.000000000000000000e+00 4.353627732351712520e-01 0.000000000000000000e+00 0.000000000000000000e+00 4.176963515625000123e-01 0.000000000000000000e+00 4.305855896694961160e-01 0.000000000000000000e+00 4.386383014375452305e-01 0.000000000000000000e+00 0.000000000000000000e+00 0.000000000000000000e+00 0.000000000000000000e+00 0.000000000000000000e+00 0.000000000000000000e+00 4.373728782414698646e-01 4.111769436475409822e-01 4.253874594594594383e-01 0.000000000000000000e+00
4.043370479092893710e-01 0.000000000000000000e+00 2.136577332483766134e-01 4.437345391245369197e-01 2.056937806717899497e-01 4.427002764596765227e-01 3.184606545402234312e-01 4.590338147524088974e-01 2.556177018433712367e-01 4.524297688624195901e-01 3.558059014866598591e-01 0.000000000000000000e+00 3.325275795707635651e-01 4.115955754154447810e-01 3.080098912264110922e-01 4.079080857142857175e-01 3.766772433943089693e-01 0.000000000000000000e+00 3.575150214747417343e-01 0.000000000000000000e+00 3.659565705037742256e-01 4.388326542372881778e-01 2.096854963307984987e-01 4.397173612389720931e-01 1.810134519907947714e-01 4.591473071708163101e-01 2.816550248196711959e-01 5.090901627906976312e-01 3.428260848483464240e-01 0.000000000000000000e+00 3.433888868642085979e-01 4.407883362322779219e-01 3.815830350525484249e-01 4.570679698542807756e-01 0.000000000000000000e+00 0.000000000000000000e+00 0.000000000000000000e+00 0.000000000000000000e+00 0.000000000000000000e+00 0.000000000000000000e+00 4.394994629629628835e-01 0.000000000000000000e+00 4.460973482142857049e-01 0.000000000000000000e+00 0.000000000000000000e+00 0.000000000000000000e+00 0.000000000000000000e+00 0.000000000000000000e+00 0.000000000000000000e+00 0.000000000000000000e+00 0.000000000000000000e+00 0.000000000000000000e+00 4.634855763888889868e-01 0.000000000000000000e+00 4.618190517241378967e-01 0.000000000000000000e+00 4.113358950683029813e-01 0.000000000000000000e+00 0.000000000000000000e+00 0.000000000000000000e+00 4.012787626373104377e-01 0.000000000000000000e+00 3.913991030093487145e-01 0.000000000000000000e+00 3.990822781609326686e-01 5.195691910112359979e-01 0.000000000000000000e+00 0.000000000000000000e+00 4.411348837209302376e-01 0.000000000000000000e+00 3.557570415497334215e-01 5.070293538995900295e-01 3.654298625489932340e-01 0.000000000000000000e+00 0.000000000000000000e+00 0.000000000000000000e+00 3.953381230700957483e-01 0.000000000000000000e+00 0.000000000000000000e+00 0.000000000000000000e+00 3.941250516406302751e-01 0.000000000000000000e+00 4.253248962801932653e-01 0.000000000000000000e+00 4.251371562675487770e-01 0.000000000000000000e+00 4.153156406970158199e-01 0.000000000000000000e+00 4.261495029747235375e-01 0.000000000000000000e+00 0.000000000000000000e+00 0.000000000000000000e+00 0.000000000000000000e+00 0.000000000000000000e+00 0.000000000000000000e+00 3.983064421052630588e-01 0.000000000000000000e+00 0.000000000000000000e+00 0.000000000000000000e+00 3.716871791044776274e-01 0.000000000000000000e+00 0.000000000000000000e+00 3.748427412587412300e-01 0.000000000000000000e+00 0.000000000000000000e+00 0.000000000000000000e+00 0.000000000000000000e+00 0.000000000000000000e+00 0.000000000000000000e+00 0.000000000000000000e+00 0.000000000000000000e+00 0.000000000000000000e+00 0.000000000000000000e+00 0.000000000000000000e+00 0.000000000000000000e+00 0.000000000000000000e+00
0.000000000000000000e+00 3.871994558187328850e-01 4.251380372908066252e-01 2.746443080480288623e-01 4.427002764596765227e-01 2.213319496084425742e-01 4.268370559370682771e-01 2.196271039399144143e-01 4.323981624745947272e-01 2.005573144219465198e-01 0.000000000000000000e+00 0.000000000000000000e+00 4.359094366944685772e-01 3.649753225806452450e-01 4.478427163581130688e-01 2.596145658853648008e-01 0.000000000000000000e+00 3.742411163359217197e-01 0.000000000000000000e+00 3.716933332818771474e-01 4.831623607485051597e-01 4.160446871814610370e-01 4.369073168353332370e-01 2.322065726326958957e-01 4.702585459591944739e-01 1.922857375682823222e-01 4.901357104129781539e-01 2.412487795527652468e-01 0.000000000000000000e+00 3.249808211381667311e-01 4.451814507945081600e-01 3.187842013436519850e-01 0.000000000000000000e+00 3.651706717845529249e-01 0.000000000000000000e+00 4.554454141207136542e-01 0.000000000000000000e+00 4.252840306122450120e-01 0.000000000000000000e+00 0.000000000000000000e+00 0.000000000000000000e+00 0.000000000000000000e+00 0.000000000000000000e+00 4.409275165562914212e-01 0.000000000000000000e+00 0.000000000000000000e+00 0.000000000000000000e+00 0.000000000000000000e+00 0.000000000000000000e+00 0.000000000000000000e+00 0.000000000000000000e+00 3.165672709923664785e-01 0.000000000000000000e+00 0.000000000000000000e+00 0.000000000000000000e+00 0.000000000000000000e+00 0.000000000000000000e+00 3.471785408695652331e-01 0.000000000000000000e+00 3.717554880217106561e-01 0.000000000000000000e+00 0.000000000000000000e+00 0.000000000000000000e+00 3.822583200000000403e-01 0.000000000000000000e+00 0.000000000000000000e+00 0.000000000000000000e+00 4.747978054608999465e-01 0.000000000000000000e+00 4.028359279279279392e-01 4.874654959435782420e-01 3.629669168159162518e-01 0.000000000000000000e+00 3.203019090915999456e-01 0.000000000000000000e+00 2.891578164398491690e-01 4.091566060606060540e-01 3.533094050632911709e-01 0.000000000000000000e+00 0.000000000000000000e+00 0.000000000000000000e+00 0.000000000000000000e+00 0.000000000000000000e+00 4.108679090909090892e-01 0.000000000000000000e+00 4.024866666666666593e-01 0.000000000000000000e+00 3.880473914064316299e-01 0.000000000000000000e+00 4.173255897435897976e-01 0.000000000000000000e+00 0.000000000000000000e+00 0.000000000000000000e+00 0.000000000000000000e+00 0.000000000000000000e+00 0.000000000000000000e+00 0.000000000000000000e+00 0.000000000000000000e+00 0.000000000000000000e+00 0.000000000000000000e+00 0.000000000000000000e+00 0.000000000000000000e+00 0.000000000000000000e+00 0.000000000000000000e+00 0.000000000000000000e+00 0.000000000000000000e+00 0.000000000000000000e+00 0.000000000000000000e+00 0.000000000000000000e+00 0.000000000000000000e+00 0.000000000000000000e+00 0.000000000000000000e+00 0.000000000000000000e+00 0.000000000000000000e+00 0.000000000000000000e+00 0.000000000000000000e+00
3.586261976900463333e-01 4.996013747247018411e-01 3.132828256003232781e-01 4.705165048902918423e-01 3.184606545402234312e-01 4.268370559370682771e-01 2.910550827683817121e-01 4.727443572347443945e-01 2.517587765655925902e-01 4.377501425403165225e-01 3.736249566470227212e-01 4.979435423235299418e-01 3.030704888653139029e-01 4.651404184849494694e-01 2.962362138588979787e-01 4.358739359861628637e-01 3.947549289580878917e-01 4.993356704586385253e-01 4.110264007740039305e-01 5.049419774275631934e-01 0.000000000000000000e+00 0.000000000000000000e+00 3.564145623967802656e-01 4.530587465569085870e-01 2.509424285714285663e-01 4.421432758356179660e-01 3.298266111111111121e-01 4.346131636363635420e-01 3.843230446981230064e-01 4.813118839251424586e-01 3.582951078239150489e-01 4.382503902598862688e-01 4.089125477306537193e-01 5.032123307905389531e-01 4.413565314062363187e-01 0.000000000000000000e+00 4.472166073546428033e-01 5.163912479338842454e-01 4.158326787289247650e-01 0.000000000000000000e+00 3.937551041666666474e-01 0.000000000000000000e+00 0.000000000000000000e+00 0.000000000000000000e+00 0.000000000000000000e+00 0.000000000000000000e+00 4.553786541353382900e-01 0.000000000000000000e+00 4.156790451748952897e-01 0.000000000000000000e+00 4.160484357504111164e-01 0.000000000000000000e+00 0.000000000000000000e+00 0.000000000000000000e+00 0.000000000000000000e+00 0.000000000000000000e+00 4.079196642384825267e-01 4.406381311468212658e-01 4.128028537529299102e-01 4.359635798715267851e-01 4.148390090033925448e-01 4.191674242424242025e-01 4.053125614051618641e-01 4.786741157024792526e-01 4.173804798266669835e-01 5.034546524822693936e-01 4.351523993941593949e-01 4.804091534100469740e-01 4.306598249213689500e-01 0.000000000000000000e+00 3.555048658443407117e-01 4.964635714408445200e-01 3.692018671764499271e-01 4.637588708877376509e-01 3.482850681818182026e-01 0.000000000000000000e+00 4.090848993563088176e-01 4.709156106913075512e-01 0.000000000000000000e+00 0.000000000000000000e+00 4.022542576813973314e-01 0.000000000000000000e+00 0.000000000000000000e+00 0.000000000000000000e+00 4.117992335270484472e-01 4.456956458333333204e-01 4.115510620175392154e-01 0.000000000000000000e+00 4.461834030353974967e-01 0.000000000000000000e+00 4.311457938126863620e-01 4.596780245901639361e-01 4.050409190884274868e-01 4.508750135439273388e-01 4.457031310643687627e-01 4.293594835164835644e-01 0.000000000000000000e+00 0.000000000000000000e+00 0.000000000000000000e+00 4.174096183206105759e-01 0.000000000000000000e+00 0.000000000000000000e+00 4.511500603448275193e-01 4.575132080924854128e-01 4.007607410714285612e-01 0.000000000000000000e+00 0.000000000000000000e+00 0.000000000000000000e+00 0.000000000000000000e+00 0.000000000000000000e+00 0.000000000000000000e+00 0.000000000000000000e+00 0.000000000000000000e+00 0.000000000000000000e+00 0.000000000000000000e+00 0.000000000000000000e+00
4.968092670724597593e-01 3.371739459182499510e-01 4.763900611795622853e-01 3.597433956807777888e-01 4.590338147524088974e-01 2.196271039399144143e-01 4.727443572347443945e-01 2.904584996663303609e-01 4.296840468325183737e-01 2.738373008448330426e-01 4.783063377628695712e-01 3.770184894718071056e-01 4.598139295216673306e-01 3.219551737802322511e-01 4.425822111111111234e-01 3.041138418583586023e-01 4.842236635589594052e-01 4.118745693852277623e-01 5.092823016169234496e-01 4.122146017858849265e-01 0.000000000000000000e+00 3.703653829787234009e-01 4.705226182387551304e-01 3.566335339882170108e-01 4.683291719012232512e-01 2.424852369076730685e-01 0.000000000000000000e+00 2.321146268989631167e-01 4.798268470890348358e-01 3.611289185409738423e-01 4.385770584989524545e-01 3.556791703496545165e-01 4.966428681737367068e-01 3.899577318856782271e-01 0.000000000000000000e+00 4.582683887604070416e-01 5.578461403750689662e-01 4.653900835072448117e-01 0.000000000000000000e+00 4.577886550485241735e-01 0.000000000000000000e+00 4.107572860676989568e-01 0.000000000000000000e+00 4.336852941176468912e-01 0.000000000000000000e+00 4.007420353267430180e-01 0.000000000000000000e+00 4.190067195402298328e-01 0.000000000000000000e+00 4.015517909947143860e-01 0.000000000000000000e+00 3.886789549714768643e-01 0.000000000000000000e+00 3.509705675675675596e-01 0.000000000000000000e+00 3.980493390304831181e-01 4.642502666666666333e-01 4.064144609303143585e-01 0.000000000000000000e+00 4.188514882834983299e-01 4.931972279411765414e-01 3.948359127471557928e-01 4.758253095238095254e-01 3.987137136968156859e-01 0.000000000000000000e+00 3.883823655259572849e-01 4.799439473995505967e-01 4.330479971673950601e-01 4.667812844736722311e-01 4.164240476876712727e-01 4.826943257647459684e-01 3.501866326739313529e-01 4.688064497105692841e-01 3.695326107506235469e-01 0.000000000000000000e+00 4.257367530864197280e-01 4.560357381015635592e-01 3.851221199405108764e-01 0.000000000000000000e+00 0.000000000000000000e+00 4.821694489795918526e-01 3.831168952690838236e-01 0.000000000000000000e+00 4.199308338061982226e-01 0.000000000000000000e+00 4.022252843907972997e-01 0.000000000000000000e+00 4.325595904968601024e-01 0.000000000000000000e+00 4.167406241616646301e-01 4.359634381266462300e-01 4.122576471241748974e-01 0.000000000000000000e+00 4.168809484122905640e-01 0.000000000000000000e+00 4.246588070039684082e-01 0.000000000000000000e+00 0.000000000000000000e+00 4.537626608547008500e-01 0.000000000000000000e+00 0.000000000000000000e+00 0.000000000000000000e+00 4.655273507462686644e-01 0.000000000000000000e+00 0.000000000000000000e+00 0.000000000000000000e+00 0.000000000000000000e+00 0.000000000000000000e+00 0.000000000000000000e+00 0.000000000000000000e+00 0.000000000000000000e+00 0.000000000000000000e+00 0.000000000000000000e+00 0.000000000000000000e+00 0.000000000000000000e+00 0.000000000000000000e+00
3.916996621537525702e-01 0.000000000000000000e+00 3.303305336371304968e-01 4.321724467389022606e-01 2.556177018433712367e-01 4.323981624745947272e-01 2.517587765655925902e-01 4.296840468325183737e-01 2.388931737916769049e-01 4.486186209141598269e-01 3.631595435902243429e-01 0.000000000000000000e+00 2.592593190015306526e-01 4.698452093023255949e-01 2.824310549859441744e-01 4.406176826923077217e-01 3.648834695759763935e-01 0.000000000000000000e+00 3.785260911827017516e-01 0.000000000000000000e+00 3.902795859662901434e-01 0.000000000000000000e+00 3.358755035095227770e-01 4.227938777815172244e-01 2.866892052878112218e-01 3.877936129975858015e-01 2.835651893847528360e-01 3.832968222222221666e-01 3.403361875331010200e-01 0.000000000000000000e+00 3.722571890397184391e-01 4.013408507375031964e-01 0.000000000000000000e+00 4.462430434074877716e-01 0.000000000000000000e+00 0.000000000000000000e+00 4.295518757142857691e-01 0.000000000000000000e+00 0.000000000000000000e+00 0.000000000000000000e+00 0.000000000000000000e+00 0.000000000000000000e+00 4.716493208458566455e-01 0.000000000000000000e+00 0.000000000000000000e+00 0.000000000000000000e+00 0.000000000000000000e+00 0.000000000000000000e+00 0.000000000000000000e+00 0.000000000000000000e+00 4.519945491452991848e-01 0.000000000000000000e+00 0.000000000000000000e+00 0.000000000000000000e+00 0.000000000000000000e+00 0.000000000000000000e+00 3.714154578947367336e-01 0.000000000000000000e+00 4.066818174962293364e-01 0.000000000000000000e+00 4.050297799020872169e-01 0.000000000000000000e+00 3.943413440064360009e-01 0.000000000000000000e+00 4.208387286481821699e-01 0.000000000000000000e+00 4.027518135593219917e-01 0.000000000000000000e+00 4.105132635658915174e-01 0.000000000000000000e+00 3.360813874315767835e-01 4.878956834239445151e-01 3.640777973248752186e-01 0.000000000000000000e+00 0.000000000000000000e+00 0.000000000000000000e+00 3.823347391538105544e-01 0.000000000000000000e+00 0.000000000000000000e+00 0.000000000000000000e+00 3.873687911386328731e-01 0.000000000000000000e+00 4.027591437746150804e-01 0.000000000000000000e+00 4.194809120824592452e-01 0.000000000000000000e+00 0.000000000000000000e+00 0.000000000000000000e+00 0.000000000000000000e+00 0.000000000000000000e+00 0.000000000000000000e+00 0.000000000000000000e+00 0.000000000000000000e+00 0.000000000000000000e+00 4.272907977528089818e-01 4.111617211538461381e-01 0.000000000000000000e+00 0.000000000000000000e+00 0.000000000000000000e+00 0.000000000000000000e+00 0.000000000000000000e+00 0.000000000000000000e+00 0.000000000000000000e+00 0.000000000000000000e+00 0.000000000000000000e+00 0.000000000000000000e+00 0.000000000000000000e+00 0.000000000000000000e+00 0.000000000000000000e+00 0.000000000000000000e+00 0.000000000000000000e+00 0.000000000000000000e+00 0.000000000000000000e+00 0.000000000000000000e+00 0.000000000000000000e+00 0.000000000000000000e+00
0.000000000000000000e+00 3.622423915679394146e-01 4.473419481072877790e-01 2.818570721174214477e-01 4.524297688624195901e-01 2.005573144219465198e-01 4.377501425403165225e-01 2.738373008448330426e-01 4.486186209141598269e-01 2.017857846737703409e-01 0.000000000000000000e+00 3.323105849036968595e-01 4.415628648368524756e-01 3.435635743167717582e-01 4.352647951419698069e-01 2.668976618702595394e-01 0.000000000000000000e+00 0.000000000000000000e+00 4.290634087662337781e-01 3.722429668571498595e-01 4.671769843996713689e-01 3.598321610376142288e-01 4.370858226145047376e-01 2.633531263475129003e-01 4.481330735470378523e-01 1.900174486905464588e-01 4.635755922493530190e-01 2.403917935309805298e-01 0.000000000000000000e+00 3.307468002026721088e-01 4.127476308168650521e-01 3.195763610661103149e-01 4.380185999999999247e-01 3.654970373092844005e-01 0.000000000000000000e+00 4.634996350364963269e-01 0.000000000000000000e+00 4.233137740453631892e-01 0.000000000000000000e+00 0.000000000000000000e+00 0.000000000000000000e+00 0.000000000000000000e+00 0.000000000000000000e+00 0.000000000000000000e+00 0.000000000000000000e+00 0.000000000000000000e+00 0.000000000000000000e+00 0.000000000000000000e+00 0.000000000000000000e+00 3.916061632552827465e-01 0.000000000000000000e+00 0.000000000000000000e+00 0.000000000000000000e+00 0.000000000000000000e+00 0.000000000000000000e+00 0.000000000000000000e+00 0.000000000000000000e+00 3.765794849021985580e-01 0.000000000000000000e+00 0.000000000000000000e+00 0.000000000000000000e+00 3.805109450363195478e-01 0.000000000000000000e+00 4.456622752293578071e-01 0.000000000000000000e+00 4.224247775109814529e-01 0.000000000000000000e+00 3.929082762117068195e-01 0.000000000000000000e+00 0.000000000000000000e+00 4.825314844873745401e-01 3.092883477240463419e-01 0.000000000000000000e+00 3.241351929693683798e-01 0.000000000000000000e+00 2.726693260869565982e-01 0.000000000000000000e+00 3.606024895975825650e-01 0.000000000000000000e+00 0.000000000000000000e+00 0.000000000000000000e+00 3.998508761893165286e-01 0.000000000000000000e+00 0.000000000000000000e+00 0.000000000000000000e+00 4.052760475856576616e-01 0.000000000000000000e+00 3.824949418604652873e-01 0.000000000000000000e+00 4.177615864017031333e-01 0.000000000000000000e+00 0.000000000000000000e+00 0.000000000000000000e+00 0.000000000000000000e+00 4.483802755102040405e-01 4.192937319587629053e-01 0.000000000000000000e+00 0.000000000000000000e+00 0.000000000000000000e+00 0.000000000000000000e+00 0.000000000000000000e+00 0.000000000000000000e+00 0.000000000000000000e+00 0.000000000000000000e+00 0.000000000000000000e+00 0.000000000000000000e+00 0.000000000000000000e+00 0.000000000000000000e+00 0.000000000000000000e+00 0.000000000000000000e+00 0.000000000000000000e+00 0.000000000000000000e+00 0.000000000000000000e+00 0.000000000000000000e+00 0.000000000000000000e+00 0.000000000000000000e+00
3.420502828482101521e-01 4.798085250447488015e-01 4.004264672392884306e-01 4.852929667138330405e-01 3.558059014866598591e-01 0.000000000000000000e+00 3.736249566470227212e-01 4.783063377628695712e-01 3.631595435902243429e-01 0.000000000000000000e+00 2.981653421519299685e-01 4.821056234203935920e-01 3.068656577596881041e-01 4.502459525868531820e-01 3.713434127991089295e-01 0.000000000000000000e+00 3.354207531624019967e-01 0.000000000000000000e+00 4.290275881509839628e-01 5.043100037358342336e-01 0.000000000000000000e+00 0.000000000000000000e+00 4.257842759240856312e-01 4.712866108478721006e-01 0.000000000000000000e+00 0.000000000000000000e+00 0.000000000000000000e+00 0.000000000000000000e+00 3.583707621696491930e-01 0.000000000000000000e+00 4.075918464989882750e-01 4.639256382992662520e-01 4.151104354161878618e-01 4.876273807252009540e-01 4.683482181818182100e-01 0.000000000000000000e+00 4.822747937914893535e-01 5.146635199999999299e-01 0.000000000000000000e+00 0.000000000000000000e+00 0.000000000000000000e+00 0.000000000000000000e+00 0.000000000000000000e+00 0.000000000000000000e+00 0.000000000000000000e+00 0.000000000000000000e+00 0.000000000000000000e+00 0.000000000000000000e+00 3.922155656565656234e-01 0.000000000000000000e+00 4.264383716709579941e-01 0.000000000000000000e+00 0.000000000000000000e+00 0.000000000000000000e+00 0.000000000000000000e+00 0.000000000000000000e+00 3.600778159110479271e-01 4.711406209150327262e-01 4.185947155317743529e-01 4.893957460790801517e-01 4.096775152322567060e-01 0.000000000000000000e+00 3.921914348701179276e-01 0.000000000000000000e+00 4.377127164411853122e-01 0.000000000000000000e+00 4.366864400522599832e-01 0.000000000000000000e+00 4.193057725187152585e-01 0.000000000000000000e+00 3.733482054877592660e-01 5.062091473381542528e-01 3.624498748688277372e-01 4.328361097560975979e-01 3.296305128205128110e-01 0.000000000000000000e+00 4.094384025250617509e-01 4.947988899999999912e-01 0.000000000000000000e+00 0.000000000000000000e+00 3.838224882493596057e-01 0.000000000000000000e+00 0.000000000000000000e+00 0.000000000000000000e+00 4.359638778398237657e-01 0.000000000000000000e+00 0.000000000000000000e+00 0.000000000000000000e+00 4.522603564964122191e-01 0.000000000000000000e+00 0.000000000000000000e+00 0.000000000000000000e+00 0.000000000000000000e+00 0.000000000000000000e+00 4.361101558441556891e-01 0.000000000000000000e+00 0.000000000000000000e+00 3.893069215686274509e-01 0.000000000000000000e+00 0.000000000000000000e+00 0.000000000000000000e+00 0.000000000000000000e+00 0.000000000000000000e+00 0.000000000000000000e+00 0.000000000000000000e+00 0.000000000000000000e+00 0.000000000000000000e+00 0.000000000000000000e+00 0.000000000000000000e+00 0.000000000000000000e+00 0.000000000000000000e+00 0.000000000000000000e+00 0.000000000000000000e+00 0.000000000000000000e+00 0.000000000000000000e+00 0.000000000000000000e+00
4.426094970250168403e-01 3.785750034254933838e-01 4.998748415039349080e-01 3.970644762436504882e-01 0.000000000000000000e+00 0.000000000000000000e+00 4.979435423235299418e-01 3.770184894718071056e-01 0.000000000000000000e+00 3.323105849036968595e-01 4.821056234203935920e-01 2.782027446175182051e-01 4.866444828532031086e-01 3.029907559240450632e-01 0.000000000000000000e+00 3.256627733905619881e-01 4.885434751773049533e-01 3.226465479154139171e-01 4.949186793317808530e-01 4.203060822624347659e-01 0.000000000000000000e+00 0.000000000000000000e+00 4.954599572989166201e-01 4.095418775533680167e-01 0.000000000000000000e+00 0.000000000000000000e+00 0.000000000000000000e+00 0.000000000000000000e+00 4.934095833333332903e-01 3.572561581567407774e-01 4.398592059648140928e-01 3.853694428732428179e-01 4.724688432221098577e-01 3.994602522307452164e-01 0.000000000000000000e+00 4.751256235294116781e-01 0.000000000000000000e+00 4.602034179309432704e-01 0.000000000000000000e+00 0.000000000000000000e+00 0.000000000000000000e+00 0.000000000000000000e+00 0.000000000000000000e+00 0.000000000000000000e+00 0.000000000000000000e+00 4.081790856862745343e-01 0.000000000000000000e+00 4.543984424778760856e-01 0.000000000000000000e+00 3.987575695486829108e-01 4.743162700729927073e-01 4.149686397808227123e-01 0.000000000000000000e+00 0.000000000000000000e+00 0.000000000000000000e+00 4.240177741935483025e-01 0.000000000000000000e+00 4.010053963743184235e-01 0.000000000000000000e+00 4.171440405672042218e-01 0.000000000000000000e+00 4.159210774152457546e-01 0.000000000000000000e+00 4.161626007259437987e-01 0.000000000000000000e+00 4.161384491111623229e-01 4.624590000000000090e-01 4.388472123910375777e-01 0.000000000000000000e+00 0.000000000000000000e+00 5.073800803930628156e-01 3.510206318713936513e-01 4.689581225381607710e-01 3.855466235346026171e-01 0.000000000000000000e+00 0.000000000000000000e+00 4.867748199639760909e-01 3.737153389278237703e-01 0.000000000000000000e+00 4.155293481620718210e-01 0.000000000000000000e+00 4.082201229352946936e-01 0.000000000000000000e+00 0.000000000000000000e+00 0.000000000000000000e+00 4.348729180851703680e-01 0.000000000000000000e+00 0.000000000000000000e+00 0.000000000000000000e+00 4.511704052227057948e-01 0.000000000000000000e+00 0.000000000000000000e+00 0.000000000000000000e+00 4.018659126984126528e-01 0.000000000000000000e+00 4.612962527472528329e-01 0.000000000000000000e+00 0.000000000000000000e+00 0.000000000000000000e+00 0.000000000000000000e+00 0.000000000000000000e+00 0.000000000000000000e+00 0.000000000000000000e+00 0.000000000000000000e+00 0.000000000000000000e+00 0.000000000000000000e+00 0.000000000000000000e+00 0.000000000000000000e+00 0.000000000000000000e+00 0.000000000000000000e+00 0.000000000000000000e+00 0.000000000000000000e+00 0.000000000000000000e+00 0.000000000000000000e+00 0.000000000000000000e+00 0.000000000000000000e+00
3.727188268481591571e-01 4.862493414195735442e-01 3.640019499137858161e-01 4.639916521531448068e-01 3.325275795707635651e-01 4.359094366944685772e-01 3.030704888653139029e-01 4.598139295216673306e-01 2.592593190015306526e-01 4.415628648368524756e-01 3.068656577596881041e-01 4.866444828532031086e-01 2.732618756378121239e-01 4.578188869540900097e-01 2.794071678546856119e-01 4.387281486209471670e-01 3.891844798910033543e-01 4.731706465517240279e-01 4.204053104057534629e-01 4.924091751457526644e-01 3.779572222222222222e-01 0.000000000000000000e+00 3.798625202577859405e-01 4.472162482692366159e-01 3.767935954545454935e-01 4.015397913604259461e-01 3.705020634920634381e-01 0.000000000000000000e+00 3.124447945959759609e-01 4.668373231502004894e-01 3.657701681597499421e-01 4.421447084469327105e-01 3.934671054134841195e-01 4.734065959699738091e-01 4.109527889908257126e-01 0.000000000000000000e+00 4.129319567439977967e-01 0.000000000000000000e+00 0.000000000000000000e+00 0.000000000000000000e+00 4.192679431818181479e-01 0.000000000000000000e+00 0.000000000000000000e+00 0.000000000000000000e+00 0.000000000000000000e+00 0.000000000000000000e+00 0.000000000000000000e+00 0.000000000000000000e+00 4.036230343201041015e-01 0.000000000000000000e+00 4.245355752982554742e-01 0.000000000000000000e+00 0.000000000000000000e+00 0.000000000000000000e+00 0.000000000000000000e+00 0.000000000000000000e+00 4.018241022879772695e-01 0.000000000000000000e+00 4.193684009071768082e-01 0.000000000000000000e+00 4.268759795530780998e-01 0.000000000000000000e+00 4.171990312135808732e-01 0.000000000000000000e+00 4.367490639708554445e-01 0.000000000000000000e+00 4.219006716627533016e-01 4.271674885496182794e-01 4.565551029646366388e-01 0.000000000000000000e+00 3.410758027987790264e-01 4.903562643854196268e-01 3.802173092067094862e-01 4.613475465074868276e-01 3.465902826086955657e-01 0.000000000000000000e+00 4.036230475926927408e-01 4.617188145203840466e-01 0.000000000000000000e+00 0.000000000000000000e+00 3.892853442927806662e-01 0.000000000000000000e+00 0.000000000000000000e+00 0.000000000000000000e+00 4.402126869970555689e-01 4.500327088642441242e-01 0.000000000000000000e+00 0.000000000000000000e+00 4.518321746574358588e-01 4.372213040000000328e-01 3.873514740259740852e-01 0.000000000000000000e+00 0.000000000000000000e+00 0.000000000000000000e+00 0.000000000000000000e+00 0.000000000000000000e+00 0.000000000000000000e+00 0.000000000000000000e+00 0.000000000000000000e+00 0.000000000000000000e+00 0.000000000000000000e+00 0.000000000000000000e+00 4.012163437500000374e-01 0.000000000000000000e+00 4.446507339449541352e-01 0.000000000000000000e+00 0.000000000000000000e+00 0.000000000000000000e+00 0.000000000000000000e+00 0.000000000000000000e+00 0.000000000000000000e+00 0.000000000000000000e+00 0.000000000000000000e+00 0.000000000000000000e+00 0.000000000000000000e+00 0.000000000000000000e+00
