2.754369959105298915e-01 4.922646991120829263e-01 3.601106590426644827e-01 5.093567441554696096e-01 3.176401958261992897e-01 0.000000000000000000e+00 3.210203952042181008e-01 4.835280581803081956e-01 3.579675545007032778e-01 0.000000000000000000e+00 3.170660386136258668e-01 4.970236410256410609e-01 3.381877230428674275e-01 3.992621477272727537e-01 3.637439715045781563e-01 0.000000000000000000e+00 3.095868422830718725e-01 4.826301435227027814e-01 3.875395490436967516e-01 5.181323424801488331e-01 3.901399999999999868e-01 0.000000000000000000e+00 4.091843736115732821e-01 4.737892432432433409e-01 3.975201238095237843e-01 0.000000000000000000e+00 0.000000000000000000e+00 0.000000000000000000e+00 4.033586045739389059e-01 4.719919537554431166e-01 3.824061531350063103e-01 4.481670339393939440e-01 4.949923777954954307e-01 5.110500936812458761e-01 4.263477355437930716e-01 0.000000000000000000e+00 4.750534727961495673e-01 4.955647367745307785e-01 0.000000000000000000e+00 0.000000000000000000e+00 4.050709826086956178e-01 0.000000000000000000e+00 4.076959157361455532e-01 0.000000000000000000e+00 4.251617719376598603e-01 5.060388285200141389e-01 0.000000000000000000e+00 0.000000000000000000e+00 4.011477615029550026e-01 0.000000000000000000e+00 3.949752331984395237e-01 4.838099620004880363e-01 3.854785947945939539e-01 0.000000000000000000e+00 3.798384536725289973e-01 0.000000000000000000e+00 3.132711598635086747e-01 4.860348633771346960e-01 4.140702129725051250e-01 4.827461819315239100e-01 3.928058203488873357e-01 4.807829659606378536e-01 3.640524171404251330e-01 4.708134175365163987e-01 4.212357075084351976e-01 0.000000000000000000e+00 4.518418057184308001e-01 5.067527717153006428e-01 3.530826267810938113e-01 5.131129108360694691e-01 3.467070232908788796e-01 4.889225350574469275e-01 3.635761271940446959e-01 4.953729514430795233e-01 0.000000000000000000e+00 0.000000000000000000e+00 3.935554146262624231e-01 4.706988448746282638e-01 3.939332392062676047e-01 0.000000000000000000e+00 2.958538262716888245e-01 4.750594496895986230e-01 4.265818623853211422e-01 0.000000000000000000e+00 4.037018713390997382e-01 0.000000000000000000e+00 0.000000000000000000e+00 0.000000000000000000e+00 3.863976800061961758e-01 0.000000000000000000e+00 4.567496022529190514e-01 0.000000000000000000e+00 4.425915650239110044e-01 0.000000000000000000e+00 4.405569685855826867e-01 4.482750057148721656e-01 4.573809036404868356e-01 0.000000000000000000e+00 4.168899831883833285e-01 0.000000000000000000e+00 4.311271111111110166e-01 0.000000000000000000e+00 4.396612276214013071e-01 4.380728285905270969e-01 4.377238938691063175e-01 4.380782192093963801e-01 5.101287361319339908e-01 0.000000000000000000e+00 0.000000000000000000e+00 0.000000000000000000e+00 4.751610245901639606e-01 0.000000000000000000e+00 0.000000000000000000e+00 0.000000000000000000e+00 0.000000000000000000e+00 0.000000000000000000e+00
4.922646991120829263e-01 3.041902795163960449e-01 5.136014425346563383e-01 3.584655387238697699e-01 0.000000000000000000e+00 3.465189187573824436e-01 4.760487037444208758e-01 3.451346692517609505e-01 0.000000000000000000e+00 3.617442580098808591e-01 4.532355234064462945e-01 3.373804227743907869e-01 0.000000000000000000e+00 3.587232926780397069e-01 0.000000000000000000e+00 3.768085862941026876e-01 4.725959429690097524e-01 2.794701679735438482e-01 5.140925555732560603e-01 3.720372467050774845e-01 0.000000000000000000e+00 0.000000000000000000e+00 4.513951382575757676e-01 4.057052245163085824e-01 0.000000000000000000e+00 0.000000000000000000e+00 0.000000000000000000e+00 0.000000000000000000e+00 5.171406695017500832e-01 4.060635221750032442e-01 4.570021733760638583e-01 0.000000000000000000e+00 5.255687254609535675e-01 5.017237786528372379e-01 4.348340000000000538e-01 3.845700991735536700e-01 5.185474625931428827e-01 4.631854078788619766e-01 0.000000000000000000e+00 5.089095363190205834e-01 0.000000000000000000e+00 3.763116052631579334e-01 0.000000000000000000e+00 3.866996884968910697e-01 0.000000000000000000e+00 4.266270753723245268e-01 0.000000000000000000e+00 0.000000000000000000e+00 0.000000000000000000e+00 4.056027168266844729e-01 5.137764728682170379e-01 4.058594636858774418e-01 0.000000000000000000e+00 3.896435807330232426e-01 0.000000000000000000e+00 4.014083216025120526e-01 4.990486948212539686e-01 3.177898260006971065e-01 0.000000000000000000e+00 4.019089893080173281e-01 4.413683321239640356e-01 3.890248869946368315e-01 4.779513732993196373e-01 3.368603721954089303e-01 0.000000000000000000e+00 4.143042568891971977e-01 4.920062927004664188e-01 3.731520110513917299e-01 5.292069061929863816e-01 3.255207765272792875e-01 4.979754496952598641e-01 3.543611219674958623e-01 4.805954615384613882e-01 3.844562119287756596e-01 0.000000000000000000e+00 3.141259333333333292e-01 4.827620794411131011e-01 3.940938950014276076e-01 0.000000000000000000e+00 4.092329444444445796e-01 4.633034052631579414e-01 3.956237625958836102e-01 0.000000000000000000e+00 3.114579199857752112e-01 4.803599679487178808e-01 4.104323435543205667e-01 0.000000000000000000e+00 4.046050227272726674e-01 0.000000000000000000e+00 4.152155083356576237e-01 0.000000000000000000e+00 4.171732046089859369e-01 0.000000000000000000e+00 4.362728578908289245e-01 4.592839492436434079e-01 4.108670510855684799e-01 0.000000000000000000e+00 0.000000000000000000e+00 0.000000000000000000e+00 4.424975486231264021e-01 4.626129477611940488e-01 4.223963303239974265e-01 4.316034885490283024e-01 4.291504727310703760e-01 0.000000000000000000e+00 4.462427642858263210e-01 0.000000000000000000e+00 5.342887244897958077e-01 3.956428119969040980e-01 4.109490925515464910e-01 0.000000000000000000e+00 0.000000000000000000e+00 0.000000000000000000e+00 3.939410270270269909e-01 4.100494311926605184e-01 4.332223996117107734e-01
3.601106590426644827e-01 5.136014425346563383e-01 2.450696948662846320e-01 4.946117382235051263e-01 2.117478354676705643e-01 4.541740499753630922e-01 2.874323905274073221e-01 4.769169657762204473e-01 2.991760423388374335e-01 3.919173953377110831e-01 3.974542407480120554e-01 4.689918194866349865e-01 3.336591984285766643e-01 4.450616087671515619e-01 3.176838574304063911e-01 4.524317716861769312e-01 3.910630213556531287e-01 5.071945713894002727e-01 2.975944226907459855e-01 5.360763539501527397e-01 3.652621019809244030e-01 0.000000000000000000e+00 2.464925815536480880e-01 4.558666387936029518e-01 3.420344432129986401e-01 4.272919040592533246e-01 3.473691649649083835e-01 0.000000000000000000e+00 3.528052554897903037e-01 4.742230670950045579e-01 3.763668629260103482e-01 4.383471721246980923e-01 4.096548762175941105e-01 5.218416765710321981e-01 4.212609302913152276e-01 0.000000000000000000e+00 4.092771892771061015e-01 0.000000000000000000e+00 3.806348257575757899e-01 0.000000000000000000e+00 0.000000000000000000e+00 0.000000000000000000e+00 0.000000000000000000e+00 0.000000000000000000e+00 4.238686929161532557e-01 5.440395781250000340e-01 4.201312857692307556e-01 0.000000000000000000e+00 4.264400625026044112e-01 0.000000000000000000e+00 3.935837125782487012e-01 4.670051150442477983e-01 3.554840079682222709e-01 0.000000000000000000e+00 3.750511668566043344e-01 0.000000000000000000e+00 3.911255994799409663e-01 5.052060185013743654e-01 4.137211097690000616e-01 4.919505922330096315e-01 3.987757557693010768e-01 5.331002346938775727e-01 3.872851174450549494e-01 4.623254063366759592e-01 4.088676750597423637e-01 0.000000000000000000e+00 4.639916585940190852e-01 5.063363484616488774e-01 4.065231200183475613e-01 5.281969157894736977e-01 3.634453812851815013e-01 5.141541810751660835e-01 3.721488394548967404e-01 4.669043509498238542e-01 3.344722221088434755e-01 0.000000000000000000e+00 4.035199489598442213e-01 4.791955398191798943e-01 0.000000000000000000e+00 0.000000000000000000e+00 3.973090282840937015e-01 0.000000000000000000e+00 3.032770229034530973e-01 0.000000000000000000e+00 3.779487053258675511e-01 0.000000000000000000e+00 3.834958042735042705e-01 0.000000000000000000e+00 3.719945426635586916e-01 0.000000000000000000e+00 4.082988441661424273e-01 0.000000000000000000e+00 4.036502464709846860e-01 4.309131586767676603e-01 4.140262606048530913e-01 4.223747191728108863e-01 4.250106368075692309e-01 0.000000000000000000e+00 4.139330943396227203e-01 0.000000000000000000e+00 4.086199825846843492e-01 4.265716106760563675e-01 4.115737312416801741e-01 4.554981879120159616e-01 4.345065393413970467e-01 0.000000000000000000e+00 4.733333695348837522e-01 0.000000000000000000e+00 0.000000000000000000e+00 0.000000000000000000e+00 4.372281980198019502e-01 4.147800790598290543e-01 0.000000000000000000e+00 3.662646504854369933e-01 0.000000000000000000e+00 0.000000000000000000e+00
5.093567441554696096e-01 3.584655387238697699e-01 4.946117382235051263e-01 2.526261921852718806e-01 4.656069825529131068e-01 2.687316593324775571e-01 4.699082324479738060e-01 2.954844997269812645e-01 4.692691119625372331e-01 3.159781799929181068e-01 4.618130127243198491e-01 3.792192209210741294e-01 4.536114033551906788e-01 3.497327946081105199e-01 4.831365708333333897e-01 3.574539559648839959e-01 4.767969676416431990e-01 3.945372148496618103e-01 5.332049174696592564e-01 2.930139102914470217e-01 3.959813928571428443e-01 3.459134213670464475e-01 4.635397356960252457e-01 2.535276338166461141e-01 4.501941437425106551e-01 3.165577919727808887e-01 4.355275636363636349e-01 3.796427391304347809e-01 4.770607182654004186e-01 3.566665943231597802e-01 4.503599712208389283e-01 3.743561733650114243e-01 5.147958283648534916e-01 3.921790137481642735e-01 0.000000000000000000e+00 0.000000000000000000e+00 4.653699155045118996e-01 4.308745362970988757e-01 0.000000000000000000e+00 4.609656614772024708e-01 0.000000000000000000e+00 4.161634178284402408e-01 0.000000000000000000e+00 0.000000000000000000e+00 0.000000000000000000e+00 4.550077501219135789e-01 0.000000000000000000e+00 0.000000000000000000e+00 0.000000000000000000e+00 4.564996884413750622e-01 5.237714868421052827e-01 4.463574523631033131e-01 0.000000000000000000e+00 3.431347439999999360e-01 0.000000000000000000e+00 4.207193108115657165e-01 0.000000000000000000e+00 4.001478073264599367e-01 0.000000000000000000e+00 4.232914342902582838e-01 5.339534191176470435e-01 3.970475105206085487e-01 0.000000000000000000e+00 4.049106131742833403e-01 0.000000000000000000e+00 4.489484023905236931e-01 5.158802464601408566e-01 4.432145541120395271e-01 5.380264347826086979e-01 4.023797775583285441e-01 5.176777854153019609e-01 3.755458800411352605e-01 4.704130579488522979e-01 3.791096008672147355e-01 0.000000000000000000e+00 3.802487891428524280e-01 4.710797522464521547e-01 3.998864874094613109e-01 0.000000000000000000e+00 0.000000000000000000e+00 4.960955488876996888e-01 3.887850524406545882e-01 0.000000000000000000e+00 4.297970925925926888e-01 0.000000000000000000e+00 4.090464452233159021e-01 0.000000000000000000e+00 0.000000000000000000e+00 0.000000000000000000e+00 3.861107963647009700e-01 4.058625801526717369e-01 4.242258044580893284e-01 4.018088428571428561e-01 4.182014435057104795e-01 4.335787789537361991e-01 4.110185157722962557e-01 0.000000000000000000e+00 0.000000000000000000e+00 3.879576507936507435e-01 4.470580260869565503e-01 0.000000000000000000e+00 4.151978469723416332e-01 4.541479734814814484e-01 4.209522875526213737e-01 3.985592660550458799e-01 4.221906513347113976e-01 4.494554181034483564e-01 0.000000000000000000e+00 0.000000000000000000e+00 3.884256147792151670e-01 0.000000000000000000e+00 0.000000000000000000e+00 0.000000000000000000e+00 4.045418032786885498e-01 0.000000000000000000e+00 4.378915510417265011e-01
3.176401958261992897e-01 0.000000000000000000e+00 2.117478354676705643e-01 4.656069825529131068e-01 2.267486274821968462e-01 4.558312235530399548e-01 2.829643701300463832e-01 4.502157228125711619e-01 2.497414566967020577e-01 4.445634970721298873e-01 3.580786375241492014e-01 0.000000000000000000e+00 2.949355938863676974e-01 4.393350454545454919e-01 2.673704500434809783e-01 4.635145364190570438e-01 4.167315847457627731e-01 0.000000000000000000e+00 3.486572046485085230e-01 0.000000000000000000e+00 3.098620881274232186e-01 3.527502468354429821e-01 2.166482828268485317e-01 4.498728237848808043e-01 2.266110524741043464e-01 4.625928645753761281e-01 1.976870488133393167e-01 4.591889791408339527e-01 3.266492518252276933e-01 0.000000000000000000e+00 3.616987832476294962e-01 4.359380962504145751e-01 0.000000000000000000e+00 3.322680379746835722e-01 0.000000000000000000e+00 0.000000000000000000e+00 4.027797108433735507e-01 0.000000000000000000e+00 0.000000000000000000e+00 0.000000000000000000e+00 0.000000000000000000e+00 0.000000000000000000e+00 0.000000000000000000e+00 0.000000000000000000e+00 0.000000000000000000e+00 0.000000000000000000e+00 4.432447155172413167e-01 0.000000000000000000e+00 0.000000000000000000e+00 0.000000000000000000e+00 4.230947941468253815e-01 0.000000000000000000e+00 3.797625851851851864e-01 0.000000000000000000e+00 0.000000000000000000e+00 0.000000000000000000e+00 0.000000000000000000e+00 0.000000000000000000e+00 3.919713577235771629e-01 0.000000000000000000e+00 3.787419273583069734e-01 0.000000000000000000e+00 3.586737354682268397e-01 0.000000000000000000e+00 3.601410642201835488e-01 0.000000000000000000e+00 4.036740000000000328e-01 0.000000000000000000e+00 3.820312252252252017e-01 0.000000000000000000e+00 3.332601563782060516e-01 5.133949533412340838e-01 3.628291402201359594e-01 4.514831386437908045e-01 3.041202258580617546e-01 0.000000000000000000e+00 3.843898941674433467e-01 4.033407952755905801e-01 0.000000000000000000e+00 0.000000000000000000e+00 3.633152233009708243e-01 0.000000000000000000e+00 2.999876666666667080e-01 0.000000000000000000e+00 3.884512314727103233e-01 0.000000000000000000e+00 0.000000000000000000e+00 0.000000000000000000e+00 3.826342207965784947e-01 0.000000000000000000e+00 4.069402222222222032e-01 4.299526016260162842e-01 0.000000000000000000e+00 0.000000000000000000e+00 4.120454535030506626e-01 0.000000000000000000e+00 0.000000000000000000e+00 3.840982525252525370e-01 0.000000000000000000e+00 0.000000000000000000e+00 0.000000000000000000e+00 0.000000000000000000e+00 0.000000000000000000e+00 3.914967681159420843e-01 0.000000000000000000e+00 0.000000000000000000e+00 0.000000000000000000e+00 0.000000000000000000e+00 0.000000000000000000e+00 0.000000000000000000e+00 0.000000000000000000e+00 0.000000000000000000e+00 0.000000000000000000e+00 0.000000000000000000e+00 0.000000000000000000e+00 0.000000000000000000e+00
0.000000000000000000e+00 3.465189187573824436e-01 4.541740499753630922e-01 2.687316593324775571e-01 4.558312235530399548e-01 1.936688249878664447e-01 4.452540880794256251e-01 2.596057459321437499e-01 4.538196365993504289e-01 2.329255641548967082e-01 0.000000000000000000e+00 3.416751427637314542e-01 4.187730384615384605e-01 3.556046601395459472e-01 4.790582611771903032e-01 2.776559661354440212e-01 0.000000000000000000e+00 0.000000000000000000e+00 0.000000000000000000e+00 3.655752012828514252e-01 4.290099253893557285e-01 3.047633917604787857e-01 4.293419050142820437e-01 3.132279518436327237e-01 4.397538771283541204e-01 2.648419232941763291e-01 4.559228419425443435e-01 2.419320182987980961e-01 0.000000000000000000e+00 3.559794962099101512e-01 4.245192013312014123e-01 3.600142331263778139e-01 0.000000000000000000e+00 3.980535927370302263e-01 0.000000000000000000e+00 0.000000000000000000e+00 0.000000000000000000e+00 0.000000000000000000e+00 0.000000000000000000e+00 0.000000000000000000e+00 0.000000000000000000e+00 0.000000000000000000e+00 0.000000000000000000e+00 0.000000000000000000e+00 0.000000000000000000e+00 0.000000000000000000e+00 0.000000000000000000e+00 4.189892210526316996e-01 0.000000000000000000e+00 4.443570681818181933e-01 0.000000000000000000e+00 3.426433783582089054e-01 0.000000000000000000e+00 3.399954251968504981e-01 0.000000000000000000e+00 0.000000000000000000e+00 0.000000000000000000e+00 0.000000000000000000e+00 0.000000000000000000e+00 0.000000000000000000e+00 0.000000000000000000e+00 0.000000000000000000e+00 0.000000000000000000e+00 0.000000000000000000e+00 0.000000000000000000e+00 3.551613471074380191e-01 0.000000000000000000e+00 4.648008600462822382e-01 0.000000000000000000e+00 0.000000000000000000e+00 5.003929400480364720e-01 3.506161825867102344e-01 0.000000000000000000e+00 3.464394094817052072e-01 0.000000000000000000e+00 2.850834399999999658e-01 0.000000000000000000e+00 3.495957413726815677e-01 0.000000000000000000e+00 0.000000000000000000e+00 0.000000000000000000e+00 0.000000000000000000e+00 0.000000000000000000e+00 2.952028148148147513e-01 0.000000000000000000e+00 3.512103548387097707e-01 0.000000000000000000e+00 0.000000000000000000e+00 0.000000000000000000e+00 4.257613876983231682e-01 0.000000000000000000e+00 0.000000000000000000e+00 0.000000000000000000e+00 0.000000000000000000e+00 0.000000000000000000e+00 3.767180879120878845e-01 0.000000000000000000e+00 0.000000000000000000e+00 0.000000000000000000e+00 0.000000000000000000e+00 0.000000000000000000e+00 0.000000000000000000e+00 0.000000000000000000e+00 3.507654949494949381e-01 0.000000000000000000e+00 0.000000000000000000e+00 0.000000000000000000e+00 0.000000000000000000e+00 0.000000000000000000e+00 0.000000000000000000e+00 0.000000000000000000e+00 0.000000000000000000e+00 0.000000000000000000e+00 0.000000000000000000e+00 0.000000000000000000e+00 0.000000000000000000e+00
3.210203952042181008e-01 4.760487037444208758e-01 2.874323905274073221e-01 4.699082324479738060e-01 2.829643701300463832e-01 4.452540880794256251e-01 2.553079531827092130e-01 4.560658082735503660e-01 3.011108451491381066e-01 4.521590128205127956e-01 3.519061229099668120e-01 4.588169271673810390e-01 2.909761111423909141e-01 4.434909126347543751e-01 2.996952176432017834e-01 4.641040008278848328e-01 3.634995147153040618e-01 4.723428244203681792e-01 3.949894151731304093e-01 4.950033886963541852e-01 3.563614399999999183e-01 0.000000000000000000e+00 3.696583611357353027e-01 4.494524532410796858e-01 3.422727355218855294e-01 4.197997220051626899e-01 3.600891314634145912e-01 0.000000000000000000e+00 3.379771481279293943e-01 4.658700877446456667e-01 3.672285596871907587e-01 4.433835802752440491e-01 4.013693548928456978e-01 4.876368984239989324e-01 4.346538875379939437e-01 0.000000000000000000e+00 4.002835769432413482e-01 3.993054134615384165e-01 3.584662291666667611e-01 0.000000000000000000e+00 0.000000000000000000e+00 0.000000000000000000e+00 0.000000000000000000e+00 0.000000000000000000e+00 4.189686504854369664e-01 4.924833863636363662e-01 4.157387837837838718e-01 0.000000000000000000e+00 3.934686045609747107e-01 0.000000000000000000e+00 3.848059505437465000e-01 0.000000000000000000e+00 3.708561329803411466e-01 0.000000000000000000e+00 3.653984562427603500e-01 0.000000000000000000e+00 3.777921636161042374e-01 4.752836263815496398e-01 3.918808792818486153e-01 0.000000000000000000e+00 3.964303637231459398e-01 4.457960479323308522e-01 3.482040762982522852e-01 0.000000000000000000e+00 3.987272170106059277e-01 0.000000000000000000e+00 4.327835085115701030e-01 4.991219997675545028e-01 4.095412408257002035e-01 4.717567623762377593e-01 3.347621240677602361e-01 4.959093381243155907e-01 3.632943016138534542e-01 4.448510069232978204e-01 3.452007987012986612e-01 0.000000000000000000e+00 3.805285030054360584e-01 4.465901859032740395e-01 0.000000000000000000e+00 0.000000000000000000e+00 3.560163270979784245e-01 4.696846711449879086e-01 2.925754358974359537e-01 0.000000000000000000e+00 3.831951202246042798e-01 0.000000000000000000e+00 0.000000000000000000e+00 0.000000000000000000e+00 3.709485692395134704e-01 4.452556513157894247e-01 3.864230390624999734e-01 4.459053548387095778e-01 4.092892307692307385e-01 0.000000000000000000e+00 4.274569482440037094e-01 4.005626383443687266e-01 0.000000000000000000e+00 4.110890869565216876e-01 0.000000000000000000e+00 0.000000000000000000e+00 4.069668244274809998e-01 0.000000000000000000e+00 4.453365537819959363e-01 4.305248348050956242e-01 4.180190549851418025e-01 0.000000000000000000e+00 0.000000000000000000e+00 0.000000000000000000e+00 0.000000000000000000e+00 0.000000000000000000e+00 0.000000000000000000e+00 0.000000000000000000e+00 0.000000000000000000e+00 0.000000000000000000e+00 0.000000000000000000e+00 4.220904205607476367e-01
4.835280581803081956e-01 3.451346692517609505e-01 4.769169657762204473e-01 2.954844997269812645e-01 4.502157228125711619e-01 2.596057459321437499e-01 4.560658082735503660e-01 2.706699956193927004e-01 4.320204852979934174e-01 2.420499524550241421e-01 4.703397652294744602e-01 3.335584790980702929e-01 4.393120680275700018e-01 2.552937434204515244e-01 4.428835526853607263e-01 3.318576066021923232e-01 4.625762260701115069e-01 3.744301563306301484e-01 5.083191267795355017e-01 3.839702701654059691e-01 0.000000000000000000e+00 0.000000000000000000e+00 4.606198851662430815e-01 3.623889017597770046e-01 4.501341010462615588e-01 0.000000000000000000e+00 4.459275885534590422e-01 4.775036454545454889e-01 4.547111142463037270e-01 3.400904993638310114e-01 4.522604610206200637e-01 3.815753926272420493e-01 5.062248078099498283e-01 3.964758784678771297e-01 4.433674411844874541e-01 0.000000000000000000e+00 4.508767326607429071e-01 4.415774169730007359e-01 0.000000000000000000e+00 4.272136350534176952e-01 0.000000000000000000e+00 0.000000000000000000e+00 4.062974909090909525e-01 3.946875561911899477e-01 0.000000000000000000e+00 4.062026732306879273e-01 0.000000000000000000e+00 3.846151764705882381e-01 5.194529318181818622e-01 3.955002980582550953e-01 4.920526793347873573e-01 3.828771920919056826e-01 0.000000000000000000e+00 3.814574584971078264e-01 0.000000000000000000e+00 3.944267593811451311e-01 4.784596568840580044e-01 3.876530806424589581e-01 4.255100000000000549e-01 3.909243474528051876e-01 4.830145251553357166e-01 3.805886223425009596e-01 5.034052142857142753e-01 3.770640672116115089e-01 0.000000000000000000e+00 4.065163149343155591e-01 4.915744827441077547e-01 4.468419584693754665e-01 0.000000000000000000e+00 4.383408241758242618e-01 4.983793079568550333e-01 3.410153493442260042e-01 4.493055466519507712e-01 3.629610568616942756e-01 0.000000000000000000e+00 3.357963728681327975e-01 4.540668993180399515e-01 3.764334913366187974e-01 0.000000000000000000e+00 0.000000000000000000e+00 5.069811958762886483e-01 3.771663364442184307e-01 0.000000000000000000e+00 3.481710999999999556e-01 0.000000000000000000e+00 3.875858383580567668e-01 0.000000000000000000e+00 0.000000000000000000e+00 0.000000000000000000e+00 3.820184942802772876e-01 0.000000000000000000e+00 4.154492285445251509e-01 4.244170754952744096e-01 4.268952226961091889e-01 4.157216133868808505e-01 4.176357972521491102e-01 0.000000000000000000e+00 0.000000000000000000e+00 0.000000000000000000e+00 4.161567184466019587e-01 0.000000000000000000e+00 4.274398048412893503e-01 4.313481730028119743e-01 4.335629093351087149e-01 3.973926249999999438e-01 4.456206809144542813e-01 0.000000000000000000e+00 0.000000000000000000e+00 0.000000000000000000e+00 0.000000000000000000e+00 0.000000000000000000e+00 3.947568282828283204e-01 0.000000000000000000e+00 0.000000000000000000e+00 0.000000000000000000e+00 0.000000000000000000e+00
3.579675545007032778e-01 0.000000000000000000e+00 2.991760423388374335e-01 4.692691119625372331e-01 2.497414566967020577e-01 4.538196365993504289e-01 3.011108451491381066e-01 4.320204852979934174e-01 2.717819065223116004e-01 4.327100712338977084e-01 3.277926994094698676e-01 0.000000000000000000e+00 3.010112322213443492e-01 0.000000000000000000e+00 2.829048258264536542e-01 0.000000000000000000e+00 3.720113086419752912e-01 0.000000000000000000e+00 0.000000000000000000e+00 0.000000000000000000e+00 3.556853836847971850e-01 0.000000000000000000e+00 3.333621579026991300e-01 4.553945918865916487e-01 2.967252257741764265e-01 4.311193419211730715e-01 2.810792165242537166e-01 0.000000000000000000e+00 3.328193962776913595e-01 0.000000000000000000e+00 3.699979027650915908e-01 4.570228899855107718e-01 4.254742903225806061e-01 0.000000000000000000e+00 0.000000000000000000e+00 0.000000000000000000e+00 0.000000000000000000e+00 0.000000000000000000e+00 0.000000000000000000e+00 0.000000000000000000e+00 0.000000000000000000e+00 0.000000000000000000e+00 0.000000000000000000e+00 0.000000000000000000e+00 0.000000000000000000e+00 5.095661256830600339e-01 0.000000000000000000e+00 0.000000000000000000e+00 0.000000000000000000e+00 0.000000000000000000e+00 0.000000000000000000e+00 0.000000000000000000e+00 0.000000000000000000e+00 0.000000000000000000e+00 0.000000000000000000e+00 0.000000000000000000e+00 3.698095741341991816e-01 0.000000000000000000e+00 4.047982181818182146e-01 0.000000000000000000e+00 4.025095479166665990e-01 0.000000000000000000e+00 3.696716627452979465e-01 0.000000000000000000e+00 4.099757278119250947e-01 0.000000000000000000e+00 4.219530144244105219e-01 5.129310487804877861e-01 4.091086822429906844e-01 0.000000000000000000e+00 3.529179125774398185e-01 5.054784556550447894e-01 3.662721801149110279e-01 4.363930888888887805e-01 2.984875426582940805e-01 0.000000000000000000e+00 3.760625832816754111e-01 4.197425501165501505e-01 0.000000000000000000e+00 0.000000000000000000e+00 3.649114024390244237e-01 0.000000000000000000e+00 3.695906785714286324e-01 0.000000000000000000e+00 3.687872775171022188e-01 0.000000000000000000e+00 0.000000000000000000e+00 0.000000000000000000e+00 0.000000000000000000e+00 0.000000000000000000e+00 0.000000000000000000e+00 0.000000000000000000e+00 0.000000000000000000e+00 0.000000000000000000e+00 4.093330239791723724e-01 0.000000000000000000e+00 0.000000000000000000e+00 0.000000000000000000e+00 0.000000000000000000e+00 4.510164421052632044e-01 0.000000000000000000e+00 0.000000000000000000e+00 4.053357436993367813e-01 0.000000000000000000e+00 0.000000000000000000e+00 0.000000000000000000e+00 0.000000000000000000e+00 0.000000000000000000e+00 0.000000000000000000e+00 0.000000000000000000e+00 0.000000000000000000e+00 0.000000000000000000e+00 0.000000000000000000e+00 0.000000000000000000e+00 0.000000000000000000e+00 0.000000000000000000e+00
0.000000000000000000e+00 3.617442580098808591e-01 3.919173953377110831e-01 3.159781799929181068e-01 4.445634970721298873e-01 2.329255641548967082e-01 4.521590128205127956e-01 2.420499524550241421e-01 4.327100712338977084e-01 2.362910541897234318e-01 0.000000000000000000e+00 3.446904804187139737e-01 0.000000000000000000e+00 3.155613982110564431e-01 0.000000000000000000e+00 2.560811703265207240e-01 0.000000000000000000e+00 3.749070363636364256e-01 0.000000000000000000e+00 3.926573409090909350e-01 4.678134473684211203e-01 3.230910139710063134e-01 4.451229395048606485e-01 3.373874895966785248e-01 4.542771501751534102e-01 2.616084766256395744e-01 4.321506777395094923e-01 2.698351133156117743e-01 0.000000000000000000e+00 3.531145325034282245e-01 4.366605494942639720e-01 3.478869472497012061e-01 0.000000000000000000e+00 0.000000000000000000e+00 0.000000000000000000e+00 0.000000000000000000e+00 0.000000000000000000e+00 0.000000000000000000e+00 0.000000000000000000e+00 0.000000000000000000e+00 0.000000000000000000e+00 0.000000000000000000e+00 0.000000000000000000e+00 4.038846967741935301e-01 4.575924770114941920e-01 0.000000000000000000e+00 0.000000000000000000e+00 4.234566642857143237e-01 0.000000000000000000e+00 0.000000000000000000e+00 0.000000000000000000e+00 3.628332961325327344e-01 0.000000000000000000e+00 0.000000000000000000e+00 0.000000000000000000e+00 0.000000000000000000e+00 0.000000000000000000e+00 4.015082274533194884e-01 0.000000000000000000e+00 0.000000000000000000e+00 0.000000000000000000e+00 3.526954390338614687e-01 0.000000000000000000e+00 4.045524432989691110e-01 0.000000000000000000e+00 0.000000000000000000e+00 0.000000000000000000e+00 0.000000000000000000e+00 0.000000000000000000e+00 0.000000000000000000e+00 4.837852332460283455e-01 3.366696814787529801e-01 0.000000000000000000e+00 3.595654382396623605e-01 0.000000000000000000e+00 3.494452553191489397e-01 4.638260000000000716e-01 3.551108305217972050e-01 0.000000000000000000e+00 0.000000000000000000e+00 0.000000000000000000e+00 4.049024199821985581e-01 0.000000000000000000e+00 2.736301333333333585e-01 0.000000000000000000e+00 3.613758609352583639e-01 0.000000000000000000e+00 0.000000000000000000e+00 0.000000000000000000e+00 3.509733703192481347e-01 4.401592125984252202e-01 0.000000000000000000e+00 0.000000000000000000e+00 0.000000000000000000e+00 0.000000000000000000e+00 3.902891993760911893e-01 0.000000000000000000e+00 0.000000000000000000e+00 0.000000000000000000e+00 0.000000000000000000e+00 0.000000000000000000e+00 0.000000000000000000e+00 0.000000000000000000e+00 3.691348627819549533e-01 3.729997342635658630e-01 3.800484546274489617e-01 0.000000000000000000e+00 0.000000000000000000e+00 0.000000000000000000e+00 0.000000000000000000e+00 0.000000000000000000e+00 0.000000000000000000e+00 0.000000000000000000e+00 0.000000000000000000e+00 0.000000000000000000e+00 0.000000000000000000e+00
3.170660386136258668e-01 4.532355234064462945e-01 3.974542407480120554e-01 4.618130127243198491e-01 3.580786375241492014e-01 0.000000000000000000e+00 3.519061229099668120e-01 4.703397652294744602e-01 3.277926994094698676e-01 0.000000000000000000e+00 3.416448561180034371e-01 4.358278916543174564e-01 3.254488485095038408e-01 0.000000000000000000e+00 3.733836828465840196e-01 0.000000000000000000e+00 3.563986261121283583e-01 0.000000000000000000e+00 4.225183453432382885e-01 4.939458886677250415e-01 0.000000000000000000e+00 0.000000000000000000e+00 4.161891015580502229e-01 4.545728877244410437e-01 0.000000000000000000e+00 0.000000000000000000e+00 0.000000000000000000e+00 0.000000000000000000e+00 3.575038470396676438e-01 4.358755952380952148e-01 4.113615409905872489e-01 4.236861603001035315e-01 4.696276119402984506e-01 4.844448318942199405e-01 0.000000000000000000e+00 0.000000000000000000e+00 4.144041492228211498e-01 4.393788859649122580e-01 3.727717343749999968e-01 0.000000000000000000e+00 3.949057735849056949e-01 0.000000000000000000e+00 4.141434031007751870e-01 0.000000000000000000e+00 0.000000000000000000e+00 0.000000000000000000e+00 0.000000000000000000e+00 0.000000000000000000e+00 4.158333629032257006e-01 4.527984074074074550e-01 4.197592160203541534e-01 0.000000000000000000e+00 0.000000000000000000e+00 0.000000000000000000e+00 3.862773896406340723e-01 0.000000000000000000e+00 3.834319091837413707e-01 4.218755839416057918e-01 4.275466877759616646e-01 4.736936521739130157e-01 4.177731732049882463e-01 4.869510367647058580e-01 3.981518232616677588e-01 0.000000000000000000e+00 4.319077251902914694e-01 4.525176153846153793e-01 4.505397497221109160e-01 4.986173560606060873e-01 4.188978919445597859e-01 0.000000000000000000e+00 3.519768219490502226e-01 4.990944679503202530e-01 3.772162383407545727e-01 4.503283037392574739e-01 0.000000000000000000e+00 0.000000000000000000e+00 4.105686264908264271e-01 4.225819829449430354e-01 0.000000000000000000e+00 0.000000000000000000e+00 3.460517811755151607e-01 0.000000000000000000e+00 3.610585847060723275e-01 0.000000000000000000e+00 4.141857886856014082e-01 0.000000000000000000e+00 0.000000000000000000e+00 0.000000000000000000e+00 3.967888485287948130e-01 0.000000000000000000e+00 0.000000000000000000e+00 0.000000000000000000e+00 0.000000000000000000e+00 0.000000000000000000e+00 4.227634721030494314e-01 4.113253728228227768e-01 0.000000000000000000e+00 0.000000000000000000e+00 0.000000000000000000e+00 0.000000000000000000e+00 0.000000000000000000e+00 0.000000000000000000e+00 0.000000000000000000e+00 0.000000000000000000e+00 0.000000000000000000e+00 0.000000000000000000e+00 0.000000000000000000e+00 0.000000000000000000e+00 0.000000000000000000e+00 4.105668536585366235e-01 0.000000000000000000e+00 0.000000000000000000e+00 0.000000000000000000e+00 0.000000000000000000e+00 0.000000000000000000e+00 0.000000000000000000e+00
4.970236410256410609e-01 3.373804227743907869e-01 4.689918194866349865e-01 3.792192209210741294e-01 0.000000000000000000e+00 3.416751427637314542e-01 4.588169271673810390e-01 3.335584790980702929e-01 0.000000000000000000e+00 3.446904804187139737e-01 4.358278916543174564e-01 2.606483256742465615e-01 4.258325858241987505e-01 2.912488303676435963e-01 0.000000000000000000e+00 3.818237458802529738e-01 0.000000000000000000e+00 2.809090096558831129e-01 5.093576915746098610e-01 4.144664329543799042e-01 0.000000000000000000e+00 0.000000000000000000e+00 4.590066736887631338e-01 3.806400793731313792e-01 0.000000000000000000e+00 0.000000000000000000e+00 0.000000000000000000e+00 0.000000000000000000e+00 0.000000000000000000e+00 3.361762510122536241e-01 4.190046492661035904e-01 3.873353268354184364e-01 4.841507568374445736e-01 4.073474021531108269e-01 0.000000000000000000e+00 4.169856000000000118e-01 0.000000000000000000e+00 4.276034468178825376e-01 0.000000000000000000e+00 4.376356955257862391e-01 0.000000000000000000e+00 0.000000000000000000e+00 0.000000000000000000e+00 0.000000000000000000e+00 0.000000000000000000e+00 4.171865437968217405e-01 0.000000000000000000e+00 0.000000000000000000e+00 0.000000000000000000e+00 4.200453028097159147e-01 4.391999207317072718e-01 4.061653268825526908e-01 0.000000000000000000e+00 3.843210981562425466e-01 0.000000000000000000e+00 3.734821247757814100e-01 0.000000000000000000e+00 3.754862715561086417e-01 4.507059124087591795e-01 4.278915195398133031e-01 0.000000000000000000e+00 3.991454908503396792e-01 0.000000000000000000e+00 3.884530074205061467e-01 0.000000000000000000e+00 4.182435562103675175e-01 4.612378105692981345e-01 4.294552235707116417e-01 0.000000000000000000e+00 0.000000000000000000e+00 4.710361330506184774e-01 3.555855425256758129e-01 4.543514225779785032e-01 3.691127625522547806e-01 0.000000000000000000e+00 0.000000000000000000e+00 4.444318764025879664e-01 3.873838968199531108e-01 0.000000000000000000e+00 3.824998979591837101e-01 0.000000000000000000e+00 4.054860789991768799e-01 0.000000000000000000e+00 4.013531653225805851e-01 0.000000000000000000e+00 4.191702515815289853e-01 0.000000000000000000e+00 4.610044036201893514e-01 0.000000000000000000e+00 4.223199185097858410e-01 0.000000000000000000e+00 4.360117168141593447e-01 0.000000000000000000e+00 0.000000000000000000e+00 4.734777333333333171e-01 4.324677011423248008e-01 0.000000000000000000e+00 0.000000000000000000e+00 0.000000000000000000e+00 0.000000000000000000e+00 0.000000000000000000e+00 4.507035932203389272e-01 0.000000000000000000e+00 4.186322083333333666e-01 0.000000000000000000e+00 0.000000000000000000e+00 0.000000000000000000e+00 0.000000000000000000e+00 0.000000000000000000e+00 4.324749200000000404e-01 0.000000000000000000e+00 0.000000000000000000e+00 0.000000000000000000e+00 0.000000000000000000e+00 0.000000000000000000e+00 0.000000000000000000e+00
3.381877230428674275e-01 0.000000000000000000e+00 3.336591984285766643e-01 4.536114033551906788e-01 2.949355938863676974e-01 4.187730384615384605e-01 2.909761111423909141e-01 4.393120680275700018e-01 3.010112322213443492e-01 0.000000000000000000e+00 3.254488485095038408e-01 4.258325858241987505e-01 2.538023635444409121e-01 4.495307537712677215e-01 2.688224399299141143e-01 0.000000000000000000e+00 3.695689755347519867e-01 0.000000000000000000e+00 4.092581690739026667e-01 4.516745467726853702e-01 0.000000000000000000e+00 0.000000000000000000e+00 3.632341952604989932e-01 4.425999140841844759e-01 0.000000000000000000e+00 0.000000000000000000e+00 3.273705074626865330e-01 0.000000000000000000e+00 3.606752037735940775e-01 4.388697639770952064e-01 3.615781518364794556e-01 4.464907389257720682e-01 3.677715641308835770e-01 4.436647251200101505e-01 4.140612636778115974e-01 0.000000000000000000e+00 4.158940515527455029e-01 0.000000000000000000e+00 0.000000000000000000e+00 0.000000000000000000e+00 0.000000000000000000e+00 0.000000000000000000e+00 0.000000000000000000e+00 0.000000000000000000e+00 0.000000000000000000e+00 0.000000000000000000e+00 0.000000000000000000e+00 0.000000000000000000e+00 4.310662999999999578e-01 4.126402934131737088e-01 4.295454497230644653e-01 0.000000000000000000e+00 3.819742910714285511e-01 0.000000000000000000e+00 4.204871894462730575e-01 0.000000000000000000e+00 3.961671685568085022e-01 0.000000000000000000e+00 4.052549873013214787e-01 0.000000000000000000e+00 4.173071826178081367e-01 0.000000000000000000e+00 4.038188356442741767e-01 0.000000000000000000e+00 4.221416751376688148e-01 0.000000000000000000e+00 4.256259723023348984e-01 0.000000000000000000e+00 4.130808396889800171e-01 4.834265535714286632e-01 3.253433656390543049e-01 4.767074364627763572e-01 3.724630642677147496e-01 4.427263489679035269e-01 3.523615277777778498e-01 0.000000000000000000e+00 3.940220130167255697e-01 4.343504719371951706e-01 0.000000000000000000e+00 0.000000000000000000e+00 3.594692131482361552e-01 0.000000000000000000e+00 2.557920896830345736e-01 0.000000000000000000e+00 3.930752846541221146e-01 0.000000000000000000e+00 0.000000000000000000e+00 0.000000000000000000e+00 3.960382731375263754e-01 0.000000000000000000e+00 4.744497851239669051e-01 4.189240391917293804e-01 4.256783709677419147e-01 4.034951967575534093e-01 4.254016441367042267e-01 3.755968387096775274e-01 4.102258690476190406e-01 0.000000000000000000e+00 3.892209169947506431e-01 4.515296153846153904e-01 0.000000000000000000e+00 4.415276636363636431e-01 4.271405853658535867e-01 4.215841273106214482e-01 4.260343668929901795e-01 0.000000000000000000e+00 0.000000000000000000e+00 0.000000000000000000e+00 0.000000000000000000e+00 0.000000000000000000e+00 0.000000000000000000e+00 0.000000000000000000e+00 0.000000000000000000e+00 3.902565584070796234e-01 0.000000000000000000e+00 0.000000000000000000e+00
