2.914397005678464048e-01 4.719406337049861233e-01 3.601352544589788152e-01 4.864645128095352877e-01 3.952502006664198042e-01 0.000000000000000000e+00 3.514666372164372277e-01 4.901529936382183483e-01 4.029058877933088811e-01 0.000000000000000000e+00 3.335893573619311825e-01 4.958813113207546919e-01 3.898387142081597978e-01 0.000000000000000000e+00 3.862046470419158162e-01 0.000000000000000000e+00 3.440475563520908331e-01 4.767362080460519902e-01 4.226133212961751262e-01 4.959310048612414756e-01 0.000000000000000000e+00 0.000000000000000000e+00 4.278870848202920851e-01 0.000000000000000000e+00 0.000000000000000000e+00 0.000000000000000000e+00 0.000000000000000000e+00 0.000000000000000000e+00 4.060947937543094577e-01 5.104498961250407696e-01 4.585299769754641042e-01 4.563163937499999934e-01 4.283799436262337168e-01 4.819869217219565627e-01 0.000000000000000000e+00 0.000000000000000000e+00 4.969588644069866668e-01 0.000000000000000000e+00 5.313914459212616404e-01 0.000000000000000000e+00 4.467569722528463294e-01 0.000000000000000000e+00 4.330952461538460918e-01 0.000000000000000000e+00 4.316811597906020648e-01 0.000000000000000000e+00 4.034977741935483198e-01 0.000000000000000000e+00 4.255738173770638455e-01 4.485302671232876959e-01 4.082709870008531250e-01 0.000000000000000000e+00 0.000000000000000000e+00 0.000000000000000000e+00 4.087255422741318811e-01 0.000000000000000000e+00 2.899909664465409320e-01 4.705522142873934666e-01 4.255241663561549759e-01 4.923815569620254018e-01 4.182631079286924791e-01 4.374487580645161633e-01 4.101550902060275283e-01 0.000000000000000000e+00 4.145613565692665148e-01 0.000000000000000000e+00 4.370740497729820317e-01 4.911326716051098717e-01 3.220931822155295166e-01 4.848026526227995903e-01 3.752182128469954137e-01 5.054901790857361243e-01 3.931516192473683557e-01 4.834027592508767235e-01 0.000000000000000000e+00 0.000000000000000000e+00 4.077070396201644131e-01 4.627233414443464588e-01 4.010178413043478107e-01 0.000000000000000000e+00 4.078698849209299593e-01 0.000000000000000000e+00 0.000000000000000000e+00 0.000000000000000000e+00 4.291338022166490407e-01 0.000000000000000000e+00 4.136494808877484997e-01 0.000000000000000000e+00 4.254231407301488077e-01 0.000000000000000000e+00 4.704031242724334705e-01 4.713724186917092607e-01 4.591119215256931341e-01 4.402567361890132314e-01 4.351730684779864800e-01 0.000000000000000000e+00 4.762383931615596921e-01 0.000000000000000000e+00 4.998753245813695734e-01 4.608359433305774244e-01 4.722545207506613774e-01 4.899525613054026563e-01 4.734857530973587969e-01 4.584661557773245244e-01 4.638455158397097877e-01 4.493366227143757996e-01 4.722877189570953704e-01 0.000000000000000000e+00 0.000000000000000000e+00 0.000000000000000000e+00 4.112401745395126706e-01 0.000000000000000000e+00 0.000000000000000000e+00 0.000000000000000000e+00 4.445774455445543616e-01 0.000000000000000000e+00
4.719406337049861233e-01 2.816152864906232844e-01 4.913621345333519796e-01 3.533674811168715513e-01 0.000000000000000000e+00 3.891724495699233066e-01 4.785943688256124040e-01 3.176737173824397686e-01 0.000000000000000000e+00 4.015216554204378285e-01 0.000000000000000000e+00 3.265775342508213108e-01 4.636926153846154808e-01 3.757517902868121040e-01 0.000000000000000000e+00 3.947637855642239235e-01 4.662162768958182935e-01 3.063902666441402634e-01 5.022105262197666953e-01 3.599982041627683427e-01 0.000000000000000000e+00 0.000000000000000000e+00 4.726602759495103778e-01 4.259131059690717813e-01 0.000000000000000000e+00 0.000000000000000000e+00 0.000000000000000000e+00 0.000000000000000000e+00 4.927111796644652597e-01 3.982724116658600266e-01 4.558324972149263576e-01 3.959118832412025224e-01 4.888256886380655253e-01 4.505870960075842868e-01 4.776433247597512421e-01 4.578585935935934881e-01 5.022694684514831254e-01 5.180483486541694882e-01 4.810745893468610923e-01 4.639676497949659084e-01 0.000000000000000000e+00 3.958766678428380370e-01 0.000000000000000000e+00 4.608742232142857276e-01 5.137041554054053716e-01 4.240698070099168659e-01 0.000000000000000000e+00 4.524080434902078562e-01 5.160005174825174068e-01 4.040092425582927360e-01 0.000000000000000000e+00 4.123964157317595580e-01 0.000000000000000000e+00 4.272709592339672957e-01 0.000000000000000000e+00 4.107689892677235943e-01 4.637943264255623976e-01 2.925592882859243127e-01 4.838787651959016167e-01 4.172468625612898441e-01 4.507729859427885288e-01 3.939190323836543328e-01 0.000000000000000000e+00 3.649599569646008179e-01 0.000000000000000000e+00 4.115339576487507256e-01 4.888075190740722720e-01 4.068044074564952095e-01 5.111323651297526860e-01 3.656676684786328013e-01 4.839503449612616026e-01 3.615952096779360136e-01 4.852651185836371894e-01 3.941097406710811768e-01 0.000000000000000000e+00 4.168288637535541019e-01 4.693805036951233522e-01 4.068743053774502294e-01 4.834516021505376182e-01 3.777477169811321311e-01 4.964443773584905628e-01 3.723926780680513748e-01 0.000000000000000000e+00 3.605187800000000387e-01 0.000000000000000000e+00 4.306922223617958845e-01 0.000000000000000000e+00 0.000000000000000000e+00 0.000000000000000000e+00 4.302272674374810757e-01 4.400286388888889344e-01 4.265961879151132230e-01 4.384106012637183358e-01 4.479199092082369882e-01 0.000000000000000000e+00 4.343117273734147243e-01 0.000000000000000000e+00 5.058980089093179089e-01 4.620480529801324621e-01 4.604416752608695984e-01 0.000000000000000000e+00 4.512712248062015763e-01 4.689581505199738598e-01 4.353497975405962728e-01 0.000000000000000000e+00 4.570073453621703030e-01 5.046386896551724455e-01 0.000000000000000000e+00 4.335336264147837126e-01 4.518963627177701170e-01 0.000000000000000000e+00 0.000000000000000000e+00 4.943923284671533636e-01 4.190414005079845516e-01 0.000000000000000000e+00 0.000000000000000000e+00
3.601352544589788152e-01 4.913621345333519796e-01 2.912962143385429137e-01 4.813387969262183930e-01 2.086346603443456071e-01 4.404954516950945198e-01 3.149837758069949922e-01 4.766724979554160524e-01 2.163023312312030433e-01 4.195338483015639830e-01 4.035703632817781439e-01 4.701392596784842448e-01 3.560878943499843907e-01 4.665748416454937875e-01 3.276736777540290579e-01 4.338753835171971218e-01 4.022399080845668329e-01 4.850744544613826426e-01 3.410216216183397653e-01 5.095659343126720531e-01 3.645344705882352931e-01 0.000000000000000000e+00 2.841838956694641150e-01 4.701387098801545483e-01 2.283832396535787901e-01 4.240159638320727953e-01 2.577444199119711676e-01 4.836343243243242940e-01 3.755365499220481018e-01 4.744923234986636040e-01 4.369560952491893802e-01 4.672395722093792836e-01 4.464824817860678641e-01 4.965353121970408345e-01 4.721541976430640442e-01 0.000000000000000000e+00 4.726382021789147792e-01 0.000000000000000000e+00 5.395517777777777413e-01 0.000000000000000000e+00 4.216456239316239141e-01 0.000000000000000000e+00 0.000000000000000000e+00 0.000000000000000000e+00 4.408481912936449976e-01 0.000000000000000000e+00 0.000000000000000000e+00 0.000000000000000000e+00 4.402388851859045937e-01 0.000000000000000000e+00 3.996503035912841728e-01 0.000000000000000000e+00 0.000000000000000000e+00 0.000000000000000000e+00 4.254783593840605338e-01 0.000000000000000000e+00 4.197259847087616014e-01 4.736251781549991047e-01 4.247805543862555600e-01 4.868807234042553111e-01 3.923600263313172243e-01 4.673275893089960942e-01 4.113902619299911190e-01 0.000000000000000000e+00 3.895457511258167416e-01 4.676937906976744164e-01 4.427154744597926461e-01 4.993607649878031296e-01 3.692703770239499916e-01 5.507711747572814343e-01 3.799433863759075214e-01 4.961885003556341101e-01 3.841637232379226941e-01 4.644566869594967118e-01 3.528746507936508237e-01 0.000000000000000000e+00 4.119003567988465120e-01 4.473046829305621364e-01 3.881571452991453008e-01 0.000000000000000000e+00 3.896547075218596001e-01 0.000000000000000000e+00 0.000000000000000000e+00 0.000000000000000000e+00 3.914984151541098245e-01 4.693751171874999684e-01 3.788363220175590129e-01 0.000000000000000000e+00 3.834294818903919988e-01 0.000000000000000000e+00 4.481861390610716311e-01 4.513964795164069344e-01 4.366816473325600412e-01 4.519460651662335349e-01 4.399204285169233120e-01 0.000000000000000000e+00 0.000000000000000000e+00 0.000000000000000000e+00 4.683781653543306334e-01 4.478494910557506703e-01 4.232636690140845204e-01 4.591414908095688419e-01 4.283620912040139173e-01 4.208167466881489460e-01 4.339603907268514416e-01 4.185500879385964934e-01 4.577618859649122962e-01 0.000000000000000000e+00 0.000000000000000000e+00 0.000000000000000000e+00 0.000000000000000000e+00 0.000000000000000000e+00 0.000000000000000000e+00 3.893942479999999984e-01 0.000000000000000000e+00 0.000000000000000000e+00
4.864645128095352877e-01 3.533674811168715513e-01 4.813387969262183930e-01 2.675387173424283449e-01 4.434388658530293292e-01 1.831283007921033212e-01 4.804262157951701417e-01 3.234460451357162869e-01 4.506835992001710922e-01 3.017867112551077535e-01 4.867882264609163512e-01 3.858370765867411012e-01 4.717896542570695906e-01 3.683998083541151214e-01 4.175719096014492981e-01 3.348682594206722762e-01 4.904555256481932801e-01 3.993020675586212986e-01 5.161968814737790678e-01 3.408673154622277046e-01 0.000000000000000000e+00 0.000000000000000000e+00 4.765523305268670184e-01 2.781360911714209072e-01 4.386943244384270413e-01 2.364232031118221611e-01 4.584189646075279567e-01 3.188462252750664527e-01 4.844845570927218681e-01 3.798879670750778259e-01 4.590824704922608079e-01 3.946499302764087114e-01 5.205905119485135790e-01 4.465804033407154705e-01 5.014440884353741357e-01 4.990647393128990750e-01 5.361275419191919855e-01 4.791803881541639165e-01 4.620768640776699021e-01 4.659183027343667405e-01 0.000000000000000000e+00 0.000000000000000000e+00 0.000000000000000000e+00 0.000000000000000000e+00 0.000000000000000000e+00 4.398040035935306680e-01 0.000000000000000000e+00 4.269644229845057648e-01 0.000000000000000000e+00 4.290338442505844396e-01 0.000000000000000000e+00 4.262274503268246861e-01 0.000000000000000000e+00 4.136226083855680802e-01 0.000000000000000000e+00 4.301876251487088409e-01 5.091201347457818827e-01 4.186269260309917750e-01 4.871427674418604692e-01 4.320516485252355321e-01 4.554317090909090759e-01 4.217422968667717820e-01 0.000000000000000000e+00 4.109177335414609389e-01 0.000000000000000000e+00 4.064549336870816876e-01 4.848541901864163450e-01 4.442121848383512317e-01 5.229241653618008634e-01 4.238177174839883321e-01 4.927512196593961113e-01 3.856230379455041768e-01 4.680386467895702451e-01 3.855663306737684426e-01 0.000000000000000000e+00 4.128056277158774212e-01 4.534364197778515404e-01 4.047275504279192471e-01 0.000000000000000000e+00 0.000000000000000000e+00 0.000000000000000000e+00 4.021692508427442414e-01 0.000000000000000000e+00 0.000000000000000000e+00 4.613858750000000564e-01 4.133954001496692454e-01 0.000000000000000000e+00 0.000000000000000000e+00 0.000000000000000000e+00 4.124920966690374668e-01 0.000000000000000000e+00 4.064141424582441986e-01 4.130319928571428156e-01 4.272003799711641681e-01 4.150337888842974832e-01 4.084360699654774884e-01 0.000000000000000000e+00 4.543358084499833915e-01 0.000000000000000000e+00 4.077814416666666886e-01 0.000000000000000000e+00 4.367772413793103436e-01 0.000000000000000000e+00 4.101484518256594547e-01 4.460166179393931785e-01 4.370084836769621006e-01 0.000000000000000000e+00 4.428092279411764420e-01 0.000000000000000000e+00 4.434760283437826911e-01 0.000000000000000000e+00 0.000000000000000000e+00 3.557540275229357229e-01 0.000000000000000000e+00 4.262103831775700402e-01 0.000000000000000000e+00
3.952502006664198042e-01 0.000000000000000000e+00 2.086346603443456071e-01 4.434388658530293292e-01 1.799927596387657924e-01 4.273715948260097264e-01 2.604291218774562044e-01 4.451636474436083679e-01 2.053651388706246306e-01 4.119204335353667812e-01 3.380538915254237553e-01 4.515799946808510823e-01 3.078744759619426175e-01 4.447942732445421821e-01 2.632955177006363612e-01 4.235577156612015948e-01 0.000000000000000000e+00 0.000000000000000000e+00 3.847798510638297809e-01 0.000000000000000000e+00 3.410833819672958733e-01 0.000000000000000000e+00 2.254626309151126218e-01 4.424778860059573882e-01 2.040680912336201025e-01 4.264639266272058915e-01 2.352996680975571742e-01 4.221203196734477636e-01 3.146418837970020865e-01 4.283632441860465989e-01 3.469058093841131396e-01 4.224989471481740422e-01 4.448261067361859999e-01 0.000000000000000000e+00 0.000000000000000000e+00 0.000000000000000000e+00 3.728451175135002460e-01 0.000000000000000000e+00 4.026071029411765201e-01 0.000000000000000000e+00 4.669609746179401721e-01 0.000000000000000000e+00 3.815756792452830726e-01 0.000000000000000000e+00 0.000000000000000000e+00 0.000000000000000000e+00 0.000000000000000000e+00 0.000000000000000000e+00 0.000000000000000000e+00 0.000000000000000000e+00 4.167659000000000225e-01 0.000000000000000000e+00 0.000000000000000000e+00 0.000000000000000000e+00 4.030149466666666513e-01 0.000000000000000000e+00 4.090067848484848501e-01 0.000000000000000000e+00 0.000000000000000000e+00 0.000000000000000000e+00 4.036067824074074384e-01 0.000000000000000000e+00 3.759265088313102909e-01 0.000000000000000000e+00 0.000000000000000000e+00 0.000000000000000000e+00 0.000000000000000000e+00 0.000000000000000000e+00 0.000000000000000000e+00 0.000000000000000000e+00 3.393885361480764029e-01 4.607661168263074702e-01 3.524284555398861096e-01 0.000000000000000000e+00 3.058393054919908982e-01 0.000000000000000000e+00 3.675266608953470793e-01 0.000000000000000000e+00 4.483597812500000335e-01 0.000000000000000000e+00 3.765920964877920718e-01 0.000000000000000000e+00 4.056772999999999629e-01 0.000000000000000000e+00 4.086949525068003242e-01 0.000000000000000000e+00 0.000000000000000000e+00 0.000000000000000000e+00 4.026868969440028923e-01 0.000000000000000000e+00 0.000000000000000000e+00 0.000000000000000000e+00 3.702415096320346155e-01 0.000000000000000000e+00 3.744011734693877824e-01 0.000000000000000000e+00 0.000000000000000000e+00 0.000000000000000000e+00 0.000000000000000000e+00 0.000000000000000000e+00 3.715709748427672987e-01 0.000000000000000000e+00 0.000000000000000000e+00 0.000000000000000000e+00 0.000000000000000000e+00 0.000000000000000000e+00 0.000000000000000000e+00 0.000000000000000000e+00 0.000000000000000000e+00 0.000000000000000000e+00 0.000000000000000000e+00 0.000000000000000000e+00 0.000000000000000000e+00 0.000000000000000000e+00 0.000000000000000000e+00 0.000000000000000000e+00
0.000000000000000000e+00 3.891724495699233066e-01 4.404954516950945198e-01 1.831283007921033212e-01 4.273715948260097264e-01 2.001722368720154632e-01 4.368768653846153982e-01 2.154295993261492459e-01 4.258065792482815803e-01 2.362400499745941906e-01 0.000000000000000000e+00 3.339039272727272745e-01 0.000000000000000000e+00 3.169614531669558422e-01 3.930715555555555629e-01 2.786914256673602708e-01 0.000000000000000000e+00 3.860842988505746587e-01 0.000000000000000000e+00 4.131145574392712794e-01 4.429444417592593441e-01 3.058681644268510524e-01 4.324367052015610224e-01 2.498884545343306174e-01 4.216208190715332593e-01 2.050916841529179524e-01 4.352527983983981441e-01 2.579701487061671905e-01 0.000000000000000000e+00 3.359287920190067722e-01 4.239991997017103498e-01 3.789317287288605507e-01 0.000000000000000000e+00 3.746089180851063793e-01 0.000000000000000000e+00 0.000000000000000000e+00 0.000000000000000000e+00 0.000000000000000000e+00 0.000000000000000000e+00 0.000000000000000000e+00 0.000000000000000000e+00 0.000000000000000000e+00 0.000000000000000000e+00 0.000000000000000000e+00 0.000000000000000000e+00 0.000000000000000000e+00 0.000000000000000000e+00 0.000000000000000000e+00 0.000000000000000000e+00 0.000000000000000000e+00 0.000000000000000000e+00 3.481969548387096602e-01 0.000000000000000000e+00 0.000000000000000000e+00 0.000000000000000000e+00 0.000000000000000000e+00 0.000000000000000000e+00 3.905987380952381516e-01 0.000000000000000000e+00 0.000000000000000000e+00 0.000000000000000000e+00 0.000000000000000000e+00 0.000000000000000000e+00 0.000000000000000000e+00 0.000000000000000000e+00 0.000000000000000000e+00 0.000000000000000000e+00 0.000000000000000000e+00 0.000000000000000000e+00 0.000000000000000000e+00 4.624784335144256908e-01 3.204771109137261043e-01 0.000000000000000000e+00 3.393536089130447797e-01 0.000000000000000000e+00 3.140458478860294056e-01 0.000000000000000000e+00 3.567790900864592496e-01 0.000000000000000000e+00 0.000000000000000000e+00 0.000000000000000000e+00 0.000000000000000000e+00 0.000000000000000000e+00 0.000000000000000000e+00 0.000000000000000000e+00 3.880581573033707321e-01 0.000000000000000000e+00 3.832998521739130471e-01 0.000000000000000000e+00 4.122676941176470211e-01 0.000000000000000000e+00 0.000000000000000000e+00 0.000000000000000000e+00 0.000000000000000000e+00 0.000000000000000000e+00 3.743603636363637133e-01 0.000000000000000000e+00 0.000000000000000000e+00 0.000000000000000000e+00 0.000000000000000000e+00 0.000000000000000000e+00 0.000000000000000000e+00 0.000000000000000000e+00 4.255114330708660852e-01 0.000000000000000000e+00 4.203152213740456999e-01 0.000000000000000000e+00 0.000000000000000000e+00 0.000000000000000000e+00 0.000000000000000000e+00 0.000000000000000000e+00 0.000000000000000000e+00 0.000000000000000000e+00 0.000000000000000000e+00 0.000000000000000000e+00 0.000000000000000000e+00
3.514666372164372277e-01 4.785943688256124040e-01 3.149837758069949922e-01 4.804262157951701417e-01 2.604291218774562044e-01 4.368768653846153982e-01 3.235409054878732316e-01 4.730814240597697173e-01 1.964377636421821838e-01 4.374126562499999760e-01 3.732355250668868973e-01 4.636609468530406009e-01 3.099747754369245323e-01 4.654802901000404947e-01 2.977397419438111426e-01 4.482419022569827938e-01 3.922761821262909510e-01 4.706700661109225470e-01 3.900785849625647006e-01 4.980087948983736301e-01 0.000000000000000000e+00 0.000000000000000000e+00 3.582164157437046081e-01 4.804270663827718280e-01 2.571267167840949885e-01 3.786844676304517154e-01 2.766782867398648316e-01 0.000000000000000000e+00 3.715026193975509150e-01 4.564346566390399818e-01 4.465591173854353557e-01 4.736304784484976493e-01 4.323470539322425976e-01 4.887156544907486633e-01 0.000000000000000000e+00 0.000000000000000000e+00 4.509558649349859061e-01 4.569396446280991619e-01 0.000000000000000000e+00 0.000000000000000000e+00 0.000000000000000000e+00 0.000000000000000000e+00 4.109261700000000350e-01 0.000000000000000000e+00 0.000000000000000000e+00 0.000000000000000000e+00 4.130234047619047999e-01 0.000000000000000000e+00 3.917278081404192425e-01 4.623278048780487537e-01 3.982282786858382106e-01 0.000000000000000000e+00 0.000000000000000000e+00 0.000000000000000000e+00 4.101317285015104175e-01 0.000000000000000000e+00 3.849251353893891059e-01 4.362984717589208916e-01 4.067409513219195638e-01 4.717122640449437077e-01 4.020396645521294166e-01 0.000000000000000000e+00 4.120305653883382657e-01 0.000000000000000000e+00 4.104987413881849290e-01 0.000000000000000000e+00 4.128166890436408276e-01 0.000000000000000000e+00 4.125460980488283025e-01 0.000000000000000000e+00 3.529859883401155196e-01 4.925928691704088425e-01 3.811823865175545945e-01 4.766780003668922849e-01 3.945067954545454225e-01 0.000000000000000000e+00 3.961162980184247950e-01 3.989222424242424014e-01 3.847593739130434343e-01 0.000000000000000000e+00 4.012526733628820064e-01 0.000000000000000000e+00 0.000000000000000000e+00 0.000000000000000000e+00 4.089026995682590870e-01 0.000000000000000000e+00 4.117474604711491293e-01 0.000000000000000000e+00 4.098860913850125298e-01 0.000000000000000000e+00 4.113834609929078456e-01 4.569089624060150845e-01 3.891064431012249969e-01 4.603690709219857569e-01 4.026749062978288163e-01 0.000000000000000000e+00 0.000000000000000000e+00 0.000000000000000000e+00 0.000000000000000000e+00 0.000000000000000000e+00 0.000000000000000000e+00 0.000000000000000000e+00 4.036166056863055296e-01 4.279058807947019871e-01 3.725690679611650680e-01 0.000000000000000000e+00 0.000000000000000000e+00 0.000000000000000000e+00 0.000000000000000000e+00 0.000000000000000000e+00 4.170625541666665992e-01 0.000000000000000000e+00 0.000000000000000000e+00 0.000000000000000000e+00 0.000000000000000000e+00 0.000000000000000000e+00
4.901529936382183483e-01 3.176737173824397686e-01 4.766724979554160524e-01 3.234460451357162869e-01 4.451636474436083679e-01 2.154295993261492459e-01 4.730814240597697173e-01 2.607419475043414314e-01 4.404411427536231716e-01 2.568615816180354061e-01 4.726723301575509462e-01 3.334718063236560837e-01 4.522221279173418984e-01 2.922717327582976532e-01 4.611264503816793203e-01 3.105300815372509238e-01 4.775276419753086143e-01 3.813243959930792681e-01 4.923661671101278170e-01 3.973643942419495811e-01 4.511367704918032850e-01 0.000000000000000000e+00 4.775802253401707498e-01 3.675159218936314143e-01 4.316430461211409608e-01 3.110154931928530431e-01 4.432059280920328526e-01 0.000000000000000000e+00 4.569026141867160717e-01 3.528610311358718055e-01 4.558006815038944670e-01 3.820367361420653474e-01 4.872254932481221990e-01 4.014601591599276098e-01 0.000000000000000000e+00 5.095898048780487244e-01 0.000000000000000000e+00 4.242667989699814290e-01 0.000000000000000000e+00 4.595296164383561588e-01 0.000000000000000000e+00 3.936562307692308416e-01 0.000000000000000000e+00 0.000000000000000000e+00 0.000000000000000000e+00 4.308989537913356926e-01 0.000000000000000000e+00 0.000000000000000000e+00 0.000000000000000000e+00 3.911511376023792952e-01 0.000000000000000000e+00 3.981948643910024899e-01 0.000000000000000000e+00 3.492336605405405581e-01 0.000000000000000000e+00 3.942175960400268186e-01 5.057174166666666970e-01 3.942811075314584524e-01 0.000000000000000000e+00 4.058552451355045831e-01 5.243707844311378263e-01 3.864512024058176509e-01 4.423425357142856673e-01 3.764804942313295100e-01 0.000000000000000000e+00 3.906580338529913043e-01 4.587382595419847164e-01 4.238299774324981728e-01 4.638483178834808540e-01 4.132094515516004374e-01 4.855046904906178962e-01 3.455319337472887442e-01 4.616441466438019892e-01 3.686061424019301258e-01 0.000000000000000000e+00 3.743319967621490107e-01 4.627052857233129868e-01 3.875127369368122632e-01 0.000000000000000000e+00 0.000000000000000000e+00 0.000000000000000000e+00 4.029003210633744225e-01 0.000000000000000000e+00 0.000000000000000000e+00 4.563175866666666636e-01 4.020404217971431104e-01 0.000000000000000000e+00 0.000000000000000000e+00 0.000000000000000000e+00 3.994397312212094597e-01 0.000000000000000000e+00 4.058618992018120930e-01 4.698027755102041070e-01 0.000000000000000000e+00 4.313626390992725823e-01 3.994623793509243237e-01 4.253418682170542753e-01 4.449620265486725623e-01 4.037939329357606022e-01 4.197981583939228711e-01 0.000000000000000000e+00 3.981076715328467075e-01 4.017406183206106984e-01 4.189685871297877950e-01 0.000000000000000000e+00 3.959636960150224039e-01 0.000000000000000000e+00 0.000000000000000000e+00 3.923546956521738460e-01 0.000000000000000000e+00 0.000000000000000000e+00 3.682786134453781557e-01 0.000000000000000000e+00 0.000000000000000000e+00 0.000000000000000000e+00 0.000000000000000000e+00
4.029058877933088811e-01 0.000000000000000000e+00 2.163023312312030433e-01 4.506835992001710922e-01 2.053651388706246306e-01 4.258065792482815803e-01 1.964377636421821838e-01 4.404411427536231716e-01 2.143225407776143121e-01 0.000000000000000000e+00 3.838776771444449842e-01 4.418856391752576385e-01 3.316718315560879260e-01 4.401639757986499646e-01 2.560001389291693408e-01 0.000000000000000000e+00 4.142072985074627400e-01 0.000000000000000000e+00 3.943364735994397408e-01 4.574810808823529529e-01 0.000000000000000000e+00 0.000000000000000000e+00 3.106566469688878396e-01 4.485221419975336521e-01 2.093637181663926816e-01 4.596231175675676850e-01 2.866947763947925165e-01 4.154858313253010915e-01 3.347219292310100736e-01 0.000000000000000000e+00 3.599189966860044665e-01 4.546378898579364058e-01 0.000000000000000000e+00 0.000000000000000000e+00 3.900020542635658782e-01 0.000000000000000000e+00 0.000000000000000000e+00 0.000000000000000000e+00 0.000000000000000000e+00 0.000000000000000000e+00 3.711498391304347000e-01 0.000000000000000000e+00 0.000000000000000000e+00 0.000000000000000000e+00 0.000000000000000000e+00 0.000000000000000000e+00 0.000000000000000000e+00 0.000000000000000000e+00 0.000000000000000000e+00 0.000000000000000000e+00 0.000000000000000000e+00 0.000000000000000000e+00 0.000000000000000000e+00 0.000000000000000000e+00 0.000000000000000000e+00 0.000000000000000000e+00 3.939047279729953055e-01 0.000000000000000000e+00 4.363473355076741833e-01 0.000000000000000000e+00 4.263262912117045111e-01 0.000000000000000000e+00 3.784306922608413615e-01 0.000000000000000000e+00 0.000000000000000000e+00 0.000000000000000000e+00 0.000000000000000000e+00 0.000000000000000000e+00 4.172040604026845956e-01 0.000000000000000000e+00 3.360299762354246322e-01 4.629412790697674529e-01 3.571616399392659180e-01 0.000000000000000000e+00 3.200529757816588106e-01 0.000000000000000000e+00 3.888570445636392869e-01 4.104512656250000058e-01 0.000000000000000000e+00 0.000000000000000000e+00 4.032737349629369472e-01 0.000000000000000000e+00 0.000000000000000000e+00 0.000000000000000000e+00 4.108769649661675460e-01 0.000000000000000000e+00 0.000000000000000000e+00 0.000000000000000000e+00 3.445414878048780327e-01 0.000000000000000000e+00 0.000000000000000000e+00 0.000000000000000000e+00 3.753263458646616257e-01 0.000000000000000000e+00 3.931612634556309605e-01 0.000000000000000000e+00 0.000000000000000000e+00 0.000000000000000000e+00 0.000000000000000000e+00 0.000000000000000000e+00 0.000000000000000000e+00 0.000000000000000000e+00 0.000000000000000000e+00 0.000000000000000000e+00 0.000000000000000000e+00 0.000000000000000000e+00 0.000000000000000000e+00 0.000000000000000000e+00 0.000000000000000000e+00 0.000000000000000000e+00 0.000000000000000000e+00 0.000000000000000000e+00 0.000000000000000000e+00 0.000000000000000000e+00 0.000000000000000000e+00 0.000000000000000000e+00
0.000000000000000000e+00 4.015216554204378285e-01 4.195338483015639830e-01 3.017867112551077535e-01 4.119204335353667812e-01 2.362400499745941906e-01 4.374126562499999760e-01 2.568615816180354061e-01 0.000000000000000000e+00 2.536242011380280825e-01 0.000000000000000000e+00 3.461919655120720973e-01 0.000000000000000000e+00 3.101150226325854464e-01 0.000000000000000000e+00 2.785965865018014131e-01 0.000000000000000000e+00 3.556128143804785369e-01 0.000000000000000000e+00 3.879815100605643052e-01 4.302736780303030306e-01 0.000000000000000000e+00 4.340921806116526116e-01 3.433580135941708411e-01 4.118159756541020511e-01 2.723412876841107000e-01 4.358041650748971652e-01 2.508493756055108492e-01 0.000000000000000000e+00 3.237106407369137462e-01 4.283821306569043919e-01 3.571306180016379783e-01 0.000000000000000000e+00 4.092718537531849221e-01 0.000000000000000000e+00 0.000000000000000000e+00 0.000000000000000000e+00 3.328754761904761938e-01 0.000000000000000000e+00 0.000000000000000000e+00 0.000000000000000000e+00 0.000000000000000000e+00 0.000000000000000000e+00 0.000000000000000000e+00 0.000000000000000000e+00 0.000000000000000000e+00 0.000000000000000000e+00 0.000000000000000000e+00 0.000000000000000000e+00 0.000000000000000000e+00 0.000000000000000000e+00 3.799173333333332736e-01 0.000000000000000000e+00 0.000000000000000000e+00 0.000000000000000000e+00 0.000000000000000000e+00 0.000000000000000000e+00 3.906989452906747262e-01 0.000000000000000000e+00 0.000000000000000000e+00 0.000000000000000000e+00 0.000000000000000000e+00 0.000000000000000000e+00 4.208939635105806154e-01 0.000000000000000000e+00 0.000000000000000000e+00 0.000000000000000000e+00 0.000000000000000000e+00 0.000000000000000000e+00 0.000000000000000000e+00 4.303547984075457022e-01 3.245697477134520947e-01 0.000000000000000000e+00 3.374092762540787382e-01 0.000000000000000000e+00 0.000000000000000000e+00 0.000000000000000000e+00 3.449225304520519009e-01 0.000000000000000000e+00 3.948724141414141076e-01 0.000000000000000000e+00 4.025115320797464924e-01 0.000000000000000000e+00 0.000000000000000000e+00 0.000000000000000000e+00 4.342370771228836190e-01 0.000000000000000000e+00 0.000000000000000000e+00 0.000000000000000000e+00 4.090143629670439651e-01 0.000000000000000000e+00 0.000000000000000000e+00 0.000000000000000000e+00 0.000000000000000000e+00 0.000000000000000000e+00 0.000000000000000000e+00 0.000000000000000000e+00 0.000000000000000000e+00 0.000000000000000000e+00 0.000000000000000000e+00 0.000000000000000000e+00 3.893108098159508978e-01 0.000000000000000000e+00 0.000000000000000000e+00 0.000000000000000000e+00 3.851354197696023607e-01 0.000000000000000000e+00 0.000000000000000000e+00 0.000000000000000000e+00 0.000000000000000000e+00 0.000000000000000000e+00 0.000000000000000000e+00 0.000000000000000000e+00 0.000000000000000000e+00 0.000000000000000000e+00 0.000000000000000000e+00
3.335893573619311825e-01 0.000000000000000000e+00 4.035703632817781439e-01 4.867882264609163512e-01 3.380538915254237553e-01 0.000000000000000000e+00 3.732355250668868973e-01 4.726723301575509462e-01 3.838776771444449842e-01 0.000000000000000000e+00 3.067933053350171968e-01 4.928426978475700659e-01 3.044208969208427873e-01 4.441195185185185523e-01 3.698536329350450846e-01 0.000000000000000000e+00 3.509670719992691312e-01 4.784335869565217170e-01 4.180142579849527862e-01 4.961033355040711523e-01 0.000000000000000000e+00 0.000000000000000000e+00 4.107081809068767742e-01 4.875927513645657574e-01 3.645901413043478589e-01 4.485695928571428737e-01 0.000000000000000000e+00 0.000000000000000000e+00 3.719817637198803428e-01 0.000000000000000000e+00 4.669539420880388647e-01 4.453032712734425469e-01 4.073077580160739952e-01 4.928218146028341962e-01 0.000000000000000000e+00 0.000000000000000000e+00 4.656141156930844738e-01 0.000000000000000000e+00 0.000000000000000000e+00 0.000000000000000000e+00 4.295500984489645235e-01 0.000000000000000000e+00 0.000000000000000000e+00 0.000000000000000000e+00 4.238695181818181723e-01 0.000000000000000000e+00 0.000000000000000000e+00 0.000000000000000000e+00 4.045642670134982910e-01 0.000000000000000000e+00 4.123332451781479002e-01 0.000000000000000000e+00 0.000000000000000000e+00 0.000000000000000000e+00 4.194985388053483200e-01 0.000000000000000000e+00 3.918368175034291911e-01 0.000000000000000000e+00 4.356409024038533917e-01 0.000000000000000000e+00 4.431697613869705066e-01 0.000000000000000000e+00 4.287281703874109562e-01 0.000000000000000000e+00 4.424093335973323660e-01 4.583859024390243841e-01 4.404852057561691181e-01 0.000000000000000000e+00 4.449741590395954738e-01 0.000000000000000000e+00 3.725624349226493992e-01 4.983234330676153956e-01 4.031307851376547680e-01 0.000000000000000000e+00 3.782957812499999628e-01 0.000000000000000000e+00 4.183498909606825356e-01 0.000000000000000000e+00 4.309150789473685239e-01 0.000000000000000000e+00 4.176765180143239276e-01 0.000000000000000000e+00 0.000000000000000000e+00 0.000000000000000000e+00 4.404080198423425130e-01 0.000000000000000000e+00 3.775942814371257561e-01 0.000000000000000000e+00 4.398093259495521878e-01 0.000000000000000000e+00 0.000000000000000000e+00 4.707319078014184366e-01 0.000000000000000000e+00 0.000000000000000000e+00 4.446622197786947450e-01 0.000000000000000000e+00 5.362771224489795152e-01 0.000000000000000000e+00 0.000000000000000000e+00 0.000000000000000000e+00 0.000000000000000000e+00 0.000000000000000000e+00 0.000000000000000000e+00 0.000000000000000000e+00 4.583270974824180666e-01 0.000000000000000000e+00 0.000000000000000000e+00 0.000000000000000000e+00 0.000000000000000000e+00 0.000000000000000000e+00 0.000000000000000000e+00 0.000000000000000000e+00 0.000000000000000000e+00 4.363737586206896668e-01 0.000000000000000000e+00 0.000000000000000000e+00
4.958813113207546919e-01 3.265775342508213108e-01 4.701392596784842448e-01 3.858370765867411012e-01 4.515799946808510823e-01 3.339039272727272745e-01 4.636609468530406009e-01 3.334718063236560837e-01 4.418856391752576385e-01 3.461919655120720973e-01 4.928426978475700659e-01 2.668885737265753733e-01 4.591839667651297363e-01 2.795132733522610602e-01 0.000000000000000000e+00 3.527158572567027361e-01 0.000000000000000000e+00 3.440081063469893619e-01 4.969352778160577855e-01 4.097528141039196159e-01 0.000000000000000000e+00 0.000000000000000000e+00 4.801130772499782040e-01 3.982561563937870308e-01 0.000000000000000000e+00 3.626498243897306462e-01 0.000000000000000000e+00 0.000000000000000000e+00 4.841928405797101820e-01 3.505179631533438256e-01 4.587391533607789729e-01 3.686772105046279835e-01 5.028389153965523439e-01 3.868426534807627437e-01 0.000000000000000000e+00 0.000000000000000000e+00 0.000000000000000000e+00 4.627769973511386969e-01 0.000000000000000000e+00 0.000000000000000000e+00 0.000000000000000000e+00 3.957505633802816947e-01 0.000000000000000000e+00 4.504890909090908946e-01 0.000000000000000000e+00 3.851592033953611938e-01 0.000000000000000000e+00 4.315880238765117394e-01 0.000000000000000000e+00 4.027609133041292755e-01 0.000000000000000000e+00 4.067182604091669762e-01 0.000000000000000000e+00 3.937201190400508866e-01 0.000000000000000000e+00 3.982178860496491946e-01 0.000000000000000000e+00 3.894101808880762738e-01 0.000000000000000000e+00 4.075574214575896637e-01 0.000000000000000000e+00 4.107829354541671640e-01 0.000000000000000000e+00 4.230473134323985418e-01 0.000000000000000000e+00 4.269820752580739120e-01 4.810468054255346848e-01 4.354026709564887132e-01 4.936072105263157317e-01 4.439578186682124894e-01 4.912895522190021125e-01 3.652707247581299943e-01 0.000000000000000000e+00 3.796086576473719498e-01 0.000000000000000000e+00 4.199712182707621144e-01 0.000000000000000000e+00 3.986687128836589045e-01 0.000000000000000000e+00 4.303187642387731882e-01 0.000000000000000000e+00 4.304996186507035194e-01 0.000000000000000000e+00 4.095758272941164013e-01 0.000000000000000000e+00 4.379939151811770848e-01 0.000000000000000000e+00 0.000000000000000000e+00 0.000000000000000000e+00 4.342761279139478181e-01 0.000000000000000000e+00 0.000000000000000000e+00 0.000000000000000000e+00 0.000000000000000000e+00 0.000000000000000000e+00 0.000000000000000000e+00 0.000000000000000000e+00 0.000000000000000000e+00 0.000000000000000000e+00 0.000000000000000000e+00 4.141277903225806245e-01 0.000000000000000000e+00 0.000000000000000000e+00 0.000000000000000000e+00 3.626542870370371152e-01 0.000000000000000000e+00 0.000000000000000000e+00 0.000000000000000000e+00 0.000000000000000000e+00 0.000000000000000000e+00 0.000000000000000000e+00 4.371018102189780929e-01 0.000000000000000000e+00 0.000000000000000000e+00 0.000000000000000000e+00 0.000000000000000000e+00
3.898387142081597978e-01 4.636926153846154808e-01 3.560878943499843907e-01 4.717896542570695906e-01 3.078744759619426175e-01 0.000000000000000000e+00 3.099747754369245323e-01 4.522221279173418984e-01 3.316718315560879260e-01 0.000000000000000000e+00 3.044208969208427873e-01 4.591839667651297363e-01 2.709494189281073662e-01 4.455935908434223713e-01 2.955469443317588762e-01 4.313336259541984408e-01 4.002549298787987375e-01 0.000000000000000000e+00 4.024578493443316529e-01 4.819261964644062091e-01 0.000000000000000000e+00 0.000000000000000000e+00 3.719457430036659518e-01 4.591653934886376076e-01 2.885298110736698174e-01 0.000000000000000000e+00 0.000000000000000000e+00 0.000000000000000000e+00 3.344616494804629747e-01 0.000000000000000000e+00 4.085050335760827545e-01 4.520921703579892093e-01 4.022180921776655760e-01 4.659864326695681291e-01 0.000000000000000000e+00 0.000000000000000000e+00 4.453078756959681361e-01 0.000000000000000000e+00 0.000000000000000000e+00 0.000000000000000000e+00 0.000000000000000000e+00 0.000000000000000000e+00 0.000000000000000000e+00 0.000000000000000000e+00 0.000000000000000000e+00 0.000000000000000000e+00 0.000000000000000000e+00 0.000000000000000000e+00 3.949613149606299722e-01 0.000000000000000000e+00 4.446750759839391831e-01 0.000000000000000000e+00 0.000000000000000000e+00 0.000000000000000000e+00 0.000000000000000000e+00 0.000000000000000000e+00 4.122878023289453520e-01 0.000000000000000000e+00 4.323625192025460362e-01 0.000000000000000000e+00 4.449171786771008441e-01 0.000000000000000000e+00 4.143008424646984489e-01 0.000000000000000000e+00 4.496658718529511489e-01 0.000000000000000000e+00 4.318977839572070709e-01 0.000000000000000000e+00 4.185196783575698132e-01 0.000000000000000000e+00 3.528650326367758217e-01 4.827456649334977978e-01 3.946986145841032134e-01 4.798205833333333281e-01 3.852244800000000358e-01 0.000000000000000000e+00 4.088559345448130045e-01 4.331998450448844573e-01 4.085423525534851996e-01 0.000000000000000000e+00 4.030523343943286374e-01 0.000000000000000000e+00 4.400425197368420527e-01 0.000000000000000000e+00 4.293826122602528161e-01 0.000000000000000000e+00 4.215774533333332963e-01 0.000000000000000000e+00 4.162567247746444266e-01 0.000000000000000000e+00 4.319662558139534814e-01 0.000000000000000000e+00 4.208028327472293495e-01 0.000000000000000000e+00 4.309853471309091355e-01 0.000000000000000000e+00 0.000000000000000000e+00 0.000000000000000000e+00 0.000000000000000000e+00 0.000000000000000000e+00 0.000000000000000000e+00 4.403028807275689571e-01 4.439113588318246983e-01 4.418337608585217180e-01 4.127538097345132551e-01 4.507142416666666263e-01 0.000000000000000000e+00 0.000000000000000000e+00 0.000000000000000000e+00 0.000000000000000000e+00 4.402649361752609680e-01 0.000000000000000000e+00 0.000000000000000000e+00 0.000000000000000000e+00 0.000000000000000000e+00 0.000000000000000000e+00
