2.518508917397660474e-01 4.451213504552426481e-01 3.389068947319486824e-01 4.458116257652737779e-01 3.006600313033555572e-01 0.000000000000000000e+00 3.288704009947389650e-01 4.321541736775923459e-01 3.360248294397819580e-01 0.000000000000000000e+00 3.065335780542487454e-01 4.277287686558979840e-01 3.301755307826794716e-01 4.100086703316840886e-01 3.887778590866932116e-01 4.063613717469095610e-01 2.497668762883394067e-01 4.367072042573446611e-01 3.506925391888410237e-01 4.625264739845516559e-01 0.000000000000000000e+00 0.000000000000000000e+00 3.469615445240460394e-01 4.186871185185184752e-01 3.339358117647058810e-01 0.000000000000000000e+00 0.000000000000000000e+00 0.000000000000000000e+00 3.768565647639980920e-01 4.566424998858938378e-01 3.533292415892346772e-01 3.659757288135593867e-01 3.953383695262766007e-01 4.451688284621301839e-01 0.000000000000000000e+00 0.000000000000000000e+00 4.527812264662939290e-01 4.871964851181728728e-01 0.000000000000000000e+00 5.192562300000000963e-01 4.102717698549703251e-01 0.000000000000000000e+00 4.021954923076923039e-01 0.000000000000000000e+00 3.646214120788411339e-01 0.000000000000000000e+00 0.000000000000000000e+00 0.000000000000000000e+00 3.681062145781493489e-01 3.964009844961239870e-01 3.612954263823029422e-01 3.829779931972789320e-01 3.746925552248179803e-01 0.000000000000000000e+00 3.575919134804642630e-01 0.000000000000000000e+00 2.976471439095865756e-01 4.338342131761634413e-01 3.819150012847699616e-01 4.554609000000000574e-01 3.621551879568791210e-01 4.735935057471264420e-01 3.294753454105439072e-01 4.236731429356832002e-01 3.737824840269120541e-01 4.578454444444443605e-01 3.799075768772928741e-01 4.454785734078486326e-01 3.469947521458993100e-01 4.634918862985777932e-01 3.214871403583792753e-01 4.513364741961122251e-01 3.590926744787891756e-01 4.330159145344280591e-01 0.000000000000000000e+00 0.000000000000000000e+00 3.713767430778163736e-01 4.341840556367594917e-01 0.000000000000000000e+00 0.000000000000000000e+00 3.790843017141727334e-01 4.144066866394667259e-01 0.000000000000000000e+00 0.000000000000000000e+00 3.679203584763645063e-01 4.291555070422535256e-01 3.616133599999999393e-01 0.000000000000000000e+00 3.662096325206078418e-01 0.000000000000000000e+00 4.086891245918842785e-01 4.369357617760390444e-01 4.017732922555958819e-01 4.389697775954269354e-01 4.186095004021170851e-01 0.000000000000000000e+00 0.000000000000000000e+00 0.000000000000000000e+00 0.000000000000000000e+00 0.000000000000000000e+00 0.000000000000000000e+00 4.576445234460196354e-01 4.463326763164250921e-01 4.442359761550615516e-01 4.356131958013939043e-01 0.000000000000000000e+00 4.107289504950494829e-01 0.000000000000000000e+00 4.073725561505507908e-01 0.000000000000000000e+00 0.000000000000000000e+00 0.000000000000000000e+00 0.000000000000000000e+00 0.000000000000000000e+00 0.000000000000000000e+00 4.316387204301074254e-01
4.451213504552426481e-01 2.784383416844012360e-01 4.459922043206066000e-01 3.459119539997007053e-01 0.000000000000000000e+00 2.791799091118499221e-01 4.292595430481344621e-01 3.039523237795150323e-01 0.000000000000000000e+00 3.112745796374983276e-01 4.230369474973636468e-01 3.030139633649072128e-01 4.247538943329710603e-01 3.246544021621582954e-01 0.000000000000000000e+00 3.525875986203780843e-01 4.416405260815480793e-01 2.860488445619026598e-01 4.651439737273714292e-01 3.526864804970638034e-01 0.000000000000000000e+00 0.000000000000000000e+00 4.085187529411764551e-01 3.619857671232876717e-01 0.000000000000000000e+00 3.162026336956521577e-01 4.111490066666666499e-01 0.000000000000000000e+00 4.326762352246346088e-01 3.985709358041915062e-01 3.875214115824143768e-01 0.000000000000000000e+00 4.681930222636764283e-01 4.248437905046810736e-01 0.000000000000000000e+00 4.035251843771586744e-01 4.835382858414490892e-01 4.833781225834331563e-01 0.000000000000000000e+00 5.013835230769231321e-01 0.000000000000000000e+00 4.141142215791873138e-01 0.000000000000000000e+00 3.915881440677965730e-01 0.000000000000000000e+00 3.781604958702882158e-01 0.000000000000000000e+00 0.000000000000000000e+00 0.000000000000000000e+00 3.575427619621280861e-01 4.242073235215053639e-01 3.542959905223068140e-01 0.000000000000000000e+00 3.588037719548984317e-01 0.000000000000000000e+00 3.453730785138397485e-01 4.415379220424101026e-01 3.346381754026812039e-01 4.429243038186963521e-01 3.825852800397642750e-01 4.425254318630973960e-01 3.455204252730830206e-01 4.453387499229742308e-01 3.511786953946915424e-01 0.000000000000000000e+00 3.506692213372200606e-01 4.515644277858528177e-01 3.813848427637612226e-01 4.639876719091879376e-01 3.231759161113992307e-01 4.471015029532538487e-01 3.459697088728784231e-01 4.567018311984143430e-01 3.743858042401695951e-01 0.000000000000000000e+00 0.000000000000000000e+00 4.367682103008010408e-01 3.888539844546761159e-01 0.000000000000000000e+00 3.589620833333333483e-01 4.352332945736434033e-01 3.765520369167220105e-01 0.000000000000000000e+00 0.000000000000000000e+00 3.926933270833333767e-01 3.750607799224373040e-01 0.000000000000000000e+00 0.000000000000000000e+00 0.000000000000000000e+00 3.894454217287475206e-01 4.322987241407799108e-01 4.497689791786079194e-01 4.050676821705426756e-01 4.180489920213987243e-01 4.334707849462365870e-01 5.212912385225302314e-01 0.000000000000000000e+00 4.923740932203390930e-01 4.480268290598290459e-01 4.705312053013045448e-01 0.000000000000000000e+00 4.222402104832619907e-01 4.256718608974359164e-01 4.515462342200008972e-01 4.369491913275307948e-01 4.402527823014868447e-01 0.000000000000000000e+00 3.649396173913043162e-01 3.946056276939654550e-01 0.000000000000000000e+00 4.452889658119658089e-01 0.000000000000000000e+00 0.000000000000000000e+00 0.000000000000000000e+00 0.000000000000000000e+00 4.870283142650970731e-01
3.389068947319486824e-01 4.459922043206066000e-01 2.630871256321808960e-01 4.194037306271178323e-01 2.329985216363171241e-01 3.850674211916416123e-01 2.986481467582053906e-01 4.157059951117640373e-01 2.867834986232972727e-01 3.782248100004647062e-01 3.696860147754554848e-01 4.249421752954194442e-01 3.247211934201523764e-01 3.899923929323673710e-01 2.914404877794529725e-01 3.744824513348825601e-01 3.689814836863984926e-01 4.421389317611511549e-01 3.297522368712583196e-01 4.626719058198527357e-01 0.000000000000000000e+00 0.000000000000000000e+00 2.432192939411915167e-01 3.890749621548405535e-01 2.431850893945772529e-01 3.904242762881062201e-01 2.888508857403321306e-01 0.000000000000000000e+00 3.426316600506415511e-01 4.281310584693518440e-01 3.491079390621379952e-01 3.965199522775064711e-01 3.827811753659898786e-01 4.374799996952489778e-01 4.169811411196205908e-01 0.000000000000000000e+00 4.318565764145786412e-01 5.067125268626228030e-01 0.000000000000000000e+00 0.000000000000000000e+00 4.032246268656716204e-01 0.000000000000000000e+00 3.669094851485147912e-01 0.000000000000000000e+00 3.826245870051736553e-01 4.242663200000000301e-01 0.000000000000000000e+00 0.000000000000000000e+00 3.725069963259904360e-01 4.255057847222222245e-01 3.616839873216759482e-01 0.000000000000000000e+00 3.784980195221277488e-01 0.000000000000000000e+00 3.818113163265306476e-01 0.000000000000000000e+00 3.618674069476621180e-01 4.249183025210084841e-01 3.945894906279197034e-01 4.462526769230769075e-01 3.665041145500145259e-01 0.000000000000000000e+00 3.698230591129394451e-01 0.000000000000000000e+00 3.614044855572240977e-01 0.000000000000000000e+00 4.000342736740941096e-01 4.245009775245023320e-01 3.281054460382697435e-01 4.791912425876010406e-01 3.519880871998258276e-01 4.422003855276827045e-01 3.543246252990800982e-01 4.134735391379217861e-01 3.397194805682338115e-01 0.000000000000000000e+00 3.821897513310895667e-01 4.350843038378314764e-01 3.590256239316238496e-01 0.000000000000000000e+00 3.577207659585103228e-01 0.000000000000000000e+00 0.000000000000000000e+00 0.000000000000000000e+00 3.641072106781904072e-01 0.000000000000000000e+00 0.000000000000000000e+00 0.000000000000000000e+00 3.563961273440270361e-01 0.000000000000000000e+00 3.815753439289081839e-01 4.170449867268698485e-01 4.000216487523308162e-01 4.013197481751824558e-01 4.062290524276956361e-01 0.000000000000000000e+00 0.000000000000000000e+00 0.000000000000000000e+00 3.802831093749999836e-01 0.000000000000000000e+00 0.000000000000000000e+00 0.000000000000000000e+00 3.910037020144854214e-01 4.382827936122135615e-01 4.144829056091805519e-01 4.194064893617021617e-01 4.209442666666666777e-01 0.000000000000000000e+00 3.780056551724138014e-01 0.000000000000000000e+00 0.000000000000000000e+00 0.000000000000000000e+00 4.237585624999999911e-01 0.000000000000000000e+00 0.000000000000000000e+00 0.000000000000000000e+00
4.458116257652737779e-01 3.459119539997007053e-01 4.194037306271178323e-01 2.526717217213461653e-01 4.124894788697944237e-01 1.736099304150141576e-01 4.123930996582816921e-01 3.053654660264074061e-01 3.879070960224170750e-01 2.879485678257187042e-01 4.402975117464965615e-01 3.536688310387524070e-01 3.946940796678743979e-01 3.218877703540664603e-01 3.903981872868485525e-01 3.010588681808157308e-01 4.539287533365936600e-01 3.791755214129126084e-01 4.634211379352139448e-01 3.070407781782839574e-01 3.165242181818180844e-01 0.000000000000000000e+00 4.083766606348560591e-01 2.209012001646789847e-01 4.029834092743250773e-01 2.554644140860229395e-01 3.985640928689908602e-01 2.710402750094684232e-01 4.346279194709637972e-01 3.554219983186106546e-01 3.899820791866354108e-01 3.239938069865367365e-01 4.627128385464265858e-01 3.849177917299522189e-01 0.000000000000000000e+00 4.268896324071655424e-01 4.668025030083677307e-01 4.585807744446713241e-01 0.000000000000000000e+00 4.371482355103513129e-01 0.000000000000000000e+00 4.632960889959432116e-01 0.000000000000000000e+00 4.122696041107197784e-01 0.000000000000000000e+00 3.858292827307229778e-01 0.000000000000000000e+00 4.127400566721356467e-01 0.000000000000000000e+00 3.851314641480629297e-01 0.000000000000000000e+00 3.653032385160779327e-01 0.000000000000000000e+00 3.538901950179376144e-01 0.000000000000000000e+00 3.554346555663373541e-01 4.530217205250198775e-01 3.990468356873588807e-01 4.420001289218029039e-01 4.007086493866111043e-01 4.042434906990965415e-01 3.578166712969503838e-01 0.000000000000000000e+00 3.970997851043377436e-01 0.000000000000000000e+00 3.565114332023484600e-01 4.437048850822224444e-01 4.170716527786855199e-01 4.793016018844553083e-01 4.111151934674802111e-01 4.368668448708604157e-01 3.585979325647694060e-01 4.341924352333508819e-01 3.586626788124195331e-01 0.000000000000000000e+00 0.000000000000000000e+00 4.278562162970007687e-01 3.919281802382929003e-01 0.000000000000000000e+00 0.000000000000000000e+00 0.000000000000000000e+00 3.762077404650904788e-01 0.000000000000000000e+00 0.000000000000000000e+00 4.095627910447760534e-01 3.703260008444255735e-01 0.000000000000000000e+00 0.000000000000000000e+00 0.000000000000000000e+00 3.840359121296056388e-01 4.107318768115941765e-01 4.080053302126198655e-01 4.137083255978423746e-01 3.690727337216609394e-01 4.258960515463917629e-01 4.728651935483871305e-01 0.000000000000000000e+00 0.000000000000000000e+00 4.154594586466165418e-01 4.210713481373469236e-01 0.000000000000000000e+00 0.000000000000000000e+00 3.858748330827067585e-01 4.179070137569918519e-01 4.263645190497762916e-01 4.573625125171046912e-01 0.000000000000000000e+00 0.000000000000000000e+00 4.455586934083152761e-01 0.000000000000000000e+00 4.232054427480916314e-01 3.954471333333333116e-01 4.097686048387097490e-01 0.000000000000000000e+00 0.000000000000000000e+00 0.000000000000000000e+00
3.006600313033555572e-01 0.000000000000000000e+00 2.329985216363171241e-01 4.124894788697944237e-01 2.184745416132291007e-01 4.072618598818253943e-01 2.506528838245627444e-01 3.990676721596511101e-01 2.420115109148660293e-01 3.831352818931513804e-01 2.970565462581453708e-01 0.000000000000000000e+00 2.974636091563527818e-01 3.963540285888452197e-01 2.347840601504318503e-01 4.083045331246267229e-01 3.401125772991543394e-01 0.000000000000000000e+00 3.519030075114412681e-01 0.000000000000000000e+00 2.912681851080984319e-01 3.659006112836438729e-01 2.648787965111988330e-01 4.089300339800064354e-01 2.493268101944172421e-01 4.193270239626802343e-01 2.459205017426294437e-01 4.399999135802468708e-01 3.109251487325532248e-01 0.000000000000000000e+00 3.044291126648666079e-01 4.164248683625801362e-01 3.678872801659125447e-01 3.279002254901960955e-01 0.000000000000000000e+00 4.208350295857988255e-01 0.000000000000000000e+00 0.000000000000000000e+00 0.000000000000000000e+00 0.000000000000000000e+00 0.000000000000000000e+00 0.000000000000000000e+00 4.294594112903226124e-01 0.000000000000000000e+00 0.000000000000000000e+00 0.000000000000000000e+00 4.062336707692307813e-01 0.000000000000000000e+00 0.000000000000000000e+00 0.000000000000000000e+00 4.266127754999999855e-01 0.000000000000000000e+00 0.000000000000000000e+00 0.000000000000000000e+00 0.000000000000000000e+00 0.000000000000000000e+00 3.318341010101009680e-01 0.000000000000000000e+00 3.768378074534161626e-01 0.000000000000000000e+00 3.575206016528925113e-01 0.000000000000000000e+00 0.000000000000000000e+00 0.000000000000000000e+00 3.568457697415128860e-01 0.000000000000000000e+00 3.596954302013423144e-01 4.527691722222222381e-01 3.631814645669291242e-01 0.000000000000000000e+00 2.732044712574404621e-01 4.039240000000000608e-01 3.148679481332073427e-01 4.175161127560905183e-01 3.202865801619422803e-01 0.000000000000000000e+00 3.442392586046332248e-01 0.000000000000000000e+00 0.000000000000000000e+00 0.000000000000000000e+00 0.000000000000000000e+00 0.000000000000000000e+00 0.000000000000000000e+00 0.000000000000000000e+00 3.566373858551677989e-01 0.000000000000000000e+00 0.000000000000000000e+00 0.000000000000000000e+00 3.559546463414634543e-01 0.000000000000000000e+00 3.477837533333333342e-01 0.000000000000000000e+00 0.000000000000000000e+00 0.000000000000000000e+00 0.000000000000000000e+00 0.000000000000000000e+00 0.000000000000000000e+00 0.000000000000000000e+00 0.000000000000000000e+00 0.000000000000000000e+00 0.000000000000000000e+00 0.000000000000000000e+00 3.617398785714286413e-01 0.000000000000000000e+00 0.000000000000000000e+00 4.165059279279278992e-01 0.000000000000000000e+00 3.968924691358025059e-01 0.000000000000000000e+00 0.000000000000000000e+00 0.000000000000000000e+00 0.000000000000000000e+00 0.000000000000000000e+00 0.000000000000000000e+00 0.000000000000000000e+00 0.000000000000000000e+00
0.000000000000000000e+00 2.791799091118499221e-01 3.850674211916416123e-01 1.736099304150141576e-01 4.072618598818253943e-01 1.861449998330512168e-01 3.643300194755746957e-01 2.823273091703521476e-01 3.941843333333333588e-01 2.135405736985244995e-01 0.000000000000000000e+00 2.818092444444444400e-01 3.817767588102409237e-01 2.932871055527173088e-01 3.766278089887641345e-01 2.531489913750909482e-01 0.000000000000000000e+00 0.000000000000000000e+00 0.000000000000000000e+00 3.208955601747136566e-01 3.910238562113458327e-01 2.952079471169146707e-01 3.775511885101014986e-01 1.808620441112834265e-01 3.979088924580790332e-01 2.334253258855588098e-01 3.994209460391493494e-01 2.214449670566796258e-01 0.000000000000000000e+00 2.807783294377925176e-01 3.757205378396784035e-01 3.172485326748220591e-01 0.000000000000000000e+00 3.709441556532147022e-01 0.000000000000000000e+00 0.000000000000000000e+00 0.000000000000000000e+00 4.147756876395534142e-01 0.000000000000000000e+00 0.000000000000000000e+00 0.000000000000000000e+00 0.000000000000000000e+00 0.000000000000000000e+00 0.000000000000000000e+00 0.000000000000000000e+00 3.566531249094202494e-01 0.000000000000000000e+00 4.208280793650793772e-01 0.000000000000000000e+00 4.059038562225176228e-01 0.000000000000000000e+00 3.585444216427640107e-01 0.000000000000000000e+00 4.207186950354609989e-01 0.000000000000000000e+00 4.209469681818182041e-01 0.000000000000000000e+00 3.091158599567098708e-01 0.000000000000000000e+00 3.262689343065693359e-01 0.000000000000000000e+00 0.000000000000000000e+00 0.000000000000000000e+00 0.000000000000000000e+00 0.000000000000000000e+00 4.198079683760683745e-01 0.000000000000000000e+00 3.359997723522853974e-01 0.000000000000000000e+00 0.000000000000000000e+00 3.799166634771964368e-01 2.990292366583394701e-01 3.876800311976743574e-01 2.946383951731517126e-01 0.000000000000000000e+00 3.144752978723404646e-01 0.000000000000000000e+00 3.424826504926957726e-01 0.000000000000000000e+00 0.000000000000000000e+00 0.000000000000000000e+00 3.230747052889071935e-01 0.000000000000000000e+00 0.000000000000000000e+00 0.000000000000000000e+00 3.785100759618759136e-01 0.000000000000000000e+00 0.000000000000000000e+00 0.000000000000000000e+00 3.908537798008490105e-01 0.000000000000000000e+00 0.000000000000000000e+00 0.000000000000000000e+00 0.000000000000000000e+00 0.000000000000000000e+00 0.000000000000000000e+00 0.000000000000000000e+00 0.000000000000000000e+00 0.000000000000000000e+00 0.000000000000000000e+00 0.000000000000000000e+00 0.000000000000000000e+00 0.000000000000000000e+00 0.000000000000000000e+00 0.000000000000000000e+00 0.000000000000000000e+00 0.000000000000000000e+00 0.000000000000000000e+00 0.000000000000000000e+00 0.000000000000000000e+00 0.000000000000000000e+00 0.000000000000000000e+00 0.000000000000000000e+00 0.000000000000000000e+00 0.000000000000000000e+00 0.000000000000000000e+00
3.288704009947389650e-01 4.292595430481344621e-01 2.986481467582053906e-01 4.123930996582816921e-01 2.506528838245627444e-01 3.643300194755746957e-01 2.739666906374503830e-01 4.047071495028229937e-01 2.502197812170269264e-01 3.801541006004027778e-01 3.252148973375659780e-01 4.097087226177020813e-01 2.879804976722889487e-01 3.883744235699091440e-01 3.048302325545318436e-01 3.852351650459548416e-01 3.483987174401809717e-01 4.243450108404260845e-01 3.708961776337741933e-01 4.427975703681619191e-01 0.000000000000000000e+00 0.000000000000000000e+00 3.335045399499623198e-01 4.019040638801396059e-01 3.052332160510768944e-01 4.124151263346496621e-01 3.259349719337552576e-01 0.000000000000000000e+00 3.272493802515349937e-01 4.096312253553305860e-01 3.457801494110073759e-01 3.899413955974254664e-01 3.836510278217107883e-01 4.182566606974205126e-01 0.000000000000000000e+00 0.000000000000000000e+00 4.185679555975322375e-01 4.612556158481598834e-01 0.000000000000000000e+00 4.131024224137930800e-01 0.000000000000000000e+00 0.000000000000000000e+00 0.000000000000000000e+00 0.000000000000000000e+00 3.619126642530574034e-01 0.000000000000000000e+00 4.088742343342717245e-01 0.000000000000000000e+00 3.685046161744503501e-01 0.000000000000000000e+00 3.509707822078728667e-01 4.831444906832298436e-01 0.000000000000000000e+00 0.000000000000000000e+00 3.752646224489796234e-01 3.826567784431137986e-01 3.442864449874057931e-01 4.037154972779745665e-01 3.752237195023677141e-01 0.000000000000000000e+00 3.599265501765326336e-01 3.994803285714286223e-01 3.584871591885824826e-01 0.000000000000000000e+00 3.602799687750808388e-01 3.744177323757144071e-01 3.839495393222417396e-01 4.082229024390244265e-01 3.584207845660059011e-01 4.272966788321167497e-01 3.172003306487697905e-01 4.250599783809607679e-01 3.456816071524214107e-01 4.036842798834314738e-01 3.362901708833265779e-01 3.722942747252748208e-01 3.724065978796867182e-01 4.211521109216357917e-01 0.000000000000000000e+00 0.000000000000000000e+00 3.488105233090419421e-01 0.000000000000000000e+00 0.000000000000000000e+00 0.000000000000000000e+00 3.536615078384444666e-01 3.596969770992366477e-01 0.000000000000000000e+00 0.000000000000000000e+00 3.607662509558395847e-01 3.904961768101180009e-01 3.728839409553758588e-01 4.028009916850951444e-01 4.292317882352941205e-01 0.000000000000000000e+00 0.000000000000000000e+00 0.000000000000000000e+00 0.000000000000000000e+00 0.000000000000000000e+00 0.000000000000000000e+00 0.000000000000000000e+00 0.000000000000000000e+00 0.000000000000000000e+00 0.000000000000000000e+00 4.173789532701987492e-01 3.882710392255892540e-01 4.441096407766989551e-01 0.000000000000000000e+00 0.000000000000000000e+00 0.000000000000000000e+00 0.000000000000000000e+00 0.000000000000000000e+00 0.000000000000000000e+00 0.000000000000000000e+00 0.000000000000000000e+00 0.000000000000000000e+00 0.000000000000000000e+00
4.321541736775923459e-01 3.039523237795150323e-01 4.157059951117640373e-01 3.053654660264074061e-01 3.990676721596511101e-01 2.823273091703521476e-01 4.047071495028229937e-01 2.635829571965063733e-01 3.953658276974423291e-01 2.291648917969856536e-01 4.259298081952835879e-01 3.238498329907699147e-01 3.965447148665161570e-01 2.594673894657830160e-01 3.834202106745636662e-01 2.603224105201982774e-01 4.378276454356896941e-01 3.694780164116015508e-01 4.421108429913277460e-01 3.693359207341145867e-01 0.000000000000000000e+00 0.000000000000000000e+00 3.997782092574169721e-01 3.412205248699081706e-01 4.044971615925978536e-01 3.145459414965986467e-01 4.118004306227266986e-01 0.000000000000000000e+00 4.166761850005845091e-01 3.240327638547057520e-01 3.908851836587605710e-01 3.178673831309105635e-01 4.378685032365580154e-01 3.561733180317567804e-01 3.923557307692307483e-01 3.891125365213083942e-01 4.537531482254518744e-01 4.282131405776883337e-01 0.000000000000000000e+00 0.000000000000000000e+00 0.000000000000000000e+00 3.809333930555555692e-01 4.198179344262295554e-01 0.000000000000000000e+00 4.389258242835595847e-01 3.577418798638685726e-01 0.000000000000000000e+00 0.000000000000000000e+00 4.424749683544303980e-01 3.428476145021648325e-01 3.905282786885246327e-01 3.373808786268192028e-01 0.000000000000000000e+00 3.402861266574772059e-01 0.000000000000000000e+00 3.567658102913336404e-01 4.190696562829050453e-01 3.589351439719048464e-01 4.224783324502454640e-01 3.544610939693392804e-01 4.037032139303482481e-01 3.460078685543259702e-01 4.407159838709677757e-01 3.449252452852344386e-01 0.000000000000000000e+00 3.370906586870050514e-01 4.370915181362881041e-01 3.781922835395213900e-01 4.140099594603824928e-01 3.762891642641797985e-01 4.337825967570630437e-01 3.107506311475186078e-01 4.016466477196999896e-01 3.408576413482942158e-01 0.000000000000000000e+00 2.839777222222221731e-01 4.226137267700194045e-01 3.695997397242898330e-01 0.000000000000000000e+00 0.000000000000000000e+00 4.432658837209302316e-01 3.539128824553429697e-01 0.000000000000000000e+00 3.458422857142857132e-01 4.110601077038325557e-01 3.545228357836191502e-01 0.000000000000000000e+00 0.000000000000000000e+00 0.000000000000000000e+00 3.548794864173138164e-01 4.123642103551561355e-01 4.085152333446544493e-01 0.000000000000000000e+00 3.946818857142856407e-01 0.000000000000000000e+00 0.000000000000000000e+00 0.000000000000000000e+00 0.000000000000000000e+00 3.694914296296296641e-01 3.921523024493535625e-01 0.000000000000000000e+00 0.000000000000000000e+00 3.685365736434108586e-01 4.170650180867882528e-01 0.000000000000000000e+00 0.000000000000000000e+00 0.000000000000000000e+00 0.000000000000000000e+00 0.000000000000000000e+00 0.000000000000000000e+00 0.000000000000000000e+00 0.000000000000000000e+00 0.000000000000000000e+00 0.000000000000000000e+00 0.000000000000000000e+00 4.090795963302751859e-01
3.360248294397819580e-01 0.000000000000000000e+00 2.867834986232972727e-01 3.879070960224170750e-01 2.420115109148660293e-01 3.941843333333333588e-01 2.502197812170269264e-01 3.953658276974423291e-01 2.306587410074589783e-01 3.855359377693896583e-01 3.279536692971180001e-01 4.114386847826086990e-01 2.796966256400867379e-01 3.894909359335247956e-01 2.703942024288293888e-01 3.830832520423462229e-01 3.382115500000000274e-01 0.000000000000000000e+00 3.746926032652465044e-01 0.000000000000000000e+00 3.507801022003767533e-01 0.000000000000000000e+00 3.134378266821302161e-01 3.986918311317833030e-01 3.047100171928330270e-01 4.162927457400601439e-01 2.911117416344947695e-01 0.000000000000000000e+00 3.183879214662520551e-01 0.000000000000000000e+00 3.124556199602742113e-01 4.037113085014040759e-01 3.403938450704225294e-01 0.000000000000000000e+00 0.000000000000000000e+00 0.000000000000000000e+00 4.046005008895450228e-01 0.000000000000000000e+00 0.000000000000000000e+00 0.000000000000000000e+00 0.000000000000000000e+00 0.000000000000000000e+00 0.000000000000000000e+00 0.000000000000000000e+00 0.000000000000000000e+00 0.000000000000000000e+00 0.000000000000000000e+00 0.000000000000000000e+00 0.000000000000000000e+00 0.000000000000000000e+00 3.644109853658535902e-01 0.000000000000000000e+00 0.000000000000000000e+00 0.000000000000000000e+00 3.971312527472527498e-01 0.000000000000000000e+00 3.697665377625047323e-01 0.000000000000000000e+00 0.000000000000000000e+00 0.000000000000000000e+00 3.735874716674190132e-01 0.000000000000000000e+00 3.476521110416666005e-01 0.000000000000000000e+00 3.795989363291707996e-01 0.000000000000000000e+00 4.430718558558558451e-01 0.000000000000000000e+00 0.000000000000000000e+00 0.000000000000000000e+00 3.040702138519335573e-01 3.968117788857215555e-01 3.321099022120874711e-01 4.093714454951404846e-01 3.329669523828646116e-01 0.000000000000000000e+00 3.565928675423198357e-01 0.000000000000000000e+00 0.000000000000000000e+00 0.000000000000000000e+00 3.378743046875000156e-01 0.000000000000000000e+00 0.000000000000000000e+00 0.000000000000000000e+00 3.695438337431882214e-01 0.000000000000000000e+00 0.000000000000000000e+00 0.000000000000000000e+00 0.000000000000000000e+00 0.000000000000000000e+00 3.694155799999999656e-01 3.785961732283464887e-01 0.000000000000000000e+00 0.000000000000000000e+00 0.000000000000000000e+00 0.000000000000000000e+00 0.000000000000000000e+00 0.000000000000000000e+00 0.000000000000000000e+00 0.000000000000000000e+00 0.000000000000000000e+00 0.000000000000000000e+00 0.000000000000000000e+00 4.105545111958661675e-01 0.000000000000000000e+00 0.000000000000000000e+00 4.014200862068965092e-01 0.000000000000000000e+00 4.228791717171717091e-01 0.000000000000000000e+00 0.000000000000000000e+00 0.000000000000000000e+00 0.000000000000000000e+00 0.000000000000000000e+00 0.000000000000000000e+00 0.000000000000000000e+00
0.000000000000000000e+00 3.112745796374983276e-01 3.782248100004647062e-01 2.879485678257187042e-01 3.831352818931513804e-01 2.135405736985244995e-01 3.801541006004027778e-01 2.291648917969856536e-01 3.855359377693896583e-01 2.503739424593578455e-01 0.000000000000000000e+00 3.166782437336834177e-01 3.815445480795977562e-01 2.973365775868259675e-01 3.227865715909090660e-01 2.783861826505636961e-01 0.000000000000000000e+00 3.619106249999999858e-01 0.000000000000000000e+00 3.473024260204081726e-01 0.000000000000000000e+00 0.000000000000000000e+00 3.627369182736845943e-01 3.261703111853043735e-01 3.798292933596696952e-01 0.000000000000000000e+00 3.988823207135035465e-01 2.700918428571428831e-01 0.000000000000000000e+00 3.159369536167670467e-01 3.484306732723324029e-01 2.920828462717339757e-01 0.000000000000000000e+00 3.459271264367815846e-01 4.638802214285713821e-01 0.000000000000000000e+00 0.000000000000000000e+00 3.955016494808332173e-01 0.000000000000000000e+00 3.637006547619047181e-01 0.000000000000000000e+00 0.000000000000000000e+00 0.000000000000000000e+00 0.000000000000000000e+00 0.000000000000000000e+00 0.000000000000000000e+00 0.000000000000000000e+00 0.000000000000000000e+00 0.000000000000000000e+00 0.000000000000000000e+00 0.000000000000000000e+00 0.000000000000000000e+00 0.000000000000000000e+00 0.000000000000000000e+00 0.000000000000000000e+00 0.000000000000000000e+00 0.000000000000000000e+00 2.862290631578947586e-01 0.000000000000000000e+00 0.000000000000000000e+00 0.000000000000000000e+00 0.000000000000000000e+00 0.000000000000000000e+00 3.723469811320754275e-01 0.000000000000000000e+00 3.898611144651050742e-01 0.000000000000000000e+00 0.000000000000000000e+00 0.000000000000000000e+00 3.859841450381679695e-01 3.979632334183673126e-01 3.077808045786746272e-01 4.004635338224767915e-01 3.327857052314596165e-01 0.000000000000000000e+00 3.208631770321876964e-01 3.474777804878048659e-01 3.551799801680805557e-01 0.000000000000000000e+00 3.506772830188679690e-01 0.000000000000000000e+00 3.654315068710276559e-01 0.000000000000000000e+00 0.000000000000000000e+00 0.000000000000000000e+00 3.776385183373393573e-01 0.000000000000000000e+00 0.000000000000000000e+00 0.000000000000000000e+00 3.464469277108433998e-01 0.000000000000000000e+00 3.941853658536585425e-01 0.000000000000000000e+00 0.000000000000000000e+00 0.000000000000000000e+00 0.000000000000000000e+00 0.000000000000000000e+00 0.000000000000000000e+00 0.000000000000000000e+00 0.000000000000000000e+00 0.000000000000000000e+00 0.000000000000000000e+00 0.000000000000000000e+00 3.913505669291337807e-01 0.000000000000000000e+00 0.000000000000000000e+00 0.000000000000000000e+00 0.000000000000000000e+00 0.000000000000000000e+00 0.000000000000000000e+00 0.000000000000000000e+00 0.000000000000000000e+00 0.000000000000000000e+00 0.000000000000000000e+00 0.000000000000000000e+00 0.000000000000000000e+00
3.065335780542487454e-01 4.230369474973636468e-01 3.696860147754554848e-01 4.402975117464965615e-01 2.970565462581453708e-01 0.000000000000000000e+00 3.252148973375659780e-01 4.259298081952835879e-01 3.279536692971180001e-01 0.000000000000000000e+00 2.898920940039037553e-01 4.084362629553194290e-01 2.858455620217875137e-01 4.169542641411520534e-01 3.423313207547169501e-01 0.000000000000000000e+00 2.922796606815051823e-01 4.457288642047822491e-01 3.796100353704545682e-01 4.464424831942521155e-01 0.000000000000000000e+00 0.000000000000000000e+00 3.571190847297998627e-01 4.252501704545454952e-01 0.000000000000000000e+00 0.000000000000000000e+00 3.580517010309278159e-01 0.000000000000000000e+00 3.292497570324673939e-01 4.266194507017544435e-01 3.719592818993687766e-01 3.757527758083223368e-01 3.731311413332438209e-01 4.369951312587839753e-01 0.000000000000000000e+00 0.000000000000000000e+00 3.958845123990850645e-01 4.453552212389381149e-01 0.000000000000000000e+00 0.000000000000000000e+00 0.000000000000000000e+00 0.000000000000000000e+00 0.000000000000000000e+00 0.000000000000000000e+00 0.000000000000000000e+00 0.000000000000000000e+00 0.000000000000000000e+00 0.000000000000000000e+00 0.000000000000000000e+00 0.000000000000000000e+00 3.725169108301054077e-01 3.855604619883040707e-01 3.282153503703703623e-01 0.000000000000000000e+00 3.825462284436417781e-01 0.000000000000000000e+00 3.363433106281379370e-01 4.371254521739130205e-01 3.629892991375566202e-01 0.000000000000000000e+00 3.677081426543317710e-01 0.000000000000000000e+00 3.520691293883742579e-01 4.200153785714286214e-01 3.847338395968010749e-01 0.000000000000000000e+00 3.790544658803011724e-01 0.000000000000000000e+00 3.659035005457159095e-01 0.000000000000000000e+00 3.359705571387541223e-01 4.177186638538536445e-01 3.623580052109959260e-01 4.297635983385290626e-01 0.000000000000000000e+00 0.000000000000000000e+00 4.093870495042176150e-01 4.304667612933624210e-01 0.000000000000000000e+00 0.000000000000000000e+00 3.641144479295333469e-01 0.000000000000000000e+00 0.000000000000000000e+00 0.000000000000000000e+00 3.775678390934474882e-01 0.000000000000000000e+00 0.000000000000000000e+00 0.000000000000000000e+00 3.676711268362621854e-01 0.000000000000000000e+00 0.000000000000000000e+00 0.000000000000000000e+00 0.000000000000000000e+00 0.000000000000000000e+00 0.000000000000000000e+00 0.000000000000000000e+00 0.000000000000000000e+00 0.000000000000000000e+00 0.000000000000000000e+00 0.000000000000000000e+00 0.000000000000000000e+00 0.000000000000000000e+00 0.000000000000000000e+00 0.000000000000000000e+00 4.469154126315789122e-01 0.000000000000000000e+00 0.000000000000000000e+00 0.000000000000000000e+00 0.000000000000000000e+00 0.000000000000000000e+00 0.000000000000000000e+00 0.000000000000000000e+00 0.000000000000000000e+00 0.000000000000000000e+00 0.000000000000000000e+00 0.000000000000000000e+00
4.277287686558979840e-01 3.030139633649072128e-01 4.249421752954194442e-01 3.536688310387524070e-01 0.000000000000000000e+00 2.818092444444444400e-01 4.097087226177020813e-01 3.238498329907699147e-01 4.114386847826086990e-01 3.166782437336834177e-01 4.084362629553194290e-01 2.614510959004697210e-01 3.933015533254735074e-01 2.611232086470797742e-01 0.000000000000000000e+00 3.405423874204500656e-01 4.459574850212227326e-01 3.190718734166235193e-01 4.268861982965209134e-01 3.772735715211310570e-01 0.000000000000000000e+00 0.000000000000000000e+00 4.073519341221238932e-01 3.591079904761497188e-01 0.000000000000000000e+00 3.851349876543209705e-01 0.000000000000000000e+00 0.000000000000000000e+00 4.142015815164918346e-01 3.524287417943499645e-01 3.921393409391489837e-01 3.503477416538636202e-01 4.401116339491218943e-01 3.544214980233312273e-01 0.000000000000000000e+00 3.899831519177419104e-01 4.325826921739029385e-01 4.320306819321848013e-01 0.000000000000000000e+00 3.872183443980998785e-01 0.000000000000000000e+00 0.000000000000000000e+00 0.000000000000000000e+00 0.000000000000000000e+00 0.000000000000000000e+00 3.594856276528764494e-01 0.000000000000000000e+00 0.000000000000000000e+00 0.000000000000000000e+00 3.694315237071321145e-01 0.000000000000000000e+00 3.451370986023550302e-01 0.000000000000000000e+00 0.000000000000000000e+00 0.000000000000000000e+00 3.344775039999999811e-01 4.117394545454544641e-01 3.665188480708196361e-01 0.000000000000000000e+00 3.525329879244692988e-01 4.240066722689075362e-01 3.674870757069371163e-01 0.000000000000000000e+00 3.700600316608017026e-01 0.000000000000000000e+00 3.589871405447547237e-01 0.000000000000000000e+00 3.863963763366929927e-01 4.384010879999999943e-01 4.145864574468085539e-01 4.243385298777203052e-01 3.195669566467985168e-01 4.166076030068096570e-01 3.636898643405946374e-01 0.000000000000000000e+00 0.000000000000000000e+00 4.199016024940885883e-01 3.953763468641997014e-01 0.000000000000000000e+00 4.122114105263157136e-01 0.000000000000000000e+00 3.778241914920146272e-01 0.000000000000000000e+00 0.000000000000000000e+00 3.685242721088435314e-01 3.857691833129460734e-01 0.000000000000000000e+00 0.000000000000000000e+00 0.000000000000000000e+00 3.917767881206938307e-01 4.432527791411042806e-01 4.514116913333333092e-01 0.000000000000000000e+00 0.000000000000000000e+00 0.000000000000000000e+00 0.000000000000000000e+00 4.608545619834710783e-01 0.000000000000000000e+00 4.037882661290322917e-01 0.000000000000000000e+00 0.000000000000000000e+00 0.000000000000000000e+00 0.000000000000000000e+00 4.170781651528046030e-01 4.162090337884088997e-01 4.694856000000000029e-01 0.000000000000000000e+00 0.000000000000000000e+00 0.000000000000000000e+00 0.000000000000000000e+00 0.000000000000000000e+00 0.000000000000000000e+00 0.000000000000000000e+00 0.000000000000000000e+00 0.000000000000000000e+00 0.000000000000000000e+00
3.301755307826794716e-01 4.247538943329710603e-01 3.247211934201523764e-01 3.946940796678743979e-01 2.974636091563527818e-01 3.817767588102409237e-01 2.879804976722889487e-01 3.965447148665161570e-01 2.796966256400867379e-01 3.815445480795977562e-01 2.858455620217875137e-01 3.933015533254735074e-01 2.483570424000462185e-01 3.771060389449023553e-01 2.513922129536089178e-01 3.879641846466305721e-01 3.572189359673336728e-01 0.000000000000000000e+00 3.698575926193646835e-01 4.207760068007920240e-01 0.000000000000000000e+00 0.000000000000000000e+00 3.282090392305945237e-01 4.021424242333214161e-01 3.042496986631359479e-01 0.000000000000000000e+00 3.283212635681946878e-01 0.000000000000000000e+00 3.080149632060467657e-01 4.075825353206147250e-01 3.298199287203971153e-01 3.931074561829367986e-01 3.596782750231947157e-01 4.175391761667541779e-01 0.000000000000000000e+00 0.000000000000000000e+00 4.262110617288389913e-01 4.355588660714285187e-01 0.000000000000000000e+00 0.000000000000000000e+00 3.968331346153846084e-01 0.000000000000000000e+00 0.000000000000000000e+00 0.000000000000000000e+00 3.566346896551724210e-01 0.000000000000000000e+00 4.132109520547945225e-01 0.000000000000000000e+00 3.400992789035677255e-01 0.000000000000000000e+00 3.556769579075616527e-01 0.000000000000000000e+00 0.000000000000000000e+00 0.000000000000000000e+00 3.654251339285714550e-01 0.000000000000000000e+00 3.548634839857128243e-01 0.000000000000000000e+00 3.510196826884499077e-01 0.000000000000000000e+00 3.715435487573959805e-01 0.000000000000000000e+00 3.645549749158691344e-01 0.000000000000000000e+00 3.721495303423468792e-01 0.000000000000000000e+00 3.853033065362138077e-01 4.321801586206896473e-01 3.815296316163024337e-01 4.330902723270440569e-01 3.216993040322960740e-01 4.349619428055510051e-01 3.537070496948372944e-01 4.023029108785635688e-01 3.432900301499552387e-01 0.000000000000000000e+00 3.753253869436608547e-01 4.106284310143453742e-01 0.000000000000000000e+00 0.000000000000000000e+00 3.439172633389619982e-01 0.000000000000000000e+00 0.000000000000000000e+00 0.000000000000000000e+00 3.606684704240640249e-01 0.000000000000000000e+00 0.000000000000000000e+00 0.000000000000000000e+00 3.632208902533320405e-01 0.000000000000000000e+00 4.118281944680826645e-01 4.044522800753087566e-01 3.937015233908948142e-01 0.000000000000000000e+00 4.213631799276672529e-01 0.000000000000000000e+00 0.000000000000000000e+00 0.000000000000000000e+00 4.076477142857142799e-01 0.000000000000000000e+00 0.000000000000000000e+00 0.000000000000000000e+00 4.142071363636363746e-01 4.217491994501079144e-01 0.000000000000000000e+00 4.820414851485149699e-01 4.605901288426763607e-01 0.000000000000000000e+00 0.000000000000000000e+00 0.000000000000000000e+00 0.000000000000000000e+00 0.000000000000000000e+00 0.000000000000000000e+00 0.000000000000000000e+00 0.000000000000000000e+00 0.000000000000000000e+00
