2.892624869579014102e-01 4.842627427794548578e-01 3.538904899002876525e-01 4.916379302082636849e-01 3.449053727528089697e-01 0.000000000000000000e+00 2.946821532473808958e-01 4.498198423679546920e-01 3.691952064729387972e-01 0.000000000000000000e+00 3.033167339684194608e-01 4.576672483278761416e-01 3.724567561738943433e-01 0.000000000000000000e+00 3.927228516522282553e-01 0.000000000000000000e+00 2.856956190284377639e-01 4.701642263441563330e-01 3.902703211601257771e-01 4.916446348480924544e-01 0.000000000000000000e+00 0.000000000000000000e+00 3.864359300514531026e-01 0.000000000000000000e+00 0.000000000000000000e+00 0.000000000000000000e+00 0.000000000000000000e+00 0.000000000000000000e+00 3.961408282374309087e-01 4.277447831325301153e-01 3.834817631578946728e-01 0.000000000000000000e+00 4.048863440867908614e-01 4.731921821263645467e-01 4.194050625000000365e-01 0.000000000000000000e+00 4.959549825296467596e-01 0.000000000000000000e+00 5.405939350607761318e-01 0.000000000000000000e+00 0.000000000000000000e+00 0.000000000000000000e+00 0.000000000000000000e+00 0.000000000000000000e+00 4.249724469373219460e-01 5.031396578947368026e-01 0.000000000000000000e+00 0.000000000000000000e+00 4.296859296256376748e-01 0.000000000000000000e+00 4.140954425660713922e-01 0.000000000000000000e+00 4.041403025368507929e-01 0.000000000000000000e+00 4.064720603099906682e-01 0.000000000000000000e+00 3.369593892338617613e-01 4.795144797199060172e-01 4.106145236103325158e-01 5.032363613569178495e-01 4.008679449320222132e-01 0.000000000000000000e+00 3.877524300091855225e-01 0.000000000000000000e+00 4.103353779695315673e-01 4.773774176622418985e-01 4.127689840909520846e-01 5.112142285714286194e-01 3.108936918341238531e-01 4.567715821600274451e-01 3.533724653053654796e-01 0.000000000000000000e+00 3.788495446429482327e-01 4.559762602519794039e-01 3.774795465116278503e-01 0.000000000000000000e+00 3.946573976027757391e-01 4.580686033609556174e-01 4.060257173913044970e-01 0.000000000000000000e+00 3.995422051059298596e-01 0.000000000000000000e+00 0.000000000000000000e+00 0.000000000000000000e+00 4.192595059337989039e-01 0.000000000000000000e+00 3.964440775862068111e-01 0.000000000000000000e+00 4.093678766911261757e-01 0.000000000000000000e+00 4.906429806583868514e-01 4.496649323576010771e-01 0.000000000000000000e+00 0.000000000000000000e+00 4.384750564208143575e-01 0.000000000000000000e+00 5.134811176978520963e-01 4.729797288198321348e-01 5.343511694753577679e-01 4.450164884912868879e-01 0.000000000000000000e+00 0.000000000000000000e+00 4.615593942375617043e-01 4.143933740458015658e-01 4.895921935407826497e-01 0.000000000000000000e+00 4.956874948453608432e-01 0.000000000000000000e+00 0.000000000000000000e+00 0.000000000000000000e+00 4.399140578512396038e-01 0.000000000000000000e+00 0.000000000000000000e+00 0.000000000000000000e+00 0.000000000000000000e+00 0.000000000000000000e+00
4.842627427794548578e-01 2.571560608591688113e-01 4.631604366197182299e-01 3.525598453726010439e-01 0.000000000000000000e+00 3.144245815217390772e-01 4.448220967658309544e-01 2.965384836915000433e-01 0.000000000000000000e+00 3.300935504587155789e-01 0.000000000000000000e+00 3.470203625382778934e-01 0.000000000000000000e+00 3.719524918561106785e-01 0.000000000000000000e+00 3.825558981620718613e-01 0.000000000000000000e+00 3.702425595072346143e-01 4.949614521711451776e-01 3.619260762779301088e-01 0.000000000000000000e+00 0.000000000000000000e+00 4.440955947647857727e-01 3.473004483047870128e-01 0.000000000000000000e+00 0.000000000000000000e+00 0.000000000000000000e+00 0.000000000000000000e+00 0.000000000000000000e+00 3.977077595404738264e-01 4.204571791090190302e-01 0.000000000000000000e+00 4.736026070035381230e-01 4.628223268357907205e-01 0.000000000000000000e+00 4.191091315789473581e-01 0.000000000000000000e+00 4.994873090607257482e-01 0.000000000000000000e+00 0.000000000000000000e+00 0.000000000000000000e+00 4.333359513991634215e-01 0.000000000000000000e+00 0.000000000000000000e+00 0.000000000000000000e+00 3.864354172414188882e-01 0.000000000000000000e+00 3.845105376344086223e-01 5.162423883495146359e-01 4.009312959010699617e-01 0.000000000000000000e+00 3.988425944831338055e-01 0.000000000000000000e+00 3.844273723102420992e-01 0.000000000000000000e+00 3.801017270249892333e-01 4.814386709157730260e-01 3.408760028424480115e-01 0.000000000000000000e+00 4.021314081069007340e-01 4.842011086956520827e-01 3.711696467548690759e-01 0.000000000000000000e+00 3.833814270872604180e-01 0.000000000000000000e+00 3.819562562512719417e-01 4.606326058063272555e-01 3.779674484764645737e-01 4.892668440929318630e-01 3.223493578412433003e-01 0.000000000000000000e+00 3.487163946929101588e-01 0.000000000000000000e+00 3.854113735749626901e-01 0.000000000000000000e+00 3.281255476145976124e-01 4.059215841910785438e-01 4.024343723319139809e-01 0.000000000000000000e+00 4.165022173913042747e-01 4.825253060897435886e-01 4.294132612311891140e-01 0.000000000000000000e+00 0.000000000000000000e+00 0.000000000000000000e+00 4.151451465410715413e-01 0.000000000000000000e+00 3.919216632653061416e-01 0.000000000000000000e+00 4.217620827936248706e-01 0.000000000000000000e+00 4.454745630242366583e-01 0.000000000000000000e+00 4.272964508196720468e-01 4.428539524572649433e-01 0.000000000000000000e+00 0.000000000000000000e+00 5.310072364786515564e-01 5.030167105263156913e-01 4.282717561877859014e-01 0.000000000000000000e+00 5.303205132286360479e-01 5.013678188405796821e-01 4.283078362353445745e-01 0.000000000000000000e+00 4.610671309087228664e-01 0.000000000000000000e+00 4.959545748440747914e-01 0.000000000000000000e+00 0.000000000000000000e+00 4.219068580645161659e-01 0.000000000000000000e+00 0.000000000000000000e+00 0.000000000000000000e+00 0.000000000000000000e+00 0.000000000000000000e+00
3.538904899002876525e-01 4.631604366197182299e-01 2.532364199261848969e-01 4.772462613446118995e-01 1.978122691659294219e-01 3.953309872093024313e-01 3.011998229912919434e-01 4.634373179178070123e-01 2.579968721860085301e-01 4.169455677849903674e-01 3.988455685344840518e-01 4.783470985439720047e-01 3.578284203769682148e-01 4.703878551021465904e-01 3.386568718247428555e-01 4.680010485436894574e-01 4.038457122199980431e-01 4.447497674608305585e-01 2.976557134008835925e-01 4.907864836913731210e-01 0.000000000000000000e+00 0.000000000000000000e+00 2.627199351647583336e-01 4.631212645255469162e-01 2.862039392250045888e-01 0.000000000000000000e+00 2.789129231304348089e-01 0.000000000000000000e+00 3.757240419392887110e-01 4.686524518892545288e-01 3.744537521888838261e-01 4.666306511343972785e-01 4.153314783885500572e-01 4.854051906245834824e-01 4.578746128533416893e-01 0.000000000000000000e+00 4.511142883568224349e-01 0.000000000000000000e+00 5.192377531590415263e-01 0.000000000000000000e+00 0.000000000000000000e+00 0.000000000000000000e+00 0.000000000000000000e+00 0.000000000000000000e+00 4.450550235739886840e-01 5.554290335570469805e-01 0.000000000000000000e+00 0.000000000000000000e+00 4.542160692416665202e-01 5.446388121212122346e-01 4.581065670106039267e-01 0.000000000000000000e+00 4.489301603773584448e-01 0.000000000000000000e+00 4.101080512307692105e-01 0.000000000000000000e+00 4.156221060488469177e-01 4.933373863636362766e-01 4.346556580169740336e-01 0.000000000000000000e+00 4.118462610794626499e-01 0.000000000000000000e+00 3.882345536446775713e-01 0.000000000000000000e+00 4.065690028395477773e-01 0.000000000000000000e+00 4.402932372053052767e-01 0.000000000000000000e+00 3.949294993268912535e-01 0.000000000000000000e+00 3.676386980205131882e-01 4.659916565190919679e-01 3.772054034538619427e-01 4.504856383108282736e-01 3.552627581840618332e-01 0.000000000000000000e+00 4.141859261823377936e-01 4.571221308341608669e-01 4.654875371900826231e-01 0.000000000000000000e+00 3.940866799608276905e-01 0.000000000000000000e+00 0.000000000000000000e+00 0.000000000000000000e+00 4.107781349034348994e-01 0.000000000000000000e+00 4.587120797546012652e-01 0.000000000000000000e+00 4.098248435132575418e-01 0.000000000000000000e+00 3.822326861313868340e-01 4.303549942657423633e-01 0.000000000000000000e+00 0.000000000000000000e+00 4.377312098088029235e-01 0.000000000000000000e+00 4.315362016806723044e-01 0.000000000000000000e+00 4.353712033898305411e-01 0.000000000000000000e+00 0.000000000000000000e+00 0.000000000000000000e+00 4.317101849315068685e-01 4.327902478752210791e-01 4.184677391304347238e-01 4.527708759689922369e-01 0.000000000000000000e+00 0.000000000000000000e+00 0.000000000000000000e+00 0.000000000000000000e+00 4.505861095890411061e-01 0.000000000000000000e+00 0.000000000000000000e+00 0.000000000000000000e+00 0.000000000000000000e+00 0.000000000000000000e+00
4.916379302082636849e-01 3.525598453726010439e-01 4.772462613446118995e-01 2.333082910483561256e-01 4.061722148460450432e-01 2.212595316025559866e-01 4.713582058031561273e-01 3.235733066654557510e-01 0.000000000000000000e+00 1.752338822143671704e-01 4.972798396397417053e-01 3.931093397944300794e-01 4.652284534732846755e-01 3.816746360702772400e-01 0.000000000000000000e+00 3.216832950567211080e-01 0.000000000000000000e+00 4.249009008149917666e-01 5.047022407704406799e-01 2.948162235225357253e-01 0.000000000000000000e+00 0.000000000000000000e+00 4.624100562254452873e-01 2.453529403664183040e-01 3.961145469564081867e-01 2.212313770428438742e-01 0.000000000000000000e+00 2.537287922331555312e-01 4.645133707865168327e-01 3.906732916507697495e-01 4.269494857092550055e-01 2.946874096890907402e-01 5.000902532279242196e-01 3.955650784316699919e-01 0.000000000000000000e+00 4.942896092043835288e-01 0.000000000000000000e+00 4.842983264433655677e-01 0.000000000000000000e+00 0.000000000000000000e+00 0.000000000000000000e+00 4.519581241197525023e-01 0.000000000000000000e+00 5.014577203389830595e-01 0.000000000000000000e+00 4.205053680938435345e-01 0.000000000000000000e+00 4.937786666666666990e-01 0.000000000000000000e+00 4.296043609685207265e-01 0.000000000000000000e+00 4.492727478308787825e-01 0.000000000000000000e+00 0.000000000000000000e+00 0.000000000000000000e+00 4.314860251439150418e-01 0.000000000000000000e+00 4.362448201800701031e-01 4.918238441506410652e-01 4.415708867724950637e-01 0.000000000000000000e+00 4.033134081391152037e-01 0.000000000000000000e+00 3.979955846482529092e-01 0.000000000000000000e+00 4.092365778362231921e-01 4.908532273252776967e-01 4.426254091014481529e-01 5.173271756123879461e-01 4.481827641842352494e-01 5.084930161077554356e-01 3.736761373843685563e-01 4.625577302743125174e-01 3.920255170712443338e-01 0.000000000000000000e+00 3.585575578414359477e-01 4.404023137405586041e-01 4.227715733275839161e-01 0.000000000000000000e+00 4.539059871794873247e-01 0.000000000000000000e+00 4.204369040154574133e-01 0.000000000000000000e+00 0.000000000000000000e+00 0.000000000000000000e+00 4.171164225440522344e-01 0.000000000000000000e+00 0.000000000000000000e+00 0.000000000000000000e+00 4.151147332860334882e-01 4.201559440000000034e-01 4.275791738806230535e-01 0.000000000000000000e+00 0.000000000000000000e+00 4.479007750809061439e-01 0.000000000000000000e+00 0.000000000000000000e+00 5.006909062500000118e-01 4.951929430894309037e-01 4.668211794871794384e-01 0.000000000000000000e+00 4.976216901666666859e-01 4.436766927731940480e-01 4.250804452667770739e-01 0.000000000000000000e+00 4.721699999999999786e-01 0.000000000000000000e+00 0.000000000000000000e+00 0.000000000000000000e+00 0.000000000000000000e+00 0.000000000000000000e+00 0.000000000000000000e+00 0.000000000000000000e+00 0.000000000000000000e+00 0.000000000000000000e+00 0.000000000000000000e+00
3.449053727528089697e-01 0.000000000000000000e+00 1.978122691659294219e-01 4.061722148460450432e-01 2.217594809841308134e-01 3.022156623529411723e-01 2.926665835415336314e-01 4.532854395604394848e-01 2.154452374674841186e-01 0.000000000000000000e+00 3.415796515151514612e-01 0.000000000000000000e+00 3.660466216216216595e-01 0.000000000000000000e+00 2.694974702569268854e-01 0.000000000000000000e+00 0.000000000000000000e+00 0.000000000000000000e+00 3.553383914267820298e-01 0.000000000000000000e+00 3.111171952408702257e-01 0.000000000000000000e+00 3.083592909284862404e-01 4.255424610892283854e-01 1.608471647429056128e-01 3.026054816326530505e-01 1.985551094886860712e-01 0.000000000000000000e+00 3.047962617311508193e-01 0.000000000000000000e+00 3.403425945929083873e-01 3.753909928709905919e-01 0.000000000000000000e+00 0.000000000000000000e+00 0.000000000000000000e+00 0.000000000000000000e+00 0.000000000000000000e+00 0.000000000000000000e+00 0.000000000000000000e+00 0.000000000000000000e+00 0.000000000000000000e+00 0.000000000000000000e+00 0.000000000000000000e+00 0.000000000000000000e+00 0.000000000000000000e+00 0.000000000000000000e+00 0.000000000000000000e+00 0.000000000000000000e+00 0.000000000000000000e+00 0.000000000000000000e+00 0.000000000000000000e+00 0.000000000000000000e+00 0.000000000000000000e+00 0.000000000000000000e+00 0.000000000000000000e+00 0.000000000000000000e+00 3.982170086206895943e-01 0.000000000000000000e+00 0.000000000000000000e+00 0.000000000000000000e+00 3.784091804708400453e-01 0.000000000000000000e+00 3.221442727272726958e-01 0.000000000000000000e+00 0.000000000000000000e+00 0.000000000000000000e+00 0.000000000000000000e+00 0.000000000000000000e+00 0.000000000000000000e+00 0.000000000000000000e+00 3.267181322915694852e-01 4.579727102272728168e-01 3.325088761422558825e-01 0.000000000000000000e+00 3.246242170275072669e-01 0.000000000000000000e+00 3.239490313176487390e-01 0.000000000000000000e+00 0.000000000000000000e+00 0.000000000000000000e+00 4.000029905660376639e-01 0.000000000000000000e+00 0.000000000000000000e+00 0.000000000000000000e+00 4.223529999999998119e-01 0.000000000000000000e+00 0.000000000000000000e+00 0.000000000000000000e+00 0.000000000000000000e+00 0.000000000000000000e+00 0.000000000000000000e+00 0.000000000000000000e+00 0.000000000000000000e+00 0.000000000000000000e+00 0.000000000000000000e+00 0.000000000000000000e+00 0.000000000000000000e+00 0.000000000000000000e+00 0.000000000000000000e+00 0.000000000000000000e+00 0.000000000000000000e+00 0.000000000000000000e+00 0.000000000000000000e+00 0.000000000000000000e+00 0.000000000000000000e+00 0.000000000000000000e+00 0.000000000000000000e+00 0.000000000000000000e+00 0.000000000000000000e+00 0.000000000000000000e+00 0.000000000000000000e+00 0.000000000000000000e+00 0.000000000000000000e+00 0.000000000000000000e+00 0.000000000000000000e+00 0.000000000000000000e+00
0.000000000000000000e+00 3.144245815217390772e-01 3.953309872093024313e-01 2.212595316025559866e-01 3.022156623529411723e-01 1.784414602784924198e-01 0.000000000000000000e+00 3.076051057817182910e-01 0.000000000000000000e+00 2.075179173414188061e-01 0.000000000000000000e+00 0.000000000000000000e+00 0.000000000000000000e+00 3.450725583244884653e-01 0.000000000000000000e+00 2.666229365086467129e-01 0.000000000000000000e+00 0.000000000000000000e+00 0.000000000000000000e+00 0.000000000000000000e+00 3.711207050850339750e-01 3.434099937254901924e-01 4.185111516655919961e-01 2.494259948516605041e-01 3.630970766003401295e-01 1.459344445047223715e-01 3.493895272988505329e-01 2.270634818099802055e-01 0.000000000000000000e+00 2.831736639440434744e-01 3.549240181599152000e-01 2.984921222281494702e-01 0.000000000000000000e+00 2.987938601313149811e-01 0.000000000000000000e+00 0.000000000000000000e+00 0.000000000000000000e+00 0.000000000000000000e+00 0.000000000000000000e+00 0.000000000000000000e+00 0.000000000000000000e+00 0.000000000000000000e+00 0.000000000000000000e+00 0.000000000000000000e+00 0.000000000000000000e+00 0.000000000000000000e+00 0.000000000000000000e+00 0.000000000000000000e+00 0.000000000000000000e+00 0.000000000000000000e+00 0.000000000000000000e+00 4.259990833333333060e-01 0.000000000000000000e+00 0.000000000000000000e+00 0.000000000000000000e+00 0.000000000000000000e+00 0.000000000000000000e+00 3.792488190476190346e-01 0.000000000000000000e+00 0.000000000000000000e+00 0.000000000000000000e+00 0.000000000000000000e+00 0.000000000000000000e+00 0.000000000000000000e+00 0.000000000000000000e+00 0.000000000000000000e+00 0.000000000000000000e+00 4.162585041322314772e-01 0.000000000000000000e+00 0.000000000000000000e+00 4.521149670485523075e-01 3.466269954127813024e-01 0.000000000000000000e+00 3.467055070931810978e-01 0.000000000000000000e+00 2.921633323829787021e-01 0.000000000000000000e+00 3.365595053669739323e-01 0.000000000000000000e+00 0.000000000000000000e+00 0.000000000000000000e+00 0.000000000000000000e+00 0.000000000000000000e+00 0.000000000000000000e+00 0.000000000000000000e+00 3.974009800552333882e-01 0.000000000000000000e+00 0.000000000000000000e+00 0.000000000000000000e+00 0.000000000000000000e+00 0.000000000000000000e+00 0.000000000000000000e+00 0.000000000000000000e+00 0.000000000000000000e+00 3.476108749999999858e-01 0.000000000000000000e+00 0.000000000000000000e+00 0.000000000000000000e+00 0.000000000000000000e+00 0.000000000000000000e+00 0.000000000000000000e+00 0.000000000000000000e+00 0.000000000000000000e+00 0.000000000000000000e+00 0.000000000000000000e+00 0.000000000000000000e+00 0.000000000000000000e+00 0.000000000000000000e+00 0.000000000000000000e+00 0.000000000000000000e+00 0.000000000000000000e+00 0.000000000000000000e+00 0.000000000000000000e+00 0.000000000000000000e+00 0.000000000000000000e+00 0.000000000000000000e+00
2.946821532473808958e-01 4.448220967658309544e-01 3.011998229912919434e-01 4.713582058031561273e-01 2.926665835415336314e-01 0.000000000000000000e+00 2.679453969276233138e-01 4.541244006740809969e-01 2.917430103062520486e-01 4.666389999999999150e-01 3.528673163149504965e-01 4.644962459606999938e-01 2.899691828500582380e-01 4.596774637224409488e-01 3.231128959169809467e-01 4.464391071428571722e-01 3.669321937555087842e-01 4.253825263157894887e-01 3.934041611860651377e-01 4.798468512264345009e-01 0.000000000000000000e+00 0.000000000000000000e+00 3.660042981812974827e-01 4.614414142018540832e-01 3.078586256661598464e-01 0.000000000000000000e+00 0.000000000000000000e+00 0.000000000000000000e+00 3.267766392673849829e-01 4.481455750421209916e-01 4.052246812906305506e-01 4.665098516760442515e-01 4.216389933669461021e-01 4.674794284168077296e-01 4.392552361111110582e-01 0.000000000000000000e+00 4.093339084229352665e-01 4.634327941176469845e-01 0.000000000000000000e+00 0.000000000000000000e+00 0.000000000000000000e+00 0.000000000000000000e+00 0.000000000000000000e+00 0.000000000000000000e+00 0.000000000000000000e+00 0.000000000000000000e+00 0.000000000000000000e+00 0.000000000000000000e+00 3.976573411589756080e-01 0.000000000000000000e+00 4.048365421745135362e-01 0.000000000000000000e+00 3.800300986595931407e-01 0.000000000000000000e+00 4.010839271308668241e-01 0.000000000000000000e+00 3.856247680759604113e-01 0.000000000000000000e+00 3.972115842187131651e-01 0.000000000000000000e+00 3.889708826000731756e-01 0.000000000000000000e+00 3.758955087338642920e-01 0.000000000000000000e+00 3.948969122862845960e-01 0.000000000000000000e+00 4.350132861313714683e-01 0.000000000000000000e+00 3.967948541230923443e-01 0.000000000000000000e+00 3.264999485196209417e-01 4.805811363127291957e-01 3.563222715395458207e-01 4.598413941326187637e-01 3.412740057192757970e-01 0.000000000000000000e+00 3.957247090082631757e-01 4.640311672497842155e-01 4.095998374999999525e-01 4.616152790697674591e-01 3.793862842660834511e-01 0.000000000000000000e+00 0.000000000000000000e+00 0.000000000000000000e+00 3.979675801606298302e-01 0.000000000000000000e+00 3.509371338582677469e-01 0.000000000000000000e+00 3.926095101219931327e-01 0.000000000000000000e+00 0.000000000000000000e+00 4.185055449275362216e-01 4.169284413793103439e-01 0.000000000000000000e+00 4.379980921323410881e-01 0.000000000000000000e+00 0.000000000000000000e+00 0.000000000000000000e+00 4.302834166666666404e-01 3.930528461538461693e-01 0.000000000000000000e+00 4.637986376811593647e-01 0.000000000000000000e+00 3.937685761535725248e-01 0.000000000000000000e+00 0.000000000000000000e+00 0.000000000000000000e+00 0.000000000000000000e+00 0.000000000000000000e+00 0.000000000000000000e+00 0.000000000000000000e+00 0.000000000000000000e+00 0.000000000000000000e+00 0.000000000000000000e+00 0.000000000000000000e+00 0.000000000000000000e+00
4.498198423679546920e-01 2.965384836915000433e-01 4.634373179178070123e-01 3.235733066654557510e-01 4.532854395604394848e-01 3.076051057817182910e-01 4.541244006740809969e-01 2.635387340650111598e-01 0.000000000000000000e+00 1.884287721219848888e-01 4.561453219822813043e-01 3.202086348702424812e-01 4.551273076106890358e-01 3.004396368046037824e-01 4.280351165048543738e-01 2.980344833744407174e-01 0.000000000000000000e+00 3.774587693816781608e-01 4.713842902240795718e-01 4.052602753621076248e-01 0.000000000000000000e+00 0.000000000000000000e+00 4.680499406309745480e-01 3.805959044177165684e-01 0.000000000000000000e+00 2.900960938792390142e-01 0.000000000000000000e+00 0.000000000000000000e+00 4.609764864864865919e-01 3.542662705003484791e-01 4.197253662829917853e-01 3.709386638453118223e-01 4.642607375600206754e-01 4.078595368237065699e-01 3.995184337720913414e-01 0.000000000000000000e+00 0.000000000000000000e+00 4.368461488131220594e-01 0.000000000000000000e+00 0.000000000000000000e+00 0.000000000000000000e+00 4.033586875000000349e-01 0.000000000000000000e+00 4.396721549295775078e-01 0.000000000000000000e+00 3.914836926191374022e-01 0.000000000000000000e+00 4.254563245614034761e-01 0.000000000000000000e+00 3.815213833187486858e-01 0.000000000000000000e+00 3.930590628000604214e-01 0.000000000000000000e+00 3.889587166419055664e-01 0.000000000000000000e+00 3.772510861409146821e-01 0.000000000000000000e+00 3.793461432456515237e-01 4.490096713286713115e-01 4.003007141953216497e-01 0.000000000000000000e+00 3.682230660762257912e-01 0.000000000000000000e+00 3.761009611143643627e-01 0.000000000000000000e+00 3.761496716451780964e-01 4.874100115384615295e-01 4.183441345696712332e-01 0.000000000000000000e+00 0.000000000000000000e+00 4.863833196376262658e-01 3.152476707536765455e-01 4.638105752665835357e-01 3.683308266670753950e-01 0.000000000000000000e+00 0.000000000000000000e+00 4.438118539580494515e-01 3.812075858971875619e-01 0.000000000000000000e+00 0.000000000000000000e+00 0.000000000000000000e+00 4.124719268031490915e-01 0.000000000000000000e+00 0.000000000000000000e+00 0.000000000000000000e+00 3.957525012344683124e-01 0.000000000000000000e+00 0.000000000000000000e+00 4.548329679487179145e-01 4.130364531497091596e-01 0.000000000000000000e+00 4.134447017567269289e-01 0.000000000000000000e+00 0.000000000000000000e+00 0.000000000000000000e+00 0.000000000000000000e+00 0.000000000000000000e+00 0.000000000000000000e+00 4.352504915254236662e-01 0.000000000000000000e+00 4.213132032520324199e-01 0.000000000000000000e+00 0.000000000000000000e+00 4.064749379844961319e-01 0.000000000000000000e+00 0.000000000000000000e+00 0.000000000000000000e+00 4.568308235294117892e-01 0.000000000000000000e+00 0.000000000000000000e+00 0.000000000000000000e+00 0.000000000000000000e+00 0.000000000000000000e+00 0.000000000000000000e+00 0.000000000000000000e+00 0.000000000000000000e+00
3.691952064729387972e-01 0.000000000000000000e+00 2.579968721860085301e-01 0.000000000000000000e+00 2.154452374674841186e-01 0.000000000000000000e+00 2.917430103062520486e-01 0.000000000000000000e+00 2.287001120261539233e-01 0.000000000000000000e+00 3.677311399116209856e-01 0.000000000000000000e+00 2.998388861732765864e-01 0.000000000000000000e+00 2.734012958355158118e-01 0.000000000000000000e+00 0.000000000000000000e+00 0.000000000000000000e+00 3.925538082369913195e-01 0.000000000000000000e+00 0.000000000000000000e+00 0.000000000000000000e+00 3.996463730158730243e-01 4.500397011494252641e-01 1.648984666666666599e-01 0.000000000000000000e+00 0.000000000000000000e+00 0.000000000000000000e+00 3.775226565642261223e-01 0.000000000000000000e+00 3.353809289473683730e-01 4.240090740984405748e-01 0.000000000000000000e+00 0.000000000000000000e+00 0.000000000000000000e+00 0.000000000000000000e+00 0.000000000000000000e+00 0.000000000000000000e+00 0.000000000000000000e+00 0.000000000000000000e+00 0.000000000000000000e+00 0.000000000000000000e+00 0.000000000000000000e+00 0.000000000000000000e+00 0.000000000000000000e+00 0.000000000000000000e+00 0.000000000000000000e+00 0.000000000000000000e+00 0.000000000000000000e+00 0.000000000000000000e+00 0.000000000000000000e+00 0.000000000000000000e+00 3.508445069444444120e-01 0.000000000000000000e+00 0.000000000000000000e+00 0.000000000000000000e+00 3.783022988505747586e-01 0.000000000000000000e+00 0.000000000000000000e+00 0.000000000000000000e+00 3.771907058823529835e-01 0.000000000000000000e+00 4.037016082474227385e-01 0.000000000000000000e+00 4.056031259842519665e-01 0.000000000000000000e+00 4.072867119999999952e-01 0.000000000000000000e+00 3.625223241176470657e-01 0.000000000000000000e+00 3.044481025403764640e-01 0.000000000000000000e+00 3.290176119008039746e-01 0.000000000000000000e+00 2.865163840909091264e-01 0.000000000000000000e+00 3.578288684671173114e-01 0.000000000000000000e+00 0.000000000000000000e+00 0.000000000000000000e+00 3.890100584128667327e-01 0.000000000000000000e+00 0.000000000000000000e+00 0.000000000000000000e+00 3.831459398508674785e-01 0.000000000000000000e+00 0.000000000000000000e+00 0.000000000000000000e+00 3.888965921722347674e-01 0.000000000000000000e+00 0.000000000000000000e+00 0.000000000000000000e+00 0.000000000000000000e+00 0.000000000000000000e+00 0.000000000000000000e+00 0.000000000000000000e+00 0.000000000000000000e+00 0.000000000000000000e+00 0.000000000000000000e+00 0.000000000000000000e+00 0.000000000000000000e+00 0.000000000000000000e+00 0.000000000000000000e+00 0.000000000000000000e+00 0.000000000000000000e+00 0.000000000000000000e+00 0.000000000000000000e+00 0.000000000000000000e+00 0.000000000000000000e+00 0.000000000000000000e+00 0.000000000000000000e+00 0.000000000000000000e+00 0.000000000000000000e+00 0.000000000000000000e+00 0.000000000000000000e+00 0.000000000000000000e+00
0.000000000000000000e+00 3.300935504587155789e-01 4.169455677849903674e-01 1.752338822143671704e-01 0.000000000000000000e+00 2.075179173414188061e-01 4.666389999999999150e-01 1.884287721219848888e-01 0.000000000000000000e+00 2.056013138507603311e-01 0.000000000000000000e+00 3.598017446808510211e-01 0.000000000000000000e+00 3.348638009444461217e-01 0.000000000000000000e+00 2.771313735336983775e-01 0.000000000000000000e+00 4.479512598425196557e-01 0.000000000000000000e+00 4.319872099999998993e-01 0.000000000000000000e+00 0.000000000000000000e+00 4.439779074822740590e-01 2.270157597514005643e-01 3.983542287902592793e-01 1.890476585083610550e-01 3.921878717948718007e-01 1.976901201330178159e-01 0.000000000000000000e+00 3.044822827196353443e-01 4.262741950237134980e-01 3.366150706180619512e-01 0.000000000000000000e+00 0.000000000000000000e+00 0.000000000000000000e+00 0.000000000000000000e+00 0.000000000000000000e+00 0.000000000000000000e+00 0.000000000000000000e+00 0.000000000000000000e+00 0.000000000000000000e+00 0.000000000000000000e+00 0.000000000000000000e+00 0.000000000000000000e+00 0.000000000000000000e+00 0.000000000000000000e+00 0.000000000000000000e+00 4.713834921875000306e-01 0.000000000000000000e+00 0.000000000000000000e+00 0.000000000000000000e+00 0.000000000000000000e+00 0.000000000000000000e+00 4.272039727272727294e-01 0.000000000000000000e+00 0.000000000000000000e+00 0.000000000000000000e+00 3.965933891472868122e-01 0.000000000000000000e+00 0.000000000000000000e+00 0.000000000000000000e+00 0.000000000000000000e+00 0.000000000000000000e+00 0.000000000000000000e+00 0.000000000000000000e+00 3.781640800000000135e-01 0.000000000000000000e+00 0.000000000000000000e+00 0.000000000000000000e+00 0.000000000000000000e+00 4.724864439194083054e-01 3.297620439161350614e-01 0.000000000000000000e+00 3.501104229089389008e-01 0.000000000000000000e+00 3.161848827634513026e-01 0.000000000000000000e+00 3.561179678943629523e-01 0.000000000000000000e+00 0.000000000000000000e+00 0.000000000000000000e+00 0.000000000000000000e+00 0.000000000000000000e+00 0.000000000000000000e+00 0.000000000000000000e+00 3.844312417582417818e-01 0.000000000000000000e+00 0.000000000000000000e+00 0.000000000000000000e+00 3.881978513513513196e-01 0.000000000000000000e+00 0.000000000000000000e+00 0.000000000000000000e+00 0.000000000000000000e+00 0.000000000000000000e+00 0.000000000000000000e+00 0.000000000000000000e+00 0.000000000000000000e+00 0.000000000000000000e+00 0.000000000000000000e+00 0.000000000000000000e+00 0.000000000000000000e+00 0.000000000000000000e+00 3.684256060606060368e-01 0.000000000000000000e+00 3.878450970873787984e-01 0.000000000000000000e+00 0.000000000000000000e+00 0.000000000000000000e+00 0.000000000000000000e+00 0.000000000000000000e+00 0.000000000000000000e+00 0.000000000000000000e+00 0.000000000000000000e+00 0.000000000000000000e+00 0.000000000000000000e+00
3.033167339684194608e-01 0.000000000000000000e+00 3.988455685344840518e-01 4.972798396397417053e-01 3.415796515151514612e-01 0.000000000000000000e+00 3.528673163149504965e-01 4.561453219822813043e-01 3.677311399116209856e-01 0.000000000000000000e+00 2.889632695534088969e-01 0.000000000000000000e+00 3.162300129486877998e-01 4.697307093308262793e-01 3.719087628270428270e-01 0.000000000000000000e+00 3.347737353789833614e-01 0.000000000000000000e+00 4.228083512674250533e-01 4.880107733866423936e-01 0.000000000000000000e+00 0.000000000000000000e+00 4.123377302005088452e-01 5.026219410676532329e-01 0.000000000000000000e+00 0.000000000000000000e+00 0.000000000000000000e+00 0.000000000000000000e+00 3.516353558774371613e-01 0.000000000000000000e+00 4.109354070044113350e-01 4.910869692307692769e-01 4.317043312209473682e-01 4.821078803962544623e-01 0.000000000000000000e+00 0.000000000000000000e+00 0.000000000000000000e+00 0.000000000000000000e+00 0.000000000000000000e+00 0.000000000000000000e+00 0.000000000000000000e+00 0.000000000000000000e+00 0.000000000000000000e+00 0.000000000000000000e+00 0.000000000000000000e+00 0.000000000000000000e+00 0.000000000000000000e+00 0.000000000000000000e+00 0.000000000000000000e+00 0.000000000000000000e+00 4.345858535219570551e-01 0.000000000000000000e+00 0.000000000000000000e+00 0.000000000000000000e+00 0.000000000000000000e+00 0.000000000000000000e+00 3.975644245017543876e-01 0.000000000000000000e+00 4.210616772198659818e-01 0.000000000000000000e+00 4.082497629678553119e-01 0.000000000000000000e+00 4.013917807940172722e-01 0.000000000000000000e+00 4.066170328126013644e-01 0.000000000000000000e+00 4.353149508030332848e-01 0.000000000000000000e+00 4.287790283426690663e-01 0.000000000000000000e+00 3.530726178343098209e-01 0.000000000000000000e+00 3.768629906787478445e-01 4.973982526315789410e-01 0.000000000000000000e+00 0.000000000000000000e+00 4.009205960409420455e-01 0.000000000000000000e+00 3.941877067206341345e-01 0.000000000000000000e+00 4.045757107831437493e-01 0.000000000000000000e+00 0.000000000000000000e+00 0.000000000000000000e+00 4.158571123640222300e-01 0.000000000000000000e+00 0.000000000000000000e+00 0.000000000000000000e+00 4.097215732124819265e-01 0.000000000000000000e+00 0.000000000000000000e+00 0.000000000000000000e+00 0.000000000000000000e+00 0.000000000000000000e+00 0.000000000000000000e+00 0.000000000000000000e+00 0.000000000000000000e+00 0.000000000000000000e+00 0.000000000000000000e+00 0.000000000000000000e+00 0.000000000000000000e+00 0.000000000000000000e+00 0.000000000000000000e+00 0.000000000000000000e+00 0.000000000000000000e+00 0.000000000000000000e+00 0.000000000000000000e+00 0.000000000000000000e+00 0.000000000000000000e+00 0.000000000000000000e+00 0.000000000000000000e+00 0.000000000000000000e+00 0.000000000000000000e+00 0.000000000000000000e+00 0.000000000000000000e+00 0.000000000000000000e+00
4.576672483278761416e-01 3.470203625382778934e-01 4.783470985439720047e-01 3.931093397944300794e-01 0.000000000000000000e+00 0.000000000000000000e+00 4.644962459606999938e-01 3.202086348702424812e-01 0.000000000000000000e+00 3.598017446808510211e-01 0.000000000000000000e+00 2.929722401423317524e-01 0.000000000000000000e+00 2.699669263139002351e-01 0.000000000000000000e+00 3.572075924716425765e-01 0.000000000000000000e+00 3.753304517463194045e-01 4.863227102731807472e-01 4.050136455964047366e-01 0.000000000000000000e+00 0.000000000000000000e+00 4.629392292022305733e-01 3.993180342727721266e-01 0.000000000000000000e+00 0.000000000000000000e+00 0.000000000000000000e+00 0.000000000000000000e+00 0.000000000000000000e+00 3.680021294265561349e-01 4.114101264587559648e-01 0.000000000000000000e+00 4.748328181229228839e-01 3.857799953975902807e-01 0.000000000000000000e+00 0.000000000000000000e+00 0.000000000000000000e+00 4.591922812218524053e-01 0.000000000000000000e+00 0.000000000000000000e+00 0.000000000000000000e+00 0.000000000000000000e+00 0.000000000000000000e+00 0.000000000000000000e+00 0.000000000000000000e+00 0.000000000000000000e+00 0.000000000000000000e+00 0.000000000000000000e+00 0.000000000000000000e+00 3.814895675675676334e-01 0.000000000000000000e+00 3.997434461334120614e-01 0.000000000000000000e+00 3.778972386363637082e-01 0.000000000000000000e+00 0.000000000000000000e+00 4.555379614920634368e-01 3.935485098536233850e-01 0.000000000000000000e+00 4.087124249001332643e-01 0.000000000000000000e+00 3.826494101728105668e-01 0.000000000000000000e+00 4.133942188222857750e-01 4.213537394366197453e-01 3.867315464365053690e-01 0.000000000000000000e+00 4.514850114942528525e-01 0.000000000000000000e+00 4.046645156862745396e-01 0.000000000000000000e+00 3.092415324732225579e-01 0.000000000000000000e+00 3.620827935110693119e-01 0.000000000000000000e+00 0.000000000000000000e+00 4.646219275362318268e-01 3.870822701549068712e-01 0.000000000000000000e+00 3.891234929276755627e-01 0.000000000000000000e+00 4.242241537934070550e-01 0.000000000000000000e+00 0.000000000000000000e+00 0.000000000000000000e+00 4.239587971755610640e-01 0.000000000000000000e+00 0.000000000000000000e+00 0.000000000000000000e+00 4.379774710194063725e-01 0.000000000000000000e+00 0.000000000000000000e+00 0.000000000000000000e+00 0.000000000000000000e+00 0.000000000000000000e+00 0.000000000000000000e+00 0.000000000000000000e+00 0.000000000000000000e+00 0.000000000000000000e+00 0.000000000000000000e+00 0.000000000000000000e+00 0.000000000000000000e+00 0.000000000000000000e+00 0.000000000000000000e+00 0.000000000000000000e+00 0.000000000000000000e+00 0.000000000000000000e+00 0.000000000000000000e+00 0.000000000000000000e+00 0.000000000000000000e+00 0.000000000000000000e+00 0.000000000000000000e+00 0.000000000000000000e+00 0.000000000000000000e+00 0.000000000000000000e+00 0.000000000000000000e+00
3.724567561738943433e-01 0.000000000000000000e+00 3.578284203769682148e-01 4.652284534732846755e-01 3.660466216216216595e-01 0.000000000000000000e+00 2.899691828500582380e-01 4.551273076106890358e-01 2.998388861732765864e-01 0.000000000000000000e+00 3.162300129486877998e-01 0.000000000000000000e+00 2.541867497452978686e-01 4.491464898618151014e-01 2.643361504031905840e-01 0.000000000000000000e+00 3.870444500312928970e-01 0.000000000000000000e+00 3.986005351078600323e-01 4.634232429906541828e-01 0.000000000000000000e+00 0.000000000000000000e+00 3.846376402582799003e-01 4.610911662054583138e-01 3.572275645161290814e-01 0.000000000000000000e+00 0.000000000000000000e+00 0.000000000000000000e+00 3.360938759818960508e-01 0.000000000000000000e+00 3.734684999999999810e-01 4.634093423968617675e-01 4.099399309478757858e-01 4.550245380444041254e-01 0.000000000000000000e+00 0.000000000000000000e+00 4.025522249999999858e-01 0.000000000000000000e+00 0.000000000000000000e+00 0.000000000000000000e+00 0.000000000000000000e+00 0.000000000000000000e+00 0.000000000000000000e+00 0.000000000000000000e+00 4.688197546012269901e-01 0.000000000000000000e+00 4.546709609375000349e-01 0.000000000000000000e+00 3.976879861111111136e-01 0.000000000000000000e+00 4.144093800249625814e-01 0.000000000000000000e+00 3.749264957264957787e-01 0.000000000000000000e+00 3.857828878153205521e-01 0.000000000000000000e+00 3.988711090747503740e-01 0.000000000000000000e+00 4.165796506077503181e-01 0.000000000000000000e+00 4.010566228962184065e-01 0.000000000000000000e+00 3.961620172310389987e-01 0.000000000000000000e+00 3.940235022360635830e-01 0.000000000000000000e+00 4.402970517941023343e-01 0.000000000000000000e+00 3.779836478873239702e-01 0.000000000000000000e+00 3.175028528490129731e-01 0.000000000000000000e+00 3.794704782536859056e-01 4.846705154682715566e-01 3.721423024631058674e-01 0.000000000000000000e+00 3.961463097080555329e-01 0.000000000000000000e+00 0.000000000000000000e+00 0.000000000000000000e+00 3.891546643820349427e-01 0.000000000000000000e+00 0.000000000000000000e+00 0.000000000000000000e+00 4.108962159005021264e-01 0.000000000000000000e+00 0.000000000000000000e+00 0.000000000000000000e+00 4.089362267580801680e-01 0.000000000000000000e+00 3.937940420168067335e-01 4.543353164418866275e-01 0.000000000000000000e+00 0.000000000000000000e+00 4.235350652173911490e-01 0.000000000000000000e+00 0.000000000000000000e+00 0.000000000000000000e+00 0.000000000000000000e+00 0.000000000000000000e+00 0.000000000000000000e+00 0.000000000000000000e+00 0.000000000000000000e+00 3.935946717557251562e-01 0.000000000000000000e+00 0.000000000000000000e+00 0.000000000000000000e+00 0.000000000000000000e+00 0.000000000000000000e+00 0.000000000000000000e+00 0.000000000000000000e+00 0.000000000000000000e+00 0.000000000000000000e+00 0.000000000000000000e+00 0.000000000000000000e+00 0.000000000000000000e+00
