2.506466341690245514e-01 4.880146161401199834e-01 3.197665872595990555e-01 5.132451920514927712e-01 3.891305987376467712e-01 0.000000000000000000e+00 3.231234621342340407e-01 4.702983901765243058e-01 3.798542290095701102e-01 0.000000000000000000e+00 2.430952532483010020e-01 4.463939387464387898e-01 3.788602915278264649e-01 0.000000000000000000e+00 3.832816863992640766e-01 0.000000000000000000e+00 2.853202894959185887e-01 4.745891624251711849e-01 3.772848113791130720e-01 5.070892688007507809e-01 0.000000000000000000e+00 0.000000000000000000e+00 4.417139345938667083e-01 0.000000000000000000e+00 0.000000000000000000e+00 0.000000000000000000e+00 0.000000000000000000e+00 0.000000000000000000e+00 3.833431802431088165e-01 4.624547541871617540e-01 3.918085251270468361e-01 0.000000000000000000e+00 4.254422126623886857e-01 4.976006902509764740e-01 0.000000000000000000e+00 0.000000000000000000e+00 4.887132395711647481e-01 5.144234182563056645e-01 0.000000000000000000e+00 0.000000000000000000e+00 4.204247978706269762e-01 0.000000000000000000e+00 0.000000000000000000e+00 0.000000000000000000e+00 4.306783481493542398e-01 4.816883244570424605e-01 4.476947573529411195e-01 0.000000000000000000e+00 4.336486514091109634e-01 5.103391935483870823e-01 4.184573189500698231e-01 4.870394648921426706e-01 0.000000000000000000e+00 0.000000000000000000e+00 4.247418447906074479e-01 0.000000000000000000e+00 2.652790048874253959e-01 4.777251405292433084e-01 4.054249727520690683e-01 4.938955053763440239e-01 3.823156128615954885e-01 4.794080219475654880e-01 3.218392507269938196e-01 4.555047470509786534e-01 4.159291879005213577e-01 0.000000000000000000e+00 4.199682669369860233e-01 5.006526904978321202e-01 3.066937059976445057e-01 5.127242339446219654e-01 3.644482301759081055e-01 4.876631910981097939e-01 3.878904976239624380e-01 4.670735659557636588e-01 3.271776163101604573e-01 0.000000000000000000e+00 3.969311538736001732e-01 4.601512364680303557e-01 0.000000000000000000e+00 0.000000000000000000e+00 3.692275449876743498e-01 0.000000000000000000e+00 0.000000000000000000e+00 0.000000000000000000e+00 4.175235832392071300e-01 0.000000000000000000e+00 4.360749166666667009e-01 0.000000000000000000e+00 4.239711271621384170e-01 0.000000000000000000e+00 4.005094864499573193e-01 4.560968276987595882e-01 3.994455416666666259e-01 0.000000000000000000e+00 4.280743043968068817e-01 0.000000000000000000e+00 0.000000000000000000e+00 4.722053434343435052e-01 3.798739908256880682e-01 0.000000000000000000e+00 3.737906759259259082e-01 3.837526324786325049e-01 4.229097678869058186e-01 4.243081160714285427e-01 4.322589052859452385e-01 0.000000000000000000e+00 4.269617705173635591e-01 0.000000000000000000e+00 0.000000000000000000e+00 0.000000000000000000e+00 4.266697368421051850e-01 0.000000000000000000e+00 0.000000000000000000e+00 0.000000000000000000e+00 0.000000000000000000e+00 0.000000000000000000e+00
4.880146161401199834e-01 2.752720826873524818e-01 4.827522991262484520e-01 3.852711879671894546e-01 0.000000000000000000e+00 4.545866718750000146e-01 4.733981366439058425e-01 2.875970571860217428e-01 0.000000000000000000e+00 3.904824243506493375e-01 4.606985957874953352e-01 3.478034209026997781e-01 0.000000000000000000e+00 3.663293979959294511e-01 0.000000000000000000e+00 3.931127781028093682e-01 4.743833642111628945e-01 3.615695745335462674e-01 4.994556638769061530e-01 3.753173925311018011e-01 0.000000000000000000e+00 0.000000000000000000e+00 4.530793178137687005e-01 4.487501217391304809e-01 0.000000000000000000e+00 0.000000000000000000e+00 0.000000000000000000e+00 3.787618021978023108e-01 4.461599906197183385e-01 3.955792281279961742e-01 4.577765104933548823e-01 4.292488840156118979e-01 4.922135695283638701e-01 4.283549091068935000e-01 4.897310313765182443e-01 4.203364911491578870e-01 5.280845140523131587e-01 5.049915468871740698e-01 0.000000000000000000e+00 5.107952880789939920e-01 0.000000000000000000e+00 0.000000000000000000e+00 0.000000000000000000e+00 4.323649492173567421e-01 0.000000000000000000e+00 4.258987927105063465e-01 0.000000000000000000e+00 4.435497966101695777e-01 4.763474471544714706e-01 4.323588760183290636e-01 0.000000000000000000e+00 4.048429387335751861e-01 0.000000000000000000e+00 3.943641203535704354e-01 0.000000000000000000e+00 4.084276005993437431e-01 4.842508021847292121e-01 3.417473927531348155e-01 4.684226030407145913e-01 4.267269829069319509e-01 4.675810214815949162e-01 3.946345590204512477e-01 4.635699794470393154e-01 3.745677821701463572e-01 4.394877181818182543e-01 4.037421260706587356e-01 4.975943029937767714e-01 4.207248157001006739e-01 5.237063660734775361e-01 3.257521516955744767e-01 4.914643876987060400e-01 3.697801758124285576e-01 4.557025210678351534e-01 3.930812221945050866e-01 0.000000000000000000e+00 3.877597482679275287e-01 4.558980159388287823e-01 4.025390834582734390e-01 0.000000000000000000e+00 0.000000000000000000e+00 0.000000000000000000e+00 4.205488715087195573e-01 0.000000000000000000e+00 4.739845575221238727e-01 4.525233101070244013e-01 4.318298158457405944e-01 0.000000000000000000e+00 0.000000000000000000e+00 0.000000000000000000e+00 4.415507871489725011e-01 0.000000000000000000e+00 4.556883502301864453e-01 0.000000000000000000e+00 0.000000000000000000e+00 4.569983941476751244e-01 4.256188265224302714e-01 0.000000000000000000e+00 0.000000000000000000e+00 0.000000000000000000e+00 3.798329705627706554e-01 0.000000000000000000e+00 0.000000000000000000e+00 0.000000000000000000e+00 4.280922122143710484e-01 0.000000000000000000e+00 4.568960501020408183e-01 0.000000000000000000e+00 0.000000000000000000e+00 0.000000000000000000e+00 0.000000000000000000e+00 0.000000000000000000e+00 0.000000000000000000e+00 0.000000000000000000e+00 4.095631642374689685e-01 0.000000000000000000e+00 0.000000000000000000e+00
3.197665872595990555e-01 4.827522991262484520e-01 2.487658964924674421e-01 4.491614586562928668e-01 1.781762082672635195e-01 0.000000000000000000e+00 2.926123923947592798e-01 4.420407199891950301e-01 2.610504002023229519e-01 4.189016383440860025e-01 3.797002170004808996e-01 4.664422986859951825e-01 3.447621787824894368e-01 4.328281610050773720e-01 3.450223780935687823e-01 4.198484282480448027e-01 3.867900965133079239e-01 4.726372821521629963e-01 3.345402060733208005e-01 5.028350943166592923e-01 3.592371313526570020e-01 0.000000000000000000e+00 2.488492184745813574e-01 4.441950148079367722e-01 1.617123993129778725e-01 4.277936810063439066e-01 3.197778786648431959e-01 0.000000000000000000e+00 3.692592829779934860e-01 4.584631479818404576e-01 3.841710003936423812e-01 4.286108569428580539e-01 4.152651511254352168e-01 4.858486889436668954e-01 4.474005026322805390e-01 0.000000000000000000e+00 4.591464514660625884e-01 5.423681543652091319e-01 4.326204964455705460e-01 0.000000000000000000e+00 3.556256375000000358e-01 0.000000000000000000e+00 0.000000000000000000e+00 4.848097597402598047e-01 4.164269381943597192e-01 4.710041476562499829e-01 4.057251499999999789e-01 0.000000000000000000e+00 4.325847126073185112e-01 4.548907828947368892e-01 4.080437186216427370e-01 4.513921155014236075e-01 4.126607816091955039e-01 0.000000000000000000e+00 4.158911521501066355e-01 0.000000000000000000e+00 3.997263284042601450e-01 4.942258743633503038e-01 4.208203055918361413e-01 5.013157484301413724e-01 4.042302089519343999e-01 4.672734301675977586e-01 3.738836788447567061e-01 4.591608918918919091e-01 4.053252331733124825e-01 5.093402673267325431e-01 4.310583543567836351e-01 4.842916979790718446e-01 2.628401436708699412e-01 0.000000000000000000e+00 3.556477534989376799e-01 4.780935084376073396e-01 3.691702488312991748e-01 4.517776562402103235e-01 3.574308516027870364e-01 0.000000000000000000e+00 3.964786844548254252e-01 4.511796104351958880e-01 0.000000000000000000e+00 0.000000000000000000e+00 3.868928937194481832e-01 0.000000000000000000e+00 0.000000000000000000e+00 0.000000000000000000e+00 3.941988610089098288e-01 4.976893363636363254e-01 3.766150197368420827e-01 0.000000000000000000e+00 4.103949913870948984e-01 0.000000000000000000e+00 3.971154574740459187e-01 4.130193059275792944e-01 3.921447384615384668e-01 4.153723760683761257e-01 3.927753804064827436e-01 4.064243614457830889e-01 0.000000000000000000e+00 0.000000000000000000e+00 0.000000000000000000e+00 0.000000000000000000e+00 0.000000000000000000e+00 0.000000000000000000e+00 4.045868449258986921e-01 4.307142904698319508e-01 4.324129662921347705e-01 4.177257322834646014e-01 0.000000000000000000e+00 0.000000000000000000e+00 0.000000000000000000e+00 0.000000000000000000e+00 0.000000000000000000e+00 0.000000000000000000e+00 0.000000000000000000e+00 0.000000000000000000e+00 0.000000000000000000e+00 0.000000000000000000e+00
5.132451920514927712e-01 3.852711879671894546e-01 4.491614586562928668e-01 2.741929186990528788e-01 4.127524868378838474e-01 2.393890838636489604e-01 4.473100299338358954e-01 2.921436298979041557e-01 3.854391619718310347e-01 3.391473906599132282e-01 4.662646882543567961e-01 3.806477970171395775e-01 4.343866511472393444e-01 3.538469956365007385e-01 3.972044912545692474e-01 3.445885650285951951e-01 4.613084808853119001e-01 4.142877902647011390e-01 5.124440741937673627e-01 3.210952359839355230e-01 0.000000000000000000e+00 3.640991578947367913e-01 4.448979036502104800e-01 2.503721690979914261e-01 3.254273736111110704e-01 2.322688689655172112e-01 0.000000000000000000e+00 3.718376829268292827e-01 4.704099792346874698e-01 3.699763396758651290e-01 4.426756571852870636e-01 3.198461665418436684e-01 5.028473923319840555e-01 4.031826905797144533e-01 4.746454588235294314e-01 4.549852386363636980e-01 4.983780689655172846e-01 4.720169926126567828e-01 0.000000000000000000e+00 5.144764855237129453e-01 0.000000000000000000e+00 0.000000000000000000e+00 0.000000000000000000e+00 0.000000000000000000e+00 0.000000000000000000e+00 4.371520678399438142e-01 0.000000000000000000e+00 0.000000000000000000e+00 5.729612647058823782e-01 4.298257330790948294e-01 0.000000000000000000e+00 4.102846922817233177e-01 0.000000000000000000e+00 4.330704345638298758e-01 0.000000000000000000e+00 4.017940389433551363e-01 4.547650818663839800e-01 4.186445866198911236e-01 4.670504621212120955e-01 4.529395946994642652e-01 5.217427933185840860e-01 3.933143074239631165e-01 4.796851279069767604e-01 3.950588486760037155e-01 0.000000000000000000e+00 4.137365333170837656e-01 0.000000000000000000e+00 4.387532495468314253e-01 4.942791349059201256e-01 4.025124410967544919e-01 4.647507099829522592e-01 3.834010711912981817e-01 4.504068876839389390e-01 3.789197174508316390e-01 4.332469337436476997e-01 3.705126337312140694e-01 4.542737525601199811e-01 4.055824437334699661e-01 0.000000000000000000e+00 0.000000000000000000e+00 4.663651491228070212e-01 3.934799692315550934e-01 0.000000000000000000e+00 0.000000000000000000e+00 4.913463035714285554e-01 3.855658978607801601e-01 0.000000000000000000e+00 0.000000000000000000e+00 0.000000000000000000e+00 3.852600866666666679e-01 3.902071610169491334e-01 4.106257522848871799e-01 0.000000000000000000e+00 3.930010269732843731e-01 4.464685714285713258e-01 4.074763982349309810e-01 0.000000000000000000e+00 0.000000000000000000e+00 0.000000000000000000e+00 4.255310377358490492e-01 0.000000000000000000e+00 0.000000000000000000e+00 0.000000000000000000e+00 4.417124719133426747e-01 4.343666923703779492e-01 4.238706893706611911e-01 0.000000000000000000e+00 0.000000000000000000e+00 0.000000000000000000e+00 0.000000000000000000e+00 0.000000000000000000e+00 0.000000000000000000e+00 0.000000000000000000e+00 4.292402577319587853e-01 0.000000000000000000e+00 0.000000000000000000e+00
3.891305987376467712e-01 0.000000000000000000e+00 1.781762082672635195e-01 4.127524868378838474e-01 2.207787681724794893e-01 4.228576075702668580e-01 2.993387146548561750e-01 0.000000000000000000e+00 2.219425742232956356e-01 4.034650109830701936e-01 3.785368697666420812e-01 0.000000000000000000e+00 3.218157280165818701e-01 0.000000000000000000e+00 2.601397641257015003e-01 4.179781733404959732e-01 3.858012465753424824e-01 0.000000000000000000e+00 3.973820470588235731e-01 0.000000000000000000e+00 3.182271293939978318e-01 0.000000000000000000e+00 1.551114703321111177e-01 4.253477493263483344e-01 2.034737322049213759e-01 3.831744347003427920e-01 2.364248929688024248e-01 0.000000000000000000e+00 3.552982135959788512e-01 4.137798871794872158e-01 3.692683198335238171e-01 3.668491695862882152e-01 0.000000000000000000e+00 0.000000000000000000e+00 0.000000000000000000e+00 0.000000000000000000e+00 4.490548363819279465e-01 0.000000000000000000e+00 0.000000000000000000e+00 0.000000000000000000e+00 0.000000000000000000e+00 0.000000000000000000e+00 4.608970239320413498e-01 0.000000000000000000e+00 0.000000000000000000e+00 0.000000000000000000e+00 0.000000000000000000e+00 0.000000000000000000e+00 0.000000000000000000e+00 0.000000000000000000e+00 0.000000000000000000e+00 0.000000000000000000e+00 0.000000000000000000e+00 0.000000000000000000e+00 4.781782325581394599e-01 0.000000000000000000e+00 0.000000000000000000e+00 0.000000000000000000e+00 0.000000000000000000e+00 0.000000000000000000e+00 3.532049671548318504e-01 0.000000000000000000e+00 0.000000000000000000e+00 0.000000000000000000e+00 4.390678000000000081e-01 0.000000000000000000e+00 0.000000000000000000e+00 0.000000000000000000e+00 0.000000000000000000e+00 0.000000000000000000e+00 3.590487441788989265e-01 0.000000000000000000e+00 3.670274724807165989e-01 4.263625111849987381e-01 3.199029166666667034e-01 0.000000000000000000e+00 3.367860654844342938e-01 3.998899245283019654e-01 0.000000000000000000e+00 0.000000000000000000e+00 0.000000000000000000e+00 0.000000000000000000e+00 0.000000000000000000e+00 0.000000000000000000e+00 4.290591521958148080e-01 0.000000000000000000e+00 0.000000000000000000e+00 0.000000000000000000e+00 3.943319072494669841e-01 0.000000000000000000e+00 0.000000000000000000e+00 0.000000000000000000e+00 3.884561929824560389e-01 3.816574814814814309e-01 2.979413870967741462e-01 0.000000000000000000e+00 0.000000000000000000e+00 0.000000000000000000e+00 0.000000000000000000e+00 0.000000000000000000e+00 0.000000000000000000e+00 0.000000000000000000e+00 0.000000000000000000e+00 3.683228389830509597e-01 0.000000000000000000e+00 0.000000000000000000e+00 0.000000000000000000e+00 0.000000000000000000e+00 0.000000000000000000e+00 0.000000000000000000e+00 0.000000000000000000e+00 0.000000000000000000e+00 0.000000000000000000e+00 0.000000000000000000e+00 0.000000000000000000e+00 0.000000000000000000e+00
0.000000000000000000e+00 4.545866718750000146e-01 0.000000000000000000e+00 2.393890838636489604e-01 4.228576075702668580e-01 1.896537040199341440e-01 4.157214477611940184e-01 3.109578166101694130e-01 4.336991927083332921e-01 2.220988707193517209e-01 0.000000000000000000e+00 3.321404000000000023e-01 3.748682133333333666e-01 3.936445735294117898e-01 3.751745040662051722e-01 2.450228844253324045e-01 0.000000000000000000e+00 0.000000000000000000e+00 0.000000000000000000e+00 4.050641946902654444e-01 3.960032197425722988e-01 2.900719411785481205e-01 4.301678352293099583e-01 2.229385690526371755e-01 4.004462404907534467e-01 2.117255873759527063e-01 4.134754746434322059e-01 2.034639945235888203e-01 0.000000000000000000e+00 3.304490655850348957e-01 3.744731284803921589e-01 3.493421594230632921e-01 0.000000000000000000e+00 3.697393924294160028e-01 0.000000000000000000e+00 0.000000000000000000e+00 0.000000000000000000e+00 0.000000000000000000e+00 0.000000000000000000e+00 0.000000000000000000e+00 0.000000000000000000e+00 0.000000000000000000e+00 0.000000000000000000e+00 4.792087842468438774e-01 0.000000000000000000e+00 0.000000000000000000e+00 0.000000000000000000e+00 4.430270564516129439e-01 0.000000000000000000e+00 4.775942419354838875e-01 0.000000000000000000e+00 0.000000000000000000e+00 0.000000000000000000e+00 0.000000000000000000e+00 0.000000000000000000e+00 0.000000000000000000e+00 0.000000000000000000e+00 0.000000000000000000e+00 0.000000000000000000e+00 0.000000000000000000e+00 0.000000000000000000e+00 0.000000000000000000e+00 0.000000000000000000e+00 0.000000000000000000e+00 0.000000000000000000e+00 0.000000000000000000e+00 0.000000000000000000e+00 4.140215867768594626e-01 0.000000000000000000e+00 0.000000000000000000e+00 4.539879122694972513e-01 3.182334825145524682e-01 0.000000000000000000e+00 3.551345245537223527e-01 4.381667857142858002e-01 2.874730094562647498e-01 0.000000000000000000e+00 3.552533371705599574e-01 0.000000000000000000e+00 0.000000000000000000e+00 0.000000000000000000e+00 3.768860569105691449e-01 0.000000000000000000e+00 0.000000000000000000e+00 0.000000000000000000e+00 0.000000000000000000e+00 0.000000000000000000e+00 0.000000000000000000e+00 0.000000000000000000e+00 4.730989824561403490e-01 0.000000000000000000e+00 0.000000000000000000e+00 0.000000000000000000e+00 0.000000000000000000e+00 0.000000000000000000e+00 0.000000000000000000e+00 0.000000000000000000e+00 0.000000000000000000e+00 0.000000000000000000e+00 0.000000000000000000e+00 0.000000000000000000e+00 0.000000000000000000e+00 0.000000000000000000e+00 0.000000000000000000e+00 0.000000000000000000e+00 0.000000000000000000e+00 0.000000000000000000e+00 0.000000000000000000e+00 0.000000000000000000e+00 0.000000000000000000e+00 0.000000000000000000e+00 0.000000000000000000e+00 0.000000000000000000e+00 0.000000000000000000e+00 0.000000000000000000e+00 0.000000000000000000e+00
3.231234621342340407e-01 4.733981366439058425e-01 2.926123923947592798e-01 4.473100299338358954e-01 2.993387146548561750e-01 4.157214477611940184e-01 2.337079189556890979e-01 4.327413726476883604e-01 2.976455395542945692e-01 4.101916556058413654e-01 3.335388500046802540e-01 4.539057568380218677e-01 2.834483396240700115e-01 4.241141742939942283e-01 3.372668311817659803e-01 4.048601499155069505e-01 3.863337825851107521e-01 4.623256452236339520e-01 4.036984337870199169e-01 4.861180558597867352e-01 3.366522749999999453e-01 0.000000000000000000e+00 3.640791880337820308e-01 4.379734921943709280e-01 0.000000000000000000e+00 0.000000000000000000e+00 0.000000000000000000e+00 0.000000000000000000e+00 3.626902326732048265e-01 4.551401450326183484e-01 3.633785404575125555e-01 4.193291749413050051e-01 4.061464858603840988e-01 4.809199228455805497e-01 0.000000000000000000e+00 0.000000000000000000e+00 4.412550946807128338e-01 5.205525284833193433e-01 0.000000000000000000e+00 5.546151666666666591e-01 0.000000000000000000e+00 0.000000000000000000e+00 0.000000000000000000e+00 4.112967805128205923e-01 3.976900964454177512e-01 0.000000000000000000e+00 0.000000000000000000e+00 0.000000000000000000e+00 4.149524673817494014e-01 4.111299275362318428e-01 4.101161954629934381e-01 4.054087259259259168e-01 0.000000000000000000e+00 0.000000000000000000e+00 4.109027078059244165e-01 0.000000000000000000e+00 4.104408268153978412e-01 0.000000000000000000e+00 4.175554303796834565e-01 4.941751089743590120e-01 4.070763763766184762e-01 0.000000000000000000e+00 3.875444047516510837e-01 4.568101067961164996e-01 4.068995287653797699e-01 0.000000000000000000e+00 4.271641373790523999e-01 4.953647233546883411e-01 3.939809726556480207e-01 0.000000000000000000e+00 3.304004660958838602e-01 4.435667206708394650e-01 3.550867609283437920e-01 4.376730596743960144e-01 3.519332208333332823e-01 4.134908582335964922e-01 3.814203879766344674e-01 4.504097944955356425e-01 0.000000000000000000e+00 0.000000000000000000e+00 3.886002910984399095e-01 0.000000000000000000e+00 0.000000000000000000e+00 0.000000000000000000e+00 4.024796206085763939e-01 4.576099769230768666e-01 3.861411825396825481e-01 0.000000000000000000e+00 4.113748040267124484e-01 0.000000000000000000e+00 3.743725488721804662e-01 0.000000000000000000e+00 0.000000000000000000e+00 0.000000000000000000e+00 3.971481994987635100e-01 3.786867953190220515e-01 0.000000000000000000e+00 0.000000000000000000e+00 0.000000000000000000e+00 4.036221363636363080e-01 0.000000000000000000e+00 4.036420666666666879e-01 3.672514913793102909e-01 4.264848178038131987e-01 4.078146782697307238e-01 0.000000000000000000e+00 0.000000000000000000e+00 0.000000000000000000e+00 0.000000000000000000e+00 0.000000000000000000e+00 3.872504380952380143e-01 0.000000000000000000e+00 0.000000000000000000e+00 0.000000000000000000e+00 0.000000000000000000e+00 0.000000000000000000e+00
4.702983901765243058e-01 2.875970571860217428e-01 4.420407199891950301e-01 2.921436298979041557e-01 0.000000000000000000e+00 3.109578166101694130e-01 4.327413726476883604e-01 2.337162077087289180e-01 4.100883445041125230e-01 2.555538780192944670e-01 4.570925978005818124e-01 3.191558377356806253e-01 4.320177485756447333e-01 2.649506338280248618e-01 0.000000000000000000e+00 2.647520755700230599e-01 4.565473821579264513e-01 3.880990086699208086e-01 4.823226866974454907e-01 4.276408751860543145e-01 0.000000000000000000e+00 0.000000000000000000e+00 4.366685837439155393e-01 3.579104708571200777e-01 4.194365673076922985e-01 0.000000000000000000e+00 0.000000000000000000e+00 0.000000000000000000e+00 4.477427198949934795e-01 3.485028187817577616e-01 4.198072281127007699e-01 3.215385526353640722e-01 4.765572251371382739e-01 3.964688838375558522e-01 0.000000000000000000e+00 0.000000000000000000e+00 4.856921480446306782e-01 4.567719729474849499e-01 0.000000000000000000e+00 0.000000000000000000e+00 0.000000000000000000e+00 0.000000000000000000e+00 0.000000000000000000e+00 3.911538039046076332e-01 0.000000000000000000e+00 3.894411879240857188e-01 0.000000000000000000e+00 0.000000000000000000e+00 0.000000000000000000e+00 3.788934986746166911e-01 0.000000000000000000e+00 3.856784152223527440e-01 0.000000000000000000e+00 3.873666342779996108e-01 0.000000000000000000e+00 4.055662249208692449e-01 4.686148539325841744e-01 3.769983246682569455e-01 0.000000000000000000e+00 3.851494558808366553e-01 5.062181818181817894e-01 3.914887017930076540e-01 0.000000000000000000e+00 3.901360118345972849e-01 0.000000000000000000e+00 3.952125038394876944e-01 4.448435047619048177e-01 4.066977674036000856e-01 0.000000000000000000e+00 4.662840782608696499e-01 4.474497640809880772e-01 3.187869405718538052e-01 4.382960731972146418e-01 3.634740612951453120e-01 0.000000000000000000e+00 3.300130094711972717e-01 4.503702925600320262e-01 3.884038156079004933e-01 0.000000000000000000e+00 0.000000000000000000e+00 0.000000000000000000e+00 4.017144582215179116e-01 0.000000000000000000e+00 0.000000000000000000e+00 4.286814205038265158e-01 4.042319799446147943e-01 0.000000000000000000e+00 0.000000000000000000e+00 4.620192405063291430e-01 4.101394990806513374e-01 0.000000000000000000e+00 3.982815510679472704e-01 0.000000000000000000e+00 0.000000000000000000e+00 4.146240813953487869e-01 4.151735696202532577e-01 0.000000000000000000e+00 0.000000000000000000e+00 0.000000000000000000e+00 3.738161016806723635e-01 0.000000000000000000e+00 3.628630967741935942e-01 0.000000000000000000e+00 3.890087611940298284e-01 0.000000000000000000e+00 0.000000000000000000e+00 0.000000000000000000e+00 0.000000000000000000e+00 0.000000000000000000e+00 0.000000000000000000e+00 0.000000000000000000e+00 0.000000000000000000e+00 0.000000000000000000e+00 4.106187704918032866e-01 0.000000000000000000e+00 0.000000000000000000e+00
3.798542290095701102e-01 0.000000000000000000e+00 2.610504002023229519e-01 3.854391619718310347e-01 2.219425742232956356e-01 4.336991927083332921e-01 2.976455395542945692e-01 4.100883445041125230e-01 2.357661515706838684e-01 0.000000000000000000e+00 3.696345053641857947e-01 0.000000000000000000e+00 2.812202033880045748e-01 4.135962831508386839e-01 2.597100663025141976e-01 4.092861884132407146e-01 3.479148148148147324e-01 0.000000000000000000e+00 4.099823132307692797e-01 0.000000000000000000e+00 0.000000000000000000e+00 0.000000000000000000e+00 3.694160623807630772e-01 4.402145275419641068e-01 2.899747532967032471e-01 3.774680159531099144e-01 2.313619120879120972e-01 0.000000000000000000e+00 3.468598711957016634e-01 4.395243676470587668e-01 3.369372549906054504e-01 3.791687918600915586e-01 0.000000000000000000e+00 4.063711192660550697e-01 4.575786422764228090e-01 0.000000000000000000e+00 4.101392676056337949e-01 0.000000000000000000e+00 4.434945632183908693e-01 0.000000000000000000e+00 0.000000000000000000e+00 0.000000000000000000e+00 4.389255847457626536e-01 0.000000000000000000e+00 0.000000000000000000e+00 0.000000000000000000e+00 0.000000000000000000e+00 0.000000000000000000e+00 0.000000000000000000e+00 0.000000000000000000e+00 0.000000000000000000e+00 0.000000000000000000e+00 0.000000000000000000e+00 0.000000000000000000e+00 4.696027499999999577e-01 0.000000000000000000e+00 0.000000000000000000e+00 0.000000000000000000e+00 4.286462551020409073e-01 0.000000000000000000e+00 4.168121644326260866e-01 0.000000000000000000e+00 0.000000000000000000e+00 0.000000000000000000e+00 0.000000000000000000e+00 0.000000000000000000e+00 0.000000000000000000e+00 0.000000000000000000e+00 4.263703600000001148e-01 0.000000000000000000e+00 3.329249888226079590e-01 0.000000000000000000e+00 3.521957738999584864e-01 4.349958654575856731e-01 0.000000000000000000e+00 0.000000000000000000e+00 3.976407722222222163e-01 3.428576349206349794e-01 0.000000000000000000e+00 0.000000000000000000e+00 3.909493399999999230e-01 0.000000000000000000e+00 0.000000000000000000e+00 0.000000000000000000e+00 3.770900091743119020e-01 0.000000000000000000e+00 0.000000000000000000e+00 0.000000000000000000e+00 3.894451637931033994e-01 0.000000000000000000e+00 0.000000000000000000e+00 0.000000000000000000e+00 0.000000000000000000e+00 0.000000000000000000e+00 0.000000000000000000e+00 0.000000000000000000e+00 0.000000000000000000e+00 0.000000000000000000e+00 0.000000000000000000e+00 0.000000000000000000e+00 0.000000000000000000e+00 0.000000000000000000e+00 0.000000000000000000e+00 0.000000000000000000e+00 0.000000000000000000e+00 0.000000000000000000e+00 0.000000000000000000e+00 0.000000000000000000e+00 0.000000000000000000e+00 0.000000000000000000e+00 0.000000000000000000e+00 0.000000000000000000e+00 0.000000000000000000e+00 0.000000000000000000e+00 0.000000000000000000e+00 0.000000000000000000e+00
0.000000000000000000e+00 3.904824243506493375e-01 4.189016383440860025e-01 3.391473906599132282e-01 4.034650109830701936e-01 2.220988707193517209e-01 4.101916556058413654e-01 2.555538780192944670e-01 0.000000000000000000e+00 2.746636245094236650e-01 4.356069814814813590e-01 0.000000000000000000e+00 4.056094428571427879e-01 3.246547453902882130e-01 3.943343183908045724e-01 2.762985582797318762e-01 0.000000000000000000e+00 0.000000000000000000e+00 0.000000000000000000e+00 4.146866117647057814e-01 0.000000000000000000e+00 3.904842424242424004e-01 4.202099915402728314e-01 3.753226696504688986e-01 0.000000000000000000e+00 0.000000000000000000e+00 0.000000000000000000e+00 2.830929974294224549e-01 0.000000000000000000e+00 3.444874385851794951e-01 4.125621076121783193e-01 3.529563489218582872e-01 0.000000000000000000e+00 0.000000000000000000e+00 0.000000000000000000e+00 4.813973790322580437e-01 0.000000000000000000e+00 0.000000000000000000e+00 0.000000000000000000e+00 0.000000000000000000e+00 0.000000000000000000e+00 0.000000000000000000e+00 0.000000000000000000e+00 0.000000000000000000e+00 0.000000000000000000e+00 0.000000000000000000e+00 0.000000000000000000e+00 0.000000000000000000e+00 0.000000000000000000e+00 0.000000000000000000e+00 0.000000000000000000e+00 0.000000000000000000e+00 0.000000000000000000e+00 0.000000000000000000e+00 0.000000000000000000e+00 4.883974698795180425e-01 0.000000000000000000e+00 0.000000000000000000e+00 0.000000000000000000e+00 0.000000000000000000e+00 0.000000000000000000e+00 0.000000000000000000e+00 0.000000000000000000e+00 0.000000000000000000e+00 0.000000000000000000e+00 0.000000000000000000e+00 0.000000000000000000e+00 3.797306930693069571e-01 0.000000000000000000e+00 4.018903157894736511e-01 0.000000000000000000e+00 3.419352189261846142e-01 0.000000000000000000e+00 3.560963146789016820e-01 0.000000000000000000e+00 0.000000000000000000e+00 0.000000000000000000e+00 3.853246969696969559e-01 0.000000000000000000e+00 0.000000000000000000e+00 0.000000000000000000e+00 4.294897232142857457e-01 0.000000000000000000e+00 0.000000000000000000e+00 0.000000000000000000e+00 0.000000000000000000e+00 0.000000000000000000e+00 0.000000000000000000e+00 0.000000000000000000e+00 0.000000000000000000e+00 0.000000000000000000e+00 0.000000000000000000e+00 0.000000000000000000e+00 0.000000000000000000e+00 0.000000000000000000e+00 0.000000000000000000e+00 0.000000000000000000e+00 0.000000000000000000e+00 0.000000000000000000e+00 0.000000000000000000e+00 0.000000000000000000e+00 0.000000000000000000e+00 0.000000000000000000e+00 0.000000000000000000e+00 0.000000000000000000e+00 0.000000000000000000e+00 0.000000000000000000e+00 0.000000000000000000e+00 0.000000000000000000e+00 0.000000000000000000e+00 0.000000000000000000e+00 0.000000000000000000e+00 0.000000000000000000e+00 0.000000000000000000e+00 0.000000000000000000e+00 0.000000000000000000e+00
2.430952532483010020e-01 4.606985957874953352e-01 3.797002170004808996e-01 4.662646882543567961e-01 3.785368697666420812e-01 0.000000000000000000e+00 3.335388500046802540e-01 4.570925978005818124e-01 3.696345053641857947e-01 4.356069814814813590e-01 2.596729968070032313e-01 4.650379124348251736e-01 3.220671464606615353e-01 4.045810821810181812e-01 3.697002963533237430e-01 0.000000000000000000e+00 2.499791415513335779e-01 0.000000000000000000e+00 4.079419828535694181e-01 4.803968900906822603e-01 0.000000000000000000e+00 0.000000000000000000e+00 3.826429850393017751e-01 4.426774453049049374e-01 0.000000000000000000e+00 0.000000000000000000e+00 0.000000000000000000e+00 0.000000000000000000e+00 3.399666166488687913e-01 4.778974249942702923e-01 3.889950269893745483e-01 4.176373081796566078e-01 4.091741136343826635e-01 4.727232062209897889e-01 4.806705744680850878e-01 0.000000000000000000e+00 4.571491011877347188e-01 0.000000000000000000e+00 0.000000000000000000e+00 0.000000000000000000e+00 0.000000000000000000e+00 0.000000000000000000e+00 0.000000000000000000e+00 4.580701677018634288e-01 3.947979159663865256e-01 0.000000000000000000e+00 0.000000000000000000e+00 0.000000000000000000e+00 0.000000000000000000e+00 4.410956304347826706e-01 4.318101321185635055e-01 0.000000000000000000e+00 0.000000000000000000e+00 0.000000000000000000e+00 4.107101967213114269e-01 0.000000000000000000e+00 3.538924512893559249e-01 0.000000000000000000e+00 4.113018881106302316e-01 0.000000000000000000e+00 4.054664400718416828e-01 0.000000000000000000e+00 3.693994549315249287e-01 0.000000000000000000e+00 4.260950426219149989e-01 0.000000000000000000e+00 4.236484113262037332e-01 4.732568969072164511e-01 0.000000000000000000e+00 0.000000000000000000e+00 3.505344919736134157e-01 5.065851713311055882e-01 3.704659802879143871e-01 4.227526738388387995e-01 4.023125862068965275e-01 0.000000000000000000e+00 3.920435428325205196e-01 4.028332129629629277e-01 0.000000000000000000e+00 0.000000000000000000e+00 3.628686724321480428e-01 0.000000000000000000e+00 0.000000000000000000e+00 0.000000000000000000e+00 4.266843771358603821e-01 0.000000000000000000e+00 4.429004841269841286e-01 0.000000000000000000e+00 4.174984954504110113e-01 0.000000000000000000e+00 0.000000000000000000e+00 0.000000000000000000e+00 0.000000000000000000e+00 0.000000000000000000e+00 4.551585499999999951e-01 0.000000000000000000e+00 0.000000000000000000e+00 0.000000000000000000e+00 0.000000000000000000e+00 0.000000000000000000e+00 0.000000000000000000e+00 0.000000000000000000e+00 4.140388773584905424e-01 0.000000000000000000e+00 0.000000000000000000e+00 0.000000000000000000e+00 0.000000000000000000e+00 0.000000000000000000e+00 0.000000000000000000e+00 0.000000000000000000e+00 0.000000000000000000e+00 0.000000000000000000e+00 0.000000000000000000e+00 0.000000000000000000e+00 0.000000000000000000e+00 0.000000000000000000e+00
4.463939387464387898e-01 3.478034209026997781e-01 4.664422986859951825e-01 3.806477970171395775e-01 0.000000000000000000e+00 3.321404000000000023e-01 4.539057568380218677e-01 3.191558377356806253e-01 0.000000000000000000e+00 0.000000000000000000e+00 4.650379124348251736e-01 2.919625418485230495e-01 4.677798496657690208e-01 3.270591062329943344e-01 0.000000000000000000e+00 3.729240232460674931e-01 4.825665666666666964e-01 3.426164710819926684e-01 4.941036669094105438e-01 4.113764882607964246e-01 0.000000000000000000e+00 0.000000000000000000e+00 4.609059683551220421e-01 3.950579130398423344e-01 0.000000000000000000e+00 0.000000000000000000e+00 0.000000000000000000e+00 0.000000000000000000e+00 4.291106250569687863e-01 4.021113710393941498e-01 4.330532642419206990e-01 3.938844114340616653e-01 5.035992338881395414e-01 3.987629542844289832e-01 0.000000000000000000e+00 0.000000000000000000e+00 0.000000000000000000e+00 4.811944990562451174e-01 0.000000000000000000e+00 5.126714285714285557e-01 0.000000000000000000e+00 0.000000000000000000e+00 0.000000000000000000e+00 0.000000000000000000e+00 0.000000000000000000e+00 4.154500669113495581e-01 0.000000000000000000e+00 0.000000000000000000e+00 0.000000000000000000e+00 3.854340830599179979e-01 0.000000000000000000e+00 3.864827228552112359e-01 0.000000000000000000e+00 0.000000000000000000e+00 0.000000000000000000e+00 4.059201169078066052e-01 0.000000000000000000e+00 3.714113358740634974e-01 0.000000000000000000e+00 4.272036191985415510e-01 0.000000000000000000e+00 3.970611361517398241e-01 0.000000000000000000e+00 3.866499161640437610e-01 4.110159075630251957e-01 4.038562612262308060e-01 4.763133360655737447e-01 3.993807742572256791e-01 4.729112156862745331e-01 3.864928125000000048e-01 4.963915547675334938e-01 3.518766800628707614e-01 4.618617558107405152e-01 4.154272959900668916e-01 0.000000000000000000e+00 4.132418333333333638e-01 4.560436692366765521e-01 4.097842102043114942e-01 0.000000000000000000e+00 4.087461016949151538e-01 0.000000000000000000e+00 4.114736646281314525e-01 0.000000000000000000e+00 0.000000000000000000e+00 0.000000000000000000e+00 4.356928034470306521e-01 0.000000000000000000e+00 0.000000000000000000e+00 0.000000000000000000e+00 4.336849473570827396e-01 0.000000000000000000e+00 0.000000000000000000e+00 0.000000000000000000e+00 0.000000000000000000e+00 0.000000000000000000e+00 0.000000000000000000e+00 0.000000000000000000e+00 0.000000000000000000e+00 0.000000000000000000e+00 0.000000000000000000e+00 0.000000000000000000e+00 0.000000000000000000e+00 0.000000000000000000e+00 0.000000000000000000e+00 0.000000000000000000e+00 0.000000000000000000e+00 0.000000000000000000e+00 0.000000000000000000e+00 0.000000000000000000e+00 0.000000000000000000e+00 0.000000000000000000e+00 0.000000000000000000e+00 0.000000000000000000e+00 0.000000000000000000e+00 0.000000000000000000e+00 0.000000000000000000e+00
3.788602915278264649e-01 0.000000000000000000e+00 3.447621787824894368e-01 4.343866511472393444e-01 3.218157280165818701e-01 3.748682133333333666e-01 2.834483396240700115e-01 4.320177485756447333e-01 2.812202033880045748e-01 4.056094428571427879e-01 3.220671464606615353e-01 4.677798496657690208e-01 2.620758578298076347e-01 4.190792362134315163e-01 2.654130161317637127e-01 4.067954141906998666e-01 3.802516602597306172e-01 0.000000000000000000e+00 3.943764199797964443e-01 4.558408738894907941e-01 0.000000000000000000e+00 0.000000000000000000e+00 3.670227517255724159e-01 4.418041592340980483e-01 3.491453785714285774e-01 0.000000000000000000e+00 0.000000000000000000e+00 0.000000000000000000e+00 3.436730129811884082e-01 4.228950044714002710e-01 3.504928560493018597e-01 4.286852465795376044e-01 4.002608672911140975e-01 4.467467350077823918e-01 0.000000000000000000e+00 0.000000000000000000e+00 4.531778380509910997e-01 0.000000000000000000e+00 0.000000000000000000e+00 0.000000000000000000e+00 0.000000000000000000e+00 0.000000000000000000e+00 0.000000000000000000e+00 0.000000000000000000e+00 0.000000000000000000e+00 0.000000000000000000e+00 0.000000000000000000e+00 0.000000000000000000e+00 4.246887264150943642e-01 0.000000000000000000e+00 4.418057555572350581e-01 0.000000000000000000e+00 0.000000000000000000e+00 0.000000000000000000e+00 4.432089804280686107e-01 0.000000000000000000e+00 3.740345956870608224e-01 0.000000000000000000e+00 4.305215293350631023e-01 0.000000000000000000e+00 4.230280771649089222e-01 0.000000000000000000e+00 3.987158661617840605e-01 0.000000000000000000e+00 4.334360076601656009e-01 0.000000000000000000e+00 4.548410374649859422e-01 0.000000000000000000e+00 3.947447020102769488e-01 0.000000000000000000e+00 3.344804712940943059e-01 3.539387083333333517e-01 3.727159382811476851e-01 4.394822514439761241e-01 3.623493881147065721e-01 0.000000000000000000e+00 3.968453505673077975e-01 4.392753080683418077e-01 0.000000000000000000e+00 0.000000000000000000e+00 3.980756543595430075e-01 0.000000000000000000e+00 0.000000000000000000e+00 0.000000000000000000e+00 4.204186489772055446e-01 0.000000000000000000e+00 4.005419097744360446e-01 0.000000000000000000e+00 4.178966599812309335e-01 0.000000000000000000e+00 3.976124338549075210e-01 0.000000000000000000e+00 0.000000000000000000e+00 0.000000000000000000e+00 3.818718557233704014e-01 0.000000000000000000e+00 0.000000000000000000e+00 4.155360978260870253e-01 0.000000000000000000e+00 0.000000000000000000e+00 0.000000000000000000e+00 0.000000000000000000e+00 0.000000000000000000e+00 4.200781749050933045e-01 4.217917916666666933e-01 0.000000000000000000e+00 0.000000000000000000e+00 0.000000000000000000e+00 0.000000000000000000e+00 0.000000000000000000e+00 0.000000000000000000e+00 0.000000000000000000e+00 0.000000000000000000e+00 0.000000000000000000e+00 0.000000000000000000e+00 0.000000000000000000e+00
