0.000000000000000000e+00 5.951908578684231288e-03 5.917883080463075957e-02 2.519505851755526795e-03 0.000000000000000000e+00 0.000000000000000000e+00 9.651307596513075682e-02 1.484833486530439057e-03 1.420858198351804486e-03 3.566333808844507954e-04 1.890369814154308215e-01 1.096491228070175378e-03 2.789342214820982394e-02 3.831417624521072924e-04 2.267573696145124777e-03 0.000000000000000000e+00 9.854239375898173059e-02 2.299257163070392556e-03 2.621274744398520776e-02 2.096548758198043053e-02 0.000000000000000000e+00 0.000000000000000000e+00 1.953315753491552040e-04 1.916810427448725253e-04 0.000000000000000000e+00 0.000000000000000000e+00 3.336670003336670155e-04 0.000000000000000000e+00 3.121734587251828730e-02 6.697176024109834135e-04 1.988984088127295023e-03 1.850138760407030452e-04 2.032244953258366231e-03 9.482197638746862195e-03 0.000000000000000000e+00 5.205622071837584519e-04 6.122448979591836593e-02 1.787629603146228055e-04 6.798096532970767780e-04 0.000000000000000000e+00 2.503681885125184220e-02 0.000000000000000000e+00 0.000000000000000000e+00 0.000000000000000000e+00 3.217503217503217398e-04 0.000000000000000000e+00 1.721763085399449084e-04 0.000000000000000000e+00 9.620935154897056283e-04 0.000000000000000000e+00 7.099391480730223025e-03 0.000000000000000000e+00 1.818732949378599594e-03 0.000000000000000000e+00 2.250984805852560607e-03 1.756543123133673021e-04 3.359244863964463979e-01 1.176730161064940862e-03 2.652841368165903546e-02 1.768033946251768094e-04 2.305611104575932407e-02 0.000000000000000000e+00 5.664263645726055202e-03 0.000000000000000000e+00 1.750547045951859892e-02 1.901140684410646269e-04 1.120015448488944666e-02 4.139501190106591893e-04 1.060176991150442449e-01 8.141901715615004753e-03 4.014236053633504081e-02 5.478326371293570267e-04 1.733686491692752393e-02 1.265576323987538864e-03 0.000000000000000000e+00 0.000000000000000000e+00 6.561639645151422229e-02 1.768204468734929993e-03 0.000000000000000000e+00 0.000000000000000000e+00 1.832561728395061627e-03 0.000000000000000000e+00 0.000000000000000000e+00 0.000000000000000000e+00 4.784280222127295853e-03 0.000000000000000000e+00 0.000000000000000000e+00 0.000000000000000000e+00 3.277754025937010263e-03 1.275672917463962271e-04 2.480363786688714357e-03 0.000000000000000000e+00 1.757469244288224850e-03 0.000000000000000000e+00 1.229508196721311453e-02 0.000000000000000000e+00 0.000000000000000000e+00 0.000000000000000000e+00 0.000000000000000000e+00 0.000000000000000000e+00 3.745318352059925134e-03 0.000000000000000000e+00 1.967858314201377436e-03 0.000000000000000000e+00 1.050420168067226845e-03 0.000000000000000000e+00 0.000000000000000000e+00 0.000000000000000000e+00 0.000000000000000000e+00 0.000000000000000000e+00 0.000000000000000000e+00 0.000000000000000000e+00 4.184100418410041482e-03 0.000000000000000000e+00 0.000000000000000000e+00 0.000000000000000000e+00
5.951908578684231288e-03 0.000000000000000000e+00 1.797655856762781380e-03 8.322496749024707596e-02 0.000000000000000000e+00 2.579313902501934692e-04 1.634495641344956441e-03 1.513823092696033323e-01 0.000000000000000000e+00 1.426533523537803182e-03 5.631687629059508281e-04 1.292032163742690143e-01 2.081598667776852682e-04 1.647509578544061395e-02 0.000000000000000000e+00 7.804370447450571964e-04 1.026483268322726360e-03 8.931729748850371353e-02 1.762018707852947702e-02 7.708848510912805208e-02 0.000000000000000000e+00 0.000000000000000000e+00 4.883289383728879694e-04 7.667241709794901010e-04 0.000000000000000000e+00 0.000000000000000000e+00 0.000000000000000000e+00 0.000000000000000000e+00 1.306165099268547674e-04 2.399821408639356973e-02 1.070991432068543357e-03 0.000000000000000000e+00 8.264462809917355601e-03 1.450218462396579006e-02 1.361470388019060500e-03 1.041124414367516904e-03 4.638218923933209721e-04 3.414372542009296019e-02 0.000000000000000000e+00 8.735868448098663142e-03 0.000000000000000000e+00 1.312335958005249326e-03 0.000000000000000000e+00 9.198785760279643454e-05 0.000000000000000000e+00 1.134301270417422823e-04 0.000000000000000000e+00 0.000000000000000000e+00 0.000000000000000000e+00 1.453840562151684007e-03 9.219988936013276903e-05 2.664594204507605025e-03 0.000000000000000000e+00 1.406140145301148451e-03 0.000000000000000000e+00 3.864394870894080538e-03 2.035905978160281252e-03 3.125689490328749098e-01 5.386479935362240576e-04 1.520509193776520447e-02 4.705328784848841349e-04 2.268350096297881355e-02 0.000000000000000000e+00 8.771929824561403022e-03 0.000000000000000000e+00 6.273764258555133283e-03 2.317273341701264842e-03 5.070888957880575164e-03 2.654867256637168105e-02 8.490840360569933132e-02 4.138387684158251960e-04 3.437649797986715161e-02 7.223693715386467944e-04 1.664719626168224137e-02 0.000000000000000000e+00 0.000000000000000000e+00 1.682471703884980086e-03 4.372287413599099809e-02 0.000000000000000000e+00 8.665511265164644239e-04 9.645061728395061193e-05 5.397382269599244019e-03 0.000000000000000000e+00 7.002801120448179329e-04 8.543357539513028503e-05 9.273258744078218679e-03 0.000000000000000000e+00 0.000000000000000000e+00 0.000000000000000000e+00 1.505294042607475437e-02 0.000000000000000000e+00 2.812939521800281346e-03 0.000000000000000000e+00 2.970297029702970333e-03 8.196721311475410263e-03 2.558139534883720895e-02 0.000000000000000000e+00 0.000000000000000000e+00 7.524454477050413577e-04 0.000000000000000000e+00 0.000000000000000000e+00 1.776198934280639498e-03 0.000000000000000000e+00 1.649776101814753610e-03 0.000000000000000000e+00 6.565988181221274131e-03 0.000000000000000000e+00 2.717391304347826012e-03 0.000000000000000000e+00 4.651162790697674354e-03 1.269035532994923759e-03 0.000000000000000000e+00 0.000000000000000000e+00 0.000000000000000000e+00 0.000000000000000000e+00 0.000000000000000000e+00
5.917883080463075957e-02 1.797655856762781380e-03 0.000000000000000000e+00 4.307542262678803330e-03 1.146788990825688137e-02 5.158627805003869384e-04 3.442559153175591691e-01 6.504984798133352057e-03 3.864734299516908028e-02 2.496433666191155351e-03 4.542894687441336593e-02 2.923976608187134341e-03 3.934221482098251149e-02 3.320561941251596282e-03 1.284958427815570750e-02 1.560874089490114393e-03 1.437076575651816818e-02 2.299257163070392556e-03 1.690232760495975761e-01 9.138802279324804295e-03 0.000000000000000000e+00 0.000000000000000000e+00 2.049028225412637960e-01 5.367069196856430816e-03 5.849097629919547403e-02 3.165735567970204972e-03 2.335669002335668838e-03 3.237293622531563762e-04 4.767502612330198203e-02 1.227815604420136276e-03 1.285189718482252115e-02 1.221091581868640093e-02 1.558054464164747299e-02 9.110346750952867667e-03 1.361470388019060500e-03 0.000000000000000000e+00 2.991651205936920327e-02 5.362888809438684165e-04 0.000000000000000000e+00 5.138746145940390657e-04 1.767304860088365209e-02 1.312335958005249326e-03 2.265518803806071673e-04 0.000000000000000000e+00 0.000000000000000000e+00 1.134301270417422823e-04 8.608815426997245418e-04 0.000000000000000000e+00 7.696748123917644593e-04 0.000000000000000000e+00 3.595795685045177856e-03 0.000000000000000000e+00 6.062443164595331981e-04 0.000000000000000000e+00 9.379103357719002169e-04 0.000000000000000000e+00 1.758282435683879499e-02 7.354563506655880387e-05 1.979531376245623545e-02 0.000000000000000000e+00 8.234325373485471954e-04 0.000000000000000000e+00 5.149330587023686744e-04 1.790189760114572278e-04 3.063457330415754985e-03 0.000000000000000000e+00 2.693830259727720416e-02 3.104625892579944055e-04 1.646017699115044294e-02 2.907822041291072894e-04 4.188048336368151159e-02 2.465246867082106566e-03 7.813628702143028681e-02 2.725856697819314511e-03 4.166666666666666435e-02 0.000000000000000000e+00 7.127561945549097666e-02 2.250442051117183904e-03 0.000000000000000000e+00 0.000000000000000000e+00 4.822530864197530596e-04 0.000000000000000000e+00 0.000000000000000000e+00 0.000000000000000000e+00 9.397693293464331760e-04 0.000000000000000000e+00 0.000000000000000000e+00 4.374453193350831266e-04 2.565198802907225385e-03 1.275672917463962271e-04 2.893757751136833561e-03 7.032348804500703366e-04 1.318101933216168746e-03 4.950495049504950555e-04 1.229508196721311453e-02 2.325581395348837177e-03 0.000000000000000000e+00 0.000000000000000000e+00 7.524454477050413577e-04 2.403846153846153980e-03 3.745318352059925134e-03 0.000000000000000000e+00 2.295834699901607226e-03 0.000000000000000000e+00 0.000000000000000000e+00 3.282994090610636632e-04 0.000000000000000000e+00 0.000000000000000000e+00 0.000000000000000000e+00 0.000000000000000000e+00 0.000000000000000000e+00 0.000000000000000000e+00 0.000000000000000000e+00 0.000000000000000000e+00 0.000000000000000000e+00 0.000000000000000000e+00
2.519505851755526795e-03 8.322496749024707596e-02 4.307542262678803330e-03 0.000000000000000000e+00 1.638269986893840010e-03 2.682486458602011820e-02 6.615815691158157333e-03 2.947040938980414193e-01 1.136686558681443589e-03 1.319543509272467878e-02 3.942181340341655363e-03 2.704678362573099265e-02 3.850957535387177205e-03 2.196679438058748296e-02 5.039052658100277643e-04 1.795005202913631595e-02 4.105933073290905116e-04 2.263883975946232724e-02 1.207309114639982563e-02 1.029996774540371945e-01 0.000000000000000000e+00 0.000000000000000000e+00 1.113389979490184666e-02 2.146827678742572465e-01 2.609262883235485830e-03 2.830540037243947996e-02 0.000000000000000000e+00 6.474587245063127524e-04 1.959247648902821132e-03 2.444469248800089367e-02 1.025091799265605806e-02 2.701202590194264411e-02 4.335455900284514684e-03 3.699916333550246073e-02 0.000000000000000000e+00 2.602811035918792260e-03 6.957328385899814310e-04 1.859134787272077177e-02 0.000000000000000000e+00 1.798561151079136611e-02 0.000000000000000000e+00 5.249343832020997302e-03 0.000000000000000000e+00 9.198785760279643454e-05 0.000000000000000000e+00 3.402903811252268470e-04 0.000000000000000000e+00 1.354096140825998649e-04 0.000000000000000000e+00 1.090380421613762951e-03 9.219988936013276903e-05 1.443321860774952848e-03 0.000000000000000000e+00 0.000000000000000000e+00 0.000000000000000000e+00 1.756543123133673021e-04 1.850823616509346642e-04 2.044568654850334802e-02 4.039859951521680703e-04 2.970297029702970160e-02 0.000000000000000000e+00 2.567943505242884471e-03 0.000000000000000000e+00 1.790189760114572278e-04 2.188183807439825028e-04 1.901140684410646377e-03 2.896591677126581052e-04 1.945565559350098325e-02 1.946902654867256697e-03 1.250363477755161469e-02 3.393477901009766574e-03 4.909950010271862259e-02 3.611846857693233864e-03 6.279205607476635864e-02 0.000000000000000000e+00 5.988023952095808747e-03 2.906087488528602027e-03 7.217489149654396363e-02 0.000000000000000000e+00 0.000000000000000000e+00 9.645061728395061193e-05 1.349345567399811222e-04 0.000000000000000000e+00 1.400560224089635866e-03 0.000000000000000000e+00 5.039814534825118753e-04 0.000000000000000000e+00 0.000000000000000000e+00 0.000000000000000000e+00 8.929710422247735899e-04 1.240181893344357179e-03 2.812939521800281346e-03 0.000000000000000000e+00 1.485148514851485167e-03 4.098360655737705131e-03 3.488372093023255766e-02 0.000000000000000000e+00 0.000000000000000000e+00 7.524454477050413577e-04 0.000000000000000000e+00 1.248439450686641711e-03 0.000000000000000000e+00 3.279763857002295727e-04 1.414093801555503125e-03 5.252100840336134226e-04 4.267892317793828272e-03 1.267427122940430846e-03 0.000000000000000000e+00 0.000000000000000000e+00 0.000000000000000000e+00 0.000000000000000000e+00 0.000000000000000000e+00 0.000000000000000000e+00 0.000000000000000000e+00 0.000000000000000000e+00 0.000000000000000000e+00
0.000000000000000000e+00 0.000000000000000000e+00 1.146788990825688137e-02 1.638269986893840010e-03 0.000000000000000000e+00 2.063451122001547754e-03 2.023661270236612551e-03 2.828254260057979155e-04 2.540494458653026477e-01 3.922967189728958533e-03 0.000000000000000000e+00 0.000000000000000000e+00 9.367194004995837205e-04 1.277139208173691065e-04 6.701940035273368235e-02 1.300728407908428733e-03 0.000000000000000000e+00 0.000000000000000000e+00 3.262997607135087875e-04 0.000000000000000000e+00 2.854908095424325484e-02 1.388888888888888942e-03 5.273952534427190156e-03 9.584052137243627076e-04 9.719504240052184718e-02 5.214152700186219444e-03 1.097764431097764393e-01 2.266105535772094687e-03 7.445141065830720821e-03 0.000000000000000000e+00 3.518971848225214104e-03 3.515263644773358211e-03 1.083863975071128671e-03 9.296272194849864552e-05 0.000000000000000000e+00 5.205622071837584519e-04 2.319109461966604860e-04 0.000000000000000000e+00 0.000000000000000000e+00 0.000000000000000000e+00 0.000000000000000000e+00 0.000000000000000000e+00 1.132759401903035836e-04 0.000000000000000000e+00 3.217503217503217398e-04 0.000000000000000000e+00 0.000000000000000000e+00 0.000000000000000000e+00 0.000000000000000000e+00 0.000000000000000000e+00 2.765996680803982800e-04 0.000000000000000000e+00 3.031221582297665990e-04 0.000000000000000000e+00 3.751641343087600651e-04 0.000000000000000000e+00 9.254118082546733209e-05 0.000000000000000000e+00 0.000000000000000000e+00 1.768033946251768094e-04 1.176332196212210337e-04 0.000000000000000000e+00 0.000000000000000000e+00 0.000000000000000000e+00 2.188183807439825028e-04 0.000000000000000000e+00 2.896591677126581052e-04 0.000000000000000000e+00 0.000000000000000000e+00 0.000000000000000000e+00 3.161728190696904556e-02 1.301102513182222789e-03 3.033951360462316255e-02 3.894080996884735093e-04 0.000000000000000000e+00 0.000000000000000000e+00 4.588559192413582330e-03 3.214917215881691291e-04 0.000000000000000000e+00 0.000000000000000000e+00 1.929012345679012239e-04 0.000000000000000000e+00 4.852013585638039654e-04 0.000000000000000000e+00 8.543357539513028774e-04 0.000000000000000000e+00 2.447980416156670530e-03 0.000000000000000000e+00 7.125552230297847690e-04 0.000000000000000000e+00 0.000000000000000000e+00 0.000000000000000000e+00 0.000000000000000000e+00 0.000000000000000000e+00 4.098360655737705131e-03 0.000000000000000000e+00 0.000000000000000000e+00 0.000000000000000000e+00 0.000000000000000000e+00 0.000000000000000000e+00 0.000000000000000000e+00 0.000000000000000000e+00 0.000000000000000000e+00 0.000000000000000000e+00 0.000000000000000000e+00 0.000000000000000000e+00 0.000000000000000000e+00 0.000000000000000000e+00 0.000000000000000000e+00 0.000000000000000000e+00 0.000000000000000000e+00 0.000000000000000000e+00 0.000000000000000000e+00 0.000000000000000000e+00 0.000000000000000000e+00 0.000000000000000000e+00
0.000000000000000000e+00 2.579313902501934692e-04 5.158627805003869384e-04 2.682486458602011820e-02 2.063451122001547754e-03 0.000000000000000000e+00 1.556662515566625143e-04 8.484762780173937466e-03 3.410059676044330766e-03 2.967189728958630757e-01 0.000000000000000000e+00 2.375730994152046652e-03 6.244796003330557775e-04 4.853128991060025668e-03 2.267573696145124777e-03 1.194068678459937610e-01 0.000000000000000000e+00 0.000000000000000000e+00 1.087665869045029382e-04 0.000000000000000000e+00 5.475166210402815890e-03 2.500000000000000139e-02 2.050981541166129601e-03 4.792026068621813018e-02 8.480104370515328949e-03 1.301675977653631300e-01 4.671338004671337675e-03 5.730009711880867940e-02 2.612330198537095348e-04 1.216653644379953048e-02 4.283965728274173428e-03 6.475485661424606500e-03 0.000000000000000000e+00 5.577763316909919002e-04 0.000000000000000000e+00 0.000000000000000000e+00 0.000000000000000000e+00 8.938148015731140275e-04 0.000000000000000000e+00 5.138746145940390657e-04 0.000000000000000000e+00 2.624671916010498651e-03 0.000000000000000000e+00 9.198785760279643454e-05 0.000000000000000000e+00 0.000000000000000000e+00 0.000000000000000000e+00 2.708192281651997297e-04 0.000000000000000000e+00 1.211533801793070051e-04 0.000000000000000000e+00 4.440990340846008556e-04 0.000000000000000000e+00 2.343566908835247238e-04 0.000000000000000000e+00 1.756543123133673021e-04 0.000000000000000000e+00 2.206369051996764116e-04 0.000000000000000000e+00 0.000000000000000000e+00 0.000000000000000000e+00 0.000000000000000000e+00 0.000000000000000000e+00 1.790189760114572278e-04 0.000000000000000000e+00 1.901140684410646269e-04 0.000000000000000000e+00 2.069750595053295947e-04 0.000000000000000000e+00 0.000000000000000000e+00 1.075980797881145520e-03 3.266452098883790983e-02 2.407897905128822467e-04 2.745327102803738276e-02 0.000000000000000000e+00 5.988023952095808747e-03 0.000000000000000000e+00 1.607458607940845429e-03 0.000000000000000000e+00 0.000000000000000000e+00 0.000000000000000000e+00 5.397382269599244886e-04 0.000000000000000000e+00 1.400560224089635866e-03 0.000000000000000000e+00 1.209555488358028457e-03 0.000000000000000000e+00 2.624671916010498651e-03 0.000000000000000000e+00 5.102691669855849085e-04 4.133939644481190415e-04 0.000000000000000000e+00 0.000000000000000000e+00 0.000000000000000000e+00 0.000000000000000000e+00 0.000000000000000000e+00 0.000000000000000000e+00 0.000000000000000000e+00 0.000000000000000000e+00 0.000000000000000000e+00 1.248439450686641711e-03 0.000000000000000000e+00 0.000000000000000000e+00 0.000000000000000000e+00 0.000000000000000000e+00 0.000000000000000000e+00 0.000000000000000000e+00 0.000000000000000000e+00 0.000000000000000000e+00 0.000000000000000000e+00 0.000000000000000000e+00 0.000000000000000000e+00 0.000000000000000000e+00 0.000000000000000000e+00 0.000000000000000000e+00 0.000000000000000000e+00
9.651307596513075682e-02 1.634495641344956441e-03 3.442559153175591691e-01 6.615815691158157333e-03 2.023661270236612551e-03 1.556662515566625143e-04 0.000000000000000000e+00 1.173725517924061393e-02 4.631997726626882472e-02 2.853067047075606363e-03 6.664163694387084669e-02 5.482456140350876889e-03 2.603039134054954129e-01 5.619412515964239928e-03 1.083396321491559601e-02 7.804370447450571964e-04 4.721823034284541344e-03 2.122391227449593396e-03 2.751794648683924399e-02 1.021395548865713411e-02 0.000000000000000000e+00 0.000000000000000000e+00 3.222970993261060901e-02 7.092198581560283516e-03 1.304631441617742915e-03 1.489757914338919872e-03 0.000000000000000000e+00 3.237293622531563762e-04 2.037617554858934046e-02 2.567250809242103103e-03 1.101591187270501912e-02 1.054579093432007376e-02 9.619292778756265844e-03 1.013293669238635349e-02 1.361470388019060500e-03 0.000000000000000000e+00 3.014842300556586346e-03 5.362888809438684165e-04 3.399048266485384107e-03 0.000000000000000000e+00 1.472754050073637674e-03 0.000000000000000000e+00 1.132759401903035836e-04 0.000000000000000000e+00 8.043758043758043224e-04 0.000000000000000000e+00 3.443526170798898167e-04 0.000000000000000000e+00 2.693861843371175499e-03 0.000000000000000000e+00 1.263138484233818949e-02 1.110247585211502139e-04 2.728099424067899174e-03 0.000000000000000000e+00 2.438566873006940694e-03 0.000000000000000000e+00 1.166018878400888401e-02 7.354563506655880387e-05 7.271747912739025266e-03 0.000000000000000000e+00 6.822726738030819929e-03 0.000000000000000000e+00 4.119464469618949395e-03 0.000000000000000000e+00 1.159737417943107300e-02 0.000000000000000000e+00 5.406971130636284775e-03 1.034875297526647973e-04 3.185840707964601986e-03 2.907822041291072894e-04 8.872703194835292184e-02 5.546805450934739340e-03 3.106188297616181010e-02 3.796728971962616810e-03 0.000000000000000000e+00 0.000000000000000000e+00 2.676659528907922997e-02 4.018646519852113463e-03 0.000000000000000000e+00 0.000000000000000000e+00 2.314814814814814686e-03 0.000000000000000000e+00 0.000000000000000000e+00 0.000000000000000000e+00 1.059376334899615572e-02 0.000000000000000000e+00 0.000000000000000000e+00 0.000000000000000000e+00 1.325352714835399681e-02 0.000000000000000000e+00 0.000000000000000000e+00 0.000000000000000000e+00 0.000000000000000000e+00 0.000000000000000000e+00 0.000000000000000000e+00 0.000000000000000000e+00 0.000000000000000000e+00 0.000000000000000000e+00 0.000000000000000000e+00 0.000000000000000000e+00 1.248439450686641711e-03 0.000000000000000000e+00 6.559527714004591455e-04 0.000000000000000000e+00 5.252100840336134226e-04 0.000000000000000000e+00 0.000000000000000000e+00 0.000000000000000000e+00 0.000000000000000000e+00 0.000000000000000000e+00 0.000000000000000000e+00 0.000000000000000000e+00 0.000000000000000000e+00 0.000000000000000000e+00 0.000000000000000000e+00 0.000000000000000000e+00
1.484833486530439057e-03 1.513823092696033323e-01 6.504984798133352057e-03 2.947040938980414193e-01 2.828254260057979155e-04 8.484762780173937466e-03 1.173725517924061393e-02 0.000000000000000000e+00 3.125888036373970086e-03 1.066333808844507902e-01 7.508916838746011041e-03 1.361476608187134618e-01 7.597835137385511653e-03 2.002554278416347477e-01 1.007810531620055529e-03 2.549427679500520377e-02 6.158899609936357945e-04 1.078882207286876484e-02 1.218185773330432951e-02 1.956778840984840437e-02 3.910833007430582469e-04 0.000000000000000000e+00 1.474753393886121637e-02 4.523672608778991910e-02 1.739508588823657220e-03 2.979515828677839744e-03 1.334668001334668062e-03 0.000000000000000000e+00 3.004179728317659271e-03 1.674294006027458523e-02 1.376988984088127303e-02 1.535615171137835397e-02 4.606421894052296039e-03 1.747699172631774628e-02 0.000000000000000000e+00 2.082248828735033808e-03 1.159554730983302457e-03 6.614229531641043804e-03 0.000000000000000000e+00 7.708119218910586094e-03 2.945508100147275349e-03 2.624671916010498651e-03 0.000000000000000000e+00 9.198785760279643454e-05 0.000000000000000000e+00 9.074410163339382586e-04 0.000000000000000000e+00 0.000000000000000000e+00 0.000000000000000000e+00 2.180760843227525902e-03 0.000000000000000000e+00 6.217386477184411869e-03 0.000000000000000000e+00 2.109210217951722460e-03 0.000000000000000000e+00 5.093975057087651165e-03 1.850823616509346642e-04 1.875413694197249417e-02 6.733099919202800449e-04 4.950495049504950555e-03 1.176332196212210337e-04 1.497967044725016100e-02 0.000000000000000000e+00 4.117436448263516076e-03 0.000000000000000000e+00 7.224334600760455929e-03 6.758713913295355969e-04 9.313877677739832925e-03 1.769911504424778791e-04 3.198604245420180129e-03 6.373117033603707682e-03 9.641854413476683150e-02 4.334216229231880983e-03 3.777258566978192872e-02 0.000000000000000000e+00 5.988023952095808747e-03 4.588559192413582330e-03 3.504259765311043551e-02 0.000000000000000000e+00 5.199306759098787194e-03 0.000000000000000000e+00 9.445418971798676816e-03 0.000000000000000000e+00 7.002801120448179329e-04 8.543357539513028503e-05 1.249874004636629399e-02 0.000000000000000000e+00 4.374453193350831266e-04 0.000000000000000000e+00 2.028319938767699990e-02 0.000000000000000000e+00 7.032348804500703366e-04 0.000000000000000000e+00 4.950495049504950555e-04 0.000000000000000000e+00 4.651162790697674354e-03 0.000000000000000000e+00 0.000000000000000000e+00 0.000000000000000000e+00 0.000000000000000000e+00 1.248439450686641711e-03 0.000000000000000000e+00 3.279763857002295727e-04 2.356823002592505390e-04 5.252100840336134226e-04 1.313197636244254653e-03 0.000000000000000000e+00 1.358695652173913006e-03 0.000000000000000000e+00 4.651162790697674354e-03 0.000000000000000000e+00 0.000000000000000000e+00 0.000000000000000000e+00 0.000000000000000000e+00 0.000000000000000000e+00 0.000000000000000000e+00
1.420858198351804486e-03 0.000000000000000000e+00 3.864734299516908028e-02 1.136686558681443589e-03 2.540494458653026477e-01 3.410059676044330766e-03 4.631997726626882472e-02 3.125888036373970086e-03 0.000000000000000000e+00 1.426533523537803182e-03 2.815843814529754140e-03 0.000000000000000000e+00 2.185678601165695276e-02 1.277139208173691065e-04 1.952632905013857445e-01 1.560874089490114393e-03 2.052966536645452558e-04 0.000000000000000000e+00 4.350663476180117529e-04 0.000000000000000000e+00 1.173249902229174741e-03 0.000000000000000000e+00 7.813263013966207510e-03 1.725129384703852700e-03 9.784735812133071864e-03 3.724394785847299789e-03 1.267934601267934648e-02 9.711880867594690743e-04 1.632706374085684392e-02 5.580980020091527542e-04 5.813953488372092943e-03 3.515263644773358211e-03 2.709659937677821677e-04 9.296272194849864552e-05 0.000000000000000000e+00 0.000000000000000000e+00 4.638218923933209721e-04 0.000000000000000000e+00 1.359619306594153556e-03 0.000000000000000000e+00 1.472754050073637674e-03 0.000000000000000000e+00 3.398278205709107645e-04 0.000000000000000000e+00 0.000000000000000000e+00 0.000000000000000000e+00 1.721763085399449084e-04 0.000000000000000000e+00 0.000000000000000000e+00 0.000000000000000000e+00 3.687995574405310761e-04 0.000000000000000000e+00 3.031221582297665990e-04 0.000000000000000000e+00 1.875820671543800325e-04 0.000000000000000000e+00 9.254118082546733751e-04 0.000000000000000000e+00 1.346619983840560144e-04 0.000000000000000000e+00 1.058698976590989344e-03 0.000000000000000000e+00 1.287332646755921794e-03 0.000000000000000000e+00 8.752735229759300113e-04 0.000000000000000000e+00 1.931061118084387458e-04 0.000000000000000000e+00 3.539823008849557581e-04 0.000000000000000000e+00 2.689951994702863627e-02 4.793535574881873577e-04 4.129544907295930323e-02 8.761682242990654094e-04 0.000000000000000000e+00 0.000000000000000000e+00 1.682471703884980130e-02 0.000000000000000000e+00 0.000000000000000000e+00 0.000000000000000000e+00 5.787037037037036716e-04 0.000000000000000000e+00 4.852013585638039654e-04 0.000000000000000000e+00 2.733874412644169121e-03 0.000000000000000000e+00 8.159934720522235823e-04 0.000000000000000000e+00 8.550662676357417228e-04 0.000000000000000000e+00 4.133939644481190415e-04 0.000000000000000000e+00 0.000000000000000000e+00 0.000000000000000000e+00 0.000000000000000000e+00 0.000000000000000000e+00 0.000000000000000000e+00 0.000000000000000000e+00 0.000000000000000000e+00 0.000000000000000000e+00 0.000000000000000000e+00 0.000000000000000000e+00 0.000000000000000000e+00 0.000000000000000000e+00 0.000000000000000000e+00 0.000000000000000000e+00 0.000000000000000000e+00 0.000000000000000000e+00 0.000000000000000000e+00 0.000000000000000000e+00 0.000000000000000000e+00 0.000000000000000000e+00 0.000000000000000000e+00 0.000000000000000000e+00 0.000000000000000000e+00 0.000000000000000000e+00
3.566333808844507954e-04 1.426533523537803182e-03 2.496433666191155351e-03 1.319543509272467878e-02 3.922967189728958533e-03 2.967189728958630757e-01 2.853067047075606363e-03 1.066333808844507902e-01 1.426533523537803182e-03 0.000000000000000000e+00 0.000000000000000000e+00 3.472222222222222029e-03 7.285595337218984252e-04 3.128991060025542587e-02 3.275384227765180088e-03 1.087408949011446357e-01 0.000000000000000000e+00 1.768659356207994316e-04 0.000000000000000000e+00 1.075153209332329815e-04 3.910833007430582469e-04 8.333333333333333218e-03 2.246313116515284616e-03 5.367069196856430816e-03 1.130680582735377193e-02 5.027932960893854650e-03 2.669336002669336124e-03 2.654580770475882187e-02 3.918495297805642480e-04 7.366893626520817223e-03 4.895960832313341060e-03 3.330249768732654759e-03 0.000000000000000000e+00 3.718508877939945821e-04 0.000000000000000000e+00 5.205622071837584519e-04 0.000000000000000000e+00 5.362888809438684165e-04 0.000000000000000000e+00 0.000000000000000000e+00 0.000000000000000000e+00 2.624671916010498651e-03 0.000000000000000000e+00 0.000000000000000000e+00 0.000000000000000000e+00 0.000000000000000000e+00 0.000000000000000000e+00 1.354096140825998649e-04 0.000000000000000000e+00 0.000000000000000000e+00 0.000000000000000000e+00 0.000000000000000000e+00 0.000000000000000000e+00 0.000000000000000000e+00 0.000000000000000000e+00 3.513086246267346042e-04 0.000000000000000000e+00 3.677281753327940193e-04 1.346619983840560144e-04 0.000000000000000000e+00 0.000000000000000000e+00 4.279905842071474479e-04 0.000000000000000000e+00 3.580379520229144555e-04 0.000000000000000000e+00 0.000000000000000000e+00 0.000000000000000000e+00 0.000000000000000000e+00 0.000000000000000000e+00 0.000000000000000000e+00 1.075980797881145520e-03 1.554475107854550418e-02 4.815795810257644935e-04 2.083333333333333218e-02 0.000000000000000000e+00 5.988023952095808747e-03 3.059039461609054851e-04 5.626105127792959543e-03 0.000000000000000000e+00 8.665511265164644239e-04 0.000000000000000000e+00 9.445418971798677467e-04 0.000000000000000000e+00 0.000000000000000000e+00 0.000000000000000000e+00 7.055740348755165821e-04 0.000000000000000000e+00 4.374453193350831266e-04 0.000000000000000000e+00 7.654037504783773628e-04 0.000000000000000000e+00 7.032348804500703366e-04 4.393673110720562125e-04 0.000000000000000000e+00 0.000000000000000000e+00 2.325581395348837177e-03 0.000000000000000000e+00 0.000000000000000000e+00 0.000000000000000000e+00 0.000000000000000000e+00 0.000000000000000000e+00 0.000000000000000000e+00 0.000000000000000000e+00 0.000000000000000000e+00 0.000000000000000000e+00 3.282994090610636632e-04 0.000000000000000000e+00 0.000000000000000000e+00 0.000000000000000000e+00 0.000000000000000000e+00 0.000000000000000000e+00 0.000000000000000000e+00 0.000000000000000000e+00 0.000000000000000000e+00 0.000000000000000000e+00 0.000000000000000000e+00
1.890369814154308215e-01 5.631687629059508281e-04 4.542894687441336593e-02 3.942181340341655363e-03 0.000000000000000000e+00 0.000000000000000000e+00 6.664163694387084669e-02 7.508916838746011041e-03 2.815843814529754140e-03 0.000000000000000000e+00 0.000000000000000000e+00 1.461988304093567170e-03 1.316611157368859364e-01 1.021711366538952852e-03 6.298815822625346457e-03 0.000000000000000000e+00 4.680763703551631821e-02 5.305978068623983489e-04 1.294322384163584978e-02 3.440490269863455408e-03 0.000000000000000000e+00 0.000000000000000000e+00 4.199628870006836927e-03 7.667241709794901010e-04 0.000000000000000000e+00 0.000000000000000000e+00 0.000000000000000000e+00 0.000000000000000000e+00 4.832810867293625690e-02 0.000000000000000000e+00 3.212974296205630288e-03 5.550416281221091626e-04 2.845142934561712463e-03 1.952217160918471705e-03 1.361470388019060500e-03 0.000000000000000000e+00 6.957328385899814310e-04 1.787629603146228055e-04 1.359619306594153556e-03 0.000000000000000000e+00 0.000000000000000000e+00 0.000000000000000000e+00 1.132759401903035836e-04 0.000000000000000000e+00 1.608751608751608699e-04 0.000000000000000000e+00 1.721763085399449084e-04 0.000000000000000000e+00 5.772561092938233987e-04 0.000000000000000000e+00 3.319196016964779793e-03 0.000000000000000000e+00 2.121855107608365976e-03 0.000000000000000000e+00 1.688238604389420347e-03 0.000000000000000000e+00 1.249305941143808926e-02 1.470912701331176077e-04 6.329113924050632813e-03 1.768033946251768094e-04 2.435007646159275535e-02 0.000000000000000000e+00 8.496395468589082803e-03 0.000000000000000000e+00 1.291028446389496688e-02 0.000000000000000000e+00 1.448295838563290472e-03 0.000000000000000000e+00 1.061946902654867329e-03 0.000000000000000000e+00 5.528885946035424354e-02 1.438060672464562019e-03 6.260534553334938523e-03 7.788161993769470185e-04 0.000000000000000000e+00 0.000000000000000000e+00 7.647598654022636855e-04 1.285966886352676516e-03 0.000000000000000000e+00 0.000000000000000000e+00 4.340277777777777971e-03 0.000000000000000000e+00 0.000000000000000000e+00 0.000000000000000000e+00 5.724049551473728813e-03 0.000000000000000000e+00 4.079967360261117911e-04 0.000000000000000000e+00 3.705287159754881016e-03 0.000000000000000000e+00 0.000000000000000000e+00 0.000000000000000000e+00 0.000000000000000000e+00 0.000000000000000000e+00 0.000000000000000000e+00 2.325581395348837177e-03 0.000000000000000000e+00 0.000000000000000000e+00 0.000000000000000000e+00 0.000000000000000000e+00 0.000000000000000000e+00 0.000000000000000000e+00 0.000000000000000000e+00 0.000000000000000000e+00 0.000000000000000000e+00 0.000000000000000000e+00 0.000000000000000000e+00 0.000000000000000000e+00 0.000000000000000000e+00 0.000000000000000000e+00 0.000000000000000000e+00 0.000000000000000000e+00 0.000000000000000000e+00 0.000000000000000000e+00 0.000000000000000000e+00 0.000000000000000000e+00
1.096491228070175378e-03 1.292032163742690143e-01 2.923976608187134341e-03 2.704678362573099265e-02 0.000000000000000000e+00 2.375730994152046652e-03 5.482456140350876889e-03 1.361476608187134618e-01 0.000000000000000000e+00 3.472222222222222029e-03 1.461988304093567170e-03 0.000000000000000000e+00 5.203996669442131299e-04 1.876117496807152007e-01 0.000000000000000000e+00 2.341311134235171589e-03 2.052966536645452558e-04 4.368588609833746333e-02 4.241896889275614292e-03 2.107300290291366437e-02 0.000000000000000000e+00 0.000000000000000000e+00 5.859947260474655849e-04 1.150086256469235206e-03 0.000000000000000000e+00 1.862197392923649840e-04 0.000000000000000000e+00 0.000000000000000000e+00 6.530825496342737829e-04 4.408974215872307062e-02 2.294981640146878839e-03 5.550416281221091626e-04 9.483809781872374516e-04 5.670726038858417417e-03 0.000000000000000000e+00 2.082248828735033808e-03 2.319109461966604860e-04 1.072577761887736833e-03 0.000000000000000000e+00 5.138746145940390657e-04 0.000000000000000000e+00 0.000000000000000000e+00 0.000000000000000000e+00 0.000000000000000000e+00 0.000000000000000000e+00 0.000000000000000000e+00 0.000000000000000000e+00 0.000000000000000000e+00 0.000000000000000000e+00 3.634601405379210017e-04 9.219988936013276903e-05 3.330742755634506281e-04 0.000000000000000000e+00 0.000000000000000000e+00 0.000000000000000000e+00 2.810468997013876834e-03 3.701647233018693283e-04 1.110539089505037900e-02 0.000000000000000000e+00 2.298444130127298441e-03 0.000000000000000000e+00 7.703830515728654280e-03 0.000000000000000000e+00 1.217329036877909040e-02 0.000000000000000000e+00 2.661596958174904885e-03 2.896591677126581052e-04 1.034875297526648055e-03 3.539823008849557581e-04 1.453911020645536501e-03 1.820890581029630797e-03 2.663836198041498460e-02 7.223693715386467944e-04 5.646417445482865803e-03 0.000000000000000000e+00 0.000000000000000000e+00 1.376567757724074656e-03 4.983121684616621284e-03 0.000000000000000000e+00 1.646447140381282481e-02 1.929012345679012239e-04 2.199433274861692031e-02 0.000000000000000000e+00 0.000000000000000000e+00 0.000000000000000000e+00 1.189396230218727965e-02 0.000000000000000000e+00 4.374453193350831266e-04 0.000000000000000000e+00 1.990049751243781057e-02 0.000000000000000000e+00 0.000000000000000000e+00 0.000000000000000000e+00 0.000000000000000000e+00 0.000000000000000000e+00 0.000000000000000000e+00 0.000000000000000000e+00 0.000000000000000000e+00 0.000000000000000000e+00 0.000000000000000000e+00 0.000000000000000000e+00 0.000000000000000000e+00 0.000000000000000000e+00 0.000000000000000000e+00 0.000000000000000000e+00 0.000000000000000000e+00 0.000000000000000000e+00 0.000000000000000000e+00 0.000000000000000000e+00 0.000000000000000000e+00 0.000000000000000000e+00 0.000000000000000000e+00 0.000000000000000000e+00 0.000000000000000000e+00 0.000000000000000000e+00 0.000000000000000000e+00
2.789342214820982394e-02 2.081598667776852682e-04 3.934221482098251149e-02 3.850957535387177205e-03 9.367194004995837205e-04 6.244796003330557775e-04 2.603039134054954129e-01 7.597835137385511653e-03 2.185678601165695276e-02 7.285595337218984252e-04 1.316611157368859364e-01 5.203996669442131299e-04 0.000000000000000000e+00 2.298850574712643646e-03 2.950365331317712503e-01 1.300728407908428733e-03 4.311229726955450453e-03 0.000000000000000000e+00 5.982162279747661737e-03 7.526072465326308705e-04 0.000000000000000000e+00 0.000000000000000000e+00 3.193671256958687671e-02 4.983707111366686253e-03 0.000000000000000000e+00 9.310986964618249472e-04 6.673340006673340310e-04 3.237293622531563762e-04 1.192528735632183839e-01 5.580980020091527542e-04 8.261933904528763473e-03 6.660499537465309518e-03 4.470938897168405361e-03 1.766291717021474441e-03 1.361470388019060500e-03 0.000000000000000000e+00 2.551020408163265103e-03 1.787629603146228055e-04 1.359619306594153556e-03 0.000000000000000000e+00 0.000000000000000000e+00 0.000000000000000000e+00 2.265518803806071673e-04 0.000000000000000000e+00 8.043758043758043224e-04 0.000000000000000000e+00 1.721763085399449084e-04 0.000000000000000000e+00 3.848374061958822296e-04 0.000000000000000000e+00 5.900792919048497218e-03 0.000000000000000000e+00 1.212488632919066396e-03 0.000000000000000000e+00 1.500656537235040260e-03 0.000000000000000000e+00 6.570423838608180876e-03 0.000000000000000000e+00 6.059789927282521055e-03 0.000000000000000000e+00 1.976238089636513443e-02 0.000000000000000000e+00 1.570545829042224381e-02 0.000000000000000000e+00 1.619256017505470505e-02 0.000000000000000000e+00 1.158636670850632421e-03 1.034875297526647973e-04 1.061946902654867329e-03 5.815644082582145788e-04 6.331733156762126002e-02 3.492433061699650679e-03 3.082109318564892758e-02 1.752336448598130819e-03 0.000000000000000000e+00 5.988023952095808747e-03 2.676659528907922997e-02 1.607458607940845429e-03 0.000000000000000000e+00 0.000000000000000000e+00 4.629629629629629373e-03 0.000000000000000000e+00 9.704027171276079309e-04 0.000000000000000000e+00 1.589064502349423272e-02 0.000000000000000000e+00 8.159934720522235823e-04 0.000000000000000000e+00 1.211343879150634205e-02 0.000000000000000000e+00 1.240181893344357179e-03 0.000000000000000000e+00 4.393673110720562125e-04 4.950495049504950555e-04 0.000000000000000000e+00 0.000000000000000000e+00 0.000000000000000000e+00 0.000000000000000000e+00 0.000000000000000000e+00 0.000000000000000000e+00 1.248439450686641711e-03 0.000000000000000000e+00 0.000000000000000000e+00 0.000000000000000000e+00 0.000000000000000000e+00 3.282994090610636632e-04 0.000000000000000000e+00 0.000000000000000000e+00 0.000000000000000000e+00 0.000000000000000000e+00 0.000000000000000000e+00 0.000000000000000000e+00 0.000000000000000000e+00 0.000000000000000000e+00 1.160092807424593919e-03 0.000000000000000000e+00
