0.000000000000000000e+00 2.081252081252081207e-02 3.059737736765420074e-02 3.023834934187122174e-03 5.017561465127947469e-04 0.000000000000000000e+00 1.098265895953757232e-01 7.207207207207207318e-04 1.061571125265392762e-03 0.000000000000000000e+00 1.649867374005304921e-01 0.000000000000000000e+00 1.960784313725490169e-02 0.000000000000000000e+00 5.711022272986864727e-04 0.000000000000000000e+00 1.989288446824789558e-01 6.035003017501508861e-04 5.893085203430031144e-02 1.425142514251425199e-02 0.000000000000000000e+00 0.000000000000000000e+00 1.080497028633171279e-03 3.723008190618019397e-04 0.000000000000000000e+00 0.000000000000000000e+00 0.000000000000000000e+00 0.000000000000000000e+00 4.269882659713167966e-02 9.803921568627450844e-04 0.000000000000000000e+00 0.000000000000000000e+00 3.339115351257589126e-02 1.501194131695667011e-02 1.360544217687074736e-03 0.000000000000000000e+00 1.140642303433001131e-01 9.842519685039369942e-04 0.000000000000000000e+00 0.000000000000000000e+00 1.940298507462686617e-01 0.000000000000000000e+00 0.000000000000000000e+00 0.000000000000000000e+00 9.932130441979805137e-04 1.646903820816864364e-04 0.000000000000000000e+00 0.000000000000000000e+00 2.015451797111185786e-03 0.000000000000000000e+00 7.831411077886943350e-03 0.000000000000000000e+00 4.662004662004662001e-04 0.000000000000000000e+00 0.000000000000000000e+00 0.000000000000000000e+00 2.605523710265763571e-01 0.000000000000000000e+00 3.022624434389140427e-02 2.712232167073501594e-04 2.086230876216968108e-02 0.000000000000000000e+00 6.129328838492185266e-03 0.000000000000000000e+00 1.146862057980248435e-02 0.000000000000000000e+00 4.726270185112248744e-03 4.682378648353363571e-04 6.577150659990896320e-02 2.924831822170225262e-03 4.325699745547073594e-02 4.616805170821791150e-04 2.277836055747040414e-02 1.825261620832319262e-03 3.240178209801539231e-03 0.000000000000000000e+00 3.308641975308641847e-02 2.007584207004238161e-03 0.000000000000000000e+00 0.000000000000000000e+00 9.025270758122744003e-04 0.000000000000000000e+00 2.932551319648093839e-03 0.000000000000000000e+00 1.636879906464005358e-02 0.000000000000000000e+00 0.000000000000000000e+00 0.000000000000000000e+00 1.108247422680412424e-02 0.000000000000000000e+00 4.108463434675431198e-04 5.473453749315818464e-04 0.000000000000000000e+00 0.000000000000000000e+00 7.462686567164178442e-02 0.000000000000000000e+00 0.000000000000000000e+00 0.000000000000000000e+00 0.000000000000000000e+00 0.000000000000000000e+00 0.000000000000000000e+00 0.000000000000000000e+00 2.707092582566323876e-04 0.000000000000000000e+00 0.000000000000000000e+00 0.000000000000000000e+00 0.000000000000000000e+00 0.000000000000000000e+00 0.000000000000000000e+00 0.000000000000000000e+00 0.000000000000000000e+00 0.000000000000000000e+00 0.000000000000000000e+00 0.000000000000000000e+00 0.000000000000000000e+00 0.000000000000000000e+00
2.081252081252081207e-02 0.000000000000000000e+00 2.752145054233446839e-03 4.215581643543223067e-02 0.000000000000000000e+00 0.000000000000000000e+00 1.849710982658959481e-03 1.873873873873873885e-01 0.000000000000000000e+00 3.992015968063871920e-03 0.000000000000000000e+00 2.825159914712153594e-02 0.000000000000000000e+00 5.450464892593780489e-03 0.000000000000000000e+00 9.940357852882702756e-04 7.651109410864575123e-04 6.004828002414001192e-02 1.076445904032110983e-02 1.033603360336033672e-01 0.000000000000000000e+00 0.000000000000000000e+00 0.000000000000000000e+00 7.446016381236038794e-04 0.000000000000000000e+00 1.682085786375105054e-03 0.000000000000000000e+00 0.000000000000000000e+00 6.518904823989569563e-04 6.307189542483659928e-02 1.647446457990115343e-03 9.182736455463728084e-04 4.076322636600173549e-02 3.536904355737518352e-02 2.721088435374149472e-03 0.000000000000000000e+00 7.751937984496123923e-03 1.077755905511811052e-01 0.000000000000000000e+00 0.000000000000000000e+00 0.000000000000000000e+00 2.916666666666666852e-01 0.000000000000000000e+00 0.000000000000000000e+00 0.000000000000000000e+00 9.881422924901185102e-04 0.000000000000000000e+00 0.000000000000000000e+00 0.000000000000000000e+00 1.208791208791208790e-03 2.847785846504343106e-04 4.304359900027769983e-03 0.000000000000000000e+00 2.032520325203252031e-04 0.000000000000000000e+00 0.000000000000000000e+00 1.302761855132881759e-03 1.656274980015987330e-01 3.619909502262443372e-04 2.305397342012476328e-02 0.000000000000000000e+00 2.588066139468008647e-02 0.000000000000000000e+00 9.285051067780871956e-03 0.000000000000000000e+00 2.153762268266085078e-02 7.877116975187081239e-04 1.716872171062899886e-03 2.025489303595812488e-02 1.447791751974261409e-01 8.481764206955046560e-04 1.057248384118190249e-01 1.798291622958189629e-03 4.307617425164273622e-02 0.000000000000000000e+00 1.201823456278491506e-02 5.925925925925925632e-03 9.413339281730984109e-02 0.000000000000000000e+00 0.000000000000000000e+00 3.008423586040914668e-04 3.804911795226565384e-03 0.000000000000000000e+00 0.000000000000000000e+00 0.000000000000000000e+00 4.511490201607218711e-03 0.000000000000000000e+00 0.000000000000000000e+00 0.000000000000000000e+00 3.301782962799911913e-03 2.054231717337715816e-03 2.189381499726327385e-03 4.873294346978557234e-04 0.000000000000000000e+00 2.238805970149253602e-02 0.000000000000000000e+00 0.000000000000000000e+00 0.000000000000000000e+00 2.670226969292389778e-03 2.702702702702702853e-03 0.000000000000000000e+00 0.000000000000000000e+00 2.707092582566323876e-04 1.569858712715855665e-03 0.000000000000000000e+00 9.165902841429881143e-04 5.067567567567567849e-03 3.710575139146567777e-03 0.000000000000000000e+00 0.000000000000000000e+00 0.000000000000000000e+00 0.000000000000000000e+00 0.000000000000000000e+00 0.000000000000000000e+00 0.000000000000000000e+00 0.000000000000000000e+00
3.059737736765420074e-02 2.752145054233446839e-03 0.000000000000000000e+00 3.023834934187122174e-03 7.827395885599598702e-02 1.156737998843261920e-03 1.694797687861271662e-01 2.342342342342342357e-02 9.872611464968153450e-02 2.994011976047904373e-03 6.472148541114058906e-02 2.931769722814499095e-03 6.238859180035650348e-02 2.244309073420968411e-03 3.198172472872644334e-02 4.970178926441351378e-04 1.071155317521040561e-02 2.414001207000603545e-03 1.614668856048166456e-01 4.050405040504050612e-03 0.000000000000000000e+00 0.000000000000000000e+00 3.554835224203133359e-01 6.701414743112434590e-03 5.747126436781609116e-03 8.410428931875525271e-04 1.261034047919293820e-03 0.000000000000000000e+00 2.542372881355932368e-02 2.614379084967320081e-03 6.342668863261943790e-02 2.203856749311294827e-02 2.601908065915004356e-02 8.984419424542249011e-03 0.000000000000000000e+00 4.849660523763336625e-04 2.104097452934662257e-02 0.000000000000000000e+00 0.000000000000000000e+00 0.000000000000000000e+00 2.985074626865671585e-02 0.000000000000000000e+00 1.751313485113835443e-04 0.000000000000000000e+00 1.986426088395961027e-03 0.000000000000000000e+00 0.000000000000000000e+00 0.000000000000000000e+00 4.198857910648303576e-03 0.000000000000000000e+00 9.682471878114766450e-03 1.388503193557345252e-04 0.000000000000000000e+00 0.000000000000000000e+00 4.937052579609972798e-04 0.000000000000000000e+00 8.077123501823865737e-03 6.394884092725819846e-04 1.194570135746606324e-02 8.136696501220504240e-04 3.940658321743162155e-03 0.000000000000000000e+00 6.129328838492184833e-04 0.000000000000000000e+00 5.415737496017839978e-03 2.726281352235550835e-04 2.097282394643560505e-02 9.364757296706727142e-04 6.599908966772872511e-03 0.000000000000000000e+00 3.562340966921119512e-02 1.385041551246537399e-03 8.736700134871872025e-02 3.285470917498174628e-03 1.863102470635884939e-02 0.000000000000000000e+00 1.197530864197530881e-01 4.238233325897836599e-03 0.000000000000000000e+00 0.000000000000000000e+00 3.008423586040914668e-04 0.000000000000000000e+00 2.932551319648093839e-03 0.000000000000000000e+00 3.507599799565725828e-03 1.409840688002255847e-04 0.000000000000000000e+00 0.000000000000000000e+00 3.865979381443299112e-03 0.000000000000000000e+00 0.000000000000000000e+00 0.000000000000000000e+00 0.000000000000000000e+00 0.000000000000000000e+00 4.477611940298507204e-02 0.000000000000000000e+00 0.000000000000000000e+00 0.000000000000000000e+00 0.000000000000000000e+00 0.000000000000000000e+00 0.000000000000000000e+00 0.000000000000000000e+00 2.707092582566323876e-04 1.962323390894819581e-04 5.847953216374269115e-04 0.000000000000000000e+00 0.000000000000000000e+00 0.000000000000000000e+00 0.000000000000000000e+00 0.000000000000000000e+00 0.000000000000000000e+00 0.000000000000000000e+00 0.000000000000000000e+00 2.375296912114014357e-03 0.000000000000000000e+00 0.000000000000000000e+00
3.023834934187122174e-03 4.215581643543223067e-02 3.023834934187122174e-03 0.000000000000000000e+00 1.505268439538384349e-03 1.214574898785425114e-02 8.092485549132947403e-03 1.300900900900900936e-01 0.000000000000000000e+00 1.197604790419161749e-02 1.061007957559681599e-03 5.650319829424307189e-02 3.565062388591800258e-04 1.955755049695415138e-02 0.000000000000000000e+00 7.455268389662027609e-03 1.785258862535067529e-03 3.047676523838261861e-02 6.568144499178981723e-03 1.308130813081308241e-01 0.000000000000000000e+00 0.000000000000000000e+00 7.293354943273906189e-03 3.696947133283693399e-01 2.298850574712643646e-03 1.497056349873843450e-01 1.261034047919293820e-03 1.543209876543209791e-03 3.259452411994784781e-04 3.366013071895424674e-02 1.482701812191103766e-02 1.735537190082644676e-01 6.938421509106677994e-03 3.070624360286591456e-02 6.802721088435373679e-04 4.849660523763336625e-04 0.000000000000000000e+00 2.066929133858267861e-02 0.000000000000000000e+00 0.000000000000000000e+00 0.000000000000000000e+00 3.333333333333333148e-01 0.000000000000000000e+00 0.000000000000000000e+00 0.000000000000000000e+00 3.293807641633728729e-04 0.000000000000000000e+00 0.000000000000000000e+00 0.000000000000000000e+00 1.428571428571428570e-03 0.000000000000000000e+00 5.554012774229381008e-04 0.000000000000000000e+00 0.000000000000000000e+00 0.000000000000000000e+00 0.000000000000000000e+00 0.000000000000000000e+00 9.912070343725019189e-03 5.429864253393665600e-04 1.762950908597776117e-02 0.000000000000000000e+00 2.156721782890007062e-03 0.000000000000000000e+00 1.392757660167130923e-03 0.000000000000000000e+00 2.998909487459105756e-03 2.953918865695155465e-04 9.208678008428282033e-03 9.103322712790168532e-04 8.482012284293653434e-03 4.240882103477523280e-04 4.801477377654662926e-02 2.098006893451221343e-03 8.432708688245314776e-02 4.050222762251924039e-04 9.117281392457520992e-03 1.481481481481481408e-03 9.413339281730984109e-02 0.000000000000000000e+00 0.000000000000000000e+00 3.008423586040914668e-04 3.459010722933241258e-04 0.000000000000000000e+00 2.028397565922920864e-03 0.000000000000000000e+00 5.639362752009023389e-04 0.000000000000000000e+00 0.000000000000000000e+00 0.000000000000000000e+00 8.804754567466431406e-04 1.232539030402629359e-03 1.642036124794745431e-03 0.000000000000000000e+00 0.000000000000000000e+00 1.492537313432835792e-02 0.000000000000000000e+00 0.000000000000000000e+00 0.000000000000000000e+00 0.000000000000000000e+00 0.000000000000000000e+00 0.000000000000000000e+00 0.000000000000000000e+00 1.082837033026529550e-03 3.924646781789639161e-04 0.000000000000000000e+00 0.000000000000000000e+00 8.445945945945946415e-03 0.000000000000000000e+00 0.000000000000000000e+00 0.000000000000000000e+00 0.000000000000000000e+00 0.000000000000000000e+00 0.000000000000000000e+00 0.000000000000000000e+00 0.000000000000000000e+00 0.000000000000000000e+00
5.017561465127947469e-04 0.000000000000000000e+00 7.827395885599598702e-02 1.505268439538384349e-03 0.000000000000000000e+00 1.156737998843261920e-03 3.005780346820809048e-03 0.000000000000000000e+00 2.813163481953290801e-01 4.990019960079840333e-03 0.000000000000000000e+00 0.000000000000000000e+00 1.782531194295900075e-03 0.000000000000000000e+00 1.810394060536835992e-01 0.000000000000000000e+00 0.000000000000000000e+00 0.000000000000000000e+00 1.824484583105272640e-04 0.000000000000000000e+00 1.745200698080279266e-03 0.000000000000000000e+00 3.079416531604537918e-02 0.000000000000000000e+00 3.678160919540229834e-01 8.410428931875525271e-04 2.597730138713745252e-01 0.000000000000000000e+00 3.259452411994784781e-04 0.000000000000000000e+00 8.237232289950576283e-03 2.295684113865931967e-03 0.000000000000000000e+00 2.274536563175253031e-04 0.000000000000000000e+00 0.000000000000000000e+00 0.000000000000000000e+00 0.000000000000000000e+00 0.000000000000000000e+00 0.000000000000000000e+00 0.000000000000000000e+00 0.000000000000000000e+00 0.000000000000000000e+00 0.000000000000000000e+00 0.000000000000000000e+00 0.000000000000000000e+00 0.000000000000000000e+00 0.000000000000000000e+00 0.000000000000000000e+00 0.000000000000000000e+00 0.000000000000000000e+00 0.000000000000000000e+00 0.000000000000000000e+00 0.000000000000000000e+00 0.000000000000000000e+00 0.000000000000000000e+00 5.211047420531526387e-04 0.000000000000000000e+00 1.809954751131221686e-04 0.000000000000000000e+00 4.636068613815484251e-04 0.000000000000000000e+00 0.000000000000000000e+00 0.000000000000000000e+00 0.000000000000000000e+00 0.000000000000000000e+00 0.000000000000000000e+00 0.000000000000000000e+00 0.000000000000000000e+00 0.000000000000000000e+00 2.247667514843087327e-02 0.000000000000000000e+00 4.001198861081971953e-02 2.433682161109758943e-04 8.100445524503848077e-04 0.000000000000000000e+00 6.913580246913580626e-03 0.000000000000000000e+00 0.000000000000000000e+00 0.000000000000000000e+00 0.000000000000000000e+00 0.000000000000000000e+00 0.000000000000000000e+00 0.000000000000000000e+00 1.670285618840821771e-04 0.000000000000000000e+00 0.000000000000000000e+00 0.000000000000000000e+00 2.577319587628866039e-04 0.000000000000000000e+00 0.000000000000000000e+00 0.000000000000000000e+00 0.000000000000000000e+00 0.000000000000000000e+00 0.000000000000000000e+00 0.000000000000000000e+00 0.000000000000000000e+00 0.000000000000000000e+00 0.000000000000000000e+00 0.000000000000000000e+00 0.000000000000000000e+00 0.000000000000000000e+00 0.000000000000000000e+00 0.000000000000000000e+00 0.000000000000000000e+00 0.000000000000000000e+00 0.000000000000000000e+00 0.000000000000000000e+00 0.000000000000000000e+00 0.000000000000000000e+00 0.000000000000000000e+00 0.000000000000000000e+00 0.000000000000000000e+00 0.000000000000000000e+00 0.000000000000000000e+00 0.000000000000000000e+00
0.000000000000000000e+00 0.000000000000000000e+00 1.156737998843261920e-03 1.214574898785425114e-02 1.156737998843261920e-03 0.000000000000000000e+00 2.312138728323699351e-04 3.603603603603603659e-04 0.000000000000000000e+00 1.327345309381237626e-01 0.000000000000000000e+00 2.665245202558635344e-04 0.000000000000000000e+00 2.244309073420968411e-03 0.000000000000000000e+00 1.804174950298210733e-01 0.000000000000000000e+00 0.000000000000000000e+00 0.000000000000000000e+00 1.500150015001500267e-04 1.221640488656195421e-02 2.325581395348837177e-02 5.402485143165856396e-04 7.818317200297840788e-03 0.000000000000000000e+00 4.230445752733389408e-01 1.261034047919293820e-03 2.430555555555555525e-01 0.000000000000000000e+00 3.267973856209150101e-04 1.647446457990115343e-03 1.515151515151515194e-02 2.168256721595836873e-04 7.960877971113385337e-04 0.000000000000000000e+00 0.000000000000000000e+00 0.000000000000000000e+00 0.000000000000000000e+00 0.000000000000000000e+00 0.000000000000000000e+00 0.000000000000000000e+00 0.000000000000000000e+00 0.000000000000000000e+00 0.000000000000000000e+00 0.000000000000000000e+00 1.646903820816864364e-04 0.000000000000000000e+00 0.000000000000000000e+00 0.000000000000000000e+00 0.000000000000000000e+00 0.000000000000000000e+00 0.000000000000000000e+00 0.000000000000000000e+00 0.000000000000000000e+00 0.000000000000000000e+00 0.000000000000000000e+00 0.000000000000000000e+00 1.598721023181454961e-04 0.000000000000000000e+00 0.000000000000000000e+00 0.000000000000000000e+00 0.000000000000000000e+00 0.000000000000000000e+00 0.000000000000000000e+00 0.000000000000000000e+00 0.000000000000000000e+00 0.000000000000000000e+00 1.560792882784454614e-04 0.000000000000000000e+00 0.000000000000000000e+00 1.696352841391009312e-03 1.338873499538319536e-02 0.000000000000000000e+00 3.017765879776101307e-02 0.000000000000000000e+00 4.973062577704102753e-03 0.000000000000000000e+00 1.115324559446799002e-03 0.000000000000000000e+00 0.000000000000000000e+00 0.000000000000000000e+00 3.459010722933241258e-04 0.000000000000000000e+00 0.000000000000000000e+00 0.000000000000000000e+00 0.000000000000000000e+00 0.000000000000000000e+00 0.000000000000000000e+00 0.000000000000000000e+00 0.000000000000000000e+00 0.000000000000000000e+00 0.000000000000000000e+00 0.000000000000000000e+00 0.000000000000000000e+00 0.000000000000000000e+00 0.000000000000000000e+00 0.000000000000000000e+00 0.000000000000000000e+00 0.000000000000000000e+00 0.000000000000000000e+00 0.000000000000000000e+00 0.000000000000000000e+00 0.000000000000000000e+00 0.000000000000000000e+00 0.000000000000000000e+00 0.000000000000000000e+00 0.000000000000000000e+00 0.000000000000000000e+00 0.000000000000000000e+00 0.000000000000000000e+00 0.000000000000000000e+00 0.000000000000000000e+00 0.000000000000000000e+00 0.000000000000000000e+00 0.000000000000000000e+00 0.000000000000000000e+00
1.098265895953757232e-01 1.849710982658959481e-03 1.694797687861271662e-01 8.092485549132947403e-03 3.005780346820809048e-03 2.312138728323699351e-04 0.000000000000000000e+00 3.099099099099099017e-02 1.178343949044586003e-01 0.000000000000000000e+00 1.374005305039787683e-01 6.396588486140724825e-03 2.566844919786096524e-01 1.923693491503687117e-03 1.484865790976584894e-02 0.000000000000000000e+00 4.590665646518745507e-03 3.017501508750754431e-04 1.806239737274219909e-02 7.050705070507050712e-03 0.000000000000000000e+00 0.000000000000000000e+00 1.053484602917341938e-02 5.212211466865227481e-03 0.000000000000000000e+00 0.000000000000000000e+00 0.000000000000000000e+00 0.000000000000000000e+00 2.444589308996088575e-02 2.614379084967320081e-03 3.459637561779242004e-02 9.641873278236914868e-03 1.300954032957502178e-03 8.756965768224723654e-03 0.000000000000000000e+00 0.000000000000000000e+00 3.322259136212624663e-03 0.000000000000000000e+00 0.000000000000000000e+00 0.000000000000000000e+00 1.492537313432835792e-02 0.000000000000000000e+00 0.000000000000000000e+00 0.000000000000000000e+00 1.820890581029630797e-03 0.000000000000000000e+00 0.000000000000000000e+00 0.000000000000000000e+00 2.183406113537117790e-03 1.098901098901098900e-04 7.119464616260857276e-03 0.000000000000000000e+00 0.000000000000000000e+00 0.000000000000000000e+00 1.481115773882991839e-03 0.000000000000000000e+00 2.084418968212610815e-02 0.000000000000000000e+00 1.122171945701357434e-02 0.000000000000000000e+00 8.808530366249419860e-03 7.189072609633357595e-04 6.129328838492184833e-04 0.000000000000000000e+00 1.210576616756928875e-02 2.726281352235550835e-04 1.083103584088223725e-03 1.560792882784454614e-04 9.103322712790168532e-04 0.000000000000000000e+00 9.626802374893977943e-02 1.385041551246537399e-03 3.911284279934062330e-02 3.528839133609150847e-03 6.480356419603078462e-03 0.000000000000000000e+00 7.308641975308642624e-02 3.122908766451037380e-03 0.000000000000000000e+00 0.000000000000000000e+00 6.016847172081829336e-03 0.000000000000000000e+00 0.000000000000000000e+00 0.000000000000000000e+00 2.171371304493068324e-02 0.000000000000000000e+00 0.000000000000000000e+00 0.000000000000000000e+00 1.340206185567010232e-02 0.000000000000000000e+00 4.108463434675431198e-04 0.000000000000000000e+00 0.000000000000000000e+00 0.000000000000000000e+00 5.223880597014925187e-02 0.000000000000000000e+00 0.000000000000000000e+00 0.000000000000000000e+00 0.000000000000000000e+00 2.702702702702702853e-03 0.000000000000000000e+00 0.000000000000000000e+00 0.000000000000000000e+00 1.962323390894819581e-04 0.000000000000000000e+00 0.000000000000000000e+00 0.000000000000000000e+00 0.000000000000000000e+00 0.000000000000000000e+00 0.000000000000000000e+00 0.000000000000000000e+00 0.000000000000000000e+00 0.000000000000000000e+00 0.000000000000000000e+00 0.000000000000000000e+00 0.000000000000000000e+00
7.207207207207207318e-04 1.873873873873873885e-01 2.342342342342342357e-02 1.300900900900900936e-01 0.000000000000000000e+00 3.603603603603603659e-04 3.099099099099099017e-02 0.000000000000000000e+00 0.000000000000000000e+00 1.796407185628742451e-02 4.244031830238726398e-03 8.848614072494669081e-02 1.782531194295900075e-03 8.752805386341776239e-02 0.000000000000000000e+00 2.335984095427435375e-02 2.550369803621525041e-04 7.242003621001810200e-03 5.108556832694764044e-03 2.130213021302130097e-02 0.000000000000000000e+00 0.000000000000000000e+00 1.944894651539708433e-02 1.414743112434847273e-02 0.000000000000000000e+00 0.000000000000000000e+00 6.305170239596469099e-04 0.000000000000000000e+00 2.281616688396349239e-03 6.209150326797385246e-03 1.894563426688632493e-02 4.591368227731863934e-03 3.902862098872506534e-03 9.666780393494825083e-03 0.000000000000000000e+00 0.000000000000000000e+00 1.107419712070874815e-03 9.842519685039369942e-04 0.000000000000000000e+00 0.000000000000000000e+00 0.000000000000000000e+00 0.000000000000000000e+00 0.000000000000000000e+00 0.000000000000000000e+00 0.000000000000000000e+00 1.646903820816864256e-03 0.000000000000000000e+00 0.000000000000000000e+00 3.359086328518642796e-04 2.197802197802197800e-03 0.000000000000000000e+00 5.554012774229380792e-03 0.000000000000000000e+00 4.065040650406504062e-04 0.000000000000000000e+00 2.257846014901783622e-04 0.000000000000000000e+00 8.153477218225419626e-03 0.000000000000000000e+00 5.424464334147002971e-03 4.636068613815484251e-04 1.078360891445003661e-02 0.000000000000000000e+00 2.321262766945217989e-03 3.185727938834023612e-04 2.290076335877862593e-02 2.953918865695155465e-04 2.965506477290463360e-03 0.000000000000000000e+00 2.924831822170225154e-04 0.000000000000000000e+00 2.585410895660203087e-02 4.645586692641989930e-03 1.277683134582623461e-02 0.000000000000000000e+00 4.144218814753418780e-04 3.950617283950617377e-03 6.468882444791434171e-03 0.000000000000000000e+00 0.000000000000000000e+00 0.000000000000000000e+00 5.880318228986510139e-03 0.000000000000000000e+00 0.000000000000000000e+00 1.670285618840821771e-04 4.652474270407444025e-03 0.000000000000000000e+00 0.000000000000000000e+00 0.000000000000000000e+00 3.962139555359894295e-03 0.000000000000000000e+00 5.473453749315818464e-04 0.000000000000000000e+00 0.000000000000000000e+00 0.000000000000000000e+00 0.000000000000000000e+00 1.215066828675577049e-03 0.000000000000000000e+00 0.000000000000000000e+00 0.000000000000000000e+00 0.000000000000000000e+00 0.000000000000000000e+00 2.707092582566323876e-04 0.000000000000000000e+00 0.000000000000000000e+00 0.000000000000000000e+00 0.000000000000000000e+00 0.000000000000000000e+00 0.000000000000000000e+00 0.000000000000000000e+00 0.000000000000000000e+00 0.000000000000000000e+00 0.000000000000000000e+00 0.000000000000000000e+00 0.000000000000000000e+00 0.000000000000000000e+00
1.061571125265392762e-03 0.000000000000000000e+00 9.872611464968153450e-02 0.000000000000000000e+00 2.813163481953290801e-01 0.000000000000000000e+00 1.178343949044586003e-01 0.000000000000000000e+00 0.000000000000000000e+00 9.980039920159679799e-04 0.000000000000000000e+00 0.000000000000000000e+00 2.388591800356506395e-02 0.000000000000000000e+00 1.142204454597372937e-01 0.000000000000000000e+00 7.651109410864575123e-04 0.000000000000000000e+00 0.000000000000000000e+00 0.000000000000000000e+00 0.000000000000000000e+00 0.000000000000000000e+00 4.862236628849271082e-03 0.000000000000000000e+00 1.149425287356321823e-02 0.000000000000000000e+00 1.387137452711223289e-02 0.000000000000000000e+00 1.629726205997392499e-03 0.000000000000000000e+00 0.000000000000000000e+00 9.182736455463728084e-04 0.000000000000000000e+00 0.000000000000000000e+00 0.000000000000000000e+00 0.000000000000000000e+00 0.000000000000000000e+00 0.000000000000000000e+00 0.000000000000000000e+00 0.000000000000000000e+00 0.000000000000000000e+00 0.000000000000000000e+00 0.000000000000000000e+00 0.000000000000000000e+00 0.000000000000000000e+00 0.000000000000000000e+00 0.000000000000000000e+00 0.000000000000000000e+00 0.000000000000000000e+00 0.000000000000000000e+00 0.000000000000000000e+00 0.000000000000000000e+00 0.000000000000000000e+00 0.000000000000000000e+00 0.000000000000000000e+00 0.000000000000000000e+00 7.816571130797290122e-04 0.000000000000000000e+00 1.809954751131221686e-04 0.000000000000000000e+00 6.954102920723226377e-04 0.000000000000000000e+00 0.000000000000000000e+00 0.000000000000000000e+00 3.185727938834023612e-04 0.000000000000000000e+00 1.969279243796770310e-04 0.000000000000000000e+00 2.275830678197542133e-04 0.000000000000000000e+00 5.089058524173028369e-03 0.000000000000000000e+00 1.393676007792597066e-02 0.000000000000000000e+00 0.000000000000000000e+00 0.000000000000000000e+00 3.703703703703703845e-03 2.230649118893598167e-04 3.875968992248061962e-03 0.000000000000000000e+00 9.025270758122744003e-04 0.000000000000000000e+00 0.000000000000000000e+00 0.000000000000000000e+00 6.681142475363287085e-04 0.000000000000000000e+00 0.000000000000000000e+00 0.000000000000000000e+00 7.731958762886597574e-04 0.000000000000000000e+00 0.000000000000000000e+00 0.000000000000000000e+00 0.000000000000000000e+00 0.000000000000000000e+00 0.000000000000000000e+00 0.000000000000000000e+00 0.000000000000000000e+00 0.000000000000000000e+00 0.000000000000000000e+00 0.000000000000000000e+00 0.000000000000000000e+00 0.000000000000000000e+00 0.000000000000000000e+00 0.000000000000000000e+00 0.000000000000000000e+00 0.000000000000000000e+00 0.000000000000000000e+00 0.000000000000000000e+00 0.000000000000000000e+00 0.000000000000000000e+00 1.398601398601398600e-03 0.000000000000000000e+00 0.000000000000000000e+00 0.000000000000000000e+00 0.000000000000000000e+00 0.000000000000000000e+00
0.000000000000000000e+00 3.992015968063871920e-03 2.994011976047904373e-03 1.197604790419161749e-02 4.990019960079840333e-03 1.327345309381237626e-01 0.000000000000000000e+00 1.796407185628742451e-02 9.980039920159679799e-04 0.000000000000000000e+00 0.000000000000000000e+00 3.731343283582089481e-03 0.000000000000000000e+00 1.795447258736774729e-02 0.000000000000000000e+00 2.340954274353876652e-01 0.000000000000000000e+00 0.000000000000000000e+00 0.000000000000000000e+00 1.500150015001500267e-04 1.745200698080279266e-03 0.000000000000000000e+00 5.402485143165856396e-04 1.116902457185405765e-03 1.149425287356321823e-03 2.270815811606391801e-02 1.891551071878940730e-03 3.858024691358024477e-03 0.000000000000000000e+00 3.921568627450980338e-03 4.942339373970345597e-03 2.295684113865931967e-03 0.000000000000000000e+00 2.274536563175253031e-04 0.000000000000000000e+00 0.000000000000000000e+00 0.000000000000000000e+00 0.000000000000000000e+00 0.000000000000000000e+00 0.000000000000000000e+00 0.000000000000000000e+00 0.000000000000000000e+00 0.000000000000000000e+00 0.000000000000000000e+00 0.000000000000000000e+00 0.000000000000000000e+00 0.000000000000000000e+00 0.000000000000000000e+00 0.000000000000000000e+00 0.000000000000000000e+00 0.000000000000000000e+00 0.000000000000000000e+00 0.000000000000000000e+00 0.000000000000000000e+00 0.000000000000000000e+00 0.000000000000000000e+00 0.000000000000000000e+00 3.197442046362909923e-04 0.000000000000000000e+00 0.000000000000000000e+00 0.000000000000000000e+00 0.000000000000000000e+00 0.000000000000000000e+00 4.642525533890436411e-04 0.000000000000000000e+00 2.726281352235550835e-04 0.000000000000000000e+00 0.000000000000000000e+00 0.000000000000000000e+00 0.000000000000000000e+00 4.240882103477523280e-04 2.308402585410895737e-03 0.000000000000000000e+00 2.117303480165490248e-02 0.000000000000000000e+00 7.045171985080812306e-03 0.000000000000000000e+00 2.899843854561677536e-03 0.000000000000000000e+00 0.000000000000000000e+00 0.000000000000000000e+00 0.000000000000000000e+00 0.000000000000000000e+00 0.000000000000000000e+00 0.000000000000000000e+00 2.819681376004511695e-04 0.000000000000000000e+00 0.000000000000000000e+00 0.000000000000000000e+00 0.000000000000000000e+00 0.000000000000000000e+00 0.000000000000000000e+00 0.000000000000000000e+00 0.000000000000000000e+00 7.462686567164178962e-03 0.000000000000000000e+00 0.000000000000000000e+00 0.000000000000000000e+00 0.000000000000000000e+00 0.000000000000000000e+00 0.000000000000000000e+00 0.000000000000000000e+00 0.000000000000000000e+00 0.000000000000000000e+00 0.000000000000000000e+00 0.000000000000000000e+00 0.000000000000000000e+00 0.000000000000000000e+00 0.000000000000000000e+00 0.000000000000000000e+00 0.000000000000000000e+00 0.000000000000000000e+00 0.000000000000000000e+00 0.000000000000000000e+00 0.000000000000000000e+00 0.000000000000000000e+00
1.649867374005304921e-01 0.000000000000000000e+00 6.472148541114058906e-02 1.061007957559681599e-03 0.000000000000000000e+00 0.000000000000000000e+00 1.374005305039787683e-01 4.244031830238726398e-03 0.000000000000000000e+00 0.000000000000000000e+00 0.000000000000000000e+00 0.000000000000000000e+00 1.315508021390374427e-01 0.000000000000000000e+00 5.711022272986864727e-04 0.000000000000000000e+00 6.273909716908951384e-02 3.017501508750754431e-04 1.751505199781061908e-02 1.050105010501050078e-03 0.000000000000000000e+00 0.000000000000000000e+00 6.482982171799027242e-03 0.000000000000000000e+00 0.000000000000000000e+00 0.000000000000000000e+00 0.000000000000000000e+00 0.000000000000000000e+00 5.704041720990873227e-02 0.000000000000000000e+00 3.294892915980230687e-03 4.591368227731864042e-04 2.818733738074587908e-03 1.023541453428863891e-03 0.000000000000000000e+00 0.000000000000000000e+00 0.000000000000000000e+00 0.000000000000000000e+00 0.000000000000000000e+00 0.000000000000000000e+00 0.000000000000000000e+00 0.000000000000000000e+00 0.000000000000000000e+00 0.000000000000000000e+00 3.310710147326601351e-04 0.000000000000000000e+00 0.000000000000000000e+00 0.000000000000000000e+00 3.359086328518642796e-04 0.000000000000000000e+00 9.967250462765201140e-04 0.000000000000000000e+00 0.000000000000000000e+00 0.000000000000000000e+00 0.000000000000000000e+00 0.000000000000000000e+00 1.250651380927566420e-02 1.598721023181454961e-04 1.447963800904977349e-03 0.000000000000000000e+00 9.503940658321743257e-03 0.000000000000000000e+00 2.758197977321483283e-03 4.642525533890436411e-04 8.282892640968460632e-03 0.000000000000000000e+00 3.938558487593540620e-04 0.000000000000000000e+00 6.827492034592626399e-04 0.000000000000000000e+00 1.102629346904156031e-02 0.000000000000000000e+00 2.847295069683800518e-03 1.216841080554879472e-04 4.050222762251924039e-04 0.000000000000000000e+00 2.469135802469135752e-03 2.230649118893598167e-04 0.000000000000000000e+00 0.000000000000000000e+00 6.016847172081829336e-04 0.000000000000000000e+00 0.000000000000000000e+00 0.000000000000000000e+00 3.173542675797561257e-03 0.000000000000000000e+00 0.000000000000000000e+00 0.000000000000000000e+00 1.288659793814432965e-03 0.000000000000000000e+00 0.000000000000000000e+00 0.000000000000000000e+00 0.000000000000000000e+00 0.000000000000000000e+00 7.462686567164178962e-03 0.000000000000000000e+00 0.000000000000000000e+00 0.000000000000000000e+00 0.000000000000000000e+00 0.000000000000000000e+00 0.000000000000000000e+00 0.000000000000000000e+00 0.000000000000000000e+00 0.000000000000000000e+00 0.000000000000000000e+00 0.000000000000000000e+00 0.000000000000000000e+00 0.000000000000000000e+00 0.000000000000000000e+00 0.000000000000000000e+00 0.000000000000000000e+00 0.000000000000000000e+00 0.000000000000000000e+00 0.000000000000000000e+00 0.000000000000000000e+00 0.000000000000000000e+00
0.000000000000000000e+00 2.825159914712153594e-02 2.931769722814499095e-03 5.650319829424307189e-02 0.000000000000000000e+00 2.665245202558635344e-04 6.396588486140724825e-03 8.848614072494669081e-02 0.000000000000000000e+00 3.731343283582089481e-03 0.000000000000000000e+00 0.000000000000000000e+00 0.000000000000000000e+00 4.934273805706957394e-01 0.000000000000000000e+00 2.037773359840954271e-02 0.000000000000000000e+00 1.056125528062764052e-01 1.094690749863163693e-03 1.455145514551455140e-02 0.000000000000000000e+00 0.000000000000000000e+00 1.080497028633171279e-03 1.787043931496649224e-02 0.000000000000000000e+00 8.410428931875525271e-04 0.000000000000000000e+00 0.000000000000000000e+00 9.778357235984355428e-04 8.333333333333332871e-02 2.471169686985172798e-03 8.264462809917355601e-03 6.504770164787510890e-04 1.523939497327419547e-02 0.000000000000000000e+00 0.000000000000000000e+00 0.000000000000000000e+00 9.842519685039369942e-04 0.000000000000000000e+00 0.000000000000000000e+00 0.000000000000000000e+00 0.000000000000000000e+00 0.000000000000000000e+00 0.000000000000000000e+00 0.000000000000000000e+00 3.293807641633728729e-04 0.000000000000000000e+00 0.000000000000000000e+00 0.000000000000000000e+00 6.593406593406593401e-04 0.000000000000000000e+00 4.165509580672035485e-04 0.000000000000000000e+00 0.000000000000000000e+00 0.000000000000000000e+00 0.000000000000000000e+00 0.000000000000000000e+00 7.513988808952837967e-03 0.000000000000000000e+00 1.084892866829400638e-03 0.000000000000000000e+00 1.222142343637670769e-02 0.000000000000000000e+00 5.571030640668523694e-03 0.000000000000000000e+00 8.178844056706652613e-03 0.000000000000000000e+00 2.965506477290463360e-03 0.000000000000000000e+00 0.000000000000000000e+00 0.000000000000000000e+00 2.446906740535549282e-02 1.948149258204705594e-03 2.324166463859820078e-02 4.050222762251924039e-04 1.657687525901367512e-03 1.728395061728395157e-03 3.792103502119116478e-03 0.000000000000000000e+00 0.000000000000000000e+00 0.000000000000000000e+00 1.279833967485299179e-02 0.000000000000000000e+00 0.000000000000000000e+00 0.000000000000000000e+00 7.895107852812631444e-03 0.000000000000000000e+00 0.000000000000000000e+00 0.000000000000000000e+00 5.943209333039841877e-03 0.000000000000000000e+00 0.000000000000000000e+00 0.000000000000000000e+00 0.000000000000000000e+00 7.462686567164178962e-03 0.000000000000000000e+00 0.000000000000000000e+00 0.000000000000000000e+00 0.000000000000000000e+00 0.000000000000000000e+00 0.000000000000000000e+00 0.000000000000000000e+00 2.707092582566323876e-04 0.000000000000000000e+00 0.000000000000000000e+00 0.000000000000000000e+00 0.000000000000000000e+00 0.000000000000000000e+00 0.000000000000000000e+00 0.000000000000000000e+00 0.000000000000000000e+00 0.000000000000000000e+00 0.000000000000000000e+00 0.000000000000000000e+00 0.000000000000000000e+00 0.000000000000000000e+00
1.960784313725490169e-02 0.000000000000000000e+00 6.238859180035650348e-02 3.565062388591800258e-04 1.782531194295900075e-03 0.000000000000000000e+00 2.566844919786096524e-01 1.782531194295900075e-03 2.388591800356506395e-02 0.000000000000000000e+00 1.315508021390374427e-01 0.000000000000000000e+00 0.000000000000000000e+00 0.000000000000000000e+00 4.346087949743003831e-01 0.000000000000000000e+00 4.335628666156592786e-03 3.017501508750754431e-04 1.824484583105272749e-03 1.500150015001500267e-04 0.000000000000000000e+00 0.000000000000000000e+00 1.188546731496488429e-02 1.489203276247207759e-03 0.000000000000000000e+00 0.000000000000000000e+00 0.000000000000000000e+00 0.000000000000000000e+00 7.366362451108213194e-02 3.267973856209150101e-04 9.060955518945633738e-03 2.754820936639118534e-03 6.504770164787510890e-04 3.411804844762879817e-04 0.000000000000000000e+00 0.000000000000000000e+00 0.000000000000000000e+00 0.000000000000000000e+00 0.000000000000000000e+00 0.000000000000000000e+00 0.000000000000000000e+00 0.000000000000000000e+00 0.000000000000000000e+00 0.000000000000000000e+00 0.000000000000000000e+00 0.000000000000000000e+00 0.000000000000000000e+00 0.000000000000000000e+00 0.000000000000000000e+00 0.000000000000000000e+00 5.695571693008686211e-04 0.000000000000000000e+00 4.662004662004662001e-04 0.000000000000000000e+00 2.468526289804986399e-04 0.000000000000000000e+00 5.211047420531527037e-03 0.000000000000000000e+00 7.239819004524886744e-04 0.000000000000000000e+00 9.040333796940195482e-03 0.000000000000000000e+00 1.838798651547655450e-03 0.000000000000000000e+00 7.327174259318254036e-03 0.000000000000000000e+00 1.969279243796770310e-04 0.000000000000000000e+00 4.551661356395084266e-04 0.000000000000000000e+00 2.162849872773536797e-02 0.000000000000000000e+00 1.168889554922823357e-02 4.867364322219517887e-04 2.430133657351154098e-03 0.000000000000000000e+00 7.407407407407407690e-03 2.230649118893598167e-04 0.000000000000000000e+00 0.000000000000000000e+00 1.805054151624548801e-03 0.000000000000000000e+00 0.000000000000000000e+00 0.000000000000000000e+00 6.013028227826958810e-03 0.000000000000000000e+00 0.000000000000000000e+00 0.000000000000000000e+00 1.546391752577319515e-03 0.000000000000000000e+00 0.000000000000000000e+00 0.000000000000000000e+00 0.000000000000000000e+00 0.000000000000000000e+00 0.000000000000000000e+00 0.000000000000000000e+00 0.000000000000000000e+00 0.000000000000000000e+00 0.000000000000000000e+00 0.000000000000000000e+00 0.000000000000000000e+00 0.000000000000000000e+00 0.000000000000000000e+00 0.000000000000000000e+00 0.000000000000000000e+00 0.000000000000000000e+00 0.000000000000000000e+00 0.000000000000000000e+00 0.000000000000000000e+00 0.000000000000000000e+00 0.000000000000000000e+00 0.000000000000000000e+00 0.000000000000000000e+00 0.000000000000000000e+00 0.000000000000000000e+00 0.000000000000000000e+00
