2.878735773490782024e-01 4.736573084095871966e-01 3.650140211893944109e-01 4.871559223556228835e-01 3.336576463550544602e-01 0.000000000000000000e+00 3.607476310304627565e-01 4.627480116294063195e-01 3.442268866330516763e-01 0.000000000000000000e+00 3.269756457030046359e-01 4.605058966749251415e-01 3.791649701585464993e-01 4.474280450832187617e-01 3.847271335031327566e-01 4.488102205882352758e-01 3.042735500746550081e-01 4.674812487105139414e-01 3.981870162175832339e-01 4.958217301966462709e-01 3.966932051282051619e-01 0.000000000000000000e+00 4.152511735618469868e-01 0.000000000000000000e+00 0.000000000000000000e+00 0.000000000000000000e+00 0.000000000000000000e+00 0.000000000000000000e+00 4.107955787966370842e-01 4.785058063005358520e-01 4.052728083546258131e-01 4.188668217468805577e-01 4.183052928725828346e-01 4.959955843036069623e-01 0.000000000000000000e+00 0.000000000000000000e+00 4.613904751252238534e-01 4.860461649884471602e-01 4.647147460317460621e-01 0.000000000000000000e+00 4.253641653543307477e-01 0.000000000000000000e+00 0.000000000000000000e+00 0.000000000000000000e+00 4.345793272447182609e-01 4.515133862068965720e-01 0.000000000000000000e+00 0.000000000000000000e+00 4.429292139322163480e-01 5.095609545454545808e-01 4.352683133662814674e-01 4.614121257466977655e-01 4.186930642942417458e-01 0.000000000000000000e+00 4.257694272276967840e-01 0.000000000000000000e+00 3.081755261659073208e-01 4.614702036199368473e-01 4.356020437794536626e-01 4.677518219559108070e-01 4.252537710627170009e-01 0.000000000000000000e+00 3.997127122126584164e-01 4.351797085543765986e-01 4.333692428170126121e-01 0.000000000000000000e+00 4.279620906629198474e-01 4.863611734404020837e-01 2.827983849766181335e-01 4.977190933287944929e-01 3.679624787700496724e-01 4.704562906482671059e-01 3.893946825782538812e-01 4.689739142030461272e-01 4.300798552631578398e-01 0.000000000000000000e+00 3.802606297791715217e-01 4.550958230412128769e-01 0.000000000000000000e+00 0.000000000000000000e+00 4.022090922913769684e-01 0.000000000000000000e+00 0.000000000000000000e+00 0.000000000000000000e+00 4.269848076070931753e-01 4.566161424246117928e-01 0.000000000000000000e+00 0.000000000000000000e+00 4.270859082968985754e-01 0.000000000000000000e+00 4.691664636830933932e-01 4.526150599398873209e-01 0.000000000000000000e+00 4.476142367282019419e-01 4.520812651247307912e-01 4.479732347118531299e-01 4.465803084112148769e-01 0.000000000000000000e+00 4.058958989931658601e-01 4.523074177175283594e-01 0.000000000000000000e+00 0.000000000000000000e+00 4.326810384615384919e-01 4.580823671468240432e-01 4.406173953727303694e-01 4.760385769230769948e-01 0.000000000000000000e+00 4.774552755905511758e-01 4.628922010433387246e-01 3.947345253333333082e-01 0.000000000000000000e+00 4.388256434782609183e-01 0.000000000000000000e+00 4.023292600000000774e-01 0.000000000000000000e+00 0.000000000000000000e+00
4.736573084095871966e-01 2.811841650585705787e-01 4.872154702417720862e-01 3.198439158212651456e-01 0.000000000000000000e+00 3.669014383097224385e-01 4.638790755703626756e-01 2.985149758956029409e-01 0.000000000000000000e+00 3.910949069125173594e-01 4.439879326216779609e-01 3.346250981249382916e-01 0.000000000000000000e+00 3.640751754167185772e-01 0.000000000000000000e+00 3.814310757800461471e-01 4.618240832614629032e-01 3.390325964867806907e-01 4.919432890150114979e-01 3.364552599951968759e-01 0.000000000000000000e+00 0.000000000000000000e+00 4.616215517132209456e-01 4.060187500978688635e-01 0.000000000000000000e+00 0.000000000000000000e+00 0.000000000000000000e+00 3.749958484848485152e-01 4.744339685893974035e-01 3.842909426121199346e-01 4.485856402963290801e-01 4.226643661578556865e-01 4.857843326086436764e-01 4.254539428022172110e-01 4.505754999999999622e-01 0.000000000000000000e+00 5.147707854374813374e-01 4.733682207294971911e-01 0.000000000000000000e+00 4.143619613755896158e-01 0.000000000000000000e+00 0.000000000000000000e+00 0.000000000000000000e+00 4.008211764705882918e-01 0.000000000000000000e+00 4.163111265228603419e-01 0.000000000000000000e+00 0.000000000000000000e+00 4.388229384615384698e-01 4.321969379273625789e-01 0.000000000000000000e+00 4.226216472663701373e-01 0.000000000000000000e+00 0.000000000000000000e+00 0.000000000000000000e+00 4.190636057443874463e-01 4.678914153524256214e-01 2.994065168322185277e-01 5.019438448275862497e-01 4.234405205739625866e-01 4.543459446116833722e-01 4.077891405671406067e-01 4.638930143649996896e-01 4.051777449952569388e-01 4.669215714285714913e-01 4.217164178390792606e-01 4.889208905115394188e-01 4.202243221583695787e-01 4.951483367961745929e-01 3.232085915928796238e-01 4.772631601378903854e-01 3.647277041262979580e-01 4.673848017275479272e-01 3.808272776370669743e-01 0.000000000000000000e+00 3.801279342858399080e-01 4.512100058382917944e-01 3.866320990739743890e-01 0.000000000000000000e+00 0.000000000000000000e+00 4.902736499999999498e-01 4.206887411596368920e-01 0.000000000000000000e+00 0.000000000000000000e+00 4.249611386212939212e-01 4.293458561858701783e-01 0.000000000000000000e+00 4.012053731343284135e-01 4.760899183673469870e-01 4.424746666746258716e-01 4.478625734754034804e-01 4.619194938361104730e-01 4.392487014925373634e-01 4.241376410925653540e-01 4.636852648735863558e-01 4.284101406194412154e-01 0.000000000000000000e+00 4.842253563218391066e-01 4.592017282343107132e-01 4.746920694233512927e-01 0.000000000000000000e+00 4.368086183206106865e-01 4.446960313718581470e-01 4.383003462120821370e-01 0.000000000000000000e+00 4.215738947646243129e-01 4.383086583333332675e-01 4.307854799941880919e-01 4.248239984226999666e-01 3.517536103896103938e-01 4.839879774011299762e-01 0.000000000000000000e+00 3.987212743589744202e-01 4.126553109243698003e-01 4.484193387833984024e-01 4.635313809523809447e-01
3.650140211893944109e-01 4.872154702417720862e-01 2.736608803420057523e-01 4.575701026492799972e-01 1.876821854111935528e-01 3.966473652113114423e-01 3.094304844621852957e-01 4.464182465515961207e-01 2.241787890624037938e-01 4.295639625962173747e-01 3.977202310867163360e-01 4.663391573651418098e-01 3.496433054956061826e-01 4.418075795284577834e-01 3.077677798275684218e-01 4.219933284132169615e-01 3.968341958082344800e-01 4.603385521235588973e-01 3.221853118110107328e-01 4.997414352696553097e-01 2.997200566037735991e-01 0.000000000000000000e+00 2.327764853058391370e-01 4.288801778281488564e-01 2.270216443462927391e-01 4.114626421284315327e-01 2.847367186990124033e-01 3.832329673913044132e-01 3.313361802884238205e-01 4.551351966419792117e-01 3.456764139040584549e-01 4.091092971231126141e-01 4.187134392666801985e-01 4.823181103670635128e-01 4.456787384224318305e-01 0.000000000000000000e+00 4.482559766186460237e-01 5.348923617021276167e-01 4.205508267115191101e-01 0.000000000000000000e+00 3.860910151515151156e-01 0.000000000000000000e+00 4.444272676643585829e-01 0.000000000000000000e+00 4.453835901701881927e-01 4.921418870967741999e-01 4.508887016129033420e-01 0.000000000000000000e+00 4.433660171568009623e-01 0.000000000000000000e+00 4.275075135628379486e-01 4.891515760869565854e-01 4.157228987780339780e-01 0.000000000000000000e+00 4.196908933357474392e-01 0.000000000000000000e+00 4.222082393824142521e-01 4.635326921680755774e-01 4.437712484775497290e-01 4.132027164033596489e-01 4.029531663451423884e-01 4.484134796747967222e-01 4.023891482152850974e-01 4.479929092452830108e-01 4.120956435781107929e-01 0.000000000000000000e+00 4.439371104226281783e-01 4.444644094488189312e-01 3.850825525644561154e-01 0.000000000000000000e+00 3.587287527000379006e-01 4.653999536222612754e-01 3.751868190843863360e-01 4.472062190191180009e-01 3.410357878597614634e-01 4.223798351648351268e-01 3.985772805924389095e-01 4.548567811140832862e-01 4.028073404255319012e-01 0.000000000000000000e+00 3.720331439195241341e-01 0.000000000000000000e+00 0.000000000000000000e+00 0.000000000000000000e+00 3.995483768914643852e-01 0.000000000000000000e+00 0.000000000000000000e+00 0.000000000000000000e+00 3.948843801831890543e-01 0.000000000000000000e+00 4.148355033057851138e-01 4.020042820089576030e-01 0.000000000000000000e+00 0.000000000000000000e+00 4.318226606943697532e-01 4.679016133333333549e-01 4.376771973684210337e-01 3.868728918918919457e-01 4.552140548194844594e-01 4.361946234597652849e-01 0.000000000000000000e+00 4.410710534148656881e-01 4.245388018018018128e-01 3.953365357142857306e-01 0.000000000000000000e+00 4.360504455919236855e-01 0.000000000000000000e+00 0.000000000000000000e+00 4.198116403030368593e-01 0.000000000000000000e+00 0.000000000000000000e+00 4.350563369891263799e-01 4.208062520325202560e-01 0.000000000000000000e+00 0.000000000000000000e+00 0.000000000000000000e+00
4.871559223556228835e-01 3.198439158212651456e-01 4.575701026492799972e-01 2.442017409808926454e-01 4.242399130107527006e-01 1.646453085840711983e-01 4.470321890847699930e-01 3.054485793576580677e-01 4.382422742132079385e-01 1.782853082619703655e-01 4.630459076258391371e-01 3.769391552992797378e-01 4.355865636513586714e-01 3.507449378437348941e-01 4.235509122267908100e-01 3.285773960090187518e-01 4.522945498256253360e-01 3.900740688653476229e-01 4.947881778481599269e-01 2.801791009429015489e-01 0.000000000000000000e+00 0.000000000000000000e+00 4.194688589812767820e-01 2.598803231135181635e-01 4.102129439384680776e-01 2.549635441863075669e-01 0.000000000000000000e+00 3.068968329804599438e-01 4.700156145927597007e-01 3.508146456589217865e-01 4.070828401383198569e-01 3.512070217971945407e-01 5.044794594105664887e-01 4.038553678591596530e-01 0.000000000000000000e+00 4.781350474337993650e-01 5.032538462971405391e-01 4.426886711893146531e-01 0.000000000000000000e+00 4.488413060759710027e-01 0.000000000000000000e+00 0.000000000000000000e+00 0.000000000000000000e+00 4.460232682926829617e-01 0.000000000000000000e+00 3.718791092107684992e-01 0.000000000000000000e+00 4.749600366972476784e-01 0.000000000000000000e+00 4.336504343030374020e-01 0.000000000000000000e+00 4.145998944359342020e-01 0.000000000000000000e+00 4.324078041237113257e-01 0.000000000000000000e+00 0.000000000000000000e+00 4.807527098345230621e-01 3.884233410022620014e-01 5.155009384615385493e-01 4.151180437971117576e-01 4.761149986548879331e-01 4.117019425938410748e-01 4.513339084967319947e-01 3.712697089921411231e-01 0.000000000000000000e+00 4.028985955149123055e-01 4.957653969875818190e-01 4.180764506923719814e-01 5.060661664717360786e-01 3.556137856989263768e-01 4.577194284648900546e-01 3.749837915420916046e-01 4.456433416989125651e-01 3.665377353580043240e-01 0.000000000000000000e+00 3.365543167438323491e-01 4.486779846047013187e-01 3.911944340467177206e-01 0.000000000000000000e+00 0.000000000000000000e+00 4.157370827586206463e-01 4.277050398437499679e-01 0.000000000000000000e+00 0.000000000000000000e+00 4.749679060402684505e-01 4.083104881554749377e-01 0.000000000000000000e+00 0.000000000000000000e+00 4.122772034883721570e-01 3.919482208439023507e-01 4.394923408042251678e-01 4.454161242275030963e-01 4.361932543547452079e-01 4.280115870391515975e-01 4.417541222116828092e-01 4.214838615844769265e-01 4.153627074941963482e-01 0.000000000000000000e+00 4.229089212383769780e-01 4.381054763563758114e-01 0.000000000000000000e+00 3.878747999999999641e-01 4.229039070639050157e-01 4.209225492061777207e-01 4.328245920747677555e-01 4.337376665241149953e-01 4.176334552845528680e-01 4.669027999999999512e-01 0.000000000000000000e+00 3.672527907129338742e-01 4.324640940170940695e-01 4.713190999999999908e-01 4.197761707670555342e-01 4.321235213675214126e-01 0.000000000000000000e+00 4.433409306930692906e-01
3.336576463550544602e-01 0.000000000000000000e+00 1.876821854111935528e-01 4.242399130107527006e-01 2.140031683747730396e-01 3.713809161240674839e-01 2.228066959815043213e-01 4.022059795907514945e-01 2.200010578869433797e-01 4.308245511627905588e-01 3.411822489316239659e-01 4.074171367521366993e-01 3.163063866144019132e-01 0.000000000000000000e+00 2.658194898885813395e-01 4.034699633992388512e-01 0.000000000000000000e+00 0.000000000000000000e+00 3.361944396001785296e-01 0.000000000000000000e+00 2.834806521619662734e-01 0.000000000000000000e+00 1.919169748525600960e-01 4.464143862068965518e-01 2.361518517797889238e-01 4.018371436022408205e-01 2.406197853055163371e-01 0.000000000000000000e+00 3.158669947729688121e-01 0.000000000000000000e+00 3.270799783282100082e-01 3.749146496057760292e-01 3.707617539702159348e-01 4.202521222222223019e-01 0.000000000000000000e+00 0.000000000000000000e+00 0.000000000000000000e+00 0.000000000000000000e+00 0.000000000000000000e+00 0.000000000000000000e+00 0.000000000000000000e+00 0.000000000000000000e+00 0.000000000000000000e+00 0.000000000000000000e+00 0.000000000000000000e+00 0.000000000000000000e+00 0.000000000000000000e+00 0.000000000000000000e+00 0.000000000000000000e+00 0.000000000000000000e+00 3.944377251908396942e-01 0.000000000000000000e+00 4.513958617886179026e-01 0.000000000000000000e+00 0.000000000000000000e+00 0.000000000000000000e+00 0.000000000000000000e+00 0.000000000000000000e+00 4.106152720588235328e-01 0.000000000000000000e+00 4.295995294117646579e-01 0.000000000000000000e+00 3.840784149040825657e-01 0.000000000000000000e+00 3.851811764705881380e-01 0.000000000000000000e+00 4.071102500000000068e-01 0.000000000000000000e+00 0.000000000000000000e+00 0.000000000000000000e+00 3.000273120251142345e-01 4.240931937589876854e-01 3.255642031775526912e-01 3.862506051925025385e-01 3.140786649024985278e-01 0.000000000000000000e+00 3.303067439763189839e-01 0.000000000000000000e+00 0.000000000000000000e+00 0.000000000000000000e+00 3.577014959349593126e-01 0.000000000000000000e+00 0.000000000000000000e+00 0.000000000000000000e+00 3.962410048773364890e-01 0.000000000000000000e+00 0.000000000000000000e+00 0.000000000000000000e+00 3.768828093770278942e-01 0.000000000000000000e+00 0.000000000000000000e+00 0.000000000000000000e+00 0.000000000000000000e+00 0.000000000000000000e+00 0.000000000000000000e+00 0.000000000000000000e+00 0.000000000000000000e+00 0.000000000000000000e+00 0.000000000000000000e+00 0.000000000000000000e+00 0.000000000000000000e+00 0.000000000000000000e+00 0.000000000000000000e+00 0.000000000000000000e+00 0.000000000000000000e+00 0.000000000000000000e+00 0.000000000000000000e+00 0.000000000000000000e+00 0.000000000000000000e+00 0.000000000000000000e+00 0.000000000000000000e+00 0.000000000000000000e+00 0.000000000000000000e+00 0.000000000000000000e+00 0.000000000000000000e+00 0.000000000000000000e+00
0.000000000000000000e+00 3.669014383097224385e-01 3.966473652113114423e-01 1.646453085840711983e-01 3.713809161240674839e-01 1.886205184389542211e-01 4.146220962620700279e-01 2.337746112697793033e-01 4.020472948835813742e-01 2.225420091189394545e-01 0.000000000000000000e+00 3.365345552308591781e-01 4.334904642857141943e-01 3.212199572242652179e-01 4.114291438481980645e-01 2.690583786615055040e-01 0.000000000000000000e+00 3.655828433417721568e-01 0.000000000000000000e+00 3.907151276595745015e-01 4.017981616202945805e-01 3.260994014645325345e-01 4.046427652960962740e-01 1.729387419766668654e-01 3.941956688940880804e-01 2.304923075651950926e-01 4.286787224742891755e-01 2.430955824269312171e-01 0.000000000000000000e+00 3.225305796711764872e-01 3.880233706649361403e-01 3.478371608941605575e-01 0.000000000000000000e+00 3.388325853658536446e-01 0.000000000000000000e+00 0.000000000000000000e+00 0.000000000000000000e+00 0.000000000000000000e+00 0.000000000000000000e+00 0.000000000000000000e+00 0.000000000000000000e+00 0.000000000000000000e+00 0.000000000000000000e+00 0.000000000000000000e+00 0.000000000000000000e+00 0.000000000000000000e+00 0.000000000000000000e+00 0.000000000000000000e+00 0.000000000000000000e+00 0.000000000000000000e+00 0.000000000000000000e+00 3.425952847682118829e-01 0.000000000000000000e+00 0.000000000000000000e+00 0.000000000000000000e+00 0.000000000000000000e+00 0.000000000000000000e+00 3.957911111111110380e-01 0.000000000000000000e+00 3.525729481481481575e-01 0.000000000000000000e+00 0.000000000000000000e+00 0.000000000000000000e+00 0.000000000000000000e+00 0.000000000000000000e+00 3.536160281802007699e-01 0.000000000000000000e+00 0.000000000000000000e+00 0.000000000000000000e+00 3.767017886178861685e-01 4.441753653086477072e-01 3.339419504176954212e-01 4.255484498439558450e-01 3.460799021778058204e-01 0.000000000000000000e+00 3.284724558683331797e-01 3.896311521739130312e-01 3.590808722794121000e-01 0.000000000000000000e+00 0.000000000000000000e+00 0.000000000000000000e+00 3.507193140495867278e-01 0.000000000000000000e+00 0.000000000000000000e+00 0.000000000000000000e+00 4.426045905797101332e-01 0.000000000000000000e+00 0.000000000000000000e+00 0.000000000000000000e+00 3.704862621359223396e-01 0.000000000000000000e+00 3.755381176470588001e-01 0.000000000000000000e+00 0.000000000000000000e+00 0.000000000000000000e+00 3.971364854368932273e-01 0.000000000000000000e+00 0.000000000000000000e+00 3.652024166666666405e-01 0.000000000000000000e+00 0.000000000000000000e+00 0.000000000000000000e+00 0.000000000000000000e+00 0.000000000000000000e+00 0.000000000000000000e+00 4.052034633027522537e-01 0.000000000000000000e+00 0.000000000000000000e+00 0.000000000000000000e+00 0.000000000000000000e+00 0.000000000000000000e+00 0.000000000000000000e+00 0.000000000000000000e+00 0.000000000000000000e+00 0.000000000000000000e+00 0.000000000000000000e+00
3.607476310304627565e-01 4.638790755703626756e-01 3.094304844621852957e-01 4.470321890847699930e-01 2.228066959815043213e-01 4.146220962620700279e-01 2.898907436945125649e-01 4.414328398912819584e-01 2.059233717485208504e-01 4.224668521231542684e-01 3.688917523761527373e-01 4.654152461911663097e-01 3.028964523677163956e-01 4.444418678002595713e-01 3.146435744355090547e-01 4.248217701885103059e-01 3.856751554825909034e-01 4.587168455530535316e-01 4.028927922932110106e-01 4.803893101225430451e-01 0.000000000000000000e+00 0.000000000000000000e+00 3.706928008421669918e-01 4.462656624445332509e-01 3.298290534654291228e-01 4.314079769085027438e-01 0.000000000000000000e+00 4.093245578947368180e-01 3.217362712790733381e-01 4.581082848359419590e-01 3.340504683687183785e-01 4.264504184609603787e-01 4.147488902870770655e-01 4.743120049592509657e-01 3.910493529411764868e-01 0.000000000000000000e+00 4.245466568532440532e-01 5.190918050158603858e-01 3.937894609375000021e-01 0.000000000000000000e+00 0.000000000000000000e+00 0.000000000000000000e+00 0.000000000000000000e+00 0.000000000000000000e+00 4.287807864583332851e-01 0.000000000000000000e+00 0.000000000000000000e+00 0.000000000000000000e+00 4.259605020347661530e-01 0.000000000000000000e+00 4.175559968519546028e-01 4.705373986486486859e-01 4.100759346721478127e-01 0.000000000000000000e+00 4.082016026906309381e-01 0.000000000000000000e+00 3.922731736097297972e-01 4.413944383388286319e-01 4.222261450715433795e-01 0.000000000000000000e+00 4.184816794194243239e-01 4.429249000000000658e-01 4.124934192578812997e-01 4.333476666666666310e-01 4.230578998665275314e-01 4.569508559999999608e-01 4.321525592000825533e-01 4.566198880597014953e-01 4.039929076041304801e-01 4.734164948453608024e-01 3.400609105919422670e-01 4.762714725322072518e-01 3.707040403818314123e-01 4.481671677696077993e-01 2.973625102040816093e-01 0.000000000000000000e+00 3.757499383979207574e-01 4.496504129577332254e-01 0.000000000000000000e+00 0.000000000000000000e+00 3.771090597893538843e-01 4.358396492537313094e-01 4.065053726708073856e-01 0.000000000000000000e+00 4.021586333985506800e-01 4.402399249128627901e-01 4.190452542980911965e-01 0.000000000000000000e+00 4.054088136801962117e-01 4.387386804733728329e-01 4.215927169210120229e-01 4.130465599594586035e-01 0.000000000000000000e+00 4.118339637681159848e-01 4.146309008113954198e-01 4.388464377896613700e-01 4.144418666666667139e-01 4.511301167883211560e-01 4.198662991452990489e-01 4.958502469135802615e-01 0.000000000000000000e+00 4.124461297709924312e-01 0.000000000000000000e+00 0.000000000000000000e+00 4.037088018767570619e-01 0.000000000000000000e+00 0.000000000000000000e+00 0.000000000000000000e+00 4.485373617021276016e-01 0.000000000000000000e+00 0.000000000000000000e+00 0.000000000000000000e+00 0.000000000000000000e+00 0.000000000000000000e+00 0.000000000000000000e+00 0.000000000000000000e+00
4.627480116294063195e-01 2.985149758956029409e-01 4.464182465515961207e-01 3.054485793576580677e-01 4.022059795907514945e-01 2.337746112697793033e-01 4.414328398912819584e-01 2.419044186833982091e-01 4.215910764970016156e-01 1.993736343241470366e-01 4.475249349711235003e-01 2.773392699275580298e-01 4.268945390776385240e-01 2.561441467449127041e-01 0.000000000000000000e+00 3.026928883946499171e-01 4.526353968128499772e-01 3.738782429307886401e-01 4.727807673342067640e-01 3.841817202504249629e-01 0.000000000000000000e+00 0.000000000000000000e+00 4.260680118295449570e-01 3.536173739847405240e-01 3.762576163242771221e-01 2.185243246286421859e-01 4.050989710888459605e-01 3.388378289783428032e-01 4.452651917115873492e-01 3.303667479224852155e-01 4.078094888064943691e-01 3.544480815320685263e-01 4.725769218990331089e-01 4.059075081087092918e-01 0.000000000000000000e+00 3.420804001065749222e-01 4.849896921159601026e-01 4.326337145945740592e-01 0.000000000000000000e+00 4.055244675324675141e-01 0.000000000000000000e+00 0.000000000000000000e+00 0.000000000000000000e+00 4.038254461591814781e-01 0.000000000000000000e+00 3.836644285069391591e-01 0.000000000000000000e+00 4.059926752136751582e-01 0.000000000000000000e+00 3.808915447448708580e-01 4.794808115103874613e-01 3.839371694608927355e-01 0.000000000000000000e+00 3.853412142704548127e-01 0.000000000000000000e+00 3.650409932978955774e-01 4.422345125722562109e-01 3.923147527779778376e-01 4.576578473425143012e-01 3.914446670731305256e-01 4.749139531250000101e-01 3.761907310996089326e-01 3.998642039473684351e-01 3.906543747571598613e-01 4.475503703703704317e-01 3.854375933586887681e-01 4.583756356463408732e-01 4.198445759519831566e-01 0.000000000000000000e+00 3.920203724069998841e-01 4.538819657084360304e-01 3.316739145150698342e-01 4.383111152976495450e-01 3.461875383522511340e-01 0.000000000000000000e+00 0.000000000000000000e+00 4.435601045826183531e-01 3.704802638697560768e-01 0.000000000000000000e+00 4.107713080988692478e-01 0.000000000000000000e+00 3.983726027390212532e-01 0.000000000000000000e+00 0.000000000000000000e+00 4.308680701895251652e-01 3.944945534206563686e-01 4.210269936305732208e-01 0.000000000000000000e+00 4.407248589058000987e-01 4.037926010474821581e-01 4.170741176470587619e-01 4.132672813923215505e-01 4.721745370370371009e-01 3.847721154169143065e-01 4.341407581961965745e-01 4.224161048183546208e-01 3.696014272727272676e-01 0.000000000000000000e+00 4.458499230769230603e-01 4.378296144087220898e-01 0.000000000000000000e+00 0.000000000000000000e+00 0.000000000000000000e+00 4.609046547619047862e-01 0.000000000000000000e+00 4.240919610147751984e-01 0.000000000000000000e+00 0.000000000000000000e+00 4.361240909474367600e-01 3.842715714285713791e-01 4.838929803921568906e-01 4.137090172413793177e-01 3.968654474452554815e-01 0.000000000000000000e+00 0.000000000000000000e+00 0.000000000000000000e+00
3.442268866330516763e-01 0.000000000000000000e+00 2.241787890624037938e-01 4.382422742132079385e-01 2.200010578869433797e-01 4.020472948835813742e-01 2.059233717485208504e-01 4.215910764970016156e-01 2.106826893614391905e-01 4.003526547619046805e-01 3.572057565415145963e-01 0.000000000000000000e+00 2.260132093072514392e-01 4.255380713694906225e-01 2.682594755446831014e-01 4.142957668390433446e-01 3.887892071177529441e-01 0.000000000000000000e+00 3.534276511627907347e-01 0.000000000000000000e+00 3.478075427559912391e-01 0.000000000000000000e+00 2.912947480795935462e-01 4.118168431004574637e-01 2.764321507936507438e-01 4.100137588110770448e-01 3.080146366122402113e-01 0.000000000000000000e+00 3.155703832829106492e-01 4.339052205705705711e-01 3.231043342258266837e-01 3.867957508598259264e-01 3.504388481012657985e-01 0.000000000000000000e+00 0.000000000000000000e+00 0.000000000000000000e+00 4.071003758865248678e-01 0.000000000000000000e+00 0.000000000000000000e+00 0.000000000000000000e+00 0.000000000000000000e+00 0.000000000000000000e+00 0.000000000000000000e+00 0.000000000000000000e+00 0.000000000000000000e+00 0.000000000000000000e+00 0.000000000000000000e+00 0.000000000000000000e+00 0.000000000000000000e+00 0.000000000000000000e+00 0.000000000000000000e+00 0.000000000000000000e+00 0.000000000000000000e+00 0.000000000000000000e+00 0.000000000000000000e+00 0.000000000000000000e+00 3.419939166666666197e-01 4.283644285714285349e-01 0.000000000000000000e+00 0.000000000000000000e+00 3.991888963105694743e-01 0.000000000000000000e+00 4.045381824649684210e-01 0.000000000000000000e+00 4.170743189758744918e-01 0.000000000000000000e+00 0.000000000000000000e+00 4.407996503067484473e-01 3.909525833333332701e-01 0.000000000000000000e+00 2.956860310260184255e-01 3.914971566265059710e-01 3.248212302193630441e-01 3.361222178217822543e-01 3.007944181818181795e-01 0.000000000000000000e+00 3.286645511939821351e-01 0.000000000000000000e+00 0.000000000000000000e+00 0.000000000000000000e+00 3.774331975895462987e-01 0.000000000000000000e+00 0.000000000000000000e+00 0.000000000000000000e+00 3.843942413728368979e-01 0.000000000000000000e+00 0.000000000000000000e+00 0.000000000000000000e+00 3.825859126606456773e-01 0.000000000000000000e+00 0.000000000000000000e+00 3.758148911564625494e-01 0.000000000000000000e+00 0.000000000000000000e+00 0.000000000000000000e+00 0.000000000000000000e+00 0.000000000000000000e+00 0.000000000000000000e+00 3.697784961240309642e-01 0.000000000000000000e+00 0.000000000000000000e+00 0.000000000000000000e+00 0.000000000000000000e+00 0.000000000000000000e+00 0.000000000000000000e+00 0.000000000000000000e+00 0.000000000000000000e+00 0.000000000000000000e+00 0.000000000000000000e+00 0.000000000000000000e+00 0.000000000000000000e+00 0.000000000000000000e+00 0.000000000000000000e+00 0.000000000000000000e+00 0.000000000000000000e+00 0.000000000000000000e+00
0.000000000000000000e+00 3.910949069125173594e-01 4.295639625962173747e-01 1.782853082619703655e-01 4.308245511627905588e-01 2.225420091189394545e-01 4.224668521231542684e-01 1.993736343241470366e-01 4.003526547619046805e-01 1.780601165066405811e-01 0.000000000000000000e+00 3.456629743682808065e-01 4.068478900559332478e-01 2.643625452158622213e-01 3.816301744186046951e-01 2.643140323514692747e-01 0.000000000000000000e+00 3.905797499999999478e-01 0.000000000000000000e+00 3.733751411294352618e-01 0.000000000000000000e+00 0.000000000000000000e+00 3.782692181160070555e-01 3.227840180053720420e-01 3.861280427862817111e-01 3.119886075771626799e-01 4.246257756183348664e-01 2.702688377951561471e-01 0.000000000000000000e+00 3.151220158574942198e-01 3.621868343644451538e-01 3.326607340909091270e-01 0.000000000000000000e+00 3.393878115942028928e-01 0.000000000000000000e+00 0.000000000000000000e+00 0.000000000000000000e+00 0.000000000000000000e+00 0.000000000000000000e+00 0.000000000000000000e+00 0.000000000000000000e+00 0.000000000000000000e+00 0.000000000000000000e+00 0.000000000000000000e+00 0.000000000000000000e+00 0.000000000000000000e+00 0.000000000000000000e+00 0.000000000000000000e+00 0.000000000000000000e+00 0.000000000000000000e+00 0.000000000000000000e+00 0.000000000000000000e+00 0.000000000000000000e+00 0.000000000000000000e+00 0.000000000000000000e+00 0.000000000000000000e+00 0.000000000000000000e+00 3.797898537104151817e-01 0.000000000000000000e+00 0.000000000000000000e+00 0.000000000000000000e+00 0.000000000000000000e+00 0.000000000000000000e+00 3.711330612342575996e-01 0.000000000000000000e+00 4.080291441441441513e-01 4.355722290502793137e-01 4.344797892792908733e-01 0.000000000000000000e+00 0.000000000000000000e+00 4.485457303307546217e-01 3.297933261856200726e-01 4.137411573863635783e-01 3.414525273877753730e-01 0.000000000000000000e+00 3.292990500722126068e-01 3.267143088235294202e-01 3.608513251899001517e-01 0.000000000000000000e+00 0.000000000000000000e+00 0.000000000000000000e+00 3.824913468226337487e-01 0.000000000000000000e+00 0.000000000000000000e+00 0.000000000000000000e+00 3.992198879957012392e-01 0.000000000000000000e+00 0.000000000000000000e+00 0.000000000000000000e+00 4.125212978723403756e-01 0.000000000000000000e+00 0.000000000000000000e+00 0.000000000000000000e+00 0.000000000000000000e+00 0.000000000000000000e+00 4.108087425742574239e-01 0.000000000000000000e+00 0.000000000000000000e+00 0.000000000000000000e+00 0.000000000000000000e+00 0.000000000000000000e+00 0.000000000000000000e+00 0.000000000000000000e+00 0.000000000000000000e+00 0.000000000000000000e+00 0.000000000000000000e+00 0.000000000000000000e+00 0.000000000000000000e+00 0.000000000000000000e+00 0.000000000000000000e+00 0.000000000000000000e+00 0.000000000000000000e+00 0.000000000000000000e+00 0.000000000000000000e+00 0.000000000000000000e+00 0.000000000000000000e+00
3.269756457030046359e-01 4.439879326216779609e-01 3.977202310867163360e-01 4.630459076258391371e-01 3.411822489316239659e-01 0.000000000000000000e+00 3.688917523761527373e-01 4.475249349711235003e-01 3.572057565415145963e-01 0.000000000000000000e+00 2.671480353195353485e-01 4.609975537850516947e-01 3.092116439235773617e-01 4.509085591241407398e-01 3.766726918419517900e-01 0.000000000000000000e+00 3.313122968937516899e-01 4.404725952580511028e-01 4.253852658608985315e-01 4.680680222171603178e-01 0.000000000000000000e+00 0.000000000000000000e+00 3.977457204605395757e-01 4.542749249608494244e-01 0.000000000000000000e+00 0.000000000000000000e+00 0.000000000000000000e+00 0.000000000000000000e+00 3.259433450421952982e-01 4.527296456635894195e-01 3.912586728395034408e-01 4.357985351962544440e-01 4.298014923988927594e-01 4.648612654678933587e-01 0.000000000000000000e+00 0.000000000000000000e+00 4.187991441470292342e-01 0.000000000000000000e+00 4.081852198581560343e-01 0.000000000000000000e+00 0.000000000000000000e+00 0.000000000000000000e+00 4.631658303571429269e-01 0.000000000000000000e+00 4.013803223140495757e-01 0.000000000000000000e+00 0.000000000000000000e+00 0.000000000000000000e+00 4.472223161016949389e-01 0.000000000000000000e+00 4.453975217782509821e-01 0.000000000000000000e+00 0.000000000000000000e+00 0.000000000000000000e+00 4.504799852941176463e-01 0.000000000000000000e+00 3.796122126979523670e-01 4.659169863130219191e-01 4.563398484596190574e-01 0.000000000000000000e+00 4.300980552675174873e-01 0.000000000000000000e+00 4.361385773377923214e-01 0.000000000000000000e+00 4.451708835472594217e-01 0.000000000000000000e+00 4.525056797152359200e-01 5.122993860759494922e-01 4.211020242631493549e-01 0.000000000000000000e+00 3.706845089319190656e-01 4.844024431749384685e-01 4.012691614849623889e-01 4.531297738012212140e-01 0.000000000000000000e+00 0.000000000000000000e+00 4.188759979806838118e-01 4.430718127296168762e-01 0.000000000000000000e+00 0.000000000000000000e+00 3.893453758499276773e-01 0.000000000000000000e+00 4.307293653846153703e-01 0.000000000000000000e+00 4.238089438433915168e-01 0.000000000000000000e+00 3.740567741935483803e-01 0.000000000000000000e+00 4.200889299145673106e-01 0.000000000000000000e+00 0.000000000000000000e+00 0.000000000000000000e+00 0.000000000000000000e+00 0.000000000000000000e+00 4.674816860465114687e-01 0.000000000000000000e+00 0.000000000000000000e+00 0.000000000000000000e+00 0.000000000000000000e+00 0.000000000000000000e+00 0.000000000000000000e+00 4.160329803921568592e-01 0.000000000000000000e+00 0.000000000000000000e+00 0.000000000000000000e+00 0.000000000000000000e+00 0.000000000000000000e+00 0.000000000000000000e+00 0.000000000000000000e+00 0.000000000000000000e+00 0.000000000000000000e+00 0.000000000000000000e+00 0.000000000000000000e+00 0.000000000000000000e+00 0.000000000000000000e+00 0.000000000000000000e+00
4.605058966749251415e-01 3.346250981249382916e-01 4.663391573651418098e-01 3.769391552992797378e-01 4.074171367521366993e-01 3.365345552308591781e-01 4.654152461911663097e-01 2.773392699275580298e-01 0.000000000000000000e+00 3.456629743682808065e-01 4.609975537850516947e-01 2.738118585798898219e-01 4.716625292764333177e-01 2.977346401959781175e-01 0.000000000000000000e+00 3.627858523306127791e-01 4.365270946693656784e-01 3.014013305718623581e-01 4.743354223408996484e-01 3.985897985819847333e-01 0.000000000000000000e+00 0.000000000000000000e+00 4.459699667576444981e-01 3.920029747004954990e-01 0.000000000000000000e+00 4.343292710843373317e-01 0.000000000000000000e+00 0.000000000000000000e+00 4.607040005861679499e-01 3.417617096990946957e-01 4.180634559807342998e-01 3.916023797287735975e-01 4.667008161587775095e-01 3.984370280096384831e-01 0.000000000000000000e+00 0.000000000000000000e+00 4.903209541284402895e-01 4.391934454125177578e-01 0.000000000000000000e+00 4.785470322580644420e-01 0.000000000000000000e+00 0.000000000000000000e+00 0.000000000000000000e+00 0.000000000000000000e+00 0.000000000000000000e+00 3.918666236005954318e-01 0.000000000000000000e+00 0.000000000000000000e+00 0.000000000000000000e+00 4.006146358577263311e-01 0.000000000000000000e+00 3.894075325230630380e-01 0.000000000000000000e+00 0.000000000000000000e+00 0.000000000000000000e+00 3.872896810344828022e-01 0.000000000000000000e+00 3.711492092101996154e-01 0.000000000000000000e+00 4.054238165696826268e-01 0.000000000000000000e+00 3.860619635409370254e-01 0.000000000000000000e+00 4.024049343121405831e-01 0.000000000000000000e+00 3.979103623625458441e-01 5.186454225352112868e-01 4.200945179501682780e-01 4.430704906731549597e-01 4.141682982101419497e-01 4.834251592879070802e-01 3.741615431454223817e-01 4.459478642781449231e-01 3.692270662646855439e-01 0.000000000000000000e+00 0.000000000000000000e+00 4.503898051999898344e-01 3.926811642704700067e-01 0.000000000000000000e+00 3.871666770152505377e-01 4.149273793103449015e-01 4.152015170038447223e-01 0.000000000000000000e+00 0.000000000000000000e+00 0.000000000000000000e+00 4.138422027516107105e-01 0.000000000000000000e+00 4.302733012048192140e-01 0.000000000000000000e+00 4.365496732177343575e-01 0.000000000000000000e+00 4.148013741496598961e-01 0.000000000000000000e+00 0.000000000000000000e+00 4.674660882352941194e-01 0.000000000000000000e+00 0.000000000000000000e+00 0.000000000000000000e+00 0.000000000000000000e+00 4.710299727272727055e-01 0.000000000000000000e+00 0.000000000000000000e+00 4.495553956834532627e-01 0.000000000000000000e+00 0.000000000000000000e+00 4.074816093749999979e-01 0.000000000000000000e+00 0.000000000000000000e+00 0.000000000000000000e+00 0.000000000000000000e+00 0.000000000000000000e+00 4.340097898550725475e-01 0.000000000000000000e+00 0.000000000000000000e+00 0.000000000000000000e+00 0.000000000000000000e+00
3.791649701585464993e-01 0.000000000000000000e+00 3.496433054956061826e-01 4.355865636513586714e-01 3.163063866144019132e-01 4.334904642857141943e-01 3.028964523677163956e-01 4.268945390776385240e-01 2.260132093072514392e-01 4.068478900559332478e-01 3.092116439235773617e-01 4.716625292764333177e-01 2.736710946215439311e-01 4.276710215509068047e-01 2.818918615223677260e-01 4.286642533702850200e-01 3.703292058277424248e-01 0.000000000000000000e+00 4.250290593576493969e-01 4.673368947227531933e-01 0.000000000000000000e+00 0.000000000000000000e+00 3.629104642815719761e-01 4.354895155061445644e-01 3.323747105473751629e-01 4.560926428571429048e-01 0.000000000000000000e+00 0.000000000000000000e+00 3.312244025076743759e-01 4.487899324803578116e-01 3.274731977216664980e-01 4.125197302363071694e-01 4.036907561512532716e-01 4.522710573224009156e-01 3.878792095238096094e-01 0.000000000000000000e+00 4.366364716470234608e-01 0.000000000000000000e+00 0.000000000000000000e+00 0.000000000000000000e+00 0.000000000000000000e+00 0.000000000000000000e+00 0.000000000000000000e+00 0.000000000000000000e+00 4.354730476190476485e-01 0.000000000000000000e+00 4.379174552238805362e-01 0.000000000000000000e+00 4.453640208333333184e-01 0.000000000000000000e+00 4.307278259083678340e-01 0.000000000000000000e+00 0.000000000000000000e+00 0.000000000000000000e+00 4.106658482014388101e-01 0.000000000000000000e+00 3.917349014601127499e-01 0.000000000000000000e+00 4.261567827805207154e-01 0.000000000000000000e+00 4.390634387615263701e-01 0.000000000000000000e+00 4.267999556036027320e-01 0.000000000000000000e+00 4.359686858391790265e-01 0.000000000000000000e+00 4.462473696796599443e-01 0.000000000000000000e+00 3.878924179143788398e-01 0.000000000000000000e+00 3.300451555700321671e-01 4.710513683175304722e-01 3.799066093558985946e-01 4.404538642570359208e-01 3.536864959290569321e-01 0.000000000000000000e+00 3.774782769708274754e-01 4.455327502558728003e-01 0.000000000000000000e+00 0.000000000000000000e+00 3.809690992397904430e-01 0.000000000000000000e+00 0.000000000000000000e+00 0.000000000000000000e+00 3.993083218181047722e-01 0.000000000000000000e+00 4.258187636363635620e-01 0.000000000000000000e+00 4.110964212156275610e-01 0.000000000000000000e+00 0.000000000000000000e+00 0.000000000000000000e+00 0.000000000000000000e+00 0.000000000000000000e+00 4.214050307861557654e-01 0.000000000000000000e+00 0.000000000000000000e+00 0.000000000000000000e+00 4.295125378787878478e-01 4.042129911504424578e-01 0.000000000000000000e+00 0.000000000000000000e+00 0.000000000000000000e+00 4.233854660635745781e-01 0.000000000000000000e+00 4.220382019230768389e-01 0.000000000000000000e+00 0.000000000000000000e+00 0.000000000000000000e+00 0.000000000000000000e+00 0.000000000000000000e+00 0.000000000000000000e+00 0.000000000000000000e+00 0.000000000000000000e+00 0.000000000000000000e+00 0.000000000000000000e+00
