0.000000000000000000e+00 1.049827640238169824e-02 7.921832317713804750e-02 1.595532508974870263e-03 1.794526693584567014e-03 0.000000000000000000e+00 1.171846096929337749e-01 3.516681695220919696e-03 0.000000000000000000e+00 0.000000000000000000e+00 1.439496176338281586e-01 1.883633319380493849e-03 4.193396964481301697e-02 1.508750754375377215e-04 5.966587112171837983e-04 0.000000000000000000e+00 5.714921058483433264e-02 4.270896888346553157e-03 8.344859382203780040e-02 1.564604704175732997e-02 0.000000000000000000e+00 0.000000000000000000e+00 1.527235703376887818e-03 0.000000000000000000e+00 7.727975270479134308e-04 0.000000000000000000e+00 0.000000000000000000e+00 0.000000000000000000e+00 2.023020579002441505e-02 1.254311696456569423e-03 9.132420091324200623e-04 1.877229209686502760e-04 2.818886539816772493e-03 1.353052234109502865e-02 0.000000000000000000e+00 0.000000000000000000e+00 8.428642466434609071e-02 1.809408926417370314e-03 5.094243504839531325e-04 0.000000000000000000e+00 0.000000000000000000e+00 0.000000000000000000e+00 0.000000000000000000e+00 0.000000000000000000e+00 1.509661835748792199e-04 0.000000000000000000e+00 2.564760194921774598e-04 0.000000000000000000e+00 5.826374053214216069e-04 0.000000000000000000e+00 4.395379740365940903e-03 0.000000000000000000e+00 6.002400960384153246e-04 0.000000000000000000e+00 3.113186568823660041e-03 0.000000000000000000e+00 2.877668641935222094e-01 2.130379207498934654e-03 3.450593771006049693e-02 3.762699109494544174e-04 3.935687512329848203e-02 0.000000000000000000e+00 1.426590053497127017e-02 2.663470502064189407e-04 3.665169070702293391e-02 1.646090534979423997e-04 1.634607446545034357e-02 8.840755884628135339e-04 9.243697478991597105e-02 8.442056792018419464e-03 6.694964306386262665e-02 8.913538674853916819e-04 2.410865874363327804e-02 1.589067217543302163e-03 0.000000000000000000e+00 3.968253968253968034e-03 5.837795481258978986e-02 3.644216493453907545e-03 2.399999999999999790e-03 0.000000000000000000e+00 8.153990108274295628e-03 0.000000000000000000e+00 0.000000000000000000e+00 0.000000000000000000e+00 2.151602448685632080e-02 9.394081728511038205e-05 0.000000000000000000e+00 0.000000000000000000e+00 1.292657704239917257e-02 1.379690949227373067e-04 9.399855386840202595e-03 2.721088435374149472e-03 2.791346824842986553e-03 6.002400960384153246e-04 2.333722287047841279e-02 0.000000000000000000e+00 0.000000000000000000e+00 0.000000000000000000e+00 1.100110011001100051e-03 0.000000000000000000e+00 0.000000000000000000e+00 0.000000000000000000e+00 1.779359430604982115e-03 4.154549231408392125e-04 5.853658536585365849e-03 6.112469437652811709e-04 1.897533206831119581e-03 0.000000000000000000e+00 0.000000000000000000e+00 4.672897196261681894e-03 0.000000000000000000e+00 1.103752759381898454e-03 0.000000000000000000e+00 0.000000000000000000e+00 0.000000000000000000e+00 2.617801047120419007e-03
1.049827640238169824e-02 0.000000000000000000e+00 2.836730405547383850e-03 7.060231352213801326e-02 0.000000000000000000e+00 3.581376840429765108e-03 3.792082870884202865e-03 1.581605049594229095e-01 0.000000000000000000e+00 3.395585738539898084e-03 2.249212775528564977e-03 1.159480954374215167e-01 6.258801439524330811e-04 2.670488835244417755e-02 0.000000000000000000e+00 1.565645269514650021e-03 4.447409384033800136e-04 9.111246695139312013e-02 2.059320731519901498e-02 7.460366801367733502e-02 0.000000000000000000e+00 0.000000000000000000e+00 6.787714237230613006e-04 0.000000000000000000e+00 0.000000000000000000e+00 0.000000000000000000e+00 0.000000000000000000e+00 4.198152812762384438e-04 5.813277525869084547e-04 1.536531828159297570e-02 1.826484018264840125e-03 1.877229209686502760e-04 1.391825229034531278e-02 2.171176840780365130e-02 7.564296520423600782e-04 0.000000000000000000e+00 0.000000000000000000e+00 8.283071974266184578e-02 0.000000000000000000e+00 1.314636283961437366e-03 0.000000000000000000e+00 3.164556962025316406e-03 1.404889013767912415e-04 0.000000000000000000e+00 0.000000000000000000e+00 4.020908725371933972e-04 0.000000000000000000e+00 0.000000000000000000e+00 0.000000000000000000e+00 5.090987868284229181e-03 1.022181334968823475e-04 3.704146254032739897e-03 0.000000000000000000e+00 0.000000000000000000e+00 0.000000000000000000e+00 7.276696379843551393e-04 4.708174364802337510e-03 2.640960090896179446e-01 7.842258570468294953e-04 3.223378903800325906e-02 9.863878477017163585e-04 1.773875649525174722e-02 5.944125222904695542e-04 3.489146357704088486e-02 0.000000000000000000e+00 1.777777777777777776e-02 3.137125402460166912e-03 1.845507790916123270e-02 2.521008403361344602e-02 1.550268610897927724e-01 2.604669110553733263e-03 4.288402495790828717e-02 5.093378607809846909e-04 2.590179564595582531e-02 0.000000000000000000e+00 0.000000000000000000e+00 5.223978059292151482e-04 7.585369145633688581e-02 0.000000000000000000e+00 0.000000000000000000e+00 2.673439379762063812e-04 5.003849114703618449e-03 0.000000000000000000e+00 0.000000000000000000e+00 2.700756211739286923e-04 2.038515735086895292e-02 0.000000000000000000e+00 6.105006105006105001e-04 1.723543605653223064e-04 2.290286975717439194e-02 7.230657989877078669e-04 6.122448979591836420e-03 2.791346824842986553e-03 0.000000000000000000e+00 8.168028004667444303e-03 9.900990099009901110e-03 7.763975155279502580e-04 0.000000000000000000e+00 3.300330033003300370e-03 2.522068095838587640e-03 1.400560224089635866e-03 7.211538461538461939e-03 0.000000000000000000e+00 1.246364769422517692e-03 9.756097560975609748e-04 8.557457212713935960e-03 0.000000000000000000e+00 0.000000000000000000e+00 0.000000000000000000e+00 1.869158878504672758e-02 0.000000000000000000e+00 0.000000000000000000e+00 0.000000000000000000e+00 0.000000000000000000e+00 0.000000000000000000e+00 0.000000000000000000e+00
7.921832317713804750e-02 2.836730405547383850e-03 0.000000000000000000e+00 4.387714399680893440e-03 2.736653207716464864e-02 1.989653800238758586e-03 2.743248242693303585e-01 1.064021641118124452e-02 5.510809665112335887e-02 5.093378607809847559e-03 2.316689158794421957e-02 2.930096274591879272e-03 5.366922234392113716e-02 3.470126735063367406e-03 3.013126491646778149e-02 2.236636099306642950e-03 1.578830331331999154e-02 2.033760423022167984e-03 8.314123251882588050e-02 7.874831623665940611e-03 1.317523056653491492e-03 0.000000000000000000e+00 1.215000848464279637e-01 7.768213310938484537e-03 1.545595054095826905e-02 5.565862708719851448e-03 2.441406250000000000e-03 0.000000000000000000e+00 3.371700965004069406e-02 1.097522734399498327e-03 3.493150684931507072e-02 1.464238783555472066e-02 1.250880902043692740e-02 1.038388923851478983e-02 3.782148260211800391e-04 0.000000000000000000e+00 1.093983092988562965e-02 8.041817450743867944e-04 5.094243504839531325e-04 0.000000000000000000e+00 2.403846153846153980e-03 0.000000000000000000e+00 1.404889013767912415e-04 1.271455816910362438e-04 4.528985507246376867e-04 0.000000000000000000e+00 2.564760194921774598e-04 0.000000000000000000e+00 1.359487279083317155e-03 0.000000000000000000e+00 1.052846775017888224e-02 0.000000000000000000e+00 4.201680672268907381e-03 0.000000000000000000e+00 4.447409384033800678e-03 0.000000000000000000e+00 4.789349784885136956e-03 2.840505609998579973e-04 9.746807080439167173e-03 1.254233036498181482e-04 9.666600907476820270e-03 0.000000000000000000e+00 3.368337626312660916e-03 0.000000000000000000e+00 2.104516434145187881e-02 0.000000000000000000e+00 1.411706431107075110e-02 4.420377942314067670e-04 1.135589370883488547e-02 2.558199027884369551e-04 3.665830600038587350e-02 3.466376151332078992e-03 8.370118845500848503e-02 2.860320991577943849e-03 4.854368932038834530e-03 3.968253968253968034e-03 8.998302207130730312e-02 2.159535699824537917e-03 1.600000000000000077e-03 0.000000000000000000e+00 1.336719689881031960e-03 0.000000000000000000e+00 0.000000000000000000e+00 0.000000000000000000e+00 9.452646741087504176e-03 0.000000000000000000e+00 9.794319294809011086e-04 0.000000000000000000e+00 7.583591864874181590e-03 1.379690949227373067e-04 6.507592190889370694e-03 6.802721088435373679e-04 4.187020237264480263e-03 0.000000000000000000e+00 2.333722287047841279e-02 1.980198019801980222e-02 0.000000000000000000e+00 0.000000000000000000e+00 0.000000000000000000e+00 1.261034047919293820e-03 2.801120448179271732e-03 0.000000000000000000e+00 0.000000000000000000e+00 0.000000000000000000e+00 4.878048780487804874e-03 1.222493887530562342e-03 1.897533206831119581e-03 0.000000000000000000e+00 0.000000000000000000e+00 0.000000000000000000e+00 0.000000000000000000e+00 0.000000000000000000e+00 0.000000000000000000e+00 0.000000000000000000e+00 0.000000000000000000e+00 0.000000000000000000e+00
1.595532508974870263e-03 7.060231352213801326e-02 4.387714399680893440e-03 0.000000000000000000e+00 1.794526693584567014e-03 1.543971348985276604e-01 9.156492785793562614e-03 2.406672678088367934e-01 4.662992793556591450e-03 2.942840973401245064e-02 2.699055330634277886e-03 3.516115529510255300e-02 5.007041151619464649e-03 3.862401931200965671e-02 1.491646778042959387e-03 3.958845895772757778e-02 0.000000000000000000e+00 1.850721984950172774e-02 9.835561702781618967e-03 1.369806237695575524e-01 0.000000000000000000e+00 0.000000000000000000e+00 1.730867130493806208e-02 2.307369305059836229e-01 2.318392581143740184e-03 5.102040816326530726e-02 0.000000000000000000e+00 8.396305625524768876e-04 1.627717707243343847e-03 2.445907808090310581e-02 1.324200913242009128e-02 3.228834240660784921e-02 5.990133897110640898e-03 2.223620725823368879e-02 0.000000000000000000e+00 6.176652254478073303e-04 0.000000000000000000e+00 2.412545235223160361e-02 0.000000000000000000e+00 8.764241893076249110e-04 0.000000000000000000e+00 3.164556962025316406e-03 0.000000000000000000e+00 0.000000000000000000e+00 0.000000000000000000e+00 5.361211633829245657e-04 0.000000000000000000e+00 0.000000000000000000e+00 1.942124684404738870e-04 3.032928942807625646e-03 0.000000000000000000e+00 2.389771776795316174e-03 0.000000000000000000e+00 0.000000000000000000e+00 0.000000000000000000e+00 3.638348189921775696e-04 0.000000000000000000e+00 2.698480329498650649e-03 3.360967958772126331e-04 1.392198670512981296e-02 0.000000000000000000e+00 1.970972943916860561e-03 0.000000000000000000e+00 1.598082301238513752e-03 0.000000000000000000e+00 4.444444444444444441e-03 1.651118632873771973e-04 1.315062437838435128e-02 1.589825119236884044e-03 3.581478639038117046e-03 1.447038394752074011e-03 3.634742992968208186e-02 6.791171477079796601e-04 6.197362148418877892e-02 0.000000000000000000e+00 5.555555555555555247e-02 9.141961603761263738e-04 7.004993926305844165e-02 0.000000000000000000e+00 3.355704697986577108e-03 1.336719689881031906e-04 8.981267641775725254e-04 0.000000000000000000e+00 4.977600796416127267e-04 0.000000000000000000e+00 3.100046970408642730e-03 0.000000000000000000e+00 0.000000000000000000e+00 0.000000000000000000e+00 1.655629139072847681e-03 5.061460592913955177e-03 4.081632653061224858e-03 2.093510118632240131e-03 1.200480192076830649e-03 7.001166861143524184e-03 9.900990099009901110e-03 0.000000000000000000e+00 0.000000000000000000e+00 6.600660066006600740e-03 0.000000000000000000e+00 1.400560224089635866e-03 2.403846153846153980e-03 1.186239620403321555e-03 8.309098462816784251e-04 1.951219512195121950e-03 6.723716381418092664e-03 1.897533206831119581e-03 0.000000000000000000e+00 0.000000000000000000e+00 9.345794392523363789e-03 0.000000000000000000e+00 0.000000000000000000e+00 0.000000000000000000e+00 0.000000000000000000e+00 0.000000000000000000e+00 0.000000000000000000e+00
1.794526693584567014e-03 0.000000000000000000e+00 2.736653207716464864e-02 1.794526693584567014e-03 0.000000000000000000e+00 3.183446080382013477e-03 8.786533481317054806e-03 2.705139765554553737e-04 2.746926663840610350e-01 4.527447651386531068e-03 2.249212775528565086e-04 0.000000000000000000e+00 3.129400719762165405e-04 1.508750754375377215e-04 1.136634844868735089e-01 3.131290539029300043e-03 0.000000000000000000e+00 0.000000000000000000e+00 0.000000000000000000e+00 0.000000000000000000e+00 1.515151515151515194e-02 8.741258741258741251e-04 1.018157135584591907e-02 1.469661977745118520e-03 9.273570324574961776e-02 6.493506493506493935e-03 1.235351562500000000e-01 2.099076406381192219e-03 1.139402395070340628e-02 3.135779241141423558e-04 1.073059360730593652e-02 2.815843814529754140e-03 0.000000000000000000e+00 1.048877700860079696e-04 0.000000000000000000e+00 0.000000000000000000e+00 4.972650422675285514e-04 0.000000000000000000e+00 0.000000000000000000e+00 0.000000000000000000e+00 9.615384615384615918e-03 0.000000000000000000e+00 0.000000000000000000e+00 0.000000000000000000e+00 0.000000000000000000e+00 0.000000000000000000e+00 0.000000000000000000e+00 0.000000000000000000e+00 0.000000000000000000e+00 0.000000000000000000e+00 0.000000000000000000e+00 0.000000000000000000e+00 0.000000000000000000e+00 0.000000000000000000e+00 2.223704692016900068e-04 0.000000000000000000e+00 0.000000000000000000e+00 0.000000000000000000e+00 0.000000000000000000e+00 0.000000000000000000e+00 0.000000000000000000e+00 0.000000000000000000e+00 1.981375074301565181e-04 0.000000000000000000e+00 0.000000000000000000e+00 0.000000000000000000e+00 0.000000000000000000e+00 1.105094485578516917e-04 0.000000000000000000e+00 0.000000000000000000e+00 2.411730657920123366e-02 1.485589779142319506e-03 1.103565365025466899e-02 1.589067217543302108e-04 0.000000000000000000e+00 0.000000000000000000e+00 5.223978059292151482e-04 0.000000000000000000e+00 0.000000000000000000e+00 0.000000000000000000e+00 1.336719689881031906e-04 0.000000000000000000e+00 1.531393568147013844e-03 0.000000000000000000e+00 2.700756211739286923e-04 0.000000000000000000e+00 2.938295788442703109e-03 0.000000000000000000e+00 0.000000000000000000e+00 0.000000000000000000e+00 0.000000000000000000e+00 0.000000000000000000e+00 0.000000000000000000e+00 0.000000000000000000e+00 0.000000000000000000e+00 0.000000000000000000e+00 0.000000000000000000e+00 0.000000000000000000e+00 0.000000000000000000e+00 0.000000000000000000e+00 0.000000000000000000e+00 0.000000000000000000e+00 0.000000000000000000e+00 0.000000000000000000e+00 9.756097560975609748e-04 0.000000000000000000e+00 0.000000000000000000e+00 0.000000000000000000e+00 0.000000000000000000e+00 0.000000000000000000e+00 0.000000000000000000e+00 0.000000000000000000e+00 0.000000000000000000e+00 0.000000000000000000e+00 0.000000000000000000e+00 0.000000000000000000e+00
0.000000000000000000e+00 3.581376840429765108e-03 1.989653800238758586e-03 1.543971348985276604e-01 3.183446080382013477e-03 0.000000000000000000e+00 1.017388087310395822e-03 1.397655545536519335e-02 5.510809665112336060e-03 2.416525183927560883e-01 0.000000000000000000e+00 0.000000000000000000e+00 3.129400719762165405e-04 1.508750754375377161e-03 1.789976133651551395e-03 6.374412883023931886e-02 0.000000000000000000e+00 2.033760423022168092e-04 1.536806516059627964e-04 1.657859289192829865e-03 0.000000000000000000e+00 1.048951048951048994e-02 2.375699983030714335e-03 4.975855553222758437e-02 5.409582689335393907e-03 9.925788497217068185e-02 2.441406250000000000e-03 6.213266162888329142e-02 0.000000000000000000e+00 1.630605205393540272e-02 8.904109589041095743e-03 1.257743570489956893e-02 0.000000000000000000e+00 8.391021606880637567e-04 0.000000000000000000e+00 0.000000000000000000e+00 0.000000000000000000e+00 0.000000000000000000e+00 0.000000000000000000e+00 0.000000000000000000e+00 0.000000000000000000e+00 0.000000000000000000e+00 0.000000000000000000e+00 0.000000000000000000e+00 0.000000000000000000e+00 0.000000000000000000e+00 0.000000000000000000e+00 0.000000000000000000e+00 0.000000000000000000e+00 0.000000000000000000e+00 0.000000000000000000e+00 0.000000000000000000e+00 0.000000000000000000e+00 0.000000000000000000e+00 0.000000000000000000e+00 0.000000000000000000e+00 0.000000000000000000e+00 0.000000000000000000e+00 0.000000000000000000e+00 1.254233036498181482e-04 0.000000000000000000e+00 0.000000000000000000e+00 0.000000000000000000e+00 1.331735251032094703e-04 0.000000000000000000e+00 3.292181069958847995e-04 0.000000000000000000e+00 0.000000000000000000e+00 0.000000000000000000e+00 0.000000000000000000e+00 1.350569168435269236e-03 1.515301574725165870e-02 0.000000000000000000e+00 2.224694104560622984e-02 0.000000000000000000e+00 3.968253968253968034e-03 0.000000000000000000e+00 1.349709812390336198e-04 0.000000000000000000e+00 0.000000000000000000e+00 0.000000000000000000e+00 1.283038234539389283e-04 0.000000000000000000e+00 0.000000000000000000e+00 0.000000000000000000e+00 3.757632691404415282e-04 0.000000000000000000e+00 0.000000000000000000e+00 0.000000000000000000e+00 4.139072847682119202e-04 0.000000000000000000e+00 0.000000000000000000e+00 0.000000000000000000e+00 0.000000000000000000e+00 0.000000000000000000e+00 0.000000000000000000e+00 0.000000000000000000e+00 0.000000000000000000e+00 0.000000000000000000e+00 0.000000000000000000e+00 0.000000000000000000e+00 0.000000000000000000e+00 0.000000000000000000e+00 0.000000000000000000e+00 0.000000000000000000e+00 0.000000000000000000e+00 0.000000000000000000e+00 0.000000000000000000e+00 0.000000000000000000e+00 0.000000000000000000e+00 0.000000000000000000e+00 0.000000000000000000e+00 0.000000000000000000e+00 0.000000000000000000e+00 0.000000000000000000e+00 0.000000000000000000e+00
1.171846096929337749e-01 3.792082870884202865e-03 2.743248242693303585e-01 9.156492785793562614e-03 8.786533481317054806e-03 1.017388087310395822e-03 0.000000000000000000e+00 2.768259693417493214e-02 1.500635862653666719e-01 3.395585738539898084e-03 1.045883940620782743e-01 8.162411050648807689e-03 2.243780316069472758e-01 9.052504526252263400e-03 1.939140811455847269e-02 2.683963319167971279e-03 1.512119190571492057e-02 2.033760423022167984e-03 1.337021668971876374e-02 1.170863122992435966e-02 0.000000000000000000e+00 0.000000000000000000e+00 1.747836416086882838e-02 1.280705437749317735e-02 7.727975270479134308e-04 2.319109461966604915e-03 9.765625000000000000e-04 4.198152812762384438e-04 1.290547610742936828e-02 3.292568203198494980e-03 2.328767123287671381e-02 2.459170264689318486e-02 3.171247357293868838e-03 1.290119572057898088e-02 0.000000000000000000e+00 0.000000000000000000e+00 9.696668324216808216e-03 6.031363088057900687e-04 5.094243504839531325e-04 0.000000000000000000e+00 0.000000000000000000e+00 0.000000000000000000e+00 4.214667041303736972e-04 0.000000000000000000e+00 0.000000000000000000e+00 0.000000000000000000e+00 2.564760194921774598e-04 0.000000000000000000e+00 7.768498737618955482e-04 0.000000000000000000e+00 6.950833077788000011e-03 1.194885888397657979e-04 0.000000000000000000e+00 0.000000000000000000e+00 7.560595952857460285e-03 1.819174094960887848e-04 5.032876045133533559e-03 4.970884817497514411e-04 1.904548509970871569e-03 0.000000000000000000e+00 1.341487472874334196e-02 0.000000000000000000e+00 8.916187834357044290e-03 0.000000000000000000e+00 2.719318987940411506e-02 3.292181069958847995e-04 2.724345744241723783e-03 3.315283456735550888e-04 1.135589370883488634e-03 2.558199027884369551e-04 8.199884236928420278e-02 1.049816777260572515e-02 3.446519524617996932e-02 7.150802478944858973e-03 0.000000000000000000e+00 3.968253968253968034e-03 3.029907274389447708e-02 5.938723174517478512e-03 4.799999999999999580e-03 0.000000000000000000e+00 1.189680523994118486e-02 1.283038234539389283e-04 0.000000000000000000e+00 0.000000000000000000e+00 2.961829312207418102e-02 9.394081728511038205e-05 9.794319294809011086e-04 0.000000000000000000e+00 2.275077559462254304e-02 1.379690949227373067e-04 2.892263195950831468e-03 1.360544217687074736e-03 2.093510118632240131e-03 0.000000000000000000e+00 1.166861143523920553e-03 0.000000000000000000e+00 0.000000000000000000e+00 0.000000000000000000e+00 0.000000000000000000e+00 0.000000000000000000e+00 0.000000000000000000e+00 0.000000000000000000e+00 0.000000000000000000e+00 0.000000000000000000e+00 9.756097560975609748e-04 0.000000000000000000e+00 1.897533206831119581e-03 0.000000000000000000e+00 0.000000000000000000e+00 0.000000000000000000e+00 0.000000000000000000e+00 0.000000000000000000e+00 0.000000000000000000e+00 0.000000000000000000e+00 0.000000000000000000e+00 0.000000000000000000e+00
3.516681695220919696e-03 1.581605049594229095e-01 1.064021641118124452e-02 2.406672678088367934e-01 2.705139765554553737e-04 1.397655545536519335e-02 2.768259693417493214e-02 0.000000000000000000e+00 4.239084357778719579e-03 1.867572156196943903e-02 1.034637876743139950e-02 1.077856843867727038e-01 1.126584259114379524e-02 2.128847314423657211e-01 5.071599045346062394e-03 2.974726012077835019e-02 2.446075161218590373e-03 8.338417734390889124e-03 2.489626556016597339e-02 2.590405139363796336e-02 0.000000000000000000e+00 0.000000000000000000e+00 2.918717122009163376e-02 3.359227377703128542e-02 3.091190108191653723e-03 0.000000000000000000e+00 0.000000000000000000e+00 3.358522250209907550e-03 5.813277525869084764e-03 1.458137347130761957e-02 2.123287671232876664e-02 2.421625680495588517e-02 1.374207188160676482e-02 1.090832808894482905e-02 1.134644478063540117e-03 0.000000000000000000e+00 0.000000000000000000e+00 5.629272215520707452e-03 0.000000000000000000e+00 4.382120946538124555e-04 0.000000000000000000e+00 0.000000000000000000e+00 0.000000000000000000e+00 0.000000000000000000e+00 0.000000000000000000e+00 8.041817450743867944e-04 0.000000000000000000e+00 0.000000000000000000e+00 0.000000000000000000e+00 3.249566724436741996e-04 0.000000000000000000e+00 1.194885888397658087e-03 0.000000000000000000e+00 0.000000000000000000e+00 0.000000000000000000e+00 1.455339275968710279e-03 8.117542008279892557e-04 7.243289305496378172e-03 1.232354918216446412e-03 3.135582591245453243e-03 5.918327086210298368e-04 1.057158215373588984e-02 1.981375074301565181e-04 1.318417898521773851e-02 2.364625206904705582e-04 1.827160493827160656e-02 2.146454222735903403e-03 4.420377942314067561e-03 2.271178741766977051e-04 7.674597083653108111e-04 9.068107273779664468e-03 7.992473011785679315e-02 2.886247877758913501e-03 4.608294930875576206e-02 0.000000000000000000e+00 7.539682539682539264e-02 3.526185190022201790e-03 1.633148872992306808e-02 0.000000000000000000e+00 3.355704697986577108e-03 5.346878759524127623e-04 6.158583525789068126e-03 0.000000000000000000e+00 3.484320557491289196e-03 3.601008282319049592e-04 2.170032879286049737e-02 0.000000000000000000e+00 6.105006105006105001e-04 0.000000000000000000e+00 3.076710816777042043e-02 1.446131597975415734e-03 0.000000000000000000e+00 0.000000000000000000e+00 0.000000000000000000e+00 1.166861143523920553e-03 0.000000000000000000e+00 0.000000000000000000e+00 0.000000000000000000e+00 0.000000000000000000e+00 0.000000000000000000e+00 1.400560224089635866e-03 0.000000000000000000e+00 0.000000000000000000e+00 4.154549231408392125e-04 0.000000000000000000e+00 0.000000000000000000e+00 0.000000000000000000e+00 0.000000000000000000e+00 0.000000000000000000e+00 0.000000000000000000e+00 0.000000000000000000e+00 0.000000000000000000e+00 0.000000000000000000e+00 0.000000000000000000e+00 0.000000000000000000e+00 0.000000000000000000e+00
0.000000000000000000e+00 0.000000000000000000e+00 5.510809665112335887e-02 4.662992793556591450e-03 2.746926663840610350e-01 5.510809665112336060e-03 1.500635862653666719e-01 4.239084357778719579e-03 0.000000000000000000e+00 1.301641199773627584e-02 8.996851102114260344e-04 0.000000000000000000e+00 2.519167579408543300e-02 0.000000000000000000e+00 1.715393794749403289e-01 2.907626929098635661e-03 0.000000000000000000e+00 0.000000000000000000e+00 0.000000000000000000e+00 0.000000000000000000e+00 2.635046113306982983e-03 0.000000000000000000e+00 1.866621415238418468e-03 4.199034222128910677e-03 1.159196290571870222e-02 1.484230055658627111e-02 1.464843750000000000e-03 8.396305625524768876e-04 3.836763167073596256e-03 3.135779241141423558e-04 5.707762557077625254e-03 4.693073024216256467e-03 1.761804087385482808e-04 1.048877700860079696e-04 0.000000000000000000e+00 0.000000000000000000e+00 0.000000000000000000e+00 0.000000000000000000e+00 0.000000000000000000e+00 0.000000000000000000e+00 0.000000000000000000e+00 0.000000000000000000e+00 0.000000000000000000e+00 0.000000000000000000e+00 0.000000000000000000e+00 0.000000000000000000e+00 0.000000000000000000e+00 0.000000000000000000e+00 0.000000000000000000e+00 0.000000000000000000e+00 0.000000000000000000e+00 0.000000000000000000e+00 0.000000000000000000e+00 0.000000000000000000e+00 0.000000000000000000e+00 0.000000000000000000e+00 0.000000000000000000e+00 0.000000000000000000e+00 0.000000000000000000e+00 0.000000000000000000e+00 9.863878477017163043e-05 0.000000000000000000e+00 1.981375074301565181e-04 0.000000000000000000e+00 0.000000000000000000e+00 0.000000000000000000e+00 0.000000000000000000e+00 0.000000000000000000e+00 0.000000000000000000e+00 0.000000000000000000e+00 1.504919930542157093e-02 1.980786372189759323e-04 9.677419354838710103e-03 1.747973939297632184e-03 4.854368932038834530e-03 0.000000000000000000e+00 9.141961603761263738e-04 1.349709812390336198e-04 0.000000000000000000e+00 0.000000000000000000e+00 1.336719689881031906e-04 0.000000000000000000e+00 0.000000000000000000e+00 0.000000000000000000e+00 1.800504141159524796e-04 0.000000000000000000e+00 0.000000000000000000e+00 0.000000000000000000e+00 0.000000000000000000e+00 0.000000000000000000e+00 7.230657989877078669e-04 0.000000000000000000e+00 0.000000000000000000e+00 0.000000000000000000e+00 0.000000000000000000e+00 0.000000000000000000e+00 0.000000000000000000e+00 0.000000000000000000e+00 0.000000000000000000e+00 0.000000000000000000e+00 0.000000000000000000e+00 0.000000000000000000e+00 0.000000000000000000e+00 4.154549231408392125e-04 9.756097560975609748e-04 0.000000000000000000e+00 0.000000000000000000e+00 0.000000000000000000e+00 0.000000000000000000e+00 0.000000000000000000e+00 0.000000000000000000e+00 0.000000000000000000e+00 0.000000000000000000e+00 0.000000000000000000e+00 0.000000000000000000e+00 0.000000000000000000e+00
0.000000000000000000e+00 3.395585738539898084e-03 5.093378607809847559e-03 2.942840973401245064e-02 4.527447651386531068e-03 2.416525183927560883e-01 3.395585738539898084e-03 1.867572156196943903e-02 1.301641199773627584e-02 0.000000000000000000e+00 0.000000000000000000e+00 4.185851820845542127e-04 4.694101079643248379e-04 4.677127338563668961e-03 4.474940334128878379e-03 1.549988816819503346e-01 0.000000000000000000e+00 0.000000000000000000e+00 0.000000000000000000e+00 2.072324111491037331e-04 0.000000000000000000e+00 1.748251748251748250e-03 3.902935686407602370e-03 2.309468822170900656e-03 1.313755795981452930e-02 3.246753246753246447e-02 9.765625000000000000e-04 1.217464315701091530e-02 0.000000000000000000e+00 1.128880526810912589e-02 4.566210045662100203e-03 2.628120893561103864e-03 0.000000000000000000e+00 1.048877700860079696e-04 0.000000000000000000e+00 0.000000000000000000e+00 0.000000000000000000e+00 0.000000000000000000e+00 0.000000000000000000e+00 0.000000000000000000e+00 0.000000000000000000e+00 0.000000000000000000e+00 0.000000000000000000e+00 0.000000000000000000e+00 0.000000000000000000e+00 0.000000000000000000e+00 0.000000000000000000e+00 2.075550020755500191e-04 0.000000000000000000e+00 0.000000000000000000e+00 0.000000000000000000e+00 0.000000000000000000e+00 0.000000000000000000e+00 0.000000000000000000e+00 0.000000000000000000e+00 0.000000000000000000e+00 0.000000000000000000e+00 7.101264024996449932e-05 0.000000000000000000e+00 0.000000000000000000e+00 0.000000000000000000e+00 0.000000000000000000e+00 0.000000000000000000e+00 1.331735251032094703e-04 0.000000000000000000e+00 0.000000000000000000e+00 0.000000000000000000e+00 0.000000000000000000e+00 0.000000000000000000e+00 0.000000000000000000e+00 6.752845842176346180e-04 7.328909577102109794e-03 1.697792869269949150e-04 1.573176545367869009e-02 0.000000000000000000e+00 3.968253968253968034e-03 0.000000000000000000e+00 2.699419624780672396e-04 0.000000000000000000e+00 0.000000000000000000e+00 0.000000000000000000e+00 3.849114703618167579e-04 0.000000000000000000e+00 0.000000000000000000e+00 0.000000000000000000e+00 3.757632691404415282e-04 0.000000000000000000e+00 0.000000000000000000e+00 0.000000000000000000e+00 2.759381898454746134e-04 0.000000000000000000e+00 0.000000000000000000e+00 0.000000000000000000e+00 0.000000000000000000e+00 0.000000000000000000e+00 0.000000000000000000e+00 0.000000000000000000e+00 0.000000000000000000e+00 0.000000000000000000e+00 0.000000000000000000e+00 0.000000000000000000e+00 0.000000000000000000e+00 0.000000000000000000e+00 0.000000000000000000e+00 0.000000000000000000e+00 0.000000000000000000e+00 0.000000000000000000e+00 0.000000000000000000e+00 0.000000000000000000e+00 0.000000000000000000e+00 0.000000000000000000e+00 0.000000000000000000e+00 0.000000000000000000e+00 0.000000000000000000e+00 0.000000000000000000e+00 0.000000000000000000e+00
1.439496176338281586e-01 2.249212775528564977e-03 2.316689158794421957e-02 2.699055330634277886e-03 2.249212775528565086e-04 0.000000000000000000e+00 1.045883940620782743e-01 1.034637876743139950e-02 8.996851102114260344e-04 0.000000000000000000e+00 0.000000000000000000e+00 1.883633319380493849e-03 1.181348771710217516e-01 0.000000000000000000e+00 0.000000000000000000e+00 0.000000000000000000e+00 1.038470091171892346e-01 4.067520846044336185e-04 2.935300445673889522e-02 2.175940317065588967e-03 0.000000000000000000e+00 0.000000000000000000e+00 4.072628542338367803e-03 4.199034222128910135e-04 0.000000000000000000e+00 0.000000000000000000e+00 0.000000000000000000e+00 0.000000000000000000e+00 6.999186141146378215e-02 1.567889620570711779e-04 1.598173515981735245e-03 1.126337525811901656e-03 1.761804087385482808e-03 9.439899307740717534e-04 0.000000000000000000e+00 0.000000000000000000e+00 1.491795126802585763e-03 0.000000000000000000e+00 5.094243504839531325e-04 0.000000000000000000e+00 0.000000000000000000e+00 0.000000000000000000e+00 0.000000000000000000e+00 0.000000000000000000e+00 0.000000000000000000e+00 0.000000000000000000e+00 0.000000000000000000e+00 0.000000000000000000e+00 0.000000000000000000e+00 0.000000000000000000e+00 1.022181334968823475e-04 0.000000000000000000e+00 0.000000000000000000e+00 0.000000000000000000e+00 1.556593284411830020e-03 0.000000000000000000e+00 3.247016803311957023e-03 0.000000000000000000e+00 8.962581223392337244e-04 0.000000000000000000e+00 9.173406983625962199e-03 0.000000000000000000e+00 1.030315038636813937e-02 0.000000000000000000e+00 4.492787893118940605e-03 0.000000000000000000e+00 6.604474531495087893e-04 0.000000000000000000e+00 6.813536225300931152e-04 0.000000000000000000e+00 4.862049006366968990e-02 1.782707734970783364e-03 7.809847198641765333e-03 6.356268870173208433e-04 0.000000000000000000e+00 0.000000000000000000e+00 5.485176962256758243e-03 4.049129437171008323e-04 2.399999999999999790e-03 0.000000000000000000e+00 7.485630263333779323e-03 0.000000000000000000e+00 0.000000000000000000e+00 0.000000000000000000e+00 9.722722362261434007e-03 0.000000000000000000e+00 9.794319294809011086e-04 0.000000000000000000e+00 5.687693898655635759e-03 0.000000000000000000e+00 7.230657989877078669e-04 6.802721088435373679e-04 6.978367062107466382e-04 0.000000000000000000e+00 0.000000000000000000e+00 0.000000000000000000e+00 0.000000000000000000e+00 0.000000000000000000e+00 0.000000000000000000e+00 0.000000000000000000e+00 0.000000000000000000e+00 0.000000000000000000e+00 0.000000000000000000e+00 0.000000000000000000e+00 0.000000000000000000e+00 0.000000000000000000e+00 0.000000000000000000e+00 0.000000000000000000e+00 0.000000000000000000e+00 0.000000000000000000e+00 0.000000000000000000e+00 0.000000000000000000e+00 0.000000000000000000e+00 0.000000000000000000e+00 0.000000000000000000e+00 0.000000000000000000e+00
1.883633319380493849e-03 1.159480954374215167e-01 2.930096274591879272e-03 3.516115529510255300e-02 0.000000000000000000e+00 0.000000000000000000e+00 8.162411050648807689e-03 1.077856843867727038e-01 0.000000000000000000e+00 4.185851820845542127e-04 1.883633319380493849e-03 0.000000000000000000e+00 7.823501799405414327e-04 2.284248642124321049e-01 0.000000000000000000e+00 3.578617758890628373e-03 6.671114076050699932e-04 4.270896888346552983e-02 3.995696941755033302e-03 2.072324111491037277e-02 0.000000000000000000e+00 0.000000000000000000e+00 2.715085694892245202e-03 2.309468822170900656e-03 0.000000000000000000e+00 0.000000000000000000e+00 0.000000000000000000e+00 0.000000000000000000e+00 0.000000000000000000e+00 3.919724051426779626e-02 9.132420091324200623e-04 7.508916838746011041e-04 1.233262861169837857e-03 1.783092091462135619e-03 3.782148260211800391e-04 0.000000000000000000e+00 0.000000000000000000e+00 4.020908725371933972e-04 0.000000000000000000e+00 0.000000000000000000e+00 0.000000000000000000e+00 0.000000000000000000e+00 0.000000000000000000e+00 0.000000000000000000e+00 0.000000000000000000e+00 1.340302908457311414e-04 0.000000000000000000e+00 0.000000000000000000e+00 0.000000000000000000e+00 1.083188908145580530e-04 0.000000000000000000e+00 2.389771776795315958e-04 0.000000000000000000e+00 0.000000000000000000e+00 0.000000000000000000e+00 0.000000000000000000e+00 0.000000000000000000e+00 2.911518250248544201e-03 0.000000000000000000e+00 6.271165182490907137e-04 0.000000000000000000e+00 1.075076151227378606e-03 0.000000000000000000e+00 2.756691969636436423e-02 0.000000000000000000e+00 1.975308641975308688e-03 1.651118632873771973e-04 1.105094485578516890e-03 0.000000000000000000e+00 0.000000000000000000e+00 2.508199884236928488e-03 4.605328315341190165e-02 3.395585738539898301e-04 5.243921817892896985e-03 0.000000000000000000e+00 1.190476190476190410e-02 5.223978059292151482e-04 4.049129437171007997e-03 0.000000000000000000e+00 0.000000000000000000e+00 0.000000000000000000e+00 2.052861175263022767e-02 0.000000000000000000e+00 4.977600796416127267e-04 0.000000000000000000e+00 6.481916392672616538e-03 0.000000000000000000e+00 0.000000000000000000e+00 0.000000000000000000e+00 1.365894039735099375e-02 0.000000000000000000e+00 0.000000000000000000e+00 0.000000000000000000e+00 0.000000000000000000e+00 0.000000000000000000e+00 4.950495049504950555e-03 0.000000000000000000e+00 0.000000000000000000e+00 2.200220022002200102e-03 0.000000000000000000e+00 0.000000000000000000e+00 0.000000000000000000e+00 0.000000000000000000e+00 0.000000000000000000e+00 0.000000000000000000e+00 0.000000000000000000e+00 0.000000000000000000e+00 0.000000000000000000e+00 0.000000000000000000e+00 0.000000000000000000e+00 0.000000000000000000e+00 0.000000000000000000e+00 0.000000000000000000e+00 0.000000000000000000e+00 0.000000000000000000e+00 0.000000000000000000e+00
4.193396964481301697e-02 6.258801439524330811e-04 5.366922234392113716e-02 5.007041151619464649e-03 3.129400719762165405e-04 3.129400719762165405e-04 2.243780316069472758e-01 1.126584259114379524e-02 2.519167579408543300e-02 4.694101079643248379e-04 1.181348771710217516e-01 7.823501799405414327e-04 0.000000000000000000e+00 2.866626433313216628e-03 1.071002386634844900e-01 1.789308879445314186e-03 8.450077829664221288e-03 2.033760423022168092e-04 5.839864761026586533e-03 3.108486167236555590e-04 0.000000000000000000e+00 0.000000000000000000e+00 1.917529272017648098e-02 5.248792777661138130e-03 0.000000000000000000e+00 4.638218923933209721e-04 0.000000000000000000e+00 0.000000000000000000e+00 8.336239972096268214e-02 7.839448102853559166e-04 9.132420091324200406e-03 8.822977285526563407e-03 2.114164904862579370e-03 1.363541011118103632e-03 0.000000000000000000e+00 0.000000000000000000e+00 1.740427647936350092e-03 0.000000000000000000e+00 5.094243504839531325e-04 0.000000000000000000e+00 0.000000000000000000e+00 0.000000000000000000e+00 0.000000000000000000e+00 0.000000000000000000e+00 1.509661835748792199e-04 0.000000000000000000e+00 0.000000000000000000e+00 0.000000000000000000e+00 0.000000000000000000e+00 0.000000000000000000e+00 7.155269344781764462e-04 0.000000000000000000e+00 0.000000000000000000e+00 0.000000000000000000e+00 6.671114076050699932e-04 0.000000000000000000e+00 1.785859241821576319e-03 0.000000000000000000e+00 3.360967958772126331e-04 0.000000000000000000e+00 1.647267705661866269e-02 1.791793585378964344e-04 2.456905092133940954e-02 0.000000000000000000e+00 7.330338141404587303e-03 0.000000000000000000e+00 6.604474531495087893e-04 0.000000000000000000e+00 0.000000000000000000e+00 0.000000000000000000e+00 5.508392822689561763e-02 3.565415469941566728e-03 2.937181663837011916e-02 2.542507548069283373e-03 0.000000000000000000e+00 0.000000000000000000e+00 2.403029907274389573e-02 1.754622756107436813e-03 9.599999999999999159e-03 0.000000000000000000e+00 2.927416120839460012e-02 0.000000000000000000e+00 1.531393568147013844e-03 0.000000000000000000e+00 1.782499099747929250e-02 0.000000000000000000e+00 2.938295788442703109e-03 0.000000000000000000e+00 1.034126163391933806e-02 0.000000000000000000e+00 3.615328994938539226e-03 0.000000000000000000e+00 0.000000000000000000e+00 0.000000000000000000e+00 2.333722287047841105e-03 0.000000000000000000e+00 0.000000000000000000e+00 0.000000000000000000e+00 0.000000000000000000e+00 0.000000000000000000e+00 0.000000000000000000e+00 0.000000000000000000e+00 0.000000000000000000e+00 4.154549231408392125e-04 9.756097560975609748e-04 0.000000000000000000e+00 0.000000000000000000e+00 0.000000000000000000e+00 0.000000000000000000e+00 0.000000000000000000e+00 0.000000000000000000e+00 1.103752759381898454e-03 0.000000000000000000e+00 0.000000000000000000e+00 0.000000000000000000e+00 0.000000000000000000e+00
