0.000000000000000000e+00 2.658440830061693794e-02 9.190461569951897947e-02 1.649711300522408493e-03 1.492091912861832209e-03 0.000000000000000000e+00 1.539846915803692040e-01 4.549475546568937552e-03 2.123142250530785525e-03 0.000000000000000000e+00 3.626810565180346724e-01 6.724949562878278306e-04 5.206232813932172576e-02 0.000000000000000000e+00 8.453680873547022787e-03 0.000000000000000000e+00 7.895833333333333870e-02 4.197610590894414184e-03 3.738450604122246085e-02 3.006462489463332388e-02 0.000000000000000000e+00 0.000000000000000000e+00 1.613423685059696584e-03 2.433090024330900362e-04 0.000000000000000000e+00 0.000000000000000000e+00 0.000000000000000000e+00 0.000000000000000000e+00 5.002092925910422982e-02 1.976284584980237129e-04 6.662225183211192663e-04 0.000000000000000000e+00 9.920634920634920084e-03 2.537088798107933751e-02 1.330967169476486188e-03 0.000000000000000000e+00 4.142818206595802466e-02 5.096839959225280730e-04 0.000000000000000000e+00 0.000000000000000000e+00 0.000000000000000000e+00 0.000000000000000000e+00 1.652073352056831221e-04 0.000000000000000000e+00 1.205908953873982515e-03 0.000000000000000000e+00 0.000000000000000000e+00 0.000000000000000000e+00 4.058694973462379126e-03 1.989653800238758423e-04 9.564643799472295066e-03 2.346132791115977103e-04 1.400560224089635866e-03 0.000000000000000000e+00 3.350083752093802394e-03 0.000000000000000000e+00 2.413117963778756703e-01 4.645086369574683884e-03 4.608839517844481176e-02 1.407261469180973732e-03 3.840158707666146976e-02 0.000000000000000000e+00 1.615622365833099122e-02 6.732873253661000087e-04 3.217334208798423856e-02 3.834845967020324739e-04 1.451863354037267149e-02 7.778642071341260048e-04 1.375075498288705345e-01 9.993337774816788560e-03 6.588909351340289933e-02 8.726003490401396329e-04 2.760180995475113030e-02 9.578544061302681498e-04 3.363228699551569674e-03 0.000000000000000000e+00 6.384605581750987802e-02 2.377179080824088839e-03 1.300390117035110562e-03 0.000000000000000000e+00 2.680515999329871092e-03 3.116235587410408152e-04 0.000000000000000000e+00 0.000000000000000000e+00 1.221723775890044827e-02 9.145783793671117645e-05 0.000000000000000000e+00 0.000000000000000000e+00 3.804253847484004910e-03 0.000000000000000000e+00 4.152823920265781045e-03 0.000000000000000000e+00 0.000000000000000000e+00 0.000000000000000000e+00 1.382488479262672897e-02 0.000000000000000000e+00 8.496176720475786051e-04 0.000000000000000000e+00 4.166666666666666609e-03 3.508771929824561469e-03 0.000000000000000000e+00 0.000000000000000000e+00 2.281947261663285972e-03 2.129471890971039211e-04 3.687768899815611467e-03 0.000000000000000000e+00 2.447980416156670530e-03 0.000000000000000000e+00 0.000000000000000000e+00 0.000000000000000000e+00 3.080082135523614078e-03 0.000000000000000000e+00 0.000000000000000000e+00 0.000000000000000000e+00 0.000000000000000000e+00 0.000000000000000000e+00
2.658440830061693794e-02 0.000000000000000000e+00 2.456248081056186788e-03 5.856475116854550217e-02 0.000000000000000000e+00 0.000000000000000000e+00 6.003301815998799296e-04 1.098192847213446260e-01 0.000000000000000000e+00 1.492537313432835836e-03 0.000000000000000000e+00 6.030038108047523077e-02 1.833180568285976229e-04 7.289719626168224102e-03 0.000000000000000000e+00 1.833180568285976229e-03 2.083333333333333304e-03 6.393283823054568549e-02 1.492537313432835792e-02 6.026973869064344153e-02 0.000000000000000000e+00 0.000000000000000000e+00 3.226847370119393277e-04 2.433090024330900362e-04 0.000000000000000000e+00 0.000000000000000000e+00 0.000000000000000000e+00 0.000000000000000000e+00 4.185851820845542127e-04 3.675889328063241396e-02 1.665556295802798166e-03 0.000000000000000000e+00 1.083638583638583605e-02 2.343582025370887986e-02 0.000000000000000000e+00 0.000000000000000000e+00 2.725538293813028166e-03 7.415902140672782361e-02 0.000000000000000000e+00 4.226542688081150016e-03 0.000000000000000000e+00 1.063829787234042562e-01 0.000000000000000000e+00 0.000000000000000000e+00 0.000000000000000000e+00 2.530633990410229104e-03 0.000000000000000000e+00 1.296344309048483149e-04 3.122073056509522488e-04 4.874651810584958340e-03 0.000000000000000000e+00 1.032298428091029882e-02 0.000000000000000000e+00 3.095496053242532335e-04 0.000000000000000000e+00 1.544293134915063898e-03 5.873715124816446080e-03 2.636086514733633202e-01 1.181753722524226009e-03 5.488319729805797575e-02 4.251098200368428584e-04 2.521231422505307990e-02 0.000000000000000000e+00 1.127756269988217444e-02 3.282994090610636632e-04 3.182922152626869311e-02 1.630434782608695564e-03 5.667296366262918050e-03 2.315280853633984448e-02 2.041972018654230614e-01 2.046245140167792117e-04 6.090750436300174792e-02 1.508295625942684829e-04 5.866858237547892957e-02 0.000000000000000000e+00 1.913477537437604029e-02 3.185930929017458894e-03 7.797147385103010697e-02 0.000000000000000000e+00 0.000000000000000000e+00 0.000000000000000000e+00 9.348706762231224999e-04 0.000000000000000000e+00 0.000000000000000000e+00 1.908943399828195043e-04 1.033473568684836232e-02 0.000000000000000000e+00 0.000000000000000000e+00 0.000000000000000000e+00 2.635046113306982983e-03 1.661129568106312331e-03 8.957654723127036339e-03 0.000000000000000000e+00 5.464480874316939886e-03 9.216589861751152066e-03 1.100478468899521584e-01 0.000000000000000000e+00 6.263048016701461621e-03 0.000000000000000000e+00 7.017543859649122938e-03 0.000000000000000000e+00 2.967359050445103966e-03 1.774847870182555756e-03 4.258943781942078205e-03 1.843884449907805733e-03 2.654867256637168105e-03 0.000000000000000000e+00 0.000000000000000000e+00 0.000000000000000000e+00 0.000000000000000000e+00 2.053388090349076052e-03 0.000000000000000000e+00 0.000000000000000000e+00 0.000000000000000000e+00 3.838771593090210994e-03 0.000000000000000000e+00
9.190461569951897947e-02 2.456248081056186788e-03 0.000000000000000000e+00 9.485839978003849163e-03 1.193673530289465767e-01 1.586671955573185251e-03 2.992645955275401448e-01 1.364842663970681179e-02 1.783439490445859824e-02 3.731343283582089481e-03 4.032945186026697104e-02 4.707464694014795031e-03 7.204399633363886557e-02 1.046728971962616883e-02 3.557590700951038937e-02 1.252673388328750387e-02 1.229166666666666602e-02 1.453019050694220144e-03 1.255152807391613223e-01 9.412756392245012066e-03 0.000000000000000000e+00 0.000000000000000000e+00 2.282994514359470706e-01 1.265206812652068177e-02 9.009812667261374308e-02 9.041591320072332435e-04 1.260504201680672301e-02 5.868544600938967268e-04 2.930096274591879532e-02 1.383399209486166044e-03 2.131912058627581652e-02 2.174367551745766403e-02 1.419413919413919402e-02 1.128789507632767079e-02 8.873114463176575307e-04 0.000000000000000000e+00 2.589261379122376541e-02 2.548419979612640365e-04 4.800768122899663716e-04 0.000000000000000000e+00 1.408450704225352144e-02 0.000000000000000000e+00 0.000000000000000000e+00 0.000000000000000000e+00 0.000000000000000000e+00 0.000000000000000000e+00 1.885369532428356036e-04 0.000000000000000000e+00 4.683109584764283732e-04 9.948269001193792117e-05 5.496921723834653122e-04 1.564088527410651493e-04 0.000000000000000000e+00 0.000000000000000000e+00 1.861157640052112441e-04 0.000000000000000000e+00 4.078968836678087580e-03 4.354768471476266412e-04 3.308910423067832479e-03 5.629045876723895144e-04 1.275329460110528629e-03 2.653927813163481906e-04 2.107333520651868703e-03 0.000000000000000000e+00 3.282994090610637065e-03 0.000000000000000000e+00 7.065217391304347803e-03 3.333703744860540253e-04 7.086772699818803811e-02 6.662225183211192663e-04 3.765091057908737798e-02 2.268760907504363197e-03 6.998491704374057432e-02 4.310344827586206837e-03 5.605381165919282212e-03 8.319467554076539302e-04 9.302918312730980299e-02 5.388272583201268034e-03 3.901170351105331686e-03 0.000000000000000000e+00 3.183112749204221759e-03 3.116235587410408152e-04 0.000000000000000000e+00 0.000000000000000000e+00 2.958862269733702425e-03 0.000000000000000000e+00 0.000000000000000000e+00 0.000000000000000000e+00 5.187618882932734264e-04 0.000000000000000000e+00 5.398671096345514751e-03 2.442996742671009556e-03 6.410256410256410251e-04 7.806401249024199837e-04 2.304147465437788103e-02 0.000000000000000000e+00 8.496176720475786051e-04 0.000000000000000000e+00 4.166666666666666609e-03 0.000000000000000000e+00 0.000000000000000000e+00 0.000000000000000000e+00 3.803245436105476621e-03 1.277683134582623418e-03 5.531653349723416983e-03 0.000000000000000000e+00 1.223990208078335265e-03 0.000000000000000000e+00 0.000000000000000000e+00 0.000000000000000000e+00 1.026694045174538026e-03 0.000000000000000000e+00 0.000000000000000000e+00 2.105263157894736795e-03 0.000000000000000000e+00 0.000000000000000000e+00
1.649711300522408493e-03 5.856475116854550217e-02 9.485839978003849163e-03 0.000000000000000000e+00 1.790510295434198738e-03 1.209837366124553726e-01 1.575866726699684875e-02 2.010615442941994235e-01 8.492569002123142533e-04 2.089552238805970213e-02 6.532235160465776902e-03 2.420981842636180104e-02 6.232813932172318744e-03 3.644859813084112138e-02 1.761183515322296486e-03 2.535899786128933617e-02 4.166666666666666934e-04 1.711333548595414880e-02 9.808102345415778411e-03 1.241921888170834515e-01 0.000000000000000000e+00 0.000000000000000000e+00 2.339464343336560351e-02 1.666666666666666574e-01 4.460303300624442538e-03 6.464737793851717262e-02 4.201680672268907814e-04 7.042253521126760722e-03 4.185851820845542127e-04 1.324110671936758882e-02 2.898067954696868787e-02 5.310474597532929136e-02 7.783882783882783984e-03 2.236078262739195702e-02 4.436557231588287653e-04 2.216066481994460012e-03 0.000000000000000000e+00 1.019367991845056103e-02 0.000000000000000000e+00 0.000000000000000000e+00 0.000000000000000000e+00 0.000000000000000000e+00 0.000000000000000000e+00 2.141786249732276649e-04 0.000000000000000000e+00 2.663825253063398886e-04 0.000000000000000000e+00 0.000000000000000000e+00 0.000000000000000000e+00 7.958615200955033693e-04 0.000000000000000000e+00 1.251270821928521194e-03 0.000000000000000000e+00 0.000000000000000000e+00 0.000000000000000000e+00 2.807805699845570624e-04 1.631587534671235173e-04 4.209609522427057784e-03 0.000000000000000000e+00 5.769772023641992278e-03 0.000000000000000000e+00 5.307855626326963812e-04 0.000000000000000000e+00 0.000000000000000000e+00 0.000000000000000000e+00 7.669691934040649478e-04 1.552795031055900679e-04 3.667074119346594007e-03 0.000000000000000000e+00 4.330446369087275447e-03 2.046245140167792117e-04 4.310645724258289901e-02 1.809954751131221794e-03 7.507183908045976517e-02 0.000000000000000000e+00 9.983361064891846728e-03 2.803619217535363670e-03 5.768621236133122249e-02 0.000000000000000000e+00 0.000000000000000000e+00 0.000000000000000000e+00 4.362729822374571305e-03 0.000000000000000000e+00 0.000000000000000000e+00 9.544716999140975214e-05 1.371867569050667620e-03 0.000000000000000000e+00 0.000000000000000000e+00 1.729206294310911421e-04 1.171131605914214587e-03 8.305647840531561656e-04 8.143322475570032937e-04 6.410256410256410251e-04 0.000000000000000000e+00 9.216589861751152066e-03 1.913875598086124327e-02 8.496176720475786051e-04 0.000000000000000000e+00 1.388888888888888942e-03 0.000000000000000000e+00 0.000000000000000000e+00 0.000000000000000000e+00 1.267748478701825540e-03 1.916524701873935236e-03 1.229256299938537083e-03 0.000000000000000000e+00 0.000000000000000000e+00 0.000000000000000000e+00 0.000000000000000000e+00 0.000000000000000000e+00 1.026694045174538026e-03 0.000000000000000000e+00 0.000000000000000000e+00 2.105263157894736795e-03 0.000000000000000000e+00 0.000000000000000000e+00
1.492091912861832209e-03 0.000000000000000000e+00 1.193673530289465767e-01 1.790510295434198738e-03 0.000000000000000000e+00 4.363347877826259658e-03 1.260693381359747831e-02 5.054972829521041724e-04 4.399150743099787819e-01 7.462686567164179179e-04 2.840102243680772448e-04 0.000000000000000000e+00 2.016498625114573635e-03 7.476635514018691248e-04 1.211694258541740066e-01 3.360831041857623158e-03 0.000000000000000000e+00 0.000000000000000000e+00 8.528784648187632883e-04 0.000000000000000000e+00 2.355072463768115992e-02 1.253132832080200432e-02 5.646982897708938479e-03 3.163017031630170443e-03 8.697591436217662342e-02 4.068716094032549975e-03 1.823529411764705788e-01 0.000000000000000000e+00 5.650899958141481980e-03 0.000000000000000000e+00 8.660892738174550895e-03 3.972402257997073236e-03 7.631257631257631251e-04 1.075037626316921083e-04 0.000000000000000000e+00 5.540166204986150030e-04 2.725538293813028166e-04 0.000000000000000000e+00 0.000000000000000000e+00 0.000000000000000000e+00 0.000000000000000000e+00 0.000000000000000000e+00 0.000000000000000000e+00 0.000000000000000000e+00 0.000000000000000000e+00 0.000000000000000000e+00 0.000000000000000000e+00 0.000000000000000000e+00 0.000000000000000000e+00 0.000000000000000000e+00 2.198768689533861140e-04 0.000000000000000000e+00 0.000000000000000000e+00 0.000000000000000000e+00 0.000000000000000000e+00 0.000000000000000000e+00 0.000000000000000000e+00 0.000000000000000000e+00 0.000000000000000000e+00 0.000000000000000000e+00 0.000000000000000000e+00 0.000000000000000000e+00 0.000000000000000000e+00 0.000000000000000000e+00 0.000000000000000000e+00 0.000000000000000000e+00 1.552795031055900679e-04 0.000000000000000000e+00 0.000000000000000000e+00 0.000000000000000000e+00 3.990178023327194817e-02 8.726003490401396329e-04 6.123680241327299906e-02 1.197318007662835187e-04 6.726457399103139348e-03 0.000000000000000000e+00 1.401809608767681835e-03 1.584786053882725892e-04 0.000000000000000000e+00 0.000000000000000000e+00 0.000000000000000000e+00 0.000000000000000000e+00 0.000000000000000000e+00 0.000000000000000000e+00 4.772358499570487607e-04 9.145783793671117645e-05 9.643201542912247176e-04 0.000000000000000000e+00 1.729206294310911421e-04 0.000000000000000000e+00 0.000000000000000000e+00 0.000000000000000000e+00 0.000000000000000000e+00 0.000000000000000000e+00 0.000000000000000000e+00 0.000000000000000000e+00 0.000000000000000000e+00 0.000000000000000000e+00 0.000000000000000000e+00 0.000000000000000000e+00 0.000000000000000000e+00 0.000000000000000000e+00 0.000000000000000000e+00 0.000000000000000000e+00 6.146281499692685417e-04 0.000000000000000000e+00 0.000000000000000000e+00 0.000000000000000000e+00 0.000000000000000000e+00 0.000000000000000000e+00 0.000000000000000000e+00 0.000000000000000000e+00 0.000000000000000000e+00 0.000000000000000000e+00 0.000000000000000000e+00 0.000000000000000000e+00
0.000000000000000000e+00 0.000000000000000000e+00 1.586671955573185251e-03 1.209837366124553726e-01 4.363347877826259658e-03 0.000000000000000000e+00 1.500825453999699824e-04 1.769240490332364387e-03 4.246284501061571267e-04 1.828358208955223885e-01 0.000000000000000000e+00 2.241649854292759435e-04 1.833180568285976229e-04 2.429906542056074845e-03 3.522367030644593189e-04 7.577146348915368701e-02 0.000000000000000000e+00 1.614465611882466827e-04 0.000000000000000000e+00 2.809778027535824829e-04 3.623188405797101493e-03 1.002506265664160345e-02 1.129396579541787566e-03 3.454987834549878151e-02 6.244424620874219380e-03 2.739602169981916746e-01 4.201680672268907814e-04 2.089201877934272200e-01 0.000000000000000000e+00 1.719367588932806459e-02 8.994003997335110745e-03 8.990173531256534165e-03 0.000000000000000000e+00 1.075037626316921111e-03 0.000000000000000000e+00 5.540166204986150030e-04 0.000000000000000000e+00 2.548419979612640365e-04 0.000000000000000000e+00 0.000000000000000000e+00 0.000000000000000000e+00 0.000000000000000000e+00 0.000000000000000000e+00 0.000000000000000000e+00 0.000000000000000000e+00 0.000000000000000000e+00 0.000000000000000000e+00 1.296344309048483149e-04 0.000000000000000000e+00 9.948269001193792117e-05 0.000000000000000000e+00 7.820442637053257463e-05 0.000000000000000000e+00 1.547748026621266167e-04 0.000000000000000000e+00 1.403902849922785312e-04 0.000000000000000000e+00 0.000000000000000000e+00 0.000000000000000000e+00 0.000000000000000000e+00 0.000000000000000000e+00 0.000000000000000000e+00 0.000000000000000000e+00 1.683218313415250022e-04 0.000000000000000000e+00 3.834845967020324739e-04 0.000000000000000000e+00 1.111234581620180084e-04 0.000000000000000000e+00 0.000000000000000000e+00 1.636996112134233693e-03 1.448516579406631741e-02 1.508295625942684829e-04 2.849616858237547998e-02 0.000000000000000000e+00 1.663893510815307860e-03 0.000000000000000000e+00 9.508716323296355355e-04 0.000000000000000000e+00 0.000000000000000000e+00 0.000000000000000000e+00 6.232471174820816305e-04 0.000000000000000000e+00 0.000000000000000000e+00 0.000000000000000000e+00 1.371867569050667620e-03 0.000000000000000000e+00 0.000000000000000000e+00 0.000000000000000000e+00 2.927829014785536467e-04 0.000000000000000000e+00 0.000000000000000000e+00 0.000000000000000000e+00 0.000000000000000000e+00 0.000000000000000000e+00 4.784688995215310818e-03 0.000000000000000000e+00 0.000000000000000000e+00 0.000000000000000000e+00 0.000000000000000000e+00 0.000000000000000000e+00 0.000000000000000000e+00 0.000000000000000000e+00 0.000000000000000000e+00 0.000000000000000000e+00 0.000000000000000000e+00 0.000000000000000000e+00 0.000000000000000000e+00 0.000000000000000000e+00 0.000000000000000000e+00 0.000000000000000000e+00 0.000000000000000000e+00 0.000000000000000000e+00 0.000000000000000000e+00 0.000000000000000000e+00 0.000000000000000000e+00
1.539846915803692040e-01 6.003301815998799296e-04 2.992645955275401448e-01 1.575866726699684875e-02 1.260693381359747831e-02 1.500825453999699824e-04 0.000000000000000000e+00 1.592316441299128013e-02 2.505307855626327102e-02 1.492537313432835836e-03 1.107639875035501265e-01 5.604124635731898806e-03 2.082493125572869030e-01 9.906542056074767177e-03 8.453680873547022787e-03 5.194011610143598953e-03 6.875000000000000035e-03 9.686793671294800963e-04 1.620469083155650150e-02 4.074178139926945379e-03 0.000000000000000000e+00 0.000000000000000000e+00 1.290738948047757267e-02 1.167883211678832044e-02 2.676181980374665263e-03 0.000000000000000000e+00 0.000000000000000000e+00 0.000000000000000000e+00 6.906655504395144834e-03 1.383399209486166044e-03 3.997335109926715598e-03 1.798034706251306833e-02 2.899877899877899984e-03 7.202752096323370920e-03 0.000000000000000000e+00 0.000000000000000000e+00 2.725538293813028166e-03 0.000000000000000000e+00 0.000000000000000000e+00 0.000000000000000000e+00 0.000000000000000000e+00 0.000000000000000000e+00 0.000000000000000000e+00 0.000000000000000000e+00 3.014772384684956288e-04 0.000000000000000000e+00 0.000000000000000000e+00 0.000000000000000000e+00 6.244146113019044975e-04 0.000000000000000000e+00 2.968337730870712187e-03 0.000000000000000000e+00 3.501400560224089665e-04 0.000000000000000000e+00 1.488926112041689953e-03 0.000000000000000000e+00 3.589492576276717434e-03 0.000000000000000000e+00 3.308910423067832479e-03 0.000000000000000000e+00 2.267252373529828578e-03 0.000000000000000000e+00 8.429334082607473945e-04 0.000000000000000000e+00 5.581089954038082925e-03 0.000000000000000000e+00 2.018633540372670801e-03 3.333703744860540253e-04 2.415945238574592445e-03 0.000000000000000000e+00 7.182320441988949977e-02 2.268760907504363197e-03 1.402714932126696880e-02 4.190613026819923169e-03 0.000000000000000000e+00 8.319467554076539302e-04 3.211418376449598489e-02 4.278922345483359910e-03 0.000000000000000000e+00 0.000000000000000000e+00 1.340257999664935546e-03 3.116235587410408152e-04 0.000000000000000000e+00 0.000000000000000000e+00 7.540326429321370962e-03 2.743735138101335022e-04 0.000000000000000000e+00 0.000000000000000000e+00 4.495936365208369478e-03 0.000000000000000000e+00 0.000000000000000000e+00 0.000000000000000000e+00 0.000000000000000000e+00 0.000000000000000000e+00 4.608294930875576033e-03 0.000000000000000000e+00 0.000000000000000000e+00 0.000000000000000000e+00 1.388888888888888942e-03 2.339181286549707646e-03 0.000000000000000000e+00 0.000000000000000000e+00 2.535496957403651080e-04 2.129471890971039211e-04 0.000000000000000000e+00 0.000000000000000000e+00 0.000000000000000000e+00 0.000000000000000000e+00 0.000000000000000000e+00 0.000000000000000000e+00 0.000000000000000000e+00 0.000000000000000000e+00 0.000000000000000000e+00 0.000000000000000000e+00 0.000000000000000000e+00 0.000000000000000000e+00
4.549475546568937552e-03 1.098192847213446260e-01 1.364842663970681179e-02 2.010615442941994235e-01 5.054972829521041724e-04 1.769240490332364387e-03 1.592316441299128013e-02 0.000000000000000000e+00 4.246284501061571267e-04 1.276119402985074758e-01 7.952286282306162205e-03 2.143017260703878046e-01 9.165902841429880710e-03 2.220560747663551382e-01 1.408946812257837276e-03 7.027192178429575616e-03 8.333333333333333868e-04 1.194704552793025495e-02 1.535181236673774027e-02 2.880022478224220431e-02 0.000000000000000000e+00 0.000000000000000000e+00 2.936431106808647801e-02 1.167883211678832044e-02 8.920606601248885293e-04 0.000000000000000000e+00 4.201680672268907814e-04 0.000000000000000000e+00 6.278777731268313190e-04 9.288537549407114777e-03 1.665556295802798209e-02 1.233535438009617478e-02 1.037851037851037807e-02 9.245323586325520857e-03 0.000000000000000000e+00 5.540166204986150030e-04 2.725538293813028166e-04 2.038735983690112292e-03 4.800768122899663716e-04 0.000000000000000000e+00 0.000000000000000000e+00 0.000000000000000000e+00 0.000000000000000000e+00 2.141786249732276649e-04 1.507386192342478144e-04 2.797016515716569101e-03 0.000000000000000000e+00 0.000000000000000000e+00 0.000000000000000000e+00 4.078790290489455080e-03 0.000000000000000000e+00 9.540940017204973048e-03 0.000000000000000000e+00 6.190992106485064669e-04 0.000000000000000000e+00 2.948195984837849101e-03 3.263175069342470346e-04 9.435331688198577912e-03 1.181753722524225982e-04 9.569377990430621636e-03 1.417032733456142861e-04 7.696390658174097690e-03 0.000000000000000000e+00 1.178252819390674961e-03 3.282994090610636632e-04 1.904640163620094709e-02 2.329192546583850883e-04 3.778197577508612178e-03 0.000000000000000000e+00 6.662225183211192663e-04 2.046245140167792117e-04 9.493891797556719414e-02 9.049773755656108972e-04 2.825670498084291091e-02 0.000000000000000000e+00 3.327787021630615721e-03 3.185930929017458894e-03 2.979397781299524678e-02 0.000000000000000000e+00 2.604166666666666522e-03 1.675322499581169433e-04 6.855718292302898260e-03 0.000000000000000000e+00 2.118644067796610162e-03 9.544716999140975214e-05 1.408450704225352144e-02 0.000000000000000000e+00 0.000000000000000000e+00 0.000000000000000000e+00 4.684526423656858347e-03 0.000000000000000000e+00 0.000000000000000000e+00 0.000000000000000000e+00 0.000000000000000000e+00 4.608294930875576033e-03 4.784688995215310818e-03 0.000000000000000000e+00 0.000000000000000000e+00 0.000000000000000000e+00 1.169590643274853823e-03 0.000000000000000000e+00 0.000000000000000000e+00 2.535496957403651080e-04 2.129471890971039211e-04 0.000000000000000000e+00 0.000000000000000000e+00 1.223990208078335265e-03 0.000000000000000000e+00 0.000000000000000000e+00 0.000000000000000000e+00 0.000000000000000000e+00 0.000000000000000000e+00 0.000000000000000000e+00 0.000000000000000000e+00 0.000000000000000000e+00 0.000000000000000000e+00
2.123142250530785525e-03 0.000000000000000000e+00 1.783439490445859824e-02 8.492569002123142533e-04 4.399150743099787819e-01 4.246284501061571267e-04 2.505307855626327102e-02 4.246284501061571267e-04 0.000000000000000000e+00 2.238805970149253862e-03 1.136040897472308979e-03 0.000000000000000000e+00 6.599450045829513556e-02 5.607476635514018707e-04 1.916167664670658799e-01 9.165902841429881143e-04 0.000000000000000000e+00 0.000000000000000000e+00 4.264392324093816441e-04 0.000000000000000000e+00 0.000000000000000000e+00 0.000000000000000000e+00 2.742820264601484367e-03 1.703163017031630172e-03 1.159678858162354990e-02 9.041591320072332435e-04 2.899159663865546327e-02 0.000000000000000000e+00 3.767266638760987697e-03 0.000000000000000000e+00 9.993337774816788994e-04 4.181476061049550232e-04 1.526251526251526250e-04 0.000000000000000000e+00 0.000000000000000000e+00 0.000000000000000000e+00 2.725538293813028166e-04 0.000000000000000000e+00 0.000000000000000000e+00 0.000000000000000000e+00 0.000000000000000000e+00 0.000000000000000000e+00 0.000000000000000000e+00 0.000000000000000000e+00 0.000000000000000000e+00 0.000000000000000000e+00 0.000000000000000000e+00 0.000000000000000000e+00 0.000000000000000000e+00 0.000000000000000000e+00 0.000000000000000000e+00 0.000000000000000000e+00 0.000000000000000000e+00 0.000000000000000000e+00 0.000000000000000000e+00 0.000000000000000000e+00 0.000000000000000000e+00 0.000000000000000000e+00 0.000000000000000000e+00 0.000000000000000000e+00 2.834065466912285723e-04 0.000000000000000000e+00 0.000000000000000000e+00 0.000000000000000000e+00 0.000000000000000000e+00 0.000000000000000000e+00 0.000000000000000000e+00 0.000000000000000000e+00 0.000000000000000000e+00 0.000000000000000000e+00 7.980356046654389635e-03 0.000000000000000000e+00 1.070889894419306196e-02 0.000000000000000000e+00 8.968609865470851886e-03 8.319467554076539302e-04 1.911558557410475249e-03 1.584786053882725892e-04 0.000000000000000000e+00 0.000000000000000000e+00 1.675322499581169433e-04 0.000000000000000000e+00 3.257328990228013175e-03 0.000000000000000000e+00 1.908943399828195043e-04 0.000000000000000000e+00 0.000000000000000000e+00 0.000000000000000000e+00 1.729206294310911421e-04 0.000000000000000000e+00 4.152823920265780828e-04 0.000000000000000000e+00 0.000000000000000000e+00 0.000000000000000000e+00 0.000000000000000000e+00 0.000000000000000000e+00 0.000000000000000000e+00 0.000000000000000000e+00 0.000000000000000000e+00 0.000000000000000000e+00 0.000000000000000000e+00 0.000000000000000000e+00 0.000000000000000000e+00 0.000000000000000000e+00 0.000000000000000000e+00 0.000000000000000000e+00 0.000000000000000000e+00 0.000000000000000000e+00 0.000000000000000000e+00 0.000000000000000000e+00 0.000000000000000000e+00 0.000000000000000000e+00 0.000000000000000000e+00 0.000000000000000000e+00 0.000000000000000000e+00 0.000000000000000000e+00
0.000000000000000000e+00 1.492537313432835836e-03 3.731343283582089481e-03 2.089552238805970213e-02 7.462686567164179179e-04 1.828358208955223885e-01 1.492537313432835836e-03 1.276119402985074758e-01 2.238805970149253862e-03 0.000000000000000000e+00 0.000000000000000000e+00 2.914144810580587483e-03 1.833180568285976229e-04 1.850467289719626152e-02 3.522367030644593189e-04 1.432936144210204821e-01 0.000000000000000000e+00 0.000000000000000000e+00 1.421464108031272237e-04 1.404889013767912415e-04 0.000000000000000000e+00 0.000000000000000000e+00 1.774766053565666329e-03 2.433090024330900308e-03 2.230151650312221269e-03 9.041591320072332435e-04 8.403361344537815629e-04 2.934272300469483417e-03 0.000000000000000000e+00 1.047430830039525716e-02 4.663557628247834430e-03 1.045369015262387694e-03 1.526251526251526250e-04 2.150075252633842167e-04 0.000000000000000000e+00 0.000000000000000000e+00 0.000000000000000000e+00 0.000000000000000000e+00 0.000000000000000000e+00 0.000000000000000000e+00 0.000000000000000000e+00 0.000000000000000000e+00 0.000000000000000000e+00 1.070893124866138324e-04 0.000000000000000000e+00 0.000000000000000000e+00 0.000000000000000000e+00 0.000000000000000000e+00 0.000000000000000000e+00 0.000000000000000000e+00 0.000000000000000000e+00 1.564088527410651493e-04 0.000000000000000000e+00 0.000000000000000000e+00 0.000000000000000000e+00 0.000000000000000000e+00 0.000000000000000000e+00 0.000000000000000000e+00 0.000000000000000000e+00 1.407261469180973786e-04 0.000000000000000000e+00 0.000000000000000000e+00 0.000000000000000000e+00 1.683218313415250022e-04 0.000000000000000000e+00 2.556563978013550007e-04 0.000000000000000000e+00 2.222469163240360169e-04 0.000000000000000000e+00 3.331112591605596331e-04 6.138735420503375808e-04 1.919720767888307171e-03 1.508295625942684829e-04 1.652298850574712707e-02 0.000000000000000000e+00 1.663893510815307860e-03 0.000000000000000000e+00 2.060221870047543660e-03 0.000000000000000000e+00 0.000000000000000000e+00 0.000000000000000000e+00 3.116235587410408152e-04 0.000000000000000000e+00 0.000000000000000000e+00 0.000000000000000000e+00 5.487470276202670045e-04 0.000000000000000000e+00 0.000000000000000000e+00 0.000000000000000000e+00 4.391743522178304972e-04 0.000000000000000000e+00 0.000000000000000000e+00 0.000000000000000000e+00 0.000000000000000000e+00 0.000000000000000000e+00 0.000000000000000000e+00 0.000000000000000000e+00 0.000000000000000000e+00 0.000000000000000000e+00 0.000000000000000000e+00 0.000000000000000000e+00 0.000000000000000000e+00 0.000000000000000000e+00 0.000000000000000000e+00 0.000000000000000000e+00 0.000000000000000000e+00 0.000000000000000000e+00 0.000000000000000000e+00 0.000000000000000000e+00 0.000000000000000000e+00 0.000000000000000000e+00 0.000000000000000000e+00 0.000000000000000000e+00 0.000000000000000000e+00 0.000000000000000000e+00 0.000000000000000000e+00
3.626810565180346724e-01 0.000000000000000000e+00 4.032945186026697104e-02 6.532235160465776902e-03 2.840102243680772448e-04 0.000000000000000000e+00 1.107639875035501265e-01 7.952286282306162205e-03 1.136040897472308979e-03 0.000000000000000000e+00 0.000000000000000000e+00 2.689979825151311323e-03 1.307057745187900910e-01 1.495327102803738250e-03 9.158154279675942075e-03 0.000000000000000000e+00 3.624999999999999750e-02 1.614465611882466827e-04 1.279317697228144965e-02 9.834223096375385546e-04 0.000000000000000000e+00 0.000000000000000000e+00 9.841884478864150118e-03 2.919708029197080109e-03 0.000000000000000000e+00 0.000000000000000000e+00 0.000000000000000000e+00 0.000000000000000000e+00 4.583507743825868813e-02 0.000000000000000000e+00 3.331112591605596331e-04 2.927033242734685542e-03 1.373626373626373734e-03 1.827563964738765801e-03 0.000000000000000000e+00 0.000000000000000000e+00 5.451076587626056333e-04 0.000000000000000000e+00 0.000000000000000000e+00 0.000000000000000000e+00 0.000000000000000000e+00 0.000000000000000000e+00 0.000000000000000000e+00 0.000000000000000000e+00 1.507386192342478144e-04 0.000000000000000000e+00 0.000000000000000000e+00 0.000000000000000000e+00 4.683109584764283732e-04 0.000000000000000000e+00 6.596306068601582879e-04 0.000000000000000000e+00 7.002801120448179329e-04 0.000000000000000000e+00 3.722315280104224883e-04 0.000000000000000000e+00 4.242127590145211395e-03 1.451589490492088714e-04 2.363507445048451964e-04 0.000000000000000000e+00 5.526427660478956672e-03 0.000000000000000000e+00 2.388311323405451023e-03 0.000000000000000000e+00 4.267892317793828272e-03 0.000000000000000000e+00 6.211180124223602715e-04 0.000000000000000000e+00 2.013287698812160371e-04 3.331112591605596331e-04 1.289134438305709028e-02 8.726003490401396329e-04 3.921568627450980338e-03 1.197318007662835160e-03 0.000000000000000000e+00 0.000000000000000000e+00 7.646234229641901215e-04 1.584786053882725892e-04 0.000000000000000000e+00 0.000000000000000000e+00 1.172725749706818657e-03 0.000000000000000000e+00 0.000000000000000000e+00 0.000000000000000000e+00 3.913333969647800163e-03 0.000000000000000000e+00 0.000000000000000000e+00 0.000000000000000000e+00 1.556285664879820171e-03 0.000000000000000000e+00 0.000000000000000000e+00 0.000000000000000000e+00 0.000000000000000000e+00 0.000000000000000000e+00 0.000000000000000000e+00 0.000000000000000000e+00 0.000000000000000000e+00 0.000000000000000000e+00 0.000000000000000000e+00 0.000000000000000000e+00 0.000000000000000000e+00 0.000000000000000000e+00 0.000000000000000000e+00 0.000000000000000000e+00 0.000000000000000000e+00 0.000000000000000000e+00 0.000000000000000000e+00 0.000000000000000000e+00 0.000000000000000000e+00 0.000000000000000000e+00 0.000000000000000000e+00 0.000000000000000000e+00 0.000000000000000000e+00 0.000000000000000000e+00 0.000000000000000000e+00 0.000000000000000000e+00
6.724949562878278306e-04 6.030038108047523077e-02 4.707464694014795031e-03 2.420981842636180104e-02 0.000000000000000000e+00 2.241649854292759435e-04 5.604124635731898806e-03 2.143017260703878046e-01 0.000000000000000000e+00 2.914144810580587483e-03 2.689979825151311323e-03 0.000000000000000000e+00 1.466544454628780983e-03 1.502803738317756987e-01 0.000000000000000000e+00 3.360831041857623158e-03 0.000000000000000000e+00 7.668711656441717928e-02 3.269367448471926282e-03 2.008991289688114718e-02 0.000000000000000000e+00 0.000000000000000000e+00 1.774766053565666329e-03 2.189781021897810407e-03 0.000000000000000000e+00 0.000000000000000000e+00 0.000000000000000000e+00 0.000000000000000000e+00 0.000000000000000000e+00 5.118577075098814516e-02 1.665556295802798166e-03 2.299811833577252926e-03 1.831501831501831500e-03 1.300795527843474561e-02 0.000000000000000000e+00 0.000000000000000000e+00 2.725538293813028166e-04 1.019367991845056146e-03 0.000000000000000000e+00 0.000000000000000000e+00 0.000000000000000000e+00 0.000000000000000000e+00 0.000000000000000000e+00 2.141786249732276649e-04 0.000000000000000000e+00 2.663825253063398886e-04 0.000000000000000000e+00 0.000000000000000000e+00 0.000000000000000000e+00 7.958615200955033693e-04 0.000000000000000000e+00 3.128177054821303094e-03 0.000000000000000000e+00 4.643244079863798231e-04 0.000000000000000000e+00 3.650147409799241703e-03 0.000000000000000000e+00 7.983742197706488603e-03 0.000000000000000000e+00 1.266535322262876380e-03 0.000000000000000000e+00 1.141188959660297160e-02 0.000000000000000000e+00 8.584413398417775273e-03 0.000000000000000000e+00 9.970599514252843562e-03 0.000000000000000000e+00 8.889876652961440674e-04 0.000000000000000000e+00 9.993337774816788994e-04 0.000000000000000000e+00 2.565445026178010332e-02 1.508295625942684829e-04 1.245210727969348584e-02 0.000000000000000000e+00 3.327787021630615721e-03 6.371861858034918221e-04 1.632329635499207496e-02 0.000000000000000000e+00 2.604166666666666522e-03 0.000000000000000000e+00 2.960423808039887653e-02 0.000000000000000000e+00 0.000000000000000000e+00 0.000000000000000000e+00 2.432778489116517451e-02 0.000000000000000000e+00 6.207324643078832981e-04 0.000000000000000000e+00 1.376079636949202080e-02 8.305647840531561656e-04 0.000000000000000000e+00 0.000000000000000000e+00 0.000000000000000000e+00 0.000000000000000000e+00 0.000000000000000000e+00 0.000000000000000000e+00 0.000000000000000000e+00 0.000000000000000000e+00 0.000000000000000000e+00 0.000000000000000000e+00 0.000000000000000000e+00 5.070993914807302161e-04 6.388415672913117091e-04 0.000000000000000000e+00 0.000000000000000000e+00 0.000000000000000000e+00 0.000000000000000000e+00 0.000000000000000000e+00 0.000000000000000000e+00 0.000000000000000000e+00 0.000000000000000000e+00 0.000000000000000000e+00 0.000000000000000000e+00 0.000000000000000000e+00 0.000000000000000000e+00
5.206232813932172576e-02 1.833180568285976229e-04 7.204399633363886557e-02 6.232813932172318744e-03 2.016498625114573635e-03 1.833180568285976229e-04 2.082493125572869030e-01 9.165902841429880710e-03 6.599450045829513556e-02 1.833180568285976229e-04 1.307057745187900910e-01 1.466544454628780983e-03 0.000000000000000000e+00 4.112149532710280241e-03 2.377597745685100517e-01 3.360831041857623158e-03 3.958333333333333669e-03 0.000000000000000000e+00 5.259417199715707252e-03 2.809778027535824829e-04 0.000000000000000000e+00 0.000000000000000000e+00 2.194256211681187493e-02 5.352798053527980417e-03 1.784121320249777059e-03 0.000000000000000000e+00 4.201680672268907814e-04 0.000000000000000000e+00 1.107157806613645878e-01 1.976284584980237129e-04 1.332445036642238533e-03 9.826468743466444319e-03 1.221001221001221000e-03 1.397548914211997314e-03 0.000000000000000000e+00 0.000000000000000000e+00 0.000000000000000000e+00 0.000000000000000000e+00 4.800768122899663716e-04 0.000000000000000000e+00 0.000000000000000000e+00 0.000000000000000000e+00 0.000000000000000000e+00 0.000000000000000000e+00 1.507386192342478144e-04 0.000000000000000000e+00 0.000000000000000000e+00 0.000000000000000000e+00 0.000000000000000000e+00 0.000000000000000000e+00 9.894459102902375403e-04 0.000000000000000000e+00 7.002801120448179329e-04 0.000000000000000000e+00 9.305788200260562207e-04 0.000000000000000000e+00 4.894762604013704922e-03 0.000000000000000000e+00 9.454029780193807858e-04 0.000000000000000000e+00 8.077086580700014798e-03 2.653927813163481906e-04 3.231244731666198418e-03 0.000000000000000000e+00 3.939592908732763958e-03 0.000000000000000000e+00 4.658385093167701765e-04 0.000000000000000000e+00 1.610630159049728297e-03 0.000000000000000000e+00 4.644976468180887774e-02 1.221640488656195551e-03 2.126696832579185598e-02 2.155172413793103418e-03 1.121076233183856486e-03 8.319467554076539302e-04 2.739900598955014727e-02 1.426307448494453303e-03 2.600780234070221124e-03 0.000000000000000000e+00 3.685709499078572426e-03 0.000000000000000000e+00 0.000000000000000000e+00 0.000000000000000000e+00 9.353822659158156361e-03 0.000000000000000000e+00 0.000000000000000000e+00 0.000000000000000000e+00 3.458412588621822409e-03 0.000000000000000000e+00 8.305647840531561656e-04 0.000000000000000000e+00 6.410256410256410251e-04 7.806401249024199837e-04 0.000000000000000000e+00 0.000000000000000000e+00 8.496176720475786051e-04 0.000000000000000000e+00 1.388888888888888942e-03 0.000000000000000000e+00 0.000000000000000000e+00 0.000000000000000000e+00 2.535496957403651080e-04 0.000000000000000000e+00 6.146281499692685417e-04 0.000000000000000000e+00 0.000000000000000000e+00 0.000000000000000000e+00 0.000000000000000000e+00 0.000000000000000000e+00 0.000000000000000000e+00 0.000000000000000000e+00 0.000000000000000000e+00 0.000000000000000000e+00 0.000000000000000000e+00 0.000000000000000000e+00
