2.884254027581890645e-01 4.996114426982999346e-01 4.044903446709121053e-01 4.969721556433268628e-01 3.656668874559905191e-01 0.000000000000000000e+00 3.454715744694895618e-01 4.750958842261446824e-01 3.838144311635988681e-01 0.000000000000000000e+00 3.225861521732283910e-01 4.943632698374185730e-01 3.719995349680753072e-01 4.515736160714285963e-01 3.805097591357786690e-01 0.000000000000000000e+00 3.192149464969715744e-01 4.864781889982706109e-01 4.206609278432958954e-01 5.108843455258702537e-01 0.000000000000000000e+00 0.000000000000000000e+00 3.960044552623448455e-01 4.441564456521738813e-01 0.000000000000000000e+00 0.000000000000000000e+00 0.000000000000000000e+00 0.000000000000000000e+00 3.915866764785694287e-01 4.923466262942267635e-01 4.651437402597402571e-01 4.443761666666666277e-01 4.690896241442261694e-01 5.121338622858371270e-01 3.487288333333333212e-01 0.000000000000000000e+00 4.978732552265242584e-01 4.526038600000000245e-01 5.890138632478632008e-01 0.000000000000000000e+00 0.000000000000000000e+00 0.000000000000000000e+00 0.000000000000000000e+00 0.000000000000000000e+00 4.098093243243242645e-01 0.000000000000000000e+00 0.000000000000000000e+00 0.000000000000000000e+00 4.375450918591299865e-01 0.000000000000000000e+00 4.261866141057366608e-01 0.000000000000000000e+00 0.000000000000000000e+00 4.229056896551723899e-01 4.394348718394891495e-01 0.000000000000000000e+00 3.316038487616387309e-01 4.962322782145045519e-01 4.428193141510881059e-01 5.153973793569255335e-01 4.117039835287746863e-01 0.000000000000000000e+00 3.857209427633885301e-01 0.000000000000000000e+00 4.202723038639007980e-01 5.120462702702701652e-01 4.319496171256920203e-01 4.965861715977569202e-01 4.015452248802797164e-01 5.100961852309525701e-01 3.742791315147344644e-01 0.000000000000000000e+00 3.951028059538582715e-01 4.826768745464738997e-01 4.161808179085160209e-01 0.000000000000000000e+00 4.083681760245556069e-01 4.756460024347679005e-01 4.374705729166666335e-01 0.000000000000000000e+00 4.253759508091289887e-01 0.000000000000000000e+00 4.169615102040816201e-01 0.000000000000000000e+00 4.494622049773627226e-01 0.000000000000000000e+00 0.000000000000000000e+00 0.000000000000000000e+00 4.531349422846547292e-01 0.000000000000000000e+00 4.623019424652931031e-01 4.792073677833794676e-01 4.344331275862068908e-01 0.000000000000000000e+00 4.719446051175663626e-01 0.000000000000000000e+00 5.132867566631826861e-01 0.000000000000000000e+00 4.784072247213114748e-01 0.000000000000000000e+00 0.000000000000000000e+00 0.000000000000000000e+00 4.626122793744386064e-01 4.453676974867912808e-01 4.883975201210826178e-01 0.000000000000000000e+00 4.851559532710280620e-01 0.000000000000000000e+00 0.000000000000000000e+00 0.000000000000000000e+00 0.000000000000000000e+00 0.000000000000000000e+00 0.000000000000000000e+00 0.000000000000000000e+00 0.000000000000000000e+00 0.000000000000000000e+00
4.996114426982999346e-01 2.794986033848244622e-01 5.143861558310818261e-01 3.930988050010340573e-01 0.000000000000000000e+00 3.291139516317016511e-01 4.806105319767884909e-01 3.352158315524019216e-01 0.000000000000000000e+00 3.434320519480519307e-01 4.660855470085470409e-01 3.827753346415591618e-01 0.000000000000000000e+00 3.746252736235482494e-01 0.000000000000000000e+00 3.799612794942017757e-01 4.798819797248542462e-01 3.481043453044670444e-01 5.189156565168879798e-01 3.688551791966520610e-01 0.000000000000000000e+00 0.000000000000000000e+00 4.960163444444444236e-01 4.262923483870967312e-01 0.000000000000000000e+00 0.000000000000000000e+00 0.000000000000000000e+00 0.000000000000000000e+00 5.021787847404562966e-01 3.981837363444763467e-01 4.233909622641510717e-01 0.000000000000000000e+00 5.049487797551659440e-01 4.687782507302817314e-01 0.000000000000000000e+00 0.000000000000000000e+00 5.713566842105263222e-01 5.470389258967005564e-01 0.000000000000000000e+00 0.000000000000000000e+00 0.000000000000000000e+00 4.200924224242423843e-01 0.000000000000000000e+00 4.374946912271918675e-01 0.000000000000000000e+00 4.245732096982391957e-01 0.000000000000000000e+00 0.000000000000000000e+00 4.922568951048951202e-01 4.231843689225542327e-01 5.022590147058823007e-01 4.053582656492896730e-01 0.000000000000000000e+00 4.170730183033034555e-01 0.000000000000000000e+00 4.255792619298128798e-01 5.223841851935083769e-01 2.978426936948743164e-01 5.322121314156941230e-01 4.226724566998439347e-01 4.753431000000000184e-01 4.222047104323108369e-01 0.000000000000000000e+00 4.062087008037202907e-01 4.901328637265511823e-01 4.028119712752979420e-01 5.044823319925685334e-01 3.989733032879755337e-01 5.222471585200336719e-01 3.770260910184902170e-01 0.000000000000000000e+00 3.773776953404098800e-01 4.881453003029336823e-01 3.971897684284280139e-01 0.000000000000000000e+00 4.540960801191031293e-01 4.843707269606937760e-01 4.028254616139461119e-01 0.000000000000000000e+00 4.199551341463415577e-01 0.000000000000000000e+00 4.530540892579769663e-01 0.000000000000000000e+00 0.000000000000000000e+00 5.186646727038879412e-01 4.502830124595572081e-01 0.000000000000000000e+00 0.000000000000000000e+00 4.882589760479042473e-01 4.469076381568835576e-01 4.474870878587447476e-01 4.497448158705492083e-01 0.000000000000000000e+00 4.450375449278217155e-01 4.911527669161033782e-01 5.368368212398890726e-01 4.366409159663866002e-01 0.000000000000000000e+00 4.372936985294117451e-01 4.656276180823680777e-01 0.000000000000000000e+00 0.000000000000000000e+00 4.500856421701827093e-01 4.381965150975106194e-01 0.000000000000000000e+00 4.660239552208325642e-01 0.000000000000000000e+00 0.000000000000000000e+00 0.000000000000000000e+00 0.000000000000000000e+00 4.532385833333333336e-01 0.000000000000000000e+00 0.000000000000000000e+00 0.000000000000000000e+00 0.000000000000000000e+00 0.000000000000000000e+00
4.044903446709121053e-01 5.143861558310818261e-01 2.752386127330389565e-01 4.679606606853310424e-01 1.904415061693958688e-01 4.305182091046045878e-01 3.318228049892003040e-01 4.737051100274070614e-01 3.269854834402604049e-01 4.245251466365873583e-01 3.869214870752858415e-01 4.851177742268041326e-01 3.549474573351834028e-01 4.822277472877358750e-01 3.425845736954343801e-01 4.396773458469439011e-01 4.035208495088272729e-01 4.920877063913708382e-01 3.316134172730942908e-01 4.896245240907662888e-01 3.298702875000000256e-01 0.000000000000000000e+00 2.581806209989336298e-01 4.610674470359121813e-01 1.647142191702713476e-01 4.085336619362096577e-01 2.778008972721857650e-01 0.000000000000000000e+00 3.990891513410967373e-01 5.042990413292589569e-01 3.723350415434186766e-01 4.399519827409795747e-01 3.982866744197568476e-01 4.907473753379101855e-01 3.917400989010990098e-01 5.009065945945945231e-01 4.401960437091503309e-01 5.004381954887218154e-01 0.000000000000000000e+00 0.000000000000000000e+00 0.000000000000000000e+00 0.000000000000000000e+00 4.499400360824741818e-01 0.000000000000000000e+00 4.571055980392157991e-01 0.000000000000000000e+00 0.000000000000000000e+00 0.000000000000000000e+00 4.704923656107925511e-01 4.800683949735449207e-01 4.529374352654005897e-01 0.000000000000000000e+00 0.000000000000000000e+00 0.000000000000000000e+00 4.418886631016042399e-01 0.000000000000000000e+00 4.229621829256793863e-01 5.531722222222222873e-01 4.474274917631304027e-01 0.000000000000000000e+00 4.125813240668235737e-01 0.000000000000000000e+00 3.707504158076277978e-01 0.000000000000000000e+00 4.147431049646270185e-01 0.000000000000000000e+00 4.381193612335355647e-01 4.921022772535991185e-01 3.906655114562559983e-01 5.415846038401253004e-01 3.606405120446768420e-01 4.305989624633430601e-01 3.744071802006487815e-01 4.531147147776022344e-01 3.695097655291548211e-01 0.000000000000000000e+00 4.088695612134897739e-01 0.000000000000000000e+00 0.000000000000000000e+00 0.000000000000000000e+00 3.901595108816913737e-01 0.000000000000000000e+00 0.000000000000000000e+00 0.000000000000000000e+00 4.311164424707326637e-01 0.000000000000000000e+00 0.000000000000000000e+00 0.000000000000000000e+00 4.548191296047430221e-01 0.000000000000000000e+00 4.409502204237233380e-01 0.000000000000000000e+00 0.000000000000000000e+00 0.000000000000000000e+00 4.383214544652890288e-01 0.000000000000000000e+00 0.000000000000000000e+00 0.000000000000000000e+00 0.000000000000000000e+00 0.000000000000000000e+00 0.000000000000000000e+00 0.000000000000000000e+00 4.472432928571428712e-01 4.624031341265822381e-01 4.602382347826087239e-01 0.000000000000000000e+00 4.944148773584906009e-01 0.000000000000000000e+00 0.000000000000000000e+00 0.000000000000000000e+00 0.000000000000000000e+00 0.000000000000000000e+00 0.000000000000000000e+00 4.145954857142857275e-01 0.000000000000000000e+00 0.000000000000000000e+00
4.969721556433268628e-01 3.930988050010340573e-01 4.679606606853310424e-01 2.920034097834685594e-01 4.007253857765120664e-01 2.653374449329960472e-01 4.603085900573569145e-01 3.341374944795931223e-01 0.000000000000000000e+00 3.206255098941196424e-01 4.663573761832990883e-01 3.878250567967790330e-01 4.366010193026215735e-01 3.567422989229458441e-01 0.000000000000000000e+00 3.520690397430107366e-01 4.751090018686330296e-01 4.129861052205623384e-01 4.972804538820208009e-01 3.106139599589988198e-01 0.000000000000000000e+00 0.000000000000000000e+00 4.629003898791761440e-01 2.789711344534328563e-01 0.000000000000000000e+00 0.000000000000000000e+00 0.000000000000000000e+00 2.801187255813953891e-01 4.277570349416208728e-01 3.866364789757377740e-01 4.420630946819124052e-01 3.299413042721268119e-01 4.740398933827751904e-01 3.792401134081516689e-01 0.000000000000000000e+00 4.939059738022592572e-01 0.000000000000000000e+00 4.650140649281275795e-01 0.000000000000000000e+00 0.000000000000000000e+00 0.000000000000000000e+00 4.256582010090737000e-01 0.000000000000000000e+00 4.465628478658536515e-01 0.000000000000000000e+00 4.527709977440441125e-01 0.000000000000000000e+00 0.000000000000000000e+00 5.120232049689440457e-01 4.364050404056105670e-01 0.000000000000000000e+00 4.232881937883340995e-01 0.000000000000000000e+00 4.542478724832214043e-01 0.000000000000000000e+00 4.531809203539823305e-01 0.000000000000000000e+00 4.076677489496846052e-01 0.000000000000000000e+00 4.479602789776424010e-01 0.000000000000000000e+00 3.909441932674135312e-01 0.000000000000000000e+00 3.991280979511545035e-01 0.000000000000000000e+00 4.232453806639172589e-01 5.089340166916082042e-01 4.480503706096664041e-01 4.811921599511598813e-01 4.155740678247737963e-01 5.315681643835616921e-01 3.541299770957311854e-01 4.357813737377264629e-01 3.686779224202452743e-01 0.000000000000000000e+00 3.600204307581804652e-01 4.571023284705766909e-01 4.139859847692372030e-01 0.000000000000000000e+00 0.000000000000000000e+00 5.073054894736842568e-01 4.111697316522472390e-01 0.000000000000000000e+00 0.000000000000000000e+00 4.807556641791045360e-01 4.289624592561368521e-01 0.000000000000000000e+00 0.000000000000000000e+00 0.000000000000000000e+00 4.500768130814093437e-01 4.278789460983136728e-01 4.221593502353351290e-01 4.753541437500000133e-01 4.196613262411347245e-01 4.684833878394333295e-01 4.535288453650533347e-01 0.000000000000000000e+00 0.000000000000000000e+00 0.000000000000000000e+00 0.000000000000000000e+00 0.000000000000000000e+00 0.000000000000000000e+00 4.274693067038595196e-01 4.483790814187577078e-01 0.000000000000000000e+00 4.505140295753818913e-01 0.000000000000000000e+00 3.993626068965517306e-01 0.000000000000000000e+00 0.000000000000000000e+00 3.866601692307692351e-01 0.000000000000000000e+00 4.249808613138685853e-01 4.154000160000000386e-01 0.000000000000000000e+00 0.000000000000000000e+00
3.656668874559905191e-01 0.000000000000000000e+00 1.904415061693958688e-01 4.007253857765120664e-01 2.443741508664264983e-01 4.309810971131322610e-01 2.943918224154111751e-01 0.000000000000000000e+00 2.618991111927564397e-01 4.743082105263158876e-01 0.000000000000000000e+00 0.000000000000000000e+00 3.503564228621753873e-01 0.000000000000000000e+00 2.908198804183168562e-01 0.000000000000000000e+00 3.583511818181818187e-01 0.000000000000000000e+00 3.611050646346249948e-01 4.294848120300751027e-01 4.337684921826128193e-01 4.766265349544072105e-01 2.204361733286374914e-01 0.000000000000000000e+00 2.187439494675668394e-01 4.345233005887185751e-01 3.040091008400344075e-01 3.488280950617284049e-01 3.270541967570127495e-01 0.000000000000000000e+00 3.773931812443820921e-01 3.796750512157325841e-01 3.601734583333333628e-01 0.000000000000000000e+00 4.982781929824561806e-01 0.000000000000000000e+00 0.000000000000000000e+00 0.000000000000000000e+00 0.000000000000000000e+00 0.000000000000000000e+00 0.000000000000000000e+00 0.000000000000000000e+00 0.000000000000000000e+00 0.000000000000000000e+00 0.000000000000000000e+00 0.000000000000000000e+00 0.000000000000000000e+00 0.000000000000000000e+00 0.000000000000000000e+00 0.000000000000000000e+00 4.272889097222221655e-01 0.000000000000000000e+00 0.000000000000000000e+00 0.000000000000000000e+00 4.173376942148760982e-01 0.000000000000000000e+00 3.856057996260138232e-01 0.000000000000000000e+00 4.021886929705401625e-01 0.000000000000000000e+00 3.929037114948543685e-01 0.000000000000000000e+00 0.000000000000000000e+00 0.000000000000000000e+00 3.686972079365079535e-01 0.000000000000000000e+00 4.207818097770781307e-01 0.000000000000000000e+00 4.180957054703592357e-01 0.000000000000000000e+00 3.391333547480961941e-01 4.567079747634990028e-01 3.540861157998946851e-01 0.000000000000000000e+00 3.262602843283995413e-01 0.000000000000000000e+00 3.586393935401392952e-01 0.000000000000000000e+00 0.000000000000000000e+00 0.000000000000000000e+00 3.930848897058823455e-01 0.000000000000000000e+00 0.000000000000000000e+00 0.000000000000000000e+00 4.130315340170662708e-01 0.000000000000000000e+00 4.246827258064516109e-01 0.000000000000000000e+00 3.878258395061728869e-01 0.000000000000000000e+00 3.798957640845070927e-01 0.000000000000000000e+00 0.000000000000000000e+00 0.000000000000000000e+00 3.996206684362934580e-01 0.000000000000000000e+00 0.000000000000000000e+00 0.000000000000000000e+00 0.000000000000000000e+00 0.000000000000000000e+00 0.000000000000000000e+00 0.000000000000000000e+00 0.000000000000000000e+00 0.000000000000000000e+00 3.664765000000000383e-01 0.000000000000000000e+00 0.000000000000000000e+00 0.000000000000000000e+00 0.000000000000000000e+00 0.000000000000000000e+00 0.000000000000000000e+00 0.000000000000000000e+00 0.000000000000000000e+00 0.000000000000000000e+00 0.000000000000000000e+00 0.000000000000000000e+00
0.000000000000000000e+00 3.291139516317016511e-01 4.305182091046045878e-01 2.653374449329960472e-01 4.309810971131322610e-01 2.248621170728743457e-01 4.320168387949260280e-01 3.136399951952158482e-01 4.498040000000000926e-01 2.143667944722907059e-01 0.000000000000000000e+00 3.100390586726998188e-01 0.000000000000000000e+00 3.385615566399287069e-01 4.180761474124810029e-01 2.769629907789151746e-01 0.000000000000000000e+00 0.000000000000000000e+00 0.000000000000000000e+00 4.048716637988400979e-01 4.772869363516987207e-01 2.789819082105486348e-01 4.372760601209510489e-01 1.413012928661381284e-01 4.315123323185706683e-01 1.542719145569877714e-01 4.348014597701150841e-01 2.908482547486747616e-01 0.000000000000000000e+00 3.349492166741697141e-01 4.287919453433237660e-01 3.345626722875935100e-01 0.000000000000000000e+00 4.242457183817772148e-01 0.000000000000000000e+00 4.683892037037036826e-01 0.000000000000000000e+00 0.000000000000000000e+00 0.000000000000000000e+00 0.000000000000000000e+00 0.000000000000000000e+00 3.114876428571428657e-01 0.000000000000000000e+00 0.000000000000000000e+00 0.000000000000000000e+00 0.000000000000000000e+00 0.000000000000000000e+00 4.361431643790849577e-01 0.000000000000000000e+00 0.000000000000000000e+00 0.000000000000000000e+00 0.000000000000000000e+00 0.000000000000000000e+00 0.000000000000000000e+00 0.000000000000000000e+00 0.000000000000000000e+00 0.000000000000000000e+00 0.000000000000000000e+00 0.000000000000000000e+00 0.000000000000000000e+00 0.000000000000000000e+00 0.000000000000000000e+00 0.000000000000000000e+00 0.000000000000000000e+00 0.000000000000000000e+00 0.000000000000000000e+00 0.000000000000000000e+00 4.822011093750000477e-01 0.000000000000000000e+00 0.000000000000000000e+00 0.000000000000000000e+00 3.692532175111208348e-01 4.177461849056604004e-01 3.396733755602569516e-01 0.000000000000000000e+00 3.174924461594320069e-01 0.000000000000000000e+00 3.667831403455670269e-01 0.000000000000000000e+00 0.000000000000000000e+00 0.000000000000000000e+00 3.817650340136054532e-01 0.000000000000000000e+00 0.000000000000000000e+00 0.000000000000000000e+00 0.000000000000000000e+00 0.000000000000000000e+00 0.000000000000000000e+00 0.000000000000000000e+00 3.552855437086092638e-01 0.000000000000000000e+00 0.000000000000000000e+00 0.000000000000000000e+00 0.000000000000000000e+00 0.000000000000000000e+00 0.000000000000000000e+00 0.000000000000000000e+00 0.000000000000000000e+00 0.000000000000000000e+00 0.000000000000000000e+00 0.000000000000000000e+00 0.000000000000000000e+00 0.000000000000000000e+00 0.000000000000000000e+00 0.000000000000000000e+00 0.000000000000000000e+00 0.000000000000000000e+00 0.000000000000000000e+00 0.000000000000000000e+00 0.000000000000000000e+00 0.000000000000000000e+00 0.000000000000000000e+00 0.000000000000000000e+00 0.000000000000000000e+00 0.000000000000000000e+00 0.000000000000000000e+00
3.454715744694895618e-01 4.806105319767884909e-01 3.318228049892003040e-01 4.603085900573569145e-01 2.943918224154111751e-01 4.320168387949260280e-01 2.596755358541227854e-01 4.494620573481025172e-01 3.074991745949527955e-01 0.000000000000000000e+00 3.576421448191188235e-01 4.586370852224582184e-01 2.618453194232440162e-01 4.377800619609069632e-01 3.037294566056773504e-01 4.124712647058823012e-01 3.994630125803096399e-01 4.797655766647015430e-01 3.971870205783347152e-01 4.844465399633257063e-01 0.000000000000000000e+00 0.000000000000000000e+00 3.923022333054067556e-01 4.505130470402300413e-01 3.242631589189075014e-01 0.000000000000000000e+00 0.000000000000000000e+00 0.000000000000000000e+00 3.619493894907119813e-01 4.770951845238095568e-01 3.818872504912847465e-01 4.296204847757006395e-01 4.136713231761225407e-01 4.675215058079154606e-01 4.765820494505494942e-01 0.000000000000000000e+00 4.197604040453196683e-01 0.000000000000000000e+00 0.000000000000000000e+00 0.000000000000000000e+00 3.313255733333333453e-01 0.000000000000000000e+00 0.000000000000000000e+00 0.000000000000000000e+00 0.000000000000000000e+00 0.000000000000000000e+00 0.000000000000000000e+00 0.000000000000000000e+00 4.471003517254568127e-01 0.000000000000000000e+00 4.266564455087858976e-01 4.380215684931506592e-01 0.000000000000000000e+00 0.000000000000000000e+00 4.121372727622916732e-01 0.000000000000000000e+00 4.108405594585576859e-01 4.766517768595041060e-01 4.274357177186807188e-01 0.000000000000000000e+00 3.987523758874574886e-01 0.000000000000000000e+00 3.930372283823422852e-01 0.000000000000000000e+00 3.972149419886276678e-01 0.000000000000000000e+00 4.562556282766648263e-01 4.478691422305764447e-01 4.198511506321840336e-01 4.845165429986259542e-01 3.282377388766865023e-01 4.821285542168674554e-01 3.523385760980338177e-01 4.525680697290151988e-01 3.230977150262313025e-01 0.000000000000000000e+00 3.878459960972474030e-01 4.742116534594046362e-01 4.272064056603773752e-01 0.000000000000000000e+00 4.057729315419447147e-01 0.000000000000000000e+00 0.000000000000000000e+00 0.000000000000000000e+00 4.407047968013195760e-01 0.000000000000000000e+00 0.000000000000000000e+00 0.000000000000000000e+00 4.340911860299357383e-01 0.000000000000000000e+00 4.346572783658492756e-01 0.000000000000000000e+00 0.000000000000000000e+00 0.000000000000000000e+00 4.595067346405228292e-01 0.000000000000000000e+00 0.000000000000000000e+00 0.000000000000000000e+00 0.000000000000000000e+00 0.000000000000000000e+00 0.000000000000000000e+00 0.000000000000000000e+00 4.195291881731266215e-01 4.384907835820895383e-01 0.000000000000000000e+00 0.000000000000000000e+00 0.000000000000000000e+00 0.000000000000000000e+00 0.000000000000000000e+00 0.000000000000000000e+00 0.000000000000000000e+00 0.000000000000000000e+00 0.000000000000000000e+00 0.000000000000000000e+00 0.000000000000000000e+00 0.000000000000000000e+00
4.750958842261446824e-01 3.352158315524019216e-01 4.737051100274070614e-01 3.341374944795931223e-01 0.000000000000000000e+00 3.136399951952158482e-01 4.494620573481025172e-01 2.720405038862605540e-01 0.000000000000000000e+00 3.122333753585430083e-01 4.599422416192402996e-01 2.721472479386180532e-01 4.361823048012187232e-01 2.554786023488139768e-01 0.000000000000000000e+00 3.308445680842524994e-01 4.525708126708772316e-01 3.918303558676987097e-01 4.937511122556939025e-01 4.063098670004349766e-01 0.000000000000000000e+00 0.000000000000000000e+00 4.608221071867388274e-01 3.593607359589187644e-01 0.000000000000000000e+00 0.000000000000000000e+00 0.000000000000000000e+00 0.000000000000000000e+00 4.333986304131053902e-01 3.536846921864648108e-01 4.220431823621407785e-01 4.012721180386628617e-01 4.739030015592343159e-01 3.777923996077642288e-01 0.000000000000000000e+00 0.000000000000000000e+00 0.000000000000000000e+00 4.195122673153202086e-01 0.000000000000000000e+00 0.000000000000000000e+00 0.000000000000000000e+00 0.000000000000000000e+00 0.000000000000000000e+00 4.228871254399976798e-01 0.000000000000000000e+00 4.064674923035776488e-01 0.000000000000000000e+00 0.000000000000000000e+00 0.000000000000000000e+00 4.095381211717232239e-01 4.552149127516778582e-01 3.905605649996078954e-01 0.000000000000000000e+00 3.892426235870163898e-01 0.000000000000000000e+00 4.039743490250357061e-01 0.000000000000000000e+00 3.929508829477452170e-01 0.000000000000000000e+00 4.019149132877592456e-01 0.000000000000000000e+00 4.011111528106918178e-01 0.000000000000000000e+00 4.047881547811771341e-01 0.000000000000000000e+00 3.880545926667913759e-01 4.894259042666274095e-01 4.291326512834969242e-01 5.115943269230769364e-01 4.110429182692307837e-01 4.468282238805970086e-01 2.926896544651045873e-01 4.165856166988630149e-01 3.507881648354304605e-01 0.000000000000000000e+00 3.460878808709988430e-01 4.639450516035695804e-01 3.924981428540087469e-01 0.000000000000000000e+00 0.000000000000000000e+00 0.000000000000000000e+00 4.167142400754800802e-01 0.000000000000000000e+00 0.000000000000000000e+00 0.000000000000000000e+00 4.258928519440999816e-01 0.000000000000000000e+00 3.546744771428571030e-01 0.000000000000000000e+00 4.315497406950119519e-01 4.106686748092016614e-01 0.000000000000000000e+00 0.000000000000000000e+00 4.474474626865671545e-01 0.000000000000000000e+00 4.245434408602150600e-01 0.000000000000000000e+00 0.000000000000000000e+00 4.047703899224806001e-01 0.000000000000000000e+00 0.000000000000000000e+00 0.000000000000000000e+00 4.469648413793103070e-01 4.487242944159426372e-01 0.000000000000000000e+00 4.461308738738739010e-01 4.096075250000000278e-01 0.000000000000000000e+00 0.000000000000000000e+00 0.000000000000000000e+00 0.000000000000000000e+00 0.000000000000000000e+00 0.000000000000000000e+00 0.000000000000000000e+00 0.000000000000000000e+00 0.000000000000000000e+00
3.838144311635988681e-01 0.000000000000000000e+00 3.269854834402604049e-01 0.000000000000000000e+00 2.618991111927564397e-01 4.498040000000000926e-01 3.074991745949527955e-01 0.000000000000000000e+00 2.389085850481732776e-01 0.000000000000000000e+00 3.274860183804000902e-01 0.000000000000000000e+00 2.767547888699271041e-01 0.000000000000000000e+00 2.647769712513893259e-01 0.000000000000000000e+00 3.832006646668313365e-01 0.000000000000000000e+00 4.149236382978724325e-01 0.000000000000000000e+00 0.000000000000000000e+00 0.000000000000000000e+00 3.855677884615384410e-01 0.000000000000000000e+00 3.482601042464878449e-01 0.000000000000000000e+00 2.516380748015873414e-01 0.000000000000000000e+00 3.371755033198924334e-01 0.000000000000000000e+00 0.000000000000000000e+00 4.036575918367347748e-01 0.000000000000000000e+00 0.000000000000000000e+00 0.000000000000000000e+00 0.000000000000000000e+00 3.721431954022988431e-01 0.000000000000000000e+00 0.000000000000000000e+00 0.000000000000000000e+00 0.000000000000000000e+00 0.000000000000000000e+00 0.000000000000000000e+00 0.000000000000000000e+00 0.000000000000000000e+00 0.000000000000000000e+00 0.000000000000000000e+00 0.000000000000000000e+00 0.000000000000000000e+00 0.000000000000000000e+00 4.456566638655462542e-01 0.000000000000000000e+00 0.000000000000000000e+00 0.000000000000000000e+00 0.000000000000000000e+00 0.000000000000000000e+00 3.894736560599961206e-01 0.000000000000000000e+00 0.000000000000000000e+00 0.000000000000000000e+00 4.031708467179046518e-01 0.000000000000000000e+00 3.909019519230768624e-01 0.000000000000000000e+00 3.938112934899397066e-01 0.000000000000000000e+00 0.000000000000000000e+00 0.000000000000000000e+00 3.965483037267080735e-01 0.000000000000000000e+00 3.453910681959759810e-01 0.000000000000000000e+00 3.618883494499549047e-01 0.000000000000000000e+00 3.669186746031746216e-01 0.000000000000000000e+00 3.763344243453501381e-01 0.000000000000000000e+00 0.000000000000000000e+00 0.000000000000000000e+00 3.814353451013295371e-01 0.000000000000000000e+00 0.000000000000000000e+00 0.000000000000000000e+00 4.035978299152626625e-01 0.000000000000000000e+00 0.000000000000000000e+00 0.000000000000000000e+00 4.118575853879026805e-01 0.000000000000000000e+00 0.000000000000000000e+00 0.000000000000000000e+00 0.000000000000000000e+00 0.000000000000000000e+00 3.903337843137254515e-01 0.000000000000000000e+00 0.000000000000000000e+00 0.000000000000000000e+00 0.000000000000000000e+00 0.000000000000000000e+00 0.000000000000000000e+00 0.000000000000000000e+00 0.000000000000000000e+00 0.000000000000000000e+00 0.000000000000000000e+00 0.000000000000000000e+00 0.000000000000000000e+00 0.000000000000000000e+00 0.000000000000000000e+00 0.000000000000000000e+00 0.000000000000000000e+00 0.000000000000000000e+00 0.000000000000000000e+00 0.000000000000000000e+00 0.000000000000000000e+00 0.000000000000000000e+00
0.000000000000000000e+00 3.434320519480519307e-01 4.245251466365873583e-01 3.206255098941196424e-01 4.743082105263158876e-01 2.143667944722907059e-01 0.000000000000000000e+00 3.122333753585430083e-01 0.000000000000000000e+00 2.360434102760373132e-01 0.000000000000000000e+00 3.569313840970351204e-01 0.000000000000000000e+00 3.398906560290103629e-01 0.000000000000000000e+00 2.887241086735637952e-01 0.000000000000000000e+00 3.726227115384614930e-01 0.000000000000000000e+00 0.000000000000000000e+00 0.000000000000000000e+00 0.000000000000000000e+00 4.389703684325017008e-01 3.680441086956521834e-01 0.000000000000000000e+00 0.000000000000000000e+00 0.000000000000000000e+00 0.000000000000000000e+00 0.000000000000000000e+00 3.582279333333332483e-01 4.623826510731579020e-01 3.395348973706702189e-01 0.000000000000000000e+00 0.000000000000000000e+00 0.000000000000000000e+00 0.000000000000000000e+00 0.000000000000000000e+00 0.000000000000000000e+00 0.000000000000000000e+00 0.000000000000000000e+00 0.000000000000000000e+00 0.000000000000000000e+00 0.000000000000000000e+00 0.000000000000000000e+00 0.000000000000000000e+00 0.000000000000000000e+00 0.000000000000000000e+00 0.000000000000000000e+00 0.000000000000000000e+00 0.000000000000000000e+00 0.000000000000000000e+00 0.000000000000000000e+00 0.000000000000000000e+00 0.000000000000000000e+00 0.000000000000000000e+00 0.000000000000000000e+00 0.000000000000000000e+00 0.000000000000000000e+00 0.000000000000000000e+00 0.000000000000000000e+00 0.000000000000000000e+00 0.000000000000000000e+00 0.000000000000000000e+00 0.000000000000000000e+00 0.000000000000000000e+00 0.000000000000000000e+00 0.000000000000000000e+00 0.000000000000000000e+00 0.000000000000000000e+00 0.000000000000000000e+00 0.000000000000000000e+00 2.933754565772586642e-01 0.000000000000000000e+00 3.532915168153849539e-01 0.000000000000000000e+00 3.181557872749590787e-01 0.000000000000000000e+00 3.586531084333193231e-01 0.000000000000000000e+00 0.000000000000000000e+00 0.000000000000000000e+00 0.000000000000000000e+00 0.000000000000000000e+00 0.000000000000000000e+00 0.000000000000000000e+00 0.000000000000000000e+00 0.000000000000000000e+00 0.000000000000000000e+00 0.000000000000000000e+00 4.023393791208790815e-01 0.000000000000000000e+00 0.000000000000000000e+00 0.000000000000000000e+00 0.000000000000000000e+00 0.000000000000000000e+00 0.000000000000000000e+00 0.000000000000000000e+00 0.000000000000000000e+00 0.000000000000000000e+00 0.000000000000000000e+00 0.000000000000000000e+00 0.000000000000000000e+00 0.000000000000000000e+00 0.000000000000000000e+00 0.000000000000000000e+00 0.000000000000000000e+00 0.000000000000000000e+00 0.000000000000000000e+00 0.000000000000000000e+00 0.000000000000000000e+00 0.000000000000000000e+00 0.000000000000000000e+00 0.000000000000000000e+00 0.000000000000000000e+00 0.000000000000000000e+00 0.000000000000000000e+00
3.225861521732283910e-01 4.660855470085470409e-01 3.869214870752858415e-01 4.663573761832990883e-01 0.000000000000000000e+00 0.000000000000000000e+00 3.576421448191188235e-01 4.599422416192402996e-01 3.274860183804000902e-01 0.000000000000000000e+00 2.437098474897410605e-01 0.000000000000000000e+00 2.763468913832224372e-01 0.000000000000000000e+00 3.601948230296820874e-01 0.000000000000000000e+00 3.190122496565884758e-01 0.000000000000000000e+00 4.065124477997954511e-01 5.058582390073269597e-01 0.000000000000000000e+00 0.000000000000000000e+00 3.953975798648810547e-01 4.500037256393862872e-01 0.000000000000000000e+00 0.000000000000000000e+00 0.000000000000000000e+00 0.000000000000000000e+00 3.352333703168166590e-01 0.000000000000000000e+00 3.736489700246266588e-01 0.000000000000000000e+00 3.969369564886657265e-01 4.440274908536585574e-01 4.419273500000000521e-01 0.000000000000000000e+00 0.000000000000000000e+00 0.000000000000000000e+00 0.000000000000000000e+00 0.000000000000000000e+00 0.000000000000000000e+00 0.000000000000000000e+00 0.000000000000000000e+00 0.000000000000000000e+00 0.000000000000000000e+00 0.000000000000000000e+00 0.000000000000000000e+00 0.000000000000000000e+00 0.000000000000000000e+00 0.000000000000000000e+00 4.484600081910408154e-01 0.000000000000000000e+00 0.000000000000000000e+00 0.000000000000000000e+00 4.596788938301282212e-01 0.000000000000000000e+00 4.114250895171888689e-01 0.000000000000000000e+00 4.413825071781247167e-01 0.000000000000000000e+00 4.336053826097944208e-01 0.000000000000000000e+00 4.229272468248373440e-01 0.000000000000000000e+00 4.389579021433367423e-01 0.000000000000000000e+00 4.502151155134869187e-01 0.000000000000000000e+00 4.180511362573845480e-01 5.015122264150942977e-01 3.841421282820739469e-01 0.000000000000000000e+00 3.990845559729048753e-01 0.000000000000000000e+00 0.000000000000000000e+00 0.000000000000000000e+00 4.396647874446528159e-01 0.000000000000000000e+00 0.000000000000000000e+00 0.000000000000000000e+00 4.140116860753785266e-01 0.000000000000000000e+00 0.000000000000000000e+00 0.000000000000000000e+00 4.496692876931115412e-01 0.000000000000000000e+00 0.000000000000000000e+00 0.000000000000000000e+00 4.497799877344688668e-01 0.000000000000000000e+00 0.000000000000000000e+00 0.000000000000000000e+00 0.000000000000000000e+00 0.000000000000000000e+00 0.000000000000000000e+00 0.000000000000000000e+00 0.000000000000000000e+00 0.000000000000000000e+00 0.000000000000000000e+00 0.000000000000000000e+00 0.000000000000000000e+00 0.000000000000000000e+00 0.000000000000000000e+00 0.000000000000000000e+00 0.000000000000000000e+00 0.000000000000000000e+00 0.000000000000000000e+00 0.000000000000000000e+00 0.000000000000000000e+00 0.000000000000000000e+00 0.000000000000000000e+00 0.000000000000000000e+00 0.000000000000000000e+00 0.000000000000000000e+00 0.000000000000000000e+00 0.000000000000000000e+00
4.943632698374185730e-01 3.827753346415591618e-01 4.851177742268041326e-01 3.878250567967790330e-01 0.000000000000000000e+00 3.100390586726998188e-01 4.586370852224582184e-01 2.721472479386180532e-01 0.000000000000000000e+00 3.569313840970351204e-01 0.000000000000000000e+00 2.977392967241208610e-01 0.000000000000000000e+00 2.635717995020608329e-01 0.000000000000000000e+00 3.596853607748330406e-01 0.000000000000000000e+00 3.987529954545170341e-01 4.936711971128131538e-01 4.112879749812599073e-01 0.000000000000000000e+00 0.000000000000000000e+00 0.000000000000000000e+00 3.761166344018643803e-01 0.000000000000000000e+00 0.000000000000000000e+00 0.000000000000000000e+00 0.000000000000000000e+00 0.000000000000000000e+00 3.892644669661909362e-01 4.177617215951319185e-01 3.501413800000000021e-01 0.000000000000000000e+00 3.869767406813721666e-01 0.000000000000000000e+00 0.000000000000000000e+00 0.000000000000000000e+00 4.416429936052557736e-01 0.000000000000000000e+00 4.103433412698412885e-01 0.000000000000000000e+00 0.000000000000000000e+00 0.000000000000000000e+00 0.000000000000000000e+00 0.000000000000000000e+00 4.385485853100331011e-01 0.000000000000000000e+00 0.000000000000000000e+00 0.000000000000000000e+00 4.275496590022296872e-01 0.000000000000000000e+00 4.234054743211558280e-01 0.000000000000000000e+00 0.000000000000000000e+00 0.000000000000000000e+00 0.000000000000000000e+00 4.417214102564102629e-01 4.170156494675760217e-01 4.971954322580645069e-01 4.340664374138040182e-01 0.000000000000000000e+00 4.314179191888963261e-01 0.000000000000000000e+00 4.091273724798485389e-01 0.000000000000000000e+00 4.393053554237433267e-01 4.967142745719720920e-01 4.423110362725833355e-01 0.000000000000000000e+00 4.147095890716692157e-01 0.000000000000000000e+00 3.499094093006407946e-01 4.624462771084337231e-01 3.722396764921143686e-01 0.000000000000000000e+00 3.315141044084858324e-01 0.000000000000000000e+00 4.068368009896505266e-01 0.000000000000000000e+00 4.135241257471263809e-01 0.000000000000000000e+00 4.433814198694719377e-01 0.000000000000000000e+00 0.000000000000000000e+00 0.000000000000000000e+00 4.734796693143403234e-01 0.000000000000000000e+00 0.000000000000000000e+00 0.000000000000000000e+00 4.673109266091929892e-01 0.000000000000000000e+00 0.000000000000000000e+00 0.000000000000000000e+00 0.000000000000000000e+00 0.000000000000000000e+00 0.000000000000000000e+00 0.000000000000000000e+00 0.000000000000000000e+00 0.000000000000000000e+00 0.000000000000000000e+00 0.000000000000000000e+00 0.000000000000000000e+00 0.000000000000000000e+00 0.000000000000000000e+00 0.000000000000000000e+00 0.000000000000000000e+00 0.000000000000000000e+00 0.000000000000000000e+00 0.000000000000000000e+00 0.000000000000000000e+00 0.000000000000000000e+00 0.000000000000000000e+00 0.000000000000000000e+00 0.000000000000000000e+00 0.000000000000000000e+00 0.000000000000000000e+00
3.719995349680753072e-01 0.000000000000000000e+00 3.549474573351834028e-01 4.366010193026215735e-01 3.503564228621753873e-01 0.000000000000000000e+00 2.618453194232440162e-01 4.361823048012187232e-01 2.767547888699271041e-01 0.000000000000000000e+00 2.763468913832224372e-01 0.000000000000000000e+00 2.297343495629298460e-01 0.000000000000000000e+00 2.353447919106454456e-01 0.000000000000000000e+00 3.994549805310334545e-01 0.000000000000000000e+00 3.923985816149327954e-01 4.591866976860607963e-01 0.000000000000000000e+00 0.000000000000000000e+00 3.810243100469991595e-01 0.000000000000000000e+00 3.228369622641509284e-01 0.000000000000000000e+00 0.000000000000000000e+00 0.000000000000000000e+00 2.949489695563684011e-01 0.000000000000000000e+00 3.656629625338128631e-01 4.686436835443038573e-01 3.725923107710147897e-01 0.000000000000000000e+00 0.000000000000000000e+00 0.000000000000000000e+00 0.000000000000000000e+00 0.000000000000000000e+00 0.000000000000000000e+00 0.000000000000000000e+00 0.000000000000000000e+00 0.000000000000000000e+00 0.000000000000000000e+00 0.000000000000000000e+00 0.000000000000000000e+00 0.000000000000000000e+00 0.000000000000000000e+00 0.000000000000000000e+00 0.000000000000000000e+00 0.000000000000000000e+00 4.282364792330585757e-01 0.000000000000000000e+00 0.000000000000000000e+00 0.000000000000000000e+00 4.498076186440677637e-01 0.000000000000000000e+00 3.986344347659263598e-01 5.015427565789473130e-01 4.179218839071204283e-01 4.887714480519480542e-01 4.227005488417718282e-01 0.000000000000000000e+00 3.913400686567201081e-01 0.000000000000000000e+00 4.019863827116692545e-01 0.000000000000000000e+00 4.280034799724130590e-01 5.057038134328358803e-01 4.053228319674952451e-01 0.000000000000000000e+00 3.471775371868862092e-01 0.000000000000000000e+00 3.640296914974425202e-01 0.000000000000000000e+00 3.878231836734694071e-01 0.000000000000000000e+00 3.840976663704985250e-01 0.000000000000000000e+00 4.226465952380952795e-01 0.000000000000000000e+00 3.998043358400826808e-01 0.000000000000000000e+00 0.000000000000000000e+00 0.000000000000000000e+00 4.252375583674086190e-01 0.000000000000000000e+00 0.000000000000000000e+00 0.000000000000000000e+00 4.424217420296133740e-01 0.000000000000000000e+00 0.000000000000000000e+00 0.000000000000000000e+00 0.000000000000000000e+00 0.000000000000000000e+00 4.072608588235293592e-01 0.000000000000000000e+00 0.000000000000000000e+00 0.000000000000000000e+00 0.000000000000000000e+00 0.000000000000000000e+00 0.000000000000000000e+00 0.000000000000000000e+00 0.000000000000000000e+00 0.000000000000000000e+00 0.000000000000000000e+00 0.000000000000000000e+00 0.000000000000000000e+00 0.000000000000000000e+00 0.000000000000000000e+00 0.000000000000000000e+00 0.000000000000000000e+00 0.000000000000000000e+00 0.000000000000000000e+00 0.000000000000000000e+00 0.000000000000000000e+00 0.000000000000000000e+00
