0.000000000000000000e+00 7.621951219512194953e-03 5.907900179236177940e-02 2.274688210840065863e-03 8.561643835616437881e-04 0.000000000000000000e+00 6.644289525776744809e-02 2.766039185555128638e-03 1.170617500731635941e-03 0.000000000000000000e+00 2.194898146448889809e-01 3.116235587410408152e-04 5.479452054794520244e-02 0.000000000000000000e+00 3.049625727751594049e-03 0.000000000000000000e+00 7.366936905181530049e-02 2.034110467845407812e-03 4.163740343132336930e-02 1.441185425758652154e-02 0.000000000000000000e+00 0.000000000000000000e+00 1.039206424185167661e-03 0.000000000000000000e+00 0.000000000000000000e+00 0.000000000000000000e+00 0.000000000000000000e+00 0.000000000000000000e+00 2.343181487410857244e-02 1.151631477927063342e-03 1.282051282051282050e-04 0.000000000000000000e+00 6.249349026143109775e-03 1.579996932044792218e-02 0.000000000000000000e+00 0.000000000000000000e+00 7.653061224489796088e-02 5.682894487592346673e-04 1.052221356196414610e-02 0.000000000000000000e+00 1.718213058419243953e-03 0.000000000000000000e+00 0.000000000000000000e+00 0.000000000000000000e+00 0.000000000000000000e+00 1.030715316429602085e-04 0.000000000000000000e+00 0.000000000000000000e+00 6.585012511523771371e-04 7.634170547370028391e-05 3.710771840542833114e-03 0.000000000000000000e+00 0.000000000000000000e+00 0.000000000000000000e+00 0.000000000000000000e+00 0.000000000000000000e+00 3.439834840739284250e-01 4.722178498347237336e-04 3.839541547277936645e-02 2.757479663587480826e-04 4.906542056074766206e-02 0.000000000000000000e+00 6.341377488109917540e-03 1.291155584247902005e-04 2.158643138598595121e-02 3.997867803837953015e-04 1.042637958803085615e-02 4.018485031143259221e-04 4.120323559150657067e-02 1.342732460557233970e-03 7.832940602908913807e-02 4.028738333445242904e-04 3.759090443511215601e-02 3.880104762828596619e-04 0.000000000000000000e+00 0.000000000000000000e+00 6.100735710243350429e-02 1.254355400696864110e-03 0.000000000000000000e+00 0.000000000000000000e+00 2.660140455416046094e-03 0.000000000000000000e+00 0.000000000000000000e+00 0.000000000000000000e+00 7.493698480822944420e-04 0.000000000000000000e+00 0.000000000000000000e+00 0.000000000000000000e+00 1.214223764093668714e-03 1.322226629644321133e-04 2.520302436292354981e-03 1.341381623071763885e-03 1.774098166765227707e-03 1.224889759921607034e-03 1.047120418848167603e-02 2.849002849002849145e-03 0.000000000000000000e+00 0.000000000000000000e+00 7.440476190476190063e-04 6.138735420503375808e-04 0.000000000000000000e+00 1.233806292412091337e-03 1.371365880416895245e-03 1.780626780626780716e-04 1.823708206686929997e-03 0.000000000000000000e+00 0.000000000000000000e+00 0.000000000000000000e+00 0.000000000000000000e+00 0.000000000000000000e+00 0.000000000000000000e+00 1.083423618634886182e-03 0.000000000000000000e+00 0.000000000000000000e+00 0.000000000000000000e+00 0.000000000000000000e+00
7.621951219512194953e-03 0.000000000000000000e+00 1.792361781331862618e-03 8.447721389912934975e-02 0.000000000000000000e+00 6.610841780520052566e-04 1.979516309493071537e-03 9.258547829427583864e-02 0.000000000000000000e+00 3.323047709470686173e-03 1.101119471462653652e-03 1.184169523215955061e-01 5.073566717402333559e-04 3.381184007592834273e-02 0.000000000000000000e+00 5.622763673538933200e-03 1.938667606626718297e-03 6.117978407135033631e-02 2.137052272499247521e-02 9.408302039987820331e-02 0.000000000000000000e+00 0.000000000000000000e+00 4.723665564478035216e-04 1.142367556761387896e-03 0.000000000000000000e+00 0.000000000000000000e+00 0.000000000000000000e+00 0.000000000000000000e+00 1.455392228205501276e-04 2.994241842610364732e-02 6.410256410256410251e-04 0.000000000000000000e+00 7.603374648474117703e-03 1.641356036201871427e-02 3.976143141153081644e-04 0.000000000000000000e+00 6.122448979591836420e-04 5.834438340594809425e-02 0.000000000000000000e+00 1.863013698630136897e-02 0.000000000000000000e+00 1.075268817204301161e-02 0.000000000000000000e+00 0.000000000000000000e+00 0.000000000000000000e+00 9.276437847866419442e-04 0.000000000000000000e+00 0.000000000000000000e+00 0.000000000000000000e+00 3.435376746316512898e-03 0.000000000000000000e+00 9.253903990746095362e-03 0.000000000000000000e+00 0.000000000000000000e+00 0.000000000000000000e+00 1.297858533419857154e-03 2.457727093983484018e-03 2.600346293089878524e-01 2.865329512893982611e-04 3.240038604715290288e-02 1.015847216578626540e-04 3.973819541841982356e-02 3.522987493394398573e-04 1.639767591994835405e-02 3.426417680315230652e-04 3.491471215351812235e-02 1.271509705857421435e-03 4.520795660036166543e-03 1.440849342770475147e-02 6.915072171869754425e-02 1.056309417404729121e-03 3.572147988988115530e-02 2.048550650414831479e-04 4.937433310699388539e-02 0.000000000000000000e+00 0.000000000000000000e+00 9.054895302773062135e-04 7.804878048780487798e-02 0.000000000000000000e+00 0.000000000000000000e+00 2.128112364332836832e-04 2.421307506053268881e-03 0.000000000000000000e+00 0.000000000000000000e+00 0.000000000000000000e+00 5.155469631061704826e-03 0.000000000000000000e+00 0.000000000000000000e+00 0.000000000000000000e+00 3.966679888932962694e-03 2.800336040324839229e-04 3.353454057679409930e-03 8.870490833826138533e-04 2.204801567858892877e-03 5.235602094240838014e-03 1.994301994301994271e-02 1.184132622853759521e-03 1.253132832080200432e-03 7.440476190476190063e-04 1.227747084100675162e-03 0.000000000000000000e+00 2.467612584824182675e-03 1.097092704333516239e-03 1.424501424501424572e-03 0.000000000000000000e+00 2.778549597110308196e-04 0.000000000000000000e+00 0.000000000000000000e+00 0.000000000000000000e+00 0.000000000000000000e+00 0.000000000000000000e+00 0.000000000000000000e+00 0.000000000000000000e+00 0.000000000000000000e+00 1.282051282051282050e-03 1.795332136445242435e-03
5.907900179236177940e-02 1.792361781331862618e-03 0.000000000000000000e+00 5.490626715820848963e-03 1.089469178082191764e-01 2.423975319524019310e-03 3.415095963508046895e-01 9.911640414905878091e-03 4.741000877963125887e-02 3.797768810823641279e-03 2.807854652229766976e-02 4.830165160486133043e-03 5.215626585489599454e-02 4.033693202040574029e-03 1.635708344884945903e-02 1.533481001874254608e-03 1.691928093056044996e-02 2.816460647785948811e-03 1.103642018661583207e-01 7.205927128793260771e-03 0.000000000000000000e+00 0.000000000000000000e+00 1.795937647614548882e-01 8.424960731115236495e-03 2.553024351924587654e-02 3.670686942842160509e-03 5.642633228840124998e-03 9.609224855861627640e-04 3.842235482462523499e-02 2.047344849648112704e-03 2.717948717948718076e-02 1.085481682496607786e-02 1.281116550359337643e-02 8.360177941402055155e-03 2.385685884691849095e-03 0.000000000000000000e+00 3.693877551020408045e-02 5.682894487592346673e-04 3.897116134060795074e-04 0.000000000000000000e+00 0.000000000000000000e+00 0.000000000000000000e+00 2.754062241806665015e-04 0.000000000000000000e+00 4.530353367562669847e-04 0.000000000000000000e+00 0.000000000000000000e+00 0.000000000000000000e+00 6.585012511523771371e-04 7.634170547370028391e-05 1.166242578456318929e-03 0.000000000000000000e+00 0.000000000000000000e+00 0.000000000000000000e+00 0.000000000000000000e+00 0.000000000000000000e+00 1.818718049547778104e-02 4.722178498347237336e-04 2.392550143266475651e-02 2.757479663587480826e-04 7.720438845997561542e-03 1.558360604643914589e-04 2.994539369385238597e-03 0.000000000000000000e+00 4.968305636457084201e-03 3.997867803837953015e-04 2.839705009748241110e-02 1.004621257785814805e-04 1.314459049544994956e-02 0.000000000000000000e+00 5.379052571707158836e-02 4.431612166789766598e-03 7.641093926047320961e-02 3.201086429333591804e-03 0.000000000000000000e+00 0.000000000000000000e+00 1.264289756649688845e-01 4.041811846689895467e-03 1.322751322751322678e-03 0.000000000000000000e+00 1.276867418599702099e-03 1.424298532972510963e-04 0.000000000000000000e+00 0.000000000000000000e+00 8.856189113699843799e-04 0.000000000000000000e+00 7.385524372230428854e-04 0.000000000000000000e+00 1.214223764093668714e-03 1.322226629644321133e-04 5.600672080649678457e-04 6.706908115358819426e-04 2.956830277942046250e-03 2.449779519843214067e-04 1.047120418848167603e-02 5.698005698005698290e-03 5.920663114268797603e-04 1.253132832080200432e-03 1.488095238095238013e-03 6.138735420503375808e-04 0.000000000000000000e+00 1.233806292412091337e-03 2.742731760833790598e-04 0.000000000000000000e+00 6.079027355623100714e-04 0.000000000000000000e+00 0.000000000000000000e+00 0.000000000000000000e+00 0.000000000000000000e+00 0.000000000000000000e+00 6.134969325153374594e-04 0.000000000000000000e+00 0.000000000000000000e+00 4.970178926441351378e-04 0.000000000000000000e+00 0.000000000000000000e+00
2.274688210840065863e-03 8.447721389912934975e-02 5.490626715820848963e-03 0.000000000000000000e+00 1.284246575342465682e-03 1.211987659762009742e-02 9.036922282468370926e-03 2.567038033038801514e-01 1.755926251097453912e-03 2.112508901020650198e-02 2.385758854835749471e-03 4.315986288563415652e-02 7.407407407407407690e-03 5.053980306086131025e-02 5.544774050457443922e-04 2.368376214005793109e-02 1.762425096933380349e-03 2.597402597402597574e-02 1.073542690879903706e-02 1.084948746574647266e-01 0.000000000000000000e+00 8.146639511201629645e-04 9.069437883797827962e-03 2.146223047265457540e-01 1.963864886095836523e-03 1.704247509176717509e-02 9.404388714733542386e-04 7.367072389493914235e-03 7.276961141027506923e-04 3.096609085092770150e-02 8.461538461538461314e-03 3.542891602593094963e-02 4.270388501197791564e-03 2.132228869458505788e-02 0.000000000000000000e+00 1.372369624885635877e-03 4.081632653061224641e-04 2.254214813411630977e-02 0.000000000000000000e+00 2.191780821917808236e-02 0.000000000000000000e+00 2.867383512544802865e-02 0.000000000000000000e+00 0.000000000000000000e+00 0.000000000000000000e+00 1.030715316429602085e-04 0.000000000000000000e+00 0.000000000000000000e+00 0.000000000000000000e+00 9.924421711581035959e-04 0.000000000000000000e+00 5.783689994216309601e-04 0.000000000000000000e+00 0.000000000000000000e+00 0.000000000000000000e+00 1.622323166774821443e-04 5.898545025560361817e-04 1.558318904454588337e-02 2.865329512893982611e-04 1.420102026747552780e-02 2.031694433157253080e-04 2.181704846501480478e-03 1.761493746697199287e-04 9.038089089735312949e-04 0.000000000000000000e+00 2.398720682302772026e-03 6.781385097906247579e-04 8.539280691179425981e-03 1.263902932254802776e-03 1.040617656931856413e-02 3.087673681644592313e-03 5.069495736251930507e-02 1.229130390248898887e-03 7.663206906586478295e-02 0.000000000000000000e+00 1.408450704225352144e-02 2.829654782116581592e-03 1.016027874564459921e-01 0.000000000000000000e+00 0.000000000000000000e+00 0.000000000000000000e+00 1.281868679675259894e-03 0.000000000000000000e+00 3.927729772191673480e-04 0.000000000000000000e+00 1.369421620750765249e-03 0.000000000000000000e+00 6.466214031684449194e-04 0.000000000000000000e+00 6.611133148221604852e-04 3.080369644357323043e-03 2.682763246143527770e-03 1.182732111176818543e-03 1.959823615874571254e-03 0.000000000000000000e+00 2.279202279202279316e-02 1.184132622853759521e-03 0.000000000000000000e+00 1.488095238095238013e-03 0.000000000000000000e+00 0.000000000000000000e+00 6.169031462060456687e-04 0.000000000000000000e+00 1.068376068376068484e-03 0.000000000000000000e+00 8.335648791330925672e-04 0.000000000000000000e+00 0.000000000000000000e+00 0.000000000000000000e+00 0.000000000000000000e+00 0.000000000000000000e+00 0.000000000000000000e+00 6.756756756756757132e-03 9.940357852882702756e-04 6.410256410256410251e-04 0.000000000000000000e+00
8.561643835616437881e-04 0.000000000000000000e+00 1.089469178082191764e-01 1.284246575342465682e-03 0.000000000000000000e+00 1.983252534156015878e-03 1.058610895946294865e-02 3.841721091048790017e-04 3.933274802458296970e-01 3.085687158794208403e-03 1.284639383373096036e-03 0.000000000000000000e+00 4.769152714358193719e-03 2.372760707082690701e-04 1.092320487940116464e-01 1.703867779860282928e-04 3.524850193866760589e-04 0.000000000000000000e+00 5.016554630279924064e-04 0.000000000000000000e+00 3.042763157894736933e-02 8.146639511201629645e-04 4.421350968351440980e-02 2.284735113522775793e-03 1.245090337784760387e-01 2.884111169375983257e-03 1.758620689655172320e-01 3.203074951953875519e-04 1.178867704846456137e-02 0.000000000000000000e+00 1.000000000000000021e-02 1.809136137494346454e-03 3.124674513071555213e-04 2.300966405890474110e-04 0.000000000000000000e+00 0.000000000000000000e+00 0.000000000000000000e+00 0.000000000000000000e+00 0.000000000000000000e+00 0.000000000000000000e+00 3.436426116838487907e-03 0.000000000000000000e+00 1.377031120903332508e-04 0.000000000000000000e+00 0.000000000000000000e+00 0.000000000000000000e+00 0.000000000000000000e+00 0.000000000000000000e+00 0.000000000000000000e+00 0.000000000000000000e+00 0.000000000000000000e+00 0.000000000000000000e+00 3.834355828220858986e-04 0.000000000000000000e+00 1.713208840157615326e-04 0.000000000000000000e+00 4.915454187966967819e-04 0.000000000000000000e+00 0.000000000000000000e+00 0.000000000000000000e+00 6.095083299471759511e-04 0.000000000000000000e+00 1.056896248018319518e-03 0.000000000000000000e+00 6.852835360630461304e-04 1.332622601279317672e-04 0.000000000000000000e+00 0.000000000000000000e+00 2.527805864509605769e-04 0.000000000000000000e+00 2.015113350125944530e-02 1.074330222252064702e-03 2.273891221960462963e-02 0.000000000000000000e+00 0.000000000000000000e+00 0.000000000000000000e+00 2.263723825693265534e-03 0.000000000000000000e+00 0.000000000000000000e+00 0.000000000000000000e+00 2.128112364332836832e-04 0.000000000000000000e+00 3.747657713928794713e-03 0.000000000000000000e+00 1.226241569589209008e-03 0.000000000000000000e+00 1.846381093057606997e-03 0.000000000000000000e+00 1.040763226366001786e-03 0.000000000000000000e+00 0.000000000000000000e+00 0.000000000000000000e+00 0.000000000000000000e+00 0.000000000000000000e+00 0.000000000000000000e+00 1.424501424501424572e-03 0.000000000000000000e+00 0.000000000000000000e+00 0.000000000000000000e+00 6.138735420503375808e-04 0.000000000000000000e+00 0.000000000000000000e+00 2.742731760833790598e-04 0.000000000000000000e+00 0.000000000000000000e+00 0.000000000000000000e+00 0.000000000000000000e+00 0.000000000000000000e+00 0.000000000000000000e+00 0.000000000000000000e+00 0.000000000000000000e+00 0.000000000000000000e+00 0.000000000000000000e+00 0.000000000000000000e+00 0.000000000000000000e+00 0.000000000000000000e+00
0.000000000000000000e+00 6.610841780520052566e-04 2.423975319524019310e-03 1.211987659762009742e-02 1.983252534156015878e-03 0.000000000000000000e+00 5.163955589981925748e-04 2.689204763734152903e-03 2.048580626280363005e-03 2.834084975077142410e-01 0.000000000000000000e+00 0.000000000000000000e+00 4.058853373921867064e-04 1.186380353541345350e-04 8.317161075686165883e-04 1.110921792468904379e-01 0.000000000000000000e+00 3.129400719762165405e-04 0.000000000000000000e+00 2.029838627829087610e-04 6.990131578947368467e-03 5.743380855397148960e-02 2.361832782239017391e-03 4.612309010424103795e-02 5.498821681068342439e-03 1.025170424750917603e-01 5.015673981191222895e-03 1.909032671364510048e-01 0.000000000000000000e+00 1.074856046065259148e-02 5.384615384615384394e-03 1.613146389265792194e-02 0.000000000000000000e+00 1.687375364319680833e-03 0.000000000000000000e+00 1.372369624885635877e-03 0.000000000000000000e+00 1.894298162530782224e-04 0.000000000000000000e+00 0.000000000000000000e+00 0.000000000000000000e+00 0.000000000000000000e+00 0.000000000000000000e+00 8.733624454148470999e-05 0.000000000000000000e+00 0.000000000000000000e+00 0.000000000000000000e+00 0.000000000000000000e+00 0.000000000000000000e+00 0.000000000000000000e+00 0.000000000000000000e+00 9.639483323693849787e-05 0.000000000000000000e+00 0.000000000000000000e+00 0.000000000000000000e+00 0.000000000000000000e+00 0.000000000000000000e+00 1.574059499449079202e-04 0.000000000000000000e+00 2.757479663587480826e-04 0.000000000000000000e+00 0.000000000000000000e+00 0.000000000000000000e+00 1.291155584247902005e-04 0.000000000000000000e+00 0.000000000000000000e+00 0.000000000000000000e+00 2.009242515571629611e-04 0.000000000000000000e+00 3.356831151393084925e-04 1.218818558543918133e-03 3.256563486201571184e-02 0.000000000000000000e+00 2.425065476767872610e-02 0.000000000000000000e+00 1.408450704225352144e-02 1.131861912846632767e-04 1.393728222996515678e-04 0.000000000000000000e+00 0.000000000000000000e+00 0.000000000000000000e+00 0.000000000000000000e+00 0.000000000000000000e+00 3.927729772191673480e-04 0.000000000000000000e+00 8.055421298533913790e-05 0.000000000000000000e+00 1.293242806336889839e-03 0.000000000000000000e+00 1.322226629644321133e-04 0.000000000000000000e+00 0.000000000000000000e+00 0.000000000000000000e+00 0.000000000000000000e+00 0.000000000000000000e+00 0.000000000000000000e+00 0.000000000000000000e+00 0.000000000000000000e+00 0.000000000000000000e+00 0.000000000000000000e+00 0.000000000000000000e+00 0.000000000000000000e+00 0.000000000000000000e+00 0.000000000000000000e+00 0.000000000000000000e+00 0.000000000000000000e+00 0.000000000000000000e+00 0.000000000000000000e+00 0.000000000000000000e+00 0.000000000000000000e+00 0.000000000000000000e+00 0.000000000000000000e+00 0.000000000000000000e+00 0.000000000000000000e+00 0.000000000000000000e+00 0.000000000000000000e+00
6.644289525776744809e-02 1.979516309493071537e-03 3.415095963508046895e-01 9.036922282468370926e-03 1.058610895946294865e-02 5.163955589981925748e-04 0.000000000000000000e+00 1.344602381867076452e-02 5.618964003511852517e-02 2.610966057441253298e-03 1.046063497889520993e-01 4.674353381115612174e-03 1.432775240994419164e-01 6.881006050539802653e-03 8.317161075686165667e-03 1.363094223888226342e-03 1.075079309129362004e-02 9.388202159286496758e-04 2.066820507675328628e-02 4.567136912615447041e-03 0.000000000000000000e+00 0.000000000000000000e+00 2.125649504015115696e-02 6.568613451377981055e-03 3.927729772191673480e-04 2.097535395909806005e-03 3.134796238244514309e-04 3.203074951953875519e-04 2.386843254257022331e-02 2.943058221369161849e-03 1.525641025641025564e-02 1.145786220413086073e-02 4.895323403812102715e-03 8.053382420616659113e-03 1.590457256461232658e-03 0.000000000000000000e+00 1.775510204081632779e-02 1.894298162530782224e-04 1.169134840218238576e-03 0.000000000000000000e+00 1.718213058419243953e-03 0.000000000000000000e+00 0.000000000000000000e+00 0.000000000000000000e+00 0.000000000000000000e+00 0.000000000000000000e+00 1.942501942501942500e-04 0.000000000000000000e+00 6.585012511523771371e-04 0.000000000000000000e+00 3.604749787955894950e-03 0.000000000000000000e+00 0.000000000000000000e+00 0.000000000000000000e+00 0.000000000000000000e+00 0.000000000000000000e+00 1.081399921352733072e-02 1.574059499449079202e-04 1.518624641833810941e-02 2.757479663587480826e-04 2.326290125965055008e-02 1.558360604643914589e-04 5.284481240091597372e-03 1.291155584247902005e-04 1.576152132945006154e-02 1.332622601279317672e-04 1.101975078409765142e-02 3.013863773357444145e-04 2.275025278058645083e-03 0.000000000000000000e+00 7.150402210124319480e-02 6.244544416840126094e-03 3.646420157738400336e-02 5.141138810747889788e-03 3.401360544217686948e-03 0.000000000000000000e+00 7.628749292586305131e-02 3.344947735191637628e-03 0.000000000000000000e+00 0.000000000000000000e+00 1.489678655032985674e-03 0.000000000000000000e+00 0.000000000000000000e+00 0.000000000000000000e+00 1.362490632876898946e-03 8.055421298533913790e-05 7.385524372230428854e-04 0.000000000000000000e+00 2.254986990459670500e-03 0.000000000000000000e+00 5.600672080649678457e-04 3.353454057679409713e-04 1.182732111176818543e-03 4.899559039686428134e-04 5.235602094240838014e-03 1.424501424501424572e-03 0.000000000000000000e+00 0.000000000000000000e+00 0.000000000000000000e+00 6.138735420503375808e-04 0.000000000000000000e+00 0.000000000000000000e+00 2.742731760833790598e-04 1.780626780626780716e-04 6.079027355623100714e-04 0.000000000000000000e+00 0.000000000000000000e+00 0.000000000000000000e+00 0.000000000000000000e+00 0.000000000000000000e+00 0.000000000000000000e+00 0.000000000000000000e+00 0.000000000000000000e+00 0.000000000000000000e+00 0.000000000000000000e+00 0.000000000000000000e+00
2.766039185555128638e-03 9.258547829427583864e-02 9.911640414905878091e-03 2.567038033038801514e-01 3.841721091048790017e-04 2.689204763734152903e-03 1.344602381867076452e-02 0.000000000000000000e+00 1.170617500731635941e-03 5.767861381438404988e-02 4.404477885850614609e-03 1.569024618261140591e-01 1.035007610350076150e-02 2.306323407284375238e-01 2.772387025228721961e-04 4.055205316067473503e-02 2.114910116320056245e-03 2.096698482240650849e-02 1.173873783485502101e-02 1.765959606211306085e-02 0.000000000000000000e+00 4.073319755600814823e-04 1.568256967406707683e-02 2.056261602170498387e-02 2.356637863315004088e-03 4.195070791819612011e-03 0.000000000000000000e+00 1.281229980781550207e-03 2.910784456411002769e-03 2.303262955854126770e-02 8.717948717948717507e-03 6.935021860394994381e-03 5.207790855119258724e-03 7.209694738456818262e-03 0.000000000000000000e+00 9.149130832570906207e-04 4.081632653061224641e-04 8.145482098882364866e-03 0.000000000000000000e+00 8.767123287671232251e-03 0.000000000000000000e+00 1.792114695340501704e-02 0.000000000000000000e+00 8.733624454148470999e-05 0.000000000000000000e+00 4.122861265718408340e-04 0.000000000000000000e+00 2.753303964757709507e-04 0.000000000000000000e+00 3.130009924421711491e-03 0.000000000000000000e+00 5.976479660690187275e-03 0.000000000000000000e+00 2.577319587628866039e-04 0.000000000000000000e+00 6.489292667099285771e-04 9.830908375933935909e-05 1.495356524476625266e-02 0.000000000000000000e+00 1.985385357782986498e-02 1.015847216578626540e-04 1.028517999064983666e-02 1.761493746697199287e-04 1.549386701097482189e-03 0.000000000000000000e+00 1.745735607675906118e-02 3.390692548953123790e-04 5.324492666264817736e-03 7.583417593528817306e-04 4.028197381671701910e-03 3.656455675631754398e-03 9.212381655811455183e-02 2.150978182935572944e-03 4.908332524978174100e-02 0.000000000000000000e+00 4.694835680751173815e-03 3.056027164685908362e-03 5.783972125435540151e-02 0.000000000000000000e+00 0.000000000000000000e+00 1.064056182166418416e-04 2.278877652756017540e-03 0.000000000000000000e+00 7.855459544383346961e-04 0.000000000000000000e+00 3.222168519413565191e-03 0.000000000000000000e+00 1.293242806336889839e-03 0.000000000000000000e+00 2.512230596324209909e-03 8.401008120974516602e-04 1.341381623071763885e-03 0.000000000000000000e+00 9.799118079372856269e-04 0.000000000000000000e+00 1.282051282051282007e-02 0.000000000000000000e+00 0.000000000000000000e+00 1.488095238095238013e-03 0.000000000000000000e+00 0.000000000000000000e+00 0.000000000000000000e+00 5.485463521667581195e-04 0.000000000000000000e+00 0.000000000000000000e+00 0.000000000000000000e+00 0.000000000000000000e+00 0.000000000000000000e+00 0.000000000000000000e+00 0.000000000000000000e+00 0.000000000000000000e+00 0.000000000000000000e+00 0.000000000000000000e+00 0.000000000000000000e+00 0.000000000000000000e+00 0.000000000000000000e+00
1.170617500731635941e-03 0.000000000000000000e+00 4.741000877963125887e-02 1.755926251097453912e-03 3.933274802458296970e-01 2.048580626280363005e-03 5.618964003511852517e-02 1.170617500731635941e-03 0.000000000000000000e+00 1.424163304058865317e-03 1.651679207193980587e-03 0.000000000000000000e+00 2.861491628614916405e-02 1.186380353541345350e-04 2.043249237593568191e-01 1.703867779860282928e-04 7.049700387733521178e-04 0.000000000000000000e+00 6.019865556335908877e-04 0.000000000000000000e+00 5.345394736842105400e-03 0.000000000000000000e+00 3.778932451582428173e-03 2.713122947308296579e-03 4.320502749410840178e-03 1.573151546932354504e-03 1.692789968652037499e-02 3.203074951953875519e-04 1.266191238538786137e-02 0.000000000000000000e+00 3.846153846153846151e-04 1.959897482285542173e-03 0.000000000000000000e+00 1.533977603926982649e-04 0.000000000000000000e+00 0.000000000000000000e+00 2.040816326530612321e-04 0.000000000000000000e+00 0.000000000000000000e+00 0.000000000000000000e+00 0.000000000000000000e+00 0.000000000000000000e+00 2.754062241806665015e-04 0.000000000000000000e+00 0.000000000000000000e+00 0.000000000000000000e+00 0.000000000000000000e+00 0.000000000000000000e+00 0.000000000000000000e+00 0.000000000000000000e+00 2.120441051738761640e-04 0.000000000000000000e+00 0.000000000000000000e+00 0.000000000000000000e+00 0.000000000000000000e+00 0.000000000000000000e+00 9.830908375933935909e-05 0.000000000000000000e+00 2.865329512893982611e-04 0.000000000000000000e+00 1.625355546525802464e-03 0.000000000000000000e+00 3.522987493394398573e-04 0.000000000000000000e+00 8.566044200788076358e-04 0.000000000000000000e+00 8.476731372382809474e-05 0.000000000000000000e+00 2.527805864509605769e-04 0.000000000000000000e+00 1.210693101486958606e-02 2.685825555630161755e-04 1.782239065860903582e-02 0.000000000000000000e+00 0.000000000000000000e+00 0.000000000000000000e+00 3.056027164685908362e-03 0.000000000000000000e+00 0.000000000000000000e+00 0.000000000000000000e+00 2.128112364332836832e-04 0.000000000000000000e+00 2.498438475952529519e-03 0.000000000000000000e+00 5.449962531507595350e-04 0.000000000000000000e+00 0.000000000000000000e+00 0.000000000000000000e+00 0.000000000000000000e+00 0.000000000000000000e+00 0.000000000000000000e+00 0.000000000000000000e+00 0.000000000000000000e+00 0.000000000000000000e+00 1.047120418848167646e-03 1.424501424501424572e-03 0.000000000000000000e+00 0.000000000000000000e+00 0.000000000000000000e+00 0.000000000000000000e+00 0.000000000000000000e+00 0.000000000000000000e+00 0.000000000000000000e+00 0.000000000000000000e+00 0.000000000000000000e+00 0.000000000000000000e+00 0.000000000000000000e+00 0.000000000000000000e+00 0.000000000000000000e+00 0.000000000000000000e+00 0.000000000000000000e+00 0.000000000000000000e+00 0.000000000000000000e+00 0.000000000000000000e+00 0.000000000000000000e+00 0.000000000000000000e+00
0.000000000000000000e+00 3.323047709470686173e-03 3.797768810823641279e-03 2.112508901020650198e-02 3.085687158794208403e-03 2.834084975077142410e-01 2.610966057441253298e-03 5.767861381438404988e-02 1.424163304058865317e-03 0.000000000000000000e+00 0.000000000000000000e+00 1.558117793705204130e-03 5.073566717402333559e-04 8.897852651560090101e-03 5.544774050457443922e-04 1.533481001874254512e-01 0.000000000000000000e+00 0.000000000000000000e+00 3.009932778167954438e-04 1.116411245305998267e-03 2.055921052631578833e-03 1.507128309572301414e-02 4.251299008030231044e-03 1.399400257032700282e-02 3.142183817753338784e-03 9.989512323020451057e-02 3.448275862068965469e-03 3.074951953875720845e-02 0.000000000000000000e+00 1.791426743442098637e-02 5.512820512820512490e-03 7.236544549977385818e-03 1.041558171023851647e-04 1.150483202945236892e-03 0.000000000000000000e+00 4.574565416285453104e-04 0.000000000000000000e+00 3.788596325061564449e-04 0.000000000000000000e+00 0.000000000000000000e+00 0.000000000000000000e+00 0.000000000000000000e+00 0.000000000000000000e+00 0.000000000000000000e+00 0.000000000000000000e+00 0.000000000000000000e+00 0.000000000000000000e+00 0.000000000000000000e+00 0.000000000000000000e+00 2.290251164211008382e-04 0.000000000000000000e+00 0.000000000000000000e+00 0.000000000000000000e+00 0.000000000000000000e+00 0.000000000000000000e+00 0.000000000000000000e+00 0.000000000000000000e+00 5.509208248071777343e-04 0.000000000000000000e+00 0.000000000000000000e+00 0.000000000000000000e+00 3.116721209287829177e-04 0.000000000000000000e+00 1.291155584247902005e-04 0.000000000000000000e+00 3.997867803837953015e-04 0.000000000000000000e+00 3.013863773357444145e-04 0.000000000000000000e+00 0.000000000000000000e+00 1.950109693670269012e-03 2.538105150070502775e-02 0.000000000000000000e+00 2.037055000485013187e-02 0.000000000000000000e+00 4.694835680751173815e-03 0.000000000000000000e+00 5.714285714285714281e-03 0.000000000000000000e+00 0.000000000000000000e+00 0.000000000000000000e+00 5.697194131890043851e-04 0.000000000000000000e+00 0.000000000000000000e+00 0.000000000000000000e+00 4.833252779120348003e-04 0.000000000000000000e+00 3.233107015842224597e-04 0.000000000000000000e+00 5.288906518577284532e-04 0.000000000000000000e+00 0.000000000000000000e+00 0.000000000000000000e+00 0.000000000000000000e+00 1.047120418848167646e-03 1.424501424501424572e-03 0.000000000000000000e+00 0.000000000000000000e+00 0.000000000000000000e+00 0.000000000000000000e+00 0.000000000000000000e+00 0.000000000000000000e+00 0.000000000000000000e+00 0.000000000000000000e+00 0.000000000000000000e+00 0.000000000000000000e+00 0.000000000000000000e+00 0.000000000000000000e+00 0.000000000000000000e+00 0.000000000000000000e+00 0.000000000000000000e+00 0.000000000000000000e+00 0.000000000000000000e+00 0.000000000000000000e+00 0.000000000000000000e+00 0.000000000000000000e+00
2.194898146448889809e-01 1.101119471462653652e-03 2.807854652229766976e-02 2.385758854835749471e-03 1.284639383373096036e-03 0.000000000000000000e+00 1.046063497889520993e-01 4.404477885850614609e-03 1.651679207193980587e-03 0.000000000000000000e+00 0.000000000000000000e+00 7.790588968526020652e-04 1.757483510908168511e-01 7.118282121248072645e-04 8.317161075686165667e-03 0.000000000000000000e+00 2.079661614381388829e-02 0.000000000000000000e+00 1.063509581619343815e-02 2.232822490611996533e-03 0.000000000000000000e+00 0.000000000000000000e+00 4.062352385451110243e-03 5.711837783806939482e-04 0.000000000000000000e+00 0.000000000000000000e+00 0.000000000000000000e+00 0.000000000000000000e+00 3.129093290641828118e-02 0.000000000000000000e+00 1.410256410256410364e-03 6.030453791647821154e-04 1.041558171023851702e-03 1.533977603926982595e-03 3.976143141153081644e-04 0.000000000000000000e+00 2.653061224489796071e-03 1.894298162530782224e-04 0.000000000000000000e+00 0.000000000000000000e+00 0.000000000000000000e+00 0.000000000000000000e+00 0.000000000000000000e+00 0.000000000000000000e+00 0.000000000000000000e+00 0.000000000000000000e+00 0.000000000000000000e+00 0.000000000000000000e+00 1.317002502304754491e-04 0.000000000000000000e+00 2.120441051738761531e-03 0.000000000000000000e+00 0.000000000000000000e+00 0.000000000000000000e+00 0.000000000000000000e+00 0.000000000000000000e+00 6.685017695635077015e-03 1.574059499449079202e-04 3.581661891117478725e-03 4.136219495381221510e-04 3.768793173506704286e-02 0.000000000000000000e+00 1.215430685221067543e-02 0.000000000000000000e+00 9.593969504882645175e-03 0.000000000000000000e+00 8.476731372382809203e-04 0.000000000000000000e+00 5.055611729019211537e-04 0.000000000000000000e+00 2.445762574144795531e-02 2.148660444504129404e-03 8.399057666700808847e-03 9.700261907071491547e-05 3.401360544217686948e-03 0.000000000000000000e+00 5.319750990379173462e-03 1.393728222996515678e-04 0.000000000000000000e+00 0.000000000000000000e+00 1.489678655032985674e-03 0.000000000000000000e+00 0.000000000000000000e+00 0.000000000000000000e+00 8.856189113699843799e-04 0.000000000000000000e+00 0.000000000000000000e+00 0.000000000000000000e+00 1.561144839549002570e-03 0.000000000000000000e+00 0.000000000000000000e+00 0.000000000000000000e+00 0.000000000000000000e+00 0.000000000000000000e+00 1.047120418848167646e-03 0.000000000000000000e+00 0.000000000000000000e+00 1.253132832080200432e-03 0.000000000000000000e+00 0.000000000000000000e+00 0.000000000000000000e+00 0.000000000000000000e+00 0.000000000000000000e+00 0.000000000000000000e+00 0.000000000000000000e+00 0.000000000000000000e+00 0.000000000000000000e+00 0.000000000000000000e+00 0.000000000000000000e+00 0.000000000000000000e+00 0.000000000000000000e+00 0.000000000000000000e+00 0.000000000000000000e+00 0.000000000000000000e+00 0.000000000000000000e+00 0.000000000000000000e+00
3.116235587410408152e-04 1.184169523215955061e-01 4.830165160486133043e-03 4.315986288563415652e-02 0.000000000000000000e+00 0.000000000000000000e+00 4.674353381115612174e-03 1.569024618261140591e-01 0.000000000000000000e+00 1.558117793705204130e-03 7.790588968526020652e-04 0.000000000000000000e+00 5.073566717402333559e-04 1.708387709099537244e-01 0.000000000000000000e+00 1.431248935082637605e-02 1.762425096933380295e-04 6.399624471913628598e-02 4.213905889435136214e-03 1.674616867958997335e-02 0.000000000000000000e+00 0.000000000000000000e+00 1.983939537080774487e-03 6.283021562187633864e-03 0.000000000000000000e+00 0.000000000000000000e+00 0.000000000000000000e+00 0.000000000000000000e+00 1.455392228205501276e-04 6.705054382597568086e-02 1.666666666666666774e-03 6.030453791647821154e-04 1.041558171023851702e-03 6.442705936493327290e-03 0.000000000000000000e+00 4.574565416285453104e-04 0.000000000000000000e+00 7.577192650123128898e-04 0.000000000000000000e+00 0.000000000000000000e+00 0.000000000000000000e+00 0.000000000000000000e+00 0.000000000000000000e+00 0.000000000000000000e+00 0.000000000000000000e+00 2.061430632859204170e-04 0.000000000000000000e+00 1.376651982378854753e-04 0.000000000000000000e+00 1.145125582105504299e-03 1.060220525869380820e-04 2.988239830345093637e-03 0.000000000000000000e+00 0.000000000000000000e+00 0.000000000000000000e+00 1.622323166774821443e-04 0.000000000000000000e+00 6.925861797575948164e-03 0.000000000000000000e+00 3.033227629946229180e-03 0.000000000000000000e+00 1.324606513947327452e-02 0.000000000000000000e+00 1.265332472562943900e-02 0.000000000000000000e+00 1.039445628997867806e-02 8.476731372382809474e-05 1.908780389793047995e-03 0.000000000000000000e+00 0.000000000000000000e+00 7.312911351263508795e-04 4.109313100114147382e-02 4.097101300829662958e-04 1.600543214666795902e-02 0.000000000000000000e+00 0.000000000000000000e+00 3.395585738539898301e-04 7.804878048780487798e-03 0.000000000000000000e+00 2.409638554216867682e-03 0.000000000000000000e+00 5.269904571998290481e-03 0.000000000000000000e+00 0.000000000000000000e+00 0.000000000000000000e+00 5.719349121959078561e-03 0.000000000000000000e+00 0.000000000000000000e+00 0.000000000000000000e+00 5.421129181541715913e-03 0.000000000000000000e+00 0.000000000000000000e+00 0.000000000000000000e+00 2.449779519843214067e-04 0.000000000000000000e+00 1.424501424501424572e-03 0.000000000000000000e+00 0.000000000000000000e+00 0.000000000000000000e+00 0.000000000000000000e+00 0.000000000000000000e+00 0.000000000000000000e+00 0.000000000000000000e+00 0.000000000000000000e+00 0.000000000000000000e+00 0.000000000000000000e+00 0.000000000000000000e+00 0.000000000000000000e+00 0.000000000000000000e+00 0.000000000000000000e+00 0.000000000000000000e+00 0.000000000000000000e+00 0.000000000000000000e+00 0.000000000000000000e+00 0.000000000000000000e+00 0.000000000000000000e+00
5.479452054794520244e-02 5.073566717402333559e-04 5.215626585489599454e-02 7.407407407407407690e-03 4.769152714358193719e-03 4.058853373921867064e-04 1.432775240994419164e-01 1.035007610350076150e-02 2.861491628614916405e-02 5.073566717402333559e-04 1.757483510908168511e-01 5.073566717402333559e-04 0.000000000000000000e+00 3.440503025269901326e-03 2.295536456889381849e-01 1.022320667916169811e-03 5.463517800493478994e-03 1.564700359881082703e-04 1.013344035316544531e-02 2.334314422003450941e-03 4.111842105263157666e-04 0.000000000000000000e+00 1.587151629664619590e-02 5.997429672997286673e-03 7.855459544383346961e-04 7.865757734661772520e-04 3.134796238244514309e-04 0.000000000000000000e+00 1.221074079464415651e-01 5.118362124120281759e-04 1.487179487179487135e-02 1.010101010101010187e-02 3.645453598583480847e-03 1.917472004908728298e-03 3.976143141153081644e-04 0.000000000000000000e+00 3.061224489795918210e-03 0.000000000000000000e+00 0.000000000000000000e+00 0.000000000000000000e+00 1.718213058419243953e-03 0.000000000000000000e+00 0.000000000000000000e+00 0.000000000000000000e+00 0.000000000000000000e+00 0.000000000000000000e+00 0.000000000000000000e+00 0.000000000000000000e+00 2.634005004609508982e-04 0.000000000000000000e+00 2.756573367260390078e-03 0.000000000000000000e+00 0.000000000000000000e+00 0.000000000000000000e+00 0.000000000000000000e+00 0.000000000000000000e+00 5.800235941801022525e-03 0.000000000000000000e+00 3.581661891117478725e-03 0.000000000000000000e+00 4.540837058106460961e-02 0.000000000000000000e+00 2.096177558569667018e-02 0.000000000000000000e+00 2.004454342984409929e-02 0.000000000000000000e+00 2.373484784267186707e-03 1.004621257785814805e-04 1.263902932254802776e-03 0.000000000000000000e+00 7.256033151864792197e-02 5.035922916806553386e-03 4.937007067499744190e-02 2.522068095838587640e-03 3.401360544217686948e-03 0.000000000000000000e+00 4.380305602716468710e-02 1.672473867595818814e-03 0.000000000000000000e+00 0.000000000000000000e+00 2.553734837199404199e-03 0.000000000000000000e+00 0.000000000000000000e+00 0.000000000000000000e+00 2.997479392329177768e-03 1.611084259706782758e-04 0.000000000000000000e+00 0.000000000000000000e+00 2.775368603642671284e-03 1.322226629644321133e-04 2.800336040324839229e-04 0.000000000000000000e+00 0.000000000000000000e+00 0.000000000000000000e+00 0.000000000000000000e+00 0.000000000000000000e+00 0.000000000000000000e+00 0.000000000000000000e+00 0.000000000000000000e+00 0.000000000000000000e+00 0.000000000000000000e+00 0.000000000000000000e+00 2.742731760833790598e-04 0.000000000000000000e+00 6.079027355623100714e-04 0.000000000000000000e+00 0.000000000000000000e+00 0.000000000000000000e+00 0.000000000000000000e+00 0.000000000000000000e+00 0.000000000000000000e+00 0.000000000000000000e+00 0.000000000000000000e+00 0.000000000000000000e+00 0.000000000000000000e+00 0.000000000000000000e+00
