0.000000000000000000e+00 2.610727346607070315e-02 7.641921397379912440e-02 7.090226609203392413e-03 5.844535359438924249e-04 0.000000000000000000e+00 1.785714285714285754e-01 6.294964028776978311e-03 1.672240802675585255e-03 0.000000000000000000e+00 2.431673052362707532e-01 1.005429318318922178e-03 4.440937781785392335e-02 1.886080724254998091e-04 9.250693802035153072e-04 0.000000000000000000e+00 9.001636661211129264e-02 4.794246903715541040e-03 9.970384995064165978e-02 3.685503685503685456e-02 0.000000000000000000e+00 0.000000000000000000e+00 2.167914860070949742e-03 0.000000000000000000e+00 0.000000000000000000e+00 0.000000000000000000e+00 1.279590531030070331e-03 0.000000000000000000e+00 3.833470733718054302e-02 3.173828125000000000e-03 1.035856573705179300e-02 8.064516129032258058e-04 5.928154308971863434e-02 1.633150517976843241e-02 0.000000000000000000e+00 0.000000000000000000e+00 5.793226381461675373e-02 1.670146137787056461e-03 1.251564455569461861e-03 0.000000000000000000e+00 8.771929824561403022e-03 0.000000000000000000e+00 1.356483993488876848e-04 0.000000000000000000e+00 1.579224425337778619e-03 2.283365681013814388e-04 2.030044660982541595e-04 0.000000000000000000e+00 1.111287505953325976e-03 9.120758847136081575e-05 3.515469657201940323e-02 4.505316273202378567e-04 2.530364372469635654e-04 0.000000000000000000e+00 6.245407788390888726e-03 0.000000000000000000e+00 1.994650363011081506e-01 3.790657862558082479e-03 4.977664326738991812e-02 4.680004680004680147e-04 5.819477434679334871e-02 0.000000000000000000e+00 8.491367110104727084e-03 0.000000000000000000e+00 3.452751817237798698e-02 1.499925003749812461e-04 2.623294858342077509e-03 3.460606759718537180e-04 8.109861591695501082e-02 9.751494180559924091e-03 3.745072273324572681e-02 4.732607666824420120e-04 4.011789749467823546e-02 2.450719232818327192e-03 1.015228426395939007e-02 0.000000000000000000e+00 7.541958784788613257e-02 6.227466404457555199e-03 0.000000000000000000e+00 0.000000000000000000e+00 2.068252326783867785e-03 0.000000000000000000e+00 0.000000000000000000e+00 0.000000000000000000e+00 3.762803234501347488e-02 1.110494169905608012e-04 0.000000000000000000e+00 0.000000000000000000e+00 1.600753295668549958e-02 0.000000000000000000e+00 3.295978905735003246e-03 1.489572989076464815e-03 1.455604075691412005e-03 0.000000000000000000e+00 1.739130434782608717e-02 4.975124378109452641e-03 9.469696969696969960e-04 0.000000000000000000e+00 0.000000000000000000e+00 1.119402985074626801e-02 0.000000000000000000e+00 2.364066193853427839e-03 1.251956181533646221e-03 1.597079625827059176e-03 3.099173553719008350e-03 5.310674455655867892e-04 0.000000000000000000e+00 0.000000000000000000e+00 0.000000000000000000e+00 0.000000000000000000e+00 0.000000000000000000e+00 0.000000000000000000e+00 0.000000000000000000e+00 1.023541453428863891e-03 0.000000000000000000e+00 0.000000000000000000e+00
2.610727346607070315e-02 0.000000000000000000e+00 4.623683534549190462e-03 8.744612818017516442e-02 0.000000000000000000e+00 1.674340728338216851e-03 4.968944099378882172e-03 1.235868448098663974e-01 0.000000000000000000e+00 6.418485237483954192e-03 1.021711366538952852e-03 9.270058314900463114e-02 0.000000000000000000e+00 1.527725386646548549e-02 0.000000000000000000e+00 1.240181893344357179e-03 4.676174888940846236e-03 4.974031162604874295e-02 3.685422836459361501e-02 7.293417819733609420e-02 0.000000000000000000e+00 0.000000000000000000e+00 7.883326763894363091e-04 1.019367991845056146e-03 0.000000000000000000e+00 0.000000000000000000e+00 6.397952655150351657e-04 0.000000000000000000e+00 1.648804616652926663e-03 5.859375000000000000e-02 4.780876494023904126e-03 5.376344086021505372e-04 2.548221553707308296e-02 2.145033516148689770e-02 3.336670003336670155e-04 5.219206680584550628e-04 1.782531194295900075e-03 5.636743215031315285e-02 0.000000000000000000e+00 1.218274111675126878e-02 0.000000000000000000e+00 1.492537313432835792e-02 0.000000000000000000e+00 1.999400179946016177e-04 1.754693805930865162e-04 1.484187692658979311e-03 0.000000000000000000e+00 4.291845493562231528e-04 1.587553579933322784e-04 6.110908427581174425e-03 7.953551260637874783e-05 2.595062173364570332e-02 0.000000000000000000e+00 2.591009198082653165e-03 0.000000000000000000e+00 5.559815950920245393e-03 1.146350783339701888e-03 2.471264367816091989e-01 1.531589023611997424e-03 5.791505791505791728e-02 2.375296912114014248e-04 6.322039818372336695e-02 5.660911406736484144e-04 1.623762376237623817e-02 0.000000000000000000e+00 2.264886755662216811e-02 1.049317943336831090e-03 1.026646672049832780e-02 3.395328719723183369e-02 1.088392576281849572e-01 3.285151116951379830e-04 2.626597255087553123e-02 2.292451285410185106e-03 4.144912093766649208e-02 0.000000000000000000e+00 1.127450980392156847e-02 4.036541321436159201e-03 6.882989183874139993e-02 1.742160278745644598e-03 2.824858757062146883e-03 0.000000000000000000e+00 1.361867704280155661e-02 0.000000000000000000e+00 0.000000000000000000e+00 1.078167115902964925e-04 4.441976679622432200e-02 0.000000000000000000e+00 0.000000000000000000e+00 0.000000000000000000e+00 1.528826671578559573e-02 2.636783124588002424e-03 4.468718967229394663e-03 0.000000000000000000e+00 1.968503937007873988e-03 0.000000000000000000e+00 8.457711442786070011e-02 1.893939393939393992e-03 5.524861878453038444e-03 2.583979328165374786e-03 0.000000000000000000e+00 0.000000000000000000e+00 0.000000000000000000e+00 1.251956181533646221e-03 3.878621948437143557e-03 3.099173553719008350e-03 4.248539564524694313e-03 0.000000000000000000e+00 2.447980416156670530e-03 0.000000000000000000e+00 0.000000000000000000e+00 9.910802775024776801e-04 0.000000000000000000e+00 2.500000000000000139e-02 1.023541453428863891e-03 0.000000000000000000e+00 5.952380952380952051e-03
7.641921397379912440e-02 4.623683534549190462e-03 0.000000000000000000e+00 8.897539274294452918e-03 1.858562244301578126e-01 2.092925910422770847e-03 2.034161490683229767e-01 1.336073997944501462e-02 2.759197324414715616e-02 1.283697047496790665e-03 7.535121328224776704e-02 8.445606273878946899e-03 1.257889990982867523e-01 8.298755186721991708e-03 5.272895467160036709e-02 2.066969822240595153e-03 2.688800561140986672e-02 9.988014382740710139e-04 6.910167818361302727e-02 5.948532264321738407e-03 0.000000000000000000e+00 0.000000000000000000e+00 1.858494284588096124e-01 9.514101257220523161e-03 1.049645390070921974e-01 1.251564455569461861e-03 3.198976327575175915e-02 9.519276534983340957e-04 3.812860676009893063e-02 2.685546875000000000e-03 3.505976095617530097e-02 1.586021505376344204e-02 4.423995752964077384e-03 6.581352833638025313e-03 3.336670003336670155e-04 0.000000000000000000e+00 1.426024955436720060e-02 4.175365344467641153e-04 0.000000000000000000e+00 0.000000000000000000e+00 3.508771929824561209e-02 0.000000000000000000e+00 1.356483993488876848e-04 0.000000000000000000e+00 5.088612037199508401e-03 0.000000000000000000e+00 2.030044660982541595e-04 0.000000000000000000e+00 5.238926813779964942e-03 9.120758847136081575e-05 9.067048437127177632e-03 9.010632546404757947e-05 7.591093117408906962e-04 0.000000000000000000e+00 3.490080822924320272e-03 0.000000000000000000e+00 4.585403133358807552e-03 3.668378576669112444e-04 1.276324186343331252e-02 5.850005850005849913e-04 2.137767220902612661e-03 0.000000000000000000e+00 2.830455703368242072e-04 3.960396039603960661e-04 3.115264797507788074e-03 0.000000000000000000e+00 1.049317943336831004e-02 3.460606759718537180e-04 4.757785467128027718e-03 0.000000000000000000e+00 4.303547963206307697e-02 2.366303833412210060e-03 1.270672998198788262e-01 2.450719232818327192e-03 1.607445008460236732e-02 0.000000000000000000e+00 9.581474399830040845e-02 2.458210422812192545e-03 0.000000000000000000e+00 0.000000000000000000e+00 2.895553257497414813e-03 2.779321845469705276e-04 4.566210045662100203e-03 0.000000000000000000e+00 9.487870619946091669e-03 1.110494169905608012e-04 0.000000000000000000e+00 0.000000000000000000e+00 6.277463904582548243e-03 0.000000000000000000e+00 1.318391562294001212e-03 7.944389275074478438e-03 1.455604075691412005e-03 1.968503937007873988e-03 3.478260869565217434e-02 1.492537313432835792e-02 0.000000000000000000e+00 5.524861878453038444e-03 1.291989664082687393e-03 2.611940298507462593e-02 0.000000000000000000e+00 0.000000000000000000e+00 1.564945226917057938e-03 2.737850787132101258e-03 4.648760330578512526e-03 1.593202336696760476e-03 0.000000000000000000e+00 2.447980416156670530e-03 0.000000000000000000e+00 0.000000000000000000e+00 0.000000000000000000e+00 0.000000000000000000e+00 0.000000000000000000e+00 0.000000000000000000e+00 0.000000000000000000e+00 0.000000000000000000e+00
7.090226609203392413e-03 8.744612818017516442e-02 8.897539274294452918e-03 0.000000000000000000e+00 5.260081823495032366e-03 7.283382168271243517e-02 1.009316770186335400e-02 1.165210688591983568e-01 0.000000000000000000e+00 2.952503209242618790e-02 3.831417624521072599e-03 4.383671827870500720e-02 5.184851217312894112e-03 5.054696341003395155e-02 5.550416281221091409e-03 4.505994212484498024e-02 2.805704933364507655e-03 2.357171394326807931e-02 1.069430733794011178e-02 1.025475236001551771e-01 0.000000000000000000e+00 0.000000000000000000e+00 3.035080804099329899e-02 2.021746517159361267e-01 3.546099290780141758e-03 5.632040050062578351e-02 1.279590531030070331e-03 5.711565920990004791e-03 1.442704039571310803e-03 3.369140625000000000e-02 2.988047808764940361e-02 9.489247311827957165e-02 1.079454963723234899e-02 2.413162705667275948e-02 0.000000000000000000e+00 2.087682672233820251e-03 4.456327985739750187e-04 1.962421711899791157e-02 0.000000000000000000e+00 5.076142131979695035e-03 0.000000000000000000e+00 7.462686567164178962e-03 0.000000000000000000e+00 1.999400179946016177e-04 0.000000000000000000e+00 9.133462724055257552e-04 0.000000000000000000e+00 2.861230329041488047e-04 0.000000000000000000e+00 3.648303538854432738e-03 2.386065378191362435e-04 3.153721391241665322e-03 0.000000000000000000e+00 5.182018396165306330e-04 0.000000000000000000e+00 3.834355828220858986e-04 1.910584638899503237e-04 5.991685008559549837e-03 3.828972559029993560e-04 1.836901836901836879e-02 4.750593824228028497e-04 6.985679357317498787e-04 0.000000000000000000e+00 1.980198019801980330e-04 0.000000000000000000e+00 7.499625018749062847e-04 3.147953830010493162e-04 1.995616564771023060e-02 8.650519031141868775e-04 1.667190940547342085e-02 1.971090670170827681e-03 4.046379555134878986e-02 2.292451285410185106e-03 7.309536494405967366e-02 8.460236886632825420e-04 8.823529411764705760e-03 4.461440407903123281e-03 6.538839724680432786e-02 0.000000000000000000e+00 0.000000000000000000e+00 0.000000000000000000e+00 1.945525291828793801e-03 0.000000000000000000e+00 0.000000000000000000e+00 0.000000000000000000e+00 1.998889505830094178e-03 0.000000000000000000e+00 0.000000000000000000e+00 0.000000000000000000e+00 1.657763860747835669e-03 1.318391562294001212e-03 3.972194637537239219e-03 1.455604075691412005e-03 0.000000000000000000e+00 0.000000000000000000e+00 2.985074626865671585e-02 9.469696969696969960e-04 2.762430939226519222e-03 1.291989664082687393e-03 7.462686567164178962e-03 0.000000000000000000e+00 0.000000000000000000e+00 6.259780907668231103e-04 2.281542322610084599e-03 0.000000000000000000e+00 1.593202336696760476e-03 0.000000000000000000e+00 3.671970624235006229e-03 0.000000000000000000e+00 0.000000000000000000e+00 0.000000000000000000e+00 3.508771929824561469e-03 0.000000000000000000e+00 0.000000000000000000e+00 1.666666666666666774e-03 0.000000000000000000e+00
5.844535359438924249e-04 0.000000000000000000e+00 1.858562244301578126e-01 5.260081823495032366e-03 0.000000000000000000e+00 3.767266638760987697e-03 4.503105590062111453e-03 3.854059609455292722e-04 3.285953177257525115e-01 1.283697047496790665e-03 2.554278416347382130e-04 2.010858636637844409e-04 2.254283137962127988e-03 0.000000000000000000e+00 1.304347826086956486e-01 1.240181893344357179e-03 0.000000000000000000e+00 0.000000000000000000e+00 1.645278051990786477e-03 2.586318375792060224e-04 3.856041131105398395e-03 9.132420091324200623e-04 4.138746551044541165e-03 1.019367991845056146e-03 9.858156028368794677e-02 1.752190237797246475e-02 1.682661548304542620e-01 3.331746787244169606e-03 2.267106347897774026e-03 0.000000000000000000e+00 3.984063745019920250e-03 4.032258064516128920e-03 1.769598301185630791e-04 3.656307129798903313e-04 0.000000000000000000e+00 0.000000000000000000e+00 0.000000000000000000e+00 0.000000000000000000e+00 0.000000000000000000e+00 0.000000000000000000e+00 0.000000000000000000e+00 0.000000000000000000e+00 0.000000000000000000e+00 0.000000000000000000e+00 0.000000000000000000e+00 0.000000000000000000e+00 0.000000000000000000e+00 0.000000000000000000e+00 3.175107159866645567e-04 0.000000000000000000e+00 1.590710252127574957e-04 0.000000000000000000e+00 0.000000000000000000e+00 0.000000000000000000e+00 0.000000000000000000e+00 0.000000000000000000e+00 0.000000000000000000e+00 0.000000000000000000e+00 0.000000000000000000e+00 0.000000000000000000e+00 0.000000000000000000e+00 0.000000000000000000e+00 2.830455703368242072e-04 0.000000000000000000e+00 2.596053997923156728e-04 0.000000000000000000e+00 5.246589716684155452e-04 0.000000000000000000e+00 0.000000000000000000e+00 0.000000000000000000e+00 8.541392904073586909e-03 7.098911500236630180e-04 3.749795316849516974e-02 0.000000000000000000e+00 2.538071065989847518e-03 0.000000000000000000e+00 6.373486297004461211e-04 0.000000000000000000e+00 0.000000000000000000e+00 0.000000000000000000e+00 2.068252326783867568e-04 0.000000000000000000e+00 9.132420091324200406e-03 0.000000000000000000e+00 9.703504043126684464e-04 0.000000000000000000e+00 0.000000000000000000e+00 0.000000000000000000e+00 6.277463904582549110e-04 0.000000000000000000e+00 0.000000000000000000e+00 0.000000000000000000e+00 0.000000000000000000e+00 0.000000000000000000e+00 0.000000000000000000e+00 0.000000000000000000e+00 0.000000000000000000e+00 0.000000000000000000e+00 0.000000000000000000e+00 0.000000000000000000e+00 0.000000000000000000e+00 0.000000000000000000e+00 0.000000000000000000e+00 0.000000000000000000e+00 0.000000000000000000e+00 0.000000000000000000e+00 0.000000000000000000e+00 0.000000000000000000e+00 0.000000000000000000e+00 0.000000000000000000e+00 0.000000000000000000e+00 0.000000000000000000e+00 0.000000000000000000e+00 0.000000000000000000e+00 0.000000000000000000e+00 0.000000000000000000e+00
0.000000000000000000e+00 1.674340728338216851e-03 2.092925910422770847e-03 7.283382168271243517e-02 3.767266638760987697e-03 0.000000000000000000e+00 1.552795031055900679e-04 3.083247687564234178e-03 8.361204013377926273e-04 2.631578947368420907e-01 0.000000000000000000e+00 0.000000000000000000e+00 0.000000000000000000e+00 9.430403621274990184e-04 0.000000000000000000e+00 2.265398925175692302e-01 0.000000000000000000e+00 0.000000000000000000e+00 1.645278051990786423e-04 3.879477563688089794e-04 3.856041131105398395e-03 1.461187214611872100e-02 4.532912889239258669e-03 6.116207951070336442e-03 6.382978723404254991e-03 8.135168961201501292e-02 2.559181062060140663e-03 1.656354117087101285e-01 0.000000000000000000e+00 9.521484375000000000e-03 1.593625498007968100e-02 1.532258064516128955e-02 0.000000000000000000e+00 1.706276660572821546e-03 0.000000000000000000e+00 5.219206680584550628e-04 0.000000000000000000e+00 4.175365344467641153e-04 0.000000000000000000e+00 0.000000000000000000e+00 0.000000000000000000e+00 0.000000000000000000e+00 0.000000000000000000e+00 0.000000000000000000e+00 0.000000000000000000e+00 0.000000000000000000e+00 0.000000000000000000e+00 1.430615164520744023e-04 0.000000000000000000e+00 9.120758847136081575e-05 0.000000000000000000e+00 2.703189763921427249e-04 0.000000000000000000e+00 1.295504599041326583e-04 0.000000000000000000e+00 0.000000000000000000e+00 0.000000000000000000e+00 0.000000000000000000e+00 0.000000000000000000e+00 1.170001170001170037e-04 0.000000000000000000e+00 0.000000000000000000e+00 0.000000000000000000e+00 0.000000000000000000e+00 0.000000000000000000e+00 1.499925003749812461e-04 0.000000000000000000e+00 8.074749106009920449e-04 0.000000000000000000e+00 0.000000000000000000e+00 2.956636005256241956e-03 4.779933743492664755e-02 0.000000000000000000e+00 5.508790623335109438e-02 0.000000000000000000e+00 4.411764705882352880e-03 0.000000000000000000e+00 1.802687643395607924e-03 0.000000000000000000e+00 0.000000000000000000e+00 0.000000000000000000e+00 2.779321845469705276e-04 0.000000000000000000e+00 0.000000000000000000e+00 0.000000000000000000e+00 4.441976679622432049e-04 0.000000000000000000e+00 0.000000000000000000e+00 0.000000000000000000e+00 5.525879535826118535e-04 0.000000000000000000e+00 0.000000000000000000e+00 0.000000000000000000e+00 0.000000000000000000e+00 0.000000000000000000e+00 0.000000000000000000e+00 0.000000000000000000e+00 0.000000000000000000e+00 0.000000000000000000e+00 0.000000000000000000e+00 0.000000000000000000e+00 0.000000000000000000e+00 0.000000000000000000e+00 0.000000000000000000e+00 0.000000000000000000e+00 0.000000000000000000e+00 0.000000000000000000e+00 0.000000000000000000e+00 0.000000000000000000e+00 0.000000000000000000e+00 0.000000000000000000e+00 0.000000000000000000e+00 0.000000000000000000e+00 0.000000000000000000e+00 0.000000000000000000e+00 0.000000000000000000e+00
1.785714285714285754e-01 4.968944099378882172e-03 2.034161490683229767e-01 1.009316770186335400e-02 4.503105590062111453e-03 1.552795031055900679e-04 0.000000000000000000e+00 1.760020554984583624e-02 4.515050167224080035e-02 2.567394094993581330e-03 4.904214559386973343e-02 7.842348682887592681e-03 2.461677186654643856e-01 6.601282534892493128e-03 9.250693802035152638e-03 2.066969822240595153e-03 1.356090717792845374e-02 4.794246903715541040e-03 7.568279039157617925e-03 9.310746152851415505e-03 0.000000000000000000e+00 9.132420091324200623e-04 6.109578242018131287e-03 1.053346924906557909e-02 0.000000000000000000e+00 0.000000000000000000e+00 3.198976327575175829e-03 0.000000000000000000e+00 1.978565539983511909e-02 4.638671875000000000e-03 5.577689243027888870e-03 1.317204301075268827e-02 3.539196602371261582e-04 9.506398537477148830e-03 0.000000000000000000e+00 0.000000000000000000e+00 2.673796791443850112e-03 4.175365344467641153e-04 6.257822277847309303e-04 0.000000000000000000e+00 0.000000000000000000e+00 0.000000000000000000e+00 1.356483993488876848e-04 0.000000000000000000e+00 1.052816283558518935e-03 0.000000000000000000e+00 0.000000000000000000e+00 0.000000000000000000e+00 1.587553579933322729e-03 2.736227654140824337e-04 1.503221188260558255e-02 2.703189763921427249e-04 7.591093117408906962e-04 0.000000000000000000e+00 8.817046289493020092e-03 0.000000000000000000e+00 9.743981658387466591e-03 1.222792858889704148e-04 5.743458838544990286e-03 2.340002340002340074e-04 1.235154394299287431e-02 0.000000000000000000e+00 2.830455703368242072e-03 0.000000000000000000e+00 1.635514018691588620e-02 1.499925003749812461e-04 2.413431269674711551e-03 1.153535586572845817e-04 1.946366782006920312e-03 3.145643284051588399e-04 6.044678055190538801e-02 9.465215333648840240e-04 4.388406746356639937e-02 4.049014384656366740e-03 5.922165820642978119e-03 0.000000000000000000e+00 3.420437646059060893e-02 4.424778761061946841e-03 0.000000000000000000e+00 0.000000000000000000e+00 8.686659772492244871e-03 0.000000000000000000e+00 0.000000000000000000e+00 0.000000000000000000e+00 4.301886792452830344e-02 1.110494169905608012e-04 1.926782273603082829e-03 0.000000000000000000e+00 2.510985561833019297e-02 0.000000000000000000e+00 1.318391562294001212e-03 1.489572989076464815e-03 0.000000000000000000e+00 0.000000000000000000e+00 0.000000000000000000e+00 0.000000000000000000e+00 0.000000000000000000e+00 5.524861878453038444e-03 0.000000000000000000e+00 3.731343283582089481e-03 0.000000000000000000e+00 0.000000000000000000e+00 3.129890453834115551e-04 1.140771161305042299e-03 1.033057851239669450e-03 5.310674455655867892e-04 0.000000000000000000e+00 0.000000000000000000e+00 0.000000000000000000e+00 0.000000000000000000e+00 1.982160555004955360e-03 0.000000000000000000e+00 0.000000000000000000e+00 0.000000000000000000e+00 0.000000000000000000e+00 0.000000000000000000e+00
6.294964028776978311e-03 1.235868448098663974e-01 1.336073997944501462e-02 1.165210688591983568e-01 3.854059609455292722e-04 3.083247687564234178e-03 1.760020554984583624e-02 0.000000000000000000e+00 1.672240802675585255e-03 2.695763799743260483e-02 1.251596424010217173e-02 1.574502312487432165e-01 1.172227231740306623e-02 2.774424745379102109e-01 9.250693802035153072e-04 2.315006200909466849e-02 2.104278700023381066e-03 2.157411106671993511e-02 1.250411319512997714e-02 1.344885555411871186e-02 0.000000000000000000e+00 0.000000000000000000e+00 3.370122191564840081e-02 7.475365273530411303e-03 1.418439716312056833e-03 7.509386733416770730e-03 0.000000000000000000e+00 0.000000000000000000e+00 1.854905193734542523e-03 3.442382812500000000e-02 1.792828685258964286e-02 3.494623655913978600e-03 1.185630861794372687e-02 4.753199268738574415e-03 0.000000000000000000e+00 0.000000000000000000e+00 0.000000000000000000e+00 6.680584551148225844e-03 0.000000000000000000e+00 1.015228426395939137e-03 0.000000000000000000e+00 0.000000000000000000e+00 0.000000000000000000e+00 6.997900629811056213e-04 1.754693805930865162e-04 6.507592190889370694e-03 0.000000000000000000e+00 2.861230329041488047e-04 1.587553579933322784e-04 9.303174024078804047e-03 2.386065378191362435e-04 2.252658136601189479e-02 0.000000000000000000e+00 1.943256898561989982e-03 0.000000000000000000e+00 5.559815950920245393e-03 1.910584638899503237e-04 3.179261433113230676e-03 2.552648372686662373e-04 9.945009945009944743e-03 2.375296912114014248e-04 4.889975550122249368e-03 0.000000000000000000e+00 2.178217821782178418e-03 0.000000000000000000e+00 5.399730013499325076e-03 2.098635886673662018e-04 8.997577575268197320e-03 0.000000000000000000e+00 1.887385970430953148e-03 1.314060446780551932e-03 9.275911026975863782e-02 4.093663009661044523e-03 5.764517847629195557e-02 0.000000000000000000e+00 1.470588235294117627e-03 2.336944975568302444e-03 5.244182235332677661e-02 0.000000000000000000e+00 0.000000000000000000e+00 0.000000000000000000e+00 1.000555864369093856e-02 0.000000000000000000e+00 0.000000000000000000e+00 0.000000000000000000e+00 2.054414214325374702e-02 0.000000000000000000e+00 0.000000000000000000e+00 9.416195856873822581e-04 1.178854300976238736e-02 6.591957811470006059e-04 1.489572989076464815e-03 0.000000000000000000e+00 0.000000000000000000e+00 0.000000000000000000e+00 9.950248756218905283e-03 0.000000000000000000e+00 2.762430939226519222e-03 0.000000000000000000e+00 0.000000000000000000e+00 0.000000000000000000e+00 0.000000000000000000e+00 3.129890453834115551e-04 1.825233858088067505e-03 1.033057851239669450e-03 1.062134891131173578e-03 0.000000000000000000e+00 1.223990208078335265e-03 0.000000000000000000e+00 0.000000000000000000e+00 0.000000000000000000e+00 0.000000000000000000e+00 0.000000000000000000e+00 0.000000000000000000e+00 0.000000000000000000e+00 0.000000000000000000e+00
1.672240802675585255e-03 0.000000000000000000e+00 2.759197324414715616e-02 0.000000000000000000e+00 3.285953177257525115e-01 8.361204013377926273e-04 4.515050167224080035e-02 1.672240802675585255e-03 0.000000000000000000e+00 1.283697047496790665e-03 3.320561941251596282e-03 0.000000000000000000e+00 5.635707844905320230e-02 0.000000000000000000e+00 2.321924144310823224e-01 0.000000000000000000e+00 0.000000000000000000e+00 0.000000000000000000e+00 4.935834155972358998e-04 0.000000000000000000e+00 0.000000000000000000e+00 0.000000000000000000e+00 3.941663381947181546e-04 1.359157322460074861e-03 0.000000000000000000e+00 0.000000000000000000e+00 1.279590531030070331e-03 0.000000000000000000e+00 5.358615004122011492e-03 0.000000000000000000e+00 7.968127490039840933e-04 8.064516129032258058e-04 0.000000000000000000e+00 0.000000000000000000e+00 0.000000000000000000e+00 0.000000000000000000e+00 0.000000000000000000e+00 0.000000000000000000e+00 0.000000000000000000e+00 0.000000000000000000e+00 0.000000000000000000e+00 0.000000000000000000e+00 0.000000000000000000e+00 0.000000000000000000e+00 0.000000000000000000e+00 0.000000000000000000e+00 0.000000000000000000e+00 0.000000000000000000e+00 0.000000000000000000e+00 0.000000000000000000e+00 3.976775630318937662e-04 0.000000000000000000e+00 0.000000000000000000e+00 0.000000000000000000e+00 0.000000000000000000e+00 0.000000000000000000e+00 0.000000000000000000e+00 0.000000000000000000e+00 1.276324186343331187e-04 0.000000000000000000e+00 2.375296912114014357e-03 0.000000000000000000e+00 2.830455703368242072e-04 0.000000000000000000e+00 2.336448598130840947e-03 0.000000000000000000e+00 0.000000000000000000e+00 0.000000000000000000e+00 0.000000000000000000e+00 0.000000000000000000e+00 2.299605781865965773e-03 0.000000000000000000e+00 1.326346815130178408e-02 0.000000000000000000e+00 4.230118443316412818e-03 0.000000000000000000e+00 6.373486297004461211e-04 0.000000000000000000e+00 0.000000000000000000e+00 0.000000000000000000e+00 8.273009307135470274e-04 0.000000000000000000e+00 0.000000000000000000e+00 0.000000000000000000e+00 2.587601078167115713e-03 0.000000000000000000e+00 0.000000000000000000e+00 0.000000000000000000e+00 9.416195856873822581e-04 0.000000000000000000e+00 0.000000000000000000e+00 4.965243296921549023e-04 0.000000000000000000e+00 0.000000000000000000e+00 0.000000000000000000e+00 0.000000000000000000e+00 0.000000000000000000e+00 0.000000000000000000e+00 0.000000000000000000e+00 0.000000000000000000e+00 0.000000000000000000e+00 0.000000000000000000e+00 0.000000000000000000e+00 0.000000000000000000e+00 0.000000000000000000e+00 0.000000000000000000e+00 0.000000000000000000e+00 0.000000000000000000e+00 0.000000000000000000e+00 0.000000000000000000e+00 0.000000000000000000e+00 0.000000000000000000e+00 0.000000000000000000e+00 0.000000000000000000e+00 0.000000000000000000e+00 0.000000000000000000e+00
0.000000000000000000e+00 6.418485237483954192e-03 1.283697047496790665e-03 2.952503209242618790e-02 1.283697047496790665e-03 2.631578947368420907e-01 2.567394094993581330e-03 2.695763799743260483e-02 1.283697047496790665e-03 0.000000000000000000e+00 0.000000000000000000e+00 2.211944500301628660e-03 2.254283137962127934e-04 4.903809883062995416e-03 0.000000000000000000e+00 1.186440677966101725e-01 0.000000000000000000e+00 3.995205753096284381e-04 0.000000000000000000e+00 1.293159187896030112e-04 0.000000000000000000e+00 0.000000000000000000e+00 2.167914860070949742e-03 0.000000000000000000e+00 2.836879432624113666e-03 0.000000000000000000e+00 0.000000000000000000e+00 0.000000000000000000e+00 4.122011541632316658e-04 3.417968750000000000e-03 3.187250996015936373e-03 0.000000000000000000e+00 0.000000000000000000e+00 1.218769043266300969e-04 0.000000000000000000e+00 0.000000000000000000e+00 0.000000000000000000e+00 0.000000000000000000e+00 0.000000000000000000e+00 0.000000000000000000e+00 0.000000000000000000e+00 0.000000000000000000e+00 0.000000000000000000e+00 0.000000000000000000e+00 0.000000000000000000e+00 0.000000000000000000e+00 0.000000000000000000e+00 0.000000000000000000e+00 0.000000000000000000e+00 1.824151769427216315e-04 0.000000000000000000e+00 3.604253018561903179e-04 0.000000000000000000e+00 1.295504599041326583e-04 0.000000000000000000e+00 0.000000000000000000e+00 0.000000000000000000e+00 1.222792858889704148e-04 0.000000000000000000e+00 1.170001170001170037e-04 0.000000000000000000e+00 0.000000000000000000e+00 0.000000000000000000e+00 0.000000000000000000e+00 0.000000000000000000e+00 1.499925003749812461e-04 1.049317943336831009e-04 0.000000000000000000e+00 0.000000000000000000e+00 0.000000000000000000e+00 0.000000000000000000e+00 3.076194983435873078e-03 1.637465203864417972e-04 9.270111880660628773e-03 0.000000000000000000e+00 1.470588235294117627e-03 0.000000000000000000e+00 8.194034742707308845e-04 0.000000000000000000e+00 0.000000000000000000e+00 0.000000000000000000e+00 3.613118399110617184e-03 0.000000000000000000e+00 0.000000000000000000e+00 0.000000000000000000e+00 1.443642420877290456e-03 0.000000000000000000e+00 0.000000000000000000e+00 0.000000000000000000e+00 7.367839381101492103e-04 0.000000000000000000e+00 4.965243296921549023e-04 0.000000000000000000e+00 0.000000000000000000e+00 0.000000000000000000e+00 4.975124378109452641e-03 0.000000000000000000e+00 0.000000000000000000e+00 0.000000000000000000e+00 0.000000000000000000e+00 0.000000000000000000e+00 0.000000000000000000e+00 0.000000000000000000e+00 0.000000000000000000e+00 0.000000000000000000e+00 0.000000000000000000e+00 0.000000000000000000e+00 0.000000000000000000e+00 0.000000000000000000e+00 0.000000000000000000e+00 0.000000000000000000e+00 0.000000000000000000e+00 0.000000000000000000e+00 0.000000000000000000e+00 0.000000000000000000e+00 0.000000000000000000e+00
2.431673052362707532e-01 1.021711366538952852e-03 7.535121328224776704e-02 3.831417624521072599e-03 2.554278416347382130e-04 0.000000000000000000e+00 4.904214559386973343e-02 1.251596424010217173e-02 3.320561941251596282e-03 0.000000000000000000e+00 0.000000000000000000e+00 4.021717273275688710e-03 5.342651036970243184e-02 2.074688796680497927e-03 2.405180388529139582e-02 0.000000000000000000e+00 3.600654664484451845e-02 5.992808629644426300e-04 1.546561368871339319e-02 2.974266132160869203e-03 0.000000000000000000e+00 0.000000000000000000e+00 1.497832085139929117e-02 3.058103975535168221e-03 0.000000000000000000e+00 0.000000000000000000e+00 1.919385796545105497e-03 0.000000000000000000e+00 4.596042868920032637e-02 4.882812500000000000e-04 5.577689243027888870e-03 5.376344086021505372e-04 3.185276942134135369e-03 3.412553321145643092e-03 0.000000000000000000e+00 0.000000000000000000e+00 1.336898395721925056e-03 0.000000000000000000e+00 0.000000000000000000e+00 0.000000000000000000e+00 8.771929824561403022e-03 0.000000000000000000e+00 0.000000000000000000e+00 0.000000000000000000e+00 0.000000000000000000e+00 0.000000000000000000e+00 0.000000000000000000e+00 0.000000000000000000e+00 3.175107159866645567e-04 0.000000000000000000e+00 8.510299848882525720e-03 0.000000000000000000e+00 0.000000000000000000e+00 0.000000000000000000e+00 9.184423218221895568e-04 0.000000000000000000e+00 1.604891096675582773e-02 1.222792858889704148e-04 3.828972559029993668e-03 2.340002340002340074e-04 6.270783847980997139e-02 0.000000000000000000e+00 2.264364562694593658e-02 0.000000000000000000e+00 4.387331256490135251e-02 0.000000000000000000e+00 9.443861490031480030e-04 1.153535586572845817e-04 4.325259515570934387e-04 6.291286568103176798e-04 6.734559789750328707e-02 0.000000000000000000e+00 2.210578025216964129e-02 7.458710708577516880e-04 8.460236886632825420e-04 0.000000000000000000e+00 1.572126619927767185e-02 1.474926253687315614e-03 0.000000000000000000e+00 0.000000000000000000e+00 9.927611168562564328e-03 0.000000000000000000e+00 4.566210045662100203e-03 0.000000000000000000e+00 1.789757412398921763e-02 0.000000000000000000e+00 0.000000000000000000e+00 0.000000000000000000e+00 1.161330822347771477e-02 0.000000000000000000e+00 0.000000000000000000e+00 0.000000000000000000e+00 0.000000000000000000e+00 0.000000000000000000e+00 8.695652173913043584e-03 4.975124378109452641e-03 0.000000000000000000e+00 2.762430939226519222e-03 0.000000000000000000e+00 3.731343283582089481e-03 0.000000000000000000e+00 0.000000000000000000e+00 0.000000000000000000e+00 4.563084645220168763e-04 0.000000000000000000e+00 0.000000000000000000e+00 0.000000000000000000e+00 0.000000000000000000e+00 0.000000000000000000e+00 0.000000000000000000e+00 0.000000000000000000e+00 0.000000000000000000e+00 0.000000000000000000e+00 0.000000000000000000e+00 0.000000000000000000e+00 0.000000000000000000e+00
1.005429318318922178e-03 9.270058314900463114e-02 8.445606273878946899e-03 4.383671827870500720e-02 2.010858636637844409e-04 0.000000000000000000e+00 7.842348682887592681e-03 1.574502312487432165e-01 0.000000000000000000e+00 2.211944500301628660e-03 4.021717273275688710e-03 0.000000000000000000e+00 3.155996393146979270e-03 2.691437193511882486e-01 0.000000000000000000e+00 1.116163704009921417e-02 7.014262333411269137e-04 2.956452257291250496e-02 4.113195129976965868e-03 1.862149230570283101e-02 0.000000000000000000e+00 0.000000000000000000e+00 4.729996058336617855e-03 1.223241590214067288e-02 0.000000000000000000e+00 0.000000000000000000e+00 0.000000000000000000e+00 0.000000000000000000e+00 0.000000000000000000e+00 7.592773437500000000e-02 2.788844621513944435e-03 9.139784946236559349e-03 3.008317112015572534e-03 6.337599024984765309e-03 0.000000000000000000e+00 1.565762004175365405e-03 0.000000000000000000e+00 2.087682672233820251e-03 0.000000000000000000e+00 1.015228426395939137e-03 0.000000000000000000e+00 0.000000000000000000e+00 0.000000000000000000e+00 0.000000000000000000e+00 1.754693805930865162e-04 1.027514556456216380e-03 0.000000000000000000e+00 0.000000000000000000e+00 0.000000000000000000e+00 6.384531192995257509e-04 0.000000000000000000e+00 5.496485853306902307e-03 0.000000000000000000e+00 1.554605518849591899e-03 3.673769287288758010e-04 3.834355828220858877e-03 0.000000000000000000e+00 5.258009293225727673e-03 1.276324186343331187e-04 7.020007020007019679e-04 0.000000000000000000e+00 8.382815228780999411e-03 0.000000000000000000e+00 1.227722772277227772e-02 0.000000000000000000e+00 1.079946002699865015e-02 2.098635886673662018e-04 2.307071173145691743e-03 0.000000000000000000e+00 9.436929852154765739e-04 3.285151116951379830e-04 3.502129673450071062e-02 1.473718683477975985e-03 1.267980820458177935e-02 0.000000000000000000e+00 0.000000000000000000e+00 2.124495432334820404e-03 2.064896755162241859e-02 0.000000000000000000e+00 0.000000000000000000e+00 0.000000000000000000e+00 2.529182879377431942e-02 0.000000000000000000e+00 0.000000000000000000e+00 1.078167115902964925e-04 2.032204330927262631e-02 0.000000000000000000e+00 2.032520325203252248e-03 0.000000000000000000e+00 1.418309080862037268e-02 0.000000000000000000e+00 0.000000000000000000e+00 0.000000000000000000e+00 0.000000000000000000e+00 0.000000000000000000e+00 0.000000000000000000e+00 0.000000000000000000e+00 0.000000000000000000e+00 0.000000000000000000e+00 0.000000000000000000e+00 0.000000000000000000e+00 0.000000000000000000e+00 0.000000000000000000e+00 9.126169290440337527e-04 0.000000000000000000e+00 0.000000000000000000e+00 0.000000000000000000e+00 0.000000000000000000e+00 0.000000000000000000e+00 0.000000000000000000e+00 0.000000000000000000e+00 0.000000000000000000e+00 0.000000000000000000e+00 0.000000000000000000e+00 0.000000000000000000e+00 0.000000000000000000e+00
4.440937781785392335e-02 0.000000000000000000e+00 1.257889990982867523e-01 5.184851217312894112e-03 2.254283137962127988e-03 0.000000000000000000e+00 2.461677186654643856e-01 1.172227231740306623e-02 5.635707844905320230e-02 2.254283137962127934e-04 5.342651036970243184e-02 3.155996393146979270e-03 0.000000000000000000e+00 2.074688796680497927e-03 2.904717853839037800e-01 8.267879288962380830e-04 3.039513677811550140e-03 0.000000000000000000e+00 3.455083909180651624e-03 9.052114315272210242e-04 0.000000000000000000e+00 0.000000000000000000e+00 3.724871895940086441e-02 4.757050628610261581e-03 0.000000000000000000e+00 0.000000000000000000e+00 2.559181062060140663e-03 0.000000000000000000e+00 9.068425391591096452e-02 9.765625000000000000e-04 2.788844621513944435e-03 5.645161290322580315e-03 3.539196602371261582e-04 1.950030469226081550e-03 0.000000000000000000e+00 0.000000000000000000e+00 8.912655971479500373e-04 0.000000000000000000e+00 0.000000000000000000e+00 0.000000000000000000e+00 8.771929824561403022e-03 0.000000000000000000e+00 0.000000000000000000e+00 0.000000000000000000e+00 0.000000000000000000e+00 0.000000000000000000e+00 0.000000000000000000e+00 0.000000000000000000e+00 3.175107159866645567e-04 9.120758847136081575e-05 1.908852302553089948e-03 0.000000000000000000e+00 0.000000000000000000e+00 0.000000000000000000e+00 3.673769287288758010e-04 0.000000000000000000e+00 3.821169277799006583e-03 0.000000000000000000e+00 7.657945118059987120e-04 0.000000000000000000e+00 1.876484560570071403e-02 0.000000000000000000e+00 1.188791395414661757e-02 0.000000000000000000e+00 1.635514018691588620e-02 0.000000000000000000e+00 4.197271773347324036e-04 0.000000000000000000e+00 2.162629757785467194e-04 0.000000000000000000e+00 5.091984231274638423e-02 2.366303833412210060e-04 3.782544620926805296e-02 2.024507192328183370e-03 5.076142131979695035e-03 0.000000000000000000e+00 1.784576163161249313e-02 1.638806948541461769e-03 0.000000000000000000e+00 0.000000000000000000e+00 1.034126163391933806e-02 0.000000000000000000e+00 0.000000000000000000e+00 0.000000000000000000e+00 1.164420485175202136e-02 1.110494169905608012e-04 1.926782273603082829e-03 0.000000000000000000e+00 4.708097928436911182e-03 0.000000000000000000e+00 1.318391562294001212e-03 4.965243296921549023e-04 0.000000000000000000e+00 0.000000000000000000e+00 0.000000000000000000e+00 0.000000000000000000e+00 0.000000000000000000e+00 0.000000000000000000e+00 0.000000000000000000e+00 7.462686567164178962e-03 0.000000000000000000e+00 0.000000000000000000e+00 3.129890453834115551e-04 0.000000000000000000e+00 0.000000000000000000e+00 1.062134891131173578e-03 0.000000000000000000e+00 1.223990208078335265e-03 0.000000000000000000e+00 0.000000000000000000e+00 0.000000000000000000e+00 0.000000000000000000e+00 0.000000000000000000e+00 0.000000000000000000e+00 0.000000000000000000e+00 0.000000000000000000e+00
