0.000000000000000000e+00 9.774640238935650149e-03 6.454846146136113128e-02 2.008800459154390546e-03 3.247711839385887100e-03 0.000000000000000000e+00 1.221365258432139944e-01 6.403774856757667513e-03 0.000000000000000000e+00 0.000000000000000000e+00 1.462401329455754184e-01 6.373486297004461211e-04 1.913407821229050343e-02 2.151694459386767181e-04 3.984063745019920466e-04 0.000000000000000000e+00 6.505538771399799192e-02 1.377199693955623609e-03 7.522182492385114105e-02 1.194293929005860871e-02 0.000000000000000000e+00 0.000000000000000000e+00 1.677596461796553202e-03 1.928640308582449435e-04 0.000000000000000000e+00 0.000000000000000000e+00 0.000000000000000000e+00 0.000000000000000000e+00 5.027247956403269741e-02 7.542615779152209892e-04 5.069708491761723383e-04 5.501558774986246327e-04 3.302286198137172057e-02 1.517893043827905040e-02 2.997002997002997000e-03 6.006006006006005737e-04 9.961685823754788671e-02 1.711156741957563232e-03 0.000000000000000000e+00 0.000000000000000000e+00 2.777777777777777884e-03 0.000000000000000000e+00 0.000000000000000000e+00 0.000000000000000000e+00 1.126601887058160728e-03 0.000000000000000000e+00 0.000000000000000000e+00 0.000000000000000000e+00 1.947565543071161018e-03 0.000000000000000000e+00 1.274046574417819766e-02 1.698946653075093577e-04 8.693132425383946716e-04 0.000000000000000000e+00 1.803833145434047313e-03 0.000000000000000000e+00 1.803933165754842416e-01 2.909876953774525980e-03 4.535609631800229663e-02 1.129943502824858797e-03 5.665969316596931871e-02 5.567928730512249199e-04 2.388818297331639015e-02 6.136475208640156977e-04 3.369524522650692300e-02 0.000000000000000000e+00 1.317556226921785811e-02 1.364256480218281045e-03 6.363835856923415191e-02 4.389815627743634888e-03 4.542923950562298419e-02 3.161222339304530860e-04 2.295006342982355146e-02 5.471457231442640543e-04 8.726003490401396329e-04 0.000000000000000000e+00 5.693333333333333579e-02 2.876663070837828014e-03 2.597402597402597400e-03 0.000000000000000000e+00 1.811594202898550747e-03 0.000000000000000000e+00 0.000000000000000000e+00 0.000000000000000000e+00 1.238551207327227323e-02 0.000000000000000000e+00 2.087682672233820251e-03 0.000000000000000000e+00 5.338458253256459125e-03 0.000000000000000000e+00 3.997715591090805418e-03 2.002670226969292550e-03 8.467400508044030166e-04 0.000000000000000000e+00 2.772643253234750513e-02 0.000000000000000000e+00 8.340283569641367481e-04 0.000000000000000000e+00 2.354788069073783172e-03 2.688172043010752903e-03 0.000000000000000000e+00 0.000000000000000000e+00 2.277904328018223127e-03 9.796718099436688750e-04 2.321532211259431239e-03 0.000000000000000000e+00 9.532888465204956800e-04 0.000000000000000000e+00 0.000000000000000000e+00 0.000000000000000000e+00 0.000000000000000000e+00 0.000000000000000000e+00 0.000000000000000000e+00 0.000000000000000000e+00 0.000000000000000000e+00 0.000000000000000000e+00
9.774640238935650149e-03 0.000000000000000000e+00 3.006915906585145692e-03 5.261144059690070485e-02 0.000000000000000000e+00 2.379819133745835239e-04 1.151145389662714324e-03 1.432423323222109801e-01 0.000000000000000000e+00 2.333722287047841105e-03 4.154549231408392125e-04 8.731676226896112336e-02 1.396648044692737312e-04 1.968800430338892016e-02 0.000000000000000000e+00 5.167958656330748921e-04 2.819738167170191337e-03 3.902065799540933161e-02 2.291087273208846503e-02 6.070994139113126270e-02 0.000000000000000000e+00 0.000000000000000000e+00 1.525087692542321290e-04 7.714561234329797741e-04 0.000000000000000000e+00 0.000000000000000000e+00 0.000000000000000000e+00 0.000000000000000000e+00 1.771117166212533975e-03 4.178609141650324599e-02 1.013941698352344677e-03 5.501558774986246327e-04 1.778154106689246519e-02 2.714113389626055320e-02 1.332001332001332000e-03 3.003003003003002977e-03 8.210180623973727153e-04 8.247775496235455750e-02 0.000000000000000000e+00 1.603849238171611846e-03 0.000000000000000000e+00 2.500000000000000139e-02 0.000000000000000000e+00 1.311475409836065681e-04 0.000000000000000000e+00 1.718667371760973029e-03 0.000000000000000000e+00 1.518833535844471311e-04 0.000000000000000000e+00 6.850005036768409654e-03 0.000000000000000000e+00 1.367652055725450226e-02 0.000000000000000000e+00 6.607201850016517506e-04 0.000000000000000000e+00 3.442652654466388674e-03 4.583764601508206679e-03 2.704522780179581254e-01 2.548095298764173670e-04 4.079096045197740106e-02 5.230125523012551852e-04 2.477728285077951051e-02 1.524777636594663215e-03 3.350515463917525666e-02 1.871958068139273801e-04 1.084773001205303379e-02 1.678415575696542462e-03 8.681632146843606609e-03 1.206934386657888998e-02 1.194029850746268634e-01 4.453847010355194060e-04 2.613277133825079104e-02 1.268596470995271520e-03 3.164326098850994001e-02 0.000000000000000000e+00 2.098635886673662181e-03 2.133333333333333436e-03 7.419393503535898216e-02 0.000000000000000000e+00 0.000000000000000000e+00 4.025764895330112710e-04 4.780400358530026601e-03 0.000000000000000000e+00 0.000000000000000000e+00 0.000000000000000000e+00 6.311423676855107585e-03 0.000000000000000000e+00 1.353179972936400643e-03 0.000000000000000000e+00 5.061559507523939738e-03 1.142204454597372945e-03 4.672897196261681894e-03 0.000000000000000000e+00 6.485084306095978976e-04 3.696857670979667235e-03 5.737704918032787010e-02 8.340283569641367481e-04 3.690036900369003583e-03 1.569858712715855665e-03 1.075268817204301161e-02 0.000000000000000000e+00 0.000000000000000000e+00 8.542141230068337268e-04 8.817046289493020092e-03 0.000000000000000000e+00 3.141361256544502722e-03 0.000000000000000000e+00 2.063983488132094778e-03 0.000000000000000000e+00 0.000000000000000000e+00 0.000000000000000000e+00 0.000000000000000000e+00 5.780346820809248269e-03 0.000000000000000000e+00 0.000000000000000000e+00 9.174311926605505096e-03
6.454846146136113128e-02 3.006915906585145692e-03 0.000000000000000000e+00 4.495886741916969853e-03 9.152642456451136332e-02 4.759638267491670478e-04 2.898584091170715027e-01 1.584091675092686238e-02 2.525556223692122793e-02 4.667444574095682211e-03 3.469048608226007330e-02 3.505417463352453883e-03 5.977653631284916141e-02 3.550295857988165511e-03 1.195219123505976075e-02 2.756244616709732902e-03 1.389728096676737246e-02 1.683244070390206657e-03 1.062110978678320744e-01 4.202145305761362422e-03 0.000000000000000000e+00 8.190008190008190529e-04 2.130547506481622611e-01 7.521697203471552906e-03 6.176016469377251794e-02 4.353650368385800738e-03 4.876649454962708394e-03 2.145002145002145022e-04 2.847411444141689438e-02 2.413637049328707079e-03 3.852978453738910292e-02 2.328993214744177684e-02 1.185436071126164288e-02 9.147567350221149501e-03 9.990009990009990001e-04 6.006006006006005737e-04 1.943076081007115430e-02 6.844626967830253145e-04 0.000000000000000000e+00 0.000000000000000000e+00 0.000000000000000000e+00 0.000000000000000000e+00 4.205804009533155676e-04 0.000000000000000000e+00 7.041261794113504819e-04 1.322051824431517714e-04 0.000000000000000000e+00 0.000000000000000000e+00 2.397003745318352155e-03 1.007353681877707214e-04 4.809314883563955804e-03 8.494733265375467883e-05 1.738626485076789343e-03 0.000000000000000000e+00 4.509582863585118282e-04 0.000000000000000000e+00 5.618808221203607824e-03 6.651147322913202086e-04 9.173143075551025427e-03 3.389830508474576498e-04 2.440725244072524270e-03 0.000000000000000000e+00 1.524777636594663215e-03 0.000000000000000000e+00 7.113440658929239685e-03 0.000000000000000000e+00 1.544142329640819065e-02 3.720699491504403096e-04 2.128593372833004205e-02 0.000000000000000000e+00 4.620866273243513789e-02 5.268703898840884766e-04 7.046476761619190066e-02 1.641437169432792163e-03 0.000000000000000000e+00 0.000000000000000000e+00 7.040000000000000424e-02 1.797914419273642563e-03 5.194805194805194801e-03 0.000000000000000000e+00 2.415458937198067518e-03 5.975500448162533252e-04 0.000000000000000000e+00 0.000000000000000000e+00 5.932556203164030158e-03 9.016319538364440066e-05 0.000000000000000000e+00 0.000000000000000000e+00 2.775998291693359144e-03 0.000000000000000000e+00 1.713306681896059310e-03 1.335113484646194889e-03 4.233700254022015083e-04 6.485084306095978976e-04 1.848428835489833791e-02 8.196721311475410263e-03 0.000000000000000000e+00 3.690036900369003583e-03 1.569858712715855665e-03 5.376344086021505805e-03 0.000000000000000000e+00 0.000000000000000000e+00 8.542141230068337268e-04 1.714425667401420477e-03 5.803830528148578097e-04 0.000000000000000000e+00 0.000000000000000000e+00 0.000000000000000000e+00 0.000000000000000000e+00 0.000000000000000000e+00 0.000000000000000000e+00 0.000000000000000000e+00 0.000000000000000000e+00 0.000000000000000000e+00 0.000000000000000000e+00 3.058103975535168221e-03
2.008800459154390546e-03 5.261144059690070485e-02 4.495886741916969853e-03 0.000000000000000000e+00 2.066725715972837166e-03 3.331746787244169172e-02 8.748704961436629471e-03 2.387372205370183187e-01 1.202645820805772758e-03 1.633605600933488861e-02 4.570004154549231826e-03 4.381771829190567180e-02 6.284916201117318746e-03 5.454545454545454281e-02 0.000000000000000000e+00 3.307493540051679309e-02 1.611278952668680764e-03 2.035195103289976978e-02 8.078400211892464849e-03 1.420988609974565831e-01 5.797101449275362172e-04 0.000000000000000000e+00 1.509836815616897969e-02 2.316297010607521745e-01 6.176016469377251794e-03 3.851306095110515471e-02 8.605851979345955543e-04 5.577005577005577329e-03 3.950953678474114668e-03 4.118268215417106998e-02 3.193916349809886035e-02 5.409866128736475627e-02 8.326277166243296890e-03 3.035786087655810081e-02 3.330003330003330000e-04 1.801801801801801830e-03 8.210180623973727153e-04 3.353867214236824074e-02 0.000000000000000000e+00 2.405773857257417769e-03 0.000000000000000000e+00 0.000000000000000000e+00 0.000000000000000000e+00 0.000000000000000000e+00 0.000000000000000000e+00 9.254362771020624000e-04 0.000000000000000000e+00 1.518833535844471311e-04 0.000000000000000000e+00 3.827943991135287442e-03 0.000000000000000000e+00 2.378525314305130790e-03 0.000000000000000000e+00 4.955401387512388400e-04 0.000000000000000000e+00 5.435767349157455972e-04 8.871802454532012753e-04 1.338543398736282038e-02 2.548095298764173670e-04 1.118644067796610228e-02 0.000000000000000000e+00 1.391982182628062354e-03 0.000000000000000000e+00 3.681885125184094186e-03 5.615874204417820861e-04 4.017677782241864046e-04 5.035246727089627387e-04 8.681632146843606609e-03 2.194426157559798188e-04 1.082821188176763191e-02 1.447500278365438124e-03 3.593256059009483638e-02 1.614577326721254721e-03 5.936531096115265499e-02 0.000000000000000000e+00 4.721930745015740123e-03 3.333333333333333547e-03 7.838906868033081177e-02 0.000000000000000000e+00 0.000000000000000000e+00 2.012882447665056355e-04 1.195100089632506650e-03 0.000000000000000000e+00 0.000000000000000000e+00 2.081598667776852682e-04 1.172121539987377222e-03 0.000000000000000000e+00 0.000000000000000000e+00 0.000000000000000000e+00 5.471956224350205122e-04 8.566533409480296549e-04 1.335113484646194889e-03 0.000000000000000000e+00 6.485084306095978976e-04 5.545286506469500852e-03 2.868852459016393505e-02 2.502085070892410244e-03 0.000000000000000000e+00 3.924646781789638619e-03 0.000000000000000000e+00 0.000000000000000000e+00 0.000000000000000000e+00 1.423690205011389617e-03 3.183933382316923681e-03 1.160766105629715619e-03 1.047120418848167646e-03 0.000000000000000000e+00 0.000000000000000000e+00 0.000000000000000000e+00 0.000000000000000000e+00 0.000000000000000000e+00 1.190476190476190410e-02 0.000000000000000000e+00 0.000000000000000000e+00 0.000000000000000000e+00 0.000000000000000000e+00
3.247711839385887100e-03 0.000000000000000000e+00 9.152642456451136332e-02 2.066725715972837166e-03 0.000000000000000000e+00 2.617801047120419007e-03 1.427420283181765788e-02 2.246938546230760683e-04 4.257366205652435287e-01 8.751458576429404362e-03 1.454092230992937163e-03 0.000000000000000000e+00 3.016759776536312790e-02 0.000000000000000000e+00 1.641434262948207046e-01 3.445305770887166128e-04 4.028197381671701910e-04 0.000000000000000000e+00 1.191895113230035698e-03 0.000000000000000000e+00 1.159420289855072478e-02 0.000000000000000000e+00 8.387982308982766880e-03 2.314368370298939322e-03 6.793618116314976974e-02 9.711989283322170277e-03 1.718301778542742353e-01 6.435006435006434796e-04 6.130790190735695144e-03 0.000000000000000000e+00 6.844106463878327218e-03 2.017238217494956697e-03 5.644933672029353805e-04 4.020908725371933972e-04 0.000000000000000000e+00 0.000000000000000000e+00 0.000000000000000000e+00 0.000000000000000000e+00 0.000000000000000000e+00 0.000000000000000000e+00 0.000000000000000000e+00 0.000000000000000000e+00 0.000000000000000000e+00 0.000000000000000000e+00 0.000000000000000000e+00 0.000000000000000000e+00 8.269588587967748299e-04 0.000000000000000000e+00 0.000000000000000000e+00 0.000000000000000000e+00 2.531218359770503112e-04 0.000000000000000000e+00 0.000000000000000000e+00 0.000000000000000000e+00 0.000000000000000000e+00 0.000000000000000000e+00 0.000000000000000000e+00 0.000000000000000000e+00 1.274047649382086835e-04 0.000000000000000000e+00 1.220362622036262135e-03 0.000000000000000000e+00 5.082592121982210717e-04 0.000000000000000000e+00 1.123174840883564172e-03 0.000000000000000000e+00 8.392077878482712312e-05 0.000000000000000000e+00 4.388852315119596377e-04 0.000000000000000000e+00 2.505288943324796708e-02 3.161222339304530860e-04 3.436743166878099276e-02 0.000000000000000000e+00 1.745200698080279266e-03 0.000000000000000000e+00 4.666666666666667053e-03 1.198609612849095096e-04 0.000000000000000000e+00 0.000000000000000000e+00 2.012882447665056355e-04 0.000000000000000000e+00 0.000000000000000000e+00 0.000000000000000000e+00 9.367194004995837205e-04 0.000000000000000000e+00 1.043841336116910126e-03 0.000000000000000000e+00 8.541533205210335078e-04 0.000000000000000000e+00 0.000000000000000000e+00 0.000000000000000000e+00 4.233700254022015083e-04 0.000000000000000000e+00 1.848428835489833617e-03 0.000000000000000000e+00 0.000000000000000000e+00 0.000000000000000000e+00 0.000000000000000000e+00 1.344086021505376451e-03 0.000000000000000000e+00 0.000000000000000000e+00 2.847380410022778909e-04 0.000000000000000000e+00 5.803830528148578097e-04 0.000000000000000000e+00 0.000000000000000000e+00 0.000000000000000000e+00 0.000000000000000000e+00 0.000000000000000000e+00 0.000000000000000000e+00 0.000000000000000000e+00 0.000000000000000000e+00 0.000000000000000000e+00 0.000000000000000000e+00 0.000000000000000000e+00
0.000000000000000000e+00 2.379819133745835239e-04 4.759638267491670478e-04 3.331746787244169172e-02 2.617801047120419007e-03 0.000000000000000000e+00 1.151145389662714433e-04 8.088978766430738460e-03 6.013229104028863792e-04 2.730455075845974466e-01 0.000000000000000000e+00 1.593371574251115303e-04 0.000000000000000000e+00 2.904787520172135654e-03 0.000000000000000000e+00 1.600344530577088586e-01 0.000000000000000000e+00 1.530221882172914970e-04 0.000000000000000000e+00 0.000000000000000000e+00 8.115942028985507692e-03 1.392301392301392368e-02 1.677596461796553202e-03 3.471552555448408767e-02 1.389603705609881654e-02 1.848626925653047426e-01 2.581755593803786771e-03 2.518232518232518258e-01 0.000000000000000000e+00 6.788354201236988794e-03 9.885931558935360380e-03 5.868329359985329126e-03 0.000000000000000000e+00 5.026135906714917058e-04 3.330003330003330000e-04 0.000000000000000000e+00 0.000000000000000000e+00 0.000000000000000000e+00 0.000000000000000000e+00 0.000000000000000000e+00 0.000000000000000000e+00 0.000000000000000000e+00 0.000000000000000000e+00 0.000000000000000000e+00 0.000000000000000000e+00 0.000000000000000000e+00 0.000000000000000000e+00 1.518833535844471311e-04 0.000000000000000000e+00 0.000000000000000000e+00 0.000000000000000000e+00 8.494733265375467883e-05 0.000000000000000000e+00 0.000000000000000000e+00 0.000000000000000000e+00 1.811922449719151991e-04 0.000000000000000000e+00 0.000000000000000000e+00 0.000000000000000000e+00 1.129943502824858742e-04 0.000000000000000000e+00 5.567928730512249199e-04 0.000000000000000000e+00 1.227295041728031395e-04 0.000000000000000000e+00 0.000000000000000000e+00 0.000000000000000000e+00 0.000000000000000000e+00 0.000000000000000000e+00 0.000000000000000000e+00 3.340385257766395545e-04 2.012644889357217970e-02 0.000000000000000000e+00 1.860295458690497741e-02 0.000000000000000000e+00 1.573976915005246635e-03 0.000000000000000000e+00 3.236245954692556787e-03 0.000000000000000000e+00 0.000000000000000000e+00 0.000000000000000000e+00 2.987750224081266626e-04 0.000000000000000000e+00 0.000000000000000000e+00 0.000000000000000000e+00 3.606527815345776026e-04 0.000000000000000000e+00 0.000000000000000000e+00 0.000000000000000000e+00 0.000000000000000000e+00 0.000000000000000000e+00 0.000000000000000000e+00 0.000000000000000000e+00 0.000000000000000000e+00 1.848428835489833617e-03 0.000000000000000000e+00 0.000000000000000000e+00 0.000000000000000000e+00 0.000000000000000000e+00 0.000000000000000000e+00 0.000000000000000000e+00 0.000000000000000000e+00 0.000000000000000000e+00 0.000000000000000000e+00 0.000000000000000000e+00 0.000000000000000000e+00 0.000000000000000000e+00 1.031991744066047389e-03 0.000000000000000000e+00 0.000000000000000000e+00 0.000000000000000000e+00 0.000000000000000000e+00 0.000000000000000000e+00 0.000000000000000000e+00 0.000000000000000000e+00 0.000000000000000000e+00
1.221365258432139944e-01 1.151145389662714324e-03 2.898584091170715027e-01 8.748704961436629471e-03 1.427420283181765788e-02 1.151145389662714433e-04 0.000000000000000000e+00 1.539152904168071025e-02 6.013229104028863792e-03 0.000000000000000000e+00 8.350643955130868101e-02 3.346080305927342461e-03 1.787709497206703968e-01 4.518558364712210729e-03 3.187250996015936373e-03 1.033591731266149784e-03 7.049345417925478342e-03 7.651109410864575123e-04 1.589193484306714380e-02 2.543403737697666912e-03 0.000000000000000000e+00 0.000000000000000000e+00 2.165624523410096189e-02 8.293153326904532247e-03 2.573340195573854770e-03 2.344273275284661836e-03 8.605851979345955543e-04 0.000000000000000000e+00 1.416893732970027180e-02 2.564489364911751515e-03 8.871989860583016571e-03 1.448743810746378098e-02 3.951453570420547338e-03 8.242862887012465320e-03 0.000000000000000000e+00 0.000000000000000000e+00 2.463054187192118254e-03 1.026694045174538026e-03 0.000000000000000000e+00 0.000000000000000000e+00 0.000000000000000000e+00 0.000000000000000000e+00 0.000000000000000000e+00 0.000000000000000000e+00 2.816504717645401819e-04 1.322051824431517714e-04 0.000000000000000000e+00 0.000000000000000000e+00 2.996254681647940194e-04 0.000000000000000000e+00 8.859264259196759916e-03 0.000000000000000000e+00 2.607939727615183906e-03 0.000000000000000000e+00 1.352874859075535539e-03 0.000000000000000000e+00 1.419488392725122040e-02 0.000000000000000000e+00 4.331762007899095726e-03 0.000000000000000000e+00 1.011157601115760148e-02 0.000000000000000000e+00 1.778907242693773859e-03 0.000000000000000000e+00 2.377386746536877538e-02 0.000000000000000000e+00 3.105068815038603772e-03 1.240233163834800851e-04 1.974983541803818424e-03 2.926543751829089853e-04 9.497828749582451491e-02 6.322444678609061720e-04 3.471341252450697856e-02 1.823819077147546992e-03 8.726003490401396329e-04 0.000000000000000000e+00 3.426666666666666750e-02 2.157497303128370902e-03 0.000000000000000000e+00 0.000000000000000000e+00 4.428341384863123710e-03 0.000000000000000000e+00 0.000000000000000000e+00 0.000000000000000000e+00 1.769358867610324598e-02 0.000000000000000000e+00 2.087682672233820251e-03 0.000000000000000000e+00 1.900491138159299612e-02 0.000000000000000000e+00 2.855511136493432364e-04 6.675567423230974445e-04 0.000000000000000000e+00 0.000000000000000000e+00 5.545286506469500852e-03 8.196721311475410263e-03 0.000000000000000000e+00 0.000000000000000000e+00 0.000000000000000000e+00 4.032258064516128920e-03 0.000000000000000000e+00 0.000000000000000000e+00 1.138952164009111563e-03 2.449179524859172188e-04 5.803830528148578097e-04 0.000000000000000000e+00 0.000000000000000000e+00 0.000000000000000000e+00 0.000000000000000000e+00 0.000000000000000000e+00 0.000000000000000000e+00 0.000000000000000000e+00 0.000000000000000000e+00 0.000000000000000000e+00 0.000000000000000000e+00 3.058103975535168221e-03
6.403774856757667513e-03 1.432423323222109801e-01 1.584091675092686238e-02 2.387372205370183187e-01 2.246938546230760683e-04 8.088978766430738460e-03 1.539152904168071025e-02 0.000000000000000000e+00 6.013229104028863792e-04 5.309218203033839317e-02 5.816368923971748650e-03 5.114722753346079981e-02 5.027932960893854650e-03 1.912856374394835968e-01 0.000000000000000000e+00 9.819121447028423058e-03 3.423967774420946623e-03 7.957153787299157954e-03 1.430274135876042838e-02 2.078956098639831926e-02 0.000000000000000000e+00 0.000000000000000000e+00 1.921610492603324782e-02 2.352941176470588203e-02 1.029336078229542038e-03 3.348961821835231070e-03 2.868617326448651486e-04 2.145002145002145022e-04 3.405994550408719332e-03 1.086136672197918207e-02 2.129277566539923908e-02 1.650467632495873985e-02 1.044312729325430449e-02 8.644953759549657904e-03 9.990009990009990001e-04 1.801801801801801830e-03 1.094690749863163693e-03 4.791238877481176876e-03 0.000000000000000000e+00 8.019246190858059231e-04 0.000000000000000000e+00 0.000000000000000000e+00 0.000000000000000000e+00 2.622950819672131362e-04 1.408252358822700910e-04 9.254362771020624000e-04 0.000000000000000000e+00 1.518833535844471311e-04 0.000000000000000000e+00 3.928679359323058312e-03 8.437394532568342803e-05 1.342167855929323785e-02 0.000000000000000000e+00 1.982160555004955360e-03 0.000000000000000000e+00 3.261460409494473800e-03 8.871802454532012753e-04 1.022613900897904882e-02 0.000000000000000000e+00 5.875706214689265135e-03 0.000000000000000000e+00 8.351893095768374992e-03 2.541296060991105358e-04 2.331860579283259651e-03 0.000000000000000000e+00 1.098165260479442955e-02 3.356831151393084925e-04 2.976559593203522477e-03 0.000000000000000000e+00 1.170617500731635941e-03 1.670192628883197935e-03 4.720758693361432751e-02 3.344481605351170509e-03 2.088272843333941267e-02 0.000000000000000000e+00 1.573976915005246635e-03 6.533333333333333701e-03 2.277358264413280667e-02 0.000000000000000000e+00 0.000000000000000000e+00 0.000000000000000000e+00 3.884075291305646993e-03 0.000000000000000000e+00 0.000000000000000000e+00 1.040799333888426341e-04 7.934361193760706282e-03 0.000000000000000000e+00 0.000000000000000000e+00 0.000000000000000000e+00 4.377564979480164098e-03 8.566533409480296549e-04 6.675567423230974445e-04 0.000000000000000000e+00 0.000000000000000000e+00 1.848428835489833617e-03 4.098360655737705131e-03 0.000000000000000000e+00 0.000000000000000000e+00 7.849293563579278323e-04 2.688172043010752903e-03 0.000000000000000000e+00 0.000000000000000000e+00 5.694760820045557817e-04 9.796718099436688750e-04 0.000000000000000000e+00 5.235602094240838231e-04 0.000000000000000000e+00 0.000000000000000000e+00 0.000000000000000000e+00 0.000000000000000000e+00 0.000000000000000000e+00 0.000000000000000000e+00 0.000000000000000000e+00 0.000000000000000000e+00 0.000000000000000000e+00 0.000000000000000000e+00
0.000000000000000000e+00 0.000000000000000000e+00 2.525556223692122793e-02 1.202645820805772758e-03 4.257366205652435287e-01 6.013229104028863792e-04 6.013229104028863792e-03 6.013229104028863792e-04 0.000000000000000000e+00 1.750291715285881046e-03 0.000000000000000000e+00 0.000000000000000000e+00 1.564245810055866007e-02 1.075847229693383591e-04 2.183266932270916394e-01 0.000000000000000000e+00 2.014098690835850955e-04 0.000000000000000000e+00 0.000000000000000000e+00 1.105827712042463845e-04 0.000000000000000000e+00 0.000000000000000000e+00 2.135122769559249806e-03 7.714561234329797741e-04 4.632012352032938846e-03 3.348961821835230962e-04 5.737234652897303840e-03 2.145002145002145022e-04 1.771117166212533975e-03 0.000000000000000000e+00 2.534854245880861692e-04 1.283697047496790665e-03 0.000000000000000000e+00 1.005227181342983493e-04 0.000000000000000000e+00 0.000000000000000000e+00 0.000000000000000000e+00 0.000000000000000000e+00 0.000000000000000000e+00 0.000000000000000000e+00 0.000000000000000000e+00 0.000000000000000000e+00 0.000000000000000000e+00 0.000000000000000000e+00 0.000000000000000000e+00 0.000000000000000000e+00 8.269588587967748299e-04 0.000000000000000000e+00 0.000000000000000000e+00 0.000000000000000000e+00 0.000000000000000000e+00 0.000000000000000000e+00 0.000000000000000000e+00 0.000000000000000000e+00 2.254791431792559141e-04 0.000000000000000000e+00 0.000000000000000000e+00 0.000000000000000000e+00 0.000000000000000000e+00 0.000000000000000000e+00 1.743375174337517374e-04 0.000000000000000000e+00 0.000000000000000000e+00 0.000000000000000000e+00 1.871958068139273801e-04 0.000000000000000000e+00 0.000000000000000000e+00 0.000000000000000000e+00 0.000000000000000000e+00 0.000000000000000000e+00 3.451731433025275776e-03 0.000000000000000000e+00 1.130204128704878283e-02 0.000000000000000000e+00 1.745200698080279266e-03 0.000000000000000000e+00 2.399999999999999790e-03 1.198609612849095096e-04 0.000000000000000000e+00 0.000000000000000000e+00 2.012882447665056355e-04 0.000000000000000000e+00 0.000000000000000000e+00 0.000000000000000000e+00 2.081598667776852682e-04 0.000000000000000000e+00 1.043841336116910126e-03 0.000000000000000000e+00 2.135383301302583769e-04 0.000000000000000000e+00 0.000000000000000000e+00 0.000000000000000000e+00 0.000000000000000000e+00 0.000000000000000000e+00 0.000000000000000000e+00 0.000000000000000000e+00 0.000000000000000000e+00 0.000000000000000000e+00 0.000000000000000000e+00 0.000000000000000000e+00 0.000000000000000000e+00 0.000000000000000000e+00 0.000000000000000000e+00 0.000000000000000000e+00 0.000000000000000000e+00 0.000000000000000000e+00 0.000000000000000000e+00 0.000000000000000000e+00 0.000000000000000000e+00 0.000000000000000000e+00 0.000000000000000000e+00 0.000000000000000000e+00 0.000000000000000000e+00 0.000000000000000000e+00 0.000000000000000000e+00 0.000000000000000000e+00
0.000000000000000000e+00 2.333722287047841105e-03 4.667444574095682211e-03 1.633605600933488861e-02 8.751458576429404362e-03 2.730455075845974466e-01 0.000000000000000000e+00 5.309218203033839317e-02 1.750291715285881046e-03 0.000000000000000000e+00 0.000000000000000000e+00 1.752708731676226941e-03 0.000000000000000000e+00 2.097902097902097987e-02 0.000000000000000000e+00 6.029285099052540675e-02 0.000000000000000000e+00 3.060443764345829941e-04 1.324327903588928704e-04 2.211655424084927690e-04 5.797101449275362172e-04 0.000000000000000000e+00 3.202684154338874493e-03 7.714561234329797741e-04 1.235203293875450359e-02 1.574012056262558482e-02 2.294893861158921189e-03 9.009009009009008931e-03 0.000000000000000000e+00 1.025795745964700606e-02 8.618504435994930185e-03 3.300935264991747796e-03 0.000000000000000000e+00 2.010454362685966986e-04 0.000000000000000000e+00 0.000000000000000000e+00 0.000000000000000000e+00 0.000000000000000000e+00 0.000000000000000000e+00 0.000000000000000000e+00 0.000000000000000000e+00 0.000000000000000000e+00 0.000000000000000000e+00 0.000000000000000000e+00 0.000000000000000000e+00 0.000000000000000000e+00 0.000000000000000000e+00 0.000000000000000000e+00 0.000000000000000000e+00 1.007353681877707214e-04 0.000000000000000000e+00 8.494733265375467883e-05 0.000000000000000000e+00 0.000000000000000000e+00 0.000000000000000000e+00 0.000000000000000000e+00 0.000000000000000000e+00 4.156967076820751710e-04 0.000000000000000000e+00 0.000000000000000000e+00 0.000000000000000000e+00 0.000000000000000000e+00 0.000000000000000000e+00 6.136475208640156977e-04 0.000000000000000000e+00 2.678451854827909725e-04 0.000000000000000000e+00 0.000000000000000000e+00 0.000000000000000000e+00 2.926543751829089853e-04 1.113461752588798515e-04 6.322444678609062153e-03 0.000000000000000000e+00 1.167244209374430040e-02 0.000000000000000000e+00 2.623294858342077509e-03 1.333333333333333397e-04 3.595828838547285126e-03 0.000000000000000000e+00 0.000000000000000000e+00 0.000000000000000000e+00 1.792650134448760084e-03 0.000000000000000000e+00 1.533742331288343594e-03 0.000000000000000000e+00 9.016319538364439253e-04 0.000000000000000000e+00 0.000000000000000000e+00 0.000000000000000000e+00 1.094391244870041024e-03 0.000000000000000000e+00 0.000000000000000000e+00 0.000000000000000000e+00 0.000000000000000000e+00 0.000000000000000000e+00 0.000000000000000000e+00 0.000000000000000000e+00 0.000000000000000000e+00 0.000000000000000000e+00 0.000000000000000000e+00 0.000000000000000000e+00 0.000000000000000000e+00 0.000000000000000000e+00 2.449179524859172188e-04 0.000000000000000000e+00 0.000000000000000000e+00 0.000000000000000000e+00 0.000000000000000000e+00 0.000000000000000000e+00 0.000000000000000000e+00 0.000000000000000000e+00 0.000000000000000000e+00 5.780346820809248269e-03 0.000000000000000000e+00 0.000000000000000000e+00 0.000000000000000000e+00
1.462401329455754184e-01 4.154549231408392125e-04 3.469048608226007330e-02 4.570004154549231826e-03 1.454092230992937163e-03 0.000000000000000000e+00 8.350643955130868101e-02 5.816368923971748650e-03 0.000000000000000000e+00 0.000000000000000000e+00 0.000000000000000000e+00 1.434034416826003881e-03 2.019553072625698276e-01 1.183431952662721909e-03 1.195219123505976032e-03 0.000000000000000000e+00 4.128902316213494544e-02 1.530221882172914970e-04 1.470003972983710723e-02 7.740793984297246509e-04 0.000000000000000000e+00 0.000000000000000000e+00 7.777947231965838364e-03 7.714561234329797741e-04 0.000000000000000000e+00 0.000000000000000000e+00 0.000000000000000000e+00 0.000000000000000000e+00 6.975476839237057525e-02 9.051138934982652087e-04 4.309252217997465093e-03 2.934164679992664563e-03 1.128986734405870761e-03 2.312022517088862129e-03 3.330003330003330000e-04 0.000000000000000000e+00 1.642036124794745431e-03 0.000000000000000000e+00 0.000000000000000000e+00 0.000000000000000000e+00 0.000000000000000000e+00 0.000000000000000000e+00 0.000000000000000000e+00 0.000000000000000000e+00 0.000000000000000000e+00 0.000000000000000000e+00 0.000000000000000000e+00 0.000000000000000000e+00 0.000000000000000000e+00 0.000000000000000000e+00 2.109348633142085674e-03 0.000000000000000000e+00 2.897710808461315753e-04 0.000000000000000000e+00 0.000000000000000000e+00 0.000000000000000000e+00 9.758982699985213269e-03 8.313934153641502607e-05 2.038476239011338936e-03 3.389830508474576498e-04 2.719665271966527353e-02 0.000000000000000000e+00 1.296060991105463765e-02 0.000000000000000000e+00 1.609883938599775480e-02 0.000000000000000000e+00 1.090970124202752601e-03 0.000000000000000000e+00 1.316655694535878805e-03 0.000000000000000000e+00 2.427346620643580991e-02 1.053740779768177089e-04 1.752969669011647871e-02 3.647638154295093876e-04 0.000000000000000000e+00 0.000000000000000000e+00 1.839999999999999969e-02 9.588876902792760771e-04 0.000000000000000000e+00 0.000000000000000000e+00 3.019323671497584505e-03 0.000000000000000000e+00 0.000000000000000000e+00 0.000000000000000000e+00 5.932556203164030158e-03 0.000000000000000000e+00 0.000000000000000000e+00 0.000000000000000000e+00 2.989536621823617440e-03 0.000000000000000000e+00 8.566533409480296549e-04 6.675567423230974445e-04 0.000000000000000000e+00 0.000000000000000000e+00 1.848428835489833617e-03 8.196721311475410263e-03 8.340283569641367481e-04 0.000000000000000000e+00 0.000000000000000000e+00 0.000000000000000000e+00 0.000000000000000000e+00 0.000000000000000000e+00 8.542141230068337268e-04 0.000000000000000000e+00 1.160766105629715619e-03 0.000000000000000000e+00 0.000000000000000000e+00 0.000000000000000000e+00 0.000000000000000000e+00 0.000000000000000000e+00 0.000000000000000000e+00 0.000000000000000000e+00 0.000000000000000000e+00 0.000000000000000000e+00 1.540832049306625632e-03 0.000000000000000000e+00
6.373486297004461211e-04 8.731676226896112336e-02 3.505417463352453883e-03 4.381771829190567180e-02 0.000000000000000000e+00 1.593371574251115303e-04 3.346080305927342461e-03 5.114722753346079981e-02 0.000000000000000000e+00 1.752708731676226941e-03 1.434034416826003881e-03 0.000000000000000000e+00 9.776536312849162542e-04 2.337816030123722466e-01 0.000000000000000000e+00 3.910422049956933932e-02 4.028197381671701910e-04 9.732211170619739504e-02 1.854059065024500023e-03 1.304876700210107210e-02 0.000000000000000000e+00 0.000000000000000000e+00 3.355192923593106405e-03 1.041465766634522630e-02 0.000000000000000000e+00 3.348961821835230962e-04 0.000000000000000000e+00 0.000000000000000000e+00 9.536784741144414042e-04 6.320712022929551865e-02 4.816223067173637865e-03 8.252338162479369923e-03 2.257973468811741522e-03 5.930840369923602758e-03 0.000000000000000000e+00 0.000000000000000000e+00 0.000000000000000000e+00 3.422313483915126464e-03 0.000000000000000000e+00 8.019246190858059231e-04 0.000000000000000000e+00 0.000000000000000000e+00 0.000000000000000000e+00 1.311475409836065681e-04 0.000000000000000000e+00 2.644103648863035429e-04 0.000000000000000000e+00 0.000000000000000000e+00 0.000000000000000000e+00 1.208824418253248711e-03 0.000000000000000000e+00 2.718314644920149722e-03 0.000000000000000000e+00 4.955401387512388400e-04 0.000000000000000000e+00 3.080268164522558492e-03 0.000000000000000000e+00 1.030927835051546372e-02 1.274047649382086835e-04 2.033898305084745790e-03 0.000000000000000000e+00 8.351893095768374992e-03 2.541296060991105358e-04 1.669121256750122698e-02 0.000000000000000000e+00 6.830052229811168878e-03 8.392077878482712312e-05 4.960932655339203405e-04 2.194426157559798188e-04 2.341235001463271882e-03 3.340385257766395545e-04 1.728134878819810247e-02 3.459808557259831468e-04 1.121648732445741301e-02 0.000000000000000000e+00 2.098635886673662181e-03 1.333333333333333289e-03 2.852690878580846356e-02 0.000000000000000000e+00 2.739726027397260295e-03 0.000000000000000000e+00 1.015835076187630685e-02 0.000000000000000000e+00 0.000000000000000000e+00 0.000000000000000000e+00 1.334415291677937092e-02 0.000000000000000000e+00 0.000000000000000000e+00 0.000000000000000000e+00 7.523939808481532043e-03 2.855511136493432364e-04 0.000000000000000000e+00 0.000000000000000000e+00 0.000000000000000000e+00 0.000000000000000000e+00 1.229508196721311453e-02 0.000000000000000000e+00 0.000000000000000000e+00 0.000000000000000000e+00 0.000000000000000000e+00 0.000000000000000000e+00 0.000000000000000000e+00 0.000000000000000000e+00 4.898359049718344375e-04 5.803830528148578097e-04 1.047120418848167646e-03 0.000000000000000000e+00 0.000000000000000000e+00 0.000000000000000000e+00 0.000000000000000000e+00 0.000000000000000000e+00 0.000000000000000000e+00 0.000000000000000000e+00 0.000000000000000000e+00 0.000000000000000000e+00 0.000000000000000000e+00
1.913407821229050343e-02 1.396648044692737312e-04 5.977653631284916141e-02 6.284916201117318746e-03 3.016759776536312790e-02 0.000000000000000000e+00 1.787709497206703968e-01 5.027932960893854650e-03 1.564245810055866007e-02 0.000000000000000000e+00 2.019553072625698276e-01 9.776536312849162542e-04 0.000000000000000000e+00 2.259279182356105364e-03 3.254980079681275007e-01 5.167958656330748921e-04 7.049345417925478342e-03 3.060443764345829941e-04 6.356773937226857345e-03 3.317483136127391129e-04 0.000000000000000000e+00 0.000000000000000000e+00 2.973921000457526234e-02 4.050144648023143272e-03 1.029336078229542038e-03 3.348961821835230962e-04 1.434308663224325960e-03 0.000000000000000000e+00 1.208446866485013566e-01 9.051138934982652087e-04 8.618504435994930185e-03 8.802494039977994122e-03 5.644933672029353805e-04 2.110977080820265403e-03 6.660006660006660001e-04 0.000000000000000000e+00 1.915708812260536300e-03 0.000000000000000000e+00 0.000000000000000000e+00 0.000000000000000000e+00 0.000000000000000000e+00 0.000000000000000000e+00 0.000000000000000000e+00 0.000000000000000000e+00 0.000000000000000000e+00 0.000000000000000000e+00 0.000000000000000000e+00 0.000000000000000000e+00 0.000000000000000000e+00 0.000000000000000000e+00 1.940600742490718872e-03 0.000000000000000000e+00 0.000000000000000000e+00 0.000000000000000000e+00 4.509582863585118282e-04 0.000000000000000000e+00 3.844447730297205490e-03 0.000000000000000000e+00 7.644285896292521551e-04 0.000000000000000000e+00 1.063458856345885634e-02 2.783964365256124600e-04 2.033036848792884287e-03 1.227295041728031395e-04 1.067016098839385953e-02 0.000000000000000000e+00 4.196038939241356156e-04 1.240233163834800851e-04 1.316655694535878805e-03 0.000000000000000000e+00 3.329250640240507403e-02 3.161222339304530860e-04 5.097451274362818641e-02 6.383366770016414690e-04 8.726003490401396329e-04 0.000000000000000000e+00 2.866666666666666669e-02 1.678053457988732972e-03 0.000000000000000000e+00 0.000000000000000000e+00 3.623188405797101493e-03 0.000000000000000000e+00 0.000000000000000000e+00 0.000000000000000000e+00 6.661115736885928583e-03 0.000000000000000000e+00 0.000000000000000000e+00 0.000000000000000000e+00 3.843689942344651056e-03 0.000000000000000000e+00 1.142204454597372945e-03 6.675567423230974445e-04 4.233700254022015083e-04 0.000000000000000000e+00 0.000000000000000000e+00 0.000000000000000000e+00 0.000000000000000000e+00 3.690036900369003583e-03 0.000000000000000000e+00 1.344086021505376451e-03 0.000000000000000000e+00 0.000000000000000000e+00 5.694760820045557817e-04 2.449179524859172188e-04 5.803830528148578097e-04 0.000000000000000000e+00 0.000000000000000000e+00 0.000000000000000000e+00 0.000000000000000000e+00 0.000000000000000000e+00 0.000000000000000000e+00 0.000000000000000000e+00 0.000000000000000000e+00 0.000000000000000000e+00 0.000000000000000000e+00 0.000000000000000000e+00
