0.000000000000000000e+00 2.402745995423340858e-02 8.213804094642637721e-02 8.189529102076631081e-03 9.392611145898559872e-04 0.000000000000000000e+00 1.400966183574879342e-01 4.884601294419342772e-03 5.577244841048521924e-03 8.481764206955046560e-04 2.198972099853157003e-01 4.935834155972358998e-04 5.208138883703565536e-02 0.000000000000000000e+00 3.851540616246498794e-03 0.000000000000000000e+00 6.725360723893372694e-02 1.158748551564310527e-03 1.377824019024970204e-01 3.317865429234338748e-02 0.000000000000000000e+00 0.000000000000000000e+00 1.769215647729506513e-03 0.000000000000000000e+00 0.000000000000000000e+00 0.000000000000000000e+00 0.000000000000000000e+00 0.000000000000000000e+00 4.810846271594139412e-02 0.000000000000000000e+00 6.823609689525759634e-04 2.861230329041488047e-04 3.278407140405080467e-02 1.587987468942421779e-02 5.599104143337066105e-04 0.000000000000000000e+00 1.096446700507614225e-01 3.946329913180741901e-04 0.000000000000000000e+00 0.000000000000000000e+00 5.509641873278237068e-02 0.000000000000000000e+00 0.000000000000000000e+00 0.000000000000000000e+00 2.333722287047841105e-03 0.000000000000000000e+00 0.000000000000000000e+00 0.000000000000000000e+00 6.197362148418878412e-03 1.216693028348947512e-04 2.781947363154207986e-02 1.073076510355188378e-04 2.943340691685062543e-03 0.000000000000000000e+00 3.172924378635642514e-03 0.000000000000000000e+00 2.288663809894818935e-01 1.662049861495844792e-03 7.735760238506197983e-02 8.039877793857533490e-04 6.588273195876288846e-02 0.000000000000000000e+00 6.823997725334091449e-03 0.000000000000000000e+00 3.213568399910734369e-02 1.929384526336098754e-04 2.160559203558568009e-02 3.766478342749529141e-04 8.283347614967152828e-02 1.127694859038142622e-02 4.084388185654008740e-02 5.221932114882506379e-04 4.071013161922253099e-02 1.169932728868090062e-03 6.510416666666666305e-04 0.000000000000000000e+00 5.403123680878007401e-02 2.113758647194465858e-03 1.808318264014466487e-03 0.000000000000000000e+00 2.417705039985122012e-03 0.000000000000000000e+00 0.000000000000000000e+00 0.000000000000000000e+00 2.466051059206952889e-02 0.000000000000000000e+00 0.000000000000000000e+00 0.000000000000000000e+00 1.438503955885878614e-02 0.000000000000000000e+00 2.079482439926062711e-03 5.499541704857928252e-03 0.000000000000000000e+00 1.686340640809443417e-03 1.769911504424778736e-02 0.000000000000000000e+00 1.707941929974380853e-03 2.531645569620253212e-03 1.803426510369702347e-03 4.273504273504273934e-03 7.674597083653108111e-04 0.000000000000000000e+00 1.993355481727574537e-03 1.240438288195162353e-03 2.512562814070351796e-03 8.595988538681948376e-04 2.159827213822894301e-03 1.964636542239685518e-03 0.000000000000000000e+00 0.000000000000000000e+00 1.416430594900849925e-03 0.000000000000000000e+00 0.000000000000000000e+00 0.000000000000000000e+00 0.000000000000000000e+00 0.000000000000000000e+00
2.402745995423340858e-02 0.000000000000000000e+00 2.329287728331494271e-03 8.379643170517694917e-02 0.000000000000000000e+00 5.753739930955120837e-04 1.436218827523175375e-03 1.545976309683722016e-01 0.000000000000000000e+00 2.544529262086514185e-03 3.671071953010278800e-04 6.564659427443238215e-02 0.000000000000000000e+00 3.186274509803921351e-02 0.000000000000000000e+00 2.200704225352112780e-03 2.201027146001467358e-03 4.843568945538818254e-02 2.170035671819262740e-02 6.334106728538282938e-02 0.000000000000000000e+00 0.000000000000000000e+00 3.931590328287792673e-04 1.485442661913250135e-03 0.000000000000000000e+00 0.000000000000000000e+00 0.000000000000000000e+00 0.000000000000000000e+00 1.530723813689044421e-03 2.944136889783593308e-02 6.823609689525759634e-04 0.000000000000000000e+00 2.076896670099553574e-02 2.408987793021497362e-02 0.000000000000000000e+00 0.000000000000000000e+00 4.399323181049069088e-03 6.077348066298342288e-02 0.000000000000000000e+00 0.000000000000000000e+00 0.000000000000000000e+00 7.530120481927711495e-02 0.000000000000000000e+00 3.752814610958218845e-04 0.000000000000000000e+00 2.891740466293150208e-03 0.000000000000000000e+00 0.000000000000000000e+00 0.000000000000000000e+00 7.421827472928579743e-03 2.001400980686480558e-04 9.657688593196694232e-03 0.000000000000000000e+00 9.503444998812069508e-04 2.644103648863035429e-04 8.793141349747197327e-04 7.791195948578106796e-04 2.652354570637119324e-01 3.138239447669857480e-04 4.341534008683067825e-02 0.000000000000000000e+00 3.735282176207876254e-02 0.000000000000000000e+00 8.508224617129892323e-03 2.231644722160232080e-04 1.620683002122322997e-02 7.413683541622537307e-04 6.905210295040803588e-03 1.628106255355612694e-02 5.008291873963515578e-02 3.375527426160337399e-04 2.532637075718015621e-02 1.377410468319559267e-03 4.080140391927464250e-02 6.510416666666666305e-04 2.068345323741007172e-02 2.321654706627269103e-03 4.515757109915449763e-02 0.000000000000000000e+00 5.524861878453038444e-03 0.000000000000000000e+00 3.457814661134163067e-03 0.000000000000000000e+00 8.904719501335707716e-04 4.345464421510048924e-04 1.194367613779230564e-02 0.000000000000000000e+00 0.000000000000000000e+00 2.397506593143131060e-04 2.738654147104851392e-03 1.617375231053604524e-03 1.833180568285976229e-03 0.000000000000000000e+00 3.372681281618886834e-03 4.424778761061946841e-03 7.246376811594202987e-03 2.561912894961571388e-03 0.000000000000000000e+00 9.017132551848511734e-04 2.136752136752136967e-03 7.674597083653108111e-04 1.848428835489833617e-03 9.966777408637872687e-04 3.307835435187099320e-03 3.589375448671931214e-04 9.169054441260744356e-03 0.000000000000000000e+00 3.929273084479371035e-03 0.000000000000000000e+00 0.000000000000000000e+00 1.416430594900849925e-03 0.000000000000000000e+00 0.000000000000000000e+00 0.000000000000000000e+00 0.000000000000000000e+00 1.587301587301587213e-02
8.213804094642637721e-02 2.329287728331494271e-03 0.000000000000000000e+00 1.754899093302135201e-03 1.784596117720726460e-01 0.000000000000000000e+00 2.183052617835226639e-01 5.250946391500793849e-03 2.453987730061349751e-02 5.089058524173028369e-03 7.488986784140969077e-02 4.935834155972358998e-04 3.472092589135710589e-02 2.005347593582887909e-03 3.151260504201680579e-02 1.320422535211267581e-03 1.760821716801173886e-02 0.000000000000000000e+00 1.192033293697978558e-01 2.204176334106728360e-03 3.267973856209150426e-03 0.000000000000000000e+00 3.402791429133084078e-01 2.079619726678550232e-03 7.440811724915445680e-02 3.394762366634335692e-03 4.261645193260654024e-02 0.000000000000000000e+00 2.580363000218674832e-02 1.006542526421741295e-03 4.674172637325144791e-02 4.864091559370529137e-03 1.150017164435290090e-02 7.021713298044723189e-03 1.679731243001119723e-03 0.000000000000000000e+00 2.605752961082910199e-02 0.000000000000000000e+00 8.902077151335311897e-03 0.000000000000000000e+00 3.030303030303030387e-02 0.000000000000000000e+00 0.000000000000000000e+00 0.000000000000000000e+00 7.779074290159471074e-04 0.000000000000000000e+00 2.794857462269424329e-04 0.000000000000000000e+00 1.430160495788971925e-03 0.000000000000000000e+00 1.400980686480536282e-03 0.000000000000000000e+00 0.000000000000000000e+00 0.000000000000000000e+00 0.000000000000000000e+00 0.000000000000000000e+00 3.506038176860148004e-03 5.540166204986150030e-04 4.393535226737800038e-03 0.000000000000000000e+00 2.416237113402061945e-03 0.000000000000000000e+00 0.000000000000000000e+00 0.000000000000000000e+00 2.901138138808301813e-03 3.858769052672197507e-04 9.214149544588011442e-03 1.255492780916509714e-04 6.855184233076264295e-03 0.000000000000000000e+00 5.164556962025316361e-02 1.174934725848564071e-03 4.071013161922253099e-02 8.774495466510676004e-04 1.757812500000000000e-02 0.000000000000000000e+00 8.864499788940481684e-02 1.537279016141429675e-03 1.808318264014466487e-03 0.000000000000000000e+00 7.439092430723451927e-04 0.000000000000000000e+00 0.000000000000000000e+00 0.000000000000000000e+00 2.498642042368278294e-03 0.000000000000000000e+00 0.000000000000000000e+00 0.000000000000000000e+00 9.590026372572524240e-04 0.000000000000000000e+00 9.242144177449168087e-04 1.833180568285976229e-03 0.000000000000000000e+00 0.000000000000000000e+00 4.424778761061946841e-03 0.000000000000000000e+00 5.123825789923142776e-03 0.000000000000000000e+00 2.705139765554553846e-03 0.000000000000000000e+00 0.000000000000000000e+00 1.848428835489833617e-03 1.495016611295681011e-03 1.240438288195162353e-03 3.589375448671931214e-04 8.595988538681948376e-04 0.000000000000000000e+00 0.000000000000000000e+00 0.000000000000000000e+00 0.000000000000000000e+00 0.000000000000000000e+00 0.000000000000000000e+00 0.000000000000000000e+00 0.000000000000000000e+00 0.000000000000000000e+00 5.291005291005290712e-03
8.189529102076631081e-03 8.379643170517694917e-02 1.754899093302135201e-03 0.000000000000000000e+00 3.130870381966186443e-04 3.912543153049482386e-02 5.353179266222744814e-03 1.440957381853706087e-01 1.673173452314556707e-03 1.950805767599660817e-02 1.101321585903083803e-03 7.008884501480749929e-02 2.426731379503453516e-03 3.030303030303030387e-02 7.002801120448179329e-04 2.640845070422535162e-02 2.445585717779408296e-04 3.035921205098493503e-02 5.053507728894173802e-03 9.651972157772621685e-02 1.633986928104575213e-03 0.000000000000000000e+00 4.717908393945350991e-03 3.083778966131907051e-01 1.127395715896279543e-03 3.103782735208535440e-02 9.910802775024776801e-04 7.176175098672408050e-04 4.373496610540127073e-04 3.170608958228485208e-02 1.023541453428863934e-02 4.005722460658082962e-02 3.776175763817370568e-03 2.354974613805768668e-02 5.599104143337066105e-04 7.961783439490446260e-04 1.692047377326565084e-03 1.460142067876874471e-02 0.000000000000000000e+00 0.000000000000000000e+00 0.000000000000000000e+00 2.409638554216867595e-02 0.000000000000000000e+00 0.000000000000000000e+00 0.000000000000000000e+00 7.229351165732875520e-04 0.000000000000000000e+00 0.000000000000000000e+00 1.589067217543302108e-04 3.163401873707263803e-03 1.000700490343240279e-04 1.180384161390707256e-03 0.000000000000000000e+00 0.000000000000000000e+00 0.000000000000000000e+00 0.000000000000000000e+00 0.000000000000000000e+00 2.354570637119113644e-02 1.569119723834928740e-04 1.929570670525808038e-02 3.221649484536082413e-04 0.000000000000000000e+00 0.000000000000000000e+00 5.672149744753261910e-04 0.000000000000000000e+00 1.543507621068879003e-03 3.177292946409659155e-04 5.398618957940992148e-03 2.856326763781776609e-04 1.393034825870646809e-02 1.687763713080168808e-03 3.707571801566579561e-02 7.652280379553107279e-04 5.542556303012576707e-02 0.000000000000000000e+00 3.597122302158273568e-03 1.266357112705782930e-03 9.262106072252113131e-02 0.000000000000000000e+00 0.000000000000000000e+00 0.000000000000000000e+00 3.803596127247579461e-03 0.000000000000000000e+00 0.000000000000000000e+00 1.086366105377512231e-04 1.131506160422429035e-03 0.000000000000000000e+00 0.000000000000000000e+00 0.000000000000000000e+00 5.868544600938967268e-04 1.155268022181146119e-03 0.000000000000000000e+00 3.359086328518642796e-04 0.000000000000000000e+00 8.849557522123893682e-03 0.000000000000000000e+00 8.539709649871904265e-04 0.000000000000000000e+00 1.803426510369702347e-03 4.273504273504273934e-03 7.674597083653108111e-04 0.000000000000000000e+00 8.305647840531561656e-04 8.269588587967748299e-04 1.076812634601579310e-03 1.719197707736389675e-03 0.000000000000000000e+00 0.000000000000000000e+00 0.000000000000000000e+00 0.000000000000000000e+00 0.000000000000000000e+00 0.000000000000000000e+00 0.000000000000000000e+00 1.930501930501930547e-03 0.000000000000000000e+00 0.000000000000000000e+00
9.392611145898559872e-04 0.000000000000000000e+00 1.784596117720726460e-01 3.130870381966186443e-04 0.000000000000000000e+00 5.753739930955120837e-04 4.178091134612873896e-03 1.221150323604835747e-04 3.301728945900724854e-01 1.696352841391009312e-03 0.000000000000000000e+00 0.000000000000000000e+00 0.000000000000000000e+00 0.000000000000000000e+00 1.740196078431372473e-01 0.000000000000000000e+00 0.000000000000000000e+00 0.000000000000000000e+00 7.431629013079667483e-04 0.000000000000000000e+00 2.287581699346405081e-02 0.000000000000000000e+00 2.732455278160015807e-02 8.912655971479500373e-04 3.055242390078917736e-01 4.849660523763336625e-04 2.433102081268582739e-01 0.000000000000000000e+00 7.872293898972228948e-03 0.000000000000000000e+00 3.070624360286591456e-03 1.144492131616595219e-03 0.000000000000000000e+00 0.000000000000000000e+00 0.000000000000000000e+00 0.000000000000000000e+00 3.384094754653130276e-04 0.000000000000000000e+00 0.000000000000000000e+00 0.000000000000000000e+00 0.000000000000000000e+00 0.000000000000000000e+00 1.819505094614265006e-04 0.000000000000000000e+00 0.000000000000000000e+00 0.000000000000000000e+00 2.794857462269424329e-04 0.000000000000000000e+00 0.000000000000000000e+00 0.000000000000000000e+00 0.000000000000000000e+00 0.000000000000000000e+00 0.000000000000000000e+00 0.000000000000000000e+00 0.000000000000000000e+00 0.000000000000000000e+00 3.895597974289053398e-04 0.000000000000000000e+00 0.000000000000000000e+00 0.000000000000000000e+00 0.000000000000000000e+00 0.000000000000000000e+00 0.000000000000000000e+00 0.000000000000000000e+00 6.694934166480696240e-04 0.000000000000000000e+00 3.177292946409659155e-04 0.000000000000000000e+00 2.856326763781776609e-04 0.000000000000000000e+00 2.227848101265822792e-02 1.305483028720626595e-04 5.065809611264156936e-02 0.000000000000000000e+00 7.812500000000000000e-03 0.000000000000000000e+00 2.743773744195863052e-03 0.000000000000000000e+00 0.000000000000000000e+00 0.000000000000000000e+00 1.859773107680862982e-04 0.000000000000000000e+00 0.000000000000000000e+00 0.000000000000000000e+00 2.172732210755024462e-04 0.000000000000000000e+00 0.000000000000000000e+00 0.000000000000000000e+00 2.397506593143131060e-04 0.000000000000000000e+00 0.000000000000000000e+00 0.000000000000000000e+00 0.000000000000000000e+00 0.000000000000000000e+00 0.000000000000000000e+00 0.000000000000000000e+00 0.000000000000000000e+00 0.000000000000000000e+00 0.000000000000000000e+00 2.136752136752136967e-03 0.000000000000000000e+00 0.000000000000000000e+00 0.000000000000000000e+00 4.134794293983874150e-04 0.000000000000000000e+00 0.000000000000000000e+00 0.000000000000000000e+00 0.000000000000000000e+00 0.000000000000000000e+00 0.000000000000000000e+00 0.000000000000000000e+00 0.000000000000000000e+00 0.000000000000000000e+00 0.000000000000000000e+00 0.000000000000000000e+00 0.000000000000000000e+00
0.000000000000000000e+00 5.753739930955120837e-04 0.000000000000000000e+00 3.912543153049482386e-02 5.753739930955120837e-04 0.000000000000000000e+00 0.000000000000000000e+00 3.174990841372573105e-03 1.673173452314556707e-03 5.682782018659881390e-02 0.000000000000000000e+00 0.000000000000000000e+00 0.000000000000000000e+00 2.228163992869875093e-04 3.501400560224089665e-04 1.029929577464788748e-01 0.000000000000000000e+00 0.000000000000000000e+00 2.972651605231866560e-04 1.160092807424593973e-04 1.470588235294117627e-02 2.169811320754716846e-02 3.931590328287792673e-04 2.703505644682115128e-02 3.382187147688838630e-03 1.750727449078564590e-01 2.973240832507433040e-03 1.087190527448869820e-01 0.000000000000000000e+00 8.303975842979365030e-03 6.482429205049470948e-03 1.402002861230329002e-02 0.000000000000000000e+00 3.240790752943718237e-04 0.000000000000000000e+00 0.000000000000000000e+00 0.000000000000000000e+00 1.183898973954222679e-03 0.000000000000000000e+00 0.000000000000000000e+00 0.000000000000000000e+00 0.000000000000000000e+00 0.000000000000000000e+00 1.250938203652739525e-04 0.000000000000000000e+00 0.000000000000000000e+00 0.000000000000000000e+00 1.610046691354049273e-04 0.000000000000000000e+00 0.000000000000000000e+00 0.000000000000000000e+00 1.073076510355188378e-04 0.000000000000000000e+00 0.000000000000000000e+00 0.000000000000000000e+00 2.198285337436799332e-04 0.000000000000000000e+00 1.385041551246537508e-04 0.000000000000000000e+00 0.000000000000000000e+00 0.000000000000000000e+00 0.000000000000000000e+00 0.000000000000000000e+00 2.836074872376630955e-04 0.000000000000000000e+00 0.000000000000000000e+00 0.000000000000000000e+00 0.000000000000000000e+00 0.000000000000000000e+00 0.000000000000000000e+00 1.518987341772151884e-03 3.289817232375979311e-02 0.000000000000000000e+00 1.696402456858730687e-02 0.000000000000000000e+00 3.597122302158273568e-03 0.000000000000000000e+00 3.843197540353573971e-03 0.000000000000000000e+00 0.000000000000000000e+00 0.000000000000000000e+00 0.000000000000000000e+00 0.000000000000000000e+00 0.000000000000000000e+00 0.000000000000000000e+00 6.286145335680160462e-04 0.000000000000000000e+00 0.000000000000000000e+00 0.000000000000000000e+00 9.780907668231612114e-04 2.310536044362292022e-04 0.000000000000000000e+00 0.000000000000000000e+00 0.000000000000000000e+00 0.000000000000000000e+00 0.000000000000000000e+00 0.000000000000000000e+00 0.000000000000000000e+00 0.000000000000000000e+00 0.000000000000000000e+00 0.000000000000000000e+00 0.000000000000000000e+00 0.000000000000000000e+00 0.000000000000000000e+00 0.000000000000000000e+00 2.865329512893982611e-04 0.000000000000000000e+00 0.000000000000000000e+00 0.000000000000000000e+00 0.000000000000000000e+00 0.000000000000000000e+00 0.000000000000000000e+00 0.000000000000000000e+00 0.000000000000000000e+00 0.000000000000000000e+00 0.000000000000000000e+00
1.400966183574879342e-01 1.436218827523175375e-03 2.183052617835226639e-01 5.353179266222744814e-03 4.178091134612873896e-03 0.000000000000000000e+00 0.000000000000000000e+00 1.208938820368787338e-02 9.537088678192973124e-02 5.089058524173028369e-03 1.060939794419970689e-01 2.221125370187561603e-03 3.795034534254246861e-01 6.461675579322638530e-03 1.155462184873949638e-02 3.080985915492957545e-03 6.358522866226461352e-03 6.952491309385863596e-04 1.813317479191438666e-02 4.060324825986078717e-03 0.000000000000000000e+00 0.000000000000000000e+00 1.788873599370945436e-02 9.209744503862150530e-03 0.000000000000000000e+00 9.699321047526673250e-04 1.486620416253716520e-03 0.000000000000000000e+00 8.090968729499234055e-03 3.019627579265223884e-03 3.889457523029682395e-02 7.153075822603719575e-03 6.007552351527634463e-03 6.373555147455979217e-03 1.119820828667413221e-03 0.000000000000000000e+00 4.399323181049069088e-03 0.000000000000000000e+00 0.000000000000000000e+00 0.000000000000000000e+00 2.754820936639118534e-03 0.000000000000000000e+00 0.000000000000000000e+00 0.000000000000000000e+00 7.779074290159471074e-04 0.000000000000000000e+00 0.000000000000000000e+00 0.000000000000000000e+00 2.224694104560622897e-03 0.000000000000000000e+00 1.010707495246672590e-02 0.000000000000000000e+00 0.000000000000000000e+00 0.000000000000000000e+00 1.850872554204124800e-03 0.000000000000000000e+00 3.116478379431242719e-03 0.000000000000000000e+00 9.257806370626078807e-03 3.215951117543013288e-04 1.610824742268041065e-02 0.000000000000000000e+00 1.137332954222348503e-03 0.000000000000000000e+00 1.071189466636911398e-02 1.929384526336098754e-04 2.224105062486761084e-03 1.255492780916509714e-04 1.999428734647243789e-03 0.000000000000000000e+00 9.991561181434599481e-02 5.352480417754569390e-03 3.137434955616773963e-02 2.924831822170225262e-03 1.171875000000000000e-02 0.000000000000000000e+00 2.532714225411565948e-02 2.882398155265180478e-03 0.000000000000000000e+00 0.000000000000000000e+00 1.487818486144690385e-03 0.000000000000000000e+00 0.000000000000000000e+00 0.000000000000000000e+00 1.118957088538837658e-02 0.000000000000000000e+00 0.000000000000000000e+00 0.000000000000000000e+00 6.952769120115080345e-03 0.000000000000000000e+00 0.000000000000000000e+00 9.165902841429881143e-04 0.000000000000000000e+00 0.000000000000000000e+00 4.424778761061946841e-03 0.000000000000000000e+00 8.539709649871904265e-04 0.000000000000000000e+00 0.000000000000000000e+00 2.136752136752136967e-03 0.000000000000000000e+00 0.000000000000000000e+00 1.661129568106312385e-04 2.067397146991937075e-04 0.000000000000000000e+00 0.000000000000000000e+00 0.000000000000000000e+00 0.000000000000000000e+00 0.000000000000000000e+00 0.000000000000000000e+00 1.416430594900849925e-03 0.000000000000000000e+00 0.000000000000000000e+00 0.000000000000000000e+00 0.000000000000000000e+00 0.000000000000000000e+00
4.884601294419342772e-03 1.545976309683722016e-01 5.250946391500793849e-03 1.440957381853706087e-01 1.221150323604835747e-04 3.174990841372573105e-03 1.208938820368787338e-02 0.000000000000000000e+00 3.346346904629113415e-03 1.323155216284987168e-01 3.303964757709251191e-03 1.883020730503455198e-01 9.706925518013814064e-03 2.954545454545454697e-01 1.400560224089635866e-03 2.948943661971830874e-02 2.690144289557348800e-03 1.807647740440324405e-02 7.877526753864447576e-03 2.447795823665893308e-02 0.000000000000000000e+00 0.000000000000000000e+00 9.828975820719480436e-03 1.723113487819370043e-02 1.127395715896279543e-03 2.424830261881668475e-03 4.955401387512388400e-04 0.000000000000000000e+00 2.186748305270063211e-03 1.811776547559134504e-02 2.354145342886386841e-02 1.459227467811158828e-02 2.917953999313422416e-03 2.052500810197688264e-02 5.599104143337066105e-04 0.000000000000000000e+00 2.368866328257191248e-03 3.946329913180742117e-03 0.000000000000000000e+00 0.000000000000000000e+00 0.000000000000000000e+00 3.012048192771084494e-03 0.000000000000000000e+00 3.752814610958218845e-04 1.944768572539867769e-04 3.253208024579793984e-03 0.000000000000000000e+00 3.220093382708098546e-04 0.000000000000000000e+00 9.733544226791580531e-03 0.000000000000000000e+00 1.652537825946990072e-02 7.358351729212656359e-04 1.425516749821810480e-03 0.000000000000000000e+00 4.396570674873598664e-04 1.947798987144526699e-04 7.340720221606648194e-03 4.707359171504785678e-04 2.170767004341533912e-02 0.000000000000000000e+00 2.395452699959399120e-02 0.000000000000000000e+00 2.268859897901304764e-03 0.000000000000000000e+00 1.639976847385684125e-02 2.118195297606439347e-04 6.905210295040803588e-03 5.712653527563553218e-04 9.950248756218904849e-04 1.350210970464134960e-03 1.330287206266318467e-01 1.683501683501683428e-03 3.451301550160865844e-02 0.000000000000000000e+00 5.395683453237410353e-03 5.487547488391726104e-03 3.900845503458878066e-02 0.000000000000000000e+00 0.000000000000000000e+00 0.000000000000000000e+00 2.766251728907330714e-03 0.000000000000000000e+00 0.000000000000000000e+00 1.086366105377512231e-04 5.154639175257731860e-03 0.000000000000000000e+00 0.000000000000000000e+00 2.397506593143131060e-04 1.760563380281690181e-03 2.310536044362292022e-04 0.000000000000000000e+00 0.000000000000000000e+00 0.000000000000000000e+00 0.000000000000000000e+00 0.000000000000000000e+00 1.707941929974380853e-03 0.000000000000000000e+00 0.000000000000000000e+00 2.136752136752136967e-03 0.000000000000000000e+00 0.000000000000000000e+00 6.644518272425249542e-04 2.067397146991937075e-04 3.589375448671931214e-04 8.595988538681948376e-04 0.000000000000000000e+00 0.000000000000000000e+00 0.000000000000000000e+00 0.000000000000000000e+00 0.000000000000000000e+00 0.000000000000000000e+00 0.000000000000000000e+00 0.000000000000000000e+00 0.000000000000000000e+00 0.000000000000000000e+00
5.577244841048521924e-03 0.000000000000000000e+00 2.453987730061349751e-02 1.673173452314556707e-03 3.301728945900724854e-01 1.673173452314556707e-03 9.537088678192973124e-02 3.346346904629113415e-03 0.000000000000000000e+00 1.696352841391009312e-03 2.569750367107195323e-03 0.000000000000000000e+00 1.474705992159790896e-02 0.000000000000000000e+00 2.058823529411764608e-01 8.802816901408450903e-04 9.782342871117633183e-04 0.000000000000000000e+00 2.972651605231866560e-04 0.000000000000000000e+00 0.000000000000000000e+00 0.000000000000000000e+00 1.769215647729506513e-03 8.912655971479500373e-04 9.019165727170236346e-03 4.849660523763336625e-04 1.040634291377601564e-02 0.000000000000000000e+00 5.904220424229170844e-03 0.000000000000000000e+00 2.388263391334015818e-03 1.716738197424892611e-03 0.000000000000000000e+00 0.000000000000000000e+00 0.000000000000000000e+00 0.000000000000000000e+00 1.015228426395939137e-03 0.000000000000000000e+00 0.000000000000000000e+00 0.000000000000000000e+00 2.754820936639118534e-03 0.000000000000000000e+00 0.000000000000000000e+00 0.000000000000000000e+00 0.000000000000000000e+00 0.000000000000000000e+00 0.000000000000000000e+00 0.000000000000000000e+00 0.000000000000000000e+00 0.000000000000000000e+00 0.000000000000000000e+00 0.000000000000000000e+00 0.000000000000000000e+00 0.000000000000000000e+00 0.000000000000000000e+00 0.000000000000000000e+00 3.895597974289053398e-04 0.000000000000000000e+00 0.000000000000000000e+00 0.000000000000000000e+00 1.610824742268041206e-04 0.000000000000000000e+00 2.843332385555871256e-04 0.000000000000000000e+00 0.000000000000000000e+00 0.000000000000000000e+00 0.000000000000000000e+00 1.255492780916509714e-04 0.000000000000000000e+00 0.000000000000000000e+00 2.700421940928269919e-03 2.610966057441253189e-04 1.851851851851851749e-02 0.000000000000000000e+00 9.114583333333333912e-03 0.000000000000000000e+00 5.276487969607428913e-03 0.000000000000000000e+00 0.000000000000000000e+00 0.000000000000000000e+00 3.719546215361725964e-04 0.000000000000000000e+00 0.000000000000000000e+00 0.000000000000000000e+00 2.172732210755024462e-04 0.000000000000000000e+00 0.000000000000000000e+00 0.000000000000000000e+00 2.397506593143131060e-04 0.000000000000000000e+00 4.621072088724584043e-04 0.000000000000000000e+00 0.000000000000000000e+00 0.000000000000000000e+00 4.424778761061946841e-03 0.000000000000000000e+00 1.707941929974380853e-03 2.531645569620253212e-03 0.000000000000000000e+00 0.000000000000000000e+00 0.000000000000000000e+00 0.000000000000000000e+00 0.000000000000000000e+00 0.000000000000000000e+00 0.000000000000000000e+00 0.000000000000000000e+00 0.000000000000000000e+00 0.000000000000000000e+00 0.000000000000000000e+00 0.000000000000000000e+00 0.000000000000000000e+00 0.000000000000000000e+00 0.000000000000000000e+00 0.000000000000000000e+00 0.000000000000000000e+00 0.000000000000000000e+00
8.481764206955046560e-04 2.544529262086514185e-03 5.089058524173028369e-03 1.950805767599660817e-02 1.696352841391009312e-03 5.682782018659881390e-02 5.089058524173028369e-03 1.323155216284987168e-01 1.696352841391009312e-03 0.000000000000000000e+00 0.000000000000000000e+00 1.233958538993089804e-03 0.000000000000000000e+00 1.336898395721925099e-02 0.000000000000000000e+00 2.086267605633802813e-01 0.000000000000000000e+00 2.317497103128621108e-04 0.000000000000000000e+00 3.480278422273781649e-04 2.450980392156862711e-03 0.000000000000000000e+00 2.752113229801454817e-03 1.782531194295900075e-03 3.382187147688838630e-03 3.394762366634335692e-03 1.982160555004955360e-03 1.148188015787585288e-02 0.000000000000000000e+00 3.271263210870659424e-03 8.870692596383487200e-03 1.430615164520743915e-03 0.000000000000000000e+00 2.160527168629145401e-04 0.000000000000000000e+00 0.000000000000000000e+00 0.000000000000000000e+00 0.000000000000000000e+00 0.000000000000000000e+00 0.000000000000000000e+00 0.000000000000000000e+00 0.000000000000000000e+00 0.000000000000000000e+00 0.000000000000000000e+00 0.000000000000000000e+00 0.000000000000000000e+00 0.000000000000000000e+00 0.000000000000000000e+00 0.000000000000000000e+00 0.000000000000000000e+00 0.000000000000000000e+00 0.000000000000000000e+00 0.000000000000000000e+00 0.000000000000000000e+00 0.000000000000000000e+00 0.000000000000000000e+00 0.000000000000000000e+00 1.385041551246537508e-04 0.000000000000000000e+00 0.000000000000000000e+00 0.000000000000000000e+00 0.000000000000000000e+00 0.000000000000000000e+00 0.000000000000000000e+00 0.000000000000000000e+00 1.929384526336098754e-04 0.000000000000000000e+00 0.000000000000000000e+00 0.000000000000000000e+00 0.000000000000000000e+00 2.194092827004219363e-03 3.655352480417754357e-03 0.000000000000000000e+00 1.988885639075753040e-02 0.000000000000000000e+00 9.892086330935251012e-03 2.110595187842971641e-04 9.415833973866256923e-03 0.000000000000000000e+00 0.000000000000000000e+00 0.000000000000000000e+00 3.457814661134163393e-04 0.000000000000000000e+00 0.000000000000000000e+00 0.000000000000000000e+00 1.005783253708825761e-03 0.000000000000000000e+00 0.000000000000000000e+00 0.000000000000000000e+00 5.868544600938967268e-04 0.000000000000000000e+00 0.000000000000000000e+00 0.000000000000000000e+00 0.000000000000000000e+00 4.424778761061946841e-03 0.000000000000000000e+00 0.000000000000000000e+00 0.000000000000000000e+00 0.000000000000000000e+00 0.000000000000000000e+00 0.000000000000000000e+00 1.848428835489833617e-03 1.661129568106312385e-04 0.000000000000000000e+00 0.000000000000000000e+00 0.000000000000000000e+00 0.000000000000000000e+00 0.000000000000000000e+00 0.000000000000000000e+00 0.000000000000000000e+00 0.000000000000000000e+00 0.000000000000000000e+00 0.000000000000000000e+00 0.000000000000000000e+00 0.000000000000000000e+00 0.000000000000000000e+00
2.198972099853157003e-01 3.671071953010278800e-04 7.488986784140969077e-02 1.101321585903083803e-03 0.000000000000000000e+00 0.000000000000000000e+00 1.060939794419970689e-01 3.303964757709251191e-03 2.569750367107195323e-03 0.000000000000000000e+00 0.000000000000000000e+00 4.935834155972358998e-04 1.211498973305954879e-01 8.912655971479500373e-04 6.652661064425770092e-03 0.000000000000000000e+00 5.184641721692345023e-02 0.000000000000000000e+00 2.586206896551724102e-02 1.160092807424593919e-03 0.000000000000000000e+00 0.000000000000000000e+00 1.887163357578140396e-02 5.941770647653000972e-04 0.000000000000000000e+00 0.000000000000000000e+00 0.000000000000000000e+00 0.000000000000000000e+00 4.001749398644215833e-02 2.516356316054353236e-04 1.330603889457523080e-02 2.861230329041488047e-04 4.119464469618949395e-03 8.642108674516581603e-04 1.679731243001119723e-03 0.000000000000000000e+00 3.384094754653130276e-04 0.000000000000000000e+00 0.000000000000000000e+00 0.000000000000000000e+00 0.000000000000000000e+00 0.000000000000000000e+00 0.000000000000000000e+00 0.000000000000000000e+00 3.889537145079735537e-04 0.000000000000000000e+00 0.000000000000000000e+00 0.000000000000000000e+00 0.000000000000000000e+00 0.000000000000000000e+00 9.006304413089161968e-04 0.000000000000000000e+00 0.000000000000000000e+00 0.000000000000000000e+00 2.644103648863035429e-04 0.000000000000000000e+00 1.558239189715621359e-03 0.000000000000000000e+00 6.276478895339714960e-04 0.000000000000000000e+00 1.449742268041237167e-03 0.000000000000000000e+00 0.000000000000000000e+00 0.000000000000000000e+00 2.901138138808301813e-03 0.000000000000000000e+00 1.482736708324507461e-03 2.510985561833019427e-04 5.712653527563553218e-04 0.000000000000000000e+00 1.012658227848101285e-02 1.044386422976501276e-03 4.591368227731864042e-04 0.000000000000000000e+00 0.000000000000000000e+00 0.000000000000000000e+00 3.588011819333051817e-03 5.764796310530360740e-04 0.000000000000000000e+00 0.000000000000000000e+00 3.719546215361725964e-04 0.000000000000000000e+00 0.000000000000000000e+00 0.000000000000000000e+00 1.955458989679522124e-03 0.000000000000000000e+00 0.000000000000000000e+00 0.000000000000000000e+00 2.157755933828818008e-03 0.000000000000000000e+00 0.000000000000000000e+00 0.000000000000000000e+00 0.000000000000000000e+00 0.000000000000000000e+00 0.000000000000000000e+00 0.000000000000000000e+00 0.000000000000000000e+00 0.000000000000000000e+00 0.000000000000000000e+00 0.000000000000000000e+00 0.000000000000000000e+00 0.000000000000000000e+00 0.000000000000000000e+00 0.000000000000000000e+00 0.000000000000000000e+00 0.000000000000000000e+00 0.000000000000000000e+00 0.000000000000000000e+00 0.000000000000000000e+00 0.000000000000000000e+00 0.000000000000000000e+00 0.000000000000000000e+00 0.000000000000000000e+00 0.000000000000000000e+00 0.000000000000000000e+00 0.000000000000000000e+00
4.935834155972358998e-04 6.564659427443238215e-02 4.935834155972358998e-04 7.008884501480749929e-02 0.000000000000000000e+00 0.000000000000000000e+00 2.221125370187561603e-03 1.883020730503455198e-01 0.000000000000000000e+00 1.233958538993089804e-03 4.935834155972358998e-04 0.000000000000000000e+00 5.600149337315661960e-04 2.228163992869875154e-01 0.000000000000000000e+00 1.584507042253521097e-02 0.000000000000000000e+00 5.886442641946697252e-02 0.000000000000000000e+00 1.577726218097447869e-02 0.000000000000000000e+00 0.000000000000000000e+00 7.863180656575585346e-04 1.099227569815805147e-02 0.000000000000000000e+00 4.849660523763336625e-04 0.000000000000000000e+00 0.000000000000000000e+00 2.186748305270063536e-04 1.155007549068948203e-01 4.094165813715455564e-03 5.436337625178826530e-03 3.432887058015791524e-04 1.155882035216592926e-02 0.000000000000000000e+00 2.388535031847133661e-03 0.000000000000000000e+00 0.000000000000000000e+00 0.000000000000000000e+00 0.000000000000000000e+00 2.754820936639118534e-03 0.000000000000000000e+00 0.000000000000000000e+00 0.000000000000000000e+00 0.000000000000000000e+00 1.807337791433218880e-04 0.000000000000000000e+00 0.000000000000000000e+00 0.000000000000000000e+00 1.338362331183842345e-03 0.000000000000000000e+00 2.575383624852451998e-03 0.000000000000000000e+00 0.000000000000000000e+00 0.000000000000000000e+00 0.000000000000000000e+00 0.000000000000000000e+00 4.432132963988920024e-03 0.000000000000000000e+00 2.733558449911561213e-03 0.000000000000000000e+00 8.932196508323183778e-03 0.000000000000000000e+00 1.701644923425978465e-03 0.000000000000000000e+00 3.087015242137758006e-03 0.000000000000000000e+00 2.134337727558066351e-03 0.000000000000000000e+00 3.316749585406301797e-04 0.000000000000000000e+00 4.595300261096605526e-02 3.060912151821242695e-04 5.995905235448961701e-03 0.000000000000000000e+00 8.992805755395683921e-04 1.055297593921485956e-03 4.227517294388931715e-03 0.000000000000000000e+00 0.000000000000000000e+00 0.000000000000000000e+00 4.840940525587828641e-03 0.000000000000000000e+00 0.000000000000000000e+00 0.000000000000000000e+00 6.034699522252954564e-03 0.000000000000000000e+00 0.000000000000000000e+00 0.000000000000000000e+00 1.956181533646322423e-03 0.000000000000000000e+00 0.000000000000000000e+00 0.000000000000000000e+00 0.000000000000000000e+00 0.000000000000000000e+00 0.000000000000000000e+00 0.000000000000000000e+00 0.000000000000000000e+00 0.000000000000000000e+00 0.000000000000000000e+00 0.000000000000000000e+00 0.000000000000000000e+00 1.661129568106312385e-04 0.000000000000000000e+00 0.000000000000000000e+00 0.000000000000000000e+00 0.000000000000000000e+00 0.000000000000000000e+00 0.000000000000000000e+00 0.000000000000000000e+00 0.000000000000000000e+00 0.000000000000000000e+00 0.000000000000000000e+00 0.000000000000000000e+00 0.000000000000000000e+00 5.291005291005290712e-03
5.208138883703565536e-02 0.000000000000000000e+00 3.472092589135710589e-02 2.426731379503453516e-03 0.000000000000000000e+00 0.000000000000000000e+00 3.795034534254246861e-01 9.706925518013814064e-03 1.474705992159790896e-02 0.000000000000000000e+00 1.211498973305954879e-01 5.600149337315661960e-04 0.000000000000000000e+00 2.896613190730837947e-03 2.633053221288515489e-01 8.802816901408450903e-04 2.690144289557348800e-03 0.000000000000000000e+00 6.837098692033293304e-03 1.160092807424593973e-04 0.000000000000000000e+00 0.000000000000000000e+00 2.830745036367210421e-02 5.050505050505050934e-03 1.127395715896279543e-03 0.000000000000000000e+00 0.000000000000000000e+00 0.000000000000000000e+00 7.566149136234419370e-02 1.006542526421741295e-03 2.251791197543500517e-02 2.575107296137339134e-03 1.201510470305526979e-03 4.321054337258290801e-04 5.599104143337066105e-04 0.000000000000000000e+00 3.722504230118443141e-03 0.000000000000000000e+00 2.967359050445103966e-03 0.000000000000000000e+00 2.754820936639118534e-03 0.000000000000000000e+00 0.000000000000000000e+00 0.000000000000000000e+00 0.000000000000000000e+00 0.000000000000000000e+00 0.000000000000000000e+00 0.000000000000000000e+00 0.000000000000000000e+00 0.000000000000000000e+00 2.201541078755128722e-03 0.000000000000000000e+00 0.000000000000000000e+00 0.000000000000000000e+00 0.000000000000000000e+00 0.000000000000000000e+00 1.558239189715621359e-03 0.000000000000000000e+00 2.667503530519378750e-03 0.000000000000000000e+00 6.121134020618556638e-03 0.000000000000000000e+00 2.274665908444697005e-03 0.000000000000000000e+00 8.480249944208881688e-03 0.000000000000000000e+00 3.177292946409659155e-04 1.255492780916509714e-04 8.568980291345330369e-04 0.000000000000000000e+00 2.683544303797468292e-02 1.436031331592689227e-03 2.112029384756657427e-02 1.754899093302135201e-03 1.171875000000000000e-02 0.000000000000000000e+00 1.477416631490080165e-02 1.729438893159108330e-03 0.000000000000000000e+00 0.000000000000000000e+00 2.417705039985122012e-03 0.000000000000000000e+00 0.000000000000000000e+00 0.000000000000000000e+00 5.214557305812058709e-03 0.000000000000000000e+00 0.000000000000000000e+00 0.000000000000000000e+00 1.918005274514504848e-03 0.000000000000000000e+00 0.000000000000000000e+00 0.000000000000000000e+00 0.000000000000000000e+00 0.000000000000000000e+00 0.000000000000000000e+00 0.000000000000000000e+00 0.000000000000000000e+00 0.000000000000000000e+00 0.000000000000000000e+00 0.000000000000000000e+00 0.000000000000000000e+00 0.000000000000000000e+00 0.000000000000000000e+00 2.067397146991937075e-04 0.000000000000000000e+00 2.865329512893982611e-04 0.000000000000000000e+00 0.000000000000000000e+00 0.000000000000000000e+00 0.000000000000000000e+00 0.000000000000000000e+00 0.000000000000000000e+00 0.000000000000000000e+00 0.000000000000000000e+00 0.000000000000000000e+00 0.000000000000000000e+00
