0.000000000000000000e+00 7.944952826842590840e-03 4.902048483764200743e-02 2.539987643303356826e-03 0.000000000000000000e+00 0.000000000000000000e+00 1.213878928496097825e-01 5.311480385461719552e-04 0.000000000000000000e+00 0.000000000000000000e+00 2.410026857654431476e-01 0.000000000000000000e+00 3.211330809143177895e-02 0.000000000000000000e+00 1.187245590230664874e-03 0.000000000000000000e+00 9.283135636926251322e-02 2.413377003964833640e-03 5.649780972705829157e-02 1.319489508976854839e-02 0.000000000000000000e+00 0.000000000000000000e+00 7.249003262051467722e-04 0.000000000000000000e+00 0.000000000000000000e+00 0.000000000000000000e+00 0.000000000000000000e+00 0.000000000000000000e+00 2.603917821309125608e-02 4.422821760283060857e-04 1.130795326045985760e-03 1.697216564833672707e-04 3.533166172783222970e-03 1.404748213258851484e-02 0.000000000000000000e+00 0.000000000000000000e+00 4.701859371660611214e-02 2.152852529601722415e-04 0.000000000000000000e+00 0.000000000000000000e+00 9.523809523809524669e-03 0.000000000000000000e+00 0.000000000000000000e+00 0.000000000000000000e+00 4.797083373309028167e-04 0.000000000000000000e+00 1.482799525504151943e-04 0.000000000000000000e+00 7.348438456827924552e-04 0.000000000000000000e+00 1.221119212861284352e-02 1.777619767131810580e-04 0.000000000000000000e+00 0.000000000000000000e+00 4.591368227731864042e-04 0.000000000000000000e+00 1.792303637322087417e-01 1.168650938572785057e-03 2.320570197248466790e-02 3.322259136212624771e-04 5.596076458752514970e-02 2.828854314002828734e-04 9.306803594351733405e-03 1.116445238361058438e-04 4.961636828644501451e-02 2.067397146991937075e-04 8.720651653090560201e-03 8.037293039704227144e-04 3.525824280541261374e-02 5.473453749315818247e-03 8.157632446523038761e-02 2.304545716425649619e-04 4.969257980291417326e-02 3.799392097264437675e-04 1.509433962264150955e-02 0.000000000000000000e+00 5.891939325560988094e-02 4.464285714285714146e-04 0.000000000000000000e+00 0.000000000000000000e+00 4.243605918109874704e-03 0.000000000000000000e+00 0.000000000000000000e+00 0.000000000000000000e+00 1.506722299490032523e-02 1.316309069369487846e-04 4.268032437046521748e-04 0.000000000000000000e+00 5.036877136175571187e-03 0.000000000000000000e+00 2.585463947141626063e-03 1.041449697979587603e-03 0.000000000000000000e+00 2.371916508538899477e-04 2.631578947368420907e-02 1.271860095389507235e-02 3.325942350332594232e-03 0.000000000000000000e+00 0.000000000000000000e+00 6.925207756232686996e-04 0.000000000000000000e+00 6.816632583503749428e-04 7.202016564638099184e-04 1.825817053131276375e-04 6.602336211274758421e-03 2.389486260454002297e-04 2.566295979469632258e-03 0.000000000000000000e+00 0.000000000000000000e+00 5.449591280653950758e-03 0.000000000000000000e+00 0.000000000000000000e+00 0.000000000000000000e+00 0.000000000000000000e+00 0.000000000000000000e+00 0.000000000000000000e+00
7.944952826842590840e-03 0.000000000000000000e+00 3.220323821450934813e-03 1.017368023615020239e-01 0.000000000000000000e+00 6.849315068493150738e-04 2.847500527314912426e-03 9.446847256999772735e-02 0.000000000000000000e+00 5.067956692006449736e-03 3.581020590868397584e-04 1.472494348153730315e-01 2.804655728509325213e-04 1.978217381640364619e-02 0.000000000000000000e+00 1.922583952832606930e-03 1.031459515214027886e-03 9.963799344940527103e-02 1.988093900932269911e-02 4.412719013627514758e-02 0.000000000000000000e+00 0.000000000000000000e+00 4.832668841367645509e-04 5.354274495805818506e-04 0.000000000000000000e+00 0.000000000000000000e+00 0.000000000000000000e+00 0.000000000000000000e+00 8.361204013377926273e-04 3.095975232198142427e-02 2.450056539766302336e-03 1.697216564833672707e-04 1.458855710052427666e-02 1.207590569292696890e-02 9.337068160597572801e-04 0.000000000000000000e+00 2.137208805300277775e-04 5.145317545748116089e-02 0.000000000000000000e+00 1.621835443037974653e-02 0.000000000000000000e+00 1.652892561983471034e-03 0.000000000000000000e+00 9.900009900009900624e-05 0.000000000000000000e+00 2.335630036202265684e-04 0.000000000000000000e+00 0.000000000000000000e+00 0.000000000000000000e+00 3.708425078224591304e-03 0.000000000000000000e+00 3.377477557550440102e-03 0.000000000000000000e+00 2.011263073209975738e-04 0.000000000000000000e+00 8.063587144338209885e-04 1.054296257248286831e-03 3.215981301584983076e-01 1.657550140891762109e-04 1.794019933554817300e-02 3.772635814889335791e-04 2.729844413012729940e-02 0.000000000000000000e+00 3.327006810315954327e-02 0.000000000000000000e+00 1.529873888774033533e-02 7.666506947771921723e-04 3.777527728660987159e-03 9.529254812273679764e-03 8.401751505199780978e-02 4.676838150732193222e-03 5.139136947629198426e-02 1.010696538364356080e-03 2.492401215805471054e-02 0.000000000000000000e+00 2.528445006321112729e-03 2.131126990096527448e-03 5.282738095238095205e-02 1.050420168067226845e-03 0.000000000000000000e+00 2.293841036816148731e-04 1.250455262838412115e-02 0.000000000000000000e+00 1.858736059479553816e-03 0.000000000000000000e+00 2.257470053968671855e-02 0.000000000000000000e+00 1.379944802207911780e-03 0.000000000000000000e+00 9.610520991401113114e-03 0.000000000000000000e+00 1.249739637575505123e-03 8.613264427217915591e-04 1.423149905123339632e-03 2.923976608187134341e-03 4.928457869634340210e-02 1.108647450110864744e-03 1.109877913429522774e-03 2.004008016032063962e-03 3.462603878116343389e-03 1.485884101040118796e-03 6.816632583503749428e-04 3.601008282319049592e-04 1.825817053131276375e-04 3.047232097511427297e-03 1.194743130227001121e-03 0.000000000000000000e+00 7.315288953913679903e-04 9.836065573770491621e-02 5.449591280653950758e-03 0.000000000000000000e+00 0.000000000000000000e+00 6.410256410256410034e-03 0.000000000000000000e+00 0.000000000000000000e+00 0.000000000000000000e+00
4.902048483764200743e-02 3.220323821450934813e-03 0.000000000000000000e+00 5.285920230658337424e-03 1.241782322863404023e-02 1.712328767123287685e-04 2.899177388736553507e-01 7.284315957204644081e-03 5.332891685988738056e-02 6.910850034554249935e-04 4.780662488809310495e-02 3.014318010550113072e-03 7.796942925255924417e-02 2.111580351189153333e-03 2.934192672998642976e-02 1.281722635221738008e-04 4.641567818463125487e-03 1.034304430270642896e-03 1.445580141525328599e-01 6.381137789314298217e-03 1.978239366963402499e-03 3.987240829346092529e-04 1.738552615682010527e-01 5.889701945386400031e-03 1.175905927525798013e-02 1.048492791612057632e-03 1.108033240997230006e-03 2.813731007315700759e-04 2.365026278069756391e-02 2.321981424148606733e-03 1.074255559743686472e-02 1.799049558723693140e-02 7.522224754957829856e-03 7.229113612092335703e-03 0.000000000000000000e+00 0.000000000000000000e+00 1.795255396452233310e-02 0.000000000000000000e+00 0.000000000000000000e+00 3.955696202531645508e-04 9.523809523809524669e-03 0.000000000000000000e+00 0.000000000000000000e+00 9.900009900009900624e-05 1.151300009594166673e-03 0.000000000000000000e+00 0.000000000000000000e+00 0.000000000000000000e+00 3.919167176974892516e-03 0.000000000000000000e+00 8.257928489853289325e-03 0.000000000000000000e+00 0.000000000000000000e+00 0.000000000000000000e+00 3.060912151821242695e-04 0.000000000000000000e+00 4.955192409066947606e-03 1.460813673215981322e-04 1.259738107077739040e-02 0.000000000000000000e+00 8.299798792756539825e-03 1.414427157001414367e-04 8.023106546854942740e-04 0.000000000000000000e+00 4.944586530264279481e-03 1.033698573495968537e-04 1.504551988500239627e-02 1.607458607940845646e-04 5.145797598627787663e-03 5.473453749315818464e-04 4.155485701142375143e-02 3.860114075012963282e-03 6.502147730144024196e-02 1.899696048632218892e-03 8.805031446540880283e-03 0.000000000000000000e+00 8.900589193932556542e-02 1.488095238095238013e-03 1.050420168067226845e-03 1.100110011001100051e-03 6.881523110448446463e-04 0.000000000000000000e+00 0.000000000000000000e+00 0.000000000000000000e+00 4.636068613815484685e-03 1.316309069369487846e-04 4.268032437046521748e-04 0.000000000000000000e+00 3.237992444684295763e-03 0.000000000000000000e+00 5.745475438092502484e-04 8.331597583836700821e-04 8.613264427217915591e-04 4.743833017077798953e-04 3.391812865497075696e-02 1.271860095389507235e-02 0.000000000000000000e+00 0.000000000000000000e+00 1.002004008016031981e-03 0.000000000000000000e+00 0.000000000000000000e+00 0.000000000000000000e+00 7.202016564638099184e-04 7.303268212525105500e-04 6.602336211274758421e-03 2.389486260454002297e-04 0.000000000000000000e+00 0.000000000000000000e+00 1.639344262295082053e-02 8.174386920980925703e-03 0.000000000000000000e+00 0.000000000000000000e+00 0.000000000000000000e+00 2.980625931445603574e-03 0.000000000000000000e+00 0.000000000000000000e+00
2.539987643303356826e-03 1.017368023615020239e-01 5.285920230658337424e-03 0.000000000000000000e+00 3.895787679571463286e-03 1.273972602739726068e-01 6.433241932081838928e-03 2.356779725320585772e-01 2.649884067572043801e-03 5.206173692697534799e-02 2.506714413607878146e-03 3.165033911077618639e-02 2.243724582807460170e-03 3.511891531451433873e-02 2.204884667571234674e-03 3.909254037426301148e-02 3.438198384046759620e-04 1.051542837441820331e-02 6.626979669774233327e-03 1.431970581873242554e-01 3.956478733926804998e-03 7.974481658692185058e-04 1.643107406064999235e-02 2.902016776726753511e-01 6.959443244540436564e-03 4.534731323722149265e-02 1.108033240997230006e-03 8.159819921215531388e-03 2.030578117534639470e-03 4.743476337903582141e-02 2.619675838673200113e-02 3.615071283095722815e-02 7.180305447914292136e-03 2.259098003778855016e-02 0.000000000000000000e+00 2.014098690835850955e-03 0.000000000000000000e+00 3.250807319698600928e-02 0.000000000000000000e+00 1.147151898734177257e-02 0.000000000000000000e+00 0.000000000000000000e+00 0.000000000000000000e+00 9.900009900009900624e-05 0.000000000000000000e+00 4.671260072404531368e-04 0.000000000000000000e+00 0.000000000000000000e+00 0.000000000000000000e+00 2.085989106501332825e-03 0.000000000000000000e+00 2.399786685627944283e-03 0.000000000000000000e+00 2.011263073209975738e-04 0.000000000000000000e+00 3.455823061859232808e-04 3.162888771744860059e-04 1.424293331385581736e-02 0.000000000000000000e+00 1.677740863787375442e-02 0.000000000000000000e+00 4.243281471004243209e-03 0.000000000000000000e+00 1.563023333705481840e-03 0.000000000000000000e+00 8.062848873268555622e-03 1.916626736942980431e-04 1.261855007233563669e-02 1.905850962454736083e-03 3.147235905856595600e-02 1.763397991259679472e-03 3.399204931727833195e-02 3.032089615093068458e-03 6.512158054711246480e-02 0.000000000000000000e+00 1.011378002528445091e-02 3.635451924282311759e-03 1.083333333333333370e-01 0.000000000000000000e+00 0.000000000000000000e+00 0.000000000000000000e+00 1.335437659341993412e-03 0.000000000000000000e+00 1.239157372986369283e-03 0.000000000000000000e+00 1.908648150585757607e-03 0.000000000000000000e+00 9.199632014719411142e-04 0.000000000000000000e+00 7.081436519979767124e-04 8.618213157138753184e-04 1.249739637575505123e-03 5.742176284811944089e-04 1.423149905123339632e-03 6.432748538011696243e-03 4.451510333863274715e-02 1.108647450110864744e-03 1.109877913429522774e-03 1.002004008016031981e-03 0.000000000000000000e+00 0.000000000000000000e+00 0.000000000000000000e+00 1.080302484695714769e-03 5.477451159393828583e-04 1.523616048755713649e-03 1.911589008363201838e-03 8.554319931565440138e-04 7.315288953913679903e-04 4.918032786885245811e-02 8.174386920980925703e-03 1.157407407407407343e-03 1.904761904761904760e-03 0.000000000000000000e+00 0.000000000000000000e+00 0.000000000000000000e+00 0.000000000000000000e+00
0.000000000000000000e+00 0.000000000000000000e+00 1.241782322863404023e-02 3.895787679571463286e-03 0.000000000000000000e+00 1.198630136986301433e-03 1.687407719890318507e-03 8.346612034296987557e-04 2.918184829413713044e-01 2.303616678184750195e-03 1.790510295434198792e-04 0.000000000000000000e+00 1.682793437105595345e-03 4.445432318292953872e-04 1.599389416553595733e-01 7.690335811330428588e-04 0.000000000000000000e+00 0.000000000000000000e+00 5.616084465910367281e-04 0.000000000000000000e+00 3.066271018793274156e-02 0.000000000000000000e+00 1.920985864443638946e-02 3.926467963590933065e-03 1.523878089752819798e-01 2.096985583224115265e-03 1.900277008310249371e-01 8.441193021947101735e-04 9.316770186335403964e-03 1.105705440070765214e-04 1.884658876743309456e-03 7.637474541751527318e-03 1.139731023478459114e-04 8.214901831923109000e-05 4.668534080298786400e-04 0.000000000000000000e+00 0.000000000000000000e+00 0.000000000000000000e+00 0.000000000000000000e+00 0.000000000000000000e+00 0.000000000000000000e+00 0.000000000000000000e+00 0.000000000000000000e+00 0.000000000000000000e+00 0.000000000000000000e+00 0.000000000000000000e+00 0.000000000000000000e+00 0.000000000000000000e+00 0.000000000000000000e+00 0.000000000000000000e+00 0.000000000000000000e+00 0.000000000000000000e+00 0.000000000000000000e+00 0.000000000000000000e+00 0.000000000000000000e+00 0.000000000000000000e+00 0.000000000000000000e+00 0.000000000000000000e+00 0.000000000000000000e+00 0.000000000000000000e+00 1.257545271629778778e-04 0.000000000000000000e+00 0.000000000000000000e+00 0.000000000000000000e+00 0.000000000000000000e+00 0.000000000000000000e+00 9.583133684714902154e-05 0.000000000000000000e+00 0.000000000000000000e+00 0.000000000000000000e+00 1.748064095683508554e-02 9.794319294809011086e-04 1.684494230607260293e-02 4.559270516717324993e-04 1.257861635220125724e-03 0.000000000000000000e+00 5.014416447285946618e-04 0.000000000000000000e+00 0.000000000000000000e+00 0.000000000000000000e+00 0.000000000000000000e+00 0.000000000000000000e+00 0.000000000000000000e+00 0.000000000000000000e+00 1.545356204605161598e-04 0.000000000000000000e+00 0.000000000000000000e+00 0.000000000000000000e+00 1.798884691491275424e-04 0.000000000000000000e+00 2.872737719046251242e-04 0.000000000000000000e+00 0.000000000000000000e+00 0.000000000000000000e+00 0.000000000000000000e+00 0.000000000000000000e+00 0.000000000000000000e+00 0.000000000000000000e+00 0.000000000000000000e+00 0.000000000000000000e+00 0.000000000000000000e+00 0.000000000000000000e+00 0.000000000000000000e+00 0.000000000000000000e+00 0.000000000000000000e+00 0.000000000000000000e+00 0.000000000000000000e+00 0.000000000000000000e+00 0.000000000000000000e+00 2.724795640326975379e-03 0.000000000000000000e+00 0.000000000000000000e+00 0.000000000000000000e+00 0.000000000000000000e+00 0.000000000000000000e+00 0.000000000000000000e+00
0.000000000000000000e+00 6.849315068493150738e-04 1.712328767123287685e-04 1.273972602739726068e-01 1.198630136986301433e-03 0.000000000000000000e+00 1.054629824931449067e-04 8.346612034296986907e-03 9.937065253395164794e-04 2.480995162404975862e-01 0.000000000000000000e+00 3.014318010550112855e-04 0.000000000000000000e+00 1.111358079573238414e-03 8.480325644504749412e-04 1.063829787234042562e-01 0.000000000000000000e+00 0.000000000000000000e+00 0.000000000000000000e+00 5.407743889249404809e-04 3.956478733926804998e-03 3.349282296650717833e-02 1.449800652410293544e-03 6.871318936284133427e-02 8.879289656827453817e-03 2.217562254259501930e-01 6.648199445983379169e-03 1.859876195835677981e-01 0.000000000000000000e+00 4.533392304290137162e-03 4.523181304183943041e-03 2.528852681602172456e-02 0.000000000000000000e+00 1.889427421342314934e-03 0.000000000000000000e+00 2.014098690835850955e-03 0.000000000000000000e+00 0.000000000000000000e+00 0.000000000000000000e+00 3.955696202531645508e-04 0.000000000000000000e+00 0.000000000000000000e+00 0.000000000000000000e+00 0.000000000000000000e+00 0.000000000000000000e+00 0.000000000000000000e+00 0.000000000000000000e+00 0.000000000000000000e+00 0.000000000000000000e+00 0.000000000000000000e+00 0.000000000000000000e+00 0.000000000000000000e+00 0.000000000000000000e+00 4.022526146419951477e-04 0.000000000000000000e+00 0.000000000000000000e+00 0.000000000000000000e+00 0.000000000000000000e+00 0.000000000000000000e+00 0.000000000000000000e+00 0.000000000000000000e+00 0.000000000000000000e+00 0.000000000000000000e+00 1.116445238361058438e-04 0.000000000000000000e+00 0.000000000000000000e+00 0.000000000000000000e+00 1.607458607940845646e-04 0.000000000000000000e+00 0.000000000000000000e+00 6.133558230468450856e-04 2.177795702022239030e-02 0.000000000000000000e+00 2.484802431610942317e-02 0.000000000000000000e+00 7.585335018963337318e-03 2.507208223642973309e-04 1.488095238095238013e-03 0.000000000000000000e+00 0.000000000000000000e+00 0.000000000000000000e+00 3.642102707296345767e-04 0.000000000000000000e+00 0.000000000000000000e+00 0.000000000000000000e+00 1.316309069369487846e-04 0.000000000000000000e+00 4.599816007359705571e-04 0.000000000000000000e+00 0.000000000000000000e+00 2.872737719046251242e-04 0.000000000000000000e+00 0.000000000000000000e+00 0.000000000000000000e+00 5.847953216374269115e-04 0.000000000000000000e+00 0.000000000000000000e+00 0.000000000000000000e+00 0.000000000000000000e+00 0.000000000000000000e+00 0.000000000000000000e+00 0.000000000000000000e+00 3.601008282319049592e-04 0.000000000000000000e+00 0.000000000000000000e+00 2.389486260454002297e-04 0.000000000000000000e+00 0.000000000000000000e+00 0.000000000000000000e+00 0.000000000000000000e+00 0.000000000000000000e+00 0.000000000000000000e+00 0.000000000000000000e+00 0.000000000000000000e+00 0.000000000000000000e+00 0.000000000000000000e+00
1.213878928496097825e-01 2.847500527314912426e-03 2.899177388736553507e-01 6.433241932081838928e-03 1.687407719890318507e-03 1.054629824931449067e-04 0.000000000000000000e+00 5.614993550345246352e-03 1.083140112620072926e-01 2.303616678184749978e-04 5.210384959713518227e-02 1.507159005275056536e-03 2.308231664563174801e-01 1.555901311402533909e-03 1.831750339213025769e-02 3.845167905665214294e-04 3.094378545642083658e-03 3.447681434235476861e-04 6.963944737728855125e-03 7.246376811594202987e-03 0.000000000000000000e+00 0.000000000000000000e+00 2.500906125407756364e-02 5.889701945386400031e-03 2.399808015358771294e-04 0.000000000000000000e+00 0.000000000000000000e+00 0.000000000000000000e+00 1.110845676063067396e-02 1.216275984077841736e-03 3.769317753486619020e-04 9.674134419551934025e-03 1.937542739913380345e-03 5.257537172430789760e-03 0.000000000000000000e+00 0.000000000000000000e+00 2.564650566360333547e-03 4.305705059203444830e-04 0.000000000000000000e+00 0.000000000000000000e+00 1.587301587301587300e-03 0.000000000000000000e+00 0.000000000000000000e+00 0.000000000000000000e+00 1.918833349323611213e-04 0.000000000000000000e+00 0.000000000000000000e+00 0.000000000000000000e+00 9.797917942437231291e-04 0.000000000000000000e+00 7.115874549767196508e-03 0.000000000000000000e+00 0.000000000000000000e+00 0.000000000000000000e+00 1.377410468319559267e-03 0.000000000000000000e+00 5.166051660516605450e-03 0.000000000000000000e+00 4.143875352229405354e-03 0.000000000000000000e+00 1.810865191146881353e-02 0.000000000000000000e+00 6.097560975609756309e-03 1.116445238361058438e-04 2.745098039215686236e-02 0.000000000000000000e+00 1.149976042165788259e-03 8.037293039704228228e-05 5.717552887364208032e-04 2.736726874657909232e-04 7.091926703979145596e-02 5.415682433600276131e-03 2.139307672871220561e-02 1.671732522796352642e-03 0.000000000000000000e+00 0.000000000000000000e+00 2.281559483515106096e-02 7.440476190476190063e-04 0.000000000000000000e+00 0.000000000000000000e+00 2.523225140497763631e-03 1.214034235765448544e-04 8.818342151675484519e-04 0.000000000000000000e+00 2.008963065986709914e-02 0.000000000000000000e+00 0.000000000000000000e+00 0.000000000000000000e+00 7.195538765965101696e-03 0.000000000000000000e+00 0.000000000000000000e+00 0.000000000000000000e+00 0.000000000000000000e+00 2.371916508538899477e-04 5.263157894736841987e-03 0.000000000000000000e+00 0.000000000000000000e+00 0.000000000000000000e+00 0.000000000000000000e+00 0.000000000000000000e+00 0.000000000000000000e+00 0.000000000000000000e+00 0.000000000000000000e+00 0.000000000000000000e+00 5.078720162519044772e-04 0.000000000000000000e+00 8.554319931565440138e-04 0.000000000000000000e+00 0.000000000000000000e+00 2.724795640326975379e-03 0.000000000000000000e+00 0.000000000000000000e+00 0.000000000000000000e+00 0.000000000000000000e+00 0.000000000000000000e+00 0.000000000000000000e+00
5.311480385461719552e-04 9.446847256999772735e-02 7.284315957204644081e-03 2.356779725320585772e-01 8.346612034296987557e-04 8.346612034296986907e-03 5.614993550345246352e-03 0.000000000000000000e+00 2.318648559125538380e-03 1.068878138677724077e-01 6.266786034019695799e-03 1.403165033911077664e-01 4.487449165614920341e-03 2.550566792620582168e-01 6.784260515603798662e-04 3.716995642143040152e-02 1.719099192023379810e-04 3.447681434235476752e-03 6.739301359092441171e-03 9.193164611723989368e-03 9.891196834817012496e-04 0.000000000000000000e+00 2.259272683339374338e-02 1.249330715688024354e-02 2.639788816894648397e-03 5.242463958060288162e-04 0.000000000000000000e+00 0.000000000000000000e+00 9.555661729574772573e-04 2.145068553737284472e-02 1.658499811534112217e-02 2.545824847250509251e-03 6.040574424435832777e-03 4.107450915961554337e-03 0.000000000000000000e+00 0.000000000000000000e+00 0.000000000000000000e+00 5.812701829924649816e-03 0.000000000000000000e+00 3.955696202531645508e-04 0.000000000000000000e+00 0.000000000000000000e+00 0.000000000000000000e+00 9.900009900009900624e-05 0.000000000000000000e+00 4.671260072404531368e-04 0.000000000000000000e+00 0.000000000000000000e+00 0.000000000000000000e+00 1.042994553250666413e-03 0.000000000000000000e+00 2.133143720558172696e-03 0.000000000000000000e+00 6.033789219629927215e-04 0.000000000000000000e+00 9.215528164957954155e-04 0.000000000000000000e+00 9.422248192243080217e-03 3.315100281783524218e-04 4.152823920265781045e-03 0.000000000000000000e+00 1.570014144271570170e-02 0.000000000000000000e+00 3.572624762755387002e-03 1.705029838022165329e-04 9.923506305561298826e-03 9.583133684714902154e-05 3.134544285484648900e-03 0.000000000000000000e+00 2.736726874657909232e-04 1.993406424902246284e-03 1.110791035317163084e-01 1.852943653667986183e-03 3.480243161094224991e-02 0.000000000000000000e+00 7.585335018963337318e-03 3.635451924282311759e-03 3.943452380952380820e-02 0.000000000000000000e+00 0.000000000000000000e+00 0.000000000000000000e+00 4.734733519485249606e-03 0.000000000000000000e+00 0.000000000000000000e+00 7.726781023025807989e-05 1.579570883243385654e-02 0.000000000000000000e+00 9.199632014719411142e-04 0.000000000000000000e+00 7.283763277693475376e-03 0.000000000000000000e+00 4.165798791918350411e-04 2.871088142405972044e-04 0.000000000000000000e+00 2.339181286549707646e-03 1.748807631160572210e-02 0.000000000000000000e+00 0.000000000000000000e+00 0.000000000000000000e+00 6.925207756232686996e-04 0.000000000000000000e+00 0.000000000000000000e+00 3.601008282319049592e-04 1.825817053131276375e-04 1.015744032503808954e-03 0.000000000000000000e+00 0.000000000000000000e+00 0.000000000000000000e+00 1.639344262295082053e-02 0.000000000000000000e+00 0.000000000000000000e+00 1.904761904761904760e-03 0.000000000000000000e+00 0.000000000000000000e+00 0.000000000000000000e+00 0.000000000000000000e+00
0.000000000000000000e+00 0.000000000000000000e+00 5.332891685988738056e-02 2.649884067572043801e-03 2.918184829413713044e-01 9.937065253395164794e-04 1.083140112620072926e-01 2.318648559125538380e-03 0.000000000000000000e+00 1.151808339092375098e-03 7.162041181736795168e-04 0.000000000000000000e+00 2.930865236292245005e-02 0.000000000000000000e+00 1.506105834464043502e-01 2.563445270443476015e-04 1.031459515214027886e-03 0.000000000000000000e+00 2.246433786364146858e-04 0.000000000000000000e+00 1.582591493570721999e-02 0.000000000000000000e+00 7.853086867222422787e-03 2.141709798322327402e-03 2.159827213822894301e-03 5.242463958060288162e-04 7.756232686980609609e-03 0.000000000000000000e+00 4.658385093167701982e-03 2.211410880141530429e-04 0.000000000000000000e+00 1.527494908350305464e-03 0.000000000000000000e+00 0.000000000000000000e+00 0.000000000000000000e+00 0.000000000000000000e+00 2.137208805300277775e-04 0.000000000000000000e+00 0.000000000000000000e+00 0.000000000000000000e+00 0.000000000000000000e+00 0.000000000000000000e+00 0.000000000000000000e+00 0.000000000000000000e+00 0.000000000000000000e+00 0.000000000000000000e+00 0.000000000000000000e+00 0.000000000000000000e+00 0.000000000000000000e+00 0.000000000000000000e+00 0.000000000000000000e+00 0.000000000000000000e+00 0.000000000000000000e+00 0.000000000000000000e+00 0.000000000000000000e+00 0.000000000000000000e+00 3.162888771744860059e-04 0.000000000000000000e+00 1.657550140891762109e-04 0.000000000000000000e+00 1.131790744466800846e-03 0.000000000000000000e+00 4.813863928112965536e-04 0.000000000000000000e+00 5.115089514066495716e-04 0.000000000000000000e+00 9.583133684714902154e-05 0.000000000000000000e+00 0.000000000000000000e+00 0.000000000000000000e+00 1.004370160239208797e-02 1.728409287319237282e-04 1.170723490272045780e-02 7.598784194528875892e-05 0.000000000000000000e+00 1.264222503160556364e-03 3.384731101918014157e-03 0.000000000000000000e+00 0.000000000000000000e+00 0.000000000000000000e+00 2.293841036816148731e-04 0.000000000000000000e+00 0.000000000000000000e+00 0.000000000000000000e+00 4.636068613815484251e-04 0.000000000000000000e+00 0.000000000000000000e+00 0.000000000000000000e+00 1.798884691491275424e-04 0.000000000000000000e+00 0.000000000000000000e+00 2.082899395959175205e-04 0.000000000000000000e+00 0.000000000000000000e+00 0.000000000000000000e+00 0.000000000000000000e+00 0.000000000000000000e+00 0.000000000000000000e+00 0.000000000000000000e+00 0.000000000000000000e+00 0.000000000000000000e+00 0.000000000000000000e+00 0.000000000000000000e+00 1.825817053131276375e-04 0.000000000000000000e+00 0.000000000000000000e+00 0.000000000000000000e+00 0.000000000000000000e+00 0.000000000000000000e+00 0.000000000000000000e+00 0.000000000000000000e+00 0.000000000000000000e+00 0.000000000000000000e+00 0.000000000000000000e+00 0.000000000000000000e+00 0.000000000000000000e+00
0.000000000000000000e+00 5.067956692006449736e-03 6.910850034554249935e-04 5.206173692697534799e-02 2.303616678184750195e-03 2.480995162404975862e-01 2.303616678184749978e-04 1.068878138677724077e-01 1.151808339092375098e-03 0.000000000000000000e+00 1.790510295434198792e-04 2.260738507912584804e-03 1.402327864254662606e-04 3.456323627472771692e-02 1.526458616010854807e-03 1.640604973083824580e-01 0.000000000000000000e+00 1.723840717117738430e-04 0.000000000000000000e+00 4.326195111399524390e-04 5.934718100890207931e-03 3.588516746411483330e-03 1.812250815512866930e-03 8.031411743708727000e-03 3.839692824574034071e-03 3.669724770642202039e-03 1.385041551246537399e-03 8.075407990996061325e-02 0.000000000000000000e+00 9.509066784608579542e-03 2.261590652091971521e-03 5.600814663951119744e-03 1.139731023478459114e-04 5.750431282346176029e-04 0.000000000000000000e+00 0.000000000000000000e+00 0.000000000000000000e+00 0.000000000000000000e+00 0.000000000000000000e+00 0.000000000000000000e+00 0.000000000000000000e+00 0.000000000000000000e+00 0.000000000000000000e+00 0.000000000000000000e+00 0.000000000000000000e+00 0.000000000000000000e+00 0.000000000000000000e+00 0.000000000000000000e+00 0.000000000000000000e+00 0.000000000000000000e+00 0.000000000000000000e+00 8.888098835659052899e-05 0.000000000000000000e+00 0.000000000000000000e+00 0.000000000000000000e+00 0.000000000000000000e+00 0.000000000000000000e+00 1.460813673215981322e-04 0.000000000000000000e+00 1.661129568106312385e-04 0.000000000000000000e+00 1.414427157001414367e-04 0.000000000000000000e+00 3.349335715083174908e-04 0.000000000000000000e+00 1.033698573495968537e-04 0.000000000000000000e+00 8.037293039704228228e-05 0.000000000000000000e+00 2.736726874657909232e-04 4.600168672851337871e-04 1.008238750936221728e-02 1.684494230607260043e-04 9.650455927051672031e-03 0.000000000000000000e+00 6.321112515802780954e-03 1.253604111821486654e-04 3.571428571428571317e-03 0.000000000000000000e+00 0.000000000000000000e+00 0.000000000000000000e+00 7.284205414592691535e-04 0.000000000000000000e+00 0.000000000000000000e+00 0.000000000000000000e+00 5.265236277477951385e-04 0.000000000000000000e+00 4.599816007359705571e-04 0.000000000000000000e+00 5.058168942842691113e-04 0.000000000000000000e+00 0.000000000000000000e+00 0.000000000000000000e+00 2.371916508538899477e-04 5.847953216374269115e-04 3.179650238473768088e-03 0.000000000000000000e+00 0.000000000000000000e+00 0.000000000000000000e+00 0.000000000000000000e+00 0.000000000000000000e+00 0.000000000000000000e+00 0.000000000000000000e+00 0.000000000000000000e+00 0.000000000000000000e+00 0.000000000000000000e+00 0.000000000000000000e+00 0.000000000000000000e+00 0.000000000000000000e+00 0.000000000000000000e+00 0.000000000000000000e+00 0.000000000000000000e+00 0.000000000000000000e+00 0.000000000000000000e+00 0.000000000000000000e+00 0.000000000000000000e+00
2.410026857654431476e-01 3.581020590868397584e-04 4.780662488809310495e-02 2.506714413607878146e-03 1.790510295434198792e-04 0.000000000000000000e+00 5.210384959713518227e-02 6.266786034019695799e-03 7.162041181736795168e-04 1.790510295434198792e-04 0.000000000000000000e+00 1.205727204220045142e-03 1.564997896508203701e-01 1.111358079573238468e-04 3.222523744911804690e-03 0.000000000000000000e+00 4.951005673027333853e-02 1.723840717117738430e-04 1.965629563068628516e-02 2.595717066839714308e-03 0.000000000000000000e+00 0.000000000000000000e+00 6.524102935846320950e-03 1.070854899161163701e-03 0.000000000000000000e+00 0.000000000000000000e+00 0.000000000000000000e+00 0.000000000000000000e+00 6.366459627329192072e-02 2.211410880141530429e-04 5.653976630229928801e-04 1.697216564833672707e-04 3.533166172783222970e-03 1.314384293107697440e-03 0.000000000000000000e+00 0.000000000000000000e+00 8.548835221201111102e-04 2.152852529601722415e-04 0.000000000000000000e+00 0.000000000000000000e+00 1.587301587301587300e-03 0.000000000000000000e+00 0.000000000000000000e+00 0.000000000000000000e+00 0.000000000000000000e+00 0.000000000000000000e+00 0.000000000000000000e+00 0.000000000000000000e+00 0.000000000000000000e+00 0.000000000000000000e+00 1.669155758587367042e-03 0.000000000000000000e+00 0.000000000000000000e+00 0.000000000000000000e+00 3.060912151821242695e-04 0.000000000000000000e+00 8.961518186610437087e-03 2.191220509823971847e-04 2.817835239515995450e-03 3.322259136212624771e-04 2.628269617706237293e-02 1.414427157001414367e-04 9.788189987163029362e-03 1.116445238361058438e-04 1.500426257459505468e-02 0.000000000000000000e+00 1.149976042165788259e-03 1.607458607940845646e-04 1.143510577472841606e-03 2.736726874657909232e-04 3.595798512612129183e-02 1.440341072766030978e-03 4.379684999578876275e-03 7.598784194528875892e-05 0.000000000000000000e+00 0.000000000000000000e+00 7.145543437382474716e-03 5.952380952380952918e-04 0.000000000000000000e+00 0.000000000000000000e+00 6.308062851244408860e-03 1.214034235765448544e-04 0.000000000000000000e+00 0.000000000000000000e+00 9.967547519703291031e-03 0.000000000000000000e+00 8.536064874093043497e-04 0.000000000000000000e+00 5.756431012772081357e-03 0.000000000000000000e+00 0.000000000000000000e+00 0.000000000000000000e+00 0.000000000000000000e+00 0.000000000000000000e+00 5.847953216374269115e-04 0.000000000000000000e+00 0.000000000000000000e+00 0.000000000000000000e+00 0.000000000000000000e+00 0.000000000000000000e+00 0.000000000000000000e+00 0.000000000000000000e+00 3.601008282319049592e-04 0.000000000000000000e+00 5.078720162519044772e-04 0.000000000000000000e+00 0.000000000000000000e+00 0.000000000000000000e+00 0.000000000000000000e+00 0.000000000000000000e+00 0.000000000000000000e+00 0.000000000000000000e+00 0.000000000000000000e+00 0.000000000000000000e+00 2.450980392156862711e-03 0.000000000000000000e+00
0.000000000000000000e+00 1.472494348153730315e-01 3.014318010550113072e-03 3.165033911077618639e-02 0.000000000000000000e+00 3.014318010550112855e-04 1.507159005275056536e-03 1.403165033911077664e-01 0.000000000000000000e+00 2.260738507912584804e-03 1.205727204220045142e-03 0.000000000000000000e+00 9.816295049782639871e-04 1.404756612580573549e-01 0.000000000000000000e+00 2.563445270443475907e-03 0.000000000000000000e+00 1.449750043096017793e-01 2.471077165000561734e-03 2.065758165693272821e-02 0.000000000000000000e+00 0.000000000000000000e+00 8.457170472393379370e-04 1.784758165268606096e-03 0.000000000000000000e+00 0.000000000000000000e+00 0.000000000000000000e+00 0.000000000000000000e+00 3.583373148590539986e-04 5.086245024325519726e-02 3.957783641160950161e-03 2.376103190767141736e-03 1.595623432869842625e-03 3.203811714450012157e-03 0.000000000000000000e+00 0.000000000000000000e+00 0.000000000000000000e+00 1.937567276641550011e-03 0.000000000000000000e+00 0.000000000000000000e+00 0.000000000000000000e+00 0.000000000000000000e+00 0.000000000000000000e+00 0.000000000000000000e+00 0.000000000000000000e+00 0.000000000000000000e+00 0.000000000000000000e+00 0.000000000000000000e+00 0.000000000000000000e+00 2.317765673890369565e-04 0.000000000000000000e+00 4.444049417829526449e-04 0.000000000000000000e+00 4.022526146419951477e-04 0.000000000000000000e+00 0.000000000000000000e+00 0.000000000000000000e+00 6.062376743846322608e-03 0.000000000000000000e+00 6.644518272425249542e-04 0.000000000000000000e+00 4.243281471004243209e-03 0.000000000000000000e+00 1.440214357485765373e-02 0.000000000000000000e+00 3.617945007235889854e-03 1.916626736942980431e-04 1.366339816749718690e-03 1.905850962454735920e-04 5.473453749315818464e-04 1.533389557617112714e-04 3.779454974938065148e-02 2.526741345910890201e-04 4.331306990881459394e-03 0.000000000000000000e+00 0.000000000000000000e+00 7.521624670928920469e-04 5.208333333333333044e-03 0.000000000000000000e+00 4.400440044004400204e-03 0.000000000000000000e+00 1.906033750151754289e-02 0.000000000000000000e+00 0.000000000000000000e+00 0.000000000000000000e+00 1.276819797288403398e-02 0.000000000000000000e+00 0.000000000000000000e+00 0.000000000000000000e+00 1.143146181082448087e-02 0.000000000000000000e+00 0.000000000000000000e+00 0.000000000000000000e+00 0.000000000000000000e+00 0.000000000000000000e+00 0.000000000000000000e+00 0.000000000000000000e+00 0.000000000000000000e+00 0.000000000000000000e+00 0.000000000000000000e+00 0.000000000000000000e+00 0.000000000000000000e+00 0.000000000000000000e+00 0.000000000000000000e+00 5.078720162519044772e-04 0.000000000000000000e+00 0.000000000000000000e+00 0.000000000000000000e+00 0.000000000000000000e+00 0.000000000000000000e+00 0.000000000000000000e+00 0.000000000000000000e+00 0.000000000000000000e+00 0.000000000000000000e+00 0.000000000000000000e+00 0.000000000000000000e+00
3.211330809143177895e-02 2.804655728509325213e-04 7.796942925255924417e-02 2.243724582807460170e-03 1.682793437105595345e-03 0.000000000000000000e+00 2.308231664563174801e-01 4.487449165614920341e-03 2.930865236292245005e-02 1.402327864254662606e-04 1.564997896508203701e-01 9.816295049782639871e-04 0.000000000000000000e+00 1.111358079573238468e-04 1.132971506105834442e-01 0.000000000000000000e+00 2.922468626439745677e-03 0.000000000000000000e+00 7.637874873638099589e-03 8.652390222799048779e-04 0.000000000000000000e+00 0.000000000000000000e+00 3.153316418992388459e-02 1.249330715688024354e-03 2.399808015358771294e-04 0.000000000000000000e+00 0.000000000000000000e+00 0.000000000000000000e+00 1.032011466794075516e-01 2.211410880141530429e-04 3.957783641160950161e-03 2.545824847250509251e-03 2.507408251652609808e-03 1.560831348065390683e-03 0.000000000000000000e+00 0.000000000000000000e+00 6.411626415900833868e-04 0.000000000000000000e+00 0.000000000000000000e+00 0.000000000000000000e+00 1.587301587301587300e-03 0.000000000000000000e+00 0.000000000000000000e+00 0.000000000000000000e+00 0.000000000000000000e+00 0.000000000000000000e+00 0.000000000000000000e+00 0.000000000000000000e+00 2.449479485609307823e-04 0.000000000000000000e+00 7.906527277519107954e-04 0.000000000000000000e+00 0.000000000000000000e+00 0.000000000000000000e+00 1.530456075910621347e-04 0.000000000000000000e+00 2.741170268845545457e-03 0.000000000000000000e+00 1.657550140891762055e-03 0.000000000000000000e+00 1.534205231388329968e-02 0.000000000000000000e+00 8.504492939666239565e-03 1.116445238361058438e-04 1.346973572037510683e-02 0.000000000000000000e+00 5.749880210828941293e-04 0.000000000000000000e+00 7.623403849818943681e-04 0.000000000000000000e+00 3.580464617035958308e-02 2.477386645157573456e-03 1.878211067127094971e-02 4.559270516717324993e-04 0.000000000000000000e+00 0.000000000000000000e+00 1.366428481885420543e-02 2.976190476190476459e-04 3.151260504201680752e-03 0.000000000000000000e+00 4.702374125473104613e-03 0.000000000000000000e+00 0.000000000000000000e+00 0.000000000000000000e+00 7.340441971874517128e-03 0.000000000000000000e+00 4.268032437046521748e-04 0.000000000000000000e+00 2.698327037236913136e-03 0.000000000000000000e+00 0.000000000000000000e+00 0.000000000000000000e+00 0.000000000000000000e+00 0.000000000000000000e+00 4.093567251461988597e-03 0.000000000000000000e+00 0.000000000000000000e+00 0.000000000000000000e+00 0.000000000000000000e+00 0.000000000000000000e+00 0.000000000000000000e+00 0.000000000000000000e+00 0.000000000000000000e+00 0.000000000000000000e+00 1.015744032503808954e-03 0.000000000000000000e+00 0.000000000000000000e+00 0.000000000000000000e+00 0.000000000000000000e+00 0.000000000000000000e+00 0.000000000000000000e+00 0.000000000000000000e+00 0.000000000000000000e+00 0.000000000000000000e+00 0.000000000000000000e+00 0.000000000000000000e+00
