0.000000000000000000e+00 1.613630217254124338e-02 4.851677294150263248e-02 4.397537379067722497e-03 0.000000000000000000e+00 0.000000000000000000e+00 1.011330846646491671e-01 4.094021317145478921e-03 2.061430632859204170e-04 0.000000000000000000e+00 2.045793252946755125e-01 2.811898771644220918e-03 1.947321026564610702e-02 4.859558752065312628e-04 8.282716731087796502e-04 0.000000000000000000e+00 7.142857142857142461e-02 6.041426927502876500e-03 3.933933933933934229e-02 3.445650104702074890e-02 0.000000000000000000e+00 0.000000000000000000e+00 1.135202633670110177e-03 0.000000000000000000e+00 1.112037809285515736e-03 0.000000000000000000e+00 0.000000000000000000e+00 0.000000000000000000e+00 4.533928390303276074e-02 3.604821448687619851e-03 4.596292324191818550e-04 0.000000000000000000e+00 1.452991452991453034e-02 1.502002670226969261e-02 0.000000000000000000e+00 0.000000000000000000e+00 4.346934590937051590e-02 3.105590062111801032e-03 5.042864346949067550e-04 0.000000000000000000e+00 7.736943907156673163e-03 1.485884101040118796e-03 0.000000000000000000e+00 0.000000000000000000e+00 2.787844995818232496e-04 1.005328239670252307e-04 0.000000000000000000e+00 0.000000000000000000e+00 0.000000000000000000e+00 2.039567611666326635e-04 1.350013500135001290e-03 8.058017727639001028e-05 0.000000000000000000e+00 0.000000000000000000e+00 7.298204641658152152e-04 0.000000000000000000e+00 2.999243252333305132e-01 4.741456432277688267e-03 1.290963257199602768e-02 6.027000964320154350e-04 3.116098403107466636e-02 6.537015852263441864e-04 5.788712011577423593e-03 4.700352526439482916e-04 3.822141008070656376e-02 5.807875479149726509e-04 6.152944623498388804e-03 1.119820828667413221e-03 9.138110072689512031e-02 9.454949944382647423e-03 6.374070598426333223e-02 2.036230866451341215e-03 3.395697684002307870e-02 3.006263048016701630e-03 1.252609603340292324e-02 0.000000000000000000e+00 8.081543502002183632e-02 5.798629414865577245e-03 0.000000000000000000e+00 0.000000000000000000e+00 6.672468813460980842e-03 1.479508803077378290e-04 0.000000000000000000e+00 0.000000000000000000e+00 1.792865504281929492e-02 6.807351940095303041e-05 3.328894806924101424e-04 0.000000000000000000e+00 1.604214054830599770e-02 0.000000000000000000e+00 3.200731595793324027e-03 1.161440185830429732e-03 2.579535683576956312e-03 1.460920379839298787e-03 9.036144578313252615e-03 3.442340791738382217e-03 0.000000000000000000e+00 0.000000000000000000e+00 2.320185614849187838e-03 0.000000000000000000e+00 2.901353965183752544e-03 0.000000000000000000e+00 1.628664495114006587e-03 5.846813486649776216e-04 3.032140691328077692e-03 8.305647840531561656e-04 1.628664495114006587e-03 0.000000000000000000e+00 0.000000000000000000e+00 0.000000000000000000e+00 0.000000000000000000e+00 0.000000000000000000e+00 0.000000000000000000e+00 0.000000000000000000e+00 1.675041876046901197e-03 0.000000000000000000e+00
1.613630217254124338e-02 0.000000000000000000e+00 2.864799926069679179e-03 6.772207563764291727e-02 0.000000000000000000e+00 7.840677434530343238e-04 7.741572242944612945e-04 7.792757817463118186e-02 0.000000000000000000e+00 2.804262478968031435e-04 4.064489906516732245e-04 9.841645700754772519e-02 1.125619090499774868e-04 1.360676450578287427e-02 0.000000000000000000e+00 7.500468779298706014e-04 1.661129568106312331e-03 3.754315304948216414e-02 1.261261261261261216e-02 4.987626118408528680e-02 0.000000000000000000e+00 6.506180871828237287e-04 0.000000000000000000e+00 3.890293717175646523e-04 0.000000000000000000e+00 3.593244699964067606e-04 0.000000000000000000e+00 0.000000000000000000e+00 1.825742975961050897e-03 3.052833164357328030e-02 4.596292324191818550e-04 0.000000000000000000e+00 1.014957264957264994e-02 1.944259012016021429e-02 3.805175038051750169e-04 3.463203463203463200e-03 6.151322534344884612e-04 4.278812974465148050e-02 0.000000000000000000e+00 6.993006993006993001e-04 0.000000000000000000e+00 1.783060921248142555e-02 0.000000000000000000e+00 9.733307377846993076e-05 0.000000000000000000e+00 4.021312958681009229e-04 0.000000000000000000e+00 0.000000000000000000e+00 0.000000000000000000e+00 8.158270446665306539e-04 0.000000000000000000e+00 1.853344077356970264e-03 0.000000000000000000e+00 4.297378599054576804e-04 0.000000000000000000e+00 1.849710982658959481e-03 1.597578407466577078e-03 2.167650742529969587e-01 8.689175769612710520e-04 1.398264223722275879e-02 6.905481225722917560e-04 6.128452361496976308e-02 3.215951117543013288e-04 9.635722679200939625e-03 0.000000000000000000e+00 1.126727842955047021e-02 1.074323664420353446e-03 4.959206526955687276e-03 7.476635514018691898e-03 1.320912124582869773e-01 4.331191799610192698e-04 6.108692599354023645e-02 2.225335860875298725e-03 3.382045929018789171e-02 0.000000000000000000e+00 1.150747986191024167e-03 3.397645916757674901e-03 4.586188719030047378e-02 1.075268817204301074e-03 0.000000000000000000e+00 9.670244657189827229e-05 5.178280810770824125e-03 0.000000000000000000e+00 5.740940078937926440e-03 0.000000000000000000e+00 3.131381892443839410e-02 0.000000000000000000e+00 0.000000000000000000e+00 0.000000000000000000e+00 2.194646702902266350e-02 4.572473708276177259e-04 1.161440185830429732e-03 4.299226139294927006e-04 1.460920379839298787e-03 0.000000000000000000e+00 3.442340791738382217e-03 0.000000000000000000e+00 0.000000000000000000e+00 0.000000000000000000e+00 8.888888888888889315e-04 9.671179883945841453e-04 0.000000000000000000e+00 0.000000000000000000e+00 1.169362697329955243e-03 0.000000000000000000e+00 1.661129568106312331e-03 0.000000000000000000e+00 0.000000000000000000e+00 0.000000000000000000e+00 0.000000000000000000e+00 0.000000000000000000e+00 0.000000000000000000e+00 0.000000000000000000e+00 0.000000000000000000e+00 0.000000000000000000e+00 0.000000000000000000e+00
4.851677294150263248e-02 2.864799926069679179e-03 0.000000000000000000e+00 3.884491351509821149e-03 6.212424849699398760e-02 1.724949035596675491e-03 2.333028362305580861e-01 5.435166231382791355e-03 2.618016903731189282e-02 3.645541222658440703e-03 3.034819130199159845e-02 3.403877460411425162e-03 4.164790634849167145e-02 2.526970551073962415e-03 2.125897294312534616e-02 2.812675792237014864e-03 6.191482935668982286e-03 7.192174913693901318e-04 9.889889889889889873e-02 4.092899295640586334e-03 5.456349206349206046e-03 0.000000000000000000e+00 1.574526052900442619e-01 3.501264345458081871e-03 2.974701139838754546e-02 3.593244699964067389e-03 1.349527665317138943e-03 1.470279353077084614e-03 2.880616695405213354e-02 1.464458713529345497e-03 1.394208671671518310e-02 1.091269841269841209e-02 1.217948717948717959e-02 5.090120160213618475e-03 1.141552511415525051e-03 1.298701298701298700e-03 8.816895632561000049e-03 3.450655624568668115e-04 5.042864346949067550e-04 0.000000000000000000e+00 0.000000000000000000e+00 0.000000000000000000e+00 0.000000000000000000e+00 0.000000000000000000e+00 9.757457485363814007e-04 2.010656479340504614e-04 5.091649694501017851e-04 0.000000000000000000e+00 1.153934918070620734e-03 0.000000000000000000e+00 2.880028800288002722e-03 0.000000000000000000e+00 0.000000000000000000e+00 0.000000000000000000e+00 2.189461392497445754e-03 0.000000000000000000e+00 5.633565963171613747e-03 2.683843263553408473e-04 3.103277060575968058e-03 4.821600771456123588e-04 1.467414760466119981e-03 0.000000000000000000e+00 9.647853352629040405e-04 2.350176263219741458e-04 8.070656311862342211e-03 1.161575095829945410e-04 1.142689715792557896e-02 7.998720204767236712e-05 1.640706126687434957e-02 0.000000000000000000e+00 3.284487114704396499e-02 2.668164583625895220e-03 6.123794609742026079e-02 1.169102296450939523e-03 1.043841336116910212e-02 0.000000000000000000e+00 4.793107632568863186e-02 9.225092250922508957e-04 1.075268817204301074e-03 0.000000000000000000e+00 1.450536698578474030e-03 0.000000000000000000e+00 3.728560775540641051e-04 0.000000000000000000e+00 7.146817817756145538e-03 0.000000000000000000e+00 3.328894806924101424e-04 0.000000000000000000e+00 9.337962408715431289e-03 1.025535842477694594e-04 4.572473708276177259e-04 3.871467286101432440e-04 4.299226139294927006e-04 3.652300949598246966e-04 4.518072289156626307e-03 1.721170395869191109e-03 0.000000000000000000e+00 0.000000000000000000e+00 0.000000000000000000e+00 8.888888888888889315e-04 0.000000000000000000e+00 0.000000000000000000e+00 0.000000000000000000e+00 1.948937828883258558e-04 6.064281382656155385e-04 5.537098560354374076e-04 0.000000000000000000e+00 0.000000000000000000e+00 0.000000000000000000e+00 0.000000000000000000e+00 0.000000000000000000e+00 0.000000000000000000e+00 0.000000000000000000e+00 0.000000000000000000e+00 0.000000000000000000e+00 0.000000000000000000e+00
4.397537379067722497e-03 6.772207563764291727e-02 3.884491351509821149e-03 0.000000000000000000e+00 2.004008016032063962e-03 7.385918143327584173e-02 9.501020479977478547e-03 2.420413637326180589e-01 4.122861265718408340e-04 3.757711721817161982e-02 2.167727950142257342e-03 3.803463075329287929e-02 5.402971634398919150e-03 3.605792594032462134e-02 8.282716731087796502e-04 2.625164072754547148e-02 6.040471156750226462e-04 1.510356731875719255e-02 5.605605605605605210e-03 1.409670664382257632e-01 4.960317460317460042e-04 0.000000000000000000e+00 8.059938699057781278e-03 2.297218439992219363e-01 0.000000000000000000e+00 2.946460653970535415e-02 5.398110661268555772e-04 1.113211510186935468e-02 1.115731818642864449e-03 4.415906274642333873e-02 1.072468208978090941e-02 4.216269841269841556e-02 5.448717948717948442e-03 3.095794392523364483e-02 7.610350076103500339e-04 4.329004329004329001e-04 6.151322534344884612e-04 2.484472049689440826e-02 0.000000000000000000e+00 2.447552447552447767e-03 9.671179883945841453e-04 1.337295690936106916e-02 1.463486023708473506e-04 2.919992213354097787e-04 2.787844995818232496e-04 9.047954157032270630e-04 0.000000000000000000e+00 4.378283712784588472e-04 0.000000000000000000e+00 5.098919029165817265e-04 0.000000000000000000e+00 2.175664786462530413e-03 0.000000000000000000e+00 0.000000000000000000e+00 0.000000000000000000e+00 5.780346820809248920e-04 3.363322963087530377e-04 8.319914117015566810e-03 3.723932472691162039e-04 1.928640308582449392e-02 1.726370306430729390e-04 3.105082529825134614e-03 0.000000000000000000e+00 3.525264394829612322e-04 1.522765341860819147e-04 6.737135555813683271e-03 6.836605137220432005e-04 1.479763237881938885e-02 2.284527518172378008e-03 3.142380422691879588e-02 8.662383599220385396e-04 4.746524364555539804e-02 3.379213714662490913e-03 7.507306889352818868e-02 0.000000000000000000e+00 2.071346375143843371e-02 3.033612425676495555e-03 1.017395888244596730e-01 0.000000000000000000e+00 0.000000000000000000e+00 9.670244657189827229e-05 2.959017606154756581e-04 0.000000000000000000e+00 3.588087549336204025e-04 1.232209968578645680e-04 2.314499659632403197e-03 0.000000000000000000e+00 0.000000000000000000e+00 0.000000000000000000e+00 1.435750179468772486e-03 0.000000000000000000e+00 1.935733643050716220e-03 0.000000000000000000e+00 2.191380569758948071e-03 0.000000000000000000e+00 1.032702237521514708e-02 0.000000000000000000e+00 0.000000000000000000e+00 0.000000000000000000e+00 1.777777777777777863e-03 0.000000000000000000e+00 0.000000000000000000e+00 0.000000000000000000e+00 5.846813486649776216e-04 0.000000000000000000e+00 1.107419712070874815e-03 0.000000000000000000e+00 0.000000000000000000e+00 0.000000000000000000e+00 0.000000000000000000e+00 0.000000000000000000e+00 0.000000000000000000e+00 0.000000000000000000e+00 0.000000000000000000e+00 0.000000000000000000e+00 0.000000000000000000e+00
0.000000000000000000e+00 0.000000000000000000e+00 6.212424849699398760e-02 2.004008016032063962e-03 0.000000000000000000e+00 4.704406460718205834e-04 1.618692378070237317e-02 2.117597233006282163e-04 3.564213564213564167e-01 1.962983735277621950e-03 6.774149844194553381e-04 0.000000000000000000e+00 8.779828905898243510e-03 1.943823500826124997e-04 9.828823854224184864e-02 1.125070316894805902e-03 3.020235578375113231e-04 0.000000000000000000e+00 1.701701701701701644e-03 0.000000000000000000e+00 3.720238095238095205e-02 2.602472348731294915e-03 1.305483028720626562e-02 1.167088115152693957e-03 3.864331387267166962e-02 4.311893639956880693e-03 2.558704453441295601e-01 0.000000000000000000e+00 1.156303884775332184e-02 1.126506702714881203e-04 1.409529646085491000e-02 1.157407407407407343e-03 1.175213675213675158e-03 0.000000000000000000e+00 7.610350076103500339e-04 0.000000000000000000e+00 2.050440844781628114e-04 0.000000000000000000e+00 0.000000000000000000e+00 0.000000000000000000e+00 9.671179883945841453e-04 0.000000000000000000e+00 2.926972047416947012e-04 0.000000000000000000e+00 1.393922497909116248e-04 0.000000000000000000e+00 2.545824847250508925e-04 0.000000000000000000e+00 2.307869836141241738e-04 0.000000000000000000e+00 0.000000000000000000e+00 0.000000000000000000e+00 0.000000000000000000e+00 0.000000000000000000e+00 2.919281856663260644e-04 0.000000000000000000e+00 2.522492222315647647e-04 0.000000000000000000e+00 1.241310824230387256e-04 0.000000000000000000e+00 3.452740612861458780e-04 0.000000000000000000e+00 1.607975558771506644e-04 0.000000000000000000e+00 1.370488807674737422e-03 0.000000000000000000e+00 9.766578767457760200e-05 7.998720204767236712e-05 0.000000000000000000e+00 0.000000000000000000e+00 2.497653937775210983e-02 1.263867434349108228e-03 2.068738152147037157e-02 3.340292275574112922e-04 1.670146137787056201e-02 0.000000000000000000e+00 2.548234437568256284e-03 0.000000000000000000e+00 0.000000000000000000e+00 0.000000000000000000e+00 3.868097862875930892e-04 0.000000000000000000e+00 7.457121551081282102e-04 0.000000000000000000e+00 6.161049842893229211e-04 0.000000000000000000e+00 1.331557922769640570e-03 0.000000000000000000e+00 7.183048006704177832e-04 0.000000000000000000e+00 0.000000000000000000e+00 0.000000000000000000e+00 0.000000000000000000e+00 3.652300949598246966e-04 0.000000000000000000e+00 0.000000000000000000e+00 0.000000000000000000e+00 0.000000000000000000e+00 0.000000000000000000e+00 0.000000000000000000e+00 1.934235976789168291e-03 0.000000000000000000e+00 0.000000000000000000e+00 0.000000000000000000e+00 0.000000000000000000e+00 0.000000000000000000e+00 0.000000000000000000e+00 0.000000000000000000e+00 0.000000000000000000e+00 0.000000000000000000e+00 0.000000000000000000e+00 0.000000000000000000e+00 0.000000000000000000e+00 0.000000000000000000e+00 0.000000000000000000e+00 0.000000000000000000e+00
0.000000000000000000e+00 7.840677434530343238e-04 1.724949035596675491e-03 7.385918143327584173e-02 4.704406460718205834e-04 0.000000000000000000e+00 1.196424801182349165e-03 1.284675654690477925e-02 2.061430632859204170e-04 3.351093662366797510e-01 0.000000000000000000e+00 1.479946721918010881e-04 5.628095452498873934e-04 2.624161726115268895e-03 5.521811154058531724e-04 1.796362272642040014e-01 0.000000000000000000e+00 1.438434982738780209e-04 1.001001001001001047e-04 4.759185227489053940e-04 1.488095238095238013e-03 1.756668835393623840e-02 1.702803950505165156e-03 9.161641703948647519e-02 5.560189046427578682e-04 1.351060007186489498e-01 8.097165991902833659e-04 2.430161730728838398e-01 1.014301653311694868e-04 1.847470992452404995e-02 4.136663091772636858e-03 1.818783068783068682e-02 0.000000000000000000e+00 1.919225634178905234e-03 0.000000000000000000e+00 0.000000000000000000e+00 0.000000000000000000e+00 0.000000000000000000e+00 0.000000000000000000e+00 0.000000000000000000e+00 0.000000000000000000e+00 1.485884101040118796e-03 0.000000000000000000e+00 0.000000000000000000e+00 0.000000000000000000e+00 0.000000000000000000e+00 0.000000000000000000e+00 0.000000000000000000e+00 0.000000000000000000e+00 1.019783805833163317e-04 0.000000000000000000e+00 0.000000000000000000e+00 0.000000000000000000e+00 0.000000000000000000e+00 0.000000000000000000e+00 0.000000000000000000e+00 0.000000000000000000e+00 8.946144211844694460e-05 1.241310824230387256e-04 0.000000000000000000e+00 0.000000000000000000e+00 0.000000000000000000e+00 0.000000000000000000e+00 0.000000000000000000e+00 0.000000000000000000e+00 0.000000000000000000e+00 0.000000000000000000e+00 2.399616061430171149e-04 0.000000000000000000e+00 0.000000000000000000e+00 5.053057099545225266e-04 3.679258531105181890e-02 4.945190801945108759e-04 4.317327766179540616e-02 0.000000000000000000e+00 3.452243958573072286e-03 0.000000000000000000e+00 2.108592514496573662e-03 0.000000000000000000e+00 0.000000000000000000e+00 0.000000000000000000e+00 1.479508803077378290e-04 0.000000000000000000e+00 1.435235019734481610e-03 0.000000000000000000e+00 1.225323349217154493e-03 0.000000000000000000e+00 1.584786053882725892e-03 0.000000000000000000e+00 6.153215054866168106e-04 0.000000000000000000e+00 0.000000000000000000e+00 0.000000000000000000e+00 0.000000000000000000e+00 0.000000000000000000e+00 0.000000000000000000e+00 0.000000000000000000e+00 0.000000000000000000e+00 0.000000000000000000e+00 0.000000000000000000e+00 0.000000000000000000e+00 0.000000000000000000e+00 0.000000000000000000e+00 0.000000000000000000e+00 0.000000000000000000e+00 0.000000000000000000e+00 0.000000000000000000e+00 0.000000000000000000e+00 0.000000000000000000e+00 0.000000000000000000e+00 0.000000000000000000e+00 0.000000000000000000e+00 0.000000000000000000e+00 0.000000000000000000e+00 0.000000000000000000e+00 0.000000000000000000e+00
1.011330846646491671e-01 7.741572242944612945e-04 2.333028362305580861e-01 9.501020479977478547e-03 1.618692378070237317e-02 1.196424801182349165e-03 0.000000000000000000e+00 1.884661537375591223e-02 8.719851576994433473e-02 5.608524957936063086e-03 1.258637041051348104e-01 1.050762172561787826e-02 2.188203511931562373e-01 1.205170570512197406e-02 1.822197680839315187e-02 4.500281267579223608e-03 5.738447598912715247e-03 1.582278481012658203e-03 2.042042042042041886e-02 8.566533409480296332e-03 4.960317460317460042e-04 1.301236174365647457e-03 4.154841639232603051e-02 1.225442520910328785e-02 7.506255212677230733e-03 3.233920229967660737e-03 1.079622132253711154e-03 6.301197227473220083e-04 1.988031240490922141e-02 4.843978821673988917e-03 1.746591083192891233e-02 2.910052910052909891e-02 1.495726495726495790e-02 8.094125500667556650e-03 3.044140030441400135e-03 0.000000000000000000e+00 2.870617182694279197e-03 6.901311249137336229e-04 5.042864346949067550e-04 0.000000000000000000e+00 1.934235976789168291e-03 0.000000000000000000e+00 2.926972047416947012e-04 9.733307377846993076e-05 4.181767493727349015e-04 1.005328239670252307e-04 0.000000000000000000e+00 0.000000000000000000e+00 9.231479344564966954e-04 0.000000000000000000e+00 1.080010800108001075e-03 0.000000000000000000e+00 3.394433129667345415e-04 0.000000000000000000e+00 3.211210042329586817e-03 0.000000000000000000e+00 1.589170100058858240e-02 4.473072105922347636e-04 2.358490566037735759e-03 4.821600771456123588e-04 8.718170047475184287e-03 3.268507926131720932e-04 2.251165782280109464e-03 1.175088131609870729e-04 2.847571189279731949e-02 2.323150191659890821e-04 3.613634143959371017e-03 3.199488081906894685e-04 3.322949117341640699e-03 2.780867630700778622e-04 9.304843716162564116e-02 1.032158404718438484e-02 3.708893101458831526e-02 5.511482254697285671e-03 4.175365344467640502e-03 1.150747986191024167e-03 1.977915301541074977e-02 6.852925672113863859e-03 0.000000000000000000e+00 0.000000000000000000e+00 9.476839764046030359e-03 1.479508803077378290e-04 0.000000000000000000e+00 0.000000000000000000e+00 2.452097837471505296e-02 0.000000000000000000e+00 1.331557922769640570e-03 0.000000000000000000e+00 3.316173829761762115e-02 1.025535842477694594e-04 4.572473708276177259e-04 0.000000000000000000e+00 4.299226139294927006e-04 3.652300949598246966e-04 1.506024096385542247e-03 1.721170395869191109e-03 0.000000000000000000e+00 0.000000000000000000e+00 7.733952049497293518e-04 0.000000000000000000e+00 0.000000000000000000e+00 0.000000000000000000e+00 0.000000000000000000e+00 0.000000000000000000e+00 0.000000000000000000e+00 0.000000000000000000e+00 0.000000000000000000e+00 0.000000000000000000e+00 0.000000000000000000e+00 0.000000000000000000e+00 0.000000000000000000e+00 0.000000000000000000e+00 0.000000000000000000e+00 0.000000000000000000e+00 0.000000000000000000e+00 0.000000000000000000e+00
4.094021317145478921e-03 7.792757817463118186e-02 5.435166231382791355e-03 2.420413637326180589e-01 2.117597233006282163e-04 1.284675654690477925e-02 1.884661537375591223e-02 0.000000000000000000e+00 6.184291898577613323e-04 9.702748177229388038e-02 4.470938897168405361e-03 1.176557643924818763e-01 1.046825754164790699e-02 2.443386140538439111e-01 1.380452788514632823e-03 1.162572660791299541e-02 9.060706735125339693e-04 9.062140391254315183e-03 1.091091091091091030e-02 2.522368170569198528e-02 0.000000000000000000e+00 0.000000000000000000e+00 1.101146554660006882e-02 2.956623225053491705e-02 2.780094523213789341e-04 2.874595759971254084e-03 2.699055330634277886e-04 4.200798151648813027e-04 3.144335125266254239e-03 3.424580376253238967e-02 1.026505285736172869e-02 1.256613756613756544e-02 6.944444444444444059e-03 1.643858477970627438e-02 3.805175038051750169e-04 3.463203463203463200e-03 6.151322534344884612e-04 2.587991718426501005e-03 0.000000000000000000e+00 0.000000000000000000e+00 0.000000000000000000e+00 0.000000000000000000e+00 0.000000000000000000e+00 2.919992213354097787e-04 1.393922497909116248e-04 2.211722127274555211e-03 0.000000000000000000e+00 5.472854640980735590e-04 2.307869836141241738e-04 2.243524372832959596e-03 9.000090000900008507e-05 8.702659145850121652e-03 0.000000000000000000e+00 1.432459533018192268e-04 0.000000000000000000e+00 4.046242774566473702e-03 3.363322963087530377e-04 9.661835748792270070e-03 6.206554121151936550e-04 4.580520732883317653e-03 8.631851532153646950e-05 1.895734597156398249e-02 4.823926676314520203e-04 2.115158636897767393e-03 3.045530683721638294e-04 1.208038099663143183e-02 5.859947260474655849e-04 7.038873780195169065e-03 0.000000000000000000e+00 2.502780867630700814e-03 2.454342019779109322e-03 1.027243364695969718e-01 4.862770955246023541e-03 5.319415448851774753e-02 0.000000000000000000e+00 1.611047180667433965e-02 7.766047809731828344e-03 2.200843437005798459e-02 1.075268817204301074e-03 2.004008016032063962e-03 0.000000000000000000e+00 4.142624648616659647e-03 0.000000000000000000e+00 7.176175098672408050e-04 6.161049842893228398e-05 2.430224642614023031e-02 0.000000000000000000e+00 3.961965134706814731e-04 1.197174667784029639e-04 1.938262742282842802e-02 0.000000000000000000e+00 3.871467286101432440e-04 0.000000000000000000e+00 0.000000000000000000e+00 1.506024096385542247e-03 0.000000000000000000e+00 0.000000000000000000e+00 0.000000000000000000e+00 0.000000000000000000e+00 0.000000000000000000e+00 0.000000000000000000e+00 0.000000000000000000e+00 0.000000000000000000e+00 3.897875657766517116e-04 0.000000000000000000e+00 2.768549280177187038e-04 0.000000000000000000e+00 0.000000000000000000e+00 0.000000000000000000e+00 0.000000000000000000e+00 0.000000000000000000e+00 0.000000000000000000e+00 0.000000000000000000e+00 0.000000000000000000e+00 0.000000000000000000e+00 0.000000000000000000e+00
2.061430632859204170e-04 0.000000000000000000e+00 2.618016903731189282e-02 4.122861265718408340e-04 3.564213564213564167e-01 2.061430632859204170e-04 8.719851576994433473e-02 6.184291898577613323e-04 0.000000000000000000e+00 2.523836231071228346e-03 1.354829968838910676e-03 0.000000000000000000e+00 6.719945970283655590e-02 9.719117504130624985e-05 2.316399779127553960e-01 3.750234389649353007e-04 1.057082452431289685e-03 1.438434982738780209e-04 3.003003003003002869e-04 0.000000000000000000e+00 1.488095238095238013e-02 6.506180871828237287e-04 4.313770007946418454e-03 1.750632172729040936e-03 1.695857659160411590e-02 2.155946819978440347e-03 7.260458839406207232e-02 4.200798151648813027e-04 2.657470331676640637e-02 2.253013405429762407e-04 2.757775394515091238e-03 1.653439153439153347e-03 0.000000000000000000e+00 0.000000000000000000e+00 3.805175038051750169e-04 0.000000000000000000e+00 4.100881689563256227e-04 0.000000000000000000e+00 0.000000000000000000e+00 0.000000000000000000e+00 9.671179883945841453e-04 0.000000000000000000e+00 2.926972047416947012e-04 0.000000000000000000e+00 0.000000000000000000e+00 0.000000000000000000e+00 2.545824847250508925e-04 0.000000000000000000e+00 2.307869836141241738e-04 0.000000000000000000e+00 9.000090000900008507e-05 0.000000000000000000e+00 3.394433129667345415e-04 0.000000000000000000e+00 7.298204641658152152e-04 0.000000000000000000e+00 0.000000000000000000e+00 0.000000000000000000e+00 2.482621648460774512e-04 1.205400192864030897e-04 1.208459214501510573e-03 3.268507926131720932e-04 1.607975558771506644e-04 0.000000000000000000e+00 1.065935739302573430e-03 0.000000000000000000e+00 1.953315753491552040e-04 0.000000000000000000e+00 0.000000000000000000e+00 0.000000000000000000e+00 7.723958709304843545e-03 9.127931470299115342e-04 1.524767163933075063e-02 0.000000000000000000e+00 0.000000000000000000e+00 0.000000000000000000e+00 1.092100473243538469e-03 0.000000000000000000e+00 0.000000000000000000e+00 0.000000000000000000e+00 1.934048931437965446e-04 0.000000000000000000e+00 0.000000000000000000e+00 0.000000000000000000e+00 6.161049842893229211e-04 0.000000000000000000e+00 3.328894806924101424e-04 0.000000000000000000e+00 1.915479468454447422e-03 0.000000000000000000e+00 0.000000000000000000e+00 3.871467286101432440e-04 0.000000000000000000e+00 0.000000000000000000e+00 0.000000000000000000e+00 0.000000000000000000e+00 0.000000000000000000e+00 0.000000000000000000e+00 0.000000000000000000e+00 0.000000000000000000e+00 0.000000000000000000e+00 0.000000000000000000e+00 0.000000000000000000e+00 0.000000000000000000e+00 0.000000000000000000e+00 0.000000000000000000e+00 0.000000000000000000e+00 0.000000000000000000e+00 0.000000000000000000e+00 0.000000000000000000e+00 0.000000000000000000e+00 0.000000000000000000e+00 0.000000000000000000e+00 0.000000000000000000e+00 0.000000000000000000e+00 0.000000000000000000e+00
0.000000000000000000e+00 2.804262478968031435e-04 3.645541222658440703e-03 3.757711721817161982e-02 1.962983735277621950e-03 3.351093662366797510e-01 5.608524957936063086e-03 9.702748177229388038e-02 2.523836231071228346e-03 0.000000000000000000e+00 0.000000000000000000e+00 1.331952049726209874e-03 1.013057181449797395e-03 1.924385265817863885e-02 1.380452788514632823e-03 1.395087192949559241e-01 0.000000000000000000e+00 5.753739930955120837e-04 0.000000000000000000e+00 3.807348181991243152e-04 4.960317460317460042e-04 6.506180871828237287e-04 9.081621069360881413e-04 6.808014005057381850e-03 2.780094523213789341e-04 1.293568091987064295e-02 0.000000000000000000e+00 2.142407057340894871e-02 0.000000000000000000e+00 1.554579249746535982e-02 4.596292324191818442e-03 5.125661375661375377e-03 0.000000000000000000e+00 1.335113484646194889e-03 0.000000000000000000e+00 8.658008658008658001e-04 0.000000000000000000e+00 3.450655624568668115e-04 0.000000000000000000e+00 0.000000000000000000e+00 0.000000000000000000e+00 0.000000000000000000e+00 0.000000000000000000e+00 0.000000000000000000e+00 0.000000000000000000e+00 0.000000000000000000e+00 0.000000000000000000e+00 2.189141856392294236e-04 0.000000000000000000e+00 2.039567611666326635e-04 0.000000000000000000e+00 0.000000000000000000e+00 0.000000000000000000e+00 0.000000000000000000e+00 0.000000000000000000e+00 0.000000000000000000e+00 0.000000000000000000e+00 8.946144211844694460e-05 0.000000000000000000e+00 0.000000000000000000e+00 0.000000000000000000e+00 0.000000000000000000e+00 0.000000000000000000e+00 1.175088131609870729e-04 0.000000000000000000e+00 1.161575095829945410e-04 0.000000000000000000e+00 2.399616061430171149e-04 0.000000000000000000e+00 0.000000000000000000e+00 4.331191799610192698e-04 1.221738519870804729e-02 4.120992334954257119e-04 1.812108559498956314e-02 0.000000000000000000e+00 3.452243958573072286e-03 1.213444970270598179e-04 3.294675803900896319e-03 0.000000000000000000e+00 0.000000000000000000e+00 0.000000000000000000e+00 2.959017606154756581e-04 0.000000000000000000e+00 7.176175098672408050e-04 0.000000000000000000e+00 8.849557522123893682e-04 0.000000000000000000e+00 3.961965134706814731e-04 0.000000000000000000e+00 5.127679212388472699e-04 0.000000000000000000e+00 0.000000000000000000e+00 0.000000000000000000e+00 0.000000000000000000e+00 0.000000000000000000e+00 0.000000000000000000e+00 0.000000000000000000e+00 0.000000000000000000e+00 0.000000000000000000e+00 0.000000000000000000e+00 0.000000000000000000e+00 0.000000000000000000e+00 0.000000000000000000e+00 1.948937828883258558e-04 0.000000000000000000e+00 0.000000000000000000e+00 0.000000000000000000e+00 0.000000000000000000e+00 0.000000000000000000e+00 0.000000000000000000e+00 0.000000000000000000e+00 0.000000000000000000e+00 0.000000000000000000e+00 0.000000000000000000e+00 0.000000000000000000e+00 0.000000000000000000e+00
2.045793252946755125e-01 4.064489906516732245e-04 3.034819130199159845e-02 2.167727950142257342e-03 6.774149844194553381e-04 0.000000000000000000e+00 1.258637041051348104e-01 4.470938897168405361e-03 1.354829968838910676e-03 0.000000000000000000e+00 0.000000000000000000e+00 2.367914755068817410e-03 1.564610535794687118e-01 8.747205753717562622e-04 4.693539480949751423e-03 0.000000000000000000e+00 9.392932648746601942e-02 8.630609896432680714e-04 3.323323323323323225e-02 2.665143727393869989e-03 0.000000000000000000e+00 0.000000000000000000e+00 5.789533431717561358e-03 7.780587434351293047e-04 2.780094523213789341e-04 0.000000000000000000e+00 0.000000000000000000e+00 0.000000000000000000e+00 5.730804341211076514e-02 4.506026810859524814e-04 2.757775394515091238e-03 1.157407407407407343e-03 9.401709401709401268e-03 2.086114819759679433e-03 1.141552511415525051e-03 0.000000000000000000e+00 1.845396760303465167e-03 1.725327812284334057e-04 0.000000000000000000e+00 0.000000000000000000e+00 0.000000000000000000e+00 0.000000000000000000e+00 0.000000000000000000e+00 0.000000000000000000e+00 4.181767493727349015e-04 0.000000000000000000e+00 2.545824847250508925e-04 0.000000000000000000e+00 4.615739672282483477e-04 0.000000000000000000e+00 7.200072000720006806e-04 0.000000000000000000e+00 0.000000000000000000e+00 0.000000000000000000e+00 0.000000000000000000e+00 0.000000000000000000e+00 9.753636592953838363e-03 0.000000000000000000e+00 4.220456802383316941e-03 2.410800385728061794e-04 1.899007337073802329e-02 1.634253963065860466e-04 5.627914455700273010e-03 0.000000000000000000e+00 1.933911984163240450e-02 0.000000000000000000e+00 3.222970993261060554e-03 0.000000000000000000e+00 3.530633437175493324e-03 5.561735261401557244e-04 3.262831155706345104e-02 2.036230866451341215e-03 5.769389268935960075e-03 6.680584551148225844e-04 0.000000000000000000e+00 0.000000000000000000e+00 8.736803785948307755e-03 7.907221929362150689e-04 0.000000000000000000e+00 0.000000000000000000e+00 7.155981046320472258e-03 0.000000000000000000e+00 0.000000000000000000e+00 0.000000000000000000e+00 5.113671369601380072e-03 6.807351940095303041e-05 0.000000000000000000e+00 0.000000000000000000e+00 6.943613073147372229e-03 0.000000000000000000e+00 0.000000000000000000e+00 0.000000000000000000e+00 0.000000000000000000e+00 3.652300949598246966e-04 0.000000000000000000e+00 0.000000000000000000e+00 0.000000000000000000e+00 0.000000000000000000e+00 0.000000000000000000e+00 0.000000000000000000e+00 0.000000000000000000e+00 0.000000000000000000e+00 0.000000000000000000e+00 0.000000000000000000e+00 0.000000000000000000e+00 0.000000000000000000e+00 0.000000000000000000e+00 0.000000000000000000e+00 0.000000000000000000e+00 0.000000000000000000e+00 0.000000000000000000e+00 0.000000000000000000e+00 0.000000000000000000e+00 0.000000000000000000e+00 0.000000000000000000e+00 0.000000000000000000e+00
2.811898771644220918e-03 9.841645700754772519e-02 3.403877460411425162e-03 3.803463075329287929e-02 0.000000000000000000e+00 1.479946721918010881e-04 1.050762172561787826e-02 1.176557643924818763e-01 0.000000000000000000e+00 1.331952049726209874e-03 2.367914755068817410e-03 0.000000000000000000e+00 1.350742908599729787e-03 1.590047623675770183e-01 0.000000000000000000e+00 9.938121132570785360e-03 1.510117789187556616e-04 9.579976985040275506e-02 5.005005005005004962e-03 2.065486388730249437e-02 0.000000000000000000e+00 0.000000000000000000e+00 1.589283687138154247e-03 3.890293717175646957e-03 0.000000000000000000e+00 0.000000000000000000e+00 0.000000000000000000e+00 0.000000000000000000e+00 7.100111573181864481e-04 6.488678607637715645e-02 2.451355906235636560e-03 2.314814814814814686e-03 2.243589743589743425e-03 6.258344459279038298e-03 7.610350076103500339e-04 1.731601731601731600e-03 0.000000000000000000e+00 1.725327812284334003e-03 0.000000000000000000e+00 3.496503496503496500e-04 0.000000000000000000e+00 0.000000000000000000e+00 0.000000000000000000e+00 9.733307377846993076e-05 0.000000000000000000e+00 8.042625917362018458e-04 0.000000000000000000e+00 0.000000000000000000e+00 0.000000000000000000e+00 3.059351417499490359e-04 9.000090000900008507e-05 1.047542304593069998e-03 0.000000000000000000e+00 1.432459533018192268e-04 0.000000000000000000e+00 1.040462427745664654e-03 3.363322963087530377e-04 9.214528538200036228e-03 0.000000000000000000e+00 1.325940212150434000e-03 0.000000000000000000e+00 2.287955548292204544e-03 4.823926676314520203e-04 8.108108108108108558e-03 0.000000000000000000e+00 1.045417586246950815e-03 1.953315753491552040e-04 3.039513677811550140e-03 8.307372793354101748e-04 8.342602892102336408e-04 3.609326499675160672e-04 3.503721387445583174e-02 9.890381603890217518e-04 1.194154488517745229e-02 0.000000000000000000e+00 0.000000000000000000e+00 3.761679407838854679e-03 6.589351607801792639e-03 0.000000000000000000e+00 2.004008016032063962e-03 0.000000000000000000e+00 1.405533362923509430e-02 0.000000000000000000e+00 6.817366343738787485e-03 0.000000000000000000e+00 1.497617426820966637e-02 0.000000000000000000e+00 7.923930269413629462e-04 0.000000000000000000e+00 1.353707312070556897e-02 4.572473708276177259e-04 0.000000000000000000e+00 0.000000000000000000e+00 0.000000000000000000e+00 0.000000000000000000e+00 0.000000000000000000e+00 0.000000000000000000e+00 0.000000000000000000e+00 0.000000000000000000e+00 0.000000000000000000e+00 0.000000000000000000e+00 0.000000000000000000e+00 0.000000000000000000e+00 0.000000000000000000e+00 0.000000000000000000e+00 0.000000000000000000e+00 0.000000000000000000e+00 0.000000000000000000e+00 0.000000000000000000e+00 0.000000000000000000e+00 0.000000000000000000e+00 0.000000000000000000e+00 0.000000000000000000e+00 0.000000000000000000e+00 0.000000000000000000e+00 0.000000000000000000e+00
1.947321026564610702e-02 1.125619090499774868e-04 4.164790634849167145e-02 5.402971634398919150e-03 8.779828905898243510e-03 5.628095452498873934e-04 2.188203511931562373e-01 1.046825754164790699e-02 6.719945970283655590e-02 1.013057181449797395e-03 1.564610535794687118e-01 1.350742908599729787e-03 0.000000000000000000e+00 4.956749927106618783e-03 1.761457758144671371e-01 2.062628914307144262e-03 2.053760193295077127e-02 1.438434982738780209e-04 1.111111111111111154e-02 1.808490386445840443e-03 0.000000000000000000e+00 0.000000000000000000e+00 2.803950505165172039e-02 6.224469947481034438e-03 1.390047261606894725e-03 1.077973409989220173e-03 2.699055330634277886e-04 8.401596303297626054e-04 9.838726037123440848e-02 2.027712064886786139e-03 1.286961850773709129e-02 1.388888888888888812e-02 1.047008547008546932e-02 2.169559412550066749e-03 1.141552511415525051e-03 0.000000000000000000e+00 1.640352675825302491e-03 1.725327812284334057e-04 5.042864346949067550e-04 0.000000000000000000e+00 0.000000000000000000e+00 0.000000000000000000e+00 0.000000000000000000e+00 0.000000000000000000e+00 6.969612489545580969e-04 0.000000000000000000e+00 2.545824847250508925e-04 0.000000000000000000e+00 2.307869836141241738e-04 0.000000000000000000e+00 6.300063000630006091e-04 0.000000000000000000e+00 0.000000000000000000e+00 0.000000000000000000e+00 1.459640928331630322e-04 0.000000000000000000e+00 2.606575296392835920e-03 1.789228842368938892e-04 1.117179741807348666e-03 2.410800385728061794e-04 6.991799741044454029e-03 1.634253963065860466e-04 3.698343785174465145e-03 0.000000000000000000e+00 1.218212273488655448e-02 0.000000000000000000e+00 3.222970993261060554e-03 7.998720204767236712e-05 1.453790238836967725e-03 0.000000000000000000e+00 3.681513029668663506e-02 4.774610307541075384e-03 2.225335860875298638e-02 2.004175365344467753e-03 0.000000000000000000e+00 1.150747986191024167e-03 1.468268414027423807e-02 1.976805482340537618e-03 0.000000000000000000e+00 0.000000000000000000e+00 1.073397156948070752e-02 0.000000000000000000e+00 0.000000000000000000e+00 0.000000000000000000e+00 8.070975294190129920e-03 0.000000000000000000e+00 0.000000000000000000e+00 0.000000000000000000e+00 8.978810008380222127e-03 0.000000000000000000e+00 0.000000000000000000e+00 0.000000000000000000e+00 4.299226139294927006e-04 0.000000000000000000e+00 0.000000000000000000e+00 0.000000000000000000e+00 0.000000000000000000e+00 0.000000000000000000e+00 0.000000000000000000e+00 0.000000000000000000e+00 0.000000000000000000e+00 0.000000000000000000e+00 0.000000000000000000e+00 0.000000000000000000e+00 0.000000000000000000e+00 0.000000000000000000e+00 0.000000000000000000e+00 0.000000000000000000e+00 0.000000000000000000e+00 0.000000000000000000e+00 0.000000000000000000e+00 0.000000000000000000e+00 0.000000000000000000e+00 0.000000000000000000e+00 0.000000000000000000e+00 0.000000000000000000e+00
