2.958241801127935444e-01 4.947872115448676000e-01 3.364312699759223202e-01 4.886109720434081982e-01 0.000000000000000000e+00 0.000000000000000000e+00 3.077470591493474683e-01 4.632049398288135000e-01 3.447552443933377675e-01 0.000000000000000000e+00 2.829116009505001639e-01 4.609869329399458593e-01 3.378324091129158990e-01 4.301557916666666759e-01 3.614731081556929460e-01 4.136398015873015699e-01 3.390877374920431842e-01 4.734816578881684279e-01 3.868301959064101014e-01 5.008332397147621240e-01 0.000000000000000000e+00 0.000000000000000000e+00 3.754119095271661877e-01 4.425964023526069990e-01 3.730635578947368303e-01 0.000000000000000000e+00 0.000000000000000000e+00 0.000000000000000000e+00 3.668172532474832659e-01 4.773801007205036306e-01 3.807498454855610670e-01 4.539972318158551623e-01 3.958949945637313395e-01 4.901245131250854259e-01 4.817060624999999763e-01 0.000000000000000000e+00 4.592174865238543569e-01 5.421352169489773720e-01 3.888807562149859676e-01 0.000000000000000000e+00 4.226596126954708654e-01 0.000000000000000000e+00 3.741276831678252979e-01 0.000000000000000000e+00 3.914829213350553005e-01 5.295137416666667596e-01 4.043495151515151820e-01 0.000000000000000000e+00 3.857668091390838994e-01 4.686418283582090005e-01 3.850861508077236817e-01 4.804976878787878825e-01 3.827157691686182139e-01 0.000000000000000000e+00 3.877699969133222013e-01 0.000000000000000000e+00 3.193898423703457889e-01 4.970239440481868387e-01 4.172670038858257713e-01 5.085015125293359528e-01 3.874998628983345461e-01 0.000000000000000000e+00 3.681030525413638843e-01 4.995345340659341216e-01 3.785534657744467069e-01 0.000000000000000000e+00 4.300744677015099771e-01 5.004068931814742438e-01 3.676628910270764994e-01 5.191201103654767834e-01 3.360859257121944221e-01 4.774393106435162459e-01 3.534375714687366665e-01 4.610944232392134023e-01 0.000000000000000000e+00 0.000000000000000000e+00 3.839835301972152060e-01 4.715062277178005412e-01 0.000000000000000000e+00 0.000000000000000000e+00 3.807702794188405071e-01 0.000000000000000000e+00 0.000000000000000000e+00 4.608490754716981219e-01 3.925132917540307131e-01 5.140898124999999652e-01 3.847247883791412026e-01 0.000000000000000000e+00 3.974827768246267379e-01 4.747814193548386963e-01 4.279770772049016903e-01 0.000000000000000000e+00 4.256849999999999801e-01 0.000000000000000000e+00 4.082098483008221312e-01 4.316261208791209447e-01 0.000000000000000000e+00 0.000000000000000000e+00 0.000000000000000000e+00 0.000000000000000000e+00 0.000000000000000000e+00 0.000000000000000000e+00 0.000000000000000000e+00 4.390630518518518488e-01 0.000000000000000000e+00 0.000000000000000000e+00 0.000000000000000000e+00 0.000000000000000000e+00 0.000000000000000000e+00 0.000000000000000000e+00 0.000000000000000000e+00 0.000000000000000000e+00 0.000000000000000000e+00 3.809234849427160507e-01 0.000000000000000000e+00 4.331920612244898328e-01
4.947872115448676000e-01 3.191602816658514197e-01 4.848714108004120171e-01 3.471317772629907705e-01 0.000000000000000000e+00 3.167603333333333104e-01 4.678778593133919306e-01 3.091288968195596842e-01 0.000000000000000000e+00 3.604965076923076772e-01 0.000000000000000000e+00 3.204430339001018702e-01 0.000000000000000000e+00 3.605624394188537418e-01 0.000000000000000000e+00 4.191553215497621498e-01 4.705003055661970968e-01 3.358440008186587278e-01 5.154246883009625524e-01 3.584919314408426816e-01 0.000000000000000000e+00 0.000000000000000000e+00 0.000000000000000000e+00 3.995515940307589053e-01 0.000000000000000000e+00 0.000000000000000000e+00 0.000000000000000000e+00 0.000000000000000000e+00 5.088008739551329596e-01 3.976746029008814687e-01 4.992165636709757215e-01 4.308788800000000196e-01 5.161166578502919267e-01 4.640761481566917368e-01 4.896473179943353071e-01 0.000000000000000000e+00 4.899032059159996177e-01 4.932253911216366027e-01 5.035355151515150673e-01 4.995377957359767307e-01 0.000000000000000000e+00 0.000000000000000000e+00 0.000000000000000000e+00 4.237952030075187726e-01 4.801483846153846158e-01 4.192287803446245742e-01 0.000000000000000000e+00 0.000000000000000000e+00 5.042453021582733452e-01 3.823332544395061650e-01 0.000000000000000000e+00 3.887935206555863665e-01 0.000000000000000000e+00 3.527885814194935965e-01 0.000000000000000000e+00 3.645448002398438136e-01 4.945893525161675353e-01 3.429444502097465652e-01 5.115331003326287762e-01 4.268825354094559765e-01 4.887299167553802448e-01 3.916908917954878833e-01 0.000000000000000000e+00 3.928497649545923953e-01 0.000000000000000000e+00 3.910774854230793518e-01 5.187552366400597359e-01 4.245585007477506445e-01 5.278252606504864053e-01 3.268670966187622318e-01 4.816936841230381461e-01 3.553860919590933753e-01 4.565948700736917054e-01 3.663798166231830855e-01 0.000000000000000000e+00 3.505783428571428439e-01 4.655510557659262583e-01 3.806941613373517330e-01 4.834020760869565114e-01 4.449757707152003361e-01 4.768476236559139880e-01 4.075580674185927954e-01 0.000000000000000000e+00 3.409616614832536308e-01 5.150051147540983809e-01 3.950070662886305817e-01 0.000000000000000000e+00 3.913045255474452144e-01 0.000000000000000000e+00 3.952240796317778027e-01 0.000000000000000000e+00 4.293683498404003984e-01 4.853607033043317864e-01 4.127017411460318641e-01 4.953214661016949738e-01 4.522950902357288361e-01 5.103278344370860697e-01 4.772914829931972358e-01 0.000000000000000000e+00 4.181269609375000140e-01 0.000000000000000000e+00 0.000000000000000000e+00 0.000000000000000000e+00 3.996756076581656214e-01 4.100384524529218644e-01 4.391109997882320926e-01 0.000000000000000000e+00 0.000000000000000000e+00 0.000000000000000000e+00 0.000000000000000000e+00 0.000000000000000000e+00 0.000000000000000000e+00 0.000000000000000000e+00 0.000000000000000000e+00 0.000000000000000000e+00 0.000000000000000000e+00
3.364312699759223202e-01 4.848714108004120171e-01 2.546244629020400496e-01 4.675556775050673242e-01 2.387622924218447407e-01 4.551541466910933309e-01 2.911115798775311125e-01 4.544927112323083329e-01 3.097283889147755542e-01 4.431094271512743821e-01 3.466568387890641145e-01 4.707107104358481120e-01 3.453815016852174735e-01 4.448316490252910982e-01 3.266014508956790463e-01 4.321236745558245662e-01 3.905899654301189239e-01 4.699946713913327190e-01 3.471061442460273150e-01 4.879082813428275434e-01 3.731766227061584784e-01 0.000000000000000000e+00 2.611987674613173716e-01 4.470985084361761563e-01 2.365935848150779175e-01 4.343536127792725354e-01 3.414929497757639987e-01 0.000000000000000000e+00 3.518448063173960638e-01 4.659013345720723343e-01 3.632266269125991598e-01 4.421360777643016937e-01 3.949105336686767331e-01 4.752542577905250476e-01 4.388011683510638639e-01 0.000000000000000000e+00 4.217792515019098687e-01 5.191197914046121742e-01 0.000000000000000000e+00 0.000000000000000000e+00 4.042016408815795603e-01 0.000000000000000000e+00 3.888003394495413989e-01 0.000000000000000000e+00 3.896717977593311955e-01 0.000000000000000000e+00 4.314322089552238282e-01 0.000000000000000000e+00 3.856167470502643857e-01 4.776616785714286051e-01 3.911581989851096730e-01 0.000000000000000000e+00 0.000000000000000000e+00 0.000000000000000000e+00 3.714869730361802236e-01 0.000000000000000000e+00 3.953432822804748281e-01 4.846494816513762238e-01 4.217918736446363837e-01 5.563580263157894557e-01 3.834732185564541096e-01 0.000000000000000000e+00 3.580559826715032368e-01 0.000000000000000000e+00 3.914096828809942030e-01 0.000000000000000000e+00 4.451921177967355647e-01 4.871942972582972708e-01 3.733713398825195262e-01 0.000000000000000000e+00 3.456051714916907325e-01 4.650704807481342296e-01 3.499176707527589247e-01 4.488840364285453521e-01 3.332854865121580579e-01 0.000000000000000000e+00 3.849202228814348481e-01 4.542557536679006081e-01 0.000000000000000000e+00 0.000000000000000000e+00 3.800946242836762412e-01 0.000000000000000000e+00 0.000000000000000000e+00 0.000000000000000000e+00 3.760397178770323312e-01 0.000000000000000000e+00 3.719386258064515949e-01 0.000000000000000000e+00 3.862534155968488925e-01 0.000000000000000000e+00 4.212499578657805666e-01 0.000000000000000000e+00 3.862562856276474110e-01 0.000000000000000000e+00 4.088609302448775185e-01 4.040253311383893986e-01 3.960069075925926607e-01 0.000000000000000000e+00 0.000000000000000000e+00 0.000000000000000000e+00 3.839073306451613043e-01 0.000000000000000000e+00 3.481032844827586237e-01 3.763723692307692215e-01 3.912539726562500042e-01 3.749130251993620933e-01 0.000000000000000000e+00 0.000000000000000000e+00 0.000000000000000000e+00 3.887590408163265621e-01 0.000000000000000000e+00 3.822886126126126549e-01 0.000000000000000000e+00 0.000000000000000000e+00 0.000000000000000000e+00 0.000000000000000000e+00
4.886109720434081982e-01 3.471317772629907705e-01 4.675556775050673242e-01 2.738437199563004132e-01 4.474747380840145006e-01 2.540030157106488162e-01 4.677040303954473899e-01 3.078373460385986915e-01 4.429137221549661052e-01 3.233826337800205786e-01 4.556051720365075774e-01 3.852650730187036632e-01 4.486856870682915943e-01 3.468120894142821542e-01 4.336965315647582364e-01 3.274078363961945293e-01 4.746917583161380239e-01 3.937685392581455335e-01 5.146198852602613671e-01 3.048184737433491942e-01 3.778829240506328957e-01 0.000000000000000000e+00 4.556720128799727210e-01 2.855790453169481102e-01 4.463319018971118601e-01 2.919631672926936150e-01 4.486822690924863744e-01 3.252973681593406829e-01 4.480009108135897811e-01 3.814327143637813444e-01 4.471997253013645923e-01 3.772050275828454646e-01 5.255590175556463794e-01 4.133748843911375093e-01 0.000000000000000000e+00 4.687695056531254179e-01 5.638523669724768705e-01 4.916859368353467818e-01 0.000000000000000000e+00 4.824049520073174224e-01 5.271961560693642079e-01 0.000000000000000000e+00 5.668078493150684460e-01 4.481604313725490174e-01 0.000000000000000000e+00 4.438196739493898146e-01 0.000000000000000000e+00 4.238288897802581223e-01 0.000000000000000000e+00 4.587086902058950533e-01 0.000000000000000000e+00 4.470735005299923959e-01 0.000000000000000000e+00 0.000000000000000000e+00 0.000000000000000000e+00 4.206903100000000117e-01 5.049805268983912354e-01 4.119965488830108491e-01 0.000000000000000000e+00 4.515760724994897224e-01 0.000000000000000000e+00 3.820496335106724484e-01 0.000000000000000000e+00 4.093744174769947120e-01 4.572324121621621495e-01 4.060680609989935630e-01 4.945640119898286335e-01 4.459043005029628137e-01 5.396779503781660159e-01 4.149280104369729161e-01 4.752111070525231185e-01 3.624269217447964597e-01 4.536771515639476116e-01 3.766430069496018995e-01 0.000000000000000000e+00 3.689250805357966456e-01 4.631558061804229576e-01 3.956571465543442523e-01 0.000000000000000000e+00 3.732051234567901332e-01 4.880148996244452753e-01 4.077737815670919308e-01 0.000000000000000000e+00 3.505025531914893744e-01 4.710538992805756164e-01 4.291962765323732443e-01 0.000000000000000000e+00 0.000000000000000000e+00 0.000000000000000000e+00 4.034976113915859641e-01 0.000000000000000000e+00 4.248205639097744624e-01 0.000000000000000000e+00 3.860422257339972685e-01 4.723383285714285451e-01 4.063447219712967851e-01 0.000000000000000000e+00 0.000000000000000000e+00 0.000000000000000000e+00 0.000000000000000000e+00 0.000000000000000000e+00 4.313433851222421289e-01 4.095779153846154097e-01 4.212570389920524128e-01 0.000000000000000000e+00 4.415992252252252115e-01 0.000000000000000000e+00 0.000000000000000000e+00 3.938313488372093829e-01 0.000000000000000000e+00 0.000000000000000000e+00 4.339825785123967439e-01 0.000000000000000000e+00 4.299700411764706409e-01 0.000000000000000000e+00 0.000000000000000000e+00
0.000000000000000000e+00 0.000000000000000000e+00 2.387622924218447407e-01 4.474747380840145006e-01 2.213492733163521797e-01 4.369829247701919051e-01 2.876246149918615380e-01 4.412662302758741939e-01 2.374037924337143723e-01 4.269003524327542043e-01 0.000000000000000000e+00 0.000000000000000000e+00 3.061468750000000405e-01 0.000000000000000000e+00 2.641995154388634415e-01 4.583997171476603683e-01 0.000000000000000000e+00 0.000000000000000000e+00 3.892378181818181293e-01 0.000000000000000000e+00 2.522853880476857991e-01 3.214865289959734085e-01 2.550723689425158369e-01 4.344311201903600650e-01 1.714630911840209215e-01 4.387259693305268216e-01 2.101561816722631038e-01 3.570665416666667369e-01 3.075993244664533277e-01 0.000000000000000000e+00 3.567597290327219617e-01 4.180844214664566350e-01 0.000000000000000000e+00 4.165434195588236244e-01 0.000000000000000000e+00 0.000000000000000000e+00 0.000000000000000000e+00 0.000000000000000000e+00 0.000000000000000000e+00 0.000000000000000000e+00 0.000000000000000000e+00 0.000000000000000000e+00 0.000000000000000000e+00 0.000000000000000000e+00 0.000000000000000000e+00 0.000000000000000000e+00 0.000000000000000000e+00 0.000000000000000000e+00 0.000000000000000000e+00 0.000000000000000000e+00 0.000000000000000000e+00 0.000000000000000000e+00 0.000000000000000000e+00 0.000000000000000000e+00 0.000000000000000000e+00 0.000000000000000000e+00 0.000000000000000000e+00 4.567431220930233127e-01 0.000000000000000000e+00 0.000000000000000000e+00 3.233694273504273409e-01 0.000000000000000000e+00 0.000000000000000000e+00 0.000000000000000000e+00 0.000000000000000000e+00 0.000000000000000000e+00 0.000000000000000000e+00 0.000000000000000000e+00 4.165040241089570938e-01 0.000000000000000000e+00 3.018623728574647003e-01 3.769311623929803567e-01 3.360914015740762428e-01 4.732563423423423732e-01 0.000000000000000000e+00 0.000000000000000000e+00 3.426606454231742038e-01 0.000000000000000000e+00 0.000000000000000000e+00 0.000000000000000000e+00 3.510070918367347304e-01 0.000000000000000000e+00 0.000000000000000000e+00 0.000000000000000000e+00 3.829974245283018219e-01 0.000000000000000000e+00 0.000000000000000000e+00 0.000000000000000000e+00 4.029113703703702809e-01 0.000000000000000000e+00 0.000000000000000000e+00 0.000000000000000000e+00 0.000000000000000000e+00 0.000000000000000000e+00 3.931097473684210253e-01 0.000000000000000000e+00 0.000000000000000000e+00 0.000000000000000000e+00 0.000000000000000000e+00 0.000000000000000000e+00 0.000000000000000000e+00 0.000000000000000000e+00 0.000000000000000000e+00 0.000000000000000000e+00 0.000000000000000000e+00 0.000000000000000000e+00 0.000000000000000000e+00 0.000000000000000000e+00 0.000000000000000000e+00 0.000000000000000000e+00 0.000000000000000000e+00 0.000000000000000000e+00 0.000000000000000000e+00 0.000000000000000000e+00 0.000000000000000000e+00 0.000000000000000000e+00
0.000000000000000000e+00 3.167603333333333104e-01 4.551541466910933309e-01 2.540030157106488162e-01 4.369829247701919051e-01 1.852448141694240935e-01 0.000000000000000000e+00 2.216875481725424646e-01 4.319327466398508175e-01 2.137537350745346287e-01 0.000000000000000000e+00 0.000000000000000000e+00 4.454079642857142751e-01 3.018572653061223909e-01 4.541837951807228824e-01 2.419182904903564579e-01 0.000000000000000000e+00 0.000000000000000000e+00 0.000000000000000000e+00 0.000000000000000000e+00 3.775504815966386207e-01 3.235547209868309682e-01 4.431030885156264087e-01 1.841465319602014761e-01 4.209861523013100348e-01 1.653557487605451792e-01 4.307616727871856344e-01 2.211354927793301173e-01 4.345199932432432521e-01 3.150633156784790057e-01 4.021667887732384705e-01 3.478824790081633256e-01 0.000000000000000000e+00 3.952847354153035675e-01 0.000000000000000000e+00 0.000000000000000000e+00 0.000000000000000000e+00 4.110870273972602740e-01 0.000000000000000000e+00 0.000000000000000000e+00 0.000000000000000000e+00 0.000000000000000000e+00 0.000000000000000000e+00 0.000000000000000000e+00 0.000000000000000000e+00 0.000000000000000000e+00 0.000000000000000000e+00 0.000000000000000000e+00 0.000000000000000000e+00 0.000000000000000000e+00 0.000000000000000000e+00 0.000000000000000000e+00 0.000000000000000000e+00 0.000000000000000000e+00 0.000000000000000000e+00 4.145734642857141772e-01 0.000000000000000000e+00 4.678326521739130661e-01 0.000000000000000000e+00 4.047629241379310794e-01 0.000000000000000000e+00 0.000000000000000000e+00 0.000000000000000000e+00 4.610646666666666782e-01 0.000000000000000000e+00 0.000000000000000000e+00 0.000000000000000000e+00 4.645447672413793305e-01 0.000000000000000000e+00 4.314811550724638178e-01 4.278873615664452457e-01 2.990731810095252352e-01 3.695358601398601173e-01 3.134422848753439239e-01 0.000000000000000000e+00 0.000000000000000000e+00 0.000000000000000000e+00 3.451458290244390770e-01 0.000000000000000000e+00 0.000000000000000000e+00 0.000000000000000000e+00 0.000000000000000000e+00 0.000000000000000000e+00 3.784629019607843037e-01 0.000000000000000000e+00 3.912216053148581119e-01 0.000000000000000000e+00 3.561396427203065151e-01 0.000000000000000000e+00 3.952640838815789648e-01 0.000000000000000000e+00 0.000000000000000000e+00 0.000000000000000000e+00 0.000000000000000000e+00 0.000000000000000000e+00 0.000000000000000000e+00 0.000000000000000000e+00 0.000000000000000000e+00 0.000000000000000000e+00 0.000000000000000000e+00 0.000000000000000000e+00 0.000000000000000000e+00 0.000000000000000000e+00 0.000000000000000000e+00 0.000000000000000000e+00 0.000000000000000000e+00 0.000000000000000000e+00 0.000000000000000000e+00 0.000000000000000000e+00 0.000000000000000000e+00 0.000000000000000000e+00 0.000000000000000000e+00 0.000000000000000000e+00 0.000000000000000000e+00 0.000000000000000000e+00 0.000000000000000000e+00
3.077470591493474683e-01 4.678778593133919306e-01 2.911115798775311125e-01 4.677040303954473899e-01 2.876246149918615380e-01 0.000000000000000000e+00 2.625315388379209636e-01 4.531485245659821470e-01 2.770878666515583788e-01 0.000000000000000000e+00 3.472487495933027080e-01 4.553656080480866786e-01 2.801345709930535000e-01 4.532236674267454690e-01 3.274901146638208305e-01 4.244085603780140548e-01 3.594710602505927222e-01 4.674209290709879783e-01 3.794946058275145973e-01 4.720402881130555950e-01 3.636889411764706037e-01 0.000000000000000000e+00 3.476341880060476175e-01 4.576455653282081038e-01 3.266185549829478396e-01 4.436326903474903105e-01 3.415936609198661489e-01 0.000000000000000000e+00 3.308143403797420001e-01 4.659530371465239185e-01 3.689821664313200911e-01 4.505030368963847121e-01 3.633494338511836785e-01 4.666945984485489918e-01 4.382729621897091254e-01 0.000000000000000000e+00 4.220260166206283303e-01 0.000000000000000000e+00 0.000000000000000000e+00 0.000000000000000000e+00 3.743190888888889845e-01 0.000000000000000000e+00 0.000000000000000000e+00 0.000000000000000000e+00 3.752407766084558949e-01 4.430976153846154508e-01 0.000000000000000000e+00 0.000000000000000000e+00 3.636877879492791399e-01 4.445876455696202711e-01 3.741301909718903751e-01 4.404116870748299717e-01 3.900967633540373125e-01 0.000000000000000000e+00 3.747525900838709068e-01 0.000000000000000000e+00 3.627971645876263973e-01 4.338939712435672114e-01 4.055825656261428103e-01 0.000000000000000000e+00 3.768749264264312226e-01 0.000000000000000000e+00 3.681696987321431691e-01 0.000000000000000000e+00 3.688912756954070837e-01 0.000000000000000000e+00 4.106477971868338073e-01 4.976051270140162686e-01 3.790288210467093744e-01 4.640199439999999620e-01 3.199447338058372114e-01 4.651165072769126718e-01 3.319813543992615190e-01 4.637498300827342379e-01 0.000000000000000000e+00 4.370554876060012695e-01 3.799815202393226343e-01 4.593645076634163549e-01 3.515583980582522861e-01 0.000000000000000000e+00 3.707354659920626960e-01 0.000000000000000000e+00 0.000000000000000000e+00 0.000000000000000000e+00 3.791665033606789748e-01 4.217652993197278932e-01 3.721354331210190436e-01 0.000000000000000000e+00 3.857663613901620159e-01 0.000000000000000000e+00 0.000000000000000000e+00 0.000000000000000000e+00 0.000000000000000000e+00 3.964974545454545418e-01 3.869957846569139770e-01 4.187138000000001359e-01 0.000000000000000000e+00 0.000000000000000000e+00 0.000000000000000000e+00 0.000000000000000000e+00 0.000000000000000000e+00 0.000000000000000000e+00 4.428555153846153170e-01 0.000000000000000000e+00 4.186704421052632186e-01 0.000000000000000000e+00 0.000000000000000000e+00 0.000000000000000000e+00 0.000000000000000000e+00 0.000000000000000000e+00 0.000000000000000000e+00 0.000000000000000000e+00 0.000000000000000000e+00 0.000000000000000000e+00 0.000000000000000000e+00 0.000000000000000000e+00
4.632049398288135000e-01 3.091288968195596842e-01 4.544927112323083329e-01 3.078373460385986915e-01 4.412662302758741939e-01 2.216875481725424646e-01 4.531485245659821470e-01 2.592136085291103509e-01 4.445002355691093365e-01 2.611139468559020571e-01 4.418740347527226331e-01 3.106917046878422961e-01 4.497459757947723791e-01 2.644648742992120050e-01 4.435926456441663390e-01 2.924259188233371276e-01 4.578256719600727331e-01 3.737140772902348695e-01 4.895444166573570954e-01 3.815260248228429796e-01 0.000000000000000000e+00 0.000000000000000000e+00 4.576853154057152762e-01 3.408874315511128406e-01 4.139335649515192284e-01 2.832632259957362786e-01 4.212749218383762262e-01 2.694527083333333461e-01 4.496959936799367896e-01 3.580730158644145344e-01 4.464959769069772322e-01 3.594660816102982492e-01 4.888657812973924432e-01 4.123039207013960428e-01 0.000000000000000000e+00 0.000000000000000000e+00 4.587593582035054407e-01 4.482644989498538735e-01 0.000000000000000000e+00 4.059450321574424869e-01 4.263294796747967852e-01 0.000000000000000000e+00 0.000000000000000000e+00 0.000000000000000000e+00 0.000000000000000000e+00 3.995926817872806902e-01 0.000000000000000000e+00 0.000000000000000000e+00 0.000000000000000000e+00 3.721134839227224766e-01 0.000000000000000000e+00 3.643413212773110033e-01 0.000000000000000000e+00 3.467461327669631999e-01 0.000000000000000000e+00 3.567982243197516112e-01 4.477342680506344874e-01 3.547568558175447362e-01 4.872457203533270276e-01 3.942537568168478224e-01 0.000000000000000000e+00 3.795054890717559082e-01 0.000000000000000000e+00 3.966190181280141447e-01 0.000000000000000000e+00 3.776754382693192635e-01 4.846315621563862530e-01 4.230597208422092748e-01 5.142494658412938291e-01 3.970917206066036376e-01 4.704031608986324886e-01 3.300388545906448035e-01 4.485257570343067490e-01 3.537629804101020126e-01 0.000000000000000000e+00 3.522592730844132936e-01 4.429060647531888328e-01 3.568075819457026121e-01 0.000000000000000000e+00 0.000000000000000000e+00 4.724718743033860524e-01 3.914723244457167795e-01 0.000000000000000000e+00 3.899360145154537327e-01 0.000000000000000000e+00 3.747093762882147683e-01 0.000000000000000000e+00 3.781376014826288157e-01 0.000000000000000000e+00 3.799290239405302971e-01 0.000000000000000000e+00 0.000000000000000000e+00 3.949433970588235310e-01 0.000000000000000000e+00 0.000000000000000000e+00 4.045449586838198996e-01 0.000000000000000000e+00 0.000000000000000000e+00 0.000000000000000000e+00 0.000000000000000000e+00 0.000000000000000000e+00 0.000000000000000000e+00 0.000000000000000000e+00 4.237255681818181685e-01 0.000000000000000000e+00 4.189748529411765898e-01 0.000000000000000000e+00 0.000000000000000000e+00 0.000000000000000000e+00 4.189974255319148244e-01 4.362104387096774061e-01 0.000000000000000000e+00 0.000000000000000000e+00 0.000000000000000000e+00 0.000000000000000000e+00 0.000000000000000000e+00
3.447552443933377675e-01 0.000000000000000000e+00 3.097283889147755542e-01 4.429137221549661052e-01 2.374037924337143723e-01 4.319327466398508175e-01 2.770878666515583788e-01 4.445002355691093365e-01 2.279809880677685086e-01 4.319654796684649911e-01 3.355648503698792640e-01 0.000000000000000000e+00 3.106473785874387938e-01 4.232100897182586863e-01 2.308110751735666932e-01 4.451774704766247592e-01 3.702149935519472024e-01 0.000000000000000000e+00 3.616197189449801286e-01 4.183958064516128950e-01 3.505559955723905330e-01 0.000000000000000000e+00 3.200667834157999159e-01 4.410552489846213953e-01 2.948963969947089869e-01 4.292061979261198035e-01 2.418827848995112328e-01 0.000000000000000000e+00 3.267528198366807524e-01 4.555274195701726203e-01 3.373896290489653560e-01 4.006743300639628580e-01 0.000000000000000000e+00 4.336293943434585407e-01 0.000000000000000000e+00 0.000000000000000000e+00 0.000000000000000000e+00 0.000000000000000000e+00 0.000000000000000000e+00 0.000000000000000000e+00 0.000000000000000000e+00 0.000000000000000000e+00 0.000000000000000000e+00 0.000000000000000000e+00 0.000000000000000000e+00 0.000000000000000000e+00 0.000000000000000000e+00 0.000000000000000000e+00 0.000000000000000000e+00 0.000000000000000000e+00 3.727739635854341871e-01 0.000000000000000000e+00 0.000000000000000000e+00 0.000000000000000000e+00 0.000000000000000000e+00 0.000000000000000000e+00 3.645980168256731102e-01 0.000000000000000000e+00 0.000000000000000000e+00 0.000000000000000000e+00 3.945983827764242835e-01 0.000000000000000000e+00 3.722639455902190253e-01 0.000000000000000000e+00 3.739289180715263949e-01 0.000000000000000000e+00 4.156020000000000270e-01 0.000000000000000000e+00 0.000000000000000000e+00 0.000000000000000000e+00 2.958270695408872220e-01 4.179953707271442664e-01 3.361799277743859893e-01 4.564574926423201617e-01 0.000000000000000000e+00 0.000000000000000000e+00 3.558889723089799229e-01 0.000000000000000000e+00 0.000000000000000000e+00 0.000000000000000000e+00 3.660821833498309474e-01 0.000000000000000000e+00 0.000000000000000000e+00 0.000000000000000000e+00 3.725883470863692870e-01 0.000000000000000000e+00 0.000000000000000000e+00 0.000000000000000000e+00 3.909897075257588450e-01 0.000000000000000000e+00 0.000000000000000000e+00 0.000000000000000000e+00 0.000000000000000000e+00 0.000000000000000000e+00 3.726708250957854185e-01 0.000000000000000000e+00 0.000000000000000000e+00 0.000000000000000000e+00 0.000000000000000000e+00 0.000000000000000000e+00 0.000000000000000000e+00 0.000000000000000000e+00 0.000000000000000000e+00 0.000000000000000000e+00 0.000000000000000000e+00 0.000000000000000000e+00 0.000000000000000000e+00 0.000000000000000000e+00 0.000000000000000000e+00 0.000000000000000000e+00 0.000000000000000000e+00 0.000000000000000000e+00 0.000000000000000000e+00 0.000000000000000000e+00 0.000000000000000000e+00 0.000000000000000000e+00
0.000000000000000000e+00 3.604965076923076772e-01 4.431094271512743821e-01 3.233826337800205786e-01 4.269003524327542043e-01 2.137537350745346287e-01 0.000000000000000000e+00 2.611139468559020571e-01 4.319654796684649911e-01 2.190643845298931303e-01 0.000000000000000000e+00 3.818356415094339984e-01 4.231872500000000148e-01 3.161449663299565893e-01 0.000000000000000000e+00 2.488305553947874615e-01 0.000000000000000000e+00 0.000000000000000000e+00 0.000000000000000000e+00 4.031037966101695402e-01 3.714540000000000064e-01 3.420398325115427962e-01 4.401828326364151112e-01 3.198530749867877221e-01 4.244854741599635162e-01 2.790699848746014955e-01 4.328980576645277134e-01 2.076649944781924773e-01 0.000000000000000000e+00 3.356778300389702818e-01 4.049840289248497482e-01 3.269703681924547300e-01 0.000000000000000000e+00 3.895780138980881602e-01 0.000000000000000000e+00 0.000000000000000000e+00 0.000000000000000000e+00 0.000000000000000000e+00 0.000000000000000000e+00 0.000000000000000000e+00 0.000000000000000000e+00 0.000000000000000000e+00 0.000000000000000000e+00 0.000000000000000000e+00 0.000000000000000000e+00 4.358184028776978525e-01 0.000000000000000000e+00 0.000000000000000000e+00 0.000000000000000000e+00 0.000000000000000000e+00 0.000000000000000000e+00 0.000000000000000000e+00 0.000000000000000000e+00 0.000000000000000000e+00 0.000000000000000000e+00 0.000000000000000000e+00 0.000000000000000000e+00 4.598408395897832790e-01 0.000000000000000000e+00 4.145523014705882470e-01 0.000000000000000000e+00 0.000000000000000000e+00 0.000000000000000000e+00 0.000000000000000000e+00 0.000000000000000000e+00 0.000000000000000000e+00 0.000000000000000000e+00 0.000000000000000000e+00 0.000000000000000000e+00 0.000000000000000000e+00 4.255382662817956962e-01 3.074354615268522495e-01 4.377440080000000733e-01 3.223300760780237195e-01 0.000000000000000000e+00 0.000000000000000000e+00 0.000000000000000000e+00 3.629546954341344445e-01 0.000000000000000000e+00 0.000000000000000000e+00 0.000000000000000000e+00 0.000000000000000000e+00 0.000000000000000000e+00 3.022224252991452809e-01 0.000000000000000000e+00 3.754777105263157333e-01 0.000000000000000000e+00 0.000000000000000000e+00 0.000000000000000000e+00 4.035834883825773489e-01 0.000000000000000000e+00 0.000000000000000000e+00 0.000000000000000000e+00 0.000000000000000000e+00 0.000000000000000000e+00 0.000000000000000000e+00 0.000000000000000000e+00 0.000000000000000000e+00 0.000000000000000000e+00 0.000000000000000000e+00 0.000000000000000000e+00 0.000000000000000000e+00 0.000000000000000000e+00 0.000000000000000000e+00 0.000000000000000000e+00 0.000000000000000000e+00 0.000000000000000000e+00 0.000000000000000000e+00 0.000000000000000000e+00 0.000000000000000000e+00 0.000000000000000000e+00 0.000000000000000000e+00 0.000000000000000000e+00 0.000000000000000000e+00 0.000000000000000000e+00 0.000000000000000000e+00
2.829116009505001639e-01 0.000000000000000000e+00 3.466568387890641145e-01 4.556051720365075774e-01 0.000000000000000000e+00 0.000000000000000000e+00 3.472487495933027080e-01 4.418740347527226331e-01 3.355648503698792640e-01 0.000000000000000000e+00 2.591141617783319639e-01 4.031451714285713694e-01 2.908793318265140981e-01 4.532002884981561341e-01 3.567417822030158336e-01 0.000000000000000000e+00 3.349626472675033551e-01 0.000000000000000000e+00 3.747771996809453054e-01 4.388639256255155718e-01 0.000000000000000000e+00 0.000000000000000000e+00 3.655746236080813505e-01 4.318981561383216095e-01 3.643249436363636962e-01 0.000000000000000000e+00 0.000000000000000000e+00 0.000000000000000000e+00 3.173203678264461258e-01 4.374206565789473533e-01 3.429223791916661268e-01 4.005280702825888550e-01 3.509484410309809954e-01 4.584297947559574093e-01 0.000000000000000000e+00 0.000000000000000000e+00 4.092001769230769193e-01 0.000000000000000000e+00 0.000000000000000000e+00 0.000000000000000000e+00 3.792889375000000340e-01 0.000000000000000000e+00 0.000000000000000000e+00 0.000000000000000000e+00 0.000000000000000000e+00 0.000000000000000000e+00 0.000000000000000000e+00 0.000000000000000000e+00 0.000000000000000000e+00 0.000000000000000000e+00 3.608989263225200195e-01 0.000000000000000000e+00 0.000000000000000000e+00 0.000000000000000000e+00 3.496571296296295817e-01 0.000000000000000000e+00 3.788467191355887054e-01 0.000000000000000000e+00 4.070407826360324388e-01 0.000000000000000000e+00 3.930977849770567190e-01 0.000000000000000000e+00 4.005721700076198544e-01 0.000000000000000000e+00 3.935892349987287764e-01 0.000000000000000000e+00 4.085740098039215007e-01 0.000000000000000000e+00 3.957830419117647214e-01 0.000000000000000000e+00 3.016582680363945612e-01 4.471236178162988906e-01 3.572447022728108545e-01 4.501331263157895002e-01 0.000000000000000000e+00 0.000000000000000000e+00 3.921125546199165646e-01 4.089934144657720871e-01 0.000000000000000000e+00 0.000000000000000000e+00 3.878237837661795417e-01 0.000000000000000000e+00 0.000000000000000000e+00 0.000000000000000000e+00 4.034111479884286422e-01 0.000000000000000000e+00 0.000000000000000000e+00 0.000000000000000000e+00 4.021861224613677011e-01 0.000000000000000000e+00 0.000000000000000000e+00 0.000000000000000000e+00 0.000000000000000000e+00 0.000000000000000000e+00 0.000000000000000000e+00 0.000000000000000000e+00 0.000000000000000000e+00 0.000000000000000000e+00 0.000000000000000000e+00 0.000000000000000000e+00 0.000000000000000000e+00 0.000000000000000000e+00 0.000000000000000000e+00 0.000000000000000000e+00 0.000000000000000000e+00 0.000000000000000000e+00 0.000000000000000000e+00 0.000000000000000000e+00 0.000000000000000000e+00 0.000000000000000000e+00 0.000000000000000000e+00 0.000000000000000000e+00 0.000000000000000000e+00 0.000000000000000000e+00 0.000000000000000000e+00 0.000000000000000000e+00
4.609869329399458593e-01 3.204430339001018702e-01 4.707107104358481120e-01 3.852650730187036632e-01 0.000000000000000000e+00 0.000000000000000000e+00 4.553656080480866786e-01 3.106917046878422961e-01 0.000000000000000000e+00 3.818356415094339984e-01 4.031451714285713694e-01 2.684454575888216565e-01 4.443857982608695467e-01 2.878035938329391863e-01 0.000000000000000000e+00 3.642543695265534343e-01 4.605292626411389145e-01 3.508980826261756114e-01 4.833106812460090107e-01 3.980007913749964432e-01 0.000000000000000000e+00 0.000000000000000000e+00 4.714299461719073103e-01 3.794733404143046940e-01 0.000000000000000000e+00 0.000000000000000000e+00 0.000000000000000000e+00 0.000000000000000000e+00 4.322769882352940907e-01 3.175198799578660136e-01 4.429004634464366319e-01 4.120156141530683103e-01 4.845662585873900530e-01 4.025518678434446551e-01 0.000000000000000000e+00 0.000000000000000000e+00 0.000000000000000000e+00 4.617830525675984954e-01 0.000000000000000000e+00 0.000000000000000000e+00 0.000000000000000000e+00 0.000000000000000000e+00 0.000000000000000000e+00 0.000000000000000000e+00 0.000000000000000000e+00 4.687678600000000362e-01 0.000000000000000000e+00 0.000000000000000000e+00 0.000000000000000000e+00 3.706848871251636757e-01 0.000000000000000000e+00 4.073783317388557923e-01 0.000000000000000000e+00 4.007277084430787006e-01 0.000000000000000000e+00 3.859023373493976616e-01 0.000000000000000000e+00 3.792049541899645271e-01 4.787341894409937182e-01 4.247505901169348896e-01 0.000000000000000000e+00 3.917610012663277352e-01 0.000000000000000000e+00 3.822599550515963229e-01 0.000000000000000000e+00 4.109194478401885231e-01 0.000000000000000000e+00 4.299639695645748327e-01 4.903513440860213790e-01 4.342837476247743966e-01 4.831431759794695413e-01 3.513705982472563605e-01 4.354153417088529321e-01 3.830554292407423733e-01 0.000000000000000000e+00 0.000000000000000000e+00 4.509292210877715590e-01 3.760981006622858835e-01 0.000000000000000000e+00 3.884388582317306882e-01 0.000000000000000000e+00 4.034279913052914446e-01 0.000000000000000000e+00 3.492158091007766529e-01 0.000000000000000000e+00 4.209443091382744639e-01 0.000000000000000000e+00 0.000000000000000000e+00 0.000000000000000000e+00 4.238633178736765927e-01 0.000000000000000000e+00 0.000000000000000000e+00 0.000000000000000000e+00 0.000000000000000000e+00 0.000000000000000000e+00 0.000000000000000000e+00 0.000000000000000000e+00 0.000000000000000000e+00 0.000000000000000000e+00 0.000000000000000000e+00 0.000000000000000000e+00 0.000000000000000000e+00 0.000000000000000000e+00 0.000000000000000000e+00 0.000000000000000000e+00 0.000000000000000000e+00 0.000000000000000000e+00 0.000000000000000000e+00 0.000000000000000000e+00 0.000000000000000000e+00 0.000000000000000000e+00 0.000000000000000000e+00 0.000000000000000000e+00 0.000000000000000000e+00 0.000000000000000000e+00 0.000000000000000000e+00
3.378324091129158990e-01 0.000000000000000000e+00 3.453815016852174735e-01 4.486856870682915943e-01 3.061468750000000405e-01 4.454079642857142751e-01 2.801345709930535000e-01 4.497459757947723791e-01 3.106473785874387938e-01 4.231872500000000148e-01 2.908793318265140981e-01 4.443857982608695467e-01 2.324846512261932729e-01 4.413508026022993636e-01 2.538897027943401996e-01 4.068719887640449562e-01 3.703327396009502004e-01 0.000000000000000000e+00 3.713324554060521421e-01 4.669592909226902289e-01 3.802715009652509748e-01 0.000000000000000000e+00 3.569655337829905073e-01 4.430056972978358987e-01 3.425523581944444063e-01 0.000000000000000000e+00 3.438613913793103216e-01 0.000000000000000000e+00 2.880986607115275655e-01 4.816389746835442742e-01 3.359346140288664295e-01 4.436186670498014073e-01 3.535426945844580282e-01 4.248863356922329970e-01 0.000000000000000000e+00 0.000000000000000000e+00 0.000000000000000000e+00 0.000000000000000000e+00 3.720219393939394603e-01 0.000000000000000000e+00 3.968845329738059369e-01 0.000000000000000000e+00 0.000000000000000000e+00 0.000000000000000000e+00 0.000000000000000000e+00 0.000000000000000000e+00 0.000000000000000000e+00 0.000000000000000000e+00 4.030674507042253385e-01 0.000000000000000000e+00 3.768287841880995082e-01 0.000000000000000000e+00 0.000000000000000000e+00 0.000000000000000000e+00 0.000000000000000000e+00 0.000000000000000000e+00 3.650196840277522004e-01 0.000000000000000000e+00 4.005478910831820616e-01 0.000000000000000000e+00 3.825631191910279782e-01 0.000000000000000000e+00 3.760115926120270458e-01 0.000000000000000000e+00 3.845415874645196075e-01 0.000000000000000000e+00 3.996420456229164975e-01 0.000000000000000000e+00 3.743018530383072084e-01 0.000000000000000000e+00 2.967856218268862811e-01 4.377625832483477142e-01 3.457291465290138754e-01 4.354115926383086976e-01 0.000000000000000000e+00 0.000000000000000000e+00 3.646222537940719821e-01 4.194918319327731182e-01 0.000000000000000000e+00 0.000000000000000000e+00 3.755535951601707834e-01 0.000000000000000000e+00 0.000000000000000000e+00 0.000000000000000000e+00 3.896750496924155649e-01 0.000000000000000000e+00 0.000000000000000000e+00 0.000000000000000000e+00 4.019199995900034628e-01 0.000000000000000000e+00 0.000000000000000000e+00 0.000000000000000000e+00 0.000000000000000000e+00 0.000000000000000000e+00 3.758461812788660428e-01 0.000000000000000000e+00 0.000000000000000000e+00 0.000000000000000000e+00 0.000000000000000000e+00 0.000000000000000000e+00 0.000000000000000000e+00 0.000000000000000000e+00 0.000000000000000000e+00 0.000000000000000000e+00 0.000000000000000000e+00 0.000000000000000000e+00 0.000000000000000000e+00 0.000000000000000000e+00 0.000000000000000000e+00 0.000000000000000000e+00 0.000000000000000000e+00 3.696555959595959062e-01 0.000000000000000000e+00 0.000000000000000000e+00 0.000000000000000000e+00 0.000000000000000000e+00
