2.432250988693127614e-01 4.672420770503737386e-01 3.568321552095111149e-01 4.685262082531366779e-01 0.000000000000000000e+00 0.000000000000000000e+00 2.604417482569075792e-01 4.378833275903457611e-01 3.352473839097792063e-01 0.000000000000000000e+00 3.077149233200736633e-01 4.490269213178796348e-01 3.419217082964210452e-01 0.000000000000000000e+00 3.599209545502640162e-01 0.000000000000000000e+00 3.038046793489779795e-01 4.628956732752417258e-01 3.789558224477133641e-01 4.849481275540614700e-01 0.000000000000000000e+00 0.000000000000000000e+00 3.748684697245577846e-01 0.000000000000000000e+00 0.000000000000000000e+00 0.000000000000000000e+00 0.000000000000000000e+00 0.000000000000000000e+00 3.706773442543216945e-01 4.639629460795120508e-01 3.913539140999138799e-01 0.000000000000000000e+00 4.068212383099469864e-01 4.751563152606628204e-01 4.238918448275861284e-01 0.000000000000000000e+00 4.824684392602432426e-01 5.314194745614035931e-01 0.000000000000000000e+00 0.000000000000000000e+00 4.286893476180519968e-01 0.000000000000000000e+00 4.008349829059829617e-01 0.000000000000000000e+00 4.023068876068797706e-01 0.000000000000000000e+00 4.012770952380953493e-01 0.000000000000000000e+00 3.977567509390260714e-01 0.000000000000000000e+00 3.948056355836854769e-01 0.000000000000000000e+00 0.000000000000000000e+00 0.000000000000000000e+00 3.912760600706948755e-01 0.000000000000000000e+00 2.635304541226825559e-01 4.584491144111229044e-01 3.914432224098638446e-01 4.652646395540716018e-01 3.890938405879981188e-01 4.847103148148147467e-01 3.786808139036795806e-01 4.639825595654604729e-01 4.081726178506993596e-01 0.000000000000000000e+00 4.029750572346937343e-01 4.725090854627109205e-01 2.140544719763573245e-01 4.730907032520693667e-01 3.369288095512981696e-01 4.542755375100561155e-01 3.653694167133025306e-01 4.507924513043339854e-01 0.000000000000000000e+00 0.000000000000000000e+00 3.813318253585537554e-01 4.518244950082458411e-01 0.000000000000000000e+00 0.000000000000000000e+00 2.799649826368211802e-01 4.228680294117647120e-01 0.000000000000000000e+00 0.000000000000000000e+00 3.998809420765907507e-01 0.000000000000000000e+00 4.042702452380951827e-01 0.000000000000000000e+00 3.919108834840519529e-01 0.000000000000000000e+00 4.485294653889460581e-01 4.761711364444444206e-01 4.248835785123967201e-01 0.000000000000000000e+00 4.384352041736126471e-01 4.196960702044896796e-01 4.582528781878876800e-01 0.000000000000000000e+00 4.379221778860937220e-01 0.000000000000000000e+00 0.000000000000000000e+00 4.837508776978418079e-01 0.000000000000000000e+00 0.000000000000000000e+00 4.449708305322564450e-01 0.000000000000000000e+00 4.312935922428145497e-01 4.925879009009009324e-01 0.000000000000000000e+00 0.000000000000000000e+00 0.000000000000000000e+00 0.000000000000000000e+00 0.000000000000000000e+00 0.000000000000000000e+00 0.000000000000000000e+00 0.000000000000000000e+00
4.672420770503737386e-01 2.740296253366023560e-01 4.595852262329306326e-01 3.002486416371555333e-01 0.000000000000000000e+00 2.945019310743394181e-01 4.505967886467960870e-01 2.782189669987989999e-01 0.000000000000000000e+00 3.292170545828255745e-01 4.385036339181286325e-01 3.247945284922443832e-01 4.289227173913043312e-01 3.536802347019690762e-01 0.000000000000000000e+00 3.815858947381202126e-01 4.610171230999162151e-01 3.101142812575216623e-01 4.832826561164883516e-01 3.574945409247644035e-01 0.000000000000000000e+00 0.000000000000000000e+00 4.442680004730895083e-01 4.183744971309337202e-01 0.000000000000000000e+00 0.000000000000000000e+00 0.000000000000000000e+00 0.000000000000000000e+00 4.582602135471787186e-01 4.036962760415768736e-01 4.257795147616836862e-01 0.000000000000000000e+00 4.964009360501362433e-01 4.373991756972591127e-01 0.000000000000000000e+00 4.477723420624593054e-01 4.876013196143145767e-01 4.912465360159850580e-01 0.000000000000000000e+00 4.506085992981844202e-01 0.000000000000000000e+00 4.541701730769230894e-01 0.000000000000000000e+00 4.199497713726670911e-01 0.000000000000000000e+00 4.256218247964721479e-01 0.000000000000000000e+00 0.000000000000000000e+00 0.000000000000000000e+00 4.116333680365409919e-01 0.000000000000000000e+00 3.889010409004263757e-01 0.000000000000000000e+00 4.142096909090908774e-01 0.000000000000000000e+00 4.070062124044610541e-01 4.601609375152740378e-01 2.839145718015741449e-01 4.783814227969347965e-01 4.040047563533583075e-01 4.764605018064251851e-01 3.928971525440886348e-01 4.436272352941175723e-01 4.103492551304754876e-01 0.000000000000000000e+00 4.021042346239355747e-01 4.914656792095150606e-01 3.492208281835509909e-01 4.899213481505628742e-01 2.675128685564964748e-01 4.543513519912050214e-01 3.444029981433756604e-01 4.399643879684440040e-01 3.983016439490076332e-01 0.000000000000000000e+00 3.996504538717097210e-01 4.579284670058447748e-01 4.012007482353842081e-01 0.000000000000000000e+00 0.000000000000000000e+00 3.635243025210083134e-01 4.351293819728035972e-01 0.000000000000000000e+00 3.615975950777680081e-01 0.000000000000000000e+00 4.273646668203888166e-01 0.000000000000000000e+00 0.000000000000000000e+00 0.000000000000000000e+00 4.371243384490213768e-01 0.000000000000000000e+00 4.090053049791925743e-01 0.000000000000000000e+00 4.910358574404762866e-01 4.716051532567049343e-01 4.413657717974041605e-01 0.000000000000000000e+00 0.000000000000000000e+00 0.000000000000000000e+00 5.007251742994571764e-01 0.000000000000000000e+00 4.123121687552213643e-01 0.000000000000000000e+00 4.694545850840335932e-01 4.692737849462365607e-01 4.129936823529412049e-01 5.323950081967214754e-01 0.000000000000000000e+00 0.000000000000000000e+00 0.000000000000000000e+00 0.000000000000000000e+00 0.000000000000000000e+00 0.000000000000000000e+00 0.000000000000000000e+00 0.000000000000000000e+00 0.000000000000000000e+00
3.568321552095111149e-01 4.595852262329306326e-01 2.824310371124123531e-01 4.497668172046744295e-01 1.752788002427682901e-01 3.999667422009083317e-01 3.064806566354956185e-01 4.366985989056610395e-01 2.652746172229688559e-01 4.094230585064934647e-01 3.875505426877629001e-01 4.585962766690342418e-01 3.417079311663409058e-01 4.194274800834518757e-01 2.986685182471144340e-01 4.170464768301193614e-01 3.825213232750557246e-01 4.507614536425222918e-01 3.403679513207386043e-01 4.925430873863436143e-01 2.878462906976744784e-01 0.000000000000000000e+00 2.578267488667231322e-01 4.256188080734831236e-01 1.938831887818447119e-01 4.041654052193677793e-01 2.197498653931356238e-01 0.000000000000000000e+00 3.439117831357433319e-01 4.398502154536705899e-01 3.707665892350247572e-01 4.277595195882466506e-01 4.244144051193453060e-01 4.793366476987141467e-01 4.346389815058479544e-01 0.000000000000000000e+00 4.776111172209664968e-01 4.752654035374410668e-01 0.000000000000000000e+00 0.000000000000000000e+00 4.330423179347035467e-01 0.000000000000000000e+00 0.000000000000000000e+00 0.000000000000000000e+00 4.207997946835425607e-01 0.000000000000000000e+00 4.090646513761466707e-01 0.000000000000000000e+00 4.237470819302304181e-01 0.000000000000000000e+00 4.027142679927487312e-01 0.000000000000000000e+00 0.000000000000000000e+00 0.000000000000000000e+00 4.071458083065985223e-01 0.000000000000000000e+00 3.926840447390074762e-01 4.890210602409638119e-01 4.128208842816004087e-01 0.000000000000000000e+00 3.905439871388430295e-01 0.000000000000000000e+00 3.768665101837622711e-01 0.000000000000000000e+00 3.922533467915206296e-01 0.000000000000000000e+00 4.268308909644161764e-01 4.661654712144718271e-01 3.809793519393252503e-01 4.483802670248438482e-01 3.474722077188118763e-01 4.793299531203745745e-01 3.456228284769770065e-01 4.290065245254188753e-01 3.455734649903457467e-01 0.000000000000000000e+00 4.001267782391478289e-01 4.256530219865429787e-01 3.402963975903614546e-01 0.000000000000000000e+00 3.765464249188115176e-01 0.000000000000000000e+00 3.875988388888889080e-01 4.925137525773196079e-01 3.727577369165510079e-01 4.470194491864313280e-01 0.000000000000000000e+00 0.000000000000000000e+00 3.778622141208566876e-01 0.000000000000000000e+00 4.345072369548805269e-01 4.224095047917134638e-01 4.235559097744360235e-01 0.000000000000000000e+00 4.363519453031836637e-01 4.313789130665540150e-01 4.438103428315413046e-01 4.451027862595419715e-01 4.211318587311301265e-01 4.500217563025210588e-01 0.000000000000000000e+00 0.000000000000000000e+00 4.507991520030425470e-01 4.575755289256197567e-01 4.636367827411709830e-01 0.000000000000000000e+00 4.331221484589962145e-01 0.000000000000000000e+00 0.000000000000000000e+00 0.000000000000000000e+00 0.000000000000000000e+00 0.000000000000000000e+00 0.000000000000000000e+00 0.000000000000000000e+00 0.000000000000000000e+00 0.000000000000000000e+00
4.685262082531366779e-01 3.002486416371555333e-01 4.497668172046744295e-01 2.751022923600420222e-01 4.184997473221335751e-01 2.253429468031243332e-01 4.452413316943307220e-01 3.082842982783571273e-01 4.130051559479815948e-01 2.978770298875496603e-01 4.592897626076469786e-01 3.882632660183034101e-01 4.356321933644573541e-01 3.465801819130944761e-01 4.527069900675224634e-01 3.173779965236360745e-01 4.743104672996021343e-01 4.071902577161570780e-01 4.913494940316039394e-01 3.161320357589676444e-01 3.871378191489362464e-01 3.421020643115942339e-01 4.351742169374352431e-01 2.514435783339941111e-01 4.069976620319475935e-01 1.928441924463790980e-01 4.068856284607219598e-01 2.956187981397942477e-01 4.639598020632249575e-01 3.573950035882034748e-01 3.966682917280234810e-01 3.373973147350148860e-01 5.003444284838787226e-01 4.278068678698829230e-01 5.522059647058823462e-01 4.358655369771066712e-01 0.000000000000000000e+00 4.732394143233130679e-01 0.000000000000000000e+00 4.755894039729770539e-01 0.000000000000000000e+00 3.791247154044591339e-01 0.000000000000000000e+00 4.269741162790697819e-01 0.000000000000000000e+00 4.739688309357745211e-01 0.000000000000000000e+00 4.566289111111110355e-01 0.000000000000000000e+00 4.450798691343347824e-01 4.219357091836734575e-01 4.285597579700634596e-01 0.000000000000000000e+00 4.328011882490793161e-01 0.000000000000000000e+00 3.627278888592442851e-01 4.862994407175570966e-01 3.882193650897518555e-01 5.172332268907564590e-01 4.361564124870596637e-01 4.754873137526793303e-01 3.941010359186306045e-01 5.263855307692306695e-01 3.938984095421541043e-01 0.000000000000000000e+00 4.116610351770652043e-01 4.973543958588127478e-01 4.630356377769765386e-01 5.024715255710846540e-01 3.774113203729863031e-01 4.733510482668326635e-01 3.665827489880253975e-01 4.462825450614361644e-01 3.701320851934231104e-01 0.000000000000000000e+00 3.483088195578002977e-01 4.567393659133530126e-01 4.014359073230924779e-01 0.000000000000000000e+00 0.000000000000000000e+00 0.000000000000000000e+00 3.985215764019738316e-01 0.000000000000000000e+00 0.000000000000000000e+00 0.000000000000000000e+00 3.835076987553929784e-01 0.000000000000000000e+00 0.000000000000000000e+00 0.000000000000000000e+00 3.789427860670376291e-01 0.000000000000000000e+00 4.193986372119214989e-01 0.000000000000000000e+00 3.992831374045801018e-01 4.392978315789473620e-01 4.198707425064494014e-01 0.000000000000000000e+00 0.000000000000000000e+00 4.969565862068965889e-01 0.000000000000000000e+00 0.000000000000000000e+00 4.609715115642117889e-01 4.646130922119686701e-01 4.339437107438016694e-01 4.582791571186315971e-01 4.214882609246727863e-01 0.000000000000000000e+00 0.000000000000000000e+00 0.000000000000000000e+00 0.000000000000000000e+00 0.000000000000000000e+00 0.000000000000000000e+00 0.000000000000000000e+00 0.000000000000000000e+00 0.000000000000000000e+00 0.000000000000000000e+00
0.000000000000000000e+00 0.000000000000000000e+00 1.752788002427682901e-01 4.184997473221335751e-01 2.020145611529441665e-01 4.065670247821762118e-01 2.826082833333333211e-01 4.009442973220804785e-01 2.295483818802812048e-01 4.225102216888530493e-01 3.254840175438596939e-01 0.000000000000000000e+00 3.207626319268934711e-01 4.122236907216495494e-01 2.654250649506925686e-01 4.150426574008113101e-01 0.000000000000000000e+00 0.000000000000000000e+00 0.000000000000000000e+00 0.000000000000000000e+00 3.128948109030630920e-01 4.617839380952381001e-01 2.144836400945419885e-01 4.088747959192181591e-01 1.330191348122380934e-01 4.210714725617784038e-01 2.121975259994484664e-01 4.296363220338982880e-01 3.249371783880608544e-01 3.186652615384614196e-01 3.278724721852920299e-01 3.894124400835450306e-01 3.840559910407930211e-01 4.036850093784682958e-01 4.251409261261261396e-01 0.000000000000000000e+00 3.610648472222222072e-01 0.000000000000000000e+00 0.000000000000000000e+00 0.000000000000000000e+00 0.000000000000000000e+00 0.000000000000000000e+00 0.000000000000000000e+00 0.000000000000000000e+00 0.000000000000000000e+00 0.000000000000000000e+00 0.000000000000000000e+00 0.000000000000000000e+00 0.000000000000000000e+00 0.000000000000000000e+00 0.000000000000000000e+00 0.000000000000000000e+00 0.000000000000000000e+00 0.000000000000000000e+00 0.000000000000000000e+00 0.000000000000000000e+00 4.020369150943395864e-01 0.000000000000000000e+00 0.000000000000000000e+00 0.000000000000000000e+00 3.784260084745762476e-01 0.000000000000000000e+00 3.573264790476190500e-01 0.000000000000000000e+00 3.817724865079365482e-01 0.000000000000000000e+00 0.000000000000000000e+00 0.000000000000000000e+00 0.000000000000000000e+00 0.000000000000000000e+00 3.146433431125699176e-01 4.384903369867170220e-01 3.174079438570344691e-01 4.482555172726053194e-01 2.816860809722221970e-01 0.000000000000000000e+00 3.738693571428571838e-01 0.000000000000000000e+00 0.000000000000000000e+00 0.000000000000000000e+00 0.000000000000000000e+00 0.000000000000000000e+00 0.000000000000000000e+00 0.000000000000000000e+00 4.178134789915965430e-01 0.000000000000000000e+00 3.487733333333333241e-01 0.000000000000000000e+00 0.000000000000000000e+00 0.000000000000000000e+00 0.000000000000000000e+00 0.000000000000000000e+00 0.000000000000000000e+00 0.000000000000000000e+00 0.000000000000000000e+00 0.000000000000000000e+00 0.000000000000000000e+00 0.000000000000000000e+00 0.000000000000000000e+00 0.000000000000000000e+00 0.000000000000000000e+00 0.000000000000000000e+00 0.000000000000000000e+00 0.000000000000000000e+00 0.000000000000000000e+00 0.000000000000000000e+00 0.000000000000000000e+00 0.000000000000000000e+00 0.000000000000000000e+00 0.000000000000000000e+00 0.000000000000000000e+00 0.000000000000000000e+00 0.000000000000000000e+00 0.000000000000000000e+00 0.000000000000000000e+00 0.000000000000000000e+00
0.000000000000000000e+00 2.945019310743394181e-01 3.999667422009083317e-01 2.253429468031243332e-01 4.065670247821762118e-01 1.795472387903467859e-01 4.033271909090909713e-01 2.945569091921506621e-01 4.083710076868603545e-01 1.981764942123610262e-01 0.000000000000000000e+00 3.081890370208726360e-01 0.000000000000000000e+00 3.189715653073436630e-01 4.216017469879517754e-01 2.187498618198582545e-01 0.000000000000000000e+00 0.000000000000000000e+00 0.000000000000000000e+00 3.627050366049315300e-01 3.910552958630250653e-01 3.224450100172294720e-01 4.088349339198398269e-01 2.511333758271173666e-01 4.090334185682891199e-01 1.758818468021566273e-01 4.099591402913073113e-01 1.856368157630345073e-01 0.000000000000000000e+00 2.670201904176539576e-01 3.527570844082835722e-01 2.898196308572426605e-01 0.000000000000000000e+00 3.159916650344720135e-01 0.000000000000000000e+00 4.183611682242990848e-01 0.000000000000000000e+00 3.742396676587301796e-01 0.000000000000000000e+00 0.000000000000000000e+00 0.000000000000000000e+00 0.000000000000000000e+00 0.000000000000000000e+00 0.000000000000000000e+00 0.000000000000000000e+00 0.000000000000000000e+00 0.000000000000000000e+00 0.000000000000000000e+00 0.000000000000000000e+00 0.000000000000000000e+00 0.000000000000000000e+00 0.000000000000000000e+00 0.000000000000000000e+00 0.000000000000000000e+00 0.000000000000000000e+00 0.000000000000000000e+00 0.000000000000000000e+00 2.931622093023254494e-01 0.000000000000000000e+00 0.000000000000000000e+00 0.000000000000000000e+00 0.000000000000000000e+00 0.000000000000000000e+00 0.000000000000000000e+00 0.000000000000000000e+00 3.043392936507936519e-01 0.000000000000000000e+00 4.144873080687830891e-01 0.000000000000000000e+00 4.023103240740740771e-01 4.400113262070419196e-01 3.036735695589710682e-01 0.000000000000000000e+00 2.916019823597484351e-01 0.000000000000000000e+00 2.725688247225897531e-01 0.000000000000000000e+00 3.314565534989316054e-01 0.000000000000000000e+00 0.000000000000000000e+00 0.000000000000000000e+00 3.321318360655737822e-01 0.000000000000000000e+00 0.000000000000000000e+00 0.000000000000000000e+00 3.412212744536291531e-01 0.000000000000000000e+00 0.000000000000000000e+00 0.000000000000000000e+00 3.662727283809957823e-01 0.000000000000000000e+00 0.000000000000000000e+00 0.000000000000000000e+00 0.000000000000000000e+00 0.000000000000000000e+00 0.000000000000000000e+00 0.000000000000000000e+00 0.000000000000000000e+00 0.000000000000000000e+00 0.000000000000000000e+00 0.000000000000000000e+00 0.000000000000000000e+00 0.000000000000000000e+00 0.000000000000000000e+00 0.000000000000000000e+00 0.000000000000000000e+00 0.000000000000000000e+00 0.000000000000000000e+00 0.000000000000000000e+00 0.000000000000000000e+00 0.000000000000000000e+00 0.000000000000000000e+00 0.000000000000000000e+00 0.000000000000000000e+00 0.000000000000000000e+00 0.000000000000000000e+00
2.604417482569075792e-01 4.505967886467960870e-01 3.064806566354956185e-01 4.452413316943307220e-01 2.826082833333333211e-01 4.033271909090909713e-01 2.559048239015527249e-01 4.343051645740342304e-01 2.778870900385825293e-01 4.095196829658416249e-01 3.354201152742436465e-01 4.516405865624033011e-01 2.818156991839241288e-01 4.291202857303808571e-01 2.945285224197723428e-01 4.163821047041246781e-01 3.744695784894186974e-01 4.561437079202645961e-01 3.797585423512019887e-01 4.736413372649659337e-01 0.000000000000000000e+00 0.000000000000000000e+00 3.327535351738448721e-01 4.263180770399693231e-01 0.000000000000000000e+00 4.032211839080460658e-01 0.000000000000000000e+00 0.000000000000000000e+00 3.312891999062229087e-01 4.414509746109788746e-01 3.627810216901883322e-01 4.295064553572821020e-01 3.840129910768875221e-01 4.652186878229069289e-01 0.000000000000000000e+00 0.000000000000000000e+00 4.539717172061660810e-01 0.000000000000000000e+00 4.457192049180327964e-01 0.000000000000000000e+00 0.000000000000000000e+00 0.000000000000000000e+00 0.000000000000000000e+00 0.000000000000000000e+00 0.000000000000000000e+00 4.550032191011235683e-01 3.800696037735849520e-01 0.000000000000000000e+00 3.934886183081952038e-01 0.000000000000000000e+00 3.875025101507602043e-01 0.000000000000000000e+00 0.000000000000000000e+00 0.000000000000000000e+00 3.742728083555189045e-01 4.127677635135135192e-01 3.624990526023598725e-01 4.539847027227158494e-01 3.897785766270206453e-01 4.375001475409835971e-01 3.829324028136851799e-01 0.000000000000000000e+00 3.827940091138198886e-01 0.000000000000000000e+00 3.883692511294457028e-01 4.551505267175572356e-01 4.088993562184455310e-01 4.779498968253967917e-01 0.000000000000000000e+00 0.000000000000000000e+00 3.279333070670479855e-01 4.606182086561350086e-01 3.315592694079987912e-01 4.438743256310276886e-01 0.000000000000000000e+00 4.117922162162162003e-01 3.807426607360608894e-01 4.406099651572006892e-01 0.000000000000000000e+00 0.000000000000000000e+00 3.840256502234604130e-01 0.000000000000000000e+00 0.000000000000000000e+00 0.000000000000000000e+00 3.816682651761870715e-01 0.000000000000000000e+00 0.000000000000000000e+00 0.000000000000000000e+00 3.835731985961818302e-01 0.000000000000000000e+00 0.000000000000000000e+00 0.000000000000000000e+00 0.000000000000000000e+00 0.000000000000000000e+00 4.317219474050462136e-01 0.000000000000000000e+00 0.000000000000000000e+00 0.000000000000000000e+00 0.000000000000000000e+00 0.000000000000000000e+00 0.000000000000000000e+00 0.000000000000000000e+00 0.000000000000000000e+00 0.000000000000000000e+00 0.000000000000000000e+00 0.000000000000000000e+00 0.000000000000000000e+00 0.000000000000000000e+00 0.000000000000000000e+00 0.000000000000000000e+00 0.000000000000000000e+00 0.000000000000000000e+00 0.000000000000000000e+00 0.000000000000000000e+00 0.000000000000000000e+00 0.000000000000000000e+00
4.378833275903457611e-01 2.782189669987989999e-01 4.366985989056610395e-01 3.082842982783571273e-01 4.009442973220804785e-01 2.945569091921506621e-01 4.343051645740342304e-01 2.530990602823737778e-01 4.091090608221205627e-01 2.548960671593621385e-01 4.452122932078553808e-01 3.134486082793334627e-01 4.378812774863422574e-01 2.695603988704978748e-01 4.439715329731283577e-01 2.415847624607073418e-01 4.349159969348659893e-01 3.439620700586985547e-01 4.626007948667500425e-01 3.986832636072054625e-01 0.000000000000000000e+00 0.000000000000000000e+00 4.362314212113606038e-01 3.347130428604817576e-01 4.106081005365892489e-01 3.077409607142856940e-01 4.257416154761904936e-01 2.752365076923076748e-01 4.286665023220669335e-01 3.470638051667585544e-01 4.035072713360887686e-01 3.299476417548988239e-01 4.703596733074064118e-01 4.171873919064555403e-01 0.000000000000000000e+00 4.318540666666667027e-01 0.000000000000000000e+00 4.235395591503816615e-01 0.000000000000000000e+00 2.796450587301586577e-01 0.000000000000000000e+00 0.000000000000000000e+00 0.000000000000000000e+00 0.000000000000000000e+00 0.000000000000000000e+00 3.896049174509261803e-01 0.000000000000000000e+00 4.204895826771654077e-01 0.000000000000000000e+00 3.811233896882991190e-01 0.000000000000000000e+00 3.734876471479391946e-01 0.000000000000000000e+00 4.095628814814815111e-01 0.000000000000000000e+00 3.705047085150869335e-01 4.782657637795276195e-01 3.692112986370247318e-01 4.585651794871795084e-01 3.879430948083916197e-01 4.608558354227228482e-01 3.699759171291720494e-01 4.840796460176990390e-01 4.025315108972358225e-01 0.000000000000000000e+00 3.711036142183862241e-01 4.676933815877822864e-01 4.252268033469771558e-01 0.000000000000000000e+00 4.267360774781919219e-01 4.586443715361901430e-01 3.299721263608326738e-01 4.357254559357053858e-01 3.440847279933624825e-01 0.000000000000000000e+00 3.401458065931725616e-01 4.479500256242327505e-01 3.788493503497816217e-01 0.000000000000000000e+00 4.077942284746086110e-01 0.000000000000000000e+00 4.183631104924971922e-01 0.000000000000000000e+00 0.000000000000000000e+00 0.000000000000000000e+00 3.898892189281250586e-01 0.000000000000000000e+00 3.935887463723506952e-01 0.000000000000000000e+00 4.042791987004527576e-01 0.000000000000000000e+00 0.000000000000000000e+00 0.000000000000000000e+00 0.000000000000000000e+00 0.000000000000000000e+00 3.951820010767134184e-01 0.000000000000000000e+00 0.000000000000000000e+00 0.000000000000000000e+00 0.000000000000000000e+00 0.000000000000000000e+00 0.000000000000000000e+00 3.909275284552846119e-01 4.099380669642856967e-01 0.000000000000000000e+00 0.000000000000000000e+00 0.000000000000000000e+00 0.000000000000000000e+00 0.000000000000000000e+00 0.000000000000000000e+00 0.000000000000000000e+00 0.000000000000000000e+00 0.000000000000000000e+00 0.000000000000000000e+00 0.000000000000000000e+00 0.000000000000000000e+00
3.352473839097792063e-01 0.000000000000000000e+00 2.652746172229688559e-01 4.130051559479815948e-01 2.295483818802812048e-01 4.083710076868603545e-01 2.778870900385825293e-01 4.091090608221205627e-01 2.246702687640272089e-01 0.000000000000000000e+00 3.397080070467601298e-01 0.000000000000000000e+00 2.303289877232917726e-01 4.160362048192771112e-01 2.445495050007677751e-01 0.000000000000000000e+00 0.000000000000000000e+00 0.000000000000000000e+00 3.479931785488168949e-01 0.000000000000000000e+00 2.957933187293631527e-01 0.000000000000000000e+00 2.989579158971680251e-01 4.028020557071956276e-01 2.053824874514765808e-01 0.000000000000000000e+00 2.902114970648767001e-01 3.369943780487804630e-01 3.156790024874093770e-01 0.000000000000000000e+00 0.000000000000000000e+00 3.847640007856762967e-01 3.498325064935064455e-01 0.000000000000000000e+00 0.000000000000000000e+00 0.000000000000000000e+00 3.834972386363636465e-01 0.000000000000000000e+00 0.000000000000000000e+00 0.000000000000000000e+00 0.000000000000000000e+00 0.000000000000000000e+00 0.000000000000000000e+00 0.000000000000000000e+00 0.000000000000000000e+00 0.000000000000000000e+00 0.000000000000000000e+00 0.000000000000000000e+00 0.000000000000000000e+00 0.000000000000000000e+00 4.080326928104575090e-01 0.000000000000000000e+00 0.000000000000000000e+00 0.000000000000000000e+00 0.000000000000000000e+00 0.000000000000000000e+00 3.523353675213676262e-01 0.000000000000000000e+00 0.000000000000000000e+00 0.000000000000000000e+00 3.951078354803173598e-01 0.000000000000000000e+00 3.861015897474717740e-01 0.000000000000000000e+00 3.948912500417892102e-01 0.000000000000000000e+00 3.830056369823105489e-01 0.000000000000000000e+00 3.933723106796116475e-01 0.000000000000000000e+00 3.147555874843881996e-01 4.552609104848266419e-01 3.133611140470893286e-01 4.437076038011695811e-01 3.226833414634145969e-01 0.000000000000000000e+00 3.432370760179335734e-01 3.652806216216216151e-01 3.787552117647059458e-01 0.000000000000000000e+00 3.737935917147708342e-01 0.000000000000000000e+00 0.000000000000000000e+00 0.000000000000000000e+00 3.929713976118956453e-01 0.000000000000000000e+00 0.000000000000000000e+00 0.000000000000000000e+00 3.743044319999999647e-01 0.000000000000000000e+00 0.000000000000000000e+00 0.000000000000000000e+00 0.000000000000000000e+00 0.000000000000000000e+00 0.000000000000000000e+00 0.000000000000000000e+00 0.000000000000000000e+00 0.000000000000000000e+00 0.000000000000000000e+00 0.000000000000000000e+00 0.000000000000000000e+00 0.000000000000000000e+00 0.000000000000000000e+00 0.000000000000000000e+00 0.000000000000000000e+00 0.000000000000000000e+00 0.000000000000000000e+00 0.000000000000000000e+00 0.000000000000000000e+00 0.000000000000000000e+00 0.000000000000000000e+00 0.000000000000000000e+00 0.000000000000000000e+00 0.000000000000000000e+00 0.000000000000000000e+00 0.000000000000000000e+00
0.000000000000000000e+00 3.292170545828255745e-01 4.094230585064934647e-01 2.978770298875496603e-01 4.225102216888530493e-01 1.981764942123610262e-01 4.095196829658416249e-01 2.548960671593621385e-01 0.000000000000000000e+00 2.100474883192495756e-01 0.000000000000000000e+00 3.478858288664680720e-01 0.000000000000000000e+00 2.901634791303412952e-01 4.623965679012345675e-01 2.499922517153390922e-01 0.000000000000000000e+00 4.029593295454544921e-01 0.000000000000000000e+00 3.602502160407159981e-01 3.537761519768882201e-01 3.331629602920910260e-01 4.143355460722648043e-01 3.230628461158418507e-01 4.240552703397720835e-01 2.219032359594182990e-01 4.224538659471200330e-01 1.473503858599092553e-01 0.000000000000000000e+00 3.372979665329822185e-01 3.821991803002126042e-01 3.420591991116633257e-01 0.000000000000000000e+00 3.562204593501671068e-01 0.000000000000000000e+00 0.000000000000000000e+00 0.000000000000000000e+00 0.000000000000000000e+00 0.000000000000000000e+00 0.000000000000000000e+00 0.000000000000000000e+00 0.000000000000000000e+00 0.000000000000000000e+00 0.000000000000000000e+00 0.000000000000000000e+00 0.000000000000000000e+00 0.000000000000000000e+00 0.000000000000000000e+00 0.000000000000000000e+00 3.230348130081301394e-01 0.000000000000000000e+00 0.000000000000000000e+00 0.000000000000000000e+00 0.000000000000000000e+00 0.000000000000000000e+00 3.906888417266187741e-01 0.000000000000000000e+00 3.450868243200506669e-01 0.000000000000000000e+00 0.000000000000000000e+00 0.000000000000000000e+00 0.000000000000000000e+00 0.000000000000000000e+00 3.651945647699985642e-01 0.000000000000000000e+00 3.297892479999999793e-01 0.000000000000000000e+00 3.558995899155864007e-01 0.000000000000000000e+00 0.000000000000000000e+00 4.553006360989578782e-01 3.166025954126496234e-01 4.367135432098764869e-01 3.299181815067896428e-01 0.000000000000000000e+00 3.099981840747091377e-01 0.000000000000000000e+00 3.679750144529966849e-01 0.000000000000000000e+00 0.000000000000000000e+00 0.000000000000000000e+00 3.739466217669561998e-01 0.000000000000000000e+00 0.000000000000000000e+00 0.000000000000000000e+00 3.697534099097609661e-01 0.000000000000000000e+00 0.000000000000000000e+00 0.000000000000000000e+00 3.588547422863808678e-01 0.000000000000000000e+00 0.000000000000000000e+00 0.000000000000000000e+00 0.000000000000000000e+00 0.000000000000000000e+00 4.058297297297298045e-01 0.000000000000000000e+00 0.000000000000000000e+00 0.000000000000000000e+00 0.000000000000000000e+00 0.000000000000000000e+00 0.000000000000000000e+00 0.000000000000000000e+00 0.000000000000000000e+00 0.000000000000000000e+00 0.000000000000000000e+00 0.000000000000000000e+00 0.000000000000000000e+00 0.000000000000000000e+00 0.000000000000000000e+00 0.000000000000000000e+00 0.000000000000000000e+00 0.000000000000000000e+00 0.000000000000000000e+00 0.000000000000000000e+00 0.000000000000000000e+00
3.077149233200736633e-01 4.385036339181286325e-01 3.875505426877629001e-01 4.592897626076469786e-01 3.254840175438596939e-01 0.000000000000000000e+00 3.354201152742436465e-01 4.452122932078553808e-01 3.397080070467601298e-01 0.000000000000000000e+00 2.941307034394671782e-01 4.552957874281274298e-01 2.865808032569790997e-01 0.000000000000000000e+00 3.580075474631290167e-01 0.000000000000000000e+00 2.963691920856616480e-01 0.000000000000000000e+00 3.937401078762892692e-01 4.707631701647409517e-01 0.000000000000000000e+00 0.000000000000000000e+00 3.683105426295948948e-01 4.268929890109890435e-01 0.000000000000000000e+00 0.000000000000000000e+00 0.000000000000000000e+00 0.000000000000000000e+00 3.673129978270840423e-01 0.000000000000000000e+00 3.935520684754522658e-01 0.000000000000000000e+00 3.941279914336250356e-01 4.699808600587688789e-01 4.575085638297872737e-01 0.000000000000000000e+00 4.705038904109589137e-01 0.000000000000000000e+00 0.000000000000000000e+00 0.000000000000000000e+00 0.000000000000000000e+00 0.000000000000000000e+00 0.000000000000000000e+00 0.000000000000000000e+00 4.496968411301528468e-01 0.000000000000000000e+00 0.000000000000000000e+00 0.000000000000000000e+00 4.354589898989899566e-01 0.000000000000000000e+00 4.075305069062364893e-01 0.000000000000000000e+00 0.000000000000000000e+00 0.000000000000000000e+00 3.536043195876288903e-01 0.000000000000000000e+00 3.557274037908905728e-01 0.000000000000000000e+00 4.074482474378250951e-01 0.000000000000000000e+00 4.078743038948225985e-01 0.000000000000000000e+00 4.049103374922474741e-01 0.000000000000000000e+00 4.184021685755150988e-01 3.929076043165466992e-01 4.295648876258253979e-01 0.000000000000000000e+00 4.168891831896642253e-01 4.732471500991760616e-01 3.454356343751917580e-01 4.655577665781710506e-01 3.433006237935281590e-01 4.251557340425532461e-01 0.000000000000000000e+00 0.000000000000000000e+00 4.055397202177322691e-01 4.347682285714285499e-01 0.000000000000000000e+00 0.000000000000000000e+00 3.979963547770772880e-01 0.000000000000000000e+00 0.000000000000000000e+00 4.177167647058824262e-01 3.955889408987776079e-01 0.000000000000000000e+00 3.602301736111110930e-01 0.000000000000000000e+00 4.004039980067545801e-01 0.000000000000000000e+00 0.000000000000000000e+00 0.000000000000000000e+00 0.000000000000000000e+00 0.000000000000000000e+00 0.000000000000000000e+00 4.690128695652174273e-01 0.000000000000000000e+00 0.000000000000000000e+00 0.000000000000000000e+00 0.000000000000000000e+00 0.000000000000000000e+00 4.785635365853658230e-01 0.000000000000000000e+00 0.000000000000000000e+00 0.000000000000000000e+00 0.000000000000000000e+00 0.000000000000000000e+00 0.000000000000000000e+00 0.000000000000000000e+00 0.000000000000000000e+00 0.000000000000000000e+00 0.000000000000000000e+00 0.000000000000000000e+00 0.000000000000000000e+00 0.000000000000000000e+00 0.000000000000000000e+00
4.490269213178796348e-01 3.247945284922443832e-01 4.585962766690342418e-01 3.882632660183034101e-01 0.000000000000000000e+00 3.081890370208726360e-01 4.516405865624033011e-01 3.134486082793334627e-01 0.000000000000000000e+00 3.478858288664680720e-01 4.552957874281274298e-01 2.959269940682171529e-01 4.512732000000000410e-01 2.796991072974916448e-01 0.000000000000000000e+00 3.602354753253596553e-01 0.000000000000000000e+00 3.259968977243467569e-01 4.683770013531701748e-01 4.013191703934819166e-01 0.000000000000000000e+00 0.000000000000000000e+00 4.702622125062985714e-01 3.829338969426809292e-01 0.000000000000000000e+00 0.000000000000000000e+00 0.000000000000000000e+00 0.000000000000000000e+00 4.507824000000000275e-01 3.329571123427058632e-01 4.184632135274152231e-01 3.728596338542837230e-01 4.542387091019344236e-01 3.909146655453444308e-01 5.102275283018866681e-01 4.601269475308642498e-01 0.000000000000000000e+00 4.612664307056884572e-01 0.000000000000000000e+00 0.000000000000000000e+00 0.000000000000000000e+00 0.000000000000000000e+00 0.000000000000000000e+00 0.000000000000000000e+00 0.000000000000000000e+00 0.000000000000000000e+00 0.000000000000000000e+00 0.000000000000000000e+00 0.000000000000000000e+00 4.520731517818339373e-01 0.000000000000000000e+00 3.569457727272727365e-01 0.000000000000000000e+00 0.000000000000000000e+00 0.000000000000000000e+00 3.587972673267327273e-01 0.000000000000000000e+00 3.901783239266856662e-01 0.000000000000000000e+00 4.065761594112478616e-01 0.000000000000000000e+00 4.219945899594477190e-01 0.000000000000000000e+00 4.151505328657888461e-01 0.000000000000000000e+00 4.141626943353104440e-01 4.956999137931034083e-01 4.184532240734825104e-01 0.000000000000000000e+00 4.255679781061805778e-01 4.582175563761281545e-01 3.475232389836481195e-01 4.367184862790698396e-01 3.780705064804683047e-01 0.000000000000000000e+00 0.000000000000000000e+00 4.563121187707641635e-01 3.901725687209645077e-01 0.000000000000000000e+00 4.176855915492957427e-01 0.000000000000000000e+00 4.215674636947150389e-01 0.000000000000000000e+00 0.000000000000000000e+00 4.023227142857143113e-01 4.256702248241034381e-01 0.000000000000000000e+00 4.077461508387266731e-01 0.000000000000000000e+00 4.341282481331632526e-01 0.000000000000000000e+00 0.000000000000000000e+00 0.000000000000000000e+00 0.000000000000000000e+00 0.000000000000000000e+00 0.000000000000000000e+00 0.000000000000000000e+00 0.000000000000000000e+00 0.000000000000000000e+00 0.000000000000000000e+00 0.000000000000000000e+00 0.000000000000000000e+00 0.000000000000000000e+00 0.000000000000000000e+00 4.703932480620154899e-01 0.000000000000000000e+00 0.000000000000000000e+00 0.000000000000000000e+00 0.000000000000000000e+00 0.000000000000000000e+00 0.000000000000000000e+00 0.000000000000000000e+00 0.000000000000000000e+00 0.000000000000000000e+00 0.000000000000000000e+00 0.000000000000000000e+00
3.419217082964210452e-01 4.289227173913043312e-01 3.417079311663409058e-01 4.356321933644573541e-01 3.207626319268934711e-01 0.000000000000000000e+00 2.818156991839241288e-01 4.378812774863422574e-01 2.303289877232917726e-01 0.000000000000000000e+00 2.865808032569790997e-01 4.512732000000000410e-01 2.608664680374789824e-01 4.285935474479805052e-01 2.353297025956967436e-01 4.280195595238093231e-01 3.959329817388647643e-01 0.000000000000000000e+00 3.795882246640453483e-01 4.628232399350032389e-01 0.000000000000000000e+00 0.000000000000000000e+00 3.507894925088149152e-01 4.288572499013223460e-01 0.000000000000000000e+00 0.000000000000000000e+00 0.000000000000000000e+00 0.000000000000000000e+00 3.361620699039769011e-01 4.420125645161290806e-01 3.529067831999019855e-01 4.188596754237912112e-01 4.063087891156182963e-01 4.334479635185618518e-01 0.000000000000000000e+00 0.000000000000000000e+00 3.941256290609701507e-01 4.977482911392405729e-01 0.000000000000000000e+00 0.000000000000000000e+00 0.000000000000000000e+00 0.000000000000000000e+00 0.000000000000000000e+00 0.000000000000000000e+00 0.000000000000000000e+00 0.000000000000000000e+00 0.000000000000000000e+00 0.000000000000000000e+00 4.579311019955654150e-01 0.000000000000000000e+00 4.105903791520532087e-01 0.000000000000000000e+00 0.000000000000000000e+00 0.000000000000000000e+00 3.967647337823618781e-01 0.000000000000000000e+00 3.918982657296625205e-01 4.433120372308159141e-01 4.112534866165939995e-01 4.801633426573426733e-01 4.125637627472573121e-01 0.000000000000000000e+00 4.034296508379581203e-01 0.000000000000000000e+00 4.125786103690177176e-01 0.000000000000000000e+00 4.041560917745902759e-01 0.000000000000000000e+00 4.323385802469135730e-01 0.000000000000000000e+00 3.196752296190947806e-01 4.491354189034134081e-01 3.549616360718989005e-01 4.353712222612887706e-01 3.465890310709361377e-01 0.000000000000000000e+00 3.781978266918257225e-01 3.986781665388234308e-01 3.852680389610389500e-01 0.000000000000000000e+00 3.927358923457479056e-01 0.000000000000000000e+00 0.000000000000000000e+00 0.000000000000000000e+00 3.978121407584164215e-01 0.000000000000000000e+00 0.000000000000000000e+00 0.000000000000000000e+00 3.847692658730167969e-01 0.000000000000000000e+00 4.108124333333333933e-01 0.000000000000000000e+00 0.000000000000000000e+00 0.000000000000000000e+00 4.217963774572649482e-01 4.197425859375000234e-01 4.287873506493505849e-01 0.000000000000000000e+00 4.291423658536585584e-01 0.000000000000000000e+00 0.000000000000000000e+00 0.000000000000000000e+00 0.000000000000000000e+00 4.041318239999999729e-01 4.149896666666667566e-01 0.000000000000000000e+00 0.000000000000000000e+00 0.000000000000000000e+00 0.000000000000000000e+00 0.000000000000000000e+00 0.000000000000000000e+00 0.000000000000000000e+00 0.000000000000000000e+00 0.000000000000000000e+00 0.000000000000000000e+00 0.000000000000000000e+00
