0.000000000000000000e+00 2.567604479650368796e-02 7.581967213114754189e-02 1.189320388349514486e-02 2.121640735502121605e-03 0.000000000000000000e+00 1.653793103448275847e-01 8.858109196327911689e-03 2.897151134717527651e-03 0.000000000000000000e+00 2.282913165266106381e-01 2.832131822863027601e-03 3.297970479704796787e-02 5.349023803155923554e-04 1.937046004842615018e-03 0.000000000000000000e+00 1.052291801162039964e-01 8.196721311475410263e-03 7.221801665404996295e-02 3.742432581177765338e-02 0.000000000000000000e+00 0.000000000000000000e+00 1.498127340823970097e-03 2.962085308056872264e-04 0.000000000000000000e+00 0.000000000000000000e+00 0.000000000000000000e+00 0.000000000000000000e+00 3.311965811965811995e-02 1.716247139588100582e-03 8.682521706304265410e-03 6.133088009812941123e-04 2.172437202987101065e-02 2.333166081284495860e-02 1.756697408871321989e-03 0.000000000000000000e+00 4.599011782592170305e-02 2.414001207000603545e-03 0.000000000000000000e+00 0.000000000000000000e+00 0.000000000000000000e+00 0.000000000000000000e+00 0.000000000000000000e+00 0.000000000000000000e+00 1.674761346508122630e-04 1.451378809869375793e-04 0.000000000000000000e+00 0.000000000000000000e+00 2.427773731488225284e-03 2.033760423022168092e-04 5.562422744128553941e-03 3.777148253068932700e-04 3.663003663003663000e-04 0.000000000000000000e+00 2.295971613441870167e-03 0.000000000000000000e+00 2.906217794572311663e-01 1.940805434255215862e-03 1.692727011906469681e-02 6.379585326953747830e-04 7.186678352322524443e-02 0.000000000000000000e+00 1.458283528568013465e-02 0.000000000000000000e+00 2.662159306993450159e-02 1.671122994652406320e-04 4.219833216115744315e-03 2.397794029492866449e-04 1.060903732809430206e-01 3.896103896103896101e-03 6.691244239631335966e-02 5.875440658049353509e-04 4.065895548545390981e-02 3.165712894192134613e-03 8.763388510223953792e-03 4.093327875562832534e-04 4.282267792521109867e-02 5.187319884726224704e-03 2.695417789757412544e-03 0.000000000000000000e+00 3.532182103610675191e-03 5.154639175257732077e-04 0.000000000000000000e+00 0.000000000000000000e+00 3.459966098314886523e-02 1.238390092879256986e-04 9.756097560975609748e-04 0.000000000000000000e+00 2.391354334329730963e-02 1.874765654293213438e-04 2.626050420168067438e-03 2.827521206409048214e-03 0.000000000000000000e+00 0.000000000000000000e+00 0.000000000000000000e+00 0.000000000000000000e+00 1.118568232662192369e-03 0.000000000000000000e+00 0.000000000000000000e+00 0.000000000000000000e+00 0.000000000000000000e+00 0.000000000000000000e+00 1.987413050679032959e-03 3.125000000000000065e-04 2.013422818791946525e-03 0.000000000000000000e+00 0.000000000000000000e+00 0.000000000000000000e+00 0.000000000000000000e+00 0.000000000000000000e+00 0.000000000000000000e+00 0.000000000000000000e+00 0.000000000000000000e+00 0.000000000000000000e+00 2.164502164502164500e-03 0.000000000000000000e+00
2.567604479650368796e-02 0.000000000000000000e+00 4.459980713596913872e-03 9.429611650485436591e-02 0.000000000000000000e+00 0.000000000000000000e+00 2.482758620689655329e-03 1.763569012723466001e-01 0.000000000000000000e+00 1.614205004035512443e-03 1.400560224089635866e-03 1.094232749742533456e-01 2.306273062730627239e-04 1.096549879646964432e-02 0.000000000000000000e+00 2.048340843916427682e-03 4.088659350118355879e-03 7.399817850637523120e-02 1.983345950037850025e-02 8.750687947165657066e-02 0.000000000000000000e+00 0.000000000000000000e+00 1.872659176029962621e-04 1.184834123222748906e-03 0.000000000000000000e+00 0.000000000000000000e+00 0.000000000000000000e+00 0.000000000000000000e+00 5.341880341880342418e-04 2.831807780320366036e-02 3.020007550018874963e-03 3.066544004906470561e-04 1.380402806064720544e-02 3.198695434019066530e-02 8.783487044356609943e-04 1.144164759725400460e-03 4.941087039148612560e-03 9.505129752564876744e-02 1.086956521739130448e-03 7.315288953913679903e-04 0.000000000000000000e+00 0.000000000000000000e+00 0.000000000000000000e+00 0.000000000000000000e+00 0.000000000000000000e+00 8.708272859216255844e-04 0.000000000000000000e+00 0.000000000000000000e+00 0.000000000000000000e+00 4.067520846044335968e-03 1.030078285949732181e-04 6.798866855524079295e-03 0.000000000000000000e+00 0.000000000000000000e+00 0.000000000000000000e+00 4.751722499406034754e-04 4.637581587083476446e-03 3.224163027656477554e-01 4.303543250609668386e-04 6.379585326953747526e-02 3.505696757230499535e-04 5.530703538023586802e-02 7.171886206072196996e-04 4.693210232737064780e-02 2.112824846820198616e-04 2.005347593582887736e-02 2.612277705214507972e-03 1.546577149022898903e-02 4.169395328530888650e-02 1.122077922077922146e-01 1.843317972350230413e-03 4.328241284763023611e-02 3.329828250963897621e-03 4.358943138926092697e-02 0.000000000000000000e+00 8.186655751125664418e-03 8.041817450743867293e-03 1.058597502401537049e-01 0.000000000000000000e+00 4.255319148936170283e-03 1.962323390894819581e-04 3.298969072164948529e-02 0.000000000000000000e+00 0.000000000000000000e+00 9.971083856815235512e-05 4.482972136222910381e-02 0.000000000000000000e+00 0.000000000000000000e+00 4.598758335249482788e-04 3.243344581927259246e-02 2.626050420168067438e-03 8.482563619227143775e-03 0.000000000000000000e+00 1.574803149606299191e-03 0.000000000000000000e+00 1.111111111111111154e-02 0.000000000000000000e+00 0.000000000000000000e+00 0.000000000000000000e+00 1.063829787234042527e-02 0.000000000000000000e+00 2.469135802469135752e-03 1.324942033786021900e-03 3.125000000000000173e-03 0.000000000000000000e+00 1.029336078229542038e-03 0.000000000000000000e+00 0.000000000000000000e+00 0.000000000000000000e+00 0.000000000000000000e+00 8.888888888888889315e-04 0.000000000000000000e+00 0.000000000000000000e+00 0.000000000000000000e+00 0.000000000000000000e+00 2.127659574468085141e-03
7.581967213114754189e-02 4.459980713596913872e-03 0.000000000000000000e+00 7.645631067961165296e-03 1.414427157001414415e-01 1.648351648351648350e-03 2.416551724137931123e-01 1.159607022064744648e-02 7.242877836793819302e-02 7.263922518159806642e-03 4.528478057889822467e-02 3.604531410916580938e-03 6.619003690036900922e-02 5.616474993313720111e-03 2.760290556900726541e-02 4.916018025399426783e-03 1.872175597159457874e-02 4.553734061930783238e-04 1.977289931869795625e-01 5.228398458998349298e-03 0.000000000000000000e+00 2.398081534772182090e-03 2.202247191011235949e-01 7.701421800947867019e-03 2.857142857142857054e-02 7.182761372705506395e-03 2.486016159105034016e-03 0.000000000000000000e+00 1.495726495726495790e-02 1.430205949656750521e-03 2.755756889392223588e-02 2.299908003679852764e-02 5.883684091423399369e-03 7.902659307576517453e-03 0.000000000000000000e+00 0.000000000000000000e+00 1.520334473584188453e-02 3.017501508750754431e-04 0.000000000000000000e+00 0.000000000000000000e+00 0.000000000000000000e+00 0.000000000000000000e+00 1.490312965722801787e-04 0.000000000000000000e+00 5.024284039524367891e-04 0.000000000000000000e+00 0.000000000000000000e+00 0.000000000000000000e+00 2.184996358339402669e-03 0.000000000000000000e+00 2.884219200659249999e-03 0.000000000000000000e+00 0.000000000000000000e+00 0.000000000000000000e+00 6.261740763932372887e-04 0.000000000000000000e+00 3.607007901064925980e-03 4.852013585638039654e-04 3.012480275426767870e-03 3.189792663476873915e-04 2.453987730061349837e-03 0.000000000000000000e+00 1.434377241214439399e-03 0.000000000000000000e+00 1.901542362138178809e-03 0.000000000000000000e+00 8.942027529388123577e-03 4.795588058985732899e-04 1.746343593101942803e-03 2.597402597402597400e-04 5.603686635944700456e-02 2.154328241284763062e-03 1.014721345951629800e-01 2.313405576525021448e-03 3.700097370983446848e-02 8.186655751125665069e-04 7.398472054684358812e-02 3.266090297790586166e-03 2.695417789757412544e-03 0.000000000000000000e+00 3.139717425431711329e-03 0.000000000000000000e+00 0.000000000000000000e+00 0.000000000000000000e+00 5.783228636952836461e-03 0.000000000000000000e+00 0.000000000000000000e+00 0.000000000000000000e+00 6.668199586111749934e-03 0.000000000000000000e+00 0.000000000000000000e+00 0.000000000000000000e+00 0.000000000000000000e+00 0.000000000000000000e+00 0.000000000000000000e+00 0.000000000000000000e+00 1.118568232662192369e-03 0.000000000000000000e+00 1.506024096385542247e-03 3.546099290780141758e-03 0.000000000000000000e+00 0.000000000000000000e+00 1.656177542232527321e-03 3.125000000000000065e-04 1.342281879194630800e-03 5.146680391147710190e-04 0.000000000000000000e+00 0.000000000000000000e+00 0.000000000000000000e+00 0.000000000000000000e+00 0.000000000000000000e+00 0.000000000000000000e+00 0.000000000000000000e+00 0.000000000000000000e+00 0.000000000000000000e+00 0.000000000000000000e+00
1.189320388349514486e-02 9.429611650485436591e-02 7.645631067961165296e-03 0.000000000000000000e+00 1.414427157001414475e-03 4.945054945054944834e-03 7.862068965517240646e-03 2.111451119342889482e-01 4.828585224529212752e-03 4.035512510088780889e-03 6.535947712418300852e-03 4.634397528321318460e-02 6.226937269372693519e-03 4.252473923508959947e-02 9.685230024213075089e-04 6.513723883654240487e-02 2.151925973746502980e-03 2.527322404371584730e-02 1.044663133989402054e-02 1.897358282883874481e-01 0.000000000000000000e+00 0.000000000000000000e+00 1.460674157303370850e-02 2.254146919431279650e-01 3.007518796992481383e-03 1.125299281723862732e-01 6.215040397762585040e-04 5.535055350553505157e-03 1.335470085470085496e-03 1.945080091533180761e-02 1.887504718761796874e-02 1.008892977614228720e-01 7.015161801312514399e-03 2.044656297039638623e-02 0.000000000000000000e+00 4.576659038901601841e-03 1.140250855188141427e-03 4.435727217863608823e-02 0.000000000000000000e+00 7.315288953913679903e-04 0.000000000000000000e+00 0.000000000000000000e+00 0.000000000000000000e+00 0.000000000000000000e+00 0.000000000000000000e+00 1.015965166908563110e-03 0.000000000000000000e+00 0.000000000000000000e+00 0.000000000000000000e+00 3.152328655684360353e-03 0.000000000000000000e+00 3.116147308781869532e-03 0.000000000000000000e+00 0.000000000000000000e+00 0.000000000000000000e+00 7.127583749109052402e-04 0.000000000000000000e+00 3.639010189228529795e-03 2.869028833739779285e-04 2.009569377990430561e-02 1.752848378615249768e-04 2.033346888979259675e-03 0.000000000000000000e+00 7.693787266782073321e-04 0.000000000000000000e+00 1.336898395721925056e-03 2.009444388626544886e-04 1.390720537105862541e-02 1.309757694826457156e-03 1.818181818181818180e-03 2.396313364055299537e-03 6.325891108499803739e-02 4.030844724851033803e-03 7.768172409594545358e-02 0.000000000000000000e+00 1.678264428980761475e-02 5.830317651789304612e-03 9.529298751200768192e-02 0.000000000000000000e+00 0.000000000000000000e+00 1.962323390894819581e-04 4.639175257731958761e-03 0.000000000000000000e+00 0.000000000000000000e+00 0.000000000000000000e+00 3.095975232198142600e-03 0.000000000000000000e+00 0.000000000000000000e+00 2.299379167624741394e-04 1.124859392575928117e-03 0.000000000000000000e+00 9.425070688030159991e-04 0.000000000000000000e+00 0.000000000000000000e+00 0.000000000000000000e+00 3.703703703703703845e-03 0.000000000000000000e+00 4.672897196261681894e-03 0.000000000000000000e+00 0.000000000000000000e+00 0.000000000000000000e+00 0.000000000000000000e+00 0.000000000000000000e+00 0.000000000000000000e+00 6.711409395973154000e-04 1.029336078229542038e-03 0.000000000000000000e+00 0.000000000000000000e+00 0.000000000000000000e+00 0.000000000000000000e+00 0.000000000000000000e+00 0.000000000000000000e+00 0.000000000000000000e+00 0.000000000000000000e+00 2.164502164502164500e-03 0.000000000000000000e+00
2.121640735502121605e-03 0.000000000000000000e+00 1.414427157001414415e-01 1.414427157001414475e-03 0.000000000000000000e+00 1.098901098901098900e-03 1.931034482758620715e-03 0.000000000000000000e+00 5.156929019797199532e-01 0.000000000000000000e+00 4.668534080298786400e-04 0.000000000000000000e+00 1.614391143911439149e-03 0.000000000000000000e+00 1.985472154963680291e-01 1.229004506349856696e-03 6.455777921239508940e-04 0.000000000000000000e+00 1.514004542013626040e-04 0.000000000000000000e+00 0.000000000000000000e+00 2.398081534772182090e-03 2.378277153558052553e-02 1.184834123222748906e-03 9.924812030075187697e-02 4.788507581803671219e-03 1.690490988191423183e-01 0.000000000000000000e+00 3.472222222222222029e-03 0.000000000000000000e+00 4.907512268780672357e-03 2.759889604415823559e-03 0.000000000000000000e+00 0.000000000000000000e+00 0.000000000000000000e+00 0.000000000000000000e+00 0.000000000000000000e+00 0.000000000000000000e+00 0.000000000000000000e+00 0.000000000000000000e+00 0.000000000000000000e+00 0.000000000000000000e+00 4.470938897168405361e-04 0.000000000000000000e+00 0.000000000000000000e+00 0.000000000000000000e+00 2.266032177656922774e-04 0.000000000000000000e+00 0.000000000000000000e+00 0.000000000000000000e+00 2.060156571899464362e-04 0.000000000000000000e+00 0.000000000000000000e+00 0.000000000000000000e+00 2.087246921310790962e-04 0.000000000000000000e+00 3.435245620061834525e-04 0.000000000000000000e+00 0.000000000000000000e+00 0.000000000000000000e+00 5.258545135845749032e-04 0.000000000000000000e+00 0.000000000000000000e+00 0.000000000000000000e+00 2.112824846820198616e-04 0.000000000000000000e+00 1.004722194313272443e-04 0.000000000000000000e+00 0.000000000000000000e+00 0.000000000000000000e+00 1.105990783410138248e-02 5.875440658049353509e-04 5.310199789695058126e-02 0.000000000000000000e+00 3.894839337877312700e-03 4.093327875562832534e-04 8.041817450743867944e-04 0.000000000000000000e+00 0.000000000000000000e+00 0.000000000000000000e+00 3.924646781789639161e-04 0.000000000000000000e+00 0.000000000000000000e+00 0.000000000000000000e+00 6.979758699770664994e-04 0.000000000000000000e+00 0.000000000000000000e+00 0.000000000000000000e+00 0.000000000000000000e+00 0.000000000000000000e+00 0.000000000000000000e+00 0.000000000000000000e+00 0.000000000000000000e+00 0.000000000000000000e+00 0.000000000000000000e+00 0.000000000000000000e+00 0.000000000000000000e+00 0.000000000000000000e+00 0.000000000000000000e+00 0.000000000000000000e+00 0.000000000000000000e+00 0.000000000000000000e+00 0.000000000000000000e+00 0.000000000000000000e+00 0.000000000000000000e+00 0.000000000000000000e+00 0.000000000000000000e+00 0.000000000000000000e+00 0.000000000000000000e+00 0.000000000000000000e+00 0.000000000000000000e+00 0.000000000000000000e+00 0.000000000000000000e+00 0.000000000000000000e+00 0.000000000000000000e+00 0.000000000000000000e+00
0.000000000000000000e+00 0.000000000000000000e+00 1.648351648351648350e-03 4.945054945054944834e-03 1.098901098901098900e-03 0.000000000000000000e+00 1.379310344827586264e-04 1.610565308423256607e-04 4.828585224529212752e-04 2.082324455205811220e-01 0.000000000000000000e+00 0.000000000000000000e+00 2.306273062730627239e-04 2.674511901577961777e-04 9.685230024213075089e-04 9.586235149528882227e-02 0.000000000000000000e+00 0.000000000000000000e+00 0.000000000000000000e+00 1.375894331315354936e-04 4.739336492890995622e-03 6.954436450839328321e-02 2.247191011235955254e-03 3.258293838862559057e-03 0.000000000000000000e+00 6.304868316041500886e-02 1.864512119328775620e-03 3.690036900369003670e-01 0.000000000000000000e+00 0.000000000000000000e+00 2.642506606266515484e-03 3.066544004906470236e-03 0.000000000000000000e+00 2.508780732563973734e-04 0.000000000000000000e+00 0.000000000000000000e+00 0.000000000000000000e+00 0.000000000000000000e+00 0.000000000000000000e+00 0.000000000000000000e+00 0.000000000000000000e+00 0.000000000000000000e+00 0.000000000000000000e+00 0.000000000000000000e+00 0.000000000000000000e+00 0.000000000000000000e+00 0.000000000000000000e+00 2.921413964358749523e-04 0.000000000000000000e+00 0.000000000000000000e+00 0.000000000000000000e+00 0.000000000000000000e+00 0.000000000000000000e+00 0.000000000000000000e+00 0.000000000000000000e+00 0.000000000000000000e+00 0.000000000000000000e+00 1.213003396409509914e-04 0.000000000000000000e+00 1.594896331738436957e-04 0.000000000000000000e+00 0.000000000000000000e+00 0.000000000000000000e+00 0.000000000000000000e+00 0.000000000000000000e+00 0.000000000000000000e+00 0.000000000000000000e+00 0.000000000000000000e+00 0.000000000000000000e+00 0.000000000000000000e+00 9.216589861751152066e-04 3.172737955346650873e-02 0.000000000000000000e+00 5.734810666017289837e-02 0.000000000000000000e+00 4.093327875562832729e-02 0.000000000000000000e+00 1.152737752161383340e-03 0.000000000000000000e+00 0.000000000000000000e+00 0.000000000000000000e+00 0.000000000000000000e+00 0.000000000000000000e+00 0.000000000000000000e+00 0.000000000000000000e+00 1.238390092879256986e-04 0.000000000000000000e+00 0.000000000000000000e+00 0.000000000000000000e+00 3.749531308586426877e-04 0.000000000000000000e+00 0.000000000000000000e+00 0.000000000000000000e+00 0.000000000000000000e+00 0.000000000000000000e+00 0.000000000000000000e+00 0.000000000000000000e+00 0.000000000000000000e+00 0.000000000000000000e+00 0.000000000000000000e+00 0.000000000000000000e+00 0.000000000000000000e+00 0.000000000000000000e+00 0.000000000000000000e+00 0.000000000000000000e+00 0.000000000000000000e+00 0.000000000000000000e+00 0.000000000000000000e+00 0.000000000000000000e+00 0.000000000000000000e+00 0.000000000000000000e+00 0.000000000000000000e+00 0.000000000000000000e+00 0.000000000000000000e+00 0.000000000000000000e+00 0.000000000000000000e+00
1.653793103448275847e-01 2.482758620689655329e-03 2.416551724137931123e-01 7.862068965517240646e-03 1.931034482758620715e-03 1.379310344827586264e-04 0.000000000000000000e+00 1.481720083749396046e-02 4.200869145340415528e-02 1.614205004035512443e-03 1.045751633986928136e-01 7.981462409886714779e-03 2.532287822878228623e-01 6.953730944102701379e-03 1.452784503631961155e-03 1.229004506349856696e-03 1.269636324510436780e-02 6.830601092896174857e-04 1.211203633610900832e-02 7.567418822234452634e-03 0.000000000000000000e+00 0.000000000000000000e+00 1.816479400749063805e-02 8.886255924170615925e-03 1.503759398496240692e-03 1.596169193934557145e-03 0.000000000000000000e+00 0.000000000000000000e+00 1.415598290598290600e-02 8.581235697940502909e-04 4.832012080030199941e-02 1.349279362158846939e-02 1.765105227427019724e-02 9.909683893627696874e-03 1.317523056653491492e-03 0.000000000000000000e+00 3.420752565564424280e-03 3.017501508750754431e-04 1.086956521739130448e-03 0.000000000000000000e+00 0.000000000000000000e+00 0.000000000000000000e+00 2.980625931445603574e-04 0.000000000000000000e+00 1.674761346508122630e-04 0.000000000000000000e+00 2.266032177656922774e-04 0.000000000000000000e+00 1.578052925467346348e-03 0.000000000000000000e+00 3.811289658014008989e-03 0.000000000000000000e+00 0.000000000000000000e+00 0.000000000000000000e+00 1.669797537048632770e-03 0.000000000000000000e+00 9.275163174166952892e-03 0.000000000000000000e+00 1.864868741930856373e-03 0.000000000000000000e+00 1.980718667835232316e-02 0.000000000000000000e+00 2.151565861821658990e-03 0.000000000000000000e+00 1.267694908092119148e-02 0.000000000000000000e+00 1.507083291469908529e-03 1.198897014746433225e-04 1.091464745688714225e-03 0.000000000000000000e+00 1.393548387096774088e-01 1.370936153544849261e-03 1.892744479495268167e-02 4.139778400097406802e-03 3.894839337877312700e-03 8.186655751125665069e-04 2.392440691596300906e-02 4.226705091258405218e-03 2.695417789757412544e-03 0.000000000000000000e+00 7.653061224489795741e-03 0.000000000000000000e+00 0.000000000000000000e+00 0.000000000000000000e+00 3.619503440023930790e-02 0.000000000000000000e+00 1.951219512195121950e-03 0.000000000000000000e+00 2.828236376178431752e-02 0.000000000000000000e+00 5.252100840336134226e-04 0.000000000000000000e+00 0.000000000000000000e+00 0.000000000000000000e+00 0.000000000000000000e+00 0.000000000000000000e+00 0.000000000000000000e+00 0.000000000000000000e+00 0.000000000000000000e+00 3.546099290780141758e-03 0.000000000000000000e+00 0.000000000000000000e+00 3.312355084465054751e-04 3.125000000000000065e-04 6.711409395973154000e-04 0.000000000000000000e+00 0.000000000000000000e+00 0.000000000000000000e+00 0.000000000000000000e+00 0.000000000000000000e+00 0.000000000000000000e+00 0.000000000000000000e+00 0.000000000000000000e+00 0.000000000000000000e+00 0.000000000000000000e+00 0.000000000000000000e+00
8.858109196327911689e-03 1.763569012723466001e-01 1.159607022064744648e-02 2.111451119342889482e-01 0.000000000000000000e+00 1.610565308423256607e-04 1.481720083749396046e-02 0.000000000000000000e+00 0.000000000000000000e+00 5.972558514931396167e-02 3.267973856209150426e-03 9.268795056642636920e-02 6.918819188191881880e-03 1.240973522332174395e-01 9.685230024213075089e-04 3.646046702171241299e-02 1.506348181622552086e-03 1.662112932604735763e-02 1.302043906131718394e-02 9.218492019812878774e-03 0.000000000000000000e+00 0.000000000000000000e+00 1.629213483146067440e-02 1.866113744075829223e-02 0.000000000000000000e+00 0.000000000000000000e+00 0.000000000000000000e+00 0.000000000000000000e+00 1.335470085470085496e-03 9.439359267734554609e-03 1.245753114382786020e-02 7.666360012266175590e-03 6.109979633401221855e-03 5.770195684897140402e-03 0.000000000000000000e+00 1.144164759725400460e-03 3.800836183960471242e-04 1.719975859987930150e-02 0.000000000000000000e+00 7.315288953913679903e-04 0.000000000000000000e+00 1.020408163265306041e-02 0.000000000000000000e+00 0.000000000000000000e+00 0.000000000000000000e+00 8.708272859216255844e-04 0.000000000000000000e+00 1.460706982179374761e-04 0.000000000000000000e+00 5.694529184462070008e-03 0.000000000000000000e+00 5.004721435316336099e-03 0.000000000000000000e+00 4.172751929897767663e-04 0.000000000000000000e+00 1.900688999762413902e-03 1.717622810030917263e-04 5.337214944201844162e-03 1.434514416869889643e-04 5.582137161084529432e-03 0.000000000000000000e+00 1.423342822285481903e-02 0.000000000000000000e+00 6.155029813425658657e-03 0.000000000000000000e+00 7.687165775401069885e-03 4.018888777253089772e-04 4.435918954561803365e-03 4.365858982754857007e-04 1.298701298701298700e-03 2.027649769585253454e-03 1.036036036036036001e-01 4.030844724851033803e-03 3.701448922440034317e-02 9.737098344693281751e-04 4.093327875562832209e-03 7.237635705669481258e-03 4.975984630163304834e-02 0.000000000000000000e+00 2.127659574468085141e-03 0.000000000000000000e+00 2.113402061855670228e-02 0.000000000000000000e+00 2.207505518763796908e-03 1.994216771363047102e-04 2.613003095975232129e-02 0.000000000000000000e+00 0.000000000000000000e+00 0.000000000000000000e+00 1.837270341207349056e-02 0.000000000000000000e+00 1.885014137606031998e-03 0.000000000000000000e+00 0.000000000000000000e+00 0.000000000000000000e+00 0.000000000000000000e+00 0.000000000000000000e+00 0.000000000000000000e+00 0.000000000000000000e+00 0.000000000000000000e+00 0.000000000000000000e+00 0.000000000000000000e+00 0.000000000000000000e+00 6.250000000000000130e-04 0.000000000000000000e+00 1.029336078229542038e-03 0.000000000000000000e+00 1.533742331288343594e-03 0.000000000000000000e+00 0.000000000000000000e+00 0.000000000000000000e+00 0.000000000000000000e+00 0.000000000000000000e+00 0.000000000000000000e+00 0.000000000000000000e+00 0.000000000000000000e+00
2.897151134717527651e-03 0.000000000000000000e+00 7.242877836793819302e-02 4.828585224529212752e-03 5.156929019797199532e-01 4.828585224529212752e-04 4.200869145340415528e-02 0.000000000000000000e+00 0.000000000000000000e+00 8.071025020177562213e-04 3.734827264239029120e-03 0.000000000000000000e+00 8.302583025830258603e-03 0.000000000000000000e+00 1.801452784503631832e-01 1.638672675133142189e-03 4.303851947493006502e-04 0.000000000000000000e+00 0.000000000000000000e+00 0.000000000000000000e+00 0.000000000000000000e+00 0.000000000000000000e+00 4.868913857677902544e-03 3.258293838862559057e-03 1.503759398496240692e-03 1.596169193934557145e-03 3.729024238657551241e-03 0.000000000000000000e+00 1.869658119658119738e-03 0.000000000000000000e+00 3.775009437523593921e-03 4.906470407850352898e-03 0.000000000000000000e+00 0.000000000000000000e+00 0.000000000000000000e+00 0.000000000000000000e+00 3.800836183960471242e-04 0.000000000000000000e+00 0.000000000000000000e+00 0.000000000000000000e+00 0.000000000000000000e+00 0.000000000000000000e+00 0.000000000000000000e+00 0.000000000000000000e+00 0.000000000000000000e+00 0.000000000000000000e+00 0.000000000000000000e+00 0.000000000000000000e+00 0.000000000000000000e+00 0.000000000000000000e+00 0.000000000000000000e+00 0.000000000000000000e+00 0.000000000000000000e+00 0.000000000000000000e+00 0.000000000000000000e+00 0.000000000000000000e+00 3.435245620061834525e-04 0.000000000000000000e+00 0.000000000000000000e+00 0.000000000000000000e+00 1.051709027169149806e-03 0.000000000000000000e+00 4.781257470714797998e-04 0.000000000000000000e+00 1.056412423410099362e-03 0.000000000000000000e+00 1.004722194313272443e-04 0.000000000000000000e+00 0.000000000000000000e+00 0.000000000000000000e+00 1.050691244239631422e-02 1.958480219349784503e-04 2.593760953382404436e-02 1.217581882381590100e-04 2.921129503407984308e-03 4.093327875562832534e-04 1.407318053880176863e-03 0.000000000000000000e+00 0.000000000000000000e+00 0.000000000000000000e+00 3.924646781789639161e-04 0.000000000000000000e+00 2.173913043478260896e-03 0.000000000000000000e+00 5.982650314089141578e-04 0.000000000000000000e+00 0.000000000000000000e+00 0.000000000000000000e+00 4.598758335249482788e-04 0.000000000000000000e+00 0.000000000000000000e+00 0.000000000000000000e+00 0.000000000000000000e+00 0.000000000000000000e+00 0.000000000000000000e+00 0.000000000000000000e+00 0.000000000000000000e+00 0.000000000000000000e+00 1.506024096385542247e-03 0.000000000000000000e+00 0.000000000000000000e+00 0.000000000000000000e+00 0.000000000000000000e+00 0.000000000000000000e+00 0.000000000000000000e+00 0.000000000000000000e+00 0.000000000000000000e+00 0.000000000000000000e+00 0.000000000000000000e+00 0.000000000000000000e+00 0.000000000000000000e+00 0.000000000000000000e+00 0.000000000000000000e+00 0.000000000000000000e+00 0.000000000000000000e+00 0.000000000000000000e+00
0.000000000000000000e+00 1.614205004035512443e-03 7.263922518159806642e-03 4.035512510088780889e-03 0.000000000000000000e+00 2.082324455205811220e-01 1.614205004035512443e-03 5.972558514931396167e-02 8.071025020177562213e-04 0.000000000000000000e+00 0.000000000000000000e+00 2.574665293511843589e-03 4.612546125461254479e-04 5.616474993313720111e-03 0.000000000000000000e+00 2.544039328144203083e-01 0.000000000000000000e+00 0.000000000000000000e+00 1.514004542013626040e-04 2.751788662630709871e-04 0.000000000000000000e+00 0.000000000000000000e+00 2.621722846441947724e-03 5.924170616113744528e-04 0.000000000000000000e+00 1.516360734237829147e-02 0.000000000000000000e+00 1.107011070110701031e-02 0.000000000000000000e+00 5.720823798627002301e-04 5.285013212533030968e-03 3.373198405397117346e-03 0.000000000000000000e+00 0.000000000000000000e+00 0.000000000000000000e+00 0.000000000000000000e+00 0.000000000000000000e+00 0.000000000000000000e+00 0.000000000000000000e+00 0.000000000000000000e+00 0.000000000000000000e+00 0.000000000000000000e+00 0.000000000000000000e+00 0.000000000000000000e+00 0.000000000000000000e+00 0.000000000000000000e+00 0.000000000000000000e+00 0.000000000000000000e+00 0.000000000000000000e+00 0.000000000000000000e+00 0.000000000000000000e+00 0.000000000000000000e+00 0.000000000000000000e+00 0.000000000000000000e+00 0.000000000000000000e+00 2.375861249703017377e-04 0.000000000000000000e+00 1.213003396409509914e-04 0.000000000000000000e+00 0.000000000000000000e+00 0.000000000000000000e+00 0.000000000000000000e+00 0.000000000000000000e+00 0.000000000000000000e+00 0.000000000000000000e+00 1.671122994652406320e-04 0.000000000000000000e+00 1.198897014746433225e-04 0.000000000000000000e+00 0.000000000000000000e+00 1.843317972350230413e-04 6.267136701919310410e-03 0.000000000000000000e+00 1.144526969438694822e-02 0.000000000000000000e+00 4.911993450675398824e-03 0.000000000000000000e+00 1.729106628242074901e-03 0.000000000000000000e+00 0.000000000000000000e+00 0.000000000000000000e+00 7.731958762886597574e-04 0.000000000000000000e+00 0.000000000000000000e+00 0.000000000000000000e+00 0.000000000000000000e+00 0.000000000000000000e+00 0.000000000000000000e+00 0.000000000000000000e+00 3.749531308586426877e-04 0.000000000000000000e+00 0.000000000000000000e+00 0.000000000000000000e+00 0.000000000000000000e+00 0.000000000000000000e+00 0.000000000000000000e+00 0.000000000000000000e+00 0.000000000000000000e+00 0.000000000000000000e+00 0.000000000000000000e+00 0.000000000000000000e+00 0.000000000000000000e+00 0.000000000000000000e+00 0.000000000000000000e+00 0.000000000000000000e+00 0.000000000000000000e+00 0.000000000000000000e+00 0.000000000000000000e+00 0.000000000000000000e+00 0.000000000000000000e+00 0.000000000000000000e+00 0.000000000000000000e+00 0.000000000000000000e+00 0.000000000000000000e+00 0.000000000000000000e+00 0.000000000000000000e+00
2.282913165266106381e-01 1.400560224089635866e-03 4.528478057889822467e-02 6.535947712418300852e-03 4.668534080298786400e-04 0.000000000000000000e+00 1.045751633986928136e-01 3.267973856209150426e-03 3.734827264239029120e-03 0.000000000000000000e+00 0.000000000000000000e+00 7.723995880535530116e-04 9.363468634686346326e-02 2.674511901577961777e-04 4.842615012106537761e-03 0.000000000000000000e+00 2.754465246395524161e-02 0.000000000000000000e+00 1.423164269492808477e-02 8.255365987892129614e-04 0.000000000000000000e+00 0.000000000000000000e+00 7.677902621722846287e-03 1.481042654028435915e-03 0.000000000000000000e+00 0.000000000000000000e+00 0.000000000000000000e+00 0.000000000000000000e+00 2.163461538461538408e-02 0.000000000000000000e+00 1.396753491883729638e-02 1.839926402943882228e-03 3.847024213622991795e-03 1.003512293025589494e-03 2.195871761089152486e-03 0.000000000000000000e+00 3.800836183960471242e-04 3.017501508750754431e-04 0.000000000000000000e+00 0.000000000000000000e+00 0.000000000000000000e+00 0.000000000000000000e+00 0.000000000000000000e+00 0.000000000000000000e+00 0.000000000000000000e+00 0.000000000000000000e+00 0.000000000000000000e+00 0.000000000000000000e+00 1.213886865744112669e-04 0.000000000000000000e+00 1.030078285949732181e-04 0.000000000000000000e+00 0.000000000000000000e+00 0.000000000000000000e+00 0.000000000000000000e+00 0.000000000000000000e+00 2.404671934043284276e-03 0.000000000000000000e+00 2.869028833739779285e-04 0.000000000000000000e+00 1.419807186678352304e-02 0.000000000000000000e+00 2.629691608893139007e-03 0.000000000000000000e+00 2.957954785548277954e-03 0.000000000000000000e+00 9.042499748819451174e-04 0.000000000000000000e+00 2.182929491377428503e-04 0.000000000000000000e+00 4.221198156682027386e-02 3.916960438699569006e-04 4.381352961794602111e-03 2.435163764763180201e-04 1.947419668938656350e-03 0.000000000000000000e+00 1.407318053880176863e-03 1.921229586935638810e-04 0.000000000000000000e+00 0.000000000000000000e+00 1.962323390894819310e-03 0.000000000000000000e+00 0.000000000000000000e+00 0.000000000000000000e+00 2.692192641340113764e-03 0.000000000000000000e+00 9.756097560975609748e-04 0.000000000000000000e+00 2.069441250862267146e-03 0.000000000000000000e+00 0.000000000000000000e+00 0.000000000000000000e+00 0.000000000000000000e+00 0.000000000000000000e+00 0.000000000000000000e+00 0.000000000000000000e+00 0.000000000000000000e+00 0.000000000000000000e+00 0.000000000000000000e+00 0.000000000000000000e+00 0.000000000000000000e+00 0.000000000000000000e+00 0.000000000000000000e+00 0.000000000000000000e+00 0.000000000000000000e+00 0.000000000000000000e+00 0.000000000000000000e+00 0.000000000000000000e+00 0.000000000000000000e+00 0.000000000000000000e+00 0.000000000000000000e+00 0.000000000000000000e+00 0.000000000000000000e+00 0.000000000000000000e+00 0.000000000000000000e+00 0.000000000000000000e+00
2.832131822863027601e-03 1.094232749742533456e-01 3.604531410916580938e-03 4.634397528321318460e-02 0.000000000000000000e+00 0.000000000000000000e+00 7.981462409886714779e-03 9.268795056642636920e-02 0.000000000000000000e+00 2.574665293511843589e-03 7.723995880535530116e-04 0.000000000000000000e+00 6.918819188191881447e-04 2.885798341802621181e-01 0.000000000000000000e+00 1.147070872593199467e-02 8.607703894986013004e-04 7.354280510018214312e-02 3.633610900832702495e-03 1.128233351678591123e-02 0.000000000000000000e+00 0.000000000000000000e+00 1.310861423220973862e-03 7.109004739336492566e-03 0.000000000000000000e+00 7.980845969672785726e-04 0.000000000000000000e+00 0.000000000000000000e+00 8.012820512820512543e-04 1.149885583524027505e-01 4.907512268780672357e-03 1.839926402943882228e-03 9.051821679112921105e-04 6.397390868038133754e-03 0.000000000000000000e+00 0.000000000000000000e+00 3.800836183960471242e-04 3.017501508750754322e-03 0.000000000000000000e+00 0.000000000000000000e+00 0.000000000000000000e+00 0.000000000000000000e+00 0.000000000000000000e+00 0.000000000000000000e+00 0.000000000000000000e+00 0.000000000000000000e+00 0.000000000000000000e+00 0.000000000000000000e+00 0.000000000000000000e+00 2.033760423022168092e-04 0.000000000000000000e+00 3.777148253068932700e-04 0.000000000000000000e+00 0.000000000000000000e+00 0.000000000000000000e+00 4.751722499406034754e-04 0.000000000000000000e+00 3.396409509946627867e-03 0.000000000000000000e+00 1.594896331738437012e-03 0.000000000000000000e+00 5.693371289141927437e-03 0.000000000000000000e+00 8.463165993460280978e-03 0.000000000000000000e+00 2.005347593582887909e-03 0.000000000000000000e+00 1.678455820645006515e-03 2.182929491377428503e-04 1.558441558441558440e-03 1.843317972350230413e-04 6.756756756756757132e-02 5.257623554153522446e-04 1.948131011810544377e-02 0.000000000000000000e+00 1.227998362668849706e-03 1.407318053880176863e-03 4.226705091258405218e-03 0.000000000000000000e+00 4.255319148936170283e-03 0.000000000000000000e+00 1.185567010309278302e-02 0.000000000000000000e+00 0.000000000000000000e+00 0.000000000000000000e+00 3.591331269349845069e-03 0.000000000000000000e+00 0.000000000000000000e+00 0.000000000000000000e+00 5.436820397450318511e-03 5.252100840336134226e-04 0.000000000000000000e+00 0.000000000000000000e+00 0.000000000000000000e+00 0.000000000000000000e+00 0.000000000000000000e+00 0.000000000000000000e+00 0.000000000000000000e+00 0.000000000000000000e+00 0.000000000000000000e+00 0.000000000000000000e+00 0.000000000000000000e+00 0.000000000000000000e+00 0.000000000000000000e+00 0.000000000000000000e+00 0.000000000000000000e+00 0.000000000000000000e+00 0.000000000000000000e+00 0.000000000000000000e+00 0.000000000000000000e+00 0.000000000000000000e+00 0.000000000000000000e+00 0.000000000000000000e+00 0.000000000000000000e+00 0.000000000000000000e+00 0.000000000000000000e+00
3.297970479704796787e-02 2.306273062730627239e-04 6.619003690036900922e-02 6.226937269372693519e-03 1.614391143911439149e-03 2.306273062730627239e-04 2.532287822878228623e-01 6.918819188191881880e-03 8.302583025830258603e-03 4.612546125461254479e-04 9.363468634686346326e-02 6.918819188191881447e-04 0.000000000000000000e+00 2.674511901577962102e-03 2.062953995157384979e-01 2.048340843916427682e-03 6.670970518614159454e-03 0.000000000000000000e+00 3.785011355034065099e-03 2.751788662630709871e-04 0.000000000000000000e+00 0.000000000000000000e+00 3.333333333333333287e-02 6.220379146919431321e-03 3.007518796992481383e-03 2.394253790901835609e-03 6.215040397762585040e-04 0.000000000000000000e+00 7.398504273504273587e-02 2.860411899313501150e-04 1.472253680634201534e-02 1.563937442502300046e-02 1.810364335822584221e-03 6.271951831409934607e-04 2.195871761089152486e-03 0.000000000000000000e+00 1.520334473584188497e-03 0.000000000000000000e+00 0.000000000000000000e+00 0.000000000000000000e+00 0.000000000000000000e+00 0.000000000000000000e+00 1.490312965722801787e-04 0.000000000000000000e+00 1.674761346508122630e-04 0.000000000000000000e+00 0.000000000000000000e+00 0.000000000000000000e+00 1.213886865744112669e-04 0.000000000000000000e+00 0.000000000000000000e+00 0.000000000000000000e+00 0.000000000000000000e+00 0.000000000000000000e+00 2.087246921310790962e-04 0.000000000000000000e+00 4.294057025077293102e-03 0.000000000000000000e+00 1.004160091808922696e-03 0.000000000000000000e+00 1.963190184049079870e-02 0.000000000000000000e+00 8.606263447286635962e-03 0.000000000000000000e+00 6.972321994506655053e-03 0.000000000000000000e+00 6.028333165879634116e-04 0.000000000000000000e+00 1.091464745688714225e-03 0.000000000000000000e+00 7.963133640552995385e-02 5.875440658049353509e-04 2.471083070452155528e-02 2.191647388286862425e-03 1.168451801363193723e-02 4.093327875562832534e-04 1.226377161238439810e-02 9.606147934678193777e-04 2.695417789757412544e-03 0.000000000000000000e+00 1.687598116169544693e-02 0.000000000000000000e+00 2.173913043478260896e-03 0.000000000000000000e+00 1.705055339515405485e-02 0.000000000000000000e+00 0.000000000000000000e+00 0.000000000000000000e+00 9.427454587261439173e-03 0.000000000000000000e+00 0.000000000000000000e+00 0.000000000000000000e+00 0.000000000000000000e+00 0.000000000000000000e+00 0.000000000000000000e+00 0.000000000000000000e+00 0.000000000000000000e+00 0.000000000000000000e+00 0.000000000000000000e+00 0.000000000000000000e+00 0.000000000000000000e+00 0.000000000000000000e+00 0.000000000000000000e+00 0.000000000000000000e+00 0.000000000000000000e+00 0.000000000000000000e+00 0.000000000000000000e+00 0.000000000000000000e+00 0.000000000000000000e+00 0.000000000000000000e+00 0.000000000000000000e+00 0.000000000000000000e+00 0.000000000000000000e+00 0.000000000000000000e+00 0.000000000000000000e+00 0.000000000000000000e+00
