2.966720996310476810e-01 5.199762609727978102e-01 3.629192541814830753e-01 5.336372870000783974e-01 4.033055043489706115e-01 0.000000000000000000e+00 3.350465992118344949e-01 5.139503525694205655e-01 3.785190832866484612e-01 0.000000000000000000e+00 3.198004190434509675e-01 5.077909841764418619e-01 3.824374376726368263e-01 4.873362635658914366e-01 4.125527731654237140e-01 0.000000000000000000e+00 3.364565399833047699e-01 5.116901884687342639e-01 4.114170244144152999e-01 5.354152626550655603e-01 3.611204666666666396e-01 0.000000000000000000e+00 4.171972814202029034e-01 0.000000000000000000e+00 3.826062590172239486e-01 0.000000000000000000e+00 0.000000000000000000e+00 0.000000000000000000e+00 4.092349346652436881e-01 5.237464262078340704e-01 4.438912213959665953e-01 0.000000000000000000e+00 4.358252159419045424e-01 5.223266674727267134e-01 3.911998857142856556e-01 0.000000000000000000e+00 4.783267043464229928e-01 5.660372988649380321e-01 5.099306261576168620e-01 0.000000000000000000e+00 4.494655479679803278e-01 0.000000000000000000e+00 0.000000000000000000e+00 0.000000000000000000e+00 4.354448052096617783e-01 4.851640310077520168e-01 0.000000000000000000e+00 0.000000000000000000e+00 4.148317542995784146e-01 5.022425359477123985e-01 4.049894902893938498e-01 4.962176539203824177e-01 4.442738349926143582e-01 0.000000000000000000e+00 4.406651477826340479e-01 0.000000000000000000e+00 2.993214865830948757e-01 5.134873342173202904e-01 4.077747162374874002e-01 4.974055149610417947e-01 4.121259081129736712e-01 5.022302140945583693e-01 3.901465959785245241e-01 4.878328306451612528e-01 4.170002037041366516e-01 5.144797512993397604e-01 4.242166848125457079e-01 4.909876311105261237e-01 3.277692166236270688e-01 5.274242850017166750e-01 3.807566862142358066e-01 5.185993569285812788e-01 3.852168306807252640e-01 5.088291008396603754e-01 0.000000000000000000e+00 0.000000000000000000e+00 3.960883259745491269e-01 4.878502577817066532e-01 4.645172628212692056e-01 0.000000000000000000e+00 4.111055786514072330e-01 0.000000000000000000e+00 4.321510499707202912e-01 0.000000000000000000e+00 4.303972224211904396e-01 4.972254753599114618e-01 4.260095097592861424e-01 0.000000000000000000e+00 4.438925783586910034e-01 0.000000000000000000e+00 4.394167182588332166e-01 4.249228142857142676e-01 4.424787385682885099e-01 0.000000000000000000e+00 4.479598638105809494e-01 0.000000000000000000e+00 5.107177853228963560e-01 0.000000000000000000e+00 4.716037069435605189e-01 4.653139583333333329e-01 4.465034608695652163e-01 0.000000000000000000e+00 4.585247966922575413e-01 4.467243289864291644e-01 4.681111746985875399e-01 4.850794302607641106e-01 0.000000000000000000e+00 0.000000000000000000e+00 0.000000000000000000e+00 0.000000000000000000e+00 0.000000000000000000e+00 0.000000000000000000e+00 0.000000000000000000e+00 0.000000000000000000e+00 0.000000000000000000e+00 0.000000000000000000e+00
5.199762609727978102e-01 3.248078363085135645e-01 5.352299097099770808e-01 3.863754595650303880e-01 0.000000000000000000e+00 4.153257067208773190e-01 5.147477386125038912e-01 3.565361775202369743e-01 0.000000000000000000e+00 3.959016603708403470e-01 5.172780787511945810e-01 3.658267546880842325e-01 4.934989017857142612e-01 3.992068433076151890e-01 0.000000000000000000e+00 4.272509060404260373e-01 4.948476642744953358e-01 3.241770441751274934e-01 5.387207543202711113e-01 3.710147584527307418e-01 0.000000000000000000e+00 0.000000000000000000e+00 4.863682423076923778e-01 4.215183644006494368e-01 0.000000000000000000e+00 0.000000000000000000e+00 0.000000000000000000e+00 3.947090626415094006e-01 5.079476521597813266e-01 4.353632001588361167e-01 5.199578184124405977e-01 3.822884211556559220e-01 5.457392455447509505e-01 4.627113801530253201e-01 0.000000000000000000e+00 4.268680566037734714e-01 5.504024598788181954e-01 5.083700757225545486e-01 5.714656857142856872e-01 5.387372570385009496e-01 0.000000000000000000e+00 4.488997158273381749e-01 0.000000000000000000e+00 0.000000000000000000e+00 5.429046597938144147e-01 4.046366833995601042e-01 0.000000000000000000e+00 4.427671875000000479e-01 0.000000000000000000e+00 4.070103561891346700e-01 4.952075739096429841e-01 4.078865192582770693e-01 0.000000000000000000e+00 3.693963436363636998e-01 0.000000000000000000e+00 4.073221499296356130e-01 5.083927776749129768e-01 3.333988558306074101e-01 5.202437921587925729e-01 4.249490594256337128e-01 5.131475257258226730e-01 4.162919910621933894e-01 4.960552168896295577e-01 4.213849015897377925e-01 5.103069229323308198e-01 4.173032724035310448e-01 5.183101508150551595e-01 4.059568105219026890e-01 5.399741945966848311e-01 3.223602569397897577e-01 5.145695916047899887e-01 3.955569126201342600e-01 4.979181939343517715e-01 4.202790673556163759e-01 0.000000000000000000e+00 0.000000000000000000e+00 4.959848231544762842e-01 3.999789640649306643e-01 0.000000000000000000e+00 0.000000000000000000e+00 5.160859288764045871e-01 4.351091838108915311e-01 0.000000000000000000e+00 4.559273846153845677e-01 4.837539662162163023e-01 4.262419754283604534e-01 0.000000000000000000e+00 4.583410060232525618e-01 4.765161328671328467e-01 4.366042918757848112e-01 4.399365364566478753e-01 4.744029998591215436e-01 4.275001392214988205e-01 4.396166531177527759e-01 4.609847217668073260e-01 4.478152245618465255e-01 0.000000000000000000e+00 0.000000000000000000e+00 4.615122029505582812e-01 4.699663103212726734e-01 0.000000000000000000e+00 4.296407326672653237e-01 0.000000000000000000e+00 4.341904397760602552e-01 4.386900737032836117e-01 4.576543310195020919e-01 0.000000000000000000e+00 3.790834476635513983e-01 3.931091265822785341e-01 0.000000000000000000e+00 0.000000000000000000e+00 0.000000000000000000e+00 0.000000000000000000e+00 0.000000000000000000e+00 4.042029120066645831e-01 0.000000000000000000e+00
3.629192541814830753e-01 5.352299097099770808e-01 2.891933366901582869e-01 5.068273044191812238e-01 2.361081562580200355e-01 4.416975891166630142e-01 3.383519840629936604e-01 4.944856993559438307e-01 3.055043019630144796e-01 4.448641527081855229e-01 4.071330711174027117e-01 5.044265679752452103e-01 3.699823257083389438e-01 4.856134739165461900e-01 3.463404630499735126e-01 4.701106104874386293e-01 4.022061876023498295e-01 5.306988987534518865e-01 3.362322461014463082e-01 5.322815470545770866e-01 3.700850816326530790e-01 0.000000000000000000e+00 2.957804829730967255e-01 4.865007317656081520e-01 2.765117136977630619e-01 4.289818926434113555e-01 3.308178748408502901e-01 4.019843798874824792e-01 3.851282947250009858e-01 5.126204836584264957e-01 4.035813300111641966e-01 4.834129066358509585e-01 4.379745790419972695e-01 5.223947240447850415e-01 4.718933118436305918e-01 0.000000000000000000e+00 4.749955376103465743e-01 5.305029627788422353e-01 4.736134064746261307e-01 0.000000000000000000e+00 4.504227867254951834e-01 0.000000000000000000e+00 0.000000000000000000e+00 0.000000000000000000e+00 4.280656887578466185e-01 0.000000000000000000e+00 4.659715878378378751e-01 0.000000000000000000e+00 4.339674073546981869e-01 4.879702820512821226e-01 4.303619198677104962e-01 0.000000000000000000e+00 0.000000000000000000e+00 0.000000000000000000e+00 4.292840224719101094e-01 0.000000000000000000e+00 4.237808098403760271e-01 5.317360439049124698e-01 4.320205404104358049e-01 4.940475461538461066e-01 4.250652933555101876e-01 5.052797999999999456e-01 3.903440781288418648e-01 0.000000000000000000e+00 4.215180271287997660e-01 0.000000000000000000e+00 4.381008171545651697e-01 4.940363038058377398e-01 3.478592161022215912e-01 5.078887605921269532e-01 3.921365788454057588e-01 5.052781621370334708e-01 3.911468433740457051e-01 4.904364336786520839e-01 3.715725287310412406e-01 0.000000000000000000e+00 4.125095529475796829e-01 4.890704944187058145e-01 0.000000000000000000e+00 0.000000000000000000e+00 4.180211828165975030e-01 5.105456740740740296e-01 3.784554553679654321e-01 0.000000000000000000e+00 4.107931752143125781e-01 0.000000000000000000e+00 4.075771684782608650e-01 4.531846871165643997e-01 4.199528533754902648e-01 4.573646642840596410e-01 4.263910769103598786e-01 0.000000000000000000e+00 4.401476341423649630e-01 4.469357793634192166e-01 4.549222969156047069e-01 4.784870357142856356e-01 0.000000000000000000e+00 0.000000000000000000e+00 5.234773771428570255e-01 0.000000000000000000e+00 4.085336159420290270e-01 0.000000000000000000e+00 4.251112144882679411e-01 4.285018938990472481e-01 4.445981990751344815e-01 4.468973919347120072e-01 0.000000000000000000e+00 0.000000000000000000e+00 0.000000000000000000e+00 0.000000000000000000e+00 4.587847217391303745e-01 0.000000000000000000e+00 0.000000000000000000e+00 0.000000000000000000e+00 0.000000000000000000e+00 0.000000000000000000e+00
5.336372870000783974e-01 3.863754595650303880e-01 5.068273044191812238e-01 2.758707338265516951e-01 4.652351145498347940e-01 2.371770745766847432e-01 5.007773049913674113e-01 3.307217382965478292e-01 4.769007718746842706e-01 3.423607304829237030e-01 4.997117099761889114e-01 4.026601057364792569e-01 4.796550299933212691e-01 3.781865282484804247e-01 4.945253549968346429e-01 3.592422235621147153e-01 5.151492723911947902e-01 4.183403819920412658e-01 5.333199419101701810e-01 3.056973807246812225e-01 0.000000000000000000e+00 0.000000000000000000e+00 4.982710999449230793e-01 2.921403023498428952e-01 4.862582012019178723e-01 3.553023484635697282e-01 4.741580229278117287e-01 3.360251202398089054e-01 5.079397953537478916e-01 3.995937568727166433e-01 4.857352157049018015e-01 3.909401798912409132e-01 5.308172580084766778e-01 4.213483052230526105e-01 5.362111494792336508e-01 4.668250258711264533e-01 5.407226506454652082e-01 4.902775938791347210e-01 5.068707368421052628e-01 4.861315460733384164e-01 0.000000000000000000e+00 4.017518991596638611e-01 0.000000000000000000e+00 5.063143907284768375e-01 0.000000000000000000e+00 4.170516330510134484e-01 0.000000000000000000e+00 4.601033847870372173e-01 0.000000000000000000e+00 4.267814485126668611e-01 0.000000000000000000e+00 4.238423755396276693e-01 0.000000000000000000e+00 3.994693666773714846e-01 0.000000000000000000e+00 4.792807196969697259e-01 5.517491895464305962e-01 4.160479747150823138e-01 4.927887527777777832e-01 4.379643234333674973e-01 5.057945066221287700e-01 4.280288294449491882e-01 0.000000000000000000e+00 4.251682165258415802e-01 0.000000000000000000e+00 4.337147222306504402e-01 5.151538564109613416e-01 4.344029044440313458e-01 5.385999553571428899e-01 4.164448699677043564e-01 5.033094864853444594e-01 3.978131628057411384e-01 4.960822564330223949e-01 3.980154904734732324e-01 0.000000000000000000e+00 0.000000000000000000e+00 4.856805690607775006e-01 4.186777528277735305e-01 0.000000000000000000e+00 0.000000000000000000e+00 4.048763758865248641e-01 4.114252526226246376e-01 5.075096043956044412e-01 4.084982302631579021e-01 0.000000000000000000e+00 4.139132531177748819e-01 0.000000000000000000e+00 4.311914944960212326e-01 0.000000000000000000e+00 4.230207055605771926e-01 4.354723320179573753e-01 4.517153410496282939e-01 4.195574361129885133e-01 4.550955249405781999e-01 4.768246057637019475e-01 4.675705185408144948e-01 5.308219082568808034e-01 0.000000000000000000e+00 4.699850263300802689e-01 4.378625928465976203e-01 4.434224161252560692e-01 4.652979384615384406e-01 4.386959473684211019e-01 4.340439843412391419e-01 4.819128301587347063e-01 4.824291559548887776e-01 0.000000000000000000e+00 0.000000000000000000e+00 0.000000000000000000e+00 0.000000000000000000e+00 0.000000000000000000e+00 0.000000000000000000e+00 0.000000000000000000e+00 0.000000000000000000e+00 4.518575900000000312e-01 0.000000000000000000e+00
4.033055043489706115e-01 0.000000000000000000e+00 2.361081562580200355e-01 4.652351145498347940e-01 2.137606031887448743e-01 4.646763416355791931e-01 2.904087075157582021e-01 4.842335615835395846e-01 2.320884879277043122e-01 4.916609460571910173e-01 3.543804987394680861e-01 0.000000000000000000e+00 3.333483748478751618e-01 4.673115449287167933e-01 2.642352954151712674e-01 4.957575568983302872e-01 0.000000000000000000e+00 0.000000000000000000e+00 3.761457555370072425e-01 4.472752268907563833e-01 3.527198665534787558e-01 4.705627345684282314e-01 3.380624945644647994e-01 5.086931264650043083e-01 1.725270227328995765e-01 4.822682596706033276e-01 2.187026461834384039e-01 4.509451455319202218e-01 3.400353516770885931e-01 0.000000000000000000e+00 3.935186640914410949e-01 4.876346690036836851e-01 4.145219803270803194e-01 0.000000000000000000e+00 0.000000000000000000e+00 0.000000000000000000e+00 0.000000000000000000e+00 0.000000000000000000e+00 0.000000000000000000e+00 0.000000000000000000e+00 0.000000000000000000e+00 0.000000000000000000e+00 0.000000000000000000e+00 0.000000000000000000e+00 0.000000000000000000e+00 0.000000000000000000e+00 4.469190144927536190e-01 0.000000000000000000e+00 0.000000000000000000e+00 0.000000000000000000e+00 0.000000000000000000e+00 0.000000000000000000e+00 0.000000000000000000e+00 0.000000000000000000e+00 0.000000000000000000e+00 0.000000000000000000e+00 4.259205753761418078e-01 0.000000000000000000e+00 4.507778731343283773e-01 0.000000000000000000e+00 4.226649093724229034e-01 0.000000000000000000e+00 0.000000000000000000e+00 0.000000000000000000e+00 4.199928884813042274e-01 0.000000000000000000e+00 4.099055179983179809e-01 0.000000000000000000e+00 4.192212108108107627e-01 0.000000000000000000e+00 3.669993234262416970e-01 5.017149740405947300e-01 3.666031630985115974e-01 4.190816819819820349e-01 3.723911845153149991e-01 0.000000000000000000e+00 3.876645699688229807e-01 4.502695683830172380e-01 0.000000000000000000e+00 0.000000000000000000e+00 4.355241083440033467e-01 0.000000000000000000e+00 3.888474264705882866e-01 0.000000000000000000e+00 4.084730918215139228e-01 0.000000000000000000e+00 4.140708421052631261e-01 0.000000000000000000e+00 4.060330573794498910e-01 0.000000000000000000e+00 4.240419492753623176e-01 0.000000000000000000e+00 0.000000000000000000e+00 0.000000000000000000e+00 4.243171472580718473e-01 0.000000000000000000e+00 0.000000000000000000e+00 0.000000000000000000e+00 0.000000000000000000e+00 0.000000000000000000e+00 0.000000000000000000e+00 0.000000000000000000e+00 0.000000000000000000e+00 4.141508731343283567e-01 4.640568737864077531e-01 0.000000000000000000e+00 0.000000000000000000e+00 0.000000000000000000e+00 0.000000000000000000e+00 0.000000000000000000e+00 0.000000000000000000e+00 0.000000000000000000e+00 0.000000000000000000e+00 0.000000000000000000e+00 0.000000000000000000e+00 0.000000000000000000e+00
0.000000000000000000e+00 4.153257067208773190e-01 4.416975891166630142e-01 2.371770745766847432e-01 4.646763416355791931e-01 1.666378556236826902e-01 4.566571983500010146e-01 3.161061522398458390e-01 4.375587943859027273e-01 2.060323893755973967e-01 4.422563124999999151e-01 3.700985384502435971e-01 4.302814426551843097e-01 3.486551953567687545e-01 4.410055414203020718e-01 2.785478595993702289e-01 0.000000000000000000e+00 4.354739655172413793e-01 4.264767479674796968e-01 3.716559185231263496e-01 4.311007624505928670e-01 2.971085919094095806e-01 4.471196446505588673e-01 2.027734757823433931e-01 4.698432460506350994e-01 1.932819169939985204e-01 4.619393338648062897e-01 2.140538431606200664e-01 4.381175058503835595e-01 3.127445186184711901e-01 4.277089922506421837e-01 3.314435477233670380e-01 0.000000000000000000e+00 3.913703463077002898e-01 0.000000000000000000e+00 0.000000000000000000e+00 0.000000000000000000e+00 4.087849039801907391e-01 0.000000000000000000e+00 0.000000000000000000e+00 3.135288142857143301e-01 0.000000000000000000e+00 0.000000000000000000e+00 0.000000000000000000e+00 0.000000000000000000e+00 0.000000000000000000e+00 0.000000000000000000e+00 4.523686060772799111e-01 0.000000000000000000e+00 0.000000000000000000e+00 0.000000000000000000e+00 4.034633479614528895e-01 0.000000000000000000e+00 0.000000000000000000e+00 0.000000000000000000e+00 4.762503523809523687e-01 0.000000000000000000e+00 4.272411246885594593e-01 0.000000000000000000e+00 3.566918714285713943e-01 4.564104943820223581e-01 0.000000000000000000e+00 0.000000000000000000e+00 4.372244387755102601e-01 0.000000000000000000e+00 4.359574728146267120e-01 0.000000000000000000e+00 4.625801111111111918e-01 0.000000000000000000e+00 0.000000000000000000e+00 4.833807585484384273e-01 3.654902147806569634e-01 5.008108118987342205e-01 3.543850070509969585e-01 0.000000000000000000e+00 0.000000000000000000e+00 4.364656540687911201e-01 3.795510887246488219e-01 0.000000000000000000e+00 0.000000000000000000e+00 0.000000000000000000e+00 0.000000000000000000e+00 0.000000000000000000e+00 4.027089691358025081e-01 0.000000000000000000e+00 4.203708610005307267e-01 0.000000000000000000e+00 4.022383797250859150e-01 0.000000000000000000e+00 4.173770860773131641e-01 3.876583358208955388e-01 3.957291818181818410e-01 0.000000000000000000e+00 0.000000000000000000e+00 4.234214450119168083e-01 3.735584444444444707e-01 0.000000000000000000e+00 0.000000000000000000e+00 0.000000000000000000e+00 0.000000000000000000e+00 0.000000000000000000e+00 0.000000000000000000e+00 0.000000000000000000e+00 0.000000000000000000e+00 0.000000000000000000e+00 0.000000000000000000e+00 0.000000000000000000e+00 0.000000000000000000e+00 0.000000000000000000e+00 0.000000000000000000e+00 0.000000000000000000e+00 0.000000000000000000e+00 0.000000000000000000e+00 0.000000000000000000e+00 0.000000000000000000e+00 0.000000000000000000e+00
3.350465992118344949e-01 5.147477386125038912e-01 3.383519840629936604e-01 5.007773049913674113e-01 2.904087075157582021e-01 4.566571983500010146e-01 2.932375348962112382e-01 4.905412486020744312e-01 3.004282173390223076e-01 4.344120400135486615e-01 3.626810685020726566e-01 4.970567183959134216e-01 3.103970794058284466e-01 4.845703229089349806e-01 3.463462831104390238e-01 4.497806355414237789e-01 3.850005144101253940e-01 5.081530481625328166e-01 4.057742458486301440e-01 5.255372734597805184e-01 0.000000000000000000e+00 0.000000000000000000e+00 3.875925510380617278e-01 4.846797632507295894e-01 3.609537024119595650e-01 4.330697345330376535e-01 3.403923221477813121e-01 4.952864698795181320e-01 3.672360805695710773e-01 4.956199636795658447e-01 3.995057336686158589e-01 4.779759717205149250e-01 4.394214906188937952e-01 5.143640665909218201e-01 0.000000000000000000e+00 0.000000000000000000e+00 4.603334053321047614e-01 5.300552607149524587e-01 4.568805151330795344e-01 0.000000000000000000e+00 4.488809454201196369e-01 0.000000000000000000e+00 4.348040499999999975e-01 0.000000000000000000e+00 4.152045042907885897e-01 0.000000000000000000e+00 4.880839934210527420e-01 0.000000000000000000e+00 4.314952623130424159e-01 0.000000000000000000e+00 4.132535632801007663e-01 4.752025201257862319e-01 4.067379101483959425e-01 0.000000000000000000e+00 4.135148463956725973e-01 0.000000000000000000e+00 4.076329892900226182e-01 4.905034235565103318e-01 4.182085136268675063e-01 4.913259362437830680e-01 4.108643360894442265e-01 4.997604631710361733e-01 4.079640937869477568e-01 0.000000000000000000e+00 4.207639732411705413e-01 5.027048413729127141e-01 4.460053202059926503e-01 4.924123255854307435e-01 4.030961782981407615e-01 0.000000000000000000e+00 3.675651329370784870e-01 4.947263831119179667e-01 3.759783480005243761e-01 4.703054396671963455e-01 3.644331650464834871e-01 0.000000000000000000e+00 3.933607047201803653e-01 4.813327148574880199e-01 4.399204731355252918e-01 0.000000000000000000e+00 4.036389548622896783e-01 4.770598576736279628e-01 0.000000000000000000e+00 0.000000000000000000e+00 4.197325850387096380e-01 4.601369999999999627e-01 0.000000000000000000e+00 0.000000000000000000e+00 4.261529056537804450e-01 4.660238063739141623e-01 4.503894177140255195e-01 4.356493200468286031e-01 4.119920393294648209e-01 4.273516444444444562e-01 4.372830838762326588e-01 4.192181799999999403e-01 4.275035106382979455e-01 0.000000000000000000e+00 4.240684097522506857e-01 4.709589612403101144e-01 0.000000000000000000e+00 4.578408753251111962e-01 4.676202047244094606e-01 4.842810193548386932e-01 4.897327706552254134e-01 4.956727508537974169e-01 0.000000000000000000e+00 0.000000000000000000e+00 0.000000000000000000e+00 0.000000000000000000e+00 0.000000000000000000e+00 0.000000000000000000e+00 0.000000000000000000e+00 0.000000000000000000e+00 0.000000000000000000e+00 0.000000000000000000e+00
5.139503525694205655e-01 3.565361775202369743e-01 4.944856993559438307e-01 3.307217382965478292e-01 4.842335615835395846e-01 3.161061522398458390e-01 4.905412486020744312e-01 2.671679105378941821e-01 4.528864403647215320e-01 2.734365723289806649e-01 4.939143257574468704e-01 3.198886451853030222e-01 4.712979623317874456e-01 2.671639284510758938e-01 4.866143568939765296e-01 3.029170721076793193e-01 5.115532192697275216e-01 3.983569681975330790e-01 5.216319283309815980e-01 3.873741593629687063e-01 0.000000000000000000e+00 0.000000000000000000e+00 4.887653841826632428e-01 3.764727269124056308e-01 4.927936900192479430e-01 4.282413750000000907e-01 4.794170321118991218e-01 3.904441018271792574e-01 4.934214540131936499e-01 3.814661194435327585e-01 4.811426362921040201e-01 3.724880217859307119e-01 5.158612281827243962e-01 3.948675882177400953e-01 0.000000000000000000e+00 4.443720840946860373e-01 5.323904908411277725e-01 4.615839215556342134e-01 5.288262952517843729e-01 4.542440540540541027e-01 0.000000000000000000e+00 4.233392900000000347e-01 0.000000000000000000e+00 4.170647482014389062e-01 0.000000000000000000e+00 3.932257876917714667e-01 0.000000000000000000e+00 4.407954068684085680e-01 0.000000000000000000e+00 3.983942544120989693e-01 0.000000000000000000e+00 3.971698550144494022e-01 0.000000000000000000e+00 0.000000000000000000e+00 4.688404600961538216e-01 3.908467124231502776e-01 4.957638193741109589e-01 4.015908789981925686e-01 4.729606290599738805e-01 4.161252606572580781e-01 5.037008173548386258e-01 4.091411236278542640e-01 0.000000000000000000e+00 4.258160872557413268e-01 4.875844285714286408e-01 4.126138044317748110e-01 4.993205164357898407e-01 4.307893245844279240e-01 0.000000000000000000e+00 4.220554487234042806e-01 4.942134993955976663e-01 3.639470969355985686e-01 4.913739121635015139e-01 3.852782118873769313e-01 4.067025172413792911e-01 0.000000000000000000e+00 4.811103880756876783e-01 3.899109160543428598e-01 4.860153766233766826e-01 0.000000000000000000e+00 4.959962151982725831e-01 4.111657024894957990e-01 0.000000000000000000e+00 4.042391586206896537e-01 5.123627382383195705e-01 4.065970928430145959e-01 0.000000000000000000e+00 3.803847761194029675e-01 0.000000000000000000e+00 4.053708311645563556e-01 4.441254384615384576e-01 4.512417699115043868e-01 0.000000000000000000e+00 4.338716318503350600e-01 4.829505018517635251e-01 4.393346901889013667e-01 0.000000000000000000e+00 4.220696630434783714e-01 4.906270000000000353e-01 4.385738993606440594e-01 0.000000000000000000e+00 4.550608114754098876e-01 4.282453255813954418e-01 4.384311664951073828e-01 4.586532674609162252e-01 4.778493942466310318e-01 0.000000000000000000e+00 0.000000000000000000e+00 0.000000000000000000e+00 0.000000000000000000e+00 0.000000000000000000e+00 0.000000000000000000e+00 0.000000000000000000e+00 0.000000000000000000e+00 0.000000000000000000e+00 0.000000000000000000e+00
3.785190832866484612e-01 0.000000000000000000e+00 3.055043019630144796e-01 4.769007718746842706e-01 2.320884879277043122e-01 4.375587943859027273e-01 3.004282173390223076e-01 4.528864403647215320e-01 2.214974110756311454e-01 4.613848759265920529e-01 3.830506597790398482e-01 4.490931801242235566e-01 3.064165019823689162e-01 4.488244180597604216e-01 2.675386742407270813e-01 4.735657577765260418e-01 4.212517483333333423e-01 4.365059425640828716e-01 4.040624915950444818e-01 4.646172814908838267e-01 3.333978489722393412e-01 0.000000000000000000e+00 3.599030131960757051e-01 4.687230583941461304e-01 2.579863678707780550e-01 4.575223838986282043e-01 3.116871010722369051e-01 4.148193822804314146e-01 3.439812246508112126e-01 4.756293258426965154e-01 3.671215986171729173e-01 4.707511821570173338e-01 4.764709333333334573e-01 4.687768760330578988e-01 0.000000000000000000e+00 0.000000000000000000e+00 4.729220857142856782e-01 0.000000000000000000e+00 4.088752283950616850e-01 0.000000000000000000e+00 0.000000000000000000e+00 0.000000000000000000e+00 4.768963916666666969e-01 0.000000000000000000e+00 4.332060487804878512e-01 0.000000000000000000e+00 3.756247622377622553e-01 0.000000000000000000e+00 0.000000000000000000e+00 0.000000000000000000e+00 4.373419481696808053e-01 0.000000000000000000e+00 0.000000000000000000e+00 0.000000000000000000e+00 0.000000000000000000e+00 0.000000000000000000e+00 4.104984296570314273e-01 0.000000000000000000e+00 4.394496967814793820e-01 0.000000000000000000e+00 4.063914260591421912e-01 0.000000000000000000e+00 0.000000000000000000e+00 0.000000000000000000e+00 4.145491049126961425e-01 0.000000000000000000e+00 3.819097102803738486e-01 4.330785029940119046e-01 4.116827154866047334e-01 0.000000000000000000e+00 3.475114092030788249e-01 4.838184610668278540e-01 3.549002717039090316e-01 4.605638868882765968e-01 3.602461955833112239e-01 0.000000000000000000e+00 3.908026164129996816e-01 4.373564657960198887e-01 0.000000000000000000e+00 0.000000000000000000e+00 3.974550324173280469e-01 0.000000000000000000e+00 3.600025294117646935e-01 0.000000000000000000e+00 4.074450198176829963e-01 0.000000000000000000e+00 0.000000000000000000e+00 0.000000000000000000e+00 4.217694169065743792e-01 0.000000000000000000e+00 3.969424210526315555e-01 4.149094062499999458e-01 4.014670165289256354e-01 0.000000000000000000e+00 4.093862395233632268e-01 4.146822400000000908e-01 0.000000000000000000e+00 0.000000000000000000e+00 0.000000000000000000e+00 0.000000000000000000e+00 0.000000000000000000e+00 0.000000000000000000e+00 0.000000000000000000e+00 4.050599924812030017e-01 4.160532028376944247e-01 4.052608130841121592e-01 3.991480542635659212e-01 0.000000000000000000e+00 0.000000000000000000e+00 0.000000000000000000e+00 0.000000000000000000e+00 0.000000000000000000e+00 0.000000000000000000e+00 0.000000000000000000e+00 0.000000000000000000e+00 0.000000000000000000e+00
0.000000000000000000e+00 3.959016603708403470e-01 4.448641527081855229e-01 3.423607304829237030e-01 4.916609460571910173e-01 2.060323893755973967e-01 4.344120400135486615e-01 2.734365723289806649e-01 4.613848759265920529e-01 2.267816427820117664e-01 4.921312846715328870e-01 3.789502052975214363e-01 4.455382330477334896e-01 3.352956995187036937e-01 4.605949528856933539e-01 2.797509073597221896e-01 0.000000000000000000e+00 4.089035006698196750e-01 0.000000000000000000e+00 3.793401322362620620e-01 0.000000000000000000e+00 4.155686467248391192e-01 4.525186955388646459e-01 3.057801445194571754e-01 4.755551741067969296e-01 2.095033826234662666e-01 4.798866353343500535e-01 2.487818817823548856e-01 4.697840362709130857e-01 3.526971473839021209e-01 4.562087427601277390e-01 3.568115288586219958e-01 0.000000000000000000e+00 3.868643503202572331e-01 0.000000000000000000e+00 5.022152500000000019e-01 0.000000000000000000e+00 4.129839114555617918e-01 0.000000000000000000e+00 0.000000000000000000e+00 0.000000000000000000e+00 0.000000000000000000e+00 0.000000000000000000e+00 4.841070198675496150e-01 0.000000000000000000e+00 4.060793107745399033e-01 0.000000000000000000e+00 4.813958458924350037e-01 0.000000000000000000e+00 4.179947062146892600e-01 0.000000000000000000e+00 3.879590332875457737e-01 0.000000000000000000e+00 0.000000000000000000e+00 0.000000000000000000e+00 0.000000000000000000e+00 0.000000000000000000e+00 4.229962171741242227e-01 0.000000000000000000e+00 4.358552153846154131e-01 0.000000000000000000e+00 4.277051139521765299e-01 0.000000000000000000e+00 4.274553051489573541e-01 0.000000000000000000e+00 4.270634994057346256e-01 0.000000000000000000e+00 4.399386823940585334e-01 0.000000000000000000e+00 0.000000000000000000e+00 4.733467087471278090e-01 3.631565662070955214e-01 4.739532445486364098e-01 3.719080906435122125e-01 0.000000000000000000e+00 3.596710208333333547e-01 4.789843654126582084e-01 4.026226118565551793e-01 0.000000000000000000e+00 0.000000000000000000e+00 0.000000000000000000e+00 4.140714044070935018e-01 0.000000000000000000e+00 0.000000000000000000e+00 0.000000000000000000e+00 4.320314446017067267e-01 0.000000000000000000e+00 4.231353444444444500e-01 0.000000000000000000e+00 4.249111137969776575e-01 4.103874477967678347e-01 3.787803082706766578e-01 3.855574071428571337e-01 3.944241979456515335e-01 4.080542061855670921e-01 0.000000000000000000e+00 0.000000000000000000e+00 0.000000000000000000e+00 0.000000000000000000e+00 0.000000000000000000e+00 0.000000000000000000e+00 4.135566176470588662e-01 0.000000000000000000e+00 0.000000000000000000e+00 4.323514687500000231e-01 4.526345647857888954e-01 0.000000000000000000e+00 0.000000000000000000e+00 3.888358723404255479e-01 0.000000000000000000e+00 0.000000000000000000e+00 0.000000000000000000e+00 0.000000000000000000e+00 0.000000000000000000e+00 0.000000000000000000e+00 0.000000000000000000e+00
3.198004190434509675e-01 5.172780787511945810e-01 4.071330711174027117e-01 4.997117099761889114e-01 3.543804987394680861e-01 4.422563124999999151e-01 3.626810685020726566e-01 4.939143257574468704e-01 3.830506597790398482e-01 4.921312846715328870e-01 3.122963238131373220e-01 5.004813835069410466e-01 3.385901486930883997e-01 4.844004979085906326e-01 4.023096107207220218e-01 4.408169333333333273e-01 3.032998850837948512e-01 5.055399637605779706e-01 4.199368645013782375e-01 5.204978516837975855e-01 0.000000000000000000e+00 0.000000000000000000e+00 4.270486227681173363e-01 5.005111509106248135e-01 0.000000000000000000e+00 0.000000000000000000e+00 0.000000000000000000e+00 0.000000000000000000e+00 3.466658401706268489e-01 5.243139616232110889e-01 4.350195885299410481e-01 4.816423778585887105e-01 4.433956421040044504e-01 5.058105162814278133e-01 0.000000000000000000e+00 0.000000000000000000e+00 4.691214338199412581e-01 5.328040970873785254e-01 4.475569621794871500e-01 0.000000000000000000e+00 4.482755455493063201e-01 0.000000000000000000e+00 0.000000000000000000e+00 0.000000000000000000e+00 4.394518514851485369e-01 0.000000000000000000e+00 0.000000000000000000e+00 0.000000000000000000e+00 4.225255130434782957e-01 0.000000000000000000e+00 4.289717640180649716e-01 4.599076107382549794e-01 4.404020468495142837e-01 0.000000000000000000e+00 4.275641692125931037e-01 0.000000000000000000e+00 3.892707741577728919e-01 0.000000000000000000e+00 4.216330145770280646e-01 4.881525294412847327e-01 4.310576428624771084e-01 0.000000000000000000e+00 4.030059786595700522e-01 0.000000000000000000e+00 4.434176353202011756e-01 0.000000000000000000e+00 4.458025054041979129e-01 0.000000000000000000e+00 4.279892428613261690e-01 5.074980000000000047e-01 3.872591229456877060e-01 5.119242179218379540e-01 3.924235994109024350e-01 4.889677745284819466e-01 0.000000000000000000e+00 0.000000000000000000e+00 4.186548343193400856e-01 4.803244236187813598e-01 0.000000000000000000e+00 0.000000000000000000e+00 4.130261323786673100e-01 4.959200236771149628e-01 0.000000000000000000e+00 0.000000000000000000e+00 4.326496241721878855e-01 0.000000000000000000e+00 4.335223089901292792e-01 0.000000000000000000e+00 4.467854743168908627e-01 0.000000000000000000e+00 0.000000000000000000e+00 0.000000000000000000e+00 4.490000157068063102e-01 0.000000000000000000e+00 0.000000000000000000e+00 0.000000000000000000e+00 0.000000000000000000e+00 0.000000000000000000e+00 0.000000000000000000e+00 0.000000000000000000e+00 0.000000000000000000e+00 0.000000000000000000e+00 0.000000000000000000e+00 0.000000000000000000e+00 0.000000000000000000e+00 0.000000000000000000e+00 0.000000000000000000e+00 0.000000000000000000e+00 0.000000000000000000e+00 0.000000000000000000e+00 0.000000000000000000e+00 0.000000000000000000e+00 0.000000000000000000e+00 0.000000000000000000e+00 0.000000000000000000e+00 0.000000000000000000e+00
5.077909841764418619e-01 3.658267546880842325e-01 5.044265679752452103e-01 4.026601057364792569e-01 0.000000000000000000e+00 3.700985384502435971e-01 4.970567183959134216e-01 3.198886451853030222e-01 4.490931801242235566e-01 3.789502052975214363e-01 5.004813835069410466e-01 2.926061671181452439e-01 4.861110994244850492e-01 3.007139107478323803e-01 0.000000000000000000e+00 3.815539737271346765e-01 5.006024119174112830e-01 4.076583621877651331e-01 5.148680941934898891e-01 4.252050030651419732e-01 4.703330344827585385e-01 0.000000000000000000e+00 5.033516094594177037e-01 4.017803529082684677e-01 3.865165795454545417e-01 0.000000000000000000e+00 0.000000000000000000e+00 0.000000000000000000e+00 5.097443597587916209e-01 3.792232472199077997e-01 4.827475006888502507e-01 3.913390031829077631e-01 5.179788655774667516e-01 4.034949249564369622e-01 0.000000000000000000e+00 0.000000000000000000e+00 5.357613761467890923e-01 4.641307571211078509e-01 0.000000000000000000e+00 4.916857562499999945e-01 0.000000000000000000e+00 5.009329292035399339e-01 0.000000000000000000e+00 0.000000000000000000e+00 0.000000000000000000e+00 4.210843958885941429e-01 0.000000000000000000e+00 0.000000000000000000e+00 0.000000000000000000e+00 3.976603596364682858e-01 0.000000000000000000e+00 3.984797860144930204e-01 0.000000000000000000e+00 0.000000000000000000e+00 0.000000000000000000e+00 4.130735348982534916e-01 0.000000000000000000e+00 4.110249285679090647e-01 0.000000000000000000e+00 4.339189222848066629e-01 0.000000000000000000e+00 4.419902808505369318e-01 4.529871887218046012e-01 4.476369404597451696e-01 0.000000000000000000e+00 4.177230455309143275e-01 5.089197000000000859e-01 4.440585287629391087e-01 4.821933217391304316e-01 4.242634365360130055e-01 5.069592729381952045e-01 4.083734322643128301e-01 4.943274546363283228e-01 4.062844193510821711e-01 0.000000000000000000e+00 0.000000000000000000e+00 4.848050395191046413e-01 4.118947003908705051e-01 0.000000000000000000e+00 0.000000000000000000e+00 4.596961717171716977e-01 4.332670105778872460e-01 0.000000000000000000e+00 4.133098652482269375e-01 0.000000000000000000e+00 4.289818265501815220e-01 0.000000000000000000e+00 4.423052455882352518e-01 0.000000000000000000e+00 4.385130006674882175e-01 0.000000000000000000e+00 4.233710551724138016e-01 0.000000000000000000e+00 0.000000000000000000e+00 0.000000000000000000e+00 4.107771171875000404e-01 0.000000000000000000e+00 0.000000000000000000e+00 0.000000000000000000e+00 0.000000000000000000e+00 0.000000000000000000e+00 0.000000000000000000e+00 0.000000000000000000e+00 0.000000000000000000e+00 0.000000000000000000e+00 4.598932282608695910e-01 0.000000000000000000e+00 0.000000000000000000e+00 0.000000000000000000e+00 0.000000000000000000e+00 0.000000000000000000e+00 0.000000000000000000e+00 0.000000000000000000e+00 0.000000000000000000e+00 0.000000000000000000e+00 0.000000000000000000e+00
3.824374376726368263e-01 4.934989017857142612e-01 3.699823257083389438e-01 4.796550299933212691e-01 3.333483748478751618e-01 4.302814426551843097e-01 3.103970794058284466e-01 4.712979623317874456e-01 3.064165019823689162e-01 4.455382330477334896e-01 3.385901486930883997e-01 4.861110994244850492e-01 2.619394594184716318e-01 4.745067041899241889e-01 3.093853825858412510e-01 4.507453123841261844e-01 3.893408155921693758e-01 4.756569013662017009e-01 4.099094073367534063e-01 4.953453079092877687e-01 0.000000000000000000e+00 0.000000000000000000e+00 3.885457317563635327e-01 4.764872603099671866e-01 3.831344985718345697e-01 4.287799362545261506e-01 3.460495402680049404e-01 4.326092826783385914e-01 3.500980170707208572e-01 4.648062823617279404e-01 3.827992421072771712e-01 4.662839003715455455e-01 4.151424780950752069e-01 4.833983425999130445e-01 0.000000000000000000e+00 0.000000000000000000e+00 4.464187897706679564e-01 5.132765213402473714e-01 4.355479470110290574e-01 0.000000000000000000e+00 4.118494314904773135e-01 0.000000000000000000e+00 4.249460935251798688e-01 0.000000000000000000e+00 3.761991922259983467e-01 0.000000000000000000e+00 5.013519705882352184e-01 4.642793040935672688e-01 4.547596762098323753e-01 0.000000000000000000e+00 4.044276815839718542e-01 0.000000000000000000e+00 4.157040359712230182e-01 0.000000000000000000e+00 4.045831377123240147e-01 0.000000000000000000e+00 4.032771568910359927e-01 4.514859029850746275e-01 4.209027842319998935e-01 0.000000000000000000e+00 4.341663597500959870e-01 0.000000000000000000e+00 4.274953393905080445e-01 0.000000000000000000e+00 4.291336661565957056e-01 0.000000000000000000e+00 4.349026861946160838e-01 4.772436969696969289e-01 4.354764964948454886e-01 0.000000000000000000e+00 3.573003019728892560e-01 4.844808925240128850e-01 4.005903282137161514e-01 4.733679340467151220e-01 3.762347302689181272e-01 0.000000000000000000e+00 4.057392913217964248e-01 4.745306724807856202e-01 4.411221062691131345e-01 0.000000000000000000e+00 4.130981987133084954e-01 5.180897237569059843e-01 3.762374349836200005e-01 0.000000000000000000e+00 4.306199084479506722e-01 0.000000000000000000e+00 0.000000000000000000e+00 0.000000000000000000e+00 4.329501202365430568e-01 0.000000000000000000e+00 0.000000000000000000e+00 0.000000000000000000e+00 4.233549352517986253e-01 4.065297829968944621e-01 4.607354467842638135e-01 0.000000000000000000e+00 0.000000000000000000e+00 0.000000000000000000e+00 5.022911083333333471e-01 0.000000000000000000e+00 0.000000000000000000e+00 0.000000000000000000e+00 0.000000000000000000e+00 0.000000000000000000e+00 4.548473568567438785e-01 0.000000000000000000e+00 4.548376699029125780e-01 0.000000000000000000e+00 0.000000000000000000e+00 0.000000000000000000e+00 0.000000000000000000e+00 0.000000000000000000e+00 0.000000000000000000e+00 0.000000000000000000e+00 0.000000000000000000e+00 0.000000000000000000e+00
