0.000000000000000000e+00 1.318346995690019424e-02 7.692307692307692735e-02 1.665625650635019824e-03 2.241434518091578801e-03 0.000000000000000000e+00 1.631998684535065358e-01 7.700007700007700275e-04 3.401360544217686948e-03 0.000000000000000000e+00 2.188192625428168336e-01 1.697504668137837444e-03 5.170016432815067314e-02 0.000000000000000000e+00 4.515599343185549772e-03 0.000000000000000000e+00 1.118262268704746515e-01 1.858160421183028752e-03 5.391574522525815344e-02 2.030555018371688406e-02 0.000000000000000000e+00 0.000000000000000000e+00 4.187166335182665130e-04 0.000000000000000000e+00 1.321003963011889047e-03 0.000000000000000000e+00 0.000000000000000000e+00 0.000000000000000000e+00 4.137288812026074236e-02 4.872107186358100046e-04 1.958689458689458814e-03 1.743983257760725472e-04 2.145411203814064430e-02 1.592751549833094915e-02 1.511144692104268933e-03 2.935133548576460008e-04 5.810147299509001856e-02 8.629989212513484477e-04 6.933333333333333015e-03 0.000000000000000000e+00 2.777777777777777624e-02 7.812500000000000000e-03 2.916018662519440389e-04 0.000000000000000000e+00 9.014810045074050666e-04 1.079913606911447069e-04 1.684068710003368101e-04 0.000000000000000000e+00 5.396825396825397254e-03 1.681237390719569577e-04 1.026598226784881072e-02 1.936233380663482709e-04 2.057613168724280010e-03 0.000000000000000000e+00 3.728923476005188264e-03 0.000000000000000000e+00 3.702979101823032360e-01 7.702973347712216770e-04 4.562080877870351714e-02 7.211538461538461939e-04 3.756323323646539730e-02 0.000000000000000000e+00 1.134907559948746154e-02 0.000000000000000000e+00 8.982584784601283304e-03 2.445585717779408296e-04 2.416128039396737287e-02 2.944640753828032761e-04 1.253616200578591966e-01 2.235772357723577342e-03 3.769375293565054019e-02 6.151322534344884612e-04 4.673479561316051800e-02 2.446225221425558666e-03 8.116883116883116117e-03 7.818608287724784865e-04 7.276938078985860370e-02 3.379953379953380167e-03 1.237623762376237639e-03 0.000000000000000000e+00 1.625428932635000854e-03 0.000000000000000000e+00 0.000000000000000000e+00 0.000000000000000000e+00 9.037393250974214837e-03 8.230452674897119987e-05 1.042752867570385846e-03 0.000000000000000000e+00 4.225581017389890698e-03 0.000000000000000000e+00 1.507386192342478198e-03 2.348796241926012860e-03 0.000000000000000000e+00 3.872966692486444853e-04 1.055276381909547728e-01 5.899705014749262455e-03 5.473025801407349622e-03 4.613610149942330013e-03 7.868383404864091532e-03 5.784061696658097593e-03 0.000000000000000000e+00 8.733624454148471812e-04 9.088843444671665904e-04 1.755070202808112385e-03 3.037462031724603301e-03 8.375209380234505986e-04 2.857142857142857140e-03 0.000000000000000000e+00 0.000000000000000000e+00 0.000000000000000000e+00 0.000000000000000000e+00 3.968253968253968034e-03 0.000000000000000000e+00 0.000000000000000000e+00 0.000000000000000000e+00 0.000000000000000000e+00
1.318346995690019424e-02 0.000000000000000000e+00 2.385662748748981852e-03 4.934415990006246061e-02 0.000000000000000000e+00 0.000000000000000000e+00 1.562114609882430229e-03 6.321706321706321852e-02 0.000000000000000000e+00 6.839945280437756403e-04 1.208946201894015634e-03 6.942794092683754470e-02 0.000000000000000000e+00 1.154220553469614829e-02 0.000000000000000000e+00 2.299437915176290315e-03 1.126307320997586587e-03 2.926602663363270240e-02 2.558713332724115927e-02 7.048926706633146244e-02 0.000000000000000000e+00 0.000000000000000000e+00 0.000000000000000000e+00 1.126307320997586587e-03 0.000000000000000000e+00 0.000000000000000000e+00 0.000000000000000000e+00 0.000000000000000000e+00 3.990953837967274446e-04 1.169305724725944011e-02 1.602564102564102509e-03 1.220788280432507939e-03 1.835518474374255027e-02 2.365283738674296699e-02 3.777861730260672333e-04 2.935133548576460008e-04 1.909438079650845662e-03 1.208198489751887844e-01 5.333333333333333589e-04 2.116788321167883263e-02 0.000000000000000000e+00 1.015625000000000000e-01 0.000000000000000000e+00 0.000000000000000000e+00 0.000000000000000000e+00 7.559395248380129618e-04 0.000000000000000000e+00 3.837298541826554056e-04 0.000000000000000000e+00 1.597175521183591016e-03 7.777259293824856281e-05 5.744159029301664811e-03 0.000000000000000000e+00 5.324813631522897200e-04 0.000000000000000000e+00 4.377006127808579167e-04 1.156069364161849784e-03 2.662917886304113635e-01 3.048160942897784761e-04 2.584134615384615224e-02 3.228931223764933654e-04 1.735406806400721300e-02 0.000000000000000000e+00 2.856292770008925924e-02 0.000000000000000000e+00 1.650770359501100432e-02 2.308402585410895575e-04 1.111601884570082369e-02 1.272902603664416606e-02 1.640243902439024459e-01 4.697040864255519238e-04 5.085093295058437657e-02 1.495513459621136687e-03 5.314213412062421260e-02 0.000000000000000000e+00 1.250977326035965578e-02 1.950268161872257362e-03 7.564102564102563597e-02 0.000000000000000000e+00 1.132502831257078220e-03 0.000000000000000000e+00 1.108237901736239478e-03 0.000000000000000000e+00 0.000000000000000000e+00 0.000000000000000000e+00 4.362139917695473552e-03 0.000000000000000000e+00 0.000000000000000000e+00 0.000000000000000000e+00 3.185930929017458894e-03 2.110340669279469564e-03 5.578391074574281031e-03 0.000000000000000000e+00 2.711076684740511018e-03 3.768844221105527303e-02 2.949852507374631227e-02 1.563721657544956973e-03 8.073817762399076656e-03 2.861230329041487830e-03 8.997429305912596834e-03 6.277463904582549110e-04 1.746724890829694362e-03 1.817768688934333181e-03 1.560062402496099898e-03 6.749915626054674243e-04 2.233389168062534930e-03 0.000000000000000000e+00 0.000000000000000000e+00 0.000000000000000000e+00 0.000000000000000000e+00 0.000000000000000000e+00 0.000000000000000000e+00 2.570694087403598786e-03 0.000000000000000000e+00 0.000000000000000000e+00 0.000000000000000000e+00
7.692307692307692735e-02 2.385662748748981852e-03 0.000000000000000000e+00 5.621486570893191419e-03 3.326929234710214733e-01 6.540222367560497496e-04 2.475540573871577721e-01 1.208901208901208904e-02 1.015175300889586546e-01 6.155950752393980763e-03 5.500705218617771286e-02 7.808521473434052070e-03 9.000126406269751134e-02 7.231261298845779832e-03 5.254515599343185378e-02 3.065917220235053753e-03 2.139983909895414385e-02 1.858160421183028752e-03 1.143196564013524569e-01 5.124734093985689604e-03 0.000000000000000000e+00 0.000000000000000000e+00 3.002198262325970757e-01 7.401448109412711238e-03 2.100396301188903470e-01 2.793296089385474950e-03 3.418451400329489132e-02 0.000000000000000000e+00 3.472129839031528470e-02 1.705237515225334908e-03 5.608974358974359170e-02 2.947331705615626254e-02 1.680572109654350499e-02 6.771578445398188269e-03 1.888930865130336329e-03 0.000000000000000000e+00 2.100381887615930185e-02 4.314994606256742238e-04 5.333333333333333589e-04 0.000000000000000000e+00 1.388888888888888812e-02 3.906250000000000000e-03 0.000000000000000000e+00 0.000000000000000000e+00 2.575660012878300113e-04 0.000000000000000000e+00 3.368137420006736202e-04 0.000000000000000000e+00 7.407407407407407040e-04 0.000000000000000000e+00 9.332711152589827537e-04 0.000000000000000000e+00 0.000000000000000000e+00 0.000000000000000000e+00 4.863813229571984503e-04 0.000000000000000000e+00 6.580702534459760208e-03 7.702973347712217583e-05 8.230034545824020317e-03 1.201923076923076990e-04 1.614465611882466827e-03 2.253775073247689940e-04 1.281347245103422973e-03 0.000000000000000000e+00 5.499541704857928686e-04 0.000000000000000000e+00 1.292705447830101544e-02 7.361601884570081902e-05 2.102217936354869657e-02 0.000000000000000000e+00 5.718647252231094658e-02 7.176542956735697991e-04 1.000747756729810506e-01 3.205398566005904833e-03 2.597402597402597574e-02 7.818608287724784865e-04 9.605070697220867426e-02 3.146853146853147067e-03 0.000000000000000000e+00 0.000000000000000000e+00 9.030160736861116578e-04 1.847063169560398950e-04 0.000000000000000000e+00 0.000000000000000000e+00 2.404444075947267945e-03 8.230452674897119987e-05 1.042752867570385846e-03 0.000000000000000000e+00 4.875670404680643405e-04 0.000000000000000000e+00 9.044317154054868323e-04 3.229594832648267737e-03 0.000000000000000000e+00 1.161890007745933293e-03 5.276381909547738641e-02 0.000000000000000000e+00 3.127443315089913946e-03 2.306805074971165007e-03 1.430615164520743915e-03 3.856041131105398395e-03 0.000000000000000000e+00 0.000000000000000000e+00 9.088843444671665904e-04 7.800312012480499491e-04 1.687478906513668669e-03 1.395868230039084331e-03 0.000000000000000000e+00 0.000000000000000000e+00 0.000000000000000000e+00 0.000000000000000000e+00 0.000000000000000000e+00 0.000000000000000000e+00 2.570694087403598786e-03 1.869158878504672975e-03 0.000000000000000000e+00 0.000000000000000000e+00
1.665625650635019824e-03 4.934415990006246061e-02 5.621486570893191419e-03 0.000000000000000000e+00 3.202049311559397853e-03 2.387181164159581440e-02 9.948203568198634925e-03 2.754292754292754219e-01 5.232862375719518448e-03 2.667578659370724997e-02 3.626838605682047335e-03 7.282295026311322306e-02 8.469220073315636074e-03 8.552357113057988680e-02 4.310344827586206837e-03 2.401635155850791875e-02 9.654062751407884412e-04 2.260761845772684894e-02 5.848487617655121797e-03 1.681492941403983643e-01 1.640689089417555471e-03 2.714932126696832475e-03 1.444572385638019478e-02 3.319388576025744109e-01 4.403346543372963634e-03 4.804469273743016550e-02 4.118616144975288359e-04 3.921568627450980338e-03 1.463349740588000504e-03 2.241169305724725891e-02 1.798433048433048520e-02 1.185908615277293382e-01 3.098927294398093162e-03 1.468764902241297132e-02 3.777861730260672333e-04 8.805400645729381109e-04 0.000000000000000000e+00 1.790722761596548127e-02 0.000000000000000000e+00 1.678832116788321269e-02 0.000000000000000000e+00 6.250000000000000000e-02 0.000000000000000000e+00 0.000000000000000000e+00 0.000000000000000000e+00 4.319654427645788276e-04 0.000000000000000000e+00 1.279099513942184776e-04 0.000000000000000000e+00 1.513113651647612565e-03 0.000000000000000000e+00 1.742610042597134276e-03 0.000000000000000000e+00 1.331203407880724300e-04 0.000000000000000000e+00 4.377006127808579167e-04 2.667852378835037629e-04 1.833307656755507609e-02 0.000000000000000000e+00 2.524038461538461592e-02 0.000000000000000000e+00 9.015100292990759758e-04 0.000000000000000000e+00 8.925914906277893513e-04 0.000000000000000000e+00 2.078747860112496997e-03 7.694675284702985250e-05 8.833922261484099259e-03 3.857280617164898871e-04 3.658536585365853872e-03 1.878816345702207695e-03 4.880049210580274938e-02 1.994017946161515294e-03 7.962884858709405600e-02 0.000000000000000000e+00 2.971071149335418465e-02 9.751340809361286810e-04 8.974358974358974395e-02 0.000000000000000000e+00 1.132502831257078220e-03 0.000000000000000000e+00 2.585888437384558421e-03 0.000000000000000000e+00 0.000000000000000000e+00 8.291186468783682802e-05 9.876543209876543442e-04 0.000000000000000000e+00 0.000000000000000000e+00 0.000000000000000000e+00 1.401809608767681835e-03 3.316249623153451863e-03 2.348796241926012860e-03 0.000000000000000000e+00 3.872966692486444853e-04 1.256281407035175941e-02 1.179941002949852491e-02 1.563721657544956973e-03 0.000000000000000000e+00 8.583690987124463490e-03 6.426735218508996964e-04 6.277463904582549110e-04 0.000000000000000000e+00 2.044989775051124937e-03 5.850234009360374618e-04 3.374957813027337121e-04 2.791736460078168662e-04 1.428571428571428570e-03 0.000000000000000000e+00 0.000000000000000000e+00 0.000000000000000000e+00 0.000000000000000000e+00 0.000000000000000000e+00 0.000000000000000000e+00 1.869158878504672975e-03 0.000000000000000000e+00 0.000000000000000000e+00
2.241434518091578801e-03 0.000000000000000000e+00 3.326929234710214733e-01 3.202049311559397853e-03 0.000000000000000000e+00 3.270111183780248748e-04 1.685439447504727406e-02 1.309001309001309090e-03 3.558346415489272441e-01 1.367989056087551281e-03 4.029820672980052474e-04 1.697504668137837336e-04 3.160156743774491118e-03 2.781254345709914945e-04 1.689244663382594436e-01 7.664793050587634382e-04 3.218020917135961290e-04 0.000000000000000000e+00 8.224435712327514891e-04 9.669309611293753202e-05 1.066447908121410937e-02 0.000000000000000000e+00 3.318329320632262130e-02 1.769911504424778736e-03 1.796565389696169190e-01 1.675977653631284883e-03 1.771004942339373944e-01 0.000000000000000000e+00 5.321271783956365783e-03 0.000000000000000000e+00 4.273504273504273934e-03 4.185559818625741134e-03 3.575685339690107202e-04 9.537434430138292134e-05 0.000000000000000000e+00 0.000000000000000000e+00 2.727768685215493493e-04 0.000000000000000000e+00 0.000000000000000000e+00 0.000000000000000000e+00 0.000000000000000000e+00 0.000000000000000000e+00 9.720062208398133727e-05 0.000000000000000000e+00 0.000000000000000000e+00 0.000000000000000000e+00 0.000000000000000000e+00 0.000000000000000000e+00 1.058201058201058245e-04 0.000000000000000000e+00 7.777259293824856281e-05 0.000000000000000000e+00 3.429355281207132808e-04 0.000000000000000000e+00 0.000000000000000000e+00 0.000000000000000000e+00 2.667852378835037629e-04 0.000000000000000000e+00 1.016053647632595011e-04 0.000000000000000000e+00 1.076310407921644597e-04 0.000000000000000000e+00 1.830496064433461583e-04 0.000000000000000000e+00 9.165902841429881143e-04 0.000000000000000000e+00 7.694675284702985250e-05 0.000000000000000000e+00 0.000000000000000000e+00 0.000000000000000000e+00 2.595115077501174150e-02 3.075661267172442306e-04 1.707377866400797486e-02 0.000000000000000000e+00 1.623376623376623484e-03 0.000000000000000000e+00 1.462701121404193184e-03 0.000000000000000000e+00 0.000000000000000000e+00 0.000000000000000000e+00 0.000000000000000000e+00 0.000000000000000000e+00 0.000000000000000000e+00 0.000000000000000000e+00 4.974711881270209952e-04 0.000000000000000000e+00 1.042752867570385846e-03 0.000000000000000000e+00 8.126117341134405855e-04 0.000000000000000000e+00 0.000000000000000000e+00 0.000000000000000000e+00 0.000000000000000000e+00 3.872966692486444853e-04 5.025125628140703592e-03 0.000000000000000000e+00 0.000000000000000000e+00 0.000000000000000000e+00 0.000000000000000000e+00 0.000000000000000000e+00 0.000000000000000000e+00 0.000000000000000000e+00 2.272210861167916476e-04 0.000000000000000000e+00 0.000000000000000000e+00 0.000000000000000000e+00 0.000000000000000000e+00 0.000000000000000000e+00 0.000000000000000000e+00 0.000000000000000000e+00 0.000000000000000000e+00 0.000000000000000000e+00 0.000000000000000000e+00 0.000000000000000000e+00 0.000000000000000000e+00 0.000000000000000000e+00
0.000000000000000000e+00 0.000000000000000000e+00 6.540222367560497496e-04 2.387181164159581440e-02 3.270111183780248748e-04 0.000000000000000000e+00 0.000000000000000000e+00 5.852005852005851688e-03 0.000000000000000000e+00 2.352941176470588203e-01 0.000000000000000000e+00 1.697504668137837336e-04 0.000000000000000000e+00 6.953135864274787633e-04 0.000000000000000000e+00 1.893203883495145623e-01 0.000000000000000000e+00 0.000000000000000000e+00 0.000000000000000000e+00 1.933861922258750640e-04 4.922067268252666196e-03 2.262443438914027091e-02 6.280749502773997966e-04 2.944489139179404594e-02 4.403346543372963634e-03 1.290502793296089412e-01 0.000000000000000000e+00 2.145098039215686259e-01 0.000000000000000000e+00 5.359317904993910267e-03 1.068376068376068484e-03 4.534356470177886012e-03 0.000000000000000000e+00 0.000000000000000000e+00 0.000000000000000000e+00 0.000000000000000000e+00 0.000000000000000000e+00 0.000000000000000000e+00 0.000000000000000000e+00 0.000000000000000000e+00 0.000000000000000000e+00 0.000000000000000000e+00 0.000000000000000000e+00 0.000000000000000000e+00 0.000000000000000000e+00 0.000000000000000000e+00 0.000000000000000000e+00 0.000000000000000000e+00 0.000000000000000000e+00 0.000000000000000000e+00 0.000000000000000000e+00 6.454111268878274794e-05 0.000000000000000000e+00 1.331203407880724300e-04 0.000000000000000000e+00 2.918004085205719083e-04 0.000000000000000000e+00 0.000000000000000000e+00 0.000000000000000000e+00 0.000000000000000000e+00 0.000000000000000000e+00 0.000000000000000000e+00 0.000000000000000000e+00 1.487652484379648919e-04 0.000000000000000000e+00 0.000000000000000000e+00 7.694675284702985250e-05 0.000000000000000000e+00 0.000000000000000000e+00 0.000000000000000000e+00 5.871301080319398912e-04 4.500717654295673803e-02 0.000000000000000000e+00 2.378743146351750340e-02 0.000000000000000000e+00 7.818608287724784865e-04 0.000000000000000000e+00 5.827505827505827501e-04 0.000000000000000000e+00 0.000000000000000000e+00 0.000000000000000000e+00 3.694126339120797900e-04 0.000000000000000000e+00 3.683241252302025918e-03 0.000000000000000000e+00 8.230452674897119987e-05 0.000000000000000000e+00 7.479431563201196544e-04 0.000000000000000000e+00 6.371861858034918221e-04 0.000000000000000000e+00 0.000000000000000000e+00 0.000000000000000000e+00 0.000000000000000000e+00 0.000000000000000000e+00 0.000000000000000000e+00 0.000000000000000000e+00 0.000000000000000000e+00 0.000000000000000000e+00 0.000000000000000000e+00 0.000000000000000000e+00 0.000000000000000000e+00 0.000000000000000000e+00 0.000000000000000000e+00 0.000000000000000000e+00 0.000000000000000000e+00 0.000000000000000000e+00 0.000000000000000000e+00 0.000000000000000000e+00 0.000000000000000000e+00 0.000000000000000000e+00 0.000000000000000000e+00 0.000000000000000000e+00 0.000000000000000000e+00 0.000000000000000000e+00 0.000000000000000000e+00
1.631998684535065358e-01 1.562114609882430229e-03 2.475540573871577721e-01 9.948203568198634925e-03 1.685439447504727406e-02 0.000000000000000000e+00 0.000000000000000000e+00 1.578501578501578448e-02 7.090528519099947857e-02 1.367989056087551281e-03 1.100141043723554257e-01 8.657273807502970792e-03 2.968019213753002039e-01 2.503128911138923721e-03 1.642036124794745561e-02 5.109862033725089949e-04 1.383748994368463360e-02 2.942087333539795523e-03 2.449054189893082323e-02 1.208663701411719256e-02 0.000000000000000000e+00 0.000000000000000000e+00 1.674866534073066182e-02 5.631536604987932501e-03 3.522677234698370647e-03 5.586592178770949249e-04 0.000000000000000000e+00 0.000000000000000000e+00 1.543168817347346025e-02 0.000000000000000000e+00 1.335470085470085409e-02 1.377746773630973177e-02 6.793802145411203738e-03 8.869814020028612619e-03 1.511144692104268933e-03 0.000000000000000000e+00 7.364975450081833082e-03 4.314994606256742238e-04 5.333333333333333589e-04 0.000000000000000000e+00 6.944444444444444059e-03 0.000000000000000000e+00 9.720062208398133727e-05 0.000000000000000000e+00 1.674179008370894938e-03 0.000000000000000000e+00 1.684068710003368101e-04 0.000000000000000000e+00 4.232804232804233090e-03 8.406186953597847883e-05 8.243894851454347875e-03 6.454111268878274794e-05 3.086419753086419582e-03 0.000000000000000000e+00 3.728923476005188264e-03 0.000000000000000000e+00 1.325033348154735363e-02 4.621784008627330279e-04 9.246088193456614840e-03 4.807692307692307959e-04 4.628134754063071427e-03 0.000000000000000000e+00 1.281347245103422973e-03 0.000000000000000000e+00 3.666361136571952457e-03 0.000000000000000000e+00 4.770698676515851451e-03 1.472320376914016380e-04 3.085824493731919096e-03 6.097560975609756092e-04 6.517144199154532858e-02 9.226983801517325834e-04 3.140578265204387043e-02 3.205398566005904833e-03 4.870129870129870017e-03 0.000000000000000000e+00 5.448561677230619182e-02 7.575757575757575968e-03 0.000000000000000000e+00 0.000000000000000000e+00 1.083619288423333903e-03 0.000000000000000000e+00 1.869158878504672975e-03 0.000000000000000000e+00 8.954481386286378131e-03 0.000000000000000000e+00 1.042752867570385846e-03 0.000000000000000000e+00 5.038192751503331283e-03 0.000000000000000000e+00 0.000000000000000000e+00 8.807985907222548767e-04 3.800836183960471242e-04 3.872966692486444853e-04 2.261306532663316660e-02 5.899705014749262455e-03 2.345582486317435676e-03 0.000000000000000000e+00 1.430615164520743915e-03 1.285347043701799393e-03 0.000000000000000000e+00 0.000000000000000000e+00 2.272210861167916476e-04 1.950078003120124873e-04 3.374957813027337121e-04 5.583472920156337324e-04 0.000000000000000000e+00 0.000000000000000000e+00 0.000000000000000000e+00 0.000000000000000000e+00 0.000000000000000000e+00 0.000000000000000000e+00 0.000000000000000000e+00 0.000000000000000000e+00 0.000000000000000000e+00 0.000000000000000000e+00
7.700007700007700275e-04 6.321706321706321852e-02 1.208901208901208904e-02 2.754292754292754219e-01 1.309001309001309090e-03 5.852005852005851688e-03 1.578501578501578448e-02 0.000000000000000000e+00 4.447933019361590724e-03 1.511627906976744096e-01 6.649204110417086637e-03 1.711084705482940060e-01 9.859689040576413363e-03 2.977332777082464244e-01 6.978653530377668460e-03 4.190086867654573000e-02 2.735317779565567178e-03 1.409104986063796847e-02 6.488165950836150865e-03 2.504351189325082147e-02 8.203445447087777355e-04 0.000000000000000000e+00 1.915628598346069342e-02 2.815768302493966077e-02 6.164685160722148741e-03 1.229050279329608857e-02 4.118616144975288359e-04 5.490196078431372646e-03 2.793667686577091733e-03 1.753958587088915930e-02 2.118945868945868935e-02 1.813742588071154405e-02 2.502979737783074879e-03 4.768717215069146094e-03 3.777861730260672333e-04 2.935133548576460008e-04 2.727768685215493493e-04 4.746494066882416679e-03 0.000000000000000000e+00 7.299270072992700489e-03 0.000000000000000000e+00 0.000000000000000000e+00 0.000000000000000000e+00 5.235145275281388906e-04 0.000000000000000000e+00 2.483801295896328164e-03 0.000000000000000000e+00 2.558199027884369551e-04 0.000000000000000000e+00 6.388702084734364066e-03 0.000000000000000000e+00 1.168194139666967925e-02 0.000000000000000000e+00 1.464323748668796676e-03 0.000000000000000000e+00 1.459002042602859650e-03 8.892841262783459668e-05 2.719149591742412581e-02 0.000000000000000000e+00 1.141826923076923010e-02 1.076310407921644597e-04 9.916610322289834759e-03 1.830496064433461583e-04 3.570365962511157405e-03 0.000000000000000000e+00 2.225483003179261343e-02 3.077870113881194100e-04 3.386336866902238136e-03 0.000000000000000000e+00 2.032520325203252031e-04 1.878816345702207695e-03 6.653680541316382702e-02 3.863409770687936153e-03 4.909320961619569740e-02 1.623376623376623484e-03 1.798279906176700541e-02 4.022428083861531202e-03 5.128205128205128027e-02 0.000000000000000000e+00 4.530011325028312878e-03 0.000000000000000000e+00 7.203546361285556067e-03 0.000000000000000000e+00 0.000000000000000000e+00 0.000000000000000000e+00 1.316872427983539068e-02 0.000000000000000000e+00 7.479431563201196544e-04 0.000000000000000000e+00 1.095960239582005787e-02 2.411817907747965031e-03 5.871990604815032150e-04 3.800836183960471242e-04 0.000000000000000000e+00 7.537688442211054954e-03 2.949852507374631227e-03 2.345582486317435676e-03 1.153402537485582503e-03 1.430615164520743915e-03 3.213367609254498807e-03 0.000000000000000000e+00 0.000000000000000000e+00 6.816632583503749428e-04 0.000000000000000000e+00 0.000000000000000000e+00 5.583472920156337324e-04 1.428571428571428570e-03 0.000000000000000000e+00 0.000000000000000000e+00 0.000000000000000000e+00 0.000000000000000000e+00 0.000000000000000000e+00 0.000000000000000000e+00 0.000000000000000000e+00 0.000000000000000000e+00 0.000000000000000000e+00
3.401360544217686948e-03 0.000000000000000000e+00 1.015175300889586546e-01 5.232862375719518448e-03 3.558346415489272441e-01 0.000000000000000000e+00 7.090528519099947857e-02 4.447933019361590724e-03 0.000000000000000000e+00 6.839945280437756403e-04 6.044731009470078169e-04 0.000000000000000000e+00 3.653141195803311786e-02 2.781254345709914945e-04 2.044334975369458129e-01 1.532958610117526876e-03 1.609010458567980645e-04 0.000000000000000000e+00 4.569130951293064310e-04 9.669309611293753202e-05 2.461033634126333098e-03 0.000000000000000000e+00 3.035695593007432368e-03 1.609010458567980591e-03 1.805372082782915125e-02 5.586592178770949249e-04 2.883031301482701959e-03 0.000000000000000000e+00 6.784621524544366504e-03 2.436053593179050023e-04 3.205128205128205017e-03 6.103941402162539262e-03 1.191895113230035779e-04 0.000000000000000000e+00 0.000000000000000000e+00 0.000000000000000000e+00 2.727768685215493493e-04 0.000000000000000000e+00 0.000000000000000000e+00 0.000000000000000000e+00 0.000000000000000000e+00 0.000000000000000000e+00 0.000000000000000000e+00 0.000000000000000000e+00 0.000000000000000000e+00 0.000000000000000000e+00 0.000000000000000000e+00 0.000000000000000000e+00 0.000000000000000000e+00 0.000000000000000000e+00 1.555451858764971256e-04 0.000000000000000000e+00 0.000000000000000000e+00 0.000000000000000000e+00 1.621271076523994744e-04 0.000000000000000000e+00 4.446420631391729563e-04 0.000000000000000000e+00 1.016053647632595011e-04 1.201923076923076990e-04 3.228931223764933654e-04 0.000000000000000000e+00 1.830496064433461583e-04 0.000000000000000000e+00 1.833180568285976229e-04 0.000000000000000000e+00 7.694675284702985250e-05 0.000000000000000000e+00 0.000000000000000000e+00 0.000000000000000000e+00 1.045091592296852959e-02 3.075661267172442306e-04 1.345962113659022845e-02 2.530577815267819291e-04 4.870129870129870017e-03 0.000000000000000000e+00 2.194051682106289668e-03 0.000000000000000000e+00 0.000000000000000000e+00 0.000000000000000000e+00 5.418096442116669513e-04 0.000000000000000000e+00 0.000000000000000000e+00 0.000000000000000000e+00 4.145593234391841265e-04 0.000000000000000000e+00 1.042752867570385846e-03 0.000000000000000000e+00 1.625223468226881225e-04 0.000000000000000000e+00 0.000000000000000000e+00 0.000000000000000000e+00 0.000000000000000000e+00 0.000000000000000000e+00 0.000000000000000000e+00 0.000000000000000000e+00 0.000000000000000000e+00 0.000000000000000000e+00 0.000000000000000000e+00 0.000000000000000000e+00 0.000000000000000000e+00 0.000000000000000000e+00 0.000000000000000000e+00 1.950078003120124873e-04 0.000000000000000000e+00 0.000000000000000000e+00 0.000000000000000000e+00 0.000000000000000000e+00 0.000000000000000000e+00 0.000000000000000000e+00 0.000000000000000000e+00 0.000000000000000000e+00 0.000000000000000000e+00 0.000000000000000000e+00 0.000000000000000000e+00 0.000000000000000000e+00
0.000000000000000000e+00 6.839945280437756403e-04 6.155950752393980763e-03 2.667578659370724997e-02 1.367989056087551281e-03 2.352941176470588203e-01 1.367989056087551281e-03 1.511627906976744096e-01 6.839945280437756403e-04 0.000000000000000000e+00 0.000000000000000000e+00 1.697504668137837336e-04 2.528125395019593198e-04 2.781254345709915053e-03 1.436781609195402279e-03 1.208482370975983711e-01 0.000000000000000000e+00 3.096934035305047919e-04 0.000000000000000000e+00 0.000000000000000000e+00 0.000000000000000000e+00 0.000000000000000000e+00 1.570187375693499329e-03 3.861625100563153765e-03 2.642007926023778094e-03 6.703910614525139533e-03 1.647446457990115343e-03 2.470588235294117474e-02 0.000000000000000000e+00 9.744214372716200091e-04 1.780626780626780661e-03 4.359958144401814006e-03 0.000000000000000000e+00 0.000000000000000000e+00 0.000000000000000000e+00 0.000000000000000000e+00 0.000000000000000000e+00 2.157497303128371119e-04 0.000000000000000000e+00 0.000000000000000000e+00 0.000000000000000000e+00 0.000000000000000000e+00 0.000000000000000000e+00 0.000000000000000000e+00 0.000000000000000000e+00 0.000000000000000000e+00 0.000000000000000000e+00 0.000000000000000000e+00 0.000000000000000000e+00 0.000000000000000000e+00 0.000000000000000000e+00 6.454111268878274794e-05 0.000000000000000000e+00 0.000000000000000000e+00 0.000000000000000000e+00 0.000000000000000000e+00 0.000000000000000000e+00 2.310892004313665139e-04 0.000000000000000000e+00 0.000000000000000000e+00 0.000000000000000000e+00 0.000000000000000000e+00 0.000000000000000000e+00 0.000000000000000000e+00 0.000000000000000000e+00 1.222792858889704148e-04 0.000000000000000000e+00 0.000000000000000000e+00 0.000000000000000000e+00 0.000000000000000000e+00 5.871301080319398912e-04 6.971498872257535749e-03 0.000000000000000000e+00 6.579502319696330266e-03 0.000000000000000000e+00 0.000000000000000000e+00 1.218917601170160851e-04 1.515151515151515150e-03 0.000000000000000000e+00 0.000000000000000000e+00 0.000000000000000000e+00 1.847063169560398950e-04 0.000000000000000000e+00 0.000000000000000000e+00 0.000000000000000000e+00 1.646090534979423997e-04 0.000000000000000000e+00 0.000000000000000000e+00 0.000000000000000000e+00 0.000000000000000000e+00 0.000000000000000000e+00 0.000000000000000000e+00 0.000000000000000000e+00 0.000000000000000000e+00 0.000000000000000000e+00 0.000000000000000000e+00 0.000000000000000000e+00 1.153402537485582503e-03 0.000000000000000000e+00 0.000000000000000000e+00 0.000000000000000000e+00 0.000000000000000000e+00 0.000000000000000000e+00 0.000000000000000000e+00 0.000000000000000000e+00 0.000000000000000000e+00 0.000000000000000000e+00 0.000000000000000000e+00 0.000000000000000000e+00 0.000000000000000000e+00 0.000000000000000000e+00 0.000000000000000000e+00 0.000000000000000000e+00 0.000000000000000000e+00 0.000000000000000000e+00 0.000000000000000000e+00
2.188192625428168336e-01 1.208946201894015634e-03 5.500705218617771286e-02 3.626838605682047335e-03 4.029820672980052474e-04 0.000000000000000000e+00 1.100141043723554257e-01 6.649204110417086637e-03 6.044731009470078169e-04 0.000000000000000000e+00 0.000000000000000000e+00 2.037005601765405020e-03 1.597775249652382823e-01 2.781254345709914945e-04 2.052545155993431951e-03 0.000000000000000000e+00 6.564762670957360879e-02 6.193868070610095838e-04 2.156629809010326276e-02 3.287565267839876251e-03 0.000000000000000000e+00 0.000000000000000000e+00 7.432220244949230836e-03 3.218020917135961290e-04 0.000000000000000000e+00 0.000000000000000000e+00 0.000000000000000000e+00 0.000000000000000000e+00 4.243714247705201309e-02 2.436053593179050023e-04 4.451566951566951653e-03 8.719916288803627362e-04 4.886769964243146275e-03 1.812112541726275654e-03 3.777861730260672333e-04 0.000000000000000000e+00 1.363884342607746963e-03 0.000000000000000000e+00 0.000000000000000000e+00 0.000000000000000000e+00 0.000000000000000000e+00 0.000000000000000000e+00 0.000000000000000000e+00 0.000000000000000000e+00 1.287830006439150056e-04 0.000000000000000000e+00 0.000000000000000000e+00 0.000000000000000000e+00 5.291005291005291362e-04 0.000000000000000000e+00 2.333177788147456667e-03 0.000000000000000000e+00 6.858710562414265617e-04 0.000000000000000000e+00 3.242542153047989488e-04 0.000000000000000000e+00 5.958203646064918167e-03 0.000000000000000000e+00 3.657793131477341930e-03 1.201923076923076990e-04 5.704445161984716267e-03 0.000000000000000000e+00 1.281347245103422973e-03 0.000000000000000000e+00 4.032997250229147269e-03 0.000000000000000000e+00 6.925207756232686996e-04 0.000000000000000000e+00 3.857280617164898871e-04 0.000000000000000000e+00 1.444340065758572059e-02 1.025220422390814057e-04 5.608175473579262577e-03 6.748207507380852167e-04 0.000000000000000000e+00 7.818608287724784865e-04 6.338371526084836914e-03 1.631701631701631700e-03 0.000000000000000000e+00 0.000000000000000000e+00 7.224128589488893045e-04 0.000000000000000000e+00 0.000000000000000000e+00 0.000000000000000000e+00 3.731033910952657410e-03 8.230452674897119987e-05 0.000000000000000000e+00 0.000000000000000000e+00 3.250446936453762451e-04 0.000000000000000000e+00 0.000000000000000000e+00 0.000000000000000000e+00 0.000000000000000000e+00 0.000000000000000000e+00 5.025125628140703592e-03 2.949852507374631227e-03 0.000000000000000000e+00 0.000000000000000000e+00 0.000000000000000000e+00 0.000000000000000000e+00 0.000000000000000000e+00 8.733624454148471812e-04 0.000000000000000000e+00 0.000000000000000000e+00 0.000000000000000000e+00 0.000000000000000000e+00 0.000000000000000000e+00 0.000000000000000000e+00 0.000000000000000000e+00 0.000000000000000000e+00 0.000000000000000000e+00 0.000000000000000000e+00 0.000000000000000000e+00 0.000000000000000000e+00 0.000000000000000000e+00 0.000000000000000000e+00
1.697504668137837444e-03 6.942794092683754470e-02 7.808521473434052070e-03 7.282295026311322306e-02 1.697504668137837336e-04 1.697504668137837336e-04 8.657273807502970792e-03 1.711084705482940060e-01 0.000000000000000000e+00 1.697504668137837336e-04 2.037005601765405020e-03 0.000000000000000000e+00 2.275312855517633553e-03 1.522736754276178550e-01 0.000000000000000000e+00 1.251916198262646891e-02 6.436041834271922580e-04 9.461133477856921437e-02 2.467330713698254793e-03 2.388319473989557185e-02 0.000000000000000000e+00 0.000000000000000000e+00 4.291845493562231745e-03 8.045052292839903821e-03 0.000000000000000000e+00 0.000000000000000000e+00 0.000000000000000000e+00 0.000000000000000000e+00 3.990953837967274446e-04 7.478684531059683060e-02 5.163817663817663398e-03 6.103941402162539262e-03 1.072705601907032215e-03 1.487839771101573741e-02 0.000000000000000000e+00 2.935133548576460008e-04 0.000000000000000000e+00 1.510248112189859675e-03 0.000000000000000000e+00 7.299270072992700273e-04 0.000000000000000000e+00 1.171875000000000000e-02 0.000000000000000000e+00 8.725242125468981962e-05 0.000000000000000000e+00 0.000000000000000000e+00 0.000000000000000000e+00 1.279099513942184776e-04 0.000000000000000000e+00 1.176866173503698758e-03 0.000000000000000000e+00 3.227055634439137885e-03 0.000000000000000000e+00 6.656017039403620958e-04 0.000000000000000000e+00 1.313101838342573642e-03 0.000000000000000000e+00 1.178554922199969227e-02 1.016053647632595011e-04 3.004807692307692474e-03 0.000000000000000000e+00 1.780482307865674865e-02 0.000000000000000000e+00 2.484379648914013597e-02 0.000000000000000000e+00 1.161653215945218816e-02 7.694675284702985250e-05 1.104240282685512407e-03 1.928640308582449435e-04 6.097560975609756092e-04 3.522780648191639022e-04 1.076481443510354796e-02 1.121635094715852515e-03 9.700548291859975233e-03 0.000000000000000000e+00 6.254886630179827892e-03 2.559726962457337801e-03 6.759906759906760335e-03 0.000000000000000000e+00 3.397508493771234442e-03 0.000000000000000000e+00 1.606944957517546929e-02 0.000000000000000000e+00 0.000000000000000000e+00 0.000000000000000000e+00 1.119341563786008242e-02 0.000000000000000000e+00 0.000000000000000000e+00 0.000000000000000000e+00 7.518796992481202590e-03 3.014772384684956288e-04 2.935995302407516075e-04 3.800836183960471242e-04 0.000000000000000000e+00 0.000000000000000000e+00 0.000000000000000000e+00 0.000000000000000000e+00 0.000000000000000000e+00 7.153075822603719575e-04 0.000000000000000000e+00 0.000000000000000000e+00 0.000000000000000000e+00 2.272210861167916476e-04 0.000000000000000000e+00 0.000000000000000000e+00 2.791736460078168662e-04 0.000000000000000000e+00 0.000000000000000000e+00 0.000000000000000000e+00 0.000000000000000000e+00 0.000000000000000000e+00 0.000000000000000000e+00 0.000000000000000000e+00 0.000000000000000000e+00 0.000000000000000000e+00 0.000000000000000000e+00
5.170016432815067314e-02 0.000000000000000000e+00 9.000126406269751134e-02 8.469220073315636074e-03 3.160156743774491118e-03 0.000000000000000000e+00 2.968019213753002039e-01 9.859689040576413363e-03 3.653141195803311786e-02 2.528125395019593198e-04 1.597775249652382823e-01 2.275312855517633553e-03 0.000000000000000000e+00 3.337505214851898151e-03 1.303366174055829163e-01 5.109862033725089949e-04 4.183427192276750056e-03 1.548467017652523960e-04 9.503792378689573245e-03 1.643782633919938126e-03 0.000000000000000000e+00 0.000000000000000000e+00 2.124986915105202614e-02 6.436041834271922363e-03 0.000000000000000000e+00 0.000000000000000000e+00 0.000000000000000000e+00 0.000000000000000000e+00 7.409870959159238490e-02 4.872107186358100046e-04 1.994301994301994271e-02 1.098709452389257102e-02 2.979737783075089245e-03 1.239866475917978045e-03 3.777861730260672333e-04 0.000000000000000000e+00 1.091107474086197397e-03 0.000000000000000000e+00 0.000000000000000000e+00 0.000000000000000000e+00 6.944444444444444059e-03 0.000000000000000000e+00 0.000000000000000000e+00 0.000000000000000000e+00 1.287830006439150056e-04 0.000000000000000000e+00 3.368137420006736202e-04 0.000000000000000000e+00 3.174603174603174600e-04 0.000000000000000000e+00 2.333177788147456667e-03 0.000000000000000000e+00 0.000000000000000000e+00 0.000000000000000000e+00 6.485084306095978976e-04 0.000000000000000000e+00 4.446420631391729238e-03 7.702973347712217583e-05 2.133712660028449712e-03 0.000000000000000000e+00 7.534172855451512149e-03 0.000000000000000000e+00 2.562694490206845945e-03 0.000000000000000000e+00 4.216315307057745543e-03 0.000000000000000000e+00 7.694675284702985792e-04 0.000000000000000000e+00 1.157184185149469661e-03 0.000000000000000000e+00 1.538280883043682476e-02 4.100881689563256227e-04 2.168494516450648196e-02 1.096583719949388450e-03 4.870129870129870017e-03 7.818608287724784865e-04 2.108727450024378350e-02 1.864801864801864800e-03 1.237623762376237639e-03 0.000000000000000000e+00 2.347841791583890267e-03 0.000000000000000000e+00 0.000000000000000000e+00 0.000000000000000000e+00 7.047508498466130422e-03 0.000000000000000000e+00 0.000000000000000000e+00 0.000000000000000000e+00 1.950268161872257362e-03 0.000000000000000000e+00 0.000000000000000000e+00 0.000000000000000000e+00 0.000000000000000000e+00 0.000000000000000000e+00 7.537688442211054954e-03 0.000000000000000000e+00 7.818608287724784865e-04 0.000000000000000000e+00 0.000000000000000000e+00 6.426735218508996964e-04 6.277463904582549110e-04 0.000000000000000000e+00 0.000000000000000000e+00 1.950078003120124873e-04 0.000000000000000000e+00 2.791736460078168662e-04 0.000000000000000000e+00 0.000000000000000000e+00 0.000000000000000000e+00 0.000000000000000000e+00 0.000000000000000000e+00 0.000000000000000000e+00 0.000000000000000000e+00 0.000000000000000000e+00 0.000000000000000000e+00 0.000000000000000000e+00
