2.684519988860907258e-01 4.468841591466066188e-01 3.363602525292460621e-01 4.453214321095897987e-01 0.000000000000000000e+00 0.000000000000000000e+00 3.051736468169395367e-01 4.294899783298375406e-01 3.214642285886480932e-01 0.000000000000000000e+00 2.881558945585586673e-01 4.402528524311035696e-01 3.217259802606025065e-01 0.000000000000000000e+00 3.170220587651377264e-01 0.000000000000000000e+00 2.985122569449871199e-01 4.512459673913043479e-01 3.505840237733345854e-01 4.535431181521385469e-01 0.000000000000000000e+00 0.000000000000000000e+00 3.401709659217257986e-01 4.193494307228915474e-01 0.000000000000000000e+00 0.000000000000000000e+00 0.000000000000000000e+00 0.000000000000000000e+00 3.626995832368803407e-01 0.000000000000000000e+00 3.291172407489177387e-01 0.000000000000000000e+00 3.730012186274749286e-01 4.619400537799713824e-01 3.951685363366704284e-01 0.000000000000000000e+00 4.613186761272770608e-01 0.000000000000000000e+00 0.000000000000000000e+00 0.000000000000000000e+00 0.000000000000000000e+00 0.000000000000000000e+00 4.136285000000001211e-01 0.000000000000000000e+00 3.846326461032580912e-01 4.138235850386100534e-01 0.000000000000000000e+00 0.000000000000000000e+00 3.868262533611043219e-01 4.314367028985506836e-01 3.948002749788693810e-01 4.350930690233624221e-01 3.864539563857455895e-01 0.000000000000000000e+00 3.916090826073436171e-01 0.000000000000000000e+00 3.165997646122591935e-01 4.316253191358266350e-01 3.911371597482419249e-01 4.324024531345930233e-01 3.779489601879637006e-01 0.000000000000000000e+00 3.396446088093555415e-01 4.351647552447552303e-01 4.118217402038320540e-01 0.000000000000000000e+00 3.713844891932810977e-01 4.506116850978873489e-01 2.782272843014406138e-01 4.368643497793790464e-01 3.196026791807936585e-01 4.391330786423940924e-01 3.584848748124565554e-01 4.320216071428570892e-01 3.650898999999999117e-01 0.000000000000000000e+00 3.538315391608865546e-01 3.824718201754386815e-01 3.886302277777777814e-01 0.000000000000000000e+00 3.781403068312497728e-01 0.000000000000000000e+00 3.548195248275862745e-01 0.000000000000000000e+00 4.012351801773719195e-01 4.055286438356164869e-01 0.000000000000000000e+00 0.000000000000000000e+00 3.951515030521020599e-01 0.000000000000000000e+00 3.827503130735069314e-01 4.050834911242603975e-01 3.672012812500000112e-01 0.000000000000000000e+00 4.337811645429592855e-01 0.000000000000000000e+00 0.000000000000000000e+00 0.000000000000000000e+00 4.261450176991150585e-01 0.000000000000000000e+00 0.000000000000000000e+00 0.000000000000000000e+00 4.139091584962422132e-01 4.101182764227642163e-01 4.380982422498460593e-01 4.195597619047618521e-01 4.296328333333334082e-01 0.000000000000000000e+00 0.000000000000000000e+00 0.000000000000000000e+00 0.000000000000000000e+00 0.000000000000000000e+00 0.000000000000000000e+00 0.000000000000000000e+00 0.000000000000000000e+00 0.000000000000000000e+00
4.468841591466066188e-01 2.353737365610809595e-01 4.453927544913996450e-01 2.765567981016505139e-01 0.000000000000000000e+00 3.210378144329896766e-01 4.093580488572468035e-01 2.759635614139342996e-01 0.000000000000000000e+00 3.129941810859924178e-01 0.000000000000000000e+00 2.940476947478256053e-01 0.000000000000000000e+00 3.057739969098170474e-01 0.000000000000000000e+00 3.187255001037353486e-01 0.000000000000000000e+00 2.910995057818126508e-01 4.656674311526585175e-01 3.092778100391144203e-01 0.000000000000000000e+00 0.000000000000000000e+00 0.000000000000000000e+00 3.338590352306378128e-01 0.000000000000000000e+00 0.000000000000000000e+00 0.000000000000000000e+00 0.000000000000000000e+00 0.000000000000000000e+00 3.281154348157650502e-01 0.000000000000000000e+00 3.121700302687411277e-01 4.583625701762350513e-01 4.314308816020242521e-01 4.146734468085107594e-01 0.000000000000000000e+00 0.000000000000000000e+00 4.572771795954100327e-01 0.000000000000000000e+00 0.000000000000000000e+00 0.000000000000000000e+00 3.618020147058823022e-01 0.000000000000000000e+00 3.656100012545349665e-01 4.195001888111888344e-01 3.793012351657491510e-01 0.000000000000000000e+00 0.000000000000000000e+00 0.000000000000000000e+00 3.711573380104583042e-01 0.000000000000000000e+00 3.633283216982500230e-01 0.000000000000000000e+00 3.581278868765341294e-01 0.000000000000000000e+00 3.649802657004642681e-01 4.421253908035034375e-01 2.649109452611088655e-01 4.518498332977292087e-01 3.577872654828421206e-01 4.442363532608695209e-01 3.417610631072720562e-01 0.000000000000000000e+00 3.354876454077299619e-01 0.000000000000000000e+00 3.543312067076343497e-01 4.493493685280718353e-01 3.596944255408940361e-01 4.577192225996548625e-01 2.329029546414826402e-01 4.249193466666665864e-01 3.115193345748881737e-01 0.000000000000000000e+00 3.531478394841799373e-01 0.000000000000000000e+00 3.628120557170769200e-01 0.000000000000000000e+00 3.609392352883533106e-01 0.000000000000000000e+00 0.000000000000000000e+00 0.000000000000000000e+00 3.728553592371046665e-01 0.000000000000000000e+00 0.000000000000000000e+00 0.000000000000000000e+00 3.825649717481834355e-01 0.000000000000000000e+00 0.000000000000000000e+00 0.000000000000000000e+00 3.824140312613109605e-01 4.398868459150543919e-01 4.272050601496771849e-01 4.384875179085587771e-01 0.000000000000000000e+00 0.000000000000000000e+00 4.326649997846076512e-01 0.000000000000000000e+00 0.000000000000000000e+00 4.448378013115904528e-01 4.626346134153129230e-01 0.000000000000000000e+00 4.366980833333333756e-01 4.398316966544890683e-01 4.228947736473050445e-01 4.456333489932886582e-01 4.533211231510130279e-01 0.000000000000000000e+00 0.000000000000000000e+00 0.000000000000000000e+00 0.000000000000000000e+00 0.000000000000000000e+00 0.000000000000000000e+00 3.839257280701754427e-01 0.000000000000000000e+00 0.000000000000000000e+00 0.000000000000000000e+00
3.363602525292460621e-01 4.453927544913996450e-01 2.207188576593752671e-01 4.197779081840892212e-01 2.088836377502689690e-01 3.545490149099153054e-01 2.415075308256106612e-01 4.167973462422335795e-01 2.471254253333714790e-01 3.935262686027570234e-01 3.267979119786552089e-01 4.303714575599945635e-01 2.977439701186775922e-01 4.172052553405056763e-01 2.763970054752884487e-01 3.648424551426470708e-01 3.406552975246593395e-01 4.196612384621636882e-01 2.434509834752026647e-01 4.514908542822212434e-01 0.000000000000000000e+00 0.000000000000000000e+00 2.235205914186843279e-01 4.094776118206865378e-01 2.525376665832986811e-01 3.738206643520929906e-01 2.509583719838843208e-01 3.744744496389625366e-01 3.173517259527817158e-01 0.000000000000000000e+00 3.201336263219031752e-01 4.031161995677270959e-01 3.411488107455706853e-01 4.373654090060640209e-01 3.784228338951310389e-01 4.375482279411764264e-01 4.341818245476030125e-01 3.619276168224298540e-01 3.366836666666667144e-01 0.000000000000000000e+00 0.000000000000000000e+00 0.000000000000000000e+00 3.890917624649860018e-01 0.000000000000000000e+00 3.920158424427074850e-01 4.459058834355828504e-01 3.648424269920106933e-01 0.000000000000000000e+00 3.890802058897894211e-01 4.391116919478930125e-01 3.750713026786986481e-01 0.000000000000000000e+00 3.829505826360946052e-01 0.000000000000000000e+00 3.946861988442632585e-01 0.000000000000000000e+00 3.577587958944742907e-01 3.715051985815602809e-01 3.819477356597738016e-01 0.000000000000000000e+00 3.542703231635935257e-01 4.089310675213674862e-01 3.437641900614112345e-01 0.000000000000000000e+00 3.580221269726429068e-01 0.000000000000000000e+00 3.768826969800967985e-01 4.169588967781077682e-01 3.168219471451725333e-01 0.000000000000000000e+00 3.187681848465060419e-01 4.374306691953062654e-01 3.330218718496725794e-01 3.954046867169526691e-01 3.379042673913043027e-01 0.000000000000000000e+00 3.581144147353952367e-01 3.186743999999999688e-01 0.000000000000000000e+00 0.000000000000000000e+00 3.701755745706694634e-01 0.000000000000000000e+00 3.559779040037830966e-01 0.000000000000000000e+00 3.679811554439931243e-01 0.000000000000000000e+00 0.000000000000000000e+00 0.000000000000000000e+00 3.644393710131363373e-01 0.000000000000000000e+00 3.987101197171475375e-01 4.007734436090225616e-01 3.948821613636364081e-01 0.000000000000000000e+00 4.103504521534600546e-01 0.000000000000000000e+00 0.000000000000000000e+00 0.000000000000000000e+00 3.906343219178081694e-01 4.257390156249999391e-01 0.000000000000000000e+00 0.000000000000000000e+00 3.899060720735650909e-01 0.000000000000000000e+00 4.055896371661134037e-01 3.944321259842519245e-01 0.000000000000000000e+00 0.000000000000000000e+00 0.000000000000000000e+00 0.000000000000000000e+00 0.000000000000000000e+00 0.000000000000000000e+00 0.000000000000000000e+00 0.000000000000000000e+00 0.000000000000000000e+00 0.000000000000000000e+00
4.453214321095897987e-01 2.765567981016505139e-01 4.197779081840892212e-01 2.013897121423041947e-01 3.910149850404858185e-01 2.068590448476393673e-01 4.128039203287987569e-01 2.535888722116728666e-01 3.629333770250484648e-01 1.619745375421068612e-01 4.134735345494285341e-01 3.221237410109560328e-01 3.935336301225618172e-01 2.804959065483050851e-01 3.719218181818182423e-01 2.403087782299834774e-01 4.286975471848225583e-01 3.450997508613292686e-01 4.376792881347492115e-01 2.640514685911456438e-01 0.000000000000000000e+00 0.000000000000000000e+00 3.969969999207799138e-01 2.004507604104175389e-01 3.753780980103381126e-01 1.630443571883379295e-01 3.602735335526315308e-01 2.130535460654645052e-01 4.004183522727272626e-01 3.044174903396152931e-01 3.676976076516817460e-01 2.694626229065515410e-01 4.310051007471287221e-01 3.289834467592869793e-01 4.464029999999999943e-01 4.023353410852713030e-01 3.723621487603306357e-01 4.108724030625501844e-01 0.000000000000000000e+00 4.230887500000000689e-01 0.000000000000000000e+00 3.689934703620304512e-01 0.000000000000000000e+00 3.478894794161607740e-01 0.000000000000000000e+00 3.889589351909777948e-01 0.000000000000000000e+00 3.917092586206896709e-01 4.349022027972028748e-01 3.738117126884345498e-01 0.000000000000000000e+00 3.772565745662286862e-01 0.000000000000000000e+00 0.000000000000000000e+00 0.000000000000000000e+00 0.000000000000000000e+00 4.274537110136452656e-01 3.487570535164538632e-01 4.277842201367388353e-01 3.774377461037813353e-01 0.000000000000000000e+00 3.562499014924288554e-01 0.000000000000000000e+00 3.704228251457784005e-01 0.000000000000000000e+00 3.450082907825748335e-01 4.145538296287221147e-01 3.732837314548645979e-01 4.600306040019762621e-01 3.543309939203711512e-01 4.412480941818334168e-01 3.034231038326131169e-01 4.183978973947400926e-01 3.376436743897516801e-01 0.000000000000000000e+00 3.301428502929386610e-01 3.978844760755653187e-01 3.569511243427051506e-01 0.000000000000000000e+00 0.000000000000000000e+00 0.000000000000000000e+00 3.500175032003773889e-01 0.000000000000000000e+00 0.000000000000000000e+00 0.000000000000000000e+00 3.418467137209141304e-01 0.000000000000000000e+00 0.000000000000000000e+00 0.000000000000000000e+00 3.431158524118577691e-01 4.136269663966397614e-01 3.914381666641670865e-01 0.000000000000000000e+00 0.000000000000000000e+00 3.998592446808510448e-01 4.033246916137640525e-01 3.487917734375000078e-01 0.000000000000000000e+00 4.182411320830604073e-01 3.536956532907197248e-01 4.183770909090908652e-01 0.000000000000000000e+00 4.210784319807507337e-01 3.972204573509476866e-01 4.175473032763532544e-01 4.144195472200887242e-01 0.000000000000000000e+00 3.917597433628317583e-01 0.000000000000000000e+00 0.000000000000000000e+00 0.000000000000000000e+00 4.124756058394161151e-01 0.000000000000000000e+00 0.000000000000000000e+00 0.000000000000000000e+00 0.000000000000000000e+00
0.000000000000000000e+00 0.000000000000000000e+00 2.088836377502689690e-01 3.910149850404858185e-01 1.559870237811761540e-01 3.351838051900169480e-01 2.102737639705068162e-01 0.000000000000000000e+00 1.774041790843729205e-01 3.782203357464142268e-01 0.000000000000000000e+00 0.000000000000000000e+00 2.692803433257064394e-01 0.000000000000000000e+00 2.202032954865900394e-01 3.758264898936170550e-01 0.000000000000000000e+00 0.000000000000000000e+00 3.139035714190536175e-01 0.000000000000000000e+00 1.527674583872725422e-01 0.000000000000000000e+00 1.917342015987378856e-01 3.183453222222222823e-01 1.423819327433403781e-01 3.903527447271873951e-01 2.130219696723380518e-01 3.395142124973010156e-01 2.532406121862602055e-01 0.000000000000000000e+00 3.147995482764393005e-01 3.687983968920762190e-01 2.846221802168021342e-01 3.771186801980196401e-01 0.000000000000000000e+00 0.000000000000000000e+00 3.446593893384013452e-01 0.000000000000000000e+00 3.197725394736842253e-01 0.000000000000000000e+00 0.000000000000000000e+00 0.000000000000000000e+00 0.000000000000000000e+00 0.000000000000000000e+00 0.000000000000000000e+00 0.000000000000000000e+00 3.736174760769162551e-01 0.000000000000000000e+00 4.064925600000000028e-01 0.000000000000000000e+00 3.702957636363636840e-01 0.000000000000000000e+00 3.703821881188118503e-01 0.000000000000000000e+00 3.445017647058823407e-01 0.000000000000000000e+00 0.000000000000000000e+00 0.000000000000000000e+00 3.091215795081967421e-01 0.000000000000000000e+00 3.440517053571428008e-01 0.000000000000000000e+00 0.000000000000000000e+00 0.000000000000000000e+00 3.972604294096854227e-01 0.000000000000000000e+00 3.416808943356999251e-01 0.000000000000000000e+00 0.000000000000000000e+00 0.000000000000000000e+00 2.717510209068277338e-01 3.902396817057671163e-01 2.899347818906564123e-01 3.864838753731343335e-01 2.436076666666666668e-01 0.000000000000000000e+00 3.161566592258225339e-01 2.586105873015872580e-01 0.000000000000000000e+00 0.000000000000000000e+00 3.150796594763261016e-01 0.000000000000000000e+00 3.205185542234473828e-01 0.000000000000000000e+00 3.348510509928476764e-01 0.000000000000000000e+00 3.190438115668504659e-01 0.000000000000000000e+00 3.304021358341949210e-01 0.000000000000000000e+00 0.000000000000000000e+00 0.000000000000000000e+00 0.000000000000000000e+00 0.000000000000000000e+00 3.571636528029730751e-01 0.000000000000000000e+00 0.000000000000000000e+00 0.000000000000000000e+00 0.000000000000000000e+00 0.000000000000000000e+00 0.000000000000000000e+00 0.000000000000000000e+00 0.000000000000000000e+00 0.000000000000000000e+00 0.000000000000000000e+00 0.000000000000000000e+00 0.000000000000000000e+00 0.000000000000000000e+00 0.000000000000000000e+00 0.000000000000000000e+00 0.000000000000000000e+00 0.000000000000000000e+00 0.000000000000000000e+00 0.000000000000000000e+00 0.000000000000000000e+00 0.000000000000000000e+00
0.000000000000000000e+00 3.210378144329896766e-01 3.545490149099153054e-01 2.068590448476393673e-01 3.351838051900169480e-01 1.712881366078506107e-01 3.932774100792146288e-01 2.217757187541333219e-01 3.861112909649825342e-01 2.178449195186951404e-01 0.000000000000000000e+00 2.923289180486456917e-01 0.000000000000000000e+00 2.404039250297583530e-01 3.714693655913978154e-01 1.946639957194782056e-01 0.000000000000000000e+00 3.172030737635390674e-01 0.000000000000000000e+00 3.136956241982993276e-01 0.000000000000000000e+00 3.308567212384292966e-01 3.990996208647907273e-01 1.925493863877562606e-01 3.980518280264033204e-01 1.645004399244325843e-01 3.682156305668016216e-01 1.985626524583422592e-01 0.000000000000000000e+00 2.172366477230792403e-01 3.921470727531760625e-01 2.607529454925229806e-01 0.000000000000000000e+00 2.751390289724576776e-01 0.000000000000000000e+00 0.000000000000000000e+00 0.000000000000000000e+00 3.495676421052631433e-01 0.000000000000000000e+00 0.000000000000000000e+00 0.000000000000000000e+00 0.000000000000000000e+00 0.000000000000000000e+00 3.944486833333333831e-01 0.000000000000000000e+00 3.674104631901840001e-01 0.000000000000000000e+00 3.968752700729926697e-01 0.000000000000000000e+00 4.241774960000000982e-01 0.000000000000000000e+00 3.506551484618670722e-01 0.000000000000000000e+00 0.000000000000000000e+00 0.000000000000000000e+00 0.000000000000000000e+00 0.000000000000000000e+00 0.000000000000000000e+00 0.000000000000000000e+00 0.000000000000000000e+00 0.000000000000000000e+00 0.000000000000000000e+00 0.000000000000000000e+00 0.000000000000000000e+00 0.000000000000000000e+00 2.964624611510791596e-01 0.000000000000000000e+00 3.515235285714286007e-01 0.000000000000000000e+00 0.000000000000000000e+00 4.314781952572903645e-01 2.847080075203548000e-01 0.000000000000000000e+00 2.687717356122353296e-01 0.000000000000000000e+00 0.000000000000000000e+00 0.000000000000000000e+00 3.036419667443324699e-01 0.000000000000000000e+00 0.000000000000000000e+00 0.000000000000000000e+00 3.423222234042553325e-01 0.000000000000000000e+00 0.000000000000000000e+00 0.000000000000000000e+00 3.160769999999999968e-01 0.000000000000000000e+00 0.000000000000000000e+00 0.000000000000000000e+00 3.570400375000000182e-01 0.000000000000000000e+00 0.000000000000000000e+00 0.000000000000000000e+00 0.000000000000000000e+00 0.000000000000000000e+00 0.000000000000000000e+00 0.000000000000000000e+00 0.000000000000000000e+00 0.000000000000000000e+00 0.000000000000000000e+00 0.000000000000000000e+00 0.000000000000000000e+00 0.000000000000000000e+00 0.000000000000000000e+00 0.000000000000000000e+00 0.000000000000000000e+00 0.000000000000000000e+00 0.000000000000000000e+00 0.000000000000000000e+00 0.000000000000000000e+00 0.000000000000000000e+00 0.000000000000000000e+00 0.000000000000000000e+00 0.000000000000000000e+00 0.000000000000000000e+00 0.000000000000000000e+00
3.051736468169395367e-01 4.093580488572468035e-01 2.415075308256106612e-01 4.128039203287987569e-01 2.102737639705068162e-01 3.932774100792146288e-01 2.104085769097965020e-01 4.202221721305892110e-01 2.301155453777356530e-01 3.909045018356440138e-01 3.361436054522747852e-01 4.128097086975595631e-01 2.336640445174518743e-01 4.113309416603193047e-01 2.738456971277807850e-01 4.037494482862327705e-01 3.261755726309146231e-01 4.069724022988505108e-01 3.332696040302609575e-01 4.367099539220495319e-01 0.000000000000000000e+00 0.000000000000000000e+00 2.990838894364363232e-01 4.124662240052546225e-01 2.347408977348777459e-01 0.000000000000000000e+00 2.489015365853658734e-01 0.000000000000000000e+00 3.078819748187532346e-01 4.148802123689792620e-01 3.328790506706519325e-01 4.153562752224098098e-01 3.291095352921643014e-01 4.270944041676073555e-01 3.507678020023103915e-01 0.000000000000000000e+00 4.235386291462814312e-01 0.000000000000000000e+00 3.915075405405405440e-01 0.000000000000000000e+00 0.000000000000000000e+00 0.000000000000000000e+00 3.846929693877551015e-01 0.000000000000000000e+00 3.827821242302439364e-01 0.000000000000000000e+00 3.928967407407407131e-01 0.000000000000000000e+00 3.752436702996421181e-01 0.000000000000000000e+00 3.641555006759952251e-01 0.000000000000000000e+00 3.663833945366935518e-01 0.000000000000000000e+00 3.780963027432185375e-01 0.000000000000000000e+00 3.647293486782302030e-01 0.000000000000000000e+00 3.780203035284404045e-01 0.000000000000000000e+00 3.541055557838391765e-01 0.000000000000000000e+00 3.332592867864518360e-01 0.000000000000000000e+00 3.688089195741577897e-01 0.000000000000000000e+00 3.666617140275179598e-01 4.312720450450450715e-01 3.652068377869555627e-01 0.000000000000000000e+00 3.009872672965431262e-01 4.081886258108391452e-01 3.264704741314698455e-01 3.986625211603979646e-01 3.612531428571428282e-01 0.000000000000000000e+00 3.542625206220946232e-01 3.478895652173913944e-01 3.338790089665653049e-01 0.000000000000000000e+00 3.458337846267420246e-01 0.000000000000000000e+00 3.913416750000000000e-01 0.000000000000000000e+00 3.697977344491771845e-01 0.000000000000000000e+00 0.000000000000000000e+00 0.000000000000000000e+00 3.759964075449038767e-01 0.000000000000000000e+00 3.770340350462147994e-01 0.000000000000000000e+00 0.000000000000000000e+00 0.000000000000000000e+00 4.315553085106383358e-01 4.281746875000000396e-01 0.000000000000000000e+00 0.000000000000000000e+00 0.000000000000000000e+00 0.000000000000000000e+00 0.000000000000000000e+00 0.000000000000000000e+00 3.707834500000000144e-01 4.029188666666666530e-01 3.896205775862069398e-01 4.443210338983050178e-01 0.000000000000000000e+00 0.000000000000000000e+00 0.000000000000000000e+00 0.000000000000000000e+00 0.000000000000000000e+00 0.000000000000000000e+00 3.979924876033057446e-01 0.000000000000000000e+00 0.000000000000000000e+00 0.000000000000000000e+00
4.294899783298375406e-01 2.759635614139342996e-01 4.167973462422335795e-01 2.535888722116728666e-01 0.000000000000000000e+00 2.217757187541333219e-01 4.202221721305892110e-01 2.067206812424291218e-01 4.100893409090909381e-01 1.961760553328256440e-01 4.160355889672232577e-01 2.603456392981308154e-01 4.119576496143016464e-01 2.314398524732598772e-01 0.000000000000000000e+00 2.184406578796479204e-01 0.000000000000000000e+00 3.266085078732204883e-01 4.240479555498810615e-01 3.333201698061695195e-01 0.000000000000000000e+00 0.000000000000000000e+00 4.055834596538205328e-01 2.826107926454695662e-01 3.982442434782608731e-01 2.242828044372294771e-01 0.000000000000000000e+00 0.000000000000000000e+00 3.649206220472441253e-01 3.049655546706035447e-01 3.999955473127452810e-01 2.789085884753459976e-01 4.248672766165981773e-01 3.287409094672443244e-01 4.047012571428572070e-01 4.061109600598460934e-01 3.567069147286821562e-01 3.836123392622771133e-01 0.000000000000000000e+00 3.936978300310799983e-01 0.000000000000000000e+00 3.583175868459807512e-01 0.000000000000000000e+00 3.580351856099879271e-01 0.000000000000000000e+00 3.811896690835471779e-01 0.000000000000000000e+00 0.000000000000000000e+00 4.263577215909091223e-01 3.641765533711603942e-01 0.000000000000000000e+00 3.562893993426300421e-01 0.000000000000000000e+00 3.593250013529022957e-01 0.000000000000000000e+00 3.615794067121005928e-01 0.000000000000000000e+00 3.350731551865588909e-01 4.528155984251967525e-01 3.691972367196102445e-01 4.400948537190083054e-01 3.310034589366688818e-01 0.000000000000000000e+00 3.270510800647303817e-01 0.000000000000000000e+00 3.366385891450300871e-01 4.365532411632517262e-01 3.788135677218741892e-01 4.546445478592572309e-01 3.579239971573222046e-01 4.517307683670072627e-01 2.933721380576624349e-01 4.171841294372293785e-01 3.186891808166792961e-01 0.000000000000000000e+00 3.240716858695106284e-01 0.000000000000000000e+00 3.413896734667453137e-01 0.000000000000000000e+00 0.000000000000000000e+00 0.000000000000000000e+00 3.435491174346770871e-01 0.000000000000000000e+00 0.000000000000000000e+00 0.000000000000000000e+00 3.553932402673574686e-01 0.000000000000000000e+00 3.513257795275590012e-01 0.000000000000000000e+00 3.546108573047063728e-01 3.908721456210570433e-01 3.719279018506745915e-01 3.714059083410422568e-01 0.000000000000000000e+00 0.000000000000000000e+00 3.857212128407989660e-01 4.158884237288135166e-01 0.000000000000000000e+00 4.121890215592523554e-01 0.000000000000000000e+00 0.000000000000000000e+00 0.000000000000000000e+00 3.935236564732038089e-01 3.879174638239470396e-01 0.000000000000000000e+00 0.000000000000000000e+00 3.977425084112150011e-01 0.000000000000000000e+00 0.000000000000000000e+00 0.000000000000000000e+00 0.000000000000000000e+00 0.000000000000000000e+00 3.594926000000000510e-01 0.000000000000000000e+00 0.000000000000000000e+00 0.000000000000000000e+00
3.214642285886480932e-01 0.000000000000000000e+00 2.471254253333714790e-01 3.629333770250484648e-01 1.774041790843729205e-01 3.861112909649825342e-01 2.301155453777356530e-01 4.100893409090909381e-01 1.622937741920054411e-01 3.389526125000000278e-01 2.925561937516992783e-01 0.000000000000000000e+00 2.373601837604078779e-01 0.000000000000000000e+00 1.869628888534311806e-01 3.548919999999999852e-01 3.077034382028173698e-01 0.000000000000000000e+00 3.184944707468457259e-01 3.922173376623376839e-01 0.000000000000000000e+00 0.000000000000000000e+00 2.775720822366474771e-01 3.381913256101328757e-01 1.865708044179187342e-01 3.788688898921568904e-01 1.884382248694233541e-01 3.668829168914419236e-01 2.462170680079530660e-01 0.000000000000000000e+00 2.957147603598678232e-01 3.890749101945110699e-01 2.878438727272727427e-01 3.811213232323232281e-01 0.000000000000000000e+00 0.000000000000000000e+00 4.213456412213740787e-01 0.000000000000000000e+00 0.000000000000000000e+00 0.000000000000000000e+00 0.000000000000000000e+00 0.000000000000000000e+00 3.965898064516129029e-01 0.000000000000000000e+00 0.000000000000000000e+00 0.000000000000000000e+00 3.806219885496183175e-01 0.000000000000000000e+00 0.000000000000000000e+00 0.000000000000000000e+00 3.724015565217391743e-01 0.000000000000000000e+00 3.801732695652174088e-01 0.000000000000000000e+00 3.210934047619047327e-01 0.000000000000000000e+00 3.765605761619423841e-01 0.000000000000000000e+00 3.811133205077507080e-01 0.000000000000000000e+00 3.781916345091200227e-01 0.000000000000000000e+00 3.866970762146074714e-01 0.000000000000000000e+00 3.932801966448327136e-01 0.000000000000000000e+00 0.000000000000000000e+00 0.000000000000000000e+00 0.000000000000000000e+00 0.000000000000000000e+00 2.845199355709143174e-01 3.504501741586833474e-01 2.731677022089644691e-01 0.000000000000000000e+00 0.000000000000000000e+00 0.000000000000000000e+00 3.287195240809691055e-01 0.000000000000000000e+00 0.000000000000000000e+00 0.000000000000000000e+00 3.351565638195245778e-01 0.000000000000000000e+00 0.000000000000000000e+00 0.000000000000000000e+00 3.604359283460130681e-01 0.000000000000000000e+00 0.000000000000000000e+00 0.000000000000000000e+00 3.087363443010753272e-01 0.000000000000000000e+00 0.000000000000000000e+00 0.000000000000000000e+00 0.000000000000000000e+00 0.000000000000000000e+00 0.000000000000000000e+00 0.000000000000000000e+00 0.000000000000000000e+00 0.000000000000000000e+00 0.000000000000000000e+00 0.000000000000000000e+00 0.000000000000000000e+00 0.000000000000000000e+00 3.403270915492958015e-01 0.000000000000000000e+00 0.000000000000000000e+00 0.000000000000000000e+00 0.000000000000000000e+00 0.000000000000000000e+00 0.000000000000000000e+00 0.000000000000000000e+00 0.000000000000000000e+00 0.000000000000000000e+00 0.000000000000000000e+00 0.000000000000000000e+00 0.000000000000000000e+00 0.000000000000000000e+00
0.000000000000000000e+00 3.129941810859924178e-01 3.935262686027570234e-01 1.619745375421068612e-01 3.782203357464142268e-01 2.178449195186951404e-01 3.909045018356440138e-01 1.961760553328256440e-01 3.389526125000000278e-01 1.550123876859260674e-01 0.000000000000000000e+00 2.865930014880882504e-01 3.317347977528089520e-01 2.544152875452981299e-01 0.000000000000000000e+00 1.788048551175857037e-01 0.000000000000000000e+00 3.363002590848805928e-01 0.000000000000000000e+00 3.145700732075458750e-01 3.734671006871036480e-01 0.000000000000000000e+00 3.834221659962031570e-01 2.090457742626713467e-01 3.767370393687707875e-01 2.584122688630985376e-01 3.786645131578946777e-01 2.702726036674540366e-01 0.000000000000000000e+00 2.545883594120095239e-01 3.761948813285576065e-01 2.631172931812065796e-01 0.000000000000000000e+00 3.078318539986166780e-01 0.000000000000000000e+00 0.000000000000000000e+00 0.000000000000000000e+00 0.000000000000000000e+00 0.000000000000000000e+00 0.000000000000000000e+00 0.000000000000000000e+00 0.000000000000000000e+00 0.000000000000000000e+00 3.844280000000000475e-01 0.000000000000000000e+00 0.000000000000000000e+00 0.000000000000000000e+00 0.000000000000000000e+00 0.000000000000000000e+00 3.636936910569106285e-01 0.000000000000000000e+00 3.344086461267605781e-01 0.000000000000000000e+00 0.000000000000000000e+00 0.000000000000000000e+00 0.000000000000000000e+00 0.000000000000000000e+00 3.442911085210126898e-01 0.000000000000000000e+00 3.478525760000000244e-01 0.000000000000000000e+00 0.000000000000000000e+00 0.000000000000000000e+00 3.540377142857141779e-01 0.000000000000000000e+00 3.400543203531874448e-01 0.000000000000000000e+00 3.541766972477064512e-01 0.000000000000000000e+00 0.000000000000000000e+00 4.478239872042930059e-01 2.783862250999602495e-01 0.000000000000000000e+00 2.799905356514335586e-01 0.000000000000000000e+00 2.399043152129817225e-01 0.000000000000000000e+00 3.074732909746914489e-01 0.000000000000000000e+00 0.000000000000000000e+00 0.000000000000000000e+00 3.195367393327951944e-01 0.000000000000000000e+00 0.000000000000000000e+00 0.000000000000000000e+00 3.425549703422276493e-01 0.000000000000000000e+00 0.000000000000000000e+00 0.000000000000000000e+00 3.652519614285714145e-01 3.951155774647887031e-01 0.000000000000000000e+00 0.000000000000000000e+00 0.000000000000000000e+00 0.000000000000000000e+00 0.000000000000000000e+00 0.000000000000000000e+00 0.000000000000000000e+00 0.000000000000000000e+00 0.000000000000000000e+00 0.000000000000000000e+00 0.000000000000000000e+00 0.000000000000000000e+00 0.000000000000000000e+00 0.000000000000000000e+00 0.000000000000000000e+00 0.000000000000000000e+00 0.000000000000000000e+00 0.000000000000000000e+00 0.000000000000000000e+00 0.000000000000000000e+00 0.000000000000000000e+00 0.000000000000000000e+00 0.000000000000000000e+00 0.000000000000000000e+00 0.000000000000000000e+00
2.881558945585586673e-01 0.000000000000000000e+00 3.267979119786552089e-01 4.134735345494285341e-01 0.000000000000000000e+00 0.000000000000000000e+00 3.361436054522747852e-01 4.160355889672232577e-01 2.925561937516992783e-01 0.000000000000000000e+00 2.157662544723332743e-01 4.481484400000000368e-01 2.589548399909543108e-01 4.022247251296063864e-01 3.048039921144037323e-01 0.000000000000000000e+00 2.862035049032797263e-01 0.000000000000000000e+00 3.398375423879631541e-01 0.000000000000000000e+00 0.000000000000000000e+00 0.000000000000000000e+00 3.170389414092292801e-01 3.849011889358651684e-01 0.000000000000000000e+00 0.000000000000000000e+00 0.000000000000000000e+00 0.000000000000000000e+00 2.852564289973018030e-01 0.000000000000000000e+00 3.403206106688561605e-01 3.927488278381247588e-01 3.125903753491772741e-01 3.992143573595183792e-01 0.000000000000000000e+00 0.000000000000000000e+00 4.384226997582056917e-01 0.000000000000000000e+00 0.000000000000000000e+00 0.000000000000000000e+00 0.000000000000000000e+00 0.000000000000000000e+00 0.000000000000000000e+00 4.398137365591397452e-01 0.000000000000000000e+00 0.000000000000000000e+00 0.000000000000000000e+00 0.000000000000000000e+00 3.749307349503214204e-01 0.000000000000000000e+00 4.099674455834254605e-01 0.000000000000000000e+00 4.112490572916667197e-01 0.000000000000000000e+00 4.178085234788359581e-01 0.000000000000000000e+00 3.294412730312166748e-01 4.379693723404254890e-01 4.025474046660409422e-01 0.000000000000000000e+00 3.583869244724481873e-01 0.000000000000000000e+00 3.377253584985766555e-01 0.000000000000000000e+00 4.137952977481222372e-01 0.000000000000000000e+00 3.722536913824580074e-01 4.387933461189892359e-01 3.736327629373210057e-01 0.000000000000000000e+00 2.788089766274700620e-01 4.474393673469387878e-01 3.275944515259821554e-01 0.000000000000000000e+00 0.000000000000000000e+00 0.000000000000000000e+00 3.621473415563618570e-01 0.000000000000000000e+00 0.000000000000000000e+00 0.000000000000000000e+00 3.660928884629668922e-01 0.000000000000000000e+00 0.000000000000000000e+00 0.000000000000000000e+00 3.981141035287198426e-01 0.000000000000000000e+00 0.000000000000000000e+00 0.000000000000000000e+00 4.076707038710445929e-01 0.000000000000000000e+00 3.869540019837071076e-01 0.000000000000000000e+00 0.000000000000000000e+00 0.000000000000000000e+00 0.000000000000000000e+00 0.000000000000000000e+00 0.000000000000000000e+00 0.000000000000000000e+00 0.000000000000000000e+00 0.000000000000000000e+00 0.000000000000000000e+00 0.000000000000000000e+00 0.000000000000000000e+00 0.000000000000000000e+00 0.000000000000000000e+00 0.000000000000000000e+00 0.000000000000000000e+00 0.000000000000000000e+00 0.000000000000000000e+00 0.000000000000000000e+00 0.000000000000000000e+00 0.000000000000000000e+00 0.000000000000000000e+00 0.000000000000000000e+00 0.000000000000000000e+00 0.000000000000000000e+00
4.402528524311035696e-01 2.940476947478256053e-01 4.303714575599945635e-01 3.221237410109560328e-01 0.000000000000000000e+00 2.923289180486456917e-01 4.128097086975595631e-01 2.603456392981308154e-01 0.000000000000000000e+00 2.865930014880882504e-01 4.481484400000000368e-01 2.237209131711751786e-01 4.026939880952380979e-01 2.098003621149754638e-01 0.000000000000000000e+00 2.890549335985599932e-01 0.000000000000000000e+00 2.863525712989551386e-01 4.213257517074481262e-01 3.468093532855627270e-01 3.152370890410959303e-01 0.000000000000000000e+00 4.096169934505076160e-01 3.270676226014095911e-01 0.000000000000000000e+00 2.782768550724636913e-01 0.000000000000000000e+00 0.000000000000000000e+00 0.000000000000000000e+00 2.742309065558622971e-01 4.063242745098039066e-01 3.191161678246881017e-01 4.110853164874727073e-01 3.165207973714010414e-01 0.000000000000000000e+00 0.000000000000000000e+00 0.000000000000000000e+00 4.071564142273145781e-01 0.000000000000000000e+00 0.000000000000000000e+00 0.000000000000000000e+00 3.764234565217390305e-01 0.000000000000000000e+00 0.000000000000000000e+00 0.000000000000000000e+00 3.457154285714285624e-01 0.000000000000000000e+00 0.000000000000000000e+00 0.000000000000000000e+00 3.451394971279334034e-01 0.000000000000000000e+00 3.404185475746718814e-01 0.000000000000000000e+00 3.401519375000000012e-01 0.000000000000000000e+00 3.659985454233266600e-01 4.344928412698412790e-01 3.389773886641142542e-01 0.000000000000000000e+00 3.615859173028268536e-01 0.000000000000000000e+00 3.588069916971312057e-01 0.000000000000000000e+00 3.641889372920090184e-01 0.000000000000000000e+00 3.550130921659792049e-01 0.000000000000000000e+00 3.758059193035879764e-01 0.000000000000000000e+00 0.000000000000000000e+00 0.000000000000000000e+00 2.955712012592013327e-01 0.000000000000000000e+00 3.338402951315445621e-01 0.000000000000000000e+00 3.388049817248313667e-01 0.000000000000000000e+00 3.589979193968939608e-01 0.000000000000000000e+00 3.274953571349174530e-01 0.000000000000000000e+00 3.679211334458355465e-01 0.000000000000000000e+00 0.000000000000000000e+00 0.000000000000000000e+00 3.815190152816494984e-01 0.000000000000000000e+00 0.000000000000000000e+00 0.000000000000000000e+00 3.827944127146782893e-01 0.000000000000000000e+00 0.000000000000000000e+00 0.000000000000000000e+00 0.000000000000000000e+00 0.000000000000000000e+00 0.000000000000000000e+00 0.000000000000000000e+00 0.000000000000000000e+00 0.000000000000000000e+00 0.000000000000000000e+00 0.000000000000000000e+00 0.000000000000000000e+00 0.000000000000000000e+00 0.000000000000000000e+00 0.000000000000000000e+00 0.000000000000000000e+00 0.000000000000000000e+00 0.000000000000000000e+00 0.000000000000000000e+00 0.000000000000000000e+00 0.000000000000000000e+00 0.000000000000000000e+00 0.000000000000000000e+00 0.000000000000000000e+00 0.000000000000000000e+00 0.000000000000000000e+00
3.217259802606025065e-01 0.000000000000000000e+00 2.977439701186775922e-01 3.935336301225618172e-01 2.692803433257064394e-01 0.000000000000000000e+00 2.336640445174518743e-01 4.119576496143016464e-01 2.373601837604078779e-01 3.317347977528089520e-01 2.589548399909543108e-01 4.026939880952380979e-01 2.115743268369011387e-01 4.025859474987975584e-01 2.577659263522877886e-01 0.000000000000000000e+00 3.193806244646334447e-01 0.000000000000000000e+00 3.442691156844696621e-01 4.005305048543689184e-01 0.000000000000000000e+00 0.000000000000000000e+00 3.002793051903718258e-01 3.903928280886564406e-01 2.690950001344283860e-01 0.000000000000000000e+00 2.838436567164179247e-01 0.000000000000000000e+00 2.763486182714194883e-01 4.020913750000000286e-01 2.905881463995057534e-01 4.045387825719959918e-01 3.173506186298643561e-01 4.087367494724181149e-01 0.000000000000000000e+00 0.000000000000000000e+00 4.284812648441967409e-01 0.000000000000000000e+00 0.000000000000000000e+00 0.000000000000000000e+00 0.000000000000000000e+00 0.000000000000000000e+00 0.000000000000000000e+00 0.000000000000000000e+00 0.000000000000000000e+00 0.000000000000000000e+00 0.000000000000000000e+00 0.000000000000000000e+00 4.195917432773109690e-01 0.000000000000000000e+00 3.904593547604909287e-01 0.000000000000000000e+00 3.921119458705356609e-01 0.000000000000000000e+00 3.633717458865027283e-01 0.000000000000000000e+00 3.807217507480037400e-01 3.949157518248175291e-01 3.998747821751402753e-01 0.000000000000000000e+00 3.864168596319811355e-01 0.000000000000000000e+00 3.654483979729761800e-01 0.000000000000000000e+00 4.033230838759543357e-01 0.000000000000000000e+00 3.736031308457116173e-01 0.000000000000000000e+00 3.721904379556849052e-01 0.000000000000000000e+00 2.988733598167127026e-01 0.000000000000000000e+00 3.246973132677969387e-01 0.000000000000000000e+00 2.947487222222222036e-01 0.000000000000000000e+00 3.437955648617551652e-01 3.192942794520547967e-01 0.000000000000000000e+00 0.000000000000000000e+00 3.490665351155136653e-01 0.000000000000000000e+00 3.510530416666666209e-01 0.000000000000000000e+00 3.807739499971214414e-01 0.000000000000000000e+00 0.000000000000000000e+00 0.000000000000000000e+00 3.921473478341088725e-01 0.000000000000000000e+00 3.756858675496688726e-01 4.093056013986014485e-01 0.000000000000000000e+00 0.000000000000000000e+00 4.168479450549450460e-01 0.000000000000000000e+00 0.000000000000000000e+00 0.000000000000000000e+00 0.000000000000000000e+00 0.000000000000000000e+00 0.000000000000000000e+00 0.000000000000000000e+00 0.000000000000000000e+00 0.000000000000000000e+00 3.382058640000000782e-01 0.000000000000000000e+00 0.000000000000000000e+00 0.000000000000000000e+00 0.000000000000000000e+00 0.000000000000000000e+00 0.000000000000000000e+00 0.000000000000000000e+00 0.000000000000000000e+00 0.000000000000000000e+00 0.000000000000000000e+00 0.000000000000000000e+00
