0.000000000000000000e+00 2.926474597836953642e-02 5.394352482960077660e-02 3.524436090225563714e-03 4.464285714285714146e-04 0.000000000000000000e+00 1.288935684829340955e-01 4.499533067323202573e-03 1.349163518618456568e-03 0.000000000000000000e+00 2.677493233395794037e-01 9.909165978530139456e-04 3.948264125255275536e-02 2.726281352235550835e-04 0.000000000000000000e+00 0.000000000000000000e+00 1.011156366212148106e-01 4.360465116279069707e-03 6.597390043499275214e-02 3.579347481786505913e-02 8.525149190110826915e-04 0.000000000000000000e+00 3.092145949288806661e-04 5.643340857787809911e-04 3.201024327784891040e-04 0.000000000000000000e+00 0.000000000000000000e+00 0.000000000000000000e+00 1.405563689604685286e-02 2.026599113362888109e-03 1.419782300047326036e-03 0.000000000000000000e+00 1.584786053882725892e-02 8.454450460720052893e-03 1.740644038294168793e-03 0.000000000000000000e+00 3.128394525309580870e-02 1.258178158027176618e-03 0.000000000000000000e+00 7.674597083653108111e-04 2.249718785151856235e-03 0.000000000000000000e+00 0.000000000000000000e+00 0.000000000000000000e+00 6.596306068601582879e-04 1.614205004035512605e-04 1.390240511608508269e-04 0.000000000000000000e+00 2.766251728907330714e-03 9.468800303001609678e-05 6.110320582573031296e-03 1.512630464377552576e-04 1.210165389269866800e-03 0.000000000000000000e+00 2.376551359915500365e-03 0.000000000000000000e+00 2.608005082592121937e-01 3.501264345458081871e-03 2.231997393287715736e-02 7.753941586973378194e-04 3.601279537715405821e-02 4.960317460317460042e-04 3.720238095238095032e-03 4.385964912280701836e-04 7.014467338886453546e-03 1.564210855623338146e-04 4.992616552985022424e-03 8.775008775008775411e-04 7.061431285623812060e-02 7.272727272727272721e-03 3.305311425296140332e-02 1.012772182524053271e-03 3.099353937489086885e-02 3.703454312840886130e-03 3.696857670979667235e-03 0.000000000000000000e+00 6.139724630290668145e-02 1.105651105651105602e-02 0.000000000000000000e+00 1.782531194295900075e-03 8.510638297872340349e-04 1.383125864453665249e-04 3.297065611605671013e-04 0.000000000000000000e+00 1.079913606911447020e-02 0.000000000000000000e+00 0.000000000000000000e+00 0.000000000000000000e+00 5.277401894451962290e-03 0.000000000000000000e+00 5.129849310676498977e-03 9.086778736937755176e-04 1.242236024844720543e-03 0.000000000000000000e+00 3.926096997690531332e-02 0.000000000000000000e+00 4.645760743321718927e-03 1.084598698481561855e-03 1.642036124794745431e-03 0.000000000000000000e+00 4.088307440719542250e-04 0.000000000000000000e+00 1.657458563535911620e-03 2.140869192892314314e-04 1.287001287001286959e-03 0.000000000000000000e+00 1.974333662388943599e-03 0.000000000000000000e+00 0.000000000000000000e+00 0.000000000000000000e+00 0.000000000000000000e+00 0.000000000000000000e+00 0.000000000000000000e+00 0.000000000000000000e+00 0.000000000000000000e+00 0.000000000000000000e+00
2.926474597836953642e-02 0.000000000000000000e+00 1.557935735150925037e-03 6.907894736842105921e-02 0.000000000000000000e+00 9.918666931164451996e-04 9.914889883302623400e-03 1.146956447915782329e-01 2.698327037236913136e-04 2.008032128514056040e-03 2.498438475952529519e-03 1.000825763831544174e-01 1.021102791014295375e-03 5.725190839694656482e-03 0.000000000000000000e+00 1.301518438177874182e-03 6.906321940853550438e-03 1.040697674418604585e-01 2.150797486708554834e-02 7.464892830746489016e-02 0.000000000000000000e+00 0.000000000000000000e+00 0.000000000000000000e+00 3.762227238525206788e-04 0.000000000000000000e+00 3.289473684210526242e-04 0.000000000000000000e+00 5.115089514066495716e-04 2.928257686676427607e-03 1.114629512349588417e-02 7.098911500236630180e-04 0.000000000000000000e+00 9.264903084237474315e-03 1.187422817516861455e-02 4.351610095735421982e-04 1.368925393566050629e-03 1.520747338692157247e-03 3.673880221439355942e-02 0.000000000000000000e+00 6.139677666922486489e-03 0.000000000000000000e+00 0.000000000000000000e+00 0.000000000000000000e+00 0.000000000000000000e+00 1.319261213720316576e-04 8.878127522195318651e-04 0.000000000000000000e+00 0.000000000000000000e+00 0.000000000000000000e+00 2.461888078780418571e-03 0.000000000000000000e+00 7.563152321887763041e-03 2.016942315449778091e-04 2.316304207952644620e-03 0.000000000000000000e+00 4.846526655896607298e-03 6.353240152477763504e-03 1.951954872592880641e-01 6.516780710329097420e-04 4.006203153269578821e-02 3.095655763079145661e-04 5.257936507936507992e-02 4.464285714285714146e-04 1.739766081871345002e-02 0.000000000000000000e+00 1.063663381823869852e-02 2.601786090992194711e-03 3.246753246753246967e-03 3.071564281190626924e-02 8.169696969696969846e-02 1.146350783339701888e-03 3.100208180948629821e-02 2.793783830976078082e-03 3.494714160662581309e-02 0.000000000000000000e+00 7.385524372230428854e-04 8.771035186129524930e-03 7.411957411957412201e-02 0.000000000000000000e+00 0.000000000000000000e+00 7.294832826747719989e-04 8.298755186721991492e-04 0.000000000000000000e+00 1.838235294117647033e-03 2.699784017278617876e-04 1.012203876525484547e-02 0.000000000000000000e+00 0.000000000000000000e+00 1.353179972936400643e-04 6.836475906935714740e-03 6.412311638345623722e-04 8.178100863243980417e-03 2.070393374741200815e-04 6.588579795021962116e-03 0.000000000000000000e+00 1.626016260162601798e-02 1.161440185830429732e-03 2.169197396963123709e-03 0.000000000000000000e+00 4.319654427645788601e-03 0.000000000000000000e+00 1.207729468599033759e-03 0.000000000000000000e+00 1.070434596446157103e-03 9.652509652509652736e-04 1.745200698080279266e-03 0.000000000000000000e+00 1.005025125628140805e-03 0.000000000000000000e+00 0.000000000000000000e+00 1.375515818431911983e-03 2.277904328018223127e-03 3.773584905660377388e-03 1.258653241032095743e-03 0.000000000000000000e+00 0.000000000000000000e+00
5.394352482960077660e-02 1.557935735150925037e-03 0.000000000000000000e+00 4.111842105263157666e-03 1.008928571428571452e-01 9.918666931164451996e-04 2.947266824602965962e-01 1.222514644706681336e-02 4.937938478143551191e-02 2.409638554216867682e-03 3.227149698105350600e-02 3.137902559867877892e-03 3.284547311095983857e-02 6.270447110141766540e-03 5.584858827179646663e-03 2.386117136659436037e-03 6.375066406941739400e-03 2.034883720930232530e-03 1.024649589173513842e-01 3.906662443247809098e-03 0.000000000000000000e+00 0.000000000000000000e+00 2.455163883735312358e-01 6.207674943566591011e-03 3.104993597951344331e-02 2.960526315789473780e-03 2.317880794701986970e-03 0.000000000000000000e+00 9.224011713030746268e-03 1.646611779607346426e-03 7.335541883577851620e-03 6.670970518614159454e-03 8.411556747531391542e-03 4.084734492258003044e-03 1.305483028720626649e-03 0.000000000000000000e+00 4.996741255702802538e-03 7.549068948163059709e-04 0.000000000000000000e+00 0.000000000000000000e+00 0.000000000000000000e+00 0.000000000000000000e+00 2.002402883460152171e-04 0.000000000000000000e+00 2.902374670184696467e-03 0.000000000000000000e+00 1.390240511608508269e-04 0.000000000000000000e+00 3.534654986937144777e-03 0.000000000000000000e+00 5.273290365782204794e-03 0.000000000000000000e+00 6.050826946349334001e-04 0.000000000000000000e+00 1.584367573277000243e-03 0.000000000000000000e+00 4.023718763235917088e-03 0.000000000000000000e+00 7.494297816878462033e-03 2.584647195657792731e-04 5.572180373542462081e-03 0.000000000000000000e+00 4.464285714285714146e-04 2.923976608187134557e-04 3.288031565103024991e-03 0.000000000000000000e+00 1.167287813796498083e-02 1.755001755001754920e-04 4.749841671944268762e-03 0.000000000000000000e+00 3.209782193351165547e-02 4.444944578855567797e-03 2.985856469355683759e-02 3.097434516194195499e-03 1.848428835489833617e-03 0.000000000000000000e+00 4.620091789903110757e-02 6.654381654381654777e-03 1.256281407035175898e-03 0.000000000000000000e+00 9.726443768996960709e-04 1.383125864453665249e-04 3.297065611605671013e-04 0.000000000000000000e+00 5.804535637149028406e-03 0.000000000000000000e+00 3.208213025344882892e-04 0.000000000000000000e+00 4.059539918809201495e-03 2.205314808688940405e-04 1.923693491503687117e-03 9.086778736937755176e-04 4.140786749482401629e-04 0.000000000000000000e+00 1.154734411085450371e-02 0.000000000000000000e+00 5.807200929152148659e-04 0.000000000000000000e+00 1.642036124794745431e-03 0.000000000000000000e+00 0.000000000000000000e+00 0.000000000000000000e+00 3.683241252302025702e-04 0.000000000000000000e+00 6.435006435006434796e-04 0.000000000000000000e+00 9.871668311944717996e-04 0.000000000000000000e+00 0.000000000000000000e+00 0.000000000000000000e+00 0.000000000000000000e+00 0.000000000000000000e+00 0.000000000000000000e+00 0.000000000000000000e+00 0.000000000000000000e+00 0.000000000000000000e+00
3.524436090225563714e-03 6.907894736842105921e-02 4.111842105263157666e-03 0.000000000000000000e+00 0.000000000000000000e+00 5.871850823249355478e-02 5.703255242607703848e-03 2.068936242465404529e-01 2.428494333513221606e-03 3.172690763052209151e-02 1.665625650635019824e-03 2.939719240297275146e-02 3.233492171545269012e-03 3.571428571428571230e-02 1.551349674216568469e-03 1.388286334056399070e-02 1.062511067823623161e-03 1.191860465116279140e-02 4.591590140164330223e-03 1.085418646394256115e-01 0.000000000000000000e+00 0.000000000000000000e+00 5.256648113790970619e-03 2.215951843491346940e-01 2.240717029449423945e-03 3.881578947368421323e-02 6.622516556291390723e-04 3.069053708439897863e-03 1.610541727672035097e-03 1.038632045598480123e-02 7.335541883577851620e-03 8.177318700236711757e-03 1.340972814823844853e-03 9.784364016338937403e-03 0.000000000000000000e+00 0.000000000000000000e+00 8.689984792526612685e-04 7.800704579768494816e-03 0.000000000000000000e+00 3.837298541826554056e-04 0.000000000000000000e+00 0.000000000000000000e+00 0.000000000000000000e+00 6.870019236053860644e-05 1.319261213720316576e-04 1.614205004035512605e-04 0.000000000000000000e+00 0.000000000000000000e+00 0.000000000000000000e+00 1.136256036360193270e-03 0.000000000000000000e+00 9.075782786265314912e-04 0.000000000000000000e+00 2.573671342169605073e-04 0.000000000000000000e+00 2.692514808831448559e-04 2.117746717492587799e-04 7.877844777280684427e-03 1.629195177582274355e-04 1.783406565003876898e-02 1.031885254359715220e-04 1.984126984126984017e-03 1.488095238095238229e-04 2.923976608187134557e-04 0.000000000000000000e+00 1.251368684498670517e-03 7.031854299978904002e-05 5.528255528255528010e-03 7.916402786573781269e-04 1.696969696969697012e-03 1.146350783339701888e-03 1.761098295166826228e-02 2.008032128514056040e-03 2.686687765133661046e-02 0.000000000000000000e+00 7.385524372230428854e-04 3.671596124426313064e-03 4.381654381654381814e-02 0.000000000000000000e+00 0.000000000000000000e+00 1.215805471124620089e-04 6.915629322268326785e-04 0.000000000000000000e+00 0.000000000000000000e+00 0.000000000000000000e+00 1.005025125628140805e-03 0.000000000000000000e+00 0.000000000000000000e+00 0.000000000000000000e+00 8.821259234755761619e-04 0.000000000000000000e+00 9.086778736937755176e-04 2.070393374741200815e-04 5.124450951683748312e-03 2.309468822170900656e-03 1.626016260162601798e-02 5.807200929152148659e-04 2.169197396963123709e-03 0.000000000000000000e+00 0.000000000000000000e+00 0.000000000000000000e+00 0.000000000000000000e+00 1.841620626151012851e-04 1.498608435024620074e-03 0.000000000000000000e+00 6.980802792321117280e-04 0.000000000000000000e+00 1.005025125628140805e-03 0.000000000000000000e+00 0.000000000000000000e+00 0.000000000000000000e+00 0.000000000000000000e+00 0.000000000000000000e+00 6.293266205160478717e-04 0.000000000000000000e+00 0.000000000000000000e+00
4.464285714285714146e-04 0.000000000000000000e+00 1.008928571428571452e-01 0.000000000000000000e+00 0.000000000000000000e+00 2.975600079349335382e-03 5.001316135825216967e-03 4.244842516342643528e-04 3.772261198057204612e-01 7.228915662650602612e-03 0.000000000000000000e+00 0.000000000000000000e+00 5.105513955071476874e-04 1.363140676117775417e-04 1.939187092770710552e-01 1.735357917570498837e-03 0.000000000000000000e+00 0.000000000000000000e+00 3.624939584340260731e-04 1.055854714391299756e-04 2.216538789428814868e-02 2.464571780653111634e-03 2.319109461966604654e-02 2.069224981188863815e-03 7.330345710627400591e-02 5.921052631578947560e-03 1.490066225165563030e-01 1.023017902813299143e-03 1.229868228404099560e-02 1.266624445851805068e-04 7.098911500236630180e-03 1.936733376371852899e-03 1.219066195294404522e-04 0.000000000000000000e+00 0.000000000000000000e+00 0.000000000000000000e+00 8.689984792526612685e-04 0.000000000000000000e+00 9.560229445506691816e-04 0.000000000000000000e+00 0.000000000000000000e+00 0.000000000000000000e+00 1.001201441730076086e-04 0.000000000000000000e+00 0.000000000000000000e+00 0.000000000000000000e+00 5.560962046434033074e-04 0.000000000000000000e+00 0.000000000000000000e+00 0.000000000000000000e+00 0.000000000000000000e+00 0.000000000000000000e+00 2.016942315449778091e-04 0.000000000000000000e+00 2.640612622128333739e-04 0.000000000000000000e+00 0.000000000000000000e+00 0.000000000000000000e+00 0.000000000000000000e+00 0.000000000000000000e+00 1.031885254359715220e-04 0.000000000000000000e+00 1.488095238095238229e-04 0.000000000000000000e+00 0.000000000000000000e+00 0.000000000000000000e+00 2.109556289993671336e-04 0.000000000000000000e+00 1.583280557314756200e-04 0.000000000000000000e+00 2.350019105846389011e-02 7.314465762673718913e-04 3.422385192945695542e-02 6.060197966466904142e-04 7.393715341959334469e-03 0.000000000000000000e+00 1.835798062213156532e-03 5.118755118755118809e-04 0.000000000000000000e+00 0.000000000000000000e+00 1.215805471124620089e-04 0.000000000000000000e+00 1.318826244642268405e-03 0.000000000000000000e+00 1.619870410367170617e-03 0.000000000000000000e+00 1.283285210137953157e-03 0.000000000000000000e+00 1.894451962110960683e-03 0.000000000000000000e+00 0.000000000000000000e+00 0.000000000000000000e+00 0.000000000000000000e+00 0.000000000000000000e+00 0.000000000000000000e+00 0.000000000000000000e+00 0.000000000000000000e+00 0.000000000000000000e+00 0.000000000000000000e+00 0.000000000000000000e+00 0.000000000000000000e+00 0.000000000000000000e+00 0.000000000000000000e+00 0.000000000000000000e+00 0.000000000000000000e+00 0.000000000000000000e+00 0.000000000000000000e+00 0.000000000000000000e+00 0.000000000000000000e+00 0.000000000000000000e+00 0.000000000000000000e+00 0.000000000000000000e+00 0.000000000000000000e+00 0.000000000000000000e+00 0.000000000000000000e+00 0.000000000000000000e+00
0.000000000000000000e+00 9.918666931164451996e-04 9.918666931164451996e-04 5.871850823249355478e-02 2.975600079349335382e-03 0.000000000000000000e+00 6.141967184346758040e-04 3.141183462093556211e-03 4.587155963302752548e-03 2.867469879518072529e-01 0.000000000000000000e+00 1.651527663088356757e-04 1.701837985023825625e-04 2.862595419847328241e-03 2.482159478746509291e-03 1.540130151843817907e-01 0.000000000000000000e+00 0.000000000000000000e+00 1.208313194780087001e-04 5.279273571956498781e-04 0.000000000000000000e+00 6.962415280345039814e-02 2.782931354359925724e-03 9.932279909706545618e-02 6.402048655569782080e-03 1.440789473684210564e-01 3.311258278145695361e-03 2.148337595907928443e-01 0.000000000000000000e+00 4.091196960101330105e-02 1.230477993374349231e-02 8.822896492360662868e-03 1.219066195294404522e-04 2.184857984231024924e-03 0.000000000000000000e+00 0.000000000000000000e+00 2.172496198131653171e-04 0.000000000000000000e+00 0.000000000000000000e+00 0.000000000000000000e+00 0.000000000000000000e+00 0.000000000000000000e+00 0.000000000000000000e+00 0.000000000000000000e+00 0.000000000000000000e+00 0.000000000000000000e+00 0.000000000000000000e+00 2.929115407147041598e-04 0.000000000000000000e+00 0.000000000000000000e+00 0.000000000000000000e+00 2.268945696566328728e-04 0.000000000000000000e+00 0.000000000000000000e+00 0.000000000000000000e+00 1.346257404415724280e-04 0.000000000000000000e+00 9.725734292939116309e-05 0.000000000000000000e+00 0.000000000000000000e+00 0.000000000000000000e+00 7.440476190476190063e-04 0.000000000000000000e+00 2.923976608187134557e-04 0.000000000000000000e+00 0.000000000000000000e+00 7.031854299978904002e-05 4.387504387504387706e-04 0.000000000000000000e+00 2.424242424242424186e-04 1.146350783339701888e-03 3.330895178079108787e-02 8.730574471800244549e-04 3.407177967813615482e-02 0.000000000000000000e+00 7.385524372230428854e-04 5.099439061703212950e-04 3.583128583128583275e-03 0.000000000000000000e+00 0.000000000000000000e+00 0.000000000000000000e+00 1.383125864453665249e-04 0.000000000000000000e+00 0.000000000000000000e+00 0.000000000000000000e+00 7.896625987078248563e-04 0.000000000000000000e+00 0.000000000000000000e+00 0.000000000000000000e+00 9.923916639100231144e-04 3.206155819172811861e-04 4.543389368468877588e-04 0.000000000000000000e+00 0.000000000000000000e+00 0.000000000000000000e+00 0.000000000000000000e+00 0.000000000000000000e+00 0.000000000000000000e+00 0.000000000000000000e+00 0.000000000000000000e+00 0.000000000000000000e+00 0.000000000000000000e+00 1.841620626151012851e-04 0.000000000000000000e+00 0.000000000000000000e+00 0.000000000000000000e+00 0.000000000000000000e+00 0.000000000000000000e+00 0.000000000000000000e+00 0.000000000000000000e+00 0.000000000000000000e+00 0.000000000000000000e+00 0.000000000000000000e+00 0.000000000000000000e+00 0.000000000000000000e+00 0.000000000000000000e+00
1.288935684829340955e-01 9.914889883302623400e-03 2.947266824602965962e-01 5.703255242607703848e-03 5.001316135825216967e-03 6.141967184346758040e-04 0.000000000000000000e+00 2.572374564903642108e-02 7.204533189422558659e-02 2.811244979919678890e-03 5.829689777222569341e-02 5.450041288191577460e-03 1.065350578624914973e-01 8.315158124318430127e-03 1.023890784982935120e-02 2.386117136659436037e-03 4.072959093323888675e-03 2.761627906976744148e-03 3.165780570323827731e-02 1.404286770140428763e-02 0.000000000000000000e+00 0.000000000000000000e+00 5.287569573283858876e-02 1.109857035364936011e-02 3.521126760563380361e-03 9.868421052631579267e-04 0.000000000000000000e+00 5.115089514066495716e-04 4.392386530014641410e-03 2.153261557948068453e-03 1.088499763369616714e-02 1.377232623197762081e-02 1.316591490917956922e-02 7.409518381305215187e-03 3.916449086161879513e-03 0.000000000000000000e+00 1.955246578318488044e-03 5.032712632108706473e-04 3.346080305927342461e-03 0.000000000000000000e+00 0.000000000000000000e+00 0.000000000000000000e+00 2.002402883460152171e-04 0.000000000000000000e+00 3.298153034300791656e-03 0.000000000000000000e+00 1.390240511608508269e-04 0.000000000000000000e+00 4.456738896572921826e-03 0.000000000000000000e+00 9.960659579810831471e-03 0.000000000000000000e+00 5.042355788624445362e-03 0.000000000000000000e+00 5.677317137575917973e-03 0.000000000000000000e+00 1.122405760271071549e-02 9.725734292939116309e-05 8.634734441186054515e-03 5.169294391315585463e-04 3.580641832628211896e-02 0.000000000000000000e+00 6.250000000000000347e-03 1.461988304093567279e-04 8.329679964927663369e-03 0.000000000000000000e+00 7.102172842978693272e-03 4.387504387504387706e-04 1.583280557314756200e-04 2.424242424242424186e-04 7.419437014393071017e-02 7.258200641422382464e-03 7.857517024620220419e-03 4.242138576526833550e-03 0.000000000000000000e+00 0.000000000000000000e+00 1.213666496685364589e-02 1.638001638001638019e-02 0.000000000000000000e+00 0.000000000000000000e+00 1.823708206686929997e-03 0.000000000000000000e+00 3.297065611605671013e-04 3.676470588235294067e-04 3.334233261339093063e-02 0.000000000000000000e+00 3.208213025344882892e-04 0.000000000000000000e+00 3.951285520974289617e-02 0.000000000000000000e+00 9.618467457518435583e-04 4.543389368468877588e-04 0.000000000000000000e+00 7.320644216691069017e-04 2.309468822170900656e-03 0.000000000000000000e+00 0.000000000000000000e+00 0.000000000000000000e+00 0.000000000000000000e+00 0.000000000000000000e+00 0.000000000000000000e+00 0.000000000000000000e+00 0.000000000000000000e+00 4.281738385784628629e-04 0.000000000000000000e+00 0.000000000000000000e+00 0.000000000000000000e+00 0.000000000000000000e+00 0.000000000000000000e+00 0.000000000000000000e+00 0.000000000000000000e+00 0.000000000000000000e+00 0.000000000000000000e+00 0.000000000000000000e+00 1.626016260162601625e-03 0.000000000000000000e+00
4.499533067323202573e-03 1.146956447915782329e-01 1.222514644706681336e-02 2.068936242465404529e-01 4.244842516342643528e-04 3.141183462093556211e-03 2.572374564903642108e-02 0.000000000000000000e+00 4.047490555855369487e-03 5.381526104417670708e-02 8.744534665833853318e-03 1.337737407101569076e-01 1.038121170864533642e-02 2.354143947655397973e-01 3.723239218119764153e-03 1.800433839479392492e-02 1.947936957676642570e-03 1.090116279069767470e-02 1.655389076848719221e-02 3.991130820399112905e-02 8.525149190110826915e-04 0.000000000000000000e+00 1.700680272108843691e-02 3.329571106094807859e-02 3.521126760563380361e-03 1.973684210526315853e-03 3.311258278145695361e-04 0.000000000000000000e+00 4.245973645680819683e-03 7.599746675110829325e-03 1.159488878371982973e-02 8.177318700236711757e-03 8.045836888943069115e-03 1.082929609575377684e-02 4.351610095735421982e-04 4.106776180698152104e-03 1.086248099065826667e-03 2.767991947659788777e-03 0.000000000000000000e+00 7.674597083653108111e-04 0.000000000000000000e+00 0.000000000000000000e+00 0.000000000000000000e+00 6.870019236053860644e-05 0.000000000000000000e+00 8.878127522195318651e-04 0.000000000000000000e+00 0.000000000000000000e+00 0.000000000000000000e+00 1.515008048480257549e-03 0.000000000000000000e+00 6.655574043261231441e-03 0.000000000000000000e+00 2.058937073735684058e-03 0.000000000000000000e+00 3.365643511039310889e-03 4.235493434985175597e-04 1.118459443687998441e-02 0.000000000000000000e+00 2.222796588265701576e-02 2.063770508719430441e-04 3.000992063492063586e-02 2.976190476190476459e-04 4.239766081871344620e-03 0.000000000000000000e+00 8.446738620366024686e-03 7.031854299978904273e-04 8.599508599508599513e-03 6.333122229259024799e-04 1.212121212121212120e-03 5.731753916698509657e-03 8.225960726945366619e-02 6.198707874978173597e-03 1.387111978991313783e-02 0.000000000000000000e+00 0.000000000000000000e+00 1.662417134115247441e-02 2.293202293202293088e-02 0.000000000000000000e+00 1.782531194295900075e-03 4.863221884498480354e-04 2.351313969571230868e-03 0.000000000000000000e+00 0.000000000000000000e+00 1.349892008639308938e-04 1.162957645369705646e-02 0.000000000000000000e+00 3.228931223764933654e-04 2.706359945872801286e-04 9.703385158231337890e-03 0.000000000000000000e+00 4.543389368468877588e-04 0.000000000000000000e+00 0.000000000000000000e+00 1.385681293302540480e-02 0.000000000000000000e+00 0.000000000000000000e+00 0.000000000000000000e+00 1.642036124794745431e-03 0.000000000000000000e+00 4.088307440719542250e-04 0.000000000000000000e+00 0.000000000000000000e+00 4.281738385784628629e-04 0.000000000000000000e+00 0.000000000000000000e+00 0.000000000000000000e+00 0.000000000000000000e+00 0.000000000000000000e+00 0.000000000000000000e+00 0.000000000000000000e+00 0.000000000000000000e+00 0.000000000000000000e+00 0.000000000000000000e+00 0.000000000000000000e+00 0.000000000000000000e+00
1.349163518618456568e-03 2.698327037236913136e-04 4.937938478143551191e-02 2.428494333513221606e-03 3.772261198057204612e-01 4.587155963302752548e-03 7.204533189422558659e-02 4.047490555855369487e-03 0.000000000000000000e+00 1.405622489959839315e-02 1.041016031646887444e-03 0.000000000000000000e+00 3.063308373042886168e-02 2.726281352235550835e-04 1.554452373565001488e-01 2.603036876355748364e-03 3.541703559412077203e-04 0.000000000000000000e+00 2.416626389560174002e-04 0.000000000000000000e+00 3.410059676044330766e-03 0.000000000000000000e+00 5.565862708719851448e-03 5.831452219714070712e-03 1.504481434058898767e-02 1.118421052631578955e-02 9.933774834437086518e-03 5.115089514066495716e-04 4.978038067349926585e-03 5.066497783407220273e-04 7.098911500236630180e-03 3.873466752743705797e-03 1.950505912471047236e-03 1.899876508026978337e-04 4.351610095735421982e-04 0.000000000000000000e+00 4.344992396263306343e-04 0.000000000000000000e+00 0.000000000000000000e+00 0.000000000000000000e+00 0.000000000000000000e+00 0.000000000000000000e+00 0.000000000000000000e+00 0.000000000000000000e+00 0.000000000000000000e+00 0.000000000000000000e+00 1.390240511608508269e-04 0.000000000000000000e+00 0.000000000000000000e+00 0.000000000000000000e+00 0.000000000000000000e+00 0.000000000000000000e+00 0.000000000000000000e+00 0.000000000000000000e+00 1.320306311064166870e-04 0.000000000000000000e+00 0.000000000000000000e+00 0.000000000000000000e+00 1.629195177582274355e-04 0.000000000000000000e+00 5.159426271798575559e-04 0.000000000000000000e+00 1.488095238095238229e-04 0.000000000000000000e+00 0.000000000000000000e+00 0.000000000000000000e+00 5.625483439983123201e-04 0.000000000000000000e+00 0.000000000000000000e+00 0.000000000000000000e+00 2.324544643994395574e-02 1.181567546278062186e-03 2.331063383970665218e-02 1.616052791057841177e-03 5.545286506469500852e-03 0.000000000000000000e+00 5.813360530341662134e-03 4.095004095004095264e-04 0.000000000000000000e+00 0.000000000000000000e+00 4.863221884498480354e-04 0.000000000000000000e+00 0.000000000000000000e+00 0.000000000000000000e+00 8.774298056155507147e-04 0.000000000000000000e+00 3.208213025344882892e-04 0.000000000000000000e+00 5.412719891745602571e-04 0.000000000000000000e+00 0.000000000000000000e+00 0.000000000000000000e+00 2.070393374741200815e-04 0.000000000000000000e+00 0.000000000000000000e+00 0.000000000000000000e+00 0.000000000000000000e+00 0.000000000000000000e+00 0.000000000000000000e+00 0.000000000000000000e+00 0.000000000000000000e+00 0.000000000000000000e+00 0.000000000000000000e+00 2.140869192892314314e-04 0.000000000000000000e+00 0.000000000000000000e+00 0.000000000000000000e+00 0.000000000000000000e+00 0.000000000000000000e+00 0.000000000000000000e+00 0.000000000000000000e+00 0.000000000000000000e+00 0.000000000000000000e+00 0.000000000000000000e+00 0.000000000000000000e+00 0.000000000000000000e+00
0.000000000000000000e+00 2.008032128514056040e-03 2.409638554216867682e-03 3.172690763052209151e-02 7.228915662650602612e-03 2.867469879518072529e-01 2.811244979919678890e-03 5.381526104417670708e-02 1.405622489959839315e-02 0.000000000000000000e+00 0.000000000000000000e+00 3.303055326176713297e-03 1.701837985023825625e-04 2.521810250817884541e-02 2.171889543903195684e-03 1.266811279826464132e-01 0.000000000000000000e+00 2.906976744186046471e-04 0.000000000000000000e+00 5.279273571956498781e-04 0.000000000000000000e+00 3.696857670979667235e-03 3.092145949288806553e-03 5.267118133935289395e-03 8.322663252240717138e-03 3.289473684210526133e-03 2.649006622516556289e-03 1.841432225063938458e-02 1.464128843338213749e-04 9.499683343888537523e-03 8.518693800283956216e-03 1.506348181622552086e-03 2.438132390588809045e-04 3.799753016053956673e-04 0.000000000000000000e+00 0.000000000000000000e+00 0.000000000000000000e+00 0.000000000000000000e+00 0.000000000000000000e+00 0.000000000000000000e+00 0.000000000000000000e+00 0.000000000000000000e+00 0.000000000000000000e+00 0.000000000000000000e+00 0.000000000000000000e+00 0.000000000000000000e+00 0.000000000000000000e+00 0.000000000000000000e+00 0.000000000000000000e+00 9.468800303001609678e-05 0.000000000000000000e+00 0.000000000000000000e+00 0.000000000000000000e+00 0.000000000000000000e+00 0.000000000000000000e+00 1.346257404415724280e-04 0.000000000000000000e+00 2.917720287881734893e-04 0.000000000000000000e+00 0.000000000000000000e+00 0.000000000000000000e+00 1.488095238095238013e-03 0.000000000000000000e+00 2.923976608187134557e-04 0.000000000000000000e+00 3.128421711246676291e-04 0.000000000000000000e+00 3.510003510003509839e-04 1.583280557314756200e-04 0.000000000000000000e+00 4.458030824098840796e-04 8.552298430203117766e-03 6.984459577440195206e-04 1.090835633964042789e-02 0.000000000000000000e+00 0.000000000000000000e+00 4.079551249362570252e-04 3.276003276003276211e-03 0.000000000000000000e+00 0.000000000000000000e+00 0.000000000000000000e+00 8.298755186721991492e-04 0.000000000000000000e+00 3.676470588235294067e-04 0.000000000000000000e+00 1.220387652548456537e-03 0.000000000000000000e+00 0.000000000000000000e+00 0.000000000000000000e+00 2.095049068254493507e-03 0.000000000000000000e+00 0.000000000000000000e+00 0.000000000000000000e+00 0.000000000000000000e+00 0.000000000000000000e+00 0.000000000000000000e+00 0.000000000000000000e+00 0.000000000000000000e+00 0.000000000000000000e+00 0.000000000000000000e+00 0.000000000000000000e+00 0.000000000000000000e+00 0.000000000000000000e+00 2.140869192892314314e-04 0.000000000000000000e+00 0.000000000000000000e+00 0.000000000000000000e+00 0.000000000000000000e+00 0.000000000000000000e+00 0.000000000000000000e+00 0.000000000000000000e+00 0.000000000000000000e+00 0.000000000000000000e+00 0.000000000000000000e+00 0.000000000000000000e+00 0.000000000000000000e+00
2.677493233395794037e-01 2.498438475952529519e-03 3.227149698105350600e-02 1.665625650635019824e-03 0.000000000000000000e+00 0.000000000000000000e+00 5.829689777222569341e-02 8.744534665833853318e-03 1.041016031646887444e-03 0.000000000000000000e+00 0.000000000000000000e+00 2.312138728323699568e-03 1.771613342409802672e-01 1.363140676117775417e-04 1.241079739373254645e-03 0.000000000000000000e+00 7.171949707809456565e-02 1.162790697674418589e-03 2.078298695021749479e-02 2.006123957343469537e-03 0.000000000000000000e+00 0.000000000000000000e+00 8.194186765615337625e-03 5.643340857787809911e-04 0.000000000000000000e+00 0.000000000000000000e+00 0.000000000000000000e+00 0.000000000000000000e+00 4.743777452415812862e-02 0.000000000000000000e+00 3.076194983435873078e-03 4.303851947493006502e-04 6.217237596001463050e-03 9.499382540134891683e-04 4.351610095735421982e-04 0.000000000000000000e+00 4.344992396263306343e-04 0.000000000000000000e+00 0.000000000000000000e+00 0.000000000000000000e+00 0.000000000000000000e+00 0.000000000000000000e+00 0.000000000000000000e+00 0.000000000000000000e+00 1.319261213720316576e-04 0.000000000000000000e+00 0.000000000000000000e+00 0.000000000000000000e+00 6.147226064238511855e-04 0.000000000000000000e+00 6.696241734326608764e-04 0.000000000000000000e+00 4.033884630899556181e-04 0.000000000000000000e+00 0.000000000000000000e+00 0.000000000000000000e+00 1.164760694620923381e-02 1.945146858587823262e-04 1.140436624307592049e-03 1.292323597828896366e-04 1.238262305231658221e-02 0.000000000000000000e+00 5.803571428571428770e-03 0.000000000000000000e+00 6.576063130206050199e-04 0.000000000000000000e+00 1.054778144996835641e-03 8.775008775008774598e-05 3.166561114629512399e-04 0.000000000000000000e+00 2.381862183161380722e-02 1.069037303775389721e-03 2.269949362668063388e-03 4.713487307252036676e-04 0.000000000000000000e+00 0.000000000000000000e+00 4.079551249362570252e-04 3.276003276003276211e-03 0.000000000000000000e+00 0.000000000000000000e+00 7.294832826747719989e-04 0.000000000000000000e+00 0.000000000000000000e+00 0.000000000000000000e+00 6.411987041036717495e-03 0.000000000000000000e+00 0.000000000000000000e+00 0.000000000000000000e+00 1.759133964817320619e-03 0.000000000000000000e+00 0.000000000000000000e+00 0.000000000000000000e+00 0.000000000000000000e+00 0.000000000000000000e+00 2.309468822170900656e-03 0.000000000000000000e+00 0.000000000000000000e+00 0.000000000000000000e+00 0.000000000000000000e+00 0.000000000000000000e+00 0.000000000000000000e+00 0.000000000000000000e+00 0.000000000000000000e+00 0.000000000000000000e+00 0.000000000000000000e+00 0.000000000000000000e+00 0.000000000000000000e+00 0.000000000000000000e+00 0.000000000000000000e+00 0.000000000000000000e+00 0.000000000000000000e+00 0.000000000000000000e+00 0.000000000000000000e+00 0.000000000000000000e+00 0.000000000000000000e+00 0.000000000000000000e+00
9.909165978530139456e-04 1.000825763831544174e-01 3.137902559867877892e-03 2.939719240297275146e-02 0.000000000000000000e+00 1.651527663088356757e-04 5.450041288191577460e-03 1.337737407101569076e-01 0.000000000000000000e+00 3.303055326176713297e-03 2.312138728323699568e-03 0.000000000000000000e+00 1.191286589516678046e-03 1.983369683751363133e-01 0.000000000000000000e+00 1.518438177874186466e-02 0.000000000000000000e+00 5.377906976744185885e-02 2.295795070082165112e-03 1.414845317284341673e-02 0.000000000000000000e+00 0.000000000000000000e+00 2.937538651824366139e-03 1.147479307750188041e-02 0.000000000000000000e+00 0.000000000000000000e+00 0.000000000000000000e+00 0.000000000000000000e+00 5.856515373352854997e-04 4.496516782773907206e-02 3.076194983435873078e-03 2.151925973746502980e-03 1.584786053882725892e-03 9.119407238529496015e-03 0.000000000000000000e+00 4.106776180698152104e-03 2.172496198131653171e-04 1.761449421238047265e-03 0.000000000000000000e+00 0.000000000000000000e+00 0.000000000000000000e+00 0.000000000000000000e+00 0.000000000000000000e+00 0.000000000000000000e+00 0.000000000000000000e+00 0.000000000000000000e+00 0.000000000000000000e+00 2.929115407147041598e-04 0.000000000000000000e+00 9.468800303001609678e-05 0.000000000000000000e+00 8.319467554076539302e-04 0.000000000000000000e+00 6.434178355424011869e-04 1.320306311064166870e-04 2.288637587506731248e-03 0.000000000000000000e+00 4.862867146469558588e-03 0.000000000000000000e+00 3.489273714138020187e-03 0.000000000000000000e+00 1.959325396825396803e-02 0.000000000000000000e+00 1.213450292397660890e-02 2.192021043402016733e-04 6.256843422493351715e-03 2.812741719991561601e-04 2.544752544752544674e-03 3.166561114629512399e-04 4.848484848484848372e-04 7.005477009298178084e-04 3.049569571822427147e-02 6.111402130260171076e-04 1.016766547707225084e-02 0.000000000000000000e+00 0.000000000000000000e+00 2.855685874553798905e-03 1.095413595413595453e-02 0.000000000000000000e+00 1.782531194295900075e-03 0.000000000000000000e+00 6.500691562932227156e-03 0.000000000000000000e+00 7.352941176470588133e-04 0.000000000000000000e+00 2.160804020100502362e-02 0.000000000000000000e+00 0.000000000000000000e+00 0.000000000000000000e+00 1.929650457602822763e-02 0.000000000000000000e+00 9.086778736937755176e-04 0.000000000000000000e+00 0.000000000000000000e+00 0.000000000000000000e+00 0.000000000000000000e+00 0.000000000000000000e+00 0.000000000000000000e+00 0.000000000000000000e+00 0.000000000000000000e+00 0.000000000000000000e+00 0.000000000000000000e+00 0.000000000000000000e+00 0.000000000000000000e+00 0.000000000000000000e+00 0.000000000000000000e+00 0.000000000000000000e+00 0.000000000000000000e+00 0.000000000000000000e+00 0.000000000000000000e+00 0.000000000000000000e+00 0.000000000000000000e+00 0.000000000000000000e+00 0.000000000000000000e+00 0.000000000000000000e+00 0.000000000000000000e+00
3.948264125255275536e-02 1.021102791014295375e-03 3.284547311095983857e-02 3.233492171545269012e-03 5.105513955071476874e-04 1.701837985023825625e-04 1.065350578624914973e-01 1.038121170864533642e-02 3.063308373042886168e-02 1.701837985023825625e-04 1.771613342409802672e-01 1.191286589516678046e-03 0.000000000000000000e+00 3.135223555070883270e-03 1.346571517219981307e-01 4.338394793926247093e-04 3.364618381441473235e-03 4.360465116279069707e-04 1.474142097631706179e-02 1.583782071586949634e-03 0.000000000000000000e+00 0.000000000000000000e+00 2.087198515769944293e-02 2.633559066967644698e-03 3.201024327784891040e-04 3.289473684210526242e-04 0.000000000000000000e+00 0.000000000000000000e+00 1.288433382137628147e-01 6.333122229259024799e-04 5.442498816848083572e-03 4.303851947493005960e-03 6.582957454589784610e-03 1.614895031822931532e-03 1.740644038294168793e-03 0.000000000000000000e+00 1.086248099065826667e-03 0.000000000000000000e+00 2.390057361376673063e-03 0.000000000000000000e+00 1.124859392575928117e-03 0.000000000000000000e+00 0.000000000000000000e+00 0.000000000000000000e+00 3.957783641160949727e-04 0.000000000000000000e+00 1.390240511608508269e-04 0.000000000000000000e+00 0.000000000000000000e+00 0.000000000000000000e+00 8.370302167908261768e-04 0.000000000000000000e+00 2.016942315449778091e-04 0.000000000000000000e+00 6.601531555320834348e-04 0.000000000000000000e+00 2.964845404489623026e-03 0.000000000000000000e+00 9.775171065493646130e-04 2.584647195657792731e-04 1.083479517077701008e-02 0.000000000000000000e+00 9.523809523809524669e-03 1.461988304093567279e-04 2.192021043402016516e-03 0.000000000000000000e+00 2.953378805991139708e-03 2.632502632502632515e-04 3.166561114629512399e-04 0.000000000000000000e+00 4.871990829193733469e-02 2.531930456310133287e-03 9.079797450672253550e-03 1.144704060332637618e-03 0.000000000000000000e+00 7.385524372230428854e-04 1.672616012238653874e-02 2.559377559377559296e-03 5.025125628140703592e-03 0.000000000000000000e+00 5.592705167173252570e-03 0.000000000000000000e+00 6.594131223211342025e-04 0.000000000000000000e+00 1.484881209503239805e-02 0.000000000000000000e+00 0.000000000000000000e+00 0.000000000000000000e+00 4.871447902571042314e-03 0.000000000000000000e+00 6.412311638345623722e-04 0.000000000000000000e+00 4.140786749482401629e-04 0.000000000000000000e+00 1.154734411085450371e-02 0.000000000000000000e+00 0.000000000000000000e+00 0.000000000000000000e+00 0.000000000000000000e+00 0.000000000000000000e+00 0.000000000000000000e+00 0.000000000000000000e+00 3.683241252302025702e-04 0.000000000000000000e+00 0.000000000000000000e+00 0.000000000000000000e+00 0.000000000000000000e+00 0.000000000000000000e+00 0.000000000000000000e+00 0.000000000000000000e+00 0.000000000000000000e+00 0.000000000000000000e+00 0.000000000000000000e+00 0.000000000000000000e+00 0.000000000000000000e+00 0.000000000000000000e+00
