2.921661306241661871e-01 4.782198382270318460e-01 3.631842492650830811e-01 4.600960431514902749e-01 4.024384485981309378e-01 0.000000000000000000e+00 3.249785318816851842e-01 4.411872821015877522e-01 3.557737472224105635e-01 0.000000000000000000e+00 3.014392882810794094e-01 4.447968646375722312e-01 3.705043912289632257e-01 4.294177941379310193e-01 3.960251496483819245e-01 0.000000000000000000e+00 2.999982158971722379e-01 4.620387228471952712e-01 4.154291892630914695e-01 4.935320284627700005e-01 0.000000000000000000e+00 0.000000000000000000e+00 4.071975093389824107e-01 4.622774600000000844e-01 0.000000000000000000e+00 0.000000000000000000e+00 0.000000000000000000e+00 0.000000000000000000e+00 4.080935876692621811e-01 4.876329675137779929e-01 4.183940738721184105e-01 0.000000000000000000e+00 4.152907276156542205e-01 4.862251222664220607e-01 4.151218745186135983e-01 4.550857579949874610e-01 5.026497827046756406e-01 4.890509963433843366e-01 4.226782929292928759e-01 0.000000000000000000e+00 4.245576363636363593e-01 0.000000000000000000e+00 4.135123442420798878e-01 0.000000000000000000e+00 4.169563725009489685e-01 5.008700159999999180e-01 0.000000000000000000e+00 0.000000000000000000e+00 4.323372019915169839e-01 5.133915374149660149e-01 4.335811043603547965e-01 4.797765982142856989e-01 0.000000000000000000e+00 0.000000000000000000e+00 4.162600452856021760e-01 4.427547382550335309e-01 3.652188761874353706e-01 4.756066724511983090e-01 4.288614709461728847e-01 4.908599519230769648e-01 4.114697858966598343e-01 0.000000000000000000e+00 3.652413251994852117e-01 4.758284492707335334e-01 4.403388000054954676e-01 4.852575327102804370e-01 4.188326506308049924e-01 5.029817644829668311e-01 2.762718524294424105e-01 5.077351782277272907e-01 3.769070365975869530e-01 4.858178125437501160e-01 3.987442482471166283e-01 4.786738982810740395e-01 4.068932691596708340e-01 0.000000000000000000e+00 3.972365313280191157e-01 4.607668347335502346e-01 4.404654583333333373e-01 0.000000000000000000e+00 4.020119698394243324e-01 4.382346597222221973e-01 4.251291846153846254e-01 0.000000000000000000e+00 4.421461528800190721e-01 0.000000000000000000e+00 4.253804256756756885e-01 0.000000000000000000e+00 4.352940331546900632e-01 0.000000000000000000e+00 4.263538567050041972e-01 5.083511118881118840e-01 0.000000000000000000e+00 4.608735433634303935e-01 4.510008461063723106e-01 0.000000000000000000e+00 4.785857394867346626e-01 0.000000000000000000e+00 5.047763571428571794e-01 0.000000000000000000e+00 0.000000000000000000e+00 0.000000000000000000e+00 4.478063008245343757e-01 4.127854759135026752e-01 4.460299680883998974e-01 4.458948801886792879e-01 4.963621596035709405e-01 0.000000000000000000e+00 0.000000000000000000e+00 0.000000000000000000e+00 0.000000000000000000e+00 0.000000000000000000e+00 0.000000000000000000e+00 0.000000000000000000e+00 0.000000000000000000e+00 0.000000000000000000e+00
4.782198382270318460e-01 2.600087099013537184e-01 4.708585549754635280e-01 3.473911552472964681e-01 0.000000000000000000e+00 4.035909307692307491e-01 4.329237823601805868e-01 2.631902467732079032e-01 0.000000000000000000e+00 3.004534350945000654e-01 4.808734047619046548e-01 2.740892775048940910e-01 0.000000000000000000e+00 3.460026236369969643e-01 0.000000000000000000e+00 3.609090594059407020e-01 4.675286882951979472e-01 3.562777719790785613e-01 4.878961169921814944e-01 3.465814173276063892e-01 0.000000000000000000e+00 0.000000000000000000e+00 3.994772999999999796e-01 0.000000000000000000e+00 0.000000000000000000e+00 0.000000000000000000e+00 0.000000000000000000e+00 0.000000000000000000e+00 4.821892079330147851e-01 4.001889068391161763e-01 4.405266941409637371e-01 3.933294048222160111e-01 4.848594898020198718e-01 4.517398110477875983e-01 0.000000000000000000e+00 4.487631061827956902e-01 5.210434983632273864e-01 5.044439776080669180e-01 0.000000000000000000e+00 4.640416332905709096e-01 0.000000000000000000e+00 0.000000000000000000e+00 0.000000000000000000e+00 4.192474948255627831e-01 0.000000000000000000e+00 4.082731127568682283e-01 0.000000000000000000e+00 0.000000000000000000e+00 0.000000000000000000e+00 4.095825739162411439e-01 4.680161093750000445e-01 3.983078245859139610e-01 0.000000000000000000e+00 0.000000000000000000e+00 0.000000000000000000e+00 4.126352092875881228e-01 4.711332267555493614e-01 3.324191793677311324e-01 4.804128189655172410e-01 3.979142947274112441e-01 0.000000000000000000e+00 3.897635924459871282e-01 0.000000000000000000e+00 3.930046883034131189e-01 0.000000000000000000e+00 4.044139670232604344e-01 4.773015323206168392e-01 3.846037659353218063e-01 5.003921046715184007e-01 3.334269771557403783e-01 4.567424722222221956e-01 4.386445921669479553e-01 4.609997691349026483e-01 4.119919229386548309e-01 0.000000000000000000e+00 4.335741537139821133e-01 4.486117016606867569e-01 4.189505948441167305e-01 0.000000000000000000e+00 0.000000000000000000e+00 4.603472006364162095e-01 4.223786024050379395e-01 0.000000000000000000e+00 0.000000000000000000e+00 4.614600262364487726e-01 4.365889362662782047e-01 0.000000000000000000e+00 4.100354907947147964e-01 0.000000000000000000e+00 4.367894979222438634e-01 4.727899477124182792e-01 4.845299081333398483e-01 0.000000000000000000e+00 5.071578378859999958e-01 4.721609136690648190e-01 0.000000000000000000e+00 4.595732903062225705e-01 4.677944628099173774e-01 0.000000000000000000e+00 5.019686950330950470e-01 0.000000000000000000e+00 4.739251209916695018e-01 4.657516177402332147e-01 4.529315720550944335e-01 4.654471583333332774e-01 4.489385225407104274e-01 5.547825438596490910e-01 4.788849769064746908e-01 0.000000000000000000e+00 0.000000000000000000e+00 0.000000000000000000e+00 0.000000000000000000e+00 0.000000000000000000e+00 0.000000000000000000e+00 4.696098362068965582e-01 0.000000000000000000e+00
3.631842492650830811e-01 4.708585549754635280e-01 2.384797286707536212e-01 4.115346700055003137e-01 1.643940706120400885e-01 3.861729733922992791e-01 3.103439019619125827e-01 4.161309093765434008e-01 3.039997898410720101e-01 3.823872320851940398e-01 3.759613704406455370e-01 4.279057732388507618e-01 3.377497592081729061e-01 3.980321787662104982e-01 3.368244461266626244e-01 3.916502904790457595e-01 4.079464876941540918e-01 4.572897119148676137e-01 2.838686003636597954e-01 4.708946988925379884e-01 0.000000000000000000e+00 0.000000000000000000e+00 2.563631207860109784e-01 3.953055775568336538e-01 3.233077727272727353e-01 3.636828881493506804e-01 3.164795856070582447e-01 0.000000000000000000e+00 3.836051576595223556e-01 4.552361265191260942e-01 3.611148463769736638e-01 3.943964965011764190e-01 3.776311478896636764e-01 4.394691585103847054e-01 4.350357052817530601e-01 4.782830593220339099e-01 4.594931303804439815e-01 0.000000000000000000e+00 4.031107794117647081e-01 0.000000000000000000e+00 0.000000000000000000e+00 0.000000000000000000e+00 4.485485420704135029e-01 0.000000000000000000e+00 4.280523173535186188e-01 0.000000000000000000e+00 4.423706241134751638e-01 0.000000000000000000e+00 4.247285955701301519e-01 0.000000000000000000e+00 4.193083320946355275e-01 0.000000000000000000e+00 4.314170763358778360e-01 0.000000000000000000e+00 4.081567884615384667e-01 0.000000000000000000e+00 4.277678323426997165e-01 4.450361428097273087e-01 4.247876258821172701e-01 4.650480204577420174e-01 4.132775263381413544e-01 4.085956451831750380e-01 4.031229178129513979e-01 0.000000000000000000e+00 4.211237106250502182e-01 4.268085982142856838e-01 4.252774110933571494e-01 5.184757040000000927e-01 4.267510384274849078e-01 0.000000000000000000e+00 3.457020713786693178e-01 4.121597079580014422e-01 3.742200069049338995e-01 4.334571900616417950e-01 3.474625988722847558e-01 4.737071746031745745e-01 3.900739223095511798e-01 4.310371463599489972e-01 0.000000000000000000e+00 0.000000000000000000e+00 3.926051554120650322e-01 0.000000000000000000e+00 0.000000000000000000e+00 0.000000000000000000e+00 4.053564673355993797e-01 0.000000000000000000e+00 3.615089160305343663e-01 0.000000000000000000e+00 4.236005176975781161e-01 0.000000000000000000e+00 4.338552961221351922e-01 4.180565953812939162e-01 4.140915473684210202e-01 4.841411333333333622e-01 4.459360461323071956e-01 0.000000000000000000e+00 0.000000000000000000e+00 0.000000000000000000e+00 4.417179970633793307e-01 0.000000000000000000e+00 4.309310694444444256e-01 4.768112698412698691e-01 4.185482629037318159e-01 4.392652287581699233e-01 4.484360452053655077e-01 4.123571933874801143e-01 0.000000000000000000e+00 0.000000000000000000e+00 0.000000000000000000e+00 0.000000000000000000e+00 4.583072025862068855e-01 3.972010000000000263e-01 0.000000000000000000e+00 0.000000000000000000e+00 0.000000000000000000e+00 0.000000000000000000e+00
4.600960431514902749e-01 3.473911552472964681e-01 4.115346700055003137e-01 2.168248602087703147e-01 4.254244831196323795e-01 2.464149556872390623e-01 4.176470543441028749e-01 2.871713785047249612e-01 4.399969268292682201e-01 2.950702382251306211e-01 4.101258888354664123e-01 3.688222884424595671e-01 4.050426907761495166e-01 3.372773293006420814e-01 3.830922264768779062e-01 3.198742603321644840e-01 4.168221314525522025e-01 4.069496954933866095e-01 4.651720516461750887e-01 2.767371136844845037e-01 0.000000000000000000e+00 0.000000000000000000e+00 4.037176318834270194e-01 2.000255506858081567e-01 4.373290943391457408e-01 2.518425738009812398e-01 4.357757388148743027e-01 2.843784760462687577e-01 4.048546887507353254e-01 3.815940678217645265e-01 3.764600488195301020e-01 2.545152657514636596e-01 4.456663216986614939e-01 3.689374300844353027e-01 4.971872463768116090e-01 4.504317867110484985e-01 0.000000000000000000e+00 4.526630048879126123e-01 0.000000000000000000e+00 4.393743947368421998e-01 0.000000000000000000e+00 0.000000000000000000e+00 0.000000000000000000e+00 4.573471506849314805e-01 0.000000000000000000e+00 4.080302755334299647e-01 0.000000000000000000e+00 0.000000000000000000e+00 0.000000000000000000e+00 4.200474490510474612e-01 4.875674933333334349e-01 4.048439578884200363e-01 0.000000000000000000e+00 0.000000000000000000e+00 0.000000000000000000e+00 0.000000000000000000e+00 4.718126036543716095e-01 4.003822764182478067e-01 4.993042890559732383e-01 4.147350862353620937e-01 4.243049604519774087e-01 3.689611112109368318e-01 0.000000000000000000e+00 3.713317503335410996e-01 4.600252661290322731e-01 3.892143466068778146e-01 0.000000000000000000e+00 4.201737098603287590e-01 4.646125726495726194e-01 3.867295873420265595e-01 4.112612262195251556e-01 3.660093637698432767e-01 4.283823442282954086e-01 3.802322285454087791e-01 0.000000000000000000e+00 3.391346368124459887e-01 4.339339537261455715e-01 3.939829087980247779e-01 0.000000000000000000e+00 0.000000000000000000e+00 0.000000000000000000e+00 3.871186018205163282e-01 0.000000000000000000e+00 0.000000000000000000e+00 0.000000000000000000e+00 4.048599761376293626e-01 0.000000000000000000e+00 0.000000000000000000e+00 0.000000000000000000e+00 3.918063847788212373e-01 4.187165740331399433e-01 4.299534043326603272e-01 0.000000000000000000e+00 4.100764718309859447e-01 3.955544132537807123e-01 0.000000000000000000e+00 4.293742080115829918e-01 3.757247398373982916e-01 4.487164508307139865e-01 4.364280346994112714e-01 0.000000000000000000e+00 4.588566691729323854e-01 4.276160463074250018e-01 4.122109187014515452e-01 4.336750535144703877e-01 4.756675853174540114e-01 3.992795207074428809e-01 4.103742212389380750e-01 0.000000000000000000e+00 0.000000000000000000e+00 4.333396203703703264e-01 0.000000000000000000e+00 0.000000000000000000e+00 0.000000000000000000e+00 0.000000000000000000e+00 0.000000000000000000e+00
4.024384485981309378e-01 0.000000000000000000e+00 1.643940706120400885e-01 4.254244831196323795e-01 2.149631135604623544e-01 4.186420747634971851e-01 2.786692703106332658e-01 0.000000000000000000e+00 2.598953748566748545e-01 3.955851999624059312e-01 3.942690795454545372e-01 4.241239531250000083e-01 3.575357368421052673e-01 4.187511847826086431e-01 2.609387068757502148e-01 0.000000000000000000e+00 3.467043229166666407e-01 0.000000000000000000e+00 3.505709311290802210e-01 0.000000000000000000e+00 2.870193452380952470e-01 0.000000000000000000e+00 2.562500395668923514e-01 4.207093690464426827e-01 2.047784273265052524e-01 3.992889298352250149e-01 2.457794521815149513e-01 4.226980398320075438e-01 3.193853980415073401e-01 0.000000000000000000e+00 3.641259526572112049e-01 3.936545896759028884e-01 3.525749215686274085e-01 0.000000000000000000e+00 0.000000000000000000e+00 0.000000000000000000e+00 4.188042714285714063e-01 0.000000000000000000e+00 0.000000000000000000e+00 0.000000000000000000e+00 0.000000000000000000e+00 0.000000000000000000e+00 0.000000000000000000e+00 0.000000000000000000e+00 0.000000000000000000e+00 0.000000000000000000e+00 4.161049624329293262e-01 0.000000000000000000e+00 3.938356712328767717e-01 0.000000000000000000e+00 4.222454621212121118e-01 0.000000000000000000e+00 0.000000000000000000e+00 0.000000000000000000e+00 4.093219589334238795e-01 0.000000000000000000e+00 0.000000000000000000e+00 0.000000000000000000e+00 0.000000000000000000e+00 0.000000000000000000e+00 0.000000000000000000e+00 0.000000000000000000e+00 0.000000000000000000e+00 0.000000000000000000e+00 0.000000000000000000e+00 0.000000000000000000e+00 0.000000000000000000e+00 0.000000000000000000e+00 0.000000000000000000e+00 0.000000000000000000e+00 3.065496552481672410e-01 3.792524081632653310e-01 3.320191153106972770e-01 4.271001744186044835e-01 3.088108292977951863e-01 0.000000000000000000e+00 3.726124367921019309e-01 3.427254507465108402e-01 0.000000000000000000e+00 0.000000000000000000e+00 0.000000000000000000e+00 0.000000000000000000e+00 3.768154499999999962e-01 0.000000000000000000e+00 3.910224096613357236e-01 0.000000000000000000e+00 3.633922182885607199e-01 0.000000000000000000e+00 0.000000000000000000e+00 0.000000000000000000e+00 0.000000000000000000e+00 0.000000000000000000e+00 0.000000000000000000e+00 0.000000000000000000e+00 4.263643226774805894e-01 0.000000000000000000e+00 0.000000000000000000e+00 0.000000000000000000e+00 3.973846212121212584e-01 0.000000000000000000e+00 0.000000000000000000e+00 0.000000000000000000e+00 0.000000000000000000e+00 0.000000000000000000e+00 0.000000000000000000e+00 0.000000000000000000e+00 0.000000000000000000e+00 0.000000000000000000e+00 0.000000000000000000e+00 0.000000000000000000e+00 0.000000000000000000e+00 0.000000000000000000e+00 0.000000000000000000e+00 0.000000000000000000e+00 0.000000000000000000e+00 0.000000000000000000e+00
0.000000000000000000e+00 4.035909307692307491e-01 3.861729733922992791e-01 2.464149556872390623e-01 4.186420747634971851e-01 1.956129856670067724e-01 0.000000000000000000e+00 3.184018945282778845e-01 0.000000000000000000e+00 2.507860633149578966e-01 0.000000000000000000e+00 0.000000000000000000e+00 0.000000000000000000e+00 3.184392225446900926e-01 0.000000000000000000e+00 2.657019704806652949e-01 0.000000000000000000e+00 0.000000000000000000e+00 0.000000000000000000e+00 3.369215010263427734e-01 3.856629369265654472e-01 0.000000000000000000e+00 3.947011885397871955e-01 2.017135976678331721e-01 4.047538508547008917e-01 1.842621145012949546e-01 4.144208590278228854e-01 2.513109047281600339e-01 0.000000000000000000e+00 2.904118955180533534e-01 3.541575573092594076e-01 2.743393630898127711e-01 0.000000000000000000e+00 3.030058281643619456e-01 0.000000000000000000e+00 0.000000000000000000e+00 0.000000000000000000e+00 0.000000000000000000e+00 0.000000000000000000e+00 0.000000000000000000e+00 0.000000000000000000e+00 0.000000000000000000e+00 0.000000000000000000e+00 0.000000000000000000e+00 0.000000000000000000e+00 0.000000000000000000e+00 0.000000000000000000e+00 4.208473551401869517e-01 0.000000000000000000e+00 0.000000000000000000e+00 0.000000000000000000e+00 0.000000000000000000e+00 0.000000000000000000e+00 0.000000000000000000e+00 0.000000000000000000e+00 0.000000000000000000e+00 0.000000000000000000e+00 4.287380070422535105e-01 0.000000000000000000e+00 0.000000000000000000e+00 0.000000000000000000e+00 0.000000000000000000e+00 0.000000000000000000e+00 0.000000000000000000e+00 0.000000000000000000e+00 0.000000000000000000e+00 0.000000000000000000e+00 3.742996453900709342e-01 0.000000000000000000e+00 0.000000000000000000e+00 4.201407749917030476e-01 3.228970555704527290e-01 3.615154018691589255e-01 3.224567378223787140e-01 0.000000000000000000e+00 3.018843421267974336e-01 3.165183137254901635e-01 3.197123294739638855e-01 0.000000000000000000e+00 0.000000000000000000e+00 0.000000000000000000e+00 0.000000000000000000e+00 0.000000000000000000e+00 0.000000000000000000e+00 0.000000000000000000e+00 3.640108019388170746e-01 0.000000000000000000e+00 0.000000000000000000e+00 0.000000000000000000e+00 3.652560461538461589e-01 0.000000000000000000e+00 3.920627619047618584e-01 0.000000000000000000e+00 0.000000000000000000e+00 0.000000000000000000e+00 0.000000000000000000e+00 0.000000000000000000e+00 0.000000000000000000e+00 0.000000000000000000e+00 0.000000000000000000e+00 0.000000000000000000e+00 0.000000000000000000e+00 0.000000000000000000e+00 0.000000000000000000e+00 0.000000000000000000e+00 0.000000000000000000e+00 0.000000000000000000e+00 0.000000000000000000e+00 0.000000000000000000e+00 0.000000000000000000e+00 0.000000000000000000e+00 0.000000000000000000e+00 0.000000000000000000e+00 0.000000000000000000e+00 0.000000000000000000e+00 0.000000000000000000e+00
3.249785318816851842e-01 4.329237823601805868e-01 3.103439019619125827e-01 4.176470543441028749e-01 2.786692703106332658e-01 0.000000000000000000e+00 2.484639646349560693e-01 4.025719744172929770e-01 2.791472980881105626e-01 0.000000000000000000e+00 3.131724755384150405e-01 4.135279713160344706e-01 2.579600828598936912e-01 3.934540966256204753e-01 3.432560950824128376e-01 4.301659333333333057e-01 3.827587891882920368e-01 4.445051858359750363e-01 3.732212011440337873e-01 4.419577275039625053e-01 0.000000000000000000e+00 0.000000000000000000e+00 3.522269212655175230e-01 4.074116608845539944e-01 0.000000000000000000e+00 0.000000000000000000e+00 0.000000000000000000e+00 0.000000000000000000e+00 3.703315501960574574e-01 4.384520986125051145e-01 3.593181550758880460e-01 4.042556263479202272e-01 3.414906353309959952e-01 4.210414691887101601e-01 0.000000000000000000e+00 0.000000000000000000e+00 4.229419790980955551e-01 4.795395294117646423e-01 0.000000000000000000e+00 0.000000000000000000e+00 4.279746369863013933e-01 0.000000000000000000e+00 4.649728854961832081e-01 0.000000000000000000e+00 3.992235855086295748e-01 0.000000000000000000e+00 0.000000000000000000e+00 0.000000000000000000e+00 3.930793364895442954e-01 0.000000000000000000e+00 3.954885804005805472e-01 0.000000000000000000e+00 0.000000000000000000e+00 0.000000000000000000e+00 3.909488242765721822e-01 0.000000000000000000e+00 3.731137945446668658e-01 4.258632298850575371e-01 3.981575306000239567e-01 4.094537142857143652e-01 3.932094732371874679e-01 0.000000000000000000e+00 3.937306996354617561e-01 0.000000000000000000e+00 4.030290246682095012e-01 0.000000000000000000e+00 3.940842148334767758e-01 4.402985796827565412e-01 3.869388971454172932e-01 0.000000000000000000e+00 3.192202972876714839e-01 4.169440465943104468e-01 3.544259329631612720e-01 4.188197450717940917e-01 3.601869429142403045e-01 0.000000000000000000e+00 3.653353190941619477e-01 4.179562882895263010e-01 0.000000000000000000e+00 0.000000000000000000e+00 4.000573693583330259e-01 0.000000000000000000e+00 0.000000000000000000e+00 0.000000000000000000e+00 4.034232225664786675e-01 3.999103148148148157e-01 4.008693437499999956e-01 0.000000000000000000e+00 3.955055385629592246e-01 0.000000000000000000e+00 4.230784944583761420e-01 3.803648412644071719e-01 4.169326744186046541e-01 0.000000000000000000e+00 4.429918267874499715e-01 0.000000000000000000e+00 4.231386326530612862e-01 0.000000000000000000e+00 0.000000000000000000e+00 0.000000000000000000e+00 0.000000000000000000e+00 0.000000000000000000e+00 4.107275288974032157e-01 4.241473900709219480e-01 4.190432673409200670e-01 0.000000000000000000e+00 0.000000000000000000e+00 0.000000000000000000e+00 0.000000000000000000e+00 0.000000000000000000e+00 0.000000000000000000e+00 0.000000000000000000e+00 0.000000000000000000e+00 0.000000000000000000e+00 0.000000000000000000e+00 0.000000000000000000e+00
4.411872821015877522e-01 2.631902467732079032e-01 4.161309093765434008e-01 2.871713785047249612e-01 0.000000000000000000e+00 3.184018945282778845e-01 4.025719744172929770e-01 2.174057559103885207e-01 4.155264197530864068e-01 2.737321954179310901e-01 4.154129134082892860e-01 2.921904948986241424e-01 3.920385618833158170e-01 2.616618965320091084e-01 4.157884383561644137e-01 3.074044731609483216e-01 4.325376481883581037e-01 3.711050112578365145e-01 4.434403017588113838e-01 3.678887476300730097e-01 0.000000000000000000e+00 0.000000000000000000e+00 3.993774568883476372e-01 3.309218269733553153e-01 4.649722432432431551e-01 2.736791690377238240e-01 0.000000000000000000e+00 0.000000000000000000e+00 4.154097378115243488e-01 3.565000800685247384e-01 3.686994565335763863e-01 3.101100775127514919e-01 4.195176335669580925e-01 3.605593821108488140e-01 0.000000000000000000e+00 4.252651423453996937e-01 4.034324206349205744e-01 4.374152285914147953e-01 0.000000000000000000e+00 0.000000000000000000e+00 0.000000000000000000e+00 0.000000000000000000e+00 4.355470439560439888e-01 0.000000000000000000e+00 0.000000000000000000e+00 3.924423188329357326e-01 0.000000000000000000e+00 0.000000000000000000e+00 0.000000000000000000e+00 3.852714787547533160e-01 0.000000000000000000e+00 3.803121110514038894e-01 0.000000000000000000e+00 4.052898662826792120e-01 0.000000000000000000e+00 3.841752730597014498e-01 0.000000000000000000e+00 3.688374174589760801e-01 4.844570384852216471e-01 3.762420451846794633e-01 0.000000000000000000e+00 3.693164424532923151e-01 0.000000000000000000e+00 3.594691744993547822e-01 0.000000000000000000e+00 3.730142657553823793e-01 4.843141884822167453e-01 4.072339042149666910e-01 0.000000000000000000e+00 0.000000000000000000e+00 4.270908812430632695e-01 2.896676188842512434e-01 4.115962444448272861e-01 3.572589542448208477e-01 4.304450759493672618e-01 3.048143327818627624e-01 4.112723529129881372e-01 3.613791946786436005e-01 0.000000000000000000e+00 0.000000000000000000e+00 0.000000000000000000e+00 3.824591785907262009e-01 0.000000000000000000e+00 0.000000000000000000e+00 0.000000000000000000e+00 3.864996433127199649e-01 0.000000000000000000e+00 0.000000000000000000e+00 0.000000000000000000e+00 3.859236343553792414e-01 0.000000000000000000e+00 4.063134696969696313e-01 0.000000000000000000e+00 0.000000000000000000e+00 4.130646106796116435e-01 0.000000000000000000e+00 0.000000000000000000e+00 0.000000000000000000e+00 0.000000000000000000e+00 0.000000000000000000e+00 0.000000000000000000e+00 0.000000000000000000e+00 3.884915788770053613e-01 4.019779692307692276e-01 4.204290404040404439e-01 0.000000000000000000e+00 0.000000000000000000e+00 4.610969189189189632e-01 0.000000000000000000e+00 0.000000000000000000e+00 3.858843919999999650e-01 0.000000000000000000e+00 0.000000000000000000e+00 0.000000000000000000e+00 0.000000000000000000e+00 0.000000000000000000e+00
3.557737472224105635e-01 0.000000000000000000e+00 3.039997898410720101e-01 4.399969268292682201e-01 2.598953748566748545e-01 0.000000000000000000e+00 2.791472980881105626e-01 4.155264197530864068e-01 2.204173859420911485e-01 0.000000000000000000e+00 3.431092315178463359e-01 0.000000000000000000e+00 2.463139667737141991e-01 0.000000000000000000e+00 2.507756386567872586e-01 0.000000000000000000e+00 3.743522811500974434e-01 0.000000000000000000e+00 4.079828737542111061e-01 0.000000000000000000e+00 0.000000000000000000e+00 0.000000000000000000e+00 3.492125703336518283e-01 0.000000000000000000e+00 0.000000000000000000e+00 3.883595102040815483e-01 3.085714463300971433e-01 4.024124918032787046e-01 3.563130261754398065e-01 0.000000000000000000e+00 0.000000000000000000e+00 3.997353139618116113e-01 0.000000000000000000e+00 0.000000000000000000e+00 0.000000000000000000e+00 0.000000000000000000e+00 0.000000000000000000e+00 0.000000000000000000e+00 0.000000000000000000e+00 0.000000000000000000e+00 0.000000000000000000e+00 0.000000000000000000e+00 4.542751882812500197e-01 0.000000000000000000e+00 3.701847350993377472e-01 0.000000000000000000e+00 4.424842965171755793e-01 0.000000000000000000e+00 0.000000000000000000e+00 0.000000000000000000e+00 4.426775399999999805e-01 0.000000000000000000e+00 0.000000000000000000e+00 0.000000000000000000e+00 4.067505504146785023e-01 0.000000000000000000e+00 0.000000000000000000e+00 0.000000000000000000e+00 0.000000000000000000e+00 0.000000000000000000e+00 3.951598666666666371e-01 0.000000000000000000e+00 4.064098020833333269e-01 0.000000000000000000e+00 0.000000000000000000e+00 0.000000000000000000e+00 4.778043900709219582e-01 0.000000000000000000e+00 0.000000000000000000e+00 0.000000000000000000e+00 3.523740550967541241e-01 3.214233918918918409e-01 3.583674821392747178e-01 0.000000000000000000e+00 3.116932575273236306e-01 0.000000000000000000e+00 3.758777697688707176e-01 0.000000000000000000e+00 0.000000000000000000e+00 0.000000000000000000e+00 0.000000000000000000e+00 0.000000000000000000e+00 0.000000000000000000e+00 0.000000000000000000e+00 3.963074845209956787e-01 0.000000000000000000e+00 0.000000000000000000e+00 0.000000000000000000e+00 3.894749042553191098e-01 0.000000000000000000e+00 3.787240773809523731e-01 0.000000000000000000e+00 0.000000000000000000e+00 0.000000000000000000e+00 0.000000000000000000e+00 0.000000000000000000e+00 0.000000000000000000e+00 0.000000000000000000e+00 0.000000000000000000e+00 0.000000000000000000e+00 0.000000000000000000e+00 0.000000000000000000e+00 3.942192692307691648e-01 0.000000000000000000e+00 0.000000000000000000e+00 0.000000000000000000e+00 0.000000000000000000e+00 0.000000000000000000e+00 0.000000000000000000e+00 0.000000000000000000e+00 0.000000000000000000e+00 0.000000000000000000e+00 0.000000000000000000e+00 0.000000000000000000e+00 0.000000000000000000e+00 0.000000000000000000e+00
0.000000000000000000e+00 3.004534350945000654e-01 3.823872320851940398e-01 2.950702382251306211e-01 3.955851999624059312e-01 2.507860633149578966e-01 0.000000000000000000e+00 2.737321954179310901e-01 0.000000000000000000e+00 2.451578969651488638e-01 0.000000000000000000e+00 3.175746687305624483e-01 0.000000000000000000e+00 3.148233911481045366e-01 0.000000000000000000e+00 2.641505979844323559e-01 0.000000000000000000e+00 3.365415466666666910e-01 0.000000000000000000e+00 3.929501073889503648e-01 0.000000000000000000e+00 0.000000000000000000e+00 3.657207396096966434e-01 3.206938050682260899e-01 4.452225666666667081e-01 2.557413261195631282e-01 4.391458861788617440e-01 3.124594615384615470e-01 0.000000000000000000e+00 3.461167609074089491e-01 3.663495355584264757e-01 3.188481756321224769e-01 3.356194653465345845e-01 3.522726166666666492e-01 0.000000000000000000e+00 0.000000000000000000e+00 0.000000000000000000e+00 0.000000000000000000e+00 0.000000000000000000e+00 0.000000000000000000e+00 0.000000000000000000e+00 0.000000000000000000e+00 0.000000000000000000e+00 0.000000000000000000e+00 0.000000000000000000e+00 0.000000000000000000e+00 0.000000000000000000e+00 0.000000000000000000e+00 0.000000000000000000e+00 0.000000000000000000e+00 0.000000000000000000e+00 0.000000000000000000e+00 0.000000000000000000e+00 0.000000000000000000e+00 0.000000000000000000e+00 4.411453543307087277e-01 0.000000000000000000e+00 3.900042643695014188e-01 0.000000000000000000e+00 3.944521459293395260e-01 0.000000000000000000e+00 0.000000000000000000e+00 0.000000000000000000e+00 0.000000000000000000e+00 0.000000000000000000e+00 0.000000000000000000e+00 0.000000000000000000e+00 0.000000000000000000e+00 0.000000000000000000e+00 4.062211371652319492e-01 0.000000000000000000e+00 2.822795500824515913e-01 0.000000000000000000e+00 3.628322116610246395e-01 0.000000000000000000e+00 3.323989833062812038e-01 3.503295964912281346e-01 3.293128660843767652e-01 0.000000000000000000e+00 0.000000000000000000e+00 0.000000000000000000e+00 0.000000000000000000e+00 0.000000000000000000e+00 4.020222500000000809e-01 0.000000000000000000e+00 3.917537830284085754e-01 0.000000000000000000e+00 0.000000000000000000e+00 0.000000000000000000e+00 3.991086111111110668e-01 0.000000000000000000e+00 3.904251777898452014e-01 0.000000000000000000e+00 0.000000000000000000e+00 0.000000000000000000e+00 0.000000000000000000e+00 0.000000000000000000e+00 0.000000000000000000e+00 0.000000000000000000e+00 0.000000000000000000e+00 0.000000000000000000e+00 0.000000000000000000e+00 0.000000000000000000e+00 3.689313225806451491e-01 3.950061142857142493e-01 0.000000000000000000e+00 0.000000000000000000e+00 0.000000000000000000e+00 0.000000000000000000e+00 0.000000000000000000e+00 0.000000000000000000e+00 0.000000000000000000e+00 0.000000000000000000e+00 0.000000000000000000e+00 0.000000000000000000e+00 0.000000000000000000e+00
3.014392882810794094e-01 4.808734047619046548e-01 3.759613704406455370e-01 4.101258888354664123e-01 3.942690795454545372e-01 0.000000000000000000e+00 3.131724755384150405e-01 4.154129134082892860e-01 3.431092315178463359e-01 0.000000000000000000e+00 2.427393829124109559e-01 4.128164388083735425e-01 2.921022718390056672e-01 0.000000000000000000e+00 3.579595950296919904e-01 0.000000000000000000e+00 3.203585237099522698e-01 4.236140773495605805e-01 4.130266176584069804e-01 4.460757341814184374e-01 0.000000000000000000e+00 0.000000000000000000e+00 3.695504036708462947e-01 4.046918574438203020e-01 0.000000000000000000e+00 0.000000000000000000e+00 0.000000000000000000e+00 0.000000000000000000e+00 3.301544048067407977e-01 4.452156840917299574e-01 3.604825638739515559e-01 3.818275280688450124e-01 3.801765697941386635e-01 4.289413530701559618e-01 4.310115088062126398e-01 0.000000000000000000e+00 0.000000000000000000e+00 0.000000000000000000e+00 4.092132565789473042e-01 4.478688238993711046e-01 0.000000000000000000e+00 0.000000000000000000e+00 0.000000000000000000e+00 0.000000000000000000e+00 4.119985776920271903e-01 0.000000000000000000e+00 4.423348766613503513e-01 0.000000000000000000e+00 4.167958466936572126e-01 0.000000000000000000e+00 4.238030707686634702e-01 4.978813184357541721e-01 0.000000000000000000e+00 0.000000000000000000e+00 4.102124458087665348e-01 0.000000000000000000e+00 4.082150676434198044e-01 4.641175547945204372e-01 4.230770436105030230e-01 0.000000000000000000e+00 4.264266155540381575e-01 0.000000000000000000e+00 4.261036744948645816e-01 0.000000000000000000e+00 4.441233793763706417e-01 0.000000000000000000e+00 4.081896636667302625e-01 0.000000000000000000e+00 0.000000000000000000e+00 0.000000000000000000e+00 3.485166145468962529e-01 0.000000000000000000e+00 3.839012042577910067e-01 4.181421222255898851e-01 0.000000000000000000e+00 0.000000000000000000e+00 3.608674219390304860e-01 4.107799115034094228e-01 0.000000000000000000e+00 0.000000000000000000e+00 4.242838549574833307e-01 0.000000000000000000e+00 0.000000000000000000e+00 0.000000000000000000e+00 4.291980236214518185e-01 0.000000000000000000e+00 0.000000000000000000e+00 0.000000000000000000e+00 4.191197342391319025e-01 0.000000000000000000e+00 0.000000000000000000e+00 4.565313045977010820e-01 0.000000000000000000e+00 0.000000000000000000e+00 0.000000000000000000e+00 0.000000000000000000e+00 0.000000000000000000e+00 0.000000000000000000e+00 0.000000000000000000e+00 0.000000000000000000e+00 0.000000000000000000e+00 0.000000000000000000e+00 0.000000000000000000e+00 0.000000000000000000e+00 0.000000000000000000e+00 0.000000000000000000e+00 0.000000000000000000e+00 0.000000000000000000e+00 0.000000000000000000e+00 0.000000000000000000e+00 0.000000000000000000e+00 0.000000000000000000e+00 0.000000000000000000e+00 0.000000000000000000e+00 0.000000000000000000e+00 0.000000000000000000e+00
4.447968646375722312e-01 2.740892775048940910e-01 4.279057732388507618e-01 3.688222884424595671e-01 4.241239531250000083e-01 0.000000000000000000e+00 4.135279713160344706e-01 2.921904948986241424e-01 0.000000000000000000e+00 3.175746687305624483e-01 4.128164388083735425e-01 2.457680171915792855e-01 4.006973461538461123e-01 2.849791750825916292e-01 0.000000000000000000e+00 3.346081294421557883e-01 4.556801041062801261e-01 2.870849052935959822e-01 4.392966286941639709e-01 4.019185399751076804e-01 0.000000000000000000e+00 0.000000000000000000e+00 4.273100598108244830e-01 3.685629930135421173e-01 0.000000000000000000e+00 0.000000000000000000e+00 0.000000000000000000e+00 0.000000000000000000e+00 4.322206347381784552e-01 3.693768464668231166e-01 4.028062168058952897e-01 3.463736766361223407e-01 4.157156112088444821e-01 3.891559836126749494e-01 0.000000000000000000e+00 4.554014102474956416e-01 0.000000000000000000e+00 4.146594444444445249e-01 0.000000000000000000e+00 4.413679632352941473e-01 0.000000000000000000e+00 0.000000000000000000e+00 0.000000000000000000e+00 0.000000000000000000e+00 0.000000000000000000e+00 0.000000000000000000e+00 0.000000000000000000e+00 0.000000000000000000e+00 0.000000000000000000e+00 4.007972348247902383e-01 0.000000000000000000e+00 3.829761314256636129e-01 0.000000000000000000e+00 0.000000000000000000e+00 0.000000000000000000e+00 0.000000000000000000e+00 0.000000000000000000e+00 2.695438195421260286e-01 0.000000000000000000e+00 4.001292355498818343e-01 4.282299999999999440e-01 3.930121974300831433e-01 0.000000000000000000e+00 3.859865646095383407e-01 0.000000000000000000e+00 3.986512981412432821e-01 0.000000000000000000e+00 4.214287730412786259e-01 0.000000000000000000e+00 4.233668604872252716e-01 0.000000000000000000e+00 3.437701015703241159e-01 4.159306425022583631e-01 3.775566265732442361e-01 0.000000000000000000e+00 0.000000000000000000e+00 4.326124084195515085e-01 3.791363502761627147e-01 0.000000000000000000e+00 0.000000000000000000e+00 0.000000000000000000e+00 4.119395542556016365e-01 0.000000000000000000e+00 0.000000000000000000e+00 0.000000000000000000e+00 4.166971582824466336e-01 0.000000000000000000e+00 0.000000000000000000e+00 0.000000000000000000e+00 4.058012107705037952e-01 0.000000000000000000e+00 4.331864014084507164e-01 0.000000000000000000e+00 0.000000000000000000e+00 0.000000000000000000e+00 0.000000000000000000e+00 0.000000000000000000e+00 0.000000000000000000e+00 0.000000000000000000e+00 0.000000000000000000e+00 0.000000000000000000e+00 0.000000000000000000e+00 0.000000000000000000e+00 3.994901000000000146e-01 0.000000000000000000e+00 0.000000000000000000e+00 0.000000000000000000e+00 0.000000000000000000e+00 0.000000000000000000e+00 0.000000000000000000e+00 0.000000000000000000e+00 0.000000000000000000e+00 0.000000000000000000e+00 0.000000000000000000e+00 0.000000000000000000e+00 0.000000000000000000e+00
3.705043912289632257e-01 0.000000000000000000e+00 3.377497592081729061e-01 4.050426907761495166e-01 3.575357368421052673e-01 0.000000000000000000e+00 2.579600828598936912e-01 3.920385618833158170e-01 2.463139667737141991e-01 0.000000000000000000e+00 2.921022718390056672e-01 4.006973461538461123e-01 2.199648082075751354e-01 3.940188555855475561e-01 2.236918709836407670e-01 4.185277155854430498e-01 3.916692852155204685e-01 0.000000000000000000e+00 3.943563101179667352e-01 4.116574062333884787e-01 0.000000000000000000e+00 0.000000000000000000e+00 3.515383963725809413e-01 3.819098261995703680e-01 0.000000000000000000e+00 0.000000000000000000e+00 0.000000000000000000e+00 0.000000000000000000e+00 2.955667290909030354e-01 3.858607857142856701e-01 3.150611728295658609e-01 3.940610801232489191e-01 0.000000000000000000e+00 3.933769800446251796e-01 0.000000000000000000e+00 0.000000000000000000e+00 0.000000000000000000e+00 5.226574226804123757e-01 0.000000000000000000e+00 0.000000000000000000e+00 0.000000000000000000e+00 0.000000000000000000e+00 0.000000000000000000e+00 0.000000000000000000e+00 0.000000000000000000e+00 0.000000000000000000e+00 4.434829187500000103e-01 0.000000000000000000e+00 4.159129473684210487e-01 0.000000000000000000e+00 4.264105293800469765e-01 0.000000000000000000e+00 0.000000000000000000e+00 0.000000000000000000e+00 4.052922567567567858e-01 0.000000000000000000e+00 3.844326463461538723e-01 0.000000000000000000e+00 4.328307119904764022e-01 0.000000000000000000e+00 4.192914159209333302e-01 0.000000000000000000e+00 3.994602371350604031e-01 0.000000000000000000e+00 4.302426284793474109e-01 0.000000000000000000e+00 3.828751155081028812e-01 0.000000000000000000e+00 0.000000000000000000e+00 0.000000000000000000e+00 3.094325776095006586e-01 3.907670848153971810e-01 3.562569556454063258e-01 4.092993718534220782e-01 0.000000000000000000e+00 0.000000000000000000e+00 3.662192440248963066e-01 4.161007521673837917e-01 0.000000000000000000e+00 0.000000000000000000e+00 4.029680707196830469e-01 0.000000000000000000e+00 3.889371578947368735e-01 0.000000000000000000e+00 4.197695792529562708e-01 0.000000000000000000e+00 0.000000000000000000e+00 0.000000000000000000e+00 4.314713107544563830e-01 0.000000000000000000e+00 4.263461570247933374e-01 0.000000000000000000e+00 0.000000000000000000e+00 0.000000000000000000e+00 0.000000000000000000e+00 0.000000000000000000e+00 0.000000000000000000e+00 0.000000000000000000e+00 0.000000000000000000e+00 0.000000000000000000e+00 0.000000000000000000e+00 0.000000000000000000e+00 0.000000000000000000e+00 0.000000000000000000e+00 0.000000000000000000e+00 0.000000000000000000e+00 0.000000000000000000e+00 0.000000000000000000e+00 0.000000000000000000e+00 0.000000000000000000e+00 0.000000000000000000e+00 0.000000000000000000e+00 0.000000000000000000e+00 0.000000000000000000e+00 0.000000000000000000e+00 0.000000000000000000e+00
