0.000000000000000000e+00 1.226145478012353671e-02 5.971242787801080837e-02 2.028039855391940583e-03 1.769520017695200243e-03 0.000000000000000000e+00 4.116022099447513849e-02 1.259886610205081551e-03 1.734104046242774567e-03 0.000000000000000000e+00 2.149727060046789651e-01 3.025260928755105151e-04 4.843701640359022315e-02 0.000000000000000000e+00 3.118503118503118676e-03 1.955798943868570345e-04 7.673361121636983195e-02 7.995202878273036193e-04 6.063066720801191245e-02 2.183814083849118168e-02 0.000000000000000000e+00 0.000000000000000000e+00 1.063829787234042571e-03 1.940240589833139176e-04 3.087372645878357536e-04 0.000000000000000000e+00 0.000000000000000000e+00 0.000000000000000000e+00 4.662199888330541275e-02 3.553660270078180458e-04 1.137286758732737602e-03 1.486546751895346976e-04 7.587810549504344325e-03 6.939742721733243094e-03 0.000000000000000000e+00 0.000000000000000000e+00 3.387418161115855059e-02 2.268088001814470367e-04 2.477700693756194200e-03 3.720238095238095032e-04 0.000000000000000000e+00 0.000000000000000000e+00 0.000000000000000000e+00 0.000000000000000000e+00 0.000000000000000000e+00 0.000000000000000000e+00 0.000000000000000000e+00 0.000000000000000000e+00 6.329113924050633029e-04 1.440714594438841794e-04 9.346723675052202862e-03 0.000000000000000000e+00 1.163467132053519438e-03 0.000000000000000000e+00 1.736781165573137841e-03 0.000000000000000000e+00 2.146082858825839323e-01 3.680191369951237371e-03 1.443980514961725782e-02 1.040221914008321747e-03 4.632901452689438399e-02 6.832156684126622793e-04 4.754937820043892045e-03 1.705955334987593105e-03 2.374971454670015900e-02 1.716148961729878158e-04 4.353464246017043141e-03 2.913135593220339027e-03 5.851593625498007628e-02 5.593803786574870832e-03 5.651517692436693052e-02 2.284843869002284788e-04 4.024248677931123452e-02 4.509074512456318551e-04 0.000000000000000000e+00 0.000000000000000000e+00 7.723829628709798223e-02 6.694336591243808202e-04 1.237623762376237639e-03 0.000000000000000000e+00 4.321159743518260613e-03 1.723246596587971625e-04 5.998286203941730933e-03 0.000000000000000000e+00 1.173426961101358204e-02 0.000000000000000000e+00 0.000000000000000000e+00 0.000000000000000000e+00 6.622516556291390723e-03 0.000000000000000000e+00 6.748894577612287934e-03 4.411116012351124762e-04 1.960357220649096028e-03 0.000000000000000000e+00 4.867256637168141525e-02 1.060445387062566381e-03 1.355013550135501354e-03 0.000000000000000000e+00 1.490312965722801787e-03 7.993605115907273994e-04 1.167542323409223592e-03 0.000000000000000000e+00 7.867820613690007861e-04 0.000000000000000000e+00 4.289390906491278438e-03 1.830384380719951229e-03 0.000000000000000000e+00 0.000000000000000000e+00 0.000000000000000000e+00 0.000000000000000000e+00 2.018163471241170553e-03 0.000000000000000000e+00 0.000000000000000000e+00 1.153402537485582503e-03 0.000000000000000000e+00 0.000000000000000000e+00
1.226145478012353671e-02 0.000000000000000000e+00 3.113838263577250586e-03 3.923816241953972245e-02 0.000000000000000000e+00 2.049180327868852457e-04 1.933701657458563629e-03 9.309162175404213369e-02 0.000000000000000000e+00 2.447647538754419393e-03 0.000000000000000000e+00 1.620027227348358745e-01 0.000000000000000000e+00 1.881505204163330669e-02 0.000000000000000000e+00 7.823195775474281379e-04 9.473285335354301312e-04 4.817109734159503998e-02 2.679658952496954960e-02 8.268130328156020337e-02 0.000000000000000000e+00 0.000000000000000000e+00 5.319148936170212854e-04 5.820721769499417799e-04 0.000000000000000000e+00 0.000000000000000000e+00 0.000000000000000000e+00 0.000000000000000000e+00 0.000000000000000000e+00 4.418384269130537501e-02 1.624695369618196457e-04 1.486546751895346976e-04 1.248317219434585783e-02 2.361205145565335034e-02 0.000000000000000000e+00 5.076142131979695686e-04 8.539709649871904265e-04 2.381492401905193831e-02 0.000000000000000000e+00 8.928571428571428076e-03 0.000000000000000000e+00 2.666666666666666578e-03 0.000000000000000000e+00 9.435742592942064427e-05 0.000000000000000000e+00 2.314546927438953931e-04 0.000000000000000000e+00 2.645502645502645681e-04 0.000000000000000000e+00 3.889929404984872330e-03 0.000000000000000000e+00 6.474024948681509316e-03 0.000000000000000000e+00 2.323651452282157834e-03 0.000000000000000000e+00 5.211047420531526387e-04 2.650697035146279152e-03 2.618456159720305432e-01 1.739735560194850480e-04 1.473647711511789221e-02 1.963093835885355355e-04 4.964700523798679099e-02 0.000000000000000000e+00 1.519851116625310118e-02 0.000000000000000000e+00 1.990732795606658598e-02 3.705075954057058130e-04 2.515889830508474378e-03 1.767928286852589806e-02 1.080034423407917332e-01 1.090055341271172276e-03 4.584920030464584989e-02 6.449116471043467433e-04 2.671626648630368722e-02 0.000000000000000000e+00 0.000000000000000000e+00 2.607723829628709640e-03 7.029053420805998764e-02 0.000000000000000000e+00 0.000000000000000000e+00 4.181767493727349015e-04 2.757194554540754600e-03 8.568980291345330369e-04 8.598452278589854012e-04 0.000000000000000000e+00 1.285219970341077572e-02 0.000000000000000000e+00 6.127450980392156778e-04 0.000000000000000000e+00 7.151370679380214188e-03 1.163602513381428857e-03 4.411116012351124979e-03 8.712698758440427273e-04 8.060182697474476115e-04 2.949852507374631227e-03 2.226935312831389291e-02 1.355013550135501354e-03 3.891050583657587603e-03 2.483854942871336312e-03 3.197442046362909598e-03 0.000000000000000000e+00 8.669267446900736718e-04 0.000000000000000000e+00 2.656313853698406228e-03 1.715756362596511332e-03 3.660768761439902458e-03 0.000000000000000000e+00 9.354536950420954278e-04 2.631578947368420907e-02 0.000000000000000000e+00 0.000000000000000000e+00 1.373626373626373734e-03 0.000000000000000000e+00 1.153402537485582503e-03 1.102535832414553493e-03 0.000000000000000000e+00
5.971242787801080837e-02 3.113838263577250586e-03 0.000000000000000000e+00 5.290538753196367266e-03 7.144437071444370568e-02 2.254098360655737866e-03 2.775322283609576446e-01 6.509414152726254212e-03 2.369942196531791764e-02 4.079412564590698988e-03 3.587210813621003608e-02 2.571471789441839243e-03 5.524605385329619395e-02 2.135041366426474515e-03 5.535343035343035650e-02 2.738118521415998374e-03 2.008336491095111948e-02 1.199280431740955321e-03 1.019082419813235885e-01 8.758612635758495149e-03 0.000000000000000000e+00 0.000000000000000000e+00 2.186170212765957410e-01 4.656577415599534239e-03 2.068539672738499424e-02 2.853881278538812627e-03 2.234993614303959052e-03 0.000000000000000000e+00 3.140703517587939420e-02 5.922767116796967069e-04 1.624695369618196425e-02 1.233833804073138085e-02 4.895361644841512636e-03 6.431956668923493811e-03 1.649257833974711448e-03 0.000000000000000000e+00 1.850270424138912573e-02 0.000000000000000000e+00 0.000000000000000000e+00 0.000000000000000000e+00 1.572327044025157317e-03 0.000000000000000000e+00 0.000000000000000000e+00 0.000000000000000000e+00 3.520506953001232143e-04 1.157273463719476965e-04 2.258866049243279809e-04 0.000000000000000000e+00 2.531645569620253212e-03 2.881429188877683589e-04 7.457492293924629888e-03 7.895152376440865846e-05 2.326934264107038876e-03 0.000000000000000000e+00 3.859513701273639707e-04 0.000000000000000000e+00 4.025132534851757343e-03 1.012052626736590407e-03 1.183020180932498229e-02 6.934812760055478675e-04 4.613270514330585111e-03 2.277385561375540931e-04 9.144111192392099336e-04 4.652605459057071956e-04 2.740351678465403028e-03 0.000000000000000000e+00 9.077436087439792745e-03 5.296610169491525405e-04 2.739043824701195388e-03 4.302925989672977771e-04 3.572027502934764509e-02 1.142421934501142503e-03 7.829227395846768967e-02 1.014541765302671593e-03 1.226993865030674875e-02 0.000000000000000000e+00 7.276791257916304101e-02 1.740527513723389959e-03 2.475247524752475278e-03 0.000000000000000000e+00 1.393922497909116194e-03 3.446493193175943250e-04 1.713796058269066074e-03 0.000000000000000000e+00 2.679478887554282568e-03 8.238589553468445871e-05 7.949125596184420219e-04 0.000000000000000000e+00 2.365184484389782401e-03 0.000000000000000000e+00 3.258087037468001147e-03 0.000000000000000000e+00 2.178174689610106818e-04 0.000000000000000000e+00 1.917404129793510298e-02 5.302226935312831686e-03 0.000000000000000000e+00 0.000000000000000000e+00 9.935419771485345247e-04 0.000000000000000000e+00 5.837711617046117962e-04 4.334633723450368359e-04 0.000000000000000000e+00 0.000000000000000000e+00 2.573634543894766889e-03 1.525320317266626096e-03 0.000000000000000000e+00 0.000000000000000000e+00 7.894736842105262720e-02 0.000000000000000000e+00 0.000000000000000000e+00 0.000000000000000000e+00 0.000000000000000000e+00 0.000000000000000000e+00 0.000000000000000000e+00 0.000000000000000000e+00
2.028039855391940583e-03 3.923816241953972245e-02 5.290538753196367266e-03 0.000000000000000000e+00 2.211900022119000359e-03 2.581967213114754259e-02 1.003683241252301996e-02 2.908238258556730127e-01 8.670520231213872837e-04 1.468588523252651636e-02 6.238627501949571379e-03 4.068975949175616252e-02 4.178272980501392987e-03 3.015745930077395193e-02 5.197505197505197794e-04 2.581654605906512703e-02 1.894657067070860262e-03 1.798920647611433263e-02 9.202869129787521682e-03 1.230877029078593921e-01 0.000000000000000000e+00 0.000000000000000000e+00 1.595744680851063704e-02 2.388436166084594581e-01 1.852423587527014413e-03 9.417808219178081669e-03 6.385696040868455055e-04 1.985111662531017368e-03 1.814628699050809630e-03 3.885335228618810866e-02 1.754670999187652250e-02 3.151479114018135991e-02 7.832578631746420564e-03 2.301963439404197675e-02 0.000000000000000000e+00 1.015228426395939137e-03 2.846569883290634936e-04 6.804264005443411319e-03 0.000000000000000000e+00 7.440476190476190063e-04 0.000000000000000000e+00 0.000000000000000000e+00 0.000000000000000000e+00 0.000000000000000000e+00 0.000000000000000000e+00 2.314546927438953985e-03 0.000000000000000000e+00 1.322751322751322841e-04 0.000000000000000000e+00 2.881429188877683480e-03 0.000000000000000000e+00 1.973788094110216339e-03 0.000000000000000000e+00 6.639004149377593193e-04 0.000000000000000000e+00 5.211047420531526387e-04 2.945218927940310410e-04 8.648449719385407908e-03 1.739735560194850480e-04 8.841886269070734633e-03 9.815469179426776773e-05 6.832156684126622793e-04 1.828822238478419976e-04 4.652605459057071956e-04 2.283626398721169280e-04 1.029689377037926786e-03 1.852537977028529065e-04 8.474576271186440649e-03 2.490039840637450156e-04 1.721170395869191109e-03 3.186315612946503343e-03 3.023610053313023627e-02 1.031858635366954659e-03 6.199977454627438045e-02 0.000000000000000000e+00 0.000000000000000000e+00 2.359369179187880295e-03 7.698487079930378674e-02 0.000000000000000000e+00 0.000000000000000000e+00 1.393922497909116248e-04 1.033947957952782975e-03 0.000000000000000000e+00 0.000000000000000000e+00 0.000000000000000000e+00 3.295435821387378349e-04 0.000000000000000000e+00 0.000000000000000000e+00 0.000000000000000000e+00 3.575685339690107202e-04 1.163602513381428857e-03 3.087781208645787225e-03 6.534524068830320455e-04 2.686727565824825552e-04 1.474926253687315614e-03 1.378579003181336186e-02 4.065040650406504495e-03 9.727626459143969007e-04 1.490312965722801787e-03 7.993605115907273994e-04 0.000000000000000000e+00 8.669267446900736718e-04 0.000000000000000000e+00 1.430322844299141815e-03 2.573634543894766889e-03 5.796217205613178602e-03 0.000000000000000000e+00 0.000000000000000000e+00 7.894736842105262720e-02 0.000000000000000000e+00 0.000000000000000000e+00 0.000000000000000000e+00 0.000000000000000000e+00 2.306805074971165007e-03 0.000000000000000000e+00 0.000000000000000000e+00
1.769520017695200243e-03 0.000000000000000000e+00 7.144437071444370568e-02 2.211900022119000359e-03 0.000000000000000000e+00 3.073770491803278632e-03 2.219152854511970488e-02 9.099181073703367000e-04 3.205202312138728526e-01 4.623334239869459142e-03 2.599428125812321046e-04 0.000000000000000000e+00 8.201795109873104977e-03 1.334400854016546572e-04 1.211018711018711086e-01 2.738118521415998374e-03 0.000000000000000000e+00 0.000000000000000000e+00 1.082690485857355518e-03 1.167815018101132842e-04 3.620178041543026942e-02 0.000000000000000000e+00 1.638297872340425607e-02 2.134264648816453121e-03 1.407841926520531084e-01 7.990867579908675356e-03 2.171136653895274493e-01 9.925558312655086840e-04 1.074818537130094870e-02 0.000000000000000000e+00 7.473598700243704734e-03 5.797532332391853831e-03 3.671521233631134368e-04 6.770480704129992972e-04 0.000000000000000000e+00 0.000000000000000000e+00 0.000000000000000000e+00 0.000000000000000000e+00 0.000000000000000000e+00 0.000000000000000000e+00 0.000000000000000000e+00 0.000000000000000000e+00 1.641497045305318316e-04 0.000000000000000000e+00 0.000000000000000000e+00 0.000000000000000000e+00 0.000000000000000000e+00 0.000000000000000000e+00 1.582278481012658257e-04 0.000000000000000000e+00 9.943323058566172479e-05 0.000000000000000000e+00 0.000000000000000000e+00 0.000000000000000000e+00 0.000000000000000000e+00 0.000000000000000000e+00 9.817396426467701366e-05 0.000000000000000000e+00 0.000000000000000000e+00 0.000000000000000000e+00 1.963093835885355355e-04 0.000000000000000000e+00 1.828822238478419976e-04 0.000000000000000000e+00 4.567252797442338560e-04 0.000000000000000000e+00 0.000000000000000000e+00 0.000000000000000000e+00 4.980079681274900312e-04 0.000000000000000000e+00 3.085695119906087594e-02 1.751713632901751635e-03 3.095575906100864194e-02 0.000000000000000000e+00 1.840490797546012400e-02 0.000000000000000000e+00 1.986837203526636061e-03 0.000000000000000000e+00 0.000000000000000000e+00 0.000000000000000000e+00 0.000000000000000000e+00 0.000000000000000000e+00 0.000000000000000000e+00 0.000000000000000000e+00 5.543749422526101939e-04 0.000000000000000000e+00 0.000000000000000000e+00 0.000000000000000000e+00 2.365184484389782401e-04 0.000000000000000000e+00 4.654410053525715536e-04 0.000000000000000000e+00 0.000000000000000000e+00 2.686727565824825552e-04 1.474926253687315614e-03 0.000000000000000000e+00 0.000000000000000000e+00 0.000000000000000000e+00 0.000000000000000000e+00 0.000000000000000000e+00 0.000000000000000000e+00 0.000000000000000000e+00 0.000000000000000000e+00 2.043318348998774021e-04 2.859593937660852400e-04 0.000000000000000000e+00 0.000000000000000000e+00 0.000000000000000000e+00 0.000000000000000000e+00 0.000000000000000000e+00 0.000000000000000000e+00 0.000000000000000000e+00 0.000000000000000000e+00 0.000000000000000000e+00 0.000000000000000000e+00 0.000000000000000000e+00
0.000000000000000000e+00 2.049180327868852457e-04 2.254098360655737866e-03 2.581967213114754259e-02 3.073770491803278632e-03 0.000000000000000000e+00 1.841620626151012851e-04 4.549590536851682958e-03 1.734104046242774567e-03 3.584443840087027655e-01 0.000000000000000000e+00 4.537891393132657456e-04 3.095017022593624274e-04 6.672004270082733130e-04 2.079002079002079117e-03 1.427733229024056305e-01 0.000000000000000000e+00 0.000000000000000000e+00 0.000000000000000000e+00 5.839075090505663939e-04 6.528189910979228898e-03 2.790697674418604612e-02 1.595744680851063748e-03 1.183546759798215046e-02 1.142327878974992196e-02 1.478310502283105010e-01 4.150702426564495569e-03 1.724565756823821239e-01 1.395868230039084331e-04 2.333570244018005196e-02 1.007311129163281950e-02 1.233833804073138085e-02 0.000000000000000000e+00 1.861882193635748094e-03 0.000000000000000000e+00 5.076142131979695686e-04 0.000000000000000000e+00 0.000000000000000000e+00 0.000000000000000000e+00 0.000000000000000000e+00 0.000000000000000000e+00 0.000000000000000000e+00 0.000000000000000000e+00 0.000000000000000000e+00 0.000000000000000000e+00 0.000000000000000000e+00 0.000000000000000000e+00 0.000000000000000000e+00 0.000000000000000000e+00 0.000000000000000000e+00 0.000000000000000000e+00 7.895152376440865846e-05 0.000000000000000000e+00 0.000000000000000000e+00 0.000000000000000000e+00 0.000000000000000000e+00 0.000000000000000000e+00 9.200478424878094240e-05 0.000000000000000000e+00 0.000000000000000000e+00 0.000000000000000000e+00 0.000000000000000000e+00 0.000000000000000000e+00 0.000000000000000000e+00 0.000000000000000000e+00 0.000000000000000000e+00 0.000000000000000000e+00 2.648305084745762703e-04 0.000000000000000000e+00 0.000000000000000000e+00 1.593157806473251671e-03 3.366336633663366551e-02 1.289823294208693324e-04 3.381805884342238555e-02 0.000000000000000000e+00 0.000000000000000000e+00 1.241773252204147538e-04 3.481055027446779918e-03 0.000000000000000000e+00 0.000000000000000000e+00 0.000000000000000000e+00 0.000000000000000000e+00 0.000000000000000000e+00 0.000000000000000000e+00 0.000000000000000000e+00 2.471576866040533626e-04 0.000000000000000000e+00 0.000000000000000000e+00 0.000000000000000000e+00 1.191895113230035779e-04 2.327205026762857768e-04 0.000000000000000000e+00 0.000000000000000000e+00 0.000000000000000000e+00 0.000000000000000000e+00 2.120890774125132761e-03 0.000000000000000000e+00 0.000000000000000000e+00 0.000000000000000000e+00 0.000000000000000000e+00 0.000000000000000000e+00 0.000000000000000000e+00 0.000000000000000000e+00 2.043318348998774021e-04 0.000000000000000000e+00 0.000000000000000000e+00 0.000000000000000000e+00 0.000000000000000000e+00 0.000000000000000000e+00 0.000000000000000000e+00 0.000000000000000000e+00 0.000000000000000000e+00 0.000000000000000000e+00 0.000000000000000000e+00 0.000000000000000000e+00 0.000000000000000000e+00
4.116022099447513849e-02 1.933701657458563629e-03 2.775322283609576446e-01 1.003683241252301996e-02 2.219152854511970488e-02 1.841620626151012851e-04 0.000000000000000000e+00 1.399874011338979492e-02 1.043352601156069398e-01 1.087843350557519658e-03 3.899142188718481700e-02 4.537891393132657998e-03 2.647787062828845794e-01 3.736322391246330293e-03 1.455301455301455382e-02 1.955798943868570345e-04 6.441834028040924198e-03 7.995202878273036193e-04 1.840573825957504336e-02 1.132780567558098854e-02 0.000000000000000000e+00 0.000000000000000000e+00 4.138297872340425398e-02 1.008925106713232447e-02 3.704847175054028826e-03 2.853881278538812627e-04 3.192848020434227527e-04 0.000000000000000000e+00 2.219430485762144065e-02 2.132196162046908275e-03 2.047116165718927683e-02 1.441950349338486613e-02 2.814832945783869809e-03 1.066350710900474015e-02 2.199010445299615264e-03 0.000000000000000000e+00 4.839168801594078903e-03 4.536176003628940735e-04 4.955401387512388400e-04 0.000000000000000000e+00 0.000000000000000000e+00 0.000000000000000000e+00 0.000000000000000000e+00 0.000000000000000000e+00 5.280760429501847944e-04 0.000000000000000000e+00 0.000000000000000000e+00 0.000000000000000000e+00 9.493670886075949002e-04 0.000000000000000000e+00 1.183255443969374529e-02 7.895152376440865846e-05 4.072134962187318359e-03 0.000000000000000000e+00 4.631416441528366998e-03 0.000000000000000000e+00 1.767131356764186246e-03 1.840095684975618848e-04 1.183020180932498229e-02 3.467406380027739338e-04 1.285826462504907793e-02 4.554771122751081862e-04 2.377468910021946023e-03 0.000000000000000000e+00 1.826901118976935467e-02 0.000000000000000000e+00 2.223045572434234878e-03 5.296610169491525405e-04 1.494023904382470094e-03 4.302925989672977771e-04 1.216669461680362219e-01 3.579588728103579465e-03 3.753385786147298009e-02 2.141810393416751068e-03 0.000000000000000000e+00 0.000000000000000000e+00 5.488637774742331776e-02 3.347168295621903884e-03 1.237623762376237639e-03 0.000000000000000000e+00 2.509060496236409192e-03 0.000000000000000000e+00 1.713796058269066074e-03 0.000000000000000000e+00 2.494687240136745851e-02 0.000000000000000000e+00 1.589825119236884044e-03 0.000000000000000000e+00 2.010406811731315149e-02 0.000000000000000000e+00 9.308820107051431073e-04 4.411116012351124762e-04 2.178174689610106818e-04 0.000000000000000000e+00 4.424778761061946841e-03 4.241781548250265522e-03 0.000000000000000000e+00 0.000000000000000000e+00 0.000000000000000000e+00 7.993605115907273994e-04 0.000000000000000000e+00 0.000000000000000000e+00 0.000000000000000000e+00 2.043318348998774021e-04 5.719187875321704801e-04 1.220256253813300747e-03 0.000000000000000000e+00 0.000000000000000000e+00 2.631578947368420907e-02 0.000000000000000000e+00 0.000000000000000000e+00 0.000000000000000000e+00 0.000000000000000000e+00 0.000000000000000000e+00 0.000000000000000000e+00 0.000000000000000000e+00
1.259886610205081551e-03 9.309162175404213369e-02 6.509414152726254212e-03 2.908238258556730127e-01 9.099181073703367000e-04 4.549590536851682958e-03 1.399874011338979492e-02 0.000000000000000000e+00 1.734104046242774567e-03 1.096002175686701108e-01 7.278398752274499797e-03 1.456663137195583213e-01 1.083255957907768539e-02 3.154523618895115900e-01 1.299376299376299448e-03 4.126735771562683314e-02 2.084122773777946115e-03 1.539076554067559527e-02 1.001488699418053886e-02 1.261240219549223350e-02 0.000000000000000000e+00 0.000000000000000000e+00 2.755319148936170165e-02 3.356616220411331314e-02 2.469898116702686029e-03 8.561643835616437881e-04 0.000000000000000000e+00 2.481389578163771710e-04 4.327191513121161209e-03 2.866619284529732178e-02 2.615759545085296484e-02 1.412219414300579755e-02 1.125933178313547924e-02 6.685849695328368453e-03 0.000000000000000000e+00 1.015228426395939137e-03 5.693139766581269872e-04 3.175323202540258731e-03 0.000000000000000000e+00 0.000000000000000000e+00 0.000000000000000000e+00 2.666666666666666578e-03 0.000000000000000000e+00 0.000000000000000000e+00 0.000000000000000000e+00 3.587547737530378308e-03 0.000000000000000000e+00 0.000000000000000000e+00 0.000000000000000000e+00 7.347644431638092853e-03 9.943323058566172479e-05 7.263540186325596199e-03 0.000000000000000000e+00 2.821576763485477216e-03 0.000000000000000000e+00 1.737015806843842346e-03 1.963479285293540273e-04 1.159260281534639850e-02 3.479471120389700961e-04 8.668515950069347747e-03 1.963093835885355355e-04 2.368480983830562395e-02 1.828822238478419976e-04 2.946650124069478960e-03 0.000000000000000000e+00 9.095589497168354506e-03 5.557613931085587195e-04 5.561440677966101621e-03 2.490039840637450156e-04 8.605851979345955543e-04 6.959584101962099784e-03 7.296268088347296343e-02 3.740487553205211046e-03 4.441438394769473691e-02 0.000000000000000000e+00 0.000000000000000000e+00 5.215447659257419280e-03 6.627393225331369708e-02 0.000000000000000000e+00 5.899705014749262455e-03 1.393922497909116248e-04 6.203687747716697849e-03 0.000000000000000000e+00 0.000000000000000000e+00 0.000000000000000000e+00 1.145163947932113964e-02 0.000000000000000000e+00 0.000000000000000000e+00 0.000000000000000000e+00 9.535160905840285583e-03 2.792646032115429430e-03 1.323334803705337537e-03 6.534524068830320455e-04 1.074691026329930221e-03 2.949852507374631227e-03 7.423117709437964014e-03 0.000000000000000000e+00 9.727626459143969007e-04 0.000000000000000000e+00 0.000000000000000000e+00 0.000000000000000000e+00 8.669267446900736718e-04 0.000000000000000000e+00 6.129955046996322064e-04 1.715756362596511332e-03 3.660768761439902458e-03 0.000000000000000000e+00 0.000000000000000000e+00 5.263157894736841813e-02 5.291005291005290712e-03 0.000000000000000000e+00 0.000000000000000000e+00 0.000000000000000000e+00 1.153402537485582503e-03 0.000000000000000000e+00 0.000000000000000000e+00
1.734104046242774567e-03 0.000000000000000000e+00 2.369942196531791764e-02 8.670520231213872837e-04 3.205202312138728526e-01 1.734104046242774567e-03 1.043352601156069398e-01 1.734104046242774567e-03 0.000000000000000000e+00 2.447647538754419393e-03 1.819599688068624949e-03 0.000000000000000000e+00 4.797276385020117495e-02 0.000000000000000000e+00 2.375259875259875253e-01 1.760219049481713365e-03 0.000000000000000000e+00 0.000000000000000000e+00 9.473541751251861320e-04 0.000000000000000000e+00 4.154302670623145032e-03 0.000000000000000000e+00 1.914893617021276497e-03 1.164144353899883560e-03 5.248533497993207973e-03 1.426940639269406313e-03 1.117496807151979570e-02 4.962779156327543420e-04 1.619207146845337911e-02 0.000000000000000000e+00 1.949634443541835857e-03 1.486546751895347030e-03 0.000000000000000000e+00 0.000000000000000000e+00 0.000000000000000000e+00 0.000000000000000000e+00 0.000000000000000000e+00 0.000000000000000000e+00 0.000000000000000000e+00 0.000000000000000000e+00 0.000000000000000000e+00 0.000000000000000000e+00 0.000000000000000000e+00 0.000000000000000000e+00 0.000000000000000000e+00 0.000000000000000000e+00 0.000000000000000000e+00 0.000000000000000000e+00 0.000000000000000000e+00 0.000000000000000000e+00 9.943323058566172479e-05 0.000000000000000000e+00 0.000000000000000000e+00 0.000000000000000000e+00 0.000000000000000000e+00 0.000000000000000000e+00 4.908698213233850683e-04 0.000000000000000000e+00 3.479471120389700961e-04 0.000000000000000000e+00 5.889281507656065522e-04 0.000000000000000000e+00 9.144111192392099336e-04 0.000000000000000000e+00 1.141813199360584667e-03 0.000000000000000000e+00 0.000000000000000000e+00 1.324152542372881351e-04 0.000000000000000000e+00 0.000000000000000000e+00 1.240986080831796116e-02 3.046458492003046204e-04 2.076615503675996455e-02 0.000000000000000000e+00 6.134969325153374377e-03 0.000000000000000000e+00 5.091270334037004824e-03 1.338867318248761424e-04 0.000000000000000000e+00 0.000000000000000000e+00 2.787844995818232496e-04 0.000000000000000000e+00 0.000000000000000000e+00 0.000000000000000000e+00 8.315624133789152909e-04 0.000000000000000000e+00 0.000000000000000000e+00 0.000000000000000000e+00 1.182592242194891200e-03 0.000000000000000000e+00 0.000000000000000000e+00 0.000000000000000000e+00 0.000000000000000000e+00 0.000000000000000000e+00 1.474926253687315614e-03 1.060445387062566381e-03 0.000000000000000000e+00 0.000000000000000000e+00 4.967709885742672624e-04 0.000000000000000000e+00 0.000000000000000000e+00 0.000000000000000000e+00 0.000000000000000000e+00 0.000000000000000000e+00 5.719187875321704801e-04 3.050640634533251867e-04 0.000000000000000000e+00 0.000000000000000000e+00 0.000000000000000000e+00 0.000000000000000000e+00 0.000000000000000000e+00 0.000000000000000000e+00 0.000000000000000000e+00 0.000000000000000000e+00 0.000000000000000000e+00 0.000000000000000000e+00
0.000000000000000000e+00 2.447647538754419393e-03 4.079412564590698988e-03 1.468588523252651636e-02 4.623334239869459142e-03 3.584443840087027655e-01 1.087843350557519658e-03 1.096002175686701108e-01 2.447647538754419393e-03 0.000000000000000000e+00 0.000000000000000000e+00 6.806837089698986563e-03 1.547508511296812137e-04 1.467840939418201159e-02 1.559251559251559338e-03 1.101114805398005075e-01 0.000000000000000000e+00 0.000000000000000000e+00 0.000000000000000000e+00 7.006890108606796510e-04 1.186943620178041500e-03 3.382663847780126645e-03 3.404255319148936140e-03 5.820721769499417799e-04 1.420191417104044521e-02 1.284246575342465682e-02 1.277139208173691011e-03 3.598014888337468936e-02 0.000000000000000000e+00 1.267472162994551059e-02 9.748172217709179938e-03 5.351568306823249223e-03 0.000000000000000000e+00 5.924170616113744528e-04 0.000000000000000000e+00 0.000000000000000000e+00 0.000000000000000000e+00 0.000000000000000000e+00 0.000000000000000000e+00 0.000000000000000000e+00 0.000000000000000000e+00 0.000000000000000000e+00 0.000000000000000000e+00 0.000000000000000000e+00 0.000000000000000000e+00 0.000000000000000000e+00 0.000000000000000000e+00 0.000000000000000000e+00 0.000000000000000000e+00 0.000000000000000000e+00 0.000000000000000000e+00 7.895152376440865846e-05 0.000000000000000000e+00 1.659751037344398298e-04 0.000000000000000000e+00 0.000000000000000000e+00 0.000000000000000000e+00 4.600239212439046713e-04 0.000000000000000000e+00 0.000000000000000000e+00 0.000000000000000000e+00 2.277385561375540931e-04 0.000000000000000000e+00 4.652605459057071956e-04 0.000000000000000000e+00 5.148446885189633931e-04 0.000000000000000000e+00 0.000000000000000000e+00 0.000000000000000000e+00 4.302925989672977771e-04 1.173905752138185545e-03 2.071591774562071483e-02 1.289823294208693324e-04 2.423627550445271034e-02 0.000000000000000000e+00 1.415094339622641542e-02 0.000000000000000000e+00 8.702637568616949579e-03 0.000000000000000000e+00 2.949852507374631227e-03 0.000000000000000000e+00 6.892986386351886499e-04 0.000000000000000000e+00 0.000000000000000000e+00 0.000000000000000000e+00 1.318174328554951339e-03 0.000000000000000000e+00 0.000000000000000000e+00 0.000000000000000000e+00 5.959475566150178490e-04 6.981615080288573576e-04 0.000000000000000000e+00 0.000000000000000000e+00 0.000000000000000000e+00 0.000000000000000000e+00 1.060445387062566381e-03 0.000000000000000000e+00 0.000000000000000000e+00 0.000000000000000000e+00 0.000000000000000000e+00 0.000000000000000000e+00 0.000000000000000000e+00 0.000000000000000000e+00 0.000000000000000000e+00 8.578781812982556659e-04 9.151921903599756145e-04 0.000000000000000000e+00 0.000000000000000000e+00 2.631578947368420907e-02 0.000000000000000000e+00 0.000000000000000000e+00 0.000000000000000000e+00 0.000000000000000000e+00 0.000000000000000000e+00 0.000000000000000000e+00 0.000000000000000000e+00
2.149727060046789651e-01 0.000000000000000000e+00 3.587210813621003608e-02 6.238627501949571379e-03 2.599428125812321046e-04 0.000000000000000000e+00 3.899142188718481700e-02 7.278398752274499797e-03 1.819599688068624949e-03 0.000000000000000000e+00 0.000000000000000000e+00 1.058841325064286722e-03 6.932838130609718374e-02 5.337603416066186287e-04 7.796257796257796691e-04 0.000000000000000000e+00 7.123910572186434309e-02 0.000000000000000000e+00 9.473541751251861320e-03 1.634941025341585816e-03 0.000000000000000000e+00 0.000000000000000000e+00 3.723404255319149106e-03 1.358168412883197559e-03 0.000000000000000000e+00 0.000000000000000000e+00 0.000000000000000000e+00 0.000000000000000000e+00 5.806811836962590817e-02 2.369106846718787153e-04 5.361494719740048445e-03 1.337892076705812306e-03 1.223840411210378159e-03 1.184834123222748906e-03 5.497526113249038161e-04 0.000000000000000000e+00 3.985197836606889019e-03 0.000000000000000000e+00 0.000000000000000000e+00 0.000000000000000000e+00 0.000000000000000000e+00 0.000000000000000000e+00 0.000000000000000000e+00 0.000000000000000000e+00 0.000000000000000000e+00 0.000000000000000000e+00 0.000000000000000000e+00 0.000000000000000000e+00 1.582278481012658257e-04 0.000000000000000000e+00 2.187531072884558135e-03 0.000000000000000000e+00 0.000000000000000000e+00 0.000000000000000000e+00 3.859513701273639707e-04 0.000000000000000000e+00 5.595915963086589562e-03 9.200478424878094240e-05 2.957550452331245572e-03 1.733703190013869669e-04 2.041617589320769699e-02 0.000000000000000000e+00 9.692757863935625925e-03 0.000000000000000000e+00 2.237953870746745705e-02 0.000000000000000000e+00 5.557613931085587195e-04 0.000000000000000000e+00 2.490039840637450156e-04 4.302925989672977771e-04 2.565822572530605458e-02 5.331302361005331534e-04 1.315619760092867283e-02 3.381805884342238642e-04 0.000000000000000000e+00 0.000000000000000000e+00 1.601887495343350468e-02 9.372071227741331050e-04 0.000000000000000000e+00 0.000000000000000000e+00 3.206021745190967397e-03 0.000000000000000000e+00 3.170522707797772399e-02 0.000000000000000000e+00 8.869999076041763103e-03 0.000000000000000000e+00 0.000000000000000000e+00 0.000000000000000000e+00 4.257332071901608755e-03 0.000000000000000000e+00 9.308820107051431073e-04 0.000000000000000000e+00 0.000000000000000000e+00 0.000000000000000000e+00 2.949852507374631227e-03 2.120890774125132761e-03 0.000000000000000000e+00 0.000000000000000000e+00 0.000000000000000000e+00 0.000000000000000000e+00 0.000000000000000000e+00 0.000000000000000000e+00 0.000000000000000000e+00 0.000000000000000000e+00 5.719187875321704801e-04 3.050640634533251867e-04 0.000000000000000000e+00 0.000000000000000000e+00 0.000000000000000000e+00 0.000000000000000000e+00 1.009081735620585276e-03 1.373626373626373734e-03 0.000000000000000000e+00 0.000000000000000000e+00 0.000000000000000000e+00 0.000000000000000000e+00
3.025260928755105151e-04 1.620027227348358745e-01 2.571471789441839243e-03 4.068975949175616252e-02 0.000000000000000000e+00 4.537891393132657456e-04 4.537891393132657998e-03 1.456663137195583213e-01 0.000000000000000000e+00 6.806837089698986563e-03 1.058841325064286722e-03 0.000000000000000000e+00 7.737542556484060686e-04 1.676007472644782392e-01 0.000000000000000000e+00 1.818893017797770448e-02 1.894657067070860154e-04 4.417349590245852470e-02 1.218026796589524903e-03 9.809646152049515330e-03 0.000000000000000000e+00 0.000000000000000000e+00 3.829787234042552994e-03 5.626697710516104234e-03 3.087372645878357536e-04 0.000000000000000000e+00 0.000000000000000000e+00 0.000000000000000000e+00 2.791736460078168662e-04 5.828002842928216298e-02 3.086921202274573676e-03 1.635201427084881755e-03 7.343042467262268736e-04 2.792823290453622358e-03 0.000000000000000000e+00 5.076142131979695686e-04 0.000000000000000000e+00 4.536176003628940735e-04 0.000000000000000000e+00 0.000000000000000000e+00 0.000000000000000000e+00 0.000000000000000000e+00 0.000000000000000000e+00 0.000000000000000000e+00 0.000000000000000000e+00 1.041546117347529228e-03 0.000000000000000000e+00 0.000000000000000000e+00 0.000000000000000000e+00 2.161071891658262502e-03 0.000000000000000000e+00 4.816042949628927990e-03 0.000000000000000000e+00 1.327800829875518639e-03 0.000000000000000000e+00 3.474031613687684800e-04 0.000000000000000000e+00 7.452387524151255806e-03 0.000000000000000000e+00 4.160887656033286988e-03 0.000000000000000000e+00 1.480300614894101627e-02 0.000000000000000000e+00 1.876550868486352372e-02 0.000000000000000000e+00 2.162347691779646641e-02 0.000000000000000000e+00 2.515889830508474378e-03 0.000000000000000000e+00 1.290877796901893386e-03 1.844709039074291478e-03 3.594821020563594705e-02 5.159293176834773295e-04 1.905083981512794428e-02 0.000000000000000000e+00 4.716981132075471518e-03 1.241773252204147592e-03 2.209131075110456685e-02 0.000000000000000000e+00 2.949852507374631227e-03 0.000000000000000000e+00 1.602619334826813763e-02 0.000000000000000000e+00 1.719690455717970802e-03 0.000000000000000000e+00 2.323282254078101738e-02 0.000000000000000000e+00 0.000000000000000000e+00 0.000000000000000000e+00 1.501787842669845101e-02 4.654410053525715536e-04 0.000000000000000000e+00 6.534524068830320455e-04 0.000000000000000000e+00 1.474926253687315614e-03 3.181336161187698925e-03 0.000000000000000000e+00 0.000000000000000000e+00 9.935419771485345247e-04 0.000000000000000000e+00 0.000000000000000000e+00 8.669267446900736718e-04 0.000000000000000000e+00 0.000000000000000000e+00 1.143837575064340960e-03 1.525320317266626096e-03 0.000000000000000000e+00 0.000000000000000000e+00 0.000000000000000000e+00 0.000000000000000000e+00 0.000000000000000000e+00 0.000000000000000000e+00 0.000000000000000000e+00 0.000000000000000000e+00 0.000000000000000000e+00 0.000000000000000000e+00
4.843701640359022315e-02 0.000000000000000000e+00 5.524605385329619395e-02 4.178272980501392987e-03 8.201795109873104977e-03 3.095017022593624274e-04 2.647787062828845794e-01 1.083255957907768539e-02 4.797276385020117495e-02 1.547508511296812137e-04 6.932838130609718374e-02 7.737542556484060686e-04 0.000000000000000000e+00 1.868161195623165146e-03 1.564449064449064397e-01 3.911597887737140690e-04 2.084122773777946115e-03 0.000000000000000000e+00 6.902151847340641695e-03 1.051033516291019531e-03 0.000000000000000000e+00 0.000000000000000000e+00 1.765957446808510620e-02 6.402793946449359362e-03 9.262117937635072065e-04 0.000000000000000000e+00 0.000000000000000000e+00 0.000000000000000000e+00 8.835845896147404011e-02 3.553660270078180458e-04 8.285946385052802773e-03 7.284079084287201078e-03 1.713376575694529336e-03 2.031144211238998000e-03 2.199010445299615264e-03 5.076142131979695686e-04 4.839168801594078903e-03 0.000000000000000000e+00 0.000000000000000000e+00 0.000000000000000000e+00 0.000000000000000000e+00 0.000000000000000000e+00 0.000000000000000000e+00 0.000000000000000000e+00 0.000000000000000000e+00 0.000000000000000000e+00 0.000000000000000000e+00 0.000000000000000000e+00 3.164556962025316515e-04 0.000000000000000000e+00 7.954658446852937983e-04 0.000000000000000000e+00 0.000000000000000000e+00 0.000000000000000000e+00 9.648784253184098996e-04 0.000000000000000000e+00 1.178087571176124164e-03 0.000000000000000000e+00 1.217814892136395363e-03 0.000000000000000000e+00 8.833922261484099259e-03 0.000000000000000000e+00 5.303584491587417550e-03 0.000000000000000000e+00 1.347339575245489786e-02 0.000000000000000000e+00 5.557613931085587195e-04 0.000000000000000000e+00 9.960159362549800624e-04 0.000000000000000000e+00 4.544692268992118339e-02 1.751713632901751635e-03 2.257190764865213417e-02 9.018149024912637101e-04 0.000000000000000000e+00 0.000000000000000000e+00 3.712902024090401071e-02 1.874414245548266210e-03 0.000000000000000000e+00 0.000000000000000000e+00 3.484806244772790593e-03 0.000000000000000000e+00 0.000000000000000000e+00 0.000000000000000000e+00 1.154947796359604567e-02 0.000000000000000000e+00 1.589825119236884044e-03 0.000000000000000000e+00 4.730368968779564802e-03 0.000000000000000000e+00 1.629043518734000573e-03 0.000000000000000000e+00 2.178174689610106818e-04 0.000000000000000000e+00 7.374631268436578069e-03 0.000000000000000000e+00 0.000000000000000000e+00 0.000000000000000000e+00 9.935419771485345247e-04 0.000000000000000000e+00 0.000000000000000000e+00 8.669267446900736718e-04 1.966955153422501965e-04 0.000000000000000000e+00 1.143837575064340960e-03 3.050640634533251867e-04 0.000000000000000000e+00 0.000000000000000000e+00 0.000000000000000000e+00 0.000000000000000000e+00 0.000000000000000000e+00 0.000000000000000000e+00 0.000000000000000000e+00 0.000000000000000000e+00 0.000000000000000000e+00 0.000000000000000000e+00
