0.000000000000000000e+00 8.625295778948171427e-03 8.285685625438860002e-02 3.389830508474576173e-03 0.000000000000000000e+00 0.000000000000000000e+00 1.672365245374095033e-01 3.277613897082923538e-03 9.015777610818932752e-03 0.000000000000000000e+00 2.300439974858579373e-01 1.545064377682403437e-03 6.736684171042760239e-02 1.258494840171155388e-04 4.139274409544679498e-03 1.628399283504315394e-04 2.820512820512820554e-02 3.637686431429610571e-03 4.819624819624819534e-02 2.104219455767324110e-02 0.000000000000000000e+00 0.000000000000000000e+00 2.319902319902319900e-03 1.419110690633869441e-03 3.032140691328077692e-04 0.000000000000000000e+00 0.000000000000000000e+00 0.000000000000000000e+00 1.321485532011847791e-02 9.430403621274990184e-04 1.516139550048907665e-02 1.481755880718651618e-03 9.279010238907849095e-03 1.974960324457767508e-02 3.467406380027739338e-04 0.000000000000000000e+00 2.782384374424175591e-02 3.666361136571952457e-04 1.182033096926713919e-03 0.000000000000000000e+00 5.514705882352941534e-03 0.000000000000000000e+00 2.516989680342310775e-04 0.000000000000000000e+00 1.564537157757496695e-03 1.015125367982945895e-04 2.007226013649136972e-04 0.000000000000000000e+00 1.685203909673070512e-03 8.909479686386315503e-05 2.160145744773141196e-02 1.629195177582274355e-04 2.276176024279211001e-03 0.000000000000000000e+00 3.076366268548679037e-03 0.000000000000000000e+00 1.855952153718903042e-01 4.333023831631073984e-03 2.465386333184457421e-02 1.777145903678692147e-04 2.872752908001409769e-02 0.000000000000000000e+00 6.651884700665188464e-03 1.649212501030757842e-04 4.574565416285453212e-02 0.000000000000000000e+00 1.044717055797388279e-02 8.401949252226516935e-04 2.436506297749329100e-02 9.179575444635684756e-03 4.712828770799785266e-02 2.981093590648780083e-03 2.369899828976301109e-02 1.108033240997230006e-03 0.000000000000000000e+00 0.000000000000000000e+00 4.695627723885843069e-02 1.759610178668110465e-03 0.000000000000000000e+00 0.000000000000000000e+00 1.053942703842100301e-02 0.000000000000000000e+00 0.000000000000000000e+00 4.970178926441351378e-04 3.518534372057186693e-02 7.089684509039347743e-05 2.826455624646693164e-03 0.000000000000000000e+00 4.041515961629187081e-02 1.101079057476326791e-04 2.076124567474048593e-03 0.000000000000000000e+00 3.157562361856646577e-04 0.000000000000000000e+00 8.370535714285714038e-03 5.903187721369539251e-04 0.000000000000000000e+00 0.000000000000000000e+00 0.000000000000000000e+00 0.000000000000000000e+00 0.000000000000000000e+00 0.000000000000000000e+00 0.000000000000000000e+00 2.757859900717043794e-04 0.000000000000000000e+00 0.000000000000000000e+00 0.000000000000000000e+00 0.000000000000000000e+00 0.000000000000000000e+00 0.000000000000000000e+00 0.000000000000000000e+00 0.000000000000000000e+00 0.000000000000000000e+00 2.043596730245231426e-03 0.000000000000000000e+00 1.706484641638225273e-03
8.625295778948171427e-03 0.000000000000000000e+00 9.027986758952753071e-04 5.700267618198037733e-02 0.000000000000000000e+00 1.941370607649000170e-04 1.609010458567980591e-03 1.429695181907571222e-01 0.000000000000000000e+00 2.871912693854106885e-04 0.000000000000000000e+00 2.094420600858369064e-01 0.000000000000000000e+00 1.736722879436194272e-02 0.000000000000000000e+00 9.770395701025891277e-04 1.775147928994082755e-03 6.238632229901782539e-02 9.523809523809524669e-03 5.045719951525834412e-02 0.000000000000000000e+00 0.000000000000000000e+00 0.000000000000000000e+00 7.883948281299274670e-04 0.000000000000000000e+00 0.000000000000000000e+00 0.000000000000000000e+00 0.000000000000000000e+00 4.556846662109819801e-04 2.385892116182572464e-02 1.304206064558200177e-03 1.852194850898314523e-04 9.598976109215017621e-03 1.551754540645388855e-02 1.733703190013869723e-03 0.000000000000000000e+00 5.527915975677169481e-04 3.153070577451878853e-02 5.910165484633569596e-04 1.703577512776831369e-03 0.000000000000000000e+00 0.000000000000000000e+00 0.000000000000000000e+00 1.030502885408079164e-04 1.303780964797913913e-04 2.030250735965891899e-03 0.000000000000000000e+00 0.000000000000000000e+00 1.685203909673070512e-04 3.296507483962936736e-03 0.000000000000000000e+00 1.010101010101010187e-02 0.000000000000000000e+00 8.097165991902833659e-04 0.000000000000000000e+00 4.250952799765464474e-03 2.863141820958198160e-03 2.157226864747756045e-01 1.250558284948637740e-03 1.226230673538297559e-02 2.643637645400070306e-04 1.299888290850005103e-02 0.000000000000000000e+00 6.844231879277644717e-03 0.000000000000000000e+00 1.202147525676937508e-02 2.690937870993272748e-03 9.578222147538228981e-03 1.755110468717736849e-02 5.909351692484222929e-02 1.180891035963499642e-03 3.161528202714364300e-02 4.886391399951136140e-04 3.401662049861495923e-02 0.000000000000000000e+00 1.298701298701298787e-02 1.968227189652748278e-03 5.590146182999458646e-02 1.109877913429522774e-03 2.789400278940027799e-03 9.581297307655456516e-05 4.221284159075760871e-03 0.000000000000000000e+00 1.988071570576540551e-03 8.560910880917729847e-05 1.885856079404466673e-02 0.000000000000000000e+00 4.093327875562832534e-04 0.000000000000000000e+00 3.413345078176613367e-02 0.000000000000000000e+00 2.092050209205020741e-03 6.315124723713293154e-04 3.205128205128205017e-03 5.580357142857142547e-04 8.264462809917355601e-03 4.768717215069146202e-04 5.359056806002143562e-04 0.000000000000000000e+00 6.485084306095978976e-04 0.000000000000000000e+00 0.000000000000000000e+00 0.000000000000000000e+00 8.273579702151130297e-04 1.726121979286536143e-03 1.805054151624548801e-03 0.000000000000000000e+00 0.000000000000000000e+00 0.000000000000000000e+00 0.000000000000000000e+00 0.000000000000000000e+00 0.000000000000000000e+00 0.000000000000000000e+00 0.000000000000000000e+00 0.000000000000000000e+00 0.000000000000000000e+00
8.285685625438860002e-02 9.027986758952753071e-04 0.000000000000000000e+00 6.422836752899197324e-03 5.263157894736841813e-02 7.765482430596000680e-04 2.820796460176991372e-01 6.620780072107505451e-03 5.522163786626596571e-02 1.723147616312464131e-03 2.765556253928347016e-02 1.545064377682403437e-03 2.895723930982745803e-02 3.901334004530581431e-03 1.947893839785731773e-02 1.465559355153883692e-03 9.072978303747534709e-03 5.456529647144415639e-04 1.020202020202020249e-01 3.635562410488046500e-03 2.454590083456062791e-03 0.000000000000000000e+00 2.162393162393162482e-01 8.356985178177230716e-03 3.850818677986658778e-02 2.145411203814064430e-03 4.644515898535190798e-03 0.000000000000000000e+00 2.961950330371383028e-02 1.225952470765748854e-03 2.755135311379197996e-02 2.426375254676791868e-02 8.425767918088737651e-03 4.937400811144418769e-03 6.934812760055478675e-04 0.000000000000000000e+00 7.923346231803943610e-03 3.666361136571952457e-04 0.000000000000000000e+00 0.000000000000000000e+00 5.514705882352941534e-03 0.000000000000000000e+00 1.258494840171155388e-04 0.000000000000000000e+00 3.911342894393741738e-04 0.000000000000000000e+00 2.007226013649136972e-04 0.000000000000000000e+00 1.516683518705763461e-03 8.909479686386315503e-05 4.077383534310748819e-03 0.000000000000000000e+00 0.000000000000000000e+00 0.000000000000000000e+00 1.447701773434672450e-03 0.000000000000000000e+00 7.126041865495960116e-03 1.031672340864541425e-04 3.126395712371594568e-03 8.885729518393460733e-05 4.406062742333450872e-04 0.000000000000000000e+00 8.869179600886917952e-04 0.000000000000000000e+00 1.601097895699908451e-03 0.000000000000000000e+00 8.626830233478433030e-03 1.680389850445303387e-04 9.704728474086309412e-03 0.000000000000000000e+00 4.272678475577026264e-02 2.275045108653016551e-03 7.011971658929880280e-02 1.440443213296398791e-03 4.000000000000000222e-01 0.000000000000000000e+00 5.918740334598622532e-02 1.218191662154845690e-03 0.000000000000000000e+00 0.000000000000000000e+00 1.724633515377982200e-03 0.000000000000000000e+00 0.000000000000000000e+00 0.000000000000000000e+00 1.797791284992723186e-03 0.000000000000000000e+00 5.652911249293385678e-04 0.000000000000000000e+00 3.616920899512501841e-03 0.000000000000000000e+00 6.920415224913494586e-04 0.000000000000000000e+00 9.472687085569940274e-04 0.000000000000000000e+00 1.171875000000000000e-02 4.132231404958677801e-03 1.430615164520743915e-03 0.000000000000000000e+00 0.000000000000000000e+00 0.000000000000000000e+00 7.745933384972889706e-04 0.000000000000000000e+00 3.806623524933384277e-04 2.757859900717043794e-04 1.150747986191024167e-03 7.220216606498194552e-04 0.000000000000000000e+00 0.000000000000000000e+00 0.000000000000000000e+00 1.519756838905775070e-03 0.000000000000000000e+00 8.149959250203748585e-04 0.000000000000000000e+00 0.000000000000000000e+00 0.000000000000000000e+00 0.000000000000000000e+00
3.389830508474576173e-03 5.700267618198037733e-02 6.422836752899197324e-03 0.000000000000000000e+00 3.793266951161688039e-03 2.931469617549990400e-02 9.553499597747384595e-03 2.451655195018026812e-01 7.137490608564989007e-03 2.383687535898908541e-02 4.085480829666875841e-03 3.914163090128755518e-02 5.101275318829707160e-03 3.183991945633023180e-02 2.678354029705380928e-03 1.758671226184660430e-02 9.861932938856016271e-04 5.274645325572935479e-03 8.225108225108225535e-03 1.390327200616943981e-01 4.909180166912125581e-04 0.000000000000000000e+00 1.172161172161172160e-02 2.341532639545884642e-01 6.367495451788962937e-03 1.764004767580452937e-02 1.071811361200428712e-03 1.450957632037144524e-03 1.708817498291182466e-03 3.225198038476046608e-02 1.891098793609390441e-02 1.926282644934246974e-02 2.666382252559727165e-03 1.225533415623346854e-02 0.000000000000000000e+00 2.853881278538812627e-03 1.842638658559056584e-04 6.416131989000917017e-03 0.000000000000000000e+00 1.703577512776831369e-03 9.191176470588235167e-04 0.000000000000000000e+00 1.258494840171155388e-04 1.030502885408079164e-04 0.000000000000000000e+00 1.116637904781240566e-03 0.000000000000000000e+00 2.552322613578356407e-04 0.000000000000000000e+00 1.158232359230221015e-03 0.000000000000000000e+00 1.792114695340501791e-03 0.000000000000000000e+00 0.000000000000000000e+00 0.000000000000000000e+00 1.465845793022574003e-04 1.908761213972131980e-04 6.241617662230475837e-03 0.000000000000000000e+00 5.064865825484272076e-03 0.000000000000000000e+00 3.046613181679699595e-04 0.000000000000000000e+00 4.947637503092273525e-04 2.287282708142726552e-04 5.835667600373482594e-04 2.374356944994064221e-04 8.822046714837841752e-03 6.194507536650835887e-04 3.729202524383247366e-03 2.147074610842726779e-03 3.577312308778535926e-02 1.832396774981676080e-03 6.160664819944598053e-02 0.000000000000000000e+00 9.740259740259740728e-02 3.233516097286658411e-03 5.305901461829994753e-02 0.000000000000000000e+00 1.394700139470013900e-03 1.916259461531091303e-04 5.554321261941790391e-04 0.000000000000000000e+00 4.970178926441351378e-04 8.560910880917729847e-05 4.962779156327543420e-04 0.000000000000000000e+00 0.000000000000000000e+00 0.000000000000000000e+00 9.909711517286940580e-04 0.000000000000000000e+00 3.486750348675034749e-04 0.000000000000000000e+00 8.741258741258741251e-04 5.580357142857142547e-04 1.770956316410861884e-03 0.000000000000000000e+00 0.000000000000000000e+00 0.000000000000000000e+00 0.000000000000000000e+00 0.000000000000000000e+00 1.734605377276669498e-03 3.806623524933384277e-04 1.103143960286817517e-03 0.000000000000000000e+00 3.610108303249097276e-04 0.000000000000000000e+00 0.000000000000000000e+00 1.428571428571428492e-01 0.000000000000000000e+00 0.000000000000000000e+00 8.149959250203748585e-04 0.000000000000000000e+00 6.811989100817438447e-04 0.000000000000000000e+00 0.000000000000000000e+00
0.000000000000000000e+00 0.000000000000000000e+00 5.263157894736841813e-02 3.793266951161688039e-03 0.000000000000000000e+00 5.824111822947000781e-04 8.045052292839902953e-04 5.244182235332677617e-04 2.129977460555972923e-01 2.010338885697874819e-03 0.000000000000000000e+00 0.000000000000000000e+00 3.000750187546886820e-04 0.000000000000000000e+00 7.669831994156318944e-02 4.885197850512945639e-04 0.000000000000000000e+00 0.000000000000000000e+00 1.443001443001443000e-04 0.000000000000000000e+00 4.369170348551791594e-02 3.558718861209964231e-03 9.768009768009768001e-04 2.680542415641753388e-03 9.551243177683443886e-02 2.860548271752085762e-03 7.288317256162915592e-02 2.901915264074289048e-04 1.093643198906356882e-02 0.000000000000000000e+00 2.445386371046625196e-03 3.519170216706797756e-03 0.000000000000000000e+00 1.763357432551578171e-04 0.000000000000000000e+00 0.000000000000000000e+00 0.000000000000000000e+00 0.000000000000000000e+00 0.000000000000000000e+00 0.000000000000000000e+00 0.000000000000000000e+00 0.000000000000000000e+00 0.000000000000000000e+00 0.000000000000000000e+00 0.000000000000000000e+00 0.000000000000000000e+00 0.000000000000000000e+00 0.000000000000000000e+00 0.000000000000000000e+00 0.000000000000000000e+00 0.000000000000000000e+00 0.000000000000000000e+00 0.000000000000000000e+00 0.000000000000000000e+00 0.000000000000000000e+00 0.000000000000000000e+00 0.000000000000000000e+00 5.158361704322707124e-05 0.000000000000000000e+00 0.000000000000000000e+00 8.812125484666901473e-05 0.000000000000000000e+00 0.000000000000000000e+00 0.000000000000000000e+00 0.000000000000000000e+00 0.000000000000000000e+00 0.000000000000000000e+00 0.000000000000000000e+00 4.129671691100557439e-04 0.000000000000000000e+00 1.341921631776704302e-02 8.629481446614889429e-04 1.722452968482775584e-02 1.108033240997229871e-04 0.000000000000000000e+00 0.000000000000000000e+00 5.623506256150710139e-04 0.000000000000000000e+00 0.000000000000000000e+00 0.000000000000000000e+00 9.581297307655456516e-05 0.000000000000000000e+00 0.000000000000000000e+00 0.000000000000000000e+00 8.560910880917729847e-05 0.000000000000000000e+00 0.000000000000000000e+00 0.000000000000000000e+00 1.572574304135870437e-04 0.000000000000000000e+00 0.000000000000000000e+00 0.000000000000000000e+00 0.000000000000000000e+00 0.000000000000000000e+00 5.580357142857142547e-04 0.000000000000000000e+00 0.000000000000000000e+00 0.000000000000000000e+00 0.000000000000000000e+00 0.000000000000000000e+00 0.000000000000000000e+00 0.000000000000000000e+00 0.000000000000000000e+00 0.000000000000000000e+00 0.000000000000000000e+00 0.000000000000000000e+00 0.000000000000000000e+00 0.000000000000000000e+00 0.000000000000000000e+00 0.000000000000000000e+00 0.000000000000000000e+00 0.000000000000000000e+00 0.000000000000000000e+00 0.000000000000000000e+00 0.000000000000000000e+00 0.000000000000000000e+00
0.000000000000000000e+00 1.941370607649000170e-04 7.765482430596000680e-04 2.931469617549990400e-02 5.824111822947000781e-04 0.000000000000000000e+00 0.000000000000000000e+00 1.619141265158964213e-02 1.126972201352366594e-03 2.699597932222860264e-01 0.000000000000000000e+00 0.000000000000000000e+00 1.500375093773443410e-04 1.258494840171155388e-04 2.434867299732164554e-04 1.452532160885849077e-01 0.000000000000000000e+00 0.000000000000000000e+00 0.000000000000000000e+00 0.000000000000000000e+00 1.963672066764850233e-03 2.935943060498220555e-02 1.465201465201465200e-03 4.462314727215389160e-02 1.061249241964827214e-02 2.095351609058402897e-01 7.145409074669525039e-03 1.950087057457922102e-01 1.139211665527454950e-04 1.914371935118823129e-02 6.358004564721225944e-03 4.445267642155954421e-03 0.000000000000000000e+00 3.526714865103156341e-04 0.000000000000000000e+00 0.000000000000000000e+00 0.000000000000000000e+00 1.833180568285976229e-04 0.000000000000000000e+00 0.000000000000000000e+00 0.000000000000000000e+00 0.000000000000000000e+00 0.000000000000000000e+00 0.000000000000000000e+00 0.000000000000000000e+00 0.000000000000000000e+00 0.000000000000000000e+00 0.000000000000000000e+00 0.000000000000000000e+00 0.000000000000000000e+00 0.000000000000000000e+00 0.000000000000000000e+00 0.000000000000000000e+00 0.000000000000000000e+00 0.000000000000000000e+00 1.465845793022574003e-04 0.000000000000000000e+00 5.158361704322707124e-05 0.000000000000000000e+00 8.885729518393460733e-05 0.000000000000000000e+00 0.000000000000000000e+00 0.000000000000000000e+00 8.246062505153789208e-05 0.000000000000000000e+00 0.000000000000000000e+00 0.000000000000000000e+00 8.401949252226516935e-05 0.000000000000000000e+00 2.868617326448651486e-04 7.514761137949544159e-04 3.083078371381501454e-02 1.221597849987784035e-04 2.703601108033240955e-02 0.000000000000000000e+00 0.000000000000000000e+00 0.000000000000000000e+00 6.767731456415809147e-04 0.000000000000000000e+00 0.000000000000000000e+00 0.000000000000000000e+00 0.000000000000000000e+00 0.000000000000000000e+00 4.970178926441351378e-04 0.000000000000000000e+00 2.126905352711804323e-04 0.000000000000000000e+00 8.186655751125665069e-04 0.000000000000000000e+00 2.202158114952653583e-04 0.000000000000000000e+00 0.000000000000000000e+00 0.000000000000000000e+00 0.000000000000000000e+00 0.000000000000000000e+00 0.000000000000000000e+00 0.000000000000000000e+00 0.000000000000000000e+00 0.000000000000000000e+00 0.000000000000000000e+00 0.000000000000000000e+00 0.000000000000000000e+00 0.000000000000000000e+00 0.000000000000000000e+00 0.000000000000000000e+00 0.000000000000000000e+00 0.000000000000000000e+00 0.000000000000000000e+00 0.000000000000000000e+00 0.000000000000000000e+00 0.000000000000000000e+00 0.000000000000000000e+00 0.000000000000000000e+00 0.000000000000000000e+00 0.000000000000000000e+00 0.000000000000000000e+00
1.672365245374095033e-01 1.609010458567980591e-03 2.820796460176991372e-01 9.553499597747384595e-03 8.045052292839902953e-04 0.000000000000000000e+00 0.000000000000000000e+00 1.356932153392330365e-02 1.119459053343350857e-01 0.000000000000000000e+00 7.730986800754242882e-02 7.038626609442060270e-03 1.828957239309827454e-01 4.278882456581927993e-03 4.139274409544679498e-03 4.885197850512945639e-04 7.297830374753451303e-03 9.094216078574026427e-04 1.904761904761904934e-02 1.443208108405861015e-02 4.909180166912125581e-04 0.000000000000000000e+00 1.526251526251526207e-02 1.513718070009460737e-02 5.154639175257731860e-03 4.767580452920143117e-04 1.786352268667381260e-03 0.000000000000000000e+00 3.041695146958304716e-02 1.697472651829498363e-03 1.760678187153570315e-02 1.981848490461196599e-02 1.493174061433447195e-03 1.005113736554399603e-02 6.934812760055478675e-04 0.000000000000000000e+00 2.395430256126773478e-03 0.000000000000000000e+00 0.000000000000000000e+00 0.000000000000000000e+00 9.191176470588235167e-04 0.000000000000000000e+00 0.000000000000000000e+00 0.000000000000000000e+00 2.607561929595827825e-04 1.015125367982945895e-04 0.000000000000000000e+00 0.000000000000000000e+00 6.740815638692282050e-04 8.909479686386315503e-05 4.337642057777392306e-03 8.145975887911371775e-05 5.058168942842691113e-04 0.000000000000000000e+00 5.428881650380021958e-04 0.000000000000000000e+00 8.271298593879239033e-03 1.547508511296812137e-04 8.039303260384100380e-04 0.000000000000000000e+00 2.731758900246739497e-03 0.000000000000000000e+00 5.173688100517368806e-03 0.000000000000000000e+00 7.319304666056724966e-03 0.000000000000000000e+00 9.497427779976256885e-04 5.041169551335910161e-04 2.064835845550278774e-03 2.868617326448651486e-04 9.135802469135802240e-02 5.962187181297560166e-03 4.116784754458831935e-02 2.548476454293628797e-03 0.000000000000000000e+00 1.298701298701298787e-02 2.150991142977646403e-02 2.436383324309691380e-03 1.109877913429522774e-03 0.000000000000000000e+00 4.694835680751173815e-03 0.000000000000000000e+00 0.000000000000000000e+00 0.000000000000000000e+00 1.241332077733070874e-02 7.089684509039347743e-05 5.652911249293385678e-04 0.000000000000000000e+00 1.556848561094511738e-02 0.000000000000000000e+00 0.000000000000000000e+00 0.000000000000000000e+00 0.000000000000000000e+00 2.913752913752913750e-04 2.232142857142857019e-03 5.903187721369539251e-04 0.000000000000000000e+00 0.000000000000000000e+00 0.000000000000000000e+00 0.000000000000000000e+00 0.000000000000000000e+00 0.000000000000000000e+00 3.806623524933384277e-04 0.000000000000000000e+00 5.753739930955120837e-04 0.000000000000000000e+00 0.000000000000000000e+00 0.000000000000000000e+00 0.000000000000000000e+00 0.000000000000000000e+00 0.000000000000000000e+00 0.000000000000000000e+00 0.000000000000000000e+00 0.000000000000000000e+00 0.000000000000000000e+00 0.000000000000000000e+00
3.277613897082923538e-03 1.429695181907571222e-01 6.620780072107505451e-03 2.451655195018026812e-01 5.244182235332677617e-04 1.619141265158964213e-02 1.356932153392330365e-02 0.000000000000000000e+00 7.513148009015777583e-03 1.668581275129236152e-01 5.342551854179760848e-03 1.035193133047210279e-01 8.852213053263315035e-03 3.479738233073244591e-01 2.191380569758948071e-03 2.393746946751343363e-02 2.169625246548323536e-03 4.547108039287013105e-03 1.096681096681096680e-02 2.963534207337225820e-02 0.000000000000000000e+00 0.000000000000000000e+00 2.112332112332112460e-02 2.049826553137811327e-02 3.941782898726500783e-03 1.430274135876042881e-03 2.143622722400857425e-03 2.901915264074289048e-04 3.189792663476874023e-03 3.027159562429272005e-02 2.282360612976850472e-02 1.148360807556954993e-02 4.479522184300341152e-03 4.232057838123787392e-03 0.000000000000000000e+00 0.000000000000000000e+00 3.685277317118113168e-04 1.833180568285976229e-03 0.000000000000000000e+00 1.277683134582623418e-03 9.191176470588235167e-04 0.000000000000000000e+00 0.000000000000000000e+00 0.000000000000000000e+00 0.000000000000000000e+00 5.075626839914729746e-04 0.000000000000000000e+00 0.000000000000000000e+00 0.000000000000000000e+00 1.692801140413399946e-03 0.000000000000000000e+00 5.946562398175301613e-03 0.000000000000000000e+00 1.133603238866396669e-03 0.000000000000000000e+00 1.905599530929346285e-03 3.817522427944263961e-04 9.749303621169916681e-03 1.786511835640911135e-04 1.777145903678691930e-03 0.000000000000000000e+00 2.031075454453132919e-03 0.000000000000000000e+00 1.566751875979219841e-03 0.000000000000000000e+00 4.201680672268907381e-03 6.331618519984170534e-04 4.957150058813644504e-03 6.194507536650835887e-04 8.605851979345955543e-04 8.588298443370907115e-03 1.204989409272770040e-01 4.886391399951135923e-03 3.955678670360111143e-02 0.000000000000000000e+00 1.038961038961039030e-01 6.467032194573316822e-03 4.561451001624255291e-02 0.000000000000000000e+00 0.000000000000000000e+00 2.874389192296636819e-04 2.999333481448567072e-03 0.000000000000000000e+00 2.982107355864811044e-03 0.000000000000000000e+00 6.309819213045019491e-03 0.000000000000000000e+00 1.227998362668849706e-03 0.000000000000000000e+00 1.365338031270645243e-02 0.000000000000000000e+00 0.000000000000000000e+00 3.157562361856646577e-04 0.000000000000000000e+00 0.000000000000000000e+00 1.180637544273907850e-03 0.000000000000000000e+00 0.000000000000000000e+00 0.000000000000000000e+00 0.000000000000000000e+00 0.000000000000000000e+00 0.000000000000000000e+00 0.000000000000000000e+00 2.757859900717043794e-04 0.000000000000000000e+00 3.610108303249097276e-04 0.000000000000000000e+00 0.000000000000000000e+00 0.000000000000000000e+00 1.519756838905775070e-03 6.257822277847309303e-04 0.000000000000000000e+00 0.000000000000000000e+00 0.000000000000000000e+00 0.000000000000000000e+00 0.000000000000000000e+00
9.015777610818932752e-03 0.000000000000000000e+00 5.522163786626596571e-02 7.137490608564989007e-03 2.129977460555972923e-01 1.126972201352366594e-03 1.119459053343350857e-01 7.513148009015777583e-03 0.000000000000000000e+00 1.435956346927053442e-03 2.828409805153991267e-03 0.000000000000000000e+00 6.256564141035259041e-02 6.292474200855776396e-04 1.546140735329924465e-01 8.141996417521576426e-04 7.889546351084812366e-04 0.000000000000000000e+00 2.886002886002886000e-04 1.101685578935771671e-04 2.454590083456062791e-03 0.000000000000000000e+00 1.709401709401709400e-03 2.995900346893724375e-03 3.032140691328077692e-03 9.535160905840286234e-04 1.893533404787424088e-02 0.000000000000000000e+00 6.379585326953748046e-03 1.886080724254998091e-04 2.934463645255950236e-03 5.000926097425448941e-03 0.000000000000000000e+00 1.763357432551578171e-04 0.000000000000000000e+00 0.000000000000000000e+00 0.000000000000000000e+00 0.000000000000000000e+00 0.000000000000000000e+00 0.000000000000000000e+00 0.000000000000000000e+00 0.000000000000000000e+00 0.000000000000000000e+00 0.000000000000000000e+00 0.000000000000000000e+00 0.000000000000000000e+00 0.000000000000000000e+00 0.000000000000000000e+00 0.000000000000000000e+00 0.000000000000000000e+00 1.735056823110956846e-04 0.000000000000000000e+00 0.000000000000000000e+00 0.000000000000000000e+00 0.000000000000000000e+00 0.000000000000000000e+00 5.090029903925685642e-04 0.000000000000000000e+00 0.000000000000000000e+00 0.000000000000000000e+00 5.287275290800140613e-04 0.000000000000000000e+00 4.434589800443458976e-04 0.000000000000000000e+00 1.143641354071363303e-03 0.000000000000000000e+00 7.914523149980213167e-05 0.000000000000000000e+00 0.000000000000000000e+00 0.000000000000000000e+00 1.384863123993558716e-02 4.706989879971757969e-04 1.172733935988272587e-02 2.216066481994459741e-04 0.000000000000000000e+00 0.000000000000000000e+00 2.530577815267819400e-03 0.000000000000000000e+00 0.000000000000000000e+00 0.000000000000000000e+00 5.748778384593273639e-04 0.000000000000000000e+00 0.000000000000000000e+00 0.000000000000000000e+00 3.424364352367091939e-04 0.000000000000000000e+00 0.000000000000000000e+00 0.000000000000000000e+00 4.717722912407611310e-04 0.000000000000000000e+00 0.000000000000000000e+00 0.000000000000000000e+00 0.000000000000000000e+00 0.000000000000000000e+00 1.116071428571428509e-03 0.000000000000000000e+00 0.000000000000000000e+00 0.000000000000000000e+00 0.000000000000000000e+00 0.000000000000000000e+00 0.000000000000000000e+00 0.000000000000000000e+00 0.000000000000000000e+00 0.000000000000000000e+00 0.000000000000000000e+00 0.000000000000000000e+00 0.000000000000000000e+00 0.000000000000000000e+00 0.000000000000000000e+00 0.000000000000000000e+00 0.000000000000000000e+00 0.000000000000000000e+00 0.000000000000000000e+00 0.000000000000000000e+00 0.000000000000000000e+00 0.000000000000000000e+00
0.000000000000000000e+00 2.871912693854106885e-04 1.723147616312464131e-03 2.383687535898908541e-02 2.010338885697874819e-03 2.699597932222860264e-01 0.000000000000000000e+00 1.668581275129236152e-01 1.435956346927053442e-03 0.000000000000000000e+00 0.000000000000000000e+00 1.716738197424892828e-04 3.000750187546886820e-04 4.908129876667505741e-03 0.000000000000000000e+00 2.129946262823644298e-01 0.000000000000000000e+00 0.000000000000000000e+00 0.000000000000000000e+00 1.101685578935771671e-04 4.909180166912125581e-04 3.558718861209964231e-03 1.587301587301587300e-03 3.311258278145695361e-03 5.154639175257731860e-03 2.860548271752085762e-03 1.786352268667381260e-03 1.189785258270458466e-02 0.000000000000000000e+00 5.752546208977743838e-03 5.216824258232800708e-03 3.333950731616966250e-03 0.000000000000000000e+00 3.526714865103156341e-04 0.000000000000000000e+00 0.000000000000000000e+00 0.000000000000000000e+00 0.000000000000000000e+00 0.000000000000000000e+00 0.000000000000000000e+00 0.000000000000000000e+00 0.000000000000000000e+00 0.000000000000000000e+00 0.000000000000000000e+00 0.000000000000000000e+00 1.015125367982945895e-04 0.000000000000000000e+00 0.000000000000000000e+00 0.000000000000000000e+00 0.000000000000000000e+00 0.000000000000000000e+00 0.000000000000000000e+00 0.000000000000000000e+00 0.000000000000000000e+00 0.000000000000000000e+00 0.000000000000000000e+00 0.000000000000000000e+00 1.031672340864541425e-04 0.000000000000000000e+00 8.885729518393460733e-05 0.000000000000000000e+00 0.000000000000000000e+00 0.000000000000000000e+00 0.000000000000000000e+00 0.000000000000000000e+00 0.000000000000000000e+00 0.000000000000000000e+00 0.000000000000000000e+00 0.000000000000000000e+00 0.000000000000000000e+00 5.367686527106816947e-04 7.844983133286263788e-03 1.221597849987784035e-04 1.650969529085872731e-02 0.000000000000000000e+00 0.000000000000000000e+00 0.000000000000000000e+00 1.218191662154845690e-03 0.000000000000000000e+00 0.000000000000000000e+00 0.000000000000000000e+00 0.000000000000000000e+00 0.000000000000000000e+00 1.491053677932405522e-03 0.000000000000000000e+00 7.089684509039347743e-05 0.000000000000000000e+00 0.000000000000000000e+00 0.000000000000000000e+00 3.303237172428980374e-04 0.000000000000000000e+00 0.000000000000000000e+00 0.000000000000000000e+00 0.000000000000000000e+00 0.000000000000000000e+00 0.000000000000000000e+00 0.000000000000000000e+00 0.000000000000000000e+00 0.000000000000000000e+00 0.000000000000000000e+00 0.000000000000000000e+00 0.000000000000000000e+00 0.000000000000000000e+00 0.000000000000000000e+00 0.000000000000000000e+00 0.000000000000000000e+00 0.000000000000000000e+00 0.000000000000000000e+00 0.000000000000000000e+00 0.000000000000000000e+00 0.000000000000000000e+00 0.000000000000000000e+00 0.000000000000000000e+00 0.000000000000000000e+00 0.000000000000000000e+00 0.000000000000000000e+00
2.300439974858579373e-01 0.000000000000000000e+00 2.765556253928347016e-02 4.085480829666875841e-03 0.000000000000000000e+00 0.000000000000000000e+00 7.730986800754242882e-02 5.342551854179760848e-03 2.828409805153991267e-03 0.000000000000000000e+00 0.000000000000000000e+00 1.716738197424892828e-04 1.287321830457614502e-01 7.550969041026932326e-04 5.600194789383978501e-03 0.000000000000000000e+00 1.834319526627218797e-02 0.000000000000000000e+00 8.080808080808080801e-03 9.915170210421945986e-04 0.000000000000000000e+00 0.000000000000000000e+00 9.768009768009768001e-03 1.261431725007883947e-03 3.032140691328077692e-04 0.000000000000000000e+00 0.000000000000000000e+00 0.000000000000000000e+00 5.342902711323763848e-02 1.886080724254998091e-04 8.477339419628301259e-03 1.111316910538988605e-03 1.386518771331058048e-03 7.053429730206312682e-04 0.000000000000000000e+00 0.000000000000000000e+00 1.842638658559056584e-04 0.000000000000000000e+00 0.000000000000000000e+00 0.000000000000000000e+00 9.191176470588235167e-04 0.000000000000000000e+00 0.000000000000000000e+00 0.000000000000000000e+00 0.000000000000000000e+00 0.000000000000000000e+00 0.000000000000000000e+00 0.000000000000000000e+00 0.000000000000000000e+00 0.000000000000000000e+00 2.602585234666435405e-04 0.000000000000000000e+00 0.000000000000000000e+00 0.000000000000000000e+00 1.809627216793340562e-04 0.000000000000000000e+00 1.336132849780492359e-03 0.000000000000000000e+00 5.359535506922732864e-04 0.000000000000000000e+00 3.348607684173422749e-03 0.000000000000000000e+00 3.252032520325203249e-03 0.000000000000000000e+00 5.260750228728270500e-03 0.000000000000000000e+00 7.914523149980213167e-05 0.000000000000000000e+00 4.129671691100557439e-04 0.000000000000000000e+00 1.760601180891036011e-02 4.706989879971757969e-04 2.931834839970681467e-03 1.108033240997229871e-04 0.000000000000000000e+00 0.000000000000000000e+00 1.968227189652748278e-03 4.060638873849485814e-04 0.000000000000000000e+00 0.000000000000000000e+00 1.628820542301427513e-03 0.000000000000000000e+00 0.000000000000000000e+00 0.000000000000000000e+00 3.081927917130382853e-03 0.000000000000000000e+00 0.000000000000000000e+00 0.000000000000000000e+00 1.258059443308696349e-03 0.000000000000000000e+00 0.000000000000000000e+00 0.000000000000000000e+00 0.000000000000000000e+00 0.000000000000000000e+00 0.000000000000000000e+00 0.000000000000000000e+00 0.000000000000000000e+00 0.000000000000000000e+00 0.000000000000000000e+00 0.000000000000000000e+00 0.000000000000000000e+00 0.000000000000000000e+00 0.000000000000000000e+00 0.000000000000000000e+00 0.000000000000000000e+00 0.000000000000000000e+00 0.000000000000000000e+00 0.000000000000000000e+00 0.000000000000000000e+00 0.000000000000000000e+00 0.000000000000000000e+00 0.000000000000000000e+00 0.000000000000000000e+00 0.000000000000000000e+00 0.000000000000000000e+00 0.000000000000000000e+00
1.545064377682403437e-03 2.094420600858369064e-01 1.545064377682403437e-03 3.914163090128755518e-02 0.000000000000000000e+00 0.000000000000000000e+00 7.038626609442060270e-03 1.035193133047210279e-01 0.000000000000000000e+00 1.716738197424892828e-04 1.716738197424892828e-04 0.000000000000000000e+00 3.000750187546886820e-04 1.325195066700226576e-01 0.000000000000000000e+00 2.768278781957336006e-03 3.944773175542406183e-04 3.237540923972353352e-02 3.030303030303030300e-03 2.886416216811722030e-02 0.000000000000000000e+00 0.000000000000000000e+00 9.768009768009768001e-04 6.937874487543361710e-03 0.000000000000000000e+00 0.000000000000000000e+00 0.000000000000000000e+00 0.000000000000000000e+00 1.139211665527454950e-04 4.649188985288570108e-02 3.260515161395500551e-03 1.481755880718651618e-03 9.598976109215016754e-04 3.262211250220419575e-03 0.000000000000000000e+00 0.000000000000000000e+00 0.000000000000000000e+00 1.283226397800183360e-03 0.000000000000000000e+00 0.000000000000000000e+00 0.000000000000000000e+00 0.000000000000000000e+00 0.000000000000000000e+00 0.000000000000000000e+00 0.000000000000000000e+00 1.015125367982945895e-04 0.000000000000000000e+00 0.000000000000000000e+00 0.000000000000000000e+00 3.563791874554526201e-04 0.000000000000000000e+00 8.145975887911371775e-04 0.000000000000000000e+00 3.238866396761133572e-04 0.000000000000000000e+00 1.465845793022574003e-04 0.000000000000000000e+00 6.963788300835654400e-03 1.786511835640911135e-04 6.220010662875422513e-04 0.000000000000000000e+00 6.397887681527368933e-03 0.000000000000000000e+00 1.129710563206069024e-02 0.000000000000000000e+00 2.450980392156862711e-03 0.000000000000000000e+00 1.848428835489833617e-03 2.064835845550278719e-04 1.434308663224325960e-03 1.610305958132045084e-03 3.271357966580371729e-02 2.443195699975568070e-04 5.983379501385041599e-03 0.000000000000000000e+00 0.000000000000000000e+00 9.841135948263741388e-04 1.150514347590687533e-02 0.000000000000000000e+00 4.184100418410041482e-03 0.000000000000000000e+00 1.755165518773605868e-02 0.000000000000000000e+00 9.940357852882704057e-03 0.000000000000000000e+00 1.311591634172279419e-02 0.000000000000000000e+00 0.000000000000000000e+00 0.000000000000000000e+00 2.136093371504074051e-02 0.000000000000000000e+00 0.000000000000000000e+00 0.000000000000000000e+00 0.000000000000000000e+00 0.000000000000000000e+00 0.000000000000000000e+00 0.000000000000000000e+00 0.000000000000000000e+00 0.000000000000000000e+00 0.000000000000000000e+00 0.000000000000000000e+00 0.000000000000000000e+00 0.000000000000000000e+00 0.000000000000000000e+00 0.000000000000000000e+00 0.000000000000000000e+00 0.000000000000000000e+00 0.000000000000000000e+00 0.000000000000000000e+00 0.000000000000000000e+00 0.000000000000000000e+00 0.000000000000000000e+00 0.000000000000000000e+00 0.000000000000000000e+00 0.000000000000000000e+00 0.000000000000000000e+00
6.736684171042760239e-02 0.000000000000000000e+00 2.895723930982745803e-02 5.101275318829707160e-03 3.000750187546886820e-04 1.500375093773443410e-04 1.828957239309827454e-01 8.852213053263315035e-03 6.256564141035259041e-02 3.000750187546886820e-04 1.287321830457614502e-01 3.000750187546886820e-04 0.000000000000000000e+00 2.013591744273848620e-03 2.023374726077428742e-01 1.628399283504315394e-04 4.733727810650887637e-03 0.000000000000000000e+00 2.164502164502164500e-03 3.305056736807315148e-04 9.818360333824251163e-04 0.000000000000000000e+00 1.929181929181929267e-02 5.045726900031535789e-03 6.064281382656155385e-04 0.000000000000000000e+00 7.145409074669524388e-04 0.000000000000000000e+00 1.395534290271132349e-01 9.430403621274990455e-05 1.190088033909357697e-02 1.037229116503056089e-02 1.173208191126279970e-03 4.408393581378945562e-04 0.000000000000000000e+00 0.000000000000000000e+00 0.000000000000000000e+00 0.000000000000000000e+00 5.910165484633569596e-04 0.000000000000000000e+00 1.838235294117647033e-03 0.000000000000000000e+00 0.000000000000000000e+00 0.000000000000000000e+00 0.000000000000000000e+00 0.000000000000000000e+00 0.000000000000000000e+00 0.000000000000000000e+00 1.685203909673070512e-04 0.000000000000000000e+00 4.337642057777391980e-04 0.000000000000000000e+00 0.000000000000000000e+00 0.000000000000000000e+00 0.000000000000000000e+00 0.000000000000000000e+00 6.108035884710822337e-03 0.000000000000000000e+00 1.071907101384546573e-03 0.000000000000000000e+00 4.317941487486781464e-03 0.000000000000000000e+00 6.060606060606060601e-03 0.000000000000000000e+00 1.143641354071363303e-02 0.000000000000000000e+00 1.582904629996042633e-04 0.000000000000000000e+00 2.271319430105306781e-03 0.000000000000000000e+00 3.413848631239935899e-02 1.647446457990115343e-03 1.526997312484730009e-02 4.432132963988919482e-04 0.000000000000000000e+00 0.000000000000000000e+00 9.981723604667510144e-03 1.353546291283161938e-04 0.000000000000000000e+00 0.000000000000000000e+00 4.215770815368401030e-03 0.000000000000000000e+00 0.000000000000000000e+00 0.000000000000000000e+00 7.876038010444310483e-03 0.000000000000000000e+00 0.000000000000000000e+00 0.000000000000000000e+00 3.459663469098915069e-03 0.000000000000000000e+00 0.000000000000000000e+00 0.000000000000000000e+00 0.000000000000000000e+00 0.000000000000000000e+00 1.674107142857142764e-03 0.000000000000000000e+00 0.000000000000000000e+00 0.000000000000000000e+00 0.000000000000000000e+00 0.000000000000000000e+00 0.000000000000000000e+00 0.000000000000000000e+00 0.000000000000000000e+00 0.000000000000000000e+00 0.000000000000000000e+00 0.000000000000000000e+00 0.000000000000000000e+00 0.000000000000000000e+00 0.000000000000000000e+00 0.000000000000000000e+00 0.000000000000000000e+00 8.149959250203748585e-04 0.000000000000000000e+00 0.000000000000000000e+00 0.000000000000000000e+00 0.000000000000000000e+00
