2.942254192190393303e-01 4.811987682365193586e-01 4.000050700795784175e-01 4.754025355339749903e-01 3.472314938613479951e-01 0.000000000000000000e+00 3.296627503652236890e-01 4.424826876310212209e-01 3.373250132925352252e-01 0.000000000000000000e+00 3.314632783834655649e-01 4.548550752360203675e-01 3.686568114448728894e-01 0.000000000000000000e+00 3.658242082193128297e-01 0.000000000000000000e+00 3.153460492477382915e-01 4.578926375334134158e-01 4.091868419505605980e-01 4.905048213838543725e-01 0.000000000000000000e+00 0.000000000000000000e+00 3.715373790057162617e-01 4.647159999999999624e-01 0.000000000000000000e+00 0.000000000000000000e+00 0.000000000000000000e+00 0.000000000000000000e+00 3.917032662368359341e-01 4.372679577464788636e-01 4.374162936846596184e-01 0.000000000000000000e+00 4.214268156354512018e-01 4.802167223480627301e-01 4.278705280788177023e-01 0.000000000000000000e+00 4.902988520044682663e-01 5.385173560416667282e-01 0.000000000000000000e+00 0.000000000000000000e+00 0.000000000000000000e+00 0.000000000000000000e+00 3.868554183673469926e-01 0.000000000000000000e+00 4.133297189873822997e-01 0.000000000000000000e+00 0.000000000000000000e+00 0.000000000000000000e+00 4.179104644291984916e-01 4.904027510829912506e-01 4.106932006092614551e-01 4.966552655132995819e-01 4.094444775633809819e-01 0.000000000000000000e+00 4.209534088228717441e-01 0.000000000000000000e+00 3.204883455571043149e-01 4.789703612702424507e-01 4.003946498337239146e-01 4.820167400777164990e-01 3.841658187588721796e-01 0.000000000000000000e+00 3.639099482653935791e-01 4.641674145872544122e-01 4.052622167325297120e-01 4.838608399661681325e-01 4.146685812531519799e-01 4.830711118911117929e-01 3.673093038621949025e-01 4.985370333894251771e-01 3.571607131278474734e-01 4.840864399943147767e-01 3.966765457888462021e-01 4.632402409481116701e-01 4.301943656048948239e-01 0.000000000000000000e+00 4.085792456303478648e-01 4.666514902109655805e-01 4.552727127659574879e-01 0.000000000000000000e+00 3.895278217781775187e-01 4.785330434782608666e-01 0.000000000000000000e+00 0.000000000000000000e+00 4.299769293826976591e-01 4.418631428571428987e-01 0.000000000000000000e+00 0.000000000000000000e+00 4.236245580032178548e-01 0.000000000000000000e+00 4.371934020900096196e-01 0.000000000000000000e+00 0.000000000000000000e+00 0.000000000000000000e+00 4.912715948773449526e-01 0.000000000000000000e+00 4.428776879999999916e-01 0.000000000000000000e+00 4.336424830931350782e-01 4.180298823763092808e-01 0.000000000000000000e+00 0.000000000000000000e+00 4.583462824904475097e-01 4.444374728682171094e-01 4.758051368879419596e-01 0.000000000000000000e+00 4.414836969436813918e-01 0.000000000000000000e+00 0.000000000000000000e+00 0.000000000000000000e+00 4.465204131079300587e-01 0.000000000000000000e+00 0.000000000000000000e+00 0.000000000000000000e+00 0.000000000000000000e+00 0.000000000000000000e+00
4.811987682365193586e-01 2.839564529956961070e-01 4.881401193571546782e-01 3.460715887815565273e-01 0.000000000000000000e+00 0.000000000000000000e+00 4.531293421938083488e-01 3.048822682286765340e-01 0.000000000000000000e+00 3.009603901587301067e-01 0.000000000000000000e+00 3.193506169466481803e-01 4.395990930232558380e-01 3.578141308805862231e-01 0.000000000000000000e+00 4.059894088434924941e-01 4.692152964284042049e-01 3.320713856887006488e-01 4.951289025584631465e-01 3.976201852584905772e-01 0.000000000000000000e+00 0.000000000000000000e+00 4.782530296717171225e-01 4.793940601503760002e-01 0.000000000000000000e+00 0.000000000000000000e+00 0.000000000000000000e+00 0.000000000000000000e+00 4.916434720588235829e-01 4.174476705957835820e-01 4.010973403816525673e-01 0.000000000000000000e+00 4.780339255246529584e-01 4.747091845701215673e-01 0.000000000000000000e+00 0.000000000000000000e+00 4.760100785441908622e-01 5.087596315936638858e-01 0.000000000000000000e+00 5.128390258724755402e-01 0.000000000000000000e+00 4.778038415077271450e-01 0.000000000000000000e+00 0.000000000000000000e+00 0.000000000000000000e+00 3.961346790567525922e-01 0.000000000000000000e+00 4.055999499999999314e-01 5.002947155455021999e-01 3.966796155456112083e-01 0.000000000000000000e+00 3.889762211547278525e-01 0.000000000000000000e+00 4.221599120512820047e-01 0.000000000000000000e+00 3.983135369355569333e-01 4.780451060364373506e-01 3.062579534941040071e-01 5.092871864776794544e-01 4.149161715874554734e-01 4.636410932278507424e-01 3.785889752702138455e-01 0.000000000000000000e+00 3.894458176969289864e-01 4.133286639344262436e-01 3.809871303516574881e-01 5.173186865562675596e-01 4.323104370614125336e-01 5.138522218549257392e-01 3.242512775191030427e-01 4.757761739130434431e-01 4.093366156282320922e-01 4.692068016528925800e-01 4.040416437251780346e-01 0.000000000000000000e+00 4.524390655103359693e-01 4.507556891759920692e-01 4.037399764067620134e-01 0.000000000000000000e+00 0.000000000000000000e+00 0.000000000000000000e+00 3.927811037414966067e-01 0.000000000000000000e+00 0.000000000000000000e+00 4.676360457481449906e-01 4.082373190340300440e-01 0.000000000000000000e+00 0.000000000000000000e+00 0.000000000000000000e+00 4.373730294998126600e-01 4.345464530358014166e-01 4.596072328173769761e-01 0.000000000000000000e+00 4.297021306069678803e-01 4.299235408734602415e-01 4.938262107112230126e-01 0.000000000000000000e+00 4.544647403707404165e-01 0.000000000000000000e+00 4.723507577052243889e-01 0.000000000000000000e+00 4.308511718750000496e-01 4.344353120044416317e-01 4.718716901196355340e-01 4.797207225156729926e-01 4.619366989212054242e-01 0.000000000000000000e+00 0.000000000000000000e+00 0.000000000000000000e+00 0.000000000000000000e+00 4.432106570945946178e-01 0.000000000000000000e+00 0.000000000000000000e+00 0.000000000000000000e+00 4.429708103481625470e-01 0.000000000000000000e+00
4.000050700795784175e-01 4.881401193571546782e-01 2.567090435234458679e-01 4.311484003660323028e-01 1.863739331930956422e-01 4.087960715234947862e-01 3.055443826803370677e-01 4.291532869028874542e-01 2.872207171590548946e-01 3.970314895409454148e-01 3.878083215381293303e-01 4.473197184371197066e-01 3.220022653891052022e-01 4.217032622984872026e-01 3.112641364622975026e-01 4.166389775418419261e-01 3.828605397447789604e-01 4.677221433960936370e-01 3.431774915227733813e-01 4.959970029365070587e-01 0.000000000000000000e+00 0.000000000000000000e+00 2.660855414431823607e-01 4.135359442797315044e-01 2.085857828878307230e-01 4.168848297849692131e-01 2.763001544080233018e-01 3.714902307692307670e-01 3.644534353053519027e-01 4.700932315866980238e-01 3.621935571262797082e-01 4.209988042185360824e-01 4.012628252730619516e-01 4.663751391570423732e-01 4.162323798534799391e-01 0.000000000000000000e+00 4.380655151280019588e-01 4.894735425531914208e-01 3.917243388429751949e-01 0.000000000000000000e+00 3.580060487804878067e-01 0.000000000000000000e+00 0.000000000000000000e+00 0.000000000000000000e+00 0.000000000000000000e+00 0.000000000000000000e+00 4.776913679245283206e-01 0.000000000000000000e+00 4.212574139628119663e-01 5.109383378378378193e-01 4.126427720568074387e-01 4.909181444852287468e-01 0.000000000000000000e+00 0.000000000000000000e+00 3.796336635514019342e-01 0.000000000000000000e+00 4.016425277751558554e-01 4.821795874536216608e-01 4.517042300207332883e-01 5.163930131606783158e-01 3.901741875214812527e-01 3.910914431137724190e-01 3.900147251188152975e-01 0.000000000000000000e+00 3.970040223031083837e-01 0.000000000000000000e+00 4.549350107572908697e-01 5.361335141358106737e-01 3.999130674752723880e-01 4.721069609929078315e-01 3.374081595427123603e-01 4.536315946695658186e-01 3.470271745273252884e-01 4.350655021168658987e-01 3.050915628978925764e-01 4.429353783783784304e-01 3.950551446037895431e-01 4.255962285781948462e-01 3.796876066934295468e-01 0.000000000000000000e+00 3.841411779304124141e-01 4.548293271028037710e-01 0.000000000000000000e+00 0.000000000000000000e+00 3.955105633823562394e-01 0.000000000000000000e+00 0.000000000000000000e+00 0.000000000000000000e+00 3.912755494434505543e-01 0.000000000000000000e+00 4.290253077599349707e-01 4.011970519045705008e-01 4.176220597014925762e-01 4.468359455782312528e-01 4.330641793339590206e-01 0.000000000000000000e+00 4.391947608695652705e-01 0.000000000000000000e+00 4.259846356483329988e-01 0.000000000000000000e+00 0.000000000000000000e+00 0.000000000000000000e+00 4.291962759584292408e-01 4.350218751399434480e-01 4.439883038550917482e-01 0.000000000000000000e+00 4.237351239669421843e-01 0.000000000000000000e+00 0.000000000000000000e+00 0.000000000000000000e+00 4.591468099173554029e-01 0.000000000000000000e+00 0.000000000000000000e+00 4.119994159292034719e-01 0.000000000000000000e+00 0.000000000000000000e+00
4.754025355339749903e-01 3.460715887815565273e-01 4.311484003660323028e-01 2.427058122262185091e-01 4.180020965986253056e-01 1.613004023176910495e-01 4.362572124450189159e-01 3.224453466904186882e-01 4.252143148467433242e-01 2.853610625378151799e-01 4.525738103858998329e-01 3.810464422638964455e-01 4.316015194980449832e-01 3.352710012901529701e-01 4.100236786787062604e-01 3.113434703946060811e-01 4.593552698412698421e-01 3.992957228936318548e-01 4.852108762565962019e-01 2.861250862000786488e-01 0.000000000000000000e+00 0.000000000000000000e+00 4.239745901465675204e-01 2.337196319899495778e-01 3.863654934818916975e-01 2.150984126790680961e-01 4.171741000000001032e-01 3.056650101663624941e-01 4.505540367971740401e-01 3.666552972014835432e-01 3.876648531502359107e-01 3.171628229556564538e-01 4.692090508410188820e-01 3.670351727024145916e-01 4.217846693548387149e-01 4.331230827667123529e-01 0.000000000000000000e+00 4.372752063799431044e-01 0.000000000000000000e+00 0.000000000000000000e+00 0.000000000000000000e+00 0.000000000000000000e+00 0.000000000000000000e+00 4.543763972027972109e-01 0.000000000000000000e+00 3.993553277286135961e-01 0.000000000000000000e+00 0.000000000000000000e+00 0.000000000000000000e+00 4.296354110235864332e-01 0.000000000000000000e+00 4.088986209895250079e-01 0.000000000000000000e+00 0.000000000000000000e+00 0.000000000000000000e+00 4.230215781063321190e-01 5.123669587628865152e-01 4.310322940108540779e-01 0.000000000000000000e+00 4.499402006558529399e-01 0.000000000000000000e+00 3.970893523529411828e-01 0.000000000000000000e+00 0.000000000000000000e+00 0.000000000000000000e+00 3.893187209834412799e-01 4.576227173025732009e-01 4.429753694923106999e-01 0.000000000000000000e+00 4.462951299461254129e-01 4.179812164948453757e-01 3.515824520948452325e-01 4.359799239772124135e-01 3.688411694861807311e-01 0.000000000000000000e+00 3.565775886403992345e-01 4.334014742419606825e-01 4.061027583817754527e-01 0.000000000000000000e+00 0.000000000000000000e+00 0.000000000000000000e+00 3.874142166725982883e-01 0.000000000000000000e+00 0.000000000000000000e+00 4.458260070921985507e-01 4.095597773734886426e-01 0.000000000000000000e+00 0.000000000000000000e+00 4.616145524475524509e-01 4.223693470263487626e-01 4.227237847310169605e-01 4.502953478260869891e-01 4.030524071428571165e-01 0.000000000000000000e+00 4.501903900000000514e-01 4.480559653509700868e-01 4.658119292035398096e-01 0.000000000000000000e+00 4.372658984374999669e-01 0.000000000000000000e+00 0.000000000000000000e+00 0.000000000000000000e+00 4.256691485193110358e-01 4.336434790050913701e-01 4.538941106481481635e-01 0.000000000000000000e+00 0.000000000000000000e+00 0.000000000000000000e+00 0.000000000000000000e+00 0.000000000000000000e+00 3.964542761194029818e-01 0.000000000000000000e+00 0.000000000000000000e+00 4.523122844827586198e-01 0.000000000000000000e+00 0.000000000000000000e+00
3.472314938613479951e-01 0.000000000000000000e+00 1.863739331930956422e-01 4.180020965986253056e-01 1.707258292151177803e-01 3.897824652650873634e-01 2.775729509909142800e-01 3.910822694088444407e-01 2.030550869016103377e-01 3.856391860759493251e-01 3.011635333333333442e-01 0.000000000000000000e+00 3.079430022181681714e-01 3.936824567877001968e-01 2.483353077912810458e-01 4.130273044936405014e-01 0.000000000000000000e+00 0.000000000000000000e+00 3.650118028488790745e-01 0.000000000000000000e+00 3.156403460552269502e-01 3.561721949530797238e-01 2.990696519829654787e-01 4.036545881121115231e-01 1.879813362409082367e-01 3.946417009948803289e-01 1.994429877645197968e-01 0.000000000000000000e+00 2.878061479451619609e-01 0.000000000000000000e+00 3.208061988498105976e-01 3.927097042616126132e-01 3.433491280164103210e-01 4.258205076923077259e-01 0.000000000000000000e+00 4.598071925133688787e-01 3.857606721311475084e-01 0.000000000000000000e+00 0.000000000000000000e+00 0.000000000000000000e+00 0.000000000000000000e+00 0.000000000000000000e+00 0.000000000000000000e+00 0.000000000000000000e+00 0.000000000000000000e+00 0.000000000000000000e+00 0.000000000000000000e+00 0.000000000000000000e+00 0.000000000000000000e+00 0.000000000000000000e+00 3.648046359124087479e-01 0.000000000000000000e+00 0.000000000000000000e+00 0.000000000000000000e+00 0.000000000000000000e+00 0.000000000000000000e+00 0.000000000000000000e+00 0.000000000000000000e+00 0.000000000000000000e+00 0.000000000000000000e+00 0.000000000000000000e+00 0.000000000000000000e+00 0.000000000000000000e+00 0.000000000000000000e+00 0.000000000000000000e+00 0.000000000000000000e+00 4.019772977804738634e-01 0.000000000000000000e+00 0.000000000000000000e+00 0.000000000000000000e+00 2.959211867008159080e-01 4.045975965919951234e-01 3.013485350203684576e-01 4.266031538461537709e-01 2.705767747363027609e-01 0.000000000000000000e+00 3.116985540640877517e-01 3.258576105263158440e-01 0.000000000000000000e+00 0.000000000000000000e+00 0.000000000000000000e+00 0.000000000000000000e+00 0.000000000000000000e+00 0.000000000000000000e+00 3.649063658198163362e-01 4.093081323529411120e-01 3.531362499999999849e-01 0.000000000000000000e+00 3.484887605633802954e-01 0.000000000000000000e+00 0.000000000000000000e+00 0.000000000000000000e+00 0.000000000000000000e+00 0.000000000000000000e+00 0.000000000000000000e+00 0.000000000000000000e+00 0.000000000000000000e+00 0.000000000000000000e+00 0.000000000000000000e+00 0.000000000000000000e+00 0.000000000000000000e+00 0.000000000000000000e+00 0.000000000000000000e+00 0.000000000000000000e+00 4.077188484848484618e-01 0.000000000000000000e+00 0.000000000000000000e+00 0.000000000000000000e+00 0.000000000000000000e+00 0.000000000000000000e+00 0.000000000000000000e+00 0.000000000000000000e+00 0.000000000000000000e+00 0.000000000000000000e+00 0.000000000000000000e+00 0.000000000000000000e+00
0.000000000000000000e+00 0.000000000000000000e+00 4.087960715234947862e-01 1.613004023176910495e-01 3.897824652650873634e-01 2.015703277985173292e-01 4.305542258064515848e-01 2.741902906876242940e-01 3.863009220779220487e-01 2.487492744287706781e-01 0.000000000000000000e+00 3.003783800000000004e-01 3.608076195652173968e-01 2.916308539289351187e-01 3.914542278481012438e-01 2.224971213260647784e-01 0.000000000000000000e+00 3.789249677419354589e-01 0.000000000000000000e+00 3.703477202675359847e-01 3.944478913525498731e-01 3.307617870192860465e-01 3.944130999736917831e-01 1.990589521032798126e-01 4.134497723253529045e-01 2.069679896519692197e-01 3.693539600000000367e-01 2.198385738785477994e-01 0.000000000000000000e+00 2.796419433005751243e-01 3.620563631658201276e-01 3.173544034071095754e-01 0.000000000000000000e+00 3.738057504120116947e-01 0.000000000000000000e+00 4.297230925925926148e-01 0.000000000000000000e+00 3.861786206896552498e-01 0.000000000000000000e+00 0.000000000000000000e+00 0.000000000000000000e+00 0.000000000000000000e+00 0.000000000000000000e+00 0.000000000000000000e+00 0.000000000000000000e+00 0.000000000000000000e+00 0.000000000000000000e+00 4.397729687499999929e-01 0.000000000000000000e+00 4.180300427272727326e-01 0.000000000000000000e+00 3.717310181818182513e-01 0.000000000000000000e+00 3.952969375000000563e-01 0.000000000000000000e+00 3.686611250000000339e-01 0.000000000000000000e+00 0.000000000000000000e+00 0.000000000000000000e+00 0.000000000000000000e+00 0.000000000000000000e+00 0.000000000000000000e+00 0.000000000000000000e+00 4.202461033707864946e-01 0.000000000000000000e+00 3.231865348788339198e-01 0.000000000000000000e+00 3.849093564356436126e-01 0.000000000000000000e+00 0.000000000000000000e+00 4.343165879258303330e-01 3.042886011221933029e-01 4.132864352941175712e-01 2.896127298811950190e-01 0.000000000000000000e+00 2.523598518518518352e-01 0.000000000000000000e+00 3.111139574363745441e-01 0.000000000000000000e+00 0.000000000000000000e+00 0.000000000000000000e+00 4.026999463824288972e-01 0.000000000000000000e+00 0.000000000000000000e+00 0.000000000000000000e+00 3.602930784545400056e-01 0.000000000000000000e+00 0.000000000000000000e+00 0.000000000000000000e+00 4.045227435374149083e-01 0.000000000000000000e+00 0.000000000000000000e+00 0.000000000000000000e+00 0.000000000000000000e+00 0.000000000000000000e+00 3.143645465116278737e-01 0.000000000000000000e+00 0.000000000000000000e+00 0.000000000000000000e+00 0.000000000000000000e+00 0.000000000000000000e+00 0.000000000000000000e+00 0.000000000000000000e+00 0.000000000000000000e+00 0.000000000000000000e+00 0.000000000000000000e+00 0.000000000000000000e+00 0.000000000000000000e+00 0.000000000000000000e+00 0.000000000000000000e+00 0.000000000000000000e+00 0.000000000000000000e+00 0.000000000000000000e+00 0.000000000000000000e+00 0.000000000000000000e+00 0.000000000000000000e+00
3.296627503652236890e-01 4.531293421938083488e-01 3.055443826803370677e-01 4.362572124450189159e-01 2.775729509909142800e-01 4.305542258064515848e-01 2.480848842474130123e-01 4.252780332205051694e-01 2.323448961610996011e-01 3.968448770186335794e-01 3.475932857319511959e-01 4.344761817931926950e-01 2.582276136683898660e-01 4.268645585472402026e-01 3.031348781860824793e-01 4.208686140036410617e-01 3.581187364947699958e-01 4.519326774919753542e-01 3.848487710669312722e-01 4.564336489109726558e-01 0.000000000000000000e+00 0.000000000000000000e+00 3.403530211706925490e-01 4.313722374176720553e-01 2.802641775862699247e-01 0.000000000000000000e+00 0.000000000000000000e+00 0.000000000000000000e+00 3.497944724712803710e-01 4.571429997880560592e-01 3.596934847741206642e-01 4.280807299825284407e-01 3.716487104624030535e-01 4.469970969907934855e-01 0.000000000000000000e+00 0.000000000000000000e+00 4.078807886009577222e-01 0.000000000000000000e+00 0.000000000000000000e+00 0.000000000000000000e+00 0.000000000000000000e+00 0.000000000000000000e+00 0.000000000000000000e+00 0.000000000000000000e+00 4.255172819099098946e-01 0.000000000000000000e+00 0.000000000000000000e+00 0.000000000000000000e+00 4.060153792143633700e-01 0.000000000000000000e+00 3.923625484184393719e-01 0.000000000000000000e+00 3.720774358974359708e-01 0.000000000000000000e+00 4.043857285135766255e-01 0.000000000000000000e+00 3.649818537187450307e-01 0.000000000000000000e+00 3.972558836878120614e-01 0.000000000000000000e+00 3.902609053025974939e-01 0.000000000000000000e+00 3.938938784177740682e-01 0.000000000000000000e+00 3.861121504788848080e-01 0.000000000000000000e+00 4.121793424750453405e-01 4.531403939988687402e-01 4.179496121904155981e-01 0.000000000000000000e+00 2.904307481139110636e-01 4.616936616743025912e-01 3.359152712552987419e-01 4.341770099539776218e-01 0.000000000000000000e+00 4.602494268292683377e-01 3.695071214244352031e-01 4.238042280582317578e-01 0.000000000000000000e+00 0.000000000000000000e+00 3.837480120802466699e-01 4.162707054794519967e-01 0.000000000000000000e+00 0.000000000000000000e+00 4.068080081091266509e-01 4.086107884569915583e-01 0.000000000000000000e+00 0.000000000000000000e+00 4.115039685086643861e-01 0.000000000000000000e+00 0.000000000000000000e+00 0.000000000000000000e+00 0.000000000000000000e+00 0.000000000000000000e+00 4.308958024691358357e-01 0.000000000000000000e+00 0.000000000000000000e+00 0.000000000000000000e+00 3.628811663793104492e-01 4.199889687413169703e-01 0.000000000000000000e+00 0.000000000000000000e+00 4.179429359999999871e-01 4.461909248587571097e-01 0.000000000000000000e+00 0.000000000000000000e+00 0.000000000000000000e+00 0.000000000000000000e+00 0.000000000000000000e+00 0.000000000000000000e+00 0.000000000000000000e+00 0.000000000000000000e+00 0.000000000000000000e+00 0.000000000000000000e+00 0.000000000000000000e+00 0.000000000000000000e+00
4.424826876310212209e-01 3.048822682286765340e-01 4.291532869028874542e-01 3.224453466904186882e-01 3.910822694088444407e-01 2.741902906876242940e-01 4.252780332205051694e-01 2.371621198888579085e-01 3.748505249999999900e-01 1.895677807223807021e-01 4.376662625237860427e-01 2.939209436289062505e-01 4.179232734633596125e-01 2.548702012085434232e-01 4.070512833179845136e-01 2.930786895686785520e-01 4.184659041431540993e-01 3.815151281821469453e-01 4.520856951653043909e-01 3.922743542343731793e-01 0.000000000000000000e+00 0.000000000000000000e+00 4.185811010540036459e-01 3.407905431372119653e-01 3.888905724932248953e-01 0.000000000000000000e+00 4.072009677419354823e-01 0.000000000000000000e+00 4.511260515487080514e-01 3.347096028520761268e-01 3.726197705874771948e-01 3.350562274550187292e-01 4.408725152908268274e-01 3.668302474489993359e-01 0.000000000000000000e+00 4.357462686567163956e-01 4.685913333333333597e-01 3.888326579298814201e-01 4.062814189189188907e-01 0.000000000000000000e+00 0.000000000000000000e+00 0.000000000000000000e+00 0.000000000000000000e+00 3.987501359062321504e-01 4.042620960526315810e-01 3.851890320866825368e-01 0.000000000000000000e+00 0.000000000000000000e+00 0.000000000000000000e+00 3.823067370868529213e-01 0.000000000000000000e+00 3.688282849498725202e-01 0.000000000000000000e+00 3.789122513950429760e-01 0.000000000000000000e+00 3.978102844848712683e-01 4.209021671052631253e-01 3.772019000766758667e-01 4.340273897058823382e-01 4.067196365982627126e-01 4.369355970149253476e-01 3.809382563455519510e-01 0.000000000000000000e+00 3.766208134991456125e-01 4.194635704545454091e-01 3.654734972634526291e-01 4.526586260468946077e-01 4.323255239644541725e-01 0.000000000000000000e+00 4.348904939102564149e-01 4.140438961038961363e-01 2.845468824318388990e-01 4.316946679569467205e-01 3.366425547867784585e-01 0.000000000000000000e+00 3.168260423691860450e-01 4.246491325210468570e-01 3.532668646876528373e-01 0.000000000000000000e+00 3.771492448979591461e-01 4.811534155844155447e-01 3.839146542756469160e-01 0.000000000000000000e+00 3.547730410958904179e-01 4.422013450704224691e-01 3.780812596941873771e-01 0.000000000000000000e+00 0.000000000000000000e+00 0.000000000000000000e+00 3.917878484202989009e-01 0.000000000000000000e+00 0.000000000000000000e+00 0.000000000000000000e+00 0.000000000000000000e+00 4.176213333333332889e-01 4.246040227272727119e-01 0.000000000000000000e+00 0.000000000000000000e+00 0.000000000000000000e+00 4.311580545454544722e-01 0.000000000000000000e+00 0.000000000000000000e+00 3.969476716417910667e-01 4.354694298245613826e-01 0.000000000000000000e+00 0.000000000000000000e+00 4.696150000000000602e-01 0.000000000000000000e+00 0.000000000000000000e+00 0.000000000000000000e+00 0.000000000000000000e+00 0.000000000000000000e+00 0.000000000000000000e+00 0.000000000000000000e+00 0.000000000000000000e+00 0.000000000000000000e+00
3.373250132925352252e-01 0.000000000000000000e+00 2.872207171590548946e-01 4.252143148467433242e-01 2.030550869016103377e-01 3.863009220779220487e-01 2.323448961610996011e-01 3.748505249999999900e-01 1.614776279243805290e-01 4.159472117900315236e-01 3.431925926857611331e-01 0.000000000000000000e+00 2.427606998739209321e-01 4.019453589076879552e-01 2.603199829694533007e-01 4.187311536416799540e-01 0.000000000000000000e+00 0.000000000000000000e+00 3.636788721852535766e-01 0.000000000000000000e+00 0.000000000000000000e+00 0.000000000000000000e+00 3.166682764493247704e-01 4.028120465839548636e-01 2.509840963815287429e-01 3.610462147674418087e-01 1.945323192229508613e-01 0.000000000000000000e+00 3.441299995380146526e-01 0.000000000000000000e+00 2.892092251483781573e-01 4.179271591710759237e-01 3.452288913043478069e-01 0.000000000000000000e+00 0.000000000000000000e+00 0.000000000000000000e+00 3.414966666666666706e-01 0.000000000000000000e+00 0.000000000000000000e+00 0.000000000000000000e+00 0.000000000000000000e+00 0.000000000000000000e+00 0.000000000000000000e+00 0.000000000000000000e+00 0.000000000000000000e+00 0.000000000000000000e+00 0.000000000000000000e+00 0.000000000000000000e+00 0.000000000000000000e+00 0.000000000000000000e+00 0.000000000000000000e+00 0.000000000000000000e+00 0.000000000000000000e+00 0.000000000000000000e+00 0.000000000000000000e+00 0.000000000000000000e+00 0.000000000000000000e+00 0.000000000000000000e+00 0.000000000000000000e+00 0.000000000000000000e+00 3.790827336448597817e-01 0.000000000000000000e+00 0.000000000000000000e+00 0.000000000000000000e+00 0.000000000000000000e+00 0.000000000000000000e+00 0.000000000000000000e+00 0.000000000000000000e+00 0.000000000000000000e+00 0.000000000000000000e+00 3.088383068853893243e-01 0.000000000000000000e+00 2.942539515463111766e-01 0.000000000000000000e+00 2.928371946885443000e-01 3.771177721518987336e-01 3.181712283580608869e-01 3.046426698630136376e-01 0.000000000000000000e+00 0.000000000000000000e+00 3.863497766990291460e-01 0.000000000000000000e+00 3.573981764705882469e-01 0.000000000000000000e+00 3.707266046536796811e-01 0.000000000000000000e+00 0.000000000000000000e+00 0.000000000000000000e+00 3.837751582733812672e-01 0.000000000000000000e+00 3.605239699248120600e-01 0.000000000000000000e+00 0.000000000000000000e+00 0.000000000000000000e+00 0.000000000000000000e+00 0.000000000000000000e+00 0.000000000000000000e+00 0.000000000000000000e+00 0.000000000000000000e+00 0.000000000000000000e+00 0.000000000000000000e+00 0.000000000000000000e+00 0.000000000000000000e+00 0.000000000000000000e+00 0.000000000000000000e+00 0.000000000000000000e+00 0.000000000000000000e+00 0.000000000000000000e+00 0.000000000000000000e+00 0.000000000000000000e+00 0.000000000000000000e+00 0.000000000000000000e+00 0.000000000000000000e+00 0.000000000000000000e+00 0.000000000000000000e+00 0.000000000000000000e+00
0.000000000000000000e+00 3.009603901587301067e-01 3.970314895409454148e-01 2.853610625378151799e-01 3.856391860759493251e-01 2.487492744287706781e-01 3.968448770186335794e-01 1.895677807223807021e-01 4.159472117900315236e-01 1.878069836848592078e-01 0.000000000000000000e+00 3.239586424822397115e-01 4.266954050632911222e-01 3.040311266300245729e-01 4.090767179487179162e-01 2.666116966052640147e-01 0.000000000000000000e+00 0.000000000000000000e+00 4.068055317460317344e-01 3.562174761904761122e-01 0.000000000000000000e+00 0.000000000000000000e+00 3.905368731992248654e-01 2.931403718850505435e-01 3.977861800754019517e-01 2.731228537037037052e-01 3.740496403347621790e-01 2.674216569810298205e-01 0.000000000000000000e+00 3.100391282848060648e-01 3.589697417279847924e-01 3.035432239171122482e-01 4.060611804511278233e-01 3.273025251297257410e-01 0.000000000000000000e+00 0.000000000000000000e+00 0.000000000000000000e+00 0.000000000000000000e+00 0.000000000000000000e+00 0.000000000000000000e+00 0.000000000000000000e+00 0.000000000000000000e+00 0.000000000000000000e+00 4.370476183206106757e-01 0.000000000000000000e+00 0.000000000000000000e+00 0.000000000000000000e+00 0.000000000000000000e+00 0.000000000000000000e+00 0.000000000000000000e+00 0.000000000000000000e+00 3.939707680555555314e-01 0.000000000000000000e+00 0.000000000000000000e+00 0.000000000000000000e+00 0.000000000000000000e+00 0.000000000000000000e+00 0.000000000000000000e+00 0.000000000000000000e+00 3.254295723270440033e-01 0.000000000000000000e+00 0.000000000000000000e+00 0.000000000000000000e+00 3.834965272727272056e-01 0.000000000000000000e+00 3.042174383984868058e-01 0.000000000000000000e+00 4.418427555948694629e-01 0.000000000000000000e+00 4.209710161290323160e-01 4.135369930555555240e-01 3.060224165896671678e-01 3.739433975903613816e-01 3.105881587382581799e-01 0.000000000000000000e+00 2.861966101256466777e-01 0.000000000000000000e+00 3.315886342405814369e-01 0.000000000000000000e+00 0.000000000000000000e+00 0.000000000000000000e+00 4.070977549019607622e-01 0.000000000000000000e+00 0.000000000000000000e+00 0.000000000000000000e+00 3.822801031510856817e-01 0.000000000000000000e+00 0.000000000000000000e+00 0.000000000000000000e+00 3.657234791597860912e-01 0.000000000000000000e+00 0.000000000000000000e+00 0.000000000000000000e+00 0.000000000000000000e+00 0.000000000000000000e+00 0.000000000000000000e+00 0.000000000000000000e+00 0.000000000000000000e+00 0.000000000000000000e+00 0.000000000000000000e+00 0.000000000000000000e+00 0.000000000000000000e+00 0.000000000000000000e+00 0.000000000000000000e+00 0.000000000000000000e+00 0.000000000000000000e+00 0.000000000000000000e+00 0.000000000000000000e+00 0.000000000000000000e+00 0.000000000000000000e+00 0.000000000000000000e+00 0.000000000000000000e+00 0.000000000000000000e+00 0.000000000000000000e+00 0.000000000000000000e+00 0.000000000000000000e+00
3.314632783834655649e-01 0.000000000000000000e+00 3.878083215381293303e-01 4.525738103858998329e-01 3.011635333333333442e-01 0.000000000000000000e+00 3.475932857319511959e-01 4.376662625237860427e-01 3.431925926857611331e-01 0.000000000000000000e+00 3.094502740543584873e-01 4.538410768248752891e-01 2.836095366488707303e-01 4.257846315943463189e-01 3.572827332666300704e-01 0.000000000000000000e+00 3.136562980473587281e-01 4.640780833333333910e-01 4.025875023709635792e-01 4.514135537947834287e-01 0.000000000000000000e+00 0.000000000000000000e+00 3.798408431067603064e-01 4.440892383475937844e-01 0.000000000000000000e+00 0.000000000000000000e+00 0.000000000000000000e+00 0.000000000000000000e+00 3.736382033728222751e-01 0.000000000000000000e+00 3.974277441860465387e-01 4.484620310009557187e-01 3.805328030832405006e-01 4.483580650802199696e-01 0.000000000000000000e+00 0.000000000000000000e+00 4.506263828125000592e-01 0.000000000000000000e+00 0.000000000000000000e+00 0.000000000000000000e+00 0.000000000000000000e+00 0.000000000000000000e+00 0.000000000000000000e+00 0.000000000000000000e+00 3.815463057851239959e-01 0.000000000000000000e+00 0.000000000000000000e+00 0.000000000000000000e+00 4.029689431372548980e-01 0.000000000000000000e+00 4.093640452915825456e-01 0.000000000000000000e+00 4.067240439898990312e-01 0.000000000000000000e+00 4.291830881118881558e-01 0.000000000000000000e+00 3.939782701325721392e-01 4.825474587155963446e-01 3.921115313346883458e-01 0.000000000000000000e+00 4.125396216903659541e-01 0.000000000000000000e+00 4.269115438831337372e-01 0.000000000000000000e+00 4.194503431686488759e-01 0.000000000000000000e+00 4.189325708720888497e-01 0.000000000000000000e+00 4.608486599999999656e-01 4.797301818181817779e-01 3.252558752409880904e-01 4.792292428992285247e-01 3.825838248322629975e-01 4.423973289219350624e-01 0.000000000000000000e+00 0.000000000000000000e+00 3.974203921078349189e-01 4.511872330097087547e-01 0.000000000000000000e+00 0.000000000000000000e+00 3.911442610010467114e-01 0.000000000000000000e+00 0.000000000000000000e+00 0.000000000000000000e+00 4.267211640640065085e-01 0.000000000000000000e+00 0.000000000000000000e+00 0.000000000000000000e+00 4.277883079430317426e-01 0.000000000000000000e+00 0.000000000000000000e+00 0.000000000000000000e+00 0.000000000000000000e+00 0.000000000000000000e+00 0.000000000000000000e+00 0.000000000000000000e+00 0.000000000000000000e+00 0.000000000000000000e+00 0.000000000000000000e+00 0.000000000000000000e+00 0.000000000000000000e+00 0.000000000000000000e+00 0.000000000000000000e+00 0.000000000000000000e+00 0.000000000000000000e+00 0.000000000000000000e+00 0.000000000000000000e+00 0.000000000000000000e+00 0.000000000000000000e+00 0.000000000000000000e+00 0.000000000000000000e+00 0.000000000000000000e+00 0.000000000000000000e+00 0.000000000000000000e+00 0.000000000000000000e+00 0.000000000000000000e+00
4.548550752360203675e-01 3.193506169466481803e-01 4.473197184371197066e-01 3.810464422638964455e-01 0.000000000000000000e+00 3.003783800000000004e-01 4.344761817931926950e-01 2.939209436289062505e-01 0.000000000000000000e+00 3.239586424822397115e-01 4.538410768248752891e-01 2.536486005497247120e-01 4.170928959367770084e-01 2.791720474989872747e-01 0.000000000000000000e+00 3.540789626803171886e-01 0.000000000000000000e+00 2.821635437138889091e-01 4.586766546340403927e-01 3.987882634741420906e-01 0.000000000000000000e+00 0.000000000000000000e+00 4.337420300268206019e-01 3.793372180364054103e-01 0.000000000000000000e+00 0.000000000000000000e+00 0.000000000000000000e+00 0.000000000000000000e+00 0.000000000000000000e+00 3.596120484899691938e-01 4.151652183363467863e-01 3.853587346178903306e-01 4.561576274773131989e-01 3.733475887899957990e-01 0.000000000000000000e+00 0.000000000000000000e+00 5.051903846153845690e-01 4.058682104284777603e-01 0.000000000000000000e+00 0.000000000000000000e+00 0.000000000000000000e+00 0.000000000000000000e+00 0.000000000000000000e+00 4.002472974775970194e-01 0.000000000000000000e+00 3.845106027262400472e-01 0.000000000000000000e+00 0.000000000000000000e+00 0.000000000000000000e+00 3.940242559473991490e-01 0.000000000000000000e+00 3.860390721450014384e-01 0.000000000000000000e+00 3.852453705732150069e-01 0.000000000000000000e+00 4.187979077381359105e-01 0.000000000000000000e+00 3.699930982296373849e-01 0.000000000000000000e+00 4.249983184163241834e-01 0.000000000000000000e+00 3.958820649562442284e-01 0.000000000000000000e+00 3.931012670401635711e-01 0.000000000000000000e+00 4.168637737713792868e-01 0.000000000000000000e+00 4.314849469718672337e-01 0.000000000000000000e+00 4.368623911375661417e-01 0.000000000000000000e+00 3.368740429202175535e-01 4.129915591397849139e-01 3.800311932285455052e-01 0.000000000000000000e+00 3.593791455128205192e-01 4.354426271376857227e-01 3.964475998178407234e-01 0.000000000000000000e+00 4.396169882352942149e-01 0.000000000000000000e+00 4.267355423572811168e-01 0.000000000000000000e+00 0.000000000000000000e+00 0.000000000000000000e+00 4.361293953507482390e-01 0.000000000000000000e+00 3.835341285714286563e-01 0.000000000000000000e+00 4.379561768323575466e-01 4.537872013084512934e-01 0.000000000000000000e+00 0.000000000000000000e+00 0.000000000000000000e+00 0.000000000000000000e+00 0.000000000000000000e+00 0.000000000000000000e+00 0.000000000000000000e+00 0.000000000000000000e+00 0.000000000000000000e+00 0.000000000000000000e+00 0.000000000000000000e+00 4.044565822541703604e-01 4.425550896260739830e-01 0.000000000000000000e+00 0.000000000000000000e+00 0.000000000000000000e+00 0.000000000000000000e+00 0.000000000000000000e+00 0.000000000000000000e+00 0.000000000000000000e+00 0.000000000000000000e+00 0.000000000000000000e+00 0.000000000000000000e+00 0.000000000000000000e+00 0.000000000000000000e+00
3.686568114448728894e-01 4.395990930232558380e-01 3.220022653891052022e-01 4.316015194980449832e-01 3.079430022181681714e-01 3.608076195652173968e-01 2.582276136683898660e-01 4.179232734633596125e-01 2.427606998739209321e-01 4.266954050632911222e-01 2.836095366488707303e-01 4.170928959367770084e-01 2.444832008542735524e-01 4.138750193728938931e-01 2.486401524077377079e-01 3.989500339098399073e-01 3.718139059756800369e-01 0.000000000000000000e+00 3.744238091988644768e-01 4.548669293478261322e-01 0.000000000000000000e+00 0.000000000000000000e+00 3.255955231881256795e-01 4.246640449122860428e-01 3.061920747359869188e-01 0.000000000000000000e+00 2.929299444444444789e-01 0.000000000000000000e+00 2.986233402986563923e-01 4.319644576271187142e-01 3.646712512173458376e-01 4.147142951673576938e-01 3.583821783871366518e-01 4.313745676670873719e-01 0.000000000000000000e+00 0.000000000000000000e+00 0.000000000000000000e+00 0.000000000000000000e+00 4.145773622047243534e-01 0.000000000000000000e+00 0.000000000000000000e+00 0.000000000000000000e+00 0.000000000000000000e+00 0.000000000000000000e+00 4.036581891891891094e-01 0.000000000000000000e+00 0.000000000000000000e+00 0.000000000000000000e+00 0.000000000000000000e+00 0.000000000000000000e+00 4.005357549522473581e-01 0.000000000000000000e+00 3.969844696821035468e-01 0.000000000000000000e+00 3.923419995440298735e-01 0.000000000000000000e+00 3.810713469366180939e-01 0.000000000000000000e+00 4.012449542272468750e-01 0.000000000000000000e+00 4.015624924986966326e-01 4.578853609022556226e-01 3.953235722952406772e-01 0.000000000000000000e+00 4.113172751418807116e-01 0.000000000000000000e+00 3.908633109191114730e-01 0.000000000000000000e+00 4.362816184392599439e-01 0.000000000000000000e+00 2.968694618273768349e-01 4.478486183471904192e-01 3.485800067255724888e-01 4.294999685109875953e-01 3.296624722222222803e-01 4.210311978021977208e-01 3.691759480789953973e-01 4.054699382834270338e-01 3.526376706849315146e-01 0.000000000000000000e+00 3.836951521561738909e-01 0.000000000000000000e+00 0.000000000000000000e+00 0.000000000000000000e+00 4.139449055740665462e-01 0.000000000000000000e+00 0.000000000000000000e+00 0.000000000000000000e+00 4.146268751239955419e-01 0.000000000000000000e+00 4.237721881580469585e-01 0.000000000000000000e+00 3.907594496124030536e-01 4.018349374999999890e-01 0.000000000000000000e+00 0.000000000000000000e+00 3.965587961783439419e-01 0.000000000000000000e+00 3.904116969696970196e-01 0.000000000000000000e+00 0.000000000000000000e+00 0.000000000000000000e+00 4.094461869918699648e-01 0.000000000000000000e+00 4.361261600000000405e-01 0.000000000000000000e+00 0.000000000000000000e+00 0.000000000000000000e+00 0.000000000000000000e+00 0.000000000000000000e+00 0.000000000000000000e+00 0.000000000000000000e+00 0.000000000000000000e+00 0.000000000000000000e+00 0.000000000000000000e+00 0.000000000000000000e+00
