0.000000000000000000e+00 1.036877628876063835e-02 6.819623599069571385e-02 2.386002120890774302e-03 5.934718100890207498e-04 0.000000000000000000e+00 7.913767226088143369e-02 2.069169376293230993e-03 8.087535680304472341e-03 0.000000000000000000e+00 2.279055690072639140e-01 6.176652254478073303e-04 4.018227009113504306e-02 2.549069589599796230e-04 6.400000000000000307e-03 0.000000000000000000e+00 1.042158516020236098e-01 3.847140292382662113e-03 7.239344262295081822e-02 1.132922041503084745e-02 0.000000000000000000e+00 0.000000000000000000e+00 2.494802494802494941e-03 3.473428273706147783e-04 0.000000000000000000e+00 0.000000000000000000e+00 0.000000000000000000e+00 0.000000000000000000e+00 2.243279829820150895e-02 2.125398512221041321e-03 2.807862013638186879e-03 0.000000000000000000e+00 9.919999999999999998e-03 7.844895214613919684e-03 0.000000000000000000e+00 0.000000000000000000e+00 7.991803278688525136e-02 1.010101010101010100e-03 9.727626459143969007e-04 3.457216940363007883e-03 0.000000000000000000e+00 0.000000000000000000e+00 0.000000000000000000e+00 0.000000000000000000e+00 1.902748414376321346e-03 0.000000000000000000e+00 0.000000000000000000e+00 0.000000000000000000e+00 7.090187180941577225e-03 1.715707300334562793e-04 1.014198782961460432e-02 7.805791897588010883e-05 4.315925766076823475e-04 0.000000000000000000e+00 3.717472118959107633e-03 0.000000000000000000e+00 2.610628837603218289e-01 4.624974864267042060e-03 4.155547083492184407e-02 1.092043681747269972e-03 4.853661076971148985e-02 0.000000000000000000e+00 1.253405994550408666e-02 5.365766410302271437e-04 4.510198218902614076e-02 0.000000000000000000e+00 1.340996168582375518e-02 9.865175928970733570e-04 5.663648622616065942e-02 2.454322334333242615e-03 9.031073013929281912e-02 1.733402669440111028e-04 5.190905190905190786e-02 4.099986774236212377e-03 5.063291139240506250e-02 0.000000000000000000e+00 5.631684491978609930e-02 7.611602550915449843e-03 0.000000000000000000e+00 0.000000000000000000e+00 1.932678370107907819e-03 3.287310979618672090e-04 0.000000000000000000e+00 0.000000000000000000e+00 1.658767772511848468e-02 2.367704510477092444e-04 0.000000000000000000e+00 0.000000000000000000e+00 1.101321585903083759e-02 6.220194899440182126e-04 2.187651920272241316e-03 7.800312012480499491e-04 0.000000000000000000e+00 5.467468562055767881e-04 3.984063745019920250e-03 2.764976958525345793e-02 1.597444089456868943e-03 1.137656427758816776e-03 2.022244691607684615e-03 6.958942240779401921e-04 1.497005988023952187e-03 0.000000000000000000e+00 1.132136503315542622e-03 1.195151101246371946e-03 6.628003314001656640e-03 3.683241252302025702e-04 2.074688796680497927e-03 0.000000000000000000e+00 0.000000000000000000e+00 0.000000000000000000e+00 0.000000000000000000e+00 0.000000000000000000e+00 3.738317757009345949e-03 7.968127490039840933e-04 0.000000000000000000e+00 0.000000000000000000e+00
1.036877628876063835e-02 0.000000000000000000e+00 2.114611968703742836e-03 7.091728525980911524e-02 0.000000000000000000e+00 3.762227238525206788e-04 1.637331150225133014e-03 1.248891516405557234e-01 0.000000000000000000e+00 3.220611916264090168e-03 3.026634382566586101e-04 4.756022235948115934e-02 4.142502071251035400e-04 2.141218455263828660e-02 0.000000000000000000e+00 3.073376872839032013e-03 2.192242833052276529e-03 6.540138497050525246e-02 1.626229508196721379e-02 1.169938306225462715e-01 0.000000000000000000e+00 0.000000000000000000e+00 2.079002079002079117e-04 3.473428273706147783e-04 0.000000000000000000e+00 0.000000000000000000e+00 0.000000000000000000e+00 0.000000000000000000e+00 9.669309611293753744e-04 2.736450584484590928e-02 2.005615724027276590e-03 2.903600464576074330e-04 9.280000000000000054e-03 1.501737083940378817e-02 4.264392324093816441e-04 4.048582995951416829e-04 8.196721311475409829e-04 1.144781144781144844e-01 0.000000000000000000e+00 2.160760587726879775e-02 0.000000000000000000e+00 2.816901408450704289e-02 0.000000000000000000e+00 2.152620815843289193e-04 0.000000000000000000e+00 2.996337809344135072e-03 0.000000000000000000e+00 1.677570877369568734e-04 1.418037436188315477e-04 6.605473106288067484e-03 0.000000000000000000e+00 1.116228241355085408e-02 0.000000000000000000e+00 2.143239864261475228e-03 0.000000000000000000e+00 9.474182851729038473e-04 2.646622909167901938e-03 3.310878745224210551e-01 2.541619011310204787e-04 4.087363494539781456e-02 4.166232684095406589e-04 2.573839662447257454e-02 1.816530426884650307e-04 2.182078340189590529e-02 0.000000000000000000e+00 1.830234904164865228e-02 1.149425287356321823e-03 1.063246739011290166e-02 1.348487767289539667e-02 1.458958276520316288e-01 3.061380682687892376e-04 5.494886462125151555e-02 1.287001287001286959e-03 8.715778336198914955e-02 0.000000000000000000e+00 1.447368421052631568e-02 1.671122994652406374e-03 6.150997737091133677e-02 0.000000000000000000e+00 0.000000000000000000e+00 3.221130616846513213e-04 1.314924391847468836e-03 0.000000000000000000e+00 0.000000000000000000e+00 0.000000000000000000e+00 7.813424884574404414e-03 0.000000000000000000e+00 0.000000000000000000e+00 0.000000000000000000e+00 1.451378809869375902e-03 2.430724355858045606e-04 6.630265210608424567e-03 0.000000000000000000e+00 2.186987424822307152e-03 0.000000000000000000e+00 4.147465437788018516e-02 5.324813631522897200e-04 1.137656427758816776e-03 0.000000000000000000e+00 2.087682672233820251e-03 0.000000000000000000e+00 0.000000000000000000e+00 4.852013585638039654e-04 4.097660918558989653e-03 2.485501242750621457e-03 0.000000000000000000e+00 0.000000000000000000e+00 2.288329519450800920e-03 0.000000000000000000e+00 0.000000000000000000e+00 0.000000000000000000e+00 0.000000000000000000e+00 0.000000000000000000e+00 7.968127490039840933e-04 0.000000000000000000e+00 0.000000000000000000e+00
6.819623599069571385e-02 2.114611968703742836e-03 0.000000000000000000e+00 9.411452810180276005e-03 6.735905044510386019e-02 2.257336343115123965e-03 2.973120480283804046e-01 2.054389595033993474e-02 1.598477640342531036e-01 1.449275362318840597e-02 6.809927360774818694e-02 1.389746757257566412e-02 7.290803645401822131e-02 1.325516186591894040e-02 3.559999999999999970e-02 9.988474836726853393e-03 2.799325463743676176e-02 3.334188253398307194e-03 1.012459016393442574e-01 5.720695457094784366e-03 0.000000000000000000e+00 0.000000000000000000e+00 1.185031185031185097e-01 1.146231330323028812e-02 4.353741496598639155e-02 7.818608287724784865e-04 6.796556411418215073e-03 0.000000000000000000e+00 2.726745310384838528e-02 3.453772582359192472e-03 3.088648215002005523e-02 2.351916376306620315e-02 1.344000000000000056e-02 1.087078336882214488e-02 2.985074626865671672e-03 0.000000000000000000e+00 3.770491803278688825e-02 0.000000000000000000e+00 4.863813229571984503e-03 0.000000000000000000e+00 0.000000000000000000e+00 0.000000000000000000e+00 2.839698991906857957e-04 0.000000000000000000e+00 4.228329809725158307e-04 0.000000000000000000e+00 6.844626967830253145e-04 0.000000000000000000e+00 1.418037436188315315e-03 0.000000000000000000e+00 2.789046653144016188e-03 7.805791897588010883e-05 0.000000000000000000e+00 1.786033220217896024e-04 9.782821365681862533e-04 0.000000000000000000e+00 6.987084480203261012e-03 6.032575909913533499e-04 1.766425212860592286e-02 0.000000000000000000e+00 2.603895427559629362e-03 0.000000000000000000e+00 1.816530426884650253e-03 0.000000000000000000e+00 5.170927894283252127e-03 1.441129845799106620e-04 2.183908045977011464e-02 6.576783952647155714e-04 7.127721055673280279e-03 2.727024815925824827e-04 6.979947956528394226e-02 1.733402669440110974e-03 1.068211068211068204e-01 7.803200634836662125e-03 1.582278481012658333e-02 2.631578947368420993e-03 1.173128342245989275e-01 8.228759514503188738e-03 0.000000000000000000e+00 0.000000000000000000e+00 1.288452246738605285e-03 3.287310979618672090e-04 2.770083102493074798e-03 0.000000000000000000e+00 3.606016896764887691e-03 0.000000000000000000e+00 1.273885350318471272e-03 0.000000000000000000e+00 2.692119432207537751e-03 2.073398299813394223e-04 9.722897423432182423e-04 3.510140405616224771e-03 0.000000000000000000e+00 5.467468562055767881e-04 7.968127490039840499e-03 3.686635944700460826e-02 5.324813631522897200e-04 0.000000000000000000e+00 0.000000000000000000e+00 0.000000000000000000e+00 0.000000000000000000e+00 0.000000000000000000e+00 6.469351447517386567e-04 1.195151101246371946e-03 4.556752278376138832e-03 0.000000000000000000e+00 2.074688796680497927e-03 0.000000000000000000e+00 0.000000000000000000e+00 0.000000000000000000e+00 0.000000000000000000e+00 0.000000000000000000e+00 0.000000000000000000e+00 7.968127490039840933e-04 0.000000000000000000e+00 0.000000000000000000e+00
2.386002120890774302e-03 7.091728525980911524e-02 9.411452810180276005e-03 0.000000000000000000e+00 3.857566765578634982e-03 1.730624529721595112e-02 1.500886887706372012e-02 1.908069760567543682e-01 5.708848715509039044e-03 2.012882447665056279e-02 5.447941888619854331e-03 8.770846201358863115e-02 1.097763048881524386e-02 4.154983431047667292e-02 4.799999999999999580e-03 2.189781021897810320e-02 1.854974704890387932e-03 4.898691972300590197e-02 6.032786885245901808e-03 7.997756590016825984e-02 0.000000000000000000e+00 1.536098310291858678e-03 1.767151767151767250e-02 2.059742966307745726e-01 0.000000000000000000e+00 1.329163408913213405e-02 0.000000000000000000e+00 1.224739742804654020e-03 2.514020498936375778e-03 7.093517534537725766e-02 1.484155635780184598e-02 7.055749128919860946e-02 2.880000000000000181e-03 3.339683962792782540e-02 0.000000000000000000e+00 2.429149797570850314e-03 8.196721311475409829e-04 2.323232323232323274e-02 0.000000000000000000e+00 1.642178046672428809e-02 0.000000000000000000e+00 0.000000000000000000e+00 0.000000000000000000e+00 2.152620815843289193e-04 0.000000000000000000e+00 1.331705693041837762e-03 0.000000000000000000e+00 5.032712632108706473e-04 0.000000000000000000e+00 3.946126790769494477e-03 0.000000000000000000e+00 1.405042541565841878e-03 0.000000000000000000e+00 1.786033220217896024e-04 0.000000000000000000e+00 1.579030475288173169e-04 2.117298327334321420e-04 7.942891614719485918e-03 1.270809505655102394e-04 2.605304212168486899e-02 1.041558171023851647e-04 1.687763713080168808e-03 1.816530426884650307e-04 7.154355213736361555e-04 2.872737719046251242e-04 1.585242830379017228e-03 1.915708812260536462e-04 1.129014578537761680e-02 0.000000000000000000e+00 5.726752113444232191e-03 2.296035512015919336e-03 4.784191367654706123e-02 4.290004290004289719e-03 1.024996693559053068e-01 0.000000000000000000e+00 4.078947368421052821e-02 5.848930481283422418e-03 9.853939518617568782e-02 0.000000000000000000e+00 0.000000000000000000e+00 1.610565308423256607e-04 4.273504273504273934e-03 0.000000000000000000e+00 0.000000000000000000e+00 1.030290541932825035e-04 2.249319284953237713e-03 0.000000000000000000e+00 1.960784313725490169e-03 0.000000000000000000e+00 2.488077959776072851e-03 2.430724355858045606e-04 3.120124804992199796e-03 0.000000000000000000e+00 5.467468562055767881e-04 0.000000000000000000e+00 2.304147465437788103e-02 5.324813631522897200e-04 1.137656427758816776e-03 0.000000000000000000e+00 2.087682672233820251e-03 0.000000000000000000e+00 1.766784452296819765e-03 0.000000000000000000e+00 1.536622844459621011e-03 2.899751449875725105e-03 0.000000000000000000e+00 0.000000000000000000e+00 0.000000000000000000e+00 0.000000000000000000e+00 0.000000000000000000e+00 0.000000000000000000e+00 0.000000000000000000e+00 0.000000000000000000e+00 0.000000000000000000e+00 0.000000000000000000e+00 0.000000000000000000e+00
5.934718100890207498e-04 0.000000000000000000e+00 6.735905044510386019e-02 3.857566765578634982e-03 0.000000000000000000e+00 2.595936794582392668e-02 6.003547550825487356e-03 1.477978125923736462e-04 2.616555661274976297e-01 2.254428341384863074e-02 0.000000000000000000e+00 0.000000000000000000e+00 8.285004142502070800e-04 2.549069589599796230e-04 1.416000000000000036e-01 1.613522858240491742e-02 5.059021922428330034e-04 0.000000000000000000e+00 1.704918032786885331e-03 2.243409983174425039e-04 9.328358208955223052e-03 1.996927803379416194e-02 3.783783783783783994e-02 6.252170892671066009e-03 1.605442176870748305e-01 4.378420641125879698e-02 3.656547349342999520e-01 6.123698714023269665e-03 7.735447689035002562e-04 0.000000000000000000e+00 3.610108303249097428e-02 2.032520325203251987e-02 6.400000000000000524e-04 0.000000000000000000e+00 0.000000000000000000e+00 0.000000000000000000e+00 4.098360655737704914e-04 0.000000000000000000e+00 0.000000000000000000e+00 0.000000000000000000e+00 0.000000000000000000e+00 0.000000000000000000e+00 0.000000000000000000e+00 0.000000000000000000e+00 0.000000000000000000e+00 0.000000000000000000e+00 2.281542322610084382e-04 0.000000000000000000e+00 1.418037436188315477e-04 0.000000000000000000e+00 0.000000000000000000e+00 0.000000000000000000e+00 0.000000000000000000e+00 0.000000000000000000e+00 0.000000000000000000e+00 0.000000000000000000e+00 0.000000000000000000e+00 0.000000000000000000e+00 1.270809505655102394e-04 0.000000000000000000e+00 0.000000000000000000e+00 0.000000000000000000e+00 5.449591280653951191e-04 0.000000000000000000e+00 5.745475438092502484e-04 0.000000000000000000e+00 1.915708812260536462e-04 1.096130658774525907e-04 1.926411096127913787e-04 0.000000000000000000e+00 2.694015000765345030e-02 1.040041601664066671e-03 4.046904046904047092e-02 3.967729136357624653e-04 7.911392405063291666e-03 0.000000000000000000e+00 2.506684491978609670e-03 0.000000000000000000e+00 0.000000000000000000e+00 0.000000000000000000e+00 0.000000000000000000e+00 0.000000000000000000e+00 5.540166204986149597e-03 0.000000000000000000e+00 3.090871625798475241e-04 0.000000000000000000e+00 0.000000000000000000e+00 0.000000000000000000e+00 0.000000000000000000e+00 0.000000000000000000e+00 0.000000000000000000e+00 0.000000000000000000e+00 0.000000000000000000e+00 0.000000000000000000e+00 0.000000000000000000e+00 0.000000000000000000e+00 0.000000000000000000e+00 0.000000000000000000e+00 0.000000000000000000e+00 0.000000000000000000e+00 0.000000000000000000e+00 0.000000000000000000e+00 0.000000000000000000e+00 0.000000000000000000e+00 4.142502071251035400e-04 0.000000000000000000e+00 0.000000000000000000e+00 0.000000000000000000e+00 0.000000000000000000e+00 0.000000000000000000e+00 0.000000000000000000e+00 0.000000000000000000e+00 0.000000000000000000e+00 0.000000000000000000e+00 0.000000000000000000e+00 0.000000000000000000e+00
0.000000000000000000e+00 3.762227238525206788e-04 2.257336343115123965e-03 1.730624529721595112e-02 2.595936794582392668e-02 0.000000000000000000e+00 2.728885250375221870e-04 1.477978125923736299e-03 1.094196003805899230e-02 1.892109500805153055e-01 0.000000000000000000e+00 3.088326127239036652e-04 2.071251035625517700e-04 2.294162630639816607e-03 6.400000000000000307e-03 1.813292354975028775e-01 1.686340640809443525e-04 0.000000000000000000e+00 3.934426229508196501e-04 6.730229949523275660e-04 2.238805970149253602e-02 4.608294930875576206e-02 5.405405405405405705e-03 2.396665508857242013e-02 2.857142857142857054e-02 2.838154808444097177e-01 1.132759401903035874e-02 1.635027556644213231e-01 0.000000000000000000e+00 1.301806588735387842e-02 2.767749699157641408e-02 2.932636469221834921e-02 0.000000000000000000e+00 4.258657402218984575e-03 0.000000000000000000e+00 0.000000000000000000e+00 0.000000000000000000e+00 6.734006734006734362e-04 0.000000000000000000e+00 0.000000000000000000e+00 0.000000000000000000e+00 0.000000000000000000e+00 0.000000000000000000e+00 1.076310407921644597e-04 0.000000000000000000e+00 0.000000000000000000e+00 0.000000000000000000e+00 5.032712632108706473e-04 0.000000000000000000e+00 8.578536501672813963e-05 0.000000000000000000e+00 7.805791897588010883e-05 0.000000000000000000e+00 0.000000000000000000e+00 0.000000000000000000e+00 0.000000000000000000e+00 0.000000000000000000e+00 2.010858636637844409e-04 0.000000000000000000e+00 3.120124804992199688e-04 1.041558171023851647e-04 0.000000000000000000e+00 0.000000000000000000e+00 0.000000000000000000e+00 0.000000000000000000e+00 0.000000000000000000e+00 1.915708812260536462e-04 5.480653293872629400e-04 0.000000000000000000e+00 0.000000000000000000e+00 5.969692331241389753e-03 5.754896862541167973e-02 2.860002860002860210e-04 3.213860600449675725e-02 0.000000000000000000e+00 1.184210526315789512e-02 0.000000000000000000e+00 2.262908866488376816e-03 0.000000000000000000e+00 0.000000000000000000e+00 1.610565308423256607e-04 0.000000000000000000e+00 0.000000000000000000e+00 0.000000000000000000e+00 0.000000000000000000e+00 3.551556765715638666e-04 0.000000000000000000e+00 0.000000000000000000e+00 0.000000000000000000e+00 8.293593199253576891e-04 0.000000000000000000e+00 0.000000000000000000e+00 0.000000000000000000e+00 5.467468562055767881e-04 0.000000000000000000e+00 0.000000000000000000e+00 0.000000000000000000e+00 0.000000000000000000e+00 0.000000000000000000e+00 0.000000000000000000e+00 0.000000000000000000e+00 0.000000000000000000e+00 0.000000000000000000e+00 0.000000000000000000e+00 0.000000000000000000e+00 0.000000000000000000e+00 0.000000000000000000e+00 0.000000000000000000e+00 0.000000000000000000e+00 0.000000000000000000e+00 0.000000000000000000e+00 0.000000000000000000e+00 0.000000000000000000e+00 0.000000000000000000e+00 5.780346820809248269e-03 0.000000000000000000e+00
7.913767226088143369e-02 1.637331150225133014e-03 2.973120480283804046e-01 1.500886887706372012e-02 6.003547550825487356e-03 2.728885250375221870e-04 0.000000000000000000e+00 2.556902157848063920e-02 3.663177925784966843e-02 8.051529790660225420e-04 1.452784503631961155e-01 1.667696108709079694e-02 1.412593206296603177e-01 1.427478970175885715e-02 3.200000000000000153e-03 4.994237418363426696e-03 1.399662731871838088e-02 2.564760194921774598e-03 7.868852459016393436e-03 7.515423443634323963e-03 0.000000000000000000e+00 0.000000000000000000e+00 2.370062370062370194e-02 1.007294199374782900e-02 6.802721088435373679e-04 0.000000000000000000e+00 4.531037607612143346e-04 0.000000000000000000e+00 1.817830206923225569e-02 5.579171094580234226e-03 1.524267950260729983e-02 1.596980255516840946e-02 7.199999999999999803e-03 6.275916171691135574e-03 1.705756929637526577e-03 0.000000000000000000e+00 7.786885245901639663e-03 1.010101010101010100e-03 1.945525291828793801e-03 8.643042350907519707e-04 0.000000000000000000e+00 0.000000000000000000e+00 1.419849495953428979e-04 1.076310407921644597e-04 6.342494714587737460e-04 0.000000000000000000e+00 0.000000000000000000e+00 0.000000000000000000e+00 3.970504821327282795e-03 1.715707300334562793e-04 6.465517241379310255e-03 7.805791897588010883e-05 4.315925766076823475e-04 0.000000000000000000e+00 6.456662101350029229e-03 0.000000000000000000e+00 6.987084480203261012e-03 0.000000000000000000e+00 5.591561824882449773e-03 3.120124804992199688e-04 1.166545151546713802e-02 0.000000000000000000e+00 7.447774750227066122e-03 0.000000000000000000e+00 2.729100833093938555e-02 2.882259691598213240e-04 4.022988505747126381e-03 3.288391976323577857e-04 1.155846657676748218e-03 5.454049631851649654e-04 1.069952548599418379e-01 3.466805338880222056e-04 2.230802230802230932e-02 8.861261737865361310e-03 1.068037974683544271e-02 6.578947368421052266e-03 4.495320855614973188e-02 9.257354453816087764e-03 0.000000000000000000e+00 0.000000000000000000e+00 4.992752456112095616e-03 0.000000000000000000e+00 0.000000000000000000e+00 0.000000000000000000e+00 2.173913043478260809e-02 3.551556765715638666e-04 1.273885350318471272e-03 0.000000000000000000e+00 2.251590797846304490e-02 0.000000000000000000e+00 0.000000000000000000e+00 0.000000000000000000e+00 4.108463434675431198e-04 0.000000000000000000e+00 0.000000000000000000e+00 4.608294930875576033e-03 0.000000000000000000e+00 0.000000000000000000e+00 0.000000000000000000e+00 0.000000000000000000e+00 0.000000000000000000e+00 0.000000000000000000e+00 1.617337861879346642e-04 3.414717432132491196e-04 1.242750621375310728e-03 0.000000000000000000e+00 0.000000000000000000e+00 0.000000000000000000e+00 0.000000000000000000e+00 0.000000000000000000e+00 1.806684733514001733e-03 0.000000000000000000e+00 1.869158878504672975e-03 0.000000000000000000e+00 0.000000000000000000e+00 0.000000000000000000e+00
2.069169376293230993e-03 1.248891516405557234e-01 2.054389595033993474e-02 1.908069760567543682e-01 1.477978125923736462e-04 1.477978125923736299e-03 2.556902157848063920e-02 0.000000000000000000e+00 5.233111322549952385e-03 1.167471819645732739e-01 5.750605326876513483e-03 1.210623841877702250e-01 1.574150787075393604e-02 2.411419831761407173e-01 3.200000000000000153e-03 3.034959661928543842e-02 1.349072512647554820e-03 2.462169787124903961e-02 9.573770491803279201e-03 8.524957936062815475e-03 0.000000000000000000e+00 0.000000000000000000e+00 2.203742203742203865e-02 7.988885029524139467e-03 0.000000000000000000e+00 0.000000000000000000e+00 0.000000000000000000e+00 0.000000000000000000e+00 3.674337652291626271e-03 4.543039319872475834e-02 1.363818692338547925e-02 1.190476190476190410e-02 4.159999999999999636e-03 2.689678359296200898e-03 0.000000000000000000e+00 0.000000000000000000e+00 8.196721311475409829e-04 5.387205387205387490e-03 0.000000000000000000e+00 3.457216940363007883e-03 0.000000000000000000e+00 0.000000000000000000e+00 0.000000000000000000e+00 2.152620815843289193e-04 0.000000000000000000e+00 1.775607590722450349e-03 0.000000000000000000e+00 1.677570877369568734e-04 0.000000000000000000e+00 4.889765805953504366e-03 1.267748478701825540e-04 9.601124034033252722e-03 0.000000000000000000e+00 3.929273084479371035e-03 0.000000000000000000e+00 4.737091425864519236e-04 0.000000000000000000e+00 1.186406595616328226e-02 3.812428516965306910e-04 4.836193447737909164e-03 0.000000000000000000e+00 7.594936708860759202e-03 1.816530426884650307e-04 1.967447683777499672e-03 0.000000000000000000e+00 1.109669981265311994e-02 1.915708812260536462e-04 2.740326646936314808e-03 0.000000000000000000e+00 2.727024815925824827e-04 1.683759375478340644e-03 8.285664759923730416e-02 4.433004433004432594e-03 5.237402459992064607e-02 1.186708860759493707e-03 2.894736842105263136e-02 1.169786096256684484e-02 4.196667352396626222e-02 0.000000000000000000e+00 0.000000000000000000e+00 3.221130616846513213e-04 5.588428665351741903e-03 0.000000000000000000e+00 0.000000000000000000e+00 1.030290541932825035e-04 1.467976796495797272e-02 0.000000000000000000e+00 0.000000000000000000e+00 0.000000000000000000e+00 2.488077959776072851e-03 2.430724355858045606e-04 7.800312012480499491e-04 0.000000000000000000e+00 0.000000000000000000e+00 0.000000000000000000e+00 9.216589861751152066e-03 0.000000000000000000e+00 0.000000000000000000e+00 0.000000000000000000e+00 0.000000000000000000e+00 0.000000000000000000e+00 0.000000000000000000e+00 1.617337861879346642e-04 1.024415229639747413e-03 1.242750621375310728e-03 0.000000000000000000e+00 0.000000000000000000e+00 0.000000000000000000e+00 0.000000000000000000e+00 0.000000000000000000e+00 0.000000000000000000e+00 0.000000000000000000e+00 0.000000000000000000e+00 0.000000000000000000e+00 0.000000000000000000e+00 0.000000000000000000e+00
8.087535680304472341e-03 0.000000000000000000e+00 1.598477640342531036e-01 5.708848715509039044e-03 2.616555661274976297e-01 1.094196003805899230e-02 3.663177925784966843e-02 5.233111322549952385e-03 0.000000000000000000e+00 1.288244766505636067e-02 3.026634382566586101e-04 0.000000000000000000e+00 4.163214581607290604e-02 2.549069589599796230e-04 1.419999999999999873e-01 5.378409527468305806e-03 1.011804384485666007e-03 0.000000000000000000e+00 2.622950819672131362e-04 3.365114974761637830e-04 5.597014925373134005e-03 0.000000000000000000e+00 1.247401247401247470e-02 4.168113928447377339e-03 0.000000000000000000e+00 8.600469116497262700e-03 0.000000000000000000e+00 0.000000000000000000e+00 4.061110036743376291e-03 0.000000000000000000e+00 4.813477737665463468e-03 4.645760743321718927e-03 0.000000000000000000e+00 1.120699316373416951e-04 8.528784648187632883e-04 0.000000000000000000e+00 8.196721311475409829e-04 0.000000000000000000e+00 0.000000000000000000e+00 0.000000000000000000e+00 0.000000000000000000e+00 0.000000000000000000e+00 0.000000000000000000e+00 0.000000000000000000e+00 0.000000000000000000e+00 0.000000000000000000e+00 2.281542322610084382e-04 0.000000000000000000e+00 1.418037436188315477e-04 0.000000000000000000e+00 0.000000000000000000e+00 0.000000000000000000e+00 0.000000000000000000e+00 0.000000000000000000e+00 0.000000000000000000e+00 0.000000000000000000e+00 3.175947491001482131e-04 0.000000000000000000e+00 3.812428516965306910e-04 0.000000000000000000e+00 1.354025622331007277e-03 0.000000000000000000e+00 2.179836512261580476e-03 0.000000000000000000e+00 1.723642631427750637e-03 1.441129845799106620e-04 9.578544061302682311e-05 0.000000000000000000e+00 0.000000000000000000e+00 0.000000000000000000e+00 1.193938466248277951e-02 1.733402669440111028e-04 1.987701987701987610e-02 5.290305515143499176e-04 4.746835443037974826e-03 0.000000000000000000e+00 5.681818181818181976e-03 4.114379757251594260e-04 0.000000000000000000e+00 0.000000000000000000e+00 1.449508777580930810e-03 0.000000000000000000e+00 0.000000000000000000e+00 0.000000000000000000e+00 8.242324335462600281e-04 0.000000000000000000e+00 2.547770700636942543e-03 0.000000000000000000e+00 7.342143906020557600e-04 0.000000000000000000e+00 0.000000000000000000e+00 3.900156006240249745e-04 0.000000000000000000e+00 0.000000000000000000e+00 0.000000000000000000e+00 0.000000000000000000e+00 0.000000000000000000e+00 0.000000000000000000e+00 5.055611729019211537e-04 0.000000000000000000e+00 0.000000000000000000e+00 0.000000000000000000e+00 0.000000000000000000e+00 1.707358716066245598e-04 0.000000000000000000e+00 3.683241252302025702e-04 0.000000000000000000e+00 0.000000000000000000e+00 0.000000000000000000e+00 0.000000000000000000e+00 0.000000000000000000e+00 0.000000000000000000e+00 0.000000000000000000e+00 0.000000000000000000e+00 0.000000000000000000e+00 0.000000000000000000e+00
0.000000000000000000e+00 3.220611916264090168e-03 1.449275362318840597e-02 2.012882447665056279e-02 2.254428341384863074e-02 1.892109500805153055e-01 8.051529790660225420e-04 1.167471819645732739e-01 1.288244766505636067e-02 0.000000000000000000e+00 3.026634382566586101e-04 3.705991352686843765e-03 2.071251035625517700e-04 3.798113688503695906e-02 7.199999999999999803e-03 1.221667306953515136e-01 0.000000000000000000e+00 2.564760194921774598e-04 0.000000000000000000e+00 0.000000000000000000e+00 0.000000000000000000e+00 0.000000000000000000e+00 4.989604989604989882e-03 1.736714136853073891e-03 1.292517006802721032e-02 7.818608287724784865e-04 0.000000000000000000e+00 6.123698714023270099e-04 0.000000000000000000e+00 5.579171094580234226e-03 6.819093461692739624e-03 5.516840882694541010e-03 0.000000000000000000e+00 0.000000000000000000e+00 0.000000000000000000e+00 0.000000000000000000e+00 0.000000000000000000e+00 3.367003367003367181e-04 0.000000000000000000e+00 0.000000000000000000e+00 0.000000000000000000e+00 0.000000000000000000e+00 0.000000000000000000e+00 0.000000000000000000e+00 0.000000000000000000e+00 0.000000000000000000e+00 0.000000000000000000e+00 1.677570877369568734e-04 0.000000000000000000e+00 0.000000000000000000e+00 0.000000000000000000e+00 1.561158379517602177e-04 0.000000000000000000e+00 0.000000000000000000e+00 0.000000000000000000e+00 1.579030475288173169e-04 0.000000000000000000e+00 1.005429318318922205e-04 0.000000000000000000e+00 0.000000000000000000e+00 0.000000000000000000e+00 0.000000000000000000e+00 0.000000000000000000e+00 5.365766410302271437e-04 0.000000000000000000e+00 5.764519383196426480e-04 2.873563218390804558e-04 1.096130658774525907e-04 0.000000000000000000e+00 0.000000000000000000e+00 0.000000000000000000e+00 4.853527474432310987e-03 1.430001430001430105e-04 1.243221796058722323e-02 0.000000000000000000e+00 5.263157894736841987e-03 1.671122994652406320e-04 1.645751902900637704e-03 0.000000000000000000e+00 0.000000000000000000e+00 0.000000000000000000e+00 3.287310979618672090e-04 0.000000000000000000e+00 0.000000000000000000e+00 0.000000000000000000e+00 8.286965786669823553e-04 0.000000000000000000e+00 0.000000000000000000e+00 0.000000000000000000e+00 4.146796599626788446e-04 0.000000000000000000e+00 0.000000000000000000e+00 0.000000000000000000e+00 0.000000000000000000e+00 0.000000000000000000e+00 0.000000000000000000e+00 0.000000000000000000e+00 0.000000000000000000e+00 0.000000000000000000e+00 0.000000000000000000e+00 0.000000000000000000e+00 0.000000000000000000e+00 0.000000000000000000e+00 0.000000000000000000e+00 0.000000000000000000e+00 0.000000000000000000e+00 0.000000000000000000e+00 0.000000000000000000e+00 0.000000000000000000e+00 0.000000000000000000e+00 0.000000000000000000e+00 0.000000000000000000e+00 0.000000000000000000e+00 0.000000000000000000e+00 0.000000000000000000e+00 0.000000000000000000e+00
2.279055690072639140e-01 3.026634382566586101e-04 6.809927360774818694e-02 5.447941888619854331e-03 0.000000000000000000e+00 0.000000000000000000e+00 1.452784503631961155e-01 5.750605326876513483e-03 3.026634382566586101e-04 3.026634382566586101e-04 0.000000000000000000e+00 6.485484867201976589e-03 1.296603148301574138e-01 1.529441753759877738e-03 1.199999999999999895e-03 0.000000000000000000e+00 3.440134907251264640e-02 2.564760194921774598e-04 1.154098360655737669e-02 1.458216489063376411e-03 0.000000000000000000e+00 0.000000000000000000e+00 1.018711018711018768e-02 1.736714136853073891e-03 0.000000000000000000e+00 0.000000000000000000e+00 0.000000000000000000e+00 0.000000000000000000e+00 3.422935602397988997e-02 2.391073326248671811e-03 3.208985158443642023e-03 1.161440185830429732e-03 9.600000000000000243e-04 1.681048974560125616e-03 0.000000000000000000e+00 0.000000000000000000e+00 4.098360655737704914e-04 0.000000000000000000e+00 1.945525291828793801e-03 0.000000000000000000e+00 0.000000000000000000e+00 0.000000000000000000e+00 0.000000000000000000e+00 0.000000000000000000e+00 2.114164904862579153e-04 0.000000000000000000e+00 0.000000000000000000e+00 0.000000000000000000e+00 0.000000000000000000e+00 0.000000000000000000e+00 2.535496957403651080e-04 0.000000000000000000e+00 0.000000000000000000e+00 0.000000000000000000e+00 5.869692819409117086e-04 0.000000000000000000e+00 4.234596654668642407e-03 0.000000000000000000e+00 1.524971406786122764e-03 1.560062402496099844e-04 8.436621185293199238e-03 0.000000000000000000e+00 7.629427792915531234e-03 0.000000000000000000e+00 1.264004596380350481e-02 0.000000000000000000e+00 9.578544061302681498e-04 0.000000000000000000e+00 5.779233288383741089e-04 0.000000000000000000e+00 2.510332159804071553e-02 0.000000000000000000e+00 6.006006006006005954e-03 1.322576378785874848e-03 3.955696202531645508e-04 0.000000000000000000e+00 3.509358288770053624e-03 1.028594939312898592e-03 0.000000000000000000e+00 0.000000000000000000e+00 4.026413271058141598e-03 0.000000000000000000e+00 0.000000000000000000e+00 0.000000000000000000e+00 5.460539872243972727e-03 0.000000000000000000e+00 0.000000000000000000e+00 0.000000000000000000e+00 1.957905041605482316e-03 0.000000000000000000e+00 0.000000000000000000e+00 0.000000000000000000e+00 0.000000000000000000e+00 0.000000000000000000e+00 0.000000000000000000e+00 0.000000000000000000e+00 0.000000000000000000e+00 0.000000000000000000e+00 0.000000000000000000e+00 0.000000000000000000e+00 0.000000000000000000e+00 0.000000000000000000e+00 0.000000000000000000e+00 0.000000000000000000e+00 0.000000000000000000e+00 0.000000000000000000e+00 0.000000000000000000e+00 0.000000000000000000e+00 0.000000000000000000e+00 0.000000000000000000e+00 0.000000000000000000e+00 0.000000000000000000e+00 0.000000000000000000e+00 0.000000000000000000e+00 0.000000000000000000e+00 0.000000000000000000e+00
6.176652254478073303e-04 4.756022235948115934e-02 1.389746757257566412e-02 8.770846201358863115e-02 0.000000000000000000e+00 3.088326127239036652e-04 1.667696108709079694e-02 1.210623841877702250e-01 0.000000000000000000e+00 3.705991352686843765e-03 6.485484867201976589e-03 0.000000000000000000e+00 1.657000828500414160e-03 1.853173591639051820e-01 0.000000000000000000e+00 3.649635036496350071e-02 8.431703204047217085e-04 5.591177224929468753e-02 2.491803278688524415e-03 1.334828939988782874e-02 0.000000000000000000e+00 0.000000000000000000e+00 6.860706860706861088e-03 8.336227856894754679e-03 0.000000000000000000e+00 0.000000000000000000e+00 4.531037607612143346e-04 0.000000000000000000e+00 7.735447689035002562e-04 8.926673751328374762e-02 6.417970316887284046e-03 2.322880371660859464e-03 1.280000000000000105e-03 3.922447607306959842e-03 0.000000000000000000e+00 4.048582995951416829e-04 1.229508196721311583e-03 6.734006734006734362e-04 0.000000000000000000e+00 0.000000000000000000e+00 0.000000000000000000e+00 0.000000000000000000e+00 0.000000000000000000e+00 0.000000000000000000e+00 0.000000000000000000e+00 2.219509488403062936e-04 0.000000000000000000e+00 0.000000000000000000e+00 0.000000000000000000e+00 3.431414600669125585e-04 0.000000000000000000e+00 2.497853407228163482e-03 0.000000000000000000e+00 0.000000000000000000e+00 0.000000000000000000e+00 1.579030475288173169e-04 0.000000000000000000e+00 3.519002614116227730e-03 1.270809505655102394e-04 1.404056162246489778e-03 0.000000000000000000e+00 5.485232067510548842e-03 0.000000000000000000e+00 1.770702915399749444e-02 0.000000000000000000e+00 1.196137772013258424e-02 9.578544061302682311e-05 9.865175928970733570e-04 0.000000000000000000e+00 5.454049631851649654e-04 3.061380682687892376e-04 2.652106084243369827e-02 1.859001859001859110e-03 3.306440946964687121e-03 0.000000000000000000e+00 2.631578947368420993e-03 3.509358288770053624e-03 1.851470890763217553e-03 0.000000000000000000e+00 3.205128205128205017e-03 0.000000000000000000e+00 4.273504273504273934e-03 0.000000000000000000e+00 0.000000000000000000e+00 0.000000000000000000e+00 8.168580561145968172e-03 0.000000000000000000e+00 0.000000000000000000e+00 0.000000000000000000e+00 2.073398299813394331e-03 0.000000000000000000e+00 3.900156006240249745e-04 0.000000000000000000e+00 0.000000000000000000e+00 3.984063745019920250e-03 0.000000000000000000e+00 0.000000000000000000e+00 0.000000000000000000e+00 0.000000000000000000e+00 0.000000000000000000e+00 0.000000000000000000e+00 0.000000000000000000e+00 0.000000000000000000e+00 0.000000000000000000e+00 0.000000000000000000e+00 0.000000000000000000e+00 0.000000000000000000e+00 0.000000000000000000e+00 0.000000000000000000e+00 0.000000000000000000e+00 0.000000000000000000e+00 0.000000000000000000e+00 0.000000000000000000e+00 0.000000000000000000e+00 0.000000000000000000e+00 0.000000000000000000e+00
4.018227009113504306e-02 4.142502071251035400e-04 7.290803645401822131e-02 1.097763048881524386e-02 8.285004142502070800e-04 2.071251035625517700e-04 1.412593206296603177e-01 1.574150787075393604e-02 4.163214581607290604e-02 2.071251035625517700e-04 1.296603148301574138e-01 1.657000828500414160e-03 0.000000000000000000e+00 7.647208768799387824e-03 1.052000000000000018e-01 2.305032654629273793e-03 4.890387858347386603e-03 2.564760194921774598e-04 4.983606557377048829e-03 7.851934941110488451e-04 0.000000000000000000e+00 0.000000000000000000e+00 1.767151767151767250e-02 9.725599166377213792e-03 0.000000000000000000e+00 1.563721657544956973e-03 0.000000000000000000e+00 0.000000000000000000e+00 1.069425643009089127e-01 2.656748140276301868e-03 2.166064981949458387e-02 1.684088269454123155e-02 3.200000000000000153e-03 2.353468564384175732e-03 1.279317697228145095e-03 0.000000000000000000e+00 8.196721311475409829e-04 3.367003367003367181e-04 0.000000000000000000e+00 0.000000000000000000e+00 0.000000000000000000e+00 0.000000000000000000e+00 1.419849495953428979e-04 0.000000000000000000e+00 0.000000000000000000e+00 0.000000000000000000e+00 0.000000000000000000e+00 1.677570877369568734e-04 2.836074872376630955e-04 8.578536501672813963e-05 1.648073022312373202e-03 0.000000000000000000e+00 0.000000000000000000e+00 0.000000000000000000e+00 1.173938563881823417e-03 0.000000000000000000e+00 4.763921236502223142e-03 0.000000000000000000e+00 1.652052357351633085e-03 3.120124804992199688e-04 1.208207478387667878e-02 0.000000000000000000e+00 2.397820163487738437e-02 0.000000000000000000e+00 1.838552140189600795e-02 0.000000000000000000e+00 1.436781609195402279e-03 3.288391976323577857e-04 7.705644384511655147e-04 0.000000000000000000e+00 4.668605541099035694e-02 6.933610677760444112e-04 3.331903331903331850e-02 3.438698584843274519e-03 0.000000000000000000e+00 1.315789473684210497e-03 3.074866310160427954e-02 4.114379757251594369e-03 0.000000000000000000e+00 0.000000000000000000e+00 8.374939603800934246e-03 0.000000000000000000e+00 0.000000000000000000e+00 0.000000000000000000e+00 1.411498042447970405e-02 0.000000000000000000e+00 0.000000000000000000e+00 0.000000000000000000e+00 6.852667645619187238e-03 0.000000000000000000e+00 0.000000000000000000e+00 7.800312012480499491e-04 4.108463434675431198e-04 0.000000000000000000e+00 0.000000000000000000e+00 0.000000000000000000e+00 0.000000000000000000e+00 0.000000000000000000e+00 0.000000000000000000e+00 6.958942240779401921e-04 0.000000000000000000e+00 0.000000000000000000e+00 0.000000000000000000e+00 5.122076148198737066e-04 4.142502071251035400e-04 0.000000000000000000e+00 0.000000000000000000e+00 0.000000000000000000e+00 0.000000000000000000e+00 0.000000000000000000e+00 9.033423667570008664e-04 0.000000000000000000e+00 0.000000000000000000e+00 0.000000000000000000e+00 0.000000000000000000e+00 0.000000000000000000e+00
