0.000000000000000000e+00 1.867100727690540127e-02 6.054610209734863358e-02 4.532390006632766241e-03 1.098297638660076896e-03 0.000000000000000000e+00 1.145584725536992893e-01 2.199494116353238864e-03 3.541076487252124705e-03 0.000000000000000000e+00 2.343107700739928689e-01 7.945967421533571681e-04 5.303650351939760699e-02 2.781641168289290876e-04 2.184200946487076939e-03 0.000000000000000000e+00 4.697472555527189286e-02 3.465804066543438141e-03 4.652406417112299464e-02 2.171742386420369431e-02 0.000000000000000000e+00 0.000000000000000000e+00 2.221516978736908995e-03 0.000000000000000000e+00 0.000000000000000000e+00 0.000000000000000000e+00 0.000000000000000000e+00 0.000000000000000000e+00 4.142723506614993945e-02 1.033992503554349331e-03 6.940588561910049879e-03 6.233118637024724802e-04 7.519927808693036182e-03 2.373999057936881929e-02 0.000000000000000000e+00 0.000000000000000000e+00 5.135284373274433961e-02 1.715265866209262410e-03 1.511715797430083184e-03 0.000000000000000000e+00 4.040404040404040401e-03 0.000000000000000000e+00 0.000000000000000000e+00 0.000000000000000000e+00 2.886419396738345829e-04 0.000000000000000000e+00 2.784739626844889848e-04 0.000000000000000000e+00 9.296560272699101301e-04 2.402113860196973213e-04 1.506963209311993311e-02 0.000000000000000000e+00 4.223369310183012343e-03 1.832844574780058649e-04 1.327433628318584052e-03 0.000000000000000000e+00 2.813871347532912459e-01 2.286367533581023202e-03 3.720855956563397932e-02 1.645007402533311405e-04 8.595181062420741147e-02 0.000000000000000000e+00 1.463168516649848705e-02 0.000000000000000000e+00 6.544836379090522571e-02 1.209628644006290082e-04 1.530054644808743168e-02 7.429420505200593980e-04 9.938524590163934358e-02 2.908855850032320695e-03 9.562594268476620751e-02 2.549162418062636375e-03 4.846416382252559385e-02 7.618632999564649332e-04 0.000000000000000000e+00 0.000000000000000000e+00 6.040437021223157149e-02 1.624915368991198270e-03 0.000000000000000000e+00 0.000000000000000000e+00 4.305125790394188391e-03 1.664447403462050712e-04 0.000000000000000000e+00 0.000000000000000000e+00 1.528922109912511651e-02 9.604302727621975041e-05 0.000000000000000000e+00 0.000000000000000000e+00 2.921279212792127905e-02 0.000000000000000000e+00 1.222493887530562342e-03 1.914791766395404493e-03 6.620324395895399059e-04 2.143622722400857425e-03 3.172205438066465211e-02 6.088280060882800271e-03 1.174168297455968667e-03 1.250781738586616634e-03 5.376344086021505372e-04 0.000000000000000000e+00 1.826484018264840125e-03 1.383125864453665357e-03 1.777251184834123142e-03 0.000000000000000000e+00 1.421464108031272183e-03 0.000000000000000000e+00 0.000000000000000000e+00 0.000000000000000000e+00 0.000000000000000000e+00 0.000000000000000000e+00 0.000000000000000000e+00 0.000000000000000000e+00 0.000000000000000000e+00 0.000000000000000000e+00 0.000000000000000000e+00 0.000000000000000000e+00
1.867100727690540127e-02 0.000000000000000000e+00 1.319087191663369024e-03 1.085562679637408767e-01 0.000000000000000000e+00 0.000000000000000000e+00 1.403902849922785421e-03 8.918948641812382561e-02 0.000000000000000000e+00 1.106719367588932836e-02 5.480953685941354278e-04 9.515295987286452595e-02 1.636929120969061991e-04 1.543810848400556379e-02 0.000000000000000000e+00 2.176616915422885639e-03 7.658922644881286691e-04 4.043438077634010919e-02 1.697860962566844975e-02 7.476285571642536654e-02 0.000000000000000000e+00 0.000000000000000000e+00 3.173595683909869684e-04 6.273525721455457506e-04 0.000000000000000000e+00 0.000000000000000000e+00 0.000000000000000000e+00 7.042253521126760939e-04 4.009087264466123417e-04 2.468657102236008691e-02 6.662965019433648127e-03 6.233118637024724802e-04 1.819822529703714678e-02 2.242110221384832625e-02 0.000000000000000000e+00 0.000000000000000000e+00 2.760905577029265862e-04 7.404230989136649510e-02 0.000000000000000000e+00 8.088978766430738460e-03 0.000000000000000000e+00 7.662835249042145198e-03 0.000000000000000000e+00 1.039392994491217172e-04 0.000000000000000000e+00 1.045259747047141150e-03 0.000000000000000000e+00 1.872659176029962621e-04 0.000000000000000000e+00 7.926975738650011982e-03 1.039284971939305696e-04 1.354082457558609606e-02 0.000000000000000000e+00 7.331378299120234598e-04 0.000000000000000000e+00 1.207104673219520571e-03 1.819544043669057065e-03 2.784605125273887927e-01 6.387735547748323332e-04 2.730712288205296850e-02 0.000000000000000000e+00 4.501969611705120694e-02 0.000000000000000000e+00 2.189321152937470302e-02 2.124946876328091751e-04 4.124833676061449156e-02 4.967709885742672624e-04 2.488855869242198940e-02 1.229508196721311453e-02 9.082094376212022924e-02 1.508295625942684829e-03 3.905680990531682634e-02 1.365187713310580218e-04 3.167174575533304032e-02 0.000000000000000000e+00 1.600000000000000033e-02 1.632550546276528977e-03 5.077860528097494913e-02 0.000000000000000000e+00 0.000000000000000000e+00 0.000000000000000000e+00 4.993342210386151649e-03 0.000000000000000000e+00 6.544502617801047518e-04 0.000000000000000000e+00 1.824817518248175036e-02 0.000000000000000000e+00 0.000000000000000000e+00 0.000000000000000000e+00 8.791208791208791201e-03 9.168704156479217564e-04 4.308281474389660110e-03 0.000000000000000000e+00 1.607717041800643069e-03 3.021148036253776432e-03 1.826484018264840081e-02 0.000000000000000000e+00 4.377736085053158220e-03 0.000000000000000000e+00 0.000000000000000000e+00 0.000000000000000000e+00 5.532503457814661428e-03 2.962085308056872264e-04 1.494768310911808720e-03 7.107320540156360916e-04 2.839756592292089210e-03 1.162790697674418589e-03 0.000000000000000000e+00 0.000000000000000000e+00 0.000000000000000000e+00 0.000000000000000000e+00 0.000000000000000000e+00 0.000000000000000000e+00 8.658008658008658001e-04 0.000000000000000000e+00 2.262443438914027351e-03
6.054610209734863358e-02 1.319087191663369024e-03 0.000000000000000000e+00 1.547645368118505350e-03 2.580999450851180835e-02 4.452359750667853858e-04 2.619682717955917339e-01 4.398988232706477729e-03 1.133144475920679940e-02 2.371541501976284771e-03 3.069334064127158049e-02 2.781088597536750251e-03 5.827467670649860709e-02 2.086230876216968021e-03 2.948671277757553694e-02 0.000000000000000000e+00 1.838141434771508806e-02 9.242144177449168087e-04 9.652406417112299741e-02 2.121817274088866855e-03 0.000000000000000000e+00 0.000000000000000000e+00 1.848619485877499302e-01 2.509410288582183002e-03 2.048417132216014819e-02 2.016129032258064460e-03 5.479452054794520157e-04 0.000000000000000000e+00 2.659361218762528248e-02 1.680237818275817554e-03 2.692948362021099426e-02 1.205069603158113491e-02 1.323507294329974437e-02 3.297220913801224805e-03 1.154068090017310944e-03 0.000000000000000000e+00 1.546107123136388796e-02 2.858776443682104016e-04 0.000000000000000000e+00 0.000000000000000000e+00 0.000000000000000000e+00 0.000000000000000000e+00 0.000000000000000000e+00 0.000000000000000000e+00 1.298888728532255786e-03 1.045259747047141231e-04 2.784739626844889848e-04 0.000000000000000000e+00 1.239541369693213579e-03 0.000000000000000000e+00 3.221783413011848011e-03 1.010509296685529454e-04 0.000000000000000000e+00 0.000000000000000000e+00 4.424778761061946841e-04 0.000000000000000000e+00 4.923472118163330601e-03 0.000000000000000000e+00 1.006068348770360922e-02 0.000000000000000000e+00 3.663519797097365173e-03 1.875820671543800325e-04 2.018163471241170553e-03 0.000000000000000000e+00 4.887377815554610865e-03 0.000000000000000000e+00 8.147044212617983103e-03 4.952947003467062653e-04 6.147540983606557263e-03 3.232062055591467258e-04 3.227752639517345729e-02 1.274581209031318187e-03 6.989761092150170718e-02 2.285589899869394908e-03 0.000000000000000000e+00 0.000000000000000000e+00 8.564611327389175244e-02 1.624915368991198270e-03 5.633802816901408751e-03 0.000000000000000000e+00 2.690703618996367744e-04 0.000000000000000000e+00 0.000000000000000000e+00 0.000000000000000000e+00 9.343412893909793784e-04 0.000000000000000000e+00 0.000000000000000000e+00 0.000000000000000000e+00 3.075030750307503058e-03 0.000000000000000000e+00 1.528117359413203036e-03 4.786979415988511233e-04 1.655081098973849819e-03 1.071811361200428712e-03 7.552870090634441515e-03 3.044140030441400135e-03 0.000000000000000000e+00 6.253908692933083172e-04 1.075268817204301074e-03 0.000000000000000000e+00 9.132420091324200623e-04 0.000000000000000000e+00 5.924170616113744528e-04 5.979073243647235096e-04 1.421464108031272183e-03 4.056795131845841729e-04 0.000000000000000000e+00 0.000000000000000000e+00 0.000000000000000000e+00 0.000000000000000000e+00 8.517887563884156844e-04 0.000000000000000000e+00 0.000000000000000000e+00 0.000000000000000000e+00 0.000000000000000000e+00 0.000000000000000000e+00
4.532390006632766241e-03 1.085562679637408767e-01 1.547645368118505350e-03 0.000000000000000000e+00 0.000000000000000000e+00 3.606411398040961641e-02 2.807805699845570841e-03 2.005938634114153851e-01 0.000000000000000000e+00 1.581027667984189616e-02 5.480953685941354278e-04 2.661899086213746421e-02 8.184645604845310497e-04 1.766342141863699519e-02 0.000000000000000000e+00 1.368159203980099520e-02 1.021189685984171631e-03 2.125693160813308530e-02 4.812834224598930809e-03 1.527708437343983927e-01 1.278772378516624146e-03 6.583278472679394023e-04 6.505871152015233611e-03 2.379757423672103633e-01 3.258845437616387369e-03 3.360215053763440912e-03 0.000000000000000000e+00 0.000000000000000000e+00 5.345449685954830861e-04 3.347550730257205925e-02 1.443642420877290326e-02 4.134635362559734018e-02 3.459166791998796904e-03 1.149317004239283971e-02 0.000000000000000000e+00 7.215007215007215001e-04 2.760905577029265862e-04 3.544882790165809067e-02 0.000000000000000000e+00 7.077856420626895718e-03 0.000000000000000000e+00 2.298850574712643646e-02 0.000000000000000000e+00 3.118178983473651245e-04 0.000000000000000000e+00 5.226298735235705749e-04 0.000000000000000000e+00 1.872659176029962621e-04 0.000000000000000000e+00 3.242853711265914190e-03 1.039284971939305696e-04 4.547291835084882501e-03 0.000000000000000000e+00 3.665689149560117299e-04 0.000000000000000000e+00 1.724435247456457959e-04 3.210960077063041720e-04 2.591216538058492905e-02 3.193867773874161666e-04 2.154959697318637943e-02 1.409046075806678975e-04 2.813731007315700434e-03 0.000000000000000000e+00 1.102535832414553493e-03 2.124946876328091751e-04 5.443328898028305246e-03 0.000000000000000000e+00 1.436354631005448169e-02 8.196721311475409829e-04 2.391725921137685673e-02 1.709401709401709400e-03 4.005826656955571718e-02 6.825938566552901092e-04 5.931649978232476916e-02 0.000000000000000000e+00 1.600000000000000033e-02 5.023232450081627871e-04 7.935003385240352314e-02 0.000000000000000000e+00 0.000000000000000000e+00 0.000000000000000000e+00 0.000000000000000000e+00 8.250825082508250925e-04 0.000000000000000000e+00 0.000000000000000000e+00 1.056473300038417119e-03 0.000000000000000000e+00 0.000000000000000000e+00 0.000000000000000000e+00 5.494505494505494501e-04 6.112469437652811709e-04 4.786979415988511233e-04 3.310162197947699530e-04 5.359056806002143562e-04 3.021148036253776432e-03 7.610350076103500339e-03 0.000000000000000000e+00 6.253908692933083172e-04 0.000000000000000000e+00 6.535947712418300201e-04 0.000000000000000000e+00 0.000000000000000000e+00 2.962085308056872264e-04 1.195814648729447019e-03 0.000000000000000000e+00 2.434077079107505037e-03 0.000000000000000000e+00 0.000000000000000000e+00 0.000000000000000000e+00 0.000000000000000000e+00 0.000000000000000000e+00 0.000000000000000000e+00 0.000000000000000000e+00 1.731601731601731600e-03 0.000000000000000000e+00 2.262443438914027351e-03
1.098297638660076896e-03 0.000000000000000000e+00 2.580999450851180835e-02 0.000000000000000000e+00 0.000000000000000000e+00 8.904719501335707716e-04 1.502176049417380289e-02 3.299241174529858080e-04 2.627478753541076517e-01 1.581027667984189703e-03 2.740476842970677139e-04 0.000000000000000000e+00 3.764936978228842525e-03 0.000000000000000000e+00 5.642519111758281802e-02 9.328358208955223703e-04 2.552974214960429078e-04 0.000000000000000000e+00 1.336898395721925164e-04 0.000000000000000000e+00 2.685421994884910554e-02 7.899934167215273695e-03 5.871152015233259240e-03 2.509410288582183002e-03 7.076350093109869122e-02 1.276881720430107607e-02 1.605479452054794642e-01 1.408450704225352188e-03 1.322998797273820630e-02 0.000000000000000000e+00 8.328706274292059508e-03 2.493247454809889921e-03 1.503985561738607291e-04 0.000000000000000000e+00 0.000000000000000000e+00 0.000000000000000000e+00 2.760905577029265862e-04 0.000000000000000000e+00 0.000000000000000000e+00 0.000000000000000000e+00 0.000000000000000000e+00 0.000000000000000000e+00 3.425830763960260438e-04 0.000000000000000000e+00 0.000000000000000000e+00 0.000000000000000000e+00 0.000000000000000000e+00 0.000000000000000000e+00 0.000000000000000000e+00 0.000000000000000000e+00 2.078569943878611393e-04 0.000000000000000000e+00 9.385265133740027790e-04 0.000000000000000000e+00 4.424778761061946841e-04 0.000000000000000000e+00 1.070320025687680618e-04 0.000000000000000000e+00 1.596933886937080833e-04 0.000000000000000000e+00 1.409046075806678975e-04 0.000000000000000000e+00 0.000000000000000000e+00 0.000000000000000000e+00 0.000000000000000000e+00 0.000000000000000000e+00 9.935419771485345247e-05 0.000000000000000000e+00 0.000000000000000000e+00 0.000000000000000000e+00 2.292609351432880679e-02 1.820830298616169071e-04 2.006825938566552878e-02 1.088376142794949885e-04 0.000000000000000000e+00 0.000000000000000000e+00 1.004646490016325574e-03 0.000000000000000000e+00 0.000000000000000000e+00 0.000000000000000000e+00 2.690703618996367744e-04 0.000000000000000000e+00 8.250825082508250925e-04 0.000000000000000000e+00 3.397604688694470516e-04 0.000000000000000000e+00 1.015228426395939137e-03 0.000000000000000000e+00 1.845018450184501791e-03 0.000000000000000000e+00 0.000000000000000000e+00 0.000000000000000000e+00 0.000000000000000000e+00 0.000000000000000000e+00 0.000000000000000000e+00 0.000000000000000000e+00 0.000000000000000000e+00 0.000000000000000000e+00 0.000000000000000000e+00 0.000000000000000000e+00 0.000000000000000000e+00 0.000000000000000000e+00 0.000000000000000000e+00 0.000000000000000000e+00 0.000000000000000000e+00 0.000000000000000000e+00 0.000000000000000000e+00 0.000000000000000000e+00 0.000000000000000000e+00 0.000000000000000000e+00 0.000000000000000000e+00 0.000000000000000000e+00 0.000000000000000000e+00 0.000000000000000000e+00 0.000000000000000000e+00 0.000000000000000000e+00
0.000000000000000000e+00 0.000000000000000000e+00 4.452359750667853858e-04 3.606411398040961641e-02 8.904719501335707716e-04 0.000000000000000000e+00 0.000000000000000000e+00 4.289013526888815937e-03 7.082152974504249627e-04 1.501976284584980170e-01 0.000000000000000000e+00 0.000000000000000000e+00 0.000000000000000000e+00 2.781641168289290876e-04 0.000000000000000000e+00 1.511194029850746190e-01 0.000000000000000000e+00 0.000000000000000000e+00 0.000000000000000000e+00 2.496255616575137476e-04 2.046035805626598633e-02 5.529953917050691586e-02 4.760393525864805068e-04 8.573818485989126090e-03 6.052141527001861886e-03 5.846774193548386761e-02 5.479452054794520157e-04 2.809859154929577607e-01 0.000000000000000000e+00 1.111541941320925465e-02 6.940588561910049879e-03 5.194265530853937191e-03 0.000000000000000000e+00 3.768252472915685275e-04 0.000000000000000000e+00 0.000000000000000000e+00 0.000000000000000000e+00 0.000000000000000000e+00 0.000000000000000000e+00 0.000000000000000000e+00 0.000000000000000000e+00 0.000000000000000000e+00 0.000000000000000000e+00 0.000000000000000000e+00 0.000000000000000000e+00 0.000000000000000000e+00 0.000000000000000000e+00 1.872659176029962621e-04 0.000000000000000000e+00 1.201056930098486606e-04 0.000000000000000000e+00 0.000000000000000000e+00 0.000000000000000000e+00 0.000000000000000000e+00 0.000000000000000000e+00 1.724435247456457959e-04 0.000000000000000000e+00 1.905306277984185912e-04 0.000000000000000000e+00 0.000000000000000000e+00 0.000000000000000000e+00 0.000000000000000000e+00 0.000000000000000000e+00 0.000000000000000000e+00 0.000000000000000000e+00 0.000000000000000000e+00 0.000000000000000000e+00 2.476473501733531327e-04 0.000000000000000000e+00 0.000000000000000000e+00 2.011060834590246258e-04 3.277494537509104133e-02 0.000000000000000000e+00 2.916848062690465676e-02 0.000000000000000000e+00 0.000000000000000000e+00 0.000000000000000000e+00 1.760324983073798324e-03 0.000000000000000000e+00 0.000000000000000000e+00 0.000000000000000000e+00 0.000000000000000000e+00 0.000000000000000000e+00 0.000000000000000000e+00 0.000000000000000000e+00 3.841721091048790017e-04 0.000000000000000000e+00 0.000000000000000000e+00 0.000000000000000000e+00 7.326007326007326001e-04 0.000000000000000000e+00 0.000000000000000000e+00 0.000000000000000000e+00 0.000000000000000000e+00 0.000000000000000000e+00 0.000000000000000000e+00 0.000000000000000000e+00 0.000000000000000000e+00 0.000000000000000000e+00 0.000000000000000000e+00 0.000000000000000000e+00 0.000000000000000000e+00 0.000000000000000000e+00 0.000000000000000000e+00 0.000000000000000000e+00 0.000000000000000000e+00 0.000000000000000000e+00 0.000000000000000000e+00 0.000000000000000000e+00 0.000000000000000000e+00 0.000000000000000000e+00 0.000000000000000000e+00 0.000000000000000000e+00 0.000000000000000000e+00 0.000000000000000000e+00 0.000000000000000000e+00
1.145584725536992893e-01 1.403902849922785421e-03 2.619682717955917339e-01 2.807805699845570841e-03 1.502176049417380289e-02 0.000000000000000000e+00 0.000000000000000000e+00 6.818431760695039742e-03 1.225212464589235106e-01 0.000000000000000000e+00 8.002192381474376726e-02 2.582439411998410823e-03 2.154198723195285547e-01 1.947148817802503559e-03 2.184200946487076939e-02 3.109452736318407901e-04 1.021189685984171631e-03 6.931608133086876065e-04 2.112299465240641619e-02 5.117324013979031826e-03 0.000000000000000000e+00 0.000000000000000000e+00 1.824817518248175036e-02 2.509410288582183002e-03 6.517690875232774739e-03 0.000000000000000000e+00 0.000000000000000000e+00 0.000000000000000000e+00 7.483629560336763423e-03 1.421739692387230221e-03 5.274847307051637631e-03 9.141907334302930288e-03 2.406376898781771665e-03 5.087140838436175067e-03 0.000000000000000000e+00 0.000000000000000000e+00 1.380452788514632823e-03 2.858776443682104016e-04 0.000000000000000000e+00 0.000000000000000000e+00 0.000000000000000000e+00 0.000000000000000000e+00 1.712915381980130219e-04 0.000000000000000000e+00 2.886419396738345829e-04 0.000000000000000000e+00 2.784739626844889848e-04 0.000000000000000000e+00 1.394484040904865304e-03 0.000000000000000000e+00 9.353564747453751646e-03 0.000000000000000000e+00 3.754106053496011116e-03 0.000000000000000000e+00 4.424778761061946841e-04 0.000000000000000000e+00 2.782832066787969526e-03 1.905306277984185912e-04 5.908655381667199218e-03 4.935022207599934485e-04 1.183598703677610220e-02 1.875820671543800325e-04 3.279515640766901986e-03 0.000000000000000000e+00 2.783680407989800112e-02 1.209628644006290082e-04 1.291604570293094882e-03 3.714710252600296990e-04 1.229508196721311583e-03 0.000000000000000000e+00 8.908999497234791620e-02 3.732702112163146461e-03 1.774744027303754371e-02 1.632564214192424841e-03 0.000000000000000000e+00 0.000000000000000000e+00 1.268366193645610943e-02 2.843601895734597026e-03 1.408450704225352188e-03 0.000000000000000000e+00 2.556168438046549276e-03 0.000000000000000000e+00 0.000000000000000000e+00 0.000000000000000000e+00 8.748832073388260536e-03 0.000000000000000000e+00 1.015228426395939137e-03 0.000000000000000000e+00 2.060270602706026910e-02 0.000000000000000000e+00 3.056234718826405855e-04 0.000000000000000000e+00 0.000000000000000000e+00 0.000000000000000000e+00 0.000000000000000000e+00 0.000000000000000000e+00 0.000000000000000000e+00 0.000000000000000000e+00 0.000000000000000000e+00 0.000000000000000000e+00 0.000000000000000000e+00 0.000000000000000000e+00 0.000000000000000000e+00 0.000000000000000000e+00 7.107320540156360916e-04 0.000000000000000000e+00 0.000000000000000000e+00 0.000000000000000000e+00 0.000000000000000000e+00 0.000000000000000000e+00 0.000000000000000000e+00 0.000000000000000000e+00 0.000000000000000000e+00 0.000000000000000000e+00 0.000000000000000000e+00 0.000000000000000000e+00
2.199494116353238864e-03 8.918948641812382561e-02 4.398988232706477729e-03 2.005938634114153851e-01 3.299241174529858080e-04 4.289013526888815937e-03 6.818431760695039742e-03 0.000000000000000000e+00 7.082152974504249627e-04 1.193675889328063289e-01 3.562619895861879847e-03 1.207787048073102887e-01 3.764936978228842525e-03 3.460361613351877752e-01 0.000000000000000000e+00 1.990049751243781057e-02 1.531784528976257338e-03 1.062846580406654265e-02 4.679144385026737588e-03 1.672491263105341935e-02 0.000000000000000000e+00 0.000000000000000000e+00 1.317042208822596060e-02 3.094939355918025978e-02 1.396648044692737475e-03 0.000000000000000000e+00 0.000000000000000000e+00 0.000000000000000000e+00 1.202726179339836917e-03 1.473439317564947601e-02 2.803997779011660127e-02 1.433617286515686748e-02 3.007971123477214473e-03 7.442298634008478499e-03 5.770340450086554719e-04 0.000000000000000000e+00 5.521811154058531724e-04 5.431675242995997847e-03 0.000000000000000000e+00 1.011122345803842307e-03 0.000000000000000000e+00 0.000000000000000000e+00 0.000000000000000000e+00 0.000000000000000000e+00 0.000000000000000000e+00 4.181038988188564925e-04 0.000000000000000000e+00 0.000000000000000000e+00 0.000000000000000000e+00 3.963487869325005991e-03 0.000000000000000000e+00 1.030719482619240138e-02 0.000000000000000000e+00 1.466275659824046920e-03 0.000000000000000000e+00 6.897740989825831837e-04 1.070320025687680618e-04 6.096980089549394917e-03 4.790801660811242228e-04 4.112518506333278159e-03 0.000000000000000000e+00 6.377790283248921215e-03 0.000000000000000000e+00 1.417546070247283031e-03 4.249893752656183502e-04 1.270110076206604557e-02 0.000000000000000000e+00 3.219415552253590725e-03 0.000000000000000000e+00 0.000000000000000000e+00 4.625439919557566663e-03 9.176984705025491296e-02 2.320819112627986371e-03 2.851545494122768865e-02 0.000000000000000000e+00 8.000000000000000167e-03 2.762777847544895058e-03 1.814488828706838086e-02 0.000000000000000000e+00 0.000000000000000000e+00 0.000000000000000000e+00 1.331557922769640570e-03 0.000000000000000000e+00 0.000000000000000000e+00 0.000000000000000000e+00 1.094890510948905160e-02 0.000000000000000000e+00 0.000000000000000000e+00 6.150061500615006333e-04 6.959706959706960135e-03 0.000000000000000000e+00 0.000000000000000000e+00 3.310162197947699530e-04 0.000000000000000000e+00 0.000000000000000000e+00 0.000000000000000000e+00 0.000000000000000000e+00 0.000000000000000000e+00 5.376344086021505372e-04 0.000000000000000000e+00 0.000000000000000000e+00 0.000000000000000000e+00 0.000000000000000000e+00 0.000000000000000000e+00 0.000000000000000000e+00 4.056795131845841729e-04 0.000000000000000000e+00 0.000000000000000000e+00 0.000000000000000000e+00 0.000000000000000000e+00 0.000000000000000000e+00 0.000000000000000000e+00 0.000000000000000000e+00 0.000000000000000000e+00 0.000000000000000000e+00 0.000000000000000000e+00
3.541076487252124705e-03 0.000000000000000000e+00 1.133144475920679940e-02 0.000000000000000000e+00 2.627478753541076517e-01 7.082152974504249627e-04 1.225212464589235106e-01 7.082152974504249627e-04 0.000000000000000000e+00 0.000000000000000000e+00 1.644286105782406067e-03 0.000000000000000000e+00 1.211327549517105841e-02 0.000000000000000000e+00 1.623589370222060513e-01 0.000000000000000000e+00 2.552974214960429078e-04 0.000000000000000000e+00 0.000000000000000000e+00 0.000000000000000000e+00 0.000000000000000000e+00 6.583278472679394023e-04 7.933989209774674209e-04 2.091175240485152592e-04 4.655493482309124736e-04 1.344086021505376451e-03 5.479452054794520157e-04 0.000000000000000000e+00 7.483629560336763423e-03 0.000000000000000000e+00 8.328706274292060159e-04 6.233118637024724802e-04 0.000000000000000000e+00 0.000000000000000000e+00 0.000000000000000000e+00 0.000000000000000000e+00 0.000000000000000000e+00 0.000000000000000000e+00 0.000000000000000000e+00 0.000000000000000000e+00 0.000000000000000000e+00 0.000000000000000000e+00 1.712915381980130219e-04 0.000000000000000000e+00 0.000000000000000000e+00 0.000000000000000000e+00 5.569479253689779696e-04 0.000000000000000000e+00 0.000000000000000000e+00 0.000000000000000000e+00 1.039284971939305696e-04 0.000000000000000000e+00 0.000000000000000000e+00 0.000000000000000000e+00 0.000000000000000000e+00 0.000000000000000000e+00 1.070320025687680618e-04 0.000000000000000000e+00 0.000000000000000000e+00 0.000000000000000000e+00 4.227138227420036655e-04 0.000000000000000000e+00 5.045408678102926382e-04 0.000000000000000000e+00 2.124946876328091751e-04 0.000000000000000000e+00 0.000000000000000000e+00 0.000000000000000000e+00 0.000000000000000000e+00 0.000000000000000000e+00 7.038712921065862389e-03 9.104151493080845357e-05 1.911262798634812132e-02 0.000000000000000000e+00 0.000000000000000000e+00 0.000000000000000000e+00 1.506969735024488253e-03 1.354096140825998649e-04 1.408450704225352188e-03 0.000000000000000000e+00 4.036055428494551346e-04 0.000000000000000000e+00 0.000000000000000000e+00 0.000000000000000000e+00 3.397604688694470516e-04 0.000000000000000000e+00 0.000000000000000000e+00 0.000000000000000000e+00 6.150061500615006333e-04 0.000000000000000000e+00 0.000000000000000000e+00 0.000000000000000000e+00 0.000000000000000000e+00 0.000000000000000000e+00 0.000000000000000000e+00 0.000000000000000000e+00 0.000000000000000000e+00 0.000000000000000000e+00 0.000000000000000000e+00 0.000000000000000000e+00 0.000000000000000000e+00 0.000000000000000000e+00 0.000000000000000000e+00 0.000000000000000000e+00 0.000000000000000000e+00 0.000000000000000000e+00 0.000000000000000000e+00 0.000000000000000000e+00 0.000000000000000000e+00 0.000000000000000000e+00 0.000000000000000000e+00 0.000000000000000000e+00 0.000000000000000000e+00 0.000000000000000000e+00 0.000000000000000000e+00 0.000000000000000000e+00
0.000000000000000000e+00 1.106719367588932836e-02 2.371541501976284771e-03 1.581027667984189616e-02 1.581027667984189703e-03 1.501976284584980170e-01 0.000000000000000000e+00 1.193675889328063289e-01 0.000000000000000000e+00 0.000000000000000000e+00 0.000000000000000000e+00 3.575685339690107094e-03 0.000000000000000000e+00 1.210013908205841496e-02 3.640334910811794536e-04 1.007462686567164173e-01 0.000000000000000000e+00 2.310536044362292022e-04 0.000000000000000000e+00 1.248127808287568738e-04 5.115089514066496583e-03 6.583278472679394023e-04 7.933989209774674209e-04 4.182350480970305185e-04 5.121042830540037047e-03 2.688172043010752903e-03 1.095890410958904031e-03 7.042253521126760939e-04 0.000000000000000000e+00 9.047434406100555992e-03 6.385341476957246375e-03 1.246623727404944960e-03 0.000000000000000000e+00 9.420631182289213187e-05 0.000000000000000000e+00 0.000000000000000000e+00 0.000000000000000000e+00 0.000000000000000000e+00 0.000000000000000000e+00 5.055611729019211537e-04 0.000000000000000000e+00 0.000000000000000000e+00 0.000000000000000000e+00 0.000000000000000000e+00 0.000000000000000000e+00 0.000000000000000000e+00 0.000000000000000000e+00 0.000000000000000000e+00 0.000000000000000000e+00 0.000000000000000000e+00 0.000000000000000000e+00 7.073565076798706041e-04 0.000000000000000000e+00 0.000000000000000000e+00 0.000000000000000000e+00 0.000000000000000000e+00 0.000000000000000000e+00 7.621225111936743646e-04 0.000000000000000000e+00 0.000000000000000000e+00 0.000000000000000000e+00 5.627462014631401518e-04 0.000000000000000000e+00 0.000000000000000000e+00 0.000000000000000000e+00 6.048143220031450273e-04 0.000000000000000000e+00 0.000000000000000000e+00 0.000000000000000000e+00 0.000000000000000000e+00 8.044243338360985030e-04 1.046977421704297154e-02 0.000000000000000000e+00 1.327818894209838868e-02 0.000000000000000000e+00 0.000000000000000000e+00 1.255808112520406968e-04 4.062288422477996000e-03 0.000000000000000000e+00 0.000000000000000000e+00 0.000000000000000000e+00 8.322237017310252748e-04 0.000000000000000000e+00 0.000000000000000000e+00 0.000000000000000000e+00 1.056473300038417119e-03 0.000000000000000000e+00 0.000000000000000000e+00 0.000000000000000000e+00 9.157509157509157501e-04 0.000000000000000000e+00 0.000000000000000000e+00 0.000000000000000000e+00 0.000000000000000000e+00 0.000000000000000000e+00 1.522070015220700068e-03 0.000000000000000000e+00 0.000000000000000000e+00 0.000000000000000000e+00 0.000000000000000000e+00 0.000000000000000000e+00 0.000000000000000000e+00 2.962085308056872264e-04 0.000000000000000000e+00 0.000000000000000000e+00 0.000000000000000000e+00 0.000000000000000000e+00 0.000000000000000000e+00 0.000000000000000000e+00 0.000000000000000000e+00 0.000000000000000000e+00 0.000000000000000000e+00 0.000000000000000000e+00 0.000000000000000000e+00 0.000000000000000000e+00 0.000000000000000000e+00
2.343107700739928689e-01 5.480953685941354278e-04 3.069334064127158049e-02 5.480953685941354278e-04 2.740476842970677139e-04 0.000000000000000000e+00 8.002192381474376726e-02 3.562619895861879847e-03 1.644286105782406067e-03 0.000000000000000000e+00 0.000000000000000000e+00 3.972983710766785840e-04 1.466688492388279474e-01 9.735744089012517795e-04 2.548234437568256284e-03 0.000000000000000000e+00 4.850651008424814586e-02 0.000000000000000000e+00 1.149732620320855631e-02 1.123315027458811864e-03 0.000000000000000000e+00 0.000000000000000000e+00 6.664550936210726986e-03 4.182350480970305185e-04 0.000000000000000000e+00 0.000000000000000000e+00 0.000000000000000000e+00 0.000000000000000000e+00 4.436723239342509756e-02 1.292490629442936663e-04 3.331482509716824063e-03 1.038853106170787395e-03 2.105579786434050044e-03 8.478568064060292139e-04 0.000000000000000000e+00 0.000000000000000000e+00 5.521811154058531724e-04 0.000000000000000000e+00 0.000000000000000000e+00 0.000000000000000000e+00 0.000000000000000000e+00 0.000000000000000000e+00 0.000000000000000000e+00 0.000000000000000000e+00 0.000000000000000000e+00 0.000000000000000000e+00 0.000000000000000000e+00 0.000000000000000000e+00 3.098853424233033948e-04 0.000000000000000000e+00 5.196424859696529295e-04 0.000000000000000000e+00 1.407789770061004331e-03 0.000000000000000000e+00 4.424778761061946841e-04 0.000000000000000000e+00 4.067216097613185997e-03 0.000000000000000000e+00 1.596933886937080833e-04 0.000000000000000000e+00 1.014513174580808710e-02 0.000000000000000000e+00 3.531786074672048359e-03 0.000000000000000000e+00 1.147471313217169643e-02 0.000000000000000000e+00 5.961251862891207148e-04 0.000000000000000000e+00 6.147540983606557914e-04 0.000000000000000000e+00 3.308195072900955297e-02 9.104151493080844815e-04 6.825938566552901092e-03 1.088376142794949967e-03 0.000000000000000000e+00 0.000000000000000000e+00 3.516262715057139401e-03 8.124576844955991349e-04 0.000000000000000000e+00 0.000000000000000000e+00 3.497914704695277797e-03 0.000000000000000000e+00 0.000000000000000000e+00 0.000000000000000000e+00 5.011466915824343456e-03 0.000000000000000000e+00 1.015228426395939137e-03 0.000000000000000000e+00 9.225092250922509174e-03 1.831501831501831500e-04 0.000000000000000000e+00 0.000000000000000000e+00 0.000000000000000000e+00 0.000000000000000000e+00 0.000000000000000000e+00 0.000000000000000000e+00 0.000000000000000000e+00 0.000000000000000000e+00 0.000000000000000000e+00 0.000000000000000000e+00 0.000000000000000000e+00 0.000000000000000000e+00 0.000000000000000000e+00 0.000000000000000000e+00 0.000000000000000000e+00 0.000000000000000000e+00 0.000000000000000000e+00 0.000000000000000000e+00 0.000000000000000000e+00 0.000000000000000000e+00 0.000000000000000000e+00 0.000000000000000000e+00 0.000000000000000000e+00 0.000000000000000000e+00 0.000000000000000000e+00 0.000000000000000000e+00
7.945967421533571681e-04 9.515295987286452595e-02 2.781088597536750251e-03 2.661899086213746421e-02 0.000000000000000000e+00 0.000000000000000000e+00 2.582439411998410823e-03 1.207787048073102887e-01 0.000000000000000000e+00 3.575685339690107094e-03 3.972983710766785840e-04 0.000000000000000000e+00 8.184645604845310497e-04 2.215577190542420138e-01 0.000000000000000000e+00 7.773631840796020077e-03 2.552974214960429078e-04 6.007393715341959040e-02 1.470588235294117627e-03 1.435346979530703962e-02 0.000000000000000000e+00 0.000000000000000000e+00 2.062837194541415620e-03 6.064408197406942654e-03 0.000000000000000000e+00 0.000000000000000000e+00 0.000000000000000000e+00 0.000000000000000000e+00 2.672724842977415431e-04 4.342768514928267015e-02 2.220988339811216187e-03 5.402036152088094539e-03 6.015942246954429163e-04 1.252943947244465443e-02 0.000000000000000000e+00 0.000000000000000000e+00 0.000000000000000000e+00 1.143510577472841606e-03 0.000000000000000000e+00 1.516683518705763461e-03 0.000000000000000000e+00 0.000000000000000000e+00 0.000000000000000000e+00 0.000000000000000000e+00 0.000000000000000000e+00 1.045259747047141231e-04 0.000000000000000000e+00 0.000000000000000000e+00 0.000000000000000000e+00 9.608455440787892852e-04 0.000000000000000000e+00 2.223120452708165096e-03 0.000000000000000000e+00 1.832844574780058649e-04 0.000000000000000000e+00 8.622176237282289796e-04 0.000000000000000000e+00 4.286939125464418396e-03 0.000000000000000000e+00 2.303010363546635804e-03 0.000000000000000000e+00 6.752954417557681388e-03 0.000000000000000000e+00 1.417546070247283074e-02 0.000000000000000000e+00 1.512035805007862568e-02 0.000000000000000000e+00 9.905894006934125307e-04 0.000000000000000000e+00 0.000000000000000000e+00 7.038712921065862172e-04 3.523306627822286874e-02 5.460750853242320874e-04 7.074444928167174240e-03 0.000000000000000000e+00 8.000000000000000167e-03 1.130227301268366298e-03 2.166553825321597838e-03 0.000000000000000000e+00 0.000000000000000000e+00 0.000000000000000000e+00 6.491344873501997750e-03 0.000000000000000000e+00 6.544502617801047518e-04 0.000000000000000000e+00 1.959277756434882681e-02 0.000000000000000000e+00 0.000000000000000000e+00 0.000000000000000000e+00 1.923076923076923184e-02 0.000000000000000000e+00 0.000000000000000000e+00 3.310162197947699530e-04 0.000000000000000000e+00 0.000000000000000000e+00 0.000000000000000000e+00 0.000000000000000000e+00 0.000000000000000000e+00 0.000000000000000000e+00 0.000000000000000000e+00 0.000000000000000000e+00 0.000000000000000000e+00 0.000000000000000000e+00 0.000000000000000000e+00 0.000000000000000000e+00 0.000000000000000000e+00 0.000000000000000000e+00 0.000000000000000000e+00 0.000000000000000000e+00 0.000000000000000000e+00 0.000000000000000000e+00 0.000000000000000000e+00 0.000000000000000000e+00 0.000000000000000000e+00 0.000000000000000000e+00 0.000000000000000000e+00
5.303650351939760699e-02 1.636929120969061991e-04 5.827467670649860709e-02 8.184645604845310497e-04 3.764936978228842525e-03 0.000000000000000000e+00 2.154198723195285547e-01 3.764936978228842525e-03 1.211327549517105841e-02 0.000000000000000000e+00 1.466688492388279474e-01 8.184645604845310497e-04 0.000000000000000000e+00 2.225312934631432701e-03 2.165999271933017889e-01 0.000000000000000000e+00 8.169517487873373049e-03 0.000000000000000000e+00 8.689839572192513406e-03 1.248127808287568738e-04 0.000000000000000000e+00 0.000000000000000000e+00 3.522691209139955371e-02 3.554997908824759651e-03 3.258845437616387369e-03 0.000000000000000000e+00 0.000000000000000000e+00 0.000000000000000000e+00 8.459174128023519423e-02 3.877471888328809448e-04 5.274847307051637631e-03 4.570953667151465144e-03 3.759963904346518091e-03 5.652378709373528454e-04 2.885170225043277685e-03 0.000000000000000000e+00 5.521811154058531724e-04 0.000000000000000000e+00 0.000000000000000000e+00 0.000000000000000000e+00 0.000000000000000000e+00 0.000000000000000000e+00 1.712915381980130219e-04 0.000000000000000000e+00 0.000000000000000000e+00 0.000000000000000000e+00 0.000000000000000000e+00 0.000000000000000000e+00 0.000000000000000000e+00 0.000000000000000000e+00 1.558927457908958680e-03 0.000000000000000000e+00 4.692632566870013895e-04 0.000000000000000000e+00 4.424778761061946841e-04 0.000000000000000000e+00 3.746120089906882205e-03 0.000000000000000000e+00 6.387735547748323332e-04 0.000000000000000000e+00 1.296322389742144560e-02 0.000000000000000000e+00 1.034308779011099827e-02 0.000000000000000000e+00 1.997450063748406127e-02 0.000000000000000000e+00 7.948335817188276198e-04 0.000000000000000000e+00 1.844262295081967266e-03 0.000000000000000000e+00 5.751633986928104264e-02 7.283321194464676285e-04 2.006825938566552878e-02 9.795385285154549915e-04 0.000000000000000000e+00 0.000000000000000000e+00 2.298128845912344662e-02 1.083276912660798919e-03 5.633802816901408751e-03 0.000000000000000000e+00 6.995829409390555594e-03 0.000000000000000000e+00 0.000000000000000000e+00 0.000000000000000000e+00 7.644610549562558255e-03 0.000000000000000000e+00 2.030456852791878274e-03 0.000000000000000000e+00 1.045510455104551109e-02 0.000000000000000000e+00 0.000000000000000000e+00 0.000000000000000000e+00 0.000000000000000000e+00 0.000000000000000000e+00 3.021148036253776432e-03 0.000000000000000000e+00 3.913894324853229071e-04 0.000000000000000000e+00 0.000000000000000000e+00 6.535947712418300201e-04 0.000000000000000000e+00 0.000000000000000000e+00 2.962085308056872264e-04 0.000000000000000000e+00 0.000000000000000000e+00 0.000000000000000000e+00 0.000000000000000000e+00 0.000000000000000000e+00 0.000000000000000000e+00 0.000000000000000000e+00 0.000000000000000000e+00 0.000000000000000000e+00 0.000000000000000000e+00 0.000000000000000000e+00 0.000000000000000000e+00 0.000000000000000000e+00
