3.001004138033506186e-01 4.636695885994692734e-01 3.254807817444443918e-01 4.602342233049394604e-01 0.000000000000000000e+00 0.000000000000000000e+00 2.994902964605666851e-01 4.359185806182719336e-01 3.494304061822310348e-01 0.000000000000000000e+00 3.391641068994718511e-01 4.449127237465452245e-01 3.166405845097141070e-01 0.000000000000000000e+00 3.751586254941895460e-01 0.000000000000000000e+00 3.661426723202255706e-01 4.665126021115513222e-01 3.715439027957897489e-01 4.746420946253925854e-01 0.000000000000000000e+00 0.000000000000000000e+00 3.833003004009312153e-01 0.000000000000000000e+00 0.000000000000000000e+00 0.000000000000000000e+00 0.000000000000000000e+00 0.000000000000000000e+00 4.077815638608552895e-01 4.770696927281580235e-01 3.914057252328341785e-01 3.794939066326530330e-01 3.814149261501489363e-01 4.564910197138626891e-01 4.227972606970324954e-01 0.000000000000000000e+00 4.767931318230668736e-01 5.093339662564441150e-01 0.000000000000000000e+00 0.000000000000000000e+00 4.257856767473118254e-01 0.000000000000000000e+00 4.621584792899408045e-01 4.670759020979021181e-01 4.399211864921004356e-01 4.569770450450450494e-01 0.000000000000000000e+00 0.000000000000000000e+00 4.128562628068990770e-01 4.813643683150181651e-01 4.058797839768948923e-01 4.417877911357996346e-01 4.114316618799243597e-01 5.035331755725190872e-01 4.079481674853485673e-01 0.000000000000000000e+00 3.039235114727774079e-01 4.747048583858508586e-01 3.991458275598133154e-01 4.757299277347966093e-01 3.917897296143317276e-01 4.774801908897554625e-01 3.840332060259772917e-01 4.671718226137819840e-01 4.104731567750435905e-01 4.989775428276573832e-01 3.855292464657888996e-01 4.938661191968423125e-01 3.410302529111782222e-01 4.914607785176561827e-01 3.379163324005191038e-01 4.473355394563154896e-01 3.787531106342928999e-01 4.414918439922120852e-01 3.968796686046511257e-01 0.000000000000000000e+00 3.758146942632694110e-01 4.430682254922113095e-01 4.192115633802817598e-01 0.000000000000000000e+00 3.644439361598499350e-01 0.000000000000000000e+00 0.000000000000000000e+00 0.000000000000000000e+00 4.054589447803680913e-01 4.220271468531468506e-01 3.925134748201438706e-01 0.000000000000000000e+00 4.199039568079158680e-01 4.255391984732824762e-01 5.183946166666666411e-01 4.524723607319299790e-01 4.364197355371900455e-01 4.139896212121212393e-01 4.413803653980786779e-01 4.264819007551240437e-01 4.999797126436781869e-01 0.000000000000000000e+00 0.000000000000000000e+00 4.521759509051702652e-01 0.000000000000000000e+00 4.198884736842105614e-01 4.293480246576397708e-01 4.208182779519938355e-01 4.424344430718756271e-01 4.356269716981132079e-01 0.000000000000000000e+00 0.000000000000000000e+00 4.471940422535211623e-01 0.000000000000000000e+00 0.000000000000000000e+00 0.000000000000000000e+00 0.000000000000000000e+00 0.000000000000000000e+00 0.000000000000000000e+00 0.000000000000000000e+00
4.636695885994692734e-01 2.889948214335317789e-01 4.594004003726656071e-01 3.546958501184089285e-01 0.000000000000000000e+00 0.000000000000000000e+00 4.388453699261533059e-01 3.314942187917530037e-01 0.000000000000000000e+00 3.031418767211099263e-01 4.460684735373011689e-01 3.102407584559945253e-01 4.053033889224783581e-01 3.469950999235859035e-01 0.000000000000000000e+00 3.857216705593793371e-01 4.531304907053080866e-01 3.558641782384206476e-01 4.653943637802129829e-01 3.510888940146432713e-01 0.000000000000000000e+00 0.000000000000000000e+00 4.414115672163390625e-01 4.498325665200713641e-01 0.000000000000000000e+00 0.000000000000000000e+00 0.000000000000000000e+00 0.000000000000000000e+00 4.572177587318938530e-01 4.063642764159641763e-01 4.024964272685274125e-01 4.198830626438870839e-01 4.872623831955559814e-01 4.487689926912224458e-01 0.000000000000000000e+00 4.142317108456771702e-01 5.160293471919468189e-01 4.898651672373796617e-01 0.000000000000000000e+00 5.055276116136374620e-01 4.736358350515463833e-01 4.032320312499999559e-01 0.000000000000000000e+00 4.236259249626483925e-01 0.000000000000000000e+00 4.231312808629522082e-01 0.000000000000000000e+00 4.118497497435897881e-01 4.294260554635761507e-01 4.296660868660653332e-01 4.478194466628032111e-01 4.080192563099475089e-01 0.000000000000000000e+00 4.058706568059927688e-01 4.343996522256728943e-01 4.048062339536621090e-01 4.729154367133500125e-01 3.342052549331944733e-01 4.652663471414800189e-01 4.009980662531049678e-01 4.473655164094614278e-01 4.002793786735965864e-01 5.081394395604394987e-01 3.911119149408013862e-01 0.000000000000000000e+00 4.119236376104981057e-01 4.729661919754575283e-01 3.907455347238203425e-01 5.058903539765277069e-01 3.379171246628515091e-01 4.749131222545323605e-01 3.457088237249789087e-01 4.412276076224116439e-01 3.937329162435945773e-01 0.000000000000000000e+00 4.402093421182912691e-01 4.410819290305842411e-01 3.960565600644816442e-01 0.000000000000000000e+00 0.000000000000000000e+00 0.000000000000000000e+00 4.221482783584799003e-01 0.000000000000000000e+00 0.000000000000000000e+00 4.268204744723549382e-01 4.335924847241149349e-01 0.000000000000000000e+00 4.272304351111111398e-01 4.597100047287491220e-01 4.356629171017178392e-01 4.247080956521739892e-01 4.170283032620177299e-01 0.000000000000000000e+00 4.156107247510392178e-01 4.516536360202715317e-01 4.473181083061041341e-01 4.558355153846154195e-01 0.000000000000000000e+00 0.000000000000000000e+00 4.524299032325272418e-01 0.000000000000000000e+00 0.000000000000000000e+00 4.558212111567261360e-01 4.332626302490297787e-01 0.000000000000000000e+00 4.235011557572953000e-01 0.000000000000000000e+00 5.067519569892473541e-01 0.000000000000000000e+00 0.000000000000000000e+00 0.000000000000000000e+00 0.000000000000000000e+00 4.404986506212290043e-01 0.000000000000000000e+00 3.743235841584157675e-01 0.000000000000000000e+00
3.254807817444443918e-01 4.594004003726656071e-01 2.671340012794503060e-01 4.353039099286933888e-01 1.953151086592487262e-01 4.093244975360171845e-01 2.882802503972248243e-01 4.248265191156805343e-01 2.728878803714824830e-01 4.121510339001966394e-01 3.620818520752339675e-01 4.405290591201618255e-01 3.336234350640251978e-01 4.237271128852763136e-01 3.258114198718793375e-01 4.161264188801988562e-01 3.883860481499862849e-01 4.599736737643591034e-01 2.978750817683277208e-01 4.830258641889177973e-01 0.000000000000000000e+00 0.000000000000000000e+00 2.745384949186644441e-01 4.131231743585265792e-01 2.208258459861719425e-01 4.291907050018946568e-01 3.592508863636363348e-01 0.000000000000000000e+00 3.448670107892908843e-01 4.286421048048114635e-01 3.577075346721626525e-01 4.094418224943772167e-01 4.007699543894067129e-01 4.531762689343560302e-01 4.215117501728711247e-01 0.000000000000000000e+00 4.219855069863727159e-01 5.079066559285708715e-01 0.000000000000000000e+00 0.000000000000000000e+00 4.016246032039501035e-01 0.000000000000000000e+00 4.480696226774465996e-01 0.000000000000000000e+00 4.313284115427278298e-01 5.102879814814815784e-01 4.443783833182364806e-01 0.000000000000000000e+00 4.207648087876558751e-01 4.915184880306260329e-01 3.998234320003510867e-01 4.029640097612554595e-01 4.229583723999576494e-01 0.000000000000000000e+00 4.134479448405688484e-01 0.000000000000000000e+00 3.930359794807770646e-01 4.685694082549992645e-01 4.199164573104914866e-01 4.572981479656248460e-01 3.696030656311643514e-01 0.000000000000000000e+00 3.372915894554883165e-01 0.000000000000000000e+00 3.694559361305805867e-01 0.000000000000000000e+00 4.328057783185597085e-01 4.561341852907363492e-01 3.860281612607346369e-01 4.638930629370630609e-01 3.505421699457272333e-01 4.189288268432866391e-01 3.447284530789032631e-01 4.180023668388929137e-01 3.383752744103102894e-01 0.000000000000000000e+00 3.853729867235697326e-01 4.374749333965570197e-01 3.683827500000000366e-01 0.000000000000000000e+00 3.696389903370793650e-01 0.000000000000000000e+00 0.000000000000000000e+00 0.000000000000000000e+00 3.732977900632478141e-01 4.208890258377853133e-01 3.967962470656055118e-01 0.000000000000000000e+00 3.904409976702802876e-01 4.209955893920225289e-01 4.091174969796644301e-01 4.180826719598997321e-01 4.271575079365079741e-01 4.333544710029338942e-01 4.283187022465127503e-01 4.032247500000000207e-01 4.359458293342247659e-01 0.000000000000000000e+00 4.073554629629629886e-01 0.000000000000000000e+00 3.962667573529411458e-01 0.000000000000000000e+00 4.309667107600715363e-01 4.318175371900827009e-01 0.000000000000000000e+00 0.000000000000000000e+00 0.000000000000000000e+00 0.000000000000000000e+00 4.229491444444444803e-01 0.000000000000000000e+00 4.143362281746031384e-01 0.000000000000000000e+00 0.000000000000000000e+00 3.841125579169661908e-01 0.000000000000000000e+00 0.000000000000000000e+00
4.602342233049394604e-01 3.546958501184089285e-01 4.353039099286933888e-01 2.586245517556642892e-01 4.267740712617578147e-01 2.438401849269096200e-01 4.383353548552478829e-01 3.091803731097825803e-01 4.281841523393061788e-01 2.638761641042708384e-01 4.550090268461611243e-01 3.821138026708946200e-01 4.178991993490538959e-01 3.710141958041687782e-01 4.147910330232316145e-01 3.363363719413900443e-01 4.393803947661449882e-01 3.962109533152710639e-01 4.611637633250013635e-01 2.693306477283944900e-01 0.000000000000000000e+00 0.000000000000000000e+00 4.301866391567679693e-01 2.648278662057171884e-01 4.030038379928315151e-01 2.193099550971839562e-01 0.000000000000000000e+00 3.185174517763259550e-01 4.522495437474243762e-01 3.736918235661231824e-01 4.095152346561494738e-01 3.465674223738518522e-01 4.783471716558551079e-01 3.758167988321496900e-01 0.000000000000000000e+00 4.481515385157299747e-01 4.571893074360251497e-01 4.554973316402075589e-01 0.000000000000000000e+00 4.373013665234307679e-01 0.000000000000000000e+00 3.662839411764706177e-01 0.000000000000000000e+00 4.162518997930598208e-01 0.000000000000000000e+00 4.520222605501468816e-01 4.788027076023392836e-01 4.321501731944931701e-01 5.781029607843137796e-01 4.530097964192301707e-01 4.534343825136613049e-01 4.214722830526282937e-01 0.000000000000000000e+00 4.319669724329928129e-01 0.000000000000000000e+00 4.313914840083686864e-01 4.554941338856323685e-01 4.156440120556299522e-01 0.000000000000000000e+00 4.338563722020298830e-01 4.071987114093959526e-01 3.962492499994152428e-01 0.000000000000000000e+00 4.047626853319947760e-01 0.000000000000000000e+00 4.288864019192213384e-01 4.718938651605570356e-01 4.435186417915751855e-01 5.248088390804597214e-01 4.266581228695635608e-01 4.343121876053197550e-01 3.772738926550269212e-01 4.215687347183394440e-01 3.746919146419217528e-01 0.000000000000000000e+00 3.521915000061531797e-01 4.411079387262180074e-01 3.915857961862656555e-01 0.000000000000000000e+00 0.000000000000000000e+00 0.000000000000000000e+00 4.155667063826203322e-01 0.000000000000000000e+00 4.209693139534884665e-01 4.610933047311009947e-01 4.088680512429358482e-01 0.000000000000000000e+00 0.000000000000000000e+00 4.211810992647059271e-01 4.095860476764865976e-01 4.267176577181208685e-01 4.080021386501183067e-01 3.672658181818181378e-01 4.120439922480619854e-01 4.312221029897009839e-01 4.170510608669643071e-01 0.000000000000000000e+00 0.000000000000000000e+00 0.000000000000000000e+00 4.180647877211373098e-01 0.000000000000000000e+00 0.000000000000000000e+00 0.000000000000000000e+00 4.172363702487107417e-01 0.000000000000000000e+00 3.914424713715591864e-01 0.000000000000000000e+00 3.863932692307692207e-01 0.000000000000000000e+00 0.000000000000000000e+00 4.261120769230768435e-01 0.000000000000000000e+00 4.126063189655172492e-01 0.000000000000000000e+00 3.913709401709401514e-01 0.000000000000000000e+00
0.000000000000000000e+00 0.000000000000000000e+00 1.953151086592487262e-01 4.267740712617578147e-01 1.861675258831508029e-01 4.220107990837154155e-01 2.494121731093401351e-01 4.497026020008250691e-01 2.144922896551829661e-01 4.354955871589212824e-01 3.542704159125188434e-01 0.000000000000000000e+00 2.937892500000000018e-01 4.253053298611111366e-01 2.956647023290985832e-01 4.394687347397624455e-01 3.651175366632860020e-01 0.000000000000000000e+00 3.452763577520353566e-01 0.000000000000000000e+00 4.176234000000000335e-01 0.000000000000000000e+00 3.154595833539000083e-01 4.279605298148148051e-01 2.105228980459882271e-01 4.188126296478792421e-01 2.829341707241520565e-01 4.407481562500000227e-01 3.378484885689467254e-01 4.169235348297213872e-01 3.624217039844074839e-01 4.008170605298056466e-01 3.426785476190476465e-01 4.531525992858408958e-01 4.347806412213740535e-01 0.000000000000000000e+00 4.425438793103448343e-01 0.000000000000000000e+00 0.000000000000000000e+00 0.000000000000000000e+00 0.000000000000000000e+00 0.000000000000000000e+00 4.893328134328358558e-01 0.000000000000000000e+00 0.000000000000000000e+00 0.000000000000000000e+00 4.795223702330164151e-01 0.000000000000000000e+00 4.873496785714285795e-01 0.000000000000000000e+00 4.450366585119798213e-01 0.000000000000000000e+00 0.000000000000000000e+00 0.000000000000000000e+00 4.217969500000000593e-01 0.000000000000000000e+00 4.604131946308725465e-01 0.000000000000000000e+00 0.000000000000000000e+00 0.000000000000000000e+00 0.000000000000000000e+00 0.000000000000000000e+00 0.000000000000000000e+00 0.000000000000000000e+00 3.565964480000000103e-01 0.000000000000000000e+00 4.318981709214719800e-01 0.000000000000000000e+00 0.000000000000000000e+00 0.000000000000000000e+00 3.007052635634148152e-01 4.137589873417721331e-01 3.401545952204591550e-01 0.000000000000000000e+00 3.258419150793650521e-01 0.000000000000000000e+00 3.960299600279831300e-01 0.000000000000000000e+00 0.000000000000000000e+00 0.000000000000000000e+00 4.335641081269620001e-01 0.000000000000000000e+00 0.000000000000000000e+00 0.000000000000000000e+00 4.152821692945661836e-01 0.000000000000000000e+00 3.990865433605200185e-01 0.000000000000000000e+00 4.204687038995820192e-01 0.000000000000000000e+00 0.000000000000000000e+00 0.000000000000000000e+00 0.000000000000000000e+00 0.000000000000000000e+00 0.000000000000000000e+00 0.000000000000000000e+00 0.000000000000000000e+00 0.000000000000000000e+00 0.000000000000000000e+00 0.000000000000000000e+00 0.000000000000000000e+00 0.000000000000000000e+00 0.000000000000000000e+00 0.000000000000000000e+00 0.000000000000000000e+00 0.000000000000000000e+00 0.000000000000000000e+00 0.000000000000000000e+00 0.000000000000000000e+00 0.000000000000000000e+00 0.000000000000000000e+00 0.000000000000000000e+00 0.000000000000000000e+00 0.000000000000000000e+00 0.000000000000000000e+00 0.000000000000000000e+00
0.000000000000000000e+00 0.000000000000000000e+00 4.093244975360171845e-01 2.438401849269096200e-01 4.220107990837154155e-01 2.039270450719468386e-01 4.327206710280373514e-01 2.651759604050051844e-01 4.193296208333333053e-01 1.870022355056891183e-01 0.000000000000000000e+00 0.000000000000000000e+00 0.000000000000000000e+00 3.684751205948192943e-01 3.755563734939759146e-01 2.167225450609632231e-01 0.000000000000000000e+00 0.000000000000000000e+00 4.216502368421052305e-01 3.662454904031447467e-01 3.518445659277503745e-01 2.710736919510149945e-01 3.864674781291972949e-01 1.977592741857148173e-01 4.075309094979850388e-01 2.144807056308375981e-01 4.130866426863245566e-01 2.461534928928834354e-01 4.236352511627907158e-01 3.206607252990326118e-01 3.941863546325891088e-01 3.125700062279529456e-01 0.000000000000000000e+00 3.912329148152664526e-01 0.000000000000000000e+00 4.633312021276595472e-01 0.000000000000000000e+00 0.000000000000000000e+00 0.000000000000000000e+00 0.000000000000000000e+00 0.000000000000000000e+00 0.000000000000000000e+00 0.000000000000000000e+00 4.462160865027947065e-01 0.000000000000000000e+00 4.585519527559055453e-01 0.000000000000000000e+00 4.526854087912087765e-01 0.000000000000000000e+00 0.000000000000000000e+00 0.000000000000000000e+00 4.638340400000000030e-01 0.000000000000000000e+00 0.000000000000000000e+00 0.000000000000000000e+00 4.368790642762410137e-01 0.000000000000000000e+00 0.000000000000000000e+00 0.000000000000000000e+00 4.738614285714286001e-01 0.000000000000000000e+00 0.000000000000000000e+00 0.000000000000000000e+00 0.000000000000000000e+00 0.000000000000000000e+00 0.000000000000000000e+00 0.000000000000000000e+00 4.620758482449548454e-01 0.000000000000000000e+00 0.000000000000000000e+00 3.758341449431817916e-01 2.886203510162012043e-01 0.000000000000000000e+00 3.012198498698279159e-01 0.000000000000000000e+00 2.597696941421256955e-01 0.000000000000000000e+00 3.809312240165631525e-01 0.000000000000000000e+00 0.000000000000000000e+00 0.000000000000000000e+00 4.355919037157248153e-01 0.000000000000000000e+00 4.124228636363636569e-01 0.000000000000000000e+00 3.984780655174170461e-01 0.000000000000000000e+00 3.881808752487075354e-01 0.000000000000000000e+00 4.149160411833655027e-01 0.000000000000000000e+00 0.000000000000000000e+00 0.000000000000000000e+00 0.000000000000000000e+00 0.000000000000000000e+00 0.000000000000000000e+00 0.000000000000000000e+00 0.000000000000000000e+00 0.000000000000000000e+00 0.000000000000000000e+00 0.000000000000000000e+00 0.000000000000000000e+00 0.000000000000000000e+00 0.000000000000000000e+00 0.000000000000000000e+00 0.000000000000000000e+00 0.000000000000000000e+00 0.000000000000000000e+00 0.000000000000000000e+00 0.000000000000000000e+00 0.000000000000000000e+00 0.000000000000000000e+00 0.000000000000000000e+00 0.000000000000000000e+00 0.000000000000000000e+00 0.000000000000000000e+00
2.994902964605666851e-01 4.388453699261533059e-01 2.882802503972248243e-01 4.383353548552478829e-01 2.494121731093401351e-01 4.327206710280373514e-01 2.791392340737839373e-01 4.146166404778800496e-01 2.506399341286169591e-01 3.925627534246575734e-01 3.394082578459529653e-01 4.224882761173327506e-01 2.683451368818621230e-01 4.147932632521173502e-01 3.105342491490084011e-01 4.309687405307391361e-01 3.441662474819408013e-01 4.379002157776306081e-01 3.600596372445109550e-01 4.457765770088013002e-01 0.000000000000000000e+00 0.000000000000000000e+00 3.419486509262478213e-01 4.227477808967803896e-01 0.000000000000000000e+00 4.185496159727123411e-01 0.000000000000000000e+00 0.000000000000000000e+00 3.254209541781951653e-01 4.203636393941487803e-01 3.486575166048510033e-01 4.140501241241763553e-01 3.694852764418295465e-01 4.313772634102266412e-01 0.000000000000000000e+00 4.124362378426171261e-01 3.896807922455005069e-01 4.879885764858896136e-01 0.000000000000000000e+00 0.000000000000000000e+00 0.000000000000000000e+00 0.000000000000000000e+00 0.000000000000000000e+00 0.000000000000000000e+00 3.972711205026455139e-01 4.662910840396131684e-01 0.000000000000000000e+00 0.000000000000000000e+00 4.122284807414764440e-01 0.000000000000000000e+00 3.878408623897990348e-01 4.183149405637255347e-01 4.079709180537720026e-01 0.000000000000000000e+00 3.970621624788851500e-01 0.000000000000000000e+00 3.570496865845785295e-01 4.437807401328095480e-01 3.762056428606192493e-01 0.000000000000000000e+00 3.854310540500031079e-01 4.573850192307692408e-01 3.585555908653319523e-01 0.000000000000000000e+00 3.762198225041821220e-01 4.693549176978510373e-01 4.189650382400522677e-01 4.577699449251789177e-01 3.839040778093003592e-01 0.000000000000000000e+00 3.014261970082759978e-01 4.226671716893002917e-01 3.370934804268775897e-01 4.210635249011298598e-01 3.487512651515151108e-01 4.390617500000000284e-01 3.600075501031755887e-01 4.243061878391260477e-01 3.419133225806451626e-01 0.000000000000000000e+00 3.639557625944118135e-01 0.000000000000000000e+00 0.000000000000000000e+00 0.000000000000000000e+00 3.805999905915804504e-01 3.964909923922032564e-01 4.095759688658577868e-01 0.000000000000000000e+00 3.916326077805050709e-01 4.120042437499999433e-01 4.505389107142857563e-01 0.000000000000000000e+00 0.000000000000000000e+00 0.000000000000000000e+00 4.325492698514767920e-01 4.787431981132075909e-01 3.953874368932038808e-01 0.000000000000000000e+00 4.507631724137930451e-01 0.000000000000000000e+00 0.000000000000000000e+00 0.000000000000000000e+00 4.050874393090569958e-01 4.256694942181556418e-01 0.000000000000000000e+00 0.000000000000000000e+00 0.000000000000000000e+00 0.000000000000000000e+00 0.000000000000000000e+00 0.000000000000000000e+00 0.000000000000000000e+00 0.000000000000000000e+00 3.996254512809841453e-01 0.000000000000000000e+00 0.000000000000000000e+00 0.000000000000000000e+00
4.359185806182719336e-01 3.314942187917530037e-01 4.248265191156805343e-01 3.091803731097825803e-01 4.497026020008250691e-01 2.651759604050051844e-01 4.146166404778800496e-01 2.594089926185460526e-01 4.250582199925856952e-01 2.425020663941926113e-01 4.259242393119597181e-01 3.180942769302584350e-01 4.085005558792806357e-01 2.705363293440000705e-01 3.617068076923076747e-01 3.230449790821568468e-01 4.377646395214300767e-01 3.695064565689759051e-01 4.468406400105251475e-01 3.797154797109716373e-01 0.000000000000000000e+00 0.000000000000000000e+00 4.262703077598217760e-01 3.705108401282442010e-01 4.082020952380953083e-01 2.957163678931123418e-01 0.000000000000000000e+00 0.000000000000000000e+00 4.203967248554401626e-01 3.424596841872864506e-01 3.964364734907964150e-01 3.535062399580356507e-01 4.597476724338475096e-01 3.746122672547838595e-01 3.975564421991420461e-01 4.595258723404255785e-01 4.751028453608248103e-01 4.416453922116915232e-01 0.000000000000000000e+00 4.534155692307691998e-01 4.474534915028994808e-01 0.000000000000000000e+00 0.000000000000000000e+00 4.349240158203341311e-01 0.000000000000000000e+00 4.354938165112448023e-01 0.000000000000000000e+00 4.400953611111111385e-01 0.000000000000000000e+00 3.815096416173471283e-01 0.000000000000000000e+00 3.824508973722183791e-01 0.000000000000000000e+00 3.915398782936932998e-01 0.000000000000000000e+00 3.967713964326549103e-01 0.000000000000000000e+00 3.679222632026815654e-01 4.172416532258064747e-01 4.055788534691392999e-01 0.000000000000000000e+00 3.795082631859306721e-01 0.000000000000000000e+00 3.819131734111221865e-01 0.000000000000000000e+00 3.918831029490603135e-01 4.989075524158381181e-01 4.465214649726314544e-01 4.794979309831181036e-01 4.385256999540417255e-01 4.117014323018211019e-01 3.084370957843591277e-01 4.104686127877940627e-01 3.530589963227341865e-01 3.983757260273972367e-01 3.665112551601077406e-01 4.308697475354214546e-01 3.668087062158609801e-01 0.000000000000000000e+00 0.000000000000000000e+00 0.000000000000000000e+00 3.959209091714581130e-01 0.000000000000000000e+00 0.000000000000000000e+00 4.350846935483870803e-01 4.043956297032054170e-01 0.000000000000000000e+00 0.000000000000000000e+00 0.000000000000000000e+00 3.901457619494132500e-01 3.996646269841269694e-01 0.000000000000000000e+00 0.000000000000000000e+00 0.000000000000000000e+00 0.000000000000000000e+00 4.499974380165289722e-01 3.999081391304347144e-01 0.000000000000000000e+00 0.000000000000000000e+00 4.189939500000000594e-01 0.000000000000000000e+00 0.000000000000000000e+00 4.324650890000000247e-01 4.229412545303485316e-01 0.000000000000000000e+00 4.024731426005746515e-01 0.000000000000000000e+00 0.000000000000000000e+00 0.000000000000000000e+00 0.000000000000000000e+00 0.000000000000000000e+00 0.000000000000000000e+00 0.000000000000000000e+00 0.000000000000000000e+00 0.000000000000000000e+00 0.000000000000000000e+00
3.494304061822310348e-01 0.000000000000000000e+00 2.728878803714824830e-01 4.281841523393061788e-01 2.144922896551829661e-01 4.193296208333333053e-01 2.506399341286169591e-01 4.250582199925856952e-01 2.181727473743175216e-01 4.204554377885137972e-01 3.379963017302917150e-01 0.000000000000000000e+00 2.725370378720044506e-01 4.021996549983667957e-01 2.694894485338594214e-01 4.181990870346277700e-01 0.000000000000000000e+00 0.000000000000000000e+00 3.886063008130081764e-01 4.319271181818181704e-01 0.000000000000000000e+00 0.000000000000000000e+00 3.206725722734745654e-01 4.296399987597380732e-01 2.701909153477241587e-01 4.068248288675712643e-01 2.483527909598214622e-01 4.454158356164383270e-01 3.329290949394902444e-01 4.140163818868168311e-01 3.566883331916090860e-01 4.017676118958866671e-01 0.000000000000000000e+00 0.000000000000000000e+00 0.000000000000000000e+00 0.000000000000000000e+00 4.232327977528089757e-01 0.000000000000000000e+00 0.000000000000000000e+00 0.000000000000000000e+00 0.000000000000000000e+00 0.000000000000000000e+00 4.893301685205783125e-01 0.000000000000000000e+00 0.000000000000000000e+00 0.000000000000000000e+00 4.427979011904762396e-01 0.000000000000000000e+00 4.685107226277372416e-01 0.000000000000000000e+00 4.113539688860667898e-01 0.000000000000000000e+00 0.000000000000000000e+00 0.000000000000000000e+00 0.000000000000000000e+00 0.000000000000000000e+00 3.317295082986764787e-01 0.000000000000000000e+00 0.000000000000000000e+00 0.000000000000000000e+00 3.785633415107978461e-01 0.000000000000000000e+00 3.735187409247110457e-01 0.000000000000000000e+00 3.733169425906761596e-01 0.000000000000000000e+00 0.000000000000000000e+00 0.000000000000000000e+00 0.000000000000000000e+00 0.000000000000000000e+00 3.135350908142552351e-01 0.000000000000000000e+00 3.276500702180235591e-01 0.000000000000000000e+00 2.868558541564291686e-01 0.000000000000000000e+00 3.757107671717171971e-01 3.923722121212120384e-01 0.000000000000000000e+00 0.000000000000000000e+00 3.738240849370008667e-01 0.000000000000000000e+00 3.954941774193547754e-01 0.000000000000000000e+00 3.960349255155239945e-01 0.000000000000000000e+00 3.820029107142857705e-01 0.000000000000000000e+00 4.059259324083604459e-01 0.000000000000000000e+00 0.000000000000000000e+00 0.000000000000000000e+00 0.000000000000000000e+00 0.000000000000000000e+00 0.000000000000000000e+00 0.000000000000000000e+00 0.000000000000000000e+00 0.000000000000000000e+00 0.000000000000000000e+00 0.000000000000000000e+00 0.000000000000000000e+00 0.000000000000000000e+00 0.000000000000000000e+00 0.000000000000000000e+00 0.000000000000000000e+00 0.000000000000000000e+00 0.000000000000000000e+00 0.000000000000000000e+00 0.000000000000000000e+00 0.000000000000000000e+00 0.000000000000000000e+00 0.000000000000000000e+00 0.000000000000000000e+00 0.000000000000000000e+00 0.000000000000000000e+00 0.000000000000000000e+00
0.000000000000000000e+00 3.031418767211099263e-01 4.121510339001966394e-01 2.638761641042708384e-01 4.354955871589212824e-01 1.870022355056891183e-01 3.925627534246575734e-01 2.425020663941926113e-01 4.204554377885137972e-01 1.972751241436902780e-01 0.000000000000000000e+00 3.626205739877048639e-01 4.006895735294118133e-01 3.472938732592146804e-01 4.056368802263137230e-01 2.769598820841627229e-01 0.000000000000000000e+00 3.361798500000000023e-01 0.000000000000000000e+00 4.358050085470085433e-01 0.000000000000000000e+00 0.000000000000000000e+00 4.215433779399007097e-01 3.272258406255265650e-01 4.328772423465522268e-01 2.659455714285713923e-01 0.000000000000000000e+00 2.208986600233100173e-01 0.000000000000000000e+00 3.371885727103318131e-01 4.122875800068778740e-01 3.560418549233721475e-01 0.000000000000000000e+00 0.000000000000000000e+00 0.000000000000000000e+00 0.000000000000000000e+00 0.000000000000000000e+00 3.902794935064935467e-01 0.000000000000000000e+00 0.000000000000000000e+00 0.000000000000000000e+00 0.000000000000000000e+00 0.000000000000000000e+00 3.785015172413792595e-01 0.000000000000000000e+00 3.464779500000000345e-01 0.000000000000000000e+00 4.398115840707964574e-01 0.000000000000000000e+00 3.315355460992907566e-01 0.000000000000000000e+00 4.226466984126983628e-01 0.000000000000000000e+00 4.387722554744525882e-01 0.000000000000000000e+00 0.000000000000000000e+00 0.000000000000000000e+00 3.685817567567567510e-01 0.000000000000000000e+00 0.000000000000000000e+00 0.000000000000000000e+00 0.000000000000000000e+00 0.000000000000000000e+00 0.000000000000000000e+00 0.000000000000000000e+00 3.671215789473683544e-01 0.000000000000000000e+00 0.000000000000000000e+00 0.000000000000000000e+00 0.000000000000000000e+00 0.000000000000000000e+00 2.960335721735766201e-01 4.074124506150829106e-01 3.268499516959164630e-01 0.000000000000000000e+00 3.127270038599062052e-01 0.000000000000000000e+00 3.882651523883374201e-01 0.000000000000000000e+00 0.000000000000000000e+00 0.000000000000000000e+00 3.949625419612994848e-01 0.000000000000000000e+00 0.000000000000000000e+00 0.000000000000000000e+00 3.730761650266952723e-01 0.000000000000000000e+00 3.785328714285713936e-01 0.000000000000000000e+00 3.872511830501235708e-01 0.000000000000000000e+00 0.000000000000000000e+00 0.000000000000000000e+00 0.000000000000000000e+00 0.000000000000000000e+00 0.000000000000000000e+00 0.000000000000000000e+00 0.000000000000000000e+00 0.000000000000000000e+00 0.000000000000000000e+00 0.000000000000000000e+00 0.000000000000000000e+00 0.000000000000000000e+00 0.000000000000000000e+00 0.000000000000000000e+00 0.000000000000000000e+00 0.000000000000000000e+00 0.000000000000000000e+00 0.000000000000000000e+00 0.000000000000000000e+00 0.000000000000000000e+00 0.000000000000000000e+00 0.000000000000000000e+00 0.000000000000000000e+00 0.000000000000000000e+00 0.000000000000000000e+00
3.391641068994718511e-01 4.460684735373011689e-01 3.620818520752339675e-01 4.550090268461611243e-01 3.542704159125188434e-01 0.000000000000000000e+00 3.394082578459529653e-01 4.259242393119597181e-01 3.379963017302917150e-01 0.000000000000000000e+00 2.664796795977171229e-01 4.310977517646703006e-01 3.246666984145720192e-01 4.410712898550723793e-01 3.532665021164592689e-01 0.000000000000000000e+00 4.131089833016911572e-01 4.375581020135322352e-01 3.842423169421114726e-01 4.560645928077274314e-01 0.000000000000000000e+00 0.000000000000000000e+00 3.810482723956735707e-01 4.249675674498998301e-01 0.000000000000000000e+00 0.000000000000000000e+00 0.000000000000000000e+00 0.000000000000000000e+00 3.842935330727896837e-01 4.574928453792584948e-01 3.781908993860685353e-01 3.945506657436726461e-01 3.750527051055553840e-01 4.364319432906747509e-01 0.000000000000000000e+00 0.000000000000000000e+00 4.649182962962962740e-01 0.000000000000000000e+00 4.391577768595040787e-01 0.000000000000000000e+00 4.385286440677966247e-01 0.000000000000000000e+00 0.000000000000000000e+00 0.000000000000000000e+00 4.083221187202178415e-01 0.000000000000000000e+00 0.000000000000000000e+00 0.000000000000000000e+00 0.000000000000000000e+00 0.000000000000000000e+00 4.212976369125249199e-01 0.000000000000000000e+00 0.000000000000000000e+00 0.000000000000000000e+00 0.000000000000000000e+00 0.000000000000000000e+00 3.431519251437883389e-01 4.333556346153845662e-01 3.991619727175313437e-01 0.000000000000000000e+00 4.103455997437813196e-01 0.000000000000000000e+00 4.189797404181184182e-01 0.000000000000000000e+00 4.223654560797600599e-01 0.000000000000000000e+00 4.323439424244145401e-01 0.000000000000000000e+00 3.613011294995109868e-01 5.158035981308412010e-01 3.274650125814349000e-01 4.444599474434534625e-01 3.790695714759211854e-01 4.293652615384615512e-01 0.000000000000000000e+00 0.000000000000000000e+00 3.862914098239725869e-01 4.214533022424137299e-01 4.093824477611940349e-01 0.000000000000000000e+00 3.857455360333097438e-01 0.000000000000000000e+00 0.000000000000000000e+00 0.000000000000000000e+00 4.089664940197790255e-01 4.516647543859648728e-01 0.000000000000000000e+00 0.000000000000000000e+00 4.093956759921455468e-01 0.000000000000000000e+00 0.000000000000000000e+00 0.000000000000000000e+00 0.000000000000000000e+00 4.106510696202531618e-01 0.000000000000000000e+00 0.000000000000000000e+00 0.000000000000000000e+00 0.000000000000000000e+00 0.000000000000000000e+00 0.000000000000000000e+00 0.000000000000000000e+00 0.000000000000000000e+00 0.000000000000000000e+00 0.000000000000000000e+00 0.000000000000000000e+00 0.000000000000000000e+00 0.000000000000000000e+00 0.000000000000000000e+00 0.000000000000000000e+00 0.000000000000000000e+00 0.000000000000000000e+00 0.000000000000000000e+00 0.000000000000000000e+00 0.000000000000000000e+00 0.000000000000000000e+00 0.000000000000000000e+00
4.449127237465452245e-01 3.102407584559945253e-01 4.405290591201618255e-01 3.821138026708946200e-01 0.000000000000000000e+00 0.000000000000000000e+00 4.224882761173327506e-01 3.180942769302584350e-01 0.000000000000000000e+00 3.626205739877048639e-01 4.310977517646703006e-01 2.618674963259531308e-01 4.063939849628263046e-01 2.418068003623122519e-01 0.000000000000000000e+00 3.652754363719528663e-01 0.000000000000000000e+00 3.215401321712534344e-01 4.543384063491907598e-01 3.870799285561235537e-01 0.000000000000000000e+00 0.000000000000000000e+00 4.313804531684178323e-01 3.750885033579826056e-01 0.000000000000000000e+00 0.000000000000000000e+00 0.000000000000000000e+00 0.000000000000000000e+00 4.572040625000000080e-01 3.263975328387950237e-01 4.365386386428494192e-01 3.694707504269810761e-01 4.511712838054906527e-01 3.713324275994501211e-01 0.000000000000000000e+00 0.000000000000000000e+00 3.968464660194174209e-01 4.532698032740801186e-01 0.000000000000000000e+00 0.000000000000000000e+00 4.404401979166666092e-01 0.000000000000000000e+00 0.000000000000000000e+00 0.000000000000000000e+00 0.000000000000000000e+00 4.414945055256869200e-01 0.000000000000000000e+00 0.000000000000000000e+00 0.000000000000000000e+00 4.429189133858267291e-01 0.000000000000000000e+00 3.995260721086550948e-01 0.000000000000000000e+00 4.095364897959183348e-01 0.000000000000000000e+00 4.777299382716049814e-01 4.701764215686273229e-01 4.001736768387201826e-01 0.000000000000000000e+00 4.183244552001564864e-01 0.000000000000000000e+00 4.125845383062836658e-01 0.000000000000000000e+00 4.158800442105169415e-01 0.000000000000000000e+00 4.294123416314932218e-01 0.000000000000000000e+00 4.483534124578030799e-01 0.000000000000000000e+00 4.225644947616156166e-01 4.386104449759791191e-01 3.251158004322499129e-01 4.095539920227465047e-01 3.532215652560142805e-01 0.000000000000000000e+00 0.000000000000000000e+00 4.317483945503051146e-01 3.927743458580546521e-01 0.000000000000000000e+00 0.000000000000000000e+00 0.000000000000000000e+00 4.266350524774950581e-01 0.000000000000000000e+00 0.000000000000000000e+00 0.000000000000000000e+00 4.400105104997790173e-01 0.000000000000000000e+00 0.000000000000000000e+00 0.000000000000000000e+00 4.497270750502149195e-01 0.000000000000000000e+00 0.000000000000000000e+00 0.000000000000000000e+00 0.000000000000000000e+00 4.676994262295082194e-01 0.000000000000000000e+00 0.000000000000000000e+00 0.000000000000000000e+00 0.000000000000000000e+00 0.000000000000000000e+00 0.000000000000000000e+00 0.000000000000000000e+00 0.000000000000000000e+00 0.000000000000000000e+00 0.000000000000000000e+00 0.000000000000000000e+00 0.000000000000000000e+00 0.000000000000000000e+00 0.000000000000000000e+00 0.000000000000000000e+00 0.000000000000000000e+00 0.000000000000000000e+00 0.000000000000000000e+00 0.000000000000000000e+00 0.000000000000000000e+00 0.000000000000000000e+00
3.166405845097141070e-01 4.053033889224783581e-01 3.336234350640251978e-01 4.178991993490538959e-01 2.937892500000000018e-01 0.000000000000000000e+00 2.683451368818621230e-01 4.085005558792806357e-01 2.725370378720044506e-01 4.006895735294118133e-01 3.246666984145720192e-01 4.063939849628263046e-01 2.576751050359417095e-01 4.052183749229265608e-01 2.483735942186529877e-01 4.019963881324091770e-01 3.748380822139138480e-01 4.120003720930232594e-01 3.816780383192895365e-01 4.209456625816401787e-01 0.000000000000000000e+00 0.000000000000000000e+00 3.507990026044944809e-01 4.148456733536052821e-01 0.000000000000000000e+00 3.905331443298968863e-01 0.000000000000000000e+00 0.000000000000000000e+00 2.887239040789222333e-01 4.052326683954524111e-01 3.512717707940242740e-01 4.067181245623545105e-01 3.995617922077921436e-01 4.250150382783471348e-01 3.901236875000000381e-01 0.000000000000000000e+00 4.069530255070799574e-01 0.000000000000000000e+00 0.000000000000000000e+00 0.000000000000000000e+00 0.000000000000000000e+00 0.000000000000000000e+00 0.000000000000000000e+00 0.000000000000000000e+00 0.000000000000000000e+00 0.000000000000000000e+00 0.000000000000000000e+00 0.000000000000000000e+00 0.000000000000000000e+00 0.000000000000000000e+00 3.933086696140333793e-01 0.000000000000000000e+00 0.000000000000000000e+00 0.000000000000000000e+00 0.000000000000000000e+00 0.000000000000000000e+00 3.815159183738453530e-01 4.170234934210526601e-01 4.045726576576065270e-01 4.187246363636363267e-01 3.948210589838718199e-01 0.000000000000000000e+00 3.727832534283173072e-01 0.000000000000000000e+00 3.874821828694127168e-01 4.105569214285714197e-01 4.087711194029850503e-01 0.000000000000000000e+00 4.089604897199461409e-01 4.407700163934426540e-01 3.006996272048408914e-01 3.854597964079822248e-01 3.467525279911436997e-01 4.135192429739225628e-01 0.000000000000000000e+00 0.000000000000000000e+00 3.718929362464468702e-01 4.227891946649108834e-01 3.801582428571428918e-01 0.000000000000000000e+00 3.789682092091374299e-01 0.000000000000000000e+00 0.000000000000000000e+00 0.000000000000000000e+00 3.755572951197739817e-01 0.000000000000000000e+00 3.794055128205128247e-01 0.000000000000000000e+00 3.948985099478369842e-01 0.000000000000000000e+00 4.065911206896551944e-01 4.380422666666666798e-01 0.000000000000000000e+00 0.000000000000000000e+00 4.453437558139534680e-01 0.000000000000000000e+00 0.000000000000000000e+00 0.000000000000000000e+00 0.000000000000000000e+00 0.000000000000000000e+00 0.000000000000000000e+00 0.000000000000000000e+00 3.996762661290322871e-01 0.000000000000000000e+00 0.000000000000000000e+00 0.000000000000000000e+00 0.000000000000000000e+00 0.000000000000000000e+00 3.893127261904762992e-01 0.000000000000000000e+00 0.000000000000000000e+00 0.000000000000000000e+00 0.000000000000000000e+00 0.000000000000000000e+00 0.000000000000000000e+00 0.000000000000000000e+00
