0.000000000000000000e+00 1.957552029672367591e-02 6.866651042887274292e-02 5.501222493887530755e-03 9.189065012634964639e-04 0.000000000000000000e+00 1.074101796407185561e-01 3.967453432855893615e-03 4.175824175824176254e-03 0.000000000000000000e+00 2.382878328277721613e-01 2.649006622516556289e-04 4.136580589891078463e-02 1.027115858668857800e-04 1.940377491621097204e-03 0.000000000000000000e+00 6.426931905126243016e-02 3.172924378635642514e-03 2.780845296656962035e-02 3.388935810810810717e-02 4.330879168471199491e-04 0.000000000000000000e+00 1.224807927847678529e-03 0.000000000000000000e+00 3.962750148603130362e-04 0.000000000000000000e+00 0.000000000000000000e+00 0.000000000000000000e+00 4.659906574000227675e-02 8.190966534051017864e-04 3.076558987102117997e-03 0.000000000000000000e+00 7.139107611548556158e-03 9.470181725108779702e-03 4.923682914820285902e-04 0.000000000000000000e+00 7.919436840046929771e-02 3.232584451268789199e-04 1.521933751119068992e-02 0.000000000000000000e+00 3.646308113035551420e-03 0.000000000000000000e+00 0.000000000000000000e+00 0.000000000000000000e+00 5.446623093681917738e-04 1.202212070209184876e-04 0.000000000000000000e+00 0.000000000000000000e+00 7.926442612555485625e-04 1.217285453438831402e-04 5.979885838543082081e-03 4.227436060029591863e-04 1.185302252074279042e-03 0.000000000000000000e+00 3.838771593090210994e-03 0.000000000000000000e+00 3.254658385093167627e-01 2.995664170279858235e-03 2.442546023342558048e-02 6.804572672836146007e-04 5.694980694980694702e-02 3.539196602371261582e-04 7.029876977152899400e-03 1.159285879897982815e-04 2.998013364637890435e-02 2.513194269917064347e-04 7.902852737085581947e-03 4.826720725938797086e-04 9.525508383874420337e-02 1.301627033792240352e-02 6.350395339159384256e-02 2.000666888962987760e-03 3.332036820951640027e-02 6.679283090281643107e-04 0.000000000000000000e+00 0.000000000000000000e+00 5.960669353853670360e-02 1.806308183965541110e-03 2.570694087403598786e-03 0.000000000000000000e+00 6.037385347730175530e-03 0.000000000000000000e+00 1.311475409836065573e-03 0.000000000000000000e+00 3.199827425037751055e-02 1.553518719900574688e-04 1.524390243902439077e-03 0.000000000000000000e+00 2.096724823997551251e-02 0.000000000000000000e+00 1.644736842105263067e-03 4.585052728106373096e-04 2.081887578070784096e-03 0.000000000000000000e+00 2.613565650280024952e-02 0.000000000000000000e+00 1.626016260162601625e-03 0.000000000000000000e+00 3.418803418803418800e-03 9.124087591240875612e-04 7.501875468867217050e-04 0.000000000000000000e+00 1.577784790154622982e-03 6.788866259334690829e-04 5.692599620493358527e-03 4.425757911042266257e-04 0.000000000000000000e+00 0.000000000000000000e+00 0.000000000000000000e+00 0.000000000000000000e+00 0.000000000000000000e+00 0.000000000000000000e+00 0.000000000000000000e+00 0.000000000000000000e+00 0.000000000000000000e+00 0.000000000000000000e+00
1.957552029672367591e-02 0.000000000000000000e+00 4.921490508554018928e-03 6.632029339853300065e-02 0.000000000000000000e+00 9.535918626827717334e-04 5.314371257485029851e-03 1.318673929123798105e-01 0.000000000000000000e+00 3.376952300548754626e-03 1.685203909673070512e-03 1.406622516556291502e-01 1.223840411210378213e-04 1.766639276910435610e-02 0.000000000000000000e+00 1.496557916791379931e-03 2.448355011476663953e-03 4.777013925612550588e-02 3.764682260817187043e-02 5.510979729729729992e-02 0.000000000000000000e+00 0.000000000000000000e+00 2.226923505177597030e-04 1.761127121357668841e-03 0.000000000000000000e+00 0.000000000000000000e+00 0.000000000000000000e+00 4.719207173194903408e-04 1.253275606699327804e-03 5.441142054762462127e-02 3.194888178913737886e-03 5.092514004413512549e-04 1.585301837270341324e-02 2.269430935926968623e-02 0.000000000000000000e+00 5.534034311012727900e-04 3.519749706687524439e-03 7.515758849199935532e-02 4.476275738585496844e-04 2.178380600082202925e-02 0.000000000000000000e+00 4.474272930648769478e-03 0.000000000000000000e+00 0.000000000000000000e+00 1.361655773420479435e-04 7.213272421255109527e-04 0.000000000000000000e+00 9.961151509114453406e-05 0.000000000000000000e+00 2.191113816189896660e-03 1.812086617740327936e-04 3.699006552525893003e-03 0.000000000000000000e+00 2.155172413793103418e-04 0.000000000000000000e+00 2.233293248582717688e-03 2.145680406549971709e-03 3.355143870713441223e-01 2.406449284081338001e-04 2.871529667936853492e-02 4.826254826254826368e-04 5.202619005485754899e-02 1.581722319859402452e-03 3.315557616508230804e-02 3.612064294744446523e-04 1.244031163608947006e-02 1.831148804934464242e-03 2.509894777488174463e-03 2.425972172672136856e-02 2.377972465581977557e-02 2.247191011235955254e-03 3.027675891963987898e-02 1.037209905354596071e-03 2.627184682177446245e-02 0.000000000000000000e+00 0.000000000000000000e+00 3.908635641871258982e-03 5.349451160205641320e-02 0.000000000000000000e+00 0.000000000000000000e+00 2.322071287588528988e-04 1.453720992264603828e-02 0.000000000000000000e+00 8.726003490401396329e-04 7.190623427051126006e-05 1.631194655895603501e-02 0.000000000000000000e+00 1.097694840834248118e-03 1.530456075910621347e-04 2.987598647125140963e-02 2.055921052631578833e-03 5.502063273727647932e-03 1.040943789035392048e-03 3.398470688190314420e-03 3.733665214685749807e-03 1.573426573426573577e-02 0.000000000000000000e+00 0.000000000000000000e+00 1.709401709401709400e-03 9.124087591240875178e-03 0.000000000000000000e+00 1.391788448155880384e-03 0.000000000000000000e+00 2.262955419778230493e-03 3.162555344718532419e-03 5.974773179907058931e-03 0.000000000000000000e+00 9.074410163339382586e-04 3.086419753086419582e-03 0.000000000000000000e+00 0.000000000000000000e+00 0.000000000000000000e+00 0.000000000000000000e+00 0.000000000000000000e+00 4.201680672268907381e-03 0.000000000000000000e+00
6.866651042887274292e-02 4.921490508554018928e-03 0.000000000000000000e+00 7.105745721271393422e-03 2.389156903285090741e-02 2.542911633820724767e-03 3.106287425149700798e-01 9.952256068858852250e-03 3.516483516483516480e-02 6.331785563528914869e-03 2.746882372767104827e-02 6.225165562913907713e-03 3.720474850079549811e-02 4.622021364009860044e-03 2.434291762215558264e-02 6.884166417240347030e-03 1.239479724560061183e-02 3.172924378635642514e-03 6.927015359903623826e-02 1.087415540540540536e-02 4.330879168471199491e-04 0.000000000000000000e+00 1.162454069702705678e-01 9.766250400256163908e-03 9.114325341787200482e-03 3.094179075614001025e-03 4.259850905218317760e-03 4.719207173194903408e-04 4.489005354904865297e-02 2.223262344956704849e-03 1.254289433203171177e-02 2.003055508402648219e-02 1.490813648293963338e-02 7.166624008190427414e-03 1.477104874446085771e-03 0.000000000000000000e+00 4.419241298396558298e-02 6.465168902537578397e-04 8.952551477170993255e-03 0.000000000000000000e+00 1.823154056517775710e-03 0.000000000000000000e+00 0.000000000000000000e+00 0.000000000000000000e+00 6.808278867102396902e-04 0.000000000000000000e+00 1.727712508638562484e-04 0.000000000000000000e+00 4.755865567533291050e-04 1.217285453438831402e-04 4.530216544350819732e-03 0.000000000000000000e+00 0.000000000000000000e+00 0.000000000000000000e+00 1.744896178677368757e-04 0.000000000000000000e+00 2.416713721061547124e-02 7.883326763894363091e-04 2.767416676693538677e-02 1.360914534567229310e-04 6.177606177606177577e-03 1.769598301185630791e-04 3.514938488576450134e-04 0.000000000000000000e+00 9.030160736861116144e-03 0.000000000000000000e+00 2.592521202775635927e-02 2.896032435563278143e-04 2.693542632893328528e-02 1.001251564455569402e-03 3.728672492717436532e-02 3.401133711237078975e-03 7.403085699468429925e-02 3.673605699654903817e-03 2.086956521739130321e-01 0.000000000000000000e+00 1.017466715524612125e-01 6.113658468806446901e-03 0.000000000000000000e+00 0.000000000000000000e+00 1.277139208173691011e-03 1.333688983728994288e-04 1.311475409836065573e-03 0.000000000000000000e+00 2.660530668008916338e-03 0.000000000000000000e+00 5.081300813008130619e-04 5.488474204171240592e-04 1.989592898683807589e-03 3.382187147688838847e-04 1.233552631578947300e-03 0.000000000000000000e+00 1.040943789035392048e-03 1.699235344095157210e-03 2.613565650280024952e-02 1.748251748251748250e-03 0.000000000000000000e+00 0.000000000000000000e+00 8.547008547008547001e-04 0.000000000000000000e+00 7.501875468867217050e-04 0.000000000000000000e+00 1.262227832123698386e-03 4.525910839556460553e-04 6.325110689437064837e-03 2.212878955521132857e-03 0.000000000000000000e+00 0.000000000000000000e+00 0.000000000000000000e+00 0.000000000000000000e+00 8.849557522123893682e-04 0.000000000000000000e+00 0.000000000000000000e+00 0.000000000000000000e+00 0.000000000000000000e+00 0.000000000000000000e+00
5.501222493887530755e-03 6.632029339853300065e-02 7.105745721271393422e-03 0.000000000000000000e+00 1.378359751895244642e-03 2.129688493324857074e-02 1.220059880239520930e-02 2.423508842714007239e-01 2.197802197802197800e-03 3.229210637399746592e-02 6.235254465790360245e-03 3.761589403973510104e-02 8.811650960714722050e-03 2.999178307313064840e-02 3.704357029458458378e-03 1.706076025142172839e-02 2.295332823259372754e-03 2.890886656090252069e-02 1.204698323461499826e-02 9.987331081081081419e-02 0.000000000000000000e+00 0.000000000000000000e+00 1.581115688676093881e-02 1.778738392571245497e-01 4.755300178323756434e-03 1.082962676464900402e-02 1.277955271565495241e-03 5.191127890514393370e-03 3.759826820097983413e-03 3.697636321085888411e-02 1.798603715536623016e-02 2.563232048888134523e-02 5.984251968503937098e-03 2.081733640474362282e-02 9.847365829640571805e-04 1.660210293303818587e-03 1.173249902229174741e-03 4.816550832390496112e-02 4.476275738585496844e-04 5.754212905877517832e-03 0.000000000000000000e+00 2.237136465324384739e-03 0.000000000000000000e+00 9.805844283192782676e-05 0.000000000000000000e+00 9.617696561673479009e-04 0.000000000000000000e+00 2.988345452734336022e-04 0.000000000000000000e+00 2.069385270846013560e-03 0.000000000000000000e+00 4.333121961530331592e-03 0.000000000000000000e+00 6.465517241379310255e-04 0.000000000000000000e+00 1.717917883525167536e-04 3.387916431394692143e-04 1.986598344501379690e-02 2.406449284081338001e-04 3.034839412084920987e-02 6.756756756756757132e-04 8.847991505928154768e-03 0.000000000000000000e+00 2.550428935775562057e-03 0.000000000000000000e+00 1.470218647901482857e-02 1.060138781804163474e-03 9.653441451877594823e-03 1.783803068141277164e-04 5.006257822277847443e-03 3.329171868497711375e-03 4.094698232744248267e-02 4.019188383249060019e-03 7.636646999888678511e-02 0.000000000000000000e+00 0.000000000000000000e+00 5.862953462806888907e-03 1.071279699874947838e-01 0.000000000000000000e+00 0.000000000000000000e+00 1.161035643794264494e-04 2.133902373966390861e-03 6.557377049180327863e-04 8.726003490401396329e-04 0.000000000000000000e+00 2.330278079850862331e-03 0.000000000000000000e+00 1.097694840834248118e-03 0.000000000000000000e+00 5.411499436302142155e-03 1.233552631578947300e-03 8.711600183402109371e-03 2.428868841082581446e-03 5.947323704333050236e-03 4.355942750466708542e-03 1.573426573426573577e-02 8.130081300813008123e-04 0.000000000000000000e+00 2.564102564102564100e-03 6.386861313868613145e-03 2.250562640660164898e-03 6.958942240779401921e-04 3.155569580309245965e-04 1.357773251866938166e-03 3.795066413662239162e-03 4.868333702146492720e-03 0.000000000000000000e+00 0.000000000000000000e+00 0.000000000000000000e+00 0.000000000000000000e+00 0.000000000000000000e+00 0.000000000000000000e+00 0.000000000000000000e+00 0.000000000000000000e+00 2.100840336134453690e-03 0.000000000000000000e+00
9.189065012634964639e-04 0.000000000000000000e+00 2.389156903285090741e-02 1.378359751895244642e-03 0.000000000000000000e+00 3.496503496503496500e-03 1.279940119760479035e-02 6.052047609441193760e-04 2.006593406593406570e-01 1.899535669058674504e-03 1.853724300640377564e-03 0.000000000000000000e+00 6.363970138293966600e-03 4.108463434675431198e-04 1.390015875815840407e-01 3.442083208620173515e-03 0.000000000000000000e+00 0.000000000000000000e+00 9.035237425961249345e-04 1.055743243243243302e-04 2.381983542659159639e-02 1.714285714285714197e-03 5.678654938202873023e-03 2.721741914825488110e-03 8.361402813552605562e-02 8.895764842390253488e-03 1.284345047923322602e-01 1.415762151958471077e-03 6.836048763814515060e-03 0.000000000000000000e+00 4.023192521595077113e-03 4.583262603972160752e-03 2.099737532808399029e-04 0.000000000000000000e+00 0.000000000000000000e+00 0.000000000000000000e+00 0.000000000000000000e+00 0.000000000000000000e+00 0.000000000000000000e+00 0.000000000000000000e+00 0.000000000000000000e+00 0.000000000000000000e+00 0.000000000000000000e+00 0.000000000000000000e+00 0.000000000000000000e+00 0.000000000000000000e+00 1.727712508638562484e-04 0.000000000000000000e+00 0.000000000000000000e+00 0.000000000000000000e+00 0.000000000000000000e+00 0.000000000000000000e+00 0.000000000000000000e+00 0.000000000000000000e+00 0.000000000000000000e+00 0.000000000000000000e+00 5.646527385657820058e-04 0.000000000000000000e+00 1.203224642040669001e-04 0.000000000000000000e+00 2.895752895752895604e-04 0.000000000000000000e+00 0.000000000000000000e+00 0.000000000000000000e+00 5.418096442116669513e-04 0.000000000000000000e+00 1.927525057825751648e-04 0.000000000000000000e+00 1.783803068141277164e-04 0.000000000000000000e+00 3.487307532251352621e-02 1.267089029676558842e-03 4.654479450278749958e-02 1.113213848380273851e-04 5.217391304347825803e-02 0.000000000000000000e+00 6.107243190423842540e-03 2.778935667639294391e-04 0.000000000000000000e+00 0.000000000000000000e+00 4.644142575177057975e-04 0.000000000000000000e+00 6.557377049180327863e-04 0.000000000000000000e+00 5.752498741640900805e-04 0.000000000000000000e+00 5.081300813008130619e-04 0.000000000000000000e+00 1.224364860728497078e-03 0.000000000000000000e+00 4.111842105263157666e-04 0.000000000000000000e+00 0.000000000000000000e+00 0.000000000000000000e+00 2.489110143123833205e-03 0.000000000000000000e+00 0.000000000000000000e+00 0.000000000000000000e+00 0.000000000000000000e+00 0.000000000000000000e+00 0.000000000000000000e+00 0.000000000000000000e+00 0.000000000000000000e+00 2.262955419778230276e-04 6.325110689437065271e-04 0.000000000000000000e+00 0.000000000000000000e+00 0.000000000000000000e+00 0.000000000000000000e+00 0.000000000000000000e+00 0.000000000000000000e+00 0.000000000000000000e+00 0.000000000000000000e+00 0.000000000000000000e+00 0.000000000000000000e+00 0.000000000000000000e+00
0.000000000000000000e+00 9.535918626827717334e-04 2.542911633820724767e-03 2.129688493324857074e-02 3.496503496503496500e-03 0.000000000000000000e+00 4.491017964071856235e-04 3.496738618788245573e-03 2.637362637362637360e-03 2.918953144786829990e-01 1.685203909673070512e-04 1.192052980132450330e-03 4.895361644841512852e-04 1.848808545603944148e-03 2.822367260539777791e-03 1.273570787189464149e-01 0.000000000000000000e+00 1.762735765908690286e-04 1.003915269551249837e-04 6.334459459459459811e-04 1.732351667388479797e-03 1.657142857142857029e-02 3.897116134060794965e-03 6.243996157540825792e-02 2.437091341390925162e-02 1.897118545735834438e-01 4.259850905218317760e-03 1.368570080226521879e-01 2.278682921271505074e-04 2.047741633512754553e-02 1.337119867471305186e-02 3.564759803089458459e-03 0.000000000000000000e+00 7.678525723061171765e-04 0.000000000000000000e+00 0.000000000000000000e+00 0.000000000000000000e+00 3.232584451268789199e-04 0.000000000000000000e+00 0.000000000000000000e+00 9.115770282588878549e-04 0.000000000000000000e+00 0.000000000000000000e+00 0.000000000000000000e+00 0.000000000000000000e+00 0.000000000000000000e+00 0.000000000000000000e+00 1.992230301822890681e-04 0.000000000000000000e+00 0.000000000000000000e+00 0.000000000000000000e+00 2.113718030014795932e-04 0.000000000000000000e+00 0.000000000000000000e+00 0.000000000000000000e+00 1.717917883525167536e-04 0.000000000000000000e+00 2.364998029168309090e-04 0.000000000000000000e+00 1.360914534567229310e-04 9.652509652509652465e-05 0.000000000000000000e+00 0.000000000000000000e+00 1.159285879897982815e-04 0.000000000000000000e+00 6.282985674792661681e-04 0.000000000000000000e+00 9.653441451877594714e-05 0.000000000000000000e+00 0.000000000000000000e+00 2.663337494798169013e-03 4.868289429809936897e-02 2.593024763386490177e-04 4.720026717132361216e-02 0.000000000000000000e+00 0.000000000000000000e+00 6.107243190423842973e-04 4.863137418368764994e-03 0.000000000000000000e+00 0.000000000000000000e+00 0.000000000000000000e+00 0.000000000000000000e+00 0.000000000000000000e+00 2.617801047120419007e-03 0.000000000000000000e+00 4.660556159701724336e-04 0.000000000000000000e+00 1.097694840834248118e-03 0.000000000000000000e+00 9.019165727170236563e-04 4.111842105263157666e-04 4.585052728106373096e-04 0.000000000000000000e+00 0.000000000000000000e+00 1.244555071561916602e-03 1.748251748251748250e-03 0.000000000000000000e+00 0.000000000000000000e+00 0.000000000000000000e+00 0.000000000000000000e+00 0.000000000000000000e+00 0.000000000000000000e+00 0.000000000000000000e+00 0.000000000000000000e+00 0.000000000000000000e+00 0.000000000000000000e+00 0.000000000000000000e+00 0.000000000000000000e+00 0.000000000000000000e+00 0.000000000000000000e+00 0.000000000000000000e+00 0.000000000000000000e+00 0.000000000000000000e+00 0.000000000000000000e+00 0.000000000000000000e+00 0.000000000000000000e+00
1.074101796407185561e-01 5.314371257485029851e-03 3.106287425149700798e-01 1.220059880239520930e-02 1.279940119760479035e-02 4.491017964071856235e-04 0.000000000000000000e+00 2.037522695178535515e-02 8.197802197802198099e-02 3.799071338117349008e-03 7.178968655207279559e-02 9.668874172185430022e-03 2.052380369599804133e-01 7.087099424815119196e-03 3.880754983242194409e-03 2.693804250224483658e-03 9.334353481254782647e-03 5.817028027498677943e-03 2.168456982230699756e-02 1.520270270270270355e-02 0.000000000000000000e+00 0.000000000000000000e+00 2.193519652599933145e-02 1.392891450528338168e-02 1.585100059441252145e-03 9.669309611293753744e-04 1.916932907348242862e-03 2.359603586597451704e-04 1.959667312293494196e-02 2.106248537327404594e-03 1.112294403029227309e-02 1.595654388049567302e-02 5.144356955380577703e-03 1.049398515485026884e-02 0.000000000000000000e+00 0.000000000000000000e+00 9.190457567461869995e-03 6.465168902537578397e-04 6.714413607878244941e-03 0.000000000000000000e+00 1.823154056517775710e-03 0.000000000000000000e+00 1.356300013563000015e-04 0.000000000000000000e+00 1.770152505446623021e-03 0.000000000000000000e+00 1.727712508638562484e-04 0.000000000000000000e+00 1.902346227013316420e-03 0.000000000000000000e+00 7.338950801848328521e-03 1.056859015007397966e-04 2.370604504148558084e-03 0.000000000000000000e+00 6.107136625370790731e-03 0.000000000000000000e+00 8.582721626199886836e-03 3.941663381947181546e-04 9.746119600529418864e-03 5.443658138268917240e-04 8.783783783783784271e-03 3.539196602371261582e-04 1.757469244288224850e-03 0.000000000000000000e+00 1.282282824634278437e-02 2.513194269917064347e-04 7.710100231303007243e-03 6.757409016314316029e-04 5.708169818052086925e-03 0.000000000000000000e+00 8.872243029546400539e-02 9.736578859619872753e-03 2.644885258654220209e-02 3.562284314816876324e-03 3.478260869565217434e-02 0.000000000000000000e+00 5.569805789666544549e-02 7.642073086008059277e-03 1.713796058269066074e-03 0.000000000000000000e+00 4.992453268315336957e-03 2.667377967457988577e-04 0.000000000000000000e+00 0.000000000000000000e+00 1.661034011648809816e-02 7.767593599502873442e-05 0.000000000000000000e+00 0.000000000000000000e+00 1.698806244260789647e-02 3.382187147688838847e-04 8.223684210526315333e-04 1.375515818431911983e-03 6.939625260235946988e-04 4.248088360237893026e-04 9.334163036714374084e-03 1.748251748251748250e-03 8.130081300813008123e-04 0.000000000000000000e+00 2.564102564102564100e-03 9.124087591240875612e-04 0.000000000000000000e+00 1.391788448155880384e-03 3.155569580309245965e-04 2.262955419778230276e-04 1.897533206831119581e-03 6.638636866563398572e-04 0.000000000000000000e+00 0.000000000000000000e+00 0.000000000000000000e+00 0.000000000000000000e+00 0.000000000000000000e+00 0.000000000000000000e+00 0.000000000000000000e+00 0.000000000000000000e+00 0.000000000000000000e+00 0.000000000000000000e+00
3.967453432855893615e-03 1.318673929123798105e-01 9.952256068858852250e-03 2.423508842714007239e-01 6.052047609441193760e-04 3.496738618788245573e-03 2.037522695178535515e-02 0.000000000000000000e+00 2.637362637362637360e-03 1.057408189109328850e-01 1.365015166835187137e-02 1.656953642384106085e-01 1.358462856443519787e-02 2.191865242399342606e-01 2.469571352972305730e-03 9.877282250823106458e-03 1.989288446824789489e-03 1.621716904635995063e-02 1.947595622929424591e-02 9.184966216216216076e-03 0.000000000000000000e+00 0.000000000000000000e+00 2.527558178376572776e-02 2.801793147614473414e-02 2.972062611452348097e-03 1.933861922258750640e-04 4.259850905218317109e-04 4.719207173194903408e-04 4.557365842543010040e-03 1.450971214603323164e-02 1.822269553898946820e-02 1.799354948226107587e-02 6.404199475065617229e-03 1.143247163211330054e-02 0.000000000000000000e+00 3.873824017708909963e-03 1.368791552600703973e-03 1.212219169225796020e-02 8.952551477170993689e-04 4.110152075626798064e-04 0.000000000000000000e+00 2.237136465324384739e-03 0.000000000000000000e+00 9.805844283192782676e-05 0.000000000000000000e+00 1.803318105313777382e-03 0.000000000000000000e+00 5.976690905468672044e-04 0.000000000000000000e+00 4.382227632379793320e-03 0.000000000000000000e+00 7.926442612555484324e-03 0.000000000000000000e+00 0.000000000000000000e+00 3.489792357354737514e-04 1.889709671877684181e-03 3.387916431394692143e-04 7.173827355143870717e-03 3.609673926122006866e-04 8.845944474686989051e-03 1.930501930501930493e-04 1.274110776853654148e-02 0.000000000000000000e+00 4.173429167632738621e-03 1.806032147372223261e-04 1.357124905755214932e-02 8.673862760215882281e-04 3.957910995269813860e-03 0.000000000000000000e+00 5.006257822277847009e-04 9.155222638368706173e-03 8.036012004001333309e-02 6.482561908466226257e-03 2.137370588890125794e-02 8.695652173913043584e-03 0.000000000000000000e+00 1.160376206180530056e-02 6.891760455745449265e-02 8.568980291345330369e-04 0.000000000000000000e+00 3.483106931382793617e-04 4.267804747932781723e-03 0.000000000000000000e+00 8.726003490401396329e-04 1.438124685410225201e-04 8.699704831443218905e-03 0.000000000000000000e+00 5.488474204171240592e-04 0.000000000000000000e+00 1.499436302142051827e-02 4.111842105263157666e-04 4.585052728106373096e-04 0.000000000000000000e+00 8.496176720475786051e-04 4.978220286247666410e-03 6.993006993006993001e-03 0.000000000000000000e+00 2.481389578163771710e-03 8.547008547008547001e-04 1.824817518248175122e-03 0.000000000000000000e+00 6.958942240779401921e-04 3.155569580309245965e-04 4.525910839556460553e-04 1.897533206831119581e-03 1.106439477760566429e-03 0.000000000000000000e+00 0.000000000000000000e+00 0.000000000000000000e+00 0.000000000000000000e+00 0.000000000000000000e+00 0.000000000000000000e+00 0.000000000000000000e+00 0.000000000000000000e+00 0.000000000000000000e+00 0.000000000000000000e+00
4.175824175824176254e-03 0.000000000000000000e+00 3.516483516483516480e-02 2.197802197802197800e-03 2.006593406593406570e-01 2.637362637362637360e-03 8.197802197802198099e-02 2.637362637362637360e-03 0.000000000000000000e+00 1.477416631490080122e-03 5.055611729019211104e-03 1.324503311258278145e-04 7.245135234365439325e-02 2.054231717337715599e-04 2.548950432174986735e-01 2.095181083507931686e-03 3.060443764345829941e-04 5.288207297726070857e-04 7.027406886858749129e-04 5.278716216216216509e-04 1.039411000433087921e-02 0.000000000000000000e+00 4.119808484578554343e-03 2.561639449247518196e-03 2.575787596592034844e-03 3.480951460065751478e-03 5.324813631522896766e-03 4.719207173194903408e-04 1.025407314572177216e-02 1.170138076293002552e-04 3.313217370725357776e-03 4.074011203530810039e-03 1.049868766404199515e-04 8.531695247845746857e-05 0.000000000000000000e+00 0.000000000000000000e+00 1.955416503715291235e-04 0.000000000000000000e+00 4.476275738585496844e-04 0.000000000000000000e+00 0.000000000000000000e+00 0.000000000000000000e+00 1.356300013563000015e-04 0.000000000000000000e+00 1.361655773420479435e-04 0.000000000000000000e+00 1.727712508638562484e-04 0.000000000000000000e+00 0.000000000000000000e+00 0.000000000000000000e+00 2.718129926610491904e-04 0.000000000000000000e+00 0.000000000000000000e+00 0.000000000000000000e+00 0.000000000000000000e+00 0.000000000000000000e+00 5.646527385657820058e-04 0.000000000000000000e+00 3.609673926122006866e-04 0.000000000000000000e+00 3.861003861003860986e-04 0.000000000000000000e+00 0.000000000000000000e+00 0.000000000000000000e+00 3.612064294744446523e-04 0.000000000000000000e+00 9.637625289128758240e-05 9.653441451877594714e-05 3.567606136282554328e-04 0.000000000000000000e+00 1.664585934248855731e-02 1.000333444481493880e-03 3.798781278361208075e-02 3.339641545140821554e-04 6.086956521739130682e-02 0.000000000000000000e+00 9.771589104678148757e-03 4.168403501458941315e-04 0.000000000000000000e+00 0.000000000000000000e+00 3.483106931382793617e-04 0.000000000000000000e+00 6.557377049180327863e-04 0.000000000000000000e+00 1.078593514057668698e-03 0.000000000000000000e+00 0.000000000000000000e+00 0.000000000000000000e+00 9.182736455463728084e-04 0.000000000000000000e+00 4.111842105263157666e-04 4.585052728106373096e-04 3.469812630117973494e-04 0.000000000000000000e+00 1.244555071561916602e-03 1.748251748251748250e-03 0.000000000000000000e+00 0.000000000000000000e+00 0.000000000000000000e+00 0.000000000000000000e+00 0.000000000000000000e+00 0.000000000000000000e+00 0.000000000000000000e+00 2.262955419778230276e-04 1.265022137887413054e-03 2.212878955521133128e-04 5.665722379603399051e-04 0.000000000000000000e+00 0.000000000000000000e+00 0.000000000000000000e+00 0.000000000000000000e+00 0.000000000000000000e+00 0.000000000000000000e+00 0.000000000000000000e+00 0.000000000000000000e+00 0.000000000000000000e+00
0.000000000000000000e+00 3.376952300548754626e-03 6.331785563528914869e-03 3.229210637399746592e-02 1.899535669058674504e-03 2.918953144786829990e-01 3.799071338117349008e-03 1.057408189109328850e-01 1.477416631490080122e-03 0.000000000000000000e+00 1.685203909673070512e-04 1.099337748344370903e-02 2.202912740178680513e-03 4.365242399342646185e-02 2.645969306756041761e-03 1.403771325950314286e-01 0.000000000000000000e+00 1.233915036136083200e-03 0.000000000000000000e+00 2.111486486486486604e-04 0.000000000000000000e+00 1.714285714285714197e-03 4.899231711390714117e-03 1.617034902337495875e-02 1.010501287893798318e-02 5.801585766776252463e-03 1.916932907348242862e-03 1.557338367154318011e-02 7.975390224450267353e-04 9.712146033231922049e-03 9.348006153117973879e-03 3.564759803089458459e-03 0.000000000000000000e+00 4.265847623922873564e-04 0.000000000000000000e+00 5.534034311012727900e-04 0.000000000000000000e+00 4.848876676903184340e-04 0.000000000000000000e+00 0.000000000000000000e+00 0.000000000000000000e+00 0.000000000000000000e+00 0.000000000000000000e+00 9.805844283192782676e-05 0.000000000000000000e+00 2.404424140418369752e-04 0.000000000000000000e+00 1.992230301822890681e-04 0.000000000000000000e+00 1.217285453438831402e-04 0.000000000000000000e+00 2.113718030014795932e-04 0.000000000000000000e+00 0.000000000000000000e+00 0.000000000000000000e+00 0.000000000000000000e+00 0.000000000000000000e+00 3.941663381947181546e-04 0.000000000000000000e+00 1.360914534567229310e-04 0.000000000000000000e+00 1.592638471067067685e-03 0.000000000000000000e+00 1.159285879897982950e-03 0.000000000000000000e+00 2.513194269917064347e-04 0.000000000000000000e+00 1.930688290375518943e-04 0.000000000000000000e+00 0.000000000000000000e+00 1.081980857261756121e-03 1.840613537845948652e-02 9.075586671852715892e-04 1.925859957697873687e-02 0.000000000000000000e+00 6.329113924050632813e-03 7.328691828508611134e-04 1.000416840350145872e-02 0.000000000000000000e+00 0.000000000000000000e+00 0.000000000000000000e+00 1.200320085356094968e-03 0.000000000000000000e+00 0.000000000000000000e+00 0.000000000000000000e+00 7.767593599502873713e-04 0.000000000000000000e+00 5.488474204171240592e-04 0.000000000000000000e+00 1.352874859075535539e-03 8.223684210526315333e-04 4.585052728106373096e-04 3.469812630117973494e-04 8.496176720475786051e-04 6.222775357809583012e-04 0.000000000000000000e+00 0.000000000000000000e+00 0.000000000000000000e+00 0.000000000000000000e+00 0.000000000000000000e+00 0.000000000000000000e+00 6.958942240779401921e-04 0.000000000000000000e+00 0.000000000000000000e+00 6.325110689437065271e-04 4.425757911042266257e-04 0.000000000000000000e+00 0.000000000000000000e+00 3.086419753086419582e-03 0.000000000000000000e+00 0.000000000000000000e+00 0.000000000000000000e+00 0.000000000000000000e+00 0.000000000000000000e+00 0.000000000000000000e+00 0.000000000000000000e+00
2.382878328277721613e-01 1.685203909673070512e-03 2.746882372767104827e-02 6.235254465790360245e-03 1.853724300640377564e-03 1.685203909673070512e-04 7.178968655207279559e-02 1.365015166835187137e-02 5.055611729019211104e-03 1.685203909673070512e-04 0.000000000000000000e+00 2.913907284768211918e-03 1.527352833190551984e-01 7.189811010682005139e-04 6.350326336214499705e-03 1.496557916791379931e-04 2.999234889058913570e-02 1.586462189317821257e-03 7.228189940768999476e-03 3.378378378378378566e-03 0.000000000000000000e+00 0.000000000000000000e+00 8.239616969157108686e-03 2.881844380403458025e-03 0.000000000000000000e+00 0.000000000000000000e+00 0.000000000000000000e+00 0.000000000000000000e+00 6.551213398655576781e-02 3.510414228879007656e-04 3.668204946160217878e-03 2.885757935834323742e-03 1.259842519685039309e-03 1.876972954526064281e-03 0.000000000000000000e+00 0.000000000000000000e+00 2.150958154086820683e-03 1.616292225634394599e-04 8.952551477170993689e-04 0.000000000000000000e+00 2.734731084776663781e-03 0.000000000000000000e+00 0.000000000000000000e+00 0.000000000000000000e+00 1.361655773420479435e-04 0.000000000000000000e+00 0.000000000000000000e+00 0.000000000000000000e+00 1.585288522511097017e-04 0.000000000000000000e+00 9.966476397571804192e-04 1.056859015007397966e-04 1.185302252074279042e-03 0.000000000000000000e+00 1.395916942941895006e-03 0.000000000000000000e+00 1.208356860530773562e-02 0.000000000000000000e+00 2.165804355673204337e-03 2.721829069134458620e-04 1.843629343629343484e-02 0.000000000000000000e+00 2.108963093145870080e-03 0.000000000000000000e+00 8.307747877912226298e-03 0.000000000000000000e+00 2.602158828064765009e-03 0.000000000000000000e+00 8.919015340706385820e-04 2.503128911138923504e-04 3.146067415730337269e-02 6.802267422474157950e-03 6.612213146635550522e-03 6.679283090281643107e-04 0.000000000000000000e+00 0.000000000000000000e+00 6.962257237083180686e-03 9.726274836737529555e-04 0.000000000000000000e+00 0.000000000000000000e+00 5.456867525833042701e-03 2.667377967457988577e-04 0.000000000000000000e+00 0.000000000000000000e+00 1.495649672826634101e-02 0.000000000000000000e+00 1.524390243902439077e-03 0.000000000000000000e+00 1.101928374655647414e-02 0.000000000000000000e+00 0.000000000000000000e+00 0.000000000000000000e+00 3.469812630117973494e-04 0.000000000000000000e+00 0.000000000000000000e+00 0.000000000000000000e+00 0.000000000000000000e+00 0.000000000000000000e+00 0.000000000000000000e+00 0.000000000000000000e+00 0.000000000000000000e+00 0.000000000000000000e+00 0.000000000000000000e+00 0.000000000000000000e+00 0.000000000000000000e+00 0.000000000000000000e+00 0.000000000000000000e+00 0.000000000000000000e+00 0.000000000000000000e+00 0.000000000000000000e+00 0.000000000000000000e+00 0.000000000000000000e+00 0.000000000000000000e+00 0.000000000000000000e+00 0.000000000000000000e+00 0.000000000000000000e+00
2.649006622516556289e-04 1.406622516556291502e-01 6.225165562913907713e-03 3.761589403973510104e-02 0.000000000000000000e+00 1.192052980132450330e-03 9.668874172185430022e-03 1.656953642384106085e-01 1.324503311258278145e-04 1.099337748344370903e-02 2.913907284768211918e-03 0.000000000000000000e+00 3.304369110268020986e-03 2.230895645028759255e-01 0.000000000000000000e+00 1.391798862615983325e-02 3.060443764345829941e-04 2.485457429931253390e-02 4.216444132115249044e-03 1.045185810810810891e-02 4.330879168471199491e-04 0.000000000000000000e+00 5.567308762943992684e-03 6.884406019852705449e-03 1.981375074301565181e-04 0.000000000000000000e+00 0.000000000000000000e+00 0.000000000000000000e+00 7.975390224450267353e-04 3.276386613620407146e-02 2.839900603478878217e-03 9.506026141571888646e-03 1.154855643044619493e-03 1.049398515485026884e-02 0.000000000000000000e+00 0.000000000000000000e+00 1.955416503715291235e-04 1.454663003070955302e-03 0.000000000000000000e+00 8.220304151253596129e-04 0.000000000000000000e+00 2.237136465324384739e-03 0.000000000000000000e+00 0.000000000000000000e+00 0.000000000000000000e+00 4.808848280836739504e-04 0.000000000000000000e+00 0.000000000000000000e+00 0.000000000000000000e+00 1.095556908094948330e-03 0.000000000000000000e+00 2.008032128514056040e-03 0.000000000000000000e+00 0.000000000000000000e+00 0.000000000000000000e+00 1.030750730115100522e-03 0.000000000000000000e+00 5.754828537642885100e-03 0.000000000000000000e+00 2.857920522591181171e-03 0.000000000000000000e+00 8.317112015572464961e-03 1.757469244288225067e-04 1.576628796661256812e-02 0.000000000000000000e+00 4.146770545363156688e-03 9.637625289128758240e-05 7.722753161502075771e-04 1.783803068141277164e-04 7.509386733416770513e-04 3.911776945484810725e-03 3.661220406802267319e-02 1.037209905354596071e-03 1.001892463542246488e-02 0.000000000000000000e+00 0.000000000000000000e+00 2.565042139978014005e-03 1.236626372099485817e-02 0.000000000000000000e+00 0.000000000000000000e+00 1.161035643794264494e-04 1.640437449986663007e-02 0.000000000000000000e+00 8.726003490401396329e-04 0.000000000000000000e+00 7.301537983532701767e-03 0.000000000000000000e+00 5.488474204171240592e-04 0.000000000000000000e+00 1.600901916572717090e-02 0.000000000000000000e+00 4.585052728106373096e-04 0.000000000000000000e+00 0.000000000000000000e+00 0.000000000000000000e+00 1.748251748251748250e-03 0.000000000000000000e+00 0.000000000000000000e+00 0.000000000000000000e+00 0.000000000000000000e+00 0.000000000000000000e+00 0.000000000000000000e+00 0.000000000000000000e+00 0.000000000000000000e+00 0.000000000000000000e+00 2.212878955521133128e-04 0.000000000000000000e+00 0.000000000000000000e+00 0.000000000000000000e+00 0.000000000000000000e+00 0.000000000000000000e+00 0.000000000000000000e+00 0.000000000000000000e+00 0.000000000000000000e+00 0.000000000000000000e+00 0.000000000000000000e+00
4.136580589891078463e-02 1.223840411210378213e-04 3.720474850079549811e-02 8.811650960714722050e-03 6.363970138293966600e-03 4.895361644841512852e-04 2.052380369599804133e-01 1.358462856443519787e-02 7.245135234365439325e-02 2.202912740178680513e-03 1.527352833190551984e-01 3.304369110268020986e-03 0.000000000000000000e+00 5.238290879211174832e-03 1.031928029634856248e-01 4.190362167015863372e-03 8.875286916602907750e-03 8.813678829543451429e-04 3.513703443429374348e-03 2.111486486486486604e-03 0.000000000000000000e+00 0.000000000000000000e+00 2.371673533014140994e-02 9.606147934678194861e-03 1.386962552011095735e-03 1.547089537807000512e-03 1.064962726304579440e-03 1.179801793298725825e-03 7.986783639056625750e-02 9.361104610344020416e-04 1.159626079753875265e-02 1.459854014598540098e-02 1.889763779527559072e-03 2.559508574353724138e-03 0.000000000000000000e+00 0.000000000000000000e+00 1.759874853343762219e-03 3.232584451268789199e-04 1.790510295434198738e-03 0.000000000000000000e+00 1.823154056517775710e-03 0.000000000000000000e+00 1.356300013563000015e-04 0.000000000000000000e+00 2.723311546840958869e-04 0.000000000000000000e+00 1.727712508638562484e-04 9.961151509114453406e-05 3.170577045022194033e-04 0.000000000000000000e+00 9.060433088701639682e-04 0.000000000000000000e+00 3.951007506914262931e-04 0.000000000000000000e+00 8.724480893386842972e-04 0.000000000000000000e+00 5.985319028797289435e-03 7.883326763894363634e-05 1.804836963061003541e-03 0.000000000000000000e+00 1.428571428571428527e-02 0.000000000000000000e+00 3.339191564147627519e-03 0.000000000000000000e+00 9.210763951598338606e-03 0.000000000000000000e+00 1.638396299151888887e-03 9.653441451877594714e-05 5.351409204423831492e-04 0.000000000000000000e+00 3.712026633374947843e-02 4.268089363121040265e-03 1.970698820173732643e-02 3.228320160302794277e-03 2.608695652173912902e-02 0.000000000000000000e+00 3.505557591303285619e-02 3.334722801167153052e-03 1.713796058269066074e-03 0.000000000000000000e+00 7.082317427145013236e-03 1.333688983728994288e-04 3.278688524590163932e-03 0.000000000000000000e+00 1.502840296253685204e-02 0.000000000000000000e+00 0.000000000000000000e+00 0.000000000000000000e+00 9.029690847872666112e-03 0.000000000000000000e+00 0.000000000000000000e+00 0.000000000000000000e+00 3.469812630117973494e-04 8.496176720475786051e-04 4.978220286247666410e-03 0.000000000000000000e+00 0.000000000000000000e+00 0.000000000000000000e+00 8.547008547008547001e-04 0.000000000000000000e+00 0.000000000000000000e+00 0.000000000000000000e+00 0.000000000000000000e+00 0.000000000000000000e+00 1.897533206831119581e-03 0.000000000000000000e+00 5.665722379603399051e-04 0.000000000000000000e+00 0.000000000000000000e+00 0.000000000000000000e+00 0.000000000000000000e+00 0.000000000000000000e+00 0.000000000000000000e+00 0.000000000000000000e+00 0.000000000000000000e+00 0.000000000000000000e+00
