0.000000000000000000e+00 6.264424662050774653e-03 8.892013004129689646e-02 5.063803929511848968e-03 0.000000000000000000e+00 0.000000000000000000e+00 1.057536466774716410e-01 2.656650787834371509e-03 4.080351537978656705e-03 0.000000000000000000e+00 2.009685230024212954e-01 5.761474937584021641e-04 4.191777152805678530e-02 0.000000000000000000e+00 1.995012468827930038e-03 0.000000000000000000e+00 5.813455220682759578e-02 1.737015806843842400e-04 6.191554286839255627e-02 2.141082011087746054e-02 0.000000000000000000e+00 0.000000000000000000e+00 4.202250237223803357e-03 4.354452427607228356e-04 0.000000000000000000e+00 0.000000000000000000e+00 0.000000000000000000e+00 0.000000000000000000e+00 4.778784298280162879e-02 0.000000000000000000e+00 1.012965964343598034e-03 0.000000000000000000e+00 1.139779559118236398e-02 1.268315739719552519e-02 7.446016381236038794e-04 0.000000000000000000e+00 8.634868421052631360e-02 0.000000000000000000e+00 0.000000000000000000e+00 0.000000000000000000e+00 0.000000000000000000e+00 0.000000000000000000e+00 1.214771622934888176e-04 0.000000000000000000e+00 2.122347066167290953e-03 1.609917089269902494e-04 0.000000000000000000e+00 0.000000000000000000e+00 4.720320981826764059e-03 8.412551526878102391e-05 1.541971520730076387e-02 3.074321727768810795e-04 3.375746559335237630e-03 0.000000000000000000e+00 3.493172435693870856e-03 0.000000000000000000e+00 2.764135499307391886e-01 3.557452863749555180e-04 3.512041284403669833e-02 2.565089136847505439e-04 6.227145622714562456e-02 0.000000000000000000e+00 1.123595505617977497e-02 1.876172607879924951e-04 3.412911903160726484e-02 0.000000000000000000e+00 1.295045045045045001e-02 4.866574742477086353e-04 6.358381502890173009e-02 1.678556441460344077e-03 1.250731250731250688e-01 5.929088106249258633e-04 7.922344145665018156e-02 1.999600079984003122e-04 9.794319294809011086e-04 0.000000000000000000e+00 1.034712950600801123e-01 3.260515161395500443e-04 2.832861189801699851e-03 0.000000000000000000e+00 4.372598383463628148e-03 0.000000000000000000e+00 8.888888888888889315e-04 0.000000000000000000e+00 2.336413492600105182e-02 8.485362749257531110e-05 0.000000000000000000e+00 0.000000000000000000e+00 1.314102564102564118e-02 0.000000000000000000e+00 1.572680296562570202e-03 4.187604690117252993e-04 1.819174094960887848e-04 0.000000000000000000e+00 1.622718052738336691e-02 0.000000000000000000e+00 0.000000000000000000e+00 0.000000000000000000e+00 7.440476190476190063e-04 0.000000000000000000e+00 0.000000000000000000e+00 0.000000000000000000e+00 8.022922636103152396e-04 1.632120124041129561e-04 2.029145914038000230e-03 2.107037505267593850e-04 9.861932938856016271e-04 0.000000000000000000e+00 0.000000000000000000e+00 0.000000000000000000e+00 0.000000000000000000e+00 0.000000000000000000e+00 0.000000000000000000e+00 0.000000000000000000e+00 0.000000000000000000e+00 0.000000000000000000e+00
6.264424662050774653e-03 0.000000000000000000e+00 1.405851858360425335e-03 7.150091148470731628e-02 0.000000000000000000e+00 3.457814661134163393e-04 4.051863857374392026e-04 1.610480029314767247e-01 0.000000000000000000e+00 3.386960203217612066e-03 0.000000000000000000e+00 3.802573458805454110e-02 0.000000000000000000e+00 2.040816326530612082e-02 0.000000000000000000e+00 2.089268755935422793e-03 0.000000000000000000e+00 3.039777661976723888e-02 9.941923417659218054e-03 8.612120053527050345e-02 0.000000000000000000e+00 0.000000000000000000e+00 0.000000000000000000e+00 1.959503592423252841e-03 0.000000000000000000e+00 0.000000000000000000e+00 0.000000000000000000e+00 0.000000000000000000e+00 0.000000000000000000e+00 1.289629231595916178e-02 0.000000000000000000e+00 3.435835767050335072e-04 9.393787575150301314e-03 1.488892390105561736e-02 3.723008190618019397e-04 0.000000000000000000e+00 0.000000000000000000e+00 7.096774193548387177e-02 0.000000000000000000e+00 0.000000000000000000e+00 0.000000000000000000e+00 5.000000000000000104e-03 0.000000000000000000e+00 2.351097178683385597e-04 1.248439450686641657e-04 2.253883924977863763e-03 0.000000000000000000e+00 0.000000000000000000e+00 0.000000000000000000e+00 4.879279885589299197e-03 0.000000000000000000e+00 1.099070017677349943e-02 0.000000000000000000e+00 1.865207659786122891e-03 0.000000000000000000e+00 1.026392961876832844e-03 2.518574486840448041e-04 3.078975453575240051e-01 7.167431192660550857e-04 3.180710529690906896e-02 2.151000215100021642e-04 2.863264511102454196e-02 0.000000000000000000e+00 1.181988742964352676e-02 0.000000000000000000e+00 1.680562793121417528e-02 4.021879021879021612e-04 6.083218428096358321e-03 5.605184795936241429e-03 1.095258078052874506e-01 1.170001170001170037e-04 8.324439701173959316e-02 0.000000000000000000e+00 6.408718256348730491e-02 0.000000000000000000e+00 2.949852507374631227e-03 0.000000000000000000e+00 9.031626997065536622e-02 0.000000000000000000e+00 0.000000000000000000e+00 0.000000000000000000e+00 7.717041800643086556e-03 0.000000000000000000e+00 0.000000000000000000e+00 0.000000000000000000e+00 1.841323716588884329e-02 0.000000000000000000e+00 0.000000000000000000e+00 0.000000000000000000e+00 1.579479403588577094e-02 1.572680296562570202e-03 7.537688442211054954e-03 3.638348189921775696e-04 0.000000000000000000e+00 0.000000000000000000e+00 2.057613168724279837e-02 0.000000000000000000e+00 0.000000000000000000e+00 3.720238095238095032e-03 6.896551724137930939e-03 0.000000000000000000e+00 4.219409282700422020e-04 5.730659025787965223e-04 1.958544148849355147e-03 1.844678103670909300e-04 2.739148756847871978e-03 0.000000000000000000e+00 0.000000000000000000e+00 0.000000000000000000e+00 0.000000000000000000e+00 0.000000000000000000e+00 0.000000000000000000e+00 8.000000000000000167e-03 0.000000000000000000e+00 0.000000000000000000e+00 0.000000000000000000e+00
8.892013004129689646e-02 1.405851858360425335e-03 0.000000000000000000e+00 7.595705894267773886e-03 6.577373834011002174e-02 1.383125864453665357e-03 2.727917341977309507e-01 5.679736167094173900e-03 6.654111738857501623e-02 3.810330228619813846e-03 2.643260694108151565e-02 2.112540810447474746e-03 5.316726931833400116e-02 5.009276437847866477e-03 1.895261845386533514e-02 1.139601139601139528e-03 1.071275532066847530e-02 8.685079034219211729e-04 1.685205236735899115e-01 5.352705027719365134e-03 0.000000000000000000e+00 0.000000000000000000e+00 1.733767114002982279e-01 6.749401262791204087e-03 2.313030069390901999e-02 3.848003848003848145e-03 7.100957085520222603e-03 1.181102362204724393e-03 2.100564526716554997e-02 0.000000000000000000e+00 4.031604538087520118e-02 2.130218175571207614e-02 1.778557114228456956e-02 8.429179139751063338e-03 1.116902457185405765e-03 3.639010189228530012e-04 2.138157894736842160e-02 2.304147465437788016e-04 5.807200929152148659e-04 0.000000000000000000e+00 0.000000000000000000e+00 0.000000000000000000e+00 2.429543245869776353e-04 0.000000000000000000e+00 2.496878901373283423e-03 8.049585446349512470e-05 5.120327700972862259e-04 0.000000000000000000e+00 1.085673825820155855e-02 1.682510305375620478e-04 6.372433325466131740e-03 0.000000000000000000e+00 2.337055310309010467e-03 0.000000000000000000e+00 1.270244522070498611e-03 0.000000000000000000e+00 8.689081979599546854e-03 8.893632159373887950e-05 1.605504587155963392e-02 0.000000000000000000e+00 5.592600559260056323e-03 1.947798987144526699e-04 3.304692663582286692e-04 0.000000000000000000e+00 2.521856086079354419e-03 0.000000000000000000e+00 1.753539253539253620e-02 2.433287371238543177e-04 1.471361008933263353e-02 0.000000000000000000e+00 2.187902187902187809e-02 5.929088106249258633e-04 7.681176896177499547e-02 5.998800239952009096e-04 9.794319294809011086e-04 0.000000000000000000e+00 7.837116154873163820e-02 1.630257580697750221e-04 0.000000000000000000e+00 0.000000000000000000e+00 7.950178879024778550e-04 0.000000000000000000e+00 1.777777777777777863e-03 0.000000000000000000e+00 2.779655923672150718e-03 0.000000000000000000e+00 0.000000000000000000e+00 0.000000000000000000e+00 2.083333333333333304e-03 0.000000000000000000e+00 1.123343068973264337e-03 4.187604690117252993e-04 3.638348189921775696e-04 0.000000000000000000e+00 8.113590263691683457e-03 0.000000000000000000e+00 0.000000000000000000e+00 0.000000000000000000e+00 7.440476190476190063e-04 1.724137931034482735e-03 0.000000000000000000e+00 0.000000000000000000e+00 5.730659025787965223e-04 0.000000000000000000e+00 5.534034311012727900e-04 2.107037505267593850e-04 0.000000000000000000e+00 0.000000000000000000e+00 0.000000000000000000e+00 0.000000000000000000e+00 0.000000000000000000e+00 0.000000000000000000e+00 0.000000000000000000e+00 0.000000000000000000e+00 0.000000000000000000e+00 0.000000000000000000e+00
5.063803929511848968e-03 7.150091148470731628e-02 7.595705894267773886e-03 0.000000000000000000e+00 4.783544606553456367e-04 1.832641770401106582e-02 7.901134521880064099e-03 1.320996702088677033e-01 2.197112366603891972e-03 9.906858594411516172e-02 1.210653753026634440e-03 3.937007874015747977e-02 9.374581491897683496e-04 7.922077922077921941e-02 2.493765586034912547e-04 4.273504273504273587e-02 2.856734752178260420e-04 1.285391697064443284e-02 1.634019096367752763e-02 1.150831580959663508e-01 0.000000000000000000e+00 0.000000000000000000e+00 2.223125931950657372e-02 2.331809274983670799e-01 1.927525057825751811e-03 3.992303992303992272e-02 6.174745291756715071e-04 1.102362204724409434e-02 1.312852829197846873e-04 2.149382052659860182e-02 1.337115072933549483e-02 6.906029891771173213e-02 8.016032064128255849e-03 2.418465416732314480e-02 3.723008190618019397e-04 3.639010189228530012e-04 2.741228070175438444e-04 2.534562211981566948e-02 0.000000000000000000e+00 6.480881399870382434e-04 0.000000000000000000e+00 2.000000000000000042e-02 0.000000000000000000e+00 3.134796238244514309e-04 0.000000000000000000e+00 1.287933671415921995e-03 0.000000000000000000e+00 1.316829075585989012e-04 1.180080245456690988e-04 1.682510305375620532e-03 0.000000000000000000e+00 2.920605641380370418e-03 0.000000000000000000e+00 0.000000000000000000e+00 0.000000000000000000e+00 0.000000000000000000e+00 2.518574486840448041e-04 6.937033084311632763e-03 2.866972477064220343e-04 9.875593176862896075e-03 0.000000000000000000e+00 1.558239189715621359e-03 0.000000000000000000e+00 5.628517823639774854e-04 0.000000000000000000e+00 1.563314226159458024e-03 6.435006435006434796e-04 1.021980695920188253e-02 3.503240497460150893e-04 3.881661770877045670e-02 1.989001989001989035e-03 3.794616387999525525e-02 2.411672494875195956e-04 5.998800239952009616e-02 0.000000000000000000e+00 2.949852507374631227e-03 2.670226969292389886e-04 7.205738506684056244e-02 0.000000000000000000e+00 0.000000000000000000e+00 0.000000000000000000e+00 6.430868167202572492e-04 0.000000000000000000e+00 0.000000000000000000e+00 0.000000000000000000e+00 1.187950784896054301e-03 0.000000000000000000e+00 0.000000000000000000e+00 0.000000000000000000e+00 3.790750568612585251e-04 3.145360593125140405e-03 3.768844221105527477e-03 0.000000000000000000e+00 0.000000000000000000e+00 2.028397565922920864e-03 4.115226337448559674e-02 1.111111111111111110e-03 0.000000000000000000e+00 2.232142857142857019e-03 3.448275862068965469e-03 4.492362982929020906e-04 0.000000000000000000e+00 4.584527220630372720e-04 1.305696099232903648e-03 3.689356207341818600e-04 1.053518752633796898e-03 0.000000000000000000e+00 1.811594202898550747e-03 0.000000000000000000e+00 0.000000000000000000e+00 0.000000000000000000e+00 2.083333333333333218e-02 0.000000000000000000e+00 0.000000000000000000e+00 0.000000000000000000e+00 0.000000000000000000e+00
0.000000000000000000e+00 0.000000000000000000e+00 6.577373834011002174e-02 4.783544606553456367e-04 0.000000000000000000e+00 1.037344398340248964e-03 4.659643435980550912e-03 0.000000000000000000e+00 3.173258003766478152e-01 1.270110076206604471e-03 0.000000000000000000e+00 0.000000000000000000e+00 1.607071112896745618e-03 0.000000000000000000e+00 1.359102244389027436e-01 3.798670465337131760e-04 0.000000000000000000e+00 0.000000000000000000e+00 1.181218623880303260e-03 0.000000000000000000e+00 3.506097560975610095e-02 0.000000000000000000e+00 3.443134065338213090e-02 2.177226213803614178e-04 2.031611410948342411e-01 2.405002405002405145e-03 1.389317690645260894e-01 1.181102362204724393e-03 1.562294866745437757e-02 0.000000000000000000e+00 1.073743922204213955e-02 2.748668613640268057e-03 3.757515030060120200e-04 7.877737513786041326e-05 0.000000000000000000e+00 0.000000000000000000e+00 1.096491228070175378e-03 0.000000000000000000e+00 5.807200929152148659e-04 0.000000000000000000e+00 0.000000000000000000e+00 0.000000000000000000e+00 0.000000000000000000e+00 0.000000000000000000e+00 0.000000000000000000e+00 0.000000000000000000e+00 5.120327700972862259e-04 0.000000000000000000e+00 1.180080245456690988e-04 0.000000000000000000e+00 7.867201636377939918e-05 0.000000000000000000e+00 2.596728122565567366e-04 0.000000000000000000e+00 1.587805652588123264e-04 0.000000000000000000e+00 0.000000000000000000e+00 0.000000000000000000e+00 1.433486238532110171e-04 0.000000000000000000e+00 1.075500107550010821e-04 0.000000000000000000e+00 0.000000000000000000e+00 0.000000000000000000e+00 3.362474781439139153e-04 0.000000000000000000e+00 2.413127413127413184e-04 0.000000000000000000e+00 0.000000000000000000e+00 0.000000000000000000e+00 3.650403650403650363e-02 8.300723348748962086e-04 4.871578439647895886e-02 9.998000399920015612e-05 9.794319294809011086e-04 0.000000000000000000e+00 4.005340453938585100e-03 1.630257580697750221e-04 0.000000000000000000e+00 0.000000000000000000e+00 3.975089439512389275e-04 0.000000000000000000e+00 7.111111111111111452e-03 0.000000000000000000e+00 1.126887536623844997e-03 0.000000000000000000e+00 5.291005291005290712e-03 0.000000000000000000e+00 9.615384615384615918e-04 0.000000000000000000e+00 0.000000000000000000e+00 0.000000000000000000e+00 0.000000000000000000e+00 0.000000000000000000e+00 6.085192697768762593e-03 0.000000000000000000e+00 0.000000000000000000e+00 0.000000000000000000e+00 0.000000000000000000e+00 0.000000000000000000e+00 0.000000000000000000e+00 0.000000000000000000e+00 0.000000000000000000e+00 0.000000000000000000e+00 0.000000000000000000e+00 0.000000000000000000e+00 0.000000000000000000e+00 0.000000000000000000e+00 0.000000000000000000e+00 0.000000000000000000e+00 0.000000000000000000e+00 0.000000000000000000e+00 0.000000000000000000e+00 0.000000000000000000e+00 0.000000000000000000e+00 0.000000000000000000e+00
0.000000000000000000e+00 3.457814661134163393e-04 1.383125864453665357e-03 1.832641770401106582e-02 1.037344398340248964e-03 0.000000000000000000e+00 4.051863857374392026e-04 1.740564309270795171e-03 1.255492780916509822e-03 1.820491109229466498e-01 0.000000000000000000e+00 3.840983291722680913e-04 0.000000000000000000e+00 1.855287569573283888e-03 2.493765586034912547e-04 1.464387464387464366e-01 0.000000000000000000e+00 3.474031613687684800e-04 0.000000000000000000e+00 4.779200917606576168e-04 0.000000000000000000e+00 2.092352092352092394e-02 1.084451674122271841e-03 8.491182233834096080e-03 4.626060138781804172e-03 1.847041847041847040e-01 6.174745291756715071e-04 1.255905511811023501e-01 0.000000000000000000e+00 2.024001432921368471e-02 9.319286871961101823e-03 2.061501460230201043e-03 0.000000000000000000e+00 3.151095005514416530e-04 0.000000000000000000e+00 0.000000000000000000e+00 0.000000000000000000e+00 2.304147465437788016e-04 0.000000000000000000e+00 0.000000000000000000e+00 0.000000000000000000e+00 0.000000000000000000e+00 0.000000000000000000e+00 7.836990595611285774e-05 0.000000000000000000e+00 8.049585446349512470e-05 0.000000000000000000e+00 1.316829075585989012e-04 0.000000000000000000e+00 8.412551526878102391e-05 0.000000000000000000e+00 1.537160863884405398e-04 0.000000000000000000e+00 0.000000000000000000e+00 0.000000000000000000e+00 0.000000000000000000e+00 0.000000000000000000e+00 0.000000000000000000e+00 0.000000000000000000e+00 0.000000000000000000e+00 0.000000000000000000e+00 0.000000000000000000e+00 0.000000000000000000e+00 0.000000000000000000e+00 0.000000000000000000e+00 1.302761855132881597e-04 0.000000000000000000e+00 8.110957904128478159e-05 0.000000000000000000e+00 0.000000000000000000e+00 1.989001989001989035e-03 3.284714810862089662e-02 0.000000000000000000e+00 2.929414117176564608e-02 0.000000000000000000e+00 0.000000000000000000e+00 0.000000000000000000e+00 9.781545484186500786e-04 0.000000000000000000e+00 0.000000000000000000e+00 0.000000000000000000e+00 2.143622722400857316e-04 0.000000000000000000e+00 0.000000000000000000e+00 0.000000000000000000e+00 8.485362749257531110e-05 0.000000000000000000e+00 0.000000000000000000e+00 0.000000000000000000e+00 1.263583522870861660e-04 0.000000000000000000e+00 0.000000000000000000e+00 0.000000000000000000e+00 0.000000000000000000e+00 0.000000000000000000e+00 0.000000000000000000e+00 0.000000000000000000e+00 0.000000000000000000e+00 0.000000000000000000e+00 0.000000000000000000e+00 0.000000000000000000e+00 0.000000000000000000e+00 0.000000000000000000e+00 0.000000000000000000e+00 0.000000000000000000e+00 0.000000000000000000e+00 0.000000000000000000e+00 0.000000000000000000e+00 0.000000000000000000e+00 0.000000000000000000e+00 0.000000000000000000e+00 0.000000000000000000e+00 0.000000000000000000e+00 0.000000000000000000e+00 0.000000000000000000e+00 0.000000000000000000e+00
1.057536466774716410e-01 4.051863857374392026e-04 2.727917341977309507e-01 7.901134521880064099e-03 4.659643435980550912e-03 4.051863857374392026e-04 0.000000000000000000e+00 4.213997801392451240e-03 6.811048336472065590e-02 2.116850127011007596e-03 8.797417271993543397e-02 3.264835797964278641e-03 2.748091603053435250e-01 3.988868274582560262e-03 7.481296758104737966e-03 1.139601139601139528e-03 4.856449078703042009e-03 1.737015806843842400e-04 1.909636775273156756e-02 3.058688587268208834e-03 0.000000000000000000e+00 0.000000000000000000e+00 2.860241290497492206e-02 6.531678641410842805e-03 1.156515034695451043e-03 0.000000000000000000e+00 3.087372645878357536e-04 0.000000000000000000e+00 1.220953131153997701e-02 8.955758552749418146e-04 1.559967585089140976e-02 1.580484452843154003e-02 4.634268537074148590e-03 7.641405388372459612e-03 7.446016381236038794e-04 0.000000000000000000e+00 1.151315789473684147e-02 0.000000000000000000e+00 5.807200929152148659e-04 0.000000000000000000e+00 0.000000000000000000e+00 0.000000000000000000e+00 1.214771622934888176e-04 0.000000000000000000e+00 1.373283395755305796e-03 0.000000000000000000e+00 3.413551800648575020e-04 0.000000000000000000e+00 2.478168515459051088e-03 0.000000000000000000e+00 6.293761309102352368e-03 0.000000000000000000e+00 5.712801869644248097e-03 0.000000000000000000e+00 2.222927913623372678e-03 0.000000000000000000e+00 8.185367082231456703e-03 0.000000000000000000e+00 6.594036697247706788e-03 0.000000000000000000e+00 1.150785115078511479e-02 0.000000000000000000e+00 2.478519497686714965e-03 0.000000000000000000e+00 8.069939475453934835e-03 0.000000000000000000e+00 3.297940797940798145e-03 8.110957904128478159e-05 7.006480994920301787e-04 0.000000000000000000e+00 5.908505908505908705e-02 3.557452863749555180e-04 4.847461714699143748e-02 2.999400119976004548e-04 9.794319294809011086e-04 0.000000000000000000e+00 6.809078771695593890e-02 1.630257580697750221e-04 2.832861189801699851e-03 0.000000000000000000e+00 6.757652047171061604e-03 0.000000000000000000e+00 8.888888888888889315e-04 0.000000000000000000e+00 1.307189542483660170e-02 0.000000000000000000e+00 0.000000000000000000e+00 0.000000000000000000e+00 9.455128205128204497e-03 0.000000000000000000e+00 4.493372275893057566e-04 0.000000000000000000e+00 0.000000000000000000e+00 0.000000000000000000e+00 2.028397565922920864e-03 4.115226337448560021e-03 0.000000000000000000e+00 0.000000000000000000e+00 0.000000000000000000e+00 0.000000000000000000e+00 0.000000000000000000e+00 0.000000000000000000e+00 1.146131805157593180e-04 1.632120124041129561e-04 1.844678103670909300e-04 2.107037505267593850e-04 0.000000000000000000e+00 0.000000000000000000e+00 0.000000000000000000e+00 0.000000000000000000e+00 0.000000000000000000e+00 0.000000000000000000e+00 8.000000000000000167e-03 0.000000000000000000e+00 0.000000000000000000e+00 0.000000000000000000e+00
2.656650787834371509e-03 1.610480029314767247e-01 5.679736167094173900e-03 1.320996702088677033e-01 0.000000000000000000e+00 1.740564309270795171e-03 4.213997801392451240e-03 0.000000000000000000e+00 3.138731952291274555e-04 4.657070279424217057e-02 8.071025020177562213e-04 1.682350681774534285e-01 4.017677782241864046e-04 2.623376623376623140e-01 0.000000000000000000e+00 1.443494776828110199e-02 0.000000000000000000e+00 9.900990099009901110e-03 1.338714440397676883e-02 2.628560504683617044e-02 0.000000000000000000e+00 0.000000000000000000e+00 1.043784736342686682e-02 1.415197038972349289e-02 3.855050115651503296e-04 1.443001443001443000e-03 0.000000000000000000e+00 0.000000000000000000e+00 1.312852829197846873e-04 1.325452265806913860e-02 4.254457050243111438e-03 5.840920803985569405e-03 5.511022044088176655e-03 1.299826689774696668e-02 3.723008190618019397e-04 7.278020378457060024e-04 2.741228070175438444e-04 1.520737327188940134e-02 0.000000000000000000e+00 1.944264419961114730e-03 0.000000000000000000e+00 2.999999999999999889e-02 0.000000000000000000e+00 7.836990595611284961e-04 0.000000000000000000e+00 3.219834178539805313e-03 0.000000000000000000e+00 0.000000000000000000e+00 1.180080245456690988e-04 6.141162614621014162e-03 0.000000000000000000e+00 1.521789255245561447e-02 0.000000000000000000e+00 6.217358865953742609e-04 0.000000000000000000e+00 1.173020527859237536e-03 0.000000000000000000e+00 1.307363927427961613e-02 1.433486238532110171e-04 1.564704373476978258e-02 1.075500107550010821e-04 1.830931047915855189e-02 0.000000000000000000e+00 1.313320825515947466e-03 0.000000000000000000e+00 1.745700885878061562e-02 3.217503217503217398e-04 9.327601589747748501e-03 8.758101243650376691e-04 2.098195551825430150e-03 4.680004680004680147e-04 8.537886872998932952e-02 2.411672494875195956e-04 4.649070185962807245e-02 0.000000000000000000e+00 4.916420845624385090e-03 0.000000000000000000e+00 4.157156830779262791e-02 0.000000000000000000e+00 0.000000000000000000e+00 0.000000000000000000e+00 3.429796355841371706e-03 0.000000000000000000e+00 0.000000000000000000e+00 0.000000000000000000e+00 8.739923631735256257e-03 0.000000000000000000e+00 9.689922480620154904e-04 0.000000000000000000e+00 6.065200909780136401e-03 2.022017524151876067e-03 8.375209380234505986e-04 3.638348189921775696e-04 0.000000000000000000e+00 0.000000000000000000e+00 1.646090534979424008e-02 5.555555555555555551e-04 0.000000000000000000e+00 4.464285714285714038e-03 0.000000000000000000e+00 0.000000000000000000e+00 0.000000000000000000e+00 8.022922636103152396e-04 4.896360372123387868e-04 0.000000000000000000e+00 0.000000000000000000e+00 9.861932938856016271e-04 0.000000000000000000e+00 0.000000000000000000e+00 0.000000000000000000e+00 0.000000000000000000e+00 0.000000000000000000e+00 8.000000000000000167e-03 0.000000000000000000e+00 0.000000000000000000e+00 0.000000000000000000e+00
4.080351537978656705e-03 0.000000000000000000e+00 6.654111738857501623e-02 2.197112366603891972e-03 3.173258003766478152e-01 1.255492780916509822e-03 6.811048336472065590e-02 3.138731952291274555e-04 0.000000000000000000e+00 4.233700254022015083e-04 2.219531880548829880e-03 0.000000000000000000e+00 3.508771929824561209e-02 0.000000000000000000e+00 2.446384039900249274e-01 1.899335232668565880e-04 4.285102128267390359e-04 0.000000000000000000e+00 2.953046559700758149e-04 9.558401835213152606e-05 0.000000000000000000e+00 0.000000000000000000e+00 4.608919615019655379e-03 4.354452427607228356e-04 6.168080185042405274e-03 3.367003367003366856e-03 5.866008027168878938e-03 7.874015748031495954e-04 7.877116975187082107e-03 0.000000000000000000e+00 1.620745542949756810e-03 1.030750730115100522e-03 1.252505010020039976e-04 7.877737513786041326e-05 0.000000000000000000e+00 0.000000000000000000e+00 2.741228070175438444e-04 0.000000000000000000e+00 0.000000000000000000e+00 0.000000000000000000e+00 0.000000000000000000e+00 0.000000000000000000e+00 1.214771622934888176e-04 0.000000000000000000e+00 0.000000000000000000e+00 0.000000000000000000e+00 1.706775900324287510e-04 0.000000000000000000e+00 0.000000000000000000e+00 0.000000000000000000e+00 7.867201636377939918e-05 0.000000000000000000e+00 2.596728122565567366e-04 0.000000000000000000e+00 1.587805652588123264e-04 0.000000000000000000e+00 3.777861730260672333e-04 0.000000000000000000e+00 2.866972477064220343e-04 0.000000000000000000e+00 9.679500967950096981e-04 0.000000000000000000e+00 3.304692663582286692e-04 0.000000000000000000e+00 1.008742434431741854e-03 0.000000000000000000e+00 0.000000000000000000e+00 0.000000000000000000e+00 0.000000000000000000e+00 0.000000000000000000e+00 9.360009360009359861e-03 2.371635242499703453e-04 1.627878934040757203e-02 0.000000000000000000e+00 0.000000000000000000e+00 0.000000000000000000e+00 5.473965287049398915e-03 0.000000000000000000e+00 0.000000000000000000e+00 0.000000000000000000e+00 5.300119252683184977e-04 0.000000000000000000e+00 0.000000000000000000e+00 0.000000000000000000e+00 6.761325219743069548e-04 0.000000000000000000e+00 0.000000000000000000e+00 0.000000000000000000e+00 3.205128205128205125e-04 0.000000000000000000e+00 0.000000000000000000e+00 0.000000000000000000e+00 0.000000000000000000e+00 0.000000000000000000e+00 0.000000000000000000e+00 0.000000000000000000e+00 0.000000000000000000e+00 0.000000000000000000e+00 0.000000000000000000e+00 0.000000000000000000e+00 0.000000000000000000e+00 0.000000000000000000e+00 1.146131805157593180e-04 0.000000000000000000e+00 0.000000000000000000e+00 0.000000000000000000e+00 0.000000000000000000e+00 0.000000000000000000e+00 0.000000000000000000e+00 0.000000000000000000e+00 0.000000000000000000e+00 0.000000000000000000e+00 0.000000000000000000e+00 0.000000000000000000e+00 0.000000000000000000e+00 0.000000000000000000e+00
0.000000000000000000e+00 3.386960203217612066e-03 3.810330228619813846e-03 9.906858594411516172e-02 1.270110076206604471e-03 1.820491109229466498e-01 2.116850127011007596e-03 4.657070279424217057e-02 4.233700254022015083e-04 0.000000000000000000e+00 0.000000000000000000e+00 1.728442481275206492e-03 1.339225927413954863e-04 1.771799628942486229e-02 0.000000000000000000e+00 1.490978157644824442e-01 0.000000000000000000e+00 3.474031613687684800e-04 0.000000000000000000e+00 5.735041101127891835e-04 3.048780487804878155e-03 0.000000000000000000e+00 2.033346888979259675e-03 5.878510777269758091e-03 7.710100231303006592e-04 2.405002405002405058e-02 3.087372645878357536e-04 2.559055118110236185e-02 0.000000000000000000e+00 1.325452265806913860e-02 6.685575364667747413e-03 2.748668613640268057e-03 0.000000000000000000e+00 8.665511265164644239e-04 0.000000000000000000e+00 0.000000000000000000e+00 0.000000000000000000e+00 0.000000000000000000e+00 0.000000000000000000e+00 0.000000000000000000e+00 0.000000000000000000e+00 0.000000000000000000e+00 0.000000000000000000e+00 7.836990595611285774e-05 0.000000000000000000e+00 0.000000000000000000e+00 0.000000000000000000e+00 0.000000000000000000e+00 0.000000000000000000e+00 8.412551526878102391e-05 0.000000000000000000e+00 1.537160863884405398e-04 0.000000000000000000e+00 0.000000000000000000e+00 0.000000000000000000e+00 0.000000000000000000e+00 0.000000000000000000e+00 8.004268943436499426e-04 0.000000000000000000e+00 1.282544568423752719e-04 0.000000000000000000e+00 0.000000000000000000e+00 0.000000000000000000e+00 1.876172607879924951e-04 0.000000000000000000e+00 5.211047420531526387e-04 0.000000000000000000e+00 8.110957904128478159e-05 0.000000000000000000e+00 0.000000000000000000e+00 8.190008190008190529e-04 8.300723348748963171e-03 0.000000000000000000e+00 1.489702059588082425e-02 0.000000000000000000e+00 1.966568338249754296e-03 0.000000000000000000e+00 1.304206064558200177e-03 0.000000000000000000e+00 0.000000000000000000e+00 0.000000000000000000e+00 8.574490889603429266e-04 0.000000000000000000e+00 0.000000000000000000e+00 0.000000000000000000e+00 7.636826474331777186e-04 0.000000000000000000e+00 0.000000000000000000e+00 0.000000000000000000e+00 2.527167045741723320e-04 2.246686137946528783e-04 0.000000000000000000e+00 0.000000000000000000e+00 0.000000000000000000e+00 0.000000000000000000e+00 0.000000000000000000e+00 0.000000000000000000e+00 0.000000000000000000e+00 0.000000000000000000e+00 0.000000000000000000e+00 0.000000000000000000e+00 0.000000000000000000e+00 0.000000000000000000e+00 0.000000000000000000e+00 0.000000000000000000e+00 0.000000000000000000e+00 0.000000000000000000e+00 0.000000000000000000e+00 0.000000000000000000e+00 0.000000000000000000e+00 0.000000000000000000e+00 0.000000000000000000e+00 0.000000000000000000e+00 0.000000000000000000e+00 0.000000000000000000e+00 0.000000000000000000e+00
2.009685230024212954e-01 0.000000000000000000e+00 2.643260694108151565e-02 1.210653753026634440e-03 0.000000000000000000e+00 0.000000000000000000e+00 8.797417271993543397e-02 8.071025020177562213e-04 2.219531880548829880e-03 0.000000000000000000e+00 0.000000000000000000e+00 1.920491645861340457e-04 1.320476764430159322e-01 8.348794063079777823e-04 6.982543640897755782e-03 0.000000000000000000e+00 7.441794029424367296e-02 0.000000000000000000e+00 9.351314105719066641e-03 0.000000000000000000e+00 0.000000000000000000e+00 0.000000000000000000e+00 2.575572726040395791e-02 6.531678641410842805e-04 0.000000000000000000e+00 0.000000000000000000e+00 0.000000000000000000e+00 0.000000000000000000e+00 6.209793882105815732e-02 0.000000000000000000e+00 8.103727714748784052e-04 1.202542518467617167e-03 1.503006012024048080e-03 1.024105876792185277e-03 0.000000000000000000e+00 0.000000000000000000e+00 1.370614035087719222e-03 0.000000000000000000e+00 0.000000000000000000e+00 0.000000000000000000e+00 0.000000000000000000e+00 0.000000000000000000e+00 0.000000000000000000e+00 7.836990595611285774e-05 0.000000000000000000e+00 0.000000000000000000e+00 0.000000000000000000e+00 0.000000000000000000e+00 3.540240736370073370e-04 0.000000000000000000e+00 6.293761309102351934e-04 0.000000000000000000e+00 5.193456245131134732e-04 0.000000000000000000e+00 3.175611305176246528e-04 0.000000000000000000e+00 6.926079838811233062e-03 8.893632159373887950e-05 3.727064220183486445e-03 0.000000000000000000e+00 1.430415143041514382e-02 0.000000000000000000e+00 5.287508261731658707e-03 0.000000000000000000e+00 7.229320780094149017e-03 0.000000000000000000e+00 8.043758043758043224e-04 1.622191580825695632e-04 8.758101243650376691e-04 0.000000000000000000e+00 5.393705393705394008e-02 1.185817621249851727e-04 1.229952972386349867e-02 0.000000000000000000e+00 0.000000000000000000e+00 0.000000000000000000e+00 6.408544726301735293e-03 0.000000000000000000e+00 0.000000000000000000e+00 0.000000000000000000e+00 2.252550682390353724e-03 0.000000000000000000e+00 0.000000000000000000e+00 0.000000000000000000e+00 4.357298474945534190e-03 0.000000000000000000e+00 0.000000000000000000e+00 0.000000000000000000e+00 2.083333333333333304e-03 0.000000000000000000e+00 4.493372275893057566e-04 0.000000000000000000e+00 0.000000000000000000e+00 0.000000000000000000e+00 0.000000000000000000e+00 0.000000000000000000e+00 0.000000000000000000e+00 0.000000000000000000e+00 0.000000000000000000e+00 0.000000000000000000e+00 0.000000000000000000e+00 0.000000000000000000e+00 0.000000000000000000e+00 0.000000000000000000e+00 0.000000000000000000e+00 0.000000000000000000e+00 0.000000000000000000e+00 0.000000000000000000e+00 0.000000000000000000e+00 0.000000000000000000e+00 0.000000000000000000e+00 0.000000000000000000e+00 0.000000000000000000e+00 0.000000000000000000e+00 0.000000000000000000e+00 0.000000000000000000e+00
5.761474937584021641e-04 3.802573458805454110e-02 2.112540810447474746e-03 3.937007874015747977e-02 0.000000000000000000e+00 3.840983291722680913e-04 3.264835797964278641e-03 1.682350681774534285e-01 0.000000000000000000e+00 1.728442481275206492e-03 1.920491645861340457e-04 0.000000000000000000e+00 1.339225927413954863e-04 1.576994434137291290e-01 0.000000000000000000e+00 3.228869895536562104e-03 0.000000000000000000e+00 7.260726072607261161e-02 2.165567477113888948e-03 1.710953928503154350e-02 1.524390243902439077e-03 0.000000000000000000e+00 1.626677511183407870e-03 9.144350097975179059e-03 0.000000000000000000e+00 4.810004810004810181e-04 0.000000000000000000e+00 0.000000000000000000e+00 0.000000000000000000e+00 5.319720580333154453e-02 2.025931928687196013e-04 6.871671534100670144e-04 8.767535070140280648e-04 1.504647865133133811e-02 0.000000000000000000e+00 0.000000000000000000e+00 0.000000000000000000e+00 2.073732718894009432e-03 0.000000000000000000e+00 0.000000000000000000e+00 0.000000000000000000e+00 5.000000000000000104e-03 0.000000000000000000e+00 0.000000000000000000e+00 0.000000000000000000e+00 8.049585446349512470e-05 0.000000000000000000e+00 0.000000000000000000e+00 0.000000000000000000e+00 2.523765458063430582e-04 0.000000000000000000e+00 7.685804319422027530e-04 0.000000000000000000e+00 1.243471773190748630e-04 0.000000000000000000e+00 2.932551319648093839e-04 1.259287243420224021e-04 7.737459978655283031e-03 0.000000000000000000e+00 6.412722842118763868e-04 0.000000000000000000e+00 7.206856252434748651e-03 0.000000000000000000e+00 1.088180112570356559e-02 0.000000000000000000e+00 3.517457008858780772e-03 0.000000000000000000e+00 1.622191580825695632e-04 0.000000000000000000e+00 0.000000000000000000e+00 0.000000000000000000e+00 2.834104114787145898e-02 0.000000000000000000e+00 1.649670065986802783e-02 0.000000000000000000e+00 4.916420845624385090e-03 0.000000000000000000e+00 7.173133355070100865e-03 0.000000000000000000e+00 5.263157894736841987e-03 0.000000000000000000e+00 1.864951768488746012e-02 0.000000000000000000e+00 0.000000000000000000e+00 0.000000000000000000e+00 1.103097157403479071e-02 0.000000000000000000e+00 0.000000000000000000e+00 0.000000000000000000e+00 9.476876421531462910e-03 0.000000000000000000e+00 0.000000000000000000e+00 0.000000000000000000e+00 0.000000000000000000e+00 0.000000000000000000e+00 0.000000000000000000e+00 0.000000000000000000e+00 0.000000000000000000e+00 0.000000000000000000e+00 0.000000000000000000e+00 0.000000000000000000e+00 0.000000000000000000e+00 0.000000000000000000e+00 0.000000000000000000e+00 0.000000000000000000e+00 0.000000000000000000e+00 0.000000000000000000e+00 0.000000000000000000e+00 0.000000000000000000e+00 0.000000000000000000e+00 0.000000000000000000e+00 0.000000000000000000e+00 0.000000000000000000e+00 0.000000000000000000e+00 0.000000000000000000e+00 0.000000000000000000e+00
4.191777152805678530e-02 0.000000000000000000e+00 5.316726931833400116e-02 9.374581491897683496e-04 1.607071112896745618e-03 0.000000000000000000e+00 2.748091603053435250e-01 4.017677782241864046e-04 3.508771929824561209e-02 1.339225927413954863e-04 1.320476764430159322e-01 1.339225927413954863e-04 0.000000000000000000e+00 2.782931354359925941e-04 2.673316708229426242e-01 0.000000000000000000e+00 2.999571489787173414e-03 0.000000000000000000e+00 5.118614036814647314e-03 9.558401835213152606e-05 0.000000000000000000e+00 0.000000000000000000e+00 4.310695404636030736e-02 1.306335728282168561e-03 1.156515034695451043e-03 0.000000000000000000e+00 3.087372645878357536e-04 0.000000000000000000e+00 7.758960220559275867e-02 1.791151710549883521e-04 2.633711507293354844e-03 3.264043978697818427e-03 1.127254509018036114e-03 2.363321254135812262e-04 0.000000000000000000e+00 0.000000000000000000e+00 3.837719298245613822e-03 0.000000000000000000e+00 0.000000000000000000e+00 0.000000000000000000e+00 0.000000000000000000e+00 0.000000000000000000e+00 0.000000000000000000e+00 0.000000000000000000e+00 0.000000000000000000e+00 0.000000000000000000e+00 0.000000000000000000e+00 0.000000000000000000e+00 2.360160490913381975e-04 0.000000000000000000e+00 8.653921800015734181e-04 0.000000000000000000e+00 5.193456245131134732e-04 0.000000000000000000e+00 4.763416957764369792e-04 0.000000000000000000e+00 5.414935146706963479e-03 8.893632159373887950e-05 2.866972477064220343e-03 0.000000000000000000e+00 8.173800817380082184e-03 0.000000000000000000e+00 3.965631196298744464e-03 0.000000000000000000e+00 9.246805648957632726e-03 0.000000000000000000e+00 6.435006435006434796e-04 0.000000000000000000e+00 8.758101243650376691e-04 0.000000000000000000e+00 3.474903474903474898e-02 0.000000000000000000e+00 3.484866755094657986e-02 0.000000000000000000e+00 9.794319294809011086e-04 0.000000000000000000e+00 4.272363150867823645e-02 1.630257580697750221e-04 0.000000000000000000e+00 0.000000000000000000e+00 3.445077514244070452e-03 0.000000000000000000e+00 8.888888888888889315e-04 0.000000000000000000e+00 6.310570205093531289e-03 0.000000000000000000e+00 0.000000000000000000e+00 0.000000000000000000e+00 5.288461538461538755e-03 0.000000000000000000e+00 2.246686137946528783e-04 4.187604690117252993e-04 0.000000000000000000e+00 0.000000000000000000e+00 2.028397565922920864e-03 0.000000000000000000e+00 0.000000000000000000e+00 0.000000000000000000e+00 0.000000000000000000e+00 0.000000000000000000e+00 0.000000000000000000e+00 0.000000000000000000e+00 0.000000000000000000e+00 0.000000000000000000e+00 1.844678103670909300e-04 0.000000000000000000e+00 0.000000000000000000e+00 0.000000000000000000e+00 0.000000000000000000e+00 0.000000000000000000e+00 0.000000000000000000e+00 0.000000000000000000e+00 0.000000000000000000e+00 0.000000000000000000e+00 0.000000000000000000e+00 0.000000000000000000e+00
