0.000000000000000000e+00 1.920088790233074466e-02 6.319070558231794366e-02 5.900533857825232195e-03 1.443695861405197220e-03 0.000000000000000000e+00 8.323959505061867548e-02 2.536997885835094984e-03 4.079254079254079034e-03 0.000000000000000000e+00 2.319669526533206239e-01 6.246096189881323799e-04 2.181069958847736689e-02 0.000000000000000000e+00 4.145555043758636891e-03 0.000000000000000000e+00 1.661833593575730572e-01 4.674046740467404683e-03 6.659050106087807674e-02 2.272727272727272790e-02 0.000000000000000000e+00 0.000000000000000000e+00 4.004711425206124858e-03 0.000000000000000000e+00 1.524390243902439077e-03 0.000000000000000000e+00 0.000000000000000000e+00 1.037344398340248964e-03 2.818828680897646558e-02 1.118151323145732349e-03 0.000000000000000000e+00 0.000000000000000000e+00 8.540056933712890722e-03 1.534070638601498469e-02 0.000000000000000000e+00 4.438526409232134871e-04 1.379864908330653006e-01 2.071823204419889417e-03 1.280409731113956416e-03 4.625346901017576536e-04 1.369863013698630061e-02 0.000000000000000000e+00 1.639881928501147864e-04 0.000000000000000000e+00 1.459055261718037550e-03 1.257703433530373645e-04 0.000000000000000000e+00 0.000000000000000000e+00 3.331276989512646503e-03 2.160293799956794145e-04 4.122055674518201179e-02 5.950609937518595675e-04 4.852013585638039654e-04 0.000000000000000000e+00 1.303780964797913913e-03 0.000000000000000000e+00 2.286252354048964319e-01 6.667777962993832195e-04 2.937420178799489065e-02 3.681207436039020788e-04 8.262548262548262412e-02 8.669267446900736718e-04 2.500000000000000139e-02 7.513148009015778016e-04 5.345394736842105227e-02 0.000000000000000000e+00 8.151287903488750944e-03 6.913716814159291939e-04 8.787684413085311563e-02 4.118404118404118096e-03 7.321735805773274541e-02 5.054759898904801537e-04 4.966104367018760873e-02 2.342888643880926009e-03 1.337295690936106916e-02 0.000000000000000000e+00 5.711790393013100459e-02 4.606596646397641270e-03 0.000000000000000000e+00 0.000000000000000000e+00 3.239740820734341234e-03 0.000000000000000000e+00 0.000000000000000000e+00 0.000000000000000000e+00 4.492159909591750266e-02 0.000000000000000000e+00 7.444168734491315130e-03 0.000000000000000000e+00 2.301194290707835738e-02 0.000000000000000000e+00 1.626545217957059159e-03 1.261034047919293820e-03 0.000000000000000000e+00 0.000000000000000000e+00 9.547738693467336391e-02 0.000000000000000000e+00 3.164556962025316406e-03 0.000000000000000000e+00 3.478260869565217520e-03 0.000000000000000000e+00 0.000000000000000000e+00 0.000000000000000000e+00 2.076014053018205002e-03 6.036824630244491023e-04 4.337349397590361567e-03 0.000000000000000000e+00 1.109877913429522774e-03 0.000000000000000000e+00 0.000000000000000000e+00 0.000000000000000000e+00 0.000000000000000000e+00 0.000000000000000000e+00 0.000000000000000000e+00 0.000000000000000000e+00 0.000000000000000000e+00 0.000000000000000000e+00
1.920088790233074466e-02 0.000000000000000000e+00 6.942476622272598409e-03 1.001685866816521553e-01 0.000000000000000000e+00 4.331683168316832061e-03 1.574803149606299191e-03 2.090909090909090773e-01 0.000000000000000000e+00 1.330376940133037693e-02 0.000000000000000000e+00 5.465334166146158801e-02 2.057613168724279793e-04 2.967359050445103966e-02 0.000000000000000000e+00 8.901061280383430058e-03 6.691947356680794231e-04 9.790897908979090403e-02 2.252325771176758723e-02 9.809491978609626017e-02 0.000000000000000000e+00 0.000000000000000000e+00 4.711425206124852743e-04 2.199010445299615264e-03 0.000000000000000000e+00 0.000000000000000000e+00 0.000000000000000000e+00 1.037344398340248964e-03 2.736726874657909232e-04 6.000745434215430663e-02 5.285412262156448425e-04 1.886284020479655089e-03 1.586010573403822538e-02 4.090855036270662354e-02 4.403346543372963309e-04 4.438526409232134871e-04 1.286587327114827907e-03 8.598066298342540992e-02 0.000000000000000000e+00 6.012950971322848955e-03 0.000000000000000000e+00 6.622516556291390723e-03 0.000000000000000000e+00 1.140250855188141373e-04 0.000000000000000000e+00 3.018488240472896530e-03 0.000000000000000000e+00 0.000000000000000000e+00 0.000000000000000000e+00 9.613307409807734377e-03 3.211991434689507349e-04 2.915798869384111924e-02 0.000000000000000000e+00 4.643603436266542910e-04 0.000000000000000000e+00 1.536098310291858678e-03 1.883239171374764516e-03 2.283713952325387431e-01 1.824484583105272640e-04 3.883673845021166915e-02 0.000000000000000000e+00 6.978760294755093074e-02 5.050505050505050501e-04 2.880040070122714610e-02 0.000000000000000000e+00 6.381589685000815804e-02 3.260515161395500443e-04 1.424225663716814118e-02 2.565747273893521571e-02 1.050193050193050232e-01 1.911680367042630521e-04 4.195450716090985688e-02 3.153082137789689574e-04 5.981256890848952318e-02 0.000000000000000000e+00 2.241195304162219709e-02 1.222707423580786075e-03 4.698728579325594373e-02 0.000000000000000000e+00 0.000000000000000000e+00 0.000000000000000000e+00 3.772003352891869273e-03 0.000000000000000000e+00 0.000000000000000000e+00 0.000000000000000000e+00 4.531136418706081803e-02 0.000000000000000000e+00 0.000000000000000000e+00 0.000000000000000000e+00 5.332239540607054684e-03 0.000000000000000000e+00 5.044136191677175279e-03 0.000000000000000000e+00 0.000000000000000000e+00 2.010050251256281437e-02 0.000000000000000000e+00 0.000000000000000000e+00 0.000000000000000000e+00 0.000000000000000000e+00 0.000000000000000000e+00 0.000000000000000000e+00 0.000000000000000000e+00 0.000000000000000000e+00 3.622094778146694831e-03 9.638554216867469427e-04 0.000000000000000000e+00 0.000000000000000000e+00 1.375515818431911983e-03 8.333333333333332871e-02 0.000000000000000000e+00 1.340482573726541581e-03 0.000000000000000000e+00 0.000000000000000000e+00 1.097694840834248118e-03 0.000000000000000000e+00 0.000000000000000000e+00
6.319070558231794366e-02 6.942476622272598409e-03 0.000000000000000000e+00 2.528800224782242183e-03 6.448508180943214596e-02 2.475247524752475278e-03 2.191226096737907691e-01 1.247357293868921711e-02 2.797202797202797200e-02 1.108647450110864744e-03 4.321576104226246967e-02 3.123048094940661899e-03 5.884773662551440188e-02 6.923837784371908964e-03 2.625518194380470002e-02 2.396439575487846821e-03 1.561454383225518647e-02 1.476014760147601433e-03 1.586420760567977817e-01 3.843582887700534943e-03 0.000000000000000000e+00 0.000000000000000000e+00 2.751472320376914249e-01 6.047278724573941326e-03 2.286585365853658486e-02 0.000000000000000000e+00 2.314814814814814686e-03 0.000000000000000000e+00 4.460864805692391771e-02 1.863585538576220581e-03 4.175475687103594180e-02 1.832390191323093540e-02 2.033346888979259762e-02 8.800095136163635021e-03 1.761338617349185324e-03 4.438526409232134871e-04 3.891926664522354223e-02 6.906077348066298055e-04 0.000000000000000000e+00 9.250693802035153072e-04 0.000000000000000000e+00 0.000000000000000000e+00 1.639881928501147864e-04 0.000000000000000000e+00 3.465256246580339372e-03 0.000000000000000000e+00 2.160293799956794145e-04 0.000000000000000000e+00 8.883405305367056762e-03 2.160293799956794145e-04 1.274089935760171384e-02 0.000000000000000000e+00 4.852013585638039654e-04 0.000000000000000000e+00 1.564537157757496695e-03 0.000000000000000000e+00 3.578154425612052603e-03 3.333888981496916097e-04 6.933041415800036793e-03 1.840603718019510394e-04 2.934362934362934501e-03 0.000000000000000000e+00 2.777777777777777884e-03 5.008765339343851288e-04 2.741228070175438444e-03 3.264240248082259121e-04 1.456363438756656803e-02 2.765486725663716776e-04 1.240111182381868800e-02 0.000000000000000000e+00 3.613075893710571834e-02 1.010951979780960307e-03 6.463818382468863866e-02 3.307607497243660478e-03 2.872709262010896339e-02 5.336179295624333312e-04 9.257641921397380402e-02 2.211166390270867792e-03 5.813953488372092943e-03 0.000000000000000000e+00 2.699784017278617550e-03 0.000000000000000000e+00 0.000000000000000000e+00 0.000000000000000000e+00 1.031219098742760208e-02 2.423067603586140102e-04 2.481389578163771710e-03 0.000000000000000000e+00 9.321293329449460360e-03 0.000000000000000000e+00 6.506180871828237287e-04 0.000000000000000000e+00 3.400204012240734563e-04 0.000000000000000000e+00 6.030150753768843963e-02 0.000000000000000000e+00 1.054852320675105396e-03 0.000000000000000000e+00 3.478260869565217520e-03 0.000000000000000000e+00 0.000000000000000000e+00 0.000000000000000000e+00 1.596933886937080887e-03 6.036824630244491023e-04 2.409638554216867682e-03 0.000000000000000000e+00 0.000000000000000000e+00 0.000000000000000000e+00 0.000000000000000000e+00 0.000000000000000000e+00 0.000000000000000000e+00 0.000000000000000000e+00 0.000000000000000000e+00 0.000000000000000000e+00 0.000000000000000000e+00 0.000000000000000000e+00
5.900533857825232195e-03 1.001685866816521553e-01 2.528800224782242183e-03 0.000000000000000000e+00 4.812319538017324609e-04 3.712871287128712700e-03 3.374578177727783918e-03 1.551797040169133057e-01 1.165501165501165500e-03 1.884700665188470195e-02 1.271051795360661051e-03 5.496564647095564943e-02 1.851851851851851923e-03 2.596439169139466013e-02 2.763703362505757783e-03 2.773022937350222428e-02 4.461298237787196335e-04 3.222632226322263288e-02 6.365268483760404446e-03 1.866644385026738073e-01 0.000000000000000000e+00 0.000000000000000000e+00 8.480565371024734178e-03 2.897196261682242757e-01 1.524390243902439077e-03 1.056338028169014065e-02 7.716049382716048954e-04 1.037344398340248964e-03 2.736726874657909232e-04 2.646291464778233182e-02 1.057082452431289642e-02 1.153327943950417656e-01 5.083367222448149404e-03 1.331906290878820398e-02 0.000000000000000000e+00 2.663115845539281139e-03 0.000000000000000000e+00 2.969613259668508337e-02 0.000000000000000000e+00 2.081406105457909300e-02 0.000000000000000000e+00 1.324503311258278145e-02 0.000000000000000000e+00 5.701254275940707134e-04 0.000000000000000000e+00 5.911206137592755344e-03 0.000000000000000000e+00 1.675884028825205395e-04 1.233806292412091337e-04 1.112551306977748941e-02 1.070663811563169116e-04 5.355548943766735674e-03 0.000000000000000000e+00 4.643603436266542910e-04 0.000000000000000000e+00 2.194426157559798188e-04 5.649717514124293983e-04 1.683613935655942778e-02 0.000000000000000000e+00 3.000184060371801839e-02 0.000000000000000000e+00 8.669267446900736718e-04 2.525252525252525250e-04 2.504382669671925644e-04 0.000000000000000000e+00 4.243512322506936586e-03 6.521030322791000885e-04 1.866703539823008975e-02 6.414368184733803277e-04 1.184041184041184115e-02 1.911680367042630521e-04 3.201347935973040959e-02 0.000000000000000000e+00 7.400771775082690129e-02 0.000000000000000000e+00 3.735325506937032993e-03 1.746724890829694200e-04 9.194766906209692059e-02 0.000000000000000000e+00 0.000000000000000000e+00 0.000000000000000000e+00 3.352891869237217132e-03 0.000000000000000000e+00 0.000000000000000000e+00 0.000000000000000000e+00 4.361521686455051804e-03 0.000000000000000000e+00 0.000000000000000000e+00 0.000000000000000000e+00 1.025430680885972088e-03 0.000000000000000000e+00 1.261034047919293820e-03 0.000000000000000000e+00 0.000000000000000000e+00 2.010050251256281437e-02 0.000000000000000000e+00 0.000000000000000000e+00 0.000000000000000000e+00 0.000000000000000000e+00 3.546099290780141758e-03 0.000000000000000000e+00 0.000000000000000000e+00 3.193867773874161666e-04 3.320253546634470334e-03 4.819277108433734714e-04 0.000000000000000000e+00 0.000000000000000000e+00 2.751031636863823966e-03 0.000000000000000000e+00 0.000000000000000000e+00 0.000000000000000000e+00 0.000000000000000000e+00 0.000000000000000000e+00 0.000000000000000000e+00 0.000000000000000000e+00 0.000000000000000000e+00
1.443695861405197220e-03 0.000000000000000000e+00 6.448508180943214596e-02 4.812319538017324609e-04 0.000000000000000000e+00 6.188118811881188194e-04 3.149606299212598381e-03 2.114164904862579153e-04 4.155011655011655036e-01 0.000000000000000000e+00 0.000000000000000000e+00 0.000000000000000000e+00 2.057613168724280010e-03 0.000000000000000000e+00 1.004145555043758631e-01 3.423485107839780708e-04 0.000000000000000000e+00 0.000000000000000000e+00 1.142484086828790503e-03 0.000000000000000000e+00 3.514938488576449700e-03 0.000000000000000000e+00 3.297997644287396866e-03 5.497526113249038161e-04 6.707317073170732113e-02 0.000000000000000000e+00 3.209876543209876365e-01 0.000000000000000000e+00 5.473453749315818464e-04 0.000000000000000000e+00 1.585623678646934419e-03 1.616814874696847126e-03 8.133387555917039350e-04 0.000000000000000000e+00 0.000000000000000000e+00 0.000000000000000000e+00 6.432936635574139535e-04 0.000000000000000000e+00 0.000000000000000000e+00 0.000000000000000000e+00 0.000000000000000000e+00 0.000000000000000000e+00 1.639881928501147864e-04 0.000000000000000000e+00 1.823819077147546938e-04 0.000000000000000000e+00 4.320587599913588289e-04 0.000000000000000000e+00 1.233806292412091337e-04 0.000000000000000000e+00 1.070663811563169116e-04 0.000000000000000000e+00 0.000000000000000000e+00 0.000000000000000000e+00 5.215123859191655650e-04 0.000000000000000000e+00 0.000000000000000000e+00 0.000000000000000000e+00 0.000000000000000000e+00 0.000000000000000000e+00 1.544401544401544503e-04 0.000000000000000000e+00 0.000000000000000000e+00 0.000000000000000000e+00 5.482456140350876889e-04 0.000000000000000000e+00 4.347353548527334104e-04 0.000000000000000000e+00 2.138122728244601183e-04 0.000000000000000000e+00 7.837889504874785002e-03 0.000000000000000000e+00 5.612486205265647399e-02 0.000000000000000000e+00 9.905894006934125307e-04 0.000000000000000000e+00 6.637554585152838013e-03 1.842638658559056584e-04 0.000000000000000000e+00 0.000000000000000000e+00 2.699784017278617876e-04 0.000000000000000000e+00 7.874015748031495954e-03 0.000000000000000000e+00 1.836417573103545650e-03 0.000000000000000000e+00 0.000000000000000000e+00 0.000000000000000000e+00 1.456452082726478236e-03 0.000000000000000000e+00 6.506180871828237287e-04 1.261034047919293820e-03 0.000000000000000000e+00 0.000000000000000000e+00 1.005025125628140718e-02 0.000000000000000000e+00 0.000000000000000000e+00 0.000000000000000000e+00 0.000000000000000000e+00 0.000000000000000000e+00 0.000000000000000000e+00 0.000000000000000000e+00 0.000000000000000000e+00 0.000000000000000000e+00 0.000000000000000000e+00 0.000000000000000000e+00 0.000000000000000000e+00 0.000000000000000000e+00 0.000000000000000000e+00 0.000000000000000000e+00 0.000000000000000000e+00 0.000000000000000000e+00 0.000000000000000000e+00 0.000000000000000000e+00 0.000000000000000000e+00 0.000000000000000000e+00
0.000000000000000000e+00 4.331683168316832061e-03 2.475247524752475278e-03 3.712871287128712700e-03 6.188118811881188194e-04 0.000000000000000000e+00 0.000000000000000000e+00 1.479915433403805516e-03 5.827505827505827501e-04 2.372505543237250492e-01 0.000000000000000000e+00 9.369144284821986782e-04 2.057613168724279793e-04 4.945598417408506248e-04 0.000000000000000000e+00 1.095515234508729896e-01 0.000000000000000000e+00 2.460024600246002208e-04 0.000000000000000000e+00 0.000000000000000000e+00 3.514938488576449700e-03 4.518072289156626307e-03 2.355712603062426209e-03 3.216052776250687140e-02 7.621951219512194953e-03 1.795774647887324049e-01 6.944444444444444059e-03 1.919087136929460702e-01 0.000000000000000000e+00 0.000000000000000000e+00 1.321353065539112095e-02 2.694691457828078760e-03 0.000000000000000000e+00 3.567606136282554328e-04 0.000000000000000000e+00 0.000000000000000000e+00 0.000000000000000000e+00 1.381215469613259611e-03 0.000000000000000000e+00 0.000000000000000000e+00 0.000000000000000000e+00 0.000000000000000000e+00 0.000000000000000000e+00 0.000000000000000000e+00 0.000000000000000000e+00 0.000000000000000000e+00 0.000000000000000000e+00 1.675884028825205395e-04 0.000000000000000000e+00 2.160293799956794145e-04 0.000000000000000000e+00 9.917683229197659007e-05 0.000000000000000000e+00 0.000000000000000000e+00 0.000000000000000000e+00 2.194426157559798188e-04 0.000000000000000000e+00 1.666944490748458049e-04 0.000000000000000000e+00 1.840603718019510394e-04 0.000000000000000000e+00 0.000000000000000000e+00 0.000000000000000000e+00 2.504382669671925644e-04 0.000000000000000000e+00 0.000000000000000000e+00 0.000000000000000000e+00 2.765486725663716776e-04 0.000000000000000000e+00 2.574002574002573810e-04 7.646721468170522085e-04 5.004212299915754281e-02 0.000000000000000000e+00 3.762403528114663387e-02 0.000000000000000000e+00 3.735325506937032993e-03 1.746724890829694200e-04 3.685277317118113277e-03 0.000000000000000000e+00 0.000000000000000000e+00 0.000000000000000000e+00 8.382229673093042829e-04 0.000000000000000000e+00 0.000000000000000000e+00 0.000000000000000000e+00 3.634601405379210017e-04 0.000000000000000000e+00 0.000000000000000000e+00 0.000000000000000000e+00 8.203445447087777355e-04 0.000000000000000000e+00 0.000000000000000000e+00 0.000000000000000000e+00 0.000000000000000000e+00 5.025125628140703592e-03 0.000000000000000000e+00 0.000000000000000000e+00 0.000000000000000000e+00 0.000000000000000000e+00 0.000000000000000000e+00 0.000000000000000000e+00 0.000000000000000000e+00 0.000000000000000000e+00 6.036824630244491023e-04 0.000000000000000000e+00 0.000000000000000000e+00 0.000000000000000000e+00 0.000000000000000000e+00 0.000000000000000000e+00 0.000000000000000000e+00 0.000000000000000000e+00 0.000000000000000000e+00 0.000000000000000000e+00 0.000000000000000000e+00 0.000000000000000000e+00 0.000000000000000000e+00
8.323959505061867548e-02 1.574803149606299191e-03 2.191226096737907691e-01 3.374578177727783918e-03 3.149606299212598381e-03 0.000000000000000000e+00 0.000000000000000000e+00 8.245243128964059240e-03 3.263403263403263227e-02 1.108647450110864744e-03 5.973943438195106204e-02 5.309181761399125662e-03 2.257201646090535030e-01 3.956478733926804998e-03 1.888530631045601260e-02 3.423485107839780708e-04 6.022752621012714483e-03 9.840098400984008831e-04 5.059572384527501014e-03 1.671122994652406374e-03 0.000000000000000000e+00 0.000000000000000000e+00 9.893992932862191031e-03 4.672897196261681894e-03 4.573170731707316798e-03 0.000000000000000000e+00 0.000000000000000000e+00 0.000000000000000000e+00 2.052545155993431777e-02 1.118151323145732349e-03 4.228329809725158740e-03 1.131770412287792966e-02 1.220008133387555848e-03 3.924366749910809977e-03 0.000000000000000000e+00 0.000000000000000000e+00 9.971051785139916496e-03 3.453038674033149028e-04 0.000000000000000000e+00 4.625346901017576536e-04 0.000000000000000000e+00 0.000000000000000000e+00 1.639881928501147864e-04 0.000000000000000000e+00 1.823819077147546938e-04 0.000000000000000000e+00 0.000000000000000000e+00 0.000000000000000000e+00 6.169031462060456687e-04 0.000000000000000000e+00 9.421841541755888658e-03 0.000000000000000000e+00 0.000000000000000000e+00 0.000000000000000000e+00 2.607561929595827825e-04 0.000000000000000000e+00 2.259887005649717593e-03 0.000000000000000000e+00 2.006933041415799850e-03 1.840603718019510394e-04 6.949806949806949449e-03 0.000000000000000000e+00 2.020202020202020200e-03 2.504382669671925644e-04 1.178728070175438618e-02 0.000000000000000000e+00 1.521573741984566909e-03 1.382743362831858388e-04 6.414368184733803277e-04 0.000000000000000000e+00 9.692219460906136008e-02 5.054759898904801537e-04 1.671133533028535539e-02 1.929437706725468504e-03 2.476473501733531327e-03 0.000000000000000000e+00 2.759825327510917123e-02 1.105583195135433896e-03 0.000000000000000000e+00 0.000000000000000000e+00 4.319654427645788601e-03 0.000000000000000000e+00 0.000000000000000000e+00 0.000000000000000000e+00 2.246079954795875133e-02 0.000000000000000000e+00 0.000000000000000000e+00 0.000000000000000000e+00 1.806000582580833194e-02 0.000000000000000000e+00 0.000000000000000000e+00 0.000000000000000000e+00 0.000000000000000000e+00 0.000000000000000000e+00 5.025125628140703592e-03 0.000000000000000000e+00 0.000000000000000000e+00 0.000000000000000000e+00 1.739130434782608760e-03 0.000000000000000000e+00 0.000000000000000000e+00 0.000000000000000000e+00 0.000000000000000000e+00 3.018412315122245512e-04 4.819277108433734714e-04 0.000000000000000000e+00 0.000000000000000000e+00 0.000000000000000000e+00 0.000000000000000000e+00 0.000000000000000000e+00 0.000000000000000000e+00 0.000000000000000000e+00 0.000000000000000000e+00 0.000000000000000000e+00 0.000000000000000000e+00 0.000000000000000000e+00
2.536997885835094984e-03 2.090909090909090773e-01 1.247357293868921711e-02 1.551797040169133057e-01 2.114164904862579153e-04 1.479915433403805516e-03 8.245243128964059240e-03 0.000000000000000000e+00 1.165501165501165500e-03 6.651884700665188464e-03 9.532888465204956800e-04 1.152404747033104332e-01 1.234567901234567876e-03 1.713649851632047527e-01 0.000000000000000000e+00 8.558712769599451445e-03 4.461298237787196335e-04 1.500615006150061471e-02 8.813448669822098597e-03 5.180481283422459782e-03 0.000000000000000000e+00 0.000000000000000000e+00 1.978798586572438206e-02 1.539307311709730598e-02 1.524390243902439077e-03 0.000000000000000000e+00 7.716049382716048954e-04 0.000000000000000000e+00 5.473453749315818464e-04 8.945210585165858791e-03 1.585623678646934376e-02 5.928321207221773012e-03 5.896705978039853448e-03 1.545962659055773614e-03 0.000000000000000000e+00 8.877052818464269742e-04 0.000000000000000000e+00 5.524861878453038444e-03 0.000000000000000000e+00 9.250693802035153072e-04 0.000000000000000000e+00 0.000000000000000000e+00 0.000000000000000000e+00 3.420752565564424389e-04 0.000000000000000000e+00 3.521569613885046097e-03 0.000000000000000000e+00 1.675884028825205395e-04 2.467612584824182675e-04 8.533160509829336438e-03 0.000000000000000000e+00 1.447981751462858353e-02 0.000000000000000000e+00 6.965405154399814365e-04 0.000000000000000000e+00 2.633311389071757609e-03 0.000000000000000000e+00 2.500416736122687208e-03 3.648969166210545281e-04 4.785569666850727349e-03 0.000000000000000000e+00 7.802340702210663372e-03 0.000000000000000000e+00 5.008765339343851288e-04 0.000000000000000000e+00 1.142484086828790546e-02 2.173676774263667052e-04 3.180309734513274509e-03 0.000000000000000000e+00 7.722007722007721972e-04 3.823360734085261043e-04 8.593091828138163524e-02 1.576541068894844787e-04 2.108599779492833365e-02 0.000000000000000000e+00 1.067235859124866662e-03 5.240174672489082870e-04 1.768933112216694234e-02 0.000000000000000000e+00 0.000000000000000000e+00 0.000000000000000000e+00 3.772003352891869273e-03 0.000000000000000000e+00 0.000000000000000000e+00 0.000000000000000000e+00 1.538647928277198963e-02 0.000000000000000000e+00 0.000000000000000000e+00 2.912904165452956363e-04 2.871205906480722020e-03 0.000000000000000000e+00 0.000000000000000000e+00 0.000000000000000000e+00 0.000000000000000000e+00 5.025125628140703592e-03 0.000000000000000000e+00 0.000000000000000000e+00 0.000000000000000000e+00 0.000000000000000000e+00 0.000000000000000000e+00 0.000000000000000000e+00 0.000000000000000000e+00 0.000000000000000000e+00 3.018412315122245512e-04 0.000000000000000000e+00 0.000000000000000000e+00 0.000000000000000000e+00 0.000000000000000000e+00 0.000000000000000000e+00 0.000000000000000000e+00 0.000000000000000000e+00 0.000000000000000000e+00 0.000000000000000000e+00 0.000000000000000000e+00 0.000000000000000000e+00 0.000000000000000000e+00
4.079254079254079034e-03 0.000000000000000000e+00 2.797202797202797200e-02 1.165501165501165500e-03 4.155011655011655036e-01 5.827505827505827501e-04 3.263403263403263227e-02 1.165501165501165500e-03 0.000000000000000000e+00 0.000000000000000000e+00 6.355258976803305256e-04 0.000000000000000000e+00 1.563786008230452773e-02 2.472799208704253124e-04 2.468908337171810130e-01 0.000000000000000000e+00 2.230649118893598167e-04 0.000000000000000000e+00 4.896360372123387868e-04 0.000000000000000000e+00 0.000000000000000000e+00 0.000000000000000000e+00 1.177856301531213104e-03 1.099505222649807632e-03 1.524390243902438991e-02 0.000000000000000000e+00 5.401234567901234268e-02 0.000000000000000000e+00 8.210180623973727153e-04 0.000000000000000000e+00 0.000000000000000000e+00 5.389382915656157087e-04 0.000000000000000000e+00 0.000000000000000000e+00 0.000000000000000000e+00 0.000000000000000000e+00 9.649404953361209302e-04 0.000000000000000000e+00 0.000000000000000000e+00 0.000000000000000000e+00 0.000000000000000000e+00 0.000000000000000000e+00 0.000000000000000000e+00 0.000000000000000000e+00 0.000000000000000000e+00 0.000000000000000000e+00 6.480881399870382434e-04 0.000000000000000000e+00 0.000000000000000000e+00 0.000000000000000000e+00 0.000000000000000000e+00 0.000000000000000000e+00 4.852013585638039654e-04 0.000000000000000000e+00 2.607561929595827825e-04 0.000000000000000000e+00 1.883239171374764570e-04 0.000000000000000000e+00 3.648969166210545281e-04 0.000000000000000000e+00 9.266409266409265932e-04 0.000000000000000000e+00 5.050505050505050501e-04 0.000000000000000000e+00 2.741228070175438444e-04 0.000000000000000000e+00 1.086838387131833526e-04 0.000000000000000000e+00 0.000000000000000000e+00 0.000000000000000000e+00 3.249856623972471967e-03 0.000000000000000000e+00 1.072047926848494412e-02 0.000000000000000000e+00 2.476473501733531327e-03 0.000000000000000000e+00 6.812227074235808165e-03 1.842638658559056584e-04 0.000000000000000000e+00 0.000000000000000000e+00 8.099352051835853085e-04 0.000000000000000000e+00 7.874015748031495954e-03 0.000000000000000000e+00 1.553891792626077139e-03 0.000000000000000000e+00 0.000000000000000000e+00 0.000000000000000000e+00 1.165161666181182545e-03 0.000000000000000000e+00 0.000000000000000000e+00 0.000000000000000000e+00 0.000000000000000000e+00 0.000000000000000000e+00 1.005025125628140718e-02 0.000000000000000000e+00 0.000000000000000000e+00 0.000000000000000000e+00 0.000000000000000000e+00 0.000000000000000000e+00 9.199632014719411142e-04 0.000000000000000000e+00 0.000000000000000000e+00 0.000000000000000000e+00 0.000000000000000000e+00 0.000000000000000000e+00 0.000000000000000000e+00 0.000000000000000000e+00 0.000000000000000000e+00 0.000000000000000000e+00 0.000000000000000000e+00 0.000000000000000000e+00 0.000000000000000000e+00 0.000000000000000000e+00 0.000000000000000000e+00 0.000000000000000000e+00
0.000000000000000000e+00 1.330376940133037693e-02 1.108647450110864744e-03 1.884700665188470195e-02 0.000000000000000000e+00 2.372505543237250492e-01 1.108647450110864744e-03 6.651884700665188464e-03 0.000000000000000000e+00 0.000000000000000000e+00 0.000000000000000000e+00 2.810743285446595709e-03 4.115226337448559587e-04 1.978239366963402499e-03 0.000000000000000000e+00 1.434440260184868254e-01 0.000000000000000000e+00 0.000000000000000000e+00 0.000000000000000000e+00 8.355614973262031871e-04 0.000000000000000000e+00 0.000000000000000000e+00 1.177856301531213104e-03 1.099505222649807632e-03 0.000000000000000000e+00 3.521126760563380361e-03 7.716049382716048954e-04 2.074688796680497927e-03 0.000000000000000000e+00 7.454342154304882326e-04 5.285412262156448208e-03 5.389382915656157087e-04 0.000000000000000000e+00 0.000000000000000000e+00 0.000000000000000000e+00 0.000000000000000000e+00 0.000000000000000000e+00 0.000000000000000000e+00 0.000000000000000000e+00 0.000000000000000000e+00 0.000000000000000000e+00 0.000000000000000000e+00 0.000000000000000000e+00 0.000000000000000000e+00 0.000000000000000000e+00 0.000000000000000000e+00 0.000000000000000000e+00 0.000000000000000000e+00 0.000000000000000000e+00 0.000000000000000000e+00 0.000000000000000000e+00 1.983536645839531801e-04 0.000000000000000000e+00 0.000000000000000000e+00 0.000000000000000000e+00 0.000000000000000000e+00 0.000000000000000000e+00 3.333888981496916097e-04 0.000000000000000000e+00 0.000000000000000000e+00 0.000000000000000000e+00 0.000000000000000000e+00 0.000000000000000000e+00 0.000000000000000000e+00 0.000000000000000000e+00 4.896360372123387868e-04 1.086838387131833526e-04 0.000000000000000000e+00 0.000000000000000000e+00 0.000000000000000000e+00 0.000000000000000000e+00 3.201347935973041479e-03 0.000000000000000000e+00 1.323042998897464191e-02 0.000000000000000000e+00 7.470651013874065986e-03 0.000000000000000000e+00 5.712179841533075383e-03 0.000000000000000000e+00 0.000000000000000000e+00 0.000000000000000000e+00 1.676445934618608566e-03 0.000000000000000000e+00 0.000000000000000000e+00 0.000000000000000000e+00 4.846135207172280203e-04 0.000000000000000000e+00 0.000000000000000000e+00 0.000000000000000000e+00 2.050861361771944339e-04 0.000000000000000000e+00 0.000000000000000000e+00 0.000000000000000000e+00 0.000000000000000000e+00 0.000000000000000000e+00 0.000000000000000000e+00 0.000000000000000000e+00 0.000000000000000000e+00 0.000000000000000000e+00 0.000000000000000000e+00 0.000000000000000000e+00 0.000000000000000000e+00 0.000000000000000000e+00 9.055236945366737077e-04 4.819277108433734714e-04 0.000000000000000000e+00 0.000000000000000000e+00 0.000000000000000000e+00 0.000000000000000000e+00 0.000000000000000000e+00 0.000000000000000000e+00 0.000000000000000000e+00 0.000000000000000000e+00 0.000000000000000000e+00 0.000000000000000000e+00 0.000000000000000000e+00
2.319669526533206239e-01 0.000000000000000000e+00 4.321576104226246967e-02 1.271051795360661051e-03 0.000000000000000000e+00 0.000000000000000000e+00 5.973943438195106204e-02 9.532888465204956800e-04 6.355258976803305256e-04 0.000000000000000000e+00 0.000000000000000000e+00 6.246096189881323799e-04 1.748971193415637948e-01 2.472799208704253124e-04 7.830492860432979735e-03 0.000000000000000000e+00 2.119116662948918040e-02 0.000000000000000000e+00 1.109841684347968004e-02 5.013368983957219773e-04 0.000000000000000000e+00 0.000000000000000000e+00 6.595995288574793732e-03 5.497526113249038161e-04 0.000000000000000000e+00 0.000000000000000000e+00 0.000000000000000000e+00 0.000000000000000000e+00 5.883962780514504637e-02 0.000000000000000000e+00 1.057082452431289685e-03 8.084074373484235630e-04 2.846685644570963718e-03 8.324414317992627488e-04 0.000000000000000000e+00 0.000000000000000000e+00 1.286587327114827907e-03 0.000000000000000000e+00 0.000000000000000000e+00 0.000000000000000000e+00 0.000000000000000000e+00 0.000000000000000000e+00 0.000000000000000000e+00 0.000000000000000000e+00 5.471457231442640543e-04 0.000000000000000000e+00 2.160293799956794145e-04 0.000000000000000000e+00 2.467612584824182675e-04 0.000000000000000000e+00 4.175588865096360042e-03 0.000000000000000000e+00 0.000000000000000000e+00 0.000000000000000000e+00 1.043024771838331130e-03 0.000000000000000000e+00 2.824858757062146883e-03 0.000000000000000000e+00 1.094690749863163693e-03 0.000000000000000000e+00 2.223938223938223824e-02 0.000000000000000000e+00 1.212121212121212120e-02 0.000000000000000000e+00 1.452850877192982462e-02 0.000000000000000000e+00 2.282360612976850472e-03 0.000000000000000000e+00 1.069061364122300727e-03 0.000000000000000000e+00 5.505639457082775468e-02 0.000000000000000000e+00 7.882705344474223936e-04 2.756339581036383731e-04 9.905894006934125307e-04 0.000000000000000000e+00 8.733624454148471812e-04 1.842638658559056584e-04 0.000000000000000000e+00 0.000000000000000000e+00 9.719222462203023702e-03 0.000000000000000000e+00 0.000000000000000000e+00 0.000000000000000000e+00 1.002966520695013422e-02 0.000000000000000000e+00 0.000000000000000000e+00 0.000000000000000000e+00 6.408389163996504323e-03 0.000000000000000000e+00 0.000000000000000000e+00 0.000000000000000000e+00 0.000000000000000000e+00 0.000000000000000000e+00 0.000000000000000000e+00 0.000000000000000000e+00 0.000000000000000000e+00 0.000000000000000000e+00 0.000000000000000000e+00 0.000000000000000000e+00 0.000000000000000000e+00 0.000000000000000000e+00 0.000000000000000000e+00 0.000000000000000000e+00 0.000000000000000000e+00 0.000000000000000000e+00 0.000000000000000000e+00 0.000000000000000000e+00 0.000000000000000000e+00 0.000000000000000000e+00 0.000000000000000000e+00 0.000000000000000000e+00 0.000000000000000000e+00 0.000000000000000000e+00 0.000000000000000000e+00 0.000000000000000000e+00
6.246096189881323799e-04 5.465334166146158801e-02 3.123048094940661899e-03 5.496564647095564943e-02 0.000000000000000000e+00 9.369144284821986782e-04 5.309181761399125662e-03 1.152404747033104332e-01 0.000000000000000000e+00 2.810743285446595709e-03 6.246096189881323799e-04 0.000000000000000000e+00 2.057613168724279793e-04 2.697823936696340241e-01 0.000000000000000000e+00 2.533378979801437919e-02 0.000000000000000000e+00 6.691266912669126266e-02 2.284968173657581005e-03 1.102941176470588307e-02 0.000000000000000000e+00 0.000000000000000000e+00 2.826855123674911537e-03 9.345794392523363789e-03 0.000000000000000000e+00 0.000000000000000000e+00 0.000000000000000000e+00 0.000000000000000000e+00 0.000000000000000000e+00 6.448005963473724123e-02 1.585623678646934419e-03 1.347345728914039380e-03 1.220008133387555848e-03 3.210845522654299112e-03 0.000000000000000000e+00 0.000000000000000000e+00 0.000000000000000000e+00 6.906077348066298055e-04 0.000000000000000000e+00 9.250693802035153072e-04 0.000000000000000000e+00 0.000000000000000000e+00 0.000000000000000000e+00 1.140250855188141373e-04 0.000000000000000000e+00 6.288517167651867410e-04 0.000000000000000000e+00 0.000000000000000000e+00 0.000000000000000000e+00 7.561028299848779506e-04 0.000000000000000000e+00 1.289298819795695657e-03 0.000000000000000000e+00 0.000000000000000000e+00 0.000000000000000000e+00 2.194426157559798188e-04 1.883239171374764570e-04 2.667111185197532878e-03 0.000000000000000000e+00 1.472482974415608315e-03 0.000000000000000000e+00 7.368877329865626373e-03 0.000000000000000000e+00 8.765339343851740947e-03 0.000000000000000000e+00 1.158805288069201904e-02 1.086838387131833526e-04 1.935840707964601743e-03 0.000000000000000000e+00 2.574002574002573810e-04 0.000000000000000000e+00 4.111204717775905626e-02 0.000000000000000000e+00 1.185226019845644907e-02 0.000000000000000000e+00 0.000000000000000000e+00 1.746724890829694200e-04 1.105583195135433896e-03 0.000000000000000000e+00 1.020408163265306041e-02 0.000000000000000000e+00 1.089689857502095481e-02 0.000000000000000000e+00 0.000000000000000000e+00 0.000000000000000000e+00 9.813423794523866775e-03 0.000000000000000000e+00 0.000000000000000000e+00 0.000000000000000000e+00 3.691550451189499430e-03 0.000000000000000000e+00 0.000000000000000000e+00 3.400204012240734563e-04 0.000000000000000000e+00 0.000000000000000000e+00 0.000000000000000000e+00 0.000000000000000000e+00 0.000000000000000000e+00 0.000000000000000000e+00 0.000000000000000000e+00 0.000000000000000000e+00 0.000000000000000000e+00 0.000000000000000000e+00 0.000000000000000000e+00 0.000000000000000000e+00 0.000000000000000000e+00 0.000000000000000000e+00 0.000000000000000000e+00 0.000000000000000000e+00 0.000000000000000000e+00 0.000000000000000000e+00 0.000000000000000000e+00 0.000000000000000000e+00 0.000000000000000000e+00 3.984063745019920250e-03 0.000000000000000000e+00
2.181069958847736689e-02 2.057613168724279793e-04 5.884773662551440188e-02 1.851851851851851923e-03 2.057613168724280010e-03 2.057613168724279793e-04 2.257201646090535030e-01 1.234567901234567876e-03 1.563786008230452773e-02 4.115226337448559587e-04 1.748971193415637948e-01 2.057613168724279793e-04 0.000000000000000000e+00 4.945598417408506248e-04 2.155688622754491079e-01 3.423485107839780708e-04 3.792103502119116478e-03 0.000000000000000000e+00 3.427452260486371725e-03 0.000000000000000000e+00 0.000000000000000000e+00 0.000000000000000000e+00 1.601884570082449943e-02 1.099505222649807632e-03 0.000000000000000000e+00 0.000000000000000000e+00 0.000000000000000000e+00 0.000000000000000000e+00 1.239737274220032853e-01 0.000000000000000000e+00 2.114164904862579370e-03 4.311506332524925669e-03 1.626677511183407870e-03 4.756808181710072618e-04 0.000000000000000000e+00 0.000000000000000000e+00 1.157928594403345203e-02 0.000000000000000000e+00 0.000000000000000000e+00 0.000000000000000000e+00 0.000000000000000000e+00 0.000000000000000000e+00 0.000000000000000000e+00 0.000000000000000000e+00 0.000000000000000000e+00 0.000000000000000000e+00 0.000000000000000000e+00 0.000000000000000000e+00 3.701418877236274012e-04 0.000000000000000000e+00 3.211991434689507458e-03 0.000000000000000000e+00 0.000000000000000000e+00 0.000000000000000000e+00 2.607561929595827825e-04 0.000000000000000000e+00 1.129943502824858797e-03 0.000000000000000000e+00 2.006933041415799850e-03 0.000000000000000000e+00 1.868725868725868572e-02 4.334633723450368359e-04 1.388888888888888812e-02 0.000000000000000000e+00 1.946271929824561556e-02 0.000000000000000000e+00 1.412889903271383543e-03 0.000000000000000000e+00 1.282873636946760655e-03 0.000000000000000000e+00 7.761422290193079054e-02 5.054759898904801537e-04 1.860318461295916784e-02 4.134509371554575597e-04 2.179296681525507567e-02 0.000000000000000000e+00 4.209606986899563225e-02 0.000000000000000000e+00 5.813953488372092943e-03 0.000000000000000000e+00 1.646868250539956779e-02 0.000000000000000000e+00 0.000000000000000000e+00 0.000000000000000000e+00 1.228987145076988231e-02 0.000000000000000000e+00 4.962779156327543420e-03 0.000000000000000000e+00 6.699679580541800447e-03 0.000000000000000000e+00 3.253090435914118644e-04 0.000000000000000000e+00 0.000000000000000000e+00 0.000000000000000000e+00 5.025125628140703592e-03 0.000000000000000000e+00 2.109704641350210793e-03 0.000000000000000000e+00 0.000000000000000000e+00 0.000000000000000000e+00 0.000000000000000000e+00 0.000000000000000000e+00 1.596933886937080833e-04 0.000000000000000000e+00 4.819277108433734714e-04 0.000000000000000000e+00 0.000000000000000000e+00 0.000000000000000000e+00 0.000000000000000000e+00 0.000000000000000000e+00 0.000000000000000000e+00 0.000000000000000000e+00 0.000000000000000000e+00 0.000000000000000000e+00 0.000000000000000000e+00 0.000000000000000000e+00
