0.000000000000000000e+00 1.376118095952961855e-02 8.807001381851681243e-02 4.543347241539174609e-03 1.586042823156225221e-03 0.000000000000000000e+00 1.398999482490943524e-01 6.018557218089108304e-03 2.645502645502645356e-03 0.000000000000000000e+00 3.165890713060524608e-01 2.606105733432613741e-03 5.750000000000000250e-02 3.218538783392340102e-04 3.468780971258671880e-03 0.000000000000000000e+00 9.534925480337583248e-02 3.582945180938731586e-03 6.331538001196887477e-02 4.105848008287033002e-02 5.356186395286555851e-04 0.000000000000000000e+00 3.715992037159920533e-03 9.373828271466066921e-04 0.000000000000000000e+00 0.000000000000000000e+00 4.873294346978557234e-04 0.000000000000000000e+00 3.606741573033708098e-02 4.880429477794046011e-04 6.391137622496804397e-04 7.162041181736795168e-04 2.193831462124145194e-03 1.838601575944208075e-02 5.219206680584550628e-04 7.939658594680428427e-04 8.812856402280974666e-02 0.000000000000000000e+00 1.457194899817850636e-03 0.000000000000000000e+00 4.830917874396135035e-03 0.000000000000000000e+00 4.416961130742049412e-04 0.000000000000000000e+00 1.239003840911906862e-04 1.008572869389813374e-04 1.450536698578474084e-04 0.000000000000000000e+00 1.812767059432862779e-03 9.607070804111826927e-05 9.502923976608186607e-03 1.682651859330304628e-04 6.180469715698392544e-04 0.000000000000000000e+00 8.121677495569993785e-03 0.000000000000000000e+00 3.421111861354940165e-01 2.333644485931457568e-03 2.000382848392036686e-02 1.063829787234042571e-03 5.966628811042194724e-02 4.446420631391729563e-04 1.365751163139726845e-02 4.244482173174872605e-04 3.826926392001379212e-02 1.100231048520189267e-04 5.965697240865025681e-03 1.541810266642481327e-03 9.761735419630156174e-02 4.571026722925457079e-03 1.139300198057153629e-01 7.961079168509509543e-04 7.735201601372605762e-02 1.202501202501202572e-03 4.000000000000000083e-03 0.000000000000000000e+00 9.542967492758287762e-02 1.834862385321101019e-03 1.113585746102449840e-03 0.000000000000000000e+00 1.016532618409293938e-02 7.005744710662743444e-04 1.673640167364016636e-03 0.000000000000000000e+00 3.911480724504898254e-02 8.960573476702508953e-05 0.000000000000000000e+00 0.000000000000000000e+00 3.195048511207761871e-02 1.137009664582148884e-04 4.320987654320987241e-03 4.761904761904761901e-04 1.348799568384138068e-03 0.000000000000000000e+00 4.321907600596125443e-02 4.662004662004662001e-03 0.000000000000000000e+00 0.000000000000000000e+00 1.207729468599033759e-03 5.827505827505827501e-04 6.644518272425249542e-04 0.000000000000000000e+00 2.167630057803467993e-03 0.000000000000000000e+00 5.424063116370808624e-03 0.000000000000000000e+00 1.005025125628140805e-03 0.000000000000000000e+00 0.000000000000000000e+00 0.000000000000000000e+00 0.000000000000000000e+00 0.000000000000000000e+00 0.000000000000000000e+00 6.738544474393531360e-04 0.000000000000000000e+00 2.854424357754519522e-03
1.376118095952961855e-02 0.000000000000000000e+00 3.408567480423767976e-03 9.782104775150672615e-02 0.000000000000000000e+00 5.651313930488838797e-04 2.587545282042435536e-03 1.339128981024826637e-01 0.000000000000000000e+00 2.424242424242424240e-03 2.450379808870374793e-04 1.224869694713328350e-01 1.785714285714285713e-04 1.367878982941744467e-02 0.000000000000000000e+00 3.013863773357444362e-03 7.182618064284432150e-04 7.613758509494804316e-02 3.052064631956911966e-02 1.090498163668895404e-01 0.000000000000000000e+00 0.000000000000000000e+00 6.635700066357000642e-04 5.624296962879640586e-04 0.000000000000000000e+00 0.000000000000000000e+00 0.000000000000000000e+00 0.000000000000000000e+00 1.123595505617977573e-04 3.831137140068326119e-02 1.491265445249254432e-03 1.790510295434198792e-04 2.606787972641631118e-02 1.086858074449778035e-02 1.043841336116910126e-03 1.587931718936085685e-03 1.728011059270779420e-04 7.094918504314477736e-02 0.000000000000000000e+00 5.426848619485877268e-02 2.415458937198067518e-03 5.369127516778523374e-02 1.104240282685512353e-04 5.124000819840130979e-04 0.000000000000000000e+00 2.017145738779627020e-03 0.000000000000000000e+00 9.583133684714902154e-05 0.000000000000000000e+00 1.248919204534537338e-03 7.309941520467836394e-05 2.355712603062426209e-03 0.000000000000000000e+00 1.487209994051160095e-04 5.906674542232722910e-04 4.951237809452363470e-03 3.263560657213594295e-03 2.807040938791838802e-01 6.699846860643185161e-04 2.042553191489361597e-02 1.747182667947934007e-04 5.102267674522009688e-02 0.000000000000000000e+00 3.469864176570458536e-02 3.447681434235476861e-04 1.188249532401804316e-02 1.822851934708757992e-03 3.355704697986577108e-03 3.627311522048363990e-02 1.617440225035161883e-01 1.886258606054890170e-04 8.394515701017249421e-02 4.289390906491278329e-04 6.565656565656566301e-02 0.000000000000000000e+00 2.366863905325443732e-02 1.609269391696169834e-03 5.382262996941895861e-02 0.000000000000000000e+00 9.389671361502347196e-04 3.351206434316353951e-04 4.021297463920414650e-02 0.000000000000000000e+00 6.079027355623100714e-04 7.047713017125942854e-05 1.326164874551971282e-02 0.000000000000000000e+00 5.298013245033112578e-03 3.345600535296085567e-04 4.081864695849914820e-02 3.086419753086419690e-04 2.380952380952381167e-03 2.697599136768276135e-04 4.852013585638039654e-04 1.490312965722801787e-03 1.631701631701631613e-02 0.000000000000000000e+00 0.000000000000000000e+00 3.623188405797101493e-03 2.331002331002331000e-03 6.644518272425249542e-04 0.000000000000000000e+00 2.408477842003853536e-04 1.240694789081885855e-03 0.000000000000000000e+00 3.274394237066142674e-03 2.010050251256281610e-03 0.000000000000000000e+00 0.000000000000000000e+00 0.000000000000000000e+00 0.000000000000000000e+00 8.116883116883117418e-04 0.000000000000000000e+00 6.738544474393531360e-04 0.000000000000000000e+00 0.000000000000000000e+00
8.807001381851681243e-02 3.408567480423767976e-03 0.000000000000000000e+00 1.029207232267037586e-02 1.641554321966693097e-01 1.412828482622209645e-03 2.699672244264274545e-01 1.028170191423555951e-02 7.671957671957671532e-02 3.636363636363636360e-03 3.185493751531487394e-02 4.653760238272523948e-03 3.178571428571428520e-02 1.062117798519472169e-02 2.428146679881070316e-02 2.009242515571629285e-03 1.185131980606931278e-02 2.687208885704048689e-03 9.563135846798324902e-02 5.932762030323005670e-03 2.142474558114622341e-03 0.000000000000000000e+00 1.965494359654943735e-01 2.230971128608923854e-02 9.221902017291066719e-03 1.636661211129296313e-03 1.461988304093567170e-03 4.506534474988733757e-04 2.752808988764044937e-02 8.540751586139580520e-04 1.150404772049424748e-02 2.435094001790510249e-02 4.000516195638147143e-03 6.974005977719409041e-03 1.565762004175365405e-03 0.000000000000000000e+00 1.451529289787454637e-02 2.396931927133269286e-04 3.278688524590163932e-03 0.000000000000000000e+00 7.246376811594202987e-03 0.000000000000000000e+00 6.625441696113074661e-04 0.000000000000000000e+00 6.195019204559533768e-04 0.000000000000000000e+00 7.252683492892370151e-04 0.000000000000000000e+00 2.071733782208986033e-03 9.607070804111826927e-05 4.970760233918129073e-03 8.413259296651523142e-05 0.000000000000000000e+00 0.000000000000000000e+00 6.792675723567631781e-03 0.000000000000000000e+00 3.207292370020256665e-03 1.333511134817975854e-04 3.541347626339969284e-03 1.063829787234042544e-04 3.057569668908884444e-03 0.000000000000000000e+00 1.050577817799789931e-03 0.000000000000000000e+00 4.654369936217893355e-03 0.000000000000000000e+00 4.391416024525644085e-03 9.069472156720478635e-05 2.311522048364153710e-03 1.758087201125175842e-04 4.527020654531736105e-02 1.149933657673595823e-03 7.849585358879039576e-02 3.848003848003848145e-03 0.000000000000000000e+00 0.000000000000000000e+00 7.289990344383649734e-02 2.242609582059123131e-03 1.113585746102449840e-03 0.000000000000000000e+00 2.234137622877569156e-03 0.000000000000000000e+00 1.673640167364016636e-03 0.000000000000000000e+00 1.028966100500387608e-02 0.000000000000000000e+00 9.813542688910696036e-04 0.000000000000000000e+00 1.756440281030444833e-02 0.000000000000000000e+00 1.851851851851851923e-03 4.761904761904761901e-04 5.395198273536552271e-04 4.852013585638039654e-04 1.192250372578241430e-02 0.000000000000000000e+00 0.000000000000000000e+00 0.000000000000000000e+00 0.000000000000000000e+00 0.000000000000000000e+00 0.000000000000000000e+00 0.000000000000000000e+00 9.633911368015414143e-04 0.000000000000000000e+00 2.465483234714003959e-03 0.000000000000000000e+00 0.000000000000000000e+00 0.000000000000000000e+00 0.000000000000000000e+00 0.000000000000000000e+00 0.000000000000000000e+00 0.000000000000000000e+00 0.000000000000000000e+00 0.000000000000000000e+00 0.000000000000000000e+00 0.000000000000000000e+00
4.543347241539174609e-03 9.782104775150672615e-02 1.029207232267037586e-02 0.000000000000000000e+00 9.119746233148295564e-03 2.656117547329754289e-02 1.112644471278247289e-02 1.889158237900192272e-01 1.388888888888888812e-02 2.696969696969696989e-02 3.920607694192599670e-03 4.579300074460163766e-02 7.678571428571428700e-03 2.719665271966527353e-02 1.734390485629335940e-03 3.315250150693188624e-02 3.591309032142216075e-04 1.737728412755285001e-02 1.292639138240574484e-02 9.831434221678124474e-02 0.000000000000000000e+00 6.325110689437065271e-04 2.826808228268082313e-02 2.180352455943007084e-01 1.729106628242075075e-02 1.268412438625204572e-02 1.949317738791422894e-03 1.351960342496620181e-03 5.617977528089888135e-04 3.843338213762811234e-02 2.982530890498508863e-02 2.632050134288272183e-02 8.904374758033295478e-03 1.385744044923467068e-02 0.000000000000000000e+00 3.175863437872171371e-03 1.728011059270779420e-04 6.711409395973154217e-03 0.000000000000000000e+00 9.520787051729609485e-03 0.000000000000000000e+00 3.020134228187919614e-02 0.000000000000000000e+00 1.024800163968026250e-04 0.000000000000000000e+00 2.723146747352496368e-03 0.000000000000000000e+00 0.000000000000000000e+00 0.000000000000000000e+00 4.611393985973676925e-03 0.000000000000000000e+00 7.908463738852431618e-03 0.000000000000000000e+00 5.948839976204640381e-04 1.476668635558180728e-04 3.600900225056264184e-03 2.813414359666891839e-04 1.413521802907054259e-02 4.785604900459418127e-04 1.446808510638297914e-02 3.494365335895868014e-04 1.056024899955535813e-02 4.502476361999099472e-04 3.607809847198641551e-03 1.723840717117738430e-04 7.261524920233249081e-03 5.799983428618775329e-04 7.981135497914021090e-03 1.422475106685633069e-03 4.043600562587904707e-03 1.320381024238423146e-03 3.883237505528527173e-02 3.574492422076065365e-03 9.475709475709476193e-02 0.000000000000000000e+00 4.142011834319526964e-02 2.252977148374637854e-03 6.523955147808359334e-02 0.000000000000000000e+00 2.816901408450704376e-03 1.117068811438784605e-04 3.082527672691607115e-03 0.000000000000000000e+00 0.000000000000000000e+00 7.047713017125942854e-05 5.107526881720430428e-03 0.000000000000000000e+00 6.622516556291390723e-04 0.000000000000000000e+00 1.318931210915292793e-02 3.086419753086419690e-04 9.523809523809523801e-04 0.000000000000000000e+00 0.000000000000000000e+00 0.000000000000000000e+00 4.662004662004662001e-03 0.000000000000000000e+00 0.000000000000000000e+00 1.207729468599033759e-03 5.827505827505827501e-04 0.000000000000000000e+00 0.000000000000000000e+00 0.000000000000000000e+00 4.962779156327543420e-04 0.000000000000000000e+00 3.274394237066142891e-04 0.000000000000000000e+00 0.000000000000000000e+00 0.000000000000000000e+00 1.440922190201729012e-03 0.000000000000000000e+00 8.116883116883117418e-04 1.424501424501424572e-03 0.000000000000000000e+00 0.000000000000000000e+00 0.000000000000000000e+00
1.586042823156225221e-03 0.000000000000000000e+00 1.641554321966693097e-01 9.119746233148295564e-03 0.000000000000000000e+00 5.651313930488838580e-03 9.401414524754183114e-03 2.507732174203794765e-04 1.382275132275132268e-01 3.939393939393939607e-03 0.000000000000000000e+00 0.000000000000000000e+00 3.571428571428571425e-04 0.000000000000000000e+00 1.149653121902874109e-01 6.831424552943539917e-03 0.000000000000000000e+00 0.000000000000000000e+00 1.196888090963494857e-04 0.000000000000000000e+00 2.624531333690412541e-02 0.000000000000000000e+00 6.635700066357001076e-03 8.436445444319460446e-03 6.224783861671469992e-02 1.841243862520458227e-02 1.310916179337232035e-01 4.506534474988733649e-03 4.269662921348314939e-03 4.880429477794046011e-04 5.325948018747336636e-03 7.162041181736794951e-03 3.871467286101432440e-04 3.622860248165927035e-04 0.000000000000000000e+00 0.000000000000000000e+00 0.000000000000000000e+00 0.000000000000000000e+00 3.642987249544626591e-04 0.000000000000000000e+00 0.000000000000000000e+00 0.000000000000000000e+00 0.000000000000000000e+00 0.000000000000000000e+00 0.000000000000000000e+00 0.000000000000000000e+00 0.000000000000000000e+00 0.000000000000000000e+00 0.000000000000000000e+00 0.000000000000000000e+00 0.000000000000000000e+00 0.000000000000000000e+00 0.000000000000000000e+00 0.000000000000000000e+00 0.000000000000000000e+00 0.000000000000000000e+00 5.626828719333783408e-05 0.000000000000000000e+00 0.000000000000000000e+00 0.000000000000000000e+00 8.735913339739670035e-05 0.000000000000000000e+00 0.000000000000000000e+00 0.000000000000000000e+00 0.000000000000000000e+00 0.000000000000000000e+00 8.285690612312536572e-05 0.000000000000000000e+00 1.778093883357041336e-04 0.000000000000000000e+00 3.131189286051117709e-02 0.000000000000000000e+00 2.788104089219330811e-02 0.000000000000000000e+00 4.000000000000000083e-03 0.000000000000000000e+00 1.609269391696170051e-04 0.000000000000000000e+00 0.000000000000000000e+00 0.000000000000000000e+00 0.000000000000000000e+00 0.000000000000000000e+00 0.000000000000000000e+00 0.000000000000000000e+00 7.047713017125942854e-05 0.000000000000000000e+00 0.000000000000000000e+00 0.000000000000000000e+00 0.000000000000000000e+00 0.000000000000000000e+00 0.000000000000000000e+00 0.000000000000000000e+00 0.000000000000000000e+00 0.000000000000000000e+00 1.490312965722801787e-03 0.000000000000000000e+00 0.000000000000000000e+00 0.000000000000000000e+00 0.000000000000000000e+00 0.000000000000000000e+00 0.000000000000000000e+00 0.000000000000000000e+00 0.000000000000000000e+00 0.000000000000000000e+00 0.000000000000000000e+00 0.000000000000000000e+00 0.000000000000000000e+00 0.000000000000000000e+00 0.000000000000000000e+00 0.000000000000000000e+00 0.000000000000000000e+00 0.000000000000000000e+00 0.000000000000000000e+00 0.000000000000000000e+00 0.000000000000000000e+00 0.000000000000000000e+00
0.000000000000000000e+00 5.651313930488838797e-04 1.412828482622209645e-03 2.656117547329754289e-02 5.651313930488838580e-03 0.000000000000000000e+00 2.587545282042435645e-04 4.513917913566830795e-03 6.613756613756613389e-03 4.454545454545454364e-01 0.000000000000000000e+00 3.723008190618019397e-04 3.571428571428571425e-04 0.000000000000000000e+00 2.477700693756194200e-04 1.239702632107695379e-01 0.000000000000000000e+00 1.791472590469365684e-04 0.000000000000000000e+00 1.883416517562858951e-04 5.891805034815211436e-03 2.150537634408602322e-02 5.043132050431320228e-03 1.462317210348706466e-02 2.363112391930835901e-02 1.554828150572831399e-02 8.284600389863547298e-03 1.158179360072104508e-01 0.000000000000000000e+00 1.952171791117618405e-02 7.030251384746485054e-03 6.266786034019695799e-03 3.871467286101432440e-04 9.057150620414817317e-04 0.000000000000000000e+00 0.000000000000000000e+00 0.000000000000000000e+00 0.000000000000000000e+00 0.000000000000000000e+00 0.000000000000000000e+00 0.000000000000000000e+00 0.000000000000000000e+00 0.000000000000000000e+00 0.000000000000000000e+00 0.000000000000000000e+00 0.000000000000000000e+00 1.450536698578474084e-04 0.000000000000000000e+00 0.000000000000000000e+00 0.000000000000000000e+00 0.000000000000000000e+00 0.000000000000000000e+00 0.000000000000000000e+00 0.000000000000000000e+00 0.000000000000000000e+00 4.501125281320330230e-04 0.000000000000000000e+00 0.000000000000000000e+00 0.000000000000000000e+00 1.063829787234042544e-04 0.000000000000000000e+00 0.000000000000000000e+00 0.000000000000000000e+00 0.000000000000000000e+00 0.000000000000000000e+00 0.000000000000000000e+00 0.000000000000000000e+00 5.441683294032286910e-04 0.000000000000000000e+00 0.000000000000000000e+00 1.131755163632934156e-03 2.043343653250773856e-02 0.000000000000000000e+00 2.777777777777777624e-02 0.000000000000000000e+00 0.000000000000000000e+00 0.000000000000000000e+00 1.834862385321101019e-03 0.000000000000000000e+00 0.000000000000000000e+00 0.000000000000000000e+00 4.203446826397646066e-04 0.000000000000000000e+00 0.000000000000000000e+00 0.000000000000000000e+00 0.000000000000000000e+00 0.000000000000000000e+00 0.000000000000000000e+00 0.000000000000000000e+00 4.548038658328595538e-04 0.000000000000000000e+00 0.000000000000000000e+00 0.000000000000000000e+00 0.000000000000000000e+00 0.000000000000000000e+00 0.000000000000000000e+00 0.000000000000000000e+00 0.000000000000000000e+00 0.000000000000000000e+00 0.000000000000000000e+00 0.000000000000000000e+00 0.000000000000000000e+00 0.000000000000000000e+00 0.000000000000000000e+00 0.000000000000000000e+00 0.000000000000000000e+00 0.000000000000000000e+00 0.000000000000000000e+00 0.000000000000000000e+00 0.000000000000000000e+00 0.000000000000000000e+00 0.000000000000000000e+00 0.000000000000000000e+00 0.000000000000000000e+00 0.000000000000000000e+00 0.000000000000000000e+00
1.398999482490943524e-01 2.587545282042435536e-03 2.699672244264274545e-01 1.112644471278247289e-02 9.401414524754183114e-03 2.587545282042435645e-04 0.000000000000000000e+00 1.914235559642230369e-02 1.104497354497354505e-01 1.515151515151515150e-03 6.321979906885567824e-02 8.190618019359642565e-03 2.264285714285714235e-01 8.690054715159318058e-03 2.205153617443013012e-02 1.406469760900140673e-03 8.439576225534206610e-03 1.433178072375492548e-03 2.082585278276481017e-02 1.327808644881815596e-02 0.000000000000000000e+00 0.000000000000000000e+00 1.871267418712674324e-02 1.931008623922009920e-02 0.000000000000000000e+00 8.183306055646481563e-04 0.000000000000000000e+00 0.000000000000000000e+00 2.202247191011235880e-02 1.098096632503660353e-03 3.834682573498082638e-03 2.059086839749328657e-02 1.419538004903858489e-03 9.962865682456299374e-03 0.000000000000000000e+00 0.000000000000000000e+00 6.220839813374805585e-03 0.000000000000000000e+00 2.914389799635701273e-03 0.000000000000000000e+00 2.415458937198067518e-03 0.000000000000000000e+00 4.416961130742049412e-04 0.000000000000000000e+00 7.434023045471441172e-04 0.000000000000000000e+00 0.000000000000000000e+00 0.000000000000000000e+00 1.942250420820924514e-03 0.000000000000000000e+00 4.020467836257309718e-03 0.000000000000000000e+00 6.180469715698392544e-04 0.000000000000000000e+00 7.235676314235085782e-03 0.000000000000000000e+00 5.064145847400404986e-03 6.667555674089879270e-05 2.488514548238897253e-03 2.127659574468085087e-04 1.249235607582772738e-02 0.000000000000000000e+00 7.804292360798438868e-03 0.000000000000000000e+00 1.534218238234787146e-02 0.000000000000000000e+00 2.071422653078133953e-03 3.627788862688191454e-04 8.890469416785206410e-04 3.516174402250351683e-04 8.384419503913986826e-02 2.122954444935869212e-03 4.875607663711752776e-02 2.886002886002886000e-03 0.000000000000000000e+00 5.917159763313609329e-03 5.873833279691020176e-02 2.650356778797145676e-03 1.002227171492204964e-02 0.000000000000000000e+00 2.457551385165326202e-02 0.000000000000000000e+00 4.184100418410041482e-03 0.000000000000000000e+00 3.777574177179505305e-02 0.000000000000000000e+00 8.832188420019627950e-03 0.000000000000000000e+00 5.051856808297089385e-02 0.000000000000000000e+00 1.234567901234567876e-03 0.000000000000000000e+00 2.697599136768276135e-04 0.000000000000000000e+00 4.470938897168405361e-03 4.662004662004662001e-03 0.000000000000000000e+00 0.000000000000000000e+00 0.000000000000000000e+00 0.000000000000000000e+00 0.000000000000000000e+00 0.000000000000000000e+00 4.816955684007707072e-04 2.481389578163771710e-04 0.000000000000000000e+00 0.000000000000000000e+00 0.000000000000000000e+00 0.000000000000000000e+00 0.000000000000000000e+00 0.000000000000000000e+00 0.000000000000000000e+00 0.000000000000000000e+00 0.000000000000000000e+00 0.000000000000000000e+00 0.000000000000000000e+00 0.000000000000000000e+00
6.018557218089108304e-03 1.339128981024826637e-01 1.028170191423555951e-02 1.889158237900192272e-01 2.507732174203794765e-04 4.513917913566830795e-03 1.914235559642230369e-02 0.000000000000000000e+00 4.629629629629629373e-03 6.363636363636362980e-02 1.004655721636853703e-02 1.939687267311988039e-01 8.571428571428571855e-03 2.467009977470228654e-01 2.477700693756194200e-04 3.435804701627486607e-02 5.386963548213323299e-04 2.060193479039770792e-02 1.699581089168162792e-02 1.205386571240229729e-02 0.000000000000000000e+00 0.000000000000000000e+00 2.866622428666224312e-02 4.874390701162354886e-03 1.729106628242074901e-03 0.000000000000000000e+00 0.000000000000000000e+00 0.000000000000000000e+00 1.910112359550561901e-03 2.159590043923865360e-02 2.215594375798892249e-02 2.685765443151298323e-03 1.174345076784101202e-02 1.811430124082963463e-03 0.000000000000000000e+00 1.190948789202064210e-03 8.640055296353896285e-04 4.554170661553212131e-03 0.000000000000000000e+00 3.173595683909869684e-03 0.000000000000000000e+00 3.355704697986577195e-02 0.000000000000000000e+00 2.049600327936052500e-04 1.239003840911906862e-04 4.336863338376197551e-03 0.000000000000000000e+00 5.749880210828941293e-04 0.000000000000000000e+00 7.301373811124988247e-03 0.000000000000000000e+00 6.562342251388187699e-03 0.000000000000000000e+00 2.528256989886971864e-03 0.000000000000000000e+00 8.702175543885972211e-03 2.250731487733513363e-04 9.667955727430323221e-03 3.828483920367534610e-04 3.085106382978723607e-03 2.620774001921900875e-04 1.834148510449088582e-02 0.000000000000000000e+00 1.124787775891341289e-02 1.723840717117738430e-04 9.131917702717571445e-03 5.799983428618775329e-04 1.451115545075276582e-03 0.000000000000000000e+00 1.230661040787623143e-03 2.546449118174101689e-03 8.845643520566121021e-02 3.431512725193022664e-03 5.206830206830206920e-02 0.000000000000000000e+00 5.917159763313609329e-03 3.379465722561956782e-03 6.218144750254842035e-02 0.000000000000000000e+00 5.633802816901408751e-03 1.117068811438784605e-04 3.797113633179206860e-02 0.000000000000000000e+00 3.647416413373859995e-03 0.000000000000000000e+00 1.353046594982078819e-02 0.000000000000000000e+00 5.960264900662252084e-03 3.345600535296085567e-04 3.899943149516770652e-02 3.086419753086419690e-04 0.000000000000000000e+00 2.697599136768276135e-04 9.704027171276079309e-04 0.000000000000000000e+00 2.331002331002331000e-03 0.000000000000000000e+00 0.000000000000000000e+00 0.000000000000000000e+00 5.827505827505827501e-04 0.000000000000000000e+00 0.000000000000000000e+00 2.408477842003853536e-04 2.481389578163771710e-04 4.930966469428008135e-04 6.548788474132285781e-04 0.000000000000000000e+00 0.000000000000000000e+00 0.000000000000000000e+00 0.000000000000000000e+00 0.000000000000000000e+00 0.000000000000000000e+00 1.424501424501424572e-03 0.000000000000000000e+00 0.000000000000000000e+00 0.000000000000000000e+00
2.645502645502645356e-03 0.000000000000000000e+00 7.671957671957671532e-02 1.388888888888888812e-02 1.382275132275132268e-01 6.613756613756613389e-03 1.104497354497354505e-01 4.629629629629629373e-03 0.000000000000000000e+00 1.818181818181818180e-03 7.351139426611124923e-04 0.000000000000000000e+00 2.446428571428571272e-02 0.000000000000000000e+00 8.027750247770069902e-02 1.004621257785814643e-03 0.000000000000000000e+00 0.000000000000000000e+00 5.984440454817474423e-04 0.000000000000000000e+00 8.569898232458489362e-03 0.000000000000000000e+00 1.327140013271400128e-03 3.749531308586426769e-03 0.000000000000000000e+00 2.454991816693944361e-03 2.923976608187134341e-03 9.013068949977467515e-04 5.955056179775280838e-03 1.220107369448511503e-04 4.260758414997869417e-04 2.864816472694718067e-03 0.000000000000000000e+00 0.000000000000000000e+00 5.219206680584550628e-04 0.000000000000000000e+00 0.000000000000000000e+00 0.000000000000000000e+00 0.000000000000000000e+00 0.000000000000000000e+00 0.000000000000000000e+00 0.000000000000000000e+00 0.000000000000000000e+00 0.000000000000000000e+00 0.000000000000000000e+00 0.000000000000000000e+00 0.000000000000000000e+00 0.000000000000000000e+00 0.000000000000000000e+00 0.000000000000000000e+00 0.000000000000000000e+00 0.000000000000000000e+00 0.000000000000000000e+00 0.000000000000000000e+00 0.000000000000000000e+00 0.000000000000000000e+00 4.501462975467026726e-04 0.000000000000000000e+00 0.000000000000000000e+00 0.000000000000000000e+00 0.000000000000000000e+00 0.000000000000000000e+00 0.000000000000000000e+00 0.000000000000000000e+00 0.000000000000000000e+00 0.000000000000000000e+00 8.285690612312536572e-05 0.000000000000000000e+00 1.778093883357041336e-04 0.000000000000000000e+00 1.527869470904461013e-02 0.000000000000000000e+00 2.416356877323420221e-02 1.202501202501202545e-04 0.000000000000000000e+00 0.000000000000000000e+00 1.931123270035403844e-03 0.000000000000000000e+00 0.000000000000000000e+00 0.000000000000000000e+00 3.351206434316353951e-04 0.000000000000000000e+00 0.000000000000000000e+00 0.000000000000000000e+00 3.523856508562971156e-04 0.000000000000000000e+00 0.000000000000000000e+00 0.000000000000000000e+00 3.345600535296085567e-04 0.000000000000000000e+00 0.000000000000000000e+00 0.000000000000000000e+00 0.000000000000000000e+00 0.000000000000000000e+00 0.000000000000000000e+00 0.000000000000000000e+00 0.000000000000000000e+00 0.000000000000000000e+00 0.000000000000000000e+00 0.000000000000000000e+00 0.000000000000000000e+00 0.000000000000000000e+00 0.000000000000000000e+00 0.000000000000000000e+00 4.930966469428008135e-04 0.000000000000000000e+00 0.000000000000000000e+00 0.000000000000000000e+00 0.000000000000000000e+00 0.000000000000000000e+00 0.000000000000000000e+00 0.000000000000000000e+00 0.000000000000000000e+00 0.000000000000000000e+00 0.000000000000000000e+00 0.000000000000000000e+00
0.000000000000000000e+00 2.424242424242424240e-03 3.636363636363636360e-03 2.696969696969696989e-02 3.939393939393939607e-03 4.454545454545454364e-01 1.515151515151515150e-03 6.363636363636362980e-02 1.818181818181818180e-03 0.000000000000000000e+00 0.000000000000000000e+00 2.978406552494415518e-03 3.571428571428571425e-04 9.494689411007402324e-03 2.477700693756194200e-04 1.502913401647578973e-01 0.000000000000000000e+00 1.791472590469365684e-04 0.000000000000000000e+00 0.000000000000000000e+00 1.606855918585966755e-03 1.265022137887413054e-03 5.441274054412740223e-03 1.312335958005249326e-03 6.340057636887608261e-03 0.000000000000000000e+00 1.949317738791422894e-03 8.562415502478593760e-03 0.000000000000000000e+00 1.866764275256222599e-02 2.982530890498508863e-03 1.611459265890778777e-03 2.580978190734288112e-04 1.811430124082963518e-04 0.000000000000000000e+00 0.000000000000000000e+00 0.000000000000000000e+00 2.396931927133269286e-04 0.000000000000000000e+00 0.000000000000000000e+00 0.000000000000000000e+00 0.000000000000000000e+00 0.000000000000000000e+00 0.000000000000000000e+00 0.000000000000000000e+00 0.000000000000000000e+00 0.000000000000000000e+00 0.000000000000000000e+00 0.000000000000000000e+00 1.921414160822365385e-04 0.000000000000000000e+00 0.000000000000000000e+00 0.000000000000000000e+00 0.000000000000000000e+00 0.000000000000000000e+00 4.501125281320330230e-04 0.000000000000000000e+00 3.333777837044939229e-04 0.000000000000000000e+00 0.000000000000000000e+00 0.000000000000000000e+00 0.000000000000000000e+00 0.000000000000000000e+00 0.000000000000000000e+00 0.000000000000000000e+00 0.000000000000000000e+00 8.285690612312536572e-05 0.000000000000000000e+00 0.000000000000000000e+00 0.000000000000000000e+00 3.772517212109780340e-04 1.486068111455108275e-02 0.000000000000000000e+00 2.068302068302068156e-02 0.000000000000000000e+00 0.000000000000000000e+00 0.000000000000000000e+00 4.485219164118246261e-03 0.000000000000000000e+00 0.000000000000000000e+00 0.000000000000000000e+00 5.604595768530194755e-04 0.000000000000000000e+00 1.215805471124620143e-03 0.000000000000000000e+00 0.000000000000000000e+00 0.000000000000000000e+00 6.622516556291390723e-04 0.000000000000000000e+00 5.685048322910744422e-04 0.000000000000000000e+00 0.000000000000000000e+00 2.697599136768276135e-04 0.000000000000000000e+00 0.000000000000000000e+00 0.000000000000000000e+00 0.000000000000000000e+00 0.000000000000000000e+00 1.207729468599033759e-03 0.000000000000000000e+00 0.000000000000000000e+00 0.000000000000000000e+00 2.408477842003853536e-04 0.000000000000000000e+00 0.000000000000000000e+00 0.000000000000000000e+00 0.000000000000000000e+00 0.000000000000000000e+00 0.000000000000000000e+00 0.000000000000000000e+00 0.000000000000000000e+00 0.000000000000000000e+00 0.000000000000000000e+00 0.000000000000000000e+00 0.000000000000000000e+00 0.000000000000000000e+00
3.165890713060524608e-01 2.450379808870374793e-04 3.185493751531487394e-02 3.920607694192599670e-03 0.000000000000000000e+00 0.000000000000000000e+00 6.321979906885567824e-02 1.004655721636853703e-02 7.351139426611124923e-04 0.000000000000000000e+00 0.000000000000000000e+00 7.446016381236038794e-04 1.150000000000000050e-01 6.437077566784680203e-04 2.477700693756194200e-03 0.000000000000000000e+00 1.059436164481953636e-02 3.582945180938731369e-04 2.154398563734290922e-02 2.730953950466145398e-03 0.000000000000000000e+00 0.000000000000000000e+00 2.654280026542800257e-03 1.124859392575928117e-03 0.000000000000000000e+00 0.000000000000000000e+00 0.000000000000000000e+00 0.000000000000000000e+00 5.235955056179775191e-02 1.220107369448511503e-04 1.065189603749467327e-03 8.952551477170993689e-04 5.161956381468576225e-04 2.264287655103704167e-03 0.000000000000000000e+00 3.969829297340214213e-04 1.728011059270779420e-04 0.000000000000000000e+00 3.642987249544626591e-04 0.000000000000000000e+00 2.415458937198067518e-03 0.000000000000000000e+00 0.000000000000000000e+00 0.000000000000000000e+00 0.000000000000000000e+00 0.000000000000000000e+00 0.000000000000000000e+00 0.000000000000000000e+00 0.000000000000000000e+00 9.607070804111826927e-05 2.923976608187134557e-04 0.000000000000000000e+00 0.000000000000000000e+00 0.000000000000000000e+00 2.953337271116361455e-04 0.000000000000000000e+00 2.532072923700202493e-03 0.000000000000000000e+00 5.742725880551302186e-04 0.000000000000000000e+00 1.100725080807198400e-02 0.000000000000000000e+00 1.095602581419780931e-02 0.000000000000000000e+00 9.308739872435786711e-03 0.000000000000000000e+00 4.971414367387521401e-04 9.069472156720478635e-05 1.778093883357041336e-04 0.000000000000000000e+00 3.140620579081392083e-02 3.538257408226448686e-04 5.433228481555619181e-03 2.405002405002405091e-04 0.000000000000000000e+00 0.000000000000000000e+00 4.827808175088509610e-04 2.038735983690112183e-04 0.000000000000000000e+00 0.000000000000000000e+00 6.702412868632707903e-03 0.000000000000000000e+00 8.368200836820083180e-04 0.000000000000000000e+00 6.413418845584608133e-03 0.000000000000000000e+00 0.000000000000000000e+00 0.000000000000000000e+00 3.345600535296085459e-03 0.000000000000000000e+00 0.000000000000000000e+00 0.000000000000000000e+00 0.000000000000000000e+00 0.000000000000000000e+00 0.000000000000000000e+00 0.000000000000000000e+00 0.000000000000000000e+00 0.000000000000000000e+00 0.000000000000000000e+00 0.000000000000000000e+00 0.000000000000000000e+00 0.000000000000000000e+00 0.000000000000000000e+00 0.000000000000000000e+00 0.000000000000000000e+00 0.000000000000000000e+00 0.000000000000000000e+00 0.000000000000000000e+00 0.000000000000000000e+00 0.000000000000000000e+00 0.000000000000000000e+00 0.000000000000000000e+00 0.000000000000000000e+00 0.000000000000000000e+00 0.000000000000000000e+00 0.000000000000000000e+00
2.606105733432613741e-03 1.224869694713328350e-01 4.653760238272523948e-03 4.579300074460163766e-02 0.000000000000000000e+00 3.723008190618019397e-04 8.190618019359642565e-03 1.939687267311988039e-01 0.000000000000000000e+00 2.978406552494415518e-03 7.446016381236038794e-04 0.000000000000000000e+00 1.071428571428571482e-03 1.622143546829739325e-01 0.000000000000000000e+00 1.285915209965842951e-02 0.000000000000000000e+00 5.876030096739520009e-02 4.907241172950329092e-03 1.629155287691872941e-02 0.000000000000000000e+00 0.000000000000000000e+00 2.388852023888520405e-03 4.686914135733033678e-03 0.000000000000000000e+00 0.000000000000000000e+00 0.000000000000000000e+00 0.000000000000000000e+00 3.370786516853932447e-04 4.917032698877501357e-02 2.130379207498934654e-03 1.074306177260519329e-03 1.161440185830429732e-03 7.517435014944298666e-03 0.000000000000000000e+00 0.000000000000000000e+00 0.000000000000000000e+00 9.587727708533077143e-04 0.000000000000000000e+00 6.347191367819739367e-04 0.000000000000000000e+00 3.355704697986577108e-03 1.104240282685512353e-04 0.000000000000000000e+00 0.000000000000000000e+00 5.042864346949067550e-04 0.000000000000000000e+00 0.000000000000000000e+00 0.000000000000000000e+00 2.882121241233548078e-04 0.000000000000000000e+00 2.523977788995456807e-04 0.000000000000000000e+00 2.974419988102320190e-04 1.476668635558180728e-04 2.100525131282820774e-03 0.000000000000000000e+00 3.000400053340445197e-03 0.000000000000000000e+00 1.063829787234042544e-04 0.000000000000000000e+00 2.445531347265451124e-03 0.000000000000000000e+00 8.488964346349745643e-03 0.000000000000000000e+00 1.540323467928264838e-03 0.000000000000000000e+00 1.813894431344095727e-04 0.000000000000000000e+00 8.790436005625878665e-04 4.715646515137225290e-04 4.944714727996461778e-02 2.859593937660852400e-04 8.537758537758538546e-03 0.000000000000000000e+00 0.000000000000000000e+00 4.827808175088509610e-04 1.630988786952089747e-03 0.000000000000000000e+00 2.816901408450704376e-03 0.000000000000000000e+00 2.466022138153285692e-02 0.000000000000000000e+00 0.000000000000000000e+00 0.000000000000000000e+00 2.060931899641577168e-03 0.000000000000000000e+00 1.986754966887417217e-03 0.000000000000000000e+00 9.778283115406481707e-03 0.000000000000000000e+00 0.000000000000000000e+00 0.000000000000000000e+00 0.000000000000000000e+00 0.000000000000000000e+00 0.000000000000000000e+00 0.000000000000000000e+00 0.000000000000000000e+00 0.000000000000000000e+00 0.000000000000000000e+00 0.000000000000000000e+00 0.000000000000000000e+00 0.000000000000000000e+00 0.000000000000000000e+00 0.000000000000000000e+00 0.000000000000000000e+00 0.000000000000000000e+00 0.000000000000000000e+00 0.000000000000000000e+00 0.000000000000000000e+00 0.000000000000000000e+00 0.000000000000000000e+00 0.000000000000000000e+00 0.000000000000000000e+00 0.000000000000000000e+00 0.000000000000000000e+00
5.750000000000000250e-02 1.785714285714285713e-04 3.178571428571428520e-02 7.678571428571428700e-03 3.571428571428571425e-04 3.571428571428571425e-04 2.264285714285714235e-01 8.571428571428571855e-03 2.446428571428571272e-02 3.571428571428571425e-04 1.150000000000000050e-01 1.071428571428571482e-03 0.000000000000000000e+00 2.413904087544254968e-03 1.558473736372646135e-01 4.018485031143259221e-04 5.027832644999102180e-03 0.000000000000000000e+00 9.216038300418911283e-03 8.475374329032865552e-04 2.678093197643277926e-03 0.000000000000000000e+00 1.048440610484406045e-02 8.248968878890138370e-03 0.000000000000000000e+00 0.000000000000000000e+00 0.000000000000000000e+00 0.000000000000000000e+00 6.898876404494382053e-02 1.220107369448511503e-04 1.917341286749041319e-03 6.982990152193374774e-03 1.032391276293715245e-03 1.539715605470518868e-03 5.219206680584550628e-04 0.000000000000000000e+00 5.184033177812337988e-04 0.000000000000000000e+00 3.642987249544626591e-04 0.000000000000000000e+00 0.000000000000000000e+00 0.000000000000000000e+00 0.000000000000000000e+00 0.000000000000000000e+00 0.000000000000000000e+00 0.000000000000000000e+00 0.000000000000000000e+00 0.000000000000000000e+00 2.589667227761232541e-04 0.000000000000000000e+00 7.309941520467835852e-04 0.000000000000000000e+00 0.000000000000000000e+00 0.000000000000000000e+00 1.181334908446544582e-03 0.000000000000000000e+00 1.575512041413459300e-03 0.000000000000000000e+00 7.656967840735069220e-04 0.000000000000000000e+00 4.280597536472438222e-03 1.111605157847932391e-04 7.203962179198559156e-03 0.000000000000000000e+00 6.033442509912083883e-03 0.000000000000000000e+00 1.159996685723755066e-03 1.813894431344095727e-04 7.112375533428165345e-04 0.000000000000000000e+00 5.206073752711496555e-02 7.961079168509509543e-04 1.644266514154989894e-02 3.607503607503607500e-04 8.000000000000000167e-03 0.000000000000000000e+00 1.625362085613131502e-02 8.154943934760448734e-04 7.795100222717149530e-03 0.000000000000000000e+00 1.508042895442359213e-02 0.000000000000000000e+00 8.368200836820083180e-04 0.000000000000000000e+00 1.036013813517513635e-02 0.000000000000000000e+00 9.813542688910696036e-04 0.000000000000000000e+00 1.221144195383071229e-02 0.000000000000000000e+00 3.086419753086419690e-04 4.761904761904761901e-04 0.000000000000000000e+00 0.000000000000000000e+00 1.490312965722801787e-03 0.000000000000000000e+00 0.000000000000000000e+00 0.000000000000000000e+00 0.000000000000000000e+00 0.000000000000000000e+00 6.644518272425249542e-04 0.000000000000000000e+00 0.000000000000000000e+00 0.000000000000000000e+00 4.930966469428008135e-04 3.274394237066142891e-04 0.000000000000000000e+00 0.000000000000000000e+00 0.000000000000000000e+00 0.000000000000000000e+00 0.000000000000000000e+00 0.000000000000000000e+00 0.000000000000000000e+00 0.000000000000000000e+00 0.000000000000000000e+00 0.000000000000000000e+00
