2.962871675668404259e-01 4.960952581150128715e-01 3.397980114251745176e-01 4.890593400435743199e-01 3.683192302717182010e-01 0.000000000000000000e+00 3.423667596899664378e-01 4.573847095050636580e-01 3.856052445663531447e-01 0.000000000000000000e+00 3.420463739964896277e-01 4.665458490938347302e-01 3.861138540189614221e-01 4.571814157303371040e-01 4.169384469696970075e-01 0.000000000000000000e+00 3.272933364963130365e-01 4.829980483412233405e-01 4.135752636294068307e-01 5.108693253423952640e-01 0.000000000000000000e+00 0.000000000000000000e+00 3.880687086375308459e-01 4.326941873918510040e-01 3.562664174445520637e-01 0.000000000000000000e+00 0.000000000000000000e+00 0.000000000000000000e+00 3.901295222642564009e-01 4.972583269479600721e-01 4.212954471232596143e-01 4.209251124999999760e-01 4.056559796426147946e-01 5.015841320272688142e-01 4.209127894736841569e-01 4.407507815126049389e-01 4.380618599087359732e-01 5.249247255210459651e-01 4.843856578947367542e-01 0.000000000000000000e+00 0.000000000000000000e+00 0.000000000000000000e+00 0.000000000000000000e+00 0.000000000000000000e+00 4.423527204350865549e-01 0.000000000000000000e+00 0.000000000000000000e+00 0.000000000000000000e+00 4.470131754896681242e-01 4.738397410071942817e-01 4.174456655544532269e-01 0.000000000000000000e+00 4.365441063980204373e-01 0.000000000000000000e+00 4.266122232711955786e-01 0.000000000000000000e+00 3.523712950530257793e-01 4.795850120990357013e-01 4.224275138576967237e-01 5.044584276030789072e-01 4.024715487546048909e-01 4.836399166666667249e-01 3.701154776697815896e-01 4.833551514328063292e-01 4.186752083606686825e-01 5.334603358632193926e-01 4.335905307984535551e-01 5.040566035816742563e-01 3.416240032275579819e-01 5.122464698681228334e-01 3.429164506266192403e-01 5.050514202898550575e-01 3.809959836944002420e-01 4.821768069190527362e-01 0.000000000000000000e+00 0.000000000000000000e+00 3.938051719546909468e-01 4.573092937721996987e-01 0.000000000000000000e+00 0.000000000000000000e+00 3.265570038961277954e-01 5.227978662185233105e-01 4.426559999999999939e-01 0.000000000000000000e+00 4.241006296997335556e-01 0.000000000000000000e+00 4.336236524822694727e-01 0.000000000000000000e+00 4.357358950396486019e-01 0.000000000000000000e+00 4.709292747332614049e-01 4.419737850052833927e-01 0.000000000000000000e+00 4.128633135593219872e-01 4.327031775735294405e-01 4.659776587301587281e-01 5.030415887850466783e-01 0.000000000000000000e+00 4.684283666977487326e-01 4.861834826865986670e-01 0.000000000000000000e+00 0.000000000000000000e+00 4.773641257367924884e-01 4.312817495424293157e-01 4.382981673969187919e-01 4.399670940510754247e-01 4.777495408163265345e-01 0.000000000000000000e+00 0.000000000000000000e+00 0.000000000000000000e+00 0.000000000000000000e+00 0.000000000000000000e+00 0.000000000000000000e+00 0.000000000000000000e+00 0.000000000000000000e+00 0.000000000000000000e+00
4.960952581150128715e-01 2.855048582766271936e-01 5.016090037943122804e-01 3.199982756751970636e-01 0.000000000000000000e+00 3.869866280991735574e-01 4.725927212993121795e-01 3.128556434702314260e-01 0.000000000000000000e+00 3.602942049069786656e-01 0.000000000000000000e+00 2.987464306980259221e-01 0.000000000000000000e+00 2.987151465875240164e-01 0.000000000000000000e+00 4.176329278318506866e-01 4.824515121083717273e-01 4.123454788353732026e-01 5.114260435298412233e-01 3.823471862681124267e-01 0.000000000000000000e+00 0.000000000000000000e+00 0.000000000000000000e+00 4.738840139860140410e-01 0.000000000000000000e+00 0.000000000000000000e+00 0.000000000000000000e+00 4.381188935786435867e-01 4.785421746213970873e-01 4.145997778005363621e-01 0.000000000000000000e+00 4.057145016801333992e-01 4.982054886700291729e-01 4.519648558488661982e-01 4.870255620835697297e-01 4.694052639133466931e-01 4.885991970144075713e-01 5.081235359924278772e-01 0.000000000000000000e+00 4.617039900666932151e-01 0.000000000000000000e+00 4.338613544430532931e-01 0.000000000000000000e+00 4.101743912107826961e-01 0.000000000000000000e+00 4.199831791541037695e-01 0.000000000000000000e+00 0.000000000000000000e+00 0.000000000000000000e+00 4.281900647466735932e-01 0.000000000000000000e+00 4.171758107524873305e-01 0.000000000000000000e+00 4.236046680876837667e-01 0.000000000000000000e+00 4.097224043201787569e-01 4.977420671175027955e-01 3.241378879928645818e-01 4.944466367072781199e-01 4.173626170152844872e-01 4.930569160839160525e-01 4.056565295411806438e-01 4.865673664239243412e-01 4.042239476523060704e-01 0.000000000000000000e+00 4.218399408359614355e-01 5.140724415060660135e-01 3.945734279159627822e-01 5.181806647655750053e-01 3.516316508877209146e-01 5.013622429304070982e-01 3.465007507267069409e-01 4.577522793373374199e-01 4.213500622657505579e-01 0.000000000000000000e+00 4.619485761790063094e-01 4.676696148552175192e-01 4.253502243430743457e-01 0.000000000000000000e+00 3.768379647752192474e-01 0.000000000000000000e+00 4.148727622442675567e-01 0.000000000000000000e+00 0.000000000000000000e+00 0.000000000000000000e+00 4.333802915306052550e-01 0.000000000000000000e+00 0.000000000000000000e+00 0.000000000000000000e+00 4.348375551886708990e-01 4.812971467419364102e-01 4.484235382061794173e-01 0.000000000000000000e+00 4.462772257368166073e-01 4.547340842105263570e-01 4.579781319826097818e-01 0.000000000000000000e+00 4.301617523509788654e-01 5.201305777777777140e-01 5.018784426601288207e-01 0.000000000000000000e+00 0.000000000000000000e+00 4.834164507916695608e-01 4.462832997837042903e-01 4.618516869565217897e-01 4.777048678034563345e-01 0.000000000000000000e+00 4.752720211861871102e-01 0.000000000000000000e+00 0.000000000000000000e+00 4.041628073394495368e-01 0.000000000000000000e+00 4.125487657657658236e-01 0.000000000000000000e+00 0.000000000000000000e+00 0.000000000000000000e+00
3.397980114251745176e-01 5.016090037943122804e-01 2.567291961178519433e-01 4.610144714272618183e-01 2.767991647416568890e-01 4.797100758246141128e-01 3.065299737780343148e-01 4.541229349230805346e-01 2.593415193574155064e-01 0.000000000000000000e+00 4.022793668359102570e-01 4.712486386688484741e-01 3.593604658557295606e-01 4.321767526517685254e-01 3.400302492948261146e-01 3.898358643102404208e-01 4.009956043044701213e-01 4.793235504117230317e-01 3.609196231614230088e-01 5.137015068397768891e-01 4.135717682926829397e-01 0.000000000000000000e+00 2.439908636183090729e-01 4.485658329428523494e-01 3.448853656216269159e-01 3.686941249999999837e-01 3.427566861165609602e-01 0.000000000000000000e+00 3.714826589170924231e-01 4.872765643525390766e-01 3.757410918055294480e-01 4.033839925299292362e-01 4.234234539465059899e-01 4.969699807628522037e-01 4.597812045454546803e-01 0.000000000000000000e+00 4.383783879090896174e-01 5.171235413533835645e-01 0.000000000000000000e+00 0.000000000000000000e+00 4.219515000000000349e-01 0.000000000000000000e+00 4.383116597938143122e-01 0.000000000000000000e+00 4.634703995867360815e-01 0.000000000000000000e+00 0.000000000000000000e+00 0.000000000000000000e+00 4.356461862246698846e-01 0.000000000000000000e+00 4.122379794539328679e-01 4.647801032608695482e-01 4.035153917525772793e-01 5.513159820359281316e-01 3.923552241379310024e-01 0.000000000000000000e+00 4.113650133966834099e-01 5.106140909090910451e-01 4.278090335389869714e-01 5.084942622560775227e-01 4.093808744942746825e-01 0.000000000000000000e+00 4.146019764224821991e-01 4.587841624705419896e-01 3.993544765517971773e-01 0.000000000000000000e+00 4.401308840960834190e-01 5.002844684083882498e-01 4.267747957740084530e-01 0.000000000000000000e+00 3.835539012159955852e-01 4.014161847933749860e-01 3.866162165937814810e-01 4.444169460877557820e-01 3.804247695558110598e-01 4.083937804878048916e-01 4.035357619082226566e-01 4.360918251988227246e-01 0.000000000000000000e+00 0.000000000000000000e+00 4.300263288544783902e-01 0.000000000000000000e+00 0.000000000000000000e+00 0.000000000000000000e+00 4.092109011135606766e-01 4.735248472295864319e-01 0.000000000000000000e+00 0.000000000000000000e+00 4.064317944666036575e-01 0.000000000000000000e+00 4.223232737880405763e-01 4.164472703633254613e-01 0.000000000000000000e+00 0.000000000000000000e+00 0.000000000000000000e+00 4.322252870245204548e-01 4.489567199999999203e-01 4.207708226495726067e-01 5.170671411042944143e-01 0.000000000000000000e+00 0.000000000000000000e+00 0.000000000000000000e+00 4.216548042522661466e-01 4.269659943052009909e-01 4.516373406025062098e-01 3.987408258636997993e-01 4.808207291666666272e-01 0.000000000000000000e+00 0.000000000000000000e+00 0.000000000000000000e+00 0.000000000000000000e+00 0.000000000000000000e+00 0.000000000000000000e+00 0.000000000000000000e+00 0.000000000000000000e+00 4.289853571428570711e-01
4.890593400435743199e-01 3.199982756751970636e-01 4.610144714272618183e-01 2.552300631125039021e-01 4.407024855115471706e-01 2.485719850110567342e-01 4.457504833145917167e-01 3.011113180090424502e-01 4.365496219512196019e-01 2.774930134379398061e-01 4.604060189783314994e-01 3.927775629985973960e-01 4.360503908582630261e-01 3.451188855727525540e-01 0.000000000000000000e+00 2.983687429925980794e-01 4.428770317313146521e-01 4.173006514531802380e-01 4.996855179925406287e-01 3.093227734300618703e-01 4.531082199074073502e-01 3.091386661938534397e-01 4.505812853489389869e-01 2.336222584473851838e-01 4.175453938516233698e-01 3.036326686723579416e-01 4.380954054054053137e-01 3.335575382334912131e-01 4.332841685322083580e-01 3.765204607404576964e-01 3.977768823576384727e-01 3.311908964434512326e-01 4.844872060596207008e-01 3.941446933338020320e-01 0.000000000000000000e+00 4.525354093759535457e-01 5.691848989898991018e-01 4.635690612157260526e-01 0.000000000000000000e+00 4.722719694966682757e-01 0.000000000000000000e+00 4.298352066698044038e-01 0.000000000000000000e+00 4.313849489344547816e-01 0.000000000000000000e+00 4.374767989308997462e-01 0.000000000000000000e+00 4.384360878378378845e-01 0.000000000000000000e+00 4.407461270813523013e-01 0.000000000000000000e+00 4.199959063115606961e-01 4.878437382550335211e-01 3.903734504504504654e-01 0.000000000000000000e+00 3.928748783798144961e-01 5.053879359746223932e-01 4.073502653584167299e-01 0.000000000000000000e+00 4.217742072275598719e-01 4.526720363636363431e-01 4.191341171942699617e-01 0.000000000000000000e+00 4.143607304609545072e-01 3.921290191082802412e-01 4.483466260869565234e-01 4.956100984848484936e-01 4.412168431666170787e-01 4.603445125000000249e-01 4.204868382619685874e-01 4.613976606072652253e-01 3.654606509333320763e-01 4.373883960571003371e-01 3.877091242253388748e-01 0.000000000000000000e+00 3.967276767425180206e-01 4.509649409055855873e-01 4.114008076041515416e-01 0.000000000000000000e+00 4.024755164918689121e-01 0.000000000000000000e+00 4.135021229463475834e-01 0.000000000000000000e+00 0.000000000000000000e+00 0.000000000000000000e+00 4.102668670817963825e-01 0.000000000000000000e+00 0.000000000000000000e+00 0.000000000000000000e+00 4.250340734420710587e-01 4.161500229786422311e-01 4.493383369007512562e-01 0.000000000000000000e+00 3.914565373134327730e-01 0.000000000000000000e+00 4.472932288726202965e-01 0.000000000000000000e+00 4.888725742574256961e-01 3.931145299145298866e-01 4.301547008308309050e-01 0.000000000000000000e+00 0.000000000000000000e+00 4.497428047605966928e-01 4.157870949573977404e-01 4.544971789682539787e-01 4.148672669980532635e-01 0.000000000000000000e+00 5.156050505050505661e-01 0.000000000000000000e+00 0.000000000000000000e+00 4.283359856115108166e-01 0.000000000000000000e+00 0.000000000000000000e+00 0.000000000000000000e+00 0.000000000000000000e+00 0.000000000000000000e+00
3.683192302717182010e-01 0.000000000000000000e+00 2.767991647416568890e-01 4.407024855115471706e-01 2.316835943905127260e-01 4.648915219963369871e-01 2.968575145599596787e-01 3.789150946644696538e-01 2.650066060088767661e-01 4.490626087223587026e-01 3.307199183673468768e-01 0.000000000000000000e+00 3.174747362394932937e-01 4.454926111111110476e-01 3.403715478375057835e-01 4.121214677079677036e-01 0.000000000000000000e+00 0.000000000000000000e+00 3.573405479510474159e-01 0.000000000000000000e+00 4.213453083739052696e-01 0.000000000000000000e+00 3.401054484094765407e-01 4.460988499070511204e-01 2.197388238503179825e-01 4.994423350996191613e-01 2.381460866471741267e-01 0.000000000000000000e+00 3.004889629634616144e-01 0.000000000000000000e+00 3.846508074062453542e-01 4.467890662894468679e-01 3.808057586206896605e-01 0.000000000000000000e+00 0.000000000000000000e+00 0.000000000000000000e+00 0.000000000000000000e+00 0.000000000000000000e+00 4.030534233128834631e-01 0.000000000000000000e+00 0.000000000000000000e+00 0.000000000000000000e+00 0.000000000000000000e+00 0.000000000000000000e+00 0.000000000000000000e+00 0.000000000000000000e+00 0.000000000000000000e+00 0.000000000000000000e+00 0.000000000000000000e+00 0.000000000000000000e+00 4.621873071428572177e-01 0.000000000000000000e+00 0.000000000000000000e+00 0.000000000000000000e+00 4.415600123456790427e-01 0.000000000000000000e+00 0.000000000000000000e+00 0.000000000000000000e+00 3.751341196581197135e-01 0.000000000000000000e+00 0.000000000000000000e+00 0.000000000000000000e+00 0.000000000000000000e+00 0.000000000000000000e+00 3.750247830188678799e-01 0.000000000000000000e+00 0.000000000000000000e+00 0.000000000000000000e+00 0.000000000000000000e+00 0.000000000000000000e+00 3.374576077683347775e-01 0.000000000000000000e+00 3.836990496974903575e-01 4.245613211009174326e-01 3.691105269854996762e-01 0.000000000000000000e+00 3.629793332434121389e-01 0.000000000000000000e+00 0.000000000000000000e+00 0.000000000000000000e+00 0.000000000000000000e+00 0.000000000000000000e+00 0.000000000000000000e+00 0.000000000000000000e+00 4.025511472889540809e-01 0.000000000000000000e+00 0.000000000000000000e+00 0.000000000000000000e+00 4.223282007376185643e-01 0.000000000000000000e+00 0.000000000000000000e+00 0.000000000000000000e+00 0.000000000000000000e+00 0.000000000000000000e+00 0.000000000000000000e+00 0.000000000000000000e+00 0.000000000000000000e+00 0.000000000000000000e+00 0.000000000000000000e+00 0.000000000000000000e+00 0.000000000000000000e+00 0.000000000000000000e+00 0.000000000000000000e+00 4.014543731343283572e-01 0.000000000000000000e+00 0.000000000000000000e+00 0.000000000000000000e+00 0.000000000000000000e+00 0.000000000000000000e+00 0.000000000000000000e+00 0.000000000000000000e+00 0.000000000000000000e+00 0.000000000000000000e+00 0.000000000000000000e+00 0.000000000000000000e+00 0.000000000000000000e+00
0.000000000000000000e+00 3.869866280991735574e-01 4.797100758246141128e-01 2.485719850110567342e-01 4.648915219963369871e-01 2.214120008232503267e-01 0.000000000000000000e+00 2.986279861253758883e-01 0.000000000000000000e+00 2.471158634122957165e-01 0.000000000000000000e+00 3.125825293658087700e-01 4.805167368421052188e-01 3.112584810992494733e-01 0.000000000000000000e+00 2.876866927952794195e-01 0.000000000000000000e+00 3.638238791208791567e-01 0.000000000000000000e+00 3.837211350091240813e-01 4.845783243549515729e-01 4.169707720402212603e-01 4.706631609569215668e-01 3.147581014482954687e-01 4.793704803602735209e-01 2.322531568922681922e-01 4.587801295844385341e-01 2.428162656028051702e-01 0.000000000000000000e+00 3.635775349814168167e-01 4.150784527120318090e-01 3.778291690699875915e-01 0.000000000000000000e+00 3.872919633715468657e-01 0.000000000000000000e+00 0.000000000000000000e+00 0.000000000000000000e+00 0.000000000000000000e+00 0.000000000000000000e+00 4.165361900921659144e-01 0.000000000000000000e+00 0.000000000000000000e+00 0.000000000000000000e+00 0.000000000000000000e+00 0.000000000000000000e+00 0.000000000000000000e+00 0.000000000000000000e+00 4.618502756410256538e-01 0.000000000000000000e+00 0.000000000000000000e+00 0.000000000000000000e+00 4.675131353383457644e-01 0.000000000000000000e+00 0.000000000000000000e+00 0.000000000000000000e+00 0.000000000000000000e+00 0.000000000000000000e+00 3.992696544540230152e-01 0.000000000000000000e+00 0.000000000000000000e+00 0.000000000000000000e+00 0.000000000000000000e+00 0.000000000000000000e+00 0.000000000000000000e+00 0.000000000000000000e+00 0.000000000000000000e+00 0.000000000000000000e+00 0.000000000000000000e+00 0.000000000000000000e+00 0.000000000000000000e+00 5.062455434002870458e-01 3.706848370293773232e-01 0.000000000000000000e+00 3.308593439916930889e-01 0.000000000000000000e+00 2.820213607874426653e-01 0.000000000000000000e+00 3.630590552684739847e-01 0.000000000000000000e+00 0.000000000000000000e+00 0.000000000000000000e+00 4.076518512396694049e-01 0.000000000000000000e+00 0.000000000000000000e+00 0.000000000000000000e+00 3.908464687500000090e-01 0.000000000000000000e+00 3.877670192307692276e-01 0.000000000000000000e+00 4.285189992337164466e-01 0.000000000000000000e+00 0.000000000000000000e+00 0.000000000000000000e+00 0.000000000000000000e+00 0.000000000000000000e+00 0.000000000000000000e+00 0.000000000000000000e+00 0.000000000000000000e+00 0.000000000000000000e+00 0.000000000000000000e+00 0.000000000000000000e+00 0.000000000000000000e+00 0.000000000000000000e+00 0.000000000000000000e+00 0.000000000000000000e+00 0.000000000000000000e+00 3.444988651685392811e-01 0.000000000000000000e+00 0.000000000000000000e+00 0.000000000000000000e+00 0.000000000000000000e+00 0.000000000000000000e+00 0.000000000000000000e+00 0.000000000000000000e+00 0.000000000000000000e+00 0.000000000000000000e+00
3.423667596899664378e-01 4.725927212993121795e-01 3.065299737780343148e-01 4.457504833145917167e-01 2.968575145599596787e-01 0.000000000000000000e+00 2.660129199503024622e-01 4.488726797014790937e-01 1.277883247393557242e-01 0.000000000000000000e+00 3.818878294257999628e-01 4.616556355190007399e-01 3.136084366610906171e-01 4.385991143841132534e-01 3.547397979135243351e-01 0.000000000000000000e+00 3.741100034847395506e-01 4.319634174454828335e-01 4.026121749293031793e-01 4.789658650286897634e-01 0.000000000000000000e+00 0.000000000000000000e+00 3.738848492572093840e-01 4.599552540459065919e-01 3.147197240843143673e-01 4.283784018993351816e-01 0.000000000000000000e+00 0.000000000000000000e+00 3.610195035840753630e-01 4.666201337703270169e-01 3.772891813175737186e-01 4.235797386798422215e-01 4.137818767353894645e-01 4.578460737170698680e-01 4.228429402847648788e-01 4.366475609756098053e-01 4.123124839454872514e-01 0.000000000000000000e+00 4.789230119047620526e-01 0.000000000000000000e+00 0.000000000000000000e+00 0.000000000000000000e+00 0.000000000000000000e+00 0.000000000000000000e+00 4.343292997037569436e-01 0.000000000000000000e+00 0.000000000000000000e+00 0.000000000000000000e+00 4.388478935122060998e-01 0.000000000000000000e+00 4.003114608495919047e-01 0.000000000000000000e+00 4.031617421975236537e-01 0.000000000000000000e+00 4.204378389209492139e-01 0.000000000000000000e+00 3.750705029584527894e-01 4.544332929936304999e-01 4.082669992840016748e-01 4.576409382832080652e-01 4.031344241050002219e-01 0.000000000000000000e+00 0.000000000000000000e+00 0.000000000000000000e+00 3.969314592007883169e-01 0.000000000000000000e+00 4.374750406679906445e-01 0.000000000000000000e+00 4.004006530646982420e-01 0.000000000000000000e+00 3.539750849626604468e-01 4.340201805892256459e-01 3.782436463577650287e-01 4.607551817510699421e-01 3.482970783591731734e-01 0.000000000000000000e+00 3.950231239980903641e-01 4.497839398682761947e-01 3.775887560975609292e-01 0.000000000000000000e+00 4.107562808345827654e-01 0.000000000000000000e+00 0.000000000000000000e+00 0.000000000000000000e+00 4.066391649786781359e-01 4.316522934782608401e-01 0.000000000000000000e+00 0.000000000000000000e+00 4.134682170223832332e-01 0.000000000000000000e+00 4.154953758865248536e-01 4.067253923076923350e-01 0.000000000000000000e+00 0.000000000000000000e+00 0.000000000000000000e+00 4.390975164835164701e-01 0.000000000000000000e+00 0.000000000000000000e+00 4.670882016129031533e-01 0.000000000000000000e+00 0.000000000000000000e+00 0.000000000000000000e+00 4.591350938559322081e-01 4.294683726173369465e-01 0.000000000000000000e+00 0.000000000000000000e+00 0.000000000000000000e+00 0.000000000000000000e+00 0.000000000000000000e+00 0.000000000000000000e+00 0.000000000000000000e+00 0.000000000000000000e+00 0.000000000000000000e+00 0.000000000000000000e+00 0.000000000000000000e+00 0.000000000000000000e+00
4.573847095050636580e-01 3.128556434702314260e-01 4.541229349230805346e-01 3.011113180090424502e-01 3.789150946644696538e-01 2.986279861253758883e-01 4.488726797014790937e-01 2.366422381365078098e-01 4.312060020765618451e-01 1.966222834869814362e-01 4.569296743979984199e-01 3.391220504384910295e-01 4.324522105143259743e-01 2.552025382193261471e-01 0.000000000000000000e+00 2.704593741659824802e-01 4.555265235474206809e-01 3.641079486621262018e-01 4.827709771953292983e-01 3.888363690190079214e-01 0.000000000000000000e+00 0.000000000000000000e+00 4.445072887680928120e-01 3.542223936429915732e-01 3.472699859154929625e-01 3.088059470149253638e-01 0.000000000000000000e+00 3.255160508474576053e-01 4.399714010357090310e-01 3.479602975616353788e-01 4.042391759236391713e-01 3.354886349912371557e-01 4.682290147039909201e-01 3.772034698378639028e-01 0.000000000000000000e+00 4.659470412930753480e-01 4.805680948689208809e-01 4.316263552207925680e-01 0.000000000000000000e+00 4.476097966101695302e-01 0.000000000000000000e+00 4.197730169491525887e-01 0.000000000000000000e+00 4.559824545454545519e-01 0.000000000000000000e+00 3.865185319687078347e-01 0.000000000000000000e+00 0.000000000000000000e+00 0.000000000000000000e+00 4.041001493752640616e-01 0.000000000000000000e+00 3.953838048183898612e-01 0.000000000000000000e+00 3.896780796787854273e-01 0.000000000000000000e+00 3.914969795372729156e-01 4.666063230065222722e-01 3.807889964030507501e-01 4.261842077756561875e-01 4.144501223734644024e-01 4.574513652707517530e-01 3.920414247334433888e-01 0.000000000000000000e+00 3.896601363618336644e-01 4.201012937062936770e-01 4.048710979670567256e-01 4.761645944167083311e-01 4.400950063316287908e-01 4.746928339320385382e-01 4.248472460792955818e-01 4.657738412491597702e-01 3.203011041089678379e-01 4.399386100873198258e-01 3.675281440558268997e-01 0.000000000000000000e+00 3.907612386975390373e-01 4.577519497343950916e-01 3.847935668062494874e-01 0.000000000000000000e+00 0.000000000000000000e+00 4.670784672897196343e-01 3.773065415412765189e-01 0.000000000000000000e+00 0.000000000000000000e+00 0.000000000000000000e+00 4.032609414487398625e-01 0.000000000000000000e+00 0.000000000000000000e+00 0.000000000000000000e+00 3.973947925800076497e-01 4.522865700039017667e-01 4.453684962026787097e-01 0.000000000000000000e+00 4.332863481481481482e-01 0.000000000000000000e+00 4.214846820347410428e-01 0.000000000000000000e+00 0.000000000000000000e+00 4.538881755725190925e-01 0.000000000000000000e+00 0.000000000000000000e+00 0.000000000000000000e+00 4.030653241379310026e-01 4.263699816633029771e-01 0.000000000000000000e+00 4.337816420161600961e-01 0.000000000000000000e+00 0.000000000000000000e+00 0.000000000000000000e+00 0.000000000000000000e+00 0.000000000000000000e+00 0.000000000000000000e+00 0.000000000000000000e+00 0.000000000000000000e+00 0.000000000000000000e+00 0.000000000000000000e+00
3.856052445663531447e-01 0.000000000000000000e+00 2.593415193574155064e-01 4.365496219512196019e-01 2.650066060088767661e-01 0.000000000000000000e+00 1.277883247393557242e-01 4.312060020765618451e-01 2.272047479793397606e-01 0.000000000000000000e+00 0.000000000000000000e+00 0.000000000000000000e+00 2.433845854004657583e-01 0.000000000000000000e+00 2.667478709329591524e-01 0.000000000000000000e+00 0.000000000000000000e+00 0.000000000000000000e+00 4.051339250529660818e-01 0.000000000000000000e+00 0.000000000000000000e+00 0.000000000000000000e+00 3.441615945283119093e-01 3.973888503322850485e-01 3.102636660670491930e-01 4.391641884057971290e-01 2.802498788047475542e-01 0.000000000000000000e+00 3.024238165856789617e-01 0.000000000000000000e+00 3.809321448444538127e-01 4.757960389610389473e-01 0.000000000000000000e+00 0.000000000000000000e+00 0.000000000000000000e+00 0.000000000000000000e+00 0.000000000000000000e+00 0.000000000000000000e+00 0.000000000000000000e+00 0.000000000000000000e+00 0.000000000000000000e+00 0.000000000000000000e+00 0.000000000000000000e+00 0.000000000000000000e+00 0.000000000000000000e+00 0.000000000000000000e+00 4.671877801418439224e-01 0.000000000000000000e+00 0.000000000000000000e+00 0.000000000000000000e+00 3.770019238095238534e-01 0.000000000000000000e+00 0.000000000000000000e+00 0.000000000000000000e+00 0.000000000000000000e+00 0.000000000000000000e+00 0.000000000000000000e+00 0.000000000000000000e+00 0.000000000000000000e+00 0.000000000000000000e+00 3.829952989690721954e-01 0.000000000000000000e+00 0.000000000000000000e+00 0.000000000000000000e+00 0.000000000000000000e+00 0.000000000000000000e+00 0.000000000000000000e+00 0.000000000000000000e+00 4.224475788057244774e-01 0.000000000000000000e+00 3.132381102566629272e-01 5.737537058823529712e-01 3.720601743671275163e-01 4.986979466666667804e-01 3.673483630587471294e-01 0.000000000000000000e+00 3.732208916836494139e-01 3.976098929356358114e-01 0.000000000000000000e+00 0.000000000000000000e+00 3.922717739130435199e-01 0.000000000000000000e+00 0.000000000000000000e+00 0.000000000000000000e+00 3.974336899224806263e-01 0.000000000000000000e+00 0.000000000000000000e+00 0.000000000000000000e+00 0.000000000000000000e+00 0.000000000000000000e+00 0.000000000000000000e+00 0.000000000000000000e+00 0.000000000000000000e+00 0.000000000000000000e+00 0.000000000000000000e+00 0.000000000000000000e+00 3.753659711538461230e-01 0.000000000000000000e+00 0.000000000000000000e+00 3.870941587301586773e-01 0.000000000000000000e+00 0.000000000000000000e+00 0.000000000000000000e+00 0.000000000000000000e+00 0.000000000000000000e+00 0.000000000000000000e+00 0.000000000000000000e+00 0.000000000000000000e+00 0.000000000000000000e+00 0.000000000000000000e+00 0.000000000000000000e+00 0.000000000000000000e+00 0.000000000000000000e+00 0.000000000000000000e+00 0.000000000000000000e+00 0.000000000000000000e+00
0.000000000000000000e+00 3.602942049069786656e-01 0.000000000000000000e+00 2.774930134379398061e-01 4.490626087223587026e-01 2.471158634122957165e-01 0.000000000000000000e+00 1.966222834869814362e-01 0.000000000000000000e+00 2.291676008736271142e-01 0.000000000000000000e+00 3.419825207828834923e-01 0.000000000000000000e+00 2.985984793308462115e-01 0.000000000000000000e+00 2.839261219324202279e-01 0.000000000000000000e+00 0.000000000000000000e+00 0.000000000000000000e+00 3.542457560975609820e-01 5.000272439024390225e-01 0.000000000000000000e+00 4.927375953566245359e-01 3.257335026173461268e-01 4.715979210913381903e-01 2.732569590887790056e-01 4.313931333333334006e-01 2.999112331526291864e-01 0.000000000000000000e+00 3.293392738095956562e-01 4.140639734650072290e-01 3.294538747246021915e-01 0.000000000000000000e+00 3.708865119047619063e-01 0.000000000000000000e+00 0.000000000000000000e+00 0.000000000000000000e+00 4.447280396039604011e-01 0.000000000000000000e+00 0.000000000000000000e+00 0.000000000000000000e+00 0.000000000000000000e+00 0.000000000000000000e+00 0.000000000000000000e+00 0.000000000000000000e+00 0.000000000000000000e+00 0.000000000000000000e+00 0.000000000000000000e+00 0.000000000000000000e+00 4.157746621621621341e-01 0.000000000000000000e+00 4.255777121212120928e-01 0.000000000000000000e+00 0.000000000000000000e+00 0.000000000000000000e+00 0.000000000000000000e+00 0.000000000000000000e+00 3.983871794725642457e-01 0.000000000000000000e+00 0.000000000000000000e+00 0.000000000000000000e+00 4.126837476635514257e-01 0.000000000000000000e+00 3.619409652478649542e-01 0.000000000000000000e+00 3.878661864899894396e-01 0.000000000000000000e+00 0.000000000000000000e+00 0.000000000000000000e+00 4.826956043165467891e-01 4.955419111111110664e-01 3.394020625817328884e-01 0.000000000000000000e+00 3.644750644165376530e-01 0.000000000000000000e+00 3.552176925922291839e-01 0.000000000000000000e+00 3.673074892230213107e-01 0.000000000000000000e+00 3.441107395833333804e-01 0.000000000000000000e+00 3.871695979780806485e-01 0.000000000000000000e+00 0.000000000000000000e+00 0.000000000000000000e+00 4.037018248535402254e-01 0.000000000000000000e+00 0.000000000000000000e+00 0.000000000000000000e+00 4.068380496423906756e-01 0.000000000000000000e+00 0.000000000000000000e+00 0.000000000000000000e+00 0.000000000000000000e+00 0.000000000000000000e+00 0.000000000000000000e+00 0.000000000000000000e+00 0.000000000000000000e+00 0.000000000000000000e+00 0.000000000000000000e+00 0.000000000000000000e+00 0.000000000000000000e+00 4.196098482758620629e-01 4.364374132231404468e-01 0.000000000000000000e+00 0.000000000000000000e+00 0.000000000000000000e+00 0.000000000000000000e+00 0.000000000000000000e+00 0.000000000000000000e+00 0.000000000000000000e+00 0.000000000000000000e+00 0.000000000000000000e+00 0.000000000000000000e+00 0.000000000000000000e+00 0.000000000000000000e+00
3.420463739964896277e-01 0.000000000000000000e+00 4.022793668359102570e-01 4.604060189783314994e-01 3.307199183673468768e-01 0.000000000000000000e+00 3.818878294257999628e-01 4.569296743979984199e-01 0.000000000000000000e+00 0.000000000000000000e+00 3.262781341767333476e-01 4.599065648313286347e-01 2.932082279067221853e-01 4.591327190767346411e-01 3.406602408401268045e-01 0.000000000000000000e+00 3.588092009180487429e-01 4.416677040816326949e-01 4.197408421341243812e-01 4.669342776690330599e-01 0.000000000000000000e+00 0.000000000000000000e+00 4.271024848788813610e-01 4.803086746525357942e-01 0.000000000000000000e+00 0.000000000000000000e+00 0.000000000000000000e+00 0.000000000000000000e+00 3.834098169172551751e-01 4.519100047619046823e-01 4.028393716273169778e-01 4.092718944667145808e-01 4.358610663996202450e-01 4.812550034707554492e-01 0.000000000000000000e+00 0.000000000000000000e+00 4.180316781630192269e-01 0.000000000000000000e+00 0.000000000000000000e+00 0.000000000000000000e+00 0.000000000000000000e+00 0.000000000000000000e+00 0.000000000000000000e+00 0.000000000000000000e+00 0.000000000000000000e+00 0.000000000000000000e+00 0.000000000000000000e+00 0.000000000000000000e+00 0.000000000000000000e+00 0.000000000000000000e+00 4.290214902690573373e-01 0.000000000000000000e+00 0.000000000000000000e+00 0.000000000000000000e+00 0.000000000000000000e+00 0.000000000000000000e+00 3.963883272053011497e-01 5.087368739495798931e-01 4.367591028158411826e-01 4.884627676056337853e-01 4.286221416730728317e-01 0.000000000000000000e+00 4.201832306772690373e-01 0.000000000000000000e+00 4.302548387235302085e-01 0.000000000000000000e+00 4.441029524483384727e-01 0.000000000000000000e+00 0.000000000000000000e+00 0.000000000000000000e+00 3.708327605435560170e-01 4.451177715442092842e-01 3.975532816727184726e-01 4.697529278455463420e-01 0.000000000000000000e+00 0.000000000000000000e+00 4.361285270838416439e-01 4.658231509094268863e-01 0.000000000000000000e+00 0.000000000000000000e+00 4.050241844668649449e-01 0.000000000000000000e+00 0.000000000000000000e+00 0.000000000000000000e+00 4.258039123953299421e-01 0.000000000000000000e+00 0.000000000000000000e+00 0.000000000000000000e+00 4.405608037601516647e-01 0.000000000000000000e+00 0.000000000000000000e+00 4.634995499999999824e-01 0.000000000000000000e+00 0.000000000000000000e+00 0.000000000000000000e+00 0.000000000000000000e+00 0.000000000000000000e+00 0.000000000000000000e+00 0.000000000000000000e+00 0.000000000000000000e+00 0.000000000000000000e+00 0.000000000000000000e+00 4.193450260869565627e-01 4.408157725343818112e-01 0.000000000000000000e+00 0.000000000000000000e+00 0.000000000000000000e+00 0.000000000000000000e+00 0.000000000000000000e+00 0.000000000000000000e+00 0.000000000000000000e+00 0.000000000000000000e+00 0.000000000000000000e+00 4.232496734693876883e-01 0.000000000000000000e+00 0.000000000000000000e+00
4.665458490938347302e-01 2.987464306980259221e-01 4.712486386688484741e-01 3.927775629985973960e-01 0.000000000000000000e+00 3.125825293658087700e-01 4.616556355190007399e-01 3.391220504384910295e-01 0.000000000000000000e+00 3.419825207828834923e-01 4.599065648313286347e-01 2.972112506696680811e-01 4.580715301551069873e-01 2.846032551863415527e-01 0.000000000000000000e+00 3.252010406426030786e-01 0.000000000000000000e+00 3.701653233808736565e-01 4.686768447727960862e-01 4.094809576497153158e-01 0.000000000000000000e+00 0.000000000000000000e+00 4.746966470588236398e-01 3.935744766817794171e-01 0.000000000000000000e+00 0.000000000000000000e+00 0.000000000000000000e+00 0.000000000000000000e+00 4.548582832728153558e-01 3.794469526214663824e-01 4.230617811195253042e-01 4.037737137504859852e-01 4.629712008502687715e-01 4.040063354929230854e-01 0.000000000000000000e+00 4.514824955630125647e-01 5.034380102040816318e-01 4.143099819597022004e-01 0.000000000000000000e+00 0.000000000000000000e+00 0.000000000000000000e+00 4.276486170212766003e-01 0.000000000000000000e+00 0.000000000000000000e+00 0.000000000000000000e+00 4.188833581345788870e-01 0.000000000000000000e+00 0.000000000000000000e+00 0.000000000000000000e+00 4.193823290879017951e-01 0.000000000000000000e+00 4.171198165056386742e-01 0.000000000000000000e+00 4.158272592611833574e-01 0.000000000000000000e+00 4.157665687528652732e-01 0.000000000000000000e+00 3.751212764334799776e-01 0.000000000000000000e+00 4.329753856962921810e-01 0.000000000000000000e+00 4.164586301380225342e-01 4.420284036697247343e-01 4.093523609071109126e-01 0.000000000000000000e+00 4.277022893448979568e-01 0.000000000000000000e+00 4.438024094426407107e-01 0.000000000000000000e+00 4.374653457943925572e-01 5.027623846344246861e-01 3.560607672717206462e-01 4.571611130490955688e-01 3.922890782475486060e-01 0.000000000000000000e+00 3.956121269841269550e-01 4.682225842718445996e-01 4.106186844013415826e-01 0.000000000000000000e+00 0.000000000000000000e+00 0.000000000000000000e+00 4.191030866190635917e-01 0.000000000000000000e+00 0.000000000000000000e+00 0.000000000000000000e+00 4.410222514964257656e-01 0.000000000000000000e+00 0.000000000000000000e+00 0.000000000000000000e+00 4.363563853850273011e-01 0.000000000000000000e+00 0.000000000000000000e+00 0.000000000000000000e+00 0.000000000000000000e+00 0.000000000000000000e+00 4.217106124981095383e-01 3.707839529411764978e-01 0.000000000000000000e+00 4.831845084745762797e-01 0.000000000000000000e+00 0.000000000000000000e+00 0.000000000000000000e+00 4.485340059312372674e-01 4.244658942782693622e-01 0.000000000000000000e+00 4.282050631593405932e-01 0.000000000000000000e+00 0.000000000000000000e+00 0.000000000000000000e+00 0.000000000000000000e+00 0.000000000000000000e+00 0.000000000000000000e+00 0.000000000000000000e+00 0.000000000000000000e+00 4.482168901098901315e-01 0.000000000000000000e+00
3.861138540189614221e-01 0.000000000000000000e+00 3.593604658557295606e-01 4.360503908582630261e-01 3.174747362394932937e-01 4.805167368421052188e-01 3.136084366610906171e-01 4.324522105143259743e-01 2.433845854004657583e-01 0.000000000000000000e+00 2.932082279067221853e-01 4.580715301551069873e-01 2.660830512745553933e-01 4.213640506202360747e-01 2.372939775665518780e-01 0.000000000000000000e+00 4.187050252442996445e-01 3.930800990099009851e-01 4.068539419547232971e-01 4.332194347826087699e-01 0.000000000000000000e+00 0.000000000000000000e+00 3.903662512224481129e-01 4.454580054512886633e-01 3.273977785128995843e-01 0.000000000000000000e+00 0.000000000000000000e+00 0.000000000000000000e+00 3.913036275815484077e-01 4.582698625669934245e-01 3.827011436912983178e-01 4.242021933934020939e-01 3.956488341961128530e-01 4.497405142592586502e-01 0.000000000000000000e+00 0.000000000000000000e+00 4.395016504608056374e-01 0.000000000000000000e+00 0.000000000000000000e+00 0.000000000000000000e+00 4.047271143834597629e-01 0.000000000000000000e+00 0.000000000000000000e+00 0.000000000000000000e+00 4.235349519230769411e-01 0.000000000000000000e+00 4.723648013698629744e-01 0.000000000000000000e+00 4.339808333333333712e-01 0.000000000000000000e+00 4.229529680647476919e-01 0.000000000000000000e+00 0.000000000000000000e+00 0.000000000000000000e+00 0.000000000000000000e+00 0.000000000000000000e+00 3.963100489684932559e-01 0.000000000000000000e+00 4.297875032695824271e-01 0.000000000000000000e+00 4.277422252336895436e-01 0.000000000000000000e+00 4.320255195830857708e-01 4.649606423841059488e-01 4.176574423361903987e-01 0.000000000000000000e+00 4.344420786252380373e-01 0.000000000000000000e+00 0.000000000000000000e+00 0.000000000000000000e+00 3.478192948568539777e-01 0.000000000000000000e+00 3.921569755544936919e-01 4.374544956853955169e-01 3.845464130479900322e-01 0.000000000000000000e+00 4.099267073725090804e-01 4.064635728856635377e-01 0.000000000000000000e+00 0.000000000000000000e+00 3.989462283417910538e-01 0.000000000000000000e+00 0.000000000000000000e+00 0.000000000000000000e+00 4.082717880718709780e-01 0.000000000000000000e+00 0.000000000000000000e+00 0.000000000000000000e+00 4.216286921525982945e-01 0.000000000000000000e+00 3.903971660763696505e-01 4.138652982761782395e-01 0.000000000000000000e+00 0.000000000000000000e+00 0.000000000000000000e+00 4.233209162812210380e-01 0.000000000000000000e+00 0.000000000000000000e+00 4.456868504672897302e-01 0.000000000000000000e+00 0.000000000000000000e+00 0.000000000000000000e+00 4.402778362980769300e-01 4.204151119342700582e-01 0.000000000000000000e+00 4.304494880982407401e-01 4.228864622641509974e-01 0.000000000000000000e+00 0.000000000000000000e+00 0.000000000000000000e+00 0.000000000000000000e+00 0.000000000000000000e+00 0.000000000000000000e+00 0.000000000000000000e+00 0.000000000000000000e+00 0.000000000000000000e+00
