2.949054224469641605e-01 4.705220901200468098e-01 3.699079767646359374e-01 4.952741574331791519e-01 3.524060125064917282e-01 0.000000000000000000e+00 3.256895332327406356e-01 4.641442277175725217e-01 3.524496206951892585e-01 0.000000000000000000e+00 3.293034660238509659e-01 4.335103598325806828e-01 3.309019611255645810e-01 4.497652320240518864e-01 3.582220629606879814e-01 0.000000000000000000e+00 2.822893272669469433e-01 4.637222360894528439e-01 3.810503749346383362e-01 4.902470908676627159e-01 0.000000000000000000e+00 0.000000000000000000e+00 3.949343720124698365e-01 0.000000000000000000e+00 0.000000000000000000e+00 0.000000000000000000e+00 3.563262592592592592e-01 0.000000000000000000e+00 3.861441468239050767e-01 4.710232490579303044e-01 0.000000000000000000e+00 0.000000000000000000e+00 4.049708918212568398e-01 4.648709213675852325e-01 3.709254769230769799e-01 0.000000000000000000e+00 4.957081829302247278e-01 5.093119615387863286e-01 0.000000000000000000e+00 0.000000000000000000e+00 4.019801273892773530e-01 0.000000000000000000e+00 4.026457310673616230e-01 0.000000000000000000e+00 3.887152115021207388e-01 4.941876916666666508e-01 0.000000000000000000e+00 0.000000000000000000e+00 3.878452130032861711e-01 4.646186788321167715e-01 3.959913568037377041e-01 4.434071023622047081e-01 3.750167272727272794e-01 0.000000000000000000e+00 3.931762254236608745e-01 0.000000000000000000e+00 3.210495398114346366e-01 4.620287124297920989e-01 3.976926844993228793e-01 4.866695404054053320e-01 3.903591185311296452e-01 0.000000000000000000e+00 3.449234110773718998e-01 4.722051770963704431e-01 3.955461810382519539e-01 0.000000000000000000e+00 4.206031218023399965e-01 4.722511824774835998e-01 3.266717816607207503e-01 4.826822819149008681e-01 3.471461384176119935e-01 4.712940109155344115e-01 3.755768786499627532e-01 4.596374603636420586e-01 0.000000000000000000e+00 0.000000000000000000e+00 3.978758451141259367e-01 4.615123492955168771e-01 0.000000000000000000e+00 0.000000000000000000e+00 3.153041188258294825e-01 0.000000000000000000e+00 0.000000000000000000e+00 0.000000000000000000e+00 4.014270411336403055e-01 4.675273245023941482e-01 3.990238050847458307e-01 0.000000000000000000e+00 4.028703078086923739e-01 0.000000000000000000e+00 4.422492413896827457e-01 4.820417971734954343e-01 4.106400288450769431e-01 0.000000000000000000e+00 4.076670263983004916e-01 4.171700092705648566e-01 4.300935896205673181e-01 0.000000000000000000e+00 4.611801761309712311e-01 5.055877142857142514e-01 0.000000000000000000e+00 4.906458587709326413e-01 4.121377949756689918e-01 4.656069709725507710e-01 4.376140616707882569e-01 5.122445799999999494e-01 4.602709316696375619e-01 4.115669378378377652e-01 0.000000000000000000e+00 0.000000000000000000e+00 0.000000000000000000e+00 0.000000000000000000e+00 0.000000000000000000e+00 0.000000000000000000e+00 0.000000000000000000e+00 0.000000000000000000e+00
4.705220901200468098e-01 3.127346533639510096e-01 4.914471254100485353e-01 3.576426765338294178e-01 3.834410729166666809e-01 0.000000000000000000e+00 4.649120708749827635e-01 3.043091660884279515e-01 0.000000000000000000e+00 3.292899481496736613e-01 4.672313717049808024e-01 3.086176113613890992e-01 0.000000000000000000e+00 3.665206391261777719e-01 4.319250082644627842e-01 3.523974400476880819e-01 4.411082585674164225e-01 3.272584925338871131e-01 4.958768485875695853e-01 3.496473001713509277e-01 0.000000000000000000e+00 0.000000000000000000e+00 4.725215454545454441e-01 4.677063203124999791e-01 0.000000000000000000e+00 0.000000000000000000e+00 0.000000000000000000e+00 0.000000000000000000e+00 4.815315180747327117e-01 4.071801147563168799e-01 0.000000000000000000e+00 0.000000000000000000e+00 4.890942195633279366e-01 4.249493950827649136e-01 0.000000000000000000e+00 0.000000000000000000e+00 4.909500635235937160e-01 5.307777948021197290e-01 0.000000000000000000e+00 5.165322307077626629e-01 0.000000000000000000e+00 0.000000000000000000e+00 0.000000000000000000e+00 4.046162518173506140e-01 0.000000000000000000e+00 4.149776121969500076e-01 0.000000000000000000e+00 4.462451366906474703e-01 0.000000000000000000e+00 4.114920418471484931e-01 4.617487669902913261e-01 3.872335829086547832e-01 0.000000000000000000e+00 0.000000000000000000e+00 4.894494759036144838e-01 3.942156662957969626e-01 4.758366438145857913e-01 3.600250966884256942e-01 4.931615204081632453e-01 4.082318355938618915e-01 4.390914242424242553e-01 3.839860604639537267e-01 4.359840729545871874e-01 3.547787291490711592e-01 0.000000000000000000e+00 3.885624887823853624e-01 4.949062682748538444e-01 4.053683738931216363e-01 4.974809045827044973e-01 3.280613938221821346e-01 4.848455900271873564e-01 3.593319305832675670e-01 4.489969119310424639e-01 4.067641867230540331e-01 0.000000000000000000e+00 4.148539324829075281e-01 4.410154202801891965e-01 4.140148384566618156e-01 0.000000000000000000e+00 0.000000000000000000e+00 0.000000000000000000e+00 4.136381144570794866e-01 0.000000000000000000e+00 0.000000000000000000e+00 4.348541624215607193e-01 4.099054899236903582e-01 0.000000000000000000e+00 0.000000000000000000e+00 0.000000000000000000e+00 4.213850199929556894e-01 4.684298438586868008e-01 4.536960858800181962e-01 0.000000000000000000e+00 4.262120420168066248e-01 0.000000000000000000e+00 4.351823999916301644e-01 0.000000000000000000e+00 4.394591220020416800e-01 0.000000000000000000e+00 5.215439727272725978e-01 0.000000000000000000e+00 5.049300819157361842e-01 5.031825274791028590e-01 4.500052601860898838e-01 5.010928639742817658e-01 4.515153822731052258e-01 4.584436909090909285e-01 4.705235630602695451e-01 0.000000000000000000e+00 0.000000000000000000e+00 4.923930645161291308e-01 0.000000000000000000e+00 4.907718511904761716e-01 0.000000000000000000e+00 0.000000000000000000e+00 0.000000000000000000e+00
3.699079767646359374e-01 4.914471254100485353e-01 2.523592468625339147e-01 4.499652167279931114e-01 2.180376982128852670e-01 4.128317211776293960e-01 3.000758044892636867e-01 4.476783719108143877e-01 2.895506545189056591e-01 4.226326238248344080e-01 3.955254086369229261e-01 4.435965457105661702e-01 3.428978684483020012e-01 4.367711845005370908e-01 3.153899806152015151e-01 3.986697201822830827e-01 3.937299647952861026e-01 4.727749818905657153e-01 3.001990164164398678e-01 4.976898503429098009e-01 0.000000000000000000e+00 0.000000000000000000e+00 2.225874725858474068e-01 4.146387251086346426e-01 2.710194208195891852e-01 3.982099078697544092e-01 3.200029506976304061e-01 0.000000000000000000e+00 3.646542518882621153e-01 4.633492225020523492e-01 3.429486870640745533e-01 3.979633778480481943e-01 3.890213569660253001e-01 4.658369172427861971e-01 4.115698577398991254e-01 0.000000000000000000e+00 4.453177286855163342e-01 0.000000000000000000e+00 4.091374856321838838e-01 0.000000000000000000e+00 4.686589253731343607e-01 0.000000000000000000e+00 4.083152916666666354e-01 0.000000000000000000e+00 0.000000000000000000e+00 4.385699075630251631e-01 4.056861442307692633e-01 0.000000000000000000e+00 3.906129429557459454e-01 0.000000000000000000e+00 3.588474764835158370e-01 4.505592480620154716e-01 0.000000000000000000e+00 0.000000000000000000e+00 3.315641451612904023e-01 0.000000000000000000e+00 4.234719059585170808e-01 0.000000000000000000e+00 4.020795597193237425e-01 0.000000000000000000e+00 3.884724412023276008e-01 0.000000000000000000e+00 3.904790667478044708e-01 0.000000000000000000e+00 3.456447425009429586e-01 0.000000000000000000e+00 4.165390858527570073e-01 4.990911470588235144e-01 3.831881482283395202e-01 0.000000000000000000e+00 3.422255519822466341e-01 4.662137286913041745e-01 3.718842160649905026e-01 4.418647599529195169e-01 3.431458570538643560e-01 0.000000000000000000e+00 4.008882990475248764e-01 4.403528603283707876e-01 0.000000000000000000e+00 0.000000000000000000e+00 3.605556410020899216e-01 0.000000000000000000e+00 0.000000000000000000e+00 0.000000000000000000e+00 3.731155969695966190e-01 4.721234025863831896e-01 0.000000000000000000e+00 0.000000000000000000e+00 3.619507143810476446e-01 0.000000000000000000e+00 4.033320829286260456e-01 4.673072527348224314e-01 4.222713464985064502e-01 4.522583333333333733e-01 4.279968642653910749e-01 4.497520478085133555e-01 0.000000000000000000e+00 0.000000000000000000e+00 4.713554051906780340e-01 0.000000000000000000e+00 0.000000000000000000e+00 4.750838534663865409e-01 3.890198017733135227e-01 4.510189849852163091e-01 4.137997281185028520e-01 4.430051954948593940e-01 4.269459436936937635e-01 4.477602129629629779e-01 0.000000000000000000e+00 0.000000000000000000e+00 0.000000000000000000e+00 0.000000000000000000e+00 0.000000000000000000e+00 0.000000000000000000e+00 0.000000000000000000e+00 0.000000000000000000e+00
4.952741574331791519e-01 3.576426765338294178e-01 4.499652167279931114e-01 2.565798001935180039e-01 3.994398640103061782e-01 1.502177350174955794e-01 4.606286898978710354e-01 3.358408390966861612e-01 3.939878591133008645e-01 3.204620485690795051e-01 4.603432278399855471e-01 3.991972638056693889e-01 4.290684961331323044e-01 3.270948851913140776e-01 3.957994657534246175e-01 3.180963761945413970e-01 4.608734938379572266e-01 4.359715722753971234e-01 5.064210678000398147e-01 3.027076033929440579e-01 0.000000000000000000e+00 0.000000000000000000e+00 4.207311431694267245e-01 2.226986573875939512e-01 4.015283783891547276e-01 1.916515794516407689e-01 4.222248873295162963e-01 1.844431089826840120e-01 4.620547383171254019e-01 3.653737022009287960e-01 4.053317353626800790e-01 2.776426909970830526e-01 4.855351679831438338e-01 3.955415540859555379e-01 0.000000000000000000e+00 0.000000000000000000e+00 4.687211669266163061e-01 4.843279976839386380e-01 0.000000000000000000e+00 4.943480923751114586e-01 0.000000000000000000e+00 4.846618591549295973e-01 0.000000000000000000e+00 4.093609249999999866e-01 4.452771757396450369e-01 4.349859213053623996e-01 0.000000000000000000e+00 4.229648474862258700e-01 0.000000000000000000e+00 4.233437214545774929e-01 0.000000000000000000e+00 3.654292659321741743e-01 0.000000000000000000e+00 3.938526277372262352e-01 4.996853082191781703e-01 4.389020825688073058e-01 4.683930000000001148e-01 4.193028917646002274e-01 4.560734731182795043e-01 4.206463463255766255e-01 0.000000000000000000e+00 3.867686692638572787e-01 0.000000000000000000e+00 3.973604331763320729e-01 0.000000000000000000e+00 3.967040675192893828e-01 4.851509373684210757e-01 4.233120884501442860e-01 5.080739736322176237e-01 4.008794788456493952e-01 4.669286168093835787e-01 3.862791108212788038e-01 4.403401422709279922e-01 4.022742458378203434e-01 0.000000000000000000e+00 3.947400285716931023e-01 4.559607617081116726e-01 4.328334265733935204e-01 0.000000000000000000e+00 0.000000000000000000e+00 4.318491543119730713e-01 3.763181809523808985e-01 0.000000000000000000e+00 0.000000000000000000e+00 0.000000000000000000e+00 4.129806742381758045e-01 0.000000000000000000e+00 0.000000000000000000e+00 4.225541944444444198e-01 4.041942820663542157e-01 4.705217272696560760e-01 4.468011036783821610e-01 3.931990058823529033e-01 4.333664178082191620e-01 0.000000000000000000e+00 4.430745640344354030e-01 0.000000000000000000e+00 4.524213578387096257e-01 5.111791190476191460e-01 4.001647840000000511e-01 0.000000000000000000e+00 0.000000000000000000e+00 4.646059094514903842e-01 4.386664276973185062e-01 4.748014285714285965e-01 4.380196525069072755e-01 0.000000000000000000e+00 4.153789023488473342e-01 0.000000000000000000e+00 0.000000000000000000e+00 4.646591520302778000e-01 0.000000000000000000e+00 0.000000000000000000e+00 0.000000000000000000e+00 0.000000000000000000e+00 0.000000000000000000e+00
3.524060125064917282e-01 3.834410729166666809e-01 2.180376982128852670e-01 3.994398640103061782e-01 2.135243864548728443e-01 4.321951897290172706e-01 2.991406743288193559e-01 3.891226338028169196e-01 2.688552985158353392e-01 3.828011728395061541e-01 3.115405075987841554e-01 0.000000000000000000e+00 2.813922291650170493e-01 0.000000000000000000e+00 2.705454172374555100e-01 4.084799693573201163e-01 3.274849374999999618e-01 0.000000000000000000e+00 3.692105811944760840e-01 0.000000000000000000e+00 4.109553513513513057e-01 0.000000000000000000e+00 1.844691760872360919e-01 3.785891393321719200e-01 1.402979927390579640e-01 3.915016925941141035e-01 2.246584916661132914e-01 0.000000000000000000e+00 2.969841345630334639e-01 0.000000000000000000e+00 3.550563072715950952e-01 3.650732815985779922e-01 3.679779548540896283e-01 0.000000000000000000e+00 0.000000000000000000e+00 0.000000000000000000e+00 0.000000000000000000e+00 0.000000000000000000e+00 0.000000000000000000e+00 0.000000000000000000e+00 0.000000000000000000e+00 0.000000000000000000e+00 0.000000000000000000e+00 0.000000000000000000e+00 0.000000000000000000e+00 0.000000000000000000e+00 4.099245087719298186e-01 0.000000000000000000e+00 3.412793675213675049e-01 0.000000000000000000e+00 3.414821625159887852e-01 0.000000000000000000e+00 0.000000000000000000e+00 0.000000000000000000e+00 0.000000000000000000e+00 0.000000000000000000e+00 0.000000000000000000e+00 0.000000000000000000e+00 0.000000000000000000e+00 0.000000000000000000e+00 3.814105954607898141e-01 0.000000000000000000e+00 3.461102380952381097e-01 0.000000000000000000e+00 3.648163400568181780e-01 0.000000000000000000e+00 4.253631039257455559e-01 0.000000000000000000e+00 0.000000000000000000e+00 0.000000000000000000e+00 3.791999013543597696e-01 4.732888338570839792e-01 3.652607848990654937e-01 0.000000000000000000e+00 3.390719833834497932e-01 2.432810638297872030e-01 3.420993760483638790e-01 2.631936666666667146e-01 0.000000000000000000e+00 0.000000000000000000e+00 3.657873793103448290e-01 0.000000000000000000e+00 0.000000000000000000e+00 0.000000000000000000e+00 3.641325593937061456e-01 0.000000000000000000e+00 0.000000000000000000e+00 0.000000000000000000e+00 3.601722554062499748e-01 0.000000000000000000e+00 0.000000000000000000e+00 0.000000000000000000e+00 0.000000000000000000e+00 0.000000000000000000e+00 0.000000000000000000e+00 0.000000000000000000e+00 0.000000000000000000e+00 0.000000000000000000e+00 0.000000000000000000e+00 0.000000000000000000e+00 0.000000000000000000e+00 0.000000000000000000e+00 0.000000000000000000e+00 0.000000000000000000e+00 0.000000000000000000e+00 3.456538111111111533e-01 0.000000000000000000e+00 0.000000000000000000e+00 0.000000000000000000e+00 0.000000000000000000e+00 0.000000000000000000e+00 0.000000000000000000e+00 0.000000000000000000e+00 0.000000000000000000e+00 0.000000000000000000e+00 0.000000000000000000e+00
0.000000000000000000e+00 0.000000000000000000e+00 4.128317211776293960e-01 1.502177350174955794e-01 4.321951897290172706e-01 1.848070903220985495e-01 4.075107081602173942e-01 2.744999652868074236e-01 3.877728030303030371e-01 2.338924258152219049e-01 0.000000000000000000e+00 0.000000000000000000e+00 0.000000000000000000e+00 3.010617096607245413e-01 2.998649382716049860e-01 2.400635435251619876e-01 0.000000000000000000e+00 0.000000000000000000e+00 3.813114354838710862e-01 3.672648335547327170e-01 0.000000000000000000e+00 3.113610116866873945e-01 3.720546466103901717e-01 1.990595065414497711e-01 3.916439336452209874e-01 1.503777221745598025e-01 3.694582663306842374e-01 2.076395039603439185e-01 0.000000000000000000e+00 3.104734303167934195e-01 3.589655981298335297e-01 3.169477888327929538e-01 0.000000000000000000e+00 3.565877510001198569e-01 0.000000000000000000e+00 0.000000000000000000e+00 0.000000000000000000e+00 3.845847397173880466e-01 0.000000000000000000e+00 3.948662075471697785e-01 0.000000000000000000e+00 0.000000000000000000e+00 0.000000000000000000e+00 3.893053494355004918e-01 0.000000000000000000e+00 0.000000000000000000e+00 0.000000000000000000e+00 4.390874579439252856e-01 0.000000000000000000e+00 0.000000000000000000e+00 0.000000000000000000e+00 0.000000000000000000e+00 0.000000000000000000e+00 0.000000000000000000e+00 0.000000000000000000e+00 4.322925292307692180e-01 0.000000000000000000e+00 0.000000000000000000e+00 4.897863178807946305e-01 4.296969478260869169e-01 0.000000000000000000e+00 0.000000000000000000e+00 0.000000000000000000e+00 4.664399150943396299e-01 0.000000000000000000e+00 3.844874198237216434e-01 4.873591218421052806e-01 4.456595912408758964e-01 0.000000000000000000e+00 0.000000000000000000e+00 4.278264094756191738e-01 3.349069129786971799e-01 4.336831891891891888e-01 3.183642906450150911e-01 0.000000000000000000e+00 2.700352029290767897e-01 0.000000000000000000e+00 3.433322194023629148e-01 0.000000000000000000e+00 0.000000000000000000e+00 0.000000000000000000e+00 3.765632749571183879e-01 0.000000000000000000e+00 0.000000000000000000e+00 0.000000000000000000e+00 3.745252318141125136e-01 0.000000000000000000e+00 3.641395929764054129e-01 0.000000000000000000e+00 3.783844350162908765e-01 0.000000000000000000e+00 0.000000000000000000e+00 0.000000000000000000e+00 0.000000000000000000e+00 0.000000000000000000e+00 3.428378854166667100e-01 0.000000000000000000e+00 0.000000000000000000e+00 0.000000000000000000e+00 0.000000000000000000e+00 0.000000000000000000e+00 0.000000000000000000e+00 0.000000000000000000e+00 0.000000000000000000e+00 0.000000000000000000e+00 0.000000000000000000e+00 0.000000000000000000e+00 3.648976465517241308e-01 0.000000000000000000e+00 0.000000000000000000e+00 0.000000000000000000e+00 0.000000000000000000e+00 0.000000000000000000e+00 0.000000000000000000e+00 0.000000000000000000e+00 0.000000000000000000e+00
3.256895332327406356e-01 4.649120708749827635e-01 3.000758044892636867e-01 4.606286898978710354e-01 2.991406743288193559e-01 4.075107081602173942e-01 2.495714580225063539e-01 4.413877887931590416e-01 2.472272080110990422e-01 3.498088333333333466e-01 3.596691676086533063e-01 4.426271125876472534e-01 2.882109242780154790e-01 4.295615397376231215e-01 2.792822176943992596e-01 3.965361388239224683e-01 3.792431839586837272e-01 4.588376964324035190e-01 3.994913848833726577e-01 4.672228143634526987e-01 0.000000000000000000e+00 0.000000000000000000e+00 3.336258243471063034e-01 4.435201770839860558e-01 3.708999926563203431e-01 3.684378880690343805e-01 3.320603157894737589e-01 0.000000000000000000e+00 3.637867336166186738e-01 4.407963586543630075e-01 3.276539839322032410e-01 4.153335121598465962e-01 3.697394609492020701e-01 4.506943215791424651e-01 0.000000000000000000e+00 0.000000000000000000e+00 4.498567256202406495e-01 4.449502273836336008e-01 0.000000000000000000e+00 0.000000000000000000e+00 0.000000000000000000e+00 0.000000000000000000e+00 3.971414000000000333e-01 0.000000000000000000e+00 3.724348700854700489e-01 0.000000000000000000e+00 0.000000000000000000e+00 0.000000000000000000e+00 3.746026403465008148e-01 0.000000000000000000e+00 3.682321846657909403e-01 0.000000000000000000e+00 0.000000000000000000e+00 0.000000000000000000e+00 0.000000000000000000e+00 0.000000000000000000e+00 3.693303375000000499e-01 0.000000000000000000e+00 3.795366407192515279e-01 0.000000000000000000e+00 3.947160986460568899e-01 0.000000000000000000e+00 3.765426730149094015e-01 0.000000000000000000e+00 3.819186857722689510e-01 4.174037785714285742e-01 3.876362705910264550e-01 4.646445842696629303e-01 4.584405691056911425e-01 0.000000000000000000e+00 3.289723957620362960e-01 4.723216509572831789e-01 3.621361153568424807e-01 4.435847967716682327e-01 3.293881284534534437e-01 4.054573076923077002e-01 3.583531569668555461e-01 4.441701969141640394e-01 3.529994675324675257e-01 0.000000000000000000e+00 3.507983446412306638e-01 4.105695619834710541e-01 0.000000000000000000e+00 0.000000000000000000e+00 3.852023047528926325e-01 4.305672356687897384e-01 0.000000000000000000e+00 0.000000000000000000e+00 3.888552970813883292e-01 0.000000000000000000e+00 3.973005673624288581e-01 0.000000000000000000e+00 0.000000000000000000e+00 0.000000000000000000e+00 3.496530374999999857e-01 4.577638073394495466e-01 0.000000000000000000e+00 0.000000000000000000e+00 4.007653650793649991e-01 0.000000000000000000e+00 0.000000000000000000e+00 0.000000000000000000e+00 3.492674551724138099e-01 0.000000000000000000e+00 3.855478647619048349e-01 0.000000000000000000e+00 4.358574716981132302e-01 0.000000000000000000e+00 0.000000000000000000e+00 0.000000000000000000e+00 0.000000000000000000e+00 0.000000000000000000e+00 0.000000000000000000e+00 0.000000000000000000e+00 0.000000000000000000e+00 0.000000000000000000e+00
4.641442277175725217e-01 3.043091660884279515e-01 4.476783719108143877e-01 3.358408390966861612e-01 3.891226338028169196e-01 2.744999652868074236e-01 4.413877887931590416e-01 2.597587204756539037e-01 3.934627326305382145e-01 2.225175312772165459e-01 4.418127027037900834e-01 2.818740265880242957e-01 4.237494810858029037e-01 2.490755830836254570e-01 4.430824774279774059e-01 2.575612697148541574e-01 4.513374905412116944e-01 4.004308105892603331e-01 4.667434317379093311e-01 4.028731149700948144e-01 0.000000000000000000e+00 0.000000000000000000e+00 4.270817799234488676e-01 3.499466806988902334e-01 0.000000000000000000e+00 3.339156732954545181e-01 0.000000000000000000e+00 0.000000000000000000e+00 4.335462839709318117e-01 3.082274268080856805e-01 4.090894622166872385e-01 3.250050671675048797e-01 4.518434874367824317e-01 3.793125859557320290e-01 3.972489193548386921e-01 4.551790112359550000e-01 4.967407939062256084e-01 4.692642738458637219e-01 0.000000000000000000e+00 5.000982065217391970e-01 0.000000000000000000e+00 3.643825849056603339e-01 0.000000000000000000e+00 3.745142038371187532e-01 0.000000000000000000e+00 3.908989197167316854e-01 0.000000000000000000e+00 4.362253142857143162e-01 4.936436194029851232e-01 3.900842368015872141e-01 0.000000000000000000e+00 3.806738190541129607e-01 0.000000000000000000e+00 3.383000326086956222e-01 0.000000000000000000e+00 3.866480588285708397e-01 0.000000000000000000e+00 3.736840416782726826e-01 0.000000000000000000e+00 4.067554815947409530e-01 4.630164772079771729e-01 3.706732753969029237e-01 4.740987933884297512e-01 3.717571357505626284e-01 0.000000000000000000e+00 3.820003666029304634e-01 4.601050698350217516e-01 4.207912506823602294e-01 0.000000000000000000e+00 4.620335309027777670e-01 4.622209031501007814e-01 3.050281682682043360e-01 4.416918137920256560e-01 3.595112530733980960e-01 3.934733659090908775e-01 3.330085568104194094e-01 4.255316156277235140e-01 3.845569298366908750e-01 0.000000000000000000e+00 0.000000000000000000e+00 0.000000000000000000e+00 4.010081214567580710e-01 0.000000000000000000e+00 0.000000000000000000e+00 4.374395939849624049e-01 3.921681277503211160e-01 0.000000000000000000e+00 0.000000000000000000e+00 0.000000000000000000e+00 3.959655531495335778e-01 4.212765923566878512e-01 4.154478016029030663e-01 0.000000000000000000e+00 0.000000000000000000e+00 0.000000000000000000e+00 4.413516807710105572e-01 0.000000000000000000e+00 0.000000000000000000e+00 0.000000000000000000e+00 0.000000000000000000e+00 0.000000000000000000e+00 0.000000000000000000e+00 4.484231642857142708e-01 4.554547904177821960e-01 0.000000000000000000e+00 4.460611439114901544e-01 0.000000000000000000e+00 3.875738761904761742e-01 0.000000000000000000e+00 0.000000000000000000e+00 0.000000000000000000e+00 0.000000000000000000e+00 0.000000000000000000e+00 0.000000000000000000e+00 0.000000000000000000e+00 0.000000000000000000e+00
3.524496206951892585e-01 0.000000000000000000e+00 2.895506545189056591e-01 3.939878591133008645e-01 2.688552985158353392e-01 3.877728030303030371e-01 2.472272080110990422e-01 3.934627326305382145e-01 2.304323642893541246e-01 4.149070178750418059e-01 3.489279929016972370e-01 0.000000000000000000e+00 2.813370920268973285e-01 0.000000000000000000e+00 2.349443363733592360e-01 4.229372049963925351e-01 3.844365386975316934e-01 0.000000000000000000e+00 3.741924054433713454e-01 0.000000000000000000e+00 0.000000000000000000e+00 0.000000000000000000e+00 3.302877899489812807e-01 3.682502500000000012e-01 2.980993386206897133e-01 3.738719067367535231e-01 3.115141281665702588e-01 0.000000000000000000e+00 3.090789791373327322e-01 0.000000000000000000e+00 3.470483931537922118e-01 3.731046588191940794e-01 3.398566140350877118e-01 4.067792857142857876e-01 4.209942222222222696e-01 0.000000000000000000e+00 3.274511999999999978e-01 0.000000000000000000e+00 0.000000000000000000e+00 0.000000000000000000e+00 0.000000000000000000e+00 0.000000000000000000e+00 0.000000000000000000e+00 0.000000000000000000e+00 0.000000000000000000e+00 0.000000000000000000e+00 4.224709006410256595e-01 0.000000000000000000e+00 0.000000000000000000e+00 0.000000000000000000e+00 4.087277051834131147e-01 0.000000000000000000e+00 0.000000000000000000e+00 0.000000000000000000e+00 0.000000000000000000e+00 0.000000000000000000e+00 4.051791617304104642e-01 0.000000000000000000e+00 0.000000000000000000e+00 4.794642424242424594e-01 3.912606440371370620e-01 0.000000000000000000e+00 3.804441481481481979e-01 0.000000000000000000e+00 3.849153936170213175e-01 0.000000000000000000e+00 0.000000000000000000e+00 0.000000000000000000e+00 0.000000000000000000e+00 0.000000000000000000e+00 3.383334943562431030e-01 4.575710528100774832e-01 3.559038122181095165e-01 0.000000000000000000e+00 3.203804611881604925e-01 0.000000000000000000e+00 3.598085333849374012e-01 3.515267916666666714e-01 0.000000000000000000e+00 0.000000000000000000e+00 3.449498071932477483e-01 0.000000000000000000e+00 0.000000000000000000e+00 0.000000000000000000e+00 3.761265164554658536e-01 0.000000000000000000e+00 0.000000000000000000e+00 0.000000000000000000e+00 3.916665564516129683e-01 0.000000000000000000e+00 0.000000000000000000e+00 0.000000000000000000e+00 0.000000000000000000e+00 0.000000000000000000e+00 0.000000000000000000e+00 0.000000000000000000e+00 0.000000000000000000e+00 0.000000000000000000e+00 3.611067499999999764e-01 0.000000000000000000e+00 0.000000000000000000e+00 0.000000000000000000e+00 3.387710336134453493e-01 0.000000000000000000e+00 0.000000000000000000e+00 0.000000000000000000e+00 0.000000000000000000e+00 0.000000000000000000e+00 0.000000000000000000e+00 0.000000000000000000e+00 0.000000000000000000e+00 0.000000000000000000e+00 0.000000000000000000e+00 0.000000000000000000e+00 0.000000000000000000e+00 0.000000000000000000e+00
0.000000000000000000e+00 3.292899481496736613e-01 4.226326238248344080e-01 3.204620485690795051e-01 3.828011728395061541e-01 2.338924258152219049e-01 3.498088333333333466e-01 2.225175312772165459e-01 4.149070178750418059e-01 2.441315679905375069e-01 0.000000000000000000e+00 3.267838590236964991e-01 4.189673220030997736e-01 2.674473864019600855e-01 3.576402794117647388e-01 2.652217694324170427e-01 0.000000000000000000e+00 0.000000000000000000e+00 0.000000000000000000e+00 3.474464545454545861e-01 0.000000000000000000e+00 0.000000000000000000e+00 3.882301537986537765e-01 3.561329319257371395e-01 0.000000000000000000e+00 1.578675653330129380e-01 3.347292727272727086e-01 2.562808061223316169e-01 4.024184242424242441e-01 3.422798393988980004e-01 4.137690182330603372e-01 3.456139781320095583e-01 0.000000000000000000e+00 3.482935200000000231e-01 0.000000000000000000e+00 0.000000000000000000e+00 0.000000000000000000e+00 0.000000000000000000e+00 0.000000000000000000e+00 0.000000000000000000e+00 0.000000000000000000e+00 0.000000000000000000e+00 0.000000000000000000e+00 4.253721603053435274e-01 4.745187548387096999e-01 3.525430315115222757e-01 0.000000000000000000e+00 0.000000000000000000e+00 0.000000000000000000e+00 3.429564375528960651e-01 0.000000000000000000e+00 3.716908897843593795e-01 0.000000000000000000e+00 4.107464589041095460e-01 0.000000000000000000e+00 0.000000000000000000e+00 0.000000000000000000e+00 3.496648337860981393e-01 0.000000000000000000e+00 3.432330258620688856e-01 0.000000000000000000e+00 3.473724421014733887e-01 0.000000000000000000e+00 3.845185153380714649e-01 0.000000000000000000e+00 3.678528398592968429e-01 0.000000000000000000e+00 3.552737487641242642e-01 0.000000000000000000e+00 0.000000000000000000e+00 0.000000000000000000e+00 3.183290659719372750e-01 0.000000000000000000e+00 3.648372409837158936e-01 0.000000000000000000e+00 3.498678476018433625e-01 0.000000000000000000e+00 3.627956277501537263e-01 0.000000000000000000e+00 0.000000000000000000e+00 0.000000000000000000e+00 3.720597023076707699e-01 0.000000000000000000e+00 0.000000000000000000e+00 0.000000000000000000e+00 3.776394197763510707e-01 0.000000000000000000e+00 0.000000000000000000e+00 0.000000000000000000e+00 3.889749671227069605e-01 0.000000000000000000e+00 0.000000000000000000e+00 0.000000000000000000e+00 0.000000000000000000e+00 0.000000000000000000e+00 3.368568775825947492e-01 0.000000000000000000e+00 0.000000000000000000e+00 0.000000000000000000e+00 0.000000000000000000e+00 0.000000000000000000e+00 0.000000000000000000e+00 0.000000000000000000e+00 3.546531487603306054e-01 0.000000000000000000e+00 0.000000000000000000e+00 0.000000000000000000e+00 3.441519428571427897e-01 0.000000000000000000e+00 0.000000000000000000e+00 0.000000000000000000e+00 0.000000000000000000e+00 0.000000000000000000e+00 0.000000000000000000e+00 0.000000000000000000e+00 0.000000000000000000e+00
3.293034660238509659e-01 4.672313717049808024e-01 3.955254086369229261e-01 4.603432278399855471e-01 3.115405075987841554e-01 0.000000000000000000e+00 3.596691676086533063e-01 4.418127027037900834e-01 3.489279929016972370e-01 0.000000000000000000e+00 2.921754463214961128e-01 4.463368317318647249e-01 2.083590881510261894e-01 4.309969822101684112e-01 3.646025723834742105e-01 0.000000000000000000e+00 3.730490190589919042e-01 4.556261927426794589e-01 4.139063746278798250e-01 4.668996463833960386e-01 0.000000000000000000e+00 0.000000000000000000e+00 4.063229694646597334e-01 4.126663348830535982e-01 0.000000000000000000e+00 0.000000000000000000e+00 0.000000000000000000e+00 0.000000000000000000e+00 3.630011166400399225e-01 4.471239105428692628e-01 3.529604515531605813e-01 4.511915945614569101e-01 3.883178863093870170e-01 4.257274747111579605e-01 4.334100908505154615e-01 0.000000000000000000e+00 0.000000000000000000e+00 0.000000000000000000e+00 0.000000000000000000e+00 0.000000000000000000e+00 0.000000000000000000e+00 0.000000000000000000e+00 0.000000000000000000e+00 0.000000000000000000e+00 0.000000000000000000e+00 0.000000000000000000e+00 0.000000000000000000e+00 0.000000000000000000e+00 3.619680536866358711e-01 0.000000000000000000e+00 4.089712927530043673e-01 0.000000000000000000e+00 0.000000000000000000e+00 0.000000000000000000e+00 0.000000000000000000e+00 0.000000000000000000e+00 3.712012426285111744e-01 0.000000000000000000e+00 3.825305801532846162e-01 4.454002890624999544e-01 3.996046659401804035e-01 0.000000000000000000e+00 3.898702686156030328e-01 0.000000000000000000e+00 4.118203829664509041e-01 0.000000000000000000e+00 4.253410940298023024e-01 0.000000000000000000e+00 4.057006334966319905e-01 0.000000000000000000e+00 3.423056498672457093e-01 4.503478376758087709e-01 3.746363263262226795e-01 4.457129580859195417e-01 3.325906992594130362e-01 0.000000000000000000e+00 3.944513577735011545e-01 4.312678415602911874e-01 0.000000000000000000e+00 0.000000000000000000e+00 3.785120557994148260e-01 0.000000000000000000e+00 0.000000000000000000e+00 0.000000000000000000e+00 3.999078984324317965e-01 0.000000000000000000e+00 0.000000000000000000e+00 0.000000000000000000e+00 4.172692604828990293e-01 4.255235447761194223e-01 0.000000000000000000e+00 0.000000000000000000e+00 0.000000000000000000e+00 0.000000000000000000e+00 0.000000000000000000e+00 0.000000000000000000e+00 0.000000000000000000e+00 0.000000000000000000e+00 0.000000000000000000e+00 0.000000000000000000e+00 0.000000000000000000e+00 0.000000000000000000e+00 0.000000000000000000e+00 0.000000000000000000e+00 0.000000000000000000e+00 0.000000000000000000e+00 0.000000000000000000e+00 0.000000000000000000e+00 0.000000000000000000e+00 0.000000000000000000e+00 0.000000000000000000e+00 0.000000000000000000e+00 0.000000000000000000e+00 0.000000000000000000e+00 0.000000000000000000e+00 0.000000000000000000e+00
4.335103598325806828e-01 3.086176113613890992e-01 4.435965457105661702e-01 3.991972638056693889e-01 0.000000000000000000e+00 0.000000000000000000e+00 4.426271125876472534e-01 2.818740265880242957e-01 0.000000000000000000e+00 3.267838590236964991e-01 4.463368317318647249e-01 2.319414961234828321e-01 4.197856399401914129e-01 2.845253370279565153e-01 0.000000000000000000e+00 3.642110496973696709e-01 0.000000000000000000e+00 3.043712814580447623e-01 4.530210226072505786e-01 4.164088628713777385e-01 0.000000000000000000e+00 0.000000000000000000e+00 4.398138474865148639e-01 3.666077257284348079e-01 0.000000000000000000e+00 0.000000000000000000e+00 0.000000000000000000e+00 0.000000000000000000e+00 4.367711662139219797e-01 3.565672289300123032e-01 4.246507590617832339e-01 3.610885544749907750e-01 4.484963895980009774e-01 3.754252780526786126e-01 0.000000000000000000e+00 4.357542727272726846e-01 4.086968531645570057e-01 4.276175463830831358e-01 0.000000000000000000e+00 0.000000000000000000e+00 0.000000000000000000e+00 0.000000000000000000e+00 0.000000000000000000e+00 4.272118719999999370e-01 0.000000000000000000e+00 3.874070902001644501e-01 0.000000000000000000e+00 4.102065318189775933e-01 0.000000000000000000e+00 3.699766895134392608e-01 4.139671190476190699e-01 3.839228262453409646e-01 0.000000000000000000e+00 3.812093861386139371e-01 0.000000000000000000e+00 3.819701758282662563e-01 4.855888657718121504e-01 3.700580456416316943e-01 0.000000000000000000e+00 4.102067082935291764e-01 0.000000000000000000e+00 3.981471263184185871e-01 0.000000000000000000e+00 3.944028603095505181e-01 0.000000000000000000e+00 3.986552483341471165e-01 5.017869826086956975e-01 4.206796431226147437e-01 0.000000000000000000e+00 0.000000000000000000e+00 4.636982036845398447e-01 3.131427891060228341e-01 4.399362210903211001e-01 3.718992215644803534e-01 0.000000000000000000e+00 3.213023370552958724e-01 4.262174591043503269e-01 3.946092120240338175e-01 0.000000000000000000e+00 0.000000000000000000e+00 0.000000000000000000e+00 4.011203774594449545e-01 0.000000000000000000e+00 0.000000000000000000e+00 0.000000000000000000e+00 4.203747532887726623e-01 0.000000000000000000e+00 4.188722796610169219e-01 0.000000000000000000e+00 4.207436267788331463e-01 5.029933630136985689e-01 4.137900495867768980e-01 0.000000000000000000e+00 0.000000000000000000e+00 0.000000000000000000e+00 0.000000000000000000e+00 0.000000000000000000e+00 0.000000000000000000e+00 0.000000000000000000e+00 0.000000000000000000e+00 0.000000000000000000e+00 0.000000000000000000e+00 0.000000000000000000e+00 0.000000000000000000e+00 0.000000000000000000e+00 3.869275470085470348e-01 0.000000000000000000e+00 0.000000000000000000e+00 0.000000000000000000e+00 0.000000000000000000e+00 0.000000000000000000e+00 0.000000000000000000e+00 0.000000000000000000e+00 0.000000000000000000e+00 0.000000000000000000e+00 0.000000000000000000e+00
3.309019611255645810e-01 0.000000000000000000e+00 3.428978684483020012e-01 4.290684961331323044e-01 2.813922291650170493e-01 0.000000000000000000e+00 2.882109242780154790e-01 4.237494810858029037e-01 2.813370920268973285e-01 4.189673220030997736e-01 2.083590881510261894e-01 4.197856399401914129e-01 2.326657136208312437e-01 4.301085526644123913e-01 2.846653575823098747e-01 0.000000000000000000e+00 3.648425363163904089e-01 4.435222375000000272e-01 3.868345803189218168e-01 4.424688436693077764e-01 0.000000000000000000e+00 0.000000000000000000e+00 3.624756193659133263e-01 4.210545681020041453e-01 0.000000000000000000e+00 3.824653896131842701e-01 0.000000000000000000e+00 2.991719999999999935e-01 3.403130534789722828e-01 4.256060198542538364e-01 3.466258605615494814e-01 4.127203275424985995e-01 3.585784575623870984e-01 4.288940401771242916e-01 4.162891340206185675e-01 0.000000000000000000e+00 3.788613008458430187e-01 0.000000000000000000e+00 0.000000000000000000e+00 0.000000000000000000e+00 0.000000000000000000e+00 0.000000000000000000e+00 0.000000000000000000e+00 0.000000000000000000e+00 0.000000000000000000e+00 0.000000000000000000e+00 3.776887500000000730e-01 0.000000000000000000e+00 3.352637260039048606e-01 0.000000000000000000e+00 3.947427382773000537e-01 0.000000000000000000e+00 0.000000000000000000e+00 0.000000000000000000e+00 3.778878620399395705e-01 0.000000000000000000e+00 3.589477820069277847e-01 0.000000000000000000e+00 4.019541606350425234e-01 0.000000000000000000e+00 3.954196365855434658e-01 0.000000000000000000e+00 3.799886158351773457e-01 0.000000000000000000e+00 4.006024947610907772e-01 0.000000000000000000e+00 3.892639634642715007e-01 4.895983216783217351e-01 4.808638015873016314e-01 0.000000000000000000e+00 3.164077711050968800e-01 4.293430932759574881e-01 3.719702646184925854e-01 4.415161689072619744e-01 3.269569854992885882e-01 0.000000000000000000e+00 3.750812891090064549e-01 3.975904643345157252e-01 0.000000000000000000e+00 0.000000000000000000e+00 3.521205406642641256e-01 0.000000000000000000e+00 0.000000000000000000e+00 0.000000000000000000e+00 3.890598995736795351e-01 3.591270542168674140e-01 0.000000000000000000e+00 0.000000000000000000e+00 3.896034871492456975e-01 0.000000000000000000e+00 4.463940409836066325e-01 4.159082706792378570e-01 0.000000000000000000e+00 0.000000000000000000e+00 0.000000000000000000e+00 4.258405487804877154e-01 0.000000000000000000e+00 0.000000000000000000e+00 0.000000000000000000e+00 0.000000000000000000e+00 0.000000000000000000e+00 0.000000000000000000e+00 3.698351600000001071e-01 3.630995087719298131e-01 0.000000000000000000e+00 4.459053068955456389e-01 0.000000000000000000e+00 0.000000000000000000e+00 0.000000000000000000e+00 0.000000000000000000e+00 0.000000000000000000e+00 0.000000000000000000e+00 3.889009185185184903e-01 0.000000000000000000e+00 0.000000000000000000e+00 0.000000000000000000e+00
