0.000000000000000000e+00 1.595324593271205127e-02 6.788348543567945814e-02 3.763676148796499081e-03 9.620009620009620363e-04 0.000000000000000000e+00 4.793340987370837969e-02 1.100917431192660655e-03 2.870617182694279197e-03 0.000000000000000000e+00 2.131483525145830005e-01 4.450378282153982963e-04 4.449805656078273386e-02 0.000000000000000000e+00 2.543533555077284215e-03 0.000000000000000000e+00 4.449284380833851832e-02 1.424247819120527062e-03 6.344440139480821139e-02 2.021217197096594059e-02 4.001600640256102706e-04 0.000000000000000000e+00 3.541494510683508568e-04 0.000000000000000000e+00 3.901677721420210776e-04 0.000000000000000000e+00 2.461235540241200935e-04 0.000000000000000000e+00 3.219315895372233671e-02 2.923549188715100083e-04 1.556723097878964790e-03 0.000000000000000000e+00 8.948255738555311103e-03 2.092895171654121644e-02 4.705882352941176600e-04 0.000000000000000000e+00 8.090094231211215903e-02 1.005361930294906185e-03 1.363636363636363570e-02 7.107320540156360916e-04 4.395604395604395601e-03 0.000000000000000000e+00 7.763975155279503393e-05 0.000000000000000000e+00 2.783964365256124600e-04 0.000000000000000000e+00 0.000000000000000000e+00 8.541168431841475906e-05 6.794401413235494477e-04 9.061254077564334652e-05 7.329587099926704319e-03 7.851758793969849362e-05 0.000000000000000000e+00 0.000000000000000000e+00 1.421464108031272237e-04 0.000000000000000000e+00 3.488729094287791876e-01 1.734605377276669498e-03 1.748166259168704162e-02 9.333800023334499867e-04 4.934700674905775908e-02 0.000000000000000000e+00 5.780346820809248269e-03 1.317349492820445145e-04 3.019250253292806579e-02 1.117568171658471200e-04 1.021341463414634186e-02 6.715916722632639651e-04 6.292794261493316055e-02 1.127214170692431537e-02 3.925341543197998634e-02 1.721022287238619666e-04 4.954299958454507630e-02 5.905179686181879746e-04 0.000000000000000000e+00 0.000000000000000000e+00 5.855670103092783241e-02 0.000000000000000000e+00 0.000000000000000000e+00 0.000000000000000000e+00 6.335600484487095667e-03 2.274019329164297769e-04 8.785529715762274358e-03 0.000000000000000000e+00 2.008710914646037737e-02 0.000000000000000000e+00 1.037344398340248964e-03 0.000000000000000000e+00 8.315750279260271383e-03 0.000000000000000000e+00 5.684125050751116792e-03 0.000000000000000000e+00 6.716154118062919905e-03 1.038421599169262691e-03 2.097902097902097987e-02 4.444444444444444441e-03 6.261740763932372887e-04 0.000000000000000000e+00 2.116402116402116545e-03 1.052631578947368397e-03 3.070624360286591456e-03 0.000000000000000000e+00 3.568596352101506639e-03 1.124859392575928117e-03 6.786233640329617477e-03 0.000000000000000000e+00 1.483679525222551983e-03 0.000000000000000000e+00 8.771929824561403022e-03 0.000000000000000000e+00 0.000000000000000000e+00 3.929273084479371035e-03 0.000000000000000000e+00 0.000000000000000000e+00 0.000000000000000000e+00 5.405405405405405705e-03
1.595324593271205127e-02 0.000000000000000000e+00 2.875359419927490858e-03 4.936542669584245008e-02 2.405002405002405091e-04 1.165727608315523687e-03 8.610792192881744789e-04 9.889908256880733384e-02 0.000000000000000000e+00 6.227296315516346777e-03 1.261232855115875830e-03 1.762349799732977340e-01 2.680605816914622829e-04 2.039891205802357374e-02 0.000000000000000000e+00 6.502636203866432422e-03 1.400124455507156286e-03 6.640555456649456512e-02 2.179387834172801311e-02 6.342825237297598784e-02 0.000000000000000000e+00 0.000000000000000000e+00 7.082989021367017135e-04 4.860661049902786825e-04 0.000000000000000000e+00 2.325581395348837340e-04 0.000000000000000000e+00 0.000000000000000000e+00 5.030181086519115111e-04 3.669054231837450691e-02 4.280988519167153172e-03 0.000000000000000000e+00 2.139800285306704686e-02 2.203047549109601530e-02 9.411764705882353201e-04 0.000000000000000000e+00 9.193288899103654139e-04 7.808310991957104208e-02 0.000000000000000000e+00 4.939587775408670750e-02 0.000000000000000000e+00 2.724795640326975379e-03 0.000000000000000000e+00 2.156411730879815875e-04 0.000000000000000000e+00 0.000000000000000000e+00 0.000000000000000000e+00 8.541168431841475906e-05 0.000000000000000000e+00 1.177963030083363505e-03 8.143985666585227352e-05 4.082914572864321939e-03 0.000000000000000000e+00 2.512562814070352013e-04 0.000000000000000000e+00 3.613561483685832649e-03 2.262260644744283882e-03 2.481274146495308641e-01 3.667481662591687243e-04 2.846809007117022394e-02 0.000000000000000000e+00 3.136968812693780723e-02 1.651527663088356757e-04 2.173626663153734734e-02 2.026342451874366634e-04 1.911041573535985846e-02 8.384146341463414491e-04 1.320796955451085733e-02 1.581349853276817902e-02 1.193926846100759193e-01 5.772561092938233987e-04 4.500473281128990893e-02 7.270461154964685813e-04 5.652100556774084655e-02 0.000000000000000000e+00 3.225806451612903223e-03 5.498281786941580304e-04 5.489004112283211306e-02 0.000000000000000000e+00 0.000000000000000000e+00 0.000000000000000000e+00 6.594656054576463963e-03 5.167958656330748921e-04 5.128205128205128201e-04 1.300136514334004987e-04 1.881916373997747152e-02 0.000000000000000000e+00 7.350238882763690312e-04 1.241156758098547737e-04 1.485496336444845980e-02 1.624035728786033276e-03 7.417397167902899102e-03 1.413927182750088435e-03 6.230529595015576148e-03 5.594405594405594401e-03 2.888888888888888756e-02 1.252348152786474577e-03 2.369668246445497811e-03 2.116402116402116545e-03 3.157894736842105192e-03 0.000000000000000000e+00 1.228501228501228471e-03 3.965107057890563053e-04 3.374578177727783918e-03 9.694619486185167669e-04 3.548616039744499780e-04 7.418397626112759914e-04 5.859375000000000000e-03 0.000000000000000000e+00 7.518796992481202590e-03 8.496176720475786051e-04 1.964636542239685518e-03 0.000000000000000000e+00 0.000000000000000000e+00 1.265822784810126606e-03 0.000000000000000000e+00
6.788348543567945814e-02 2.875359419927490858e-03 0.000000000000000000e+00 7.177242888402626114e-03 1.455026455026454946e-01 3.885758694385078524e-03 4.183888251052430007e-01 1.165137614678899043e-02 1.252819356161574693e-01 6.746237675142708647e-03 6.384991329024121420e-02 6.378875537754042681e-03 8.752177992226242709e-02 7.252946509519492269e-03 1.839170416748190165e-02 4.217926186291740161e-03 2.069072806471686232e-02 2.136371728680790377e-03 1.061604029445951114e-01 1.049692908989391382e-02 4.001600640256102706e-04 0.000000000000000000e+00 1.855743123598158351e-01 4.374594944912508360e-03 2.028872415138509647e-02 7.441860465116279487e-03 1.427516613339896608e-02 4.673989249824725607e-04 2.595573440643863042e-02 2.777371729279345079e-03 2.354543685541934245e-02 1.751642164529246259e-02 8.559201141226819090e-03 1.312649164677804313e-02 4.705882352941176600e-04 0.000000000000000000e+00 2.528154447253504883e-02 3.351206434316353951e-04 0.000000000000000000e+00 0.000000000000000000e+00 6.593406593406593401e-03 0.000000000000000000e+00 0.000000000000000000e+00 0.000000000000000000e+00 4.175946547884187171e-04 0.000000000000000000e+00 0.000000000000000000e+00 8.541168431841475906e-05 2.038320423970648235e-03 9.061254077564334652e-05 1.286749735320465854e-02 0.000000000000000000e+00 1.733603004911875170e-03 0.000000000000000000e+00 8.528784648187632883e-04 0.000000000000000000e+00 8.564272440817645785e-03 3.153827958684853831e-04 1.821515892420537755e-02 3.500175008750437450e-04 9.466210886142519682e-03 0.000000000000000000e+00 1.156069364161849784e-03 3.952048478461335978e-04 3.039513677811550227e-02 2.235136343316942401e-04 1.692073170731707432e-02 1.119319453772106608e-03 9.129442451907401890e-03 9.201748332183114611e-04 6.109293823359630837e-02 1.462868944152826865e-03 7.737847943498130099e-02 1.940273325459760442e-03 2.507836990595611187e-02 0.000000000000000000e+00 1.547766323024054869e-01 1.966744144466297303e-03 0.000000000000000000e+00 0.000000000000000000e+00 2.515606074722817435e-03 1.137009664582148884e-04 3.617571059431524353e-03 0.000000000000000000e+00 7.345771305987128935e-03 0.000000000000000000e+00 6.915629322268326785e-04 0.000000000000000000e+00 4.964627032394191598e-03 0.000000000000000000e+00 8.526187576126675188e-03 0.000000000000000000e+00 5.302226935312831686e-03 0.000000000000000000e+00 9.790209790209791069e-03 6.666666666666667095e-03 0.000000000000000000e+00 0.000000000000000000e+00 1.058201058201058272e-03 0.000000000000000000e+00 3.070624360286591456e-03 1.228501228501228471e-03 3.172085646312450442e-03 2.812148481439820293e-04 3.877847794474067068e-03 0.000000000000000000e+00 0.000000000000000000e+00 0.000000000000000000e+00 0.000000000000000000e+00 0.000000000000000000e+00 0.000000000000000000e+00 0.000000000000000000e+00 0.000000000000000000e+00 1.412429378531073441e-03 3.797468354430379601e-03 0.000000000000000000e+00
3.763676148796499081e-03 4.936542669584245008e-02 7.177242888402626114e-03 0.000000000000000000e+00 2.886002886002886000e-03 5.090343889644453196e-02 3.731343283582089481e-03 2.479816513761467778e-01 2.050440844781628059e-03 4.540736896730669658e-02 2.837773924010720400e-03 4.628393413440142629e-02 3.752848143680471635e-03 5.273496524629797677e-02 1.369594991195460798e-03 1.845342706502636071e-02 9.334163036714374518e-04 2.189781021897810320e-02 9.104998062766369790e-03 1.495254048017867210e-01 4.001600640256102706e-04 6.234413965087281639e-04 1.003423444693660703e-02 2.376863253402462794e-01 1.560671088568084310e-03 4.534883720930232842e-02 1.476741324144720561e-03 7.478382799719560971e-03 6.036217303822937483e-04 2.762753983335769492e-02 1.089706168515275353e-02 3.378167031592117786e-02 8.429516275450655086e-03 2.928217367358178919e-02 0.000000000000000000e+00 5.283018867924528690e-03 4.596644449551827070e-04 2.731233243967828503e-02 0.000000000000000000e+00 9.950248756218905283e-03 0.000000000000000000e+00 2.724795640326975379e-03 0.000000000000000000e+00 7.188039102932720036e-05 0.000000000000000000e+00 5.879586077140168832e-04 0.000000000000000000e+00 2.562350529552443043e-04 0.000000000000000000e+00 2.174700978615440317e-03 1.628797133317045470e-04 4.946608040201004759e-03 0.000000000000000000e+00 5.025125628140704025e-04 0.000000000000000000e+00 9.565309809756616282e-04 0.000000000000000000e+00 7.017267208073799285e-03 0.000000000000000000e+00 2.111772255279430535e-02 0.000000000000000000e+00 6.930512493160678744e-03 0.000000000000000000e+00 2.634698985640890508e-03 2.026342451874366634e-04 7.040679481448368360e-03 3.810975609756097693e-04 1.298410566375643622e-02 1.304206064558200177e-03 6.441223832528180336e-03 1.827977679430440672e-03 4.130453489372687415e-02 6.231823847112588459e-04 5.533996963050447082e-02 0.000000000000000000e+00 6.451612903225806446e-03 5.498281786941580304e-04 6.758448060075093744e-02 0.000000000000000000e+00 0.000000000000000000e+00 0.000000000000000000e+00 1.591813530415008438e-03 1.033591731266149784e-03 0.000000000000000000e+00 1.950204771501007480e-04 1.457822543237691270e-03 0.000000000000000000e+00 0.000000000000000000e+00 1.241156758098547737e-04 9.033423667570008664e-04 0.000000000000000000e+00 2.022926500337154498e-03 2.120890774125132761e-03 4.672897196261681894e-03 1.398601398601398600e-03 1.111111111111111154e-02 0.000000000000000000e+00 0.000000000000000000e+00 0.000000000000000000e+00 1.052631578947368397e-03 0.000000000000000000e+00 2.457002457002456942e-03 3.965107057890563053e-04 1.687289088863891959e-03 9.694619486185167669e-04 1.419446415897799912e-03 0.000000000000000000e+00 5.859375000000000000e-03 1.754385964912280604e-02 1.503759398496240518e-02 0.000000000000000000e+00 1.964636542239685518e-03 0.000000000000000000e+00 5.649717514124293766e-03 0.000000000000000000e+00 0.000000000000000000e+00
9.620009620009620363e-04 2.405002405002405091e-04 1.455026455026454946e-01 2.886002886002886000e-03 0.000000000000000000e+00 6.022925976296871625e-03 8.036739380022962093e-03 2.752293577981651637e-04 2.275989337707607085e-01 6.486766995329527712e-03 7.882705344474223936e-04 4.450378282153982963e-04 7.773756869052406149e-03 1.662133575098216978e-03 1.081980043044414030e-01 4.393673110720562776e-03 4.667081518357187259e-04 0.000000000000000000e+00 3.583882216195273095e-03 3.350083752093802503e-04 2.521008403361344602e-02 2.493765586034912655e-03 2.148506669814661749e-02 3.402462734931950561e-03 6.086617245415528593e-02 1.511627906976744165e-02 8.343588481417671399e-02 7.244683337228324284e-03 5.331991951710261281e-03 1.461774594357550042e-04 1.362132710644094191e-02 5.004691898654989313e-03 2.593697315523278354e-03 9.179364787956673403e-05 9.411764705882353201e-04 0.000000000000000000e+00 2.298322224775913535e-04 0.000000000000000000e+00 0.000000000000000000e+00 0.000000000000000000e+00 8.791208791208791201e-03 0.000000000000000000e+00 7.763975155279503393e-05 0.000000000000000000e+00 0.000000000000000000e+00 0.000000000000000000e+00 5.464480874316939886e-04 0.000000000000000000e+00 0.000000000000000000e+00 0.000000000000000000e+00 1.628797133317045470e-04 0.000000000000000000e+00 0.000000000000000000e+00 0.000000000000000000e+00 2.842928216062544475e-04 0.000000000000000000e+00 4.039751151329078129e-04 0.000000000000000000e+00 1.222493887530562233e-04 0.000000000000000000e+00 4.382505039880795687e-04 0.000000000000000000e+00 1.651527663088356757e-04 0.000000000000000000e+00 2.026342451874366634e-04 0.000000000000000000e+00 6.859756097560975197e-04 0.000000000000000000e+00 3.260515161395500443e-04 0.000000000000000000e+00 2.020396382528381884e-02 6.023578005335169508e-04 2.388865808059825388e-02 8.435970980259827241e-05 9.404388714733542820e-03 0.000000000000000000e+00 3.573883161512027631e-03 1.787949222242088334e-04 0.000000000000000000e+00 0.000000000000000000e+00 4.658529768005217593e-04 0.000000000000000000e+00 1.033591731266149784e-03 0.000000000000000000e+00 7.150750828837027428e-04 0.000000000000000000e+00 0.000000000000000000e+00 0.000000000000000000e+00 7.446940548591286964e-04 0.000000000000000000e+00 0.000000000000000000e+00 0.000000000000000000e+00 7.069635913750442176e-04 0.000000000000000000e+00 0.000000000000000000e+00 0.000000000000000000e+00 0.000000000000000000e+00 0.000000000000000000e+00 0.000000000000000000e+00 0.000000000000000000e+00 0.000000000000000000e+00 1.228501228501228471e-03 7.930214115781126106e-04 0.000000000000000000e+00 0.000000000000000000e+00 0.000000000000000000e+00 0.000000000000000000e+00 0.000000000000000000e+00 0.000000000000000000e+00 0.000000000000000000e+00 0.000000000000000000e+00 0.000000000000000000e+00 0.000000000000000000e+00 0.000000000000000000e+00 0.000000000000000000e+00 0.000000000000000000e+00
0.000000000000000000e+00 1.165727608315523687e-03 3.885758694385078524e-03 5.090343889644453196e-02 6.022925976296871625e-03 0.000000000000000000e+00 6.697282816685801382e-04 8.256880733944954587e-03 7.176542956735697774e-03 3.155163466528282390e-01 0.000000000000000000e+00 1.038421599169262691e-03 6.701514542286556800e-04 4.986400725294650935e-03 1.369594991195460798e-03 1.787346221441124816e-01 0.000000000000000000e+00 3.560619547801317656e-04 0.000000000000000000e+00 2.233389168062534930e-03 1.200480192076830779e-02 2.680798004987531083e-02 3.895643961751859424e-03 2.414128321451717435e-02 1.560671088568084224e-02 5.186046511627907113e-02 3.445729756337681526e-03 1.967749474176209434e-01 0.000000000000000000e+00 9.501534863324076138e-03 8.367386651099435746e-03 1.438848920863309427e-02 0.000000000000000000e+00 1.468698366073067745e-03 0.000000000000000000e+00 0.000000000000000000e+00 0.000000000000000000e+00 1.675603217158176976e-04 0.000000000000000000e+00 0.000000000000000000e+00 0.000000000000000000e+00 2.724795640326975379e-03 0.000000000000000000e+00 0.000000000000000000e+00 0.000000000000000000e+00 1.175917215428033902e-04 0.000000000000000000e+00 5.124701059104886085e-04 0.000000000000000000e+00 9.061254077564334652e-05 0.000000000000000000e+00 1.570351758793969872e-04 0.000000000000000000e+00 0.000000000000000000e+00 0.000000000000000000e+00 3.188436603252205247e-04 0.000000000000000000e+00 3.942284948356067288e-04 0.000000000000000000e+00 1.166725002916812483e-04 8.765010079761591645e-05 0.000000000000000000e+00 0.000000000000000000e+00 0.000000000000000000e+00 0.000000000000000000e+00 0.000000000000000000e+00 0.000000000000000000e+00 5.596597268860533042e-04 0.000000000000000000e+00 0.000000000000000000e+00 8.658841639407350438e-04 2.779450993890371022e-02 1.038637307852098031e-04 3.332208537202632076e-02 0.000000000000000000e+00 1.290322580645161289e-02 0.000000000000000000e+00 4.648667977829429830e-03 0.000000000000000000e+00 0.000000000000000000e+00 9.317059536010434645e-05 1.137009664582148884e-04 0.000000000000000000e+00 1.025641025641025640e-03 0.000000000000000000e+00 1.987939831687760798e-04 0.000000000000000000e+00 0.000000000000000000e+00 0.000000000000000000e+00 0.000000000000000000e+00 0.000000000000000000e+00 6.743088334457181298e-04 7.069635913750442176e-04 5.192107995846313457e-04 1.398601398601398600e-03 0.000000000000000000e+00 0.000000000000000000e+00 0.000000000000000000e+00 0.000000000000000000e+00 0.000000000000000000e+00 0.000000000000000000e+00 0.000000000000000000e+00 0.000000000000000000e+00 2.812148481439820293e-04 0.000000000000000000e+00 0.000000000000000000e+00 0.000000000000000000e+00 0.000000000000000000e+00 0.000000000000000000e+00 0.000000000000000000e+00 0.000000000000000000e+00 0.000000000000000000e+00 0.000000000000000000e+00 1.412429378531073441e-03 0.000000000000000000e+00 0.000000000000000000e+00
4.793340987370837969e-02 8.610792192881744789e-04 4.183888251052430007e-01 3.731343283582089481e-03 8.036739380022962093e-03 6.697282816685801382e-04 0.000000000000000000e+00 7.981651376146788393e-03 1.168751281525527985e-01 5.967825635703165842e-03 9.443481002680119418e-02 2.225189141076991482e-03 2.338828575258008191e-01 6.195225143547899646e-03 7.630600665231852646e-03 3.690685413005272315e-03 3.266957062850031190e-03 1.780309773900658828e-04 1.540100736148779584e-02 3.015075376884421982e-03 0.000000000000000000e+00 0.000000000000000000e+00 1.121473261716444264e-02 5.346727154893065291e-03 1.950838860710105279e-03 2.790697674418604699e-03 7.383706620723602806e-04 4.673989249824725607e-04 8.551307847082495472e-03 1.900306972664815054e-03 5.448530842576376765e-03 1.298091961213637853e-02 1.815588120866294978e-03 2.386634844868735193e-03 1.882352941176470640e-03 7.547169811320754342e-04 8.044127786715697670e-03 0.000000000000000000e+00 1.363636363636363744e-03 0.000000000000000000e+00 2.197802197802197800e-03 0.000000000000000000e+00 2.329192546583850883e-04 0.000000000000000000e+00 0.000000000000000000e+00 0.000000000000000000e+00 0.000000000000000000e+00 0.000000000000000000e+00 1.358880282647098895e-03 0.000000000000000000e+00 7.166707386594999528e-03 0.000000000000000000e+00 8.668015024559375852e-04 0.000000000000000000e+00 7.107320540156360916e-04 0.000000000000000000e+00 3.635776036196170478e-03 7.884569896712134577e-05 6.356968215158923831e-03 1.166725002916812483e-04 4.908405644666491430e-03 0.000000000000000000e+00 8.257638315441783242e-04 0.000000000000000000e+00 1.458966565349543998e-02 0.000000000000000000e+00 5.335365853658536987e-03 1.231251399149317161e-03 4.890772742093250393e-04 2.300437083045778653e-04 4.040792765056763769e-02 1.634971172876688696e-03 2.295388450353136670e-02 1.349755356841572359e-03 0.000000000000000000e+00 0.000000000000000000e+00 4.302405498281786783e-02 1.430359377793670667e-03 0.000000000000000000e+00 0.000000000000000000e+00 3.540482623683965328e-03 0.000000000000000000e+00 5.167958656330748921e-04 0.000000000000000000e+00 7.800819086004030789e-03 6.626466105625869777e-05 3.457814661134163393e-04 0.000000000000000000e+00 6.702246493732158701e-03 0.000000000000000000e+00 4.060089321965083191e-04 0.000000000000000000e+00 7.069635913750442176e-04 5.192107995846313457e-04 2.797202797202797200e-03 0.000000000000000000e+00 0.000000000000000000e+00 0.000000000000000000e+00 0.000000000000000000e+00 0.000000000000000000e+00 2.047082906857727782e-03 0.000000000000000000e+00 3.965107057890563053e-04 0.000000000000000000e+00 4.847309743092583834e-04 0.000000000000000000e+00 0.000000000000000000e+00 0.000000000000000000e+00 0.000000000000000000e+00 0.000000000000000000e+00 0.000000000000000000e+00 0.000000000000000000e+00 0.000000000000000000e+00 0.000000000000000000e+00 0.000000000000000000e+00 0.000000000000000000e+00
1.100917431192660655e-03 9.889908256880733384e-02 1.165137614678899043e-02 2.479816513761467778e-01 2.752293577981651637e-04 8.256880733944954587e-03 7.981651376146788393e-03 0.000000000000000000e+00 2.460529013737953845e-03 7.758173326414115334e-02 3.941352672237111859e-03 1.539830885625278201e-01 6.567484251440825795e-03 2.736476276820791753e-01 1.369594991195460798e-03 2.548330404217926184e-02 7.778469197261978765e-04 1.993946946768737627e-02 6.974041069352963744e-03 2.121719709659408010e-02 0.000000000000000000e+00 0.000000000000000000e+00 1.688112383425805635e-02 1.830848995463383103e-02 3.901677721420210776e-04 1.162790697674418589e-03 1.722864878168840763e-03 7.010983874737087597e-04 5.030181086519115111e-04 2.075719923987721233e-02 1.459427904261529491e-02 1.579605880512980828e-02 5.446764362598884718e-03 6.517348999449237845e-03 9.411764705882353201e-04 7.547169811320754342e-04 2.298322224775913535e-04 1.055630026809651484e-02 0.000000000000000000e+00 1.776830135039090229e-03 0.000000000000000000e+00 0.000000000000000000e+00 7.763975155279503393e-05 7.188039102932720036e-05 0.000000000000000000e+00 8.231420507996237449e-04 0.000000000000000000e+00 0.000000000000000000e+00 1.358880282647098787e-04 1.993475897064153624e-03 1.628797133317045470e-04 8.401381909547738641e-03 0.000000000000000000e+00 5.025125628140704025e-04 0.000000000000000000e+00 2.019343182059729971e-03 0.000000000000000000e+00 8.278798391547740818e-03 0.000000000000000000e+00 1.073387002683467463e-02 0.000000000000000000e+00 1.896771840233449011e-02 0.000000000000000000e+00 6.981952311948359975e-03 0.000000000000000000e+00 1.978095663835494067e-02 5.335365853658536987e-04 4.925005596597268644e-03 1.630257580697750221e-04 1.610305958132045084e-03 3.944583413507792881e-03 5.197487307460631895e-02 4.154549231408392125e-04 2.969461785051459579e-02 0.000000000000000000e+00 0.000000000000000000e+00 6.872852233676976464e-04 4.362596102270695220e-02 0.000000000000000000e+00 0.000000000000000000e+00 9.317059536010434645e-05 2.387720295622512874e-03 0.000000000000000000e+00 5.128205128205128201e-04 6.500682571670024935e-05 9.807169836326286999e-03 0.000000000000000000e+00 3.675119441381845156e-04 1.241156758098547737e-04 5.821539696878450486e-03 8.120178643930166381e-04 1.348617666891436260e-03 7.069635913750442176e-04 1.038421599169262691e-03 1.398601398601398600e-03 8.888888888888888881e-03 1.252348152786474577e-03 0.000000000000000000e+00 0.000000000000000000e+00 0.000000000000000000e+00 1.023541453428863891e-03 0.000000000000000000e+00 0.000000000000000000e+00 2.812148481439820293e-04 0.000000000000000000e+00 0.000000000000000000e+00 0.000000000000000000e+00 9.765625000000000000e-04 0.000000000000000000e+00 0.000000000000000000e+00 0.000000000000000000e+00 0.000000000000000000e+00 0.000000000000000000e+00 0.000000000000000000e+00 1.265822784810126606e-03 0.000000000000000000e+00
2.870617182694279197e-03 0.000000000000000000e+00 1.252819356161574693e-01 2.050440844781628059e-03 2.275989337707607085e-01 7.176542956735697774e-03 1.168751281525527985e-01 2.460529013737953845e-03 0.000000000000000000e+00 9.081473793461339664e-03 2.995428030900204770e-03 1.483459427384660988e-04 7.934593218067283182e-02 7.555152614082804446e-04 1.841126981021326547e-01 4.569420035149384524e-03 3.111387678904791506e-04 0.000000000000000000e+00 1.743510267338240936e-03 1.116694584031267411e-04 6.002400960384153897e-03 6.234413965087281639e-04 3.305394876637941185e-03 2.592352559948152974e-03 0.000000000000000000e+00 1.023255813953488289e-02 6.891459512675363053e-03 2.103295162421126279e-03 9.356136820925552502e-03 0.000000000000000000e+00 3.697217357462541376e-03 2.658742571160463072e-03 3.890545973284917423e-04 9.179364787956673403e-05 0.000000000000000000e+00 0.000000000000000000e+00 4.596644449551827070e-04 0.000000000000000000e+00 0.000000000000000000e+00 0.000000000000000000e+00 2.197802197802197800e-03 0.000000000000000000e+00 1.552795031055900679e-04 0.000000000000000000e+00 0.000000000000000000e+00 0.000000000000000000e+00 2.732240437158469943e-04 0.000000000000000000e+00 0.000000000000000000e+00 0.000000000000000000e+00 0.000000000000000000e+00 0.000000000000000000e+00 0.000000000000000000e+00 0.000000000000000000e+00 0.000000000000000000e+00 0.000000000000000000e+00 6.463601842126525223e-04 0.000000000000000000e+00 0.000000000000000000e+00 0.000000000000000000e+00 1.402401612761854663e-03 0.000000000000000000e+00 6.606110652353427027e-04 0.000000000000000000e+00 1.418439716312056833e-03 0.000000000000000000e+00 7.621951219512195115e-05 0.000000000000000000e+00 6.521030322791000885e-04 0.000000000000000000e+00 1.664421781797190830e-02 1.721022287238619666e-04 3.001661819692563390e-02 1.687194196051965448e-04 6.269592476489027968e-03 0.000000000000000000e+00 6.323024054982817783e-03 3.575898444484176667e-04 0.000000000000000000e+00 0.000000000000000000e+00 1.397558930401565170e-03 0.000000000000000000e+00 0.000000000000000000e+00 0.000000000000000000e+00 9.751023857505038486e-04 0.000000000000000000e+00 0.000000000000000000e+00 0.000000000000000000e+00 4.964627032394190948e-04 0.000000000000000000e+00 8.120178643930166381e-04 0.000000000000000000e+00 0.000000000000000000e+00 0.000000000000000000e+00 1.398601398601398600e-03 0.000000000000000000e+00 0.000000000000000000e+00 0.000000000000000000e+00 0.000000000000000000e+00 0.000000000000000000e+00 1.023541453428863891e-03 0.000000000000000000e+00 0.000000000000000000e+00 0.000000000000000000e+00 0.000000000000000000e+00 0.000000000000000000e+00 0.000000000000000000e+00 0.000000000000000000e+00 0.000000000000000000e+00 0.000000000000000000e+00 0.000000000000000000e+00 0.000000000000000000e+00 0.000000000000000000e+00 0.000000000000000000e+00 0.000000000000000000e+00 0.000000000000000000e+00
0.000000000000000000e+00 6.227296315516346777e-03 6.746237675142708647e-03 4.540736896730669658e-02 6.486766995329527712e-03 3.155163466528282390e-01 5.967825635703165842e-03 7.758173326414115334e-02 9.081473793461339664e-03 0.000000000000000000e+00 0.000000000000000000e+00 9.790832220738763386e-03 1.072242326765849131e-03 6.421879721970383259e-02 2.739189982390921596e-03 1.268892794376098310e-01 0.000000000000000000e+00 3.560619547801317656e-04 3.874467260751646765e-04 2.456728084868788249e-03 5.202080832332933030e-03 2.493765586034912655e-03 6.610789753275882370e-03 5.832793259883344190e-03 1.209520093640265373e-02 1.860465116279069872e-03 1.230617770120600576e-03 1.261977097452675854e-02 2.012072434607645828e-04 7.308872971787750208e-03 9.534928974508659338e-03 5.317485142320926145e-03 1.296848657761639231e-04 5.507618872774004042e-04 0.000000000000000000e+00 0.000000000000000000e+00 0.000000000000000000e+00 3.351206434316353951e-04 0.000000000000000000e+00 0.000000000000000000e+00 0.000000000000000000e+00 0.000000000000000000e+00 7.763975155279503393e-05 7.188039102932720036e-05 0.000000000000000000e+00 0.000000000000000000e+00 0.000000000000000000e+00 8.541168431841475906e-05 0.000000000000000000e+00 0.000000000000000000e+00 0.000000000000000000e+00 7.851758793969849362e-05 0.000000000000000000e+00 1.256281407035176006e-04 0.000000000000000000e+00 1.062812201084068506e-04 8.079502302658156528e-05 2.365370969013640373e-04 0.000000000000000000e+00 2.333450005833624967e-04 0.000000000000000000e+00 0.000000000000000000e+00 0.000000000000000000e+00 3.952048478461335978e-04 0.000000000000000000e+00 1.117568171658471200e-04 0.000000000000000000e+00 3.357958361316319825e-04 0.000000000000000000e+00 6.901311249137336229e-04 8.658841639407350438e-04 1.170295155322261492e-02 4.154549231408392125e-04 1.467858950565210062e-02 0.000000000000000000e+00 1.612903225806451568e-02 0.000000000000000000e+00 6.436617200071517893e-03 0.000000000000000000e+00 0.000000000000000000e+00 0.000000000000000000e+00 1.250710631040363773e-03 0.000000000000000000e+00 0.000000000000000000e+00 0.000000000000000000e+00 8.614405937313631117e-04 0.000000000000000000e+00 0.000000000000000000e+00 0.000000000000000000e+00 4.014854963364448536e-04 0.000000000000000000e+00 0.000000000000000000e+00 3.534817956875221088e-04 0.000000000000000000e+00 0.000000000000000000e+00 0.000000000000000000e+00 0.000000000000000000e+00 0.000000000000000000e+00 0.000000000000000000e+00 0.000000000000000000e+00 0.000000000000000000e+00 0.000000000000000000e+00 0.000000000000000000e+00 2.812148481439820293e-04 0.000000000000000000e+00 3.548616039744499780e-04 0.000000000000000000e+00 0.000000000000000000e+00 0.000000000000000000e+00 0.000000000000000000e+00 0.000000000000000000e+00 0.000000000000000000e+00 0.000000000000000000e+00 0.000000000000000000e+00 0.000000000000000000e+00 0.000000000000000000e+00
2.131483525145830005e-01 1.261232855115875830e-03 6.384991329024121420e-02 2.837773924010720400e-03 7.882705344474223936e-04 0.000000000000000000e+00 9.443481002680119418e-02 3.941352672237111859e-03 2.995428030900204770e-03 0.000000000000000000e+00 0.000000000000000000e+00 1.186767541907728790e-03 1.108430505294196455e-01 3.022061045633121779e-04 3.717472118959107633e-03 0.000000000000000000e+00 3.640323584318606170e-02 1.068185864340395188e-03 2.537776055792328664e-02 7.593523171412618934e-03 0.000000000000000000e+00 0.000000000000000000e+00 5.076142131979695035e-03 0.000000000000000000e+00 0.000000000000000000e+00 0.000000000000000000e+00 0.000000000000000000e+00 0.000000000000000000e+00 7.434607645875251913e-02 0.000000000000000000e+00 7.783615489394823950e-04 1.720362840162652576e-03 3.242121644404097943e-03 4.681476041857903815e-03 4.705882352941176600e-04 0.000000000000000000e+00 2.987818892208687731e-03 0.000000000000000000e+00 4.545454545454545451e-04 0.000000000000000000e+00 0.000000000000000000e+00 0.000000000000000000e+00 0.000000000000000000e+00 0.000000000000000000e+00 5.567928730512249199e-04 0.000000000000000000e+00 0.000000000000000000e+00 0.000000000000000000e+00 1.358880282647098787e-04 0.000000000000000000e+00 2.850394983304829506e-03 0.000000000000000000e+00 0.000000000000000000e+00 0.000000000000000000e+00 2.842928216062544475e-04 0.000000000000000000e+00 7.513937141472084962e-03 0.000000000000000000e+00 1.955990220048899574e-03 1.166725002916812483e-04 2.103602419142781843e-02 0.000000000000000000e+00 4.128819157720891621e-03 1.317349492820445145e-04 9.321175278622086460e-03 0.000000000000000000e+00 2.286585365853658399e-03 2.238638907544213217e-04 2.608412129116400354e-03 0.000000000000000000e+00 5.022128150856262907e-02 4.302555718096549571e-04 1.963024511840465169e-02 3.374388392103930896e-04 3.134796238244513984e-03 0.000000000000000000e+00 1.195876288659793868e-02 3.575898444484176667e-04 0.000000000000000000e+00 0.000000000000000000e+00 6.149259293766887353e-03 1.137009664582148884e-04 6.201550387596899139e-03 0.000000000000000000e+00 1.079113306897224248e-02 6.626466105625869777e-05 3.457814661134163393e-04 0.000000000000000000e+00 2.730544867816805076e-03 0.000000000000000000e+00 0.000000000000000000e+00 0.000000000000000000e+00 7.069635913750442176e-04 0.000000000000000000e+00 1.398601398601398600e-03 0.000000000000000000e+00 0.000000000000000000e+00 0.000000000000000000e+00 0.000000000000000000e+00 0.000000000000000000e+00 1.023541453428863891e-03 0.000000000000000000e+00 3.965107057890563053e-04 0.000000000000000000e+00 0.000000000000000000e+00 7.097232079488999560e-04 0.000000000000000000e+00 0.000000000000000000e+00 0.000000000000000000e+00 0.000000000000000000e+00 0.000000000000000000e+00 0.000000000000000000e+00 0.000000000000000000e+00 0.000000000000000000e+00 0.000000000000000000e+00 0.000000000000000000e+00
4.450378282153982963e-04 1.762349799732977340e-01 6.378875537754042681e-03 4.628393413440142629e-02 4.450378282153982963e-04 1.038421599169262691e-03 2.225189141076991482e-03 1.539830885625278201e-01 1.483459427384660988e-04 9.790832220738763386e-03 1.186767541907728790e-03 0.000000000000000000e+00 1.742393780994504811e-03 1.562405560592323994e-01 0.000000000000000000e+00 1.159929701230228392e-02 0.000000000000000000e+00 8.029197080291970712e-02 3.390158853157690649e-03 2.400893355667224963e-02 0.000000000000000000e+00 0.000000000000000000e+00 6.256640302207531514e-03 8.587167854828256508e-03 3.901677721420210776e-04 4.651162790697674679e-04 0.000000000000000000e+00 7.010983874737087597e-04 1.006036217303822914e-04 5.525507966671538984e-02 3.502626970227670777e-03 7.819831091648420801e-03 6.484243288808195886e-04 6.884523590967504998e-03 4.705882352941176600e-04 2.264150943396226520e-03 0.000000000000000000e+00 3.351206434316353951e-03 0.000000000000000000e+00 1.066098081023454137e-03 0.000000000000000000e+00 0.000000000000000000e+00 0.000000000000000000e+00 0.000000000000000000e+00 0.000000000000000000e+00 1.175917215428033902e-04 0.000000000000000000e+00 8.541168431841475906e-05 0.000000000000000000e+00 0.000000000000000000e+00 1.628797133317045470e-04 1.177763819095477282e-03 0.000000000000000000e+00 0.000000000000000000e+00 0.000000000000000000e+00 1.594218301626102677e-03 0.000000000000000000e+00 8.278798391547740818e-03 0.000000000000000000e+00 1.983432504958581276e-03 1.753002015952318329e-04 1.404340689403611210e-02 0.000000000000000000e+00 2.700566460281912662e-02 0.000000000000000000e+00 4.135002235136343157e-03 2.286585365853658670e-04 2.462502798298634322e-03 0.000000000000000000e+00 4.600874166091557305e-04 2.886280546469116668e-03 3.906720592031667078e-02 1.038637307852098031e-04 1.172599966256116129e-02 0.000000000000000000e+00 3.225806451612903223e-03 1.374570446735395076e-04 9.297335955658859660e-03 0.000000000000000000e+00 0.000000000000000000e+00 0.000000000000000000e+00 1.455372370665150572e-02 0.000000000000000000e+00 0.000000000000000000e+00 6.500682571670024935e-05 1.013849314160757999e-02 0.000000000000000000e+00 7.350238882763690312e-04 0.000000000000000000e+00 1.073973702699989978e-02 0.000000000000000000e+00 0.000000000000000000e+00 0.000000000000000000e+00 5.192107995846313457e-04 0.000000000000000000e+00 4.444444444444444441e-03 0.000000000000000000e+00 0.000000000000000000e+00 0.000000000000000000e+00 0.000000000000000000e+00 0.000000000000000000e+00 0.000000000000000000e+00 0.000000000000000000e+00 0.000000000000000000e+00 0.000000000000000000e+00 0.000000000000000000e+00 7.418397626112759914e-04 0.000000000000000000e+00 0.000000000000000000e+00 0.000000000000000000e+00 0.000000000000000000e+00 0.000000000000000000e+00 0.000000000000000000e+00 0.000000000000000000e+00 0.000000000000000000e+00 0.000000000000000000e+00
4.449805656078273386e-02 2.680605816914622829e-04 8.752177992226242709e-02 3.752848143680471635e-03 7.773756869052406149e-03 6.701514542286556800e-04 2.338828575258008191e-01 6.567484251440825795e-03 7.934593218067283182e-02 1.072242326765849131e-03 1.108430505294196455e-01 1.742393780994504811e-03 0.000000000000000000e+00 3.475370202478090045e-03 1.058501271766777579e-01 7.029876977152900268e-04 2.333540759178593521e-03 1.780309773900658828e-04 8.717551336691204897e-03 1.675041876046901197e-03 8.003201280512205413e-04 0.000000000000000000e+00 1.239523078739227999e-02 3.402462734931950561e-03 1.950838860710105279e-03 9.302325581395349359e-04 9.844942160964803742e-04 0.000000000000000000e+00 7.595573440643862972e-02 1.169419675486040033e-03 1.945903872348705987e-03 5.317485142320926145e-03 1.037478926209311385e-03 2.203047549109601617e-03 4.705882352941176600e-04 0.000000000000000000e+00 9.193288899103654139e-04 0.000000000000000000e+00 0.000000000000000000e+00 0.000000000000000000e+00 0.000000000000000000e+00 0.000000000000000000e+00 0.000000000000000000e+00 0.000000000000000000e+00 1.391982182628062300e-04 0.000000000000000000e+00 0.000000000000000000e+00 0.000000000000000000e+00 1.358880282647098787e-04 0.000000000000000000e+00 1.954556559980454456e-03 0.000000000000000000e+00 5.778676683039584263e-04 0.000000000000000000e+00 2.842928216062544475e-04 0.000000000000000000e+00 2.908620828956936296e-03 0.000000000000000000e+00 4.889975550122248934e-04 0.000000000000000000e+00 1.148216320448768556e-02 1.823819077147546938e-04 4.128819157720891621e-03 1.317349492820445145e-04 5.673758865248227333e-03 0.000000000000000000e+00 1.753048780487804917e-03 1.119319453772106608e-04 1.630257580697750276e-03 4.600874166091557305e-04 4.704637290744660694e-02 6.884089148954478663e-04 2.596593269630245032e-02 5.061582588155896616e-04 9.404388714733542820e-03 0.000000000000000000e+00 2.694158075601374436e-02 5.363847666726265272e-04 0.000000000000000000e+00 0.000000000000000000e+00 6.521941675207304848e-03 1.137009664582148884e-04 0.000000000000000000e+00 0.000000000000000000e+00 8.125853214587532361e-03 0.000000000000000000e+00 3.457814661134163393e-04 0.000000000000000000e+00 3.351123246866079351e-03 0.000000000000000000e+00 4.060089321965083191e-04 0.000000000000000000e+00 0.000000000000000000e+00 0.000000000000000000e+00 1.398601398601398600e-03 0.000000000000000000e+00 0.000000000000000000e+00 0.000000000000000000e+00 0.000000000000000000e+00 0.000000000000000000e+00 0.000000000000000000e+00 0.000000000000000000e+00 3.965107057890563053e-04 0.000000000000000000e+00 0.000000000000000000e+00 3.548616039744499780e-04 0.000000000000000000e+00 0.000000000000000000e+00 0.000000000000000000e+00 0.000000000000000000e+00 0.000000000000000000e+00 0.000000000000000000e+00 0.000000000000000000e+00 0.000000000000000000e+00 0.000000000000000000e+00 0.000000000000000000e+00
