0.000000000000000000e+00 2.279728897104128099e-02 5.994094488188976555e-02 4.563605248146035062e-03 3.456619426201175231e-04 0.000000000000000000e+00 1.081523965587873753e-01 5.135667208764871719e-03 1.216545012165450154e-03 0.000000000000000000e+00 2.190716644008545433e-01 2.837684449489216720e-03 5.303370786516854035e-02 1.251721116535235853e-04 9.910802775024776801e-04 0.000000000000000000e+00 9.650325677065478558e-02 9.015892420537897217e-03 8.129344212753097931e-02 2.602725689107490692e-02 0.000000000000000000e+00 0.000000000000000000e+00 0.000000000000000000e+00 0.000000000000000000e+00 0.000000000000000000e+00 0.000000000000000000e+00 0.000000000000000000e+00 0.000000000000000000e+00 2.267818574514039037e-02 2.883090673201672404e-03 2.237136465324384739e-03 0.000000000000000000e+00 1.373867290266004085e-02 1.043596996001170361e-02 1.575423395037416248e-03 2.970002970002969781e-04 5.924992121021115804e-02 2.122578933404085759e-03 0.000000000000000000e+00 5.834305717619602764e-04 0.000000000000000000e+00 0.000000000000000000e+00 0.000000000000000000e+00 0.000000000000000000e+00 1.687153530971318392e-03 9.426847662141780179e-05 0.000000000000000000e+00 0.000000000000000000e+00 8.327994875080076131e-03 2.642007926023777985e-04 1.115697869017070153e-02 6.501950585175552810e-04 3.933136676499508592e-03 0.000000000000000000e+00 2.682163611980330990e-03 1.369863013698630039e-04 2.359517932336285817e-01 3.829831280405755160e-03 2.447245017584994201e-02 1.566505269154087193e-03 7.290322580645161588e-02 1.657458563535911620e-03 1.654996817313812707e-02 4.759638267491670478e-04 5.236608215229401897e-02 9.089531889107711369e-04 1.255857544517338317e-02 1.202163895011019740e-03 1.225278472380086359e-01 1.175869120654396763e-02 1.342155009451795888e-01 6.041774555498014530e-04 2.849633420943422160e-02 3.482587064676617022e-03 2.506265664160400863e-03 0.000000000000000000e+00 7.431529726118904500e-02 7.206813714784887810e-03 0.000000000000000000e+00 1.697792869269949042e-03 4.643244079863798231e-03 2.023472278429785530e-04 0.000000000000000000e+00 0.000000000000000000e+00 3.051329952851169688e-02 2.896242125841720443e-04 0.000000000000000000e+00 0.000000000000000000e+00 3.572846367606193063e-02 3.635922918434129187e-04 1.984689537850864959e-03 4.819277108433734714e-04 3.024803387779794557e-04 6.756756756756757132e-04 9.078590785907858507e-02 0.000000000000000000e+00 7.942811755361397488e-04 0.000000000000000000e+00 2.089864158829676279e-03 2.254791431792559087e-03 6.944444444444444709e-04 1.322751322751322678e-03 3.563390847711928044e-03 1.510003775009437482e-03 0.000000000000000000e+00 0.000000000000000000e+00 1.251564455569461861e-03 0.000000000000000000e+00 0.000000000000000000e+00 0.000000000000000000e+00 0.000000000000000000e+00 8.771929824561403022e-03 0.000000000000000000e+00 0.000000000000000000e+00 0.000000000000000000e+00 0.000000000000000000e+00
2.279728897104128099e-02 0.000000000000000000e+00 4.133858267716535376e-03 5.031374786081004025e-02 0.000000000000000000e+00 2.329192546583850991e-03 1.126587464154035160e-03 1.157237011041684499e-01 0.000000000000000000e+00 7.662835249042145198e-03 3.301611963488056134e-03 7.926598562239878243e-02 7.490636704119850485e-04 2.778820878708223793e-02 0.000000000000000000e+00 1.776593382189651377e-03 6.342132327733973098e-03 9.229828850855745226e-02 3.460259897249924610e-02 7.019161799364688481e-02 0.000000000000000000e+00 0.000000000000000000e+00 4.767201652629906054e-04 1.085187194791101479e-03 0.000000000000000000e+00 9.569377990430622287e-04 4.076640847941296361e-04 8.455467869222096575e-04 4.011107682813946744e-03 3.416462447743981445e-02 4.971414367387521401e-04 3.327233405423390576e-04 1.052323881905875558e-02 1.648298059104652200e-02 0.000000000000000000e+00 1.188001188001187912e-03 3.151591553734635755e-04 5.916688776863889693e-02 0.000000000000000000e+00 3.383897316219369733e-02 0.000000000000000000e+00 0.000000000000000000e+00 0.000000000000000000e+00 1.572327044025157155e-04 0.000000000000000000e+00 1.225490196078431356e-03 0.000000000000000000e+00 0.000000000000000000e+00 2.562459961563100523e-04 4.931748128577719339e-03 1.115697869017070185e-04 1.206473053027019154e-02 0.000000000000000000e+00 3.910293271995399743e-03 0.000000000000000000e+00 5.616438356164383215e-03 5.227239727021925145e-03 2.755408342821654144e-01 4.396248534583822041e-04 2.079179720877243065e-02 1.290322580645161289e-03 4.548802946593001606e-02 3.182686187141947555e-04 1.285102332222750991e-02 0.000000000000000000e+00 5.044690198454779284e-02 1.312089971883786347e-03 7.112803045481867412e-03 3.637190270516026114e-02 5.061349693251533666e-02 6.301197227473220083e-04 5.791472466770240107e-02 3.181629547655277519e-03 4.925373134328358410e-02 0.000000000000000000e+00 6.156552330694810976e-03 4.509018036072144457e-03 3.821795151779864425e-02 0.000000000000000000e+00 1.697792869269949042e-03 3.095496053242532335e-04 6.272764063132335415e-03 0.000000000000000000e+00 0.000000000000000000e+00 1.779201138688728853e-04 2.910723336470929026e-02 0.000000000000000000e+00 0.000000000000000000e+00 1.984914648670107107e-04 1.381650709004969037e-02 1.134108307343351281e-03 4.337349397590361567e-03 0.000000000000000000e+00 4.054054054054054279e-03 6.775067750677507203e-03 5.847953216374268681e-03 7.942811755361397488e-04 0.000000000000000000e+00 1.044932079414838139e-03 9.019165727170236346e-03 0.000000000000000000e+00 2.645502645502645356e-03 3.750937734433608525e-04 3.586258965647414181e-03 0.000000000000000000e+00 0.000000000000000000e+00 1.251564455569461861e-03 0.000000000000000000e+00 0.000000000000000000e+00 0.000000000000000000e+00 0.000000000000000000e+00 0.000000000000000000e+00 0.000000000000000000e+00 2.120141342756183545e-03 3.424657534246575152e-03 0.000000000000000000e+00
5.994094488188976555e-02 4.133858267716535376e-03 0.000000000000000000e+00 3.993154592127781330e-03 6.429312132734185670e-02 7.763975155279502580e-04 2.757066775911511947e-01 6.847556278353162870e-03 7.055961070559610415e-02 3.192848020434227527e-03 3.068557001359487404e-02 3.783579265985622438e-03 5.767790262172284299e-02 2.253098009763424697e-03 1.883052527254707592e-02 1.998667554963357799e-03 7.541995200548508478e-03 2.444987775061124684e-03 5.998791175581746904e-02 7.172866072343477527e-03 0.000000000000000000e+00 0.000000000000000000e+00 1.938662005402828625e-01 5.968529571351057807e-03 5.145413870246084986e-02 5.263157894736841987e-03 4.035874439461883262e-02 0.000000000000000000e+00 2.607219993829065080e-02 1.153236269280668918e-03 2.684563758389261687e-02 8.983530194643154013e-03 2.616194095293773725e-02 3.023505315517409624e-03 4.332414336352894899e-03 5.940005940005939561e-04 2.269145918688937960e-02 2.653223666755107199e-04 7.455731593662627901e-03 0.000000000000000000e+00 0.000000000000000000e+00 0.000000000000000000e+00 3.938041480703596700e-04 0.000000000000000000e+00 5.302482525909858052e-03 0.000000000000000000e+00 0.000000000000000000e+00 0.000000000000000000e+00 1.473414477898782847e-02 1.761338617349185324e-04 3.681802967756331747e-03 2.167316861725184180e-04 1.966568338249754296e-03 0.000000000000000000e+00 2.905677246312025203e-03 0.000000000000000000e+00 1.176128938579933288e-02 4.140358140979194914e-04 1.494724501758499385e-02 1.281686129307889463e-03 6.709677419354838877e-03 9.208103130755064796e-04 1.273074474856779022e-03 3.173092178327780680e-04 9.608455440787892852e-04 0.000000000000000000e+00 4.001874414245547990e-02 8.014425966740132325e-04 2.023187087974539708e-02 0.000000000000000000e+00 6.796291295346115757e-02 1.380977041256689066e-03 7.456079679070411192e-02 2.611940298507462767e-03 7.518796992481202590e-03 0.000000000000000000e+00 9.385437541750167589e-02 3.712601004586154208e-03 0.000000000000000000e+00 0.000000000000000000e+00 9.286488159727596461e-04 2.023472278429785530e-04 0.000000000000000000e+00 0.000000000000000000e+00 2.490881594164220340e-03 7.240605314604301108e-05 0.000000000000000000e+00 0.000000000000000000e+00 6.153235410877332112e-03 1.211974306144709729e-04 1.701162461015026921e-03 2.891566265060241045e-03 0.000000000000000000e+00 1.351351351351351426e-03 6.910569105691057035e-02 0.000000000000000000e+00 7.942811755361397488e-04 0.000000000000000000e+00 2.089864158829676279e-03 2.254791431792559087e-03 1.388888888888888942e-03 2.645502645502645356e-03 3.750937734433608308e-03 1.132502831257078220e-03 7.082152974504249627e-04 0.000000000000000000e+00 6.257822277847309086e-03 0.000000000000000000e+00 0.000000000000000000e+00 0.000000000000000000e+00 0.000000000000000000e+00 0.000000000000000000e+00 0.000000000000000000e+00 0.000000000000000000e+00 0.000000000000000000e+00 0.000000000000000000e+00
4.563605248146035062e-03 5.031374786081004025e-02 3.993154592127781330e-03 0.000000000000000000e+00 1.382647770480470092e-03 8.359213250517598393e-02 4.711183941007783711e-03 1.758966019001968750e-01 2.433090024330900308e-03 2.298850574712643646e-02 3.495824431928529642e-03 4.729474082482028330e-02 2.097378277153557919e-03 4.543747653022906646e-02 1.321440370003303501e-03 2.687097490561847490e-02 2.742543709290366956e-03 1.619804400977994940e-02 9.519492293744333603e-03 1.276770160877138960e-01 0.000000000000000000e+00 1.219512195121951218e-03 6.991895757190528735e-03 1.861096039066739150e-01 1.491424310216256420e-03 6.028708133971291683e-02 4.076640847941296361e-04 5.636978579481397716e-03 1.542733724159210153e-03 2.738936139541588502e-02 1.168282376336067692e-02 4.974213941107968884e-02 2.630809704764688894e-03 1.648298059104652200e-02 3.938558487593540620e-04 2.673002673002672965e-03 3.151591553734635755e-04 1.061289466702042966e-02 0.000000000000000000e+00 2.042007001166861249e-02 0.000000000000000000e+00 0.000000000000000000e+00 0.000000000000000000e+00 3.930817610062893293e-04 0.000000000000000000e+00 1.225490196078431356e-03 0.000000000000000000e+00 2.246938546230760683e-04 2.562459961563100523e-04 2.465874064288859670e-03 0.000000000000000000e+00 4.768097095795405249e-03 0.000000000000000000e+00 4.600345025876940715e-04 0.000000000000000000e+00 2.739726027397260079e-04 0.000000000000000000e+00 8.073698374909428835e-03 1.465416178194607166e-04 8.259755055539733104e-03 3.870967741935483759e-04 9.208103130755064796e-04 3.182686187141947555e-04 3.173092178327780680e-04 0.000000000000000000e+00 5.453719133464626605e-03 7.497656982193064840e-04 1.372470446804247707e-02 4.546487838145033076e-04 9.458077709611451694e-03 9.001710324961742201e-04 3.650958052822372152e-02 1.383317194632729214e-03 6.194029850746268773e-02 1.253132832080200432e-03 2.638522427440633152e-03 2.505010020040080061e-03 8.255077527844507934e-02 0.000000000000000000e+00 0.000000000000000000e+00 1.547748026621266167e-04 0.000000000000000000e+00 0.000000000000000000e+00 0.000000000000000000e+00 2.668801708033093144e-04 5.792484251683440886e-04 0.000000000000000000e+00 0.000000000000000000e+00 0.000000000000000000e+00 3.635922918434129187e-04 1.134108307343351281e-03 2.891566265060241045e-03 3.024803387779794557e-04 1.351351351351351426e-03 1.084010840108401083e-02 0.000000000000000000e+00 1.588562351072279498e-03 1.501501501501501488e-03 2.089864158829676279e-03 0.000000000000000000e+00 0.000000000000000000e+00 0.000000000000000000e+00 7.501875468867217050e-04 9.437523593808984802e-04 0.000000000000000000e+00 2.671653753673524159e-04 0.000000000000000000e+00 0.000000000000000000e+00 0.000000000000000000e+00 0.000000000000000000e+00 0.000000000000000000e+00 0.000000000000000000e+00 0.000000000000000000e+00 0.000000000000000000e+00 0.000000000000000000e+00 0.000000000000000000e+00
3.456619426201175231e-04 0.000000000000000000e+00 6.429312132734185670e-02 1.382647770480470092e-03 0.000000000000000000e+00 5.175983436853002443e-04 4.711183941007783711e-03 8.559445347941453588e-04 2.968369829683698558e-01 2.554278416347382022e-03 0.000000000000000000e+00 1.891789632992811328e-04 2.397003745318352155e-03 2.503442233070471705e-04 1.070366699702675894e-01 1.332445036642238533e-03 0.000000000000000000e+00 0.000000000000000000e+00 7.555152614082804446e-04 1.024695153191925345e-04 5.233111322549952732e-02 0.000000000000000000e+00 8.739869696488161352e-03 1.356483993488876794e-03 6.785980611483967417e-02 3.827751196172248915e-03 2.482674276396249491e-01 1.127395715896279543e-03 1.542733724159210099e-04 0.000000000000000000e+00 4.474272930648769478e-03 5.656296789219764087e-03 1.461560947091493650e-04 9.753242953281965918e-05 3.938558487593540620e-04 0.000000000000000000e+00 0.000000000000000000e+00 0.000000000000000000e+00 0.000000000000000000e+00 0.000000000000000000e+00 0.000000000000000000e+00 0.000000000000000000e+00 1.312680493567865657e-04 0.000000000000000000e+00 0.000000000000000000e+00 0.000000000000000000e+00 0.000000000000000000e+00 0.000000000000000000e+00 0.000000000000000000e+00 0.000000000000000000e+00 1.115697869017070185e-04 0.000000000000000000e+00 0.000000000000000000e+00 0.000000000000000000e+00 0.000000000000000000e+00 0.000000000000000000e+00 1.452011035283868126e-04 0.000000000000000000e+00 1.465416178194607166e-04 0.000000000000000000e+00 3.870967741935483759e-04 0.000000000000000000e+00 3.182686187141947555e-04 0.000000000000000000e+00 7.206341580590920181e-04 0.000000000000000000e+00 9.372071227741331050e-05 0.000000000000000000e+00 0.000000000000000000e+00 0.000000000000000000e+00 1.971374561166621547e-02 4.315553253927153468e-04 5.699266841886844320e-02 1.243781094527363106e-04 5.012531328320801727e-03 0.000000000000000000e+00 1.169004676018704086e-03 0.000000000000000000e+00 0.000000000000000000e+00 0.000000000000000000e+00 0.000000000000000000e+00 0.000000000000000000e+00 0.000000000000000000e+00 0.000000000000000000e+00 2.668801708033093144e-04 0.000000000000000000e+00 1.102535832414553493e-03 0.000000000000000000e+00 0.000000000000000000e+00 0.000000000000000000e+00 2.835270768358378202e-04 0.000000000000000000e+00 0.000000000000000000e+00 6.756756756756757132e-04 1.355013550135501354e-03 0.000000000000000000e+00 0.000000000000000000e+00 0.000000000000000000e+00 0.000000000000000000e+00 0.000000000000000000e+00 6.944444444444444709e-04 0.000000000000000000e+00 3.750937734433608525e-04 0.000000000000000000e+00 0.000000000000000000e+00 0.000000000000000000e+00 0.000000000000000000e+00 0.000000000000000000e+00 0.000000000000000000e+00 0.000000000000000000e+00 0.000000000000000000e+00 0.000000000000000000e+00 0.000000000000000000e+00 0.000000000000000000e+00 0.000000000000000000e+00 0.000000000000000000e+00
0.000000000000000000e+00 2.329192546583850991e-03 7.763975155279502580e-04 8.359213250517598393e-02 5.175983436853002443e-04 0.000000000000000000e+00 0.000000000000000000e+00 6.676367371394333582e-03 4.055150040551500513e-04 3.052362707535121178e-01 0.000000000000000000e+00 1.891789632992811219e-03 5.992509363295880388e-04 7.510326699211415657e-04 0.000000000000000000e+00 1.632245169886742120e-01 0.000000000000000000e+00 1.528117359413202927e-04 0.000000000000000000e+00 5.123475765959627269e-04 9.514747859181732102e-04 1.829268292682926719e-02 7.945336087716510813e-04 3.472599023331524731e-02 7.457121551081282102e-04 1.856459330143540587e-01 1.630656339176518544e-03 2.387260428410372115e-01 0.000000000000000000e+00 7.063572149344096718e-03 6.711409395973154217e-03 1.580435867576110431e-02 0.000000000000000000e+00 1.170389154393836019e-03 0.000000000000000000e+00 2.970002970002969781e-04 0.000000000000000000e+00 0.000000000000000000e+00 0.000000000000000000e+00 0.000000000000000000e+00 0.000000000000000000e+00 0.000000000000000000e+00 0.000000000000000000e+00 0.000000000000000000e+00 0.000000000000000000e+00 0.000000000000000000e+00 0.000000000000000000e+00 0.000000000000000000e+00 0.000000000000000000e+00 8.806693086745926618e-05 0.000000000000000000e+00 2.167316861725184180e-04 0.000000000000000000e+00 0.000000000000000000e+00 0.000000000000000000e+00 4.109589041095890660e-04 0.000000000000000000e+00 2.070179070489597457e-04 0.000000000000000000e+00 0.000000000000000000e+00 0.000000000000000000e+00 0.000000000000000000e+00 0.000000000000000000e+00 1.586546089163890340e-04 0.000000000000000000e+00 3.029843963035903790e-04 0.000000000000000000e+00 1.001803245842516541e-04 0.000000000000000000e+00 0.000000000000000000e+00 1.800342064992348440e-04 2.805109615052649857e-02 0.000000000000000000e+00 3.345771144278607279e-02 0.000000000000000000e+00 1.055408970976253261e-02 0.000000000000000000e+00 4.367765887748416460e-04 0.000000000000000000e+00 0.000000000000000000e+00 0.000000000000000000e+00 6.070416835289356048e-04 0.000000000000000000e+00 0.000000000000000000e+00 0.000000000000000000e+00 4.344363188762580394e-04 0.000000000000000000e+00 0.000000000000000000e+00 0.000000000000000000e+00 4.847897224578838916e-04 0.000000000000000000e+00 0.000000000000000000e+00 0.000000000000000000e+00 0.000000000000000000e+00 0.000000000000000000e+00 0.000000000000000000e+00 0.000000000000000000e+00 0.000000000000000000e+00 0.000000000000000000e+00 0.000000000000000000e+00 0.000000000000000000e+00 0.000000000000000000e+00 0.000000000000000000e+00 0.000000000000000000e+00 0.000000000000000000e+00 0.000000000000000000e+00 0.000000000000000000e+00 0.000000000000000000e+00 0.000000000000000000e+00 0.000000000000000000e+00 0.000000000000000000e+00 0.000000000000000000e+00 0.000000000000000000e+00 0.000000000000000000e+00 0.000000000000000000e+00 0.000000000000000000e+00
1.081523965587873753e-01 1.126587464154035160e-03 2.757066775911511947e-01 4.711183941007783711e-03 4.711183941007783711e-03 0.000000000000000000e+00 0.000000000000000000e+00 1.335273474278866716e-02 4.136253041362530219e-02 1.277139208173691011e-03 1.427461643037483130e-01 5.297010972379871500e-03 1.616479400749063766e-01 5.257228689447990960e-03 4.955401387512388400e-03 2.886964246058183487e-03 2.399725745629070761e-03 9.168704156479217564e-04 1.269265639165911147e-02 4.611128189363664434e-03 0.000000000000000000e+00 1.219512195121951218e-03 5.164468457015732039e-02 5.154639175257731860e-03 1.491424310216256420e-03 1.913875598086124457e-03 8.153281695882592722e-04 8.455467869222096575e-04 9.102128972539339988e-03 1.441545336600836202e-03 2.087994034302759205e-02 9.981700216270171511e-03 1.783104355451622242e-02 4.584024188042524171e-03 9.846396218983852200e-03 0.000000000000000000e+00 4.412228175228490382e-03 0.000000000000000000e+00 7.455731593662627901e-03 5.834305717619602764e-04 0.000000000000000000e+00 0.000000000000000000e+00 0.000000000000000000e+00 0.000000000000000000e+00 2.289708363461075147e-03 0.000000000000000000e+00 2.224694104560623006e-04 0.000000000000000000e+00 5.381165919282511478e-03 8.806693086745926618e-05 4.016512328461452341e-03 7.224389539083946813e-05 3.605375286791215848e-03 0.000000000000000000e+00 2.011622708985247917e-03 0.000000000000000000e+00 1.176128938579933288e-02 4.140358140979194914e-04 4.542790152403282378e-03 1.424095699230988382e-04 1.096774193548387052e-02 3.683241252302025702e-04 6.683640992998090245e-03 0.000000000000000000e+00 2.137881335575306241e-02 0.000000000000000000e+00 5.716963448922212157e-03 2.003606491685033081e-04 1.136621959536258161e-03 2.556237218813906171e-04 1.070303357637951147e-01 2.330398757120663057e-03 3.347627611011205068e-02 4.601990049751244170e-03 3.759398496240601295e-03 0.000000000000000000e+00 3.373413493653974748e-02 7.425202009172308416e-03 0.000000000000000000e+00 0.000000000000000000e+00 8.203064541092710063e-03 0.000000000000000000e+00 0.000000000000000000e+00 0.000000000000000000e+00 2.908993861756071359e-02 7.240605314604301108e-05 0.000000000000000000e+00 0.000000000000000000e+00 3.275109170305676859e-02 1.211974306144709729e-04 2.835270768358378202e-04 1.445783132530120522e-03 0.000000000000000000e+00 0.000000000000000000e+00 1.626016260162601798e-02 0.000000000000000000e+00 7.942811755361397488e-04 0.000000000000000000e+00 0.000000000000000000e+00 0.000000000000000000e+00 0.000000000000000000e+00 0.000000000000000000e+00 0.000000000000000000e+00 7.550018875047187408e-04 0.000000000000000000e+00 0.000000000000000000e+00 0.000000000000000000e+00 0.000000000000000000e+00 0.000000000000000000e+00 0.000000000000000000e+00 0.000000000000000000e+00 0.000000000000000000e+00 0.000000000000000000e+00 0.000000000000000000e+00 1.712328767123287576e-03 0.000000000000000000e+00
5.135667208764871719e-03 1.157237011041684499e-01 6.847556278353162870e-03 1.758966019001968750e-01 8.559445347941453588e-04 6.676367371394333582e-03 1.335273474278866716e-02 0.000000000000000000e+00 5.677210056772100284e-03 7.598978288633460865e-02 1.009904835890464148e-02 1.051835035944003044e-01 6.441947565543071526e-03 2.528476655401176720e-01 1.651800462504129539e-03 2.265156562291805592e-02 1.714089818306479239e-03 8.557457212713935960e-03 1.783016016923541849e-02 2.910134235065068090e-02 0.000000000000000000e+00 0.000000000000000000e+00 1.700301922771333199e-02 4.395008138903960804e-02 1.491424310216256420e-03 8.133971291866028130e-03 8.153281695882592722e-04 2.254791431792559087e-03 5.708114779389077825e-03 1.383883523136802615e-02 1.739995028585632555e-02 1.746797537847279841e-02 5.407775504238526883e-03 1.726324002730908122e-02 0.000000000000000000e+00 2.673002673002672965e-03 3.151591553734635755e-04 2.387901300079596587e-03 0.000000000000000000e+00 4.084014002333722151e-03 0.000000000000000000e+00 0.000000000000000000e+00 0.000000000000000000e+00 0.000000000000000000e+00 0.000000000000000000e+00 2.450980392156862711e-03 0.000000000000000000e+00 0.000000000000000000e+00 1.281229980781550262e-04 5.107881990312637330e-03 0.000000000000000000e+00 1.264268169339690870e-02 0.000000000000000000e+00 5.175388154111558101e-03 0.000000000000000000e+00 6.575342465753425056e-03 1.452011035283868126e-04 2.215091605423869306e-02 0.000000000000000000e+00 4.841925377385360336e-03 3.870967741935483759e-04 1.049723756906077374e-02 0.000000000000000000e+00 3.331746787244169606e-03 2.402113860196973213e-04 3.423723678230571055e-02 9.372071227741331050e-04 9.617311160088157923e-03 2.273243919072516538e-04 1.022494887525562468e-03 2.160410477990818128e-03 1.469877438287588434e-01 5.809932217457462918e-03 3.345771144278607279e-02 1.253132832080200432e-03 1.759014951627088912e-03 1.319305277221108873e-02 2.074688796680497840e-02 0.000000000000000000e+00 3.395585738539898084e-03 1.547748026621266167e-04 8.498583569405099986e-03 0.000000000000000000e+00 1.154734411085450328e-03 8.896005693443644264e-05 2.049091304033017272e-02 0.000000000000000000e+00 0.000000000000000000e+00 1.984914648670107107e-04 1.042297903284450378e-02 0.000000000000000000e+00 0.000000000000000000e+00 0.000000000000000000e+00 0.000000000000000000e+00 1.084010840108401083e-02 2.923976608187134341e-03 0.000000000000000000e+00 0.000000000000000000e+00 1.044932079414838139e-03 0.000000000000000000e+00 0.000000000000000000e+00 0.000000000000000000e+00 0.000000000000000000e+00 3.775009437523593704e-04 0.000000000000000000e+00 5.343307507347048319e-04 0.000000000000000000e+00 0.000000000000000000e+00 0.000000000000000000e+00 0.000000000000000000e+00 0.000000000000000000e+00 0.000000000000000000e+00 0.000000000000000000e+00 0.000000000000000000e+00 0.000000000000000000e+00 0.000000000000000000e+00
1.216545012165450154e-03 0.000000000000000000e+00 7.055961070559610415e-02 2.433090024330900308e-03 2.968369829683698558e-01 4.055150040551500513e-04 4.136253041362530219e-02 5.677210056772100284e-03 0.000000000000000000e+00 6.385696040868455055e-04 0.000000000000000000e+00 0.000000000000000000e+00 1.602996254681647928e-02 1.251721116535235853e-04 2.560290716881400974e-01 6.662225183211192663e-04 1.714089818306479347e-04 0.000000000000000000e+00 0.000000000000000000e+00 0.000000000000000000e+00 1.902949571836346420e-03 0.000000000000000000e+00 9.693310027014142780e-03 1.356483993488876794e-03 1.491424310216256420e-03 9.569377990430622287e-04 2.038320423970648235e-03 0.000000000000000000e+00 1.542733724159210153e-03 2.883090673201672296e-04 6.959980114342530395e-03 1.330893362169356230e-03 5.846243788365974598e-04 0.000000000000000000e+00 0.000000000000000000e+00 0.000000000000000000e+00 0.000000000000000000e+00 0.000000000000000000e+00 0.000000000000000000e+00 0.000000000000000000e+00 0.000000000000000000e+00 0.000000000000000000e+00 0.000000000000000000e+00 0.000000000000000000e+00 0.000000000000000000e+00 0.000000000000000000e+00 0.000000000000000000e+00 0.000000000000000000e+00 0.000000000000000000e+00 0.000000000000000000e+00 2.231395738034140370e-04 0.000000000000000000e+00 0.000000000000000000e+00 0.000000000000000000e+00 0.000000000000000000e+00 0.000000000000000000e+00 1.452011035283868126e-04 0.000000000000000000e+00 0.000000000000000000e+00 0.000000000000000000e+00 0.000000000000000000e+00 0.000000000000000000e+00 6.365372374283895110e-04 0.000000000000000000e+00 4.804227720393946426e-04 0.000000000000000000e+00 0.000000000000000000e+00 0.000000000000000000e+00 0.000000000000000000e+00 0.000000000000000000e+00 1.323251417769376152e-02 8.631106507854306666e-05 3.126296859869968220e-02 0.000000000000000000e+00 2.506265664160400863e-03 0.000000000000000000e+00 4.175016700066800680e-03 0.000000000000000000e+00 0.000000000000000000e+00 0.000000000000000000e+00 1.547748026621266167e-04 0.000000000000000000e+00 0.000000000000000000e+00 0.000000000000000000e+00 1.779201138688728853e-04 0.000000000000000000e+00 0.000000000000000000e+00 0.000000000000000000e+00 1.984914648670107107e-04 0.000000000000000000e+00 0.000000000000000000e+00 4.819277108433734714e-04 0.000000000000000000e+00 0.000000000000000000e+00 4.065040650406504495e-03 0.000000000000000000e+00 0.000000000000000000e+00 0.000000000000000000e+00 0.000000000000000000e+00 0.000000000000000000e+00 0.000000000000000000e+00 0.000000000000000000e+00 0.000000000000000000e+00 1.887504718761796852e-04 0.000000000000000000e+00 0.000000000000000000e+00 0.000000000000000000e+00 0.000000000000000000e+00 0.000000000000000000e+00 0.000000000000000000e+00 0.000000000000000000e+00 0.000000000000000000e+00 0.000000000000000000e+00 0.000000000000000000e+00 0.000000000000000000e+00 0.000000000000000000e+00
0.000000000000000000e+00 7.662835249042145198e-03 3.192848020434227527e-03 2.298850574712643646e-02 2.554278416347382022e-03 3.052362707535121178e-01 1.277139208173691011e-03 7.598978288633460865e-02 6.385696040868455055e-04 0.000000000000000000e+00 0.000000000000000000e+00 2.648505486189935750e-03 2.996254681647940194e-04 9.513080485667792588e-03 3.303600925008258753e-04 7.239618032422828753e-02 0.000000000000000000e+00 4.584352078239608782e-04 0.000000000000000000e+00 4.098780612767701382e-04 0.000000000000000000e+00 0.000000000000000000e+00 9.534403305259812108e-04 2.441671188279978272e-03 3.728560775540641376e-03 4.306220095693779649e-03 4.076640847941296361e-04 7.609921082299886917e-03 0.000000000000000000e+00 1.138820815914660597e-02 4.722843649018145656e-03 5.323573448677424921e-03 0.000000000000000000e+00 3.901297181312786367e-04 0.000000000000000000e+00 0.000000000000000000e+00 0.000000000000000000e+00 0.000000000000000000e+00 0.000000000000000000e+00 0.000000000000000000e+00 0.000000000000000000e+00 0.000000000000000000e+00 0.000000000000000000e+00 0.000000000000000000e+00 0.000000000000000000e+00 0.000000000000000000e+00 0.000000000000000000e+00 0.000000000000000000e+00 0.000000000000000000e+00 0.000000000000000000e+00 0.000000000000000000e+00 0.000000000000000000e+00 0.000000000000000000e+00 1.150086256469235179e-04 0.000000000000000000e+00 2.739726027397260079e-04 0.000000000000000000e+00 2.070179070489597457e-04 0.000000000000000000e+00 2.848191398461976764e-04 0.000000000000000000e+00 0.000000000000000000e+00 0.000000000000000000e+00 3.173092178327780680e-04 0.000000000000000000e+00 1.514921981517951895e-04 0.000000000000000000e+00 3.005409737527549351e-04 0.000000000000000000e+00 2.556237218813906171e-04 2.700513097488522660e-04 9.666839288796823249e-03 1.383317194632729214e-04 1.492537313432835792e-02 0.000000000000000000e+00 4.397537379067722497e-03 0.000000000000000000e+00 2.183882943874208230e-03 0.000000000000000000e+00 1.697792869269949042e-03 0.000000000000000000e+00 1.821125050586806923e-03 0.000000000000000000e+00 0.000000000000000000e+00 0.000000000000000000e+00 7.240605314604301379e-04 0.000000000000000000e+00 0.000000000000000000e+00 0.000000000000000000e+00 2.423948612289419458e-04 0.000000000000000000e+00 4.819277108433734714e-04 0.000000000000000000e+00 0.000000000000000000e+00 1.355013550135501354e-03 0.000000000000000000e+00 0.000000000000000000e+00 0.000000000000000000e+00 0.000000000000000000e+00 0.000000000000000000e+00 0.000000000000000000e+00 0.000000000000000000e+00 1.875468867216804262e-04 3.775009437523593704e-04 0.000000000000000000e+00 0.000000000000000000e+00 0.000000000000000000e+00 0.000000000000000000e+00 0.000000000000000000e+00 0.000000000000000000e+00 0.000000000000000000e+00 0.000000000000000000e+00 0.000000000000000000e+00 0.000000000000000000e+00 0.000000000000000000e+00 0.000000000000000000e+00
2.190716644008545433e-01 3.301611963488056134e-03 3.068557001359487404e-02 3.495824431928529642e-03 0.000000000000000000e+00 0.000000000000000000e+00 1.427461643037483130e-01 1.009904835890464148e-02 0.000000000000000000e+00 0.000000000000000000e+00 0.000000000000000000e+00 3.026863412788498124e-03 1.060674157303370807e-01 2.503442233070471705e-04 4.294681202510736324e-03 0.000000000000000000e+00 4.799451491258142216e-02 7.640586797066015179e-04 1.692354185554548196e-02 3.586433036171738763e-03 0.000000000000000000e+00 0.000000000000000000e+00 3.337041156840934563e-03 8.138903960933260547e-04 0.000000000000000000e+00 0.000000000000000000e+00 0.000000000000000000e+00 0.000000000000000000e+00 4.458500462820116916e-02 2.883090673201672296e-04 2.485707183693760917e-03 3.327233405423390576e-04 7.015492546039169518e-03 2.340778308787672037e-03 5.907837731390311146e-03 0.000000000000000000e+00 1.890954932240781561e-03 0.000000000000000000e+00 2.795899347623485680e-03 5.834305717619602764e-04 1.351351351351351426e-02 0.000000000000000000e+00 0.000000000000000000e+00 0.000000000000000000e+00 1.205109664979513157e-04 0.000000000000000000e+00 0.000000000000000000e+00 0.000000000000000000e+00 8.968609865470852103e-04 8.806693086745926618e-05 1.004128082115363085e-03 0.000000000000000000e+00 0.000000000000000000e+00 0.000000000000000000e+00 0.000000000000000000e+00 0.000000000000000000e+00 1.597212138812255031e-02 8.280716281958389827e-04 2.198124267291910912e-03 2.848191398461976764e-04 3.135483870967741699e-02 0.000000000000000000e+00 2.227880330999363473e-02 0.000000000000000000e+00 1.993754503963487967e-02 1.514921981517951895e-04 2.717900656044985788e-03 2.003606491685033081e-04 1.591270743350761468e-03 2.556237218813906171e-04 5.635070663426051257e-02 5.178663904712583728e-04 4.841610181214552576e-03 6.218905472636815802e-04 0.000000000000000000e+00 0.000000000000000000e+00 4.509018036072144457e-03 2.839047827036470916e-03 0.000000000000000000e+00 0.000000000000000000e+00 6.036217303822937266e-03 0.000000000000000000e+00 0.000000000000000000e+00 0.000000000000000000e+00 7.205764611689351867e-03 0.000000000000000000e+00 0.000000000000000000e+00 0.000000000000000000e+00 3.771337832473203693e-03 0.000000000000000000e+00 2.835270768358378202e-04 0.000000000000000000e+00 0.000000000000000000e+00 0.000000000000000000e+00 1.355013550135501354e-03 0.000000000000000000e+00 0.000000000000000000e+00 0.000000000000000000e+00 0.000000000000000000e+00 1.127395715896279543e-03 0.000000000000000000e+00 0.000000000000000000e+00 0.000000000000000000e+00 3.775009437523593704e-04 0.000000000000000000e+00 0.000000000000000000e+00 0.000000000000000000e+00 0.000000000000000000e+00 0.000000000000000000e+00 0.000000000000000000e+00 0.000000000000000000e+00 0.000000000000000000e+00 0.000000000000000000e+00 0.000000000000000000e+00 0.000000000000000000e+00 0.000000000000000000e+00
2.837684449489216720e-03 7.926598562239878243e-02 3.783579265985622438e-03 4.729474082482028330e-02 1.891789632992811328e-04 1.891789632992811219e-03 5.297010972379871500e-03 1.051835035944003044e-01 0.000000000000000000e+00 2.648505486189935750e-03 3.026863412788498124e-03 0.000000000000000000e+00 1.048689138576778960e-03 1.415696582801351799e-01 0.000000000000000000e+00 2.442815900510770643e-03 3.428179636612958695e-04 8.572738386308068059e-02 8.461770927772740980e-03 2.530997028384055630e-02 0.000000000000000000e+00 0.000000000000000000e+00 1.430160495788971925e-03 1.193705914270211561e-02 0.000000000000000000e+00 0.000000000000000000e+00 0.000000000000000000e+00 2.818489289740698858e-04 1.079913606911447150e-03 6.270722214213636514e-02 3.479990057171265198e-03 2.661786724338712461e-03 1.753873136509792379e-03 1.141129425533990091e-02 3.938558487593540620e-04 2.376002376002375824e-03 0.000000000000000000e+00 0.000000000000000000e+00 0.000000000000000000e+00 1.750291715285881046e-03 0.000000000000000000e+00 0.000000000000000000e+00 0.000000000000000000e+00 0.000000000000000000e+00 0.000000000000000000e+00 1.885369532428356036e-04 0.000000000000000000e+00 0.000000000000000000e+00 2.562459961563100523e-04 5.284015852047555971e-04 0.000000000000000000e+00 9.391706400809132077e-04 0.000000000000000000e+00 9.200690051753881429e-04 0.000000000000000000e+00 8.219178082191781320e-04 4.356033105851604649e-04 6.210537211468792479e-03 1.465416178194607166e-04 8.544574195385929750e-04 1.290322580645161343e-04 6.077348066298342462e-03 0.000000000000000000e+00 1.459622402030778983e-02 0.000000000000000000e+00 3.484320557491289196e-03 2.811621368322399315e-04 3.305950711280304394e-03 4.546487838145033076e-04 1.789366053169734157e-03 1.800342064992348440e-04 4.591748662178491563e-02 9.683220362429104501e-04 8.208955223880596772e-03 0.000000000000000000e+00 0.000000000000000000e+00 4.175016700066800680e-03 3.057436121423891522e-03 0.000000000000000000e+00 2.207130730050933798e-02 1.547748026621266167e-04 1.618777822743828337e-02 0.000000000000000000e+00 0.000000000000000000e+00 0.000000000000000000e+00 1.245384114111939763e-02 0.000000000000000000e+00 0.000000000000000000e+00 1.984914648670107107e-04 7.029450975639316319e-03 0.000000000000000000e+00 0.000000000000000000e+00 0.000000000000000000e+00 0.000000000000000000e+00 1.355013550135501354e-03 0.000000000000000000e+00 0.000000000000000000e+00 0.000000000000000000e+00 0.000000000000000000e+00 0.000000000000000000e+00 0.000000000000000000e+00 0.000000000000000000e+00 1.875468867216804262e-04 1.887504718761796852e-04 0.000000000000000000e+00 0.000000000000000000e+00 0.000000000000000000e+00 0.000000000000000000e+00 0.000000000000000000e+00 0.000000000000000000e+00 0.000000000000000000e+00 0.000000000000000000e+00 0.000000000000000000e+00 0.000000000000000000e+00 0.000000000000000000e+00 0.000000000000000000e+00
5.303370786516854035e-02 7.490636704119850485e-04 5.767790262172284299e-02 2.097378277153557919e-03 2.397003745318352155e-03 5.992509363295880388e-04 1.616479400749063766e-01 6.441947565543071526e-03 1.602996254681647928e-02 2.996254681647940194e-04 1.060674157303370807e-01 1.048689138576778960e-03 0.000000000000000000e+00 2.002753786456377364e-03 2.702345556656756131e-01 4.441483455474128442e-04 4.456633527596846195e-03 1.528117359413202927e-04 7.101843457237836180e-03 1.024695153191925454e-03 0.000000000000000000e+00 0.000000000000000000e+00 2.892102335928809637e-02 2.984264785675528903e-03 7.457121551081282102e-04 4.784688995215311143e-04 4.076640847941296361e-04 0.000000000000000000e+00 8.886146251157049647e-02 5.766181346403344591e-04 1.640566741237882084e-02 5.489935118948594504e-03 1.037708272434960562e-02 1.267921583926655705e-03 3.544702638834186775e-03 0.000000000000000000e+00 2.836432398361172450e-03 2.653223666755107199e-04 3.727865796831313951e-03 0.000000000000000000e+00 0.000000000000000000e+00 0.000000000000000000e+00 0.000000000000000000e+00 0.000000000000000000e+00 2.410219329959026313e-04 0.000000000000000000e+00 0.000000000000000000e+00 0.000000000000000000e+00 7.687379884689302112e-04 0.000000000000000000e+00 1.227267655918777177e-03 1.444877907816789363e-04 0.000000000000000000e+00 0.000000000000000000e+00 4.470272686633884802e-04 0.000000000000000000e+00 6.679250762305793433e-03 1.035089535244798728e-04 1.611957796014068045e-03 4.272287097692964875e-04 2.851612903225806545e-02 1.841620626151012851e-04 2.291534054742202370e-02 0.000000000000000000e+00 2.570261830410761408e-02 0.000000000000000000e+00 2.811621368322399315e-03 2.003606491685033081e-04 1.136621959536258161e-03 7.668711656441717971e-04 6.328202358448105358e-02 2.589331952356291864e-04 4.454281366717388613e-02 1.492537313432835836e-03 1.002506265664160345e-02 8.795074758135444561e-04 3.273213092852371442e-02 3.275824415811312562e-03 0.000000000000000000e+00 0.000000000000000000e+00 1.114378579167311575e-02 2.023472278429785530e-04 0.000000000000000000e+00 0.000000000000000000e+00 1.183168757228004672e-02 7.240605314604301108e-05 0.000000000000000000e+00 0.000000000000000000e+00 8.535132989281461399e-03 0.000000000000000000e+00 0.000000000000000000e+00 4.819277108433734714e-04 0.000000000000000000e+00 0.000000000000000000e+00 1.355013550135501441e-02 0.000000000000000000e+00 7.942811755361397488e-04 0.000000000000000000e+00 0.000000000000000000e+00 0.000000000000000000e+00 0.000000000000000000e+00 0.000000000000000000e+00 1.875468867216804262e-04 0.000000000000000000e+00 0.000000000000000000e+00 0.000000000000000000e+00 0.000000000000000000e+00 0.000000000000000000e+00 0.000000000000000000e+00 0.000000000000000000e+00 0.000000000000000000e+00 0.000000000000000000e+00 0.000000000000000000e+00 7.067137809187278843e-04 0.000000000000000000e+00 0.000000000000000000e+00
