2.713110585303720734e-01 4.761408447114199860e-01 3.947524400772955966e-01 4.651508389748510441e-01 3.810926700677413903e-01 0.000000000000000000e+00 3.144977048089216964e-01 4.291781998092194517e-01 3.774797812524891549e-01 0.000000000000000000e+00 3.173795512596234714e-01 4.590322278956817104e-01 3.676982231376148547e-01 0.000000000000000000e+00 4.009199643085769593e-01 0.000000000000000000e+00 3.241819642464182083e-01 4.678505160984973155e-01 4.162006634427009577e-01 4.857913508978538020e-01 0.000000000000000000e+00 0.000000000000000000e+00 4.012417706479630697e-01 4.379137500000000460e-01 0.000000000000000000e+00 0.000000000000000000e+00 0.000000000000000000e+00 0.000000000000000000e+00 4.054130118710409514e-01 4.702964213237421087e-01 3.958073574275257078e-01 4.273084430379746057e-01 4.245745075689697501e-01 4.700335471752081773e-01 4.681855102372363131e-01 5.044557878787879757e-01 5.003538457318690291e-01 5.250720524264343991e-01 4.466791773905088303e-01 0.000000000000000000e+00 0.000000000000000000e+00 0.000000000000000000e+00 4.269740402288090264e-01 0.000000000000000000e+00 4.371369896800522126e-01 4.894315668363804495e-01 4.319184126627750864e-01 0.000000000000000000e+00 4.349930033578819910e-01 4.755945320831950207e-01 4.448735069005892995e-01 4.627486829268293023e-01 0.000000000000000000e+00 0.000000000000000000e+00 4.186759480020171287e-01 0.000000000000000000e+00 3.573624729260970190e-01 4.685346535713175720e-01 4.419449112955180503e-01 4.593269176559870992e-01 4.304754719342813729e-01 0.000000000000000000e+00 3.653616818893989926e-01 4.860098241758241122e-01 4.484446773441309042e-01 4.756320937499999846e-01 4.398782800497181289e-01 4.995809175872886199e-01 3.061872665973970897e-01 4.938591449043427395e-01 3.690302311106219424e-01 4.961336944302370267e-01 4.028811182202193808e-01 4.714209220726608418e-01 4.147672324635694463e-01 4.789472378115492979e-01 4.008122154696597272e-01 4.601221841789080447e-01 0.000000000000000000e+00 0.000000000000000000e+00 4.125258066173550509e-01 0.000000000000000000e+00 0.000000000000000000e+00 0.000000000000000000e+00 4.330481533777319481e-01 0.000000000000000000e+00 0.000000000000000000e+00 0.000000000000000000e+00 4.243660426013893261e-01 0.000000000000000000e+00 4.391963252772612125e-01 0.000000000000000000e+00 3.994671249999999785e-01 0.000000000000000000e+00 4.326729226194043210e-01 0.000000000000000000e+00 4.789706960784313461e-01 0.000000000000000000e+00 4.851096303601042381e-01 0.000000000000000000e+00 0.000000000000000000e+00 0.000000000000000000e+00 4.704292271118539204e-01 5.486698827117462152e-01 4.456340674573235350e-01 4.781657234042553384e-01 5.197821527759473037e-01 0.000000000000000000e+00 0.000000000000000000e+00 0.000000000000000000e+00 0.000000000000000000e+00 0.000000000000000000e+00 0.000000000000000000e+00 0.000000000000000000e+00 0.000000000000000000e+00 0.000000000000000000e+00
4.761408447114199860e-01 2.715371546194996211e-01 4.629948685914248574e-01 3.537175990276852922e-01 0.000000000000000000e+00 0.000000000000000000e+00 4.472887899338836015e-01 2.657282419562035369e-01 0.000000000000000000e+00 3.873558902456140096e-01 4.640936233268356248e-01 3.481300539127211713e-01 0.000000000000000000e+00 3.603966144263387461e-01 0.000000000000000000e+00 4.119590967637984935e-01 4.690941993487118267e-01 3.833176066698866791e-01 4.925931758922992287e-01 3.707087322496174231e-01 0.000000000000000000e+00 0.000000000000000000e+00 0.000000000000000000e+00 3.980010227047283133e-01 0.000000000000000000e+00 0.000000000000000000e+00 0.000000000000000000e+00 0.000000000000000000e+00 4.852162541584326694e-01 4.218978961174262299e-01 3.985688121657754435e-01 4.351849879009634936e-01 4.822207161462613856e-01 4.176683899954496404e-01 0.000000000000000000e+00 4.450944426120684305e-01 5.270622681565697576e-01 5.186715814093554311e-01 4.122163881578947420e-01 4.548836306037311594e-01 0.000000000000000000e+00 4.792668208955224163e-01 0.000000000000000000e+00 4.290836391304347353e-01 0.000000000000000000e+00 4.232648609307067544e-01 0.000000000000000000e+00 0.000000000000000000e+00 4.818592177419355194e-01 4.220335419611173089e-01 5.169666119402985816e-01 4.182681193633226990e-01 0.000000000000000000e+00 4.380497578947369353e-01 0.000000000000000000e+00 4.339280600118767817e-01 4.814090709666221102e-01 3.482739226637857066e-01 4.929241608802367169e-01 3.954453187581334350e-01 4.807882254999999994e-01 4.008350194305331238e-01 0.000000000000000000e+00 4.096230568157415708e-01 4.940800772727271806e-01 4.114317410321431390e-01 4.805349824337464826e-01 4.135271967269344429e-01 5.225089747097795279e-01 3.571867217567669117e-01 0.000000000000000000e+00 4.116648816727404014e-01 4.706314747049896718e-01 4.262065875026286310e-01 4.759109821052631140e-01 4.114729417168616066e-01 4.501393828926715801e-01 4.335814722408695143e-01 0.000000000000000000e+00 0.000000000000000000e+00 4.493191613160291698e-01 4.421288579660649365e-01 0.000000000000000000e+00 0.000000000000000000e+00 4.575251070817447641e-01 4.468854637681585196e-01 0.000000000000000000e+00 0.000000000000000000e+00 0.000000000000000000e+00 4.522146877035587154e-01 4.910345948932927085e-01 5.161672109389868757e-01 4.900781062500000340e-01 0.000000000000000000e+00 4.836822227399210639e-01 4.774032000000000275e-01 0.000000000000000000e+00 5.340545396825399083e-01 0.000000000000000000e+00 5.308642645686069139e-01 0.000000000000000000e+00 4.995757153846154264e-01 4.679962371140849453e-01 4.953121094310954375e-01 4.688694996868091325e-01 4.598061327993334113e-01 5.454939846153846750e-01 5.268503662036321256e-01 0.000000000000000000e+00 0.000000000000000000e+00 0.000000000000000000e+00 0.000000000000000000e+00 5.023242727272727581e-01 0.000000000000000000e+00 0.000000000000000000e+00 0.000000000000000000e+00
3.947524400772955966e-01 4.629948685914248574e-01 2.538579054733098861e-01 4.288056004743852623e-01 1.836212288321056318e-01 4.327467209302326423e-01 3.183860960470373258e-01 4.241268048179208106e-01 2.831887959982778424e-01 4.068159423412832099e-01 3.781872334516620526e-01 4.341691841185472689e-01 3.410490190429688040e-01 4.081250642094504388e-01 3.299914980483911742e-01 4.036927731529474928e-01 4.208759811820488306e-01 4.746209883975698873e-01 3.076718708595508334e-01 4.703547959132864942e-01 0.000000000000000000e+00 0.000000000000000000e+00 2.228863614585978870e-01 4.047052464125798776e-01 2.481602966472319094e-01 3.685775379745836466e-01 2.800183181022308232e-01 0.000000000000000000e+00 3.824551874300072818e-01 4.526111933945702326e-01 3.401781063428967466e-01 4.057674601275564341e-01 4.265996153832573023e-01 4.517605405801545237e-01 4.490893252186414220e-01 0.000000000000000000e+00 4.537114519583377859e-01 4.755878345602020940e-01 4.605766637168141608e-01 0.000000000000000000e+00 0.000000000000000000e+00 0.000000000000000000e+00 4.063647806451613498e-01 0.000000000000000000e+00 4.373300049511719689e-01 0.000000000000000000e+00 4.313229569290745191e-01 0.000000000000000000e+00 4.335925493347945747e-01 5.053511048387097082e-01 4.298124526307255389e-01 0.000000000000000000e+00 0.000000000000000000e+00 0.000000000000000000e+00 0.000000000000000000e+00 0.000000000000000000e+00 4.314710442884948094e-01 0.000000000000000000e+00 4.440504111155023637e-01 5.407266438356164162e-01 4.099117638722928336e-01 0.000000000000000000e+00 3.930700592203429378e-01 0.000000000000000000e+00 4.104475633296490455e-01 0.000000000000000000e+00 4.626291769794436126e-01 4.979629932432432238e-01 4.428577510827703123e-01 4.597176078431374213e-01 3.398885026358416384e-01 4.445008248852901356e-01 3.794812252224078475e-01 4.336806604868997939e-01 3.686929014459778275e-01 4.362481975308642457e-01 3.995510679856869585e-01 4.119928964469538601e-01 0.000000000000000000e+00 0.000000000000000000e+00 3.927830088580827050e-01 4.062419652777777279e-01 0.000000000000000000e+00 0.000000000000000000e+00 3.925079463897730991e-01 0.000000000000000000e+00 0.000000000000000000e+00 0.000000000000000000e+00 3.839456008089133232e-01 0.000000000000000000e+00 4.042063603648792247e-01 4.603300467836257126e-01 0.000000000000000000e+00 0.000000000000000000e+00 4.312826846523192814e-01 0.000000000000000000e+00 0.000000000000000000e+00 4.411968811188811679e-01 4.153422248062015876e-01 0.000000000000000000e+00 0.000000000000000000e+00 0.000000000000000000e+00 4.225286347466302161e-01 4.474989354304634848e-01 0.000000000000000000e+00 0.000000000000000000e+00 3.902070526315790100e-01 0.000000000000000000e+00 0.000000000000000000e+00 0.000000000000000000e+00 0.000000000000000000e+00 0.000000000000000000e+00 0.000000000000000000e+00 0.000000000000000000e+00 0.000000000000000000e+00 0.000000000000000000e+00
4.651508389748510441e-01 3.537175990276852922e-01 4.288056004743852623e-01 2.300975490775166998e-01 4.516969769484314168e-01 2.613465712747364278e-01 4.307468114027493411e-01 3.355734669468956599e-01 0.000000000000000000e+00 2.947491376485727455e-01 4.298589477184215357e-01 3.942043214039517851e-01 4.066988072541128374e-01 3.431132568551861217e-01 4.215792602048071824e-01 3.241735951852286468e-01 4.834508938309514670e-01 4.255594823679911265e-01 4.706668984849598503e-01 3.169210541783907265e-01 0.000000000000000000e+00 0.000000000000000000e+00 4.260571276844556388e-01 2.227905027599003940e-01 4.629650351282051934e-01 2.333280713894885783e-01 4.399895677583731124e-01 2.854138447733780004e-01 4.242455918158727357e-01 3.892586341456408805e-01 3.942642836352738267e-01 2.480885572572610054e-01 4.527909357457272632e-01 3.591909941486817193e-01 4.985836311858077297e-01 4.607626635514018298e-01 5.246911499999999950e-01 4.633303689170047979e-01 0.000000000000000000e+00 4.762467293603065976e-01 0.000000000000000000e+00 4.695636617647058197e-01 0.000000000000000000e+00 4.536021578947369015e-01 4.470671496598639938e-01 4.221662173415288710e-01 0.000000000000000000e+00 4.556641327433628152e-01 0.000000000000000000e+00 4.441452505112815641e-01 0.000000000000000000e+00 4.216003185409044063e-01 0.000000000000000000e+00 0.000000000000000000e+00 0.000000000000000000e+00 4.164835781249999758e-01 4.685904835164835247e-01 4.228768230322170196e-01 4.829855694104446817e-01 4.240482936625201704e-01 4.907355298507462549e-01 3.846062446684426761e-01 0.000000000000000000e+00 3.884592727272727086e-01 0.000000000000000000e+00 4.174573227409011378e-01 4.817800725097934333e-01 4.224149038078102159e-01 4.931139015374254586e-01 3.986195525418310681e-01 4.236957286405418910e-01 3.601002143548663881e-01 4.367267261990604998e-01 3.836112835467673787e-01 0.000000000000000000e+00 3.854035648186264762e-01 4.412564705585622638e-01 4.036729321507280810e-01 0.000000000000000000e+00 0.000000000000000000e+00 0.000000000000000000e+00 3.977526542531711895e-01 0.000000000000000000e+00 0.000000000000000000e+00 4.416997689464663979e-01 4.102858921512168022e-01 0.000000000000000000e+00 0.000000000000000000e+00 0.000000000000000000e+00 4.329126409547092713e-01 4.246144451724435664e-01 4.208428231444396594e-01 3.869591233766234151e-01 0.000000000000000000e+00 4.350872989970012705e-01 4.304825984042554010e-01 0.000000000000000000e+00 3.871075193793619418e-01 0.000000000000000000e+00 4.415271008403360287e-01 0.000000000000000000e+00 4.664442122388289813e-01 4.126736783663031427e-01 4.408459761358057838e-01 3.995543934426229460e-01 4.370597787319668859e-01 0.000000000000000000e+00 0.000000000000000000e+00 0.000000000000000000e+00 0.000000000000000000e+00 0.000000000000000000e+00 0.000000000000000000e+00 0.000000000000000000e+00 4.258593272727272949e-01 0.000000000000000000e+00 0.000000000000000000e+00
3.810926700677413903e-01 0.000000000000000000e+00 1.836212288321056318e-01 4.516969769484314168e-01 2.049005632000464316e-01 4.084013376623377156e-01 2.906760149833443885e-01 0.000000000000000000e+00 2.248937710044663640e-01 4.529765456975419213e-01 0.000000000000000000e+00 0.000000000000000000e+00 2.946012731345267754e-01 0.000000000000000000e+00 2.498057786157650006e-01 4.276878853129548186e-01 0.000000000000000000e+00 0.000000000000000000e+00 3.614418053396690755e-01 0.000000000000000000e+00 3.002449166666666946e-01 0.000000000000000000e+00 2.453237759883682145e-01 3.949412589764615400e-01 2.363044036887104737e-01 3.952220151515151159e-01 2.408000764010088390e-01 4.237215384615384828e-01 3.444300914637063449e-01 0.000000000000000000e+00 3.353566544007968719e-01 4.191184333609278556e-01 4.034566896551723958e-01 0.000000000000000000e+00 0.000000000000000000e+00 0.000000000000000000e+00 3.843901563829786872e-01 0.000000000000000000e+00 0.000000000000000000e+00 0.000000000000000000e+00 0.000000000000000000e+00 0.000000000000000000e+00 0.000000000000000000e+00 0.000000000000000000e+00 0.000000000000000000e+00 0.000000000000000000e+00 0.000000000000000000e+00 0.000000000000000000e+00 0.000000000000000000e+00 0.000000000000000000e+00 0.000000000000000000e+00 0.000000000000000000e+00 0.000000000000000000e+00 0.000000000000000000e+00 0.000000000000000000e+00 0.000000000000000000e+00 0.000000000000000000e+00 0.000000000000000000e+00 0.000000000000000000e+00 0.000000000000000000e+00 0.000000000000000000e+00 0.000000000000000000e+00 0.000000000000000000e+00 0.000000000000000000e+00 0.000000000000000000e+00 0.000000000000000000e+00 4.154106714285714097e-01 0.000000000000000000e+00 4.194877890625000050e-01 0.000000000000000000e+00 3.265856789199438892e-01 0.000000000000000000e+00 3.137579364349274424e-01 3.963989690721649306e-01 3.257469475755697674e-01 0.000000000000000000e+00 3.491297552450714492e-01 4.515892285714285803e-01 0.000000000000000000e+00 0.000000000000000000e+00 0.000000000000000000e+00 0.000000000000000000e+00 0.000000000000000000e+00 0.000000000000000000e+00 3.890681749999999606e-01 0.000000000000000000e+00 0.000000000000000000e+00 0.000000000000000000e+00 4.099350285714286057e-01 0.000000000000000000e+00 0.000000000000000000e+00 0.000000000000000000e+00 0.000000000000000000e+00 0.000000000000000000e+00 3.722402315789473670e-01 0.000000000000000000e+00 0.000000000000000000e+00 0.000000000000000000e+00 0.000000000000000000e+00 0.000000000000000000e+00 0.000000000000000000e+00 0.000000000000000000e+00 3.473617557251908461e-01 0.000000000000000000e+00 0.000000000000000000e+00 0.000000000000000000e+00 3.730861226415094212e-01 0.000000000000000000e+00 0.000000000000000000e+00 0.000000000000000000e+00 0.000000000000000000e+00 0.000000000000000000e+00 0.000000000000000000e+00 0.000000000000000000e+00 0.000000000000000000e+00 0.000000000000000000e+00
0.000000000000000000e+00 0.000000000000000000e+00 4.327467209302326423e-01 2.613465712747364278e-01 4.084013376623377156e-01 1.815971281140992821e-01 0.000000000000000000e+00 0.000000000000000000e+00 0.000000000000000000e+00 2.354021425025214498e-01 0.000000000000000000e+00 0.000000000000000000e+00 0.000000000000000000e+00 3.259601290322581280e-01 0.000000000000000000e+00 2.581684523658162034e-01 0.000000000000000000e+00 0.000000000000000000e+00 3.975282368421053092e-01 3.551906718749999747e-01 3.976728414153876678e-01 3.929415284832451505e-01 3.566839285714285546e-01 1.830458242063492114e-01 4.548823780487805113e-01 2.614593248579457074e-01 4.327972725876791937e-01 2.278702049807504459e-01 0.000000000000000000e+00 0.000000000000000000e+00 3.667840583823315792e-01 3.764733287172514209e-01 0.000000000000000000e+00 3.307025970149253813e-01 0.000000000000000000e+00 0.000000000000000000e+00 0.000000000000000000e+00 0.000000000000000000e+00 0.000000000000000000e+00 0.000000000000000000e+00 0.000000000000000000e+00 0.000000000000000000e+00 0.000000000000000000e+00 0.000000000000000000e+00 0.000000000000000000e+00 0.000000000000000000e+00 0.000000000000000000e+00 0.000000000000000000e+00 0.000000000000000000e+00 0.000000000000000000e+00 0.000000000000000000e+00 0.000000000000000000e+00 0.000000000000000000e+00 0.000000000000000000e+00 0.000000000000000000e+00 0.000000000000000000e+00 0.000000000000000000e+00 0.000000000000000000e+00 0.000000000000000000e+00 0.000000000000000000e+00 0.000000000000000000e+00 0.000000000000000000e+00 0.000000000000000000e+00 0.000000000000000000e+00 0.000000000000000000e+00 0.000000000000000000e+00 0.000000000000000000e+00 0.000000000000000000e+00 0.000000000000000000e+00 0.000000000000000000e+00 4.816889473684209944e-01 3.513208489665038403e-01 0.000000000000000000e+00 3.322885517131075050e-01 0.000000000000000000e+00 3.113377766409971548e-01 0.000000000000000000e+00 3.617161454212069471e-01 0.000000000000000000e+00 0.000000000000000000e+00 0.000000000000000000e+00 0.000000000000000000e+00 0.000000000000000000e+00 0.000000000000000000e+00 0.000000000000000000e+00 0.000000000000000000e+00 0.000000000000000000e+00 0.000000000000000000e+00 0.000000000000000000e+00 0.000000000000000000e+00 0.000000000000000000e+00 0.000000000000000000e+00 0.000000000000000000e+00 0.000000000000000000e+00 0.000000000000000000e+00 0.000000000000000000e+00 0.000000000000000000e+00 0.000000000000000000e+00 0.000000000000000000e+00 0.000000000000000000e+00 0.000000000000000000e+00 0.000000000000000000e+00 0.000000000000000000e+00 0.000000000000000000e+00 0.000000000000000000e+00 0.000000000000000000e+00 0.000000000000000000e+00 0.000000000000000000e+00 0.000000000000000000e+00 0.000000000000000000e+00 0.000000000000000000e+00 0.000000000000000000e+00 0.000000000000000000e+00 0.000000000000000000e+00 0.000000000000000000e+00 0.000000000000000000e+00
3.144977048089216964e-01 4.472887899338836015e-01 3.183860960470373258e-01 4.307468114027493411e-01 2.906760149833443885e-01 0.000000000000000000e+00 2.559795553317049666e-01 4.145017932088584378e-01 2.935535534368091670e-01 3.849169295495494802e-01 3.299317646388204572e-01 4.402962771694029498e-01 2.756620140557823895e-01 3.945597272826411595e-01 3.357547513189861887e-01 4.210933728671434895e-01 3.913169759631727196e-01 4.538461265472628625e-01 3.995071274368885983e-01 4.486267310914172080e-01 0.000000000000000000e+00 0.000000000000000000e+00 3.755446922140323607e-01 4.106381765398777195e-01 0.000000000000000000e+00 0.000000000000000000e+00 3.148109052631578586e-01 0.000000000000000000e+00 3.548466708757118115e-01 4.299291927836761951e-01 3.444925242762534867e-01 4.102809858176573177e-01 3.642355049945260603e-01 4.293327718876492338e-01 4.147860858915239368e-01 0.000000000000000000e+00 4.431998759334836446e-01 0.000000000000000000e+00 0.000000000000000000e+00 0.000000000000000000e+00 0.000000000000000000e+00 0.000000000000000000e+00 0.000000000000000000e+00 5.039347659574467952e-01 4.126384869945211031e-01 0.000000000000000000e+00 0.000000000000000000e+00 0.000000000000000000e+00 4.155768953609195182e-01 0.000000000000000000e+00 4.209933868859015438e-01 0.000000000000000000e+00 4.055371644736841530e-01 0.000000000000000000e+00 4.100970707984016861e-01 0.000000000000000000e+00 3.974147983655490490e-01 4.965974895104894871e-01 4.199773813966290459e-01 0.000000000000000000e+00 4.172568072197742062e-01 0.000000000000000000e+00 3.723075775811208743e-01 0.000000000000000000e+00 4.160851614310402402e-01 0.000000000000000000e+00 4.286920230051243785e-01 0.000000000000000000e+00 4.389290704401371812e-01 4.630082244897958943e-01 3.206452213343422009e-01 4.383596452486694384e-01 3.631770337555420003e-01 4.240889935876978600e-01 3.425257082337662129e-01 4.510424383561644213e-01 3.743156098242394481e-01 4.295903761822861822e-01 4.031684453781512190e-01 0.000000000000000000e+00 3.935017460277229207e-01 0.000000000000000000e+00 0.000000000000000000e+00 0.000000000000000000e+00 4.043717049923103990e-01 0.000000000000000000e+00 0.000000000000000000e+00 0.000000000000000000e+00 3.975349868299728473e-01 0.000000000000000000e+00 0.000000000000000000e+00 4.730087450980392516e-01 0.000000000000000000e+00 0.000000000000000000e+00 4.194163791872691505e-01 0.000000000000000000e+00 0.000000000000000000e+00 0.000000000000000000e+00 0.000000000000000000e+00 3.879381297709924015e-01 0.000000000000000000e+00 0.000000000000000000e+00 3.609002987946525742e-01 0.000000000000000000e+00 3.996135258620688857e-01 0.000000000000000000e+00 0.000000000000000000e+00 0.000000000000000000e+00 0.000000000000000000e+00 0.000000000000000000e+00 0.000000000000000000e+00 0.000000000000000000e+00 0.000000000000000000e+00 0.000000000000000000e+00 0.000000000000000000e+00 0.000000000000000000e+00
4.291781998092194517e-01 2.657282419562035369e-01 4.241268048179208106e-01 3.355734669468956599e-01 0.000000000000000000e+00 0.000000000000000000e+00 4.145017932088584378e-01 2.230844198422457514e-01 3.887290666666666783e-01 2.446153636491103789e-01 4.202010578667938479e-01 3.444971598410460079e-01 4.001740638147401885e-01 2.657330621842293739e-01 0.000000000000000000e+00 2.888374095499623984e-01 4.268499905667702543e-01 3.984048966340756892e-01 4.430868648401693477e-01 3.808441608341754936e-01 0.000000000000000000e+00 0.000000000000000000e+00 4.195781379898999575e-01 3.478736096328913230e-01 0.000000000000000000e+00 0.000000000000000000e+00 0.000000000000000000e+00 0.000000000000000000e+00 4.258184622046172763e-01 3.438605110542828358e-01 3.493496298391328136e-01 3.397103860135019526e-01 4.209395510098990489e-01 3.743159226537763340e-01 0.000000000000000000e+00 4.557946582278481484e-01 4.171759142693690636e-01 4.026242563868461799e-01 0.000000000000000000e+00 4.822021806231742702e-01 0.000000000000000000e+00 3.623311860465116552e-01 0.000000000000000000e+00 0.000000000000000000e+00 4.548942666666665469e-01 4.219685950359017279e-01 0.000000000000000000e+00 0.000000000000000000e+00 0.000000000000000000e+00 4.122320830704990224e-01 0.000000000000000000e+00 4.028211690489216790e-01 0.000000000000000000e+00 0.000000000000000000e+00 0.000000000000000000e+00 4.158480709996343339e-01 0.000000000000000000e+00 3.878870459801469495e-01 0.000000000000000000e+00 4.049540716673125096e-01 4.468164680851064441e-01 3.838884407847338309e-01 0.000000000000000000e+00 3.844385353814131490e-01 0.000000000000000000e+00 3.992375811479813019e-01 4.629102888470862376e-01 4.143359340554524928e-01 0.000000000000000000e+00 4.135270287309089077e-01 0.000000000000000000e+00 3.175814979533975735e-01 4.247000994476413105e-01 3.603796233933939108e-01 0.000000000000000000e+00 3.537805875541114586e-01 4.251594716654883976e-01 3.687177945073507046e-01 0.000000000000000000e+00 0.000000000000000000e+00 0.000000000000000000e+00 3.961655581653815705e-01 0.000000000000000000e+00 0.000000000000000000e+00 0.000000000000000000e+00 4.045742346552641533e-01 0.000000000000000000e+00 0.000000000000000000e+00 0.000000000000000000e+00 4.101145574432896734e-01 3.998516906474820498e-01 0.000000000000000000e+00 0.000000000000000000e+00 0.000000000000000000e+00 4.268198202604166491e-01 0.000000000000000000e+00 0.000000000000000000e+00 0.000000000000000000e+00 0.000000000000000000e+00 3.968384237288136163e-01 0.000000000000000000e+00 0.000000000000000000e+00 0.000000000000000000e+00 4.116891496062992095e-01 0.000000000000000000e+00 3.968977024931926723e-01 5.068329743589743419e-01 0.000000000000000000e+00 0.000000000000000000e+00 0.000000000000000000e+00 0.000000000000000000e+00 0.000000000000000000e+00 0.000000000000000000e+00 0.000000000000000000e+00 0.000000000000000000e+00 0.000000000000000000e+00
3.774797812524891549e-01 0.000000000000000000e+00 2.831887959982778424e-01 0.000000000000000000e+00 2.248937710044663640e-01 0.000000000000000000e+00 2.935535534368091670e-01 3.887290666666666783e-01 2.122656922728017592e-01 4.120366436781609520e-01 3.493105753968253624e-01 0.000000000000000000e+00 1.686933646707760859e-01 0.000000000000000000e+00 2.481545242928272499e-01 0.000000000000000000e+00 0.000000000000000000e+00 0.000000000000000000e+00 0.000000000000000000e+00 0.000000000000000000e+00 0.000000000000000000e+00 0.000000000000000000e+00 3.569223214375022990e-01 0.000000000000000000e+00 0.000000000000000000e+00 0.000000000000000000e+00 2.957968718197785396e-01 0.000000000000000000e+00 3.575863645431145432e-01 0.000000000000000000e+00 0.000000000000000000e+00 3.639693928571428594e-01 0.000000000000000000e+00 0.000000000000000000e+00 0.000000000000000000e+00 0.000000000000000000e+00 0.000000000000000000e+00 0.000000000000000000e+00 0.000000000000000000e+00 0.000000000000000000e+00 0.000000000000000000e+00 0.000000000000000000e+00 0.000000000000000000e+00 0.000000000000000000e+00 0.000000000000000000e+00 0.000000000000000000e+00 0.000000000000000000e+00 0.000000000000000000e+00 0.000000000000000000e+00 0.000000000000000000e+00 0.000000000000000000e+00 0.000000000000000000e+00 0.000000000000000000e+00 0.000000000000000000e+00 0.000000000000000000e+00 0.000000000000000000e+00 4.540420974937343646e-01 0.000000000000000000e+00 4.311446747967479509e-01 0.000000000000000000e+00 0.000000000000000000e+00 0.000000000000000000e+00 0.000000000000000000e+00 0.000000000000000000e+00 0.000000000000000000e+00 0.000000000000000000e+00 0.000000000000000000e+00 0.000000000000000000e+00 0.000000000000000000e+00 0.000000000000000000e+00 3.303829189582564996e-01 0.000000000000000000e+00 3.394687764614963132e-01 0.000000000000000000e+00 3.026531301160944043e-01 0.000000000000000000e+00 3.506614278806640117e-01 0.000000000000000000e+00 0.000000000000000000e+00 0.000000000000000000e+00 0.000000000000000000e+00 0.000000000000000000e+00 0.000000000000000000e+00 0.000000000000000000e+00 3.697559624063320172e-01 0.000000000000000000e+00 0.000000000000000000e+00 0.000000000000000000e+00 0.000000000000000000e+00 0.000000000000000000e+00 0.000000000000000000e+00 0.000000000000000000e+00 0.000000000000000000e+00 0.000000000000000000e+00 0.000000000000000000e+00 0.000000000000000000e+00 0.000000000000000000e+00 0.000000000000000000e+00 0.000000000000000000e+00 0.000000000000000000e+00 0.000000000000000000e+00 0.000000000000000000e+00 0.000000000000000000e+00 0.000000000000000000e+00 0.000000000000000000e+00 0.000000000000000000e+00 0.000000000000000000e+00 0.000000000000000000e+00 0.000000000000000000e+00 0.000000000000000000e+00 0.000000000000000000e+00 0.000000000000000000e+00 0.000000000000000000e+00 0.000000000000000000e+00 0.000000000000000000e+00 0.000000000000000000e+00
0.000000000000000000e+00 3.873558902456140096e-01 4.068159423412832099e-01 2.947491376485727455e-01 4.529765456975419213e-01 2.354021425025214498e-01 3.849169295495494802e-01 2.446153636491103789e-01 4.120366436781609520e-01 2.093444083967881397e-01 0.000000000000000000e+00 3.916241111111111728e-01 0.000000000000000000e+00 3.314200226190475718e-01 0.000000000000000000e+00 2.795718770757300020e-01 0.000000000000000000e+00 0.000000000000000000e+00 0.000000000000000000e+00 0.000000000000000000e+00 0.000000000000000000e+00 0.000000000000000000e+00 3.915996722058465718e-01 0.000000000000000000e+00 4.480443700936663776e-01 2.971652626434474476e-01 4.426236002809386672e-01 3.156731764705882348e-01 0.000000000000000000e+00 3.645887148541114287e-01 3.633027802050881050e-01 3.825032260447613353e-01 0.000000000000000000e+00 0.000000000000000000e+00 0.000000000000000000e+00 0.000000000000000000e+00 0.000000000000000000e+00 0.000000000000000000e+00 0.000000000000000000e+00 0.000000000000000000e+00 0.000000000000000000e+00 0.000000000000000000e+00 0.000000000000000000e+00 0.000000000000000000e+00 0.000000000000000000e+00 0.000000000000000000e+00 0.000000000000000000e+00 0.000000000000000000e+00 0.000000000000000000e+00 0.000000000000000000e+00 0.000000000000000000e+00 0.000000000000000000e+00 0.000000000000000000e+00 0.000000000000000000e+00 0.000000000000000000e+00 0.000000000000000000e+00 0.000000000000000000e+00 4.431249528092865431e-01 0.000000000000000000e+00 0.000000000000000000e+00 0.000000000000000000e+00 0.000000000000000000e+00 0.000000000000000000e+00 0.000000000000000000e+00 0.000000000000000000e+00 0.000000000000000000e+00 0.000000000000000000e+00 0.000000000000000000e+00 0.000000000000000000e+00 0.000000000000000000e+00 5.255598666666666530e-01 3.156677815876661186e-01 0.000000000000000000e+00 3.534726545801404329e-01 0.000000000000000000e+00 3.290345333807095929e-01 0.000000000000000000e+00 3.650124939909521471e-01 0.000000000000000000e+00 0.000000000000000000e+00 0.000000000000000000e+00 0.000000000000000000e+00 0.000000000000000000e+00 0.000000000000000000e+00 0.000000000000000000e+00 0.000000000000000000e+00 0.000000000000000000e+00 0.000000000000000000e+00 0.000000000000000000e+00 0.000000000000000000e+00 3.732725673758864327e-01 0.000000000000000000e+00 0.000000000000000000e+00 0.000000000000000000e+00 0.000000000000000000e+00 0.000000000000000000e+00 0.000000000000000000e+00 0.000000000000000000e+00 0.000000000000000000e+00 0.000000000000000000e+00 0.000000000000000000e+00 0.000000000000000000e+00 0.000000000000000000e+00 0.000000000000000000e+00 0.000000000000000000e+00 0.000000000000000000e+00 0.000000000000000000e+00 0.000000000000000000e+00 0.000000000000000000e+00 0.000000000000000000e+00 0.000000000000000000e+00 0.000000000000000000e+00 0.000000000000000000e+00 0.000000000000000000e+00 0.000000000000000000e+00 0.000000000000000000e+00
3.173795512596234714e-01 4.640936233268356248e-01 3.781872334516620526e-01 4.298589477184215357e-01 0.000000000000000000e+00 0.000000000000000000e+00 3.299317646388204572e-01 4.202010578667938479e-01 3.493105753968253624e-01 0.000000000000000000e+00 2.807899954965895062e-01 4.332156594202898892e-01 3.005275249283037575e-01 4.185838880389560757e-01 3.849565030167098612e-01 0.000000000000000000e+00 2.705893573029786170e-01 4.406851899326741373e-01 4.158386113454213828e-01 4.472724948901509734e-01 0.000000000000000000e+00 0.000000000000000000e+00 3.828890315846181225e-01 4.359952609549296310e-01 0.000000000000000000e+00 0.000000000000000000e+00 0.000000000000000000e+00 0.000000000000000000e+00 3.608815850670358816e-01 4.201156335064935021e-01 3.812678800395239431e-01 4.251762956817273231e-01 3.899077927079643846e-01 4.524382628523662686e-01 0.000000000000000000e+00 4.637958860759494040e-01 3.885339868421052723e-01 0.000000000000000000e+00 4.406335061014980958e-01 0.000000000000000000e+00 0.000000000000000000e+00 0.000000000000000000e+00 0.000000000000000000e+00 0.000000000000000000e+00 4.069478065821333646e-01 0.000000000000000000e+00 0.000000000000000000e+00 0.000000000000000000e+00 4.019877363636363832e-01 4.222621790123456953e-01 4.129647647595545146e-01 4.206074939759035791e-01 0.000000000000000000e+00 0.000000000000000000e+00 4.057793268733850267e-01 0.000000000000000000e+00 3.800485777057134862e-01 4.313539647887323358e-01 4.136128225451269347e-01 4.362477346938775646e-01 4.226391279012370328e-01 0.000000000000000000e+00 3.811550538717181635e-01 0.000000000000000000e+00 4.357518963801877421e-01 0.000000000000000000e+00 4.357424103798639980e-01 4.820406815642457876e-01 4.740981168831169823e-01 0.000000000000000000e+00 3.820937987665209978e-01 0.000000000000000000e+00 3.887590284727721057e-01 4.329538887904054167e-01 0.000000000000000000e+00 0.000000000000000000e+00 4.152701714877013450e-01 4.220565447819165650e-01 0.000000000000000000e+00 0.000000000000000000e+00 3.854731085059182050e-01 0.000000000000000000e+00 0.000000000000000000e+00 0.000000000000000000e+00 4.203101459966965270e-01 4.153037588235294342e-01 0.000000000000000000e+00 0.000000000000000000e+00 4.211120882352941130e-01 0.000000000000000000e+00 0.000000000000000000e+00 0.000000000000000000e+00 0.000000000000000000e+00 0.000000000000000000e+00 4.586142266666666800e-01 0.000000000000000000e+00 0.000000000000000000e+00 0.000000000000000000e+00 0.000000000000000000e+00 0.000000000000000000e+00 0.000000000000000000e+00 0.000000000000000000e+00 0.000000000000000000e+00 0.000000000000000000e+00 0.000000000000000000e+00 0.000000000000000000e+00 0.000000000000000000e+00 0.000000000000000000e+00 0.000000000000000000e+00 0.000000000000000000e+00 0.000000000000000000e+00 0.000000000000000000e+00 0.000000000000000000e+00 0.000000000000000000e+00 0.000000000000000000e+00 0.000000000000000000e+00
4.590322278956817104e-01 3.481300539127211713e-01 4.341691841185472689e-01 3.942043214039517851e-01 0.000000000000000000e+00 0.000000000000000000e+00 4.402962771694029498e-01 3.444971598410460079e-01 0.000000000000000000e+00 3.916241111111111728e-01 4.332156594202898892e-01 2.659790480923950873e-01 4.174241267973855529e-01 2.889931118164140722e-01 0.000000000000000000e+00 3.601007312780007408e-01 0.000000000000000000e+00 3.587028772148485589e-01 4.467363865144675095e-01 4.241680049786740181e-01 0.000000000000000000e+00 0.000000000000000000e+00 4.432731630064583594e-01 3.653645377461873789e-01 0.000000000000000000e+00 0.000000000000000000e+00 0.000000000000000000e+00 0.000000000000000000e+00 4.425741495426829264e-01 3.662264090272309702e-01 3.956764982368561334e-01 3.493882325702837299e-01 4.441558102939507924e-01 4.019355011234371777e-01 0.000000000000000000e+00 4.460671743756210450e-01 4.545109818181817807e-01 4.512473392857142551e-01 0.000000000000000000e+00 0.000000000000000000e+00 0.000000000000000000e+00 0.000000000000000000e+00 0.000000000000000000e+00 0.000000000000000000e+00 0.000000000000000000e+00 4.414350695918014544e-01 0.000000000000000000e+00 4.704372082423183832e-01 0.000000000000000000e+00 4.414624975502468018e-01 0.000000000000000000e+00 4.161161361217240451e-01 0.000000000000000000e+00 0.000000000000000000e+00 0.000000000000000000e+00 0.000000000000000000e+00 0.000000000000000000e+00 3.769501883204828818e-01 0.000000000000000000e+00 4.204470909486908714e-01 0.000000000000000000e+00 4.134603076100288876e-01 0.000000000000000000e+00 4.111167550708292318e-01 0.000000000000000000e+00 4.140515544281915261e-01 4.794053571428572025e-01 4.427330613487956978e-01 4.684840245901639166e-01 0.000000000000000000e+00 0.000000000000000000e+00 3.398520762579534948e-01 4.606970114149374074e-01 3.770448954489600268e-01 0.000000000000000000e+00 0.000000000000000000e+00 4.385913539673657602e-01 4.060675126607957153e-01 0.000000000000000000e+00 0.000000000000000000e+00 0.000000000000000000e+00 4.151980250022097585e-01 0.000000000000000000e+00 0.000000000000000000e+00 0.000000000000000000e+00 4.288074008015720917e-01 0.000000000000000000e+00 0.000000000000000000e+00 0.000000000000000000e+00 4.316671585518424559e-01 0.000000000000000000e+00 0.000000000000000000e+00 0.000000000000000000e+00 0.000000000000000000e+00 0.000000000000000000e+00 0.000000000000000000e+00 0.000000000000000000e+00 0.000000000000000000e+00 0.000000000000000000e+00 0.000000000000000000e+00 0.000000000000000000e+00 0.000000000000000000e+00 0.000000000000000000e+00 0.000000000000000000e+00 0.000000000000000000e+00 0.000000000000000000e+00 0.000000000000000000e+00 0.000000000000000000e+00 0.000000000000000000e+00 0.000000000000000000e+00 0.000000000000000000e+00 0.000000000000000000e+00 0.000000000000000000e+00 0.000000000000000000e+00 0.000000000000000000e+00 0.000000000000000000e+00
3.676982231376148547e-01 0.000000000000000000e+00 3.410490190429688040e-01 4.066988072541128374e-01 2.946012731345267754e-01 0.000000000000000000e+00 2.756620140557823895e-01 4.001740638147401885e-01 1.686933646707760859e-01 0.000000000000000000e+00 3.005275249283037575e-01 4.174241267973855529e-01 2.106537953273820707e-01 3.950532431369189745e-01 2.380454748489302941e-01 4.139071731092437423e-01 3.739108383294219018e-01 0.000000000000000000e+00 3.926263627548197133e-01 0.000000000000000000e+00 0.000000000000000000e+00 0.000000000000000000e+00 3.610444903150362705e-01 4.200465264833326273e-01 0.000000000000000000e+00 0.000000000000000000e+00 3.189411184096802021e-01 0.000000000000000000e+00 3.022086618503390665e-01 3.853725857142857314e-01 3.592228455777496943e-01 4.197978785439541727e-01 0.000000000000000000e+00 4.250232232728943238e-01 0.000000000000000000e+00 0.000000000000000000e+00 4.195594861111111573e-01 0.000000000000000000e+00 0.000000000000000000e+00 0.000000000000000000e+00 0.000000000000000000e+00 0.000000000000000000e+00 3.900867348988220629e-01 0.000000000000000000e+00 3.835431455696202696e-01 0.000000000000000000e+00 0.000000000000000000e+00 0.000000000000000000e+00 0.000000000000000000e+00 0.000000000000000000e+00 4.149558795501023800e-01 0.000000000000000000e+00 0.000000000000000000e+00 0.000000000000000000e+00 0.000000000000000000e+00 0.000000000000000000e+00 4.055310186108820325e-01 0.000000000000000000e+00 4.196311698865712869e-01 0.000000000000000000e+00 4.196426235690972617e-01 0.000000000000000000e+00 4.046100108845561150e-01 0.000000000000000000e+00 4.140281983500020413e-01 0.000000000000000000e+00 3.773409139216366004e-01 4.865886131386861213e-01 0.000000000000000000e+00 0.000000000000000000e+00 3.200518738850983147e-01 4.415025581468974836e-01 3.639264231964630114e-01 4.212722686012396744e-01 3.526777597660078478e-01 4.198151111111110279e-01 3.764269289377459304e-01 4.058776427743270854e-01 3.804919414405684708e-01 0.000000000000000000e+00 4.077319509247061546e-01 0.000000000000000000e+00 0.000000000000000000e+00 0.000000000000000000e+00 4.029944151651230766e-01 0.000000000000000000e+00 0.000000000000000000e+00 0.000000000000000000e+00 4.070494159292035175e-01 0.000000000000000000e+00 0.000000000000000000e+00 0.000000000000000000e+00 0.000000000000000000e+00 0.000000000000000000e+00 0.000000000000000000e+00 0.000000000000000000e+00 0.000000000000000000e+00 0.000000000000000000e+00 0.000000000000000000e+00 0.000000000000000000e+00 0.000000000000000000e+00 0.000000000000000000e+00 0.000000000000000000e+00 0.000000000000000000e+00 0.000000000000000000e+00 0.000000000000000000e+00 0.000000000000000000e+00 0.000000000000000000e+00 0.000000000000000000e+00 0.000000000000000000e+00 0.000000000000000000e+00 0.000000000000000000e+00 0.000000000000000000e+00 0.000000000000000000e+00 0.000000000000000000e+00 0.000000000000000000e+00
