2.728261866127159041e-01 4.836582148388458013e-01 3.248960499139121327e-01 4.999425536208175203e-01 0.000000000000000000e+00 0.000000000000000000e+00 3.371929779843731434e-01 4.711018196478920506e-01 0.000000000000000000e+00 0.000000000000000000e+00 3.078340562344155096e-01 4.821041229460648614e-01 3.555033405191899143e-01 0.000000000000000000e+00 3.617084729411764732e-01 0.000000000000000000e+00 3.161534695921008886e-01 4.872562504983409259e-01 3.901659657445372686e-01 5.050332350988832042e-01 0.000000000000000000e+00 0.000000000000000000e+00 3.771831967549206799e-01 4.823871805555555170e-01 0.000000000000000000e+00 0.000000000000000000e+00 0.000000000000000000e+00 0.000000000000000000e+00 3.816085297647351382e-01 4.843154648017401476e-01 4.054611472868217548e-01 4.212839139784946285e-01 4.235120270575583601e-01 4.771253133175406558e-01 0.000000000000000000e+00 0.000000000000000000e+00 4.463113386840353303e-01 4.978306334458567628e-01 5.067117167324569627e-01 0.000000000000000000e+00 0.000000000000000000e+00 0.000000000000000000e+00 0.000000000000000000e+00 0.000000000000000000e+00 0.000000000000000000e+00 0.000000000000000000e+00 0.000000000000000000e+00 5.239262592592592860e-01 4.256245714285714077e-01 5.469760300751880244e-01 3.831592249597858824e-01 0.000000000000000000e+00 3.572270973451326381e-01 0.000000000000000000e+00 3.720344146328703472e-01 0.000000000000000000e+00 2.713233207892236654e-01 4.704004328095776066e-01 4.078641526136507212e-01 4.836778794472116338e-01 3.630242306275279773e-01 0.000000000000000000e+00 3.580929674109452621e-01 4.754303410281394693e-01 3.644689892499085593e-01 4.735419357901343163e-01 4.282023889055028842e-01 4.931963000000000319e-01 3.100960194178992158e-01 4.924303829820184109e-01 3.558202783685375792e-01 5.096458831256438504e-01 3.711974522334785531e-01 4.832950531905957359e-01 0.000000000000000000e+00 0.000000000000000000e+00 3.727909588220290615e-01 4.742017915176535703e-01 0.000000000000000000e+00 0.000000000000000000e+00 3.777525799317280608e-01 4.709529262295082397e-01 0.000000000000000000e+00 0.000000000000000000e+00 3.778407915015778440e-01 0.000000000000000000e+00 3.823481250000000387e-01 0.000000000000000000e+00 4.008676367306181487e-01 4.620505303030303379e-01 4.278491016603584995e-01 4.441379311932089902e-01 4.156885071680335164e-01 5.150954642857142884e-01 4.300706580807687751e-01 4.785390457337468928e-01 4.741410127297110422e-01 4.819405006636204303e-01 4.660443869201717493e-01 4.269048353702372123e-01 4.386542706766917710e-01 4.140871487603305923e-01 4.336009563283398371e-01 4.289373414062500056e-01 4.406155207621182401e-01 4.417626545454546028e-01 4.844489411764705822e-01 0.000000000000000000e+00 0.000000000000000000e+00 0.000000000000000000e+00 0.000000000000000000e+00 4.254979099999999792e-01 4.381098219178082287e-01 0.000000000000000000e+00 3.553048369565217079e-01 0.000000000000000000e+00
4.836582148388458013e-01 2.657175073768101026e-01 4.866909415493466118e-01 3.144379503913337648e-01 0.000000000000000000e+00 3.344094520547945537e-01 4.852721573898867713e-01 3.116564561623487162e-01 0.000000000000000000e+00 3.121435523006674262e-01 4.901578026315790426e-01 3.333062601901009003e-01 4.389409732470334058e-01 3.583988605998614241e-01 0.000000000000000000e+00 3.796968149540518311e-01 4.870544038302987433e-01 3.180796806805781252e-01 5.073661143018302067e-01 3.683281239936800344e-01 0.000000000000000000e+00 0.000000000000000000e+00 4.503297299439276702e-01 4.020306565555555878e-01 0.000000000000000000e+00 0.000000000000000000e+00 0.000000000000000000e+00 0.000000000000000000e+00 4.827550077393834571e-01 3.770745405679205575e-01 0.000000000000000000e+00 0.000000000000000000e+00 5.022867965479779206e-01 4.218947936233561902e-01 5.022019767441860960e-01 0.000000000000000000e+00 5.182521681002909553e-01 4.603227511254296966e-01 5.270601467663639239e-01 4.065492285672480111e-01 0.000000000000000000e+00 0.000000000000000000e+00 4.818693333333333162e-01 0.000000000000000000e+00 5.113020200000001347e-01 0.000000000000000000e+00 0.000000000000000000e+00 4.503325819077901859e-01 0.000000000000000000e+00 4.418312487614329265e-01 0.000000000000000000e+00 4.062314780899405342e-01 0.000000000000000000e+00 3.761016395348837915e-01 0.000000000000000000e+00 3.688418988380389729e-01 4.929444836557594356e-01 3.120059555393873696e-01 4.995384717248468331e-01 4.003422167954518995e-01 4.982280712520150701e-01 3.801781042671522060e-01 4.470991750000000153e-01 3.723720990940063147e-01 4.295496279069767054e-01 3.725735591367992927e-01 5.128112991100940432e-01 3.768938644110432779e-01 5.130585322469356502e-01 3.119429575728779325e-01 4.822272039236378816e-01 3.535548459529540555e-01 4.798191038310283263e-01 3.772521660977888880e-01 0.000000000000000000e+00 3.938449821428570696e-01 4.761511881130428558e-01 3.782465912156299237e-01 0.000000000000000000e+00 0.000000000000000000e+00 4.995287503508567539e-01 3.912959701444283511e-01 0.000000000000000000e+00 0.000000000000000000e+00 4.700598572826069077e-01 3.874387898129810215e-01 0.000000000000000000e+00 4.240508640000000273e-01 0.000000000000000000e+00 4.081775208786327380e-01 3.862867749108899185e-01 4.716541666427865320e-01 4.120768935477779338e-01 4.258511904755522548e-01 4.337333418750518588e-01 4.242298150524240197e-01 4.628455075658509110e-01 4.300925454545454496e-01 4.735308688630491258e-01 4.446507063396982207e-01 3.931428278714436120e-01 3.868129823008849555e-01 0.000000000000000000e+00 4.251921557557852838e-01 4.318857696504688759e-01 4.250712491740932242e-01 0.000000000000000000e+00 0.000000000000000000e+00 0.000000000000000000e+00 0.000000000000000000e+00 4.441598461538461273e-01 4.537308375000000393e-01 0.000000000000000000e+00 0.000000000000000000e+00 0.000000000000000000e+00 0.000000000000000000e+00
3.248960499139121327e-01 4.866909415493466118e-01 2.687416952213923516e-01 4.717723515411930690e-01 1.735826624966492482e-01 4.139128640259359670e-01 2.939975299232281403e-01 4.670901776225848678e-01 2.693003892274120625e-01 4.314270618404039137e-01 3.898773203009036070e-01 4.930640896524115524e-01 3.369627584492044803e-01 4.470998454197525618e-01 2.932307654101253824e-01 4.280129455433144270e-01 3.890894165846159880e-01 4.798749976391137317e-01 2.899781231370721635e-01 4.901589430489459165e-01 3.486971025493024734e-01 0.000000000000000000e+00 2.392748709540260810e-01 4.389037249858977474e-01 2.962469655297094717e-01 4.241060792006218771e-01 3.099848519782189560e-01 3.479341890681003635e-01 3.444276156616606355e-01 4.704287573736047889e-01 3.438748001789815878e-01 4.242622218006168455e-01 3.960595366773871362e-01 4.848916764469474172e-01 4.380590537001896601e-01 0.000000000000000000e+00 4.011689525495246156e-01 4.835666258910453763e-01 3.930973688761640883e-01 4.753178477551020520e-01 3.788616888888888812e-01 0.000000000000000000e+00 4.293271164383561378e-01 5.552889191176469952e-01 0.000000000000000000e+00 4.452394868421053475e-01 0.000000000000000000e+00 0.000000000000000000e+00 4.304485723484175463e-01 5.004249430894308626e-01 3.999510658801392338e-01 4.722028981481481980e-01 3.848717459888855164e-01 0.000000000000000000e+00 3.856880775342216849e-01 0.000000000000000000e+00 3.786531498963265352e-01 4.387877177419354791e-01 4.319200097802933791e-01 5.073192521739130489e-01 3.689963157335112709e-01 0.000000000000000000e+00 3.472959143422622019e-01 4.437803801652892011e-01 3.809345033802607472e-01 0.000000000000000000e+00 4.515129261563226026e-01 4.588494436090225226e-01 2.436392828290528945e-01 0.000000000000000000e+00 3.689666666060638645e-01 4.750967471287740329e-01 3.509293888565140906e-01 4.498523090889570142e-01 2.789612674418604499e-01 0.000000000000000000e+00 3.898326389189610830e-01 4.577763907089569817e-01 0.000000000000000000e+00 0.000000000000000000e+00 3.821538729887372088e-01 0.000000000000000000e+00 3.626501945402298421e-01 0.000000000000000000e+00 3.750086361858745998e-01 0.000000000000000000e+00 0.000000000000000000e+00 0.000000000000000000e+00 3.834233143778926767e-01 0.000000000000000000e+00 4.003082793785363580e-01 4.402083581487789554e-01 3.762159593580808314e-01 4.349173582089552181e-01 4.148100866697459477e-01 4.271365972985348147e-01 4.000160743836541632e-01 4.135121367521367719e-01 0.000000000000000000e+00 4.545455137614678454e-01 0.000000000000000000e+00 4.113782291127819901e-01 3.948148251786230967e-01 4.252925924968846694e-01 4.358396155206738509e-01 4.148379551944325061e-01 0.000000000000000000e+00 0.000000000000000000e+00 0.000000000000000000e+00 0.000000000000000000e+00 0.000000000000000000e+00 3.919702371134020646e-01 0.000000000000000000e+00 4.308257731958763381e-01 0.000000000000000000e+00 0.000000000000000000e+00
4.999425536208175203e-01 3.144379503913337648e-01 4.717723515411930690e-01 2.450684381165481873e-01 4.143673666765931851e-01 1.509356378403292065e-01 4.580111987507241578e-01 3.113527852338890956e-01 4.364065687490390477e-01 2.713896405680150115e-01 4.743555083513834036e-01 3.924554937392059073e-01 4.477993428134272036e-01 3.380146286834128655e-01 4.305372562526199598e-01 3.072200683518936937e-01 4.923984478569320422e-01 4.097410658202048639e-01 4.931838702821681464e-01 2.807575750714249030e-01 0.000000000000000000e+00 0.000000000000000000e+00 4.414184488176536303e-01 2.254107622548179035e-01 4.353349195402298477e-01 3.000280221428531235e-01 0.000000000000000000e+00 3.172504011904762056e-01 4.838379912867620258e-01 3.509525135759427039e-01 4.109171666363168884e-01 3.180587393042521582e-01 4.780507629483614629e-01 3.609437429618058690e-01 0.000000000000000000e+00 4.066555425531915291e-01 5.305042929483904102e-01 4.224586734309694336e-01 0.000000000000000000e+00 4.428005583575330140e-01 0.000000000000000000e+00 0.000000000000000000e+00 0.000000000000000000e+00 0.000000000000000000e+00 0.000000000000000000e+00 4.712578063043157961e-01 0.000000000000000000e+00 0.000000000000000000e+00 0.000000000000000000e+00 4.331595149275174750e-01 0.000000000000000000e+00 4.454431746082924137e-01 0.000000000000000000e+00 4.145369375000000356e-01 0.000000000000000000e+00 3.733058371073434412e-01 5.179443883096717105e-01 3.912356795121149644e-01 4.663068859649121545e-01 4.421731059415424658e-01 0.000000000000000000e+00 3.792486148401377211e-01 4.587343565891472408e-01 3.880626918068532105e-01 5.238352363636363807e-01 3.781288412470384941e-01 5.066947215322248343e-01 4.316283347651290181e-01 5.062790375432841827e-01 3.550366647472527615e-01 4.906243941547062670e-01 3.705609518628836807e-01 4.578254102323715546e-01 3.607542026489064524e-01 0.000000000000000000e+00 0.000000000000000000e+00 4.596700683447954572e-01 3.950660095729073285e-01 0.000000000000000000e+00 0.000000000000000000e+00 4.710389709759267296e-01 4.026402309104268884e-01 0.000000000000000000e+00 0.000000000000000000e+00 0.000000000000000000e+00 3.917616290250919286e-01 0.000000000000000000e+00 0.000000000000000000e+00 0.000000000000000000e+00 3.864734156177851432e-01 4.332109456672678105e-01 4.469683243101749137e-01 4.317753188405797360e-01 3.987483481481481906e-01 4.267170986738640370e-01 4.024877901660839363e-01 4.109700000000000020e-01 0.000000000000000000e+00 0.000000000000000000e+00 4.360957656048906061e-01 0.000000000000000000e+00 0.000000000000000000e+00 4.292377352066333307e-01 4.178567694418758860e-01 0.000000000000000000e+00 4.407888924725275603e-01 0.000000000000000000e+00 4.106498269230769438e-01 0.000000000000000000e+00 0.000000000000000000e+00 0.000000000000000000e+00 4.108744017857142716e-01 4.336481954764284108e-01 0.000000000000000000e+00 0.000000000000000000e+00 0.000000000000000000e+00
0.000000000000000000e+00 0.000000000000000000e+00 1.735826624966492482e-01 4.143673666765931851e-01 2.090879340845790413e-01 4.553739803040952050e-01 2.886125003323858351e-01 0.000000000000000000e+00 2.295117925923164937e-01 4.448806422866297128e-01 0.000000000000000000e+00 0.000000000000000000e+00 3.064379620870251175e-01 4.163597974683543312e-01 2.618781056719711176e-01 4.084209096798213090e-01 0.000000000000000000e+00 0.000000000000000000e+00 0.000000000000000000e+00 0.000000000000000000e+00 3.598834925008875252e-01 4.597674844780220704e-01 2.048626004703876236e-01 4.623024054054054033e-01 2.220976554705069717e-01 4.030058192546916440e-01 1.955174860093130684e-01 4.373619019607843383e-01 2.948165388895894190e-01 0.000000000000000000e+00 3.750742487793292113e-01 3.680927953513727924e-01 0.000000000000000000e+00 0.000000000000000000e+00 0.000000000000000000e+00 0.000000000000000000e+00 4.017812030518180810e-01 0.000000000000000000e+00 3.914341605839415927e-01 0.000000000000000000e+00 3.738400261025310867e-01 0.000000000000000000e+00 4.453119541960626204e-01 0.000000000000000000e+00 4.229964275862068690e-01 0.000000000000000000e+00 4.061857779095509047e-01 0.000000000000000000e+00 0.000000000000000000e+00 0.000000000000000000e+00 4.210870569105690797e-01 0.000000000000000000e+00 0.000000000000000000e+00 0.000000000000000000e+00 0.000000000000000000e+00 0.000000000000000000e+00 0.000000000000000000e+00 0.000000000000000000e+00 0.000000000000000000e+00 0.000000000000000000e+00 0.000000000000000000e+00 0.000000000000000000e+00 0.000000000000000000e+00 0.000000000000000000e+00 0.000000000000000000e+00 0.000000000000000000e+00 0.000000000000000000e+00 0.000000000000000000e+00 0.000000000000000000e+00 0.000000000000000000e+00 3.407245615476227063e-01 4.725956205512572561e-01 3.250548060877840872e-01 0.000000000000000000e+00 0.000000000000000000e+00 0.000000000000000000e+00 3.170136469924297873e-01 0.000000000000000000e+00 0.000000000000000000e+00 0.000000000000000000e+00 0.000000000000000000e+00 0.000000000000000000e+00 3.538543255581550473e-01 0.000000000000000000e+00 3.822609216181712677e-01 0.000000000000000000e+00 3.547693470965309070e-01 0.000000000000000000e+00 4.050685727883538423e-01 0.000000000000000000e+00 0.000000000000000000e+00 0.000000000000000000e+00 0.000000000000000000e+00 0.000000000000000000e+00 0.000000000000000000e+00 0.000000000000000000e+00 0.000000000000000000e+00 0.000000000000000000e+00 0.000000000000000000e+00 0.000000000000000000e+00 0.000000000000000000e+00 0.000000000000000000e+00 0.000000000000000000e+00 0.000000000000000000e+00 0.000000000000000000e+00 0.000000000000000000e+00 0.000000000000000000e+00 0.000000000000000000e+00 0.000000000000000000e+00 0.000000000000000000e+00 0.000000000000000000e+00 0.000000000000000000e+00 0.000000000000000000e+00 0.000000000000000000e+00 0.000000000000000000e+00 0.000000000000000000e+00
0.000000000000000000e+00 3.344094520547945537e-01 4.139128640259359670e-01 1.509356378403292065e-01 4.553739803040952050e-01 2.178533595362406039e-01 4.164087042253520887e-01 1.518155151961813054e-01 4.181123747296301985e-01 2.469299323755693998e-01 0.000000000000000000e+00 3.522020196078430865e-01 4.545245982905983251e-01 3.304107639950057407e-01 4.452096904065041549e-01 2.728852521518066454e-01 0.000000000000000000e+00 4.123580487804877071e-01 0.000000000000000000e+00 0.000000000000000000e+00 4.670895004215361301e-01 3.847304670108596669e-01 4.358701408229604946e-01 1.617721175779746334e-01 4.339270750865493742e-01 2.652698488910252839e-01 4.812330880318228532e-01 2.004885810700519633e-01 0.000000000000000000e+00 3.037287496470992276e-01 4.118333014157802285e-01 3.491217990552927808e-01 0.000000000000000000e+00 3.660362656695156924e-01 0.000000000000000000e+00 0.000000000000000000e+00 0.000000000000000000e+00 0.000000000000000000e+00 0.000000000000000000e+00 0.000000000000000000e+00 0.000000000000000000e+00 0.000000000000000000e+00 0.000000000000000000e+00 0.000000000000000000e+00 0.000000000000000000e+00 0.000000000000000000e+00 0.000000000000000000e+00 0.000000000000000000e+00 0.000000000000000000e+00 0.000000000000000000e+00 0.000000000000000000e+00 0.000000000000000000e+00 0.000000000000000000e+00 0.000000000000000000e+00 0.000000000000000000e+00 0.000000000000000000e+00 0.000000000000000000e+00 0.000000000000000000e+00 0.000000000000000000e+00 0.000000000000000000e+00 0.000000000000000000e+00 0.000000000000000000e+00 0.000000000000000000e+00 3.327082077922077219e-01 0.000000000000000000e+00 0.000000000000000000e+00 0.000000000000000000e+00 3.322431228571428585e-01 0.000000000000000000e+00 0.000000000000000000e+00 4.589985632507210256e-01 3.355234826018889671e-01 0.000000000000000000e+00 3.109411591057028024e-01 0.000000000000000000e+00 2.795939913126293530e-01 0.000000000000000000e+00 3.530778916279905255e-01 0.000000000000000000e+00 0.000000000000000000e+00 0.000000000000000000e+00 3.773188418453131687e-01 0.000000000000000000e+00 0.000000000000000000e+00 0.000000000000000000e+00 3.807512209696434224e-01 0.000000000000000000e+00 0.000000000000000000e+00 0.000000000000000000e+00 4.157655852007469677e-01 0.000000000000000000e+00 0.000000000000000000e+00 0.000000000000000000e+00 0.000000000000000000e+00 0.000000000000000000e+00 0.000000000000000000e+00 0.000000000000000000e+00 0.000000000000000000e+00 0.000000000000000000e+00 0.000000000000000000e+00 0.000000000000000000e+00 0.000000000000000000e+00 0.000000000000000000e+00 0.000000000000000000e+00 0.000000000000000000e+00 0.000000000000000000e+00 0.000000000000000000e+00 0.000000000000000000e+00 0.000000000000000000e+00 0.000000000000000000e+00 0.000000000000000000e+00 0.000000000000000000e+00 0.000000000000000000e+00 0.000000000000000000e+00 0.000000000000000000e+00 0.000000000000000000e+00
3.371929779843731434e-01 4.852721573898867713e-01 2.939975299232281403e-01 4.580111987507241578e-01 2.886125003323858351e-01 4.164087042253520887e-01 2.877136269158497295e-01 4.595586771305955609e-01 3.091153929665221289e-01 4.624893251599146993e-01 3.293243532692934905e-01 4.831813695057538549e-01 2.974824849116143866e-01 4.457401553770514169e-01 3.267555697812528637e-01 4.436777291356263087e-01 3.874456651729773493e-01 4.967049696861979835e-01 3.595787273703476838e-01 4.765953936227160792e-01 0.000000000000000000e+00 0.000000000000000000e+00 3.346846084046187220e-01 4.485128532411132851e-01 3.357555306122449457e-01 4.002897969998052696e-01 0.000000000000000000e+00 4.230194763252702050e-01 3.566644511812625540e-01 4.694552045928941375e-01 3.360497415355866435e-01 4.318211251249774452e-01 3.899577087523707353e-01 4.832218581205444674e-01 0.000000000000000000e+00 0.000000000000000000e+00 4.086468521180992020e-01 4.656150664873748291e-01 0.000000000000000000e+00 0.000000000000000000e+00 0.000000000000000000e+00 0.000000000000000000e+00 4.404561929824561406e-01 0.000000000000000000e+00 0.000000000000000000e+00 0.000000000000000000e+00 3.878043849248570263e-01 0.000000000000000000e+00 4.285761379310344399e-01 0.000000000000000000e+00 3.738926524100395499e-01 0.000000000000000000e+00 0.000000000000000000e+00 0.000000000000000000e+00 3.728130866480645067e-01 4.214314733333333063e-01 3.583335624877487802e-01 0.000000000000000000e+00 3.877833506122888019e-01 4.632267272435897643e-01 3.624951818125640712e-01 4.357800661764705819e-01 3.528375826906765544e-01 4.529462549019607209e-01 3.627527646506122916e-01 0.000000000000000000e+00 4.250726077634430222e-01 4.710276929423724002e-01 3.728347159512361841e-01 4.644616239999999063e-01 3.743519750695049053e-01 4.867473541337717369e-01 3.469518187146856669e-01 4.573654257209231466e-01 0.000000000000000000e+00 0.000000000000000000e+00 3.844117875706829501e-01 4.557507672854773650e-01 0.000000000000000000e+00 0.000000000000000000e+00 3.707129604473263784e-01 0.000000000000000000e+00 0.000000000000000000e+00 0.000000000000000000e+00 3.803433041001323955e-01 0.000000000000000000e+00 0.000000000000000000e+00 0.000000000000000000e+00 4.005375701820537149e-01 0.000000000000000000e+00 3.920352113708159836e-01 0.000000000000000000e+00 0.000000000000000000e+00 4.192167870107770256e-01 4.049325080101361385e-01 4.054343342320470556e-01 0.000000000000000000e+00 0.000000000000000000e+00 0.000000000000000000e+00 0.000000000000000000e+00 0.000000000000000000e+00 0.000000000000000000e+00 4.190764630991735129e-01 4.022797801225659886e-01 4.450370337078652927e-01 0.000000000000000000e+00 0.000000000000000000e+00 0.000000000000000000e+00 0.000000000000000000e+00 0.000000000000000000e+00 0.000000000000000000e+00 0.000000000000000000e+00 0.000000000000000000e+00 0.000000000000000000e+00 0.000000000000000000e+00 0.000000000000000000e+00
4.711018196478920506e-01 3.116564561623487162e-01 4.670901776225848678e-01 3.113527852338890956e-01 0.000000000000000000e+00 1.518155151961813054e-01 4.595586771305955609e-01 2.438748946292930986e-01 4.178437597069423748e-01 2.741319997538794184e-01 4.767170910316905763e-01 3.131654540273993703e-01 4.410717795480868508e-01 2.612004887545587573e-01 4.441227502055580811e-01 2.994572174496722416e-01 4.751488513679436587e-01 3.892266744669089507e-01 4.840343689293601370e-01 3.718179204559115547e-01 3.328905671641790853e-01 0.000000000000000000e+00 4.474521713219640207e-01 3.059308260686513514e-01 4.466063236373070122e-01 2.907223607338238480e-01 0.000000000000000000e+00 3.180883076923076702e-01 4.579191826691104694e-01 3.369563489467465311e-01 4.015547487367134849e-01 3.246079012086903748e-01 4.747059300559866579e-01 3.772510112937967341e-01 0.000000000000000000e+00 4.557940608552631945e-01 4.729383681578946952e-01 4.128423121063994894e-01 0.000000000000000000e+00 4.471775178757850244e-01 0.000000000000000000e+00 0.000000000000000000e+00 0.000000000000000000e+00 3.840993690476190436e-01 0.000000000000000000e+00 4.084096810013325696e-01 0.000000000000000000e+00 4.171509965099715611e-01 0.000000000000000000e+00 3.865831723551872989e-01 0.000000000000000000e+00 3.735271744220735046e-01 0.000000000000000000e+00 4.290225600358423264e-01 0.000000000000000000e+00 3.727558003601711412e-01 4.757095733823529238e-01 3.622035254703516727e-01 4.909670882009610771e-01 4.109908780090049674e-01 4.466233393696820153e-01 3.693700802297966712e-01 4.593618861788617558e-01 3.707481782562326855e-01 0.000000000000000000e+00 3.676477278720146624e-01 4.868455153465087726e-01 4.169596005693642082e-01 4.715498760330578687e-01 4.240036735774819210e-01 4.797780264621858137e-01 3.480749473798415150e-01 4.422808201817998719e-01 3.446934649229591585e-01 0.000000000000000000e+00 3.319810682926829792e-01 4.524392205997264660e-01 3.830318913754414689e-01 0.000000000000000000e+00 0.000000000000000000e+00 0.000000000000000000e+00 3.864657648465255613e-01 0.000000000000000000e+00 0.000000000000000000e+00 0.000000000000000000e+00 3.781190103173523998e-01 0.000000000000000000e+00 0.000000000000000000e+00 4.159689817073171647e-01 3.908646563247888395e-01 4.247496503067484941e-01 0.000000000000000000e+00 0.000000000000000000e+00 0.000000000000000000e+00 4.283886052631579733e-01 4.407482903481012571e-01 0.000000000000000000e+00 0.000000000000000000e+00 3.783474561403508685e-01 0.000000000000000000e+00 0.000000000000000000e+00 0.000000000000000000e+00 4.082347751479289411e-01 0.000000000000000000e+00 4.584192530754972461e-01 0.000000000000000000e+00 0.000000000000000000e+00 4.262303557692307399e-01 0.000000000000000000e+00 0.000000000000000000e+00 0.000000000000000000e+00 0.000000000000000000e+00 0.000000000000000000e+00 4.078588470970970770e-01 0.000000000000000000e+00 0.000000000000000000e+00
0.000000000000000000e+00 0.000000000000000000e+00 2.693003892274120625e-01 4.364065687490390477e-01 2.295117925923164937e-01 4.181123747296301985e-01 3.091153929665221289e-01 4.178437597069423748e-01 2.186745468194413178e-01 4.277897995760930883e-01 3.505077499999999513e-01 0.000000000000000000e+00 3.320647341513155992e-01 3.421861000000000486e-01 2.266786528685467428e-01 4.253998769733304819e-01 3.950957636363636727e-01 0.000000000000000000e+00 4.112140245901639846e-01 4.106433655172413433e-01 3.568506152931023578e-01 0.000000000000000000e+00 3.327145567627908251e-01 3.953429378175541964e-01 3.240997783914170705e-01 3.869061620255414558e-01 3.049341250000000558e-01 0.000000000000000000e+00 2.806682760589817582e-01 0.000000000000000000e+00 3.343826433605346371e-01 4.197375775085619987e-01 3.863029591836734666e-01 0.000000000000000000e+00 0.000000000000000000e+00 0.000000000000000000e+00 0.000000000000000000e+00 0.000000000000000000e+00 0.000000000000000000e+00 0.000000000000000000e+00 3.698052827583235280e-01 0.000000000000000000e+00 4.102561937984496310e-01 0.000000000000000000e+00 0.000000000000000000e+00 0.000000000000000000e+00 4.223729143939394248e-01 0.000000000000000000e+00 0.000000000000000000e+00 0.000000000000000000e+00 0.000000000000000000e+00 0.000000000000000000e+00 0.000000000000000000e+00 0.000000000000000000e+00 0.000000000000000000e+00 0.000000000000000000e+00 0.000000000000000000e+00 0.000000000000000000e+00 0.000000000000000000e+00 0.000000000000000000e+00 4.000668888888888608e-01 0.000000000000000000e+00 3.950911386138613590e-01 0.000000000000000000e+00 3.966182549019608983e-01 0.000000000000000000e+00 0.000000000000000000e+00 0.000000000000000000e+00 0.000000000000000000e+00 0.000000000000000000e+00 2.980781570360630517e-01 4.729733318527651886e-01 3.125653402734698827e-01 4.550795857142858059e-01 0.000000000000000000e+00 0.000000000000000000e+00 3.352300489914827875e-01 3.912503210580469126e-01 0.000000000000000000e+00 0.000000000000000000e+00 3.757345714285714178e-01 0.000000000000000000e+00 3.786094759158751266e-01 0.000000000000000000e+00 3.973835238571459816e-01 0.000000000000000000e+00 0.000000000000000000e+00 0.000000000000000000e+00 4.039708155945418433e-01 0.000000000000000000e+00 0.000000000000000000e+00 0.000000000000000000e+00 0.000000000000000000e+00 0.000000000000000000e+00 0.000000000000000000e+00 0.000000000000000000e+00 0.000000000000000000e+00 0.000000000000000000e+00 0.000000000000000000e+00 0.000000000000000000e+00 0.000000000000000000e+00 0.000000000000000000e+00 0.000000000000000000e+00 0.000000000000000000e+00 3.453596419753086622e-01 0.000000000000000000e+00 0.000000000000000000e+00 0.000000000000000000e+00 0.000000000000000000e+00 0.000000000000000000e+00 0.000000000000000000e+00 0.000000000000000000e+00 0.000000000000000000e+00 0.000000000000000000e+00 0.000000000000000000e+00 0.000000000000000000e+00
0.000000000000000000e+00 3.121435523006674262e-01 4.314270618404039137e-01 2.713896405680150115e-01 4.448806422866297128e-01 2.469299323755693998e-01 4.624893251599146993e-01 2.741319997538794184e-01 4.277897995760930883e-01 2.507345844039965410e-01 0.000000000000000000e+00 3.169142170571507822e-01 4.404630799999998958e-01 3.373119285278168289e-01 4.447981665494833980e-01 2.657931936816894658e-01 0.000000000000000000e+00 0.000000000000000000e+00 0.000000000000000000e+00 3.397571262626262745e-01 0.000000000000000000e+00 3.033125885780886266e-01 4.252797756919735606e-01 3.346901540868135738e-01 4.370441646589716123e-01 2.948094145018153034e-01 4.355648636363636528e-01 2.378866739631336769e-01 4.435527910447761291e-01 3.227329568019283168e-01 4.033461442564056365e-01 3.470062815490511099e-01 4.678540612172192859e-01 3.591543915466333670e-01 0.000000000000000000e+00 0.000000000000000000e+00 0.000000000000000000e+00 0.000000000000000000e+00 0.000000000000000000e+00 0.000000000000000000e+00 0.000000000000000000e+00 0.000000000000000000e+00 0.000000000000000000e+00 0.000000000000000000e+00 0.000000000000000000e+00 0.000000000000000000e+00 0.000000000000000000e+00 0.000000000000000000e+00 0.000000000000000000e+00 0.000000000000000000e+00 0.000000000000000000e+00 0.000000000000000000e+00 0.000000000000000000e+00 0.000000000000000000e+00 0.000000000000000000e+00 0.000000000000000000e+00 0.000000000000000000e+00 0.000000000000000000e+00 0.000000000000000000e+00 0.000000000000000000e+00 0.000000000000000000e+00 3.454442523364485429e-01 0.000000000000000000e+00 3.780833832601577793e-01 0.000000000000000000e+00 3.198413751842752450e-01 0.000000000000000000e+00 0.000000000000000000e+00 0.000000000000000000e+00 0.000000000000000000e+00 5.114349787234041544e-01 3.141270426207329325e-01 4.769585763400531198e-01 3.226949387028809624e-01 0.000000000000000000e+00 3.215387485380116761e-01 0.000000000000000000e+00 3.426437097492789352e-01 0.000000000000000000e+00 0.000000000000000000e+00 0.000000000000000000e+00 4.050413465701014903e-01 0.000000000000000000e+00 0.000000000000000000e+00 0.000000000000000000e+00 3.715304112582044627e-01 0.000000000000000000e+00 0.000000000000000000e+00 0.000000000000000000e+00 3.891833395286302122e-01 0.000000000000000000e+00 0.000000000000000000e+00 0.000000000000000000e+00 0.000000000000000000e+00 0.000000000000000000e+00 0.000000000000000000e+00 0.000000000000000000e+00 0.000000000000000000e+00 0.000000000000000000e+00 0.000000000000000000e+00 0.000000000000000000e+00 0.000000000000000000e+00 0.000000000000000000e+00 0.000000000000000000e+00 0.000000000000000000e+00 0.000000000000000000e+00 0.000000000000000000e+00 0.000000000000000000e+00 0.000000000000000000e+00 0.000000000000000000e+00 0.000000000000000000e+00 0.000000000000000000e+00 0.000000000000000000e+00 0.000000000000000000e+00 0.000000000000000000e+00 0.000000000000000000e+00
3.078340562344155096e-01 4.901578026315790426e-01 3.898773203009036070e-01 4.743555083513834036e-01 0.000000000000000000e+00 0.000000000000000000e+00 3.293243532692934905e-01 4.767170910316905763e-01 3.505077499999999513e-01 0.000000000000000000e+00 2.886503618879121547e-01 4.861082742472846996e-01 3.269972036678028271e-01 4.420650007455315667e-01 3.468141287878787615e-01 0.000000000000000000e+00 3.549080847513530479e-01 5.172823020833333674e-01 4.028413657292644889e-01 4.816683964022963060e-01 4.642210166666667082e-01 0.000000000000000000e+00 3.903547732853071550e-01 4.287956160892074653e-01 0.000000000000000000e+00 0.000000000000000000e+00 0.000000000000000000e+00 0.000000000000000000e+00 4.223040921478881660e-01 5.026936849315069011e-01 4.041061093218178413e-01 4.255636354589449333e-01 4.081218417442024071e-01 4.850797286410155618e-01 4.138820266666666248e-01 0.000000000000000000e+00 4.211883584557422622e-01 0.000000000000000000e+00 0.000000000000000000e+00 0.000000000000000000e+00 0.000000000000000000e+00 0.000000000000000000e+00 0.000000000000000000e+00 0.000000000000000000e+00 0.000000000000000000e+00 0.000000000000000000e+00 0.000000000000000000e+00 0.000000000000000000e+00 0.000000000000000000e+00 0.000000000000000000e+00 3.677140023448448036e-01 0.000000000000000000e+00 3.468686034482758584e-01 0.000000000000000000e+00 3.781997297907065958e-01 0.000000000000000000e+00 3.763783763014343919e-01 0.000000000000000000e+00 4.031123169933596984e-01 0.000000000000000000e+00 4.039122102976778761e-01 0.000000000000000000e+00 3.889522275260521300e-01 0.000000000000000000e+00 3.906105826114586455e-01 0.000000000000000000e+00 4.349863308532969652e-01 0.000000000000000000e+00 4.632788969275362101e-01 0.000000000000000000e+00 3.732494909722742782e-01 5.097351834856289621e-01 3.984141801686507667e-01 4.463160459770114108e-01 0.000000000000000000e+00 0.000000000000000000e+00 4.109143394206607458e-01 4.688178473532773616e-01 0.000000000000000000e+00 0.000000000000000000e+00 3.931094653549807028e-01 4.483445703125000237e-01 0.000000000000000000e+00 0.000000000000000000e+00 4.081472033354037743e-01 0.000000000000000000e+00 4.042924274193548939e-01 0.000000000000000000e+00 4.186223626208534498e-01 0.000000000000000000e+00 4.176376847457626273e-01 4.337909223300970840e-01 0.000000000000000000e+00 0.000000000000000000e+00 0.000000000000000000e+00 0.000000000000000000e+00 0.000000000000000000e+00 0.000000000000000000e+00 0.000000000000000000e+00 0.000000000000000000e+00 0.000000000000000000e+00 0.000000000000000000e+00 0.000000000000000000e+00 0.000000000000000000e+00 4.297725869565217627e-01 0.000000000000000000e+00 0.000000000000000000e+00 0.000000000000000000e+00 0.000000000000000000e+00 0.000000000000000000e+00 0.000000000000000000e+00 0.000000000000000000e+00 0.000000000000000000e+00 0.000000000000000000e+00 0.000000000000000000e+00 0.000000000000000000e+00
4.821041229460648614e-01 3.333062601901009003e-01 4.930640896524115524e-01 3.924554937392059073e-01 0.000000000000000000e+00 3.522020196078430865e-01 4.831813695057538549e-01 3.131654540273993703e-01 0.000000000000000000e+00 3.169142170571507822e-01 4.861082742472846996e-01 2.880942521498750519e-01 4.565327889125270766e-01 2.709137608422585441e-01 0.000000000000000000e+00 3.486042624719805083e-01 4.832488076771173646e-01 3.697876384070200584e-01 4.928493297462673284e-01 4.034213291839462978e-01 0.000000000000000000e+00 0.000000000000000000e+00 4.407549172663303150e-01 3.746176639941884989e-01 0.000000000000000000e+00 0.000000000000000000e+00 0.000000000000000000e+00 0.000000000000000000e+00 0.000000000000000000e+00 3.716542844337439866e-01 4.329071991181686618e-01 3.607291918229443839e-01 4.732325229501324060e-01 3.829990234933753346e-01 0.000000000000000000e+00 4.328016666666668066e-01 4.947087476635513292e-01 4.289789742063491729e-01 0.000000000000000000e+00 4.671425252177068277e-01 0.000000000000000000e+00 0.000000000000000000e+00 0.000000000000000000e+00 0.000000000000000000e+00 0.000000000000000000e+00 0.000000000000000000e+00 0.000000000000000000e+00 0.000000000000000000e+00 0.000000000000000000e+00 4.380218740511915287e-01 0.000000000000000000e+00 3.829604444444444367e-01 0.000000000000000000e+00 0.000000000000000000e+00 0.000000000000000000e+00 0.000000000000000000e+00 0.000000000000000000e+00 3.835791772889315387e-01 0.000000000000000000e+00 4.504873145696275949e-01 0.000000000000000000e+00 3.841618032367499214e-01 0.000000000000000000e+00 3.868900979572290622e-01 0.000000000000000000e+00 3.816598961054201156e-01 4.955251944699569644e-01 4.220357432054624436e-01 0.000000000000000000e+00 0.000000000000000000e+00 4.993162388816966279e-01 3.624990132644592689e-01 4.664241064218023203e-01 3.818869000173766848e-01 0.000000000000000000e+00 0.000000000000000000e+00 4.619509437046722122e-01 4.074743940608058224e-01 0.000000000000000000e+00 0.000000000000000000e+00 0.000000000000000000e+00 4.005856096854585879e-01 0.000000000000000000e+00 0.000000000000000000e+00 0.000000000000000000e+00 4.179773780519593918e-01 0.000000000000000000e+00 3.696005945945946003e-01 0.000000000000000000e+00 4.267451004631770406e-01 0.000000000000000000e+00 0.000000000000000000e+00 0.000000000000000000e+00 0.000000000000000000e+00 0.000000000000000000e+00 4.265060625000000050e-01 4.637510624999999775e-01 0.000000000000000000e+00 0.000000000000000000e+00 0.000000000000000000e+00 0.000000000000000000e+00 0.000000000000000000e+00 0.000000000000000000e+00 0.000000000000000000e+00 4.711901477272727456e-01 4.101023936170212769e-01 0.000000000000000000e+00 0.000000000000000000e+00 0.000000000000000000e+00 0.000000000000000000e+00 0.000000000000000000e+00 0.000000000000000000e+00 0.000000000000000000e+00 0.000000000000000000e+00 0.000000000000000000e+00 0.000000000000000000e+00
3.555033405191899143e-01 4.389409732470334058e-01 3.369627584492044803e-01 4.477993428134272036e-01 3.064379620870251175e-01 4.545245982905983251e-01 2.974824849116143866e-01 4.410717795480868508e-01 3.320647341513155992e-01 4.404630799999998958e-01 3.269972036678028271e-01 4.565327889125270766e-01 2.610114963922182674e-01 4.331099992526056264e-01 2.538564798345553930e-01 4.426803687038882718e-01 3.721243864325503581e-01 0.000000000000000000e+00 3.932746381250457057e-01 4.744564283568938889e-01 0.000000000000000000e+00 3.574851612903225395e-01 3.431282729779206453e-01 4.210356718251212493e-01 4.690153193277311616e-01 4.745436785714286509e-01 0.000000000000000000e+00 0.000000000000000000e+00 3.119634859178316844e-01 4.599388677138783188e-01 3.233172255197346301e-01 4.161265097474673991e-01 3.827105802595025530e-01 4.727934136695834955e-01 0.000000000000000000e+00 0.000000000000000000e+00 4.170137387053685640e-01 0.000000000000000000e+00 3.993335851851851914e-01 0.000000000000000000e+00 0.000000000000000000e+00 0.000000000000000000e+00 0.000000000000000000e+00 0.000000000000000000e+00 0.000000000000000000e+00 0.000000000000000000e+00 4.235483648648648569e-01 0.000000000000000000e+00 0.000000000000000000e+00 0.000000000000000000e+00 4.025501069384589403e-01 0.000000000000000000e+00 0.000000000000000000e+00 0.000000000000000000e+00 3.774857061661645030e-01 0.000000000000000000e+00 3.878248075701489217e-01 0.000000000000000000e+00 3.941555428571428266e-01 0.000000000000000000e+00 4.065327029145415771e-01 0.000000000000000000e+00 3.943451007143483622e-01 0.000000000000000000e+00 4.019629532690983664e-01 0.000000000000000000e+00 4.392400267665130809e-01 0.000000000000000000e+00 3.899817752808988902e-01 4.721365099337747617e-01 3.374606884472618473e-01 4.716847445146523654e-01 3.674069475639162863e-01 4.353534621914427749e-01 3.098371212121212026e-01 4.745786000000001281e-01 3.768939708822039436e-01 4.517409070464597498e-01 3.629224550273598138e-01 0.000000000000000000e+00 3.899508721428346369e-01 0.000000000000000000e+00 3.895970000000000821e-01 0.000000000000000000e+00 4.078375789208621982e-01 0.000000000000000000e+00 3.939733244578713656e-01 0.000000000000000000e+00 4.214147901914573335e-01 0.000000000000000000e+00 0.000000000000000000e+00 0.000000000000000000e+00 0.000000000000000000e+00 4.072827609243698799e-01 4.633753764705882405e-01 0.000000000000000000e+00 0.000000000000000000e+00 0.000000000000000000e+00 0.000000000000000000e+00 0.000000000000000000e+00 0.000000000000000000e+00 0.000000000000000000e+00 0.000000000000000000e+00 0.000000000000000000e+00 0.000000000000000000e+00 0.000000000000000000e+00 4.137331699999999279e-01 0.000000000000000000e+00 0.000000000000000000e+00 0.000000000000000000e+00 3.678680774647887786e-01 0.000000000000000000e+00 0.000000000000000000e+00 0.000000000000000000e+00 0.000000000000000000e+00 0.000000000000000000e+00
