2.852452119216484783e-01 4.892239314109562143e-01 3.770290272543736498e-01 4.902706176510423508e-01 3.969105292284547670e-01 0.000000000000000000e+00 3.365990682390844757e-01 4.492720754700754160e-01 3.828124746685527269e-01 0.000000000000000000e+00 3.161949257201365771e-01 4.966520442477875830e-01 3.617848270137911659e-01 0.000000000000000000e+00 3.843206333609640590e-01 0.000000000000000000e+00 3.196467211262860042e-01 4.849552760689498365e-01 3.851201640519059111e-01 4.978157495867460147e-01 0.000000000000000000e+00 0.000000000000000000e+00 3.757017456662644084e-01 4.366940249999999857e-01 0.000000000000000000e+00 0.000000000000000000e+00 0.000000000000000000e+00 0.000000000000000000e+00 3.933596004186463713e-01 4.491939125000000144e-01 4.395967445546842267e-01 4.174664313304208840e-01 3.770451405186052152e-01 4.881828116472700652e-01 0.000000000000000000e+00 0.000000000000000000e+00 4.571866282932033343e-01 0.000000000000000000e+00 5.200918689752790369e-01 0.000000000000000000e+00 3.937673007048813623e-01 0.000000000000000000e+00 0.000000000000000000e+00 0.000000000000000000e+00 4.240231068324371577e-01 0.000000000000000000e+00 4.293865517405295318e-01 0.000000000000000000e+00 4.024147256672132578e-01 4.991900806451612937e-01 4.057406782797141065e-01 0.000000000000000000e+00 4.230245277279084393e-01 0.000000000000000000e+00 4.151148019098729325e-01 0.000000000000000000e+00 2.958232334945092856e-01 4.786875546311468721e-01 4.148056207950425178e-01 5.099559999999999649e-01 3.979978973348028970e-01 5.001522862103174871e-01 3.526144590754535235e-01 0.000000000000000000e+00 4.039355008477236164e-01 4.691063266563945122e-01 4.263493039955382757e-01 5.064408713265867723e-01 3.426193014038325102e-01 4.965776450011736842e-01 3.519606744967943568e-01 4.163101562500000075e-01 3.848976591816222759e-01 4.218655428571428390e-01 4.052802773370509648e-01 0.000000000000000000e+00 3.942178796055575973e-01 4.772061647353585956e-01 3.181771937545787576e-01 0.000000000000000000e+00 3.634916252503237466e-01 4.732979108910891908e-01 4.022561782563025545e-01 0.000000000000000000e+00 4.201771189859101474e-01 0.000000000000000000e+00 4.230212157531614281e-01 0.000000000000000000e+00 4.183938265504337783e-01 0.000000000000000000e+00 4.394071367845369669e-01 0.000000000000000000e+00 4.550313164582855396e-01 4.207896201550387905e-01 4.382209517488191430e-01 0.000000000000000000e+00 0.000000000000000000e+00 0.000000000000000000e+00 5.072520722636816304e-01 4.449356431047932769e-01 4.178740511739229557e-01 0.000000000000000000e+00 4.479810916671028154e-01 0.000000000000000000e+00 4.466471319567325571e-01 4.750996678565184150e-01 4.577146429472573885e-01 0.000000000000000000e+00 0.000000000000000000e+00 0.000000000000000000e+00 0.000000000000000000e+00 4.737880555555556428e-01 4.658294297520660932e-01 0.000000000000000000e+00 0.000000000000000000e+00 4.714001153846154590e-01
4.892239314109562143e-01 2.994883634648408677e-01 4.932807745467976401e-01 3.864117388272051423e-01 0.000000000000000000e+00 4.273552536719706363e-01 4.725184007708371214e-01 3.119659768126597510e-01 0.000000000000000000e+00 3.691955071504944841e-01 4.915001854139471882e-01 3.360038396027392182e-01 4.906880326086958122e-01 3.787249313834087361e-01 0.000000000000000000e+00 3.850025554806741357e-01 4.816253638829949835e-01 3.581602275366191912e-01 5.021126077250551711e-01 3.815319230044127985e-01 0.000000000000000000e+00 0.000000000000000000e+00 4.775659417699316123e-01 3.568156694683555230e-01 0.000000000000000000e+00 0.000000000000000000e+00 0.000000000000000000e+00 0.000000000000000000e+00 4.840369566725335471e-01 4.113646183793379096e-01 4.570535482239164171e-01 3.931315000000000226e-01 4.962559889278399528e-01 4.339049615406134763e-01 4.623969626168223934e-01 0.000000000000000000e+00 0.000000000000000000e+00 5.243209794315095706e-01 0.000000000000000000e+00 5.348391664349123609e-01 0.000000000000000000e+00 4.370942967538073431e-01 0.000000000000000000e+00 0.000000000000000000e+00 0.000000000000000000e+00 0.000000000000000000e+00 0.000000000000000000e+00 4.072292718446601789e-01 0.000000000000000000e+00 4.178456515594372034e-01 4.794610249999999851e-01 3.995062077215504881e-01 0.000000000000000000e+00 4.083505514018691551e-01 0.000000000000000000e+00 4.137005294320783566e-01 4.823393189485967181e-01 3.090980383921644314e-01 5.235826607142857192e-01 4.165306370588796048e-01 4.909940560747663718e-01 4.045537936876028029e-01 0.000000000000000000e+00 3.917170101183219955e-01 5.048794365079364299e-01 3.971932842230321281e-01 5.071905645824673625e-01 4.016844326228840023e-01 5.048936712370564184e-01 3.346493727841105548e-01 4.991785080719117196e-01 3.557779293724234737e-01 4.813985289626885877e-01 4.026965740424587326e-01 0.000000000000000000e+00 4.516187907920590217e-01 4.655418502793737812e-01 4.195884612591097018e-01 0.000000000000000000e+00 0.000000000000000000e+00 0.000000000000000000e+00 4.355155145057604815e-01 0.000000000000000000e+00 4.172976810867108366e-01 4.474466206896551834e-01 4.222226132239897956e-01 0.000000000000000000e+00 4.502409744872745145e-01 0.000000000000000000e+00 4.228116473908677397e-01 4.746563333333334023e-01 4.624720655949941528e-01 0.000000000000000000e+00 4.660437181308216825e-01 4.802925463133639883e-01 4.777026037337944731e-01 0.000000000000000000e+00 0.000000000000000000e+00 0.000000000000000000e+00 4.929937319751522273e-01 0.000000000000000000e+00 0.000000000000000000e+00 4.549959172837321764e-01 4.542770836431924697e-01 4.521438714738996723e-01 4.607285793146670416e-01 0.000000000000000000e+00 4.590488670100925095e-01 0.000000000000000000e+00 0.000000000000000000e+00 0.000000000000000000e+00 0.000000000000000000e+00 0.000000000000000000e+00 3.943869909909910043e-01 0.000000000000000000e+00 4.213912875208678521e-01
3.770290272543736498e-01 4.932807745467976401e-01 2.616036678093952017e-01 4.722061400453049784e-01 1.986490346637193039e-01 4.514766558452386058e-01 3.307582147880916978e-01 4.596273001826479132e-01 1.823983194450612411e-01 4.503950795139865515e-01 4.005880263909414873e-01 4.843425422237396805e-01 3.512212895987727457e-01 4.486215899538800733e-01 3.123968969550842134e-01 4.450666529302682584e-01 4.027043760574243181e-01 4.943440176552361676e-01 3.165878300052630823e-01 5.039132931360655876e-01 4.166569572002042920e-01 0.000000000000000000e+00 2.656061072820921631e-01 4.676287734729092094e-01 3.113717657816269524e-01 4.716705181745347586e-01 3.130064861708741208e-01 4.521291113886113378e-01 3.695739391317304223e-01 4.775174724807354498e-01 3.926702376192035548e-01 4.587650470784075951e-01 4.254265926630623196e-01 4.895762909899346038e-01 5.090710389610387798e-01 0.000000000000000000e+00 4.431561659834398759e-01 0.000000000000000000e+00 0.000000000000000000e+00 0.000000000000000000e+00 3.920323652624306265e-01 0.000000000000000000e+00 4.701094041095890685e-01 0.000000000000000000e+00 4.066148396226414441e-01 0.000000000000000000e+00 4.868956598639456734e-01 0.000000000000000000e+00 4.238917946756186605e-01 0.000000000000000000e+00 4.194946520430875569e-01 0.000000000000000000e+00 4.061937797294228325e-01 0.000000000000000000e+00 4.039718467213297970e-01 0.000000000000000000e+00 4.135601837682238435e-01 4.962639361702127494e-01 4.300498944097953524e-01 4.966743358208955406e-01 3.999708654558685739e-01 0.000000000000000000e+00 3.926703037129786189e-01 0.000000000000000000e+00 3.908699884915714517e-01 0.000000000000000000e+00 4.343177102240428078e-01 5.211349930555555510e-01 3.972142307707006159e-01 5.036640590735599332e-01 3.797656737698522078e-01 4.918047178049590462e-01 3.933290043165228456e-01 4.756278472096989174e-01 3.948759824681631336e-01 0.000000000000000000e+00 4.019055872191630852e-01 4.472789296379595658e-01 0.000000000000000000e+00 0.000000000000000000e+00 3.783009452596335920e-01 4.301436282051283033e-01 4.464005121951219457e-01 0.000000000000000000e+00 3.956201802749302887e-01 4.458348178253119798e-01 0.000000000000000000e+00 0.000000000000000000e+00 3.930639338915115077e-01 0.000000000000000000e+00 4.441469576977929989e-01 0.000000000000000000e+00 4.386529566120341284e-01 4.465470073529412276e-01 4.474044494855684562e-01 0.000000000000000000e+00 0.000000000000000000e+00 4.230575649350650225e-01 4.554190338983050146e-01 4.369219126984126289e-01 0.000000000000000000e+00 0.000000000000000000e+00 4.356159044117647317e-01 4.437429922480620181e-01 4.658943904495256305e-01 4.528922909638009031e-01 4.739741053650442515e-01 0.000000000000000000e+00 0.000000000000000000e+00 0.000000000000000000e+00 0.000000000000000000e+00 0.000000000000000000e+00 0.000000000000000000e+00 0.000000000000000000e+00 0.000000000000000000e+00 0.000000000000000000e+00
4.902706176510423508e-01 3.864117388272051423e-01 4.722061400453049784e-01 2.708510280201170128e-01 4.660207126816743317e-01 1.777404187890112286e-01 4.727425211909401237e-01 3.376646230350295319e-01 4.703298971848044463e-01 3.215333510423130092e-01 4.941446890400064129e-01 4.173010481244081027e-01 4.603241185729716745e-01 3.747340456027950517e-01 4.496892585340189208e-01 3.541995603687799754e-01 4.844475279502918896e-01 4.083926642043992361e-01 4.950792284877236216e-01 3.069103543138342882e-01 4.884973214285714960e-01 0.000000000000000000e+00 4.628445231931127002e-01 2.800768412578876765e-01 4.487412807529611025e-01 2.964526528647882797e-01 4.364761613221166958e-01 3.312785970822121895e-01 4.938892071841041731e-01 3.851854454633517055e-01 4.379136304177346783e-01 3.803536978621002707e-01 4.958845187340216176e-01 4.315178472502433360e-01 0.000000000000000000e+00 4.762658196112515840e-01 0.000000000000000000e+00 5.111868696571545412e-01 0.000000000000000000e+00 5.474469565217393585e-01 0.000000000000000000e+00 4.447229590332907323e-01 0.000000000000000000e+00 4.429654342105262543e-01 0.000000000000000000e+00 4.694203716535433335e-01 0.000000000000000000e+00 5.110642278481012379e-01 0.000000000000000000e+00 4.517162636223063799e-01 0.000000000000000000e+00 4.353658858114120567e-01 0.000000000000000000e+00 0.000000000000000000e+00 0.000000000000000000e+00 4.095073021732535401e-01 0.000000000000000000e+00 4.247729322022114062e-01 0.000000000000000000e+00 4.405889822366275133e-01 0.000000000000000000e+00 4.083141857652162754e-01 0.000000000000000000e+00 4.086675576909258312e-01 0.000000000000000000e+00 4.457339024350120971e-01 5.029824796612624160e-01 4.545347323211237911e-01 5.053658086323759013e-01 4.199264506793579654e-01 4.988848643109404235e-01 3.795147056639450733e-01 4.711424354806406645e-01 4.087321517840553087e-01 0.000000000000000000e+00 3.956178477641792424e-01 4.705591012094383352e-01 4.107654051063681089e-01 0.000000000000000000e+00 0.000000000000000000e+00 5.021616857142857659e-01 3.962290329038836156e-01 0.000000000000000000e+00 4.187582499999999985e-01 0.000000000000000000e+00 4.268125068966302504e-01 0.000000000000000000e+00 0.000000000000000000e+00 0.000000000000000000e+00 4.199671791762673023e-01 4.270768308823529869e-01 4.429837537289119664e-01 4.418468857142857087e-01 4.324816092524659261e-01 4.590681000258351463e-01 4.813784786713461439e-01 0.000000000000000000e+00 4.357243480459169760e-01 4.505897299270073542e-01 4.580884874278439156e-01 0.000000000000000000e+00 4.383582063492063585e-01 4.212088231292516749e-01 4.391630339059105492e-01 4.810779754601226532e-01 4.570852676599057030e-01 0.000000000000000000e+00 4.803760521739130485e-01 0.000000000000000000e+00 0.000000000000000000e+00 0.000000000000000000e+00 0.000000000000000000e+00 0.000000000000000000e+00 3.926657570093458616e-01 4.209357237642288863e-01 4.579101817867992086e-01
3.969105292284547670e-01 0.000000000000000000e+00 1.986490346637193039e-01 4.660207126816743317e-01 2.434919840989997752e-01 5.019601696842862504e-01 2.593752435219388031e-01 4.716778661184186094e-01 2.597077894212838078e-01 4.310950062357197798e-01 3.774808704966021167e-01 0.000000000000000000e+00 3.298485989335628865e-01 4.679227581769466182e-01 3.262851846338758466e-01 4.846820837577057173e-01 0.000000000000000000e+00 0.000000000000000000e+00 3.867729687500000013e-01 0.000000000000000000e+00 3.772161313190873222e-01 0.000000000000000000e+00 3.167966540116067264e-01 4.734069743650369810e-01 2.822988684157750061e-01 4.604249233883236370e-01 2.523589925064807504e-01 4.823779347014973129e-01 3.536064954255477844e-01 0.000000000000000000e+00 4.063532793731702841e-01 4.680409010165380024e-01 4.340486142857142848e-01 0.000000000000000000e+00 0.000000000000000000e+00 0.000000000000000000e+00 0.000000000000000000e+00 0.000000000000000000e+00 0.000000000000000000e+00 0.000000000000000000e+00 0.000000000000000000e+00 0.000000000000000000e+00 0.000000000000000000e+00 0.000000000000000000e+00 0.000000000000000000e+00 0.000000000000000000e+00 4.486776057278208385e-01 0.000000000000000000e+00 0.000000000000000000e+00 0.000000000000000000e+00 0.000000000000000000e+00 0.000000000000000000e+00 0.000000000000000000e+00 0.000000000000000000e+00 4.488044605263157849e-01 0.000000000000000000e+00 0.000000000000000000e+00 0.000000000000000000e+00 0.000000000000000000e+00 0.000000000000000000e+00 3.926504680025856286e-01 0.000000000000000000e+00 0.000000000000000000e+00 0.000000000000000000e+00 4.064714531249999929e-01 0.000000000000000000e+00 0.000000000000000000e+00 0.000000000000000000e+00 4.322914789915965894e-01 0.000000000000000000e+00 3.966698626303906128e-01 5.125819943963925152e-01 3.841891195835202000e-01 4.667304020618556759e-01 3.748695119047619206e-01 0.000000000000000000e+00 3.723960589998667747e-01 0.000000000000000000e+00 0.000000000000000000e+00 0.000000000000000000e+00 4.120501317829456944e-01 0.000000000000000000e+00 0.000000000000000000e+00 0.000000000000000000e+00 4.146156127494861066e-01 0.000000000000000000e+00 4.472878571428571259e-01 0.000000000000000000e+00 3.911994685314685305e-01 0.000000000000000000e+00 0.000000000000000000e+00 0.000000000000000000e+00 0.000000000000000000e+00 0.000000000000000000e+00 0.000000000000000000e+00 0.000000000000000000e+00 0.000000000000000000e+00 0.000000000000000000e+00 0.000000000000000000e+00 0.000000000000000000e+00 0.000000000000000000e+00 0.000000000000000000e+00 0.000000000000000000e+00 0.000000000000000000e+00 0.000000000000000000e+00 0.000000000000000000e+00 0.000000000000000000e+00 0.000000000000000000e+00 0.000000000000000000e+00 0.000000000000000000e+00 0.000000000000000000e+00 0.000000000000000000e+00 0.000000000000000000e+00 0.000000000000000000e+00 0.000000000000000000e+00 0.000000000000000000e+00
0.000000000000000000e+00 4.273552536719706363e-01 4.514766558452386058e-01 1.777404187890112286e-01 5.019601696842862504e-01 2.314806061008498617e-01 4.173419885100019822e-01 2.871038121869560200e-01 0.000000000000000000e+00 2.441704888502005677e-01 0.000000000000000000e+00 0.000000000000000000e+00 4.309432142857143044e-01 3.428520196661483666e-01 5.103968192771084489e-01 3.059367970143883064e-01 0.000000000000000000e+00 4.039893484141791058e-01 4.828486899224806450e-01 4.154200367647058467e-01 4.423964336630352712e-01 3.900078166633367260e-01 4.666210385599131039e-01 3.189554548324321503e-01 4.606861359945041423e-01 2.636136799998336500e-01 4.749461796903988176e-01 2.285667326255001464e-01 0.000000000000000000e+00 3.597053645777924524e-01 4.365494338588765677e-01 4.050148772696358090e-01 0.000000000000000000e+00 4.647150477805395141e-01 0.000000000000000000e+00 0.000000000000000000e+00 0.000000000000000000e+00 4.259883484668253173e-01 0.000000000000000000e+00 0.000000000000000000e+00 0.000000000000000000e+00 0.000000000000000000e+00 0.000000000000000000e+00 4.882283808036604889e-01 0.000000000000000000e+00 4.916282167832167205e-01 0.000000000000000000e+00 4.844570382629991290e-01 0.000000000000000000e+00 5.063398076923076863e-01 0.000000000000000000e+00 4.634568116227529844e-01 0.000000000000000000e+00 0.000000000000000000e+00 0.000000000000000000e+00 4.534591652892562275e-01 0.000000000000000000e+00 4.098259694656488650e-01 0.000000000000000000e+00 0.000000000000000000e+00 0.000000000000000000e+00 0.000000000000000000e+00 0.000000000000000000e+00 4.575890927316777490e-01 0.000000000000000000e+00 4.497547739448080617e-01 0.000000000000000000e+00 4.868685460731267955e-01 0.000000000000000000e+00 0.000000000000000000e+00 5.173546272474808250e-01 3.817652475852151839e-01 0.000000000000000000e+00 3.790604286808376688e-01 0.000000000000000000e+00 3.448005955279172530e-01 0.000000000000000000e+00 3.790060631054301687e-01 0.000000000000000000e+00 0.000000000000000000e+00 0.000000000000000000e+00 4.579683093652037185e-01 0.000000000000000000e+00 4.481180895293270794e-01 0.000000000000000000e+00 4.426462200077664333e-01 0.000000000000000000e+00 0.000000000000000000e+00 0.000000000000000000e+00 4.521538535136515047e-01 0.000000000000000000e+00 4.093700306352885399e-01 0.000000000000000000e+00 0.000000000000000000e+00 0.000000000000000000e+00 0.000000000000000000e+00 0.000000000000000000e+00 0.000000000000000000e+00 0.000000000000000000e+00 0.000000000000000000e+00 0.000000000000000000e+00 0.000000000000000000e+00 0.000000000000000000e+00 0.000000000000000000e+00 0.000000000000000000e+00 4.210779292084727010e-01 0.000000000000000000e+00 0.000000000000000000e+00 0.000000000000000000e+00 0.000000000000000000e+00 0.000000000000000000e+00 0.000000000000000000e+00 0.000000000000000000e+00 0.000000000000000000e+00 0.000000000000000000e+00 0.000000000000000000e+00
3.365990682390844757e-01 4.725184007708371214e-01 3.307582147880916978e-01 4.727425211909401237e-01 2.593752435219388031e-01 4.173419885100019822e-01 2.834365070482158244e-01 4.599321518554834176e-01 1.738347579732197890e-01 4.511114059139784693e-01 3.590327231720962797e-01 4.690176578051263867e-01 3.040652920353161259e-01 4.512242001872641683e-01 3.110025071335830726e-01 4.495482688872736166e-01 3.845208637720401446e-01 4.891367414334210073e-01 4.110465149121248496e-01 4.915513091862042105e-01 0.000000000000000000e+00 0.000000000000000000e+00 3.707858419629898039e-01 4.635910214789252803e-01 3.189124383051185618e-01 5.102294268292681956e-01 3.708033777777777762e-01 0.000000000000000000e+00 3.649292818176164688e-01 4.560518073861717370e-01 3.858593193543090605e-01 4.692765384409526841e-01 4.017415466666356405e-01 4.765596321748919451e-01 0.000000000000000000e+00 0.000000000000000000e+00 4.164863482709167397e-01 0.000000000000000000e+00 3.860989703124999561e-01 0.000000000000000000e+00 4.129015220132286612e-01 0.000000000000000000e+00 4.431748251748252598e-01 0.000000000000000000e+00 4.045726776107197997e-01 0.000000000000000000e+00 4.828670140845070513e-01 0.000000000000000000e+00 4.053222256583971506e-01 0.000000000000000000e+00 3.968808035125765965e-01 0.000000000000000000e+00 3.963340714285714661e-01 0.000000000000000000e+00 4.003057011901989815e-01 0.000000000000000000e+00 3.913525537434879853e-01 4.645347966101694981e-01 4.121792935408234437e-01 4.969693688433868273e-01 4.030976374586765498e-01 0.000000000000000000e+00 3.779342764130234067e-01 0.000000000000000000e+00 3.924556283448605298e-01 0.000000000000000000e+00 4.329883347545488981e-01 0.000000000000000000e+00 4.163465445304320167e-01 5.419904361702126971e-01 3.623445040752928392e-01 4.955492707075060399e-01 3.872650788801370036e-01 4.812840325562543486e-01 3.767927275035700130e-01 4.563048646616542081e-01 3.845668818949828371e-01 4.608439285096470051e-01 4.065613660035067300e-01 0.000000000000000000e+00 3.846989103490324746e-01 0.000000000000000000e+00 4.323517278106508988e-01 0.000000000000000000e+00 3.997850477410112013e-01 0.000000000000000000e+00 3.977245369640927675e-01 0.000000000000000000e+00 4.005817203984769481e-01 4.582666263736264178e-01 4.250792100382567718e-01 0.000000000000000000e+00 4.483564344262295220e-01 4.401477333333333464e-01 4.471899527454645806e-01 0.000000000000000000e+00 0.000000000000000000e+00 4.152779512195122202e-01 0.000000000000000000e+00 0.000000000000000000e+00 4.076557500000000389e-01 0.000000000000000000e+00 4.593656029411765096e-01 0.000000000000000000e+00 4.299872908653845638e-01 4.627601415922619754e-01 4.297508909090909657e-01 0.000000000000000000e+00 0.000000000000000000e+00 0.000000000000000000e+00 0.000000000000000000e+00 0.000000000000000000e+00 0.000000000000000000e+00 0.000000000000000000e+00 0.000000000000000000e+00 0.000000000000000000e+00
4.492720754700754160e-01 3.119659768126597510e-01 4.596273001826479132e-01 3.376646230350295319e-01 4.716778661184186094e-01 2.871038121869560200e-01 4.599321518554834176e-01 2.731819377650225866e-01 4.327050830179145491e-01 3.054600385229828130e-01 4.690424558520061571e-01 3.344304643110113107e-01 4.514557624420648674e-01 3.010412809069262785e-01 5.193285205479452049e-01 3.490499813966531084e-01 0.000000000000000000e+00 3.830402807424030942e-01 4.774731113602412313e-01 4.027254610249985101e-01 0.000000000000000000e+00 0.000000000000000000e+00 4.583590050239406688e-01 3.661788922384247025e-01 4.516204949855519013e-01 3.141659729729729955e-01 4.719228736842105976e-01 3.397718292682926911e-01 4.637765997215212987e-01 3.605835551480759404e-01 4.209902189701418274e-01 3.604344809116890591e-01 4.623554753257001493e-01 3.991401831812906864e-01 0.000000000000000000e+00 0.000000000000000000e+00 4.719798147565174018e-01 4.382532057714172424e-01 0.000000000000000000e+00 3.979514158564252391e-01 0.000000000000000000e+00 3.512952084478022097e-01 0.000000000000000000e+00 4.399017293173872467e-01 0.000000000000000000e+00 3.718868529411764601e-01 0.000000000000000000e+00 4.809788355263158177e-01 0.000000000000000000e+00 4.021505042724262680e-01 4.529056949937786958e-01 3.918176787028712638e-01 0.000000000000000000e+00 4.073115431034483036e-01 0.000000000000000000e+00 3.960391543328123931e-01 4.736033710030566612e-01 3.709328719482566372e-01 0.000000000000000000e+00 4.183872249886264050e-01 4.536242781531532042e-01 3.848671272606127292e-01 0.000000000000000000e+00 3.873987455138017677e-01 0.000000000000000000e+00 3.870298576236836374e-01 4.752156302559902845e-01 4.517676743434310138e-01 4.725119330524127359e-01 4.333699434151785379e-01 4.842628444649286767e-01 3.396676019407115499e-01 4.585268629849000299e-01 3.796981713471870301e-01 0.000000000000000000e+00 3.709204122651638680e-01 4.446075089292801930e-01 3.749886782082222370e-01 0.000000000000000000e+00 0.000000000000000000e+00 0.000000000000000000e+00 3.979246430422148095e-01 0.000000000000000000e+00 4.115854357142856856e-01 4.302203403141361959e-01 4.033225218404944412e-01 0.000000000000000000e+00 4.343948737413645955e-01 0.000000000000000000e+00 4.026053779960973578e-01 3.787052132352941025e-01 4.400334301250301006e-01 4.389778131868131150e-01 4.263040054368203990e-01 4.222804184600681410e-01 4.487365161271404945e-01 0.000000000000000000e+00 0.000000000000000000e+00 4.478784906832298796e-01 4.734203712121212160e-01 0.000000000000000000e+00 4.302152265624999972e-01 4.070450000000000457e-01 4.222732823012816383e-01 4.146455464834582494e-01 4.223446531377675894e-01 0.000000000000000000e+00 0.000000000000000000e+00 0.000000000000000000e+00 0.000000000000000000e+00 0.000000000000000000e+00 0.000000000000000000e+00 0.000000000000000000e+00 0.000000000000000000e+00 0.000000000000000000e+00 0.000000000000000000e+00
3.828124746685527269e-01 0.000000000000000000e+00 1.823983194450612411e-01 4.703298971848044463e-01 2.597077894212838078e-01 0.000000000000000000e+00 1.738347579732197890e-01 4.327050830179145491e-01 2.258789923812088984e-01 0.000000000000000000e+00 3.663321617438801692e-01 0.000000000000000000e+00 3.029512868185633145e-01 4.095248470588235268e-01 2.930733851563350756e-01 4.751326607833655791e-01 3.862167947650629318e-01 0.000000000000000000e+00 3.903121182276815260e-01 4.451325645161290367e-01 4.098859817411416584e-01 0.000000000000000000e+00 3.509541293893428948e-01 4.742225330045140574e-01 3.124989674051600885e-01 4.546075322217673076e-01 3.278306239752337148e-01 4.064412985074626894e-01 3.420461189540759395e-01 4.704653088054689403e-01 4.158601146065313281e-01 4.501835472299078877e-01 0.000000000000000000e+00 0.000000000000000000e+00 0.000000000000000000e+00 0.000000000000000000e+00 0.000000000000000000e+00 0.000000000000000000e+00 0.000000000000000000e+00 0.000000000000000000e+00 0.000000000000000000e+00 0.000000000000000000e+00 4.666457153846154116e-01 0.000000000000000000e+00 0.000000000000000000e+00 0.000000000000000000e+00 4.415707294117647286e-01 0.000000000000000000e+00 0.000000000000000000e+00 0.000000000000000000e+00 0.000000000000000000e+00 0.000000000000000000e+00 4.519919253731343178e-01 0.000000000000000000e+00 0.000000000000000000e+00 0.000000000000000000e+00 4.317033319035424865e-01 0.000000000000000000e+00 0.000000000000000000e+00 0.000000000000000000e+00 4.336046980612778268e-01 0.000000000000000000e+00 0.000000000000000000e+00 0.000000000000000000e+00 3.783404262475538182e-01 0.000000000000000000e+00 0.000000000000000000e+00 0.000000000000000000e+00 4.500295606060605857e-01 0.000000000000000000e+00 3.626975694910880565e-01 4.924109193376068894e-01 3.849502770677363239e-01 4.515051374108348670e-01 3.762962553191489534e-01 0.000000000000000000e+00 3.670055589462017931e-01 4.770144065040650694e-01 0.000000000000000000e+00 0.000000000000000000e+00 0.000000000000000000e+00 0.000000000000000000e+00 0.000000000000000000e+00 0.000000000000000000e+00 4.063292285714285579e-01 0.000000000000000000e+00 4.265563373493975186e-01 0.000000000000000000e+00 3.950038274092880775e-01 0.000000000000000000e+00 0.000000000000000000e+00 0.000000000000000000e+00 0.000000000000000000e+00 0.000000000000000000e+00 4.098245304235769160e-01 0.000000000000000000e+00 0.000000000000000000e+00 0.000000000000000000e+00 0.000000000000000000e+00 0.000000000000000000e+00 0.000000000000000000e+00 0.000000000000000000e+00 0.000000000000000000e+00 0.000000000000000000e+00 0.000000000000000000e+00 0.000000000000000000e+00 0.000000000000000000e+00 0.000000000000000000e+00 0.000000000000000000e+00 0.000000000000000000e+00 0.000000000000000000e+00 0.000000000000000000e+00 0.000000000000000000e+00 0.000000000000000000e+00 0.000000000000000000e+00 0.000000000000000000e+00
0.000000000000000000e+00 3.691955071504944841e-01 4.503950795139865515e-01 3.215333510423130092e-01 4.310950062357197798e-01 2.441704888502005677e-01 4.511114059139784693e-01 3.054600385229828130e-01 0.000000000000000000e+00 2.284027534379858559e-01 0.000000000000000000e+00 3.952783120404411710e-01 4.250089970588236121e-01 3.493592671811148187e-01 0.000000000000000000e+00 2.905973365558653931e-01 0.000000000000000000e+00 3.917080682653643620e-01 4.420274913793103000e-01 0.000000000000000000e+00 0.000000000000000000e+00 0.000000000000000000e+00 4.681434218427992788e-01 3.161091442276197649e-01 4.394928447424186757e-01 2.554906253557550633e-01 5.195132493078626901e-01 2.488664395213100178e-01 0.000000000000000000e+00 3.736677779564933632e-01 4.430794986258840829e-01 3.659990325271234024e-01 0.000000000000000000e+00 3.975264959228135275e-01 0.000000000000000000e+00 0.000000000000000000e+00 0.000000000000000000e+00 4.144300556419854287e-01 0.000000000000000000e+00 0.000000000000000000e+00 0.000000000000000000e+00 4.051586049019607616e-01 0.000000000000000000e+00 0.000000000000000000e+00 0.000000000000000000e+00 0.000000000000000000e+00 0.000000000000000000e+00 4.786708579491024684e-01 0.000000000000000000e+00 4.866288970588235063e-01 0.000000000000000000e+00 4.750350827067669757e-01 0.000000000000000000e+00 4.554940222222221280e-01 0.000000000000000000e+00 0.000000000000000000e+00 0.000000000000000000e+00 4.293171477746506315e-01 0.000000000000000000e+00 4.100321761466165782e-01 0.000000000000000000e+00 0.000000000000000000e+00 0.000000000000000000e+00 4.172986588235294003e-01 0.000000000000000000e+00 0.000000000000000000e+00 5.276752138728323382e-01 4.075885593220339165e-01 0.000000000000000000e+00 0.000000000000000000e+00 5.027311177580330304e-01 3.513362057178678888e-01 0.000000000000000000e+00 3.813037680630318449e-01 0.000000000000000000e+00 3.562161260183334122e-01 0.000000000000000000e+00 3.796067843174523726e-01 0.000000000000000000e+00 0.000000000000000000e+00 0.000000000000000000e+00 4.130658977840067081e-01 0.000000000000000000e+00 4.324474698795180427e-01 0.000000000000000000e+00 4.233989794076739588e-01 0.000000000000000000e+00 0.000000000000000000e+00 0.000000000000000000e+00 4.385345690443840927e-01 0.000000000000000000e+00 4.514099236111110969e-01 0.000000000000000000e+00 0.000000000000000000e+00 0.000000000000000000e+00 4.192238877551019982e-01 0.000000000000000000e+00 0.000000000000000000e+00 0.000000000000000000e+00 0.000000000000000000e+00 0.000000000000000000e+00 0.000000000000000000e+00 0.000000000000000000e+00 4.161488145161290619e-01 0.000000000000000000e+00 3.896785258620689696e-01 0.000000000000000000e+00 0.000000000000000000e+00 0.000000000000000000e+00 0.000000000000000000e+00 0.000000000000000000e+00 0.000000000000000000e+00 0.000000000000000000e+00 0.000000000000000000e+00 0.000000000000000000e+00 0.000000000000000000e+00
3.161949257201365771e-01 4.915001854139471882e-01 4.005880263909414873e-01 4.941446890400064129e-01 3.774808704966021167e-01 0.000000000000000000e+00 3.590327231720962797e-01 4.690424558520061571e-01 3.663321617438801692e-01 0.000000000000000000e+00 3.026055348003977574e-01 4.726343478536909060e-01 3.455571342135367319e-01 4.690764145523074191e-01 3.801364414773708567e-01 0.000000000000000000e+00 3.553744461602022509e-01 0.000000000000000000e+00 4.157935006679179257e-01 4.847030988366703985e-01 0.000000000000000000e+00 0.000000000000000000e+00 3.994426402184048652e-01 4.850348449036271381e-01 0.000000000000000000e+00 0.000000000000000000e+00 0.000000000000000000e+00 0.000000000000000000e+00 3.665824685459360688e-01 3.759584567901234631e-01 3.805320006201631799e-01 4.376472704134367064e-01 3.747120448494230538e-01 4.785708274779472138e-01 0.000000000000000000e+00 0.000000000000000000e+00 4.169468306275345704e-01 5.214067460317459712e-01 0.000000000000000000e+00 0.000000000000000000e+00 3.956797258064516098e-01 0.000000000000000000e+00 0.000000000000000000e+00 0.000000000000000000e+00 0.000000000000000000e+00 0.000000000000000000e+00 0.000000000000000000e+00 0.000000000000000000e+00 4.142912206625073979e-01 0.000000000000000000e+00 4.142867587840152743e-01 0.000000000000000000e+00 4.403142051020407788e-01 0.000000000000000000e+00 4.243978582677165323e-01 0.000000000000000000e+00 3.846643043595597833e-01 4.547301664648910613e-01 4.199582796247649519e-01 0.000000000000000000e+00 4.254253566747674964e-01 0.000000000000000000e+00 3.996683726193444586e-01 0.000000000000000000e+00 4.227092167650143839e-01 0.000000000000000000e+00 4.399738451165737252e-01 4.885858292682926374e-01 4.146052901472229713e-01 0.000000000000000000e+00 3.780501549917953397e-01 5.213275909049249757e-01 3.788268828723814763e-01 4.832793302111759726e-01 0.000000000000000000e+00 0.000000000000000000e+00 3.785496127520929788e-01 4.863653863981763914e-01 0.000000000000000000e+00 0.000000000000000000e+00 3.944250060020391691e-01 0.000000000000000000e+00 2.602264496453900455e-01 0.000000000000000000e+00 4.277774289950522224e-01 0.000000000000000000e+00 0.000000000000000000e+00 0.000000000000000000e+00 4.214738845312747118e-01 0.000000000000000000e+00 0.000000000000000000e+00 0.000000000000000000e+00 0.000000000000000000e+00 4.368991840000000515e-01 4.754021325354609306e-01 0.000000000000000000e+00 0.000000000000000000e+00 0.000000000000000000e+00 0.000000000000000000e+00 0.000000000000000000e+00 0.000000000000000000e+00 0.000000000000000000e+00 0.000000000000000000e+00 0.000000000000000000e+00 0.000000000000000000e+00 0.000000000000000000e+00 0.000000000000000000e+00 0.000000000000000000e+00 0.000000000000000000e+00 0.000000000000000000e+00 0.000000000000000000e+00 0.000000000000000000e+00 0.000000000000000000e+00 0.000000000000000000e+00 0.000000000000000000e+00 0.000000000000000000e+00
4.966520442477875830e-01 3.360038396027392182e-01 4.843425422237396805e-01 4.173010481244081027e-01 0.000000000000000000e+00 0.000000000000000000e+00 4.690176578051263867e-01 3.344304643110113107e-01 0.000000000000000000e+00 3.952783120404411710e-01 4.726343478536909060e-01 3.271805185632621904e-01 4.733198521168895945e-01 3.310207997609210251e-01 0.000000000000000000e+00 3.705032278272088475e-01 0.000000000000000000e+00 3.766074822558544977e-01 4.870504729061099214e-01 4.303374609314470911e-01 0.000000000000000000e+00 0.000000000000000000e+00 4.725370067311204791e-01 4.087639065871628841e-01 0.000000000000000000e+00 0.000000000000000000e+00 0.000000000000000000e+00 0.000000000000000000e+00 4.739192484318995868e-01 3.875197772312092281e-01 4.531636150622109227e-01 4.519647530864198126e-01 4.886973607141456566e-01 4.177612018891675438e-01 0.000000000000000000e+00 0.000000000000000000e+00 0.000000000000000000e+00 4.891529676476247257e-01 0.000000000000000000e+00 0.000000000000000000e+00 0.000000000000000000e+00 0.000000000000000000e+00 0.000000000000000000e+00 0.000000000000000000e+00 0.000000000000000000e+00 0.000000000000000000e+00 0.000000000000000000e+00 4.634939812436290052e-01 0.000000000000000000e+00 0.000000000000000000e+00 0.000000000000000000e+00 4.395641019721645004e-01 0.000000000000000000e+00 0.000000000000000000e+00 0.000000000000000000e+00 4.260875610160684834e-01 0.000000000000000000e+00 3.828235492620434832e-01 0.000000000000000000e+00 4.397915521360502011e-01 0.000000000000000000e+00 4.233325667345170795e-01 0.000000000000000000e+00 4.187016901735923780e-01 0.000000000000000000e+00 4.079222018493129931e-01 4.524610674157303891e-01 4.614529093660622028e-01 4.626158125000000565e-01 4.361292732525207105e-01 4.945808972009915760e-01 3.608768660267019368e-01 4.652576583437370017e-01 3.919084309979526393e-01 0.000000000000000000e+00 3.478952547191681011e-01 4.329012533386752404e-01 4.140173020068830256e-01 0.000000000000000000e+00 0.000000000000000000e+00 0.000000000000000000e+00 4.138111542278447574e-01 0.000000000000000000e+00 3.962628000000000261e-01 0.000000000000000000e+00 4.351967683740970427e-01 0.000000000000000000e+00 4.424747923076923217e-01 0.000000000000000000e+00 4.379028547526208071e-01 0.000000000000000000e+00 0.000000000000000000e+00 0.000000000000000000e+00 0.000000000000000000e+00 0.000000000000000000e+00 0.000000000000000000e+00 0.000000000000000000e+00 0.000000000000000000e+00 0.000000000000000000e+00 3.977090249999999938e-01 0.000000000000000000e+00 0.000000000000000000e+00 0.000000000000000000e+00 0.000000000000000000e+00 0.000000000000000000e+00 4.486440754716981005e-01 0.000000000000000000e+00 0.000000000000000000e+00 0.000000000000000000e+00 0.000000000000000000e+00 0.000000000000000000e+00 0.000000000000000000e+00 0.000000000000000000e+00 0.000000000000000000e+00 0.000000000000000000e+00 0.000000000000000000e+00
3.617848270137911659e-01 4.906880326086958122e-01 3.512212895987727457e-01 4.603241185729716745e-01 3.298485989335628865e-01 4.309432142857143044e-01 3.040652920353161259e-01 4.514557624420648674e-01 3.029512868185633145e-01 4.250089970588236121e-01 3.455571342135367319e-01 4.733198521168895945e-01 2.538359534086906399e-01 4.509468775436203392e-01 2.667890531713619229e-01 4.506925790709374602e-01 3.718351318381832860e-01 4.932981666666666487e-01 4.025661658064157433e-01 4.824085913133504544e-01 0.000000000000000000e+00 0.000000000000000000e+00 3.728267377867336418e-01 4.564381017135391017e-01 3.320104528301886515e-01 0.000000000000000000e+00 0.000000000000000000e+00 0.000000000000000000e+00 3.130099621106391949e-01 4.462598530182271817e-01 3.968524022601265799e-01 4.568182781770389056e-01 4.020203809134926809e-01 4.756212581028223529e-01 5.000481170212766058e-01 0.000000000000000000e+00 4.308845870120874277e-01 0.000000000000000000e+00 0.000000000000000000e+00 0.000000000000000000e+00 4.311833478260869712e-01 0.000000000000000000e+00 4.264111576086956901e-01 0.000000000000000000e+00 0.000000000000000000e+00 0.000000000000000000e+00 4.668733620990336841e-01 0.000000000000000000e+00 4.173140758620689783e-01 0.000000000000000000e+00 3.885788441498186918e-01 0.000000000000000000e+00 0.000000000000000000e+00 0.000000000000000000e+00 4.131620494577430414e-01 0.000000000000000000e+00 3.803462158854726272e-01 0.000000000000000000e+00 4.120816416645789459e-01 0.000000000000000000e+00 4.260228262820778822e-01 0.000000000000000000e+00 3.917309098831269210e-01 0.000000000000000000e+00 4.201270197398310757e-01 4.024088545454544974e-01 4.151818236928104255e-01 0.000000000000000000e+00 4.313817962006870621e-01 0.000000000000000000e+00 3.520944538232501086e-01 4.876669892612503499e-01 3.990242305532632483e-01 4.707704171471899235e-01 3.981923864852778827e-01 0.000000000000000000e+00 3.821605433764257431e-01 4.542971694073905109e-01 3.992283953488372505e-01 0.000000000000000000e+00 3.837329654485202579e-01 0.000000000000000000e+00 4.488895790133779484e-01 0.000000000000000000e+00 4.086963778331750841e-01 0.000000000000000000e+00 4.063044134500521931e-01 0.000000000000000000e+00 4.091889134220712543e-01 0.000000000000000000e+00 0.000000000000000000e+00 4.144674074074073955e-01 4.608090703125000687e-01 0.000000000000000000e+00 4.389288044160939428e-01 0.000000000000000000e+00 0.000000000000000000e+00 0.000000000000000000e+00 4.183736025830517846e-01 0.000000000000000000e+00 4.297328646616541681e-01 0.000000000000000000e+00 0.000000000000000000e+00 0.000000000000000000e+00 4.192124996045198393e-01 4.195314324324325161e-01 0.000000000000000000e+00 0.000000000000000000e+00 0.000000000000000000e+00 0.000000000000000000e+00 0.000000000000000000e+00 0.000000000000000000e+00 0.000000000000000000e+00 0.000000000000000000e+00 0.000000000000000000e+00 0.000000000000000000e+00
