0.000000000000000000e+00 4.373815424989065288e-03 1.124783520189590741e-01 2.240606687349189739e-03 5.515719801434087587e-04 0.000000000000000000e+00 1.158642031491762953e-01 2.760370038794389847e-03 3.326509723643807700e-03 0.000000000000000000e+00 2.681809505630845525e-01 2.839698991906857957e-04 4.324855633370192770e-02 1.123343068973264392e-04 5.413766434648105245e-03 0.000000000000000000e+00 1.074120603015075309e-01 3.044603440401887485e-04 9.080173205616061394e-02 1.681715575620767664e-02 0.000000000000000000e+00 0.000000000000000000e+00 2.359145156813766391e-03 5.880623346074683420e-04 0.000000000000000000e+00 0.000000000000000000e+00 3.869969040247678250e-04 0.000000000000000000e+00 3.287739992470824213e-02 9.287638153617534407e-05 2.088017989078059643e-03 2.993563837748840217e-04 1.268384833355822375e-02 1.223314943631566287e-02 0.000000000000000000e+00 0.000000000000000000e+00 5.402425578831312331e-02 0.000000000000000000e+00 0.000000000000000000e+00 0.000000000000000000e+00 0.000000000000000000e+00 0.000000000000000000e+00 1.315270288044193155e-04 0.000000000000000000e+00 4.391100702576112408e-04 0.000000000000000000e+00 0.000000000000000000e+00 0.000000000000000000e+00 2.195550351288056042e-03 0.000000000000000000e+00 6.598450798508176743e-03 8.774238834781083302e-05 8.324084350721420262e-04 0.000000000000000000e+00 2.266888317968868138e-03 0.000000000000000000e+00 2.289704449496589855e-01 4.030307915524746301e-04 2.651839178785286508e-02 3.710575139146567560e-04 3.435114503816794063e-02 0.000000000000000000e+00 5.709487825356842836e-03 0.000000000000000000e+00 1.590797846304454338e-02 2.843332385555871256e-04 1.149120480862724294e-02 4.072490327835471343e-04 5.384049981624403070e-02 1.570351758793969927e-03 5.488394584139264648e-02 4.321832456961752027e-04 3.958630527817403461e-02 8.809020436927414042e-05 4.166666666666666609e-03 0.000000000000000000e+00 8.878192271694076987e-02 2.407608041410858241e-04 0.000000000000000000e+00 0.000000000000000000e+00 1.362212232665849275e-03 0.000000000000000000e+00 0.000000000000000000e+00 0.000000000000000000e+00 8.280610346110904574e-03 0.000000000000000000e+00 4.732607666824420120e-04 0.000000000000000000e+00 4.659383033419023205e-03 0.000000000000000000e+00 1.450676982591876272e-03 6.301197227473220083e-04 8.431703204047217085e-04 0.000000000000000000e+00 1.567749160134378553e-02 1.234567901234567876e-03 2.293577981651376274e-03 0.000000000000000000e+00 5.500550055005500255e-04 0.000000000000000000e+00 1.360544217687074736e-03 0.000000000000000000e+00 0.000000000000000000e+00 4.089979550102249548e-04 0.000000000000000000e+00 0.000000000000000000e+00 0.000000000000000000e+00 0.000000000000000000e+00 0.000000000000000000e+00 0.000000000000000000e+00 0.000000000000000000e+00 0.000000000000000000e+00 0.000000000000000000e+00 0.000000000000000000e+00 0.000000000000000000e+00 0.000000000000000000e+00
4.373815424989065288e-03 0.000000000000000000e+00 1.367240907847962856e-03 7.833505687693897990e-02 0.000000000000000000e+00 2.630886608787161448e-04 3.640666241922271688e-04 8.721277230677410008e-02 0.000000000000000000e+00 4.932735426008968277e-03 0.000000000000000000e+00 9.697572057361919518e-02 0.000000000000000000e+00 1.842282633116153548e-02 0.000000000000000000e+00 1.350894967916244603e-03 1.046901172529313140e-03 3.881869386512407094e-02 1.364650308358483083e-02 7.223476297968396687e-02 0.000000000000000000e+00 0.000000000000000000e+00 2.775464890369137090e-04 4.410467509556013107e-04 0.000000000000000000e+00 0.000000000000000000e+00 0.000000000000000000e+00 0.000000000000000000e+00 3.764587777638348691e-04 6.798551128448035441e-02 3.212335367812399868e-04 1.496781918874420109e-04 8.500877074618809828e-03 5.756776205325018179e-03 0.000000000000000000e+00 0.000000000000000000e+00 0.000000000000000000e+00 6.449359720605354895e-02 0.000000000000000000e+00 6.071645415907711346e-04 0.000000000000000000e+00 7.002801120448179546e-03 0.000000000000000000e+00 9.196247930844215026e-05 1.463700234192037469e-04 4.209344745334643134e-04 0.000000000000000000e+00 1.389854065323141040e-04 0.000000000000000000e+00 2.271498107084910650e-03 1.912594434350195992e-04 9.914889883302623400e-03 0.000000000000000000e+00 1.754728017157340539e-03 0.000000000000000000e+00 1.603665521191294328e-03 1.732164122550611599e-03 3.708689343865871346e-01 4.277159965782720069e-04 4.242424242424242681e-02 0.000000000000000000e+00 3.105042942083241497e-02 3.358522250209907550e-04 1.919616076784642911e-02 0.000000000000000000e+00 3.426215524594825035e-02 7.071510651462918368e-04 6.821421299124414729e-03 7.166482910694597919e-03 1.403894472361809087e-01 1.934235976789168291e-03 5.474321112151551982e-02 4.755111745126010606e-04 4.245947850599013362e-02 0.000000000000000000e+00 6.535947712418300852e-03 2.406738868832731734e-03 9.437823522330564263e-02 0.000000000000000000e+00 2.010050251256281610e-03 1.362212232665849438e-04 2.562788313685289421e-03 0.000000000000000000e+00 0.000000000000000000e+00 0.000000000000000000e+00 5.731188759474948984e-03 0.000000000000000000e+00 0.000000000000000000e+00 1.606683804627249241e-04 2.529286474973376116e-03 1.450676982591876272e-03 1.071203528670447436e-02 1.686340640809443417e-03 5.076142131979695035e-03 4.479283314669652884e-03 9.382716049382716639e-02 7.645259938837920552e-04 0.000000000000000000e+00 0.000000000000000000e+00 3.184713375796178504e-03 0.000000000000000000e+00 6.578947368421052266e-03 4.070004070004069820e-04 2.453987730061349837e-03 0.000000000000000000e+00 3.877471888328809448e-04 0.000000000000000000e+00 1.531393568147013844e-03 0.000000000000000000e+00 0.000000000000000000e+00 8.888888888888889315e-04 0.000000000000000000e+00 0.000000000000000000e+00 1.449275362318840597e-03 1.644736842105263067e-03 0.000000000000000000e+00
1.124783520189590741e-01 1.367240907847962856e-03 0.000000000000000000e+00 2.154429507066528762e-03 7.032542746828461533e-02 1.052354643514864579e-03 2.810594338763993671e-01 4.700089525514771632e-03 8.341862845445240093e-02 1.345291479820627870e-03 3.550295857988165771e-02 1.135879596762743183e-03 7.015603882540852321e-02 2.134351831049202588e-03 4.369682907965970892e-02 3.377237419790611074e-03 1.025963149078727016e-02 6.089206880803774971e-04 9.067051568035690290e-02 4.063205417607223396e-03 0.000000000000000000e+00 0.000000000000000000e+00 1.208714959755759072e-01 3.087327256689208904e-03 2.800215401184706632e-02 2.478314745972738566e-03 7.739938080495356500e-04 8.680555555555555074e-04 3.400677625799974901e-02 7.430110522894027526e-04 2.104079665917121811e-02 9.579404280796288695e-03 6.611793280259074118e-03 4.637403054289598002e-03 1.061195613724796698e-03 0.000000000000000000e+00 2.122381477398015484e-02 0.000000000000000000e+00 4.666355576294913769e-04 0.000000000000000000e+00 0.000000000000000000e+00 0.000000000000000000e+00 3.945810864132579194e-04 0.000000000000000000e+00 1.170960187353629976e-03 0.000000000000000000e+00 0.000000000000000000e+00 0.000000000000000000e+00 1.902810304449648656e-03 0.000000000000000000e+00 2.103853877785215754e-03 8.774238834781083302e-05 0.000000000000000000e+00 0.000000000000000000e+00 1.511258878645912020e-04 2.290950744558991974e-04 2.197683230486088476e-02 8.060615831049491517e-05 1.996007984031936133e-02 0.000000000000000000e+00 2.891510525098311534e-03 0.000000000000000000e+00 5.037783375314861326e-04 0.000000000000000000e+00 1.713166911404796810e-03 0.000000000000000000e+00 2.528065057897993517e-02 2.036245163917735671e-04 1.653803748621830369e-02 0.000000000000000000e+00 2.852998065764023039e-02 1.296549737088525554e-03 6.562054208273894462e-02 1.233262861169837857e-03 8.333333333333333218e-03 0.000000000000000000e+00 9.693809332798503098e-02 1.805706031058143708e-03 0.000000000000000000e+00 0.000000000000000000e+00 2.724424465331698876e-04 0.000000000000000000e+00 0.000000000000000000e+00 0.000000000000000000e+00 8.373650911797543561e-04 0.000000000000000000e+00 4.732607666824420120e-04 0.000000000000000000e+00 8.033419023136247018e-04 0.000000000000000000e+00 2.417794970986460526e-03 1.260239445494644017e-03 0.000000000000000000e+00 0.000000000000000000e+00 1.455767077267637252e-02 2.469135802469135752e-03 7.645259938837920552e-04 0.000000000000000000e+00 0.000000000000000000e+00 7.961783439490446260e-04 1.360544217687074736e-03 0.000000000000000000e+00 0.000000000000000000e+00 0.000000000000000000e+00 0.000000000000000000e+00 3.877471888328809448e-04 0.000000000000000000e+00 0.000000000000000000e+00 0.000000000000000000e+00 0.000000000000000000e+00 0.000000000000000000e+00 0.000000000000000000e+00 0.000000000000000000e+00 0.000000000000000000e+00 0.000000000000000000e+00 0.000000000000000000e+00
2.240606687349189739e-03 7.833505687693897990e-02 2.154429507066528762e-03 0.000000000000000000e+00 5.515719801434087587e-04 1.657458563535911533e-02 4.823882770547009702e-03 2.569382273948075390e-01 1.791197543500511755e-03 3.318385650224215527e-02 2.481389578163771710e-03 3.563822234843106590e-02 3.440226071999017213e-03 3.729498988991238051e-02 7.733952049497293518e-04 2.465383316447146075e-02 6.281407035175879490e-04 2.070330339473283598e-02 5.379871407951711954e-03 9.751693002257336151e-02 3.097893432465923208e-04 0.000000000000000000e+00 6.106022758812100840e-03 2.277271390767421355e-01 5.385029617662897118e-04 4.337050805452292816e-03 0.000000000000000000e+00 2.893518518518518358e-04 6.274312962730580791e-04 2.925606018389523624e-02 6.745904272406039182e-03 3.921568627450980338e-02 6.072055053299149630e-03 1.263292556168545654e-02 0.000000000000000000e+00 9.250693802035153072e-04 8.269018743109151194e-04 3.306169965075669154e-02 0.000000000000000000e+00 3.642987249544626591e-03 0.000000000000000000e+00 9.803921568627450844e-03 0.000000000000000000e+00 3.678499172337686010e-04 0.000000000000000000e+00 1.122491932089238025e-03 0.000000000000000000e+00 0.000000000000000000e+00 0.000000000000000000e+00 2.055164954029204977e-03 0.000000000000000000e+00 3.685180310608054607e-03 0.000000000000000000e+00 7.798791187365957831e-04 0.000000000000000000e+00 2.290950744558991974e-04 1.082602576594132249e-04 1.217152990488473349e-02 0.000000000000000000e+00 2.362399505256648075e-02 0.000000000000000000e+00 8.808632459810614330e-04 0.000000000000000000e+00 5.998800239952009096e-04 0.000000000000000000e+00 2.558999147000284510e-03 8.839388314328647960e-05 8.857666463042149912e-03 3.675119441381845156e-04 2.889447236180904544e-02 2.014829142488717105e-03 3.695166750702297970e-02 9.510223490252021211e-04 6.465821000704721766e-02 0.000000000000000000e+00 3.267973856209150426e-03 2.273031153897580019e-03 7.054291561333814187e-02 0.000000000000000000e+00 0.000000000000000000e+00 0.000000000000000000e+00 3.417051084913719553e-04 0.000000000000000000e+00 6.485084306095978976e-04 0.000000000000000000e+00 9.243852837862821326e-04 0.000000000000000000e+00 4.664179104477611851e-04 0.000000000000000000e+00 1.331203407880724300e-04 4.835589941972920727e-04 1.260239445494644017e-03 1.686340640809443417e-03 0.000000000000000000e+00 5.599104143337065888e-03 5.061728395061728530e-02 0.000000000000000000e+00 0.000000000000000000e+00 5.500550055005500255e-04 0.000000000000000000e+00 0.000000000000000000e+00 2.192982456140350755e-03 4.070004070004069820e-04 1.226993865030674919e-03 0.000000000000000000e+00 0.000000000000000000e+00 0.000000000000000000e+00 0.000000000000000000e+00 0.000000000000000000e+00 0.000000000000000000e+00 0.000000000000000000e+00 0.000000000000000000e+00 0.000000000000000000e+00 0.000000000000000000e+00 0.000000000000000000e+00 0.000000000000000000e+00
5.515719801434087587e-04 0.000000000000000000e+00 7.032542746828461533e-02 5.515719801434087587e-04 0.000000000000000000e+00 2.630886608787161123e-03 8.009465732228998255e-03 3.730229782154580523e-04 3.050153531218014469e-01 1.345291479820627870e-03 3.817522427944263961e-04 0.000000000000000000e+00 7.003317360855141997e-03 1.123343068973264392e-04 6.361175560711523902e-02 6.754474839581223015e-04 2.093802345058626497e-04 0.000000000000000000e+00 2.624327516074006095e-04 0.000000000000000000e+00 4.956629491945477306e-02 0.000000000000000000e+00 1.748542880932556220e-02 8.820935019112026215e-04 3.177167474421109528e-02 3.097893432465923316e-03 1.652476780185758443e-01 1.446759259259259179e-03 1.556029614757184140e-02 0.000000000000000000e+00 6.103437198843559425e-03 1.646460110761861903e-03 0.000000000000000000e+00 7.995522507395857830e-05 0.000000000000000000e+00 0.000000000000000000e+00 2.756339581036383731e-04 0.000000000000000000e+00 0.000000000000000000e+00 0.000000000000000000e+00 3.048780487804878155e-03 0.000000000000000000e+00 3.945810864132579194e-04 0.000000000000000000e+00 1.463700234192037469e-04 0.000000000000000000e+00 0.000000000000000000e+00 0.000000000000000000e+00 0.000000000000000000e+00 0.000000000000000000e+00 9.562972171750979962e-05 0.000000000000000000e+00 2.774694783573806935e-04 0.000000000000000000e+00 4.533776635937736060e-04 0.000000000000000000e+00 3.247807729782396747e-04 0.000000000000000000e+00 2.851439977188480407e-04 0.000000000000000000e+00 3.469812630117973494e-04 0.000000000000000000e+00 0.000000000000000000e+00 0.000000000000000000e+00 7.342143906020557600e-04 0.000000000000000000e+00 1.767877662865729592e-04 0.000000000000000000e+00 1.837559720690922578e-04 0.000000000000000000e+00 1.845583494519664747e-02 2.160916228480876014e-04 4.089396100808369294e-02 3.523608174770965617e-04 2.500000000000000139e-02 0.000000000000000000e+00 4.278646877924856609e-03 0.000000000000000000e+00 0.000000000000000000e+00 0.000000000000000000e+00 1.362212232665849438e-04 0.000000000000000000e+00 3.881987577639751507e-03 0.000000000000000000e+00 3.349460364719017424e-03 0.000000000000000000e+00 3.312825366777094084e-03 0.000000000000000000e+00 1.767352185089974192e-03 0.000000000000000000e+00 0.000000000000000000e+00 0.000000000000000000e+00 0.000000000000000000e+00 0.000000000000000000e+00 1.119820828667413221e-03 0.000000000000000000e+00 7.645259938837920552e-04 0.000000000000000000e+00 0.000000000000000000e+00 0.000000000000000000e+00 0.000000000000000000e+00 0.000000000000000000e+00 0.000000000000000000e+00 0.000000000000000000e+00 0.000000000000000000e+00 0.000000000000000000e+00 0.000000000000000000e+00 0.000000000000000000e+00 0.000000000000000000e+00 0.000000000000000000e+00 0.000000000000000000e+00 0.000000000000000000e+00 0.000000000000000000e+00 0.000000000000000000e+00 0.000000000000000000e+00 0.000000000000000000e+00
0.000000000000000000e+00 2.630886608787161448e-04 1.052354643514864579e-03 1.657458563535911533e-02 2.630886608787161123e-03 0.000000000000000000e+00 9.101665604805679220e-05 1.790510295434198738e-03 5.629477993858751292e-03 2.210762331838564965e-01 0.000000000000000000e+00 0.000000000000000000e+00 2.457304337142155229e-04 0.000000000000000000e+00 2.513534416086620447e-03 1.107733873691320453e-01 0.000000000000000000e+00 0.000000000000000000e+00 0.000000000000000000e+00 2.257336343115124019e-04 9.293680297397769081e-04 6.181150550795593696e-02 1.248959200666111555e-03 4.145839458982652354e-02 6.462035541195476976e-03 1.682156133828996147e-01 3.869969040247678250e-04 1.006944444444444475e-01 1.254862592546116321e-04 1.606761400575833568e-02 5.460970125281079668e-03 1.362071546175722125e-02 1.349345567399811222e-04 1.599104501479171620e-03 0.000000000000000000e+00 9.250693802035153072e-04 0.000000000000000000e+00 1.862630966239813739e-03 0.000000000000000000e+00 0.000000000000000000e+00 0.000000000000000000e+00 0.000000000000000000e+00 1.315270288044193155e-04 3.678499172337686010e-04 1.463700234192037469e-04 2.806229830223095061e-04 0.000000000000000000e+00 2.362751911049339876e-03 0.000000000000000000e+00 0.000000000000000000e+00 0.000000000000000000e+00 4.387119417390541380e-04 0.000000000000000000e+00 3.899395593682978916e-04 0.000000000000000000e+00 4.581901489117983948e-04 0.000000000000000000e+00 8.060615831049491517e-05 0.000000000000000000e+00 1.236858379715522610e-04 0.000000000000000000e+00 0.000000000000000000e+00 0.000000000000000000e+00 0.000000000000000000e+00 0.000000000000000000e+00 1.421666192777935628e-04 0.000000000000000000e+00 7.126858073712074443e-04 0.000000000000000000e+00 0.000000000000000000e+00 8.945841392649903426e-03 2.629114744651732394e-02 0.000000000000000000e+00 2.721987315010570771e-02 0.000000000000000000e+00 0.000000000000000000e+00 0.000000000000000000e+00 3.009510051763572992e-03 0.000000000000000000e+00 0.000000000000000000e+00 0.000000000000000000e+00 3.417051084913719553e-04 0.000000000000000000e+00 1.945525291828793801e-03 0.000000000000000000e+00 8.319467554076539302e-04 0.000000000000000000e+00 1.865671641791044741e-03 0.000000000000000000e+00 7.987220447284344715e-04 0.000000000000000000e+00 0.000000000000000000e+00 0.000000000000000000e+00 7.251631617113850825e-04 0.000000000000000000e+00 1.234567901234567876e-03 0.000000000000000000e+00 0.000000000000000000e+00 5.500550055005500255e-04 0.000000000000000000e+00 0.000000000000000000e+00 0.000000000000000000e+00 0.000000000000000000e+00 0.000000000000000000e+00 0.000000000000000000e+00 0.000000000000000000e+00 0.000000000000000000e+00 0.000000000000000000e+00 0.000000000000000000e+00 0.000000000000000000e+00 0.000000000000000000e+00 0.000000000000000000e+00 0.000000000000000000e+00 0.000000000000000000e+00 0.000000000000000000e+00 0.000000000000000000e+00
1.158642031491762953e-01 3.640666241922271688e-04 2.810594338763993671e-01 4.823882770547009702e-03 8.009465732228998255e-03 9.101665604805679220e-05 0.000000000000000000e+00 1.022082960310355046e-02 4.989764585465711333e-02 8.968609865470852103e-04 1.128077877457530076e-01 2.839698991906857740e-03 2.395871728713601101e-01 3.931700741406425614e-03 1.160092807424593919e-02 1.688618709895305537e-03 4.606365159128978509e-03 1.065611204140660701e-03 1.981367274635874656e-02 5.304740406320541946e-03 0.000000000000000000e+00 0.000000000000000000e+00 4.510130446849847097e-02 6.321670097030285436e-03 5.385029617662897118e-04 0.000000000000000000e+00 0.000000000000000000e+00 0.000000000000000000e+00 9.662441962605095372e-03 1.207392959970279541e-03 1.172502409251525816e-02 1.242328992665768517e-02 4.587774929159357286e-03 8.795074758135444995e-03 7.074637424831977262e-04 4.625346901017576536e-04 4.410143329658213970e-03 0.000000000000000000e+00 9.332711152589827537e-04 0.000000000000000000e+00 3.048780487804878155e-03 0.000000000000000000e+00 5.261081152176772619e-04 0.000000000000000000e+00 1.463700234192037578e-03 0.000000000000000000e+00 1.871607711023769551e-04 0.000000000000000000e+00 3.512880562060889927e-03 0.000000000000000000e+00 8.511045232858371543e-03 0.000000000000000000e+00 1.387347391786903413e-03 0.000000000000000000e+00 2.418014205833459232e-03 0.000000000000000000e+00 9.743423189347190025e-03 1.612123166209898303e-04 1.582549187339606436e-02 1.236858379715522610e-04 1.341660883645616476e-02 0.000000000000000000e+00 1.343408900083963020e-03 0.000000000000000000e+00 1.517376407244248708e-02 0.000000000000000000e+00 5.657208521170334695e-03 1.018122581958867836e-04 1.470047776552738062e-03 0.000000000000000000e+00 8.792714377820760874e-02 4.249801916012389304e-03 1.688064669519733635e-02 2.818886539816772493e-03 0.000000000000000000e+00 0.000000000000000000e+00 3.342692873378794172e-02 3.250270855904658761e-03 0.000000000000000000e+00 0.000000000000000000e+00 4.903964037597057651e-03 0.000000000000000000e+00 7.763975155279502580e-04 0.000000000000000000e+00 1.377000372162262738e-02 0.000000000000000000e+00 1.419782300047326036e-03 0.000000000000000000e+00 1.012210796915167035e-02 0.000000000000000000e+00 9.671179883945841453e-04 0.000000000000000000e+00 8.431703204047217085e-04 0.000000000000000000e+00 1.119820828667413221e-03 0.000000000000000000e+00 7.645259938837920552e-04 0.000000000000000000e+00 0.000000000000000000e+00 0.000000000000000000e+00 0.000000000000000000e+00 0.000000000000000000e+00 0.000000000000000000e+00 4.089979550102249548e-04 0.000000000000000000e+00 0.000000000000000000e+00 0.000000000000000000e+00 1.531393568147013844e-03 0.000000000000000000e+00 0.000000000000000000e+00 0.000000000000000000e+00 0.000000000000000000e+00 0.000000000000000000e+00 0.000000000000000000e+00 0.000000000000000000e+00 0.000000000000000000e+00
2.760370038794389847e-03 8.721277230677410008e-02 4.700089525514771632e-03 2.569382273948075390e-01 3.730229782154580523e-04 1.790510295434198738e-03 1.022082960310355046e-02 0.000000000000000000e+00 1.535312180143295728e-03 1.174887892376681592e-01 4.199274670738690519e-03 1.594490983955700603e-01 7.494778228283573152e-03 2.356773758705908717e-01 5.607115235885537854e-03 2.465383316447146075e-02 2.093802345058626280e-03 9.590500837265945877e-03 9.053929930455320921e-03 1.681715575620767664e-02 0.000000000000000000e+00 0.000000000000000000e+00 1.415487094088259748e-02 3.190238165245515983e-02 1.077005923532579424e-03 0.000000000000000000e+00 0.000000000000000000e+00 0.000000000000000000e+00 2.133266407328397556e-03 1.551035571654128288e-02 1.493735946032765868e-02 1.272264631043256919e-02 6.611793280259074118e-03 8.555209082913567756e-03 0.000000000000000000e+00 4.625346901017576536e-04 8.269018743109151194e-04 3.259604190919673881e-03 0.000000000000000000e+00 6.071645415907711346e-04 0.000000000000000000e+00 4.201680672268907381e-03 1.315270288044193155e-04 5.517748758506529558e-04 0.000000000000000000e+00 2.665918338711940633e-03 0.000000000000000000e+00 2.779708130646282079e-04 0.000000000000000000e+00 6.706327744726879765e-03 1.912594434350195992e-04 1.579362990260594832e-02 0.000000000000000000e+00 3.119516474946383133e-03 1.511258878645912020e-04 6.414662084765177311e-03 1.082602576594132249e-04 6.126068031597614420e-03 0.000000000000000000e+00 1.335807050092764452e-02 0.000000000000000000e+00 9.469279894296410080e-03 1.679261125104953775e-04 9.598080383923215855e-04 2.447381302006852895e-04 2.701165766278077959e-02 4.419694157164324251e-04 5.396049684381999841e-03 1.837559720690922578e-04 9.422110552763818692e-04 5.077369439071566411e-03 1.317438593963840554e-01 3.328578221588207424e-03 3.162438336856941701e-02 0.000000000000000000e+00 3.267973856209150426e-03 6.952801176627891773e-03 3.707716383772721724e-02 0.000000000000000000e+00 2.010050251256281610e-03 1.362212232665849438e-04 3.929608747650777459e-03 0.000000000000000000e+00 1.297016861219195795e-03 9.304056568663938043e-05 7.487520798668885480e-03 0.000000000000000000e+00 1.399253731343283501e-03 0.000000000000000000e+00 6.522896698615548473e-03 0.000000000000000000e+00 0.000000000000000000e+00 0.000000000000000000e+00 7.251631617113850825e-04 3.359462486002239446e-03 1.481481481481481538e-02 0.000000000000000000e+00 0.000000000000000000e+00 0.000000000000000000e+00 0.000000000000000000e+00 0.000000000000000000e+00 2.192982456140350755e-03 0.000000000000000000e+00 0.000000000000000000e+00 0.000000000000000000e+00 0.000000000000000000e+00 0.000000000000000000e+00 0.000000000000000000e+00 0.000000000000000000e+00 0.000000000000000000e+00 0.000000000000000000e+00 0.000000000000000000e+00 0.000000000000000000e+00 0.000000000000000000e+00 0.000000000000000000e+00 0.000000000000000000e+00
3.326509723643807700e-03 0.000000000000000000e+00 8.341862845445240093e-02 1.791197543500511755e-03 3.050153531218014469e-01 5.629477993858751292e-03 4.989764585465711333e-02 1.535312180143295728e-03 0.000000000000000000e+00 3.139013452914798073e-03 2.481389578163771710e-03 0.000000000000000000e+00 5.958963017569725990e-02 2.246686137946528783e-04 1.413379737045630247e-01 3.546099290780141758e-03 1.046901172529313140e-03 0.000000000000000000e+00 5.248655032148012191e-04 1.128668171557562009e-04 1.548946716232961658e-03 0.000000000000000000e+00 4.579517069109076063e-03 1.617171420170538049e-03 2.100161550888529974e-02 3.717472118959107633e-03 1.006191950464396280e-02 2.025462962962962851e-03 1.919939766595557887e-02 0.000000000000000000e+00 7.709604882749758817e-03 2.843885645861398206e-03 1.349345567399811222e-04 0.000000000000000000e+00 3.537318712415988631e-04 0.000000000000000000e+00 5.512679162072767463e-04 0.000000000000000000e+00 0.000000000000000000e+00 0.000000000000000000e+00 1.524390243902439077e-03 0.000000000000000000e+00 2.630540576088386310e-04 9.196247930844215026e-05 1.463700234192037469e-04 0.000000000000000000e+00 7.486430844095078203e-04 0.000000000000000000e+00 0.000000000000000000e+00 1.081665765278528907e-04 1.243186382327627531e-03 8.774238834781083302e-05 1.109877913429522774e-03 0.000000000000000000e+00 6.045035514583648080e-04 0.000000000000000000e+00 1.082602576594132249e-04 0.000000000000000000e+00 7.128599942971200476e-04 0.000000000000000000e+00 1.503585473051121920e-03 0.000000000000000000e+00 5.037783375314861326e-04 0.000000000000000000e+00 4.894762604013704922e-03 0.000000000000000000e+00 2.651816494298594659e-04 1.018122581958867836e-04 3.675119441381845156e-04 0.000000000000000000e+00 1.289490651192778774e-02 3.601527047468126418e-04 1.842605801236328958e-02 7.047216349541931234e-04 1.666666666666666644e-02 0.000000000000000000e+00 7.353924321433346484e-03 0.000000000000000000e+00 0.000000000000000000e+00 0.000000000000000000e+00 2.724424465331698876e-04 0.000000000000000000e+00 0.000000000000000000e+00 0.000000000000000000e+00 3.628582061778935688e-03 0.000000000000000000e+00 0.000000000000000000e+00 0.000000000000000000e+00 1.606683804627249404e-03 0.000000000000000000e+00 0.000000000000000000e+00 0.000000000000000000e+00 8.431703204047217085e-04 0.000000000000000000e+00 2.239641657334826442e-03 0.000000000000000000e+00 0.000000000000000000e+00 0.000000000000000000e+00 0.000000000000000000e+00 0.000000000000000000e+00 0.000000000000000000e+00 0.000000000000000000e+00 0.000000000000000000e+00 0.000000000000000000e+00 0.000000000000000000e+00 0.000000000000000000e+00 0.000000000000000000e+00 0.000000000000000000e+00 0.000000000000000000e+00 0.000000000000000000e+00 0.000000000000000000e+00 0.000000000000000000e+00 0.000000000000000000e+00 0.000000000000000000e+00 0.000000000000000000e+00 0.000000000000000000e+00
0.000000000000000000e+00 4.932735426008968277e-03 1.345291479820627870e-03 3.318385650224215527e-02 1.345291479820627870e-03 2.210762331838564965e-01 8.968609865470852103e-04 1.174887892376681592e-01 3.139013452914798073e-03 0.000000000000000000e+00 0.000000000000000000e+00 1.135879596762743183e-03 2.457304337142155229e-04 9.436081779375420781e-03 1.546790409899458704e-03 1.166835528537656236e-01 0.000000000000000000e+00 3.044603440401887485e-04 0.000000000000000000e+00 1.354401805869074465e-03 0.000000000000000000e+00 3.671970624235006229e-03 2.775464890369137090e-04 2.793296089385474950e-03 3.769520732364028091e-03 6.195786864931846416e-04 3.869969040247678250e-04 8.680555555555555074e-04 0.000000000000000000e+00 9.752020061298412659e-03 2.088017989078059643e-03 3.592276605298607827e-03 0.000000000000000000e+00 1.599104501479171566e-04 0.000000000000000000e+00 0.000000000000000000e+00 0.000000000000000000e+00 4.656577415599534348e-04 0.000000000000000000e+00 0.000000000000000000e+00 0.000000000000000000e+00 0.000000000000000000e+00 0.000000000000000000e+00 9.196247930844215026e-05 0.000000000000000000e+00 0.000000000000000000e+00 0.000000000000000000e+00 4.169562195969423119e-04 0.000000000000000000e+00 5.408328826392645077e-04 0.000000000000000000e+00 6.141967184346758040e-04 0.000000000000000000e+00 5.849093390524469187e-04 0.000000000000000000e+00 2.290950744558991974e-04 0.000000000000000000e+00 8.060615831049491517e-05 0.000000000000000000e+00 0.000000000000000000e+00 0.000000000000000000e+00 0.000000000000000000e+00 0.000000000000000000e+00 1.199760047990401982e-04 0.000000000000000000e+00 8.529997156667614312e-04 0.000000000000000000e+00 0.000000000000000000e+00 0.000000000000000000e+00 3.140703517587939745e-04 2.820760799484203947e-03 6.410718144493264721e-03 1.188777936281502651e-04 1.550387596899224785e-02 0.000000000000000000e+00 3.267973856209150426e-03 0.000000000000000000e+00 2.287227639340315248e-03 0.000000000000000000e+00 1.005025125628140805e-03 0.000000000000000000e+00 5.125576627370579058e-04 0.000000000000000000e+00 1.945525291828793801e-03 0.000000000000000000e+00 1.201700868922166848e-03 0.000000000000000000e+00 2.332089552238805763e-03 0.000000000000000000e+00 3.993610223642172358e-04 0.000000000000000000e+00 0.000000000000000000e+00 8.431703204047217085e-04 0.000000000000000000e+00 0.000000000000000000e+00 3.703703703703703845e-03 0.000000000000000000e+00 0.000000000000000000e+00 0.000000000000000000e+00 0.000000000000000000e+00 0.000000000000000000e+00 0.000000000000000000e+00 0.000000000000000000e+00 0.000000000000000000e+00 0.000000000000000000e+00 0.000000000000000000e+00 0.000000000000000000e+00 0.000000000000000000e+00 0.000000000000000000e+00 0.000000000000000000e+00 0.000000000000000000e+00 0.000000000000000000e+00 0.000000000000000000e+00 0.000000000000000000e+00 0.000000000000000000e+00 0.000000000000000000e+00
2.681809505630845525e-01 0.000000000000000000e+00 3.550295857988165771e-02 2.481389578163771710e-03 3.817522427944263961e-04 0.000000000000000000e+00 1.128077877457530076e-01 4.199274670738690519e-03 2.481389578163771710e-03 0.000000000000000000e+00 0.000000000000000000e+00 1.277864546358086027e-03 1.097186386533972186e-01 6.740058413839586891e-04 6.187161639597834814e-03 0.000000000000000000e+00 4.690117252931323005e-02 1.522301720200943743e-04 1.167825744652932658e-02 1.241534988713318332e-03 0.000000000000000000e+00 0.000000000000000000e+00 1.651401609769636430e-02 1.176124669214936684e-03 0.000000000000000000e+00 0.000000000000000000e+00 0.000000000000000000e+00 0.000000000000000000e+00 3.588907014681892022e-02 1.857527630723506881e-04 1.445550915515579887e-03 1.197425535099536087e-03 3.643233031979489864e-03 1.918925401775005988e-03 3.537318712415988631e-04 0.000000000000000000e+00 1.653803748621830239e-03 0.000000000000000000e+00 0.000000000000000000e+00 0.000000000000000000e+00 0.000000000000000000e+00 0.000000000000000000e+00 0.000000000000000000e+00 0.000000000000000000e+00 1.463700234192037469e-04 0.000000000000000000e+00 0.000000000000000000e+00 0.000000000000000000e+00 4.391100702576112408e-04 0.000000000000000000e+00 5.164004972745528908e-03 0.000000000000000000e+00 5.549389567147613870e-04 0.000000000000000000e+00 2.418014205833459232e-03 0.000000000000000000e+00 1.104254628126014916e-02 8.060615831049491517e-05 2.994011976047904373e-03 0.000000000000000000e+00 1.619245894055054355e-02 0.000000000000000000e+00 3.694374475230898305e-03 0.000000000000000000e+00 1.639745472344591309e-02 0.000000000000000000e+00 1.414302130292583674e-03 1.018122581958867836e-04 3.675119441381845156e-04 0.000000000000000000e+00 2.909413281753707448e-02 1.224519196139162939e-03 1.046124583927722333e-02 7.047216349541931234e-04 0.000000000000000000e+00 0.000000000000000000e+00 2.032357267014306759e-02 1.203804020705429067e-03 0.000000000000000000e+00 0.000000000000000000e+00 4.222857921264132688e-03 0.000000000000000000e+00 0.000000000000000000e+00 0.000000000000000000e+00 9.583178265723855602e-03 0.000000000000000000e+00 0.000000000000000000e+00 0.000000000000000000e+00 3.374035989717223596e-03 0.000000000000000000e+00 9.671179883945841453e-04 0.000000000000000000e+00 0.000000000000000000e+00 0.000000000000000000e+00 6.718924972004478892e-03 1.234567901234567876e-03 0.000000000000000000e+00 0.000000000000000000e+00 0.000000000000000000e+00 0.000000000000000000e+00 0.000000000000000000e+00 0.000000000000000000e+00 4.070004070004069820e-04 4.089979550102249548e-04 0.000000000000000000e+00 0.000000000000000000e+00 0.000000000000000000e+00 0.000000000000000000e+00 0.000000000000000000e+00 0.000000000000000000e+00 8.888888888888889315e-04 0.000000000000000000e+00 0.000000000000000000e+00 1.449275362318840597e-03 0.000000000000000000e+00 0.000000000000000000e+00
2.839698991906857957e-04 9.697572057361919518e-02 1.135879596762743183e-03 3.563822234843106590e-02 0.000000000000000000e+00 0.000000000000000000e+00 2.839698991906857740e-03 1.594490983955700603e-01 0.000000000000000000e+00 1.135879596762743183e-03 1.277864546358086027e-03 0.000000000000000000e+00 2.457304337142155229e-04 1.860256122219725861e-01 0.000000000000000000e+00 5.572441742654508229e-03 4.187604690117252993e-04 6.743796620490180582e-02 1.443380133840703244e-03 1.433408577878103780e-02 0.000000000000000000e+00 0.000000000000000000e+00 1.387732445184568491e-03 1.087915319023816454e-02 0.000000000000000000e+00 0.000000000000000000e+00 0.000000000000000000e+00 0.000000000000000000e+00 3.764587777638348691e-04 3.399275564224017721e-02 1.606167683906199826e-03 2.245172878311630163e-03 8.096073404398866245e-04 9.434716558727112429e-03 0.000000000000000000e+00 4.625346901017576536e-04 0.000000000000000000e+00 2.561117578579743918e-03 0.000000000000000000e+00 0.000000000000000000e+00 0.000000000000000000e+00 0.000000000000000000e+00 0.000000000000000000e+00 1.839249586168843005e-04 0.000000000000000000e+00 9.821804405780833799e-04 0.000000000000000000e+00 0.000000000000000000e+00 0.000000000000000000e+00 1.406165494862087525e-03 0.000000000000000000e+00 6.931648679477055673e-03 0.000000000000000000e+00 3.314486254630532105e-03 0.000000000000000000e+00 5.040091638029782668e-03 0.000000000000000000e+00 1.136546832177978347e-02 0.000000000000000000e+00 4.205318491032776496e-03 0.000000000000000000e+00 1.673640167364016593e-02 0.000000000000000000e+00 8.998200359928014078e-03 0.000000000000000000e+00 2.558999147000284163e-02 8.839388314328647960e-05 1.323559356546528173e-03 3.675119441381845156e-04 9.422110552763818692e-04 1.611863313990973467e-03 4.242598861917452890e-02 2.377555872563005303e-04 2.122973925299506681e-02 0.000000000000000000e+00 0.000000000000000000e+00 1.337077149351517582e-03 1.829782111472252198e-02 0.000000000000000000e+00 1.306532663316582916e-02 1.362212232665849438e-04 1.469331966512899337e-02 0.000000000000000000e+00 0.000000000000000000e+00 0.000000000000000000e+00 1.552967276760953974e-02 0.000000000000000000e+00 4.664179104477611851e-04 0.000000000000000000e+00 1.277955271565495154e-02 9.671179883945841453e-04 0.000000000000000000e+00 0.000000000000000000e+00 0.000000000000000000e+00 0.000000000000000000e+00 3.703703703703703845e-03 0.000000000000000000e+00 0.000000000000000000e+00 0.000000000000000000e+00 0.000000000000000000e+00 0.000000000000000000e+00 0.000000000000000000e+00 0.000000000000000000e+00 0.000000000000000000e+00 0.000000000000000000e+00 0.000000000000000000e+00 0.000000000000000000e+00 0.000000000000000000e+00 0.000000000000000000e+00 0.000000000000000000e+00 0.000000000000000000e+00 0.000000000000000000e+00 0.000000000000000000e+00 1.449275362318840597e-03 1.644736842105263067e-03 0.000000000000000000e+00
4.324855633370192770e-02 0.000000000000000000e+00 7.015603882540852321e-02 3.440226071999017213e-03 7.003317360855141997e-03 2.457304337142155229e-04 2.395871728713601101e-01 7.494778228283573152e-03 5.958963017569725990e-02 2.457304337142155229e-04 1.097186386533972186e-01 2.457304337142155229e-04 0.000000000000000000e+00 2.471354751741181716e-03 1.767208043310131427e-01 1.182033096926713919e-03 4.187604690117252559e-03 3.044603440401887485e-04 7.348117045007217067e-03 6.772009029345372327e-04 0.000000000000000000e+00 0.000000000000000000e+00 5.162364696086594457e-02 3.381358423992943292e-03 4.308023694130317695e-03 0.000000000000000000e+00 0.000000000000000000e+00 0.000000000000000000e+00 5.697076170159367375e-02 4.643819076808767339e-04 2.601991647928043536e-02 1.257296811854512718e-02 2.833625691539603132e-03 1.599104501479171620e-03 2.476123098691192150e-03 0.000000000000000000e+00 2.480705622932745467e-03 2.328288707799767174e-04 0.000000000000000000e+00 0.000000000000000000e+00 1.524390243902439077e-03 0.000000000000000000e+00 6.576351440220964961e-04 0.000000000000000000e+00 1.463700234192037469e-04 0.000000000000000000e+00 0.000000000000000000e+00 0.000000000000000000e+00 7.318501170960187889e-04 0.000000000000000000e+00 3.729559146982882375e-03 0.000000000000000000e+00 5.549389567147613870e-04 0.000000000000000000e+00 1.057881215052138522e-03 0.000000000000000000e+00 4.763451337014182330e-03 0.000000000000000000e+00 3.992015968063871920e-03 0.000000000000000000e+00 9.831135785334258956e-03 0.000000000000000000e+00 2.518891687657430663e-03 0.000000000000000000e+00 1.199216837983357875e-02 0.000000000000000000e+00 3.093785910015026813e-03 0.000000000000000000e+00 1.286291804483645669e-03 0.000000000000000000e+00 4.432624113475177458e-02 2.449038392278325878e-03 1.699952448882548900e-02 1.585623678646934419e-03 8.333333333333333218e-03 0.000000000000000000e+00 3.382805187859339729e-02 1.203804020705429067e-03 0.000000000000000000e+00 0.000000000000000000e+00 2.996866911864868709e-03 0.000000000000000000e+00 1.552795031055900516e-03 0.000000000000000000e+00 1.321176032750279172e-02 0.000000000000000000e+00 0.000000000000000000e+00 0.000000000000000000e+00 6.266066838046272826e-03 0.000000000000000000e+00 0.000000000000000000e+00 0.000000000000000000e+00 8.431703204047217085e-04 0.000000000000000000e+00 2.239641657334826442e-03 1.234567901234567876e-03 0.000000000000000000e+00 0.000000000000000000e+00 0.000000000000000000e+00 0.000000000000000000e+00 0.000000000000000000e+00 0.000000000000000000e+00 4.070004070004069820e-04 0.000000000000000000e+00 0.000000000000000000e+00 0.000000000000000000e+00 0.000000000000000000e+00 0.000000000000000000e+00 0.000000000000000000e+00 0.000000000000000000e+00 0.000000000000000000e+00 0.000000000000000000e+00 0.000000000000000000e+00 0.000000000000000000e+00 0.000000000000000000e+00 0.000000000000000000e+00
