0.000000000000000000e+00 2.337493015459117182e-02 4.403948367501898248e-02 4.124926340601060490e-03 0.000000000000000000e+00 0.000000000000000000e+00 5.581295119060446230e-02 2.516627718856731966e-03 0.000000000000000000e+00 0.000000000000000000e+00 2.155253283302063783e-01 3.335295271728467691e-03 1.846320934021178362e-02 2.627430373095112899e-04 1.012145748987854262e-03 0.000000000000000000e+00 9.248766221897276874e-02 6.670177286291030169e-03 6.417046434289937207e-02 2.468427095292766854e-02 0.000000000000000000e+00 0.000000000000000000e+00 1.704158145875937357e-04 0.000000000000000000e+00 0.000000000000000000e+00 0.000000000000000000e+00 0.000000000000000000e+00 0.000000000000000000e+00 2.202420981842636086e-02 1.333728512151748698e-03 8.754012255617158334e-04 0.000000000000000000e+00 7.421748951274604808e-03 9.627182633317602975e-03 1.823154056517775710e-03 1.026167265264238014e-03 8.509579497387409486e-02 2.278942570647219529e-03 0.000000000000000000e+00 4.906771344455348018e-04 0.000000000000000000e+00 0.000000000000000000e+00 1.181893393215931924e-04 8.373806732540613152e-05 1.221995926680244501e-03 2.051913409254129490e-04 0.000000000000000000e+00 0.000000000000000000e+00 8.463369478973817306e-03 2.734980399307138490e-04 1.004655721636853703e-02 6.539271961055002219e-04 2.507051081165778683e-03 0.000000000000000000e+00 1.676646706586826328e-03 0.000000000000000000e+00 2.381111296512598008e-01 3.067484662576687188e-03 2.558869701726844414e-02 1.214882308276385783e-03 7.480569948186528706e-02 8.017638805371818389e-04 2.215189873417721528e-02 3.358522250209907550e-04 4.091013560101126184e-02 1.485001485001484890e-04 8.257638315441783242e-03 1.206636500754147863e-03 6.209235585703104521e-02 1.026079521162890154e-02 4.925141972121838130e-02 5.783132530120481656e-04 1.937515136837006380e-02 2.173913043478260896e-03 6.031363088057900687e-04 0.000000000000000000e+00 7.872490313490665415e-02 4.018369690011481046e-03 0.000000000000000000e+00 0.000000000000000000e+00 4.820106730934756514e-03 0.000000000000000000e+00 0.000000000000000000e+00 0.000000000000000000e+00 2.202183198860939786e-02 0.000000000000000000e+00 7.092198581560284166e-04 0.000000000000000000e+00 1.707097933513027771e-02 2.689618074233458638e-04 5.535055350553505157e-03 1.332001332001332000e-03 1.391465677179962862e-03 0.000000000000000000e+00 3.859649122807017746e-02 0.000000000000000000e+00 8.628127696289905483e-04 0.000000000000000000e+00 9.580838323353293301e-03 2.092050209205020741e-03 0.000000000000000000e+00 6.027727546714888290e-04 4.790721129601613684e-03 1.783398184176394246e-03 1.534330648254698818e-03 6.369426751592356358e-04 5.064715813168261041e-03 1.305483028720626649e-03 0.000000000000000000e+00 0.000000000000000000e+00 1.432664756446991360e-03 1.282051282051282007e-02 4.608294930875576033e-03 2.000000000000000042e-03 0.000000000000000000e+00 0.000000000000000000e+00
2.337493015459117182e-02 0.000000000000000000e+00 2.277904328018223127e-03 7.640934983303869499e-02 0.000000000000000000e+00 7.841087297438578381e-04 8.619760801637754407e-04 9.751932410569835730e-02 0.000000000000000000e+00 1.557632398753894037e-03 3.517823639774859176e-03 5.571905042181675427e-02 9.503122454520770979e-04 1.602732527588018874e-02 0.000000000000000000e+00 1.430615164520743915e-03 7.859623469201243440e-03 7.442513603651045029e-02 2.956029067619165077e-02 6.572904707233065413e-02 0.000000000000000000e+00 0.000000000000000000e+00 5.112474437627812342e-04 0.000000000000000000e+00 0.000000000000000000e+00 0.000000000000000000e+00 0.000000000000000000e+00 0.000000000000000000e+00 2.521856086079354419e-03 3.452874925903971770e-02 2.918004085205719083e-04 1.756543123133673021e-04 1.113262342691190634e-02 1.689476168003775300e-02 4.557885141294439274e-04 0.000000000000000000e+00 2.985817367504354190e-03 9.708295350957156511e-02 0.000000000000000000e+00 6.378802747791952749e-03 0.000000000000000000e+00 0.000000000000000000e+00 0.000000000000000000e+00 1.674761346508122630e-04 0.000000000000000000e+00 1.333743716015184074e-03 0.000000000000000000e+00 2.271952743382937769e-04 5.289605924358635816e-04 4.649466678822135324e-03 0.000000000000000000e+00 1.278790961272978192e-02 3.133813851457223354e-04 5.132884681190829322e-03 0.000000000000000000e+00 2.881407340006066162e-03 6.340730852661438134e-03 2.722108611679163737e-01 3.139717425431711221e-04 3.264996203492786381e-02 6.476683937823834438e-04 4.289436760873922838e-02 0.000000000000000000e+00 1.544920235096557473e-02 0.000000000000000000e+00 4.499554499554499210e-02 1.101018442058904504e-03 6.636500754147812813e-03 3.495956170101748028e-02 8.251389482684907961e-02 2.065049044914816720e-04 5.840963855421686668e-02 1.332041656575441973e-03 3.593350383631713219e-02 0.000000000000000000e+00 1.740644038294168793e-03 3.522367030644592972e-03 2.181400688863375376e-02 0.000000000000000000e+00 0.000000000000000000e+00 1.721466689619555743e-04 6.122895254756177685e-03 0.000000000000000000e+00 1.663893510815307860e-03 9.492168960607498378e-05 3.032632240933547454e-02 0.000000000000000000e+00 0.000000000000000000e+00 2.246181491464510453e-04 7.127487896718665526e-03 9.225092250922508957e-04 4.995004995004995001e-03 2.319109461966604860e-04 3.102378490175801244e-03 0.000000000000000000e+00 2.395209580838323499e-02 0.000000000000000000e+00 1.647446457990115343e-03 1.197604790419161663e-03 1.255230125523012531e-02 4.275331338178708614e-04 1.205545509342977658e-03 1.891074130105900196e-03 2.431906614785992252e-03 7.671653241273494088e-04 4.140127388535031795e-03 3.939223410241980521e-03 5.221932114882506595e-03 0.000000000000000000e+00 0.000000000000000000e+00 4.297994269340974297e-03 0.000000000000000000e+00 4.608294930875576033e-03 0.000000000000000000e+00 0.000000000000000000e+00 2.197802197802197800e-03
4.403948367501898248e-02 2.277904328018223127e-03 0.000000000000000000e+00 4.517776468277352048e-03 1.247591522157996125e-01 1.045478306325143712e-03 3.306755737528283556e-01 1.617832104979327612e-02 4.776526782668031462e-02 4.153686396677050766e-03 4.080675422138836661e-02 7.062978222483813628e-03 7.168069508552810110e-02 8.276405675249605062e-03 2.176113360323886706e-02 6.131207847946045474e-03 1.206360811551818700e-02 1.404247849745480104e-03 7.143736913412981893e-02 6.984309223115193165e-03 2.291475710357470177e-03 1.191895113230035698e-03 2.636332651670075244e-01 8.056781124112795400e-03 1.240506329113924000e-01 5.935892362485159848e-03 1.618466436720615576e-02 3.523608174770965617e-04 2.387357094821788983e-02 2.667457024303497397e-03 7.061569886197840984e-02 8.958369927981732136e-03 3.339787028073572250e-02 4.341670599339311418e-03 1.504102096627164993e-02 5.130836326321190069e-04 2.662353819358049406e-02 6.836827711941659454e-04 4.599816007359705354e-03 4.906771344455348018e-04 0.000000000000000000e+00 0.000000000000000000e+00 2.363786786431863849e-04 0.000000000000000000e+00 6.415478615071283468e-03 0.000000000000000000e+00 0.000000000000000000e+00 1.135976371691468884e-04 1.375297540333245139e-02 2.734980399307138490e-04 4.410683655966674520e-03 2.179757320351667497e-04 2.193669696020056348e-03 2.281282080529257398e-04 1.437125748502993995e-03 1.516530178950561167e-04 1.668613382279325943e-02 5.680527152919790648e-04 2.323390894819466271e-02 1.366742596810934006e-03 5.990932642487046232e-03 6.013229104028863792e-04 1.318565400843881800e-03 3.358522250209907550e-04 3.217651114686278895e-03 1.485001485001484890e-04 3.119552252500229494e-02 1.407742584213172434e-03 6.000521784502999868e-03 4.275331338178708614e-04 5.730511099638616740e-02 1.253012048192771134e-03 8.149673044320658588e-02 4.987212276214833540e-03 5.428226779252111160e-03 0.000000000000000000e+00 9.915463191264529963e-02 9.471871412169919485e-03 0.000000000000000000e+00 0.000000000000000000e+00 8.607333448097779800e-04 4.373496610540127073e-04 0.000000000000000000e+00 0.000000000000000000e+00 5.030849549121974018e-03 2.096289567465585847e-04 0.000000000000000000e+00 0.000000000000000000e+00 6.738544474393531360e-03 0.000000000000000000e+00 9.225092250922508957e-04 1.665001665001665000e-03 2.319109461966604860e-04 0.000000000000000000e+00 1.754385964912280604e-02 5.988023952095808747e-03 0.000000000000000000e+00 0.000000000000000000e+00 1.197604790419161663e-03 0.000000000000000000e+00 0.000000000000000000e+00 0.000000000000000000e+00 3.403933434190620135e-03 9.727626459143969007e-04 1.534330648254698818e-03 3.184713375796178179e-04 2.250984805852560607e-03 0.000000000000000000e+00 0.000000000000000000e+00 0.000000000000000000e+00 0.000000000000000000e+00 0.000000000000000000e+00 0.000000000000000000e+00 0.000000000000000000e+00 3.067484662576687188e-03 2.197802197802197800e-03
4.124926340601060490e-03 7.640934983303869499e-02 4.517776468277352048e-03 0.000000000000000000e+00 1.685934489402697448e-03 1.612650287506534330e-01 5.495097511044068177e-03 1.648391155851159362e-01 3.752985329239167528e-03 4.776739356178608814e-02 2.345215759849906406e-03 5.061801059446733447e-02 3.801248981808308391e-03 5.964266946925906449e-02 1.771255060728744958e-03 2.186797465767422941e-02 2.193383293730579494e-03 2.036159382130946216e-02 1.034610173666707794e-02 9.175277458859548707e-02 4.582951420714940572e-04 0.000000000000000000e+00 5.794137695978186960e-03 2.484174179934778570e-01 4.430379746835443229e-03 5.184012663237039936e-02 7.959671000265322680e-04 1.550387596899224785e-02 1.513113651647612565e-03 3.675163011262596452e-02 9.629413481178874384e-03 7.746355173019497942e-02 2.258793159083575131e-03 2.057574327512977710e-02 0.000000000000000000e+00 7.183170856849666747e-03 4.976362279173924012e-04 1.367365542388331891e-02 0.000000000000000000e+00 7.360157016683023003e-03 0.000000000000000000e+00 0.000000000000000000e+00 0.000000000000000000e+00 1.674761346508122630e-04 0.000000000000000000e+00 1.436339386477890724e-03 0.000000000000000000e+00 2.271952743382937769e-04 1.322401481089658954e-04 3.008478439237852013e-03 0.000000000000000000e+00 4.286856063358279040e-03 0.000000000000000000e+00 5.703205201323143089e-04 0.000000000000000000e+00 7.582650894752805291e-04 8.343066911396629067e-04 1.567825494205862466e-02 1.569858712715855610e-04 1.928625664388762193e-02 0.000000000000000000e+00 6.013229104028863792e-04 2.637130801687763491e-04 5.037783375314861326e-04 0.000000000000000000e+00 3.564003564003563954e-03 7.340122947059363363e-04 1.759678230266465554e-02 1.043569006000521745e-03 3.420265070542966891e-03 2.787816210635002748e-03 4.742168674698795522e-02 3.027367401307822902e-03 7.352941176470588480e-02 0.000000000000000000e+00 1.740644038294168793e-03 1.761183515322296486e-03 8.180252583237658526e-02 0.000000000000000000e+00 0.000000000000000000e+00 5.164400068858667229e-04 1.749398644216050829e-03 0.000000000000000000e+00 0.000000000000000000e+00 0.000000000000000000e+00 8.385158269862343387e-04 0.000000000000000000e+00 0.000000000000000000e+00 0.000000000000000000e+00 6.724045185583646866e-04 4.612546125461254479e-04 1.332001332001332000e-03 0.000000000000000000e+00 3.102378490175801244e-03 0.000000000000000000e+00 8.982035928143712253e-03 0.000000000000000000e+00 0.000000000000000000e+00 0.000000000000000000e+00 1.046025104602510370e-03 0.000000000000000000e+00 6.027727546714888290e-04 7.564296520423600782e-04 8.106355382619974534e-04 3.835826620636747044e-04 6.369426751592356358e-04 0.000000000000000000e+00 0.000000000000000000e+00 0.000000000000000000e+00 0.000000000000000000e+00 0.000000000000000000e+00 0.000000000000000000e+00 4.608294930875576033e-03 2.000000000000000042e-03 0.000000000000000000e+00 0.000000000000000000e+00
0.000000000000000000e+00 0.000000000000000000e+00 1.247591522157996125e-01 1.685934489402697448e-03 0.000000000000000000e+00 2.090956612650287424e-03 6.788061631289732042e-03 5.392773683264425952e-04 4.104401228249743849e-01 2.076843198338525383e-03 2.345215759849906189e-04 0.000000000000000000e+00 1.221830029866956269e-03 2.627430373095112899e-04 1.305668016194332093e-01 1.226241569589209008e-03 0.000000000000000000e+00 0.000000000000000000e+00 4.926715112698608389e-04 9.567546880979717035e-05 2.978918423464711404e-02 0.000000000000000000e+00 1.175869120654396763e-02 1.726453098024170350e-03 1.424050632911392500e-01 1.582904629996042742e-03 1.987264526399575570e-01 1.409443269908386247e-03 1.445864156018829803e-02 0.000000000000000000e+00 5.252407353370294567e-03 1.053925873880203704e-03 6.453694740238786554e-04 0.000000000000000000e+00 0.000000000000000000e+00 0.000000000000000000e+00 4.976362279173924012e-04 0.000000000000000000e+00 0.000000000000000000e+00 0.000000000000000000e+00 0.000000000000000000e+00 0.000000000000000000e+00 0.000000000000000000e+00 0.000000000000000000e+00 1.018329938900203706e-04 0.000000000000000000e+00 0.000000000000000000e+00 0.000000000000000000e+00 0.000000000000000000e+00 0.000000000000000000e+00 0.000000000000000000e+00 0.000000000000000000e+00 0.000000000000000000e+00 0.000000000000000000e+00 0.000000000000000000e+00 0.000000000000000000e+00 3.337226764558651735e-04 0.000000000000000000e+00 0.000000000000000000e+00 0.000000000000000000e+00 4.857512953367875558e-04 0.000000000000000000e+00 7.911392405063291016e-04 0.000000000000000000e+00 6.894966674327740333e-04 0.000000000000000000e+00 1.835030736764840841e-04 0.000000000000000000e+00 0.000000000000000000e+00 0.000000000000000000e+00 2.116675271037687239e-02 9.638554216867469427e-04 3.729716638411237351e-02 2.557544757033247858e-04 1.809408926417370314e-03 0.000000000000000000e+00 2.113420218386755697e-03 0.000000000000000000e+00 0.000000000000000000e+00 0.000000000000000000e+00 0.000000000000000000e+00 0.000000000000000000e+00 0.000000000000000000e+00 0.000000000000000000e+00 6.644518272425249542e-04 0.000000000000000000e+00 0.000000000000000000e+00 0.000000000000000000e+00 0.000000000000000000e+00 0.000000000000000000e+00 0.000000000000000000e+00 0.000000000000000000e+00 0.000000000000000000e+00 0.000000000000000000e+00 0.000000000000000000e+00 0.000000000000000000e+00 0.000000000000000000e+00 0.000000000000000000e+00 0.000000000000000000e+00 0.000000000000000000e+00 0.000000000000000000e+00 6.027727546714888290e-04 0.000000000000000000e+00 1.621271076523994744e-04 0.000000000000000000e+00 0.000000000000000000e+00 0.000000000000000000e+00 0.000000000000000000e+00 0.000000000000000000e+00 0.000000000000000000e+00 0.000000000000000000e+00 0.000000000000000000e+00 0.000000000000000000e+00 0.000000000000000000e+00 0.000000000000000000e+00 0.000000000000000000e+00
0.000000000000000000e+00 7.841087297438578381e-04 1.045478306325143712e-03 1.612650287506534330e-01 2.090956612650287424e-03 0.000000000000000000e+00 7.542290701433035241e-04 4.493978069387021337e-03 6.823609689525759634e-04 2.653167185877466361e-01 0.000000000000000000e+00 0.000000000000000000e+00 2.715177844148791708e-04 6.568575932737782518e-04 2.530364372469635654e-04 1.894543225015327959e-01 0.000000000000000000e+00 1.755309812181850130e-04 0.000000000000000000e+00 3.827018752391886814e-04 5.041246562786434737e-03 8.343265792610250753e-03 2.215405589638718645e-03 1.496259351620947593e-02 5.063291139240506424e-03 1.159477641472101278e-01 4.245157866808171518e-03 2.216349541930937306e-01 0.000000000000000000e+00 6.816834617664493251e-03 4.960606944849722984e-03 1.475496223432285273e-02 0.000000000000000000e+00 5.663048607833883656e-04 0.000000000000000000e+00 0.000000000000000000e+00 0.000000000000000000e+00 0.000000000000000000e+00 0.000000000000000000e+00 0.000000000000000000e+00 0.000000000000000000e+00 0.000000000000000000e+00 0.000000000000000000e+00 0.000000000000000000e+00 0.000000000000000000e+00 0.000000000000000000e+00 0.000000000000000000e+00 0.000000000000000000e+00 0.000000000000000000e+00 0.000000000000000000e+00 0.000000000000000000e+00 7.265857734505558774e-05 0.000000000000000000e+00 1.140641040264628699e-04 0.000000000000000000e+00 0.000000000000000000e+00 0.000000000000000000e+00 2.272210861167916476e-04 0.000000000000000000e+00 0.000000000000000000e+00 0.000000000000000000e+00 2.004409701342954597e-04 0.000000000000000000e+00 0.000000000000000000e+00 0.000000000000000000e+00 2.970002970002969781e-04 0.000000000000000000e+00 1.005530417295123129e-04 0.000000000000000000e+00 0.000000000000000000e+00 9.292720702116675103e-04 2.910843373493975789e-02 0.000000000000000000e+00 1.815856777493606022e-02 0.000000000000000000e+00 8.703220191470843964e-04 0.000000000000000000e+00 2.009184845005740523e-03 0.000000000000000000e+00 0.000000000000000000e+00 0.000000000000000000e+00 0.000000000000000000e+00 0.000000000000000000e+00 0.000000000000000000e+00 0.000000000000000000e+00 4.192579134931171693e-04 0.000000000000000000e+00 0.000000000000000000e+00 0.000000000000000000e+00 0.000000000000000000e+00 0.000000000000000000e+00 0.000000000000000000e+00 0.000000000000000000e+00 0.000000000000000000e+00 0.000000000000000000e+00 0.000000000000000000e+00 0.000000000000000000e+00 0.000000000000000000e+00 0.000000000000000000e+00 0.000000000000000000e+00 0.000000000000000000e+00 0.000000000000000000e+00 0.000000000000000000e+00 0.000000000000000000e+00 0.000000000000000000e+00 0.000000000000000000e+00 0.000000000000000000e+00 0.000000000000000000e+00 0.000000000000000000e+00 0.000000000000000000e+00 0.000000000000000000e+00 0.000000000000000000e+00 0.000000000000000000e+00 2.000000000000000042e-03 0.000000000000000000e+00 0.000000000000000000e+00
5.581295119060446230e-02 8.619760801637754407e-04 3.306755737528283556e-01 5.495097511044068177e-03 6.788061631289732042e-03 7.542290701433035241e-04 0.000000000000000000e+00 2.336868596081250957e-02 4.332992152848857276e-02 1.038421599169262691e-03 1.266416510318949251e-01 1.255640572886011427e-02 1.582948683138745705e-01 1.248029427220178657e-02 2.530364372469635654e-03 3.678724708767627024e-03 9.139097057210747530e-04 1.404247849745480104e-03 1.527281684936568525e-02 5.166475315729047307e-03 0.000000000000000000e+00 0.000000000000000000e+00 5.316973415132924402e-02 4.220218684059083222e-03 3.164556962025316406e-03 7.914523149980213709e-04 2.653223666755107199e-04 1.057082452431289685e-03 1.681237390719569685e-03 2.815649081209247156e-03 4.260285964400350317e-02 8.255752678728262711e-03 1.774766053565666329e-02 5.096743747050495182e-03 1.458523245214220568e-02 0.000000000000000000e+00 2.736999253545657936e-03 6.836827711941659454e-04 0.000000000000000000e+00 4.906771344455348018e-04 0.000000000000000000e+00 0.000000000000000000e+00 0.000000000000000000e+00 8.373806732540613152e-05 1.527494908350305464e-03 1.025956704627064745e-04 0.000000000000000000e+00 0.000000000000000000e+00 2.777043110288283587e-03 9.116601331023794965e-05 2.695417789757412544e-03 0.000000000000000000e+00 6.267627702914446708e-04 0.000000000000000000e+00 2.395209580838323325e-04 0.000000000000000000e+00 7.508760220256966052e-03 4.544421722335832952e-04 4.395604395604395601e-03 1.518602885345482229e-04 1.635362694300518047e-02 2.004409701342954597e-04 8.966244725738396412e-03 0.000000000000000000e+00 2.436221558262468417e-02 1.485001485001484890e-04 7.890632168088815290e-03 4.022121669180492515e-04 2.348030263501174088e-03 0.000000000000000000e+00 1.149199793495095517e-01 2.216867469879518077e-03 1.477355291838217469e-02 6.521739130434782254e-03 0.000000000000000000e+00 8.703220191470843964e-04 1.391334977104614380e-02 1.119402985074626801e-02 0.000000000000000000e+00 0.000000000000000000e+00 9.640213461869513029e-03 0.000000000000000000e+00 0.000000000000000000e+00 0.000000000000000000e+00 2.467963929757949551e-02 0.000000000000000000e+00 0.000000000000000000e+00 0.000000000000000000e+00 1.684636118598382623e-02 0.000000000000000000e+00 4.612546125461254479e-04 3.330003330003330000e-04 0.000000000000000000e+00 0.000000000000000000e+00 3.508771929824561469e-03 0.000000000000000000e+00 0.000000000000000000e+00 0.000000000000000000e+00 0.000000000000000000e+00 0.000000000000000000e+00 4.275331338178708614e-04 0.000000000000000000e+00 3.782148260211800391e-04 1.621271076523994744e-04 3.835826620636747044e-04 0.000000000000000000e+00 5.627462014631401518e-04 0.000000000000000000e+00 0.000000000000000000e+00 0.000000000000000000e+00 0.000000000000000000e+00 0.000000000000000000e+00 0.000000000000000000e+00 0.000000000000000000e+00 0.000000000000000000e+00 0.000000000000000000e+00
2.516627718856731966e-03 9.751932410569835730e-02 1.617832104979327612e-02 1.648391155851159362e-01 5.392773683264425952e-04 4.493978069387021337e-03 2.336868596081250957e-02 0.000000000000000000e+00 3.411804844762879492e-03 1.500519210799584613e-01 8.911819887429643303e-03 1.243868942515204967e-01 1.140374694542492517e-02 2.329217025748817615e-01 2.024291497975708523e-03 7.868383404864091879e-02 1.462255529153719518e-03 1.193610672283658067e-02 2.019953196206429255e-02 2.114427860696517503e-02 0.000000000000000000e+00 0.000000000000000000e+00 2.232447171097477756e-02 2.704776520237866730e-02 3.797468354430379601e-03 3.561535417491096169e-03 1.591934200053064536e-03 2.466525722339675715e-03 2.353732347007397516e-03 2.519264967397747551e-02 2.188503063904289475e-02 2.564552959775162622e-02 4.194901581155211640e-03 1.434638980651250541e-02 4.557885141294439274e-04 6.157003591585428516e-03 4.976362279173924012e-04 2.962625341841385474e-03 0.000000000000000000e+00 2.944062806673209028e-03 0.000000000000000000e+00 0.000000000000000000e+00 0.000000000000000000e+00 0.000000000000000000e+00 1.018329938900203706e-04 2.257104750179542412e-03 0.000000000000000000e+00 2.271952743382937769e-04 1.322401481089658954e-04 6.472786945026893883e-03 0.000000000000000000e+00 1.518564266511661723e-02 0.000000000000000000e+00 4.790692369111440238e-03 2.395209580838323325e-04 2.729754322111010208e-03 0.000000000000000000e+00 1.431492842535787326e-02 1.569858712715855610e-04 6.681852695520121808e-03 1.619170984455958610e-04 1.503307276007215948e-02 2.637130801687763491e-04 3.022670025188916795e-03 0.000000000000000000e+00 2.970002970002970019e-02 5.505092210294522522e-04 1.085972850678732990e-02 1.304461257500652126e-03 2.137665669089354307e-04 7.330924109447599368e-03 1.081445783132530120e-01 5.933640106563332385e-03 4.462915601023018097e-02 0.000000000000000000e+00 0.000000000000000000e+00 1.408946812257837189e-02 2.812858783008036906e-02 0.000000000000000000e+00 1.550387596899224785e-03 1.721466689619555743e-04 7.653619068445222107e-03 0.000000000000000000e+00 0.000000000000000000e+00 0.000000000000000000e+00 1.802809028020403714e-02 0.000000000000000000e+00 9.765625000000000000e-04 0.000000000000000000e+00 6.455083378160301165e-03 4.612546125461254479e-04 0.000000000000000000e+00 0.000000000000000000e+00 0.000000000000000000e+00 3.508771929824561469e-03 0.000000000000000000e+00 0.000000000000000000e+00 0.000000000000000000e+00 2.395209580838323325e-03 0.000000000000000000e+00 0.000000000000000000e+00 0.000000000000000000e+00 7.564296520423600782e-04 4.863813229571984503e-04 3.835826620636747044e-04 6.369426751592356358e-04 5.627462014631401518e-04 0.000000000000000000e+00 0.000000000000000000e+00 0.000000000000000000e+00 0.000000000000000000e+00 0.000000000000000000e+00 0.000000000000000000e+00 0.000000000000000000e+00 0.000000000000000000e+00 0.000000000000000000e+00
0.000000000000000000e+00 0.000000000000000000e+00 4.776526782668031462e-02 3.752985329239167528e-03 4.104401228249743849e-01 6.823609689525759634e-04 4.332992152848857276e-02 3.411804844762879492e-03 0.000000000000000000e+00 3.115264797507788074e-03 7.035647279549718568e-04 0.000000000000000000e+00 2.294325278305728993e-02 3.941145559642669619e-04 1.462550607287449456e-01 1.226241569589209008e-03 5.483458234326448735e-04 0.000000000000000000e+00 1.231678778174652097e-04 0.000000000000000000e+00 9.165902841429881143e-04 0.000000000000000000e+00 5.794137695978186960e-03 1.726453098024170350e-03 6.962025316455696007e-03 7.914523149980213709e-04 3.608384186786946224e-02 3.523608174770965617e-04 1.193678547410894492e-02 0.000000000000000000e+00 2.626203676685147283e-03 1.932197435447040269e-03 4.840271055179090186e-04 9.438414346389806546e-05 0.000000000000000000e+00 0.000000000000000000e+00 0.000000000000000000e+00 0.000000000000000000e+00 0.000000000000000000e+00 0.000000000000000000e+00 0.000000000000000000e+00 0.000000000000000000e+00 0.000000000000000000e+00 0.000000000000000000e+00 0.000000000000000000e+00 0.000000000000000000e+00 0.000000000000000000e+00 0.000000000000000000e+00 1.322401481089658954e-04 0.000000000000000000e+00 0.000000000000000000e+00 0.000000000000000000e+00 0.000000000000000000e+00 0.000000000000000000e+00 0.000000000000000000e+00 0.000000000000000000e+00 3.337226764558651735e-04 0.000000000000000000e+00 0.000000000000000000e+00 0.000000000000000000e+00 4.857512953367875558e-04 0.000000000000000000e+00 1.054852320675105396e-03 0.000000000000000000e+00 9.193288899103654139e-04 0.000000000000000000e+00 0.000000000000000000e+00 0.000000000000000000e+00 0.000000000000000000e+00 0.000000000000000000e+00 1.362932369643778986e-02 5.783132530120481656e-04 2.143376120125938325e-02 3.836317135549872329e-04 1.206272617611580137e-03 0.000000000000000000e+00 5.459668897499119281e-03 0.000000000000000000e+00 0.000000000000000000e+00 0.000000000000000000e+00 1.205026682733689129e-03 0.000000000000000000e+00 0.000000000000000000e+00 0.000000000000000000e+00 3.796867584242999351e-04 0.000000000000000000e+00 0.000000000000000000e+00 0.000000000000000000e+00 0.000000000000000000e+00 0.000000000000000000e+00 0.000000000000000000e+00 0.000000000000000000e+00 0.000000000000000000e+00 0.000000000000000000e+00 3.508771929824561469e-03 0.000000000000000000e+00 0.000000000000000000e+00 0.000000000000000000e+00 0.000000000000000000e+00 0.000000000000000000e+00 0.000000000000000000e+00 0.000000000000000000e+00 0.000000000000000000e+00 0.000000000000000000e+00 0.000000000000000000e+00 6.369426751592356358e-04 0.000000000000000000e+00 0.000000000000000000e+00 0.000000000000000000e+00 0.000000000000000000e+00 0.000000000000000000e+00 0.000000000000000000e+00 0.000000000000000000e+00 0.000000000000000000e+00 0.000000000000000000e+00 0.000000000000000000e+00
0.000000000000000000e+00 1.557632398753894037e-03 4.153686396677050766e-03 4.776739356178608814e-02 2.076843198338525383e-03 2.653167185877466361e-01 1.038421599169262691e-03 1.500519210799584613e-01 3.115264797507788074e-03 0.000000000000000000e+00 0.000000000000000000e+00 1.569550716107514284e-03 2.715177844148791708e-04 1.326852338413032038e-02 7.591093117408906962e-04 1.144492131616595132e-01 0.000000000000000000e+00 5.265929436545549848e-04 1.231678778174652097e-04 9.567546880979717035e-05 2.291475710357470177e-03 0.000000000000000000e+00 2.556237218813906063e-03 2.685593708037598178e-03 4.430379746835443229e-03 7.914523149980213709e-03 3.183868400106129072e-03 5.637773079633544987e-03 0.000000000000000000e+00 2.815649081209247156e-03 6.419608987452582634e-03 4.391357807834182607e-03 0.000000000000000000e+00 2.831524303916941828e-04 0.000000000000000000e+00 0.000000000000000000e+00 0.000000000000000000e+00 0.000000000000000000e+00 0.000000000000000000e+00 0.000000000000000000e+00 0.000000000000000000e+00 0.000000000000000000e+00 0.000000000000000000e+00 0.000000000000000000e+00 0.000000000000000000e+00 0.000000000000000000e+00 0.000000000000000000e+00 0.000000000000000000e+00 0.000000000000000000e+00 0.000000000000000000e+00 0.000000000000000000e+00 7.265857734505558774e-05 0.000000000000000000e+00 0.000000000000000000e+00 0.000000000000000000e+00 0.000000000000000000e+00 0.000000000000000000e+00 0.000000000000000000e+00 0.000000000000000000e+00 0.000000000000000000e+00 0.000000000000000000e+00 4.008819402685909195e-04 0.000000000000000000e+00 0.000000000000000000e+00 0.000000000000000000e+00 0.000000000000000000e+00 0.000000000000000000e+00 3.016591251885369657e-04 0.000000000000000000e+00 0.000000000000000000e+00 5.162622612287042206e-04 7.228915662650602612e-03 1.210946960523129042e-04 7.033248081841431826e-03 0.000000000000000000e+00 0.000000000000000000e+00 0.000000000000000000e+00 3.731343283582089481e-03 0.000000000000000000e+00 0.000000000000000000e+00 0.000000000000000000e+00 1.093374152635031606e-03 0.000000000000000000e+00 0.000000000000000000e+00 0.000000000000000000e+00 6.288868702396757269e-04 0.000000000000000000e+00 0.000000000000000000e+00 0.000000000000000000e+00 5.379236148466917276e-04 0.000000000000000000e+00 0.000000000000000000e+00 0.000000000000000000e+00 0.000000000000000000e+00 0.000000000000000000e+00 0.000000000000000000e+00 0.000000000000000000e+00 0.000000000000000000e+00 0.000000000000000000e+00 0.000000000000000000e+00 0.000000000000000000e+00 0.000000000000000000e+00 0.000000000000000000e+00 1.621271076523994744e-04 0.000000000000000000e+00 0.000000000000000000e+00 0.000000000000000000e+00 0.000000000000000000e+00 0.000000000000000000e+00 0.000000000000000000e+00 0.000000000000000000e+00 0.000000000000000000e+00 0.000000000000000000e+00 0.000000000000000000e+00 0.000000000000000000e+00 0.000000000000000000e+00
2.155253283302063783e-01 3.517823639774859176e-03 4.080675422138836661e-02 2.345215759849906406e-03 2.345215759849906189e-04 0.000000000000000000e+00 1.266416510318949251e-01 8.911819887429643303e-03 7.035647279549718568e-04 0.000000000000000000e+00 0.000000000000000000e+00 2.942907592701589012e-03 6.625033939723051768e-02 3.941145559642669619e-04 2.530364372469635654e-03 2.043735949315348527e-04 5.044781575580332966e-02 8.776549060909250109e-04 1.404113807119103385e-02 2.678913126674320553e-03 0.000000000000000000e+00 0.000000000000000000e+00 1.704158145875937303e-03 7.673124880107424139e-04 0.000000000000000000e+00 0.000000000000000000e+00 0.000000000000000000e+00 0.000000000000000000e+00 5.312710154673840057e-02 7.409602845287492287e-04 6.127808578932010183e-03 1.756543123133673021e-04 4.678928686673120008e-03 2.265219443133553463e-03 6.381039197812215201e-03 0.000000000000000000e+00 2.239363025628265860e-03 0.000000000000000000e+00 9.199632014719411142e-04 0.000000000000000000e+00 0.000000000000000000e+00 0.000000000000000000e+00 1.181893393215931924e-04 0.000000000000000000e+00 7.128309572301426075e-04 0.000000000000000000e+00 1.705320600272851306e-04 0.000000000000000000e+00 6.612007405448293686e-04 0.000000000000000000e+00 1.102670913991668630e-03 7.265857734505558774e-05 0.000000000000000000e+00 0.000000000000000000e+00 0.000000000000000000e+00 0.000000000000000000e+00 1.752044051393292223e-02 3.408316291751874714e-04 2.982731554160125524e-03 3.037205770690964458e-04 3.141191709844559643e-02 0.000000000000000000e+00 2.162447257383966204e-02 3.358522250209907550e-04 1.815674557572971581e-02 0.000000000000000000e+00 2.569043031470776960e-03 1.005530417295123129e-04 7.826767545003913626e-04 0.000000000000000000e+00 4.532782653588022376e-02 3.855421686746987771e-04 6.054734802615645804e-03 5.115089514066495716e-04 0.000000000000000000e+00 0.000000000000000000e+00 3.522367030644592972e-03 5.166475315729047307e-03 0.000000000000000000e+00 0.000000000000000000e+00 4.303666724048889683e-03 0.000000000000000000e+00 0.000000000000000000e+00 0.000000000000000000e+00 6.929283341243474073e-03 0.000000000000000000e+00 0.000000000000000000e+00 0.000000000000000000e+00 2.695417789757412544e-03 0.000000000000000000e+00 0.000000000000000000e+00 6.660006660006660001e-04 2.319109461966604860e-04 0.000000000000000000e+00 0.000000000000000000e+00 0.000000000000000000e+00 0.000000000000000000e+00 0.000000000000000000e+00 0.000000000000000000e+00 0.000000000000000000e+00 0.000000000000000000e+00 0.000000000000000000e+00 0.000000000000000000e+00 0.000000000000000000e+00 0.000000000000000000e+00 0.000000000000000000e+00 0.000000000000000000e+00 0.000000000000000000e+00 0.000000000000000000e+00 0.000000000000000000e+00 0.000000000000000000e+00 0.000000000000000000e+00 0.000000000000000000e+00 0.000000000000000000e+00 0.000000000000000000e+00 0.000000000000000000e+00
3.335295271728467691e-03 5.571905042181675427e-02 7.062978222483813628e-03 5.061801059446733447e-02 0.000000000000000000e+00 0.000000000000000000e+00 1.255640572886011427e-02 1.243868942515204967e-01 0.000000000000000000e+00 1.569550716107514284e-03 2.942907592701589012e-03 0.000000000000000000e+00 2.036383383111593781e-03 1.409616395165528002e-01 5.060728744939271308e-04 5.313713468219905846e-03 9.139097057210747530e-04 8.004212743549236897e-02 5.173050868333538971e-03 1.913509376195943190e-02 0.000000000000000000e+00 0.000000000000000000e+00 2.385821404226312354e-03 1.342796854018799176e-02 0.000000000000000000e+00 0.000000000000000000e+00 0.000000000000000000e+00 0.000000000000000000e+00 8.406186953597848425e-04 6.372258446947243193e-02 2.042602859644003684e-03 2.107851747760407408e-03 9.680542110358180373e-04 9.910335063709297537e-03 0.000000000000000000e+00 1.539250897896357129e-03 0.000000000000000000e+00 1.139471285323609764e-03 0.000000000000000000e+00 0.000000000000000000e+00 0.000000000000000000e+00 0.000000000000000000e+00 0.000000000000000000e+00 0.000000000000000000e+00 0.000000000000000000e+00 2.051913409254129490e-04 0.000000000000000000e+00 0.000000000000000000e+00 0.000000000000000000e+00 6.381620931716656476e-04 0.000000000000000000e+00 1.017220082830778147e-03 0.000000000000000000e+00 7.984487281852400758e-04 0.000000000000000000e+00 1.364877161055505104e-03 1.668613382279325868e-04 7.498295841854124046e-03 0.000000000000000000e+00 1.366742596810934006e-03 0.000000000000000000e+00 5.612347163760272872e-03 0.000000000000000000e+00 1.645675902602854873e-02 0.000000000000000000e+00 4.455004455004455376e-03 9.175153683824204204e-05 3.418803418803418800e-03 7.826767545003913626e-04 2.137665669089354307e-04 1.961796592669075735e-03 4.616867469879518127e-02 1.453136352627754958e-03 1.253196930946291580e-02 0.000000000000000000e+00 0.000000000000000000e+00 2.289538569918985519e-03 2.870264064293915111e-04 0.000000000000000000e+00 4.651162790697674354e-03 0.000000000000000000e+00 1.858736059479553990e-02 0.000000000000000000e+00 0.000000000000000000e+00 0.000000000000000000e+00 1.656068758297812860e-02 0.000000000000000000e+00 9.765625000000000000e-04 0.000000000000000000e+00 5.917159763313609329e-03 0.000000000000000000e+00 0.000000000000000000e+00 4.638218923933209721e-04 0.000000000000000000e+00 0.000000000000000000e+00 0.000000000000000000e+00 0.000000000000000000e+00 0.000000000000000000e+00 0.000000000000000000e+00 0.000000000000000000e+00 0.000000000000000000e+00 0.000000000000000000e+00 1.260716086737266887e-04 0.000000000000000000e+00 0.000000000000000000e+00 0.000000000000000000e+00 0.000000000000000000e+00 0.000000000000000000e+00 0.000000000000000000e+00 0.000000000000000000e+00 0.000000000000000000e+00 0.000000000000000000e+00 0.000000000000000000e+00 0.000000000000000000e+00 0.000000000000000000e+00 0.000000000000000000e+00
1.846320934021178362e-02 9.503122454520770979e-04 7.168069508552810110e-02 3.801248981808308391e-03 1.221830029866956269e-03 2.715177844148791708e-04 1.582948683138745705e-01 1.140374694542492517e-02 2.294325278305728993e-02 2.715177844148791708e-04 6.625033939723051768e-02 2.036383383111593781e-03 0.000000000000000000e+00 4.072517078297425291e-03 3.453947368421052544e-01 2.043735949315348636e-03 6.031804057759093500e-03 1.755309812181850130e-04 8.375415691587633285e-03 1.339456563337160276e-03 0.000000000000000000e+00 0.000000000000000000e+00 3.357191547375596580e-02 2.877421830040283700e-03 1.265822784810126606e-03 3.957261574990106855e-04 0.000000000000000000e+00 3.523608174770965617e-04 1.230665770006725002e-01 5.927682276229993613e-04 3.093084330318062597e-02 6.499209555594590015e-03 7.099064214262665318e-03 1.793298725814063176e-03 4.102096627164995672e-03 0.000000000000000000e+00 4.976362279173924229e-03 2.278942570647219637e-04 1.839926402943882228e-03 0.000000000000000000e+00 0.000000000000000000e+00 0.000000000000000000e+00 0.000000000000000000e+00 0.000000000000000000e+00 0.000000000000000000e+00 0.000000000000000000e+00 0.000000000000000000e+00 0.000000000000000000e+00 2.644802962179317908e-04 9.116601331023794965e-05 3.675569713305562461e-04 7.265857734505558774e-05 0.000000000000000000e+00 1.140641040264628699e-04 0.000000000000000000e+00 0.000000000000000000e+00 7.175037543801100932e-03 4.544421722335832952e-04 3.139717425431711329e-03 0.000000000000000000e+00 2.428756476683937779e-02 2.004409701342954597e-04 3.691983122362869213e-02 3.358522250209907550e-04 1.608825557343139534e-02 1.485001485001484890e-04 3.119552252500229321e-03 0.000000000000000000e+00 2.348030263501174088e-03 0.000000000000000000e+00 7.764584408879711408e-02 7.710843373493975542e-04 3.511746185517074237e-02 1.534526854219948932e-03 4.825090470446320549e-03 0.000000000000000000e+00 4.209228601620288585e-02 3.731343283582089481e-03 0.000000000000000000e+00 0.000000000000000000e+00 1.118953348252711352e-02 2.186748305270063536e-04 1.908396946564885422e-03 0.000000000000000000e+00 1.053630754627432435e-02 0.000000000000000000e+00 0.000000000000000000e+00 0.000000000000000000e+00 4.716981132075471518e-03 0.000000000000000000e+00 1.153136531365313647e-03 0.000000000000000000e+00 0.000000000000000000e+00 0.000000000000000000e+00 3.508771929824561469e-03 2.994011976047904373e-03 0.000000000000000000e+00 0.000000000000000000e+00 0.000000000000000000e+00 0.000000000000000000e+00 0.000000000000000000e+00 0.000000000000000000e+00 7.564296520423600782e-04 1.621271076523994744e-04 0.000000000000000000e+00 3.184713375796178179e-04 0.000000000000000000e+00 0.000000000000000000e+00 0.000000000000000000e+00 0.000000000000000000e+00 0.000000000000000000e+00 0.000000000000000000e+00 4.608294930875576033e-03 0.000000000000000000e+00 0.000000000000000000e+00 2.197802197802197800e-03
