2.782426452713121501e-01 4.593997228740528960e-01 3.484350035184694550e-01 4.713317099414000566e-01 3.141968208671619411e-01 0.000000000000000000e+00 3.511322857665064578e-01 4.496686489858579550e-01 3.547801518216224803e-01 0.000000000000000000e+00 3.169417429916640550e-01 4.269227934782609535e-01 3.654609038984251712e-01 4.147726147293613330e-01 3.588340644275992974e-01 0.000000000000000000e+00 2.895940107671466368e-01 4.544721691500558935e-01 3.731972093432944781e-01 4.758336239593325412e-01 0.000000000000000000e+00 0.000000000000000000e+00 3.874608364595651389e-01 3.912682715231787789e-01 0.000000000000000000e+00 0.000000000000000000e+00 3.347689313178294768e-01 0.000000000000000000e+00 3.973069433515100668e-01 4.693972767516833566e-01 3.721180603771118145e-01 3.812535624999999762e-01 3.932685039317801445e-01 4.570950861736499671e-01 4.369187594339623004e-01 0.000000000000000000e+00 4.554644437346189179e-01 5.341870701754385387e-01 5.274189896650873788e-01 0.000000000000000000e+00 0.000000000000000000e+00 0.000000000000000000e+00 4.541923423423424588e-01 0.000000000000000000e+00 4.038167048187095709e-01 0.000000000000000000e+00 0.000000000000000000e+00 0.000000000000000000e+00 3.915720209911128236e-01 4.604353385826771561e-01 3.929948246836915127e-01 0.000000000000000000e+00 4.117198135926401492e-01 0.000000000000000000e+00 3.815287948682222208e-01 0.000000000000000000e+00 3.043653868035293697e-01 4.570400835531923667e-01 3.909907306898635637e-01 4.483131589349123036e-01 3.623846048173479106e-01 0.000000000000000000e+00 3.497146431422957780e-01 0.000000000000000000e+00 4.086862157752391145e-01 4.691435728155338714e-01 4.066019714269116792e-01 4.985647615029391022e-01 3.163716777399794844e-01 4.742648719679413705e-01 3.488387594412233894e-01 4.789472117912164095e-01 3.750934709408162426e-01 4.512488887189647357e-01 3.495783093750000070e-01 4.030744056603773329e-01 3.820826337527870598e-01 4.467689282518515492e-01 0.000000000000000000e+00 0.000000000000000000e+00 3.934631275776134807e-01 0.000000000000000000e+00 4.082249940119760390e-01 0.000000000000000000e+00 4.027768672553784235e-01 4.560993969465648723e-01 0.000000000000000000e+00 0.000000000000000000e+00 3.960888645605483704e-01 0.000000000000000000e+00 4.346192563761795968e-01 4.622304666666666173e-01 4.023437973103518583e-01 4.571621744966443135e-01 4.350437058294081005e-01 4.712934000499530707e-01 4.395762066115702638e-01 0.000000000000000000e+00 4.281966756756755976e-01 0.000000000000000000e+00 0.000000000000000000e+00 0.000000000000000000e+00 4.253320580407606855e-01 4.225258372093023684e-01 4.397147155172414501e-01 0.000000000000000000e+00 4.252951253309590895e-01 0.000000000000000000e+00 0.000000000000000000e+00 0.000000000000000000e+00 0.000000000000000000e+00 0.000000000000000000e+00 0.000000000000000000e+00 0.000000000000000000e+00 0.000000000000000000e+00 0.000000000000000000e+00
4.593997228740528960e-01 2.968012274415124385e-01 4.650616789650130478e-01 3.534451375508754767e-01 0.000000000000000000e+00 3.009194170221610176e-01 4.439932415586797521e-01 3.345349388978443583e-01 0.000000000000000000e+00 3.608714309138363885e-01 4.403988132060712712e-01 3.017391005145915184e-01 4.204853410852713580e-01 3.536548222887164195e-01 0.000000000000000000e+00 3.671642935778501315e-01 4.471797653626363722e-01 3.321792895520190303e-01 4.814513011701776479e-01 3.599981144149497214e-01 0.000000000000000000e+00 0.000000000000000000e+00 4.453901380310468783e-01 0.000000000000000000e+00 0.000000000000000000e+00 0.000000000000000000e+00 0.000000000000000000e+00 0.000000000000000000e+00 4.598418308973637458e-01 4.063830499406568819e-01 4.233581534559559545e-01 4.166290482758621128e-01 4.702674466734299563e-01 4.410737685594876556e-01 5.132661874999999707e-01 4.203258792535093935e-01 5.186824327753889463e-01 5.008032042499630521e-01 0.000000000000000000e+00 4.724029711401473430e-01 0.000000000000000000e+00 4.542845653604469236e-01 0.000000000000000000e+00 4.018473776796196439e-01 0.000000000000000000e+00 4.135753418392610348e-01 0.000000000000000000e+00 4.201116802752940527e-01 0.000000000000000000e+00 4.147509092338916292e-01 0.000000000000000000e+00 4.064284499741782630e-01 0.000000000000000000e+00 3.862998172856270118e-01 0.000000000000000000e+00 4.017824071396265961e-01 4.469867984713150610e-01 3.361690267187107950e-01 4.664047126843595126e-01 4.115986097216699502e-01 0.000000000000000000e+00 3.977991809576921778e-01 0.000000000000000000e+00 3.409224204265984826e-01 0.000000000000000000e+00 4.108124489531155277e-01 4.808971433969954079e-01 4.030763813423158259e-01 4.890020682304648258e-01 3.120439957894909355e-01 4.602018993698767102e-01 3.652806022614599746e-01 4.633308910002111314e-01 3.924265389076737609e-01 0.000000000000000000e+00 3.740615498194436728e-01 4.511193949481113741e-01 4.019054482974691589e-01 0.000000000000000000e+00 0.000000000000000000e+00 0.000000000000000000e+00 4.074747391886116565e-01 0.000000000000000000e+00 0.000000000000000000e+00 0.000000000000000000e+00 4.225527087156762951e-01 0.000000000000000000e+00 0.000000000000000000e+00 0.000000000000000000e+00 4.178732735197848713e-01 4.275992873269938710e-01 4.673117596145932029e-01 0.000000000000000000e+00 0.000000000000000000e+00 4.445752091586828159e-01 4.386350027585993461e-01 0.000000000000000000e+00 0.000000000000000000e+00 0.000000000000000000e+00 4.583949624823444036e-01 0.000000000000000000e+00 4.234046333333332801e-01 4.365709249249743462e-01 4.379659733552913048e-01 4.713899059829059213e-01 3.929302307692307816e-01 4.771754156186087115e-01 4.864435828998154299e-01 0.000000000000000000e+00 0.000000000000000000e+00 0.000000000000000000e+00 0.000000000000000000e+00 0.000000000000000000e+00 0.000000000000000000e+00 0.000000000000000000e+00 0.000000000000000000e+00
3.484350035184694550e-01 4.650616789650130478e-01 2.563963049526430948e-01 4.303864492235723871e-01 1.647457620453434690e-01 3.730038986766485709e-01 2.954891858929643011e-01 4.249308239143751442e-01 2.841761973482357373e-01 3.766739284795015408e-01 3.778303525820851383e-01 4.392710650442691600e-01 3.374206286915608644e-01 4.162332949981273900e-01 3.052033837428256846e-01 3.975254755421340214e-01 3.907346846638863336e-01 4.598213783080151718e-01 3.020657315995671222e-01 4.637362927834466908e-01 3.483868478120630829e-01 0.000000000000000000e+00 2.678907892136725977e-01 4.196605800156719690e-01 2.131791818159226859e-01 0.000000000000000000e+00 2.867538734354273533e-01 4.053458833615392054e-01 3.598673844442932812e-01 4.128565922134376787e-01 3.520476841542783952e-01 3.985689482023643815e-01 3.839280111789301619e-01 4.580500419423845226e-01 4.183245038153298179e-01 0.000000000000000000e+00 4.157155850579614120e-01 0.000000000000000000e+00 4.635533571428571697e-01 4.702799166666666864e-01 0.000000000000000000e+00 0.000000000000000000e+00 0.000000000000000000e+00 5.044896269430052538e-01 4.051871441737925905e-01 0.000000000000000000e+00 0.000000000000000000e+00 0.000000000000000000e+00 3.696513214591523599e-01 4.521493333333333475e-01 3.645418564743491130e-01 0.000000000000000000e+00 3.675491975636365760e-01 0.000000000000000000e+00 3.532468527341080522e-01 0.000000000000000000e+00 3.755258217185011294e-01 4.551419620573237124e-01 3.972456642390593262e-01 4.525917349453866811e-01 3.756807113457012459e-01 0.000000000000000000e+00 3.746553195553538051e-01 4.514435474452554997e-01 3.718979805262258576e-01 0.000000000000000000e+00 4.200546183330434724e-01 4.616398333532806264e-01 3.535537911108295184e-01 4.120661446540880846e-01 3.418335229043174550e-01 4.346605763847218307e-01 3.576626181826765838e-01 4.236621384032322468e-01 3.396320840906607019e-01 3.758028588235294287e-01 3.904831737990562823e-01 4.389740668754196773e-01 3.689343673587919259e-01 0.000000000000000000e+00 3.792854013483078490e-01 3.919225029239766234e-01 0.000000000000000000e+00 0.000000000000000000e+00 3.784040435224653720e-01 0.000000000000000000e+00 0.000000000000000000e+00 0.000000000000000000e+00 3.691967437710107491e-01 0.000000000000000000e+00 4.059253823426133834e-01 4.304942556252697727e-01 0.000000000000000000e+00 0.000000000000000000e+00 4.122552093789043082e-01 4.386106456862631231e-01 0.000000000000000000e+00 0.000000000000000000e+00 4.637091960784314182e-01 5.119404604316547536e-01 0.000000000000000000e+00 0.000000000000000000e+00 4.044997124768399122e-01 4.512772229101737476e-01 4.032256327365163484e-01 4.227201179453262125e-01 4.162643244881481519e-01 0.000000000000000000e+00 0.000000000000000000e+00 0.000000000000000000e+00 0.000000000000000000e+00 0.000000000000000000e+00 0.000000000000000000e+00 0.000000000000000000e+00 0.000000000000000000e+00 4.189058108108106859e-01
4.713317099414000566e-01 3.534451375508754767e-01 4.303864492235723871e-01 2.491436089195409598e-01 4.123605927381531200e-01 2.198310581832931265e-01 4.454754230888087752e-01 3.237613030880750475e-01 4.052609051533743179e-01 3.042994977718255223e-01 4.363458339581032241e-01 3.726716726929968360e-01 4.128214682555604309e-01 3.546912725235342179e-01 4.070727926070404901e-01 3.387792846861181206e-01 4.571793029359709215e-01 4.060483380915674845e-01 4.828840788150962626e-01 3.201469478307513716e-01 3.820046595810289713e-01 3.078797947712418326e-01 4.343561367086167246e-01 2.177797915355277891e-01 3.882234839793640147e-01 2.636393034079131947e-01 4.122827981611985604e-01 3.173447994889382340e-01 4.417705615105425587e-01 3.670161607730442754e-01 4.087466784043141677e-01 3.053867253829811723e-01 4.707602308477279451e-01 3.925843677933122389e-01 4.779412123893805875e-01 4.417412855769993207e-01 5.156480936408105453e-01 4.718474777866658032e-01 5.316864207650273677e-01 4.482280923226472091e-01 0.000000000000000000e+00 0.000000000000000000e+00 0.000000000000000000e+00 4.380072848978363020e-01 0.000000000000000000e+00 4.392641533453530145e-01 0.000000000000000000e+00 0.000000000000000000e+00 4.402945782312926437e-01 4.392702519050198928e-01 4.164270882352941738e-01 4.171671364154269090e-01 0.000000000000000000e+00 4.519136070665185634e-01 0.000000000000000000e+00 0.000000000000000000e+00 4.672102095238094832e-01 4.151145065340108853e-01 0.000000000000000000e+00 4.284225979388108230e-01 0.000000000000000000e+00 4.272286072979172289e-01 0.000000000000000000e+00 4.060380446457186876e-01 0.000000000000000000e+00 4.102552160232046941e-01 4.843395741090305018e-01 4.330856289480551902e-01 5.019382129505762791e-01 4.158102198896088675e-01 4.423512983200807991e-01 3.662179582775809683e-01 4.380032630032697494e-01 3.676273079768335172e-01 0.000000000000000000e+00 3.545297698732453595e-01 4.563528721555219492e-01 4.012512702625216643e-01 0.000000000000000000e+00 3.702442873563219217e-01 0.000000000000000000e+00 4.072921789642890977e-01 0.000000000000000000e+00 0.000000000000000000e+00 0.000000000000000000e+00 3.938723323190416736e-01 0.000000000000000000e+00 3.804218864676259249e-01 0.000000000000000000e+00 3.991672365595580474e-01 4.325800200733833645e-01 4.122820759243230881e-01 4.448062756756757108e-01 0.000000000000000000e+00 4.319891836275460140e-01 4.303772088403323148e-01 4.565358939393939219e-01 0.000000000000000000e+00 0.000000000000000000e+00 4.416079005287571468e-01 0.000000000000000000e+00 0.000000000000000000e+00 4.053656987680769319e-01 4.273234885614339285e-01 4.213529198623402472e-01 4.054174403669725257e-01 4.060753130434782698e-01 0.000000000000000000e+00 0.000000000000000000e+00 0.000000000000000000e+00 0.000000000000000000e+00 0.000000000000000000e+00 0.000000000000000000e+00 0.000000000000000000e+00 0.000000000000000000e+00 0.000000000000000000e+00
3.141968208671619411e-01 0.000000000000000000e+00 1.647457620453434690e-01 4.123605927381531200e-01 2.106108582374463523e-01 4.187005684783032811e-01 2.675630976268995598e-01 4.070041206610010009e-01 2.495800315566403804e-01 3.988853957744701861e-01 3.027245098039215709e-01 0.000000000000000000e+00 2.926007567477005855e-01 3.828480098039215851e-01 2.863846542479042689e-01 3.885608257538213928e-01 4.056724578754578592e-01 0.000000000000000000e+00 3.521968601258592679e-01 0.000000000000000000e+00 2.687585700288720458e-01 3.116735909090909140e-01 1.860409514770572925e-01 4.104787713336008892e-01 1.588707717514788176e-01 3.776908735214218327e-01 2.638503844625039174e-01 4.123052543474488019e-01 3.183787647532402842e-01 4.165158153846153510e-01 3.070006268679499328e-01 3.868001151841980456e-01 0.000000000000000000e+00 0.000000000000000000e+00 0.000000000000000000e+00 0.000000000000000000e+00 0.000000000000000000e+00 0.000000000000000000e+00 0.000000000000000000e+00 0.000000000000000000e+00 0.000000000000000000e+00 0.000000000000000000e+00 0.000000000000000000e+00 0.000000000000000000e+00 0.000000000000000000e+00 0.000000000000000000e+00 0.000000000000000000e+00 0.000000000000000000e+00 0.000000000000000000e+00 0.000000000000000000e+00 3.414501333333332944e-01 0.000000000000000000e+00 3.222856274509803831e-01 0.000000000000000000e+00 0.000000000000000000e+00 0.000000000000000000e+00 3.629585011399320549e-01 0.000000000000000000e+00 3.468410226357138693e-01 0.000000000000000000e+00 3.604951351351351474e-01 0.000000000000000000e+00 4.163660666666667010e-01 0.000000000000000000e+00 3.493987206131078938e-01 0.000000000000000000e+00 3.806870072992700749e-01 0.000000000000000000e+00 3.777392486345480527e-01 0.000000000000000000e+00 2.977946575141155461e-01 4.193412862843817202e-01 3.190811974315763688e-01 0.000000000000000000e+00 3.013441226670043882e-01 0.000000000000000000e+00 3.505127798400421435e-01 0.000000000000000000e+00 0.000000000000000000e+00 0.000000000000000000e+00 3.183699115702479654e-01 0.000000000000000000e+00 4.211739617939225244e-01 0.000000000000000000e+00 3.706973830963415373e-01 0.000000000000000000e+00 3.926950000000000718e-01 0.000000000000000000e+00 3.787382023699639721e-01 0.000000000000000000e+00 0.000000000000000000e+00 0.000000000000000000e+00 0.000000000000000000e+00 0.000000000000000000e+00 0.000000000000000000e+00 0.000000000000000000e+00 0.000000000000000000e+00 0.000000000000000000e+00 0.000000000000000000e+00 0.000000000000000000e+00 0.000000000000000000e+00 0.000000000000000000e+00 0.000000000000000000e+00 0.000000000000000000e+00 0.000000000000000000e+00 0.000000000000000000e+00 0.000000000000000000e+00 0.000000000000000000e+00 0.000000000000000000e+00 0.000000000000000000e+00 0.000000000000000000e+00 0.000000000000000000e+00 0.000000000000000000e+00 0.000000000000000000e+00 0.000000000000000000e+00 0.000000000000000000e+00
0.000000000000000000e+00 3.009194170221610176e-01 3.730038986766485709e-01 2.198310581832931265e-01 4.187005684783032811e-01 1.833038232137488011e-01 0.000000000000000000e+00 2.634332944540321853e-01 3.811167654320987697e-01 2.356213236832179758e-01 0.000000000000000000e+00 3.707697697330006315e-01 0.000000000000000000e+00 3.121024811980864233e-01 0.000000000000000000e+00 2.593735119113165788e-01 0.000000000000000000e+00 3.941841276595745569e-01 0.000000000000000000e+00 3.551880853383458936e-01 4.200619861908545527e-01 2.985357899521935976e-01 4.062246993538249362e-01 2.321164378065413703e-01 3.970547012026862665e-01 2.329547051414183334e-01 4.075073307409538548e-01 2.409620593149023327e-01 0.000000000000000000e+00 3.490026175478550541e-01 3.782844445583374293e-01 3.317016255182544948e-01 0.000000000000000000e+00 3.713048166217430279e-01 0.000000000000000000e+00 4.142298993243243022e-01 0.000000000000000000e+00 4.028669357142857232e-01 0.000000000000000000e+00 0.000000000000000000e+00 0.000000000000000000e+00 0.000000000000000000e+00 0.000000000000000000e+00 4.522246676618103534e-01 0.000000000000000000e+00 0.000000000000000000e+00 0.000000000000000000e+00 0.000000000000000000e+00 0.000000000000000000e+00 3.555843470670156936e-01 0.000000000000000000e+00 3.497692867132867200e-01 0.000000000000000000e+00 0.000000000000000000e+00 0.000000000000000000e+00 4.355376493506494806e-01 0.000000000000000000e+00 3.165785298979338913e-01 0.000000000000000000e+00 0.000000000000000000e+00 0.000000000000000000e+00 0.000000000000000000e+00 0.000000000000000000e+00 3.835837891566264979e-01 0.000000000000000000e+00 3.682902638382062888e-01 0.000000000000000000e+00 4.228512851668961292e-01 0.000000000000000000e+00 0.000000000000000000e+00 4.507097165184308363e-01 3.152060427713352375e-01 0.000000000000000000e+00 3.328355068994448551e-01 0.000000000000000000e+00 3.310736964285713735e-01 4.305375328947368407e-01 3.637895479611135130e-01 0.000000000000000000e+00 0.000000000000000000e+00 0.000000000000000000e+00 4.173007888898435103e-01 0.000000000000000000e+00 4.077869600000000316e-01 0.000000000000000000e+00 3.923721965424329938e-01 0.000000000000000000e+00 3.578840185185184763e-01 0.000000000000000000e+00 3.709612330502914945e-01 0.000000000000000000e+00 0.000000000000000000e+00 0.000000000000000000e+00 0.000000000000000000e+00 0.000000000000000000e+00 0.000000000000000000e+00 0.000000000000000000e+00 0.000000000000000000e+00 0.000000000000000000e+00 0.000000000000000000e+00 0.000000000000000000e+00 0.000000000000000000e+00 0.000000000000000000e+00 0.000000000000000000e+00 0.000000000000000000e+00 0.000000000000000000e+00 0.000000000000000000e+00 0.000000000000000000e+00 0.000000000000000000e+00 0.000000000000000000e+00 0.000000000000000000e+00 0.000000000000000000e+00 0.000000000000000000e+00 0.000000000000000000e+00 0.000000000000000000e+00 0.000000000000000000e+00
3.511322857665064578e-01 4.439932415586797521e-01 2.954891858929643011e-01 4.454754230888087752e-01 2.675630976268995598e-01 0.000000000000000000e+00 2.970125619500343928e-01 4.324313357249451872e-01 2.837844798413323710e-01 3.323135364942528813e-01 3.882379770343245551e-01 4.303128786187647714e-01 3.058886421436824432e-01 4.241662095958312895e-01 3.026932464153557767e-01 3.902042675833923835e-01 3.749424253722702938e-01 4.429887390280300430e-01 3.880479636317497039e-01 4.587211530690688543e-01 0.000000000000000000e+00 0.000000000000000000e+00 3.777176855529018051e-01 4.344796063954647347e-01 2.902549009384893242e-01 0.000000000000000000e+00 3.387863898305085164e-01 0.000000000000000000e+00 3.467070134248769198e-01 4.322390935162584436e-01 3.389319119590201157e-01 4.005282210471888260e-01 3.737618414447672066e-01 4.486810549716414021e-01 4.063082269537424129e-01 4.491483252252252423e-01 4.076041659886708857e-01 0.000000000000000000e+00 4.016231454545454160e-01 4.606525323466585387e-01 0.000000000000000000e+00 0.000000000000000000e+00 3.973507238095237981e-01 0.000000000000000000e+00 3.774187418864604626e-01 4.722211986301369513e-01 0.000000000000000000e+00 0.000000000000000000e+00 3.760480773467788085e-01 0.000000000000000000e+00 3.678227145672582354e-01 4.250443178807946643e-01 3.760914768268623920e-01 0.000000000000000000e+00 3.757289003458963439e-01 0.000000000000000000e+00 3.747426675844060528e-01 4.344636798180976367e-01 3.731316146677332024e-01 4.632107443536872537e-01 3.761786512981158959e-01 0.000000000000000000e+00 3.601195631484406245e-01 0.000000000000000000e+00 3.770714869721137341e-01 4.167600258064516061e-01 4.034481407931138075e-01 4.296381606060605818e-01 3.664494647450210474e-01 4.278737300613496553e-01 3.104523206886785069e-01 4.412690902245009483e-01 3.405808492713615632e-01 4.157142061258738974e-01 3.093364540192113377e-01 4.368634742268041049e-01 3.675393191909769874e-01 4.350601905786029566e-01 0.000000000000000000e+00 0.000000000000000000e+00 3.759570398652475887e-01 0.000000000000000000e+00 0.000000000000000000e+00 0.000000000000000000e+00 3.853279330456907958e-01 4.243014080459770465e-01 3.944845714285714622e-01 0.000000000000000000e+00 3.836237846376711058e-01 4.265769289340101134e-01 0.000000000000000000e+00 4.338313517241379480e-01 3.883111942446043074e-01 0.000000000000000000e+00 3.790952331824400390e-01 4.629545506362672258e-01 0.000000000000000000e+00 0.000000000000000000e+00 0.000000000000000000e+00 4.044242327586207164e-01 0.000000000000000000e+00 0.000000000000000000e+00 0.000000000000000000e+00 0.000000000000000000e+00 0.000000000000000000e+00 0.000000000000000000e+00 0.000000000000000000e+00 0.000000000000000000e+00 0.000000000000000000e+00 0.000000000000000000e+00 0.000000000000000000e+00 0.000000000000000000e+00 0.000000000000000000e+00 0.000000000000000000e+00 0.000000000000000000e+00 0.000000000000000000e+00
4.496686489858579550e-01 3.345349388978443583e-01 4.249308239143751442e-01 3.237613030880750475e-01 4.070041206610010009e-01 2.634332944540321853e-01 4.324313357249451872e-01 2.794149833253585791e-01 3.966505996261092126e-01 2.454615708507014993e-01 4.343962357312814437e-01 3.699931055958103898e-01 4.050840005502086560e-01 3.076536173631144178e-01 4.045842481217844511e-01 3.072467854253683739e-01 4.417115839404365252e-01 3.756334980404645307e-01 4.566502485416600865e-01 4.018565800584174008e-01 0.000000000000000000e+00 0.000000000000000000e+00 4.246988124408493936e-01 3.279382667464143530e-01 4.033728861360107443e-01 2.774563945777204776e-01 0.000000000000000000e+00 3.055680697841542393e-01 4.342593825666970497e-01 3.429217675496529227e-01 3.995792076369950596e-01 3.305425749530612745e-01 4.474887289618700859e-01 3.792618109020019501e-01 4.757811666666666439e-01 4.318715599999999877e-01 4.758318897401732084e-01 4.222632077701583553e-01 0.000000000000000000e+00 4.058814568987844651e-01 0.000000000000000000e+00 0.000000000000000000e+00 0.000000000000000000e+00 3.886267923394356449e-01 0.000000000000000000e+00 3.985723240270512280e-01 0.000000000000000000e+00 3.790217741023682585e-01 0.000000000000000000e+00 3.887324971408129271e-01 0.000000000000000000e+00 3.830140959051199778e-01 0.000000000000000000e+00 3.681005693057523565e-01 0.000000000000000000e+00 3.703251167918398257e-01 4.108602238325281819e-01 3.952664098066774878e-01 0.000000000000000000e+00 4.172849210528479236e-01 0.000000000000000000e+00 3.969200117480383150e-01 0.000000000000000000e+00 3.929921326789942992e-01 0.000000000000000000e+00 3.871924470527319806e-01 4.536056690881336007e-01 4.211639992869026794e-01 4.832134711538461636e-01 4.198258711767528517e-01 3.939287338590395371e-01 3.235521376389634551e-01 4.167284200041984632e-01 3.513769262873350230e-01 0.000000000000000000e+00 3.429057246670765280e-01 4.388636072710924152e-01 3.759891828482090914e-01 0.000000000000000000e+00 0.000000000000000000e+00 0.000000000000000000e+00 3.750179296300328313e-01 0.000000000000000000e+00 4.098067054263566100e-01 0.000000000000000000e+00 3.932447779858730952e-01 0.000000000000000000e+00 0.000000000000000000e+00 0.000000000000000000e+00 3.836805557447483528e-01 4.188010890513873541e-01 3.972161141889095082e-01 0.000000000000000000e+00 4.044041363636363684e-01 4.017188315789473330e-01 3.980953673136978788e-01 0.000000000000000000e+00 0.000000000000000000e+00 0.000000000000000000e+00 3.980882589651008607e-01 0.000000000000000000e+00 0.000000000000000000e+00 0.000000000000000000e+00 0.000000000000000000e+00 4.200157499999999655e-01 0.000000000000000000e+00 0.000000000000000000e+00 0.000000000000000000e+00 0.000000000000000000e+00 0.000000000000000000e+00 0.000000000000000000e+00 0.000000000000000000e+00 0.000000000000000000e+00 0.000000000000000000e+00 0.000000000000000000e+00 0.000000000000000000e+00
3.547801518216224803e-01 0.000000000000000000e+00 2.841761973482357373e-01 4.052609051533743179e-01 2.495800315566403804e-01 3.811167654320987697e-01 2.837844798413323710e-01 3.966505996261092126e-01 2.713765900807327824e-01 3.862698252426969847e-01 3.465438436819172074e-01 0.000000000000000000e+00 2.720948346802085083e-01 3.939253673492349450e-01 2.713909311384422041e-01 3.919028338870431116e-01 3.467693144614107936e-01 0.000000000000000000e+00 3.856587136720031617e-01 0.000000000000000000e+00 3.681978378378378269e-01 0.000000000000000000e+00 2.950413167848806584e-01 4.267345584394363622e-01 2.826187269621306952e-01 4.356412625000000149e-01 2.944631498385379409e-01 0.000000000000000000e+00 3.291310305157678084e-01 0.000000000000000000e+00 3.201534288435620157e-01 3.959535553050452239e-01 0.000000000000000000e+00 0.000000000000000000e+00 0.000000000000000000e+00 0.000000000000000000e+00 0.000000000000000000e+00 0.000000000000000000e+00 0.000000000000000000e+00 0.000000000000000000e+00 0.000000000000000000e+00 0.000000000000000000e+00 4.327203564625849985e-01 0.000000000000000000e+00 0.000000000000000000e+00 0.000000000000000000e+00 4.222188167938931147e-01 0.000000000000000000e+00 0.000000000000000000e+00 0.000000000000000000e+00 3.581018682656307295e-01 0.000000000000000000e+00 0.000000000000000000e+00 0.000000000000000000e+00 3.982077822580645243e-01 0.000000000000000000e+00 3.633583175112468644e-01 0.000000000000000000e+00 0.000000000000000000e+00 0.000000000000000000e+00 3.637458499945198098e-01 0.000000000000000000e+00 3.378318793082266680e-01 0.000000000000000000e+00 3.649256391752577211e-01 0.000000000000000000e+00 4.652504365079364601e-01 0.000000000000000000e+00 4.254273356164383069e-01 0.000000000000000000e+00 3.323328270648272520e-01 0.000000000000000000e+00 3.274571011955438871e-01 3.946446224489795762e-01 2.852952598763091041e-01 0.000000000000000000e+00 3.449382576562922131e-01 0.000000000000000000e+00 0.000000000000000000e+00 0.000000000000000000e+00 3.540519484494178970e-01 0.000000000000000000e+00 0.000000000000000000e+00 0.000000000000000000e+00 3.684662876787550001e-01 0.000000000000000000e+00 0.000000000000000000e+00 0.000000000000000000e+00 3.643246168195328760e-01 0.000000000000000000e+00 4.375388015267175357e-01 0.000000000000000000e+00 0.000000000000000000e+00 0.000000000000000000e+00 3.423176868686868546e-01 0.000000000000000000e+00 0.000000000000000000e+00 0.000000000000000000e+00 0.000000000000000000e+00 0.000000000000000000e+00 0.000000000000000000e+00 0.000000000000000000e+00 0.000000000000000000e+00 0.000000000000000000e+00 0.000000000000000000e+00 0.000000000000000000e+00 0.000000000000000000e+00 0.000000000000000000e+00 0.000000000000000000e+00 0.000000000000000000e+00 0.000000000000000000e+00 0.000000000000000000e+00 0.000000000000000000e+00 0.000000000000000000e+00 0.000000000000000000e+00 0.000000000000000000e+00
0.000000000000000000e+00 3.608714309138363885e-01 3.766739284795015408e-01 3.042994977718255223e-01 3.988853957744701861e-01 2.356213236832179758e-01 3.323135364942528813e-01 2.454615708507014993e-01 3.862698252426969847e-01 2.602609520626866235e-01 0.000000000000000000e+00 3.435868668091167644e-01 4.047184693181818949e-01 3.164738694822804566e-01 0.000000000000000000e+00 2.854153256642170677e-01 0.000000000000000000e+00 0.000000000000000000e+00 0.000000000000000000e+00 0.000000000000000000e+00 0.000000000000000000e+00 0.000000000000000000e+00 3.857558702054632582e-01 3.250981679039675609e-01 3.639411374107903718e-01 2.905583471895570313e-01 4.115091184210526443e-01 2.854827852098951180e-01 0.000000000000000000e+00 3.211393423335436315e-01 3.592472723265522361e-01 3.007653246900957034e-01 0.000000000000000000e+00 3.513750363289337431e-01 0.000000000000000000e+00 0.000000000000000000e+00 0.000000000000000000e+00 0.000000000000000000e+00 0.000000000000000000e+00 0.000000000000000000e+00 0.000000000000000000e+00 0.000000000000000000e+00 0.000000000000000000e+00 0.000000000000000000e+00 0.000000000000000000e+00 0.000000000000000000e+00 0.000000000000000000e+00 4.675961449275362058e-01 0.000000000000000000e+00 3.328820259978688134e-01 0.000000000000000000e+00 3.916883880014015440e-01 0.000000000000000000e+00 0.000000000000000000e+00 0.000000000000000000e+00 4.297257314814814655e-01 0.000000000000000000e+00 3.950939930037313808e-01 0.000000000000000000e+00 0.000000000000000000e+00 0.000000000000000000e+00 3.917107758196721190e-01 0.000000000000000000e+00 3.796004073364386833e-01 0.000000000000000000e+00 3.459503494893421127e-01 0.000000000000000000e+00 4.072684577505827352e-01 0.000000000000000000e+00 0.000000000000000000e+00 4.251697593167701461e-01 2.916071116771201677e-01 0.000000000000000000e+00 3.232034855701700904e-01 0.000000000000000000e+00 0.000000000000000000e+00 0.000000000000000000e+00 3.386776895746159144e-01 0.000000000000000000e+00 0.000000000000000000e+00 0.000000000000000000e+00 3.838257085886345732e-01 0.000000000000000000e+00 0.000000000000000000e+00 0.000000000000000000e+00 3.858316153952168204e-01 0.000000000000000000e+00 0.000000000000000000e+00 0.000000000000000000e+00 3.875647266121939882e-01 0.000000000000000000e+00 0.000000000000000000e+00 0.000000000000000000e+00 0.000000000000000000e+00 0.000000000000000000e+00 0.000000000000000000e+00 0.000000000000000000e+00 0.000000000000000000e+00 0.000000000000000000e+00 0.000000000000000000e+00 0.000000000000000000e+00 0.000000000000000000e+00 0.000000000000000000e+00 0.000000000000000000e+00 0.000000000000000000e+00 0.000000000000000000e+00 0.000000000000000000e+00 0.000000000000000000e+00 0.000000000000000000e+00 0.000000000000000000e+00 0.000000000000000000e+00 0.000000000000000000e+00 0.000000000000000000e+00 0.000000000000000000e+00 0.000000000000000000e+00 0.000000000000000000e+00
3.169417429916640550e-01 4.403988132060712712e-01 3.778303525820851383e-01 4.363458339581032241e-01 3.027245098039215709e-01 0.000000000000000000e+00 3.882379770343245551e-01 4.343962357312814437e-01 3.465438436819172074e-01 0.000000000000000000e+00 2.785652032397040734e-01 4.257759416632934668e-01 3.503225276716149805e-01 4.277690390987423097e-01 3.633262266714292199e-01 0.000000000000000000e+00 3.010172795310827043e-01 4.438498674939974076e-01 3.958246082050356218e-01 4.578401241458183724e-01 0.000000000000000000e+00 0.000000000000000000e+00 3.806652989184701186e-01 4.231899346102093729e-01 0.000000000000000000e+00 0.000000000000000000e+00 0.000000000000000000e+00 0.000000000000000000e+00 3.638249702916492301e-01 0.000000000000000000e+00 3.663935695281344551e-01 3.857880963928266849e-01 3.755864709287363712e-01 4.326402449271298800e-01 4.057583325304592314e-01 0.000000000000000000e+00 4.496241991599409515e-01 0.000000000000000000e+00 0.000000000000000000e+00 4.867588547008547262e-01 0.000000000000000000e+00 0.000000000000000000e+00 3.942279275362318702e-01 0.000000000000000000e+00 4.025880288461539114e-01 0.000000000000000000e+00 4.269939749999999701e-01 0.000000000000000000e+00 3.920722489629307472e-01 0.000000000000000000e+00 3.978672292820621403e-01 3.959843855421687486e-01 3.992099690144611523e-01 0.000000000000000000e+00 3.777270211580801562e-01 0.000000000000000000e+00 3.860468107900446033e-01 0.000000000000000000e+00 3.973977092984776749e-01 4.773998784530387174e-01 4.027547476707820651e-01 0.000000000000000000e+00 3.907730700996528972e-01 0.000000000000000000e+00 4.081827268896829342e-01 0.000000000000000000e+00 4.195047874276192634e-01 4.805608623188405426e-01 4.034149620995238772e-01 0.000000000000000000e+00 3.396365739011143470e-01 0.000000000000000000e+00 3.838704743951655840e-01 4.235575542608546185e-01 0.000000000000000000e+00 3.875257872340425180e-01 3.827970345592586199e-01 4.348080451309115912e-01 3.843775212765957461e-01 0.000000000000000000e+00 3.951312615935184680e-01 0.000000000000000000e+00 0.000000000000000000e+00 0.000000000000000000e+00 4.097859591744291152e-01 0.000000000000000000e+00 0.000000000000000000e+00 0.000000000000000000e+00 4.017406345647669408e-01 0.000000000000000000e+00 4.086702238805969833e-01 0.000000000000000000e+00 0.000000000000000000e+00 0.000000000000000000e+00 4.025919809936417959e-01 0.000000000000000000e+00 0.000000000000000000e+00 0.000000000000000000e+00 0.000000000000000000e+00 0.000000000000000000e+00 0.000000000000000000e+00 0.000000000000000000e+00 0.000000000000000000e+00 0.000000000000000000e+00 0.000000000000000000e+00 0.000000000000000000e+00 0.000000000000000000e+00 0.000000000000000000e+00 0.000000000000000000e+00 0.000000000000000000e+00 0.000000000000000000e+00 0.000000000000000000e+00 0.000000000000000000e+00 0.000000000000000000e+00 0.000000000000000000e+00 0.000000000000000000e+00
4.269227934782609535e-01 3.017391005145915184e-01 4.392710650442691600e-01 3.726716726929968360e-01 0.000000000000000000e+00 3.707697697330006315e-01 4.303128786187647714e-01 3.699931055958103898e-01 0.000000000000000000e+00 3.435868668091167644e-01 4.257759416632934668e-01 3.113553657678229114e-01 4.236996508480787016e-01 3.325251280491913208e-01 0.000000000000000000e+00 3.644488311473619846e-01 4.301253718179351426e-01 3.601358874766945606e-01 4.524047539016414765e-01 3.909137096013707846e-01 0.000000000000000000e+00 0.000000000000000000e+00 4.341613679523474434e-01 3.792411717039336216e-01 0.000000000000000000e+00 0.000000000000000000e+00 0.000000000000000000e+00 0.000000000000000000e+00 4.251493452380953331e-01 3.416237591724080591e-01 4.216500678535997637e-01 3.641452630948270874e-01 4.333001849327501875e-01 3.706670373936808427e-01 0.000000000000000000e+00 0.000000000000000000e+00 0.000000000000000000e+00 4.916470454545454061e-01 0.000000000000000000e+00 0.000000000000000000e+00 0.000000000000000000e+00 0.000000000000000000e+00 0.000000000000000000e+00 4.307940726114650176e-01 0.000000000000000000e+00 0.000000000000000000e+00 0.000000000000000000e+00 0.000000000000000000e+00 0.000000000000000000e+00 4.070196507141049524e-01 0.000000000000000000e+00 4.060539456573776240e-01 0.000000000000000000e+00 4.242438435332350211e-01 0.000000000000000000e+00 4.133952573704453570e-01 0.000000000000000000e+00 3.870382241053461070e-01 0.000000000000000000e+00 4.038833363342762550e-01 0.000000000000000000e+00 4.080119557526913909e-01 0.000000000000000000e+00 3.902389983021423703e-01 0.000000000000000000e+00 4.247372437436794379e-01 0.000000000000000000e+00 4.005112698811778005e-01 0.000000000000000000e+00 0.000000000000000000e+00 4.342297692307692802e-01 3.331783377016224734e-01 4.316230958576447452e-01 3.739797949622028495e-01 0.000000000000000000e+00 3.537437063497491097e-01 4.316173669824772685e-01 3.891595870799474111e-01 0.000000000000000000e+00 4.337054062499999807e-01 0.000000000000000000e+00 4.233711202110879146e-01 0.000000000000000000e+00 0.000000000000000000e+00 0.000000000000000000e+00 4.355709230693813883e-01 0.000000000000000000e+00 0.000000000000000000e+00 0.000000000000000000e+00 4.246097148912950092e-01 0.000000000000000000e+00 0.000000000000000000e+00 0.000000000000000000e+00 0.000000000000000000e+00 0.000000000000000000e+00 0.000000000000000000e+00 0.000000000000000000e+00 0.000000000000000000e+00 4.223397687500000108e-01 0.000000000000000000e+00 0.000000000000000000e+00 0.000000000000000000e+00 0.000000000000000000e+00 0.000000000000000000e+00 0.000000000000000000e+00 0.000000000000000000e+00 0.000000000000000000e+00 0.000000000000000000e+00 0.000000000000000000e+00 0.000000000000000000e+00 0.000000000000000000e+00 0.000000000000000000e+00 0.000000000000000000e+00 0.000000000000000000e+00 0.000000000000000000e+00 0.000000000000000000e+00
3.654609038984251712e-01 4.204853410852713580e-01 3.374206286915608644e-01 4.128214682555604309e-01 2.926007567477005855e-01 0.000000000000000000e+00 3.058886421436824432e-01 4.050840005502086560e-01 2.720948346802085083e-01 4.047184693181818949e-01 3.503225276716149805e-01 4.236996508480787016e-01 2.569750477051137016e-01 4.065199222825552905e-01 2.750675789220187739e-01 4.040055945890319578e-01 3.778849228995628251e-01 0.000000000000000000e+00 3.929466206370806902e-01 4.287261166023934589e-01 0.000000000000000000e+00 0.000000000000000000e+00 3.613983241585617123e-01 4.167005207752996210e-01 2.840963456959706979e-01 0.000000000000000000e+00 3.151446254641910305e-01 0.000000000000000000e+00 3.125279919806083773e-01 0.000000000000000000e+00 3.416110168650536849e-01 4.180364563089060126e-01 3.650444517599809036e-01 4.238317580002675666e-01 4.394531683760684038e-01 0.000000000000000000e+00 4.516205570631047772e-01 0.000000000000000000e+00 0.000000000000000000e+00 0.000000000000000000e+00 0.000000000000000000e+00 0.000000000000000000e+00 0.000000000000000000e+00 0.000000000000000000e+00 3.935875581395348877e-01 0.000000000000000000e+00 0.000000000000000000e+00 0.000000000000000000e+00 3.984106867279645914e-01 0.000000000000000000e+00 3.914520317734149213e-01 0.000000000000000000e+00 3.811594967357187502e-01 0.000000000000000000e+00 4.052654689997083892e-01 0.000000000000000000e+00 3.806235571660518957e-01 4.241184152046783562e-01 3.805187620386370484e-01 0.000000000000000000e+00 3.948039701138113533e-01 0.000000000000000000e+00 3.726431140052774427e-01 0.000000000000000000e+00 3.994305843843828918e-01 0.000000000000000000e+00 4.035701047028031341e-01 0.000000000000000000e+00 3.956749565160116444e-01 0.000000000000000000e+00 3.192614711125183469e-01 4.436912210526316458e-01 3.757798048643436473e-01 4.118642650759724577e-01 3.692065588440827661e-01 0.000000000000000000e+00 3.628365933354165129e-01 4.213943842251345329e-01 3.851214267712484984e-01 0.000000000000000000e+00 3.843493666131396758e-01 0.000000000000000000e+00 0.000000000000000000e+00 0.000000000000000000e+00 3.937061532655403706e-01 0.000000000000000000e+00 3.787720914285715446e-01 0.000000000000000000e+00 3.886170302927548503e-01 0.000000000000000000e+00 0.000000000000000000e+00 0.000000000000000000e+00 0.000000000000000000e+00 0.000000000000000000e+00 4.023250218742135398e-01 0.000000000000000000e+00 0.000000000000000000e+00 0.000000000000000000e+00 0.000000000000000000e+00 0.000000000000000000e+00 0.000000000000000000e+00 4.809828522727272460e-01 0.000000000000000000e+00 0.000000000000000000e+00 0.000000000000000000e+00 0.000000000000000000e+00 0.000000000000000000e+00 0.000000000000000000e+00 0.000000000000000000e+00 0.000000000000000000e+00 0.000000000000000000e+00 0.000000000000000000e+00 0.000000000000000000e+00 0.000000000000000000e+00 0.000000000000000000e+00 0.000000000000000000e+00
