3.136295824705251367e-01 4.942848973787729028e-01 3.715549072841587974e-01 5.002995112934930377e-01 3.839501479154433516e-01 0.000000000000000000e+00 3.959301258345163665e-01 4.800786953447514493e-01 3.948536141943995714e-01 0.000000000000000000e+00 3.155251391744927081e-01 4.790642017361110838e-01 3.783719637858239948e-01 4.773383932584269740e-01 3.957329085815436964e-01 0.000000000000000000e+00 2.788539405576128671e-01 4.815583741512805549e-01 3.985362495331701282e-01 5.110027648684879464e-01 0.000000000000000000e+00 0.000000000000000000e+00 4.138259577428399227e-01 4.896327911994350912e-01 0.000000000000000000e+00 0.000000000000000000e+00 3.900227567567567388e-01 0.000000000000000000e+00 4.145249391728410004e-01 5.092809450549450334e-01 3.954064524362548294e-01 4.809522678571428456e-01 4.063000074727148303e-01 5.148803535063252168e-01 0.000000000000000000e+00 0.000000000000000000e+00 4.962209328472673708e-01 0.000000000000000000e+00 0.000000000000000000e+00 0.000000000000000000e+00 0.000000000000000000e+00 0.000000000000000000e+00 4.608903292682927089e-01 0.000000000000000000e+00 4.715128301986584169e-01 0.000000000000000000e+00 0.000000000000000000e+00 0.000000000000000000e+00 4.330934853904679915e-01 0.000000000000000000e+00 4.249053003562964781e-01 4.651985785714284893e-01 4.647152230392629924e-01 0.000000000000000000e+00 4.376406733912474034e-01 0.000000000000000000e+00 3.577126994428052043e-01 4.747922262040466523e-01 4.298562256610349297e-01 4.821875376080791420e-01 4.130073289078712295e-01 0.000000000000000000e+00 3.903729524077710344e-01 0.000000000000000000e+00 4.448151459852757728e-01 4.812598462274467193e-01 4.281912026226223911e-01 4.907626634721582448e-01 3.199774626506621811e-01 5.030704307478572890e-01 3.684201087281103182e-01 4.881098428179346804e-01 3.965605911247381266e-01 5.067179397590360068e-01 4.008774794520548190e-01 0.000000000000000000e+00 3.992545517334875615e-01 4.699409625336927743e-01 0.000000000000000000e+00 0.000000000000000000e+00 3.499417628277983194e-01 0.000000000000000000e+00 0.000000000000000000e+00 0.000000000000000000e+00 4.350509971320306590e-01 0.000000000000000000e+00 3.874276014492753495e-01 0.000000000000000000e+00 4.391517733897892795e-01 0.000000000000000000e+00 4.395520032995333115e-01 4.962203040000000565e-01 3.931890731707317066e-01 0.000000000000000000e+00 4.319702404692387643e-01 4.539620617283950388e-01 4.795549861016177307e-01 0.000000000000000000e+00 3.437872795698924677e-01 0.000000000000000000e+00 4.920108595041322586e-01 0.000000000000000000e+00 0.000000000000000000e+00 4.644357600000000308e-01 0.000000000000000000e+00 0.000000000000000000e+00 0.000000000000000000e+00 0.000000000000000000e+00 0.000000000000000000e+00 0.000000000000000000e+00 0.000000000000000000e+00 0.000000000000000000e+00 0.000000000000000000e+00 0.000000000000000000e+00 0.000000000000000000e+00 0.000000000000000000e+00
4.942848973787729028e-01 3.021915763271156297e-01 5.002390880157550068e-01 3.664233315334090024e-01 0.000000000000000000e+00 2.737883580246913695e-01 4.855895268340121307e-01 3.503591949618116708e-01 0.000000000000000000e+00 3.318628194313822388e-01 0.000000000000000000e+00 3.665287093649590711e-01 0.000000000000000000e+00 3.833152825869350910e-01 0.000000000000000000e+00 3.911791793211494284e-01 4.826133907095953579e-01 3.447500928701685563e-01 5.124676159570127343e-01 3.639408509995699648e-01 0.000000000000000000e+00 0.000000000000000000e+00 4.805003632466281482e-01 4.513516166418033992e-01 0.000000000000000000e+00 0.000000000000000000e+00 0.000000000000000000e+00 0.000000000000000000e+00 4.939746390866872616e-01 4.301006850953660310e-01 4.480818169230769143e-01 4.790956910569105776e-01 5.125873278075521178e-01 4.545353854922353776e-01 0.000000000000000000e+00 0.000000000000000000e+00 0.000000000000000000e+00 4.957074188160838224e-01 0.000000000000000000e+00 5.223462388059700867e-01 0.000000000000000000e+00 4.494112471249748220e-01 0.000000000000000000e+00 3.885493982300885496e-01 5.032252053571427686e-01 4.231966683608058832e-01 0.000000000000000000e+00 4.389796794871794750e-01 0.000000000000000000e+00 4.122576042196134938e-01 4.952441018822222873e-01 4.191911593211803400e-01 0.000000000000000000e+00 4.475102691436811941e-01 0.000000000000000000e+00 4.093036032963211501e-01 4.865745996904953241e-01 3.131212939012144592e-01 5.069498348646723773e-01 3.927300369705989391e-01 0.000000000000000000e+00 4.173908032375489574e-01 4.804727956989247040e-01 4.068481249862859750e-01 0.000000000000000000e+00 4.223826651461073389e-01 4.919272305583403115e-01 3.774360456607168679e-01 5.149480931897321145e-01 3.129685199739026813e-01 5.226712371187290929e-01 3.689664252712066550e-01 4.659972087091958093e-01 4.072625370438882619e-01 0.000000000000000000e+00 4.204261217804450279e-01 4.773281970562417431e-01 3.967775721799040589e-01 0.000000000000000000e+00 4.475434950234192244e-01 4.595224257425742365e-01 4.255722710998910419e-01 0.000000000000000000e+00 0.000000000000000000e+00 0.000000000000000000e+00 4.459853226794688874e-01 0.000000000000000000e+00 0.000000000000000000e+00 5.170861946308724644e-01 4.436800480149553638e-01 4.386882221635586276e-01 4.390762684544008976e-01 4.331280119999998957e-01 4.248255741382139794e-01 4.435281884203480240e-01 4.674973140297841723e-01 5.195156435643564219e-01 0.000000000000000000e+00 0.000000000000000000e+00 4.715124140378028628e-01 0.000000000000000000e+00 4.284545430631150342e-01 3.993974682926829112e-01 4.212011414452040969e-01 0.000000000000000000e+00 5.072655849056603161e-01 0.000000000000000000e+00 4.967829157894738112e-01 0.000000000000000000e+00 0.000000000000000000e+00 3.879945959595959559e-01 0.000000000000000000e+00 0.000000000000000000e+00 5.287827821782178361e-01 4.257574322033898517e-01 0.000000000000000000e+00
3.715549072841587974e-01 5.002390880157550068e-01 2.609430087108087770e-01 4.561917418788288270e-01 2.099816365799843931e-01 4.259589205625799457e-01 3.329342542007530104e-01 4.540140550045326795e-01 3.142583546672549355e-01 4.206442540403448338e-01 4.065016849968178803e-01 4.523826879487488628e-01 3.612609245939695235e-01 4.290788412751198044e-01 3.381314177565312162e-01 4.134852924933075657e-01 3.923020026017061124e-01 4.982311951017291962e-01 3.048408603433873099e-01 5.160543140739940471e-01 0.000000000000000000e+00 0.000000000000000000e+00 2.919999075956170587e-01 4.525470465526789110e-01 1.875639431381313504e-01 4.035385075037355995e-01 3.508891719181868041e-01 4.501768782473452579e-01 3.739844014279811724e-01 4.351774659116821597e-01 3.718430316948398429e-01 4.314839654426559923e-01 4.175743242383966880e-01 5.123996018813818942e-01 4.233562544112665638e-01 0.000000000000000000e+00 4.605436954809195016e-01 0.000000000000000000e+00 4.345398550724637321e-01 0.000000000000000000e+00 0.000000000000000000e+00 0.000000000000000000e+00 4.560271372098729237e-01 0.000000000000000000e+00 4.772043367557851634e-01 0.000000000000000000e+00 0.000000000000000000e+00 0.000000000000000000e+00 4.423275212419371938e-01 0.000000000000000000e+00 4.496003982975238511e-01 4.550150810810810187e-01 0.000000000000000000e+00 0.000000000000000000e+00 4.355321862745098471e-01 4.671953846153846235e-01 4.184711878454614453e-01 4.696374949494949713e-01 4.538755271805826053e-01 0.000000000000000000e+00 4.161884857664437387e-01 0.000000000000000000e+00 4.152637491157542549e-01 0.000000000000000000e+00 4.272354218742153154e-01 0.000000000000000000e+00 4.503806961212396542e-01 5.346801610567115670e-01 3.828814933507974083e-01 0.000000000000000000e+00 3.699294559877305821e-01 4.902202208552737805e-01 3.761904002132734903e-01 4.587504435670572422e-01 3.023369878048780546e-01 0.000000000000000000e+00 3.967851268040364365e-01 4.514945932341560275e-01 0.000000000000000000e+00 0.000000000000000000e+00 3.961618581105276204e-01 0.000000000000000000e+00 0.000000000000000000e+00 0.000000000000000000e+00 4.346890973106296574e-01 0.000000000000000000e+00 3.779905049999999767e-01 0.000000000000000000e+00 4.105114264749426534e-01 0.000000000000000000e+00 4.124151836446415809e-01 4.321349429365446415e-01 0.000000000000000000e+00 0.000000000000000000e+00 4.325449962781701130e-01 4.165973803800366304e-01 4.159919772727272425e-01 0.000000000000000000e+00 0.000000000000000000e+00 4.146176222222222596e-01 4.138126176470588446e-01 0.000000000000000000e+00 0.000000000000000000e+00 0.000000000000000000e+00 0.000000000000000000e+00 4.168384859154929956e-01 0.000000000000000000e+00 0.000000000000000000e+00 0.000000000000000000e+00 0.000000000000000000e+00 0.000000000000000000e+00 0.000000000000000000e+00 0.000000000000000000e+00 0.000000000000000000e+00 0.000000000000000000e+00 0.000000000000000000e+00
5.002995112934930377e-01 3.664233315334090024e-01 4.561917418788288270e-01 2.618380414985639337e-01 4.229131624106230447e-01 1.966159764567760870e-01 4.791837767329377717e-01 3.241754077869867245e-01 3.982097569106002877e-01 3.083655459101629637e-01 4.661012916008728246e-01 3.946300559667467178e-01 4.334560622142217823e-01 3.523910500435683546e-01 4.101368926766634782e-01 3.055427770010124555e-01 4.913866223007789524e-01 4.078379477085259941e-01 5.218534595978321367e-01 3.084402520388249691e-01 3.598095483870967781e-01 0.000000000000000000e+00 4.504004288901838904e-01 2.387726504689680063e-01 4.434120531914894081e-01 2.551461126025538206e-01 0.000000000000000000e+00 3.198217222222222711e-01 4.997914793510304099e-01 3.807017569554689840e-01 4.467780534699774542e-01 3.405254783451016620e-01 5.351299044885983180e-01 4.144413264257169049e-01 0.000000000000000000e+00 5.056795225885226674e-01 5.488591847104008492e-01 4.620448187373604187e-01 0.000000000000000000e+00 4.904287026959137652e-01 0.000000000000000000e+00 4.213901376229234330e-01 0.000000000000000000e+00 4.559322342264269246e-01 0.000000000000000000e+00 4.493473120935007614e-01 0.000000000000000000e+00 0.000000000000000000e+00 0.000000000000000000e+00 4.292763336364365245e-01 0.000000000000000000e+00 4.132820197588922828e-01 0.000000000000000000e+00 4.064935777275864304e-01 0.000000000000000000e+00 4.663910490797545383e-01 4.738821449275362196e-01 4.106491671627429119e-01 0.000000000000000000e+00 4.213613457751531066e-01 0.000000000000000000e+00 4.222380339091543755e-01 0.000000000000000000e+00 4.130434191159976232e-01 0.000000000000000000e+00 4.104270468948097439e-01 5.176341020408162796e-01 4.346301139593293228e-01 4.699246629667743758e-01 3.560030119724960640e-01 5.034106357844961854e-01 3.724714251604718807e-01 4.428601675827371076e-01 3.749180731632912322e-01 0.000000000000000000e+00 3.239625102040816773e-01 4.417575475470348345e-01 4.082370253083451028e-01 0.000000000000000000e+00 0.000000000000000000e+00 0.000000000000000000e+00 3.931638919369369045e-01 0.000000000000000000e+00 4.096387215189872810e-01 0.000000000000000000e+00 4.056620336678189997e-01 0.000000000000000000e+00 4.077003599999999284e-01 0.000000000000000000e+00 4.136893448275861251e-01 4.305529076923076959e-01 4.130390274074073886e-01 4.315133077063740830e-01 0.000000000000000000e+00 4.480989695049436561e-01 4.455836621972127376e-01 0.000000000000000000e+00 0.000000000000000000e+00 4.040453783783783392e-01 0.000000000000000000e+00 0.000000000000000000e+00 4.524914210526316261e-01 4.097867658914728373e-01 4.161821423567921840e-01 0.000000000000000000e+00 0.000000000000000000e+00 0.000000000000000000e+00 0.000000000000000000e+00 0.000000000000000000e+00 0.000000000000000000e+00 0.000000000000000000e+00 0.000000000000000000e+00 0.000000000000000000e+00 0.000000000000000000e+00 0.000000000000000000e+00 0.000000000000000000e+00
3.839501479154433516e-01 0.000000000000000000e+00 2.099816365799843931e-01 4.229131624106230447e-01 2.425162974909834956e-01 4.279969361623152113e-01 2.477101407295061175e-01 4.244621289831448374e-01 2.561471472908576907e-01 3.973076870418470463e-01 3.304148340909091042e-01 0.000000000000000000e+00 3.360938487091246762e-01 3.445757368421053513e-01 3.119260665153550938e-01 3.962470265511741641e-01 3.511386071428571620e-01 0.000000000000000000e+00 4.291809669653524617e-01 0.000000000000000000e+00 2.888280256031617310e-01 0.000000000000000000e+00 2.008095693601454901e-01 4.108628633517325546e-01 2.535715758154905575e-01 4.246299863428412147e-01 2.858540553120970662e-01 4.370556547218109600e-01 3.489326430571877968e-01 0.000000000000000000e+00 3.694600546798859630e-01 4.151286952407960973e-01 0.000000000000000000e+00 4.385490852713177512e-01 0.000000000000000000e+00 0.000000000000000000e+00 4.408463553719008665e-01 0.000000000000000000e+00 0.000000000000000000e+00 0.000000000000000000e+00 4.190243374867444470e-01 0.000000000000000000e+00 4.741255070895347146e-01 0.000000000000000000e+00 4.796112708333332697e-01 0.000000000000000000e+00 0.000000000000000000e+00 0.000000000000000000e+00 0.000000000000000000e+00 0.000000000000000000e+00 4.075292704918032638e-01 0.000000000000000000e+00 4.458354059405941205e-01 0.000000000000000000e+00 4.293912070306799555e-01 0.000000000000000000e+00 4.104839492145643809e-01 0.000000000000000000e+00 4.231307981366458915e-01 0.000000000000000000e+00 4.160449449992575377e-01 0.000000000000000000e+00 0.000000000000000000e+00 0.000000000000000000e+00 3.950409975459210354e-01 0.000000000000000000e+00 4.197483630924631060e-01 0.000000000000000000e+00 3.816044957264957405e-01 0.000000000000000000e+00 3.181291271224457318e-01 4.893358640295624729e-01 3.386801145132612434e-01 4.257949775111177226e-01 3.340828333915129567e-01 0.000000000000000000e+00 3.483979272609673550e-01 0.000000000000000000e+00 0.000000000000000000e+00 0.000000000000000000e+00 3.565351982758619975e-01 0.000000000000000000e+00 4.135605057299567844e-01 0.000000000000000000e+00 4.164096023858074869e-01 0.000000000000000000e+00 4.096368204940283309e-01 0.000000000000000000e+00 4.100159352711559291e-01 0.000000000000000000e+00 0.000000000000000000e+00 0.000000000000000000e+00 0.000000000000000000e+00 0.000000000000000000e+00 4.046225157894736690e-01 0.000000000000000000e+00 4.109212307692307053e-01 0.000000000000000000e+00 0.000000000000000000e+00 0.000000000000000000e+00 0.000000000000000000e+00 0.000000000000000000e+00 0.000000000000000000e+00 0.000000000000000000e+00 0.000000000000000000e+00 0.000000000000000000e+00 0.000000000000000000e+00 0.000000000000000000e+00 0.000000000000000000e+00 0.000000000000000000e+00 0.000000000000000000e+00 0.000000000000000000e+00 0.000000000000000000e+00 0.000000000000000000e+00 0.000000000000000000e+00 0.000000000000000000e+00
0.000000000000000000e+00 2.737883580246913695e-01 4.259589205625799457e-01 1.966159764567760870e-01 4.279969361623152113e-01 2.004310950830197335e-01 4.250170506329113973e-01 2.679860005486535690e-01 4.197347386665692404e-01 2.422941989409890806e-01 0.000000000000000000e+00 0.000000000000000000e+00 4.021933657930691908e-01 0.000000000000000000e+00 4.369873995609914186e-01 2.573134468505323680e-01 0.000000000000000000e+00 0.000000000000000000e+00 0.000000000000000000e+00 3.546619607843137234e-01 4.803902451499118542e-01 3.590693926492810051e-01 4.223456175157472292e-01 2.138331117729939668e-01 3.964181413480427074e-01 2.200116449532723839e-01 5.100201093750000858e-01 2.830736567265259573e-01 4.567518679245282653e-01 3.398041734051516771e-01 3.821360178504982219e-01 3.334167319918887595e-01 4.283709205298013578e-01 4.413703400553316558e-01 0.000000000000000000e+00 4.947580913598429442e-01 0.000000000000000000e+00 4.279492057017844631e-01 0.000000000000000000e+00 0.000000000000000000e+00 0.000000000000000000e+00 0.000000000000000000e+00 4.468849153439153343e-01 4.611858024690022040e-01 5.734091802395210324e-01 4.738324660557184931e-01 0.000000000000000000e+00 4.757941623364653760e-01 0.000000000000000000e+00 0.000000000000000000e+00 0.000000000000000000e+00 4.602587033299977426e-01 0.000000000000000000e+00 4.477475047429078092e-01 0.000000000000000000e+00 4.644509292929293043e-01 0.000000000000000000e+00 3.793267983193276960e-01 0.000000000000000000e+00 3.744812275862068884e-01 0.000000000000000000e+00 0.000000000000000000e+00 0.000000000000000000e+00 0.000000000000000000e+00 0.000000000000000000e+00 4.248194516129032428e-01 0.000000000000000000e+00 4.475378970083556118e-01 0.000000000000000000e+00 0.000000000000000000e+00 5.175921474976344916e-01 3.262950301328023661e-01 0.000000000000000000e+00 3.317948219837131840e-01 0.000000000000000000e+00 0.000000000000000000e+00 0.000000000000000000e+00 3.379043060574750124e-01 0.000000000000000000e+00 0.000000000000000000e+00 0.000000000000000000e+00 4.191133603963477783e-01 0.000000000000000000e+00 3.850093995043604167e-01 0.000000000000000000e+00 4.224740428897783007e-01 0.000000000000000000e+00 3.993460114457265675e-01 0.000000000000000000e+00 4.118059735137603039e-01 0.000000000000000000e+00 0.000000000000000000e+00 0.000000000000000000e+00 3.842807322834645989e-01 0.000000000000000000e+00 3.945460537634407072e-01 0.000000000000000000e+00 0.000000000000000000e+00 3.841375537190083178e-01 0.000000000000000000e+00 0.000000000000000000e+00 0.000000000000000000e+00 0.000000000000000000e+00 0.000000000000000000e+00 0.000000000000000000e+00 0.000000000000000000e+00 0.000000000000000000e+00 0.000000000000000000e+00 0.000000000000000000e+00 0.000000000000000000e+00 0.000000000000000000e+00 0.000000000000000000e+00 0.000000000000000000e+00 0.000000000000000000e+00 0.000000000000000000e+00 0.000000000000000000e+00
3.959301258345163665e-01 4.855895268340121307e-01 3.329342542007530104e-01 4.791837767329377717e-01 2.477101407295061175e-01 4.250170506329113973e-01 2.808374633683421440e-01 4.643712769197551604e-01 3.029674350551951889e-01 4.136120426598717259e-01 3.919030867828801612e-01 4.591038631806451664e-01 3.119704760185647574e-01 4.387016569009263289e-01 3.303317800683699956e-01 3.980551726317079209e-01 3.749230266031570724e-01 4.747896652715343779e-01 4.126166918827267605e-01 5.136612308915909919e-01 0.000000000000000000e+00 0.000000000000000000e+00 3.905659047641616421e-01 4.592496841508518779e-01 2.858583043478260532e-01 0.000000000000000000e+00 0.000000000000000000e+00 0.000000000000000000e+00 3.687484615786289499e-01 4.373158324504516914e-01 3.542448749663165697e-01 4.322298537999246237e-01 4.075614052675601284e-01 4.859660819643668028e-01 4.679882152847995025e-01 4.982588709677418515e-01 4.215524325617699963e-01 0.000000000000000000e+00 4.549187232464504405e-01 0.000000000000000000e+00 4.401302525387263409e-01 0.000000000000000000e+00 4.051074497808664354e-01 0.000000000000000000e+00 4.169862289714048598e-01 0.000000000000000000e+00 4.323160571428571464e-01 0.000000000000000000e+00 4.027299323087950023e-01 0.000000000000000000e+00 3.978460456140283652e-01 0.000000000000000000e+00 4.152454750417525209e-01 0.000000000000000000e+00 4.058275944633631949e-01 0.000000000000000000e+00 4.289042081154633701e-01 4.912445006456770402e-01 4.089380281244693882e-01 4.062277419354838881e-01 4.039426606524247343e-01 0.000000000000000000e+00 3.535394928077637000e-01 0.000000000000000000e+00 4.016992632017823972e-01 0.000000000000000000e+00 4.375982041749808538e-01 5.083090000000000108e-01 4.193895232714939247e-01 0.000000000000000000e+00 3.531578182782065256e-01 4.873930948887493786e-01 3.629138076658472434e-01 4.437444201169953861e-01 0.000000000000000000e+00 0.000000000000000000e+00 3.747257203136784565e-01 4.500616900379976193e-01 0.000000000000000000e+00 0.000000000000000000e+00 3.739194392549612389e-01 0.000000000000000000e+00 4.161208402777777926e-01 0.000000000000000000e+00 4.065401252653719766e-01 0.000000000000000000e+00 4.259451692250186272e-01 0.000000000000000000e+00 4.149678548627656616e-01 0.000000000000000000e+00 3.929615889109141502e-01 0.000000000000000000e+00 3.972900168067227678e-01 0.000000000000000000e+00 4.464257415730337741e-01 0.000000000000000000e+00 5.001873736263736658e-01 0.000000000000000000e+00 0.000000000000000000e+00 0.000000000000000000e+00 0.000000000000000000e+00 0.000000000000000000e+00 0.000000000000000000e+00 4.447625514705882410e-01 0.000000000000000000e+00 0.000000000000000000e+00 0.000000000000000000e+00 4.563247928571428358e-01 0.000000000000000000e+00 0.000000000000000000e+00 0.000000000000000000e+00 0.000000000000000000e+00 0.000000000000000000e+00 0.000000000000000000e+00 0.000000000000000000e+00 0.000000000000000000e+00
4.800786953447514493e-01 3.503591949618116708e-01 4.540140550045326795e-01 3.241754077869867245e-01 4.244621289831448374e-01 2.679860005486535690e-01 4.643712769197551604e-01 2.757973225941743323e-01 4.095132136265272060e-01 2.828886094663687345e-01 4.708217660707166297e-01 3.146071094608028917e-01 4.248702657475885158e-01 2.936399251847205960e-01 4.189035454573844519e-01 2.894410436740942894e-01 4.670919936438432396e-01 3.817881824588744144e-01 5.012551622503156334e-01 4.099261301529534274e-01 0.000000000000000000e+00 0.000000000000000000e+00 4.415424622867996085e-01 3.635921424863645668e-01 3.557309267440131317e-01 0.000000000000000000e+00 0.000000000000000000e+00 0.000000000000000000e+00 4.612049550582862922e-01 3.489749177812106473e-01 4.065783515363805001e-01 3.353191583001893239e-01 4.875697429732170352e-01 3.915072180782830924e-01 0.000000000000000000e+00 3.754829479166666428e-01 4.472235394345061010e-01 4.279787452518160618e-01 0.000000000000000000e+00 4.920203382352941190e-01 0.000000000000000000e+00 4.018133653760838642e-01 4.914904557823128739e-01 3.912423788568920036e-01 0.000000000000000000e+00 3.823639066799566222e-01 0.000000000000000000e+00 4.260604511435878150e-01 0.000000000000000000e+00 3.941875331837378371e-01 4.351387778083826152e-01 3.884166457353164237e-01 0.000000000000000000e+00 3.910014778053743090e-01 4.274064999999999670e-01 3.852726763015690281e-01 4.554206742424242171e-01 3.931541405152679802e-01 0.000000000000000000e+00 4.043627830320371541e-01 0.000000000000000000e+00 3.996534933444028104e-01 4.532151869918698561e-01 3.863635878588137507e-01 4.703923529411764837e-01 3.931133856846974473e-01 4.743333033367365670e-01 4.309231907430570718e-01 4.719871517857143206e-01 3.991014172266453275e-01 5.043112156417215441e-01 3.320098827705698641e-01 4.393638308020437200e-01 3.560464622908444676e-01 0.000000000000000000e+00 4.418529770114942856e-01 4.487613979649242024e-01 3.744822708905301001e-01 0.000000000000000000e+00 3.609375466666666643e-01 4.251186101694915398e-01 4.022387173698789842e-01 0.000000000000000000e+00 3.731674706012378939e-01 4.379218662420382158e-01 3.957986404943676373e-01 0.000000000000000000e+00 4.050063353415502276e-01 0.000000000000000000e+00 4.012627714570761728e-01 0.000000000000000000e+00 0.000000000000000000e+00 0.000000000000000000e+00 4.359989519230769162e-01 4.388080153347524437e-01 4.369976809131138062e-01 0.000000000000000000e+00 0.000000000000000000e+00 0.000000000000000000e+00 0.000000000000000000e+00 0.000000000000000000e+00 3.894378015873016241e-01 0.000000000000000000e+00 0.000000000000000000e+00 0.000000000000000000e+00 0.000000000000000000e+00 0.000000000000000000e+00 0.000000000000000000e+00 0.000000000000000000e+00 0.000000000000000000e+00 0.000000000000000000e+00 0.000000000000000000e+00 0.000000000000000000e+00 0.000000000000000000e+00 0.000000000000000000e+00 0.000000000000000000e+00
3.948536141943995714e-01 0.000000000000000000e+00 3.142583546672549355e-01 3.982097569106002877e-01 2.561471472908576907e-01 4.197347386665692404e-01 3.029674350551951889e-01 4.095132136265272060e-01 2.712513248342098837e-01 4.126663682120416676e-01 3.511025684115109957e-01 0.000000000000000000e+00 2.831264861140559419e-01 4.508743622574955534e-01 2.806709386479125934e-01 4.190840627416305142e-01 3.780486490436307245e-01 0.000000000000000000e+00 4.047061407799686927e-01 4.548979098360655393e-01 3.903998982914121951e-01 0.000000000000000000e+00 3.334895853715283964e-01 4.061684754655704443e-01 2.899863171098344128e-01 4.358573955275526490e-01 3.431165201144271704e-01 4.275989234355863644e-01 3.274392315956656252e-01 0.000000000000000000e+00 3.240350497504278504e-01 3.970990124007456323e-01 3.476209692307692389e-01 0.000000000000000000e+00 4.083938383838383035e-01 0.000000000000000000e+00 4.068426344151868101e-01 0.000000000000000000e+00 0.000000000000000000e+00 0.000000000000000000e+00 3.892117547169811065e-01 0.000000000000000000e+00 4.644896353607632644e-01 4.712712673796791152e-01 4.686067482517481952e-01 0.000000000000000000e+00 4.645026208136814883e-01 0.000000000000000000e+00 0.000000000000000000e+00 4.635561046511628147e-01 4.298356063984970499e-01 5.302335297297297023e-01 4.460742343791402886e-01 0.000000000000000000e+00 4.205656025743565452e-01 0.000000000000000000e+00 4.140446372549020371e-01 0.000000000000000000e+00 4.050425003779071775e-01 0.000000000000000000e+00 4.158721883005441766e-01 0.000000000000000000e+00 3.826232592452830095e-01 0.000000000000000000e+00 4.171687379393320683e-01 0.000000000000000000e+00 4.360984856314378821e-01 5.564834491017964790e-01 4.006227406698139037e-01 0.000000000000000000e+00 3.189899078594737869e-01 4.591744021880743709e-01 3.365968121594473117e-01 4.126817404292781322e-01 3.072637958894494092e-01 0.000000000000000000e+00 3.510765160521766015e-01 0.000000000000000000e+00 0.000000000000000000e+00 0.000000000000000000e+00 3.870992799671593154e-01 0.000000000000000000e+00 0.000000000000000000e+00 0.000000000000000000e+00 4.088022264251361948e-01 0.000000000000000000e+00 0.000000000000000000e+00 0.000000000000000000e+00 4.201314851046039633e-01 0.000000000000000000e+00 0.000000000000000000e+00 0.000000000000000000e+00 3.878635652173912929e-01 0.000000000000000000e+00 3.806718665393430401e-01 0.000000000000000000e+00 0.000000000000000000e+00 0.000000000000000000e+00 0.000000000000000000e+00 0.000000000000000000e+00 0.000000000000000000e+00 0.000000000000000000e+00 0.000000000000000000e+00 0.000000000000000000e+00 0.000000000000000000e+00 0.000000000000000000e+00 0.000000000000000000e+00 0.000000000000000000e+00 0.000000000000000000e+00 0.000000000000000000e+00 0.000000000000000000e+00 0.000000000000000000e+00 0.000000000000000000e+00 0.000000000000000000e+00 0.000000000000000000e+00 0.000000000000000000e+00
0.000000000000000000e+00 3.318628194313822388e-01 4.206442540403448338e-01 3.083655459101629637e-01 3.973076870418470463e-01 2.422941989409890806e-01 4.136120426598717259e-01 2.828886094663687345e-01 4.126663682120416676e-01 2.459125595302836254e-01 0.000000000000000000e+00 3.392225964024974116e-01 4.075559104761904416e-01 3.352096569202845378e-01 4.654635702099843009e-01 2.965813233637779045e-01 0.000000000000000000e+00 4.346827099500794045e-01 0.000000000000000000e+00 3.563830127125964808e-01 0.000000000000000000e+00 3.478253946464207047e-01 4.071035569369654272e-01 3.461202861012266929e-01 4.070266054332886685e-01 3.377527095238095356e-01 4.645623780487805332e-01 2.961618231456044081e-01 0.000000000000000000e+00 3.396937310761786177e-01 3.748590705053139738e-01 3.423798576605994737e-01 0.000000000000000000e+00 3.349331241987179575e-01 0.000000000000000000e+00 0.000000000000000000e+00 0.000000000000000000e+00 4.134077256944443945e-01 0.000000000000000000e+00 0.000000000000000000e+00 0.000000000000000000e+00 0.000000000000000000e+00 0.000000000000000000e+00 4.679257388059700484e-01 0.000000000000000000e+00 0.000000000000000000e+00 0.000000000000000000e+00 4.600544924692029358e-01 0.000000000000000000e+00 3.812184964141596688e-01 0.000000000000000000e+00 3.604072847134252022e-01 0.000000000000000000e+00 4.149945385950224441e-01 0.000000000000000000e+00 4.579603135593221519e-01 0.000000000000000000e+00 3.570065151515151580e-01 0.000000000000000000e+00 0.000000000000000000e+00 0.000000000000000000e+00 0.000000000000000000e+00 0.000000000000000000e+00 4.182498030303030134e-01 0.000000000000000000e+00 3.520282435921121000e-01 0.000000000000000000e+00 0.000000000000000000e+00 0.000000000000000000e+00 4.428500137931035141e-01 5.016855867207514752e-01 3.214096520199201668e-01 3.760900645161290301e-01 3.317326624814143643e-01 0.000000000000000000e+00 3.249339354838710059e-01 0.000000000000000000e+00 3.224509755765543328e-01 0.000000000000000000e+00 3.525157647058823618e-01 0.000000000000000000e+00 3.797560614045547567e-01 0.000000000000000000e+00 3.783201648953301022e-01 0.000000000000000000e+00 4.004442865298734611e-01 0.000000000000000000e+00 3.887018135000896990e-01 0.000000000000000000e+00 4.087841125656606622e-01 0.000000000000000000e+00 0.000000000000000000e+00 3.683462682926829657e-01 0.000000000000000000e+00 0.000000000000000000e+00 3.593166091030789988e-01 0.000000000000000000e+00 0.000000000000000000e+00 0.000000000000000000e+00 0.000000000000000000e+00 0.000000000000000000e+00 0.000000000000000000e+00 0.000000000000000000e+00 0.000000000000000000e+00 0.000000000000000000e+00 0.000000000000000000e+00 0.000000000000000000e+00 0.000000000000000000e+00 0.000000000000000000e+00 0.000000000000000000e+00 0.000000000000000000e+00 0.000000000000000000e+00 0.000000000000000000e+00 0.000000000000000000e+00 0.000000000000000000e+00 0.000000000000000000e+00
3.155251391744927081e-01 0.000000000000000000e+00 4.065016849968178803e-01 4.661012916008728246e-01 3.304148340909091042e-01 0.000000000000000000e+00 3.919030867828801612e-01 4.708217660707166297e-01 3.511025684115109957e-01 0.000000000000000000e+00 2.839357990156951006e-01 4.549361737710262421e-01 3.135158464017728797e-01 4.622880465032586650e-01 3.685840637164179978e-01 0.000000000000000000e+00 3.331710336944969097e-01 4.777490659340659085e-01 4.168941971331792673e-01 4.739845648298965375e-01 0.000000000000000000e+00 0.000000000000000000e+00 4.127576951007552730e-01 4.565050226094810593e-01 0.000000000000000000e+00 0.000000000000000000e+00 0.000000000000000000e+00 0.000000000000000000e+00 3.609458207401364804e-01 4.662958647058823569e-01 4.066561839616642526e-01 4.141580435808236427e-01 4.152750253291626614e-01 4.609402126513494902e-01 4.733689733333333316e-01 0.000000000000000000e+00 4.411872856945882604e-01 0.000000000000000000e+00 0.000000000000000000e+00 0.000000000000000000e+00 0.000000000000000000e+00 0.000000000000000000e+00 0.000000000000000000e+00 0.000000000000000000e+00 3.939124150943395519e-01 0.000000000000000000e+00 0.000000000000000000e+00 0.000000000000000000e+00 4.092456335759320218e-01 0.000000000000000000e+00 4.266992895373885042e-01 0.000000000000000000e+00 4.410941597027971950e-01 0.000000000000000000e+00 4.348516595987472755e-01 0.000000000000000000e+00 3.905682220370250146e-01 4.174619475935829604e-01 4.256832481327512130e-01 0.000000000000000000e+00 4.228485518619121142e-01 0.000000000000000000e+00 3.980149694782284531e-01 0.000000000000000000e+00 4.348369556474027120e-01 0.000000000000000000e+00 4.409083106104797478e-01 5.150192977099237179e-01 4.236237460994194404e-01 0.000000000000000000e+00 3.520850918967962651e-01 5.009607356178884530e-01 3.765639133721720433e-01 4.306807973281789881e-01 0.000000000000000000e+00 0.000000000000000000e+00 4.074318635460391080e-01 4.488878842686275794e-01 0.000000000000000000e+00 0.000000000000000000e+00 3.273738704667817911e-01 0.000000000000000000e+00 0.000000000000000000e+00 0.000000000000000000e+00 4.299667330979456414e-01 0.000000000000000000e+00 0.000000000000000000e+00 0.000000000000000000e+00 4.395919489629309673e-01 0.000000000000000000e+00 4.253684604989604323e-01 0.000000000000000000e+00 0.000000000000000000e+00 0.000000000000000000e+00 4.276276483372442594e-01 5.079763816793892994e-01 0.000000000000000000e+00 0.000000000000000000e+00 0.000000000000000000e+00 0.000000000000000000e+00 0.000000000000000000e+00 0.000000000000000000e+00 4.501741700000000956e-01 4.398510359281437299e-01 0.000000000000000000e+00 0.000000000000000000e+00 0.000000000000000000e+00 0.000000000000000000e+00 0.000000000000000000e+00 0.000000000000000000e+00 4.477995824175823869e-01 0.000000000000000000e+00 0.000000000000000000e+00 4.565599189189189500e-01 0.000000000000000000e+00 0.000000000000000000e+00
4.790642017361110838e-01 3.665287093649590711e-01 4.523826879487488628e-01 3.946300559667467178e-01 0.000000000000000000e+00 0.000000000000000000e+00 4.591038631806451664e-01 3.146071094608028917e-01 0.000000000000000000e+00 3.392225964024974116e-01 4.549361737710262421e-01 2.916579175142555713e-01 4.306566791740318312e-01 3.069171821968326719e-01 0.000000000000000000e+00 3.777634571565950949e-01 4.474163383333333854e-01 3.511787430393678022e-01 4.877725800228217556e-01 4.189250429264464448e-01 0.000000000000000000e+00 0.000000000000000000e+00 4.334269337125628008e-01 3.874265447672622376e-01 0.000000000000000000e+00 0.000000000000000000e+00 0.000000000000000000e+00 0.000000000000000000e+00 4.418283821347698814e-01 4.248155387092248381e-01 4.276088419690838305e-01 4.012925680038370024e-01 4.830540727526907996e-01 3.855567750320075260e-01 0.000000000000000000e+00 4.168343018867924910e-01 0.000000000000000000e+00 4.358725764229836597e-01 0.000000000000000000e+00 0.000000000000000000e+00 0.000000000000000000e+00 0.000000000000000000e+00 0.000000000000000000e+00 4.308950564892623514e-01 0.000000000000000000e+00 3.941544446734789320e-01 0.000000000000000000e+00 0.000000000000000000e+00 0.000000000000000000e+00 4.178803030129616958e-01 0.000000000000000000e+00 4.083941300411091935e-01 0.000000000000000000e+00 4.009025113517025174e-01 0.000000000000000000e+00 3.971242576777921918e-01 0.000000000000000000e+00 3.909299919970624093e-01 0.000000000000000000e+00 4.174257513966669886e-01 0.000000000000000000e+00 4.246444781292993409e-01 0.000000000000000000e+00 4.117666425162183064e-01 0.000000000000000000e+00 4.255169325947491532e-01 4.729613939393939592e-01 4.304070321031935320e-01 4.611768423742138578e-01 4.384118033251888646e-01 5.107692662317326882e-01 3.357660578189265999e-01 4.534880217688936899e-01 4.017174476824071361e-01 0.000000000000000000e+00 0.000000000000000000e+00 4.366673399817748158e-01 4.105169675901910176e-01 0.000000000000000000e+00 4.321913146449123388e-01 4.127914356435642973e-01 4.277845691811235640e-01 0.000000000000000000e+00 0.000000000000000000e+00 0.000000000000000000e+00 4.405285859077460731e-01 0.000000000000000000e+00 3.757669758064516308e-01 0.000000000000000000e+00 4.453144446814154556e-01 4.403979099991299773e-01 0.000000000000000000e+00 0.000000000000000000e+00 0.000000000000000000e+00 0.000000000000000000e+00 4.283016653014125041e-01 0.000000000000000000e+00 0.000000000000000000e+00 0.000000000000000000e+00 0.000000000000000000e+00 0.000000000000000000e+00 0.000000000000000000e+00 0.000000000000000000e+00 0.000000000000000000e+00 0.000000000000000000e+00 0.000000000000000000e+00 0.000000000000000000e+00 0.000000000000000000e+00 0.000000000000000000e+00 0.000000000000000000e+00 0.000000000000000000e+00 0.000000000000000000e+00 0.000000000000000000e+00 4.181315760869566689e-01 4.197238156249999963e-01 0.000000000000000000e+00
3.783719637858239948e-01 0.000000000000000000e+00 3.612609245939695235e-01 4.334560622142217823e-01 3.360938487091246762e-01 4.021933657930691908e-01 3.119704760185647574e-01 4.248702657475885158e-01 2.831264861140559419e-01 4.075559104761904416e-01 3.135158464017728797e-01 4.306566791740318312e-01 2.576148906673749739e-01 4.241292565780531154e-01 2.589149671686288845e-01 4.095638657759835266e-01 3.857439738153103370e-01 4.782631443001443827e-01 4.103601933313283934e-01 4.513694647148415728e-01 0.000000000000000000e+00 0.000000000000000000e+00 3.796138897367323239e-01 4.324436639414958039e-01 3.409656698055751889e-01 0.000000000000000000e+00 0.000000000000000000e+00 0.000000000000000000e+00 3.348568938773460735e-01 4.530591836815675566e-01 3.481687072838471897e-01 4.209176662359259136e-01 4.098476111708064251e-01 4.700770430516582055e-01 4.287332399938038052e-01 0.000000000000000000e+00 4.334553763166694718e-01 4.410362364864864881e-01 0.000000000000000000e+00 0.000000000000000000e+00 4.390551615384615247e-01 0.000000000000000000e+00 4.219422575961964128e-01 0.000000000000000000e+00 3.907433695652173800e-01 0.000000000000000000e+00 0.000000000000000000e+00 0.000000000000000000e+00 4.298514519803177114e-01 0.000000000000000000e+00 4.169171340972654405e-01 0.000000000000000000e+00 4.539426794425087119e-01 0.000000000000000000e+00 4.210083080182666082e-01 0.000000000000000000e+00 4.101712599612841736e-01 0.000000000000000000e+00 4.128845480793855161e-01 0.000000000000000000e+00 4.259203238551451109e-01 0.000000000000000000e+00 3.847717150132113906e-01 0.000000000000000000e+00 4.344310693676067259e-01 0.000000000000000000e+00 4.383826330123377080e-01 0.000000000000000000e+00 4.261777196824937941e-01 0.000000000000000000e+00 3.328099326303994299e-01 4.733355659958044526e-01 3.783024658743143753e-01 4.444659083959983104e-01 3.326085043859648982e-01 0.000000000000000000e+00 3.870037743126314433e-01 4.291920855767471510e-01 0.000000000000000000e+00 0.000000000000000000e+00 3.825045278333586429e-01 0.000000000000000000e+00 4.377882884133686980e-01 0.000000000000000000e+00 4.182640037768116104e-01 0.000000000000000000e+00 0.000000000000000000e+00 0.000000000000000000e+00 4.284177110214796302e-01 0.000000000000000000e+00 0.000000000000000000e+00 0.000000000000000000e+00 4.674606454545455758e-01 0.000000000000000000e+00 4.446020715447154270e-01 4.507009609375000059e-01 0.000000000000000000e+00 0.000000000000000000e+00 0.000000000000000000e+00 0.000000000000000000e+00 0.000000000000000000e+00 0.000000000000000000e+00 4.661641388888889126e-01 0.000000000000000000e+00 0.000000000000000000e+00 0.000000000000000000e+00 0.000000000000000000e+00 0.000000000000000000e+00 0.000000000000000000e+00 0.000000000000000000e+00 0.000000000000000000e+00 0.000000000000000000e+00 0.000000000000000000e+00 0.000000000000000000e+00 0.000000000000000000e+00 0.000000000000000000e+00
