0.000000000000000000e+00 1.248854262144821238e-02 4.306722689075630217e-02 4.337767495662232797e-03 0.000000000000000000e+00 0.000000000000000000e+00 1.282365558449517495e-01 7.928118393234672096e-04 0.000000000000000000e+00 0.000000000000000000e+00 1.664469347396176635e-01 0.000000000000000000e+00 4.788535477105906879e-02 0.000000000000000000e+00 6.752194463200540632e-04 0.000000000000000000e+00 8.403001071811361244e-02 1.303143834500732935e-03 8.758708943551826720e-02 2.812978693775240388e-02 0.000000000000000000e+00 0.000000000000000000e+00 6.058158319870759123e-04 0.000000000000000000e+00 0.000000000000000000e+00 0.000000000000000000e+00 0.000000000000000000e+00 0.000000000000000000e+00 2.070437566702241355e-02 9.117432530999270996e-04 4.746084480303749595e-04 0.000000000000000000e+00 2.623314243487899489e-02 1.193047413349789150e-02 1.089720305121685481e-03 0.000000000000000000e+00 1.589907889467360724e-01 2.877697841726618660e-04 0.000000000000000000e+00 0.000000000000000000e+00 1.587301587301587213e-02 0.000000000000000000e+00 0.000000000000000000e+00 0.000000000000000000e+00 1.636929120969061991e-04 1.129943502824858742e-04 1.813565469713456608e-04 0.000000000000000000e+00 5.265236277477951385e-04 4.915040022468754582e-04 1.149968494013862627e-02 4.649000464900046332e-04 0.000000000000000000e+00 0.000000000000000000e+00 9.490333919156414277e-03 0.000000000000000000e+00 2.282554877042416164e-01 5.886081680702707347e-03 3.876641070101560782e-02 1.196042187669892455e-03 9.524617996604414771e-02 3.606202668589974917e-04 1.450163398692810510e-02 1.212304894681012204e-03 4.637395165268870523e-02 3.791708796764408653e-04 4.013807497792405699e-03 1.285219970341077659e-03 9.474885844748857922e-02 9.457984721716987397e-03 8.011869436201780881e-02 1.117942984907769732e-03 6.142085145643864236e-02 1.716815758561489021e-03 2.114060963618485597e-02 0.000000000000000000e+00 1.194078947368421018e-01 3.703703703703703845e-03 0.000000000000000000e+00 0.000000000000000000e+00 2.437652353272079346e-03 0.000000000000000000e+00 0.000000000000000000e+00 0.000000000000000000e+00 3.571428571428571230e-02 2.575549450549450615e-04 0.000000000000000000e+00 0.000000000000000000e+00 2.862688015526443364e-02 0.000000000000000000e+00 3.553800592300098912e-03 5.312868949232585868e-03 0.000000000000000000e+00 5.455537370430986986e-04 5.069124423963133896e-02 0.000000000000000000e+00 9.784735812133071864e-04 0.000000000000000000e+00 4.511278195488722075e-03 1.142857142857142856e-02 0.000000000000000000e+00 0.000000000000000000e+00 2.346316283435006947e-04 1.971220185294697482e-04 7.981755986316989987e-03 1.207364926048898205e-03 0.000000000000000000e+00 3.105590062111801032e-03 0.000000000000000000e+00 0.000000000000000000e+00 8.038585209003215343e-04 0.000000000000000000e+00 0.000000000000000000e+00 0.000000000000000000e+00 0.000000000000000000e+00 1.960784313725490169e-02
1.248854262144821238e-02 0.000000000000000000e+00 7.052821128451380525e-03 4.757085020242914769e-02 0.000000000000000000e+00 5.614823133071308653e-04 1.011184311322200179e-02 1.501057082452431357e-01 0.000000000000000000e+00 0.000000000000000000e+00 4.614370468029004892e-03 3.241244289754187380e-02 0.000000000000000000e+00 8.494572911750826461e-03 0.000000000000000000e+00 1.603420630678781484e-03 2.786709539121114566e-03 2.264212412445023789e-02 3.085454286933030088e-02 4.149839855173374087e-02 0.000000000000000000e+00 0.000000000000000000e+00 2.827140549273020852e-03 2.348106838861168007e-03 0.000000000000000000e+00 0.000000000000000000e+00 0.000000000000000000e+00 0.000000000000000000e+00 1.280683030949839821e-03 1.331145149525893474e-02 4.746084480303749270e-03 6.178560395427865407e-04 8.128579346018844146e-03 1.141622955877815565e-02 7.264802034144569876e-04 4.863813229571984503e-04 1.601922306768121737e-03 2.733812949640287635e-02 0.000000000000000000e+00 5.950019833399444909e-03 0.000000000000000000e+00 0.000000000000000000e+00 0.000000000000000000e+00 3.282185935833265011e-04 0.000000000000000000e+00 3.163841807909604370e-03 0.000000000000000000e+00 1.136621959536258269e-04 2.632618138738975692e-04 7.512989748630810420e-03 2.362948960302457531e-04 2.669854552699740813e-02 0.000000000000000000e+00 2.729100833093938382e-03 3.514938488576450134e-04 1.659375471413486198e-03 3.300874731803928302e-04 2.000362220411120162e-01 7.431260837255387495e-04 2.881374361204740511e-02 5.093378607809846909e-04 3.948791922106022201e-02 0.000000000000000000e+00 1.060766782845885825e-02 0.000000000000000000e+00 4.158240647118301159e-02 1.043589949426025577e-03 1.344537815126050501e-02 7.534246575342466029e-03 8.184794470716624804e-02 5.395198273536552271e-04 6.130054033910937311e-02 2.636088045340714229e-03 3.533026113671274698e-02 0.000000000000000000e+00 1.140250855188141427e-03 2.138157894736842247e-03 4.848484848484848481e-02 0.000000000000000000e+00 0.000000000000000000e+00 1.875117194824676503e-04 8.069653854321512387e-03 0.000000000000000000e+00 0.000000000000000000e+00 1.202501202501202545e-04 4.112293956043956006e-02 0.000000000000000000e+00 2.114164904862579370e-03 0.000000000000000000e+00 1.358255451713395560e-02 1.974333662388943599e-04 1.770956316410861884e-03 2.944640753828032761e-04 0.000000000000000000e+00 1.382488479262672897e-02 0.000000000000000000e+00 0.000000000000000000e+00 0.000000000000000000e+00 0.000000000000000000e+00 1.142857142857142856e-02 0.000000000000000000e+00 0.000000000000000000e+00 2.346316283435006947e-04 3.942440370589394964e-04 1.140250855188141427e-03 0.000000000000000000e+00 2.663115845539281139e-03 1.552795031055900516e-03 0.000000000000000000e+00 0.000000000000000000e+00 0.000000000000000000e+00 0.000000000000000000e+00 0.000000000000000000e+00 0.000000000000000000e+00 0.000000000000000000e+00 0.000000000000000000e+00
4.306722689075630217e-02 7.052821128451380525e-03 0.000000000000000000e+00 1.604973973395025857e-02 1.917404129793510298e-02 1.179112857944974654e-02 2.030029109851386460e-01 2.457716701902748491e-02 3.333333333333333287e-02 1.265822784810126563e-02 4.548450889914304462e-02 1.152925821187731140e-02 8.912967493883257319e-02 4.955167531854648769e-03 2.835921674544227000e-02 5.879208979155532179e-03 6.859592711682743413e-03 3.420752565564424280e-03 9.711360727996587450e-02 8.076869516780393193e-03 0.000000000000000000e+00 0.000000000000000000e+00 1.972940226171243927e-01 2.260052832403874543e-02 0.000000000000000000e+00 3.463203463203463200e-03 0.000000000000000000e+00 0.000000000000000000e+00 1.195304162219850558e-02 1.276440554339897983e-03 1.471286188894162239e-02 2.996601791782514679e-02 3.140587474598189547e-03 8.845006685179471195e-03 3.632401017072284938e-04 0.000000000000000000e+00 1.641970364437324650e-02 0.000000000000000000e+00 0.000000000000000000e+00 0.000000000000000000e+00 1.587301587301587213e-02 0.000000000000000000e+00 0.000000000000000000e+00 0.000000000000000000e+00 3.273858241938123982e-04 0.000000000000000000e+00 7.254261878853826432e-04 0.000000000000000000e+00 5.265236277477951385e-04 1.404297149276787101e-04 6.773787019533711318e-03 2.656571694228597826e-04 0.000000000000000000e+00 0.000000000000000000e+00 1.933216168717047465e-03 0.000000000000000000e+00 3.465918468394124392e-03 9.961061305804581965e-04 1.411939559078523657e-02 4.349244318799608830e-04 6.791171477079796168e-03 0.000000000000000000e+00 1.633986928104575213e-03 1.515381118351265255e-04 5.591185660253248160e-03 2.527805864509605769e-04 1.292446014289154628e-02 1.977261492832427063e-04 2.968036529680365392e-03 7.275372862859221575e-04 8.983005125438360550e-02 5.589714924538848658e-04 7.829181494661921481e-02 4.246860034336314912e-03 1.327433628318584052e-02 7.601672367920942483e-04 4.671052631578947317e-02 5.387205387205387490e-03 0.000000000000000000e+00 0.000000000000000000e+00 7.500468779298706014e-04 2.123593119558292691e-04 3.154574132492113468e-03 0.000000000000000000e+00 4.208754208754208678e-03 0.000000000000000000e+00 0.000000000000000000e+00 0.000000000000000000e+00 3.153808830664725938e-03 1.246105919003115208e-04 0.000000000000000000e+00 1.180637544273907850e-03 0.000000000000000000e+00 0.000000000000000000e+00 4.608294930875576033e-03 0.000000000000000000e+00 9.784735812133071864e-04 0.000000000000000000e+00 0.000000000000000000e+00 1.142857142857142856e-02 0.000000000000000000e+00 0.000000000000000000e+00 0.000000000000000000e+00 7.884880741178789927e-04 1.520334473584188497e-03 0.000000000000000000e+00 1.331557922769640570e-03 1.552795031055900516e-03 0.000000000000000000e+00 0.000000000000000000e+00 1.607717041800643069e-03 0.000000000000000000e+00 0.000000000000000000e+00 0.000000000000000000e+00 0.000000000000000000e+00 0.000000000000000000e+00
4.337767495662232797e-03 4.757085020242914769e-02 1.604973973395025857e-02 0.000000000000000000e+00 1.179941002949852491e-02 1.516002245929253152e-02 7.660487206986364359e-03 1.680761099365750411e-01 7.017543859649122938e-03 5.063291139240506424e-03 6.591957811470006492e-03 5.068522949749836720e-02 8.039147151345682474e-03 2.430391694195375291e-02 4.051316677920324162e-03 3.794762159273115665e-02 6.430868167202572492e-04 2.932073627626649234e-02 8.531210009953079168e-03 9.079515387828993034e-02 0.000000000000000000e+00 0.000000000000000000e+00 4.664781906300484449e-02 1.828588200763134608e-01 9.920634920634920084e-03 3.376623376623376360e-02 1.855287569573283888e-03 3.112840466926070256e-03 1.707577374599786573e-03 2.862873814733770880e-02 2.752728998576174646e-02 4.324992276799505958e-02 7.389617587289857821e-04 1.450169700709657596e-02 0.000000000000000000e+00 9.727626459143969007e-04 0.000000000000000000e+00 1.467625899280575533e-02 0.000000000000000000e+00 5.553351844506147945e-03 0.000000000000000000e+00 0.000000000000000000e+00 0.000000000000000000e+00 3.282185935833265011e-04 0.000000000000000000e+00 2.033898305084745790e-03 0.000000000000000000e+00 1.136621959536258269e-04 0.000000000000000000e+00 4.423536020221879340e-03 0.000000000000000000e+00 3.254300325430032649e-03 0.000000000000000000e+00 4.309106578569376592e-04 0.000000000000000000e+00 1.508523155830441924e-04 0.000000000000000000e+00 7.787738839083582776e-03 1.238543472875897826e-04 1.326519517233880688e-02 3.395585738539898301e-04 7.212405337179949834e-04 2.042483660130719016e-04 1.060766782845885652e-03 3.288932741325439999e-04 2.906976744186046471e-03 1.605522999116962301e-04 1.403855659911023256e-02 0.000000000000000000e+00 4.728992360858493699e-03 2.697599136768276135e-04 6.335010247810694828e-02 2.240674838539607333e-03 8.186500406614258263e-02 0.000000000000000000e+00 8.361839604713037707e-03 2.467105263157894600e-03 5.656565656565656908e-02 0.000000000000000000e+00 0.000000000000000000e+00 0.000000000000000000e+00 2.548311743469951120e-03 0.000000000000000000e+00 0.000000000000000000e+00 0.000000000000000000e+00 1.888736263736263748e-03 0.000000000000000000e+00 2.114164904862579370e-03 0.000000000000000000e+00 8.722741433021806998e-04 1.184600197433366160e-03 5.903187721369539251e-04 0.000000000000000000e+00 0.000000000000000000e+00 0.000000000000000000e+00 0.000000000000000000e+00 9.784735812133071864e-04 0.000000000000000000e+00 0.000000000000000000e+00 0.000000000000000000e+00 0.000000000000000000e+00 0.000000000000000000e+00 0.000000000000000000e+00 1.971220185294697482e-04 7.601672367920942483e-04 1.509206157561122918e-03 0.000000000000000000e+00 1.552795031055900516e-03 0.000000000000000000e+00 0.000000000000000000e+00 0.000000000000000000e+00 0.000000000000000000e+00 4.524886877828054703e-03 0.000000000000000000e+00 0.000000000000000000e+00 0.000000000000000000e+00
0.000000000000000000e+00 0.000000000000000000e+00 1.917404129793510298e-02 1.179941002949852491e-02 0.000000000000000000e+00 1.122964626614261600e-02 0.000000000000000000e+00 5.285412262156448425e-04 2.807017543859648967e-01 1.012658227848101285e-02 0.000000000000000000e+00 0.000000000000000000e+00 0.000000000000000000e+00 0.000000000000000000e+00 2.788656313301823286e-01 2.672367717797969212e-03 0.000000000000000000e+00 0.000000000000000000e+00 1.421868334992179789e-04 0.000000000000000000e+00 7.788161993769470402e-03 0.000000000000000000e+00 2.019386106623586555e-04 2.935133548576460225e-03 2.380952380952380820e-02 2.597402597402597400e-03 1.391465677179963001e-01 0.000000000000000000e+00 1.067235859124866662e-03 0.000000000000000000e+00 2.847650688182249649e-03 2.471424158171146163e-03 0.000000000000000000e+00 0.000000000000000000e+00 0.000000000000000000e+00 0.000000000000000000e+00 0.000000000000000000e+00 0.000000000000000000e+00 0.000000000000000000e+00 0.000000000000000000e+00 0.000000000000000000e+00 0.000000000000000000e+00 0.000000000000000000e+00 0.000000000000000000e+00 0.000000000000000000e+00 0.000000000000000000e+00 5.440696409140370095e-04 0.000000000000000000e+00 0.000000000000000000e+00 0.000000000000000000e+00 1.575299306868305021e-04 0.000000000000000000e+00 3.232062055591467258e-04 0.000000000000000000e+00 1.757469244288225067e-04 0.000000000000000000e+00 0.000000000000000000e+00 0.000000000000000000e+00 1.238543472875897826e-04 0.000000000000000000e+00 0.000000000000000000e+00 0.000000000000000000e+00 0.000000000000000000e+00 0.000000000000000000e+00 1.644466370662719999e-04 0.000000000000000000e+00 0.000000000000000000e+00 0.000000000000000000e+00 0.000000000000000000e+00 0.000000000000000000e+00 5.125438359859724874e-03 3.726476616359232258e-04 4.336364834585475225e-02 2.710761724044456235e-04 1.671583087512290913e-02 0.000000000000000000e+00 6.578947368421052483e-04 1.683501683501683591e-04 0.000000000000000000e+00 0.000000000000000000e+00 0.000000000000000000e+00 0.000000000000000000e+00 2.839116719242902251e-02 0.000000000000000000e+00 1.082251082251082250e-03 0.000000000000000000e+00 1.630434782608695607e-02 0.000000000000000000e+00 1.213003396409509859e-03 0.000000000000000000e+00 0.000000000000000000e+00 0.000000000000000000e+00 0.000000000000000000e+00 0.000000000000000000e+00 0.000000000000000000e+00 0.000000000000000000e+00 0.000000000000000000e+00 0.000000000000000000e+00 0.000000000000000000e+00 0.000000000000000000e+00 0.000000000000000000e+00 0.000000000000000000e+00 0.000000000000000000e+00 0.000000000000000000e+00 3.800836183960471242e-04 0.000000000000000000e+00 0.000000000000000000e+00 0.000000000000000000e+00 0.000000000000000000e+00 0.000000000000000000e+00 0.000000000000000000e+00 0.000000000000000000e+00 0.000000000000000000e+00 0.000000000000000000e+00 0.000000000000000000e+00 0.000000000000000000e+00
0.000000000000000000e+00 5.614823133071308653e-04 1.179112857944974654e-02 1.516002245929253152e-02 1.122964626614261600e-02 0.000000000000000000e+00 1.532097441397272850e-04 1.717758985200845603e-03 1.754385964912280734e-03 1.974683544303797444e-01 0.000000000000000000e+00 0.000000000000000000e+00 0.000000000000000000e+00 0.000000000000000000e+00 1.350438892640108126e-03 2.137894174238375300e-01 0.000000000000000000e+00 0.000000000000000000e+00 0.000000000000000000e+00 0.000000000000000000e+00 6.230529595015576148e-03 3.405572755417956426e-02 4.846526655896607298e-03 2.348106838861168007e-03 2.976190476190476025e-02 1.367965367965368051e-01 3.092145949288806553e-03 2.381322957198443446e-01 0.000000000000000000e+00 6.382202771699489047e-03 1.898433792121499708e-02 7.105344454742044784e-03 0.000000000000000000e+00 1.028489149439473354e-04 0.000000000000000000e+00 4.863813229571984503e-04 0.000000000000000000e+00 5.755395683453237319e-04 0.000000000000000000e+00 0.000000000000000000e+00 0.000000000000000000e+00 0.000000000000000000e+00 0.000000000000000000e+00 8.205464839583162528e-05 0.000000000000000000e+00 0.000000000000000000e+00 0.000000000000000000e+00 0.000000000000000000e+00 0.000000000000000000e+00 0.000000000000000000e+00 0.000000000000000000e+00 0.000000000000000000e+00 0.000000000000000000e+00 0.000000000000000000e+00 0.000000000000000000e+00 0.000000000000000000e+00 0.000000000000000000e+00 0.000000000000000000e+00 0.000000000000000000e+00 1.087311079699902208e-04 0.000000000000000000e+00 0.000000000000000000e+00 0.000000000000000000e+00 0.000000000000000000e+00 0.000000000000000000e+00 3.791708796764408653e-04 0.000000000000000000e+00 0.000000000000000000e+00 0.000000000000000000e+00 0.000000000000000000e+00 2.697599136768276135e-04 3.242034656232532092e-02 0.000000000000000000e+00 2.539080148188307615e-02 0.000000000000000000e+00 1.026225769669327284e-02 0.000000000000000000e+00 3.367003367003367181e-04 0.000000000000000000e+00 0.000000000000000000e+00 0.000000000000000000e+00 2.123593119558292691e-04 0.000000000000000000e+00 0.000000000000000000e+00 0.000000000000000000e+00 7.726648351648351303e-04 0.000000000000000000e+00 4.228329809725158740e-03 0.000000000000000000e+00 1.246105919003115208e-04 1.974333662388943599e-04 2.951593860684769625e-04 0.000000000000000000e+00 0.000000000000000000e+00 0.000000000000000000e+00 0.000000000000000000e+00 0.000000000000000000e+00 0.000000000000000000e+00 0.000000000000000000e+00 0.000000000000000000e+00 0.000000000000000000e+00 0.000000000000000000e+00 2.346316283435006947e-04 0.000000000000000000e+00 0.000000000000000000e+00 0.000000000000000000e+00 0.000000000000000000e+00 0.000000000000000000e+00 0.000000000000000000e+00 0.000000000000000000e+00 0.000000000000000000e+00 0.000000000000000000e+00 0.000000000000000000e+00 0.000000000000000000e+00 0.000000000000000000e+00 0.000000000000000000e+00
1.282365558449517495e-01 1.011184311322200179e-02 2.030029109851386460e-01 7.660487206986364359e-03 0.000000000000000000e+00 1.532097441397272850e-04 0.000000000000000000e+00 1.638477801268499109e-02 1.228070175438596492e-02 1.265822784810126606e-03 8.272907053394858157e-02 5.438329345225146640e-03 1.370150297098916559e-01 2.123643227937706615e-03 6.752194463200540632e-04 1.068947087119187511e-03 2.700964630225080251e-02 4.235217462127382690e-03 1.834210152139911787e-02 9.608689597549088454e-03 0.000000000000000000e+00 0.000000000000000000e+00 7.471728594507270199e-03 7.337833871441150346e-03 1.984126984126984017e-03 1.731601731601731600e-03 0.000000000000000000e+00 0.000000000000000000e+00 2.326574172892209233e-02 9.117432530999270996e-04 9.492168960607499191e-04 1.328390485016991106e-02 0.000000000000000000e+00 3.908258767869998880e-03 3.632401017072284938e-04 4.863813229571984503e-04 1.802162595114136998e-02 5.755395683453237319e-04 6.662225183211192663e-04 0.000000000000000000e+00 1.587301587301587213e-02 0.000000000000000000e+00 0.000000000000000000e+00 0.000000000000000000e+00 0.000000000000000000e+00 0.000000000000000000e+00 1.813565469713456608e-04 0.000000000000000000e+00 6.581545346847439502e-04 0.000000000000000000e+00 7.876496534341524344e-03 6.641429235571494566e-05 3.232062055591467258e-04 0.000000000000000000e+00 7.205623901581722016e-03 0.000000000000000000e+00 3.961049678164713962e-03 2.716653083401249528e-04 1.077532821402031257e-02 0.000000000000000000e+00 2.954159592529711359e-02 0.000000000000000000e+00 1.102941176470588307e-02 0.000000000000000000e+00 3.206709422792303893e-02 0.000000000000000000e+00 1.043589949426025577e-03 3.954522985664854127e-04 1.826484018264840125e-03 3.637686431429610788e-04 1.038575667655786405e-01 5.589714924538848658e-04 6.168446026097271911e-02 2.168609379235564988e-03 6.882989183874139820e-03 0.000000000000000000e+00 1.092105263157894801e-01 6.060606060606060601e-03 0.000000000000000000e+00 0.000000000000000000e+00 6.187886742921432787e-03 0.000000000000000000e+00 0.000000000000000000e+00 0.000000000000000000e+00 3.258778258778258913e-02 1.717032967032967167e-04 0.000000000000000000e+00 0.000000000000000000e+00 2.886948083454633773e-02 0.000000000000000000e+00 1.776900296150049456e-03 2.656434474616292934e-03 2.944640753828032761e-04 5.455537370430986986e-04 2.764976958525345793e-02 0.000000000000000000e+00 0.000000000000000000e+00 0.000000000000000000e+00 1.503759398496240692e-03 0.000000000000000000e+00 0.000000000000000000e+00 0.000000000000000000e+00 0.000000000000000000e+00 5.913660555884092717e-04 3.420752565564424280e-03 3.018412315122245512e-04 0.000000000000000000e+00 0.000000000000000000e+00 0.000000000000000000e+00 4.784688995215310818e-03 0.000000000000000000e+00 0.000000000000000000e+00 0.000000000000000000e+00 0.000000000000000000e+00 0.000000000000000000e+00 1.960784313725490169e-02
7.928118393234672096e-04 1.501057082452431357e-01 2.457716701902748491e-02 1.680761099365750411e-01 5.285412262156448425e-04 1.717758985200845603e-03 1.638477801268499109e-02 0.000000000000000000e+00 1.228070175438596492e-02 4.303797468354430417e-02 1.318391562294001298e-02 8.201000652599521601e-02 1.223348479552604021e-02 2.343086361491269476e-01 1.350438892640108126e-03 2.030999465526456271e-02 2.143622722400857316e-04 1.596351197263397997e-02 1.393430968292336085e-02 9.608689597549088454e-03 0.000000000000000000e+00 0.000000000000000000e+00 7.108239095315024847e-02 1.056648077487525733e-02 1.984126984126984017e-03 1.731601731601731600e-03 6.184291898577613323e-04 0.000000000000000000e+00 1.494130202774813197e-03 1.859956236323851222e-02 2.135738016136687345e-02 7.414272474513438488e-03 1.662663957140217983e-03 4.525352257533682594e-03 0.000000000000000000e+00 4.863813229571984503e-04 1.201441730076091303e-03 2.589928057553956848e-03 0.000000000000000000e+00 1.190003966679888938e-03 0.000000000000000000e+00 0.000000000000000000e+00 0.000000000000000000e+00 3.282185935833265011e-04 0.000000000000000000e+00 1.242937853107344698e-03 0.000000000000000000e+00 2.273243919072516538e-04 0.000000000000000000e+00 3.791602303047324901e-03 0.000000000000000000e+00 1.321644417878727572e-02 0.000000000000000000e+00 1.149095087618500497e-03 0.000000000000000000e+00 7.542615779152209892e-04 0.000000000000000000e+00 9.417730689124331409e-03 1.238543472875897826e-04 3.153202131129716375e-03 5.093378607809846909e-04 1.442481067435989967e-03 0.000000000000000000e+00 9.092286710107592073e-04 3.288932741325439999e-04 1.466127401415571324e-02 5.619330496909368325e-04 2.372713791398912368e-03 0.000000000000000000e+00 1.455074572571844315e-03 0.000000000000000000e+00 1.121669461524128913e-01 5.931198102016607340e-03 4.445649227432908746e-02 4.916420845624385741e-04 5.321170657544659413e-03 3.289473684210526133e-03 3.451178451178451428e-02 0.000000000000000000e+00 0.000000000000000000e+00 1.875117194824676503e-04 1.847526014015714660e-02 0.000000000000000000e+00 0.000000000000000000e+00 0.000000000000000000e+00 2.060439560439560405e-02 0.000000000000000000e+00 0.000000000000000000e+00 0.000000000000000000e+00 1.059190031152647954e-02 1.579466929911154879e-03 5.903187721369539251e-04 0.000000000000000000e+00 5.455537370430986986e-04 4.608294930875576033e-03 0.000000000000000000e+00 9.784735812133071864e-04 0.000000000000000000e+00 0.000000000000000000e+00 5.714285714285714281e-03 0.000000000000000000e+00 0.000000000000000000e+00 0.000000000000000000e+00 0.000000000000000000e+00 7.601672367920942483e-04 3.018412315122245512e-04 0.000000000000000000e+00 0.000000000000000000e+00 0.000000000000000000e+00 0.000000000000000000e+00 0.000000000000000000e+00 0.000000000000000000e+00 0.000000000000000000e+00 0.000000000000000000e+00 0.000000000000000000e+00 0.000000000000000000e+00
0.000000000000000000e+00 0.000000000000000000e+00 3.333333333333333287e-02 7.017543859649122938e-03 2.807017543859648967e-01 1.754385964912280734e-03 1.228070175438596492e-02 1.228070175438596492e-02 0.000000000000000000e+00 0.000000000000000000e+00 0.000000000000000000e+00 0.000000000000000000e+00 4.194337644180356865e-03 2.359603586597451704e-04 1.012829169480081032e-01 5.344735435595937556e-04 0.000000000000000000e+00 0.000000000000000000e+00 0.000000000000000000e+00 0.000000000000000000e+00 4.672897196261681894e-03 0.000000000000000000e+00 1.009693053311793223e-03 1.467566774288230113e-03 0.000000000000000000e+00 0.000000000000000000e+00 8.039579468150896344e-03 0.000000000000000000e+00 4.268943436499466433e-04 0.000000000000000000e+00 0.000000000000000000e+00 1.544640098856966352e-03 0.000000000000000000e+00 0.000000000000000000e+00 0.000000000000000000e+00 0.000000000000000000e+00 0.000000000000000000e+00 0.000000000000000000e+00 0.000000000000000000e+00 0.000000000000000000e+00 0.000000000000000000e+00 0.000000000000000000e+00 0.000000000000000000e+00 0.000000000000000000e+00 0.000000000000000000e+00 0.000000000000000000e+00 1.813565469713456608e-04 0.000000000000000000e+00 1.316309069369487846e-04 7.021485746383935504e-05 1.575299306868305021e-04 0.000000000000000000e+00 0.000000000000000000e+00 0.000000000000000000e+00 0.000000000000000000e+00 0.000000000000000000e+00 0.000000000000000000e+00 0.000000000000000000e+00 0.000000000000000000e+00 0.000000000000000000e+00 0.000000000000000000e+00 0.000000000000000000e+00 0.000000000000000000e+00 0.000000000000000000e+00 1.644466370662719999e-04 0.000000000000000000e+00 0.000000000000000000e+00 0.000000000000000000e+00 0.000000000000000000e+00 0.000000000000000000e+00 2.427839223091448739e-03 0.000000000000000000e+00 1.634374588111242935e-02 9.035872413481521234e-05 5.899705014749262455e-03 0.000000000000000000e+00 1.315789473684210497e-03 3.367003367003367181e-04 0.000000000000000000e+00 0.000000000000000000e+00 1.875117194824676503e-04 0.000000000000000000e+00 3.154574132492113468e-03 0.000000000000000000e+00 9.620009620009620363e-04 0.000000000000000000e+00 0.000000000000000000e+00 0.000000000000000000e+00 7.278020378457060024e-04 0.000000000000000000e+00 0.000000000000000000e+00 0.000000000000000000e+00 0.000000000000000000e+00 0.000000000000000000e+00 0.000000000000000000e+00 0.000000000000000000e+00 0.000000000000000000e+00 0.000000000000000000e+00 0.000000000000000000e+00 0.000000000000000000e+00 0.000000000000000000e+00 0.000000000000000000e+00 0.000000000000000000e+00 0.000000000000000000e+00 0.000000000000000000e+00 0.000000000000000000e+00 0.000000000000000000e+00 0.000000000000000000e+00 0.000000000000000000e+00 0.000000000000000000e+00 0.000000000000000000e+00 0.000000000000000000e+00 0.000000000000000000e+00 0.000000000000000000e+00 0.000000000000000000e+00 0.000000000000000000e+00
0.000000000000000000e+00 0.000000000000000000e+00 1.265822784810126563e-02 5.063291139240506424e-03 1.012658227848101285e-02 1.974683544303797444e-01 1.265822784810126606e-03 4.303797468354430417e-02 0.000000000000000000e+00 0.000000000000000000e+00 0.000000000000000000e+00 6.525995214270175751e-04 0.000000000000000000e+00 5.899008966493628908e-03 6.752194463200540632e-04 1.432389096739711265e-01 0.000000000000000000e+00 1.628929793125916169e-04 0.000000000000000000e+00 0.000000000000000000e+00 0.000000000000000000e+00 0.000000000000000000e+00 4.240710823909531711e-03 2.935133548576460008e-04 0.000000000000000000e+00 0.000000000000000000e+00 0.000000000000000000e+00 7.782101167315175639e-04 0.000000000000000000e+00 1.823486506199854199e-03 3.796867584242999676e-03 9.267840593141798110e-04 0.000000000000000000e+00 0.000000000000000000e+00 0.000000000000000000e+00 0.000000000000000000e+00 0.000000000000000000e+00 0.000000000000000000e+00 0.000000000000000000e+00 0.000000000000000000e+00 0.000000000000000000e+00 0.000000000000000000e+00 0.000000000000000000e+00 8.205464839583162528e-05 0.000000000000000000e+00 0.000000000000000000e+00 0.000000000000000000e+00 1.136621959536258269e-04 0.000000000000000000e+00 7.021485746383935504e-05 0.000000000000000000e+00 1.328285847114298913e-04 0.000000000000000000e+00 0.000000000000000000e+00 0.000000000000000000e+00 1.508523155830441924e-04 0.000000000000000000e+00 9.055510278004165546e-05 0.000000000000000000e+00 0.000000000000000000e+00 0.000000000000000000e+00 0.000000000000000000e+00 0.000000000000000000e+00 1.515381118351265255e-04 0.000000000000000000e+00 1.263902932254802884e-04 0.000000000000000000e+00 0.000000000000000000e+00 0.000000000000000000e+00 0.000000000000000000e+00 0.000000000000000000e+00 4.285448108813117232e-03 0.000000000000000000e+00 1.545134182705340184e-02 0.000000000000000000e+00 6.081337894336753987e-03 0.000000000000000000e+00 1.010101010101010100e-03 0.000000000000000000e+00 0.000000000000000000e+00 0.000000000000000000e+00 6.370779358674877801e-04 0.000000000000000000e+00 0.000000000000000000e+00 0.000000000000000000e+00 5.151098901098901230e-04 0.000000000000000000e+00 0.000000000000000000e+00 0.000000000000000000e+00 0.000000000000000000e+00 0.000000000000000000e+00 0.000000000000000000e+00 0.000000000000000000e+00 0.000000000000000000e+00 0.000000000000000000e+00 0.000000000000000000e+00 0.000000000000000000e+00 0.000000000000000000e+00 0.000000000000000000e+00 0.000000000000000000e+00 0.000000000000000000e+00 0.000000000000000000e+00 2.346316283435006947e-04 0.000000000000000000e+00 0.000000000000000000e+00 0.000000000000000000e+00 0.000000000000000000e+00 0.000000000000000000e+00 0.000000000000000000e+00 0.000000000000000000e+00 0.000000000000000000e+00 0.000000000000000000e+00 0.000000000000000000e+00 0.000000000000000000e+00 0.000000000000000000e+00 0.000000000000000000e+00
1.664469347396176635e-01 4.614370468029004892e-03 4.548450889914304462e-02 6.591957811470006492e-03 0.000000000000000000e+00 0.000000000000000000e+00 8.272907053394858157e-02 1.318391562294001298e-02 0.000000000000000000e+00 0.000000000000000000e+00 0.000000000000000000e+00 2.175331738090058656e-03 1.419084236281020484e-01 1.415762151958471077e-03 3.376097231600269991e-03 0.000000000000000000e+00 4.201500535905680622e-02 6.515719172503664676e-04 2.829517986634437487e-02 2.785127419579445929e-03 0.000000000000000000e+00 0.000000000000000000e+00 1.231825525040387663e-02 1.761080129145876222e-03 0.000000000000000000e+00 0.000000000000000000e+00 0.000000000000000000e+00 0.000000000000000000e+00 5.784418356456776794e-02 0.000000000000000000e+00 1.423825344091124824e-03 1.544640098856966352e-03 7.389617587289857821e-04 1.337035894271315509e-03 0.000000000000000000e+00 0.000000000000000000e+00 2.002402883460152171e-03 5.755395683453237319e-04 6.662225183211192663e-04 0.000000000000000000e+00 0.000000000000000000e+00 0.000000000000000000e+00 0.000000000000000000e+00 0.000000000000000000e+00 0.000000000000000000e+00 0.000000000000000000e+00 0.000000000000000000e+00 0.000000000000000000e+00 0.000000000000000000e+00 0.000000000000000000e+00 3.150598613736610041e-04 1.328285847114298913e-04 0.000000000000000000e+00 0.000000000000000000e+00 1.054481546572935040e-03 0.000000000000000000e+00 1.716454860538042457e-02 0.000000000000000000e+00 1.238543472875897880e-03 0.000000000000000000e+00 2.444821731748726690e-02 0.000000000000000000e+00 1.000816993464052201e-02 0.000000000000000000e+00 8.222331853313599725e-03 0.000000000000000000e+00 6.422091996467849204e-04 0.000000000000000000e+00 4.566210045662100312e-04 0.000000000000000000e+00 7.040733746965201212e-02 1.863238308179616129e-04 6.722024515618821999e-03 9.035872413481521506e-04 0.000000000000000000e+00 0.000000000000000000e+00 5.098684210526316027e-03 1.515151515151515150e-03 0.000000000000000000e+00 0.000000000000000000e+00 1.687605475342208962e-03 0.000000000000000000e+00 0.000000000000000000e+00 0.000000000000000000e+00 8.537758537758538546e-03 0.000000000000000000e+00 0.000000000000000000e+00 0.000000000000000000e+00 6.065016982047549514e-03 0.000000000000000000e+00 1.974333662388943599e-04 2.951593860684769625e-04 0.000000000000000000e+00 0.000000000000000000e+00 0.000000000000000000e+00 0.000000000000000000e+00 0.000000000000000000e+00 0.000000000000000000e+00 0.000000000000000000e+00 0.000000000000000000e+00 0.000000000000000000e+00 0.000000000000000000e+00 0.000000000000000000e+00 0.000000000000000000e+00 0.000000000000000000e+00 0.000000000000000000e+00 0.000000000000000000e+00 0.000000000000000000e+00 0.000000000000000000e+00 0.000000000000000000e+00 0.000000000000000000e+00 0.000000000000000000e+00 0.000000000000000000e+00 0.000000000000000000e+00 0.000000000000000000e+00 0.000000000000000000e+00
0.000000000000000000e+00 3.241244289754187380e-02 1.152925821187731140e-02 5.068522949749836720e-02 0.000000000000000000e+00 0.000000000000000000e+00 5.438329345225146640e-03 8.201000652599521601e-02 0.000000000000000000e+00 6.525995214270175751e-04 2.175331738090058656e-03 0.000000000000000000e+00 1.398112548060118738e-03 2.857479943369514164e-01 0.000000000000000000e+00 1.603420630678781267e-02 0.000000000000000000e+00 6.385404789053591990e-02 4.265605004976539584e-03 8.633895000696282379e-03 0.000000000000000000e+00 0.000000000000000000e+00 1.151050080775444309e-02 1.467566774288230069e-02 0.000000000000000000e+00 8.658008658008658001e-04 0.000000000000000000e+00 0.000000000000000000e+00 0.000000000000000000e+00 1.332968636032093313e-01 5.220692928334124717e-03 9.267840593141798110e-04 0.000000000000000000e+00 5.039596832253419312e-03 3.632401017072284938e-04 1.459143968871595351e-03 0.000000000000000000e+00 1.438848920863309384e-03 0.000000000000000000e+00 0.000000000000000000e+00 0.000000000000000000e+00 0.000000000000000000e+00 0.000000000000000000e+00 0.000000000000000000e+00 0.000000000000000000e+00 1.129943502824858742e-04 0.000000000000000000e+00 0.000000000000000000e+00 0.000000000000000000e+00 7.021485746383935504e-05 0.000000000000000000e+00 9.298000929800092663e-04 0.000000000000000000e+00 0.000000000000000000e+00 0.000000000000000000e+00 1.508523155830441924e-04 0.000000000000000000e+00 2.535542877841166515e-03 1.238543472875897826e-04 0.000000000000000000e+00 1.697792869269949150e-04 2.163721601153985059e-03 0.000000000000000000e+00 5.909986361569934468e-03 0.000000000000000000e+00 1.213346814964610769e-02 0.000000000000000000e+00 7.909045971329708253e-04 2.283105022831050156e-04 0.000000000000000000e+00 0.000000000000000000e+00 4.583566238121855596e-02 1.713457229471464444e-03 2.981837896448902292e-02 4.916420845624385741e-04 1.900418091980235567e-03 1.151315789473684103e-03 1.313131313131313087e-02 0.000000000000000000e+00 2.207505518763796908e-03 0.000000000000000000e+00 1.486515183690804813e-02 0.000000000000000000e+00 0.000000000000000000e+00 1.202501202501202545e-04 8.413461538461538061e-03 0.000000000000000000e+00 0.000000000000000000e+00 0.000000000000000000e+00 6.105919003115264573e-03 3.948667324777887198e-04 2.951593860684769625e-04 2.944640753828032761e-04 0.000000000000000000e+00 0.000000000000000000e+00 0.000000000000000000e+00 0.000000000000000000e+00 0.000000000000000000e+00 0.000000000000000000e+00 0.000000000000000000e+00 0.000000000000000000e+00 0.000000000000000000e+00 0.000000000000000000e+00 1.971220185294697482e-04 0.000000000000000000e+00 0.000000000000000000e+00 0.000000000000000000e+00 0.000000000000000000e+00 0.000000000000000000e+00 0.000000000000000000e+00 0.000000000000000000e+00 0.000000000000000000e+00 0.000000000000000000e+00 0.000000000000000000e+00 0.000000000000000000e+00 0.000000000000000000e+00
4.788535477105906879e-02 0.000000000000000000e+00 8.912967493883257319e-02 8.039147151345682474e-03 0.000000000000000000e+00 0.000000000000000000e+00 1.370150297098916559e-01 1.223348479552604021e-02 4.194337644180356865e-03 0.000000000000000000e+00 1.419084236281020484e-01 1.398112548060118738e-03 0.000000000000000000e+00 1.179801793298725825e-03 1.593517893315327394e-01 0.000000000000000000e+00 3.429796355841371706e-03 3.257859586251832338e-04 2.843736669984359578e-03 4.177691129369168893e-04 0.000000000000000000e+00 0.000000000000000000e+00 3.089660743134087229e-02 5.576753742295274124e-03 0.000000000000000000e+00 1.731601731601731600e-03 0.000000000000000000e+00 0.000000000000000000e+00 6.723585912486659821e-02 0.000000000000000000e+00 9.492168960607499191e-04 4.324992276799505785e-03 0.000000000000000000e+00 3.085467448318420197e-04 0.000000000000000000e+00 4.863813229571984503e-04 0.000000000000000000e+00 0.000000000000000000e+00 0.000000000000000000e+00 0.000000000000000000e+00 0.000000000000000000e+00 0.000000000000000000e+00 1.439470274938822617e-04 0.000000000000000000e+00 0.000000000000000000e+00 0.000000000000000000e+00 1.813565469713456608e-04 0.000000000000000000e+00 0.000000000000000000e+00 0.000000000000000000e+00 3.150598613736610041e-04 0.000000000000000000e+00 0.000000000000000000e+00 0.000000000000000000e+00 1.405975395430580054e-03 0.000000000000000000e+00 3.465918468394124392e-03 0.000000000000000000e+00 7.431260837255387495e-04 0.000000000000000000e+00 1.239388794567062788e-02 0.000000000000000000e+00 1.062091503267973899e-02 0.000000000000000000e+00 4.768952474921888188e-03 0.000000000000000000e+00 2.408284498675443452e-04 0.000000000000000000e+00 2.283105022831050156e-04 0.000000000000000000e+00 3.641758834637173065e-02 0.000000000000000000e+00 3.057862132595228627e-02 1.084304689617782494e-03 7.374631268436578069e-03 0.000000000000000000e+00 1.167763157894736829e-02 1.010101010101010100e-03 0.000000000000000000e+00 0.000000000000000000e+00 5.812863303956497703e-03 0.000000000000000000e+00 0.000000000000000000e+00 0.000000000000000000e+00 9.620009620009620580e-03 0.000000000000000000e+00 0.000000000000000000e+00 0.000000000000000000e+00 4.852013585638039438e-03 0.000000000000000000e+00 0.000000000000000000e+00 8.854781582054309418e-04 0.000000000000000000e+00 0.000000000000000000e+00 0.000000000000000000e+00 0.000000000000000000e+00 0.000000000000000000e+00 0.000000000000000000e+00 0.000000000000000000e+00 0.000000000000000000e+00 0.000000000000000000e+00 0.000000000000000000e+00 0.000000000000000000e+00 0.000000000000000000e+00 3.800836183960471242e-04 0.000000000000000000e+00 0.000000000000000000e+00 0.000000000000000000e+00 0.000000000000000000e+00 0.000000000000000000e+00 0.000000000000000000e+00 0.000000000000000000e+00 0.000000000000000000e+00 0.000000000000000000e+00 2.057613168724280010e-03 0.000000000000000000e+00
