0.000000000000000000e+00 7.812500000000000000e-03 4.847077042198993241e-02 1.367365542388331891e-03 7.470119521912350468e-04 0.000000000000000000e+00 8.345050037217764671e-02 1.072577761887736833e-03 1.778907242693773859e-03 0.000000000000000000e+00 2.528975869276078314e-01 1.573564122738001572e-04 3.802442910249601710e-02 0.000000000000000000e+00 8.077544426494346220e-04 0.000000000000000000e+00 7.682866961217477142e-02 2.490378084672854788e-03 2.992764744573558552e-02 1.395915308225594877e-02 0.000000000000000000e+00 0.000000000000000000e+00 7.842368395255366583e-04 1.279426816786079864e-04 0.000000000000000000e+00 0.000000000000000000e+00 0.000000000000000000e+00 0.000000000000000000e+00 3.536158012105766052e-02 1.440299582313121145e-04 1.831222340912559221e-03 9.612303748798462248e-04 4.021896994749189769e-03 8.576659920979088497e-03 0.000000000000000000e+00 0.000000000000000000e+00 4.691358024691358319e-02 0.000000000000000000e+00 1.939655172413793163e-02 0.000000000000000000e+00 8.880994671403196622e-03 0.000000000000000000e+00 0.000000000000000000e+00 0.000000000000000000e+00 6.128201985537443325e-04 0.000000000000000000e+00 4.046944556859571060e-04 0.000000000000000000e+00 1.802265705458290469e-03 9.071117561683599386e-05 1.279130891887156167e-02 0.000000000000000000e+00 3.305178112376055705e-03 0.000000000000000000e+00 1.998909685626022205e-03 0.000000000000000000e+00 2.851538302704935135e-01 8.210929659702581465e-04 2.907608695652173780e-02 1.419446415897799966e-04 4.888219622379242485e-02 3.057169061449097969e-04 1.292217327459618294e-02 0.000000000000000000e+00 2.658896375887816535e-02 1.925113100394648051e-04 4.917608489345181959e-03 2.895473409902519016e-04 7.434052757793764565e-02 1.033170201196302422e-02 7.052614744922437728e-02 9.159186664224216632e-05 4.854576561163387316e-02 9.144947416552354788e-05 1.223241590214067288e-02 0.000000000000000000e+00 5.188211986131748693e-02 2.567394094993581655e-04 4.231311706629055369e-03 0.000000000000000000e+00 5.276721070069947082e-03 1.454545454545454566e-04 6.365372374283895110e-04 0.000000000000000000e+00 1.480843061976024402e-02 0.000000000000000000e+00 1.323101349563376647e-03 0.000000000000000000e+00 1.461115475255302457e-02 0.000000000000000000e+00 7.130124777183600299e-03 0.000000000000000000e+00 3.286770747740344958e-03 4.990019960079839900e-04 3.831705484598046246e-02 0.000000000000000000e+00 0.000000000000000000e+00 0.000000000000000000e+00 1.481481481481481408e-03 1.235330450895614661e-03 4.878048780487804874e-03 0.000000000000000000e+00 2.770083102493074798e-03 0.000000000000000000e+00 8.487654320987653850e-03 2.936857562408223040e-03 4.965243296921549240e-03 0.000000000000000000e+00 0.000000000000000000e+00 0.000000000000000000e+00 0.000000000000000000e+00 1.004016064257028020e-03 4.098360655737705131e-03 0.000000000000000000e+00 0.000000000000000000e+00 2.724795640326975379e-03
7.812500000000000000e-03 0.000000000000000000e+00 2.400309717382888113e-03 5.879671832269826870e-02 0.000000000000000000e+00 4.391743522178304972e-04 3.142833512529980954e-03 8.830890239542367459e-02 0.000000000000000000e+00 1.039861351819757352e-03 1.330039901197035924e-03 8.166797797010227900e-02 1.062134891131173660e-04 2.225038726939867692e-02 0.000000000000000000e+00 1.249219237976264760e-03 2.700049091801669070e-03 8.920081503282771551e-02 1.841701381276035845e-02 7.729061270376616499e-02 0.000000000000000000e+00 0.000000000000000000e+00 4.901480247034604521e-04 3.838280450358239320e-04 0.000000000000000000e+00 0.000000000000000000e+00 0.000000000000000000e+00 0.000000000000000000e+00 4.778591908251035147e-04 3.211868068558260125e-02 6.104074469708530015e-04 1.602050624799743618e-04 9.384426321081443950e-03 5.878384889659824496e-03 6.811989100817438447e-04 0.000000000000000000e+00 0.000000000000000000e+00 6.513495427169306573e-02 0.000000000000000000e+00 3.688092729188619662e-03 0.000000000000000000e+00 1.694915254237288130e-02 0.000000000000000000e+00 0.000000000000000000e+00 0.000000000000000000e+00 0.000000000000000000e+00 0.000000000000000000e+00 1.052742393936203873e-04 0.000000000000000000e+00 1.360667634252539894e-03 8.761170492377782300e-05 3.903760356915232654e-03 0.000000000000000000e+00 1.946282600233553803e-04 0.000000000000000000e+00 5.739885202295954419e-03 2.374561222382820351e-03 2.819998175348964464e-01 1.358695652173913060e-04 1.958836053938963970e-02 1.158345882080389196e-04 2.568022011617242598e-02 0.000000000000000000e+00 2.897617514488087451e-02 1.821161901293024820e-04 1.405332563288093188e-02 1.639202829781727247e-03 2.798957629572434904e-03 1.870503597122302047e-02 5.954323001631321027e-02 5.037581960658883348e-03 3.095805092507785197e-02 8.554319931565440138e-04 4.663923182441701010e-02 0.000000000000000000e+00 1.962264150943396346e-02 1.485884101040118796e-03 5.365853658536585274e-02 0.000000000000000000e+00 0.000000000000000000e+00 0.000000000000000000e+00 2.909090909090908915e-03 0.000000000000000000e+00 1.412928293889085087e-03 7.835148476063620983e-05 9.291298218633859199e-03 0.000000000000000000e+00 8.319467554076539302e-04 0.000000000000000000e+00 1.408450704225352144e-02 5.941770647653000972e-04 4.741209008297116168e-03 0.000000000000000000e+00 4.491017964071856126e-03 2.253944402704733188e-03 2.597402597402597574e-02 0.000000000000000000e+00 0.000000000000000000e+00 0.000000000000000000e+00 4.323656578134650770e-03 0.000000000000000000e+00 0.000000000000000000e+00 2.077562326869806207e-03 1.252609603340292237e-03 2.314814814814814686e-03 2.055800293685756258e-02 0.000000000000000000e+00 3.610108303249097601e-03 0.000000000000000000e+00 0.000000000000000000e+00 0.000000000000000000e+00 0.000000000000000000e+00 0.000000000000000000e+00 2.222222222222222220e-03 0.000000000000000000e+00 8.174386920980925703e-03
4.847077042198993241e-02 2.400309717382888113e-03 0.000000000000000000e+00 7.444545730780917879e-03 1.113047808764940222e-01 1.976284584980237020e-03 3.295839880903150831e-01 1.051126206649982166e-02 1.374841168996188134e-01 3.466204506065857695e-03 3.306099182975489464e-02 1.573564122738001572e-03 4.726500265533722933e-02 5.773834671173073974e-03 5.304254173397953548e-02 2.082032063293774889e-03 9.327442317133038605e-03 9.055920307901290040e-04 9.044069283051962838e-02 7.307476110174255385e-03 2.090956612650287424e-03 0.000000000000000000e+00 1.809626507205175927e-01 1.305015353121801412e-02 1.846965699208443293e-02 4.953324442751000194e-03 8.837707552222818022e-03 6.651147322913202086e-04 2.389295954125517790e-02 2.016419415238369494e-03 1.556538989775675327e-02 1.714194168535725787e-02 4.021896994749189769e-03 7.131155439915197285e-03 6.811989100817438447e-04 0.000000000000000000e+00 1.008230452674897110e-02 0.000000000000000000e+00 0.000000000000000000e+00 0.000000000000000000e+00 4.440497335701598311e-03 0.000000000000000000e+00 1.184413123297406158e-04 0.000000000000000000e+00 1.225640397107488773e-04 0.000000000000000000e+00 2.023472278429785530e-04 0.000000000000000000e+00 1.930998970133882692e-03 0.000000000000000000e+00 5.169090590502890825e-03 0.000000000000000000e+00 2.203452074917370759e-03 0.000000000000000000e+00 5.451571869889151271e-04 0.000000000000000000e+00 3.923188106545529540e-03 9.123255177447312739e-05 7.608695652173913353e-03 1.419446415897799966e-04 3.011699293409011990e-03 0.000000000000000000e+00 1.027900146842878129e-03 0.000000000000000000e+00 6.556182844654890110e-03 0.000000000000000000e+00 7.592097316883789082e-03 9.651578033008396268e-05 2.398081534772182090e-03 5.437737901033169730e-04 4.509835279066048280e-02 2.747755999267265017e-03 9.217279726261762285e-02 1.737540009144947478e-03 2.446483180428134577e-02 0.000000000000000000e+00 7.070331847449232154e-02 2.053915275994865324e-03 0.000000000000000000e+00 0.000000000000000000e+00 1.595287765369984108e-03 1.454545454545454566e-04 3.182686187141947555e-04 0.000000000000000000e+00 3.682519783749902201e-03 1.281558374983980469e-04 0.000000000000000000e+00 0.000000000000000000e+00 6.127258444619010022e-03 0.000000000000000000e+00 5.941770647653000538e-03 0.000000000000000000e+00 1.643385373870172479e-03 4.990019960079839900e-04 2.779864763335837888e-02 0.000000000000000000e+00 0.000000000000000000e+00 1.490312965722801787e-03 7.407407407407407040e-04 6.176652254478073303e-04 0.000000000000000000e+00 0.000000000000000000e+00 6.925207756232686996e-04 4.175365344467641153e-04 4.629629629629629373e-03 1.468428781204111520e-03 1.986097318768619609e-03 0.000000000000000000e+00 0.000000000000000000e+00 0.000000000000000000e+00 0.000000000000000000e+00 0.000000000000000000e+00 0.000000000000000000e+00 0.000000000000000000e+00 0.000000000000000000e+00 0.000000000000000000e+00
1.367365542388331891e-03 5.879671832269826870e-02 7.444545730780917879e-03 0.000000000000000000e+00 3.735059760956175451e-03 6.741326306543697633e-02 6.616491605326275602e-03 2.886664283160529365e-01 2.033036848792884287e-03 1.906412478336221711e-02 1.900057001710051289e-03 5.177025963808025433e-02 4.992033988316516187e-03 3.999436699056471006e-02 2.154011847065158847e-03 2.935665209244222446e-02 1.227295041728031395e-03 2.897894498528412813e-02 6.687130015347511787e-03 1.105489975641746336e-01 5.227391531625718559e-04 0.000000000000000000e+00 2.127242427213018455e-02 1.939611054247697142e-01 2.968337730870712187e-03 3.048199657077538607e-02 8.034279592929833777e-04 5.320917858330561669e-03 1.115004778591908345e-03 5.041048538095924125e-02 1.877002899435373240e-02 2.755527074655559142e-02 6.703161657915316859e-03 1.204587067553242706e-02 0.000000000000000000e+00 1.603849238171611846e-03 0.000000000000000000e+00 2.520633504349765672e-02 0.000000000000000000e+00 5.268703898840884766e-04 0.000000000000000000e+00 9.416195856873822365e-03 0.000000000000000000e+00 9.723842862699338843e-05 0.000000000000000000e+00 1.239464551313832332e-04 0.000000000000000000e+00 1.052742393936203873e-04 0.000000000000000000e+00 1.179245283018867880e-03 0.000000000000000000e+00 2.708731676226895906e-03 0.000000000000000000e+00 0.000000000000000000e+00 0.000000000000000000e+00 5.599888002239955531e-04 0.000000000000000000e+00 1.240762704132834619e-02 0.000000000000000000e+00 1.973030518097941902e-02 0.000000000000000000e+00 3.210027514521553247e-03 0.000000000000000000e+00 5.151320025756600226e-04 0.000000000000000000e+00 4.524015785927423122e-03 8.627383314640669609e-04 9.362030692018144529e-03 1.199040767386091045e-03 8.428493746601413081e-03 4.797697105389413415e-03 4.075838065579776709e-02 1.710863986313088028e-03 7.434842249657064306e-02 0.000000000000000000e+00 2.641509433962264258e-02 6.191183754333828317e-04 8.177150192554556718e-02 0.000000000000000000e+00 0.000000000000000000e+00 1.227144434899987712e-04 8.727272727272727395e-04 0.000000000000000000e+00 3.532320734722712717e-04 0.000000000000000000e+00 8.970908624887863553e-04 0.000000000000000000e+00 0.000000000000000000e+00 0.000000000000000000e+00 1.784037558685446032e-03 5.941770647653000972e-04 6.321612011062820689e-03 8.216926869350862396e-04 4.990019960079840333e-03 6.010518407212622413e-03 1.038961038961038960e-02 0.000000000000000000e+00 4.470938897168405361e-03 7.407407407407407040e-04 4.941321803582458642e-03 0.000000000000000000e+00 2.985074626865671672e-03 6.925207756232686996e-04 4.592901878914404726e-03 7.716049382716048954e-04 1.138032305433186488e-02 0.000000000000000000e+00 1.805054151624548801e-03 0.000000000000000000e+00 0.000000000000000000e+00 0.000000000000000000e+00 0.000000000000000000e+00 0.000000000000000000e+00 2.222222222222222220e-03 7.518796992481202590e-03 5.449591280653950758e-03
7.470119521912350468e-04 0.000000000000000000e+00 1.113047808764940222e-01 3.735059760956175451e-03 0.000000000000000000e+00 1.756697408871321989e-03 5.789430154660490935e-03 3.575259206292456110e-04 3.214739517153748505e-01 6.932409012131716041e-04 1.140034201026030730e-03 0.000000000000000000e+00 5.841741901221455223e-03 5.633009435290803639e-04 1.103931071620893878e-01 4.164064126587549560e-04 0.000000000000000000e+00 0.000000000000000000e+00 1.096250822188116691e-04 0.000000000000000000e+00 2.300052273915316123e-02 0.000000000000000000e+00 5.391628271738065081e-03 3.966223132036847225e-03 3.957783641160950161e-02 1.562202324252238463e-02 1.507766470273165516e-01 1.662786830728300684e-03 1.401720293086970368e-02 0.000000000000000000e+00 5.798870746223103514e-03 7.209227811598846632e-03 1.117193609652552774e-04 0.000000000000000000e+00 0.000000000000000000e+00 0.000000000000000000e+00 0.000000000000000000e+00 0.000000000000000000e+00 0.000000000000000000e+00 0.000000000000000000e+00 0.000000000000000000e+00 0.000000000000000000e+00 0.000000000000000000e+00 0.000000000000000000e+00 0.000000000000000000e+00 0.000000000000000000e+00 4.046944556859571060e-04 0.000000000000000000e+00 0.000000000000000000e+00 0.000000000000000000e+00 0.000000000000000000e+00 0.000000000000000000e+00 0.000000000000000000e+00 0.000000000000000000e+00 1.817190623296383847e-04 0.000000000000000000e+00 0.000000000000000000e+00 0.000000000000000000e+00 0.000000000000000000e+00 0.000000000000000000e+00 2.316691764160778392e-04 0.000000000000000000e+00 0.000000000000000000e+00 0.000000000000000000e+00 1.821161901293024820e-04 0.000000000000000000e+00 0.000000000000000000e+00 0.000000000000000000e+00 2.398081534772182307e-04 0.000000000000000000e+00 2.926595234287542036e-02 1.282286132991390356e-03 2.427288280581693658e-02 9.144947416552354788e-05 6.116207951070336442e-03 0.000000000000000000e+00 2.600297176820207893e-03 0.000000000000000000e+00 0.000000000000000000e+00 0.000000000000000000e+00 1.227144434899987712e-04 0.000000000000000000e+00 0.000000000000000000e+00 0.000000000000000000e+00 7.835148476063621796e-04 0.000000000000000000e+00 2.646202699126752969e-04 0.000000000000000000e+00 1.571091908876669229e-04 0.000000000000000000e+00 0.000000000000000000e+00 0.000000000000000000e+00 0.000000000000000000e+00 0.000000000000000000e+00 0.000000000000000000e+00 0.000000000000000000e+00 0.000000000000000000e+00 0.000000000000000000e+00 0.000000000000000000e+00 0.000000000000000000e+00 0.000000000000000000e+00 0.000000000000000000e+00 0.000000000000000000e+00 0.000000000000000000e+00 0.000000000000000000e+00 0.000000000000000000e+00 0.000000000000000000e+00 0.000000000000000000e+00 0.000000000000000000e+00 0.000000000000000000e+00 0.000000000000000000e+00 0.000000000000000000e+00 0.000000000000000000e+00 0.000000000000000000e+00 0.000000000000000000e+00 0.000000000000000000e+00
0.000000000000000000e+00 4.391743522178304972e-04 1.976284584980237020e-03 6.741326306543697633e-02 1.756697408871321989e-03 0.000000000000000000e+00 2.481184351997353242e-04 3.146228101537361464e-03 0.000000000000000000e+00 4.048526863084921934e-01 0.000000000000000000e+00 0.000000000000000000e+00 1.062134891131173660e-04 1.549077594704971082e-03 2.692514808831448559e-04 1.369977097647303854e-01 0.000000000000000000e+00 4.527960153950645020e-04 1.096250822188116691e-04 9.368559115608019133e-05 2.613695765812859388e-03 2.439024390243902524e-02 2.940888148220762496e-03 1.624872057318321392e-02 9.234828496042216464e-03 1.143074871404076986e-01 1.071237279057311170e-03 1.020951114067176618e-01 0.000000000000000000e+00 2.707763214748667643e-02 1.098733404547535403e-02 1.265619993591797499e-02 0.000000000000000000e+00 6.745687578298158920e-04 0.000000000000000000e+00 0.000000000000000000e+00 0.000000000000000000e+00 4.461298237787196335e-04 0.000000000000000000e+00 0.000000000000000000e+00 0.000000000000000000e+00 0.000000000000000000e+00 0.000000000000000000e+00 2.917152858809801382e-04 0.000000000000000000e+00 1.239464551313832332e-04 0.000000000000000000e+00 6.316454363617222695e-04 0.000000000000000000e+00 9.071117561683599386e-05 0.000000000000000000e+00 1.593371574251115303e-04 0.000000000000000000e+00 0.000000000000000000e+00 0.000000000000000000e+00 1.399972000559988883e-04 0.000000000000000000e+00 9.123255177447312739e-05 0.000000000000000000e+00 0.000000000000000000e+00 0.000000000000000000e+00 0.000000000000000000e+00 0.000000000000000000e+00 2.575660012878300113e-04 0.000000000000000000e+00 2.887669650591972483e-04 0.000000000000000000e+00 1.930315606601679254e-04 0.000000000000000000e+00 0.000000000000000000e+00 9.595394210778826613e-04 3.599560359040117341e-02 0.000000000000000000e+00 3.246456332876086065e-02 0.000000000000000000e+00 6.792452830188679125e-03 0.000000000000000000e+00 5.263157894736841987e-03 0.000000000000000000e+00 0.000000000000000000e+00 0.000000000000000000e+00 2.909090909090909132e-04 0.000000000000000000e+00 1.059696220416813869e-03 0.000000000000000000e+00 8.330129437395872912e-04 0.000000000000000000e+00 0.000000000000000000e+00 0.000000000000000000e+00 3.755868544600938987e-04 0.000000000000000000e+00 1.185302252074279042e-03 0.000000000000000000e+00 0.000000000000000000e+00 0.000000000000000000e+00 0.000000000000000000e+00 0.000000000000000000e+00 0.000000000000000000e+00 0.000000000000000000e+00 0.000000000000000000e+00 0.000000000000000000e+00 0.000000000000000000e+00 0.000000000000000000e+00 0.000000000000000000e+00 0.000000000000000000e+00 7.342143906020557600e-04 0.000000000000000000e+00 0.000000000000000000e+00 0.000000000000000000e+00 0.000000000000000000e+00 0.000000000000000000e+00 0.000000000000000000e+00 0.000000000000000000e+00 0.000000000000000000e+00 0.000000000000000000e+00 0.000000000000000000e+00
8.345050037217764671e-02 3.142833512529980954e-03 3.295839880903150831e-01 6.616491605326275602e-03 5.789430154660490935e-03 2.481184351997353242e-04 0.000000000000000000e+00 1.158383982838755849e-02 8.792884371029224821e-02 6.932409012131716041e-04 7.068212046361391221e-02 4.563335955940204559e-03 2.590546999468932299e-01 5.210533727643993501e-03 2.073236402800215233e-02 1.249219237976264760e-03 6.627393225331369535e-03 1.584786053882725892e-03 2.345976759482569507e-02 9.649615889076260805e-03 0.000000000000000000e+00 0.000000000000000000e+00 1.774335849426526834e-02 7.420675537359262830e-03 1.978891820580475081e-03 1.905124785673461738e-04 8.034279592929833777e-04 0.000000000000000000e+00 1.879579483912073926e-02 2.016419415238369494e-03 4.730657714024110762e-03 8.010253123998717709e-03 8.937548877220422190e-04 8.865760817191866566e-03 0.000000000000000000e+00 0.000000000000000000e+00 6.790123456790123427e-03 0.000000000000000000e+00 8.620689655172413673e-04 0.000000000000000000e+00 1.776198934280639498e-03 0.000000000000000000e+00 1.184413123297406158e-04 0.000000000000000000e+00 4.902561588429955094e-04 0.000000000000000000e+00 2.023472278429785530e-04 0.000000000000000000e+00 1.287332646755921794e-03 0.000000000000000000e+00 4.643420360960224050e-03 0.000000000000000000e+00 3.672420124862284057e-04 0.000000000000000000e+00 3.452662184263129066e-03 0.000000000000000000e+00 5.471814990708238728e-03 9.123255177447312739e-05 7.201086956521739191e-03 2.838892831795599933e-04 9.961774585891347220e-03 0.000000000000000000e+00 2.055800293685756258e-03 0.000000000000000000e+00 8.559460936077217114e-03 0.000000000000000000e+00 1.639202829781727247e-03 0.000000000000000000e+00 1.438848920863309384e-03 2.718868950516584865e-04 7.540380617303693578e-02 3.846858398974171284e-03 4.138152266894781772e-02 2.560585276634659395e-03 1.834862385321101019e-02 7.547169811320754342e-04 4.829123328380386521e-02 1.668806161745827995e-03 4.231311706629055369e-03 0.000000000000000000e+00 2.699717756779972805e-03 0.000000000000000000e+00 3.182686187141947555e-04 0.000000000000000000e+00 9.872287079840162682e-03 0.000000000000000000e+00 7.938608097380259448e-04 0.000000000000000000e+00 1.963864886095836523e-02 9.389671361502347467e-05 1.188354129530600194e-03 0.000000000000000000e+00 8.216926869350862396e-04 4.990019960079839900e-04 9.015777610818932752e-03 0.000000000000000000e+00 0.000000000000000000e+00 1.490312965722801787e-03 0.000000000000000000e+00 0.000000000000000000e+00 2.439024390243902437e-03 0.000000000000000000e+00 6.925207756232686996e-04 0.000000000000000000e+00 1.543209876543209791e-03 7.342143906020557600e-04 9.930486593843098047e-04 0.000000000000000000e+00 0.000000000000000000e+00 0.000000000000000000e+00 0.000000000000000000e+00 0.000000000000000000e+00 0.000000000000000000e+00 0.000000000000000000e+00 0.000000000000000000e+00 0.000000000000000000e+00
1.072577761887736833e-03 8.830890239542367459e-02 1.051126206649982166e-02 2.886664283160529365e-01 3.575259206292456110e-04 3.146228101537361464e-03 1.158383982838755849e-02 0.000000000000000000e+00 2.287166454891994931e-03 5.580589254766030877e-02 6.270188105643169016e-03 2.204563335955940229e-01 8.603292618162505789e-03 2.747500352063089735e-01 2.692514808831448559e-04 3.768478034561732054e-02 0.000000000000000000e+00 1.290468643875933817e-02 1.567638675729006795e-02 1.817500468427955818e-02 0.000000000000000000e+00 0.000000000000000000e+00 2.558572688952063384e-02 2.111054247697031691e-02 1.649076517150395828e-03 1.905124785673461738e-04 2.678093197643277926e-04 3.325573661456601043e-04 1.433577572475310544e-03 3.643957943252196241e-02 1.251335266290248827e-02 1.345722524831784693e-02 8.602390794324656087e-03 5.589283993447046427e-03 0.000000000000000000e+00 0.000000000000000000e+00 4.115226337448559587e-04 9.368726299353112574e-03 0.000000000000000000e+00 1.053740779768176953e-03 0.000000000000000000e+00 3.766478342749529033e-03 0.000000000000000000e+00 2.917152858809801382e-04 0.000000000000000000e+00 1.239464551313832332e-04 0.000000000000000000e+00 1.052742393936203873e-04 0.000000000000000000e+00 1.269956458635703887e-03 2.628351147713334419e-04 3.744423199490121233e-03 0.000000000000000000e+00 1.946282600233553803e-04 0.000000000000000000e+00 5.319893602127957755e-03 4.129671691100557439e-04 2.034485904570750708e-02 0.000000000000000000e+00 5.535841022001419462e-03 2.316691764160778392e-04 2.292876796086823488e-02 0.000000000000000000e+00 6.181584030907919837e-03 0.000000000000000000e+00 1.491962652805852406e-02 4.313691657320334804e-04 1.447736704951259508e-03 2.158273381294963968e-03 5.437737901033169730e-04 1.151447305293459150e-02 7.565488184649203640e-02 4.597946963216424481e-03 4.288980338363054118e-02 0.000000000000000000e+00 6.792452830188679125e-03 4.457652303120356388e-03 4.698331193838254510e-02 0.000000000000000000e+00 0.000000000000000000e+00 0.000000000000000000e+00 4.945454545454545416e-03 0.000000000000000000e+00 3.532320734722712717e-04 7.835148476063620983e-05 1.185441496860181916e-02 0.000000000000000000e+00 1.247920133111480841e-03 0.000000000000000000e+00 1.596244131455399132e-02 5.941770647653000972e-04 3.160806005531410345e-03 8.216926869350862396e-04 9.980039920159679799e-04 2.253944402704733188e-03 5.194805194805194801e-03 0.000000000000000000e+00 0.000000000000000000e+00 7.407407407407407040e-04 6.176652254478073303e-04 0.000000000000000000e+00 2.985074626865671672e-03 6.925207756232686996e-04 1.252609603340292237e-03 1.543209876543209791e-03 3.671071953010278908e-03 0.000000000000000000e+00 0.000000000000000000e+00 0.000000000000000000e+00 0.000000000000000000e+00 0.000000000000000000e+00 0.000000000000000000e+00 0.000000000000000000e+00 0.000000000000000000e+00 0.000000000000000000e+00 0.000000000000000000e+00
1.778907242693773859e-03 0.000000000000000000e+00 1.374841168996188134e-01 2.033036848792884287e-03 3.214739517153748505e-01 0.000000000000000000e+00 8.792884371029224821e-02 2.287166454891994931e-03 0.000000000000000000e+00 0.000000000000000000e+00 3.610108303249097601e-03 0.000000000000000000e+00 4.885820499203398504e-02 1.408252358822700910e-04 1.704361873990306864e-01 8.328128253175099121e-04 7.363770250368188372e-04 0.000000000000000000e+00 2.192501644376233382e-04 9.368559115608019133e-05 2.090956612650287424e-03 0.000000000000000000e+00 1.470444074110381248e-03 1.407369498464687823e-03 3.298153034300791656e-03 1.905124785673461630e-03 1.151580074986609595e-02 3.325573661456601043e-04 1.799936285441223333e-02 4.320898746939363434e-04 2.136426064397985505e-03 2.563280999679589788e-03 0.000000000000000000e+00 0.000000000000000000e+00 0.000000000000000000e+00 0.000000000000000000e+00 0.000000000000000000e+00 0.000000000000000000e+00 0.000000000000000000e+00 0.000000000000000000e+00 0.000000000000000000e+00 0.000000000000000000e+00 1.184413123297406158e-04 0.000000000000000000e+00 0.000000000000000000e+00 0.000000000000000000e+00 2.023472278429785530e-04 0.000000000000000000e+00 0.000000000000000000e+00 0.000000000000000000e+00 0.000000000000000000e+00 0.000000000000000000e+00 3.672420124862284057e-04 0.000000000000000000e+00 0.000000000000000000e+00 0.000000000000000000e+00 2.064835845550278719e-04 0.000000000000000000e+00 0.000000000000000000e+00 0.000000000000000000e+00 3.475037646241167723e-04 0.000000000000000000e+00 0.000000000000000000e+00 0.000000000000000000e+00 3.642323802586049639e-04 0.000000000000000000e+00 0.000000000000000000e+00 0.000000000000000000e+00 4.796163069544364613e-04 0.000000000000000000e+00 1.527266911882296449e-02 1.831837332844843326e-04 1.636013686911890613e-02 1.828989483310470958e-04 9.174311926605505096e-03 0.000000000000000000e+00 3.219415552253590725e-03 1.283697047496790828e-04 0.000000000000000000e+00 0.000000000000000000e+00 0.000000000000000000e+00 0.000000000000000000e+00 0.000000000000000000e+00 0.000000000000000000e+00 7.835148476063620983e-05 0.000000000000000000e+00 2.646202699126752969e-04 0.000000000000000000e+00 3.142183817753338459e-04 0.000000000000000000e+00 0.000000000000000000e+00 0.000000000000000000e+00 0.000000000000000000e+00 0.000000000000000000e+00 1.502629601803155603e-03 0.000000000000000000e+00 0.000000000000000000e+00 0.000000000000000000e+00 0.000000000000000000e+00 0.000000000000000000e+00 0.000000000000000000e+00 0.000000000000000000e+00 0.000000000000000000e+00 0.000000000000000000e+00 0.000000000000000000e+00 0.000000000000000000e+00 0.000000000000000000e+00 0.000000000000000000e+00 0.000000000000000000e+00 0.000000000000000000e+00 0.000000000000000000e+00 0.000000000000000000e+00 0.000000000000000000e+00 0.000000000000000000e+00 0.000000000000000000e+00 0.000000000000000000e+00
0.000000000000000000e+00 1.039861351819757352e-03 3.466204506065857695e-03 1.906412478336221711e-02 6.932409012131716041e-04 4.048526863084921934e-01 6.932409012131716041e-04 5.580589254766030877e-02 0.000000000000000000e+00 0.000000000000000000e+00 0.000000000000000000e+00 3.147128245476003144e-04 1.062134891131173660e-04 1.534995071116744200e-02 0.000000000000000000e+00 1.721840516343951799e-01 0.000000000000000000e+00 6.791940230925967801e-04 1.096250822188116691e-04 0.000000000000000000e+00 0.000000000000000000e+00 0.000000000000000000e+00 1.274384864228997110e-03 1.407369498464687823e-03 1.649076517150395828e-03 1.162126119260811601e-02 5.356186395286555851e-04 8.313934153641502553e-03 0.000000000000000000e+00 8.353737577416102747e-03 2.289027926140698756e-03 2.082665812239666622e-03 0.000000000000000000e+00 2.891008962127782859e-04 0.000000000000000000e+00 0.000000000000000000e+00 0.000000000000000000e+00 1.115324559446799002e-03 0.000000000000000000e+00 0.000000000000000000e+00 0.000000000000000000e+00 3.766478342749529033e-03 0.000000000000000000e+00 0.000000000000000000e+00 0.000000000000000000e+00 0.000000000000000000e+00 0.000000000000000000e+00 2.105484787872407746e-04 0.000000000000000000e+00 9.071117561683599386e-05 0.000000000000000000e+00 7.966857871255576514e-05 0.000000000000000000e+00 1.946282600233553803e-04 0.000000000000000000e+00 0.000000000000000000e+00 0.000000000000000000e+00 2.736976553234193822e-04 0.000000000000000000e+00 2.838892831795599933e-04 0.000000000000000000e+00 0.000000000000000000e+00 0.000000000000000000e+00 1.287830006439150056e-04 0.000000000000000000e+00 0.000000000000000000e+00 8.627383314640670151e-05 9.651578033008396268e-05 0.000000000000000000e+00 0.000000000000000000e+00 4.797697105389413306e-04 9.891921597362154234e-03 0.000000000000000000e+00 1.197988111568358549e-02 0.000000000000000000e+00 4.528301886792453039e-03 0.000000000000000000e+00 5.391527599486521313e-03 0.000000000000000000e+00 0.000000000000000000e+00 0.000000000000000000e+00 4.363636363636363698e-04 0.000000000000000000e+00 3.532320734722712717e-04 0.000000000000000000e+00 6.407791874919902073e-04 0.000000000000000000e+00 0.000000000000000000e+00 0.000000000000000000e+00 3.755868544600938987e-04 0.000000000000000000e+00 3.951007506914262931e-04 0.000000000000000000e+00 0.000000000000000000e+00 0.000000000000000000e+00 2.597402597402597400e-03 0.000000000000000000e+00 0.000000000000000000e+00 0.000000000000000000e+00 0.000000000000000000e+00 0.000000000000000000e+00 0.000000000000000000e+00 0.000000000000000000e+00 4.175365344467641153e-04 0.000000000000000000e+00 3.671071953010278800e-04 0.000000000000000000e+00 0.000000000000000000e+00 0.000000000000000000e+00 0.000000000000000000e+00 0.000000000000000000e+00 0.000000000000000000e+00 0.000000000000000000e+00 0.000000000000000000e+00 0.000000000000000000e+00 0.000000000000000000e+00
2.528975869276078314e-01 1.330039901197035924e-03 3.306099182975489464e-02 1.900057001710051289e-03 1.140034201026030730e-03 0.000000000000000000e+00 7.068212046361391221e-02 6.270188105643169016e-03 3.610108303249097601e-03 0.000000000000000000e+00 0.000000000000000000e+00 6.294256490952006289e-04 1.166224110462028701e-01 2.816504717645401819e-04 2.961766289714593253e-03 0.000000000000000000e+00 4.982817869415807899e-02 0.000000000000000000e+00 2.028064021048015669e-02 4.777965148960090259e-03 0.000000000000000000e+00 0.000000000000000000e+00 4.117243407509067754e-03 5.117707267144319455e-04 0.000000000000000000e+00 0.000000000000000000e+00 0.000000000000000000e+00 0.000000000000000000e+00 7.120101943294042390e-02 1.440299582313121145e-04 1.678620479169845971e-03 3.204101249599487235e-04 5.250809965366998525e-03 5.782017924255565718e-04 0.000000000000000000e+00 0.000000000000000000e+00 1.028806584362140005e-03 2.230649118893598167e-04 0.000000000000000000e+00 0.000000000000000000e+00 8.880994671403197489e-04 0.000000000000000000e+00 0.000000000000000000e+00 0.000000000000000000e+00 0.000000000000000000e+00 0.000000000000000000e+00 0.000000000000000000e+00 0.000000000000000000e+00 3.861997940267765058e-04 0.000000000000000000e+00 6.132819344664446797e-04 0.000000000000000000e+00 3.672420124862284057e-04 0.000000000000000000e+00 1.817190623296383847e-04 0.000000000000000000e+00 6.710716498038405906e-03 1.824651035489462548e-04 1.086956521739130448e-03 0.000000000000000000e+00 2.258774470056758993e-02 0.000000000000000000e+00 9.251101321585903162e-03 0.000000000000000000e+00 8.195228555818612204e-03 0.000000000000000000e+00 6.901906651712536121e-04 1.930315606601679254e-04 1.438848920863309384e-03 0.000000000000000000e+00 3.758196065888373683e-02 1.099102399706906050e-03 8.019674935842600536e-03 5.486968449931413144e-04 0.000000000000000000e+00 0.000000000000000000e+00 4.952947003467062653e-03 2.567394094993581655e-04 0.000000000000000000e+00 0.000000000000000000e+00 2.454288869799975317e-03 0.000000000000000000e+00 1.591343093570973940e-03 0.000000000000000000e+00 7.208336597978531358e-03 0.000000000000000000e+00 0.000000000000000000e+00 0.000000000000000000e+00 9.269442262372348806e-03 0.000000000000000000e+00 0.000000000000000000e+00 0.000000000000000000e+00 0.000000000000000000e+00 4.990019960079839900e-04 1.502629601803155603e-03 0.000000000000000000e+00 0.000000000000000000e+00 0.000000000000000000e+00 0.000000000000000000e+00 0.000000000000000000e+00 0.000000000000000000e+00 0.000000000000000000e+00 0.000000000000000000e+00 0.000000000000000000e+00 0.000000000000000000e+00 0.000000000000000000e+00 0.000000000000000000e+00 0.000000000000000000e+00 0.000000000000000000e+00 0.000000000000000000e+00 0.000000000000000000e+00 0.000000000000000000e+00 0.000000000000000000e+00 0.000000000000000000e+00 0.000000000000000000e+00 0.000000000000000000e+00
1.573564122738001572e-04 8.166797797010227900e-02 1.573564122738001572e-03 5.177025963808025433e-02 0.000000000000000000e+00 0.000000000000000000e+00 4.563335955940204559e-03 2.204563335955940229e-01 0.000000000000000000e+00 3.147128245476003144e-04 6.294256490952006289e-04 0.000000000000000000e+00 4.248539564524694639e-04 2.015209125475285190e-01 0.000000000000000000e+00 3.955860920258172028e-03 0.000000000000000000e+00 9.440796920987094831e-02 2.959877219907914876e-03 2.529510961214165299e-02 0.000000000000000000e+00 0.000000000000000000e+00 3.725124987746299479e-03 6.908904810644831210e-03 0.000000000000000000e+00 0.000000000000000000e+00 0.000000000000000000e+00 0.000000000000000000e+00 3.185727938834023612e-04 7.403139853089442390e-02 1.526018617427132504e-03 1.602050624799743618e-04 1.564071053513573992e-03 7.612990266936493777e-03 0.000000000000000000e+00 0.000000000000000000e+00 0.000000000000000000e+00 1.784519295114878534e-03 0.000000000000000000e+00 0.000000000000000000e+00 0.000000000000000000e+00 0.000000000000000000e+00 0.000000000000000000e+00 0.000000000000000000e+00 0.000000000000000000e+00 0.000000000000000000e+00 0.000000000000000000e+00 2.105484787872407746e-04 0.000000000000000000e+00 0.000000000000000000e+00 0.000000000000000000e+00 2.390057361376672954e-04 0.000000000000000000e+00 0.000000000000000000e+00 0.000000000000000000e+00 1.959960800783984436e-03 0.000000000000000000e+00 8.758324970349420230e-03 0.000000000000000000e+00 2.413058907026259699e-03 0.000000000000000000e+00 8.407214918985019686e-03 0.000000000000000000e+00 1.802962009014810046e-02 0.000000000000000000e+00 3.561459235730098961e-03 8.627383314640670151e-05 2.895473409902519016e-04 2.398081534772182307e-04 5.437737901033169730e-04 1.519270750039980727e-03 3.114123465836233715e-02 2.138579982891360034e-04 1.207133058984910870e-02 0.000000000000000000e+00 5.283018867924528690e-03 2.476473501733531327e-04 3.979460847240051322e-03 0.000000000000000000e+00 0.000000000000000000e+00 0.000000000000000000e+00 8.145454545454546003e-03 0.000000000000000000e+00 3.532320734722712717e-04 0.000000000000000000e+00 6.087402281173907512e-03 0.000000000000000000e+00 4.159733777038269651e-04 0.000000000000000000e+00 1.061032863849765279e-02 0.000000000000000000e+00 0.000000000000000000e+00 0.000000000000000000e+00 0.000000000000000000e+00 0.000000000000000000e+00 0.000000000000000000e+00 0.000000000000000000e+00 0.000000000000000000e+00 0.000000000000000000e+00 6.176652254478073303e-04 0.000000000000000000e+00 0.000000000000000000e+00 0.000000000000000000e+00 0.000000000000000000e+00 0.000000000000000000e+00 3.671071953010278800e-04 0.000000000000000000e+00 0.000000000000000000e+00 0.000000000000000000e+00 0.000000000000000000e+00 0.000000000000000000e+00 0.000000000000000000e+00 0.000000000000000000e+00 0.000000000000000000e+00 0.000000000000000000e+00 0.000000000000000000e+00
3.802442910249601710e-02 1.062134891131173660e-04 4.726500265533722933e-02 4.992033988316516187e-03 5.841741901221455223e-03 1.062134891131173660e-04 2.590546999468932299e-01 8.603292618162505789e-03 4.885820499203398504e-02 1.062134891131173660e-04 1.166224110462028701e-01 4.248539564524694639e-04 0.000000000000000000e+00 2.675679481763131810e-03 2.407108239095314961e-01 4.164064126587549560e-04 8.100147275405008077e-03 2.263980076975322510e-04 7.564130673098004923e-03 1.780026231965523703e-03 0.000000000000000000e+00 0.000000000000000000e+00 1.823350651896872912e-02 7.164790174002047020e-03 3.298153034300791439e-04 0.000000000000000000e+00 0.000000000000000000e+00 0.000000000000000000e+00 1.705957311245619723e-01 8.641797493878726867e-04 2.594231649626125256e-03 4.485741749439282021e-03 1.117193609652552882e-03 2.505541100510744711e-03 6.811989100817438447e-04 0.000000000000000000e+00 1.234567901234567876e-03 0.000000000000000000e+00 0.000000000000000000e+00 0.000000000000000000e+00 8.880994671403197489e-04 0.000000000000000000e+00 1.184413123297406158e-04 0.000000000000000000e+00 0.000000000000000000e+00 0.000000000000000000e+00 6.070416835289356048e-04 0.000000000000000000e+00 1.287332646755921686e-04 0.000000000000000000e+00 8.761170492377781758e-04 0.000000000000000000e+00 0.000000000000000000e+00 0.000000000000000000e+00 1.090314373977830254e-03 0.000000000000000000e+00 3.406979145157959955e-03 0.000000000000000000e+00 5.434782608695652240e-04 0.000000000000000000e+00 1.181512799721996972e-02 0.000000000000000000e+00 1.101321585903083759e-02 0.000000000000000000e+00 5.827718084137679423e-03 9.625565501973240253e-05 3.450953325856268060e-04 0.000000000000000000e+00 9.592326139088729227e-04 0.000000000000000000e+00 6.205021589636974116e-02 2.472980399340538558e-03 3.528656971770743889e-02 1.005944215820758986e-03 2.446483180428134577e-02 0.000000000000000000e+00 3.107974244675582032e-02 7.702182284980744423e-04 1.410437235543018312e-03 0.000000000000000000e+00 7.240152165909927856e-03 0.000000000000000000e+00 6.365372374283895110e-04 0.000000000000000000e+00 9.167123716994437024e-03 0.000000000000000000e+00 5.292405398253505937e-04 0.000000000000000000e+00 1.523959151610369128e-02 0.000000000000000000e+00 0.000000000000000000e+00 3.951007506914262931e-04 8.216926869350862396e-04 0.000000000000000000e+00 5.259203606311044395e-03 0.000000000000000000e+00 0.000000000000000000e+00 0.000000000000000000e+00 1.481481481481481408e-03 0.000000000000000000e+00 2.439024390243902437e-03 0.000000000000000000e+00 0.000000000000000000e+00 0.000000000000000000e+00 2.314814814814814686e-03 3.671071953010278800e-04 0.000000000000000000e+00 0.000000000000000000e+00 0.000000000000000000e+00 0.000000000000000000e+00 0.000000000000000000e+00 0.000000000000000000e+00 0.000000000000000000e+00 0.000000000000000000e+00 0.000000000000000000e+00 0.000000000000000000e+00
