2.840695099652110200e-01 4.980143338588195467e-01 3.857523955393960535e-01 5.128652272214755392e-01 3.523930495167952870e-01 0.000000000000000000e+00 3.619839804792737703e-01 4.950404165962159486e-01 3.612519802820758907e-01 0.000000000000000000e+00 3.556326877280683862e-01 4.794797147630601164e-01 3.806897650376972475e-01 4.793982999999999439e-01 3.907340942817754681e-01 0.000000000000000000e+00 3.289303241049973958e-01 4.868281356586858233e-01 3.976726524594240142e-01 5.197869511825030653e-01 0.000000000000000000e+00 0.000000000000000000e+00 3.787010597686168434e-01 4.759313207547169466e-01 0.000000000000000000e+00 0.000000000000000000e+00 0.000000000000000000e+00 0.000000000000000000e+00 3.928930631577592369e-01 5.069219056073793750e-01 3.970408837209302155e-01 0.000000000000000000e+00 3.944138836187467412e-01 5.035731112555567046e-01 4.389431352941176590e-01 4.474279042553190311e-01 4.556069363137293937e-01 5.343508175543065786e-01 0.000000000000000000e+00 0.000000000000000000e+00 3.961740609756096987e-01 0.000000000000000000e+00 4.223311052083333350e-01 0.000000000000000000e+00 4.273744224548373660e-01 0.000000000000000000e+00 4.442725274725274898e-01 0.000000000000000000e+00 4.312477137689894047e-01 5.097713636363636613e-01 4.280261535985829258e-01 4.621025866247949754e-01 4.020525503029566683e-01 0.000000000000000000e+00 4.165742720714036285e-01 0.000000000000000000e+00 3.008068587772936286e-01 4.803543723382002750e-01 4.168978530909918656e-01 4.871528743831592956e-01 3.979006441036953556e-01 0.000000000000000000e+00 3.809896867602124981e-01 4.667417611185983861e-01 4.399315278449078548e-01 4.768239767441860844e-01 4.244470489544996950e-01 4.939725909035017626e-01 3.044354642692234658e-01 5.070533154555291189e-01 3.792500097751689836e-01 5.125475158694321465e-01 3.839383964270791649e-01 4.810301125562026492e-01 3.357974038461538080e-01 0.000000000000000000e+00 4.068426452818691974e-01 4.770368912531240402e-01 4.382975018018018809e-01 0.000000000000000000e+00 3.974166375922102978e-01 0.000000000000000000e+00 0.000000000000000000e+00 0.000000000000000000e+00 4.135809619298224105e-01 4.675310970149252898e-01 0.000000000000000000e+00 0.000000000000000000e+00 4.141659855607932039e-01 0.000000000000000000e+00 4.271759434997136617e-01 4.616189823781114976e-01 4.334783750893579368e-01 3.918943577235771691e-01 4.579821251911068147e-01 4.439737999110111577e-01 4.810590164068799801e-01 0.000000000000000000e+00 4.516824629088447840e-01 0.000000000000000000e+00 0.000000000000000000e+00 0.000000000000000000e+00 4.320144977177904910e-01 4.447559297969009839e-01 4.733620236726839847e-01 4.442761819511922283e-01 5.267385523809523518e-01 0.000000000000000000e+00 4.051100789473684460e-01 0.000000000000000000e+00 0.000000000000000000e+00 0.000000000000000000e+00 0.000000000000000000e+00 0.000000000000000000e+00 0.000000000000000000e+00 4.466996831683168190e-01
4.980143338588195467e-01 2.930890714404547071e-01 5.233896411397904735e-01 3.794739225548700023e-01 0.000000000000000000e+00 4.080942318840580230e-01 4.952033373780255765e-01 2.994838760818410717e-01 0.000000000000000000e+00 0.000000000000000000e+00 5.167536611111112066e-01 3.484746608008620905e-01 4.838861200000000862e-01 4.018359629058521620e-01 0.000000000000000000e+00 4.059560116012254638e-01 4.933997375344981173e-01 3.578131960698612279e-01 5.230181471574419927e-01 3.502505928330505447e-01 0.000000000000000000e+00 0.000000000000000000e+00 0.000000000000000000e+00 4.149789733333332786e-01 0.000000000000000000e+00 0.000000000000000000e+00 0.000000000000000000e+00 4.295454791666666328e-01 5.193238633419957617e-01 4.033084345301769513e-01 0.000000000000000000e+00 0.000000000000000000e+00 5.170918457966963144e-01 4.769556003075582362e-01 4.424534426229507766e-01 0.000000000000000000e+00 5.306524985948419815e-01 5.010761623018534783e-01 0.000000000000000000e+00 0.000000000000000000e+00 0.000000000000000000e+00 0.000000000000000000e+00 0.000000000000000000e+00 4.083534802772143535e-01 0.000000000000000000e+00 3.960695763166521277e-01 0.000000000000000000e+00 4.414308110236220273e-01 4.769209280000000217e-01 4.080150218311525134e-01 5.207101083333333102e-01 3.885148208482995247e-01 0.000000000000000000e+00 4.004242777777777818e-01 4.661854739583333185e-01 4.001218829126126364e-01 5.062058777616668115e-01 3.288350613332345351e-01 5.090190940692309596e-01 4.093674211297751442e-01 4.798975598136802079e-01 3.795502343722044203e-01 5.101943297116812159e-01 3.959336052892059032e-01 5.036927235772358236e-01 3.913385262522665609e-01 5.087949705422744051e-01 4.170588990518132033e-01 5.175702278116428579e-01 3.208512541775969118e-01 5.161752610078994552e-01 3.756413924455054287e-01 4.969644665156633390e-01 4.025417235203969102e-01 0.000000000000000000e+00 0.000000000000000000e+00 4.910769684601296592e-01 4.114738878934795507e-01 0.000000000000000000e+00 0.000000000000000000e+00 0.000000000000000000e+00 4.439794976176605901e-01 0.000000000000000000e+00 0.000000000000000000e+00 4.673702818181818541e-01 4.261501218730357476e-01 0.000000000000000000e+00 0.000000000000000000e+00 4.868218072289156595e-01 4.194348370369715973e-01 4.823051940752894340e-01 4.456175249107692249e-01 4.645924166329156169e-01 0.000000000000000000e+00 4.801472620948676884e-01 4.521435226934759077e-01 4.378334325906120261e-01 4.817824811320755019e-01 4.600805911181294339e-01 4.918712668487283390e-01 0.000000000000000000e+00 0.000000000000000000e+00 4.731550143799092001e-01 4.472995903141236962e-01 4.767106840674176782e-01 4.869704363108477985e-01 4.696026541011828481e-01 4.931759611055941961e-01 4.177095215706891906e-01 0.000000000000000000e+00 4.949355333333332885e-01 0.000000000000000000e+00 3.732390081967212891e-01 3.770287238095238469e-01 0.000000000000000000e+00 4.598015007743081473e-01
3.857523955393960535e-01 5.233896411397904735e-01 2.837773555765827349e-01 4.730846406625164313e-01 2.304204101360753099e-01 4.011991891530602983e-01 3.430757150505850395e-01 4.811093192200713298e-01 2.314636832210991424e-01 4.163257021028037852e-01 4.147686967319440532e-01 4.743578282803244672e-01 3.736950616624523103e-01 4.418944774422596256e-01 3.134702365713111227e-01 4.190411463205846454e-01 4.235346817859150237e-01 5.191983415214762587e-01 3.026606751823732178e-01 5.403348107754528673e-01 0.000000000000000000e+00 0.000000000000000000e+00 2.914782414741605709e-01 4.683712809127894561e-01 2.294853071593526417e-01 4.117991009601773000e-01 2.848803595766283281e-01 0.000000000000000000e+00 3.999474069612362070e-01 5.075845003919938758e-01 3.077979291779883164e-01 4.565273301843567055e-01 4.050015099323816536e-01 5.262614505065137394e-01 4.319087382269203301e-01 0.000000000000000000e+00 4.621318538791565622e-01 4.922276571428571001e-01 0.000000000000000000e+00 0.000000000000000000e+00 0.000000000000000000e+00 0.000000000000000000e+00 4.057581051160337182e-01 0.000000000000000000e+00 4.200832942580172702e-01 0.000000000000000000e+00 4.479762083333332923e-01 0.000000000000000000e+00 4.361091746885015774e-01 0.000000000000000000e+00 4.049944253662487448e-01 5.446368394160583382e-01 4.121585246571120020e-01 0.000000000000000000e+00 3.936096631940986246e-01 0.000000000000000000e+00 4.173781083975974249e-01 5.030387397996891607e-01 4.196975827570615936e-01 4.931224147093938859e-01 4.059011695583752410e-01 4.833577679334554178e-01 4.064871990611231278e-01 4.777078030037463785e-01 3.888792688136717968e-01 0.000000000000000000e+00 4.507851187585140695e-01 4.994428737127850626e-01 4.020328311374615771e-01 4.730009347826086841e-01 3.752232985081558336e-01 4.469651431424455090e-01 3.814836552112737533e-01 4.688814487099829953e-01 3.452115008805031748e-01 0.000000000000000000e+00 4.174911755137649672e-01 4.500382843862122395e-01 0.000000000000000000e+00 0.000000000000000000e+00 3.619020648857429467e-01 0.000000000000000000e+00 0.000000000000000000e+00 0.000000000000000000e+00 3.919841270079467699e-01 0.000000000000000000e+00 0.000000000000000000e+00 0.000000000000000000e+00 4.008031135734708705e-01 0.000000000000000000e+00 4.300086422189227098e-01 4.590031057303347595e-01 4.395701526618704946e-01 0.000000000000000000e+00 4.620634164009593259e-01 4.433792013756585604e-01 0.000000000000000000e+00 0.000000000000000000e+00 0.000000000000000000e+00 4.111120416688807122e-01 4.396821439999999415e-01 0.000000000000000000e+00 4.303874262695139841e-01 4.268638928478729611e-01 4.745261427513932651e-01 4.608218648080912860e-01 0.000000000000000000e+00 0.000000000000000000e+00 4.642425108695651947e-01 0.000000000000000000e+00 0.000000000000000000e+00 0.000000000000000000e+00 0.000000000000000000e+00 0.000000000000000000e+00 0.000000000000000000e+00 0.000000000000000000e+00
5.128652272214755392e-01 3.794739225548700023e-01 4.730846406625164313e-01 2.533616478284292373e-01 4.193796786822899803e-01 1.564258193693228716e-01 4.902521413653037619e-01 3.570243046796002240e-01 4.246610424527046956e-01 2.911503354186367742e-01 4.990301679950462366e-01 4.307929648842634407e-01 4.634183606438833092e-01 3.859638327214225950e-01 4.469055186813186697e-01 3.209342435375797664e-01 5.081009086701669952e-01 4.287294743620510551e-01 5.320818839980098192e-01 3.441009923497552747e-01 0.000000000000000000e+00 0.000000000000000000e+00 4.660137016280186395e-01 2.535627281191371041e-01 4.258924791274441568e-01 2.489392148061549404e-01 3.992332373035915039e-01 3.056524843411299597e-01 4.968840661941002490e-01 4.096147439564405413e-01 4.171654949530016476e-01 2.939776159356303209e-01 5.231399191148915495e-01 3.870682360497102459e-01 0.000000000000000000e+00 0.000000000000000000e+00 4.576711320754716650e-01 4.793464334779617975e-01 0.000000000000000000e+00 0.000000000000000000e+00 0.000000000000000000e+00 0.000000000000000000e+00 0.000000000000000000e+00 4.501481392110094903e-01 0.000000000000000000e+00 4.685995291500821835e-01 0.000000000000000000e+00 4.341527752800085072e-01 5.002468134456123927e-01 4.637071969963511009e-01 0.000000000000000000e+00 4.468655334009428715e-01 0.000000000000000000e+00 0.000000000000000000e+00 0.000000000000000000e+00 4.045541117063491954e-01 4.994167370754472590e-01 4.118231292181881442e-01 5.189634648648648874e-01 4.385812143034874544e-01 5.287228363636364836e-01 4.419776365563898857e-01 5.113830223880596604e-01 3.910181562500000263e-01 5.017104777505612123e-01 4.342670338627901416e-01 4.829869872809730569e-01 4.587871275794070947e-01 0.000000000000000000e+00 3.948687801994403279e-01 4.854636161458426580e-01 4.057453094544197780e-01 4.625824824197370955e-01 3.996002460251670274e-01 0.000000000000000000e+00 0.000000000000000000e+00 4.708846976645307270e-01 4.205377722723477318e-01 0.000000000000000000e+00 0.000000000000000000e+00 4.040192838709677492e-01 4.149452612612611890e-01 0.000000000000000000e+00 0.000000000000000000e+00 4.430894755244755845e-01 4.394864460497005521e-01 0.000000000000000000e+00 3.373710108108108341e-01 0.000000000000000000e+00 4.097322670077540585e-01 4.813071970289847235e-01 4.376716892385996149e-01 4.572050445942592023e-01 4.151974955535390199e-01 4.859127190772401517e-01 4.485052446385782154e-01 4.651573313043478319e-01 0.000000000000000000e+00 4.656845571428571695e-01 0.000000000000000000e+00 0.000000000000000000e+00 0.000000000000000000e+00 0.000000000000000000e+00 4.379743671029750485e-01 4.865168111673589535e-01 4.776190913220335621e-01 4.444599318689410050e-01 4.456479310344826916e-01 4.671062768306636359e-01 0.000000000000000000e+00 4.343682552183609213e-01 4.624270067567567977e-01 0.000000000000000000e+00 4.367007174374559764e-01 0.000000000000000000e+00 4.428520190476190610e-01
3.523930495167952870e-01 0.000000000000000000e+00 2.304204101360753099e-01 4.193796786822899803e-01 2.288619913490872460e-01 4.489015834492280921e-01 2.997867661978158016e-01 4.141366707819571502e-01 2.426166125823122910e-01 4.294089156910568805e-01 0.000000000000000000e+00 0.000000000000000000e+00 3.227671529988286880e-01 3.770091267605633623e-01 2.909548597914825563e-01 4.352832697239796267e-01 3.777901492537313333e-01 0.000000000000000000e+00 3.645736365440115923e-01 0.000000000000000000e+00 2.979429631136483736e-01 0.000000000000000000e+00 2.902723555913832021e-01 4.208237793078510314e-01 1.543329806750995958e-01 4.359518191510106666e-01 3.012415958639482749e-01 4.867268115942028350e-01 3.502675776766723259e-01 0.000000000000000000e+00 3.402404928899750436e-01 4.241695467845457701e-01 3.545659239619067260e-01 4.429257207980972222e-01 4.179105943396226874e-01 0.000000000000000000e+00 0.000000000000000000e+00 0.000000000000000000e+00 0.000000000000000000e+00 0.000000000000000000e+00 0.000000000000000000e+00 0.000000000000000000e+00 0.000000000000000000e+00 0.000000000000000000e+00 0.000000000000000000e+00 0.000000000000000000e+00 4.848374761904761243e-01 0.000000000000000000e+00 4.458296846153846360e-01 0.000000000000000000e+00 3.652197536231884256e-01 0.000000000000000000e+00 0.000000000000000000e+00 0.000000000000000000e+00 4.261435405220594941e-01 0.000000000000000000e+00 4.026464262295081920e-01 0.000000000000000000e+00 0.000000000000000000e+00 0.000000000000000000e+00 0.000000000000000000e+00 0.000000000000000000e+00 3.837367779213483043e-01 0.000000000000000000e+00 3.898279128971331997e-01 0.000000000000000000e+00 4.001602921416481107e-01 0.000000000000000000e+00 0.000000000000000000e+00 0.000000000000000000e+00 3.333382451077046005e-01 4.636110986966934244e-01 3.256603042370910250e-01 3.979674888888888873e-01 3.057959583333333398e-01 0.000000000000000000e+00 3.462089588743283430e-01 4.162903609022555740e-01 0.000000000000000000e+00 0.000000000000000000e+00 3.376212265913538513e-01 0.000000000000000000e+00 4.179561434140907639e-01 0.000000000000000000e+00 3.807794760571198145e-01 0.000000000000000000e+00 0.000000000000000000e+00 0.000000000000000000e+00 3.893694534990383427e-01 0.000000000000000000e+00 4.022167777777778119e-01 0.000000000000000000e+00 0.000000000000000000e+00 0.000000000000000000e+00 3.912440470588235408e-01 3.584979512195121676e-01 0.000000000000000000e+00 0.000000000000000000e+00 0.000000000000000000e+00 0.000000000000000000e+00 0.000000000000000000e+00 0.000000000000000000e+00 3.702038560000000533e-01 0.000000000000000000e+00 0.000000000000000000e+00 0.000000000000000000e+00 0.000000000000000000e+00 0.000000000000000000e+00 0.000000000000000000e+00 0.000000000000000000e+00 0.000000000000000000e+00 0.000000000000000000e+00 0.000000000000000000e+00 0.000000000000000000e+00 0.000000000000000000e+00 0.000000000000000000e+00
0.000000000000000000e+00 4.080942318840580230e-01 4.011991891530602983e-01 1.564258193693228716e-01 4.489015834492280921e-01 2.270143297782853675e-01 4.407123702702702706e-01 2.742178414855849233e-01 4.155177999046601456e-01 2.659956365163248515e-01 0.000000000000000000e+00 0.000000000000000000e+00 4.104685037499999356e-01 2.941523703947368507e-01 4.240073379098679429e-01 2.694444766691393434e-01 0.000000000000000000e+00 0.000000000000000000e+00 4.535094283185841513e-01 3.907640407374890490e-01 4.417727053598314302e-01 2.764998157400777035e-01 4.049735804830525421e-01 1.736445544059441459e-01 4.375451305760782450e-01 2.105442809586788588e-01 4.618674852095085992e-01 2.476078170520277510e-01 0.000000000000000000e+00 2.888103645888503435e-01 3.998363296900789288e-01 3.352704387183502721e-01 0.000000000000000000e+00 3.094972001364182379e-01 0.000000000000000000e+00 0.000000000000000000e+00 0.000000000000000000e+00 4.083792724190355994e-01 0.000000000000000000e+00 4.095162355318024971e-01 0.000000000000000000e+00 0.000000000000000000e+00 0.000000000000000000e+00 4.437524068772136787e-01 0.000000000000000000e+00 4.355411510791366569e-01 0.000000000000000000e+00 4.522502485919739357e-01 0.000000000000000000e+00 4.237580251968503520e-01 0.000000000000000000e+00 4.350915861707715937e-01 0.000000000000000000e+00 0.000000000000000000e+00 0.000000000000000000e+00 4.250465324936432143e-01 0.000000000000000000e+00 0.000000000000000000e+00 5.058195730994152761e-01 0.000000000000000000e+00 5.020641502890174079e-01 4.357027962962962686e-01 0.000000000000000000e+00 0.000000000000000000e+00 0.000000000000000000e+00 4.452961206896552393e-01 0.000000000000000000e+00 4.750564416666666068e-01 0.000000000000000000e+00 4.145482635135134264e-01 4.606039265704848784e-01 3.197043160022819408e-01 3.951169363636363729e-01 2.968176026932036748e-01 0.000000000000000000e+00 2.593976223788638236e-01 0.000000000000000000e+00 3.412980057442301374e-01 0.000000000000000000e+00 0.000000000000000000e+00 0.000000000000000000e+00 3.779259469920411840e-01 0.000000000000000000e+00 4.019167868930215159e-01 0.000000000000000000e+00 3.954765510756474423e-01 0.000000000000000000e+00 3.843976773998114549e-01 0.000000000000000000e+00 4.089347751305024703e-01 0.000000000000000000e+00 4.033703565891472720e-01 0.000000000000000000e+00 0.000000000000000000e+00 0.000000000000000000e+00 3.353561746031745172e-01 0.000000000000000000e+00 0.000000000000000000e+00 0.000000000000000000e+00 0.000000000000000000e+00 0.000000000000000000e+00 0.000000000000000000e+00 3.771130923076923547e-01 0.000000000000000000e+00 4.102865694174757105e-01 0.000000000000000000e+00 0.000000000000000000e+00 0.000000000000000000e+00 0.000000000000000000e+00 0.000000000000000000e+00 0.000000000000000000e+00 0.000000000000000000e+00 0.000000000000000000e+00 0.000000000000000000e+00 0.000000000000000000e+00 0.000000000000000000e+00
3.619839804792737703e-01 4.952033373780255765e-01 3.430757150505850395e-01 4.902521413653037619e-01 2.997867661978158016e-01 4.407123702702702706e-01 2.716230556826441100e-01 4.732309818641856625e-01 2.817764054519265593e-01 4.341825462184062956e-01 3.867419116311271998e-01 4.810293930149164288e-01 2.827818265920095109e-01 4.506543175440084203e-01 3.523143937121948621e-01 4.253824574869708997e-01 3.888598880967158444e-01 4.941983862453701581e-01 4.160910912672725059e-01 5.141020673846968814e-01 0.000000000000000000e+00 0.000000000000000000e+00 3.791152243161400870e-01 4.663554557278244417e-01 3.254480602633161301e-01 0.000000000000000000e+00 3.423000285912205509e-01 0.000000000000000000e+00 3.677470634074062605e-01 4.921315139122962035e-01 3.511704069108275150e-01 4.623925777602619913e-01 3.962699520331970371e-01 5.026572472315425921e-01 4.416397105872611473e-01 4.494041010101010869e-01 4.187630522493078211e-01 5.039680322128852197e-01 0.000000000000000000e+00 0.000000000000000000e+00 3.871871896551723480e-01 0.000000000000000000e+00 4.032949099999999509e-01 0.000000000000000000e+00 3.933106752824388486e-01 0.000000000000000000e+00 3.753465327102803450e-01 4.664338693181818152e-01 4.104630872252114648e-01 0.000000000000000000e+00 4.152022891895126300e-01 4.699245974842766738e-01 4.062782555263605988e-01 0.000000000000000000e+00 3.943694033743772587e-01 0.000000000000000000e+00 3.984444811820434529e-01 4.863638854166666969e-01 4.116761909188275670e-01 0.000000000000000000e+00 4.079847773178035819e-01 0.000000000000000000e+00 4.090242613261538263e-01 4.838680714285714113e-01 4.222234275098172285e-01 4.615211582733813600e-01 4.201039998106101958e-01 4.870181845878136517e-01 0.000000000000000000e+00 0.000000000000000000e+00 3.087695310537587612e-01 4.851043382047113273e-01 3.614337168048162297e-01 4.734863764542520115e-01 3.275332070874861223e-01 0.000000000000000000e+00 3.790428013664081663e-01 4.507518454691256116e-01 0.000000000000000000e+00 0.000000000000000000e+00 3.731568746319980923e-01 3.752726691729323383e-01 0.000000000000000000e+00 0.000000000000000000e+00 3.986036183894752782e-01 0.000000000000000000e+00 3.656163851851851332e-01 0.000000000000000000e+00 4.007376885177376113e-01 0.000000000000000000e+00 4.284878595041322624e-01 4.648272222222222250e-01 0.000000000000000000e+00 0.000000000000000000e+00 3.853866211011210963e-01 4.240679619344449591e-01 0.000000000000000000e+00 0.000000000000000000e+00 0.000000000000000000e+00 0.000000000000000000e+00 0.000000000000000000e+00 0.000000000000000000e+00 0.000000000000000000e+00 3.943689253731343380e-01 4.725092536231884077e-01 5.019027928571428987e-01 0.000000000000000000e+00 0.000000000000000000e+00 0.000000000000000000e+00 0.000000000000000000e+00 0.000000000000000000e+00 0.000000000000000000e+00 0.000000000000000000e+00 0.000000000000000000e+00 0.000000000000000000e+00 0.000000000000000000e+00
4.950404165962159486e-01 2.994838760818410717e-01 4.811093192200713298e-01 3.570243046796002240e-01 4.141366707819571502e-01 2.742178414855849233e-01 4.732309818641856625e-01 2.732642014817481813e-01 4.170279070310526914e-01 2.941569378482190578e-01 4.852282852356996634e-01 3.243701215673618909e-01 4.471147863168063452e-01 3.145802579534342502e-01 4.461129262801778461e-01 3.126935906825304978e-01 4.864499241522508011e-01 3.993545191614584211e-01 5.172954876857913664e-01 4.077399285785819338e-01 0.000000000000000000e+00 0.000000000000000000e+00 4.599174464301906129e-01 3.715680901851818874e-01 4.502784406288039554e-01 0.000000000000000000e+00 4.507358535681514899e-01 0.000000000000000000e+00 4.724252626549038103e-01 3.764036615785508189e-01 4.202840603142309339e-01 3.412858049955576067e-01 4.956961048007526016e-01 3.973676431410227416e-01 0.000000000000000000e+00 3.973090202115494574e-01 5.145888116448722460e-01 4.428474639255181589e-01 0.000000000000000000e+00 0.000000000000000000e+00 4.773213859649122481e-01 0.000000000000000000e+00 4.402821702127659442e-01 4.054183856304985345e-01 0.000000000000000000e+00 3.914978965502761143e-01 0.000000000000000000e+00 3.698376935483871919e-01 0.000000000000000000e+00 3.861300494570100161e-01 4.658515669736766895e-01 3.763748026465608687e-01 0.000000000000000000e+00 3.886271306954427462e-01 0.000000000000000000e+00 3.737767997759846028e-01 4.580960756987577653e-01 3.781182135983476300e-01 4.722821761408699803e-01 4.312728256452912912e-01 4.394563953804530576e-01 3.767752835393565758e-01 0.000000000000000000e+00 3.720182072492813075e-01 4.633445267175572702e-01 3.788669598439929342e-01 4.694822297199534589e-01 4.452707171697423139e-01 4.617414166666666264e-01 3.976293487149509254e-01 4.518541031864016233e-01 3.322273091932426703e-01 4.494645437251563735e-01 3.654955649114691174e-01 0.000000000000000000e+00 3.244962093023255889e-01 4.651427240663349449e-01 3.825663634575732219e-01 4.643329302325581720e-01 0.000000000000000000e+00 4.613106811594203660e-01 4.261927269716333511e-01 0.000000000000000000e+00 0.000000000000000000e+00 4.360805277520385381e-01 4.082433772293060370e-01 0.000000000000000000e+00 3.717187569444444506e-01 4.536404700525970002e-01 4.012825131794675593e-01 4.448943792856870361e-01 4.387351407762111744e-01 0.000000000000000000e+00 0.000000000000000000e+00 0.000000000000000000e+00 4.360461391708247980e-01 0.000000000000000000e+00 0.000000000000000000e+00 4.513541384615384344e-01 0.000000000000000000e+00 0.000000000000000000e+00 0.000000000000000000e+00 0.000000000000000000e+00 4.083574686565304424e-01 4.484131276466512550e-01 4.529798587166407597e-01 0.000000000000000000e+00 0.000000000000000000e+00 4.294742818586128053e-01 0.000000000000000000e+00 0.000000000000000000e+00 0.000000000000000000e+00 4.867303783783782922e-01 0.000000000000000000e+00 0.000000000000000000e+00 0.000000000000000000e+00
3.612519802820758907e-01 0.000000000000000000e+00 2.314636832210991424e-01 4.246610424527046956e-01 2.426166125823122910e-01 4.155177999046601456e-01 2.817764054519265593e-01 4.170279070310526914e-01 2.057311317149242147e-01 4.165986049384283740e-01 0.000000000000000000e+00 4.351882233009709000e-01 3.008077745022067484e-01 4.216334255000331876e-01 2.369307370332316420e-01 4.203077179522802798e-01 3.741960856804478763e-01 0.000000000000000000e+00 3.170037912087911858e-01 0.000000000000000000e+00 4.344871049107142391e-01 0.000000000000000000e+00 3.071683190925736939e-01 4.401449321637426748e-01 2.624952038177340574e-01 4.348839612791010611e-01 3.094726650662631418e-01 0.000000000000000000e+00 3.268253403882785957e-01 0.000000000000000000e+00 3.133249713976217210e-01 4.260645212140271587e-01 3.748372952262790658e-01 3.773390470588235401e-01 4.019640943396226018e-01 0.000000000000000000e+00 4.205183167073596184e-01 0.000000000000000000e+00 4.055052625000000188e-01 0.000000000000000000e+00 0.000000000000000000e+00 0.000000000000000000e+00 0.000000000000000000e+00 0.000000000000000000e+00 0.000000000000000000e+00 0.000000000000000000e+00 4.240558425925925468e-01 0.000000000000000000e+00 4.541684000000000276e-01 0.000000000000000000e+00 3.995792900763359135e-01 0.000000000000000000e+00 4.154333937007874122e-01 0.000000000000000000e+00 3.715353579545455087e-01 0.000000000000000000e+00 3.544235840707964380e-01 0.000000000000000000e+00 0.000000000000000000e+00 0.000000000000000000e+00 4.260254466019418040e-01 0.000000000000000000e+00 3.774269074074073083e-01 0.000000000000000000e+00 4.350019772877984359e-01 0.000000000000000000e+00 4.073599035527690759e-01 0.000000000000000000e+00 0.000000000000000000e+00 0.000000000000000000e+00 2.877577483929308899e-01 4.467831034966754378e-01 3.126145044218894276e-01 4.365760306356127884e-01 2.997551890909091465e-01 0.000000000000000000e+00 3.428858718555503060e-01 3.673720831421271593e-01 0.000000000000000000e+00 0.000000000000000000e+00 3.700764761242815726e-01 0.000000000000000000e+00 0.000000000000000000e+00 0.000000000000000000e+00 3.958063210217441230e-01 0.000000000000000000e+00 3.679245368126747850e-01 0.000000000000000000e+00 4.027977848863809607e-01 0.000000000000000000e+00 0.000000000000000000e+00 0.000000000000000000e+00 0.000000000000000000e+00 0.000000000000000000e+00 3.983274355469455519e-01 3.722678241758242135e-01 0.000000000000000000e+00 0.000000000000000000e+00 0.000000000000000000e+00 0.000000000000000000e+00 0.000000000000000000e+00 0.000000000000000000e+00 3.772944117647059059e-01 0.000000000000000000e+00 4.130261717171717639e-01 4.287776893203883444e-01 0.000000000000000000e+00 0.000000000000000000e+00 0.000000000000000000e+00 0.000000000000000000e+00 0.000000000000000000e+00 0.000000000000000000e+00 0.000000000000000000e+00 0.000000000000000000e+00 0.000000000000000000e+00 0.000000000000000000e+00
0.000000000000000000e+00 0.000000000000000000e+00 4.163257021028037852e-01 2.911503354186367742e-01 4.294089156910568805e-01 2.659956365163248515e-01 4.341825462184062956e-01 2.941569378482190578e-01 4.165986049384283740e-01 2.320675803114377878e-01 0.000000000000000000e+00 3.506649084523809079e-01 0.000000000000000000e+00 3.160829456294930173e-01 0.000000000000000000e+00 2.737033515129629890e-01 0.000000000000000000e+00 0.000000000000000000e+00 0.000000000000000000e+00 3.736082236579715832e-01 4.553018285714285351e-01 0.000000000000000000e+00 4.140361379317763491e-01 3.057715259154650256e-01 4.531081315789475261e-01 3.041262357542275918e-01 4.792533893793680111e-01 3.077660919191919642e-01 0.000000000000000000e+00 3.185053101662908559e-01 3.506128157894736752e-01 3.322967472550043544e-01 0.000000000000000000e+00 3.515042260934468366e-01 0.000000000000000000e+00 0.000000000000000000e+00 0.000000000000000000e+00 0.000000000000000000e+00 0.000000000000000000e+00 3.713206627906976975e-01 0.000000000000000000e+00 0.000000000000000000e+00 0.000000000000000000e+00 0.000000000000000000e+00 0.000000000000000000e+00 4.276208896103896873e-01 0.000000000000000000e+00 4.211693597341758522e-01 0.000000000000000000e+00 0.000000000000000000e+00 0.000000000000000000e+00 3.777580401727509418e-01 0.000000000000000000e+00 0.000000000000000000e+00 0.000000000000000000e+00 3.699173015873016279e-01 0.000000000000000000e+00 0.000000000000000000e+00 0.000000000000000000e+00 0.000000000000000000e+00 0.000000000000000000e+00 0.000000000000000000e+00 0.000000000000000000e+00 0.000000000000000000e+00 0.000000000000000000e+00 0.000000000000000000e+00 0.000000000000000000e+00 0.000000000000000000e+00 0.000000000000000000e+00 0.000000000000000000e+00 0.000000000000000000e+00 3.041508455706440350e-01 0.000000000000000000e+00 3.299938930523617087e-01 0.000000000000000000e+00 0.000000000000000000e+00 0.000000000000000000e+00 3.741251316615342160e-01 0.000000000000000000e+00 0.000000000000000000e+00 0.000000000000000000e+00 3.966872652173913383e-01 0.000000000000000000e+00 0.000000000000000000e+00 0.000000000000000000e+00 3.893521676695368972e-01 0.000000000000000000e+00 0.000000000000000000e+00 0.000000000000000000e+00 0.000000000000000000e+00 0.000000000000000000e+00 0.000000000000000000e+00 0.000000000000000000e+00 0.000000000000000000e+00 0.000000000000000000e+00 0.000000000000000000e+00 0.000000000000000000e+00 0.000000000000000000e+00 0.000000000000000000e+00 0.000000000000000000e+00 0.000000000000000000e+00 0.000000000000000000e+00 0.000000000000000000e+00 0.000000000000000000e+00 0.000000000000000000e+00 0.000000000000000000e+00 0.000000000000000000e+00 0.000000000000000000e+00 0.000000000000000000e+00 0.000000000000000000e+00 0.000000000000000000e+00 0.000000000000000000e+00 0.000000000000000000e+00 0.000000000000000000e+00 0.000000000000000000e+00 0.000000000000000000e+00
3.556326877280683862e-01 5.167536611111112066e-01 4.147686967319440532e-01 4.990301679950462366e-01 0.000000000000000000e+00 0.000000000000000000e+00 3.867419116311271998e-01 4.852282852356996634e-01 0.000000000000000000e+00 0.000000000000000000e+00 3.419452311207494266e-01 4.815357240998563437e-01 3.315099381567049863e-01 4.756159326607181104e-01 3.897350412280701781e-01 0.000000000000000000e+00 3.166142831851358475e-01 4.616105681818181705e-01 4.282567728498152260e-01 5.082243559091623730e-01 0.000000000000000000e+00 0.000000000000000000e+00 4.153799469755918294e-01 4.908694398994651875e-01 0.000000000000000000e+00 0.000000000000000000e+00 0.000000000000000000e+00 0.000000000000000000e+00 4.309708532720283314e-01 4.842736878156184699e-01 4.221221673363612648e-01 4.774916004279804449e-01 4.057136575123655442e-01 4.913118833505582539e-01 0.000000000000000000e+00 0.000000000000000000e+00 4.524381994430266007e-01 0.000000000000000000e+00 0.000000000000000000e+00 0.000000000000000000e+00 4.269551310344827932e-01 0.000000000000000000e+00 4.119815461538461898e-01 0.000000000000000000e+00 0.000000000000000000e+00 0.000000000000000000e+00 0.000000000000000000e+00 0.000000000000000000e+00 0.000000000000000000e+00 0.000000000000000000e+00 4.582488389920124083e-01 0.000000000000000000e+00 0.000000000000000000e+00 0.000000000000000000e+00 3.834400824930128127e-01 0.000000000000000000e+00 4.068772311619351933e-01 0.000000000000000000e+00 4.327919305697944807e-01 0.000000000000000000e+00 4.237697947706143276e-01 0.000000000000000000e+00 4.344962088178843107e-01 0.000000000000000000e+00 4.462463347072154196e-01 0.000000000000000000e+00 4.429908320321502835e-01 0.000000000000000000e+00 4.398966800000000399e-01 0.000000000000000000e+00 3.455269424191521055e-01 0.000000000000000000e+00 4.045334211234720700e-01 4.610647714511903472e-01 0.000000000000000000e+00 0.000000000000000000e+00 3.905119632535013485e-01 4.650713444868238566e-01 0.000000000000000000e+00 0.000000000000000000e+00 3.988483553133894688e-01 0.000000000000000000e+00 0.000000000000000000e+00 0.000000000000000000e+00 4.251022575606693277e-01 0.000000000000000000e+00 0.000000000000000000e+00 0.000000000000000000e+00 4.061438977053363764e-01 0.000000000000000000e+00 0.000000000000000000e+00 4.818228707482993256e-01 0.000000000000000000e+00 0.000000000000000000e+00 0.000000000000000000e+00 0.000000000000000000e+00 0.000000000000000000e+00 0.000000000000000000e+00 0.000000000000000000e+00 0.000000000000000000e+00 0.000000000000000000e+00 0.000000000000000000e+00 0.000000000000000000e+00 0.000000000000000000e+00 0.000000000000000000e+00 0.000000000000000000e+00 0.000000000000000000e+00 0.000000000000000000e+00 0.000000000000000000e+00 0.000000000000000000e+00 0.000000000000000000e+00 0.000000000000000000e+00 0.000000000000000000e+00 0.000000000000000000e+00 0.000000000000000000e+00 0.000000000000000000e+00
4.794797147630601164e-01 3.484746608008620905e-01 4.743578282803244672e-01 4.307929648842634407e-01 0.000000000000000000e+00 0.000000000000000000e+00 4.810293930149164288e-01 3.243701215673618909e-01 4.351882233009709000e-01 3.506649084523809079e-01 4.815357240998563437e-01 2.973196931308066948e-01 4.617314157861300283e-01 2.982046735854558261e-01 4.212682090909091737e-01 3.695465500563602790e-01 4.907494967340918501e-01 3.571840154301340609e-01 5.018012198911311339e-01 4.485166065716170714e-01 0.000000000000000000e+00 0.000000000000000000e+00 4.824223261895905779e-01 4.262412899646725872e-01 0.000000000000000000e+00 0.000000000000000000e+00 0.000000000000000000e+00 0.000000000000000000e+00 4.603635644360903889e-01 3.696070986678448023e-01 4.110448291597567638e-01 4.040421320925720594e-01 4.851909801438338277e-01 4.245704651417513409e-01 0.000000000000000000e+00 0.000000000000000000e+00 4.656063766414502147e-01 4.885632459468769451e-01 0.000000000000000000e+00 0.000000000000000000e+00 4.525347456140350610e-01 0.000000000000000000e+00 0.000000000000000000e+00 0.000000000000000000e+00 0.000000000000000000e+00 0.000000000000000000e+00 0.000000000000000000e+00 0.000000000000000000e+00 0.000000000000000000e+00 3.646199498364311453e-01 0.000000000000000000e+00 3.803808341721270359e-01 0.000000000000000000e+00 0.000000000000000000e+00 0.000000000000000000e+00 4.041441326540950452e-01 5.113393035714286494e-01 3.842807250262476049e-01 5.015941697793974141e-01 4.113996801624223987e-01 0.000000000000000000e+00 3.951376665024455281e-01 4.965538870967741714e-01 4.021506479355107522e-01 0.000000000000000000e+00 3.966121494607347531e-01 4.943781568813682692e-01 4.280933604201926923e-01 5.037233295109831976e-01 4.386293234870976554e-01 0.000000000000000000e+00 3.606037797616825635e-01 4.600711234401421157e-01 3.878036061242770005e-01 0.000000000000000000e+00 0.000000000000000000e+00 4.567563188107860439e-01 3.861501304442362392e-01 0.000000000000000000e+00 4.234691178568912306e-01 0.000000000000000000e+00 4.352610342351719286e-01 0.000000000000000000e+00 2.895457333333333327e-01 0.000000000000000000e+00 4.402308373943916719e-01 0.000000000000000000e+00 0.000000000000000000e+00 0.000000000000000000e+00 4.285709114181829871e-01 0.000000000000000000e+00 0.000000000000000000e+00 0.000000000000000000e+00 0.000000000000000000e+00 4.675047084758182647e-01 4.702616473569534161e-01 0.000000000000000000e+00 0.000000000000000000e+00 4.439368394787031047e-01 0.000000000000000000e+00 0.000000000000000000e+00 0.000000000000000000e+00 0.000000000000000000e+00 4.170463194310511379e-01 0.000000000000000000e+00 4.628981776177751861e-01 0.000000000000000000e+00 0.000000000000000000e+00 0.000000000000000000e+00 0.000000000000000000e+00 0.000000000000000000e+00 0.000000000000000000e+00 0.000000000000000000e+00 0.000000000000000000e+00 0.000000000000000000e+00 0.000000000000000000e+00
3.806897650376972475e-01 4.838861200000000862e-01 3.736950616624523103e-01 4.634183606438833092e-01 3.227671529988286880e-01 4.104685037499999356e-01 2.827818265920095109e-01 4.471147863168063452e-01 3.008077745022067484e-01 0.000000000000000000e+00 3.315099381567049863e-01 4.617314157861300283e-01 2.343602638915437963e-01 4.449185969604421143e-01 2.756823996908281948e-01 4.185210041298362271e-01 4.153642505663461271e-01 0.000000000000000000e+00 4.178815694686226490e-01 4.639903236687219490e-01 0.000000000000000000e+00 0.000000000000000000e+00 3.852032480239593326e-01 4.546651153039631410e-01 3.383121296296296432e-01 0.000000000000000000e+00 0.000000000000000000e+00 0.000000000000000000e+00 3.551280795198184514e-01 4.393748194792827522e-01 3.439741884246249048e-01 4.568192631059573849e-01 3.831188875540881833e-01 4.850660449596806978e-01 4.533425816089892701e-01 0.000000000000000000e+00 4.117225225736232397e-01 0.000000000000000000e+00 0.000000000000000000e+00 0.000000000000000000e+00 0.000000000000000000e+00 0.000000000000000000e+00 4.284436958813983565e-01 0.000000000000000000e+00 4.119815423728814263e-01 0.000000000000000000e+00 4.531865651628015912e-01 0.000000000000000000e+00 4.152268090424212077e-01 0.000000000000000000e+00 4.239989742902887659e-01 0.000000000000000000e+00 4.187474867256636979e-01 0.000000000000000000e+00 3.979649599568412244e-01 0.000000000000000000e+00 4.171520408725769569e-01 0.000000000000000000e+00 4.265589559062534786e-01 0.000000000000000000e+00 4.332642200938421895e-01 0.000000000000000000e+00 4.213701894953519322e-01 0.000000000000000000e+00 4.419159165447695270e-01 0.000000000000000000e+00 4.332271373926575020e-01 5.260475492578666756e-01 4.060868231671131423e-01 0.000000000000000000e+00 3.177587059056758423e-01 4.138230408163265928e-01 3.764306871453841907e-01 4.491322793250074885e-01 3.743234594594594955e-01 0.000000000000000000e+00 3.743782352282791770e-01 4.013649989088283743e-01 4.157978313408145499e-01 0.000000000000000000e+00 3.884415467765883756e-01 0.000000000000000000e+00 0.000000000000000000e+00 0.000000000000000000e+00 4.016935241707011439e-01 0.000000000000000000e+00 3.918727467532467368e-01 0.000000000000000000e+00 3.976294435280782191e-01 0.000000000000000000e+00 3.997491837409609672e-01 0.000000000000000000e+00 0.000000000000000000e+00 0.000000000000000000e+00 4.169655431761318809e-01 4.063870990088090940e-01 4.706231232876712522e-01 0.000000000000000000e+00 4.263611052631579579e-01 0.000000000000000000e+00 4.333875000000000366e-01 0.000000000000000000e+00 4.020821202348690004e-01 0.000000000000000000e+00 4.729009559714795197e-01 4.440929424573952788e-01 0.000000000000000000e+00 0.000000000000000000e+00 0.000000000000000000e+00 0.000000000000000000e+00 0.000000000000000000e+00 0.000000000000000000e+00 0.000000000000000000e+00 0.000000000000000000e+00 0.000000000000000000e+00 0.000000000000000000e+00
