2.888927066661294840e-01 4.621208743507562167e-01 3.341170347908786198e-01 4.835340069617390379e-01 3.186501672697277243e-01 0.000000000000000000e+00 3.206596697313798261e-01 4.608640300709663795e-01 3.459634538263574588e-01 0.000000000000000000e+00 2.798363165917464035e-01 4.430604540775401334e-01 3.173997778743961606e-01 0.000000000000000000e+00 3.603484639411256296e-01 3.919404344262295004e-01 2.855459653583879431e-01 4.527074904852472770e-01 3.811603863751768517e-01 4.885773448395884788e-01 0.000000000000000000e+00 0.000000000000000000e+00 3.840072990022953547e-01 4.402456666666667018e-01 3.646834333333333067e-01 0.000000000000000000e+00 0.000000000000000000e+00 0.000000000000000000e+00 3.646969107487967321e-01 4.665642830434928445e-01 4.002580887305571822e-01 4.402830402684563271e-01 4.368105548343504951e-01 4.780213362120712683e-01 0.000000000000000000e+00 0.000000000000000000e+00 4.054662539379359498e-01 5.021715463917525435e-01 4.478451273032849622e-01 5.668116262626262669e-01 0.000000000000000000e+00 0.000000000000000000e+00 0.000000000000000000e+00 0.000000000000000000e+00 0.000000000000000000e+00 0.000000000000000000e+00 0.000000000000000000e+00 0.000000000000000000e+00 3.871208752531375974e-01 4.922848907563025511e-01 3.722709850917063634e-01 0.000000000000000000e+00 3.707467576923076935e-01 0.000000000000000000e+00 3.569438255664431070e-01 0.000000000000000000e+00 2.592223408004485363e-01 4.674067322318265494e-01 3.829885018974698019e-01 4.935978344108153948e-01 3.675180005929055138e-01 4.550716730072463800e-01 3.318377310558764948e-01 4.426813334721940163e-01 3.908223106279991033e-01 4.748656017699114384e-01 4.233218276371779609e-01 4.575567792031644543e-01 3.793101011489856123e-01 4.783107151778423494e-01 3.286306285938648264e-01 4.380892228718169523e-01 3.397919063724438304e-01 4.085478041893092493e-01 0.000000000000000000e+00 0.000000000000000000e+00 3.772041587923795070e-01 4.562674209535335090e-01 3.834498301886791749e-01 0.000000000000000000e+00 3.306717431939766305e-01 3.973199489795917749e-01 3.524553141903202791e-01 0.000000000000000000e+00 3.798901026422476512e-01 0.000000000000000000e+00 0.000000000000000000e+00 0.000000000000000000e+00 3.704797158404407043e-01 0.000000000000000000e+00 4.027818733222662817e-01 4.194811929824561192e-01 4.134756008431959007e-01 0.000000000000000000e+00 4.197292089904742785e-01 3.943487441860465403e-01 4.467199687641980610e-01 0.000000000000000000e+00 3.744818505183765134e-01 3.935327663551402289e-01 3.969907085084033449e-01 0.000000000000000000e+00 4.160152886022442376e-01 0.000000000000000000e+00 4.125141938940223296e-01 4.381311418507050082e-01 0.000000000000000000e+00 0.000000000000000000e+00 0.000000000000000000e+00 0.000000000000000000e+00 4.610959642897566324e-01 0.000000000000000000e+00 0.000000000000000000e+00 3.614003238095238046e-01 0.000000000000000000e+00 0.000000000000000000e+00
4.621208743507562167e-01 2.764740157475911175e-01 4.856976418122994632e-01 3.656248032585446284e-01 0.000000000000000000e+00 3.403345918367347012e-01 4.684002347386217457e-01 3.214437985790874475e-01 0.000000000000000000e+00 3.245661408186253372e-01 0.000000000000000000e+00 3.117201295290959462e-01 0.000000000000000000e+00 3.396449521498868807e-01 0.000000000000000000e+00 3.841548281995470493e-01 4.561120976505242952e-01 2.908793286337966744e-01 4.985399461806818699e-01 3.576976568996325656e-01 0.000000000000000000e+00 0.000000000000000000e+00 4.842058651334971708e-01 3.814093421510419968e-01 0.000000000000000000e+00 0.000000000000000000e+00 0.000000000000000000e+00 0.000000000000000000e+00 0.000000000000000000e+00 3.851577587396820546e-01 4.369780000000000331e-01 4.537290163934425968e-01 5.055570084571280320e-01 4.683988126469242341e-01 0.000000000000000000e+00 4.483601755319148174e-01 4.736607963158332435e-01 4.614329570757521592e-01 0.000000000000000000e+00 5.009620748568570647e-01 0.000000000000000000e+00 3.492158983050847598e-01 0.000000000000000000e+00 4.299395045871560184e-01 0.000000000000000000e+00 3.845247399423486478e-01 0.000000000000000000e+00 3.917046906846093357e-01 0.000000000000000000e+00 3.898988202892393340e-01 0.000000000000000000e+00 3.860985837934894360e-01 0.000000000000000000e+00 3.710579137544454120e-01 0.000000000000000000e+00 3.934628104980842367e-01 4.597559391418658548e-01 2.978272489111956634e-01 5.163480373831776937e-01 3.776507194827065095e-01 4.442845721885678723e-01 3.611732607265026873e-01 0.000000000000000000e+00 3.452015809907794663e-01 0.000000000000000000e+00 3.874903561477859304e-01 4.871336738973231495e-01 3.160536762831931967e-01 5.090105966783108338e-01 2.776688165865836000e-01 4.712708596346348311e-01 3.460756883039334264e-01 4.611265918323515511e-01 3.402012081956714007e-01 0.000000000000000000e+00 0.000000000000000000e+00 4.504078983075717191e-01 3.746963529440925922e-01 0.000000000000000000e+00 0.000000000000000000e+00 4.483212222687706361e-01 3.812996872093075140e-01 4.215247765957446657e-01 3.545483488372093150e-01 0.000000000000000000e+00 3.945828939474499419e-01 0.000000000000000000e+00 3.581370303030302904e-01 0.000000000000000000e+00 3.838481370851161145e-01 4.431122843161078850e-01 4.306042978453105685e-01 4.372380855623161922e-01 4.276982283634300219e-01 3.727188337390128225e-01 4.480638139320690105e-01 4.250830042307692791e-01 4.287092461126126297e-01 4.274871285435460910e-01 4.770352602010079490e-01 0.000000000000000000e+00 4.219457043956044151e-01 0.000000000000000000e+00 4.246391735762709563e-01 4.068927062298182684e-01 4.272501260273180446e-01 0.000000000000000000e+00 3.849256564885496501e-01 4.488685360824742898e-01 0.000000000000000000e+00 0.000000000000000000e+00 4.001647980769230672e-01 0.000000000000000000e+00 4.124159313725490605e-01 4.001681111111111688e-01 0.000000000000000000e+00
3.341170347908786198e-01 4.856976418122994632e-01 2.242071054800254259e-01 4.486268385830571304e-01 1.829497601901096671e-01 4.131783678544204141e-01 2.486362800861822153e-01 4.301607524099471114e-01 2.561010898792610568e-01 4.085654285136227082e-01 3.750827003966281104e-01 4.271828084265804626e-01 3.153060197623324679e-01 4.093713858162546515e-01 2.858236910251789054e-01 4.278650940759164967e-01 3.536468583531336973e-01 4.803771003323817901e-01 2.994490777147101879e-01 5.091822756502200065e-01 0.000000000000000000e+00 0.000000000000000000e+00 2.242342429003365001e-01 4.238189166814778086e-01 3.172380175103475808e-01 4.672687032331652723e-01 3.269173291520203195e-01 0.000000000000000000e+00 3.207103586739046830e-01 4.575976314593813710e-01 3.598837025229766895e-01 4.095831466763434903e-01 4.075982421299702563e-01 4.921101777287681389e-01 4.035514605158729839e-01 0.000000000000000000e+00 3.599475778796704661e-01 0.000000000000000000e+00 0.000000000000000000e+00 0.000000000000000000e+00 3.836289734513274041e-01 0.000000000000000000e+00 0.000000000000000000e+00 0.000000000000000000e+00 4.040559836492010337e-01 4.817180504201679647e-01 4.229677985611510760e-01 0.000000000000000000e+00 4.312141711269168454e-01 4.620970972106360763e-01 3.971749306404204205e-01 5.046429416666666778e-01 3.423230083540270696e-01 0.000000000000000000e+00 3.432392033119658348e-01 0.000000000000000000e+00 3.848204363931187477e-01 4.801052304587392072e-01 4.033153910066277770e-01 5.007230698235939359e-01 3.807377564052422669e-01 4.434483884297520939e-01 3.400343489032236488e-01 4.401637515970169834e-01 3.832904451617666908e-01 0.000000000000000000e+00 4.359569393647717561e-01 4.906219314062467696e-01 3.607262720905677345e-01 5.131920940170939804e-01 3.399478071594217443e-01 4.642670343948709921e-01 3.440551180244727503e-01 4.127028998767218182e-01 3.422748781132075591e-01 0.000000000000000000e+00 3.838982222386645438e-01 4.004842096173255039e-01 3.506382044513458029e-01 0.000000000000000000e+00 3.563588972275065769e-01 4.417056899027839156e-01 3.595098495145631068e-01 0.000000000000000000e+00 3.517850774044540274e-01 3.681662430555555643e-01 3.504969929078013968e-01 0.000000000000000000e+00 3.701962250037870161e-01 0.000000000000000000e+00 3.960389753998226903e-01 0.000000000000000000e+00 4.154298780487804543e-01 0.000000000000000000e+00 4.025395243553026581e-01 3.995990107439386652e-01 0.000000000000000000e+00 0.000000000000000000e+00 3.728823319696084604e-01 0.000000000000000000e+00 4.074571338582676505e-01 4.189956666666666552e-01 0.000000000000000000e+00 0.000000000000000000e+00 3.983982348280655228e-01 4.185359969330292307e-01 0.000000000000000000e+00 0.000000000000000000e+00 4.231180877603890056e-01 0.000000000000000000e+00 0.000000000000000000e+00 0.000000000000000000e+00 0.000000000000000000e+00 0.000000000000000000e+00 0.000000000000000000e+00 0.000000000000000000e+00
4.835340069617390379e-01 3.656248032585446284e-01 4.486268385830571304e-01 2.316960023630948162e-01 4.394650974606797433e-01 2.553268209259863530e-01 4.410514144443941076e-01 2.677983215592300015e-01 4.520522811811893971e-01 2.883423079503413811e-01 4.561461606582379869e-01 3.675636877022119275e-01 4.116140746745313161e-01 3.145451799875587651e-01 4.141575010936430212e-01 3.220064863759706242e-01 4.679676609137073950e-01 3.884414748421122221e-01 5.182468883058526377e-01 2.720646744228044644e-01 0.000000000000000000e+00 0.000000000000000000e+00 4.434878196413359341e-01 2.090642574880793025e-01 4.218319474948490910e-01 3.048385120967187500e-01 4.027025578947368567e-01 3.155082758628731110e-01 4.517551672763720494e-01 3.452382896347920838e-01 4.338688020566902059e-01 3.549959979184559300e-01 5.118858160814399039e-01 3.911142070207873078e-01 0.000000000000000000e+00 4.572612876757262690e-01 5.297334370370370138e-01 4.169120780660413583e-01 0.000000000000000000e+00 3.794657791940789227e-01 0.000000000000000000e+00 0.000000000000000000e+00 0.000000000000000000e+00 0.000000000000000000e+00 0.000000000000000000e+00 4.592298349363884702e-01 0.000000000000000000e+00 4.161815478260869616e-01 0.000000000000000000e+00 4.538265506353679202e-01 0.000000000000000000e+00 4.527223811096766082e-01 0.000000000000000000e+00 4.058993722016208672e-01 0.000000000000000000e+00 3.925954073677955791e-01 4.930037519533003176e-01 3.984063119626635174e-01 4.806804537815126399e-01 4.447588912000296490e-01 4.999852035398229533e-01 3.794819490768314707e-01 4.538902946564885577e-01 3.587367435294210316e-01 4.894555887096774249e-01 4.139751056288054620e-01 4.937972774321266467e-01 4.476893461916129913e-01 5.251266931818182604e-01 4.343020831202513143e-01 4.576376764827884691e-01 3.601450836508535702e-01 4.217673516917367360e-01 3.508762565411533418e-01 0.000000000000000000e+00 0.000000000000000000e+00 4.291156807583967892e-01 3.844542841904535213e-01 0.000000000000000000e+00 0.000000000000000000e+00 4.875641551724137490e-01 3.493807863557092386e-01 0.000000000000000000e+00 0.000000000000000000e+00 0.000000000000000000e+00 3.821392093787334687e-01 0.000000000000000000e+00 0.000000000000000000e+00 0.000000000000000000e+00 3.769775141669232110e-01 3.999965247371708443e-01 4.102226926493255377e-01 4.071290861447208198e-01 4.114334850746268479e-01 4.133561318681318042e-01 4.252290388844178204e-01 4.348052678358076406e-01 4.452382582781457820e-01 4.005296640479598658e-01 3.940099999999999714e-01 0.000000000000000000e+00 4.154522957320833654e-01 0.000000000000000000e+00 4.036820579514768248e-01 4.199859981332015879e-01 4.283317444140167796e-01 0.000000000000000000e+00 0.000000000000000000e+00 3.983031799473166767e-01 0.000000000000000000e+00 0.000000000000000000e+00 0.000000000000000000e+00 0.000000000000000000e+00 4.103019928680396999e-01 0.000000000000000000e+00 0.000000000000000000e+00
3.186501672697277243e-01 0.000000000000000000e+00 1.829497601901096671e-01 4.394650974606797433e-01 1.730759472740757143e-01 4.305896393568944824e-01 2.203414896332857864e-01 4.217660843078749333e-01 2.556962151052384891e-01 4.194699495350267537e-01 2.792914508771929816e-01 0.000000000000000000e+00 2.591866417967009228e-01 4.299194285714285080e-01 2.677089388205169396e-01 4.258136043143272986e-01 0.000000000000000000e+00 0.000000000000000000e+00 3.505931856813935821e-01 4.037456475409836321e-01 2.882802667429786858e-01 0.000000000000000000e+00 2.537032307238342166e-01 4.256625319449485190e-01 1.867867360325689285e-01 4.242274207069073322e-01 1.982871930395499749e-01 4.471157849949004004e-01 3.034331238548581555e-01 0.000000000000000000e+00 3.446371411789242445e-01 4.095242066235392775e-01 3.847594814650805439e-01 4.246745001241064577e-01 0.000000000000000000e+00 0.000000000000000000e+00 0.000000000000000000e+00 0.000000000000000000e+00 0.000000000000000000e+00 0.000000000000000000e+00 0.000000000000000000e+00 0.000000000000000000e+00 4.195468636363637316e-01 0.000000000000000000e+00 0.000000000000000000e+00 0.000000000000000000e+00 0.000000000000000000e+00 0.000000000000000000e+00 4.580678413793103365e-01 0.000000000000000000e+00 3.158035677966101740e-01 0.000000000000000000e+00 0.000000000000000000e+00 0.000000000000000000e+00 0.000000000000000000e+00 0.000000000000000000e+00 2.853874805194805409e-01 0.000000000000000000e+00 0.000000000000000000e+00 0.000000000000000000e+00 3.311111424424825755e-01 0.000000000000000000e+00 3.466595714285714558e-01 0.000000000000000000e+00 3.237008481746032063e-01 0.000000000000000000e+00 0.000000000000000000e+00 0.000000000000000000e+00 3.648323080653733674e-01 0.000000000000000000e+00 2.787189712056136193e-01 4.650193834114130786e-01 3.249337996437510201e-01 0.000000000000000000e+00 2.982876410539651579e-01 0.000000000000000000e+00 3.473871204974263716e-01 0.000000000000000000e+00 0.000000000000000000e+00 0.000000000000000000e+00 0.000000000000000000e+00 0.000000000000000000e+00 0.000000000000000000e+00 0.000000000000000000e+00 3.394101300692136114e-01 0.000000000000000000e+00 0.000000000000000000e+00 0.000000000000000000e+00 3.626947600000000049e-01 0.000000000000000000e+00 3.579296440630745924e-01 0.000000000000000000e+00 0.000000000000000000e+00 3.604903309352517349e-01 3.549934222222222435e-01 0.000000000000000000e+00 0.000000000000000000e+00 0.000000000000000000e+00 0.000000000000000000e+00 0.000000000000000000e+00 0.000000000000000000e+00 0.000000000000000000e+00 0.000000000000000000e+00 3.532824863013698802e-01 3.539670400000000106e-01 0.000000000000000000e+00 0.000000000000000000e+00 0.000000000000000000e+00 0.000000000000000000e+00 0.000000000000000000e+00 0.000000000000000000e+00 0.000000000000000000e+00 0.000000000000000000e+00 0.000000000000000000e+00 0.000000000000000000e+00 0.000000000000000000e+00
0.000000000000000000e+00 3.403345918367347012e-01 4.131783678544204141e-01 2.553268209259863530e-01 4.305896393568944824e-01 1.885816171718162626e-01 3.836329954638384443e-01 2.704778997736874135e-01 4.475307760015677094e-01 2.361184095590313781e-01 0.000000000000000000e+00 3.319050984447004526e-01 4.092594286243974588e-01 3.206201829599043540e-01 4.498647096385630650e-01 2.437733459482369913e-01 0.000000000000000000e+00 0.000000000000000000e+00 0.000000000000000000e+00 3.234315255510042952e-01 3.646513856208502546e-01 3.018894619658359368e-01 4.252378671988317760e-01 2.823064291991654873e-01 4.208265271553895404e-01 2.042035608337911257e-01 4.351419944102902226e-01 1.960613136765434750e-01 4.444490701754386097e-01 3.197528921437581273e-01 3.934111464579082562e-01 3.510392266170775932e-01 0.000000000000000000e+00 3.691907466698425844e-01 0.000000000000000000e+00 4.617155531914893807e-01 0.000000000000000000e+00 0.000000000000000000e+00 0.000000000000000000e+00 0.000000000000000000e+00 0.000000000000000000e+00 0.000000000000000000e+00 0.000000000000000000e+00 0.000000000000000000e+00 0.000000000000000000e+00 0.000000000000000000e+00 0.000000000000000000e+00 0.000000000000000000e+00 0.000000000000000000e+00 0.000000000000000000e+00 0.000000000000000000e+00 3.496548206896551436e-01 0.000000000000000000e+00 0.000000000000000000e+00 0.000000000000000000e+00 0.000000000000000000e+00 0.000000000000000000e+00 3.513087857142856985e-01 0.000000000000000000e+00 0.000000000000000000e+00 0.000000000000000000e+00 0.000000000000000000e+00 0.000000000000000000e+00 0.000000000000000000e+00 0.000000000000000000e+00 0.000000000000000000e+00 0.000000000000000000e+00 4.353528973853579842e-01 0.000000000000000000e+00 0.000000000000000000e+00 4.755895680863979069e-01 3.238165322395076817e-01 4.402819550561797857e-01 3.273869177934384811e-01 0.000000000000000000e+00 0.000000000000000000e+00 4.315514054054053750e-01 3.543575511446926951e-01 0.000000000000000000e+00 0.000000000000000000e+00 0.000000000000000000e+00 0.000000000000000000e+00 0.000000000000000000e+00 0.000000000000000000e+00 0.000000000000000000e+00 3.640068977894238000e-01 0.000000000000000000e+00 0.000000000000000000e+00 0.000000000000000000e+00 3.450231219512194247e-01 3.627587244094487851e-01 0.000000000000000000e+00 0.000000000000000000e+00 0.000000000000000000e+00 0.000000000000000000e+00 3.420006391801075352e-01 0.000000000000000000e+00 0.000000000000000000e+00 0.000000000000000000e+00 0.000000000000000000e+00 0.000000000000000000e+00 0.000000000000000000e+00 0.000000000000000000e+00 3.836365895522387826e-01 0.000000000000000000e+00 0.000000000000000000e+00 0.000000000000000000e+00 0.000000000000000000e+00 0.000000000000000000e+00 0.000000000000000000e+00 0.000000000000000000e+00 0.000000000000000000e+00 0.000000000000000000e+00 0.000000000000000000e+00 0.000000000000000000e+00 0.000000000000000000e+00
3.206596697313798261e-01 4.684002347386217457e-01 2.486362800861822153e-01 4.410514144443941076e-01 2.203414896332857864e-01 3.836329954638384443e-01 2.364638441637970934e-01 4.254836278261878713e-01 2.395433126029392068e-01 4.069257918976298960e-01 3.219260191412447458e-01 4.381493678336821906e-01 2.471190184609943497e-01 4.121739020843761536e-01 2.664837808156040877e-01 3.568987011494252348e-01 3.466845854553442519e-01 4.405843697808183301e-01 3.795292025387516088e-01 4.742912474215645324e-01 0.000000000000000000e+00 0.000000000000000000e+00 3.504423786664144225e-01 4.124280731864136129e-01 2.442821900932702628e-01 4.932730000000000170e-01 2.426469615384615475e-01 0.000000000000000000e+00 2.903967007547202384e-01 4.231948721887451303e-01 3.595827655049316784e-01 3.916897367975922251e-01 3.645872289180762671e-01 4.593560954699134058e-01 4.127075569917929565e-01 0.000000000000000000e+00 3.474017795650398144e-01 4.713787472882770002e-01 3.429034222222221984e-01 0.000000000000000000e+00 0.000000000000000000e+00 0.000000000000000000e+00 0.000000000000000000e+00 0.000000000000000000e+00 3.653510572790640842e-01 0.000000000000000000e+00 0.000000000000000000e+00 0.000000000000000000e+00 3.765099461750194831e-01 0.000000000000000000e+00 3.606268156785006895e-01 4.614418263888889205e-01 3.361740122007920717e-01 0.000000000000000000e+00 3.460716742486867337e-01 0.000000000000000000e+00 3.448888666903428546e-01 4.587187880917610316e-01 3.685713809218345571e-01 4.850041159560723458e-01 3.675037341691516080e-01 4.370981884209063084e-01 3.266095626619610615e-01 0.000000000000000000e+00 3.773372526185824749e-01 0.000000000000000000e+00 4.047783872160032881e-01 4.505916977060521189e-01 4.003428274632158668e-01 4.446483739130434043e-01 3.080719995164488134e-01 4.596962085875364590e-01 3.352344476259326300e-01 4.188903816130471469e-01 0.000000000000000000e+00 0.000000000000000000e+00 3.570043865460024723e-01 3.983436278546449438e-01 3.383226707317072979e-01 0.000000000000000000e+00 3.395288538763824304e-01 0.000000000000000000e+00 3.615082413547237028e-01 0.000000000000000000e+00 3.532859774733005387e-01 0.000000000000000000e+00 3.663592497897614209e-01 0.000000000000000000e+00 3.528900323559488461e-01 0.000000000000000000e+00 3.900873354327576981e-01 4.261069224806201539e-01 3.588063358208955500e-01 0.000000000000000000e+00 4.330875475603208624e-01 3.963602387987379405e-01 0.000000000000000000e+00 0.000000000000000000e+00 0.000000000000000000e+00 4.234523421052631686e-01 0.000000000000000000e+00 0.000000000000000000e+00 0.000000000000000000e+00 3.810976946564885726e-01 4.017822721674876307e-01 3.949561306801621097e-01 0.000000000000000000e+00 0.000000000000000000e+00 3.684379340659340030e-01 0.000000000000000000e+00 0.000000000000000000e+00 0.000000000000000000e+00 0.000000000000000000e+00 0.000000000000000000e+00 0.000000000000000000e+00 0.000000000000000000e+00
4.608640300709663795e-01 3.214437985790874475e-01 4.301607524099471114e-01 2.677983215592300015e-01 4.217660843078749333e-01 2.704778997736874135e-01 4.254836278261878713e-01 2.402263960211315774e-01 4.160060473065883557e-01 2.485884002293562434e-01 4.457918001661443363e-01 2.559772841676392630e-01 4.104188943022865632e-01 2.535112997312173877e-01 4.151386727315292680e-01 2.926908773503608119e-01 4.456269669015609503e-01 3.626392929358377426e-01 4.993630387113521252e-01 3.847270364129545817e-01 0.000000000000000000e+00 0.000000000000000000e+00 4.330310071175573206e-01 3.320202886441415147e-01 3.950730007629454921e-01 3.013594566690357968e-01 0.000000000000000000e+00 3.346642272727272660e-01 4.346520334212179981e-01 3.188668605702175141e-01 4.173966207680138152e-01 3.529385448155808458e-01 4.857883939637148707e-01 4.006674907616636361e-01 0.000000000000000000e+00 4.003552034258565095e-01 4.013033358785821902e-01 4.140036656836718065e-01 0.000000000000000000e+00 0.000000000000000000e+00 0.000000000000000000e+00 4.132275781249999946e-01 0.000000000000000000e+00 0.000000000000000000e+00 0.000000000000000000e+00 4.130701067114195268e-01 0.000000000000000000e+00 0.000000000000000000e+00 0.000000000000000000e+00 4.009762855101121626e-01 4.399399568345323530e-01 3.923090226373700529e-01 0.000000000000000000e+00 3.612285348372050175e-01 0.000000000000000000e+00 3.728038454015660252e-01 5.028471281013222605e-01 3.277541283095929958e-01 4.666359513888888033e-01 4.126376386053470235e-01 4.040606804074377001e-01 3.647071308235918519e-01 4.139280367647059089e-01 3.628798122336819865e-01 0.000000000000000000e+00 3.755042900304316755e-01 4.210195304348062773e-01 4.354853343793246290e-01 4.757113469387755922e-01 4.358234494505494050e-01 4.702592131826461852e-01 3.095103332494161252e-01 4.220367868786965571e-01 3.283996011207176435e-01 0.000000000000000000e+00 0.000000000000000000e+00 4.251153013842325912e-01 3.635058031430095649e-01 0.000000000000000000e+00 3.194506123876124093e-01 4.537822978723404788e-01 3.492248641912904517e-01 0.000000000000000000e+00 0.000000000000000000e+00 0.000000000000000000e+00 3.663792055155291050e-01 0.000000000000000000e+00 0.000000000000000000e+00 0.000000000000000000e+00 3.658248567138943086e-01 3.894026262924838444e-01 3.849075557392103164e-01 4.154366732149655239e-01 4.221919128662726672e-01 4.235526287151141211e-01 4.181935614607418250e-01 0.000000000000000000e+00 3.720707244897958899e-01 0.000000000000000000e+00 0.000000000000000000e+00 0.000000000000000000e+00 4.173837834487380549e-01 0.000000000000000000e+00 4.110500924030172087e-01 3.755343732101882881e-01 4.106252035565235992e-01 0.000000000000000000e+00 0.000000000000000000e+00 3.977800293619423999e-01 4.015631830508474831e-01 0.000000000000000000e+00 0.000000000000000000e+00 0.000000000000000000e+00 4.099324380952380498e-01 0.000000000000000000e+00 0.000000000000000000e+00
3.459634538263574588e-01 0.000000000000000000e+00 2.561010898792610568e-01 4.520522811811893971e-01 2.556962151052384891e-01 4.475307760015677094e-01 2.395433126029392068e-01 4.160060473065883557e-01 2.597310812925646140e-01 4.330064520088126589e-01 3.014565409031306764e-01 0.000000000000000000e+00 2.384639135342837835e-01 0.000000000000000000e+00 2.623938000351960231e-01 4.223061790449942898e-01 0.000000000000000000e+00 0.000000000000000000e+00 3.454579211138080197e-01 0.000000000000000000e+00 3.314484723835228741e-01 0.000000000000000000e+00 3.055428660123154505e-01 4.106694587183947753e-01 2.888390382148796620e-01 4.335918219852400446e-01 3.028378151454874101e-01 4.577160741758241613e-01 2.881601065237355264e-01 0.000000000000000000e+00 3.613118571583317507e-01 4.304413659185753471e-01 0.000000000000000000e+00 0.000000000000000000e+00 0.000000000000000000e+00 0.000000000000000000e+00 0.000000000000000000e+00 0.000000000000000000e+00 0.000000000000000000e+00 0.000000000000000000e+00 0.000000000000000000e+00 0.000000000000000000e+00 0.000000000000000000e+00 0.000000000000000000e+00 0.000000000000000000e+00 0.000000000000000000e+00 0.000000000000000000e+00 0.000000000000000000e+00 0.000000000000000000e+00 0.000000000000000000e+00 3.618423564356435529e-01 0.000000000000000000e+00 0.000000000000000000e+00 0.000000000000000000e+00 0.000000000000000000e+00 0.000000000000000000e+00 3.308510983672986461e-01 0.000000000000000000e+00 3.760547659136779797e-01 0.000000000000000000e+00 3.555919732126643917e-01 0.000000000000000000e+00 3.273389435679757153e-01 0.000000000000000000e+00 3.469208080766903457e-01 0.000000000000000000e+00 0.000000000000000000e+00 4.086323464052287191e-01 0.000000000000000000e+00 0.000000000000000000e+00 2.876487981287408902e-01 4.754366016126908567e-01 3.387591236233881142e-01 0.000000000000000000e+00 2.793966585365853517e-01 0.000000000000000000e+00 3.283034608578396241e-01 3.633199302325582081e-01 0.000000000000000000e+00 0.000000000000000000e+00 3.155625478128730732e-01 0.000000000000000000e+00 0.000000000000000000e+00 0.000000000000000000e+00 3.444184443648171667e-01 0.000000000000000000e+00 0.000000000000000000e+00 0.000000000000000000e+00 3.570947246983703915e-01 0.000000000000000000e+00 0.000000000000000000e+00 0.000000000000000000e+00 0.000000000000000000e+00 0.000000000000000000e+00 3.409012000000000708e-01 3.813111237113402385e-01 0.000000000000000000e+00 0.000000000000000000e+00 3.957891774193548207e-01 0.000000000000000000e+00 0.000000000000000000e+00 0.000000000000000000e+00 0.000000000000000000e+00 0.000000000000000000e+00 3.661769865675402746e-01 3.363975833333333609e-01 0.000000000000000000e+00 0.000000000000000000e+00 0.000000000000000000e+00 0.000000000000000000e+00 0.000000000000000000e+00 0.000000000000000000e+00 0.000000000000000000e+00 0.000000000000000000e+00 0.000000000000000000e+00 0.000000000000000000e+00
0.000000000000000000e+00 3.245661408186253372e-01 4.085654285136227082e-01 2.883423079503413811e-01 4.194699495350267537e-01 2.361184095590313781e-01 4.069257918976298960e-01 2.485884002293562434e-01 4.330064520088126589e-01 2.302100228909779445e-01 0.000000000000000000e+00 3.191410158840371492e-01 4.265633827160493774e-01 2.883617018930638154e-01 4.318403413680982905e-01 2.685775236732836913e-01 0.000000000000000000e+00 0.000000000000000000e+00 0.000000000000000000e+00 3.462051160762226742e-01 4.247590613636362811e-01 3.381413708978938115e-01 4.056788096021843315e-01 3.078165383979467040e-01 4.162443443479414973e-01 2.316400346090473628e-01 4.254772837996574353e-01 2.373086297138848888e-01 0.000000000000000000e+00 3.245896757140544486e-01 3.764674722823598274e-01 3.515713006848310007e-01 0.000000000000000000e+00 4.357362026040122460e-01 0.000000000000000000e+00 0.000000000000000000e+00 0.000000000000000000e+00 0.000000000000000000e+00 0.000000000000000000e+00 0.000000000000000000e+00 0.000000000000000000e+00 0.000000000000000000e+00 0.000000000000000000e+00 0.000000000000000000e+00 0.000000000000000000e+00 0.000000000000000000e+00 0.000000000000000000e+00 0.000000000000000000e+00 0.000000000000000000e+00 0.000000000000000000e+00 0.000000000000000000e+00 3.317308739495797298e-01 0.000000000000000000e+00 4.014364765625000331e-01 0.000000000000000000e+00 0.000000000000000000e+00 0.000000000000000000e+00 3.539480199197002075e-01 0.000000000000000000e+00 0.000000000000000000e+00 0.000000000000000000e+00 3.510065420560747329e-01 0.000000000000000000e+00 3.543320882057387489e-01 0.000000000000000000e+00 3.522820930470275669e-01 0.000000000000000000e+00 0.000000000000000000e+00 0.000000000000000000e+00 4.442733817518247919e-01 4.492135151223592415e-01 3.192077522232895093e-01 4.568094691358025039e-01 3.357117834747407326e-01 0.000000000000000000e+00 3.461599476190476143e-01 0.000000000000000000e+00 3.495380913654892452e-01 0.000000000000000000e+00 3.323910909090909138e-01 0.000000000000000000e+00 3.455436116402307856e-01 0.000000000000000000e+00 0.000000000000000000e+00 0.000000000000000000e+00 3.593687184331804119e-01 0.000000000000000000e+00 0.000000000000000000e+00 0.000000000000000000e+00 3.525074241535218755e-01 3.660471764053030430e-01 0.000000000000000000e+00 0.000000000000000000e+00 0.000000000000000000e+00 0.000000000000000000e+00 3.941856847826086807e-01 0.000000000000000000e+00 0.000000000000000000e+00 0.000000000000000000e+00 0.000000000000000000e+00 0.000000000000000000e+00 0.000000000000000000e+00 0.000000000000000000e+00 0.000000000000000000e+00 3.563652517841366385e-01 3.708163392933163105e-01 0.000000000000000000e+00 0.000000000000000000e+00 3.829622680412371194e-01 0.000000000000000000e+00 0.000000000000000000e+00 0.000000000000000000e+00 0.000000000000000000e+00 0.000000000000000000e+00 0.000000000000000000e+00 0.000000000000000000e+00
2.798363165917464035e-01 0.000000000000000000e+00 3.750827003966281104e-01 4.561461606582379869e-01 2.792914508771929816e-01 0.000000000000000000e+00 3.219260191412447458e-01 4.457918001661443363e-01 3.014565409031306764e-01 0.000000000000000000e+00 3.095145271229320372e-01 4.151899800383222483e-01 2.948668050307099442e-01 4.333876072999726659e-01 2.892552756681933679e-01 0.000000000000000000e+00 3.684136060237926946e-01 0.000000000000000000e+00 4.069250264528168626e-01 4.656222484504434767e-01 0.000000000000000000e+00 0.000000000000000000e+00 3.888853643006422445e-01 4.378808661830281279e-01 0.000000000000000000e+00 0.000000000000000000e+00 0.000000000000000000e+00 0.000000000000000000e+00 2.972233263563256456e-01 4.375688780207134254e-01 3.834782634344175434e-01 3.908453864317948390e-01 3.875854286950536909e-01 4.478142032090794977e-01 4.135080108695651790e-01 0.000000000000000000e+00 3.813769017040575804e-01 0.000000000000000000e+00 0.000000000000000000e+00 0.000000000000000000e+00 0.000000000000000000e+00 0.000000000000000000e+00 0.000000000000000000e+00 0.000000000000000000e+00 0.000000000000000000e+00 0.000000000000000000e+00 0.000000000000000000e+00 0.000000000000000000e+00 4.539103593750000165e-01 0.000000000000000000e+00 3.806737627560081716e-01 0.000000000000000000e+00 0.000000000000000000e+00 0.000000000000000000e+00 3.654790148327939914e-01 0.000000000000000000e+00 3.591461449810889328e-01 4.330636532258064220e-01 4.161292803469426316e-01 4.224898017241379700e-01 3.970515637472190607e-01 0.000000000000000000e+00 3.684876958121367507e-01 0.000000000000000000e+00 4.055768059930654479e-01 0.000000000000000000e+00 4.340518654349487249e-01 0.000000000000000000e+00 4.018237872340424954e-01 4.572888161764706028e-01 3.474382522650067417e-01 4.652515537771059195e-01 3.310589383133347163e-01 4.370186165384897237e-01 0.000000000000000000e+00 0.000000000000000000e+00 3.884934910964473742e-01 3.944365962344615895e-01 0.000000000000000000e+00 0.000000000000000000e+00 3.629022400595857123e-01 0.000000000000000000e+00 3.720580617523616684e-01 0.000000000000000000e+00 3.958558942926972968e-01 0.000000000000000000e+00 0.000000000000000000e+00 0.000000000000000000e+00 3.761488757615881195e-01 0.000000000000000000e+00 4.115262070927276916e-01 0.000000000000000000e+00 0.000000000000000000e+00 0.000000000000000000e+00 4.453868669642856992e-01 4.426350286337209505e-01 0.000000000000000000e+00 0.000000000000000000e+00 0.000000000000000000e+00 0.000000000000000000e+00 0.000000000000000000e+00 0.000000000000000000e+00 0.000000000000000000e+00 0.000000000000000000e+00 3.440491860021785975e-01 4.386110412371134193e-01 0.000000000000000000e+00 0.000000000000000000e+00 0.000000000000000000e+00 0.000000000000000000e+00 3.904686788990825996e-01 4.079192845528454847e-01 0.000000000000000000e+00 0.000000000000000000e+00 0.000000000000000000e+00 0.000000000000000000e+00
4.430604540775401334e-01 3.117201295290959462e-01 4.271828084265804626e-01 3.675636877022119275e-01 0.000000000000000000e+00 3.319050984447004526e-01 4.381493678336821906e-01 2.559772841676392630e-01 0.000000000000000000e+00 3.191410158840371492e-01 4.151899800383222483e-01 2.475785899104636367e-01 4.128340327149402356e-01 2.618408949157297605e-01 0.000000000000000000e+00 3.029015549465631785e-01 4.004603655913978044e-01 2.595912416893063623e-01 4.727325211993985143e-01 3.888106115818822373e-01 0.000000000000000000e+00 0.000000000000000000e+00 4.484195712209402274e-01 3.477021337247498955e-01 3.401184342105262881e-01 0.000000000000000000e+00 0.000000000000000000e+00 0.000000000000000000e+00 4.273182912136349598e-01 3.001542387972673254e-01 4.262790283173424344e-01 3.583913837224653176e-01 4.761656531698967854e-01 3.676556315697201982e-01 0.000000000000000000e+00 4.460514216867470516e-01 0.000000000000000000e+00 3.655373403697996793e-01 0.000000000000000000e+00 0.000000000000000000e+00 0.000000000000000000e+00 0.000000000000000000e+00 0.000000000000000000e+00 0.000000000000000000e+00 0.000000000000000000e+00 4.019732136800557298e-01 0.000000000000000000e+00 0.000000000000000000e+00 0.000000000000000000e+00 3.899724776615127175e-01 0.000000000000000000e+00 3.820775868759207494e-01 0.000000000000000000e+00 3.646887960761917014e-01 0.000000000000000000e+00 3.967411166037735359e-01 0.000000000000000000e+00 3.495904759644939408e-01 0.000000000000000000e+00 3.992450379610130717e-01 0.000000000000000000e+00 3.752475729466351884e-01 0.000000000000000000e+00 3.679286011575144122e-01 0.000000000000000000e+00 3.943378900318812996e-01 0.000000000000000000e+00 4.249514960320811552e-01 0.000000000000000000e+00 4.231395148351648761e-01 4.493830261789323877e-01 3.237138921982908868e-01 4.041089412615969656e-01 3.309486604318803149e-01 0.000000000000000000e+00 3.709878913043477833e-01 4.164877667366888581e-01 3.668555342108858475e-01 0.000000000000000000e+00 3.513400793650792719e-01 0.000000000000000000e+00 3.777403301059892859e-01 0.000000000000000000e+00 2.311959444444444123e-01 0.000000000000000000e+00 4.059112966036614867e-01 0.000000000000000000e+00 0.000000000000000000e+00 0.000000000000000000e+00 3.893878247289243588e-01 4.073301463278899415e-01 0.000000000000000000e+00 4.193250235577354323e-01 0.000000000000000000e+00 3.887019662921348817e-01 3.912439682187731083e-01 0.000000000000000000e+00 0.000000000000000000e+00 3.970478273109243617e-01 0.000000000000000000e+00 0.000000000000000000e+00 4.013266409131803214e-01 0.000000000000000000e+00 0.000000000000000000e+00 3.846427600635610733e-01 4.077104616666765158e-01 0.000000000000000000e+00 0.000000000000000000e+00 0.000000000000000000e+00 0.000000000000000000e+00 0.000000000000000000e+00 0.000000000000000000e+00 0.000000000000000000e+00 0.000000000000000000e+00 0.000000000000000000e+00 0.000000000000000000e+00
3.173997778743961606e-01 0.000000000000000000e+00 3.153060197623324679e-01 4.116140746745313161e-01 2.591866417967009228e-01 4.092594286243974588e-01 2.471190184609943497e-01 4.104188943022865632e-01 2.384639135342837835e-01 4.265633827160493774e-01 2.948668050307099442e-01 4.128340327149402356e-01 2.185472469311247334e-01 4.057279507353427350e-01 2.214955095881531166e-01 3.879447098765432256e-01 3.592378738531572524e-01 0.000000000000000000e+00 3.840551313814305479e-01 4.293963714700785861e-01 0.000000000000000000e+00 0.000000000000000000e+00 3.433805763071450801e-01 4.102869617392633783e-01 2.892479717544199080e-01 0.000000000000000000e+00 0.000000000000000000e+00 0.000000000000000000e+00 2.939904942959588041e-01 3.925867745200138370e-01 3.422885800063868444e-01 3.824125144656516095e-01 3.623707116754925073e-01 4.333042837353114352e-01 4.061766952956930576e-01 4.245203221476510080e-01 3.585552958161283277e-01 0.000000000000000000e+00 0.000000000000000000e+00 0.000000000000000000e+00 0.000000000000000000e+00 0.000000000000000000e+00 0.000000000000000000e+00 0.000000000000000000e+00 0.000000000000000000e+00 0.000000000000000000e+00 0.000000000000000000e+00 0.000000000000000000e+00 3.863602891087636326e-01 0.000000000000000000e+00 3.917281646791153094e-01 0.000000000000000000e+00 0.000000000000000000e+00 0.000000000000000000e+00 3.380640242267637374e-01 0.000000000000000000e+00 3.749768196550831711e-01 0.000000000000000000e+00 3.975734594167781855e-01 0.000000000000000000e+00 3.847007651840511078e-01 0.000000000000000000e+00 3.524749059548740737e-01 0.000000000000000000e+00 3.824478107051739739e-01 0.000000000000000000e+00 3.965328724520251757e-01 0.000000000000000000e+00 3.973604912086312613e-01 0.000000000000000000e+00 3.003150006939056538e-01 4.519834015026749086e-01 3.379047804981384351e-01 3.875158051408374993e-01 0.000000000000000000e+00 0.000000000000000000e+00 3.690722015222632768e-01 3.780878029982168154e-01 0.000000000000000000e+00 0.000000000000000000e+00 3.374832755720059141e-01 0.000000000000000000e+00 0.000000000000000000e+00 0.000000000000000000e+00 3.751819498013622134e-01 0.000000000000000000e+00 3.526832410954393038e-01 0.000000000000000000e+00 3.603772905401456117e-01 0.000000000000000000e+00 3.842631546358160621e-01 0.000000000000000000e+00 3.661299834710743939e-01 0.000000000000000000e+00 3.954599694301240143e-01 0.000000000000000000e+00 0.000000000000000000e+00 0.000000000000000000e+00 3.948372143939393730e-01 0.000000000000000000e+00 0.000000000000000000e+00 3.965562872265022687e-01 3.899616428571427984e-01 0.000000000000000000e+00 3.768473584132203125e-01 4.475517448979592361e-01 0.000000000000000000e+00 0.000000000000000000e+00 0.000000000000000000e+00 0.000000000000000000e+00 0.000000000000000000e+00 0.000000000000000000e+00 0.000000000000000000e+00 0.000000000000000000e+00 0.000000000000000000e+00 0.000000000000000000e+00
