2.905918601307265758e-01 4.994336150341652236e-01 3.734629018295141933e-01 5.180089730948850280e-01 3.228232601336863961e-01 0.000000000000000000e+00 3.520232936792109801e-01 4.878294595005859824e-01 3.538350366733249985e-01 0.000000000000000000e+00 3.101879050370524582e-01 4.795897195121951451e-01 3.144547341147941877e-01 0.000000000000000000e+00 3.669518514985173896e-01 0.000000000000000000e+00 3.191832400089353317e-01 5.052253442113426862e-01 4.056782978811250273e-01 5.183719174650321948e-01 0.000000000000000000e+00 0.000000000000000000e+00 4.136214020424089921e-01 0.000000000000000000e+00 4.355256554621849130e-01 0.000000000000000000e+00 0.000000000000000000e+00 0.000000000000000000e+00 4.043306027757632704e-01 5.332507191059079332e-01 4.209873134217672064e-01 4.776037297297296980e-01 3.872519793398793153e-01 5.123520933526448662e-01 0.000000000000000000e+00 0.000000000000000000e+00 4.552616763828578050e-01 0.000000000000000000e+00 5.335206112097012898e-01 0.000000000000000000e+00 4.161139443097554014e-01 0.000000000000000000e+00 0.000000000000000000e+00 0.000000000000000000e+00 4.104654889543891128e-01 0.000000000000000000e+00 4.399565096153846278e-01 0.000000000000000000e+00 4.219608762536128932e-01 0.000000000000000000e+00 4.113480619120709614e-01 4.894999999999999352e-01 4.132288726886083063e-01 0.000000000000000000e+00 4.062813066400667306e-01 0.000000000000000000e+00 3.197381600160446036e-01 4.896866932309515419e-01 3.940183954101753039e-01 4.952365236394558057e-01 4.067052675967576247e-01 4.795392550335570991e-01 3.982706645006845458e-01 4.797099973727422251e-01 4.244917300571995900e-01 4.900390965811966537e-01 4.076949991532425877e-01 4.925539293852677081e-01 3.173166871187199090e-01 5.266222649663298006e-01 3.689121787656248208e-01 4.693671782407407012e-01 3.687583921211458615e-01 4.377691663763066399e-01 0.000000000000000000e+00 0.000000000000000000e+00 3.944908353281412761e-01 4.736345124259084827e-01 3.956525185185185145e-01 0.000000000000000000e+00 3.652225079824215626e-01 0.000000000000000000e+00 3.453260162352972396e-01 0.000000000000000000e+00 4.335431115982886774e-01 0.000000000000000000e+00 4.024986785714285698e-01 0.000000000000000000e+00 4.258034401351037945e-01 4.790952320099255424e-01 4.342312538245180487e-01 4.343551068099174017e-01 4.143678953696944278e-01 0.000000000000000000e+00 4.279105291988213877e-01 4.162957560975610316e-01 0.000000000000000000e+00 0.000000000000000000e+00 0.000000000000000000e+00 4.837473333333333625e-01 4.627995236127956380e-01 4.435014523809523990e-01 4.195144493127562213e-01 0.000000000000000000e+00 4.379407787878787928e-01 0.000000000000000000e+00 4.975262041850838646e-01 0.000000000000000000e+00 0.000000000000000000e+00 0.000000000000000000e+00 0.000000000000000000e+00 4.376363108974358207e-01 0.000000000000000000e+00 4.188545151033385983e-01 0.000000000000000000e+00 0.000000000000000000e+00
4.994336150341652236e-01 3.061603693577105711e-01 5.043358372634416664e-01 3.307353200059099385e-01 0.000000000000000000e+00 3.478300931960410236e-01 4.927557948651555275e-01 3.540346619949181206e-01 0.000000000000000000e+00 3.325748111400034790e-01 4.802426524413972442e-01 3.400719772617726289e-01 0.000000000000000000e+00 3.812023687009700179e-01 4.806909913793103728e-01 3.854002988505746408e-01 4.840309972179752118e-01 3.289649647635550789e-01 5.229840027561872828e-01 3.532894599463565211e-01 0.000000000000000000e+00 4.459123237410071994e-01 4.792516746688050833e-01 3.837910967564890918e-01 0.000000000000000000e+00 0.000000000000000000e+00 0.000000000000000000e+00 0.000000000000000000e+00 5.078057559562841883e-01 4.221746673780563119e-01 4.761840410905279763e-01 4.467369634541702994e-01 5.221722078779469367e-01 4.936284416205938275e-01 4.763274452139411030e-01 3.939137913043478378e-01 5.054445217354105457e-01 4.832156520545786704e-01 0.000000000000000000e+00 4.671943973585115928e-01 5.036605945945945573e-01 0.000000000000000000e+00 4.600408848920863325e-01 4.372358439716312328e-01 0.000000000000000000e+00 3.948917232113054454e-01 0.000000000000000000e+00 4.443777846153846856e-01 4.956703515625000001e-01 4.026778208754237531e-01 4.837539393939394028e-01 4.122235571028868839e-01 0.000000000000000000e+00 4.091970766414141369e-01 0.000000000000000000e+00 4.144527977497037274e-01 4.879566077871790308e-01 3.450053113508197988e-01 5.017330907754747882e-01 4.088704277387447128e-01 5.027058682624746533e-01 4.110439278089528803e-01 5.059151517857143343e-01 3.960643481156071455e-01 4.443101764705882362e-01 4.142162811041897874e-01 4.993001980431652775e-01 4.119378991003144197e-01 5.242138027683291845e-01 2.811932288720828677e-01 5.136981974464173151e-01 3.857112251525182112e-01 4.731404459459458978e-01 3.890527272420318261e-01 0.000000000000000000e+00 3.487375141727093175e-01 4.802746859192623674e-01 3.972944882157223301e-01 0.000000000000000000e+00 4.247701124999999633e-01 4.697408307206067946e-01 4.334081327084945978e-01 0.000000000000000000e+00 4.007791213621192949e-01 4.748638883469410432e-01 4.452682552268766858e-01 0.000000000000000000e+00 4.561507580645162152e-01 4.528056521739131091e-01 4.476583425203188304e-01 0.000000000000000000e+00 4.014572808142150562e-01 0.000000000000000000e+00 4.638643700956596727e-01 4.326369221273396182e-01 4.037777328720486558e-01 4.342484079999999746e-01 4.516319600025847092e-01 0.000000000000000000e+00 5.209617596153846009e-01 0.000000000000000000e+00 0.000000000000000000e+00 0.000000000000000000e+00 4.477644070816234612e-01 0.000000000000000000e+00 4.906606155648099987e-01 0.000000000000000000e+00 0.000000000000000000e+00 0.000000000000000000e+00 0.000000000000000000e+00 0.000000000000000000e+00 0.000000000000000000e+00 0.000000000000000000e+00 0.000000000000000000e+00 0.000000000000000000e+00 0.000000000000000000e+00
3.734629018295141933e-01 5.043358372634416664e-01 2.555693271176898151e-01 4.952928240981838148e-01 1.477414418931018714e-01 4.875037992251618491e-01 3.079129970236832992e-01 4.892463064889034374e-01 2.671898902404287179e-01 4.638166363913570067e-01 4.018785537173182876e-01 4.947482286027912179e-01 3.725613304146021543e-01 4.639251174819422063e-01 3.510853298545945078e-01 4.697166957572502799e-01 4.097368355259946027e-01 4.170141488192737889e-01 3.314087762695094863e-01 5.228882016570313152e-01 3.761277094645549823e-01 0.000000000000000000e+00 2.534706807829416597e-01 4.954277918717563955e-01 2.841728813084938299e-01 4.649286573687188007e-01 2.806398609965119473e-01 4.945792253521127391e-01 3.627329173833546139e-01 4.856631633885412080e-01 3.525041431193194907e-01 4.515448465950084866e-01 4.054319646136560484e-01 5.253069770600823363e-01 4.469949687500000546e-01 0.000000000000000000e+00 4.409554947170089556e-01 0.000000000000000000e+00 4.387700595238094858e-01 0.000000000000000000e+00 4.350014545454545245e-01 0.000000000000000000e+00 4.233763959620596151e-01 0.000000000000000000e+00 4.135517787805356171e-01 0.000000000000000000e+00 4.551601325357340078e-01 0.000000000000000000e+00 4.194491022682940717e-01 0.000000000000000000e+00 3.939574105467206211e-01 0.000000000000000000e+00 4.144406837457914605e-01 0.000000000000000000e+00 3.773183943172588872e-01 0.000000000000000000e+00 4.040538138879521401e-01 0.000000000000000000e+00 4.166301105916774272e-01 4.933468525923143666e-01 4.059161790899794564e-01 5.007160927835051512e-01 3.455363419243986378e-01 0.000000000000000000e+00 4.017333221615525529e-01 5.008113688524590268e-01 4.406078316834037834e-01 5.157954659713543943e-01 3.172911292855037924e-01 0.000000000000000000e+00 3.887060673618495388e-01 5.236445270985989886e-01 3.811982900360083582e-01 4.821016935725618291e-01 2.922103404255319559e-01 0.000000000000000000e+00 3.983641895342850403e-01 4.678115885325703216e-01 3.769659649731313955e-01 0.000000000000000000e+00 3.971360475839516568e-01 0.000000000000000000e+00 4.074401201112878290e-01 0.000000000000000000e+00 3.938086320121023109e-01 4.728594187295231954e-01 0.000000000000000000e+00 0.000000000000000000e+00 3.752117239224579959e-01 4.735839053013253253e-01 0.000000000000000000e+00 4.372303375616631849e-01 4.278747552013520972e-01 4.214870069930069518e-01 4.317278645526441139e-01 4.136614349939613522e-01 0.000000000000000000e+00 0.000000000000000000e+00 0.000000000000000000e+00 3.980920610687022632e-01 0.000000000000000000e+00 3.861157920000000132e-01 4.087910000000000155e-01 0.000000000000000000e+00 4.269101043309600496e-01 4.223163524590163309e-01 0.000000000000000000e+00 0.000000000000000000e+00 0.000000000000000000e+00 0.000000000000000000e+00 0.000000000000000000e+00 0.000000000000000000e+00 0.000000000000000000e+00 0.000000000000000000e+00 4.318201619047618567e-01 0.000000000000000000e+00
5.180089730948850280e-01 3.307353200059099385e-01 4.952928240981838148e-01 2.554384772236454326e-01 4.930613128009352919e-01 2.519602979539665166e-01 4.842750315992127574e-01 2.769839005805803667e-01 4.883233884769546673e-01 3.278807297407712040e-01 4.902240684299741247e-01 3.868732713488348685e-01 4.630411661112197041e-01 3.559778776292742419e-01 0.000000000000000000e+00 3.536535849834466783e-01 5.151027775576901835e-01 4.138831792064345261e-01 5.200366198800858708e-01 3.217686842913795586e-01 0.000000000000000000e+00 4.040920727272727109e-01 4.809468241793445342e-01 2.342170531212059981e-01 5.050996136259141567e-01 3.225019256973699067e-01 0.000000000000000000e+00 3.595544862952011478e-01 4.879850081899984038e-01 3.914707575934803230e-01 4.584081344971214222e-01 3.794143381770433421e-01 5.179211325021032541e-01 4.294592539743418702e-01 4.780123783783783442e-01 4.927481480540216174e-01 0.000000000000000000e+00 4.396545792944644981e-01 0.000000000000000000e+00 4.655541500587252468e-01 0.000000000000000000e+00 0.000000000000000000e+00 0.000000000000000000e+00 4.155755725806451473e-01 0.000000000000000000e+00 4.408591970356492418e-01 0.000000000000000000e+00 4.406708292682927630e-01 5.170723935483870770e-01 4.338885778440947361e-01 5.594060199999999483e-01 4.203986970437834092e-01 0.000000000000000000e+00 0.000000000000000000e+00 0.000000000000000000e+00 4.593191889763779678e-01 4.933979686147186294e-01 4.223117382693827859e-01 4.992656222786052700e-01 4.413762369137906871e-01 5.115074776119403754e-01 4.132300158502570930e-01 0.000000000000000000e+00 3.944658895636909968e-01 0.000000000000000000e+00 4.280348823407603143e-01 5.298138211289091792e-01 4.613230444769078620e-01 5.154346739798727484e-01 3.860834020198873340e-01 5.185006199850396014e-01 3.948621961627272747e-01 4.539158117125357550e-01 3.971482473396092394e-01 0.000000000000000000e+00 3.603101764824649389e-01 4.638719811980385743e-01 4.075144832371220271e-01 0.000000000000000000e+00 0.000000000000000000e+00 0.000000000000000000e+00 3.990589927190725250e-01 0.000000000000000000e+00 4.074657282150224713e-01 4.983586614173228235e-01 4.052948205854127739e-01 0.000000000000000000e+00 4.176425639534883660e-01 5.269046015625000745e-01 4.138682147899904740e-01 4.581153455510617034e-01 4.331010856488754501e-01 4.523741891529867720e-01 4.302008907654839565e-01 4.375088218164616127e-01 4.094873021702552518e-01 0.000000000000000000e+00 0.000000000000000000e+00 0.000000000000000000e+00 0.000000000000000000e+00 0.000000000000000000e+00 4.224678208696623916e-01 0.000000000000000000e+00 4.200585221887211951e-01 0.000000000000000000e+00 4.223109683172521223e-01 0.000000000000000000e+00 0.000000000000000000e+00 0.000000000000000000e+00 0.000000000000000000e+00 0.000000000000000000e+00 0.000000000000000000e+00 0.000000000000000000e+00 0.000000000000000000e+00 0.000000000000000000e+00 0.000000000000000000e+00
3.228232601336863961e-01 0.000000000000000000e+00 1.477414418931018714e-01 4.930613128009352919e-01 2.226088881220252280e-01 4.670692992088607554e-01 2.382466491709774592e-01 4.827842021163963326e-01 2.704146505459758543e-01 4.835405850435729458e-01 3.464583552492046525e-01 0.000000000000000000e+00 3.169411372548364136e-01 0.000000000000000000e+00 3.003211233448210837e-01 0.000000000000000000e+00 4.141557904761904996e-01 0.000000000000000000e+00 4.109161941666666928e-01 0.000000000000000000e+00 3.392442017409632027e-01 4.313247241379309371e-01 2.849246265105775389e-01 5.061202549008916307e-01 1.950608205984331045e-01 4.527674368727774845e-01 2.720886716707203168e-01 4.195683407489803618e-01 3.298746958261852824e-01 4.960735277777776897e-01 3.687977031241237991e-01 4.233401834230536842e-01 0.000000000000000000e+00 0.000000000000000000e+00 0.000000000000000000e+00 0.000000000000000000e+00 3.857378474576270699e-01 0.000000000000000000e+00 0.000000000000000000e+00 0.000000000000000000e+00 0.000000000000000000e+00 0.000000000000000000e+00 0.000000000000000000e+00 0.000000000000000000e+00 0.000000000000000000e+00 0.000000000000000000e+00 4.407741431735575088e-01 0.000000000000000000e+00 0.000000000000000000e+00 0.000000000000000000e+00 4.108612947407750404e-01 0.000000000000000000e+00 0.000000000000000000e+00 0.000000000000000000e+00 4.642786842105263156e-01 0.000000000000000000e+00 4.150706476457675098e-01 0.000000000000000000e+00 3.850622800000000345e-01 0.000000000000000000e+00 0.000000000000000000e+00 0.000000000000000000e+00 3.323834862385320887e-01 0.000000000000000000e+00 0.000000000000000000e+00 0.000000000000000000e+00 0.000000000000000000e+00 0.000000000000000000e+00 0.000000000000000000e+00 0.000000000000000000e+00 3.677497067552542021e-01 5.127214808408970814e-01 3.604009933418713674e-01 0.000000000000000000e+00 0.000000000000000000e+00 0.000000000000000000e+00 3.502327470144747656e-01 0.000000000000000000e+00 0.000000000000000000e+00 0.000000000000000000e+00 3.725922303016132031e-01 0.000000000000000000e+00 3.330027905405406052e-01 0.000000000000000000e+00 3.872174087094622519e-01 0.000000000000000000e+00 0.000000000000000000e+00 0.000000000000000000e+00 4.109959595564428025e-01 0.000000000000000000e+00 3.818346062992126200e-01 0.000000000000000000e+00 0.000000000000000000e+00 0.000000000000000000e+00 3.960892305790043588e-01 0.000000000000000000e+00 0.000000000000000000e+00 0.000000000000000000e+00 0.000000000000000000e+00 0.000000000000000000e+00 0.000000000000000000e+00 0.000000000000000000e+00 0.000000000000000000e+00 3.894864117647058865e-01 0.000000000000000000e+00 3.875637636363636340e-01 0.000000000000000000e+00 0.000000000000000000e+00 0.000000000000000000e+00 0.000000000000000000e+00 4.086738560000000020e-01 0.000000000000000000e+00 0.000000000000000000e+00 0.000000000000000000e+00 0.000000000000000000e+00 0.000000000000000000e+00
0.000000000000000000e+00 3.478300931960410236e-01 4.875037992251618491e-01 2.519602979539665166e-01 4.670692992088607554e-01 1.941822458647324279e-01 4.673090076706253315e-01 2.830077464904425244e-01 4.765052997746860863e-01 2.194175879336111579e-01 0.000000000000000000e+00 3.148578407894737086e-01 0.000000000000000000e+00 3.437258833358043386e-01 4.937610493827160330e-01 2.700054432327055887e-01 0.000000000000000000e+00 0.000000000000000000e+00 0.000000000000000000e+00 3.912255711770623590e-01 3.943194922451055962e-01 3.101794368419024672e-01 4.658543088119519449e-01 3.225876661166471870e-01 4.559424312429561921e-01 2.184244676860395973e-01 4.717573159937514249e-01 2.386082392466411795e-01 0.000000000000000000e+00 2.783341497822277022e-01 4.618102765617063676e-01 3.589748313616702435e-01 0.000000000000000000e+00 4.289573457227615072e-01 0.000000000000000000e+00 0.000000000000000000e+00 0.000000000000000000e+00 0.000000000000000000e+00 0.000000000000000000e+00 0.000000000000000000e+00 0.000000000000000000e+00 0.000000000000000000e+00 0.000000000000000000e+00 0.000000000000000000e+00 0.000000000000000000e+00 0.000000000000000000e+00 0.000000000000000000e+00 0.000000000000000000e+00 0.000000000000000000e+00 0.000000000000000000e+00 0.000000000000000000e+00 0.000000000000000000e+00 0.000000000000000000e+00 0.000000000000000000e+00 0.000000000000000000e+00 0.000000000000000000e+00 0.000000000000000000e+00 4.174014076923077687e-01 0.000000000000000000e+00 3.823616766917292686e-01 0.000000000000000000e+00 0.000000000000000000e+00 0.000000000000000000e+00 0.000000000000000000e+00 0.000000000000000000e+00 0.000000000000000000e+00 0.000000000000000000e+00 0.000000000000000000e+00 0.000000000000000000e+00 0.000000000000000000e+00 4.985883431229288232e-01 3.657540969374544204e-01 5.149814078947367868e-01 3.448206270475842605e-01 0.000000000000000000e+00 2.475488991304347630e-01 4.560861984126984292e-01 3.888443969964558988e-01 0.000000000000000000e+00 0.000000000000000000e+00 0.000000000000000000e+00 3.743481530612244867e-01 0.000000000000000000e+00 3.094366756756756209e-01 0.000000000000000000e+00 4.030892198534461457e-01 0.000000000000000000e+00 0.000000000000000000e+00 0.000000000000000000e+00 3.678811305924385433e-01 0.000000000000000000e+00 0.000000000000000000e+00 0.000000000000000000e+00 0.000000000000000000e+00 0.000000000000000000e+00 0.000000000000000000e+00 0.000000000000000000e+00 0.000000000000000000e+00 0.000000000000000000e+00 0.000000000000000000e+00 0.000000000000000000e+00 0.000000000000000000e+00 0.000000000000000000e+00 0.000000000000000000e+00 0.000000000000000000e+00 0.000000000000000000e+00 0.000000000000000000e+00 0.000000000000000000e+00 0.000000000000000000e+00 0.000000000000000000e+00 0.000000000000000000e+00 0.000000000000000000e+00 0.000000000000000000e+00 0.000000000000000000e+00 0.000000000000000000e+00 0.000000000000000000e+00
3.520232936792109801e-01 4.927557948651555275e-01 3.079129970236832992e-01 4.842750315992127574e-01 2.382466491709774592e-01 4.673090076706253315e-01 2.877756083123606534e-01 4.694616329170399616e-01 3.237616553913129636e-01 4.374566320005295328e-01 3.765385234630183597e-01 4.798045332636788896e-01 3.114891944391326439e-01 4.522037673011462533e-01 3.587625520993150685e-01 4.395818782608695297e-01 4.003511552261488360e-01 4.881064003491777936e-01 4.163465292777671634e-01 5.060139104189779191e-01 0.000000000000000000e+00 0.000000000000000000e+00 3.825653916797004950e-01 4.721056276613606051e-01 3.198781728800261237e-01 4.525552859624067392e-01 0.000000000000000000e+00 0.000000000000000000e+00 3.616123511594939721e-01 4.800486752806829016e-01 3.978679138257906200e-01 4.619506763483360312e-01 3.717698281773887392e-01 5.064461138293355758e-01 4.721065322580645374e-01 0.000000000000000000e+00 4.356533750990926879e-01 0.000000000000000000e+00 0.000000000000000000e+00 0.000000000000000000e+00 4.024621631205673178e-01 0.000000000000000000e+00 3.908334254598425095e-01 0.000000000000000000e+00 3.909892762225538609e-01 0.000000000000000000e+00 4.158461044776118887e-01 0.000000000000000000e+00 3.903390267620589493e-01 4.923662233751429085e-01 3.941108939054095428e-01 0.000000000000000000e+00 3.956844429744925118e-01 0.000000000000000000e+00 4.134312830143789252e-01 0.000000000000000000e+00 4.018828223361667340e-01 4.669122021417188573e-01 3.947371506059477730e-01 4.880005660555762348e-01 3.984457649014462866e-01 0.000000000000000000e+00 3.976551381030123955e-01 0.000000000000000000e+00 4.071109941832550816e-01 4.547104487883181778e-01 4.174260784794938117e-01 4.735114949408404383e-01 4.278744518497510363e-01 4.542940763237193202e-01 3.407319350478917319e-01 4.977187577770015303e-01 3.664735027859139516e-01 4.730125106535045254e-01 3.162313589743590558e-01 0.000000000000000000e+00 3.739972935059769910e-01 4.619493439098464882e-01 3.769888591549296342e-01 0.000000000000000000e+00 3.996468629100431436e-01 0.000000000000000000e+00 4.428643148148148634e-01 0.000000000000000000e+00 4.161031650477290400e-01 4.435041013575350410e-01 3.934802702702702715e-01 0.000000000000000000e+00 4.089333205523976167e-01 4.072044107142857028e-01 4.163121031746031542e-01 4.228069756097561638e-01 4.108937481481481635e-01 0.000000000000000000e+00 4.376507692536041882e-01 4.463655999999998625e-01 0.000000000000000000e+00 0.000000000000000000e+00 0.000000000000000000e+00 0.000000000000000000e+00 0.000000000000000000e+00 0.000000000000000000e+00 4.101924574123064215e-01 4.161851094488189240e-01 4.120824727272727750e-01 0.000000000000000000e+00 0.000000000000000000e+00 0.000000000000000000e+00 0.000000000000000000e+00 0.000000000000000000e+00 0.000000000000000000e+00 4.044673474576270800e-01 0.000000000000000000e+00 0.000000000000000000e+00 0.000000000000000000e+00 0.000000000000000000e+00
4.878294595005859824e-01 3.540346619949181206e-01 4.892463064889034374e-01 2.769839005805803667e-01 4.827842021163963326e-01 2.830077464904425244e-01 4.694616329170399616e-01 2.656179929493084346e-01 4.865658244347802475e-01 2.855018492988523060e-01 4.711629270722607621e-01 3.523596739429666336e-01 4.530560296630844475e-01 2.974596503678347825e-01 4.773393909632034360e-01 3.060858411649172717e-01 4.712908481684981998e-01 3.937460350110765228e-01 4.974084515757581926e-01 4.003027861042085522e-01 0.000000000000000000e+00 3.798464000000000285e-01 4.740473588566913032e-01 3.622825770546780344e-01 5.077577179902331705e-01 3.503249690985170695e-01 0.000000000000000000e+00 3.849224176084101168e-01 4.784535078194684377e-01 3.521558904188394346e-01 4.548492929441871890e-01 4.137381487169098371e-01 4.824589288643915674e-01 4.355105255725985058e-01 5.121635176470589190e-01 4.083776153846153667e-01 5.115168518518518059e-01 4.212901208946605025e-01 0.000000000000000000e+00 4.462010880785324263e-01 0.000000000000000000e+00 0.000000000000000000e+00 0.000000000000000000e+00 3.953296787483269736e-01 5.265156153846153320e-01 3.769830309673745661e-01 0.000000000000000000e+00 4.322745485589176706e-01 0.000000000000000000e+00 3.879786564001823645e-01 4.858805973154362579e-01 3.863399111306473621e-01 0.000000000000000000e+00 3.764868972073238673e-01 0.000000000000000000e+00 3.920427687027618902e-01 0.000000000000000000e+00 3.985548741591621869e-01 4.781063365825014566e-01 4.176974146384304087e-01 5.012642526315791436e-01 3.948790478481313815e-01 0.000000000000000000e+00 3.865340784882334013e-01 5.058910298507462988e-01 4.004539771431309125e-01 4.690825873442694416e-01 4.329692771637767557e-01 0.000000000000000000e+00 4.131159939801765657e-01 4.892661134942707934e-01 3.433073349255491569e-01 4.656400346632583731e-01 3.662769309090823100e-01 0.000000000000000000e+00 3.718909903427417007e-01 4.632946701323296668e-01 3.881500309748573407e-01 0.000000000000000000e+00 0.000000000000000000e+00 4.683650759493669935e-01 3.997057639235428450e-01 0.000000000000000000e+00 4.043129249673202419e-01 0.000000000000000000e+00 4.064246423869217750e-01 0.000000000000000000e+00 4.176387354204239011e-01 0.000000000000000000e+00 4.006338967667475437e-01 4.484783333333333677e-01 0.000000000000000000e+00 0.000000000000000000e+00 3.851864038003260937e-01 4.398025813186813293e-01 4.027468855089934019e-01 0.000000000000000000e+00 0.000000000000000000e+00 0.000000000000000000e+00 0.000000000000000000e+00 0.000000000000000000e+00 0.000000000000000000e+00 0.000000000000000000e+00 4.432736715198863364e-01 0.000000000000000000e+00 4.533567070707070767e-01 0.000000000000000000e+00 0.000000000000000000e+00 0.000000000000000000e+00 0.000000000000000000e+00 0.000000000000000000e+00 0.000000000000000000e+00 0.000000000000000000e+00 0.000000000000000000e+00 0.000000000000000000e+00 0.000000000000000000e+00
3.538350366733249985e-01 0.000000000000000000e+00 2.671898902404287179e-01 4.883233884769546673e-01 2.704146505459758543e-01 4.765052997746860863e-01 3.237616553913129636e-01 4.865658244347802475e-01 2.592180145797317037e-01 4.905840940259740268e-01 3.619213737888147819e-01 0.000000000000000000e+00 3.097213007051625722e-01 0.000000000000000000e+00 2.466344309375257116e-01 0.000000000000000000e+00 3.911027539607181969e-01 0.000000000000000000e+00 4.312527884615384721e-01 0.000000000000000000e+00 3.602660172054406584e-01 0.000000000000000000e+00 3.787123076517479037e-01 4.810820722610723021e-01 2.710338495192307628e-01 4.698438886134903014e-01 2.614586366397498307e-01 4.825412380952380786e-01 3.371127267228011259e-01 0.000000000000000000e+00 3.849639032258063698e-01 4.233398342696246264e-01 0.000000000000000000e+00 0.000000000000000000e+00 0.000000000000000000e+00 0.000000000000000000e+00 0.000000000000000000e+00 0.000000000000000000e+00 3.968151149425288571e-01 0.000000000000000000e+00 3.846013489546606379e-01 0.000000000000000000e+00 4.536373032786885084e-01 0.000000000000000000e+00 0.000000000000000000e+00 0.000000000000000000e+00 4.508767850467289562e-01 0.000000000000000000e+00 0.000000000000000000e+00 0.000000000000000000e+00 4.518953183739012336e-01 0.000000000000000000e+00 0.000000000000000000e+00 0.000000000000000000e+00 0.000000000000000000e+00 0.000000000000000000e+00 3.842979274647405630e-01 0.000000000000000000e+00 3.853902268907563045e-01 0.000000000000000000e+00 4.280803540234439653e-01 0.000000000000000000e+00 3.677391805527840951e-01 0.000000000000000000e+00 0.000000000000000000e+00 0.000000000000000000e+00 4.043187739130435499e-01 0.000000000000000000e+00 4.209269864279399087e-01 0.000000000000000000e+00 3.422396845914464913e-01 0.000000000000000000e+00 3.478583780311057527e-01 4.672679826086955646e-01 0.000000000000000000e+00 0.000000000000000000e+00 3.612268172952486367e-01 0.000000000000000000e+00 0.000000000000000000e+00 0.000000000000000000e+00 3.913041180953568676e-01 0.000000000000000000e+00 2.570738888888888796e-01 0.000000000000000000e+00 3.979287780181336442e-01 0.000000000000000000e+00 0.000000000000000000e+00 0.000000000000000000e+00 4.049121552405323676e-01 0.000000000000000000e+00 0.000000000000000000e+00 4.025605279999999175e-01 3.679102314049587097e-01 4.423563388429752052e-01 4.128462771084337457e-01 0.000000000000000000e+00 0.000000000000000000e+00 0.000000000000000000e+00 0.000000000000000000e+00 0.000000000000000000e+00 4.015329844961240680e-01 4.021616259541985205e-01 0.000000000000000000e+00 0.000000000000000000e+00 0.000000000000000000e+00 4.165685576923076616e-01 0.000000000000000000e+00 0.000000000000000000e+00 0.000000000000000000e+00 0.000000000000000000e+00 0.000000000000000000e+00 0.000000000000000000e+00 0.000000000000000000e+00 0.000000000000000000e+00 0.000000000000000000e+00 0.000000000000000000e+00
0.000000000000000000e+00 3.325748111400034790e-01 4.638166363913570067e-01 3.278807297407712040e-01 4.835405850435729458e-01 2.194175879336111579e-01 4.374566320005295328e-01 2.855018492988523060e-01 4.905840940259740268e-01 2.136171237599601425e-01 0.000000000000000000e+00 3.349930928413464293e-01 0.000000000000000000e+00 3.324897007183486020e-01 0.000000000000000000e+00 2.407576727368109515e-01 0.000000000000000000e+00 3.454392411236424376e-01 4.799304615384615280e-01 3.371377941176470494e-01 0.000000000000000000e+00 3.096132152864626286e-01 4.628853728194292083e-01 3.763651363929146343e-01 4.975920103959194929e-01 3.836700400791686616e-01 0.000000000000000000e+00 2.853318031499078034e-01 0.000000000000000000e+00 3.403988897260442625e-01 4.625506344353728094e-01 3.882467123480894400e-01 0.000000000000000000e+00 0.000000000000000000e+00 0.000000000000000000e+00 0.000000000000000000e+00 0.000000000000000000e+00 4.033873912638287762e-01 0.000000000000000000e+00 0.000000000000000000e+00 0.000000000000000000e+00 0.000000000000000000e+00 0.000000000000000000e+00 0.000000000000000000e+00 0.000000000000000000e+00 0.000000000000000000e+00 0.000000000000000000e+00 0.000000000000000000e+00 0.000000000000000000e+00 0.000000000000000000e+00 0.000000000000000000e+00 0.000000000000000000e+00 0.000000000000000000e+00 0.000000000000000000e+00 0.000000000000000000e+00 0.000000000000000000e+00 0.000000000000000000e+00 4.105919854664145663e-01 0.000000000000000000e+00 0.000000000000000000e+00 0.000000000000000000e+00 0.000000000000000000e+00 0.000000000000000000e+00 3.844024222696723059e-01 0.000000000000000000e+00 0.000000000000000000e+00 0.000000000000000000e+00 4.768539117647058179e-01 0.000000000000000000e+00 0.000000000000000000e+00 0.000000000000000000e+00 3.281728156293128307e-01 0.000000000000000000e+00 3.540938382148602903e-01 0.000000000000000000e+00 0.000000000000000000e+00 0.000000000000000000e+00 3.701000675341151180e-01 0.000000000000000000e+00 4.362488157894737206e-01 0.000000000000000000e+00 3.879624528249978610e-01 0.000000000000000000e+00 0.000000000000000000e+00 0.000000000000000000e+00 4.020794064795975564e-01 0.000000000000000000e+00 0.000000000000000000e+00 0.000000000000000000e+00 4.490393968483872844e-01 0.000000000000000000e+00 0.000000000000000000e+00 0.000000000000000000e+00 0.000000000000000000e+00 3.920077052631579795e-01 0.000000000000000000e+00 0.000000000000000000e+00 0.000000000000000000e+00 0.000000000000000000e+00 0.000000000000000000e+00 0.000000000000000000e+00 3.667546614173228248e-01 0.000000000000000000e+00 0.000000000000000000e+00 0.000000000000000000e+00 0.000000000000000000e+00 0.000000000000000000e+00 0.000000000000000000e+00 0.000000000000000000e+00 0.000000000000000000e+00 0.000000000000000000e+00 0.000000000000000000e+00 0.000000000000000000e+00 0.000000000000000000e+00 0.000000000000000000e+00 0.000000000000000000e+00
3.101879050370524582e-01 4.802426524413972442e-01 4.018785537173182876e-01 4.902240684299741247e-01 3.464583552492046525e-01 0.000000000000000000e+00 3.765385234630183597e-01 4.711629270722607621e-01 3.619213737888147819e-01 0.000000000000000000e+00 3.182170756473508555e-01 4.713382138846828329e-01 3.245896601353320254e-01 4.405703064482739406e-01 3.731234225502347290e-01 0.000000000000000000e+00 3.144272689539077681e-01 0.000000000000000000e+00 4.225948315790922782e-01 5.033744047681303346e-01 0.000000000000000000e+00 0.000000000000000000e+00 3.989994891603350635e-01 4.679590300755469556e-01 0.000000000000000000e+00 0.000000000000000000e+00 4.561141744186046898e-01 0.000000000000000000e+00 3.324769356772426798e-01 4.639136438356164516e-01 3.952552213942815973e-01 4.645305604783001585e-01 3.813716510440759988e-01 4.884713959602308697e-01 0.000000000000000000e+00 0.000000000000000000e+00 0.000000000000000000e+00 0.000000000000000000e+00 0.000000000000000000e+00 0.000000000000000000e+00 0.000000000000000000e+00 0.000000000000000000e+00 0.000000000000000000e+00 0.000000000000000000e+00 0.000000000000000000e+00 0.000000000000000000e+00 0.000000000000000000e+00 0.000000000000000000e+00 3.907455668840383867e-01 4.141275179856115374e-01 3.943940797220317207e-01 0.000000000000000000e+00 4.000827917697289404e-01 0.000000000000000000e+00 4.053836846813809180e-01 0.000000000000000000e+00 3.403861791050291630e-01 0.000000000000000000e+00 3.907346726026701411e-01 0.000000000000000000e+00 4.275232724274128926e-01 5.055647722772277364e-01 4.350966818404659042e-01 0.000000000000000000e+00 4.375334327430144277e-01 0.000000000000000000e+00 4.274503268501571585e-01 0.000000000000000000e+00 4.213005301465084784e-01 0.000000000000000000e+00 3.636838098731228763e-01 4.730194869115458833e-01 3.610579588226510150e-01 4.819521673212452950e-01 0.000000000000000000e+00 0.000000000000000000e+00 4.135338080310668185e-01 4.997563118279570449e-01 4.437945624324324267e-01 0.000000000000000000e+00 4.219335315198345371e-01 0.000000000000000000e+00 3.216069327529233468e-01 0.000000000000000000e+00 4.361609569110013185e-01 0.000000000000000000e+00 0.000000000000000000e+00 0.000000000000000000e+00 4.348802239940379177e-01 0.000000000000000000e+00 0.000000000000000000e+00 0.000000000000000000e+00 0.000000000000000000e+00 0.000000000000000000e+00 0.000000000000000000e+00 0.000000000000000000e+00 0.000000000000000000e+00 0.000000000000000000e+00 0.000000000000000000e+00 0.000000000000000000e+00 0.000000000000000000e+00 4.978610629921260688e-01 0.000000000000000000e+00 0.000000000000000000e+00 4.723663333333332770e-01 0.000000000000000000e+00 0.000000000000000000e+00 0.000000000000000000e+00 0.000000000000000000e+00 0.000000000000000000e+00 0.000000000000000000e+00 0.000000000000000000e+00 0.000000000000000000e+00 0.000000000000000000e+00 0.000000000000000000e+00 0.000000000000000000e+00
4.795897195121951451e-01 3.400719772617726289e-01 4.947482286027912179e-01 3.868732713488348685e-01 0.000000000000000000e+00 3.148578407894737086e-01 4.798045332636788896e-01 3.523596739429666336e-01 0.000000000000000000e+00 3.349930928413464293e-01 4.713382138846828329e-01 2.983431826819700761e-01 4.535000029199838245e-01 3.061707584498882806e-01 0.000000000000000000e+00 3.336579164409270160e-01 4.579896542056074993e-01 3.232703027879666458e-01 4.960563447455182406e-01 4.169832020095791680e-01 0.000000000000000000e+00 0.000000000000000000e+00 4.718791355369949536e-01 4.073052001572199932e-01 0.000000000000000000e+00 3.745377464788732236e-01 0.000000000000000000e+00 0.000000000000000000e+00 4.875022600880932200e-01 3.740476400155433589e-01 4.559392532285962973e-01 4.285619540412711204e-01 4.897730830496780374e-01 4.132402967048232623e-01 0.000000000000000000e+00 4.859927640449437924e-01 0.000000000000000000e+00 4.447127633577614425e-01 0.000000000000000000e+00 4.718579836065573963e-01 0.000000000000000000e+00 0.000000000000000000e+00 0.000000000000000000e+00 0.000000000000000000e+00 0.000000000000000000e+00 3.824904173228346749e-01 0.000000000000000000e+00 0.000000000000000000e+00 0.000000000000000000e+00 3.902385314098305580e-01 0.000000000000000000e+00 4.195101796613510681e-01 0.000000000000000000e+00 0.000000000000000000e+00 0.000000000000000000e+00 0.000000000000000000e+00 4.587360168067227129e-01 4.051607163571256387e-01 0.000000000000000000e+00 4.203446471166448206e-01 0.000000000000000000e+00 4.171314982364192625e-01 0.000000000000000000e+00 4.029129918004031308e-01 0.000000000000000000e+00 4.212650254587568810e-01 5.092048627826086804e-01 4.327402990351842393e-01 0.000000000000000000e+00 4.333079761410004171e-01 5.003589280271676376e-01 3.608179061369711227e-01 4.669736098352259002e-01 3.576534100118758386e-01 0.000000000000000000e+00 0.000000000000000000e+00 4.558949181613510815e-01 3.893937279217236647e-01 0.000000000000000000e+00 4.285921549143209552e-01 0.000000000000000000e+00 4.411401496409088629e-01 0.000000000000000000e+00 2.735708840045394385e-01 0.000000000000000000e+00 4.505860136435193564e-01 0.000000000000000000e+00 4.395011195259354020e-01 0.000000000000000000e+00 4.505035954888811367e-01 0.000000000000000000e+00 0.000000000000000000e+00 0.000000000000000000e+00 0.000000000000000000e+00 4.390949324324324721e-01 4.117258441558441784e-01 0.000000000000000000e+00 0.000000000000000000e+00 0.000000000000000000e+00 0.000000000000000000e+00 0.000000000000000000e+00 0.000000000000000000e+00 0.000000000000000000e+00 0.000000000000000000e+00 0.000000000000000000e+00 0.000000000000000000e+00 0.000000000000000000e+00 0.000000000000000000e+00 0.000000000000000000e+00 0.000000000000000000e+00 0.000000000000000000e+00 0.000000000000000000e+00 0.000000000000000000e+00 0.000000000000000000e+00 0.000000000000000000e+00 0.000000000000000000e+00
3.144547341147941877e-01 0.000000000000000000e+00 3.725613304146021543e-01 4.630411661112197041e-01 3.169411372548364136e-01 0.000000000000000000e+00 3.114891944391326439e-01 4.530560296630844475e-01 3.097213007051625722e-01 0.000000000000000000e+00 3.245896601353320254e-01 4.535000029199838245e-01 2.866581249285098942e-01 4.386016301244234361e-01 2.781144805311008272e-01 0.000000000000000000e+00 3.974568720201001049e-01 0.000000000000000000e+00 4.073786193604104766e-01 4.863166609231253656e-01 0.000000000000000000e+00 0.000000000000000000e+00 3.679215131370899838e-01 4.506979310429399255e-01 0.000000000000000000e+00 4.919300970873785595e-01 0.000000000000000000e+00 4.564183596491226957e-01 3.373473969722681209e-01 4.519881818181818445e-01 3.524440527548298729e-01 4.534732541995977195e-01 3.612270417807084688e-01 4.764872733852114073e-01 3.829641812096872266e-01 0.000000000000000000e+00 4.130026467325462192e-01 0.000000000000000000e+00 0.000000000000000000e+00 0.000000000000000000e+00 3.947526171874999878e-01 0.000000000000000000e+00 4.363382886597938493e-01 0.000000000000000000e+00 3.583290560747663944e-01 0.000000000000000000e+00 0.000000000000000000e+00 0.000000000000000000e+00 0.000000000000000000e+00 4.828786749999999794e-01 3.931044427027173827e-01 0.000000000000000000e+00 0.000000000000000000e+00 0.000000000000000000e+00 4.305974536231884087e-01 0.000000000000000000e+00 3.966707141916993029e-01 0.000000000000000000e+00 4.250800769666100987e-01 0.000000000000000000e+00 4.385765736804174697e-01 0.000000000000000000e+00 4.132768391213847980e-01 0.000000000000000000e+00 4.286203771558527720e-01 4.936448611111111662e-01 4.123176760643989525e-01 0.000000000000000000e+00 4.480778764962433658e-01 0.000000000000000000e+00 3.206089714237025934e-01 4.781016750126766968e-01 3.786345787543540786e-01 4.605448565298180807e-01 0.000000000000000000e+00 0.000000000000000000e+00 3.765558490135706982e-01 4.586353164577854358e-01 3.832204616792528884e-01 0.000000000000000000e+00 4.087553318290655935e-01 0.000000000000000000e+00 2.501730769230769424e-01 0.000000000000000000e+00 4.157337682953524127e-01 0.000000000000000000e+00 0.000000000000000000e+00 0.000000000000000000e+00 4.044890667163302256e-01 0.000000000000000000e+00 4.032705157562245235e-01 0.000000000000000000e+00 3.613742575757575848e-01 0.000000000000000000e+00 4.239647264131466975e-01 0.000000000000000000e+00 0.000000000000000000e+00 0.000000000000000000e+00 0.000000000000000000e+00 0.000000000000000000e+00 0.000000000000000000e+00 4.289018267716534494e-01 4.271189999999999709e-01 0.000000000000000000e+00 0.000000000000000000e+00 0.000000000000000000e+00 0.000000000000000000e+00 0.000000000000000000e+00 0.000000000000000000e+00 0.000000000000000000e+00 0.000000000000000000e+00 0.000000000000000000e+00 0.000000000000000000e+00 3.805651773136773386e-01 0.000000000000000000e+00 0.000000000000000000e+00
