0.000000000000000000e+00 3.691927221338985737e-02 7.546424338206242366e-02 3.749873315090706486e-03 1.345442314160780369e-03 0.000000000000000000e+00 9.439845177937855603e-02 2.015903236644641262e-03 9.178522257916475659e-04 0.000000000000000000e+00 2.114695340501792087e-01 9.682416731216111861e-04 4.463531399605744771e-02 0.000000000000000000e+00 2.297090352220520874e-03 0.000000000000000000e+00 1.143209876543209852e-01 6.959088991986503783e-03 4.301479809380486657e-02 4.489194499017681861e-02 0.000000000000000000e+00 0.000000000000000000e+00 8.219178082191781320e-04 0.000000000000000000e+00 0.000000000000000000e+00 0.000000000000000000e+00 0.000000000000000000e+00 0.000000000000000000e+00 4.974271012006861031e-02 3.106662064204349354e-03 0.000000000000000000e+00 5.042864346949067550e-04 3.342532965348053026e-02 1.928374655647382974e-02 4.719207173194903408e-04 0.000000000000000000e+00 6.272214091574325467e-02 1.052077853761178294e-03 1.575299306868304869e-02 0.000000000000000000e+00 0.000000000000000000e+00 0.000000000000000000e+00 1.641497045305318316e-04 0.000000000000000000e+00 5.564830272676683526e-04 1.174950064622253530e-04 0.000000000000000000e+00 0.000000000000000000e+00 4.227138227420036871e-03 2.141786249732276649e-04 1.844006977323698129e-02 4.323763403666551573e-04 1.946282600233553966e-03 0.000000000000000000e+00 1.417004048582996053e-03 1.983339944466481564e-04 2.708883025505716691e-01 3.359341135674035438e-03 5.097087378640776517e-02 1.104728236853734025e-03 1.006850406245021479e-01 5.920663114268797603e-04 2.335345053791655634e-02 0.000000000000000000e+00 4.116016208146726363e-02 5.386963548213323299e-04 5.179883217178376555e-03 7.331378299120234598e-04 1.075115699537201874e-01 1.183594825213322294e-02 7.942784044656354958e-02 7.696254489481785645e-04 7.148726376335250154e-02 5.063029551560239462e-03 9.596928982725527486e-04 0.000000000000000000e+00 5.216053698783387066e-02 4.216232495106158641e-03 1.488095238095238013e-03 0.000000000000000000e+00 2.000666888962987760e-03 0.000000000000000000e+00 1.212856276531231077e-03 0.000000000000000000e+00 2.115691377718075666e-02 2.501250625312656148e-04 2.089136490250696494e-03 0.000000000000000000e+00 8.774453394706558870e-03 1.310787783457858212e-04 1.982160555004955360e-03 0.000000000000000000e+00 0.000000000000000000e+00 0.000000000000000000e+00 3.640256959314774887e-02 0.000000000000000000e+00 2.729754322111010208e-03 0.000000000000000000e+00 4.108885464817668351e-03 0.000000000000000000e+00 0.000000000000000000e+00 0.000000000000000000e+00 1.468428781204111520e-03 0.000000000000000000e+00 4.032258064516129029e-04 0.000000000000000000e+00 0.000000000000000000e+00 0.000000000000000000e+00 0.000000000000000000e+00 0.000000000000000000e+00 0.000000000000000000e+00 0.000000000000000000e+00 0.000000000000000000e+00 9.990009990009990001e-04 0.000000000000000000e+00 0.000000000000000000e+00
3.691927221338985737e-02 0.000000000000000000e+00 5.926511260371394342e-03 7.033546163980947119e-02 0.000000000000000000e+00 7.309941520467835852e-04 6.343403935060745909e-03 1.042669951842311593e-01 0.000000000000000000e+00 2.656042496679946689e-03 3.982477100756670260e-03 4.686289697908598006e-02 7.040270346381301194e-04 1.001001001001000992e-02 0.000000000000000000e+00 1.040041601664066671e-03 7.160493827160494158e-03 5.103331927456769557e-02 4.150990719839478538e-02 5.166994106090373046e-02 0.000000000000000000e+00 0.000000000000000000e+00 1.369863013698630148e-03 0.000000000000000000e+00 0.000000000000000000e+00 0.000000000000000000e+00 0.000000000000000000e+00 4.926108374384236075e-04 4.192872117400419513e-03 5.177770107007249184e-02 4.669624095260331673e-04 0.000000000000000000e+00 3.541858325666973062e-02 2.146464646464646409e-02 0.000000000000000000e+00 4.868549172346640875e-04 2.927033242734685542e-03 7.680168332456602243e-02 0.000000000000000000e+00 8.306709265175718851e-03 0.000000000000000000e+00 0.000000000000000000e+00 0.000000000000000000e+00 1.003814495081308992e-04 0.000000000000000000e+00 2.467395135706732575e-03 0.000000000000000000e+00 0.000000000000000000e+00 2.818092151613357950e-04 7.282073249089741039e-03 2.491901320707700014e-04 1.729505361466620456e-02 0.000000000000000000e+00 3.735524841240194416e-04 0.000000000000000000e+00 7.933359777865926256e-04 1.407211961301671086e-03 2.484828781967923783e-01 1.213592233009708633e-03 3.623508616880247168e-02 7.965588657001752273e-04 1.056838365896980436e-01 0.000000000000000000e+00 3.581661891117478291e-02 8.530603540200468876e-04 3.321960854731549617e-02 7.534375588623093249e-04 8.553274682306939714e-03 2.563189747241011174e-02 4.569226534544453683e-02 1.976974066751947985e-03 1.349409953822472974e-01 3.697617091207888295e-03 6.457945856581938371e-02 0.000000000000000000e+00 4.201680672268907381e-03 4.335058033841421125e-03 6.203884957084776497e-02 0.000000000000000000e+00 0.000000000000000000e+00 3.334444814938312572e-04 4.206500956022944139e-03 0.000000000000000000e+00 0.000000000000000000e+00 2.518680211569137672e-04 2.843088210772052801e-02 0.000000000000000000e+00 0.000000000000000000e+00 1.438434982738780209e-04 1.376327172630751119e-02 6.607201850016517506e-04 7.936507936507936067e-03 0.000000000000000000e+00 6.514657980456026350e-04 2.141327623126338450e-03 6.813186813186812574e-02 0.000000000000000000e+00 1.206272617611580137e-03 5.136106831022085439e-04 4.089979550102249874e-03 0.000000000000000000e+00 1.540832049306625632e-03 3.671071953010278800e-04 9.541984732824427108e-04 0.000000000000000000e+00 4.975124378109452641e-03 0.000000000000000000e+00 0.000000000000000000e+00 0.000000000000000000e+00 0.000000000000000000e+00 2.429149797570850314e-03 0.000000000000000000e+00 0.000000000000000000e+00 0.000000000000000000e+00 0.000000000000000000e+00 0.000000000000000000e+00
7.546424338206242366e-02 5.926511260371394342e-03 0.000000000000000000e+00 5.168744299179081972e-03 1.355533131516986345e-01 3.654970760233917926e-03 2.320180625739167724e-01 1.366334415948034474e-02 4.864616796695731687e-02 2.656042496679946689e-03 3.803265631222620125e-02 5.422153369481022035e-03 6.575612503520135432e-02 1.043901043901043942e-02 5.793772332822869076e-02 1.300052002080083176e-03 1.950617283950617162e-02 1.265288907633909700e-03 6.772009029345373021e-02 8.447937131630648203e-03 0.000000000000000000e+00 0.000000000000000000e+00 2.145205479452054753e-01 8.134805345729226658e-03 3.744149765990639755e-02 2.715915263443780415e-03 1.358080579447713994e-03 4.926108374384236075e-04 3.220888126548503844e-02 2.416292716603382976e-03 2.124678963343450827e-02 1.714573877962682902e-02 1.149954001839926382e-02 1.193755739210284640e-02 2.831524303916942154e-03 9.737098344693281751e-04 3.094292285176667226e-02 0.000000000000000000e+00 0.000000000000000000e+00 0.000000000000000000e+00 0.000000000000000000e+00 0.000000000000000000e+00 3.282994090610636632e-04 0.000000000000000000e+00 1.298460396957892751e-03 0.000000000000000000e+00 0.000000000000000000e+00 0.000000000000000000e+00 4.368042835000704796e-03 2.141786249732276649e-04 7.351108896087714742e-03 2.594258042199930944e-04 3.892565200467107606e-04 0.000000000000000000e+00 2.024291497975708415e-04 0.000000000000000000e+00 5.101143359718557715e-03 1.083658430862592063e-03 9.557038834951455536e-03 0.000000000000000000e+00 2.071053050820455699e-03 0.000000000000000000e+00 5.247966413014956396e-04 2.046663937781416267e-04 1.919385796545105497e-03 0.000000000000000000e+00 1.064230551893011884e-02 7.331378299120234598e-04 5.517977928088287944e-03 8.257638315441783242e-04 4.977322944528433241e-02 7.696254489481785645e-04 9.110517666392768665e-02 4.546393883033684503e-03 1.247600767754318551e-02 0.000000000000000000e+00 7.117885610404139918e-02 3.613913567233850450e-03 2.976190476190476025e-03 0.000000000000000000e+00 6.668889629876625143e-04 1.912045889101338418e-04 6.064281382656155385e-04 0.000000000000000000e+00 2.266812190412224176e-03 8.337502084375520946e-05 1.392757660167130923e-03 0.000000000000000000e+00 1.294591484464902107e-03 0.000000000000000000e+00 2.642880740006607002e-03 0.000000000000000000e+00 8.710801393728222989e-04 0.000000000000000000e+00 2.783725910064239681e-02 2.197802197802197800e-03 2.729754322111010208e-03 0.000000000000000000e+00 1.027221366204417088e-03 0.000000000000000000e+00 0.000000000000000000e+00 0.000000000000000000e+00 1.468428781204111520e-03 0.000000000000000000e+00 0.000000000000000000e+00 0.000000000000000000e+00 0.000000000000000000e+00 0.000000000000000000e+00 0.000000000000000000e+00 0.000000000000000000e+00 0.000000000000000000e+00 4.576659038901601841e-03 0.000000000000000000e+00 0.000000000000000000e+00 0.000000000000000000e+00 0.000000000000000000e+00
3.749873315090706486e-03 7.033546163980947119e-02 5.168744299179081972e-03 0.000000000000000000e+00 3.027245206861755612e-03 5.774853801169590323e-02 1.053650145145683219e-02 1.878149848807257327e-01 1.376778338687471240e-03 1.593625498007968100e-02 4.579848665870171580e-03 7.164988381099922365e-02 1.056040551957195157e-02 5.648505648505648680e-02 2.807554874936191939e-03 2.990119604784191240e-02 1.975308641975308688e-03 2.340784479122733075e-02 7.273639327815399971e-03 9.214145383104126175e-02 0.000000000000000000e+00 0.000000000000000000e+00 1.479452054794520507e-02 2.376525276002324216e-01 2.600104004160166352e-03 6.355241716458447099e-02 1.358080579447713994e-03 1.576354679802955544e-02 3.049361539927577473e-03 4.176734552985847393e-02 1.867849638104132626e-02 5.723651033787190839e-02 7.513032812020852685e-03 2.203856749311294827e-02 1.415762151958471077e-03 2.921129503407984308e-03 8.362952122099100464e-04 1.867438190426091646e-02 0.000000000000000000e+00 6.389776357827475772e-03 0.000000000000000000e+00 3.571428571428571230e-02 0.000000000000000000e+00 2.007628990162617984e-04 1.854943424225560995e-04 3.877335213253436594e-03 0.000000000000000000e+00 3.231539828728389042e-04 0.000000000000000000e+00 3.641036624544870520e-03 0.000000000000000000e+00 7.350397786233137457e-03 0.000000000000000000e+00 0.000000000000000000e+00 0.000000000000000000e+00 1.983339944466481564e-04 1.759014951627088858e-04 9.752925877763329865e-03 6.067961165048543163e-04 2.408307556341139979e-02 0.000000000000000000e+00 3.256364712847838790e-03 2.623983206507478198e-04 1.227998362668849706e-03 0.000000000000000000e+00 2.693481774106661758e-03 7.534375588623093249e-04 1.930596285434995132e-02 3.559985760056959964e-04 2.009358656757500791e-02 2.442144435399465005e-03 4.091841970241149457e-02 2.670501232539030604e-03 7.553213473858234883e-02 0.000000000000000000e+00 2.100840336134453951e-02 3.775695706894140798e-03 1.072127691612708988e-01 0.000000000000000000e+00 2.024291497975708523e-03 0.000000000000000000e+00 1.912045889101338363e-03 0.000000000000000000e+00 0.000000000000000000e+00 8.395600705230458908e-05 3.168250792062698041e-03 0.000000000000000000e+00 8.230452674897119174e-04 0.000000000000000000e+00 2.097260453532573139e-03 2.312520647505781398e-03 6.448412698412698055e-03 0.000000000000000000e+00 6.514657980456026350e-04 2.141327623126338450e-03 3.296703296703296787e-02 0.000000000000000000e+00 0.000000000000000000e+00 2.054442732408834175e-03 1.022494887525562468e-03 0.000000000000000000e+00 0.000000000000000000e+00 7.342143906020557600e-04 1.272264631043257092e-03 4.032258064516129029e-04 2.487562189054726321e-03 0.000000000000000000e+00 0.000000000000000000e+00 0.000000000000000000e+00 0.000000000000000000e+00 8.097165991902833659e-04 0.000000000000000000e+00 2.272727272727272617e-03 0.000000000000000000e+00 0.000000000000000000e+00 0.000000000000000000e+00
1.345442314160780369e-03 0.000000000000000000e+00 1.355533131516986345e-01 3.027245206861755612e-03 0.000000000000000000e+00 2.923976608187134341e-03 8.171164390925706594e-03 4.479784970321424665e-04 2.794860027535566727e-01 1.992031872509960125e-03 7.964954201513341171e-04 1.936483346243222426e-04 4.364967614756406350e-03 4.290004290004290045e-04 1.630934150076569777e-01 1.040041601664066671e-03 0.000000000000000000e+00 0.000000000000000000e+00 8.778530223225482687e-04 9.823182711198427859e-05 3.219315895372233671e-02 4.040404040404040401e-03 1.205479452054794565e-02 4.454774355994576586e-03 7.228289131565263093e-02 2.009777294948397741e-02 8.329560887279312265e-02 1.477832512315271039e-03 5.336382694873261119e-03 1.725923369002416218e-04 5.603548914312398224e-03 4.286434694906707255e-03 6.133088009812941123e-04 1.147842056932966011e-04 0.000000000000000000e+00 0.000000000000000000e+00 2.090738030524775116e-04 0.000000000000000000e+00 0.000000000000000000e+00 0.000000000000000000e+00 0.000000000000000000e+00 0.000000000000000000e+00 4.924491135915954948e-04 0.000000000000000000e+00 3.709886848451121990e-04 1.174950064622253530e-04 2.298850574712643592e-04 0.000000000000000000e+00 0.000000000000000000e+00 0.000000000000000000e+00 2.491901320707700014e-04 0.000000000000000000e+00 7.785130400934215213e-04 0.000000000000000000e+00 2.024291497975708415e-04 0.000000000000000000e+00 1.759014951627088858e-04 1.083658430862592090e-04 4.550970873786407914e-04 0.000000000000000000e+00 1.593117731400350455e-04 0.000000000000000000e+00 0.000000000000000000e+00 0.000000000000000000e+00 2.132650885050117219e-04 0.000000000000000000e+00 2.825390845733659968e-04 0.000000000000000000e+00 3.559985760056959964e-04 0.000000000000000000e+00 2.011861844400511523e-02 6.413545407901487857e-04 3.348397699260476784e-02 1.033271337053110188e-04 1.631477927063339564e-02 0.000000000000000000e+00 4.754579779051881262e-03 0.000000000000000000e+00 0.000000000000000000e+00 0.000000000000000000e+00 0.000000000000000000e+00 0.000000000000000000e+00 6.064281382656155385e-04 0.000000000000000000e+00 5.876920493661321777e-04 0.000000000000000000e+00 6.963788300835654617e-04 0.000000000000000000e+00 1.294591484464902107e-03 0.000000000000000000e+00 0.000000000000000000e+00 0.000000000000000000e+00 0.000000000000000000e+00 0.000000000000000000e+00 0.000000000000000000e+00 0.000000000000000000e+00 0.000000000000000000e+00 0.000000000000000000e+00 5.136106831022085439e-04 0.000000000000000000e+00 0.000000000000000000e+00 0.000000000000000000e+00 0.000000000000000000e+00 0.000000000000000000e+00 0.000000000000000000e+00 0.000000000000000000e+00 0.000000000000000000e+00 0.000000000000000000e+00 0.000000000000000000e+00 0.000000000000000000e+00 0.000000000000000000e+00 0.000000000000000000e+00 0.000000000000000000e+00 0.000000000000000000e+00 0.000000000000000000e+00 0.000000000000000000e+00
0.000000000000000000e+00 7.309941520467835852e-04 3.654970760233917926e-03 5.774853801169590323e-02 2.923976608187134341e-03 0.000000000000000000e+00 1.075153209332329815e-04 2.351887109418747922e-03 4.589261128958237830e-04 2.616201859229747573e-01 0.000000000000000000e+00 1.936483346243222426e-04 1.408054069276260130e-04 4.290004290004290045e-04 0.000000000000000000e+00 1.177847113884555319e-01 0.000000000000000000e+00 0.000000000000000000e+00 0.000000000000000000e+00 2.946954813359528493e-04 4.024144869215292089e-03 4.444444444444444614e-02 3.972602739726027385e-03 2.576021692814255137e-02 7.280291211648465613e-03 1.162411732753938082e-01 8.148483476686283963e-03 1.517241379310344807e-01 0.000000000000000000e+00 2.761477390403866208e-02 1.097361662386177848e-02 6.555723651033787056e-03 0.000000000000000000e+00 6.887052341597796334e-04 0.000000000000000000e+00 0.000000000000000000e+00 0.000000000000000000e+00 0.000000000000000000e+00 0.000000000000000000e+00 0.000000000000000000e+00 0.000000000000000000e+00 0.000000000000000000e+00 0.000000000000000000e+00 0.000000000000000000e+00 0.000000000000000000e+00 0.000000000000000000e+00 0.000000000000000000e+00 0.000000000000000000e+00 0.000000000000000000e+00 1.070893124866138324e-04 0.000000000000000000e+00 0.000000000000000000e+00 0.000000000000000000e+00 0.000000000000000000e+00 0.000000000000000000e+00 0.000000000000000000e+00 0.000000000000000000e+00 1.083658430862592090e-04 0.000000000000000000e+00 0.000000000000000000e+00 0.000000000000000000e+00 2.960331557134398802e-04 0.000000000000000000e+00 0.000000000000000000e+00 0.000000000000000000e+00 1.795654516071108037e-04 0.000000000000000000e+00 1.221896383186705766e-04 0.000000000000000000e+00 0.000000000000000000e+00 4.651703686475171283e-04 3.758337609030271836e-02 3.081347576006573399e-04 3.761107666873320793e-02 0.000000000000000000e+00 1.260504201680672301e-02 0.000000000000000000e+00 2.108116247553079321e-03 0.000000000000000000e+00 0.000000000000000000e+00 0.000000000000000000e+00 0.000000000000000000e+00 0.000000000000000000e+00 0.000000000000000000e+00 0.000000000000000000e+00 8.337502084375520946e-05 0.000000000000000000e+00 0.000000000000000000e+00 0.000000000000000000e+00 0.000000000000000000e+00 0.000000000000000000e+00 0.000000000000000000e+00 0.000000000000000000e+00 0.000000000000000000e+00 0.000000000000000000e+00 0.000000000000000000e+00 0.000000000000000000e+00 0.000000000000000000e+00 5.136106831022085439e-04 0.000000000000000000e+00 0.000000000000000000e+00 0.000000000000000000e+00 3.671071953010278800e-04 0.000000000000000000e+00 0.000000000000000000e+00 0.000000000000000000e+00 0.000000000000000000e+00 0.000000000000000000e+00 0.000000000000000000e+00 0.000000000000000000e+00 0.000000000000000000e+00 0.000000000000000000e+00 0.000000000000000000e+00 0.000000000000000000e+00 0.000000000000000000e+00 0.000000000000000000e+00
9.439845177937855603e-02 6.343403935060745909e-03 2.320180625739167724e-01 1.053650145145683219e-02 8.171164390925706594e-03 1.075153209332329815e-04 0.000000000000000000e+00 2.015903236644641175e-02 2.707664066085360352e-02 1.328021248339973344e-03 1.543209876543209791e-01 4.647560030983733173e-03 1.957195156294001814e-01 1.058201058201058142e-02 7.146503318019397505e-03 2.600104004160166678e-04 1.580246913580246951e-02 2.530577815267819400e-03 1.479809380486581463e-02 1.031434184675835038e-02 0.000000000000000000e+00 0.000000000000000000e+00 1.095890410958904118e-02 1.065272128607398783e-02 5.200208008320333355e-04 1.086366105377512123e-03 0.000000000000000000e+00 0.000000000000000000e+00 1.410329712216504619e-02 2.416292716603382976e-03 9.806210600046695591e-03 1.462430660615229513e-02 1.533272002453235118e-03 1.251147842056932885e-02 9.438414346389806817e-04 4.868549172346640875e-04 8.781099728204056626e-03 2.630194634402945736e-04 6.301197227473220083e-04 0.000000000000000000e+00 0.000000000000000000e+00 0.000000000000000000e+00 1.641497045305318316e-04 0.000000000000000000e+00 2.411426451493229456e-03 2.349900129244507059e-04 0.000000000000000000e+00 1.615769914364194521e-04 7.890658024517402044e-03 0.000000000000000000e+00 2.167954149015699147e-02 0.000000000000000000e+00 3.892565200467107932e-03 0.000000000000000000e+00 1.214574898785425157e-03 0.000000000000000000e+00 5.277044854881266303e-03 2.167316861725184180e-04 1.699029126213592172e-02 6.628369421122404150e-04 2.469332483670543324e-02 2.960331557134398802e-04 2.623983206507478523e-03 0.000000000000000000e+00 2.089997867349114788e-02 1.795654516071108037e-04 5.839141081182897160e-03 3.665689149560117299e-04 4.449982200071199955e-03 0.000000000000000000e+00 8.186998488196302326e-02 1.410979989738327242e-03 3.471651602300739742e-02 4.546393883033684503e-03 9.596928982725527486e-04 1.680672268907563126e-03 6.027129072856943215e-02 5.722029814786929770e-03 4.464285714285714038e-03 0.000000000000000000e+00 3.501167055685228471e-03 0.000000000000000000e+00 0.000000000000000000e+00 0.000000000000000000e+00 2.149273780538997480e-02 8.337502084375520946e-05 0.000000000000000000e+00 0.000000000000000000e+00 9.637514384349827809e-03 1.310787783457858212e-04 1.321440370003303501e-03 0.000000000000000000e+00 0.000000000000000000e+00 1.302931596091205270e-03 8.565310492505353798e-03 0.000000000000000000e+00 9.099181073703367000e-04 0.000000000000000000e+00 4.108885464817668351e-03 2.044989775051124937e-03 0.000000000000000000e+00 0.000000000000000000e+00 0.000000000000000000e+00 3.180661577608142731e-04 0.000000000000000000e+00 6.218905472636815802e-04 0.000000000000000000e+00 0.000000000000000000e+00 0.000000000000000000e+00 0.000000000000000000e+00 8.097165991902833659e-04 0.000000000000000000e+00 0.000000000000000000e+00 0.000000000000000000e+00 0.000000000000000000e+00 0.000000000000000000e+00
2.015903236644641262e-03 1.042669951842311593e-01 1.366334415948034474e-02 1.878149848807257327e-01 4.479784970321424665e-04 2.351887109418747922e-03 2.015903236644641175e-02 0.000000000000000000e+00 9.178522257916475659e-04 3.320053120849933426e-02 1.174830744723217787e-02 1.727343144848954293e-01 1.562940016896648826e-02 2.425282425282425380e-01 3.573251659009698752e-03 1.820072802912116317e-02 1.728395061728395157e-03 7.169970476592154966e-03 9.154752947078003203e-03 1.198428290766208326e-02 0.000000000000000000e+00 0.000000000000000000e+00 2.780821917808219343e-02 1.142746465233391434e-02 1.560062402496099898e-03 0.000000000000000000e+00 0.000000000000000000e+00 9.852216748768472150e-04 3.621116828663998276e-03 1.967552640662754634e-02 1.774457156198926133e-02 1.033787191124558788e-02 5.673106409076970023e-03 4.591368227731863934e-03 0.000000000000000000e+00 9.737098344693281751e-04 6.272214091574326161e-04 2.630194634402945736e-03 0.000000000000000000e+00 1.277955271565495241e-03 0.000000000000000000e+00 0.000000000000000000e+00 0.000000000000000000e+00 1.003814495081308992e-04 0.000000000000000000e+00 9.399600516978028238e-04 0.000000000000000000e+00 1.615769914364194521e-04 5.636184303226715901e-04 5.997001499250374616e-03 2.491901320707700014e-04 1.271186440677966184e-02 0.000000000000000000e+00 1.867762420620097208e-04 0.000000000000000000e+00 3.966679888932963128e-04 3.518029903254177716e-04 5.309926311226701064e-03 4.550970873786407914e-04 6.186478126380910540e-03 0.000000000000000000e+00 2.723505032563647288e-02 0.000000000000000000e+00 4.093327875562832209e-03 0.000000000000000000e+00 1.867480696713952337e-02 8.476172537200979363e-04 4.643206256109482129e-03 5.339978640085439945e-04 5.505092210294522522e-04 4.070240725665775008e-03 6.772703950743971801e-02 6.265406737880032523e-03 5.001033271337053387e-02 0.000000000000000000e+00 4.201680672268907381e-03 6.013145014683260806e-03 3.388043969281734347e-02 0.000000000000000000e+00 0.000000000000000000e+00 1.667222407469156286e-04 1.529636711281070734e-03 0.000000000000000000e+00 0.000000000000000000e+00 0.000000000000000000e+00 1.759212939803234815e-02 0.000000000000000000e+00 0.000000000000000000e+00 0.000000000000000000e+00 7.471490365709791345e-03 3.303600925008258753e-04 0.000000000000000000e+00 0.000000000000000000e+00 0.000000000000000000e+00 2.141327623126338450e-03 4.395604395604395601e-03 0.000000000000000000e+00 0.000000000000000000e+00 0.000000000000000000e+00 0.000000000000000000e+00 0.000000000000000000e+00 0.000000000000000000e+00 3.671071953010278800e-04 0.000000000000000000e+00 0.000000000000000000e+00 0.000000000000000000e+00 0.000000000000000000e+00 0.000000000000000000e+00 0.000000000000000000e+00 0.000000000000000000e+00 0.000000000000000000e+00 0.000000000000000000e+00 0.000000000000000000e+00 0.000000000000000000e+00 0.000000000000000000e+00 0.000000000000000000e+00
9.178522257916475659e-04 0.000000000000000000e+00 4.864616796695731687e-02 1.376778338687471240e-03 2.794860027535566727e-01 4.589261128958237830e-04 2.707664066085360352e-02 9.178522257916475659e-04 0.000000000000000000e+00 0.000000000000000000e+00 1.194743130227001121e-03 0.000000000000000000e+00 1.225007040270346438e-02 0.000000000000000000e+00 2.427258805513016759e-01 2.600104004160166678e-04 0.000000000000000000e+00 0.000000000000000000e+00 1.254075746175068839e-04 0.000000000000000000e+00 0.000000000000000000e+00 0.000000000000000000e+00 3.424657534246575152e-03 7.747433662599264052e-04 1.560062402496099898e-03 0.000000000000000000e+00 9.053870529651425903e-04 0.000000000000000000e+00 5.908137983609681489e-03 0.000000000000000000e+00 4.669624095260331673e-04 2.521432173474533775e-04 0.000000000000000000e+00 0.000000000000000000e+00 0.000000000000000000e+00 0.000000000000000000e+00 2.090738030524775116e-04 0.000000000000000000e+00 0.000000000000000000e+00 0.000000000000000000e+00 0.000000000000000000e+00 0.000000000000000000e+00 6.565988181221273264e-04 0.000000000000000000e+00 0.000000000000000000e+00 0.000000000000000000e+00 0.000000000000000000e+00 0.000000000000000000e+00 0.000000000000000000e+00 0.000000000000000000e+00 0.000000000000000000e+00 0.000000000000000000e+00 0.000000000000000000e+00 0.000000000000000000e+00 4.048582995951416829e-04 0.000000000000000000e+00 0.000000000000000000e+00 0.000000000000000000e+00 1.516990291262135791e-04 0.000000000000000000e+00 1.593117731400350455e-04 0.000000000000000000e+00 0.000000000000000000e+00 2.046663937781416267e-04 2.132650885050117219e-04 0.000000000000000000e+00 2.825390845733659968e-04 0.000000000000000000e+00 1.779992880028479982e-04 0.000000000000000000e+00 5.116874055122688954e-03 0.000000000000000000e+00 1.766639276910435610e-02 0.000000000000000000e+00 1.439539347408829231e-02 0.000000000000000000e+00 3.635855125157320608e-03 0.000000000000000000e+00 1.488095238095238013e-03 0.000000000000000000e+00 3.334444814938312572e-04 0.000000000000000000e+00 0.000000000000000000e+00 0.000000000000000000e+00 4.197800352615229454e-04 0.000000000000000000e+00 0.000000000000000000e+00 0.000000000000000000e+00 1.438434982738780209e-04 0.000000000000000000e+00 0.000000000000000000e+00 0.000000000000000000e+00 0.000000000000000000e+00 0.000000000000000000e+00 2.141327623126338450e-03 0.000000000000000000e+00 0.000000000000000000e+00 0.000000000000000000e+00 0.000000000000000000e+00 0.000000000000000000e+00 0.000000000000000000e+00 0.000000000000000000e+00 0.000000000000000000e+00 3.180661577608142731e-04 0.000000000000000000e+00 0.000000000000000000e+00 0.000000000000000000e+00 0.000000000000000000e+00 0.000000000000000000e+00 0.000000000000000000e+00 0.000000000000000000e+00 0.000000000000000000e+00 0.000000000000000000e+00 0.000000000000000000e+00 0.000000000000000000e+00 0.000000000000000000e+00
0.000000000000000000e+00 2.656042496679946689e-03 2.656042496679946689e-03 1.593625498007968100e-02 1.992031872509960125e-03 2.616201859229747573e-01 1.328021248339973344e-03 3.320053120849933426e-02 0.000000000000000000e+00 0.000000000000000000e+00 0.000000000000000000e+00 5.809450038729666466e-04 1.408054069276260130e-04 5.577005577005577329e-03 0.000000000000000000e+00 2.046281851274051045e-01 0.000000000000000000e+00 0.000000000000000000e+00 0.000000000000000000e+00 9.823182711198427859e-05 0.000000000000000000e+00 0.000000000000000000e+00 1.643835616438356264e-03 9.684292078249080336e-04 3.120124804992199796e-03 0.000000000000000000e+00 1.358080579447713994e-03 0.000000000000000000e+00 0.000000000000000000e+00 1.898515705902657866e-03 4.202661685734298234e-03 2.773575390821987098e-03 1.533272002453235281e-04 0.000000000000000000e+00 0.000000000000000000e+00 0.000000000000000000e+00 0.000000000000000000e+00 0.000000000000000000e+00 0.000000000000000000e+00 0.000000000000000000e+00 0.000000000000000000e+00 0.000000000000000000e+00 0.000000000000000000e+00 0.000000000000000000e+00 0.000000000000000000e+00 0.000000000000000000e+00 0.000000000000000000e+00 0.000000000000000000e+00 0.000000000000000000e+00 1.070893124866138324e-04 0.000000000000000000e+00 2.594258042199930944e-04 0.000000000000000000e+00 0.000000000000000000e+00 0.000000000000000000e+00 0.000000000000000000e+00 0.000000000000000000e+00 0.000000000000000000e+00 0.000000000000000000e+00 0.000000000000000000e+00 0.000000000000000000e+00 2.960331557134398802e-04 0.000000000000000000e+00 0.000000000000000000e+00 0.000000000000000000e+00 0.000000000000000000e+00 0.000000000000000000e+00 3.665689149560117299e-04 0.000000000000000000e+00 0.000000000000000000e+00 1.162925921618792821e-04 3.591585428424833373e-03 1.027115858668857800e-04 6.716263690845216197e-03 0.000000000000000000e+00 5.882352941176470507e-03 1.398405817368200276e-04 1.656377051648848069e-03 0.000000000000000000e+00 0.000000000000000000e+00 0.000000000000000000e+00 0.000000000000000000e+00 0.000000000000000000e+00 0.000000000000000000e+00 0.000000000000000000e+00 8.337502084375520946e-05 0.000000000000000000e+00 0.000000000000000000e+00 0.000000000000000000e+00 0.000000000000000000e+00 0.000000000000000000e+00 9.920634920634920084e-04 0.000000000000000000e+00 0.000000000000000000e+00 0.000000000000000000e+00 4.395604395604395601e-03 0.000000000000000000e+00 0.000000000000000000e+00 0.000000000000000000e+00 0.000000000000000000e+00 0.000000000000000000e+00 0.000000000000000000e+00 0.000000000000000000e+00 0.000000000000000000e+00 0.000000000000000000e+00 0.000000000000000000e+00 0.000000000000000000e+00 0.000000000000000000e+00 0.000000000000000000e+00 0.000000000000000000e+00 0.000000000000000000e+00 0.000000000000000000e+00 0.000000000000000000e+00 0.000000000000000000e+00 0.000000000000000000e+00 0.000000000000000000e+00
2.114695340501792087e-01 3.982477100756670260e-03 3.803265631222620125e-02 4.579848665870171580e-03 7.964954201513341171e-04 0.000000000000000000e+00 1.543209876543209791e-01 1.174830744723217787e-02 1.194743130227001121e-03 0.000000000000000000e+00 0.000000000000000000e+00 1.936483346243222372e-03 1.374260771613629861e-01 8.580008580008580089e-04 1.174068402246043925e-02 0.000000000000000000e+00 4.864197530864197705e-02 2.108814846056516167e-04 1.943817406571356904e-02 5.304518664047150854e-03 0.000000000000000000e+00 0.000000000000000000e+00 1.643835616438356264e-03 5.810575246949447768e-04 0.000000000000000000e+00 0.000000000000000000e+00 0.000000000000000000e+00 0.000000000000000000e+00 4.002287021154945362e-02 1.725923369002416218e-04 1.634368433341116004e-03 5.042864346949067550e-04 2.759889604415823559e-03 2.640036730945821784e-03 4.719207173194903408e-04 0.000000000000000000e+00 2.090738030524775116e-04 0.000000000000000000e+00 0.000000000000000000e+00 0.000000000000000000e+00 0.000000000000000000e+00 0.000000000000000000e+00 0.000000000000000000e+00 0.000000000000000000e+00 0.000000000000000000e+00 0.000000000000000000e+00 2.298850574712643592e-04 0.000000000000000000e+00 2.113569113710018436e-03 0.000000000000000000e+00 4.236232245203089969e-03 1.729505361466620629e-04 7.785130400934215213e-04 0.000000000000000000e+00 1.012145748987854262e-03 0.000000000000000000e+00 9.850483729111698256e-03 2.167316861725184180e-04 3.944174757281553381e-03 4.418912947414936100e-04 2.501194838298550355e-02 0.000000000000000000e+00 7.609551298871686936e-03 2.046663937781416267e-04 2.004691831947110273e-02 0.000000000000000000e+00 1.789414202297984592e-03 2.443792766373411533e-04 7.119971520113919927e-04 2.752546105147261261e-04 4.221421095476218105e-02 0.000000000000000000e+00 5.957271980279375129e-03 6.199628022318660588e-04 2.879078694817658463e-03 0.000000000000000000e+00 3.496014543420500418e-03 1.054058123776539660e-03 0.000000000000000000e+00 0.000000000000000000e+00 3.167722574191397106e-03 0.000000000000000000e+00 0.000000000000000000e+00 0.000000000000000000e+00 1.569977331878096016e-02 0.000000000000000000e+00 6.963788300835654617e-04 0.000000000000000000e+00 5.034522439585731139e-03 0.000000000000000000e+00 0.000000000000000000e+00 0.000000000000000000e+00 0.000000000000000000e+00 0.000000000000000000e+00 2.141327623126338450e-03 2.197802197802197800e-03 0.000000000000000000e+00 0.000000000000000000e+00 0.000000000000000000e+00 0.000000000000000000e+00 0.000000000000000000e+00 0.000000000000000000e+00 0.000000000000000000e+00 3.180661577608142731e-04 0.000000000000000000e+00 0.000000000000000000e+00 0.000000000000000000e+00 0.000000000000000000e+00 0.000000000000000000e+00 0.000000000000000000e+00 0.000000000000000000e+00 0.000000000000000000e+00 0.000000000000000000e+00 0.000000000000000000e+00 0.000000000000000000e+00 0.000000000000000000e+00
9.682416731216111861e-04 4.686289697908598006e-02 5.422153369481022035e-03 7.164988381099922365e-02 1.936483346243222426e-04 1.936483346243222426e-04 4.647560030983733173e-03 1.727343144848954293e-01 0.000000000000000000e+00 5.809450038729666466e-04 1.936483346243222372e-03 0.000000000000000000e+00 2.816108138552520478e-03 2.069212069212069127e-01 0.000000000000000000e+00 1.248049921996879918e-02 2.469135802469135861e-04 3.247574862927034983e-02 3.511412089290193075e-03 2.642436149312377136e-02 0.000000000000000000e+00 0.000000000000000000e+00 3.013698630136986412e-03 1.200852217702885923e-02 0.000000000000000000e+00 0.000000000000000000e+00 0.000000000000000000e+00 0.000000000000000000e+00 5.717552887364208032e-04 6.955471177079737555e-02 1.867849638104132669e-03 2.269288956127080235e-03 1.686599202698558673e-03 7.231404958677686151e-03 0.000000000000000000e+00 0.000000000000000000e+00 0.000000000000000000e+00 2.367175170962651162e-03 0.000000000000000000e+00 6.389776357827476206e-04 0.000000000000000000e+00 0.000000000000000000e+00 0.000000000000000000e+00 0.000000000000000000e+00 0.000000000000000000e+00 2.349900129244507059e-04 0.000000000000000000e+00 0.000000000000000000e+00 0.000000000000000000e+00 6.425358749196829946e-04 0.000000000000000000e+00 1.988931165686613507e-03 0.000000000000000000e+00 0.000000000000000000e+00 0.000000000000000000e+00 5.950019833399444692e-04 1.759014951627088858e-04 6.718682271348070875e-03 3.033980582524271582e-04 1.767565178965974440e-03 0.000000000000000000e+00 7.400828892835997763e-03 0.000000000000000000e+00 1.084731887024150548e-02 0.000000000000000000e+00 5.566528999820434184e-03 1.883593897155773312e-04 3.421309872922776146e-03 1.779992880028479982e-04 1.651527663088356648e-03 5.814629608093964917e-04 2.963057978450487490e-02 5.135579293344289540e-04 1.332920024798512140e-02 0.000000000000000000e+00 8.403361344537815629e-04 1.398405817368200167e-03 9.787682577925010605e-03 1.488095238095238013e-03 4.048582995951417046e-03 0.000000000000000000e+00 1.281070745697896786e-02 0.000000000000000000e+00 0.000000000000000000e+00 0.000000000000000000e+00 1.409037852259463139e-02 0.000000000000000000e+00 0.000000000000000000e+00 0.000000000000000000e+00 1.127277493773757959e-02 6.607201850016517506e-04 9.920634920634920084e-04 0.000000000000000000e+00 0.000000000000000000e+00 0.000000000000000000e+00 0.000000000000000000e+00 0.000000000000000000e+00 0.000000000000000000e+00 0.000000000000000000e+00 0.000000000000000000e+00 0.000000000000000000e+00 0.000000000000000000e+00 7.342143906020557600e-04 0.000000000000000000e+00 0.000000000000000000e+00 0.000000000000000000e+00 0.000000000000000000e+00 0.000000000000000000e+00 0.000000000000000000e+00 0.000000000000000000e+00 0.000000000000000000e+00 0.000000000000000000e+00 0.000000000000000000e+00 0.000000000000000000e+00 0.000000000000000000e+00 0.000000000000000000e+00
4.463531399605744771e-02 7.040270346381301194e-04 6.575612503520135432e-02 1.056040551957195157e-02 4.364967614756406350e-03 1.408054069276260130e-04 1.957195156294001814e-01 1.562940016896648826e-02 1.225007040270346438e-02 1.408054069276260130e-04 1.374260771613629861e-01 2.816108138552520478e-03 0.000000000000000000e+00 8.008008008008007939e-03 2.585502807554874716e-01 7.800312012480499491e-04 2.469135802469135752e-03 0.000000000000000000e+00 1.203912716328066172e-02 2.750491159135560072e-03 0.000000000000000000e+00 0.000000000000000000e+00 2.657534246575342374e-02 9.296920395119116429e-03 1.040041601664066671e-03 0.000000000000000000e+00 0.000000000000000000e+00 0.000000000000000000e+00 9.643605870020964532e-02 6.903693476009664870e-04 1.400887228578099469e-02 1.487644982349974748e-02 3.373198405397117346e-03 4.820936639118457434e-03 1.887682869277961363e-03 0.000000000000000000e+00 1.672590424419820093e-03 0.000000000000000000e+00 0.000000000000000000e+00 0.000000000000000000e+00 0.000000000000000000e+00 0.000000000000000000e+00 0.000000000000000000e+00 0.000000000000000000e+00 1.854943424225560995e-04 0.000000000000000000e+00 0.000000000000000000e+00 0.000000000000000000e+00 2.818092151613357950e-04 0.000000000000000000e+00 1.868925990530775037e-03 0.000000000000000000e+00 1.167769560140132336e-03 0.000000000000000000e+00 2.024291497975708415e-04 0.000000000000000000e+00 5.277044854881266303e-03 1.083658430862592090e-04 4.854368932038834530e-03 0.000000000000000000e+00 2.373745419786522232e-02 2.960331557134398802e-04 7.609551298871686936e-03 0.000000000000000000e+00 1.770100234591597335e-02 0.000000000000000000e+00 1.412695422866829930e-03 2.443792766373411533e-04 1.067995728017087989e-03 0.000000000000000000e+00 3.988835911152459335e-02 6.413545407901487857e-04 2.023418241577649990e-02 3.409795412275263594e-03 9.596928982725527486e-04 0.000000000000000000e+00 1.887847853447070443e-02 4.065652763138081702e-03 4.464285714285714038e-03 0.000000000000000000e+00 1.017005668556185405e-02 0.000000000000000000e+00 1.212856276531231077e-03 0.000000000000000000e+00 1.813449752329779341e-02 0.000000000000000000e+00 6.963788300835654617e-04 0.000000000000000000e+00 9.205983889528193340e-03 1.310787783457858212e-04 0.000000000000000000e+00 0.000000000000000000e+00 0.000000000000000000e+00 0.000000000000000000e+00 6.423982869379014915e-03 0.000000000000000000e+00 9.099181073703367000e-04 0.000000000000000000e+00 5.136106831022085439e-04 1.022494887525562468e-03 0.000000000000000000e+00 0.000000000000000000e+00 0.000000000000000000e+00 3.180661577608142731e-04 0.000000000000000000e+00 0.000000000000000000e+00 0.000000000000000000e+00 0.000000000000000000e+00 0.000000000000000000e+00 0.000000000000000000e+00 0.000000000000000000e+00 0.000000000000000000e+00 0.000000000000000000e+00 0.000000000000000000e+00 0.000000000000000000e+00 0.000000000000000000e+00
