2.845128941309753023e-01 4.634967918999001735e-01 3.784889086939925429e-01 4.731646482291814171e-01 0.000000000000000000e+00 0.000000000000000000e+00 3.359570238220779825e-01 4.387552227226629853e-01 0.000000000000000000e+00 0.000000000000000000e+00 3.072733905981078206e-01 0.000000000000000000e+00 3.559751349247008423e-01 0.000000000000000000e+00 4.271702938144329442e-01 0.000000000000000000e+00 3.058436687546278177e-01 4.484925881511437895e-01 3.884780048969873056e-01 4.940437042027776005e-01 0.000000000000000000e+00 0.000000000000000000e+00 4.304680243344304880e-01 0.000000000000000000e+00 0.000000000000000000e+00 0.000000000000000000e+00 0.000000000000000000e+00 0.000000000000000000e+00 3.838240957661323005e-01 4.646544162864975069e-01 3.937426274509803759e-01 0.000000000000000000e+00 3.923576564702588310e-01 4.811151874511344628e-01 4.110211774612720359e-01 0.000000000000000000e+00 4.766214125597083573e-01 5.506355858585858520e-01 0.000000000000000000e+00 0.000000000000000000e+00 4.071252555555556207e-01 0.000000000000000000e+00 0.000000000000000000e+00 0.000000000000000000e+00 3.935398989898990507e-01 4.500423378378378692e-01 4.332570000000000032e-01 0.000000000000000000e+00 3.852460520960331869e-01 4.530224141074900568e-01 4.048454928084550541e-01 4.464188724828676569e-01 0.000000000000000000e+00 0.000000000000000000e+00 4.129808275095022685e-01 0.000000000000000000e+00 3.516898196328519521e-01 4.631321539753557315e-01 4.048307716985303784e-01 4.708432718456359023e-01 3.948325238069999021e-01 4.805854104432821794e-01 3.691310826716179827e-01 4.530920830446616976e-01 4.137700255103144986e-01 4.791900422794976300e-01 3.948193134392043446e-01 4.678923124935230882e-01 3.293082798165320457e-01 4.807494099725200254e-01 3.638253659235365922e-01 4.661190213762034240e-01 3.879822465663660958e-01 4.690202654467335863e-01 3.796339026416692408e-01 0.000000000000000000e+00 3.973002775759202909e-01 4.667691781632842818e-01 0.000000000000000000e+00 0.000000000000000000e+00 3.907679139706147775e-01 0.000000000000000000e+00 0.000000000000000000e+00 0.000000000000000000e+00 4.142414068413762807e-01 4.580749495635990098e-01 0.000000000000000000e+00 0.000000000000000000e+00 4.127137203763839302e-01 0.000000000000000000e+00 4.356950172438617264e-01 4.669582769592097171e-01 0.000000000000000000e+00 4.616824461538460711e-01 4.631285499383082094e-01 0.000000000000000000e+00 4.563365691056910367e-01 0.000000000000000000e+00 4.294123271061338065e-01 4.620211102131850933e-01 0.000000000000000000e+00 0.000000000000000000e+00 4.484449635036496518e-01 4.513063280000000899e-01 4.532707270898362339e-01 4.752612603254199319e-01 0.000000000000000000e+00 4.615687666313184612e-01 0.000000000000000000e+00 0.000000000000000000e+00 4.332315681818181829e-01 0.000000000000000000e+00 0.000000000000000000e+00 0.000000000000000000e+00 0.000000000000000000e+00 5.101602075471698416e-01
4.634967918999001735e-01 2.790002828464817619e-01 4.508248220310223653e-01 3.691205044374615274e-01 0.000000000000000000e+00 3.910137416666666921e-01 4.446183957288333266e-01 2.761139987313935840e-01 0.000000000000000000e+00 0.000000000000000000e+00 4.326616300769039469e-01 3.221957881905869736e-01 0.000000000000000000e+00 3.623017827438425598e-01 0.000000000000000000e+00 3.569715942980235535e-01 4.535267367722553566e-01 3.703579656010543841e-01 4.784037077896916568e-01 3.533803139622817002e-01 0.000000000000000000e+00 0.000000000000000000e+00 4.401442188197247085e-01 3.997966008841942198e-01 0.000000000000000000e+00 0.000000000000000000e+00 0.000000000000000000e+00 0.000000000000000000e+00 4.648799778934811222e-01 3.793271729740743115e-01 3.830200660562320669e-01 3.769359888027563055e-01 4.652961831822562400e-01 4.212081209513991453e-01 4.176243384983039930e-01 4.499831369863013242e-01 4.977433130977105269e-01 4.939936426663254498e-01 0.000000000000000000e+00 4.813518876706401328e-01 0.000000000000000000e+00 0.000000000000000000e+00 0.000000000000000000e+00 3.940677153053800397e-01 0.000000000000000000e+00 3.851613277347818998e-01 0.000000000000000000e+00 3.981274772727272926e-01 4.550405420006971013e-01 3.908485405224866871e-01 4.580583436185605706e-01 3.918698133032511022e-01 0.000000000000000000e+00 3.810900826949887854e-01 4.311607386320067681e-01 4.023733306380146701e-01 4.687712517327685680e-01 2.975614991611865157e-01 4.679020398649647028e-01 3.892977367925266607e-01 4.796641434807498716e-01 3.874958374148704809e-01 0.000000000000000000e+00 3.637335324019779215e-01 0.000000000000000000e+00 4.002112301239749703e-01 4.656696627963362589e-01 3.726388746572718014e-01 4.889546844121789304e-01 3.390093922465393095e-01 4.992469834987057764e-01 3.330959341455070333e-01 4.471205217972579748e-01 3.760945795211344533e-01 0.000000000000000000e+00 3.936026603967102133e-01 4.538419038090545921e-01 3.934004914693240429e-01 0.000000000000000000e+00 0.000000000000000000e+00 4.830131297709923666e-01 4.087172679180544610e-01 0.000000000000000000e+00 0.000000000000000000e+00 4.462577483443708193e-01 4.101840519518664685e-01 0.000000000000000000e+00 4.268401118881118284e-01 0.000000000000000000e+00 4.081738709150588562e-01 4.831713961038962002e-01 4.521533121032002001e-01 4.551168404907975362e-01 0.000000000000000000e+00 4.418409958924631731e-01 0.000000000000000000e+00 0.000000000000000000e+00 0.000000000000000000e+00 0.000000000000000000e+00 5.020531429787468136e-01 0.000000000000000000e+00 0.000000000000000000e+00 4.116656830985915838e-01 4.411675101752245975e-01 4.335200836111232636e-01 0.000000000000000000e+00 4.385690494605576362e-01 4.414274444444444834e-01 0.000000000000000000e+00 0.000000000000000000e+00 0.000000000000000000e+00 0.000000000000000000e+00 0.000000000000000000e+00 0.000000000000000000e+00 0.000000000000000000e+00 0.000000000000000000e+00
3.784889086939925429e-01 4.508248220310223653e-01 2.909753587483930870e-01 4.510636651088793525e-01 1.408929237217643460e-01 4.481717810108721833e-01 3.204807104435186682e-01 4.372036101675910724e-01 3.319169835117563028e-01 4.327633391968072618e-01 3.618914647471238588e-01 4.348974928463222867e-01 3.457847977445503984e-01 4.315141849939535534e-01 3.276831958445422521e-01 4.376269785775587784e-01 3.774060643886413269e-01 4.450760457986243090e-01 3.313525206401721213e-01 4.717415567629765771e-01 0.000000000000000000e+00 0.000000000000000000e+00 2.921821527772705540e-01 4.517655478215335529e-01 0.000000000000000000e+00 4.216155920708475335e-01 0.000000000000000000e+00 0.000000000000000000e+00 3.734489654072010167e-01 4.445130091344201562e-01 3.479409597374032437e-01 4.513121278883968635e-01 4.087086964137130463e-01 4.598228967664307887e-01 4.394976231884057949e-01 0.000000000000000000e+00 4.553514006779260659e-01 0.000000000000000000e+00 0.000000000000000000e+00 0.000000000000000000e+00 4.161421862745099398e-01 0.000000000000000000e+00 0.000000000000000000e+00 0.000000000000000000e+00 4.033810797576621310e-01 0.000000000000000000e+00 4.543770140360623988e-01 0.000000000000000000e+00 4.001815505122102712e-01 4.651906642156863336e-01 3.968948289593065559e-01 4.570453288703162364e-01 0.000000000000000000e+00 0.000000000000000000e+00 3.840455178579993967e-01 0.000000000000000000e+00 4.227423673624156608e-01 4.732401185672303612e-01 4.079842784648913812e-01 4.406766793852232023e-01 3.765733526481568894e-01 0.000000000000000000e+00 3.713271367286324343e-01 4.614963888888888865e-01 3.706577137110658726e-01 4.167566623015873661e-01 4.127709686549724810e-01 4.608901280243641319e-01 4.001630737175877472e-01 4.943873898417586732e-01 3.343168127030217707e-01 4.418918527788759376e-01 3.773227615175094862e-01 4.454672791574523227e-01 3.544900456828571356e-01 4.385841855670102873e-01 4.021155165517306118e-01 4.296391149187940850e-01 0.000000000000000000e+00 0.000000000000000000e+00 3.858064369857699405e-01 3.933446903225806812e-01 3.994904772727272402e-01 0.000000000000000000e+00 3.803200668049005473e-01 0.000000000000000000e+00 0.000000000000000000e+00 0.000000000000000000e+00 3.789837101893349658e-01 4.538788182432432761e-01 0.000000000000000000e+00 4.452423810113493863e-01 0.000000000000000000e+00 0.000000000000000000e+00 4.427280000000000104e-01 0.000000000000000000e+00 4.516006293706292807e-01 0.000000000000000000e+00 0.000000000000000000e+00 4.397058522479536657e-01 0.000000000000000000e+00 0.000000000000000000e+00 0.000000000000000000e+00 4.301096153649273668e-01 4.664801024687652564e-01 0.000000000000000000e+00 4.434024273504272862e-01 4.519549658119658142e-01 0.000000000000000000e+00 0.000000000000000000e+00 3.999860914492078257e-01 0.000000000000000000e+00 0.000000000000000000e+00 0.000000000000000000e+00 0.000000000000000000e+00 0.000000000000000000e+00
4.731646482291814171e-01 3.691205044374615274e-01 4.510636651088793525e-01 2.794627724109495781e-01 4.177182031668409956e-01 2.351104170002127625e-01 4.497553493825933724e-01 3.382202440920140107e-01 4.286277575440967658e-01 3.311088915617715900e-01 4.484279258121155465e-01 3.637660013921988345e-01 4.534162971799863828e-01 3.460238920543434182e-01 4.334054883328395391e-01 3.364220923651877748e-01 4.543671653437463820e-01 3.839694878584247739e-01 4.781191783486533620e-01 3.161455615994935853e-01 0.000000000000000000e+00 0.000000000000000000e+00 4.526670572210332311e-01 3.016953509231284358e-01 4.387495550419141521e-01 2.552210506037038140e-01 4.101104366977718629e-01 2.492291050113679407e-01 4.622436010975157772e-01 3.637174724110790458e-01 3.790214364358934218e-01 3.435002954695285382e-01 4.240348810835930515e-01 3.918489555327194229e-01 0.000000000000000000e+00 4.542828403421810268e-01 0.000000000000000000e+00 4.668663520599540262e-01 0.000000000000000000e+00 4.603125682338365943e-01 0.000000000000000000e+00 0.000000000000000000e+00 0.000000000000000000e+00 4.436885315826330500e-01 0.000000000000000000e+00 4.326709159149869088e-01 0.000000000000000000e+00 4.432668492063491783e-01 0.000000000000000000e+00 4.178811866842863099e-01 0.000000000000000000e+00 3.972590062430624291e-01 0.000000000000000000e+00 3.496682321216321720e-01 0.000000000000000000e+00 3.272100487804878166e-01 0.000000000000000000e+00 4.023728891728613477e-01 5.009971875000001074e-01 4.231421503720013133e-01 4.298067008251561516e-01 4.223585597942852710e-01 4.317595303030303810e-01 4.248257823978257575e-01 4.165721258640552871e-01 3.810357008897077846e-01 4.778184586525648925e-01 4.330584183082323291e-01 0.000000000000000000e+00 4.160807783139267024e-01 4.647445657894738180e-01 3.825783490294434874e-01 4.671043070625747751e-01 3.782202036175936199e-01 0.000000000000000000e+00 3.569786377079698370e-01 4.638639666235588876e-01 4.048463404993090098e-01 0.000000000000000000e+00 0.000000000000000000e+00 0.000000000000000000e+00 3.850734520431510766e-01 0.000000000000000000e+00 0.000000000000000000e+00 0.000000000000000000e+00 3.766989490724793055e-01 0.000000000000000000e+00 3.995754651162789495e-01 0.000000000000000000e+00 3.809326410969842702e-01 4.364088221156603997e-01 4.338674884107796004e-01 0.000000000000000000e+00 0.000000000000000000e+00 0.000000000000000000e+00 0.000000000000000000e+00 4.639676249999999391e-01 0.000000000000000000e+00 0.000000000000000000e+00 0.000000000000000000e+00 0.000000000000000000e+00 0.000000000000000000e+00 0.000000000000000000e+00 4.425406639999999725e-01 4.471973787625417862e-01 4.587781235264419277e-01 0.000000000000000000e+00 4.308273109243697663e-01 0.000000000000000000e+00 0.000000000000000000e+00 0.000000000000000000e+00 0.000000000000000000e+00 4.574436790123457275e-01 0.000000000000000000e+00 0.000000000000000000e+00 0.000000000000000000e+00
0.000000000000000000e+00 0.000000000000000000e+00 1.408929237217643460e-01 4.177182031668409956e-01 2.225106618952215620e-01 4.449358048382091591e-01 0.000000000000000000e+00 4.101678441798941588e-01 2.033968312882689367e-01 4.143508335428633949e-01 0.000000000000000000e+00 0.000000000000000000e+00 0.000000000000000000e+00 0.000000000000000000e+00 2.587070178990125702e-01 4.084195544749585904e-01 0.000000000000000000e+00 0.000000000000000000e+00 3.964044957983193784e-01 0.000000000000000000e+00 2.820516235714286002e-01 0.000000000000000000e+00 1.473790000000000100e-01 4.109781007503381933e-01 1.662406298520923420e-01 3.677590141563785164e-01 2.621729457536191576e-01 0.000000000000000000e+00 3.637520761801089075e-01 0.000000000000000000e+00 3.458904479072681393e-01 4.062827356654322708e-01 0.000000000000000000e+00 0.000000000000000000e+00 0.000000000000000000e+00 0.000000000000000000e+00 0.000000000000000000e+00 0.000000000000000000e+00 0.000000000000000000e+00 0.000000000000000000e+00 0.000000000000000000e+00 0.000000000000000000e+00 0.000000000000000000e+00 0.000000000000000000e+00 0.000000000000000000e+00 0.000000000000000000e+00 4.308438426621832296e-01 0.000000000000000000e+00 0.000000000000000000e+00 0.000000000000000000e+00 4.212882733676975855e-01 0.000000000000000000e+00 4.166892248062015747e-01 0.000000000000000000e+00 4.609813448275861814e-01 0.000000000000000000e+00 0.000000000000000000e+00 0.000000000000000000e+00 4.458508359374999674e-01 0.000000000000000000e+00 0.000000000000000000e+00 0.000000000000000000e+00 0.000000000000000000e+00 0.000000000000000000e+00 4.551512957746479127e-01 0.000000000000000000e+00 0.000000000000000000e+00 0.000000000000000000e+00 0.000000000000000000e+00 0.000000000000000000e+00 2.951697742778829348e-01 4.857740128205128016e-01 3.023390015838319234e-01 4.096414896892175972e-01 2.853574957126638889e-01 0.000000000000000000e+00 3.444688914894745713e-01 3.483551855263157804e-01 0.000000000000000000e+00 0.000000000000000000e+00 0.000000000000000000e+00 0.000000000000000000e+00 3.909146212687798494e-01 0.000000000000000000e+00 4.072346032828357276e-01 0.000000000000000000e+00 3.760693353426741159e-01 0.000000000000000000e+00 4.027983510630049335e-01 0.000000000000000000e+00 0.000000000000000000e+00 0.000000000000000000e+00 0.000000000000000000e+00 0.000000000000000000e+00 0.000000000000000000e+00 0.000000000000000000e+00 0.000000000000000000e+00 0.000000000000000000e+00 0.000000000000000000e+00 0.000000000000000000e+00 0.000000000000000000e+00 0.000000000000000000e+00 0.000000000000000000e+00 0.000000000000000000e+00 3.639840159999999658e-01 0.000000000000000000e+00 0.000000000000000000e+00 0.000000000000000000e+00 0.000000000000000000e+00 0.000000000000000000e+00 0.000000000000000000e+00 0.000000000000000000e+00 0.000000000000000000e+00 0.000000000000000000e+00 0.000000000000000000e+00 0.000000000000000000e+00
0.000000000000000000e+00 3.910137416666666921e-01 4.481717810108721833e-01 2.351104170002127625e-01 4.449358048382091591e-01 2.355891469704837482e-01 4.403939887640449524e-01 2.427364483699634146e-01 4.253626220930233903e-01 2.006917932483592015e-01 0.000000000000000000e+00 0.000000000000000000e+00 0.000000000000000000e+00 0.000000000000000000e+00 4.285197070819428689e-01 2.444016487522204795e-01 0.000000000000000000e+00 0.000000000000000000e+00 0.000000000000000000e+00 0.000000000000000000e+00 3.465874228571428350e-01 2.977628597950552347e-01 4.448274501019085503e-01 2.881063222352875375e-01 4.569003295497624517e-01 2.041411192623232285e-01 4.390445615953875169e-01 2.641489415709132871e-01 0.000000000000000000e+00 3.237488468488473048e-01 4.002498061052516265e-01 3.625767898752169094e-01 0.000000000000000000e+00 3.025260128205128352e-01 0.000000000000000000e+00 4.446489218749999917e-01 0.000000000000000000e+00 4.497282194444444103e-01 0.000000000000000000e+00 0.000000000000000000e+00 0.000000000000000000e+00 0.000000000000000000e+00 0.000000000000000000e+00 4.585301014492753069e-01 0.000000000000000000e+00 0.000000000000000000e+00 0.000000000000000000e+00 0.000000000000000000e+00 0.000000000000000000e+00 0.000000000000000000e+00 0.000000000000000000e+00 0.000000000000000000e+00 0.000000000000000000e+00 0.000000000000000000e+00 0.000000000000000000e+00 0.000000000000000000e+00 0.000000000000000000e+00 0.000000000000000000e+00 0.000000000000000000e+00 4.416806412213740152e-01 0.000000000000000000e+00 0.000000000000000000e+00 0.000000000000000000e+00 0.000000000000000000e+00 0.000000000000000000e+00 4.620031439450273392e-01 0.000000000000000000e+00 0.000000000000000000e+00 0.000000000000000000e+00 0.000000000000000000e+00 4.575581142857141903e-01 3.142024228731268853e-01 0.000000000000000000e+00 3.288753864286811379e-01 0.000000000000000000e+00 3.054118531035462381e-01 0.000000000000000000e+00 3.778021541974007635e-01 0.000000000000000000e+00 0.000000000000000000e+00 0.000000000000000000e+00 4.320174204545454422e-01 0.000000000000000000e+00 0.000000000000000000e+00 0.000000000000000000e+00 4.126997233316100355e-01 0.000000000000000000e+00 4.188630555555555302e-01 0.000000000000000000e+00 4.324075326086956883e-01 3.959178791946308951e-01 4.355806546762589493e-01 0.000000000000000000e+00 0.000000000000000000e+00 0.000000000000000000e+00 0.000000000000000000e+00 0.000000000000000000e+00 0.000000000000000000e+00 0.000000000000000000e+00 0.000000000000000000e+00 0.000000000000000000e+00 0.000000000000000000e+00 4.154747960526316009e-01 0.000000000000000000e+00 0.000000000000000000e+00 0.000000000000000000e+00 0.000000000000000000e+00 0.000000000000000000e+00 0.000000000000000000e+00 0.000000000000000000e+00 0.000000000000000000e+00 0.000000000000000000e+00 0.000000000000000000e+00 0.000000000000000000e+00 0.000000000000000000e+00 0.000000000000000000e+00
3.359570238220779825e-01 4.446183957288333266e-01 3.204807104435186682e-01 4.497553493825933724e-01 0.000000000000000000e+00 4.403939887640449524e-01 2.634999885926648799e-01 4.301920426119109075e-01 2.831749022670850269e-01 4.244472808988764001e-01 3.593874602505732763e-01 4.241557922207597753e-01 2.642124791045084020e-01 4.191633125344785271e-01 3.245241875000000054e-01 4.170072691675794641e-01 3.839593370502111802e-01 4.365772252943547205e-01 3.837562971297839298e-01 4.685151475377552499e-01 0.000000000000000000e+00 0.000000000000000000e+00 3.486138769723077790e-01 4.431403713778896414e-01 2.868302812499999854e-01 4.477080968137255312e-01 0.000000000000000000e+00 0.000000000000000000e+00 3.693647964873121858e-01 4.293597797779161729e-01 3.886474439586645180e-01 4.513613221435380796e-01 0.000000000000000000e+00 4.548433910060944441e-01 3.757657704918033192e-01 4.213978952380952880e-01 4.638548834917161079e-01 4.568608446043165294e-01 4.090255328467153340e-01 0.000000000000000000e+00 3.387580838323352994e-01 0.000000000000000000e+00 0.000000000000000000e+00 0.000000000000000000e+00 0.000000000000000000e+00 0.000000000000000000e+00 4.470945026178010928e-01 0.000000000000000000e+00 3.588940093658302688e-01 0.000000000000000000e+00 3.751188635670437144e-01 4.322135530303030104e-01 4.399774592592592404e-01 0.000000000000000000e+00 3.861278550308552271e-01 0.000000000000000000e+00 3.784910252610493298e-01 4.452191176413407003e-01 3.805630447964644669e-01 0.000000000000000000e+00 3.801212171075238899e-01 0.000000000000000000e+00 3.688008700335438927e-01 0.000000000000000000e+00 3.723436382432564473e-01 0.000000000000000000e+00 3.796355523878189309e-01 4.613516936221885301e-01 3.939831277480078664e-01 4.292741130434782892e-01 3.083177829897317812e-01 4.252044331065760185e-01 3.688079962901952280e-01 4.421727599758436544e-01 3.494076357541703315e-01 0.000000000000000000e+00 3.947494516934698106e-01 4.104275941465763688e-01 0.000000000000000000e+00 0.000000000000000000e+00 3.710193831707678247e-01 0.000000000000000000e+00 0.000000000000000000e+00 0.000000000000000000e+00 3.975293484281114953e-01 4.340910665735567830e-01 0.000000000000000000e+00 0.000000000000000000e+00 3.901371692031315175e-01 0.000000000000000000e+00 4.297287287130922007e-01 4.616881929942423524e-01 4.435951258741258618e-01 4.310064722222221589e-01 4.410490125348212054e-01 0.000000000000000000e+00 0.000000000000000000e+00 0.000000000000000000e+00 4.566766610169492036e-01 0.000000000000000000e+00 0.000000000000000000e+00 0.000000000000000000e+00 0.000000000000000000e+00 4.687191253142135028e-01 4.481372954184051904e-01 4.699686434782607836e-01 0.000000000000000000e+00 0.000000000000000000e+00 0.000000000000000000e+00 4.184215416666666187e-01 0.000000000000000000e+00 0.000000000000000000e+00 0.000000000000000000e+00 0.000000000000000000e+00 0.000000000000000000e+00 4.527029423076923687e-01
4.387552227226629853e-01 2.761139987313935840e-01 4.372036101675910724e-01 3.382202440920140107e-01 4.101678441798941588e-01 2.427364483699634146e-01 4.301920426119109075e-01 2.517018120709755280e-01 4.221168795468436263e-01 2.672979586122746776e-01 4.323280066292743418e-01 3.178937760734052986e-01 4.340835702059268608e-01 2.688632435265792542e-01 4.323788341049382700e-01 3.019381669198855644e-01 4.314082390977443948e-01 3.597292135480970598e-01 4.488755215333657400e-01 3.767567005847609618e-01 0.000000000000000000e+00 0.000000000000000000e+00 4.443366679003348252e-01 3.656014464181733259e-01 4.067079523809523645e-01 3.639267891265597354e-01 3.800603931623931508e-01 0.000000000000000000e+00 4.328718710579681495e-01 3.380803495168108186e-01 3.786888105267419702e-01 3.462690965941948029e-01 4.216986213244259818e-01 3.646251279072018625e-01 0.000000000000000000e+00 4.658137321428571509e-01 4.891223950617284433e-01 4.392594518221373256e-01 0.000000000000000000e+00 4.461956153852481566e-01 0.000000000000000000e+00 0.000000000000000000e+00 0.000000000000000000e+00 3.818785082656846464e-01 0.000000000000000000e+00 3.589996378642829056e-01 0.000000000000000000e+00 4.129552527736341516e-01 0.000000000000000000e+00 3.468832019713453119e-01 0.000000000000000000e+00 3.491458269527785152e-01 0.000000000000000000e+00 3.281239234842053820e-01 0.000000000000000000e+00 3.375335043568845061e-01 0.000000000000000000e+00 3.624111571549046285e-01 4.163211939393938743e-01 3.769424027362767715e-01 4.399311738637484148e-01 3.881628865617342550e-01 0.000000000000000000e+00 3.862250709875451604e-01 4.259743754013282646e-01 3.598258926507079125e-01 4.420062498980288912e-01 4.026145795412039985e-01 0.000000000000000000e+00 4.378376033514065901e-01 0.000000000000000000e+00 3.153376091254775360e-01 4.437775389418221472e-01 3.549489586780161243e-01 4.833896428571428094e-01 3.442337997113341097e-01 4.485403895895494486e-01 3.724130494655166768e-01 0.000000000000000000e+00 0.000000000000000000e+00 4.434208205128205016e-01 3.835637368473868158e-01 0.000000000000000000e+00 0.000000000000000000e+00 0.000000000000000000e+00 3.728510620526319652e-01 0.000000000000000000e+00 0.000000000000000000e+00 0.000000000000000000e+00 3.757798445372436125e-01 4.382705436266050025e-01 4.468773160669974320e-01 0.000000000000000000e+00 4.077587622377621956e-01 4.825686666666667013e-01 0.000000000000000000e+00 4.534026055045871639e-01 0.000000000000000000e+00 0.000000000000000000e+00 4.893160497237569739e-01 0.000000000000000000e+00 0.000000000000000000e+00 0.000000000000000000e+00 0.000000000000000000e+00 4.145475989805759154e-01 4.158352994350282272e-01 0.000000000000000000e+00 0.000000000000000000e+00 0.000000000000000000e+00 0.000000000000000000e+00 0.000000000000000000e+00 0.000000000000000000e+00 0.000000000000000000e+00 0.000000000000000000e+00 0.000000000000000000e+00 0.000000000000000000e+00
0.000000000000000000e+00 0.000000000000000000e+00 3.319169835117563028e-01 4.286277575440967658e-01 2.033968312882689367e-01 4.253626220930233903e-01 2.831749022670850269e-01 4.221168795468436263e-01 2.475062824049579779e-01 0.000000000000000000e+00 0.000000000000000000e+00 0.000000000000000000e+00 3.142719273148148473e-01 4.169343771084336736e-01 2.693319728277454583e-01 4.474600987654320794e-01 0.000000000000000000e+00 0.000000000000000000e+00 0.000000000000000000e+00 0.000000000000000000e+00 2.920777755555555300e-01 0.000000000000000000e+00 3.270232481520228274e-01 4.145513862726686871e-01 0.000000000000000000e+00 0.000000000000000000e+00 2.063294942357642714e-01 0.000000000000000000e+00 3.685345967876512141e-01 0.000000000000000000e+00 0.000000000000000000e+00 4.407993888803415361e-01 0.000000000000000000e+00 0.000000000000000000e+00 0.000000000000000000e+00 0.000000000000000000e+00 0.000000000000000000e+00 0.000000000000000000e+00 0.000000000000000000e+00 0.000000000000000000e+00 0.000000000000000000e+00 0.000000000000000000e+00 0.000000000000000000e+00 0.000000000000000000e+00 0.000000000000000000e+00 0.000000000000000000e+00 4.619191562500000181e-01 0.000000000000000000e+00 4.515607092198581918e-01 5.014995024875621432e-01 4.461518582549940937e-01 0.000000000000000000e+00 0.000000000000000000e+00 0.000000000000000000e+00 0.000000000000000000e+00 0.000000000000000000e+00 0.000000000000000000e+00 0.000000000000000000e+00 0.000000000000000000e+00 0.000000000000000000e+00 0.000000000000000000e+00 0.000000000000000000e+00 0.000000000000000000e+00 0.000000000000000000e+00 4.501818778625954476e-01 0.000000000000000000e+00 0.000000000000000000e+00 0.000000000000000000e+00 0.000000000000000000e+00 0.000000000000000000e+00 3.271679396197894607e-01 0.000000000000000000e+00 3.239962939682956011e-01 4.535911724137930978e-01 2.744044933222410942e-01 0.000000000000000000e+00 3.665846151502200057e-01 3.837387500883704394e-01 0.000000000000000000e+00 0.000000000000000000e+00 3.756777878787878611e-01 0.000000000000000000e+00 3.938459310344827879e-01 0.000000000000000000e+00 4.022524933752530951e-01 0.000000000000000000e+00 0.000000000000000000e+00 0.000000000000000000e+00 4.160603818587209624e-01 0.000000000000000000e+00 0.000000000000000000e+00 0.000000000000000000e+00 0.000000000000000000e+00 0.000000000000000000e+00 0.000000000000000000e+00 0.000000000000000000e+00 0.000000000000000000e+00 0.000000000000000000e+00 0.000000000000000000e+00 0.000000000000000000e+00 0.000000000000000000e+00 0.000000000000000000e+00 0.000000000000000000e+00 0.000000000000000000e+00 0.000000000000000000e+00 0.000000000000000000e+00 0.000000000000000000e+00 0.000000000000000000e+00 0.000000000000000000e+00 0.000000000000000000e+00 0.000000000000000000e+00 0.000000000000000000e+00 0.000000000000000000e+00 0.000000000000000000e+00 0.000000000000000000e+00 0.000000000000000000e+00
0.000000000000000000e+00 0.000000000000000000e+00 4.327633391968072618e-01 3.311088915617715900e-01 4.143508335428633949e-01 2.006917932483592015e-01 4.244472808988764001e-01 2.672979586122746776e-01 0.000000000000000000e+00 2.496564522564916622e-01 0.000000000000000000e+00 3.231958338809857723e-01 0.000000000000000000e+00 2.930521301832459957e-01 4.593875731707318111e-01 2.761304162193961576e-01 0.000000000000000000e+00 3.475962156862745789e-01 0.000000000000000000e+00 0.000000000000000000e+00 0.000000000000000000e+00 0.000000000000000000e+00 4.261278488527320274e-01 3.166293725490195721e-01 0.000000000000000000e+00 0.000000000000000000e+00 0.000000000000000000e+00 2.474246800000000357e-01 0.000000000000000000e+00 3.586999339629780570e-01 3.500182279109694261e-01 3.079774028897850346e-01 0.000000000000000000e+00 0.000000000000000000e+00 0.000000000000000000e+00 0.000000000000000000e+00 0.000000000000000000e+00 0.000000000000000000e+00 0.000000000000000000e+00 0.000000000000000000e+00 0.000000000000000000e+00 0.000000000000000000e+00 0.000000000000000000e+00 4.955498630136986327e-01 0.000000000000000000e+00 0.000000000000000000e+00 0.000000000000000000e+00 4.674787412587413371e-01 0.000000000000000000e+00 4.523298043478261032e-01 0.000000000000000000e+00 4.392770831248467012e-01 0.000000000000000000e+00 0.000000000000000000e+00 0.000000000000000000e+00 4.580560077519379991e-01 0.000000000000000000e+00 4.471355266666666717e-01 0.000000000000000000e+00 0.000000000000000000e+00 0.000000000000000000e+00 0.000000000000000000e+00 0.000000000000000000e+00 3.666232735849056512e-01 0.000000000000000000e+00 4.219728151260503934e-01 0.000000000000000000e+00 0.000000000000000000e+00 0.000000000000000000e+00 0.000000000000000000e+00 0.000000000000000000e+00 3.185270091818703797e-01 0.000000000000000000e+00 3.466100322368622644e-01 0.000000000000000000e+00 3.067323540186105424e-01 0.000000000000000000e+00 3.758196045729786383e-01 0.000000000000000000e+00 0.000000000000000000e+00 0.000000000000000000e+00 3.975728226390032316e-01 0.000000000000000000e+00 0.000000000000000000e+00 0.000000000000000000e+00 4.223257734972241662e-01 0.000000000000000000e+00 0.000000000000000000e+00 0.000000000000000000e+00 0.000000000000000000e+00 0.000000000000000000e+00 0.000000000000000000e+00 0.000000000000000000e+00 0.000000000000000000e+00 0.000000000000000000e+00 0.000000000000000000e+00 0.000000000000000000e+00 0.000000000000000000e+00 0.000000000000000000e+00 0.000000000000000000e+00 0.000000000000000000e+00 0.000000000000000000e+00 4.585852499999999998e-01 0.000000000000000000e+00 0.000000000000000000e+00 0.000000000000000000e+00 0.000000000000000000e+00 0.000000000000000000e+00 0.000000000000000000e+00 0.000000000000000000e+00 0.000000000000000000e+00 0.000000000000000000e+00 0.000000000000000000e+00 0.000000000000000000e+00 0.000000000000000000e+00 0.000000000000000000e+00
3.072733905981078206e-01 4.326616300769039469e-01 3.618914647471238588e-01 4.484279258121155465e-01 0.000000000000000000e+00 0.000000000000000000e+00 3.593874602505732763e-01 4.323280066292743418e-01 0.000000000000000000e+00 0.000000000000000000e+00 2.572915606653033982e-01 4.249179633725610472e-01 2.643063545462361330e-01 4.110612984701095818e-01 3.604165820530890185e-01 0.000000000000000000e+00 3.634047636470387754e-01 4.403817987666729383e-01 3.900758708879284442e-01 4.697679183690805504e-01 0.000000000000000000e+00 0.000000000000000000e+00 3.565194903051348563e-01 4.548734928026542668e-01 0.000000000000000000e+00 0.000000000000000000e+00 0.000000000000000000e+00 0.000000000000000000e+00 3.179216422598324931e-01 0.000000000000000000e+00 3.846404673029338306e-01 4.492616524321548788e-01 3.785695821256038762e-01 4.501467749045042210e-01 0.000000000000000000e+00 0.000000000000000000e+00 5.154355232078370319e-01 4.730263331155633022e-01 3.950363313953487165e-01 0.000000000000000000e+00 0.000000000000000000e+00 0.000000000000000000e+00 0.000000000000000000e+00 0.000000000000000000e+00 0.000000000000000000e+00 0.000000000000000000e+00 0.000000000000000000e+00 0.000000000000000000e+00 0.000000000000000000e+00 0.000000000000000000e+00 4.022119525911733162e-01 4.177850013402364393e-01 0.000000000000000000e+00 0.000000000000000000e+00 3.952109366971532367e-01 0.000000000000000000e+00 3.686198179608562997e-01 0.000000000000000000e+00 4.198832062963240297e-01 0.000000000000000000e+00 3.991827069426869823e-01 0.000000000000000000e+00 3.987553493425729512e-01 0.000000000000000000e+00 4.136749393828760279e-01 0.000000000000000000e+00 3.907711548937604085e-01 0.000000000000000000e+00 4.089344018941233339e-01 0.000000000000000000e+00 3.410436462555586634e-01 4.514381060606060814e-01 3.904725182760824809e-01 4.375779928861235346e-01 0.000000000000000000e+00 0.000000000000000000e+00 4.004643040292719114e-01 4.264007104871577192e-01 0.000000000000000000e+00 0.000000000000000000e+00 3.913523007143604460e-01 0.000000000000000000e+00 0.000000000000000000e+00 0.000000000000000000e+00 4.241790906015142082e-01 0.000000000000000000e+00 0.000000000000000000e+00 0.000000000000000000e+00 4.119385609318368946e-01 0.000000000000000000e+00 4.236213241379309657e-01 4.175622535211268027e-01 0.000000000000000000e+00 0.000000000000000000e+00 0.000000000000000000e+00 0.000000000000000000e+00 0.000000000000000000e+00 0.000000000000000000e+00 0.000000000000000000e+00 0.000000000000000000e+00 0.000000000000000000e+00 0.000000000000000000e+00 0.000000000000000000e+00 0.000000000000000000e+00 0.000000000000000000e+00 0.000000000000000000e+00 0.000000000000000000e+00 0.000000000000000000e+00 0.000000000000000000e+00 0.000000000000000000e+00 0.000000000000000000e+00 0.000000000000000000e+00 0.000000000000000000e+00 0.000000000000000000e+00 0.000000000000000000e+00 0.000000000000000000e+00
0.000000000000000000e+00 3.221957881905869736e-01 4.348974928463222867e-01 3.637660013921988345e-01 0.000000000000000000e+00 0.000000000000000000e+00 4.241557922207597753e-01 3.178937760734052986e-01 0.000000000000000000e+00 3.231958338809857723e-01 4.249179633725610472e-01 2.651696902670988565e-01 4.261854951480690268e-01 3.253829189202274152e-01 0.000000000000000000e+00 3.386899903381582200e-01 0.000000000000000000e+00 3.166985449228993943e-01 4.390667015165666265e-01 3.887444240543635465e-01 0.000000000000000000e+00 0.000000000000000000e+00 4.329893517036859651e-01 3.747303269462921027e-01 0.000000000000000000e+00 3.688181489361701537e-01 0.000000000000000000e+00 0.000000000000000000e+00 0.000000000000000000e+00 3.204558018125218122e-01 3.765307804114699786e-01 3.413489750360750308e-01 0.000000000000000000e+00 3.689523258097530678e-01 4.374559133858267890e-01 4.372610748724357066e-01 0.000000000000000000e+00 4.803366734988062103e-01 0.000000000000000000e+00 0.000000000000000000e+00 0.000000000000000000e+00 0.000000000000000000e+00 0.000000000000000000e+00 0.000000000000000000e+00 0.000000000000000000e+00 4.060882542372880599e-01 0.000000000000000000e+00 0.000000000000000000e+00 0.000000000000000000e+00 4.037581756756757345e-01 0.000000000000000000e+00 3.905584467640025870e-01 0.000000000000000000e+00 0.000000000000000000e+00 0.000000000000000000e+00 3.984127478260869881e-01 0.000000000000000000e+00 3.881626592232336748e-01 4.141528012820512861e-01 0.000000000000000000e+00 4.677601392405063563e-01 4.067638078106017296e-01 0.000000000000000000e+00 4.018575659487109708e-01 0.000000000000000000e+00 4.110208068642690615e-01 0.000000000000000000e+00 4.400683042364548214e-01 4.871217692307692748e-01 0.000000000000000000e+00 0.000000000000000000e+00 3.317206527805713900e-01 4.321610239217648086e-01 3.746632736987813850e-01 4.432726629213483149e-01 3.573982335634585117e-01 4.377682950160697861e-01 3.941165247926322057e-01 0.000000000000000000e+00 4.149750333333332986e-01 0.000000000000000000e+00 4.060840016635994809e-01 0.000000000000000000e+00 0.000000000000000000e+00 4.267770060606060345e-01 4.165831763676471344e-01 0.000000000000000000e+00 0.000000000000000000e+00 0.000000000000000000e+00 4.218460426413004893e-01 4.446229433597722047e-01 4.338615571428571238e-01 4.150466222222221613e-01 0.000000000000000000e+00 0.000000000000000000e+00 0.000000000000000000e+00 0.000000000000000000e+00 0.000000000000000000e+00 0.000000000000000000e+00 0.000000000000000000e+00 0.000000000000000000e+00 0.000000000000000000e+00 0.000000000000000000e+00 4.619941946308724345e-01 0.000000000000000000e+00 0.000000000000000000e+00 0.000000000000000000e+00 0.000000000000000000e+00 0.000000000000000000e+00 0.000000000000000000e+00 0.000000000000000000e+00 0.000000000000000000e+00 0.000000000000000000e+00 0.000000000000000000e+00 0.000000000000000000e+00 0.000000000000000000e+00
3.559751349247008423e-01 0.000000000000000000e+00 3.457847977445503984e-01 4.534162971799863828e-01 0.000000000000000000e+00 0.000000000000000000e+00 2.642124791045084020e-01 4.340835702059268608e-01 3.142719273148148473e-01 0.000000000000000000e+00 2.643063545462361330e-01 4.261854951480690268e-01 2.649127383690769721e-01 4.161324915429598370e-01 2.385164864472145707e-01 0.000000000000000000e+00 3.877996160535878145e-01 4.223095327206699001e-01 3.655124357202749752e-01 4.465188093464244612e-01 0.000000000000000000e+00 0.000000000000000000e+00 3.543289167677318163e-01 4.501433687544140194e-01 0.000000000000000000e+00 4.075288848739495595e-01 0.000000000000000000e+00 0.000000000000000000e+00 3.182669146770914503e-01 0.000000000000000000e+00 3.763345526315789447e-01 4.481505472903087317e-01 0.000000000000000000e+00 4.435683510283925379e-01 0.000000000000000000e+00 4.795437380952380924e-01 0.000000000000000000e+00 0.000000000000000000e+00 0.000000000000000000e+00 0.000000000000000000e+00 0.000000000000000000e+00 0.000000000000000000e+00 4.536621304347825956e-01 0.000000000000000000e+00 0.000000000000000000e+00 0.000000000000000000e+00 4.720958991596638787e-01 0.000000000000000000e+00 0.000000000000000000e+00 0.000000000000000000e+00 4.508732207089414246e-01 0.000000000000000000e+00 0.000000000000000000e+00 0.000000000000000000e+00 3.997322122501269503e-01 0.000000000000000000e+00 3.930850023007890770e-01 0.000000000000000000e+00 4.173539879063353220e-01 0.000000000000000000e+00 4.149334244529125915e-01 0.000000000000000000e+00 4.013724025413031304e-01 0.000000000000000000e+00 3.960483947721818998e-01 0.000000000000000000e+00 3.847088000236478789e-01 0.000000000000000000e+00 3.965023827160493730e-01 0.000000000000000000e+00 3.232040769202925712e-01 0.000000000000000000e+00 3.805298400027888883e-01 4.532878951723327554e-01 3.734907018041001003e-01 0.000000000000000000e+00 3.928203474352179869e-01 3.907215924076327673e-01 0.000000000000000000e+00 0.000000000000000000e+00 3.826372411490204795e-01 0.000000000000000000e+00 0.000000000000000000e+00 0.000000000000000000e+00 4.054638227692877739e-01 0.000000000000000000e+00 0.000000000000000000e+00 0.000000000000000000e+00 4.115405463792560781e-01 0.000000000000000000e+00 0.000000000000000000e+00 4.504105385399108097e-01 0.000000000000000000e+00 0.000000000000000000e+00 0.000000000000000000e+00 0.000000000000000000e+00 0.000000000000000000e+00 0.000000000000000000e+00 0.000000000000000000e+00 0.000000000000000000e+00 0.000000000000000000e+00 0.000000000000000000e+00 0.000000000000000000e+00 0.000000000000000000e+00 4.225353103448276082e-01 0.000000000000000000e+00 0.000000000000000000e+00 0.000000000000000000e+00 0.000000000000000000e+00 0.000000000000000000e+00 0.000000000000000000e+00 0.000000000000000000e+00 0.000000000000000000e+00 0.000000000000000000e+00 4.216115118110236315e-01 0.000000000000000000e+00
