0.000000000000000000e+00 1.362171155245918766e-02 1.811023622047244069e-02 3.822629969418960168e-03 1.224489795918367284e-03 0.000000000000000000e+00 1.617615922083421587e-01 6.225811879522126502e-03 3.748125937031484244e-03 0.000000000000000000e+00 1.704438149197355923e-01 6.899724011039558898e-04 2.414896712249054236e-02 0.000000000000000000e+00 9.139784946236559349e-03 0.000000000000000000e+00 1.548340198691543490e-01 1.053074978938500338e-03 5.135008584360855471e-02 1.725760903671164082e-02 0.000000000000000000e+00 0.000000000000000000e+00 1.008827238335435056e-03 3.246753246753246750e-04 0.000000000000000000e+00 0.000000000000000000e+00 0.000000000000000000e+00 0.000000000000000000e+00 4.438579654510556305e-02 7.422068283028203503e-04 6.112469437652811709e-04 2.896871378910776318e-04 5.724350506384852898e-03 5.731441048034934850e-03 0.000000000000000000e+00 0.000000000000000000e+00 1.029272898961284266e-01 6.402048655569782080e-04 0.000000000000000000e+00 0.000000000000000000e+00 9.629629629629629650e-02 0.000000000000000000e+00 1.605136436597110741e-04 0.000000000000000000e+00 5.220114842526535608e-04 0.000000000000000000e+00 0.000000000000000000e+00 0.000000000000000000e+00 1.961265015935278067e-03 8.026326350429408224e-05 6.637587710980466689e-03 0.000000000000000000e+00 0.000000000000000000e+00 0.000000000000000000e+00 3.227699530516432106e-03 2.707092582566323876e-04 2.099746407438715101e-01 1.207081545064377787e-03 2.569415665147119915e-02 3.354016434680530206e-04 6.103656932386214429e-02 3.284072249589491078e-04 5.468749999999999653e-03 0.000000000000000000e+00 4.289276807980049733e-02 0.000000000000000000e+00 1.272033436307468644e-02 2.757859900717043794e-04 1.116495444853653762e-01 6.308411214953271208e-03 9.001636661211129611e-03 0.000000000000000000e+00 4.329477961863081870e-02 0.000000000000000000e+00 5.031446540880502895e-03 0.000000000000000000e+00 7.259325441143622826e-02 3.593890386343216508e-04 1.838235294117647033e-03 0.000000000000000000e+00 3.538257408226448686e-03 0.000000000000000000e+00 0.000000000000000000e+00 0.000000000000000000e+00 3.425706726082718145e-02 0.000000000000000000e+00 0.000000000000000000e+00 0.000000000000000000e+00 2.195121951219512063e-02 0.000000000000000000e+00 6.858710562414265617e-04 1.877934272300469439e-03 0.000000000000000000e+00 0.000000000000000000e+00 4.980842911877394336e-02 0.000000000000000000e+00 0.000000000000000000e+00 0.000000000000000000e+00 0.000000000000000000e+00 6.493506493506493935e-03 0.000000000000000000e+00 0.000000000000000000e+00 2.229654403567447006e-03 1.966955153422501965e-04 0.000000000000000000e+00 0.000000000000000000e+00 1.328021248339973344e-03 0.000000000000000000e+00 0.000000000000000000e+00 0.000000000000000000e+00 0.000000000000000000e+00 0.000000000000000000e+00 0.000000000000000000e+00 0.000000000000000000e+00 0.000000000000000000e+00 0.000000000000000000e+00
1.362171155245918766e-02 0.000000000000000000e+00 9.448818897637795361e-04 3.873598369011212877e-02 0.000000000000000000e+00 1.055408970976253261e-03 3.811136989201778340e-03 1.245162375904425439e-01 0.000000000000000000e+00 1.222493887530562429e-02 0.000000000000000000e+00 3.196872125114995355e-02 0.000000000000000000e+00 7.858546168958742070e-03 0.000000000000000000e+00 2.564102564102564100e-03 4.846135207172280203e-04 9.898904802021904481e-02 2.481660683627282676e-02 1.011400481121221689e-01 0.000000000000000000e+00 0.000000000000000000e+00 0.000000000000000000e+00 0.000000000000000000e+00 0.000000000000000000e+00 0.000000000000000000e+00 0.000000000000000000e+00 1.206272617611580137e-03 2.399232245681381871e-04 1.657595249876298721e-02 0.000000000000000000e+00 2.896871378910776318e-04 2.091589608102157813e-02 1.701237263464337734e-02 0.000000000000000000e+00 0.000000000000000000e+00 0.000000000000000000e+00 4.993597951344429936e-02 0.000000000000000000e+00 1.560062402496099898e-03 0.000000000000000000e+00 0.000000000000000000e+00 0.000000000000000000e+00 8.851907586084800975e-05 0.000000000000000000e+00 1.349667774086378688e-03 0.000000000000000000e+00 0.000000000000000000e+00 0.000000000000000000e+00 4.575006019744762634e-03 0.000000000000000000e+00 9.137271568210795017e-03 0.000000000000000000e+00 2.725724020442930016e-03 0.000000000000000000e+00 7.309149972929074139e-03 1.183431952662721909e-03 3.281920600858369008e-01 1.381406271584473017e-04 3.404326681200738058e-02 2.630886608787161448e-04 7.848932676518884100e-02 0.000000000000000000e+00 1.255686988171064548e-02 0.000000000000000000e+00 9.141551206970433344e-03 1.635471560966745381e-03 2.206287920573635035e-03 3.450281062221360884e-02 2.315420560747663559e-01 0.000000000000000000e+00 6.578463800073502954e-02 1.562988433885589151e-04 5.714941473490934426e-02 0.000000000000000000e+00 7.726597325408618433e-03 0.000000000000000000e+00 9.739442946990116423e-02 0.000000000000000000e+00 0.000000000000000000e+00 0.000000000000000000e+00 1.852891633913531649e-02 0.000000000000000000e+00 0.000000000000000000e+00 1.392563709789722964e-04 4.036908881199538501e-02 0.000000000000000000e+00 0.000000000000000000e+00 0.000000000000000000e+00 2.495621716287215255e-02 4.115226337448560021e-03 1.126760563380281750e-02 0.000000000000000000e+00 8.488964346349745210e-04 1.915708812260536256e-02 0.000000000000000000e+00 2.976190476190476025e-03 0.000000000000000000e+00 3.603603603603603659e-03 2.597402597402597574e-02 0.000000000000000000e+00 0.000000000000000000e+00 1.672240802675585255e-03 3.933910306845003930e-03 1.512859304084720156e-03 6.012658227848101215e-03 3.984063745019920250e-03 0.000000000000000000e+00 0.000000000000000000e+00 0.000000000000000000e+00 0.000000000000000000e+00 0.000000000000000000e+00 0.000000000000000000e+00 0.000000000000000000e+00 0.000000000000000000e+00 0.000000000000000000e+00
1.811023622047244069e-02 9.448818897637795361e-04 0.000000000000000000e+00 9.174311926605505096e-03 2.126530612244897922e-01 2.638522427440633152e-03 1.698073258522125872e-01 9.591115598182736735e-03 5.847076461769115663e-02 7.334963325183374051e-03 1.010387157695939592e-01 2.069917203311867453e-03 8.903113180098923274e-02 1.178781925343811397e-03 5.645161290322580488e-02 2.051282051282051280e-03 2.689605039980615467e-02 0.000000000000000000e+00 1.234587170282503560e-01 1.359690408953038304e-03 1.102941176470588307e-02 0.000000000000000000e+00 2.625472887767969499e-01 1.071428571428571438e-02 1.047180667433832008e-01 3.807106598984771710e-03 3.877940241576605107e-02 1.206272617611580137e-03 3.334932821497121197e-02 0.000000000000000000e+00 6.051344743276283744e-02 4.026651216685979418e-02 7.705856450902686360e-03 4.548762736535661919e-03 1.120448179271708606e-03 8.650519031141868775e-04 4.721435316336165984e-03 0.000000000000000000e+00 0.000000000000000000e+00 0.000000000000000000e+00 0.000000000000000000e+00 0.000000000000000000e+00 1.605136436597110741e-04 0.000000000000000000e+00 0.000000000000000000e+00 0.000000000000000000e+00 0.000000000000000000e+00 0.000000000000000000e+00 8.580534444716842899e-04 0.000000000000000000e+00 1.327517542196093208e-03 0.000000000000000000e+00 0.000000000000000000e+00 0.000000000000000000e+00 5.868544600938967268e-04 0.000000000000000000e+00 1.859678782755705764e-03 0.000000000000000000e+00 4.144218814753419106e-03 0.000000000000000000e+00 2.104709287029729158e-03 3.284072249589491078e-04 1.953125000000000000e-03 0.000000000000000000e+00 4.488778054862843127e-03 0.000000000000000000e+00 1.835362529529347558e-02 2.757859900717043794e-04 1.337468501647606084e-02 0.000000000000000000e+00 2.209492635024550011e-02 0.000000000000000000e+00 8.096280087527352176e-02 5.737893045673628711e-04 1.257861635220125854e-02 0.000000000000000000e+00 9.291936564663837161e-02 1.796945193171608254e-04 0.000000000000000000e+00 0.000000000000000000e+00 1.326846528084918257e-03 0.000000000000000000e+00 0.000000000000000000e+00 0.000000000000000000e+00 2.924383790558418225e-03 0.000000000000000000e+00 0.000000000000000000e+00 0.000000000000000000e+00 2.787456445993031356e-03 0.000000000000000000e+00 1.371742112482853123e-03 9.389671361502347196e-04 0.000000000000000000e+00 0.000000000000000000e+00 4.980842911877394336e-02 0.000000000000000000e+00 0.000000000000000000e+00 0.000000000000000000e+00 0.000000000000000000e+00 0.000000000000000000e+00 0.000000000000000000e+00 0.000000000000000000e+00 5.574136008918617515e-04 7.867820613690007861e-04 0.000000000000000000e+00 0.000000000000000000e+00 1.328021248339973344e-03 0.000000000000000000e+00 0.000000000000000000e+00 0.000000000000000000e+00 0.000000000000000000e+00 0.000000000000000000e+00 0.000000000000000000e+00 0.000000000000000000e+00 0.000000000000000000e+00 0.000000000000000000e+00
3.822629969418960168e-03 3.873598369011212877e-02 9.174311926605505096e-03 0.000000000000000000e+00 1.224489795918367284e-03 7.229551451187335442e-02 1.778530594960829950e-02 1.240114420326434430e-01 7.496251874062968270e-04 3.667481662591687286e-02 9.442870632672332835e-04 4.806807727690892706e-02 1.745708466686063387e-03 4.440078585461689625e-02 0.000000000000000000e+00 4.461538461538461231e-02 7.269202810758420034e-04 2.000842459983150773e-02 8.428281567036054536e-03 1.094027821357598518e-01 0.000000000000000000e+00 0.000000000000000000e+00 3.127364438839849020e-02 3.386363636363636243e-01 0.000000000000000000e+00 8.248730964467004823e-02 0.000000000000000000e+00 3.015681544028950452e-03 2.399232245681381871e-04 2.696684809500247276e-02 4.156479217603911702e-02 1.468713789107763679e-01 4.183179216204315279e-03 6.104439592430858930e-02 5.602240896358543030e-04 2.595155709342560416e-03 0.000000000000000000e+00 2.432778489116517451e-02 0.000000000000000000e+00 1.560062402496099898e-03 0.000000000000000000e+00 0.000000000000000000e+00 0.000000000000000000e+00 8.851907586084800975e-05 0.000000000000000000e+00 5.191029900332226306e-04 0.000000000000000000e+00 0.000000000000000000e+00 0.000000000000000000e+00 1.846055060598763946e-03 0.000000000000000000e+00 1.912452188695282522e-03 0.000000000000000000e+00 1.703577512776831260e-04 0.000000000000000000e+00 0.000000000000000000e+00 3.381234150464919818e-04 5.767167381974249232e-03 2.762812543168946034e-04 2.901224215998658360e-02 0.000000000000000000e+00 1.313628899835796431e-03 0.000000000000000000e+00 5.459508644222020200e-04 0.000000000000000000e+00 7.141836880445650779e-04 4.542976558240959212e-04 1.475455046883618337e-02 1.550688117852296868e-03 9.813084112149532412e-03 0.000000000000000000e+00 6.615214994487321476e-02 3.125976867771178302e-04 8.251090199678677573e-02 0.000000000000000000e+00 9.212481426448737229e-03 2.233638597274960856e-04 1.126684636118598370e-01 0.000000000000000000e+00 0.000000000000000000e+00 0.000000000000000000e+00 2.807411566535654001e-03 0.000000000000000000e+00 0.000000000000000000e+00 4.177691129369168893e-04 9.886307464162134503e-04 0.000000000000000000e+00 0.000000000000000000e+00 0.000000000000000000e+00 6.567425569176882708e-04 2.057613168724280010e-03 3.755868544600938878e-03 0.000000000000000000e+00 0.000000000000000000e+00 2.681992337164751036e-02 0.000000000000000000e+00 7.440476190476190063e-03 0.000000000000000000e+00 1.801801801801801786e-02 0.000000000000000000e+00 0.000000000000000000e+00 0.000000000000000000e+00 1.300631735414344015e-03 2.360346184107002358e-03 0.000000000000000000e+00 1.898734177215189800e-03 1.328021248339973344e-03 0.000000000000000000e+00 0.000000000000000000e+00 0.000000000000000000e+00 0.000000000000000000e+00 0.000000000000000000e+00 0.000000000000000000e+00 0.000000000000000000e+00 0.000000000000000000e+00 0.000000000000000000e+00
1.224489795918367284e-03 0.000000000000000000e+00 2.126530612244897922e-01 1.224489795918367284e-03 0.000000000000000000e+00 1.583113456464379891e-03 3.387677323734914273e-03 0.000000000000000000e+00 2.803598200899550252e-01 2.444987775061124684e-03 4.721435316336166418e-04 0.000000000000000000e+00 1.454757055571719417e-03 0.000000000000000000e+00 1.897849462365591433e-01 5.128205128205128201e-04 0.000000000000000000e+00 0.000000000000000000e+00 1.404713594506009017e-03 1.045915699194644881e-04 5.147058823529411520e-02 4.629629629629629373e-03 6.809583858764187148e-02 1.298701298701298700e-03 1.369390103567318662e-01 1.269035532994923759e-03 2.403051493960584872e-01 0.000000000000000000e+00 1.439539347408829231e-03 0.000000000000000000e+00 1.039119804400977926e-02 2.027809965237543314e-03 2.201673271686481654e-04 1.819505094614265006e-04 0.000000000000000000e+00 0.000000000000000000e+00 0.000000000000000000e+00 0.000000000000000000e+00 0.000000000000000000e+00 0.000000000000000000e+00 0.000000000000000000e+00 0.000000000000000000e+00 1.605136436597110741e-04 0.000000000000000000e+00 0.000000000000000000e+00 0.000000000000000000e+00 1.759014951627088858e-04 0.000000000000000000e+00 2.451581269919097584e-04 0.000000000000000000e+00 1.896453631708704699e-04 0.000000000000000000e+00 3.932363350373574364e-04 0.000000000000000000e+00 0.000000000000000000e+00 0.000000000000000000e+00 5.071851225697379456e-04 0.000000000000000000e+00 0.000000000000000000e+00 0.000000000000000000e+00 5.261773217574322896e-04 0.000000000000000000e+00 0.000000000000000000e+00 0.000000000000000000e+00 0.000000000000000000e+00 0.000000000000000000e+00 7.268762493185535389e-04 0.000000000000000000e+00 0.000000000000000000e+00 0.000000000000000000e+00 2.373158756137479578e-02 0.000000000000000000e+00 3.719912472647702445e-02 1.147578609134725769e-04 5.450733752620545020e-03 0.000000000000000000e+00 6.030824212642394745e-03 0.000000000000000000e+00 0.000000000000000000e+00 0.000000000000000000e+00 2.211410880141530429e-04 0.000000000000000000e+00 0.000000000000000000e+00 0.000000000000000000e+00 5.570254839158891857e-04 0.000000000000000000e+00 1.694915254237288086e-03 0.000000000000000000e+00 6.968641114982578391e-04 0.000000000000000000e+00 0.000000000000000000e+00 0.000000000000000000e+00 0.000000000000000000e+00 0.000000000000000000e+00 1.149425287356321823e-02 0.000000000000000000e+00 0.000000000000000000e+00 0.000000000000000000e+00 0.000000000000000000e+00 0.000000000000000000e+00 0.000000000000000000e+00 0.000000000000000000e+00 0.000000000000000000e+00 0.000000000000000000e+00 0.000000000000000000e+00 0.000000000000000000e+00 0.000000000000000000e+00 0.000000000000000000e+00 0.000000000000000000e+00 0.000000000000000000e+00 0.000000000000000000e+00 0.000000000000000000e+00 0.000000000000000000e+00 0.000000000000000000e+00 0.000000000000000000e+00 0.000000000000000000e+00
0.000000000000000000e+00 1.055408970976253261e-03 2.638522427440633152e-03 7.229551451187335442e-02 1.583113456464379891e-03 0.000000000000000000e+00 0.000000000000000000e+00 5.047955577990913614e-03 0.000000000000000000e+00 1.735941320293398482e-01 0.000000000000000000e+00 4.599816007359705571e-04 0.000000000000000000e+00 1.178781925343811397e-03 0.000000000000000000e+00 8.102564102564102644e-02 0.000000000000000000e+00 4.212299915754001462e-04 0.000000000000000000e+00 4.183662796778579523e-04 0.000000000000000000e+00 9.259259259259258745e-03 2.269861286254728876e-03 1.071428571428571438e-02 1.150747986191024167e-03 4.187817258883248517e-01 1.271455816910362384e-03 3.365500603136308833e-01 0.000000000000000000e+00 1.484413656605640701e-03 1.039119804400977926e-02 1.767091541135573651e-02 2.201673271686481654e-04 9.097525473071324488e-04 0.000000000000000000e+00 0.000000000000000000e+00 0.000000000000000000e+00 0.000000000000000000e+00 0.000000000000000000e+00 1.560062402496099898e-03 0.000000000000000000e+00 0.000000000000000000e+00 0.000000000000000000e+00 0.000000000000000000e+00 0.000000000000000000e+00 0.000000000000000000e+00 0.000000000000000000e+00 2.916727431821496456e-04 0.000000000000000000e+00 0.000000000000000000e+00 0.000000000000000000e+00 1.062473438164045875e-04 0.000000000000000000e+00 3.407155025553662521e-04 0.000000000000000000e+00 0.000000000000000000e+00 0.000000000000000000e+00 1.341201716738197420e-04 0.000000000000000000e+00 0.000000000000000000e+00 0.000000000000000000e+00 0.000000000000000000e+00 0.000000000000000000e+00 0.000000000000000000e+00 0.000000000000000000e+00 0.000000000000000000e+00 0.000000000000000000e+00 0.000000000000000000e+00 0.000000000000000000e+00 0.000000000000000000e+00 0.000000000000000000e+00 1.690554943035648544e-02 0.000000000000000000e+00 4.005049345880192652e-02 0.000000000000000000e+00 6.537890044576523223e-03 0.000000000000000000e+00 2.695417789757412544e-03 0.000000000000000000e+00 0.000000000000000000e+00 0.000000000000000000e+00 5.614823133071308653e-04 0.000000000000000000e+00 0.000000000000000000e+00 0.000000000000000000e+00 3.295435821387378349e-04 0.000000000000000000e+00 0.000000000000000000e+00 0.000000000000000000e+00 4.378283712784588472e-04 0.000000000000000000e+00 0.000000000000000000e+00 0.000000000000000000e+00 0.000000000000000000e+00 0.000000000000000000e+00 0.000000000000000000e+00 0.000000000000000000e+00 0.000000000000000000e+00 0.000000000000000000e+00 0.000000000000000000e+00 0.000000000000000000e+00 0.000000000000000000e+00 0.000000000000000000e+00 0.000000000000000000e+00 0.000000000000000000e+00 0.000000000000000000e+00 0.000000000000000000e+00 0.000000000000000000e+00 0.000000000000000000e+00 0.000000000000000000e+00 0.000000000000000000e+00 0.000000000000000000e+00 0.000000000000000000e+00 0.000000000000000000e+00 0.000000000000000000e+00 0.000000000000000000e+00
1.617615922083421587e-01 3.811136989201778340e-03 1.698073258522125872e-01 1.778530594960829950e-02 3.387677323734914273e-03 0.000000000000000000e+00 0.000000000000000000e+00 2.221100454316001990e-02 3.148425787106446522e-02 0.000000000000000000e+00 7.837582625118036384e-02 4.369825206991720563e-03 3.063718359034041105e-01 1.571709233791748457e-03 1.612903225806451568e-02 5.128205128205128201e-04 1.938454082868911951e-02 2.106149957877000731e-04 2.934290619634774555e-02 6.589268904926262951e-03 0.000000000000000000e+00 0.000000000000000000e+00 7.566204287515762919e-03 5.194805194805194801e-03 0.000000000000000000e+00 0.000000000000000000e+00 0.000000000000000000e+00 0.000000000000000000e+00 1.847408829174664036e-02 4.948045522018803058e-04 1.772616136919315244e-02 1.564310544611819190e-02 3.082342580361074370e-03 7.005094614264920083e-03 5.602240896358543030e-04 0.000000000000000000e+00 5.665722379603399701e-03 0.000000000000000000e+00 0.000000000000000000e+00 0.000000000000000000e+00 7.407407407407407690e-03 0.000000000000000000e+00 1.605136436597110741e-04 0.000000000000000000e+00 0.000000000000000000e+00 0.000000000000000000e+00 0.000000000000000000e+00 0.000000000000000000e+00 1.225790634959548792e-04 0.000000000000000000e+00 1.327517542196093208e-03 1.062473438164045875e-04 0.000000000000000000e+00 0.000000000000000000e+00 2.934272300469483634e-04 0.000000000000000000e+00 3.719357565511411529e-03 0.000000000000000000e+00 1.243265644426025688e-03 3.354016434680530206e-04 1.131281241778479309e-02 0.000000000000000000e+00 2.343749999999999913e-03 0.000000000000000000e+00 1.496259351620947593e-02 0.000000000000000000e+00 2.544066872614937115e-03 1.378929950358521897e-04 4.264392324093816550e-03 0.000000000000000000e+00 1.882160392798690532e-02 0.000000000000000000e+00 3.485464207564863831e-02 2.295157218269451539e-04 8.385744234800839025e-03 0.000000000000000000e+00 6.790261335715881696e-02 1.257861635220125724e-03 0.000000000000000000e+00 0.000000000000000000e+00 4.422821760283060857e-03 0.000000000000000000e+00 0.000000000000000000e+00 0.000000000000000000e+00 1.434340621083414480e-02 0.000000000000000000e+00 0.000000000000000000e+00 0.000000000000000000e+00 7.665505226480836230e-03 0.000000000000000000e+00 1.714677640603566458e-03 0.000000000000000000e+00 4.786979415988511233e-04 8.488964346349745210e-04 1.532567049808429040e-02 0.000000000000000000e+00 0.000000000000000000e+00 0.000000000000000000e+00 0.000000000000000000e+00 0.000000000000000000e+00 0.000000000000000000e+00 0.000000000000000000e+00 3.716090672612411857e-04 0.000000000000000000e+00 7.564296520423600782e-04 0.000000000000000000e+00 0.000000000000000000e+00 0.000000000000000000e+00 0.000000000000000000e+00 0.000000000000000000e+00 0.000000000000000000e+00 0.000000000000000000e+00 0.000000000000000000e+00 0.000000000000000000e+00 0.000000000000000000e+00 0.000000000000000000e+00
6.225811879522126502e-03 1.245162375904425439e-01 9.591115598182736735e-03 1.240114420326434430e-01 0.000000000000000000e+00 5.047955577990913614e-03 2.221100454316001990e-02 0.000000000000000000e+00 0.000000000000000000e+00 2.151589242053789652e-01 9.442870632672332835e-04 1.292548298068077195e-01 5.819028222286878318e-04 2.131630648330058997e-01 0.000000000000000000e+00 6.769230769230769051e-02 4.846135207172280203e-04 5.265374894692502125e-03 2.044638676447635417e-02 2.269637067252379403e-02 0.000000000000000000e+00 0.000000000000000000e+00 1.286254728877679783e-02 2.597402597402597400e-03 0.000000000000000000e+00 6.345177664974619228e-03 0.000000000000000000e+00 6.031363088057900687e-04 0.000000000000000000e+00 1.781296387926768754e-02 1.894865525672371695e-02 2.317497103128621054e-03 9.687362395420518954e-03 7.823871906841339471e-03 0.000000000000000000e+00 0.000000000000000000e+00 0.000000000000000000e+00 1.280409731113956416e-03 0.000000000000000000e+00 0.000000000000000000e+00 0.000000000000000000e+00 0.000000000000000000e+00 0.000000000000000000e+00 2.655572275825440428e-04 0.000000000000000000e+00 1.764950166112956879e-03 0.000000000000000000e+00 0.000000000000000000e+00 0.000000000000000000e+00 4.735532546753350690e-03 0.000000000000000000e+00 5.524861878453038444e-03 0.000000000000000000e+00 1.022146507666098865e-03 0.000000000000000000e+00 4.331348132106118201e-03 0.000000000000000000e+00 7.778969957081545254e-03 1.381406271584473017e-04 4.024819721616636030e-03 0.000000000000000000e+00 2.561576354679803019e-02 0.000000000000000000e+00 3.093721565059144672e-03 0.000000000000000000e+00 3.570918440222825389e-03 4.542976558240959212e-04 1.930501930501930547e-03 7.753440589261484340e-04 9.345794392523364873e-04 0.000000000000000000e+00 1.334068357221609713e-01 3.125976867771178302e-04 4.555887078264861390e-02 0.000000000000000000e+00 4.754829123328379974e-03 1.786910877819968685e-03 5.229110512129379884e-02 0.000000000000000000e+00 0.000000000000000000e+00 2.211410880141530429e-04 1.235261089275687882e-02 0.000000000000000000e+00 0.000000000000000000e+00 2.785127419579445929e-04 1.515900477838194073e-02 0.000000000000000000e+00 2.242152466367712971e-03 3.484320557491289196e-04 8.099824868651487805e-03 6.858710562414265617e-04 0.000000000000000000e+00 0.000000000000000000e+00 8.488964346349745210e-04 7.662835249042145198e-03 0.000000000000000000e+00 0.000000000000000000e+00 0.000000000000000000e+00 0.000000000000000000e+00 6.493506493506493935e-03 0.000000000000000000e+00 0.000000000000000000e+00 9.290226681531028831e-04 7.867820613690007861e-04 0.000000000000000000e+00 9.493670886075949002e-04 0.000000000000000000e+00 0.000000000000000000e+00 0.000000000000000000e+00 0.000000000000000000e+00 0.000000000000000000e+00 0.000000000000000000e+00 0.000000000000000000e+00 0.000000000000000000e+00 0.000000000000000000e+00 0.000000000000000000e+00
3.748125937031484244e-03 0.000000000000000000e+00 5.847076461769115663e-02 7.496251874062968270e-04 2.803598200899550252e-01 0.000000000000000000e+00 3.148425787106446522e-02 0.000000000000000000e+00 0.000000000000000000e+00 0.000000000000000000e+00 2.832861189801699851e-03 0.000000000000000000e+00 8.204829793424497919e-02 0.000000000000000000e+00 1.795698924731182755e-01 0.000000000000000000e+00 4.846135207172280203e-04 0.000000000000000000e+00 1.560792882784454614e-04 0.000000000000000000e+00 1.838235294117647120e-02 0.000000000000000000e+00 7.566204287515762919e-04 0.000000000000000000e+00 0.000000000000000000e+00 0.000000000000000000e+00 2.542911633820724767e-03 0.000000000000000000e+00 2.639155470249520113e-03 0.000000000000000000e+00 6.112469437652811709e-04 0.000000000000000000e+00 0.000000000000000000e+00 0.000000000000000000e+00 0.000000000000000000e+00 0.000000000000000000e+00 9.442870632672332835e-04 0.000000000000000000e+00 0.000000000000000000e+00 0.000000000000000000e+00 0.000000000000000000e+00 0.000000000000000000e+00 0.000000000000000000e+00 0.000000000000000000e+00 0.000000000000000000e+00 0.000000000000000000e+00 0.000000000000000000e+00 0.000000000000000000e+00 0.000000000000000000e+00 0.000000000000000000e+00 0.000000000000000000e+00 0.000000000000000000e+00 0.000000000000000000e+00 0.000000000000000000e+00 0.000000000000000000e+00 0.000000000000000000e+00 3.381234150464919818e-04 0.000000000000000000e+00 1.381406271584473017e-04 0.000000000000000000e+00 5.261773217574322896e-04 0.000000000000000000e+00 7.812500000000000434e-04 0.000000000000000000e+00 0.000000000000000000e+00 0.000000000000000000e+00 9.085953116481919236e-05 0.000000000000000000e+00 1.938360147315371085e-04 0.000000000000000000e+00 1.063829787234042527e-02 0.000000000000000000e+00 1.969365426695842552e-02 0.000000000000000000e+00 8.385744234800838158e-04 0.000000000000000000e+00 6.030824212642394745e-03 0.000000000000000000e+00 0.000000000000000000e+00 0.000000000000000000e+00 0.000000000000000000e+00 0.000000000000000000e+00 0.000000000000000000e+00 0.000000000000000000e+00 5.570254839158891857e-04 0.000000000000000000e+00 0.000000000000000000e+00 0.000000000000000000e+00 3.484320557491289196e-04 0.000000000000000000e+00 0.000000000000000000e+00 0.000000000000000000e+00 0.000000000000000000e+00 0.000000000000000000e+00 3.831417624521072599e-03 0.000000000000000000e+00 0.000000000000000000e+00 0.000000000000000000e+00 0.000000000000000000e+00 0.000000000000000000e+00 0.000000000000000000e+00 0.000000000000000000e+00 0.000000000000000000e+00 0.000000000000000000e+00 0.000000000000000000e+00 0.000000000000000000e+00 1.328021248339973344e-03 0.000000000000000000e+00 0.000000000000000000e+00 0.000000000000000000e+00 0.000000000000000000e+00 0.000000000000000000e+00 0.000000000000000000e+00 0.000000000000000000e+00 0.000000000000000000e+00 0.000000000000000000e+00
0.000000000000000000e+00 1.222493887530562429e-02 7.334963325183374051e-03 3.667481662591687286e-02 2.444987775061124684e-03 1.735941320293398482e-01 0.000000000000000000e+00 2.151589242053789652e-01 0.000000000000000000e+00 0.000000000000000000e+00 0.000000000000000000e+00 4.599816007359705571e-04 0.000000000000000000e+00 1.768172888015717096e-03 0.000000000000000000e+00 7.076923076923076483e-02 0.000000000000000000e+00 0.000000000000000000e+00 0.000000000000000000e+00 1.045915699194644881e-04 0.000000000000000000e+00 4.629629629629629373e-03 2.017654476670870112e-03 0.000000000000000000e+00 1.150747986191024167e-03 8.883248730964467613e-03 0.000000000000000000e+00 1.809408926417370314e-03 0.000000000000000000e+00 7.422068283028203503e-04 1.222493887530562342e-03 2.896871378910776318e-04 0.000000000000000000e+00 9.097525473071325030e-05 0.000000000000000000e+00 0.000000000000000000e+00 0.000000000000000000e+00 0.000000000000000000e+00 0.000000000000000000e+00 0.000000000000000000e+00 0.000000000000000000e+00 0.000000000000000000e+00 0.000000000000000000e+00 0.000000000000000000e+00 0.000000000000000000e+00 0.000000000000000000e+00 0.000000000000000000e+00 0.000000000000000000e+00 0.000000000000000000e+00 0.000000000000000000e+00 0.000000000000000000e+00 0.000000000000000000e+00 0.000000000000000000e+00 0.000000000000000000e+00 0.000000000000000000e+00 0.000000000000000000e+00 0.000000000000000000e+00 1.341201716738197420e-04 0.000000000000000000e+00 1.677008217340265103e-04 0.000000000000000000e+00 0.000000000000000000e+00 0.000000000000000000e+00 0.000000000000000000e+00 0.000000000000000000e+00 0.000000000000000000e+00 0.000000000000000000e+00 0.000000000000000000e+00 0.000000000000000000e+00 0.000000000000000000e+00 0.000000000000000000e+00 1.837559720690922415e-03 0.000000000000000000e+00 3.098462244663759482e-03 0.000000000000000000e+00 1.188707280832094993e-03 0.000000000000000000e+00 1.976639712488769025e-03 0.000000000000000000e+00 0.000000000000000000e+00 0.000000000000000000e+00 0.000000000000000000e+00 0.000000000000000000e+00 0.000000000000000000e+00 0.000000000000000000e+00 0.000000000000000000e+00 0.000000000000000000e+00 0.000000000000000000e+00 0.000000000000000000e+00 0.000000000000000000e+00 0.000000000000000000e+00 0.000000000000000000e+00 0.000000000000000000e+00 0.000000000000000000e+00 0.000000000000000000e+00 0.000000000000000000e+00 0.000000000000000000e+00 0.000000000000000000e+00 0.000000000000000000e+00 0.000000000000000000e+00 0.000000000000000000e+00 0.000000000000000000e+00 0.000000000000000000e+00 0.000000000000000000e+00 0.000000000000000000e+00 0.000000000000000000e+00 0.000000000000000000e+00 0.000000000000000000e+00 0.000000000000000000e+00 0.000000000000000000e+00 0.000000000000000000e+00 0.000000000000000000e+00 0.000000000000000000e+00 0.000000000000000000e+00 0.000000000000000000e+00 0.000000000000000000e+00
1.704438149197355923e-01 0.000000000000000000e+00 1.010387157695939592e-01 9.442870632672332835e-04 4.721435316336166418e-04 0.000000000000000000e+00 7.837582625118036384e-02 9.442870632672332835e-04 2.832861189801699851e-03 0.000000000000000000e+00 0.000000000000000000e+00 2.299908003679852785e-04 1.864998545242944339e-01 1.964636542239685572e-04 3.763440860215053977e-03 0.000000000000000000e+00 3.198449236733704598e-02 0.000000000000000000e+00 2.153894178242547058e-02 3.137747097583934506e-04 0.000000000000000000e+00 0.000000000000000000e+00 2.017654476670870112e-02 3.246753246753246750e-04 0.000000000000000000e+00 0.000000000000000000e+00 0.000000000000000000e+00 0.000000000000000000e+00 2.231285988483685048e-02 0.000000000000000000e+00 3.056234718826406072e-03 1.738122827346465791e-03 8.806693086745926618e-04 3.639010189228530012e-04 0.000000000000000000e+00 0.000000000000000000e+00 0.000000000000000000e+00 0.000000000000000000e+00 0.000000000000000000e+00 0.000000000000000000e+00 0.000000000000000000e+00 0.000000000000000000e+00 0.000000000000000000e+00 0.000000000000000000e+00 0.000000000000000000e+00 0.000000000000000000e+00 1.759014951627088858e-04 0.000000000000000000e+00 0.000000000000000000e+00 0.000000000000000000e+00 1.896453631708704699e-04 0.000000000000000000e+00 0.000000000000000000e+00 0.000000000000000000e+00 0.000000000000000000e+00 0.000000000000000000e+00 2.704987320371935854e-03 0.000000000000000000e+00 1.381406271584472963e-03 0.000000000000000000e+00 9.997369113391212092e-03 0.000000000000000000e+00 3.515625000000000087e-03 0.000000000000000000e+00 4.987531172069825311e-03 0.000000000000000000e+00 2.998364528439033307e-03 0.000000000000000000e+00 3.876720294630742170e-04 0.000000000000000000e+00 0.000000000000000000e+00 0.000000000000000000e+00 1.047202250703344745e-02 0.000000000000000000e+00 1.257861635220125724e-03 0.000000000000000000e+00 1.563547018092472599e-03 0.000000000000000000e+00 0.000000000000000000e+00 0.000000000000000000e+00 1.326846528084918257e-03 0.000000000000000000e+00 0.000000000000000000e+00 0.000000000000000000e+00 4.038434758390196597e-03 0.000000000000000000e+00 0.000000000000000000e+00 0.000000000000000000e+00 2.439024390243902437e-03 0.000000000000000000e+00 0.000000000000000000e+00 0.000000000000000000e+00 0.000000000000000000e+00 0.000000000000000000e+00 0.000000000000000000e+00 0.000000000000000000e+00 0.000000000000000000e+00 0.000000000000000000e+00 0.000000000000000000e+00 0.000000000000000000e+00 0.000000000000000000e+00 0.000000000000000000e+00 0.000000000000000000e+00 0.000000000000000000e+00 0.000000000000000000e+00 0.000000000000000000e+00 0.000000000000000000e+00 0.000000000000000000e+00 0.000000000000000000e+00 0.000000000000000000e+00 0.000000000000000000e+00 0.000000000000000000e+00 0.000000000000000000e+00 0.000000000000000000e+00 0.000000000000000000e+00 0.000000000000000000e+00
6.899724011039558898e-04 3.196872125114995355e-02 2.069917203311867453e-03 4.806807727690892706e-02 0.000000000000000000e+00 4.599816007359705571e-04 4.369825206991720563e-03 1.292548298068077195e-01 0.000000000000000000e+00 4.599816007359705571e-04 2.299908003679852785e-04 0.000000000000000000e+00 0.000000000000000000e+00 3.300589390962672121e-01 0.000000000000000000e+00 2.051282051282051280e-02 0.000000000000000000e+00 2.590564448188711205e-02 2.185110035898236297e-03 1.903566572534253626e-02 0.000000000000000000e+00 0.000000000000000000e+00 0.000000000000000000e+00 5.194805194805194801e-03 0.000000000000000000e+00 0.000000000000000000e+00 0.000000000000000000e+00 0.000000000000000000e+00 2.399232245681381871e-04 1.642751113310242372e-01 1.833740831295843513e-03 2.896871378910776318e-04 6.605019815059445234e-04 1.528384279475982453e-02 0.000000000000000000e+00 1.730103806228373755e-03 0.000000000000000000e+00 1.280409731113956416e-03 0.000000000000000000e+00 0.000000000000000000e+00 0.000000000000000000e+00 0.000000000000000000e+00 0.000000000000000000e+00 0.000000000000000000e+00 0.000000000000000000e+00 1.038205980066445207e-04 0.000000000000000000e+00 0.000000000000000000e+00 0.000000000000000000e+00 1.605265270085881645e-04 0.000000000000000000e+00 2.124946876328091751e-04 0.000000000000000000e+00 1.703577512776831260e-04 0.000000000000000000e+00 0.000000000000000000e+00 0.000000000000000000e+00 1.475321888412017271e-03 0.000000000000000000e+00 1.173905752138185545e-03 0.000000000000000000e+00 6.239737274220032506e-03 0.000000000000000000e+00 5.277525022747952752e-03 0.000000000000000000e+00 8.570204256534780718e-04 9.085953116481919236e-05 1.792608935466078303e-03 0.000000000000000000e+00 9.345794392523364873e-04 0.000000000000000000e+00 2.756339581036383601e-02 1.562988433885589151e-04 1.652513197154005173e-02 0.000000000000000000e+00 2.971768202080237484e-04 6.700915791824882568e-04 5.211141060197663558e-03 0.000000000000000000e+00 4.950495049504950555e-03 0.000000000000000000e+00 1.937113980909601491e-02 0.000000000000000000e+00 0.000000000000000000e+00 0.000000000000000000e+00 7.909045971329707603e-03 0.000000000000000000e+00 0.000000000000000000e+00 0.000000000000000000e+00 7.880910683012259249e-03 0.000000000000000000e+00 0.000000000000000000e+00 0.000000000000000000e+00 0.000000000000000000e+00 0.000000000000000000e+00 0.000000000000000000e+00 0.000000000000000000e+00 0.000000000000000000e+00 0.000000000000000000e+00 0.000000000000000000e+00 0.000000000000000000e+00 0.000000000000000000e+00 0.000000000000000000e+00 0.000000000000000000e+00 0.000000000000000000e+00 0.000000000000000000e+00 0.000000000000000000e+00 0.000000000000000000e+00 0.000000000000000000e+00 0.000000000000000000e+00 0.000000000000000000e+00 0.000000000000000000e+00 0.000000000000000000e+00 0.000000000000000000e+00 0.000000000000000000e+00 0.000000000000000000e+00
2.414896712249054236e-02 0.000000000000000000e+00 8.903113180098923274e-02 1.745708466686063387e-03 1.454757055571719417e-03 0.000000000000000000e+00 3.063718359034041105e-01 5.819028222286878318e-04 8.204829793424497919e-02 0.000000000000000000e+00 1.864998545242944339e-01 0.000000000000000000e+00 0.000000000000000000e+00 0.000000000000000000e+00 2.430107526881720437e-01 0.000000000000000000e+00 1.041919069542040187e-02 0.000000000000000000e+00 6.087092242859372913e-03 2.091831398389289761e-04 0.000000000000000000e+00 0.000000000000000000e+00 1.689785624211853632e-02 9.740259740259740251e-04 1.150747986191024167e-03 0.000000000000000000e+00 0.000000000000000000e+00 0.000000000000000000e+00 4.750479846449136290e-02 0.000000000000000000e+00 0.000000000000000000e+00 2.896871378910776318e-04 2.201673271686481654e-04 3.639010189228530012e-04 0.000000000000000000e+00 0.000000000000000000e+00 0.000000000000000000e+00 0.000000000000000000e+00 0.000000000000000000e+00 0.000000000000000000e+00 0.000000000000000000e+00 0.000000000000000000e+00 0.000000000000000000e+00 0.000000000000000000e+00 0.000000000000000000e+00 0.000000000000000000e+00 0.000000000000000000e+00 0.000000000000000000e+00 0.000000000000000000e+00 0.000000000000000000e+00 2.844680447563057183e-04 0.000000000000000000e+00 0.000000000000000000e+00 0.000000000000000000e+00 2.934272300469483634e-04 0.000000000000000000e+00 1.690617075232459909e-04 0.000000000000000000e+00 9.669843901091311391e-04 0.000000000000000000e+00 1.262825572217837408e-02 0.000000000000000000e+00 3.906250000000000000e-03 0.000000000000000000e+00 5.735660847880299021e-03 0.000000000000000000e+00 0.000000000000000000e+00 0.000000000000000000e+00 3.876720294630742170e-04 0.000000000000000000e+00 8.183306055646481563e-04 0.000000000000000000e+00 9.846827133479212762e-03 0.000000000000000000e+00 2.935010482180293572e-03 0.000000000000000000e+00 3.797185615367433455e-03 0.000000000000000000e+00 1.838235294117647033e-03 0.000000000000000000e+00 1.990269792127377386e-03 0.000000000000000000e+00 0.000000000000000000e+00 0.000000000000000000e+00 6.962818548948614822e-03 0.000000000000000000e+00 0.000000000000000000e+00 0.000000000000000000e+00 1.393728222996515678e-03 0.000000000000000000e+00 0.000000000000000000e+00 0.000000000000000000e+00 0.000000000000000000e+00 0.000000000000000000e+00 0.000000000000000000e+00 0.000000000000000000e+00 0.000000000000000000e+00 0.000000000000000000e+00 0.000000000000000000e+00 0.000000000000000000e+00 0.000000000000000000e+00 0.000000000000000000e+00 0.000000000000000000e+00 0.000000000000000000e+00 0.000000000000000000e+00 0.000000000000000000e+00 1.328021248339973344e-03 0.000000000000000000e+00 0.000000000000000000e+00 0.000000000000000000e+00 0.000000000000000000e+00 0.000000000000000000e+00 0.000000000000000000e+00 0.000000000000000000e+00 0.000000000000000000e+00 0.000000000000000000e+00
