2.928301685994652015e-01 4.965203525387130723e-01 3.673980149978181564e-01 5.072801337790667775e-01 3.348370146259028735e-01 0.000000000000000000e+00 3.782139156935077073e-01 4.790736637369006901e-01 3.602538496138345536e-01 4.525121533742331170e-01 3.355402821638657218e-01 4.898417665100476270e-01 3.703989088599152213e-01 4.628398502136752413e-01 3.877727340085287966e-01 4.634520884615385139e-01 2.658532176282931148e-01 4.870197111392059464e-01 3.904071917634208133e-01 5.109033491682815065e-01 0.000000000000000000e+00 0.000000000000000000e+00 4.225550226117715802e-01 4.785412589593642796e-01 0.000000000000000000e+00 0.000000000000000000e+00 4.402049244186047039e-01 0.000000000000000000e+00 3.937864490724714006e-01 4.710776055077627866e-01 3.874686178951410320e-01 4.840165872093022403e-01 4.095403099913610401e-01 5.012055365989366296e-01 4.479459429106882329e-01 0.000000000000000000e+00 5.034297287548835653e-01 0.000000000000000000e+00 4.344701666666666573e-01 0.000000000000000000e+00 0.000000000000000000e+00 0.000000000000000000e+00 0.000000000000000000e+00 0.000000000000000000e+00 0.000000000000000000e+00 4.839366291882539195e-01 0.000000000000000000e+00 0.000000000000000000e+00 4.323235166598080603e-01 5.039465365683787335e-01 3.927131874941393597e-01 4.772590544880599972e-01 0.000000000000000000e+00 4.172803421052631578e-01 4.125867877779946236e-01 0.000000000000000000e+00 3.455603645529958245e-01 5.017220144529472847e-01 4.338019812775263939e-01 5.018071221805466831e-01 4.146845508780282463e-01 4.697405612903226002e-01 4.057445069479212463e-01 4.904940279372368428e-01 3.919438946598635121e-01 5.037442941835273968e-01 4.453836039044740680e-01 5.096307558446691033e-01 3.642487672892303907e-01 5.166449003937257922e-01 3.742879166690401549e-01 4.922654496206267938e-01 3.946844868518817884e-01 4.898098203234158565e-01 0.000000000000000000e+00 0.000000000000000000e+00 4.134214547699929798e-01 4.924572296026791807e-01 0.000000000000000000e+00 4.873296065573770597e-01 3.944163463381968326e-01 0.000000000000000000e+00 0.000000000000000000e+00 0.000000000000000000e+00 4.101712933763780322e-01 4.463896211976750572e-01 0.000000000000000000e+00 0.000000000000000000e+00 4.283332765252960694e-01 4.480355054303278850e-01 4.656945527662773587e-01 4.648417779401937677e-01 4.456727922899243466e-01 0.000000000000000000e+00 4.668415935892792357e-01 0.000000000000000000e+00 0.000000000000000000e+00 0.000000000000000000e+00 4.880082073457002734e-01 4.189825827338129471e-01 4.055581241830065187e-01 4.989068370370371430e-01 0.000000000000000000e+00 4.376194789604212487e-01 4.521103731360165412e-01 4.748674248159441280e-01 4.471129398116786557e-01 0.000000000000000000e+00 0.000000000000000000e+00 0.000000000000000000e+00 0.000000000000000000e+00 0.000000000000000000e+00 0.000000000000000000e+00 4.527651120689655251e-01 0.000000000000000000e+00 0.000000000000000000e+00
4.965203525387130723e-01 3.392389778098147679e-01 5.124022641509915488e-01 3.780428667073294502e-01 0.000000000000000000e+00 4.611927571428571238e-01 4.314842108885387217e-01 3.692746366102804267e-01 0.000000000000000000e+00 3.791855117717133905e-01 4.355314901960783969e-01 3.715784305299645873e-01 4.216942767857143060e-01 3.859011505796545727e-01 0.000000000000000000e+00 4.517045629629629078e-01 4.936990813179045756e-01 3.597896000236022185e-01 5.172390963137611930e-01 3.883523951182024092e-01 0.000000000000000000e+00 0.000000000000000000e+00 4.844428974907493135e-01 4.064378334456998365e-01 0.000000000000000000e+00 0.000000000000000000e+00 0.000000000000000000e+00 0.000000000000000000e+00 4.762089514231382381e-01 4.270132588389830008e-01 4.317075294117647122e-01 0.000000000000000000e+00 5.360830487079930595e-01 4.576177656370317703e-01 0.000000000000000000e+00 0.000000000000000000e+00 5.713428614643039083e-01 5.215713514506763460e-01 0.000000000000000000e+00 4.337268803418805052e-01 0.000000000000000000e+00 4.528613886673963362e-01 0.000000000000000000e+00 4.506317647058823428e-01 5.049313973509933495e-01 4.246223160245040096e-01 0.000000000000000000e+00 0.000000000000000000e+00 5.004706976744186520e-01 4.241458592435823349e-01 0.000000000000000000e+00 3.899133398149821073e-01 0.000000000000000000e+00 3.922964442505327831e-01 4.860286138046333582e-01 3.844834211212880271e-01 5.120057264981037193e-01 3.635657239511353445e-01 5.080618370378736648e-01 4.287696401245023048e-01 5.250392380952381144e-01 4.221992811672258261e-01 5.385966071428571755e-01 4.042410846747572228e-01 0.000000000000000000e+00 4.140885925665897527e-01 5.201217172473643346e-01 4.066256239158791974e-01 5.316095503115032539e-01 3.582511408163571165e-01 5.116883039188137028e-01 3.867824990414908681e-01 5.588767768181817086e-01 4.328377552123162109e-01 0.000000000000000000e+00 4.723761857198005565e-01 4.998251660060324397e-01 4.432229964972060898e-01 0.000000000000000000e+00 3.950130017759886369e-01 0.000000000000000000e+00 4.235981527587065476e-01 0.000000000000000000e+00 0.000000000000000000e+00 4.654100911435352650e-01 4.212312563066906712e-01 0.000000000000000000e+00 0.000000000000000000e+00 4.807772049597279218e-01 4.290756985055687589e-01 0.000000000000000000e+00 4.836337783728714146e-01 4.909411032258064744e-01 4.702511482561305689e-01 4.661615352597402451e-01 4.921903909630239715e-01 4.852426641221374570e-01 0.000000000000000000e+00 4.669868698630137427e-01 4.988549256198346327e-01 0.000000000000000000e+00 4.617881789480118293e-01 0.000000000000000000e+00 4.572218558665784860e-01 4.937917643373389009e-01 4.736893196835648689e-01 0.000000000000000000e+00 0.000000000000000000e+00 0.000000000000000000e+00 4.892527318181817964e-01 5.092556916666666211e-01 0.000000000000000000e+00 0.000000000000000000e+00 0.000000000000000000e+00 0.000000000000000000e+00 0.000000000000000000e+00
3.673980149978181564e-01 5.124022641509915488e-01 2.881724919426592035e-01 4.781332195438809940e-01 2.391037988005313419e-01 4.561740889600097715e-01 3.616326122253306630e-01 4.803836036326485925e-01 3.120412624933330825e-01 4.582891270979383425e-01 4.060612000179100178e-01 4.913471077241053919e-01 3.486513272261766994e-01 4.564365220778676679e-01 3.109317508740745972e-01 4.478463326766707886e-01 4.144778965353646538e-01 5.170753864010315670e-01 3.122482898072918567e-01 5.297885450173374089e-01 3.708861426987398735e-01 0.000000000000000000e+00 2.881349009057030952e-01 4.609974383852428748e-01 2.810139070422595919e-01 4.242906400485002005e-01 3.095331105979591269e-01 4.491257229645647109e-01 3.735184600177811620e-01 4.790960770583481687e-01 3.554034139513418400e-01 4.422889963925001888e-01 4.088520259151480762e-01 5.161495501559267840e-01 4.476397610470869148e-01 5.187740526315789413e-01 4.800905924661646451e-01 5.208737413889542589e-01 0.000000000000000000e+00 0.000000000000000000e+00 0.000000000000000000e+00 0.000000000000000000e+00 0.000000000000000000e+00 0.000000000000000000e+00 4.647989107000538578e-01 5.512120360824742660e-01 0.000000000000000000e+00 0.000000000000000000e+00 4.679531121647218517e-01 5.053851261510129422e-01 4.495887774029894701e-01 4.518821451626786612e-01 0.000000000000000000e+00 0.000000000000000000e+00 0.000000000000000000e+00 0.000000000000000000e+00 4.006562709701398939e-01 4.819806412206374957e-01 4.404429314138993967e-01 5.177704696045823951e-01 4.105920785202237799e-01 0.000000000000000000e+00 3.939708288780207623e-01 0.000000000000000000e+00 3.972770605510135833e-01 0.000000000000000000e+00 4.541082797875813371e-01 5.032555791008478385e-01 3.323791477478137413e-01 5.081789444444444470e-01 3.592002147246871613e-01 4.645017701190683468e-01 3.774077489068430324e-01 4.483434544124053067e-01 3.667898149952315556e-01 0.000000000000000000e+00 4.176258343106465931e-01 4.478501478355452758e-01 0.000000000000000000e+00 0.000000000000000000e+00 4.317667557461074557e-01 4.785124591194969135e-01 0.000000000000000000e+00 0.000000000000000000e+00 4.201194899708120545e-01 4.171824936708860010e-01 4.101304452054794769e-01 0.000000000000000000e+00 4.284758527197489175e-01 0.000000000000000000e+00 4.444594161920931152e-01 4.422264405192739001e-01 4.225500597555700288e-01 4.314091621406371257e-01 4.558939270991713144e-01 0.000000000000000000e+00 4.480805087719297863e-01 4.242450983606557702e-01 0.000000000000000000e+00 4.451545641290322597e-01 4.105724247571483354e-01 0.000000000000000000e+00 4.427322816901408387e-01 4.470866205852117581e-01 4.685682437207583928e-01 0.000000000000000000e+00 4.428910309716599381e-01 0.000000000000000000e+00 0.000000000000000000e+00 4.987897333333333183e-01 0.000000000000000000e+00 0.000000000000000000e+00 0.000000000000000000e+00 0.000000000000000000e+00 0.000000000000000000e+00 0.000000000000000000e+00
5.072801337790667775e-01 3.780428667073294502e-01 4.781332195438809940e-01 2.935474112355224707e-01 4.531217795787672586e-01 2.889484233108474687e-01 4.820260962502804225e-01 3.219406921409340150e-01 4.313307810416666110e-01 3.442787678287987929e-01 4.912835223925210992e-01 3.939144342675205968e-01 4.657581179987160813e-01 3.687650798649786399e-01 0.000000000000000000e+00 3.418494212492964035e-01 4.927838976067921983e-01 4.142542464887071230e-01 5.247871701301499714e-01 3.514465886706913400e-01 0.000000000000000000e+00 3.632694753694581391e-01 4.668742220257384168e-01 3.229136633641211951e-01 4.407013143564040836e-01 2.032742035060741970e-01 4.302253809523809425e-01 3.081189737539872242e-01 4.888612574827155277e-01 3.760759768864592734e-01 4.399936770315325818e-01 3.911623084138953765e-01 5.333010878608481775e-01 4.337757059367512436e-01 0.000000000000000000e+00 4.697178104655181374e-01 5.138373300104546182e-01 4.598381174163659324e-01 0.000000000000000000e+00 4.632656517078488356e-01 0.000000000000000000e+00 4.604892820512820339e-01 0.000000000000000000e+00 0.000000000000000000e+00 0.000000000000000000e+00 4.340534193406762609e-01 0.000000000000000000e+00 0.000000000000000000e+00 0.000000000000000000e+00 4.383196616826847136e-01 5.301014625850339890e-01 4.272586818287665844e-01 0.000000000000000000e+00 4.163103781532367376e-01 0.000000000000000000e+00 4.047893074027281157e-01 4.957864947876162720e-01 4.105425599551514315e-01 4.960472252298137597e-01 4.173381081430929673e-01 4.923529918770452873e-01 4.282945439839753177e-01 0.000000000000000000e+00 4.184107919194535730e-01 0.000000000000000000e+00 4.206642411158915684e-01 4.997659586317332314e-01 4.485657502772835148e-01 5.454875739712186089e-01 4.111656364052206358e-01 4.846416524762616196e-01 3.992824934906850087e-01 4.534185273750435119e-01 4.012552740796948014e-01 0.000000000000000000e+00 3.885627145948689076e-01 4.736194662434439762e-01 4.251664774909565958e-01 0.000000000000000000e+00 0.000000000000000000e+00 5.099515393939394459e-01 4.056267266048346198e-01 0.000000000000000000e+00 0.000000000000000000e+00 4.486532501213753021e-01 4.054669314549871340e-01 0.000000000000000000e+00 0.000000000000000000e+00 0.000000000000000000e+00 4.256973973714239801e-01 4.214028540755765384e-01 4.665039383555787955e-01 0.000000000000000000e+00 4.754492335766424271e-01 4.612712017410615650e-01 4.663542613150738481e-01 0.000000000000000000e+00 4.471847482014388864e-01 0.000000000000000000e+00 4.544954650825828724e-01 0.000000000000000000e+00 4.472712809646856025e-01 4.533874032638888774e-01 4.445481575694298915e-01 4.758390535714286385e-01 4.459342433232820757e-01 0.000000000000000000e+00 0.000000000000000000e+00 0.000000000000000000e+00 0.000000000000000000e+00 0.000000000000000000e+00 0.000000000000000000e+00 0.000000000000000000e+00 0.000000000000000000e+00 0.000000000000000000e+00 0.000000000000000000e+00
3.348370146259028735e-01 0.000000000000000000e+00 2.391037988005313419e-01 4.531217795787672586e-01 2.411773083331861522e-01 4.623518352536505338e-01 3.315643750469430828e-01 4.601862666666667323e-01 2.596468631251079850e-01 4.473876782397252505e-01 3.556141617428213997e-01 0.000000000000000000e+00 3.239562937860038794e-01 4.417225899999999705e-01 2.842483471908075487e-01 4.349998181818181542e-01 3.524351030927834194e-01 0.000000000000000000e+00 3.681808321722390143e-01 4.156150373134328557e-01 3.577844850793565068e-01 4.317428518518518499e-01 2.675273456004488293e-01 4.627139517044130956e-01 2.237518203963456132e-01 4.415968138569726920e-01 2.711446033133524947e-01 4.634716968127166048e-01 3.434083005066381200e-01 0.000000000000000000e+00 3.551611241807707819e-01 4.308090475919227336e-01 3.923933063063063109e-01 0.000000000000000000e+00 0.000000000000000000e+00 0.000000000000000000e+00 3.984150449438202402e-01 0.000000000000000000e+00 0.000000000000000000e+00 0.000000000000000000e+00 0.000000000000000000e+00 0.000000000000000000e+00 4.041350674876593718e-01 0.000000000000000000e+00 4.058385153374233223e-01 0.000000000000000000e+00 0.000000000000000000e+00 0.000000000000000000e+00 0.000000000000000000e+00 0.000000000000000000e+00 0.000000000000000000e+00 0.000000000000000000e+00 0.000000000000000000e+00 0.000000000000000000e+00 0.000000000000000000e+00 0.000000000000000000e+00 0.000000000000000000e+00 0.000000000000000000e+00 4.304513392857142740e-01 0.000000000000000000e+00 3.655864710743801371e-01 0.000000000000000000e+00 3.769532682926828859e-01 0.000000000000000000e+00 4.217251327433628738e-01 0.000000000000000000e+00 4.253729909385997043e-01 0.000000000000000000e+00 0.000000000000000000e+00 0.000000000000000000e+00 3.240593127754533564e-01 5.096800951833606597e-01 3.527151023671686869e-01 4.787060692161819730e-01 3.122376654901960480e-01 0.000000000000000000e+00 3.561070917054781626e-01 3.341929506172839348e-01 0.000000000000000000e+00 0.000000000000000000e+00 4.032278533967503797e-01 0.000000000000000000e+00 4.238045409836065369e-01 0.000000000000000000e+00 3.849041675209809998e-01 0.000000000000000000e+00 3.937840727676538699e-01 0.000000000000000000e+00 4.002566314724310126e-01 0.000000000000000000e+00 0.000000000000000000e+00 0.000000000000000000e+00 0.000000000000000000e+00 0.000000000000000000e+00 4.187768396226413947e-01 0.000000000000000000e+00 0.000000000000000000e+00 0.000000000000000000e+00 0.000000000000000000e+00 0.000000000000000000e+00 0.000000000000000000e+00 0.000000000000000000e+00 3.465816950354610460e-01 0.000000000000000000e+00 0.000000000000000000e+00 0.000000000000000000e+00 0.000000000000000000e+00 0.000000000000000000e+00 0.000000000000000000e+00 0.000000000000000000e+00 0.000000000000000000e+00 0.000000000000000000e+00 0.000000000000000000e+00 0.000000000000000000e+00 0.000000000000000000e+00 0.000000000000000000e+00
0.000000000000000000e+00 4.611927571428571238e-01 4.561740889600097715e-01 2.889484233108474687e-01 4.623518352536505338e-01 2.070375243245360652e-01 4.576652511392759748e-01 2.662711038008080400e-01 4.745953098202995157e-01 2.385264490596624987e-01 0.000000000000000000e+00 3.799998333333333700e-01 4.445610242222847175e-01 3.418797878576044225e-01 4.489737301380263834e-01 2.680056859979368378e-01 0.000000000000000000e+00 0.000000000000000000e+00 4.486476048387096904e-01 3.931946954464491384e-01 3.949976515151514822e-01 2.824389621536550488e-01 4.439873604676604080e-01 2.998622366694269070e-01 4.707067440850680184e-01 2.577265528730998123e-01 4.752872261396811626e-01 2.711043290311519471e-01 4.273291710526316289e-01 3.412160526012662509e-01 4.320836513276951618e-01 3.564557781773773915e-01 4.565181923076923054e-01 3.959992138991522137e-01 0.000000000000000000e+00 0.000000000000000000e+00 0.000000000000000000e+00 0.000000000000000000e+00 0.000000000000000000e+00 0.000000000000000000e+00 0.000000000000000000e+00 0.000000000000000000e+00 0.000000000000000000e+00 4.703556060606061129e-01 0.000000000000000000e+00 4.336185724637681149e-01 0.000000000000000000e+00 0.000000000000000000e+00 0.000000000000000000e+00 0.000000000000000000e+00 0.000000000000000000e+00 3.448005928571429290e-01 0.000000000000000000e+00 0.000000000000000000e+00 0.000000000000000000e+00 0.000000000000000000e+00 4.713174383561644087e-01 3.515525714285714920e-01 0.000000000000000000e+00 0.000000000000000000e+00 0.000000000000000000e+00 0.000000000000000000e+00 0.000000000000000000e+00 0.000000000000000000e+00 0.000000000000000000e+00 0.000000000000000000e+00 4.591654269005848166e-01 4.453432277158159702e-01 0.000000000000000000e+00 0.000000000000000000e+00 5.322181218029288230e-01 3.291251785896404103e-01 4.590964278303057422e-01 3.402147919790371455e-01 0.000000000000000000e+00 2.749899615384615026e-01 4.743424870689655348e-01 3.438077914737160401e-01 0.000000000000000000e+00 0.000000000000000000e+00 0.000000000000000000e+00 4.072144363636363562e-01 0.000000000000000000e+00 0.000000000000000000e+00 0.000000000000000000e+00 4.124401060606060487e-01 0.000000000000000000e+00 0.000000000000000000e+00 0.000000000000000000e+00 3.679911692307691884e-01 0.000000000000000000e+00 0.000000000000000000e+00 0.000000000000000000e+00 0.000000000000000000e+00 3.607147926829268325e-01 0.000000000000000000e+00 0.000000000000000000e+00 0.000000000000000000e+00 0.000000000000000000e+00 0.000000000000000000e+00 0.000000000000000000e+00 0.000000000000000000e+00 4.420143134328358148e-01 0.000000000000000000e+00 0.000000000000000000e+00 0.000000000000000000e+00 0.000000000000000000e+00 0.000000000000000000e+00 0.000000000000000000e+00 0.000000000000000000e+00 0.000000000000000000e+00 0.000000000000000000e+00 0.000000000000000000e+00 0.000000000000000000e+00 0.000000000000000000e+00 0.000000000000000000e+00
3.782139156935077073e-01 4.314842108885387217e-01 3.616326122253306630e-01 4.820260962502804225e-01 3.315643750469430828e-01 4.576652511392759748e-01 3.028083895580659379e-01 4.748250509389374541e-01 3.209661685706861056e-01 4.540836951425474832e-01 3.777553693843467841e-01 4.818661256226258183e-01 3.409191227402550428e-01 4.539766795701888347e-01 2.871595321028064252e-01 4.388625353661447237e-01 3.857283705884948510e-01 4.975013788105320800e-01 4.151719264154346556e-01 5.177823179274748666e-01 0.000000000000000000e+00 0.000000000000000000e+00 3.777457014951631775e-01 4.718519203547758556e-01 3.065368669144580838e-01 4.223844456136668923e-01 0.000000000000000000e+00 4.546615514018691462e-01 3.586354094174495910e-01 4.913607841991118885e-01 3.927168963323905970e-01 4.587250785177126033e-01 4.158604500087126343e-01 5.140198041391819128e-01 4.414713611281871897e-01 0.000000000000000000e+00 4.404568228673052532e-01 4.550839936247722539e-01 0.000000000000000000e+00 0.000000000000000000e+00 0.000000000000000000e+00 0.000000000000000000e+00 0.000000000000000000e+00 0.000000000000000000e+00 4.707027058823529120e-01 0.000000000000000000e+00 0.000000000000000000e+00 0.000000000000000000e+00 0.000000000000000000e+00 0.000000000000000000e+00 4.157739644829534509e-01 0.000000000000000000e+00 0.000000000000000000e+00 0.000000000000000000e+00 4.007602264150943450e-01 0.000000000000000000e+00 4.048083348996996955e-01 4.553695376131629557e-01 4.359056550950866638e-01 4.916530151009253502e-01 4.150890110615813033e-01 5.112096722689074557e-01 3.908975296669544020e-01 4.571575114195958189e-01 4.041890769142175710e-01 4.409813068181817619e-01 4.417891822865108731e-01 4.881750810176890276e-01 4.105790718771339387e-01 0.000000000000000000e+00 3.382782233573222719e-01 4.471010654373697157e-01 3.592454522078036838e-01 4.644129562138218370e-01 3.851761430868369529e-01 4.568420075377517264e-01 3.644857131967436659e-01 4.710448207951343225e-01 3.690385201304542950e-01 0.000000000000000000e+00 3.915267635985686945e-01 0.000000000000000000e+00 4.237125306122448976e-01 0.000000000000000000e+00 4.183543033706747516e-01 4.837993546511627496e-01 0.000000000000000000e+00 0.000000000000000000e+00 4.263242516452974695e-01 0.000000000000000000e+00 0.000000000000000000e+00 4.231769220779221796e-01 0.000000000000000000e+00 0.000000000000000000e+00 4.276220215564897065e-01 0.000000000000000000e+00 0.000000000000000000e+00 0.000000000000000000e+00 0.000000000000000000e+00 0.000000000000000000e+00 0.000000000000000000e+00 0.000000000000000000e+00 0.000000000000000000e+00 4.337634497611896345e-01 0.000000000000000000e+00 4.729361118012421206e-01 0.000000000000000000e+00 0.000000000000000000e+00 0.000000000000000000e+00 0.000000000000000000e+00 0.000000000000000000e+00 0.000000000000000000e+00 0.000000000000000000e+00 0.000000000000000000e+00 0.000000000000000000e+00 0.000000000000000000e+00
4.790736637369006901e-01 3.692746366102804267e-01 4.803836036326485925e-01 3.219406921409340150e-01 4.601862666666667323e-01 2.662711038008080400e-01 4.748250509389374541e-01 3.044346063530643520e-01 4.279131538461538597e-01 2.745844762269302741e-01 4.742505829085942315e-01 3.518322179855075671e-01 4.555569798056507413e-01 3.174870621426814088e-01 4.232345826546813350e-01 3.317707900876071814e-01 4.810252725178555955e-01 3.988092823729210146e-01 5.052755813099147897e-01 4.020448982719391218e-01 0.000000000000000000e+00 0.000000000000000000e+00 4.652790784289022596e-01 4.000813552588285971e-01 0.000000000000000000e+00 0.000000000000000000e+00 0.000000000000000000e+00 3.572759361702127490e-01 4.676452132586020882e-01 3.620873263628357486e-01 4.433721537973615012e-01 3.825685502598247245e-01 4.961802060883148680e-01 4.005964609639010576e-01 0.000000000000000000e+00 5.114783467200834099e-01 5.047514721787820235e-01 4.436315954813660478e-01 0.000000000000000000e+00 3.546180396174862803e-01 0.000000000000000000e+00 0.000000000000000000e+00 0.000000000000000000e+00 3.785828253200874682e-01 5.166129349112427160e-01 3.858678330843522408e-01 4.857231089743589969e-01 4.728122760097919763e-01 0.000000000000000000e+00 3.820758643903272023e-01 4.861105227272726759e-01 3.664444969422100962e-01 0.000000000000000000e+00 3.684996229303040827e-01 0.000000000000000000e+00 3.653184738532974651e-01 4.586133819858244642e-01 4.196123781681847520e-01 4.720735425729443158e-01 4.301695927003970632e-01 4.675918869565217073e-01 3.968642966007785433e-01 0.000000000000000000e+00 3.702236209230725383e-01 0.000000000000000000e+00 3.781939354298032296e-01 4.954276534650293162e-01 4.399789735952266412e-01 4.723894529993995506e-01 4.642835810810810870e-01 4.607385292336573235e-01 3.480500055586656649e-01 4.449411432097516994e-01 3.837304267241076206e-01 0.000000000000000000e+00 3.921529765249381350e-01 4.675676868976031963e-01 3.921532518556825053e-01 0.000000000000000000e+00 3.445205586234493800e-01 0.000000000000000000e+00 3.917892897497181059e-01 0.000000000000000000e+00 3.890118680555555430e-01 4.721975776397515645e-01 3.958664019043322546e-01 0.000000000000000000e+00 4.161560292397661343e-01 0.000000000000000000e+00 4.084468167402605654e-01 4.024465920289854726e-01 4.275743955223880732e-01 0.000000000000000000e+00 3.771921418439717066e-01 4.067019457029845686e-01 0.000000000000000000e+00 4.451880673076923367e-01 0.000000000000000000e+00 0.000000000000000000e+00 0.000000000000000000e+00 0.000000000000000000e+00 3.898766176470587763e-01 0.000000000000000000e+00 4.078673353085146003e-01 0.000000000000000000e+00 4.415951825852688084e-01 0.000000000000000000e+00 0.000000000000000000e+00 0.000000000000000000e+00 0.000000000000000000e+00 0.000000000000000000e+00 0.000000000000000000e+00 0.000000000000000000e+00 0.000000000000000000e+00 0.000000000000000000e+00 0.000000000000000000e+00
3.602538496138345536e-01 0.000000000000000000e+00 3.120412624933330825e-01 4.313307810416666110e-01 2.596468631251079850e-01 4.745953098202995157e-01 3.209661685706861056e-01 4.279131538461538597e-01 2.297555869782446081e-01 4.317652840909091960e-01 3.980924811547714715e-01 0.000000000000000000e+00 2.703503605544974042e-01 0.000000000000000000e+00 2.587726854469868942e-01 0.000000000000000000e+00 3.787772900412796906e-01 0.000000000000000000e+00 3.679013875520299459e-01 0.000000000000000000e+00 3.549322830871447509e-01 0.000000000000000000e+00 3.393016831710711223e-01 4.582892842753376605e-01 2.705375695488722032e-01 4.307669975428315978e-01 2.130597680504680569e-01 4.868338084544225342e-01 3.408342676534490967e-01 0.000000000000000000e+00 3.571497327667235155e-01 3.856217882826362686e-01 3.323576799999999887e-01 4.709534833333333115e-01 0.000000000000000000e+00 0.000000000000000000e+00 0.000000000000000000e+00 0.000000000000000000e+00 0.000000000000000000e+00 0.000000000000000000e+00 0.000000000000000000e+00 0.000000000000000000e+00 4.196674148148148431e-01 0.000000000000000000e+00 0.000000000000000000e+00 0.000000000000000000e+00 0.000000000000000000e+00 0.000000000000000000e+00 0.000000000000000000e+00 0.000000000000000000e+00 0.000000000000000000e+00 0.000000000000000000e+00 0.000000000000000000e+00 0.000000000000000000e+00 0.000000000000000000e+00 0.000000000000000000e+00 3.793675114097363466e-01 4.803430670391060642e-01 4.301265928143712114e-01 0.000000000000000000e+00 4.019146222300515880e-01 0.000000000000000000e+00 3.941073359375000251e-01 0.000000000000000000e+00 3.879151516544086520e-01 0.000000000000000000e+00 0.000000000000000000e+00 0.000000000000000000e+00 0.000000000000000000e+00 0.000000000000000000e+00 3.052224733045766913e-01 5.319427893632548976e-01 3.452067155033964885e-01 3.885814687499999920e-01 0.000000000000000000e+00 0.000000000000000000e+00 3.616995740948274474e-01 3.687218101265822834e-01 0.000000000000000000e+00 0.000000000000000000e+00 3.859415399480112807e-01 0.000000000000000000e+00 0.000000000000000000e+00 0.000000000000000000e+00 3.791752268331069486e-01 0.000000000000000000e+00 3.938063854166666267e-01 0.000000000000000000e+00 0.000000000000000000e+00 0.000000000000000000e+00 0.000000000000000000e+00 0.000000000000000000e+00 0.000000000000000000e+00 0.000000000000000000e+00 4.374390092592592150e-01 0.000000000000000000e+00 0.000000000000000000e+00 0.000000000000000000e+00 0.000000000000000000e+00 0.000000000000000000e+00 0.000000000000000000e+00 0.000000000000000000e+00 0.000000000000000000e+00 0.000000000000000000e+00 0.000000000000000000e+00 0.000000000000000000e+00 0.000000000000000000e+00 0.000000000000000000e+00 0.000000000000000000e+00 0.000000000000000000e+00 0.000000000000000000e+00 0.000000000000000000e+00 0.000000000000000000e+00 0.000000000000000000e+00 0.000000000000000000e+00 0.000000000000000000e+00
4.525121533742331170e-01 3.791855117717133905e-01 4.582891270979383425e-01 3.442787678287987929e-01 4.473876782397252505e-01 2.385264490596624987e-01 4.540836951425474832e-01 2.745844762269302741e-01 4.317652840909091960e-01 2.538285089917870496e-01 4.310849655172413475e-01 3.669317425706683511e-01 4.413120996514369176e-01 3.227819043876500871e-01 4.668946626506024211e-01 2.902551159414263893e-01 0.000000000000000000e+00 3.856193531194296309e-01 4.515417239559254003e-01 3.541410536220646610e-01 0.000000000000000000e+00 3.377683111111111081e-01 4.495325320330680885e-01 3.404847000284527136e-01 0.000000000000000000e+00 2.680572999999999984e-01 5.060344431818181166e-01 3.182771797415547277e-01 0.000000000000000000e+00 3.354219578687277492e-01 4.171911289248058652e-01 3.376043414634146145e-01 0.000000000000000000e+00 3.295037123287671288e-01 0.000000000000000000e+00 0.000000000000000000e+00 0.000000000000000000e+00 0.000000000000000000e+00 0.000000000000000000e+00 0.000000000000000000e+00 0.000000000000000000e+00 0.000000000000000000e+00 0.000000000000000000e+00 0.000000000000000000e+00 0.000000000000000000e+00 0.000000000000000000e+00 0.000000000000000000e+00 0.000000000000000000e+00 0.000000000000000000e+00 0.000000000000000000e+00 0.000000000000000000e+00 3.247505714285713885e-01 0.000000000000000000e+00 0.000000000000000000e+00 0.000000000000000000e+00 0.000000000000000000e+00 0.000000000000000000e+00 3.741783750286631349e-01 0.000000000000000000e+00 0.000000000000000000e+00 0.000000000000000000e+00 0.000000000000000000e+00 0.000000000000000000e+00 4.147125151515152486e-01 0.000000000000000000e+00 3.567811266666666148e-01 4.473454647280388774e-01 4.290984758620688955e-01 0.000000000000000000e+00 0.000000000000000000e+00 4.626949017947061815e-01 3.156564856968607224e-01 3.495562410006498588e-01 3.393627083314455506e-01 0.000000000000000000e+00 3.410242173913043962e-01 4.407814147566496699e-01 3.589013972756784354e-01 0.000000000000000000e+00 0.000000000000000000e+00 0.000000000000000000e+00 3.746679154556672442e-01 0.000000000000000000e+00 0.000000000000000000e+00 0.000000000000000000e+00 3.847956979331758065e-01 0.000000000000000000e+00 0.000000000000000000e+00 0.000000000000000000e+00 3.918270060863452420e-01 0.000000000000000000e+00 0.000000000000000000e+00 0.000000000000000000e+00 3.851900816326530030e-01 0.000000000000000000e+00 0.000000000000000000e+00 0.000000000000000000e+00 0.000000000000000000e+00 0.000000000000000000e+00 0.000000000000000000e+00 0.000000000000000000e+00 0.000000000000000000e+00 0.000000000000000000e+00 0.000000000000000000e+00 0.000000000000000000e+00 0.000000000000000000e+00 0.000000000000000000e+00 0.000000000000000000e+00 0.000000000000000000e+00 0.000000000000000000e+00 0.000000000000000000e+00 0.000000000000000000e+00 0.000000000000000000e+00 0.000000000000000000e+00 0.000000000000000000e+00 0.000000000000000000e+00
3.355402821638657218e-01 4.355314901960783969e-01 4.060612000179100178e-01 4.912835223925210992e-01 3.556141617428213997e-01 0.000000000000000000e+00 3.777553693843467841e-01 4.742505829085942315e-01 3.980924811547714715e-01 4.310849655172413475e-01 2.919842495690916917e-01 4.660186961984544851e-01 3.606013918105762661e-01 4.465115159527978106e-01 3.726716757328022989e-01 0.000000000000000000e+00 2.868688045055098890e-01 4.769681098824835597e-01 4.228190111249204852e-01 4.980498030241444773e-01 0.000000000000000000e+00 0.000000000000000000e+00 3.928851921620250542e-01 4.800919009298701412e-01 2.835763846153846468e-01 0.000000000000000000e+00 0.000000000000000000e+00 0.000000000000000000e+00 3.369176348805952292e-01 5.001254463708514342e-01 4.013595465486474168e-01 4.744316389521306410e-01 4.095520624398555909e-01 4.957379183885801677e-01 0.000000000000000000e+00 0.000000000000000000e+00 0.000000000000000000e+00 0.000000000000000000e+00 0.000000000000000000e+00 0.000000000000000000e+00 0.000000000000000000e+00 0.000000000000000000e+00 0.000000000000000000e+00 0.000000000000000000e+00 0.000000000000000000e+00 0.000000000000000000e+00 0.000000000000000000e+00 0.000000000000000000e+00 0.000000000000000000e+00 0.000000000000000000e+00 3.901485490196077710e-01 4.008634301675977341e-01 0.000000000000000000e+00 0.000000000000000000e+00 0.000000000000000000e+00 0.000000000000000000e+00 4.045384072772809647e-01 0.000000000000000000e+00 4.367174807187421126e-01 0.000000000000000000e+00 4.409911205283034707e-01 0.000000000000000000e+00 4.200122797530808083e-01 0.000000000000000000e+00 4.193882571474054632e-01 0.000000000000000000e+00 4.366927652482153754e-01 4.890921678756477431e-01 4.258673999062592697e-01 0.000000000000000000e+00 3.550245581264691586e-01 0.000000000000000000e+00 3.889342473886111540e-01 4.776233652342763425e-01 0.000000000000000000e+00 0.000000000000000000e+00 4.212340624880951956e-01 4.639475357240213094e-01 0.000000000000000000e+00 0.000000000000000000e+00 4.109540179593003661e-01 0.000000000000000000e+00 0.000000000000000000e+00 0.000000000000000000e+00 4.167058176135463032e-01 0.000000000000000000e+00 0.000000000000000000e+00 0.000000000000000000e+00 4.393345896006580209e-01 0.000000000000000000e+00 0.000000000000000000e+00 0.000000000000000000e+00 0.000000000000000000e+00 0.000000000000000000e+00 4.554334514197531103e-01 0.000000000000000000e+00 0.000000000000000000e+00 0.000000000000000000e+00 0.000000000000000000e+00 0.000000000000000000e+00 0.000000000000000000e+00 0.000000000000000000e+00 0.000000000000000000e+00 4.116838321167882730e-01 0.000000000000000000e+00 0.000000000000000000e+00 0.000000000000000000e+00 0.000000000000000000e+00 0.000000000000000000e+00 0.000000000000000000e+00 0.000000000000000000e+00 0.000000000000000000e+00 0.000000000000000000e+00 0.000000000000000000e+00 0.000000000000000000e+00 0.000000000000000000e+00
4.898417665100476270e-01 3.715784305299645873e-01 4.913471077241053919e-01 3.939144342675205968e-01 0.000000000000000000e+00 3.799998333333333700e-01 4.818661256226258183e-01 3.518322179855075671e-01 0.000000000000000000e+00 3.669317425706683511e-01 4.660186961984544851e-01 2.846969665213353595e-01 4.654936734796091824e-01 2.716648982994349093e-01 0.000000000000000000e+00 3.798735696729231837e-01 4.791834526315790210e-01 3.587953925638805996e-01 5.032361076531890465e-01 4.162247965870698452e-01 0.000000000000000000e+00 0.000000000000000000e+00 5.007293435568829221e-01 4.043739646754955230e-01 0.000000000000000000e+00 0.000000000000000000e+00 0.000000000000000000e+00 0.000000000000000000e+00 4.854215111111110925e-01 3.823679228330641999e-01 4.486812652023238757e-01 3.745104323627725385e-01 4.935306213464497604e-01 3.984113283740455813e-01 0.000000000000000000e+00 0.000000000000000000e+00 0.000000000000000000e+00 4.043394230744210005e-01 0.000000000000000000e+00 0.000000000000000000e+00 0.000000000000000000e+00 4.368062592592593663e-01 0.000000000000000000e+00 0.000000000000000000e+00 0.000000000000000000e+00 0.000000000000000000e+00 0.000000000000000000e+00 0.000000000000000000e+00 0.000000000000000000e+00 0.000000000000000000e+00 0.000000000000000000e+00 3.806392107427821747e-01 0.000000000000000000e+00 3.425021474462365267e-01 0.000000000000000000e+00 3.481919296985366286e-01 4.603963727272726847e-01 3.635545835770561673e-01 0.000000000000000000e+00 4.255179676481319340e-01 0.000000000000000000e+00 4.058783036335890104e-01 0.000000000000000000e+00 4.139544073231508636e-01 0.000000000000000000e+00 4.154432930203583174e-01 0.000000000000000000e+00 4.477986324786324968e-01 0.000000000000000000e+00 4.121431414141414340e-01 0.000000000000000000e+00 3.433663261262898669e-01 4.821507599999999560e-01 4.005263047633503271e-01 0.000000000000000000e+00 3.958335328209936499e-01 4.569186406805942902e-01 4.134256466390550111e-01 0.000000000000000000e+00 3.645938320224459406e-01 0.000000000000000000e+00 4.011652035313153508e-01 0.000000000000000000e+00 0.000000000000000000e+00 0.000000000000000000e+00 4.323565534618458162e-01 0.000000000000000000e+00 4.379512818791945761e-01 0.000000000000000000e+00 4.259008411329612831e-01 0.000000000000000000e+00 0.000000000000000000e+00 0.000000000000000000e+00 0.000000000000000000e+00 4.314702475247524371e-01 0.000000000000000000e+00 0.000000000000000000e+00 0.000000000000000000e+00 0.000000000000000000e+00 0.000000000000000000e+00 0.000000000000000000e+00 0.000000000000000000e+00 0.000000000000000000e+00 4.234399921259843214e-01 0.000000000000000000e+00 4.539100504587156859e-01 0.000000000000000000e+00 0.000000000000000000e+00 0.000000000000000000e+00 0.000000000000000000e+00 0.000000000000000000e+00 0.000000000000000000e+00 0.000000000000000000e+00 0.000000000000000000e+00 0.000000000000000000e+00 0.000000000000000000e+00
3.703989088599152213e-01 4.216942767857143060e-01 3.486513272261766994e-01 4.657581179987160813e-01 3.239562937860038794e-01 4.445610242222847175e-01 3.409191227402550428e-01 4.555569798056507413e-01 2.703503605544974042e-01 4.413120996514369176e-01 3.606013918105762661e-01 4.654936734796091824e-01 2.846962065384425755e-01 4.360606756393324845e-01 2.738818837897848413e-01 4.283173109165742121e-01 3.822416913610505174e-01 4.615907040000000183e-01 3.946888034966531955e-01 4.860526648580474340e-01 0.000000000000000000e+00 0.000000000000000000e+00 3.553797832008221413e-01 4.667704317610970044e-01 3.269429061842105133e-01 4.253085182584269708e-01 0.000000000000000000e+00 0.000000000000000000e+00 3.379368321023518140e-01 4.390121152602359245e-01 3.677329058251162519e-01 4.485900138428799977e-01 3.981827032425853119e-01 4.716978490508234034e-01 4.152632688165998620e-01 0.000000000000000000e+00 4.449678064059128801e-01 0.000000000000000000e+00 4.081199976582687294e-01 0.000000000000000000e+00 0.000000000000000000e+00 0.000000000000000000e+00 0.000000000000000000e+00 0.000000000000000000e+00 4.195898963414633753e-01 0.000000000000000000e+00 0.000000000000000000e+00 0.000000000000000000e+00 4.736804354838710096e-01 0.000000000000000000e+00 4.138517526798526913e-01 0.000000000000000000e+00 0.000000000000000000e+00 0.000000000000000000e+00 3.938335000000000585e-01 0.000000000000000000e+00 4.011723008266442347e-01 0.000000000000000000e+00 4.298326866747330111e-01 0.000000000000000000e+00 4.296597730849143204e-01 5.318335486111112065e-01 4.008779980051597747e-01 0.000000000000000000e+00 4.003950775795121486e-01 0.000000000000000000e+00 4.228157260724120792e-01 5.075791858974358917e-01 3.848941147151617170e-01 0.000000000000000000e+00 3.064813813004750864e-01 4.325662010276976055e-01 3.807764674509607761e-01 4.556284453849083760e-01 3.869339831565342669e-01 0.000000000000000000e+00 3.834572880620292779e-01 4.384293721278721967e-01 4.165810842105262535e-01 0.000000000000000000e+00 3.897359270970586764e-01 0.000000000000000000e+00 0.000000000000000000e+00 0.000000000000000000e+00 4.108010536445919625e-01 0.000000000000000000e+00 0.000000000000000000e+00 0.000000000000000000e+00 4.206697647568317100e-01 0.000000000000000000e+00 4.083561165546313876e-01 0.000000000000000000e+00 0.000000000000000000e+00 0.000000000000000000e+00 4.199946039686713317e-01 0.000000000000000000e+00 0.000000000000000000e+00 0.000000000000000000e+00 4.141539270072992496e-01 4.136143555555555351e-01 0.000000000000000000e+00 0.000000000000000000e+00 0.000000000000000000e+00 0.000000000000000000e+00 0.000000000000000000e+00 0.000000000000000000e+00 0.000000000000000000e+00 0.000000000000000000e+00 0.000000000000000000e+00 0.000000000000000000e+00 0.000000000000000000e+00 0.000000000000000000e+00 0.000000000000000000e+00 0.000000000000000000e+00 0.000000000000000000e+00 0.000000000000000000e+00
