2.776118421691018967e-01 4.940495442868823583e-01 3.598938604763347593e-01 4.877560446557981377e-01 3.721346887550200933e-01 0.000000000000000000e+00 3.196579859803388990e-01 4.718115507909397821e-01 3.749327135114725595e-01 0.000000000000000000e+00 3.140522525597503889e-01 4.667805774590670920e-01 3.942708792544217800e-01 0.000000000000000000e+00 4.126112041414925491e-01 0.000000000000000000e+00 3.566749559568529460e-01 4.871966513769480644e-01 4.236366173726904827e-01 5.052590049793932447e-01 0.000000000000000000e+00 0.000000000000000000e+00 4.186761404632539096e-01 4.847492301929891556e-01 0.000000000000000000e+00 0.000000000000000000e+00 4.065355294117647955e-01 0.000000000000000000e+00 4.100637921675029940e-01 5.005383289928330148e-01 3.943809154778849524e-01 4.108738093371346878e-01 4.123543243051138174e-01 4.974288714174713300e-01 4.640293442936769264e-01 0.000000000000000000e+00 4.950304700972266159e-01 4.842053760568996168e-01 4.591296833333333161e-01 0.000000000000000000e+00 3.447135301204818925e-01 0.000000000000000000e+00 0.000000000000000000e+00 0.000000000000000000e+00 0.000000000000000000e+00 5.300873451327433594e-01 0.000000000000000000e+00 0.000000000000000000e+00 4.412699746106536480e-01 5.094984966267129822e-01 4.151482772688932510e-01 4.996682871722536445e-01 0.000000000000000000e+00 0.000000000000000000e+00 4.092305529053946733e-01 4.920599999999999419e-01 2.846502766707434406e-01 4.970219901928092932e-01 4.102884340523388906e-01 5.216109755167276374e-01 4.010750326544554323e-01 4.997603948919583927e-01 4.270707195843741477e-01 5.316828544836129655e-01 4.145827389152073605e-01 4.843461249765539933e-01 4.042264452391422513e-01 5.145347141215407261e-01 4.019510017225513265e-01 5.090684964099536636e-01 3.659569163407971337e-01 5.030898171844158107e-01 3.958740249167090886e-01 4.856284836811625705e-01 3.511811999845345089e-01 0.000000000000000000e+00 4.104012212858006436e-01 4.975792857385352153e-01 0.000000000000000000e+00 0.000000000000000000e+00 4.105824228486494309e-01 4.894160569105691638e-01 0.000000000000000000e+00 0.000000000000000000e+00 4.245525231751563489e-01 4.806207795896615398e-01 4.304453951612903784e-01 0.000000000000000000e+00 4.180065893425338741e-01 5.053088479532162891e-01 4.281337883912630371e-01 4.618700675779246478e-01 0.000000000000000000e+00 4.885555750517905915e-01 4.508764053624403911e-01 4.517651680740715769e-01 0.000000000000000000e+00 0.000000000000000000e+00 5.252185681096680492e-01 4.501320090090090709e-01 4.281369262295082190e-01 4.477716099531615646e-01 4.688634329850679405e-01 4.988443570248648484e-01 4.441560806272451534e-01 4.392491834862385924e-01 4.105944494854202320e-01 0.000000000000000000e+00 0.000000000000000000e+00 0.000000000000000000e+00 0.000000000000000000e+00 0.000000000000000000e+00 0.000000000000000000e+00 0.000000000000000000e+00 0.000000000000000000e+00 0.000000000000000000e+00
4.940495442868823583e-01 2.819777686127590277e-01 4.931625095108271850e-01 3.404521149665181712e-01 0.000000000000000000e+00 4.363580390243901874e-01 4.781997744078043122e-01 3.021851463812539329e-01 0.000000000000000000e+00 3.860997375335775139e-01 4.698744378823829226e-01 3.379020659089055356e-01 4.689044431818181757e-01 3.653741931012527422e-01 0.000000000000000000e+00 3.867003915571343153e-01 4.910466142687496816e-01 3.730046021454414551e-01 5.126567817056347787e-01 3.609132113937946196e-01 0.000000000000000000e+00 4.320498780487805335e-01 4.751300238095237938e-01 4.395521213386655024e-01 0.000000000000000000e+00 0.000000000000000000e+00 0.000000000000000000e+00 3.972806635514018470e-01 5.049514757009402333e-01 4.119079040742312237e-01 4.463461105890600966e-01 4.948538540145985265e-01 5.038561208860132812e-01 4.851957671788618143e-01 4.625690354166666629e-01 0.000000000000000000e+00 5.345099469601756192e-01 5.101007082462212239e-01 0.000000000000000000e+00 0.000000000000000000e+00 0.000000000000000000e+00 4.596319845585256636e-01 0.000000000000000000e+00 4.639339029126213210e-01 0.000000000000000000e+00 0.000000000000000000e+00 0.000000000000000000e+00 0.000000000000000000e+00 0.000000000000000000e+00 4.152387282337930974e-01 0.000000000000000000e+00 4.173982724424101232e-01 0.000000000000000000e+00 3.833024623655912899e-01 0.000000000000000000e+00 4.183869259313940381e-01 5.118431365916006337e-01 3.272083719932502577e-01 4.997861736393915399e-01 3.973276959350982573e-01 5.192009474177184947e-01 3.862912779862021639e-01 5.053756603773584821e-01 3.927629259998051681e-01 0.000000000000000000e+00 4.044265124438281012e-01 5.131742458720547351e-01 4.013532501937447927e-01 5.258994192835463322e-01 2.910046331095613170e-01 5.213365434707187829e-01 3.725118342710837527e-01 4.755155435188679336e-01 4.243104148347006666e-01 0.000000000000000000e+00 4.877214420998631228e-01 4.793329253920540767e-01 4.158035777541492228e-01 0.000000000000000000e+00 0.000000000000000000e+00 5.089433297723892080e-01 4.208419031068149074e-01 0.000000000000000000e+00 0.000000000000000000e+00 4.301371582733813370e-01 4.291241783808457666e-01 0.000000000000000000e+00 4.251155609756097631e-01 0.000000000000000000e+00 4.301733457037007491e-01 4.417653198298299166e-01 4.631176923932907585e-01 0.000000000000000000e+00 4.334272644628099358e-01 4.707944661346092352e-01 4.681830041033536172e-01 0.000000000000000000e+00 0.000000000000000000e+00 4.778229976947694913e-01 4.485050673746980854e-01 4.523093208333333060e-01 4.858845897435898342e-01 4.783097183186300061e-01 4.552582402610850787e-01 4.436020812642451072e-01 4.566956116155728718e-01 4.542746746031746108e-01 4.771715344669110181e-01 0.000000000000000000e+00 0.000000000000000000e+00 0.000000000000000000e+00 0.000000000000000000e+00 4.370168191489361420e-01 0.000000000000000000e+00 0.000000000000000000e+00 0.000000000000000000e+00
3.598938604763347593e-01 4.931625095108271850e-01 2.697210286299416837e-01 4.790486976598529179e-01 2.134305735240002999e-01 4.307489210477680741e-01 3.233608679827357779e-01 4.758351575884833817e-01 3.268201677340817901e-01 4.589856179015219251e-01 4.098900250824538127e-01 4.669793973318738245e-01 3.666166113163932261e-01 4.628666773588411831e-01 3.574929011546262858e-01 4.549955605581436080e-01 4.178874368465721467e-01 5.113590840497530543e-01 3.328459133914357659e-01 5.070665242541648743e-01 4.079994158323290709e-01 0.000000000000000000e+00 2.764906539870402025e-01 4.687437207633700642e-01 2.740370380456663146e-01 4.591979952611819904e-01 3.036735849302109047e-01 0.000000000000000000e+00 3.936230208296038757e-01 4.872666894872043075e-01 4.066988008196235627e-01 4.725038534070307716e-01 4.454485336379899740e-01 4.903497082941582486e-01 4.433264743750000014e-01 4.405510000000000259e-01 4.678646527444128012e-01 5.158270099009900633e-01 4.391829243697479290e-01 0.000000000000000000e+00 3.965104800000000540e-01 0.000000000000000000e+00 4.561655683453236798e-01 0.000000000000000000e+00 4.387457917049749634e-01 0.000000000000000000e+00 4.466522375555555535e-01 0.000000000000000000e+00 4.415083309952047563e-01 0.000000000000000000e+00 4.338498299974922201e-01 4.709531515151514913e-01 4.293575412844037320e-01 0.000000000000000000e+00 4.400454191330993581e-01 0.000000000000000000e+00 4.088048635457586233e-01 4.907659714482759394e-01 4.215345817046098342e-01 5.074725276015974451e-01 4.189475174798046875e-01 5.144181304347826833e-01 0.000000000000000000e+00 5.161982635550993459e-01 4.218522061191311012e-01 4.785653307086613628e-01 4.297951870786871353e-01 5.094885951944934099e-01 4.110710146275703414e-01 4.750874170804369467e-01 3.761360218276350031e-01 4.916387034730363981e-01 3.971818866972926521e-01 4.802937644161183184e-01 3.732266525923300660e-01 5.174197322916667119e-01 4.126441799975715807e-01 4.470015285107415970e-01 4.185717983939801212e-01 0.000000000000000000e+00 4.068129908229822789e-01 5.037191764705881702e-01 0.000000000000000000e+00 0.000000000000000000e+00 4.145766594946971861e-01 0.000000000000000000e+00 4.293388039215685903e-01 0.000000000000000000e+00 4.111292890668861721e-01 0.000000000000000000e+00 4.108725100231140348e-01 4.356659583384422385e-01 0.000000000000000000e+00 0.000000000000000000e+00 4.664940254160271915e-01 4.363874275401070091e-01 4.710314606741572985e-01 0.000000000000000000e+00 0.000000000000000000e+00 0.000000000000000000e+00 0.000000000000000000e+00 0.000000000000000000e+00 4.416232292403100557e-01 4.167768980467212447e-01 4.544671481129491930e-01 4.577793708719156696e-01 4.093440619469026487e-01 0.000000000000000000e+00 0.000000000000000000e+00 0.000000000000000000e+00 4.391005677419354547e-01 0.000000000000000000e+00 0.000000000000000000e+00 0.000000000000000000e+00 0.000000000000000000e+00 0.000000000000000000e+00
4.877560446557981377e-01 3.404521149665181712e-01 4.790486976598529179e-01 2.672505089694542924e-01 4.659449462219679705e-01 2.490491761036202623e-01 4.798490531749459720e-01 2.980847277004419205e-01 4.385673240289960639e-01 3.491869828510293927e-01 4.816709152661469151e-01 3.814610480217944799e-01 4.694786331688681202e-01 3.586653701933263383e-01 4.658674204977294453e-01 3.424875466633142684e-01 4.878745130379672501e-01 4.063402539588597540e-01 5.058389217740937305e-01 2.992752504355662979e-01 4.588107593984962485e-01 3.625369180327868146e-01 4.801325593031559036e-01 3.043512569740980389e-01 4.646852277227722650e-01 2.259260897189703798e-01 0.000000000000000000e+00 3.368347915131260639e-01 4.826991183407183805e-01 3.890111926054163338e-01 4.405559381587827450e-01 3.828469841497763038e-01 4.981021050213548795e-01 4.065462640655926330e-01 4.552765810541310465e-01 0.000000000000000000e+00 5.470812020202020509e-01 4.736389028565655135e-01 0.000000000000000000e+00 0.000000000000000000e+00 0.000000000000000000e+00 4.295400919819507002e-01 0.000000000000000000e+00 4.478604052818416781e-01 0.000000000000000000e+00 4.418657205785271325e-01 0.000000000000000000e+00 4.482235746268656840e-01 0.000000000000000000e+00 4.422849212900367144e-01 0.000000000000000000e+00 4.444816483295646603e-01 0.000000000000000000e+00 4.411612379937630002e-01 0.000000000000000000e+00 4.239640751328505597e-01 5.209040410180098002e-01 4.204293900090967928e-01 5.336252843137254676e-01 4.313227842951003477e-01 0.000000000000000000e+00 4.236774361658837140e-01 0.000000000000000000e+00 4.233752722769087429e-01 0.000000000000000000e+00 4.406945360597132044e-01 4.964632543749812887e-01 4.422538692184445619e-01 5.285208653156409087e-01 3.627110110749481864e-01 4.716474504291926495e-01 3.910445286321180824e-01 4.772141702211211700e-01 4.105256518534616816e-01 0.000000000000000000e+00 3.771193443873841478e-01 4.840051234209706843e-01 4.201498305745949846e-01 0.000000000000000000e+00 0.000000000000000000e+00 0.000000000000000000e+00 4.224386118630492071e-01 0.000000000000000000e+00 0.000000000000000000e+00 0.000000000000000000e+00 4.115516214444602805e-01 0.000000000000000000e+00 0.000000000000000000e+00 0.000000000000000000e+00 4.185648520288847707e-01 4.152913956834532461e-01 4.259565961784090304e-01 0.000000000000000000e+00 4.281223453188602868e-01 4.580050951881928789e-01 4.540575442393575134e-01 0.000000000000000000e+00 0.000000000000000000e+00 0.000000000000000000e+00 4.990547840475033081e-01 0.000000000000000000e+00 0.000000000000000000e+00 4.504626880894423979e-01 4.515300905493466743e-01 4.413180097087379683e-01 4.631587112320780797e-01 4.979147327586206928e-01 4.655355771809465137e-01 0.000000000000000000e+00 0.000000000000000000e+00 4.812912814814814810e-01 0.000000000000000000e+00 0.000000000000000000e+00 0.000000000000000000e+00 0.000000000000000000e+00 0.000000000000000000e+00
3.721346887550200933e-01 0.000000000000000000e+00 2.134305735240002999e-01 4.659449462219679705e-01 2.373872794269382969e-01 4.639661900000001116e-01 1.705835097004326228e-01 0.000000000000000000e+00 2.250156601213338103e-01 4.464092683143491835e-01 0.000000000000000000e+00 0.000000000000000000e+00 3.640401661085236329e-01 0.000000000000000000e+00 2.737910352080543674e-01 4.534274244809403664e-01 0.000000000000000000e+00 0.000000000000000000e+00 3.997692424242424436e-01 0.000000000000000000e+00 3.816640120845698481e-01 4.601338421052631467e-01 2.566198295961144571e-01 4.633785846935388752e-01 2.522755870308591719e-01 0.000000000000000000e+00 2.908753068457699542e-01 0.000000000000000000e+00 3.373273865895965451e-01 0.000000000000000000e+00 4.190032662937311914e-01 4.666341621123945016e-01 4.408765777777778339e-01 4.390460970873786284e-01 0.000000000000000000e+00 0.000000000000000000e+00 3.855377222222221567e-01 0.000000000000000000e+00 0.000000000000000000e+00 0.000000000000000000e+00 0.000000000000000000e+00 0.000000000000000000e+00 4.892526293103447999e-01 0.000000000000000000e+00 0.000000000000000000e+00 0.000000000000000000e+00 0.000000000000000000e+00 0.000000000000000000e+00 4.588483381294964358e-01 0.000000000000000000e+00 0.000000000000000000e+00 0.000000000000000000e+00 0.000000000000000000e+00 0.000000000000000000e+00 3.671991445783132635e-01 0.000000000000000000e+00 0.000000000000000000e+00 0.000000000000000000e+00 0.000000000000000000e+00 0.000000000000000000e+00 0.000000000000000000e+00 0.000000000000000000e+00 0.000000000000000000e+00 0.000000000000000000e+00 0.000000000000000000e+00 0.000000000000000000e+00 4.448810967741934630e-01 0.000000000000000000e+00 0.000000000000000000e+00 0.000000000000000000e+00 3.424373457465297865e-01 0.000000000000000000e+00 3.898732614940625951e-01 0.000000000000000000e+00 3.726142691178763178e-01 0.000000000000000000e+00 3.736478344215820036e-01 0.000000000000000000e+00 3.841748979591836366e-01 0.000000000000000000e+00 4.420895645161290188e-01 0.000000000000000000e+00 0.000000000000000000e+00 0.000000000000000000e+00 4.217601200183920818e-01 0.000000000000000000e+00 4.232452328767123406e-01 0.000000000000000000e+00 4.364055815696649132e-01 0.000000000000000000e+00 0.000000000000000000e+00 0.000000000000000000e+00 0.000000000000000000e+00 0.000000000000000000e+00 0.000000000000000000e+00 0.000000000000000000e+00 0.000000000000000000e+00 0.000000000000000000e+00 0.000000000000000000e+00 0.000000000000000000e+00 0.000000000000000000e+00 0.000000000000000000e+00 0.000000000000000000e+00 0.000000000000000000e+00 0.000000000000000000e+00 0.000000000000000000e+00 0.000000000000000000e+00 0.000000000000000000e+00 0.000000000000000000e+00 0.000000000000000000e+00 0.000000000000000000e+00 0.000000000000000000e+00 0.000000000000000000e+00 0.000000000000000000e+00 0.000000000000000000e+00 0.000000000000000000e+00
0.000000000000000000e+00 4.363580390243901874e-01 4.307489210477680741e-01 2.490491761036202623e-01 4.639661900000001116e-01 1.909677598001680854e-01 4.403387023809525180e-01 3.411898450036783270e-01 0.000000000000000000e+00 2.324788033398185461e-01 0.000000000000000000e+00 3.415704696733689594e-01 4.524529090909091278e-01 3.247976955914784747e-01 4.747409783132530148e-01 2.406670366399868977e-01 0.000000000000000000e+00 4.179970203081231905e-01 4.816559911504424418e-01 4.460630521768707002e-01 4.426870430969866432e-01 3.682045445284604090e-01 4.495516344955028387e-01 2.690982552897138169e-01 4.426310473973429915e-01 2.115888994278556090e-01 0.000000000000000000e+00 2.402863069865949497e-01 0.000000000000000000e+00 3.205289698519208641e-01 4.205425864493663735e-01 3.773861896257815207e-01 0.000000000000000000e+00 4.239669010959098427e-01 0.000000000000000000e+00 4.441515008333333236e-01 0.000000000000000000e+00 4.127244523432067602e-01 0.000000000000000000e+00 0.000000000000000000e+00 0.000000000000000000e+00 0.000000000000000000e+00 0.000000000000000000e+00 4.599473961832061253e-01 0.000000000000000000e+00 0.000000000000000000e+00 0.000000000000000000e+00 0.000000000000000000e+00 0.000000000000000000e+00 3.966351086956521610e-01 0.000000000000000000e+00 4.755029999999999535e-01 0.000000000000000000e+00 0.000000000000000000e+00 0.000000000000000000e+00 0.000000000000000000e+00 0.000000000000000000e+00 4.294696153796487281e-01 0.000000000000000000e+00 4.622318731343283416e-01 0.000000000000000000e+00 0.000000000000000000e+00 0.000000000000000000e+00 0.000000000000000000e+00 0.000000000000000000e+00 0.000000000000000000e+00 5.343732455089820199e-01 4.697426368681565378e-01 0.000000000000000000e+00 0.000000000000000000e+00 4.748400197610577189e-01 3.735504768622341931e-01 0.000000000000000000e+00 3.637716287585585628e-01 0.000000000000000000e+00 3.605292450586068953e-01 3.235894976190475947e-01 3.581686948992442998e-01 0.000000000000000000e+00 0.000000000000000000e+00 0.000000000000000000e+00 4.248378407001044965e-01 0.000000000000000000e+00 4.181740701102281133e-01 0.000000000000000000e+00 4.328418197245791355e-01 0.000000000000000000e+00 0.000000000000000000e+00 0.000000000000000000e+00 4.257890922375143217e-01 0.000000000000000000e+00 0.000000000000000000e+00 0.000000000000000000e+00 0.000000000000000000e+00 0.000000000000000000e+00 0.000000000000000000e+00 0.000000000000000000e+00 0.000000000000000000e+00 0.000000000000000000e+00 0.000000000000000000e+00 0.000000000000000000e+00 0.000000000000000000e+00 0.000000000000000000e+00 3.934928623188406194e-01 0.000000000000000000e+00 4.188338322719377671e-01 0.000000000000000000e+00 0.000000000000000000e+00 0.000000000000000000e+00 0.000000000000000000e+00 0.000000000000000000e+00 0.000000000000000000e+00 0.000000000000000000e+00 0.000000000000000000e+00 0.000000000000000000e+00 0.000000000000000000e+00
3.196579859803388990e-01 4.781997744078043122e-01 3.233608679827357779e-01 4.798490531749459720e-01 1.705835097004326228e-01 4.403387023809525180e-01 2.872845699784382090e-01 4.696103528409301675e-01 2.826522966773637457e-01 4.554301347497274333e-01 3.484375606139363257e-01 4.738403388321845711e-01 3.046757586763981784e-01 4.481066951699741452e-01 3.276870158296411595e-01 4.454832110238199916e-01 4.010846272427515680e-01 4.919614301844432713e-01 4.076193859080030069e-01 4.931441547246681045e-01 4.041936944444445290e-01 0.000000000000000000e+00 3.786795493216041919e-01 4.700890607644163111e-01 0.000000000000000000e+00 4.896823589743590222e-01 3.733739888888889524e-01 0.000000000000000000e+00 3.889439192174467541e-01 4.654061658337096397e-01 3.989202460824406438e-01 4.552942221661382960e-01 4.146360786186908953e-01 4.881873961661209460e-01 4.492020980392157359e-01 0.000000000000000000e+00 4.558546064550738630e-01 0.000000000000000000e+00 4.262561190476190087e-01 0.000000000000000000e+00 0.000000000000000000e+00 0.000000000000000000e+00 0.000000000000000000e+00 0.000000000000000000e+00 0.000000000000000000e+00 0.000000000000000000e+00 0.000000000000000000e+00 0.000000000000000000e+00 0.000000000000000000e+00 0.000000000000000000e+00 4.066887462631578742e-01 0.000000000000000000e+00 0.000000000000000000e+00 0.000000000000000000e+00 0.000000000000000000e+00 0.000000000000000000e+00 3.936651376660079138e-01 0.000000000000000000e+00 4.069563820519113695e-01 4.578554723926379633e-01 4.027929843926689180e-01 0.000000000000000000e+00 4.074802598609520987e-01 4.603766118421053211e-01 4.215704500467898352e-01 0.000000000000000000e+00 4.396483558083304488e-01 4.716094482333280657e-01 4.052415841801268459e-01 0.000000000000000000e+00 3.363728683878253189e-01 4.647503422643222692e-01 3.777705934700374968e-01 4.713607653585624169e-01 3.821586667321481556e-01 0.000000000000000000e+00 3.886702042812114066e-01 4.744570248700623050e-01 0.000000000000000000e+00 0.000000000000000000e+00 3.908446971510100010e-01 0.000000000000000000e+00 0.000000000000000000e+00 0.000000000000000000e+00 4.159605425537655221e-01 0.000000000000000000e+00 4.370974850746268681e-01 0.000000000000000000e+00 4.147027377956447602e-01 0.000000000000000000e+00 4.129217205882352859e-01 4.519936358966039069e-01 0.000000000000000000e+00 0.000000000000000000e+00 4.378211413020777210e-01 0.000000000000000000e+00 0.000000000000000000e+00 0.000000000000000000e+00 0.000000000000000000e+00 0.000000000000000000e+00 3.921187482014387715e-01 0.000000000000000000e+00 4.314449848484848693e-01 0.000000000000000000e+00 0.000000000000000000e+00 4.779549803921568363e-01 0.000000000000000000e+00 4.448249586776859554e-01 0.000000000000000000e+00 0.000000000000000000e+00 0.000000000000000000e+00 0.000000000000000000e+00 0.000000000000000000e+00 0.000000000000000000e+00 0.000000000000000000e+00 0.000000000000000000e+00
4.718115507909397821e-01 3.021851463812539329e-01 4.758351575884833817e-01 2.980847277004419205e-01 0.000000000000000000e+00 3.411898450036783270e-01 4.696103528409301675e-01 2.679761354644571991e-01 0.000000000000000000e+00 2.337314091957174989e-01 4.786915894190101328e-01 3.022995269592826384e-01 4.513583260020813115e-01 2.683461849909175578e-01 0.000000000000000000e+00 3.180196945362752103e-01 4.702940811573627644e-01 3.939485616554712077e-01 4.879963073086864833e-01 3.983302636432973221e-01 0.000000000000000000e+00 0.000000000000000000e+00 4.706447675097915617e-01 3.917366586206043055e-01 4.873710454545454596e-01 3.759267995430107812e-01 0.000000000000000000e+00 0.000000000000000000e+00 4.717201416083852683e-01 3.622366275415720982e-01 4.336564903796208403e-01 3.821215712855148827e-01 4.904103920518462223e-01 4.029000267708163774e-01 0.000000000000000000e+00 0.000000000000000000e+00 5.014516414163042723e-01 4.713152638425222585e-01 0.000000000000000000e+00 0.000000000000000000e+00 0.000000000000000000e+00 0.000000000000000000e+00 0.000000000000000000e+00 4.323343587786259712e-01 0.000000000000000000e+00 4.041903178407117436e-01 0.000000000000000000e+00 0.000000000000000000e+00 0.000000000000000000e+00 4.053123142759321729e-01 0.000000000000000000e+00 4.074983253897536128e-01 0.000000000000000000e+00 4.030797461400509318e-01 0.000000000000000000e+00 4.093817807734904668e-01 4.876269856115107992e-01 3.855587882711222214e-01 4.870601813262495638e-01 4.303165762770003733e-01 0.000000000000000000e+00 3.835242432147396019e-01 0.000000000000000000e+00 3.869440153867585996e-01 0.000000000000000000e+00 3.971200150983874022e-01 5.127344105659746853e-01 4.204826675445762496e-01 0.000000000000000000e+00 4.258410016208775128e-01 4.535315287397786999e-01 3.507016376235622679e-01 4.583805732408668399e-01 3.795279187830845058e-01 4.271170222222221424e-01 3.554234886839598428e-01 4.552729871723366073e-01 4.089228193064062822e-01 0.000000000000000000e+00 3.862489876543209744e-01 0.000000000000000000e+00 4.059250283019582017e-01 0.000000000000000000e+00 0.000000000000000000e+00 4.615385804597701425e-01 4.094583678554692407e-01 0.000000000000000000e+00 4.126467469135802202e-01 0.000000000000000000e+00 4.112227204174851436e-01 4.160008984374999885e-01 4.432008954427359426e-01 0.000000000000000000e+00 4.098342047244093456e-01 4.454179146241039611e-01 4.333105327868852497e-01 0.000000000000000000e+00 4.637216185567010762e-01 0.000000000000000000e+00 0.000000000000000000e+00 0.000000000000000000e+00 0.000000000000000000e+00 4.589288646616541123e-01 4.471468971871300213e-01 0.000000000000000000e+00 0.000000000000000000e+00 4.820717960526315626e-01 0.000000000000000000e+00 0.000000000000000000e+00 0.000000000000000000e+00 0.000000000000000000e+00 0.000000000000000000e+00 0.000000000000000000e+00 0.000000000000000000e+00 0.000000000000000000e+00 0.000000000000000000e+00
3.749327135114725595e-01 0.000000000000000000e+00 3.268201677340817901e-01 4.385673240289960639e-01 2.250156601213338103e-01 0.000000000000000000e+00 2.826522966773637457e-01 0.000000000000000000e+00 2.391051179436107510e-01 4.647396329113923086e-01 3.954240410932911010e-01 0.000000000000000000e+00 2.816458919089657731e-01 4.489332272727272755e-01 2.813960381529733157e-01 4.869664347826086481e-01 4.411089463637307695e-01 0.000000000000000000e+00 4.210531869135046845e-01 0.000000000000000000e+00 0.000000000000000000e+00 0.000000000000000000e+00 3.613930913296970471e-01 4.117799702380952054e-01 3.622084221129514559e-01 0.000000000000000000e+00 3.382593469551281595e-01 0.000000000000000000e+00 3.856542503333740823e-01 0.000000000000000000e+00 3.727273615580378729e-01 4.292141589140314184e-01 0.000000000000000000e+00 0.000000000000000000e+00 0.000000000000000000e+00 0.000000000000000000e+00 0.000000000000000000e+00 0.000000000000000000e+00 0.000000000000000000e+00 0.000000000000000000e+00 0.000000000000000000e+00 0.000000000000000000e+00 0.000000000000000000e+00 0.000000000000000000e+00 0.000000000000000000e+00 0.000000000000000000e+00 4.752038205128205628e-01 0.000000000000000000e+00 0.000000000000000000e+00 0.000000000000000000e+00 4.005960784902597993e-01 0.000000000000000000e+00 0.000000000000000000e+00 0.000000000000000000e+00 0.000000000000000000e+00 0.000000000000000000e+00 0.000000000000000000e+00 0.000000000000000000e+00 4.301495478260869421e-01 0.000000000000000000e+00 4.291918761006999206e-01 0.000000000000000000e+00 4.352339551704755283e-01 0.000000000000000000e+00 4.285155187314191316e-01 0.000000000000000000e+00 4.592813454545455754e-01 0.000000000000000000e+00 0.000000000000000000e+00 0.000000000000000000e+00 3.563820025559346627e-01 0.000000000000000000e+00 3.820165137088824547e-01 0.000000000000000000e+00 3.647531675479235846e-01 0.000000000000000000e+00 3.791346508178478070e-01 0.000000000000000000e+00 0.000000000000000000e+00 0.000000000000000000e+00 4.114209105351169793e-01 0.000000000000000000e+00 0.000000000000000000e+00 0.000000000000000000e+00 4.189175035729236218e-01 0.000000000000000000e+00 0.000000000000000000e+00 0.000000000000000000e+00 4.280879305555555514e-01 0.000000000000000000e+00 0.000000000000000000e+00 4.185494123070629402e-01 0.000000000000000000e+00 0.000000000000000000e+00 3.747349701492537766e-01 0.000000000000000000e+00 0.000000000000000000e+00 0.000000000000000000e+00 0.000000000000000000e+00 0.000000000000000000e+00 0.000000000000000000e+00 0.000000000000000000e+00 0.000000000000000000e+00 4.062452167053813845e-01 0.000000000000000000e+00 0.000000000000000000e+00 0.000000000000000000e+00 0.000000000000000000e+00 0.000000000000000000e+00 0.000000000000000000e+00 0.000000000000000000e+00 0.000000000000000000e+00 0.000000000000000000e+00 0.000000000000000000e+00 0.000000000000000000e+00 0.000000000000000000e+00
0.000000000000000000e+00 3.860997375335775139e-01 4.589856179015219251e-01 3.491869828510293927e-01 4.464092683143491835e-01 2.324788033398185461e-01 4.554301347497274333e-01 2.337314091957174989e-01 4.647396329113923086e-01 2.228183983609696994e-01 0.000000000000000000e+00 3.402638807796191101e-01 4.478784171357097499e-01 3.148528180764041395e-01 3.995038222222222490e-01 3.064157506821190147e-01 0.000000000000000000e+00 3.796887536850129252e-01 0.000000000000000000e+00 4.543031874999999831e-01 4.295887843137253803e-01 0.000000000000000000e+00 4.563948336277187101e-01 3.585646704829057452e-01 4.312437340324594692e-01 2.799702641306148210e-01 0.000000000000000000e+00 3.141763016853324486e-01 4.683465866666666755e-01 3.537195496264326500e-01 4.300950683050827061e-01 3.767424414941994426e-01 0.000000000000000000e+00 3.877586792988640951e-01 0.000000000000000000e+00 0.000000000000000000e+00 0.000000000000000000e+00 0.000000000000000000e+00 0.000000000000000000e+00 0.000000000000000000e+00 0.000000000000000000e+00 0.000000000000000000e+00 0.000000000000000000e+00 4.086670350877192326e-01 0.000000000000000000e+00 0.000000000000000000e+00 0.000000000000000000e+00 4.679022654352665289e-01 0.000000000000000000e+00 0.000000000000000000e+00 0.000000000000000000e+00 0.000000000000000000e+00 0.000000000000000000e+00 0.000000000000000000e+00 0.000000000000000000e+00 0.000000000000000000e+00 0.000000000000000000e+00 4.271216074730643797e-01 0.000000000000000000e+00 0.000000000000000000e+00 0.000000000000000000e+00 0.000000000000000000e+00 0.000000000000000000e+00 3.987853076923075779e-01 0.000000000000000000e+00 4.462437734374999909e-01 5.220318439306358416e-01 4.421360392156863384e-01 0.000000000000000000e+00 4.547452323924731088e-01 4.779071694915254520e-01 3.579822632677990835e-01 0.000000000000000000e+00 3.893842842163923734e-01 0.000000000000000000e+00 3.695531501712012723e-01 0.000000000000000000e+00 3.935863948960214853e-01 0.000000000000000000e+00 0.000000000000000000e+00 0.000000000000000000e+00 4.256433537952625801e-01 0.000000000000000000e+00 3.965435952380952922e-01 0.000000000000000000e+00 4.201754351050693836e-01 0.000000000000000000e+00 0.000000000000000000e+00 0.000000000000000000e+00 4.207424384834445030e-01 0.000000000000000000e+00 0.000000000000000000e+00 0.000000000000000000e+00 0.000000000000000000e+00 3.980673956043956352e-01 0.000000000000000000e+00 0.000000000000000000e+00 0.000000000000000000e+00 0.000000000000000000e+00 0.000000000000000000e+00 0.000000000000000000e+00 0.000000000000000000e+00 0.000000000000000000e+00 0.000000000000000000e+00 0.000000000000000000e+00 0.000000000000000000e+00 0.000000000000000000e+00 0.000000000000000000e+00 0.000000000000000000e+00 0.000000000000000000e+00 0.000000000000000000e+00 0.000000000000000000e+00 0.000000000000000000e+00 0.000000000000000000e+00 0.000000000000000000e+00 0.000000000000000000e+00
3.140522525597503889e-01 4.698744378823829226e-01 4.098900250824538127e-01 4.816709152661469151e-01 0.000000000000000000e+00 0.000000000000000000e+00 3.484375606139363257e-01 4.786915894190101328e-01 3.954240410932911010e-01 0.000000000000000000e+00 3.197435903498071497e-01 4.692854258048239635e-01 3.311198664196057240e-01 4.652961963236504905e-01 4.042886961869450180e-01 0.000000000000000000e+00 3.707401952220879537e-01 4.864423139534884144e-01 4.366703094627592541e-01 4.914704219888185177e-01 0.000000000000000000e+00 0.000000000000000000e+00 4.247085973181489726e-01 4.635750829850635024e-01 0.000000000000000000e+00 0.000000000000000000e+00 0.000000000000000000e+00 0.000000000000000000e+00 4.178327796106293679e-01 4.921765202625570934e-01 4.152469657015814830e-01 4.593209719906021782e-01 4.235894498844992029e-01 4.792215076261232554e-01 4.568717410057067108e-01 0.000000000000000000e+00 4.877103439570791288e-01 0.000000000000000000e+00 4.445325600000000210e-01 0.000000000000000000e+00 0.000000000000000000e+00 0.000000000000000000e+00 0.000000000000000000e+00 0.000000000000000000e+00 0.000000000000000000e+00 0.000000000000000000e+00 0.000000000000000000e+00 0.000000000000000000e+00 4.659505517241379069e-01 0.000000000000000000e+00 0.000000000000000000e+00 0.000000000000000000e+00 0.000000000000000000e+00 0.000000000000000000e+00 0.000000000000000000e+00 0.000000000000000000e+00 3.750275232054822716e-01 0.000000000000000000e+00 4.383445170786215428e-01 0.000000000000000000e+00 4.291762840317647210e-01 0.000000000000000000e+00 4.323207066390466480e-01 0.000000000000000000e+00 4.477876322430381362e-01 0.000000000000000000e+00 4.539456176121278719e-01 4.770166406291129202e-01 4.521601678125323764e-01 0.000000000000000000e+00 3.755783700519010893e-01 4.905524311111111313e-01 4.266023691327526235e-01 4.664279397504996760e-01 3.396354000000000317e-01 0.000000000000000000e+00 4.349445072517578170e-01 5.064373669724769877e-01 0.000000000000000000e+00 0.000000000000000000e+00 4.282799047336963150e-01 0.000000000000000000e+00 0.000000000000000000e+00 0.000000000000000000e+00 4.475322636861940317e-01 0.000000000000000000e+00 4.119467407407407245e-01 0.000000000000000000e+00 4.379218302013894726e-01 0.000000000000000000e+00 0.000000000000000000e+00 0.000000000000000000e+00 0.000000000000000000e+00 0.000000000000000000e+00 4.793781711956521252e-01 4.491607599999998257e-01 0.000000000000000000e+00 0.000000000000000000e+00 0.000000000000000000e+00 4.493848425925925927e-01 0.000000000000000000e+00 0.000000000000000000e+00 0.000000000000000000e+00 4.485745377358490438e-01 4.201841393442622974e-01 0.000000000000000000e+00 0.000000000000000000e+00 0.000000000000000000e+00 0.000000000000000000e+00 0.000000000000000000e+00 0.000000000000000000e+00 0.000000000000000000e+00 0.000000000000000000e+00 0.000000000000000000e+00 0.000000000000000000e+00 0.000000000000000000e+00
4.667805774590670920e-01 3.379020659089055356e-01 4.669793973318738245e-01 3.814610480217944799e-01 0.000000000000000000e+00 3.415704696733689594e-01 4.738403388321845711e-01 3.022995269592826384e-01 0.000000000000000000e+00 3.402638807796191101e-01 4.692854258048239635e-01 2.669435953120929961e-01 4.734633678160919401e-01 2.828718573569630190e-01 0.000000000000000000e+00 3.534829660849482802e-01 0.000000000000000000e+00 3.476896811764323414e-01 4.861741742316344483e-01 4.230204925911345559e-01 0.000000000000000000e+00 0.000000000000000000e+00 4.780535788970051159e-01 3.897043124685105053e-01 0.000000000000000000e+00 3.684911864406779092e-01 0.000000000000000000e+00 0.000000000000000000e+00 0.000000000000000000e+00 3.590171198965578792e-01 4.129357002136287424e-01 3.950490287295276293e-01 4.737589922251018715e-01 4.001956225439590731e-01 0.000000000000000000e+00 0.000000000000000000e+00 4.523717209302325903e-01 4.656812895638047234e-01 0.000000000000000000e+00 0.000000000000000000e+00 0.000000000000000000e+00 0.000000000000000000e+00 0.000000000000000000e+00 4.847775280182780033e-01 0.000000000000000000e+00 3.887441851851852759e-01 0.000000000000000000e+00 0.000000000000000000e+00 0.000000000000000000e+00 3.990723881578947529e-01 0.000000000000000000e+00 4.113061085022375885e-01 0.000000000000000000e+00 0.000000000000000000e+00 0.000000000000000000e+00 4.473132299434628423e-01 4.301709797297297300e-01 4.140182021955783331e-01 0.000000000000000000e+00 4.462178526315789817e-01 0.000000000000000000e+00 4.064027161433473867e-01 0.000000000000000000e+00 4.028801853701006741e-01 4.727340671641790948e-01 4.285477790051213653e-01 0.000000000000000000e+00 4.636734231067604073e-01 0.000000000000000000e+00 4.332672774307566588e-01 5.148013337787203936e-01 3.580707372366931374e-01 4.653938608933441134e-01 3.645847829513544358e-01 0.000000000000000000e+00 3.529655930747863102e-01 4.596197790860687138e-01 4.059637174986097108e-01 0.000000000000000000e+00 4.243352710181674259e-01 0.000000000000000000e+00 4.294043477176955337e-01 0.000000000000000000e+00 0.000000000000000000e+00 0.000000000000000000e+00 4.434276363549179423e-01 0.000000000000000000e+00 0.000000000000000000e+00 0.000000000000000000e+00 4.432041922831897462e-01 4.389450774704042324e-01 0.000000000000000000e+00 0.000000000000000000e+00 0.000000000000000000e+00 4.776152736355505080e-01 4.525822226085480793e-01 0.000000000000000000e+00 0.000000000000000000e+00 0.000000000000000000e+00 0.000000000000000000e+00 0.000000000000000000e+00 0.000000000000000000e+00 0.000000000000000000e+00 4.615040310077519470e-01 0.000000000000000000e+00 0.000000000000000000e+00 0.000000000000000000e+00 0.000000000000000000e+00 0.000000000000000000e+00 0.000000000000000000e+00 0.000000000000000000e+00 0.000000000000000000e+00 0.000000000000000000e+00 0.000000000000000000e+00 0.000000000000000000e+00 0.000000000000000000e+00
3.942708792544217800e-01 4.689044431818181757e-01 3.666166113163932261e-01 4.694786331688681202e-01 3.640401661085236329e-01 4.524529090909091278e-01 3.046757586763981784e-01 4.513583260020813115e-01 2.816458919089657731e-01 4.478784171357097499e-01 3.311198664196057240e-01 4.734633678160919401e-01 2.607502929208174725e-01 4.479802718226526537e-01 2.657849701766557549e-01 4.355005010260984410e-01 4.393118512021511046e-01 0.000000000000000000e+00 4.243712393082904044e-01 4.215495806451612371e-01 0.000000000000000000e+00 0.000000000000000000e+00 3.922718549832640011e-01 4.691737307015493297e-01 3.627399824561403641e-01 4.492610742240215616e-01 4.034239170911149142e-01 0.000000000000000000e+00 3.101151314705597462e-01 4.695789260464440229e-01 3.860359855934744067e-01 4.604065471203330762e-01 4.423578435732362646e-01 4.615781871728632524e-01 4.564907858724236434e-01 0.000000000000000000e+00 4.588308790912139501e-01 0.000000000000000000e+00 4.313124237288135654e-01 0.000000000000000000e+00 0.000000000000000000e+00 0.000000000000000000e+00 0.000000000000000000e+00 0.000000000000000000e+00 0.000000000000000000e+00 0.000000000000000000e+00 4.580201385836386030e-01 0.000000000000000000e+00 4.508758496240601321e-01 0.000000000000000000e+00 4.713532186652897860e-01 0.000000000000000000e+00 0.000000000000000000e+00 0.000000000000000000e+00 0.000000000000000000e+00 0.000000000000000000e+00 4.337511934249653200e-01 0.000000000000000000e+00 4.341016265919071526e-01 4.781784565217391814e-01 4.290710271472119586e-01 0.000000000000000000e+00 4.308546464589129710e-01 0.000000000000000000e+00 4.292830866406496249e-01 0.000000000000000000e+00 4.489212018089556722e-01 0.000000000000000000e+00 3.935227016963618318e-01 0.000000000000000000e+00 3.533872464036766914e-01 4.270759394895629057e-01 4.047494500998867761e-01 4.691147195984954332e-01 3.819904162325830632e-01 0.000000000000000000e+00 3.964213682531834704e-01 4.753822242990653479e-01 4.020158441558441820e-01 0.000000000000000000e+00 4.011868262755123316e-01 0.000000000000000000e+00 0.000000000000000000e+00 0.000000000000000000e+00 4.305724868786310888e-01 0.000000000000000000e+00 0.000000000000000000e+00 0.000000000000000000e+00 4.381680072545677262e-01 0.000000000000000000e+00 4.229316423371045630e-01 4.323428639999999379e-01 0.000000000000000000e+00 0.000000000000000000e+00 4.468142887254901163e-01 0.000000000000000000e+00 0.000000000000000000e+00 0.000000000000000000e+00 0.000000000000000000e+00 0.000000000000000000e+00 0.000000000000000000e+00 0.000000000000000000e+00 0.000000000000000000e+00 4.116719411764706571e-01 0.000000000000000000e+00 0.000000000000000000e+00 0.000000000000000000e+00 0.000000000000000000e+00 0.000000000000000000e+00 0.000000000000000000e+00 0.000000000000000000e+00 0.000000000000000000e+00 0.000000000000000000e+00 0.000000000000000000e+00 0.000000000000000000e+00 0.000000000000000000e+00
