0.000000000000000000e+00 1.465432618146122502e-02 6.923126740496081399e-02 4.033448106246925562e-03 0.000000000000000000e+00 0.000000000000000000e+00 9.780492716654359819e-02 6.836451055517992446e-03 2.748196496049467620e-03 0.000000000000000000e+00 2.712405265257279430e-01 3.853564547206165766e-04 3.346769268352265542e-02 2.180787264202377047e-04 4.591368227731863934e-03 0.000000000000000000e+00 8.474004051316677555e-02 6.472491909385113358e-04 6.742966142107773009e-02 2.608885492850125665e-02 0.000000000000000000e+00 0.000000000000000000e+00 5.171165580721894537e-04 5.558643690939410551e-04 0.000000000000000000e+00 0.000000000000000000e+00 0.000000000000000000e+00 0.000000000000000000e+00 1.163081540770385253e-02 2.532928064842958631e-04 6.407974368102527934e-03 0.000000000000000000e+00 3.321033210332103441e-03 1.008403361344537875e-02 3.444712366517396025e-04 0.000000000000000000e+00 4.876926616057050690e-02 3.023888720895071144e-04 0.000000000000000000e+00 3.254149040026032961e-04 2.286585365853658486e-02 0.000000000000000000e+00 1.362583458236816983e-04 8.545547769612031835e-05 1.660026560424966680e-04 0.000000000000000000e+00 0.000000000000000000e+00 0.000000000000000000e+00 8.227743952608194836e-04 2.876249370820450403e-04 4.103282626100880973e-03 1.616161616161616214e-04 1.086366105377512123e-03 0.000000000000000000e+00 2.128225591912742860e-03 0.000000000000000000e+00 3.010132774283717505e-01 1.045273404324818627e-03 2.240176276165993519e-02 9.596928982725527486e-04 4.661635832521908440e-02 3.573342862247632420e-04 2.735510343648486862e-03 1.241156758098547737e-04 1.524777636594663215e-03 1.468428781204111574e-04 5.566354479590033405e-03 3.640997633351538191e-04 9.187071498530852143e-02 6.143764079459349166e-03 8.922917878141758963e-02 1.467459094577738658e-04 4.177845917976236167e-02 5.674295441649328860e-04 0.000000000000000000e+00 0.000000000000000000e+00 5.474163531973866292e-02 1.533154465312380321e-03 0.000000000000000000e+00 0.000000000000000000e+00 6.070099862933229021e-03 1.233349777997040067e-04 4.591368227731864042e-04 0.000000000000000000e+00 9.876099838391093691e-03 0.000000000000000000e+00 4.198152812762384438e-04 0.000000000000000000e+00 1.336558044806517367e-02 8.246742536698003741e-05 2.913135593220339027e-03 0.000000000000000000e+00 2.709109380291229406e-03 2.736726874657909232e-04 2.547770700636942803e-02 0.000000000000000000e+00 2.118644067796610162e-03 0.000000000000000000e+00 3.932584269662921586e-03 0.000000000000000000e+00 1.145475372279496041e-03 0.000000000000000000e+00 2.781992918563480112e-03 2.101723413198823033e-04 6.752789195537287244e-03 0.000000000000000000e+00 7.062146892655367207e-03 1.075268817204301074e-03 0.000000000000000000e+00 0.000000000000000000e+00 0.000000000000000000e+00 8.605851979345955543e-04 1.501501501501501488e-03 0.000000000000000000e+00 0.000000000000000000e+00 0.000000000000000000e+00
1.465432618146122502e-02 0.000000000000000000e+00 3.626708114759406593e-03 1.092966060009837731e-01 0.000000000000000000e+00 2.365744026496333096e-04 3.893401355977713779e-03 1.148674028998572655e-01 0.000000000000000000e+00 2.764612954186413969e-03 0.000000000000000000e+00 9.576107899807322077e-02 0.000000000000000000e+00 1.973612474103151118e-02 0.000000000000000000e+00 1.167834501167834419e-03 2.194463200540175407e-03 4.773462783171521229e-02 3.834048640915593831e-02 6.549503329330859380e-02 0.000000000000000000e+00 0.000000000000000000e+00 1.034233116144378962e-04 0.000000000000000000e+00 0.000000000000000000e+00 0.000000000000000000e+00 0.000000000000000000e+00 0.000000000000000000e+00 2.501250625312656148e-04 2.596251266464032550e-02 7.831968672125311920e-03 0.000000000000000000e+00 1.709717097170971797e-02 1.876750700280111969e-02 0.000000000000000000e+00 4.930966469428008135e-04 9.201748332183114611e-04 5.957060780163289659e-02 0.000000000000000000e+00 1.985030914415880296e-02 0.000000000000000000e+00 1.574803149606299191e-03 0.000000000000000000e+00 5.127328661767219372e-04 0.000000000000000000e+00 3.963142772218368904e-04 0.000000000000000000e+00 1.206127125799059193e-04 1.645548790521639021e-04 1.581937153951247640e-03 2.001601281024819722e-04 3.555555555555555726e-03 0.000000000000000000e+00 3.449975357318876400e-03 1.330140994945464288e-04 3.491543917075832105e-03 1.484975541579315172e-03 2.730776768798588994e-01 1.346554045782837614e-03 1.928982725527831135e-02 3.651411879259980385e-04 1.786671431123816253e-02 0.000000000000000000e+00 1.005336974059823675e-02 0.000000000000000000e+00 1.350954478707782659e-02 2.738999823290334118e-03 2.548698343346076679e-03 2.624877571008814997e-02 5.529387671513413816e-02 2.584480196420494780e-04 1.181304571135079612e-01 1.533154465312380321e-03 4.501607717041800766e-02 0.000000000000000000e+00 5.181347150259067551e-03 3.959611958028113471e-03 4.663344831991823175e-02 0.000000000000000000e+00 0.000000000000000000e+00 9.790483649892304304e-05 2.220029600394672013e-03 0.000000000000000000e+00 6.361323155216285462e-04 1.197103010714071889e-04 1.322687313493023549e-02 0.000000000000000000e+00 4.108463434675431198e-04 0.000000000000000000e+00 1.327725548408378690e-02 1.324152542372881297e-03 1.072673639045320466e-03 6.772773450728073515e-04 1.642036124794745431e-03 5.661712668082095022e-03 2.516233766233766378e-02 1.059322033898305081e-03 0.000000000000000000e+00 0.000000000000000000e+00 1.602564102564102509e-03 1.145475372279496041e-03 0.000000000000000000e+00 2.529084471421345556e-03 6.305170239596469099e-04 1.174398120963006430e-03 1.323101349563376647e-03 6.355932203389830920e-03 0.000000000000000000e+00 0.000000000000000000e+00 0.000000000000000000e+00 0.000000000000000000e+00 8.605851979345955543e-04 0.000000000000000000e+00 0.000000000000000000e+00 0.000000000000000000e+00 0.000000000000000000e+00
6.923126740496081399e-02 3.626708114759406593e-03 0.000000000000000000e+00 7.279881947860305201e-03 1.188393428632387450e-01 1.419446415897799912e-03 3.207357186010605932e-01 1.299676958906167794e-02 6.767433871521813527e-02 2.369668246445497811e-03 2.931790985241324379e-02 2.504816955684007612e-03 6.424819836325881828e-02 6.542361792607130980e-03 6.134067952249770694e-02 2.669336002669336124e-03 1.536124240378122958e-02 9.708737864077669494e-04 9.804482594182165056e-02 7.531928828730488114e-03 8.329862557267805412e-04 0.000000000000000000e+00 1.749922432516289039e-01 1.037613488975356636e-02 2.932193036041539497e-02 3.326996197718630997e-03 1.376259523224379437e-02 3.196930946291560364e-04 4.339669834917458946e-02 6.332320162107396306e-04 2.349590601637593576e-02 2.226686757073497239e-02 8.487084870848708024e-03 6.722689075630252503e-03 2.411298656562177109e-03 0.000000000000000000e+00 1.702323441453876263e-02 3.023888720895071144e-04 1.439539347408829231e-03 0.000000000000000000e+00 1.371951219512195126e-02 0.000000000000000000e+00 2.725166916473633965e-04 0.000000000000000000e+00 1.328021248339973344e-03 0.000000000000000000e+00 0.000000000000000000e+00 0.000000000000000000e+00 8.227743952608194836e-04 7.190623427051126006e-05 3.102481985588470895e-03 0.000000000000000000e+00 5.431830526887560613e-04 0.000000000000000000e+00 1.064112795956371430e-03 0.000000000000000000e+00 8.735150244584207607e-03 1.306591755406023283e-04 2.693108091565675141e-02 3.838771593090211320e-04 4.381694255111976896e-03 1.786671431123816210e-04 3.419387929560608577e-04 1.241156758098547737e-04 0.000000000000000000e+00 0.000000000000000000e+00 1.943806326206043433e-02 1.820498816675769095e-04 2.095984329089128212e-02 4.095842719639565641e-04 4.038250306907023579e-02 9.538484114755301684e-04 8.509007282483710410e-02 1.607717041800643069e-03 9.266409266409265932e-02 0.000000000000000000e+00 9.542664818847752806e-02 3.066308930624760641e-03 0.000000000000000000e+00 0.000000000000000000e+00 4.895241824946152016e-04 0.000000000000000000e+00 0.000000000000000000e+00 0.000000000000000000e+00 1.197103010714071917e-03 0.000000000000000000e+00 4.198152812762384438e-04 0.000000000000000000e+00 5.091649694501017851e-04 0.000000000000000000e+00 6.355932203389830920e-03 5.363368195226602330e-04 2.370470707754825622e-03 2.736726874657909232e-04 2.760084925690021312e-02 0.000000000000000000e+00 1.059322033898305081e-03 0.000000000000000000e+00 2.808988764044943742e-03 0.000000000000000000e+00 3.436426116838487907e-03 0.000000000000000000e+00 3.287809812847749223e-03 2.101723413198823033e-04 4.403992953611273950e-03 0.000000000000000000e+00 6.355932203389830920e-03 0.000000000000000000e+00 0.000000000000000000e+00 3.105590062111801032e-03 0.000000000000000000e+00 3.442340791738382217e-03 0.000000000000000000e+00 0.000000000000000000e+00 0.000000000000000000e+00 0.000000000000000000e+00
4.033448106246925562e-03 1.092966060009837731e-01 7.279881947860305201e-03 0.000000000000000000e+00 1.493492639214849581e-03 3.879820203453986094e-02 7.384037054440491590e-03 1.673803621065284297e-01 1.030573686018550249e-03 5.292259083728278329e-02 1.595532508974870263e-03 2.697495183044315917e-02 4.030780505679736232e-03 3.631010794896957772e-02 5.509641873278236417e-04 2.869536202869536062e-02 1.012829169480081041e-03 1.423948220064725004e-02 8.488316642823080446e-03 8.099552450605829179e-02 0.000000000000000000e+00 0.000000000000000000e+00 1.179025752404591967e-02 1.652770057439318097e-01 5.192425167990226409e-03 1.806083650190113896e-02 1.228803145736053100e-03 6.393861892583120729e-04 8.754377188594297332e-04 1.469098277608915822e-02 2.100391598433606205e-02 3.633015235225180162e-02 5.043050430504305258e-03 2.072829131652660986e-02 0.000000000000000000e+00 1.972386587771203254e-03 0.000000000000000000e+00 2.872694284850317581e-02 0.000000000000000000e+00 1.301659616010413315e-02 0.000000000000000000e+00 0.000000000000000000e+00 0.000000000000000000e+00 4.272773884806016324e-04 0.000000000000000000e+00 1.288021400970970056e-03 0.000000000000000000e+00 0.000000000000000000e+00 1.645548790521639021e-04 1.653843388221758887e-03 1.000800640512409861e-04 1.858585858585858498e-03 0.000000000000000000e+00 4.928536224741252155e-04 0.000000000000000000e+00 6.546644844517185468e-04 2.620545073375262195e-04 1.006075651662637939e-02 3.672420124862284057e-04 1.583493282149711981e-02 0.000000000000000000e+00 3.573342862247632853e-03 1.709693964780304289e-04 4.964627032394190948e-04 0.000000000000000000e+00 3.083700440528634387e-03 8.835483300936561356e-04 6.917895503367923159e-03 1.371204701273261465e-03 6.553348351423305025e-03 2.649092201331007448e-03 3.492552645095017838e-02 1.437332311230356523e-03 6.251182144883676850e-02 0.000000000000000000e+00 4.663212435233160535e-02 5.147495545436546818e-03 8.279034112686853297e-02 0.000000000000000000e+00 0.000000000000000000e+00 0.000000000000000000e+00 6.166748889985199794e-04 0.000000000000000000e+00 0.000000000000000000e+00 0.000000000000000000e+00 7.258649891120251421e-04 0.000000000000000000e+00 1.232539030402629359e-03 0.000000000000000000e+00 5.772719775688602483e-04 3.972457627118643891e-03 1.340842048806650637e-03 2.370470707754825622e-03 1.368363437328954562e-03 9.200283085633404953e-03 2.110389610389610399e-02 2.648305084745762594e-03 9.633911368015414143e-04 1.123595505617977627e-03 5.341880341880342418e-04 0.000000000000000000e+00 2.336448598130840947e-03 1.517450682852807334e-03 1.891551071878940730e-03 2.055196711685261090e-03 7.938608097380259448e-04 8.474576271186440649e-03 0.000000000000000000e+00 0.000000000000000000e+00 0.000000000000000000e+00 9.765625000000000000e-04 0.000000000000000000e+00 1.501501501501501488e-03 0.000000000000000000e+00 0.000000000000000000e+00 0.000000000000000000e+00
0.000000000000000000e+00 0.000000000000000000e+00 1.188393428632387450e-01 1.493492639214849581e-03 0.000000000000000000e+00 8.989827300686065170e-03 3.087870040947841843e-03 4.507550146495379879e-04 3.105462040535898471e-01 9.873617693522906968e-03 0.000000000000000000e+00 0.000000000000000000e+00 1.099303774276291779e-03 2.180787264202377047e-04 1.105601469237832840e-01 2.669336002669336124e-03 0.000000000000000000e+00 0.000000000000000000e+00 1.907486886027658427e-04 0.000000000000000000e+00 2.748854643898375819e-02 6.731740154830023748e-04 9.825214603371599728e-03 7.596813044283861303e-03 2.244960293219303571e-01 2.923003802281368829e-02 1.332022609977881467e-01 5.754475703324808331e-03 1.713356678339169464e-02 0.000000000000000000e+00 1.281594873620505587e-02 1.121714381382889723e-02 0.000000000000000000e+00 0.000000000000000000e+00 0.000000000000000000e+00 0.000000000000000000e+00 0.000000000000000000e+00 0.000000000000000000e+00 0.000000000000000000e+00 0.000000000000000000e+00 0.000000000000000000e+00 0.000000000000000000e+00 1.362583458236816983e-04 0.000000000000000000e+00 0.000000000000000000e+00 0.000000000000000000e+00 0.000000000000000000e+00 0.000000000000000000e+00 0.000000000000000000e+00 0.000000000000000000e+00 1.000800640512409861e-04 0.000000000000000000e+00 0.000000000000000000e+00 0.000000000000000000e+00 1.330140994945464288e-04 0.000000000000000000e+00 8.735150244584206415e-05 0.000000000000000000e+00 1.224140041620761443e-04 0.000000000000000000e+00 0.000000000000000000e+00 0.000000000000000000e+00 0.000000000000000000e+00 0.000000000000000000e+00 0.000000000000000000e+00 0.000000000000000000e+00 0.000000000000000000e+00 0.000000000000000000e+00 0.000000000000000000e+00 0.000000000000000000e+00 1.990049751243781057e-02 3.008291143884364235e-03 1.811038712150249072e-02 9.457159069415548101e-05 0.000000000000000000e+00 0.000000000000000000e+00 2.177786576915462149e-03 1.277628721093650177e-04 0.000000000000000000e+00 0.000000000000000000e+00 0.000000000000000000e+00 0.000000000000000000e+00 1.836547291092745617e-03 0.000000000000000000e+00 0.000000000000000000e+00 0.000000000000000000e+00 4.198152812762384438e-04 0.000000000000000000e+00 2.545824847250508925e-04 0.000000000000000000e+00 0.000000000000000000e+00 0.000000000000000000e+00 3.386386725364036758e-04 0.000000000000000000e+00 0.000000000000000000e+00 0.000000000000000000e+00 0.000000000000000000e+00 0.000000000000000000e+00 0.000000000000000000e+00 0.000000000000000000e+00 0.000000000000000000e+00 0.000000000000000000e+00 0.000000000000000000e+00 0.000000000000000000e+00 0.000000000000000000e+00 0.000000000000000000e+00 0.000000000000000000e+00 0.000000000000000000e+00 0.000000000000000000e+00 0.000000000000000000e+00 0.000000000000000000e+00 0.000000000000000000e+00 0.000000000000000000e+00 0.000000000000000000e+00 0.000000000000000000e+00 0.000000000000000000e+00
0.000000000000000000e+00 2.365744026496333096e-04 1.419446415897799912e-03 3.879820203453986094e-02 8.989827300686065170e-03 0.000000000000000000e+00 6.712760958582265230e-05 3.681165952971226802e-03 1.030573686018550249e-03 1.741706161137440700e-01 1.994415636218587829e-04 0.000000000000000000e+00 1.221448638084768432e-04 4.361574528404754095e-04 1.469237832874196450e-03 1.908575241908575248e-01 0.000000000000000000e+00 0.000000000000000000e+00 9.537434430138292134e-05 1.091583888221809824e-04 5.830903790087463463e-03 2.524402558061258905e-02 2.482159478746509291e-03 3.483416712988697539e-02 1.007941356139279224e-02 1.276140684410646264e-01 8.355861391005161426e-03 1.671994884910485979e-01 3.751875937968984494e-04 1.545086119554204586e-02 7.831968672125311920e-03 1.925330654612422698e-02 1.230012300123001104e-04 1.307189542483660040e-03 0.000000000000000000e+00 0.000000000000000000e+00 0.000000000000000000e+00 3.023888720895071144e-04 0.000000000000000000e+00 0.000000000000000000e+00 0.000000000000000000e+00 0.000000000000000000e+00 0.000000000000000000e+00 0.000000000000000000e+00 0.000000000000000000e+00 0.000000000000000000e+00 0.000000000000000000e+00 2.412254251598118385e-04 0.000000000000000000e+00 0.000000000000000000e+00 0.000000000000000000e+00 0.000000000000000000e+00 0.000000000000000000e+00 0.000000000000000000e+00 0.000000000000000000e+00 0.000000000000000000e+00 0.000000000000000000e+00 2.613183510812046566e-04 0.000000000000000000e+00 0.000000000000000000e+00 0.000000000000000000e+00 0.000000000000000000e+00 0.000000000000000000e+00 0.000000000000000000e+00 0.000000000000000000e+00 0.000000000000000000e+00 0.000000000000000000e+00 9.102494083378845477e-05 0.000000000000000000e+00 2.047921359819782820e-04 2.584480196420494997e-03 2.839533348007924202e-02 4.791107704101188231e-04 1.664459996217136292e-02 0.000000000000000000e+00 1.036269430051813510e-02 0.000000000000000000e+00 1.533154465312380321e-03 0.000000000000000000e+00 0.000000000000000000e+00 0.000000000000000000e+00 1.233349777997040067e-04 0.000000000000000000e+00 6.361323155216285462e-04 0.000000000000000000e+00 8.065166545689168246e-05 0.000000000000000000e+00 0.000000000000000000e+00 0.000000000000000000e+00 1.649348507339600748e-04 0.000000000000000000e+00 0.000000000000000000e+00 0.000000000000000000e+00 0.000000000000000000e+00 0.000000000000000000e+00 0.000000000000000000e+00 0.000000000000000000e+00 0.000000000000000000e+00 0.000000000000000000e+00 0.000000000000000000e+00 0.000000000000000000e+00 0.000000000000000000e+00 0.000000000000000000e+00 0.000000000000000000e+00 0.000000000000000000e+00 0.000000000000000000e+00 0.000000000000000000e+00 0.000000000000000000e+00 0.000000000000000000e+00 0.000000000000000000e+00 0.000000000000000000e+00 0.000000000000000000e+00 0.000000000000000000e+00 0.000000000000000000e+00 0.000000000000000000e+00 0.000000000000000000e+00
9.780492716654359819e-02 3.893401355977713779e-03 3.207357186010605932e-01 7.384037054440491590e-03 3.087870040947841843e-03 6.712760958582265230e-05 0.000000000000000000e+00 2.674479753587258660e-02 7.523187907935417751e-02 3.949447077409162657e-04 1.326286398085360918e-01 8.670520231213871970e-03 2.128984976181751421e-01 8.832188420019627950e-03 1.505968778696051454e-02 1.501501501501501488e-03 4.895340985820391226e-03 8.090614886731391968e-04 2.222222222222222307e-02 1.637375832332714845e-02 4.164931278633902706e-04 3.365870077415011874e-04 4.612679698003929740e-02 1.352603298128590009e-02 0.000000000000000000e+00 0.000000000000000000e+00 0.000000000000000000e+00 3.196930946291560364e-04 1.325662831415707829e-02 8.865248226950354395e-04 1.744393022427910209e-02 1.657458563535911533e-02 2.583025830258302725e-03 1.465919701213818857e-02 6.889424733034792050e-04 0.000000000000000000e+00 3.220611916264090168e-03 1.511944360447535572e-04 4.798464491362763743e-04 0.000000000000000000e+00 4.573170731707316798e-03 0.000000000000000000e+00 1.362583458236816983e-04 0.000000000000000000e+00 6.640106241699866721e-04 0.000000000000000000e+00 4.664179104477611851e-04 0.000000000000000000e+00 1.151884153365147342e-03 7.190623427051126006e-05 5.704563650920736750e-03 0.000000000000000000e+00 3.530689842476914669e-03 0.000000000000000000e+00 5.320563979781856717e-03 0.000000000000000000e+00 7.948986722571627431e-03 0.000000000000000000e+00 8.936222303831557745e-03 1.919385796545105660e-04 3.432327166504381410e-02 1.786671431123816210e-04 2.906479740126517372e-03 0.000000000000000000e+00 2.795425667090216219e-03 0.000000000000000000e+00 1.855451493196677874e-03 5.461496450027307015e-04 7.835455435847208218e-04 0.000000000000000000e+00 1.239904374232732448e-01 6.603565925599823826e-04 3.229206592564200923e-02 4.728579534707773833e-03 5.019305019305018989e-02 0.000000000000000000e+00 1.989705008909126854e-02 6.004854989140155641e-03 0.000000000000000000e+00 0.000000000000000000e+00 1.860191893479537940e-03 0.000000000000000000e+00 4.591368227731864042e-04 0.000000000000000000e+00 1.897408271981804173e-02 0.000000000000000000e+00 2.099076406381192219e-03 0.000000000000000000e+00 2.902240325865580381e-02 0.000000000000000000e+00 2.648305084745762703e-04 2.681684097613301165e-04 3.386386725364036758e-04 0.000000000000000000e+00 4.953998584571833036e-03 8.116883116883117418e-04 5.296610169491525405e-04 0.000000000000000000e+00 5.617977528089888135e-04 0.000000000000000000e+00 0.000000000000000000e+00 0.000000000000000000e+00 5.058168942842691113e-04 0.000000000000000000e+00 5.871990604815032150e-04 2.646202699126752969e-04 0.000000000000000000e+00 0.000000000000000000e+00 0.000000000000000000e+00 0.000000000000000000e+00 0.000000000000000000e+00 0.000000000000000000e+00 0.000000000000000000e+00 0.000000000000000000e+00 0.000000000000000000e+00 0.000000000000000000e+00
6.836451055517992446e-03 1.148674028998572655e-01 1.299676958906167794e-02 1.673803621065284297e-01 4.507550146495379879e-04 3.681165952971226802e-03 2.674479753587258660e-02 0.000000000000000000e+00 1.030573686018550249e-03 1.848341232227488085e-01 6.781013163143199268e-03 1.809248554913294726e-01 7.572981556125565200e-03 2.600588812561334673e-01 7.346189164370982251e-04 4.004004004004003969e-02 3.544902093180283750e-03 1.504854368932038826e-02 1.936099189318073524e-02 3.765964414365243623e-02 0.000000000000000000e+00 0.000000000000000000e+00 2.244285862033302409e-02 3.409301463776171631e-02 1.832620647525962185e-03 0.000000000000000000e+00 2.457606291472105983e-04 3.196930946291560364e-04 1.000500250125062459e-03 1.367781155015197585e-02 3.043787824848700682e-02 8.538422903063787317e-03 1.045510455104551109e-02 8.309990662931839370e-03 3.444712366517396025e-04 9.861932938856016271e-04 6.901311249137336229e-04 3.931055337163592324e-03 0.000000000000000000e+00 9.762447120078099425e-04 0.000000000000000000e+00 0.000000000000000000e+00 0.000000000000000000e+00 4.272773884806016324e-04 0.000000000000000000e+00 1.684335678192806947e-03 0.000000000000000000e+00 1.206127125799059193e-04 0.000000000000000000e+00 3.163874307902495280e-03 0.000000000000000000e+00 7.515151515151515492e-03 0.000000000000000000e+00 4.189255791030063736e-03 1.330140994945464288e-04 3.164211674849972886e-03 0.000000000000000000e+00 1.286992879074932983e-02 8.568980291345330369e-04 5.950095969289827084e-03 3.651411879259980385e-04 9.469358584956226454e-03 1.709693964780304289e-04 9.929254064788381896e-04 0.000000000000000000e+00 1.512481644640235011e-02 6.184838310655593275e-04 5.461496450027307666e-03 1.958863858961802055e-04 8.191685439279131281e-04 4.781288363377915289e-03 8.232445520581113674e-02 3.353775392870831599e-03 5.116323056553811338e-02 3.861003861003861094e-03 4.145077720207254041e-02 6.929320926549198574e-03 4.050083045866870873e-02 0.000000000000000000e+00 2.560819462227912832e-03 4.895241824946152016e-04 2.220029600394672013e-03 0.000000000000000000e+00 0.000000000000000000e+00 3.591309032142216075e-04 6.210178240180659441e-03 0.000000000000000000e+00 4.108463434675431198e-04 0.000000000000000000e+00 5.855187201055583185e-03 2.383474576271186595e-03 0.000000000000000000e+00 1.015916017609210919e-03 5.473453749315818464e-04 4.953998584571833036e-03 8.928571428571428076e-03 1.588983050847457730e-03 0.000000000000000000e+00 5.617977528089888135e-04 0.000000000000000000e+00 0.000000000000000000e+00 0.000000000000000000e+00 1.517450682852807334e-03 0.000000000000000000e+00 8.807985907222548767e-04 2.646202699126752969e-04 1.412429378531073441e-03 0.000000000000000000e+00 0.000000000000000000e+00 0.000000000000000000e+00 0.000000000000000000e+00 0.000000000000000000e+00 0.000000000000000000e+00 0.000000000000000000e+00 0.000000000000000000e+00 0.000000000000000000e+00
2.748196496049467620e-03 0.000000000000000000e+00 6.767433871521813527e-02 1.030573686018550249e-03 3.105462040535898471e-01 1.030573686018550249e-03 7.523187907935417751e-02 1.030573686018550249e-03 0.000000000000000000e+00 1.579778830963665063e-03 1.994415636218587829e-04 0.000000000000000000e+00 2.394039330646146463e-02 3.271180896303565707e-04 1.280073461891643727e-01 1.668335001668335078e-04 0.000000000000000000e+00 0.000000000000000000e+00 9.537434430138292134e-05 0.000000000000000000e+00 2.082465639316951299e-03 0.000000000000000000e+00 1.137656427758816776e-03 7.411524921252547402e-04 9.163103237629810927e-04 9.505703422053231886e-04 9.093143278446793112e-03 3.196930946291560364e-04 1.425712856428214097e-02 1.266464032421479315e-04 5.339978640085439945e-04 2.176460739996651482e-03 0.000000000000000000e+00 9.337068160597571716e-05 0.000000000000000000e+00 0.000000000000000000e+00 2.300437083045778653e-04 0.000000000000000000e+00 0.000000000000000000e+00 0.000000000000000000e+00 0.000000000000000000e+00 0.000000000000000000e+00 1.362583458236816983e-04 0.000000000000000000e+00 0.000000000000000000e+00 0.000000000000000000e+00 0.000000000000000000e+00 0.000000000000000000e+00 0.000000000000000000e+00 0.000000000000000000e+00 0.000000000000000000e+00 0.000000000000000000e+00 0.000000000000000000e+00 0.000000000000000000e+00 2.660281989890928575e-04 0.000000000000000000e+00 4.367575122292103478e-04 0.000000000000000000e+00 6.120700208103806942e-04 0.000000000000000000e+00 6.085686465433301365e-04 0.000000000000000000e+00 0.000000000000000000e+00 0.000000000000000000e+00 0.000000000000000000e+00 0.000000000000000000e+00 1.767096660187312325e-04 0.000000000000000000e+00 0.000000000000000000e+00 0.000000000000000000e+00 1.143632486916069078e-02 2.934918189155477316e-04 1.830203142966653831e-02 9.457159069415548101e-05 0.000000000000000000e+00 0.000000000000000000e+00 5.246485844387249742e-03 0.000000000000000000e+00 0.000000000000000000e+00 0.000000000000000000e+00 1.958096729978460861e-04 0.000000000000000000e+00 1.836547291092745617e-03 0.000000000000000000e+00 3.591309032142216075e-04 0.000000000000000000e+00 1.259445843828715331e-03 0.000000000000000000e+00 6.364562118126273127e-04 0.000000000000000000e+00 7.944915254237288650e-04 0.000000000000000000e+00 0.000000000000000000e+00 2.736726874657909232e-04 7.077140835102618778e-04 0.000000000000000000e+00 0.000000000000000000e+00 0.000000000000000000e+00 0.000000000000000000e+00 0.000000000000000000e+00 0.000000000000000000e+00 0.000000000000000000e+00 0.000000000000000000e+00 0.000000000000000000e+00 2.935995302407516075e-04 0.000000000000000000e+00 7.062146892655367207e-04 0.000000000000000000e+00 0.000000000000000000e+00 0.000000000000000000e+00 0.000000000000000000e+00 0.000000000000000000e+00 0.000000000000000000e+00 0.000000000000000000e+00 0.000000000000000000e+00 0.000000000000000000e+00
0.000000000000000000e+00 2.764612954186413969e-03 2.369668246445497811e-03 5.292259083728278329e-02 9.873617693522906968e-03 1.741706161137440700e-01 3.949447077409162657e-04 1.848341232227488085e-01 1.579778830963665063e-03 0.000000000000000000e+00 0.000000000000000000e+00 5.780346820809248920e-04 1.221448638084768432e-04 1.461127467015592603e-02 7.346189164370982251e-04 1.214547881214547848e-01 0.000000000000000000e+00 4.854368932038834747e-04 0.000000000000000000e+00 4.366335552887239298e-04 0.000000000000000000e+00 2.356109054190508312e-03 4.033509152963078194e-03 3.520474337594960233e-03 9.163103237629810494e-03 2.376425855513307917e-03 3.194888178913737886e-03 6.393861892583120078e-03 1.250625312656328074e-04 4.812563323201621453e-03 4.805980776076895951e-03 1.841620626151012959e-03 0.000000000000000000e+00 0.000000000000000000e+00 0.000000000000000000e+00 0.000000000000000000e+00 0.000000000000000000e+00 0.000000000000000000e+00 0.000000000000000000e+00 0.000000000000000000e+00 0.000000000000000000e+00 0.000000000000000000e+00 0.000000000000000000e+00 8.545547769612031835e-05 0.000000000000000000e+00 0.000000000000000000e+00 0.000000000000000000e+00 1.206127125799059193e-04 0.000000000000000000e+00 0.000000000000000000e+00 0.000000000000000000e+00 0.000000000000000000e+00 0.000000000000000000e+00 0.000000000000000000e+00 0.000000000000000000e+00 1.091107474086197533e-04 0.000000000000000000e+00 2.613183510812046566e-04 0.000000000000000000e+00 0.000000000000000000e+00 0.000000000000000000e+00 0.000000000000000000e+00 0.000000000000000000e+00 1.241156758098547737e-04 0.000000000000000000e+00 1.468428781204111574e-04 0.000000000000000000e+00 0.000000000000000000e+00 0.000000000000000000e+00 0.000000000000000000e+00 1.163016088389222814e-03 1.423435321740406517e-02 1.916443081640475401e-04 7.471155664838282674e-03 0.000000000000000000e+00 1.036269430051813510e-02 0.000000000000000000e+00 3.194071802734125415e-03 0.000000000000000000e+00 0.000000000000000000e+00 0.000000000000000000e+00 1.110014800197336006e-03 0.000000000000000000e+00 0.000000000000000000e+00 0.000000000000000000e+00 4.839099927413500948e-04 0.000000000000000000e+00 4.108463434675431198e-04 0.000000000000000000e+00 3.298697014679201497e-04 0.000000000000000000e+00 0.000000000000000000e+00 0.000000000000000000e+00 0.000000000000000000e+00 0.000000000000000000e+00 2.435064935064935009e-03 0.000000000000000000e+00 0.000000000000000000e+00 0.000000000000000000e+00 0.000000000000000000e+00 0.000000000000000000e+00 0.000000000000000000e+00 2.529084471421345556e-04 2.101723413198823033e-04 0.000000000000000000e+00 0.000000000000000000e+00 0.000000000000000000e+00 0.000000000000000000e+00 0.000000000000000000e+00 0.000000000000000000e+00 0.000000000000000000e+00 0.000000000000000000e+00 0.000000000000000000e+00 0.000000000000000000e+00 0.000000000000000000e+00 0.000000000000000000e+00
2.712405265257279430e-01 0.000000000000000000e+00 2.931790985241324379e-02 1.595532508974870263e-03 0.000000000000000000e+00 1.994415636218587829e-04 1.326286398085360918e-01 6.781013163143199268e-03 1.994415636218587829e-04 0.000000000000000000e+00 0.000000000000000000e+00 1.348747591522158045e-03 1.150604617075852015e-01 8.723149056809508190e-04 1.652892561983471034e-03 0.000000000000000000e+00 3.899392302498311952e-02 0.000000000000000000e+00 1.268478779208392915e-02 1.637375832332714845e-03 0.000000000000000000e+00 0.000000000000000000e+00 7.032785189781776830e-03 1.852881230313136850e-03 0.000000000000000000e+00 0.000000000000000000e+00 0.000000000000000000e+00 0.000000000000000000e+00 3.989494747373686923e-02 1.266464032421479315e-04 3.203987184051263967e-03 6.696802276912773707e-04 1.107011070110701075e-03 1.960784313725490169e-03 0.000000000000000000e+00 0.000000000000000000e+00 2.300437083045778653e-04 0.000000000000000000e+00 0.000000000000000000e+00 0.000000000000000000e+00 0.000000000000000000e+00 0.000000000000000000e+00 1.362583458236816983e-04 0.000000000000000000e+00 1.660026560424966680e-04 0.000000000000000000e+00 0.000000000000000000e+00 0.000000000000000000e+00 3.291097581043278043e-04 0.000000000000000000e+00 5.004003202562049306e-04 0.000000000000000000e+00 2.715915263443780306e-04 0.000000000000000000e+00 0.000000000000000000e+00 0.000000000000000000e+00 7.512229210342417571e-03 0.000000000000000000e+00 3.182764108213979697e-03 0.000000000000000000e+00 2.069133398247322356e-02 0.000000000000000000e+00 4.274234911950760586e-03 0.000000000000000000e+00 2.541296060991105358e-04 0.000000000000000000e+00 1.325322495140484258e-03 0.000000000000000000e+00 5.876591576885406435e-04 0.000000000000000000e+00 2.720165406732570970e-02 2.201188641866607852e-04 6.995017247987734589e-03 9.457159069415548101e-05 0.000000000000000000e+00 0.000000000000000000e+00 1.484854484260542552e-03 8.943401047655551508e-04 0.000000000000000000e+00 0.000000000000000000e+00 1.272762874485999654e-03 1.233349777997040067e-04 0.000000000000000000e+00 0.000000000000000000e+00 4.908122343927695357e-03 0.000000000000000000e+00 4.198152812762384438e-04 0.000000000000000000e+00 6.237270875763747599e-03 0.000000000000000000e+00 0.000000000000000000e+00 0.000000000000000000e+00 0.000000000000000000e+00 0.000000000000000000e+00 0.000000000000000000e+00 0.000000000000000000e+00 0.000000000000000000e+00 0.000000000000000000e+00 0.000000000000000000e+00 0.000000000000000000e+00 0.000000000000000000e+00 0.000000000000000000e+00 0.000000000000000000e+00 0.000000000000000000e+00 0.000000000000000000e+00 0.000000000000000000e+00 0.000000000000000000e+00 0.000000000000000000e+00 0.000000000000000000e+00 0.000000000000000000e+00 0.000000000000000000e+00 0.000000000000000000e+00 0.000000000000000000e+00 0.000000000000000000e+00 0.000000000000000000e+00 0.000000000000000000e+00
3.853564547206165766e-04 9.576107899807322077e-02 2.504816955684007612e-03 2.697495183044315917e-02 0.000000000000000000e+00 0.000000000000000000e+00 8.670520231213871970e-03 1.809248554913294726e-01 0.000000000000000000e+00 5.780346820809248920e-04 1.348747591522158045e-03 0.000000000000000000e+00 2.442897276169536864e-04 1.412059753571039133e-01 1.836547291092745563e-04 4.504504504504504465e-03 0.000000000000000000e+00 5.825242718446602130e-02 1.525989508822126741e-03 1.571880799039406321e-02 0.000000000000000000e+00 0.000000000000000000e+00 2.689006101975385463e-03 7.040948675189920465e-03 0.000000000000000000e+00 0.000000000000000000e+00 0.000000000000000000e+00 0.000000000000000000e+00 0.000000000000000000e+00 3.964032421479229962e-02 1.067995728017087989e-03 1.674200569228193481e-03 2.460024600246002208e-04 3.081232492997198775e-03 0.000000000000000000e+00 4.930966469428008135e-04 2.300437083045778653e-04 6.047777441790142287e-04 0.000000000000000000e+00 3.254149040026032961e-04 0.000000000000000000e+00 0.000000000000000000e+00 0.000000000000000000e+00 0.000000000000000000e+00 0.000000000000000000e+00 2.972357079163776678e-04 0.000000000000000000e+00 0.000000000000000000e+00 0.000000000000000000e+00 2.157187028115337666e-04 0.000000000000000000e+00 1.050505050505050417e-03 0.000000000000000000e+00 1.108920650566781654e-03 0.000000000000000000e+00 1.745771958537916052e-03 0.000000000000000000e+00 8.623505585679754754e-03 0.000000000000000000e+00 8.637236084452974520e-04 0.000000000000000000e+00 3.573342862247632853e-03 0.000000000000000000e+00 8.812212982499689068e-03 2.541296060991105358e-04 7.782672540381791425e-03 0.000000000000000000e+00 1.729473875841980790e-03 0.000000000000000000e+00 2.047921359819782820e-04 5.815080441946114068e-04 1.335387776065742084e-02 5.749329244921425660e-04 1.314545110648761110e-02 0.000000000000000000e+00 1.036269430051813510e-02 6.929320926549198140e-04 5.110514884374600490e-03 0.000000000000000000e+00 1.280409731113956416e-03 0.000000000000000000e+00 1.640355204736063111e-02 0.000000000000000000e+00 6.361323155216285462e-04 0.000000000000000000e+00 1.677554641503347169e-02 0.000000000000000000e+00 4.108463434675431198e-04 0.000000000000000000e+00 1.500907141679036841e-02 0.000000000000000000e+00 0.000000000000000000e+00 0.000000000000000000e+00 0.000000000000000000e+00 0.000000000000000000e+00 8.116883116883117418e-04 5.296610169491525405e-04 0.000000000000000000e+00 5.617977528089888135e-04 0.000000000000000000e+00 0.000000000000000000e+00 0.000000000000000000e+00 0.000000000000000000e+00 0.000000000000000000e+00 0.000000000000000000e+00 0.000000000000000000e+00 0.000000000000000000e+00 0.000000000000000000e+00 0.000000000000000000e+00 0.000000000000000000e+00 0.000000000000000000e+00 0.000000000000000000e+00 0.000000000000000000e+00 0.000000000000000000e+00 0.000000000000000000e+00 0.000000000000000000e+00
3.346769268352265542e-02 0.000000000000000000e+00 6.424819836325881828e-02 4.030780505679736232e-03 1.099303774276291779e-03 1.221448638084768432e-04 2.128984976181751421e-01 7.572981556125565200e-03 2.394039330646146463e-02 1.221448638084768432e-04 1.150604617075852015e-01 2.442897276169536864e-04 0.000000000000000000e+00 1.962708537782139207e-03 1.726354453627180763e-01 3.336670003336670155e-04 4.051316677920324162e-03 0.000000000000000000e+00 7.343824511206485661e-03 4.366335552887239298e-04 0.000000000000000000e+00 0.000000000000000000e+00 2.451132485262177974e-02 2.964609968501018961e-03 3.054367745876603642e-04 0.000000000000000000e+00 0.000000000000000000e+00 0.000000000000000000e+00 8.666833416708354110e-02 0.000000000000000000e+00 3.203987184051263967e-03 4.855181650761761399e-03 1.599015990159901625e-03 1.400560224089635866e-03 0.000000000000000000e+00 0.000000000000000000e+00 6.901311249137336229e-04 0.000000000000000000e+00 0.000000000000000000e+00 0.000000000000000000e+00 1.524390243902439077e-03 0.000000000000000000e+00 0.000000000000000000e+00 0.000000000000000000e+00 1.660026560424966680e-04 0.000000000000000000e+00 0.000000000000000000e+00 0.000000000000000000e+00 1.645548790521639021e-04 0.000000000000000000e+00 3.002401921537229583e-04 8.080808080808081072e-05 5.431830526887560613e-04 0.000000000000000000e+00 3.990422984836392863e-04 0.000000000000000000e+00 4.891684136967155809e-03 0.000000000000000000e+00 2.937936099889827245e-03 9.596928982725528299e-05 2.653359298928919044e-02 0.000000000000000000e+00 6.325867669687125841e-03 0.000000000000000000e+00 7.623888182973316075e-04 0.000000000000000000e+00 3.534193320374624651e-04 0.000000000000000000e+00 1.958863858961802055e-04 0.000000000000000000e+00 6.609808102345415826e-02 2.201188641866607852e-04 3.478344193177462795e-02 5.674295441649328860e-04 3.861003861003860921e-02 0.000000000000000000e+00 2.197584636705602820e-02 1.277628721093650123e-03 0.000000000000000000e+00 0.000000000000000000e+00 2.741335421969845476e-03 0.000000000000000000e+00 4.591368227731864042e-04 0.000000000000000000e+00 1.191117495660501575e-02 0.000000000000000000e+00 1.259445843828715331e-03 0.000000000000000000e+00 9.801425661914459769e-03 0.000000000000000000e+00 5.296610169491525405e-04 0.000000000000000000e+00 0.000000000000000000e+00 0.000000000000000000e+00 1.415428167020523756e-03 0.000000000000000000e+00 0.000000000000000000e+00 0.000000000000000000e+00 0.000000000000000000e+00 0.000000000000000000e+00 0.000000000000000000e+00 0.000000000000000000e+00 0.000000000000000000e+00 0.000000000000000000e+00 2.935995302407516075e-04 0.000000000000000000e+00 1.412429378531073441e-03 0.000000000000000000e+00 0.000000000000000000e+00 0.000000000000000000e+00 0.000000000000000000e+00 0.000000000000000000e+00 0.000000000000000000e+00 0.000000000000000000e+00 0.000000000000000000e+00 0.000000000000000000e+00
