2.790032746837484146e-01 4.971350661330300458e-01 3.393736577137972388e-01 5.049192312053862874e-01 3.394586227993635075e-01 0.000000000000000000e+00 3.650832716853110727e-01 4.714325714967559366e-01 3.788892538429997625e-01 0.000000000000000000e+00 3.408628352182597743e-01 4.910949226362102960e-01 3.782105962528444776e-01 4.482059274850299646e-01 4.178772231244778368e-01 0.000000000000000000e+00 3.502549692914375679e-01 4.845381108206783249e-01 3.959533731957838865e-01 5.101282354873551972e-01 0.000000000000000000e+00 0.000000000000000000e+00 4.250065630303212494e-01 0.000000000000000000e+00 0.000000000000000000e+00 0.000000000000000000e+00 0.000000000000000000e+00 0.000000000000000000e+00 3.893141235395473077e-01 4.653715857142857182e-01 0.000000000000000000e+00 0.000000000000000000e+00 4.273879241668618878e-01 4.879361578241251940e-01 4.157350786516854080e-01 0.000000000000000000e+00 4.906749873041607590e-01 5.108401785253174898e-01 0.000000000000000000e+00 0.000000000000000000e+00 4.428255079365079339e-01 0.000000000000000000e+00 0.000000000000000000e+00 0.000000000000000000e+00 4.357241333333333189e-01 5.578557064220183159e-01 0.000000000000000000e+00 0.000000000000000000e+00 4.234219895211444040e-01 0.000000000000000000e+00 4.119000218669672808e-01 5.137892847222222947e-01 4.178725239723533602e-01 0.000000000000000000e+00 4.188878021508988803e-01 0.000000000000000000e+00 3.556958916011016547e-01 5.189162635426447512e-01 4.214714311904260158e-01 5.157194327920773258e-01 4.090734532428674242e-01 0.000000000000000000e+00 3.908741043630380441e-01 4.948389142857143042e-01 4.313541687674604663e-01 0.000000000000000000e+00 4.214597707594385234e-01 5.091113596340942626e-01 3.032121113919056254e-01 5.238457305084021076e-01 3.714117569505495098e-01 5.009024444032067480e-01 3.942122876518629471e-01 4.761495851124240009e-01 3.992308154680540566e-01 0.000000000000000000e+00 4.094589574366522267e-01 4.520576349976882513e-01 0.000000000000000000e+00 0.000000000000000000e+00 4.303808628135969427e-01 5.217267476363637302e-01 4.532704435483870808e-01 0.000000000000000000e+00 4.300305797428456422e-01 0.000000000000000000e+00 4.652723884297520485e-01 0.000000000000000000e+00 4.414639348285895881e-01 0.000000000000000000e+00 4.998273178350980395e-01 4.682514314423801838e-01 4.816069286764705915e-01 4.417571678225096776e-01 4.822177639878547084e-01 4.395322927910507160e-01 5.488904731182794317e-01 0.000000000000000000e+00 4.672968420864087591e-01 4.702922561495016529e-01 0.000000000000000000e+00 0.000000000000000000e+00 4.672218489940892505e-01 5.026793361437091878e-01 4.540820390988078437e-01 4.769177628865979290e-01 4.821093603603603395e-01 0.000000000000000000e+00 0.000000000000000000e+00 0.000000000000000000e+00 0.000000000000000000e+00 0.000000000000000000e+00 0.000000000000000000e+00 0.000000000000000000e+00 0.000000000000000000e+00 0.000000000000000000e+00
4.971350661330300458e-01 2.784900360078214621e-01 4.902687644940632028e-01 3.688340255218738317e-01 0.000000000000000000e+00 4.424515051843324609e-01 4.779210985225281760e-01 3.263507491231049107e-01 0.000000000000000000e+00 4.151845371019968201e-01 4.705968333333332976e-01 3.732912747512416862e-01 3.968747808219178497e-01 3.869192595227373688e-01 0.000000000000000000e+00 3.969257589294619137e-01 4.560472574680270452e-01 3.507625303796014782e-01 5.154278683372545133e-01 3.921615959344470492e-01 0.000000000000000000e+00 0.000000000000000000e+00 4.606633723404255365e-01 4.358206565656564946e-01 0.000000000000000000e+00 0.000000000000000000e+00 0.000000000000000000e+00 0.000000000000000000e+00 4.954273309117628310e-01 4.023254329005712671e-01 4.487754931089651400e-01 0.000000000000000000e+00 5.191111562917475331e-01 4.423090003518633240e-01 5.124988533333332263e-01 0.000000000000000000e+00 5.214189971811228341e-01 5.204284780326160487e-01 0.000000000000000000e+00 4.830107095932566486e-01 0.000000000000000000e+00 0.000000000000000000e+00 0.000000000000000000e+00 4.267784625850340463e-01 0.000000000000000000e+00 4.454464551702894126e-01 0.000000000000000000e+00 0.000000000000000000e+00 0.000000000000000000e+00 4.498166054438892392e-01 4.980128648331335617e-01 4.324227500379073108e-01 0.000000000000000000e+00 0.000000000000000000e+00 0.000000000000000000e+00 4.204247083022858433e-01 5.041044940555965415e-01 3.421127577959780508e-01 5.106386595209246870e-01 4.261790545810595909e-01 5.714671926605504604e-01 4.163987314843966003e-01 0.000000000000000000e+00 4.005102680608889631e-01 0.000000000000000000e+00 4.306821334240903965e-01 5.386131776819457206e-01 4.401281566632194164e-01 5.436561584723068608e-01 3.503351457913924105e-01 4.978697062807962981e-01 3.699808421269361602e-01 5.068992672168108893e-01 4.020965490108940887e-01 0.000000000000000000e+00 4.728020833333334560e-01 4.662091648613593264e-01 4.023722598666698569e-01 0.000000000000000000e+00 0.000000000000000000e+00 0.000000000000000000e+00 4.342324766262830038e-01 0.000000000000000000e+00 0.000000000000000000e+00 0.000000000000000000e+00 4.349205547031336772e-01 0.000000000000000000e+00 4.126006049345478655e-01 0.000000000000000000e+00 4.409567115503673085e-01 4.893810995781938122e-01 4.813961474012528052e-01 0.000000000000000000e+00 4.930709251258839632e-01 4.596289462365591438e-01 4.736626183198274775e-01 0.000000000000000000e+00 0.000000000000000000e+00 4.623145356618547086e-01 0.000000000000000000e+00 0.000000000000000000e+00 0.000000000000000000e+00 0.000000000000000000e+00 5.117845658007620369e-01 0.000000000000000000e+00 4.742031995088502594e-01 0.000000000000000000e+00 0.000000000000000000e+00 0.000000000000000000e+00 0.000000000000000000e+00 5.013875225225224996e-01 0.000000000000000000e+00 0.000000000000000000e+00 0.000000000000000000e+00 0.000000000000000000e+00 0.000000000000000000e+00
3.393736577137972388e-01 4.902687644940632028e-01 2.817462540073105703e-01 4.681862993963025743e-01 2.106610465163065438e-01 4.425126159698622441e-01 3.238896588421896761e-01 4.569381415887078801e-01 3.170527534441732187e-01 4.374081984124151279e-01 3.890821394798893440e-01 4.511291697746957485e-01 3.422619349375695119e-01 4.446481652601693146e-01 3.245470029155641534e-01 4.564926887182588766e-01 4.033245866547683356e-01 4.811856060873948016e-01 3.007410634653212567e-01 5.148078312909235565e-01 0.000000000000000000e+00 0.000000000000000000e+00 2.649005896568264462e-01 4.446063150485132232e-01 2.535558216041152724e-01 4.541897067166217328e-01 3.545968902520106880e-01 4.624757261904762773e-01 3.707703732888672499e-01 4.604477351322006085e-01 3.797215639325218772e-01 4.454217460870182888e-01 3.979153396167487422e-01 4.780170692233454699e-01 4.695893590004185936e-01 0.000000000000000000e+00 4.658974869806972174e-01 4.693125224166525555e-01 4.573478507903160906e-01 0.000000000000000000e+00 0.000000000000000000e+00 0.000000000000000000e+00 4.537095947712417310e-01 0.000000000000000000e+00 4.345636421052631593e-01 0.000000000000000000e+00 4.620132339158817825e-01 0.000000000000000000e+00 4.577415377824962106e-01 0.000000000000000000e+00 4.235532350922019407e-01 0.000000000000000000e+00 4.303610616080327800e-01 0.000000000000000000e+00 4.570053523809524121e-01 0.000000000000000000e+00 4.160273033138578991e-01 4.719481447368421567e-01 4.387615923304535870e-01 4.909728000000000425e-01 4.204924890422127026e-01 0.000000000000000000e+00 3.796139580518247958e-01 0.000000000000000000e+00 4.207893608681494424e-01 0.000000000000000000e+00 4.549568724292073485e-01 4.777769630434782755e-01 3.972573935194039785e-01 5.541022826729744555e-01 3.853508931268810334e-01 5.063924986048289334e-01 3.792307670734209601e-01 4.745014381970140693e-01 3.709768792221110889e-01 0.000000000000000000e+00 4.091503107613881918e-01 4.745054400477669021e-01 0.000000000000000000e+00 0.000000000000000000e+00 3.835749109045504812e-01 0.000000000000000000e+00 4.157278390804599044e-01 0.000000000000000000e+00 4.179534176934535106e-01 0.000000000000000000e+00 0.000000000000000000e+00 0.000000000000000000e+00 4.221531665557738400e-01 0.000000000000000000e+00 0.000000000000000000e+00 4.565541061931790434e-01 0.000000000000000000e+00 4.755233055555556088e-01 4.647327536294747485e-01 4.861207637215528288e-01 0.000000000000000000e+00 0.000000000000000000e+00 0.000000000000000000e+00 0.000000000000000000e+00 0.000000000000000000e+00 0.000000000000000000e+00 4.153126888888888923e-01 4.477752284249482129e-01 4.538570480514900196e-01 0.000000000000000000e+00 0.000000000000000000e+00 0.000000000000000000e+00 0.000000000000000000e+00 0.000000000000000000e+00 4.309438947368420814e-01 0.000000000000000000e+00 4.673483931623931831e-01 0.000000000000000000e+00 0.000000000000000000e+00 0.000000000000000000e+00
5.049192312053862874e-01 3.688340255218738317e-01 4.681862993963025743e-01 2.734562126311841368e-01 4.175165454545454735e-01 2.120273405175071846e-01 4.695019351498942450e-01 3.397921075667272306e-01 0.000000000000000000e+00 2.944117835053245980e-01 4.046626986301369855e-01 4.151520779603855016e-01 4.745991067745039538e-01 3.573868690092859013e-01 0.000000000000000000e+00 3.300093285588011072e-01 4.824179684969502335e-01 4.187903507151566895e-01 5.264684867213310637e-01 3.165583533169859520e-01 0.000000000000000000e+00 0.000000000000000000e+00 4.516164451911379163e-01 2.622382742635757102e-01 0.000000000000000000e+00 2.021348257487922684e-01 0.000000000000000000e+00 0.000000000000000000e+00 5.037070736070946575e-01 3.846497349536147636e-01 4.290540020254764442e-01 3.620538253875230650e-01 5.061640177912676286e-01 3.959191249507721388e-01 4.785280659340659937e-01 4.857598382309521456e-01 4.913174735251933933e-01 4.771800995884927787e-01 0.000000000000000000e+00 4.684582584853800857e-01 0.000000000000000000e+00 0.000000000000000000e+00 0.000000000000000000e+00 4.439239926574512496e-01 0.000000000000000000e+00 4.744161616812938020e-01 0.000000000000000000e+00 4.514945564414414303e-01 0.000000000000000000e+00 4.561050875635835333e-01 0.000000000000000000e+00 4.565089334969312240e-01 0.000000000000000000e+00 4.395216325998843043e-01 0.000000000000000000e+00 4.302546521739130103e-01 4.912648670687549957e-01 4.142526919380440931e-01 4.886746438334536036e-01 4.493568630515146767e-01 5.282158919783463968e-01 4.387894589131366985e-01 0.000000000000000000e+00 4.258436163341188241e-01 0.000000000000000000e+00 4.477904653231024601e-01 5.145535534154536128e-01 4.656944696288101704e-01 5.189560685492365932e-01 4.310974234755046153e-01 5.011601439842972017e-01 3.902815727954766500e-01 0.000000000000000000e+00 3.923366275053669083e-01 0.000000000000000000e+00 3.445345566037736340e-01 4.739870522388059948e-01 4.168928783168298069e-01 0.000000000000000000e+00 0.000000000000000000e+00 5.202495967741935790e-01 3.877106983250178107e-01 0.000000000000000000e+00 0.000000000000000000e+00 5.046245480809344874e-01 4.426715814255108294e-01 0.000000000000000000e+00 0.000000000000000000e+00 0.000000000000000000e+00 4.308354766835692518e-01 4.751684121268457961e-01 4.728515045045046383e-01 4.648647971854303895e-01 0.000000000000000000e+00 4.381219946808510568e-01 4.632362832956266607e-01 4.713149361702126949e-01 0.000000000000000000e+00 4.156552560361888582e-01 0.000000000000000000e+00 0.000000000000000000e+00 0.000000000000000000e+00 4.578277333535176186e-01 4.257190212355975167e-01 0.000000000000000000e+00 4.965563090909091426e-01 0.000000000000000000e+00 0.000000000000000000e+00 0.000000000000000000e+00 0.000000000000000000e+00 0.000000000000000000e+00 0.000000000000000000e+00 0.000000000000000000e+00 0.000000000000000000e+00 4.094291495327103125e-01 0.000000000000000000e+00
3.394586227993635075e-01 0.000000000000000000e+00 2.106610465163065438e-01 4.175165454545454735e-01 2.091172449250150722e-01 4.631225709994475914e-01 2.779391815377338926e-01 4.068744006385840994e-01 2.117492749691910203e-01 0.000000000000000000e+00 3.051989884438887635e-01 0.000000000000000000e+00 3.072270862985742590e-01 4.637671744186046552e-01 3.227885840732320766e-01 4.825143819390199096e-01 0.000000000000000000e+00 0.000000000000000000e+00 3.805226512605042744e-01 0.000000000000000000e+00 3.894023106135717782e-01 0.000000000000000000e+00 2.138231526624503054e-01 4.440182757710970929e-01 1.995341387548582313e-01 4.563471800975128501e-01 2.492300952790372504e-01 4.431989117544549162e-01 3.899731166025395268e-01 0.000000000000000000e+00 3.697496360255254633e-01 4.345578707708518396e-01 0.000000000000000000e+00 0.000000000000000000e+00 0.000000000000000000e+00 0.000000000000000000e+00 4.255146500000000498e-01 0.000000000000000000e+00 0.000000000000000000e+00 0.000000000000000000e+00 0.000000000000000000e+00 0.000000000000000000e+00 4.632294048951049459e-01 0.000000000000000000e+00 0.000000000000000000e+00 0.000000000000000000e+00 4.758918993020937460e-01 0.000000000000000000e+00 4.830248013245033167e-01 0.000000000000000000e+00 4.320260686707422249e-01 0.000000000000000000e+00 0.000000000000000000e+00 0.000000000000000000e+00 0.000000000000000000e+00 0.000000000000000000e+00 3.800957016260162469e-01 0.000000000000000000e+00 3.988923851111110808e-01 0.000000000000000000e+00 0.000000000000000000e+00 0.000000000000000000e+00 0.000000000000000000e+00 0.000000000000000000e+00 0.000000000000000000e+00 0.000000000000000000e+00 4.146612538661130776e-01 0.000000000000000000e+00 4.349414522435897101e-01 0.000000000000000000e+00 3.559909263142274072e-01 5.218967666140981176e-01 3.611357740478085554e-01 4.535974845360824514e-01 3.430189642390112370e-01 0.000000000000000000e+00 3.814963090650163591e-01 0.000000000000000000e+00 0.000000000000000000e+00 0.000000000000000000e+00 3.721668087657210022e-01 0.000000000000000000e+00 0.000000000000000000e+00 0.000000000000000000e+00 4.024720978896011991e-01 0.000000000000000000e+00 4.015328869565217285e-01 0.000000000000000000e+00 4.088087869388630224e-01 0.000000000000000000e+00 0.000000000000000000e+00 0.000000000000000000e+00 0.000000000000000000e+00 0.000000000000000000e+00 3.600805128205127881e-01 3.964903888888888783e-01 0.000000000000000000e+00 0.000000000000000000e+00 0.000000000000000000e+00 4.089563697478992288e-01 0.000000000000000000e+00 0.000000000000000000e+00 0.000000000000000000e+00 0.000000000000000000e+00 0.000000000000000000e+00 0.000000000000000000e+00 0.000000000000000000e+00 0.000000000000000000e+00 0.000000000000000000e+00 0.000000000000000000e+00 0.000000000000000000e+00 0.000000000000000000e+00 0.000000000000000000e+00 0.000000000000000000e+00 0.000000000000000000e+00 0.000000000000000000e+00
0.000000000000000000e+00 4.424515051843324609e-01 4.425126159698622441e-01 2.120273405175071846e-01 4.631225709994475914e-01 2.052848152599872911e-01 4.639918645353358073e-01 3.030909128232653904e-01 4.823313604205176630e-01 2.048146050816434527e-01 0.000000000000000000e+00 0.000000000000000000e+00 4.769297313591423504e-01 3.402335140379795786e-01 4.471200968496995554e-01 3.054652908143149492e-01 0.000000000000000000e+00 0.000000000000000000e+00 0.000000000000000000e+00 3.710393392771174637e-01 4.326314713351726016e-01 3.628750563069079726e-01 4.632325956721120574e-01 2.166452683406435986e-01 4.841357445002028581e-01 2.290317473816204097e-01 4.889545359373264066e-01 3.058054917952409690e-01 0.000000000000000000e+00 3.711075529050815724e-01 4.108165267945781407e-01 3.614123553215110030e-01 4.617106756756756414e-01 3.794580287917798112e-01 0.000000000000000000e+00 0.000000000000000000e+00 0.000000000000000000e+00 4.383013985471640450e-01 0.000000000000000000e+00 0.000000000000000000e+00 0.000000000000000000e+00 0.000000000000000000e+00 0.000000000000000000e+00 4.622934012202262188e-01 0.000000000000000000e+00 0.000000000000000000e+00 0.000000000000000000e+00 4.725680732805003226e-01 0.000000000000000000e+00 0.000000000000000000e+00 0.000000000000000000e+00 4.859092164615310128e-01 0.000000000000000000e+00 4.592514623565829845e-01 0.000000000000000000e+00 4.342809755728607168e-01 0.000000000000000000e+00 4.535097861457146884e-01 0.000000000000000000e+00 3.958589075144509084e-01 0.000000000000000000e+00 0.000000000000000000e+00 0.000000000000000000e+00 4.485502201834862257e-01 0.000000000000000000e+00 4.430832319999999380e-01 5.571087757575756694e-01 4.872578778625953899e-01 0.000000000000000000e+00 0.000000000000000000e+00 5.292290907061228955e-01 3.950435134487852440e-01 0.000000000000000000e+00 3.681067289827570921e-01 0.000000000000000000e+00 3.536982068756599484e-01 0.000000000000000000e+00 3.644835271021119594e-01 0.000000000000000000e+00 0.000000000000000000e+00 0.000000000000000000e+00 4.539097505845218206e-01 0.000000000000000000e+00 0.000000000000000000e+00 0.000000000000000000e+00 4.341057060541376189e-01 0.000000000000000000e+00 4.173269586847352386e-01 0.000000000000000000e+00 4.393316124611763573e-01 0.000000000000000000e+00 0.000000000000000000e+00 0.000000000000000000e+00 0.000000000000000000e+00 0.000000000000000000e+00 0.000000000000000000e+00 0.000000000000000000e+00 0.000000000000000000e+00 0.000000000000000000e+00 0.000000000000000000e+00 0.000000000000000000e+00 0.000000000000000000e+00 0.000000000000000000e+00 0.000000000000000000e+00 0.000000000000000000e+00 0.000000000000000000e+00 0.000000000000000000e+00 0.000000000000000000e+00 0.000000000000000000e+00 0.000000000000000000e+00 0.000000000000000000e+00 0.000000000000000000e+00 0.000000000000000000e+00 0.000000000000000000e+00 0.000000000000000000e+00 0.000000000000000000e+00
3.650832716853110727e-01 4.779210985225281760e-01 3.238896588421896761e-01 4.695019351498942450e-01 2.779391815377338926e-01 4.639918645353358073e-01 2.808331972322102854e-01 4.552907852131989896e-01 3.211240642101785281e-01 4.638102350111186767e-01 3.340682298488317770e-01 4.485719440434103866e-01 3.058404899301458424e-01 4.522401657985580248e-01 3.467959237703251985e-01 4.701238226503947071e-01 3.886235790350603403e-01 4.711814576520240161e-01 3.859927681806608057e-01 4.841572812074760868e-01 0.000000000000000000e+00 0.000000000000000000e+00 3.635648437844216097e-01 4.572121006819639955e-01 3.095445238095238527e-01 4.783270607340295300e-01 4.723829195402299286e-01 5.025079970914502203e-01 3.471540919704972361e-01 4.704928726838161213e-01 3.945719772093374544e-01 4.405182365545782797e-01 4.077980815418104643e-01 4.594178139046287690e-01 4.831071732042397371e-01 0.000000000000000000e+00 4.347461502216893869e-01 4.776224324548907219e-01 4.389433582089552477e-01 4.261083020833333346e-01 0.000000000000000000e+00 0.000000000000000000e+00 4.602552412459720577e-01 0.000000000000000000e+00 0.000000000000000000e+00 0.000000000000000000e+00 0.000000000000000000e+00 0.000000000000000000e+00 4.289069947157289064e-01 4.851007660818712486e-01 4.005354937943880200e-01 4.925185546780356249e-01 3.984477965995866233e-01 0.000000000000000000e+00 3.943357668355921830e-01 0.000000000000000000e+00 4.068331389640136853e-01 0.000000000000000000e+00 4.111519280128354548e-01 4.653631425076880657e-01 3.989043957530326590e-01 0.000000000000000000e+00 3.945046785277885881e-01 0.000000000000000000e+00 4.010465257416301887e-01 0.000000000000000000e+00 4.464341347162237295e-01 4.889949553558994300e-01 4.044267225112869735e-01 4.974253565217391926e-01 3.508153392031059803e-01 4.782354472451657013e-01 3.644511531069797861e-01 4.664787246821607281e-01 3.456642129967756327e-01 0.000000000000000000e+00 3.920911144623366318e-01 4.643883826654058300e-01 0.000000000000000000e+00 0.000000000000000000e+00 3.806733471731340024e-01 0.000000000000000000e+00 4.309672537313432583e-01 0.000000000000000000e+00 4.064415560994531496e-01 4.421231104651163757e-01 0.000000000000000000e+00 0.000000000000000000e+00 4.164154236131775155e-01 0.000000000000000000e+00 0.000000000000000000e+00 4.477192288099315354e-01 4.856811510309279045e-01 4.503518310810811220e-01 4.496768105369488566e-01 0.000000000000000000e+00 0.000000000000000000e+00 0.000000000000000000e+00 0.000000000000000000e+00 4.402305751408089884e-01 0.000000000000000000e+00 0.000000000000000000e+00 4.444391637931033867e-01 4.568060477379882744e-01 0.000000000000000000e+00 0.000000000000000000e+00 0.000000000000000000e+00 0.000000000000000000e+00 0.000000000000000000e+00 0.000000000000000000e+00 0.000000000000000000e+00 0.000000000000000000e+00 4.567209912280701389e-01 0.000000000000000000e+00 0.000000000000000000e+00 0.000000000000000000e+00
4.714325714967559366e-01 3.263507491231049107e-01 4.569381415887078801e-01 3.397921075667272306e-01 4.068744006385840994e-01 3.030909128232653904e-01 4.552907852131989896e-01 2.641436498207037631e-01 4.518477587242349935e-01 2.703093631886503423e-01 4.621738046460535654e-01 3.110170376611916532e-01 4.555465085972427719e-01 2.748627715381119496e-01 4.444378846153846374e-01 3.212871031222317986e-01 4.307503734939758799e-01 3.912219669971168101e-01 4.642218923257454555e-01 4.063157462827277633e-01 0.000000000000000000e+00 0.000000000000000000e+00 4.574911161978191254e-01 3.706408292912059532e-01 0.000000000000000000e+00 3.448167894736843264e-01 3.889594468085106338e-01 0.000000000000000000e+00 4.506089602804603800e-01 3.479850623847824398e-01 4.314775189043708048e-01 3.677103707642555008e-01 4.595544196413425264e-01 3.906279322767913786e-01 0.000000000000000000e+00 4.677725726329908795e-01 4.360111134020617785e-01 4.430475404403703132e-01 0.000000000000000000e+00 4.180466338070341625e-01 0.000000000000000000e+00 0.000000000000000000e+00 0.000000000000000000e+00 0.000000000000000000e+00 0.000000000000000000e+00 4.332839593620909646e-01 0.000000000000000000e+00 4.825225778437882695e-01 0.000000000000000000e+00 4.395758267220878368e-01 4.737974807692307833e-01 4.222769316678006701e-01 0.000000000000000000e+00 3.924168294057245876e-01 0.000000000000000000e+00 4.079072332003688683e-01 4.712841301369863345e-01 4.002407477745123510e-01 4.582595611510791866e-01 4.573443118363654247e-01 4.864369847328243734e-01 4.056491183167785231e-01 0.000000000000000000e+00 3.955956236017117433e-01 0.000000000000000000e+00 4.194672270641071621e-01 4.838335579226120120e-01 4.624165837668610668e-01 4.856441661246505004e-01 4.340368043478260440e-01 4.825330485384142776e-01 3.294297115527713427e-01 4.555082725749748374e-01 3.753183059986326953e-01 0.000000000000000000e+00 3.832137755102041354e-01 4.450918109044003090e-01 3.879647721926885451e-01 0.000000000000000000e+00 0.000000000000000000e+00 5.152012556390976883e-01 4.005019309902972946e-01 0.000000000000000000e+00 0.000000000000000000e+00 4.357409097222222361e-01 4.165678673397079645e-01 0.000000000000000000e+00 0.000000000000000000e+00 0.000000000000000000e+00 4.163183464829259273e-01 4.587833972263395954e-01 0.000000000000000000e+00 0.000000000000000000e+00 4.319892932330827162e-01 0.000000000000000000e+00 4.478167132636233783e-01 0.000000000000000000e+00 0.000000000000000000e+00 4.591690256564041617e-01 0.000000000000000000e+00 0.000000000000000000e+00 0.000000000000000000e+00 4.530127760040415508e-01 0.000000000000000000e+00 0.000000000000000000e+00 4.970151960784314760e-01 0.000000000000000000e+00 0.000000000000000000e+00 0.000000000000000000e+00 0.000000000000000000e+00 0.000000000000000000e+00 0.000000000000000000e+00 0.000000000000000000e+00 0.000000000000000000e+00 0.000000000000000000e+00 0.000000000000000000e+00
3.788892538429997625e-01 0.000000000000000000e+00 3.170527534441732187e-01 0.000000000000000000e+00 2.117492749691910203e-01 4.823313604205176630e-01 3.211240642101785281e-01 4.518477587242349935e-01 2.317536449398318599e-01 4.739052805222555009e-01 3.459636510699006795e-01 0.000000000000000000e+00 3.114490748214462923e-01 4.543012861111110912e-01 2.831765599481249618e-01 4.758556063002172820e-01 4.370777851239669443e-01 0.000000000000000000e+00 0.000000000000000000e+00 0.000000000000000000e+00 4.063024340920859401e-01 0.000000000000000000e+00 3.361799612150087602e-01 4.128382552781577619e-01 2.677299583333333510e-01 4.397537664474160390e-01 3.387111176470588014e-01 4.549869577464788484e-01 3.769764821537964217e-01 0.000000000000000000e+00 3.836144742463939994e-01 4.297281298726120524e-01 0.000000000000000000e+00 0.000000000000000000e+00 0.000000000000000000e+00 0.000000000000000000e+00 0.000000000000000000e+00 0.000000000000000000e+00 0.000000000000000000e+00 0.000000000000000000e+00 0.000000000000000000e+00 0.000000000000000000e+00 4.624550834056455062e-01 0.000000000000000000e+00 0.000000000000000000e+00 0.000000000000000000e+00 0.000000000000000000e+00 0.000000000000000000e+00 0.000000000000000000e+00 0.000000000000000000e+00 0.000000000000000000e+00 0.000000000000000000e+00 0.000000000000000000e+00 0.000000000000000000e+00 0.000000000000000000e+00 0.000000000000000000e+00 4.151627787610618903e-01 0.000000000000000000e+00 0.000000000000000000e+00 0.000000000000000000e+00 3.659527075880866787e-01 0.000000000000000000e+00 0.000000000000000000e+00 0.000000000000000000e+00 0.000000000000000000e+00 0.000000000000000000e+00 4.051800150375939880e-01 0.000000000000000000e+00 0.000000000000000000e+00 0.000000000000000000e+00 3.403387187204902076e-01 5.300380778130493464e-01 3.650981665355623185e-01 4.870693068181818353e-01 3.631641436507199172e-01 0.000000000000000000e+00 3.745139270615545635e-01 0.000000000000000000e+00 0.000000000000000000e+00 0.000000000000000000e+00 3.367753135593219427e-01 0.000000000000000000e+00 4.330926935483870865e-01 0.000000000000000000e+00 4.195842845528455767e-01 0.000000000000000000e+00 0.000000000000000000e+00 0.000000000000000000e+00 4.342093530105270438e-01 0.000000000000000000e+00 0.000000000000000000e+00 4.416000977443608755e-01 0.000000000000000000e+00 0.000000000000000000e+00 4.508723553719007904e-01 0.000000000000000000e+00 0.000000000000000000e+00 0.000000000000000000e+00 0.000000000000000000e+00 0.000000000000000000e+00 0.000000000000000000e+00 0.000000000000000000e+00 0.000000000000000000e+00 0.000000000000000000e+00 0.000000000000000000e+00 4.494837500000000152e-01 0.000000000000000000e+00 0.000000000000000000e+00 0.000000000000000000e+00 0.000000000000000000e+00 0.000000000000000000e+00 0.000000000000000000e+00 0.000000000000000000e+00 0.000000000000000000e+00 0.000000000000000000e+00 0.000000000000000000e+00
0.000000000000000000e+00 4.151845371019968201e-01 4.374081984124151279e-01 2.944117835053245980e-01 0.000000000000000000e+00 2.048146050816434527e-01 4.638102350111186767e-01 2.703093631886503423e-01 4.739052805222555009e-01 2.060085713489042680e-01 0.000000000000000000e+00 0.000000000000000000e+00 0.000000000000000000e+00 3.220358307410030041e-01 4.467386665662650413e-01 2.735928091643546334e-01 0.000000000000000000e+00 0.000000000000000000e+00 0.000000000000000000e+00 0.000000000000000000e+00 4.262894725000000440e-01 0.000000000000000000e+00 4.402344542607072309e-01 3.278548385416666378e-01 4.016300422535211134e-01 0.000000000000000000e+00 0.000000000000000000e+00 3.508137659574467326e-01 0.000000000000000000e+00 3.656723319743762080e-01 4.189300951196269218e-01 3.582218002479511387e-01 4.072823240740739981e-01 4.044718666666666795e-01 0.000000000000000000e+00 0.000000000000000000e+00 0.000000000000000000e+00 0.000000000000000000e+00 0.000000000000000000e+00 0.000000000000000000e+00 0.000000000000000000e+00 0.000000000000000000e+00 0.000000000000000000e+00 0.000000000000000000e+00 0.000000000000000000e+00 0.000000000000000000e+00 0.000000000000000000e+00 0.000000000000000000e+00 0.000000000000000000e+00 4.785649708029197091e-01 0.000000000000000000e+00 0.000000000000000000e+00 0.000000000000000000e+00 0.000000000000000000e+00 0.000000000000000000e+00 4.339688047839506124e-01 0.000000000000000000e+00 0.000000000000000000e+00 0.000000000000000000e+00 0.000000000000000000e+00 0.000000000000000000e+00 0.000000000000000000e+00 0.000000000000000000e+00 0.000000000000000000e+00 0.000000000000000000e+00 0.000000000000000000e+00 0.000000000000000000e+00 0.000000000000000000e+00 0.000000000000000000e+00 0.000000000000000000e+00 5.040502542372882200e-01 3.440428980008506943e-01 0.000000000000000000e+00 3.575108612471281089e-01 0.000000000000000000e+00 3.340255982180501126e-01 0.000000000000000000e+00 3.565988354816251871e-01 0.000000000000000000e+00 0.000000000000000000e+00 0.000000000000000000e+00 3.974920659340658857e-01 0.000000000000000000e+00 0.000000000000000000e+00 0.000000000000000000e+00 4.295067971387289685e-01 0.000000000000000000e+00 0.000000000000000000e+00 0.000000000000000000e+00 4.156687250000000167e-01 0.000000000000000000e+00 0.000000000000000000e+00 0.000000000000000000e+00 0.000000000000000000e+00 0.000000000000000000e+00 0.000000000000000000e+00 0.000000000000000000e+00 0.000000000000000000e+00 0.000000000000000000e+00 0.000000000000000000e+00 0.000000000000000000e+00 0.000000000000000000e+00 0.000000000000000000e+00 0.000000000000000000e+00 0.000000000000000000e+00 0.000000000000000000e+00 0.000000000000000000e+00 0.000000000000000000e+00 0.000000000000000000e+00 0.000000000000000000e+00 0.000000000000000000e+00 0.000000000000000000e+00 3.978378034188033707e-01 0.000000000000000000e+00 0.000000000000000000e+00 0.000000000000000000e+00
3.408628352182597743e-01 4.705968333333332976e-01 3.890821394798893440e-01 4.046626986301369855e-01 3.051989884438887635e-01 0.000000000000000000e+00 3.340682298488317770e-01 4.621738046460535654e-01 3.459636510699006795e-01 0.000000000000000000e+00 3.253638244634536325e-01 4.632910239641657157e-01 3.419996509679880115e-01 0.000000000000000000e+00 3.608869631887586249e-01 0.000000000000000000e+00 3.411955145541795131e-01 4.773277599999999343e-01 4.008622942137204936e-01 4.888361574422275257e-01 0.000000000000000000e+00 0.000000000000000000e+00 3.880113210199496732e-01 0.000000000000000000e+00 0.000000000000000000e+00 0.000000000000000000e+00 0.000000000000000000e+00 0.000000000000000000e+00 3.430370734491991480e-01 4.318118783783783665e-01 3.955562762148336908e-01 0.000000000000000000e+00 3.817631333294147500e-01 4.721885241093260466e-01 4.258008164090583136e-01 0.000000000000000000e+00 4.544373907324426587e-01 0.000000000000000000e+00 0.000000000000000000e+00 0.000000000000000000e+00 0.000000000000000000e+00 0.000000000000000000e+00 4.475639869999998854e-01 0.000000000000000000e+00 0.000000000000000000e+00 0.000000000000000000e+00 0.000000000000000000e+00 0.000000000000000000e+00 4.151189587472618459e-01 0.000000000000000000e+00 3.971703524856889933e-01 0.000000000000000000e+00 0.000000000000000000e+00 0.000000000000000000e+00 4.246158061224489244e-01 0.000000000000000000e+00 3.995596459489852426e-01 0.000000000000000000e+00 4.292335993856700727e-01 0.000000000000000000e+00 4.194408212745980857e-01 0.000000000000000000e+00 4.152764299806365744e-01 0.000000000000000000e+00 4.361309662583433555e-01 0.000000000000000000e+00 4.516935271562056431e-01 0.000000000000000000e+00 4.404025713421252375e-01 0.000000000000000000e+00 3.609000019835918449e-01 4.967680094825452919e-01 3.676096757719772290e-01 4.357634698795179728e-01 0.000000000000000000e+00 0.000000000000000000e+00 4.166879817608346581e-01 4.598656633663366633e-01 0.000000000000000000e+00 0.000000000000000000e+00 4.039520109005900750e-01 0.000000000000000000e+00 4.194124820143884658e-01 0.000000000000000000e+00 4.243059433976968386e-01 0.000000000000000000e+00 0.000000000000000000e+00 0.000000000000000000e+00 4.261641232343714725e-01 0.000000000000000000e+00 0.000000000000000000e+00 0.000000000000000000e+00 0.000000000000000000e+00 0.000000000000000000e+00 0.000000000000000000e+00 4.771590173893405229e-01 0.000000000000000000e+00 0.000000000000000000e+00 0.000000000000000000e+00 0.000000000000000000e+00 0.000000000000000000e+00 0.000000000000000000e+00 0.000000000000000000e+00 0.000000000000000000e+00 0.000000000000000000e+00 0.000000000000000000e+00 0.000000000000000000e+00 0.000000000000000000e+00 0.000000000000000000e+00 0.000000000000000000e+00 0.000000000000000000e+00 0.000000000000000000e+00 0.000000000000000000e+00 0.000000000000000000e+00 0.000000000000000000e+00 0.000000000000000000e+00
4.910949226362102960e-01 3.732912747512416862e-01 4.511291697746957485e-01 4.151520779603855016e-01 0.000000000000000000e+00 0.000000000000000000e+00 4.485719440434103866e-01 3.110170376611916532e-01 0.000000000000000000e+00 0.000000000000000000e+00 4.632910239641657157e-01 2.620291900881755454e-01 4.419760485109343051e-01 2.604694558579583319e-01 0.000000000000000000e+00 3.825252330636851883e-01 4.889271195652174495e-01 3.874974486572275167e-01 4.729320392944809104e-01 4.270933625358419028e-01 0.000000000000000000e+00 0.000000000000000000e+00 4.421316702661332587e-01 4.098952677457000648e-01 0.000000000000000000e+00 0.000000000000000000e+00 0.000000000000000000e+00 0.000000000000000000e+00 0.000000000000000000e+00 3.853177167255767421e-01 4.061659777046954800e-01 3.480890526315789657e-01 4.413061078722832486e-01 4.077313642288169504e-01 0.000000000000000000e+00 4.568346604166667047e-01 0.000000000000000000e+00 4.608797573462962149e-01 0.000000000000000000e+00 4.730669032258064677e-01 0.000000000000000000e+00 0.000000000000000000e+00 0.000000000000000000e+00 4.572786711409395077e-01 0.000000000000000000e+00 4.480740998563825239e-01 0.000000000000000000e+00 0.000000000000000000e+00 0.000000000000000000e+00 4.205421542707541427e-01 0.000000000000000000e+00 4.350233349392796933e-01 0.000000000000000000e+00 0.000000000000000000e+00 0.000000000000000000e+00 4.255766202914346708e-01 0.000000000000000000e+00 4.084730496589699666e-01 0.000000000000000000e+00 4.585196084175739983e-01 4.349373846153846146e-01 4.291978370669153331e-01 0.000000000000000000e+00 4.182991892181500693e-01 0.000000000000000000e+00 4.296035905818168521e-01 5.056373844010711993e-01 4.593973645495395552e-01 0.000000000000000000e+00 4.185402290758795663e-01 4.892018682918877759e-01 3.507466068424873740e-01 4.469027472527472566e-01 3.877392702872566321e-01 0.000000000000000000e+00 0.000000000000000000e+00 4.445138531683168193e-01 4.102122855909129395e-01 0.000000000000000000e+00 3.980376486739717889e-01 5.331541835443038835e-01 4.294956130937220840e-01 0.000000000000000000e+00 0.000000000000000000e+00 0.000000000000000000e+00 4.499878083553304764e-01 0.000000000000000000e+00 4.633816666666666362e-01 0.000000000000000000e+00 4.545757601447918406e-01 4.726220293369501890e-01 4.319142522522522731e-01 0.000000000000000000e+00 0.000000000000000000e+00 0.000000000000000000e+00 4.690449295774648530e-01 0.000000000000000000e+00 0.000000000000000000e+00 0.000000000000000000e+00 4.170273414634146913e-01 0.000000000000000000e+00 0.000000000000000000e+00 4.618148033638946881e-01 4.797645052857832382e-01 0.000000000000000000e+00 0.000000000000000000e+00 0.000000000000000000e+00 0.000000000000000000e+00 0.000000000000000000e+00 0.000000000000000000e+00 0.000000000000000000e+00 0.000000000000000000e+00 0.000000000000000000e+00 0.000000000000000000e+00 0.000000000000000000e+00 0.000000000000000000e+00
3.782105962528444776e-01 3.968747808219178497e-01 3.422619349375695119e-01 4.745991067745039538e-01 3.072270862985742590e-01 4.769297313591423504e-01 3.058404899301458424e-01 4.555465085972427719e-01 3.114490748214462923e-01 0.000000000000000000e+00 3.419996509679880115e-01 4.419760485109343051e-01 2.649220709773000282e-01 4.411081501016370643e-01 2.631667529739820655e-01 4.427582481273407700e-01 3.863272265016742812e-01 0.000000000000000000e+00 3.994439426590782882e-01 4.552223039625060141e-01 0.000000000000000000e+00 0.000000000000000000e+00 3.655353152828748065e-01 4.730439376885323677e-01 3.653376446759259433e-01 0.000000000000000000e+00 0.000000000000000000e+00 0.000000000000000000e+00 3.497166945599608501e-01 4.784755820254861791e-01 3.710241143052511181e-01 4.442835623319347227e-01 3.877891310482018405e-01 4.677956343779735016e-01 4.593178169014083267e-01 4.250825181818182474e-01 4.266769673365246596e-01 0.000000000000000000e+00 0.000000000000000000e+00 0.000000000000000000e+00 4.528063773584906082e-01 0.000000000000000000e+00 4.542980913705584323e-01 0.000000000000000000e+00 0.000000000000000000e+00 0.000000000000000000e+00 0.000000000000000000e+00 0.000000000000000000e+00 4.083275902777778188e-01 0.000000000000000000e+00 3.960194390529534481e-01 0.000000000000000000e+00 4.362109553571428266e-01 0.000000000000000000e+00 3.865847894736842427e-01 0.000000000000000000e+00 4.071050568707116901e-01 0.000000000000000000e+00 4.327616274201055435e-01 0.000000000000000000e+00 4.188360813157124274e-01 0.000000000000000000e+00 4.016051312968725306e-01 0.000000000000000000e+00 4.288310930959818856e-01 0.000000000000000000e+00 4.423380372863099375e-01 0.000000000000000000e+00 4.253277390431005056e-01 0.000000000000000000e+00 3.399394143151412973e-01 4.546438980836237098e-01 3.912529548568939308e-01 4.676753720801081760e-01 3.711586087798375844e-01 0.000000000000000000e+00 4.027337532101764039e-01 4.522810709385393091e-01 0.000000000000000000e+00 0.000000000000000000e+00 3.868755510542018494e-01 0.000000000000000000e+00 0.000000000000000000e+00 0.000000000000000000e+00 4.134340374608161950e-01 0.000000000000000000e+00 4.217918507462686817e-01 0.000000000000000000e+00 4.180148024169495491e-01 0.000000000000000000e+00 5.232198813559321149e-01 4.346206169662644725e-01 0.000000000000000000e+00 0.000000000000000000e+00 4.569392678700797683e-01 4.205108397279244126e-01 0.000000000000000000e+00 0.000000000000000000e+00 0.000000000000000000e+00 4.346421202814933493e-01 0.000000000000000000e+00 0.000000000000000000e+00 0.000000000000000000e+00 4.328002113821138308e-01 0.000000000000000000e+00 0.000000000000000000e+00 0.000000000000000000e+00 0.000000000000000000e+00 0.000000000000000000e+00 0.000000000000000000e+00 0.000000000000000000e+00 0.000000000000000000e+00 0.000000000000000000e+00 0.000000000000000000e+00 0.000000000000000000e+00 0.000000000000000000e+00
