0.000000000000000000e+00 2.092491647617373066e-02 7.593951523237714440e-02 5.506607929515418796e-03 2.013229795800977693e-03 0.000000000000000000e+00 1.085988352175402544e-01 2.190923317683880940e-03 4.911220249338874196e-03 0.000000000000000000e+00 2.104283054003724396e-01 5.541189508681197392e-04 3.121935272965021407e-02 0.000000000000000000e+00 2.941176470588235253e-03 0.000000000000000000e+00 1.906362007168458661e-01 2.545525748971999309e-03 5.582631812140009114e-02 3.355187042036251316e-02 0.000000000000000000e+00 0.000000000000000000e+00 3.101058008026267871e-03 0.000000000000000000e+00 1.539645881447267032e-03 0.000000000000000000e+00 0.000000000000000000e+00 0.000000000000000000e+00 4.792277193587312495e-02 3.619441571871768407e-03 0.000000000000000000e+00 2.444987775061124467e-04 4.115226337448560021e-03 1.897223269254931510e-02 0.000000000000000000e+00 0.000000000000000000e+00 9.060514877967235092e-02 2.095337873232058779e-03 2.507522567703109224e-03 0.000000000000000000e+00 0.000000000000000000e+00 0.000000000000000000e+00 1.731601731601731600e-04 0.000000000000000000e+00 1.443001443001443000e-03 2.294367328209246195e-04 0.000000000000000000e+00 0.000000000000000000e+00 4.799584900765339023e-03 2.704652001442481323e-04 4.112931334959916280e-02 2.224199288256227644e-04 1.470588235294117627e-03 1.890001890001889934e-04 3.623844899438303981e-04 0.000000000000000000e+00 2.161965863696888868e-01 2.367144040714877495e-03 3.372501144513963267e-02 4.975949577044286396e-04 8.057190916736753361e-02 2.962962962962962924e-04 3.058707449432659237e-02 2.035416242621616119e-04 4.193319118692252767e-02 0.000000000000000000e+00 5.642279480910287331e-03 8.355382258738337786e-04 7.641533384107641880e-02 8.579814856626778036e-03 7.014517751904555953e-02 1.907668828691339296e-04 3.803526448362720691e-02 2.109704641350210793e-03 3.714710252600296990e-03 0.000000000000000000e+00 5.418138987043581017e-02 2.685765443151298323e-03 2.000000000000000042e-03 0.000000000000000000e+00 3.821656050955414032e-03 3.396739130434782514e-04 1.757469244288224850e-03 0.000000000000000000e+00 3.795579595262520145e-02 9.035056017347307857e-05 6.418485237483953325e-04 0.000000000000000000e+00 1.461554755348443146e-02 0.000000000000000000e+00 1.387925052047189398e-03 1.021450459652706875e-03 0.000000000000000000e+00 0.000000000000000000e+00 5.092592592592592310e-02 0.000000000000000000e+00 1.068376068376068484e-03 0.000000000000000000e+00 1.943634596695821082e-03 0.000000000000000000e+00 0.000000000000000000e+00 0.000000000000000000e+00 1.385681293302540393e-03 3.188775510204081703e-03 2.982848620432512841e-03 0.000000000000000000e+00 3.779289493575207961e-03 0.000000000000000000e+00 0.000000000000000000e+00 0.000000000000000000e+00 3.307607497243660478e-03 0.000000000000000000e+00 0.000000000000000000e+00 0.000000000000000000e+00 0.000000000000000000e+00 0.000000000000000000e+00
2.092491647617373066e-02 0.000000000000000000e+00 2.890816099621970007e-03 9.140969162995594977e-02 0.000000000000000000e+00 4.931506849315068358e-03 1.884206920178143133e-03 1.532081377151799650e-01 0.000000000000000000e+00 1.346499102333931740e-02 2.660281989890928575e-04 1.396379756187661747e-01 0.000000000000000000e+00 3.989361702127659781e-02 0.000000000000000000e+00 8.864265927977840048e-03 1.120071684587813565e-03 1.196397102016839575e-01 3.190075321222862054e-02 1.570896002056819674e-01 0.000000000000000000e+00 0.000000000000000000e+00 3.648303538854432630e-04 8.453085376162298731e-04 0.000000000000000000e+00 1.325381047051027179e-03 0.000000000000000000e+00 0.000000000000000000e+00 3.447681434235476861e-04 5.532574974146845653e-02 0.000000000000000000e+00 1.711491442542787235e-03 1.197156752712308196e-02 4.673954014323407347e-02 0.000000000000000000e+00 2.242152466367712971e-03 3.343363423604145596e-04 7.438449449973807970e-02 0.000000000000000000e+00 6.060606060606060601e-04 0.000000000000000000e+00 2.547770700636942803e-02 0.000000000000000000e+00 1.967535661583866161e-04 0.000000000000000000e+00 2.638522427440633152e-03 0.000000000000000000e+00 1.419043564637434396e-04 2.594370216629912824e-04 7.933645870897943625e-03 0.000000000000000000e+00 2.157473309608540918e-02 0.000000000000000000e+00 3.780003780003779869e-04 0.000000000000000000e+00 2.066400330624052796e-03 3.389420167049993823e-03 2.565984140134927038e-01 0.000000000000000000e+00 4.810084591142809590e-02 1.682085786375105054e-04 5.807407407407407657e-02 0.000000000000000000e+00 2.747811927539181923e-02 0.000000000000000000e+00 5.081991431526074882e-02 1.316531878879067087e-03 9.051664113633199268e-03 2.538715410002538586e-02 5.757507337999548391e-02 0.000000000000000000e+00 4.120564669973292293e-02 6.297229219143576657e-04 4.839135021097046296e-02 0.000000000000000000e+00 4.810583283223091033e-03 1.701347991100641199e-03 5.890778871978513687e-02 0.000000000000000000e+00 0.000000000000000000e+00 4.246284501061571267e-04 5.095108695652173988e-03 0.000000000000000000e+00 0.000000000000000000e+00 9.325748391308402046e-05 3.080954101915431981e-02 0.000000000000000000e+00 1.194743130227001121e-03 2.118195297606439347e-04 4.860661049902786392e-03 0.000000000000000000e+00 1.021450459652706875e-03 0.000000000000000000e+00 0.000000000000000000e+00 1.157407407407407343e-02 1.095890410958904049e-01 0.000000000000000000e+00 4.366812227074235581e-03 0.000000000000000000e+00 7.712082262210796790e-03 0.000000000000000000e+00 0.000000000000000000e+00 2.309468822170900656e-04 2.232142857142857019e-03 3.728560775540641051e-04 5.141388174807197571e-04 7.558578987150415922e-04 2.754820936639118534e-03 0.000000000000000000e+00 0.000000000000000000e+00 2.205071664829106985e-03 0.000000000000000000e+00 0.000000000000000000e+00 0.000000000000000000e+00 0.000000000000000000e+00 0.000000000000000000e+00
7.593951523237714440e-02 2.890816099621970007e-03 0.000000000000000000e+00 3.028634361233480295e-03 1.239574345700316382e-01 1.643835616438356264e-03 2.663583418979102446e-01 9.546165884194053597e-03 2.115602568945976550e-02 4.488330341113106088e-03 5.932428837456770604e-02 3.324713705208718218e-03 5.802549852893102572e-02 2.493351063829787363e-03 2.965686274509803794e-02 2.493074792243767188e-03 1.433691756272401432e-02 9.790483649892304033e-04 1.066312213853197466e-01 4.113639285255174180e-03 0.000000000000000000e+00 0.000000000000000000e+00 2.966070777088653521e-01 2.535925612848689836e-03 1.093148575827559699e-01 3.313452617627567730e-03 8.038585209003214910e-03 5.521811154058531724e-04 4.981899672470263551e-02 7.755946225439503110e-04 3.214142225793491237e-02 1.100244498777506151e-02 1.010101010101010187e-02 4.271893453951501086e-03 9.532888465204956800e-04 0.000000000000000000e+00 1.437646272149782634e-02 2.619172341540073473e-04 0.000000000000000000e+00 0.000000000000000000e+00 7.407407407407407690e-03 0.000000000000000000e+00 5.194805194805194801e-04 0.000000000000000000e+00 1.924001924001924073e-03 0.000000000000000000e+00 2.182453077258838864e-04 0.000000000000000000e+00 3.891555324944869724e-03 9.015506671474937293e-05 1.141512722202858189e-02 0.000000000000000000e+00 0.000000000000000000e+00 0.000000000000000000e+00 9.059612248595759953e-04 0.000000000000000000e+00 4.599927369567848728e-03 2.367144040714877604e-04 6.104074469708530015e-03 1.658649859014762042e-04 1.009251471825063032e-03 2.962962962962962924e-04 1.233349777997039959e-03 0.000000000000000000e+00 2.369106846718786828e-03 0.000000000000000000e+00 1.429377468497272825e-02 0.000000000000000000e+00 4.569687738004570010e-03 0.000000000000000000e+00 3.952853241339657903e-02 0.000000000000000000e+00 7.821158690176321926e-02 1.977848101265822917e-03 2.228826151560178194e-03 0.000000000000000000e+00 9.200366444182699055e-02 2.148612354521038659e-03 4.000000000000000083e-03 0.000000000000000000e+00 3.397027600849257013e-03 0.000000000000000000e+00 0.000000000000000000e+00 0.000000000000000000e+00 8.672946003916813876e-03 0.000000000000000000e+00 0.000000000000000000e+00 0.000000000000000000e+00 3.600932005930946971e-03 0.000000000000000000e+00 3.469812630117973494e-04 2.042900919305413749e-03 0.000000000000000000e+00 0.000000000000000000e+00 3.472222222222222376e-02 0.000000000000000000e+00 0.000000000000000000e+00 0.000000000000000000e+00 0.000000000000000000e+00 0.000000000000000000e+00 0.000000000000000000e+00 0.000000000000000000e+00 2.309468822170900656e-04 1.275510204081632551e-03 3.728560775540641051e-04 0.000000000000000000e+00 3.779289493575207961e-03 0.000000000000000000e+00 0.000000000000000000e+00 0.000000000000000000e+00 0.000000000000000000e+00 0.000000000000000000e+00 0.000000000000000000e+00 0.000000000000000000e+00 0.000000000000000000e+00 0.000000000000000000e+00
5.506607929515418796e-03 9.140969162995594977e-02 3.028634361233480295e-03 0.000000000000000000e+00 8.628127696289905483e-04 1.260273972602739788e-02 3.768413840356286265e-03 1.981220657276995256e-01 7.555723460521344666e-04 1.526032315978455983e-02 0.000000000000000000e+00 4.783893609161433275e-02 8.172605426610003287e-04 2.792553191489361569e-02 2.450980392156862711e-04 1.966759002770082990e-02 2.240143369175627238e-04 2.584687683571568542e-02 5.907546891153448408e-03 1.140249389381668560e-01 0.000000000000000000e+00 0.000000000000000000e+00 5.654870485224370441e-03 2.967032967032967039e-01 7.698229407236335158e-04 7.090788601722995688e-02 0.000000000000000000e+00 5.521811154058531724e-04 6.895362868470953721e-04 3.283350568769390077e-02 4.821213338690236855e-03 6.356968215158924351e-02 3.928170594837261838e-03 2.236461867068727238e-02 0.000000000000000000e+00 3.363228699551569674e-03 3.343363423604145596e-04 1.231011000523834532e-02 0.000000000000000000e+00 0.000000000000000000e+00 0.000000000000000000e+00 0.000000000000000000e+00 0.000000000000000000e+00 0.000000000000000000e+00 0.000000000000000000e+00 2.982677526672020216e-03 0.000000000000000000e+00 0.000000000000000000e+00 0.000000000000000000e+00 7.843490804183195567e-03 0.000000000000000000e+00 3.929418742586002732e-03 0.000000000000000000e+00 3.780003780003779869e-04 0.000000000000000000e+00 4.132800661248105700e-04 6.052536012589274528e-04 1.526807906261096019e-02 1.526018617427132504e-04 3.831481174324100070e-02 0.000000000000000000e+00 1.185185185185185170e-03 0.000000000000000000e+00 1.221249745572969671e-03 2.369106846718787153e-04 1.477323090559905499e-03 2.821139740455143991e-04 1.420414983985517424e-02 7.616146230007616322e-04 1.354707608941070271e-02 2.874802357337932768e-04 2.022128958412819366e-02 0.000000000000000000e+00 5.907172995780590741e-02 0.000000000000000000e+00 4.209260372820204654e-03 3.926187671770710709e-04 7.896150402864816897e-02 0.000000000000000000e+00 3.378378378378378566e-03 0.000000000000000000e+00 2.377717391304347977e-03 0.000000000000000000e+00 0.000000000000000000e+00 0.000000000000000000e+00 1.807011203469461409e-03 0.000000000000000000e+00 1.194743130227001121e-03 0.000000000000000000e+00 1.620220349967595608e-04 6.939625260235946988e-04 0.000000000000000000e+00 0.000000000000000000e+00 0.000000000000000000e+00 1.157407407407407343e-02 6.849315068493150305e-02 0.000000000000000000e+00 4.366812227074235581e-03 9.718172983479105411e-04 0.000000000000000000e+00 0.000000000000000000e+00 0.000000000000000000e+00 0.000000000000000000e+00 2.869897959183673620e-03 3.728560775540641051e-04 0.000000000000000000e+00 0.000000000000000000e+00 0.000000000000000000e+00 0.000000000000000000e+00 0.000000000000000000e+00 0.000000000000000000e+00 0.000000000000000000e+00 0.000000000000000000e+00 0.000000000000000000e+00 0.000000000000000000e+00 0.000000000000000000e+00
2.013229795800977693e-03 0.000000000000000000e+00 1.239574345700316382e-01 8.628127696289905483e-04 0.000000000000000000e+00 5.479452054794520591e-03 2.380952380952380820e-02 0.000000000000000000e+00 3.713638080846241030e-01 2.692998204667863653e-03 5.320563979781857151e-04 1.847063169560398950e-04 2.778685845047400901e-03 1.662234042553191449e-04 7.696078431372549433e-02 5.540166204986150030e-04 6.720430107526882257e-04 0.000000000000000000e+00 1.476886722788362102e-03 0.000000000000000000e+00 0.000000000000000000e+00 1.329787234042553159e-03 4.086099963516964806e-02 8.453085376162298731e-04 9.776751347190146268e-02 0.000000000000000000e+00 2.566988210075026866e-01 5.521811154058531724e-04 1.534218238234787146e-02 0.000000000000000000e+00 1.767778224186420180e-02 2.444987775061124684e-03 1.309390198279087062e-03 1.256439251162206250e-04 0.000000000000000000e+00 0.000000000000000000e+00 3.343363423604145596e-04 0.000000000000000000e+00 5.015045135406218666e-04 0.000000000000000000e+00 0.000000000000000000e+00 0.000000000000000000e+00 1.731601731601731600e-04 0.000000000000000000e+00 2.405002405002405091e-04 0.000000000000000000e+00 4.364906154517677727e-04 0.000000000000000000e+00 1.297185108314956412e-04 0.000000000000000000e+00 0.000000000000000000e+00 7.413997627520759717e-05 0.000000000000000000e+00 0.000000000000000000e+00 0.000000000000000000e+00 0.000000000000000000e+00 0.000000000000000000e+00 0.000000000000000000e+00 1.526018617427132504e-04 0.000000000000000000e+00 1.345668629100084043e-03 0.000000000000000000e+00 1.480019733596447864e-03 0.000000000000000000e+00 1.421464108031272183e-03 0.000000000000000000e+00 4.701899567425239985e-04 0.000000000000000000e+00 0.000000000000000000e+00 0.000000000000000000e+00 2.716688227684346812e-02 1.907668828691339296e-04 3.576826196473551628e-02 0.000000000000000000e+00 2.228826151560178194e-03 0.000000000000000000e+00 3.795314749378353794e-03 0.000000000000000000e+00 0.000000000000000000e+00 0.000000000000000000e+00 8.492569002123142533e-04 0.000000000000000000e+00 3.514938488576449700e-03 0.000000000000000000e+00 1.492119742609344327e-03 0.000000000000000000e+00 1.283697047496790665e-03 0.000000000000000000e+00 2.118195297606439347e-04 0.000000000000000000e+00 0.000000000000000000e+00 0.000000000000000000e+00 0.000000000000000000e+00 0.000000000000000000e+00 0.000000000000000000e+00 0.000000000000000000e+00 0.000000000000000000e+00 0.000000000000000000e+00 0.000000000000000000e+00 0.000000000000000000e+00 0.000000000000000000e+00 0.000000000000000000e+00 0.000000000000000000e+00 0.000000000000000000e+00 0.000000000000000000e+00 0.000000000000000000e+00 0.000000000000000000e+00 0.000000000000000000e+00 0.000000000000000000e+00 0.000000000000000000e+00 0.000000000000000000e+00 0.000000000000000000e+00 0.000000000000000000e+00 0.000000000000000000e+00 0.000000000000000000e+00 0.000000000000000000e+00
0.000000000000000000e+00 4.931506849315068358e-03 1.643835616438356264e-03 1.260273972602739788e-02 5.479452054794520591e-03 0.000000000000000000e+00 3.425830763960260438e-04 1.095461658841940470e-03 0.000000000000000000e+00 2.172351885098743329e-01 0.000000000000000000e+00 3.694126339120797900e-04 1.634521085322000657e-04 1.662234042553191449e-04 0.000000000000000000e+00 9.196675900277008486e-02 0.000000000000000000e+00 1.958096729978460861e-04 0.000000000000000000e+00 0.000000000000000000e+00 3.745318352059925134e-03 3.989361702127659261e-03 1.276906238599051502e-03 2.254156100309946328e-02 1.154734411085450371e-02 1.550695825049701881e-01 1.071811361200428712e-03 1.496410822749862091e-01 0.000000000000000000e+00 2.326783867631851150e-03 1.124949779027721933e-02 1.246943765281173511e-02 0.000000000000000000e+00 0.000000000000000000e+00 0.000000000000000000e+00 5.605381165919282429e-04 0.000000000000000000e+00 2.619172341540073473e-04 0.000000000000000000e+00 0.000000000000000000e+00 0.000000000000000000e+00 0.000000000000000000e+00 0.000000000000000000e+00 9.837678307919330803e-05 0.000000000000000000e+00 0.000000000000000000e+00 0.000000000000000000e+00 2.838087129274868793e-04 0.000000000000000000e+00 0.000000000000000000e+00 0.000000000000000000e+00 2.224199288256227644e-04 0.000000000000000000e+00 0.000000000000000000e+00 0.000000000000000000e+00 1.377600220416035233e-04 0.000000000000000000e+00 1.183572020357438802e-04 0.000000000000000000e+00 0.000000000000000000e+00 0.000000000000000000e+00 0.000000000000000000e+00 0.000000000000000000e+00 0.000000000000000000e+00 0.000000000000000000e+00 0.000000000000000000e+00 0.000000000000000000e+00 1.392563709789722964e-04 0.000000000000000000e+00 0.000000000000000000e+00 2.299841885870346214e-03 4.540251812285387573e-02 0.000000000000000000e+00 2.663502109704641435e-02 0.000000000000000000e+00 2.405291641611545517e-03 0.000000000000000000e+00 1.790510295434198738e-03 0.000000000000000000e+00 0.000000000000000000e+00 0.000000000000000000e+00 3.396739130434782514e-04 0.000000000000000000e+00 0.000000000000000000e+00 0.000000000000000000e+00 6.324539212143114823e-04 0.000000000000000000e+00 0.000000000000000000e+00 0.000000000000000000e+00 3.240440699935191217e-04 0.000000000000000000e+00 0.000000000000000000e+00 0.000000000000000000e+00 0.000000000000000000e+00 0.000000000000000000e+00 0.000000000000000000e+00 0.000000000000000000e+00 0.000000000000000000e+00 0.000000000000000000e+00 0.000000000000000000e+00 0.000000000000000000e+00 0.000000000000000000e+00 0.000000000000000000e+00 0.000000000000000000e+00 0.000000000000000000e+00 0.000000000000000000e+00 0.000000000000000000e+00 0.000000000000000000e+00 0.000000000000000000e+00 0.000000000000000000e+00 0.000000000000000000e+00 0.000000000000000000e+00 0.000000000000000000e+00 0.000000000000000000e+00 0.000000000000000000e+00 0.000000000000000000e+00
1.085988352175402544e-01 1.884206920178143133e-03 2.663583418979102446e-01 3.768413840356286265e-03 2.380952380952380820e-02 3.425830763960260438e-04 0.000000000000000000e+00 6.885758998435054755e-03 5.629013978088402009e-02 1.795332136445242435e-03 5.639797818568768190e-02 2.031769486516438791e-03 1.560967636482510634e-01 2.825797872340425707e-03 6.862745098039215591e-03 8.310249307479223961e-04 5.376344086021505805e-03 5.874290189935382853e-04 6.793678924826465453e-03 3.213780691605604665e-03 0.000000000000000000e+00 0.000000000000000000e+00 1.058008026267785555e-02 1.972386587771203254e-03 1.539645881447267032e-03 6.626905235255135893e-04 5.359056806002143562e-04 0.000000000000000000e+00 1.189450094811239471e-02 1.034126163391933893e-03 3.214142225793491237e-03 7.334963325183374051e-03 2.618780396558174125e-03 4.900113079532604672e-03 9.532888465204956800e-04 0.000000000000000000e+00 3.343363423604145922e-03 0.000000000000000000e+00 0.000000000000000000e+00 0.000000000000000000e+00 0.000000000000000000e+00 0.000000000000000000e+00 0.000000000000000000e+00 0.000000000000000000e+00 2.405002405002405091e-04 0.000000000000000000e+00 0.000000000000000000e+00 0.000000000000000000e+00 2.594370216629913149e-03 0.000000000000000000e+00 1.289647960962007726e-02 0.000000000000000000e+00 7.352941176470588133e-04 0.000000000000000000e+00 1.630730204747236900e-03 0.000000000000000000e+00 2.421014405035709811e-03 2.367144040714877604e-04 3.815046543567831693e-03 0.000000000000000000e+00 5.719091673675357618e-03 0.000000000000000000e+00 1.480019733596447864e-03 0.000000000000000000e+00 1.137171286425017747e-02 1.477323090559905445e-04 1.222493887530562342e-03 1.392563709789722964e-04 2.538715410002538955e-04 0.000000000000000000e+00 1.066551674572373126e-01 0.000000000000000000e+00 2.216624685138538983e-02 1.450421940928270110e-03 1.485884101040118796e-03 0.000000000000000000e+00 2.211752388430833494e-02 1.074306177260519329e-03 0.000000000000000000e+00 0.000000000000000000e+00 1.486199575371549998e-03 0.000000000000000000e+00 1.757469244288224850e-03 0.000000000000000000e+00 1.967732910566073051e-02 0.000000000000000000e+00 1.925545571245186214e-03 0.000000000000000000e+00 9.743698368989620398e-03 0.000000000000000000e+00 0.000000000000000000e+00 0.000000000000000000e+00 0.000000000000000000e+00 0.000000000000000000e+00 1.157407407407407343e-02 0.000000000000000000e+00 0.000000000000000000e+00 0.000000000000000000e+00 0.000000000000000000e+00 0.000000000000000000e+00 0.000000000000000000e+00 0.000000000000000000e+00 0.000000000000000000e+00 6.377551020408162756e-04 0.000000000000000000e+00 0.000000000000000000e+00 0.000000000000000000e+00 0.000000000000000000e+00 0.000000000000000000e+00 0.000000000000000000e+00 0.000000000000000000e+00 0.000000000000000000e+00 0.000000000000000000e+00 0.000000000000000000e+00 0.000000000000000000e+00 0.000000000000000000e+00
2.190923317683880940e-03 1.532081377151799650e-01 9.546165884194053597e-03 1.981220657276995256e-01 0.000000000000000000e+00 1.095461658841940470e-03 6.885758998435054755e-03 0.000000000000000000e+00 3.777861730260672333e-04 6.463195691202872073e-02 1.064112795956371430e-03 8.034724787587735340e-02 8.172605426610003287e-04 2.358710106382978788e-01 7.352941176470588133e-04 3.462603878116343736e-02 0.000000000000000000e+00 1.096534168787938190e-02 7.679810958499483364e-03 8.741483481167244482e-03 0.000000000000000000e+00 0.000000000000000000e+00 1.422838380153228742e-02 1.577909270216962603e-02 7.698229407236335158e-04 0.000000000000000000e+00 0.000000000000000000e+00 0.000000000000000000e+00 3.447681434235476861e-04 1.758014477766287401e-02 1.687424668541583073e-02 6.112469437652812143e-03 4.676393565282454569e-03 9.046362608367886082e-03 4.766444232602478400e-04 5.605381165919282429e-04 0.000000000000000000e+00 4.452592980618124904e-03 0.000000000000000000e+00 0.000000000000000000e+00 0.000000000000000000e+00 0.000000000000000000e+00 0.000000000000000000e+00 1.967535661583866161e-04 0.000000000000000000e+00 3.670987725134793912e-03 0.000000000000000000e+00 0.000000000000000000e+00 0.000000000000000000e+00 1.054814280562567548e-02 8.713837574067619443e-05 1.297449584816132845e-02 0.000000000000000000e+00 5.670005670005669532e-04 0.000000000000000000e+00 1.928640308582449435e-03 0.000000000000000000e+00 3.314001657000828320e-03 0.000000000000000000e+00 6.800464421960523802e-03 0.000000000000000000e+00 8.592592592592592643e-03 0.000000000000000000e+00 2.035416242621616335e-03 0.000000000000000000e+00 1.373910474220712066e-02 4.701899567425239985e-04 5.988023952095808747e-03 0.000000000000000000e+00 2.032061413411605233e-03 1.437401178668966384e-04 5.971003433803891841e-02 6.297229219143576657e-04 2.399789029535864815e-02 0.000000000000000000e+00 6.013229104028863792e-04 1.308729223923570236e-04 1.432408236347358990e-02 0.000000000000000000e+00 0.000000000000000000e+00 0.000000000000000000e+00 4.415760869565217052e-03 0.000000000000000000e+00 0.000000000000000000e+00 0.000000000000000000e+00 1.535959522949042338e-02 0.000000000000000000e+00 1.194743130227001121e-03 0.000000000000000000e+00 3.240440699935191217e-03 0.000000000000000000e+00 0.000000000000000000e+00 0.000000000000000000e+00 1.937984496124030981e-03 0.000000000000000000e+00 0.000000000000000000e+00 0.000000000000000000e+00 0.000000000000000000e+00 0.000000000000000000e+00 0.000000000000000000e+00 0.000000000000000000e+00 0.000000000000000000e+00 0.000000000000000000e+00 0.000000000000000000e+00 0.000000000000000000e+00 5.141388174807197571e-04 0.000000000000000000e+00 0.000000000000000000e+00 0.000000000000000000e+00 0.000000000000000000e+00 0.000000000000000000e+00 0.000000000000000000e+00 0.000000000000000000e+00 0.000000000000000000e+00 0.000000000000000000e+00 0.000000000000000000e+00
4.911220249338874196e-03 0.000000000000000000e+00 2.115602568945976550e-02 7.555723460521344666e-04 3.713638080846241030e-01 0.000000000000000000e+00 5.629013978088402009e-02 3.777861730260672333e-04 0.000000000000000000e+00 1.795332136445242435e-03 1.330140994945464179e-03 0.000000000000000000e+00 1.520104609349460546e-02 0.000000000000000000e+00 1.882352941176470562e-01 1.662049861495844792e-03 6.720430107526882257e-04 0.000000000000000000e+00 5.907546891153448408e-04 0.000000000000000000e+00 0.000000000000000000e+00 0.000000000000000000e+00 2.006566946369938136e-03 2.817695125387432910e-04 3.849114703618167904e-03 0.000000000000000000e+00 2.679528403001071868e-02 0.000000000000000000e+00 4.654369936217893355e-03 0.000000000000000000e+00 4.017677782241864046e-04 1.711491442542787235e-03 0.000000000000000000e+00 0.000000000000000000e+00 0.000000000000000000e+00 0.000000000000000000e+00 3.343363423604145596e-04 0.000000000000000000e+00 0.000000000000000000e+00 0.000000000000000000e+00 0.000000000000000000e+00 0.000000000000000000e+00 6.926406926406926401e-04 0.000000000000000000e+00 0.000000000000000000e+00 0.000000000000000000e+00 0.000000000000000000e+00 0.000000000000000000e+00 0.000000000000000000e+00 0.000000000000000000e+00 2.614151272220285697e-04 0.000000000000000000e+00 0.000000000000000000e+00 0.000000000000000000e+00 0.000000000000000000e+00 0.000000000000000000e+00 1.210507202517855014e-04 0.000000000000000000e+00 6.104074469708530015e-04 0.000000000000000000e+00 1.682085786375105054e-03 0.000000000000000000e+00 9.866798223976320538e-04 0.000000000000000000e+00 1.421464108031272183e-03 0.000000000000000000e+00 1.880759826970095994e-04 0.000000000000000000e+00 2.538715410002538955e-04 0.000000000000000000e+00 1.336783096162138910e-02 0.000000000000000000e+00 2.770780856423173816e-02 1.318565400843881746e-04 6.686478454680534582e-03 0.000000000000000000e+00 8.114121188326136117e-03 1.790510295434198792e-04 2.000000000000000042e-03 0.000000000000000000e+00 1.486199575371549998e-03 0.000000000000000000e+00 1.757469244288224850e-03 0.000000000000000000e+00 1.958407162174764619e-03 0.000000000000000000e+00 6.418485237483953325e-04 0.000000000000000000e+00 1.059097648803219646e-03 0.000000000000000000e+00 0.000000000000000000e+00 0.000000000000000000e+00 0.000000000000000000e+00 0.000000000000000000e+00 4.629629629629629373e-03 0.000000000000000000e+00 0.000000000000000000e+00 0.000000000000000000e+00 0.000000000000000000e+00 0.000000000000000000e+00 0.000000000000000000e+00 0.000000000000000000e+00 0.000000000000000000e+00 0.000000000000000000e+00 0.000000000000000000e+00 0.000000000000000000e+00 0.000000000000000000e+00 0.000000000000000000e+00 0.000000000000000000e+00 0.000000000000000000e+00 0.000000000000000000e+00 0.000000000000000000e+00 0.000000000000000000e+00 0.000000000000000000e+00 0.000000000000000000e+00 0.000000000000000000e+00
0.000000000000000000e+00 1.346499102333931740e-02 4.488330341113106088e-03 1.526032315978455983e-02 2.692998204667863653e-03 2.172351885098743329e-01 1.795332136445242435e-03 6.463195691202872073e-02 1.795332136445242435e-03 0.000000000000000000e+00 0.000000000000000000e+00 7.388252678241596233e-03 3.269042170644001315e-04 9.308510638297871898e-03 0.000000000000000000e+00 1.030470914127423754e-01 0.000000000000000000e+00 1.958096729978460861e-04 0.000000000000000000e+00 2.571024553284483863e-04 0.000000000000000000e+00 0.000000000000000000e+00 3.830718715797154506e-03 1.408847562693716455e-03 2.309468822170900656e-03 2.650762094102054357e-03 1.071811361200428712e-03 5.521811154058531724e-04 0.000000000000000000e+00 1.034126163391933893e-03 1.165126556850140660e-02 1.466992665036674897e-03 1.870557426112981556e-04 0.000000000000000000e+00 0.000000000000000000e+00 0.000000000000000000e+00 0.000000000000000000e+00 5.238344683080146946e-04 0.000000000000000000e+00 0.000000000000000000e+00 0.000000000000000000e+00 0.000000000000000000e+00 0.000000000000000000e+00 0.000000000000000000e+00 0.000000000000000000e+00 1.147183664104623098e-04 0.000000000000000000e+00 1.419043564637434396e-04 0.000000000000000000e+00 3.606202668589974917e-04 0.000000000000000000e+00 6.672597864768683475e-04 0.000000000000000000e+00 1.890001890001889934e-04 0.000000000000000000e+00 0.000000000000000000e+00 0.000000000000000000e+00 1.183572020357438802e-04 0.000000000000000000e+00 0.000000000000000000e+00 0.000000000000000000e+00 2.962962962962962924e-04 0.000000000000000000e+00 2.035416242621616119e-04 0.000000000000000000e+00 1.477323090559905445e-04 0.000000000000000000e+00 0.000000000000000000e+00 0.000000000000000000e+00 4.515692029803567245e-04 0.000000000000000000e+00 6.486074017550553551e-03 0.000000000000000000e+00 1.424050632911392361e-02 0.000000000000000000e+00 0.000000000000000000e+00 1.308729223923570236e-04 2.685765443151298323e-03 0.000000000000000000e+00 0.000000000000000000e+00 0.000000000000000000e+00 2.038043478260869509e-03 0.000000000000000000e+00 0.000000000000000000e+00 0.000000000000000000e+00 1.535959522949042295e-03 0.000000000000000000e+00 1.194743130227001121e-03 0.000000000000000000e+00 1.620220349967595608e-04 0.000000000000000000e+00 0.000000000000000000e+00 0.000000000000000000e+00 0.000000000000000000e+00 0.000000000000000000e+00 0.000000000000000000e+00 0.000000000000000000e+00 0.000000000000000000e+00 0.000000000000000000e+00 0.000000000000000000e+00 0.000000000000000000e+00 0.000000000000000000e+00 0.000000000000000000e+00 0.000000000000000000e+00 0.000000000000000000e+00 0.000000000000000000e+00 0.000000000000000000e+00 0.000000000000000000e+00 0.000000000000000000e+00 0.000000000000000000e+00 0.000000000000000000e+00 0.000000000000000000e+00 0.000000000000000000e+00 0.000000000000000000e+00 0.000000000000000000e+00 0.000000000000000000e+00
2.104283054003724396e-01 2.660281989890928575e-04 5.932428837456770604e-02 0.000000000000000000e+00 5.320563979781857151e-04 0.000000000000000000e+00 5.639797818568768190e-02 1.064112795956371430e-03 1.330140994945464179e-03 0.000000000000000000e+00 0.000000000000000000e+00 0.000000000000000000e+00 2.129780974174566854e-01 0.000000000000000000e+00 1.004901960784313798e-02 0.000000000000000000e+00 2.486559139784946110e-02 0.000000000000000000e+00 1.772264067346034436e-02 0.000000000000000000e+00 0.000000000000000000e+00 0.000000000000000000e+00 4.195549069682597172e-03 2.817695125387432910e-04 7.698229407236335158e-04 0.000000000000000000e+00 0.000000000000000000e+00 0.000000000000000000e+00 2.878813997586622889e-02 2.585315408479834732e-04 1.205303334672559214e-03 2.444987775061124467e-04 2.057613168724280010e-03 5.025757004648824999e-04 0.000000000000000000e+00 0.000000000000000000e+00 0.000000000000000000e+00 0.000000000000000000e+00 0.000000000000000000e+00 0.000000000000000000e+00 0.000000000000000000e+00 0.000000000000000000e+00 0.000000000000000000e+00 0.000000000000000000e+00 2.405002405002405091e-04 0.000000000000000000e+00 0.000000000000000000e+00 0.000000000000000000e+00 5.188740433259825648e-04 0.000000000000000000e+00 3.834088532589752501e-03 0.000000000000000000e+00 0.000000000000000000e+00 0.000000000000000000e+00 0.000000000000000000e+00 0.000000000000000000e+00 2.178912964532138917e-03 1.183572020357438802e-04 1.678620479169845971e-03 0.000000000000000000e+00 2.203532380151387859e-02 0.000000000000000000e+00 1.085347804637395129e-02 0.000000000000000000e+00 1.610992655768775025e-02 0.000000000000000000e+00 1.128455896182057596e-03 0.000000000000000000e+00 0.000000000000000000e+00 0.000000000000000000e+00 2.874802357337933115e-02 0.000000000000000000e+00 2.644836272040302413e-03 0.000000000000000000e+00 0.000000000000000000e+00 0.000000000000000000e+00 5.234916895694280946e-03 0.000000000000000000e+00 0.000000000000000000e+00 0.000000000000000000e+00 3.821656050955414032e-03 0.000000000000000000e+00 0.000000000000000000e+00 0.000000000000000000e+00 9.139233423482233734e-03 0.000000000000000000e+00 0.000000000000000000e+00 0.000000000000000000e+00 4.236390595212878585e-03 0.000000000000000000e+00 0.000000000000000000e+00 0.000000000000000000e+00 0.000000000000000000e+00 0.000000000000000000e+00 4.629629629629629373e-03 0.000000000000000000e+00 0.000000000000000000e+00 0.000000000000000000e+00 0.000000000000000000e+00 0.000000000000000000e+00 0.000000000000000000e+00 0.000000000000000000e+00 0.000000000000000000e+00 0.000000000000000000e+00 3.728560775540641051e-04 0.000000000000000000e+00 0.000000000000000000e+00 0.000000000000000000e+00 0.000000000000000000e+00 0.000000000000000000e+00 0.000000000000000000e+00 0.000000000000000000e+00 0.000000000000000000e+00 0.000000000000000000e+00 0.000000000000000000e+00 0.000000000000000000e+00
5.541189508681197392e-04 1.396379756187661747e-01 3.324713705208718218e-03 4.783893609161433275e-02 1.847063169560398950e-04 3.694126339120797900e-04 2.031769486516438791e-03 8.034724787587735340e-02 0.000000000000000000e+00 7.388252678241596233e-03 0.000000000000000000e+00 0.000000000000000000e+00 1.634521085322000657e-04 3.068484042553191737e-01 0.000000000000000000e+00 4.127423822714681306e-02 0.000000000000000000e+00 6.422557274329351862e-02 1.772264067346034522e-03 2.133950379226121769e-02 0.000000000000000000e+00 0.000000000000000000e+00 2.918642831083546104e-03 1.408847562693716499e-02 0.000000000000000000e+00 0.000000000000000000e+00 0.000000000000000000e+00 0.000000000000000000e+00 0.000000000000000000e+00 9.255429162357807493e-02 2.410606669345118427e-03 4.645476772616136812e-03 9.352787130564908053e-04 2.450056539766302249e-02 0.000000000000000000e+00 1.121076233183856486e-03 0.000000000000000000e+00 1.047668936616029389e-03 0.000000000000000000e+00 0.000000000000000000e+00 0.000000000000000000e+00 0.000000000000000000e+00 0.000000000000000000e+00 0.000000000000000000e+00 0.000000000000000000e+00 3.441550992313869564e-04 0.000000000000000000e+00 0.000000000000000000e+00 0.000000000000000000e+00 1.352326000721240607e-03 0.000000000000000000e+00 1.556939501779359405e-03 0.000000000000000000e+00 0.000000000000000000e+00 0.000000000000000000e+00 8.265601322496211401e-04 1.210507202517855014e-04 2.130429636643389572e-03 0.000000000000000000e+00 2.487974788522142981e-03 1.682085786375105054e-04 7.111111111111111452e-03 0.000000000000000000e+00 1.078770608589456510e-02 0.000000000000000000e+00 1.285271088787117745e-02 0.000000000000000000e+00 1.671076451747667557e-03 0.000000000000000000e+00 4.515692029803567245e-04 1.437401178668966384e-04 1.812285387256772073e-02 0.000000000000000000e+00 6.592827004219409433e-03 0.000000000000000000e+00 0.000000000000000000e+00 0.000000000000000000e+00 6.266786034019695799e-03 0.000000000000000000e+00 6.756756756756757132e-03 0.000000000000000000e+00 2.105978260869565202e-02 0.000000000000000000e+00 0.000000000000000000e+00 0.000000000000000000e+00 1.870256595590892579e-02 0.000000000000000000e+00 0.000000000000000000e+00 0.000000000000000000e+00 3.564484769928710339e-03 0.000000000000000000e+00 0.000000000000000000e+00 0.000000000000000000e+00 0.000000000000000000e+00 0.000000000000000000e+00 0.000000000000000000e+00 0.000000000000000000e+00 0.000000000000000000e+00 0.000000000000000000e+00 0.000000000000000000e+00 0.000000000000000000e+00 0.000000000000000000e+00 0.000000000000000000e+00 0.000000000000000000e+00 0.000000000000000000e+00 0.000000000000000000e+00 0.000000000000000000e+00 0.000000000000000000e+00 0.000000000000000000e+00 0.000000000000000000e+00 0.000000000000000000e+00 0.000000000000000000e+00 0.000000000000000000e+00 0.000000000000000000e+00 0.000000000000000000e+00 0.000000000000000000e+00
3.121935272965021407e-02 0.000000000000000000e+00 5.802549852893102572e-02 8.172605426610003287e-04 2.778685845047400901e-03 1.634521085322000657e-04 1.560967636482510634e-01 8.172605426610003287e-04 1.520104609349460546e-02 3.269042170644001315e-04 2.129780974174566854e-01 1.634521085322000657e-04 0.000000000000000000e+00 3.324468085106382898e-04 2.892156862745098311e-01 2.770083102493075015e-04 4.256272401433692024e-03 0.000000000000000000e+00 5.169103529759267249e-03 0.000000000000000000e+00 0.000000000000000000e+00 0.000000000000000000e+00 1.404596862458956652e-02 1.127078050154973164e-03 1.539645881447267032e-03 0.000000000000000000e+00 0.000000000000000000e+00 0.000000000000000000e+00 8.912256507498707292e-02 0.000000000000000000e+00 3.615910004017677641e-03 1.711491442542787235e-03 1.683501683501683428e-03 5.025757004648824999e-04 0.000000000000000000e+00 5.605381165919282429e-04 4.012036108324974933e-03 0.000000000000000000e+00 0.000000000000000000e+00 0.000000000000000000e+00 0.000000000000000000e+00 0.000000000000000000e+00 0.000000000000000000e+00 0.000000000000000000e+00 0.000000000000000000e+00 0.000000000000000000e+00 0.000000000000000000e+00 0.000000000000000000e+00 2.594370216629912824e-04 0.000000000000000000e+00 3.049843150923666792e-03 0.000000000000000000e+00 0.000000000000000000e+00 0.000000000000000000e+00 0.000000000000000000e+00 0.000000000000000000e+00 2.784166565791066587e-03 2.367144040714877604e-04 1.068213032198992753e-03 0.000000000000000000e+00 1.497056349873843520e-02 0.000000000000000000e+00 1.085347804637395129e-02 0.000000000000000000e+00 1.350390902629708574e-02 0.000000000000000000e+00 1.128455896182057596e-03 0.000000000000000000e+00 2.284843869002285005e-03 0.000000000000000000e+00 6.065832973983038834e-02 1.907668828691339296e-04 2.418136020151133436e-02 1.318565400843881746e-04 1.485884101040118796e-03 0.000000000000000000e+00 3.245648475330454447e-02 3.581020590868397584e-04 2.000000000000000042e-03 0.000000000000000000e+00 7.643312101910828063e-03 0.000000000000000000e+00 0.000000000000000000e+00 0.000000000000000000e+00 9.045975939569151150e-03 0.000000000000000000e+00 6.418485237483953325e-04 0.000000000000000000e+00 4.024571065452235002e-03 0.000000000000000000e+00 0.000000000000000000e+00 1.021450459652706875e-03 0.000000000000000000e+00 0.000000000000000000e+00 9.259259259259258745e-03 0.000000000000000000e+00 0.000000000000000000e+00 0.000000000000000000e+00 0.000000000000000000e+00 0.000000000000000000e+00 0.000000000000000000e+00 5.494505494505494934e-03 0.000000000000000000e+00 3.188775510204081378e-04 7.457121551081282102e-04 0.000000000000000000e+00 0.000000000000000000e+00 0.000000000000000000e+00 0.000000000000000000e+00 0.000000000000000000e+00 0.000000000000000000e+00 0.000000000000000000e+00 0.000000000000000000e+00 0.000000000000000000e+00 0.000000000000000000e+00 0.000000000000000000e+00
