0.000000000000000000e+00 2.294820717131474189e-02 5.887506570877869272e-02 8.690198889087976525e-03 9.085402786190188056e-04 0.000000000000000000e+00 1.323084895068658839e-01 5.381526104417670882e-03 5.535055350553505157e-03 0.000000000000000000e+00 2.809388335704124939e-01 5.508630187293426898e-04 2.281588447653429622e-02 6.092360180333861782e-04 3.116883116883116880e-03 0.000000000000000000e+00 8.689483951055151922e-02 2.299983571545917600e-03 3.387894937190712163e-02 3.216336949585194699e-02 3.977724741447891989e-04 0.000000000000000000e+00 1.292323597828896366e-03 1.803426510369702347e-03 0.000000000000000000e+00 0.000000000000000000e+00 0.000000000000000000e+00 0.000000000000000000e+00 3.104152484683458252e-02 2.451581269919097584e-04 8.302200083022000764e-04 2.181025081788440505e-04 1.411960132890365503e-02 3.074295473953885666e-02 0.000000000000000000e+00 0.000000000000000000e+00 5.639165911151405169e-02 1.778093883357041336e-04 9.915014164305948827e-03 0.000000000000000000e+00 1.658374792703150953e-03 0.000000000000000000e+00 0.000000000000000000e+00 0.000000000000000000e+00 4.261969029691717618e-04 0.000000000000000000e+00 0.000000000000000000e+00 0.000000000000000000e+00 3.141196795979267920e-03 1.214919207872676470e-04 2.521613832853026108e-02 0.000000000000000000e+00 1.312766655726944464e-03 0.000000000000000000e+00 3.891738899699274772e-03 0.000000000000000000e+00 2.379035570524932197e-01 7.575757575757575751e-04 3.414465336255623207e-02 0.000000000000000000e+00 6.881968473663975516e-02 0.000000000000000000e+00 5.557842733635240569e-03 0.000000000000000000e+00 3.604415408875873139e-02 3.087372645878357536e-04 5.883506569915669497e-03 0.000000000000000000e+00 8.098591549295774961e-02 4.444444444444444441e-03 9.216469770674079465e-02 2.171146215467544948e-03 5.170594442490326903e-02 1.172457898102749951e-03 0.000000000000000000e+00 0.000000000000000000e+00 5.601816805450416520e-02 5.952380952380952918e-04 2.194586686174103754e-03 0.000000000000000000e+00 6.966773847802787065e-03 0.000000000000000000e+00 0.000000000000000000e+00 0.000000000000000000e+00 2.412017772762536233e-02 0.000000000000000000e+00 2.800336040324839229e-04 0.000000000000000000e+00 2.399520095980803985e-02 0.000000000000000000e+00 3.300330033003300370e-03 4.008016032064128250e-04 2.310002310002309920e-04 0.000000000000000000e+00 1.687116564417177889e-02 0.000000000000000000e+00 6.184291898577613323e-04 0.000000000000000000e+00 0.000000000000000000e+00 0.000000000000000000e+00 0.000000000000000000e+00 2.283105022831050102e-03 1.355013550135501354e-03 8.683068017366136256e-04 9.226037929267042956e-03 0.000000000000000000e+00 0.000000000000000000e+00 0.000000000000000000e+00 0.000000000000000000e+00 0.000000000000000000e+00 1.082251082251082250e-03 0.000000000000000000e+00 0.000000000000000000e+00 0.000000000000000000e+00 0.000000000000000000e+00 0.000000000000000000e+00
2.294820717131474189e-02 0.000000000000000000e+00 2.891186262484668132e-03 4.999104103207310801e-02 0.000000000000000000e+00 0.000000000000000000e+00 2.072717851282494111e-03 1.589558232931727044e-01 0.000000000000000000e+00 1.914791766395404493e-03 0.000000000000000000e+00 1.415717958134410648e-01 1.444043321299639073e-04 2.351651029608870305e-02 0.000000000000000000e+00 9.238484888478289787e-04 1.950700478808299306e-03 3.548546081813701292e-02 2.080954193630249818e-02 3.126994256541161532e-02 0.000000000000000000e+00 0.000000000000000000e+00 1.292323597828896366e-04 5.410279531109107474e-04 0.000000000000000000e+00 0.000000000000000000e+00 0.000000000000000000e+00 0.000000000000000000e+00 1.361470388019060608e-04 2.145133611179210475e-02 0.000000000000000000e+00 2.181025081788440505e-04 1.924141749723145070e-02 1.729291204099060730e-02 0.000000000000000000e+00 0.000000000000000000e+00 2.357207615593835074e-03 8.499288762446657874e-02 4.721435316336166418e-04 8.005336891260841220e-03 1.658374792703150953e-03 0.000000000000000000e+00 0.000000000000000000e+00 1.086012163336229304e-04 1.420656343230572449e-04 1.486084841934612235e-03 1.449065352847413483e-04 1.257861635220125724e-04 4.711795193968901989e-04 6.682055643299720897e-03 1.601024655779698872e-04 7.059916395726892509e-03 0.000000000000000000e+00 4.303851947493006502e-04 1.768972227136033889e-04 1.334519572953736695e-03 4.518196007557710031e-03 2.641098484848484751e-01 5.767677932864229357e-04 4.524886877828054182e-02 5.126233499935921875e-04 4.472618418735693074e-02 4.116920543433511773e-04 1.235902981615943225e-02 2.252759630547420604e-04 5.464649583204692768e-02 1.666993528142773082e-03 6.935464911249559009e-03 3.446997776130467095e-02 7.812865497076022792e-02 1.389854065323141040e-03 7.441790821292205982e-02 1.289717434634775556e-03 4.050309102536772676e-02 0.000000000000000000e+00 3.100775193798449569e-03 1.665404996214988644e-03 6.488095238095238637e-02 0.000000000000000000e+00 1.067235859124866662e-03 0.000000000000000000e+00 7.883173946756267397e-03 0.000000000000000000e+00 5.359056806002143562e-04 0.000000000000000000e+00 1.569376401228929699e-02 0.000000000000000000e+00 8.435259384226064666e-04 0.000000000000000000e+00 2.660653889515219792e-02 1.178689297501178766e-03 8.416833667334668728e-03 9.240009240009239679e-04 5.649717514124293766e-03 6.134969325153374377e-03 4.222648752399232180e-02 6.184291898577613323e-04 3.649635036496350245e-03 0.000000000000000000e+00 4.219409282700421586e-03 0.000000000000000000e+00 0.000000000000000000e+00 8.130081300813008123e-04 4.052098408104196775e-03 1.025115325474115812e-03 2.100210021002100157e-03 0.000000000000000000e+00 2.358490566037735759e-03 1.499999999999999944e-01 0.000000000000000000e+00 1.082251082251082250e-03 0.000000000000000000e+00 0.000000000000000000e+00 3.886010362694300446e-03 0.000000000000000000e+00 0.000000000000000000e+00
5.887506570877869272e-02 2.891186262484668132e-03 0.000000000000000000e+00 5.285791076867944922e-03 1.056935190793458490e-01 4.672117470382112538e-03 3.190258226098972028e-01 5.301204819277108293e-03 6.365313653136531191e-02 2.872187649593106740e-03 3.105737316263632031e-02 9.181050312155710413e-04 7.234657039711191173e-02 1.584013646886803890e-03 2.805194805194805366e-02 6.598917777484492085e-04 1.684695868061713078e-02 4.928536224741252155e-04 1.026519477223702542e-01 7.913209955328653900e-03 1.988862370723945994e-03 0.000000000000000000e+00 1.646420263634013892e-01 6.311992786293958539e-03 5.876039710222698970e-02 6.270378730875344683e-03 2.210132607956477244e-02 5.583472920156337324e-04 2.981620149761742694e-02 2.451581269919097584e-04 2.760481527604815438e-02 2.093784078516902972e-02 1.024363233665559307e-02 1.003415883859948808e-02 1.435406698564593289e-03 0.000000000000000000e+00 1.432456935630099792e-02 3.556187766714082672e-04 1.416430594900849925e-03 0.000000000000000000e+00 0.000000000000000000e+00 0.000000000000000000e+00 0.000000000000000000e+00 0.000000000000000000e+00 1.136525074584457959e-03 1.350986219940556528e-04 4.347196058542240177e-04 0.000000000000000000e+00 2.198837757185487848e-03 0.000000000000000000e+00 8.405379442843419202e-03 9.289363678588016316e-05 1.312766655726944464e-03 0.000000000000000000e+00 1.238280558995223830e-03 0.000000000000000000e+00 3.778854842684629869e-03 2.840909090909090771e-04 5.190910139577805879e-03 1.560305819940708378e-04 2.178649237472767095e-03 1.760873393203028769e-04 1.646768217373404709e-03 0.000000000000000000e+00 2.252759630547420712e-03 0.000000000000000000e+00 7.746616983722298504e-03 1.175502527330433804e-04 4.447739065974795972e-03 0.000000000000000000e+00 5.003474635163308176e-02 1.796810661076589117e-03 8.523859772540742785e-02 1.918567469622681817e-03 4.824561403508771662e-02 0.000000000000000000e+00 5.556396669190007825e-02 1.339285714285714298e-03 0.000000000000000000e+00 0.000000000000000000e+00 1.286173633440514498e-03 0.000000000000000000e+00 0.000000000000000000e+00 0.000000000000000000e+00 3.667395443966429101e-03 8.303578842481109496e-05 0.000000000000000000e+00 0.000000000000000000e+00 3.299340131973605220e-03 0.000000000000000000e+00 1.650165016501650185e-03 4.008016032064128250e-04 9.240009240009239679e-04 1.129943502824858797e-03 1.226993865030674875e-02 1.919385796545105497e-03 0.000000000000000000e+00 0.000000000000000000e+00 0.000000000000000000e+00 1.406469760900140673e-03 0.000000000000000000e+00 0.000000000000000000e+00 2.710027100271002708e-04 5.788712011577423809e-04 2.562788313685289421e-03 3.000300030003000534e-04 0.000000000000000000e+00 0.000000000000000000e+00 0.000000000000000000e+00 0.000000000000000000e+00 0.000000000000000000e+00 1.865671641791044741e-03 0.000000000000000000e+00 0.000000000000000000e+00 0.000000000000000000e+00 0.000000000000000000e+00
8.690198889087976525e-03 4.999104103207310801e-02 5.285791076867944922e-03 0.000000000000000000e+00 9.085402786190188056e-04 3.270482229267478863e-02 6.822696260471543261e-03 2.554216867469879526e-01 1.537515375153751529e-03 9.095260890378171342e-03 1.896633475580844020e-03 2.882849798016893020e-02 4.043321299638988862e-03 3.168027293773607866e-02 7.792207792207792201e-04 8.578593110729840904e-03 1.950700478808299306e-03 2.201412847051092622e-02 1.154675802563126519e-02 1.238034460753031224e-01 0.000000000000000000e+00 0.000000000000000000e+00 1.473248901524941770e-02 1.587015329125338048e-01 1.341561577676415396e-03 8.778530223225482904e-03 6.800408024481469126e-04 5.304299274148520024e-03 5.445881552076242433e-04 1.985780828634469211e-02 1.784973017849730142e-02 1.853871319520174546e-02 8.028792912513842139e-03 2.049530315969257110e-02 0.000000000000000000e+00 1.035196687370600489e-03 3.626473254759746351e-04 2.524893314366998681e-02 4.721435316336166418e-04 1.667778519012675167e-02 0.000000000000000000e+00 0.000000000000000000e+00 0.000000000000000000e+00 1.086012163336229304e-04 1.420656343230572449e-04 4.323155903809780889e-03 0.000000000000000000e+00 1.257861635220125724e-04 0.000000000000000000e+00 1.214919207872676432e-02 0.000000000000000000e+00 1.096144914073386017e-02 0.000000000000000000e+00 2.151925973746503251e-04 0.000000000000000000e+00 1.482799525504151943e-04 4.107450915961554229e-04 1.306818181818181733e-02 0.000000000000000000e+00 5.897955999375877750e-02 0.000000000000000000e+00 6.867406233491812201e-03 2.058460271716755887e-04 9.269272362119573535e-04 0.000000000000000000e+00 1.234949058351342971e-02 3.922337713277113070e-04 2.539085459033737016e-02 1.667902149740548489e-03 1.567251461988303923e-02 1.389854065323141040e-03 4.080257542861420728e-02 1.055223355610270929e-03 9.592837348113408824e-02 0.000000000000000000e+00 2.170542635658914699e-02 1.362604087812263436e-03 8.229166666666666574e-02 0.000000000000000000e+00 1.067235859124866662e-03 1.071811361200428658e-04 9.046265184802274560e-04 0.000000000000000000e+00 0.000000000000000000e+00 0.000000000000000000e+00 1.079465249522544275e-03 0.000000000000000000e+00 0.000000000000000000e+00 1.499700059988002274e-04 2.367531003382187301e-03 4.714757190004714737e-04 3.206412825651302600e-03 0.000000000000000000e+00 2.259887005649717593e-03 4.601226993865030999e-03 5.566218809980805898e-02 1.236858379715522665e-03 1.216545012165450154e-03 6.747638326585694716e-04 1.406469760900140673e-03 1.654259718775847807e-03 2.283105022831050102e-03 5.420054200542005415e-04 3.473227206946454503e-03 5.125576627370579058e-04 1.500150015001500050e-03 7.331378299120234598e-04 7.861635220125786586e-04 1.666666666666666574e-01 0.000000000000000000e+00 1.082251082251082250e-03 0.000000000000000000e+00 2.352941176470588029e-03 1.295336787564766888e-03 1.958863858961802217e-03 0.000000000000000000e+00
9.085402786190188056e-04 0.000000000000000000e+00 1.056935190793458490e-01 9.085402786190188056e-04 0.000000000000000000e+00 1.835474720507258373e-03 7.427238967095604188e-03 0.000000000000000000e+00 2.659901599015990215e-01 9.573958831977022466e-04 7.112375533428165345e-04 0.000000000000000000e+00 4.332129963898916948e-03 1.218472036066772275e-04 1.454545454545454475e-01 9.238484888478289787e-04 3.546728143287817018e-04 0.000000000000000000e+00 6.344372541555640642e-04 0.000000000000000000e+00 5.767700875099442820e-02 0.000000000000000000e+00 1.602481261307831320e-02 1.983769161406672560e-03 7.942044539844378415e-02 4.514672686230247929e-03 7.072424345460727457e-02 2.791736460078168662e-04 4.901293396868617973e-03 1.225790634959548792e-04 7.264425072644250560e-03 2.399127589967284691e-03 9.689922480620154904e-04 0.000000000000000000e+00 0.000000000000000000e+00 0.000000000000000000e+00 3.626473254759746351e-04 0.000000000000000000e+00 0.000000000000000000e+00 0.000000000000000000e+00 0.000000000000000000e+00 0.000000000000000000e+00 0.000000000000000000e+00 0.000000000000000000e+00 0.000000000000000000e+00 0.000000000000000000e+00 0.000000000000000000e+00 0.000000000000000000e+00 0.000000000000000000e+00 0.000000000000000000e+00 8.005123278898494362e-05 0.000000000000000000e+00 0.000000000000000000e+00 0.000000000000000000e+00 0.000000000000000000e+00 0.000000000000000000e+00 0.000000000000000000e+00 0.000000000000000000e+00 1.153535586572845817e-04 0.000000000000000000e+00 0.000000000000000000e+00 0.000000000000000000e+00 8.233841086867023547e-04 0.000000000000000000e+00 2.252759630547420604e-04 0.000000000000000000e+00 1.961168856638556535e-04 0.000000000000000000e+00 0.000000000000000000e+00 0.000000000000000000e+00 2.180333564975677624e-02 3.743355543909560480e-04 2.110446711220541685e-02 0.000000000000000000e+00 4.385964912280701511e-03 0.000000000000000000e+00 3.936411809235427703e-03 0.000000000000000000e+00 0.000000000000000000e+00 0.000000000000000000e+00 0.000000000000000000e+00 0.000000000000000000e+00 0.000000000000000000e+00 0.000000000000000000e+00 1.410536709217857451e-04 0.000000000000000000e+00 0.000000000000000000e+00 0.000000000000000000e+00 2.999400119976004548e-04 0.000000000000000000e+00 2.357378595002357368e-04 0.000000000000000000e+00 0.000000000000000000e+00 0.000000000000000000e+00 0.000000000000000000e+00 0.000000000000000000e+00 0.000000000000000000e+00 0.000000000000000000e+00 0.000000000000000000e+00 0.000000000000000000e+00 0.000000000000000000e+00 0.000000000000000000e+00 0.000000000000000000e+00 0.000000000000000000e+00 5.125576627370579058e-04 0.000000000000000000e+00 0.000000000000000000e+00 0.000000000000000000e+00 0.000000000000000000e+00 0.000000000000000000e+00 0.000000000000000000e+00 0.000000000000000000e+00 0.000000000000000000e+00 0.000000000000000000e+00 0.000000000000000000e+00 0.000000000000000000e+00
0.000000000000000000e+00 0.000000000000000000e+00 4.672117470382112538e-03 3.270482229267478863e-02 1.835474720507258373e-03 0.000000000000000000e+00 1.468175144658433401e-03 4.016064257028112081e-03 1.230012300123001267e-03 3.324557204404021138e-01 0.000000000000000000e+00 1.836210062431142028e-04 3.176895306859205906e-03 5.483124162300474953e-03 2.597402597402597400e-04 1.484756499934010709e-01 0.000000000000000000e+00 1.642845408247083961e-04 0.000000000000000000e+00 1.021059349074664949e-03 1.153540175019888633e-02 6.815578465063000524e-02 1.253553889894029431e-02 4.797114517583408316e-02 1.180574188355245496e-02 1.983947830448959115e-01 2.040122407344440846e-03 1.356783919597989996e-01 0.000000000000000000e+00 1.998038734984064826e-02 1.701951017019510265e-02 1.134133042529989095e-02 0.000000000000000000e+00 1.921434671221178541e-03 0.000000000000000000e+00 5.175983436853002443e-04 0.000000000000000000e+00 1.778093883357041336e-04 0.000000000000000000e+00 0.000000000000000000e+00 0.000000000000000000e+00 0.000000000000000000e+00 0.000000000000000000e+00 0.000000000000000000e+00 0.000000000000000000e+00 0.000000000000000000e+00 0.000000000000000000e+00 0.000000000000000000e+00 0.000000000000000000e+00 1.214919207872676470e-04 0.000000000000000000e+00 0.000000000000000000e+00 0.000000000000000000e+00 0.000000000000000000e+00 0.000000000000000000e+00 0.000000000000000000e+00 0.000000000000000000e+00 9.469696969696969689e-05 0.000000000000000000e+00 0.000000000000000000e+00 0.000000000000000000e+00 0.000000000000000000e+00 0.000000000000000000e+00 0.000000000000000000e+00 0.000000000000000000e+00 3.087372645878357536e-04 0.000000000000000000e+00 2.351005054660867608e-04 0.000000000000000000e+00 0.000000000000000000e+00 1.650451702571229971e-03 3.982930298719772333e-02 3.517411185367569403e-04 3.730547857599658679e-02 0.000000000000000000e+00 6.201550387596899139e-03 3.028009084027252079e-04 2.976190476190476025e-03 0.000000000000000000e+00 0.000000000000000000e+00 0.000000000000000000e+00 0.000000000000000000e+00 0.000000000000000000e+00 0.000000000000000000e+00 0.000000000000000000e+00 1.660715768496221899e-04 0.000000000000000000e+00 0.000000000000000000e+00 0.000000000000000000e+00 1.127395715896279570e-04 0.000000000000000000e+00 0.000000000000000000e+00 0.000000000000000000e+00 3.766478342749529141e-04 0.000000000000000000e+00 0.000000000000000000e+00 0.000000000000000000e+00 0.000000000000000000e+00 0.000000000000000000e+00 0.000000000000000000e+00 0.000000000000000000e+00 0.000000000000000000e+00 0.000000000000000000e+00 0.000000000000000000e+00 0.000000000000000000e+00 0.000000000000000000e+00 0.000000000000000000e+00 0.000000000000000000e+00 0.000000000000000000e+00 0.000000000000000000e+00 0.000000000000000000e+00 0.000000000000000000e+00 0.000000000000000000e+00 0.000000000000000000e+00 0.000000000000000000e+00 0.000000000000000000e+00
1.323084895068658839e-01 2.072717851282494111e-03 3.190258226098972028e-01 6.822696260471543261e-03 7.427238967095604188e-03 1.468175144658433401e-03 0.000000000000000000e+00 1.317269076305220901e-02 9.163591635916358558e-02 2.154140737194830055e-03 3.200568990042674394e-02 2.019831068674256529e-03 2.498194945848375426e-01 3.289874497380285319e-03 1.350649350649350648e-02 7.918701332981390936e-04 7.448129100904415413e-03 4.928536224741252155e-04 3.210252506027153757e-02 8.040842373962986747e-03 3.977724741447891989e-04 0.000000000000000000e+00 1.589558025329542573e-02 1.316501352569882793e-02 3.219747786423396690e-03 1.504890895410082715e-03 3.740224413464807857e-03 5.583472920156337324e-04 1.021102791014295505e-02 4.903162539838195168e-04 2.158572021585720285e-02 1.897491821155943351e-02 4.291251384274640153e-03 1.323654995730145188e-02 0.000000000000000000e+00 0.000000000000000000e+00 7.434270172257479749e-03 1.778093883357041336e-04 0.000000000000000000e+00 0.000000000000000000e+00 0.000000000000000000e+00 0.000000000000000000e+00 0.000000000000000000e+00 0.000000000000000000e+00 7.103281716152863058e-04 0.000000000000000000e+00 0.000000000000000000e+00 0.000000000000000000e+00 2.198837757185487848e-03 0.000000000000000000e+00 1.256804354787063698e-02 0.000000000000000000e+00 0.000000000000000000e+00 0.000000000000000000e+00 2.476561117990447661e-03 1.482799525504151943e-04 4.436046989238478372e-03 0.000000000000000000e+00 3.114546083746683788e-03 0.000000000000000000e+00 7.689350249903883355e-03 0.000000000000000000e+00 3.293536434746809419e-03 0.000000000000000000e+00 1.216490200495607202e-02 1.543686322939178768e-04 1.863110413806628790e-03 0.000000000000000000e+00 2.779836916234247699e-03 0.000000000000000000e+00 1.086692147324530983e-01 5.016096428838811086e-03 2.626333685074451821e-02 2.025154551268386338e-03 2.192982456140350755e-02 0.000000000000000000e+00 3.936411809235428050e-02 1.041666666666666652e-03 1.463057790782735981e-03 0.000000000000000000e+00 7.181136120042872634e-03 1.292323597828896366e-04 0.000000000000000000e+00 0.000000000000000000e+00 1.452852810494393090e-02 0.000000000000000000e+00 0.000000000000000000e+00 0.000000000000000000e+00 1.514697060587882373e-02 0.000000000000000000e+00 7.072135785007072377e-04 4.008016032064128250e-04 0.000000000000000000e+00 0.000000000000000000e+00 4.601226993865030999e-03 0.000000000000000000e+00 0.000000000000000000e+00 0.000000000000000000e+00 6.747638326585694716e-04 0.000000000000000000e+00 8.271298593879239033e-04 0.000000000000000000e+00 0.000000000000000000e+00 0.000000000000000000e+00 1.537672988211173826e-03 0.000000000000000000e+00 0.000000000000000000e+00 0.000000000000000000e+00 0.000000000000000000e+00 0.000000000000000000e+00 0.000000000000000000e+00 0.000000000000000000e+00 0.000000000000000000e+00 0.000000000000000000e+00 0.000000000000000000e+00 0.000000000000000000e+00
5.381526104417670882e-03 1.589558232931727044e-01 5.301204819277108293e-03 2.554216867469879526e-01 0.000000000000000000e+00 4.016064257028112081e-03 1.317269076305220901e-02 0.000000000000000000e+00 3.075030750307503166e-04 5.983724269985639388e-02 5.452821242294926367e-03 1.289019463826661660e-01 4.765342960288809077e-03 1.688802241988546227e-01 2.597402597402597400e-04 1.095420351062425732e-02 1.596027664479517712e-03 1.264990964350254724e-02 2.537749016622255910e-02 1.595405232929163891e-02 0.000000000000000000e+00 0.000000000000000000e+00 1.395709485655208075e-02 3.155996393146979356e-02 8.049369466058491724e-04 5.016302984700275356e-04 2.040122407344440846e-03 0.000000000000000000e+00 1.089176310415248487e-03 9.561166952684481066e-03 1.867995018679950020e-02 5.670665212649945476e-03 1.342746400885935776e-02 3.202391118701964235e-03 4.784688995215311143e-04 5.175983436853002443e-04 1.269265639165911060e-03 4.978662873399715416e-03 0.000000000000000000e+00 2.001334222815210305e-03 0.000000000000000000e+00 0.000000000000000000e+00 0.000000000000000000e+00 1.086012163336229304e-04 1.420656343230572449e-04 1.756282085922723649e-03 0.000000000000000000e+00 0.000000000000000000e+00 0.000000000000000000e+00 3.766249544405297044e-03 0.000000000000000000e+00 7.895959126799814709e-03 0.000000000000000000e+00 4.303851947493006502e-04 0.000000000000000000e+00 2.224199288256227969e-03 2.464470549576932429e-04 9.280303030303031081e-03 4.614142346291383269e-04 2.808550475893275243e-03 1.281558374983980469e-04 1.162176439513998988e-02 2.058460271716755887e-04 3.089757454039858062e-03 0.000000000000000000e+00 2.269218894720592683e-02 2.941753284957835074e-04 2.351005054660867608e-03 1.853224610822831655e-04 7.017543859649122287e-04 5.993745656706046289e-03 1.164183574155873285e-01 1.993199671708289437e-03 4.721807716904711377e-02 0.000000000000000000e+00 9.302325581395348708e-03 2.725208175624526871e-03 4.196428571428571092e-02 0.000000000000000000e+00 1.067235859124866662e-03 0.000000000000000000e+00 5.556991470664253939e-03 0.000000000000000000e+00 5.359056806002143562e-04 7.052683546089287255e-05 1.453126297434194185e-02 0.000000000000000000e+00 8.435259384226064666e-04 0.000000000000000000e+00 2.299887260428410199e-02 2.357378595002357368e-04 1.202404809619238421e-03 2.310002310002309920e-04 3.013182674199623313e-03 0.000000000000000000e+00 1.727447216890595078e-02 0.000000000000000000e+00 0.000000000000000000e+00 0.000000000000000000e+00 4.219409282700421586e-03 0.000000000000000000e+00 0.000000000000000000e+00 0.000000000000000000e+00 2.026049204052098388e-03 1.025115325474115812e-03 3.000300030003000534e-04 0.000000000000000000e+00 0.000000000000000000e+00 1.666666666666666644e-02 0.000000000000000000e+00 0.000000000000000000e+00 3.731343283582089481e-03 0.000000000000000000e+00 0.000000000000000000e+00 0.000000000000000000e+00 0.000000000000000000e+00
5.535055350553505157e-03 0.000000000000000000e+00 6.365313653136531191e-02 1.537515375153751529e-03 2.659901599015990215e-01 1.230012300123001267e-03 9.163591635916358558e-02 3.075030750307503166e-04 0.000000000000000000e+00 4.786979415988511233e-04 3.793266951161688039e-03 0.000000000000000000e+00 7.610108303249096817e-02 0.000000000000000000e+00 1.799999999999999933e-01 1.319783555496898580e-04 8.866820358219542004e-04 0.000000000000000000e+00 5.075498033244511646e-04 0.000000000000000000e+00 7.159904534606205580e-03 0.000000000000000000e+00 2.455414835874903095e-03 1.442741208295761921e-03 8.585994097129057839e-03 2.006521193880110143e-03 5.202312138728323876e-02 2.791736460078168662e-04 5.037440435670523763e-03 0.000000000000000000e+00 3.113325031133250178e-03 1.744820065430752404e-03 5.537098560354374076e-04 0.000000000000000000e+00 0.000000000000000000e+00 0.000000000000000000e+00 0.000000000000000000e+00 0.000000000000000000e+00 0.000000000000000000e+00 0.000000000000000000e+00 0.000000000000000000e+00 0.000000000000000000e+00 0.000000000000000000e+00 0.000000000000000000e+00 0.000000000000000000e+00 0.000000000000000000e+00 0.000000000000000000e+00 0.000000000000000000e+00 0.000000000000000000e+00 0.000000000000000000e+00 0.000000000000000000e+00 0.000000000000000000e+00 0.000000000000000000e+00 0.000000000000000000e+00 1.768972227136033889e-04 0.000000000000000000e+00 2.464470549576932429e-04 0.000000000000000000e+00 1.153535586572845817e-04 0.000000000000000000e+00 1.025246699987184375e-03 0.000000000000000000e+00 4.116920543433511773e-04 0.000000000000000000e+00 1.126379815273710356e-03 0.000000000000000000e+00 9.805844283192782676e-05 0.000000000000000000e+00 1.853224610822831655e-04 0.000000000000000000e+00 7.383599722029186678e-03 7.486711087819120417e-05 1.805604408488685822e-02 0.000000000000000000e+00 4.385964912280701511e-03 0.000000000000000000e+00 2.725208175624526871e-03 0.000000000000000000e+00 0.000000000000000000e+00 0.000000000000000000e+00 7.502679528403001421e-04 0.000000000000000000e+00 0.000000000000000000e+00 0.000000000000000000e+00 5.642146836871429804e-04 0.000000000000000000e+00 0.000000000000000000e+00 0.000000000000000000e+00 7.498500299940012454e-04 0.000000000000000000e+00 0.000000000000000000e+00 0.000000000000000000e+00 0.000000000000000000e+00 0.000000000000000000e+00 1.533742331288343594e-03 1.919385796545105497e-03 0.000000000000000000e+00 0.000000000000000000e+00 0.000000000000000000e+00 0.000000000000000000e+00 0.000000000000000000e+00 0.000000000000000000e+00 0.000000000000000000e+00 0.000000000000000000e+00 0.000000000000000000e+00 0.000000000000000000e+00 0.000000000000000000e+00 0.000000000000000000e+00 0.000000000000000000e+00 0.000000000000000000e+00 0.000000000000000000e+00 0.000000000000000000e+00 0.000000000000000000e+00 0.000000000000000000e+00 0.000000000000000000e+00 0.000000000000000000e+00
0.000000000000000000e+00 1.914791766395404493e-03 2.872187649593106740e-03 9.095260890378171342e-03 9.573958831977022466e-04 3.324557204404021138e-01 2.154140737194830055e-03 5.983724269985639388e-02 4.786979415988511233e-04 0.000000000000000000e+00 0.000000000000000000e+00 1.468968049944913623e-03 1.299638989169675084e-03 2.778116242232240782e-02 0.000000000000000000e+00 1.771149531476837735e-01 0.000000000000000000e+00 3.285690816494167923e-04 0.000000000000000000e+00 3.828972559029993560e-04 2.784407319013524392e-03 4.581901489117984165e-03 5.427759110881364736e-03 2.344454463480612986e-03 7.781057150523209426e-03 9.530975670930523502e-03 1.360081604896293825e-03 2.149637074260189740e-02 0.000000000000000000e+00 1.336111792105908365e-02 7.887090078870900509e-03 3.053435114503816761e-03 0.000000000000000000e+00 0.000000000000000000e+00 0.000000000000000000e+00 0.000000000000000000e+00 1.813236627379873176e-04 7.112375533428165345e-04 0.000000000000000000e+00 0.000000000000000000e+00 0.000000000000000000e+00 0.000000000000000000e+00 0.000000000000000000e+00 0.000000000000000000e+00 0.000000000000000000e+00 0.000000000000000000e+00 0.000000000000000000e+00 1.257861635220125724e-04 0.000000000000000000e+00 0.000000000000000000e+00 0.000000000000000000e+00 9.289363678588016316e-05 0.000000000000000000e+00 0.000000000000000000e+00 0.000000000000000000e+00 0.000000000000000000e+00 0.000000000000000000e+00 3.787878787878787876e-04 1.153535586572845817e-04 4.680917459822125405e-04 0.000000000000000000e+00 1.760873393203028769e-04 0.000000000000000000e+00 0.000000000000000000e+00 0.000000000000000000e+00 1.543686322939178768e-04 0.000000000000000000e+00 1.175502527330433804e-04 0.000000000000000000e+00 2.339181286549707700e-04 2.605976372480889314e-04 1.819270794340046432e-02 0.000000000000000000e+00 1.865273928799829339e-02 0.000000000000000000e+00 0.000000000000000000e+00 0.000000000000000000e+00 4.166666666666666609e-03 0.000000000000000000e+00 2.134471718249733325e-03 0.000000000000000000e+00 3.876970793486689097e-04 0.000000000000000000e+00 0.000000000000000000e+00 0.000000000000000000e+00 3.321431536992443798e-04 0.000000000000000000e+00 4.217629692113032333e-04 0.000000000000000000e+00 1.014656144306651546e-03 0.000000000000000000e+00 0.000000000000000000e+00 2.310002310002309920e-04 0.000000000000000000e+00 0.000000000000000000e+00 7.677543186180421989e-03 0.000000000000000000e+00 0.000000000000000000e+00 0.000000000000000000e+00 0.000000000000000000e+00 0.000000000000000000e+00 0.000000000000000000e+00 2.710027100271002708e-04 5.788712011577423809e-04 0.000000000000000000e+00 0.000000000000000000e+00 0.000000000000000000e+00 0.000000000000000000e+00 0.000000000000000000e+00 0.000000000000000000e+00 0.000000000000000000e+00 0.000000000000000000e+00 0.000000000000000000e+00 0.000000000000000000e+00 0.000000000000000000e+00 0.000000000000000000e+00
2.809388335704124939e-01 0.000000000000000000e+00 3.105737316263632031e-02 1.896633475580844020e-03 7.112375533428165345e-04 0.000000000000000000e+00 3.200568990042674394e-02 5.452821242294926367e-03 3.793266951161688039e-03 0.000000000000000000e+00 0.000000000000000000e+00 3.672420124862284057e-04 9.169675090252707439e-02 1.218472036066772275e-04 1.506493506493506579e-02 0.000000000000000000e+00 2.855116155346692705e-02 0.000000000000000000e+00 1.383073214059129565e-02 5.105296745373324747e-04 0.000000000000000000e+00 0.000000000000000000e+00 3.360041354355130551e-03 1.262398557258791708e-03 0.000000000000000000e+00 0.000000000000000000e+00 6.800408024481469126e-04 0.000000000000000000e+00 7.501701837985023935e-02 0.000000000000000000e+00 6.226650062266500573e-04 8.724100327153762021e-04 9.689922480620154904e-04 1.280956447480785694e-03 0.000000000000000000e+00 0.000000000000000000e+00 7.252946509519492702e-04 0.000000000000000000e+00 0.000000000000000000e+00 0.000000000000000000e+00 1.658374792703150953e-03 0.000000000000000000e+00 0.000000000000000000e+00 0.000000000000000000e+00 1.420656343230572449e-04 0.000000000000000000e+00 0.000000000000000000e+00 0.000000000000000000e+00 6.282393591958536708e-04 0.000000000000000000e+00 1.200768491834774358e-03 0.000000000000000000e+00 0.000000000000000000e+00 0.000000000000000000e+00 1.768972227136033889e-04 0.000000000000000000e+00 3.203811714450012157e-03 0.000000000000000000e+00 2.191717614488406917e-03 0.000000000000000000e+00 2.114571318723567836e-02 1.760873393203028769e-04 5.763688760806916049e-03 0.000000000000000000e+00 1.103852218968236036e-02 0.000000000000000000e+00 5.883506569915670148e-04 0.000000000000000000e+00 7.412898443291326619e-04 0.000000000000000000e+00 4.273801250868658475e-02 9.732724414164857897e-04 1.231093914878649345e-02 2.131741632914090697e-04 4.385964912280701511e-03 0.000000000000000000e+00 1.105223315669947096e-02 1.488095238095238229e-04 1.463057790782735981e-03 0.000000000000000000e+00 4.501607717041800419e-03 0.000000000000000000e+00 0.000000000000000000e+00 0.000000000000000000e+00 2.609492912053036108e-03 0.000000000000000000e+00 0.000000000000000000e+00 0.000000000000000000e+00 4.049190161967606248e-03 0.000000000000000000e+00 0.000000000000000000e+00 0.000000000000000000e+00 0.000000000000000000e+00 0.000000000000000000e+00 3.067484662576687188e-03 0.000000000000000000e+00 0.000000000000000000e+00 0.000000000000000000e+00 0.000000000000000000e+00 0.000000000000000000e+00 0.000000000000000000e+00 0.000000000000000000e+00 0.000000000000000000e+00 2.894356005788711905e-04 0.000000000000000000e+00 0.000000000000000000e+00 0.000000000000000000e+00 0.000000000000000000e+00 0.000000000000000000e+00 0.000000000000000000e+00 0.000000000000000000e+00 0.000000000000000000e+00 0.000000000000000000e+00 0.000000000000000000e+00 0.000000000000000000e+00 0.000000000000000000e+00
5.508630187293426898e-04 1.415717958134410648e-01 9.181050312155710413e-04 2.882849798016893020e-02 0.000000000000000000e+00 1.836210062431142028e-04 2.019831068674256529e-03 1.289019463826661660e-01 0.000000000000000000e+00 1.468968049944913623e-03 3.672420124862284057e-04 0.000000000000000000e+00 0.000000000000000000e+00 1.598635311319605290e-01 0.000000000000000000e+00 4.355285733139765449e-03 1.773364071643908509e-04 6.012814194184327304e-02 1.903311762466691976e-03 2.348436502871729253e-02 0.000000000000000000e+00 0.000000000000000000e+00 9.046265184802274560e-04 5.590622182146077687e-03 0.000000000000000000e+00 0.000000000000000000e+00 0.000000000000000000e+00 0.000000000000000000e+00 1.361470388019060608e-04 3.444471684236332515e-02 4.151100041511000382e-04 0.000000000000000000e+00 1.661129568106312331e-03 1.707941929974380853e-03 0.000000000000000000e+00 0.000000000000000000e+00 0.000000000000000000e+00 8.890469416785206410e-04 0.000000000000000000e+00 0.000000000000000000e+00 0.000000000000000000e+00 0.000000000000000000e+00 0.000000000000000000e+00 1.086012163336229304e-04 0.000000000000000000e+00 0.000000000000000000e+00 0.000000000000000000e+00 0.000000000000000000e+00 0.000000000000000000e+00 1.214919207872676470e-04 0.000000000000000000e+00 6.502554575011611692e-04 0.000000000000000000e+00 2.151925973746503251e-04 0.000000000000000000e+00 4.448398576512455288e-04 0.000000000000000000e+00 9.185606060606060774e-03 0.000000000000000000e+00 6.241223279762833512e-04 0.000000000000000000e+00 4.402183483007571924e-03 0.000000000000000000e+00 1.282249343426541087e-02 0.000000000000000000e+00 5.402902130287125931e-03 9.805844283192782676e-05 1.175502527330433804e-04 0.000000000000000000e+00 0.000000000000000000e+00 5.211952744961778627e-04 5.345511716702852634e-02 1.172470395122523134e-04 1.662758473672990706e-02 0.000000000000000000e+00 1.085271317829457349e-02 1.514004542013626040e-04 2.083333333333333304e-03 0.000000000000000000e+00 1.173959445037353264e-02 0.000000000000000000e+00 1.279400361850607445e-02 0.000000000000000000e+00 5.359056806002143562e-04 0.000000000000000000e+00 9.798223034127709341e-03 0.000000000000000000e+00 4.217629692113032333e-04 0.000000000000000000e+00 1.465614430665163406e-02 0.000000000000000000e+00 0.000000000000000000e+00 0.000000000000000000e+00 0.000000000000000000e+00 0.000000000000000000e+00 0.000000000000000000e+00 0.000000000000000000e+00 0.000000000000000000e+00 0.000000000000000000e+00 0.000000000000000000e+00 0.000000000000000000e+00 0.000000000000000000e+00 0.000000000000000000e+00 2.894356005788711905e-04 0.000000000000000000e+00 3.000300030003000534e-04 0.000000000000000000e+00 0.000000000000000000e+00 0.000000000000000000e+00 0.000000000000000000e+00 0.000000000000000000e+00 0.000000000000000000e+00 0.000000000000000000e+00 0.000000000000000000e+00 0.000000000000000000e+00 0.000000000000000000e+00
2.281588447653429622e-02 1.444043321299639073e-04 7.234657039711191173e-02 4.043321299638988862e-03 4.332129963898916948e-03 3.176895306859205906e-03 2.498194945848375426e-01 4.765342960288809077e-03 7.610108303249096817e-02 1.299638989169675084e-03 9.169675090252707439e-02 0.000000000000000000e+00 0.000000000000000000e+00 1.584013646886803890e-03 2.399999999999999911e-01 9.238484888478289787e-04 4.610746586274161798e-03 0.000000000000000000e+00 2.157086664128917558e-03 1.276324186343331187e-04 0.000000000000000000e+00 0.000000000000000000e+00 2.377875420005169313e-02 5.229936880072136828e-03 1.878186208746981511e-03 4.514672686230247929e-03 6.800408024481469126e-04 2.791736460078168662e-04 8.250510551395506820e-02 0.000000000000000000e+00 1.328352013283520122e-02 9.814612868047982788e-03 1.661129568106312331e-03 9.607173356105892705e-04 0.000000000000000000e+00 0.000000000000000000e+00 2.175883952855847594e-03 0.000000000000000000e+00 0.000000000000000000e+00 0.000000000000000000e+00 1.658374792703150953e-03 0.000000000000000000e+00 0.000000000000000000e+00 0.000000000000000000e+00 0.000000000000000000e+00 0.000000000000000000e+00 1.449065352847413483e-04 0.000000000000000000e+00 0.000000000000000000e+00 0.000000000000000000e+00 5.603586295228947002e-04 0.000000000000000000e+00 0.000000000000000000e+00 0.000000000000000000e+00 0.000000000000000000e+00 0.000000000000000000e+00 6.571921465538487200e-04 0.000000000000000000e+00 9.228284692582766537e-04 0.000000000000000000e+00 6.792259387415096675e-03 0.000000000000000000e+00 3.293536434746809419e-03 0.000000000000000000e+00 6.983554854697003600e-03 0.000000000000000000e+00 3.922337713277113070e-04 0.000000000000000000e+00 9.266123054114158274e-04 0.000000000000000000e+00 4.855802640722724217e-02 2.246013326345736396e-04 3.435338257708992621e-02 1.705393306331272557e-03 3.947368421052631360e-02 0.000000000000000000e+00 2.255866767600302886e-02 0.000000000000000000e+00 3.657644476956839735e-03 0.000000000000000000e+00 3.858520900321543278e-03 0.000000000000000000e+00 0.000000000000000000e+00 0.000000000000000000e+00 2.750546582974822043e-03 0.000000000000000000e+00 0.000000000000000000e+00 0.000000000000000000e+00 2.399520095980803638e-03 0.000000000000000000e+00 7.072135785007072377e-04 4.008016032064128250e-04 0.000000000000000000e+00 3.766478342749529141e-04 4.601226993865030999e-03 0.000000000000000000e+00 0.000000000000000000e+00 0.000000000000000000e+00 6.747638326585694716e-04 0.000000000000000000e+00 0.000000000000000000e+00 0.000000000000000000e+00 5.420054200542005415e-04 2.894356005788711905e-04 1.025115325474115812e-03 0.000000000000000000e+00 0.000000000000000000e+00 0.000000000000000000e+00 1.666666666666666644e-02 0.000000000000000000e+00 0.000000000000000000e+00 0.000000000000000000e+00 0.000000000000000000e+00 0.000000000000000000e+00 0.000000000000000000e+00 0.000000000000000000e+00
