2.672165865614565816e-01 4.992457665726651173e-01 3.987795369393584699e-01 5.056934775528690862e-01 4.425912739726027278e-01 0.000000000000000000e+00 3.214019105552007871e-01 4.840872726515539348e-01 4.021697482549133618e-01 0.000000000000000000e+00 3.552495424623473563e-01 4.909261030962347450e-01 3.987045183011752036e-01 5.024772361111111696e-01 4.083183537107790140e-01 0.000000000000000000e+00 2.968961710896127482e-01 4.930740417585912638e-01 4.278910923219800821e-01 5.121347696718427933e-01 0.000000000000000000e+00 0.000000000000000000e+00 4.283098602746495676e-01 0.000000000000000000e+00 4.310280357142856622e-01 0.000000000000000000e+00 0.000000000000000000e+00 4.628492965517241320e-01 3.958466642739921770e-01 5.173601716301992059e-01 4.209896236667527991e-01 4.546695052631578582e-01 4.070488858138095467e-01 5.074663273989730161e-01 4.368696103896105298e-01 0.000000000000000000e+00 5.157992427320444717e-01 5.465254526315789230e-01 0.000000000000000000e+00 0.000000000000000000e+00 4.454975932203389943e-01 0.000000000000000000e+00 0.000000000000000000e+00 0.000000000000000000e+00 0.000000000000000000e+00 0.000000000000000000e+00 4.097277545454545700e-01 0.000000000000000000e+00 4.411044428438682385e-01 5.433142105263157884e-01 4.203659123213838167e-01 4.880236521739130251e-01 0.000000000000000000e+00 0.000000000000000000e+00 4.155264703182239838e-01 0.000000000000000000e+00 3.092487474355618549e-01 4.961388236182442402e-01 4.161226662203407201e-01 5.457969477018914661e-01 4.035824217719490292e-01 4.855069599999999874e-01 3.896824517545046107e-01 4.783999049226335121e-01 4.257680177738902838e-01 4.848589181818180882e-01 4.457191883271852673e-01 5.059010127156483572e-01 3.527865183262475224e-01 4.932555224762306678e-01 3.598733792733490588e-01 5.251773442622951205e-01 3.978224760249106096e-01 5.135052052975364045e-01 3.863514499999999852e-01 0.000000000000000000e+00 4.057346619769739426e-01 4.854897285614376834e-01 4.275806875000000007e-01 0.000000000000000000e+00 3.827238620915174860e-01 5.361732330097087607e-01 0.000000000000000000e+00 0.000000000000000000e+00 4.319384809822980342e-01 4.886460530303031180e-01 0.000000000000000000e+00 0.000000000000000000e+00 4.253160580871917507e-01 0.000000000000000000e+00 4.258019710464801544e-01 5.052941160257109487e-01 0.000000000000000000e+00 0.000000000000000000e+00 4.513618749767224769e-01 0.000000000000000000e+00 5.162349282798919248e-01 0.000000000000000000e+00 4.921507691955286368e-01 0.000000000000000000e+00 0.000000000000000000e+00 4.905075170068027846e-01 5.089872983088004066e-01 0.000000000000000000e+00 0.000000000000000000e+00 4.756310480769231352e-01 0.000000000000000000e+00 0.000000000000000000e+00 0.000000000000000000e+00 0.000000000000000000e+00 0.000000000000000000e+00 0.000000000000000000e+00 0.000000000000000000e+00 0.000000000000000000e+00 0.000000000000000000e+00 0.000000000000000000e+00
4.992457665726651173e-01 3.041262497158280786e-01 5.128628133459108840e-01 3.489739798849693653e-01 0.000000000000000000e+00 0.000000000000000000e+00 4.693034219247575467e-01 3.107584536095364669e-01 0.000000000000000000e+00 0.000000000000000000e+00 4.819944849645106943e-01 3.892002860578712142e-01 0.000000000000000000e+00 3.987456192306634839e-01 4.757870064102565077e-01 4.120193788539679991e-01 4.927111823710303984e-01 3.665666338909225885e-01 5.235136984266215432e-01 3.709748297193576350e-01 0.000000000000000000e+00 0.000000000000000000e+00 4.859580187489118130e-01 4.206195855519906934e-01 0.000000000000000000e+00 4.475439612403100953e-01 0.000000000000000000e+00 0.000000000000000000e+00 4.827203377521661620e-01 4.187515992699363809e-01 0.000000000000000000e+00 4.496589874551971122e-01 5.174820106343225312e-01 5.042661431349337864e-01 4.786231761619190173e-01 4.219085530925014149e-01 5.526194888156117369e-01 5.264090828235677977e-01 0.000000000000000000e+00 0.000000000000000000e+00 0.000000000000000000e+00 5.003145999999999427e-01 0.000000000000000000e+00 4.622041286986327546e-01 0.000000000000000000e+00 4.306760808165880361e-01 0.000000000000000000e+00 0.000000000000000000e+00 5.105885562130177968e-01 4.205947153948256800e-01 4.771262434782608808e-01 4.208375599879690121e-01 0.000000000000000000e+00 4.119439253009793966e-01 0.000000000000000000e+00 4.157287541709447920e-01 4.905812377780870426e-01 3.408228460727223963e-01 5.520215099999999930e-01 4.169372256722139736e-01 5.046523184273830065e-01 3.989323807891425600e-01 4.983167056972585551e-01 4.048785374956637706e-01 0.000000000000000000e+00 4.151345696847876798e-01 5.137146129048447696e-01 4.212475140440850585e-01 5.211929863777936545e-01 3.052269052483784773e-01 4.900237026785713712e-01 3.870436013063303649e-01 4.898954444583293322e-01 4.366035632459202565e-01 4.938752124877129335e-01 4.290675387521021844e-01 4.916081511779810675e-01 4.244454057256178969e-01 0.000000000000000000e+00 0.000000000000000000e+00 4.798574042553191976e-01 4.452816797062426613e-01 0.000000000000000000e+00 0.000000000000000000e+00 4.692598756830601570e-01 4.367431795597375155e-01 0.000000000000000000e+00 0.000000000000000000e+00 0.000000000000000000e+00 4.377920988615768838e-01 4.798169801715942429e-01 4.708272642199611835e-01 5.166431824324324573e-01 0.000000000000000000e+00 4.668986276691655668e-01 0.000000000000000000e+00 0.000000000000000000e+00 0.000000000000000000e+00 5.269357692307693464e-01 4.485193425850660387e-01 0.000000000000000000e+00 0.000000000000000000e+00 4.698161444917544061e-01 4.320111517547121638e-01 4.791645101037541599e-01 4.601062634146119712e-01 0.000000000000000000e+00 4.377727238095238116e-01 0.000000000000000000e+00 0.000000000000000000e+00 0.000000000000000000e+00 0.000000000000000000e+00 0.000000000000000000e+00 4.680513675213675007e-01 0.000000000000000000e+00 0.000000000000000000e+00
3.987795369393584699e-01 5.128628133459108840e-01 2.907193949118973553e-01 4.844411039442589328e-01 2.724291851343687010e-01 4.291837062068302733e-01 3.396597607866797541e-01 4.793063783623927598e-01 3.379535778297644288e-01 4.588290023985332478e-01 4.199507943103534813e-01 4.973381825834413128e-01 3.836636888218460939e-01 4.741341496302907688e-01 3.765535342421227893e-01 4.578760338651508000e-01 4.181197606071826445e-01 5.130364197368421086e-01 3.322225870165283479e-01 5.267662285896137497e-01 4.181314212441772371e-01 0.000000000000000000e+00 2.718499949435953522e-01 4.857992136609487477e-01 2.948169609446097406e-01 4.517139306518483388e-01 3.325376370406514792e-01 4.334780123456789536e-01 4.094399275143694727e-01 4.845446947459960407e-01 4.168749819866527928e-01 4.644232206162342558e-01 4.491601545209162882e-01 5.122307193163978534e-01 4.909076959260000872e-01 5.113185465116280026e-01 4.896293459161211170e-01 0.000000000000000000e+00 4.367361764705882110e-01 0.000000000000000000e+00 4.521897427842405670e-01 0.000000000000000000e+00 0.000000000000000000e+00 0.000000000000000000e+00 0.000000000000000000e+00 0.000000000000000000e+00 4.683965118110236525e-01 0.000000000000000000e+00 4.709236302000532892e-01 0.000000000000000000e+00 4.425830984804979273e-01 0.000000000000000000e+00 4.284313854166666435e-01 0.000000000000000000e+00 4.479257830038648747e-01 0.000000000000000000e+00 4.008907129961999938e-01 5.252411149550836322e-01 4.389771279946676485e-01 5.126354184720746110e-01 4.251300374898294709e-01 5.538945242718446016e-01 4.247408916845284432e-01 4.824498331236896087e-01 4.205919081632653600e-01 4.738407741935484752e-01 4.583374077583251549e-01 5.356324525041048501e-01 3.872913765080509552e-01 0.000000000000000000e+00 3.870607270930339072e-01 5.131388462804475914e-01 4.194500720534630189e-01 4.991323520644322942e-01 4.020246728325025942e-01 0.000000000000000000e+00 4.298990789750017916e-01 5.000578760176017656e-01 0.000000000000000000e+00 0.000000000000000000e+00 4.134091841317858451e-01 0.000000000000000000e+00 0.000000000000000000e+00 0.000000000000000000e+00 4.260013409885158864e-01 0.000000000000000000e+00 0.000000000000000000e+00 0.000000000000000000e+00 4.187061065181991726e-01 4.545993379310345195e-01 4.438023903736951215e-01 4.691856791044776154e-01 0.000000000000000000e+00 0.000000000000000000e+00 4.483942984229822848e-01 0.000000000000000000e+00 4.266226504854369606e-01 0.000000000000000000e+00 0.000000000000000000e+00 0.000000000000000000e+00 0.000000000000000000e+00 0.000000000000000000e+00 4.760871517857143131e-01 4.361738487394957176e-01 4.264058259489302283e-01 4.601651109036594134e-01 0.000000000000000000e+00 0.000000000000000000e+00 0.000000000000000000e+00 0.000000000000000000e+00 0.000000000000000000e+00 0.000000000000000000e+00 0.000000000000000000e+00 0.000000000000000000e+00 0.000000000000000000e+00 0.000000000000000000e+00
5.056934775528690862e-01 3.489739798849693653e-01 4.844411039442589328e-01 2.749264130127870298e-01 0.000000000000000000e+00 2.082528654904703680e-01 4.699448341136182039e-01 3.152629619796840088e-01 4.305052816017316264e-01 3.464843043334017159e-01 4.789740751156321696e-01 3.935571735090775403e-01 4.682751423940040847e-01 3.839418029337701155e-01 4.512905229527679474e-01 3.573065897098762767e-01 5.103256933677601248e-01 4.347767174728336403e-01 5.273377266953890308e-01 3.031205239624232828e-01 0.000000000000000000e+00 0.000000000000000000e+00 4.707409661507325760e-01 2.982189441424185072e-01 4.485741617408409709e-01 2.315541567426957770e-01 4.721300000000000496e-01 3.271368503323532906e-01 4.935321773641442311e-01 3.999587217421757268e-01 4.312962188292509547e-01 3.987899697307966118e-01 5.215107596176487004e-01 4.229043818350856632e-01 4.957783083333333618e-01 4.466672907372613022e-01 5.418645279316922636e-01 4.986674785778583696e-01 0.000000000000000000e+00 4.810119014084505151e-01 0.000000000000000000e+00 0.000000000000000000e+00 0.000000000000000000e+00 4.698424480472165321e-01 0.000000000000000000e+00 4.617099456191389173e-01 0.000000000000000000e+00 0.000000000000000000e+00 5.460239887115057034e-01 4.624835241990344348e-01 0.000000000000000000e+00 4.466207474183376824e-01 0.000000000000000000e+00 0.000000000000000000e+00 0.000000000000000000e+00 4.498983782734600201e-01 4.785998789861250491e-01 4.126123505892530519e-01 4.931503832335329407e-01 4.294086480816367013e-01 4.893963018867924508e-01 4.383001391536279212e-01 4.942259811320754426e-01 4.301327476974630692e-01 0.000000000000000000e+00 4.474534875794650701e-01 5.214088200304213272e-01 4.576348564571154909e-01 5.383470786481145964e-01 4.344124019759393884e-01 4.838582250356247560e-01 4.001330593479665576e-01 4.739493161649332986e-01 4.216814650293942979e-01 4.031670670783679689e-01 4.101985618362951058e-01 4.877394316029554644e-01 4.295093327504838632e-01 0.000000000000000000e+00 0.000000000000000000e+00 0.000000000000000000e+00 4.235866427820383917e-01 0.000000000000000000e+00 0.000000000000000000e+00 4.733731039449808331e-01 4.331829586180419023e-01 0.000000000000000000e+00 0.000000000000000000e+00 0.000000000000000000e+00 4.261454761007286707e-01 0.000000000000000000e+00 4.536600628399377610e-01 0.000000000000000000e+00 4.247860650406504179e-01 4.538207715145525789e-01 4.697719926293408843e-01 0.000000000000000000e+00 0.000000000000000000e+00 4.500539187964601728e-01 0.000000000000000000e+00 0.000000000000000000e+00 0.000000000000000000e+00 4.462773375634357387e-01 4.370288641376631755e-01 0.000000000000000000e+00 4.717279118490205203e-01 0.000000000000000000e+00 0.000000000000000000e+00 0.000000000000000000e+00 0.000000000000000000e+00 0.000000000000000000e+00 0.000000000000000000e+00 0.000000000000000000e+00 0.000000000000000000e+00 0.000000000000000000e+00 0.000000000000000000e+00
4.425912739726027278e-01 0.000000000000000000e+00 2.724291851343687010e-01 0.000000000000000000e+00 2.591793441582029289e-01 5.026831331412606740e-01 2.275569561393187279e-01 4.618205248821373177e-01 2.546927768732529795e-01 0.000000000000000000e+00 4.261355189873418103e-01 0.000000000000000000e+00 3.620860612359409481e-01 4.210790897435896518e-01 2.911056485642236624e-01 0.000000000000000000e+00 0.000000000000000000e+00 0.000000000000000000e+00 0.000000000000000000e+00 0.000000000000000000e+00 2.496450690597414035e-01 0.000000000000000000e+00 3.238264444295937960e-01 4.503558235828488687e-01 2.821413545469305117e-01 4.615418721217104947e-01 2.383955516402598285e-01 0.000000000000000000e+00 3.997141756984006200e-01 0.000000000000000000e+00 4.104700376143091134e-01 4.418032366471805195e-01 3.850153521126760681e-01 5.158266363636363483e-01 0.000000000000000000e+00 0.000000000000000000e+00 0.000000000000000000e+00 0.000000000000000000e+00 0.000000000000000000e+00 0.000000000000000000e+00 0.000000000000000000e+00 0.000000000000000000e+00 0.000000000000000000e+00 0.000000000000000000e+00 0.000000000000000000e+00 0.000000000000000000e+00 4.546120305343511747e-01 0.000000000000000000e+00 0.000000000000000000e+00 0.000000000000000000e+00 0.000000000000000000e+00 0.000000000000000000e+00 0.000000000000000000e+00 0.000000000000000000e+00 0.000000000000000000e+00 0.000000000000000000e+00 0.000000000000000000e+00 0.000000000000000000e+00 0.000000000000000000e+00 0.000000000000000000e+00 0.000000000000000000e+00 0.000000000000000000e+00 0.000000000000000000e+00 0.000000000000000000e+00 0.000000000000000000e+00 0.000000000000000000e+00 4.475875071428571661e-01 0.000000000000000000e+00 0.000000000000000000e+00 0.000000000000000000e+00 3.874519564590306331e-01 0.000000000000000000e+00 3.996754739534623679e-01 0.000000000000000000e+00 3.778223854809464877e-01 0.000000000000000000e+00 3.914121527654961241e-01 0.000000000000000000e+00 0.000000000000000000e+00 0.000000000000000000e+00 3.947036116504853420e-01 0.000000000000000000e+00 0.000000000000000000e+00 0.000000000000000000e+00 4.067032992125984014e-01 0.000000000000000000e+00 0.000000000000000000e+00 0.000000000000000000e+00 0.000000000000000000e+00 0.000000000000000000e+00 4.181739935483870796e-01 0.000000000000000000e+00 0.000000000000000000e+00 0.000000000000000000e+00 0.000000000000000000e+00 0.000000000000000000e+00 0.000000000000000000e+00 0.000000000000000000e+00 0.000000000000000000e+00 0.000000000000000000e+00 0.000000000000000000e+00 0.000000000000000000e+00 0.000000000000000000e+00 0.000000000000000000e+00 0.000000000000000000e+00 0.000000000000000000e+00 0.000000000000000000e+00 0.000000000000000000e+00 0.000000000000000000e+00 0.000000000000000000e+00 0.000000000000000000e+00 0.000000000000000000e+00 0.000000000000000000e+00 0.000000000000000000e+00 0.000000000000000000e+00 0.000000000000000000e+00
0.000000000000000000e+00 0.000000000000000000e+00 4.291837062068302733e-01 2.082528654904703680e-01 5.026831331412606740e-01 2.022522457026537934e-01 4.503777953971963011e-01 3.326436426008369529e-01 4.249008777777776857e-01 2.106834646161277469e-01 0.000000000000000000e+00 3.587428281953150555e-01 4.171291764705881699e-01 3.249306568815942264e-01 0.000000000000000000e+00 2.739654358169443249e-01 0.000000000000000000e+00 0.000000000000000000e+00 0.000000000000000000e+00 4.395446541353383862e-01 4.167788861111110799e-01 1.905417750000000243e-01 4.413820187321309541e-01 2.246892806649988805e-01 4.578772152118100180e-01 2.318895848240613844e-01 4.434189516129032338e-01 2.622095645162064725e-01 0.000000000000000000e+00 3.308596181084729193e-01 4.371505463452228235e-01 3.845961636400305750e-01 0.000000000000000000e+00 4.129779236704908540e-01 0.000000000000000000e+00 0.000000000000000000e+00 0.000000000000000000e+00 4.208371674603174073e-01 0.000000000000000000e+00 0.000000000000000000e+00 0.000000000000000000e+00 0.000000000000000000e+00 0.000000000000000000e+00 4.911695319148935979e-01 0.000000000000000000e+00 0.000000000000000000e+00 0.000000000000000000e+00 4.761606424876650978e-01 0.000000000000000000e+00 0.000000000000000000e+00 0.000000000000000000e+00 4.780455981308412428e-01 0.000000000000000000e+00 0.000000000000000000e+00 0.000000000000000000e+00 4.897370129870128874e-01 0.000000000000000000e+00 0.000000000000000000e+00 0.000000000000000000e+00 0.000000000000000000e+00 0.000000000000000000e+00 0.000000000000000000e+00 0.000000000000000000e+00 0.000000000000000000e+00 0.000000000000000000e+00 0.000000000000000000e+00 0.000000000000000000e+00 4.537754459141281060e-01 0.000000000000000000e+00 0.000000000000000000e+00 0.000000000000000000e+00 3.634525371231705493e-01 0.000000000000000000e+00 3.595408192456291396e-01 0.000000000000000000e+00 3.357737351110443025e-01 0.000000000000000000e+00 3.950355341591738623e-01 0.000000000000000000e+00 0.000000000000000000e+00 0.000000000000000000e+00 4.366262429906541676e-01 0.000000000000000000e+00 4.106675000000000186e-01 0.000000000000000000e+00 4.311113062036435739e-01 0.000000000000000000e+00 0.000000000000000000e+00 0.000000000000000000e+00 4.134528527144673005e-01 0.000000000000000000e+00 0.000000000000000000e+00 0.000000000000000000e+00 0.000000000000000000e+00 0.000000000000000000e+00 0.000000000000000000e+00 0.000000000000000000e+00 0.000000000000000000e+00 0.000000000000000000e+00 0.000000000000000000e+00 0.000000000000000000e+00 0.000000000000000000e+00 0.000000000000000000e+00 0.000000000000000000e+00 0.000000000000000000e+00 0.000000000000000000e+00 0.000000000000000000e+00 0.000000000000000000e+00 0.000000000000000000e+00 0.000000000000000000e+00 0.000000000000000000e+00 0.000000000000000000e+00 0.000000000000000000e+00 0.000000000000000000e+00 0.000000000000000000e+00 0.000000000000000000e+00
3.214019105552007871e-01 4.693034219247575467e-01 3.396597607866797541e-01 4.699448341136182039e-01 2.275569561393187279e-01 4.503777953971963011e-01 2.815227639384969560e-01 4.730784495751277907e-01 3.585601415800712122e-01 4.262070393667694024e-01 3.590023125177349006e-01 4.818901122325863762e-01 3.225236174140181933e-01 4.621125471074775115e-01 3.557805121999654263e-01 4.794057020233755684e-01 4.084334429166980307e-01 5.020531092840350151e-01 4.104102612911666448e-01 5.014431261577672050e-01 0.000000000000000000e+00 0.000000000000000000e+00 3.994941434432216498e-01 4.816948374484772422e-01 4.057334866561254083e-01 5.046741369863013693e-01 0.000000000000000000e+00 4.526349999999999540e-01 3.838105843672924844e-01 4.846293842094873128e-01 4.007392081052439381e-01 4.530113815390220400e-01 4.136137853532306785e-01 4.957622032333716677e-01 0.000000000000000000e+00 4.473231217391305248e-01 4.772159129226491436e-01 5.236036739130435214e-01 0.000000000000000000e+00 0.000000000000000000e+00 4.597713815789472580e-01 0.000000000000000000e+00 0.000000000000000000e+00 0.000000000000000000e+00 0.000000000000000000e+00 0.000000000000000000e+00 4.638671999999999795e-01 0.000000000000000000e+00 4.330148411736411407e-01 0.000000000000000000e+00 4.133379030500870521e-01 0.000000000000000000e+00 0.000000000000000000e+00 0.000000000000000000e+00 4.169708819970769920e-01 0.000000000000000000e+00 4.134784898166052325e-01 5.225993046875001546e-01 4.145570309984499269e-01 5.581022553191489211e-01 4.070123703794095160e-01 0.000000000000000000e+00 4.107963398262592936e-01 4.602426050420168058e-01 4.166295305456030884e-01 0.000000000000000000e+00 4.342544520893477644e-01 5.131155136115657101e-01 4.003062819457749444e-01 4.647838604651162164e-01 3.436523218775794364e-01 5.072954644573638427e-01 3.796383426450647969e-01 4.739663138865723990e-01 3.605417327960815932e-01 0.000000000000000000e+00 4.056730154376071984e-01 4.620523561507936527e-01 0.000000000000000000e+00 0.000000000000000000e+00 3.920347066711702411e-01 0.000000000000000000e+00 0.000000000000000000e+00 0.000000000000000000e+00 4.178035720317566093e-01 4.644270992907800766e-01 0.000000000000000000e+00 0.000000000000000000e+00 4.167978127959806600e-01 0.000000000000000000e+00 4.165667110158729480e-01 0.000000000000000000e+00 0.000000000000000000e+00 0.000000000000000000e+00 4.103947500000001414e-01 0.000000000000000000e+00 0.000000000000000000e+00 0.000000000000000000e+00 0.000000000000000000e+00 0.000000000000000000e+00 0.000000000000000000e+00 0.000000000000000000e+00 0.000000000000000000e+00 0.000000000000000000e+00 0.000000000000000000e+00 4.181306363636363987e-01 0.000000000000000000e+00 0.000000000000000000e+00 0.000000000000000000e+00 0.000000000000000000e+00 0.000000000000000000e+00 0.000000000000000000e+00 0.000000000000000000e+00 0.000000000000000000e+00 0.000000000000000000e+00 0.000000000000000000e+00
4.840872726515539348e-01 3.107584536095364669e-01 4.793063783623927598e-01 3.152629619796840088e-01 4.618205248821373177e-01 3.326436426008369529e-01 4.730784495751277907e-01 2.740574262889412527e-01 3.615184875000000408e-01 3.156693919006903770e-01 4.747541418289096260e-01 3.223644221730657122e-01 4.596089374940632855e-01 2.938647636035518484e-01 4.447322006693567031e-01 2.445580556173756193e-01 4.838440796940567390e-01 4.129905734395266093e-01 4.994442979160833573e-01 3.913978106553737679e-01 0.000000000000000000e+00 0.000000000000000000e+00 4.686336401311497202e-01 3.924891096178937389e-01 4.798326989247311269e-01 3.431795596870327314e-01 0.000000000000000000e+00 3.386866202850835061e-01 4.781437116320602088e-01 3.960015106353484970e-01 4.263753756657432947e-01 3.909672940213929082e-01 4.931410503045319249e-01 4.189850851785722474e-01 4.611259090909091141e-01 4.514699099099098722e-01 5.144792277227723254e-01 4.766105505080129867e-01 0.000000000000000000e+00 0.000000000000000000e+00 0.000000000000000000e+00 0.000000000000000000e+00 0.000000000000000000e+00 0.000000000000000000e+00 0.000000000000000000e+00 4.436417743934084612e-01 0.000000000000000000e+00 0.000000000000000000e+00 0.000000000000000000e+00 4.077574733592529976e-01 5.111800402298850576e-01 4.100402862514240243e-01 0.000000000000000000e+00 4.158020206185567003e-01 0.000000000000000000e+00 4.002608339791970393e-01 0.000000000000000000e+00 4.056928013718301695e-01 0.000000000000000000e+00 4.376093222067932720e-01 0.000000000000000000e+00 4.001277333989367579e-01 0.000000000000000000e+00 4.017157631485155367e-01 4.696228294573643325e-01 4.070150810095192750e-01 4.641964083002254604e-01 4.471226079731603908e-01 4.651543148809523798e-01 4.108464430379747401e-01 4.846318999334625066e-01 3.462743963008158010e-01 4.734716718319790241e-01 3.901676433432133551e-01 0.000000000000000000e+00 3.744834909405067580e-01 4.732369986700012965e-01 4.123164753831981555e-01 5.200916694214875458e-01 0.000000000000000000e+00 3.969973472222221855e-01 4.033914321674048620e-01 0.000000000000000000e+00 0.000000000000000000e+00 4.455366402877697918e-01 4.172274147450833470e-01 0.000000000000000000e+00 0.000000000000000000e+00 0.000000000000000000e+00 4.188350488637841429e-01 4.383198278204699649e-01 4.373254933887676943e-01 0.000000000000000000e+00 0.000000000000000000e+00 4.520289860112755576e-01 4.528290740322580832e-01 0.000000000000000000e+00 0.000000000000000000e+00 0.000000000000000000e+00 0.000000000000000000e+00 0.000000000000000000e+00 0.000000000000000000e+00 0.000000000000000000e+00 4.091112301068702273e-01 4.771191304347826012e-01 4.773468020833333547e-01 0.000000000000000000e+00 0.000000000000000000e+00 0.000000000000000000e+00 0.000000000000000000e+00 0.000000000000000000e+00 0.000000000000000000e+00 0.000000000000000000e+00 0.000000000000000000e+00 0.000000000000000000e+00 0.000000000000000000e+00
4.021697482549133618e-01 0.000000000000000000e+00 3.379535778297644288e-01 4.305052816017316264e-01 2.546927768732529795e-01 4.249008777777776857e-01 3.585601415800712122e-01 3.615184875000000408e-01 2.389999288401360167e-01 0.000000000000000000e+00 3.962244585433564725e-01 4.621647155172414201e-01 2.964816005246860842e-01 4.542910957446807951e-01 2.946492551232456902e-01 4.528541151018099509e-01 0.000000000000000000e+00 0.000000000000000000e+00 0.000000000000000000e+00 0.000000000000000000e+00 0.000000000000000000e+00 0.000000000000000000e+00 3.322908714616748527e-01 4.041830638554215205e-01 3.245764600298462477e-01 0.000000000000000000e+00 2.518541087738853657e-01 0.000000000000000000e+00 3.727945148826835031e-01 0.000000000000000000e+00 3.957083353420415284e-01 4.464537441578125265e-01 0.000000000000000000e+00 0.000000000000000000e+00 0.000000000000000000e+00 0.000000000000000000e+00 4.853365000000000595e-01 0.000000000000000000e+00 0.000000000000000000e+00 0.000000000000000000e+00 0.000000000000000000e+00 0.000000000000000000e+00 0.000000000000000000e+00 0.000000000000000000e+00 0.000000000000000000e+00 0.000000000000000000e+00 0.000000000000000000e+00 0.000000000000000000e+00 0.000000000000000000e+00 0.000000000000000000e+00 4.477570259012015885e-01 0.000000000000000000e+00 0.000000000000000000e+00 0.000000000000000000e+00 0.000000000000000000e+00 0.000000000000000000e+00 0.000000000000000000e+00 0.000000000000000000e+00 4.275942522522522271e-01 0.000000000000000000e+00 4.442055402298851208e-01 0.000000000000000000e+00 4.066709302325581255e-01 0.000000000000000000e+00 4.500388041795665428e-01 0.000000000000000000e+00 0.000000000000000000e+00 0.000000000000000000e+00 0.000000000000000000e+00 0.000000000000000000e+00 3.554634352408984621e-01 0.000000000000000000e+00 3.926706576810937710e-01 0.000000000000000000e+00 3.593653908860792168e-01 0.000000000000000000e+00 3.895916067101352076e-01 0.000000000000000000e+00 0.000000000000000000e+00 0.000000000000000000e+00 4.267434854433760916e-01 0.000000000000000000e+00 0.000000000000000000e+00 0.000000000000000000e+00 4.336570532885094531e-01 0.000000000000000000e+00 0.000000000000000000e+00 0.000000000000000000e+00 0.000000000000000000e+00 0.000000000000000000e+00 0.000000000000000000e+00 0.000000000000000000e+00 0.000000000000000000e+00 0.000000000000000000e+00 4.343174895833333271e-01 0.000000000000000000e+00 0.000000000000000000e+00 0.000000000000000000e+00 0.000000000000000000e+00 0.000000000000000000e+00 0.000000000000000000e+00 0.000000000000000000e+00 0.000000000000000000e+00 0.000000000000000000e+00 0.000000000000000000e+00 0.000000000000000000e+00 0.000000000000000000e+00 0.000000000000000000e+00 0.000000000000000000e+00 0.000000000000000000e+00 0.000000000000000000e+00 0.000000000000000000e+00 0.000000000000000000e+00 0.000000000000000000e+00 0.000000000000000000e+00 0.000000000000000000e+00
0.000000000000000000e+00 0.000000000000000000e+00 4.588290023985332478e-01 3.464843043334017159e-01 0.000000000000000000e+00 2.106834646161277469e-01 4.262070393667694024e-01 3.156693919006903770e-01 0.000000000000000000e+00 2.289108904505474107e-01 0.000000000000000000e+00 3.827678765006385930e-01 4.674250906542841699e-01 3.379818642695239239e-01 4.476402944715446863e-01 3.024966348185195719e-01 0.000000000000000000e+00 4.226985024509803401e-01 0.000000000000000000e+00 0.000000000000000000e+00 0.000000000000000000e+00 0.000000000000000000e+00 4.487546739925493133e-01 3.832887017953682807e-01 5.104906111923326328e-01 3.230940705359915399e-01 0.000000000000000000e+00 3.227613485713585750e-01 0.000000000000000000e+00 3.443411355966990994e-01 4.249504831165661356e-01 3.732640714285714312e-01 0.000000000000000000e+00 0.000000000000000000e+00 0.000000000000000000e+00 0.000000000000000000e+00 0.000000000000000000e+00 4.267160645161290344e-01 0.000000000000000000e+00 0.000000000000000000e+00 0.000000000000000000e+00 0.000000000000000000e+00 0.000000000000000000e+00 4.539818306306305784e-01 0.000000000000000000e+00 0.000000000000000000e+00 0.000000000000000000e+00 4.382247185271141987e-01 0.000000000000000000e+00 0.000000000000000000e+00 0.000000000000000000e+00 0.000000000000000000e+00 0.000000000000000000e+00 0.000000000000000000e+00 0.000000000000000000e+00 0.000000000000000000e+00 0.000000000000000000e+00 4.440485781249999819e-01 0.000000000000000000e+00 0.000000000000000000e+00 0.000000000000000000e+00 0.000000000000000000e+00 0.000000000000000000e+00 0.000000000000000000e+00 0.000000000000000000e+00 4.589253910256411162e-01 0.000000000000000000e+00 0.000000000000000000e+00 0.000000000000000000e+00 0.000000000000000000e+00 4.567267083333332867e-01 3.564853877512357272e-01 3.853666855555556436e-01 3.851096303790010333e-01 0.000000000000000000e+00 3.498181212783775806e-01 0.000000000000000000e+00 4.000969521105819382e-01 0.000000000000000000e+00 0.000000000000000000e+00 0.000000000000000000e+00 3.898468632478632734e-01 0.000000000000000000e+00 0.000000000000000000e+00 0.000000000000000000e+00 4.329582660023659213e-01 0.000000000000000000e+00 0.000000000000000000e+00 0.000000000000000000e+00 3.966563120143744570e-01 0.000000000000000000e+00 4.411081818181817882e-01 0.000000000000000000e+00 0.000000000000000000e+00 0.000000000000000000e+00 0.000000000000000000e+00 0.000000000000000000e+00 0.000000000000000000e+00 0.000000000000000000e+00 0.000000000000000000e+00 0.000000000000000000e+00 0.000000000000000000e+00 0.000000000000000000e+00 0.000000000000000000e+00 0.000000000000000000e+00 0.000000000000000000e+00 0.000000000000000000e+00 0.000000000000000000e+00 0.000000000000000000e+00 0.000000000000000000e+00 0.000000000000000000e+00 0.000000000000000000e+00 0.000000000000000000e+00 0.000000000000000000e+00 0.000000000000000000e+00 0.000000000000000000e+00
3.552495424623473563e-01 4.819944849645106943e-01 4.199507943103534813e-01 4.789740751156321696e-01 4.261355189873418103e-01 0.000000000000000000e+00 3.590023125177349006e-01 4.747541418289096260e-01 3.962244585433564725e-01 0.000000000000000000e+00 3.019323228179603413e-01 4.916972391727238434e-01 3.533358245599315661e-01 4.729680641507587602e-01 4.080115110514179189e-01 4.610217699999999974e-01 3.659364699338271132e-01 0.000000000000000000e+00 4.429955075928292962e-01 4.915509962534857502e-01 0.000000000000000000e+00 0.000000000000000000e+00 4.334478964965184922e-01 5.054407479543040482e-01 0.000000000000000000e+00 0.000000000000000000e+00 0.000000000000000000e+00 0.000000000000000000e+00 3.833238995177635222e-01 5.193985903846154439e-01 4.189280517363910272e-01 4.779228992209537119e-01 4.325623091954144406e-01 4.948097816295372042e-01 4.752908488372092344e-01 0.000000000000000000e+00 5.059099865566912824e-01 0.000000000000000000e+00 0.000000000000000000e+00 0.000000000000000000e+00 0.000000000000000000e+00 0.000000000000000000e+00 0.000000000000000000e+00 0.000000000000000000e+00 0.000000000000000000e+00 0.000000000000000000e+00 0.000000000000000000e+00 0.000000000000000000e+00 4.502922142857142540e-01 0.000000000000000000e+00 4.466674986572230499e-01 0.000000000000000000e+00 0.000000000000000000e+00 0.000000000000000000e+00 0.000000000000000000e+00 0.000000000000000000e+00 3.932381794173880341e-01 4.839564102564102854e-01 4.396664141742608889e-01 5.359628555555556728e-01 4.283866616208474309e-01 5.314867371794871342e-01 4.240301380648255902e-01 0.000000000000000000e+00 4.431516446134902698e-01 0.000000000000000000e+00 4.579976419985963831e-01 0.000000000000000000e+00 4.441917766870869255e-01 4.816732727272727277e-01 3.905139150895586275e-01 4.779089230769230645e-01 4.068229306602701434e-01 4.886837573913878630e-01 3.942785717948718016e-01 0.000000000000000000e+00 4.344934701243432507e-01 4.442551206069159653e-01 4.429099117647058992e-01 0.000000000000000000e+00 4.228337677765690583e-01 0.000000000000000000e+00 0.000000000000000000e+00 0.000000000000000000e+00 4.424853887589142998e-01 0.000000000000000000e+00 0.000000000000000000e+00 0.000000000000000000e+00 4.320821821469592594e-01 0.000000000000000000e+00 0.000000000000000000e+00 0.000000000000000000e+00 0.000000000000000000e+00 0.000000000000000000e+00 4.248007755102040095e-01 0.000000000000000000e+00 0.000000000000000000e+00 0.000000000000000000e+00 0.000000000000000000e+00 0.000000000000000000e+00 0.000000000000000000e+00 0.000000000000000000e+00 0.000000000000000000e+00 0.000000000000000000e+00 0.000000000000000000e+00 0.000000000000000000e+00 0.000000000000000000e+00 0.000000000000000000e+00 0.000000000000000000e+00 0.000000000000000000e+00 0.000000000000000000e+00 0.000000000000000000e+00 0.000000000000000000e+00 0.000000000000000000e+00 0.000000000000000000e+00 0.000000000000000000e+00
4.909261030962347450e-01 3.892002860578712142e-01 4.973381825834413128e-01 3.935571735090775403e-01 0.000000000000000000e+00 3.587428281953150555e-01 4.818901122325863762e-01 3.223644221730657122e-01 4.621647155172414201e-01 3.827678765006385930e-01 4.916972391727238434e-01 2.899259565147342954e-01 4.685984981715174413e-01 3.260173411048729042e-01 0.000000000000000000e+00 3.869689949469863333e-01 4.773531567129630226e-01 3.787392546949716055e-01 5.021317455356106851e-01 4.317978162981440104e-01 0.000000000000000000e+00 0.000000000000000000e+00 4.913643103642737486e-01 4.287275542849005583e-01 0.000000000000000000e+00 3.869889482758620547e-01 0.000000000000000000e+00 0.000000000000000000e+00 4.904556975235802585e-01 3.832311057410611177e-01 4.296550039571135349e-01 4.248515606867776517e-01 4.944612409999926683e-01 4.126123485899132470e-01 0.000000000000000000e+00 0.000000000000000000e+00 5.575048584905659688e-01 4.908788322878658295e-01 0.000000000000000000e+00 0.000000000000000000e+00 0.000000000000000000e+00 0.000000000000000000e+00 0.000000000000000000e+00 0.000000000000000000e+00 0.000000000000000000e+00 3.966342117647059240e-01 0.000000000000000000e+00 0.000000000000000000e+00 0.000000000000000000e+00 4.220118255701860166e-01 0.000000000000000000e+00 4.105366644878842286e-01 0.000000000000000000e+00 0.000000000000000000e+00 0.000000000000000000e+00 4.173648223162023108e-01 0.000000000000000000e+00 4.073979504762391124e-01 4.803261907894736393e-01 4.349467780383711180e-01 0.000000000000000000e+00 4.149379156773824184e-01 0.000000000000000000e+00 4.188103190383112295e-01 0.000000000000000000e+00 4.313788948842249282e-01 0.000000000000000000e+00 4.401850122153476708e-01 0.000000000000000000e+00 4.797715512820512895e-01 5.266816770225842825e-01 3.732254117625146139e-01 4.789011489010854827e-01 4.096327377194494135e-01 0.000000000000000000e+00 0.000000000000000000e+00 4.783854568564231968e-01 4.193768539343565305e-01 0.000000000000000000e+00 4.308209047619047105e-01 5.138234305555555714e-01 4.357282665694776624e-01 0.000000000000000000e+00 0.000000000000000000e+00 0.000000000000000000e+00 4.449620990669416742e-01 0.000000000000000000e+00 0.000000000000000000e+00 0.000000000000000000e+00 4.478195745360777913e-01 0.000000000000000000e+00 0.000000000000000000e+00 0.000000000000000000e+00 0.000000000000000000e+00 0.000000000000000000e+00 0.000000000000000000e+00 0.000000000000000000e+00 0.000000000000000000e+00 0.000000000000000000e+00 0.000000000000000000e+00 0.000000000000000000e+00 0.000000000000000000e+00 0.000000000000000000e+00 0.000000000000000000e+00 0.000000000000000000e+00 0.000000000000000000e+00 0.000000000000000000e+00 0.000000000000000000e+00 0.000000000000000000e+00 0.000000000000000000e+00 0.000000000000000000e+00 0.000000000000000000e+00 0.000000000000000000e+00 0.000000000000000000e+00 0.000000000000000000e+00 0.000000000000000000e+00
3.987045183011752036e-01 0.000000000000000000e+00 3.836636888218460939e-01 4.682751423940040847e-01 3.620860612359409481e-01 4.171291764705881699e-01 3.225236174140181933e-01 4.596089374940632855e-01 2.964816005246860842e-01 4.674250906542841699e-01 3.533358245599315661e-01 4.685984981715174413e-01 2.717046453066087053e-01 4.586607325090855114e-01 2.989323636850251265e-01 4.615991602190299137e-01 4.151536927848868408e-01 0.000000000000000000e+00 4.376942595146064430e-01 4.744538954526340002e-01 4.006391999999999731e-01 0.000000000000000000e+00 3.972478826302847099e-01 4.736507142251608626e-01 3.725050300206483311e-01 4.303852157930107003e-01 0.000000000000000000e+00 0.000000000000000000e+00 3.405110717100489071e-01 4.755588048278242552e-01 3.876012152053728288e-01 4.529587281420082712e-01 4.078737755399455267e-01 4.762700040878300456e-01 4.463695888888888907e-01 0.000000000000000000e+00 4.774627002750605476e-01 0.000000000000000000e+00 0.000000000000000000e+00 0.000000000000000000e+00 0.000000000000000000e+00 0.000000000000000000e+00 0.000000000000000000e+00 0.000000000000000000e+00 0.000000000000000000e+00 0.000000000000000000e+00 4.289996106870229142e-01 0.000000000000000000e+00 0.000000000000000000e+00 0.000000000000000000e+00 4.359090159867909930e-01 0.000000000000000000e+00 0.000000000000000000e+00 0.000000000000000000e+00 4.646634047619047636e-01 0.000000000000000000e+00 4.341334600465401317e-01 0.000000000000000000e+00 4.404988730942963615e-01 0.000000000000000000e+00 4.358024116226737465e-01 0.000000000000000000e+00 4.133960228966154782e-01 0.000000000000000000e+00 4.453919930698116425e-01 0.000000000000000000e+00 4.426307781077432058e-01 0.000000000000000000e+00 4.680848308636822441e-01 0.000000000000000000e+00 3.703116704318792363e-01 4.755005715604421201e-01 4.155815198006330702e-01 4.718859092925468124e-01 3.713499617419528942e-01 0.000000000000000000e+00 4.171604644024530795e-01 4.738369594320487321e-01 0.000000000000000000e+00 0.000000000000000000e+00 4.064406492093871059e-01 0.000000000000000000e+00 0.000000000000000000e+00 0.000000000000000000e+00 4.387371961125566822e-01 0.000000000000000000e+00 0.000000000000000000e+00 0.000000000000000000e+00 4.205011584526617829e-01 0.000000000000000000e+00 0.000000000000000000e+00 4.573140640000000201e-01 0.000000000000000000e+00 0.000000000000000000e+00 4.414829525087206608e-01 0.000000000000000000e+00 0.000000000000000000e+00 0.000000000000000000e+00 0.000000000000000000e+00 0.000000000000000000e+00 0.000000000000000000e+00 0.000000000000000000e+00 0.000000000000000000e+00 0.000000000000000000e+00 0.000000000000000000e+00 0.000000000000000000e+00 0.000000000000000000e+00 0.000000000000000000e+00 0.000000000000000000e+00 0.000000000000000000e+00 0.000000000000000000e+00 0.000000000000000000e+00 0.000000000000000000e+00 0.000000000000000000e+00 0.000000000000000000e+00 0.000000000000000000e+00
