0.000000000000000000e+00 1.924270639354438289e-02 4.601323668452568516e-02 2.850952218040825759e-03 3.013863773357444362e-03 0.000000000000000000e+00 1.133723631632747864e-01 3.542609722495571566e-03 2.047382275519157770e-03 0.000000000000000000e+00 1.797112462006079103e-01 1.485884101040118796e-03 5.471811878203195617e-02 0.000000000000000000e+00 2.536900369003689936e-03 0.000000000000000000e+00 1.189427312775330342e-01 6.692320562154927292e-04 7.811217510259918506e-02 2.684101858224363299e-02 0.000000000000000000e+00 0.000000000000000000e+00 1.906717512466999222e-03 2.349624060150375809e-04 0.000000000000000000e+00 0.000000000000000000e+00 3.497726477789436968e-04 0.000000000000000000e+00 5.025794641371276322e-02 1.306240928882438377e-03 5.047445992327882422e-03 7.711586658955079830e-04 8.407286314806165436e-03 1.224095350585203447e-02 3.207184092366901639e-04 3.135779241141423558e-04 1.283544303797468367e-01 6.480881399870382434e-04 0.000000000000000000e+00 0.000000000000000000e+00 3.424657534246575152e-03 0.000000000000000000e+00 7.209805335255947689e-04 0.000000000000000000e+00 1.643047853768740945e-03 1.410437235543018258e-04 5.552470849528040467e-04 0.000000000000000000e+00 2.551020408163265103e-03 1.241464928615766650e-04 1.579532814238042426e-02 0.000000000000000000e+00 4.201680672268907381e-03 0.000000000000000000e+00 5.685856432125088733e-03 0.000000000000000000e+00 2.393700787401574770e-01 1.514942845338107698e-03 4.146141215106732142e-02 3.743215422047539102e-04 1.089548100914887740e-01 1.446480231436837131e-03 1.319320214669051847e-02 7.785130400934215213e-04 8.562814070351758289e-02 4.733354370463868947e-04 2.544639006296903205e-02 5.990415335463258537e-04 1.417105593177827860e-01 9.152719665271966121e-03 8.051820268940636238e-02 1.366493577480185941e-03 4.311124510099487162e-02 6.345982992765579608e-04 0.000000000000000000e+00 0.000000000000000000e+00 1.050969131371141396e-01 4.570122822050842575e-03 1.538461538461538460e-03 0.000000000000000000e+00 2.861876788672992975e-03 0.000000000000000000e+00 0.000000000000000000e+00 0.000000000000000000e+00 1.820968178130352375e-02 0.000000000000000000e+00 0.000000000000000000e+00 0.000000000000000000e+00 1.209964412811387856e-02 0.000000000000000000e+00 1.639941690962099180e-03 5.636978579481397716e-04 0.000000000000000000e+00 0.000000000000000000e+00 6.482982171799027242e-03 0.000000000000000000e+00 5.130836326321190069e-04 0.000000000000000000e+00 0.000000000000000000e+00 2.557544757033248291e-03 7.942811755361397488e-04 0.000000000000000000e+00 1.147282374874516097e-03 2.383790226460071558e-04 2.841806125670981974e-03 4.332129963898916948e-04 1.545595054095826862e-03 1.262626262626262734e-03 0.000000000000000000e+00 0.000000000000000000e+00 0.000000000000000000e+00 0.000000000000000000e+00 0.000000000000000000e+00 1.620745542949756810e-03 0.000000000000000000e+00 0.000000000000000000e+00
1.924270639354438289e-02 0.000000000000000000e+00 2.101061035823090575e-03 5.747519671570304467e-02 0.000000000000000000e+00 7.433102081268582600e-04 2.880773162345506930e-03 8.846683723676442013e-02 0.000000000000000000e+00 1.932989690721649556e-03 7.598784194528875350e-04 4.804358593363051294e-02 3.014772384684956288e-04 1.404671717171717196e-02 0.000000000000000000e+00 2.945902517407605718e-03 1.541850220264317194e-03 5.353856449723942007e-02 2.913816689466484228e-02 1.316815783436567910e-01 0.000000000000000000e+00 0.000000000000000000e+00 0.000000000000000000e+00 0.000000000000000000e+00 0.000000000000000000e+00 0.000000000000000000e+00 0.000000000000000000e+00 0.000000000000000000e+00 8.320852055250457530e-04 2.830188679245283084e-02 6.056935190793458343e-04 1.927896664738769957e-04 9.341429238673516766e-03 1.395898206807688093e-02 6.414368184733803277e-04 0.000000000000000000e+00 3.291139240506329045e-03 8.317131129833657543e-02 0.000000000000000000e+00 0.000000000000000000e+00 0.000000000000000000e+00 0.000000000000000000e+00 0.000000000000000000e+00 3.636363636363636144e-04 2.053809817210926181e-04 1.974612129760225723e-03 0.000000000000000000e+00 0.000000000000000000e+00 1.594387755102040689e-04 3.724394785847299789e-03 2.224694104560623006e-04 9.759928202827013177e-03 0.000000000000000000e+00 1.248751248751248750e-03 0.000000000000000000e+00 5.683775404753703062e-03 8.748906386701662532e-04 2.742046550061975063e-01 4.105090311986863577e-04 3.125584877409694901e-02 6.930967563071804361e-04 2.507232401157184071e-02 4.472271914132379270e-04 7.006617360840794451e-03 0.000000000000000000e+00 4.086462606500473188e-02 1.811437936685931236e-03 4.293130990415335718e-03 1.254075746175068937e-02 7.505230125523013052e-02 1.147917349950803613e-03 7.939327685159880410e-02 9.044317154054868323e-04 3.287219190252570200e-02 0.000000000000000000e+00 1.757322175732217717e-02 5.025125628140703592e-03 8.926021136818051982e-02 0.000000000000000000e+00 0.000000000000000000e+00 1.506250941406838437e-04 6.492228998622860681e-03 0.000000000000000000e+00 9.551098376313275733e-04 1.802938790228071696e-04 2.931065677582775364e-02 0.000000000000000000e+00 0.000000000000000000e+00 0.000000000000000000e+00 1.458241272646928870e-02 2.004373177842565593e-03 3.945885005636978402e-03 6.235709831635834720e-04 4.501607717041800419e-03 4.862236628849271082e-03 2.469135802469135665e-02 2.565418163160595143e-03 0.000000000000000000e+00 5.021971123666039288e-03 2.557544757033248291e-03 7.942811755361397488e-04 2.427184466019417265e-03 1.720923562311774038e-03 1.787842669845053547e-03 9.472687085569940274e-04 1.588447653429602953e-03 1.545595054095826862e-03 1.262626262626262734e-03 0.000000000000000000e+00 0.000000000000000000e+00 0.000000000000000000e+00 0.000000000000000000e+00 0.000000000000000000e+00 8.103727714748784052e-04 3.367003367003366856e-03 2.577319587628865930e-03
4.601323668452568516e-02 2.101061035823090575e-03 0.000000000000000000e+00 4.219409282700421586e-03 8.257986738999396892e-02 4.955401387512388400e-04 2.473747792956045022e-01 1.052942334186183874e-02 4.065516232816612785e-02 4.510309278350515053e-03 5.433130699088145610e-02 2.228826151560178194e-03 5.441664154356345984e-02 3.472222222222222029e-03 2.029520295202951949e-02 2.678093197643277926e-03 1.541850220264317194e-02 1.673080140538731877e-03 9.630642954856361015e-02 6.538196834136270064e-03 0.000000000000000000e+00 0.000000000000000000e+00 2.380463479026107276e-01 8.223684210526315333e-03 3.759398496240601295e-02 6.169377453729669482e-03 9.094088842252535249e-03 0.000000000000000000e+00 2.845731402895656376e-02 2.177068214804063744e-03 1.897839693115283694e-02 9.832272990167726864e-03 6.227619492449011467e-03 4.295071405562117875e-03 6.414368184733803277e-04 0.000000000000000000e+00 2.177215189873417736e-02 6.480881399870382434e-04 0.000000000000000000e+00 0.000000000000000000e+00 3.424657534246575152e-03 0.000000000000000000e+00 1.153568853640951760e-03 0.000000000000000000e+00 3.491476689258574562e-03 0.000000000000000000e+00 5.552470849528040467e-04 0.000000000000000000e+00 3.826530612244897871e-03 0.000000000000000000e+00 3.337041156840934563e-03 1.121830827911151024e-04 9.696186166774402315e-04 0.000000000000000000e+00 2.309879175550817298e-03 0.000000000000000000e+00 8.223972003499563019e-03 2.754441536978377830e-04 1.573617952928297800e-02 5.614823133071308653e-04 1.192126420848350389e-02 0.000000000000000000e+00 1.565295169946332799e-03 1.946282600233553803e-04 4.623115577889446923e-03 3.155569580309245965e-04 2.346243422755110719e-02 4.992012779552715447e-04 1.254075746175068893e-03 0.000000000000000000e+00 2.836995736306986010e-02 4.099480732440557713e-04 8.878504672897195860e-02 1.523035918263738976e-03 2.525252525252525467e-03 8.368200836820083180e-04 8.212491026561377638e-02 2.285061411025421287e-03 0.000000000000000000e+00 0.000000000000000000e+00 1.054375658984786851e-03 0.000000000000000000e+00 0.000000000000000000e+00 0.000000000000000000e+00 2.704408185342107706e-03 0.000000000000000000e+00 7.363770250368188372e-04 0.000000000000000000e+00 1.423487544483985866e-03 0.000000000000000000e+00 3.644314868804664665e-04 5.636978579481397716e-04 4.157139887757222785e-04 0.000000000000000000e+00 4.862236628849271082e-03 1.234567901234567833e-02 0.000000000000000000e+00 0.000000000000000000e+00 6.277463904582549110e-04 0.000000000000000000e+00 1.588562351072279498e-03 0.000000000000000000e+00 5.736411874372580487e-04 1.191895113230035779e-04 9.472687085569940274e-04 1.444043321299639073e-04 1.545595054095826862e-03 1.262626262626262734e-03 0.000000000000000000e+00 0.000000000000000000e+00 1.018329938900203570e-03 0.000000000000000000e+00 0.000000000000000000e+00 8.103727714748784052e-04 0.000000000000000000e+00 0.000000000000000000e+00
2.850952218040825759e-03 5.747519671570304467e-02 4.219409282700421586e-03 0.000000000000000000e+00 4.520795660036166543e-03 4.707631318136769327e-02 8.456463153981972139e-03 2.249557173784688113e-01 2.924831822170225262e-03 5.605670103092783713e-02 3.419452887537993962e-03 3.665180782565626710e-02 5.426590292432920994e-03 5.429292929292929559e-02 3.459409594095940940e-03 1.847884306373861682e-02 1.101321585903083803e-03 2.108080977078801918e-02 7.797537619699042299e-03 7.914659325533379697e-02 7.127583749109052402e-04 1.005025125628140805e-03 8.800234672924610660e-03 2.690319548872180389e-01 4.101161995898838092e-03 3.925967470555243727e-02 1.399090591115774787e-03 1.536983669548511004e-02 8.320852055250457530e-04 2.394775036284470249e-02 1.453664445790430089e-02 2.467707730865625546e-02 3.892262182780632275e-03 9.771287447653816821e-03 0.000000000000000000e+00 9.407337723424271216e-04 1.012658227848101328e-03 2.095484985958090407e-02 0.000000000000000000e+00 0.000000000000000000e+00 0.000000000000000000e+00 0.000000000000000000e+00 0.000000000000000000e+00 1.212121212121212093e-04 0.000000000000000000e+00 4.231311706629055369e-03 0.000000000000000000e+00 0.000000000000000000e+00 0.000000000000000000e+00 3.848541278708876318e-03 0.000000000000000000e+00 1.234013910702266154e-03 0.000000000000000000e+00 2.497502497502497500e-04 0.000000000000000000e+00 0.000000000000000000e+00 1.749781277340332344e-04 5.922049304503512225e-03 2.736726874657909232e-04 2.227213176118285690e-02 0.000000000000000000e+00 2.410800385728061740e-03 2.236135957066189635e-04 1.362397820163487689e-03 0.000000000000000000e+00 1.577784790154622982e-03 4.312947468299836327e-04 1.387779552715654938e-02 2.508151492350137678e-04 8.368200836820082963e-03 1.639881928501147864e-03 3.757857338070511033e-02 1.808863430810973665e-03 6.879045564157887371e-02 0.000000000000000000e+00 1.087866108786610803e-02 2.297200287150036064e-03 9.711510996858040146e-02 0.000000000000000000e+00 0.000000000000000000e+00 0.000000000000000000e+00 0.000000000000000000e+00 0.000000000000000000e+00 9.551098376313275733e-04 9.014693951140358478e-05 2.713949701465532584e-04 0.000000000000000000e+00 1.643385373870172479e-03 0.000000000000000000e+00 2.945941964943290733e-04 1.822157434402332278e-03 9.019165727170236346e-03 1.039284971939305859e-03 4.501607717041800419e-03 6.482982171799027242e-03 2.469135802469135665e-02 2.052334530528476027e-03 0.000000000000000000e+00 6.277463904582548243e-03 3.836317135549872220e-03 1.588562351072279498e-03 4.854368932038834530e-03 8.604617811558870188e-04 1.787842669845053547e-03 3.157562361856646577e-04 1.155234657039711258e-03 3.091190108191653723e-03 0.000000000000000000e+00 0.000000000000000000e+00 0.000000000000000000e+00 2.036659877800407140e-03 0.000000000000000000e+00 0.000000000000000000e+00 0.000000000000000000e+00 0.000000000000000000e+00 0.000000000000000000e+00
3.013863773357444362e-03 0.000000000000000000e+00 8.257986738999396892e-02 4.520795660036166543e-03 0.000000000000000000e+00 6.689791873141724340e-03 1.040795465105473494e-02 6.888407793741389276e-04 2.395437262357414387e-01 5.154639175257731860e-03 3.799392097264437675e-04 0.000000000000000000e+00 1.281278263491106469e-02 3.156565656565656834e-04 1.166974169741697431e-01 1.874665238350294548e-03 0.000000000000000000e+00 0.000000000000000000e+00 6.839945280437756403e-04 0.000000000000000000e+00 1.496792587312901004e-02 3.015075376884421982e-03 1.540041067761806909e-02 3.759398496240601295e-03 5.604921394395078610e-02 2.355580482333146514e-02 1.762854144805876266e-01 4.482869036183157602e-03 9.485771342985522409e-03 1.451378809869375793e-04 7.268322228952150445e-03 7.904376325428957503e-03 6.227619492449011033e-04 0.000000000000000000e+00 3.207184092366901639e-04 0.000000000000000000e+00 5.063291139240506640e-04 0.000000000000000000e+00 5.800464037122969596e-04 0.000000000000000000e+00 0.000000000000000000e+00 0.000000000000000000e+00 2.883922134102379401e-04 0.000000000000000000e+00 2.053809817210926181e-04 0.000000000000000000e+00 1.665741254858412032e-03 0.000000000000000000e+00 1.594387755102040689e-04 0.000000000000000000e+00 2.224694104560623006e-04 1.121830827911151024e-04 0.000000000000000000e+00 0.000000000000000000e+00 7.107320540156360916e-04 0.000000000000000000e+00 0.000000000000000000e+00 0.000000000000000000e+00 0.000000000000000000e+00 0.000000000000000000e+00 6.930967563071804361e-04 0.000000000000000000e+00 4.472271914132379270e-04 0.000000000000000000e+00 6.030150753768844614e-04 0.000000000000000000e+00 0.000000000000000000e+00 0.000000000000000000e+00 7.524454477050413577e-04 0.000000000000000000e+00 3.164972122007215366e-02 4.099480732440557822e-03 2.396744045824540301e-02 0.000000000000000000e+00 0.000000000000000000e+00 0.000000000000000000e+00 3.158650394831299425e-03 1.428163381890888305e-04 0.000000000000000000e+00 0.000000000000000000e+00 6.025003765627353746e-04 0.000000000000000000e+00 5.559968228752978567e-03 0.000000000000000000e+00 3.515730640944739888e-03 0.000000000000000000e+00 2.945508100147275349e-03 0.000000000000000000e+00 2.135231316725978799e-03 0.000000000000000000e+00 0.000000000000000000e+00 1.127395715896279543e-03 2.078569943878611393e-04 0.000000000000000000e+00 0.000000000000000000e+00 0.000000000000000000e+00 0.000000000000000000e+00 0.000000000000000000e+00 0.000000000000000000e+00 0.000000000000000000e+00 0.000000000000000000e+00 0.000000000000000000e+00 0.000000000000000000e+00 1.191895113230035779e-04 3.157562361856646577e-04 1.444043321299639073e-04 0.000000000000000000e+00 0.000000000000000000e+00 0.000000000000000000e+00 0.000000000000000000e+00 0.000000000000000000e+00 0.000000000000000000e+00 0.000000000000000000e+00 0.000000000000000000e+00 0.000000000000000000e+00 0.000000000000000000e+00
0.000000000000000000e+00 7.433102081268582600e-04 4.955401387512388400e-04 4.707631318136769327e-02 6.689791873141724340e-03 0.000000000000000000e+00 9.292816652727442105e-05 8.266089352489666697e-03 3.509798186604270401e-03 2.893041237113402331e-01 0.000000000000000000e+00 7.429420505200593980e-04 1.507386192342478144e-04 9.469696969696969960e-04 1.614391143911439149e-03 1.312265666845206236e-01 0.000000000000000000e+00 1.673080140538731823e-04 1.367989056087551281e-04 8.029364533149804676e-04 7.840342124019957643e-03 7.839195979899497846e-02 2.053388090349076052e-03 5.968045112781954903e-02 1.503759398496240518e-02 1.340437464946719059e-01 1.189227002448408482e-02 2.379122638488632702e-01 0.000000000000000000e+00 2.075471698113207433e-02 2.180496668685645220e-02 1.253132832080200432e-02 1.556904873112252758e-04 1.073767851390529469e-03 0.000000000000000000e+00 0.000000000000000000e+00 0.000000000000000000e+00 1.512205659969755901e-03 0.000000000000000000e+00 3.988831272437175657e-04 0.000000000000000000e+00 0.000000000000000000e+00 0.000000000000000000e+00 1.212121212121212093e-04 0.000000000000000000e+00 2.820874471086036515e-04 0.000000000000000000e+00 9.321401938851603440e-04 0.000000000000000000e+00 1.241464928615766650e-04 1.112347052280311503e-04 2.243661655822302048e-04 0.000000000000000000e+00 9.990009990009990001e-04 0.000000000000000000e+00 3.444712366517396025e-04 0.000000000000000000e+00 1.377220768489188915e-04 0.000000000000000000e+00 0.000000000000000000e+00 0.000000000000000000e+00 2.410800385728061794e-04 0.000000000000000000e+00 0.000000000000000000e+00 0.000000000000000000e+00 0.000000000000000000e+00 8.625894936599671841e-05 9.984025559105430894e-05 0.000000000000000000e+00 0.000000000000000000e+00 1.967858314201377436e-03 6.490844493030882567e-02 0.000000000000000000e+00 5.394085543850742764e-02 0.000000000000000000e+00 4.184100418410041482e-03 0.000000000000000000e+00 3.570408454727220897e-03 0.000000000000000000e+00 0.000000000000000000e+00 0.000000000000000000e+00 1.573873696635844869e-03 0.000000000000000000e+00 4.775549188156638300e-03 0.000000000000000000e+00 1.628369820879319767e-03 0.000000000000000000e+00 5.751848808545604111e-03 0.000000000000000000e+00 2.062159375460303513e-03 1.822157434402332332e-04 5.636978579481397716e-04 2.078569943878611393e-04 6.430868167202572492e-04 0.000000000000000000e+00 0.000000000000000000e+00 0.000000000000000000e+00 0.000000000000000000e+00 0.000000000000000000e+00 0.000000000000000000e+00 0.000000000000000000e+00 0.000000000000000000e+00 1.434102968593145122e-04 0.000000000000000000e+00 0.000000000000000000e+00 1.444043321299639073e-04 0.000000000000000000e+00 0.000000000000000000e+00 0.000000000000000000e+00 0.000000000000000000e+00 0.000000000000000000e+00 0.000000000000000000e+00 0.000000000000000000e+00 0.000000000000000000e+00 0.000000000000000000e+00 0.000000000000000000e+00
1.133723631632747864e-01 2.880773162345506930e-03 2.473747792956045022e-01 8.456463153981972139e-03 1.040795465105473494e-02 9.292816652727442105e-05 0.000000000000000000e+00 2.548710883684314130e-02 1.500438724773325572e-01 6.443298969072164609e-03 8.434650455927052148e-02 7.677067855373947113e-03 2.016882725354235684e-01 1.246843434343434392e-02 6.226937269372693519e-03 5.356186395286555851e-04 2.246696035242290793e-02 2.676928224861970917e-03 3.419972640218878202e-02 1.628813948153246330e-02 0.000000000000000000e+00 0.000000000000000000e+00 4.004106776180697824e-02 1.691729323308270583e-02 1.025290498974709523e-02 5.608524957936062870e-04 1.748863238894718484e-03 0.000000000000000000e+00 2.246630054917623728e-02 2.322206095791001269e-03 2.119927316777710583e-02 2.911123963755542568e-02 5.449167055892885358e-03 9.234403521958553171e-03 6.414368184733803277e-04 3.135779241141423558e-04 9.620253164556962291e-03 0.000000000000000000e+00 0.000000000000000000e+00 0.000000000000000000e+00 0.000000000000000000e+00 0.000000000000000000e+00 5.767844268204758802e-04 0.000000000000000000e+00 3.286095707537481890e-03 1.410437235543018258e-04 1.850823616509346642e-04 0.000000000000000000e+00 2.551020408163265103e-03 0.000000000000000000e+00 1.345939933259176872e-02 0.000000000000000000e+00 5.171299288946347612e-03 0.000000000000000000e+00 1.083866382373845083e-02 0.000000000000000000e+00 1.697287839020122577e-02 2.754441536978377830e-04 1.163108921729611410e-02 5.614823133071308653e-04 5.225949542556140859e-02 2.410800385728061794e-04 6.932021466905188140e-03 1.946282600233553803e-04 7.236180904522612756e-02 0.000000000000000000e+00 5.089278012593806237e-03 2.995207667731629268e-04 7.524454477050413577e-04 2.615062761506275926e-04 4.772056411938340598e-02 1.366493577480185941e-03 4.039794995477841155e-02 4.188348775225282129e-03 0.000000000000000000e+00 8.368200836820083180e-04 3.201722900215362572e-02 8.426163953156241837e-03 0.000000000000000000e+00 0.000000000000000000e+00 8.585630366018979359e-03 0.000000000000000000e+00 0.000000000000000000e+00 0.000000000000000000e+00 3.380510231677634481e-02 9.046499004885109516e-05 2.209131075110456512e-03 0.000000000000000000e+00 2.206405693950178049e-02 1.472970982471645367e-04 1.822157434402332332e-04 1.127395715896279543e-03 2.078569943878611393e-04 6.430868167202572492e-04 1.620745542949756810e-03 0.000000000000000000e+00 0.000000000000000000e+00 0.000000000000000000e+00 6.277463904582549110e-04 0.000000000000000000e+00 0.000000000000000000e+00 0.000000000000000000e+00 1.434102968593145122e-04 1.191895113230035779e-04 9.472687085569940274e-04 0.000000000000000000e+00 0.000000000000000000e+00 0.000000000000000000e+00 0.000000000000000000e+00 0.000000000000000000e+00 0.000000000000000000e+00 0.000000000000000000e+00 0.000000000000000000e+00 8.103727714748784052e-04 0.000000000000000000e+00 0.000000000000000000e+00
3.542609722495571566e-03 8.846683723676442013e-02 1.052942334186183874e-02 2.249557173784688113e-01 6.888407793741389276e-04 8.266089352489666697e-03 2.548710883684314130e-02 0.000000000000000000e+00 2.924831822170225262e-03 2.048969072164948391e-01 1.367781155015197585e-02 1.245666171371966335e-01 1.341573711184805562e-02 1.881313131313131215e-01 5.304428044280442948e-03 1.740760578468130565e-02 1.101321585903083803e-03 2.693659026267358064e-02 1.805745554035567690e-02 2.466161963753154412e-02 0.000000000000000000e+00 0.000000000000000000e+00 1.892050454678791474e-02 4.440789473684210453e-02 2.734107997265892206e-03 3.365114974761637505e-03 3.497726477789436968e-04 3.522254242715337682e-03 2.829089698785155517e-03 1.233671988388969527e-02 1.675752069452856804e-02 2.448428764218238060e-02 5.293476568581659270e-03 1.342209814238161728e-02 6.414368184733803277e-04 6.271558482282847116e-04 2.531645569620253320e-04 4.968675739900626533e-03 0.000000000000000000e+00 0.000000000000000000e+00 0.000000000000000000e+00 0.000000000000000000e+00 0.000000000000000000e+00 4.848484848484848372e-04 0.000000000000000000e+00 3.526093088857545996e-03 1.850823616509346642e-04 0.000000000000000000e+00 1.594387755102040689e-04 5.338299193047795974e-03 2.224694104560623006e-04 1.817365941216064762e-02 0.000000000000000000e+00 4.495504495504495934e-03 0.000000000000000000e+00 1.429555632104719323e-02 1.749781277340332344e-04 8.951934995179726753e-03 5.473453749315818464e-04 1.740595171252105541e-02 2.772387025228721961e-04 1.422372227579556461e-02 2.236135957066189635e-04 1.751654340210198613e-03 1.206030150753768923e-03 3.171347428210791880e-02 1.466402139221944199e-03 5.391373801916932683e-03 5.016302984700275356e-04 1.569037656903765664e-03 1.147917349950803613e-03 9.879748565181743769e-02 7.687669580946638291e-03 3.832973727630410027e-02 0.000000000000000000e+00 1.673640167364016636e-03 4.594400574300072128e-03 3.641816623821764881e-02 0.000000000000000000e+00 0.000000000000000000e+00 0.000000000000000000e+00 1.200078693684831707e-02 0.000000000000000000e+00 0.000000000000000000e+00 4.507346975570179510e-04 3.546227609914962692e-02 0.000000000000000000e+00 8.216926869350862396e-04 3.558718861209964664e-04 2.562969509500662851e-02 1.093294460641399454e-03 5.636978579481397716e-04 2.078569943878611393e-04 1.286173633440514498e-03 0.000000000000000000e+00 0.000000000000000000e+00 0.000000000000000000e+00 0.000000000000000000e+00 1.255492780916509822e-03 1.278772378516624146e-03 7.942811755361397488e-04 0.000000000000000000e+00 2.868205937186290243e-04 5.959475566150178490e-04 0.000000000000000000e+00 1.299638989169675084e-03 0.000000000000000000e+00 0.000000000000000000e+00 0.000000000000000000e+00 0.000000000000000000e+00 0.000000000000000000e+00 0.000000000000000000e+00 0.000000000000000000e+00 0.000000000000000000e+00 0.000000000000000000e+00 0.000000000000000000e+00
2.047382275519157770e-03 0.000000000000000000e+00 4.065516232816612785e-02 2.924831822170225262e-03 2.395437262357414387e-01 3.509798186604270401e-03 1.500438724773325572e-01 2.924831822170225262e-03 0.000000000000000000e+00 4.510309278350515053e-03 7.598784194528875350e-04 0.000000000000000000e+00 4.205607476635513792e-02 1.262626262626262734e-03 2.154059040590405871e-01 3.749330476700589096e-03 8.810572687224669988e-04 1.673080140538731823e-04 4.103967168262653842e-04 0.000000000000000000e+00 7.127583749109052402e-04 0.000000000000000000e+00 7.626870049867996888e-03 2.819548872180450971e-03 3.144224196855775755e-02 6.730229949523275010e-03 3.182931094788387510e-02 0.000000000000000000e+00 8.154435014145448510e-03 1.451378809869375793e-04 1.413284877851806983e-03 3.084634663582031932e-03 6.227619492449011033e-04 0.000000000000000000e+00 0.000000000000000000e+00 0.000000000000000000e+00 2.531645569620253320e-04 0.000000000000000000e+00 0.000000000000000000e+00 0.000000000000000000e+00 0.000000000000000000e+00 0.000000000000000000e+00 5.767844268204758802e-04 0.000000000000000000e+00 0.000000000000000000e+00 0.000000000000000000e+00 5.552470849528040467e-04 0.000000000000000000e+00 0.000000000000000000e+00 1.241464928615766650e-04 1.112347052280311503e-04 0.000000000000000000e+00 0.000000000000000000e+00 0.000000000000000000e+00 1.776830135039090229e-04 0.000000000000000000e+00 0.000000000000000000e+00 0.000000000000000000e+00 2.736726874657909232e-04 0.000000000000000000e+00 1.247574161352924937e-03 0.000000000000000000e+00 1.565295169946332799e-03 0.000000000000000000e+00 2.010050251256281610e-03 0.000000000000000000e+00 6.038126455619770424e-04 9.984025559105430894e-05 5.016302984700275356e-04 0.000000000000000000e+00 1.279107904230895355e-02 5.465974309920742895e-04 2.050045221585770211e-02 2.538393197106231626e-04 1.262626262626262734e-03 0.000000000000000000e+00 4.450825556353194684e-03 1.428163381890888305e-04 0.000000000000000000e+00 0.000000000000000000e+00 1.355625847266154647e-03 0.000000000000000000e+00 1.588562351072279498e-03 0.000000000000000000e+00 2.884702064364914713e-03 0.000000000000000000e+00 3.681885125184094186e-03 0.000000000000000000e+00 1.957295373665480457e-03 0.000000000000000000e+00 1.822157434402332332e-04 0.000000000000000000e+00 2.078569943878611393e-04 0.000000000000000000e+00 0.000000000000000000e+00 0.000000000000000000e+00 0.000000000000000000e+00 0.000000000000000000e+00 0.000000000000000000e+00 0.000000000000000000e+00 0.000000000000000000e+00 0.000000000000000000e+00 0.000000000000000000e+00 1.191895113230035779e-04 0.000000000000000000e+00 2.888086642599278146e-04 0.000000000000000000e+00 0.000000000000000000e+00 0.000000000000000000e+00 0.000000000000000000e+00 0.000000000000000000e+00 0.000000000000000000e+00 0.000000000000000000e+00 0.000000000000000000e+00 0.000000000000000000e+00 0.000000000000000000e+00
0.000000000000000000e+00 1.932989690721649556e-03 4.510309278350515053e-03 5.605670103092783713e-02 5.154639175257731860e-03 2.893041237113402331e-01 6.443298969072164609e-03 2.048969072164948391e-01 4.510309278350515053e-03 0.000000000000000000e+00 0.000000000000000000e+00 1.733531451213471929e-03 3.014772384684956288e-04 7.417929292929292991e-03 2.306273062730627293e-03 8.944831280128548445e-02 0.000000000000000000e+00 0.000000000000000000e+00 0.000000000000000000e+00 9.176416609314062486e-04 0.000000000000000000e+00 0.000000000000000000e+00 2.053388090349076052e-03 3.289473684210526133e-03 3.417634996582364932e-03 3.925967470555243900e-03 1.049317943336831090e-03 1.312840217739353124e-02 3.328340822100183121e-04 2.031930333817126219e-03 2.826569755703613965e-03 1.542317331791015966e-03 0.000000000000000000e+00 2.147535702781058612e-04 0.000000000000000000e+00 0.000000000000000000e+00 0.000000000000000000e+00 0.000000000000000000e+00 0.000000000000000000e+00 0.000000000000000000e+00 0.000000000000000000e+00 0.000000000000000000e+00 0.000000000000000000e+00 0.000000000000000000e+00 0.000000000000000000e+00 1.410437235543018258e-04 0.000000000000000000e+00 0.000000000000000000e+00 0.000000000000000000e+00 0.000000000000000000e+00 0.000000000000000000e+00 2.243661655822302048e-04 0.000000000000000000e+00 0.000000000000000000e+00 0.000000000000000000e+00 1.722356183258698012e-04 0.000000000000000000e+00 2.754441536978377830e-04 0.000000000000000000e+00 0.000000000000000000e+00 0.000000000000000000e+00 2.410800385728061794e-04 0.000000000000000000e+00 0.000000000000000000e+00 0.000000000000000000e+00 1.577784790154622982e-04 0.000000000000000000e+00 0.000000000000000000e+00 0.000000000000000000e+00 2.615062761506275926e-04 3.279763857002295727e-04 2.869636512708390128e-03 1.507386192342478144e-04 8.630536870161187313e-03 0.000000000000000000e+00 0.000000000000000000e+00 0.000000000000000000e+00 2.427877749214510036e-03 0.000000000000000000e+00 0.000000000000000000e+00 0.000000000000000000e+00 1.967342120794806086e-04 0.000000000000000000e+00 9.551098376313275733e-04 0.000000000000000000e+00 6.332549303419576390e-04 0.000000000000000000e+00 0.000000000000000000e+00 0.000000000000000000e+00 4.418912947414936100e-04 0.000000000000000000e+00 5.636978579481397716e-04 0.000000000000000000e+00 0.000000000000000000e+00 0.000000000000000000e+00 0.000000000000000000e+00 0.000000000000000000e+00 0.000000000000000000e+00 0.000000000000000000e+00 0.000000000000000000e+00 0.000000000000000000e+00 0.000000000000000000e+00 0.000000000000000000e+00 0.000000000000000000e+00 0.000000000000000000e+00 0.000000000000000000e+00 0.000000000000000000e+00 0.000000000000000000e+00 0.000000000000000000e+00 0.000000000000000000e+00 0.000000000000000000e+00 0.000000000000000000e+00 0.000000000000000000e+00 0.000000000000000000e+00 0.000000000000000000e+00 0.000000000000000000e+00
1.797112462006079103e-01 7.598784194528875350e-04 5.433130699088145610e-02 3.419452887537993962e-03 3.799392097264437675e-04 0.000000000000000000e+00 8.434650455927052148e-02 1.367781155015197585e-02 7.598784194528875350e-04 0.000000000000000000e+00 0.000000000000000000e+00 7.429420505200593980e-04 6.391317455532107006e-02 1.578282828282828417e-04 1.383763837638376289e-03 0.000000000000000000e+00 3.171806167400881282e-02 1.673080140538731823e-04 1.942544459644322818e-02 2.638219775177792856e-03 0.000000000000000000e+00 0.000000000000000000e+00 6.600176004693458429e-03 9.398496240601503238e-04 0.000000000000000000e+00 0.000000000000000000e+00 3.497726477789436968e-04 0.000000000000000000e+00 5.708104509901813783e-02 2.902757619738751587e-04 4.845548152634766674e-03 1.542317331791015966e-03 2.335357309668379192e-03 8.590142811124234449e-04 0.000000000000000000e+00 0.000000000000000000e+00 7.594936708860759418e-04 0.000000000000000000e+00 0.000000000000000000e+00 0.000000000000000000e+00 0.000000000000000000e+00 0.000000000000000000e+00 0.000000000000000000e+00 0.000000000000000000e+00 0.000000000000000000e+00 0.000000000000000000e+00 0.000000000000000000e+00 0.000000000000000000e+00 0.000000000000000000e+00 0.000000000000000000e+00 1.112347052280311449e-03 0.000000000000000000e+00 6.464124111182934515e-04 0.000000000000000000e+00 7.107320540156360916e-04 0.000000000000000000e+00 1.924759405074365605e-03 0.000000000000000000e+00 1.368363437328954562e-03 0.000000000000000000e+00 1.469365123371222694e-02 0.000000000000000000e+00 1.095706618962432981e-02 0.000000000000000000e+00 1.527638190954773954e-02 0.000000000000000000e+00 3.450357974639868736e-04 0.000000000000000000e+00 7.524454477050413577e-04 0.000000000000000000e+00 1.951459494916366055e-02 1.366493577480185724e-04 7.536930961712390992e-04 2.538393197106231626e-04 0.000000000000000000e+00 0.000000000000000000e+00 2.010050251256281610e-03 2.856326763781776609e-04 1.538461538461538460e-03 0.000000000000000000e+00 7.079379424612140814e-03 0.000000000000000000e+00 0.000000000000000000e+00 0.000000000000000000e+00 5.769404128729829426e-03 0.000000000000000000e+00 0.000000000000000000e+00 0.000000000000000000e+00 3.024911032028469639e-03 0.000000000000000000e+00 0.000000000000000000e+00 0.000000000000000000e+00 0.000000000000000000e+00 0.000000000000000000e+00 0.000000000000000000e+00 0.000000000000000000e+00 0.000000000000000000e+00 0.000000000000000000e+00 0.000000000000000000e+00 0.000000000000000000e+00 0.000000000000000000e+00 0.000000000000000000e+00 0.000000000000000000e+00 0.000000000000000000e+00 0.000000000000000000e+00 0.000000000000000000e+00 0.000000000000000000e+00 0.000000000000000000e+00 0.000000000000000000e+00 0.000000000000000000e+00 0.000000000000000000e+00 0.000000000000000000e+00 0.000000000000000000e+00 0.000000000000000000e+00 0.000000000000000000e+00 0.000000000000000000e+00
1.485884101040118796e-03 4.804358593363051294e-02 2.228826151560178194e-03 3.665180782565626710e-02 0.000000000000000000e+00 7.429420505200593980e-04 7.677067855373947113e-03 1.245666171371966335e-01 0.000000000000000000e+00 1.733531451213471929e-03 7.429420505200593980e-04 0.000000000000000000e+00 2.110340669279469564e-03 1.709280303030303039e-01 0.000000000000000000e+00 9.105516871987144947e-03 2.202643171806167497e-04 5.270202442697004969e-02 2.325581395348837177e-03 7.914659325533379003e-03 0.000000000000000000e+00 0.000000000000000000e+00 2.640070401877383371e-03 7.283834586466165009e-03 0.000000000000000000e+00 0.000000000000000000e+00 0.000000000000000000e+00 0.000000000000000000e+00 1.664170411050091560e-04 7.111756168359942287e-02 2.018978396931152709e-03 4.048582995951417046e-03 1.245523898489802207e-03 7.945882100289916594e-03 0.000000000000000000e+00 0.000000000000000000e+00 0.000000000000000000e+00 1.080146899978397072e-03 0.000000000000000000e+00 0.000000000000000000e+00 0.000000000000000000e+00 0.000000000000000000e+00 0.000000000000000000e+00 0.000000000000000000e+00 0.000000000000000000e+00 0.000000000000000000e+00 0.000000000000000000e+00 0.000000000000000000e+00 0.000000000000000000e+00 2.482929857231533301e-04 0.000000000000000000e+00 1.682746241866726455e-03 3.232062055591467258e-04 7.492507492507492501e-04 0.000000000000000000e+00 1.894591801584567759e-03 0.000000000000000000e+00 8.263324610935133055e-03 0.000000000000000000e+00 2.058768482126146181e-03 0.000000000000000000e+00 6.027000964320154350e-03 0.000000000000000000e+00 7.979758660957571650e-03 0.000000000000000000e+00 5.206689807510255300e-03 3.450357974639868736e-04 4.992012779552715447e-04 2.508151492350137678e-04 2.876569037656903898e-03 0.000000000000000000e+00 2.159059852418693595e-02 1.356647573108230248e-03 1.421500190379489797e-02 0.000000000000000000e+00 0.000000000000000000e+00 1.579325197415649713e-03 9.140245644101685149e-03 0.000000000000000000e+00 4.246284501061571050e-03 0.000000000000000000e+00 2.321463702537871279e-02 0.000000000000000000e+00 0.000000000000000000e+00 0.000000000000000000e+00 1.592183824859779231e-02 0.000000000000000000e+00 1.643385373870172479e-03 0.000000000000000000e+00 9.574311386065695317e-03 1.822157434402332332e-04 0.000000000000000000e+00 0.000000000000000000e+00 6.430868167202572492e-04 0.000000000000000000e+00 0.000000000000000000e+00 0.000000000000000000e+00 0.000000000000000000e+00 0.000000000000000000e+00 0.000000000000000000e+00 0.000000000000000000e+00 0.000000000000000000e+00 0.000000000000000000e+00 0.000000000000000000e+00 0.000000000000000000e+00 0.000000000000000000e+00 0.000000000000000000e+00 0.000000000000000000e+00 0.000000000000000000e+00 0.000000000000000000e+00 0.000000000000000000e+00 0.000000000000000000e+00 0.000000000000000000e+00 8.103727714748784052e-04 0.000000000000000000e+00 0.000000000000000000e+00
5.471811878203195617e-02 3.014772384684956288e-04 5.441664154356345984e-02 5.426590292432920994e-03 1.281278263491106469e-02 1.507386192342478144e-04 2.016882725354235684e-01 1.341573711184805562e-02 4.205607476635513792e-02 3.014772384684956288e-04 6.391317455532107006e-02 2.110340669279469564e-03 0.000000000000000000e+00 6.628787878787878972e-03 2.179428044280442844e-01 2.142474558114622341e-03 1.211453744493392118e-02 3.346160281077463646e-04 9.302325581395348708e-03 1.147052076164257811e-03 0.000000000000000000e+00 0.000000000000000000e+00 3.901437371663244585e-02 1.151315789473684147e-02 6.835269993164730514e-04 0.000000000000000000e+00 6.995452955578873935e-04 0.000000000000000000e+00 1.073389915127309080e-01 1.741654571843251169e-03 1.453664445790430089e-02 1.580875265085791501e-02 7.784524365561264550e-03 2.577042843337270552e-03 1.924310455420141092e-03 0.000000000000000000e+00 2.531645569620253212e-03 0.000000000000000000e+00 0.000000000000000000e+00 0.000000000000000000e+00 3.424657534246575152e-03 0.000000000000000000e+00 4.325883201153568830e-04 0.000000000000000000e+00 4.107619634421852363e-04 0.000000000000000000e+00 5.552470849528040467e-04 0.000000000000000000e+00 6.377551020408162756e-04 0.000000000000000000e+00 2.335928809788654237e-03 0.000000000000000000e+00 0.000000000000000000e+00 0.000000000000000000e+00 1.954513148542999252e-03 0.000000000000000000e+00 1.574803149606299191e-03 1.377220768489188915e-04 1.368363437328954562e-03 1.871607711023769551e-04 1.912947047407818207e-02 0.000000000000000000e+00 1.945438282647584879e-02 0.000000000000000000e+00 2.432160804020100375e-02 0.000000000000000000e+00 3.364099025273872140e-03 1.996805111821086179e-04 5.016302984700275356e-04 0.000000000000000000e+00 1.820268940636274313e-02 6.832467887400929703e-04 2.502261079288513670e-02 2.157634217540296828e-03 0.000000000000000000e+00 0.000000000000000000e+00 1.292175161521895259e-02 2.142245072836332538e-03 1.076923076923076879e-02 0.000000000000000000e+00 2.394938996836873044e-02 0.000000000000000000e+00 0.000000000000000000e+00 0.000000000000000000e+00 1.983232669250879071e-02 0.000000000000000000e+00 1.472754050073637674e-03 0.000000000000000000e+00 7.473309608540925145e-03 0.000000000000000000e+00 0.000000000000000000e+00 0.000000000000000000e+00 2.078569943878611393e-04 0.000000000000000000e+00 0.000000000000000000e+00 0.000000000000000000e+00 0.000000000000000000e+00 0.000000000000000000e+00 0.000000000000000000e+00 0.000000000000000000e+00 0.000000000000000000e+00 0.000000000000000000e+00 0.000000000000000000e+00 0.000000000000000000e+00 0.000000000000000000e+00 1.444043321299639073e-04 0.000000000000000000e+00 0.000000000000000000e+00 0.000000000000000000e+00 0.000000000000000000e+00 0.000000000000000000e+00 0.000000000000000000e+00 0.000000000000000000e+00 0.000000000000000000e+00 0.000000000000000000e+00 0.000000000000000000e+00
