3.016197030323808370e-01 5.132337701034515032e-01 3.659589954344714124e-01 5.310230458597052783e-01 3.782968840579709613e-01 0.000000000000000000e+00 3.837228149345355277e-01 5.157597717440183249e-01 3.919396814675839003e-01 0.000000000000000000e+00 3.603301617019516456e-01 5.052560775541332649e-01 3.941239360949906345e-01 4.849181061946902793e-01 4.105935164087863853e-01 0.000000000000000000e+00 3.296451825023482551e-01 5.171353262923822358e-01 4.301458618081013263e-01 5.300298726666656801e-01 0.000000000000000000e+00 0.000000000000000000e+00 0.000000000000000000e+00 0.000000000000000000e+00 0.000000000000000000e+00 0.000000000000000000e+00 0.000000000000000000e+00 0.000000000000000000e+00 4.348606728591384307e-01 5.150055714357544279e-01 4.256317025795792741e-01 0.000000000000000000e+00 4.420351786417325846e-01 5.234909348890145475e-01 4.917579809905689436e-01 4.895332000000000017e-01 4.858345914842834290e-01 5.522936819351189630e-01 0.000000000000000000e+00 5.526922772277226281e-01 0.000000000000000000e+00 0.000000000000000000e+00 0.000000000000000000e+00 0.000000000000000000e+00 4.296978091704237168e-01 4.933826705882353170e-01 0.000000000000000000e+00 0.000000000000000000e+00 4.393579037954879474e-01 4.961432130656991402e-01 4.278686033012683576e-01 4.962504913597081124e-01 4.299787821649456721e-01 0.000000000000000000e+00 4.243698037011785495e-01 4.874475410958903909e-01 4.000324269762817186e-01 5.051496055205823010e-01 4.336309571939885310e-01 5.068302228317627112e-01 4.321635173435650623e-01 4.998560729729983887e-01 4.395879805630254489e-01 4.908603144736842783e-01 4.499297276853184702e-01 4.947841451276169256e-01 4.457736825969100813e-01 5.189033424149939178e-01 3.801378807095392998e-01 5.245345183856394700e-01 3.996986810501431120e-01 4.871540394868920099e-01 4.060816376711430253e-01 5.037601900645518604e-01 4.295909944444444850e-01 0.000000000000000000e+00 4.180646603199975608e-01 4.972793052077549847e-01 0.000000000000000000e+00 5.432210430107526911e-01 4.370628200088283455e-01 4.682123852459016411e-01 0.000000000000000000e+00 0.000000000000000000e+00 4.523117081421805241e-01 5.079784924295892568e-01 0.000000000000000000e+00 0.000000000000000000e+00 4.586334379565484287e-01 4.977063286280216658e-01 4.644546624480846986e-01 4.597771214285713559e-01 4.294411029411764336e-01 5.196001022727272378e-01 4.485781878664996669e-01 0.000000000000000000e+00 4.941494761904761113e-01 0.000000000000000000e+00 5.079908076248312865e-01 4.567476482679934113e-01 4.153871900826446306e-01 4.716378034188034585e-01 4.731941836583799521e-01 4.698889979385095228e-01 0.000000000000000000e+00 0.000000000000000000e+00 4.953462254901960793e-01 0.000000000000000000e+00 0.000000000000000000e+00 0.000000000000000000e+00 0.000000000000000000e+00 4.910907868498750606e-01 0.000000000000000000e+00 0.000000000000000000e+00 0.000000000000000000e+00 0.000000000000000000e+00
5.132337701034515032e-01 3.368320084925050528e-01 5.175583902339511155e-01 4.405584839020137422e-01 0.000000000000000000e+00 3.641598070455862035e-01 4.992753251340456000e-01 3.833915948281627073e-01 0.000000000000000000e+00 3.637880319959009845e-01 5.118363816665904009e-01 3.804483560376873963e-01 4.831045076782787828e-01 3.824400904999143980e-01 0.000000000000000000e+00 4.374518782751878332e-01 5.117407279116210628e-01 3.638172286599671290e-01 5.357221911537902725e-01 4.360439891467767226e-01 0.000000000000000000e+00 0.000000000000000000e+00 5.172654296296296250e-01 4.616435615437570750e-01 0.000000000000000000e+00 3.383306011973289951e-01 4.842433315217391510e-01 3.624939077937149867e-01 5.264503666718464148e-01 4.454046166847869248e-01 4.461046905788177419e-01 4.100822172400079291e-01 5.159720296649316085e-01 4.688726747036766063e-01 0.000000000000000000e+00 4.301799705803605045e-01 5.703412636363637267e-01 4.992926461007100025e-01 0.000000000000000000e+00 5.210556782158327627e-01 0.000000000000000000e+00 0.000000000000000000e+00 0.000000000000000000e+00 4.557601345084215660e-01 0.000000000000000000e+00 4.348458258608158267e-01 0.000000000000000000e+00 0.000000000000000000e+00 4.897906606875572777e-01 4.447814139895105989e-01 4.858199927536230867e-01 4.336776458813066393e-01 0.000000000000000000e+00 4.338594406781791091e-01 0.000000000000000000e+00 4.200604719197959525e-01 5.111110106330638558e-01 3.831667604884886891e-01 5.406309599450676018e-01 4.626042568911799546e-01 4.950650087312743475e-01 4.254403251203487391e-01 5.061257073170731813e-01 4.259513561767698797e-01 0.000000000000000000e+00 4.319096078764905200e-01 5.271845564455363009e-01 4.584662191752535976e-01 5.217116825340258890e-01 3.849011324747276253e-01 5.469852721654252514e-01 4.096756451992578651e-01 4.967557050148145859e-01 4.324570031794307545e-01 0.000000000000000000e+00 4.541915427270616923e-01 5.050267130618832923e-01 4.450284252042215338e-01 0.000000000000000000e+00 3.855429310344827831e-01 5.211049226244344190e-01 4.409740754287965747e-01 0.000000000000000000e+00 0.000000000000000000e+00 4.736152843137254598e-01 4.528748399544026415e-01 0.000000000000000000e+00 0.000000000000000000e+00 4.987012051282052050e-01 4.477589787798605947e-01 4.644212539419292907e-01 4.992498915722907160e-01 0.000000000000000000e+00 4.936532873387135534e-01 4.372411129127383167e-01 4.478556143310082338e-01 5.369890183486238922e-01 0.000000000000000000e+00 5.160253499999999383e-01 4.910801222083275852e-01 0.000000000000000000e+00 5.538671633244971471e-01 4.563696846153846298e-01 4.770167391031800985e-01 0.000000000000000000e+00 0.000000000000000000e+00 4.600386052631579292e-01 0.000000000000000000e+00 0.000000000000000000e+00 0.000000000000000000e+00 0.000000000000000000e+00 0.000000000000000000e+00 0.000000000000000000e+00 4.351973510739923223e-01 4.928358538085517715e-01 0.000000000000000000e+00
3.659589954344714124e-01 5.175583902339511155e-01 2.927410669701979162e-01 4.672808263664035011e-01 2.707239939653512395e-01 4.448078954619679171e-01 3.368667845592707155e-01 4.816264035783716646e-01 3.394099999428829562e-01 4.518877268967926852e-01 4.270976353118982605e-01 4.967359060460693199e-01 3.819617062805083507e-01 4.618224272754839488e-01 3.690517550850588302e-01 4.398125382332074285e-01 4.356698625759551913e-01 5.093726569838219476e-01 3.508328546355750088e-01 5.270522889940630895e-01 0.000000000000000000e+00 0.000000000000000000e+00 2.697809893369339518e-01 4.612956011891363173e-01 3.276628895501606520e-01 4.008858734489916253e-01 3.414887960011338541e-01 0.000000000000000000e+00 3.885567501295555393e-01 4.731440977041592721e-01 3.792720004795961386e-01 4.392140765458135143e-01 4.341130434025954332e-01 5.064482245485968370e-01 4.696286797141426828e-01 4.977514686796699062e-01 4.501437831876013429e-01 5.021792021276595408e-01 4.343996556905735940e-01 0.000000000000000000e+00 0.000000000000000000e+00 0.000000000000000000e+00 4.458207972978447398e-01 0.000000000000000000e+00 4.492395344591069151e-01 0.000000000000000000e+00 0.000000000000000000e+00 0.000000000000000000e+00 4.441211099524622896e-01 4.832033306418219709e-01 4.240549309887132745e-01 5.339529060206777977e-01 4.127067511447656822e-01 0.000000000000000000e+00 4.175829677426538544e-01 0.000000000000000000e+00 4.083429308874804153e-01 4.959143607079088967e-01 4.368375443657545598e-01 5.090704600867874685e-01 4.180323850487202564e-01 4.926820981610645633e-01 4.250185990122259394e-01 4.908844264993668105e-01 4.133412330098343856e-01 0.000000000000000000e+00 4.581548029219412177e-01 5.229435251065206458e-01 3.148028250179000231e-01 0.000000000000000000e+00 3.875918825479922614e-01 4.961704584939631846e-01 3.806560203565040323e-01 4.846125091562397125e-01 3.540593838072756960e-01 0.000000000000000000e+00 4.208791031909521752e-01 5.036206719354593409e-01 0.000000000000000000e+00 0.000000000000000000e+00 4.110429934117881268e-01 5.102916000000000674e-01 0.000000000000000000e+00 0.000000000000000000e+00 4.125164490238877879e-01 4.753925806451612668e-01 0.000000000000000000e+00 0.000000000000000000e+00 4.231588260754269304e-01 5.619148703703704673e-01 4.414542689610205239e-01 4.466792699794631116e-01 0.000000000000000000e+00 4.414342005791506152e-01 4.471151224457662887e-01 0.000000000000000000e+00 4.884241860465116658e-01 0.000000000000000000e+00 4.456761296409472717e-01 4.445591557539682603e-01 4.504048544626593764e-01 4.693011792728089548e-01 4.487140505826537895e-01 4.409175986515582735e-01 4.264591637931033907e-01 0.000000000000000000e+00 4.313949272053743123e-01 0.000000000000000000e+00 0.000000000000000000e+00 0.000000000000000000e+00 0.000000000000000000e+00 0.000000000000000000e+00 0.000000000000000000e+00 0.000000000000000000e+00 0.000000000000000000e+00 0.000000000000000000e+00
5.310230458597052783e-01 4.405584839020137422e-01 4.672808263664035011e-01 2.648174610900734804e-01 4.760419747940246582e-01 2.522357181177920515e-01 4.857417337288950088e-01 3.524861429164425908e-01 4.491415199392450042e-01 3.497967481495535269e-01 4.941633504347803241e-01 4.177826669300083173e-01 4.601349485157036345e-01 3.750661516205860413e-01 4.365212077070380059e-01 3.503901889779014178e-01 5.359463470900319715e-01 4.533308227657522615e-01 5.460441585496371708e-01 3.441497304363047571e-01 0.000000000000000000e+00 4.364020555555555569e-01 4.456495666255370636e-01 2.822120646879157091e-01 4.548374724025974203e-01 2.796878653034100548e-01 4.058280465116278490e-01 3.417087463934246339e-01 5.289747385265997082e-01 3.856175360079942549e-01 3.993357414035125230e-01 3.648558802281542390e-01 5.219563479583911869e-01 4.562681496455240904e-01 5.146534719101124589e-01 4.826743815697581708e-01 5.725984051724138935e-01 4.681654247169587668e-01 0.000000000000000000e+00 4.685990002314074920e-01 0.000000000000000000e+00 0.000000000000000000e+00 0.000000000000000000e+00 4.668580966165161716e-01 0.000000000000000000e+00 4.579620631001500852e-01 0.000000000000000000e+00 4.916981570512820587e-01 5.024943396759968817e-01 4.763891443191223263e-01 0.000000000000000000e+00 4.520931964009584636e-01 0.000000000000000000e+00 4.010751649555663878e-01 0.000000000000000000e+00 3.947047796375534601e-01 0.000000000000000000e+00 4.578174093121006871e-01 5.154601517241379494e-01 4.849479825770702246e-01 5.172910210982658574e-01 4.154553008168244688e-01 4.634037853107344507e-01 4.243361109055933111e-01 0.000000000000000000e+00 4.219105810917949118e-01 5.144992983521685659e-01 4.831937690618994252e-01 5.774788804457953173e-01 4.775861880420252947e-01 5.059472109500718906e-01 4.021675723506441535e-01 4.929405398996424270e-01 3.968894910159915246e-01 4.860947282608695241e-01 3.795794696239796484e-01 4.911120331209938850e-01 4.441310910494906672e-01 0.000000000000000000e+00 0.000000000000000000e+00 5.087887007299269904e-01 0.000000000000000000e+00 0.000000000000000000e+00 0.000000000000000000e+00 5.136275263207312758e-01 3.716688494883942928e-01 0.000000000000000000e+00 0.000000000000000000e+00 0.000000000000000000e+00 3.773991536479483488e-01 4.776785251832149082e-01 4.546494200799486296e-01 4.480915065789474738e-01 4.568834268492097950e-01 4.417751774515753516e-01 0.000000000000000000e+00 4.183101896265197239e-01 5.013821476510067487e-01 4.409536150141930566e-01 0.000000000000000000e+00 0.000000000000000000e+00 0.000000000000000000e+00 4.729868246567718870e-01 4.623047141263492144e-01 0.000000000000000000e+00 4.147834242424242035e-01 0.000000000000000000e+00 0.000000000000000000e+00 0.000000000000000000e+00 0.000000000000000000e+00 0.000000000000000000e+00 0.000000000000000000e+00 0.000000000000000000e+00 0.000000000000000000e+00 0.000000000000000000e+00 0.000000000000000000e+00
3.782968840579709613e-01 0.000000000000000000e+00 2.707239939653512395e-01 4.760419747940246582e-01 2.666647982492596491e-01 4.248299018292682749e-01 3.068472041201510403e-01 4.315120041247405003e-01 2.684445155349767798e-01 4.510346907095058588e-01 0.000000000000000000e+00 4.521136460176991001e-01 3.671523706758825223e-01 4.946630432718766568e-01 3.098144120079306951e-01 5.104371861029761703e-01 0.000000000000000000e+00 0.000000000000000000e+00 4.049696576718969654e-01 4.540607321428571930e-01 4.108915769031173393e-01 0.000000000000000000e+00 3.552297935928264150e-01 4.359144285022092946e-01 2.716413779952897012e-01 4.501285314486909717e-01 2.804360174714578546e-01 4.067849400074946553e-01 2.817403142857142773e-01 0.000000000000000000e+00 3.931603399721673719e-01 4.899675263699748706e-01 3.865962058823529945e-01 4.084274074074073502e-01 4.361660325203250976e-01 0.000000000000000000e+00 0.000000000000000000e+00 0.000000000000000000e+00 0.000000000000000000e+00 0.000000000000000000e+00 0.000000000000000000e+00 0.000000000000000000e+00 4.364933106060606138e-01 0.000000000000000000e+00 0.000000000000000000e+00 0.000000000000000000e+00 0.000000000000000000e+00 0.000000000000000000e+00 0.000000000000000000e+00 0.000000000000000000e+00 4.304453173076922545e-01 0.000000000000000000e+00 0.000000000000000000e+00 0.000000000000000000e+00 0.000000000000000000e+00 0.000000000000000000e+00 4.148837592592592993e-01 0.000000000000000000e+00 4.744281079136690171e-01 0.000000000000000000e+00 4.140296945426046871e-01 0.000000000000000000e+00 4.214570462962963227e-01 0.000000000000000000e+00 3.985774799070530006e-01 0.000000000000000000e+00 4.425634017094017270e-01 0.000000000000000000e+00 0.000000000000000000e+00 0.000000000000000000e+00 3.979710454348216464e-01 5.357167894534777819e-01 3.681120401961746613e-01 4.705755900000000991e-01 3.401391837797619333e-01 0.000000000000000000e+00 3.750904042087492840e-01 0.000000000000000000e+00 0.000000000000000000e+00 0.000000000000000000e+00 0.000000000000000000e+00 0.000000000000000000e+00 0.000000000000000000e+00 0.000000000000000000e+00 4.048867748457572469e-01 0.000000000000000000e+00 3.937075899999999407e-01 0.000000000000000000e+00 0.000000000000000000e+00 0.000000000000000000e+00 4.242001507936509208e-01 0.000000000000000000e+00 0.000000000000000000e+00 4.231747384615384688e-01 4.774975531914893434e-01 0.000000000000000000e+00 0.000000000000000000e+00 0.000000000000000000e+00 0.000000000000000000e+00 0.000000000000000000e+00 3.719470999999999750e-01 0.000000000000000000e+00 3.829748852163461503e-01 0.000000000000000000e+00 0.000000000000000000e+00 0.000000000000000000e+00 0.000000000000000000e+00 0.000000000000000000e+00 0.000000000000000000e+00 0.000000000000000000e+00 0.000000000000000000e+00 0.000000000000000000e+00 0.000000000000000000e+00 0.000000000000000000e+00 0.000000000000000000e+00 0.000000000000000000e+00
0.000000000000000000e+00 3.641598070455862035e-01 4.448078954619679171e-01 2.522357181177920515e-01 4.248299018292682749e-01 2.177528039395865700e-01 0.000000000000000000e+00 2.925870262219091855e-01 4.042978709677419458e-01 2.580310705736831300e-01 0.000000000000000000e+00 3.554108934014904575e-01 4.268437885313057789e-01 3.539461186087468625e-01 0.000000000000000000e+00 2.529562902636774413e-01 0.000000000000000000e+00 3.843784615384615577e-01 0.000000000000000000e+00 3.833812031471640069e-01 6.330397500000000122e-01 4.308873430071608057e-01 4.237757687042321697e-01 2.834581396303295642e-01 4.283782098765432367e-01 2.682333398288356818e-01 4.317612622798102651e-01 2.891752963544517718e-01 0.000000000000000000e+00 3.216609537244065065e-01 3.896056786705209274e-01 4.056117002602842025e-01 0.000000000000000000e+00 3.860534125075079093e-01 0.000000000000000000e+00 4.699514215686275698e-01 0.000000000000000000e+00 0.000000000000000000e+00 0.000000000000000000e+00 0.000000000000000000e+00 0.000000000000000000e+00 0.000000000000000000e+00 0.000000000000000000e+00 0.000000000000000000e+00 0.000000000000000000e+00 0.000000000000000000e+00 0.000000000000000000e+00 0.000000000000000000e+00 0.000000000000000000e+00 3.071284926470588261e-01 0.000000000000000000e+00 3.340845209510999170e-01 0.000000000000000000e+00 0.000000000000000000e+00 0.000000000000000000e+00 3.427075490485889664e-01 0.000000000000000000e+00 3.745395175925925746e-01 0.000000000000000000e+00 0.000000000000000000e+00 0.000000000000000000e+00 0.000000000000000000e+00 0.000000000000000000e+00 3.409857364341085662e-01 0.000000000000000000e+00 3.624508008489931710e-01 0.000000000000000000e+00 4.303807735537189538e-01 0.000000000000000000e+00 0.000000000000000000e+00 5.705235573663623994e-01 3.760378107089294986e-01 0.000000000000000000e+00 3.456386606484729285e-01 0.000000000000000000e+00 3.423603055016207208e-01 0.000000000000000000e+00 3.324700049244159183e-01 0.000000000000000000e+00 0.000000000000000000e+00 0.000000000000000000e+00 3.514498213582813446e-01 0.000000000000000000e+00 0.000000000000000000e+00 0.000000000000000000e+00 4.013399715958459457e-01 0.000000000000000000e+00 0.000000000000000000e+00 0.000000000000000000e+00 3.667172217230075804e-01 0.000000000000000000e+00 0.000000000000000000e+00 0.000000000000000000e+00 0.000000000000000000e+00 0.000000000000000000e+00 0.000000000000000000e+00 0.000000000000000000e+00 0.000000000000000000e+00 0.000000000000000000e+00 0.000000000000000000e+00 0.000000000000000000e+00 0.000000000000000000e+00 0.000000000000000000e+00 0.000000000000000000e+00 0.000000000000000000e+00 0.000000000000000000e+00 0.000000000000000000e+00 0.000000000000000000e+00 0.000000000000000000e+00 0.000000000000000000e+00 0.000000000000000000e+00 0.000000000000000000e+00 0.000000000000000000e+00 0.000000000000000000e+00 0.000000000000000000e+00 0.000000000000000000e+00
3.837228149345355277e-01 4.992753251340456000e-01 3.368667845592707155e-01 4.857417337288950088e-01 3.068472041201510403e-01 0.000000000000000000e+00 3.202152488542173714e-01 4.738533759050285732e-01 2.752564780160463020e-01 4.249256695075757650e-01 4.086636013626344655e-01 4.886160582708665712e-01 3.477588641394535052e-01 4.630427020971360497e-01 3.551639152284787881e-01 4.458036045206277276e-01 4.177792781064444960e-01 4.907091940187107149e-01 4.202914823118001353e-01 5.156190882738799219e-01 0.000000000000000000e+00 3.806424123287671657e-01 3.811652224458729199e-01 4.583819040230712183e-01 3.862105191358025658e-01 4.007596767820124084e-01 3.970800843343343378e-01 4.250994775125775393e-01 3.899360452324287518e-01 4.645621603146369294e-01 3.856064579091181832e-01 4.512707160180169930e-01 4.105292000534553343e-01 4.934017142724707594e-01 4.597572702676265277e-01 0.000000000000000000e+00 4.504688918630286865e-01 0.000000000000000000e+00 4.310208237424717481e-01 5.072683076923076850e-01 0.000000000000000000e+00 0.000000000000000000e+00 0.000000000000000000e+00 0.000000000000000000e+00 4.300858266559691723e-01 0.000000000000000000e+00 4.276841946902654734e-01 0.000000000000000000e+00 4.310883411064273529e-01 4.702775000000000150e-01 4.206665522322325934e-01 4.776230632183908198e-01 4.295268038521248277e-01 0.000000000000000000e+00 4.179431106842265709e-01 0.000000000000000000e+00 4.108464050392808820e-01 4.669539779904316457e-01 4.307197911461170814e-01 5.320657070063695704e-01 4.348017287886954407e-01 4.929754490384615773e-01 4.205323397839010879e-01 0.000000000000000000e+00 4.342400012049102420e-01 0.000000000000000000e+00 4.428263640559118586e-01 5.081798660586185346e-01 4.077105428127064113e-01 4.753281188811187552e-01 3.725714667568806315e-01 4.983630069913740912e-01 3.845934143361047219e-01 4.704310907990508772e-01 3.853908767195767804e-01 0.000000000000000000e+00 3.980845465045330100e-01 4.741490780722217857e-01 0.000000000000000000e+00 0.000000000000000000e+00 4.001993886171188453e-01 0.000000000000000000e+00 0.000000000000000000e+00 0.000000000000000000e+00 4.232555033667534938e-01 5.006166309523809588e-01 0.000000000000000000e+00 0.000000000000000000e+00 4.323811774402982477e-01 4.893468474576271876e-01 4.369151127819549396e-01 4.687341840975642882e-01 0.000000000000000000e+00 0.000000000000000000e+00 4.596281228536878705e-01 0.000000000000000000e+00 4.422856122448979299e-01 0.000000000000000000e+00 0.000000000000000000e+00 0.000000000000000000e+00 0.000000000000000000e+00 0.000000000000000000e+00 0.000000000000000000e+00 4.632381844563828177e-01 0.000000000000000000e+00 0.000000000000000000e+00 0.000000000000000000e+00 0.000000000000000000e+00 0.000000000000000000e+00 0.000000000000000000e+00 0.000000000000000000e+00 0.000000000000000000e+00 0.000000000000000000e+00 0.000000000000000000e+00 4.429729572649573344e-01 0.000000000000000000e+00
5.157597717440183249e-01 3.833915948281627073e-01 4.816264035783716646e-01 3.524861429164425908e-01 4.315120041247405003e-01 2.925870262219091855e-01 4.738533759050285732e-01 2.901339461301571943e-01 4.509917823473724718e-01 3.276038472999976969e-01 4.992384657732616970e-01 3.529357804893327177e-01 4.617605112730568395e-01 2.995100576271492732e-01 4.913001884739518488e-01 2.827060807056199221e-01 5.109471020602530666e-01 4.439426508157616191e-01 5.208717926571274637e-01 4.297401337657407172e-01 0.000000000000000000e+00 0.000000000000000000e+00 4.627649705071108510e-01 3.828881932650829989e-01 5.027989377715308406e-01 3.300521874375967890e-01 4.563644738863286143e-01 3.243749491514246741e-01 4.797057408926205246e-01 3.675162783939704414e-01 4.316970996133401295e-01 3.591503539052615657e-01 5.072835264944633993e-01 4.071455527789797357e-01 0.000000000000000000e+00 4.924425055553359742e-01 5.486363873873874031e-01 4.475381404913088002e-01 0.000000000000000000e+00 4.406105517062159360e-01 0.000000000000000000e+00 0.000000000000000000e+00 0.000000000000000000e+00 0.000000000000000000e+00 0.000000000000000000e+00 4.134172021277793263e-01 0.000000000000000000e+00 0.000000000000000000e+00 4.702160592105263381e-01 4.056271347070868338e-01 0.000000000000000000e+00 4.014430445539670100e-01 0.000000000000000000e+00 3.953659886565880077e-01 0.000000000000000000e+00 3.819227347713898268e-01 4.930764848484848195e-01 4.288989019110308609e-01 0.000000000000000000e+00 4.384810774852988535e-01 4.689709584415584498e-01 4.273185117214642337e-01 0.000000000000000000e+00 4.058234489792275634e-01 4.775592322580645144e-01 4.153079449604434870e-01 5.087705319721900210e-01 4.523135420804220153e-01 4.864219285714286301e-01 4.600944153308622053e-01 5.069690182863362260e-01 3.400512130386888487e-01 4.630663502860287162e-01 3.643168257982399849e-01 4.911810215053762918e-01 3.497877450980392267e-01 4.722415004065119715e-01 4.082908126985397290e-01 0.000000000000000000e+00 3.902052123607346878e-01 5.111866751592356595e-01 3.990320562443984698e-01 0.000000000000000000e+00 3.868060722222221859e-01 4.409922810457517217e-01 4.230748087675774149e-01 0.000000000000000000e+00 0.000000000000000000e+00 4.784952363636364447e-01 4.191873419788752497e-01 0.000000000000000000e+00 0.000000000000000000e+00 0.000000000000000000e+00 0.000000000000000000e+00 4.800650712351439697e-01 3.972388363636364939e-01 0.000000000000000000e+00 0.000000000000000000e+00 4.346353970588235360e-01 0.000000000000000000e+00 0.000000000000000000e+00 0.000000000000000000e+00 0.000000000000000000e+00 4.281953446215904791e-01 0.000000000000000000e+00 4.414746251983777681e-01 0.000000000000000000e+00 0.000000000000000000e+00 0.000000000000000000e+00 0.000000000000000000e+00 0.000000000000000000e+00 0.000000000000000000e+00 0.000000000000000000e+00 0.000000000000000000e+00 0.000000000000000000e+00 0.000000000000000000e+00
3.919396814675839003e-01 0.000000000000000000e+00 3.394099999428829562e-01 4.491415199392450042e-01 2.684445155349767798e-01 4.042978709677419458e-01 2.752564780160463020e-01 4.509917823473724718e-01 2.770428325993002927e-01 4.731895979381443573e-01 0.000000000000000000e+00 0.000000000000000000e+00 2.671900201928066876e-01 4.608646568627450812e-01 3.109467246782193772e-01 4.728312774654296891e-01 4.577870555555555998e-01 0.000000000000000000e+00 0.000000000000000000e+00 0.000000000000000000e+00 3.535956674573055292e-01 0.000000000000000000e+00 3.671250704365660589e-01 4.393084666474916244e-01 3.399815341880341180e-01 3.602544155844156215e-01 2.886789992709045127e-01 0.000000000000000000e+00 4.199819947077820248e-01 4.895645465769533633e-01 3.815837922133376581e-01 4.515042622773054459e-01 4.245898402465611565e-01 0.000000000000000000e+00 0.000000000000000000e+00 0.000000000000000000e+00 0.000000000000000000e+00 0.000000000000000000e+00 0.000000000000000000e+00 0.000000000000000000e+00 0.000000000000000000e+00 0.000000000000000000e+00 0.000000000000000000e+00 0.000000000000000000e+00 0.000000000000000000e+00 0.000000000000000000e+00 0.000000000000000000e+00 0.000000000000000000e+00 0.000000000000000000e+00 0.000000000000000000e+00 4.341851739019307321e-01 0.000000000000000000e+00 0.000000000000000000e+00 0.000000000000000000e+00 0.000000000000000000e+00 0.000000000000000000e+00 4.044405809523810014e-01 0.000000000000000000e+00 0.000000000000000000e+00 0.000000000000000000e+00 0.000000000000000000e+00 0.000000000000000000e+00 4.166513376528829249e-01 0.000000000000000000e+00 4.270868761467889740e-01 0.000000000000000000e+00 0.000000000000000000e+00 0.000000000000000000e+00 0.000000000000000000e+00 0.000000000000000000e+00 3.623593580507119549e-01 5.902819000000000260e-01 3.580608277495172520e-01 0.000000000000000000e+00 3.471251690476190310e-01 0.000000000000000000e+00 3.931817204720184922e-01 0.000000000000000000e+00 0.000000000000000000e+00 0.000000000000000000e+00 4.081570714285714940e-01 0.000000000000000000e+00 0.000000000000000000e+00 0.000000000000000000e+00 4.328557276407665189e-01 0.000000000000000000e+00 0.000000000000000000e+00 0.000000000000000000e+00 4.022220492957746529e-01 0.000000000000000000e+00 0.000000000000000000e+00 4.568843823529412096e-01 0.000000000000000000e+00 0.000000000000000000e+00 4.464047811691797540e-01 0.000000000000000000e+00 0.000000000000000000e+00 0.000000000000000000e+00 0.000000000000000000e+00 0.000000000000000000e+00 0.000000000000000000e+00 0.000000000000000000e+00 0.000000000000000000e+00 3.986632456140351000e-01 0.000000000000000000e+00 0.000000000000000000e+00 0.000000000000000000e+00 0.000000000000000000e+00 0.000000000000000000e+00 0.000000000000000000e+00 0.000000000000000000e+00 0.000000000000000000e+00 0.000000000000000000e+00 0.000000000000000000e+00 0.000000000000000000e+00 0.000000000000000000e+00
0.000000000000000000e+00 3.637880319959009845e-01 4.518877268967926852e-01 3.497967481495535269e-01 4.510346907095058588e-01 2.580310705736831300e-01 4.249256695075757650e-01 3.276038472999976969e-01 4.731895979381443573e-01 2.559693280119076930e-01 0.000000000000000000e+00 3.951153627266063006e-01 4.318990555351007177e-01 3.623368708977793839e-01 4.687365060240964443e-01 2.605748051901743412e-01 0.000000000000000000e+00 4.422090903945530282e-01 0.000000000000000000e+00 3.932042609497228280e-01 0.000000000000000000e+00 0.000000000000000000e+00 3.986701367644254757e-01 3.732617546971776501e-01 4.787682213728300384e-01 3.308325292246132587e-01 4.880882800000000410e-01 3.303594061074629495e-01 0.000000000000000000e+00 3.690258018136877149e-01 3.721671213390241317e-01 3.844170032934400849e-01 0.000000000000000000e+00 4.001204980689754276e-01 0.000000000000000000e+00 0.000000000000000000e+00 0.000000000000000000e+00 0.000000000000000000e+00 0.000000000000000000e+00 0.000000000000000000e+00 0.000000000000000000e+00 0.000000000000000000e+00 0.000000000000000000e+00 0.000000000000000000e+00 0.000000000000000000e+00 0.000000000000000000e+00 0.000000000000000000e+00 0.000000000000000000e+00 0.000000000000000000e+00 0.000000000000000000e+00 0.000000000000000000e+00 0.000000000000000000e+00 0.000000000000000000e+00 3.489213448275861884e-01 0.000000000000000000e+00 4.070826833333333616e-01 0.000000000000000000e+00 3.834132848178137820e-01 0.000000000000000000e+00 3.959258129937006099e-01 0.000000000000000000e+00 0.000000000000000000e+00 0.000000000000000000e+00 4.275857359203296681e-01 0.000000000000000000e+00 3.251892583333333420e-01 0.000000000000000000e+00 4.766868434148434086e-01 0.000000000000000000e+00 4.081181260504201935e-01 5.551732881433536493e-01 3.556135093791469304e-01 4.265439230769230705e-01 3.672269109874263804e-01 0.000000000000000000e+00 3.618377871999767237e-01 0.000000000000000000e+00 3.836542013036218779e-01 0.000000000000000000e+00 3.375324157303370987e-01 0.000000000000000000e+00 3.957622200524544831e-01 0.000000000000000000e+00 0.000000000000000000e+00 0.000000000000000000e+00 4.218813289104939024e-01 0.000000000000000000e+00 0.000000000000000000e+00 0.000000000000000000e+00 4.275088972455879932e-01 0.000000000000000000e+00 4.040078372093023895e-01 0.000000000000000000e+00 0.000000000000000000e+00 4.035679999999999268e-01 0.000000000000000000e+00 0.000000000000000000e+00 0.000000000000000000e+00 0.000000000000000000e+00 0.000000000000000000e+00 0.000000000000000000e+00 0.000000000000000000e+00 4.205197986577182134e-01 4.218446936628333921e-01 0.000000000000000000e+00 0.000000000000000000e+00 0.000000000000000000e+00 0.000000000000000000e+00 0.000000000000000000e+00 0.000000000000000000e+00 0.000000000000000000e+00 0.000000000000000000e+00 0.000000000000000000e+00 0.000000000000000000e+00 0.000000000000000000e+00 0.000000000000000000e+00
3.603301617019516456e-01 5.118363816665904009e-01 4.270976353118982605e-01 4.941633504347803241e-01 0.000000000000000000e+00 0.000000000000000000e+00 4.086636013626344655e-01 4.992384657732616970e-01 0.000000000000000000e+00 0.000000000000000000e+00 3.318214984467987572e-01 4.939543740584522169e-01 3.388951916996640334e-01 4.630384485049834908e-01 4.111042724400513770e-01 0.000000000000000000e+00 3.842548292265580701e-01 4.832168530745875046e-01 4.495492980311387443e-01 5.185670616841673297e-01 0.000000000000000000e+00 0.000000000000000000e+00 4.186637333678449591e-01 4.715515833530268819e-01 0.000000000000000000e+00 0.000000000000000000e+00 0.000000000000000000e+00 0.000000000000000000e+00 4.216191615787161506e-01 4.880824131384408071e-01 4.189151835272368340e-01 5.172841614565442114e-01 4.324744298701299061e-01 5.073453491069525034e-01 4.716661784637535271e-01 0.000000000000000000e+00 4.517953241511732387e-01 0.000000000000000000e+00 4.371799460180085251e-01 5.084484174757282204e-01 4.285724896551724172e-01 0.000000000000000000e+00 0.000000000000000000e+00 0.000000000000000000e+00 4.286004227642276065e-01 0.000000000000000000e+00 0.000000000000000000e+00 0.000000000000000000e+00 4.440820701889507949e-01 4.756139064327484234e-01 4.427490720872878649e-01 0.000000000000000000e+00 0.000000000000000000e+00 0.000000000000000000e+00 0.000000000000000000e+00 0.000000000000000000e+00 4.226100724409707632e-01 5.086729421625799663e-01 4.398475066094586494e-01 5.202301705231389128e-01 4.531466031706781750e-01 0.000000000000000000e+00 4.505210967538692546e-01 0.000000000000000000e+00 4.605677762430412381e-01 4.932576783216782168e-01 4.576057039141842586e-01 5.192872085508326574e-01 4.578144349365040888e-01 5.299718205128204351e-01 3.881288609711172621e-01 4.990579218462888877e-01 4.069022646822130218e-01 4.683081926274457740e-01 0.000000000000000000e+00 0.000000000000000000e+00 4.149831149439531797e-01 4.701571242118914862e-01 0.000000000000000000e+00 0.000000000000000000e+00 4.401829353365603881e-01 0.000000000000000000e+00 0.000000000000000000e+00 0.000000000000000000e+00 4.406545923773182993e-01 0.000000000000000000e+00 0.000000000000000000e+00 0.000000000000000000e+00 4.604644952241185307e-01 0.000000000000000000e+00 3.986131615384615468e-01 0.000000000000000000e+00 0.000000000000000000e+00 0.000000000000000000e+00 4.259521785714285302e-01 0.000000000000000000e+00 0.000000000000000000e+00 0.000000000000000000e+00 0.000000000000000000e+00 5.133048343949043746e-01 0.000000000000000000e+00 0.000000000000000000e+00 0.000000000000000000e+00 4.872162101915185062e-01 0.000000000000000000e+00 0.000000000000000000e+00 0.000000000000000000e+00 0.000000000000000000e+00 0.000000000000000000e+00 0.000000000000000000e+00 0.000000000000000000e+00 0.000000000000000000e+00 0.000000000000000000e+00 0.000000000000000000e+00 0.000000000000000000e+00 0.000000000000000000e+00
5.052560775541332649e-01 3.804483560376873963e-01 4.967359060460693199e-01 4.177826669300083173e-01 4.521136460176991001e-01 3.554108934014904575e-01 4.886160582708665712e-01 3.529357804893327177e-01 0.000000000000000000e+00 3.951153627266063006e-01 4.939543740584522169e-01 3.364923939190166413e-01 4.693408399489890637e-01 3.579328697430859130e-01 0.000000000000000000e+00 4.004263944428782529e-01 4.831541454500858368e-01 3.379226075469070056e-01 5.151926149890572182e-01 4.388624315927845410e-01 0.000000000000000000e+00 0.000000000000000000e+00 4.662424172171045766e-01 4.279229347480855150e-01 0.000000000000000000e+00 0.000000000000000000e+00 0.000000000000000000e+00 3.719362678571428993e-01 4.958810562602328775e-01 4.176198000506192720e-01 4.193169618751806382e-01 4.108133991531536244e-01 4.909387410300553589e-01 4.285685166850234928e-01 5.183431238095237426e-01 4.995499406057707370e-01 0.000000000000000000e+00 0.000000000000000000e+00 0.000000000000000000e+00 4.555067534496841652e-01 0.000000000000000000e+00 0.000000000000000000e+00 0.000000000000000000e+00 0.000000000000000000e+00 0.000000000000000000e+00 4.359694255503144822e-01 0.000000000000000000e+00 0.000000000000000000e+00 4.855170463301019534e-01 4.101048348600098148e-01 0.000000000000000000e+00 3.985460886664310975e-01 0.000000000000000000e+00 4.161618126806718165e-01 0.000000000000000000e+00 4.660913760337004885e-01 4.633991940627224526e-01 4.264373633631030058e-01 5.176951532846716386e-01 4.477544501933203303e-01 4.783789225352112484e-01 4.539335829854974080e-01 0.000000000000000000e+00 4.422284183956553538e-01 0.000000000000000000e+00 4.192696870147464838e-01 5.002501174271308804e-01 4.566765404285962893e-01 5.258524252336449489e-01 4.610010422886168802e-01 4.724710944444444616e-01 3.718769271924342590e-01 4.538032439259563344e-01 4.154463990443897914e-01 0.000000000000000000e+00 0.000000000000000000e+00 4.702807583279727810e-01 4.275835435343688373e-01 0.000000000000000000e+00 4.154800699337200531e-01 5.071309113924051815e-01 4.397289751894112864e-01 0.000000000000000000e+00 0.000000000000000000e+00 0.000000000000000000e+00 4.707025855509879286e-01 0.000000000000000000e+00 0.000000000000000000e+00 5.322816187845303970e-01 4.731010187709332460e-01 0.000000000000000000e+00 0.000000000000000000e+00 0.000000000000000000e+00 0.000000000000000000e+00 4.797950592592593044e-01 0.000000000000000000e+00 0.000000000000000000e+00 0.000000000000000000e+00 0.000000000000000000e+00 0.000000000000000000e+00 0.000000000000000000e+00 0.000000000000000000e+00 4.839319767441860320e-01 5.007996220930233111e-01 0.000000000000000000e+00 0.000000000000000000e+00 0.000000000000000000e+00 0.000000000000000000e+00 0.000000000000000000e+00 0.000000000000000000e+00 0.000000000000000000e+00 0.000000000000000000e+00 0.000000000000000000e+00 0.000000000000000000e+00 0.000000000000000000e+00 0.000000000000000000e+00
3.941239360949906345e-01 4.831045076782787828e-01 3.819617062805083507e-01 4.601349485157036345e-01 3.671523706758825223e-01 4.268437885313057789e-01 3.477588641394535052e-01 4.617605112730568395e-01 2.671900201928066876e-01 4.318990555351007177e-01 3.388951916996640334e-01 4.693408399489890637e-01 2.984474032673459787e-01 4.694732945774300337e-01 2.971009634204024308e-01 4.761634859584860102e-01 4.470880810339363243e-01 4.715430355029585630e-01 4.301557613466869823e-01 4.815657763208252007e-01 0.000000000000000000e+00 0.000000000000000000e+00 3.848026737191485580e-01 4.508749971588330019e-01 4.164318965517240234e-01 3.889502162162162269e-01 3.917722777777778442e-01 0.000000000000000000e+00 4.153389435198013291e-01 4.704619138280378143e-01 3.800651307379602772e-01 4.329526439775963631e-01 4.179380445911061170e-01 4.729787916945337178e-01 4.571828326391063069e-01 0.000000000000000000e+00 4.421378802720392631e-01 5.167973454545453649e-01 4.428875448438987505e-01 0.000000000000000000e+00 0.000000000000000000e+00 0.000000000000000000e+00 0.000000000000000000e+00 0.000000000000000000e+00 4.390873143067335338e-01 0.000000000000000000e+00 0.000000000000000000e+00 0.000000000000000000e+00 4.461901768905777721e-01 0.000000000000000000e+00 4.290173403094092452e-01 4.938257062298604394e-01 0.000000000000000000e+00 0.000000000000000000e+00 4.076422061688310672e-01 0.000000000000000000e+00 4.280483533451913125e-01 5.104742954545454792e-01 4.387850671485796772e-01 5.142682396833277991e-01 4.590016391654053174e-01 4.943962745098038902e-01 4.469414772683490966e-01 0.000000000000000000e+00 4.500133101075617925e-01 0.000000000000000000e+00 4.412178463094517111e-01 4.869008062818037663e-01 4.144260112343359781e-01 4.942968081179322515e-01 3.693516639206282370e-01 4.750394767116646322e-01 4.032532744690124904e-01 4.614003676410646793e-01 3.980120248540793271e-01 4.369233673469388179e-01 4.070252334098514724e-01 4.514574432123785175e-01 0.000000000000000000e+00 0.000000000000000000e+00 4.170815400608656187e-01 4.910478724489796276e-01 0.000000000000000000e+00 0.000000000000000000e+00 4.250355239540228869e-01 5.043473390804598111e-01 0.000000000000000000e+00 0.000000000000000000e+00 4.392538322227964032e-01 0.000000000000000000e+00 0.000000000000000000e+00 4.905533695652173898e-01 0.000000000000000000e+00 0.000000000000000000e+00 4.325164387556867385e-01 0.000000000000000000e+00 4.726467976190476539e-01 0.000000000000000000e+00 0.000000000000000000e+00 0.000000000000000000e+00 0.000000000000000000e+00 0.000000000000000000e+00 4.619011751824817491e-01 0.000000000000000000e+00 0.000000000000000000e+00 0.000000000000000000e+00 0.000000000000000000e+00 0.000000000000000000e+00 0.000000000000000000e+00 0.000000000000000000e+00 0.000000000000000000e+00 0.000000000000000000e+00 0.000000000000000000e+00 4.815023232804232500e-01 0.000000000000000000e+00 0.000000000000000000e+00
