3.086868077373004504e-01 4.875847694420280543e-01 3.945106179111366740e-01 4.944048704465563993e-01 3.335341580645161952e-01 0.000000000000000000e+00 3.464386805109572753e-01 4.781750421286063424e-01 3.870635211255982755e-01 0.000000000000000000e+00 3.459891561142753313e-01 4.774746429951690629e-01 3.764124808580305293e-01 4.551125666666667180e-01 3.640297999999999590e-01 0.000000000000000000e+00 3.322176851836614042e-01 4.718920125684651912e-01 4.182790007722773651e-01 5.047985948632306430e-01 0.000000000000000000e+00 0.000000000000000000e+00 4.030802158507036936e-01 0.000000000000000000e+00 0.000000000000000000e+00 0.000000000000000000e+00 4.248810799850074593e-01 0.000000000000000000e+00 4.037510862803117551e-01 4.824025095659937867e-01 4.339982191013179169e-01 4.586498478991596905e-01 4.076654440605791407e-01 4.863825573412132730e-01 0.000000000000000000e+00 0.000000000000000000e+00 4.739611437328021259e-01 4.710232909127926582e-01 5.057103701298701903e-01 0.000000000000000000e+00 4.594313749999999752e-01 0.000000000000000000e+00 4.584286399999999984e-01 0.000000000000000000e+00 4.754977155594260485e-01 5.061786281385280972e-01 4.050499183673469950e-01 0.000000000000000000e+00 4.410984765437823696e-01 4.491405200000000431e-01 4.302859859990997293e-01 4.672927180558504867e-01 3.699142641509434726e-01 0.000000000000000000e+00 4.113691621933965870e-01 0.000000000000000000e+00 3.062988334051795491e-01 4.849045493235379922e-01 4.401439216734950866e-01 4.949395438368255906e-01 4.080889257816601168e-01 0.000000000000000000e+00 3.629770703942333809e-01 0.000000000000000000e+00 4.451325138661051395e-01 5.036178181818182775e-01 4.331795919218397461e-01 5.089902020105828706e-01 3.935882380274329795e-01 5.154836422376007921e-01 3.619800371010064577e-01 4.835952261904761240e-01 3.934976861019037764e-01 4.772229551399392866e-01 4.129461608231461689e-01 0.000000000000000000e+00 3.853229769623914835e-01 4.736398869651156085e-01 0.000000000000000000e+00 0.000000000000000000e+00 4.541704497665187690e-01 0.000000000000000000e+00 0.000000000000000000e+00 0.000000000000000000e+00 4.356545482053259533e-01 4.822058759689922813e-01 0.000000000000000000e+00 0.000000000000000000e+00 4.308192180732597909e-01 0.000000000000000000e+00 4.574095148146864465e-01 4.436322689342404035e-01 5.147048103448276235e-01 0.000000000000000000e+00 4.615844105182926871e-01 5.467975925925926406e-01 4.228890526315788323e-01 0.000000000000000000e+00 0.000000000000000000e+00 4.319938201555328927e-01 0.000000000000000000e+00 4.522243277310925014e-01 4.227312590202585985e-01 4.544936320372751637e-01 4.142663037970724660e-01 3.908845932773108989e-01 0.000000000000000000e+00 0.000000000000000000e+00 0.000000000000000000e+00 0.000000000000000000e+00 0.000000000000000000e+00 0.000000000000000000e+00 0.000000000000000000e+00 4.314409722222222188e-01 0.000000000000000000e+00 0.000000000000000000e+00
4.875847694420280543e-01 3.123506365741319790e-01 4.973089978746417783e-01 3.773320897278492625e-01 0.000000000000000000e+00 3.263299495841486819e-01 4.829307494217343066e-01 3.157897454961359207e-01 0.000000000000000000e+00 3.437788783290043337e-01 4.721187414152222539e-01 3.465187406075913579e-01 0.000000000000000000e+00 4.036863125231485161e-01 0.000000000000000000e+00 4.361257889603527005e-01 4.708057143596253158e-01 3.658685291492340119e-01 5.147710590802555553e-01 3.901132922770200184e-01 0.000000000000000000e+00 0.000000000000000000e+00 4.900934720720720450e-01 4.362565885475243044e-01 0.000000000000000000e+00 0.000000000000000000e+00 4.491239618320610472e-01 0.000000000000000000e+00 4.880475746679960314e-01 4.337375124852969610e-01 5.004631283183037516e-01 4.334467636190475481e-01 5.125239789500219967e-01 4.297825921888205891e-01 5.246354464285714059e-01 5.544291621621620925e-01 5.003596238956744546e-01 5.232045764230964791e-01 0.000000000000000000e+00 5.171884317596125991e-01 0.000000000000000000e+00 4.409958378007919899e-01 0.000000000000000000e+00 4.352860020071982472e-01 5.189074285714286860e-01 4.459932592647773975e-01 0.000000000000000000e+00 4.270261919089475278e-01 4.684576826347306433e-01 4.447131812815556251e-01 4.588484285714286015e-01 4.375717061266298780e-01 0.000000000000000000e+00 4.321652288762913297e-01 0.000000000000000000e+00 4.525219271204395932e-01 5.011544387956858859e-01 3.226051497090688391e-01 5.025908923427765407e-01 4.293283209486174479e-01 5.081701650485436206e-01 4.214612274910881085e-01 4.873879678982435126e-01 4.185681296560473941e-01 0.000000000000000000e+00 4.375375988501051805e-01 5.027022901794756526e-01 4.183895835538752883e-01 5.204846299969468904e-01 3.099196234668618599e-01 5.421623741007194353e-01 3.639070505268272027e-01 4.609049405072153105e-01 4.207292083615459255e-01 0.000000000000000000e+00 4.334460897191739215e-01 4.690241054233972307e-01 4.093864104594980291e-01 5.406356703296703037e-01 4.238376444444444946e-01 0.000000000000000000e+00 4.663649344415122244e-01 0.000000000000000000e+00 0.000000000000000000e+00 4.690418799999999666e-01 4.582980986084366770e-01 0.000000000000000000e+00 0.000000000000000000e+00 0.000000000000000000e+00 4.735838637292772990e-01 4.548474118681949951e-01 4.706603601124993430e-01 0.000000000000000000e+00 3.616559380597014761e-01 0.000000000000000000e+00 4.411306510682086457e-01 4.462326427450981070e-01 5.052530745282013402e-01 4.587767919159380092e-01 0.000000000000000000e+00 0.000000000000000000e+00 0.000000000000000000e+00 4.643424028357485134e-01 4.366748993862485384e-01 4.413026093220904778e-01 4.269976103578179694e-01 0.000000000000000000e+00 4.442661657397106723e-01 0.000000000000000000e+00 0.000000000000000000e+00 4.720359999999999556e-01 0.000000000000000000e+00 3.721959705882353364e-01 5.062107132352942074e-01 0.000000000000000000e+00 4.360748750000000284e-01
3.945106179111366740e-01 4.973089978746417783e-01 2.780917211017983615e-01 4.759998670034674695e-01 1.856949980541596212e-01 4.210542813578245780e-01 3.111316668897897153e-01 4.678522193626216130e-01 3.392880871347360716e-01 4.441135907894737112e-01 3.978517931553753328e-01 4.814729640321518955e-01 3.575340005281805178e-01 4.477678226740334222e-01 3.453727529586531064e-01 4.366539632134885940e-01 4.013407649713656711e-01 4.975084931503732655e-01 3.605573163631963785e-01 5.063517212630784803e-01 0.000000000000000000e+00 0.000000000000000000e+00 2.703716473639687368e-01 4.449320816089450958e-01 2.208072911132689109e-01 4.459610666666666834e-01 3.141993596291314250e-01 4.042525719051149324e-01 3.768608140291717645e-01 4.967424955483092375e-01 4.154340808999497647e-01 4.371093387765294658e-01 4.307518962983574173e-01 4.961078835564390332e-01 4.978117604166665822e-01 0.000000000000000000e+00 4.089585357420338907e-01 4.937461262135921514e-01 0.000000000000000000e+00 0.000000000000000000e+00 4.262995093346346742e-01 0.000000000000000000e+00 4.583319357142857098e-01 0.000000000000000000e+00 4.667809364692828700e-01 0.000000000000000000e+00 3.986558070175438839e-01 0.000000000000000000e+00 4.603433885634013456e-01 5.537999268292682631e-01 4.210237007662293029e-01 4.488842547770700575e-01 4.410122192395049545e-01 0.000000000000000000e+00 4.101550314254895913e-01 0.000000000000000000e+00 4.191567976355902725e-01 4.856340432237966076e-01 4.588714476890352056e-01 4.866135360136324972e-01 4.247569365528307550e-01 0.000000000000000000e+00 3.954769285714286320e-01 4.428743264840183658e-01 4.138100504219797693e-01 0.000000000000000000e+00 4.585835087451753389e-01 4.838243073144730677e-01 4.305633690941659264e-01 0.000000000000000000e+00 3.655329526136752438e-01 4.509775107866301203e-01 3.717345269050492673e-01 4.741639944986106303e-01 3.420294309641821462e-01 0.000000000000000000e+00 4.006604732928706891e-01 4.674565934445840676e-01 0.000000000000000000e+00 0.000000000000000000e+00 3.863521908151378859e-01 4.789731071428571796e-01 3.930464150943396295e-01 0.000000000000000000e+00 3.949224435778185827e-01 4.990916322580645770e-01 0.000000000000000000e+00 0.000000000000000000e+00 3.925949536432115083e-01 0.000000000000000000e+00 4.232096907807088026e-01 4.417531919222623671e-01 3.940507803030302569e-01 4.183725724137931090e-01 4.234492933066333342e-01 4.655247055775839082e-01 0.000000000000000000e+00 4.100383927801171113e-01 4.119146846846846177e-01 4.038596123145335448e-01 0.000000000000000000e+00 0.000000000000000000e+00 4.260350303537820404e-01 4.403695981522530167e-01 4.299689259685005038e-01 4.171255279481052014e-01 0.000000000000000000e+00 4.332526396123050905e-01 0.000000000000000000e+00 0.000000000000000000e+00 0.000000000000000000e+00 0.000000000000000000e+00 0.000000000000000000e+00 0.000000000000000000e+00 0.000000000000000000e+00 0.000000000000000000e+00
4.944048704465563993e-01 3.773320897278492625e-01 4.759998670034674695e-01 2.783986631079767293e-01 4.546638377392192565e-01 2.385512237735697982e-01 4.680221750351666876e-01 3.275233372937716991e-01 0.000000000000000000e+00 3.425356072367651272e-01 4.736485517015971980e-01 3.998798681261132582e-01 4.478926675940380076e-01 3.712515614297426381e-01 4.391995502760658865e-01 3.427531075159908625e-01 4.818370662920590797e-01 4.195152993574629563e-01 5.265803189400759532e-01 3.165334342596236028e-01 0.000000000000000000e+00 0.000000000000000000e+00 4.646209995009321636e-01 2.650533988455788248e-01 4.081923774577743691e-01 2.800294216026497085e-01 4.485625724129594372e-01 3.158329848612235202e-01 4.723244313481324563e-01 3.844882640331520052e-01 4.235912994766994899e-01 3.265618491688633274e-01 5.130579866809754641e-01 4.125734642971760624e-01 0.000000000000000000e+00 4.847992947208726311e-01 4.239115940594060938e-01 4.422545007829459807e-01 0.000000000000000000e+00 4.754961233172584345e-01 0.000000000000000000e+00 4.317054202898550352e-01 0.000000000000000000e+00 4.317009337055577323e-01 0.000000000000000000e+00 4.683550233784808392e-01 0.000000000000000000e+00 4.147895817669172702e-01 0.000000000000000000e+00 4.727832967836313460e-01 4.638770408293460545e-01 4.466400194519957734e-01 0.000000000000000000e+00 4.118282170860007585e-01 0.000000000000000000e+00 4.300782133299022036e-01 4.519010833333333421e-01 4.209083979309606316e-01 4.766923277558334782e-01 4.438108083472726562e-01 4.503596259560751491e-01 4.275131853200287435e-01 0.000000000000000000e+00 4.615124659090908410e-01 0.000000000000000000e+00 4.275842805377939593e-01 4.824210543375186400e-01 4.494664215351757419e-01 4.825523661705935496e-01 3.496666249491366951e-01 4.717165411791433005e-01 3.650608451391479381e-01 4.699481994541682139e-01 3.881807905002591097e-01 4.075830140845070337e-01 3.692461101985145544e-01 4.722493957831441214e-01 4.093284352168900520e-01 0.000000000000000000e+00 0.000000000000000000e+00 0.000000000000000000e+00 4.110986537671434404e-01 0.000000000000000000e+00 0.000000000000000000e+00 0.000000000000000000e+00 4.162776973445997397e-01 0.000000000000000000e+00 0.000000000000000000e+00 0.000000000000000000e+00 4.217636154150417038e-01 4.606630846911534682e-01 4.500978370261249362e-01 4.415494452554744043e-01 0.000000000000000000e+00 0.000000000000000000e+00 4.296444394357778473e-01 4.407350338983050952e-01 4.740353085106384090e-01 4.633946567164179409e-01 4.658054468130012338e-01 0.000000000000000000e+00 0.000000000000000000e+00 4.436904880952381447e-01 4.476370255244963015e-01 0.000000000000000000e+00 4.448203151299156555e-01 0.000000000000000000e+00 4.371797218986079314e-01 0.000000000000000000e+00 0.000000000000000000e+00 0.000000000000000000e+00 4.898403586206896976e-01 0.000000000000000000e+00 0.000000000000000000e+00 4.566962342342342773e-01 0.000000000000000000e+00
3.335341580645161952e-01 0.000000000000000000e+00 1.856949980541596212e-01 4.546638377392192565e-01 1.934433493303131801e-01 4.482963721975390947e-01 2.947977751963982707e-01 4.374494911654197016e-01 2.304356182149110976e-01 4.415101891891892727e-01 3.230397368421052406e-01 4.572749166666666421e-01 3.212527843941860306e-01 0.000000000000000000e+00 2.565003427521101997e-01 4.439351921023013126e-01 0.000000000000000000e+00 0.000000000000000000e+00 3.929908489846593023e-01 4.474197791594001217e-01 3.498956404459308556e-01 4.041281929824561137e-01 1.666143964684192735e-01 4.589169516059919407e-01 1.692550325753891249e-01 4.248566002743974779e-01 3.033837854782537313e-01 4.079984301590889317e-01 3.310730909176756720e-01 0.000000000000000000e+00 3.576217157452666884e-01 3.959677807837090890e-01 3.858267857142856916e-01 4.722994266915077066e-01 0.000000000000000000e+00 0.000000000000000000e+00 0.000000000000000000e+00 0.000000000000000000e+00 0.000000000000000000e+00 0.000000000000000000e+00 0.000000000000000000e+00 0.000000000000000000e+00 0.000000000000000000e+00 0.000000000000000000e+00 0.000000000000000000e+00 0.000000000000000000e+00 0.000000000000000000e+00 0.000000000000000000e+00 4.264017163943354394e-01 0.000000000000000000e+00 4.511813271121815072e-01 0.000000000000000000e+00 0.000000000000000000e+00 0.000000000000000000e+00 0.000000000000000000e+00 0.000000000000000000e+00 0.000000000000000000e+00 0.000000000000000000e+00 0.000000000000000000e+00 0.000000000000000000e+00 0.000000000000000000e+00 0.000000000000000000e+00 4.224956800000000956e-01 0.000000000000000000e+00 4.302546720000000047e-01 0.000000000000000000e+00 4.419744486372440551e-01 0.000000000000000000e+00 0.000000000000000000e+00 0.000000000000000000e+00 3.471100844708744360e-01 4.309139577496827189e-01 3.304884071818828817e-01 0.000000000000000000e+00 3.232788309653208958e-01 0.000000000000000000e+00 3.405449235499851124e-01 0.000000000000000000e+00 0.000000000000000000e+00 0.000000000000000000e+00 3.862262710280374711e-01 0.000000000000000000e+00 3.520877095690454484e-01 0.000000000000000000e+00 3.781187273808488403e-01 0.000000000000000000e+00 0.000000000000000000e+00 0.000000000000000000e+00 3.995275359491137768e-01 0.000000000000000000e+00 0.000000000000000000e+00 0.000000000000000000e+00 0.000000000000000000e+00 0.000000000000000000e+00 0.000000000000000000e+00 0.000000000000000000e+00 0.000000000000000000e+00 0.000000000000000000e+00 0.000000000000000000e+00 0.000000000000000000e+00 0.000000000000000000e+00 0.000000000000000000e+00 0.000000000000000000e+00 0.000000000000000000e+00 0.000000000000000000e+00 0.000000000000000000e+00 0.000000000000000000e+00 0.000000000000000000e+00 0.000000000000000000e+00 0.000000000000000000e+00 0.000000000000000000e+00 0.000000000000000000e+00 0.000000000000000000e+00 0.000000000000000000e+00 0.000000000000000000e+00 0.000000000000000000e+00
0.000000000000000000e+00 3.263299495841486819e-01 4.210542813578245780e-01 2.385512237735697982e-01 4.482963721975390947e-01 2.006728365193926611e-01 4.590925466666667121e-01 2.922048691462592607e-01 4.675565584415585230e-01 2.725011953861547487e-01 0.000000000000000000e+00 0.000000000000000000e+00 0.000000000000000000e+00 3.589550052096582844e-01 0.000000000000000000e+00 2.282152119071578500e-01 0.000000000000000000e+00 0.000000000000000000e+00 4.470396737588652747e-01 3.822195455021703547e-01 3.845374018390805282e-01 1.933499893717393614e-01 4.563946387407305516e-01 3.220700276861070965e-01 4.502357576234444214e-01 2.691913040965828174e-01 4.163030632002800990e-01 2.427172945092433420e-01 0.000000000000000000e+00 2.470562523396243604e-01 3.839402889457145807e-01 3.423853013813307200e-01 0.000000000000000000e+00 4.042968229117227530e-01 0.000000000000000000e+00 4.286550504201681600e-01 0.000000000000000000e+00 4.024446309523808663e-01 0.000000000000000000e+00 0.000000000000000000e+00 0.000000000000000000e+00 0.000000000000000000e+00 0.000000000000000000e+00 0.000000000000000000e+00 0.000000000000000000e+00 0.000000000000000000e+00 0.000000000000000000e+00 4.597229511999999518e-01 0.000000000000000000e+00 3.875280649350649753e-01 0.000000000000000000e+00 3.600719922798179540e-01 0.000000000000000000e+00 4.553298585858586156e-01 0.000000000000000000e+00 0.000000000000000000e+00 0.000000000000000000e+00 0.000000000000000000e+00 0.000000000000000000e+00 4.569163423423422965e-01 0.000000000000000000e+00 0.000000000000000000e+00 0.000000000000000000e+00 0.000000000000000000e+00 0.000000000000000000e+00 3.386609714285714334e-01 0.000000000000000000e+00 4.573328298637347467e-01 0.000000000000000000e+00 0.000000000000000000e+00 4.410423128152263228e-01 3.218079055310532621e-01 0.000000000000000000e+00 3.250653989971203361e-01 0.000000000000000000e+00 3.419902785784993404e-01 0.000000000000000000e+00 3.500368724032515977e-01 0.000000000000000000e+00 0.000000000000000000e+00 0.000000000000000000e+00 4.169019919354838288e-01 0.000000000000000000e+00 0.000000000000000000e+00 0.000000000000000000e+00 4.313149649144497610e-01 0.000000000000000000e+00 0.000000000000000000e+00 0.000000000000000000e+00 3.966108791472497397e-01 0.000000000000000000e+00 0.000000000000000000e+00 0.000000000000000000e+00 0.000000000000000000e+00 0.000000000000000000e+00 0.000000000000000000e+00 0.000000000000000000e+00 0.000000000000000000e+00 0.000000000000000000e+00 0.000000000000000000e+00 0.000000000000000000e+00 0.000000000000000000e+00 0.000000000000000000e+00 0.000000000000000000e+00 0.000000000000000000e+00 0.000000000000000000e+00 0.000000000000000000e+00 0.000000000000000000e+00 0.000000000000000000e+00 0.000000000000000000e+00 0.000000000000000000e+00 0.000000000000000000e+00 0.000000000000000000e+00 0.000000000000000000e+00 0.000000000000000000e+00 0.000000000000000000e+00
3.464386805109572753e-01 4.829307494217343066e-01 3.111316668897897153e-01 4.680221750351666876e-01 2.947977751963982707e-01 4.590925466666667121e-01 2.894461219446495259e-01 4.608340831957377648e-01 3.019320829302994391e-01 4.232813788798920340e-01 3.257549738607162237e-01 4.699422514497431091e-01 3.043297590249582352e-01 4.526663713723169113e-01 3.423259968930673636e-01 4.456393455300799999e-01 3.773869422993190170e-01 4.774741255700876152e-01 4.143064165449875658e-01 4.896325514838325010e-01 0.000000000000000000e+00 3.222565942028985386e-01 3.701863307929355029e-01 4.566525896865871736e-01 0.000000000000000000e+00 0.000000000000000000e+00 3.522092813258129729e-01 0.000000000000000000e+00 3.520578139896517467e-01 4.824226933587446031e-01 4.185752810334142926e-01 4.512928612359482505e-01 4.127820546345810637e-01 4.865481199562559089e-01 0.000000000000000000e+00 0.000000000000000000e+00 3.970025794390648066e-01 4.707844899999999999e-01 4.494438421052631694e-01 0.000000000000000000e+00 0.000000000000000000e+00 0.000000000000000000e+00 4.138585999999999654e-01 0.000000000000000000e+00 4.441619523161319250e-01 0.000000000000000000e+00 0.000000000000000000e+00 0.000000000000000000e+00 4.348471160432948457e-01 4.682109965334467216e-01 4.171912334138511702e-01 4.713989013082269253e-01 3.838835555067257044e-01 0.000000000000000000e+00 3.990003679755977362e-01 0.000000000000000000e+00 4.206894015556046362e-01 4.878936129032258040e-01 4.421744165125814918e-01 4.922983621621621619e-01 4.269904067409511783e-01 0.000000000000000000e+00 4.073111504062730814e-01 0.000000000000000000e+00 4.383048136793074590e-01 4.444020460526315608e-01 4.432692123009938090e-01 4.934931478260869420e-01 4.476721531043745816e-01 4.767788895705520891e-01 3.310343282525465280e-01 4.729508102440524997e-01 3.557464258031464155e-01 4.637000089610546771e-01 3.361635080075474069e-01 0.000000000000000000e+00 3.875467982786634513e-01 4.611605261708907055e-01 0.000000000000000000e+00 0.000000000000000000e+00 3.952779041044885422e-01 0.000000000000000000e+00 0.000000000000000000e+00 0.000000000000000000e+00 4.133473558511222556e-01 4.671701521739130558e-01 3.673325740740740475e-01 0.000000000000000000e+00 4.070965628746752718e-01 0.000000000000000000e+00 4.177576269230769412e-01 4.010565613962746023e-01 0.000000000000000000e+00 0.000000000000000000e+00 0.000000000000000000e+00 0.000000000000000000e+00 0.000000000000000000e+00 4.097427574604742828e-01 0.000000000000000000e+00 4.090088145161290822e-01 0.000000000000000000e+00 0.000000000000000000e+00 4.294107249999999931e-01 4.308250247734395910e-01 3.695966450292397232e-01 4.609724336283185786e-01 0.000000000000000000e+00 0.000000000000000000e+00 0.000000000000000000e+00 0.000000000000000000e+00 4.195994068887816120e-01 0.000000000000000000e+00 0.000000000000000000e+00 0.000000000000000000e+00 0.000000000000000000e+00 0.000000000000000000e+00
4.781750421286063424e-01 3.157897454961359207e-01 4.678522193626216130e-01 3.275233372937716991e-01 4.374494911654197016e-01 2.922048691462592607e-01 4.608340831957377648e-01 2.696047139581317920e-01 4.352189472643375745e-01 3.173093006800923876e-01 4.552841524533794981e-01 3.493119184234875774e-01 4.434100661977096181e-01 3.128728195971217652e-01 4.051061728395061734e-01 3.192304655230986943e-01 4.566783525144345601e-01 3.917023083175970588e-01 4.982878556795016789e-01 4.164803039637622883e-01 0.000000000000000000e+00 0.000000000000000000e+00 4.627424206213026081e-01 3.526520603880231031e-01 4.144102542022791713e-01 3.359073365538867706e-01 0.000000000000000000e+00 0.000000000000000000e+00 4.631790792405766077e-01 3.483051586948433531e-01 4.344178888308120601e-01 3.728225033433433255e-01 4.894736002398887842e-01 4.107085889067070839e-01 0.000000000000000000e+00 0.000000000000000000e+00 0.000000000000000000e+00 4.216339623891446342e-01 0.000000000000000000e+00 3.937401322314049712e-01 0.000000000000000000e+00 0.000000000000000000e+00 0.000000000000000000e+00 4.135261588065746730e-01 4.988337768595041410e-01 4.217750380910923469e-01 0.000000000000000000e+00 4.013967097839136189e-01 5.002090000000001258e-01 4.193196837172545877e-01 4.454259117015031411e-01 4.089266949402254880e-01 0.000000000000000000e+00 3.912636333597746541e-01 0.000000000000000000e+00 4.096820140995120485e-01 4.323302086330935157e-01 4.097256535196071581e-01 4.930245298009367505e-01 4.428509144457541402e-01 4.488248085106382734e-01 4.152560085992304528e-01 0.000000000000000000e+00 3.982274232626003552e-01 0.000000000000000000e+00 4.188990349369940969e-01 4.783899757718120815e-01 4.621181125817436230e-01 0.000000000000000000e+00 4.470721387295129579e-01 4.635844680085312586e-01 2.971191955384202554e-01 4.496272725962736638e-01 3.665095901836296077e-01 0.000000000000000000e+00 3.705265392834695137e-01 4.638109047081643843e-01 3.873396360069215616e-01 0.000000000000000000e+00 0.000000000000000000e+00 0.000000000000000000e+00 4.226202098142447516e-01 0.000000000000000000e+00 0.000000000000000000e+00 0.000000000000000000e+00 4.139968094078935734e-01 0.000000000000000000e+00 0.000000000000000000e+00 4.373902825715054732e-01 4.198241364701828515e-01 4.589414131736526681e-01 4.173725729627987824e-01 0.000000000000000000e+00 0.000000000000000000e+00 0.000000000000000000e+00 4.343831016746411700e-01 0.000000000000000000e+00 4.598188653846154161e-01 0.000000000000000000e+00 0.000000000000000000e+00 0.000000000000000000e+00 0.000000000000000000e+00 4.262791874999999897e-01 4.265653752943218691e-01 3.923463396565183281e-01 4.287812983595086225e-01 0.000000000000000000e+00 4.386539000000000410e-01 0.000000000000000000e+00 0.000000000000000000e+00 0.000000000000000000e+00 0.000000000000000000e+00 0.000000000000000000e+00 0.000000000000000000e+00 0.000000000000000000e+00 0.000000000000000000e+00
3.870635211255982755e-01 0.000000000000000000e+00 3.392880871347360716e-01 0.000000000000000000e+00 2.304356182149110976e-01 4.675565584415585230e-01 3.019320829302994391e-01 4.352189472643375745e-01 2.495946462819422229e-01 4.333527199999999135e-01 3.456614043389946156e-01 0.000000000000000000e+00 3.082633609302106170e-01 0.000000000000000000e+00 2.483892819585854783e-01 0.000000000000000000e+00 0.000000000000000000e+00 0.000000000000000000e+00 4.058549518685789503e-01 0.000000000000000000e+00 0.000000000000000000e+00 0.000000000000000000e+00 3.725958484262125725e-01 4.424875600794960784e-01 0.000000000000000000e+00 0.000000000000000000e+00 2.755012361111111030e-01 0.000000000000000000e+00 3.749152695416926306e-01 0.000000000000000000e+00 3.724937941176470479e-01 4.493947093518518288e-01 0.000000000000000000e+00 0.000000000000000000e+00 0.000000000000000000e+00 0.000000000000000000e+00 0.000000000000000000e+00 0.000000000000000000e+00 0.000000000000000000e+00 0.000000000000000000e+00 0.000000000000000000e+00 0.000000000000000000e+00 0.000000000000000000e+00 0.000000000000000000e+00 0.000000000000000000e+00 0.000000000000000000e+00 0.000000000000000000e+00 0.000000000000000000e+00 0.000000000000000000e+00 0.000000000000000000e+00 4.144988219572289800e-01 0.000000000000000000e+00 0.000000000000000000e+00 0.000000000000000000e+00 0.000000000000000000e+00 0.000000000000000000e+00 0.000000000000000000e+00 0.000000000000000000e+00 4.426086078431372695e-01 0.000000000000000000e+00 4.167413431602213225e-01 0.000000000000000000e+00 4.549972604166667156e-01 0.000000000000000000e+00 4.327556223788991963e-01 0.000000000000000000e+00 0.000000000000000000e+00 0.000000000000000000e+00 0.000000000000000000e+00 0.000000000000000000e+00 3.205433329760927208e-01 0.000000000000000000e+00 3.323037815957008978e-01 0.000000000000000000e+00 3.141670188892125015e-01 0.000000000000000000e+00 3.681606213155857454e-01 0.000000000000000000e+00 0.000000000000000000e+00 0.000000000000000000e+00 4.047992453716033889e-01 0.000000000000000000e+00 0.000000000000000000e+00 0.000000000000000000e+00 4.046148558952578633e-01 0.000000000000000000e+00 0.000000000000000000e+00 0.000000000000000000e+00 4.094221286622115596e-01 0.000000000000000000e+00 0.000000000000000000e+00 3.938703819444444587e-01 0.000000000000000000e+00 0.000000000000000000e+00 0.000000000000000000e+00 0.000000000000000000e+00 0.000000000000000000e+00 0.000000000000000000e+00 0.000000000000000000e+00 0.000000000000000000e+00 0.000000000000000000e+00 0.000000000000000000e+00 0.000000000000000000e+00 0.000000000000000000e+00 0.000000000000000000e+00 0.000000000000000000e+00 0.000000000000000000e+00 0.000000000000000000e+00 0.000000000000000000e+00 0.000000000000000000e+00 0.000000000000000000e+00 0.000000000000000000e+00 0.000000000000000000e+00 0.000000000000000000e+00 0.000000000000000000e+00 0.000000000000000000e+00
0.000000000000000000e+00 3.437788783290043337e-01 4.441135907894737112e-01 3.425356072367651272e-01 4.415101891891892727e-01 2.725011953861547487e-01 4.232813788798920340e-01 3.173093006800923876e-01 4.333527199999999135e-01 2.242630820949964854e-01 0.000000000000000000e+00 3.658174270542723372e-01 4.217214492753623145e-01 3.582243750781021752e-01 0.000000000000000000e+00 2.480232526757045752e-01 0.000000000000000000e+00 3.998669856060605987e-01 0.000000000000000000e+00 4.044143043478261590e-01 0.000000000000000000e+00 0.000000000000000000e+00 4.334852724217563846e-01 0.000000000000000000e+00 4.375991265423417875e-01 0.000000000000000000e+00 0.000000000000000000e+00 0.000000000000000000e+00 4.318963095439188882e-01 3.345030265564904459e-01 4.039806029352945305e-01 0.000000000000000000e+00 0.000000000000000000e+00 3.694506172839505664e-01 0.000000000000000000e+00 0.000000000000000000e+00 0.000000000000000000e+00 0.000000000000000000e+00 0.000000000000000000e+00 0.000000000000000000e+00 0.000000000000000000e+00 0.000000000000000000e+00 0.000000000000000000e+00 0.000000000000000000e+00 0.000000000000000000e+00 0.000000000000000000e+00 0.000000000000000000e+00 0.000000000000000000e+00 0.000000000000000000e+00 4.234044064453721390e-01 0.000000000000000000e+00 3.697234658634844240e-01 0.000000000000000000e+00 3.736515413533834096e-01 0.000000000000000000e+00 0.000000000000000000e+00 0.000000000000000000e+00 3.795974949494950734e-01 0.000000000000000000e+00 4.154375714285713506e-01 0.000000000000000000e+00 0.000000000000000000e+00 0.000000000000000000e+00 0.000000000000000000e+00 0.000000000000000000e+00 4.581005981308411412e-01 4.496216918238993276e-01 0.000000000000000000e+00 0.000000000000000000e+00 0.000000000000000000e+00 0.000000000000000000e+00 2.824110181722452872e-01 4.668612788461538599e-01 3.360193705655806773e-01 0.000000000000000000e+00 3.133250630630630695e-01 0.000000000000000000e+00 3.510219805607653898e-01 0.000000000000000000e+00 0.000000000000000000e+00 0.000000000000000000e+00 4.311591514675821579e-01 0.000000000000000000e+00 0.000000000000000000e+00 0.000000000000000000e+00 4.210494671876264805e-01 0.000000000000000000e+00 0.000000000000000000e+00 0.000000000000000000e+00 3.937650234358118784e-01 0.000000000000000000e+00 3.741860081300812935e-01 0.000000000000000000e+00 0.000000000000000000e+00 0.000000000000000000e+00 3.546768571428571271e-01 0.000000000000000000e+00 0.000000000000000000e+00 0.000000000000000000e+00 0.000000000000000000e+00 0.000000000000000000e+00 0.000000000000000000e+00 0.000000000000000000e+00 0.000000000000000000e+00 0.000000000000000000e+00 0.000000000000000000e+00 0.000000000000000000e+00 0.000000000000000000e+00 0.000000000000000000e+00 0.000000000000000000e+00 0.000000000000000000e+00 0.000000000000000000e+00 0.000000000000000000e+00 0.000000000000000000e+00 0.000000000000000000e+00 0.000000000000000000e+00
3.459891561142753313e-01 4.721187414152222539e-01 3.978517931553753328e-01 4.736485517015971980e-01 3.230397368421052406e-01 0.000000000000000000e+00 3.257549738607162237e-01 4.552841524533794981e-01 3.456614043389946156e-01 0.000000000000000000e+00 2.782636670389608269e-01 4.567548921204219181e-01 3.132114110998779899e-01 4.403958409676407837e-01 3.371617732259949429e-01 0.000000000000000000e+00 3.228662572718010715e-01 4.558610744797371161e-01 4.142655958584318121e-01 4.735037441648780043e-01 0.000000000000000000e+00 0.000000000000000000e+00 3.940003884475354878e-01 4.556696351903725128e-01 0.000000000000000000e+00 0.000000000000000000e+00 3.805420459706959080e-01 0.000000000000000000e+00 3.700795673979268008e-01 4.711305576265390482e-01 4.196502010939818783e-01 4.384886793460126553e-01 4.060216637041620946e-01 4.680577053961162415e-01 0.000000000000000000e+00 0.000000000000000000e+00 4.205637166054640996e-01 0.000000000000000000e+00 0.000000000000000000e+00 0.000000000000000000e+00 5.249541228070175869e-01 0.000000000000000000e+00 0.000000000000000000e+00 0.000000000000000000e+00 0.000000000000000000e+00 0.000000000000000000e+00 0.000000000000000000e+00 0.000000000000000000e+00 4.909068145161289975e-01 0.000000000000000000e+00 4.633912003529683798e-01 0.000000000000000000e+00 0.000000000000000000e+00 0.000000000000000000e+00 4.770287030729450928e-01 0.000000000000000000e+00 3.965529637772203797e-01 4.747758320610686589e-01 4.494664217374798043e-01 4.985910145052880882e-01 4.306994814507454916e-01 0.000000000000000000e+00 4.112511241264659168e-01 0.000000000000000000e+00 4.688196933278480638e-01 0.000000000000000000e+00 4.510469120454995151e-01 5.025305263157895386e-01 4.416179010180995013e-01 4.677297962828282363e-01 3.351289078016664869e-01 0.000000000000000000e+00 3.737718498679895585e-01 4.701688342431561973e-01 3.936019090909090856e-01 0.000000000000000000e+00 4.007709850471256607e-01 4.631129584312849712e-01 0.000000000000000000e+00 0.000000000000000000e+00 4.060599474846733337e-01 0.000000000000000000e+00 4.336303153846154390e-01 0.000000000000000000e+00 4.539939629771227447e-01 0.000000000000000000e+00 0.000000000000000000e+00 0.000000000000000000e+00 4.421335691578069382e-01 0.000000000000000000e+00 0.000000000000000000e+00 0.000000000000000000e+00 0.000000000000000000e+00 0.000000000000000000e+00 4.473162025316456125e-01 3.874117567567567644e-01 0.000000000000000000e+00 4.094007441860464946e-01 0.000000000000000000e+00 4.208390833333333081e-01 0.000000000000000000e+00 0.000000000000000000e+00 0.000000000000000000e+00 4.579970962175288207e-01 0.000000000000000000e+00 0.000000000000000000e+00 0.000000000000000000e+00 0.000000000000000000e+00 0.000000000000000000e+00 0.000000000000000000e+00 0.000000000000000000e+00 0.000000000000000000e+00 0.000000000000000000e+00 0.000000000000000000e+00 0.000000000000000000e+00 0.000000000000000000e+00
4.774746429951690629e-01 3.465187406075913579e-01 4.814729640321518955e-01 3.998798681261132582e-01 4.572749166666666421e-01 0.000000000000000000e+00 4.699422514497431091e-01 3.493119184234875774e-01 0.000000000000000000e+00 3.658174270542723372e-01 4.567548921204219181e-01 2.873799647452350281e-01 4.602241292588415966e-01 3.047396878413727861e-01 0.000000000000000000e+00 3.856581401971230783e-01 4.609021860535298387e-01 3.856343771841839740e-01 4.905117875074953560e-01 4.161651945611706260e-01 0.000000000000000000e+00 0.000000000000000000e+00 4.730720073974203355e-01 4.009939371382771345e-01 0.000000000000000000e+00 0.000000000000000000e+00 0.000000000000000000e+00 0.000000000000000000e+00 0.000000000000000000e+00 3.985876263809541298e-01 4.199542662688328654e-01 4.052872937666293640e-01 4.893890868487468793e-01 4.020218411598633357e-01 0.000000000000000000e+00 4.929463985941242576e-01 0.000000000000000000e+00 4.422047568080427205e-01 0.000000000000000000e+00 5.271189459459459936e-01 0.000000000000000000e+00 0.000000000000000000e+00 0.000000000000000000e+00 0.000000000000000000e+00 5.204610675675676035e-01 4.098637493037008972e-01 0.000000000000000000e+00 0.000000000000000000e+00 0.000000000000000000e+00 4.180001902547912929e-01 0.000000000000000000e+00 4.045631849943724379e-01 0.000000000000000000e+00 3.978342017121302976e-01 4.262578765191469832e-01 4.450582205694898486e-01 0.000000000000000000e+00 4.222971467345021379e-01 5.122193103448275942e-01 4.562512128250494903e-01 0.000000000000000000e+00 4.414754769606971663e-01 0.000000000000000000e+00 4.290737775201059478e-01 0.000000000000000000e+00 4.517496848006474219e-01 4.562254939630682182e-01 4.628322727476714138e-01 0.000000000000000000e+00 4.505197554945054583e-01 4.166643658536586248e-01 3.735825041871778107e-01 4.568734170713569798e-01 4.085537566121014152e-01 0.000000000000000000e+00 0.000000000000000000e+00 4.604319875804054329e-01 4.250358555706716390e-01 0.000000000000000000e+00 0.000000000000000000e+00 0.000000000000000000e+00 4.631781365696275854e-01 0.000000000000000000e+00 0.000000000000000000e+00 4.202530283687943014e-01 4.585170770975978694e-01 0.000000000000000000e+00 4.908755066666666833e-01 0.000000000000000000e+00 4.726724468538826551e-01 0.000000000000000000e+00 0.000000000000000000e+00 0.000000000000000000e+00 0.000000000000000000e+00 0.000000000000000000e+00 0.000000000000000000e+00 0.000000000000000000e+00 0.000000000000000000e+00 0.000000000000000000e+00 0.000000000000000000e+00 0.000000000000000000e+00 0.000000000000000000e+00 0.000000000000000000e+00 4.564819607643346155e-01 0.000000000000000000e+00 0.000000000000000000e+00 0.000000000000000000e+00 0.000000000000000000e+00 0.000000000000000000e+00 0.000000000000000000e+00 0.000000000000000000e+00 0.000000000000000000e+00 0.000000000000000000e+00 0.000000000000000000e+00 0.000000000000000000e+00 0.000000000000000000e+00
3.764124808580305293e-01 0.000000000000000000e+00 3.575340005281805178e-01 4.478926675940380076e-01 3.212527843941860306e-01 0.000000000000000000e+00 3.043297590249582352e-01 4.434100661977096181e-01 3.082633609302106170e-01 4.217214492753623145e-01 3.132114110998779899e-01 4.602241292588415966e-01 2.685037814306599491e-01 4.446095984655857314e-01 2.219285949773600053e-01 4.168292734264208432e-01 3.844340991814364505e-01 0.000000000000000000e+00 4.120530544238421577e-01 4.383888239834523026e-01 0.000000000000000000e+00 0.000000000000000000e+00 3.723093982141772451e-01 4.541165958607543129e-01 0.000000000000000000e+00 0.000000000000000000e+00 3.556904207554116293e-01 0.000000000000000000e+00 3.364712193800665219e-01 4.705561618111785971e-01 3.820658792353192057e-01 4.315105005925939929e-01 4.374419351351350738e-01 4.705258536521355062e-01 0.000000000000000000e+00 0.000000000000000000e+00 4.155003416591827592e-01 0.000000000000000000e+00 0.000000000000000000e+00 0.000000000000000000e+00 4.742674905660377305e-01 0.000000000000000000e+00 0.000000000000000000e+00 0.000000000000000000e+00 0.000000000000000000e+00 0.000000000000000000e+00 0.000000000000000000e+00 0.000000000000000000e+00 3.853195075757575583e-01 4.845531258278145126e-01 4.428240560876244847e-01 0.000000000000000000e+00 0.000000000000000000e+00 0.000000000000000000e+00 3.836370561678809632e-01 0.000000000000000000e+00 4.176874699657492362e-01 0.000000000000000000e+00 4.466338200504345601e-01 0.000000000000000000e+00 4.380052609971631927e-01 0.000000000000000000e+00 4.233937449647965368e-01 0.000000000000000000e+00 4.488425830170846287e-01 0.000000000000000000e+00 4.452622085102150296e-01 0.000000000000000000e+00 4.295505462962962984e-01 0.000000000000000000e+00 3.304821013698461818e-01 4.785870961538460922e-01 3.812373655586198673e-01 4.515120793796091325e-01 3.813640909948409763e-01 0.000000000000000000e+00 3.845056907683798708e-01 4.449684432324814698e-01 0.000000000000000000e+00 0.000000000000000000e+00 3.854331159651704364e-01 0.000000000000000000e+00 0.000000000000000000e+00 0.000000000000000000e+00 4.232993202918186593e-01 4.759127848837210184e-01 4.701665244755244832e-01 0.000000000000000000e+00 4.164476832120694860e-01 0.000000000000000000e+00 4.232273408638475010e-01 3.943840007575757367e-01 0.000000000000000000e+00 0.000000000000000000e+00 0.000000000000000000e+00 0.000000000000000000e+00 0.000000000000000000e+00 0.000000000000000000e+00 0.000000000000000000e+00 3.785508360607832135e-01 0.000000000000000000e+00 0.000000000000000000e+00 4.145573037037037500e-01 0.000000000000000000e+00 0.000000000000000000e+00 4.481751078552516088e-01 0.000000000000000000e+00 3.181144090909089894e-01 0.000000000000000000e+00 0.000000000000000000e+00 0.000000000000000000e+00 0.000000000000000000e+00 0.000000000000000000e+00 0.000000000000000000e+00 0.000000000000000000e+00 0.000000000000000000e+00
