2.638339681914880774e-01 4.481477776268730229e-01 3.464412467720780486e-01 4.556293085041186464e-01 3.013121272406659168e-01 0.000000000000000000e+00 3.239731676326427223e-01 4.441247207994694635e-01 3.394521993594019071e-01 0.000000000000000000e+00 2.885281568552230946e-01 4.401804843616737850e-01 3.030941512315667996e-01 4.015100412541253716e-01 3.354159459459459258e-01 0.000000000000000000e+00 2.775113214076223023e-01 4.386084691701630511e-01 3.700670442924116621e-01 4.636980759029228349e-01 0.000000000000000000e+00 0.000000000000000000e+00 3.534034050231240620e-01 4.247009133398252367e-01 0.000000000000000000e+00 0.000000000000000000e+00 0.000000000000000000e+00 0.000000000000000000e+00 3.676357661199749494e-01 4.455863144792959751e-01 3.666151471464945688e-01 4.169913632853115004e-01 3.796251127776303358e-01 4.484269644514847220e-01 0.000000000000000000e+00 4.533262833333333020e-01 4.489101521895506042e-01 4.840709842956045783e-01 3.742610970963994865e-01 0.000000000000000000e+00 3.772810845070421748e-01 0.000000000000000000e+00 0.000000000000000000e+00 0.000000000000000000e+00 3.796505969083327492e-01 4.300029444444444793e-01 0.000000000000000000e+00 0.000000000000000000e+00 3.730276308811858454e-01 4.368105847457626756e-01 3.667730453962091963e-01 0.000000000000000000e+00 3.580409077447771482e-01 0.000000000000000000e+00 3.676754990334418216e-01 0.000000000000000000e+00 3.144248959533140764e-01 4.443749276044915431e-01 3.780366969194326465e-01 4.724341744597955750e-01 3.676293535683410330e-01 0.000000000000000000e+00 3.448646296700820790e-01 4.229745292555713299e-01 3.860449036251913379e-01 0.000000000000000000e+00 3.863820942255229429e-01 4.667913617207338772e-01 3.622052638548508563e-01 4.659743378222903631e-01 3.261367547123177335e-01 4.496386351502135170e-01 3.558630809565836994e-01 4.480588314261770289e-01 3.889109325888953084e-01 0.000000000000000000e+00 3.724086218092022005e-01 4.354406408983354515e-01 0.000000000000000000e+00 0.000000000000000000e+00 3.625117537636215470e-01 0.000000000000000000e+00 0.000000000000000000e+00 0.000000000000000000e+00 3.691436700419272188e-01 4.143938039936798656e-01 0.000000000000000000e+00 0.000000000000000000e+00 3.714527292544591019e-01 0.000000000000000000e+00 4.157632135571110998e-01 4.623919960487562486e-01 3.962381491858364968e-01 4.216351162790697438e-01 4.020281585365853005e-01 4.392908326248207151e-01 0.000000000000000000e+00 0.000000000000000000e+00 0.000000000000000000e+00 4.428129927007299349e-01 0.000000000000000000e+00 4.694332062696452423e-01 4.150133139975442087e-01 4.262373588725885676e-01 4.375918283591436753e-01 4.114058834951455634e-01 0.000000000000000000e+00 0.000000000000000000e+00 0.000000000000000000e+00 0.000000000000000000e+00 4.208392269938649455e-01 0.000000000000000000e+00 3.797170527559055042e-01 0.000000000000000000e+00 0.000000000000000000e+00 4.496292555555555515e-01
4.481477776268730229e-01 2.752350755469586963e-01 4.623106240948929302e-01 3.460788277809554447e-01 4.162937479674796992e-01 0.000000000000000000e+00 4.358665673849030364e-01 3.182496397767237695e-01 0.000000000000000000e+00 3.422745560171736590e-01 4.395778030099851685e-01 3.099142049063554061e-01 3.728409504950494502e-01 3.359112064897962768e-01 0.000000000000000000e+00 3.707103615045392320e-01 4.482633491459109276e-01 3.399737576942057915e-01 4.696932129187250671e-01 3.422016084769340938e-01 0.000000000000000000e+00 0.000000000000000000e+00 0.000000000000000000e+00 3.432181215921592532e-01 0.000000000000000000e+00 0.000000000000000000e+00 0.000000000000000000e+00 0.000000000000000000e+00 4.560039091674215617e-01 3.950228507556605706e-01 4.184394998321774861e-01 3.466810625000000257e-01 4.611104554041424719e-01 4.182616071390403145e-01 4.475574608974359214e-01 4.004996827141285576e-01 4.930761265507572211e-01 4.606824969154204030e-01 0.000000000000000000e+00 5.471627678758047564e-01 0.000000000000000000e+00 4.096935937499999736e-01 0.000000000000000000e+00 0.000000000000000000e+00 4.245308656716417772e-01 3.835246366204083657e-01 0.000000000000000000e+00 4.119962694610778131e-01 4.567568130081300914e-01 3.723295589836610464e-01 4.415015502571654760e-01 3.612506887392631372e-01 0.000000000000000000e+00 3.533221185464986980e-01 4.402593380281689672e-01 3.662576480195616213e-01 4.444737402967045004e-01 3.017551044030779006e-01 4.414036269690859715e-01 3.829690027842944655e-01 4.483666667386975724e-01 3.522413101931887169e-01 4.486245004586730256e-01 3.610789538804853316e-01 4.607651845090393605e-01 3.603121448234394286e-01 4.593517507018546886e-01 3.833333556117045626e-01 4.718946255353395069e-01 3.208648560131296956e-01 4.555822806106942235e-01 3.469145976163695577e-01 4.427329789856333520e-01 3.804641714446697076e-01 4.573473706896551971e-01 3.566247680813566245e-01 4.486808534843126361e-01 3.779024938218329965e-01 0.000000000000000000e+00 0.000000000000000000e+00 4.442504905958616912e-01 3.818238626409260483e-01 0.000000000000000000e+00 0.000000000000000000e+00 0.000000000000000000e+00 3.769511320733890947e-01 0.000000000000000000e+00 0.000000000000000000e+00 0.000000000000000000e+00 3.882598423788430897e-01 4.087538133882057112e-01 4.156429825521885668e-01 3.966692058629775475e-01 4.230666666666666464e-01 0.000000000000000000e+00 4.518009114353752631e-01 0.000000000000000000e+00 4.550179917355372528e-01 0.000000000000000000e+00 4.317108172737298410e-01 0.000000000000000000e+00 5.087309901960783698e-01 4.175941458085589697e-01 4.395486763177296474e-01 4.267605013364124122e-01 4.646472145214521898e-01 0.000000000000000000e+00 0.000000000000000000e+00 0.000000000000000000e+00 0.000000000000000000e+00 3.826960606060605952e-01 0.000000000000000000e+00 0.000000000000000000e+00 0.000000000000000000e+00 0.000000000000000000e+00 4.162595257818091921e-01
3.464412467720780486e-01 4.623106240948929302e-01 2.467329879764022793e-01 4.252019069666472251e-01 1.927946206575622545e-01 3.558934052631578249e-01 2.853436647906305024e-01 4.123201586814232433e-01 2.695028336419514892e-01 3.732522314312888279e-01 3.564115452047941779e-01 4.183481365242157635e-01 3.148351527848311515e-01 3.973592855445808314e-01 2.795659894239059806e-01 3.789465766690062742e-01 3.657553875315204817e-01 4.490813605270299602e-01 3.012578136584259103e-01 4.696283641256152608e-01 0.000000000000000000e+00 0.000000000000000000e+00 2.596439616530821781e-01 3.918994648745938170e-01 2.877558723314629918e-01 4.292664378303510109e-01 2.905627183208553954e-01 4.097116796116505588e-01 3.331997929412607307e-01 4.215246875159632811e-01 3.303152233361417722e-01 3.945589666756924574e-01 3.837520597955915713e-01 4.393900971882978013e-01 4.235895185714285693e-01 0.000000000000000000e+00 4.321826588521445744e-01 4.598448542450347953e-01 0.000000000000000000e+00 0.000000000000000000e+00 0.000000000000000000e+00 0.000000000000000000e+00 0.000000000000000000e+00 0.000000000000000000e+00 3.675737259396192891e-01 0.000000000000000000e+00 0.000000000000000000e+00 0.000000000000000000e+00 3.733252869851885203e-01 4.486591256544502637e-01 3.630982476079721022e-01 0.000000000000000000e+00 3.731499243641900887e-01 0.000000000000000000e+00 3.657017997722256664e-01 0.000000000000000000e+00 3.785711955143826191e-01 4.360291641881018365e-01 3.918795665073339096e-01 4.053287975179076241e-01 3.687289034856600645e-01 0.000000000000000000e+00 3.607357312986837483e-01 0.000000000000000000e+00 3.616844648437954612e-01 0.000000000000000000e+00 4.032145002150496205e-01 4.445557426501035581e-01 3.956998344332546269e-01 4.487470014172335042e-01 3.288364083858267839e-01 4.081962826199166394e-01 3.454202240664787649e-01 4.119845056636093905e-01 3.187989823019194979e-01 4.008759931410411648e-01 3.776962947731963838e-01 4.236441416717701136e-01 0.000000000000000000e+00 0.000000000000000000e+00 3.643182673503304048e-01 4.549017698412698985e-01 0.000000000000000000e+00 0.000000000000000000e+00 3.450591424301150401e-01 3.840237382550335532e-01 0.000000000000000000e+00 0.000000000000000000e+00 3.521112782127117646e-01 0.000000000000000000e+00 3.975000616438356116e-01 4.127218635262933644e-01 3.913211722036866180e-01 4.167694554626176218e-01 4.225806063829787296e-01 4.112896558715730677e-01 0.000000000000000000e+00 4.074387330194601531e-01 0.000000000000000000e+00 0.000000000000000000e+00 0.000000000000000000e+00 4.895732508437499741e-01 3.902986300081807136e-01 4.282682254074257067e-01 4.015894545454545828e-01 4.352153046875000264e-01 0.000000000000000000e+00 0.000000000000000000e+00 0.000000000000000000e+00 0.000000000000000000e+00 0.000000000000000000e+00 0.000000000000000000e+00 0.000000000000000000e+00 0.000000000000000000e+00 0.000000000000000000e+00 0.000000000000000000e+00
4.556293085041186464e-01 3.460788277809554447e-01 4.252019069666472251e-01 2.460419608433057070e-01 3.977977058150847234e-01 2.184446592108834351e-01 4.094444208372321481e-01 3.112516195364540827e-01 3.954059254065110940e-01 2.931863406406737815e-01 4.367293956317122028e-01 3.562532661151197044e-01 3.945929824215820281e-01 3.268171430512049058e-01 4.009320926477638047e-01 3.021484701089524050e-01 4.532763959417904776e-01 3.838920863320589016e-01 4.716691909382717540e-01 3.305261773111483059e-01 0.000000000000000000e+00 3.554415423728812806e-01 4.007836907506401869e-01 2.123667349581719599e-01 3.857034986753364314e-01 2.441196185126681684e-01 4.201992968329972822e-01 2.663415511406882485e-01 4.479446738986617715e-01 3.472838223350037667e-01 3.788456224405802319e-01 2.864412928795052049e-01 4.681033084264972222e-01 3.503127433085576059e-01 0.000000000000000000e+00 3.943630917435341221e-01 4.695242835988910346e-01 4.402122805253515514e-01 0.000000000000000000e+00 0.000000000000000000e+00 0.000000000000000000e+00 0.000000000000000000e+00 0.000000000000000000e+00 3.833878236842105380e-01 0.000000000000000000e+00 4.106652005551124640e-01 0.000000000000000000e+00 3.934123959265364290e-01 0.000000000000000000e+00 4.005818296631357689e-01 4.268173141025641826e-01 3.777934425306215260e-01 0.000000000000000000e+00 4.093330388349514237e-01 0.000000000000000000e+00 3.922910864714742596e-01 4.516538395914100334e-01 3.862665371693574379e-01 4.453431864978474874e-01 4.186734296168294622e-01 0.000000000000000000e+00 3.559667359924473806e-01 0.000000000000000000e+00 3.723626667073111074e-01 4.226379506688963117e-01 3.625148957819019913e-01 4.430692801693069671e-01 4.161756997380267054e-01 4.948075796793455772e-01 4.015164167792308891e-01 4.423880039034783218e-01 3.484289229813672395e-01 4.312650328720210036e-01 3.570222258112444313e-01 0.000000000000000000e+00 3.501260097361558743e-01 4.434939951888894338e-01 3.814872843195785679e-01 0.000000000000000000e+00 3.448668333333334002e-01 0.000000000000000000e+00 3.778082077885775991e-01 0.000000000000000000e+00 0.000000000000000000e+00 4.310584664122137366e-01 3.584296179054947129e-01 0.000000000000000000e+00 3.691466511627906621e-01 0.000000000000000000e+00 3.773553721486653245e-01 4.077462106191176439e-01 4.094778341745000105e-01 4.079447394557823570e-01 4.069645171541056983e-01 0.000000000000000000e+00 4.191157760677026722e-01 0.000000000000000000e+00 0.000000000000000000e+00 0.000000000000000000e+00 4.146589838709677789e-01 0.000000000000000000e+00 0.000000000000000000e+00 4.062630233128078916e-01 4.136872320703522399e-01 4.183919483974358755e-01 4.059339980165026507e-01 0.000000000000000000e+00 0.000000000000000000e+00 0.000000000000000000e+00 0.000000000000000000e+00 0.000000000000000000e+00 0.000000000000000000e+00 0.000000000000000000e+00 0.000000000000000000e+00 0.000000000000000000e+00 4.067534715917586197e-01
3.013121272406659168e-01 4.162937479674796992e-01 1.927946206575622545e-01 3.977977058150847234e-01 2.056608154657646459e-01 3.940469843437708342e-01 2.484328609552698963e-01 3.935106413782097912e-01 2.258439415808754791e-01 4.110887567858124148e-01 3.327028948894527605e-01 4.052139475000000601e-01 2.845848113951292557e-01 4.130071181720265661e-01 2.228964414560401508e-01 4.183898908085052493e-01 0.000000000000000000e+00 0.000000000000000000e+00 3.405126885594124131e-01 0.000000000000000000e+00 2.526569032338198406e-01 0.000000000000000000e+00 1.926148186183353761e-01 4.067663934807470016e-01 1.885890321791645896e-01 3.992666615976609990e-01 2.535382757181123825e-01 4.064189540638486475e-01 3.114716694756836102e-01 0.000000000000000000e+00 2.805204173648463972e-01 3.861074261837660893e-01 3.177736017036915661e-01 0.000000000000000000e+00 0.000000000000000000e+00 0.000000000000000000e+00 4.317121557377049390e-01 0.000000000000000000e+00 0.000000000000000000e+00 0.000000000000000000e+00 0.000000000000000000e+00 0.000000000000000000e+00 0.000000000000000000e+00 0.000000000000000000e+00 0.000000000000000000e+00 0.000000000000000000e+00 3.856456827586207114e-01 0.000000000000000000e+00 0.000000000000000000e+00 0.000000000000000000e+00 3.042775434782608590e-01 0.000000000000000000e+00 4.036132037433155517e-01 0.000000000000000000e+00 3.422120390624999731e-01 0.000000000000000000e+00 3.194424888888888758e-01 0.000000000000000000e+00 3.756296054421768282e-01 0.000000000000000000e+00 3.249627789473684136e-01 0.000000000000000000e+00 3.236963067279365891e-01 0.000000000000000000e+00 4.037967000000000084e-01 0.000000000000000000e+00 3.887380377918440155e-01 0.000000000000000000e+00 3.444773063063062968e-01 0.000000000000000000e+00 2.922848702144568711e-01 4.141323112922705718e-01 3.179119818220723093e-01 3.949551739077082346e-01 3.035251449788887168e-01 0.000000000000000000e+00 3.414988005940751692e-01 3.172469582916249697e-01 0.000000000000000000e+00 0.000000000000000000e+00 3.621927076923077138e-01 0.000000000000000000e+00 0.000000000000000000e+00 0.000000000000000000e+00 3.543549954225351795e-01 0.000000000000000000e+00 0.000000000000000000e+00 0.000000000000000000e+00 3.572119268518518798e-01 0.000000000000000000e+00 3.522868493670885948e-01 0.000000000000000000e+00 0.000000000000000000e+00 0.000000000000000000e+00 0.000000000000000000e+00 0.000000000000000000e+00 0.000000000000000000e+00 0.000000000000000000e+00 0.000000000000000000e+00 0.000000000000000000e+00 0.000000000000000000e+00 0.000000000000000000e+00 0.000000000000000000e+00 0.000000000000000000e+00 0.000000000000000000e+00 0.000000000000000000e+00 0.000000000000000000e+00 0.000000000000000000e+00 0.000000000000000000e+00 0.000000000000000000e+00 0.000000000000000000e+00 0.000000000000000000e+00 0.000000000000000000e+00 0.000000000000000000e+00 0.000000000000000000e+00 0.000000000000000000e+00
0.000000000000000000e+00 0.000000000000000000e+00 3.558934052631578249e-01 2.184446592108834351e-01 3.940469843437708342e-01 1.650506060298316813e-01 0.000000000000000000e+00 2.415892688581356140e-01 3.661234942528736047e-01 2.175775779282957956e-01 0.000000000000000000e+00 2.985192825252095394e-01 2.979062133333332807e-01 3.011232013939239005e-01 0.000000000000000000e+00 2.370855468759726359e-01 0.000000000000000000e+00 0.000000000000000000e+00 0.000000000000000000e+00 3.221875179787211940e-01 3.831272306264172367e-01 3.130577111808700019e-01 2.926451621400243952e-01 2.479295670363704518e-01 3.560665169491203930e-01 1.887024111198844500e-01 3.943849822178883135e-01 2.236342562377535148e-01 0.000000000000000000e+00 2.846897726482974234e-01 3.397931387418635651e-01 2.960292112492787786e-01 0.000000000000000000e+00 3.477078395486496443e-01 0.000000000000000000e+00 0.000000000000000000e+00 0.000000000000000000e+00 3.939638172428788776e-01 0.000000000000000000e+00 0.000000000000000000e+00 0.000000000000000000e+00 0.000000000000000000e+00 0.000000000000000000e+00 0.000000000000000000e+00 0.000000000000000000e+00 0.000000000000000000e+00 0.000000000000000000e+00 4.222061833246119056e-01 0.000000000000000000e+00 0.000000000000000000e+00 0.000000000000000000e+00 0.000000000000000000e+00 0.000000000000000000e+00 4.399657142857143488e-01 0.000000000000000000e+00 0.000000000000000000e+00 0.000000000000000000e+00 0.000000000000000000e+00 4.952710809210525977e-01 3.287667384615384769e-01 0.000000000000000000e+00 4.328264791002741640e-01 0.000000000000000000e+00 3.284024171438797435e-01 0.000000000000000000e+00 0.000000000000000000e+00 0.000000000000000000e+00 0.000000000000000000e+00 0.000000000000000000e+00 3.579457462686567171e-01 4.178684358974359414e-01 3.105089803104571500e-01 0.000000000000000000e+00 3.073452579111536909e-01 0.000000000000000000e+00 2.440646893595748435e-01 0.000000000000000000e+00 3.426292060334550360e-01 0.000000000000000000e+00 0.000000000000000000e+00 0.000000000000000000e+00 3.632617713341346199e-01 0.000000000000000000e+00 0.000000000000000000e+00 0.000000000000000000e+00 3.841261429090823132e-01 0.000000000000000000e+00 0.000000000000000000e+00 0.000000000000000000e+00 3.808611232302953065e-01 0.000000000000000000e+00 0.000000000000000000e+00 0.000000000000000000e+00 0.000000000000000000e+00 0.000000000000000000e+00 3.740739342105263154e-01 0.000000000000000000e+00 0.000000000000000000e+00 0.000000000000000000e+00 0.000000000000000000e+00 0.000000000000000000e+00 0.000000000000000000e+00 3.346140681818182694e-01 0.000000000000000000e+00 0.000000000000000000e+00 0.000000000000000000e+00 0.000000000000000000e+00 0.000000000000000000e+00 0.000000000000000000e+00 0.000000000000000000e+00 0.000000000000000000e+00 0.000000000000000000e+00 0.000000000000000000e+00 0.000000000000000000e+00 0.000000000000000000e+00 0.000000000000000000e+00
3.239731676326427223e-01 4.358665673849030364e-01 2.853436647906305024e-01 4.094444208372321481e-01 2.484328609552698963e-01 0.000000000000000000e+00 2.572258471160961957e-01 4.084469621188091537e-01 2.732331985414698239e-01 3.714783913043478436e-01 3.205208136542634367e-01 4.139277188547903497e-01 2.726248753149607684e-01 3.789460457283162498e-01 2.825237397874317824e-01 3.851440303751491046e-01 3.488298960070239652e-01 4.301376586285994841e-01 3.595759546908671722e-01 4.384303453583908716e-01 0.000000000000000000e+00 0.000000000000000000e+00 3.212829865608384239e-01 3.978033594070686796e-01 2.670705439024390060e-01 0.000000000000000000e+00 2.811146023685267004e-01 0.000000000000000000e+00 3.260345966132223716e-01 3.913978282042621104e-01 3.230045500221467303e-01 3.962084811010905816e-01 3.821341376556254832e-01 4.209910112494116285e-01 0.000000000000000000e+00 0.000000000000000000e+00 4.208835924803425721e-01 4.633367849594228205e-01 0.000000000000000000e+00 0.000000000000000000e+00 0.000000000000000000e+00 0.000000000000000000e+00 0.000000000000000000e+00 0.000000000000000000e+00 3.627157219176153080e-01 4.451804251497006315e-01 3.336721007812499806e-01 0.000000000000000000e+00 3.386983708254392433e-01 4.587234093567251758e-01 3.442117065843444679e-01 0.000000000000000000e+00 3.409421667755331842e-01 0.000000000000000000e+00 3.597843446665673905e-01 0.000000000000000000e+00 3.552266064445135929e-01 3.998051212121211950e-01 3.562996668256361854e-01 4.380369423950434271e-01 3.562049489227254728e-01 4.084549318181818212e-01 3.213325341446002237e-01 0.000000000000000000e+00 3.604892306850688843e-01 3.812684327726518774e-01 3.679263044670542659e-01 4.198513152196498011e-01 3.711220673750131871e-01 0.000000000000000000e+00 3.097014424391854037e-01 4.278204157385615547e-01 3.379238953991732242e-01 3.940169521631928240e-01 0.000000000000000000e+00 0.000000000000000000e+00 3.601408376532846956e-01 4.170337982860645165e-01 3.807868854166667205e-01 0.000000000000000000e+00 3.478353387304124467e-01 0.000000000000000000e+00 0.000000000000000000e+00 0.000000000000000000e+00 3.478826113317899926e-01 0.000000000000000000e+00 0.000000000000000000e+00 0.000000000000000000e+00 3.460776611495448574e-01 0.000000000000000000e+00 3.822414360902255392e-01 4.413172244897959340e-01 4.253185669291339455e-01 3.860319764788732178e-01 0.000000000000000000e+00 4.550747528659127017e-01 0.000000000000000000e+00 0.000000000000000000e+00 0.000000000000000000e+00 0.000000000000000000e+00 0.000000000000000000e+00 0.000000000000000000e+00 3.853870909090908459e-01 0.000000000000000000e+00 0.000000000000000000e+00 4.283368598130840588e-01 0.000000000000000000e+00 0.000000000000000000e+00 0.000000000000000000e+00 0.000000000000000000e+00 0.000000000000000000e+00 0.000000000000000000e+00 0.000000000000000000e+00 0.000000000000000000e+00 0.000000000000000000e+00 0.000000000000000000e+00
4.441247207994694635e-01 3.182496397767237695e-01 4.123201586814232433e-01 3.112516195364540827e-01 3.935106413782097912e-01 2.415892688581356140e-01 4.084469621188091537e-01 2.618912496026757353e-01 3.718251999342975234e-01 2.352476652903858767e-01 4.225102008598292103e-01 3.326551700622976671e-01 3.997430232204557954e-01 2.650219408294694490e-01 4.014472400487906767e-01 3.014765241112866145e-01 4.482790405168342041e-01 3.778836714101838634e-01 4.464689689444920617e-01 3.658438890747095495e-01 0.000000000000000000e+00 0.000000000000000000e+00 3.961371466860536539e-01 3.412240763872829152e-01 4.037543997360038550e-01 3.274635382119683302e-01 4.245443809523808953e-01 0.000000000000000000e+00 4.247936201494234565e-01 3.357399360171143265e-01 3.798829140442563923e-01 3.135179102349716640e-01 4.254950850068385804e-01 3.421454097514715631e-01 0.000000000000000000e+00 0.000000000000000000e+00 4.220650580715092359e-01 4.238563333753898599e-01 0.000000000000000000e+00 0.000000000000000000e+00 0.000000000000000000e+00 0.000000000000000000e+00 0.000000000000000000e+00 3.866188301886792078e-01 0.000000000000000000e+00 3.736868938237155602e-01 0.000000000000000000e+00 3.773147434210526452e-01 0.000000000000000000e+00 3.568605353907625677e-01 4.150609520540773922e-01 3.439840832218064026e-01 0.000000000000000000e+00 3.671864479999999986e-01 0.000000000000000000e+00 3.723890634812302980e-01 4.223955035630777566e-01 3.697587171788129234e-01 4.355205407407407581e-01 3.590759246750324651e-01 4.271084158490794369e-01 3.491167727840713275e-01 0.000000000000000000e+00 3.526999441630537802e-01 0.000000000000000000e+00 3.455476359646783013e-01 4.315344108111370258e-01 3.854690703118980322e-01 4.519337500000000785e-01 3.988184821150416171e-01 4.415480173889740345e-01 3.007441328125194935e-01 4.051830966206294571e-01 3.427828536134865933e-01 0.000000000000000000e+00 3.476306951588167826e-01 4.280123926635785447e-01 3.583268941848407052e-01 0.000000000000000000e+00 3.279704505494505096e-01 4.170029403326692141e-01 3.550860780615363033e-01 0.000000000000000000e+00 0.000000000000000000e+00 3.865322628571428720e-01 3.578953802103613246e-01 0.000000000000000000e+00 0.000000000000000000e+00 4.132247124875427780e-01 3.622389746790246612e-01 0.000000000000000000e+00 4.433556359999999974e-01 4.009422519083968850e-01 3.969935390764311456e-01 0.000000000000000000e+00 4.063878422889744546e-01 0.000000000000000000e+00 0.000000000000000000e+00 0.000000000000000000e+00 4.685151132075471847e-01 0.000000000000000000e+00 4.432954131736526748e-01 3.636008859060402831e-01 3.736825432764090960e-01 0.000000000000000000e+00 4.007674876033057720e-01 0.000000000000000000e+00 0.000000000000000000e+00 0.000000000000000000e+00 0.000000000000000000e+00 4.113769357798165993e-01 0.000000000000000000e+00 0.000000000000000000e+00 3.896879935998736055e-01 0.000000000000000000e+00 4.069002816721005722e-01
3.394521993594019071e-01 0.000000000000000000e+00 2.695028336419514892e-01 3.954059254065110940e-01 2.258439415808754791e-01 3.661234942528736047e-01 2.732331985414698239e-01 3.718251999342975234e-01 2.363310365176221894e-01 4.008109093614718454e-01 3.124540617160905254e-01 0.000000000000000000e+00 2.540179272781401543e-01 3.823517388759645752e-01 2.614596202572146422e-01 3.678384186067019113e-01 0.000000000000000000e+00 0.000000000000000000e+00 0.000000000000000000e+00 4.131012721088435646e-01 0.000000000000000000e+00 0.000000000000000000e+00 3.035515101864204590e-01 3.733857789568736929e-01 0.000000000000000000e+00 3.386495545589600087e-01 2.674594578948515378e-01 3.902531470588235241e-01 2.949354618485978130e-01 0.000000000000000000e+00 2.910622804286953635e-01 3.536591682121792979e-01 3.336524905660377405e-01 0.000000000000000000e+00 0.000000000000000000e+00 0.000000000000000000e+00 3.817340898268398175e-01 0.000000000000000000e+00 0.000000000000000000e+00 0.000000000000000000e+00 0.000000000000000000e+00 0.000000000000000000e+00 4.268314832855280017e-01 0.000000000000000000e+00 4.287028307692307694e-01 0.000000000000000000e+00 0.000000000000000000e+00 0.000000000000000000e+00 4.291974245283017853e-01 0.000000000000000000e+00 3.844215022592167852e-01 0.000000000000000000e+00 3.859605348837209515e-01 0.000000000000000000e+00 4.106738292682927116e-01 0.000000000000000000e+00 3.551312400688296789e-01 0.000000000000000000e+00 0.000000000000000000e+00 0.000000000000000000e+00 3.626886862745097861e-01 0.000000000000000000e+00 3.679218842105262954e-01 0.000000000000000000e+00 3.811053438129335946e-01 0.000000000000000000e+00 0.000000000000000000e+00 0.000000000000000000e+00 4.401865172413793048e-01 0.000000000000000000e+00 2.917318138502946745e-01 3.930534933286516930e-01 3.122403740420842122e-01 3.297784701104612970e-01 2.974519313973063572e-01 0.000000000000000000e+00 3.496461022794404849e-01 3.485111297471878977e-01 0.000000000000000000e+00 0.000000000000000000e+00 3.273448926696649885e-01 0.000000000000000000e+00 0.000000000000000000e+00 0.000000000000000000e+00 3.495183439308541251e-01 0.000000000000000000e+00 0.000000000000000000e+00 0.000000000000000000e+00 3.670535623219373100e-01 0.000000000000000000e+00 3.778796376832423976e-01 3.954145075757575789e-01 0.000000000000000000e+00 0.000000000000000000e+00 0.000000000000000000e+00 0.000000000000000000e+00 0.000000000000000000e+00 0.000000000000000000e+00 0.000000000000000000e+00 4.124535367647059192e-01 0.000000000000000000e+00 0.000000000000000000e+00 3.699287578356894590e-01 4.000670439782735843e-01 0.000000000000000000e+00 0.000000000000000000e+00 0.000000000000000000e+00 0.000000000000000000e+00 0.000000000000000000e+00 0.000000000000000000e+00 0.000000000000000000e+00 0.000000000000000000e+00 0.000000000000000000e+00 0.000000000000000000e+00 0.000000000000000000e+00 0.000000000000000000e+00
0.000000000000000000e+00 3.422745560171736590e-01 3.732522314312888279e-01 2.931863406406737815e-01 4.110887567858124148e-01 2.175775779282957956e-01 3.714783913043478436e-01 2.352476652903858767e-01 4.008109093614718454e-01 1.967272880734115270e-01 0.000000000000000000e+00 3.164799674831642595e-01 3.756786358902853840e-01 3.050688673231486403e-01 3.931953915322580206e-01 2.377610483529530305e-01 0.000000000000000000e+00 3.445275212191357683e-01 0.000000000000000000e+00 3.553992957743882242e-01 0.000000000000000000e+00 3.122395686274510029e-01 3.786756795091639205e-01 3.064637006321203061e-01 3.966393388099842543e-01 0.000000000000000000e+00 4.096111393327186434e-01 2.570136743727598483e-01 0.000000000000000000e+00 3.102877786290248463e-01 3.493312274494932979e-01 3.020616611956770114e-01 3.933928209638995477e-01 3.329672567352645052e-01 0.000000000000000000e+00 0.000000000000000000e+00 0.000000000000000000e+00 3.945597446799978814e-01 0.000000000000000000e+00 0.000000000000000000e+00 0.000000000000000000e+00 0.000000000000000000e+00 0.000000000000000000e+00 0.000000000000000000e+00 0.000000000000000000e+00 0.000000000000000000e+00 0.000000000000000000e+00 0.000000000000000000e+00 0.000000000000000000e+00 0.000000000000000000e+00 0.000000000000000000e+00 0.000000000000000000e+00 0.000000000000000000e+00 0.000000000000000000e+00 0.000000000000000000e+00 0.000000000000000000e+00 0.000000000000000000e+00 3.355707586867654468e-01 0.000000000000000000e+00 3.300541731078905361e-01 0.000000000000000000e+00 0.000000000000000000e+00 0.000000000000000000e+00 3.848896764705883045e-01 0.000000000000000000e+00 3.347807593676814797e-01 0.000000000000000000e+00 3.729576975065616584e-01 0.000000000000000000e+00 3.731981531531531893e-01 0.000000000000000000e+00 2.896555774875950173e-01 0.000000000000000000e+00 3.227443467867187610e-01 0.000000000000000000e+00 3.018841197629436590e-01 3.916370140136927747e-01 3.488718610022210065e-01 0.000000000000000000e+00 0.000000000000000000e+00 0.000000000000000000e+00 3.563097290287056129e-01 0.000000000000000000e+00 0.000000000000000000e+00 0.000000000000000000e+00 0.000000000000000000e+00 0.000000000000000000e+00 0.000000000000000000e+00 0.000000000000000000e+00 3.595169251547454259e-01 0.000000000000000000e+00 0.000000000000000000e+00 0.000000000000000000e+00 0.000000000000000000e+00 0.000000000000000000e+00 0.000000000000000000e+00 0.000000000000000000e+00 0.000000000000000000e+00 0.000000000000000000e+00 0.000000000000000000e+00 0.000000000000000000e+00 0.000000000000000000e+00 0.000000000000000000e+00 3.878091821039527098e-01 0.000000000000000000e+00 0.000000000000000000e+00 0.000000000000000000e+00 0.000000000000000000e+00 0.000000000000000000e+00 0.000000000000000000e+00 0.000000000000000000e+00 0.000000000000000000e+00 0.000000000000000000e+00 0.000000000000000000e+00 0.000000000000000000e+00 0.000000000000000000e+00
2.885281568552230946e-01 4.395778030099851685e-01 3.564115452047941779e-01 4.367293956317122028e-01 3.327028948894527605e-01 0.000000000000000000e+00 3.205208136542634367e-01 4.225102008598292103e-01 3.124540617160905254e-01 0.000000000000000000e+00 2.548190841908711257e-01 4.129260000782753459e-01 2.898240332005425079e-01 4.057586705874819399e-01 3.340187404176495622e-01 0.000000000000000000e+00 2.984918917795281734e-01 4.149568796382884228e-01 3.703273705540003347e-01 4.317591717356202285e-01 0.000000000000000000e+00 0.000000000000000000e+00 3.587657622094592158e-01 4.089629593309948574e-01 0.000000000000000000e+00 0.000000000000000000e+00 0.000000000000000000e+00 0.000000000000000000e+00 3.314419611353967010e-01 0.000000000000000000e+00 3.598321040895047229e-01 3.917613867579992082e-01 3.564018061774417157e-01 4.182923501544628664e-01 0.000000000000000000e+00 0.000000000000000000e+00 4.219394223155087387e-01 0.000000000000000000e+00 0.000000000000000000e+00 0.000000000000000000e+00 0.000000000000000000e+00 0.000000000000000000e+00 0.000000000000000000e+00 0.000000000000000000e+00 4.185853600000000174e-01 0.000000000000000000e+00 0.000000000000000000e+00 0.000000000000000000e+00 0.000000000000000000e+00 0.000000000000000000e+00 3.762066504300659031e-01 3.736893825503355138e-01 3.575170172811060754e-01 0.000000000000000000e+00 3.847092020202019791e-01 0.000000000000000000e+00 3.113464707979416990e-01 4.491027692307692498e-01 3.798997410060596103e-01 0.000000000000000000e+00 3.725934803676261842e-01 0.000000000000000000e+00 3.416785639475399261e-01 4.197842302158273364e-01 3.922954624234241128e-01 0.000000000000000000e+00 4.012624040366849498e-01 0.000000000000000000e+00 3.893251761402145017e-01 0.000000000000000000e+00 3.395193374544628329e-01 4.410609894595536318e-01 3.587758726295928180e-01 4.030756962876026472e-01 0.000000000000000000e+00 0.000000000000000000e+00 3.774451189856193323e-01 4.227591595237698008e-01 0.000000000000000000e+00 0.000000000000000000e+00 3.379828498269284998e-01 0.000000000000000000e+00 0.000000000000000000e+00 0.000000000000000000e+00 3.686715310833499348e-01 0.000000000000000000e+00 3.298582483221476624e-01 0.000000000000000000e+00 3.702704655838942593e-01 0.000000000000000000e+00 0.000000000000000000e+00 0.000000000000000000e+00 0.000000000000000000e+00 0.000000000000000000e+00 0.000000000000000000e+00 4.045984895833332762e-01 0.000000000000000000e+00 0.000000000000000000e+00 0.000000000000000000e+00 0.000000000000000000e+00 0.000000000000000000e+00 0.000000000000000000e+00 0.000000000000000000e+00 4.412854909090909161e-01 0.000000000000000000e+00 0.000000000000000000e+00 0.000000000000000000e+00 0.000000000000000000e+00 0.000000000000000000e+00 0.000000000000000000e+00 0.000000000000000000e+00 0.000000000000000000e+00 0.000000000000000000e+00 0.000000000000000000e+00 0.000000000000000000e+00 0.000000000000000000e+00
4.401804843616737850e-01 3.099142049063554061e-01 4.183481365242157635e-01 3.562532661151197044e-01 4.052139475000000601e-01 2.985192825252095394e-01 4.139277188547903497e-01 3.326551700622976671e-01 0.000000000000000000e+00 3.164799674831642595e-01 4.129260000782753459e-01 2.851144462511331912e-01 4.016372588001969057e-01 2.836440770830759850e-01 0.000000000000000000e+00 3.394903578176344805e-01 4.238354692958518632e-01 3.131229227176508534e-01 4.420342144114645100e-01 3.861738488239878642e-01 0.000000000000000000e+00 0.000000000000000000e+00 4.003275759166978198e-01 3.584877583747707597e-01 0.000000000000000000e+00 0.000000000000000000e+00 0.000000000000000000e+00 0.000000000000000000e+00 4.231215316254789971e-01 3.486240715694888248e-01 3.877432117308184933e-01 3.600145165027981986e-01 4.294362390074579761e-01 3.568883076815170252e-01 0.000000000000000000e+00 4.011577174735833640e-01 4.509887217391304604e-01 4.270969461905315678e-01 0.000000000000000000e+00 3.892271250000000071e-01 0.000000000000000000e+00 4.293279220779220862e-01 0.000000000000000000e+00 0.000000000000000000e+00 0.000000000000000000e+00 3.785095720940937492e-01 0.000000000000000000e+00 0.000000000000000000e+00 0.000000000000000000e+00 3.624115790945002802e-01 0.000000000000000000e+00 3.503093108349579765e-01 0.000000000000000000e+00 0.000000000000000000e+00 0.000000000000000000e+00 3.800809605978260342e-01 3.627824692307692334e-01 3.714379040451796232e-01 4.356189717463744282e-01 3.732244661561254229e-01 4.302788171428571506e-01 3.734063025015904036e-01 0.000000000000000000e+00 3.721626222117808136e-01 0.000000000000000000e+00 3.761321230303382168e-01 4.489491954784396444e-01 3.937616407458637280e-01 4.746643192105263198e-01 3.952321003647644715e-01 4.149430923334647137e-01 3.249481126679861775e-01 3.990858905822117775e-01 3.624870024520733258e-01 0.000000000000000000e+00 0.000000000000000000e+00 4.134726882280843618e-01 3.894207346251509771e-01 0.000000000000000000e+00 3.701077156401679225e-01 0.000000000000000000e+00 3.850147402203820679e-01 0.000000000000000000e+00 0.000000000000000000e+00 0.000000000000000000e+00 3.986435429716437828e-01 0.000000000000000000e+00 0.000000000000000000e+00 0.000000000000000000e+00 3.975334832286179232e-01 0.000000000000000000e+00 0.000000000000000000e+00 0.000000000000000000e+00 0.000000000000000000e+00 0.000000000000000000e+00 4.368964875926784619e-01 0.000000000000000000e+00 0.000000000000000000e+00 0.000000000000000000e+00 0.000000000000000000e+00 0.000000000000000000e+00 4.388814045801526786e-01 4.329166465517241269e-01 4.057676920862736125e-01 0.000000000000000000e+00 4.472348181818181501e-01 0.000000000000000000e+00 0.000000000000000000e+00 0.000000000000000000e+00 0.000000000000000000e+00 0.000000000000000000e+00 0.000000000000000000e+00 0.000000000000000000e+00 0.000000000000000000e+00 0.000000000000000000e+00 0.000000000000000000e+00
3.030941512315667996e-01 3.728409504950494502e-01 3.148351527848311515e-01 3.945929824215820281e-01 2.845848113951292557e-01 2.979062133333332807e-01 2.726248753149607684e-01 3.997430232204557954e-01 2.540179272781401543e-01 3.756786358902853840e-01 2.898240332005425079e-01 4.016372588001969057e-01 2.302501644073773890e-01 3.787338876326058479e-01 2.178313420347809948e-01 3.637240903496654076e-01 3.672112312666168110e-01 3.968715741428914257e-01 3.655209251483460542e-01 4.239711475897838255e-01 0.000000000000000000e+00 0.000000000000000000e+00 3.192570572621163949e-01 3.866189924553734003e-01 3.233685260798893069e-01 0.000000000000000000e+00 3.080374587420042776e-01 3.471537545454546070e-01 2.993259922265488204e-01 3.826189829206487758e-01 3.042526665895238236e-01 3.867429074933999011e-01 3.552456324470383842e-01 4.080804624871534059e-01 0.000000000000000000e+00 0.000000000000000000e+00 4.265850553928606792e-01 4.432073948609904779e-01 0.000000000000000000e+00 0.000000000000000000e+00 0.000000000000000000e+00 0.000000000000000000e+00 4.059466704402515669e-01 0.000000000000000000e+00 0.000000000000000000e+00 0.000000000000000000e+00 0.000000000000000000e+00 0.000000000000000000e+00 0.000000000000000000e+00 0.000000000000000000e+00 3.685400735208681500e-01 0.000000000000000000e+00 3.422111707317073703e-01 0.000000000000000000e+00 3.828635677966101825e-01 0.000000000000000000e+00 3.587411812258319843e-01 0.000000000000000000e+00 3.754374530710995472e-01 0.000000000000000000e+00 3.820998970464931643e-01 0.000000000000000000e+00 3.448035105206090911e-01 3.437541280487805273e-01 3.810407758107458576e-01 0.000000000000000000e+00 3.774841550175203619e-01 4.087073269230768746e-01 3.768917770490732289e-01 0.000000000000000000e+00 3.119805956602793029e-01 4.328728300061050471e-01 3.501393525967731457e-01 4.024636303391765368e-01 3.566317000000000514e-01 3.417035609195401835e-01 3.695560295825632280e-01 4.098032261695216394e-01 0.000000000000000000e+00 0.000000000000000000e+00 3.429176202624458214e-01 3.714418930817610653e-01 0.000000000000000000e+00 0.000000000000000000e+00 3.623915593270494173e-01 0.000000000000000000e+00 0.000000000000000000e+00 0.000000000000000000e+00 3.605477731839187294e-01 0.000000000000000000e+00 3.800142157531870013e-01 4.231231362983516320e-01 0.000000000000000000e+00 0.000000000000000000e+00 0.000000000000000000e+00 0.000000000000000000e+00 0.000000000000000000e+00 4.183084427480915912e-01 4.261264537815125930e-01 0.000000000000000000e+00 0.000000000000000000e+00 0.000000000000000000e+00 4.201715147035255948e-01 3.962335629788757974e-01 0.000000000000000000e+00 3.902191100917430933e-01 0.000000000000000000e+00 0.000000000000000000e+00 0.000000000000000000e+00 0.000000000000000000e+00 0.000000000000000000e+00 0.000000000000000000e+00 0.000000000000000000e+00 0.000000000000000000e+00 0.000000000000000000e+00 0.000000000000000000e+00
