3.087878640867363633e-01 4.826046756351924372e-01 3.959799752924111904e-01 4.819803595288277287e-01 3.709921254088078824e-01 0.000000000000000000e+00 3.573983283165033109e-01 4.732138515402082302e-01 3.769428972932527544e-01 0.000000000000000000e+00 3.020015970101948555e-01 4.821387785131894810e-01 3.855767003894112754e-01 0.000000000000000000e+00 3.889976812092361125e-01 4.342324124999999979e-01 2.963645638231158785e-01 4.803174619371022858e-01 3.714206712021315693e-01 5.017368576818005410e-01 0.000000000000000000e+00 0.000000000000000000e+00 4.053987670667656973e-01 4.209303430656934353e-01 3.366338557692308275e-01 0.000000000000000000e+00 0.000000000000000000e+00 0.000000000000000000e+00 4.113624103360170037e-01 4.727214719491206751e-01 4.183282973210364908e-01 4.738973214285714386e-01 4.332474400644494295e-01 4.902417798726531606e-01 0.000000000000000000e+00 0.000000000000000000e+00 4.668425404487518415e-01 5.107848964555283811e-01 4.050667362637362934e-01 0.000000000000000000e+00 0.000000000000000000e+00 0.000000000000000000e+00 0.000000000000000000e+00 0.000000000000000000e+00 4.198492678770569531e-01 5.390441700680272952e-01 0.000000000000000000e+00 0.000000000000000000e+00 4.090291893557460035e-01 5.023343299008391494e-01 3.967888368744983407e-01 4.306102884615384263e-01 3.785435691103474776e-01 0.000000000000000000e+00 4.028301685040056035e-01 0.000000000000000000e+00 3.192428935961956760e-01 4.833004903218139359e-01 4.421347439008703750e-01 5.070487128169933744e-01 4.048046680345763204e-01 4.798602882882883058e-01 3.997436923586573654e-01 4.662080796703818586e-01 4.155303349015048719e-01 4.710817255080461119e-01 4.373790372600768195e-01 4.931870979216881334e-01 3.859920263840612709e-01 5.040421328854266525e-01 3.594432703979095756e-01 4.894083292592592560e-01 3.956264831422595107e-01 4.602436195603420432e-01 3.832186982328521507e-01 4.462096808747030852e-01 3.991940715131816475e-01 4.681550462863974249e-01 0.000000000000000000e+00 0.000000000000000000e+00 3.879190000000000693e-01 0.000000000000000000e+00 0.000000000000000000e+00 0.000000000000000000e+00 4.058937897744297474e-01 4.483446862250992093e-01 0.000000000000000000e+00 0.000000000000000000e+00 4.175796892528628179e-01 5.352069618320610678e-01 4.466441981836595798e-01 4.617526510939832796e-01 4.211805625000000219e-01 4.077971702127659026e-01 4.197310268311791881e-01 0.000000000000000000e+00 4.969764348022370215e-01 0.000000000000000000e+00 4.671298702702703087e-01 0.000000000000000000e+00 0.000000000000000000e+00 0.000000000000000000e+00 4.280879866260852151e-01 4.488739012487891755e-01 4.394699738247863641e-01 4.709663466735967141e-01 4.364537112041468325e-01 0.000000000000000000e+00 0.000000000000000000e+00 0.000000000000000000e+00 0.000000000000000000e+00 0.000000000000000000e+00 0.000000000000000000e+00 0.000000000000000000e+00 0.000000000000000000e+00 0.000000000000000000e+00
4.826046756351924372e-01 3.125460420538958561e-01 5.027232803528624006e-01 3.605137553256499428e-01 0.000000000000000000e+00 4.252711589743590204e-01 4.840764941330841231e-01 3.444869485991591818e-01 0.000000000000000000e+00 3.981536481481480760e-01 4.867458543978756547e-01 3.896668554928873207e-01 4.809359687499999980e-01 3.980246905148894232e-01 0.000000000000000000e+00 3.672086709694096784e-01 4.790708355376773198e-01 4.090162018483279871e-01 4.978799064889675718e-01 3.546612289611090207e-01 0.000000000000000000e+00 0.000000000000000000e+00 4.869083117748964074e-01 4.727354864935883194e-01 0.000000000000000000e+00 0.000000000000000000e+00 0.000000000000000000e+00 0.000000000000000000e+00 4.809917760270691067e-01 3.990757608683664359e-01 4.616275909090908902e-01 5.064190930232558285e-01 4.970962707184122809e-01 4.563675590380102398e-01 4.541044538207667514e-01 3.735717500000000357e-01 4.972585985813282039e-01 4.922122680155835428e-01 0.000000000000000000e+00 0.000000000000000000e+00 0.000000000000000000e+00 0.000000000000000000e+00 0.000000000000000000e+00 3.884184975657871131e-01 0.000000000000000000e+00 4.272348376446625795e-01 0.000000000000000000e+00 0.000000000000000000e+00 0.000000000000000000e+00 4.045113827013613883e-01 0.000000000000000000e+00 3.961613416350140415e-01 0.000000000000000000e+00 3.996479916323429915e-01 0.000000000000000000e+00 3.879386001814220108e-01 4.853520461267896158e-01 3.503658948009223950e-01 4.769609705543372269e-01 4.299818046143727424e-01 4.827858749999999755e-01 3.981378268881350935e-01 4.439683242379547368e-01 3.969946314785279817e-01 4.455143801652892699e-01 4.066103270086633970e-01 4.899930136534244585e-01 4.197255512558132340e-01 5.088887379655214760e-01 3.500955771680528406e-01 4.991750954579579624e-01 4.099183102455561944e-01 4.616468657136568177e-01 4.171915346850043615e-01 0.000000000000000000e+00 4.112397074549159481e-01 4.656549690714628098e-01 4.029742325569040662e-01 0.000000000000000000e+00 0.000000000000000000e+00 4.717744361538461217e-01 4.198573281249999845e-01 0.000000000000000000e+00 0.000000000000000000e+00 4.437886818181817628e-01 4.048865651800100385e-01 0.000000000000000000e+00 0.000000000000000000e+00 4.600972062500000570e-01 4.135079403399542497e-01 4.367541923076923016e-01 4.905704166755486262e-01 0.000000000000000000e+00 4.873331180555555142e-01 4.623461357638888880e-01 4.945925596501452026e-01 4.503312809782609172e-01 5.181358317677006164e-01 4.669305723311547029e-01 4.852623043339285291e-01 0.000000000000000000e+00 0.000000000000000000e+00 4.635142137257329820e-01 4.645546669475232315e-01 4.926894704204693443e-01 4.903637127451258571e-01 4.397897710843373109e-01 5.390650244739756403e-01 0.000000000000000000e+00 0.000000000000000000e+00 4.739190459132154309e-01 0.000000000000000000e+00 0.000000000000000000e+00 0.000000000000000000e+00 0.000000000000000000e+00 0.000000000000000000e+00
3.959799752924111904e-01 5.027232803528624006e-01 2.858487803767236213e-01 4.709988757213183774e-01 2.499238424849950790e-01 4.382337562273114218e-01 3.510630952092908541e-01 4.616235208633958087e-01 3.277938352885005346e-01 4.495693780163058095e-01 4.177472592683609820e-01 4.703035198463416666e-01 3.769105473087581148e-01 4.549212022075377893e-01 3.400937282971454034e-01 4.574165265113281920e-01 4.222411015905994103e-01 4.982991692862799860e-01 3.447801209574656855e-01 5.082618409419835670e-01 3.656660588235293718e-01 0.000000000000000000e+00 2.706269517999179697e-01 4.463471826170503087e-01 2.194375937858818737e-01 4.777301119959087572e-01 3.348666431243791930e-01 3.912274999999999503e-01 3.908186850805042689e-01 4.675495306563295372e-01 3.849509771596668628e-01 4.496638545171532941e-01 4.171799985525923571e-01 4.944101381058624289e-01 4.376963006881611218e-01 0.000000000000000000e+00 4.587455267157219407e-01 5.323189111111111815e-01 4.215220583333333382e-01 0.000000000000000000e+00 0.000000000000000000e+00 0.000000000000000000e+00 0.000000000000000000e+00 0.000000000000000000e+00 4.832066578947368241e-01 0.000000000000000000e+00 4.420941848873349289e-01 0.000000000000000000e+00 4.353677012326286899e-01 4.795489787234043511e-01 3.973897738251410683e-01 4.583648759294141062e-01 0.000000000000000000e+00 4.395088156424580839e-01 3.712569369539896469e-01 0.000000000000000000e+00 4.196898865270887735e-01 4.956579290413533623e-01 4.520489748837919208e-01 5.036473669719169211e-01 4.023340485623062568e-01 5.375065247524752898e-01 4.038091897204734715e-01 4.503626581801361550e-01 3.985406102078808965e-01 4.677345073857301916e-01 4.531340669529106968e-01 4.769190052566703031e-01 3.784484482945622563e-01 5.144038598200899592e-01 3.699250859393984348e-01 4.703831105221136788e-01 3.875746815668480449e-01 4.688171413460072712e-01 3.787307513673991433e-01 4.550215466004889353e-01 4.058815786791248326e-01 4.559768114235516756e-01 0.000000000000000000e+00 0.000000000000000000e+00 4.116996353179067647e-01 4.548732892224681690e-01 0.000000000000000000e+00 0.000000000000000000e+00 3.954637300804649258e-01 4.375070414078675585e-01 0.000000000000000000e+00 0.000000000000000000e+00 3.797328990050087838e-01 4.736344963503649197e-01 4.167941787128986997e-01 4.695504817843512702e-01 3.924713220338982844e-01 0.000000000000000000e+00 4.584280756174518023e-01 0.000000000000000000e+00 4.598204900451128285e-01 0.000000000000000000e+00 5.036155312500000258e-01 4.345452047244094951e-01 0.000000000000000000e+00 4.650654651162790532e-01 4.321822800157316125e-01 4.674690950140363288e-01 4.427729317159678213e-01 4.639865517281106522e-01 4.429224191460173210e-01 0.000000000000000000e+00 0.000000000000000000e+00 0.000000000000000000e+00 4.456677337662337535e-01 0.000000000000000000e+00 0.000000000000000000e+00 0.000000000000000000e+00 0.000000000000000000e+00 0.000000000000000000e+00
4.819803595288277287e-01 3.605137553256499428e-01 4.709988757213183774e-01 2.655087266207757368e-01 4.380703638729803728e-01 2.418026183268961460e-01 4.609225744034589622e-01 3.410545804397891456e-01 4.278688957589350528e-01 3.023257730110626706e-01 4.782725838666442297e-01 3.988071825868190201e-01 4.520131683210860674e-01 3.713689214290126772e-01 4.439411362787215043e-01 3.430631658155361974e-01 4.791786621979265970e-01 4.325643082317205956e-01 5.011297092905071526e-01 3.451532400538844247e-01 0.000000000000000000e+00 0.000000000000000000e+00 4.576433964255497422e-01 2.567423715259642414e-01 4.260017631578947306e-01 2.791594292272688294e-01 0.000000000000000000e+00 3.267183726165364677e-01 4.601443233833082402e-01 3.986923334191670998e-01 4.364235263772776596e-01 3.123538230047552822e-01 4.724344026922045470e-01 3.953620262349444303e-01 0.000000000000000000e+00 4.870052561166970384e-01 4.494763821138211268e-01 4.466508383996304898e-01 0.000000000000000000e+00 4.066920151515151516e-01 0.000000000000000000e+00 0.000000000000000000e+00 0.000000000000000000e+00 4.192279517681994916e-01 0.000000000000000000e+00 4.473919189912767269e-01 0.000000000000000000e+00 4.365729993754337013e-01 0.000000000000000000e+00 4.680014675090727883e-01 0.000000000000000000e+00 4.144388327809998551e-01 0.000000000000000000e+00 3.764391784822205267e-01 0.000000000000000000e+00 4.316944239942528405e-01 4.627101102530286614e-01 4.280845883437406907e-01 4.718127015673176383e-01 4.474407535307875494e-01 4.815745596330275324e-01 4.214211133861802683e-01 4.330914873299125389e-01 4.138719982611105408e-01 0.000000000000000000e+00 4.149336486908080657e-01 4.960289835592739949e-01 4.440656026267740808e-01 4.470086578947368716e-01 4.287235133120609887e-01 4.370169404589290818e-01 3.683442768112661914e-01 4.494823852853552792e-01 3.923694817857847905e-01 4.632093048789173717e-01 3.701690726120122621e-01 4.597114573580645125e-01 4.145185150270708774e-01 0.000000000000000000e+00 4.162320107526881197e-01 0.000000000000000000e+00 4.030981560831001786e-01 0.000000000000000000e+00 0.000000000000000000e+00 4.398973813266444099e-01 4.043535296045500660e-01 0.000000000000000000e+00 3.842211970695138534e-01 0.000000000000000000e+00 4.068548986393634714e-01 4.481059841586657599e-01 4.460915323325330140e-01 0.000000000000000000e+00 0.000000000000000000e+00 0.000000000000000000e+00 0.000000000000000000e+00 4.378581480473674459e-01 4.684398176010915460e-01 4.437288902252687350e-01 4.056562479338842730e-01 4.421472312925170400e-01 0.000000000000000000e+00 4.396715146149052789e-01 4.448284018680961349e-01 4.179030620155038678e-01 4.615056875115244317e-01 0.000000000000000000e+00 0.000000000000000000e+00 0.000000000000000000e+00 4.754642894736842429e-01 4.072938384615384932e-01 0.000000000000000000e+00 4.607342205882352659e-01 4.740269705882353413e-01 0.000000000000000000e+00 0.000000000000000000e+00
3.709921254088078824e-01 0.000000000000000000e+00 2.499238424849950790e-01 4.380703638729803728e-01 2.470456170034334431e-01 4.505345944613655673e-01 3.064091194634417370e-01 4.095156677920115396e-01 2.581638952383035757e-01 4.494575118315860540e-01 3.511895029411765679e-01 0.000000000000000000e+00 3.260267196748740104e-01 3.916535609756097713e-01 2.593975656321634293e-01 4.356838148504971753e-01 3.324314473684210625e-01 0.000000000000000000e+00 4.039225755762743120e-01 4.486396666666667699e-01 3.174982764229942744e-01 0.000000000000000000e+00 3.241212594168075278e-01 4.243991867011321917e-01 1.742309291932908066e-01 4.568282693543384565e-01 2.154702159627460145e-01 4.565845223837870503e-01 2.478412630411255535e-01 0.000000000000000000e+00 3.737044735422990205e-01 4.269215588070140455e-01 3.773452611415869518e-01 0.000000000000000000e+00 4.419828965517241803e-01 0.000000000000000000e+00 0.000000000000000000e+00 0.000000000000000000e+00 3.990838424657534023e-01 0.000000000000000000e+00 0.000000000000000000e+00 0.000000000000000000e+00 4.272560707590876694e-01 0.000000000000000000e+00 0.000000000000000000e+00 0.000000000000000000e+00 0.000000000000000000e+00 0.000000000000000000e+00 0.000000000000000000e+00 0.000000000000000000e+00 0.000000000000000000e+00 0.000000000000000000e+00 0.000000000000000000e+00 0.000000000000000000e+00 0.000000000000000000e+00 0.000000000000000000e+00 4.378810330578511989e-01 0.000000000000000000e+00 0.000000000000000000e+00 0.000000000000000000e+00 3.868861751914706160e-01 0.000000000000000000e+00 3.824272640089127484e-01 0.000000000000000000e+00 3.933549323926470165e-01 0.000000000000000000e+00 3.986324094488188918e-01 0.000000000000000000e+00 0.000000000000000000e+00 0.000000000000000000e+00 3.512086874228312894e-01 4.589391435897435811e-01 2.750096443834815774e-01 4.683471051772999938e-01 2.900660190981418363e-01 0.000000000000000000e+00 3.482497505851078201e-01 0.000000000000000000e+00 0.000000000000000000e+00 0.000000000000000000e+00 3.906827935386413819e-01 0.000000000000000000e+00 3.851894827586206937e-01 0.000000000000000000e+00 3.582014957256920429e-01 0.000000000000000000e+00 3.422476900841245895e-01 0.000000000000000000e+00 3.655571678767450816e-01 0.000000000000000000e+00 0.000000000000000000e+00 4.054851565457987528e-01 0.000000000000000000e+00 0.000000000000000000e+00 0.000000000000000000e+00 3.942733645833333411e-01 0.000000000000000000e+00 0.000000000000000000e+00 0.000000000000000000e+00 0.000000000000000000e+00 0.000000000000000000e+00 0.000000000000000000e+00 0.000000000000000000e+00 0.000000000000000000e+00 3.744605980392157196e-01 0.000000000000000000e+00 0.000000000000000000e+00 0.000000000000000000e+00 0.000000000000000000e+00 0.000000000000000000e+00 0.000000000000000000e+00 0.000000000000000000e+00 0.000000000000000000e+00 0.000000000000000000e+00 0.000000000000000000e+00 0.000000000000000000e+00
0.000000000000000000e+00 4.252711589743590204e-01 4.382337562273114218e-01 2.418026183268961460e-01 4.505345944613655673e-01 1.993618167548127651e-01 4.089062516043223683e-01 3.183885192854346013e-01 4.492768179144085439e-01 2.497586148427844710e-01 0.000000000000000000e+00 0.000000000000000000e+00 4.195371810223953446e-01 0.000000000000000000e+00 4.588522598228630955e-01 2.733612829651784759e-01 0.000000000000000000e+00 0.000000000000000000e+00 0.000000000000000000e+00 3.553725125000000706e-01 4.227336149913616947e-01 2.871296710526315410e-01 4.416059268427640072e-01 2.797022153310959047e-01 4.319105533636417027e-01 1.536515850068244649e-01 4.221337650975975908e-01 2.469062642458881573e-01 4.524568026315788360e-01 3.186691268779420216e-01 4.305681266407646590e-01 3.344173449026754397e-01 3.633245288461538491e-01 3.689342569920450177e-01 4.303876206896551926e-01 0.000000000000000000e+00 0.000000000000000000e+00 0.000000000000000000e+00 0.000000000000000000e+00 0.000000000000000000e+00 0.000000000000000000e+00 0.000000000000000000e+00 0.000000000000000000e+00 4.153632593706073628e-01 0.000000000000000000e+00 0.000000000000000000e+00 0.000000000000000000e+00 4.338404760596546450e-01 0.000000000000000000e+00 0.000000000000000000e+00 0.000000000000000000e+00 0.000000000000000000e+00 0.000000000000000000e+00 0.000000000000000000e+00 0.000000000000000000e+00 0.000000000000000000e+00 0.000000000000000000e+00 0.000000000000000000e+00 0.000000000000000000e+00 3.706120833333333420e-01 0.000000000000000000e+00 0.000000000000000000e+00 0.000000000000000000e+00 0.000000000000000000e+00 0.000000000000000000e+00 0.000000000000000000e+00 4.285429150729223591e-01 4.018858480111894282e-01 0.000000000000000000e+00 0.000000000000000000e+00 4.426275076796970520e-01 3.171681818113828433e-01 4.740549538486841796e-01 3.225676141226782589e-01 0.000000000000000000e+00 3.115066145589808766e-01 0.000000000000000000e+00 2.996504718749999907e-01 0.000000000000000000e+00 0.000000000000000000e+00 0.000000000000000000e+00 0.000000000000000000e+00 0.000000000000000000e+00 0.000000000000000000e+00 0.000000000000000000e+00 3.890119189030614710e-01 0.000000000000000000e+00 3.436182305164319217e-01 0.000000000000000000e+00 3.760902165842657796e-01 0.000000000000000000e+00 0.000000000000000000e+00 0.000000000000000000e+00 0.000000000000000000e+00 0.000000000000000000e+00 0.000000000000000000e+00 0.000000000000000000e+00 0.000000000000000000e+00 0.000000000000000000e+00 0.000000000000000000e+00 0.000000000000000000e+00 0.000000000000000000e+00 0.000000000000000000e+00 0.000000000000000000e+00 0.000000000000000000e+00 0.000000000000000000e+00 0.000000000000000000e+00 0.000000000000000000e+00 0.000000000000000000e+00 0.000000000000000000e+00 0.000000000000000000e+00 0.000000000000000000e+00 0.000000000000000000e+00 0.000000000000000000e+00 0.000000000000000000e+00 0.000000000000000000e+00
3.573983283165033109e-01 4.840764941330841231e-01 3.510630952092908541e-01 4.609225744034589622e-01 3.064091194634417370e-01 4.089062516043223683e-01 2.622611673216186934e-01 4.542902665467161150e-01 2.741626649538758120e-01 4.350833745421244236e-01 3.848360454494813010e-01 4.681533650540762315e-01 3.077974322840347221e-01 4.422428456770906569e-01 3.442276344790275999e-01 4.523292184360359625e-01 3.983243843290585340e-01 4.886274720049068043e-01 4.269139127722202387e-01 4.977066921391828380e-01 0.000000000000000000e+00 0.000000000000000000e+00 3.826738706531750966e-01 4.432266172405739391e-01 0.000000000000000000e+00 4.043361374999999702e-01 3.456246315789474055e-01 0.000000000000000000e+00 3.713919938074762839e-01 4.607713374956172170e-01 3.677142530258154518e-01 4.467208133355373145e-01 4.097451376273752444e-01 4.752948969070884822e-01 4.555771857665497637e-01 0.000000000000000000e+00 4.538850602330597450e-01 4.739848317140875067e-01 4.469237758620689394e-01 0.000000000000000000e+00 0.000000000000000000e+00 0.000000000000000000e+00 3.685905481927710947e-01 0.000000000000000000e+00 3.896302689879350689e-01 0.000000000000000000e+00 4.420432542372881302e-01 0.000000000000000000e+00 3.883310740294513841e-01 0.000000000000000000e+00 3.745226801077179979e-01 4.666226518518518662e-01 3.684042420120356987e-01 0.000000000000000000e+00 3.929007233851866676e-01 0.000000000000000000e+00 4.065420204332746423e-01 4.768065984575914906e-01 4.169710764499492961e-01 4.802626771324177701e-01 4.037941928930472990e-01 4.928968354430379173e-01 4.036682761141267561e-01 4.756070724250326398e-01 4.010073161504874029e-01 4.566648022446043731e-01 4.466763462588632660e-01 4.862440201851851995e-01 4.155708706960282162e-01 4.958061250000000419e-01 3.494521942000070602e-01 4.648798148343467607e-01 3.681544427941543796e-01 4.488740396814397959e-01 3.559394737627954441e-01 4.487394413141648220e-01 3.733043158330207056e-01 4.630866314638787951e-01 0.000000000000000000e+00 0.000000000000000000e+00 4.053022850253688025e-01 4.623038482758621837e-01 4.103258611111111342e-01 0.000000000000000000e+00 3.926321705053524291e-01 4.537534609471695068e-01 3.886137171820985281e-01 0.000000000000000000e+00 3.951996761545976677e-01 4.451623933998100635e-01 4.170519747899159579e-01 4.582629058680828815e-01 0.000000000000000000e+00 0.000000000000000000e+00 0.000000000000000000e+00 0.000000000000000000e+00 4.552083868613138740e-01 0.000000000000000000e+00 0.000000000000000000e+00 0.000000000000000000e+00 0.000000000000000000e+00 0.000000000000000000e+00 4.367587856492649578e-01 4.245641378170290081e-01 4.433035137614678711e-01 4.351964046583850498e-01 0.000000000000000000e+00 0.000000000000000000e+00 0.000000000000000000e+00 0.000000000000000000e+00 0.000000000000000000e+00 0.000000000000000000e+00 0.000000000000000000e+00 0.000000000000000000e+00 0.000000000000000000e+00 0.000000000000000000e+00
4.732138515402082302e-01 3.444869485991591818e-01 4.616235208633958087e-01 3.410545804397891456e-01 4.095156677920115396e-01 3.183885192854346013e-01 4.542902665467161150e-01 2.707449192873075394e-01 4.087274656670956685e-01 2.875931049403022133e-01 4.541896749677008516e-01 3.587400754200308350e-01 4.443287162928949430e-01 2.652994252862935221e-01 4.270506323155162098e-01 2.536740821967427562e-01 4.653691607232510741e-01 4.155162521057164660e-01 4.821592235668585857e-01 4.070842994290278516e-01 0.000000000000000000e+00 0.000000000000000000e+00 4.472735576135192237e-01 3.695546532442415266e-01 0.000000000000000000e+00 0.000000000000000000e+00 4.149261462358139196e-01 0.000000000000000000e+00 4.665238222903037024e-01 3.756934897103839099e-01 4.104190348184719173e-01 3.561761505913821901e-01 4.584197033008122757e-01 4.029466599640449398e-01 0.000000000000000000e+00 0.000000000000000000e+00 5.002357956472983647e-01 4.391988566048751763e-01 0.000000000000000000e+00 0.000000000000000000e+00 0.000000000000000000e+00 0.000000000000000000e+00 0.000000000000000000e+00 3.835452698657622617e-01 0.000000000000000000e+00 4.003569556417618802e-01 0.000000000000000000e+00 0.000000000000000000e+00 4.898204071428571282e-01 4.023969897517141181e-01 0.000000000000000000e+00 3.802927314132202863e-01 0.000000000000000000e+00 3.823163503162677057e-01 0.000000000000000000e+00 3.757774579366805479e-01 4.536236736277758919e-01 4.042478129004039578e-01 4.785083863636363510e-01 4.182009826907538419e-01 0.000000000000000000e+00 3.874873883034982702e-01 4.720222568807339036e-01 4.146767968833968698e-01 0.000000000000000000e+00 3.998909294677415738e-01 4.725112764317210834e-01 4.375750198046259309e-01 4.712716235294118206e-01 4.149948641919191661e-01 4.840594868432644415e-01 3.257662639207420385e-01 4.442260936275973515e-01 3.739944722502219765e-01 4.192467916257787142e-01 3.560070364356023309e-01 4.494611854587365340e-01 3.852385928528115344e-01 0.000000000000000000e+00 0.000000000000000000e+00 0.000000000000000000e+00 3.872446890978751832e-01 0.000000000000000000e+00 0.000000000000000000e+00 4.561738334029102893e-01 3.919342231917256059e-01 0.000000000000000000e+00 0.000000000000000000e+00 0.000000000000000000e+00 3.979323861879089375e-01 0.000000000000000000e+00 4.479916837606837676e-01 0.000000000000000000e+00 4.084971942446042892e-01 4.855008096635029524e-01 0.000000000000000000e+00 4.595062478632478964e-01 0.000000000000000000e+00 4.420614507042253671e-01 0.000000000000000000e+00 0.000000000000000000e+00 0.000000000000000000e+00 4.432988268288254874e-01 4.430457063747228474e-01 4.066790000000000127e-01 0.000000000000000000e+00 0.000000000000000000e+00 0.000000000000000000e+00 0.000000000000000000e+00 0.000000000000000000e+00 0.000000000000000000e+00 0.000000000000000000e+00 0.000000000000000000e+00 0.000000000000000000e+00 0.000000000000000000e+00 0.000000000000000000e+00
3.769428972932527544e-01 0.000000000000000000e+00 3.277938352885005346e-01 4.278688957589350528e-01 2.581638952383035757e-01 4.492768179144085439e-01 2.741626649538758120e-01 4.087274656670956685e-01 2.890052225415705722e-01 4.500729819620253314e-01 3.682714675753533395e-01 0.000000000000000000e+00 3.124235656424019791e-01 4.244543386717601896e-01 2.575061813711767567e-01 4.523493011771991812e-01 0.000000000000000000e+00 0.000000000000000000e+00 4.091198290460435483e-01 0.000000000000000000e+00 0.000000000000000000e+00 0.000000000000000000e+00 3.489120792393883286e-01 4.432003993399219466e-01 3.798743968058967968e-01 4.560249557145135690e-01 2.404968411179812804e-01 4.803243432835820892e-01 3.698623785820517873e-01 0.000000000000000000e+00 3.670810623945430784e-01 4.244442855931927494e-01 3.750218612654321326e-01 3.817635747126436607e-01 4.568557244897960001e-01 0.000000000000000000e+00 0.000000000000000000e+00 0.000000000000000000e+00 0.000000000000000000e+00 0.000000000000000000e+00 0.000000000000000000e+00 0.000000000000000000e+00 0.000000000000000000e+00 0.000000000000000000e+00 0.000000000000000000e+00 0.000000000000000000e+00 4.340646128228523581e-01 0.000000000000000000e+00 0.000000000000000000e+00 0.000000000000000000e+00 0.000000000000000000e+00 0.000000000000000000e+00 0.000000000000000000e+00 0.000000000000000000e+00 3.929262618803418539e-01 0.000000000000000000e+00 4.107882113257828594e-01 0.000000000000000000e+00 0.000000000000000000e+00 0.000000000000000000e+00 3.929550781341282217e-01 0.000000000000000000e+00 3.996770301472287179e-01 0.000000000000000000e+00 3.864061713860909020e-01 0.000000000000000000e+00 4.038590245901639286e-01 0.000000000000000000e+00 0.000000000000000000e+00 0.000000000000000000e+00 2.998445232967666962e-01 0.000000000000000000e+00 3.212172236111515700e-01 4.523129753663073238e-01 3.203259215689652772e-01 3.682542771084337252e-01 3.564660467321256188e-01 4.204519813084111046e-01 0.000000000000000000e+00 0.000000000000000000e+00 3.864206201173248090e-01 0.000000000000000000e+00 3.359148156146180009e-01 0.000000000000000000e+00 3.723443549719585577e-01 0.000000000000000000e+00 3.537043167335409688e-01 0.000000000000000000e+00 3.465173278955691605e-01 0.000000000000000000e+00 0.000000000000000000e+00 4.162899650537634222e-01 0.000000000000000000e+00 0.000000000000000000e+00 0.000000000000000000e+00 0.000000000000000000e+00 0.000000000000000000e+00 0.000000000000000000e+00 0.000000000000000000e+00 0.000000000000000000e+00 0.000000000000000000e+00 0.000000000000000000e+00 4.090673398058252697e-01 4.119444310344828053e-01 0.000000000000000000e+00 0.000000000000000000e+00 0.000000000000000000e+00 0.000000000000000000e+00 0.000000000000000000e+00 3.461024528301887004e-01 0.000000000000000000e+00 0.000000000000000000e+00 0.000000000000000000e+00 0.000000000000000000e+00 0.000000000000000000e+00 0.000000000000000000e+00
0.000000000000000000e+00 3.981536481481480760e-01 4.495693780163058095e-01 3.023257730110626706e-01 4.494575118315860540e-01 2.497586148427844710e-01 4.350833745421244236e-01 2.875931049403022133e-01 4.500729819620253314e-01 2.666960594977638155e-01 0.000000000000000000e+00 3.455170150243488392e-01 4.205549499489275034e-01 3.246726054698552133e-01 4.531381774447128530e-01 2.987455342045060025e-01 0.000000000000000000e+00 0.000000000000000000e+00 0.000000000000000000e+00 3.941647062239530541e-01 0.000000000000000000e+00 0.000000000000000000e+00 4.395962376889355205e-01 3.114361004052406678e-01 4.241726529648242594e-01 2.819213117695353876e-01 0.000000000000000000e+00 3.058274137492942302e-01 4.809222142857141891e-01 3.176965840313973333e-01 4.104489462720032900e-01 3.346835658264860069e-01 0.000000000000000000e+00 0.000000000000000000e+00 0.000000000000000000e+00 0.000000000000000000e+00 0.000000000000000000e+00 0.000000000000000000e+00 0.000000000000000000e+00 4.175412604166666708e-01 0.000000000000000000e+00 0.000000000000000000e+00 0.000000000000000000e+00 4.157471147540983680e-01 0.000000000000000000e+00 0.000000000000000000e+00 0.000000000000000000e+00 3.892629420289855369e-01 0.000000000000000000e+00 0.000000000000000000e+00 0.000000000000000000e+00 0.000000000000000000e+00 0.000000000000000000e+00 0.000000000000000000e+00 0.000000000000000000e+00 0.000000000000000000e+00 0.000000000000000000e+00 3.392482333333333155e-01 4.658833376623376932e-01 3.958899640389914043e-01 0.000000000000000000e+00 3.922335057471264541e-01 0.000000000000000000e+00 0.000000000000000000e+00 4.268710451612903745e-01 4.100651956920622898e-01 0.000000000000000000e+00 0.000000000000000000e+00 0.000000000000000000e+00 0.000000000000000000e+00 4.151093804250151065e-01 3.058144876016798963e-01 0.000000000000000000e+00 3.485655631577417868e-01 0.000000000000000000e+00 3.392094914135074246e-01 4.273291037735850173e-01 3.326707667577832872e-01 0.000000000000000000e+00 0.000000000000000000e+00 0.000000000000000000e+00 3.880606499999999515e-01 0.000000000000000000e+00 0.000000000000000000e+00 0.000000000000000000e+00 3.934794820924525927e-01 0.000000000000000000e+00 3.602292155753490377e-01 0.000000000000000000e+00 3.926996985930735207e-01 0.000000000000000000e+00 0.000000000000000000e+00 0.000000000000000000e+00 0.000000000000000000e+00 0.000000000000000000e+00 0.000000000000000000e+00 0.000000000000000000e+00 0.000000000000000000e+00 0.000000000000000000e+00 0.000000000000000000e+00 0.000000000000000000e+00 0.000000000000000000e+00 0.000000000000000000e+00 0.000000000000000000e+00 0.000000000000000000e+00 0.000000000000000000e+00 0.000000000000000000e+00 0.000000000000000000e+00 0.000000000000000000e+00 0.000000000000000000e+00 0.000000000000000000e+00 0.000000000000000000e+00 0.000000000000000000e+00 0.000000000000000000e+00 0.000000000000000000e+00 0.000000000000000000e+00
3.020015970101948555e-01 4.867458543978756547e-01 4.177472592683609820e-01 4.782725838666442297e-01 3.511895029411765679e-01 0.000000000000000000e+00 3.848360454494813010e-01 4.541896749677008516e-01 3.682714675753533395e-01 0.000000000000000000e+00 2.877265819414353554e-01 4.635483083403725280e-01 3.469360783213688570e-01 4.370474358757155953e-01 3.723351192540807486e-01 0.000000000000000000e+00 2.944837882654278705e-01 4.820521912700154177e-01 4.298668358581760884e-01 4.807197343032294512e-01 0.000000000000000000e+00 0.000000000000000000e+00 3.927369461759754876e-01 4.518676307100759071e-01 0.000000000000000000e+00 0.000000000000000000e+00 0.000000000000000000e+00 0.000000000000000000e+00 3.284835500881948533e-01 4.632117638567048723e-01 3.648542788876688592e-01 4.468235867446333498e-01 4.006296745408606252e-01 4.702940705773736574e-01 0.000000000000000000e+00 0.000000000000000000e+00 4.527642800763292397e-01 0.000000000000000000e+00 0.000000000000000000e+00 0.000000000000000000e+00 0.000000000000000000e+00 0.000000000000000000e+00 0.000000000000000000e+00 0.000000000000000000e+00 0.000000000000000000e+00 0.000000000000000000e+00 0.000000000000000000e+00 0.000000000000000000e+00 4.012968860759493217e-01 5.052383469387755621e-01 3.750317200572505505e-01 0.000000000000000000e+00 3.689038770491803731e-01 0.000000000000000000e+00 0.000000000000000000e+00 0.000000000000000000e+00 3.859198216682290794e-01 4.943246888888888080e-01 4.239038341891410155e-01 0.000000000000000000e+00 4.105158623775803650e-01 0.000000000000000000e+00 4.171139503722112729e-01 0.000000000000000000e+00 4.120500452135011371e-01 0.000000000000000000e+00 4.536929946950595816e-01 5.103471891229827140e-01 4.170495114707731266e-01 0.000000000000000000e+00 3.647310725737262227e-01 4.855680194684146578e-01 3.780465313544901229e-01 4.657595738841132649e-01 3.524710256410257259e-01 4.359942374999999370e-01 3.956459096002103437e-01 4.528046672375196646e-01 0.000000000000000000e+00 0.000000000000000000e+00 4.173030227164718498e-01 0.000000000000000000e+00 0.000000000000000000e+00 0.000000000000000000e+00 3.988773429522591840e-01 0.000000000000000000e+00 0.000000000000000000e+00 0.000000000000000000e+00 4.066084970588191849e-01 0.000000000000000000e+00 4.030285123966941829e-01 0.000000000000000000e+00 0.000000000000000000e+00 0.000000000000000000e+00 0.000000000000000000e+00 0.000000000000000000e+00 0.000000000000000000e+00 0.000000000000000000e+00 0.000000000000000000e+00 0.000000000000000000e+00 0.000000000000000000e+00 0.000000000000000000e+00 0.000000000000000000e+00 0.000000000000000000e+00 0.000000000000000000e+00 0.000000000000000000e+00 0.000000000000000000e+00 0.000000000000000000e+00 0.000000000000000000e+00 0.000000000000000000e+00 0.000000000000000000e+00 0.000000000000000000e+00 0.000000000000000000e+00 0.000000000000000000e+00 0.000000000000000000e+00 0.000000000000000000e+00
4.821387785131894810e-01 3.896668554928873207e-01 4.703035198463416666e-01 3.988071825868190201e-01 0.000000000000000000e+00 0.000000000000000000e+00 4.681533650540762315e-01 3.587400754200308350e-01 0.000000000000000000e+00 3.455170150243488392e-01 4.635483083403725280e-01 2.962688534505172888e-01 4.466302178776581089e-01 2.777487896600006057e-01 4.017234255319149239e-01 3.504004012410709135e-01 4.835818452486222441e-01 3.572017682483988876e-01 4.776708142483492847e-01 4.298954458125603395e-01 0.000000000000000000e+00 0.000000000000000000e+00 4.508196279740372403e-01 3.979052675252841564e-01 0.000000000000000000e+00 0.000000000000000000e+00 0.000000000000000000e+00 0.000000000000000000e+00 4.746904091911764434e-01 3.414897401255572729e-01 4.346050149060557977e-01 3.729393918636851879e-01 4.683502272412772283e-01 4.129414262314716200e-01 0.000000000000000000e+00 0.000000000000000000e+00 0.000000000000000000e+00 0.000000000000000000e+00 0.000000000000000000e+00 0.000000000000000000e+00 0.000000000000000000e+00 0.000000000000000000e+00 0.000000000000000000e+00 0.000000000000000000e+00 0.000000000000000000e+00 4.159598519864869948e-01 0.000000000000000000e+00 0.000000000000000000e+00 0.000000000000000000e+00 4.359625278492864076e-01 0.000000000000000000e+00 4.256877715883544688e-01 0.000000000000000000e+00 4.102264619755244812e-01 0.000000000000000000e+00 4.033017109971793746e-01 4.732704964539007908e-01 3.878494688456045614e-01 4.861543648648649629e-01 4.345476919836323004e-01 4.749984210526315143e-01 4.233141196554335295e-01 0.000000000000000000e+00 4.052090447904519999e-01 0.000000000000000000e+00 4.248649725012539347e-01 0.000000000000000000e+00 4.576235265867929503e-01 0.000000000000000000e+00 4.158283320463320720e-01 4.462620869565218085e-01 3.626843362096365264e-01 4.423367957396550643e-01 3.844670293231497449e-01 0.000000000000000000e+00 0.000000000000000000e+00 4.485221226552221774e-01 4.089677232897831471e-01 0.000000000000000000e+00 0.000000000000000000e+00 0.000000000000000000e+00 4.250766592909358543e-01 0.000000000000000000e+00 0.000000000000000000e+00 0.000000000000000000e+00 4.196167547674289899e-01 0.000000000000000000e+00 0.000000000000000000e+00 0.000000000000000000e+00 4.257111523855336976e-01 0.000000000000000000e+00 0.000000000000000000e+00 0.000000000000000000e+00 0.000000000000000000e+00 0.000000000000000000e+00 0.000000000000000000e+00 4.199662095808383011e-01 0.000000000000000000e+00 0.000000000000000000e+00 0.000000000000000000e+00 0.000000000000000000e+00 0.000000000000000000e+00 0.000000000000000000e+00 0.000000000000000000e+00 0.000000000000000000e+00 0.000000000000000000e+00 0.000000000000000000e+00 0.000000000000000000e+00 0.000000000000000000e+00 0.000000000000000000e+00 0.000000000000000000e+00 0.000000000000000000e+00 0.000000000000000000e+00 0.000000000000000000e+00 0.000000000000000000e+00 0.000000000000000000e+00
3.855767003894112754e-01 4.809359687499999980e-01 3.769105473087581148e-01 4.520131683210860674e-01 3.260267196748740104e-01 4.195371810223953446e-01 3.077974322840347221e-01 4.443287162928949430e-01 3.124235656424019791e-01 4.205549499489275034e-01 3.469360783213688570e-01 4.466302178776581089e-01 2.975792449679643403e-01 4.409526031101397292e-01 2.483934534632999125e-01 4.309008582629738626e-01 3.789819894787004317e-01 4.984552358490565438e-01 4.245745033686322278e-01 4.734978187102751312e-01 0.000000000000000000e+00 0.000000000000000000e+00 3.850736887428211630e-01 4.430246718784581206e-01 3.216809803921568123e-01 0.000000000000000000e+00 0.000000000000000000e+00 3.933305147058823170e-01 3.217080184813810861e-01 4.663848160728245040e-01 3.545467550927762779e-01 4.393471597782441229e-01 4.099443235229849325e-01 4.622814810010708597e-01 4.225051409558378546e-01 0.000000000000000000e+00 4.094948713335052615e-01 0.000000000000000000e+00 0.000000000000000000e+00 0.000000000000000000e+00 0.000000000000000000e+00 0.000000000000000000e+00 4.501101639344260996e-01 0.000000000000000000e+00 0.000000000000000000e+00 0.000000000000000000e+00 0.000000000000000000e+00 0.000000000000000000e+00 3.580150756655418043e-01 4.393478136645961873e-01 3.789650268089181928e-01 0.000000000000000000e+00 3.785585583333332949e-01 0.000000000000000000e+00 4.210360139860140349e-01 0.000000000000000000e+00 3.990881653854035371e-01 4.915639613259668583e-01 4.374399417308809102e-01 4.785514138392857886e-01 4.105016717627418821e-01 0.000000000000000000e+00 4.095528469295089957e-01 0.000000000000000000e+00 4.067369682674091269e-01 4.510501875000000327e-01 4.357763511977176263e-01 4.614156564102564473e-01 4.408055712564629136e-01 0.000000000000000000e+00 3.365575081526338552e-01 4.422223709677419179e-01 3.757614133105391385e-01 4.538955354337547154e-01 3.773405546825633894e-01 4.201508747150997092e-01 3.964426296402872585e-01 4.517059759110045314e-01 0.000000000000000000e+00 0.000000000000000000e+00 4.060484035783064050e-01 4.287139186991869577e-01 0.000000000000000000e+00 0.000000000000000000e+00 4.054655138208837495e-01 0.000000000000000000e+00 4.150469104989840119e-01 4.800338956043956884e-01 4.027775070879600072e-01 4.527839031910009249e-01 3.986201327043757403e-01 4.636999408805882461e-01 0.000000000000000000e+00 0.000000000000000000e+00 4.405407209302325544e-01 0.000000000000000000e+00 0.000000000000000000e+00 0.000000000000000000e+00 0.000000000000000000e+00 0.000000000000000000e+00 0.000000000000000000e+00 0.000000000000000000e+00 4.090005435897435815e-01 4.433991658569501060e-01 4.682414901960783582e-01 4.676075049934866890e-01 4.518415961538461145e-01 0.000000000000000000e+00 0.000000000000000000e+00 0.000000000000000000e+00 0.000000000000000000e+00 0.000000000000000000e+00 0.000000000000000000e+00 0.000000000000000000e+00 0.000000000000000000e+00 0.000000000000000000e+00
