0.000000000000000000e+00 1.747637762354711799e-02 6.136022312808410428e-02 4.642599855919314449e-03 2.121790791427965127e-04 0.000000000000000000e+00 6.988064279522571143e-02 5.319847629055562792e-03 4.234724742891712163e-03 0.000000000000000000e+00 2.520718232044198981e-01 3.032140691328077692e-04 3.567389739899249484e-02 0.000000000000000000e+00 1.223776223776223884e-03 0.000000000000000000e+00 6.436258278145695622e-02 1.469075951226678396e-03 5.364396654719235519e-02 2.469423412929528175e-02 0.000000000000000000e+00 0.000000000000000000e+00 4.658963846440551454e-04 3.714710252600296990e-04 0.000000000000000000e+00 0.000000000000000000e+00 0.000000000000000000e+00 0.000000000000000000e+00 1.628959276018099658e-02 4.508972855983406748e-04 1.929486055078056487e-03 1.432049262494629728e-04 5.645628257093224939e-03 8.012950222581950721e-03 0.000000000000000000e+00 0.000000000000000000e+00 2.113702623906705408e-02 5.572582892170521458e-04 0.000000000000000000e+00 2.410219329959026313e-04 7.021063189568706349e-03 0.000000000000000000e+00 4.901960784313725422e-04 0.000000000000000000e+00 1.280878316559926761e-03 0.000000000000000000e+00 1.377410468319559104e-04 0.000000000000000000e+00 1.315356790529431143e-03 0.000000000000000000e+00 3.278688524590163932e-03 8.599191675982457246e-05 1.531862745098039194e-03 0.000000000000000000e+00 2.188183807439824866e-03 0.000000000000000000e+00 3.388178415470992078e-01 1.873269262094803649e-03 2.127659574468085055e-02 6.709908297919928198e-04 4.516058314151046721e-02 0.000000000000000000e+00 3.501013451262207591e-03 1.210800339024094979e-04 5.619350109943806182e-03 1.767721407106240142e-04 6.709422792303897445e-03 6.786891603645530237e-04 9.201252936570086804e-02 4.995458673932788411e-03 7.268722466960352013e-02 1.384753860001384737e-04 3.994165825199147424e-02 1.075268817204301074e-03 0.000000000000000000e+00 0.000000000000000000e+00 4.688593421973408226e-02 8.682709005209625743e-04 1.669648181276088203e-02 0.000000000000000000e+00 1.531464637089289052e-02 0.000000000000000000e+00 2.679767753461366649e-03 0.000000000000000000e+00 1.085035050289545784e-02 8.132064731235260540e-05 3.250975292587776405e-04 0.000000000000000000e+00 1.068718606390937215e-02 9.022013713460843795e-05 2.897617514488087451e-03 1.566170712607674233e-03 1.579066095195127452e-03 0.000000000000000000e+00 3.643336529242569705e-02 2.851711026615969674e-03 5.970149253731343343e-04 1.204819277108433841e-03 6.161971830985915090e-03 7.552870090634441081e-04 1.835985312117503114e-03 0.000000000000000000e+00 1.804692199719270087e-03 1.636661211129296367e-04 3.233107015842224489e-03 0.000000000000000000e+00 2.280501710376282853e-03 0.000000000000000000e+00 0.000000000000000000e+00 0.000000000000000000e+00 0.000000000000000000e+00 0.000000000000000000e+00 0.000000000000000000e+00 0.000000000000000000e+00 0.000000000000000000e+00 0.000000000000000000e+00
1.747637762354711799e-02 0.000000000000000000e+00 2.073946935564614184e-03 8.132554230369005988e-02 0.000000000000000000e+00 0.000000000000000000e+00 8.001600320064012825e-04 1.023906475765138518e-01 3.024803387779794557e-04 0.000000000000000000e+00 2.302025782688766199e-04 1.056701030927835044e-01 0.000000000000000000e+00 1.553145336225596543e-02 0.000000000000000000e+00 2.360996340455672198e-04 2.069536423841059601e-04 6.375789628323784430e-02 2.974910394265233016e-02 5.707629586488060375e-02 0.000000000000000000e+00 0.000000000000000000e+00 1.863585538576220581e-04 2.476473501733531327e-04 0.000000000000000000e+00 0.000000000000000000e+00 0.000000000000000000e+00 0.000000000000000000e+00 1.292824822236586957e-04 2.209396699431869296e-02 1.754078231889142335e-04 0.000000000000000000e+00 1.360741169658367077e-02 2.452448401456900143e-02 0.000000000000000000e+00 0.000000000000000000e+00 7.288629737609329329e-04 3.427138478684870621e-02 0.000000000000000000e+00 4.579416726922150294e-03 0.000000000000000000e+00 1.148105625717566044e-03 1.225490196078431356e-04 3.204101249599487235e-04 0.000000000000000000e+00 2.345765892563922005e-04 0.000000000000000000e+00 1.245019920318725078e-04 0.000000000000000000e+00 1.465702560093805036e-03 4.098360655737704914e-04 3.439676670392982898e-03 0.000000000000000000e+00 2.159004318008635875e-03 1.151675688126223599e-04 1.418870984088375486e-03 2.339363693075483409e-03 2.757778139762176450e-01 8.972058446552166324e-04 1.901140684410646334e-02 5.480653293872629400e-04 1.506186121570736967e-02 1.842638658559056584e-04 8.233442305363845859e-03 2.443195699975568070e-04 1.378822697542867251e-02 2.960039467192895728e-03 8.726003490401396329e-04 1.683633516053249790e-02 2.066303360581289716e-02 7.595321282090231963e-04 6.556809527106556568e-02 4.487826769886682499e-04 2.811059907834101423e-02 0.000000000000000000e+00 3.095975232198142600e-03 2.216001866106834684e-03 3.671545522202927098e-02 0.000000000000000000e+00 0.000000000000000000e+00 3.712641544458882632e-04 1.177301624676242112e-03 0.000000000000000000e+00 7.352941176470588133e-04 6.095702529716549829e-05 1.431243392697405942e-02 0.000000000000000000e+00 1.073729420186113163e-03 1.068718606390937242e-04 1.001443522194153668e-02 6.439150032195750011e-04 1.566170712607674233e-03 1.127904353710805323e-03 2.221516978736908995e-03 2.876318312559923360e-03 1.425855513307984837e-02 1.791044776119403003e-03 1.204819277108433841e-03 8.802816901408450903e-04 1.510574018126888216e-03 1.223990208078335265e-03 3.252032520325203249e-03 1.002606777621816618e-03 8.183306055646481563e-04 6.466214031684449194e-04 0.000000000000000000e+00 3.420752565564424280e-03 2.566295979469632258e-03 0.000000000000000000e+00 0.000000000000000000e+00 5.586592178770949249e-04 0.000000000000000000e+00 1.117318435754189850e-03 0.000000000000000000e+00 0.000000000000000000e+00 0.000000000000000000e+00
6.136022312808410428e-02 2.073946935564614184e-03 0.000000000000000000e+00 5.363003281837828984e-03 1.143645236579673291e-01 1.091464745688714225e-03 3.410015336400613606e-01 6.896098778405359078e-03 9.588626739261947585e-02 1.808318264014466487e-03 1.956721915285451058e-02 2.577319587628865930e-03 5.058085740721702389e-02 6.941431670281995349e-03 3.723776223776224109e-02 9.443985361822688791e-04 6.829470198675496873e-03 7.345379756133391981e-04 6.463560334528076212e-02 5.940594059405940666e-03 0.000000000000000000e+00 0.000000000000000000e+00 1.889675736116287752e-01 6.315007429420505317e-03 4.590696729636400270e-02 2.427184466019417265e-03 6.630648330058938784e-03 0.000000000000000000e+00 2.572721396250807896e-02 8.116151140770132581e-04 1.648833537975793670e-02 1.360446799369898277e-02 1.273885350318471402e-02 3.318494536624848248e-03 9.438414346389806817e-04 0.000000000000000000e+00 7.470845481049562427e-03 1.393145723042630364e-04 0.000000000000000000e+00 0.000000000000000000e+00 1.003009027081243733e-03 0.000000000000000000e+00 2.450980392156862711e-04 0.000000000000000000e+00 2.378774016468435289e-03 0.000000000000000000e+00 1.377410468319559104e-04 0.000000000000000000e+00 1.808615586977967713e-03 0.000000000000000000e+00 1.536885245901639316e-03 8.599191675982457246e-05 0.000000000000000000e+00 0.000000000000000000e+00 3.455027064378671069e-04 0.000000000000000000e+00 6.472239550842170779e-03 4.886789379377748507e-04 8.203024865419123249e-03 4.473272198613285466e-04 2.192261317549051760e-03 1.793078716155639273e-04 1.842638658559056584e-04 0.000000000000000000e+00 4.886391399951136140e-04 0.000000000000000000e+00 1.184015786877158291e-02 6.786891603645530237e-04 4.698512137823023134e-03 4.541326067211625631e-04 4.739480480024305109e-02 1.177040781001176999e-03 7.887355548075844491e-02 1.612903225806451612e-03 1.960784313725490169e-02 0.000000000000000000e+00 7.091205971541870989e-02 2.232696601339618017e-03 0.000000000000000000e+00 0.000000000000000000e+00 1.485056617783553053e-03 0.000000000000000000e+00 1.786511835640911027e-03 0.000000000000000000e+00 1.645839683023468366e-03 0.000000000000000000e+00 0.000000000000000000e+00 0.000000000000000000e+00 1.389334188308218509e-03 0.000000000000000000e+00 1.287830006439150002e-03 3.915426781519185800e-03 6.767426122264831936e-04 3.173595683909869684e-04 2.780441035474592523e-02 0.000000000000000000e+00 0.000000000000000000e+00 0.000000000000000000e+00 1.760563380281690181e-03 0.000000000000000000e+00 6.119951040391676325e-04 0.000000000000000000e+00 8.020854220974533598e-04 8.183306055646481563e-04 1.293242806336889839e-03 4.265301770100234438e-04 2.280501710376282853e-03 0.000000000000000000e+00 0.000000000000000000e+00 0.000000000000000000e+00 5.586592178770949249e-04 0.000000000000000000e+00 0.000000000000000000e+00 0.000000000000000000e+00 0.000000000000000000e+00 0.000000000000000000e+00
4.642599855919314449e-03 8.132554230369005988e-02 5.363003281837828984e-03 0.000000000000000000e+00 1.909611712285168642e-03 8.491595721458196355e-02 8.001600320064012825e-03 1.900696177590962821e-01 4.234724742891712163e-03 6.170886075949367361e-02 4.604051565377532615e-03 1.758641600970285018e-02 4.420684692094171281e-03 4.017353579175705208e-02 4.895104895104895534e-03 3.069295242592373976e-02 1.241721854304635815e-03 1.792272660496547695e-02 9.677419354838710103e-03 1.064647641234711672e-01 1.406964474147027761e-03 1.254390366281986921e-03 1.369735370853522247e-02 2.339029222387320472e-01 3.859435303676619911e-03 3.287731685789938019e-02 1.964636542239685518e-03 2.417582417582417580e-03 1.292824822236586903e-03 2.398773559383172646e-02 2.069812313629187939e-02 2.763855076614635600e-02 3.763752171395483292e-03 2.031566167543504692e-02 0.000000000000000000e+00 2.393776181926989769e-03 5.466472303206997268e-04 1.894678183337977079e-02 3.699593044765075913e-04 6.507592190889370694e-03 0.000000000000000000e+00 1.148105625717566044e-03 0.000000000000000000e+00 1.068033749866495745e-04 0.000000000000000000e+00 7.037297677691766286e-04 0.000000000000000000e+00 4.980079681274900312e-04 0.000000000000000000e+00 9.771350400625366910e-04 4.098360655737704914e-04 1.805830251956316076e-03 0.000000000000000000e+00 3.810007620015239908e-04 0.000000000000000000e+00 4.053917097395358144e-04 6.238303181534622568e-04 8.714774393223651341e-03 3.845167905665214294e-04 1.722209796466114828e-02 3.288391976323577857e-04 2.331002331002331000e-03 0.000000000000000000e+00 1.210800339024094979e-04 0.000000000000000000e+00 1.944493547816863966e-03 3.946719289590527781e-04 6.399069226294356802e-03 3.915426781519185584e-04 6.584922797456857491e-03 2.962175300015190693e-03 2.748736412102748689e-02 1.682935038707505937e-03 4.961597542242703746e-02 0.000000000000000000e+00 1.857585139318885387e-02 3.382318637742010720e-03 7.789630364673778840e-02 0.000000000000000000e+00 0.000000000000000000e+00 9.281603861147206581e-05 1.177301624676242058e-04 0.000000000000000000e+00 0.000000000000000000e+00 6.095702529716549829e-05 6.505651784988208432e-04 0.000000000000000000e+00 7.158196134574087034e-04 0.000000000000000000e+00 6.315409599422591334e-04 2.897617514488087451e-03 1.566170712607674233e-03 1.127904353710805323e-03 1.586797841954934842e-03 8.628954937679770079e-03 2.376425855513307830e-02 5.970149253731343343e-04 0.000000000000000000e+00 8.802816901408450903e-04 3.021148036253776432e-03 1.223990208078335265e-03 3.252032520325203249e-03 2.406256266292359971e-03 1.145662847790507267e-03 1.293242806336889839e-03 4.265301770100234438e-04 2.280501710376282853e-03 0.000000000000000000e+00 0.000000000000000000e+00 0.000000000000000000e+00 5.586592178770949249e-04 0.000000000000000000e+00 2.234636871508379700e-03 0.000000000000000000e+00 8.032128514056225245e-04 0.000000000000000000e+00
2.121790791427965127e-04 0.000000000000000000e+00 1.143645236579673291e-01 1.909611712285168642e-03 0.000000000000000000e+00 1.309757694826457156e-03 3.000600120024004593e-03 6.567713122290817860e-04 2.099213551119177290e-01 1.582278481012658203e-03 0.000000000000000000e+00 0.000000000000000000e+00 1.644905931942017155e-03 8.676789587852494728e-05 1.110139860139860157e-01 4.721992680911344395e-04 4.139072847682119202e-04 0.000000000000000000e+00 0.000000000000000000e+00 0.000000000000000000e+00 1.125571579317622209e-02 7.526342197691921745e-04 2.124487513976891506e-02 3.962357602773650123e-03 2.228316067438553816e-01 1.059135039717564071e-02 1.313850687622789837e-01 1.538461538461538460e-03 1.331609566903684504e-02 0.000000000000000000e+00 3.858972110156112974e-03 5.584992123729056075e-03 2.895193977996525568e-04 0.000000000000000000e+00 0.000000000000000000e+00 0.000000000000000000e+00 0.000000000000000000e+00 0.000000000000000000e+00 0.000000000000000000e+00 0.000000000000000000e+00 1.003009027081243733e-03 0.000000000000000000e+00 0.000000000000000000e+00 0.000000000000000000e+00 1.829826166514181241e-04 0.000000000000000000e+00 0.000000000000000000e+00 0.000000000000000000e+00 0.000000000000000000e+00 0.000000000000000000e+00 0.000000000000000000e+00 0.000000000000000000e+00 0.000000000000000000e+00 0.000000000000000000e+00 1.151675688126223599e-04 0.000000000000000000e+00 3.119151590767311284e-04 0.000000000000000000e+00 0.000000000000000000e+00 0.000000000000000000e+00 0.000000000000000000e+00 0.000000000000000000e+00 0.000000000000000000e+00 0.000000000000000000e+00 0.000000000000000000e+00 0.000000000000000000e+00 1.973359644795263891e-04 0.000000000000000000e+00 0.000000000000000000e+00 0.000000000000000000e+00 2.043141424882272475e-02 1.246278474001246209e-03 2.838550431953326680e-02 1.536098310291858678e-04 6.535947712418300852e-03 0.000000000000000000e+00 3.615581992069045927e-03 0.000000000000000000e+00 0.000000000000000000e+00 0.000000000000000000e+00 9.281603861147206581e-05 0.000000000000000000e+00 1.786511835640911027e-03 0.000000000000000000e+00 1.828710758914964881e-04 0.000000000000000000e+00 6.501950585175552810e-04 0.000000000000000000e+00 2.137437212781874484e-04 0.000000000000000000e+00 0.000000000000000000e+00 0.000000000000000000e+00 0.000000000000000000e+00 0.000000000000000000e+00 9.587727708533077143e-04 0.000000000000000000e+00 0.000000000000000000e+00 0.000000000000000000e+00 0.000000000000000000e+00 0.000000000000000000e+00 0.000000000000000000e+00 0.000000000000000000e+00 0.000000000000000000e+00 0.000000000000000000e+00 0.000000000000000000e+00 0.000000000000000000e+00 0.000000000000000000e+00 0.000000000000000000e+00 0.000000000000000000e+00 0.000000000000000000e+00 0.000000000000000000e+00 0.000000000000000000e+00 0.000000000000000000e+00 0.000000000000000000e+00 0.000000000000000000e+00 0.000000000000000000e+00
0.000000000000000000e+00 0.000000000000000000e+00 1.091464745688714225e-03 8.491595721458196355e-02 1.309757694826457156e-03 0.000000000000000000e+00 6.668000266720011139e-05 5.057139104163930511e-03 6.049606775559589113e-04 2.882007233273056190e-01 0.000000000000000000e+00 0.000000000000000000e+00 0.000000000000000000e+00 3.470715835140997891e-04 6.993006993006993001e-04 8.912761185220162419e-02 0.000000000000000000e+00 0.000000000000000000e+00 0.000000000000000000e+00 0.000000000000000000e+00 3.869152303904326452e-03 1.279478173607626751e-02 1.863585538576220581e-03 2.154531946508172341e-02 3.453178955921186281e-03 8.142100617828773590e-02 3.192534381139489237e-03 1.432967032967032983e-01 3.878474466709760601e-04 1.028045811164216873e-02 3.508156463778284561e-03 5.441787197479593455e-03 0.000000000000000000e+00 2.428166734115742528e-04 0.000000000000000000e+00 0.000000000000000000e+00 0.000000000000000000e+00 4.179437169127890551e-04 0.000000000000000000e+00 0.000000000000000000e+00 1.003009027081243733e-03 0.000000000000000000e+00 0.000000000000000000e+00 0.000000000000000000e+00 0.000000000000000000e+00 0.000000000000000000e+00 0.000000000000000000e+00 0.000000000000000000e+00 0.000000000000000000e+00 0.000000000000000000e+00 0.000000000000000000e+00 8.599191675982457246e-05 0.000000000000000000e+00 0.000000000000000000e+00 0.000000000000000000e+00 0.000000000000000000e+00 0.000000000000000000e+00 0.000000000000000000e+00 0.000000000000000000e+00 1.118318049653321366e-04 0.000000000000000000e+00 0.000000000000000000e+00 0.000000000000000000e+00 0.000000000000000000e+00 0.000000000000000000e+00 0.000000000000000000e+00 0.000000000000000000e+00 1.939111886755865821e-04 0.000000000000000000e+00 0.000000000000000000e+00 8.354853410299256135e-04 1.952502942601952451e-02 0.000000000000000000e+00 1.935483870967742021e-02 0.000000000000000000e+00 0.000000000000000000e+00 0.000000000000000000e+00 2.108657901265194746e-03 0.000000000000000000e+00 0.000000000000000000e+00 0.000000000000000000e+00 2.354603249352484116e-04 0.000000000000000000e+00 7.352941176470588133e-04 0.000000000000000000e+00 0.000000000000000000e+00 0.000000000000000000e+00 7.158196134574087034e-04 0.000000000000000000e+00 9.022013713460843795e-05 0.000000000000000000e+00 0.000000000000000000e+00 0.000000000000000000e+00 0.000000000000000000e+00 0.000000000000000000e+00 0.000000000000000000e+00 0.000000000000000000e+00 0.000000000000000000e+00 0.000000000000000000e+00 0.000000000000000000e+00 0.000000000000000000e+00 0.000000000000000000e+00 2.005213555243633399e-04 0.000000000000000000e+00 0.000000000000000000e+00 0.000000000000000000e+00 0.000000000000000000e+00 0.000000000000000000e+00 0.000000000000000000e+00 0.000000000000000000e+00 0.000000000000000000e+00 0.000000000000000000e+00 0.000000000000000000e+00 0.000000000000000000e+00 0.000000000000000000e+00 0.000000000000000000e+00
6.988064279522571143e-02 8.001600320064012825e-04 3.410015336400613606e-01 8.001600320064012825e-03 3.000600120024004593e-03 6.668000266720011139e-05 0.000000000000000000e+00 1.464600026270852437e-02 7.380520266182698241e-02 1.130198915009041636e-03 1.033609576427255983e-01 8.035172832019404909e-03 2.553716459339981371e-01 1.032537960954446783e-02 1.013986013986013963e-02 9.443985361822688791e-04 7.450331125827814455e-03 1.028353165858674964e-03 3.894862604540023920e-02 1.211415259172976197e-02 0.000000000000000000e+00 0.000000000000000000e+00 5.162131941856130946e-02 1.287766220901436290e-02 1.828153564899451548e-03 2.206531332744925058e-04 0.000000000000000000e+00 0.000000000000000000e+00 1.318681318681318680e-02 7.214356569573451665e-04 1.876863708121382160e-02 1.231562365745381658e-02 5.066589461493920150e-03 6.717927964386888329e-03 4.719207173194903408e-04 0.000000000000000000e+00 1.457725947521865866e-03 1.393145723042630364e-04 7.399186089530151826e-04 0.000000000000000000e+00 1.003009027081243733e-03 0.000000000000000000e+00 0.000000000000000000e+00 0.000000000000000000e+00 5.489478499542543724e-04 0.000000000000000000e+00 0.000000000000000000e+00 0.000000000000000000e+00 1.150937191713252141e-03 0.000000000000000000e+00 2.254098360655737866e-03 0.000000000000000000e+00 1.531862745098039194e-03 1.270002540005079879e-04 4.146032477254405282e-03 0.000000000000000000e+00 1.185277604491578353e-02 1.628929793125916169e-04 7.049474493719559177e-03 1.118318049653321366e-04 2.159377397785815916e-02 0.000000000000000000e+00 1.289847060991339582e-03 0.000000000000000000e+00 4.397752259956022418e-03 0.000000000000000000e+00 4.736063147508633338e-03 2.908667830133798596e-04 5.873140172278778917e-04 2.270663033605812816e-04 1.331459820750417744e-01 8.308523160008308419e-04 3.837091888253113536e-02 3.149001536098310506e-03 1.307189542483660170e-02 3.095975232198142600e-03 2.834149755073478091e-02 3.969238402381542949e-03 0.000000000000000000e+00 0.000000000000000000e+00 1.113792463337664844e-03 0.000000000000000000e+00 1.339883876730683324e-03 0.000000000000000000e+00 1.499542822310271327e-02 0.000000000000000000e+00 3.250975292587776405e-04 0.000000000000000000e+00 1.838196002992412148e-02 0.000000000000000000e+00 9.658725048293625558e-04 0.000000000000000000e+00 2.255808707421610645e-04 0.000000000000000000e+00 8.628954937679770079e-03 0.000000000000000000e+00 0.000000000000000000e+00 0.000000000000000000e+00 0.000000000000000000e+00 0.000000000000000000e+00 0.000000000000000000e+00 0.000000000000000000e+00 4.010427110487266799e-04 1.636661211129296367e-04 0.000000000000000000e+00 2.132650885050117219e-04 1.140250855188141427e-03 0.000000000000000000e+00 0.000000000000000000e+00 0.000000000000000000e+00 0.000000000000000000e+00 0.000000000000000000e+00 0.000000000000000000e+00 0.000000000000000000e+00 0.000000000000000000e+00 0.000000000000000000e+00
5.319847629055562792e-03 1.023906475765138518e-01 6.896098778405359078e-03 1.900696177590962821e-01 6.567713122290817860e-04 5.057139104163930511e-03 1.464600026270852437e-02 0.000000000000000000e+00 2.722323049001814776e-03 1.157323688969258552e-01 6.906077348066298055e-03 2.039114614918132173e-01 5.140331037318803149e-03 2.659436008676789864e-01 2.272727272727272617e-03 5.300436784322984374e-02 3.104304635761589212e-03 9.842808873218745341e-03 1.636798088410991794e-02 4.764123471170646218e-02 3.517411185367569403e-04 2.508780732563973734e-04 2.049944092433842596e-02 3.491827637444279431e-02 1.828153564899451548e-03 4.413062665489850115e-04 2.455795677799606897e-04 0.000000000000000000e+00 1.292824822236586903e-03 2.056091622328433746e-02 2.104893878266970650e-02 6.873836459974223129e-03 7.961783439490445827e-03 1.108862808579522477e-02 4.719207173194903408e-04 5.984440454817474423e-04 3.644314868804664665e-04 3.482864307606575640e-03 0.000000000000000000e+00 1.205109664979513075e-03 0.000000000000000000e+00 2.296211251435132088e-03 0.000000000000000000e+00 3.204101249599487235e-04 0.000000000000000000e+00 1.290171240910157171e-03 0.000000000000000000e+00 1.245019920318725078e-04 0.000000000000000000e+00 1.758843072112565870e-03 0.000000000000000000e+00 3.955628170951930658e-03 0.000000000000000000e+00 3.683007366014731838e-03 0.000000000000000000e+00 2.026958548697679018e-03 3.119151590767311284e-04 2.036162241407395504e-02 2.563445270443476015e-04 9.058376202191903773e-03 5.480653293872629400e-04 7.530930607853684837e-03 0.000000000000000000e+00 1.937280542438551967e-03 0.000000000000000000e+00 1.149018914619056100e-02 3.946719289590527781e-04 4.459957339538491577e-03 3.915426781519185584e-04 1.589464123524069079e-03 3.797660641045116307e-03 6.916845530706916545e-02 3.814652754403680124e-03 4.692780337941628022e-02 0.000000000000000000e+00 2.476780185758514080e-02 8.397480755773267455e-03 4.874720912924832700e-02 0.000000000000000000e+00 0.000000000000000000e+00 1.856320772229441316e-04 1.412761949611490361e-03 0.000000000000000000e+00 0.000000000000000000e+00 0.000000000000000000e+00 6.668293079612913968e-03 0.000000000000000000e+00 1.073729420186113163e-03 0.000000000000000000e+00 6.315409599422591551e-03 3.219575016097875005e-04 3.915426781519185584e-04 1.353485224452966387e-03 6.347191367819739367e-04 5.752636625119846719e-03 5.703422053231939348e-03 1.194029850746268669e-03 1.204819277108433841e-03 0.000000000000000000e+00 7.552870090634441081e-04 6.119951040391676325e-04 0.000000000000000000e+00 6.015640665730899927e-04 4.909983633387888288e-04 6.466214031684449194e-04 0.000000000000000000e+00 1.140250855188141427e-03 8.554319931565440138e-04 0.000000000000000000e+00 0.000000000000000000e+00 5.586592178770949249e-04 0.000000000000000000e+00 0.000000000000000000e+00 0.000000000000000000e+00 0.000000000000000000e+00 0.000000000000000000e+00
4.234724742891712163e-03 3.024803387779794557e-04 9.588626739261947585e-02 4.234724742891712163e-03 2.099213551119177290e-01 6.049606775559589113e-04 7.380520266182698241e-02 2.722323049001814776e-03 0.000000000000000000e+00 0.000000000000000000e+00 1.841620626151012959e-03 1.516070345664038846e-04 4.924437133751413675e-02 8.676789587852494728e-05 1.545454545454545414e-01 1.180498170227836099e-04 6.208609271523179074e-04 0.000000000000000000e+00 2.389486260454002297e-04 0.000000000000000000e+00 3.517411185367569403e-04 0.000000000000000000e+00 2.049944092433842856e-03 1.609707776126795362e-03 2.843794434288035838e-03 2.427184466019417265e-03 8.595284872298625603e-03 2.197802197802197800e-04 1.266968325791855213e-02 0.000000000000000000e+00 1.052446939133485455e-03 1.432049262494629891e-03 2.895193977996525568e-04 8.093889113719142663e-05 0.000000000000000000e+00 0.000000000000000000e+00 1.822157434402332332e-04 0.000000000000000000e+00 0.000000000000000000e+00 0.000000000000000000e+00 0.000000000000000000e+00 0.000000000000000000e+00 0.000000000000000000e+00 0.000000000000000000e+00 1.829826166514181241e-04 0.000000000000000000e+00 0.000000000000000000e+00 0.000000000000000000e+00 0.000000000000000000e+00 0.000000000000000000e+00 0.000000000000000000e+00 0.000000000000000000e+00 0.000000000000000000e+00 0.000000000000000000e+00 1.151675688126223599e-04 0.000000000000000000e+00 7.797878976918278752e-04 0.000000000000000000e+00 6.408613176108689767e-04 0.000000000000000000e+00 1.534582922284336189e-03 0.000000000000000000e+00 9.213193292795283191e-04 0.000000000000000000e+00 2.443195699975568070e-04 0.000000000000000000e+00 0.000000000000000000e+00 0.000000000000000000e+00 0.000000000000000000e+00 0.000000000000000000e+00 1.048154336928452078e-02 5.539015440005538946e-04 1.806350274879389706e-02 0.000000000000000000e+00 0.000000000000000000e+00 0.000000000000000000e+00 5.598320503848844970e-03 1.240387000744232172e-04 0.000000000000000000e+00 0.000000000000000000e+00 9.281603861147206581e-05 0.000000000000000000e+00 0.000000000000000000e+00 0.000000000000000000e+00 7.924413288631515116e-04 0.000000000000000000e+00 6.501950585175552810e-04 0.000000000000000000e+00 4.274874425563748967e-04 0.000000000000000000e+00 0.000000000000000000e+00 0.000000000000000000e+00 0.000000000000000000e+00 0.000000000000000000e+00 9.587727708533077143e-04 0.000000000000000000e+00 5.970149253731343343e-04 0.000000000000000000e+00 0.000000000000000000e+00 0.000000000000000000e+00 0.000000000000000000e+00 0.000000000000000000e+00 0.000000000000000000e+00 0.000000000000000000e+00 3.233107015842224597e-04 0.000000000000000000e+00 0.000000000000000000e+00 8.554319931565440138e-04 0.000000000000000000e+00 0.000000000000000000e+00 0.000000000000000000e+00 0.000000000000000000e+00 0.000000000000000000e+00 0.000000000000000000e+00 0.000000000000000000e+00 0.000000000000000000e+00
0.000000000000000000e+00 0.000000000000000000e+00 1.808318264014466487e-03 6.170886075949367361e-02 1.582278481012658203e-03 2.882007233273056190e-01 1.130198915009041636e-03 1.157323688969258552e-01 0.000000000000000000e+00 0.000000000000000000e+00 0.000000000000000000e+00 9.096422073984233077e-04 1.028066207463760722e-04 1.093275488069414374e-02 1.223776223776223884e-03 1.461456734742061225e-01 0.000000000000000000e+00 4.407227853680035405e-04 0.000000000000000000e+00 3.494467093768200360e-04 2.462187829757298690e-03 3.261414952333166126e-03 2.143123369362653560e-03 8.543833580980682643e-03 2.031281738777168579e-03 2.118270079435128142e-02 7.367387033398821233e-04 3.384615384615384526e-02 0.000000000000000000e+00 7.484894940932455831e-03 1.403262585511313868e-03 2.004868967492481890e-03 0.000000000000000000e+00 3.237555645487657065e-04 0.000000000000000000e+00 0.000000000000000000e+00 0.000000000000000000e+00 1.393145723042630364e-04 0.000000000000000000e+00 0.000000000000000000e+00 0.000000000000000000e+00 0.000000000000000000e+00 0.000000000000000000e+00 0.000000000000000000e+00 0.000000000000000000e+00 0.000000000000000000e+00 0.000000000000000000e+00 0.000000000000000000e+00 0.000000000000000000e+00 0.000000000000000000e+00 0.000000000000000000e+00 0.000000000000000000e+00 0.000000000000000000e+00 0.000000000000000000e+00 0.000000000000000000e+00 0.000000000000000000e+00 0.000000000000000000e+00 8.144648965629580845e-05 0.000000000000000000e+00 0.000000000000000000e+00 0.000000000000000000e+00 0.000000000000000000e+00 0.000000000000000000e+00 0.000000000000000000e+00 0.000000000000000000e+00 0.000000000000000000e+00 0.000000000000000000e+00 0.000000000000000000e+00 0.000000000000000000e+00 2.270663033605812816e-04 1.063344979492632540e-03 1.481686630201481739e-02 1.121956692471670625e-04 1.466973886328725059e-02 0.000000000000000000e+00 0.000000000000000000e+00 0.000000000000000000e+00 3.969238402381542949e-03 0.000000000000000000e+00 0.000000000000000000e+00 0.000000000000000000e+00 4.709206498704968233e-04 0.000000000000000000e+00 3.676470588235294067e-04 0.000000000000000000e+00 5.692445311864682920e-04 0.000000000000000000e+00 0.000000000000000000e+00 0.000000000000000000e+00 3.608805485384337518e-04 0.000000000000000000e+00 0.000000000000000000e+00 0.000000000000000000e+00 0.000000000000000000e+00 0.000000000000000000e+00 9.505703422053231886e-04 0.000000000000000000e+00 0.000000000000000000e+00 0.000000000000000000e+00 0.000000000000000000e+00 0.000000000000000000e+00 0.000000000000000000e+00 4.010427110487266799e-04 1.636661211129296367e-04 0.000000000000000000e+00 0.000000000000000000e+00 1.140250855188141427e-03 0.000000000000000000e+00 0.000000000000000000e+00 0.000000000000000000e+00 0.000000000000000000e+00 0.000000000000000000e+00 0.000000000000000000e+00 0.000000000000000000e+00 0.000000000000000000e+00 0.000000000000000000e+00
2.520718232044198981e-01 2.302025782688766199e-04 1.956721915285451058e-02 4.604051565377532615e-03 0.000000000000000000e+00 0.000000000000000000e+00 1.033609576427255983e-01 6.906077348066298055e-03 1.841620626151012959e-03 0.000000000000000000e+00 0.000000000000000000e+00 6.064281382656155385e-04 1.080497584044412401e-01 6.941431670281995783e-04 2.272727272727272617e-03 0.000000000000000000e+00 6.105132450331125782e-02 0.000000000000000000e+00 1.481481481481481538e-02 1.281304601048340042e-03 0.000000000000000000e+00 0.000000000000000000e+00 2.329481923220275835e-03 1.238236750866765663e-03 0.000000000000000000e+00 0.000000000000000000e+00 0.000000000000000000e+00 0.000000000000000000e+00 5.391079508726567826e-02 0.000000000000000000e+00 2.455709524644799323e-03 5.728197049978518912e-04 1.881876085697741646e-03 8.903278025091056116e-04 0.000000000000000000e+00 0.000000000000000000e+00 1.275510204081632551e-03 0.000000000000000000e+00 0.000000000000000000e+00 0.000000000000000000e+00 0.000000000000000000e+00 0.000000000000000000e+00 2.450980392156862711e-04 0.000000000000000000e+00 1.829826166514181241e-04 0.000000000000000000e+00 0.000000000000000000e+00 0.000000000000000000e+00 0.000000000000000000e+00 0.000000000000000000e+00 2.049180327868852457e-04 0.000000000000000000e+00 3.063725490196078389e-04 0.000000000000000000e+00 4.606702752504894397e-04 0.000000000000000000e+00 6.472239550842170779e-03 0.000000000000000000e+00 1.281722635221737953e-03 1.118318049653321366e-04 1.161898498300997437e-02 0.000000000000000000e+00 2.948221853694490534e-03 0.000000000000000000e+00 1.221597849987783981e-03 0.000000000000000000e+00 1.973359644795264108e-03 0.000000000000000000e+00 3.915426781519185584e-04 0.000000000000000000e+00 1.534254898982227028e-02 6.923769300006923683e-05 5.497587793111186061e-03 2.304147465437788016e-04 0.000000000000000000e+00 0.000000000000000000e+00 2.565896897597387278e-03 4.961548002976928686e-04 5.963029218843171999e-04 0.000000000000000000e+00 6.497122702803044200e-04 0.000000000000000000e+00 2.233139794551138729e-03 0.000000000000000000e+00 3.779335568424260772e-03 0.000000000000000000e+00 3.250975292587776405e-04 0.000000000000000000e+00 3.847386983007374233e-03 0.000000000000000000e+00 3.219575016097875005e-04 0.000000000000000000e+00 0.000000000000000000e+00 0.000000000000000000e+00 1.917545541706615429e-03 0.000000000000000000e+00 0.000000000000000000e+00 0.000000000000000000e+00 0.000000000000000000e+00 0.000000000000000000e+00 0.000000000000000000e+00 0.000000000000000000e+00 0.000000000000000000e+00 0.000000000000000000e+00 0.000000000000000000e+00 0.000000000000000000e+00 0.000000000000000000e+00 0.000000000000000000e+00 0.000000000000000000e+00 0.000000000000000000e+00 0.000000000000000000e+00 0.000000000000000000e+00 0.000000000000000000e+00 0.000000000000000000e+00 0.000000000000000000e+00 0.000000000000000000e+00
3.032140691328077692e-04 1.056701030927835044e-01 2.577319587628865930e-03 1.758641600970285018e-02 0.000000000000000000e+00 0.000000000000000000e+00 8.035172832019404909e-03 2.039114614918132173e-01 1.516070345664038846e-04 9.096422073984233077e-04 6.064281382656155385e-04 0.000000000000000000e+00 6.168397244782563519e-04 1.289370932754880794e-01 0.000000000000000000e+00 2.833195608546806854e-03 2.069536423841059601e-04 9.886881151755545771e-02 3.464755077658303317e-03 1.362842166569598092e-02 0.000000000000000000e+00 0.000000000000000000e+00 1.677226984718598523e-03 8.048538880633976378e-03 0.000000000000000000e+00 0.000000000000000000e+00 0.000000000000000000e+00 0.000000000000000000e+00 1.292824822236586957e-04 2.921814410677247772e-02 1.403262585511313868e-03 1.575254188744092728e-03 7.237984944991314191e-04 5.180089032780251304e-03 4.719207173194903408e-04 5.984440454817474423e-04 1.822157434402332332e-04 9.752020061298412009e-04 0.000000000000000000e+00 0.000000000000000000e+00 0.000000000000000000e+00 0.000000000000000000e+00 0.000000000000000000e+00 0.000000000000000000e+00 0.000000000000000000e+00 1.172882946281961003e-04 0.000000000000000000e+00 0.000000000000000000e+00 0.000000000000000000e+00 3.908540160250146439e-04 0.000000000000000000e+00 9.459110843580703512e-04 0.000000000000000000e+00 1.270002540005080041e-03 0.000000000000000000e+00 2.026958548697679018e-03 0.000000000000000000e+00 1.612640495194657062e-02 1.281722635221738008e-04 8.946544397226570931e-04 0.000000000000000000e+00 3.586157432311278329e-03 0.000000000000000000e+00 1.235016345804576879e-02 0.000000000000000000e+00 6.540569206293088064e-03 9.866798223976319454e-05 7.756447547023463283e-04 0.000000000000000000e+00 0.000000000000000000e+00 8.354853410299256135e-04 1.668628401301668757e-02 6.731740154830023748e-04 1.482334869431643602e-02 0.000000000000000000e+00 6.191950464396285200e-03 1.632843480289246666e-03 5.209625403125775663e-03 0.000000000000000000e+00 4.237288135593220324e-03 9.281603861147206581e-05 1.730633388274075909e-02 0.000000000000000000e+00 7.352941176470588133e-04 0.000000000000000000e+00 1.748393917215581086e-02 0.000000000000000000e+00 7.158196134574087034e-04 0.000000000000000000e+00 1.885600866113316607e-02 0.000000000000000000e+00 3.915426781519185584e-04 2.255808707421610645e-04 3.173595683909869684e-04 9.587727708533077143e-04 0.000000000000000000e+00 0.000000000000000000e+00 0.000000000000000000e+00 0.000000000000000000e+00 0.000000000000000000e+00 0.000000000000000000e+00 0.000000000000000000e+00 0.000000000000000000e+00 0.000000000000000000e+00 0.000000000000000000e+00 0.000000000000000000e+00 0.000000000000000000e+00 0.000000000000000000e+00 0.000000000000000000e+00 0.000000000000000000e+00 0.000000000000000000e+00 0.000000000000000000e+00 0.000000000000000000e+00 0.000000000000000000e+00 0.000000000000000000e+00 0.000000000000000000e+00
3.567389739899249484e-02 0.000000000000000000e+00 5.058085740721702389e-02 4.420684692094171281e-03 1.644905931942017155e-03 0.000000000000000000e+00 2.553716459339981371e-01 5.140331037318803149e-03 4.924437133751413675e-02 1.028066207463760722e-04 1.080497584044412401e-01 6.168397244782563519e-04 0.000000000000000000e+00 2.776572668112798313e-03 2.129370629370629375e-01 1.180498170227836099e-04 5.587748344370860841e-03 1.469075951226678288e-04 1.051373954599761108e-02 8.153756552125800659e-04 0.000000000000000000e+00 0.000000000000000000e+00 3.251956764815504969e-02 4.086181277860327123e-03 1.015640869388584290e-03 0.000000000000000000e+00 2.455795677799606897e-04 0.000000000000000000e+00 8.933419521654815953e-02 9.017945711966814581e-05 6.665497281178740276e-03 4.152942861234426401e-03 2.605674580196873282e-03 8.093889113719142121e-04 4.719207173194903408e-04 0.000000000000000000e+00 1.822157434402332278e-03 1.393145723042630364e-04 0.000000000000000000e+00 0.000000000000000000e+00 2.006018054162487466e-03 0.000000000000000000e+00 1.225490196078431356e-04 0.000000000000000000e+00 1.829826166514181241e-04 0.000000000000000000e+00 0.000000000000000000e+00 0.000000000000000000e+00 0.000000000000000000e+00 0.000000000000000000e+00 4.098360655737704914e-04 0.000000000000000000e+00 3.063725490196078389e-04 0.000000000000000000e+00 2.303351376252447198e-04 0.000000000000000000e+00 1.005926388022457957e-02 1.628929793125916169e-04 2.435273006921302025e-03 1.118318049653321366e-04 2.236106543900032856e-02 0.000000000000000000e+00 5.896443707388981069e-03 0.000000000000000000e+00 1.710236989982897703e-03 0.000000000000000000e+00 2.072027627035026923e-03 0.000000000000000000e+00 7.830853563038371167e-04 0.000000000000000000e+00 5.544584535925869972e-02 4.154261580004154210e-04 4.487826769886682499e-02 8.448540706605222727e-04 2.614379084967320341e-02 0.000000000000000000e+00 3.650571495218100926e-02 8.682709005209625743e-04 0.000000000000000000e+00 0.000000000000000000e+00 3.712641544458882524e-03 0.000000000000000000e+00 1.786511835640911027e-03 0.000000000000000000e+00 9.326424870466320377e-03 0.000000000000000000e+00 6.501950585175552810e-04 0.000000000000000000e+00 8.656620711766592133e-03 0.000000000000000000e+00 3.219575016097875005e-04 3.915426781519185584e-04 4.511617414843221291e-04 0.000000000000000000e+00 8.628954937679770079e-03 9.505703422053231886e-04 0.000000000000000000e+00 0.000000000000000000e+00 8.802816901408450903e-04 0.000000000000000000e+00 0.000000000000000000e+00 1.626016260162601625e-03 0.000000000000000000e+00 0.000000000000000000e+00 0.000000000000000000e+00 0.000000000000000000e+00 0.000000000000000000e+00 0.000000000000000000e+00 0.000000000000000000e+00 0.000000000000000000e+00 0.000000000000000000e+00 0.000000000000000000e+00 0.000000000000000000e+00 0.000000000000000000e+00 0.000000000000000000e+00 0.000000000000000000e+00
