0.000000000000000000e+00 2.159090909090909116e-02 7.013442431326709359e-02 9.990633780830471961e-03 1.401541695865451921e-03 0.000000000000000000e+00 8.655043586550435764e-02 1.165910028889806035e-02 6.753246753246753241e-03 0.000000000000000000e+00 2.228915662650602370e-01 2.720031086069555053e-03 5.627044711014176498e-02 6.168080185042405057e-04 3.705419175544233390e-03 0.000000000000000000e+00 1.031518624641833831e-01 8.718572587185726211e-03 7.104528868855977675e-02 3.431976983148376376e-02 1.264222503160556364e-03 0.000000000000000000e+00 8.392077878482712312e-04 5.454049631851649654e-04 0.000000000000000000e+00 0.000000000000000000e+00 0.000000000000000000e+00 0.000000000000000000e+00 5.950797872340425620e-02 2.909796314258002083e-03 2.228660574994428465e-04 5.261773217574322896e-04 1.735513482501434279e-02 2.195145537182090559e-02 2.875215641173088123e-03 0.000000000000000000e+00 5.882352941176470507e-02 2.021733636593378656e-03 1.067235859124866662e-03 0.000000000000000000e+00 3.603603603603603659e-03 0.000000000000000000e+00 3.624501631025733861e-04 7.957348611442667161e-05 2.797202797202797200e-03 1.129560600926239725e-04 0.000000000000000000e+00 0.000000000000000000e+00 9.894867037724181316e-03 9.391435011269722521e-05 1.760104302477183760e-02 1.464450464963022627e-04 5.235602094240838231e-04 0.000000000000000000e+00 5.964730290456431161e-03 0.000000000000000000e+00 2.858212307231621230e-01 2.703224560726008759e-03 4.913294797687861593e-02 1.757469244288225067e-04 7.197728790915162989e-02 2.754062241806665015e-04 4.033884630899556289e-03 2.882398155265180478e-03 3.184210526315789380e-02 0.000000000000000000e+00 6.030469741853576073e-03 7.570022710068130198e-04 9.841119279108370699e-02 5.457323728443571123e-03 5.534118602761982364e-02 1.898168825368468007e-03 4.667477317369750356e-02 3.330932661145120845e-03 1.407459535538353257e-03 6.849315068493150738e-04 6.569620253164557000e-02 5.808456031338646124e-03 3.663003663003663000e-03 0.000000000000000000e+00 1.879699248120300648e-03 2.809778027535824829e-04 0.000000000000000000e+00 0.000000000000000000e+00 3.036017348670563831e-02 9.900990099009901652e-05 0.000000000000000000e+00 5.599104143337066105e-04 2.028112449799196818e-02 0.000000000000000000e+00 4.117344312918168152e-03 1.201201201201201147e-03 0.000000000000000000e+00 0.000000000000000000e+00 3.112840466926070082e-02 1.257861635220125854e-02 0.000000000000000000e+00 0.000000000000000000e+00 1.090512540894220334e-03 4.484304932735425943e-03 0.000000000000000000e+00 0.000000000000000000e+00 1.331262480585755593e-03 7.043907020427330259e-04 8.870490833826138533e-04 9.900990099009901110e-04 4.524886877828054703e-03 2.553191489361701996e-03 0.000000000000000000e+00 0.000000000000000000e+00 0.000000000000000000e+00 0.000000000000000000e+00 0.000000000000000000e+00 0.000000000000000000e+00 0.000000000000000000e+00 0.000000000000000000e+00
2.159090909090909116e-02 0.000000000000000000e+00 3.272939801285797579e-03 6.504318867728171860e-02 0.000000000000000000e+00 0.000000000000000000e+00 3.424657534246575152e-03 9.977300866694180370e-02 0.000000000000000000e+00 4.499437570303712469e-03 2.190580503833515838e-03 9.733825529434622648e-02 4.362050163576881010e-04 1.634541249036237584e-02 0.000000000000000000e+00 2.568807339449541167e-03 3.746969363015208339e-03 6.974858069748580969e-02 2.114187593904271259e-02 8.508014796547472280e-02 0.000000000000000000e+00 0.000000000000000000e+00 6.713662302786169850e-04 1.090809926370329931e-03 0.000000000000000000e+00 0.000000000000000000e+00 0.000000000000000000e+00 0.000000000000000000e+00 1.828457446808510675e-03 3.976721629485936021e-02 2.228660574994428465e-04 2.630886608787161448e-04 1.104417670682730952e-02 2.485252876897785582e-02 0.000000000000000000e+00 0.000000000000000000e+00 1.330849081714133558e-03 8.516552944149607951e-02 0.000000000000000000e+00 2.018163471241170553e-03 0.000000000000000000e+00 0.000000000000000000e+00 0.000000000000000000e+00 5.570144028009866742e-04 0.000000000000000000e+00 3.727549983056591132e-03 0.000000000000000000e+00 1.440714594438841794e-04 0.000000000000000000e+00 5.447032306536438682e-03 0.000000000000000000e+00 9.226037929267042956e-03 0.000000000000000000e+00 3.090712409210323195e-04 0.000000000000000000e+00 2.447381302006852461e-03 1.048061086989070115e-03 2.206024329021046559e-01 3.400204012240734563e-04 3.708260105448154403e-02 1.670006680026720240e-04 4.020930873037730641e-02 2.016942315449778091e-04 2.690238278247501780e-02 0.000000000000000000e+00 3.072950290510006316e-02 2.115954295387219698e-04 1.059803179409538228e-02 2.371354043158643496e-02 9.583060467146911621e-02 1.320064987814784747e-03 4.399285395265743748e-02 9.353661958656813965e-04 4.609290601368383478e-02 0.000000000000000000e+00 5.479452054794520591e-03 4.177215189873417951e-03 7.240307983250034163e-02 0.000000000000000000e+00 0.000000000000000000e+00 3.417634996582365257e-04 4.495644844057319726e-03 0.000000000000000000e+00 0.000000000000000000e+00 0.000000000000000000e+00 1.980198019801980222e-02 0.000000000000000000e+00 5.599104143337066105e-04 0.000000000000000000e+00 6.518196632265073169e-03 2.573340195573854770e-03 6.006006006006005954e-03 0.000000000000000000e+00 1.620745542949756810e-03 1.167315175097276281e-02 7.547169811320754429e-02 0.000000000000000000e+00 1.818181818181818180e-03 2.181025081788440668e-03 1.345291479820627870e-02 0.000000000000000000e+00 8.403361344537814762e-03 3.328156201464388658e-03 4.226344212256398156e-03 5.913660555884092717e-04 1.320132013201320148e-03 2.262443438914027351e-03 8.510638297872340349e-04 0.000000000000000000e+00 0.000000000000000000e+00 0.000000000000000000e+00 0.000000000000000000e+00 0.000000000000000000e+00 0.000000000000000000e+00 4.140786749482401954e-03 0.000000000000000000e+00
7.013442431326709359e-02 3.272939801285797579e-03 0.000000000000000000e+00 3.434280362160474411e-03 1.131744919411352551e-01 2.360717658168082992e-03 2.232254047322540513e-01 1.145274453157243098e-02 4.259740259740259910e-02 5.624296962879639719e-03 4.052573932092004561e-02 2.331455216631047375e-03 7.568157033805889000e-02 3.392444101773322944e-03 1.806391848077813778e-02 3.302752293577981748e-03 6.832708838439497355e-03 8.110300081103001026e-04 9.293839879802533177e-02 5.651459103986847081e-03 0.000000000000000000e+00 1.225490196078431356e-03 2.220543806646525786e-01 2.181619852740659862e-03 1.126414166256763383e-01 6.250000000000000347e-03 1.366607248960190202e-02 0.000000000000000000e+00 3.341090425531914598e-02 2.715809893307468380e-03 1.470915979496322662e-02 1.289134438305709028e-02 1.534710269650028762e-02 6.865873706604777062e-03 1.725129384703852700e-03 0.000000000000000000e+00 2.422145328719723170e-02 0.000000000000000000e+00 0.000000000000000000e+00 0.000000000000000000e+00 0.000000000000000000e+00 0.000000000000000000e+00 0.000000000000000000e+00 0.000000000000000000e+00 5.244755244755244751e-04 0.000000000000000000e+00 0.000000000000000000e+00 0.000000000000000000e+00 6.184291898577613323e-04 0.000000000000000000e+00 1.412429378531073441e-03 0.000000000000000000e+00 0.000000000000000000e+00 0.000000000000000000e+00 2.593360995850622409e-04 0.000000000000000000e+00 7.486150621350501442e-04 0.000000000000000000e+00 1.870112206732403928e-03 0.000000000000000000e+00 5.010020040080159906e-04 0.000000000000000000e+00 0.000000000000000000e+00 1.921598770176787094e-04 2.631578947368420993e-04 1.291155584247902005e-04 8.146424037240794849e-03 0.000000000000000000e+00 1.185677021579321878e-03 0.000000000000000000e+00 5.097481722177091973e-02 1.004912907548012602e-03 8.577308016088298903e-02 9.002520705797623438e-04 3.307529908515130512e-02 0.000000000000000000e+00 6.670886075949367111e-02 2.161285965149263664e-03 0.000000000000000000e+00 0.000000000000000000e+00 1.025290498974709523e-03 0.000000000000000000e+00 0.000000000000000000e+00 0.000000000000000000e+00 1.697152555157458147e-03 0.000000000000000000e+00 0.000000000000000000e+00 0.000000000000000000e+00 2.008032128514056311e-04 0.000000000000000000e+00 1.029336078229542038e-03 1.201201201201201147e-03 4.514672686230247929e-03 0.000000000000000000e+00 2.723735408560311322e-02 0.000000000000000000e+00 8.410428931875525271e-04 1.818181818181818180e-03 1.090512540894220334e-03 0.000000000000000000e+00 0.000000000000000000e+00 0.000000000000000000e+00 4.437541601952518463e-04 0.000000000000000000e+00 1.182732111176818543e-03 0.000000000000000000e+00 2.262443438914027351e-03 1.702127659574468070e-03 0.000000000000000000e+00 0.000000000000000000e+00 0.000000000000000000e+00 0.000000000000000000e+00 0.000000000000000000e+00 0.000000000000000000e+00 0.000000000000000000e+00 0.000000000000000000e+00
9.990633780830471961e-03 6.504318867728171860e-02 3.434280362160474411e-03 0.000000000000000000e+00 1.401541695865451921e-03 6.090651558073654354e-02 1.494396014943960224e-02 1.512587701196863310e-01 1.558441558441558440e-03 2.812148481439820033e-02 1.013143483023001140e-02 3.730328346609675799e-02 6.106870229007633523e-03 5.335389360061680575e-02 2.779064381658175042e-03 2.495412844036697109e-02 1.983689662772757534e-03 3.730738037307380212e-02 1.073191672032625110e-02 1.428277846280312235e-01 0.000000000000000000e+00 0.000000000000000000e+00 1.090970124202752557e-02 3.305154076902099836e-01 3.443187407771765903e-03 1.392045454545454419e-01 0.000000000000000000e+00 2.067183462532299568e-03 4.986702127659574726e-03 5.218234723569350336e-02 1.693782036995765405e-02 4.340962904498816416e-02 3.729202524383247366e-03 2.475582632240595771e-02 5.750431282346176029e-04 4.873294346978557234e-04 5.323396326856534881e-04 2.602982057113975220e-02 0.000000000000000000e+00 0.000000000000000000e+00 0.000000000000000000e+00 0.000000000000000000e+00 0.000000000000000000e+00 0.000000000000000000e+00 0.000000000000000000e+00 1.694340901389359546e-03 0.000000000000000000e+00 0.000000000000000000e+00 0.000000000000000000e+00 2.253944402704733188e-03 1.086484137331595017e-04 3.661126162407556703e-04 0.000000000000000000e+00 0.000000000000000000e+00 0.000000000000000000e+00 0.000000000000000000e+00 1.497230124270100397e-04 5.599536590075304167e-03 0.000000000000000000e+00 1.634446397188049280e-02 5.010020040080159906e-04 8.262186725419993962e-04 0.000000000000000000e+00 1.152959262106072148e-03 2.631578947368420993e-04 6.455777921239508940e-04 1.057977147693609849e-04 1.124689088352979344e-02 2.371354043158643756e-03 1.920977952412137105e-02 3.452477660438667533e-03 2.623939258597588267e-02 1.403049293798522149e-03 7.472092185812027887e-02 1.407459535538353257e-03 1.232876712328767090e-02 4.177215189873417951e-03 8.523571525057409282e-02 0.000000000000000000e+00 0.000000000000000000e+00 0.000000000000000000e+00 2.247822422028659863e-03 0.000000000000000000e+00 0.000000000000000000e+00 0.000000000000000000e+00 8.910891089108911216e-04 0.000000000000000000e+00 0.000000000000000000e+00 0.000000000000000000e+00 6.789788158609451037e-04 1.029336078229542038e-03 4.804804804804804590e-03 2.257336343115123965e-03 0.000000000000000000e+00 1.556420233463035041e-02 6.918238993710691676e-02 0.000000000000000000e+00 0.000000000000000000e+00 0.000000000000000000e+00 4.484304932735425943e-03 2.475247524752475278e-03 2.801120448179271732e-03 3.550033281562014770e-03 3.756750410894576283e-03 2.956830277942046358e-04 9.900990099009901110e-04 3.393665158371040810e-03 1.702127659574468070e-03 0.000000000000000000e+00 0.000000000000000000e+00 0.000000000000000000e+00 0.000000000000000000e+00 0.000000000000000000e+00 0.000000000000000000e+00 2.070393374741200977e-03 0.000000000000000000e+00
1.401541695865451921e-03 0.000000000000000000e+00 1.131744919411352551e-01 1.401541695865451921e-03 0.000000000000000000e+00 4.721435316336166418e-04 9.806973848069737779e-03 3.095336359884440572e-04 2.950649350649350855e-01 2.249718785151856235e-03 2.738225629791894798e-04 0.000000000000000000e+00 5.016357688113413406e-03 3.084040092521202528e-04 7.827698008337193036e-02 2.201834862385321310e-03 0.000000000000000000e+00 0.000000000000000000e+00 1.287830006439150002e-03 0.000000000000000000e+00 2.528445006321112729e-03 2.450980392156862711e-03 3.256126216851292637e-02 2.727024815925824827e-04 2.621741269060501867e-01 4.545454545454545234e-03 1.004159239453357166e-01 0.000000000000000000e+00 5.485372340425532026e-03 0.000000000000000000e+00 1.292623133496768363e-02 4.472507234938174515e-03 1.004016064257028020e-03 1.934048931437965446e-04 0.000000000000000000e+00 0.000000000000000000e+00 1.330849081714133558e-03 0.000000000000000000e+00 0.000000000000000000e+00 0.000000000000000000e+00 0.000000000000000000e+00 0.000000000000000000e+00 0.000000000000000000e+00 0.000000000000000000e+00 0.000000000000000000e+00 0.000000000000000000e+00 0.000000000000000000e+00 0.000000000000000000e+00 0.000000000000000000e+00 0.000000000000000000e+00 1.086484137331595017e-04 0.000000000000000000e+00 0.000000000000000000e+00 0.000000000000000000e+00 0.000000000000000000e+00 0.000000000000000000e+00 0.000000000000000000e+00 0.000000000000000000e+00 0.000000000000000000e+00 0.000000000000000000e+00 6.680026720106880958e-04 0.000000000000000000e+00 4.033884630899556181e-04 0.000000000000000000e+00 0.000000000000000000e+00 0.000000000000000000e+00 0.000000000000000000e+00 0.000000000000000000e+00 0.000000000000000000e+00 0.000000000000000000e+00 1.370836718115353396e-02 4.466279589102277567e-04 4.040781966139743442e-02 0.000000000000000000e+00 2.463054187192118341e-02 0.000000000000000000e+00 3.417721518987341684e-03 0.000000000000000000e+00 0.000000000000000000e+00 0.000000000000000000e+00 0.000000000000000000e+00 0.000000000000000000e+00 0.000000000000000000e+00 0.000000000000000000e+00 1.885725061286064427e-04 0.000000000000000000e+00 0.000000000000000000e+00 0.000000000000000000e+00 0.000000000000000000e+00 0.000000000000000000e+00 0.000000000000000000e+00 0.000000000000000000e+00 0.000000000000000000e+00 0.000000000000000000e+00 0.000000000000000000e+00 0.000000000000000000e+00 0.000000000000000000e+00 0.000000000000000000e+00 0.000000000000000000e+00 0.000000000000000000e+00 0.000000000000000000e+00 0.000000000000000000e+00 0.000000000000000000e+00 0.000000000000000000e+00 0.000000000000000000e+00 0.000000000000000000e+00 0.000000000000000000e+00 0.000000000000000000e+00 0.000000000000000000e+00 0.000000000000000000e+00 0.000000000000000000e+00 0.000000000000000000e+00 0.000000000000000000e+00 0.000000000000000000e+00 0.000000000000000000e+00 0.000000000000000000e+00
0.000000000000000000e+00 0.000000000000000000e+00 2.360717658168082992e-03 6.090651558073654354e-02 4.721435316336166418e-04 0.000000000000000000e+00 0.000000000000000000e+00 1.754023937267849874e-03 0.000000000000000000e+00 1.338582677165354451e-01 0.000000000000000000e+00 1.942879347192539479e-04 4.362050163576881010e-04 7.710100231303006592e-04 0.000000000000000000e+00 8.256880733944954587e-02 0.000000000000000000e+00 0.000000000000000000e+00 0.000000000000000000e+00 7.192766132346897290e-04 0.000000000000000000e+00 7.352941176470588133e-03 1.510574018126888216e-03 4.745023179710935318e-02 9.837678307919330532e-04 1.749999999999999889e-01 0.000000000000000000e+00 1.658914728682170658e-01 0.000000000000000000e+00 1.008729388942774044e-02 4.903053264987742785e-03 1.131281241778479309e-02 0.000000000000000000e+00 3.094478290300744713e-03 0.000000000000000000e+00 0.000000000000000000e+00 0.000000000000000000e+00 0.000000000000000000e+00 0.000000000000000000e+00 0.000000000000000000e+00 0.000000000000000000e+00 0.000000000000000000e+00 0.000000000000000000e+00 7.957348611442667161e-05 0.000000000000000000e+00 0.000000000000000000e+00 0.000000000000000000e+00 0.000000000000000000e+00 0.000000000000000000e+00 0.000000000000000000e+00 0.000000000000000000e+00 0.000000000000000000e+00 0.000000000000000000e+00 0.000000000000000000e+00 0.000000000000000000e+00 1.631587534671235173e-04 0.000000000000000000e+00 0.000000000000000000e+00 0.000000000000000000e+00 0.000000000000000000e+00 0.000000000000000000e+00 0.000000000000000000e+00 0.000000000000000000e+00 0.000000000000000000e+00 0.000000000000000000e+00 0.000000000000000000e+00 0.000000000000000000e+00 1.081431815724018600e-04 0.000000000000000000e+00 0.000000000000000000e+00 9.138911454102356191e-04 2.344796784278695839e-02 9.353661958656814778e-05 3.168887288440763728e-02 0.000000000000000000e+00 2.739726027397260122e-02 0.000000000000000000e+00 2.836687829258408965e-03 0.000000000000000000e+00 0.000000000000000000e+00 0.000000000000000000e+00 0.000000000000000000e+00 0.000000000000000000e+00 0.000000000000000000e+00 0.000000000000000000e+00 1.980198019801980330e-04 0.000000000000000000e+00 0.000000000000000000e+00 0.000000000000000000e+00 0.000000000000000000e+00 0.000000000000000000e+00 0.000000000000000000e+00 0.000000000000000000e+00 0.000000000000000000e+00 0.000000000000000000e+00 0.000000000000000000e+00 0.000000000000000000e+00 0.000000000000000000e+00 0.000000000000000000e+00 0.000000000000000000e+00 0.000000000000000000e+00 0.000000000000000000e+00 0.000000000000000000e+00 0.000000000000000000e+00 0.000000000000000000e+00 0.000000000000000000e+00 0.000000000000000000e+00 0.000000000000000000e+00 0.000000000000000000e+00 0.000000000000000000e+00 0.000000000000000000e+00 0.000000000000000000e+00 0.000000000000000000e+00 0.000000000000000000e+00 0.000000000000000000e+00 0.000000000000000000e+00
8.655043586550435764e-02 3.424657534246575152e-03 2.232254047322540513e-01 1.494396014943960224e-02 9.806973848069737779e-03 0.000000000000000000e+00 0.000000000000000000e+00 2.538175815105241442e-02 4.987012987012987009e-02 0.000000000000000000e+00 1.382803943044906836e-01 4.468622498542840910e-03 1.685932388222464440e-01 6.322282189668466078e-03 6.947660954145437606e-03 2.201834862385321310e-03 4.408199250606127662e-03 3.244120032441200410e-03 6.868426701008800012e-03 4.829428688861488010e-03 0.000000000000000000e+00 0.000000000000000000e+00 2.332997650218194066e-02 8.726479410962639446e-03 9.837678307919330532e-04 1.704545454545454463e-03 0.000000000000000000e+00 0.000000000000000000e+00 1.496010638297872418e-02 3.879728419010669300e-03 1.493202585246266971e-02 1.841620626151013046e-02 5.163511187607573542e-03 1.237791316120297885e-02 0.000000000000000000e+00 0.000000000000000000e+00 3.460207612456747510e-03 0.000000000000000000e+00 1.067235859124866662e-03 0.000000000000000000e+00 0.000000000000000000e+00 0.000000000000000000e+00 0.000000000000000000e+00 0.000000000000000000e+00 1.748251748251748250e-04 0.000000000000000000e+00 0.000000000000000000e+00 0.000000000000000000e+00 2.164502164502164500e-03 9.391435011269722521e-05 4.889178617992177497e-03 7.322252324815113134e-05 5.235602094240838231e-04 0.000000000000000000e+00 1.815352697095435740e-03 0.000000000000000000e+00 2.245845186405150649e-03 5.792624058698590817e-04 5.780346820809248269e-03 3.514938488576450134e-04 7.682030728122912072e-03 2.754062241806665015e-04 6.050826946349334001e-04 9.607993850883934928e-04 7.105263157894736899e-03 1.291155584247902005e-04 1.586965721540414733e-03 2.162863631448037199e-04 4.742708086317287404e-04 6.548788474132285781e-04 8.976441917140536020e-02 3.573023671281822054e-03 2.488074081002712712e-02 3.420957868203096733e-03 2.814919071076706514e-03 0.000000000000000000e+00 2.354430379746835431e-02 2.566527083614750845e-03 0.000000000000000000e+00 0.000000000000000000e+00 2.734107997265892206e-03 0.000000000000000000e+00 0.000000000000000000e+00 0.000000000000000000e+00 8.014331510465773356e-03 9.900990099009901652e-05 0.000000000000000000e+00 0.000000000000000000e+00 6.827309236947791404e-03 0.000000000000000000e+00 0.000000000000000000e+00 6.006006006006005737e-04 0.000000000000000000e+00 0.000000000000000000e+00 0.000000000000000000e+00 0.000000000000000000e+00 0.000000000000000000e+00 0.000000000000000000e+00 0.000000000000000000e+00 0.000000000000000000e+00 0.000000000000000000e+00 0.000000000000000000e+00 2.218770800976259232e-04 0.000000000000000000e+00 0.000000000000000000e+00 0.000000000000000000e+00 1.131221719457013676e-03 0.000000000000000000e+00 0.000000000000000000e+00 0.000000000000000000e+00 0.000000000000000000e+00 0.000000000000000000e+00 0.000000000000000000e+00 0.000000000000000000e+00 0.000000000000000000e+00 0.000000000000000000e+00
1.165910028889806035e-02 9.977300866694180370e-02 1.145274453157243098e-02 1.512587701196863310e-01 3.095336359884440572e-04 1.754023937267849874e-03 2.538175815105241442e-02 0.000000000000000000e+00 1.038961038961038960e-03 1.091113610798650213e-01 2.464403066812705448e-02 1.933164950456576769e-01 1.374045801526717521e-02 2.496530454895913576e-01 3.242241778601204216e-03 4.330275229357798128e-02 4.187789288075820932e-03 2.433090024330900394e-02 2.618587679759605200e-02 1.304973284011508479e-02 0.000000000000000000e+00 0.000000000000000000e+00 2.047667002349781717e-02 1.608944641396236816e-02 1.967535661583866106e-03 3.409090909090908925e-03 0.000000000000000000e+00 5.167958656330748921e-04 7.978723404255318521e-03 3.511154219204655480e-02 1.448629373746378353e-02 5.787950539331754643e-03 6.024096385542168988e-03 1.218450826805918263e-02 5.750431282346176029e-04 4.873294346978557234e-04 1.597018898056960356e-03 2.274450341167551150e-03 0.000000000000000000e+00 0.000000000000000000e+00 0.000000000000000000e+00 0.000000000000000000e+00 0.000000000000000000e+00 7.957348611442667703e-04 1.748251748251748250e-04 7.793968146391053869e-03 0.000000000000000000e+00 0.000000000000000000e+00 1.546072974644403331e-04 9.579263711495115616e-03 1.086484137331595017e-04 1.552317492860804012e-02 0.000000000000000000e+00 4.636068613815484251e-04 0.000000000000000000e+00 2.936857562408223040e-03 0.000000000000000000e+00 8.206217416489669167e-03 0.000000000000000000e+00 5.799648506151141962e-03 0.000000000000000000e+00 5.232718259432662770e-03 0.000000000000000000e+00 7.686395080707148376e-04 2.631578947368420993e-04 1.381536475145254961e-02 3.173931443080829683e-04 2.271006813020439059e-03 0.000000000000000000e+00 2.182929491377428503e-04 3.655564581640942477e-03 1.010495757034390318e-01 4.957440838088111520e-03 3.727043572200216398e-02 7.037297677691766286e-04 4.109589041095890009e-03 1.379746835443037938e-02 3.012292313926786397e-02 0.000000000000000000e+00 0.000000000000000000e+00 1.708817498291182629e-04 2.809778027535824504e-03 0.000000000000000000e+00 0.000000000000000000e+00 1.885725061286064427e-04 7.821782178217821790e-03 0.000000000000000000e+00 0.000000000000000000e+00 0.000000000000000000e+00 4.209668658337859665e-03 2.058672156459084076e-03 0.000000000000000000e+00 0.000000000000000000e+00 0.000000000000000000e+00 7.782101167315175205e-03 1.257861635220125854e-02 0.000000000000000000e+00 0.000000000000000000e+00 1.090512540894220334e-03 0.000000000000000000e+00 0.000000000000000000e+00 0.000000000000000000e+00 4.437541601952518463e-04 7.043907020427330259e-04 0.000000000000000000e+00 0.000000000000000000e+00 0.000000000000000000e+00 0.000000000000000000e+00 0.000000000000000000e+00 0.000000000000000000e+00 0.000000000000000000e+00 0.000000000000000000e+00 0.000000000000000000e+00 0.000000000000000000e+00 0.000000000000000000e+00 0.000000000000000000e+00
6.753246753246753241e-03 0.000000000000000000e+00 4.259740259740259910e-02 1.558441558441558440e-03 2.950649350649350855e-01 0.000000000000000000e+00 4.987012987012987009e-02 1.038961038961038960e-03 0.000000000000000000e+00 0.000000000000000000e+00 5.750273822562978858e-03 0.000000000000000000e+00 5.648854961832060900e-02 0.000000000000000000e+00 1.912922649374710626e-01 7.339449541284403643e-04 2.204099625303063777e-04 0.000000000000000000e+00 2.146383344065250004e-04 0.000000000000000000e+00 0.000000000000000000e+00 0.000000000000000000e+00 6.713662302786169850e-04 1.090809926370329931e-03 7.870142646335464426e-03 2.272727272727272617e-03 9.506833036244801555e-03 0.000000000000000000e+00 1.180186170212766013e-02 0.000000000000000000e+00 4.234455092489413514e-03 2.893975269665877322e-03 4.302925989672977771e-04 2.901073397156948169e-04 0.000000000000000000e+00 0.000000000000000000e+00 2.661698163428267440e-04 0.000000000000000000e+00 0.000000000000000000e+00 0.000000000000000000e+00 0.000000000000000000e+00 0.000000000000000000e+00 0.000000000000000000e+00 0.000000000000000000e+00 0.000000000000000000e+00 0.000000000000000000e+00 0.000000000000000000e+00 0.000000000000000000e+00 0.000000000000000000e+00 0.000000000000000000e+00 3.259452411994784781e-04 0.000000000000000000e+00 5.235602094240838231e-04 0.000000000000000000e+00 0.000000000000000000e+00 0.000000000000000000e+00 1.497230124270100397e-04 0.000000000000000000e+00 0.000000000000000000e+00 0.000000000000000000e+00 2.004008016032063962e-03 0.000000000000000000e+00 2.016942315449778091e-04 0.000000000000000000e+00 1.315789473684210497e-03 0.000000000000000000e+00 1.057977147693609849e-04 0.000000000000000000e+00 0.000000000000000000e+00 0.000000000000000000e+00 1.045897644191714007e-02 2.233139794551138784e-04 1.131793096997474497e-02 9.002520705797623980e-05 1.829697396199859299e-02 0.000000000000000000e+00 2.025316455696202656e-03 1.350803728218289790e-04 0.000000000000000000e+00 0.000000000000000000e+00 3.417634996582365257e-04 0.000000000000000000e+00 0.000000000000000000e+00 0.000000000000000000e+00 1.131435036771638765e-03 0.000000000000000000e+00 0.000000000000000000e+00 0.000000000000000000e+00 4.016064257028112623e-04 0.000000000000000000e+00 0.000000000000000000e+00 0.000000000000000000e+00 0.000000000000000000e+00 0.000000000000000000e+00 3.891050583657587603e-03 0.000000000000000000e+00 0.000000000000000000e+00 0.000000000000000000e+00 0.000000000000000000e+00 0.000000000000000000e+00 0.000000000000000000e+00 0.000000000000000000e+00 0.000000000000000000e+00 0.000000000000000000e+00 0.000000000000000000e+00 0.000000000000000000e+00 0.000000000000000000e+00 0.000000000000000000e+00 0.000000000000000000e+00 0.000000000000000000e+00 0.000000000000000000e+00 0.000000000000000000e+00 0.000000000000000000e+00 0.000000000000000000e+00 0.000000000000000000e+00 0.000000000000000000e+00
0.000000000000000000e+00 4.499437570303712469e-03 5.624296962879639719e-03 2.812148481439820033e-02 2.249718785151856235e-03 1.338582677165354451e-01 0.000000000000000000e+00 1.091113610798650213e-01 0.000000000000000000e+00 0.000000000000000000e+00 0.000000000000000000e+00 1.748591412473285422e-03 8.724100327153762021e-04 5.551272166538164660e-03 4.631773969430291737e-04 1.266055045871559703e-01 0.000000000000000000e+00 2.027575020275750256e-04 1.073191672032625002e-04 2.055076037813399032e-04 0.000000000000000000e+00 0.000000000000000000e+00 1.174890902987579724e-03 3.817834742296155083e-03 4.918839153959665266e-04 3.977272727272726863e-03 0.000000000000000000e+00 2.067183462532299568e-03 0.000000000000000000e+00 9.505334626576138896e-03 2.005794517494985645e-03 1.315443304393580561e-03 0.000000000000000000e+00 0.000000000000000000e+00 0.000000000000000000e+00 0.000000000000000000e+00 0.000000000000000000e+00 0.000000000000000000e+00 0.000000000000000000e+00 0.000000000000000000e+00 0.000000000000000000e+00 0.000000000000000000e+00 0.000000000000000000e+00 0.000000000000000000e+00 0.000000000000000000e+00 0.000000000000000000e+00 0.000000000000000000e+00 0.000000000000000000e+00 0.000000000000000000e+00 0.000000000000000000e+00 0.000000000000000000e+00 7.322252324815113134e-05 0.000000000000000000e+00 0.000000000000000000e+00 0.000000000000000000e+00 1.631587534671235173e-04 0.000000000000000000e+00 0.000000000000000000e+00 0.000000000000000000e+00 0.000000000000000000e+00 0.000000000000000000e+00 0.000000000000000000e+00 0.000000000000000000e+00 1.921598770176787094e-04 0.000000000000000000e+00 1.291155584247902005e-04 0.000000000000000000e+00 1.081431815724018600e-04 0.000000000000000000e+00 0.000000000000000000e+00 3.046303818034118730e-04 3.573023671281822054e-03 9.353661958656814778e-05 6.751890529348217145e-03 0.000000000000000000e+00 6.849315068493150738e-04 1.265822784810126660e-04 2.566527083614750845e-03 0.000000000000000000e+00 0.000000000000000000e+00 0.000000000000000000e+00 2.809778027535824829e-04 0.000000000000000000e+00 0.000000000000000000e+00 0.000000000000000000e+00 1.980198019801980330e-04 0.000000000000000000e+00 0.000000000000000000e+00 0.000000000000000000e+00 0.000000000000000000e+00 0.000000000000000000e+00 0.000000000000000000e+00 0.000000000000000000e+00 0.000000000000000000e+00 0.000000000000000000e+00 1.257861635220125854e-02 0.000000000000000000e+00 0.000000000000000000e+00 0.000000000000000000e+00 0.000000000000000000e+00 0.000000000000000000e+00 0.000000000000000000e+00 0.000000000000000000e+00 0.000000000000000000e+00 0.000000000000000000e+00 0.000000000000000000e+00 0.000000000000000000e+00 0.000000000000000000e+00 0.000000000000000000e+00 0.000000000000000000e+00 0.000000000000000000e+00 0.000000000000000000e+00 0.000000000000000000e+00 0.000000000000000000e+00 0.000000000000000000e+00 0.000000000000000000e+00
2.228915662650602370e-01 2.190580503833515838e-03 4.052573932092004561e-02 1.013143483023001140e-02 2.738225629791894798e-04 0.000000000000000000e+00 1.382803943044906836e-01 2.464403066812705448e-02 5.750273822562978858e-03 0.000000000000000000e+00 0.000000000000000000e+00 1.554303477754031583e-03 1.125408942202835300e-01 6.168080185042405057e-04 2.037980546549328364e-02 3.669724770642201822e-04 4.099625303063698240e-02 3.244120032441200410e-03 1.577591757887958704e-02 4.418413481298808475e-03 0.000000000000000000e+00 0.000000000000000000e+00 4.531722054380665082e-03 2.727024815925824827e-04 0.000000000000000000e+00 0.000000000000000000e+00 0.000000000000000000e+00 0.000000000000000000e+00 5.285904255319148759e-02 2.133850630455868137e-03 4.457321149988856604e-03 7.892659826361483801e-04 8.749282845668388334e-03 3.868097862875930892e-03 4.025301897642323545e-03 0.000000000000000000e+00 7.985094490284801779e-04 0.000000000000000000e+00 1.067235859124866662e-03 0.000000000000000000e+00 0.000000000000000000e+00 0.000000000000000000e+00 0.000000000000000000e+00 0.000000000000000000e+00 1.748251748251748250e-04 1.129560600926239725e-04 2.255808707421610645e-04 0.000000000000000000e+00 6.184291898577613323e-04 9.391435011269722521e-05 1.955671447196871086e-03 7.322252324815113134e-05 0.000000000000000000e+00 0.000000000000000000e+00 5.186721991701244818e-04 0.000000000000000000e+00 5.390028447372361212e-03 9.654373431164317576e-05 2.210132607956477330e-03 0.000000000000000000e+00 1.352705410821643250e-02 0.000000000000000000e+00 2.622025010084711762e-03 0.000000000000000000e+00 9.210526315789472826e-03 0.000000000000000000e+00 2.644942869234024555e-03 2.162863631448037199e-04 7.114062129475930835e-04 4.365858982754857007e-04 1.238830219333874813e-02 1.898168825368468007e-03 4.396221120568702227e-03 1.080302484695714769e-03 7.037297677691766286e-04 0.000000000000000000e+00 4.050632911392405312e-03 3.917330811833041014e-03 0.000000000000000000e+00 0.000000000000000000e+00 1.537935748462064284e-03 0.000000000000000000e+00 0.000000000000000000e+00 0.000000000000000000e+00 4.148595134829341849e-03 0.000000000000000000e+00 0.000000000000000000e+00 0.000000000000000000e+00 3.212851405622490098e-03 1.357957631721890153e-04 0.000000000000000000e+00 6.006006006006005737e-04 0.000000000000000000e+00 0.000000000000000000e+00 0.000000000000000000e+00 0.000000000000000000e+00 0.000000000000000000e+00 0.000000000000000000e+00 0.000000000000000000e+00 0.000000000000000000e+00 0.000000000000000000e+00 0.000000000000000000e+00 0.000000000000000000e+00 0.000000000000000000e+00 0.000000000000000000e+00 0.000000000000000000e+00 0.000000000000000000e+00 0.000000000000000000e+00 0.000000000000000000e+00 0.000000000000000000e+00 0.000000000000000000e+00 0.000000000000000000e+00 0.000000000000000000e+00 0.000000000000000000e+00 0.000000000000000000e+00 0.000000000000000000e+00
2.720031086069555053e-03 9.733825529434622648e-02 2.331455216631047375e-03 3.730328346609675799e-02 0.000000000000000000e+00 1.942879347192539479e-04 4.468622498542840910e-03 1.933164950456576769e-01 0.000000000000000000e+00 1.748591412473285422e-03 1.554303477754031583e-03 0.000000000000000000e+00 1.090512540894220334e-03 2.613723978411719440e-01 0.000000000000000000e+00 5.137614678899082334e-03 4.408199250606127553e-04 4.156528791565287928e-02 4.292766688130500441e-03 1.479654747225647368e-02 0.000000000000000000e+00 0.000000000000000000e+00 1.342732460557233970e-03 3.272429779110990009e-03 0.000000000000000000e+00 5.681818181818181542e-04 0.000000000000000000e+00 0.000000000000000000e+00 4.986702127659574076e-04 3.491755577109602326e-02 1.114330287497214151e-03 5.261773217574322896e-04 1.434308663224325960e-03 8.799922638042741857e-03 5.750431282346176029e-04 0.000000000000000000e+00 2.661698163428267440e-04 0.000000000000000000e+00 0.000000000000000000e+00 0.000000000000000000e+00 0.000000000000000000e+00 0.000000000000000000e+00 0.000000000000000000e+00 1.591469722288533432e-04 0.000000000000000000e+00 2.146165141759855382e-03 0.000000000000000000e+00 0.000000000000000000e+00 0.000000000000000000e+00 4.695717505634860989e-04 0.000000000000000000e+00 2.123453174196382985e-03 0.000000000000000000e+00 0.000000000000000000e+00 0.000000000000000000e+00 1.794746288138358717e-03 0.000000000000000000e+00 2.896312029349295408e-03 0.000000000000000000e+00 7.029876977152900268e-04 0.000000000000000000e+00 9.363811622142659968e-03 0.000000000000000000e+00 1.594926979246733337e-02 0.000000000000000000e+00 1.097482246610716541e-02 0.000000000000000000e+00 1.081431815724018600e-03 0.000000000000000000e+00 2.182929491377428503e-04 2.030869212022745640e-04 2.188476998660116024e-02 4.676830979328406982e-04 1.116312567518905341e-02 0.000000000000000000e+00 1.369863013698630148e-03 2.405063291139240573e-03 4.187491557476698267e-03 0.000000000000000000e+00 0.000000000000000000e+00 0.000000000000000000e+00 1.910649058724360819e-02 0.000000000000000000e+00 0.000000000000000000e+00 0.000000000000000000e+00 1.495049504950494990e-02 0.000000000000000000e+00 5.599104143337066105e-04 2.008032128514056311e-04 7.876154263986964027e-03 0.000000000000000000e+00 6.006006006006005737e-04 0.000000000000000000e+00 0.000000000000000000e+00 0.000000000000000000e+00 6.289308176100629269e-03 0.000000000000000000e+00 0.000000000000000000e+00 0.000000000000000000e+00 0.000000000000000000e+00 0.000000000000000000e+00 0.000000000000000000e+00 0.000000000000000000e+00 0.000000000000000000e+00 0.000000000000000000e+00 0.000000000000000000e+00 0.000000000000000000e+00 0.000000000000000000e+00 0.000000000000000000e+00 0.000000000000000000e+00 0.000000000000000000e+00 0.000000000000000000e+00 0.000000000000000000e+00 0.000000000000000000e+00 0.000000000000000000e+00 0.000000000000000000e+00
5.627044711014176498e-02 4.362050163576881010e-04 7.568157033805889000e-02 6.106870229007633523e-03 5.016357688113413406e-03 4.362050163576881010e-04 1.685932388222464440e-01 1.374045801526717521e-02 5.648854961832060900e-02 8.724100327153762021e-04 1.125408942202835300e-01 1.090512540894220334e-03 0.000000000000000000e+00 5.242868157286044786e-03 2.658638258452987735e-01 4.770642201834862477e-03 6.612298875909191059e-04 0.000000000000000000e+00 6.761107533805537674e-03 9.247842170160296051e-04 0.000000000000000000e+00 0.000000000000000000e+00 2.702249076871433495e-02 7.362967002999726979e-03 1.475651746187899580e-03 5.681818181818181542e-04 5.941770647653000972e-04 0.000000000000000000e+00 8.194813829787234161e-02 1.551891367604267677e-03 1.381769556496545599e-02 1.420678768745067128e-02 3.442340791738382217e-03 1.450536698578474030e-03 5.750431282346176029e-04 0.000000000000000000e+00 7.985094490284801779e-04 0.000000000000000000e+00 0.000000000000000000e+00 0.000000000000000000e+00 0.000000000000000000e+00 0.000000000000000000e+00 0.000000000000000000e+00 0.000000000000000000e+00 0.000000000000000000e+00 0.000000000000000000e+00 0.000000000000000000e+00 0.000000000000000000e+00 3.092145949288806661e-04 0.000000000000000000e+00 1.629726205997392499e-03 7.322252324815113134e-05 0.000000000000000000e+00 0.000000000000000000e+00 2.593360995850622409e-04 0.000000000000000000e+00 5.988920497080401587e-04 1.930874686232863515e-04 6.800408024481469126e-04 0.000000000000000000e+00 6.346025384101536097e-03 2.754062241806665015e-04 2.823719241629689489e-03 0.000000000000000000e+00 9.210526315789472826e-03 0.000000000000000000e+00 4.231908590774439397e-04 0.000000000000000000e+00 0.000000000000000000e+00 0.000000000000000000e+00 2.863525588952071585e-02 5.582849486377846823e-04 9.447198578243382397e-03 1.080302484695714769e-03 5.629838142153413029e-03 0.000000000000000000e+00 1.113924050632911396e-02 1.080642982574631832e-03 3.663003663003663000e-03 0.000000000000000000e+00 3.759398496240601295e-03 0.000000000000000000e+00 0.000000000000000000e+00 0.000000000000000000e+00 8.768621534980199778e-03 0.000000000000000000e+00 0.000000000000000000e+00 0.000000000000000000e+00 2.409638554216867682e-03 0.000000000000000000e+00 0.000000000000000000e+00 6.006006006006005737e-04 0.000000000000000000e+00 0.000000000000000000e+00 3.891050583657587603e-03 0.000000000000000000e+00 0.000000000000000000e+00 0.000000000000000000e+00 0.000000000000000000e+00 0.000000000000000000e+00 0.000000000000000000e+00 0.000000000000000000e+00 2.218770800976259232e-04 0.000000000000000000e+00 0.000000000000000000e+00 0.000000000000000000e+00 0.000000000000000000e+00 0.000000000000000000e+00 0.000000000000000000e+00 0.000000000000000000e+00 0.000000000000000000e+00 0.000000000000000000e+00 0.000000000000000000e+00 0.000000000000000000e+00 0.000000000000000000e+00 0.000000000000000000e+00
