2.751907890178353355e-01 4.658263626889647124e-01 3.646560511909910929e-01 4.812018130923566006e-01 3.304844794925523299e-01 0.000000000000000000e+00 3.033792233772520386e-01 4.686577467182324597e-01 3.532293492025708748e-01 0.000000000000000000e+00 3.132633293736402091e-01 4.594527979365471970e-01 3.654781471115302049e-01 4.478269059829060317e-01 3.679835071571230798e-01 0.000000000000000000e+00 3.437605079965921351e-01 4.677769565650937711e-01 3.892345023167431695e-01 4.918531043390756419e-01 0.000000000000000000e+00 0.000000000000000000e+00 3.859972146394892167e-01 4.359509235916316783e-01 0.000000000000000000e+00 0.000000000000000000e+00 0.000000000000000000e+00 0.000000000000000000e+00 3.982528006228127637e-01 4.714151215061916367e-01 3.930079939290969659e-01 3.931071132075472097e-01 3.988547310805978796e-01 4.817850994844777857e-01 3.829451527116927156e-01 0.000000000000000000e+00 4.764637813184647297e-01 5.106319992341392666e-01 0.000000000000000000e+00 0.000000000000000000e+00 0.000000000000000000e+00 0.000000000000000000e+00 4.135583041631266665e-01 0.000000000000000000e+00 4.046438563257119259e-01 0.000000000000000000e+00 0.000000000000000000e+00 0.000000000000000000e+00 3.905311936531148387e-01 4.739007130288614422e-01 3.992786737694307697e-01 4.783458445945946158e-01 0.000000000000000000e+00 0.000000000000000000e+00 4.032130678258883938e-01 0.000000000000000000e+00 3.281447469161403174e-01 4.638663130224838782e-01 3.984517955922833310e-01 4.432051161462814415e-01 3.922943415933898836e-01 0.000000000000000000e+00 3.441815397586829306e-01 4.511233101149425551e-01 4.041605570877008780e-01 0.000000000000000000e+00 3.876187235757229121e-01 4.605686147554574061e-01 3.184100709224877424e-01 4.743719019730668895e-01 3.370991572076461051e-01 4.710260258336220751e-01 3.888463016329497535e-01 4.624044780958484480e-01 3.820445278041516013e-01 0.000000000000000000e+00 3.862556949744606616e-01 4.613347852467468702e-01 0.000000000000000000e+00 0.000000000000000000e+00 4.004711754874755170e-01 0.000000000000000000e+00 3.846269444444444519e-01 0.000000000000000000e+00 4.022367820504658131e-01 4.321014200707231079e-01 3.947672653061224390e-01 0.000000000000000000e+00 3.994276910038389583e-01 0.000000000000000000e+00 4.555106004193988922e-01 0.000000000000000000e+00 0.000000000000000000e+00 0.000000000000000000e+00 4.548519395807320009e-01 0.000000000000000000e+00 4.679207727272726713e-01 0.000000000000000000e+00 4.438797961070939380e-01 0.000000000000000000e+00 0.000000000000000000e+00 0.000000000000000000e+00 0.000000000000000000e+00 4.844350712617225829e-01 4.678664717153043218e-01 4.337516391304347962e-01 4.603157692693965464e-01 4.845986805260674712e-01 0.000000000000000000e+00 0.000000000000000000e+00 0.000000000000000000e+00 0.000000000000000000e+00 0.000000000000000000e+00 0.000000000000000000e+00 0.000000000000000000e+00 0.000000000000000000e+00
4.658263626889647124e-01 2.699332640940620975e-01 4.781379717216909797e-01 3.490496883195785549e-01 0.000000000000000000e+00 3.479794597229798891e-01 4.655478111738916569e-01 3.168675829323118753e-01 4.454369924812029979e-01 3.783224352355950559e-01 4.590171049769937173e-01 3.556342847067289203e-01 4.424474610181130529e-01 3.802208602931069215e-01 4.638489846153845408e-01 3.800068528146204327e-01 4.602006216423169538e-01 3.874736805445614940e-01 4.982207483879785848e-01 3.571037557449355804e-01 0.000000000000000000e+00 0.000000000000000000e+00 4.746866782870352575e-01 3.775352533333333205e-01 0.000000000000000000e+00 0.000000000000000000e+00 0.000000000000000000e+00 0.000000000000000000e+00 4.817263883261966861e-01 3.826615156515193461e-01 4.478643430705441242e-01 4.515016389243697859e-01 4.754650492017172270e-01 4.166562379671092109e-01 0.000000000000000000e+00 3.850877252192399514e-01 5.095477447242040547e-01 5.021144672508406348e-01 0.000000000000000000e+00 0.000000000000000000e+00 0.000000000000000000e+00 4.481212592592591637e-01 0.000000000000000000e+00 4.001549619556913906e-01 0.000000000000000000e+00 4.083096474553087329e-01 0.000000000000000000e+00 0.000000000000000000e+00 0.000000000000000000e+00 3.926795505936793718e-01 4.481538661417321934e-01 3.893991459690948065e-01 0.000000000000000000e+00 3.810865971940500252e-01 0.000000000000000000e+00 4.106304341046683182e-01 4.601650153549557976e-01 3.265518141501875249e-01 4.481447516212382354e-01 3.960822733581767507e-01 0.000000000000000000e+00 4.019931749830795153e-01 4.389035597014925294e-01 4.069320452967311597e-01 0.000000000000000000e+00 3.853323185136028339e-01 4.771793268338033744e-01 3.599075374723755827e-01 4.872141213453833886e-01 2.915421703368344941e-01 4.666350239431059088e-01 3.506151561526974492e-01 4.651601595322622518e-01 3.973618659550788856e-01 4.620743333333333647e-01 4.293174040138098557e-01 4.583636259461199014e-01 3.769538140128885773e-01 0.000000000000000000e+00 0.000000000000000000e+00 4.210806782608695342e-01 4.315668315920574427e-01 0.000000000000000000e+00 0.000000000000000000e+00 0.000000000000000000e+00 4.111045754728432922e-01 0.000000000000000000e+00 3.904528767123287558e-01 4.303752294834600201e-01 4.107475946802126021e-01 4.766040902944848612e-01 4.538809358417615347e-01 0.000000000000000000e+00 4.329210099372384213e-01 4.497606761904762163e-01 4.625384871537551179e-01 5.050655254237287339e-01 4.244804236111111018e-01 4.685425284353569308e-01 4.795983797865014386e-01 0.000000000000000000e+00 4.482989056107888892e-01 5.202924224640934625e-01 4.738140225603650890e-01 0.000000000000000000e+00 4.392045999895431985e-01 4.177605333333333504e-01 4.448313406296113826e-01 0.000000000000000000e+00 0.000000000000000000e+00 0.000000000000000000e+00 0.000000000000000000e+00 0.000000000000000000e+00 0.000000000000000000e+00 0.000000000000000000e+00 0.000000000000000000e+00
3.646560511909910929e-01 4.781379717216909797e-01 2.791991669295437184e-01 4.746696374896807735e-01 2.246842206771950679e-01 4.794690350347720620e-01 3.329925099249518849e-01 4.725989745526041896e-01 3.231031966137309919e-01 4.612945537279662389e-01 3.762894370626242435e-01 4.652401632649647567e-01 3.494967607376270324e-01 4.702433781267045254e-01 3.319101392272184037e-01 4.546230198818649870e-01 3.804735423726806065e-01 4.751725752862437924e-01 3.097474980716952708e-01 4.914128265751451785e-01 0.000000000000000000e+00 0.000000000000000000e+00 2.861001681551158526e-01 4.719590331997883248e-01 2.406570133963877589e-01 4.857932959676572460e-01 3.403357538461538878e-01 4.207791935483871093e-01 3.597960215476471713e-01 4.737234974187957692e-01 4.039035151586705119e-01 4.663249887740692490e-01 4.183009489836090333e-01 4.935071829869256410e-01 0.000000000000000000e+00 4.085894213394095642e-01 4.630582096839501172e-01 5.150944209350406533e-01 0.000000000000000000e+00 0.000000000000000000e+00 0.000000000000000000e+00 0.000000000000000000e+00 4.342827493670425865e-01 0.000000000000000000e+00 3.981782566646316357e-01 0.000000000000000000e+00 4.471632656188168631e-01 0.000000000000000000e+00 3.922342207439949990e-01 0.000000000000000000e+00 3.750232187380069249e-01 4.295964523749474795e-01 4.222069847328244196e-01 0.000000000000000000e+00 3.842802031492212889e-01 4.078035050505049997e-01 3.984326458638878243e-01 4.298597451900152411e-01 4.121026315630106351e-01 4.554219620253164846e-01 3.679033759846497831e-01 4.617421939260324404e-01 3.663728970839472687e-01 0.000000000000000000e+00 3.901644342125399900e-01 4.063690457516340171e-01 4.239697910037295014e-01 4.516730310937500104e-01 3.466699634761816751e-01 4.459972318840579875e-01 3.706334753277560901e-01 4.409882705923029445e-01 3.838999800020816977e-01 4.753339304154788891e-01 3.582536693482762935e-01 4.990144408602150694e-01 4.014995133320722331e-01 4.614900309119311372e-01 0.000000000000000000e+00 0.000000000000000000e+00 3.757575959260496812e-01 0.000000000000000000e+00 4.152532922936222892e-01 0.000000000000000000e+00 4.012827685250625054e-01 4.484996449582600020e-01 4.088968901118344990e-01 0.000000000000000000e+00 4.109591262362219388e-01 4.637334074491017977e-01 4.405731631205674348e-01 4.295385201204171000e-01 0.000000000000000000e+00 0.000000000000000000e+00 4.528381355127275021e-01 3.981434799999999385e-01 0.000000000000000000e+00 0.000000000000000000e+00 0.000000000000000000e+00 0.000000000000000000e+00 0.000000000000000000e+00 0.000000000000000000e+00 0.000000000000000000e+00 4.439921397058823604e-01 4.638124345645096014e-01 4.451978207547170330e-01 4.189065139692429440e-01 0.000000000000000000e+00 0.000000000000000000e+00 0.000000000000000000e+00 0.000000000000000000e+00 0.000000000000000000e+00 0.000000000000000000e+00 0.000000000000000000e+00 0.000000000000000000e+00 0.000000000000000000e+00
4.812018130923566006e-01 3.490496883195785549e-01 4.746696374896807735e-01 2.621848962385414095e-01 4.604826438633979890e-01 2.272187695633566540e-01 4.623728249295878667e-01 3.551013977717874526e-01 4.332519642199176291e-01 3.534588221804921826e-01 4.582015057339119957e-01 3.797660373810990420e-01 4.535810240842085284e-01 3.644873833653503592e-01 4.427562558773988077e-01 3.541584464863268833e-01 4.631595712885763771e-01 3.935553538036586918e-01 4.943561479706433670e-01 3.110971375389487981e-01 0.000000000000000000e+00 0.000000000000000000e+00 4.682085730012597313e-01 2.764794336559482923e-01 4.729203555662173097e-01 2.622310004150243401e-01 4.714202612583317520e-01 3.196496055886394738e-01 4.827897547678932644e-01 3.800312741586184817e-01 4.307873446289678387e-01 3.540484573214786601e-01 4.826966933488472389e-01 3.954339275121888098e-01 4.480433199999999672e-01 4.218948867059466590e-01 5.096388265155463726e-01 4.695347010371090923e-01 0.000000000000000000e+00 4.353030503765251691e-01 0.000000000000000000e+00 0.000000000000000000e+00 0.000000000000000000e+00 4.279519798644724204e-01 0.000000000000000000e+00 0.000000000000000000e+00 0.000000000000000000e+00 4.503338760871861690e-01 0.000000000000000000e+00 3.981730929728308777e-01 4.687680853658536817e-01 3.841003401114477800e-01 0.000000000000000000e+00 4.437948417721518379e-01 0.000000000000000000e+00 4.212374192946557461e-01 4.636967297165200952e-01 3.975995265261537126e-01 4.770063179933664577e-01 4.427178557845655171e-01 4.209848000000001034e-01 3.963090298186796034e-01 0.000000000000000000e+00 3.781040955061460429e-01 4.599578405358462629e-01 3.805567703847965721e-01 4.839274580986625551e-01 4.337065633820952892e-01 5.393891290322579968e-01 4.179096980248374615e-01 4.732633750632045944e-01 3.847801127275646271e-01 4.613612652732947406e-01 3.879637875161599525e-01 4.487104259885204005e-01 3.981344650123062601e-01 4.715696277027824346e-01 4.044786635213701853e-01 0.000000000000000000e+00 0.000000000000000000e+00 0.000000000000000000e+00 4.056416295499052360e-01 0.000000000000000000e+00 4.305737352758488012e-01 0.000000000000000000e+00 4.057275349263506081e-01 0.000000000000000000e+00 4.168398694924548842e-01 5.037200661157025250e-01 4.135033561062378960e-01 4.607082998808814667e-01 4.495422225275274020e-01 0.000000000000000000e+00 0.000000000000000000e+00 4.421534339622641974e-01 0.000000000000000000e+00 0.000000000000000000e+00 0.000000000000000000e+00 4.523476106202919955e-01 4.918940948275861147e-01 0.000000000000000000e+00 0.000000000000000000e+00 0.000000000000000000e+00 4.468607251336968456e-01 0.000000000000000000e+00 4.336064244891888464e-01 4.666658759689922276e-01 0.000000000000000000e+00 0.000000000000000000e+00 0.000000000000000000e+00 4.301783333333333847e-01 0.000000000000000000e+00 0.000000000000000000e+00 0.000000000000000000e+00 0.000000000000000000e+00 0.000000000000000000e+00
3.304844794925523299e-01 0.000000000000000000e+00 2.246842206771950679e-01 4.604826438633979890e-01 2.583809219013303848e-01 4.763353664343955018e-01 3.062709992676665993e-01 4.657607596834237862e-01 2.582924582329470531e-01 4.815787081296840078e-01 3.166443858137231171e-01 0.000000000000000000e+00 3.277760192488683999e-01 4.423780300538509569e-01 2.767019944896875749e-01 4.785877361103762495e-01 3.656259487179486789e-01 0.000000000000000000e+00 3.653767628348950081e-01 0.000000000000000000e+00 3.739698248681422865e-01 0.000000000000000000e+00 3.160472641414864281e-01 4.721308370031843671e-01 2.175035253291265624e-01 4.949890326084604997e-01 2.967476074950352039e-01 4.397041840763735721e-01 3.448932437285079922e-01 4.087460214285714155e-01 3.960948671518467190e-01 4.694180672653215369e-01 0.000000000000000000e+00 4.877677068965517448e-01 0.000000000000000000e+00 0.000000000000000000e+00 0.000000000000000000e+00 0.000000000000000000e+00 0.000000000000000000e+00 0.000000000000000000e+00 0.000000000000000000e+00 0.000000000000000000e+00 4.604977812975646900e-01 0.000000000000000000e+00 0.000000000000000000e+00 0.000000000000000000e+00 0.000000000000000000e+00 0.000000000000000000e+00 0.000000000000000000e+00 0.000000000000000000e+00 3.171093673469387864e-01 0.000000000000000000e+00 0.000000000000000000e+00 0.000000000000000000e+00 0.000000000000000000e+00 0.000000000000000000e+00 3.289931999999999856e-01 0.000000000000000000e+00 0.000000000000000000e+00 0.000000000000000000e+00 3.658357178364069484e-01 0.000000000000000000e+00 0.000000000000000000e+00 0.000000000000000000e+00 4.448538020322317377e-01 0.000000000000000000e+00 0.000000000000000000e+00 0.000000000000000000e+00 4.562833428571429484e-01 0.000000000000000000e+00 3.607337972804072757e-01 4.635095741596375607e-01 3.495608515034681618e-01 4.368486113845764796e-01 3.579942052189096224e-01 0.000000000000000000e+00 3.686554411282988442e-01 3.390810925925926145e-01 0.000000000000000000e+00 0.000000000000000000e+00 4.086178999999999784e-01 0.000000000000000000e+00 4.078789459537570106e-01 0.000000000000000000e+00 3.869289982650943038e-01 0.000000000000000000e+00 3.986038055326060481e-01 0.000000000000000000e+00 4.012367758098305814e-01 0.000000000000000000e+00 0.000000000000000000e+00 0.000000000000000000e+00 0.000000000000000000e+00 0.000000000000000000e+00 3.785575049504949496e-01 0.000000000000000000e+00 0.000000000000000000e+00 0.000000000000000000e+00 0.000000000000000000e+00 0.000000000000000000e+00 0.000000000000000000e+00 0.000000000000000000e+00 0.000000000000000000e+00 0.000000000000000000e+00 0.000000000000000000e+00 0.000000000000000000e+00 0.000000000000000000e+00 0.000000000000000000e+00 0.000000000000000000e+00 0.000000000000000000e+00 0.000000000000000000e+00 0.000000000000000000e+00 0.000000000000000000e+00 0.000000000000000000e+00 0.000000000000000000e+00 0.000000000000000000e+00
0.000000000000000000e+00 3.479794597229798891e-01 4.794690350347720620e-01 2.272187695633566540e-01 4.763353664343955018e-01 2.360836279899889700e-01 4.237043488174649930e-01 3.312228390565750136e-01 4.838467963517308346e-01 2.205939027575996303e-01 0.000000000000000000e+00 3.528824524821058128e-01 0.000000000000000000e+00 3.456690644203410656e-01 4.374351290322579522e-01 3.270551517083656323e-01 0.000000000000000000e+00 0.000000000000000000e+00 0.000000000000000000e+00 3.524225138888888442e-01 4.898148806085712015e-01 3.946486044666163151e-01 4.598953939957803883e-01 3.252960977919585051e-01 4.920331387026153358e-01 2.418680272671017428e-01 4.874325903483909816e-01 2.515670683280055164e-01 0.000000000000000000e+00 3.953215353467889326e-01 4.470795123170542840e-01 3.941629755591981588e-01 0.000000000000000000e+00 4.261737218045111852e-01 0.000000000000000000e+00 4.824884533783782570e-01 0.000000000000000000e+00 4.362106138905345598e-01 0.000000000000000000e+00 0.000000000000000000e+00 0.000000000000000000e+00 0.000000000000000000e+00 0.000000000000000000e+00 4.714386506483103645e-01 0.000000000000000000e+00 3.342719668539325673e-01 0.000000000000000000e+00 0.000000000000000000e+00 0.000000000000000000e+00 3.492711626674212533e-01 0.000000000000000000e+00 4.959777089552239171e-01 0.000000000000000000e+00 0.000000000000000000e+00 0.000000000000000000e+00 0.000000000000000000e+00 0.000000000000000000e+00 3.998100826446281952e-01 0.000000000000000000e+00 0.000000000000000000e+00 5.067115876404493235e-01 0.000000000000000000e+00 0.000000000000000000e+00 4.186906194690265814e-01 0.000000000000000000e+00 3.183293897058823707e-01 5.177051658031087689e-01 4.502131547619047103e-01 0.000000000000000000e+00 0.000000000000000000e+00 4.727491703166998849e-01 3.694031376587393889e-01 4.700333258426966365e-01 3.749588025148930526e-01 0.000000000000000000e+00 3.640588127780294281e-01 4.484059245283019135e-01 3.858293414753683481e-01 0.000000000000000000e+00 0.000000000000000000e+00 0.000000000000000000e+00 4.367439603960395211e-01 0.000000000000000000e+00 4.191120929304029130e-01 0.000000000000000000e+00 4.408062928825878801e-01 0.000000000000000000e+00 4.191429358692825846e-01 0.000000000000000000e+00 4.238313837231519887e-01 0.000000000000000000e+00 4.350931223021582972e-01 0.000000000000000000e+00 0.000000000000000000e+00 0.000000000000000000e+00 0.000000000000000000e+00 0.000000000000000000e+00 0.000000000000000000e+00 0.000000000000000000e+00 0.000000000000000000e+00 0.000000000000000000e+00 0.000000000000000000e+00 0.000000000000000000e+00 0.000000000000000000e+00 0.000000000000000000e+00 0.000000000000000000e+00 0.000000000000000000e+00 0.000000000000000000e+00 0.000000000000000000e+00 0.000000000000000000e+00 0.000000000000000000e+00 0.000000000000000000e+00 0.000000000000000000e+00 0.000000000000000000e+00 0.000000000000000000e+00 0.000000000000000000e+00
3.033792233772520386e-01 4.655478111738916569e-01 3.329925099249518849e-01 4.623728249295878667e-01 3.062709992676665993e-01 4.237043488174649930e-01 2.729521611985956109e-01 4.537408581655744122e-01 3.051727714763264321e-01 4.139248767901234083e-01 3.653962290282270486e-01 4.528481439298359112e-01 3.177281532963479593e-01 4.493850247060515724e-01 3.151770054873746507e-01 4.394390420918655171e-01 3.692389328180401553e-01 4.731145038123886759e-01 3.792784281920011935e-01 4.708102292767747943e-01 0.000000000000000000e+00 0.000000000000000000e+00 3.682300425898711316e-01 4.532460124068192209e-01 3.632825704158820224e-01 4.084430316768863922e-01 0.000000000000000000e+00 0.000000000000000000e+00 3.450845231237414379e-01 4.577077307998355105e-01 3.691911206265590661e-01 4.474006026647429080e-01 4.111752404050473819e-01 4.742984246129606785e-01 0.000000000000000000e+00 0.000000000000000000e+00 4.368718824423973857e-01 0.000000000000000000e+00 0.000000000000000000e+00 0.000000000000000000e+00 0.000000000000000000e+00 0.000000000000000000e+00 4.711490187462686885e-01 0.000000000000000000e+00 3.663002516492793181e-01 0.000000000000000000e+00 0.000000000000000000e+00 0.000000000000000000e+00 3.696725274968910013e-01 4.192408451590177165e-01 3.707980008687162821e-01 4.168725750962667953e-01 4.200433375796178148e-01 0.000000000000000000e+00 3.732514086691411381e-01 0.000000000000000000e+00 3.763554588946085300e-01 4.307017857142856898e-01 3.766766174715376336e-01 4.546115028055891516e-01 3.717688755063703887e-01 0.000000000000000000e+00 3.538173954377492603e-01 0.000000000000000000e+00 3.744577549776185177e-01 4.081969776541247152e-01 3.894070868701969834e-01 4.609515624037911485e-01 4.017571794123442896e-01 0.000000000000000000e+00 3.283918503943781264e-01 4.506554783926324248e-01 3.572538118761272030e-01 4.597663132431682453e-01 3.422350115226701073e-01 4.491724545454545692e-01 3.728971467528818251e-01 4.549593538568667550e-01 0.000000000000000000e+00 0.000000000000000000e+00 3.710919474756269598e-01 0.000000000000000000e+00 4.218428901597402469e-01 0.000000000000000000e+00 3.802229000618854160e-01 4.347846180555555717e-01 0.000000000000000000e+00 0.000000000000000000e+00 3.810834005992997930e-01 4.077945906735750969e-01 0.000000000000000000e+00 4.527935937066273064e-01 0.000000000000000000e+00 0.000000000000000000e+00 4.273245721138936859e-01 0.000000000000000000e+00 0.000000000000000000e+00 0.000000000000000000e+00 0.000000000000000000e+00 0.000000000000000000e+00 0.000000000000000000e+00 0.000000000000000000e+00 0.000000000000000000e+00 4.165172919708028942e-01 4.179407804565687390e-01 4.381335364853338188e-01 0.000000000000000000e+00 0.000000000000000000e+00 0.000000000000000000e+00 0.000000000000000000e+00 0.000000000000000000e+00 0.000000000000000000e+00 0.000000000000000000e+00 0.000000000000000000e+00 0.000000000000000000e+00 0.000000000000000000e+00
4.686577467182324597e-01 3.168675829323118753e-01 4.725989745526041896e-01 3.551013977717874526e-01 4.657607596834237862e-01 3.312228390565750136e-01 4.537408581655744122e-01 2.840436186739870861e-01 4.407075744066623058e-01 3.118729229352126819e-01 4.554608421734022139e-01 3.201898769263841205e-01 4.534645180662470465e-01 3.105939181427447848e-01 4.412217045995489584e-01 3.106542829838496722e-01 4.577803784886613769e-01 3.856427213091376816e-01 4.769853463836206120e-01 3.903471887243741278e-01 0.000000000000000000e+00 0.000000000000000000e+00 4.648908791091292403e-01 3.727113499437340605e-01 4.456746151168013981e-01 0.000000000000000000e+00 0.000000000000000000e+00 0.000000000000000000e+00 4.483404597286571591e-01 3.606127699043876755e-01 4.307833566526928504e-01 3.882869846528206326e-01 4.670597947588523979e-01 3.830963420075972348e-01 0.000000000000000000e+00 3.636957079004400906e-01 4.851299558943735213e-01 4.599547161721715960e-01 0.000000000000000000e+00 4.181297519379845173e-01 0.000000000000000000e+00 0.000000000000000000e+00 4.614560451612902403e-01 3.853052522187500051e-01 0.000000000000000000e+00 3.605159639838401153e-01 0.000000000000000000e+00 0.000000000000000000e+00 0.000000000000000000e+00 3.540506359768655353e-01 0.000000000000000000e+00 3.586942677814998204e-01 0.000000000000000000e+00 3.690757148557133882e-01 0.000000000000000000e+00 3.651846355341666350e-01 4.809547869018321320e-01 3.658395267535754503e-01 4.609109858538016358e-01 4.030529993393842103e-01 4.427331471069310687e-01 3.627539699525856309e-01 4.194327716535433681e-01 3.748711956177610549e-01 4.319635877366888588e-01 3.611017200798942728e-01 4.742205755044046622e-01 3.898898464109947226e-01 4.468088344392402433e-01 4.178171842607217856e-01 4.826955562724299931e-01 3.297119715428772913e-01 4.472062016639313797e-01 3.754462512202059732e-01 4.358173607213088330e-01 3.623378333203479684e-01 4.584145821531545040e-01 3.947399811874051645e-01 0.000000000000000000e+00 0.000000000000000000e+00 0.000000000000000000e+00 3.804573495616649370e-01 0.000000000000000000e+00 4.262744647887324323e-01 4.231508208092485401e-01 3.790737987770395057e-01 0.000000000000000000e+00 3.549105087719298113e-01 0.000000000000000000e+00 3.754245932689572185e-01 4.387818066666666073e-01 4.304736917579551903e-01 0.000000000000000000e+00 0.000000000000000000e+00 4.690085038167938203e-01 0.000000000000000000e+00 0.000000000000000000e+00 0.000000000000000000e+00 0.000000000000000000e+00 0.000000000000000000e+00 0.000000000000000000e+00 4.477714426229508771e-01 0.000000000000000000e+00 4.514249508850134984e-01 0.000000000000000000e+00 0.000000000000000000e+00 0.000000000000000000e+00 0.000000000000000000e+00 0.000000000000000000e+00 0.000000000000000000e+00 0.000000000000000000e+00 0.000000000000000000e+00 0.000000000000000000e+00 0.000000000000000000e+00 0.000000000000000000e+00 0.000000000000000000e+00
3.532293492025708748e-01 4.454369924812029979e-01 3.231031966137309919e-01 4.332519642199176291e-01 2.582924582329470531e-01 4.838467963517308346e-01 3.051727714763264321e-01 4.407075744066623058e-01 2.345181109998742963e-01 0.000000000000000000e+00 3.542643979231368534e-01 0.000000000000000000e+00 2.583343626098164036e-01 4.171698301886792581e-01 2.833134883355007405e-01 4.363156848230484997e-01 3.737816400000000261e-01 0.000000000000000000e+00 3.791962726772971637e-01 0.000000000000000000e+00 0.000000000000000000e+00 0.000000000000000000e+00 3.514925995278966875e-01 4.478490664681236688e-01 3.355431681318680748e-01 4.458524031150218891e-01 3.136469310047104164e-01 0.000000000000000000e+00 3.372276482921744423e-01 0.000000000000000000e+00 3.434204398342421971e-01 4.304794548613766203e-01 0.000000000000000000e+00 0.000000000000000000e+00 0.000000000000000000e+00 0.000000000000000000e+00 0.000000000000000000e+00 0.000000000000000000e+00 0.000000000000000000e+00 0.000000000000000000e+00 0.000000000000000000e+00 0.000000000000000000e+00 0.000000000000000000e+00 0.000000000000000000e+00 0.000000000000000000e+00 0.000000000000000000e+00 0.000000000000000000e+00 0.000000000000000000e+00 0.000000000000000000e+00 0.000000000000000000e+00 4.088643586863391910e-01 0.000000000000000000e+00 0.000000000000000000e+00 0.000000000000000000e+00 0.000000000000000000e+00 0.000000000000000000e+00 3.675218798861200620e-01 0.000000000000000000e+00 3.681732870370370558e-01 0.000000000000000000e+00 3.970787777216465142e-01 0.000000000000000000e+00 3.761177628032344455e-01 0.000000000000000000e+00 3.833132062945736607e-01 0.000000000000000000e+00 4.140780874272718126e-01 0.000000000000000000e+00 4.578864421768706894e-01 0.000000000000000000e+00 3.139279985960009012e-01 0.000000000000000000e+00 3.557611053764763720e-01 4.855472395833332899e-01 3.425864690163311632e-01 0.000000000000000000e+00 3.722460399150762655e-01 0.000000000000000000e+00 0.000000000000000000e+00 0.000000000000000000e+00 3.649291873406593223e-01 0.000000000000000000e+00 3.890857829166666781e-01 0.000000000000000000e+00 3.941781368190450108e-01 0.000000000000000000e+00 4.000980144134858030e-01 0.000000000000000000e+00 4.208432329949221007e-01 0.000000000000000000e+00 4.112514034482758762e-01 0.000000000000000000e+00 0.000000000000000000e+00 0.000000000000000000e+00 0.000000000000000000e+00 0.000000000000000000e+00 0.000000000000000000e+00 0.000000000000000000e+00 0.000000000000000000e+00 0.000000000000000000e+00 0.000000000000000000e+00 0.000000000000000000e+00 0.000000000000000000e+00 0.000000000000000000e+00 0.000000000000000000e+00 0.000000000000000000e+00 0.000000000000000000e+00 0.000000000000000000e+00 0.000000000000000000e+00 0.000000000000000000e+00 0.000000000000000000e+00 0.000000000000000000e+00 0.000000000000000000e+00 0.000000000000000000e+00 0.000000000000000000e+00 0.000000000000000000e+00
0.000000000000000000e+00 3.783224352355950559e-01 4.612945537279662389e-01 3.534588221804921826e-01 4.815787081296840078e-01 2.205939027575996303e-01 4.139248767901234083e-01 3.118729229352126819e-01 0.000000000000000000e+00 2.555805923770598231e-01 0.000000000000000000e+00 3.533496767951884721e-01 0.000000000000000000e+00 3.432685989990065245e-01 0.000000000000000000e+00 3.082403777646764431e-01 0.000000000000000000e+00 0.000000000000000000e+00 0.000000000000000000e+00 3.845304182795699077e-01 0.000000000000000000e+00 0.000000000000000000e+00 4.462499884693227337e-01 4.081221929824561112e-01 4.753278804321069972e-01 0.000000000000000000e+00 0.000000000000000000e+00 0.000000000000000000e+00 0.000000000000000000e+00 3.905373575376950845e-01 4.467515340909090638e-01 3.807350108094519903e-01 0.000000000000000000e+00 4.268147786885245765e-01 0.000000000000000000e+00 0.000000000000000000e+00 0.000000000000000000e+00 4.413329206181244579e-01 0.000000000000000000e+00 0.000000000000000000e+00 0.000000000000000000e+00 0.000000000000000000e+00 0.000000000000000000e+00 4.324650072315457949e-01 0.000000000000000000e+00 4.639910969696970922e-01 0.000000000000000000e+00 4.326653301891058567e-01 0.000000000000000000e+00 3.324836934042553205e-01 0.000000000000000000e+00 3.887027868363117644e-01 0.000000000000000000e+00 0.000000000000000000e+00 0.000000000000000000e+00 4.034620945272909820e-01 0.000000000000000000e+00 4.020963208465818672e-01 0.000000000000000000e+00 3.487640286493033925e-01 0.000000000000000000e+00 3.999344977393430867e-01 0.000000000000000000e+00 3.942294380333375980e-01 0.000000000000000000e+00 3.384052920543696441e-01 5.034592368421053621e-01 4.557605259740258874e-01 0.000000000000000000e+00 0.000000000000000000e+00 0.000000000000000000e+00 3.520731559275122047e-01 4.156391760204082297e-01 3.779423996394231100e-01 0.000000000000000000e+00 3.821578357368006773e-01 0.000000000000000000e+00 3.895159249889953434e-01 0.000000000000000000e+00 0.000000000000000000e+00 0.000000000000000000e+00 4.227695651406736532e-01 0.000000000000000000e+00 0.000000000000000000e+00 0.000000000000000000e+00 4.393372452098310288e-01 0.000000000000000000e+00 3.887996538461537810e-01 0.000000000000000000e+00 4.241445277647077350e-01 0.000000000000000000e+00 4.080688571428571221e-01 0.000000000000000000e+00 0.000000000000000000e+00 0.000000000000000000e+00 0.000000000000000000e+00 0.000000000000000000e+00 0.000000000000000000e+00 0.000000000000000000e+00 0.000000000000000000e+00 0.000000000000000000e+00 0.000000000000000000e+00 3.885160709677419888e-01 4.348988684210525757e-01 0.000000000000000000e+00 4.159342413793102877e-01 0.000000000000000000e+00 0.000000000000000000e+00 0.000000000000000000e+00 0.000000000000000000e+00 0.000000000000000000e+00 0.000000000000000000e+00 0.000000000000000000e+00 0.000000000000000000e+00 0.000000000000000000e+00 0.000000000000000000e+00
3.132633293736402091e-01 4.590171049769937173e-01 3.762894370626242435e-01 4.582015057339119957e-01 3.166443858137231171e-01 0.000000000000000000e+00 3.653962290282270486e-01 4.554608421734022139e-01 3.542643979231368534e-01 0.000000000000000000e+00 3.027251648639123771e-01 4.583540869313791899e-01 3.357680031682437893e-01 4.516123331089340054e-01 3.737556815831934443e-01 0.000000000000000000e+00 3.227873325640837621e-01 4.795137294930875704e-01 3.911971322348339886e-01 4.795602241786812159e-01 0.000000000000000000e+00 0.000000000000000000e+00 3.865140458876069607e-01 4.301020121158791731e-01 3.975708141592920741e-01 0.000000000000000000e+00 0.000000000000000000e+00 0.000000000000000000e+00 3.517478812096226370e-01 4.494595054902961739e-01 3.669539086571425579e-01 4.544865230269479750e-01 3.825242684436770402e-01 4.755109894425716965e-01 0.000000000000000000e+00 0.000000000000000000e+00 4.566830610113037925e-01 0.000000000000000000e+00 0.000000000000000000e+00 0.000000000000000000e+00 0.000000000000000000e+00 0.000000000000000000e+00 0.000000000000000000e+00 0.000000000000000000e+00 4.178084305555554989e-01 0.000000000000000000e+00 3.423150428571428150e-01 0.000000000000000000e+00 3.952221494708994531e-01 0.000000000000000000e+00 3.913346363136020467e-01 0.000000000000000000e+00 0.000000000000000000e+00 0.000000000000000000e+00 0.000000000000000000e+00 0.000000000000000000e+00 3.688988564907995094e-01 0.000000000000000000e+00 4.014615915601267848e-01 0.000000000000000000e+00 4.052773635909484029e-01 0.000000000000000000e+00 3.762994607179145912e-01 0.000000000000000000e+00 4.063538431336310985e-01 0.000000000000000000e+00 3.979115168535273805e-01 4.831385833333333157e-01 3.880303582839261800e-01 0.000000000000000000e+00 3.471192309336476045e-01 0.000000000000000000e+00 3.785151645462712100e-01 4.502785291334532869e-01 3.550072316265138195e-01 0.000000000000000000e+00 3.947586618332164510e-01 4.706735985471553474e-01 0.000000000000000000e+00 0.000000000000000000e+00 3.874341925551832988e-01 0.000000000000000000e+00 0.000000000000000000e+00 0.000000000000000000e+00 3.963318034312701688e-01 0.000000000000000000e+00 0.000000000000000000e+00 0.000000000000000000e+00 3.851567408028426232e-01 0.000000000000000000e+00 0.000000000000000000e+00 0.000000000000000000e+00 0.000000000000000000e+00 0.000000000000000000e+00 4.286528169014085510e-01 0.000000000000000000e+00 0.000000000000000000e+00 0.000000000000000000e+00 0.000000000000000000e+00 0.000000000000000000e+00 0.000000000000000000e+00 0.000000000000000000e+00 0.000000000000000000e+00 0.000000000000000000e+00 0.000000000000000000e+00 0.000000000000000000e+00 0.000000000000000000e+00 0.000000000000000000e+00 0.000000000000000000e+00 0.000000000000000000e+00 0.000000000000000000e+00 0.000000000000000000e+00 0.000000000000000000e+00 0.000000000000000000e+00 0.000000000000000000e+00 0.000000000000000000e+00
4.594527979365471970e-01 3.556342847067289203e-01 4.652401632649647567e-01 3.797660373810990420e-01 0.000000000000000000e+00 3.528824524821058128e-01 4.528481439298359112e-01 3.201898769263841205e-01 0.000000000000000000e+00 3.533496767951884721e-01 4.583540869313791899e-01 2.794248666970747252e-01 4.417869542233752167e-01 3.119172806347031424e-01 0.000000000000000000e+00 3.518618031609314079e-01 4.568287102858482052e-01 3.442540819490687021e-01 4.766742438717296859e-01 3.989845819099636093e-01 0.000000000000000000e+00 0.000000000000000000e+00 4.695037832991761362e-01 3.836420397990847886e-01 0.000000000000000000e+00 3.952511190476190039e-01 0.000000000000000000e+00 0.000000000000000000e+00 0.000000000000000000e+00 3.394517078152370360e-01 4.334842752887352879e-01 3.705252645600374262e-01 4.596763571439098084e-01 3.819145649649028917e-01 0.000000000000000000e+00 4.153148798989351742e-01 0.000000000000000000e+00 4.454991666666667238e-01 0.000000000000000000e+00 4.443455913043478089e-01 0.000000000000000000e+00 0.000000000000000000e+00 0.000000000000000000e+00 0.000000000000000000e+00 0.000000000000000000e+00 0.000000000000000000e+00 0.000000000000000000e+00 4.208705600000000047e-01 0.000000000000000000e+00 3.535372957929894810e-01 4.124421193181817547e-01 3.738398816498285093e-01 0.000000000000000000e+00 3.716472684681279559e-01 0.000000000000000000e+00 3.823949363852610639e-01 0.000000000000000000e+00 3.990409499040659669e-01 4.338141096774193461e-01 3.987691472436580842e-01 0.000000000000000000e+00 4.201717482966803585e-01 0.000000000000000000e+00 4.143356609202242247e-01 0.000000000000000000e+00 3.958957989733748462e-01 4.679437043802253671e-01 4.130984835579821768e-01 0.000000000000000000e+00 3.996535342170562388e-01 4.808898160897484009e-01 3.511338922797428430e-01 4.565561793114530920e-01 3.686943443536611076e-01 4.381816989247310778e-01 0.000000000000000000e+00 4.624537061571959984e-01 3.932468676428226284e-01 0.000000000000000000e+00 0.000000000000000000e+00 0.000000000000000000e+00 3.996067088745617890e-01 0.000000000000000000e+00 0.000000000000000000e+00 0.000000000000000000e+00 4.259902067449520269e-01 0.000000000000000000e+00 4.173079496402877231e-01 0.000000000000000000e+00 4.006701397390554642e-01 0.000000000000000000e+00 0.000000000000000000e+00 0.000000000000000000e+00 0.000000000000000000e+00 4.807816511627907019e-01 0.000000000000000000e+00 0.000000000000000000e+00 0.000000000000000000e+00 0.000000000000000000e+00 0.000000000000000000e+00 0.000000000000000000e+00 0.000000000000000000e+00 0.000000000000000000e+00 4.731707173913043962e-01 0.000000000000000000e+00 0.000000000000000000e+00 0.000000000000000000e+00 0.000000000000000000e+00 0.000000000000000000e+00 0.000000000000000000e+00 0.000000000000000000e+00 0.000000000000000000e+00 0.000000000000000000e+00 0.000000000000000000e+00 0.000000000000000000e+00 0.000000000000000000e+00
3.654781471115302049e-01 4.424474610181130529e-01 3.494967607376270324e-01 4.535810240842085284e-01 3.277760192488683999e-01 0.000000000000000000e+00 3.177281532963479593e-01 4.534645180662470465e-01 2.583343626098164036e-01 0.000000000000000000e+00 3.357680031682437893e-01 4.417869542233752167e-01 2.690300631039596602e-01 4.443593607928527645e-01 2.907130139793535073e-01 4.248527155524104981e-01 3.799543847558102816e-01 4.281495864661654105e-01 3.814518434425417381e-01 4.701614628631712867e-01 0.000000000000000000e+00 0.000000000000000000e+00 3.725954892538681507e-01 4.576877729909060166e-01 3.254847011669907975e-01 0.000000000000000000e+00 0.000000000000000000e+00 0.000000000000000000e+00 3.239406852363211908e-01 4.551522651537001085e-01 3.686278271041713017e-01 4.443748049786470644e-01 3.725009367087139811e-01 4.607062726327910140e-01 0.000000000000000000e+00 0.000000000000000000e+00 4.245040400845391804e-01 0.000000000000000000e+00 0.000000000000000000e+00 0.000000000000000000e+00 0.000000000000000000e+00 0.000000000000000000e+00 0.000000000000000000e+00 0.000000000000000000e+00 0.000000000000000000e+00 0.000000000000000000e+00 4.692801691780821849e-01 0.000000000000000000e+00 3.915577233442802396e-01 0.000000000000000000e+00 3.995832671761924693e-01 0.000000000000000000e+00 0.000000000000000000e+00 0.000000000000000000e+00 0.000000000000000000e+00 0.000000000000000000e+00 3.782820345232478232e-01 4.512675184149184116e-01 4.007779120601917544e-01 0.000000000000000000e+00 4.014050012670918877e-01 0.000000000000000000e+00 3.796855804102752252e-01 0.000000000000000000e+00 4.112810215845640327e-01 3.954918456790122994e-01 4.028968603116070413e-01 4.303513021582733855e-01 0.000000000000000000e+00 0.000000000000000000e+00 3.436119589007278208e-01 4.598024229956133579e-01 3.700732868176317969e-01 4.582484409810748116e-01 3.325252247576885312e-01 0.000000000000000000e+00 3.858939864630103744e-01 4.695866804913230719e-01 0.000000000000000000e+00 0.000000000000000000e+00 3.732733778297162575e-01 0.000000000000000000e+00 4.320176060606061297e-01 0.000000000000000000e+00 3.971968229060816036e-01 0.000000000000000000e+00 0.000000000000000000e+00 0.000000000000000000e+00 4.021160229297516819e-01 0.000000000000000000e+00 0.000000000000000000e+00 4.523999632352940781e-01 0.000000000000000000e+00 0.000000000000000000e+00 0.000000000000000000e+00 0.000000000000000000e+00 0.000000000000000000e+00 0.000000000000000000e+00 0.000000000000000000e+00 0.000000000000000000e+00 0.000000000000000000e+00 0.000000000000000000e+00 0.000000000000000000e+00 0.000000000000000000e+00 0.000000000000000000e+00 0.000000000000000000e+00 4.398760181818181514e-01 0.000000000000000000e+00 0.000000000000000000e+00 0.000000000000000000e+00 0.000000000000000000e+00 0.000000000000000000e+00 0.000000000000000000e+00 0.000000000000000000e+00 0.000000000000000000e+00 0.000000000000000000e+00
