0.000000000000000000e+00 2.184277636101563530e-02 6.439751084291910066e-02 5.979255643685173899e-03 2.094972067039106104e-03 0.000000000000000000e+00 8.647942521227955370e-02 1.721311475409836173e-02 1.391788448155880384e-03 0.000000000000000000e+00 2.465960665658093742e-01 1.300178774581504980e-03 3.085473361441165227e-02 6.119951040391676325e-04 2.782415136338341546e-03 0.000000000000000000e+00 8.673853096014039199e-02 4.946866984243312136e-03 1.031623330990864423e-01 3.074944463930784355e-02 0.000000000000000000e+00 0.000000000000000000e+00 2.235350471020278000e-03 1.067520683213237257e-03 5.324813631522897200e-04 0.000000000000000000e+00 5.125576627370579058e-04 0.000000000000000000e+00 3.916399924684616646e-02 3.063457330415754985e-03 6.510915358100344448e-03 0.000000000000000000e+00 5.715332478475911027e-02 1.322690992018244090e-02 3.584229390681003581e-04 0.000000000000000000e+00 4.487443392342527898e-02 3.836930455635491691e-03 6.138735420503375808e-04 0.000000000000000000e+00 2.500000000000000139e-02 0.000000000000000000e+00 1.509889778046202705e-04 0.000000000000000000e+00 2.541296060991105575e-03 2.051702913418137000e-04 0.000000000000000000e+00 0.000000000000000000e+00 2.822085889570551988e-03 1.504551267584442853e-04 2.739094346583048969e-02 8.415383320710258881e-05 3.589375448671931214e-04 0.000000000000000000e+00 1.952277657266811382e-03 0.000000000000000000e+00 2.126805778491171750e-01 3.970427163198247782e-03 3.507462686567164312e-02 7.463614877472322159e-04 5.576503274459217868e-02 3.676470588235294067e-04 7.993605115907274211e-03 5.832037325038880778e-04 4.001032524522457612e-02 0.000000000000000000e+00 3.850679217028559267e-03 7.220216606498194552e-04 5.177045177045177388e-02 1.073345259391770938e-02 4.918639053254438009e-02 1.360235774200861409e-03 2.408016751420879314e-02 3.861907548273844221e-03 6.743737957610789792e-03 9.519276534983340957e-04 3.565705128205128027e-02 6.014434643143544423e-03 0.000000000000000000e+00 0.000000000000000000e+00 2.333969870570761721e-03 0.000000000000000000e+00 1.669449081803005058e-03 0.000000000000000000e+00 3.853652941851129499e-02 9.837678307919330803e-05 0.000000000000000000e+00 0.000000000000000000e+00 1.387213510253317190e-02 1.577038322031225261e-04 2.857142857142857140e-03 1.363326516700749886e-03 0.000000000000000000e+00 0.000000000000000000e+00 1.931649331352154608e-02 0.000000000000000000e+00 8.695652173913043584e-03 0.000000000000000000e+00 2.670226969292389778e-03 2.150537634408602149e-03 2.083333333333333304e-03 0.000000000000000000e+00 3.973509933774834434e-03 8.099352051835853085e-04 6.874427131072410532e-03 0.000000000000000000e+00 0.000000000000000000e+00 0.000000000000000000e+00 0.000000000000000000e+00 0.000000000000000000e+00 0.000000000000000000e+00 0.000000000000000000e+00 0.000000000000000000e+00 0.000000000000000000e+00 0.000000000000000000e+00 8.620689655172413673e-03
2.184277636101563530e-02 0.000000000000000000e+00 5.374316424665283483e-03 6.906650396583283169e-02 0.000000000000000000e+00 8.972633467922835069e-04 3.527106466361854854e-03 1.284153005464480912e-01 0.000000000000000000e+00 4.790419161676646650e-03 4.236006051437216091e-03 8.256135218592557112e-02 0.000000000000000000e+00 9.791921664626682120e-03 0.000000000000000000e+00 1.458434613514827472e-03 1.754825770869892229e-03 4.763649688530597476e-02 2.909346451159522048e-02 5.308079036595346467e-02 0.000000000000000000e+00 0.000000000000000000e+00 6.386715631486508107e-04 1.334400854016546626e-03 0.000000000000000000e+00 1.142857142857142943e-03 0.000000000000000000e+00 0.000000000000000000e+00 5.648653737525889977e-04 5.886214442013128906e-02 7.659900421294523008e-04 3.096934035305047919e-04 1.044147279721560802e-02 1.334093500570125365e-02 0.000000000000000000e+00 7.530120481927711235e-04 4.116920543433511773e-04 7.002398081534771945e-02 0.000000000000000000e+00 8.802816901408450903e-04 0.000000000000000000e+00 0.000000000000000000e+00 0.000000000000000000e+00 3.988035892323030696e-04 0.000000000000000000e+00 7.180960196963479501e-04 0.000000000000000000e+00 1.940240589833139176e-04 0.000000000000000000e+00 5.341156999924772004e-03 9.222539887485013352e-05 2.129091980139695417e-02 0.000000000000000000e+00 1.468624833110814465e-03 0.000000000000000000e+00 2.315302041675436958e-03 2.407704654895666003e-03 2.441128148959474387e-01 3.731343283582089589e-04 4.440850852096031587e-02 5.953562214725143832e-04 6.801470588235293546e-02 2.664535038635757998e-04 1.730171073094867798e-02 7.743933918430562224e-04 2.024898755062246730e-02 8.557064926730131946e-04 8.870551830840640167e-03 2.368742368742368654e-02 1.127012522361359598e-01 1.849112426035502861e-03 4.194060303785989569e-02 1.645228836374514015e-03 5.055588063194850490e-02 0.000000000000000000e+00 9.519276534983340740e-03 5.008012820512820935e-03 6.896551724137930939e-02 0.000000000000000000e+00 0.000000000000000000e+00 2.121790791427965127e-04 1.471489883507050810e-02 0.000000000000000000e+00 0.000000000000000000e+00 0.000000000000000000e+00 2.970978848991637916e-02 0.000000000000000000e+00 0.000000000000000000e+00 0.000000000000000000e+00 1.198549124743731285e-02 7.142857142857142634e-03 1.022494887525562425e-02 1.492537313432835836e-03 2.229654403567447006e-03 1.040118870728083157e-02 6.329113924050632813e-03 3.726708074534161412e-03 4.395604395604395601e-03 8.010680907877170201e-03 1.720430107526881719e-02 0.000000000000000000e+00 0.000000000000000000e+00 4.415011037527593815e-03 4.589632829373650226e-03 1.833180568285976229e-03 4.115226337448560021e-03 1.536098310291858678e-03 0.000000000000000000e+00 0.000000000000000000e+00 0.000000000000000000e+00 0.000000000000000000e+00 0.000000000000000000e+00 2.631578947368420907e-02 0.000000000000000000e+00 0.000000000000000000e+00 0.000000000000000000e+00
6.439751084291910066e-02 5.374316424665283483e-03 0.000000000000000000e+00 7.077486272117144810e-03 1.431564245810055813e-01 4.486316733961417426e-03 3.135205747877204407e-01 2.117486338797814130e-02 5.915100904662490972e-02 7.185628742514969976e-03 6.021180030257185928e-02 5.525759791971396329e-03 1.316596397087006487e-01 8.771929824561403022e-03 4.117974401780745419e-02 8.264462809917355601e-03 2.607169716720982716e-02 1.832172957127152892e-03 1.502459592410400613e-01 6.664328305857594205e-03 3.911342894393742171e-03 0.000000000000000000e+00 2.021395497365479910e-01 9.340805978115826816e-03 1.331203407880724165e-01 9.142857142857143543e-03 6.663249615581752494e-02 0.000000000000000000e+00 4.236490303144416908e-02 1.750547045951860023e-03 5.591727307545001774e-02 2.384639207184886811e-02 1.135739146363802868e-02 3.648802736602052392e-03 3.584229390681003581e-04 3.765060240963855618e-04 1.317414573898723767e-02 4.796163069544364613e-04 0.000000000000000000e+00 0.000000000000000000e+00 0.000000000000000000e+00 0.000000000000000000e+00 4.529669334138608115e-04 0.000000000000000000e+00 7.782719186785260444e-03 1.025851456709068500e-04 0.000000000000000000e+00 0.000000000000000000e+00 8.098159509202453379e-03 1.504551267584442853e-04 1.079037166835746485e-02 0.000000000000000000e+00 1.435750179468772486e-03 1.335113484646194943e-04 3.253796095444685347e-03 0.000000000000000000e+00 5.778491171749599101e-03 6.845564074479736994e-04 1.194029850746268669e-02 4.975743251648214772e-04 3.175233181186743522e-03 0.000000000000000000e+00 2.398081534772182090e-03 0.000000000000000000e+00 4.646360351058337335e-03 1.499925003749812461e-04 1.197989089742218342e-02 5.157297576070139430e-04 9.523809523809524669e-03 0.000000000000000000e+00 5.658284023668638807e-02 1.133529811834051246e-03 8.973975471133711912e-02 3.393797542422469400e-03 2.504816955684007612e-02 0.000000000000000000e+00 8.854166666666667129e-02 6.415396952686447385e-03 0.000000000000000000e+00 0.000000000000000000e+00 6.789730532569488407e-03 0.000000000000000000e+00 0.000000000000000000e+00 0.000000000000000000e+00 9.404748250946209226e-03 0.000000000000000000e+00 0.000000000000000000e+00 0.000000000000000000e+00 3.920386007237635501e-03 0.000000000000000000e+00 7.142857142857142634e-03 6.816632583503749211e-03 0.000000000000000000e+00 2.229654403567447006e-03 4.457652303120356735e-02 6.329113924050632813e-03 3.726708074534161412e-03 2.197802197802197800e-03 2.670226969292389778e-03 4.301075268817204297e-03 2.083333333333333304e-03 0.000000000000000000e+00 3.973509933774834434e-03 2.159827213822894301e-03 1.879010082493125580e-02 1.828989483310470903e-03 1.536098310291858678e-03 0.000000000000000000e+00 0.000000000000000000e+00 0.000000000000000000e+00 7.800312012480499491e-04 0.000000000000000000e+00 0.000000000000000000e+00 0.000000000000000000e+00 0.000000000000000000e+00 4.310344827586206837e-03
5.979255643685173899e-03 6.906650396583283169e-02 7.077486272117144810e-03 0.000000000000000000e+00 1.047486033519553052e-03 7.088380439659039411e-02 1.071195297191378237e-02 1.221311475409836006e-01 1.391788448155880384e-03 2.994011976047904200e-02 4.538577912254160469e-03 4.518121241670729898e-02 1.169030279800689978e-02 6.058751529987760343e-02 0.000000000000000000e+00 2.382109868740884748e-02 2.256204562547004140e-03 2.418468303407841566e-02 8.713984539704849527e-03 1.728048637904828766e-01 0.000000000000000000e+00 0.000000000000000000e+00 1.852147533131087362e-02 2.970376301040832390e-01 2.129925452609158880e-03 6.628571428571428115e-02 0.000000000000000000e+00 8.958566629339305767e-03 1.129730747505177995e-03 2.078774617067833536e-02 3.715051704327843735e-02 3.096934035305047919e-02 5.678695731819014339e-03 2.086659064994298915e-02 0.000000000000000000e+00 1.506024096385542247e-03 0.000000000000000000e+00 2.925659472422062479e-02 6.138735420503375808e-04 0.000000000000000000e+00 0.000000000000000000e+00 0.000000000000000000e+00 0.000000000000000000e+00 1.994017946161515348e-04 1.588310038119440984e-04 2.974969224456298651e-03 0.000000000000000000e+00 1.940240589833139176e-04 1.226993865030674919e-04 3.761378168961107375e-03 9.222539887485013352e-05 3.113691828662795529e-03 0.000000000000000000e+00 4.005340453938584558e-04 0.000000000000000000e+00 2.104820037886760600e-04 0.000000000000000000e+00 6.161007667031763620e-03 2.487562189054726212e-04 2.898370444085085137e-02 3.969041476483429402e-04 1.102941176470588220e-03 5.329070077271515996e-04 1.944012441679626745e-04 0.000000000000000000e+00 5.999700014999249844e-04 3.208899347523799209e-04 2.723053120165033411e-02 1.465201465201465200e-03 1.610017889087656667e-02 1.479289940828402332e-03 2.425753797324869607e-02 2.991325157044570898e-03 7.138677589233469178e-02 2.408477842003853373e-03 1.475487862922417875e-02 2.203525641025641003e-03 8.761026463512429363e-02 0.000000000000000000e+00 0.000000000000000000e+00 0.000000000000000000e+00 2.452483139178418016e-03 0.000000000000000000e+00 0.000000000000000000e+00 0.000000000000000000e+00 1.967535661583866106e-03 0.000000000000000000e+00 0.000000000000000000e+00 0.000000000000000000e+00 2.050149818640593057e-03 7.142857142857142634e-03 4.771642808452624708e-03 4.477611940298507724e-03 1.114827201783723503e-03 1.783060921248142555e-02 6.329113924050632813e-03 1.242236024844720543e-03 2.197802197802197800e-03 6.675567423230974878e-03 4.301075268817204297e-03 0.000000000000000000e+00 0.000000000000000000e+00 1.766004415011037526e-03 3.509719222462202859e-03 2.749770852428964126e-03 2.286236854138088900e-03 0.000000000000000000e+00 0.000000000000000000e+00 0.000000000000000000e+00 0.000000000000000000e+00 1.560062402496099898e-03 0.000000000000000000e+00 0.000000000000000000e+00 1.355013550135501354e-03 2.242152466367712971e-03 0.000000000000000000e+00
2.094972067039106104e-03 0.000000000000000000e+00 1.431564245810055813e-01 1.047486033519553052e-03 0.000000000000000000e+00 6.280843427545985090e-03 6.401045068582625862e-03 2.732240437158469943e-04 3.897007654836464607e-01 4.790419161676646650e-03 0.000000000000000000e+00 0.000000000000000000e+00 2.874664622460713047e-03 2.039983680130558956e-04 1.112966054535336619e-01 9.722897423432182423e-04 0.000000000000000000e+00 0.000000000000000000e+00 2.108222066057624522e-03 0.000000000000000000e+00 2.086049543676662260e-02 2.538071065989847518e-03 9.101069774868273538e-03 2.668801708033093252e-03 2.172523961661341763e-01 1.028571428571428518e-02 2.542286007175807439e-01 3.359462486002239446e-03 1.675767275466013770e-02 0.000000000000000000e+00 8.042895442359249483e-03 7.122948281201610214e-03 5.495511998534530250e-04 2.280501710376282745e-04 0.000000000000000000e+00 0.000000000000000000e+00 0.000000000000000000e+00 0.000000000000000000e+00 0.000000000000000000e+00 0.000000000000000000e+00 0.000000000000000000e+00 0.000000000000000000e+00 0.000000000000000000e+00 0.000000000000000000e+00 0.000000000000000000e+00 0.000000000000000000e+00 2.223210315695864781e-04 0.000000000000000000e+00 1.226993865030674919e-04 0.000000000000000000e+00 1.844507977497002670e-04 0.000000000000000000e+00 0.000000000000000000e+00 0.000000000000000000e+00 0.000000000000000000e+00 0.000000000000000000e+00 0.000000000000000000e+00 0.000000000000000000e+00 2.487562189054726212e-04 0.000000000000000000e+00 0.000000000000000000e+00 0.000000000000000000e+00 5.329070077271515996e-04 0.000000000000000000e+00 0.000000000000000000e+00 0.000000000000000000e+00 4.278532463365065973e-04 0.000000000000000000e+00 0.000000000000000000e+00 0.000000000000000000e+00 2.329881656804733830e-02 4.534119247336204877e-04 5.010469638049656199e-02 0.000000000000000000e+00 2.890173410404624135e-03 0.000000000000000000e+00 1.402243589743589749e-03 0.000000000000000000e+00 0.000000000000000000e+00 0.000000000000000000e+00 4.243581582855930254e-04 0.000000000000000000e+00 1.669449081803005058e-03 0.000000000000000000e+00 1.605688725771304030e-03 0.000000000000000000e+00 1.197604790419161663e-03 0.000000000000000000e+00 6.031363088057900687e-04 0.000000000000000000e+00 0.000000000000000000e+00 0.000000000000000000e+00 0.000000000000000000e+00 0.000000000000000000e+00 0.000000000000000000e+00 0.000000000000000000e+00 0.000000000000000000e+00 0.000000000000000000e+00 0.000000000000000000e+00 0.000000000000000000e+00 0.000000000000000000e+00 0.000000000000000000e+00 0.000000000000000000e+00 0.000000000000000000e+00 0.000000000000000000e+00 0.000000000000000000e+00 0.000000000000000000e+00 0.000000000000000000e+00 0.000000000000000000e+00 0.000000000000000000e+00 0.000000000000000000e+00 0.000000000000000000e+00 0.000000000000000000e+00 0.000000000000000000e+00 0.000000000000000000e+00 0.000000000000000000e+00
0.000000000000000000e+00 8.972633467922835069e-04 4.486316733961417426e-03 7.088380439659039411e-02 6.280843427545985090e-03 0.000000000000000000e+00 7.838014369693011149e-04 3.005464480874317154e-03 2.783576896311760768e-03 4.323353293413173537e-01 0.000000000000000000e+00 2.275312855517633553e-03 5.749329244921425660e-04 3.671970624235006229e-03 1.669449081803005058e-03 9.771511910549343649e-02 0.000000000000000000e+00 1.832172957127152784e-04 0.000000000000000000e+00 3.156787092248333846e-03 1.434159061277705260e-02 5.076142131979695035e-03 5.269040395976368890e-03 7.445956765412330147e-02 9.584664536741213658e-03 2.331428571428571517e-01 2.562788313685289421e-03 1.903695408734602523e-01 0.000000000000000000e+00 1.247264770240700225e-02 1.340482573726541581e-02 1.455558996593372609e-02 1.831837332844843326e-04 3.420752565564424280e-03 0.000000000000000000e+00 3.765060240963855618e-04 0.000000000000000000e+00 4.796163069544364613e-04 0.000000000000000000e+00 0.000000000000000000e+00 0.000000000000000000e+00 0.000000000000000000e+00 0.000000000000000000e+00 0.000000000000000000e+00 0.000000000000000000e+00 0.000000000000000000e+00 0.000000000000000000e+00 0.000000000000000000e+00 0.000000000000000000e+00 7.522756337922214263e-05 0.000000000000000000e+00 5.049229992426155058e-04 0.000000000000000000e+00 0.000000000000000000e+00 0.000000000000000000e+00 2.104820037886760600e-04 0.000000000000000000e+00 0.000000000000000000e+00 0.000000000000000000e+00 4.975743251648214772e-04 0.000000000000000000e+00 0.000000000000000000e+00 2.664535038635757998e-04 0.000000000000000000e+00 0.000000000000000000e+00 0.000000000000000000e+00 1.069633115841266493e-04 1.444043321299638910e-03 0.000000000000000000e+00 7.666751852798364773e-04 1.109467455621301803e-03 2.992518703241895187e-02 2.991325157044570789e-04 3.288472791105909870e-02 0.000000000000000000e+00 9.519276534983340740e-03 0.000000000000000000e+00 2.004811547714514808e-04 0.000000000000000000e+00 0.000000000000000000e+00 0.000000000000000000e+00 1.226241569589209008e-03 0.000000000000000000e+00 0.000000000000000000e+00 0.000000000000000000e+00 1.180521396950319751e-03 0.000000000000000000e+00 1.584786053882725892e-03 0.000000000000000000e+00 6.308153288124901045e-04 0.000000000000000000e+00 0.000000000000000000e+00 0.000000000000000000e+00 0.000000000000000000e+00 0.000000000000000000e+00 0.000000000000000000e+00 0.000000000000000000e+00 0.000000000000000000e+00 0.000000000000000000e+00 0.000000000000000000e+00 0.000000000000000000e+00 0.000000000000000000e+00 0.000000000000000000e+00 0.000000000000000000e+00 0.000000000000000000e+00 0.000000000000000000e+00 0.000000000000000000e+00 0.000000000000000000e+00 0.000000000000000000e+00 0.000000000000000000e+00 0.000000000000000000e+00 0.000000000000000000e+00 0.000000000000000000e+00 0.000000000000000000e+00 0.000000000000000000e+00 0.000000000000000000e+00
8.647942521227955370e-02 3.527106466361854854e-03 3.135205747877204407e-01 1.071195297191378237e-02 6.401045068582625862e-03 7.838014369693011149e-04 0.000000000000000000e+00 2.527322404371584730e-02 3.479471120389700939e-02 1.197604790419161663e-03 6.081694402420574630e-02 7.150983260198277500e-03 2.019931008049060950e-01 6.935944512443900124e-03 2.615470228158041019e-02 2.916869227029654944e-03 2.155928804211581715e-02 1.832172957127152892e-03 7.167955024595924415e-03 9.002689114930434444e-03 0.000000000000000000e+00 0.000000000000000000e+00 9.101069774868273538e-03 1.040832666132906342e-02 1.597444089456868943e-03 1.142857142857142943e-03 3.587903639159405449e-03 0.000000000000000000e+00 1.487478817548484357e-02 4.376367614879650056e-04 7.276905400229797399e-03 2.043976463301331800e-02 1.282286132991390356e-03 9.464082098061573148e-03 3.584229390681003581e-04 0.000000000000000000e+00 4.116920543433511773e-04 9.592326139088729227e-04 3.683241252302025918e-03 0.000000000000000000e+00 0.000000000000000000e+00 0.000000000000000000e+00 4.529669334138608115e-04 9.970089730807576739e-05 5.400254129606099456e-03 1.025851456709068500e-04 0.000000000000000000e+00 0.000000000000000000e+00 3.803680981595091923e-03 7.522756337922214263e-05 2.075071474684127976e-02 1.683076664142051776e-04 3.230437903804738147e-03 0.000000000000000000e+00 4.772234273318872073e-03 0.000000000000000000e+00 5.939004815409309850e-03 2.738225629791894798e-04 5.348258706467661980e-03 1.243935812912053693e-04 7.541178805318515810e-03 0.000000000000000000e+00 3.197442046362909598e-03 0.000000000000000000e+00 2.090862157976251801e-02 1.499925003749812461e-04 3.743715905444432428e-03 8.251676121712222655e-04 2.442002442002442000e-03 0.000000000000000000e+00 9.578402366863905670e-02 1.360235774200861409e-03 5.189949147472330132e-02 5.383265067290813471e-03 9.152215799614643599e-03 1.427891480247501198e-03 5.328525641025640830e-02 5.813953488372092943e-03 0.000000000000000000e+00 0.000000000000000000e+00 1.251856566942499520e-02 3.065603923973022520e-04 3.338898163606010116e-03 0.000000000000000000e+00 4.840004587682073672e-02 1.967535661583866161e-04 1.197604790419161663e-03 0.000000000000000000e+00 3.317249698431845584e-02 0.000000000000000000e+00 1.428571428571428570e-03 2.726653033401499771e-03 0.000000000000000000e+00 1.114827201783723503e-03 1.485884101040118796e-02 0.000000000000000000e+00 0.000000000000000000e+00 0.000000000000000000e+00 0.000000000000000000e+00 4.301075268817204297e-03 0.000000000000000000e+00 0.000000000000000000e+00 4.415011037527593815e-04 1.349892008639308775e-03 6.874427131072410532e-03 0.000000000000000000e+00 0.000000000000000000e+00 0.000000000000000000e+00 0.000000000000000000e+00 0.000000000000000000e+00 0.000000000000000000e+00 0.000000000000000000e+00 0.000000000000000000e+00 0.000000000000000000e+00 0.000000000000000000e+00 0.000000000000000000e+00
1.721311475409836173e-02 1.284153005464480912e-01 2.117486338797814130e-02 1.221311475409836006e-01 2.732240437158469943e-04 3.005464480874317154e-03 2.527322404371584730e-02 0.000000000000000000e+00 6.958942240779401921e-04 2.994011976047904200e-02 9.984871406959153206e-03 1.410693970420932863e-01 2.318896128784975197e-02 1.725826193390452845e-01 2.782415136338341546e-03 1.020904229460379252e-02 2.757583354224116268e-03 2.418468303407841566e-02 1.855235418130709787e-02 1.215947620717876786e-02 0.000000000000000000e+00 0.000000000000000000e+00 3.368992495609132720e-02 8.006405124099278889e-03 5.324813631522897200e-04 2.285714285714285886e-03 1.537672988211173826e-03 0.000000000000000000e+00 2.447749952927885404e-03 1.531728665207877406e-02 1.570279586365377206e-02 1.455558996593372609e-02 1.044147279721560802e-02 6.499429874572405959e-03 0.000000000000000000e+00 0.000000000000000000e+00 0.000000000000000000e+00 6.714628297362110025e-03 0.000000000000000000e+00 1.760563380281690181e-03 0.000000000000000000e+00 0.000000000000000000e+00 0.000000000000000000e+00 6.979062811565304395e-04 0.000000000000000000e+00 4.616331555190808685e-03 0.000000000000000000e+00 7.760962359332556704e-04 0.000000000000000000e+00 7.071390957646882247e-03 0.000000000000000000e+00 2.187999663384667184e-02 0.000000000000000000e+00 2.937249666221628929e-03 0.000000000000000000e+00 3.157230056830140873e-03 4.815409309791332223e-04 5.613362541073384226e-03 1.243781094527363106e-04 3.483020276153750341e-03 3.969041476483429402e-04 1.286764705882352880e-02 2.664535038635757998e-04 2.721617418351477552e-03 2.581311306143521103e-04 1.079946002699865015e-02 6.417798695047598418e-04 5.879319236719958777e-03 0.000000000000000000e+00 5.111167901865576154e-04 4.437869822485207214e-03 8.818861936068918272e-02 3.440023930601256164e-03 4.037448800468110277e-02 1.926782273603082829e-03 8.091385054735840410e-03 6.410256410256410034e-03 4.791499599037690738e-02 0.000000000000000000e+00 0.000000000000000000e+00 0.000000000000000000e+00 8.277130594727160479e-03 0.000000000000000000e+00 1.196172248803827705e-03 1.146920518408074365e-04 2.370880472208558923e-02 0.000000000000000000e+00 4.754358161648177677e-03 0.000000000000000000e+00 1.261630657624980209e-02 9.523809523809523801e-04 2.044989775051124937e-03 0.000000000000000000e+00 0.000000000000000000e+00 4.457652303120356388e-03 6.329113924050632813e-03 0.000000000000000000e+00 0.000000000000000000e+00 2.670226969292389778e-03 0.000000000000000000e+00 0.000000000000000000e+00 0.000000000000000000e+00 4.415011037527593815e-04 2.429805615550755925e-03 1.374885426214482063e-03 4.572473708276177259e-04 0.000000000000000000e+00 0.000000000000000000e+00 0.000000000000000000e+00 0.000000000000000000e+00 0.000000000000000000e+00 0.000000000000000000e+00 0.000000000000000000e+00 0.000000000000000000e+00 0.000000000000000000e+00 0.000000000000000000e+00
1.391788448155880384e-03 0.000000000000000000e+00 5.915100904662490972e-02 1.391788448155880384e-03 3.897007654836464607e-01 2.783576896311760768e-03 3.479471120389700939e-02 6.958942240779401921e-04 0.000000000000000000e+00 1.197604790419161663e-03 0.000000000000000000e+00 0.000000000000000000e+00 3.487926408585664828e-02 0.000000000000000000e+00 1.652754590984975014e-01 4.861448711716091211e-04 0.000000000000000000e+00 0.000000000000000000e+00 1.405481377371749880e-04 0.000000000000000000e+00 0.000000000000000000e+00 0.000000000000000000e+00 1.117675235510139000e-03 2.135041366426474515e-03 5.324813631522897200e-04 4.571428571428571772e-03 2.050230650948231623e-03 0.000000000000000000e+00 5.836942195443419606e-03 0.000000000000000000e+00 0.000000000000000000e+00 3.096934035305047919e-03 1.831837332844843326e-04 0.000000000000000000e+00 0.000000000000000000e+00 0.000000000000000000e+00 0.000000000000000000e+00 0.000000000000000000e+00 0.000000000000000000e+00 0.000000000000000000e+00 0.000000000000000000e+00 0.000000000000000000e+00 0.000000000000000000e+00 0.000000000000000000e+00 0.000000000000000000e+00 0.000000000000000000e+00 0.000000000000000000e+00 0.000000000000000000e+00 0.000000000000000000e+00 0.000000000000000000e+00 1.844507977497002670e-04 0.000000000000000000e+00 0.000000000000000000e+00 0.000000000000000000e+00 2.169197396963123547e-04 0.000000000000000000e+00 1.605136436597110741e-04 0.000000000000000000e+00 0.000000000000000000e+00 0.000000000000000000e+00 5.953562214725143832e-04 0.000000000000000000e+00 2.131628030908606398e-03 0.000000000000000000e+00 1.548786783686112445e-03 0.000000000000000000e+00 0.000000000000000000e+00 0.000000000000000000e+00 0.000000000000000000e+00 0.000000000000000000e+00 5.177514792899408705e-03 0.000000000000000000e+00 1.705055339515405485e-02 0.000000000000000000e+00 2.890173410404624135e-03 0.000000000000000000e+00 6.009615384615384949e-04 0.000000000000000000e+00 0.000000000000000000e+00 0.000000000000000000e+00 2.546148949713558044e-03 0.000000000000000000e+00 0.000000000000000000e+00 0.000000000000000000e+00 1.376304622089689293e-03 0.000000000000000000e+00 0.000000000000000000e+00 0.000000000000000000e+00 9.047044632086851572e-04 0.000000000000000000e+00 0.000000000000000000e+00 0.000000000000000000e+00 0.000000000000000000e+00 0.000000000000000000e+00 0.000000000000000000e+00 0.000000000000000000e+00 0.000000000000000000e+00 0.000000000000000000e+00 0.000000000000000000e+00 0.000000000000000000e+00 0.000000000000000000e+00 0.000000000000000000e+00 0.000000000000000000e+00 0.000000000000000000e+00 0.000000000000000000e+00 0.000000000000000000e+00 0.000000000000000000e+00 0.000000000000000000e+00 0.000000000000000000e+00 0.000000000000000000e+00 0.000000000000000000e+00 0.000000000000000000e+00 0.000000000000000000e+00 0.000000000000000000e+00 0.000000000000000000e+00 0.000000000000000000e+00
0.000000000000000000e+00 4.790419161676646650e-03 7.185628742514969976e-03 2.994011976047904200e-02 4.790419161676646650e-03 4.323353293413173537e-01 1.197604790419161663e-03 2.994011976047904200e-02 1.197604790419161663e-03 0.000000000000000000e+00 0.000000000000000000e+00 2.600357549163009960e-03 0.000000000000000000e+00 1.366789065687474582e-02 5.564830272676683526e-04 5.930967428293631299e-02 0.000000000000000000e+00 5.496518871381458893e-04 0.000000000000000000e+00 1.169180404536419903e-04 1.303780964797913913e-03 0.000000000000000000e+00 2.714354143381766081e-03 1.067520683213237257e-03 4.259850905218317760e-03 2.285714285714285886e-03 2.050230650948231623e-03 1.567749160134378553e-02 0.000000000000000000e+00 1.531728665207877493e-03 7.659900421294523008e-04 6.193868070610095838e-04 3.663674665689686653e-04 0.000000000000000000e+00 0.000000000000000000e+00 0.000000000000000000e+00 0.000000000000000000e+00 0.000000000000000000e+00 0.000000000000000000e+00 0.000000000000000000e+00 0.000000000000000000e+00 0.000000000000000000e+00 0.000000000000000000e+00 0.000000000000000000e+00 0.000000000000000000e+00 1.025851456709068500e-04 0.000000000000000000e+00 0.000000000000000000e+00 0.000000000000000000e+00 0.000000000000000000e+00 0.000000000000000000e+00 2.524614996213077529e-04 0.000000000000000000e+00 0.000000000000000000e+00 0.000000000000000000e+00 0.000000000000000000e+00 0.000000000000000000e+00 0.000000000000000000e+00 0.000000000000000000e+00 2.487871625824107386e-04 0.000000000000000000e+00 0.000000000000000000e+00 0.000000000000000000e+00 1.944012441679626745e-04 0.000000000000000000e+00 2.999850007499624922e-04 0.000000000000000000e+00 1.031459515214027832e-04 0.000000000000000000e+00 0.000000000000000000e+00 1.109467455621301803e-03 2.040353661301292330e-03 0.000000000000000000e+00 1.041544763019309518e-02 0.000000000000000000e+00 5.235602094240838014e-03 0.000000000000000000e+00 2.004811547714514808e-04 0.000000000000000000e+00 0.000000000000000000e+00 0.000000000000000000e+00 3.065603923973022520e-04 0.000000000000000000e+00 0.000000000000000000e+00 0.000000000000000000e+00 9.837678307919330532e-04 0.000000000000000000e+00 0.000000000000000000e+00 0.000000000000000000e+00 1.577038322031225261e-04 0.000000000000000000e+00 0.000000000000000000e+00 0.000000000000000000e+00 0.000000000000000000e+00 0.000000000000000000e+00 0.000000000000000000e+00 0.000000000000000000e+00 0.000000000000000000e+00 0.000000000000000000e+00 0.000000000000000000e+00 0.000000000000000000e+00 0.000000000000000000e+00 0.000000000000000000e+00 0.000000000000000000e+00 0.000000000000000000e+00 0.000000000000000000e+00 0.000000000000000000e+00 0.000000000000000000e+00 0.000000000000000000e+00 0.000000000000000000e+00 0.000000000000000000e+00 0.000000000000000000e+00 0.000000000000000000e+00 0.000000000000000000e+00 0.000000000000000000e+00 0.000000000000000000e+00
2.465960665658093742e-01 4.236006051437216091e-03 6.021180030257185928e-02 4.538577912254160469e-03 0.000000000000000000e+00 0.000000000000000000e+00 6.081694402420574630e-02 9.984871406959153206e-03 0.000000000000000000e+00 0.000000000000000000e+00 0.000000000000000000e+00 2.762879895985698164e-03 8.010732081257186665e-02 1.019991840065279532e-03 1.669449081803005058e-03 0.000000000000000000e+00 3.509651541739784719e-02 5.496518871381458893e-04 1.686577652846099618e-02 4.442885537238395847e-03 0.000000000000000000e+00 0.000000000000000000e+00 1.293309915376017818e-02 5.337603416066186287e-04 0.000000000000000000e+00 0.000000000000000000e+00 0.000000000000000000e+00 0.000000000000000000e+00 3.709282620975334205e-02 4.376367614879650056e-04 3.446955189582535245e-03 9.290802105915143758e-04 3.114123465836233628e-03 3.078677309007981679e-03 3.584229390681003581e-04 0.000000000000000000e+00 4.116920543433511773e-04 9.592326139088729227e-04 0.000000000000000000e+00 0.000000000000000000e+00 0.000000000000000000e+00 0.000000000000000000e+00 0.000000000000000000e+00 0.000000000000000000e+00 1.588310038119440984e-04 0.000000000000000000e+00 0.000000000000000000e+00 0.000000000000000000e+00 2.453987730061349837e-04 0.000000000000000000e+00 4.703495342617356606e-03 0.000000000000000000e+00 0.000000000000000000e+00 0.000000000000000000e+00 2.169197396963123547e-04 0.000000000000000000e+00 9.791332263242375628e-03 0.000000000000000000e+00 2.114427860696517416e-03 0.000000000000000000e+00 3.353840047628497967e-02 0.000000000000000000e+00 1.891819877431388103e-02 0.000000000000000000e+00 3.975219411461022173e-02 0.000000000000000000e+00 2.139266231682532987e-04 1.031459515214027832e-04 7.326007326007326001e-04 0.000000000000000000e+00 2.921597633136094677e-02 2.267059623668102439e-04 1.390966198025725409e-02 8.191925102399063695e-04 0.000000000000000000e+00 0.000000000000000000e+00 3.004807692307692474e-03 8.019246190858059231e-04 0.000000000000000000e+00 0.000000000000000000e+00 8.062805007426267212e-03 0.000000000000000000e+00 0.000000000000000000e+00 0.000000000000000000e+00 1.663034751691707877e-02 0.000000000000000000e+00 0.000000000000000000e+00 0.000000000000000000e+00 6.634499396863691514e-03 0.000000000000000000e+00 0.000000000000000000e+00 6.816632583503749428e-04 0.000000000000000000e+00 0.000000000000000000e+00 0.000000000000000000e+00 0.000000000000000000e+00 0.000000000000000000e+00 0.000000000000000000e+00 1.335113484646194889e-03 0.000000000000000000e+00 0.000000000000000000e+00 0.000000000000000000e+00 4.415011037527593815e-04 0.000000000000000000e+00 4.582951420714940572e-04 0.000000000000000000e+00 0.000000000000000000e+00 0.000000000000000000e+00 0.000000000000000000e+00 0.000000000000000000e+00 0.000000000000000000e+00 0.000000000000000000e+00 0.000000000000000000e+00 1.355013550135501354e-03 0.000000000000000000e+00 0.000000000000000000e+00
1.300178774581504980e-03 8.256135218592557112e-02 5.525759791971396329e-03 4.518121241670729898e-02 0.000000000000000000e+00 2.275312855517633553e-03 7.150983260198277500e-03 1.410693970420932863e-01 0.000000000000000000e+00 2.600357549163009960e-03 2.762879895985698164e-03 0.000000000000000000e+00 3.449597546952855396e-03 2.955936352509179743e-01 0.000000000000000000e+00 2.819640252795332924e-02 2.506893958385560096e-04 1.002198607548552556e-01 2.670414617006324799e-03 2.548813281889395627e-02 0.000000000000000000e+00 0.000000000000000000e+00 6.386715631486508324e-03 1.627969041900186736e-02 0.000000000000000000e+00 2.285714285714285886e-03 0.000000000000000000e+00 0.000000000000000000e+00 5.648653737525889977e-04 1.039387308533916837e-01 5.361930294906166322e-03 1.145865593062867817e-02 3.846858398974171284e-03 2.177879133409350160e-02 0.000000000000000000e+00 7.530120481927711235e-04 0.000000000000000000e+00 2.398081534772182090e-03 0.000000000000000000e+00 1.760563380281690181e-03 0.000000000000000000e+00 0.000000000000000000e+00 0.000000000000000000e+00 2.991026919242273157e-04 0.000000000000000000e+00 7.180960196963479501e-04 0.000000000000000000e+00 1.940240589833139176e-04 0.000000000000000000e+00 7.522756337922214534e-04 0.000000000000000000e+00 2.187999663384667011e-03 0.000000000000000000e+00 1.201602136181575530e-03 0.000000000000000000e+00 1.894338034098084567e-03 1.605136436597110741e-04 5.339539978094194964e-03 1.243781094527363106e-04 8.707550690384375852e-04 0.000000000000000000e+00 1.544117647058823595e-02 0.000000000000000000e+00 1.807931570762053020e-02 0.000000000000000000e+00 1.454927253637318049e-02 1.069633115841266493e-04 2.888086642599277821e-03 2.442002442002442000e-04 1.277791975466393984e-03 0.000000000000000000e+00 4.556789843572885829e-02 7.478312892611427244e-04 2.246928028086600179e-02 0.000000000000000000e+00 4.283674440742503593e-03 1.402243589743589749e-03 1.222935044105854033e-02 0.000000000000000000e+00 0.000000000000000000e+00 0.000000000000000000e+00 2.513795217657878445e-02 0.000000000000000000e+00 0.000000000000000000e+00 0.000000000000000000e+00 1.908509591736350097e-02 0.000000000000000000e+00 3.169572107765451785e-03 0.000000000000000000e+00 1.009304526099984167e-02 4.761904761904761901e-04 6.816632583503749428e-04 0.000000000000000000e+00 0.000000000000000000e+00 1.485884101040118796e-03 0.000000000000000000e+00 0.000000000000000000e+00 0.000000000000000000e+00 0.000000000000000000e+00 2.150537634408602149e-03 0.000000000000000000e+00 0.000000000000000000e+00 4.415011037527593815e-04 0.000000000000000000e+00 0.000000000000000000e+00 0.000000000000000000e+00 0.000000000000000000e+00 0.000000000000000000e+00 0.000000000000000000e+00 0.000000000000000000e+00 0.000000000000000000e+00 0.000000000000000000e+00 0.000000000000000000e+00 1.355013550135501354e-03 0.000000000000000000e+00 0.000000000000000000e+00
3.085473361441165227e-02 0.000000000000000000e+00 1.316596397087006487e-01 1.169030279800689978e-02 2.874664622460713047e-03 5.749329244921425660e-04 2.019931008049060950e-01 2.318896128784975197e-02 3.487926408585664828e-02 0.000000000000000000e+00 8.010732081257186665e-02 3.449597546952855396e-03 0.000000000000000000e+00 3.671970624235006229e-03 2.181413466889259856e-01 4.861448711716091211e-04 2.506893958385560204e-03 1.832172957127152784e-04 7.730147575544623825e-03 1.052262364082778021e-03 0.000000000000000000e+00 0.000000000000000000e+00 5.364841130448666506e-02 9.073925807312517230e-03 1.064962726304579440e-03 0.000000000000000000e+00 1.537672988211173826e-03 0.000000000000000000e+00 9.357936358501223184e-02 4.376367614879650056e-04 4.212945231711987329e-03 1.765252400123877227e-02 9.159186664224216361e-04 3.420752565564424280e-03 3.584229390681003581e-04 0.000000000000000000e+00 4.116920543433511773e-04 0.000000000000000000e+00 0.000000000000000000e+00 0.000000000000000000e+00 0.000000000000000000e+00 0.000000000000000000e+00 0.000000000000000000e+00 0.000000000000000000e+00 0.000000000000000000e+00 1.025851456709068500e-04 2.223210315695864781e-04 0.000000000000000000e+00 2.453987730061349837e-04 7.522756337922214263e-05 2.213409572996403313e-03 8.415383320710258881e-05 0.000000000000000000e+00 0.000000000000000000e+00 6.507592190889370911e-04 0.000000000000000000e+00 4.494382022471910508e-03 0.000000000000000000e+00 9.950248756218904849e-04 0.000000000000000000e+00 1.686842627505457520e-02 0.000000000000000000e+00 1.891819877431388103e-02 0.000000000000000000e+00 2.503871966959215351e-02 0.000000000000000000e+00 7.487431810888864640e-04 2.062919030428055664e-04 2.442002442002442000e-04 2.555583950932788077e-04 3.809171597633136119e-02 1.133529811834051246e-03 3.051151660185462064e-02 2.106495026331187993e-03 1.107899807321772664e-02 9.519276534983340957e-04 1.442307692307692388e-02 1.804330392943063327e-03 2.127659574468085141e-03 0.000000000000000000e+00 1.400381922342457119e-02 0.000000000000000000e+00 0.000000000000000000e+00 0.000000000000000000e+00 1.835072829452918941e-02 0.000000000000000000e+00 0.000000000000000000e+00 0.000000000000000000e+00 6.634499396863691514e-03 1.577038322031225261e-04 1.428571428571428570e-03 1.363326516700749886e-03 0.000000000000000000e+00 0.000000000000000000e+00 2.971768202080237592e-03 6.329113924050632813e-03 0.000000000000000000e+00 2.197802197802197800e-03 0.000000000000000000e+00 0.000000000000000000e+00 0.000000000000000000e+00 0.000000000000000000e+00 0.000000000000000000e+00 0.000000000000000000e+00 1.833180568285976229e-03 0.000000000000000000e+00 0.000000000000000000e+00 0.000000000000000000e+00 0.000000000000000000e+00 0.000000000000000000e+00 7.800312012480499491e-04 0.000000000000000000e+00 0.000000000000000000e+00 0.000000000000000000e+00 0.000000000000000000e+00 0.000000000000000000e+00
