0.000000000000000000e+00 1.394422310756972087e-02 5.235082495968242100e-02 4.570122822050842575e-03 3.491924923614142182e-03 0.000000000000000000e+00 1.291035036642907419e-01 3.226369026857342070e-03 3.347280334728033272e-03 0.000000000000000000e+00 3.012477718360071499e-01 1.593371574251115303e-04 4.569892473118279674e-02 0.000000000000000000e+00 1.492537313432835836e-03 0.000000000000000000e+00 1.184890656063618264e-01 8.734895909157082633e-04 4.414090582314881411e-02 2.746148693904889443e-02 0.000000000000000000e+00 0.000000000000000000e+00 1.494768310911808720e-03 0.000000000000000000e+00 3.340013360053440479e-04 0.000000000000000000e+00 0.000000000000000000e+00 0.000000000000000000e+00 4.432964920711196521e-02 3.219229531065564997e-04 6.852835360630461304e-04 1.935733643050716220e-04 9.518909184461023590e-03 1.581211487036391153e-02 0.000000000000000000e+00 0.000000000000000000e+00 6.819118252987227402e-02 0.000000000000000000e+00 1.189060642092746624e-03 0.000000000000000000e+00 2.537485582468281334e-02 0.000000000000000000e+00 0.000000000000000000e+00 0.000000000000000000e+00 1.129305477131564012e-03 0.000000000000000000e+00 1.866019779809666070e-04 0.000000000000000000e+00 3.200301204819277004e-03 0.000000000000000000e+00 2.214633136707026828e-02 9.042408897730355266e-05 6.161652772743747564e-03 0.000000000000000000e+00 1.313413232638318802e-03 0.000000000000000000e+00 2.475487368785327102e-01 1.754252154679276964e-03 2.865761689291100936e-02 3.072196620583717355e-04 9.818973418881760118e-02 1.635590448151782853e-04 2.127659574468085055e-02 3.003453972067877909e-04 7.900101936799185098e-02 1.215214485356665391e-04 1.598108747044917413e-02 3.775959723096286905e-04 9.811102544333076547e-02 2.077767883644998648e-03 7.443752991862134794e-02 2.341372044017794494e-04 6.250923599822669208e-02 2.124044180118946513e-04 0.000000000000000000e+00 0.000000000000000000e+00 9.251881363435147942e-02 4.234895539243365586e-04 1.006036217303823022e-03 0.000000000000000000e+00 1.841031859772902790e-02 0.000000000000000000e+00 1.264222503160556191e-02 0.000000000000000000e+00 4.263264353508635501e-02 0.000000000000000000e+00 6.901311249137336229e-04 0.000000000000000000e+00 9.443339960238567726e-03 2.315886984715145869e-04 7.264802034144569876e-04 6.550933508024893090e-04 1.862891207153502234e-03 0.000000000000000000e+00 2.199074074074074125e-02 1.020408163265306214e-03 0.000000000000000000e+00 0.000000000000000000e+00 0.000000000000000000e+00 7.309941520467835852e-04 2.040816326530612429e-03 7.794232268121590148e-04 1.504324934185784094e-03 0.000000000000000000e+00 2.300613496932515500e-03 0.000000000000000000e+00 5.532503457814661428e-03 0.000000000000000000e+00 0.000000000000000000e+00 0.000000000000000000e+00 0.000000000000000000e+00 2.590673575129533775e-03 0.000000000000000000e+00 2.322880371660859464e-03 0.000000000000000000e+00 0.000000000000000000e+00
1.394422310756972087e-02 0.000000000000000000e+00 4.217838977794318399e-03 1.020660763591354908e-01 0.000000000000000000e+00 1.169134840218238576e-03 2.610179700833249739e-03 9.931984652947331571e-02 0.000000000000000000e+00 1.052631578947368397e-02 1.386413151119033488e-03 1.180688336520076542e-01 0.000000000000000000e+00 3.254847645429363029e-02 2.985074626865671672e-04 2.583979328165374460e-04 1.988071570576540551e-03 8.356383753093608868e-02 2.099209202012940201e-02 9.466398749720919548e-02 0.000000000000000000e+00 3.104625892579944055e-04 4.982561036372695372e-04 2.224469160768452990e-03 0.000000000000000000e+00 0.000000000000000000e+00 0.000000000000000000e+00 0.000000000000000000e+00 2.402691013935607969e-04 6.374074471509819095e-02 2.055850608189138066e-03 5.807200929152148659e-04 1.775147928994082885e-02 1.092896174863387977e-02 1.601922306768121737e-03 7.358351729212656359e-04 1.030078285949732235e-03 4.000000000000000083e-02 0.000000000000000000e+00 1.734957548911037276e-02 1.153402537485582503e-03 0.000000000000000000e+00 1.839249586168843005e-04 1.297521733489036050e-04 0.000000000000000000e+00 1.116850481641770265e-03 0.000000000000000000e+00 1.904399162064368740e-04 1.882530120481927809e-04 5.638195777351247967e-03 1.034875297526647973e-04 6.600958495343159371e-03 0.000000000000000000e+00 4.179728317659352232e-04 0.000000000000000000e+00 1.076591817902183921e-03 1.384242703887414872e-03 2.952482648158035183e-01 4.113533525298231400e-04 4.347158218125959928e-02 1.031164069660861493e-03 2.387962054301602868e-02 2.532928064842958631e-04 1.922210542123441862e-02 2.548419979612640365e-04 4.107424960505529077e-02 1.607565011820330991e-03 5.160478288231591833e-03 1.195065535851966114e-02 1.786880379934698837e-01 4.786979415988511233e-04 4.128619370951377293e-02 1.477759716270134389e-04 1.932880203908241348e-02 0.000000000000000000e+00 2.884615384615384776e-02 7.377895824110963265e-04 9.415584415584415945e-02 0.000000000000000000e+00 3.861003861003861094e-03 2.204828574578326635e-04 1.042305334150827635e-02 0.000000000000000000e+00 3.692762186115213993e-03 3.111871790882215615e-04 3.858396087260305973e-02 0.000000000000000000e+00 7.451564828614008935e-04 1.656726308813783973e-04 1.922186197313571071e-02 0.000000000000000000e+00 6.550933508024893090e-04 0.000000000000000000e+00 7.814535035165407319e-04 4.629629629629629373e-03 1.938775510204081634e-02 9.794319294809011086e-04 1.724137931034482735e-03 0.000000000000000000e+00 7.309941520467835852e-04 0.000000000000000000e+00 0.000000000000000000e+00 0.000000000000000000e+00 1.533272002453235118e-03 0.000000000000000000e+00 9.220839096357768324e-04 0.000000000000000000e+00 0.000000000000000000e+00 0.000000000000000000e+00 0.000000000000000000e+00 0.000000000000000000e+00 0.000000000000000000e+00 0.000000000000000000e+00 0.000000000000000000e+00 0.000000000000000000e+00 0.000000000000000000e+00
5.235082495968242100e-02 4.217838977794318399e-03 0.000000000000000000e+00 4.570122822050842575e-03 1.265822784810126667e-01 6.235385814497272118e-03 2.200582270856339673e-01 4.447157307289850009e-03 9.623430962343096362e-03 3.508771929824561469e-03 2.990691225985343468e-02 1.593371574251115303e-03 2.204301075268817051e-02 2.770083102493074798e-03 1.701492537313432918e-02 5.167958656330748921e-04 1.192842942345924417e-02 2.911631969719027544e-04 1.194823867721064026e-01 6.251395400759097651e-03 1.378359751895244642e-03 0.000000000000000000e+00 1.524663677130044803e-01 6.268958543983822219e-03 8.984635938543754363e-02 1.279788172992056550e-02 6.314839873703202711e-03 3.326679973386560294e-04 3.051417587698222050e-02 5.365382551775941481e-04 2.244303580606476015e-02 1.742160278745644511e-02 7.589400565989194367e-03 6.278339727938612135e-03 4.004805766920304343e-04 0.000000000000000000e+00 1.133086114544705481e-02 0.000000000000000000e+00 5.945303210463733119e-04 0.000000000000000000e+00 1.153402537485582503e-03 0.000000000000000000e+00 5.517748758506529558e-04 0.000000000000000000e+00 7.528703180877093773e-04 0.000000000000000000e+00 5.598059339428998211e-04 0.000000000000000000e+00 5.459337349397590591e-03 0.000000000000000000e+00 7.968539790955190411e-03 0.000000000000000000e+00 1.812250815512866930e-03 0.000000000000000000e+00 8.208832703989492243e-04 0.000000000000000000e+00 2.653131849117545352e-03 0.000000000000000000e+00 7.815713698066639389e-03 3.072196620583717355e-04 8.249312557286891945e-03 1.635590448151782853e-04 5.065856129685917262e-04 0.000000000000000000e+00 1.070336391437308812e-02 1.215214485356665391e-04 8.226950354609928462e-03 2.517306482064191270e-04 3.469545104086352912e-03 0.000000000000000000e+00 2.848252752513164357e-02 1.404823226410676588e-03 7.669572927441997701e-02 1.062022090059473256e-03 2.777777777777777624e-02 0.000000000000000000e+00 6.477792533569426414e-02 5.646527385657820058e-04 2.012072434607646045e-03 0.000000000000000000e+00 1.543380002204828563e-03 0.000000000000000000e+00 1.264222503160556364e-03 0.000000000000000000e+00 2.800684611793994271e-03 1.552674481794891832e-04 0.000000000000000000e+00 0.000000000000000000e+00 8.283631544068919324e-04 2.315886984715145869e-04 0.000000000000000000e+00 6.550933508024893090e-04 1.490312965722801787e-03 2.604845011721802620e-04 9.259259259259258745e-03 3.061224489795918210e-03 0.000000000000000000e+00 0.000000000000000000e+00 0.000000000000000000e+00 7.309941520467835852e-04 0.000000000000000000e+00 7.794232268121590148e-04 3.760812335464460234e-04 0.000000000000000000e+00 2.300613496932515500e-03 4.610419548178884162e-04 0.000000000000000000e+00 0.000000000000000000e+00 0.000000000000000000e+00 0.000000000000000000e+00 0.000000000000000000e+00 0.000000000000000000e+00 0.000000000000000000e+00 0.000000000000000000e+00 1.410437235543018312e-03 0.000000000000000000e+00
4.570122822050842575e-03 1.020660763591354908e-01 4.570122822050842575e-03 0.000000000000000000e+00 3.055434308162374626e-03 4.793452844894777881e-02 9.436803533781748521e-03 2.629054761074293700e-01 1.255230125523012531e-03 2.055137844611528916e-02 3.367003367003366856e-03 2.692797960484384981e-02 3.942652329749104373e-03 1.620498614958448824e-02 0.000000000000000000e+00 9.560723514211886750e-03 7.952286282306163289e-04 2.547677973504149096e-02 9.345794392523363789e-03 1.254744362580933192e-01 0.000000000000000000e+00 3.104625892579944055e-04 1.295465869456900905e-02 1.997977755308392445e-01 2.004008016032063962e-03 3.486319505736981683e-02 0.000000000000000000e+00 6.320691949434464017e-03 3.604036520903411683e-04 2.639768215473763113e-02 3.100908000685283564e-02 4.084397986837011441e-02 1.016207872395163449e-02 1.674223927450296454e-02 4.004805766920304343e-04 2.943340691685062543e-03 0.000000000000000000e+00 8.346456692913385017e-03 0.000000000000000000e+00 1.328903654485049865e-02 0.000000000000000000e+00 0.000000000000000000e+00 0.000000000000000000e+00 1.297521733489036050e-04 0.000000000000000000e+00 1.396063102052212722e-03 0.000000000000000000e+00 1.904399162064368740e-04 1.882530120481927809e-04 5.038387715930902309e-03 1.034875297526647973e-04 4.882900804774392006e-03 0.000000000000000000e+00 0.000000000000000000e+00 0.000000000000000000e+00 1.537988311288834289e-04 2.307071173145691634e-04 9.686522767142094134e-03 2.742355683532154086e-04 2.442396313364055341e-02 1.145737855178735143e-04 2.780503761858030796e-03 0.000000000000000000e+00 1.051208890223757214e-03 0.000000000000000000e+00 9.357151537246323134e-03 1.891252955082742390e-04 1.346758967904342422e-02 2.313030069390902086e-03 6.826951617690709719e-03 7.180469123982766849e-04 3.098415671583547998e-02 1.034431801389094126e-03 5.872982158028886707e-02 0.000000000000000000e+00 6.730769230769230449e-02 1.770694997786631270e-03 6.606437041219649642e-02 0.000000000000000000e+00 0.000000000000000000e+00 0.000000000000000000e+00 7.664009809932556842e-04 0.000000000000000000e+00 6.646971935007385535e-03 7.779679477205539038e-05 2.251377998602593130e-03 0.000000000000000000e+00 7.451564828614008935e-04 1.656726308813783973e-04 1.621120889300602108e-03 7.264802034144569876e-04 1.310186701604978618e-03 7.451564828614008935e-04 1.041938004688721048e-03 5.787037037037036716e-03 1.122448979591836662e-02 0.000000000000000000e+00 0.000000000000000000e+00 0.000000000000000000e+00 0.000000000000000000e+00 0.000000000000000000e+00 1.558846453624318030e-03 0.000000000000000000e+00 9.199632014719411142e-04 0.000000000000000000e+00 1.383125864453665357e-03 0.000000000000000000e+00 0.000000000000000000e+00 0.000000000000000000e+00 0.000000000000000000e+00 0.000000000000000000e+00 0.000000000000000000e+00 0.000000000000000000e+00 0.000000000000000000e+00 0.000000000000000000e+00 0.000000000000000000e+00
3.491924923614142182e-03 0.000000000000000000e+00 1.265822784810126667e-01 3.055434308162374626e-03 0.000000000000000000e+00 7.794232268121590148e-04 6.324666198172874433e-03 4.359958144401813681e-04 2.690376569037656873e-01 2.506265664160400863e-03 3.961180431768666953e-04 0.000000000000000000e+00 1.075268817204301074e-03 0.000000000000000000e+00 3.671641791044776004e-02 0.000000000000000000e+00 1.988071570576540822e-04 0.000000000000000000e+00 2.875629043853343038e-04 0.000000000000000000e+00 1.998621640248104611e-02 3.104625892579944055e-04 5.812987875768144998e-03 1.011122345803842307e-03 6.379425517702071169e-02 9.708737864077669061e-03 1.132160577356788461e-01 1.330671989354624118e-03 9.971167707832772828e-03 1.073076510355188378e-04 3.597738564330992157e-03 4.839334107626790983e-03 0.000000000000000000e+00 0.000000000000000000e+00 0.000000000000000000e+00 0.000000000000000000e+00 2.060156571899464362e-04 0.000000000000000000e+00 0.000000000000000000e+00 0.000000000000000000e+00 0.000000000000000000e+00 0.000000000000000000e+00 0.000000000000000000e+00 0.000000000000000000e+00 0.000000000000000000e+00 0.000000000000000000e+00 3.732039559619332141e-04 0.000000000000000000e+00 0.000000000000000000e+00 0.000000000000000000e+00 3.104625892579944055e-04 0.000000000000000000e+00 0.000000000000000000e+00 0.000000000000000000e+00 1.641766540797898503e-04 0.000000000000000000e+00 4.614142346291383269e-04 0.000000000000000000e+00 1.371177841766077043e-04 0.000000000000000000e+00 0.000000000000000000e+00 0.000000000000000000e+00 2.532928064842958631e-04 0.000000000000000000e+00 0.000000000000000000e+00 0.000000000000000000e+00 0.000000000000000000e+00 0.000000000000000000e+00 0.000000000000000000e+00 0.000000000000000000e+00 2.046433700335088465e-02 5.463201436041519943e-04 3.413624944584010834e-02 0.000000000000000000e+00 0.000000000000000000e+00 0.000000000000000000e+00 2.360926663715508505e-03 0.000000000000000000e+00 0.000000000000000000e+00 0.000000000000000000e+00 2.204828574578326635e-04 0.000000000000000000e+00 1.264222503160556364e-03 0.000000000000000000e+00 8.557647424926093484e-04 0.000000000000000000e+00 0.000000000000000000e+00 0.000000000000000000e+00 8.283631544068919324e-04 0.000000000000000000e+00 3.632401017072284938e-04 0.000000000000000000e+00 0.000000000000000000e+00 0.000000000000000000e+00 4.629629629629629373e-03 0.000000000000000000e+00 0.000000000000000000e+00 0.000000000000000000e+00 0.000000000000000000e+00 0.000000000000000000e+00 0.000000000000000000e+00 0.000000000000000000e+00 0.000000000000000000e+00 3.066544004906470561e-04 0.000000000000000000e+00 4.610419548178884162e-04 0.000000000000000000e+00 0.000000000000000000e+00 0.000000000000000000e+00 0.000000000000000000e+00 1.131221719457013676e-03 0.000000000000000000e+00 0.000000000000000000e+00 0.000000000000000000e+00 0.000000000000000000e+00 0.000000000000000000e+00
0.000000000000000000e+00 1.169134840218238576e-03 6.235385814497272118e-03 4.793452844894777881e-02 7.794232268121590148e-04 0.000000000000000000e+00 7.027406886858749129e-04 1.116149284966864302e-02 1.255230125523012531e-03 2.195488721804511323e-01 0.000000000000000000e+00 3.186743148502230605e-04 0.000000000000000000e+00 2.908587257617728603e-03 2.985074626865671672e-04 7.700258397932815968e-02 0.000000000000000000e+00 0.000000000000000000e+00 0.000000000000000000e+00 2.232641214556820822e-04 2.067539627842866854e-03 2.607885749767152941e-02 1.660853678790898602e-03 6.471183013144590594e-03 9.686038744154976468e-03 3.133274492497793717e-02 1.353179972936400643e-03 1.536926147704590906e-01 0.000000000000000000e+00 9.550380942161176140e-03 4.454342984409799359e-03 7.162214479287650447e-03 0.000000000000000000e+00 1.511452156725962004e-03 0.000000000000000000e+00 0.000000000000000000e+00 0.000000000000000000e+00 0.000000000000000000e+00 0.000000000000000000e+00 0.000000000000000000e+00 0.000000000000000000e+00 0.000000000000000000e+00 0.000000000000000000e+00 0.000000000000000000e+00 0.000000000000000000e+00 0.000000000000000000e+00 0.000000000000000000e+00 0.000000000000000000e+00 0.000000000000000000e+00 0.000000000000000000e+00 0.000000000000000000e+00 0.000000000000000000e+00 0.000000000000000000e+00 0.000000000000000000e+00 0.000000000000000000e+00 0.000000000000000000e+00 0.000000000000000000e+00 7.627183281214247905e-05 0.000000000000000000e+00 1.536098310291858678e-04 0.000000000000000000e+00 0.000000000000000000e+00 0.000000000000000000e+00 0.000000000000000000e+00 0.000000000000000000e+00 0.000000000000000000e+00 0.000000000000000000e+00 0.000000000000000000e+00 0.000000000000000000e+00 0.000000000000000000e+00 1.196744853997127808e-03 2.669164130180285560e-02 1.477759716270134389e-04 3.101104502973661692e-02 0.000000000000000000e+00 1.923076923076923184e-02 1.475579164822192816e-04 5.646527385657820058e-04 0.000000000000000000e+00 0.000000000000000000e+00 0.000000000000000000e+00 1.532801961986511260e-04 0.000000000000000000e+00 7.385524372230428854e-04 0.000000000000000000e+00 3.881686204487229310e-04 0.000000000000000000e+00 0.000000000000000000e+00 0.000000000000000000e+00 2.315886984715145869e-04 0.000000000000000000e+00 0.000000000000000000e+00 0.000000000000000000e+00 0.000000000000000000e+00 0.000000000000000000e+00 0.000000000000000000e+00 0.000000000000000000e+00 0.000000000000000000e+00 0.000000000000000000e+00 0.000000000000000000e+00 0.000000000000000000e+00 0.000000000000000000e+00 0.000000000000000000e+00 0.000000000000000000e+00 0.000000000000000000e+00 0.000000000000000000e+00 0.000000000000000000e+00 0.000000000000000000e+00 0.000000000000000000e+00 0.000000000000000000e+00 0.000000000000000000e+00 0.000000000000000000e+00 0.000000000000000000e+00 0.000000000000000000e+00 0.000000000000000000e+00 0.000000000000000000e+00
1.291035036642907419e-01 2.610179700833249739e-03 2.200582270856339673e-01 9.436803533781748521e-03 6.324666198172874433e-03 7.027406886858749129e-04 0.000000000000000000e+00 1.569584931984652904e-02 3.891213389121338934e-02 1.503759398496240692e-03 1.182412358882947157e-01 6.692160611854684922e-03 1.284946236559139920e-01 5.540166204986149597e-03 1.223880597014925450e-02 2.583979328165374460e-04 1.332007952286282278e-02 1.746979181831416527e-03 2.300503235082674430e-02 7.590980129493190252e-03 0.000000000000000000e+00 0.000000000000000000e+00 3.703703703703703498e-02 1.152679474216380257e-02 2.004008016032063962e-03 4.413062665489849573e-03 0.000000000000000000e+00 0.000000000000000000e+00 2.402691013935607731e-02 6.438459062131129994e-04 1.250642453315059174e-02 2.380952380952380820e-02 3.087213789554926757e-03 1.104522729915126227e-02 4.004805766920304343e-04 0.000000000000000000e+00 1.009476720230737500e-02 0.000000000000000000e+00 0.000000000000000000e+00 0.000000000000000000e+00 1.153402537485582503e-03 0.000000000000000000e+00 5.517748758506529558e-04 0.000000000000000000e+00 1.505740636175418755e-03 0.000000000000000000e+00 1.866019779809666070e-04 0.000000000000000000e+00 3.953313253012047911e-03 4.798464491362763743e-04 2.400910690261823591e-02 0.000000000000000000e+00 9.423704240666908039e-03 0.000000000000000000e+00 2.134296503037268027e-03 0.000000000000000000e+00 8.305456223324490100e-03 2.288154984364274371e-04 3.427944604415192852e-03 4.608294930875576033e-04 3.448670944087992712e-02 0.000000000000000000e+00 1.925025329280648581e-02 0.000000000000000000e+00 3.924566768603465761e-02 2.430428970713330783e-04 2.742316784869976154e-03 2.517306482064191270e-04 5.782575173477255215e-04 5.936479667557138839e-04 1.118956438487314492e-01 4.760789822836181649e-03 5.630264518989212125e-02 1.911639762107051861e-03 2.777777777777777624e-02 0.000000000000000000e+00 5.002213368747233241e-02 4.234895539243365586e-04 1.006036217303823022e-03 0.000000000000000000e+00 1.389042001984345728e-02 0.000000000000000000e+00 6.321112515802781821e-04 0.000000000000000000e+00 3.780924225921891701e-02 1.552674481794891832e-04 6.901311249137336229e-04 0.000000000000000000e+00 8.614976805831677312e-03 1.157943492357572934e-04 3.632401017072284938e-04 3.275466754012446545e-04 7.451564828614008935e-04 0.000000000000000000e+00 5.787037037037036716e-03 1.020408163265306214e-03 0.000000000000000000e+00 0.000000000000000000e+00 0.000000000000000000e+00 0.000000000000000000e+00 0.000000000000000000e+00 0.000000000000000000e+00 1.128243700639338125e-03 3.066544004906470561e-04 7.668711656441717971e-04 0.000000000000000000e+00 0.000000000000000000e+00 0.000000000000000000e+00 0.000000000000000000e+00 0.000000000000000000e+00 0.000000000000000000e+00 1.295336787564766888e-03 0.000000000000000000e+00 0.000000000000000000e+00 0.000000000000000000e+00 0.000000000000000000e+00
3.226369026857342070e-03 9.931984652947331571e-02 4.447157307289850009e-03 2.629054761074293700e-01 4.359958144401813681e-04 1.116149284966864302e-02 1.569584931984652904e-02 0.000000000000000000e+00 1.673640167364016636e-03 1.092731829573934804e-01 7.328183798772034026e-03 9.942638623326960357e-02 6.451612903225806446e-03 2.109418282548476409e-01 5.970149253731343343e-04 1.188630490956072393e-02 3.976143141153081644e-04 1.281118066676372076e-02 1.121495327102803655e-02 1.562848850189774499e-02 0.000000000000000000e+00 3.104625892579944055e-04 1.677462215578807633e-02 2.992922143579372987e-02 2.004008016032063962e-03 5.295675198587820355e-03 0.000000000000000000e+00 2.328675981370592098e-03 6.006727534839020194e-04 3.208498765962013166e-02 2.449888641425389604e-02 1.064653503677893964e-02 1.453563159248777957e-02 3.487966515521450945e-03 4.004805766920304343e-04 7.358351729212656359e-04 2.060156571899464362e-04 2.519685039370078618e-03 0.000000000000000000e+00 1.845699520118124692e-03 0.000000000000000000e+00 0.000000000000000000e+00 0.000000000000000000e+00 6.487608667445180248e-04 1.882175795219273443e-04 2.094094653078319192e-03 0.000000000000000000e+00 3.808798324128737480e-04 0.000000000000000000e+00 8.517274472168906430e-03 1.034875297526647973e-04 1.012749796545799746e-02 0.000000000000000000e+00 6.269592476489028619e-04 0.000000000000000000e+00 6.151953245155337155e-04 0.000000000000000000e+00 9.305163603081381685e-03 2.742355683532154086e-04 3.840245775729646694e-03 1.145737855178735143e-04 6.215243702976774517e-03 0.000000000000000000e+00 1.201381588827151164e-03 2.548419979612640365e-04 3.062340503098796851e-02 2.836879432624113450e-04 6.293266205160478501e-03 0.000000000000000000e+00 1.484119916889284655e-03 2.393489707994255616e-03 7.757746039178958775e-02 2.364415546032215022e-03 6.765080713678844893e-02 0.000000000000000000e+00 2.884615384615384776e-02 3.688947912055481632e-03 4.757199322416713616e-02 0.000000000000000000e+00 0.000000000000000000e+00 1.102414287289163317e-04 4.598405885959533888e-03 0.000000000000000000e+00 2.215657311669128656e-03 0.000000000000000000e+00 2.034003571151308046e-02 0.000000000000000000e+00 2.980625931445603574e-03 0.000000000000000000e+00 1.192681797128300122e-02 3.632401017072284938e-04 0.000000000000000000e+00 0.000000000000000000e+00 5.209690023443605241e-04 2.314814814814814686e-03 7.142857142857142634e-03 0.000000000000000000e+00 0.000000000000000000e+00 0.000000000000000000e+00 0.000000000000000000e+00 0.000000000000000000e+00 0.000000000000000000e+00 0.000000000000000000e+00 6.133088009812941123e-04 0.000000000000000000e+00 4.610419548178884162e-04 0.000000000000000000e+00 0.000000000000000000e+00 0.000000000000000000e+00 0.000000000000000000e+00 0.000000000000000000e+00 0.000000000000000000e+00 0.000000000000000000e+00 0.000000000000000000e+00 0.000000000000000000e+00 0.000000000000000000e+00
3.347280334728033272e-03 0.000000000000000000e+00 9.623430962343096362e-03 1.255230125523012531e-03 2.690376569037656873e-01 1.255230125523012531e-03 3.891213389121338934e-02 1.673640167364016636e-03 0.000000000000000000e+00 1.002506265664160389e-03 4.357298474945534190e-03 0.000000000000000000e+00 2.813620071684587789e-02 0.000000000000000000e+00 2.516417910447761308e-01 0.000000000000000000e+00 1.192842942345924548e-03 0.000000000000000000e+00 1.437814521926671519e-04 0.000000000000000000e+00 2.067539627842866854e-03 0.000000000000000000e+00 6.643414715163594190e-04 6.066734074823053411e-04 1.336005344021376192e-03 2.647837599293910178e-03 1.127649977447000434e-02 3.326679973386560294e-04 2.102354637193656894e-02 0.000000000000000000e+00 1.713208840157615326e-04 2.516453735965931086e-03 0.000000000000000000e+00 0.000000000000000000e+00 0.000000000000000000e+00 0.000000000000000000e+00 0.000000000000000000e+00 0.000000000000000000e+00 5.945303210463733119e-04 0.000000000000000000e+00 4.613610149942330013e-03 0.000000000000000000e+00 1.839249586168843005e-04 0.000000000000000000e+00 0.000000000000000000e+00 0.000000000000000000e+00 1.866019779809666070e-04 0.000000000000000000e+00 0.000000000000000000e+00 0.000000000000000000e+00 2.069750595053295947e-04 0.000000000000000000e+00 0.000000000000000000e+00 0.000000000000000000e+00 0.000000000000000000e+00 0.000000000000000000e+00 5.767677932864229357e-04 0.000000000000000000e+00 1.371177841766077043e-04 0.000000000000000000e+00 8.020164986251146272e-04 0.000000000000000000e+00 7.598784194528875350e-04 0.000000000000000000e+00 0.000000000000000000e+00 0.000000000000000000e+00 9.456264775413711951e-05 0.000000000000000000e+00 3.855050115651503296e-04 0.000000000000000000e+00 7.180469123982766849e-03 0.000000000000000000e+00 2.792965863750554098e-02 1.062022090059473256e-04 0.000000000000000000e+00 0.000000000000000000e+00 4.279179577984358433e-03 0.000000000000000000e+00 0.000000000000000000e+00 0.000000000000000000e+00 1.543380002204828563e-03 0.000000000000000000e+00 6.321112515802781821e-04 0.000000000000000000e+00 1.011358332036720129e-03 0.000000000000000000e+00 0.000000000000000000e+00 0.000000000000000000e+00 8.283631544068919324e-04 0.000000000000000000e+00 0.000000000000000000e+00 3.275466754012446545e-04 3.725782414307004468e-04 2.604845011721802620e-04 1.157407407407407343e-03 0.000000000000000000e+00 0.000000000000000000e+00 0.000000000000000000e+00 0.000000000000000000e+00 0.000000000000000000e+00 1.020408163265306214e-03 7.794232268121590148e-04 0.000000000000000000e+00 0.000000000000000000e+00 0.000000000000000000e+00 4.610419548178884162e-04 0.000000000000000000e+00 0.000000000000000000e+00 0.000000000000000000e+00 0.000000000000000000e+00 0.000000000000000000e+00 0.000000000000000000e+00 0.000000000000000000e+00 0.000000000000000000e+00 0.000000000000000000e+00 0.000000000000000000e+00
0.000000000000000000e+00 1.052631578947368397e-02 3.508771929824561469e-03 2.055137844611528916e-02 2.506265664160400863e-03 2.195488721804511323e-01 1.503759398496240692e-03 1.092731829573934804e-01 1.002506265664160389e-03 0.000000000000000000e+00 0.000000000000000000e+00 7.010834926704907766e-03 0.000000000000000000e+00 1.481994459833795019e-02 0.000000000000000000e+00 1.297157622739018024e-01 0.000000000000000000e+00 4.367447954578541317e-04 1.437814521926671519e-04 1.116320607278410411e-04 0.000000000000000000e+00 2.794163303321949704e-03 1.826939046669988267e-03 6.066734074823053411e-04 2.004008016032063962e-03 1.323918799646955089e-03 0.000000000000000000e+00 1.264138389886892803e-02 0.000000000000000000e+00 9.013842686983582209e-03 3.597738564330992157e-03 9.678668215253581099e-04 0.000000000000000000e+00 0.000000000000000000e+00 0.000000000000000000e+00 0.000000000000000000e+00 0.000000000000000000e+00 6.299212598425196546e-04 0.000000000000000000e+00 0.000000000000000000e+00 0.000000000000000000e+00 0.000000000000000000e+00 0.000000000000000000e+00 0.000000000000000000e+00 0.000000000000000000e+00 0.000000000000000000e+00 0.000000000000000000e+00 0.000000000000000000e+00 0.000000000000000000e+00 0.000000000000000000e+00 0.000000000000000000e+00 0.000000000000000000e+00 0.000000000000000000e+00 0.000000000000000000e+00 0.000000000000000000e+00 0.000000000000000000e+00 0.000000000000000000e+00 2.288154984364274371e-04 0.000000000000000000e+00 0.000000000000000000e+00 0.000000000000000000e+00 0.000000000000000000e+00 0.000000000000000000e+00 4.505180958101816864e-04 0.000000000000000000e+00 0.000000000000000000e+00 0.000000000000000000e+00 1.258653241032095635e-04 0.000000000000000000e+00 0.000000000000000000e+00 0.000000000000000000e+00 1.482868961211269813e-02 0.000000000000000000e+00 1.826677994902294044e-02 0.000000000000000000e+00 0.000000000000000000e+00 0.000000000000000000e+00 3.387916431394692469e-03 0.000000000000000000e+00 1.930501930501930547e-03 0.000000000000000000e+00 9.196811771919067560e-04 0.000000000000000000e+00 0.000000000000000000e+00 0.000000000000000000e+00 1.009238413166679664e-03 0.000000000000000000e+00 0.000000000000000000e+00 0.000000000000000000e+00 3.473830477072718803e-04 0.000000000000000000e+00 0.000000000000000000e+00 0.000000000000000000e+00 0.000000000000000000e+00 1.157407407407407343e-03 0.000000000000000000e+00 0.000000000000000000e+00 0.000000000000000000e+00 0.000000000000000000e+00 0.000000000000000000e+00 0.000000000000000000e+00 7.794232268121590148e-04 0.000000000000000000e+00 0.000000000000000000e+00 0.000000000000000000e+00 0.000000000000000000e+00 0.000000000000000000e+00 0.000000000000000000e+00 0.000000000000000000e+00 0.000000000000000000e+00 0.000000000000000000e+00 0.000000000000000000e+00 0.000000000000000000e+00 0.000000000000000000e+00 0.000000000000000000e+00 0.000000000000000000e+00
3.012477718360071499e-01 1.386413151119033488e-03 2.990691225985343468e-02 3.367003367003366856e-03 3.961180431768666953e-04 0.000000000000000000e+00 1.182412358882947157e-01 7.328183798772034026e-03 4.357298474945534190e-03 0.000000000000000000e+00 0.000000000000000000e+00 1.593371574251115303e-03 1.166666666666666685e-01 8.310249307479223961e-04 5.970149253731343343e-03 0.000000000000000000e+00 3.161033797216699498e-02 0.000000000000000000e+00 2.070452911574406987e-02 2.902433578923867014e-03 0.000000000000000000e+00 0.000000000000000000e+00 6.145158611526324761e-03 2.022244691607684615e-03 0.000000000000000000e+00 0.000000000000000000e+00 4.510599909788001781e-04 0.000000000000000000e+00 5.129745314752522795e-02 1.073076510355188378e-04 1.884529724173376669e-03 2.322880371660859464e-03 3.473115513249292602e-03 3.022904313451924008e-03 0.000000000000000000e+00 0.000000000000000000e+00 0.000000000000000000e+00 0.000000000000000000e+00 0.000000000000000000e+00 0.000000000000000000e+00 0.000000000000000000e+00 0.000000000000000000e+00 0.000000000000000000e+00 0.000000000000000000e+00 0.000000000000000000e+00 0.000000000000000000e+00 0.000000000000000000e+00 0.000000000000000000e+00 9.412650602409638502e-04 1.199616122840690936e-04 1.862775535547966542e-03 0.000000000000000000e+00 1.087350489307720158e-03 0.000000000000000000e+00 6.567066163191594011e-04 0.000000000000000000e+00 1.730303379859268699e-03 0.000000000000000000e+00 4.113533525298231400e-04 0.000000000000000000e+00 2.096700274977085152e-02 1.635590448151782853e-04 8.105369807497467619e-03 0.000000000000000000e+00 1.044852191641182544e-02 0.000000000000000000e+00 4.728132387706855569e-04 0.000000000000000000e+00 1.156515034695451043e-03 0.000000000000000000e+00 5.433221637146960076e-02 4.682744088035588987e-04 6.649918723215604913e-03 3.186066270178419769e-04 0.000000000000000000e+00 0.000000000000000000e+00 1.032905415375534944e-03 1.411631846414455015e-04 2.012072434607646045e-03 0.000000000000000000e+00 9.921728585602468745e-03 0.000000000000000000e+00 1.390644753476611914e-02 0.000000000000000000e+00 1.283647113738914033e-02 0.000000000000000000e+00 0.000000000000000000e+00 0.000000000000000000e+00 2.153744201457919328e-03 0.000000000000000000e+00 0.000000000000000000e+00 0.000000000000000000e+00 0.000000000000000000e+00 0.000000000000000000e+00 0.000000000000000000e+00 0.000000000000000000e+00 0.000000000000000000e+00 0.000000000000000000e+00 0.000000000000000000e+00 0.000000000000000000e+00 0.000000000000000000e+00 7.794232268121590148e-04 0.000000000000000000e+00 0.000000000000000000e+00 7.668711656441717971e-04 0.000000000000000000e+00 0.000000000000000000e+00 0.000000000000000000e+00 0.000000000000000000e+00 0.000000000000000000e+00 0.000000000000000000e+00 0.000000000000000000e+00 0.000000000000000000e+00 0.000000000000000000e+00 0.000000000000000000e+00 0.000000000000000000e+00
1.593371574251115303e-04 1.180688336520076542e-01 1.593371574251115303e-03 2.692797960484384981e-02 0.000000000000000000e+00 3.186743148502230605e-04 6.692160611854684922e-03 9.942638623326960357e-02 0.000000000000000000e+00 7.010834926704907766e-03 1.593371574251115303e-03 0.000000000000000000e+00 8.960573476702508953e-04 2.217451523545706238e-01 0.000000000000000000e+00 2.041343669250645851e-02 1.988071570576540822e-04 7.628475760663852578e-02 4.313443565780014123e-03 1.607501674480910775e-02 0.000000000000000000e+00 0.000000000000000000e+00 2.989536621823617440e-03 1.152679474216380257e-02 0.000000000000000000e+00 4.413062665489850115e-04 0.000000000000000000e+00 0.000000000000000000e+00 3.604036520903411683e-04 4.839575061701899272e-02 2.912455028267945702e-03 2.129307007355787842e-03 3.344481605351170509e-03 4.766887571212649263e-03 0.000000000000000000e+00 7.358351729212656359e-04 0.000000000000000000e+00 4.724409448818897681e-04 0.000000000000000000e+00 3.691399040236249384e-04 0.000000000000000000e+00 0.000000000000000000e+00 0.000000000000000000e+00 0.000000000000000000e+00 0.000000000000000000e+00 1.396063102052212831e-04 0.000000000000000000e+00 0.000000000000000000e+00 0.000000000000000000e+00 9.596928982725527486e-04 0.000000000000000000e+00 4.521204448865177904e-04 0.000000000000000000e+00 0.000000000000000000e+00 0.000000000000000000e+00 0.000000000000000000e+00 1.153535586572845817e-04 3.355960643734268861e-03 0.000000000000000000e+00 3.072196620583717355e-04 0.000000000000000000e+00 3.107621851488387259e-03 0.000000000000000000e+00 9.460880012013816662e-03 0.000000000000000000e+00 4.374772147283995626e-03 1.891252955082742390e-04 1.258653241032095743e-03 0.000000000000000000e+00 2.077767883644998648e-03 1.196744853997127808e-03 5.026145321158198565e-02 5.911038865080537556e-04 1.115123194562446865e-02 0.000000000000000000e+00 0.000000000000000000e+00 1.180463331857754252e-03 7.340485601355166943e-03 0.000000000000000000e+00 2.123552123552123472e-02 0.000000000000000000e+00 3.111587982832618102e-02 0.000000000000000000e+00 1.107828655834564198e-02 0.000000000000000000e+00 1.987423336697461546e-02 0.000000000000000000e+00 1.490312965722801787e-03 0.000000000000000000e+00 1.250578971746178769e-02 0.000000000000000000e+00 0.000000000000000000e+00 0.000000000000000000e+00 0.000000000000000000e+00 2.314814814814814686e-03 1.020408163265306214e-03 0.000000000000000000e+00 0.000000000000000000e+00 0.000000000000000000e+00 0.000000000000000000e+00 0.000000000000000000e+00 0.000000000000000000e+00 0.000000000000000000e+00 0.000000000000000000e+00 0.000000000000000000e+00 0.000000000000000000e+00 0.000000000000000000e+00 0.000000000000000000e+00 0.000000000000000000e+00 0.000000000000000000e+00 0.000000000000000000e+00 0.000000000000000000e+00 0.000000000000000000e+00 0.000000000000000000e+00 0.000000000000000000e+00 0.000000000000000000e+00
4.569892473118279674e-02 0.000000000000000000e+00 2.204301075268817051e-02 3.942652329749104373e-03 1.075268817204301074e-03 0.000000000000000000e+00 1.284946236559139920e-01 6.451612903225806446e-03 2.813620071684587789e-02 0.000000000000000000e+00 1.166666666666666685e-01 8.960573476702508953e-04 0.000000000000000000e+00 1.523545706371191204e-03 2.844776119402985248e-01 0.000000000000000000e+00 2.385685884691849095e-03 0.000000000000000000e+00 2.731847591660675669e-03 7.814244250948872064e-04 0.000000000000000000e+00 0.000000000000000000e+00 2.308586613519348837e-02 3.235591506572295297e-03 0.000000000000000000e+00 4.413062665489850115e-04 0.000000000000000000e+00 3.326679973386560294e-04 1.368332532436328797e-01 1.073076510355188378e-04 7.024156244646222701e-03 7.162214479287650447e-03 2.315410342166195068e-03 9.301244041390535492e-04 8.009611533840608685e-04 0.000000000000000000e+00 1.648125257519571490e-03 0.000000000000000000e+00 0.000000000000000000e+00 0.000000000000000000e+00 1.153402537485582503e-03 0.000000000000000000e+00 1.839249586168843005e-04 0.000000000000000000e+00 1.882175795219273443e-04 0.000000000000000000e+00 0.000000000000000000e+00 0.000000000000000000e+00 0.000000000000000000e+00 1.199616122840690936e-04 7.244127082686535948e-04 0.000000000000000000e+00 0.000000000000000000e+00 0.000000000000000000e+00 3.283533081595797006e-04 0.000000000000000000e+00 4.614142346291383269e-04 0.000000000000000000e+00 2.742355683532154086e-04 0.000000000000000000e+00 7.332722273143904915e-03 0.000000000000000000e+00 4.559270516717324993e-03 0.000000000000000000e+00 4.077471967380224584e-03 1.215214485356665391e-04 6.619385342789597688e-04 0.000000000000000000e+00 5.782575173477255215e-04 0.000000000000000000e+00 5.469123982766874170e-02 1.560914696011862996e-03 2.896409043889463727e-02 1.062022090059473256e-03 0.000000000000000000e+00 0.000000000000000000e+00 2.611775121735281091e-02 7.058159232072275073e-04 5.030181086519114678e-03 0.000000000000000000e+00 8.047624297210891064e-03 0.000000000000000000e+00 1.896333754740834330e-03 0.000000000000000000e+00 8.168663451065816261e-03 0.000000000000000000e+00 0.000000000000000000e+00 0.000000000000000000e+00 8.283631544068919324e-04 0.000000000000000000e+00 7.264802034144569876e-04 0.000000000000000000e+00 7.451564828614008935e-04 0.000000000000000000e+00 3.472222222222222029e-03 0.000000000000000000e+00 0.000000000000000000e+00 0.000000000000000000e+00 0.000000000000000000e+00 0.000000000000000000e+00 0.000000000000000000e+00 7.794232268121590148e-04 3.760812335464460234e-04 0.000000000000000000e+00 0.000000000000000000e+00 0.000000000000000000e+00 0.000000000000000000e+00 0.000000000000000000e+00 0.000000000000000000e+00 0.000000000000000000e+00 0.000000000000000000e+00 0.000000000000000000e+00 0.000000000000000000e+00 2.322880371660859464e-03 0.000000000000000000e+00 0.000000000000000000e+00
