2.708757328184296376e-01 4.681775643440453383e-01 3.386097045891842683e-01 4.914667242992397655e-01 3.357616874768778459e-01 0.000000000000000000e+00 3.442513836546465256e-01 4.671080199911128439e-01 3.341081317761191993e-01 0.000000000000000000e+00 3.056205466674346005e-01 0.000000000000000000e+00 3.508995388763824219e-01 4.823418571428571555e-01 3.608492735950747932e-01 4.544206024844719138e-01 3.550233837994201669e-01 4.692985190744628499e-01 3.948975081610976434e-01 4.860209242017733411e-01 0.000000000000000000e+00 0.000000000000000000e+00 3.597585968485315089e-01 0.000000000000000000e+00 0.000000000000000000e+00 0.000000000000000000e+00 0.000000000000000000e+00 0.000000000000000000e+00 3.929332008686458044e-01 4.783262531653800775e-01 3.957950917878302888e-01 4.568200415262803071e-01 3.970259392065368376e-01 4.772876291220492506e-01 4.315781847840411412e-01 0.000000000000000000e+00 4.568427650722273192e-01 5.090379607473012324e-01 4.992551616451458840e-01 5.756877070707070443e-01 4.059926594174896874e-01 0.000000000000000000e+00 0.000000000000000000e+00 0.000000000000000000e+00 4.327416021954823555e-01 4.679466833491706668e-01 4.160365005748778433e-01 0.000000000000000000e+00 4.168424011056008349e-01 4.608002290780455756e-01 4.050285862632849176e-01 0.000000000000000000e+00 4.044356194517813030e-01 0.000000000000000000e+00 4.128139879323004524e-01 0.000000000000000000e+00 3.483416749784811750e-01 4.674356312549619030e-01 3.988609593663476338e-01 4.749591717449464512e-01 3.868255789134966149e-01 4.656103842968436490e-01 3.687183275862575549e-01 4.739888863848922274e-01 4.089025938510270630e-01 4.561474374999999748e-01 3.909941028629019821e-01 4.767333808382151483e-01 3.001221098061703230e-01 4.812911804172196883e-01 3.379928620977937781e-01 4.768027677711959011e-01 3.724422051430745229e-01 4.674216133724826139e-01 0.000000000000000000e+00 0.000000000000000000e+00 3.945645813429742299e-01 4.627063976020521774e-01 0.000000000000000000e+00 0.000000000000000000e+00 4.074996856495188280e-01 4.760142381556398683e-01 0.000000000000000000e+00 0.000000000000000000e+00 4.258728030599249204e-01 4.672005562628467890e-01 0.000000000000000000e+00 0.000000000000000000e+00 4.302885904386229421e-01 5.273293851351350536e-01 4.486650474129966204e-01 4.744083687008164296e-01 4.488834125874126557e-01 4.467624025974026303e-01 4.330079698642807506e-01 4.914152258064515277e-01 4.326049898989898224e-01 0.000000000000000000e+00 4.469955042016806601e-01 4.313603823529411629e-01 4.499782676056338637e-01 0.000000000000000000e+00 4.406453089662962785e-01 4.021509379844961374e-01 4.355347367394480362e-01 4.288810674301979375e-01 4.108871784428405616e-01 0.000000000000000000e+00 0.000000000000000000e+00 0.000000000000000000e+00 0.000000000000000000e+00 0.000000000000000000e+00 0.000000000000000000e+00 0.000000000000000000e+00 0.000000000000000000e+00 0.000000000000000000e+00
4.681775643440453383e-01 2.669330856382314265e-01 4.746018090883753482e-01 3.103247644658225779e-01 0.000000000000000000e+00 3.438798735755976277e-01 4.703296150633358153e-01 3.238622262386796624e-01 0.000000000000000000e+00 3.389577354065749781e-01 4.667401631407792073e-01 3.117212034313061042e-01 4.548979247311828455e-01 3.500770273342885264e-01 0.000000000000000000e+00 3.723929530901788354e-01 4.707972140793922344e-01 3.655478795654787394e-01 4.827445956293047735e-01 3.794494110322057523e-01 0.000000000000000000e+00 0.000000000000000000e+00 4.576078887139851115e-01 3.657013211111111994e-01 0.000000000000000000e+00 0.000000000000000000e+00 0.000000000000000000e+00 3.430430697674418661e-01 4.781052088372552689e-01 4.161055288928454110e-01 4.137065035449901673e-01 3.820525650203543955e-01 4.841979736622699648e-01 4.283644599625584526e-01 4.745520344827585668e-01 0.000000000000000000e+00 4.845758414447883244e-01 5.210018481593876594e-01 0.000000000000000000e+00 5.492006193252081392e-01 0.000000000000000000e+00 3.578377142857142590e-01 0.000000000000000000e+00 0.000000000000000000e+00 4.662656877259944155e-01 4.107036897374599649e-01 0.000000000000000000e+00 4.517794822695035406e-01 0.000000000000000000e+00 4.163341076628922499e-01 0.000000000000000000e+00 4.055358280953181294e-01 0.000000000000000000e+00 4.096768256024335697e-01 4.887461472392637951e-01 4.013709833690950468e-01 4.714686544469975371e-01 3.134480600050158494e-01 0.000000000000000000e+00 3.927869460925423328e-01 4.581691476254910467e-01 3.801731217877064584e-01 4.417480306239926491e-01 3.789568801165283385e-01 0.000000000000000000e+00 3.922186858378114982e-01 4.818397633178844730e-01 3.823064358596006129e-01 4.887186154970908913e-01 2.906606436571051999e-01 4.673424227399289310e-01 3.411314758095455035e-01 4.558838998448134783e-01 3.975503352578153571e-01 0.000000000000000000e+00 3.291540512820512743e-01 4.587254278129461738e-01 4.099445190154440977e-01 0.000000000000000000e+00 0.000000000000000000e+00 4.755685394531858345e-01 4.201425238083090208e-01 0.000000000000000000e+00 0.000000000000000000e+00 4.688264984245342770e-01 4.133217405958187762e-01 0.000000000000000000e+00 4.072037967479674725e-01 0.000000000000000000e+00 4.227746001816400367e-01 4.236230194031661567e-01 4.825362221692503506e-01 3.854001764428436894e-01 4.321112247526441297e-01 4.354254364288549506e-01 4.630634466674167227e-01 0.000000000000000000e+00 0.000000000000000000e+00 0.000000000000000000e+00 4.865842711095956230e-01 4.209324345917471177e-01 4.599373918667680194e-01 4.521896073619632306e-01 4.549747865878159270e-01 0.000000000000000000e+00 4.643993705905544722e-01 0.000000000000000000e+00 0.000000000000000000e+00 0.000000000000000000e+00 0.000000000000000000e+00 0.000000000000000000e+00 0.000000000000000000e+00 0.000000000000000000e+00 4.270438220338983459e-01 0.000000000000000000e+00 0.000000000000000000e+00
3.386097045891842683e-01 4.746018090883753482e-01 2.507513142729554945e-01 4.350820439306266052e-01 2.090743837380364123e-01 3.943624519418112984e-01 2.930060241735195081e-01 4.301113410257144665e-01 2.509742514683789838e-01 4.192445926784421628e-01 3.761402644104673842e-01 4.441121965980656117e-01 3.286082232914955270e-01 4.100573339705225751e-01 3.154246092884769315e-01 4.083565630505386901e-01 4.002167703614477601e-01 4.618718760876583951e-01 3.385284220160364455e-01 4.891477484572323564e-01 3.619511111111111124e-01 3.601484126984126344e-01 2.410214934747367532e-01 4.224221191756419858e-01 2.432132239494527171e-01 4.085195312881588769e-01 2.920913629618823726e-01 4.043425329041039906e-01 3.492903940325308154e-01 4.576232325289443237e-01 3.594940786684292511e-01 4.131473485335589446e-01 4.107283894611029607e-01 4.769293565443925020e-01 4.230561327292671758e-01 0.000000000000000000e+00 4.403698179752973396e-01 0.000000000000000000e+00 0.000000000000000000e+00 0.000000000000000000e+00 4.412146404494381446e-01 0.000000000000000000e+00 3.890296239264104394e-01 0.000000000000000000e+00 4.313299281156606213e-01 4.933086608401084372e-01 4.461063848448290625e-01 0.000000000000000000e+00 4.269711210825668513e-01 0.000000000000000000e+00 4.138761401986379984e-01 0.000000000000000000e+00 4.133464501732648233e-01 0.000000000000000000e+00 4.037913470499640001e-01 4.871091599999999855e-01 3.804421554966350150e-01 4.709867477296856841e-01 4.025514164444966014e-01 4.824276270437268810e-01 4.053343812688656178e-01 4.974902765306122299e-01 3.896555236182968063e-01 4.469477021906426706e-01 3.754974123284344212e-01 4.874895251180764166e-01 4.072188321764844687e-01 4.866130858657446434e-01 3.199086972681190466e-01 4.756338543689319631e-01 3.656779106691482872e-01 4.543000208208319846e-01 3.558470659913769429e-01 4.202815011360278574e-01 3.277721847826087220e-01 0.000000000000000000e+00 3.856725783541313790e-01 4.423275260243961782e-01 0.000000000000000000e+00 0.000000000000000000e+00 3.742793782011952786e-01 0.000000000000000000e+00 3.690127122583071184e-01 0.000000000000000000e+00 3.922655139606339159e-01 0.000000000000000000e+00 3.592839247311828688e-01 0.000000000000000000e+00 3.849635554377154878e-01 0.000000000000000000e+00 4.102862369735157388e-01 3.872451708401378756e-01 3.991933756490663732e-01 0.000000000000000000e+00 4.225131418377007231e-01 4.127385561902506828e-01 0.000000000000000000e+00 0.000000000000000000e+00 0.000000000000000000e+00 4.221812500000000079e-01 0.000000000000000000e+00 0.000000000000000000e+00 3.677047219938335276e-01 4.142969142632746959e-01 4.629632457473206730e-01 0.000000000000000000e+00 4.354469819819818954e-01 0.000000000000000000e+00 0.000000000000000000e+00 0.000000000000000000e+00 0.000000000000000000e+00 0.000000000000000000e+00 0.000000000000000000e+00 0.000000000000000000e+00 4.414079622641509104e-01 0.000000000000000000e+00
4.914667242992397655e-01 3.103247644658225779e-01 4.350820439306266052e-01 2.541557635648322711e-01 3.878161974562003844e-01 2.474221945030629921e-01 4.502348638588062335e-01 2.936858330096952518e-01 4.439803523106738425e-01 2.741331803363347142e-01 4.859900667574654776e-01 3.900205954668185537e-01 4.345221917211615770e-01 3.448486862809840292e-01 4.250743684507382047e-01 3.403776969059483237e-01 4.913888296418820190e-01 4.128025904400176582e-01 4.840379405289539916e-01 2.805395757560763537e-01 0.000000000000000000e+00 0.000000000000000000e+00 4.218583216602003194e-01 2.277566692252430969e-01 4.018920874264427234e-01 1.875208923251286408e-01 3.291525679012345940e-01 2.630942747011208449e-01 4.800884684154813620e-01 3.657422576595461550e-01 4.132604021999692900e-01 3.441537167351267912e-01 4.977121906794632067e-01 3.964194018260144281e-01 5.118930157480315879e-01 4.397790085560089324e-01 4.968578670679313913e-01 4.619181757770712271e-01 0.000000000000000000e+00 5.160072798520708437e-01 0.000000000000000000e+00 3.856938720011597321e-01 0.000000000000000000e+00 0.000000000000000000e+00 0.000000000000000000e+00 4.353339165327679838e-01 0.000000000000000000e+00 4.283736640624999925e-01 0.000000000000000000e+00 4.419196105929750207e-01 0.000000000000000000e+00 4.294589661255731605e-01 0.000000000000000000e+00 3.968018944370236278e-01 0.000000000000000000e+00 4.116710818257516280e-01 4.904990275160063251e-01 3.970212843924841306e-01 4.903788375873214811e-01 4.178568922738344904e-01 4.620589583333333250e-01 4.031886307416721604e-01 4.529949736506746483e-01 4.129679395172008438e-01 0.000000000000000000e+00 4.112197786881060524e-01 4.682408090237542564e-01 4.252119964057475276e-01 5.096476054017127222e-01 4.359713561494465983e-01 4.822388911942284695e-01 3.698555234781462087e-01 4.444037353767567033e-01 3.677658617324705559e-01 0.000000000000000000e+00 3.050700356966141169e-01 4.481418812840617383e-01 3.992379697158366936e-01 0.000000000000000000e+00 0.000000000000000000e+00 4.394633153153152394e-01 3.930884662829844944e-01 0.000000000000000000e+00 0.000000000000000000e+00 0.000000000000000000e+00 4.116189992855612823e-01 0.000000000000000000e+00 0.000000000000000000e+00 0.000000000000000000e+00 4.011731627231517328e-01 3.959744488092176717e-01 4.503318369406114074e-01 4.314131737925634424e-01 4.165318839176074261e-01 4.155143621446117930e-01 4.449316315016755841e-01 0.000000000000000000e+00 4.476509082568806419e-01 4.225329249076205107e-01 4.568970525988416131e-01 4.131344428571427918e-01 4.529057308170925111e-01 4.124057383680250766e-01 4.302898429519750878e-01 4.009652258791048807e-01 4.091990358180885856e-01 3.896249847328244753e-01 0.000000000000000000e+00 0.000000000000000000e+00 0.000000000000000000e+00 0.000000000000000000e+00 0.000000000000000000e+00 0.000000000000000000e+00 0.000000000000000000e+00 0.000000000000000000e+00 0.000000000000000000e+00
3.357616874768778459e-01 0.000000000000000000e+00 2.090743837380364123e-01 3.878161974562003844e-01 2.170051807378165498e-01 4.056579717204503166e-01 2.755707213096258990e-01 4.138117537909130061e-01 2.529730501104405227e-01 4.352173445855149203e-01 3.474140797872340980e-01 0.000000000000000000e+00 2.996772771323102380e-01 3.869109986038490323e-01 3.197643739353063785e-01 4.487957227207001742e-01 3.514029200000000075e-01 0.000000000000000000e+00 3.532578829415494726e-01 4.264648466257669468e-01 3.986547501059586884e-01 4.565354050627128402e-01 2.147653371570973635e-01 4.082900835128789874e-01 1.835730271177002104e-01 4.096263734493268971e-01 2.835124305372786480e-01 4.287162239378047301e-01 3.320845096319857137e-01 3.532698817204301123e-01 3.248674952845628794e-01 4.212187301080915214e-01 3.652975448970171568e-01 3.663046131096973634e-01 0.000000000000000000e+00 4.246848321678321492e-01 4.019659369145546779e-01 0.000000000000000000e+00 0.000000000000000000e+00 0.000000000000000000e+00 0.000000000000000000e+00 0.000000000000000000e+00 0.000000000000000000e+00 0.000000000000000000e+00 3.668473944998575376e-01 4.957980967741935086e-01 4.456467932611378746e-01 0.000000000000000000e+00 4.458521369413533386e-01 0.000000000000000000e+00 0.000000000000000000e+00 0.000000000000000000e+00 0.000000000000000000e+00 0.000000000000000000e+00 0.000000000000000000e+00 0.000000000000000000e+00 4.047041630894309128e-01 0.000000000000000000e+00 4.323804144736842492e-01 0.000000000000000000e+00 3.893225373345243767e-01 0.000000000000000000e+00 3.777911782567947019e-01 0.000000000000000000e+00 0.000000000000000000e+00 0.000000000000000000e+00 4.039501055938810037e-01 0.000000000000000000e+00 3.696989672058823562e-01 0.000000000000000000e+00 3.619083870575979245e-01 4.517556685744071321e-01 3.421542536692581682e-01 4.033098893793165551e-01 3.688072702702703265e-01 0.000000000000000000e+00 3.431078134989299366e-01 0.000000000000000000e+00 0.000000000000000000e+00 0.000000000000000000e+00 3.480471567675795797e-01 0.000000000000000000e+00 3.886746276937881883e-01 0.000000000000000000e+00 3.834919924811160397e-01 0.000000000000000000e+00 3.920766233766234121e-01 0.000000000000000000e+00 3.873702276971192071e-01 0.000000000000000000e+00 0.000000000000000000e+00 0.000000000000000000e+00 0.000000000000000000e+00 0.000000000000000000e+00 3.568146314176244838e-01 0.000000000000000000e+00 0.000000000000000000e+00 0.000000000000000000e+00 0.000000000000000000e+00 0.000000000000000000e+00 0.000000000000000000e+00 0.000000000000000000e+00 0.000000000000000000e+00 0.000000000000000000e+00 3.304096639344262232e-01 0.000000000000000000e+00 0.000000000000000000e+00 0.000000000000000000e+00 0.000000000000000000e+00 0.000000000000000000e+00 0.000000000000000000e+00 0.000000000000000000e+00 0.000000000000000000e+00 0.000000000000000000e+00 0.000000000000000000e+00 0.000000000000000000e+00
0.000000000000000000e+00 3.438798735755976277e-01 3.943624519418112984e-01 2.474221945030629921e-01 4.056579717204503166e-01 2.309155214247152199e-01 3.710661780032467605e-01 2.426386283931370458e-01 4.624499512489636532e-01 1.753645029434161839e-01 0.000000000000000000e+00 3.088607263644356227e-01 4.457170978723403176e-01 3.160507609151213537e-01 4.573151320890634919e-01 2.731634293073974540e-01 0.000000000000000000e+00 0.000000000000000000e+00 0.000000000000000000e+00 3.617569166325519392e-01 4.284136582417582551e-01 3.334309279562291395e-01 4.141304943551402107e-01 2.480262825584961528e-01 4.159819224121560910e-01 1.605030394094441593e-01 4.666581428648854390e-01 2.642025857333077932e-01 0.000000000000000000e+00 3.051492980669424648e-01 3.905632377924666554e-01 3.249201111411417209e-01 0.000000000000000000e+00 3.774513583759584456e-01 0.000000000000000000e+00 4.341933720820535525e-01 0.000000000000000000e+00 4.174781301244604448e-01 0.000000000000000000e+00 4.289042122269960400e-01 0.000000000000000000e+00 0.000000000000000000e+00 0.000000000000000000e+00 4.009804696969697102e-01 0.000000000000000000e+00 3.975778438904359335e-01 0.000000000000000000e+00 4.569909393578432955e-01 0.000000000000000000e+00 3.882450118884948620e-01 0.000000000000000000e+00 4.119996620250968022e-01 0.000000000000000000e+00 4.181874797615893202e-01 0.000000000000000000e+00 4.226058764216034103e-01 0.000000000000000000e+00 3.326118235294117653e-01 4.651499722222221522e-01 4.267278710125133045e-01 0.000000000000000000e+00 0.000000000000000000e+00 0.000000000000000000e+00 0.000000000000000000e+00 0.000000000000000000e+00 0.000000000000000000e+00 5.316558645161290064e-01 4.053944055130069279e-01 0.000000000000000000e+00 0.000000000000000000e+00 5.032653094119173831e-01 3.504530058145940985e-01 3.199503236390091598e-01 3.472162298222942756e-01 0.000000000000000000e+00 0.000000000000000000e+00 0.000000000000000000e+00 3.420258514557885654e-01 0.000000000000000000e+00 0.000000000000000000e+00 0.000000000000000000e+00 3.649018974358973488e-01 0.000000000000000000e+00 3.998905789771373676e-01 0.000000000000000000e+00 3.888698035250103824e-01 0.000000000000000000e+00 3.808526481481482318e-01 0.000000000000000000e+00 3.945882609481121128e-01 3.664422465753424674e-01 0.000000000000000000e+00 0.000000000000000000e+00 0.000000000000000000e+00 3.332161935483871074e-01 0.000000000000000000e+00 0.000000000000000000e+00 0.000000000000000000e+00 0.000000000000000000e+00 0.000000000000000000e+00 0.000000000000000000e+00 0.000000000000000000e+00 0.000000000000000000e+00 0.000000000000000000e+00 0.000000000000000000e+00 0.000000000000000000e+00 0.000000000000000000e+00 0.000000000000000000e+00 0.000000000000000000e+00 0.000000000000000000e+00 0.000000000000000000e+00 0.000000000000000000e+00 0.000000000000000000e+00 0.000000000000000000e+00 0.000000000000000000e+00 0.000000000000000000e+00
3.442513836546465256e-01 4.703296150633358153e-01 2.930060241735195081e-01 4.502348638588062335e-01 2.755707213096258990e-01 3.710661780032467605e-01 2.795683026117972703e-01 4.499179290059625580e-01 2.852524575160385600e-01 3.878352337662338001e-01 3.498898185183945686e-01 4.583050267925209975e-01 3.184459963572973118e-01 4.048362502037626265e-01 3.390818382431265987e-01 4.249233938761616258e-01 3.876968976001871070e-01 4.621459296663025240e-01 3.828022200201999792e-01 4.867322123463368455e-01 0.000000000000000000e+00 0.000000000000000000e+00 3.230163782024558228e-01 4.307280260083551915e-01 2.979793366942071753e-01 0.000000000000000000e+00 2.716385081809627455e-01 0.000000000000000000e+00 3.457719005387605016e-01 4.433818942413368380e-01 3.555374705779245081e-01 4.225585045010384344e-01 4.155855512239615135e-01 4.753418147347401868e-01 3.916481427346973354e-01 0.000000000000000000e+00 4.181979888625492192e-01 0.000000000000000000e+00 0.000000000000000000e+00 0.000000000000000000e+00 0.000000000000000000e+00 0.000000000000000000e+00 4.246850893755935719e-01 0.000000000000000000e+00 4.340800309223894482e-01 4.462941901840489778e-01 4.509445602836879563e-01 0.000000000000000000e+00 4.092926219262843501e-01 4.227442835081585137e-01 4.026751235018848907e-01 4.544884485769874471e-01 3.856289384790877461e-01 0.000000000000000000e+00 3.923983878808589565e-01 4.723537439024390050e-01 3.882102202081949560e-01 4.436874692743429938e-01 4.065504475637103377e-01 4.593242973263175766e-01 3.970627264046155958e-01 4.521170791002614986e-01 3.900979018865786685e-01 4.526032980210094037e-01 4.003276286543474005e-01 4.535560793650794120e-01 4.206486563136465073e-01 4.623588391831536248e-01 3.851162817753466250e-01 4.686076983693295284e-01 3.462062318804387528e-01 4.826786085949050786e-01 3.457170069156737524e-01 4.350372519853528686e-01 3.398860258620689523e-01 3.595838249999999681e-01 3.678465962077671625e-01 4.338573951976079646e-01 0.000000000000000000e+00 0.000000000000000000e+00 3.956806839975375301e-01 0.000000000000000000e+00 3.925440714285714505e-01 0.000000000000000000e+00 4.107570199221368124e-01 0.000000000000000000e+00 3.846811686046512357e-01 0.000000000000000000e+00 4.068531540094431631e-01 0.000000000000000000e+00 4.014329461718799674e-01 0.000000000000000000e+00 0.000000000000000000e+00 3.962120836060606388e-01 4.222645776307583643e-01 4.357391869443875132e-01 0.000000000000000000e+00 0.000000000000000000e+00 0.000000000000000000e+00 0.000000000000000000e+00 0.000000000000000000e+00 0.000000000000000000e+00 4.043224809160305133e-01 0.000000000000000000e+00 3.931466945536215563e-01 3.970058991652202218e-01 0.000000000000000000e+00 0.000000000000000000e+00 0.000000000000000000e+00 0.000000000000000000e+00 0.000000000000000000e+00 0.000000000000000000e+00 0.000000000000000000e+00 0.000000000000000000e+00 0.000000000000000000e+00 0.000000000000000000e+00
4.671080199911128439e-01 3.238622262386796624e-01 4.301113410257144665e-01 2.936858330096952518e-01 4.138117537909130061e-01 2.426386283931370458e-01 4.499179290059625580e-01 2.592911992694090229e-01 4.113411784633999591e-01 3.062204390601893644e-01 4.653127500110608161e-01 3.362270894636537055e-01 4.274813796049082293e-01 2.669174747325820385e-01 4.435657972972973373e-01 3.092863478683387513e-01 4.622822598535009653e-01 3.776691349195635539e-01 4.613990695712894552e-01 3.772562124546993134e-01 0.000000000000000000e+00 0.000000000000000000e+00 4.187307590880250396e-01 3.461467179855281517e-01 3.831335836008822326e-01 2.688437664735834898e-01 4.368937088607593444e-01 3.525071788957210850e-01 4.554381930564377901e-01 3.408966205251672821e-01 4.029848609918497693e-01 3.327352409873924333e-01 4.608992138788366999e-01 3.856397308235747778e-01 0.000000000000000000e+00 4.303767962786000933e-01 0.000000000000000000e+00 4.071043567527142248e-01 0.000000000000000000e+00 4.261573858158023698e-01 0.000000000000000000e+00 0.000000000000000000e+00 0.000000000000000000e+00 0.000000000000000000e+00 0.000000000000000000e+00 4.132098862449913868e-01 0.000000000000000000e+00 0.000000000000000000e+00 4.247211472392638520e-01 3.970719627751244651e-01 0.000000000000000000e+00 3.928429482478140722e-01 0.000000000000000000e+00 3.887384149176481563e-01 0.000000000000000000e+00 3.930920782661291857e-01 4.649105805712842598e-01 3.708955779737478919e-01 4.806591032799389929e-01 4.193929671895931799e-01 4.317657092996555201e-01 3.803254304280830889e-01 4.503604146341463332e-01 3.779290007983788779e-01 0.000000000000000000e+00 3.959658735900833948e-01 4.639186115613876948e-01 4.301842094833304708e-01 4.663553720402873748e-01 4.143857149999999323e-01 4.688283901448458413e-01 3.210234065251234559e-01 4.301019384365636355e-01 3.404345078334815033e-01 0.000000000000000000e+00 3.156977642276422857e-01 4.257862745151367867e-01 3.641467861095905034e-01 0.000000000000000000e+00 0.000000000000000000e+00 0.000000000000000000e+00 4.154881322749314765e-01 0.000000000000000000e+00 0.000000000000000000e+00 4.288901192052979594e-01 4.022660031780432299e-01 0.000000000000000000e+00 0.000000000000000000e+00 0.000000000000000000e+00 4.019275348536326953e-01 4.137362277429188495e-01 0.000000000000000000e+00 3.538924999999999987e-01 3.906214185890621304e-01 4.149288379645695857e-01 4.470978042003215802e-01 3.540939306930692698e-01 0.000000000000000000e+00 0.000000000000000000e+00 0.000000000000000000e+00 0.000000000000000000e+00 0.000000000000000000e+00 0.000000000000000000e+00 3.968818492913647744e-01 3.703989475429194655e-01 0.000000000000000000e+00 0.000000000000000000e+00 0.000000000000000000e+00 0.000000000000000000e+00 0.000000000000000000e+00 0.000000000000000000e+00 0.000000000000000000e+00 0.000000000000000000e+00 0.000000000000000000e+00 0.000000000000000000e+00 0.000000000000000000e+00
3.341081317761191993e-01 0.000000000000000000e+00 2.509742514683789838e-01 4.439803523106738425e-01 2.529730501104405227e-01 4.624499512489636532e-01 2.852524575160385600e-01 4.113411784633999591e-01 2.817775355378719371e-01 0.000000000000000000e+00 3.502584423076923748e-01 0.000000000000000000e+00 3.004786302925880337e-01 4.211314198993777458e-01 3.100813016516341669e-01 4.354726666666667301e-01 0.000000000000000000e+00 0.000000000000000000e+00 3.545951600752849653e-01 0.000000000000000000e+00 4.057441654897482319e-01 0.000000000000000000e+00 2.995294399962189491e-01 4.283967293416277022e-01 2.136743159311770002e-01 4.271107610790550457e-01 3.323757265136836891e-01 0.000000000000000000e+00 3.322260721101398806e-01 0.000000000000000000e+00 3.417592435309472765e-01 4.158428750000000007e-01 4.107242083333333404e-01 0.000000000000000000e+00 4.766958474576271643e-01 0.000000000000000000e+00 0.000000000000000000e+00 0.000000000000000000e+00 0.000000000000000000e+00 0.000000000000000000e+00 0.000000000000000000e+00 0.000000000000000000e+00 4.427802363225009641e-01 0.000000000000000000e+00 0.000000000000000000e+00 0.000000000000000000e+00 4.388821081081081266e-01 0.000000000000000000e+00 0.000000000000000000e+00 0.000000000000000000e+00 3.946048347732842854e-01 0.000000000000000000e+00 3.813112306175402422e-01 0.000000000000000000e+00 4.706777333333332924e-01 0.000000000000000000e+00 4.075816159999998689e-01 0.000000000000000000e+00 3.618320317460317903e-01 0.000000000000000000e+00 3.818381787037037345e-01 0.000000000000000000e+00 0.000000000000000000e+00 0.000000000000000000e+00 3.804011186743957995e-01 0.000000000000000000e+00 0.000000000000000000e+00 4.939150482758619676e-01 0.000000000000000000e+00 0.000000000000000000e+00 3.558768568420567768e-01 4.384721868921769294e-01 3.582200588252292262e-01 4.033560030349994108e-01 0.000000000000000000e+00 0.000000000000000000e+00 3.374472227994875784e-01 0.000000000000000000e+00 0.000000000000000000e+00 0.000000000000000000e+00 3.554603319219353796e-01 0.000000000000000000e+00 3.977589768786127800e-01 0.000000000000000000e+00 3.882641031753975014e-01 0.000000000000000000e+00 0.000000000000000000e+00 0.000000000000000000e+00 3.860123344368059928e-01 0.000000000000000000e+00 0.000000000000000000e+00 0.000000000000000000e+00 0.000000000000000000e+00 0.000000000000000000e+00 0.000000000000000000e+00 0.000000000000000000e+00 0.000000000000000000e+00 0.000000000000000000e+00 0.000000000000000000e+00 0.000000000000000000e+00 0.000000000000000000e+00 0.000000000000000000e+00 0.000000000000000000e+00 0.000000000000000000e+00 0.000000000000000000e+00 0.000000000000000000e+00 0.000000000000000000e+00 0.000000000000000000e+00 0.000000000000000000e+00 0.000000000000000000e+00 0.000000000000000000e+00 0.000000000000000000e+00 0.000000000000000000e+00 0.000000000000000000e+00 0.000000000000000000e+00 0.000000000000000000e+00
0.000000000000000000e+00 3.389577354065749781e-01 4.192445926784421628e-01 2.741331803363347142e-01 4.352173445855149203e-01 1.753645029434161839e-01 3.878352337662338001e-01 3.062204390601893644e-01 0.000000000000000000e+00 2.448866185750610824e-01 0.000000000000000000e+00 3.415519722684814963e-01 3.656694111111110645e-01 3.257863865169817186e-01 4.333422861733742804e-01 2.712815999990995097e-01 0.000000000000000000e+00 3.786278970741314143e-01 0.000000000000000000e+00 3.593451316433780574e-01 0.000000000000000000e+00 0.000000000000000000e+00 4.045477639605791209e-01 2.698895294503315667e-01 4.214049821866581724e-01 1.730818310954370665e-01 4.539840114942529370e-01 3.144027270502935956e-01 4.531190656253070159e-01 3.296123010178035884e-01 4.022793676729943813e-01 3.120241569712131624e-01 4.187925540566959093e-01 3.517353739395505663e-01 0.000000000000000000e+00 4.528471868131867528e-01 0.000000000000000000e+00 3.776655895470383273e-01 0.000000000000000000e+00 0.000000000000000000e+00 0.000000000000000000e+00 0.000000000000000000e+00 0.000000000000000000e+00 0.000000000000000000e+00 0.000000000000000000e+00 4.600102602739726820e-01 0.000000000000000000e+00 0.000000000000000000e+00 0.000000000000000000e+00 3.683419986164173654e-01 0.000000000000000000e+00 3.705817295778762177e-01 0.000000000000000000e+00 3.462488523550724118e-01 0.000000000000000000e+00 4.013908940982028883e-01 0.000000000000000000e+00 3.589752567906976388e-01 0.000000000000000000e+00 3.991676801525286256e-01 0.000000000000000000e+00 3.343745803571427921e-01 0.000000000000000000e+00 0.000000000000000000e+00 0.000000000000000000e+00 4.438055106382979287e-01 0.000000000000000000e+00 4.128929112097998178e-01 4.285140000000000615e-01 4.080332671232876907e-01 4.760175193019626216e-01 3.218173675995515959e-01 0.000000000000000000e+00 3.423332105901231159e-01 0.000000000000000000e+00 0.000000000000000000e+00 0.000000000000000000e+00 3.490980719377733132e-01 0.000000000000000000e+00 0.000000000000000000e+00 0.000000000000000000e+00 4.048206233215513872e-01 0.000000000000000000e+00 4.077404210526316408e-01 0.000000000000000000e+00 3.788178059899804939e-01 0.000000000000000000e+00 3.831870540540540659e-01 0.000000000000000000e+00 3.861711212446095054e-01 3.595629924242424447e-01 0.000000000000000000e+00 0.000000000000000000e+00 0.000000000000000000e+00 4.050541923076922957e-01 0.000000000000000000e+00 0.000000000000000000e+00 0.000000000000000000e+00 0.000000000000000000e+00 4.294814227642275717e-01 0.000000000000000000e+00 0.000000000000000000e+00 0.000000000000000000e+00 3.681437226890756365e-01 0.000000000000000000e+00 3.757453124999999838e-01 0.000000000000000000e+00 0.000000000000000000e+00 0.000000000000000000e+00 0.000000000000000000e+00 0.000000000000000000e+00 0.000000000000000000e+00 0.000000000000000000e+00 0.000000000000000000e+00 0.000000000000000000e+00 0.000000000000000000e+00
3.056205466674346005e-01 4.667401631407792073e-01 3.761402644104673842e-01 4.859900667574654776e-01 3.474140797872340980e-01 0.000000000000000000e+00 3.498898185183945686e-01 4.653127500110608161e-01 3.502584423076923748e-01 0.000000000000000000e+00 2.720154207113290035e-01 4.418533861771364868e-01 3.002229671218156759e-01 3.924309374999999656e-01 3.843368309359334600e-01 0.000000000000000000e+00 3.767688038872839540e-01 4.420222562830532498e-01 4.046666300440049380e-01 4.743507295798078394e-01 0.000000000000000000e+00 0.000000000000000000e+00 3.813219671678989564e-01 4.281211060606061047e-01 0.000000000000000000e+00 0.000000000000000000e+00 0.000000000000000000e+00 0.000000000000000000e+00 3.574920324087536572e-01 0.000000000000000000e+00 3.696795000000000497e-01 0.000000000000000000e+00 4.073277244897959282e-01 4.869791169963312294e-01 0.000000000000000000e+00 0.000000000000000000e+00 0.000000000000000000e+00 0.000000000000000000e+00 0.000000000000000000e+00 0.000000000000000000e+00 0.000000000000000000e+00 0.000000000000000000e+00 0.000000000000000000e+00 0.000000000000000000e+00 0.000000000000000000e+00 0.000000000000000000e+00 0.000000000000000000e+00 0.000000000000000000e+00 0.000000000000000000e+00 0.000000000000000000e+00 4.083491050311521819e-01 0.000000000000000000e+00 0.000000000000000000e+00 0.000000000000000000e+00 0.000000000000000000e+00 0.000000000000000000e+00 3.620278167062810359e-01 0.000000000000000000e+00 4.121315977080210469e-01 4.194078110236220680e-01 3.951445772862162698e-01 0.000000000000000000e+00 3.857738500579550034e-01 0.000000000000000000e+00 4.103014542609161874e-01 0.000000000000000000e+00 4.452895040650405867e-01 0.000000000000000000e+00 4.341386951219512458e-01 0.000000000000000000e+00 3.609345544583244525e-01 4.988941086956521498e-01 3.809647323117052453e-01 4.673338027870680977e-01 0.000000000000000000e+00 0.000000000000000000e+00 3.388902810573731772e-01 4.369758860116331189e-01 3.823139310344828012e-01 0.000000000000000000e+00 3.938994941389514781e-01 0.000000000000000000e+00 0.000000000000000000e+00 0.000000000000000000e+00 4.256829264309453520e-01 0.000000000000000000e+00 0.000000000000000000e+00 0.000000000000000000e+00 4.333169546942474137e-01 0.000000000000000000e+00 0.000000000000000000e+00 0.000000000000000000e+00 0.000000000000000000e+00 0.000000000000000000e+00 0.000000000000000000e+00 0.000000000000000000e+00 0.000000000000000000e+00 0.000000000000000000e+00 0.000000000000000000e+00 0.000000000000000000e+00 0.000000000000000000e+00 0.000000000000000000e+00 0.000000000000000000e+00 0.000000000000000000e+00 0.000000000000000000e+00 0.000000000000000000e+00 0.000000000000000000e+00 0.000000000000000000e+00 0.000000000000000000e+00 0.000000000000000000e+00 0.000000000000000000e+00 0.000000000000000000e+00 0.000000000000000000e+00 0.000000000000000000e+00 0.000000000000000000e+00 0.000000000000000000e+00
0.000000000000000000e+00 3.117212034313061042e-01 4.441121965980656117e-01 3.900205954668185537e-01 0.000000000000000000e+00 3.088607263644356227e-01 4.583050267925209975e-01 3.362270894636537055e-01 0.000000000000000000e+00 3.415519722684814963e-01 4.418533861771364868e-01 2.866260668333521777e-01 4.357413530008460434e-01 3.152936687667579618e-01 0.000000000000000000e+00 3.494515159246706082e-01 4.768405119967047967e-01 3.446652577100158821e-01 4.617883838726200008e-01 4.123078817691835374e-01 0.000000000000000000e+00 0.000000000000000000e+00 4.479310091509087211e-01 3.960410230184149838e-01 0.000000000000000000e+00 0.000000000000000000e+00 0.000000000000000000e+00 0.000000000000000000e+00 0.000000000000000000e+00 3.626933707018918929e-01 3.804045236078736347e-01 3.686063604171138652e-01 4.568737732716048328e-01 3.977436811964938923e-01 0.000000000000000000e+00 0.000000000000000000e+00 0.000000000000000000e+00 4.093613623217237096e-01 0.000000000000000000e+00 4.794193134328358363e-01 0.000000000000000000e+00 0.000000000000000000e+00 0.000000000000000000e+00 0.000000000000000000e+00 0.000000000000000000e+00 4.242938451556522161e-01 0.000000000000000000e+00 0.000000000000000000e+00 0.000000000000000000e+00 4.223796443174939741e-01 0.000000000000000000e+00 4.014863217171248944e-01 0.000000000000000000e+00 3.883433598832360945e-01 0.000000000000000000e+00 4.078408001888910173e-01 4.640687207207206955e-01 3.469545988406716464e-01 0.000000000000000000e+00 4.063983813217539875e-01 0.000000000000000000e+00 3.860221406444773740e-01 0.000000000000000000e+00 3.822786815069893485e-01 0.000000000000000000e+00 3.970089046894552665e-01 4.247521652173913420e-01 4.306693247370463884e-01 4.860481628856623826e-01 4.447786741573033775e-01 4.790749476674693308e-01 3.336167327522149284e-01 4.403894177560165324e-01 3.667500262897211982e-01 0.000000000000000000e+00 0.000000000000000000e+00 4.413904847306716617e-01 3.753678986714878429e-01 0.000000000000000000e+00 4.209681997869137438e-01 0.000000000000000000e+00 4.185966097016668996e-01 0.000000000000000000e+00 4.138331154404772394e-01 0.000000000000000000e+00 4.265186870403177566e-01 0.000000000000000000e+00 0.000000000000000000e+00 0.000000000000000000e+00 4.334133551988842425e-01 0.000000000000000000e+00 0.000000000000000000e+00 0.000000000000000000e+00 0.000000000000000000e+00 4.453269421744324719e-01 0.000000000000000000e+00 0.000000000000000000e+00 0.000000000000000000e+00 0.000000000000000000e+00 0.000000000000000000e+00 0.000000000000000000e+00 0.000000000000000000e+00 0.000000000000000000e+00 3.796521851851851759e-01 0.000000000000000000e+00 0.000000000000000000e+00 0.000000000000000000e+00 0.000000000000000000e+00 0.000000000000000000e+00 0.000000000000000000e+00 0.000000000000000000e+00 0.000000000000000000e+00 0.000000000000000000e+00 0.000000000000000000e+00 0.000000000000000000e+00 0.000000000000000000e+00
3.508995388763824219e-01 4.548979247311828455e-01 3.286082232914955270e-01 4.345221917211615770e-01 2.996772771323102380e-01 4.457170978723403176e-01 3.184459963572973118e-01 4.274813796049082293e-01 3.004786302925880337e-01 3.656694111111110645e-01 3.002229671218156759e-01 4.357413530008460434e-01 2.526891918802959824e-01 3.947692990950384395e-01 2.790208327465207305e-01 4.280261608542319518e-01 3.769267045651388259e-01 4.747525345238094996e-01 3.839660945410038884e-01 4.581077486715699476e-01 0.000000000000000000e+00 0.000000000000000000e+00 3.436305645072413317e-01 4.224605686307155716e-01 3.349149012345679077e-01 3.662539901250572161e-01 3.101884418604651250e-01 4.476007763157894837e-01 3.428996246108702572e-01 4.191996314363143905e-01 3.554061979341793798e-01 4.231858650109476816e-01 3.960628140086023263e-01 4.626144599991929285e-01 3.978921944444443470e-01 0.000000000000000000e+00 3.724603086419753240e-01 0.000000000000000000e+00 4.092061111111111038e-01 0.000000000000000000e+00 4.384059933774834827e-01 0.000000000000000000e+00 0.000000000000000000e+00 0.000000000000000000e+00 0.000000000000000000e+00 0.000000000000000000e+00 0.000000000000000000e+00 0.000000000000000000e+00 3.927035346534653582e-01 0.000000000000000000e+00 4.158822024226080383e-01 0.000000000000000000e+00 4.132546797175866704e-01 0.000000000000000000e+00 3.656896708074534041e-01 0.000000000000000000e+00 3.863412453306516170e-01 4.373586248778104091e-01 4.078386027040535322e-01 0.000000000000000000e+00 3.978565316989554623e-01 0.000000000000000000e+00 3.876834026313134007e-01 0.000000000000000000e+00 4.035110958393874903e-01 0.000000000000000000e+00 4.021122753906921088e-01 4.347597857142858069e-01 0.000000000000000000e+00 0.000000000000000000e+00 3.250337354266957801e-01 4.583756103281384497e-01 3.629680719507182296e-01 3.908027798726320667e-01 0.000000000000000000e+00 0.000000000000000000e+00 3.396097976544392716e-01 4.142248668474482476e-01 3.702896874620908441e-01 0.000000000000000000e+00 3.760235663925248217e-01 4.592273043478261041e-01 0.000000000000000000e+00 0.000000000000000000e+00 4.019639891990019476e-01 0.000000000000000000e+00 0.000000000000000000e+00 0.000000000000000000e+00 4.202586673593232680e-01 0.000000000000000000e+00 0.000000000000000000e+00 0.000000000000000000e+00 3.209718148148148487e-01 0.000000000000000000e+00 3.737594537709872933e-01 0.000000000000000000e+00 0.000000000000000000e+00 0.000000000000000000e+00 0.000000000000000000e+00 0.000000000000000000e+00 0.000000000000000000e+00 0.000000000000000000e+00 0.000000000000000000e+00 3.948231408450704749e-01 4.072862641509433779e-01 0.000000000000000000e+00 3.882768898305085092e-01 0.000000000000000000e+00 0.000000000000000000e+00 0.000000000000000000e+00 0.000000000000000000e+00 0.000000000000000000e+00 0.000000000000000000e+00 0.000000000000000000e+00 0.000000000000000000e+00 0.000000000000000000e+00
