0.000000000000000000e+00 1.248036306510734786e-02 5.943579766536964681e-02 2.207737594617325411e-03 1.477978125923736299e-03 0.000000000000000000e+00 1.356261425959780498e-01 6.305170239596469099e-03 7.005253940455341772e-04 0.000000000000000000e+00 2.093073593073593031e-01 9.047726758651888782e-04 2.466504263093787994e-02 1.232285890326555709e-04 3.004807692307692474e-04 0.000000000000000000e+00 6.993524514338575471e-02 2.335669002335668838e-03 1.095171448565430417e-01 1.951032899770466580e-02 0.000000000000000000e+00 0.000000000000000000e+00 1.459427904261529491e-03 6.752194463200540632e-04 1.375515818431911983e-03 0.000000000000000000e+00 0.000000000000000000e+00 0.000000000000000000e+00 3.419141914191418941e-02 1.003728133065672585e-03 9.456264775413711137e-04 2.134927412467976066e-04 1.100951670087702873e-02 1.127631972857000286e-02 9.718172983479105411e-04 3.384094754653130276e-04 5.648535564853556651e-02 1.195100089632506650e-03 6.816632583503749428e-04 0.000000000000000000e+00 0.000000000000000000e+00 0.000000000000000000e+00 0.000000000000000000e+00 0.000000000000000000e+00 2.204160352665656374e-03 0.000000000000000000e+00 0.000000000000000000e+00 0.000000000000000000e+00 2.005156115726153179e-03 9.085953116481919236e-05 1.302481263188532377e-02 0.000000000000000000e+00 5.072279989855439869e-04 0.000000000000000000e+00 9.489166534872686990e-04 0.000000000000000000e+00 2.223979753242644741e-01 1.988730527013589638e-03 6.704707560627674867e-02 6.253126563281640642e-04 6.608669108669108783e-02 2.428953121204760826e-04 1.803450078410873125e-02 3.127932436659368320e-04 2.192108409724989951e-02 3.149110376318689964e-04 1.653059167422638726e-02 8.983717012914092977e-04 1.487627365356622988e-01 5.936479667557138622e-03 7.698706099815157133e-02 1.214771622934888176e-04 2.500606943432872112e-02 1.041962678791323290e-03 0.000000000000000000e+00 0.000000000000000000e+00 7.158519282858248622e-02 3.293373732051113351e-03 0.000000000000000000e+00 0.000000000000000000e+00 2.294792586054722038e-03 9.829619921363039626e-04 3.246753246753246967e-03 0.000000000000000000e+00 1.365253341024901500e-02 0.000000000000000000e+00 1.101321585903083803e-03 0.000000000000000000e+00 8.509064002959674383e-03 0.000000000000000000e+00 1.743027888446215109e-03 1.736111111111111015e-03 0.000000000000000000e+00 1.647446457990115343e-03 5.405405405405405705e-03 3.174603174603174600e-03 9.000900090009000517e-04 0.000000000000000000e+00 4.332129963898916948e-03 3.472222222222222029e-03 0.000000000000000000e+00 0.000000000000000000e+00 2.403401737844333697e-03 1.021152443471918256e-03 2.916302128900554250e-03 1.034768211920529882e-03 1.273885350318471272e-03 0.000000000000000000e+00 0.000000000000000000e+00 0.000000000000000000e+00 0.000000000000000000e+00 0.000000000000000000e+00 0.000000000000000000e+00 0.000000000000000000e+00 0.000000000000000000e+00 0.000000000000000000e+00
1.248036306510734786e-02 0.000000000000000000e+00 3.210116731517509599e-03 5.719091673675357618e-02 0.000000000000000000e+00 2.147305132059265664e-04 4.570383912248628870e-04 1.189957583400206298e-01 0.000000000000000000e+00 3.446578040374199698e-03 0.000000000000000000e+00 1.273467541280253468e-01 0.000000000000000000e+00 4.313000616142945165e-02 0.000000000000000000e+00 1.280136547898442405e-03 1.850138760407030614e-03 4.721388054721387811e-02 3.638908327501749751e-02 6.414180056108136074e-02 0.000000000000000000e+00 0.000000000000000000e+00 0.000000000000000000e+00 4.501462975467026726e-04 0.000000000000000000e+00 0.000000000000000000e+00 0.000000000000000000e+00 5.192107995846313457e-04 1.188118811881188090e-03 2.925150559219959895e-02 0.000000000000000000e+00 6.404782237403928470e-04 1.119611867885799555e-02 4.231114659215647056e-02 1.943634596695821082e-03 1.353637901861252111e-03 1.195457262402868995e-03 6.214520466089035189e-02 0.000000000000000000e+00 2.520478890989288033e-03 0.000000000000000000e+00 8.256880733944954587e-02 0.000000000000000000e+00 1.946093217865135794e-04 0.000000000000000000e+00 6.037189084762134691e-04 0.000000000000000000e+00 0.000000000000000000e+00 0.000000000000000000e+00 6.087588588042885766e-03 0.000000000000000000e+00 1.294930152252393718e-02 0.000000000000000000e+00 1.436781609195402279e-03 0.000000000000000000e+00 2.638986629134412384e-03 7.750711800063271248e-03 2.716274444812727951e-01 5.187394631046556926e-04 4.314657328664332075e-02 1.526251526251526250e-04 3.230507651202331465e-02 1.568217459487715676e-03 2.314670003127932557e-02 0.000000000000000000e+00 1.306880806172256403e-02 1.915129523233545039e-03 9.657495788882650492e-03 2.503639010189228492e-02 1.576135351736420165e-01 3.696857670979667126e-04 6.158892128279883083e-02 8.497208060208788277e-04 3.722648479681727601e-02 0.000000000000000000e+00 3.995433789954337678e-03 1.418805623629562683e-03 6.758002898168884165e-02 0.000000000000000000e+00 6.472491909385113575e-03 0.000000000000000000e+00 3.604193971166448369e-03 0.000000000000000000e+00 0.000000000000000000e+00 0.000000000000000000e+00 1.521298174442190648e-02 0.000000000000000000e+00 0.000000000000000000e+00 0.000000000000000000e+00 4.125916870415647850e-03 9.960159362549800624e-04 1.099537037037037063e-02 0.000000000000000000e+00 6.589785831960461374e-03 2.702702702702702853e-03 4.761904761904761640e-02 0.000000000000000000e+00 3.916449086161879513e-03 7.220216606498194552e-04 1.157407407407407343e-02 0.000000000000000000e+00 0.000000000000000000e+00 2.218524681087077292e-03 6.710430342815463384e-03 2.916302128900554358e-04 2.483443708609271629e-03 0.000000000000000000e+00 2.214022140221402150e-03 0.000000000000000000e+00 0.000000000000000000e+00 1.453488372093023236e-03 0.000000000000000000e+00 7.812500000000000000e-03 0.000000000000000000e+00 0.000000000000000000e+00 0.000000000000000000e+00
5.943579766536964681e-02 3.210116731517509599e-03 0.000000000000000000e+00 4.520605550883094806e-03 6.296186816435116185e-02 8.589220528237062656e-04 3.260968921389396646e-01 9.515075088845581508e-03 3.012259194395796799e-02 0.000000000000000000e+00 3.376623376623376360e-02 3.619090703460755513e-03 7.978075517661388505e-02 6.038200862600122919e-03 1.021634615384615398e-02 8.534243652656283785e-04 1.147086031452358885e-02 1.001001001001000992e-03 1.172148355493352057e-01 4.973221117061973721e-03 6.337135614702154229e-04 0.000000000000000000e+00 2.316112084063047249e-01 7.202340760747242762e-03 4.126547455295735689e-02 3.284072249589491078e-04 9.483322432962720122e-03 0.000000000000000000e+00 3.524752475247524414e-02 1.577287066246056734e-03 3.640661938534278663e-02 2.198975234842015514e-02 1.194252659078186285e-02 4.290988923261151479e-03 4.859086491739552705e-04 0.000000000000000000e+00 2.241482367005379409e-02 5.975500448162533252e-04 0.000000000000000000e+00 0.000000000000000000e+00 5.291005291005290712e-03 0.000000000000000000e+00 1.385617292503810464e-04 0.000000000000000000e+00 1.239840198374431764e-03 0.000000000000000000e+00 0.000000000000000000e+00 0.000000000000000000e+00 1.575479805213406007e-03 0.000000000000000000e+00 3.419922869824637817e-03 7.848061528802385324e-05 2.536139994927719935e-04 1.436781609195402279e-04 1.581527755812114498e-04 0.000000000000000000e+00 6.010756089844985529e-03 8.286377195889956372e-05 1.906367526909609478e-02 6.253126563281640642e-04 2.899877899877899984e-03 0.000000000000000000e+00 1.045478306325143712e-03 3.127932436659368320e-04 9.964129135113591277e-04 0.000000000000000000e+00 1.522023989517185850e-02 5.614823133071308653e-04 1.746724890829694232e-02 0.000000000000000000e+00 4.778188539741219654e-02 1.457725947521865866e-03 7.319737800436999786e-02 2.936440276593729488e-03 1.954397394136807645e-02 5.707762557077625254e-04 6.977944021669031660e-02 3.293373732051113351e-03 0.000000000000000000e+00 0.000000000000000000e+00 7.060900264783759534e-04 0.000000000000000000e+00 0.000000000000000000e+00 0.000000000000000000e+00 1.346024420728776172e-03 1.690331304935767387e-04 0.000000000000000000e+00 0.000000000000000000e+00 1.109877913429522774e-03 0.000000000000000000e+00 2.241035856573705357e-03 2.893518518518518358e-03 0.000000000000000000e+00 0.000000000000000000e+00 0.000000000000000000e+00 1.587301587301587213e-02 9.000900090009000517e-04 2.610966057441253298e-03 7.220216606498194552e-04 0.000000000000000000e+00 0.000000000000000000e+00 0.000000000000000000e+00 9.243852837862821326e-04 1.312910284463894963e-03 1.458151064450277125e-03 1.034768211920529882e-03 1.273885350318471272e-03 0.000000000000000000e+00 0.000000000000000000e+00 0.000000000000000000e+00 0.000000000000000000e+00 0.000000000000000000e+00 0.000000000000000000e+00 0.000000000000000000e+00 0.000000000000000000e+00 1.754385964912280604e-02
2.207737594617325411e-03 5.719091673675357618e-02 4.520605550883094806e-03 0.000000000000000000e+00 1.182382500738989170e-03 3.070646338844749967e-02 5.712979890310786006e-03 2.152929038174939691e-01 3.502626970227670886e-04 2.215657311669128396e-02 2.597402597402597400e-03 3.189323682424790446e-02 2.283800243605359302e-03 5.643869377695625439e-02 0.000000000000000000e+00 3.114998933219543381e-02 7.400555041628121807e-04 1.368034701368034747e-02 5.073477956613016079e-03 1.787809232338689047e-01 1.267427122940430846e-03 2.652519893899204107e-03 1.036193812025685938e-02 2.568084627503938733e-01 5.502063273727647932e-03 2.955665024630541732e-02 3.270111183780248748e-04 2.076843198338525383e-03 1.584158415841584264e-03 3.025523372526527088e-02 2.482269503546099404e-02 7.493595217762595573e-02 1.866019779809666070e-03 3.183315038419319565e-02 0.000000000000000000e+00 1.692047377326565084e-03 2.988643156007172487e-04 2.808485210636390769e-02 0.000000000000000000e+00 2.520478890989288033e-03 0.000000000000000000e+00 5.504587155963303058e-02 0.000000000000000000e+00 1.946093217865135794e-04 0.000000000000000000e+00 9.659502535619415506e-04 0.000000000000000000e+00 1.581777918380259350e-04 0.000000000000000000e+00 3.543521715427948218e-03 0.000000000000000000e+00 1.098728614032334081e-03 2.536139994927719935e-04 1.436781609195402279e-04 0.000000000000000000e+00 7.037297677691766286e-04 4.745333755140778050e-04 8.949287371561153587e-03 0.000000000000000000e+00 1.488244122061030579e-02 1.526251526251526250e-04 1.457371872722856496e-03 0.000000000000000000e+00 7.819831091648420801e-04 1.992825827022718310e-04 3.149110376318689964e-04 2.015925813930047339e-04 1.021897810218978103e-02 2.911208151382824118e-04 3.561887800534283086e-03 1.109057301293900084e-03 3.790087463556851555e-02 7.283321194464676285e-04 5.967604433077578624e-02 0.000000000000000000e+00 2.853881278538812627e-03 1.676770282471301511e-03 7.508892109076538424e-02 0.000000000000000000e+00 9.708737864077669061e-03 0.000000000000000000e+00 1.638269986893840010e-03 0.000000000000000000e+00 0.000000000000000000e+00 0.000000000000000000e+00 1.436781609195402279e-03 0.000000000000000000e+00 0.000000000000000000e+00 0.000000000000000000e+00 6.112469437652811709e-04 4.980079681274900312e-04 2.314814814814814686e-03 0.000000000000000000e+00 1.647446457990115343e-03 0.000000000000000000e+00 1.904761904761904934e-02 0.000000000000000000e+00 1.305483028720626649e-03 7.220216606498194552e-04 5.787037037037036716e-03 0.000000000000000000e+00 0.000000000000000000e+00 5.546311702717693229e-04 2.917578409919766632e-03 5.832604257801108716e-04 8.278145695364238403e-04 0.000000000000000000e+00 7.380073800738007166e-04 0.000000000000000000e+00 0.000000000000000000e+00 1.453488372093023236e-03 0.000000000000000000e+00 0.000000000000000000e+00 0.000000000000000000e+00 0.000000000000000000e+00 0.000000000000000000e+00
1.477978125923736299e-03 0.000000000000000000e+00 6.296186816435116185e-02 1.182382500738989170e-03 0.000000000000000000e+00 8.589220528237062656e-04 7.198354661791590836e-03 3.439183767052619509e-04 3.730297723292469447e-01 9.847365829640571805e-04 2.164502164502164500e-04 0.000000000000000000e+00 1.690012180267965944e-02 1.232285890326555709e-04 1.724759615384615363e-01 4.267121826328141893e-04 0.000000000000000000e+00 0.000000000000000000e+00 1.049685094471658432e-03 0.000000000000000000e+00 3.168567807351077223e-03 0.000000000000000000e+00 9.486281377699941689e-03 2.475804636506864862e-03 1.348005502063273631e-01 2.627257799671592862e-03 1.062786134728580800e-01 0.000000000000000000e+00 4.884488448844884201e-03 0.000000000000000000e+00 9.456264775413711354e-03 1.067463706233988006e-03 1.866019779809666070e-04 0.000000000000000000e+00 0.000000000000000000e+00 0.000000000000000000e+00 0.000000000000000000e+00 0.000000000000000000e+00 6.816632583503749428e-04 0.000000000000000000e+00 0.000000000000000000e+00 0.000000000000000000e+00 0.000000000000000000e+00 0.000000000000000000e+00 0.000000000000000000e+00 0.000000000000000000e+00 0.000000000000000000e+00 0.000000000000000000e+00 0.000000000000000000e+00 0.000000000000000000e+00 7.276431637924761226e-05 0.000000000000000000e+00 0.000000000000000000e+00 0.000000000000000000e+00 1.581527755812114498e-04 0.000000000000000000e+00 0.000000000000000000e+00 0.000000000000000000e+00 1.296848657761639231e-04 0.000000000000000000e+00 0.000000000000000000e+00 0.000000000000000000e+00 0.000000000000000000e+00 0.000000000000000000e+00 1.992825827022718310e-04 0.000000000000000000e+00 0.000000000000000000e+00 0.000000000000000000e+00 0.000000000000000000e+00 0.000000000000000000e+00 1.552680221811460204e-02 0.000000000000000000e+00 3.920854576353483695e-02 9.472387989012029906e-05 1.194353963083604787e-02 0.000000000000000000e+00 3.224558235521733391e-03 0.000000000000000000e+00 0.000000000000000000e+00 0.000000000000000000e+00 0.000000000000000000e+00 0.000000000000000000e+00 0.000000000000000000e+00 0.000000000000000000e+00 1.922892029612537350e-04 0.000000000000000000e+00 0.000000000000000000e+00 0.000000000000000000e+00 3.699593044765075913e-04 0.000000000000000000e+00 0.000000000000000000e+00 0.000000000000000000e+00 0.000000000000000000e+00 0.000000000000000000e+00 0.000000000000000000e+00 0.000000000000000000e+00 0.000000000000000000e+00 0.000000000000000000e+00 0.000000000000000000e+00 0.000000000000000000e+00 0.000000000000000000e+00 0.000000000000000000e+00 0.000000000000000000e+00 1.458789204959883262e-04 0.000000000000000000e+00 0.000000000000000000e+00 0.000000000000000000e+00 0.000000000000000000e+00 0.000000000000000000e+00 0.000000000000000000e+00 0.000000000000000000e+00 0.000000000000000000e+00 0.000000000000000000e+00 0.000000000000000000e+00 0.000000000000000000e+00 0.000000000000000000e+00
0.000000000000000000e+00 2.147305132059265664e-04 8.589220528237062656e-04 3.070646338844749967e-02 8.589220528237062656e-04 0.000000000000000000e+00 0.000000000000000000e+00 1.834231342428063738e-03 0.000000000000000000e+00 2.727720334810438407e-01 0.000000000000000000e+00 4.523863379325944391e-04 1.522533495736906129e-04 1.848428835489833617e-03 0.000000000000000000e+00 2.720290164284190348e-01 0.000000000000000000e+00 1.668335001668335078e-04 0.000000000000000000e+00 5.100739607243050082e-04 3.802281368821292754e-03 3.448275862068965469e-02 1.897256275539988338e-03 9.903218546027459449e-03 5.960568546538285405e-03 1.779967159277504041e-01 9.810333551340745702e-04 2.806334371754932722e-01 0.000000000000000000e+00 1.448236306280470398e-02 1.063829787234042527e-02 1.195559350982066532e-02 0.000000000000000000e+00 7.983235206067258944e-04 0.000000000000000000e+00 0.000000000000000000e+00 0.000000000000000000e+00 0.000000000000000000e+00 0.000000000000000000e+00 1.260239445494644017e-03 0.000000000000000000e+00 0.000000000000000000e+00 0.000000000000000000e+00 0.000000000000000000e+00 0.000000000000000000e+00 0.000000000000000000e+00 0.000000000000000000e+00 1.581777918380259350e-04 0.000000000000000000e+00 0.000000000000000000e+00 0.000000000000000000e+00 7.848061528802385324e-05 0.000000000000000000e+00 0.000000000000000000e+00 0.000000000000000000e+00 0.000000000000000000e+00 0.000000000000000000e+00 1.657275439177991274e-04 0.000000000000000000e+00 0.000000000000000000e+00 0.000000000000000000e+00 0.000000000000000000e+00 0.000000000000000000e+00 0.000000000000000000e+00 0.000000000000000000e+00 0.000000000000000000e+00 0.000000000000000000e+00 0.000000000000000000e+00 0.000000000000000000e+00 0.000000000000000000e+00 1.848428835489833563e-04 3.000485908649173916e-02 0.000000000000000000e+00 3.694231315714691793e-02 0.000000000000000000e+00 4.566210045662100203e-03 0.000000000000000000e+00 5.137663021999736880e-03 0.000000000000000000e+00 0.000000000000000000e+00 0.000000000000000000e+00 3.276539973787680237e-04 0.000000000000000000e+00 0.000000000000000000e+00 0.000000000000000000e+00 8.451656524678836935e-05 0.000000000000000000e+00 1.367989056087551281e-03 0.000000000000000000e+00 4.584352078239608782e-04 0.000000000000000000e+00 0.000000000000000000e+00 0.000000000000000000e+00 0.000000000000000000e+00 0.000000000000000000e+00 0.000000000000000000e+00 0.000000000000000000e+00 0.000000000000000000e+00 0.000000000000000000e+00 0.000000000000000000e+00 0.000000000000000000e+00 0.000000000000000000e+00 0.000000000000000000e+00 0.000000000000000000e+00 0.000000000000000000e+00 0.000000000000000000e+00 1.273885350318471272e-03 0.000000000000000000e+00 0.000000000000000000e+00 0.000000000000000000e+00 0.000000000000000000e+00 0.000000000000000000e+00 0.000000000000000000e+00 0.000000000000000000e+00 0.000000000000000000e+00 0.000000000000000000e+00
1.356261425959780498e-01 4.570383912248628870e-04 3.260968921389396646e-01 5.712979890310786006e-03 7.198354661791590836e-03 0.000000000000000000e+00 0.000000000000000000e+00 1.203714318468416915e-02 1.751313485113835389e-02 0.000000000000000000e+00 1.030303030303030276e-01 4.071477041393350114e-03 1.886419001218026803e-01 4.929143561306223269e-03 9.014423076923077423e-04 0.000000000000000000e+00 5.735430157261794427e-03 3.336670003336670155e-04 2.221833449965010532e-02 3.315480744707982770e-03 0.000000000000000000e+00 0.000000000000000000e+00 1.853473438412142280e-02 4.051316677920324162e-03 3.668042182485098477e-03 6.568144499178982156e-04 0.000000000000000000e+00 0.000000000000000000e+00 1.821782178217821666e-02 1.577287066246056734e-03 1.513002364066193782e-02 1.216908625106746453e-02 3.172233625676432103e-03 5.189102883943717825e-03 1.457725947521865866e-03 3.384094754653130276e-04 2.689778840406455672e-03 0.000000000000000000e+00 6.816632583503749428e-04 0.000000000000000000e+00 0.000000000000000000e+00 0.000000000000000000e+00 0.000000000000000000e+00 0.000000000000000000e+00 4.132800661248105700e-04 0.000000000000000000e+00 0.000000000000000000e+00 0.000000000000000000e+00 7.161271841879117720e-04 0.000000000000000000e+00 9.022775231026704951e-03 0.000000000000000000e+00 1.775297996449404008e-03 0.000000000000000000e+00 1.265222204649691599e-03 0.000000000000000000e+00 7.750711800063271248e-03 8.286377195889956372e-05 8.818570872779147099e-03 2.501250625312656148e-04 6.562881562881562984e-03 0.000000000000000000e+00 0.000000000000000000e+00 0.000000000000000000e+00 9.366281387006776191e-03 0.000000000000000000e+00 6.450962604576151484e-03 0.000000000000000000e+00 1.746724890829694362e-03 0.000000000000000000e+00 7.541589648798521783e-02 3.644314868804664665e-04 2.269968438941490779e-02 2.368096997253007693e-03 3.257328990228013175e-03 0.000000000000000000e+00 2.682832451954082417e-02 2.371229087076801370e-03 1.697792869269949042e-03 0.000000000000000000e+00 3.000882612533097883e-03 0.000000000000000000e+00 0.000000000000000000e+00 0.000000000000000000e+00 1.586385924430343264e-02 8.451656524678836935e-05 0.000000000000000000e+00 0.000000000000000000e+00 1.535331113577506450e-02 0.000000000000000000e+00 2.490039840637450156e-04 5.787037037037036716e-04 0.000000000000000000e+00 0.000000000000000000e+00 0.000000000000000000e+00 3.174603174603174600e-03 0.000000000000000000e+00 0.000000000000000000e+00 7.220216606498194552e-04 0.000000000000000000e+00 0.000000000000000000e+00 0.000000000000000000e+00 3.697541135145128639e-04 1.312910284463894963e-03 0.000000000000000000e+00 0.000000000000000000e+00 0.000000000000000000e+00 0.000000000000000000e+00 0.000000000000000000e+00 0.000000000000000000e+00 0.000000000000000000e+00 0.000000000000000000e+00 0.000000000000000000e+00 0.000000000000000000e+00 0.000000000000000000e+00 0.000000000000000000e+00
6.305170239596469099e-03 1.189957583400206298e-01 9.515075088845581508e-03 2.152929038174939691e-01 3.439183767052619509e-04 1.834231342428063738e-03 1.203714318468416915e-02 0.000000000000000000e+00 7.005253940455341772e-04 7.582471688823240463e-02 4.978354978354978568e-03 6.061976928296765321e-02 5.481120584652862497e-03 1.932224276032039334e-01 0.000000000000000000e+00 1.706848730531256757e-03 2.405180388529139669e-03 1.034367701034367634e-02 1.592022393282015516e-02 3.761795460341749858e-02 0.000000000000000000e+00 0.000000000000000000e+00 1.532399299474605965e-02 2.588341210893540384e-02 4.585052728106373096e-04 6.568144499178982156e-04 0.000000000000000000e+00 2.596053997923156728e-04 2.508250825082508455e-03 1.964439346142816262e-02 1.914893617021276584e-02 1.366353543979504682e-02 6.344467251352864205e-03 1.357149985031434053e-02 0.000000000000000000e+00 1.015228426395939137e-03 8.965929468021518545e-04 3.585300268897520168e-03 0.000000000000000000e+00 6.301197227473220083e-04 0.000000000000000000e+00 9.174311926605505096e-03 0.000000000000000000e+00 9.730466089325678968e-05 0.000000000000000000e+00 6.037189084762134691e-04 0.000000000000000000e+00 0.000000000000000000e+00 0.000000000000000000e+00 4.088678902416863561e-03 0.000000000000000000e+00 1.177209229320357910e-02 0.000000000000000000e+00 1.867816091954022963e-03 0.000000000000000000e+00 2.111189303307529994e-03 3.163555836760518700e-04 1.201524693404043727e-02 3.890545973284917423e-04 7.128564282141070484e-03 6.105006105006105001e-04 1.335924216662618368e-02 0.000000000000000000e+00 2.345949327494526240e-03 1.992825827022718310e-04 7.085498346717052608e-03 4.031851627860094677e-04 2.358225715889949569e-03 1.164483260553129647e-03 1.187295933511427768e-03 1.848428835489833617e-03 1.013119533527696847e-01 1.699441612041757655e-03 3.372170124088282733e-02 0.000000000000000000e+00 2.283105022831050102e-03 5.417257835676512340e-03 3.346067711763930919e-02 0.000000000000000000e+00 0.000000000000000000e+00 1.765225066195939883e-04 4.259501965923984633e-03 0.000000000000000000e+00 0.000000000000000000e+00 0.000000000000000000e+00 1.039553752535496943e-02 0.000000000000000000e+00 0.000000000000000000e+00 0.000000000000000000e+00 6.418092909535452403e-03 7.470119521912350468e-04 2.893518518518518358e-03 0.000000000000000000e+00 1.647446457990115343e-03 0.000000000000000000e+00 9.523809523809524669e-03 0.000000000000000000e+00 0.000000000000000000e+00 7.220216606498194552e-04 0.000000000000000000e+00 0.000000000000000000e+00 0.000000000000000000e+00 1.848770567572564319e-04 7.293946024799416580e-04 0.000000000000000000e+00 4.139072847682119202e-04 0.000000000000000000e+00 0.000000000000000000e+00 0.000000000000000000e+00 0.000000000000000000e+00 0.000000000000000000e+00 0.000000000000000000e+00 0.000000000000000000e+00 0.000000000000000000e+00 0.000000000000000000e+00 0.000000000000000000e+00
7.005253940455341772e-04 0.000000000000000000e+00 3.012259194395796799e-02 3.502626970227670886e-04 3.730297723292469447e-01 0.000000000000000000e+00 1.751313485113835389e-02 7.005253940455341772e-04 0.000000000000000000e+00 0.000000000000000000e+00 0.000000000000000000e+00 0.000000000000000000e+00 2.755785627283800082e-02 0.000000000000000000e+00 3.146033653846153633e-01 0.000000000000000000e+00 0.000000000000000000e+00 0.000000000000000000e+00 3.498950314905528106e-04 0.000000000000000000e+00 0.000000000000000000e+00 0.000000000000000000e+00 1.459427904261529491e-03 1.125365743866756736e-03 1.834021091242549195e-02 3.284072249589491078e-04 1.863963374754741553e-02 0.000000000000000000e+00 1.056105610561056032e-03 0.000000000000000000e+00 1.182033096926713919e-03 2.134927412467976066e-04 0.000000000000000000e+00 0.000000000000000000e+00 0.000000000000000000e+00 0.000000000000000000e+00 0.000000000000000000e+00 0.000000000000000000e+00 0.000000000000000000e+00 0.000000000000000000e+00 0.000000000000000000e+00 0.000000000000000000e+00 0.000000000000000000e+00 0.000000000000000000e+00 0.000000000000000000e+00 0.000000000000000000e+00 1.759324419422941572e-04 0.000000000000000000e+00 0.000000000000000000e+00 0.000000000000000000e+00 7.276431637924761226e-05 0.000000000000000000e+00 0.000000000000000000e+00 0.000000000000000000e+00 0.000000000000000000e+00 0.000000000000000000e+00 0.000000000000000000e+00 0.000000000000000000e+00 0.000000000000000000e+00 0.000000000000000000e+00 1.526251526251526250e-04 0.000000000000000000e+00 0.000000000000000000e+00 0.000000000000000000e+00 0.000000000000000000e+00 0.000000000000000000e+00 0.000000000000000000e+00 0.000000000000000000e+00 5.822416302765648236e-04 0.000000000000000000e+00 6.839186691312384644e-03 1.214771622934888176e-04 2.027191065792668251e-02 9.472387989012029906e-05 9.771986970684038223e-03 0.000000000000000000e+00 3.740487553205211046e-03 2.634698985640890291e-04 0.000000000000000000e+00 0.000000000000000000e+00 1.765225066195939883e-04 0.000000000000000000e+00 0.000000000000000000e+00 0.000000000000000000e+00 9.614460148062686751e-05 0.000000000000000000e+00 0.000000000000000000e+00 0.000000000000000000e+00 0.000000000000000000e+00 0.000000000000000000e+00 0.000000000000000000e+00 0.000000000000000000e+00 0.000000000000000000e+00 0.000000000000000000e+00 0.000000000000000000e+00 0.000000000000000000e+00 9.000900090009000517e-04 0.000000000000000000e+00 0.000000000000000000e+00 1.157407407407407343e-03 0.000000000000000000e+00 0.000000000000000000e+00 0.000000000000000000e+00 0.000000000000000000e+00 0.000000000000000000e+00 0.000000000000000000e+00 0.000000000000000000e+00 0.000000000000000000e+00 0.000000000000000000e+00 0.000000000000000000e+00 0.000000000000000000e+00 0.000000000000000000e+00 0.000000000000000000e+00 0.000000000000000000e+00 0.000000000000000000e+00 0.000000000000000000e+00
0.000000000000000000e+00 3.446578040374199698e-03 0.000000000000000000e+00 2.215657311669128396e-02 9.847365829640571805e-04 2.727720334810438407e-01 0.000000000000000000e+00 7.582471688823240463e-02 0.000000000000000000e+00 0.000000000000000000e+00 0.000000000000000000e+00 4.071477041393350114e-03 0.000000000000000000e+00 3.043746149106592649e-02 0.000000000000000000e+00 1.403883080861958732e-01 0.000000000000000000e+00 0.000000000000000000e+00 0.000000000000000000e+00 1.275184901810762520e-04 6.337135614702154229e-04 0.000000000000000000e+00 5.837711617046117962e-04 1.800585190186810691e-03 2.292526364053186494e-03 5.582922824302134941e-03 3.270111183780248748e-04 9.605399792315680654e-03 0.000000000000000000e+00 1.075422999713220550e-02 1.182033096926713919e-03 4.269854824935952133e-04 0.000000000000000000e+00 1.995808801516814736e-04 0.000000000000000000e+00 0.000000000000000000e+00 0.000000000000000000e+00 2.987750224081266626e-04 0.000000000000000000e+00 0.000000000000000000e+00 0.000000000000000000e+00 0.000000000000000000e+00 0.000000000000000000e+00 0.000000000000000000e+00 0.000000000000000000e+00 0.000000000000000000e+00 0.000000000000000000e+00 0.000000000000000000e+00 0.000000000000000000e+00 9.085953116481919236e-05 0.000000000000000000e+00 7.848061528802385324e-05 0.000000000000000000e+00 0.000000000000000000e+00 0.000000000000000000e+00 0.000000000000000000e+00 0.000000000000000000e+00 2.485913158766987047e-04 0.000000000000000000e+00 0.000000000000000000e+00 0.000000000000000000e+00 2.428953121204760826e-04 0.000000000000000000e+00 4.691898654989052481e-04 0.000000000000000000e+00 4.723665564478035216e-04 0.000000000000000000e+00 0.000000000000000000e+00 0.000000000000000000e+00 2.968239833778569419e-04 9.242144177449167816e-05 2.065111758989309886e-03 0.000000000000000000e+00 8.809320829781187162e-03 0.000000000000000000e+00 2.283105022831050102e-03 0.000000000000000000e+00 4.083783427743380330e-03 0.000000000000000000e+00 3.236245954692556787e-03 0.000000000000000000e+00 1.965923984272607925e-03 0.000000000000000000e+00 0.000000000000000000e+00 0.000000000000000000e+00 1.352265043948613910e-03 0.000000000000000000e+00 0.000000000000000000e+00 0.000000000000000000e+00 4.584352078239608782e-04 0.000000000000000000e+00 0.000000000000000000e+00 0.000000000000000000e+00 0.000000000000000000e+00 0.000000000000000000e+00 0.000000000000000000e+00 0.000000000000000000e+00 0.000000000000000000e+00 0.000000000000000000e+00 0.000000000000000000e+00 0.000000000000000000e+00 0.000000000000000000e+00 1.848770567572564319e-04 1.458789204959883262e-04 0.000000000000000000e+00 0.000000000000000000e+00 0.000000000000000000e+00 0.000000000000000000e+00 0.000000000000000000e+00 0.000000000000000000e+00 0.000000000000000000e+00 0.000000000000000000e+00 0.000000000000000000e+00 0.000000000000000000e+00 0.000000000000000000e+00 0.000000000000000000e+00
2.093073593073593031e-01 0.000000000000000000e+00 3.376623376623376360e-02 2.597402597402597400e-03 2.164502164502164500e-04 0.000000000000000000e+00 1.030303030303030276e-01 4.978354978354978568e-03 0.000000000000000000e+00 0.000000000000000000e+00 0.000000000000000000e+00 1.809545351730377756e-03 1.243909866017052362e-01 6.161429451632779086e-04 1.201923076923076990e-03 0.000000000000000000e+00 3.774283071230342262e-02 1.668335001668335078e-04 1.854443666899930135e-02 7.651109410864575123e-04 0.000000000000000000e+00 0.000000000000000000e+00 4.670169293636894370e-03 9.002925950934053453e-04 0.000000000000000000e+00 0.000000000000000000e+00 0.000000000000000000e+00 0.000000000000000000e+00 5.399339933993399510e-02 2.867794665901921285e-04 1.087470449172576840e-02 1.067463706233988006e-03 3.358835603657398926e-03 2.195389681668496237e-03 0.000000000000000000e+00 0.000000000000000000e+00 3.885236102809324667e-03 0.000000000000000000e+00 0.000000000000000000e+00 0.000000000000000000e+00 0.000000000000000000e+00 0.000000000000000000e+00 0.000000000000000000e+00 0.000000000000000000e+00 0.000000000000000000e+00 0.000000000000000000e+00 0.000000000000000000e+00 0.000000000000000000e+00 0.000000000000000000e+00 0.000000000000000000e+00 3.274394237066142674e-03 0.000000000000000000e+00 0.000000000000000000e+00 0.000000000000000000e+00 0.000000000000000000e+00 0.000000000000000000e+00 1.059791205314773721e-02 8.286377195889956372e-05 5.965503825703540736e-03 1.250625312656328074e-04 4.059829059829059977e-02 0.000000000000000000e+00 1.306847882906429607e-02 0.000000000000000000e+00 1.713830211239537535e-02 0.000000000000000000e+00 1.511944360447535626e-03 0.000000000000000000e+00 0.000000000000000000e+00 0.000000000000000000e+00 3.853974121996302932e-02 2.429543245869776353e-04 1.141053653799465814e-02 5.683432793407217944e-04 0.000000000000000000e+00 0.000000000000000000e+00 1.083451567135302468e-02 1.185614543538400685e-03 0.000000000000000000e+00 0.000000000000000000e+00 1.941747572815533899e-03 0.000000000000000000e+00 0.000000000000000000e+00 0.000000000000000000e+00 4.903374675511970419e-03 0.000000000000000000e+00 0.000000000000000000e+00 0.000000000000000000e+00 4.809470958194598904e-03 0.000000000000000000e+00 0.000000000000000000e+00 5.787037037037036716e-04 0.000000000000000000e+00 0.000000000000000000e+00 0.000000000000000000e+00 0.000000000000000000e+00 0.000000000000000000e+00 0.000000000000000000e+00 0.000000000000000000e+00 0.000000000000000000e+00 0.000000000000000000e+00 0.000000000000000000e+00 1.848770567572564319e-04 4.376367614879650056e-04 0.000000000000000000e+00 0.000000000000000000e+00 0.000000000000000000e+00 0.000000000000000000e+00 0.000000000000000000e+00 0.000000000000000000e+00 0.000000000000000000e+00 0.000000000000000000e+00 0.000000000000000000e+00 1.182033096926713919e-03 0.000000000000000000e+00 0.000000000000000000e+00
9.047726758651888782e-04 1.273467541280253468e-01 3.619090703460755513e-03 3.189323682424790446e-02 0.000000000000000000e+00 4.523863379325944391e-04 4.071477041393350114e-03 6.061976928296765321e-02 0.000000000000000000e+00 4.071477041393350114e-03 1.809545351730377756e-03 0.000000000000000000e+00 1.522533495736906129e-03 1.808995686999383956e-01 0.000000000000000000e+00 4.693834008960956136e-03 0.000000000000000000e+00 6.056056056056056264e-02 2.274317704688593594e-03 8.033664881407803771e-03 0.000000000000000000e+00 0.000000000000000000e+00 1.459427904261529491e-04 2.025658338960162081e-03 0.000000000000000000e+00 0.000000000000000000e+00 0.000000000000000000e+00 0.000000000000000000e+00 3.960396039603960661e-04 4.774878118726699067e-02 2.127659574468085141e-03 4.269854824935952024e-03 2.052621757790632460e-03 5.288893324019558820e-03 0.000000000000000000e+00 1.015228426395939137e-03 2.988643156007172487e-04 2.091425156856886909e-03 0.000000000000000000e+00 0.000000000000000000e+00 0.000000000000000000e+00 9.174311926605505096e-03 0.000000000000000000e+00 0.000000000000000000e+00 0.000000000000000000e+00 9.659502535619415506e-04 0.000000000000000000e+00 0.000000000000000000e+00 0.000000000000000000e+00 5.451571869889151271e-04 0.000000000000000000e+00 1.883534766912572586e-03 0.000000000000000000e+00 5.747126436781609116e-04 0.000000000000000000e+00 1.231527093596059127e-03 0.000000000000000000e+00 7.623467020218760784e-03 0.000000000000000000e+00 1.625812906453226632e-03 0.000000000000000000e+00 5.586592178770949900e-03 2.613695765812859280e-04 1.282452299030341011e-02 0.000000000000000000e+00 5.825854196189576839e-03 0.000000000000000000e+00 3.368893879842784866e-04 0.000000000000000000e+00 2.968239833778569419e-04 6.469500924214417878e-04 2.745383867832847449e-02 2.427773731488225338e-04 1.070379842758359401e-02 0.000000000000000000e+00 5.707762557077625254e-04 2.579646588417386648e-04 1.857462784876827769e-02 0.000000000000000000e+00 0.000000000000000000e+00 0.000000000000000000e+00 8.846657929226736314e-03 0.000000000000000000e+00 0.000000000000000000e+00 0.000000000000000000e+00 1.014198782961460432e-02 0.000000000000000000e+00 0.000000000000000000e+00 0.000000000000000000e+00 5.348410757946210625e-03 0.000000000000000000e+00 0.000000000000000000e+00 0.000000000000000000e+00 0.000000000000000000e+00 0.000000000000000000e+00 1.269841269841269840e-02 9.000900090009000517e-04 0.000000000000000000e+00 7.220216606498194552e-04 0.000000000000000000e+00 0.000000000000000000e+00 0.000000000000000000e+00 9.243852837862821326e-04 2.917578409919766524e-04 0.000000000000000000e+00 8.278145695364238403e-04 0.000000000000000000e+00 0.000000000000000000e+00 0.000000000000000000e+00 0.000000000000000000e+00 0.000000000000000000e+00 0.000000000000000000e+00 0.000000000000000000e+00 0.000000000000000000e+00 1.019367991845056146e-03 0.000000000000000000e+00
2.466504263093787994e-02 0.000000000000000000e+00 7.978075517661388505e-02 2.283800243605359302e-03 1.690012180267965944e-02 1.522533495736906129e-04 1.886419001218026803e-01 5.481120584652862497e-03 2.755785627283800082e-02 0.000000000000000000e+00 1.243909866017052362e-01 1.522533495736906129e-03 0.000000000000000000e+00 3.327171903881700685e-03 2.061298076923076816e-01 0.000000000000000000e+00 1.850138760407030614e-03 1.668335001668335078e-04 3.673897830650804837e-03 1.275184901810762520e-04 0.000000000000000000e+00 0.000000000000000000e+00 3.312901342673672117e-02 3.376097231600269991e-03 2.751031636863823966e-03 0.000000000000000000e+00 0.000000000000000000e+00 0.000000000000000000e+00 1.449504950495049405e-01 7.169486664754804025e-04 1.631205673758865174e-02 9.393680614859093933e-03 1.492815823847732856e-03 1.796227921365133127e-03 0.000000000000000000e+00 0.000000000000000000e+00 8.965929468021518545e-04 0.000000000000000000e+00 0.000000000000000000e+00 0.000000000000000000e+00 1.058201058201058142e-02 0.000000000000000000e+00 0.000000000000000000e+00 0.000000000000000000e+00 1.377600220416035233e-04 0.000000000000000000e+00 1.759324419422941572e-04 0.000000000000000000e+00 1.432254368375823544e-04 0.000000000000000000e+00 6.548788474132285781e-04 0.000000000000000000e+00 0.000000000000000000e+00 0.000000000000000000e+00 0.000000000000000000e+00 0.000000000000000000e+00 3.796267004112622440e-03 0.000000000000000000e+00 1.556218389313966969e-03 0.000000000000000000e+00 7.326007326007326001e-03 0.000000000000000000e+00 7.841087297438578381e-04 1.563966218329684160e-04 4.384216819449979902e-03 0.000000000000000000e+00 1.511944360447535626e-03 0.000000000000000000e+00 0.000000000000000000e+00 0.000000000000000000e+00 4.297597042513863486e-02 0.000000000000000000e+00 3.726632677834425950e-02 1.705029838022165383e-03 1.302931596091205270e-02 0.000000000000000000e+00 2.657035986069908318e-02 1.580819391384534391e-03 0.000000000000000000e+00 0.000000000000000000e+00 2.118270079435127969e-03 0.000000000000000000e+00 0.000000000000000000e+00 0.000000000000000000e+00 3.653494856263820884e-03 0.000000000000000000e+00 0.000000000000000000e+00 0.000000000000000000e+00 1.294857565667776461e-03 0.000000000000000000e+00 4.980079681274900312e-04 1.157407407407407343e-03 0.000000000000000000e+00 0.000000000000000000e+00 0.000000000000000000e+00 6.349206349206349201e-03 0.000000000000000000e+00 0.000000000000000000e+00 7.220216606498194552e-04 0.000000000000000000e+00 0.000000000000000000e+00 0.000000000000000000e+00 3.697541135145128639e-04 4.376367614879650056e-04 0.000000000000000000e+00 8.278145695364238403e-04 1.273885350318471272e-03 0.000000000000000000e+00 0.000000000000000000e+00 0.000000000000000000e+00 0.000000000000000000e+00 0.000000000000000000e+00 0.000000000000000000e+00 0.000000000000000000e+00 0.000000000000000000e+00 0.000000000000000000e+00
