0.000000000000000000e+00 1.763736796201182191e-02 1.014034394149041368e-01 7.059136920618007752e-03 2.270791938688617589e-03 0.000000000000000000e+00 9.326079715776618151e-02 4.037374553004960225e-03 5.931198102016607340e-03 0.000000000000000000e+00 1.978988516980210166e-01 0.000000000000000000e+00 3.306613226452905646e-02 0.000000000000000000e+00 4.163197335553705039e-03 2.216803369541121599e-04 5.798394290811775126e-02 1.588742623694961321e-03 7.059222806719836485e-02 2.262443438914027091e-02 0.000000000000000000e+00 0.000000000000000000e+00 3.361909564632711519e-04 0.000000000000000000e+00 0.000000000000000000e+00 0.000000000000000000e+00 0.000000000000000000e+00 0.000000000000000000e+00 8.259823576583801008e-02 8.528784648187632883e-04 3.102699348433136614e-04 0.000000000000000000e+00 1.763854152955113969e-02 1.275738585496866660e-02 1.371742112482853123e-03 0.000000000000000000e+00 9.564164648910411515e-02 9.494422027059103196e-04 2.203856749311294567e-03 0.000000000000000000e+00 0.000000000000000000e+00 0.000000000000000000e+00 1.933488012374323379e-04 0.000000000000000000e+00 6.456820016142050421e-04 1.320480654958404746e-04 0.000000000000000000e+00 0.000000000000000000e+00 1.590603205677229917e-03 0.000000000000000000e+00 1.207018967440916940e-02 0.000000000000000000e+00 2.759889604415823559e-03 0.000000000000000000e+00 2.121533565691771303e-03 2.004811547714514808e-04 2.374278647980214429e-01 1.918416801292407037e-03 3.571428571428571230e-02 1.303780964797913913e-03 7.263888888888889173e-02 0.000000000000000000e+00 1.360938178659331158e-02 0.000000000000000000e+00 2.405566600397614219e-02 0.000000000000000000e+00 1.645352464129756775e-02 1.608201829329580779e-03 1.375584583131752858e-01 2.001779359430605129e-02 8.279791489877560973e-02 6.428801028608164062e-04 4.492882562277580177e-02 4.022526146419951477e-04 5.319148936170212637e-03 0.000000000000000000e+00 9.003356194367430343e-02 0.000000000000000000e+00 0.000000000000000000e+00 0.000000000000000000e+00 1.447963800904977349e-03 4.436557231588287653e-04 0.000000000000000000e+00 0.000000000000000000e+00 2.381701815129577335e-02 8.883361463977968667e-05 0.000000000000000000e+00 0.000000000000000000e+00 1.768488745980707419e-02 0.000000000000000000e+00 1.484780994803266453e-03 1.025115325474115812e-03 0.000000000000000000e+00 8.278145695364238403e-04 4.477611940298507204e-02 2.243589743589743599e-02 6.934812760055478675e-04 0.000000000000000000e+00 7.429420505200593980e-04 1.203369434416365867e-03 0.000000000000000000e+00 0.000000000000000000e+00 2.767783005812344209e-04 8.931229532598987430e-04 9.115770282588878549e-04 7.057163020465773151e-04 1.742160278745644598e-03 0.000000000000000000e+00 0.000000000000000000e+00 0.000000000000000000e+00 0.000000000000000000e+00 0.000000000000000000e+00 1.748251748251748250e-03 0.000000000000000000e+00 2.604166666666666522e-03 0.000000000000000000e+00
1.763736796201182191e-02 0.000000000000000000e+00 3.755682941292745776e-03 8.684070324986681300e-02 0.000000000000000000e+00 3.180661577608142731e-04 1.665371377817253303e-03 6.425193217210750651e-02 0.000000000000000000e+00 6.644518272425249325e-03 4.886391399951136140e-04 7.132801501642421771e-02 0.000000000000000000e+00 1.965408805031446451e-02 0.000000000000000000e+00 4.876967412990467626e-03 6.690454950936663156e-04 6.128007262823422646e-02 2.833870694043780919e-02 6.696832579185520162e-02 0.000000000000000000e+00 0.000000000000000000e+00 5.042864346949067550e-04 0.000000000000000000e+00 0.000000000000000000e+00 0.000000000000000000e+00 0.000000000000000000e+00 3.507541213609259708e-04 1.202886928628708885e-03 2.068230277185501009e-02 3.102699348433136614e-04 0.000000000000000000e+00 3.053837040937212172e-02 1.152641002685765408e-02 0.000000000000000000e+00 3.756574004507889008e-04 1.513317191283292942e-03 1.288867790173273131e-01 0.000000000000000000e+00 1.839926402943882228e-03 0.000000000000000000e+00 5.084745762711864736e-02 0.000000000000000000e+00 1.199040767386091153e-04 0.000000000000000000e+00 5.281922619833618986e-04 0.000000000000000000e+00 1.259604484191963810e-04 0.000000000000000000e+00 1.486712506968964915e-03 3.042904959935084468e-04 6.236559139784946665e-03 0.000000000000000000e+00 7.579585649317837357e-04 0.000000000000000000e+00 3.408179631114675173e-03 1.374003847210772183e-03 2.676696284329563857e-01 2.218278615794143827e-04 2.940750398377517047e-02 1.388888888888888888e-04 2.115480338476854322e-02 0.000000000000000000e+00 2.426482403985216058e-02 0.000000000000000000e+00 2.706729575366277618e-02 1.871490954460386770e-03 6.231782088652125517e-03 3.612320593452669065e-02 2.935943060498220555e-02 6.061340768578009743e-04 1.253616200578591966e-01 1.186239620403321555e-03 4.719764011799409964e-02 0.000000000000000000e+00 1.564129301355578899e-02 1.167371953888807733e-03 7.548100641341884409e-02 2.631578947368420993e-03 0.000000000000000000e+00 0.000000000000000000e+00 5.545696539485359296e-03 0.000000000000000000e+00 0.000000000000000000e+00 0.000000000000000000e+00 1.927689437683219320e-02 0.000000000000000000e+00 1.026694045174538026e-03 0.000000000000000000e+00 1.221052631578947376e-02 1.484780994803266453e-03 3.075345976422347652e-03 0.000000000000000000e+00 1.655629139072847681e-03 1.044776119402985107e-02 3.365384615384615224e-02 1.386962552011095735e-03 0.000000000000000000e+00 1.485884101040118796e-03 0.000000000000000000e+00 0.000000000000000000e+00 0.000000000000000000e+00 8.303349017437033170e-04 2.679368859779696337e-03 9.115770282588878549e-04 3.528581510232886576e-03 0.000000000000000000e+00 0.000000000000000000e+00 0.000000000000000000e+00 0.000000000000000000e+00 0.000000000000000000e+00 0.000000000000000000e+00 1.748251748251748250e-03 0.000000000000000000e+00 0.000000000000000000e+00 0.000000000000000000e+00
1.014034394149041368e-01 3.755682941292745776e-03 0.000000000000000000e+00 9.190197123068725993e-03 1.359636673289809916e-01 2.862595419847328241e-03 2.609081825247029918e-01 1.476525550813242646e-02 9.252669039145906826e-02 1.993355481727574537e-03 5.032983141949669975e-02 3.754106053496011116e-03 9.752839011356045917e-02 6.551362683438154838e-03 5.453788509575353827e-02 1.773442695632897279e-03 1.360392506690454896e-02 1.361779391738538337e-03 1.063974206685898566e-01 6.334841628959276064e-03 9.041591320072332435e-04 0.000000000000000000e+00 1.842326441418725702e-01 9.157015890115810172e-03 6.604292790313703865e-02 6.728045325779036766e-03 2.100105005250262405e-02 1.403016485443703883e-03 2.004811547714514808e-02 1.066098081023454137e-03 4.778156996587031025e-02 2.900232018561484798e-02 1.553244701855995870e-02 6.826320501342882444e-03 3.429355281207132917e-03 3.756574004507889008e-04 1.483050847457627157e-02 4.747211013529551598e-04 0.000000000000000000e+00 0.000000000000000000e+00 0.000000000000000000e+00 0.000000000000000000e+00 1.933488012374323379e-04 0.000000000000000000e+00 1.614205004035512605e-04 0.000000000000000000e+00 8.220304151253596129e-04 0.000000000000000000e+00 1.345895020188425315e-03 1.858390633711206144e-04 7.607262399837711603e-03 0.000000000000000000e+00 4.599816007359705571e-04 0.000000000000000000e+00 4.546143355053796037e-04 0.000000000000000000e+00 2.610607309700467126e-03 4.038772213247173110e-04 6.322094055013309337e-03 2.897291032884253019e-04 3.611111111111110945e-03 0.000000000000000000e+00 5.791226292167366051e-04 1.606941989394182870e-04 2.385685884691849095e-03 0.000000000000000000e+00 1.255458515283842773e-02 7.035883003316915907e-04 2.999516207063376849e-02 0.000000000000000000e+00 3.503454964238089664e-02 8.571734704810885777e-04 1.055753262158956041e-01 2.279431482971305909e-03 1.241134751773049702e-02 0.000000000000000000e+00 7.135561068145337971e-02 2.302252918927807836e-03 0.000000000000000000e+00 0.000000000000000000e+00 1.809954751131221686e-04 0.000000000000000000e+00 0.000000000000000000e+00 0.000000000000000000e+00 1.573811772112055328e-03 0.000000000000000000e+00 0.000000000000000000e+00 0.000000000000000000e+00 1.929260450160771639e-03 0.000000000000000000e+00 3.711952487008166133e-04 0.000000000000000000e+00 0.000000000000000000e+00 8.278145695364238403e-04 2.238805970149253602e-02 2.083333333333333218e-02 6.934812760055478675e-04 0.000000000000000000e+00 7.429420505200593980e-04 0.000000000000000000e+00 0.000000000000000000e+00 0.000000000000000000e+00 5.535566011624688419e-04 1.190830604346531730e-03 0.000000000000000000e+00 7.057163020465773151e-04 0.000000000000000000e+00 0.000000000000000000e+00 0.000000000000000000e+00 0.000000000000000000e+00 0.000000000000000000e+00 0.000000000000000000e+00 0.000000000000000000e+00 0.000000000000000000e+00 0.000000000000000000e+00 0.000000000000000000e+00
7.059136920618007752e-03 8.684070324986681300e-02 9.190197123068725993e-03 0.000000000000000000e+00 2.838489923360771987e-04 1.844783715012722480e-02 1.065837681803042010e-02 1.904487253431768334e-01 2.372479240806643110e-03 8.637873754152824296e-03 2.198876129978011209e-03 2.346316283435007088e-02 3.507014028056112259e-03 2.410901467505241133e-02 0.000000000000000000e+00 2.238971403236533070e-02 4.460303300624442646e-04 1.157512482977757565e-02 1.052095706770744994e-02 9.243697478991597105e-02 0.000000000000000000e+00 0.000000000000000000e+00 1.412002017145738697e-02 2.098033934823592683e-01 5.503577325261419743e-04 2.584985835694050826e-02 0.000000000000000000e+00 3.507541213609259708e-04 4.009623095429029616e-04 2.110874200426439071e-02 1.396214706794911622e-02 3.654292343387471192e-02 9.082532578649467683e-03 2.417188898836168318e-02 3.429355281207132808e-04 4.507888805409466376e-03 0.000000000000000000e+00 3.584144315214811416e-02 0.000000000000000000e+00 7.819687212511500229e-03 0.000000000000000000e+00 1.186440677966101725e-01 0.000000000000000000e+00 0.000000000000000000e+00 0.000000000000000000e+00 7.922883929750429563e-04 0.000000000000000000e+00 0.000000000000000000e+00 0.000000000000000000e+00 3.716781267422412070e-03 1.014301653311694868e-04 8.387096774193547946e-03 0.000000000000000000e+00 2.526528549772612633e-04 0.000000000000000000e+00 2.004811547714514808e-04 0.000000000000000000e+00 7.976575121163165943e-03 7.763975155279502580e-04 2.622048384760249096e-02 0.000000000000000000e+00 2.737680438028870268e-03 2.895613146083683026e-04 1.446247790454764691e-03 1.988071570576540822e-04 1.005711447727837028e-02 5.458515283842794476e-04 1.537842999296411620e-02 6.450572488308337462e-04 2.446619217081850463e-03 1.454721784458722338e-03 3.846565948783885192e-02 1.631079478054566975e-03 6.033789219629927258e-02 0.000000000000000000e+00 1.251303441084463015e-02 8.755289654166059079e-04 6.002302252918927800e-02 0.000000000000000000e+00 0.000000000000000000e+00 0.000000000000000000e+00 6.654835847382430938e-04 0.000000000000000000e+00 0.000000000000000000e+00 0.000000000000000000e+00 5.330016878386781200e-04 0.000000000000000000e+00 0.000000000000000000e+00 0.000000000000000000e+00 8.421052631578947829e-04 2.969561989606532906e-03 0.000000000000000000e+00 0.000000000000000000e+00 0.000000000000000000e+00 8.955223880597015448e-03 8.012820512820512109e-03 1.386962552011095735e-03 0.000000000000000000e+00 7.429420505200593980e-04 0.000000000000000000e+00 0.000000000000000000e+00 0.000000000000000000e+00 1.107113202324937684e-03 0.000000000000000000e+00 0.000000000000000000e+00 1.411432604093154630e-03 0.000000000000000000e+00 1.007049345417925477e-03 0.000000000000000000e+00 0.000000000000000000e+00 1.004016064257028020e-03 0.000000000000000000e+00 0.000000000000000000e+00 0.000000000000000000e+00 0.000000000000000000e+00 0.000000000000000000e+00
2.270791938688617589e-03 0.000000000000000000e+00 1.359636673289809916e-01 2.838489923360771987e-04 0.000000000000000000e+00 3.180661577608142297e-03 1.410014433218607748e-02 2.307071173145691634e-04 4.335705812574139895e-01 0.000000000000000000e+00 0.000000000000000000e+00 0.000000000000000000e+00 1.169004676018704086e-03 0.000000000000000000e+00 2.477102414654454576e-01 6.650410108623365339e-04 2.230151650312221323e-04 0.000000000000000000e+00 6.787714237230613006e-04 0.000000000000000000e+00 1.808318264014466617e-02 0.000000000000000000e+00 6.051437216338880626e-03 1.615943980608672281e-03 1.717116125481563116e-01 8.498583569405099986e-03 1.442072103605180344e-01 2.104524728165556042e-03 2.405773857257417769e-03 0.000000000000000000e+00 6.205398696866273878e-03 4.640371229698375677e-03 3.948927208108463809e-04 1.119068934646374211e-04 0.000000000000000000e+00 0.000000000000000000e+00 3.026634382566586101e-04 0.000000000000000000e+00 0.000000000000000000e+00 0.000000000000000000e+00 0.000000000000000000e+00 0.000000000000000000e+00 3.866976024748646759e-04 0.000000000000000000e+00 0.000000000000000000e+00 0.000000000000000000e+00 2.055076037813399032e-04 0.000000000000000000e+00 0.000000000000000000e+00 0.000000000000000000e+00 5.071508266558474474e-04 0.000000000000000000e+00 0.000000000000000000e+00 0.000000000000000000e+00 3.030762236702530510e-04 0.000000000000000000e+00 1.374003847210772129e-04 0.000000000000000000e+00 1.109139307897071913e-04 0.000000000000000000e+00 1.388888888888888888e-04 0.000000000000000000e+00 1.447806573041841513e-04 0.000000000000000000e+00 0.000000000000000000e+00 0.000000000000000000e+00 1.559575795383655642e-04 1.005126143330987987e-04 0.000000000000000000e+00 0.000000000000000000e+00 3.454964238089465456e-02 1.285760205721632812e-03 4.033214709371293200e-02 0.000000000000000000e+00 1.595744680851063704e-02 0.000000000000000000e+00 8.901211148402159504e-03 8.222331853313599725e-04 0.000000000000000000e+00 0.000000000000000000e+00 5.429864253393665600e-04 0.000000000000000000e+00 4.524886877828054703e-03 0.000000000000000000e+00 8.393662784597628705e-04 0.000000000000000000e+00 1.379310344827586101e-03 0.000000000000000000e+00 1.125401929260450105e-03 0.000000000000000000e+00 3.711952487008166133e-04 0.000000000000000000e+00 0.000000000000000000e+00 0.000000000000000000e+00 2.985074626865671672e-03 0.000000000000000000e+00 0.000000000000000000e+00 0.000000000000000000e+00 0.000000000000000000e+00 0.000000000000000000e+00 0.000000000000000000e+00 0.000000000000000000e+00 0.000000000000000000e+00 2.977076510866329324e-04 0.000000000000000000e+00 0.000000000000000000e+00 0.000000000000000000e+00 0.000000000000000000e+00 0.000000000000000000e+00 0.000000000000000000e+00 0.000000000000000000e+00 0.000000000000000000e+00 0.000000000000000000e+00 0.000000000000000000e+00 0.000000000000000000e+00 0.000000000000000000e+00
0.000000000000000000e+00 3.180661577608142731e-04 2.862595419847328241e-03 1.844783715012722480e-02 3.180661577608142297e-03 0.000000000000000000e+00 1.110247585211502058e-03 1.845656938516553307e-03 1.186239620403321555e-03 2.930232558139534982e-01 0.000000000000000000e+00 0.000000000000000000e+00 5.010020040080159906e-04 1.179245283018867880e-03 1.665278934221482146e-03 1.569496785635114133e-01 0.000000000000000000e+00 0.000000000000000000e+00 0.000000000000000000e+00 2.585649644473173915e-04 5.424954792043399678e-03 1.490196078431372563e-02 4.874768868717431133e-03 8.322111500134661555e-02 3.852504127682994037e-03 1.600566572237960283e-01 1.050052502625131289e-03 1.045247281655559413e-01 0.000000000000000000e+00 1.705756929637526577e-03 1.023890784982935120e-02 1.334106728538283007e-02 0.000000000000000000e+00 8.952551477170993689e-04 0.000000000000000000e+00 0.000000000000000000e+00 0.000000000000000000e+00 0.000000000000000000e+00 0.000000000000000000e+00 0.000000000000000000e+00 0.000000000000000000e+00 0.000000000000000000e+00 0.000000000000000000e+00 1.199040767386091153e-04 0.000000000000000000e+00 0.000000000000000000e+00 0.000000000000000000e+00 0.000000000000000000e+00 0.000000000000000000e+00 0.000000000000000000e+00 0.000000000000000000e+00 1.075268817204301074e-04 0.000000000000000000e+00 2.526528549772612633e-04 0.000000000000000000e+00 0.000000000000000000e+00 0.000000000000000000e+00 1.009693053311793277e-04 1.109139307897071913e-04 0.000000000000000000e+00 0.000000000000000000e+00 0.000000000000000000e+00 0.000000000000000000e+00 3.213883978788365740e-04 0.000000000000000000e+00 0.000000000000000000e+00 7.797878976918278210e-05 3.015378429992963960e-04 0.000000000000000000e+00 2.224199288256227644e-04 2.303309492059643377e-03 3.203685845923068959e-02 0.000000000000000000e+00 3.499597747385357893e-02 0.000000000000000000e+00 3.128258602711157538e-03 0.000000000000000000e+00 6.577865482650879780e-03 0.000000000000000000e+00 0.000000000000000000e+00 0.000000000000000000e+00 2.218278615794143827e-04 0.000000000000000000e+00 0.000000000000000000e+00 0.000000000000000000e+00 8.883361463977969752e-04 0.000000000000000000e+00 2.053388090349076052e-03 0.000000000000000000e+00 8.421052631578947829e-04 0.000000000000000000e+00 0.000000000000000000e+00 0.000000000000000000e+00 0.000000000000000000e+00 0.000000000000000000e+00 0.000000000000000000e+00 0.000000000000000000e+00 0.000000000000000000e+00 0.000000000000000000e+00 0.000000000000000000e+00 0.000000000000000000e+00 0.000000000000000000e+00 0.000000000000000000e+00 0.000000000000000000e+00 0.000000000000000000e+00 0.000000000000000000e+00 0.000000000000000000e+00 0.000000000000000000e+00 0.000000000000000000e+00 0.000000000000000000e+00 0.000000000000000000e+00 0.000000000000000000e+00 0.000000000000000000e+00 0.000000000000000000e+00 0.000000000000000000e+00 0.000000000000000000e+00
9.326079715776618151e-02 1.665371377817253303e-03 2.609081825247029918e-01 1.065837681803042010e-02 1.410014433218607748e-02 1.110247585211502058e-03 0.000000000000000000e+00 2.099434767562579143e-02 6.820877817319098702e-02 1.993355481727574537e-03 1.075006107989249921e-01 5.944001251368684520e-03 2.466599866399465657e-01 8.516771488469600943e-03 4.995836802664446220e-03 2.438483706495233813e-03 1.003568242640499528e-02 0.000000000000000000e+00 2.239945698286101988e-02 5.688429217840982287e-03 0.000000000000000000e+00 0.000000000000000000e+00 3.883005547150781417e-02 1.185025585779692948e-02 1.100715465052283949e-03 1.770538243626062352e-03 3.500175008750437450e-04 3.507541213609259708e-04 7.016840417000801827e-03 2.132196162046908221e-04 1.923673596028544971e-02 2.030162412993039359e-02 4.870343556667105708e-03 9.623992837958818269e-03 1.371742112482853123e-03 0.000000000000000000e+00 2.421307506053268881e-03 7.120816520294326584e-04 0.000000000000000000e+00 4.599816007359705571e-04 0.000000000000000000e+00 0.000000000000000000e+00 0.000000000000000000e+00 0.000000000000000000e+00 1.614205004035512605e-04 1.320480654958404746e-04 0.000000000000000000e+00 0.000000000000000000e+00 1.223540927444023013e-03 1.858390633711206144e-04 8.418703722487068039e-03 0.000000000000000000e+00 4.599816007359705354e-03 0.000000000000000000e+00 2.576147901197151178e-03 0.000000000000000000e+00 3.297609233305853326e-03 2.019386106623586555e-04 7.653061224489795741e-03 1.448645516442126509e-04 1.986111111111111063e-02 0.000000000000000000e+00 1.013464601129289086e-02 1.606941989394182870e-04 1.192842942345924417e-02 2.483238142537869553e-04 1.949469744229569580e-03 4.020504573323951947e-04 2.096436058700209756e-03 8.896797153024910577e-04 9.989089586616559102e-02 2.892960462873674261e-03 3.825622775800711917e-02 5.631536604987932501e-03 3.546099290780141758e-03 0.000000000000000000e+00 4.917554355756603018e-02 5.097845749054431483e-03 2.631578947368420993e-03 0.000000000000000000e+00 5.972850678733031618e-03 0.000000000000000000e+00 0.000000000000000000e+00 2.469135802469135752e-03 1.899066205015213435e-02 8.883361463977968667e-05 0.000000000000000000e+00 0.000000000000000000e+00 1.977491961414791152e-02 0.000000000000000000e+00 0.000000000000000000e+00 1.025115325474115812e-03 0.000000000000000000e+00 8.278145695364238403e-04 2.985074626865671672e-03 3.205128205128205017e-03 6.934812760055478675e-04 0.000000000000000000e+00 0.000000000000000000e+00 0.000000000000000000e+00 0.000000000000000000e+00 0.000000000000000000e+00 2.767783005812344209e-04 0.000000000000000000e+00 9.115770282588878549e-04 0.000000000000000000e+00 0.000000000000000000e+00 0.000000000000000000e+00 0.000000000000000000e+00 0.000000000000000000e+00 0.000000000000000000e+00 0.000000000000000000e+00 0.000000000000000000e+00 0.000000000000000000e+00 2.604166666666666522e-03 0.000000000000000000e+00
4.037374553004960225e-03 6.425193217210750651e-02 1.476525550813242646e-02 1.904487253431768334e-01 2.307071173145691634e-04 1.845656938516553307e-03 2.099434767562579143e-02 0.000000000000000000e+00 2.372479240806643110e-03 1.215946843853820541e-01 6.840947959931590813e-03 1.016737056155169738e-01 5.511022044088176655e-03 1.776729559748427556e-01 4.163197335553705364e-04 1.241409886943028139e-02 2.007136485280999055e-03 5.674080798910576331e-03 1.306634990666892884e-02 4.641241111829347288e-02 0.000000000000000000e+00 0.000000000000000000e+00 1.916288451840645474e-02 1.346619983840560177e-02 1.100715465052283949e-03 7.082152974504249627e-04 3.500175008750437450e-04 0.000000000000000000e+00 4.009623095429029616e-04 1.513859275053304823e-02 2.327024511324852704e-02 7.830626450116008955e-03 5.528498091351849442e-03 1.723366159355416150e-02 0.000000000000000000e+00 4.132231404958677801e-03 0.000000000000000000e+00 9.731782577735581183e-03 0.000000000000000000e+00 3.219871205151794008e-03 0.000000000000000000e+00 3.389830508474576259e-02 0.000000000000000000e+00 2.398081534772182307e-04 0.000000000000000000e+00 7.922883929750429563e-04 0.000000000000000000e+00 2.519208968383927620e-04 0.000000000000000000e+00 2.508827355510128213e-03 0.000000000000000000e+00 1.032258064516129031e-02 0.000000000000000000e+00 1.515917129863567471e-03 0.000000000000000000e+00 3.408179631114675173e-03 0.000000000000000000e+00 1.474151857835218071e-02 1.109139307897071913e-04 4.056207446037954877e-03 0.000000000000000000e+00 1.617720258835241356e-02 1.447806573041841513e-04 6.267073758637313301e-03 0.000000000000000000e+00 2.830891482493171074e-02 2.339363693075483463e-04 9.548698361644385874e-03 0.000000000000000000e+00 2.001779359430605042e-03 4.000484907261485888e-03 8.475302689381764010e-02 1.927639383155397472e-03 6.167873424510592756e-02 0.000000000000000000e+00 3.128258602711157538e-03 1.021450459652706875e-03 5.804966288439401129e-02 0.000000000000000000e+00 2.141327623126338450e-03 0.000000000000000000e+00 7.098491570541260245e-03 0.000000000000000000e+00 0.000000000000000000e+00 0.000000000000000000e+00 1.554588256196144658e-02 0.000000000000000000e+00 2.053388090349076052e-03 0.000000000000000000e+00 7.859649122807017829e-03 7.423904974016332266e-04 1.537672988211173826e-03 0.000000000000000000e+00 0.000000000000000000e+00 1.492537313432835836e-03 1.121794871794871799e-02 0.000000000000000000e+00 0.000000000000000000e+00 0.000000000000000000e+00 1.203369434416365867e-03 0.000000000000000000e+00 0.000000000000000000e+00 2.767783005812344209e-04 2.977076510866329324e-04 0.000000000000000000e+00 7.057163020465773151e-04 0.000000000000000000e+00 2.014098690835850955e-03 0.000000000000000000e+00 0.000000000000000000e+00 0.000000000000000000e+00 0.000000000000000000e+00 0.000000000000000000e+00 0.000000000000000000e+00 0.000000000000000000e+00 0.000000000000000000e+00
5.931198102016607340e-03 0.000000000000000000e+00 9.252669039145906826e-02 2.372479240806643110e-03 4.335705812574139895e-01 1.186239620403321555e-03 6.820877817319098702e-02 2.372479240806643110e-03 0.000000000000000000e+00 1.328903654485049908e-03 2.198876129978011209e-03 0.000000000000000000e+00 2.905811623246493114e-02 0.000000000000000000e+00 1.136552872606161474e-01 0.000000000000000000e+00 0.000000000000000000e+00 0.000000000000000000e+00 0.000000000000000000e+00 1.292824822236586957e-04 9.041591320072332435e-04 0.000000000000000000e+00 3.193814086401075645e-03 8.079719903043361406e-04 1.100715465052283949e-03 2.124645892351274996e-03 0.000000000000000000e+00 0.000000000000000000e+00 1.804330392943063327e-03 0.000000000000000000e+00 3.102699348433136939e-03 1.740139211136890879e-03 0.000000000000000000e+00 0.000000000000000000e+00 0.000000000000000000e+00 0.000000000000000000e+00 0.000000000000000000e+00 0.000000000000000000e+00 0.000000000000000000e+00 0.000000000000000000e+00 0.000000000000000000e+00 0.000000000000000000e+00 0.000000000000000000e+00 0.000000000000000000e+00 0.000000000000000000e+00 0.000000000000000000e+00 0.000000000000000000e+00 0.000000000000000000e+00 1.223540927444023013e-04 0.000000000000000000e+00 2.028603306623389735e-04 0.000000000000000000e+00 0.000000000000000000e+00 0.000000000000000000e+00 0.000000000000000000e+00 0.000000000000000000e+00 2.748007694421544258e-04 0.000000000000000000e+00 0.000000000000000000e+00 0.000000000000000000e+00 9.722222222222221943e-04 0.000000000000000000e+00 4.343419719125524809e-04 0.000000000000000000e+00 0.000000000000000000e+00 0.000000000000000000e+00 7.797878976918278210e-05 0.000000000000000000e+00 0.000000000000000000e+00 0.000000000000000000e+00 4.606618984119286754e-03 1.071466838101360722e-04 9.934756820877816558e-03 0.000000000000000000e+00 1.773049645390070879e-03 0.000000000000000000e+00 2.918429884722019765e-03 0.000000000000000000e+00 0.000000000000000000e+00 0.000000000000000000e+00 1.809954751131221686e-04 0.000000000000000000e+00 0.000000000000000000e+00 0.000000000000000000e+00 1.049207848074703588e-04 0.000000000000000000e+00 1.379310344827586101e-03 0.000000000000000000e+00 4.823151125401929098e-04 0.000000000000000000e+00 0.000000000000000000e+00 0.000000000000000000e+00 0.000000000000000000e+00 0.000000000000000000e+00 0.000000000000000000e+00 0.000000000000000000e+00 0.000000000000000000e+00 0.000000000000000000e+00 0.000000000000000000e+00 0.000000000000000000e+00 0.000000000000000000e+00 0.000000000000000000e+00 0.000000000000000000e+00 0.000000000000000000e+00 0.000000000000000000e+00 0.000000000000000000e+00 0.000000000000000000e+00 0.000000000000000000e+00 0.000000000000000000e+00 0.000000000000000000e+00 0.000000000000000000e+00 0.000000000000000000e+00 0.000000000000000000e+00 0.000000000000000000e+00 0.000000000000000000e+00 0.000000000000000000e+00
0.000000000000000000e+00 6.644518272425249325e-03 1.993355481727574537e-03 8.637873754152824296e-03 0.000000000000000000e+00 2.930232558139534982e-01 1.993355481727574537e-03 1.215946843853820541e-01 1.328903654485049908e-03 0.000000000000000000e+00 0.000000000000000000e+00 4.692632566870013895e-04 1.670006680026720240e-04 1.834381551362683537e-03 8.326394671107410729e-04 1.292396364442474077e-01 0.000000000000000000e+00 0.000000000000000000e+00 1.696928559307653251e-04 0.000000000000000000e+00 0.000000000000000000e+00 0.000000000000000000e+00 2.353336695242898118e-03 8.079719903043361406e-04 2.751788662630710088e-03 2.478753541076487207e-03 0.000000000000000000e+00 1.052262364082778021e-03 0.000000000000000000e+00 8.528784648187632883e-04 3.412969283276450546e-03 1.160092807424593919e-03 0.000000000000000000e+00 0.000000000000000000e+00 0.000000000000000000e+00 0.000000000000000000e+00 0.000000000000000000e+00 0.000000000000000000e+00 0.000000000000000000e+00 0.000000000000000000e+00 0.000000000000000000e+00 0.000000000000000000e+00 0.000000000000000000e+00 0.000000000000000000e+00 0.000000000000000000e+00 0.000000000000000000e+00 0.000000000000000000e+00 2.519208968383927620e-04 0.000000000000000000e+00 0.000000000000000000e+00 0.000000000000000000e+00 1.075268817204301074e-04 0.000000000000000000e+00 0.000000000000000000e+00 0.000000000000000000e+00 0.000000000000000000e+00 0.000000000000000000e+00 1.009693053311793277e-04 0.000000000000000000e+00 0.000000000000000000e+00 0.000000000000000000e+00 0.000000000000000000e+00 0.000000000000000000e+00 0.000000000000000000e+00 0.000000000000000000e+00 1.241619071268934777e-04 0.000000000000000000e+00 0.000000000000000000e+00 0.000000000000000000e+00 0.000000000000000000e+00 4.849072614862407794e-04 2.678667095253401981e-03 0.000000000000000000e+00 1.541968356127648189e-02 0.000000000000000000e+00 3.128258602711157538e-03 0.000000000000000000e+00 4.768952474921888188e-03 0.000000000000000000e+00 0.000000000000000000e+00 0.000000000000000000e+00 0.000000000000000000e+00 0.000000000000000000e+00 0.000000000000000000e+00 0.000000000000000000e+00 7.106689171182374934e-04 0.000000000000000000e+00 2.053388090349076052e-03 0.000000000000000000e+00 4.210526315789473915e-04 0.000000000000000000e+00 0.000000000000000000e+00 0.000000000000000000e+00 0.000000000000000000e+00 0.000000000000000000e+00 1.602564102564102509e-03 0.000000000000000000e+00 0.000000000000000000e+00 0.000000000000000000e+00 0.000000000000000000e+00 0.000000000000000000e+00 0.000000000000000000e+00 0.000000000000000000e+00 0.000000000000000000e+00 0.000000000000000000e+00 0.000000000000000000e+00 0.000000000000000000e+00 0.000000000000000000e+00 0.000000000000000000e+00 0.000000000000000000e+00 0.000000000000000000e+00 0.000000000000000000e+00 0.000000000000000000e+00 0.000000000000000000e+00 0.000000000000000000e+00 0.000000000000000000e+00
1.978988516980210166e-01 4.886391399951136140e-04 5.032983141949669975e-02 2.198876129978011209e-03 0.000000000000000000e+00 0.000000000000000000e+00 1.075006107989249921e-01 6.840947959931590813e-03 2.198876129978011209e-03 0.000000000000000000e+00 0.000000000000000000e+00 1.407789770061004331e-03 1.190714762859051423e-01 3.930817610062893293e-04 6.244796003330557559e-03 0.000000000000000000e+00 2.943800178412132179e-02 0.000000000000000000e+00 2.426607839809943878e-02 1.163542340012928234e-03 0.000000000000000000e+00 0.000000000000000000e+00 6.555723651033787056e-03 8.079719903043361406e-04 0.000000000000000000e+00 0.000000000000000000e+00 0.000000000000000000e+00 0.000000000000000000e+00 7.277465918203689099e-02 0.000000000000000000e+00 6.205398696866273227e-04 5.800464037122969596e-04 4.343819928919310028e-03 8.952551477170993689e-04 6.858710562414265617e-04 0.000000000000000000e+00 9.079903147699758302e-04 0.000000000000000000e+00 0.000000000000000000e+00 0.000000000000000000e+00 0.000000000000000000e+00 0.000000000000000000e+00 0.000000000000000000e+00 0.000000000000000000e+00 4.842615012106537544e-04 0.000000000000000000e+00 2.055076037813399032e-04 0.000000000000000000e+00 2.447081854888046026e-04 0.000000000000000000e+00 1.724312810629881343e-03 0.000000000000000000e+00 4.599816007359705571e-04 0.000000000000000000e+00 4.546143355053796037e-04 0.000000000000000000e+00 8.244023083264632665e-03 0.000000000000000000e+00 2.440106477373558264e-03 2.897291032884253019e-04 2.541666666666666727e-02 0.000000000000000000e+00 9.410742724771971324e-03 0.000000000000000000e+00 9.542743538767396380e-03 0.000000000000000000e+00 1.247660636306924514e-03 1.005126143330987987e-04 9.675858732462505650e-04 0.000000000000000000e+00 4.473269487210571049e-02 5.357334190506803746e-04 1.201067615658362939e-02 4.022526146419951477e-04 0.000000000000000000e+00 0.000000000000000000e+00 8.901211148402159504e-03 1.151126459463903918e-03 0.000000000000000000e+00 0.000000000000000000e+00 6.153846153846153841e-03 0.000000000000000000e+00 0.000000000000000000e+00 0.000000000000000000e+00 9.128108278249920729e-03 8.883361463977968667e-05 0.000000000000000000e+00 0.000000000000000000e+00 4.662379421221865029e-03 0.000000000000000000e+00 0.000000000000000000e+00 0.000000000000000000e+00 0.000000000000000000e+00 0.000000000000000000e+00 1.492537313432835836e-03 1.602564102564102509e-03 0.000000000000000000e+00 0.000000000000000000e+00 0.000000000000000000e+00 1.203369434416365867e-03 0.000000000000000000e+00 0.000000000000000000e+00 0.000000000000000000e+00 0.000000000000000000e+00 0.000000000000000000e+00 0.000000000000000000e+00 0.000000000000000000e+00 0.000000000000000000e+00 0.000000000000000000e+00 0.000000000000000000e+00 0.000000000000000000e+00 0.000000000000000000e+00 0.000000000000000000e+00 0.000000000000000000e+00 0.000000000000000000e+00 0.000000000000000000e+00
0.000000000000000000e+00 7.132801501642421771e-02 3.754106053496011116e-03 2.346316283435007088e-02 0.000000000000000000e+00 0.000000000000000000e+00 5.944001251368684520e-03 1.016737056155169738e-01 0.000000000000000000e+00 4.692632566870013895e-04 1.407789770061004331e-03 0.000000000000000000e+00 1.169004676018704086e-03 2.708333333333333148e-01 0.000000000000000000e+00 1.773442695632897192e-02 4.460303300624442646e-04 7.240127099409895961e-02 2.715085694892245202e-03 2.171945701357465980e-02 0.000000000000000000e+00 0.000000000000000000e+00 4.538577912254160469e-03 5.655803932130352984e-03 0.000000000000000000e+00 0.000000000000000000e+00 0.000000000000000000e+00 0.000000000000000000e+00 0.000000000000000000e+00 8.486140724946694691e-02 3.102699348433136939e-03 2.320185614849187838e-03 9.214163485586415736e-04 1.152641002685765408e-02 3.429355281207132808e-04 1.126972201352366594e-03 0.000000000000000000e+00 4.509850462853073720e-03 0.000000000000000000e+00 2.759889604415823559e-03 0.000000000000000000e+00 1.694915254237288130e-02 0.000000000000000000e+00 0.000000000000000000e+00 0.000000000000000000e+00 1.320480654958404746e-04 0.000000000000000000e+00 0.000000000000000000e+00 0.000000000000000000e+00 3.716781267422412287e-04 0.000000000000000000e+00 1.397849462365591397e-03 0.000000000000000000e+00 0.000000000000000000e+00 1.515381118351265255e-04 1.002405773857257404e-03 0.000000000000000000e+00 9.995961227786752390e-03 0.000000000000000000e+00 1.014051861509488719e-03 0.000000000000000000e+00 7.715281234444997319e-03 0.000000000000000000e+00 2.394343564197332422e-02 0.000000000000000000e+00 4.345666749441271827e-03 1.559575795383655642e-04 2.211277515328173571e-03 1.612643122077084365e-04 2.224199288256227644e-04 1.575948599830282425e-03 7.135969141755062195e-02 4.448398576512455288e-04 4.143201930812550476e-02 0.000000000000000000e+00 1.042752867570385846e-03 4.377644827083029540e-04 2.647590856766979250e-02 0.000000000000000000e+00 0.000000000000000000e+00 0.000000000000000000e+00 1.841171251109139165e-02 0.000000000000000000e+00 2.469135802469135752e-03 0.000000000000000000e+00 9.594030381096206594e-03 0.000000000000000000e+00 1.026694045174538026e-03 0.000000000000000000e+00 9.964912280701754624e-03 3.711952487008166133e-04 0.000000000000000000e+00 0.000000000000000000e+00 0.000000000000000000e+00 2.985074626865671672e-03 6.410256410256410034e-03 6.934812760055478675e-04 0.000000000000000000e+00 0.000000000000000000e+00 0.000000000000000000e+00 0.000000000000000000e+00 0.000000000000000000e+00 0.000000000000000000e+00 0.000000000000000000e+00 0.000000000000000000e+00 7.057163020465773151e-04 0.000000000000000000e+00 0.000000000000000000e+00 0.000000000000000000e+00 0.000000000000000000e+00 0.000000000000000000e+00 0.000000000000000000e+00 0.000000000000000000e+00 0.000000000000000000e+00 0.000000000000000000e+00 0.000000000000000000e+00
3.306613226452905646e-02 0.000000000000000000e+00 9.752839011356045917e-02 3.507014028056112259e-03 1.169004676018704086e-03 5.010020040080159906e-04 2.466599866399465657e-01 5.511022044088176655e-03 2.905811623246493114e-02 1.670006680026720240e-04 1.190714762859051423e-01 1.169004676018704086e-03 0.000000000000000000e+00 1.965408805031446538e-03 2.227310574521232378e-01 6.650410108623365339e-04 3.122212310437109690e-03 0.000000000000000000e+00 1.103003563549974538e-02 5.171299288946347829e-04 0.000000000000000000e+00 0.000000000000000000e+00 2.790384938645150414e-02 4.847831941826016844e-03 5.503577325261419743e-04 1.062322946175637498e-03 3.500175008750437450e-04 0.000000000000000000e+00 6.655974338412189162e-02 2.132196162046908221e-04 5.895128762022959837e-03 4.350348027842227197e-03 2.764249045675924721e-03 5.595344673231870784e-04 6.858710562414265617e-04 0.000000000000000000e+00 9.079903147699758302e-04 0.000000000000000000e+00 1.101928374655647283e-03 0.000000000000000000e+00 0.000000000000000000e+00 0.000000000000000000e+00 1.933488012374323379e-04 0.000000000000000000e+00 3.228410008071025210e-04 0.000000000000000000e+00 0.000000000000000000e+00 0.000000000000000000e+00 3.670622782332069040e-04 0.000000000000000000e+00 6.085809919870168935e-04 0.000000000000000000e+00 4.599816007359705571e-04 0.000000000000000000e+00 1.515381118351265255e-04 0.000000000000000000e+00 3.709810387469085046e-03 2.019386106623586555e-04 1.885536823425022117e-03 1.448645516442126509e-04 1.972222222222222085e-02 0.000000000000000000e+00 1.404372375850586330e-02 0.000000000000000000e+00 1.013916500994035789e-02 0.000000000000000000e+00 6.238303181534622568e-04 0.000000000000000000e+00 9.675858732462505650e-04 2.224199288256227644e-04 3.782276639592677819e-02 2.142933676202721444e-04 4.997034400948991567e-02 9.385894341646553807e-04 8.865248226950355262e-03 0.000000000000000000e+00 4.260907631694148268e-02 1.644466370662719945e-03 0.000000000000000000e+00 0.000000000000000000e+00 9.230769230769231629e-03 0.000000000000000000e+00 2.262443438914027351e-03 0.000000000000000000e+00 1.185604868324415147e-02 0.000000000000000000e+00 0.000000000000000000e+00 0.000000000000000000e+00 5.948553054662379311e-03 0.000000000000000000e+00 3.711952487008166133e-04 0.000000000000000000e+00 0.000000000000000000e+00 0.000000000000000000e+00 4.477611940298507724e-03 3.205128205128205017e-03 0.000000000000000000e+00 0.000000000000000000e+00 0.000000000000000000e+00 1.203369434416365867e-03 0.000000000000000000e+00 0.000000000000000000e+00 2.767783005812344209e-04 8.931229532598987430e-04 0.000000000000000000e+00 7.057163020465773151e-04 0.000000000000000000e+00 0.000000000000000000e+00 0.000000000000000000e+00 0.000000000000000000e+00 0.000000000000000000e+00 0.000000000000000000e+00 0.000000000000000000e+00 0.000000000000000000e+00 0.000000000000000000e+00 0.000000000000000000e+00
