0.000000000000000000e+00 1.174237097454647674e-02 3.664697929267771853e-02 2.863128491620111748e-03 1.804461942257217823e-03 0.000000000000000000e+00 8.086876155268021837e-02 3.044719314938154099e-03 2.595155709342560416e-03 0.000000000000000000e+00 1.644603993717747292e-01 1.595956909163452576e-03 3.036929057337220753e-02 1.953506544246923118e-04 1.258494840171155279e-03 0.000000000000000000e+00 4.811443433029909122e-02 2.578205568924029061e-03 4.092126405998929017e-02 3.005617977528089735e-02 0.000000000000000000e+00 0.000000000000000000e+00 2.169668040789759242e-04 2.977076510866329324e-04 0.000000000000000000e+00 0.000000000000000000e+00 2.275312855517633607e-04 0.000000000000000000e+00 2.548234437568256197e-02 5.624929688378895202e-04 6.946856547412295566e-04 1.371177841766077043e-04 4.980630879911455110e-03 6.498700259948010649e-03 3.792188092529389255e-04 0.000000000000000000e+00 7.273603082851637369e-02 1.558542762517046466e-03 1.488833746898263026e-03 0.000000000000000000e+00 1.865671641791044741e-03 0.000000000000000000e+00 7.400555041628121807e-04 0.000000000000000000e+00 1.200300075018754728e-03 0.000000000000000000e+00 0.000000000000000000e+00 0.000000000000000000e+00 2.639683238011438556e-03 3.167229729729729906e-04 5.698891306600352077e-03 3.032140691328077692e-04 3.191828917969996853e-04 0.000000000000000000e+00 7.984669434685404436e-04 0.000000000000000000e+00 2.823875802997858897e-01 1.478518003130979263e-03 2.010132374571008476e-02 6.152584085315832745e-04 4.265726310999886500e-02 0.000000000000000000e+00 7.669928590320021500e-03 0.000000000000000000e+00 4.662576687116564561e-02 1.345532831001076306e-04 3.523138449819082033e-03 6.919218128351496298e-04 8.275412684622067416e-02 7.086614173228346358e-03 9.293596576833570988e-02 6.906510956237835478e-04 3.974479656939650801e-02 2.021978021978022063e-03 0.000000000000000000e+00 0.000000000000000000e+00 7.686759402369912342e-02 4.347826086956521792e-03 1.237623762376237639e-03 0.000000000000000000e+00 1.928312159709618962e-03 1.395089285714285637e-04 0.000000000000000000e+00 5.425935973955507393e-04 1.423069390952412007e-02 7.530687551773476783e-05 0.000000000000000000e+00 0.000000000000000000e+00 1.074328544659587832e-02 0.000000000000000000e+00 8.084074373484236714e-03 4.140786749482401629e-04 2.453557658604977286e-03 0.000000000000000000e+00 4.410143329658213623e-02 7.173601147776183587e-03 0.000000000000000000e+00 0.000000000000000000e+00 4.065040650406504495e-03 0.000000000000000000e+00 2.205071664829106985e-03 0.000000000000000000e+00 6.900212314225053281e-03 0.000000000000000000e+00 1.293723047436511758e-02 4.323389537397319318e-04 0.000000000000000000e+00 0.000000000000000000e+00 1.639344262295082053e-02 1.348314606741573066e-02 0.000000000000000000e+00 1.564945226917057938e-03 8.968609865470851886e-03 2.840909090909090988e-03 0.000000000000000000e+00 0.000000000000000000e+00
1.174237097454647674e-02 0.000000000000000000e+00 2.348253042055077101e-03 7.898044692737429817e-02 0.000000000000000000e+00 4.091095049774990007e-04 8.471965495995071108e-04 7.643514113542658472e-02 0.000000000000000000e+00 1.549786904300658706e-03 1.121830827911150970e-03 1.123819656869264466e-01 1.214771622934888176e-04 2.207462394999023386e-02 0.000000000000000000e+00 7.915567282321899455e-04 1.300390117035110562e-03 7.390855964248882470e-02 2.988752008569898339e-02 8.483146067415729685e-02 0.000000000000000000e+00 0.000000000000000000e+00 5.424170101974397969e-04 4.465614766299493715e-04 0.000000000000000000e+00 0.000000000000000000e+00 0.000000000000000000e+00 2.086811352253756322e-04 6.067224851352990894e-04 3.723703453706828786e-02 8.683570684265369457e-04 1.371177841766077043e-04 1.314333148865523028e-02 1.899620075984802953e-02 0.000000000000000000e+00 1.731102135025966524e-03 1.445086705202312067e-03 7.325150983830118478e-02 0.000000000000000000e+00 9.110629067245119492e-03 0.000000000000000000e+00 1.912045889101338363e-03 0.000000000000000000e+00 2.144312211858046512e-04 1.500375093773443410e-04 9.881422924901185102e-04 0.000000000000000000e+00 1.299883010529052506e-04 0.000000000000000000e+00 3.589527027027027226e-03 1.036162055745518665e-04 5.533656761673741951e-03 0.000000000000000000e+00 1.553760099440646423e-03 0.000000000000000000e+00 5.943536404160474967e-04 2.141327623126338450e-03 3.148373630196555917e-01 8.171269815329301788e-04 2.594339622641509552e-02 1.137527016266636333e-04 2.778257118205349277e-02 2.644802962179317908e-04 1.665741254858411902e-02 2.453987730061349837e-04 1.372443487621097941e-02 6.665397067225290861e-04 4.497491783428472431e-03 2.693310165073848836e-02 5.958005249343831938e-02 6.005555138503114888e-04 6.931625541533245616e-02 1.359690408953038304e-03 3.674725274725274687e-02 0.000000000000000000e+00 0.000000000000000000e+00 4.224626481195260276e-03 7.871853546910755062e-02 1.237623762376237639e-03 3.012048192771084494e-03 2.268602540834845646e-04 1.046316964285714211e-02 0.000000000000000000e+00 1.627780792186652109e-03 0.000000000000000000e+00 2.786354394156186423e-02 0.000000000000000000e+00 1.675977653631284883e-03 0.000000000000000000e+00 2.320269295503726847e-02 1.616814874696847126e-03 7.039337474120083149e-03 0.000000000000000000e+00 3.539823008849557473e-03 1.102535832414553493e-03 8.177905308464848699e-02 0.000000000000000000e+00 3.504672897196261638e-03 0.000000000000000000e+00 6.705783738474434263e-03 0.000000000000000000e+00 2.262443438914027351e-03 5.307855626326963812e-04 7.059545733578882938e-03 0.000000000000000000e+00 4.323389537397319751e-03 9.523809523809523801e-04 3.174603174603174600e-03 3.278688524590164105e-02 3.146067415730337269e-02 1.317523056653491492e-03 0.000000000000000000e+00 0.000000000000000000e+00 0.000000000000000000e+00 0.000000000000000000e+00 0.000000000000000000e+00
3.664697929267771853e-02 2.348253042055077101e-03 0.000000000000000000e+00 4.958100558659217852e-03 1.053149606299212532e-01 2.181917359879994526e-03 3.237060998151571334e-01 8.816999682841738725e-03 7.583621683967704807e-02 3.099573808601317412e-03 4.936055642809064614e-02 5.718845591169038380e-03 4.154518950437317837e-02 6.641922250439538655e-03 1.761892776239617348e-02 2.242744063324538396e-03 5.851755526657997745e-03 1.375042970092815470e-03 1.334761649705409614e-01 5.711610486891385494e-03 1.162790697674418589e-03 0.000000000000000000e+00 1.647862876979822033e-01 7.293837451622506816e-03 2.785515320334261760e-02 1.515807708964919849e-03 1.456200227531285508e-02 2.086811352253756322e-04 4.101443999514622213e-02 1.124985937675779040e-03 2.552969781174018599e-02 1.672836966954614063e-02 1.231322634200331979e-02 5.198960207958408172e-03 1.896094046264694627e-03 0.000000000000000000e+00 3.444123314065510727e-02 5.844535359438924249e-04 9.925558312655086840e-04 0.000000000000000000e+00 0.000000000000000000e+00 0.000000000000000000e+00 3.145235892691951741e-03 2.144312211858046512e-04 1.080270067516879255e-02 0.000000000000000000e+00 6.537371976465460944e-04 0.000000000000000000e+00 1.011878574571051410e-02 0.000000000000000000e+00 6.216972334473111830e-03 0.000000000000000000e+00 3.511011809766996592e-03 1.553760099440646260e-04 7.984669434685404436e-04 1.485884101040118742e-04 1.382940756602426755e-02 8.697164724299878496e-05 2.680176499428011186e-02 1.025430680885972169e-04 3.753839153679900103e-03 0.000000000000000000e+00 1.057921184871727163e-03 0.000000000000000000e+00 5.398773006134969209e-03 0.000000000000000000e+00 2.009141115977908926e-02 8.649022660439370372e-05 1.694178974804517665e-02 0.000000000000000000e+00 4.887020493956910350e-02 1.255729264770515542e-03 7.656102918104801258e-02 2.549450549450549275e-03 2.816901408450704289e-02 0.000000000000000000e+00 8.212261720762493999e-02 2.860411899313501042e-03 1.237623762376237639e-03 0.000000000000000000e+00 4.537205081669691293e-04 0.000000000000000000e+00 9.328358208955223703e-04 0.000000000000000000e+00 3.851426333311573896e-03 0.000000000000000000e+00 4.372540445999125607e-04 0.000000000000000000e+00 5.371642723297939161e-03 0.000000000000000000e+00 3.637833468067906088e-03 4.140786749482401629e-04 3.855590606379250083e-03 7.079646017699115163e-04 1.543550165380374803e-02 7.173601147776183587e-03 8.143322475570032937e-04 0.000000000000000000e+00 2.710027100271002708e-03 8.382229673093042829e-04 3.307607497243660478e-03 0.000000000000000000e+00 3.980891719745222913e-03 9.208103130755064796e-04 6.229036895064685858e-03 4.323389537397319318e-04 0.000000000000000000e+00 1.269841269841269840e-03 0.000000000000000000e+00 4.494382022471910508e-03 0.000000000000000000e+00 3.129890453834115877e-03 0.000000000000000000e+00 5.681818181818181976e-03 0.000000000000000000e+00 0.000000000000000000e+00
2.863128491620111748e-03 7.898044692737429817e-02 4.958100558659217852e-03 0.000000000000000000e+00 1.312335958005249326e-03 6.573026046638483222e-02 9.088108441158348691e-03 2.686964795432921216e-01 1.441753171856978129e-03 2.169701666020922015e-02 2.243661655822301940e-03 3.471206277430509413e-02 8.381924198250729000e-03 4.805626098847431277e-02 1.258494840171155279e-03 1.992084432717678225e-02 1.137841352405721687e-03 1.048470264695771682e-02 8.569898232458489362e-03 1.113295880149812733e-01 1.162790697674418589e-03 1.445783132530120522e-03 1.334345845085701913e-02 1.510866329264662078e-01 1.519371992909597470e-03 6.279774794283239127e-03 2.275312855517633607e-04 2.712854757929883138e-03 1.092100473243538469e-03 2.677466531668354008e-02 6.773185133726988827e-03 3.373097490744549759e-02 3.873824017708909963e-03 1.289742051589681977e-02 3.792188092529389255e-04 2.885170225043277685e-03 1.204238921001926687e-03 3.954802259887005983e-02 0.000000000000000000e+00 9.544468546637744147e-03 0.000000000000000000e+00 5.736137667304015524e-03 0.000000000000000000e+00 3.216468317787069767e-04 1.500375093773443410e-04 5.270092226613965966e-03 0.000000000000000000e+00 0.000000000000000000e+00 0.000000000000000000e+00 8.657094594594594641e-03 0.000000000000000000e+00 7.352941176470588133e-03 0.000000000000000000e+00 1.864512119328775620e-03 0.000000000000000000e+00 4.457652303120356496e-04 2.676659528907923062e-04 5.166115846234127507e-02 1.634253963065860466e-04 3.691550451189499343e-02 1.137527016266636333e-04 2.070750647109577403e-03 1.322401481089658954e-04 8.328706274292060159e-04 0.000000000000000000e+00 6.593110871905274659e-03 2.856598743096552839e-04 1.902784985296661346e-02 8.688097306689834430e-04 3.674540682414698112e-03 2.252083176938668354e-03 3.729515916368431050e-02 2.719380817906076608e-03 5.380219780219780423e-02 0.000000000000000000e+00 6.557377049180327863e-03 2.369912416280267695e-03 8.192219679633867824e-02 0.000000000000000000e+00 0.000000000000000000e+00 1.134301270417422823e-04 1.255580357142857236e-03 0.000000000000000000e+00 0.000000000000000000e+00 0.000000000000000000e+00 1.430830634836960684e-03 0.000000000000000000e+00 5.586592178770949249e-04 0.000000000000000000e+00 9.617696561673479009e-04 1.616814874696847126e-03 4.968944099378882172e-03 3.505082369435681992e-04 3.893805309734513394e-03 1.102535832414553493e-03 6.169296987087517781e-02 8.143322475570032937e-04 2.336448598130840947e-03 4.742547425474254522e-03 3.352891869237217132e-03 1.102535832414553493e-03 0.000000000000000000e+00 1.326963906581740899e-03 2.455494168201350323e-03 4.791566842357451077e-04 3.458711629917855454e-03 0.000000000000000000e+00 1.269841269841269840e-03 1.639344262295082053e-02 4.494382022471910508e-03 0.000000000000000000e+00 0.000000000000000000e+00 8.968609865470851886e-03 0.000000000000000000e+00 0.000000000000000000e+00 0.000000000000000000e+00
1.804461942257217823e-03 0.000000000000000000e+00 1.053149606299212532e-01 1.312335958005249326e-03 0.000000000000000000e+00 4.091095049774990007e-03 1.586568083795440384e-02 5.074532191563590165e-04 2.707612456747404694e-01 8.330104610616040003e-03 6.730984967466905602e-04 3.989892272908631440e-04 7.653061224489795741e-03 4.883766360617308473e-04 1.422099169393405416e-01 5.672823218997361493e-03 3.250975292587776405e-04 0.000000000000000000e+00 5.356186395286555851e-04 2.808988764044944068e-04 9.825581395348836899e-02 1.445783132530120522e-03 2.473421566500325422e-02 2.828222685323012776e-03 2.003038743985819103e-01 1.017756604590731861e-02 2.343572241183162763e-01 2.921535893155258797e-03 2.269142094406018800e-02 1.124985937675779040e-04 2.066689822855157996e-02 3.976415741121623777e-03 1.660210293303818587e-03 9.998000399920015612e-05 0.000000000000000000e+00 0.000000000000000000e+00 4.816955684007707072e-04 0.000000000000000000e+00 0.000000000000000000e+00 0.000000000000000000e+00 0.000000000000000000e+00 0.000000000000000000e+00 1.850138760407030452e-04 0.000000000000000000e+00 3.000750187546886820e-04 0.000000000000000000e+00 6.537371976465460944e-04 0.000000000000000000e+00 0.000000000000000000e+00 0.000000000000000000e+00 4.144648222982074662e-04 0.000000000000000000e+00 3.191828917969996853e-04 0.000000000000000000e+00 0.000000000000000000e+00 0.000000000000000000e+00 0.000000000000000000e+00 0.000000000000000000e+00 0.000000000000000000e+00 0.000000000000000000e+00 9.100216130133090666e-04 0.000000000000000000e+00 5.289605924358635816e-04 0.000000000000000000e+00 9.815950920245399350e-04 0.000000000000000000e+00 5.713197486193105678e-04 0.000000000000000000e+00 0.000000000000000000e+00 0.000000000000000000e+00 3.460701148562420060e-02 5.022917059082062166e-04 3.210961196527559874e-02 2.637362637362637144e-04 0.000000000000000000e+00 0.000000000000000000e+00 1.648634724368882101e-03 0.000000000000000000e+00 0.000000000000000000e+00 0.000000000000000000e+00 6.805807622504536939e-04 0.000000000000000000e+00 1.865671641791044741e-03 0.000000000000000000e+00 1.044454598864155530e-03 0.000000000000000000e+00 1.311762133799737736e-03 0.000000000000000000e+00 1.124297314178638414e-03 0.000000000000000000e+00 0.000000000000000000e+00 0.000000000000000000e+00 0.000000000000000000e+00 0.000000000000000000e+00 0.000000000000000000e+00 0.000000000000000000e+00 0.000000000000000000e+00 0.000000000000000000e+00 0.000000000000000000e+00 0.000000000000000000e+00 0.000000000000000000e+00 0.000000000000000000e+00 0.000000000000000000e+00 0.000000000000000000e+00 0.000000000000000000e+00 0.000000000000000000e+00 0.000000000000000000e+00 0.000000000000000000e+00 0.000000000000000000e+00 2.247191011235955254e-03 0.000000000000000000e+00 0.000000000000000000e+00 0.000000000000000000e+00 0.000000000000000000e+00 0.000000000000000000e+00 0.000000000000000000e+00
0.000000000000000000e+00 4.091095049774990007e-04 2.181917359879994526e-03 6.573026046638483222e-02 4.091095049774990007e-03 0.000000000000000000e+00 9.242144177449168087e-04 2.327941642879797005e-02 4.613610149942330013e-03 2.704378148004649152e-01 2.243661655822302048e-04 1.196967681872589378e-03 9.718172983479105411e-04 8.302402813049423319e-03 1.761892776239617434e-03 1.720316622691292763e-01 0.000000000000000000e+00 1.718803712616019338e-04 3.213711837171933511e-04 1.123595505617977627e-03 1.511627906976744165e-02 1.228915662650602453e-01 5.315686699934909533e-03 7.085442095861863021e-02 7.343631299063053605e-03 1.273278475530532639e-01 1.137656427758816776e-03 1.688230383973288729e-01 2.426889940541196358e-04 1.552480593992575097e-02 1.128864188954498138e-02 2.385849444672974093e-02 1.383508577753181975e-04 2.099580083983203400e-03 0.000000000000000000e+00 1.154068090017310944e-03 0.000000000000000000e+00 0.000000000000000000e+00 0.000000000000000000e+00 0.000000000000000000e+00 0.000000000000000000e+00 0.000000000000000000e+00 0.000000000000000000e+00 0.000000000000000000e+00 0.000000000000000000e+00 1.097935880544576243e-04 0.000000000000000000e+00 0.000000000000000000e+00 0.000000000000000000e+00 1.055743243243243302e-04 0.000000000000000000e+00 7.580351728320194231e-05 0.000000000000000000e+00 4.661280298321939051e-04 0.000000000000000000e+00 0.000000000000000000e+00 0.000000000000000000e+00 8.697164724299878496e-05 0.000000000000000000e+00 3.076292042657916372e-04 0.000000000000000000e+00 0.000000000000000000e+00 0.000000000000000000e+00 0.000000000000000000e+00 0.000000000000000000e+00 1.076426264800861045e-03 0.000000000000000000e+00 6.054315862307559125e-04 0.000000000000000000e+00 2.624671916010498651e-04 4.203888596952180638e-03 3.528599234005148216e-02 3.137747097583934506e-04 2.232967032967032861e-02 0.000000000000000000e+00 1.639344262295082053e-02 0.000000000000000000e+00 2.631578947368420993e-03 0.000000000000000000e+00 0.000000000000000000e+00 0.000000000000000000e+00 5.580357142857142547e-04 0.000000000000000000e+00 0.000000000000000000e+00 0.000000000000000000e+00 3.765343775886738527e-04 0.000000000000000000e+00 0.000000000000000000e+00 0.000000000000000000e+00 2.404424140418369752e-04 0.000000000000000000e+00 0.000000000000000000e+00 0.000000000000000000e+00 0.000000000000000000e+00 0.000000000000000000e+00 1.434720229555236804e-03 0.000000000000000000e+00 0.000000000000000000e+00 0.000000000000000000e+00 0.000000000000000000e+00 0.000000000000000000e+00 0.000000000000000000e+00 0.000000000000000000e+00 0.000000000000000000e+00 0.000000000000000000e+00 0.000000000000000000e+00 0.000000000000000000e+00 0.000000000000000000e+00 0.000000000000000000e+00 0.000000000000000000e+00 0.000000000000000000e+00 0.000000000000000000e+00 0.000000000000000000e+00 0.000000000000000000e+00 0.000000000000000000e+00 0.000000000000000000e+00
8.086876155268021837e-02 8.471965495995071108e-04 3.237060998151571334e-01 9.088108441158348691e-03 1.586568083795440384e-02 9.242144177449168087e-04 0.000000000000000000e+00 1.370123691722169301e-02 5.853517877739330966e-02 2.905850445563734966e-03 1.110612519632039469e-01 9.974730682271578872e-03 2.247327502429543322e-01 7.227974213713616106e-03 1.006795872136924223e-02 1.187335092348284918e-03 5.851755526657997745e-03 1.375042970092815470e-03 1.692554900910551649e-02 5.430711610486891466e-03 0.000000000000000000e+00 4.819277108433734714e-04 2.147971360381861414e-02 9.973206311402202720e-03 1.012914661939731502e-03 4.330879168471199491e-04 1.592718998862343660e-03 0.000000000000000000e+00 1.601747360757189639e-02 1.687478906513668669e-03 1.146231330323028812e-02 1.590566296448649511e-02 4.288876591034864773e-03 4.199160167966406801e-03 1.516875237011755702e-03 0.000000000000000000e+00 8.670520231213871970e-03 5.844535359438924249e-04 4.962779156327543420e-04 0.000000000000000000e+00 0.000000000000000000e+00 0.000000000000000000e+00 1.480111008325624361e-03 0.000000000000000000e+00 3.300825206301575502e-03 1.097935880544576243e-04 4.358247984310307296e-04 0.000000000000000000e+00 5.572664613579704149e-03 1.055743243243243302e-04 6.527820951196767335e-03 0.000000000000000000e+00 1.915097350781998003e-03 0.000000000000000000e+00 1.756627275630788781e-03 0.000000000000000000e+00 1.409707351891506012e-02 0.000000000000000000e+00 5.393038078117339158e-03 1.025430680885972169e-04 1.694915254237288130e-02 0.000000000000000000e+00 3.438243850833112847e-03 1.388117712382010117e-04 3.263803680981595262e-02 0.000000000000000000e+00 4.760997905160921362e-03 2.594706798131810976e-04 1.520417028670721215e-03 0.000000000000000000e+00 1.014938818407026544e-01 1.695234507440195873e-03 3.597950005229578335e-02 3.868131868131867955e-03 9.389671361502347630e-03 0.000000000000000000e+00 2.751159196290571887e-02 3.546910755148741622e-03 0.000000000000000000e+00 0.000000000000000000e+00 4.537205081669691727e-03 0.000000000000000000e+00 0.000000000000000000e+00 0.000000000000000000e+00 2.447940466087864669e-02 7.530687551773476783e-05 0.000000000000000000e+00 0.000000000000000000e+00 2.573391630231105717e-02 0.000000000000000000e+00 4.042037186742117815e-04 4.140786749482401629e-04 3.505082369435681992e-04 3.539823008849557581e-04 1.102535832414553493e-03 1.434720229555236804e-03 0.000000000000000000e+00 0.000000000000000000e+00 6.775067750677506769e-04 0.000000000000000000e+00 0.000000000000000000e+00 0.000000000000000000e+00 1.592356687898089252e-03 3.069367710251687904e-04 4.791566842357451077e-04 0.000000000000000000e+00 0.000000000000000000e+00 0.000000000000000000e+00 0.000000000000000000e+00 4.494382022471910508e-03 0.000000000000000000e+00 0.000000000000000000e+00 4.484304932735425943e-03 0.000000000000000000e+00 0.000000000000000000e+00 0.000000000000000000e+00
3.044719314938154099e-03 7.643514113542658472e-02 8.816999682841738725e-03 2.686964795432921216e-01 5.074532191563590165e-04 2.327941642879797005e-02 1.370123691722169301e-02 0.000000000000000000e+00 2.883506343713956258e-03 1.561410306082913479e-01 8.077181960960288024e-03 1.129139513233142766e-01 1.190476190476190410e-02 2.181090056651689701e-01 1.761892776239617434e-03 1.781002638522427572e-02 2.275682704811443375e-03 8.422138191818494268e-03 1.456882699517943192e-02 3.885767790262172061e-02 0.000000000000000000e+00 0.000000000000000000e+00 2.364938164460837419e-02 1.741589758856802728e-02 1.266143327424664377e-03 1.515807708964919849e-03 1.820250284414106886e-03 5.634390651085141935e-03 2.548234437568256284e-03 1.439982000224997172e-02 8.162556443209447940e-03 1.768819415878239432e-02 5.949086884338683143e-03 6.598680263947210439e-03 0.000000000000000000e+00 0.000000000000000000e+00 1.204238921001926687e-03 6.039353204753555165e-03 0.000000000000000000e+00 1.735357917570498837e-03 0.000000000000000000e+00 0.000000000000000000e+00 0.000000000000000000e+00 1.179371716521925581e-03 0.000000000000000000e+00 5.379885814668423048e-03 2.179123992155153648e-04 2.599766021058105012e-04 0.000000000000000000e+00 1.087415540540540536e-02 0.000000000000000000e+00 1.614614918132201496e-02 0.000000000000000000e+00 4.195152268489744929e-03 0.000000000000000000e+00 1.783060921248142599e-03 2.676659528907923062e-04 2.069925204383370881e-02 1.634253963065860466e-04 1.035684987694831909e-02 4.550108065066545333e-04 1.708369283865401184e-02 2.644802962179317908e-04 3.886729594669628002e-03 0.000000000000000000e+00 3.310010764262648342e-02 3.808798324128737480e-04 6.573257221933921646e-03 6.516072980017376635e-04 7.874015748031495954e-04 5.404999624652804049e-03 8.972185596785332840e-02 5.020395356134295210e-03 3.525274725274725462e-02 0.000000000000000000e+00 3.278688524590163932e-03 5.770221535291087354e-03 3.363844393592677062e-02 0.000000000000000000e+00 1.506024096385542247e-03 0.000000000000000000e+00 6.138392857142857019e-03 0.000000000000000000e+00 0.000000000000000000e+00 0.000000000000000000e+00 1.619097823631297436e-02 0.000000000000000000e+00 0.000000000000000000e+00 0.000000000000000000e+00 1.130079345996633754e-02 4.042037186742117815e-04 2.070393374741200977e-03 0.000000000000000000e+00 1.061946902654867329e-03 0.000000000000000000e+00 8.608321377331419957e-03 0.000000000000000000e+00 0.000000000000000000e+00 0.000000000000000000e+00 8.382229673093042829e-04 0.000000000000000000e+00 0.000000000000000000e+00 2.653927813163481906e-04 0.000000000000000000e+00 0.000000000000000000e+00 8.646779074794638635e-04 0.000000000000000000e+00 6.349206349206349201e-04 0.000000000000000000e+00 2.247191011235955254e-03 0.000000000000000000e+00 0.000000000000000000e+00 0.000000000000000000e+00 0.000000000000000000e+00 0.000000000000000000e+00 0.000000000000000000e+00
2.595155709342560416e-03 0.000000000000000000e+00 7.583621683967704807e-02 1.441753171856978129e-03 2.707612456747404694e-01 4.613610149942330013e-03 5.853517877739330966e-02 2.883506343713956258e-03 0.000000000000000000e+00 5.617977528089887485e-03 8.974646623289208192e-04 1.329964090969543904e-04 5.539358600583090680e-02 4.883766360617308473e-04 1.849987415051598250e-01 2.638522427440633152e-03 9.752925877763329214e-04 0.000000000000000000e+00 6.427423674343867022e-04 9.363295880149813107e-05 5.813953488372092943e-03 0.000000000000000000e+00 3.146018659145150779e-03 2.530515034236379898e-03 2.785515320334261847e-03 2.165439584235599908e-03 7.963594994311717218e-03 6.260434056761268696e-04 8.979492780002427607e-03 1.124985937675779040e-04 3.820771101076762561e-03 3.565062388591800149e-03 0.000000000000000000e+00 0.000000000000000000e+00 0.000000000000000000e+00 0.000000000000000000e+00 4.816955684007707072e-04 0.000000000000000000e+00 0.000000000000000000e+00 0.000000000000000000e+00 0.000000000000000000e+00 0.000000000000000000e+00 0.000000000000000000e+00 0.000000000000000000e+00 0.000000000000000000e+00 0.000000000000000000e+00 4.358247984310307296e-04 0.000000000000000000e+00 0.000000000000000000e+00 0.000000000000000000e+00 0.000000000000000000e+00 0.000000000000000000e+00 0.000000000000000000e+00 0.000000000000000000e+00 1.596933886937080833e-04 0.000000000000000000e+00 5.353319057815846124e-04 0.000000000000000000e+00 0.000000000000000000e+00 0.000000000000000000e+00 5.687635081333182073e-04 0.000000000000000000e+00 3.967204443268976320e-04 0.000000000000000000e+00 7.361963190184049512e-04 0.000000000000000000e+00 0.000000000000000000e+00 8.649022660439370372e-05 0.000000000000000000e+00 0.000000000000000000e+00 1.531416560318294394e-02 1.255729264770515542e-04 2.227800439284593689e-02 0.000000000000000000e+00 0.000000000000000000e+00 0.000000000000000000e+00 4.430705821741370322e-03 0.000000000000000000e+00 0.000000000000000000e+00 0.000000000000000000e+00 1.134301270417422932e-03 0.000000000000000000e+00 0.000000000000000000e+00 0.000000000000000000e+00 9.791761864351459718e-04 0.000000000000000000e+00 0.000000000000000000e+00 0.000000000000000000e+00 8.744534665833853969e-04 0.000000000000000000e+00 4.042037186742117815e-04 0.000000000000000000e+00 7.010164738871363984e-04 0.000000000000000000e+00 0.000000000000000000e+00 0.000000000000000000e+00 0.000000000000000000e+00 0.000000000000000000e+00 0.000000000000000000e+00 0.000000000000000000e+00 0.000000000000000000e+00 0.000000000000000000e+00 0.000000000000000000e+00 0.000000000000000000e+00 4.791566842357451077e-04 0.000000000000000000e+00 0.000000000000000000e+00 6.349206349206349201e-04 0.000000000000000000e+00 0.000000000000000000e+00 0.000000000000000000e+00 0.000000000000000000e+00 0.000000000000000000e+00 0.000000000000000000e+00 0.000000000000000000e+00 0.000000000000000000e+00
0.000000000000000000e+00 1.549786904300658706e-03 3.099573808601317412e-03 2.169701666020922015e-02 8.330104610616040003e-03 2.704378148004649152e-01 2.905850445563734966e-03 1.561410306082913479e-01 5.617977528089887485e-03 0.000000000000000000e+00 2.243661655822302048e-04 5.186859954781220493e-03 7.288629737609329329e-04 3.838640359445204264e-02 3.272086584445003683e-03 1.701846965699208569e-01 0.000000000000000000e+00 1.031282227569611494e-03 0.000000000000000000e+00 9.363295880149812836e-04 1.744186046511627883e-03 9.156626506024096931e-03 5.098719895855934395e-03 5.805299196189342426e-03 1.139528994682197961e-02 6.279774794283239127e-03 2.957906712172923662e-03 2.045075125208681288e-02 3.640334910811794536e-04 1.124985937675779084e-02 9.204584925321291841e-03 7.404360345536815761e-03 0.000000000000000000e+00 5.998800239952009096e-04 0.000000000000000000e+00 5.770340450086554719e-04 0.000000000000000000e+00 0.000000000000000000e+00 0.000000000000000000e+00 0.000000000000000000e+00 0.000000000000000000e+00 0.000000000000000000e+00 0.000000000000000000e+00 1.072156105929023256e-04 0.000000000000000000e+00 0.000000000000000000e+00 0.000000000000000000e+00 0.000000000000000000e+00 0.000000000000000000e+00 0.000000000000000000e+00 0.000000000000000000e+00 7.580351728320194231e-05 0.000000000000000000e+00 1.553760099440646260e-04 0.000000000000000000e+00 0.000000000000000000e+00 0.000000000000000000e+00 1.739432944859975699e-04 0.000000000000000000e+00 2.050861361771944339e-04 0.000000000000000000e+00 5.176876617773943506e-04 0.000000000000000000e+00 4.164353137146030079e-04 0.000000000000000000e+00 6.727664155005382614e-04 0.000000000000000000e+00 8.649022660439370372e-05 0.000000000000000000e+00 0.000000000000000000e+00 3.678402522333158384e-03 1.312237081685188600e-02 4.183662796778579523e-04 1.098901098901098987e-02 0.000000000000000000e+00 3.278688524590163932e-03 1.030396702730551313e-04 2.517162471395880969e-03 0.000000000000000000e+00 0.000000000000000000e+00 1.134301270417422823e-04 2.092633928571428509e-03 0.000000000000000000e+00 0.000000000000000000e+00 0.000000000000000000e+00 9.789893817305521037e-04 0.000000000000000000e+00 0.000000000000000000e+00 0.000000000000000000e+00 9.617696561673479009e-04 0.000000000000000000e+00 0.000000000000000000e+00 0.000000000000000000e+00 0.000000000000000000e+00 0.000000000000000000e+00 0.000000000000000000e+00 0.000000000000000000e+00 0.000000000000000000e+00 0.000000000000000000e+00 0.000000000000000000e+00 0.000000000000000000e+00 0.000000000000000000e+00 0.000000000000000000e+00 3.069367710251687904e-04 0.000000000000000000e+00 4.323389537397319318e-04 0.000000000000000000e+00 0.000000000000000000e+00 0.000000000000000000e+00 0.000000000000000000e+00 0.000000000000000000e+00 0.000000000000000000e+00 0.000000000000000000e+00 0.000000000000000000e+00 0.000000000000000000e+00 0.000000000000000000e+00
1.644603993717747292e-01 1.121830827911150970e-03 4.936055642809064614e-02 2.243661655822301940e-03 6.730984967466905602e-04 2.243661655822302048e-04 1.110612519632039469e-01 8.077181960960288024e-03 8.974646623289208192e-04 2.243661655822302048e-04 0.000000000000000000e+00 3.590903045617768134e-03 8.430515063168124434e-02 9.767532721234616945e-04 2.013591744273848620e-03 0.000000000000000000e+00 6.014304291287386056e-02 0.000000000000000000e+00 2.592394215318693032e-02 2.247191011235955254e-03 0.000000000000000000e+00 0.000000000000000000e+00 1.225862443046213911e-02 4.465614766299493715e-04 2.532286654849328755e-04 0.000000000000000000e+00 2.275312855517633607e-04 0.000000000000000000e+00 5.533309064433927782e-02 3.374957813027337121e-04 2.257728377908996276e-03 2.742355683532154195e-03 2.213613724405091160e-03 7.998400319936012489e-04 0.000000000000000000e+00 0.000000000000000000e+00 1.926782273603082829e-03 1.948178453146308083e-04 0.000000000000000000e+00 0.000000000000000000e+00 0.000000000000000000e+00 0.000000000000000000e+00 0.000000000000000000e+00 0.000000000000000000e+00 1.500375093773443410e-04 1.097935880544576243e-04 0.000000000000000000e+00 0.000000000000000000e+00 0.000000000000000000e+00 0.000000000000000000e+00 0.000000000000000000e+00 7.580351728320194231e-05 0.000000000000000000e+00 0.000000000000000000e+00 1.596933886937080833e-04 0.000000000000000000e+00 4.371877230549607758e-03 0.000000000000000000e+00 6.537015852263441864e-04 1.025430680885972169e-04 8.303947218746445327e-03 0.000000000000000000e+00 3.041523406506215377e-03 0.000000000000000000e+00 1.079754601226993842e-02 0.000000000000000000e+00 8.569796229289659058e-04 8.649022660439370372e-05 0.000000000000000000e+00 0.000000000000000000e+00 4.053749718489602777e-02 5.022917059082062166e-04 5.438761635812153217e-03 6.153846153846154058e-04 2.347417840375586907e-03 0.000000000000000000e+00 2.060793405461102627e-03 6.864988558352402544e-04 0.000000000000000000e+00 0.000000000000000000e+00 1.701451905626134289e-03 0.000000000000000000e+00 0.000000000000000000e+00 0.000000000000000000e+00 3.459755858737515680e-03 0.000000000000000000e+00 4.372540445999125607e-04 0.000000000000000000e+00 2.123672704559650265e-03 0.000000000000000000e+00 4.042037186742117815e-04 0.000000000000000000e+00 0.000000000000000000e+00 0.000000000000000000e+00 0.000000000000000000e+00 0.000000000000000000e+00 0.000000000000000000e+00 0.000000000000000000e+00 0.000000000000000000e+00 0.000000000000000000e+00 0.000000000000000000e+00 0.000000000000000000e+00 2.653927813163481906e-04 0.000000000000000000e+00 0.000000000000000000e+00 4.323389537397319318e-04 0.000000000000000000e+00 0.000000000000000000e+00 0.000000000000000000e+00 0.000000000000000000e+00 0.000000000000000000e+00 0.000000000000000000e+00 0.000000000000000000e+00 0.000000000000000000e+00 0.000000000000000000e+00 0.000000000000000000e+00
1.595956909163452576e-03 1.123819656869264466e-01 5.718845591169038380e-03 3.471206277430509413e-02 3.989892272908631440e-04 1.196967681872589378e-03 9.974730682271578872e-03 1.129139513233142766e-01 1.329964090969543904e-04 5.186859954781220493e-03 3.590903045617768134e-03 0.000000000000000000e+00 3.158406219630709340e-03 1.737644071107638244e-01 0.000000000000000000e+00 6.596306068601583313e-03 6.501950585175552810e-04 8.250257820556892996e-02 6.213176218532404788e-03 1.975655430711610594e-02 0.000000000000000000e+00 0.000000000000000000e+00 5.207203297895422398e-03 5.805299196189342426e-03 0.000000000000000000e+00 0.000000000000000000e+00 0.000000000000000000e+00 0.000000000000000000e+00 8.494114791894187251e-04 6.074924063449206602e-02 2.778742618964918226e-03 2.879473467708761926e-03 1.936912008854454982e-03 8.298340331933613812e-03 0.000000000000000000e+00 5.770340450086554719e-04 0.000000000000000000e+00 1.168907071887784850e-03 0.000000000000000000e+00 4.338394793926247093e-04 0.000000000000000000e+00 0.000000000000000000e+00 0.000000000000000000e+00 1.072156105929023256e-04 1.500375093773443410e-04 1.097935880544576243e-04 0.000000000000000000e+00 0.000000000000000000e+00 0.000000000000000000e+00 7.390202702702703113e-04 0.000000000000000000e+00 2.198302001212856273e-03 0.000000000000000000e+00 6.215040397762585040e-04 0.000000000000000000e+00 4.457652303120356496e-04 8.922198429693076421e-05 9.045051313271873852e-03 1.634253963065860466e-04 1.640689089417555471e-03 0.000000000000000000e+00 9.318377911993098311e-03 0.000000000000000000e+00 1.263187118267629014e-02 0.000000000000000000e+00 4.440258342303552569e-03 1.904399162064368740e-04 9.513924926483307816e-04 0.000000000000000000e+00 5.249343832020997302e-04 3.002777569251557661e-03 4.671312864946317728e-02 4.183662796778579523e-04 1.178021978021978090e-02 0.000000000000000000e+00 0.000000000000000000e+00 1.545595054095826862e-03 9.382151029748283730e-03 0.000000000000000000e+00 7.530120481927710802e-03 0.000000000000000000e+00 2.859933035714285615e-02 0.000000000000000000e+00 5.425935973955507393e-04 0.000000000000000000e+00 1.551321635665336290e-02 0.000000000000000000e+00 1.117318435754189850e-03 1.249219237976264814e-04 2.007694157249338696e-02 0.000000000000000000e+00 0.000000000000000000e+00 0.000000000000000000e+00 3.539823008849557581e-04 0.000000000000000000e+00 4.304160688665709979e-03 0.000000000000000000e+00 0.000000000000000000e+00 0.000000000000000000e+00 0.000000000000000000e+00 0.000000000000000000e+00 0.000000000000000000e+00 0.000000000000000000e+00 0.000000000000000000e+00 0.000000000000000000e+00 0.000000000000000000e+00 0.000000000000000000e+00 0.000000000000000000e+00 0.000000000000000000e+00 0.000000000000000000e+00 0.000000000000000000e+00 0.000000000000000000e+00 0.000000000000000000e+00 0.000000000000000000e+00 0.000000000000000000e+00 0.000000000000000000e+00
3.036929057337220753e-02 1.214771622934888176e-04 4.154518950437317837e-02 8.381924198250729000e-03 7.653061224489795741e-03 9.718172983479105411e-04 2.247327502429543322e-01 1.190476190476190410e-02 5.539358600583090680e-02 7.288629737609329329e-04 8.430515063168124434e-02 3.158406219630709340e-03 0.000000000000000000e+00 6.739597577651885475e-03 1.797130631764409792e-01 1.451187335092348233e-03 1.853055916775032605e-02 0.000000000000000000e+00 8.784145688269951596e-03 7.490636704119850485e-04 1.744186046511627883e-03 0.000000000000000000e+00 2.657843349967455027e-02 5.656445370646025553e-03 7.596859964547987348e-04 2.165439584235599746e-04 2.275312855517633607e-04 2.086811352253756322e-04 9.646887513651256074e-02 1.012487343908201245e-03 4.341785342132684945e-03 7.678595913890031224e-03 4.565578306585500734e-03 9.998000399920015883e-04 1.896094046264694627e-03 0.000000000000000000e+00 1.926782273603082829e-03 0.000000000000000000e+00 4.962779156327543420e-04 0.000000000000000000e+00 0.000000000000000000e+00 0.000000000000000000e+00 0.000000000000000000e+00 0.000000000000000000e+00 1.500375093773443410e-04 1.097935880544576243e-04 0.000000000000000000e+00 0.000000000000000000e+00 5.865962751136529884e-04 1.055743243243243302e-04 5.180810278727593192e-04 0.000000000000000000e+00 0.000000000000000000e+00 0.000000000000000000e+00 1.596933886937080833e-04 0.000000000000000000e+00 6.334760885082084056e-03 0.000000000000000000e+00 1.470828566759274474e-03 0.000000000000000000e+00 1.524286201797292635e-02 1.725625539257980988e-04 8.066649034646919403e-03 0.000000000000000000e+00 1.276073619631901829e-02 0.000000000000000000e+00 1.904399162064368631e-03 8.649022660439370372e-05 6.516072980017376635e-04 0.000000000000000000e+00 6.538548157045266651e-02 6.278646323852577708e-04 3.284175295471185307e-02 1.934065934065933978e-03 7.042253521126760722e-03 0.000000000000000000e+00 2.390520350334878960e-02 1.029748283752860436e-03 1.237623762376237639e-03 0.000000000000000000e+00 8.847549909255897696e-03 0.000000000000000000e+00 0.000000000000000000e+00 0.000000000000000000e+00 1.070565963835759526e-02 0.000000000000000000e+00 4.372540445999125607e-04 0.000000000000000000e+00 6.121174266083697670e-03 0.000000000000000000e+00 1.212611156022635507e-03 8.281573498964803258e-04 3.505082369435681992e-04 0.000000000000000000e+00 2.205071664829106985e-03 1.434720229555236804e-03 0.000000000000000000e+00 0.000000000000000000e+00 1.355013550135501354e-03 8.382229673093042829e-04 0.000000000000000000e+00 0.000000000000000000e+00 2.653927813163481906e-04 3.069367710251687904e-04 4.791566842357451077e-04 4.323389537397319318e-04 0.000000000000000000e+00 0.000000000000000000e+00 0.000000000000000000e+00 4.494382022471910508e-03 0.000000000000000000e+00 0.000000000000000000e+00 0.000000000000000000e+00 0.000000000000000000e+00 0.000000000000000000e+00 0.000000000000000000e+00
