2.675111976309611506e-01 4.917019918433176429e-01 3.510165371666424394e-01 5.049987084854729025e-01 3.966231108138552619e-01 0.000000000000000000e+00 3.373083627688753250e-01 4.930640788113596629e-01 3.666081040620803311e-01 0.000000000000000000e+00 3.348030762677818850e-01 4.869752737104201534e-01 3.746731547467603285e-01 0.000000000000000000e+00 4.129906507134331606e-01 0.000000000000000000e+00 2.985631018537546755e-01 4.882127868485643396e-01 3.517235071085290099e-01 5.047039468865442968e-01 0.000000000000000000e+00 0.000000000000000000e+00 4.165347266641023505e-01 4.686019400154803893e-01 0.000000000000000000e+00 0.000000000000000000e+00 4.065547884535004597e-01 0.000000000000000000e+00 4.013428701427689260e-01 5.064611127266913648e-01 4.719728666922011762e-01 4.668983872232764232e-01 4.610616815938760604e-01 4.891041420479335655e-01 0.000000000000000000e+00 0.000000000000000000e+00 4.965555563045726539e-01 5.328072468486665381e-01 0.000000000000000000e+00 0.000000000000000000e+00 4.105385639819331689e-01 0.000000000000000000e+00 4.438913712121211885e-01 0.000000000000000000e+00 4.575608393924783801e-01 0.000000000000000000e+00 0.000000000000000000e+00 0.000000000000000000e+00 4.222538371954440151e-01 0.000000000000000000e+00 4.204265029072065118e-01 4.882061865530303857e-01 4.153992172343268230e-01 0.000000000000000000e+00 4.118955220989990451e-01 0.000000000000000000e+00 3.155354123445404113e-01 4.870303834429373646e-01 4.203168696912215063e-01 4.917283710788639683e-01 4.250659939281191124e-01 4.614508875183100933e-01 3.875272942173733637e-01 4.717183625656691803e-01 4.339476555529734880e-01 5.293443635531134284e-01 4.096100627005894168e-01 4.871528323724985676e-01 3.279163428449326512e-01 4.887217615685771621e-01 3.841923960501668067e-01 5.061242398630136918e-01 3.929360229168256669e-01 4.843436237690472712e-01 3.887149650463712636e-01 0.000000000000000000e+00 3.997523169555407541e-01 4.812817864925684197e-01 4.122794693330548710e-01 0.000000000000000000e+00 3.389682025650332386e-01 5.263375420560748585e-01 0.000000000000000000e+00 0.000000000000000000e+00 4.344697996919257288e-01 4.883749801136363367e-01 0.000000000000000000e+00 0.000000000000000000e+00 4.333515536630493381e-01 4.630457554093437844e-01 4.391787678474560197e-01 4.268839421933537381e-01 4.220646870150362995e-01 0.000000000000000000e+00 4.547818969562542613e-01 4.494473717060623597e-01 4.871298979229343740e-01 0.000000000000000000e+00 5.058857971962334998e-01 0.000000000000000000e+00 4.067286718750000585e-01 0.000000000000000000e+00 4.326656386375234420e-01 4.267550857142857201e-01 0.000000000000000000e+00 0.000000000000000000e+00 0.000000000000000000e+00 0.000000000000000000e+00 4.230624898304398140e-01 0.000000000000000000e+00 4.832735838709676934e-01 0.000000000000000000e+00 0.000000000000000000e+00 0.000000000000000000e+00 0.000000000000000000e+00 0.000000000000000000e+00
4.917019918433176429e-01 2.834252183576131956e-01 4.992101073404594525e-01 3.658618275075524728e-01 0.000000000000000000e+00 3.309132233333333950e-01 4.836431984463079314e-01 3.189573457347275598e-01 0.000000000000000000e+00 3.719320560987542934e-01 4.729951474681938772e-01 3.580797933552755108e-01 4.514751792598395430e-01 3.815580650184024480e-01 0.000000000000000000e+00 3.557133332793394054e-01 4.810826645823936265e-01 3.150946172313406901e-01 5.058310960571447135e-01 3.861848089666092276e-01 0.000000000000000000e+00 0.000000000000000000e+00 4.862698632791061515e-01 4.476192006089884656e-01 0.000000000000000000e+00 0.000000000000000000e+00 0.000000000000000000e+00 0.000000000000000000e+00 4.700091274509804462e-01 4.325365177894829882e-01 4.660836107658340444e-01 4.355131228070175387e-01 5.046894364668256250e-01 4.672130409610921187e-01 4.819231208955223611e-01 0.000000000000000000e+00 5.047178604282315240e-01 5.288435684890623323e-01 0.000000000000000000e+00 5.031496878899289760e-01 0.000000000000000000e+00 4.265769529352226308e-01 0.000000000000000000e+00 0.000000000000000000e+00 0.000000000000000000e+00 4.423188778781627084e-01 0.000000000000000000e+00 4.185901840579709932e-01 5.048383676470588055e-01 4.340435322367562354e-01 0.000000000000000000e+00 4.183736740636664342e-01 0.000000000000000000e+00 4.152535122312200344e-01 0.000000000000000000e+00 4.222732541831017983e-01 4.772294592885735764e-01 2.988302420035827689e-01 4.795675755057961509e-01 4.229434151644729245e-01 4.640746351792028879e-01 3.948436750697069675e-01 4.592892715217199440e-01 4.088451480974727437e-01 0.000000000000000000e+00 4.145444660098643874e-01 4.875615938544246575e-01 3.139909091066017677e-01 4.972371259001051591e-01 2.846522067580214976e-01 4.849048666235378224e-01 3.917911582722662378e-01 4.778990727323308429e-01 4.410818322974677241e-01 0.000000000000000000e+00 0.000000000000000000e+00 4.694524098645984078e-01 4.146145483537461707e-01 0.000000000000000000e+00 4.510743203564727688e-01 4.873975737540013897e-01 4.407905228118438878e-01 0.000000000000000000e+00 0.000000000000000000e+00 4.698482173832468356e-01 4.353456837810506519e-01 0.000000000000000000e+00 4.080826515151515510e-01 0.000000000000000000e+00 4.429007046357198996e-01 4.941963795620437638e-01 4.645827896829330395e-01 0.000000000000000000e+00 4.613261017265583575e-01 4.706241260603927778e-01 4.495979746936469845e-01 0.000000000000000000e+00 5.205268784154861716e-01 0.000000000000000000e+00 4.829120216534633636e-01 0.000000000000000000e+00 4.623684336429993436e-01 0.000000000000000000e+00 4.366079644652179348e-01 0.000000000000000000e+00 4.260926217166112195e-01 0.000000000000000000e+00 4.174603063063063169e-01 4.459806236201986906e-01 4.645687639967896465e-01 5.074946204379562342e-01 5.241803775362319229e-01 0.000000000000000000e+00 0.000000000000000000e+00 0.000000000000000000e+00 0.000000000000000000e+00
3.510165371666424394e-01 4.992101073404594525e-01 2.441997304259704848e-01 4.712627666532256399e-01 2.199788585183527767e-01 4.495189920726300192e-01 2.964753044248399916e-01 4.568497172751534441e-01 2.733598012269276012e-01 4.350877097991967535e-01 3.934549474319729012e-01 4.715968300984416661e-01 3.543892604318477080e-01 4.439074563040874555e-01 3.374757316564138687e-01 4.300033755186464246e-01 3.910006771976143880e-01 5.015332035225709140e-01 2.998242139636991821e-01 5.030475898957622594e-01 3.670896930153714766e-01 0.000000000000000000e+00 2.774642735031284668e-01 4.557843891598070685e-01 2.290208585839287603e-01 4.347563509252567182e-01 2.860814684423205190e-01 4.413851684210526871e-01 3.649467146917546589e-01 4.852052392638162570e-01 3.881267899251725773e-01 4.534954398501123696e-01 4.323474244552796830e-01 4.833817875253557106e-01 5.138821315789474653e-01 4.264207042253520541e-01 4.657690027737266258e-01 0.000000000000000000e+00 0.000000000000000000e+00 0.000000000000000000e+00 4.100658413606147468e-01 0.000000000000000000e+00 0.000000000000000000e+00 0.000000000000000000e+00 4.514958444418426531e-01 4.842476190476190379e-01 0.000000000000000000e+00 0.000000000000000000e+00 4.383169910299966054e-01 0.000000000000000000e+00 4.137067342558131688e-01 0.000000000000000000e+00 3.918448204095950627e-01 0.000000000000000000e+00 3.969513253673760400e-01 0.000000000000000000e+00 4.051716999261192331e-01 4.667444821903886654e-01 4.310887918827973619e-01 5.166446859012653325e-01 4.234232755015532867e-01 0.000000000000000000e+00 3.974737710485546360e-01 4.680120666511753957e-01 4.112144693874248413e-01 0.000000000000000000e+00 4.329929356306332910e-01 4.961507030626780002e-01 3.878658962752643546e-01 4.514571842105263855e-01 3.832426645518682840e-01 4.847826040339423548e-01 3.767473489347072380e-01 4.877788355098953699e-01 3.653146608548031860e-01 0.000000000000000000e+00 4.011730324568523187e-01 4.610660279353616109e-01 4.281288246798010677e-01 0.000000000000000000e+00 3.872488874221780009e-01 4.761319552839835545e-01 4.084025168539326400e-01 0.000000000000000000e+00 3.926170632709566344e-01 5.002045492679859651e-01 0.000000000000000000e+00 4.573440312500000049e-01 3.772507783098351664e-01 4.438568283582089435e-01 4.216585361779180974e-01 4.291032945736434345e-01 4.228354402251813804e-01 4.188487122302158028e-01 4.369469394064985357e-01 4.138942666666665660e-01 0.000000000000000000e+00 0.000000000000000000e+00 4.637631484071484400e-01 0.000000000000000000e+00 4.077830314960629310e-01 4.289795460375885328e-01 3.638289189189188866e-01 4.375929729773009313e-01 0.000000000000000000e+00 0.000000000000000000e+00 0.000000000000000000e+00 0.000000000000000000e+00 4.030837957073374889e-01 0.000000000000000000e+00 0.000000000000000000e+00 4.318761760000000560e-01 0.000000000000000000e+00 0.000000000000000000e+00 0.000000000000000000e+00 0.000000000000000000e+00
5.049987084854729025e-01 3.658618275075524728e-01 4.712627666532256399e-01 2.562443196669869638e-01 4.607930113621719337e-01 2.627295339142151076e-01 4.631499527614698075e-01 3.135321938559467170e-01 4.438246258194147864e-01 3.137817270143625215e-01 4.700630017583752873e-01 4.062235434533394973e-01 4.464704327241098003e-01 3.713545194131587790e-01 4.200940358397902141e-01 3.635742832101696020e-01 4.686417717501585312e-01 4.189658354150915254e-01 5.067337186662066451e-01 2.971591226931944996e-01 3.256739154929578217e-01 0.000000000000000000e+00 4.663532290485746246e-01 2.564458767716995546e-01 4.420328439705339396e-01 3.009642148432992714e-01 4.888563188102977297e-01 3.217437093311257268e-01 4.699384577420172016e-01 4.034016803010043728e-01 4.424253500674980022e-01 3.728296268260499202e-01 4.916073357138418531e-01 4.278053756335326030e-01 0.000000000000000000e+00 4.675849289681905385e-01 5.154404607843137143e-01 4.946918557421912666e-01 0.000000000000000000e+00 4.839890607437642989e-01 0.000000000000000000e+00 4.057948933531745905e-01 0.000000000000000000e+00 4.813346838965391616e-01 0.000000000000000000e+00 4.427065793510828740e-01 0.000000000000000000e+00 4.559366465517241118e-01 0.000000000000000000e+00 4.439005911093942269e-01 0.000000000000000000e+00 4.494848192007571686e-01 0.000000000000000000e+00 4.382628662665048469e-01 0.000000000000000000e+00 4.419156918305802151e-01 4.827569219816221779e-01 4.170267996381812892e-01 0.000000000000000000e+00 4.425078171832018126e-01 4.838467493788820573e-01 4.140807647894065302e-01 0.000000000000000000e+00 4.049731258989049398e-01 4.601681888111887053e-01 4.353108778576678661e-01 4.941266236923311794e-01 4.478214397033771776e-01 4.757917602811352897e-01 3.907505732504423235e-01 4.601133377210605557e-01 3.876394589709029059e-01 4.622613060919503192e-01 3.926155767897286930e-01 0.000000000000000000e+00 3.933880862068964701e-01 4.790019717734002036e-01 4.149386428461590004e-01 0.000000000000000000e+00 0.000000000000000000e+00 0.000000000000000000e+00 4.384117196754118706e-01 0.000000000000000000e+00 4.138854781029914776e-01 4.062911323529411756e-01 4.160570138012659180e-01 0.000000000000000000e+00 4.093154353095316278e-01 0.000000000000000000e+00 3.954644133312904541e-01 4.541012230215827339e-01 4.351774658172394283e-01 4.360319866929985300e-01 4.272118181607210130e-01 4.561766944105387633e-01 4.394994373917524566e-01 0.000000000000000000e+00 0.000000000000000000e+00 0.000000000000000000e+00 5.159734140625000798e-01 0.000000000000000000e+00 4.354063095238095427e-01 4.023688571428571392e-01 4.031401171806447969e-01 4.187537583333333369e-01 4.378257192982455970e-01 0.000000000000000000e+00 0.000000000000000000e+00 4.164090947368421225e-01 4.386573484376333210e-01 0.000000000000000000e+00 0.000000000000000000e+00 0.000000000000000000e+00 0.000000000000000000e+00 0.000000000000000000e+00 0.000000000000000000e+00
3.966231108138552619e-01 0.000000000000000000e+00 2.199788585183527767e-01 4.607930113621719337e-01 2.099344412577792141e-01 4.424739079128756636e-01 3.110853652005624026e-01 4.393144992766838675e-01 2.016085541444750107e-01 4.467859493844228425e-01 0.000000000000000000e+00 0.000000000000000000e+00 3.160057488450137564e-01 4.581174743346818068e-01 2.965099869031839197e-01 4.503878222688558197e-01 3.345904453601953321e-01 0.000000000000000000e+00 3.735673901724138601e-01 4.800516929133858413e-01 3.054060858337134809e-01 4.509502375345622593e-01 2.950615440093385389e-01 4.496352089509251249e-01 2.613763653592160452e-01 4.387038830023324842e-01 2.498138321018995855e-01 4.322898492283683280e-01 3.349099616907013632e-01 0.000000000000000000e+00 3.813005568014636859e-01 4.314301069142950085e-01 3.848662161125320225e-01 0.000000000000000000e+00 0.000000000000000000e+00 0.000000000000000000e+00 0.000000000000000000e+00 0.000000000000000000e+00 0.000000000000000000e+00 0.000000000000000000e+00 0.000000000000000000e+00 0.000000000000000000e+00 4.863070937499999746e-01 0.000000000000000000e+00 0.000000000000000000e+00 0.000000000000000000e+00 0.000000000000000000e+00 0.000000000000000000e+00 0.000000000000000000e+00 0.000000000000000000e+00 3.556634179104478100e-01 0.000000000000000000e+00 0.000000000000000000e+00 0.000000000000000000e+00 0.000000000000000000e+00 0.000000000000000000e+00 4.290835735294117881e-01 0.000000000000000000e+00 0.000000000000000000e+00 0.000000000000000000e+00 4.038209391969907469e-01 0.000000000000000000e+00 0.000000000000000000e+00 0.000000000000000000e+00 0.000000000000000000e+00 0.000000000000000000e+00 0.000000000000000000e+00 0.000000000000000000e+00 0.000000000000000000e+00 0.000000000000000000e+00 3.443354122218567626e-01 4.303053838709677281e-01 3.695661779023171056e-01 0.000000000000000000e+00 3.435998746438745921e-01 0.000000000000000000e+00 3.543641181489931569e-01 0.000000000000000000e+00 0.000000000000000000e+00 0.000000000000000000e+00 4.028353499999999809e-01 0.000000000000000000e+00 3.495238928571428594e-01 0.000000000000000000e+00 3.955090431246175986e-01 0.000000000000000000e+00 3.514460909090909024e-01 0.000000000000000000e+00 4.036238429284672025e-01 0.000000000000000000e+00 0.000000000000000000e+00 0.000000000000000000e+00 0.000000000000000000e+00 0.000000000000000000e+00 4.126864537037036595e-01 0.000000000000000000e+00 0.000000000000000000e+00 0.000000000000000000e+00 0.000000000000000000e+00 0.000000000000000000e+00 0.000000000000000000e+00 0.000000000000000000e+00 0.000000000000000000e+00 3.655601260504200978e-01 0.000000000000000000e+00 0.000000000000000000e+00 0.000000000000000000e+00 0.000000000000000000e+00 0.000000000000000000e+00 0.000000000000000000e+00 0.000000000000000000e+00 0.000000000000000000e+00 0.000000000000000000e+00 0.000000000000000000e+00 0.000000000000000000e+00 0.000000000000000000e+00
0.000000000000000000e+00 3.309132233333333950e-01 4.495189920726300192e-01 2.627295339142151076e-01 4.424739079128756636e-01 1.849087902575926867e-01 4.283452182137064135e-01 2.713410941347747518e-01 4.158280944676878144e-01 2.044352288504387716e-01 0.000000000000000000e+00 3.458430344827586600e-01 4.293436006583506437e-01 3.361963629797567465e-01 4.378375263157895936e-01 2.018909752535514857e-01 0.000000000000000000e+00 0.000000000000000000e+00 0.000000000000000000e+00 3.527361058469276611e-01 3.648817716921584631e-01 2.638015557793739752e-01 4.232024890669479067e-01 2.667233809602416184e-01 4.314614896603876648e-01 2.052248645314949382e-01 4.110217857682155751e-01 1.879989883886577229e-01 4.392224109589041303e-01 2.956545894212497805e-01 3.897948830684759836e-01 3.568510547403903055e-01 0.000000000000000000e+00 4.029483102994187438e-01 0.000000000000000000e+00 0.000000000000000000e+00 0.000000000000000000e+00 0.000000000000000000e+00 0.000000000000000000e+00 0.000000000000000000e+00 0.000000000000000000e+00 0.000000000000000000e+00 0.000000000000000000e+00 0.000000000000000000e+00 0.000000000000000000e+00 0.000000000000000000e+00 0.000000000000000000e+00 0.000000000000000000e+00 0.000000000000000000e+00 0.000000000000000000e+00 0.000000000000000000e+00 0.000000000000000000e+00 0.000000000000000000e+00 0.000000000000000000e+00 0.000000000000000000e+00 0.000000000000000000e+00 0.000000000000000000e+00 0.000000000000000000e+00 0.000000000000000000e+00 0.000000000000000000e+00 0.000000000000000000e+00 0.000000000000000000e+00 0.000000000000000000e+00 0.000000000000000000e+00 0.000000000000000000e+00 0.000000000000000000e+00 0.000000000000000000e+00 4.739843729043222154e-01 0.000000000000000000e+00 0.000000000000000000e+00 3.707838626297944029e-01 2.937770292310180054e-01 4.190955402298850441e-01 3.227309306246657350e-01 0.000000000000000000e+00 0.000000000000000000e+00 0.000000000000000000e+00 3.696454652815612252e-01 0.000000000000000000e+00 0.000000000000000000e+00 0.000000000000000000e+00 0.000000000000000000e+00 0.000000000000000000e+00 0.000000000000000000e+00 0.000000000000000000e+00 3.562444440942269530e-01 0.000000000000000000e+00 0.000000000000000000e+00 0.000000000000000000e+00 4.149765248226950365e-01 0.000000000000000000e+00 0.000000000000000000e+00 0.000000000000000000e+00 0.000000000000000000e+00 0.000000000000000000e+00 4.260794333333332573e-01 0.000000000000000000e+00 0.000000000000000000e+00 0.000000000000000000e+00 0.000000000000000000e+00 0.000000000000000000e+00 0.000000000000000000e+00 0.000000000000000000e+00 0.000000000000000000e+00 0.000000000000000000e+00 0.000000000000000000e+00 0.000000000000000000e+00 0.000000000000000000e+00 0.000000000000000000e+00 0.000000000000000000e+00 0.000000000000000000e+00 0.000000000000000000e+00 0.000000000000000000e+00 0.000000000000000000e+00 0.000000000000000000e+00 0.000000000000000000e+00
3.373083627688753250e-01 4.836431984463079314e-01 2.964753044248399916e-01 4.631499527614698075e-01 3.110853652005624026e-01 4.283452182137064135e-01 2.631923988123801572e-01 4.490434563382443289e-01 1.962638502868290502e-01 0.000000000000000000e+00 3.740409330735250948e-01 4.659195423209069320e-01 3.129861868864539654e-01 4.377219990233063851e-01 3.641237047555043738e-01 4.192161512385919053e-01 3.828946303753692493e-01 4.798726715353789918e-01 3.671563257760135368e-01 4.915122099230309627e-01 3.879824183006536087e-01 0.000000000000000000e+00 3.628894005457420358e-01 4.485693242995866803e-01 3.277212141366718789e-01 3.940687583985253983e-01 3.432938436842104535e-01 3.961094578383077547e-01 3.594028263496942266e-01 4.756816523196129021e-01 3.834537264863905337e-01 4.482360370759751467e-01 4.337967849395800712e-01 4.785131521512192010e-01 4.237439846153846501e-01 0.000000000000000000e+00 4.587813873334485315e-01 5.442518446601941617e-01 0.000000000000000000e+00 0.000000000000000000e+00 0.000000000000000000e+00 0.000000000000000000e+00 4.241027375886524675e-01 0.000000000000000000e+00 4.173258364147376387e-01 5.003695944055943645e-01 0.000000000000000000e+00 0.000000000000000000e+00 4.077918916808050964e-01 5.498771069518716414e-01 4.010635093824165276e-01 0.000000000000000000e+00 4.008806305600787212e-01 0.000000000000000000e+00 3.852996422090791961e-01 0.000000000000000000e+00 4.070853256453342284e-01 4.765991545404027474e-01 4.114699618927455393e-01 4.787588212828672307e-01 4.138835877960052589e-01 4.392271094671248433e-01 3.938632542358006527e-01 4.639760036099116469e-01 4.147270360507450682e-01 4.709759014084505258e-01 4.235233667341912756e-01 4.793889890162674194e-01 4.051201053821210651e-01 4.485334071606432715e-01 3.656422440695362153e-01 4.866888275169920508e-01 3.684343265594740569e-01 4.691521503201896981e-01 3.759412750000000192e-01 0.000000000000000000e+00 3.914245670098171481e-01 4.590765403400309808e-01 3.861361326858814280e-01 0.000000000000000000e+00 3.772950329821349036e-01 4.557806530847546278e-01 0.000000000000000000e+00 0.000000000000000000e+00 4.060585186687012405e-01 4.624261066379676821e-01 0.000000000000000000e+00 0.000000000000000000e+00 3.998894993342133053e-01 0.000000000000000000e+00 4.115249919999999229e-01 4.248865841943342825e-01 4.070839051094890526e-01 0.000000000000000000e+00 4.345931350019102135e-01 4.295819421349267309e-01 0.000000000000000000e+00 0.000000000000000000e+00 0.000000000000000000e+00 0.000000000000000000e+00 0.000000000000000000e+00 0.000000000000000000e+00 0.000000000000000000e+00 4.274162314793259476e-01 0.000000000000000000e+00 0.000000000000000000e+00 0.000000000000000000e+00 0.000000000000000000e+00 4.214546496818120658e-01 0.000000000000000000e+00 0.000000000000000000e+00 0.000000000000000000e+00 0.000000000000000000e+00 0.000000000000000000e+00 0.000000000000000000e+00 0.000000000000000000e+00
4.930640788113596629e-01 3.189573457347275598e-01 4.568497172751534441e-01 3.135321938559467170e-01 4.393144992766838675e-01 2.713410941347747518e-01 4.490434563382443289e-01 2.400138606359006332e-01 4.287417981976410775e-01 2.381400208087710857e-01 4.688138733541422076e-01 3.054395181940433579e-01 4.346346971044721119e-01 2.700321119605922915e-01 4.392132022276490355e-01 2.924567684986504323e-01 4.819046659843775338e-01 4.012707744139125676e-01 4.917901044465201599e-01 3.788756827223589418e-01 0.000000000000000000e+00 0.000000000000000000e+00 4.509307423497298517e-01 3.659291170732718035e-01 4.409731038870342568e-01 3.013858427161105191e-01 4.512569473684210353e-01 3.215379062500000051e-01 4.263482272109557769e-01 3.771891028249342859e-01 4.447779693233933629e-01 3.947146064177478042e-01 4.888300676641992859e-01 4.229895957316257560e-01 0.000000000000000000e+00 4.714198574973876843e-01 0.000000000000000000e+00 4.206995043288778158e-01 0.000000000000000000e+00 4.368860943407177899e-01 0.000000000000000000e+00 0.000000000000000000e+00 0.000000000000000000e+00 0.000000000000000000e+00 0.000000000000000000e+00 4.231455575304174932e-01 0.000000000000000000e+00 0.000000000000000000e+00 0.000000000000000000e+00 4.043363472591136598e-01 4.466420595238095315e-01 4.041778057272916724e-01 0.000000000000000000e+00 4.076084483858470331e-01 0.000000000000000000e+00 3.945241328819477644e-01 4.395905454545454005e-01 3.977874623651504460e-01 4.711552813327600786e-01 4.188712916428460886e-01 4.862295034708763453e-01 3.939752876582358065e-01 0.000000000000000000e+00 4.017504770174682438e-01 0.000000000000000000e+00 3.991847099262771925e-01 4.706778588652723028e-01 4.304533036655217026e-01 4.525190583333333350e-01 4.307157644824311515e-01 4.653719870637801348e-01 3.409016215365727742e-01 4.480076004613511853e-01 3.696287418924742996e-01 4.533285176470588373e-01 0.000000000000000000e+00 4.579501692788949252e-01 3.771630806605055231e-01 0.000000000000000000e+00 0.000000000000000000e+00 4.691711684048487374e-01 3.952151573259266581e-01 0.000000000000000000e+00 0.000000000000000000e+00 4.651755714285714105e-01 4.132058416498841091e-01 0.000000000000000000e+00 0.000000000000000000e+00 0.000000000000000000e+00 4.069384319847306197e-01 0.000000000000000000e+00 3.944697303296554880e-01 4.614281397058823120e-01 3.874577024793388613e-01 4.379883840197880129e-01 4.124259162801484080e-01 0.000000000000000000e+00 0.000000000000000000e+00 4.337104264705882173e-01 3.589881919999999838e-01 0.000000000000000000e+00 0.000000000000000000e+00 0.000000000000000000e+00 0.000000000000000000e+00 0.000000000000000000e+00 0.000000000000000000e+00 0.000000000000000000e+00 0.000000000000000000e+00 0.000000000000000000e+00 3.657670344827586573e-01 0.000000000000000000e+00 0.000000000000000000e+00 0.000000000000000000e+00 0.000000000000000000e+00 0.000000000000000000e+00 0.000000000000000000e+00
3.666081040620803311e-01 0.000000000000000000e+00 2.733598012269276012e-01 4.438246258194147864e-01 2.016085541444750107e-01 4.158280944676878144e-01 1.962638502868290502e-01 4.287417981976410775e-01 1.891379718177641778e-01 4.436987066666667756e-01 3.428643841362126743e-01 0.000000000000000000e+00 3.116763408842231353e-01 4.266016504518872487e-01 2.445764933161024834e-01 4.358441753097245797e-01 3.731173415522311410e-01 0.000000000000000000e+00 4.021030461258883748e-01 0.000000000000000000e+00 3.792090303920515604e-01 0.000000000000000000e+00 3.361217334916161703e-01 4.420507107285651105e-01 3.213026189059883797e-01 4.141524286883808137e-01 2.460634779059118205e-01 0.000000000000000000e+00 3.266796178994009758e-01 0.000000000000000000e+00 3.452879637713206495e-01 4.220401936145439792e-01 0.000000000000000000e+00 0.000000000000000000e+00 0.000000000000000000e+00 0.000000000000000000e+00 0.000000000000000000e+00 0.000000000000000000e+00 0.000000000000000000e+00 0.000000000000000000e+00 0.000000000000000000e+00 0.000000000000000000e+00 0.000000000000000000e+00 0.000000000000000000e+00 0.000000000000000000e+00 0.000000000000000000e+00 0.000000000000000000e+00 0.000000000000000000e+00 0.000000000000000000e+00 0.000000000000000000e+00 0.000000000000000000e+00 0.000000000000000000e+00 0.000000000000000000e+00 0.000000000000000000e+00 4.417051827956988141e-01 0.000000000000000000e+00 3.924005824961402933e-01 0.000000000000000000e+00 4.153966434782608852e-01 0.000000000000000000e+00 4.140712415243943401e-01 0.000000000000000000e+00 0.000000000000000000e+00 0.000000000000000000e+00 4.032007468670350536e-01 0.000000000000000000e+00 0.000000000000000000e+00 0.000000000000000000e+00 0.000000000000000000e+00 0.000000000000000000e+00 3.256764647349421060e-01 0.000000000000000000e+00 3.619780167207817811e-01 0.000000000000000000e+00 3.169546444444444333e-01 0.000000000000000000e+00 3.676989764375558911e-01 0.000000000000000000e+00 0.000000000000000000e+00 0.000000000000000000e+00 4.054285526315789534e-01 0.000000000000000000e+00 4.097374999999999767e-01 0.000000000000000000e+00 3.832231531784188183e-01 0.000000000000000000e+00 4.064562602739725805e-01 0.000000000000000000e+00 4.029517530303030615e-01 0.000000000000000000e+00 0.000000000000000000e+00 0.000000000000000000e+00 0.000000000000000000e+00 0.000000000000000000e+00 4.065979486387554243e-01 0.000000000000000000e+00 0.000000000000000000e+00 0.000000000000000000e+00 0.000000000000000000e+00 0.000000000000000000e+00 0.000000000000000000e+00 0.000000000000000000e+00 0.000000000000000000e+00 0.000000000000000000e+00 0.000000000000000000e+00 0.000000000000000000e+00 0.000000000000000000e+00 0.000000000000000000e+00 3.738706395348837530e-01 0.000000000000000000e+00 0.000000000000000000e+00 0.000000000000000000e+00 0.000000000000000000e+00 0.000000000000000000e+00 0.000000000000000000e+00 0.000000000000000000e+00
0.000000000000000000e+00 3.719320560987542934e-01 4.350877097991967535e-01 3.137817270143625215e-01 4.467859493844228425e-01 2.044352288504387716e-01 0.000000000000000000e+00 2.381400208087710857e-01 4.436987066666667756e-01 2.281988984242143970e-01 0.000000000000000000e+00 3.280857307692306990e-01 0.000000000000000000e+00 3.183415730334885896e-01 4.335111089611391466e-01 2.472061014259245570e-01 0.000000000000000000e+00 0.000000000000000000e+00 0.000000000000000000e+00 0.000000000000000000e+00 3.696140159188033847e-01 3.315283509657595551e-01 4.318642057544788138e-01 3.553102397961495074e-01 4.337324492177960789e-01 0.000000000000000000e+00 0.000000000000000000e+00 1.831392200770160794e-01 3.809724366197183576e-01 3.173119979361478937e-01 4.043550262966778552e-01 3.684840813185913388e-01 0.000000000000000000e+00 4.023675313473520365e-01 0.000000000000000000e+00 0.000000000000000000e+00 0.000000000000000000e+00 0.000000000000000000e+00 0.000000000000000000e+00 0.000000000000000000e+00 0.000000000000000000e+00 0.000000000000000000e+00 0.000000000000000000e+00 0.000000000000000000e+00 0.000000000000000000e+00 0.000000000000000000e+00 0.000000000000000000e+00 0.000000000000000000e+00 0.000000000000000000e+00 0.000000000000000000e+00 0.000000000000000000e+00 0.000000000000000000e+00 0.000000000000000000e+00 0.000000000000000000e+00 0.000000000000000000e+00 0.000000000000000000e+00 0.000000000000000000e+00 4.391441428571429273e-01 0.000000000000000000e+00 0.000000000000000000e+00 0.000000000000000000e+00 0.000000000000000000e+00 0.000000000000000000e+00 3.879061224489795401e-01 0.000000000000000000e+00 0.000000000000000000e+00 0.000000000000000000e+00 0.000000000000000000e+00 0.000000000000000000e+00 0.000000000000000000e+00 4.461563799999999635e-01 3.018331403785195488e-01 4.667543827160494097e-01 3.376073828292158741e-01 0.000000000000000000e+00 0.000000000000000000e+00 0.000000000000000000e+00 3.562998616741791524e-01 0.000000000000000000e+00 0.000000000000000000e+00 0.000000000000000000e+00 3.923748033865077089e-01 0.000000000000000000e+00 0.000000000000000000e+00 0.000000000000000000e+00 4.373202554806918663e-01 0.000000000000000000e+00 0.000000000000000000e+00 0.000000000000000000e+00 4.309154317894736685e-01 0.000000000000000000e+00 0.000000000000000000e+00 0.000000000000000000e+00 0.000000000000000000e+00 0.000000000000000000e+00 3.919158444444443834e-01 0.000000000000000000e+00 0.000000000000000000e+00 0.000000000000000000e+00 0.000000000000000000e+00 0.000000000000000000e+00 4.121224160583941698e-01 0.000000000000000000e+00 4.208715496183205729e-01 0.000000000000000000e+00 0.000000000000000000e+00 0.000000000000000000e+00 0.000000000000000000e+00 3.481377938144329942e-01 0.000000000000000000e+00 0.000000000000000000e+00 0.000000000000000000e+00 0.000000000000000000e+00 0.000000000000000000e+00 0.000000000000000000e+00 0.000000000000000000e+00
3.348030762677818850e-01 4.729951474681938772e-01 3.934549474319729012e-01 4.700630017583752873e-01 0.000000000000000000e+00 0.000000000000000000e+00 3.740409330735250948e-01 4.688138733541422076e-01 3.428643841362126743e-01 0.000000000000000000e+00 2.825809330099303129e-01 4.711532374476226637e-01 3.025031022343658282e-01 4.367266484425996187e-01 3.976121975524475882e-01 0.000000000000000000e+00 3.133511889339780643e-01 0.000000000000000000e+00 4.073519580353301972e-01 4.838142823604520415e-01 4.651051811023622085e-01 0.000000000000000000e+00 4.038264301017916447e-01 4.433697347737974304e-01 0.000000000000000000e+00 0.000000000000000000e+00 0.000000000000000000e+00 0.000000000000000000e+00 3.648697091428266259e-01 0.000000000000000000e+00 4.165539864020259553e-01 4.595677023809524031e-01 4.043751596365216527e-01 4.896815804499634051e-01 0.000000000000000000e+00 0.000000000000000000e+00 4.624205712716977779e-01 0.000000000000000000e+00 0.000000000000000000e+00 0.000000000000000000e+00 0.000000000000000000e+00 0.000000000000000000e+00 0.000000000000000000e+00 0.000000000000000000e+00 0.000000000000000000e+00 0.000000000000000000e+00 0.000000000000000000e+00 0.000000000000000000e+00 4.089310125793030326e-01 0.000000000000000000e+00 4.329810889154705467e-01 0.000000000000000000e+00 0.000000000000000000e+00 0.000000000000000000e+00 0.000000000000000000e+00 0.000000000000000000e+00 3.856561745907193250e-01 4.625064918923899593e-01 4.332073038296039846e-01 0.000000000000000000e+00 4.141955257443598604e-01 0.000000000000000000e+00 4.023941798614137366e-01 0.000000000000000000e+00 4.309430689491114408e-01 0.000000000000000000e+00 4.478790162554530663e-01 5.014956400842337514e-01 4.310832678228157522e-01 0.000000000000000000e+00 3.594429141965276853e-01 4.900242457564756848e-01 3.669134707761835812e-01 4.681731247224319992e-01 3.441334790236461050e-01 0.000000000000000000e+00 4.002535787072787343e-01 4.565193217391304570e-01 3.884938604802076201e-01 0.000000000000000000e+00 3.285140567516449117e-01 0.000000000000000000e+00 0.000000000000000000e+00 0.000000000000000000e+00 4.241118896784004666e-01 0.000000000000000000e+00 0.000000000000000000e+00 0.000000000000000000e+00 4.195632114511030353e-01 0.000000000000000000e+00 4.204283999999999799e-01 4.185310740740741942e-01 0.000000000000000000e+00 0.000000000000000000e+00 4.418019120987654591e-01 4.754707500000000531e-01 0.000000000000000000e+00 0.000000000000000000e+00 0.000000000000000000e+00 0.000000000000000000e+00 0.000000000000000000e+00 0.000000000000000000e+00 4.601343636363636747e-01 0.000000000000000000e+00 0.000000000000000000e+00 0.000000000000000000e+00 0.000000000000000000e+00 0.000000000000000000e+00 4.455273424657534287e-01 0.000000000000000000e+00 0.000000000000000000e+00 0.000000000000000000e+00 0.000000000000000000e+00 0.000000000000000000e+00 0.000000000000000000e+00 0.000000000000000000e+00
4.869752737104201534e-01 3.580797933552755108e-01 4.715968300984416661e-01 4.062235434533394973e-01 0.000000000000000000e+00 3.458430344827586600e-01 4.659195423209069320e-01 3.054395181940433579e-01 0.000000000000000000e+00 3.280857307692306990e-01 4.711532374476226637e-01 2.979261988187178467e-01 4.610308344078567488e-01 2.944602337240545542e-01 0.000000000000000000e+00 3.384636261022240245e-01 4.733161909090908837e-01 3.708187582181834419e-01 4.837446853763106014e-01 4.297630343784783480e-01 0.000000000000000000e+00 0.000000000000000000e+00 4.643192941823052755e-01 4.091213051896800956e-01 0.000000000000000000e+00 0.000000000000000000e+00 0.000000000000000000e+00 0.000000000000000000e+00 4.543525734246575132e-01 4.151735514916491954e-01 4.492872778337237416e-01 4.251565843930891764e-01 4.928175678769996515e-01 4.296766952975759057e-01 4.516942038834951823e-01 0.000000000000000000e+00 5.041733124999999704e-01 4.532076089126559904e-01 0.000000000000000000e+00 5.061872307692306672e-01 0.000000000000000000e+00 0.000000000000000000e+00 0.000000000000000000e+00 0.000000000000000000e+00 0.000000000000000000e+00 4.564097648750983782e-01 0.000000000000000000e+00 4.645062745098039181e-01 0.000000000000000000e+00 4.396769273307329917e-01 0.000000000000000000e+00 4.241762039083456504e-01 0.000000000000000000e+00 0.000000000000000000e+00 0.000000000000000000e+00 4.108927633422287395e-01 4.545999210526315282e-01 3.894605385392677643e-01 5.097043116883116509e-01 4.251195508499137077e-01 0.000000000000000000e+00 3.983912871440604686e-01 0.000000000000000000e+00 4.518239839763754095e-01 0.000000000000000000e+00 4.197435810098580355e-01 4.646702644628099010e-01 4.597338873569160045e-01 0.000000000000000000e+00 4.457979892857142357e-01 4.628606173534254853e-01 3.747471734182435399e-01 4.635603209407296865e-01 4.081874900700015463e-01 0.000000000000000000e+00 0.000000000000000000e+00 4.654689087797326819e-01 4.245715346998420459e-01 0.000000000000000000e+00 4.328238727272727404e-01 4.509280687022901302e-01 4.442454385287298857e-01 0.000000000000000000e+00 2.808299343000357773e-01 0.000000000000000000e+00 4.493803859613867413e-01 0.000000000000000000e+00 4.041537659574468422e-01 0.000000000000000000e+00 4.431455399539994677e-01 0.000000000000000000e+00 0.000000000000000000e+00 0.000000000000000000e+00 0.000000000000000000e+00 0.000000000000000000e+00 4.463622727272727464e-01 0.000000000000000000e+00 0.000000000000000000e+00 0.000000000000000000e+00 0.000000000000000000e+00 0.000000000000000000e+00 4.422569562043795477e-01 0.000000000000000000e+00 0.000000000000000000e+00 0.000000000000000000e+00 0.000000000000000000e+00 0.000000000000000000e+00 0.000000000000000000e+00 0.000000000000000000e+00 0.000000000000000000e+00 0.000000000000000000e+00 0.000000000000000000e+00 0.000000000000000000e+00 0.000000000000000000e+00 0.000000000000000000e+00 0.000000000000000000e+00
3.746731547467603285e-01 4.514751792598395430e-01 3.543892604318477080e-01 4.464704327241098003e-01 3.160057488450137564e-01 4.293436006583506437e-01 3.129861868864539654e-01 4.346346971044721119e-01 3.116763408842231353e-01 0.000000000000000000e+00 3.025031022343658282e-01 4.610308344078567488e-01 2.591813324413765884e-01 4.338921953691451949e-01 2.827422754990863152e-01 4.153731515036598876e-01 3.737301847890446282e-01 0.000000000000000000e+00 4.135927109798905876e-01 4.863416151648273233e-01 4.108157042253520741e-01 0.000000000000000000e+00 3.796437432245290955e-01 4.475163203433202841e-01 3.324646203565477243e-01 4.194562681900233514e-01 3.295351266666666223e-01 0.000000000000000000e+00 3.290044248926722870e-01 4.336443139832055760e-01 3.723141397403724184e-01 4.425357628703361357e-01 4.025749807294285443e-01 4.632922830222478972e-01 0.000000000000000000e+00 0.000000000000000000e+00 4.352680545352674568e-01 0.000000000000000000e+00 0.000000000000000000e+00 4.909116491228070478e-01 4.173121619718309638e-01 0.000000000000000000e+00 0.000000000000000000e+00 0.000000000000000000e+00 0.000000000000000000e+00 0.000000000000000000e+00 0.000000000000000000e+00 0.000000000000000000e+00 3.961089923076923092e-01 0.000000000000000000e+00 4.196085636735296109e-01 0.000000000000000000e+00 4.605320325203251519e-01 0.000000000000000000e+00 3.761211944444444732e-01 0.000000000000000000e+00 3.975077210601902777e-01 4.459984511851615707e-01 3.957440781642983518e-01 0.000000000000000000e+00 4.170971569116793676e-01 0.000000000000000000e+00 4.028518144435034309e-01 0.000000000000000000e+00 4.233646030339607846e-01 0.000000000000000000e+00 4.291121069521799947e-01 0.000000000000000000e+00 4.197855181369150035e-01 0.000000000000000000e+00 3.423373465641686431e-01 4.766191844005278067e-01 3.832366251401081447e-01 4.532738416642169144e-01 3.808805629311406427e-01 0.000000000000000000e+00 3.891996598380035866e-01 4.586396843833943637e-01 3.813911308566917402e-01 0.000000000000000000e+00 3.701960873420750975e-01 0.000000000000000000e+00 0.000000000000000000e+00 0.000000000000000000e+00 4.051946264941727049e-01 0.000000000000000000e+00 0.000000000000000000e+00 0.000000000000000000e+00 4.030489529856102759e-01 0.000000000000000000e+00 0.000000000000000000e+00 0.000000000000000000e+00 4.047342164179104640e-01 4.045411793170685111e-01 4.306331246538932511e-01 4.326057047619047413e-01 0.000000000000000000e+00 0.000000000000000000e+00 0.000000000000000000e+00 0.000000000000000000e+00 0.000000000000000000e+00 0.000000000000000000e+00 0.000000000000000000e+00 0.000000000000000000e+00 0.000000000000000000e+00 0.000000000000000000e+00 0.000000000000000000e+00 0.000000000000000000e+00 0.000000000000000000e+00 0.000000000000000000e+00 0.000000000000000000e+00 0.000000000000000000e+00 0.000000000000000000e+00 0.000000000000000000e+00 0.000000000000000000e+00 0.000000000000000000e+00
