0.000000000000000000e+00 2.918191710357107699e-02 1.032608695652173919e-01 6.828269033799932129e-03 1.894836570345807695e-03 0.000000000000000000e+00 1.458847437944549297e-01 8.988462570431982046e-03 5.820721769499417799e-04 0.000000000000000000e+00 1.581254214430209137e-01 1.361867704280155574e-03 5.690047589488930052e-02 1.748863238894718484e-04 2.214348981399468733e-03 0.000000000000000000e+00 6.529591553209224131e-02 4.182156133828995870e-03 8.447907118851206987e-02 2.893013100436681376e-02 0.000000000000000000e+00 0.000000000000000000e+00 1.875117194824676503e-03 0.000000000000000000e+00 0.000000000000000000e+00 0.000000000000000000e+00 0.000000000000000000e+00 0.000000000000000000e+00 5.138530927835051332e-02 1.748251748251748250e-03 4.367934224049331571e-03 2.164970772894565841e-04 3.191148171905067166e-02 1.109441812088293039e-02 4.805591961555263913e-03 0.000000000000000000e+00 8.545298656759074685e-02 6.306760847628658032e-03 2.475247524752475278e-03 0.000000000000000000e+00 1.000000000000000021e-02 1.052631578947368397e-02 2.897291032884253019e-04 2.282062984938384282e-04 2.694328438636669912e-04 1.218472036066772275e-04 0.000000000000000000e+00 0.000000000000000000e+00 2.628943415122683962e-03 3.129890453834115551e-04 3.004598875830352678e-02 4.999166805532411374e-04 2.145922746781115872e-03 0.000000000000000000e+00 8.454872120059183727e-04 0.000000000000000000e+00 2.712708378436891055e-01 7.035047326682015642e-03 6.008932196508322970e-02 1.269303998307594631e-03 5.946033284860235968e-02 4.632846884410470132e-04 6.308411214953271208e-03 1.208702659145850181e-03 7.364604577384999129e-02 8.051529790660225420e-04 2.890499952923453533e-02 1.832130997366311674e-03 1.041776837652036020e-01 2.176966292134831574e-02 1.124338624338624276e-01 1.687763713080168808e-03 2.866360590644000464e-02 2.148106274731486579e-03 8.726003490401396329e-04 0.000000000000000000e+00 9.088164251207729583e-02 8.373009358069283259e-03 1.550387596899224785e-03 0.000000000000000000e+00 3.877847794474067068e-03 0.000000000000000000e+00 0.000000000000000000e+00 0.000000000000000000e+00 4.007071302298173543e-02 1.125872551227201075e-04 1.763668430335096904e-03 0.000000000000000000e+00 2.652106084243369827e-02 2.056343820686818715e-04 2.562225475841874156e-03 8.183306055646481563e-04 3.679175864606328179e-04 0.000000000000000000e+00 1.612903225806451568e-02 4.115226337448560021e-03 0.000000000000000000e+00 0.000000000000000000e+00 2.541296060991105575e-03 1.869158878504672975e-03 0.000000000000000000e+00 0.000000000000000000e+00 1.901502186727514754e-03 9.043635541487678219e-04 2.324500232450023383e-03 7.462686567164179179e-04 0.000000000000000000e+00 1.745200698080279266e-03 0.000000000000000000e+00 0.000000000000000000e+00 9.380863039399624757e-04 0.000000000000000000e+00 0.000000000000000000e+00 0.000000000000000000e+00 0.000000000000000000e+00 5.586592178770949900e-03
2.918191710357107699e-02 0.000000000000000000e+00 5.564182194616977030e-03 7.323318538750427098e-02 0.000000000000000000e+00 4.694835680751173598e-04 4.645086369574683884e-03 1.062516769519721016e-01 0.000000000000000000e+00 2.171552660152008783e-03 1.685772083614295270e-03 1.112840466926069971e-01 6.207324643078832981e-04 1.504022385449457766e-02 0.000000000000000000e+00 1.546192500966370219e-03 6.946373992775770924e-03 5.552973977695167124e-02 2.245646196150320739e-02 4.653384279475982627e-02 0.000000000000000000e+00 0.000000000000000000e+00 1.125070316894805902e-03 2.109148431320854392e-03 0.000000000000000000e+00 0.000000000000000000e+00 0.000000000000000000e+00 8.438818565400844039e-04 3.865979381443299112e-03 3.593628593628593604e-02 4.624871531346351483e-03 8.659883091578263366e-04 1.603592046183451025e-02 1.433029007280711871e-02 0.000000000000000000e+00 0.000000000000000000e+00 5.430122892254929563e-03 1.723007063572149222e-01 0.000000000000000000e+00 3.819223424570337283e-03 0.000000000000000000e+00 9.473684210526316096e-02 0.000000000000000000e+00 0.000000000000000000e+00 0.000000000000000000e+00 6.092360180333861782e-04 0.000000000000000000e+00 0.000000000000000000e+00 2.503755633450174996e-04 3.651538862806468378e-03 5.109862033725089949e-04 1.291451424762539608e-02 0.000000000000000000e+00 7.606876616461280939e-04 0.000000000000000000e+00 2.339181286549707700e-04 5.087681316302230215e-03 3.022512151445382322e-01 1.218026796589524903e-03 4.823355193568859556e-02 3.231539828728389042e-04 3.636784804262219173e-02 0.000000000000000000e+00 1.128122481869460111e-02 4.532064355313845548e-04 2.147074610842726952e-02 5.649185575746163345e-04 7.214015802129851961e-03 2.203419707385862944e-02 1.004213483146067371e-01 1.443001443001443000e-03 9.415310427968655305e-02 2.729867229184762285e-03 3.278688524590164105e-02 0.000000000000000000e+00 3.521126760563380361e-03 9.208937198067632113e-03 7.092431456246921229e-02 0.000000000000000000e+00 0.000000000000000000e+00 0.000000000000000000e+00 7.253384912959381361e-04 0.000000000000000000e+00 0.000000000000000000e+00 3.535651149086623587e-04 3.062373339337987055e-02 0.000000000000000000e+00 0.000000000000000000e+00 2.600104004160166678e-04 2.611556652272259763e-02 1.830161054172767254e-04 2.864157119476268276e-03 0.000000000000000000e+00 8.980691513246519568e-04 5.376344086021505805e-03 4.115226337448559674e-02 0.000000000000000000e+00 2.114164904862579370e-03 0.000000000000000000e+00 3.738317757009345949e-03 0.000000000000000000e+00 0.000000000000000000e+00 1.901502186727514700e-04 1.808727108297535644e-03 4.649000464900046332e-04 2.985074626865671672e-03 0.000000000000000000e+00 1.745200698080279266e-03 0.000000000000000000e+00 0.000000000000000000e+00 9.380863039399624757e-04 0.000000000000000000e+00 0.000000000000000000e+00 1.392757660167130923e-03 0.000000000000000000e+00 0.000000000000000000e+00
1.032608695652173919e-01 5.564182194616977030e-03 0.000000000000000000e+00 4.267668146124957256e-03 4.926575082899099789e-02 1.408450704225352188e-03 1.882711569168239174e-01 1.193989804132009579e-02 2.153667054714784521e-02 5.428881650380021524e-03 3.101820633850303419e-02 4.669260700389104950e-03 2.420856610800744754e-02 6.645680307799929805e-03 1.638618246235606576e-02 3.865481252415925873e-03 9.169213670464018348e-03 1.626394052044609698e-03 1.442102047051634639e-01 4.503275109170305768e-03 0.000000000000000000e+00 0.000000000000000000e+00 2.120757547346709126e-01 4.218296862641708785e-03 1.270096463022508115e-01 3.405221339387060064e-03 5.080440304826417883e-03 8.438818565400844039e-04 2.480670103092783366e-02 2.136752136752136967e-03 3.263103802672148029e-02 1.515479541026196197e-02 1.266837716484926248e-02 2.080203397665549448e-03 2.621231979030144189e-03 0.000000000000000000e+00 2.429265504429837033e-02 1.765893037336024179e-03 6.188118811881188194e-04 3.819223424570337283e-03 1.000000000000000021e-02 0.000000000000000000e+00 0.000000000000000000e+00 0.000000000000000000e+00 2.559612016704836471e-03 0.000000000000000000e+00 0.000000000000000000e+00 0.000000000000000000e+00 5.758637956935402924e-03 0.000000000000000000e+00 1.001532958610117444e-02 1.666388935177470548e-04 3.755364806866952777e-03 0.000000000000000000e+00 1.479602621010357288e-03 0.000000000000000000e+00 7.144403550552067168e-03 6.395497569710923607e-04 1.326295845175260585e-02 1.057753331922995635e-03 6.463079657456778085e-04 0.000000000000000000e+00 2.336448598130841218e-04 0.000000000000000000e+00 3.852254702016768770e-03 0.000000000000000000e+00 1.798324074945862119e-02 8.015573113477613169e-04 1.057641459545214171e-02 0.000000000000000000e+00 4.016354016354016510e-02 1.084990958408679979e-03 7.755304628365802810e-02 1.243640474844545044e-03 8.726003490401396329e-04 0.000000000000000000e+00 5.283816425120772819e-02 5.582006238712854639e-03 0.000000000000000000e+00 0.000000000000000000e+00 2.181289384391662482e-03 0.000000000000000000e+00 0.000000000000000000e+00 0.000000000000000000e+00 1.178550383028874500e-02 2.251745102454402151e-04 3.527336860670193808e-03 0.000000000000000000e+00 1.482059282371294903e-02 0.000000000000000000e+00 1.830161054172767254e-03 4.091653027823240782e-04 0.000000000000000000e+00 4.490345756623259784e-04 1.075268817204301161e-02 8.230452674897120041e-03 2.098635886673662181e-03 0.000000000000000000e+00 0.000000000000000000e+00 0.000000000000000000e+00 0.000000000000000000e+00 0.000000000000000000e+00 3.803004373455029399e-04 0.000000000000000000e+00 4.649000464900046332e-04 0.000000000000000000e+00 0.000000000000000000e+00 0.000000000000000000e+00 0.000000000000000000e+00 0.000000000000000000e+00 9.380863039399624757e-04 0.000000000000000000e+00 0.000000000000000000e+00 0.000000000000000000e+00 0.000000000000000000e+00 3.724394785847299789e-03
6.828269033799932129e-03 7.323318538750427098e-02 4.267668146124957256e-03 0.000000000000000000e+00 1.421127427759355825e-03 2.300469483568075291e-02 6.386993758165190882e-03 9.873893211698417383e-02 1.164144353899883560e-03 1.628664495114006544e-02 3.708698583951449551e-03 3.112840466926070082e-02 7.034967928822677234e-03 1.836306400839454386e-02 2.657218777679362133e-03 1.430228063393892621e-02 1.667129758266185134e-03 3.485130111524163687e-02 4.124656278643445972e-03 8.938318777292576789e-02 0.000000000000000000e+00 0.000000000000000000e+00 7.312957059816238906e-03 1.668863696282625875e-01 0.000000000000000000e+00 5.221339387060158765e-02 0.000000000000000000e+00 2.531645569620253212e-03 1.127577319587628763e-03 4.759129759129759191e-02 1.027749229188078088e-02 2.749512881576098716e-02 2.405388069275176365e-03 2.207326938633999772e-02 0.000000000000000000e+00 1.024590163934426283e-03 1.143183766790511601e-03 5.297679112008072538e-02 6.188118811881188194e-04 3.437301082113303902e-02 0.000000000000000000e+00 8.421052631578947179e-02 0.000000000000000000e+00 2.282062984938384282e-04 0.000000000000000000e+00 2.558791275740221818e-03 0.000000000000000000e+00 1.690045631232043135e-04 0.000000000000000000e+00 2.816901408450704376e-03 0.000000000000000000e+00 3.916013997667055178e-03 0.000000000000000000e+00 6.085501293169024752e-04 0.000000000000000000e+00 2.339181286549707700e-04 3.247456159341848762e-04 9.849066257354821552e-03 1.353363107321694397e-04 1.967421197376771624e-02 3.231539828728389042e-04 4.632846884410470132e-04 0.000000000000000000e+00 2.014504431909750122e-04 0.000000000000000000e+00 2.147074610842726779e-03 9.415309292910271791e-05 1.396999885491812671e-02 8.813678829543451429e-04 8.192883895131085337e-03 1.563251563251563322e-03 2.652200120554551108e-02 3.474376473507879547e-03 4.013566986998304276e-02 0.000000000000000000e+00 4.694835680751173815e-03 3.472222222222222029e-03 8.307338696437366332e-02 0.000000000000000000e+00 0.000000000000000000e+00 0.000000000000000000e+00 2.901353965183752544e-03 0.000000000000000000e+00 0.000000000000000000e+00 1.178550383028874484e-04 2.814681378068002553e-03 0.000000000000000000e+00 0.000000000000000000e+00 0.000000000000000000e+00 3.495784495167591870e-03 0.000000000000000000e+00 8.183306055646481563e-04 0.000000000000000000e+00 8.980691513246519568e-04 0.000000000000000000e+00 3.292181069958848016e-02 0.000000000000000000e+00 0.000000000000000000e+00 6.353240152477763938e-04 1.869158878504672975e-03 0.000000000000000000e+00 0.000000000000000000e+00 3.803004373455029399e-04 1.356545331223151787e-03 0.000000000000000000e+00 4.477611940298507724e-03 0.000000000000000000e+00 1.745200698080279266e-03 0.000000000000000000e+00 0.000000000000000000e+00 0.000000000000000000e+00 0.000000000000000000e+00 0.000000000000000000e+00 1.392757660167130923e-03 0.000000000000000000e+00 0.000000000000000000e+00
1.894836570345807695e-03 0.000000000000000000e+00 4.926575082899099789e-02 1.421127427759355825e-03 0.000000000000000000e+00 2.816901408450704376e-03 6.386993758165190882e-03 2.683123155352830575e-04 4.342258440046565804e-01 4.343105320304017566e-03 0.000000000000000000e+00 1.945525291828793910e-04 8.276432857438443614e-04 5.246589716684155452e-04 1.793622674933569583e-01 7.730962504831851096e-04 0.000000000000000000e+00 0.000000000000000000e+00 3.055300947143293534e-04 0.000000000000000000e+00 3.296703296703296787e-02 0.000000000000000000e+00 3.750234389649353007e-03 2.372791985235960920e-03 1.350482315112540299e-01 1.135073779795686688e-02 1.574936494496189665e-01 0.000000000000000000e+00 1.272551546391752567e-02 0.000000000000000000e+00 4.881808838643371395e-03 3.680450313920762256e-03 8.017960230917254910e-04 0.000000000000000000e+00 0.000000000000000000e+00 0.000000000000000000e+00 0.000000000000000000e+00 0.000000000000000000e+00 0.000000000000000000e+00 0.000000000000000000e+00 0.000000000000000000e+00 0.000000000000000000e+00 0.000000000000000000e+00 0.000000000000000000e+00 0.000000000000000000e+00 0.000000000000000000e+00 2.012882447665056355e-04 0.000000000000000000e+00 0.000000000000000000e+00 0.000000000000000000e+00 1.021972406745017827e-04 0.000000000000000000e+00 5.364806866952789681e-04 0.000000000000000000e+00 0.000000000000000000e+00 0.000000000000000000e+00 1.082485386447282921e-04 0.000000000000000000e+00 0.000000000000000000e+00 2.115506663845991052e-04 0.000000000000000000e+00 0.000000000000000000e+00 0.000000000000000000e+00 0.000000000000000000e+00 4.532064355313845548e-04 0.000000000000000000e+00 0.000000000000000000e+00 0.000000000000000000e+00 0.000000000000000000e+00 0.000000000000000000e+00 1.274651274651274722e-02 2.411091018685955479e-04 2.307978657401662734e-02 1.130582249858677190e-04 6.108202443280977105e-03 0.000000000000000000e+00 1.509661835748792253e-03 0.000000000000000000e+00 0.000000000000000000e+00 0.000000000000000000e+00 0.000000000000000000e+00 0.000000000000000000e+00 2.336448598130840947e-03 0.000000000000000000e+00 1.060695344725987076e-03 0.000000000000000000e+00 1.763668430335096904e-03 0.000000000000000000e+00 5.200208008320333355e-04 0.000000000000000000e+00 0.000000000000000000e+00 0.000000000000000000e+00 0.000000000000000000e+00 0.000000000000000000e+00 0.000000000000000000e+00 0.000000000000000000e+00 0.000000000000000000e+00 0.000000000000000000e+00 0.000000000000000000e+00 0.000000000000000000e+00 0.000000000000000000e+00 0.000000000000000000e+00 0.000000000000000000e+00 0.000000000000000000e+00 9.298000929800092663e-04 0.000000000000000000e+00 0.000000000000000000e+00 0.000000000000000000e+00 0.000000000000000000e+00 0.000000000000000000e+00 0.000000000000000000e+00 0.000000000000000000e+00 0.000000000000000000e+00 0.000000000000000000e+00 0.000000000000000000e+00 0.000000000000000000e+00
0.000000000000000000e+00 4.694835680751173598e-04 1.408450704225352188e-03 2.300469483568075291e-02 2.816901408450704376e-03 0.000000000000000000e+00 2.903178980984177427e-04 1.073249262141132230e-03 2.910360884749709116e-03 1.856677524429967419e-01 0.000000000000000000e+00 0.000000000000000000e+00 0.000000000000000000e+00 3.497726477789436968e-04 0.000000000000000000e+00 2.307692307692307820e-01 0.000000000000000000e+00 2.323420074349442270e-04 0.000000000000000000e+00 9.552401746724890333e-04 0.000000000000000000e+00 6.422018348623853568e-02 9.375585974123382517e-04 2.715528605325599754e-02 8.038585209003214910e-03 2.099886492622020373e-01 8.467400508044030166e-04 1.206751054852320676e-01 0.000000000000000000e+00 6.798756798756798968e-03 9.506680369989722879e-03 8.010391859709893939e-03 0.000000000000000000e+00 1.617935975962094160e-03 4.368719965050240316e-04 0.000000000000000000e+00 0.000000000000000000e+00 5.045408678102926382e-04 0.000000000000000000e+00 6.365372374283895110e-04 0.000000000000000000e+00 0.000000000000000000e+00 0.000000000000000000e+00 2.282062984938384282e-04 0.000000000000000000e+00 0.000000000000000000e+00 0.000000000000000000e+00 5.070136893696129948e-04 0.000000000000000000e+00 1.043296817944705274e-04 0.000000000000000000e+00 1.666388935177470548e-04 0.000000000000000000e+00 0.000000000000000000e+00 0.000000000000000000e+00 2.339181286549707700e-04 0.000000000000000000e+00 2.558199027884369551e-04 0.000000000000000000e+00 4.231013327691982105e-04 0.000000000000000000e+00 0.000000000000000000e+00 0.000000000000000000e+00 0.000000000000000000e+00 0.000000000000000000e+00 1.341921631776704237e-04 0.000000000000000000e+00 4.580327493415779186e-04 0.000000000000000000e+00 0.000000000000000000e+00 0.000000000000000000e+00 3.966244725738396482e-02 1.240848740538528410e-04 3.357829282080271316e-02 0.000000000000000000e+00 4.107981220657277305e-03 0.000000000000000000e+00 1.477589886718108734e-03 0.000000000000000000e+00 0.000000000000000000e+00 0.000000000000000000e+00 0.000000000000000000e+00 0.000000000000000000e+00 1.569858712715855665e-03 0.000000000000000000e+00 9.006980409817608602e-04 0.000000000000000000e+00 2.262443438914027351e-03 0.000000000000000000e+00 1.645075056549454972e-03 0.000000000000000000e+00 0.000000000000000000e+00 0.000000000000000000e+00 0.000000000000000000e+00 0.000000000000000000e+00 0.000000000000000000e+00 0.000000000000000000e+00 0.000000000000000000e+00 0.000000000000000000e+00 0.000000000000000000e+00 0.000000000000000000e+00 0.000000000000000000e+00 0.000000000000000000e+00 2.260908885371919555e-04 0.000000000000000000e+00 7.462686567164179179e-04 0.000000000000000000e+00 0.000000000000000000e+00 0.000000000000000000e+00 0.000000000000000000e+00 0.000000000000000000e+00 0.000000000000000000e+00 0.000000000000000000e+00 0.000000000000000000e+00 0.000000000000000000e+00 0.000000000000000000e+00
1.458847437944549297e-01 4.645086369574683884e-03 1.882711569168239174e-01 6.386993758165190882e-03 6.386993758165190882e-03 2.903178980984177427e-04 0.000000000000000000e+00 3.420982023074858880e-02 2.561117578579743745e-02 2.171552660152008783e-03 1.355360755225893388e-01 1.225680933852140060e-02 2.886405959031657087e-01 1.346624693948933124e-02 8.857395925597874933e-03 7.730962504831851096e-04 3.056404556821339449e-03 3.020446096654275277e-03 9.471432936144210876e-03 3.957423580786025887e-03 0.000000000000000000e+00 0.000000000000000000e+00 9.375585974123383168e-03 1.160031637226469764e-02 0.000000000000000000e+00 0.000000000000000000e+00 0.000000000000000000e+00 0.000000000000000000e+00 9.664948453608247780e-03 4.467754467754467967e-03 2.672147995889002925e-02 2.208270188352457267e-02 8.017960230917254910e-04 5.431642205015601264e-03 0.000000000000000000e+00 0.000000000000000000e+00 8.573878250928837009e-04 1.009081735620585276e-03 0.000000000000000000e+00 1.273074474856779022e-03 1.000000000000000021e-02 0.000000000000000000e+00 0.000000000000000000e+00 0.000000000000000000e+00 5.388656877273339824e-04 0.000000000000000000e+00 0.000000000000000000e+00 0.000000000000000000e+00 1.001502253380069998e-03 1.043296817944705274e-04 6.336228921819110800e-03 8.331944675887352741e-05 0.000000000000000000e+00 0.000000000000000000e+00 2.113718030014795932e-04 0.000000000000000000e+00 4.654687161723316396e-03 2.558199027884369551e-04 2.436053593179049806e-03 2.115506663845991052e-04 4.362578768783324963e-03 0.000000000000000000e+00 1.401869158878504568e-03 0.000000000000000000e+00 2.356673464763199555e-02 0.000000000000000000e+00 2.353827323227568151e-03 2.290163746707889593e-04 7.050943063634761143e-04 2.340823970037453209e-04 6.565656565656566301e-02 1.326100060277275554e-03 3.387517061670182461e-02 2.600339174674957780e-03 0.000000000000000000e+00 0.000000000000000000e+00 1.736111111111111188e-02 8.044656049909702095e-03 0.000000000000000000e+00 0.000000000000000000e+00 3.877847794474067068e-03 4.835589941972920727e-04 0.000000000000000000e+00 0.000000000000000000e+00 2.746022392457277486e-02 4.503490204908804301e-04 0.000000000000000000e+00 0.000000000000000000e+00 1.482059282371294903e-02 4.112687641373637430e-04 0.000000000000000000e+00 0.000000000000000000e+00 0.000000000000000000e+00 4.490345756623259784e-04 0.000000000000000000e+00 4.115226337448560021e-03 0.000000000000000000e+00 0.000000000000000000e+00 6.353240152477763938e-04 0.000000000000000000e+00 0.000000000000000000e+00 0.000000000000000000e+00 0.000000000000000000e+00 2.260908885371919555e-04 0.000000000000000000e+00 0.000000000000000000e+00 0.000000000000000000e+00 0.000000000000000000e+00 0.000000000000000000e+00 0.000000000000000000e+00 0.000000000000000000e+00 0.000000000000000000e+00 0.000000000000000000e+00 0.000000000000000000e+00 0.000000000000000000e+00 0.000000000000000000e+00
8.988462570431982046e-03 1.062516769519721016e-01 1.193989804132009579e-02 9.873893211698417383e-02 2.683123155352830575e-04 1.073249262141132230e-03 3.420982023074858880e-02 0.000000000000000000e+00 2.910360884749709116e-03 1.411509229098805718e-01 1.416048550236008105e-02 1.457198443579766634e-01 1.613904407200496618e-02 2.240293809024134219e-01 3.542958370239149800e-03 2.126014688828759339e-02 5.557099194220616392e-04 1.696096654275092847e-02 1.619309501985945546e-02 1.255458515283842773e-02 0.000000000000000000e+00 0.000000000000000000e+00 3.131445715357209642e-02 1.740047455839704646e-02 4.823151125401929640e-03 1.816118047673098701e-02 0.000000000000000000e+00 1.687763713080168808e-03 1.771907216494845354e-03 4.195804195804195974e-02 1.901336073997944576e-02 9.309374323446632793e-03 2.886465683130211637e-03 4.738241072460418549e-03 0.000000000000000000e+00 1.536885245901639316e-03 5.715918833952558006e-04 5.549949545913219345e-03 0.000000000000000000e+00 7.001909611712285597e-03 0.000000000000000000e+00 0.000000000000000000e+00 0.000000000000000000e+00 0.000000000000000000e+00 0.000000000000000000e+00 2.802485682953576029e-03 0.000000000000000000e+00 5.070136893696129948e-04 0.000000000000000000e+00 5.425143453312467751e-03 1.021972406745017827e-04 1.583069488418597029e-02 0.000000000000000000e+00 1.217100258633804950e-03 0.000000000000000000e+00 7.017543859649122287e-04 1.082485386447282921e-04 9.721156305960603969e-03 0.000000000000000000e+00 6.346519991537973374e-03 1.615769914364194521e-04 8.570766736159370069e-03 0.000000000000000000e+00 1.007252215954875007e-03 0.000000000000000000e+00 9.259259259259258745e-03 2.824592787873081673e-04 4.809343868086568552e-03 0.000000000000000000e+00 4.681647940074906418e-04 2.645502645502645356e-03 8.595539481615431521e-02 5.707904206477230034e-03 2.543810062182023587e-02 0.000000000000000000e+00 1.760563380281690181e-03 1.192632850241545812e-02 2.692497126908553751e-02 0.000000000000000000e+00 0.000000000000000000e+00 0.000000000000000000e+00 6.286266924564796674e-03 0.000000000000000000e+00 1.569858712715855665e-03 1.178550383028874484e-04 2.465660887187570358e-02 0.000000000000000000e+00 0.000000000000000000e+00 2.600104004160166678e-04 2.632120090479127955e-02 0.000000000000000000e+00 8.183306055646481563e-04 0.000000000000000000e+00 0.000000000000000000e+00 0.000000000000000000e+00 2.057613168724279837e-02 0.000000000000000000e+00 0.000000000000000000e+00 1.270648030495552788e-03 1.869158878504672975e-03 0.000000000000000000e+00 0.000000000000000000e+00 7.606008746910058798e-04 2.260908885371919555e-04 0.000000000000000000e+00 0.000000000000000000e+00 0.000000000000000000e+00 0.000000000000000000e+00 0.000000000000000000e+00 0.000000000000000000e+00 0.000000000000000000e+00 0.000000000000000000e+00 0.000000000000000000e+00 0.000000000000000000e+00 0.000000000000000000e+00 0.000000000000000000e+00
5.820721769499417799e-04 0.000000000000000000e+00 2.153667054714784521e-02 1.164144353899883560e-03 4.342258440046565804e-01 2.910360884749709116e-03 2.561117578579743745e-02 2.910360884749709116e-03 0.000000000000000000e+00 3.257328990228013175e-03 3.371544167228590540e-03 0.000000000000000000e+00 1.427684667908131651e-02 5.246589716684155452e-04 2.240921169176262051e-01 1.932740626207962937e-03 0.000000000000000000e+00 0.000000000000000000e+00 0.000000000000000000e+00 0.000000000000000000e+00 0.000000000000000000e+00 0.000000000000000000e+00 1.312582036377273661e-03 7.909306617453203429e-04 1.607717041800643069e-03 1.135073779795686688e-03 7.281964436917866268e-02 0.000000000000000000e+00 7.087628865979381416e-03 0.000000000000000000e+00 2.312435765673175742e-03 1.082485386447283029e-03 0.000000000000000000e+00 0.000000000000000000e+00 0.000000000000000000e+00 0.000000000000000000e+00 2.857959416976279003e-04 0.000000000000000000e+00 0.000000000000000000e+00 0.000000000000000000e+00 0.000000000000000000e+00 0.000000000000000000e+00 0.000000000000000000e+00 0.000000000000000000e+00 0.000000000000000000e+00 0.000000000000000000e+00 0.000000000000000000e+00 0.000000000000000000e+00 0.000000000000000000e+00 0.000000000000000000e+00 1.021972406745017827e-04 0.000000000000000000e+00 0.000000000000000000e+00 0.000000000000000000e+00 0.000000000000000000e+00 0.000000000000000000e+00 0.000000000000000000e+00 0.000000000000000000e+00 0.000000000000000000e+00 0.000000000000000000e+00 0.000000000000000000e+00 0.000000000000000000e+00 0.000000000000000000e+00 0.000000000000000000e+00 2.266032177656922774e-04 0.000000000000000000e+00 0.000000000000000000e+00 0.000000000000000000e+00 0.000000000000000000e+00 0.000000000000000000e+00 3.727753727753727823e-03 0.000000000000000000e+00 9.182280679985109148e-03 0.000000000000000000e+00 0.000000000000000000e+00 0.000000000000000000e+00 1.358695652173913006e-03 0.000000000000000000e+00 0.000000000000000000e+00 0.000000000000000000e+00 4.847309743092583834e-04 0.000000000000000000e+00 0.000000000000000000e+00 0.000000000000000000e+00 4.714201532115497935e-04 0.000000000000000000e+00 0.000000000000000000e+00 0.000000000000000000e+00 2.600104004160166678e-04 0.000000000000000000e+00 0.000000000000000000e+00 0.000000000000000000e+00 0.000000000000000000e+00 0.000000000000000000e+00 5.376344086021505805e-03 0.000000000000000000e+00 0.000000000000000000e+00 0.000000000000000000e+00 6.353240152477763938e-04 0.000000000000000000e+00 0.000000000000000000e+00 0.000000000000000000e+00 0.000000000000000000e+00 0.000000000000000000e+00 0.000000000000000000e+00 0.000000000000000000e+00 0.000000000000000000e+00 0.000000000000000000e+00 0.000000000000000000e+00 0.000000000000000000e+00 0.000000000000000000e+00 0.000000000000000000e+00 0.000000000000000000e+00 0.000000000000000000e+00 0.000000000000000000e+00 0.000000000000000000e+00
0.000000000000000000e+00 2.171552660152008783e-03 5.428881650380021524e-03 1.628664495114006544e-02 4.343105320304017566e-03 1.856677524429967419e-01 2.171552660152008783e-03 1.411509229098805718e-01 3.257328990228013175e-03 0.000000000000000000e+00 0.000000000000000000e+00 1.750972762645914465e-03 0.000000000000000000e+00 2.448408534452605877e-03 8.857395925597874500e-04 1.105527638190954842e-01 0.000000000000000000e+00 0.000000000000000000e+00 0.000000000000000000e+00 0.000000000000000000e+00 0.000000000000000000e+00 0.000000000000000000e+00 1.500093755859741203e-03 1.318217769575533941e-03 0.000000000000000000e+00 5.675368898978433441e-03 8.467400508044030166e-04 0.000000000000000000e+00 0.000000000000000000e+00 6.604506604506604935e-03 7.965056526207605139e-03 8.659883091578263366e-04 0.000000000000000000e+00 1.155668554258638627e-04 0.000000000000000000e+00 0.000000000000000000e+00 0.000000000000000000e+00 2.522704339051463191e-04 0.000000000000000000e+00 6.365372374283895110e-04 0.000000000000000000e+00 0.000000000000000000e+00 0.000000000000000000e+00 0.000000000000000000e+00 0.000000000000000000e+00 0.000000000000000000e+00 0.000000000000000000e+00 1.690045631232043135e-04 0.000000000000000000e+00 0.000000000000000000e+00 0.000000000000000000e+00 0.000000000000000000e+00 0.000000000000000000e+00 0.000000000000000000e+00 0.000000000000000000e+00 2.339181286549707700e-04 0.000000000000000000e+00 3.837298541826554056e-04 0.000000000000000000e+00 0.000000000000000000e+00 0.000000000000000000e+00 0.000000000000000000e+00 0.000000000000000000e+00 4.029008863819500243e-04 0.000000000000000000e+00 0.000000000000000000e+00 0.000000000000000000e+00 1.145081873353944797e-04 0.000000000000000000e+00 2.340823970037453209e-04 1.202501202501202545e-04 6.509945750452079440e-03 1.240848740538528410e-04 1.040135669869983112e-02 0.000000000000000000e+00 2.934272300469483417e-03 0.000000000000000000e+00 4.925299622393695780e-04 0.000000000000000000e+00 0.000000000000000000e+00 0.000000000000000000e+00 1.692456479690522281e-03 0.000000000000000000e+00 0.000000000000000000e+00 0.000000000000000000e+00 6.755235307363206994e-04 0.000000000000000000e+00 4.524886877828054703e-03 0.000000000000000000e+00 1.439440674480773263e-03 0.000000000000000000e+00 0.000000000000000000e+00 0.000000000000000000e+00 0.000000000000000000e+00 0.000000000000000000e+00 0.000000000000000000e+00 0.000000000000000000e+00 0.000000000000000000e+00 0.000000000000000000e+00 0.000000000000000000e+00 0.000000000000000000e+00 0.000000000000000000e+00 0.000000000000000000e+00 0.000000000000000000e+00 0.000000000000000000e+00 0.000000000000000000e+00 0.000000000000000000e+00 0.000000000000000000e+00 0.000000000000000000e+00 0.000000000000000000e+00 0.000000000000000000e+00 0.000000000000000000e+00 0.000000000000000000e+00 0.000000000000000000e+00 0.000000000000000000e+00 0.000000000000000000e+00
1.581254214430209137e-01 1.685772083614295270e-03 3.101820633850303419e-02 3.708698583951449551e-03 0.000000000000000000e+00 0.000000000000000000e+00 1.355360755225893388e-01 1.416048550236008105e-02 3.371544167228590540e-03 0.000000000000000000e+00 0.000000000000000000e+00 1.556420233463035128e-03 1.504241671839437189e-01 3.497726477789436968e-04 7.085916740478299600e-03 0.000000000000000000e+00 2.584051125312586752e-02 1.161710037174721244e-03 1.099908340971585650e-02 2.046943231441048037e-03 0.000000000000000000e+00 0.000000000000000000e+00 8.625539096193511265e-03 3.427366200896387900e-03 0.000000000000000000e+00 0.000000000000000000e+00 0.000000000000000000e+00 0.000000000000000000e+00 6.346649484536082131e-02 3.885003885003885001e-04 1.104830421377183888e-02 2.164970772894565841e-04 8.017960230917254910e-04 1.733502831387957873e-03 0.000000000000000000e+00 0.000000000000000000e+00 1.143183766790511601e-03 2.522704339051463191e-04 0.000000000000000000e+00 6.365372374283895110e-04 0.000000000000000000e+00 0.000000000000000000e+00 1.448645516442126509e-04 0.000000000000000000e+00 0.000000000000000000e+00 1.218472036066772275e-04 0.000000000000000000e+00 0.000000000000000000e+00 0.000000000000000000e+00 0.000000000000000000e+00 8.175779253960142618e-04 0.000000000000000000e+00 0.000000000000000000e+00 0.000000000000000000e+00 0.000000000000000000e+00 0.000000000000000000e+00 5.412426932236415146e-04 0.000000000000000000e+00 2.706726214643388794e-04 0.000000000000000000e+00 1.292615931491355617e-03 0.000000000000000000e+00 7.009345794392522842e-04 0.000000000000000000e+00 3.625651484251076438e-03 0.000000000000000000e+00 7.532247434328217433e-04 0.000000000000000000e+00 1.762735765908690286e-04 0.000000000000000000e+00 3.667628667628667488e-02 0.000000000000000000e+00 6.080158828638789099e-03 1.130582249858677190e-04 0.000000000000000000e+00 0.000000000000000000e+00 5.736714975845410951e-03 1.805943194877688380e-03 0.000000000000000000e+00 0.000000000000000000e+00 0.000000000000000000e+00 0.000000000000000000e+00 0.000000000000000000e+00 0.000000000000000000e+00 1.178550383028874457e-03 0.000000000000000000e+00 0.000000000000000000e+00 0.000000000000000000e+00 1.300052002080083176e-03 0.000000000000000000e+00 0.000000000000000000e+00 0.000000000000000000e+00 0.000000000000000000e+00 0.000000000000000000e+00 0.000000000000000000e+00 0.000000000000000000e+00 0.000000000000000000e+00 0.000000000000000000e+00 0.000000000000000000e+00 0.000000000000000000e+00 0.000000000000000000e+00 0.000000000000000000e+00 0.000000000000000000e+00 0.000000000000000000e+00 0.000000000000000000e+00 0.000000000000000000e+00 0.000000000000000000e+00 0.000000000000000000e+00 0.000000000000000000e+00 0.000000000000000000e+00 0.000000000000000000e+00 0.000000000000000000e+00 0.000000000000000000e+00 0.000000000000000000e+00 0.000000000000000000e+00 0.000000000000000000e+00
1.361867704280155574e-03 1.112840466926069971e-01 4.669260700389104950e-03 3.112840466926070082e-02 1.945525291828793910e-04 0.000000000000000000e+00 1.225680933852140060e-02 1.457198443579766634e-01 0.000000000000000000e+00 1.750972762645914465e-03 1.556420233463035128e-03 0.000000000000000000e+00 2.896751500103455536e-03 3.039524309199020391e-01 0.000000000000000000e+00 2.435253189022033166e-02 0.000000000000000000e+00 5.088289962825278540e-02 1.069355331500152764e-03 1.610262008733624392e-02 0.000000000000000000e+00 0.000000000000000000e+00 5.812863303956497703e-03 1.740047455839704646e-02 0.000000000000000000e+00 0.000000000000000000e+00 0.000000000000000000e+00 0.000000000000000000e+00 3.221649484536082413e-04 5.400155400155400021e-02 4.624871531346351483e-03 4.546438623078588592e-03 8.017960230917254910e-04 6.587310759274240569e-03 0.000000000000000000e+00 0.000000000000000000e+00 0.000000000000000000e+00 7.568113017154389031e-04 0.000000000000000000e+00 0.000000000000000000e+00 0.000000000000000000e+00 0.000000000000000000e+00 0.000000000000000000e+00 0.000000000000000000e+00 0.000000000000000000e+00 2.436944072133544550e-04 0.000000000000000000e+00 0.000000000000000000e+00 0.000000000000000000e+00 6.259780907668231103e-04 0.000000000000000000e+00 1.583069488418596899e-03 0.000000000000000000e+00 1.521375323292256188e-04 0.000000000000000000e+00 0.000000000000000000e+00 0.000000000000000000e+00 4.221028396009209732e-03 0.000000000000000000e+00 1.057753331922995635e-03 0.000000000000000000e+00 4.632846884410470566e-03 0.000000000000000000e+00 8.662369057211925794e-03 0.000000000000000000e+00 5.099302200751476208e-03 0.000000000000000000e+00 5.725409366769723847e-04 0.000000000000000000e+00 4.681647940074906418e-04 3.607503607503607500e-04 4.846292947558770298e-02 9.926789924308227278e-04 1.695873374788015812e-03 0.000000000000000000e+00 0.000000000000000000e+00 2.113526570048309024e-03 2.626826465276637605e-03 0.000000000000000000e+00 0.000000000000000000e+00 0.000000000000000000e+00 1.208897485493230090e-02 0.000000000000000000e+00 0.000000000000000000e+00 0.000000000000000000e+00 1.733843728889889607e-02 0.000000000000000000e+00 0.000000000000000000e+00 0.000000000000000000e+00 1.460004112687641326e-02 0.000000000000000000e+00 0.000000000000000000e+00 0.000000000000000000e+00 0.000000000000000000e+00 0.000000000000000000e+00 0.000000000000000000e+00 0.000000000000000000e+00 0.000000000000000000e+00 0.000000000000000000e+00 0.000000000000000000e+00 0.000000000000000000e+00 0.000000000000000000e+00 0.000000000000000000e+00 0.000000000000000000e+00 0.000000000000000000e+00 0.000000000000000000e+00 0.000000000000000000e+00 0.000000000000000000e+00 0.000000000000000000e+00 0.000000000000000000e+00 0.000000000000000000e+00 0.000000000000000000e+00 0.000000000000000000e+00 0.000000000000000000e+00 0.000000000000000000e+00 0.000000000000000000e+00
5.690047589488930052e-02 6.207324643078832981e-04 2.420856610800744754e-02 7.034967928822677234e-03 8.276432857438443614e-04 0.000000000000000000e+00 2.886405959031657087e-01 1.613904407200496618e-02 1.427684667908131651e-02 0.000000000000000000e+00 1.504241671839437189e-01 2.896751500103455536e-03 0.000000000000000000e+00 4.896817068905211755e-03 1.638618246235606646e-01 1.932740626207962937e-03 2.500694637399277376e-03 2.323420074349442270e-04 5.957836846929422635e-03 9.552401746724890333e-04 0.000000000000000000e+00 0.000000000000000000e+00 1.237577348584286557e-02 6.591088847877669271e-03 0.000000000000000000e+00 0.000000000000000000e+00 0.000000000000000000e+00 0.000000000000000000e+00 7.796391752577319645e-02 1.165501165501165500e-03 1.515930113052415228e-02 7.360900627841524511e-03 9.621552277100705458e-04 2.195770253091413379e-03 0.000000000000000000e+00 0.000000000000000000e+00 8.573878250928837009e-04 5.045408678102926382e-04 0.000000000000000000e+00 0.000000000000000000e+00 0.000000000000000000e+00 0.000000000000000000e+00 0.000000000000000000e+00 0.000000000000000000e+00 0.000000000000000000e+00 0.000000000000000000e+00 0.000000000000000000e+00 0.000000000000000000e+00 2.503755633450174996e-04 0.000000000000000000e+00 2.043944813490035980e-03 0.000000000000000000e+00 0.000000000000000000e+00 0.000000000000000000e+00 0.000000000000000000e+00 0.000000000000000000e+00 4.329941545789132117e-03 0.000000000000000000e+00 5.413452429286777588e-04 2.115506663845991052e-04 5.170463725965422468e-03 0.000000000000000000e+00 4.439252336448598450e-03 0.000000000000000000e+00 1.608882846136415121e-02 0.000000000000000000e+00 8.473778363619244476e-04 0.000000000000000000e+00 8.813678829543451429e-04 0.000000000000000000e+00 3.872053872053871776e-02 1.205545509342977739e-04 2.295570169996277374e-02 1.469756924816280428e-03 0.000000000000000000e+00 0.000000000000000000e+00 8.756038647342995890e-03 1.313413232638318802e-03 3.100775193798449569e-03 0.000000000000000000e+00 6.059137178865729549e-03 0.000000000000000000e+00 0.000000000000000000e+00 0.000000000000000000e+00 1.296405421331761967e-02 1.125872551227201075e-04 0.000000000000000000e+00 0.000000000000000000e+00 6.500260010400415664e-03 0.000000000000000000e+00 0.000000000000000000e+00 0.000000000000000000e+00 0.000000000000000000e+00 0.000000000000000000e+00 5.376344086021505805e-03 0.000000000000000000e+00 0.000000000000000000e+00 0.000000000000000000e+00 0.000000000000000000e+00 0.000000000000000000e+00 0.000000000000000000e+00 0.000000000000000000e+00 0.000000000000000000e+00 0.000000000000000000e+00 0.000000000000000000e+00 0.000000000000000000e+00 0.000000000000000000e+00 0.000000000000000000e+00 0.000000000000000000e+00 0.000000000000000000e+00 0.000000000000000000e+00 0.000000000000000000e+00 0.000000000000000000e+00 0.000000000000000000e+00 0.000000000000000000e+00 0.000000000000000000e+00
