0.000000000000000000e+00 2.729486856470983436e-02 8.041540299604815756e-02 2.439283062891080787e-03 2.091503267973856411e-03 0.000000000000000000e+00 1.387078961899503027e-01 9.797517962116264207e-04 2.086593635889410440e-03 0.000000000000000000e+00 2.601826709454455600e-01 1.836359926545602910e-03 3.921943753587143339e-02 1.657000828500414323e-04 2.179327521793275255e-03 0.000000000000000000e+00 5.631599530700039102e-02 3.614714012332553589e-03 7.934074357991567628e-02 3.027364792070674424e-02 0.000000000000000000e+00 0.000000000000000000e+00 1.152903876639285296e-03 5.282620179609086308e-04 0.000000000000000000e+00 0.000000000000000000e+00 0.000000000000000000e+00 0.000000000000000000e+00 3.944106378183457468e-02 2.332814930015552311e-03 1.870907390084190856e-03 4.796163069544364613e-04 3.772991667976733493e-02 1.548269581056466344e-02 1.131648434552998909e-03 0.000000000000000000e+00 1.432823129251700744e-01 3.522504892367906218e-03 0.000000000000000000e+00 0.000000000000000000e+00 0.000000000000000000e+00 0.000000000000000000e+00 2.678093197643277926e-04 0.000000000000000000e+00 6.864360241625480598e-04 0.000000000000000000e+00 0.000000000000000000e+00 0.000000000000000000e+00 7.123870281765018464e-03 2.853609816417768358e-04 2.051242356219521584e-02 7.336757153338224345e-05 0.000000000000000000e+00 0.000000000000000000e+00 3.815080789946139958e-03 0.000000000000000000e+00 1.976772918211020524e-01 3.867830699524809224e-03 3.052516411378555783e-02 6.205398696866273227e-04 5.247739141510635724e-02 0.000000000000000000e+00 9.819393301770997992e-03 3.473428273706147783e-04 3.430979133226324390e-02 0.000000000000000000e+00 2.135891029257677015e-02 5.089058524173027936e-04 1.771539206195547056e-01 9.929906542056074134e-03 1.223745624270711763e-01 1.306975984316288133e-03 5.493000608642726462e-02 2.620373403209957236e-03 4.199353945546838857e-02 0.000000000000000000e+00 9.102877562535263700e-02 4.859086491739553031e-03 0.000000000000000000e+00 0.000000000000000000e+00 1.859504132231404967e-03 0.000000000000000000e+00 1.233045622688039474e-03 0.000000000000000000e+00 1.667003435037381354e-02 1.928268414963362897e-04 7.396449704142011661e-04 0.000000000000000000e+00 1.051546391752577331e-02 0.000000000000000000e+00 2.054442732408834175e-03 0.000000000000000000e+00 0.000000000000000000e+00 0.000000000000000000e+00 1.005586592178770999e-01 0.000000000000000000e+00 1.863932898415656975e-03 0.000000000000000000e+00 2.970297029702970333e-03 0.000000000000000000e+00 0.000000000000000000e+00 0.000000000000000000e+00 0.000000000000000000e+00 1.072673639045320466e-03 5.411906193625977413e-03 8.936550491510276842e-04 4.390779363336992473e-03 2.103049421661408978e-03 0.000000000000000000e+00 0.000000000000000000e+00 0.000000000000000000e+00 0.000000000000000000e+00 0.000000000000000000e+00 0.000000000000000000e+00 0.000000000000000000e+00 0.000000000000000000e+00
2.729486856470983436e-02 0.000000000000000000e+00 4.227552614649388550e-03 5.631562201718103705e-02 0.000000000000000000e+00 9.612303748798462248e-04 3.423522915516289539e-03 1.011321576311778742e-01 5.216484089723526099e-04 7.012622720897615514e-03 2.715378918785485256e-03 6.855743725770251096e-02 5.739429883298258856e-04 2.850041425020712407e-02 3.113325031133250286e-04 3.690036900369003583e-03 2.737583105201407945e-03 5.804805443334042081e-02 3.334610962054426753e-02 1.399482870071105389e-01 0.000000000000000000e+00 0.000000000000000000e+00 7.205649228995532557e-04 2.641310089804543154e-04 0.000000000000000000e+00 0.000000000000000000e+00 0.000000000000000000e+00 0.000000000000000000e+00 1.803020058598151952e-03 3.602903058579574880e-02 3.118178983473651571e-03 4.796163069544364613e-04 2.310957396635749186e-02 2.128870673952641332e-02 0.000000000000000000e+00 9.199632014719411142e-04 5.102040816326530205e-03 7.436399217221134617e-02 0.000000000000000000e+00 0.000000000000000000e+00 0.000000000000000000e+00 7.692307692307692735e-02 0.000000000000000000e+00 1.763357432551578171e-04 0.000000000000000000e+00 4.918234353866961618e-04 0.000000000000000000e+00 0.000000000000000000e+00 0.000000000000000000e+00 4.375535051840578546e-03 7.740537193281213976e-05 1.460014673514306756e-02 0.000000000000000000e+00 3.145643284051588399e-04 0.000000000000000000e+00 2.299379167624741177e-03 3.088707684704719569e-03 2.476516742181456565e-01 2.188183807439825028e-04 4.623022029165373831e-02 0.000000000000000000e+00 3.694906307732911260e-02 1.753463089601964005e-04 2.500868357068426404e-02 0.000000000000000000e+00 3.862660944206008917e-02 7.253969533327959572e-04 1.944020356234096858e-02 2.168441432720232334e-02 2.544781931464174529e-01 8.751458576429405230e-04 6.796275118444698726e-02 2.130249543517954893e-03 6.201550387596899139e-02 4.614674665436086691e-04 5.241935483870968117e-03 6.206507429001316238e-03 9.407191448007774792e-02 0.000000000000000000e+00 0.000000000000000000e+00 2.066115702479338792e-04 2.658160552897395092e-03 0.000000000000000000e+00 0.000000000000000000e+00 0.000000000000000000e+00 2.284998071731585145e-02 0.000000000000000000e+00 6.613756613756613389e-04 6.185567010309277842e-04 7.411889275450007919e-03 1.540832049306625632e-03 7.400098667982239753e-03 0.000000000000000000e+00 1.100917431192660612e-02 5.586592178770949900e-03 3.200000000000000067e-02 9.319664492078284877e-04 2.222222222222222220e-03 1.980198019801980222e-03 2.797202797202797200e-03 0.000000000000000000e+00 2.173913043478260809e-02 1.298279779292437494e-03 2.145347278090640932e-03 0.000000000000000000e+00 1.489425081918379582e-03 1.097694840834248118e-03 2.103049421661408978e-03 0.000000000000000000e+00 0.000000000000000000e+00 0.000000000000000000e+00 0.000000000000000000e+00 0.000000000000000000e+00 0.000000000000000000e+00 0.000000000000000000e+00 0.000000000000000000e+00
8.041540299604815756e-02 4.227552614649388550e-03 0.000000000000000000e+00 9.863188036907413053e-03 7.686274509803921184e-02 4.485741749439282021e-03 2.713418001104362376e-01 1.578489005007620294e-02 3.808033385498173912e-02 6.311360448807853962e-03 5.554184152061219376e-02 8.161599673536013705e-03 9.718767935718385098e-02 1.010770505385252642e-02 8.841843088418431529e-02 6.062203479177649332e-03 1.838091513492373999e-02 2.976823304273867789e-03 1.163919764916315353e-01 7.541478129713423927e-03 0.000000000000000000e+00 0.000000000000000000e+00 1.776913099870298385e-01 1.664025356576862014e-02 8.179271708683473474e-02 9.905894006934125307e-04 7.355645457888929963e-04 5.479452054794520157e-04 2.276312823980166863e-02 2.592016588906168994e-03 3.866541939507327913e-02 3.405275779376498724e-02 1.524917465807263013e-02 1.001821493624772269e-02 0.000000000000000000e+00 9.199632014719411142e-04 3.358843537414966246e-02 7.827788649706458142e-04 0.000000000000000000e+00 0.000000000000000000e+00 0.000000000000000000e+00 0.000000000000000000e+00 9.373326191751472740e-04 0.000000000000000000e+00 4.118616144975288359e-04 0.000000000000000000e+00 2.264306298888431584e-03 0.000000000000000000e+00 7.336523125996810384e-03 0.000000000000000000e+00 7.276104961684340920e-03 1.467351430667644869e-04 5.479452054794520157e-04 0.000000000000000000e+00 1.122082585278276522e-03 2.299379167624741394e-04 5.806770447244872374e-03 4.420377942314067670e-04 1.017505470459518536e-02 1.551349674216568307e-04 5.094892370398675444e-03 7.917656373713380467e-04 1.402770471681571204e-03 0.000000000000000000e+00 2.608346709470305089e-03 1.226241569589209008e-04 1.805432417183847754e-02 2.035623409669211066e-04 6.969990319457889522e-03 1.947040498442367546e-04 4.740373395565927739e-02 1.470347982355824177e-03 9.631771150334753062e-02 3.603013429413691633e-03 3.876326718966312951e-02 4.032258064516129029e-04 1.040060184314463010e-01 6.025267249757045723e-03 0.000000000000000000e+00 0.000000000000000000e+00 1.859504132231404967e-03 0.000000000000000000e+00 4.932182490752157894e-03 0.000000000000000000e+00 1.121438674479692879e-02 3.856536829926725794e-04 5.177514792899408705e-03 0.000000000000000000e+00 1.092783505154639248e-02 3.025260928755105151e-04 5.136106831022085439e-04 1.480019733596447864e-03 0.000000000000000000e+00 0.000000000000000000e+00 8.379888268156424069e-02 8.000000000000000167e-03 0.000000000000000000e+00 0.000000000000000000e+00 0.000000000000000000e+00 0.000000000000000000e+00 0.000000000000000000e+00 0.000000000000000000e+00 0.000000000000000000e+00 2.681684097613301165e-04 1.803968731208659138e-03 2.978850163836758947e-04 3.293084522502744138e-03 0.000000000000000000e+00 0.000000000000000000e+00 0.000000000000000000e+00 0.000000000000000000e+00 0.000000000000000000e+00 0.000000000000000000e+00 0.000000000000000000e+00 0.000000000000000000e+00 0.000000000000000000e+00
2.439283062891080787e-03 5.631562201718103705e-02 9.863188036907413053e-03 0.000000000000000000e+00 5.228758169934640161e-03 5.222685036847164036e-02 1.579237990060739991e-02 1.749401262791203948e-01 2.608242044861763375e-03 1.262272089761570792e-02 4.443347321648975952e-03 5.651907773923688788e-02 6.313372871628085067e-03 6.793703396851698273e-02 3.735990037359900560e-03 7.459146020031628965e-02 1.564333202972232988e-03 2.700403997448437218e-02 5.366040628593330905e-03 1.251885369532428349e-01 0.000000000000000000e+00 0.000000000000000000e+00 2.810203199308257752e-02 2.250396196513470559e-01 8.963585434173668848e-03 1.025260029717681987e-01 1.103346818683339494e-03 1.643835616438356264e-03 2.028397565922920864e-03 3.317781233799896312e-02 2.245088868101028853e-02 5.347721822541966208e-02 7.860399308284861733e-03 3.142076502732240456e-02 3.772161448509996182e-04 4.139834406623734905e-03 8.503401360544217370e-04 2.191780821917808236e-02 0.000000000000000000e+00 3.521126760563380361e-03 0.000000000000000000e+00 0.000000000000000000e+00 0.000000000000000000e+00 2.645036148827367120e-04 0.000000000000000000e+00 0.000000000000000000e+00 0.000000000000000000e+00 3.604902667627973845e-04 0.000000000000000000e+00 2.758489489203843053e-03 7.740537193281213976e-05 4.988994864269992446e-03 0.000000000000000000e+00 1.572821642025794199e-04 0.000000000000000000e+00 4.598758335249482788e-04 2.470966147763775721e-04 6.188529119239695279e-03 2.188183807439825028e-04 1.690971144896059528e-02 1.273723092599668915e-04 2.903140670361572910e-03 0.000000000000000000e+00 1.215699895797151724e-03 6.019261637239165007e-04 3.801348865726548142e-03 3.223986459256871222e-04 1.302798982188295082e-02 1.936108422071636129e-04 2.920560747663551292e-03 2.479579929988331554e-03 6.240810325110276308e-02 2.738892270237370825e-03 8.483458892892237202e-02 9.229349330872173383e-04 4.435483870967741986e-03 3.009215723152153590e-03 1.051506316812439307e-01 0.000000000000000000e+00 0.000000000000000000e+00 0.000000000000000000e+00 2.658160552897395092e-03 0.000000000000000000e+00 4.319654427645788601e-03 0.000000000000000000e+00 3.567296567682221291e-03 0.000000000000000000e+00 4.629629629629629373e-03 2.061855670103092885e-04 2.873997882317349921e-03 1.027221366204417088e-03 5.426739023186975645e-03 0.000000000000000000e+00 0.000000000000000000e+00 5.586592178770949900e-03 0.000000000000000000e+00 0.000000000000000000e+00 0.000000000000000000e+00 2.970297029702970333e-03 1.398601398601398600e-03 0.000000000000000000e+00 0.000000000000000000e+00 0.000000000000000000e+00 1.877178868329310761e-03 0.000000000000000000e+00 8.936550491510276842e-04 1.097694840834248118e-03 0.000000000000000000e+00 0.000000000000000000e+00 0.000000000000000000e+00 8.410428931875525271e-04 0.000000000000000000e+00 0.000000000000000000e+00 0.000000000000000000e+00 0.000000000000000000e+00 0.000000000000000000e+00
2.091503267973856411e-03 0.000000000000000000e+00 7.686274509803921184e-02 5.228758169934640161e-03 0.000000000000000000e+00 6.728612624158923465e-03 5.521811154058531290e-03 1.088613106901807062e-03 4.360980699008867867e-01 2.103786816269284654e-03 1.234263144902493200e-03 0.000000000000000000e+00 6.313372871628085067e-03 9.942004971002485394e-04 2.584059775840597539e-01 5.007907221929361850e-03 1.955416503715291235e-04 0.000000000000000000e+00 5.110514884374600707e-04 0.000000000000000000e+00 1.000000000000000021e-02 0.000000000000000000e+00 4.755728491137051032e-03 7.923930269413629462e-03 1.282913165266106326e-01 1.139177810797424410e-02 2.585509378447958806e-01 1.643835616438356264e-03 7.662835249042145198e-03 2.592016588906168994e-04 3.429996881821016641e-03 1.223021582733812944e-02 0.000000000000000000e+00 1.138433515482695810e-04 0.000000000000000000e+00 0.000000000000000000e+00 0.000000000000000000e+00 0.000000000000000000e+00 0.000000000000000000e+00 0.000000000000000000e+00 0.000000000000000000e+00 0.000000000000000000e+00 2.678093197643277926e-04 0.000000000000000000e+00 0.000000000000000000e+00 0.000000000000000000e+00 0.000000000000000000e+00 0.000000000000000000e+00 0.000000000000000000e+00 0.000000000000000000e+00 7.740537193281213976e-05 0.000000000000000000e+00 0.000000000000000000e+00 0.000000000000000000e+00 0.000000000000000000e+00 0.000000000000000000e+00 1.235483073881887860e-04 0.000000000000000000e+00 0.000000000000000000e+00 0.000000000000000000e+00 8.916061648197681593e-04 0.000000000000000000e+00 0.000000000000000000e+00 0.000000000000000000e+00 6.019261637239165007e-04 0.000000000000000000e+00 0.000000000000000000e+00 0.000000000000000000e+00 1.936108422071636129e-04 0.000000000000000000e+00 3.077596266044340875e-02 1.306975984316288133e-03 3.819233110164333561e-02 3.275466754012446545e-04 2.768804799261652232e-03 0.000000000000000000e+00 3.573443671243182063e-03 1.943634596695821245e-04 0.000000000000000000e+00 0.000000000000000000e+00 2.066115702479338792e-04 0.000000000000000000e+00 1.109741060419235439e-02 0.000000000000000000e+00 1.212366134572640886e-03 0.000000000000000000e+00 6.656804733727810820e-03 0.000000000000000000e+00 2.474226804123711137e-03 0.000000000000000000e+00 0.000000000000000000e+00 0.000000000000000000e+00 0.000000000000000000e+00 0.000000000000000000e+00 5.586592178770949900e-03 0.000000000000000000e+00 0.000000000000000000e+00 0.000000000000000000e+00 0.000000000000000000e+00 0.000000000000000000e+00 0.000000000000000000e+00 0.000000000000000000e+00 0.000000000000000000e+00 0.000000000000000000e+00 0.000000000000000000e+00 0.000000000000000000e+00 0.000000000000000000e+00 0.000000000000000000e+00 0.000000000000000000e+00 0.000000000000000000e+00 0.000000000000000000e+00 0.000000000000000000e+00 0.000000000000000000e+00 0.000000000000000000e+00 0.000000000000000000e+00 0.000000000000000000e+00
0.000000000000000000e+00 9.612303748798462248e-04 4.485741749439282021e-03 5.222685036847164036e-02 6.728612624158923465e-03 0.000000000000000000e+00 2.208724461623412527e-04 2.830394077944698404e-03 1.564945226917057938e-03 1.963534361851332344e-01 0.000000000000000000e+00 4.080799836768006527e-04 0.000000000000000000e+00 1.988400994200497079e-03 3.113325031133250286e-04 1.792303637322087417e-01 0.000000000000000000e+00 0.000000000000000000e+00 0.000000000000000000e+00 1.077354018530489086e-04 1.000000000000000021e-02 1.510574018126888303e-02 7.926214151895085921e-03 7.923930269413629462e-03 2.689075630252101001e-02 2.223873204556711114e-01 9.562339095255608518e-03 2.756164383561643949e-01 0.000000000000000000e+00 1.270088128564022742e-02 8.419083255378859501e-03 5.755395683453237536e-03 0.000000000000000000e+00 1.138433515482695810e-04 0.000000000000000000e+00 4.599816007359705571e-04 0.000000000000000000e+00 1.956947162426614373e-03 0.000000000000000000e+00 0.000000000000000000e+00 0.000000000000000000e+00 0.000000000000000000e+00 0.000000000000000000e+00 2.645036148827367120e-04 0.000000000000000000e+00 1.229558588466740405e-04 0.000000000000000000e+00 0.000000000000000000e+00 0.000000000000000000e+00 1.902406544278512329e-04 0.000000000000000000e+00 7.336757153338224345e-05 0.000000000000000000e+00 0.000000000000000000e+00 0.000000000000000000e+00 0.000000000000000000e+00 0.000000000000000000e+00 1.105094485578516917e-04 0.000000000000000000e+00 0.000000000000000000e+00 1.273723092599668915e-04 0.000000000000000000e+00 0.000000000000000000e+00 1.736714136853073891e-04 0.000000000000000000e+00 1.226241569589209008e-04 8.059966148142178055e-05 1.017811704834605533e-04 0.000000000000000000e+00 0.000000000000000000e+00 3.063010501750291614e-03 3.839241953929096313e-02 1.521606816798539287e-04 3.220875641445572479e-02 0.000000000000000000e+00 8.870967741935483972e-03 1.880759826970095994e-04 4.470359572400388511e-03 0.000000000000000000e+00 0.000000000000000000e+00 0.000000000000000000e+00 2.658160552897395200e-04 0.000000000000000000e+00 5.399568034557235101e-03 0.000000000000000000e+00 3.085229463941380635e-03 0.000000000000000000e+00 7.936507936507936067e-03 0.000000000000000000e+00 2.268945696566328999e-03 0.000000000000000000e+00 4.933399111988160269e-04 0.000000000000000000e+00 0.000000000000000000e+00 0.000000000000000000e+00 0.000000000000000000e+00 0.000000000000000000e+00 0.000000000000000000e+00 0.000000000000000000e+00 0.000000000000000000e+00 0.000000000000000000e+00 0.000000000000000000e+00 0.000000000000000000e+00 0.000000000000000000e+00 0.000000000000000000e+00 0.000000000000000000e+00 0.000000000000000000e+00 0.000000000000000000e+00 0.000000000000000000e+00 0.000000000000000000e+00 0.000000000000000000e+00 0.000000000000000000e+00 0.000000000000000000e+00 0.000000000000000000e+00 0.000000000000000000e+00 0.000000000000000000e+00
1.387078961899503027e-01 3.423522915516289539e-03 2.713418001104362376e-01 1.579237990060739991e-02 5.521811154058531290e-03 2.208724461623412527e-04 0.000000000000000000e+00 2.786849553668626148e-02 3.651538862806468638e-02 2.805049088359046205e-03 1.103431251542828923e-01 1.611915935523362473e-02 1.700784388750717357e-01 1.292460646230323036e-02 3.300124533001245336e-02 3.426462836056931929e-03 9.581540868204927591e-03 3.614714012332553589e-03 1.507601890890507279e-02 1.141995259642318399e-02 0.000000000000000000e+00 0.000000000000000000e+00 1.181726473555267352e-02 1.664025356576862014e-02 1.680672268907563126e-03 1.485884101040118796e-03 0.000000000000000000e+00 0.000000000000000000e+00 9.691232814965066930e-03 2.851218247796786110e-03 2.307452447770502041e-02 2.661870503597122198e-02 3.615783681811036033e-03 1.388888888888888812e-02 0.000000000000000000e+00 0.000000000000000000e+00 1.828231292517006751e-02 0.000000000000000000e+00 0.000000000000000000e+00 0.000000000000000000e+00 0.000000000000000000e+00 0.000000000000000000e+00 2.678093197643277926e-04 0.000000000000000000e+00 6.864360241625480598e-04 0.000000000000000000e+00 0.000000000000000000e+00 0.000000000000000000e+00 5.847953216374268681e-03 2.853609816417768358e-04 1.439739917950305821e-02 2.934702861335289738e-04 5.479452054794520157e-04 0.000000000000000000e+00 3.141831238779174262e-03 0.000000000000000000e+00 4.447739065974795972e-03 1.105094485578516917e-04 5.361050328227571007e-03 3.102699348433136614e-04 2.063431410011463615e-02 0.000000000000000000e+00 2.630194634402945736e-03 0.000000000000000000e+00 1.304173354735152501e-02 2.452483139178418016e-04 2.820988151849762333e-03 4.071246819338422132e-04 5.808325266214907573e-04 0.000000000000000000e+00 9.174445740956825579e-02 8.168599901976801103e-04 3.332318928788800816e-02 5.131564581286166687e-03 9.229349330872172949e-03 4.032258064516129029e-04 6.864773368440850454e-02 1.107871720116618101e-02 0.000000000000000000e+00 0.000000000000000000e+00 2.479338842975206767e-03 0.000000000000000000e+00 3.699136868064118421e-03 0.000000000000000000e+00 2.202465144473630954e-02 9.641342074816814484e-05 0.000000000000000000e+00 0.000000000000000000e+00 1.463917525773195810e-02 1.512630464377552576e-04 0.000000000000000000e+00 9.866798223976320538e-04 0.000000000000000000e+00 0.000000000000000000e+00 2.234636871508379960e-02 0.000000000000000000e+00 0.000000000000000000e+00 0.000000000000000000e+00 0.000000000000000000e+00 0.000000000000000000e+00 0.000000000000000000e+00 0.000000000000000000e+00 0.000000000000000000e+00 2.681684097613301165e-04 1.803968731208659138e-03 8.936550491510276842e-04 0.000000000000000000e+00 0.000000000000000000e+00 0.000000000000000000e+00 0.000000000000000000e+00 0.000000000000000000e+00 0.000000000000000000e+00 0.000000000000000000e+00 0.000000000000000000e+00 0.000000000000000000e+00 0.000000000000000000e+00
9.797517962116264207e-04 1.011321576311778742e-01 1.578489005007620294e-02 1.749401262791203948e-01 1.088613106901807062e-03 2.830394077944698404e-03 2.786849553668626148e-02 0.000000000000000000e+00 4.173187271778820880e-03 1.753155680224403878e-02 9.380399901258948750e-03 1.968985921240563042e-01 1.013965946049359169e-02 2.576636288318144286e-01 5.292652552926525866e-03 3.848181338956246922e-02 3.128666405944465975e-03 2.423984690623006560e-02 1.009326689663983707e-02 1.088127558715793960e-02 0.000000000000000000e+00 0.000000000000000000e+00 3.415477734543882066e-02 1.347068145800317009e-02 1.120448179271708606e-03 0.000000000000000000e+00 0.000000000000000000e+00 0.000000000000000000e+00 2.028397565922920864e-03 1.658890616899948156e-02 2.151543498596819592e-02 1.342925659472422005e-02 8.646439239113347733e-03 7.627504553734062304e-03 0.000000000000000000e+00 2.759889604415823559e-03 1.275510204081632551e-03 6.262230919765166513e-03 0.000000000000000000e+00 1.173708920187793454e-03 0.000000000000000000e+00 0.000000000000000000e+00 1.339046598821638963e-04 1.763357432551578171e-04 0.000000000000000000e+00 1.229558588466740350e-03 0.000000000000000000e+00 0.000000000000000000e+00 0.000000000000000000e+00 7.134024541044421165e-03 0.000000000000000000e+00 1.614086573734409280e-02 0.000000000000000000e+00 9.436929852154765739e-04 0.000000000000000000e+00 3.449068751437111766e-03 2.470966147763775721e-04 6.409548016355398094e-03 2.188183807439825028e-04 1.023890784982935120e-02 3.821169277799006474e-04 9.765109527579836704e-03 1.753463089601964005e-04 5.731156651615144058e-03 4.012841091492776852e-04 3.188228080931943681e-02 1.611993229628435611e-04 9.770992366412213984e-03 3.872216844143272258e-04 7.788161993769470185e-04 3.354725787631272077e-03 1.024342427707890801e-01 5.021302495435179918e-03 3.635768096953816142e-02 2.307337332718043237e-03 2.016129032258064460e-03 8.651495204062440922e-03 3.770651117589893242e-02 0.000000000000000000e+00 0.000000000000000000e+00 0.000000000000000000e+00 6.645401382243487295e-03 0.000000000000000000e+00 1.079913606911447150e-03 1.010305112143867405e-04 1.841496336290011568e-02 0.000000000000000000e+00 6.613756613756613389e-04 0.000000000000000000e+00 9.075782786265315996e-03 5.136106831022085439e-04 1.480019733596447864e-03 0.000000000000000000e+00 0.000000000000000000e+00 5.586592178770949900e-03 0.000000000000000000e+00 0.000000000000000000e+00 0.000000000000000000e+00 0.000000000000000000e+00 0.000000000000000000e+00 0.000000000000000000e+00 7.246376811594202987e-03 0.000000000000000000e+00 8.045052292839902953e-04 0.000000000000000000e+00 0.000000000000000000e+00 0.000000000000000000e+00 0.000000000000000000e+00 0.000000000000000000e+00 0.000000000000000000e+00 0.000000000000000000e+00 0.000000000000000000e+00 0.000000000000000000e+00 0.000000000000000000e+00 0.000000000000000000e+00 0.000000000000000000e+00
2.086593635889410440e-03 5.216484089723526099e-04 3.808033385498173912e-02 2.608242044861763375e-03 4.360980699008867867e-01 1.564945226917057938e-03 3.651538862806468638e-02 4.173187271778820880e-03 0.000000000000000000e+00 0.000000000000000000e+00 1.727968402863490479e-03 0.000000000000000000e+00 3.941075186531470959e-02 1.657000828500414323e-04 1.282689912826899259e-01 1.581444385872430138e-03 3.910833007430582469e-04 0.000000000000000000e+00 6.388143605468250613e-04 0.000000000000000000e+00 0.000000000000000000e+00 0.000000000000000000e+00 1.152903876639285296e-03 2.905441098784997470e-03 2.801120448179271732e-03 2.476473501733531327e-03 4.781169547627804259e-03 0.000000000000000000e+00 6.761325219743069548e-03 0.000000000000000000e+00 1.247271593389460498e-03 4.076738609112709813e-03 0.000000000000000000e+00 0.000000000000000000e+00 0.000000000000000000e+00 0.000000000000000000e+00 0.000000000000000000e+00 0.000000000000000000e+00 0.000000000000000000e+00 0.000000000000000000e+00 0.000000000000000000e+00 0.000000000000000000e+00 0.000000000000000000e+00 0.000000000000000000e+00 0.000000000000000000e+00 0.000000000000000000e+00 0.000000000000000000e+00 0.000000000000000000e+00 0.000000000000000000e+00 0.000000000000000000e+00 4.644322315968728385e-04 0.000000000000000000e+00 0.000000000000000000e+00 0.000000000000000000e+00 0.000000000000000000e+00 0.000000000000000000e+00 4.941932295527551441e-04 0.000000000000000000e+00 1.094091903719912514e-04 0.000000000000000000e+00 1.146350783339701888e-03 0.000000000000000000e+00 5.260389268805891472e-04 0.000000000000000000e+00 4.012841091492776852e-04 0.000000000000000000e+00 2.417989844442653281e-04 0.000000000000000000e+00 1.936108422071636129e-04 0.000000000000000000e+00 5.688448074679113182e-03 0.000000000000000000e+00 8.216676810712111173e-03 1.091822251337482317e-04 2.768804799261652232e-03 0.000000000000000000e+00 3.385367688546172572e-03 0.000000000000000000e+00 0.000000000000000000e+00 0.000000000000000000e+00 4.132231404958677584e-04 0.000000000000000000e+00 2.466091245376078947e-03 0.000000000000000000e+00 2.020610224287735027e-03 0.000000000000000000e+00 2.958579881656804664e-03 0.000000000000000000e+00 1.649484536082474308e-03 0.000000000000000000e+00 1.027221366204417088e-03 0.000000000000000000e+00 0.000000000000000000e+00 0.000000000000000000e+00 0.000000000000000000e+00 0.000000000000000000e+00 0.000000000000000000e+00 0.000000000000000000e+00 0.000000000000000000e+00 0.000000000000000000e+00 0.000000000000000000e+00 0.000000000000000000e+00 0.000000000000000000e+00 0.000000000000000000e+00 0.000000000000000000e+00 0.000000000000000000e+00 0.000000000000000000e+00 0.000000000000000000e+00 0.000000000000000000e+00 0.000000000000000000e+00 0.000000000000000000e+00 0.000000000000000000e+00 0.000000000000000000e+00 0.000000000000000000e+00 0.000000000000000000e+00 0.000000000000000000e+00
0.000000000000000000e+00 7.012622720897615514e-03 6.311360448807853962e-03 1.262272089761570792e-02 2.103786816269284654e-03 1.963534361851332344e-01 2.805049088359046205e-03 1.753155680224403878e-02 0.000000000000000000e+00 0.000000000000000000e+00 0.000000000000000000e+00 2.448479902060804025e-03 0.000000000000000000e+00 9.776304888152443501e-03 0.000000000000000000e+00 1.913547706905640577e-01 0.000000000000000000e+00 0.000000000000000000e+00 0.000000000000000000e+00 2.154708037060978172e-04 0.000000000000000000e+00 0.000000000000000000e+00 3.314598645337944738e-03 2.641310089804543154e-04 3.361344537815126252e-03 0.000000000000000000e+00 0.000000000000000000e+00 0.000000000000000000e+00 0.000000000000000000e+00 4.924831518921720871e-03 6.236357966947302491e-04 7.194244604316546920e-04 0.000000000000000000e+00 1.138433515482695810e-04 0.000000000000000000e+00 0.000000000000000000e+00 0.000000000000000000e+00 1.565557729941291628e-03 0.000000000000000000e+00 0.000000000000000000e+00 0.000000000000000000e+00 0.000000000000000000e+00 0.000000000000000000e+00 3.526714865103156341e-04 0.000000000000000000e+00 1.229558588466740405e-04 0.000000000000000000e+00 3.604902667627973845e-04 0.000000000000000000e+00 1.902406544278512329e-04 0.000000000000000000e+00 2.201027146001467304e-04 0.000000000000000000e+00 0.000000000000000000e+00 0.000000000000000000e+00 1.149689583812370589e-03 0.000000000000000000e+00 2.210188971157033835e-04 0.000000000000000000e+00 3.102699348433136614e-04 0.000000000000000000e+00 7.917656373713380467e-04 0.000000000000000000e+00 1.215699895797151724e-03 0.000000000000000000e+00 3.678724708767627024e-04 8.059966148142178055e-05 1.017811704834605533e-04 0.000000000000000000e+00 0.000000000000000000e+00 0.000000000000000000e+00 3.267439960790720441e-03 3.043213633597078574e-04 1.135495141390981469e-02 0.000000000000000000e+00 1.209677419354838763e-03 0.000000000000000000e+00 3.304178814382895818e-03 0.000000000000000000e+00 0.000000000000000000e+00 0.000000000000000000e+00 1.063264221158958080e-03 0.000000000000000000e+00 0.000000000000000000e+00 0.000000000000000000e+00 1.542614731970690318e-03 0.000000000000000000e+00 6.613756613756613389e-04 0.000000000000000000e+00 1.663893510815307860e-03 0.000000000000000000e+00 4.933399111988160269e-04 0.000000000000000000e+00 0.000000000000000000e+00 0.000000000000000000e+00 0.000000000000000000e+00 0.000000000000000000e+00 0.000000000000000000e+00 0.000000000000000000e+00 0.000000000000000000e+00 0.000000000000000000e+00 0.000000000000000000e+00 3.245699448231093736e-04 2.681684097613301165e-04 0.000000000000000000e+00 2.978850163836758947e-04 0.000000000000000000e+00 0.000000000000000000e+00 0.000000000000000000e+00 0.000000000000000000e+00 0.000000000000000000e+00 0.000000000000000000e+00 0.000000000000000000e+00 0.000000000000000000e+00 0.000000000000000000e+00 0.000000000000000000e+00
2.601826709454455600e-01 2.715378918785485256e-03 5.554184152061219376e-02 4.443347321648975952e-03 1.234263144902493200e-03 0.000000000000000000e+00 1.103431251542828923e-01 9.380399901258948750e-03 1.727968402863490479e-03 0.000000000000000000e+00 0.000000000000000000e+00 1.224239951030402012e-03 1.434857470824564829e-01 8.285004142502070800e-04 2.490660024906600229e-03 0.000000000000000000e+00 3.891278842393430110e-02 4.252604720391239389e-04 2.312507985179506828e-02 1.616031027795733575e-03 0.000000000000000000e+00 0.000000000000000000e+00 7.926214151895085921e-03 5.282620179609086308e-04 5.602240896358543030e-04 0.000000000000000000e+00 0.000000000000000000e+00 0.000000000000000000e+00 2.073473067387874777e-02 5.184033177812337988e-04 7.483629560336763423e-03 7.194244604316546920e-04 1.021851910077031973e-02 3.756830601092896009e-03 0.000000000000000000e+00 0.000000000000000000e+00 3.401360544217686948e-03 0.000000000000000000e+00 0.000000000000000000e+00 0.000000000000000000e+00 0.000000000000000000e+00 0.000000000000000000e+00 0.000000000000000000e+00 0.000000000000000000e+00 1.372872048325096120e-04 0.000000000000000000e+00 2.058460271716755887e-04 0.000000000000000000e+00 3.189792663476873915e-04 0.000000000000000000e+00 3.251025621178109653e-03 0.000000000000000000e+00 0.000000000000000000e+00 0.000000000000000000e+00 0.000000000000000000e+00 0.000000000000000000e+00 8.771929824561403022e-03 0.000000000000000000e+00 1.531728665207877493e-03 0.000000000000000000e+00 1.783212329639536492e-02 0.000000000000000000e+00 4.559004032965105653e-03 0.000000000000000000e+00 9.831460674157303098e-03 0.000000000000000000e+00 1.370194245184170202e-03 1.017811704834605533e-04 3.872216844143272258e-04 0.000000000000000000e+00 2.815052508751458502e-02 0.000000000000000000e+00 6.695069993913572645e-03 3.275466754012446545e-04 7.844946931241348134e-03 0.000000000000000000e+00 6.958811359789355069e-03 9.718172983479105411e-04 0.000000000000000000e+00 0.000000000000000000e+00 2.066115702479338900e-03 0.000000000000000000e+00 0.000000000000000000e+00 0.000000000000000000e+00 1.010305112143867513e-02 0.000000000000000000e+00 0.000000000000000000e+00 0.000000000000000000e+00 3.711340206185566922e-03 0.000000000000000000e+00 0.000000000000000000e+00 0.000000000000000000e+00 0.000000000000000000e+00 0.000000000000000000e+00 5.586592178770949900e-03 0.000000000000000000e+00 0.000000000000000000e+00 0.000000000000000000e+00 0.000000000000000000e+00 0.000000000000000000e+00 0.000000000000000000e+00 0.000000000000000000e+00 0.000000000000000000e+00 0.000000000000000000e+00 0.000000000000000000e+00 0.000000000000000000e+00 0.000000000000000000e+00 0.000000000000000000e+00 0.000000000000000000e+00 0.000000000000000000e+00 0.000000000000000000e+00 0.000000000000000000e+00 0.000000000000000000e+00 0.000000000000000000e+00 0.000000000000000000e+00 0.000000000000000000e+00
1.836359926545602910e-03 6.855743725770251096e-02 8.161599673536013705e-03 5.651907773923688788e-02 0.000000000000000000e+00 4.080799836768006527e-04 1.611915935523362473e-02 1.968985921240563042e-01 0.000000000000000000e+00 2.448479902060804025e-03 1.224239951030402012e-03 0.000000000000000000e+00 1.721828964989477765e-03 1.903893951946976082e-01 0.000000000000000000e+00 7.116499736425935946e-03 3.910833007430582469e-04 7.208165001063150668e-02 2.044205953749840283e-03 1.001939237233354964e-02 0.000000000000000000e+00 0.000000000000000000e+00 6.917423259835710908e-03 1.135763338615953556e-02 0.000000000000000000e+00 4.952947003467062653e-04 0.000000000000000000e+00 0.000000000000000000e+00 0.000000000000000000e+00 8.501814411612233779e-02 6.859993763642033282e-03 8.393285371702637748e-03 2.200911806319761233e-03 5.692167577413478723e-03 0.000000000000000000e+00 2.759889604415823559e-03 0.000000000000000000e+00 3.913894324853229071e-04 0.000000000000000000e+00 1.173708920187793454e-03 0.000000000000000000e+00 0.000000000000000000e+00 0.000000000000000000e+00 0.000000000000000000e+00 0.000000000000000000e+00 0.000000000000000000e+00 0.000000000000000000e+00 1.201634222542657948e-04 0.000000000000000000e+00 8.560829449253305615e-04 7.740537193281213976e-05 3.081438004402054388e-03 0.000000000000000000e+00 4.718464926077382869e-04 0.000000000000000000e+00 9.197516670498965576e-04 0.000000000000000000e+00 3.536302353851254136e-03 1.094091903719912514e-04 1.861619609059882077e-03 0.000000000000000000e+00 3.958828186856690017e-03 0.000000000000000000e+00 1.163598471691559486e-02 0.000000000000000000e+00 6.131207847946045474e-03 1.611993229628435611e-04 2.340966921119592807e-03 0.000000000000000000e+00 5.841121495327102368e-04 8.751458576429405230e-04 5.767031530795621586e-02 7.608034083992695892e-04 1.408450704225352144e-02 4.614674665436086691e-04 0.000000000000000000e+00 2.256911792364115193e-03 2.915451895043731732e-03 0.000000000000000000e+00 0.000000000000000000e+00 0.000000000000000000e+00 1.063264221158958037e-02 0.000000000000000000e+00 0.000000000000000000e+00 0.000000000000000000e+00 1.320863864249903659e-02 0.000000000000000000e+00 6.613756613756613389e-04 0.000000000000000000e+00 3.781576160943881521e-03 0.000000000000000000e+00 0.000000000000000000e+00 0.000000000000000000e+00 0.000000000000000000e+00 5.586592178770949900e-03 0.000000000000000000e+00 0.000000000000000000e+00 0.000000000000000000e+00 0.000000000000000000e+00 0.000000000000000000e+00 0.000000000000000000e+00 0.000000000000000000e+00 0.000000000000000000e+00 2.681684097613301165e-04 0.000000000000000000e+00 0.000000000000000000e+00 0.000000000000000000e+00 0.000000000000000000e+00 0.000000000000000000e+00 0.000000000000000000e+00 0.000000000000000000e+00 0.000000000000000000e+00 0.000000000000000000e+00 0.000000000000000000e+00 0.000000000000000000e+00 0.000000000000000000e+00
3.921943753587143339e-02 5.739429883298258856e-04 9.718767935718385098e-02 6.313372871628085067e-03 6.313372871628085067e-03 0.000000000000000000e+00 1.700784388750717357e-01 1.013965946049359169e-02 3.941075186531470959e-02 0.000000000000000000e+00 1.434857470824564829e-01 1.721828964989477765e-03 0.000000000000000000e+00 3.811101905550952698e-03 1.643835616438356073e-01 1.581444385872430138e-03 1.994524833789597038e-02 2.126302360195619695e-04 8.304586687108726772e-03 1.185089420383537940e-03 0.000000000000000000e+00 0.000000000000000000e+00 2.464332036316472033e-02 4.226096143687269047e-03 1.120448179271708606e-03 0.000000000000000000e+00 0.000000000000000000e+00 0.000000000000000000e+00 1.399594320486815535e-01 7.776049766718506982e-04 8.107265357031493563e-03 8.393285371702637748e-03 1.414871875491275017e-03 1.821493624772313295e-03 0.000000000000000000e+00 0.000000000000000000e+00 3.401360544217686948e-03 0.000000000000000000e+00 0.000000000000000000e+00 0.000000000000000000e+00 0.000000000000000000e+00 0.000000000000000000e+00 0.000000000000000000e+00 0.000000000000000000e+00 0.000000000000000000e+00 0.000000000000000000e+00 2.058460271716755887e-04 0.000000000000000000e+00 3.189792663476873915e-04 0.000000000000000000e+00 2.089945042185927665e-03 0.000000000000000000e+00 0.000000000000000000e+00 0.000000000000000000e+00 0.000000000000000000e+00 0.000000000000000000e+00 4.077094143810230074e-03 2.210188971157033835e-04 1.312910284463894963e-03 0.000000000000000000e+00 1.821424022417526475e-02 0.000000000000000000e+00 5.611081886726284815e-03 0.000000000000000000e+00 6.420545746388442963e-03 1.226241569589209008e-04 1.208994922221326776e-03 1.017811704834605533e-04 0.000000000000000000e+00 0.000000000000000000e+00 4.011085180863477317e-02 6.534879921581440666e-04 1.384662203286670702e-02 1.201004476471230400e-03 2.307337332718043237e-03 0.000000000000000000e+00 1.711491442542787192e-02 1.360544217687074736e-03 0.000000000000000000e+00 0.000000000000000000e+00 1.859504132231404967e-03 0.000000000000000000e+00 1.233045622688039474e-03 0.000000000000000000e+00 8.486562942008486418e-03 0.000000000000000000e+00 0.000000000000000000e+00 0.000000000000000000e+00 2.680412371134020724e-03 0.000000000000000000e+00 0.000000000000000000e+00 4.933399111988160269e-04 0.000000000000000000e+00 0.000000000000000000e+00 0.000000000000000000e+00 0.000000000000000000e+00 0.000000000000000000e+00 0.000000000000000000e+00 0.000000000000000000e+00 0.000000000000000000e+00 0.000000000000000000e+00 0.000000000000000000e+00 0.000000000000000000e+00 0.000000000000000000e+00 0.000000000000000000e+00 0.000000000000000000e+00 1.097694840834248118e-03 0.000000000000000000e+00 0.000000000000000000e+00 0.000000000000000000e+00 0.000000000000000000e+00 0.000000000000000000e+00 0.000000000000000000e+00 0.000000000000000000e+00 0.000000000000000000e+00 0.000000000000000000e+00
