0.000000000000000000e+00 2.592432120161756309e-02 3.056277056277056231e-02 3.713304841308765012e-03 2.054442732408834175e-03 0.000000000000000000e+00 9.116835326586936183e-02 3.186743148502230605e-03 2.541296060991105575e-03 0.000000000000000000e+00 2.273069679849340774e-01 2.109333802074178036e-03 2.196979153663712256e-02 1.896453631708704699e-04 1.396323016057714715e-03 1.599744040953447342e-04 3.657770800627943575e-02 6.861337162916866100e-03 3.831417624521072512e-02 2.569686411149825836e-02 3.974562798092210109e-04 0.000000000000000000e+00 9.751340809361286810e-04 0.000000000000000000e+00 0.000000000000000000e+00 0.000000000000000000e+00 0.000000000000000000e+00 0.000000000000000000e+00 2.600364963503649582e-02 2.490842490842490840e-03 1.197957580518460401e-02 2.981514609421585999e-04 9.068627450980392898e-03 1.039214094341154443e-02 0.000000000000000000e+00 0.000000000000000000e+00 6.757679180887371517e-02 1.697792869269949042e-03 7.293946024799416580e-04 0.000000000000000000e+00 2.028397565922920864e-03 0.000000000000000000e+00 0.000000000000000000e+00 0.000000000000000000e+00 2.785903329154478143e-04 1.494544911074577700e-04 0.000000000000000000e+00 0.000000000000000000e+00 8.815010703941568958e-04 1.103874599845457589e-04 9.902805794975242520e-03 4.307374224672639641e-04 1.830384380719951229e-03 0.000000000000000000e+00 8.975049362771494836e-04 0.000000000000000000e+00 2.149033323617992874e-01 3.895019938792543702e-03 2.157303370786516766e-02 7.501875468867217050e-04 5.493234647854747243e-02 0.000000000000000000e+00 4.020411319004175282e-03 2.888503755054881413e-04 2.581044806937848532e-02 0.000000000000000000e+00 4.303694681282988627e-03 2.854152792312815066e-04 5.980066445182724566e-02 5.278437582475587267e-03 3.672939649578196158e-02 1.502038480795365137e-03 2.417083144025443039e-02 4.238618524332810229e-03 2.127659574468085141e-03 0.000000000000000000e+00 3.564206268958543949e-02 5.147300405213010334e-03 0.000000000000000000e+00 0.000000000000000000e+00 7.116593523899893787e-04 0.000000000000000000e+00 0.000000000000000000e+00 0.000000000000000000e+00 1.126295239525454232e-02 2.072395689416966103e-04 0.000000000000000000e+00 0.000000000000000000e+00 1.068416119962511783e-02 0.000000000000000000e+00 1.663339986693280039e-03 1.716738197424892611e-03 0.000000000000000000e+00 1.031991744066047389e-03 2.357984994640943341e-02 7.142857142857142634e-03 6.761325219743069548e-04 0.000000000000000000e+00 4.905968928863450700e-03 1.743679163034001812e-03 0.000000000000000000e+00 0.000000000000000000e+00 6.353240152477763938e-04 4.342162396873643212e-04 2.869440459110473608e-03 2.770083102493075015e-04 0.000000000000000000e+00 8.643042350907519707e-04 6.535947712418300852e-03 3.355704697986577108e-03 0.000000000000000000e+00 1.179245283018867880e-03 0.000000000000000000e+00 7.256894049346879509e-04 0.000000000000000000e+00 0.000000000000000000e+00
2.592432120161756309e-02 0.000000000000000000e+00 5.021645021645021641e-03 6.950185665242065991e-02 0.000000000000000000e+00 1.577563540753724710e-03 7.911683532658694146e-03 1.042419092132285258e-01 0.000000000000000000e+00 3.018108651911468633e-03 1.129943502824858797e-03 7.066268236948497483e-02 0.000000000000000000e+00 3.195524369429167399e-02 0.000000000000000000e+00 3.039513677811550140e-03 3.767660910518053248e-03 4.771022817935216542e-02 3.512132822477650324e-02 6.123693379790940555e-02 0.000000000000000000e+00 0.000000000000000000e+00 9.751340809361286810e-04 9.133611691022964140e-04 0.000000000000000000e+00 0.000000000000000000e+00 0.000000000000000000e+00 2.268602540834845646e-04 2.509124087591240847e-03 5.172161172161172243e-02 9.819324430479182617e-03 2.832438878950507052e-03 3.075980392156862572e-02 1.177234716245839120e-02 4.559963520291837602e-04 0.000000000000000000e+00 5.802047781569966145e-03 6.936696580160077452e-02 0.000000000000000000e+00 3.754106053496011116e-03 0.000000000000000000e+00 0.000000000000000000e+00 0.000000000000000000e+00 1.019991840065279478e-04 0.000000000000000000e+00 1.046181437752204471e-03 0.000000000000000000e+00 0.000000000000000000e+00 1.259287243420224021e-04 2.538911579644552441e-03 0.000000000000000000e+00 8.097863542384562893e-03 0.000000000000000000e+00 0.000000000000000000e+00 0.000000000000000000e+00 8.968609865470852103e-04 7.675119012921402875e-03 2.819252527126031582e-01 1.498127340823970097e-04 2.550637659414853667e-02 4.625881808719787408e-04 3.603221704111912033e-02 4.638936137312509858e-04 3.018486424032351331e-02 2.064835845550278719e-04 1.883074228158528735e-02 8.932196508323182694e-04 4.947198173342212853e-03 2.130154387336329752e-02 1.409342834520981858e-01 1.817001946787800233e-03 7.460124454616980094e-02 5.542935029532031037e-03 4.458398744113029749e-02 0.000000000000000000e+00 4.557885141294439058e-03 8.468149646107179379e-03 7.655240389880627050e-02 0.000000000000000000e+00 0.000000000000000000e+00 1.186098920649982208e-04 4.419731964642144469e-03 0.000000000000000000e+00 0.000000000000000000e+00 2.252590479050908432e-04 1.284885327438518854e-02 0.000000000000000000e+00 6.313131313131313668e-04 1.874414245548266210e-04 4.081632653061224858e-03 2.661343978709248236e-03 1.673819742489270415e-02 6.644518272425249542e-04 4.127966976264189555e-03 5.359056806002143562e-03 4.285714285714285754e-02 0.000000000000000000e+00 1.879699248120300648e-03 4.088307440719541816e-03 2.702702702702702853e-02 0.000000000000000000e+00 1.474926253687315614e-03 9.529860228716645907e-04 3.039513677811550140e-03 0.000000000000000000e+00 4.155124653739612414e-03 9.025270758122744003e-04 3.457216940363007883e-03 9.803921568627450844e-03 6.711409395973154217e-03 6.238303181534622568e-04 0.000000000000000000e+00 9.737098344693281751e-04 7.256894049346879509e-04 4.081632653061224858e-03 2.100840336134453690e-03
3.056277056277056231e-02 5.021645021645021641e-03 0.000000000000000000e+00 6.025362572689693663e-03 1.132511556240369810e-01 2.804557405784399628e-03 2.368905243790248305e-01 1.083492670490758363e-02 1.969504447268106626e-02 1.341381623071763885e-03 2.768361581920903911e-02 4.042889787308841416e-03 5.317688178754213096e-02 5.973828939882419760e-03 3.281359087735629537e-02 1.759718445048792266e-03 5.965463108320251048e-03 1.276527844263602995e-03 1.262239250744997821e-01 6.358885017421603107e-03 3.974562798092210109e-04 0.000000000000000000e+00 2.395173086299366150e-01 5.871607515657619944e-03 2.910908556306968445e-02 3.047351148616971386e-03 4.663557628247834430e-03 2.268602540834845646e-04 2.623175182481751744e-02 3.223443223443223440e-03 1.963864886095836523e-02 1.610017889087656667e-02 1.053921568627451053e-02 4.871316067224161668e-03 2.735978112175102561e-03 0.000000000000000000e+00 2.525597269624573274e-02 2.425418384671355735e-04 2.917578409919766632e-03 0.000000000000000000e+00 2.028397565922920864e-03 0.000000000000000000e+00 3.338340844600233689e-04 0.000000000000000000e+00 8.357709987463435514e-04 1.494544911074577700e-04 2.088554720133667386e-04 0.000000000000000000e+00 1.763002140788313792e-03 0.000000000000000000e+00 7.610489638730974157e-03 8.614748449345279010e-05 1.830384380719951229e-03 0.000000000000000000e+00 8.975049362771494836e-04 0.000000000000000000e+00 1.214417565335665014e-02 6.491699897987572836e-04 1.767790262172284563e-02 3.000750187546886820e-04 8.789175436567596075e-03 2.119542178889359898e-04 4.638936137312509858e-04 2.888503755054881413e-04 3.303737352880445951e-03 0.000000000000000000e+00 1.583434835566382287e-02 9.513842641042717337e-05 9.575923392612858964e-03 0.000000000000000000e+00 3.919532770927968562e-02 2.431871826049638793e-03 6.615174920490686505e-02 2.590266875981161662e-03 1.276595744680850998e-02 9.115770282588878549e-04 7.368554095045500019e-02 2.737925747453729113e-03 1.394700139470013900e-03 0.000000000000000000e+00 1.423318704779978757e-03 0.000000000000000000e+00 0.000000000000000000e+00 0.000000000000000000e+00 3.303799369274666026e-03 0.000000000000000000e+00 0.000000000000000000e+00 0.000000000000000000e+00 1.499531396438612968e-03 0.000000000000000000e+00 9.980039920159679799e-04 2.145922746781115872e-03 0.000000000000000000e+00 0.000000000000000000e+00 2.572347266881028910e-02 1.071428571428571438e-02 6.761325219743069548e-04 1.879699248120300648e-03 3.270645952575633800e-03 3.487358326068003625e-03 0.000000000000000000e+00 2.949852507374631227e-03 3.176620076238881969e-04 2.171081198436821606e-04 0.000000000000000000e+00 8.310249307479223961e-04 0.000000000000000000e+00 0.000000000000000000e+00 1.307189542483660170e-02 0.000000000000000000e+00 0.000000000000000000e+00 2.358490566037735759e-03 9.737098344693281751e-04 0.000000000000000000e+00 0.000000000000000000e+00 0.000000000000000000e+00
3.713304841308765012e-03 6.950185665242065991e-02 6.025362572689693663e-03 0.000000000000000000e+00 5.136106831022085439e-04 7.186678352322524443e-02 1.407543698252069868e-02 1.750584236243891978e-01 1.588310038119440876e-03 1.374916163648558058e-02 7.909604519774010925e-03 2.953067322903849684e-02 8.613156909249781654e-03 4.248056135027498265e-02 9.308820107051431073e-04 3.407454807230843319e-02 2.825745682888540153e-03 1.244614648157012921e-02 9.472115793954873769e-03 1.775261324041811917e-01 0.000000000000000000e+00 0.000000000000000000e+00 1.803998049731838152e-02 2.242954070981210968e-01 1.176124669214936684e-03 3.469292076887013632e-02 0.000000000000000000e+00 4.310344827586206837e-03 1.140510948905109397e-03 2.798534798534798446e-02 2.710133542812254506e-02 3.875968992248061962e-02 8.578431372549020356e-03 2.500608914508403030e-02 0.000000000000000000e+00 3.396739130434782514e-03 2.730375426621160437e-03 2.473926752364782877e-02 0.000000000000000000e+00 5.631159080244017325e-03 0.000000000000000000e+00 0.000000000000000000e+00 0.000000000000000000e+00 1.019991840065279478e-04 0.000000000000000000e+00 4.483634733223733370e-04 0.000000000000000000e+00 1.089087344805053409e-04 0.000000000000000000e+00 2.870073959598189433e-03 0.000000000000000000e+00 4.393521709166092228e-03 0.000000000000000000e+00 1.749169144656288213e-04 0.000000000000000000e+00 0.000000000000000000e+00 6.800738365879724053e-04 2.234999536307150092e-02 1.498127340823970097e-04 1.665416354088522163e-02 2.312940904359893704e-04 4.239084357778719579e-03 1.546312045770836439e-04 1.444251877527440815e-03 0.000000000000000000e+00 2.408583315086490050e-03 4.060089321965083191e-04 2.026448482542098778e-02 1.367989056087551281e-03 3.325415676959619926e-02 4.088254380272549927e-03 3.833774408125312921e-02 5.633802816901408751e-03 7.825745682888539390e-02 0.000000000000000000e+00 9.115770282588878115e-03 8.594539939332658529e-03 1.038221443434454022e-01 0.000000000000000000e+00 0.000000000000000000e+00 1.186098920649982208e-04 2.851439977188480407e-04 0.000000000000000000e+00 0.000000000000000000e+00 7.508634930169694774e-05 8.980381320806852391e-04 0.000000000000000000e+00 0.000000000000000000e+00 1.874414245548266210e-04 8.658008658008658001e-04 2.661343978709248236e-03 1.459227467811158828e-02 1.661129568106312331e-03 1.135190918472652258e-02 7.502679528403000987e-03 6.785714285714285199e-02 5.409060175794455638e-03 0.000000000000000000e+00 1.635322976287816900e-03 1.482127288578901497e-02 0.000000000000000000e+00 1.474926253687315614e-03 3.176620076238881752e-03 6.296135475466782712e-03 2.152080344332854989e-03 4.155124653739612414e-03 9.025270758122744003e-04 8.643042350907519707e-04 0.000000000000000000e+00 1.006711409395973089e-02 6.238303181534622568e-04 2.358490566037735759e-03 1.947419668938656350e-03 7.256894049346879509e-04 0.000000000000000000e+00 2.100840336134453690e-03
2.054442732408834175e-03 0.000000000000000000e+00 1.132511556240369810e-01 5.136106831022085439e-04 0.000000000000000000e+00 7.011393514460999071e-04 7.267709291628334997e-03 2.124495432334820404e-04 3.233799237611181820e-01 3.353454057679409713e-04 3.766478342749529141e-04 1.757778168395148454e-04 4.993134440144800582e-04 0.000000000000000000e+00 1.286944379799860316e-01 4.799232122860342298e-04 0.000000000000000000e+00 0.000000000000000000e+00 5.321413367390378851e-04 0.000000000000000000e+00 1.669316375198728192e-02 0.000000000000000000e+00 1.523647001462701163e-02 1.304801670146137657e-04 7.909438400470450437e-02 2.812939521800281346e-03 1.179213857428381140e-01 0.000000000000000000e+00 2.349452554744525454e-02 0.000000000000000000e+00 2.945797329143754785e-03 5.963029218843171999e-04 3.676470588235294067e-04 8.118860112040269085e-05 0.000000000000000000e+00 0.000000000000000000e+00 0.000000000000000000e+00 0.000000000000000000e+00 0.000000000000000000e+00 0.000000000000000000e+00 0.000000000000000000e+00 0.000000000000000000e+00 0.000000000000000000e+00 0.000000000000000000e+00 0.000000000000000000e+00 0.000000000000000000e+00 0.000000000000000000e+00 0.000000000000000000e+00 0.000000000000000000e+00 0.000000000000000000e+00 9.169264624977076759e-05 0.000000000000000000e+00 6.101281269066503735e-04 0.000000000000000000e+00 0.000000000000000000e+00 0.000000000000000000e+00 0.000000000000000000e+00 0.000000000000000000e+00 1.498127340823970097e-04 0.000000000000000000e+00 1.156470452179946852e-04 0.000000000000000000e+00 3.092624091541672877e-04 0.000000000000000000e+00 2.064835845550278719e-04 0.000000000000000000e+00 8.120178643930165839e-05 0.000000000000000000e+00 0.000000000000000000e+00 0.000000000000000000e+00 1.596365996106424365e-02 1.430512838852728702e-04 2.616992276238073664e-02 1.569858712715855610e-04 8.510638297872340566e-03 0.000000000000000000e+00 7.583417593528817306e-04 0.000000000000000000e+00 0.000000000000000000e+00 0.000000000000000000e+00 1.186098920649982208e-04 0.000000000000000000e+00 0.000000000000000000e+00 0.000000000000000000e+00 1.501726986033938955e-04 0.000000000000000000e+00 0.000000000000000000e+00 0.000000000000000000e+00 3.748828491096532420e-04 0.000000000000000000e+00 0.000000000000000000e+00 0.000000000000000000e+00 0.000000000000000000e+00 0.000000000000000000e+00 0.000000000000000000e+00 0.000000000000000000e+00 0.000000000000000000e+00 0.000000000000000000e+00 0.000000000000000000e+00 0.000000000000000000e+00 0.000000000000000000e+00 0.000000000000000000e+00 0.000000000000000000e+00 0.000000000000000000e+00 0.000000000000000000e+00 0.000000000000000000e+00 0.000000000000000000e+00 0.000000000000000000e+00 0.000000000000000000e+00 0.000000000000000000e+00 0.000000000000000000e+00 0.000000000000000000e+00 0.000000000000000000e+00 0.000000000000000000e+00 0.000000000000000000e+00 0.000000000000000000e+00
0.000000000000000000e+00 1.577563540753724710e-03 2.804557405784399628e-03 7.186678352322524443e-02 7.011393514460999071e-04 0.000000000000000000e+00 1.931922723091076361e-03 1.055166064726294206e-02 3.494282083862770057e-03 3.688799463447350879e-01 0.000000000000000000e+00 3.515556336790296907e-04 1.248283610036200145e-04 1.422340223781528483e-03 9.308820107051431073e-04 8.606622940329547444e-02 0.000000000000000000e+00 3.191319610659007489e-04 0.000000000000000000e+00 8.710801393728222989e-05 7.949125596184420219e-04 9.671179883945842104e-03 5.972696245733788781e-03 4.671189979123173408e-02 8.232872684504557656e-03 1.265822784810126667e-01 6.662225183211192663e-04 2.366152450090744097e-01 0.000000000000000000e+00 2.739926739926739838e-02 5.498821681068342439e-03 4.621347644603458760e-03 0.000000000000000000e+00 8.118860112040269085e-05 0.000000000000000000e+00 0.000000000000000000e+00 0.000000000000000000e+00 0.000000000000000000e+00 0.000000000000000000e+00 0.000000000000000000e+00 0.000000000000000000e+00 0.000000000000000000e+00 0.000000000000000000e+00 0.000000000000000000e+00 0.000000000000000000e+00 0.000000000000000000e+00 0.000000000000000000e+00 0.000000000000000000e+00 0.000000000000000000e+00 0.000000000000000000e+00 0.000000000000000000e+00 8.614748449345279010e-05 0.000000000000000000e+00 0.000000000000000000e+00 0.000000000000000000e+00 0.000000000000000000e+00 0.000000000000000000e+00 9.273856997125104246e-05 0.000000000000000000e+00 1.500375093773443410e-04 0.000000000000000000e+00 0.000000000000000000e+00 0.000000000000000000e+00 0.000000000000000000e+00 0.000000000000000000e+00 2.189621195533172872e-04 0.000000000000000000e+00 0.000000000000000000e+00 0.000000000000000000e+00 2.639218791237793850e-04 2.011680726800778914e-03 2.961161576425148587e-02 2.726033621081326553e-04 5.007849293563579329e-02 0.000000000000000000e+00 8.204193254329991344e-03 1.263902932254802884e-04 3.395027926842624031e-03 0.000000000000000000e+00 0.000000000000000000e+00 0.000000000000000000e+00 1.425719988594240204e-04 0.000000000000000000e+00 0.000000000000000000e+00 0.000000000000000000e+00 1.381597126277977312e-04 0.000000000000000000e+00 0.000000000000000000e+00 0.000000000000000000e+00 1.236858379715522610e-04 0.000000000000000000e+00 4.291845493562231528e-04 0.000000000000000000e+00 0.000000000000000000e+00 0.000000000000000000e+00 3.571428571428571317e-03 0.000000000000000000e+00 0.000000000000000000e+00 8.176614881439084499e-04 0.000000000000000000e+00 0.000000000000000000e+00 0.000000000000000000e+00 0.000000000000000000e+00 0.000000000000000000e+00 0.000000000000000000e+00 5.540166204986150030e-04 0.000000000000000000e+00 0.000000000000000000e+00 0.000000000000000000e+00 0.000000000000000000e+00 0.000000000000000000e+00 0.000000000000000000e+00 0.000000000000000000e+00 0.000000000000000000e+00 0.000000000000000000e+00 0.000000000000000000e+00
9.116835326586936183e-02 7.911683532658694146e-03 2.368905243790248305e-01 1.407543698252069868e-02 7.267709291628334997e-03 1.931922723091076361e-03 0.000000000000000000e+00 1.664188088662275911e-02 5.177890724269377382e-02 1.341381623071763885e-03 1.064030131826741998e-01 7.558446124099138866e-03 2.000998626888028931e-01 1.147354447183766314e-02 1.070514312310914644e-02 4.319308910574307797e-03 2.354788069073783172e-03 2.233923727461305242e-03 2.618135376756066529e-02 1.001742160278745568e-02 0.000000000000000000e+00 0.000000000000000000e+00 1.633349585568015516e-02 1.226513569937369603e-02 1.470155836518671072e-03 2.344116268166901267e-03 0.000000000000000000e+00 2.268602540834845646e-04 8.781934306569342749e-03 2.637362637362637360e-03 2.140612725844462036e-02 1.788908765652951621e-02 3.799019607843137202e-03 9.499066331087114776e-03 9.119927040583675204e-04 0.000000000000000000e+00 6.484641638225255821e-03 4.850836769342711471e-04 7.293946024799416580e-04 0.000000000000000000e+00 0.000000000000000000e+00 0.000000000000000000e+00 0.000000000000000000e+00 0.000000000000000000e+00 2.785903329154478143e-04 0.000000000000000000e+00 0.000000000000000000e+00 0.000000000000000000e+00 7.555723460521344666e-04 0.000000000000000000e+00 9.077571978727305355e-03 8.614748449345279010e-05 1.830384380719951229e-03 0.000000000000000000e+00 1.974510859809729124e-03 0.000000000000000000e+00 5.732050908384338922e-03 3.709542798850041698e-04 1.153558052434456964e-02 0.000000000000000000e+00 2.532670290274083649e-02 2.119542178889359898e-04 3.865780114427091584e-03 1.444251877527440706e-04 1.176956431963658949e-02 1.094810597766586436e-04 5.278116118554608202e-03 9.513842641042717337e-05 1.172562048075043986e-03 2.639218791237793850e-04 8.157040882543802052e-02 5.936628281238824113e-03 2.389822807814629552e-02 4.709576138147566343e-03 2.127659574468085141e-03 0.000000000000000000e+00 3.551567239635995687e-02 7.337641003175993971e-03 0.000000000000000000e+00 0.000000000000000000e+00 3.676906654014944816e-03 1.425719988594240204e-04 7.352941176470588133e-04 0.000000000000000000e+00 1.704460129148520700e-02 2.763194252555954624e-04 1.332445036642238533e-03 0.000000000000000000e+00 1.499531396438612968e-02 1.236858379715522610e-04 9.980039920159679799e-04 1.287553648068669567e-03 0.000000000000000000e+00 5.159958720330236944e-04 1.393354769560557413e-02 7.142857142857142634e-03 6.761325219743069548e-04 1.879699248120300648e-03 8.176614881439084499e-04 8.718395815170009062e-04 0.000000000000000000e+00 1.474926253687315614e-03 0.000000000000000000e+00 0.000000000000000000e+00 1.434720229555236804e-03 0.000000000000000000e+00 0.000000000000000000e+00 0.000000000000000000e+00 3.267973856209150426e-03 0.000000000000000000e+00 0.000000000000000000e+00 0.000000000000000000e+00 0.000000000000000000e+00 0.000000000000000000e+00 0.000000000000000000e+00 0.000000000000000000e+00
3.186743148502230605e-03 1.042419092132285258e-01 1.083492670490758363e-02 1.750584236243891978e-01 2.124495432334820404e-04 1.055166064726294206e-02 1.664188088662275911e-02 0.000000000000000000e+00 1.270648030495552788e-03 4.862508383635143899e-02 1.506591337099811613e-02 1.921251538055897268e-01 1.260766446136562212e-02 2.642708135786079882e-01 0.000000000000000000e+00 2.447608382658774534e-02 3.453689167974882072e-03 8.137865007180469096e-03 1.745423584504044237e-02 1.576655052264808524e-02 0.000000000000000000e+00 0.000000000000000000e+00 1.938078985860555714e-02 1.865866388308977039e-02 1.176124669214936684e-03 1.640881387716830713e-03 4.441483455474128442e-04 4.537205081669691293e-04 3.535583941605839435e-03 1.245421245421245507e-02 1.433621366849960679e-02 6.112104949314251488e-03 5.759803921568627805e-03 1.079808394901355870e-02 0.000000000000000000e+00 1.358695652173913006e-03 1.706484641638225273e-03 2.910502061605626991e-03 0.000000000000000000e+00 4.692632566870013895e-04 0.000000000000000000e+00 0.000000000000000000e+00 0.000000000000000000e+00 5.099959200326397660e-04 0.000000000000000000e+00 1.494544911074577754e-03 0.000000000000000000e+00 1.089087344805053409e-04 0.000000000000000000e+00 7.947897118887294748e-03 1.833852924995415352e-04 2.093383873190902966e-02 0.000000000000000000e+00 8.745845723281441605e-04 0.000000000000000000e+00 1.345291479820627870e-03 4.857670261342659883e-04 1.140684410646387870e-02 4.494382022471910291e-04 2.145536384096024055e-02 1.156470452179946852e-04 2.564646036456125558e-02 1.546312045770836439e-04 1.617562102830733678e-02 2.064835845550278719e-04 2.233413619443836221e-02 1.218026796589524903e-03 9.133288935401008210e-03 0.000000000000000000e+00 1.055687516495117540e-03 5.515898767034393448e-03 1.023531936199127412e-01 8.178100863243980417e-03 3.885400313971742320e-02 0.000000000000000000e+00 0.000000000000000000e+00 1.908493427704752166e-02 3.603110283649107320e-02 0.000000000000000000e+00 4.360465116279069707e-03 0.000000000000000000e+00 3.564299971485600238e-03 0.000000000000000000e+00 0.000000000000000000e+00 5.256044451118786071e-04 1.312517269964078546e-02 6.662225183211192663e-04 0.000000000000000000e+00 3.748828491096532420e-04 5.071119356833642296e-03 3.326679973386560294e-04 2.575107296137339134e-03 3.322259136212624771e-04 1.547987616099071300e-03 8.574490889603429700e-03 1.071428571428571438e-02 6.761325219743069548e-04 0.000000000000000000e+00 8.176614881439084499e-04 2.615518744551002719e-03 0.000000000000000000e+00 0.000000000000000000e+00 0.000000000000000000e+00 2.171081198436821606e-04 0.000000000000000000e+00 1.108033240997230006e-03 0.000000000000000000e+00 0.000000000000000000e+00 6.535947712418300852e-03 3.355704697986577108e-03 6.238303181534622568e-04 1.179245283018867880e-03 9.737098344693281751e-04 0.000000000000000000e+00 0.000000000000000000e+00 0.000000000000000000e+00
2.541296060991105575e-03 0.000000000000000000e+00 1.969504447268106626e-02 1.588310038119440876e-03 3.233799237611181820e-01 3.494282083862770057e-03 5.177890724269377382e-02 1.270648030495552788e-03 0.000000000000000000e+00 3.353454057679409713e-04 3.766478342749529033e-03 0.000000000000000000e+00 5.230308326051678891e-02 1.896453631708704699e-04 1.647661158948103277e-01 3.199488081906894685e-04 4.709576138147566560e-04 0.000000000000000000e+00 1.064282673478075797e-04 0.000000000000000000e+00 1.192368839427662870e-03 0.000000000000000000e+00 1.584592881521209229e-03 3.914405010438413513e-04 8.820935019112026215e-04 3.750586029067041940e-03 1.021541194759049455e-02 0.000000000000000000e+00 2.429288321167883194e-02 2.930402930402930400e-04 5.302435192458758439e-03 1.639833035181872435e-03 1.225490196078431356e-04 0.000000000000000000e+00 0.000000000000000000e+00 0.000000000000000000e+00 3.412969283276450546e-04 0.000000000000000000e+00 0.000000000000000000e+00 0.000000000000000000e+00 0.000000000000000000e+00 0.000000000000000000e+00 0.000000000000000000e+00 0.000000000000000000e+00 0.000000000000000000e+00 0.000000000000000000e+00 0.000000000000000000e+00 0.000000000000000000e+00 0.000000000000000000e+00 0.000000000000000000e+00 0.000000000000000000e+00 0.000000000000000000e+00 0.000000000000000000e+00 0.000000000000000000e+00 0.000000000000000000e+00 0.000000000000000000e+00 9.715340522685319495e-05 9.273856997125104246e-05 0.000000000000000000e+00 0.000000000000000000e+00 1.734705678269920278e-03 0.000000000000000000e+00 1.237049636616669151e-03 0.000000000000000000e+00 1.651868676440222975e-03 0.000000000000000000e+00 0.000000000000000000e+00 9.513842641042717337e-05 1.954270080125073219e-04 0.000000000000000000e+00 7.722258273848150827e-03 7.152564194263643510e-05 1.635620172648796083e-02 7.849293563579278052e-05 2.127659574468085141e-03 0.000000000000000000e+00 1.769464105156723930e-03 0.000000000000000000e+00 0.000000000000000000e+00 0.000000000000000000e+00 8.302692444549875182e-04 0.000000000000000000e+00 0.000000000000000000e+00 0.000000000000000000e+00 1.201381588827151164e-03 0.000000000000000000e+00 0.000000000000000000e+00 0.000000000000000000e+00 1.124648547328959726e-03 0.000000000000000000e+00 0.000000000000000000e+00 4.291845493562231528e-04 0.000000000000000000e+00 0.000000000000000000e+00 0.000000000000000000e+00 0.000000000000000000e+00 0.000000000000000000e+00 0.000000000000000000e+00 8.176614881439084499e-04 0.000000000000000000e+00 0.000000000000000000e+00 0.000000000000000000e+00 0.000000000000000000e+00 0.000000000000000000e+00 0.000000000000000000e+00 0.000000000000000000e+00 0.000000000000000000e+00 0.000000000000000000e+00 0.000000000000000000e+00 0.000000000000000000e+00 0.000000000000000000e+00 0.000000000000000000e+00 0.000000000000000000e+00 0.000000000000000000e+00 0.000000000000000000e+00 0.000000000000000000e+00
0.000000000000000000e+00 3.018108651911468633e-03 1.341381623071763885e-03 1.374916163648558058e-02 3.353454057679409713e-04 3.688799463447350879e-01 1.341381623071763885e-03 4.862508383635143899e-02 3.353454057679409713e-04 0.000000000000000000e+00 0.000000000000000000e+00 8.788890841975742539e-04 4.993134440144800582e-04 1.099943106391048676e-02 2.327205026762857768e-04 1.143816989281714880e-01 0.000000000000000000e+00 1.595659805329503744e-04 0.000000000000000000e+00 1.742160278745644598e-04 0.000000000000000000e+00 0.000000000000000000e+00 1.706484641638225273e-03 1.043841336116910126e-03 1.470155836518671072e-03 7.969995311767463092e-03 6.662225183211192663e-04 4.514519056261342977e-02 0.000000000000000000e+00 9.523809523809524669e-03 2.945797329143754785e-03 2.981514609421585999e-04 0.000000000000000000e+00 8.118860112040269085e-05 0.000000000000000000e+00 0.000000000000000000e+00 0.000000000000000000e+00 0.000000000000000000e+00 0.000000000000000000e+00 0.000000000000000000e+00 0.000000000000000000e+00 0.000000000000000000e+00 0.000000000000000000e+00 0.000000000000000000e+00 0.000000000000000000e+00 0.000000000000000000e+00 0.000000000000000000e+00 0.000000000000000000e+00 0.000000000000000000e+00 0.000000000000000000e+00 0.000000000000000000e+00 0.000000000000000000e+00 0.000000000000000000e+00 0.000000000000000000e+00 0.000000000000000000e+00 0.000000000000000000e+00 0.000000000000000000e+00 2.782157099137531138e-04 0.000000000000000000e+00 0.000000000000000000e+00 0.000000000000000000e+00 0.000000000000000000e+00 0.000000000000000000e+00 5.777007510109762826e-04 0.000000000000000000e+00 1.094810597766586436e-04 8.120178643930165839e-05 1.902768528208543467e-04 0.000000000000000000e+00 0.000000000000000000e+00 6.489292667099285771e-04 1.301766683355983119e-02 1.817355747387551035e-04 1.805337519623233938e-02 0.000000000000000000e+00 8.204193254329991344e-03 1.263902932254802884e-04 3.504544956740773039e-03 0.000000000000000000e+00 0.000000000000000000e+00 0.000000000000000000e+00 5.702879954376960814e-04 0.000000000000000000e+00 0.000000000000000000e+00 0.000000000000000000e+00 2.763194252555954624e-04 0.000000000000000000e+00 0.000000000000000000e+00 0.000000000000000000e+00 1.236858379715522610e-04 0.000000000000000000e+00 0.000000000000000000e+00 0.000000000000000000e+00 0.000000000000000000e+00 0.000000000000000000e+00 3.571428571428571317e-03 0.000000000000000000e+00 0.000000000000000000e+00 0.000000000000000000e+00 0.000000000000000000e+00 0.000000000000000000e+00 0.000000000000000000e+00 0.000000000000000000e+00 0.000000000000000000e+00 0.000000000000000000e+00 0.000000000000000000e+00 0.000000000000000000e+00 0.000000000000000000e+00 0.000000000000000000e+00 0.000000000000000000e+00 0.000000000000000000e+00 0.000000000000000000e+00 0.000000000000000000e+00 0.000000000000000000e+00 0.000000000000000000e+00 0.000000000000000000e+00
2.273069679849340774e-01 1.129943502824858797e-03 2.768361581920903911e-02 7.909604519774010925e-03 3.766478342749529141e-04 0.000000000000000000e+00 1.064030131826741998e-01 1.506591337099811613e-02 3.766478342749529033e-03 0.000000000000000000e+00 0.000000000000000000e+00 3.691334153629812105e-03 1.081013606291349460e-01 2.560212402806751573e-03 3.723528042820572429e-03 0.000000000000000000e+00 5.510204081632653211e-02 4.786979415988511233e-04 1.596424010217113720e-02 2.177700348432055639e-03 0.000000000000000000e+00 0.000000000000000000e+00 2.559726962457337801e-03 3.001043841336116774e-03 0.000000000000000000e+00 0.000000000000000000e+00 0.000000000000000000e+00 0.000000000000000000e+00 4.379562043795620641e-02 5.860805860805860801e-04 2.749410840534171219e-03 3.130590339892665597e-03 1.838235294117647033e-03 2.922789640334497088e-03 0.000000000000000000e+00 0.000000000000000000e+00 1.365187713310580218e-03 0.000000000000000000e+00 7.293946024799416580e-04 0.000000000000000000e+00 0.000000000000000000e+00 0.000000000000000000e+00 1.669170422300116845e-04 0.000000000000000000e+00 1.392951664577239072e-04 0.000000000000000000e+00 0.000000000000000000e+00 0.000000000000000000e+00 2.518574486840448041e-04 0.000000000000000000e+00 1.008619108747478349e-03 0.000000000000000000e+00 0.000000000000000000e+00 0.000000000000000000e+00 1.795009872554299130e-04 0.000000000000000000e+00 6.023511124064898602e-03 1.854771399425020849e-04 3.445692883895130898e-03 0.000000000000000000e+00 2.289811495316294507e-02 0.000000000000000000e+00 1.020565950208752147e-02 0.000000000000000000e+00 1.197604790419161749e-02 0.000000000000000000e+00 8.120178643930166381e-04 9.513842641042717337e-05 3.908540160250146439e-04 0.000000000000000000e+00 3.497728747566515584e-02 2.074243616336456618e-03 5.724670604270785598e-03 9.419152276295133120e-04 0.000000000000000000e+00 0.000000000000000000e+00 1.895854398382204164e-03 1.095170298981491602e-03 0.000000000000000000e+00 0.000000000000000000e+00 2.609417625429961019e-03 0.000000000000000000e+00 7.352941176470588133e-04 0.000000000000000000e+00 7.733893978074785590e-03 0.000000000000000000e+00 6.662225183211192663e-04 0.000000000000000000e+00 4.498594189315838904e-03 0.000000000000000000e+00 0.000000000000000000e+00 0.000000000000000000e+00 0.000000000000000000e+00 0.000000000000000000e+00 1.071811361200428712e-03 0.000000000000000000e+00 0.000000000000000000e+00 0.000000000000000000e+00 0.000000000000000000e+00 0.000000000000000000e+00 0.000000000000000000e+00 1.474926253687315614e-03 0.000000000000000000e+00 0.000000000000000000e+00 0.000000000000000000e+00 0.000000000000000000e+00 0.000000000000000000e+00 0.000000000000000000e+00 0.000000000000000000e+00 0.000000000000000000e+00 0.000000000000000000e+00 0.000000000000000000e+00 0.000000000000000000e+00 0.000000000000000000e+00 0.000000000000000000e+00 0.000000000000000000e+00
2.109333802074178036e-03 7.066268236948497483e-02 4.042889787308841416e-03 2.953067322903849684e-02 1.757778168395148454e-04 3.515556336790296907e-04 7.558446124099138866e-03 1.921251538055897268e-01 0.000000000000000000e+00 8.788890841975742539e-04 3.691334153629812105e-03 0.000000000000000000e+00 1.123455249032580131e-03 1.253555850559453788e-01 0.000000000000000000e+00 4.959206526955687276e-03 3.139717425431711221e-04 1.112174884314664075e-01 4.257130693912303081e-03 1.341463414634146319e-02 0.000000000000000000e+00 0.000000000000000000e+00 1.462701121404193184e-03 7.176409185803757709e-03 0.000000000000000000e+00 2.344116268166901212e-04 0.000000000000000000e+00 0.000000000000000000e+00 6.843065693430657251e-04 3.897435897435897606e-02 2.945797329143754785e-03 5.963029218843171999e-04 4.901960784313725422e-04 5.114881870585370228e-03 0.000000000000000000e+00 0.000000000000000000e+00 3.412969283276450546e-04 7.276255154014067477e-04 0.000000000000000000e+00 4.692632566870013895e-04 0.000000000000000000e+00 0.000000000000000000e+00 0.000000000000000000e+00 0.000000000000000000e+00 0.000000000000000000e+00 2.989089822149155399e-04 0.000000000000000000e+00 0.000000000000000000e+00 0.000000000000000000e+00 3.311623799536372631e-04 0.000000000000000000e+00 2.239834596829772678e-03 0.000000000000000000e+00 0.000000000000000000e+00 0.000000000000000000e+00 1.494768310911808774e-04 0.000000000000000000e+00 1.140684410646387870e-02 0.000000000000000000e+00 2.850712678169542262e-03 0.000000000000000000e+00 6.994489190334888043e-03 0.000000000000000000e+00 2.123050259965338082e-02 0.000000000000000000e+00 6.568863586599518398e-03 8.120178643930165839e-05 8.562458376938445739e-04 3.908540160250146439e-04 1.055687516495117540e-03 1.362751460090850120e-03 2.746584650597239108e-02 5.452067242162653106e-04 7.849293563579277239e-03 0.000000000000000000e+00 0.000000000000000000e+00 1.643073811931243695e-03 5.037783375314861326e-03 0.000000000000000000e+00 2.906976744186046471e-03 1.186098920649982208e-04 7.984031936127743839e-03 0.000000000000000000e+00 0.000000000000000000e+00 0.000000000000000000e+00 7.875103619784471626e-03 0.000000000000000000e+00 6.313131313131313668e-04 0.000000000000000000e+00 6.555349412492269753e-03 0.000000000000000000e+00 4.291845493562231528e-04 0.000000000000000000e+00 0.000000000000000000e+00 1.071811361200428712e-03 0.000000000000000000e+00 0.000000000000000000e+00 0.000000000000000000e+00 0.000000000000000000e+00 8.718395815170009062e-04 0.000000000000000000e+00 0.000000000000000000e+00 3.176620076238881969e-04 0.000000000000000000e+00 0.000000000000000000e+00 2.770083102493075015e-04 0.000000000000000000e+00 0.000000000000000000e+00 0.000000000000000000e+00 0.000000000000000000e+00 0.000000000000000000e+00 1.179245283018867880e-03 0.000000000000000000e+00 0.000000000000000000e+00 0.000000000000000000e+00 0.000000000000000000e+00
2.196979153663712256e-02 0.000000000000000000e+00 5.317688178754213096e-02 8.613156909249781654e-03 4.993134440144800582e-04 1.248283610036200145e-04 2.000998626888028931e-01 1.260766446136562212e-02 5.230308326051678891e-02 4.993134440144800582e-04 1.081013606291349460e-01 1.123455249032580131e-03 0.000000000000000000e+00 5.689360895126113933e-03 1.954852222480800428e-01 7.998720204767236983e-04 8.948194662480377440e-03 0.000000000000000000e+00 6.598552575564070079e-03 1.132404181184669097e-03 0.000000000000000000e+00 0.000000000000000000e+00 1.743052169673330043e-02 4.436325678496868576e-03 5.880623346074683420e-04 2.344116268166901212e-04 0.000000000000000000e+00 0.000000000000000000e+00 1.174726277372262762e-01 5.860805860805860801e-04 1.944226237234878210e-02 1.103160405485986879e-02 2.573529411764705847e-03 9.742632134448323987e-04 4.559963520291837602e-04 0.000000000000000000e+00 2.047781569965870328e-03 0.000000000000000000e+00 0.000000000000000000e+00 0.000000000000000000e+00 0.000000000000000000e+00 0.000000000000000000e+00 0.000000000000000000e+00 0.000000000000000000e+00 1.392951664577239072e-04 0.000000000000000000e+00 2.088554720133667386e-04 0.000000000000000000e+00 1.259287243420224021e-04 0.000000000000000000e+00 1.558774986246102981e-03 0.000000000000000000e+00 0.000000000000000000e+00 0.000000000000000000e+00 1.795009872554299130e-04 0.000000000000000000e+00 2.914602156805595930e-03 0.000000000000000000e+00 2.097378277153557919e-03 0.000000000000000000e+00 1.896611541575112664e-02 0.000000000000000000e+00 1.051492191124168800e-02 0.000000000000000000e+00 1.321494941152178380e-02 0.000000000000000000e+00 1.461632155907430014e-03 0.000000000000000000e+00 5.862810240375219929e-04 0.000000000000000000e+00 5.081116158338740835e-02 1.287461554967455832e-03 2.462517037710131723e-02 1.962323390894819310e-03 1.276595744680850998e-02 0.000000000000000000e+00 1.592517694641051515e-02 2.080823568064834195e-03 0.000000000000000000e+00 0.000000000000000000e+00 5.574664927054916348e-03 0.000000000000000000e+00 0.000000000000000000e+00 0.000000000000000000e+00 1.073734795014266372e-02 0.000000000000000000e+00 6.662225183211192663e-04 0.000000000000000000e+00 7.310215557638237785e-03 0.000000000000000000e+00 0.000000000000000000e+00 0.000000000000000000e+00 0.000000000000000000e+00 0.000000000000000000e+00 4.287245444801714850e-03 0.000000000000000000e+00 0.000000000000000000e+00 0.000000000000000000e+00 8.176614881439084499e-04 8.718395815170009062e-04 0.000000000000000000e+00 0.000000000000000000e+00 0.000000000000000000e+00 4.342162396873643212e-04 0.000000000000000000e+00 2.770083102493075015e-04 0.000000000000000000e+00 0.000000000000000000e+00 0.000000000000000000e+00 0.000000000000000000e+00 0.000000000000000000e+00 0.000000000000000000e+00 0.000000000000000000e+00 0.000000000000000000e+00 0.000000000000000000e+00 0.000000000000000000e+00
