0.000000000000000000e+00 1.093370357514751763e-02 7.102030888969962374e-02 1.877493546115935287e-03 2.281802624073017531e-03 0.000000000000000000e+00 1.396427110323196497e-01 1.604792981705360083e-03 1.091703056768558895e-02 0.000000000000000000e+00 1.960132890365448577e-01 0.000000000000000000e+00 3.007772896248732744e-02 0.000000000000000000e+00 4.737091425864519236e-04 0.000000000000000000e+00 6.655876997774630432e-02 1.577598106882271848e-03 5.189161554192229381e-02 1.555444054189663791e-02 0.000000000000000000e+00 0.000000000000000000e+00 1.345895020188425315e-03 0.000000000000000000e+00 0.000000000000000000e+00 0.000000000000000000e+00 0.000000000000000000e+00 0.000000000000000000e+00 2.277342616768204125e-02 3.682337056585245974e-04 7.901134521880064099e-03 0.000000000000000000e+00 1.243270956165085789e-02 1.353138671278868686e-02 7.315288953913679903e-04 0.000000000000000000e+00 4.890085240017945367e-02 1.260040951330918153e-03 4.651162790697674354e-03 0.000000000000000000e+00 0.000000000000000000e+00 1.912045889101338363e-03 1.168224299065420609e-04 0.000000000000000000e+00 2.927829014785536467e-04 0.000000000000000000e+00 0.000000000000000000e+00 0.000000000000000000e+00 2.072538860103626847e-03 1.078515962036238185e-04 1.472112792867509914e-02 0.000000000000000000e+00 6.655574043261231441e-04 0.000000000000000000e+00 3.780718336483932158e-04 0.000000000000000000e+00 2.784181029924923112e-01 1.774032597848985418e-03 2.940824865511057831e-02 3.898635477582845896e-04 3.050421675937555963e-02 0.000000000000000000e+00 7.198560287942411783e-03 0.000000000000000000e+00 2.434956637758505654e-02 1.667222407469156286e-04 3.181617322138753905e-03 8.115001159285879567e-04 1.057955742887249778e-01 4.256828662646328261e-03 5.685657695444483462e-02 6.299874002519949973e-04 2.484389531021655509e-02 7.156488549618320602e-04 0.000000000000000000e+00 0.000000000000000000e+00 6.496373383790601808e-02 1.220670012206700149e-03 1.328903654485049908e-03 0.000000000000000000e+00 8.319467554076538651e-03 0.000000000000000000e+00 0.000000000000000000e+00 0.000000000000000000e+00 2.226681957186544408e-02 0.000000000000000000e+00 0.000000000000000000e+00 0.000000000000000000e+00 1.790688420214882684e-02 0.000000000000000000e+00 3.595685177786655997e-03 0.000000000000000000e+00 1.347708894878706272e-03 0.000000000000000000e+00 1.465968586387434575e-02 9.615384615384615918e-03 7.132667617689015908e-04 0.000000000000000000e+00 2.906976744186046471e-03 0.000000000000000000e+00 1.102535832414553493e-03 0.000000000000000000e+00 6.464124111182934515e-04 2.239641657334826550e-04 2.546689303904923780e-03 0.000000000000000000e+00 0.000000000000000000e+00 8.888888888888889315e-04 0.000000000000000000e+00 0.000000000000000000e+00 0.000000000000000000e+00 0.000000000000000000e+00 0.000000000000000000e+00 0.000000000000000000e+00 0.000000000000000000e+00 2.531645569620253212e-03
1.093370357514751763e-02 0.000000000000000000e+00 1.580931533503587491e-03 8.859422670734569405e-02 0.000000000000000000e+00 3.966679888932963128e-04 5.454793399699986315e-04 9.906922007061089164e-02 0.000000000000000000e+00 2.708803611738148931e-03 3.020235578375113231e-04 1.492921492921492899e-01 0.000000000000000000e+00 1.361646944399416519e-02 0.000000000000000000e+00 1.947419668938656350e-03 4.046125834513453375e-04 2.425557089331492958e-02 1.546523517382413122e-02 6.635725037631710899e-02 0.000000000000000000e+00 0.000000000000000000e+00 1.682368775235531643e-04 3.158559696778268891e-04 0.000000000000000000e+00 0.000000000000000000e+00 0.000000000000000000e+00 0.000000000000000000e+00 2.901073397156948169e-04 5.633975696575426600e-02 2.633711507293354844e-03 4.484304932735426051e-04 1.999487310945911173e-02 3.662630989927764813e-02 0.000000000000000000e+00 1.106194690265486710e-03 2.243158366980708767e-04 8.458024885808788917e-02 0.000000000000000000e+00 4.405286343612335211e-03 0.000000000000000000e+00 5.544933078393881470e-02 1.168224299065420609e-04 9.766578767457760200e-05 0.000000000000000000e+00 3.990422984836392863e-04 0.000000000000000000e+00 0.000000000000000000e+00 0.000000000000000000e+00 1.941328731665228598e-03 0.000000000000000000e+00 4.871650740116170546e-03 0.000000000000000000e+00 1.791472590469365684e-04 0.000000000000000000e+00 1.089833411178576985e-03 2.960769800148038353e-03 2.888346823372879291e-01 1.195457262402869103e-04 2.871994801819363272e-02 0.000000000000000000e+00 4.301606922126081922e-02 2.999400119976004548e-04 4.083645689485105451e-02 0.000000000000000000e+00 4.618206068689563459e-02 6.186478126380909890e-04 6.028286575469510473e-03 3.097997892518440308e-02 6.775452288045406835e-02 3.495281370150296846e-04 7.087358252834943806e-02 5.314202205393915492e-04 5.522423664122137060e-02 0.000000000000000000e+00 3.539823008849557473e-02 3.153579312519709868e-04 9.060084090600840911e-02 0.000000000000000000e+00 0.000000000000000000e+00 0.000000000000000000e+00 1.239464551313832451e-02 0.000000000000000000e+00 0.000000000000000000e+00 2.866972477064220343e-04 3.184713375796178331e-02 0.000000000000000000e+00 5.633802816901408751e-04 0.000000000000000000e+00 1.044083526682134527e-02 0.000000000000000000e+00 1.388888888888888942e-03 4.492362982929020906e-04 2.659574468085106318e-03 6.282722513089005444e-03 7.211538461538460898e-02 0.000000000000000000e+00 8.695652173913043584e-03 0.000000000000000000e+00 2.810962754743499652e-03 1.102535832414553493e-03 0.000000000000000000e+00 3.232062055591467258e-04 2.687569988801791643e-03 0.000000000000000000e+00 2.131438721136767311e-03 0.000000000000000000e+00 6.222222222222221870e-03 0.000000000000000000e+00 3.194888178913737886e-03 0.000000000000000000e+00 0.000000000000000000e+00 0.000000000000000000e+00 0.000000000000000000e+00 0.000000000000000000e+00 0.000000000000000000e+00
7.102030888969962374e-02 1.580931533503587491e-03 0.000000000000000000e+00 5.163107251818821984e-03 1.254991443240159599e-01 3.570011900039666598e-03 2.509204963861993987e-01 5.884240932919653638e-03 6.986899563318776929e-02 2.708803611738148931e-03 3.745092117185140623e-02 1.103143960286817517e-03 5.356539371409260036e-02 3.404117360998541297e-03 2.747513027001421276e-02 1.298279779292437494e-03 8.901476835929596557e-03 5.915992900808518615e-04 7.630368098159509560e-02 2.007024586051178987e-03 2.706359945872801286e-03 1.631321370309951136e-03 1.734522207267833183e-01 1.263423878711307687e-02 1.279426816786079918e-02 5.903723887375113104e-03 5.347593582887700224e-03 0.000000000000000000e+00 3.959965187119234009e-02 1.227445685528415415e-04 2.289303079416531508e-02 1.300448430493273549e-02 9.612919764163035952e-03 4.171329738528843645e-03 7.315288953913679903e-04 0.000000000000000000e+00 1.480484522207267846e-02 1.575051189163647692e-04 5.813953488372092943e-04 0.000000000000000000e+00 2.849002849002849145e-03 0.000000000000000000e+00 3.504672897196261421e-04 0.000000000000000000e+00 1.317523056653491492e-03 0.000000000000000000e+00 1.790510295434198792e-04 0.000000000000000000e+00 3.849000740192449858e-03 0.000000000000000000e+00 9.019282604188265384e-03 9.368559115608019133e-05 3.327787021630615721e-04 0.000000000000000000e+00 7.561436672967864316e-04 0.000000000000000000e+00 1.607275034366078062e-02 0.000000000000000000e+00 1.267184698147041239e-02 0.000000000000000000e+00 3.050421675937556136e-03 2.472187886279357451e-04 2.999400119976004548e-04 1.972775695403432609e-04 3.335557038025350075e-03 1.667222407469156286e-04 9.014582412726469471e-03 2.318571759795965629e-04 6.322444678609062153e-03 0.000000000000000000e+00 4.613771408598392465e-02 3.149937001259974986e-04 1.008369868473495412e-01 8.349236641221373855e-04 4.918032786885245811e-02 0.000000000000000000e+00 7.064017660044150104e-02 1.085040010850400012e-03 1.328903654485049908e-03 0.000000000000000000e+00 9.075782786265314912e-04 1.652619401751776623e-04 0.000000000000000000e+00 0.000000000000000000e+00 1.156345565749235423e-02 8.165931732810713557e-05 1.124859392575928117e-03 0.000000000000000000e+00 1.074413052128929576e-02 0.000000000000000000e+00 1.198561725928885260e-03 0.000000000000000000e+00 4.492362982929020906e-04 0.000000000000000000e+00 1.884816753926701546e-02 2.403846153846153980e-03 0.000000000000000000e+00 0.000000000000000000e+00 2.906976744186046471e-03 0.000000000000000000e+00 1.102535832414553493e-03 0.000000000000000000e+00 1.616031027795733575e-03 4.479283314669653101e-04 1.273344651952461890e-03 0.000000000000000000e+00 9.671179883945841453e-04 0.000000000000000000e+00 0.000000000000000000e+00 0.000000000000000000e+00 0.000000000000000000e+00 0.000000000000000000e+00 0.000000000000000000e+00 9.140767824497257740e-04 0.000000000000000000e+00 2.531645569620253212e-03
1.877493546115935287e-03 8.859422670734569405e-02 5.163107251818821984e-03 0.000000000000000000e+00 6.274957216200798861e-03 2.935343117810392671e-02 7.091231419609982101e-03 1.972825505509789301e-01 9.461426491994178248e-03 1.986455981941309332e-02 9.060706735125339693e-04 2.555616841331127126e-02 4.562352145995268379e-03 4.133571081212514264e-02 1.421127427759355825e-03 4.479065238558909562e-02 1.213837750354036012e-03 1.498718201538158136e-02 3.578732106339468314e-03 1.352232814851981879e-01 1.804239963915200713e-03 0.000000000000000000e+00 1.261776581426648711e-02 2.106759317751105420e-01 3.582395087001023510e-03 1.998183469573115364e-02 0.000000000000000000e+00 0.000000000000000000e+00 8.703220191470843964e-04 2.614459310175524728e-02 2.248784440842787821e-02 5.538116591928251425e-02 4.486029223276083271e-03 1.810967545019839114e-02 3.657644476956839951e-04 1.106194690265486710e-03 6.729475100942126573e-04 1.748306819971649079e-02 0.000000000000000000e+00 1.762114537444933998e-03 0.000000000000000000e+00 9.560229445506692250e-03 0.000000000000000000e+00 9.766578767457760200e-05 0.000000000000000000e+00 3.990422984836392863e-04 0.000000000000000000e+00 7.235890014471779491e-04 0.000000000000000000e+00 2.480586712683347569e-03 1.036699149906697111e-04 3.747423646243207979e-03 0.000000000000000000e+00 1.791472590469365684e-04 0.000000000000000000e+00 6.227619492449011033e-04 2.114835571534313225e-04 9.757179288169420123e-03 2.390914524805738206e-04 2.183235867446393919e-02 0.000000000000000000e+00 2.472187886279357018e-03 0.000000000000000000e+00 7.891102781613730435e-04 0.000000000000000000e+00 1.317105701900633460e-02 1.767565178965974332e-04 1.205657315093902095e-02 8.429926238145416710e-04 1.206101454416459717e-02 4.660375160200396156e-04 4.178916421671566295e-02 1.461405606483326706e-03 7.514312977099237012e-02 0.000000000000000000e+00 2.654867256637168105e-02 1.103752759381898454e-03 6.483114064831140000e-02 0.000000000000000000e+00 1.030927835051546415e-03 0.000000000000000000e+00 1.817881341926954122e-03 0.000000000000000000e+00 0.000000000000000000e+00 0.000000000000000000e+00 2.449779519843214067e-03 0.000000000000000000e+00 0.000000000000000000e+00 0.000000000000000000e+00 2.175174013921113599e-03 7.990411506192568762e-04 6.944444444444444709e-04 0.000000000000000000e+00 5.319148936170212854e-04 3.141361256544502722e-03 2.884615384615384776e-02 0.000000000000000000e+00 2.484472049689441086e-03 1.453488372093023236e-03 3.513703443429374348e-03 0.000000000000000000e+00 0.000000000000000000e+00 0.000000000000000000e+00 1.343784994400895822e-03 0.000000000000000000e+00 3.552397868561278670e-04 0.000000000000000000e+00 3.555555555555555726e-03 0.000000000000000000e+00 0.000000000000000000e+00 0.000000000000000000e+00 0.000000000000000000e+00 0.000000000000000000e+00 0.000000000000000000e+00 0.000000000000000000e+00 0.000000000000000000e+00
2.281802624073017531e-03 0.000000000000000000e+00 1.254991443240159599e-01 6.274957216200798861e-03 0.000000000000000000e+00 2.776675922253073973e-03 1.227328514932496915e-02 0.000000000000000000e+00 2.045123726346433635e-01 4.063205417607223396e-03 2.718212020537601799e-03 0.000000000000000000e+00 2.534640081108482674e-03 0.000000000000000000e+00 1.207958313595452332e-01 3.245699448231093736e-04 6.069188751770180062e-04 0.000000000000000000e+00 3.834355828220858986e-04 1.254390366281986867e-04 2.976995940460081327e-02 8.156606851549755679e-04 1.160834454912516855e-02 2.210991787744788495e-03 8.085977482088024804e-02 1.226158038147139029e-02 8.070004861448711042e-02 2.099370188943316864e-03 7.832898172323759026e-03 0.000000000000000000e+00 2.025931928687196067e-03 2.690582959641255739e-03 1.281722635221738008e-04 0.000000000000000000e+00 0.000000000000000000e+00 0.000000000000000000e+00 2.243158366980708767e-04 0.000000000000000000e+00 0.000000000000000000e+00 0.000000000000000000e+00 0.000000000000000000e+00 0.000000000000000000e+00 0.000000000000000000e+00 0.000000000000000000e+00 0.000000000000000000e+00 0.000000000000000000e+00 0.000000000000000000e+00 0.000000000000000000e+00 0.000000000000000000e+00 0.000000000000000000e+00 1.036699149906697111e-04 0.000000000000000000e+00 0.000000000000000000e+00 0.000000000000000000e+00 1.890359168241966079e-04 0.000000000000000000e+00 0.000000000000000000e+00 0.000000000000000000e+00 0.000000000000000000e+00 0.000000000000000000e+00 0.000000000000000000e+00 0.000000000000000000e+00 0.000000000000000000e+00 0.000000000000000000e+00 0.000000000000000000e+00 0.000000000000000000e+00 0.000000000000000000e+00 0.000000000000000000e+00 0.000000000000000000e+00 0.000000000000000000e+00 1.188395665851101068e-02 1.784964300713985826e-03 1.766972233293476885e-02 1.192748091603053389e-04 0.000000000000000000e+00 0.000000000000000000e+00 4.730368968779564802e-04 0.000000000000000000e+00 0.000000000000000000e+00 0.000000000000000000e+00 4.537891393132657456e-04 0.000000000000000000e+00 0.000000000000000000e+00 0.000000000000000000e+00 7.645259938837920552e-04 0.000000000000000000e+00 0.000000000000000000e+00 0.000000000000000000e+00 0.000000000000000000e+00 0.000000000000000000e+00 0.000000000000000000e+00 0.000000000000000000e+00 0.000000000000000000e+00 0.000000000000000000e+00 0.000000000000000000e+00 0.000000000000000000e+00 0.000000000000000000e+00 0.000000000000000000e+00 0.000000000000000000e+00 0.000000000000000000e+00 0.000000000000000000e+00 0.000000000000000000e+00 0.000000000000000000e+00 0.000000000000000000e+00 0.000000000000000000e+00 0.000000000000000000e+00 0.000000000000000000e+00 0.000000000000000000e+00 0.000000000000000000e+00 0.000000000000000000e+00 0.000000000000000000e+00 0.000000000000000000e+00 0.000000000000000000e+00 0.000000000000000000e+00 0.000000000000000000e+00 0.000000000000000000e+00
0.000000000000000000e+00 3.966679888932963128e-04 3.570011900039666598e-03 2.935343117810392671e-02 2.776675922253073973e-03 0.000000000000000000e+00 2.727396699849993157e-04 1.069861987803573362e-04 2.911208151382824010e-03 2.288939051918735812e-01 0.000000000000000000e+00 0.000000000000000000e+00 3.379520108144643204e-04 3.242016534284324915e-04 9.474182851729038473e-04 1.428107757221681318e-01 0.000000000000000000e+00 0.000000000000000000e+00 0.000000000000000000e+00 3.763171098845960873e-04 2.255299954894000782e-03 3.017944535073409373e-02 1.682368775235531643e-03 2.147820593809222911e-02 4.605936540429887184e-03 1.861943687556766591e-01 0.000000000000000000e+00 3.198040587823652858e-01 1.450536698578474084e-04 5.523505584877868961e-03 7.293354943273906189e-03 8.295964125560538818e-03 0.000000000000000000e+00 8.139179977617255020e-04 0.000000000000000000e+00 5.530973451327433552e-04 0.000000000000000000e+00 0.000000000000000000e+00 0.000000000000000000e+00 0.000000000000000000e+00 0.000000000000000000e+00 0.000000000000000000e+00 0.000000000000000000e+00 9.766578767457760200e-05 0.000000000000000000e+00 0.000000000000000000e+00 0.000000000000000000e+00 0.000000000000000000e+00 0.000000000000000000e+00 0.000000000000000000e+00 0.000000000000000000e+00 0.000000000000000000e+00 0.000000000000000000e+00 0.000000000000000000e+00 0.000000000000000000e+00 0.000000000000000000e+00 0.000000000000000000e+00 0.000000000000000000e+00 0.000000000000000000e+00 0.000000000000000000e+00 0.000000000000000000e+00 0.000000000000000000e+00 0.000000000000000000e+00 0.000000000000000000e+00 0.000000000000000000e+00 0.000000000000000000e+00 0.000000000000000000e+00 2.318571759795965629e-04 0.000000000000000000e+00 3.547357218871940217e-04 1.165093790050099039e-04 1.942461150776984488e-02 0.000000000000000000e+00 1.693702290076335923e-02 0.000000000000000000e+00 0.000000000000000000e+00 0.000000000000000000e+00 1.220670012206700149e-03 0.000000000000000000e+00 0.000000000000000000e+00 0.000000000000000000e+00 0.000000000000000000e+00 0.000000000000000000e+00 0.000000000000000000e+00 0.000000000000000000e+00 0.000000000000000000e+00 0.000000000000000000e+00 0.000000000000000000e+00 0.000000000000000000e+00 1.450116009280742399e-04 0.000000000000000000e+00 0.000000000000000000e+00 0.000000000000000000e+00 0.000000000000000000e+00 0.000000000000000000e+00 0.000000000000000000e+00 0.000000000000000000e+00 0.000000000000000000e+00 0.000000000000000000e+00 0.000000000000000000e+00 0.000000000000000000e+00 0.000000000000000000e+00 0.000000000000000000e+00 0.000000000000000000e+00 0.000000000000000000e+00 0.000000000000000000e+00 0.000000000000000000e+00 8.888888888888889315e-04 0.000000000000000000e+00 0.000000000000000000e+00 0.000000000000000000e+00 0.000000000000000000e+00 0.000000000000000000e+00 0.000000000000000000e+00 0.000000000000000000e+00 0.000000000000000000e+00
1.396427110323196497e-01 5.454793399699986315e-04 2.509204963861993987e-01 7.091231419609982101e-03 1.227328514932496915e-02 2.727396699849993157e-04 0.000000000000000000e+00 7.916978709746442036e-03 8.588064046579330091e-02 9.029345372460496075e-04 8.275445484747810665e-02 1.838573267144695718e-03 1.606961811422777942e-01 5.511428108283352410e-03 3.315963998105163520e-03 3.245699448231093736e-04 5.259963584867488953e-03 1.380398343521987677e-03 1.188650306748466334e-02 2.885097842448570201e-03 0.000000000000000000e+00 0.000000000000000000e+00 1.127187079407806179e-02 9.159823120656980164e-03 5.117707267144319455e-04 9.082652134423251263e-04 4.861448711716091211e-04 0.000000000000000000e+00 1.407020597621119751e-02 6.137228427642077346e-04 1.154781199351701849e-02 1.704035874439461737e-02 1.025378108177390406e-03 3.764370739647980406e-03 3.657644476956839951e-04 0.000000000000000000e+00 3.589053387169134027e-03 1.575051189163647692e-04 1.162790697674418589e-03 0.000000000000000000e+00 1.424501424501424572e-03 0.000000000000000000e+00 2.336448598130841218e-04 0.000000000000000000e+00 0.000000000000000000e+00 0.000000000000000000e+00 0.000000000000000000e+00 0.000000000000000000e+00 1.332346410066617259e-03 0.000000000000000000e+00 1.005598175409496212e-02 0.000000000000000000e+00 9.983361064891847162e-04 0.000000000000000000e+00 0.000000000000000000e+00 0.000000000000000000e+00 7.824891614676959123e-03 1.108770373655615886e-04 8.487746563060370036e-03 2.599090318388563750e-04 6.998026197739099473e-03 0.000000000000000000e+00 3.599280143971205891e-03 0.000000000000000000e+00 1.567711807871914609e-02 0.000000000000000000e+00 1.148917366327883343e-03 0.000000000000000000e+00 6.322444678609061720e-04 0.000000000000000000e+00 7.724571828032156251e-02 6.299874002519949973e-04 4.450644347017403829e-02 1.550572519083969446e-03 0.000000000000000000e+00 0.000000000000000000e+00 4.052349416587826963e-02 1.627560016275600126e-03 1.328903654485049908e-03 0.000000000000000000e+00 6.201784903947965208e-03 0.000000000000000000e+00 8.077544426494346220e-04 0.000000000000000000e+00 3.555045871559633225e-02 0.000000000000000000e+00 5.624296962879640586e-04 0.000000000000000000e+00 4.218066056506167977e-02 0.000000000000000000e+00 3.995205753096284381e-04 6.944444444444444709e-04 0.000000000000000000e+00 0.000000000000000000e+00 6.282722513089005444e-03 2.403846153846153980e-03 0.000000000000000000e+00 0.000000000000000000e+00 0.000000000000000000e+00 1.405481377371749826e-03 0.000000000000000000e+00 0.000000000000000000e+00 0.000000000000000000e+00 0.000000000000000000e+00 4.244482173174872605e-04 0.000000000000000000e+00 0.000000000000000000e+00 0.000000000000000000e+00 0.000000000000000000e+00 0.000000000000000000e+00 0.000000000000000000e+00 0.000000000000000000e+00 0.000000000000000000e+00 0.000000000000000000e+00 0.000000000000000000e+00 0.000000000000000000e+00
1.604792981705360083e-03 9.906922007061089164e-02 5.884240932919653638e-03 1.972825505509789301e-01 0.000000000000000000e+00 1.069861987803573362e-04 7.916978709746442036e-03 0.000000000000000000e+00 0.000000000000000000e+00 6.004514672686230015e-02 1.812141347025067939e-03 1.571980143408714947e-01 6.928016221696519164e-03 3.120440914248662767e-01 0.000000000000000000e+00 1.850048685491723424e-02 8.092251669026906749e-04 1.459278248866101302e-02 6.901840490797546065e-03 1.517812343201204242e-02 0.000000000000000000e+00 0.000000000000000000e+00 1.615074024226110377e-02 1.895135818066961617e-02 5.117707267144319455e-04 0.000000000000000000e+00 0.000000000000000000e+00 0.000000000000000000e+00 4.351610095735421982e-04 1.558856020621087433e-02 2.998379254457050197e-02 8.295964125560538818e-03 3.204306588054344884e-03 1.088615322006307798e-02 0.000000000000000000e+00 0.000000000000000000e+00 0.000000000000000000e+00 4.095133091825484649e-03 0.000000000000000000e+00 2.936857562408223148e-04 0.000000000000000000e+00 1.912045889101338363e-03 0.000000000000000000e+00 1.953315753491552040e-04 0.000000000000000000e+00 1.197126895450917805e-03 0.000000000000000000e+00 2.894356005788711905e-04 0.000000000000000000e+00 2.049180327868852566e-03 0.000000000000000000e+00 5.621135469364811968e-03 0.000000000000000000e+00 0.000000000000000000e+00 0.000000000000000000e+00 1.712595360423478088e-03 0.000000000000000000e+00 5.876482980374764589e-03 0.000000000000000000e+00 4.028589993502274327e-03 0.000000000000000000e+00 9.394313967861557882e-03 0.000000000000000000e+00 3.353718682185835489e-03 0.000000000000000000e+00 2.284094698232744247e-02 0.000000000000000000e+00 3.246000463714351827e-03 4.214963119072708355e-04 1.064207165661582065e-03 3.495281370150296846e-04 1.133977320453590926e-01 2.125680882157566197e-03 4.687500000000000000e-02 0.000000000000000000e+00 8.849557522123893682e-03 9.460737937559129604e-04 2.875356028753560389e-02 0.000000000000000000e+00 1.030927835051546415e-03 0.000000000000000000e+00 9.089406709634770612e-03 0.000000000000000000e+00 0.000000000000000000e+00 0.000000000000000000e+00 2.327290543851053342e-02 0.000000000000000000e+00 0.000000000000000000e+00 0.000000000000000000e+00 8.555684454756381022e-03 0.000000000000000000e+00 0.000000000000000000e+00 4.492362982929020906e-04 0.000000000000000000e+00 1.047120418848167646e-03 0.000000000000000000e+00 0.000000000000000000e+00 0.000000000000000000e+00 0.000000000000000000e+00 1.405481377371749826e-03 0.000000000000000000e+00 0.000000000000000000e+00 0.000000000000000000e+00 2.239641657334826550e-04 0.000000000000000000e+00 7.104795737122557341e-04 0.000000000000000000e+00 0.000000000000000000e+00 0.000000000000000000e+00 0.000000000000000000e+00 0.000000000000000000e+00 0.000000000000000000e+00 0.000000000000000000e+00 0.000000000000000000e+00 0.000000000000000000e+00 0.000000000000000000e+00
1.091703056768558895e-02 0.000000000000000000e+00 6.986899563318776929e-02 9.461426491994178248e-03 2.045123726346433635e-01 2.911208151382824010e-03 8.588064046579330091e-02 0.000000000000000000e+00 0.000000000000000000e+00 4.514672686230248038e-04 5.436424041075203599e-03 0.000000000000000000e+00 1.047651233524839534e-02 0.000000000000000000e+00 1.932733301752723731e-01 3.245699448231093736e-04 2.225369208982399139e-03 0.000000000000000000e+00 0.000000000000000000e+00 0.000000000000000000e+00 5.412719891745602571e-03 0.000000000000000000e+00 2.523553162853297248e-03 3.790271636133922886e-03 3.070624360286591456e-03 2.724795640326975379e-03 1.944579484686436485e-03 0.000000000000000000e+00 8.268059181897302254e-03 0.000000000000000000e+00 1.418152350081037291e-03 4.035874439461883609e-03 0.000000000000000000e+00 0.000000000000000000e+00 0.000000000000000000e+00 0.000000000000000000e+00 2.243158366980708767e-04 0.000000000000000000e+00 0.000000000000000000e+00 0.000000000000000000e+00 0.000000000000000000e+00 0.000000000000000000e+00 0.000000000000000000e+00 0.000000000000000000e+00 0.000000000000000000e+00 0.000000000000000000e+00 0.000000000000000000e+00 0.000000000000000000e+00 0.000000000000000000e+00 0.000000000000000000e+00 1.036699149906697111e-04 0.000000000000000000e+00 0.000000000000000000e+00 0.000000000000000000e+00 0.000000000000000000e+00 0.000000000000000000e+00 1.057417785767156613e-04 0.000000000000000000e+00 0.000000000000000000e+00 0.000000000000000000e+00 5.383097075183922338e-04 0.000000000000000000e+00 8.998200359928014728e-04 0.000000000000000000e+00 2.001334222815210305e-03 0.000000000000000000e+00 0.000000000000000000e+00 0.000000000000000000e+00 0.000000000000000000e+00 0.000000000000000000e+00 4.427356402190375968e-03 2.099958000839983324e-04 1.049554935565298261e-02 1.192748091603053389e-04 0.000000000000000000e+00 0.000000000000000000e+00 1.419110690633869441e-03 0.000000000000000000e+00 6.644518272425249542e-04 0.000000000000000000e+00 1.361367417939797399e-03 0.000000000000000000e+00 0.000000000000000000e+00 0.000000000000000000e+00 3.153669724770642377e-03 0.000000000000000000e+00 0.000000000000000000e+00 0.000000000000000000e+00 4.377238360525268802e-03 0.000000000000000000e+00 0.000000000000000000e+00 0.000000000000000000e+00 0.000000000000000000e+00 0.000000000000000000e+00 0.000000000000000000e+00 0.000000000000000000e+00 0.000000000000000000e+00 0.000000000000000000e+00 0.000000000000000000e+00 0.000000000000000000e+00 0.000000000000000000e+00 0.000000000000000000e+00 0.000000000000000000e+00 0.000000000000000000e+00 0.000000000000000000e+00 0.000000000000000000e+00 0.000000000000000000e+00 0.000000000000000000e+00 0.000000000000000000e+00 0.000000000000000000e+00 0.000000000000000000e+00 0.000000000000000000e+00 0.000000000000000000e+00 0.000000000000000000e+00 0.000000000000000000e+00 0.000000000000000000e+00
0.000000000000000000e+00 2.708803611738148931e-03 2.708803611738148931e-03 1.986455981941309332e-02 4.063205417607223396e-03 2.288939051918735812e-01 9.029345372460496075e-04 6.004514672686230015e-02 4.514672686230248038e-04 0.000000000000000000e+00 0.000000000000000000e+00 1.654715940430226059e-03 3.379520108144643204e-04 1.231966283028043500e-02 9.474182851729038473e-04 1.970139565076274024e-01 0.000000000000000000e+00 7.887990534411359238e-04 0.000000000000000000e+00 2.508780732563973734e-04 2.255299954894000782e-03 6.525285481239804543e-03 2.860026917900403576e-03 2.842703727100442165e-03 5.629477993858751292e-03 1.017257039055404211e-01 0.000000000000000000e+00 4.338698390482854939e-02 0.000000000000000000e+00 9.328587210015957046e-03 1.012965964343598077e-02 2.690582959641255739e-03 0.000000000000000000e+00 2.034794994404313755e-04 0.000000000000000000e+00 0.000000000000000000e+00 0.000000000000000000e+00 1.575051189163647692e-04 0.000000000000000000e+00 0.000000000000000000e+00 0.000000000000000000e+00 0.000000000000000000e+00 0.000000000000000000e+00 0.000000000000000000e+00 0.000000000000000000e+00 0.000000000000000000e+00 0.000000000000000000e+00 1.447178002894355952e-04 0.000000000000000000e+00 0.000000000000000000e+00 0.000000000000000000e+00 0.000000000000000000e+00 0.000000000000000000e+00 0.000000000000000000e+00 0.000000000000000000e+00 1.556904873112252758e-04 0.000000000000000000e+00 1.108770373655615886e-04 0.000000000000000000e+00 0.000000000000000000e+00 0.000000000000000000e+00 0.000000000000000000e+00 0.000000000000000000e+00 1.972775695403432609e-04 0.000000000000000000e+00 0.000000000000000000e+00 0.000000000000000000e+00 0.000000000000000000e+00 0.000000000000000000e+00 0.000000000000000000e+00 3.495281370150296846e-04 1.490970180596387987e-02 0.000000000000000000e+00 1.622137404580152598e-02 0.000000000000000000e+00 0.000000000000000000e+00 0.000000000000000000e+00 3.390750033907500172e-03 0.000000000000000000e+00 2.061855670103092831e-03 0.000000000000000000e+00 8.263097008758882572e-04 0.000000000000000000e+00 0.000000000000000000e+00 0.000000000000000000e+00 6.532745386248570846e-04 0.000000000000000000e+00 0.000000000000000000e+00 0.000000000000000000e+00 2.900232018561484798e-04 0.000000000000000000e+00 0.000000000000000000e+00 0.000000000000000000e+00 0.000000000000000000e+00 0.000000000000000000e+00 0.000000000000000000e+00 0.000000000000000000e+00 0.000000000000000000e+00 0.000000000000000000e+00 0.000000000000000000e+00 0.000000000000000000e+00 0.000000000000000000e+00 0.000000000000000000e+00 0.000000000000000000e+00 0.000000000000000000e+00 0.000000000000000000e+00 0.000000000000000000e+00 8.888888888888889315e-04 0.000000000000000000e+00 0.000000000000000000e+00 0.000000000000000000e+00 0.000000000000000000e+00 0.000000000000000000e+00 0.000000000000000000e+00 0.000000000000000000e+00 0.000000000000000000e+00
1.960132890365448577e-01 3.020235578375113231e-04 3.745092117185140623e-02 9.060706735125339693e-04 2.718212020537601799e-03 0.000000000000000000e+00 8.275445484747810665e-02 1.812141347025067939e-03 5.436424041075203599e-03 0.000000000000000000e+00 0.000000000000000000e+00 1.838573267144695772e-04 1.659344373099019831e-01 0.000000000000000000e+00 2.842254855518711650e-03 0.000000000000000000e+00 3.459437588509002570e-02 1.971997633602839810e-04 2.172801635991819871e-02 6.271951831409934607e-04 0.000000000000000000e+00 0.000000000000000000e+00 4.374158815612381838e-03 6.317119393556537782e-04 0.000000000000000000e+00 0.000000000000000000e+00 0.000000000000000000e+00 0.000000000000000000e+00 4.583695967507978031e-02 0.000000000000000000e+00 4.051863857374392135e-03 0.000000000000000000e+00 1.922583952832606930e-03 8.139179977617255020e-04 3.657644476956839951e-04 0.000000000000000000e+00 2.243158366980708767e-04 0.000000000000000000e+00 0.000000000000000000e+00 0.000000000000000000e+00 0.000000000000000000e+00 0.000000000000000000e+00 0.000000000000000000e+00 0.000000000000000000e+00 0.000000000000000000e+00 0.000000000000000000e+00 0.000000000000000000e+00 0.000000000000000000e+00 2.960769800148038353e-04 0.000000000000000000e+00 2.488077959776072851e-03 0.000000000000000000e+00 0.000000000000000000e+00 0.000000000000000000e+00 0.000000000000000000e+00 0.000000000000000000e+00 6.555990271756371134e-03 0.000000000000000000e+00 3.227734608487746633e-03 1.299545159194281875e-04 9.151265027812667541e-03 2.472187886279357451e-04 2.999400119976004982e-03 0.000000000000000000e+00 5.003335557038025329e-03 0.000000000000000000e+00 2.651347768448961769e-04 0.000000000000000000e+00 0.000000000000000000e+00 0.000000000000000000e+00 1.456367237562623818e-02 0.000000000000000000e+00 5.579912315663610942e-03 1.192748091603053389e-04 0.000000000000000000e+00 0.000000000000000000e+00 1.261431725007883947e-03 1.356300013563000015e-04 6.644518272425249542e-04 0.000000000000000000e+00 2.571471789441839243e-03 0.000000000000000000e+00 8.077544426494346220e-04 0.000000000000000000e+00 6.785168195718654233e-03 0.000000000000000000e+00 5.624296962879640586e-04 0.000000000000000000e+00 7.560684440907281846e-03 0.000000000000000000e+00 0.000000000000000000e+00 0.000000000000000000e+00 0.000000000000000000e+00 0.000000000000000000e+00 0.000000000000000000e+00 0.000000000000000000e+00 0.000000000000000000e+00 0.000000000000000000e+00 0.000000000000000000e+00 0.000000000000000000e+00 0.000000000000000000e+00 0.000000000000000000e+00 0.000000000000000000e+00 0.000000000000000000e+00 0.000000000000000000e+00 0.000000000000000000e+00 0.000000000000000000e+00 0.000000000000000000e+00 0.000000000000000000e+00 0.000000000000000000e+00 0.000000000000000000e+00 0.000000000000000000e+00 0.000000000000000000e+00 0.000000000000000000e+00 0.000000000000000000e+00 0.000000000000000000e+00
0.000000000000000000e+00 1.492921492921492899e-01 1.103143960286817517e-03 2.555616841331127126e-02 0.000000000000000000e+00 0.000000000000000000e+00 1.838573267144695718e-03 1.571980143408714947e-01 0.000000000000000000e+00 1.654715940430226059e-03 1.838573267144695772e-04 0.000000000000000000e+00 1.689760054072321710e-03 1.890095639487761325e-01 0.000000000000000000e+00 3.245699448231093736e-04 0.000000000000000000e+00 8.893709327548807164e-02 1.533742331288343594e-03 8.529854490717511672e-03 0.000000000000000000e+00 0.000000000000000000e+00 2.187079407806190919e-03 1.926721415034744062e-02 5.117707267144319455e-04 4.541326067211625631e-04 0.000000000000000000e+00 0.000000000000000000e+00 1.450536698578474084e-04 5.683073523996563098e-02 3.038897893030794318e-03 3.811659192825112008e-03 6.408613176108689767e-04 1.536270220775256927e-02 0.000000000000000000e+00 0.000000000000000000e+00 0.000000000000000000e+00 9.450307134981887234e-04 0.000000000000000000e+00 2.936857562408223148e-04 0.000000000000000000e+00 1.912045889101338363e-03 0.000000000000000000e+00 9.766578767457760200e-05 1.463914507392768234e-04 1.330140994945464288e-04 0.000000000000000000e+00 0.000000000000000000e+00 0.000000000000000000e+00 2.157031924072476371e-04 0.000000000000000000e+00 5.621135469364811751e-04 0.000000000000000000e+00 1.791472590469365684e-04 0.000000000000000000e+00 4.670714619336758275e-04 0.000000000000000000e+00 1.552278523117862213e-03 0.000000000000000000e+00 1.299545159194281875e-04 0.000000000000000000e+00 4.697156983930778941e-03 0.000000000000000000e+00 1.341487472874334196e-02 0.000000000000000000e+00 4.001333777925975520e-03 1.767565178965974332e-04 4.637143519591931259e-04 0.000000000000000000e+00 1.064207165661582065e-03 1.165093790050099039e-04 3.653926921461570637e-02 1.328550551348478873e-04 2.492843511450381841e-02 0.000000000000000000e+00 0.000000000000000000e+00 0.000000000000000000e+00 1.017225010172250095e-02 0.000000000000000000e+00 5.154639175257731860e-03 0.000000000000000000e+00 2.082300446207238642e-02 0.000000000000000000e+00 0.000000000000000000e+00 0.000000000000000000e+00 1.363710599379389272e-02 0.000000000000000000e+00 5.633802816901408751e-04 0.000000000000000000e+00 1.102088167053364223e-02 0.000000000000000000e+00 6.944444444444444709e-04 0.000000000000000000e+00 0.000000000000000000e+00 0.000000000000000000e+00 4.807692307692307959e-03 0.000000000000000000e+00 0.000000000000000000e+00 0.000000000000000000e+00 0.000000000000000000e+00 0.000000000000000000e+00 0.000000000000000000e+00 3.232062055591467258e-04 0.000000000000000000e+00 0.000000000000000000e+00 0.000000000000000000e+00 0.000000000000000000e+00 0.000000000000000000e+00 0.000000000000000000e+00 0.000000000000000000e+00 0.000000000000000000e+00 0.000000000000000000e+00 0.000000000000000000e+00 0.000000000000000000e+00 0.000000000000000000e+00 0.000000000000000000e+00
3.007772896248732744e-02 0.000000000000000000e+00 5.356539371409260036e-02 4.562352145995268379e-03 2.534640081108482674e-03 3.379520108144643204e-04 1.606961811422777942e-01 6.928016221696519164e-03 1.047651233524839534e-02 3.379520108144643204e-04 1.659344373099019831e-01 1.689760054072321710e-03 0.000000000000000000e+00 2.431512400713243659e-03 1.113216485078162010e-01 3.245699448231093736e-04 1.436374671252275970e-02 0.000000000000000000e+00 5.240286298568506973e-03 2.508780732563973734e-04 0.000000000000000000e+00 0.000000000000000000e+00 3.499327052489905471e-02 7.264687302590018721e-03 5.117707267144319455e-04 9.082652134423251263e-04 0.000000000000000000e+00 0.000000000000000000e+00 1.473745285755729550e-01 0.000000000000000000e+00 1.175040518638573693e-02 7.847533632286995617e-03 2.691617533965649789e-03 1.424356496083019601e-03 0.000000000000000000e+00 0.000000000000000000e+00 2.243158366980708767e-04 0.000000000000000000e+00 0.000000000000000000e+00 0.000000000000000000e+00 0.000000000000000000e+00 0.000000000000000000e+00 1.168224299065420609e-04 0.000000000000000000e+00 0.000000000000000000e+00 0.000000000000000000e+00 1.790510295434198792e-04 0.000000000000000000e+00 7.401924500370095882e-04 0.000000000000000000e+00 2.073398299813394331e-03 0.000000000000000000e+00 0.000000000000000000e+00 0.000000000000000000e+00 0.000000000000000000e+00 0.000000000000000000e+00 3.912445807338479561e-03 0.000000000000000000e+00 3.705917513448894057e-03 0.000000000000000000e+00 6.639153059393504072e-03 0.000000000000000000e+00 4.199160167966406801e-03 0.000000000000000000e+00 1.234156104069379645e-02 0.000000000000000000e+00 8.837825894829871658e-05 0.000000000000000000e+00 2.107481559536354178e-04 0.000000000000000000e+00 6.349761155773039900e-02 2.099958000839983324e-04 4.822638501394978239e-02 5.963740458015267349e-04 0.000000000000000000e+00 0.000000000000000000e+00 2.554399243140964906e-02 5.425200054252000059e-04 5.315614617940199634e-03 0.000000000000000000e+00 9.832098018454091606e-03 0.000000000000000000e+00 0.000000000000000000e+00 0.000000000000000000e+00 1.701070336391437288e-02 0.000000000000000000e+00 0.000000000000000000e+00 0.000000000000000000e+00 1.193792280143255065e-02 0.000000000000000000e+00 0.000000000000000000e+00 0.000000000000000000e+00 0.000000000000000000e+00 0.000000000000000000e+00 6.282722513089005444e-03 0.000000000000000000e+00 0.000000000000000000e+00 0.000000000000000000e+00 0.000000000000000000e+00 0.000000000000000000e+00 0.000000000000000000e+00 0.000000000000000000e+00 0.000000000000000000e+00 0.000000000000000000e+00 8.488964346349745210e-04 3.552397868561278670e-04 0.000000000000000000e+00 0.000000000000000000e+00 0.000000000000000000e+00 0.000000000000000000e+00 0.000000000000000000e+00 0.000000000000000000e+00 0.000000000000000000e+00 0.000000000000000000e+00 1.543209876543209791e-03 0.000000000000000000e+00
