3.342590773015653438e-01 4.988731488363400413e-01 3.968270819598619381e-01 4.890406082191073867e-01 0.000000000000000000e+00 0.000000000000000000e+00 3.796571704313358442e-01 4.691031302120303725e-01 3.529936428804017479e-01 0.000000000000000000e+00 3.058817411484499038e-01 4.348966429166666314e-01 3.803305083000666498e-01 4.304921996993292810e-01 3.603146206020630959e-01 0.000000000000000000e+00 3.066265716618832293e-01 4.846787804824712609e-01 4.237556122249335755e-01 5.191991094080811164e-01 0.000000000000000000e+00 0.000000000000000000e+00 4.263786215126089130e-01 4.809661031496630379e-01 0.000000000000000000e+00 0.000000000000000000e+00 0.000000000000000000e+00 0.000000000000000000e+00 3.978098829596222186e-01 5.045228247944339994e-01 4.108842338933898497e-01 0.000000000000000000e+00 3.996539072264447823e-01 5.204881464048900508e-01 3.994767647058823923e-01 0.000000000000000000e+00 4.992633814022401362e-01 5.362819553883495516e-01 0.000000000000000000e+00 5.397476495726496459e-01 4.201904546352889791e-01 0.000000000000000000e+00 4.059779203539822801e-01 4.936088666666667013e-01 4.072734000000000076e-01 0.000000000000000000e+00 0.000000000000000000e+00 0.000000000000000000e+00 4.379397235349632433e-01 5.265167228241676156e-01 3.897333262623280947e-01 4.764409767045454380e-01 3.807571579713399101e-01 0.000000000000000000e+00 3.915116394786867238e-01 0.000000000000000000e+00 3.383459833057702038e-01 5.162247302576011831e-01 4.339170654161899066e-01 5.072541306978261000e-01 4.061001970669169681e-01 5.260485520726275732e-01 3.717695506982408582e-01 4.968792063492064037e-01 3.685923082147606333e-01 5.210307350427351158e-01 4.358621527095544179e-01 5.166501361138529091e-01 3.905237438303595376e-01 5.463314007727063659e-01 3.690514851961091969e-01 4.531521831662489452e-01 3.957113466420226211e-01 4.762328157020123687e-01 0.000000000000000000e+00 0.000000000000000000e+00 4.143335738593663109e-01 4.857400434707532799e-01 0.000000000000000000e+00 0.000000000000000000e+00 3.492452049355490584e-01 4.883427062937063523e-01 3.852327520661156246e-01 0.000000000000000000e+00 4.032028044631614239e-01 0.000000000000000000e+00 4.063926788321168271e-01 0.000000000000000000e+00 4.148821887267675756e-01 4.739522550335570905e-01 4.600613411674514541e-01 0.000000000000000000e+00 4.477541767163389363e-01 4.958222116788320588e-01 4.664055343548939025e-01 0.000000000000000000e+00 4.856913489027815389e-01 0.000000000000000000e+00 4.945033085421832175e-01 0.000000000000000000e+00 3.997971142857143501e-01 0.000000000000000000e+00 4.517445288013882121e-01 4.376257372881355856e-01 4.662336730873245516e-01 0.000000000000000000e+00 4.543498583464672391e-01 4.210126720000000322e-01 0.000000000000000000e+00 0.000000000000000000e+00 0.000000000000000000e+00 4.651654285714285630e-01 4.861028235294117539e-01 0.000000000000000000e+00 0.000000000000000000e+00 0.000000000000000000e+00
4.988731488363400413e-01 3.408731617760938359e-01 5.077549721936418514e-01 3.679589936891064506e-01 0.000000000000000000e+00 3.059871710526315680e-01 4.753731499875930577e-01 3.645252212570156969e-01 0.000000000000000000e+00 3.490363538458312043e-01 0.000000000000000000e+00 3.699157642382746580e-01 0.000000000000000000e+00 3.806328953949605909e-01 0.000000000000000000e+00 3.765994575002218903e-01 4.715368871715526766e-01 3.339939090777706565e-01 5.254803180719583855e-01 4.205472895393532196e-01 0.000000000000000000e+00 0.000000000000000000e+00 4.672722100840336346e-01 0.000000000000000000e+00 0.000000000000000000e+00 0.000000000000000000e+00 0.000000000000000000e+00 0.000000000000000000e+00 4.786466665085389316e-01 4.390103424185715086e-01 4.584445953385513084e-01 0.000000000000000000e+00 5.149758008814347976e-01 5.084142995320556357e-01 0.000000000000000000e+00 3.962779000000000718e-01 5.361953890996503658e-01 5.133553273317236210e-01 0.000000000000000000e+00 5.486710658363747051e-01 0.000000000000000000e+00 5.023677462686567674e-01 0.000000000000000000e+00 4.408422510995521626e-01 0.000000000000000000e+00 4.489161236715150105e-01 0.000000000000000000e+00 4.212191458333333638e-01 4.832984482758619915e-01 4.400742642919240888e-01 5.004549161661143719e-01 3.927440844610845527e-01 0.000000000000000000e+00 3.974722450189531742e-01 4.625146139240505216e-01 3.939819899513142820e-01 5.267424842543613206e-01 3.379004577778141338e-01 5.325232385238322097e-01 4.171812574282224850e-01 4.706468863905325928e-01 4.026845881657737380e-01 0.000000000000000000e+00 3.891094402942603669e-01 0.000000000000000000e+00 3.973200567820376339e-01 5.176778621159773275e-01 4.444653651955046136e-01 5.544490946036959578e-01 3.752105635636941439e-01 4.819259281360889213e-01 3.771911650408315553e-01 4.780369754317925213e-01 4.275861121263352382e-01 0.000000000000000000e+00 4.788482323232323146e-01 4.675280035423936553e-01 4.335920698412719099e-01 0.000000000000000000e+00 0.000000000000000000e+00 4.937374863013698767e-01 4.219316951489796574e-01 0.000000000000000000e+00 3.976780508474576092e-01 4.674306429638234173e-01 4.146381704543747326e-01 0.000000000000000000e+00 4.261187867647059369e-01 0.000000000000000000e+00 4.219160137886783790e-01 5.066521147742618636e-01 4.869513641148760508e-01 4.841309242870500684e-01 4.520956750175464389e-01 4.768417126697426234e-01 4.830615831311697028e-01 4.265916880699087699e-01 0.000000000000000000e+00 0.000000000000000000e+00 4.716287493281438592e-01 4.703006771653543416e-01 0.000000000000000000e+00 4.654397046976332386e-01 4.840006600972215911e-01 4.892929177441495137e-01 4.644213700089050434e-01 4.981940671660873288e-01 0.000000000000000000e+00 0.000000000000000000e+00 0.000000000000000000e+00 0.000000000000000000e+00 4.275467234042551468e-01 0.000000000000000000e+00 0.000000000000000000e+00 0.000000000000000000e+00 0.000000000000000000e+00
3.968270819598619381e-01 5.077549721936418514e-01 2.980520167027995715e-01 4.649539518045981423e-01 2.173006207049383853e-01 4.109899110965372082e-01 3.443851976473055188e-01 4.727866720682785684e-01 3.063476356909977105e-01 4.260658257510854807e-01 4.037679482748945947e-01 4.909061546935581943e-01 3.545635289391269040e-01 4.476949094947712537e-01 3.142927495114806735e-01 4.394264042145765159e-01 4.114912194237215215e-01 4.967527605623620612e-01 3.547887991176306155e-01 5.323923981446740950e-01 3.458706192982455851e-01 0.000000000000000000e+00 2.542523217279418213e-01 4.589091944724711936e-01 2.615915932352799178e-01 4.168097272667031783e-01 2.734349593653082611e-01 4.570817976190474918e-01 3.412972346395208301e-01 4.591004798123541342e-01 3.835554275548270775e-01 4.311789073612643519e-01 4.247779181911973123e-01 5.022997103671607011e-01 4.320298979368289438e-01 0.000000000000000000e+00 4.573700248124005219e-01 5.347005821100917489e-01 4.159114748353096580e-01 0.000000000000000000e+00 3.887984316445675104e-01 0.000000000000000000e+00 4.328256928721173624e-01 0.000000000000000000e+00 5.019144032233764374e-01 0.000000000000000000e+00 0.000000000000000000e+00 0.000000000000000000e+00 4.330848482356467466e-01 5.138228750000000122e-01 4.137571331689292586e-01 0.000000000000000000e+00 4.094721844834463553e-01 0.000000000000000000e+00 4.092577675669005211e-01 0.000000000000000000e+00 4.425020477504608696e-01 5.102475468467450037e-01 4.596513394339525882e-01 5.236606870133545533e-01 4.244141715088125544e-01 4.898120261437908796e-01 4.059498900386847575e-01 4.582308717948718191e-01 0.000000000000000000e+00 0.000000000000000000e+00 4.586076579117072671e-01 5.228532872222222405e-01 3.881271063868566573e-01 5.107820313715396576e-01 3.604122844256116287e-01 4.632624108467017776e-01 3.798621614261680768e-01 4.849709791861145369e-01 3.973783051643598463e-01 0.000000000000000000e+00 4.161077875622002931e-01 4.814266719653556570e-01 0.000000000000000000e+00 0.000000000000000000e+00 4.137559449457801075e-01 0.000000000000000000e+00 0.000000000000000000e+00 0.000000000000000000e+00 3.908289077269020417e-01 0.000000000000000000e+00 3.528263678160920014e-01 0.000000000000000000e+00 3.760439929787668945e-01 0.000000000000000000e+00 4.338104647550938275e-01 4.933055612634501541e-01 4.282247307535541059e-01 4.039330529801323788e-01 4.432623069590876375e-01 0.000000000000000000e+00 4.290143068907059654e-01 0.000000000000000000e+00 4.552081367977122150e-01 0.000000000000000000e+00 4.284906006350431285e-01 0.000000000000000000e+00 4.327265452066813567e-01 4.351848905109488852e-01 4.502126050543142077e-01 0.000000000000000000e+00 4.274241030126895158e-01 0.000000000000000000e+00 0.000000000000000000e+00 4.671522093023256494e-01 0.000000000000000000e+00 4.522512231382910253e-01 0.000000000000000000e+00 0.000000000000000000e+00 0.000000000000000000e+00 0.000000000000000000e+00
4.890406082191073867e-01 3.679589936891064506e-01 4.649539518045981423e-01 2.631765432544826422e-01 4.397401967466927908e-01 2.158635014173337363e-01 4.613615541972160283e-01 3.259441933396888258e-01 4.171204014255307513e-01 2.756570720018579612e-01 4.693757543014036582e-01 3.942242758547538362e-01 4.422862966880373170e-01 3.432323809940354131e-01 4.050843707912892278e-01 3.046000343600752669e-01 4.883263591934240977e-01 4.103163807780067507e-01 5.255263045323078641e-01 3.219913354507029091e-01 0.000000000000000000e+00 0.000000000000000000e+00 4.386624118221787993e-01 2.751242499470848424e-01 4.179309593010940294e-01 2.392921522214825902e-01 4.496049938695578230e-01 3.064973898601398572e-01 4.689667998714300290e-01 3.688256389165110449e-01 4.212109706315710911e-01 3.366224051471549128e-01 5.095141860117196053e-01 4.043867918209719803e-01 0.000000000000000000e+00 4.465628822645327789e-01 0.000000000000000000e+00 4.942884022270811473e-01 0.000000000000000000e+00 5.217487737276409465e-01 0.000000000000000000e+00 0.000000000000000000e+00 0.000000000000000000e+00 4.309073964537012413e-01 0.000000000000000000e+00 4.500780344203719197e-01 0.000000000000000000e+00 0.000000000000000000e+00 5.174837727272727506e-01 4.376659089019699911e-01 4.923175570469798812e-01 4.238496163783873061e-01 0.000000000000000000e+00 4.249118328042327808e-01 0.000000000000000000e+00 4.047713431088713065e-01 5.251212925649725305e-01 4.278194161597515532e-01 5.122414015148093469e-01 4.338027251645754645e-01 0.000000000000000000e+00 4.209177048976091018e-01 4.919877483443709232e-01 4.199212608179123118e-01 0.000000000000000000e+00 4.173353695017835152e-01 5.205827107418909971e-01 4.346491872829580938e-01 5.702784287777834527e-01 4.152915947950278630e-01 4.706411608557355408e-01 3.681666320084154842e-01 4.480909255527129043e-01 3.884507268280695258e-01 0.000000000000000000e+00 3.814580655854928892e-01 4.616334502665938588e-01 4.217169542772798985e-01 0.000000000000000000e+00 0.000000000000000000e+00 0.000000000000000000e+00 4.122511579897923939e-01 0.000000000000000000e+00 0.000000000000000000e+00 0.000000000000000000e+00 3.983893665976617204e-01 0.000000000000000000e+00 3.878378161797917389e-01 0.000000000000000000e+00 4.146234287486506576e-01 4.697891828958349336e-01 4.772166577051549230e-01 4.357032142539391528e-01 4.259580885100032188e-01 4.705845769691955893e-01 4.565134669805104295e-01 4.538936651832830016e-01 4.745927419354837862e-01 4.636848266814295738e-01 4.846781864406778939e-01 0.000000000000000000e+00 3.895731240310077448e-01 4.378676252090431542e-01 4.449932628023875458e-01 4.259119178758211111e-01 4.209624855930930720e-01 4.464976666203673283e-01 0.000000000000000000e+00 0.000000000000000000e+00 0.000000000000000000e+00 5.021186306306306690e-01 0.000000000000000000e+00 4.462582635135134979e-01 0.000000000000000000e+00 0.000000000000000000e+00 0.000000000000000000e+00
0.000000000000000000e+00 0.000000000000000000e+00 2.173006207049383853e-01 4.397401967466927908e-01 1.916018551668255410e-01 4.304145980323098031e-01 2.959149591665372059e-01 4.512047965664595650e-01 2.164592689375401668e-01 4.337818418568258338e-01 0.000000000000000000e+00 0.000000000000000000e+00 3.048455984598361646e-01 4.583936564060938634e-01 2.697562265717503571e-01 4.381574642478257564e-01 0.000000000000000000e+00 0.000000000000000000e+00 3.553696085607940258e-01 0.000000000000000000e+00 3.348597308077864709e-01 4.379945975883152709e-01 2.193688455855278274e-01 4.387924002202397422e-01 1.765653418600320324e-01 4.306719840000793886e-01 2.563299475986142162e-01 4.261068940726314147e-01 3.130027720336632790e-01 0.000000000000000000e+00 3.129822751184775376e-01 4.042468108707468200e-01 0.000000000000000000e+00 0.000000000000000000e+00 0.000000000000000000e+00 0.000000000000000000e+00 0.000000000000000000e+00 0.000000000000000000e+00 0.000000000000000000e+00 0.000000000000000000e+00 0.000000000000000000e+00 0.000000000000000000e+00 4.159701092436975944e-01 0.000000000000000000e+00 0.000000000000000000e+00 0.000000000000000000e+00 0.000000000000000000e+00 0.000000000000000000e+00 0.000000000000000000e+00 0.000000000000000000e+00 4.120407945205479261e-01 0.000000000000000000e+00 0.000000000000000000e+00 0.000000000000000000e+00 3.576257959183673507e-01 0.000000000000000000e+00 4.094947894736841731e-01 0.000000000000000000e+00 4.102647384615383808e-01 0.000000000000000000e+00 0.000000000000000000e+00 0.000000000000000000e+00 0.000000000000000000e+00 0.000000000000000000e+00 0.000000000000000000e+00 0.000000000000000000e+00 0.000000000000000000e+00 0.000000000000000000e+00 0.000000000000000000e+00 0.000000000000000000e+00 2.865509871484573368e-01 4.603551541372299383e-01 3.078699818736773675e-01 4.804473820224719471e-01 0.000000000000000000e+00 0.000000000000000000e+00 3.453482807484846151e-01 4.382564864864865184e-01 0.000000000000000000e+00 0.000000000000000000e+00 0.000000000000000000e+00 0.000000000000000000e+00 3.606388432219927442e-01 0.000000000000000000e+00 0.000000000000000000e+00 0.000000000000000000e+00 3.610066049382716358e-01 0.000000000000000000e+00 3.913650263859649314e-01 0.000000000000000000e+00 0.000000000000000000e+00 0.000000000000000000e+00 3.577433576642335966e-01 0.000000000000000000e+00 0.000000000000000000e+00 0.000000000000000000e+00 0.000000000000000000e+00 0.000000000000000000e+00 0.000000000000000000e+00 0.000000000000000000e+00 0.000000000000000000e+00 0.000000000000000000e+00 0.000000000000000000e+00 0.000000000000000000e+00 0.000000000000000000e+00 0.000000000000000000e+00 0.000000000000000000e+00 0.000000000000000000e+00 0.000000000000000000e+00 0.000000000000000000e+00 0.000000000000000000e+00 0.000000000000000000e+00 0.000000000000000000e+00 0.000000000000000000e+00 0.000000000000000000e+00 0.000000000000000000e+00
0.000000000000000000e+00 3.059871710526315680e-01 4.109899110965372082e-01 2.158635014173337363e-01 4.304145980323098031e-01 1.816796643183436477e-01 4.566341240963855408e-01 2.220647055111772128e-01 4.200375126100286405e-01 2.344610068154480143e-01 4.697062045454545864e-01 0.000000000000000000e+00 4.505843698630138117e-01 3.219538437538487230e-01 4.338249262041946053e-01 2.456184033515795839e-01 0.000000000000000000e+00 0.000000000000000000e+00 3.447119849624060151e-01 3.837255070422534997e-01 4.339709574595298491e-01 2.906617051512074279e-01 4.186807624726087140e-01 2.559812432045270314e-01 4.205549698761564259e-01 2.060633868520219403e-01 4.334291451040849785e-01 1.987284021396043543e-01 4.500695744360639350e-01 3.227577849848192182e-01 4.023939567858905719e-01 3.482565230460351047e-01 4.128456581196581210e-01 3.867546982467757744e-01 0.000000000000000000e+00 0.000000000000000000e+00 0.000000000000000000e+00 4.025070901993355599e-01 0.000000000000000000e+00 0.000000000000000000e+00 0.000000000000000000e+00 0.000000000000000000e+00 0.000000000000000000e+00 0.000000000000000000e+00 0.000000000000000000e+00 0.000000000000000000e+00 0.000000000000000000e+00 4.031632355042016891e-01 0.000000000000000000e+00 0.000000000000000000e+00 0.000000000000000000e+00 0.000000000000000000e+00 0.000000000000000000e+00 0.000000000000000000e+00 0.000000000000000000e+00 0.000000000000000000e+00 0.000000000000000000e+00 3.783137169062271710e-01 0.000000000000000000e+00 0.000000000000000000e+00 0.000000000000000000e+00 0.000000000000000000e+00 0.000000000000000000e+00 0.000000000000000000e+00 0.000000000000000000e+00 0.000000000000000000e+00 0.000000000000000000e+00 4.004063809523809025e-01 0.000000000000000000e+00 3.814211889763779451e-01 4.477893143140410648e-01 3.100501091688610544e-01 4.061693846125110641e-01 3.048559947135985326e-01 0.000000000000000000e+00 2.923699366925064935e-01 0.000000000000000000e+00 3.463270302244283450e-01 0.000000000000000000e+00 0.000000000000000000e+00 0.000000000000000000e+00 3.709643404255318910e-01 0.000000000000000000e+00 3.345168555555555479e-01 0.000000000000000000e+00 3.426344999999999530e-01 0.000000000000000000e+00 0.000000000000000000e+00 0.000000000000000000e+00 3.820448187174139698e-01 0.000000000000000000e+00 0.000000000000000000e+00 0.000000000000000000e+00 0.000000000000000000e+00 0.000000000000000000e+00 0.000000000000000000e+00 0.000000000000000000e+00 0.000000000000000000e+00 0.000000000000000000e+00 0.000000000000000000e+00 0.000000000000000000e+00 0.000000000000000000e+00 0.000000000000000000e+00 0.000000000000000000e+00 0.000000000000000000e+00 0.000000000000000000e+00 0.000000000000000000e+00 0.000000000000000000e+00 0.000000000000000000e+00 0.000000000000000000e+00 0.000000000000000000e+00 0.000000000000000000e+00 0.000000000000000000e+00 0.000000000000000000e+00 0.000000000000000000e+00 0.000000000000000000e+00
3.796571704313358442e-01 4.753731499875930577e-01 3.443851976473055188e-01 4.613615541972160283e-01 2.959149591665372059e-01 4.566341240963855408e-01 2.990289416688012292e-01 4.665839708040896983e-01 2.797185603167794410e-01 4.442705140186916091e-01 3.643845422577813298e-01 4.657147964633949755e-01 2.880607127938791256e-01 4.433607638451303457e-01 2.709162432269762166e-01 4.381329531363732377e-01 3.975596910513050086e-01 4.786801272851736178e-01 4.104194493941870636e-01 5.073885205024762923e-01 3.871804025974025509e-01 4.814041382978724304e-01 3.297820827270899757e-01 4.628449783302396314e-01 0.000000000000000000e+00 0.000000000000000000e+00 0.000000000000000000e+00 3.665742948717948813e-01 3.337389475282471207e-01 4.703759632106752631e-01 3.912518613986454841e-01 4.446352266708049616e-01 3.974123955762496330e-01 4.876749665191227878e-01 4.362480465498356774e-01 0.000000000000000000e+00 4.419771120656297847e-01 5.413960599999999568e-01 4.081567058823529215e-01 0.000000000000000000e+00 3.859056205769129666e-01 0.000000000000000000e+00 3.913416936936936485e-01 0.000000000000000000e+00 4.089602112996436611e-01 0.000000000000000000e+00 3.823880335798529040e-01 0.000000000000000000e+00 4.129280874667538015e-01 5.116651666666666154e-01 4.000362178858327677e-01 0.000000000000000000e+00 3.880328445201133292e-01 0.000000000000000000e+00 3.858192322201194902e-01 0.000000000000000000e+00 4.020119137921360220e-01 0.000000000000000000e+00 4.302394720922652072e-01 4.680602369692347109e-01 4.018748517818799826e-01 5.071461678321679267e-01 3.818053712994753934e-01 0.000000000000000000e+00 3.952928925017688555e-01 0.000000000000000000e+00 4.370265916537402484e-01 4.802247408757898128e-01 4.479136320567486118e-01 0.000000000000000000e+00 3.428250578583218466e-01 4.393100220906107078e-01 3.750450714184921375e-01 4.582214511333211893e-01 3.827646589420040102e-01 0.000000000000000000e+00 3.832749666918269238e-01 4.620317011656107642e-01 0.000000000000000000e+00 0.000000000000000000e+00 3.805235233144544371e-01 0.000000000000000000e+00 3.917795426356589505e-01 0.000000000000000000e+00 4.003815126418963644e-01 0.000000000000000000e+00 3.853097078527864539e-01 0.000000000000000000e+00 4.036863277218037949e-01 0.000000000000000000e+00 3.796375664335664424e-01 4.552341405714285805e-01 4.204605076923077500e-01 0.000000000000000000e+00 4.353576657727475374e-01 4.874197938931297824e-01 4.274086115702480093e-01 0.000000000000000000e+00 4.775390823529411244e-01 0.000000000000000000e+00 0.000000000000000000e+00 0.000000000000000000e+00 4.124770346579759162e-01 0.000000000000000000e+00 4.341099109686610280e-01 4.262054217687074598e-01 0.000000000000000000e+00 0.000000000000000000e+00 0.000000000000000000e+00 0.000000000000000000e+00 0.000000000000000000e+00 0.000000000000000000e+00 0.000000000000000000e+00 0.000000000000000000e+00 0.000000000000000000e+00 0.000000000000000000e+00
4.691031302120303725e-01 3.645252212570156969e-01 4.727866720682785684e-01 3.259441933396888258e-01 4.512047965664595650e-01 2.220647055111772128e-01 4.665839708040896983e-01 2.753625467481251587e-01 4.138793361118060510e-01 2.519368832192647178e-01 4.643870884628247819e-01 3.548831916739890180e-01 4.488885495741303799e-01 2.878804308468852491e-01 4.160712230583157867e-01 2.416435962318110309e-01 4.779831257714062809e-01 3.899470342928429978e-01 4.959988143133627347e-01 3.972310287086265324e-01 0.000000000000000000e+00 0.000000000000000000e+00 4.554678934123752576e-01 3.707989622239454275e-01 4.440142245086264317e-01 0.000000000000000000e+00 4.410809367088607269e-01 3.500650481927711222e-01 4.522243852539702402e-01 3.568894664564993824e-01 4.424843724034435710e-01 3.820802335067237099e-01 4.926130064974179046e-01 3.909052092740896711e-01 4.527675923566880090e-01 4.146864744991288765e-01 5.061804948277117688e-01 4.352807093275086747e-01 0.000000000000000000e+00 3.963284602820926761e-01 0.000000000000000000e+00 0.000000000000000000e+00 0.000000000000000000e+00 4.007192035715944067e-01 0.000000000000000000e+00 4.244437868718491380e-01 0.000000000000000000e+00 4.270270536912751935e-01 0.000000000000000000e+00 4.099368778871877450e-01 0.000000000000000000e+00 3.671987429421238458e-01 0.000000000000000000e+00 3.603783297891960946e-01 4.953730368098159809e-01 3.607309499586566770e-01 0.000000000000000000e+00 3.780072700088020765e-01 4.915527442456458229e-01 4.076758567545080703e-01 4.693018997311828033e-01 3.835693465600556462e-01 4.643783682432431337e-01 3.925446947621973326e-01 0.000000000000000000e+00 3.700994991394038203e-01 4.748067069232964621e-01 4.177187814616392658e-01 4.585451714285713742e-01 4.253953800543532893e-01 4.660412797107519323e-01 3.210580394879447574e-01 4.528076285235368981e-01 3.658481473956317065e-01 4.908784607843137970e-01 3.437156865513061876e-01 4.616009340042560583e-01 3.804978702338403518e-01 0.000000000000000000e+00 3.712254882221671659e-01 4.767135105132427886e-01 3.871457532653339029e-01 0.000000000000000000e+00 0.000000000000000000e+00 4.465032659254011271e-01 3.759715079911122859e-01 0.000000000000000000e+00 3.906342196531791822e-01 0.000000000000000000e+00 3.780176726056873604e-01 4.529673739457120707e-01 0.000000000000000000e+00 4.288519354575163756e-01 4.251476707436399050e-01 4.148942081358490408e-01 4.278029380211296751e-01 4.255145503730792811e-01 0.000000000000000000e+00 4.710441438356164912e-01 0.000000000000000000e+00 0.000000000000000000e+00 0.000000000000000000e+00 4.431019701242360220e-01 0.000000000000000000e+00 4.379773100179798484e-01 4.252557431192660053e-01 4.162206425294888157e-01 0.000000000000000000e+00 0.000000000000000000e+00 0.000000000000000000e+00 0.000000000000000000e+00 0.000000000000000000e+00 0.000000000000000000e+00 0.000000000000000000e+00 0.000000000000000000e+00 0.000000000000000000e+00
3.529936428804017479e-01 0.000000000000000000e+00 3.063476356909977105e-01 4.171204014255307513e-01 2.164592689375401668e-01 4.200375126100286405e-01 2.797185603167794410e-01 4.138793361118060510e-01 2.374461363733623431e-01 4.171090899233456661e-01 3.352751694915254155e-01 0.000000000000000000e+00 2.521020386081894160e-01 4.426791979798889165e-01 2.599900657277691152e-01 4.610963863636363680e-01 0.000000000000000000e+00 0.000000000000000000e+00 3.375979285714286182e-01 0.000000000000000000e+00 3.351741056288454201e-01 0.000000000000000000e+00 3.319272950389369203e-01 4.211187895242066714e-01 2.599033072882673268e-01 4.271183643263236074e-01 2.833608887758780059e-01 4.456149855072464305e-01 3.147948185410322508e-01 4.466816875000000353e-01 2.980206045507045598e-01 4.390670515948958963e-01 0.000000000000000000e+00 4.413370287769784461e-01 0.000000000000000000e+00 0.000000000000000000e+00 3.287021320754716092e-01 0.000000000000000000e+00 0.000000000000000000e+00 0.000000000000000000e+00 0.000000000000000000e+00 0.000000000000000000e+00 4.207382790697674624e-01 0.000000000000000000e+00 0.000000000000000000e+00 0.000000000000000000e+00 0.000000000000000000e+00 0.000000000000000000e+00 0.000000000000000000e+00 0.000000000000000000e+00 0.000000000000000000e+00 0.000000000000000000e+00 0.000000000000000000e+00 0.000000000000000000e+00 3.642768095238095305e-01 0.000000000000000000e+00 3.934000992033491739e-01 0.000000000000000000e+00 3.833501834717458201e-01 0.000000000000000000e+00 3.628596237317459616e-01 0.000000000000000000e+00 0.000000000000000000e+00 0.000000000000000000e+00 0.000000000000000000e+00 0.000000000000000000e+00 4.447997877778943066e-01 0.000000000000000000e+00 0.000000000000000000e+00 0.000000000000000000e+00 2.914793336312132555e-01 4.545043194385937069e-01 3.169414141709703259e-01 4.504640309278350463e-01 0.000000000000000000e+00 0.000000000000000000e+00 3.591658947567946680e-01 0.000000000000000000e+00 0.000000000000000000e+00 0.000000000000000000e+00 3.599606992143659090e-01 0.000000000000000000e+00 3.704708806069816340e-01 0.000000000000000000e+00 3.858880936509350712e-01 0.000000000000000000e+00 3.675497956896471852e-01 0.000000000000000000e+00 3.744040123969384348e-01 0.000000000000000000e+00 3.855801388812398756e-01 0.000000000000000000e+00 0.000000000000000000e+00 3.920852748091602780e-01 3.833887169811320828e-01 0.000000000000000000e+00 0.000000000000000000e+00 0.000000000000000000e+00 0.000000000000000000e+00 0.000000000000000000e+00 0.000000000000000000e+00 0.000000000000000000e+00 0.000000000000000000e+00 0.000000000000000000e+00 4.426638644067796280e-01 0.000000000000000000e+00 3.743573846153846474e-01 0.000000000000000000e+00 0.000000000000000000e+00 0.000000000000000000e+00 0.000000000000000000e+00 0.000000000000000000e+00 0.000000000000000000e+00 0.000000000000000000e+00 0.000000000000000000e+00 0.000000000000000000e+00
0.000000000000000000e+00 3.490363538458312043e-01 4.260658257510854807e-01 2.756570720018579612e-01 4.337818418568258338e-01 2.344610068154480143e-01 4.442705140186916091e-01 2.519368832192647178e-01 4.171090899233456661e-01 2.251257592250477391e-01 0.000000000000000000e+00 2.930509458270487699e-01 3.736414639175257291e-01 2.694318957934149772e-01 4.445145759523664308e-01 2.563373903950227906e-01 0.000000000000000000e+00 3.670502990662931619e-01 0.000000000000000000e+00 4.061833090102911492e-01 0.000000000000000000e+00 3.216529873459983979e-01 4.157233600661814354e-01 3.273735589290116543e-01 4.330434746458838857e-01 2.714082999694508724e-01 4.241728355239692272e-01 2.539100512570412471e-01 4.399692131147540652e-01 3.308647292759945846e-01 3.795569465912400631e-01 3.328087983524866122e-01 0.000000000000000000e+00 0.000000000000000000e+00 0.000000000000000000e+00 0.000000000000000000e+00 0.000000000000000000e+00 0.000000000000000000e+00 0.000000000000000000e+00 0.000000000000000000e+00 0.000000000000000000e+00 0.000000000000000000e+00 0.000000000000000000e+00 3.764932448979591562e-01 0.000000000000000000e+00 0.000000000000000000e+00 0.000000000000000000e+00 4.215458515625000180e-01 0.000000000000000000e+00 0.000000000000000000e+00 0.000000000000000000e+00 0.000000000000000000e+00 0.000000000000000000e+00 0.000000000000000000e+00 0.000000000000000000e+00 3.266431240000000069e-01 0.000000000000000000e+00 4.083121380399803435e-01 0.000000000000000000e+00 0.000000000000000000e+00 0.000000000000000000e+00 0.000000000000000000e+00 0.000000000000000000e+00 4.347596911764706196e-01 0.000000000000000000e+00 4.187161111111111222e-01 0.000000000000000000e+00 0.000000000000000000e+00 0.000000000000000000e+00 0.000000000000000000e+00 4.269962275346182445e-01 2.987048623005532644e-01 4.079902327472527679e-01 3.325734208695827476e-01 0.000000000000000000e+00 3.570594441326530588e-01 0.000000000000000000e+00 3.530455586793405098e-01 0.000000000000000000e+00 0.000000000000000000e+00 0.000000000000000000e+00 3.856724455036032451e-01 0.000000000000000000e+00 0.000000000000000000e+00 0.000000000000000000e+00 3.901438827005639376e-01 0.000000000000000000e+00 3.721892405063291220e-01 0.000000000000000000e+00 4.175837098048181817e-01 0.000000000000000000e+00 0.000000000000000000e+00 0.000000000000000000e+00 0.000000000000000000e+00 0.000000000000000000e+00 3.925521604411720822e-01 0.000000000000000000e+00 0.000000000000000000e+00 0.000000000000000000e+00 0.000000000000000000e+00 0.000000000000000000e+00 0.000000000000000000e+00 4.246623179856114927e-01 4.042710319999999191e-01 0.000000000000000000e+00 0.000000000000000000e+00 0.000000000000000000e+00 0.000000000000000000e+00 0.000000000000000000e+00 0.000000000000000000e+00 0.000000000000000000e+00 0.000000000000000000e+00 0.000000000000000000e+00 0.000000000000000000e+00 0.000000000000000000e+00 0.000000000000000000e+00
3.058817411484499038e-01 0.000000000000000000e+00 4.037679482748945947e-01 4.693757543014036582e-01 0.000000000000000000e+00 4.697062045454545864e-01 3.643845422577813298e-01 4.643870884628247819e-01 3.352751694915254155e-01 0.000000000000000000e+00 2.861630686198417539e-01 4.596740181908812173e-01 3.093916403921525560e-01 4.502529542431243925e-01 3.624750106204319700e-01 0.000000000000000000e+00 3.214911264100051014e-01 0.000000000000000000e+00 4.073148562740702139e-01 5.087196378442055966e-01 0.000000000000000000e+00 0.000000000000000000e+00 3.902304119927244019e-01 4.721371783404734179e-01 0.000000000000000000e+00 0.000000000000000000e+00 0.000000000000000000e+00 0.000000000000000000e+00 3.493866921963506011e-01 4.579224404761904066e-01 3.969815155398573325e-01 4.492703398492260414e-01 4.272788163297021047e-01 4.767559166593879905e-01 0.000000000000000000e+00 0.000000000000000000e+00 4.062216760563379658e-01 0.000000000000000000e+00 0.000000000000000000e+00 0.000000000000000000e+00 0.000000000000000000e+00 0.000000000000000000e+00 4.277110769230768605e-01 0.000000000000000000e+00 4.439695891472867917e-01 0.000000000000000000e+00 0.000000000000000000e+00 0.000000000000000000e+00 4.164510659287418148e-01 0.000000000000000000e+00 4.141788692963087049e-01 0.000000000000000000e+00 3.785026145833333966e-01 0.000000000000000000e+00 0.000000000000000000e+00 0.000000000000000000e+00 3.611644697883582555e-01 0.000000000000000000e+00 4.203335242264799598e-01 0.000000000000000000e+00 4.009204586759634314e-01 0.000000000000000000e+00 3.961992064087763721e-01 0.000000000000000000e+00 3.874375338345865116e-01 0.000000000000000000e+00 4.323771170545358533e-01 0.000000000000000000e+00 4.321859916059411222e-01 0.000000000000000000e+00 3.453518984784840762e-01 4.692671900564358012e-01 3.744326534151122265e-01 4.843224395604395771e-01 0.000000000000000000e+00 0.000000000000000000e+00 3.917811866555335754e-01 4.592608779657574303e-01 0.000000000000000000e+00 0.000000000000000000e+00 3.816912705104580916e-01 4.849587011494253530e-01 0.000000000000000000e+00 0.000000000000000000e+00 4.047975724181710477e-01 0.000000000000000000e+00 4.156612466666666506e-01 0.000000000000000000e+00 4.086466156076269396e-01 0.000000000000000000e+00 0.000000000000000000e+00 0.000000000000000000e+00 0.000000000000000000e+00 0.000000000000000000e+00 0.000000000000000000e+00 0.000000000000000000e+00 0.000000000000000000e+00 0.000000000000000000e+00 0.000000000000000000e+00 0.000000000000000000e+00 0.000000000000000000e+00 0.000000000000000000e+00 0.000000000000000000e+00 0.000000000000000000e+00 0.000000000000000000e+00 0.000000000000000000e+00 0.000000000000000000e+00 0.000000000000000000e+00 0.000000000000000000e+00 0.000000000000000000e+00 0.000000000000000000e+00 0.000000000000000000e+00 0.000000000000000000e+00 0.000000000000000000e+00 0.000000000000000000e+00 0.000000000000000000e+00
4.348966429166666314e-01 3.699157642382746580e-01 4.909061546935581943e-01 3.942242758547538362e-01 0.000000000000000000e+00 0.000000000000000000e+00 4.657147964633949755e-01 3.548831916739890180e-01 0.000000000000000000e+00 2.930509458270487699e-01 4.596740181908812173e-01 2.852734380403905701e-01 4.650019240210995219e-01 2.939567461429668516e-01 4.275612018348624033e-01 3.641683424471932606e-01 0.000000000000000000e+00 3.406264365174184738e-01 4.718209411780412421e-01 4.237298967763750146e-01 0.000000000000000000e+00 0.000000000000000000e+00 4.499317221940088429e-01 4.115668208907819481e-01 0.000000000000000000e+00 0.000000000000000000e+00 0.000000000000000000e+00 0.000000000000000000e+00 0.000000000000000000e+00 3.833089608087684730e-01 4.194727135338345847e-01 3.852947480494437471e-01 4.278024882558720821e-01 4.068601000769445086e-01 0.000000000000000000e+00 5.133123333333333704e-01 4.938110689655172414e-01 4.406375627565232711e-01 0.000000000000000000e+00 4.685947261904762629e-01 0.000000000000000000e+00 0.000000000000000000e+00 0.000000000000000000e+00 0.000000000000000000e+00 0.000000000000000000e+00 4.426838529922476617e-01 0.000000000000000000e+00 0.000000000000000000e+00 0.000000000000000000e+00 4.646435378287896434e-01 0.000000000000000000e+00 3.746608266538922205e-01 0.000000000000000000e+00 3.544328426514234409e-01 0.000000000000000000e+00 3.883137133432205124e-01 0.000000000000000000e+00 3.908389987171670965e-01 0.000000000000000000e+00 4.029527730474153913e-01 0.000000000000000000e+00 3.868411765309499595e-01 0.000000000000000000e+00 3.972720956281443061e-01 4.969515202702702306e-01 3.940768901502124666e-01 0.000000000000000000e+00 4.380939772876166205e-01 0.000000000000000000e+00 4.766136705882351721e-01 4.612601946861853985e-01 3.497170814568564268e-01 4.468591969663049390e-01 3.911605591232820145e-01 0.000000000000000000e+00 4.123844336238474684e-01 4.467154519261989920e-01 3.982764086182720709e-01 0.000000000000000000e+00 4.153232903225806405e-01 0.000000000000000000e+00 4.072687899007057521e-01 0.000000000000000000e+00 3.771263414634146716e-01 0.000000000000000000e+00 4.202886299345391929e-01 0.000000000000000000e+00 4.246984748201438897e-01 0.000000000000000000e+00 4.209879650548570829e-01 0.000000000000000000e+00 0.000000000000000000e+00 0.000000000000000000e+00 0.000000000000000000e+00 0.000000000000000000e+00 4.531797222222222477e-01 3.637515238095238024e-01 0.000000000000000000e+00 4.579537571428571874e-01 0.000000000000000000e+00 0.000000000000000000e+00 0.000000000000000000e+00 0.000000000000000000e+00 0.000000000000000000e+00 0.000000000000000000e+00 0.000000000000000000e+00 0.000000000000000000e+00 0.000000000000000000e+00 0.000000000000000000e+00 0.000000000000000000e+00 0.000000000000000000e+00 0.000000000000000000e+00 0.000000000000000000e+00 0.000000000000000000e+00 0.000000000000000000e+00 0.000000000000000000e+00
3.803305083000666498e-01 0.000000000000000000e+00 3.545635289391269040e-01 4.422862966880373170e-01 3.048455984598361646e-01 4.505843698630138117e-01 2.880607127938791256e-01 4.488885495741303799e-01 2.521020386081894160e-01 3.736414639175257291e-01 3.093916403921525560e-01 4.650019240210995219e-01 2.653952321680257964e-01 4.318902363562772684e-01 2.402683288161128194e-01 3.983954846938775329e-01 3.825944232548818547e-01 0.000000000000000000e+00 4.020690467841745441e-01 4.628728943843792853e-01 0.000000000000000000e+00 0.000000000000000000e+00 3.596771444092278780e-01 4.481728851082534271e-01 3.608650684931506425e-01 0.000000000000000000e+00 0.000000000000000000e+00 0.000000000000000000e+00 3.381658448254255545e-01 0.000000000000000000e+00 3.771858049214606989e-01 4.453977374393995325e-01 3.806667577064083430e-01 4.522410661620585581e-01 0.000000000000000000e+00 0.000000000000000000e+00 4.420980660007527430e-01 0.000000000000000000e+00 0.000000000000000000e+00 0.000000000000000000e+00 3.869966046511628122e-01 0.000000000000000000e+00 0.000000000000000000e+00 0.000000000000000000e+00 4.127308484848484782e-01 0.000000000000000000e+00 0.000000000000000000e+00 0.000000000000000000e+00 4.096242446043165675e-01 0.000000000000000000e+00 4.085737426366842784e-01 4.861571032258065195e-01 3.855711075096276974e-01 0.000000000000000000e+00 3.977824254659907410e-01 0.000000000000000000e+00 3.925373501262704456e-01 0.000000000000000000e+00 4.116445784192837576e-01 4.943562499999999416e-01 4.031270012748164877e-01 0.000000000000000000e+00 3.910102985952280119e-01 0.000000000000000000e+00 3.997612088501953376e-01 0.000000000000000000e+00 4.636225872660665881e-01 0.000000000000000000e+00 4.314463294117648062e-01 0.000000000000000000e+00 3.214825044598128012e-01 4.306375467497343124e-01 3.759834192583215717e-01 4.500310783911576906e-01 3.898512828473329472e-01 0.000000000000000000e+00 3.861122730590122454e-01 4.468498514581944470e-01 0.000000000000000000e+00 0.000000000000000000e+00 3.885464562101690889e-01 0.000000000000000000e+00 4.095849496855346050e-01 0.000000000000000000e+00 4.016261092656634446e-01 0.000000000000000000e+00 3.857147333130733213e-01 0.000000000000000000e+00 4.014531593705398804e-01 0.000000000000000000e+00 4.382096218279811772e-01 0.000000000000000000e+00 0.000000000000000000e+00 0.000000000000000000e+00 4.323624916753744940e-01 0.000000000000000000e+00 0.000000000000000000e+00 0.000000000000000000e+00 0.000000000000000000e+00 0.000000000000000000e+00 0.000000000000000000e+00 0.000000000000000000e+00 0.000000000000000000e+00 0.000000000000000000e+00 4.201578058252427583e-01 0.000000000000000000e+00 3.957936199896846530e-01 0.000000000000000000e+00 0.000000000000000000e+00 0.000000000000000000e+00 0.000000000000000000e+00 0.000000000000000000e+00 0.000000000000000000e+00 0.000000000000000000e+00 0.000000000000000000e+00 0.000000000000000000e+00
