0.000000000000000000e+00 3.575946698152989572e-02 5.226661146760504945e-02 8.853681267474371175e-03 2.342606149341141999e-03 0.000000000000000000e+00 1.429131542834738422e-01 7.786735067790399520e-03 3.314550878355982874e-03 0.000000000000000000e+00 2.102127659574468121e-01 2.156862745098039099e-03 2.082242011524358324e-02 6.750371270419873579e-04 3.979891076665270644e-03 2.421893921046258083e-04 9.984997499583263270e-02 4.517528008673653631e-03 4.619305511309334394e-02 3.759036144578313532e-02 0.000000000000000000e+00 0.000000000000000000e+00 2.408187838651414808e-03 1.230661040787623143e-03 0.000000000000000000e+00 0.000000000000000000e+00 0.000000000000000000e+00 0.000000000000000000e+00 2.461494170145386504e-02 2.733558449911561213e-03 2.069917203311867453e-03 3.916193459956921722e-04 2.018446731720358392e-02 2.311263625353249945e-02 8.350730688935282305e-04 5.151983513652756566e-04 4.582819564323879769e-02 1.316655694535878805e-03 3.094777562862669178e-03 0.000000000000000000e+00 0.000000000000000000e+00 0.000000000000000000e+00 2.401536983669548444e-04 0.000000000000000000e+00 9.320905459387483121e-04 2.366863905325443764e-04 0.000000000000000000e+00 0.000000000000000000e+00 3.759398496240601295e-03 0.000000000000000000e+00 2.554267282712928411e-02 0.000000000000000000e+00 8.410428931875525271e-04 0.000000000000000000e+00 5.847953216374268681e-03 0.000000000000000000e+00 2.533724340175952938e-01 3.512747875354107433e-03 4.930484037075179987e-02 1.845018450184501791e-04 7.167015622483491333e-02 5.284015852047555971e-04 7.694101189088365690e-03 0.000000000000000000e+00 4.440981690689520950e-02 1.693193362682018379e-04 1.378611251900658911e-02 2.201915666629968059e-04 6.072704349653288564e-02 2.864508736751647088e-03 1.209821010214600367e-01 1.184433164128595624e-03 4.643095396931287699e-02 2.057613168724280010e-03 1.937984496124030981e-03 0.000000000000000000e+00 5.801376597836774979e-02 4.065701740120344909e-03 9.287925696594426933e-03 0.000000000000000000e+00 8.770727696313552688e-03 0.000000000000000000e+00 0.000000000000000000e+00 9.685230024213075089e-04 2.213902002279016790e-02 7.827175954915466108e-05 4.492362982929020906e-04 0.000000000000000000e+00 2.076318742985409568e-02 0.000000000000000000e+00 2.866698518872431989e-03 3.972194637537239219e-03 8.345503859795535325e-04 9.319664492078284877e-04 5.339805825242718157e-02 5.555555555555555768e-03 1.477104874446085771e-03 0.000000000000000000e+00 2.502085070892410244e-03 3.243243243243243076e-03 0.000000000000000000e+00 0.000000000000000000e+00 1.457371872722856496e-03 1.343634531407457118e-03 4.768097095795405249e-03 1.022494887525562468e-03 1.257861635220125724e-03 0.000000000000000000e+00 1.190476190476190410e-02 0.000000000000000000e+00 0.000000000000000000e+00 0.000000000000000000e+00 0.000000000000000000e+00 0.000000000000000000e+00 0.000000000000000000e+00 2.264150943396226259e-02
3.575946698152989572e-02 0.000000000000000000e+00 2.794452494307596811e-03 4.575955265610438111e-02 0.000000000000000000e+00 1.929012345679012239e-04 2.352479905900803792e-03 1.288933675338951867e-01 0.000000000000000000e+00 1.349072512647554820e-03 6.382978723404254991e-04 8.607843137254901633e-02 1.309586170770036737e-04 2.268124746861077332e-02 0.000000000000000000e+00 9.687575684185032333e-04 8.334722453742289972e-04 4.445247560534875547e-02 3.042370181586492514e-02 4.530120481927710913e-02 0.000000000000000000e+00 0.000000000000000000e+00 0.000000000000000000e+00 5.274261603375526982e-04 0.000000000000000000e+00 0.000000000000000000e+00 0.000000000000000000e+00 0.000000000000000000e+00 2.878940549877645233e-04 6.898215147129763136e-02 4.599816007359705571e-04 0.000000000000000000e+00 2.860580136345408295e-02 3.229713362939039267e-02 1.252609603340292237e-03 5.151983513652756566e-04 1.233045622688039474e-03 5.793285055957866914e-02 0.000000000000000000e+00 1.028383381324557769e-02 0.000000000000000000e+00 0.000000000000000000e+00 0.000000000000000000e+00 0.000000000000000000e+00 1.331557922769640407e-04 1.301775147928994165e-03 0.000000000000000000e+00 1.409046075806678975e-04 0.000000000000000000e+00 7.496592457973648427e-03 2.615290733153169075e-04 5.833333333333333599e-03 0.000000000000000000e+00 6.261740763932372887e-04 0.000000000000000000e+00 2.347417840375586907e-03 5.962854349951124573e-03 2.566572237960340064e-01 5.149330587023686744e-04 4.907749077490775047e-02 3.221130616846513213e-04 5.574636723910171565e-02 2.331545814875262182e-04 8.598130841121496074e-03 1.947798987144526699e-04 4.673213681002370140e-02 1.419158641662443023e-03 1.442254761642629106e-02 4.223576381592771684e-02 9.853910054425665810e-02 7.496954362290319390e-04 1.012690355329949193e-01 8.005336891260840786e-04 4.755372656607224219e-02 0.000000000000000000e+00 6.024096385542168988e-03 1.638806948541461769e-03 9.318588388355830698e-02 0.000000000000000000e+00 0.000000000000000000e+00 1.370426202548992607e-04 7.159904534606205580e-03 0.000000000000000000e+00 1.452784503631961155e-03 8.139345596614031757e-05 1.792423293675641724e-02 0.000000000000000000e+00 1.154734411085450328e-03 1.870557426112981556e-04 2.668878166465621371e-02 1.433349259436215994e-03 6.951340615690168416e-03 0.000000000000000000e+00 2.329916123019571111e-03 1.132686084142394897e-02 2.638888888888888881e-02 0.000000000000000000e+00 0.000000000000000000e+00 5.004170141784820489e-03 8.648648648648648782e-03 0.000000000000000000e+00 0.000000000000000000e+00 4.857906242409521652e-04 3.023177695666778679e-03 2.600780234070221124e-03 3.408316291751874606e-03 0.000000000000000000e+00 0.000000000000000000e+00 3.571428571428571230e-02 0.000000000000000000e+00 1.156069364161849784e-03 0.000000000000000000e+00 6.666666666666667095e-03 2.288329519450800920e-03 0.000000000000000000e+00 3.396226415094339562e-02
5.226661146760504945e-02 2.794452494307596811e-03 0.000000000000000000e+00 4.753028890959925049e-03 1.203513909224011719e-01 4.822530864197530596e-03 2.603411095863555902e-01 8.702821546353975424e-03 2.220749088498508508e-02 4.721753794266442088e-03 2.978723404255319285e-02 3.725490196078431408e-03 4.557359874279727496e-02 3.915215336843526697e-03 1.906158357771261039e-02 4.843787842092516166e-04 7.667944657442906861e-03 1.626310083122515333e-03 1.108633322714240171e-01 8.072289156626506756e-03 2.818886539816772493e-03 0.000000000000000000e+00 1.760987357013847066e-01 1.687763713080168634e-02 9.264705882352941568e-02 7.165890361877463172e-03 1.800180018001800233e-02 1.569858712715855665e-03 3.613070390096444207e-02 8.039877793857533490e-04 3.334866605335786577e-02 2.349716075974152968e-02 1.283250902285790716e-02 8.175211949939443015e-03 2.505219206680584475e-03 0.000000000000000000e+00 7.603781339909576609e-03 0.000000000000000000e+00 3.868471953578336473e-04 0.000000000000000000e+00 0.000000000000000000e+00 0.000000000000000000e+00 0.000000000000000000e+00 0.000000000000000000e+00 1.864181091877496624e-03 0.000000000000000000e+00 1.568873548791967253e-04 0.000000000000000000e+00 2.288329519450800920e-03 0.000000000000000000e+00 6.189521401795832628e-03 9.259259259259258799e-05 4.205214465937762635e-04 0.000000000000000000e+00 1.538935056940597158e-03 0.000000000000000000e+00 3.225806451612903223e-03 2.266288951841359783e-04 5.149330587023687178e-03 0.000000000000000000e+00 2.899017555161861621e-03 0.000000000000000000e+00 2.331545814875262182e-04 0.000000000000000000e+00 2.142578885858979505e-03 1.693193362682018379e-04 4.460212873796249623e-03 2.201915666629968059e-04 3.782307207396511800e-03 0.000000000000000000e+00 4.217036828788305047e-02 1.607445008460236949e-03 9.179452968645764044e-02 1.143118427069044450e-03 1.550387596899224785e-02 0.000000000000000000e+00 6.456899377253359773e-02 4.878842088144413848e-04 0.000000000000000000e+00 0.000000000000000000e+00 5.481704810195970430e-04 0.000000000000000000e+00 0.000000000000000000e+00 0.000000000000000000e+00 2.360410223018069142e-03 0.000000000000000000e+00 4.492362982929020906e-04 0.000000000000000000e+00 4.115226337448560021e-03 1.507840772014475172e-04 1.911132345914954515e-03 2.317113538563389617e-03 4.172751929897767663e-04 0.000000000000000000e+00 1.618122977346278177e-02 4.166666666666666609e-03 7.385524372230428854e-04 2.293577981651376274e-03 5.004170141784820489e-03 2.162162162162162195e-03 0.000000000000000000e+00 0.000000000000000000e+00 4.857906242409521652e-04 3.359086328518642796e-04 4.768097095795405249e-03 6.816632583503749428e-04 0.000000000000000000e+00 0.000000000000000000e+00 3.571428571428571230e-02 0.000000000000000000e+00 0.000000000000000000e+00 0.000000000000000000e+00 0.000000000000000000e+00 0.000000000000000000e+00 0.000000000000000000e+00 7.547169811320754776e-03
8.853681267474371175e-03 4.575955265610438111e-02 4.753028890959925049e-03 0.000000000000000000e+00 8.784773060029283038e-04 4.726080246913580418e-02 9.311899627524015607e-03 2.203187980945401359e-01 6.629101756711965098e-04 5.733558178752108311e-03 2.127659574468085141e-03 2.313725490196078330e-02 3.928758512310110210e-03 4.117726474956122373e-02 8.378718056137410969e-04 2.664083313150884119e-02 1.333555592598766439e-03 1.626310083122515376e-02 1.258362535839439335e-02 1.530120481927710885e-01 0.000000000000000000e+00 0.000000000000000000e+00 1.053582179409993935e-02 1.879395218002812840e-01 2.941176470588235253e-03 1.827302042278753161e-02 1.350135013501350132e-03 5.494505494505494934e-03 8.636821649632935157e-04 4.245055475156777475e-02 1.586936522539098351e-02 3.035049931466614337e-02 1.096110145702446255e-02 1.756156641098102419e-02 4.175365344467641153e-04 2.575991756826378175e-03 8.220304151253596129e-04 2.874698266403335686e-02 0.000000000000000000e+00 0.000000000000000000e+00 0.000000000000000000e+00 0.000000000000000000e+00 0.000000000000000000e+00 0.000000000000000000e+00 1.331557922769640407e-04 7.100591715976331021e-03 0.000000000000000000e+00 0.000000000000000000e+00 0.000000000000000000e+00 1.578827805542935142e-02 1.743527155435445960e-04 6.944444444444444059e-03 0.000000000000000000e+00 4.174493842621581925e-04 0.000000000000000000e+00 6.259780907668231103e-04 9.775171065493646130e-04 2.390934844192634662e-02 1.287332646755921686e-04 4.686346863468634355e-02 1.610565308423256607e-04 3.434610303830911652e-03 0.000000000000000000e+00 9.345794392523364873e-04 0.000000000000000000e+00 1.151371486623772519e-02 4.054738976178408403e-04 2.267973136628867112e-02 2.101281781886951000e-03 1.145803494700658835e-02 2.436510167744353802e-03 4.763113367174280632e-02 1.467645096731154180e-03 9.819387288523090396e-02 0.000000000000000000e+00 1.204819277108433798e-02 1.474926253687315614e-03 7.659782078386730142e-02 0.000000000000000000e+00 0.000000000000000000e+00 0.000000000000000000e+00 8.423417099536711873e-04 0.000000000000000000e+00 0.000000000000000000e+00 0.000000000000000000e+00 1.956793988728866649e-03 0.000000000000000000e+00 0.000000000000000000e+00 0.000000000000000000e+00 1.357056694813027790e-03 4.777830864787386287e-04 4.965243296921549240e-03 2.086375964948883831e-04 4.659832246039142438e-04 1.941747572815533812e-02 3.888888888888888951e-02 0.000000000000000000e+00 2.293577981651376274e-03 8.340283569641367481e-04 8.648648648648648782e-03 0.000000000000000000e+00 1.157407407407407343e-03 7.286859363614282478e-04 1.679543164259321561e-03 2.167316861725184125e-03 3.749147920927062023e-03 0.000000000000000000e+00 9.049773755656108972e-04 1.190476190476190410e-02 3.508771929824561469e-03 1.156069364161849784e-03 0.000000000000000000e+00 0.000000000000000000e+00 1.144164759725400460e-03 1.680672268907563126e-03 2.264150943396226259e-02
2.342606149341141999e-03 0.000000000000000000e+00 1.203513909224011719e-01 8.784773060029283038e-04 0.000000000000000000e+00 4.822530864197530596e-03 8.723779651048814768e-03 5.496518871381458893e-04 2.535631421942327046e-01 1.011804384485666007e-03 1.914893617021276497e-03 0.000000000000000000e+00 9.690937663698271851e-03 0.000000000000000000e+00 1.531210724759111963e-01 4.843787842092516166e-04 1.666944490748458049e-04 0.000000000000000000e+00 1.592863969417011860e-03 2.409638554216867357e-04 3.312191684284707810e-02 1.626016260162601625e-03 9.783263094521372008e-03 2.637130801687763600e-03 4.970588235294117613e-02 1.039054102472232108e-02 1.147614761476147549e-01 7.849293563579278323e-04 1.770548438174751604e-02 0.000000000000000000e+00 8.279668813247469811e-03 2.545525748971999309e-03 6.683598449405159800e-04 1.009285425918449690e-04 4.175365344467641153e-04 0.000000000000000000e+00 6.165228113440197368e-04 0.000000000000000000e+00 0.000000000000000000e+00 0.000000000000000000e+00 1.890359168241966025e-03 0.000000000000000000e+00 0.000000000000000000e+00 0.000000000000000000e+00 0.000000000000000000e+00 0.000000000000000000e+00 1.568873548791967253e-04 0.000000000000000000e+00 0.000000000000000000e+00 0.000000000000000000e+00 0.000000000000000000e+00 0.000000000000000000e+00 0.000000000000000000e+00 0.000000000000000000e+00 0.000000000000000000e+00 0.000000000000000000e+00 2.932551319648093839e-04 0.000000000000000000e+00 2.574665293511843372e-04 0.000000000000000000e+00 3.221130616846513213e-04 0.000000000000000000e+00 4.663091629750524365e-04 0.000000000000000000e+00 5.843396961433580368e-04 0.000000000000000000e+00 0.000000000000000000e+00 0.000000000000000000e+00 1.050640890943475500e-03 0.000000000000000000e+00 2.117889607347015271e-02 2.538071065989847843e-04 2.841894596397598338e-02 1.143118427069044315e-04 9.689922480620154904e-03 0.000000000000000000e+00 5.080301540478531462e-03 0.000000000000000000e+00 0.000000000000000000e+00 0.000000000000000000e+00 1.370426202548992607e-04 0.000000000000000000e+00 0.000000000000000000e+00 0.000000000000000000e+00 1.627869119322806351e-04 0.000000000000000000e+00 0.000000000000000000e+00 0.000000000000000000e+00 3.741114852225963113e-04 0.000000000000000000e+00 4.777830864787386287e-04 0.000000000000000000e+00 0.000000000000000000e+00 0.000000000000000000e+00 1.618122977346278394e-03 1.388888888888888942e-03 0.000000000000000000e+00 0.000000000000000000e+00 8.340283569641367481e-04 0.000000000000000000e+00 0.000000000000000000e+00 0.000000000000000000e+00 0.000000000000000000e+00 0.000000000000000000e+00 0.000000000000000000e+00 0.000000000000000000e+00 0.000000000000000000e+00 0.000000000000000000e+00 0.000000000000000000e+00 3.508771929824561469e-03 0.000000000000000000e+00 0.000000000000000000e+00 6.666666666666667095e-03 0.000000000000000000e+00 0.000000000000000000e+00 0.000000000000000000e+00
0.000000000000000000e+00 1.929012345679012239e-04 4.822530864197530596e-03 4.726080246913580418e-02 4.822530864197530596e-03 0.000000000000000000e+00 2.450499901980003788e-03 3.664345914254305784e-03 1.988730527013589638e-03 3.234401349072512644e-01 0.000000000000000000e+00 3.921568627450980229e-04 3.666841278156102862e-03 3.510193060618334131e-03 8.378718056137410969e-04 1.484620973601356309e-01 1.666944490748458049e-04 0.000000000000000000e+00 0.000000000000000000e+00 4.819277108433734714e-04 7.047216349541931234e-04 6.422764227642276114e-02 1.068633353401565386e-02 3.305203938115330864e-02 2.117647058823529313e-02 2.594052310999641620e-01 8.550855085508551195e-03 2.762951334379905588e-01 0.000000000000000000e+00 1.286380447017205358e-02 2.092916283348665932e-02 2.721754454670060816e-02 0.000000000000000000e+00 1.816713766653209631e-03 0.000000000000000000e+00 5.151983513652756566e-04 0.000000000000000000e+00 0.000000000000000000e+00 0.000000000000000000e+00 0.000000000000000000e+00 0.000000000000000000e+00 0.000000000000000000e+00 0.000000000000000000e+00 0.000000000000000000e+00 0.000000000000000000e+00 0.000000000000000000e+00 0.000000000000000000e+00 2.818092151613357950e-04 0.000000000000000000e+00 1.135847342117219397e-04 0.000000000000000000e+00 9.259259259259258799e-05 0.000000000000000000e+00 2.087246921310790962e-04 0.000000000000000000e+00 0.000000000000000000e+00 0.000000000000000000e+00 1.133144475920679891e-04 0.000000000000000000e+00 0.000000000000000000e+00 0.000000000000000000e+00 0.000000000000000000e+00 0.000000000000000000e+00 0.000000000000000000e+00 0.000000000000000000e+00 1.693193362682018379e-04 0.000000000000000000e+00 2.201915666629968059e-04 0.000000000000000000e+00 0.000000000000000000e+00 9.371192952862899238e-04 5.000000000000000278e-02 2.668445630420280081e-04 4.046639231824417093e-02 0.000000000000000000e+00 0.000000000000000000e+00 0.000000000000000000e+00 2.927305252886648092e-03 0.000000000000000000e+00 0.000000000000000000e+00 0.000000000000000000e+00 1.403902849922785312e-04 0.000000000000000000e+00 0.000000000000000000e+00 0.000000000000000000e+00 2.348152786474639968e-04 0.000000000000000000e+00 5.773672055427251639e-04 0.000000000000000000e+00 3.015681544028950343e-04 0.000000000000000000e+00 0.000000000000000000e+00 0.000000000000000000e+00 0.000000000000000000e+00 0.000000000000000000e+00 0.000000000000000000e+00 0.000000000000000000e+00 0.000000000000000000e+00 0.000000000000000000e+00 1.081081081081081098e-03 0.000000000000000000e+00 0.000000000000000000e+00 0.000000000000000000e+00 3.359086328518642796e-04 0.000000000000000000e+00 0.000000000000000000e+00 0.000000000000000000e+00 0.000000000000000000e+00 0.000000000000000000e+00 0.000000000000000000e+00 0.000000000000000000e+00 0.000000000000000000e+00 0.000000000000000000e+00 0.000000000000000000e+00 0.000000000000000000e+00 0.000000000000000000e+00
1.429131542834738422e-01 2.352479905900803792e-03 2.603411095863555902e-01 9.311899627524015607e-03 8.723779651048814768e-03 2.450499901980003788e-03 0.000000000000000000e+00 1.639794796628801787e-02 6.032482598607888380e-02 3.035413153456998237e-03 7.021276595744681270e-02 8.431372549019607032e-03 1.775798847564169780e-01 7.560415822870258061e-03 9.844993715961458322e-03 1.937515136837006467e-03 3.500583430571762092e-03 1.626310083122515333e-03 3.583943931188276338e-02 9.879518072289155892e-03 0.000000000000000000e+00 0.000000000000000000e+00 2.844671884406983764e-02 1.564697609001406559e-02 2.941176470588235253e-03 8.957362952346829832e-03 1.350135013501350132e-03 7.849293563579278323e-04 1.626601410680869608e-02 1.929570670525808081e-03 1.103955841766329424e-02 3.270021539064029564e-02 4.544846945595508968e-03 1.201049656842955241e-02 0.000000000000000000e+00 0.000000000000000000e+00 5.343197698314837429e-03 6.583278472679394023e-04 0.000000000000000000e+00 0.000000000000000000e+00 0.000000000000000000e+00 0.000000000000000000e+00 1.200768491834774222e-04 0.000000000000000000e+00 9.320905459387483121e-04 0.000000000000000000e+00 0.000000000000000000e+00 0.000000000000000000e+00 1.144164759725400460e-03 0.000000000000000000e+00 8.630459419405456592e-03 9.259259259259258799e-05 4.205214465937762635e-04 0.000000000000000000e+00 2.616189596799015256e-03 0.000000000000000000e+00 3.030303030303030300e-03 4.532577903682719566e-04 3.089598352214212047e-03 0.000000000000000000e+00 1.111290062812047078e-02 0.000000000000000000e+00 5.362555374213102966e-03 0.000000000000000000e+00 1.402415270744059202e-02 0.000000000000000000e+00 1.317790167257982745e-03 0.000000000000000000e+00 2.311409960075646100e-03 0.000000000000000000e+00 1.017711554680910818e-01 5.076142131979695035e-03 3.095396931287525133e-02 2.171925011431184455e-03 3.875968992248061962e-03 0.000000000000000000e+00 6.145526057030481493e-02 1.788908765652951708e-03 9.287925696594426933e-03 0.000000000000000000e+00 6.303960531725366807e-03 1.403902849922785312e-04 0.000000000000000000e+00 0.000000000000000000e+00 1.155787074719192599e-02 0.000000000000000000e+00 8.984725965858041813e-04 0.000000000000000000e+00 1.365506921062476647e-02 1.507840772014475172e-04 2.388915432393693143e-04 1.655081098973849819e-03 0.000000000000000000e+00 4.659832246039142438e-04 1.456310679611650533e-02 2.777777777777777884e-03 7.385524372230428854e-04 0.000000000000000000e+00 2.502085070892410244e-03 2.162162162162162195e-03 0.000000000000000000e+00 0.000000000000000000e+00 0.000000000000000000e+00 6.718172657037285592e-04 8.669267446900736718e-04 6.816632583503749428e-04 0.000000000000000000e+00 0.000000000000000000e+00 1.190476190476190410e-02 0.000000000000000000e+00 0.000000000000000000e+00 0.000000000000000000e+00 0.000000000000000000e+00 0.000000000000000000e+00 0.000000000000000000e+00 3.773584905660377388e-03
7.786735067790399520e-03 1.288933675338951867e-01 8.702821546353975424e-03 2.203187980945401359e-01 5.496518871381458893e-04 3.664345914254305784e-03 1.639794796628801787e-02 0.000000000000000000e+00 3.314550878355982549e-04 7.116357504215851948e-02 5.744680851063829925e-03 8.627450980392156743e-02 4.190675746464117557e-03 2.015660861347374211e-01 4.189359028068705484e-04 2.082828772099782136e-02 1.833638939823303881e-03 2.059992771955185958e-02 2.421153233513857750e-02 1.939759036144578230e-02 0.000000000000000000e+00 0.000000000000000000e+00 1.580373269114990903e-02 1.986638537271448804e-02 1.176470588235294015e-03 7.165890361877462738e-04 9.000900090009000517e-04 3.924646781789639161e-04 1.295523247444940219e-03 2.042128959639813446e-02 3.058877644894204134e-02 7.244957900920305158e-03 1.096110145702446255e-02 4.339927331449333625e-03 8.350730688935282305e-04 1.030396702730551313e-03 2.055076037813399032e-04 7.022163704191354203e-03 0.000000000000000000e+00 4.113533525298231400e-04 0.000000000000000000e+00 4.716981132075471518e-03 0.000000000000000000e+00 0.000000000000000000e+00 0.000000000000000000e+00 2.840236686390532408e-03 0.000000000000000000e+00 1.409046075806678975e-04 0.000000000000000000e+00 8.064516129032257841e-03 1.743527155435445960e-04 7.685185185185185522e-03 0.000000000000000000e+00 8.348987685243163849e-04 0.000000000000000000e+00 3.129890453834115877e-03 2.932551319648093839e-04 1.042492917847025538e-02 1.287332646755921686e-04 3.136531365313653154e-03 1.610565308423256607e-04 1.241743725231175648e-02 0.000000000000000000e+00 2.990654205607476499e-03 5.843396961433580368e-04 2.658313579410768665e-02 8.109477952356816807e-04 2.972586149950456717e-03 0.000000000000000000e+00 0.000000000000000000e+00 4.498172617374191634e-03 1.190355329949238511e-01 1.867911941294196111e-03 6.367169638774576590e-02 0.000000000000000000e+00 0.000000000000000000e+00 1.802687643395607924e-03 4.033176126199382316e-02 0.000000000000000000e+00 0.000000000000000000e+00 0.000000000000000000e+00 7.581075389583040794e-03 0.000000000000000000e+00 1.452784503631961155e-03 2.441803678984209663e-04 1.479336255479023199e-02 0.000000000000000000e+00 1.154734411085450328e-03 3.741114852225963113e-04 1.945114595898672985e-02 2.388915432393693143e-04 3.310162197947699530e-04 0.000000000000000000e+00 1.397949673811742840e-03 0.000000000000000000e+00 6.944444444444444059e-03 7.385524372230428854e-04 0.000000000000000000e+00 0.000000000000000000e+00 2.162162162162162195e-03 0.000000000000000000e+00 0.000000000000000000e+00 0.000000000000000000e+00 3.359086328518642796e-04 4.334633723450368359e-04 2.726653033401499771e-03 0.000000000000000000e+00 0.000000000000000000e+00 2.380952380952380820e-02 0.000000000000000000e+00 0.000000000000000000e+00 0.000000000000000000e+00 0.000000000000000000e+00 0.000000000000000000e+00 1.680672268907563126e-03 7.547169811320754776e-03
3.314550878355982874e-03 0.000000000000000000e+00 2.220749088498508508e-02 6.629101756711965098e-04 2.535631421942327046e-01 1.988730527013589638e-03 6.032482598607888380e-02 3.314550878355982549e-04 0.000000000000000000e+00 6.745362563237774101e-04 6.595744680851063635e-03 0.000000000000000000e+00 9.258774227344158947e-02 1.350074254083974499e-04 1.577293674067867524e-01 0.000000000000000000e+00 6.667777962993832195e-04 0.000000000000000000e+00 4.778591908251035147e-04 0.000000000000000000e+00 1.198026779422128180e-02 0.000000000000000000e+00 9.030704394942805531e-04 3.516174402250351683e-04 3.823529411764706089e-03 2.508061626657112284e-03 4.500450045004500584e-03 0.000000000000000000e+00 1.698574924427810606e-02 0.000000000000000000e+00 1.149954001839926339e-03 1.370667710984922738e-03 2.673439379762063812e-04 1.009285425918449690e-04 0.000000000000000000e+00 0.000000000000000000e+00 0.000000000000000000e+00 0.000000000000000000e+00 0.000000000000000000e+00 0.000000000000000000e+00 0.000000000000000000e+00 0.000000000000000000e+00 0.000000000000000000e+00 0.000000000000000000e+00 0.000000000000000000e+00 0.000000000000000000e+00 0.000000000000000000e+00 0.000000000000000000e+00 0.000000000000000000e+00 0.000000000000000000e+00 0.000000000000000000e+00 0.000000000000000000e+00 0.000000000000000000e+00 0.000000000000000000e+00 0.000000000000000000e+00 0.000000000000000000e+00 9.775171065493646130e-05 0.000000000000000000e+00 2.574665293511843372e-04 0.000000000000000000e+00 1.127395715896279543e-03 0.000000000000000000e+00 2.331545814875262182e-04 0.000000000000000000e+00 1.363459291001168716e-03 0.000000000000000000e+00 1.013684744044602101e-04 0.000000000000000000e+00 2.101281781886951000e-04 0.000000000000000000e+00 7.215818573704432630e-03 8.460236886632825691e-05 2.001334222815210132e-02 1.143118427069044315e-04 3.875968992248061962e-03 0.000000000000000000e+00 3.113733202228777600e-03 0.000000000000000000e+00 0.000000000000000000e+00 0.000000000000000000e+00 8.222557215293956187e-04 0.000000000000000000e+00 0.000000000000000000e+00 0.000000000000000000e+00 7.325411036952629530e-04 0.000000000000000000e+00 0.000000000000000000e+00 0.000000000000000000e+00 3.741114852225963113e-04 0.000000000000000000e+00 2.388915432393693143e-04 9.930486593843098047e-04 0.000000000000000000e+00 0.000000000000000000e+00 0.000000000000000000e+00 0.000000000000000000e+00 0.000000000000000000e+00 0.000000000000000000e+00 8.340283569641367481e-04 1.081081081081081098e-03 0.000000000000000000e+00 0.000000000000000000e+00 0.000000000000000000e+00 0.000000000000000000e+00 0.000000000000000000e+00 0.000000000000000000e+00 1.257861635220125724e-03 0.000000000000000000e+00 0.000000000000000000e+00 0.000000000000000000e+00 0.000000000000000000e+00 0.000000000000000000e+00 0.000000000000000000e+00 0.000000000000000000e+00 0.000000000000000000e+00 3.773584905660377388e-03
0.000000000000000000e+00 1.349072512647554820e-03 4.721753794266442088e-03 5.733558178752108311e-03 1.011804384485666007e-03 3.234401349072512644e-01 3.035413153456998237e-03 7.116357504215851948e-02 6.745362563237774101e-04 0.000000000000000000e+00 0.000000000000000000e+00 5.882352941176470073e-04 7.857517024620220419e-04 1.431078709329013099e-02 4.189359028068705484e-04 2.429159602809397023e-01 0.000000000000000000e+00 1.626310083122515333e-03 1.592863969417011806e-04 0.000000000000000000e+00 0.000000000000000000e+00 8.130081300813008123e-04 3.160746538229982153e-03 1.406469760900140673e-03 6.470588235294117731e-03 3.941239699032604397e-03 4.500450045004500258e-04 9.026687598116169692e-03 0.000000000000000000e+00 9.165460684997588439e-03 5.749770009199631909e-03 2.153906402976306974e-03 0.000000000000000000e+00 0.000000000000000000e+00 0.000000000000000000e+00 0.000000000000000000e+00 0.000000000000000000e+00 6.583278472679394023e-04 0.000000000000000000e+00 0.000000000000000000e+00 0.000000000000000000e+00 0.000000000000000000e+00 0.000000000000000000e+00 0.000000000000000000e+00 0.000000000000000000e+00 0.000000000000000000e+00 0.000000000000000000e+00 0.000000000000000000e+00 0.000000000000000000e+00 0.000000000000000000e+00 0.000000000000000000e+00 0.000000000000000000e+00 0.000000000000000000e+00 0.000000000000000000e+00 0.000000000000000000e+00 0.000000000000000000e+00 0.000000000000000000e+00 3.399433427762039539e-04 0.000000000000000000e+00 0.000000000000000000e+00 0.000000000000000000e+00 0.000000000000000000e+00 0.000000000000000000e+00 3.738317757009345624e-04 0.000000000000000000e+00 3.386386725364036758e-04 0.000000000000000000e+00 0.000000000000000000e+00 0.000000000000000000e+00 0.000000000000000000e+00 1.874238590572579848e-04 1.252115059221658132e-02 0.000000000000000000e+00 2.514860539551897617e-02 0.000000000000000000e+00 0.000000000000000000e+00 0.000000000000000000e+00 5.204098227354041727e-03 0.000000000000000000e+00 0.000000000000000000e+00 0.000000000000000000e+00 7.019514249613927103e-04 0.000000000000000000e+00 0.000000000000000000e+00 0.000000000000000000e+00 3.130870381966186443e-04 0.000000000000000000e+00 5.773672055427251639e-04 0.000000000000000000e+00 1.507840772014475226e-03 0.000000000000000000e+00 6.620324395895399059e-04 0.000000000000000000e+00 0.000000000000000000e+00 1.618122977346278394e-03 0.000000000000000000e+00 0.000000000000000000e+00 0.000000000000000000e+00 0.000000000000000000e+00 0.000000000000000000e+00 0.000000000000000000e+00 0.000000000000000000e+00 0.000000000000000000e+00 0.000000000000000000e+00 0.000000000000000000e+00 3.408316291751874714e-04 0.000000000000000000e+00 0.000000000000000000e+00 0.000000000000000000e+00 0.000000000000000000e+00 0.000000000000000000e+00 0.000000000000000000e+00 0.000000000000000000e+00 0.000000000000000000e+00 0.000000000000000000e+00 0.000000000000000000e+00
2.102127659574468121e-01 6.382978723404254991e-04 2.978723404255319285e-02 2.127659574468085141e-03 1.914893617021276497e-03 0.000000000000000000e+00 7.021276595744681270e-02 5.744680851063829925e-03 6.595744680851063635e-03 0.000000000000000000e+00 0.000000000000000000e+00 1.372549019607843162e-03 1.223153483499214295e-01 5.400297016335897995e-04 1.738583996648512819e-02 0.000000000000000000e+00 6.401066844474079254e-02 0.000000000000000000e+00 1.401720293086970368e-02 1.325301204819277073e-03 0.000000000000000000e+00 0.000000000000000000e+00 4.966887417218543259e-03 1.933895921237693480e-03 8.823529411764706194e-04 0.000000000000000000e+00 0.000000000000000000e+00 0.000000000000000000e+00 5.124514178782207940e-02 1.607975558771506644e-04 1.839926402943882228e-03 1.370667710984922738e-03 2.807111348750166921e-03 1.715785224061364567e-03 4.175365344467641153e-04 0.000000000000000000e+00 6.165228113440197368e-04 0.000000000000000000e+00 0.000000000000000000e+00 0.000000000000000000e+00 0.000000000000000000e+00 0.000000000000000000e+00 0.000000000000000000e+00 0.000000000000000000e+00 2.663115845539280814e-04 0.000000000000000000e+00 0.000000000000000000e+00 0.000000000000000000e+00 1.634521085322000657e-04 0.000000000000000000e+00 6.102345044024060994e-04 0.000000000000000000e+00 0.000000000000000000e+00 0.000000000000000000e+00 1.077254539858417881e-03 0.000000000000000000e+00 2.150537634408602149e-03 0.000000000000000000e+00 2.832131822863027601e-03 0.000000000000000000e+00 1.900467063939442758e-02 0.000000000000000000e+00 5.828864537188155510e-03 0.000000000000000000e+00 7.596416049863653937e-03 0.000000000000000000e+00 8.109477952356816807e-04 1.100957833314984030e-04 2.101281781886951000e-04 0.000000000000000000e+00 6.016305875737981701e-02 9.306260575296107854e-04 1.574382921947965405e-02 4.572473708276177259e-04 0.000000000000000000e+00 0.000000000000000000e+00 1.491314323172730251e-02 0.000000000000000000e+00 1.547987616099071300e-03 0.000000000000000000e+00 1.644511443058791237e-03 0.000000000000000000e+00 0.000000000000000000e+00 0.000000000000000000e+00 2.034836399153507926e-03 0.000000000000000000e+00 0.000000000000000000e+00 0.000000000000000000e+00 2.244668911335578193e-03 0.000000000000000000e+00 1.433349259436215994e-03 3.310162197947699530e-04 6.259127894846650952e-04 0.000000000000000000e+00 4.854368932038834530e-03 0.000000000000000000e+00 0.000000000000000000e+00 0.000000000000000000e+00 0.000000000000000000e+00 0.000000000000000000e+00 5.861664712778428665e-04 0.000000000000000000e+00 0.000000000000000000e+00 0.000000000000000000e+00 1.733853489380147344e-03 3.408316291751874714e-04 0.000000000000000000e+00 0.000000000000000000e+00 1.190476190476190410e-02 0.000000000000000000e+00 0.000000000000000000e+00 0.000000000000000000e+00 6.666666666666667095e-03 0.000000000000000000e+00 0.000000000000000000e+00 0.000000000000000000e+00
2.156862745098039099e-03 8.607843137254901633e-02 3.725490196078431408e-03 2.313725490196078330e-02 0.000000000000000000e+00 3.921568627450980229e-04 8.431372549019607032e-03 8.627450980392156743e-02 0.000000000000000000e+00 5.882352941176470073e-04 1.372549019607843162e-03 0.000000000000000000e+00 1.309586170770036737e-04 2.021061158363710031e-01 0.000000000000000000e+00 4.359409057883264875e-03 0.000000000000000000e+00 9.197687025659559423e-02 1.019432940426887556e-02 2.469879518072289060e-02 0.000000000000000000e+00 0.000000000000000000e+00 1.956652618904274749e-03 5.274261603375527199e-03 2.941176470588235036e-04 0.000000000000000000e+00 0.000000000000000000e+00 0.000000000000000000e+00 0.000000000000000000e+00 4.807846920726804862e-02 5.749770009199631909e-03 7.832386919913843443e-04 1.336719689881031960e-03 3.128784820347194160e-03 0.000000000000000000e+00 0.000000000000000000e+00 0.000000000000000000e+00 8.777704630239192753e-04 0.000000000000000000e+00 4.113533525298231400e-04 0.000000000000000000e+00 0.000000000000000000e+00 0.000000000000000000e+00 0.000000000000000000e+00 0.000000000000000000e+00 0.000000000000000000e+00 0.000000000000000000e+00 1.409046075806678975e-04 0.000000000000000000e+00 2.271694684234438794e-04 0.000000000000000000e+00 1.851851851851851760e-04 0.000000000000000000e+00 0.000000000000000000e+00 0.000000000000000000e+00 4.694835680751173598e-04 0.000000000000000000e+00 5.325779036827195043e-03 1.287332646755921686e-04 1.845018450184501791e-04 0.000000000000000000e+00 3.698811096433289505e-03 0.000000000000000000e+00 1.644859813084112096e-02 0.000000000000000000e+00 2.201151371486623730e-03 1.013684744044602101e-04 2.201915666629968059e-04 2.101281781886951000e-04 0.000000000000000000e+00 9.371192952862899238e-04 5.541455160744501035e-02 2.668445630420280081e-04 1.383173296753543655e-02 0.000000000000000000e+00 0.000000000000000000e+00 6.555227794165847293e-04 7.480891201821434494e-03 0.000000000000000000e+00 1.908396946564885422e-03 0.000000000000000000e+00 1.095044222939772598e-02 0.000000000000000000e+00 0.000000000000000000e+00 0.000000000000000000e+00 6.418284283030682887e-03 0.000000000000000000e+00 5.773672055427251639e-04 0.000000000000000000e+00 1.824487334137515210e-02 0.000000000000000000e+00 3.310162197947699530e-04 2.086375964948883831e-04 0.000000000000000000e+00 0.000000000000000000e+00 4.166666666666666609e-03 0.000000000000000000e+00 0.000000000000000000e+00 1.668056713928273496e-03 1.081081081081081098e-03 0.000000000000000000e+00 0.000000000000000000e+00 0.000000000000000000e+00 0.000000000000000000e+00 0.000000000000000000e+00 0.000000000000000000e+00 0.000000000000000000e+00 0.000000000000000000e+00 0.000000000000000000e+00 0.000000000000000000e+00 0.000000000000000000e+00 0.000000000000000000e+00 0.000000000000000000e+00 1.144164759725400460e-03 0.000000000000000000e+00 0.000000000000000000e+00
2.082242011524358324e-02 1.309586170770036737e-04 4.557359874279727496e-02 3.928758512310110210e-03 9.690937663698271851e-03 3.666841278156102862e-03 1.775798847564169780e-01 4.190675746464117557e-03 9.258774227344158947e-02 7.857517024620220419e-04 1.223153483499214295e-01 1.309586170770036737e-04 0.000000000000000000e+00 2.295126231942756865e-03 2.272727272727272652e-01 9.687575684185032333e-04 4.167361226871144769e-03 0.000000000000000000e+00 6.212169480726345908e-03 7.228915662650602612e-04 1.409443269908386247e-03 0.000000000000000000e+00 1.836243226971703835e-02 1.107594936708860764e-02 2.352941176470588029e-03 5.374417771408097379e-03 4.500450045004500258e-04 3.924646781789639161e-04 1.047934360155462763e-01 0.000000000000000000e+00 6.209751609935602358e-03 1.116115136087722677e-02 1.604063627857238395e-03 8.074283407347597518e-04 4.175365344467641153e-04 0.000000000000000000e+00 2.055076037813399032e-04 0.000000000000000000e+00 0.000000000000000000e+00 0.000000000000000000e+00 0.000000000000000000e+00 0.000000000000000000e+00 0.000000000000000000e+00 0.000000000000000000e+00 0.000000000000000000e+00 0.000000000000000000e+00 1.568873548791967253e-04 0.000000000000000000e+00 3.269042170644001315e-04 0.000000000000000000e+00 2.615290733153169075e-04 9.259259259259258799e-05 4.205214465937762635e-04 0.000000000000000000e+00 4.616805170821791150e-04 0.000000000000000000e+00 1.759530791788856303e-03 0.000000000000000000e+00 1.416065911431513800e-03 0.000000000000000000e+00 8.858109196327911689e-03 0.000000000000000000e+00 5.828864537188155510e-03 0.000000000000000000e+00 6.817296455005843366e-03 0.000000000000000000e+00 6.082108464267612334e-04 0.000000000000000000e+00 2.101281781886951000e-03 0.000000000000000000e+00 7.375128853903101245e-02 1.353637901861252111e-03 5.136757838559039696e-02 1.028806584362140005e-03 1.937984496124030981e-03 0.000000000000000000e+00 3.785644051130776511e-02 3.252561392096276079e-04 4.643962848297213467e-03 0.000000000000000000e+00 4.796491708921474424e-03 0.000000000000000000e+00 8.438818565400844039e-04 0.000000000000000000e+00 4.232459710239297110e-03 0.000000000000000000e+00 4.492362982929020906e-04 0.000000000000000000e+00 2.992891881780770490e-03 0.000000000000000000e+00 1.433349259436215994e-03 9.930486593843098047e-04 4.172751929897767663e-04 0.000000000000000000e+00 1.618122977346278394e-03 0.000000000000000000e+00 7.385524372230428854e-04 0.000000000000000000e+00 8.340283569641367481e-04 3.243243243243243076e-03 5.861664712778428665e-04 0.000000000000000000e+00 0.000000000000000000e+00 3.359086328518642796e-04 1.300390117035110562e-03 3.408316291751874714e-04 2.515723270440251447e-03 0.000000000000000000e+00 0.000000000000000000e+00 3.508771929824561469e-03 0.000000000000000000e+00 0.000000000000000000e+00 0.000000000000000000e+00 1.144164759725400460e-03 0.000000000000000000e+00 3.773584905660377388e-03
