0.000000000000000000e+00 1.724823146013830522e-02 9.109373413222300597e-02 5.512562281352697581e-03 2.446782481037435681e-04 0.000000000000000000e+00 1.354861667111466883e-01 6.447400636578797320e-03 2.028397565922920864e-03 0.000000000000000000e+00 1.534332364124356973e-01 1.173249902229174741e-03 2.394562026880889954e-02 0.000000000000000000e+00 3.685503685503685629e-03 0.000000000000000000e+00 5.836513994910941250e-02 1.608363490148773589e-03 4.730848861283643708e-02 4.266538830297219448e-02 0.000000000000000000e+00 0.000000000000000000e+00 1.668984700973574417e-03 4.540295119182746969e-04 0.000000000000000000e+00 2.910360884749708900e-04 0.000000000000000000e+00 0.000000000000000000e+00 6.034482758620689918e-02 3.079291762894534388e-04 9.302325581395348708e-03 1.731002250302925290e-04 5.705394190871368974e-03 1.706104252400548679e-02 0.000000000000000000e+00 3.147623544224110764e-04 8.721956138139652648e-02 0.000000000000000000e+00 9.345794392523364873e-04 0.000000000000000000e+00 1.621621621621621712e-02 0.000000000000000000e+00 5.150391429748661177e-04 0.000000000000000000e+00 1.923323503013206828e-03 1.612383102225088585e-04 3.102218085931441119e-04 0.000000000000000000e+00 6.054360427669715564e-03 4.177109440267334772e-04 1.006474774023975900e-02 2.483546504408295076e-04 4.082509669101847503e-03 0.000000000000000000e+00 2.677774471883367837e-03 0.000000000000000000e+00 3.193897637795275468e-01 6.974890394579513677e-04 3.018596711885724454e-02 7.390072669047912041e-04 3.454803596781826774e-02 0.000000000000000000e+00 1.172265904217298024e-02 0.000000000000000000e+00 1.522842639593908684e-02 1.367053998632945886e-04 1.305444296098501669e-02 8.759356585443542429e-04 1.120339282558756033e-01 2.949127549766527613e-03 6.787828720914222680e-02 2.106897316478154817e-03 7.745726495726495964e-02 3.465804066543438033e-04 1.734104046242774394e-02 0.000000000000000000e+00 8.751286953963818838e-02 0.000000000000000000e+00 3.121748178980228786e-03 0.000000000000000000e+00 3.231419338801889019e-03 0.000000000000000000e+00 0.000000000000000000e+00 0.000000000000000000e+00 2.318429145966406299e-02 0.000000000000000000e+00 1.144164759725400460e-03 0.000000000000000000e+00 1.147805074506645130e-02 0.000000000000000000e+00 3.857812069440617279e-03 2.312138728323699568e-03 8.528784648187632883e-04 0.000000000000000000e+00 4.248366013071895597e-02 0.000000000000000000e+00 3.416856492027334907e-03 6.772009029345372327e-03 4.504504504504504465e-03 5.224660397074190263e-03 0.000000000000000000e+00 2.051282051282051280e-03 1.787538304392237085e-03 4.573170731707317340e-04 5.549626467449306037e-03 4.599816007359705571e-04 1.623376623376623484e-03 0.000000000000000000e+00 0.000000000000000000e+00 0.000000000000000000e+00 0.000000000000000000e+00 0.000000000000000000e+00 0.000000000000000000e+00 0.000000000000000000e+00 7.374631268436578069e-04 0.000000000000000000e+00
1.724823146013830522e-02 0.000000000000000000e+00 2.741951863511729419e-03 6.848298526449697610e-02 0.000000000000000000e+00 7.882291119285339239e-04 6.227203985410550849e-04 1.744062678527707466e-01 2.897710808461315753e-04 1.380738695201932974e-03 0.000000000000000000e+00 2.796245600312866758e-02 0.000000000000000000e+00 1.251877816725087585e-02 0.000000000000000000e+00 8.250825082508250925e-04 0.000000000000000000e+00 3.799758745476477378e-02 2.122153209109730806e-02 7.507190795781400194e-02 0.000000000000000000e+00 0.000000000000000000e+00 2.781641168289290876e-04 1.135073779795686688e-03 0.000000000000000000e+00 2.910360884749708900e-04 0.000000000000000000e+00 3.040437823046518743e-04 0.000000000000000000e+00 4.649730561970746856e-02 1.550387596899224785e-03 1.731002250302925290e-04 1.115145228215767663e-02 1.431755829903978011e-02 1.022494887525562468e-03 3.147623544224110764e-04 2.520796571716662571e-04 1.075159235668789875e-01 4.672897196261682437e-04 1.242236024844720543e-03 0.000000000000000000e+00 0.000000000000000000e+00 0.000000000000000000e+00 1.354921753268748680e-04 1.282215668675471291e-04 1.209287326668816425e-03 0.000000000000000000e+00 1.000700490343240279e-04 1.288161793121215962e-04 4.107490949596212526e-03 0.000000000000000000e+00 8.319880789767787610e-03 0.000000000000000000e+00 9.272614877395425181e-04 0.000000000000000000e+00 1.761127121357668841e-03 1.082677165354330694e-03 3.185532084495815153e-01 2.695175635612253977e-04 2.832861189801699764e-02 0.000000000000000000e+00 2.341973624374715790e-02 0.000000000000000000e+00 2.395104895104895049e-02 0.000000000000000000e+00 1.749829118250170734e-02 1.038421599169262691e-03 7.803790412486064955e-03 1.661070860576073505e-02 1.101007618579503550e-01 2.753683051080820388e-04 7.895320470170769100e-02 0.000000000000000000e+00 8.006007393715341980e-02 0.000000000000000000e+00 1.455604075691412005e-03 1.470804530077952650e-04 9.086002159050017568e-02 0.000000000000000000e+00 2.906976744186046471e-03 1.242853591846880350e-04 8.980785296574769760e-03 0.000000000000000000e+00 0.000000000000000000e+00 0.000000000000000000e+00 2.061005770816158253e-02 0.000000000000000000e+00 1.160092807424593919e-03 2.013693113169553041e-04 8.452624403544649681e-03 1.240011022320198488e-03 1.127167630057803425e-02 2.132196162046908221e-04 6.119951040391676325e-04 9.803921568627450844e-03 9.401709401709401615e-02 2.847380410022779234e-03 6.772009029345372327e-03 2.252252252252252233e-03 1.044932079414838053e-02 0.000000000000000000e+00 0.000000000000000000e+00 3.830439223697650508e-04 1.981707317073170757e-03 6.403415154749199107e-04 3.679852805887764457e-03 0.000000000000000000e+00 0.000000000000000000e+00 0.000000000000000000e+00 0.000000000000000000e+00 1.124859392575928117e-03 0.000000000000000000e+00 5.444646098003629552e-03 0.000000000000000000e+00 7.374631268436578069e-04 0.000000000000000000e+00
9.109373413222300597e-02 2.741951863511729419e-03 0.000000000000000000e+00 6.254637973073253442e-03 4.966968436505994622e-02 3.152916447714135696e-03 1.670669869228716409e-01 4.325471313147800229e-03 4.462474645030425902e-02 5.522954780807731896e-03 2.952359651084768624e-02 4.497457958545170165e-03 6.890159122508883460e-02 2.503755633450175429e-03 4.004914004914005010e-02 2.887788778877887607e-03 7.792620865139949365e-03 4.020908725371933972e-04 1.170807453416149030e-01 7.766059443911793245e-03 6.127450980392156778e-04 0.000000000000000000e+00 1.732962447844228204e-01 1.021566401816118019e-02 8.883116883116883022e-02 1.047729918509895247e-02 2.909090909090909088e-02 9.121313469139556230e-04 1.583072100313479696e-02 4.618937644341801312e-04 7.220376522702104394e-02 2.007962610351393326e-02 1.218879668049792538e-02 6.687242798353909383e-03 3.408316291751874606e-03 3.147623544224110764e-04 1.663725737332997362e-02 0.000000000000000000e+00 0.000000000000000000e+00 0.000000000000000000e+00 0.000000000000000000e+00 0.000000000000000000e+00 1.030078285949732181e-04 0.000000000000000000e+00 1.025772534940377033e-03 8.061915511125442924e-05 0.000000000000000000e+00 0.000000000000000000e+00 5.152647172484863848e-03 6.961849067112224621e-05 2.307840246169626155e-03 0.000000000000000000e+00 8.594757198109153609e-04 0.000000000000000000e+00 0.000000000000000000e+00 0.000000000000000000e+00 8.956692913385827515e-03 9.964129135113591548e-05 1.176893360884017671e-02 0.000000000000000000e+00 2.011358258400378768e-03 2.273760800363801651e-04 1.143674052894924891e-03 1.748251748251748250e-04 1.269035532994923759e-03 0.000000000000000000e+00 2.136181575433911822e-02 7.963051441312310930e-05 1.608057960770454056e-02 4.915212582944211966e-04 3.538482720638854578e-02 8.871146595697493396e-04 6.423611111111110494e-02 6.931608133086876065e-04 5.780346820809248269e-03 0.000000000000000000e+00 7.677599647006912165e-02 1.799208348326736110e-04 0.000000000000000000e+00 0.000000000000000000e+00 3.728560775540641051e-04 0.000000000000000000e+00 0.000000000000000000e+00 0.000000000000000000e+00 2.050311489630155404e-03 0.000000000000000000e+00 0.000000000000000000e+00 0.000000000000000000e+00 8.054772452678212163e-04 1.363326516700749940e-04 1.928906034720308639e-03 3.468208092485549135e-03 2.132196162046908221e-04 0.000000000000000000e+00 1.633986928104575256e-02 0.000000000000000000e+00 5.694760820045557817e-04 0.000000000000000000e+00 4.504504504504504465e-03 5.224660397074190263e-03 0.000000000000000000e+00 0.000000000000000000e+00 3.830439223697650508e-04 6.097560975609756092e-04 1.494130202774813197e-03 4.599816007359705571e-04 0.000000000000000000e+00 0.000000000000000000e+00 0.000000000000000000e+00 0.000000000000000000e+00 0.000000000000000000e+00 0.000000000000000000e+00 0.000000000000000000e+00 0.000000000000000000e+00 0.000000000000000000e+00 0.000000000000000000e+00
5.512562281352697581e-03 6.848298526449697610e-02 6.254637973073253442e-03 0.000000000000000000e+00 7.340347443112307585e-04 2.916447714135575464e-02 1.174272751534560962e-02 1.456786093201664911e-01 1.738626485076789343e-03 5.281325509147393599e-02 3.354954148959964425e-03 4.497457958545170165e-02 3.244245326741850791e-03 6.584877315973960976e-02 2.457002457002456942e-04 2.970297029702970160e-02 9.541984732824427108e-04 1.105749899477281861e-02 1.014492753623188331e-02 1.162991371045062339e-01 0.000000000000000000e+00 1.248439450686641711e-03 1.752433936022253225e-02 2.646992054483541246e-01 2.077922077922077920e-03 1.100116414435390044e-01 3.305785123966942392e-04 7.601094557616296966e-03 3.134796238244514309e-04 2.217090069284064630e-02 2.192691029900332295e-02 3.808204950666435606e-02 4.538381742738589568e-03 1.860425240054869658e-02 3.408316291751874714e-04 3.777148253068933134e-03 2.520796571716662571e-04 1.987261146496815262e-02 0.000000000000000000e+00 1.242236024844720543e-03 0.000000000000000000e+00 0.000000000000000000e+00 0.000000000000000000e+00 2.709843506537497359e-04 0.000000000000000000e+00 7.255723960012898767e-04 0.000000000000000000e+00 5.003502451716200852e-04 2.576323586242431924e-04 2.018936229462545140e-03 6.410667350471183914e-05 2.048925866136843289e-03 0.000000000000000000e+00 1.030290541932825035e-04 0.000000000000000000e+00 3.202049311559397745e-04 4.921259842519684971e-04 9.565563969709046585e-03 0.000000000000000000e+00 8.375415691587633285e-03 0.000000000000000000e+00 9.095043201455206604e-04 0.000000000000000000e+00 5.244755244755244751e-04 0.000000000000000000e+00 1.640464798359535280e-03 7.417297136923304939e-04 1.011307533046663411e-02 1.236967662131118655e-03 1.695748341115753399e-02 1.376841525540410194e-03 2.838766910623197887e-02 5.341880341880342418e-04 5.764787430683918773e-02 0.000000000000000000e+00 2.911208151382824010e-03 0.000000000000000000e+00 6.027347966894566061e-02 0.000000000000000000e+00 0.000000000000000000e+00 0.000000000000000000e+00 6.265664160401002158e-04 0.000000000000000000e+00 1.245330012453300115e-03 0.000000000000000000e+00 8.244023083264633315e-04 0.000000000000000000e+00 0.000000000000000000e+00 0.000000000000000000e+00 6.816632583503749428e-04 6.888950124001102593e-04 3.757225433526011418e-03 0.000000000000000000e+00 0.000000000000000000e+00 6.535947712418300852e-03 2.564102564102564014e-02 1.138952164009111563e-03 2.257336343115123965e-03 3.003003003003002977e-03 1.044932079414838139e-03 0.000000000000000000e+00 0.000000000000000000e+00 2.553626149131767186e-04 6.097560975609756092e-04 4.268943436499466433e-04 1.073290401717264669e-03 0.000000000000000000e+00 0.000000000000000000e+00 0.000000000000000000e+00 0.000000000000000000e+00 1.124859392575928117e-03 0.000000000000000000e+00 0.000000000000000000e+00 0.000000000000000000e+00 7.374631268436578069e-04 0.000000000000000000e+00
2.446782481037435681e-04 0.000000000000000000e+00 4.966968436505994622e-02 7.340347443112307585e-04 0.000000000000000000e+00 1.050972149238045160e-03 3.647362334311894053e-03 0.000000000000000000e+00 3.045494059692842592e-01 3.451846738004832435e-04 2.236636099306642733e-04 0.000000000000000000e+00 3.707708944847829414e-03 0.000000000000000000e+00 1.798525798525798525e-01 4.125412541254125463e-04 0.000000000000000000e+00 0.000000000000000000e+00 5.175983436853002443e-04 0.000000000000000000e+00 2.818627450980392204e-02 0.000000000000000000e+00 9.040333796940195482e-03 1.362088535754823982e-03 2.285714285714285643e-01 4.656577415599534239e-03 2.261157024793388481e-01 0.000000000000000000e+00 6.583072100313479454e-03 0.000000000000000000e+00 1.240310077519379828e-02 2.250302925393802850e-03 3.890041493775933342e-04 8.573388203017832021e-05 0.000000000000000000e+00 0.000000000000000000e+00 5.041593143433325142e-04 0.000000000000000000e+00 4.672897196261682437e-04 0.000000000000000000e+00 0.000000000000000000e+00 0.000000000000000000e+00 1.030078285949732181e-04 0.000000000000000000e+00 0.000000000000000000e+00 0.000000000000000000e+00 0.000000000000000000e+00 0.000000000000000000e+00 0.000000000000000000e+00 0.000000000000000000e+00 6.410667350471183914e-05 0.000000000000000000e+00 0.000000000000000000e+00 0.000000000000000000e+00 4.462957453138946757e-04 0.000000000000000000e+00 0.000000000000000000e+00 0.000000000000000000e+00 0.000000000000000000e+00 0.000000000000000000e+00 1.183151916706105030e-04 0.000000000000000000e+00 0.000000000000000000e+00 0.000000000000000000e+00 0.000000000000000000e+00 0.000000000000000000e+00 7.417297136923304939e-05 0.000000000000000000e+00 0.000000000000000000e+00 0.000000000000000000e+00 4.392124466473908834e-02 2.217786648924373349e-04 3.846153846153846367e-02 0.000000000000000000e+00 2.890173410404624135e-03 0.000000000000000000e+00 2.206206795116928947e-03 0.000000000000000000e+00 0.000000000000000000e+00 0.000000000000000000e+00 3.728560775540641051e-04 0.000000000000000000e+00 2.016129032258064460e-03 0.000000000000000000e+00 2.365744026496333096e-04 0.000000000000000000e+00 2.288329519450800920e-03 0.000000000000000000e+00 2.013693113169553041e-04 0.000000000000000000e+00 0.000000000000000000e+00 0.000000000000000000e+00 0.000000000000000000e+00 0.000000000000000000e+00 3.267973856209150426e-03 0.000000000000000000e+00 0.000000000000000000e+00 0.000000000000000000e+00 0.000000000000000000e+00 0.000000000000000000e+00 0.000000000000000000e+00 0.000000000000000000e+00 0.000000000000000000e+00 0.000000000000000000e+00 2.134471718249733216e-04 0.000000000000000000e+00 0.000000000000000000e+00 0.000000000000000000e+00 0.000000000000000000e+00 0.000000000000000000e+00 0.000000000000000000e+00 0.000000000000000000e+00 0.000000000000000000e+00 0.000000000000000000e+00 0.000000000000000000e+00 0.000000000000000000e+00
0.000000000000000000e+00 7.882291119285339239e-04 3.152916447714135696e-03 2.916447714135575464e-02 1.050972149238045160e-03 0.000000000000000000e+00 8.896005693443643451e-04 2.856443320003264515e-03 2.318168646769052602e-03 3.089402830514325071e-01 0.000000000000000000e+00 3.910833007430582469e-04 0.000000000000000000e+00 2.628943415122683962e-03 4.914004914004913883e-04 1.749174917491749248e-01 0.000000000000000000e+00 0.000000000000000000e+00 0.000000000000000000e+00 3.835091083413230857e-04 2.450980392156862711e-03 5.409904286308780605e-03 4.033379694019471363e-03 7.945516458569806817e-03 4.675324675324675321e-03 1.318393480791618111e-01 1.652892561983471034e-03 1.678321678321678390e-01 0.000000000000000000e+00 1.709006928406466355e-02 5.094130675526024540e-03 2.077202700363510457e-02 0.000000000000000000e+00 5.144032921810700026e-04 0.000000000000000000e+00 0.000000000000000000e+00 0.000000000000000000e+00 5.095541401273884869e-04 0.000000000000000000e+00 0.000000000000000000e+00 0.000000000000000000e+00 0.000000000000000000e+00 0.000000000000000000e+00 6.774608766343743398e-05 0.000000000000000000e+00 0.000000000000000000e+00 0.000000000000000000e+00 1.000700490343240279e-04 0.000000000000000000e+00 0.000000000000000000e+00 0.000000000000000000e+00 3.104433130510368980e-04 0.000000000000000000e+00 2.060581083865650070e-04 0.000000000000000000e+00 1.601024655779698872e-04 0.000000000000000000e+00 9.964129135113591548e-05 0.000000000000000000e+00 0.000000000000000000e+00 0.000000000000000000e+00 0.000000000000000000e+00 0.000000000000000000e+00 0.000000000000000000e+00 0.000000000000000000e+00 2.734107997265891772e-04 7.417297136923304939e-05 7.963051441312310930e-05 0.000000000000000000e+00 0.000000000000000000e+00 3.717472118959107633e-03 2.129075182967398588e-02 0.000000000000000000e+00 2.737985212569316040e-02 0.000000000000000000e+00 1.455604075691412005e-03 0.000000000000000000e+00 5.397625044980208873e-04 0.000000000000000000e+00 0.000000000000000000e+00 0.000000000000000000e+00 2.088554720133667386e-04 0.000000000000000000e+00 0.000000000000000000e+00 0.000000000000000000e+00 4.122011541632316658e-04 0.000000000000000000e+00 3.480278422273781758e-03 0.000000000000000000e+00 2.726653033401499880e-04 0.000000000000000000e+00 0.000000000000000000e+00 0.000000000000000000e+00 0.000000000000000000e+00 0.000000000000000000e+00 8.547008547008547868e-03 0.000000000000000000e+00 0.000000000000000000e+00 0.000000000000000000e+00 0.000000000000000000e+00 0.000000000000000000e+00 0.000000000000000000e+00 0.000000000000000000e+00 0.000000000000000000e+00 0.000000000000000000e+00 1.533272002453235281e-04 0.000000000000000000e+00 0.000000000000000000e+00 0.000000000000000000e+00 0.000000000000000000e+00 0.000000000000000000e+00 0.000000000000000000e+00 0.000000000000000000e+00 0.000000000000000000e+00 0.000000000000000000e+00 0.000000000000000000e+00
1.354861667111466883e-01 6.227203985410550849e-04 1.670669869228716409e-01 1.174272751534560962e-02 3.647362334311894053e-03 8.896005693443643451e-04 0.000000000000000000e+00 1.240512527544274796e-02 1.188061431469139423e-01 5.522954780807731896e-03 1.536569000223663717e-01 8.017207665232693736e-03 2.759153406457592883e-01 7.010515773660490856e-03 2.850122850122849966e-02 2.681518151815181442e-03 9.541984732824427759e-03 1.206272617611580137e-03 1.055900621118012472e-02 8.053691275167786101e-03 0.000000000000000000e+00 0.000000000000000000e+00 3.574408901251738269e-02 1.748013620885357708e-02 3.636363636363636360e-03 4.656577415599534239e-03 6.611570247933884785e-04 0.000000000000000000e+00 1.802507836990595649e-02 6.158583525789068777e-04 3.942414174972314750e-02 4.223645490739137698e-02 4.668049792531120228e-03 1.337448559670781877e-02 6.816632583503749428e-04 3.147623544224110764e-04 7.814469372321653645e-03 2.547770700636942435e-04 0.000000000000000000e+00 0.000000000000000000e+00 5.405405405405405705e-03 0.000000000000000000e+00 4.120313143798928724e-04 6.774608766343743398e-05 3.205539171688677903e-03 0.000000000000000000e+00 0.000000000000000000e+00 0.000000000000000000e+00 8.501867834600026000e-03 0.000000000000000000e+00 9.167254311173793010e-03 0.000000000000000000e+00 4.297378599054576913e-03 0.000000000000000000e+00 2.231478726569473270e-03 0.000000000000000000e+00 8.267716535433070751e-03 9.964129135113591548e-05 1.311652142664630240e-02 0.000000000000000000e+00 1.668244202555608027e-02 0.000000000000000000e+00 1.015010721944245922e-02 0.000000000000000000e+00 1.359680928208847027e-02 0.000000000000000000e+00 8.233199821984869132e-03 2.388915432393693143e-04 2.120515992224774899e-03 0.000000000000000000e+00 5.479829271650833028e-02 1.108893324462186837e-03 7.024572649572649596e-02 8.086876155268022618e-04 2.601156069364161938e-02 0.000000000000000000e+00 8.721870863362259085e-02 5.397625044980208873e-04 6.243496357960457571e-03 0.000000000000000000e+00 8.948545861297538956e-03 0.000000000000000000e+00 0.000000000000000000e+00 0.000000000000000000e+00 2.555003548616039885e-02 8.244023083264633586e-05 0.000000000000000000e+00 0.000000000000000000e+00 1.631091421667337990e-02 0.000000000000000000e+00 1.928906034720308639e-03 8.670520231213872837e-04 0.000000000000000000e+00 0.000000000000000000e+00 2.614379084967320341e-02 0.000000000000000000e+00 0.000000000000000000e+00 4.514672686230247929e-03 1.501501501501501488e-03 2.089864158829676279e-03 4.115226337448559587e-04 0.000000000000000000e+00 2.553626149131767186e-04 4.573170731707317340e-04 1.067235859124866662e-03 0.000000000000000000e+00 0.000000000000000000e+00 0.000000000000000000e+00 0.000000000000000000e+00 0.000000000000000000e+00 1.124859392575928117e-03 0.000000000000000000e+00 0.000000000000000000e+00 0.000000000000000000e+00 7.374631268436578069e-04 0.000000000000000000e+00
6.447400636578797320e-03 1.744062678527707466e-01 4.325471313147800229e-03 1.456786093201664911e-01 0.000000000000000000e+00 2.856443320003264515e-03 1.240512527544274796e-02 0.000000000000000000e+00 0.000000000000000000e+00 7.214359682430100673e-02 4.249608588682621084e-03 1.603441533046539025e-01 1.544878727019929031e-03 2.787931897846770424e-01 4.914004914004913883e-04 3.816006600660065695e-02 1.590330788804071365e-04 1.809408926417370445e-02 1.666666666666666644e-02 3.087248322147650992e-02 0.000000000000000000e+00 0.000000000000000000e+00 1.070931849791376990e-02 2.701475595913734387e-02 1.038961038961038960e-03 4.365541327124563241e-03 0.000000000000000000e+00 0.000000000000000000e+00 6.269592476489028619e-04 3.402617397998460025e-02 1.683277962347729667e-02 1.038601350181755228e-02 4.019709543568464327e-03 1.448902606310013656e-02 3.408316291751874714e-04 3.147623544224110764e-04 0.000000000000000000e+00 1.324840764331210174e-02 0.000000000000000000e+00 1.242236024844720543e-03 0.000000000000000000e+00 0.000000000000000000e+00 0.000000000000000000e+00 7.452069642978118415e-04 0.000000000000000000e+00 2.176717188003869739e-03 0.000000000000000000e+00 5.003502451716200852e-04 0.000000000000000000e+00 6.613756613756613389e-03 0.000000000000000000e+00 1.409412641251707454e-02 2.148689299527288402e-04 1.339377704512672478e-03 0.000000000000000000e+00 3.682356708293307596e-03 1.968503937007873988e-04 1.703866082104424015e-02 2.695175635612253977e-04 1.564232048281808188e-02 0.000000000000000000e+00 1.546157344247385199e-02 0.000000000000000000e+00 3.146853146853147067e-03 0.000000000000000000e+00 1.927546138072453938e-02 2.966918854769321975e-04 1.481127568084089803e-02 7.068386640749249302e-04 5.652494470385844086e-03 2.753683051080820388e-04 1.035706365047682348e-01 6.677350427350427480e-04 5.799445471349352899e-02 0.000000000000000000e+00 7.278020378457059590e-03 4.412413590233857678e-04 5.091759625764663566e-02 0.000000000000000000e+00 0.000000000000000000e+00 0.000000000000000000e+00 4.803675856307434988e-03 0.000000000000000000e+00 0.000000000000000000e+00 7.885813421654443655e-05 1.253091508656224186e-02 0.000000000000000000e+00 0.000000000000000000e+00 0.000000000000000000e+00 5.044308111792774642e-03 8.266740148801322895e-04 2.312138728323699568e-03 0.000000000000000000e+00 6.119951040391676325e-04 1.633986928104575256e-02 2.136752136752136794e-02 5.694760820045557817e-04 2.257336343115123965e-03 0.000000000000000000e+00 2.089864158829676279e-03 0.000000000000000000e+00 0.000000000000000000e+00 1.276813074565883593e-04 3.048780487804878046e-04 4.268943436499466433e-04 6.133088009812941123e-04 8.116883116883117418e-04 1.053740779768176953e-03 0.000000000000000000e+00 0.000000000000000000e+00 0.000000000000000000e+00 0.000000000000000000e+00 0.000000000000000000e+00 0.000000000000000000e+00 0.000000000000000000e+00 0.000000000000000000e+00
2.028397565922920864e-03 2.897710808461315753e-04 4.462474645030425902e-02 1.738626485076789343e-03 3.045494059692842592e-01 2.318168646769052602e-03 1.188061431469139423e-01 0.000000000000000000e+00 0.000000000000000000e+00 2.071108042802899570e-03 4.473272198613285466e-04 1.955416503715291235e-04 2.997064730418661990e-02 1.251877816725087498e-04 2.835380835380835185e-01 6.188118811881188194e-04 4.770992366412213554e-04 0.000000000000000000e+00 5.175983436853002443e-04 0.000000000000000000e+00 0.000000000000000000e+00 0.000000000000000000e+00 3.337969401947148834e-03 2.270147559591373376e-03 1.246753246753246752e-02 3.201396973224679681e-03 5.289256198347107828e-03 0.000000000000000000e+00 5.956112852664576483e-03 0.000000000000000000e+00 3.765227021040974415e-03 8.655011251514627265e-04 1.296680497925311204e-04 0.000000000000000000e+00 0.000000000000000000e+00 0.000000000000000000e+00 0.000000000000000000e+00 0.000000000000000000e+00 0.000000000000000000e+00 0.000000000000000000e+00 0.000000000000000000e+00 0.000000000000000000e+00 0.000000000000000000e+00 0.000000000000000000e+00 0.000000000000000000e+00 0.000000000000000000e+00 1.551109042965720559e-04 0.000000000000000000e+00 0.000000000000000000e+00 0.000000000000000000e+00 6.410667350471183914e-05 0.000000000000000000e+00 2.148689299527288402e-04 0.000000000000000000e+00 2.975304968759297838e-04 0.000000000000000000e+00 1.968503937007873988e-04 0.000000000000000000e+00 3.593567514149672150e-04 0.000000000000000000e+00 5.915759583530525150e-04 0.000000000000000000e+00 1.143674052894924891e-03 0.000000000000000000e+00 1.450326323422770165e-03 0.000000000000000000e+00 1.483459427384660988e-04 0.000000000000000000e+00 1.767096660187312325e-04 0.000000000000000000e+00 1.239157372986369327e-02 0.000000000000000000e+00 1.789529914529914417e-02 0.000000000000000000e+00 2.890173410404624135e-03 0.000000000000000000e+00 2.794528607148110116e-03 0.000000000000000000e+00 0.000000000000000000e+00 0.000000000000000000e+00 2.485707183693760701e-04 0.000000000000000000e+00 2.016129032258064460e-03 0.000000000000000000e+00 9.462976105985332386e-04 0.000000000000000000e+00 0.000000000000000000e+00 0.000000000000000000e+00 0.000000000000000000e+00 0.000000000000000000e+00 0.000000000000000000e+00 5.780346820809248920e-04 0.000000000000000000e+00 0.000000000000000000e+00 3.267973856209150426e-03 0.000000000000000000e+00 0.000000000000000000e+00 0.000000000000000000e+00 0.000000000000000000e+00 0.000000000000000000e+00 0.000000000000000000e+00 0.000000000000000000e+00 0.000000000000000000e+00 0.000000000000000000e+00 4.268943436499466433e-04 0.000000000000000000e+00 0.000000000000000000e+00 0.000000000000000000e+00 0.000000000000000000e+00 0.000000000000000000e+00 0.000000000000000000e+00 0.000000000000000000e+00 0.000000000000000000e+00 0.000000000000000000e+00 0.000000000000000000e+00 0.000000000000000000e+00
0.000000000000000000e+00 1.380738695201932974e-03 5.522954780807731896e-03 5.281325509147393599e-02 3.451846738004832435e-04 3.089402830514325071e-01 5.522954780807731896e-03 7.214359682430100673e-02 2.071108042802899570e-03 0.000000000000000000e+00 0.000000000000000000e+00 2.933124755572937177e-03 1.544878727019928922e-04 2.378567851777666636e-02 0.000000000000000000e+00 1.792491749174917604e-01 0.000000000000000000e+00 2.010454362685966986e-04 0.000000000000000000e+00 2.876318312559923143e-04 0.000000000000000000e+00 4.161464835622139219e-04 2.503477051460361626e-03 1.112372304199773024e-02 3.116883116883116880e-03 2.182770663562281707e-02 6.611570247933884785e-04 6.080875646093037053e-03 0.000000000000000000e+00 3.849114703618167904e-03 8.637873754152824296e-03 4.327505625757313741e-03 1.296680497925311204e-04 2.572016460905350013e-04 0.000000000000000000e+00 0.000000000000000000e+00 0.000000000000000000e+00 0.000000000000000000e+00 0.000000000000000000e+00 0.000000000000000000e+00 0.000000000000000000e+00 0.000000000000000000e+00 0.000000000000000000e+00 0.000000000000000000e+00 0.000000000000000000e+00 0.000000000000000000e+00 0.000000000000000000e+00 1.000700490343240279e-04 0.000000000000000000e+00 0.000000000000000000e+00 0.000000000000000000e+00 0.000000000000000000e+00 0.000000000000000000e+00 0.000000000000000000e+00 0.000000000000000000e+00 1.601024655779698872e-04 0.000000000000000000e+00 9.964129135113591548e-05 0.000000000000000000e+00 1.231678778174652097e-04 0.000000000000000000e+00 2.273760800363801651e-04 0.000000000000000000e+00 0.000000000000000000e+00 0.000000000000000000e+00 0.000000000000000000e+00 0.000000000000000000e+00 0.000000000000000000e+00 0.000000000000000000e+00 2.457606291472105983e-04 9.637890678782872443e-04 1.131071190951430522e-02 0.000000000000000000e+00 1.432532347504620988e-02 0.000000000000000000e+00 0.000000000000000000e+00 0.000000000000000000e+00 1.259445843828715331e-03 0.000000000000000000e+00 0.000000000000000000e+00 0.000000000000000000e+00 2.088554720133667386e-04 0.000000000000000000e+00 1.245330012453300115e-03 0.000000000000000000e+00 4.122011541632316658e-04 0.000000000000000000e+00 0.000000000000000000e+00 0.000000000000000000e+00 1.363326516700749940e-04 0.000000000000000000e+00 0.000000000000000000e+00 0.000000000000000000e+00 0.000000000000000000e+00 0.000000000000000000e+00 0.000000000000000000e+00 0.000000000000000000e+00 0.000000000000000000e+00 0.000000000000000000e+00 0.000000000000000000e+00 0.000000000000000000e+00 0.000000000000000000e+00 0.000000000000000000e+00 0.000000000000000000e+00 0.000000000000000000e+00 0.000000000000000000e+00 0.000000000000000000e+00 0.000000000000000000e+00 0.000000000000000000e+00 0.000000000000000000e+00 0.000000000000000000e+00 0.000000000000000000e+00 0.000000000000000000e+00 0.000000000000000000e+00 0.000000000000000000e+00 0.000000000000000000e+00
1.534332364124356973e-01 0.000000000000000000e+00 2.952359651084768624e-02 3.354954148959964425e-03 2.236636099306642733e-04 0.000000000000000000e+00 1.536569000223663717e-01 4.249608588682621084e-03 4.473272198613285466e-04 0.000000000000000000e+00 0.000000000000000000e+00 1.955416503715291235e-04 1.381121581955816469e-01 2.503755633450174996e-04 3.194103194103194241e-03 0.000000000000000000e+00 5.804707379134860235e-02 0.000000000000000000e+00 1.221532091097308516e-02 1.342281879194630800e-03 0.000000000000000000e+00 0.000000000000000000e+00 2.155771905424200274e-02 6.810442678774119912e-04 0.000000000000000000e+00 0.000000000000000000e+00 0.000000000000000000e+00 0.000000000000000000e+00 3.150470219435736602e-02 0.000000000000000000e+00 3.100775193798449569e-03 1.904102475333217847e-03 1.167012448132780057e-03 2.400548696844993345e-03 0.000000000000000000e+00 0.000000000000000000e+00 2.772876228888328503e-03 0.000000000000000000e+00 0.000000000000000000e+00 0.000000000000000000e+00 0.000000000000000000e+00 0.000000000000000000e+00 0.000000000000000000e+00 0.000000000000000000e+00 0.000000000000000000e+00 0.000000000000000000e+00 0.000000000000000000e+00 0.000000000000000000e+00 2.576323586242431924e-04 0.000000000000000000e+00 1.346240143598948554e-03 0.000000000000000000e+00 1.289213579716372987e-03 0.000000000000000000e+00 1.487652484379648919e-04 0.000000000000000000e+00 1.003937007874015734e-02 9.964129135113591548e-05 6.378582337615667890e-03 0.000000000000000000e+00 2.342640795078088090e-02 0.000000000000000000e+00 9.292351679771264361e-03 0.000000000000000000e+00 6.345177664974619228e-03 0.000000000000000000e+00 6.675567423230974445e-04 7.963051441312310930e-05 3.534193320374624651e-04 0.000000000000000000e+00 3.648630042682086960e-02 8.871146595697493396e-04 1.789529914529914417e-02 0.000000000000000000e+00 2.890173410404624221e-02 0.000000000000000000e+00 5.736137667304015524e-03 0.000000000000000000e+00 1.040582726326743073e-03 0.000000000000000000e+00 2.361421824509072828e-03 0.000000000000000000e+00 0.000000000000000000e+00 0.000000000000000000e+00 5.441211260941565715e-03 0.000000000000000000e+00 0.000000000000000000e+00 0.000000000000000000e+00 5.034232782923882439e-03 0.000000000000000000e+00 1.377790024800220573e-04 5.780346820809248920e-04 0.000000000000000000e+00 0.000000000000000000e+00 0.000000000000000000e+00 0.000000000000000000e+00 0.000000000000000000e+00 0.000000000000000000e+00 0.000000000000000000e+00 1.044932079414838139e-03 4.115226337448559587e-04 0.000000000000000000e+00 0.000000000000000000e+00 0.000000000000000000e+00 2.134471718249733216e-04 0.000000000000000000e+00 0.000000000000000000e+00 0.000000000000000000e+00 0.000000000000000000e+00 0.000000000000000000e+00 0.000000000000000000e+00 0.000000000000000000e+00 0.000000000000000000e+00 0.000000000000000000e+00 0.000000000000000000e+00 0.000000000000000000e+00
1.173249902229174741e-03 2.796245600312866758e-02 4.497457958545170165e-03 4.497457958545170165e-02 0.000000000000000000e+00 3.910833007430582469e-04 8.017207665232693736e-03 1.603441533046539025e-01 1.955416503715291235e-04 2.933124755572937177e-03 1.955416503715291235e-04 0.000000000000000000e+00 3.089757454039857845e-04 1.557336004006009134e-01 0.000000000000000000e+00 1.443894389438943804e-03 0.000000000000000000e+00 1.115802171290711658e-01 2.380952380952381167e-03 1.975071907957813913e-02 0.000000000000000000e+00 0.000000000000000000e+00 9.735744089012517795e-04 1.566401816118047699e-02 0.000000000000000000e+00 0.000000000000000000e+00 0.000000000000000000e+00 3.040437823046518743e-04 0.000000000000000000e+00 9.314857582755965704e-02 1.771871539313399878e-03 7.789510126363164214e-03 1.685684647302904647e-03 1.423182441700960275e-02 0.000000000000000000e+00 0.000000000000000000e+00 0.000000000000000000e+00 5.095541401273884869e-04 0.000000000000000000e+00 0.000000000000000000e+00 0.000000000000000000e+00 0.000000000000000000e+00 0.000000000000000000e+00 0.000000000000000000e+00 0.000000000000000000e+00 1.612383102225088585e-04 0.000000000000000000e+00 1.000700490343240279e-04 0.000000000000000000e+00 6.961849067112224621e-05 0.000000000000000000e+00 2.483546504408295076e-04 0.000000000000000000e+00 0.000000000000000000e+00 0.000000000000000000e+00 0.000000000000000000e+00 0.000000000000000000e+00 8.369868473495417280e-03 0.000000000000000000e+00 7.390072669047912041e-04 0.000000000000000000e+00 3.410641200545702720e-03 0.000000000000000000e+00 1.381118881118881085e-02 0.000000000000000000e+00 3.417634996582364932e-03 0.000000000000000000e+00 1.592610288262462186e-04 0.000000000000000000e+00 7.372818874416319033e-04 0.000000000000000000e+00 3.038367709026391569e-02 0.000000000000000000e+00 9.704251386321626274e-03 0.000000000000000000e+00 0.000000000000000000e+00 1.470804530077952650e-04 7.016912558474271318e-03 0.000000000000000000e+00 2.906976744186046471e-03 0.000000000000000000e+00 1.754385964912280604e-02 0.000000000000000000e+00 0.000000000000000000e+00 0.000000000000000000e+00 1.121187139323990070e-02 0.000000000000000000e+00 1.160092807424593919e-03 0.000000000000000000e+00 4.771642808452624708e-03 0.000000000000000000e+00 0.000000000000000000e+00 0.000000000000000000e+00 0.000000000000000000e+00 0.000000000000000000e+00 8.547008547008547868e-03 0.000000000000000000e+00 0.000000000000000000e+00 0.000000000000000000e+00 0.000000000000000000e+00 0.000000000000000000e+00 0.000000000000000000e+00 0.000000000000000000e+00 0.000000000000000000e+00 0.000000000000000000e+00 0.000000000000000000e+00 0.000000000000000000e+00 0.000000000000000000e+00 0.000000000000000000e+00 0.000000000000000000e+00 0.000000000000000000e+00 0.000000000000000000e+00 0.000000000000000000e+00 0.000000000000000000e+00 0.000000000000000000e+00 0.000000000000000000e+00
2.394562026880889954e-02 0.000000000000000000e+00 6.890159122508883460e-02 3.244245326741850791e-03 3.707708944847829414e-03 0.000000000000000000e+00 2.759153406457592883e-01 1.544878727019929031e-03 2.997064730418661990e-02 1.544878727019928922e-04 1.381121581955816469e-01 3.089757454039857845e-04 0.000000000000000000e+00 8.763144717075613569e-04 1.766584766584766708e-01 0.000000000000000000e+00 7.633587786259541687e-03 0.000000000000000000e+00 3.933747412008281250e-03 2.876318312559923143e-04 0.000000000000000000e+00 0.000000000000000000e+00 4.381084840055633062e-02 2.270147559591373376e-03 1.558441558441558440e-03 1.164144353899883560e-03 0.000000000000000000e+00 0.000000000000000000e+00 1.073667711598746133e-01 0.000000000000000000e+00 5.315614617940199634e-03 5.885407651029946584e-03 1.296680497925311150e-03 6.001371742112483363e-04 3.408316291751874714e-04 0.000000000000000000e+00 1.260398285858331177e-03 0.000000000000000000e+00 0.000000000000000000e+00 0.000000000000000000e+00 0.000000000000000000e+00 0.000000000000000000e+00 0.000000000000000000e+00 0.000000000000000000e+00 2.564431337350942582e-04 0.000000000000000000e+00 0.000000000000000000e+00 0.000000000000000000e+00 1.288161793121215962e-04 0.000000000000000000e+00 1.025706776075389426e-03 0.000000000000000000e+00 2.148689299527288402e-04 0.000000000000000000e+00 2.975304968759297838e-04 0.000000000000000000e+00 2.755905511811023584e-03 0.000000000000000000e+00 4.042763453418381399e-03 0.000000000000000000e+00 8.991954566966399096e-03 0.000000000000000000e+00 7.719799857040743341e-03 0.000000000000000000e+00 5.257432922407542092e-03 0.000000000000000000e+00 1.409286456015427938e-03 0.000000000000000000e+00 1.767096660187312271e-03 0.000000000000000000e+00 2.492083161228142787e-02 2.217786648924373349e-04 3.018162393162393195e-02 2.310536044362292022e-04 2.890173410404624135e-03 0.000000000000000000e+00 2.882776878952787031e-02 0.000000000000000000e+00 0.000000000000000000e+00 0.000000000000000000e+00 4.225702212279393299e-03 0.000000000000000000e+00 0.000000000000000000e+00 0.000000000000000000e+00 5.835501932024288359e-03 0.000000000000000000e+00 0.000000000000000000e+00 0.000000000000000000e+00 3.020539669754329290e-03 0.000000000000000000e+00 2.755580049600441146e-04 1.156069364161849784e-03 2.132196162046908221e-04 0.000000000000000000e+00 3.267973856209150426e-03 0.000000000000000000e+00 1.138952164009111563e-03 0.000000000000000000e+00 7.507507507507507442e-04 0.000000000000000000e+00 0.000000000000000000e+00 0.000000000000000000e+00 1.276813074565883593e-04 0.000000000000000000e+00 0.000000000000000000e+00 1.533272002453235281e-04 0.000000000000000000e+00 0.000000000000000000e+00 0.000000000000000000e+00 0.000000000000000000e+00 0.000000000000000000e+00 0.000000000000000000e+00 0.000000000000000000e+00 0.000000000000000000e+00 0.000000000000000000e+00 0.000000000000000000e+00
