0.000000000000000000e+00 5.559406626923610317e-02 8.345513007892428614e-02 1.003739421373745291e-02 8.810572687224669988e-04 0.000000000000000000e+00 1.407377706495589464e-01 3.518873960332693628e-03 6.410256410256410034e-03 0.000000000000000000e+00 2.175054704595185961e-01 3.126954346466541586e-04 3.422756706753006528e-02 2.366303833412210060e-04 2.284408909194745891e-03 0.000000000000000000e+00 1.213114754098360698e-01 2.433747971876690230e-03 1.073464733669978882e-01 5.910987482614742800e-02 0.000000000000000000e+00 0.000000000000000000e+00 4.514672686230247929e-03 3.829950210647261504e-04 1.243781094527363160e-03 0.000000000000000000e+00 0.000000000000000000e+00 0.000000000000000000e+00 3.464097270016058827e-02 1.044204664114166403e-03 6.816990036706869517e-03 3.721622627465575217e-04 3.412437207690974944e-02 2.313917702040350910e-02 3.526093088857545780e-04 0.000000000000000000e+00 1.126760563380281716e-01 3.062266076896903895e-03 0.000000000000000000e+00 0.000000000000000000e+00 1.428571428571428527e-02 0.000000000000000000e+00 0.000000000000000000e+00 0.000000000000000000e+00 3.900156006240249745e-04 1.466920932961713231e-04 0.000000000000000000e+00 0.000000000000000000e+00 2.818224518553311218e-03 3.719315645921150715e-04 2.284142549629275196e-02 1.101321585903083748e-04 0.000000000000000000e+00 0.000000000000000000e+00 2.147766323024055159e-03 0.000000000000000000e+00 2.503176620076238978e-01 2.572729071838511863e-03 4.630225080385851760e-02 1.438848920863309384e-03 6.344763237695358327e-02 0.000000000000000000e+00 6.794317479925880525e-03 2.735978112175102561e-04 4.914586070959264114e-02 1.923446816695518330e-04 9.050823857043397563e-03 2.392344497607655572e-04 4.540389972144846797e-02 1.638095238095238146e-02 1.007593457943925241e-01 2.201673271686481817e-03 5.194805194805195148e-02 1.545595054095826862e-03 5.517241379310344751e-02 5.040322580645161150e-04 7.248459958932237934e-02 9.557945041816009188e-04 0.000000000000000000e+00 0.000000000000000000e+00 3.586206896551724123e-03 0.000000000000000000e+00 0.000000000000000000e+00 0.000000000000000000e+00 2.813852813852813980e-02 0.000000000000000000e+00 0.000000000000000000e+00 0.000000000000000000e+00 7.925724637681159923e-03 0.000000000000000000e+00 1.776772734614763365e-03 1.472754050073637674e-03 9.066183136899365336e-04 9.699321047526673250e-04 3.048780487804877981e-02 1.626016260162601798e-02 0.000000000000000000e+00 0.000000000000000000e+00 4.892367906066535932e-03 0.000000000000000000e+00 0.000000000000000000e+00 0.000000000000000000e+00 1.249305941143808970e-03 8.488964346349745210e-04 3.965392934390771229e-03 6.402048655569782080e-04 0.000000000000000000e+00 0.000000000000000000e+00 0.000000000000000000e+00 0.000000000000000000e+00 6.788866259334690829e-04 0.000000000000000000e+00 4.366812227074235581e-03 0.000000000000000000e+00 0.000000000000000000e+00 2.932551319648093839e-03
5.559406626923610317e-02 0.000000000000000000e+00 4.092370651856182436e-03 4.743160795119071016e-02 0.000000000000000000e+00 8.944543828264758540e-04 2.606255012028869250e-03 1.092450415866922653e-01 0.000000000000000000e+00 2.781641168289290551e-03 0.000000000000000000e+00 6.222639149468417452e-02 0.000000000000000000e+00 3.502129673450071062e-02 5.711022272986864727e-04 4.504504504504504465e-03 2.341920374707259951e-03 6.598161168199026538e-02 3.681381332464570694e-02 1.148817802503477037e-01 0.000000000000000000e+00 0.000000000000000000e+00 0.000000000000000000e+00 3.829950210647261504e-04 0.000000000000000000e+00 0.000000000000000000e+00 0.000000000000000000e+00 0.000000000000000000e+00 4.588208304657031243e-04 7.030978071702054244e-02 5.243838489774515013e-04 2.232973576479344805e-03 3.048674865754373922e-02 1.584406702382309268e-02 0.000000000000000000e+00 7.347538574577516021e-04 8.802816901408450903e-04 1.020755358965634574e-01 0.000000000000000000e+00 2.424242424242424240e-03 0.000000000000000000e+00 0.000000000000000000e+00 0.000000000000000000e+00 3.659875564230816191e-04 0.000000000000000000e+00 2.640457679331084141e-03 0.000000000000000000e+00 0.000000000000000000e+00 1.565680288085173079e-04 6.322836598065956215e-03 4.783544606553456367e-04 7.929515418502203206e-03 0.000000000000000000e+00 9.650646593321752977e-04 0.000000000000000000e+00 2.235136343316942401e-04 1.016518424396442143e-03 2.081931525826241913e-01 3.215434083601286246e-04 5.077081192189105557e-02 0.000000000000000000e+00 3.191954525579361601e-02 0.000000000000000000e+00 9.302325581395348708e-03 0.000000000000000000e+00 1.346412771686862804e-02 5.801810164771408667e-04 1.901913875598086265e-02 2.869080779944289603e-02 1.165714285714285758e-01 0.000000000000000000e+00 6.186701893439013750e-02 2.326032176778445627e-03 5.579598145285934868e-02 5.747126436781609116e-04 3.981854838709677352e-02 1.232032854209445675e-03 6.117084826762245880e-02 0.000000000000000000e+00 0.000000000000000000e+00 2.758620689655172527e-04 4.311893639956880693e-03 0.000000000000000000e+00 1.212121212121212120e-03 7.215007215007215001e-04 7.481612985036773834e-03 0.000000000000000000e+00 0.000000000000000000e+00 2.264492753623188433e-04 1.715265866209262410e-03 4.845743821676627358e-04 2.209131075110456512e-03 0.000000000000000000e+00 9.699321047526673250e-04 0.000000000000000000e+00 3.252032520325203596e-02 0.000000000000000000e+00 0.000000000000000000e+00 0.000000000000000000e+00 2.285714285714285886e-03 8.960573476702508953e-04 0.000000000000000000e+00 2.776235424764020234e-04 4.881154499151103658e-03 3.604902667627973845e-04 2.560819462227912832e-03 1.148105625717566044e-03 0.000000000000000000e+00 0.000000000000000000e+00 0.000000000000000000e+00 0.000000000000000000e+00 0.000000000000000000e+00 0.000000000000000000e+00 5.082592121982211150e-03 0.000000000000000000e+00 5.865102639296187678e-03
8.345513007892428614e-02 4.092370651856182436e-03 0.000000000000000000e+00 3.345798071245817927e-03 1.167400881057268774e-01 1.788908765652951708e-03 2.935044105854049956e-01 5.438259756877799125e-03 8.974358974358974395e-02 1.112656467315716220e-02 7.527352297592997121e-02 1.563477173233270793e-03 5.704594511255010880e-02 2.602934216753431066e-03 2.512849800114220350e-02 1.251251251251251327e-02 2.459016393442622905e-02 0.000000000000000000e+00 1.550741163055872340e-01 3.755215577190542438e-03 9.363295880149812836e-04 0.000000000000000000e+00 2.431151241534988683e-01 1.914975105323630860e-03 5.721393034825870971e-02 1.140250855188141427e-03 1.001767825574543386e-02 6.518904823989569563e-04 2.707042899747648390e-02 3.480682213713888191e-04 3.513371788148925146e-02 8.931894305917379220e-03 1.281829204919452542e-02 5.699304684828450547e-03 4.936530324400564308e-03 0.000000000000000000e+00 1.672535211267605487e-02 6.805035726437563609e-04 1.567398119122256992e-03 0.000000000000000000e+00 0.000000000000000000e+00 0.000000000000000000e+00 0.000000000000000000e+00 0.000000000000000000e+00 1.950078003120124873e-04 0.000000000000000000e+00 2.411963338157260101e-04 0.000000000000000000e+00 1.409112259276655609e-03 0.000000000000000000e+00 2.272183688112891856e-03 0.000000000000000000e+00 5.750431282346176029e-04 0.000000000000000000e+00 4.295532646048109884e-04 0.000000000000000000e+00 6.099110546378652860e-03 3.958044725905402491e-04 1.350482315112540126e-02 2.055498458376156263e-04 2.565896897597387278e-03 0.000000000000000000e+00 1.235330450895614661e-03 0.000000000000000000e+00 3.679369250985545323e-03 0.000000000000000000e+00 1.195172893942910222e-02 1.196172248803827786e-04 4.456824512534819129e-03 0.000000000000000000e+00 2.920560747663551379e-02 1.981505944517833462e-03 7.772824190734638206e-02 1.391035548686244110e-03 9.770114942528735497e-03 5.040322580645161150e-04 7.268993839835728721e-02 1.433691756272401432e-03 0.000000000000000000e+00 0.000000000000000000e+00 3.034482758620689509e-03 0.000000000000000000e+00 0.000000000000000000e+00 0.000000000000000000e+00 2.741702741702741700e-03 1.268069997463859967e-04 0.000000000000000000e+00 0.000000000000000000e+00 1.358695652173913006e-03 0.000000000000000000e+00 1.776772734614763365e-03 5.154639175257731860e-03 3.626473254759746351e-04 0.000000000000000000e+00 2.439024390243902524e-02 0.000000000000000000e+00 0.000000000000000000e+00 0.000000000000000000e+00 2.935420743639921559e-03 2.285714285714285886e-03 1.792114695340501791e-03 0.000000000000000000e+00 4.164353137146030079e-04 4.244482173174872605e-04 3.604902667627973845e-04 0.000000000000000000e+00 0.000000000000000000e+00 0.000000000000000000e+00 0.000000000000000000e+00 0.000000000000000000e+00 0.000000000000000000e+00 0.000000000000000000e+00 0.000000000000000000e+00 0.000000000000000000e+00 0.000000000000000000e+00 0.000000000000000000e+00
1.003739421373745291e-02 4.743160795119071016e-02 3.345798071245817927e-03 0.000000000000000000e+00 0.000000000000000000e+00 1.610017889087656667e-02 7.818765036086607750e-03 1.410748560460652612e-01 2.136752136752136967e-03 1.390820584144645405e-02 3.063457330415754985e-03 9.349593495934958864e-02 3.700277520814061229e-03 3.005205868433506733e-02 5.711022272986864727e-04 1.401401401401401389e-02 1.170960187353629976e-03 3.028664142779880983e-02 3.257859586251832338e-03 9.332406119610570094e-02 0.000000000000000000e+00 0.000000000000000000e+00 7.223476297968396860e-03 2.803523554193795286e-01 0.000000000000000000e+00 8.779931584948688639e-02 0.000000000000000000e+00 3.259452411994784998e-03 1.147052076164257811e-03 2.749738948833971297e-02 6.292606187729418016e-03 8.708596948269445304e-02 3.291183093712107995e-03 1.960560811580987217e-02 0.000000000000000000e+00 7.347538574577516021e-04 4.401408450704225451e-04 3.300442327322218594e-02 0.000000000000000000e+00 1.212121212121212120e-03 0.000000000000000000e+00 8.333333333333332871e-02 0.000000000000000000e+00 0.000000000000000000e+00 0.000000000000000000e+00 5.867683731846852924e-04 0.000000000000000000e+00 0.000000000000000000e+00 0.000000000000000000e+00 1.239771881973716905e-03 0.000000000000000000e+00 1.431718061674008792e-03 0.000000000000000000e+00 0.000000000000000000e+00 0.000000000000000000e+00 0.000000000000000000e+00 7.623888182973316075e-04 1.068672075994458667e-02 0.000000000000000000e+00 1.356628982528263090e-02 0.000000000000000000e+00 0.000000000000000000e+00 3.088326127239036652e-04 1.094391244870041024e-03 0.000000000000000000e+00 3.846893633391036660e-04 0.000000000000000000e+00 3.588516746411483330e-03 5.571030640668523911e-04 7.619047619047619258e-04 2.920560747663551184e-04 2.003522677234698471e-02 7.753440589261484340e-04 6.074188562596599672e-02 0.000000000000000000e+00 1.159274193548387108e-02 2.053388090349076052e-03 7.359617682198327238e-02 0.000000000000000000e+00 0.000000000000000000e+00 2.758620689655172527e-04 1.796622349982033694e-03 0.000000000000000000e+00 0.000000000000000000e+00 0.000000000000000000e+00 1.775297996449404008e-03 0.000000000000000000e+00 0.000000000000000000e+00 0.000000000000000000e+00 1.905850962454735920e-04 6.460991762235503144e-04 2.209131075110456512e-03 0.000000000000000000e+00 2.909796314258002083e-03 6.097560975609756309e-03 8.130081300813008990e-03 0.000000000000000000e+00 0.000000000000000000e+00 0.000000000000000000e+00 1.142857142857142943e-03 0.000000000000000000e+00 0.000000000000000000e+00 5.552470849528040467e-04 1.910016977928692726e-03 3.604902667627973845e-04 3.201024327784891040e-04 0.000000000000000000e+00 0.000000000000000000e+00 0.000000000000000000e+00 0.000000000000000000e+00 0.000000000000000000e+00 0.000000000000000000e+00 0.000000000000000000e+00 0.000000000000000000e+00 0.000000000000000000e+00 0.000000000000000000e+00
8.810572687224669988e-04 0.000000000000000000e+00 1.167400881057268774e-01 0.000000000000000000e+00 0.000000000000000000e+00 8.944543828264758540e-04 8.019246190858059231e-04 6.397952655150351657e-04 3.810541310541310511e-01 4.172461752433936043e-03 2.188183807439824866e-03 0.000000000000000000e+00 3.083564600678383996e-04 7.098911500236630180e-04 1.873215305539691622e-01 2.502502502502502481e-03 7.025761124121779853e-04 0.000000000000000000e+00 8.144648965629580845e-04 1.390820584144645438e-04 1.123595505617977497e-02 0.000000000000000000e+00 5.169300225733634152e-02 1.914975105323630860e-03 2.288557213930348389e-01 2.280501710376282853e-03 1.496758986446670714e-01 0.000000000000000000e+00 1.537049782060105445e-02 0.000000000000000000e+00 1.730466701625589868e-02 7.443245254931150435e-04 0.000000000000000000e+00 1.139860936965690202e-04 0.000000000000000000e+00 0.000000000000000000e+00 0.000000000000000000e+00 0.000000000000000000e+00 0.000000000000000000e+00 0.000000000000000000e+00 1.428571428571428527e-02 0.000000000000000000e+00 0.000000000000000000e+00 0.000000000000000000e+00 1.950078003120124873e-04 0.000000000000000000e+00 2.411963338157260101e-04 0.000000000000000000e+00 0.000000000000000000e+00 0.000000000000000000e+00 0.000000000000000000e+00 0.000000000000000000e+00 5.750431282346176029e-04 0.000000000000000000e+00 4.295532646048109884e-04 0.000000000000000000e+00 0.000000000000000000e+00 0.000000000000000000e+00 0.000000000000000000e+00 0.000000000000000000e+00 4.665267086540704684e-04 0.000000000000000000e+00 0.000000000000000000e+00 0.000000000000000000e+00 2.628120893561103648e-04 0.000000000000000000e+00 1.160362032954281788e-04 0.000000000000000000e+00 2.785515320334261955e-04 0.000000000000000000e+00 1.285046728971962586e-02 8.806693086745926618e-04 4.148090715254894312e-02 0.000000000000000000e+00 1.724137931034482735e-03 0.000000000000000000e+00 5.338809034907597562e-03 0.000000000000000000e+00 0.000000000000000000e+00 0.000000000000000000e+00 2.758620689655172527e-04 0.000000000000000000e+00 5.952380952380952051e-03 0.000000000000000000e+00 1.010101010101010100e-03 0.000000000000000000e+00 0.000000000000000000e+00 0.000000000000000000e+00 4.528985507246376867e-04 0.000000000000000000e+00 0.000000000000000000e+00 0.000000000000000000e+00 0.000000000000000000e+00 0.000000000000000000e+00 6.097560975609756309e-03 0.000000000000000000e+00 0.000000000000000000e+00 0.000000000000000000e+00 0.000000000000000000e+00 0.000000000000000000e+00 0.000000000000000000e+00 0.000000000000000000e+00 0.000000000000000000e+00 2.122241086587436302e-04 0.000000000000000000e+00 0.000000000000000000e+00 0.000000000000000000e+00 0.000000000000000000e+00 0.000000000000000000e+00 0.000000000000000000e+00 0.000000000000000000e+00 0.000000000000000000e+00 0.000000000000000000e+00 0.000000000000000000e+00 0.000000000000000000e+00 0.000000000000000000e+00
0.000000000000000000e+00 8.944543828264758540e-04 1.788908765652951708e-03 1.610017889087656667e-02 8.944543828264758540e-04 0.000000000000000000e+00 0.000000000000000000e+00 6.397952655150351657e-04 0.000000000000000000e+00 2.656467315716272704e-01 0.000000000000000000e+00 0.000000000000000000e+00 0.000000000000000000e+00 0.000000000000000000e+00 1.713306681896059310e-03 1.121121121121121111e-01 0.000000000000000000e+00 0.000000000000000000e+00 0.000000000000000000e+00 1.390820584144645438e-04 0.000000000000000000e+00 0.000000000000000000e+00 1.354401805869074465e-03 1.148985063194178473e-02 2.487562189054726321e-03 1.402508551881413990e-01 5.892751915144372283e-04 1.747066492829204565e-01 0.000000000000000000e+00 1.392272885485555277e-03 8.390141583639224021e-03 9.676218831410494589e-03 0.000000000000000000e+00 4.559443747862760806e-04 0.000000000000000000e+00 0.000000000000000000e+00 0.000000000000000000e+00 0.000000000000000000e+00 0.000000000000000000e+00 0.000000000000000000e+00 0.000000000000000000e+00 0.000000000000000000e+00 0.000000000000000000e+00 0.000000000000000000e+00 0.000000000000000000e+00 0.000000000000000000e+00 0.000000000000000000e+00 0.000000000000000000e+00 0.000000000000000000e+00 0.000000000000000000e+00 0.000000000000000000e+00 0.000000000000000000e+00 0.000000000000000000e+00 0.000000000000000000e+00 0.000000000000000000e+00 0.000000000000000000e+00 0.000000000000000000e+00 1.979022362952701246e-04 0.000000000000000000e+00 2.055498458376156263e-04 0.000000000000000000e+00 0.000000000000000000e+00 0.000000000000000000e+00 0.000000000000000000e+00 0.000000000000000000e+00 0.000000000000000000e+00 0.000000000000000000e+00 0.000000000000000000e+00 0.000000000000000000e+00 0.000000000000000000e+00 2.920560747663551184e-04 1.276970497578159419e-02 0.000000000000000000e+00 1.576506955177743585e-02 0.000000000000000000e+00 3.528225806451612805e-03 0.000000000000000000e+00 5.256869772998805541e-03 0.000000000000000000e+00 0.000000000000000000e+00 0.000000000000000000e+00 0.000000000000000000e+00 0.000000000000000000e+00 0.000000000000000000e+00 0.000000000000000000e+00 0.000000000000000000e+00 0.000000000000000000e+00 0.000000000000000000e+00 0.000000000000000000e+00 0.000000000000000000e+00 0.000000000000000000e+00 0.000000000000000000e+00 0.000000000000000000e+00 0.000000000000000000e+00 0.000000000000000000e+00 0.000000000000000000e+00 0.000000000000000000e+00 0.000000000000000000e+00 0.000000000000000000e+00 0.000000000000000000e+00 0.000000000000000000e+00 0.000000000000000000e+00 0.000000000000000000e+00 2.122241086587436302e-04 0.000000000000000000e+00 0.000000000000000000e+00 0.000000000000000000e+00 0.000000000000000000e+00 0.000000000000000000e+00 0.000000000000000000e+00 0.000000000000000000e+00 0.000000000000000000e+00 0.000000000000000000e+00 0.000000000000000000e+00 0.000000000000000000e+00 0.000000000000000000e+00
1.407377706495589464e-01 2.606255012028869250e-03 2.935044105854049956e-01 7.818765036086607750e-03 8.019246190858059231e-04 0.000000000000000000e+00 0.000000000000000000e+00 2.047344849648112530e-02 5.555555555555555247e-02 1.390820584144645275e-03 7.658643326039386856e-02 2.814258911819887427e-03 2.886216466234967637e-01 4.259346900141978108e-03 4.568817818389491782e-03 8.508508508508509302e-03 7.259953161592506282e-03 2.704164413196322538e-04 1.596351197263397997e-02 2.225312934631432701e-03 0.000000000000000000e+00 0.000000000000000000e+00 2.076749435665914065e-02 5.361930294906166322e-03 0.000000000000000000e+00 0.000000000000000000e+00 0.000000000000000000e+00 0.000000000000000000e+00 7.341133287451249989e-03 1.392272885485555277e-03 3.251179863660199482e-02 8.187569780424265586e-03 3.984063745019920250e-03 5.357346403738743636e-03 0.000000000000000000e+00 0.000000000000000000e+00 8.802816901408450903e-04 0.000000000000000000e+00 0.000000000000000000e+00 0.000000000000000000e+00 0.000000000000000000e+00 0.000000000000000000e+00 1.868460388639760900e-04 0.000000000000000000e+00 5.850234009360374618e-04 0.000000000000000000e+00 0.000000000000000000e+00 0.000000000000000000e+00 1.565680288085172971e-03 0.000000000000000000e+00 1.255680459220282277e-02 0.000000000000000000e+00 1.725129384703852700e-03 0.000000000000000000e+00 6.443298969072164826e-04 0.000000000000000000e+00 3.049555273189326430e-03 0.000000000000000000e+00 1.077170418006430895e-02 2.055498458376156263e-04 1.166316771635176122e-02 0.000000000000000000e+00 9.264978381717109412e-04 0.000000000000000000e+00 1.576872536136662145e-02 0.000000000000000000e+00 1.856579252726850860e-03 0.000000000000000000e+00 1.114206128133704782e-03 0.000000000000000000e+00 7.856308411214953102e-02 6.164685160722148741e-03 2.267881372358984335e-02 2.627511591962905686e-03 1.149425287356321823e-03 1.008064516129032230e-03 1.190965092402464058e-02 2.867383512544802865e-03 0.000000000000000000e+00 0.000000000000000000e+00 3.034482758620689509e-03 0.000000000000000000e+00 0.000000000000000000e+00 0.000000000000000000e+00 1.053391053391053434e-02 0.000000000000000000e+00 0.000000000000000000e+00 0.000000000000000000e+00 4.981884057971014065e-03 0.000000000000000000e+00 0.000000000000000000e+00 7.363770250368188372e-04 0.000000000000000000e+00 0.000000000000000000e+00 0.000000000000000000e+00 0.000000000000000000e+00 0.000000000000000000e+00 0.000000000000000000e+00 9.784735812133071864e-04 0.000000000000000000e+00 0.000000000000000000e+00 0.000000000000000000e+00 0.000000000000000000e+00 2.122241086587436302e-04 0.000000000000000000e+00 0.000000000000000000e+00 0.000000000000000000e+00 0.000000000000000000e+00 0.000000000000000000e+00 0.000000000000000000e+00 0.000000000000000000e+00 0.000000000000000000e+00 0.000000000000000000e+00 0.000000000000000000e+00 0.000000000000000000e+00 0.000000000000000000e+00
3.518873960332693628e-03 1.092450415866922653e-01 5.438259756877799125e-03 1.410748560460652612e-01 6.397952655150351657e-04 6.397952655150351657e-04 2.047344849648112530e-02 0.000000000000000000e+00 1.424501424501424572e-03 7.510431154381085050e-02 3.063457330415754985e-03 1.575984990619136994e-01 1.603453592352759721e-02 3.513961192617132134e-01 2.284408909194745891e-03 4.654654654654654528e-02 2.341920374707259951e-03 1.541373715521903755e-02 6.678612151816257052e-03 1.599443671766342251e-02 0.000000000000000000e+00 0.000000000000000000e+00 1.467268623024830729e-02 2.451168134814247362e-02 2.487562189054726321e-03 0.000000000000000000e+00 5.892751915144372283e-04 0.000000000000000000e+00 3.670566643725624995e-03 1.914375217542638521e-02 2.045097011012060942e-02 2.642352065500558345e-02 3.637623419366014122e-03 1.413427561837455812e-02 0.000000000000000000e+00 7.347538574577516021e-04 4.401408450704225451e-04 4.763525008506294851e-03 0.000000000000000000e+00 0.000000000000000000e+00 0.000000000000000000e+00 0.000000000000000000e+00 0.000000000000000000e+00 1.219958521410272019e-04 0.000000000000000000e+00 3.080533959219598165e-03 0.000000000000000000e+00 1.660302174995849193e-04 0.000000000000000000e+00 6.446813786263327906e-03 1.195886151638364092e-04 1.475770925110132109e-02 0.000000000000000000e+00 9.650646593321752977e-04 0.000000000000000000e+00 6.705409029950827474e-04 2.541296060991105358e-04 7.124480506629725027e-03 3.215434083601286246e-04 1.993833504624871467e-02 2.332633543270352342e-04 2.361171840839527622e-02 0.000000000000000000e+00 1.094391244870041024e-03 5.256241787122207295e-04 1.442585112521638756e-02 4.641448131817127150e-04 4.306220095693779649e-03 0.000000000000000000e+00 3.809523809523809629e-04 8.761682242990654094e-04 1.431087626596213025e-01 4.458228338825353902e-03 2.797527047913446821e-02 0.000000000000000000e+00 1.512096774193548345e-03 4.722792607802874833e-03 2.915173237753882970e-02 0.000000000000000000e+00 0.000000000000000000e+00 2.758620689655172527e-04 2.155946819978440347e-03 0.000000000000000000e+00 0.000000000000000000e+00 2.886002886002886000e-04 4.184630991630738407e-03 0.000000000000000000e+00 0.000000000000000000e+00 0.000000000000000000e+00 1.715265866209262410e-03 4.845743821676627358e-04 7.363770250368188372e-04 0.000000000000000000e+00 0.000000000000000000e+00 6.097560975609756309e-03 8.130081300813008990e-03 0.000000000000000000e+00 0.000000000000000000e+00 0.000000000000000000e+00 1.142857142857142943e-03 0.000000000000000000e+00 0.000000000000000000e+00 0.000000000000000000e+00 0.000000000000000000e+00 0.000000000000000000e+00 6.402048655569782080e-04 0.000000000000000000e+00 0.000000000000000000e+00 0.000000000000000000e+00 0.000000000000000000e+00 6.788866259334690829e-04 0.000000000000000000e+00 0.000000000000000000e+00 0.000000000000000000e+00 0.000000000000000000e+00 0.000000000000000000e+00
6.410256410256410034e-03 0.000000000000000000e+00 8.974358974358974395e-02 2.136752136752136967e-03 3.810541310541310511e-01 0.000000000000000000e+00 5.555555555555555247e-02 1.424501424501424572e-03 0.000000000000000000e+00 4.172461752433936043e-03 9.190371991247264088e-03 6.253908692933083172e-04 2.960222016651248983e-02 7.098911500236630180e-04 1.284980011422044432e-01 5.505505505505505458e-03 2.810304449648711941e-03 0.000000000000000000e+00 3.257859586251832338e-04 0.000000000000000000e+00 0.000000000000000000e+00 0.000000000000000000e+00 3.837471783295711130e-03 7.659900421294523008e-04 0.000000000000000000e+00 2.280501710376282853e-03 2.357100766057748913e-03 0.000000000000000000e+00 1.835283321862812497e-02 0.000000000000000000e+00 5.243838489774515013e-03 2.605135839225902489e-03 0.000000000000000000e+00 2.279721873931380403e-04 3.526093088857545780e-04 0.000000000000000000e+00 8.802816901408450903e-04 0.000000000000000000e+00 0.000000000000000000e+00 0.000000000000000000e+00 0.000000000000000000e+00 0.000000000000000000e+00 0.000000000000000000e+00 0.000000000000000000e+00 1.950078003120124873e-04 0.000000000000000000e+00 0.000000000000000000e+00 0.000000000000000000e+00 0.000000000000000000e+00 0.000000000000000000e+00 0.000000000000000000e+00 0.000000000000000000e+00 0.000000000000000000e+00 0.000000000000000000e+00 0.000000000000000000e+00 0.000000000000000000e+00 5.082592121982210717e-04 0.000000000000000000e+00 1.607717041800643123e-04 0.000000000000000000e+00 1.166316771635176035e-03 0.000000000000000000e+00 6.176652254478073303e-04 0.000000000000000000e+00 2.628120893561103648e-04 0.000000000000000000e+00 2.320724065908563575e-04 0.000000000000000000e+00 2.785515320334261955e-04 0.000000000000000000e+00 4.964953271028037067e-03 0.000000000000000000e+00 8.334948633456096614e-03 1.545595054095826970e-04 1.149425287356321823e-03 0.000000000000000000e+00 8.829568788501026069e-03 2.389486260454002297e-04 0.000000000000000000e+00 0.000000000000000000e+00 1.103448275862069011e-03 0.000000000000000000e+00 0.000000000000000000e+00 0.000000000000000000e+00 2.741702741702741700e-03 0.000000000000000000e+00 0.000000000000000000e+00 0.000000000000000000e+00 4.528985507246376867e-04 0.000000000000000000e+00 0.000000000000000000e+00 0.000000000000000000e+00 1.813236627379873176e-04 0.000000000000000000e+00 6.097560975609756309e-03 0.000000000000000000e+00 0.000000000000000000e+00 0.000000000000000000e+00 0.000000000000000000e+00 0.000000000000000000e+00 0.000000000000000000e+00 0.000000000000000000e+00 0.000000000000000000e+00 0.000000000000000000e+00 0.000000000000000000e+00 0.000000000000000000e+00 0.000000000000000000e+00 0.000000000000000000e+00 0.000000000000000000e+00 0.000000000000000000e+00 0.000000000000000000e+00 0.000000000000000000e+00 0.000000000000000000e+00 0.000000000000000000e+00 0.000000000000000000e+00 0.000000000000000000e+00
0.000000000000000000e+00 2.781641168289290551e-03 1.112656467315716220e-02 1.390820584144645405e-02 4.172461752433936043e-03 2.656467315716272704e-01 1.390820584144645275e-03 7.510431154381085050e-02 4.172461752433936043e-03 0.000000000000000000e+00 0.000000000000000000e+00 1.250781738586616634e-03 3.083564600678383996e-04 6.625650733554188168e-03 2.855511136493432255e-03 1.001001001001001062e-01 0.000000000000000000e+00 0.000000000000000000e+00 0.000000000000000000e+00 5.563282336578581752e-04 0.000000000000000000e+00 0.000000000000000000e+00 4.063205417607223396e-03 0.000000000000000000e+00 3.731343283582089481e-03 0.000000000000000000e+00 5.892751915144372283e-04 1.303780964797913913e-03 0.000000000000000000e+00 1.392272885485555277e-03 1.258521237545883603e-02 7.071082992184592533e-03 0.000000000000000000e+00 2.279721873931380403e-04 0.000000000000000000e+00 0.000000000000000000e+00 0.000000000000000000e+00 0.000000000000000000e+00 0.000000000000000000e+00 0.000000000000000000e+00 0.000000000000000000e+00 0.000000000000000000e+00 0.000000000000000000e+00 0.000000000000000000e+00 0.000000000000000000e+00 0.000000000000000000e+00 0.000000000000000000e+00 0.000000000000000000e+00 0.000000000000000000e+00 0.000000000000000000e+00 0.000000000000000000e+00 0.000000000000000000e+00 0.000000000000000000e+00 0.000000000000000000e+00 0.000000000000000000e+00 0.000000000000000000e+00 0.000000000000000000e+00 0.000000000000000000e+00 0.000000000000000000e+00 0.000000000000000000e+00 0.000000000000000000e+00 0.000000000000000000e+00 0.000000000000000000e+00 2.735978112175102561e-04 0.000000000000000000e+00 0.000000000000000000e+00 0.000000000000000000e+00 1.196172248803827786e-04 0.000000000000000000e+00 0.000000000000000000e+00 0.000000000000000000e+00 2.862175253192426449e-03 0.000000000000000000e+00 1.097372488408037035e-02 0.000000000000000000e+00 1.008064516129032230e-03 0.000000000000000000e+00 9.318996415770610178e-03 0.000000000000000000e+00 0.000000000000000000e+00 0.000000000000000000e+00 0.000000000000000000e+00 0.000000000000000000e+00 0.000000000000000000e+00 0.000000000000000000e+00 1.268069997463859967e-04 0.000000000000000000e+00 0.000000000000000000e+00 0.000000000000000000e+00 0.000000000000000000e+00 0.000000000000000000e+00 0.000000000000000000e+00 0.000000000000000000e+00 0.000000000000000000e+00 0.000000000000000000e+00 0.000000000000000000e+00 0.000000000000000000e+00 0.000000000000000000e+00 0.000000000000000000e+00 0.000000000000000000e+00 0.000000000000000000e+00 0.000000000000000000e+00 0.000000000000000000e+00 8.488964346349745210e-04 0.000000000000000000e+00 0.000000000000000000e+00 0.000000000000000000e+00 0.000000000000000000e+00 0.000000000000000000e+00 0.000000000000000000e+00 0.000000000000000000e+00 0.000000000000000000e+00 0.000000000000000000e+00 0.000000000000000000e+00 0.000000000000000000e+00 0.000000000000000000e+00
2.175054704595185961e-01 0.000000000000000000e+00 7.527352297592997121e-02 3.063457330415754985e-03 2.188183807439824866e-03 0.000000000000000000e+00 7.658643326039386856e-02 3.063457330415754985e-03 9.190371991247264088e-03 0.000000000000000000e+00 0.000000000000000000e+00 0.000000000000000000e+00 1.523280912735121839e-01 4.732607666824420120e-04 1.313535122786978898e-02 5.005005005005004962e-04 4.590163934426229331e-02 0.000000000000000000e+00 2.117608731063691171e-02 1.390820584144645438e-04 0.000000000000000000e+00 0.000000000000000000e+00 1.873589164785553068e-02 3.829950210647261504e-04 0.000000000000000000e+00 0.000000000000000000e+00 0.000000000000000000e+00 0.000000000000000000e+00 4.725854553796742658e-02 0.000000000000000000e+00 1.468274777136864204e-02 1.860811313732787554e-03 3.984063745019920250e-03 4.559443747862760806e-04 2.115655853314527685e-03 0.000000000000000000e+00 4.401408450704225451e-04 0.000000000000000000e+00 0.000000000000000000e+00 0.000000000000000000e+00 0.000000000000000000e+00 0.000000000000000000e+00 0.000000000000000000e+00 0.000000000000000000e+00 0.000000000000000000e+00 0.000000000000000000e+00 2.411963338157260101e-04 0.000000000000000000e+00 0.000000000000000000e+00 0.000000000000000000e+00 9.567089213106912734e-04 0.000000000000000000e+00 0.000000000000000000e+00 0.000000000000000000e+00 0.000000000000000000e+00 0.000000000000000000e+00 2.541296060991105358e-04 0.000000000000000000e+00 9.646302250803858195e-04 0.000000000000000000e+00 3.498950314905528540e-03 0.000000000000000000e+00 3.088326127239036652e-04 0.000000000000000000e+00 4.730617608409986782e-03 0.000000000000000000e+00 1.392434439545138037e-03 0.000000000000000000e+00 2.785515320334261955e-04 0.000000000000000000e+00 2.686915887850467241e-02 1.100836635843240909e-03 9.691800736576855696e-04 9.273570324574961820e-04 0.000000000000000000e+00 0.000000000000000000e+00 2.258726899383983484e-03 2.389486260454002297e-04 0.000000000000000000e+00 0.000000000000000000e+00 1.103448275862069011e-03 0.000000000000000000e+00 0.000000000000000000e+00 0.000000000000000000e+00 1.298701298701298700e-03 0.000000000000000000e+00 0.000000000000000000e+00 0.000000000000000000e+00 2.264492753623188433e-04 0.000000000000000000e+00 0.000000000000000000e+00 0.000000000000000000e+00 0.000000000000000000e+00 0.000000000000000000e+00 0.000000000000000000e+00 0.000000000000000000e+00 0.000000000000000000e+00 0.000000000000000000e+00 0.000000000000000000e+00 0.000000000000000000e+00 0.000000000000000000e+00 0.000000000000000000e+00 0.000000000000000000e+00 0.000000000000000000e+00 0.000000000000000000e+00 0.000000000000000000e+00 0.000000000000000000e+00 0.000000000000000000e+00 0.000000000000000000e+00 0.000000000000000000e+00 0.000000000000000000e+00 0.000000000000000000e+00 0.000000000000000000e+00 0.000000000000000000e+00 0.000000000000000000e+00 0.000000000000000000e+00
3.126954346466541586e-04 6.222639149468417452e-02 1.563477173233270793e-03 9.349593495934958864e-02 0.000000000000000000e+00 0.000000000000000000e+00 2.814258911819887427e-03 1.575984990619136994e-01 6.253908692933083172e-04 1.250781738586616634e-03 0.000000000000000000e+00 0.000000000000000000e+00 1.850138760407030614e-03 2.314245149077141517e-01 0.000000000000000000e+00 2.152152152152152220e-02 0.000000000000000000e+00 2.866414277988101750e-02 8.144648965629580845e-04 1.084840055632823284e-02 0.000000000000000000e+00 0.000000000000000000e+00 1.128668171557561982e-03 2.336269628494829637e-02 0.000000000000000000e+00 0.000000000000000000e+00 0.000000000000000000e+00 0.000000000000000000e+00 0.000000000000000000e+00 9.258614688478941646e-02 2.621919244887257507e-03 1.711946408634164654e-02 1.732201628269530638e-04 1.755385842927162723e-02 3.526093088857545780e-04 7.347538574577516021e-04 0.000000000000000000e+00 3.402517863218781804e-04 0.000000000000000000e+00 0.000000000000000000e+00 0.000000000000000000e+00 0.000000000000000000e+00 0.000000000000000000e+00 0.000000000000000000e+00 0.000000000000000000e+00 5.867683731846852924e-04 0.000000000000000000e+00 0.000000000000000000e+00 0.000000000000000000e+00 1.115794693776345214e-03 0.000000000000000000e+00 1.101321585903083803e-03 0.000000000000000000e+00 1.930129318664350379e-04 0.000000000000000000e+00 2.235136343316942401e-04 0.000000000000000000e+00 7.916089451810804983e-04 0.000000000000000000e+00 1.644398766700925010e-03 0.000000000000000000e+00 5.684302579798863019e-03 0.000000000000000000e+00 1.367989056087551281e-03 0.000000000000000000e+00 2.308136180034621888e-03 0.000000000000000000e+00 2.153110047846889825e-03 2.785515320334261955e-04 3.809523809523809629e-04 0.000000000000000000e+00 5.217965653896961681e-02 1.938360147315371085e-04 5.255023183925811373e-03 0.000000000000000000e+00 0.000000000000000000e+00 8.213552361396303774e-04 1.911589008363201838e-03 0.000000000000000000e+00 0.000000000000000000e+00 0.000000000000000000e+00 3.952569169960474041e-03 0.000000000000000000e+00 0.000000000000000000e+00 0.000000000000000000e+00 3.931016992137966251e-03 0.000000000000000000e+00 0.000000000000000000e+00 0.000000000000000000e+00 7.623403849818943681e-04 0.000000000000000000e+00 0.000000000000000000e+00 0.000000000000000000e+00 0.000000000000000000e+00 0.000000000000000000e+00 0.000000000000000000e+00 0.000000000000000000e+00 0.000000000000000000e+00 0.000000000000000000e+00 0.000000000000000000e+00 0.000000000000000000e+00 0.000000000000000000e+00 0.000000000000000000e+00 0.000000000000000000e+00 0.000000000000000000e+00 0.000000000000000000e+00 0.000000000000000000e+00 0.000000000000000000e+00 0.000000000000000000e+00 0.000000000000000000e+00 0.000000000000000000e+00 0.000000000000000000e+00 0.000000000000000000e+00 1.270648030495552788e-03 0.000000000000000000e+00 0.000000000000000000e+00
3.422756706753006528e-02 0.000000000000000000e+00 5.704594511255010880e-02 3.700277520814061229e-03 3.083564600678383996e-04 0.000000000000000000e+00 2.886216466234967637e-01 1.603453592352759721e-02 2.960222016651248983e-02 3.083564600678383996e-04 1.523280912735121839e-01 1.850138760407030614e-03 0.000000000000000000e+00 3.786086133459536096e-03 1.810394060536835992e-01 4.004004004004003969e-03 3.512880562060889927e-03 0.000000000000000000e+00 3.420752565564424280e-03 4.172461752433936043e-04 0.000000000000000000e+00 0.000000000000000000e+00 2.708803611738148931e-02 3.063960168517809203e-03 0.000000000000000000e+00 0.000000000000000000e+00 5.892751915144372283e-04 0.000000000000000000e+00 4.060564349621472585e-02 3.480682213713888191e-04 1.258521237545883603e-02 4.838109415705247295e-03 8.661008141347653188e-04 6.839165621794141480e-04 3.526093088857545780e-04 0.000000000000000000e+00 4.401408450704225451e-04 3.402517863218781804e-04 0.000000000000000000e+00 0.000000000000000000e+00 0.000000000000000000e+00 0.000000000000000000e+00 0.000000000000000000e+00 0.000000000000000000e+00 0.000000000000000000e+00 0.000000000000000000e+00 0.000000000000000000e+00 0.000000000000000000e+00 3.131360576170346159e-04 0.000000000000000000e+00 8.371203061468548371e-04 0.000000000000000000e+00 0.000000000000000000e+00 0.000000000000000000e+00 0.000000000000000000e+00 0.000000000000000000e+00 2.287166454891994931e-03 1.979022362952701246e-04 6.430868167202572492e-04 0.000000000000000000e+00 6.298110566829951025e-03 0.000000000000000000e+00 1.852995676343421882e-03 0.000000000000000000e+00 6.307490144546648754e-03 0.000000000000000000e+00 6.962172197725690183e-04 0.000000000000000000e+00 1.671309192200557065e-03 3.809523809523809629e-04 9.287383177570093795e-02 1.100836635843240909e-03 7.559604574529948072e-03 2.782071097372488221e-03 5.747126436781609116e-04 0.000000000000000000e+00 1.252566735112936418e-02 3.345280764635603487e-03 0.000000000000000000e+00 0.000000000000000000e+00 6.068965517241379018e-03 0.000000000000000000e+00 0.000000000000000000e+00 0.000000000000000000e+00 4.040404040404040401e-03 1.268069997463859967e-04 3.344481605351170509e-03 0.000000000000000000e+00 1.585144927536231985e-03 0.000000000000000000e+00 0.000000000000000000e+00 7.363770250368188372e-04 0.000000000000000000e+00 0.000000000000000000e+00 0.000000000000000000e+00 0.000000000000000000e+00 0.000000000000000000e+00 0.000000000000000000e+00 0.000000000000000000e+00 0.000000000000000000e+00 0.000000000000000000e+00 0.000000000000000000e+00 0.000000000000000000e+00 2.122241086587436302e-04 3.604902667627973845e-04 0.000000000000000000e+00 0.000000000000000000e+00 0.000000000000000000e+00 0.000000000000000000e+00 0.000000000000000000e+00 0.000000000000000000e+00 0.000000000000000000e+00 0.000000000000000000e+00 0.000000000000000000e+00 0.000000000000000000e+00 0.000000000000000000e+00
