0.000000000000000000e+00 2.537133110653116280e-02 5.866270895172629590e-02 8.015139708337970861e-03 3.921568627450980338e-03 0.000000000000000000e+00 1.188559067419781290e-01 1.019835329341317424e-02 4.621987454605480140e-03 0.000000000000000000e+00 3.207639569049950956e-01 9.070294784580499323e-04 6.147355733011902745e-02 2.650762094102054249e-04 3.173483779971791093e-03 0.000000000000000000e+00 9.775454897406117560e-02 2.895752895752895604e-03 6.126552335895919799e-02 4.382701697279702685e-02 0.000000000000000000e+00 0.000000000000000000e+00 2.639155470249520113e-03 2.219482120838471226e-03 0.000000000000000000e+00 0.000000000000000000e+00 0.000000000000000000e+00 0.000000000000000000e+00 3.475893000160179547e-02 1.614205004035512605e-04 9.673518742442563899e-04 1.996805111821086179e-04 5.136702568351284373e-03 1.637173468159383583e-02 0.000000000000000000e+00 4.290004290004290045e-04 4.859249329758712904e-02 3.875968992248061962e-04 0.000000000000000000e+00 0.000000000000000000e+00 4.705882352941176405e-02 0.000000000000000000e+00 0.000000000000000000e+00 0.000000000000000000e+00 3.331112591605596331e-04 2.877697841726618660e-04 2.536783358701166780e-04 0.000000000000000000e+00 8.800234672924610877e-04 9.987288905029961545e-04 6.967074952241824638e-03 5.813470641973258026e-04 6.854009595613434324e-04 0.000000000000000000e+00 1.704822211397954198e-03 0.000000000000000000e+00 3.445022771633051151e-01 3.385903947251180709e-03 3.453738910012674190e-02 2.137404580152671863e-03 5.319634703196347153e-02 2.437241043139166485e-04 1.422424097537652345e-02 6.396929473852550714e-04 6.078343088698784369e-02 7.027406886858749129e-04 3.541912632821723767e-03 1.120343572028755516e-03 7.602131438721136669e-02 1.983298538622129542e-02 1.034299388460515889e-01 1.291655902867476101e-04 3.751039068994180964e-02 2.849002849002848820e-04 2.380952380952381167e-03 0.000000000000000000e+00 4.935533065298765981e-02 2.128791910590739633e-03 1.834862385321101019e-03 0.000000000000000000e+00 4.043671653861706516e-03 0.000000000000000000e+00 0.000000000000000000e+00 0.000000000000000000e+00 2.349454203715752032e-02 0.000000000000000000e+00 0.000000000000000000e+00 0.000000000000000000e+00 2.587446094873023517e-02 0.000000000000000000e+00 6.498781478472785830e-04 4.730368968779564802e-04 5.176876617773943506e-04 3.553660270078180458e-04 2.539062500000000000e-02 1.047120418848167603e-02 1.232285890326555817e-03 0.000000000000000000e+00 2.970297029702970333e-03 0.000000000000000000e+00 1.398601398601398600e-03 0.000000000000000000e+00 4.894762604013705790e-04 5.279831045406546599e-04 2.891844997108154909e-03 0.000000000000000000e+00 0.000000000000000000e+00 0.000000000000000000e+00 0.000000000000000000e+00 0.000000000000000000e+00 0.000000000000000000e+00 0.000000000000000000e+00 4.098360655737705131e-03 0.000000000000000000e+00 0.000000000000000000e+00 0.000000000000000000e+00
2.537133110653116280e-02 0.000000000000000000e+00 4.061865333541633989e-03 9.005900033396414817e-02 0.000000000000000000e+00 9.171507184347293907e-04 1.562312222088691350e-03 1.805763473053892121e-01 0.000000000000000000e+00 6.631299734748010918e-03 1.224289911851126440e-03 1.408163265306122403e-01 0.000000000000000000e+00 2.412193505632869578e-02 0.000000000000000000e+00 1.249739637575505123e-03 2.129307007355787842e-03 7.770270270270270008e-02 2.602010644589000665e-02 1.248546849569867473e-01 0.000000000000000000e+00 0.000000000000000000e+00 2.399232245681381871e-04 7.398273736128237058e-04 0.000000000000000000e+00 0.000000000000000000e+00 0.000000000000000000e+00 0.000000000000000000e+00 9.610764055742431877e-04 2.808716707021791797e-02 4.836759371221281949e-04 1.996805111821086179e-04 1.077050538525269226e-02 1.396412664018297813e-02 0.000000000000000000e+00 4.290004290004290045e-04 1.675603217158176976e-03 8.042635658914729091e-02 0.000000000000000000e+00 4.608294930875576033e-04 0.000000000000000000e+00 0.000000000000000000e+00 0.000000000000000000e+00 2.077274615704196063e-04 0.000000000000000000e+00 2.110311750599520170e-03 0.000000000000000000e+00 1.280901754835404068e-04 0.000000000000000000e+00 9.442527692028327910e-03 1.123721766490616986e-04 2.748941117847355023e-02 0.000000000000000000e+00 1.030042918454935697e-03 2.435460301997077542e-04 2.313667162452487380e-03 8.349598785512904464e-03 2.641005078855920840e-01 4.224757076468103000e-04 3.430025445292620573e-02 1.141552511415525078e-04 4.313916646356324297e-02 0.000000000000000000e+00 2.302894610586918300e-02 2.251238180999549736e-04 1.405481377371749739e-02 2.213695395513577517e-03 2.334049108393240497e-03 6.767317939609236721e-02 1.661795407098121125e-01 1.329433661260303115e-03 4.159132007233273115e-02 4.156275976724854606e-04 4.064577397910731221e-02 0.000000000000000000e+00 0.000000000000000000e+00 3.465964231249133321e-03 7.969664715274081546e-02 0.000000000000000000e+00 2.427184466019417265e-03 0.000000000000000000e+00 7.417802726543704789e-03 0.000000000000000000e+00 0.000000000000000000e+00 4.337453914552157649e-04 2.943237561317449055e-02 0.000000000000000000e+00 0.000000000000000000e+00 1.597188947452483692e-04 2.074927953890489882e-02 1.624695369618196457e-04 6.622516556291390723e-03 0.000000000000000000e+00 4.619758351101634596e-03 1.171875000000000000e-02 1.518324607329842868e-01 0.000000000000000000e+00 0.000000000000000000e+00 0.000000000000000000e+00 5.385996409335727306e-03 0.000000000000000000e+00 0.000000000000000000e+00 0.000000000000000000e+00 5.631819781766983328e-03 5.783689994216309601e-04 5.564830272676683526e-04 0.000000000000000000e+00 1.555209953343701396e-03 7.894736842105262720e-02 0.000000000000000000e+00 2.162162162162162195e-03 0.000000000000000000e+00 0.000000000000000000e+00 2.229654403567447006e-03 3.086419753086419582e-03 4.081632653061224858e-03
5.866270895172629590e-02 4.061865333541633989e-03 0.000000000000000000e+00 7.792496938661916742e-03 1.159958720330237364e-01 6.420055029043106494e-03 3.288066338180506976e-01 1.918038922155688650e-02 6.338725652030373359e-02 7.294429708222811837e-03 4.260528893241919551e-02 4.535147392290249553e-03 1.331927075485912215e-01 1.272365805168986126e-02 2.891396332863187604e-02 4.165798791918350411e-03 2.013162988772744869e-02 2.091377091377091390e-03 7.735068007096392029e-02 7.207626133457335424e-03 1.614205004035512443e-03 0.000000000000000000e+00 2.657149712092130578e-01 9.124537607891492624e-03 1.932139491046182961e-02 1.078582434514637964e-02 1.186492242166108969e-02 3.003003003003002869e-04 3.652090341182123723e-02 3.712671509281678748e-03 2.007255139056831825e-02 1.677316293929712390e-02 7.290803645401822478e-03 1.131575779463103379e-02 1.612383102225088639e-03 0.000000000000000000e+00 2.178284182305630090e-02 1.937984496124030981e-04 1.239157372986369283e-03 0.000000000000000000e+00 0.000000000000000000e+00 0.000000000000000000e+00 2.958142286643987602e-04 0.000000000000000000e+00 9.993337774816788994e-04 1.918465227817745683e-04 0.000000000000000000e+00 0.000000000000000000e+00 1.760046934584922175e-03 9.079353550027237645e-05 4.382514889313405583e-03 1.660991611992359358e-04 0.000000000000000000e+00 0.000000000000000000e+00 4.870920603994155084e-04 0.000000000000000000e+00 4.120581218824550390e-03 1.782054709079568808e-04 1.594845796366708979e-02 6.106870229007633740e-04 7.990867579908676223e-04 0.000000000000000000e+00 8.367200573750895954e-04 3.198464736926275357e-04 1.800990544799639789e-03 1.405481377371749880e-04 2.021841794569067402e-02 5.601717860143777582e-04 1.207815275310834824e-02 2.087682672233820576e-04 4.413719755384206550e-02 1.808318264014466487e-03 9.808811305070656850e-02 4.653371320037986460e-03 1.250000000000000069e-02 0.000000000000000000e+00 1.301816165257174418e-01 3.459286854709951904e-03 0.000000000000000000e+00 0.000000000000000000e+00 1.112009704811969162e-03 0.000000000000000000e+00 0.000000000000000000e+00 0.000000000000000000e+00 3.542254030217595676e-03 0.000000000000000000e+00 1.057082452431289685e-03 0.000000000000000000e+00 6.069318000319437814e-03 1.440922190201729175e-04 3.249390739236392915e-04 2.365184484389782401e-03 1.725625539257980988e-04 3.553660270078180458e-04 3.320312500000000000e-02 1.570680628272251231e-02 0.000000000000000000e+00 0.000000000000000000e+00 0.000000000000000000e+00 8.976660682226212176e-04 1.398601398601398600e-03 0.000000000000000000e+00 1.713166911404796810e-03 1.055966209081309320e-03 5.783689994216309601e-04 5.564830272676683526e-04 0.000000000000000000e+00 0.000000000000000000e+00 0.000000000000000000e+00 0.000000000000000000e+00 0.000000000000000000e+00 0.000000000000000000e+00 0.000000000000000000e+00 0.000000000000000000e+00 0.000000000000000000e+00 0.000000000000000000e+00
8.015139708337970861e-03 9.005900033396414817e-02 7.792496938661916742e-03 0.000000000000000000e+00 1.031991744066047389e-03 2.873738917762152373e-02 9.854584785482513667e-03 1.955464071856287400e-01 1.650709805216243062e-03 1.724137931034482735e-02 7.100881488736532875e-03 3.628117913832199642e-02 8.738888051830645889e-03 4.585818422796553856e-02 7.052186177715091559e-04 3.311810039575088793e-02 3.677893921796360818e-03 3.137065637065637042e-02 1.194559432288586596e-02 8.102766798418972738e-02 0.000000000000000000e+00 0.000000000000000000e+00 1.247600767754318551e-02 1.477188655980271326e-01 0.000000000000000000e+00 1.746276322547508919e-02 0.000000000000000000e+00 9.009009009009009148e-04 2.883229216722729346e-03 3.551251008878127807e-02 1.523579201934703760e-02 6.250000000000000000e-02 8.947804473902237071e-03 1.251956181533646351e-02 0.000000000000000000e+00 1.287001287001286959e-03 0.000000000000000000e+00 1.531007751937984475e-02 0.000000000000000000e+00 4.608294930875576033e-04 0.000000000000000000e+00 0.000000000000000000e+00 0.000000000000000000e+00 2.077274615704196063e-04 0.000000000000000000e+00 1.630695443645083925e-03 0.000000000000000000e+00 1.280901754835404068e-04 0.000000000000000000e+00 7.081895769021245499e-03 2.247443532981233973e-04 4.899925255377459918e-03 0.000000000000000000e+00 3.433476394849785656e-04 2.435460301997077542e-04 6.610477607007106491e-04 9.759271307742355388e-04 9.801300899937628527e-03 2.112378538234051500e-04 1.974554707379135021e-02 0.000000000000000000e+00 9.748964172556665942e-04 1.195314367678699499e-04 4.797697105389413306e-04 2.251238180999549736e-04 1.827125790583274817e-03 4.427390791027154709e-04 5.321631967136588974e-03 1.776198934280639498e-03 2.505219206680584475e-03 1.329433661260303115e-03 2.828726427279772832e-02 2.909393183707398387e-03 7.578347578347578717e-02 0.000000000000000000e+00 3.398470688190314420e-03 3.604602800499099018e-03 8.275678552421500411e-02 0.000000000000000000e+00 1.213592233009708633e-03 0.000000000000000000e+00 8.019246190858059231e-04 0.000000000000000000e+00 0.000000000000000000e+00 7.229089857586929867e-05 6.006607267994794721e-04 0.000000000000000000e+00 0.000000000000000000e+00 1.597188947452483692e-04 7.204610951008645061e-04 1.624695369618196457e-04 6.149479659413434676e-03 0.000000000000000000e+00 1.066098081023454137e-03 1.953125000000000000e-03 5.235602094240837667e-02 0.000000000000000000e+00 0.000000000000000000e+00 0.000000000000000000e+00 1.795332136445242435e-03 0.000000000000000000e+00 1.179245283018867880e-03 2.447381302006852895e-04 3.519887363604364688e-03 0.000000000000000000e+00 5.564830272676683526e-04 0.000000000000000000e+00 0.000000000000000000e+00 0.000000000000000000e+00 0.000000000000000000e+00 0.000000000000000000e+00 0.000000000000000000e+00 0.000000000000000000e+00 0.000000000000000000e+00 9.259259259259258745e-03 0.000000000000000000e+00
3.921568627450980338e-03 0.000000000000000000e+00 1.159958720330237364e-01 1.031991744066047389e-03 0.000000000000000000e+00 2.751452155304188497e-03 1.201778632375916436e-02 1.871257485029940233e-04 3.945196434466820556e-01 1.326259946949602054e-03 1.224289911851126440e-03 0.000000000000000000e+00 5.424137411481091270e-03 0.000000000000000000e+00 2.348377997179125487e-01 2.082899395959175205e-04 1.935733643050716220e-04 0.000000000000000000e+00 1.655824955647545874e-03 0.000000000000000000e+00 1.856335754640839331e-02 0.000000000000000000e+00 2.435220729366602624e-02 2.219482120838471226e-03 1.291234684260131882e-01 9.758602978941962117e-03 3.014907210222086964e-01 9.009009009009009148e-04 3.844305622296972751e-03 0.000000000000000000e+00 2.515114873035066353e-02 2.795527156549520650e-03 9.942004971002485394e-04 1.203804020705429121e-04 6.449532408900354339e-04 0.000000000000000000e+00 0.000000000000000000e+00 0.000000000000000000e+00 0.000000000000000000e+00 4.608294930875576033e-04 0.000000000000000000e+00 0.000000000000000000e+00 0.000000000000000000e+00 0.000000000000000000e+00 0.000000000000000000e+00 0.000000000000000000e+00 2.536783358701166780e-04 0.000000000000000000e+00 1.466705778820768570e-04 0.000000000000000000e+00 1.123721766490616986e-04 0.000000000000000000e+00 0.000000000000000000e+00 0.000000000000000000e+00 0.000000000000000000e+00 0.000000000000000000e+00 2.168726957276078825e-04 8.910273545397844042e-05 0.000000000000000000e+00 0.000000000000000000e+00 2.283105022831050156e-04 0.000000000000000000e+00 1.195314367678699499e-04 0.000000000000000000e+00 6.753714542998648937e-04 0.000000000000000000e+00 3.689492325855962167e-04 9.336196433572962637e-05 0.000000000000000000e+00 0.000000000000000000e+00 1.409199680935921233e-02 6.458279514337380775e-04 3.875727348295927160e-02 0.000000000000000000e+00 4.166666666666666609e-03 0.000000000000000000e+00 3.327325661999168058e-03 2.660989888238424542e-04 0.000000000000000000e+00 0.000000000000000000e+00 2.021835826930853096e-04 0.000000000000000000e+00 0.000000000000000000e+00 0.000000000000000000e+00 7.951998843345622989e-04 0.000000000000000000e+00 0.000000000000000000e+00 0.000000000000000000e+00 7.985944737262418462e-04 0.000000000000000000e+00 0.000000000000000000e+00 0.000000000000000000e+00 0.000000000000000000e+00 0.000000000000000000e+00 1.953125000000000000e-03 0.000000000000000000e+00 0.000000000000000000e+00 0.000000000000000000e+00 0.000000000000000000e+00 0.000000000000000000e+00 0.000000000000000000e+00 0.000000000000000000e+00 0.000000000000000000e+00 0.000000000000000000e+00 0.000000000000000000e+00 0.000000000000000000e+00 0.000000000000000000e+00 0.000000000000000000e+00 0.000000000000000000e+00 0.000000000000000000e+00 0.000000000000000000e+00 0.000000000000000000e+00 0.000000000000000000e+00 0.000000000000000000e+00 0.000000000000000000e+00 0.000000000000000000e+00
0.000000000000000000e+00 9.171507184347293907e-04 6.420055029043106494e-03 2.873738917762152373e-02 2.751452155304188497e-03 0.000000000000000000e+00 1.081600769138324697e-03 1.777694610778443032e-03 4.291845493562231745e-03 1.604774535809018465e-01 0.000000000000000000e+00 1.360544217687074736e-03 1.657375320174777743e-03 6.626905235255135893e-04 1.410437235543018312e-03 1.795459279316808932e-01 0.000000000000000000e+00 0.000000000000000000e+00 0.000000000000000000e+00 5.812601720530109458e-04 4.035512510088780889e-03 2.526132404181184732e-02 7.557581573896353030e-03 3.600493218249075505e-02 4.712535344015079779e-03 6.779661016949152519e-02 3.042287800425920170e-04 1.975975975975975962e-01 1.601794009290405222e-04 1.162227602905568924e-02 5.804111245465538339e-03 2.136581469648562298e-02 0.000000000000000000e+00 1.203804020705429067e-03 0.000000000000000000e+00 4.290004290004290045e-04 0.000000000000000000e+00 0.000000000000000000e+00 0.000000000000000000e+00 4.608294930875576033e-04 0.000000000000000000e+00 0.000000000000000000e+00 0.000000000000000000e+00 1.038637307852098031e-04 0.000000000000000000e+00 0.000000000000000000e+00 0.000000000000000000e+00 0.000000000000000000e+00 0.000000000000000000e+00 9.079353550027237645e-05 0.000000000000000000e+00 0.000000000000000000e+00 0.000000000000000000e+00 0.000000000000000000e+00 0.000000000000000000e+00 0.000000000000000000e+00 0.000000000000000000e+00 1.782054709079568808e-04 0.000000000000000000e+00 1.017811704834605533e-04 0.000000000000000000e+00 0.000000000000000000e+00 0.000000000000000000e+00 1.599232368463137678e-04 0.000000000000000000e+00 1.405481377371749880e-04 1.475796930342384813e-04 2.800858930071888791e-04 0.000000000000000000e+00 0.000000000000000000e+00 6.647168306301515575e-04 2.402479979333505683e-02 4.156275976724854606e-04 4.425451092117758944e-02 0.000000000000000000e+00 2.548853016142735815e-03 4.159157077498960072e-04 2.660989888238424542e-03 0.000000000000000000e+00 0.000000000000000000e+00 0.000000000000000000e+00 4.009623095429029616e-04 0.000000000000000000e+00 0.000000000000000000e+00 0.000000000000000000e+00 3.003303633997397360e-04 0.000000000000000000e+00 0.000000000000000000e+00 0.000000000000000000e+00 2.881844380403458350e-04 0.000000000000000000e+00 4.730368968779564802e-04 0.000000000000000000e+00 0.000000000000000000e+00 0.000000000000000000e+00 5.235602094240838014e-03 0.000000000000000000e+00 0.000000000000000000e+00 0.000000000000000000e+00 0.000000000000000000e+00 0.000000000000000000e+00 0.000000000000000000e+00 0.000000000000000000e+00 0.000000000000000000e+00 0.000000000000000000e+00 0.000000000000000000e+00 0.000000000000000000e+00 0.000000000000000000e+00 0.000000000000000000e+00 0.000000000000000000e+00 0.000000000000000000e+00 0.000000000000000000e+00 0.000000000000000000e+00 0.000000000000000000e+00 0.000000000000000000e+00 0.000000000000000000e+00
1.188559067419781290e-01 1.562312222088691350e-03 3.288066338180506976e-01 9.854584785482513667e-03 1.201778632375916436e-02 1.081600769138324697e-03 0.000000000000000000e+00 2.722679640718562999e-02 5.315285572796302205e-02 9.946949602122015510e-03 2.668952007835455331e-02 7.029478458049886677e-03 1.679975892722615771e-01 1.139827700463883452e-02 1.057827926657263669e-02 6.248698187877525616e-04 2.516453735965931086e-03 2.413127413127413076e-03 2.495564754583087103e-02 6.626365961404324587e-03 0.000000000000000000e+00 0.000000000000000000e+00 2.255278310940499187e-02 1.701602959309494317e-02 4.712535344015079996e-04 3.595274781715459590e-03 3.042287800425920170e-04 3.003003003003002869e-04 4.965561428800256000e-03 2.259887005649717593e-03 9.915356711003627671e-03 1.817092651757188509e-02 4.308202154101077076e-03 1.384374623811243481e-02 3.224766204450177170e-04 0.000000000000000000e+00 5.697050938337801934e-03 1.937984496124030981e-04 0.000000000000000000e+00 0.000000000000000000e+00 1.176470588235294101e-02 0.000000000000000000e+00 0.000000000000000000e+00 0.000000000000000000e+00 3.331112591605596331e-04 0.000000000000000000e+00 0.000000000000000000e+00 0.000000000000000000e+00 0.000000000000000000e+00 1.815870710005447529e-04 4.494887065962467946e-04 8.304958059961796792e-05 0.000000000000000000e+00 0.000000000000000000e+00 0.000000000000000000e+00 1.652619401751776623e-04 6.614617219692041188e-03 0.000000000000000000e+00 2.640473172792564497e-03 3.053435114503816870e-04 3.424657534246575152e-03 0.000000000000000000e+00 4.422663160411188094e-03 0.000000000000000000e+00 7.879333633498424375e-03 0.000000000000000000e+00 2.804014167650531117e-03 2.800858930071888791e-04 3.730017761989342685e-03 2.087682672233820576e-04 9.226269609146503514e-02 7.749935417204857147e-04 1.548212801330008277e-02 5.413105413105413245e-03 5.952380952380952918e-04 8.496176720475786051e-04 3.396644946624150646e-02 3.459286854709951904e-03 0.000000000000000000e+00 0.000000000000000000e+00 2.830570157703194388e-03 0.000000000000000000e+00 0.000000000000000000e+00 0.000000000000000000e+00 8.241162437649100780e-03 1.001101211332465696e-04 1.057082452431289685e-03 0.000000000000000000e+00 7.826225842517169767e-03 0.000000000000000000e+00 4.874086108854589643e-04 9.460737937559129604e-04 0.000000000000000000e+00 3.553660270078180458e-04 3.906250000000000000e-03 0.000000000000000000e+00 0.000000000000000000e+00 0.000000000000000000e+00 0.000000000000000000e+00 0.000000000000000000e+00 0.000000000000000000e+00 1.179245283018867880e-03 4.894762604013705790e-04 5.279831045406546599e-04 0.000000000000000000e+00 0.000000000000000000e+00 0.000000000000000000e+00 0.000000000000000000e+00 0.000000000000000000e+00 0.000000000000000000e+00 0.000000000000000000e+00 0.000000000000000000e+00 0.000000000000000000e+00 0.000000000000000000e+00 0.000000000000000000e+00 0.000000000000000000e+00
1.019835329341317424e-02 1.805763473053892121e-01 1.918038922155688650e-02 1.955464071856287400e-01 1.871257485029940233e-04 1.777694610778443032e-03 2.722679640718562999e-02 0.000000000000000000e+00 1.320567844172994450e-03 5.371352785145888653e-02 1.346718903036239062e-02 7.437641723356008816e-02 1.054693385565767631e-02 2.306163021868787300e-01 7.052186177715091559e-04 1.916267444282441015e-02 8.904374758033295478e-03 2.654440154440154340e-02 3.619160260201064599e-02 1.127644733782841129e-02 0.000000000000000000e+00 0.000000000000000000e+00 2.603166986564299512e-02 2.564734895191122035e-02 0.000000000000000000e+00 5.136106831022085439e-04 0.000000000000000000e+00 0.000000000000000000e+00 4.485023226013134731e-03 2.889426957223567224e-02 2.370012091898427917e-02 1.158146964856229984e-02 1.557580778790389371e-02 7.463584928373660603e-03 0.000000000000000000e+00 2.145002145002144860e-03 1.005361930294906185e-03 4.263565891472868158e-03 0.000000000000000000e+00 4.608294930875576033e-04 0.000000000000000000e+00 0.000000000000000000e+00 0.000000000000000000e+00 2.077274615704196063e-04 0.000000000000000000e+00 1.055155875299760085e-03 0.000000000000000000e+00 1.280901754835404068e-04 0.000000000000000000e+00 4.539676775013618687e-03 0.000000000000000000e+00 1.337098247653849270e-02 0.000000000000000000e+00 6.866952789699571312e-04 0.000000000000000000e+00 2.148405222277309339e-03 2.168726957276078825e-04 6.860910629956339275e-03 2.112378538234051500e-04 3.765903307888040716e-03 1.141552511415525078e-04 8.774067755300998805e-03 0.000000000000000000e+00 4.317927394850471813e-03 0.000000000000000000e+00 9.557273366127898642e-03 5.903187721369539251e-04 1.960601251050322208e-03 1.776198934280639335e-04 0.000000000000000000e+00 7.976601967561818256e-04 7.439938000516661820e-02 3.117206982543641036e-03 4.833808167141500495e-02 5.952380952380952918e-04 8.496176720475786051e-04 8.734229862747817236e-03 3.392762107503991681e-02 0.000000000000000000e+00 2.427184466019417265e-03 0.000000000000000000e+00 6.816359262229350346e-03 0.000000000000000000e+00 0.000000000000000000e+00 7.229089857586929867e-05 1.111222344579036909e-02 0.000000000000000000e+00 0.000000000000000000e+00 1.597188947452483692e-04 7.780979827089337490e-03 0.000000000000000000e+00 9.460737937559129604e-04 0.000000000000000000e+00 0.000000000000000000e+00 1.953125000000000000e-03 2.094240837696335206e-02 0.000000000000000000e+00 0.000000000000000000e+00 0.000000000000000000e+00 0.000000000000000000e+00 1.398601398601398600e-03 1.179245283018867880e-03 2.447381302006852895e-04 1.231960577261527684e-03 0.000000000000000000e+00 0.000000000000000000e+00 0.000000000000000000e+00 0.000000000000000000e+00 0.000000000000000000e+00 0.000000000000000000e+00 1.081081081081081098e-03 0.000000000000000000e+00 0.000000000000000000e+00 0.000000000000000000e+00 0.000000000000000000e+00 0.000000000000000000e+00
4.621987454605480140e-03 0.000000000000000000e+00 6.338725652030373359e-02 1.650709805216243062e-03 3.945196434466820556e-01 4.291845493562231745e-03 5.315285572796302205e-02 1.320567844172994450e-03 0.000000000000000000e+00 1.326259946949602054e-03 7.345739471106757772e-04 0.000000000000000000e+00 7.352719602229923490e-02 0.000000000000000000e+00 2.136812411847672788e-01 0.000000000000000000e+00 1.935733643050716220e-04 0.000000000000000000e+00 4.730928444707273848e-04 0.000000000000000000e+00 0.000000000000000000e+00 0.000000000000000000e+00 2.999040307101727421e-03 9.864364981504315354e-04 3.298774740810556105e-03 2.568053415511042503e-03 3.650745360511104421e-03 3.003003003003002869e-04 2.562870414864648356e-03 0.000000000000000000e+00 1.209189842805320379e-03 1.597444089456868943e-03 1.657000828500414323e-04 0.000000000000000000e+00 0.000000000000000000e+00 0.000000000000000000e+00 0.000000000000000000e+00 0.000000000000000000e+00 0.000000000000000000e+00 0.000000000000000000e+00 0.000000000000000000e+00 0.000000000000000000e+00 0.000000000000000000e+00 0.000000000000000000e+00 0.000000000000000000e+00 0.000000000000000000e+00 0.000000000000000000e+00 0.000000000000000000e+00 0.000000000000000000e+00 0.000000000000000000e+00 0.000000000000000000e+00 0.000000000000000000e+00 0.000000000000000000e+00 0.000000000000000000e+00 0.000000000000000000e+00 0.000000000000000000e+00 1.084363478638039412e-04 0.000000000000000000e+00 1.056189269117025750e-04 1.017811704834605533e-04 3.424657534246575369e-04 0.000000000000000000e+00 1.195314367678699499e-04 0.000000000000000000e+00 6.753714542998648937e-04 0.000000000000000000e+00 0.000000000000000000e+00 0.000000000000000000e+00 0.000000000000000000e+00 0.000000000000000000e+00 6.647168306301515575e-03 6.458279514337380775e-04 1.641729010806317404e-02 9.496676163342829399e-05 1.190476190476190584e-03 0.000000000000000000e+00 2.634132815749341307e-03 0.000000000000000000e+00 0.000000000000000000e+00 0.000000000000000000e+00 1.010917913465426548e-04 0.000000000000000000e+00 0.000000000000000000e+00 0.000000000000000000e+00 4.337453914552157649e-04 0.000000000000000000e+00 0.000000000000000000e+00 0.000000000000000000e+00 4.791566842357451077e-04 0.000000000000000000e+00 0.000000000000000000e+00 0.000000000000000000e+00 0.000000000000000000e+00 3.553660270078180458e-04 0.000000000000000000e+00 0.000000000000000000e+00 0.000000000000000000e+00 0.000000000000000000e+00 0.000000000000000000e+00 0.000000000000000000e+00 0.000000000000000000e+00 0.000000000000000000e+00 2.447381302006852895e-04 0.000000000000000000e+00 0.000000000000000000e+00 0.000000000000000000e+00 0.000000000000000000e+00 0.000000000000000000e+00 0.000000000000000000e+00 0.000000000000000000e+00 0.000000000000000000e+00 0.000000000000000000e+00 0.000000000000000000e+00 0.000000000000000000e+00 0.000000000000000000e+00 0.000000000000000000e+00
0.000000000000000000e+00 6.631299734748010918e-03 7.294429708222811837e-03 1.724137931034482735e-02 1.326259946949602054e-03 1.604774535809018465e-01 9.946949602122015510e-03 5.371352785145888653e-02 1.326259946949602054e-03 0.000000000000000000e+00 0.000000000000000000e+00 4.988662131519274248e-03 1.356034352870272817e-03 5.831676607024519239e-03 7.052186177715091559e-04 1.316392418246198626e-01 0.000000000000000000e+00 6.435006435006434796e-04 1.182732111176818462e-04 5.812601720530109458e-04 0.000000000000000000e+00 8.710801393728222989e-04 3.238963531669865770e-03 1.972872996300863071e-03 4.712535344015079996e-04 0.000000000000000000e+00 0.000000000000000000e+00 6.006006006006005737e-04 0.000000000000000000e+00 7.586763518966909217e-03 2.176541717049576986e-03 7.987220447284344715e-04 3.314001657000828645e-04 6.019020103527145333e-04 0.000000000000000000e+00 0.000000000000000000e+00 0.000000000000000000e+00 1.937984496124030981e-04 0.000000000000000000e+00 0.000000000000000000e+00 0.000000000000000000e+00 0.000000000000000000e+00 0.000000000000000000e+00 0.000000000000000000e+00 0.000000000000000000e+00 0.000000000000000000e+00 0.000000000000000000e+00 0.000000000000000000e+00 0.000000000000000000e+00 0.000000000000000000e+00 0.000000000000000000e+00 1.660991611992359358e-04 0.000000000000000000e+00 0.000000000000000000e+00 0.000000000000000000e+00 0.000000000000000000e+00 0.000000000000000000e+00 0.000000000000000000e+00 0.000000000000000000e+00 0.000000000000000000e+00 0.000000000000000000e+00 0.000000000000000000e+00 0.000000000000000000e+00 3.198464736926275357e-04 0.000000000000000000e+00 1.405481377371749880e-04 0.000000000000000000e+00 0.000000000000000000e+00 0.000000000000000000e+00 0.000000000000000000e+00 7.976601967561818256e-04 9.429088090932576105e-03 2.078137988362427303e-04 1.471984805318138703e-02 0.000000000000000000e+00 1.699235344095157210e-03 1.386385692499653448e-04 3.991484832357636812e-03 0.000000000000000000e+00 0.000000000000000000e+00 0.000000000000000000e+00 1.403368083400160365e-03 0.000000000000000000e+00 0.000000000000000000e+00 0.000000000000000000e+00 7.007708479327259604e-04 0.000000000000000000e+00 0.000000000000000000e+00 0.000000000000000000e+00 5.763688760806916700e-04 0.000000000000000000e+00 0.000000000000000000e+00 0.000000000000000000e+00 0.000000000000000000e+00 0.000000000000000000e+00 0.000000000000000000e+00 0.000000000000000000e+00 0.000000000000000000e+00 0.000000000000000000e+00 0.000000000000000000e+00 0.000000000000000000e+00 0.000000000000000000e+00 0.000000000000000000e+00 1.759943681802182290e-04 0.000000000000000000e+00 0.000000000000000000e+00 0.000000000000000000e+00 0.000000000000000000e+00 0.000000000000000000e+00 0.000000000000000000e+00 0.000000000000000000e+00 0.000000000000000000e+00 0.000000000000000000e+00 0.000000000000000000e+00 0.000000000000000000e+00 0.000000000000000000e+00
3.207639569049950956e-01 1.224289911851126440e-03 4.260528893241919551e-02 7.100881488736532875e-03 1.224289911851126440e-03 0.000000000000000000e+00 2.668952007835455331e-02 1.346718903036239062e-02 7.345739471106757772e-04 0.000000000000000000e+00 0.000000000000000000e+00 6.802721088435373679e-04 8.512882326352268214e-02 1.988071570576540551e-03 5.641748942172073247e-03 2.082899395959175205e-04 3.600464576074332429e-02 3.217503217503217398e-04 1.502069781194559361e-02 1.162520344106021892e-03 0.000000000000000000e+00 0.000000000000000000e+00 5.158349328214971267e-03 2.219482120838471226e-03 0.000000000000000000e+00 0.000000000000000000e+00 0.000000000000000000e+00 0.000000000000000000e+00 6.887714239948743156e-02 4.842615012106537544e-04 9.673518742442563899e-04 1.797124600638977561e-03 1.159900579950289999e-03 2.407608041410858133e-03 3.224766204450177170e-04 0.000000000000000000e+00 3.351206434316353951e-04 0.000000000000000000e+00 0.000000000000000000e+00 0.000000000000000000e+00 0.000000000000000000e+00 0.000000000000000000e+00 0.000000000000000000e+00 0.000000000000000000e+00 0.000000000000000000e+00 9.592326139088728414e-05 0.000000000000000000e+00 0.000000000000000000e+00 0.000000000000000000e+00 0.000000000000000000e+00 1.123721766490616986e-04 0.000000000000000000e+00 0.000000000000000000e+00 0.000000000000000000e+00 0.000000000000000000e+00 0.000000000000000000e+00 5.638690088917805432e-03 0.000000000000000000e+00 9.505703422053231886e-04 2.035623409669211066e-04 9.018264840182648942e-03 0.000000000000000000e+00 9.442983504661725883e-03 0.000000000000000000e+00 7.654209815398469591e-03 0.000000000000000000e+00 9.592680047225501418e-04 0.000000000000000000e+00 8.880994671403197489e-04 0.000000000000000000e+00 5.663387396968891374e-02 0.000000000000000000e+00 9.247714048212800700e-03 8.547008547008547001e-04 2.380952380952381167e-03 0.000000000000000000e+00 2.079578538749480253e-03 3.991484832357636812e-04 0.000000000000000000e+00 0.000000000000000000e+00 4.043671653861706516e-03 0.000000000000000000e+00 1.858736059479553816e-03 0.000000000000000000e+00 3.975999421672811278e-03 0.000000000000000000e+00 2.114164904862579370e-03 0.000000000000000000e+00 3.513815684395463906e-03 0.000000000000000000e+00 0.000000000000000000e+00 0.000000000000000000e+00 0.000000000000000000e+00 0.000000000000000000e+00 0.000000000000000000e+00 0.000000000000000000e+00 0.000000000000000000e+00 0.000000000000000000e+00 0.000000000000000000e+00 0.000000000000000000e+00 0.000000000000000000e+00 0.000000000000000000e+00 0.000000000000000000e+00 0.000000000000000000e+00 0.000000000000000000e+00 0.000000000000000000e+00 0.000000000000000000e+00 0.000000000000000000e+00 0.000000000000000000e+00 0.000000000000000000e+00 1.081081081081081098e-03 0.000000000000000000e+00 0.000000000000000000e+00 0.000000000000000000e+00 0.000000000000000000e+00 0.000000000000000000e+00
9.070294784580499323e-04 1.408163265306122403e-01 4.535147392290249553e-03 3.628117913832199642e-02 0.000000000000000000e+00 1.360544217687074736e-03 7.029478458049886677e-03 7.437641723356008816e-02 0.000000000000000000e+00 4.988662131519274248e-03 6.802721088435373679e-04 0.000000000000000000e+00 7.533524182612626402e-04 1.907223326706428135e-01 0.000000000000000000e+00 1.270568631535096832e-02 3.871467286101432440e-04 6.306306306306305731e-02 2.483737433471318919e-03 9.765170890490584149e-03 0.000000000000000000e+00 0.000000000000000000e+00 2.999040307101727421e-03 8.631319358816275447e-03 0.000000000000000000e+00 0.000000000000000000e+00 0.000000000000000000e+00 0.000000000000000000e+00 3.203588018580810445e-04 4.439063761097659239e-02 1.451027811366384585e-03 1.996805111821086179e-03 9.942004971002485394e-04 3.250270855904658761e-03 0.000000000000000000e+00 0.000000000000000000e+00 0.000000000000000000e+00 1.744186046511627883e-03 0.000000000000000000e+00 0.000000000000000000e+00 0.000000000000000000e+00 0.000000000000000000e+00 0.000000000000000000e+00 0.000000000000000000e+00 0.000000000000000000e+00 9.592326139088728414e-05 0.000000000000000000e+00 1.280901754835404068e-04 0.000000000000000000e+00 1.815870710005447529e-04 0.000000000000000000e+00 8.304958059961797335e-04 0.000000000000000000e+00 1.716738197424892828e-04 0.000000000000000000e+00 1.652619401751776623e-04 0.000000000000000000e+00 4.544239508152900231e-03 0.000000000000000000e+00 4.071246819338422132e-04 0.000000000000000000e+00 3.168413356080916187e-03 0.000000000000000000e+00 1.503278426355349369e-02 0.000000000000000000e+00 3.935347856640899339e-03 0.000000000000000000e+00 9.336196433572962637e-05 0.000000000000000000e+00 0.000000000000000000e+00 0.000000000000000000e+00 1.885817618186515221e-02 3.117206982543640819e-04 1.263057929724596337e-02 0.000000000000000000e+00 0.000000000000000000e+00 2.772771384999306895e-04 9.845662586482171671e-03 0.000000000000000000e+00 2.427184466019417265e-03 0.000000000000000000e+00 1.443464314354450662e-02 0.000000000000000000e+00 0.000000000000000000e+00 0.000000000000000000e+00 9.510461507658423547e-03 0.000000000000000000e+00 0.000000000000000000e+00 0.000000000000000000e+00 1.123919308357348643e-02 1.624695369618196457e-04 0.000000000000000000e+00 0.000000000000000000e+00 0.000000000000000000e+00 0.000000000000000000e+00 1.047120418848167603e-02 0.000000000000000000e+00 0.000000000000000000e+00 0.000000000000000000e+00 0.000000000000000000e+00 0.000000000000000000e+00 0.000000000000000000e+00 0.000000000000000000e+00 1.759943681802182290e-04 0.000000000000000000e+00 0.000000000000000000e+00 0.000000000000000000e+00 0.000000000000000000e+00 0.000000000000000000e+00 0.000000000000000000e+00 0.000000000000000000e+00 0.000000000000000000e+00 0.000000000000000000e+00 0.000000000000000000e+00 0.000000000000000000e+00 0.000000000000000000e+00
6.147355733011902745e-02 0.000000000000000000e+00 1.331927075485912215e-01 8.738888051830645889e-03 5.424137411481091270e-03 1.657375320174777743e-03 1.679975892722615771e-01 1.054693385565767631e-02 7.352719602229923490e-02 1.356034352870272817e-03 8.512882326352268214e-02 7.533524182612626402e-04 0.000000000000000000e+00 6.096752816434724935e-03 1.301128349788434335e-01 1.249739637575505123e-03 4.839334107626790983e-03 0.000000000000000000e+00 8.633944411590774651e-03 5.812601720530109458e-04 0.000000000000000000e+00 0.000000000000000000e+00 3.406909788867562572e-02 9.124537607891492624e-03 0.000000000000000000e+00 3.595274781715459590e-03 3.042287800425920170e-04 0.000000000000000000e+00 1.058785840140957918e-01 8.071025020177562213e-04 5.562273276904473700e-03 1.018370607028754038e-02 2.982601491300745835e-03 1.564945226917057938e-03 1.289906481780070868e-03 0.000000000000000000e+00 1.675603217158176976e-03 1.937984496124030981e-04 0.000000000000000000e+00 0.000000000000000000e+00 0.000000000000000000e+00 0.000000000000000000e+00 0.000000000000000000e+00 0.000000000000000000e+00 0.000000000000000000e+00 0.000000000000000000e+00 0.000000000000000000e+00 0.000000000000000000e+00 0.000000000000000000e+00 0.000000000000000000e+00 1.123721766490616986e-04 0.000000000000000000e+00 0.000000000000000000e+00 0.000000000000000000e+00 0.000000000000000000e+00 0.000000000000000000e+00 4.012144870960745839e-03 0.000000000000000000e+00 5.280946345585128343e-04 0.000000000000000000e+00 4.794520547945205734e-03 2.437241043139166485e-04 4.542194597179058206e-03 0.000000000000000000e+00 3.827104907699234795e-03 0.000000000000000000e+00 3.394332939787485150e-03 9.336196433572962637e-05 1.420959147424511468e-03 0.000000000000000000e+00 5.304440308428609585e-02 9.041591320072332435e-04 4.291354945968412632e-02 2.279202279202279056e-03 3.571428571428571317e-03 0.000000000000000000e+00 3.188687092749202534e-02 1.463544438531133498e-03 0.000000000000000000e+00 0.000000000000000000e+00 5.054589567327133146e-04 0.000000000000000000e+00 0.000000000000000000e+00 0.000000000000000000e+00 3.614544928793464798e-03 0.000000000000000000e+00 0.000000000000000000e+00 0.000000000000000000e+00 9.583133684714902154e-04 0.000000000000000000e+00 3.249390739236392915e-04 4.730368968779564802e-04 0.000000000000000000e+00 0.000000000000000000e+00 0.000000000000000000e+00 5.235602094240838014e-03 6.161429451632779086e-04 0.000000000000000000e+00 0.000000000000000000e+00 0.000000000000000000e+00 0.000000000000000000e+00 0.000000000000000000e+00 0.000000000000000000e+00 3.519887363604364580e-04 0.000000000000000000e+00 0.000000000000000000e+00 0.000000000000000000e+00 0.000000000000000000e+00 0.000000000000000000e+00 0.000000000000000000e+00 0.000000000000000000e+00 0.000000000000000000e+00 0.000000000000000000e+00 0.000000000000000000e+00 0.000000000000000000e+00 0.000000000000000000e+00
