0.000000000000000000e+00 1.887371489949363212e-02 5.820982031961580150e-02 4.167596933839399012e-03 3.730569948186528411e-03 0.000000000000000000e+00 1.084000310824461827e-01 3.772059814091337660e-03 1.475288910745020795e-03 0.000000000000000000e+00 1.836145648312610956e-01 1.767920282867245334e-03 3.345604157644001958e-02 1.240848740538528410e-04 8.412197686645635697e-04 1.519756838905775178e-04 4.825143868968570504e-02 2.991772625280478617e-03 7.509594440410745364e-02 4.059526219882567122e-02 0.000000000000000000e+00 0.000000000000000000e+00 9.265693768820940264e-04 1.720578114246386716e-04 0.000000000000000000e+00 2.431315341599805436e-04 0.000000000000000000e+00 0.000000000000000000e+00 2.873642238416059327e-02 2.624671916010498651e-04 1.528888888888888832e-02 0.000000000000000000e+00 1.679080924125741711e-02 1.097682669919059807e-02 8.900756564307965926e-04 0.000000000000000000e+00 1.008341511285574116e-01 1.304347826086956624e-03 7.955449482895783977e-03 0.000000000000000000e+00 0.000000000000000000e+00 0.000000000000000000e+00 5.040322580645161150e-04 0.000000000000000000e+00 2.201950298836111933e-03 1.119570085087326442e-04 9.587727708533077143e-04 0.000000000000000000e+00 3.433941803723115655e-03 5.315755900489049779e-04 9.491193737769080402e-03 1.641227638273428453e-04 2.743902439024390079e-03 0.000000000000000000e+00 9.104151493080844815e-04 0.000000000000000000e+00 2.799739180047273734e-01 2.594825612455162796e-03 2.422935430673601315e-02 1.018848700967906265e-03 3.036812811248901581e-02 1.737015806843842400e-04 4.638833664678595342e-03 3.342245989304812640e-04 2.842085450781102821e-02 3.049245311785333244e-04 9.817532725109084230e-03 1.273760533019792232e-03 1.275221953188054869e-01 1.252184041933605135e-02 9.010001695202576877e-02 5.180452426178552405e-04 4.667030567685589298e-02 2.335311861438163061e-03 0.000000000000000000e+00 0.000000000000000000e+00 8.363526570048308850e-02 3.909867270295297459e-03 2.923976608187134341e-02 0.000000000000000000e+00 4.989048430275005996e-03 1.627074520013016481e-04 0.000000000000000000e+00 0.000000000000000000e+00 1.902211234720505365e-02 0.000000000000000000e+00 7.446016381236038794e-04 0.000000000000000000e+00 1.542598358335692081e-02 0.000000000000000000e+00 5.385996409335727306e-03 1.019367991845056146e-03 1.026694045174538026e-03 2.038043478260869509e-03 7.581227436823104182e-02 4.901960784313725422e-03 4.255319148936170283e-03 1.010101010101010100e-03 5.625879043600562693e-03 4.354136429608127488e-03 2.277904328018223127e-03 1.917545541706615429e-03 4.081632653061224858e-03 3.089598352214212047e-03 1.669274908711528352e-02 3.015681544028950343e-04 0.000000000000000000e+00 8.474576271186440432e-04 0.000000000000000000e+00 0.000000000000000000e+00 1.114827201783723503e-03 3.184713375796178504e-03 1.739130434782608760e-03 2.424242424242424240e-03 0.000000000000000000e+00 0.000000000000000000e+00
1.887371489949363212e-02 0.000000000000000000e+00 3.146476774033286298e-03 6.980724864180992695e-02 2.072538860103626955e-04 3.386960203217612392e-04 2.175771233196052701e-03 9.302168934393102717e-02 0.000000000000000000e+00 2.214226404649875368e-03 1.110124333925399578e-03 1.084860173577627818e-01 3.248159376353399754e-04 1.848864623402407190e-02 0.000000000000000000e+00 1.063829787234042571e-03 2.434705621956617834e-03 5.946148092744951708e-02 2.323410434602219549e-02 7.228183842883174892e-02 0.000000000000000000e+00 0.000000000000000000e+00 3.474635163307852599e-04 5.161734342739160691e-04 0.000000000000000000e+00 0.000000000000000000e+00 0.000000000000000000e+00 2.366303833412210060e-04 2.749896878867042556e-04 4.120734908136482882e-02 3.200000000000000153e-03 0.000000000000000000e+00 2.575432394899633895e-02 1.729681782902760950e-02 4.450378282153982963e-04 9.601536245799327431e-04 3.189401373895976374e-03 5.043478260869565383e-02 0.000000000000000000e+00 1.610541727672035184e-02 0.000000000000000000e+00 1.545595054095826862e-03 0.000000000000000000e+00 4.748901816454944918e-04 0.000000000000000000e+00 1.567398119122256992e-03 0.000000000000000000e+00 1.541307028360049342e-04 5.422013374299656640e-04 2.870508186264086967e-03 0.000000000000000000e+00 4.677498769079271174e-03 3.048780487804878046e-04 1.117140121289498817e-03 1.820830298616169071e-04 9.425070688030159991e-04 2.445187056809846032e-03 2.253682362817675255e-01 5.074210326018013372e-04 2.687213448802852622e-02 2.929401425642027363e-04 2.657634184471078728e-02 0.000000000000000000e+00 1.448306595365418843e-02 1.882175795219273443e-04 1.585607562128373352e-02 5.950019833399444692e-04 3.331373701744072026e-03 2.885391444713478540e-02 7.134536983110076336e-02 2.119003220884895823e-03 9.117596270074253273e-02 8.187772925764191714e-04 4.495475333268463686e-02 0.000000000000000000e+00 1.050420168067226845e-03 4.629629629629629373e-03 8.354769009157320125e-02 0.000000000000000000e+00 1.680672268907562952e-02 1.216841080554879472e-04 9.111617312072892508e-03 0.000000000000000000e+00 5.783689994216309601e-04 1.373437714599642998e-04 2.996958310967972813e-02 0.000000000000000000e+00 5.691519635742743524e-04 0.000000000000000000e+00 2.330716388616290574e-02 5.984440454817474423e-04 6.795786612300373439e-03 0.000000000000000000e+00 3.396739130434782514e-03 7.220216606498195203e-03 9.068627450980391858e-02 0.000000000000000000e+00 1.010101010101010100e-03 0.000000000000000000e+00 5.079825834542815548e-03 7.593014426727411146e-04 8.628954937679770079e-03 1.113172541743970376e-03 5.921730175077240081e-03 3.129890453834115877e-03 8.142340168878166307e-03 9.970089730807576468e-04 5.084745762711864042e-03 5.555555555555555247e-02 0.000000000000000000e+00 1.114827201783723503e-03 3.184713375796178504e-03 3.478260869565217520e-03 0.000000000000000000e+00 7.731958762886598224e-03 0.000000000000000000e+00
5.820982031961580150e-02 3.146476774033286298e-03 0.000000000000000000e+00 4.911810672025005917e-03 5.906735751295336817e-02 1.185436071126164202e-03 2.791980728883363128e-01 1.353900040414926509e-02 3.663634128350135022e-02 4.428452809299750735e-03 3.841030195381883033e-02 3.857280617164898871e-03 5.738414898224339367e-02 8.934110931877403683e-03 2.586750788643533278e-02 2.735562310030394996e-03 1.106684373616644533e-02 2.617801047120419007e-03 1.200082978944092965e-01 6.681514476614699473e-03 7.347538574577516021e-04 0.000000000000000000e+00 1.103775770210794482e-01 9.807295251204405095e-03 1.580086580086580150e-02 3.890104546559688698e-03 3.590664272890484870e-03 2.366303833412210060e-04 3.038636051148082065e-02 2.624671916010498651e-03 2.382222222222222380e-02 1.182994454713493480e-02 1.792702941547784368e-02 5.765605943009202879e-03 3.560302625723186370e-03 0.000000000000000000e+00 2.796859666339548620e-02 1.956521739130434936e-03 7.955449482895783977e-04 0.000000000000000000e+00 0.000000000000000000e+00 0.000000000000000000e+00 1.512096774193548345e-03 1.187225454113736230e-04 8.807801195344447734e-03 1.119570085087326442e-04 5.752636625119846286e-04 0.000000000000000000e+00 9.217422736309415637e-03 0.000000000000000000e+00 4.892367906066535932e-03 0.000000000000000000e+00 1.829268292682926936e-03 1.595914458984998426e-04 7.283321194464676285e-04 0.000000000000000000e+00 8.965685874969434727e-03 1.526368007326566335e-04 1.649118355955854487e-02 5.094243504839531325e-04 2.538814568889756831e-03 0.000000000000000000e+00 6.626905235255135893e-04 1.114081996434937547e-04 5.081874647092038053e-03 1.524622655892666622e-04 2.211424038080126928e-02 8.818342151675484519e-04 6.053268765133171768e-03 5.824111822947000781e-04 4.102390235633158327e-02 1.640476601623208370e-03 7.710152838427947186e-02 4.865233044662839457e-03 8.746355685131195629e-03 5.252100840336134877e-03 8.132045088566827729e-02 4.321432246115855177e-03 1.461988304093567170e-03 0.000000000000000000e+00 8.517887563884156844e-04 0.000000000000000000e+00 4.985044865403788234e-04 0.000000000000000000e+00 2.678203543469303508e-03 0.000000000000000000e+00 3.723008190618019397e-04 0.000000000000000000e+00 3.396546844041890920e-03 0.000000000000000000e+00 2.992220227408737103e-03 5.436629289840299445e-03 2.566735112936344848e-03 2.377717391304347977e-03 2.166064981949458387e-02 2.450980392156862711e-02 2.836879432624113666e-03 1.010101010101010100e-03 5.625879043600562693e-03 7.982583454281566918e-03 0.000000000000000000e+00 1.917545541706615429e-03 2.968460111317254048e-03 2.574665293511843589e-03 3.651538862806468378e-03 1.206272617611580137e-03 0.000000000000000000e+00 8.474576271186440432e-04 0.000000000000000000e+00 0.000000000000000000e+00 0.000000000000000000e+00 0.000000000000000000e+00 3.478260869565217520e-03 1.212121212121212120e-03 0.000000000000000000e+00 0.000000000000000000e+00
4.167596933839399012e-03 6.980724864180992695e-02 4.911810672025005917e-03 0.000000000000000000e+00 1.658031088082901564e-03 5.571549534292972311e-02 4.817779159219830361e-03 2.755624410615654107e-01 3.688222276862552097e-03 1.882092443952394084e-02 3.108348134991118904e-03 2.989392478302796419e-02 7.903854482459940142e-03 5.149522273234892478e-02 8.412197686645635697e-04 2.340425531914893525e-02 6.640106241699866721e-04 1.608077786088257452e-02 4.978736645576184623e-03 1.569143551326179498e-01 0.000000000000000000e+00 0.000000000000000000e+00 1.389854065323141083e-02 1.947694425326909895e-01 1.298701298701298700e-03 1.799173352783856039e-02 2.244165170556553044e-04 2.129673450070989054e-03 1.374948439433521224e-03 3.333333333333333287e-02 6.933333333333333015e-03 2.310536044362292152e-02 2.398687034465345116e-03 9.535425213438296702e-03 4.450378282153982963e-04 6.240998559769563372e-03 1.226692836113837167e-03 3.608695652173912749e-02 0.000000000000000000e+00 4.392386530014641410e-03 0.000000000000000000e+00 6.182380216383307446e-03 0.000000000000000000e+00 2.374450908227472459e-04 0.000000000000000000e+00 2.686968204209583353e-03 0.000000000000000000e+00 0.000000000000000000e+00 0.000000000000000000e+00 7.548373378694450513e-03 9.784735812133072677e-05 5.908419497784343083e-03 0.000000000000000000e+00 6.383657835939993705e-04 0.000000000000000000e+00 1.885014137606032161e-04 8.150623522699486411e-04 2.724566893077921131e-02 3.805657744513510029e-04 3.731533367294957021e-02 9.764671418806756523e-05 1.737015806843842346e-03 0.000000000000000000e+00 1.448306595365418973e-03 0.000000000000000000e+00 3.811556639731666311e-03 7.933359777865926256e-04 1.273760533019792363e-02 1.008878127522195222e-03 9.318578916715201249e-03 1.356162061366333188e-03 3.255050941115524010e-02 1.637554585152838343e-03 8.076286854140313221e-02 0.000000000000000000e+00 3.256302521008403589e-02 3.522544283413848662e-03 7.140652330486675636e-02 0.000000000000000000e+00 0.000000000000000000e+00 1.216841080554879472e-04 6.508298080052065922e-04 0.000000000000000000e+00 5.783689994216309601e-04 6.867188572998214992e-05 7.156915369475755568e-04 0.000000000000000000e+00 0.000000000000000000e+00 1.415227851684121036e-04 3.680078508341511285e-04 5.984440454817474423e-04 4.417261297995242648e-03 5.133470225872690130e-04 3.736413043478260983e-03 5.415162454873645968e-03 5.882352941176470507e-02 0.000000000000000000e+00 0.000000000000000000e+00 0.000000000000000000e+00 3.628447024673439863e-03 2.277904328018223127e-03 4.793863854266539222e-03 1.113172541743970376e-03 6.951596292481976996e-03 1.043296817944705220e-03 5.729794933655005598e-03 0.000000000000000000e+00 1.694915254237288086e-03 0.000000000000000000e+00 0.000000000000000000e+00 1.114827201783723503e-03 0.000000000000000000e+00 0.000000000000000000e+00 2.424242424242424240e-03 0.000000000000000000e+00 0.000000000000000000e+00
3.730569948186528411e-03 2.072538860103626955e-04 5.906735751295336817e-02 1.658031088082901564e-03 0.000000000000000000e+00 6.265876375952582518e-03 1.515269251690107982e-02 1.347164219318334848e-03 3.253012048192771011e-01 7.749792416274564437e-03 4.440497335701598745e-04 0.000000000000000000e+00 1.266782156777825942e-02 1.240848740538528410e-03 1.057833859095688722e-01 4.407294832826747638e-03 2.213368747233289088e-04 0.000000000000000000e+00 1.555855201742557857e-03 2.024701356549908800e-04 1.763409257898604018e-02 5.992509363295880388e-03 1.389854065323141083e-02 4.645560908465243971e-03 1.255411255411255367e-01 1.653294432287867599e-02 1.324057450628366162e-01 3.786086133459536096e-03 1.677437096108895867e-02 2.624671916010498651e-04 1.351111111111111089e-02 8.687615526802217394e-03 2.398687034465345116e-03 1.108770373655615886e-04 4.450378282153982963e-04 0.000000000000000000e+00 2.453385672227674009e-04 0.000000000000000000e+00 0.000000000000000000e+00 0.000000000000000000e+00 0.000000000000000000e+00 0.000000000000000000e+00 0.000000000000000000e+00 0.000000000000000000e+00 1.572821642025794199e-04 0.000000000000000000e+00 0.000000000000000000e+00 0.000000000000000000e+00 1.807337791433218880e-04 0.000000000000000000e+00 1.956947162426614535e-04 0.000000000000000000e+00 0.000000000000000000e+00 0.000000000000000000e+00 0.000000000000000000e+00 0.000000000000000000e+00 8.150623522699486682e-05 0.000000000000000000e+00 1.268552581504503343e-04 0.000000000000000000e+00 7.811737135045405218e-04 0.000000000000000000e+00 2.650762094102054249e-04 0.000000000000000000e+00 1.129305477131564012e-03 0.000000000000000000e+00 1.785005950019833299e-03 0.000000000000000000e+00 0.000000000000000000e+00 0.000000000000000000e+00 2.313951517206306110e-02 1.726817475392851073e-04 1.896834061135371091e-02 3.892186435730271587e-04 2.915451895043731732e-03 0.000000000000000000e+00 1.509661835748792253e-03 0.000000000000000000e+00 1.461988304093567170e-03 0.000000000000000000e+00 1.825261620832319262e-03 0.000000000000000000e+00 0.000000000000000000e+00 0.000000000000000000e+00 1.991484686169482307e-03 0.000000000000000000e+00 1.116902457185405765e-03 0.000000000000000000e+00 8.491367110104727301e-04 0.000000000000000000e+00 0.000000000000000000e+00 0.000000000000000000e+00 0.000000000000000000e+00 0.000000000000000000e+00 0.000000000000000000e+00 0.000000000000000000e+00 0.000000000000000000e+00 0.000000000000000000e+00 0.000000000000000000e+00 0.000000000000000000e+00 0.000000000000000000e+00 0.000000000000000000e+00 0.000000000000000000e+00 2.574665293511843372e-04 0.000000000000000000e+00 0.000000000000000000e+00 0.000000000000000000e+00 0.000000000000000000e+00 0.000000000000000000e+00 0.000000000000000000e+00 0.000000000000000000e+00 0.000000000000000000e+00 0.000000000000000000e+00 0.000000000000000000e+00 0.000000000000000000e+00 0.000000000000000000e+00
0.000000000000000000e+00 3.386960203217612392e-04 1.185436071126164202e-03 5.571549534292972311e-02 6.265876375952582518e-03 0.000000000000000000e+00 2.331183464138627778e-04 2.195877677488885724e-02 5.409392672731743422e-03 3.232770550788818253e-01 2.220248667850799372e-04 4.821600771456123588e-04 2.165439584235599746e-04 5.087479836207966372e-03 6.309148264984227586e-04 1.615501519756838977e-01 0.000000000000000000e+00 1.869857890800299136e-04 0.000000000000000000e+00 1.012350678274954400e-03 0.000000000000000000e+00 7.565543071161048849e-02 4.864489228630993964e-03 3.957329662766689848e-02 1.060606060606060670e-02 1.266715292973498719e-01 1.795332136445242435e-03 2.449124467581637599e-01 4.124845318300563563e-04 7.611548556430446089e-03 3.555555555555555726e-03 1.885397412199630446e-02 2.524933720489836993e-04 8.870162989244927089e-04 0.000000000000000000e+00 0.000000000000000000e+00 0.000000000000000000e+00 2.173913043478260950e-04 0.000000000000000000e+00 0.000000000000000000e+00 0.000000000000000000e+00 0.000000000000000000e+00 0.000000000000000000e+00 0.000000000000000000e+00 0.000000000000000000e+00 1.119570085087326442e-04 0.000000000000000000e+00 0.000000000000000000e+00 0.000000000000000000e+00 4.252604720391239389e-04 0.000000000000000000e+00 1.641227638273428453e-04 0.000000000000000000e+00 1.595914458984998426e-04 0.000000000000000000e+00 1.885014137606032161e-04 0.000000000000000000e+00 2.289552010989849638e-04 0.000000000000000000e+00 3.820682628629648494e-04 0.000000000000000000e+00 0.000000000000000000e+00 0.000000000000000000e+00 2.228163992869875093e-04 0.000000000000000000e+00 4.573867967677999594e-04 0.000000000000000000e+00 9.798157946306094513e-05 0.000000000000000000e+00 0.000000000000000000e+00 2.203763349720291431e-03 3.574512174063201181e-02 5.458515283842794476e-04 1.946093217865135783e-02 0.000000000000000000e+00 4.201680672268907381e-03 0.000000000000000000e+00 2.160716123057927589e-03 0.000000000000000000e+00 0.000000000000000000e+00 0.000000000000000000e+00 1.627074520013016481e-04 0.000000000000000000e+00 1.735106998264892989e-03 0.000000000000000000e+00 4.473072105922347636e-04 0.000000000000000000e+00 0.000000000000000000e+00 0.000000000000000000e+00 7.360157016683022569e-04 0.000000000000000000e+00 0.000000000000000000e+00 0.000000000000000000e+00 3.396739130434782514e-04 0.000000000000000000e+00 2.450980392156862711e-03 0.000000000000000000e+00 0.000000000000000000e+00 0.000000000000000000e+00 0.000000000000000000e+00 0.000000000000000000e+00 0.000000000000000000e+00 0.000000000000000000e+00 0.000000000000000000e+00 0.000000000000000000e+00 0.000000000000000000e+00 0.000000000000000000e+00 0.000000000000000000e+00 0.000000000000000000e+00 0.000000000000000000e+00 0.000000000000000000e+00 0.000000000000000000e+00 0.000000000000000000e+00 0.000000000000000000e+00 0.000000000000000000e+00 0.000000000000000000e+00
1.084000310824461827e-01 2.175771233196052701e-03 2.791980728883363128e-01 4.817779159219830361e-03 1.515269251690107982e-02 2.331183464138627778e-04 0.000000000000000000e+00 1.845614980466118993e-02 5.999508237029752000e-02 1.383891502906172159e-03 1.276642984014209614e-01 9.643201542912246960e-03 1.946730186227804138e-01 9.430450428092816348e-03 6.519453207150367746e-03 2.127659574468085141e-03 1.106684373616644533e-02 1.495886312640239309e-03 1.867026242091069516e-02 1.103462239319700361e-02 7.347538574577516021e-04 0.000000000000000000e+00 2.235348621728051877e-02 8.774948382656572524e-03 1.948051948051948050e-03 1.215657670799902799e-03 0.000000000000000000e+00 2.366303833412210060e-04 1.759934002474907236e-02 2.624671916010498651e-03 1.084444444444444475e-02 8.872458410351200669e-03 4.797374068930690232e-03 8.315777802417118753e-03 1.335113484646194889e-03 0.000000000000000000e+00 1.177625122669283611e-02 1.086956521739130448e-03 3.977724741447891989e-04 0.000000000000000000e+00 1.321003963011889047e-03 1.545595054095826862e-03 2.016129032258064460e-03 1.187225454113736230e-04 8.335954702736710423e-03 1.119570085087326442e-04 1.917545541706615429e-04 0.000000000000000000e+00 9.036688957166093966e-03 3.189453540293429542e-04 1.389432485322896274e-02 0.000000000000000000e+00 3.658536585365853872e-03 0.000000000000000000e+00 1.456664238892935257e-03 0.000000000000000000e+00 1.100334175564430736e-02 2.289552010989849638e-04 7.484460230876569670e-03 5.094243504839531325e-04 1.415877355726979751e-02 0.000000000000000000e+00 1.457919151756129810e-03 1.114081996434937547e-04 2.352719744024091980e-02 1.524622655892666622e-04 1.031336771122570370e-02 1.175778953556731342e-03 1.008878127522195222e-03 2.912055911473500390e-04 7.526699440583149714e-02 1.295113106544638210e-03 3.425218340611353718e-02 3.794881774837014811e-03 0.000000000000000000e+00 3.151260504201680752e-03 5.183172302737520248e-02 5.967692149398086052e-03 0.000000000000000000e+00 0.000000000000000000e+00 5.962521294718910007e-03 0.000000000000000000e+00 1.495513459621136687e-03 0.000000000000000000e+00 3.248180195028155248e-02 0.000000000000000000e+00 2.233804914370811530e-03 0.000000000000000000e+00 3.354090008491367181e-02 1.226692836113837004e-04 5.984440454817474423e-04 1.698946653075093360e-03 2.053388090349076052e-03 6.793478260869565029e-04 7.220216606498195203e-03 2.205882352941176613e-02 1.418439716312056833e-03 0.000000000000000000e+00 0.000000000000000000e+00 5.079825834542815548e-03 0.000000000000000000e+00 1.917545541706615429e-03 1.855287569573283888e-03 5.149330587023686744e-04 3.651538862806468378e-03 6.031363088057900687e-04 0.000000000000000000e+00 0.000000000000000000e+00 0.000000000000000000e+00 0.000000000000000000e+00 0.000000000000000000e+00 1.592356687898089252e-03 0.000000000000000000e+00 0.000000000000000000e+00 0.000000000000000000e+00 4.545454545454545234e-03
3.772059814091337660e-03 9.302168934393102717e-02 1.353900040414926509e-02 2.755624410615654107e-01 1.347164219318334848e-03 2.195877677488885724e-02 1.845614980466118993e-02 0.000000000000000000e+00 4.917629702483402795e-03 1.048989759202878513e-01 7.104795737122557991e-03 1.629701060752169750e-01 1.797314854915547933e-02 2.453157960044670682e-01 2.313354363827549789e-03 1.398176291793313056e-02 8.853474988933156351e-04 1.514584891548242419e-02 1.109843377243024606e-02 2.794087872038874404e-02 0.000000000000000000e+00 0.000000000000000000e+00 3.289321287931434162e-02 2.529249827942188500e-02 2.813852813852814067e-03 1.458789204959883316e-03 4.488330341113106088e-04 1.893043066729768048e-03 3.024886566753746866e-03 1.994750656167978975e-02 1.297777777777777732e-02 1.645101663585952015e-02 5.302360813028658172e-03 3.880696307794655533e-03 1.335113484646194889e-03 2.400384061449831966e-03 9.813542688910696036e-04 6.304347826086956728e-03 0.000000000000000000e+00 4.880429477794046011e-04 0.000000000000000000e+00 6.182380216383307446e-03 0.000000000000000000e+00 7.123352724682416835e-04 1.572821642025794199e-04 5.821764442454097771e-03 0.000000000000000000e+00 1.541307028360049342e-04 3.614675582866437760e-04 9.143100148841164579e-03 1.956947162426614535e-04 1.616609223699327219e-02 0.000000000000000000e+00 7.022023619533993184e-03 0.000000000000000000e+00 1.508011310084825729e-03 7.335561170429537878e-04 1.182935205678089033e-02 3.805657744513510029e-04 1.044319918492103878e-02 3.905868567522702609e-04 1.650165016501650012e-02 0.000000000000000000e+00 4.679144385026737588e-03 0.000000000000000000e+00 3.293184936728160012e-02 8.925029750099166496e-04 4.507152655300803584e-03 0.000000000000000000e+00 1.164822364589400156e-03 3.559925411086625052e-03 8.608185114833362406e-02 5.867903930131004170e-03 3.804612240926340261e-02 0.000000000000000000e+00 1.785714285714285615e-02 5.334138486312399625e-03 2.952978701512501414e-02 0.000000000000000000e+00 0.000000000000000000e+00 0.000000000000000000e+00 7.159127888057273056e-03 0.000000000000000000e+00 1.156737998843261920e-03 1.373437714599642998e-04 2.558597244587582781e-02 0.000000000000000000e+00 0.000000000000000000e+00 0.000000000000000000e+00 1.962708537782139467e-02 5.984440454817474423e-04 1.019367991845056146e-03 0.000000000000000000e+00 6.793478260869565029e-04 0.000000000000000000e+00 4.901960784313725422e-03 0.000000000000000000e+00 0.000000000000000000e+00 0.000000000000000000e+00 0.000000000000000000e+00 0.000000000000000000e+00 0.000000000000000000e+00 7.421150278293135120e-04 2.574665293511843589e-03 1.564945226917057938e-03 1.206272617611580137e-03 0.000000000000000000e+00 8.474576271186440432e-04 0.000000000000000000e+00 0.000000000000000000e+00 0.000000000000000000e+00 0.000000000000000000e+00 3.478260869565217520e-03 1.212121212121212120e-03 0.000000000000000000e+00 0.000000000000000000e+00
1.475288910745020795e-03 0.000000000000000000e+00 3.663634128350135022e-02 3.688222276862552097e-03 3.253012048192771011e-01 5.409392672731743422e-03 5.999508237029752000e-02 4.917629702483402795e-03 0.000000000000000000e+00 4.705231109880985210e-03 8.880994671403197489e-04 0.000000000000000000e+00 3.085751407535729587e-02 3.722546221615585229e-04 2.496319663512092668e-01 2.127659574468085141e-03 4.426737494466578176e-04 0.000000000000000000e+00 5.186184005808526553e-04 0.000000000000000000e+00 3.673769287288758227e-03 0.000000000000000000e+00 2.200602270094973150e-03 3.097040605643496414e-03 3.679653679653679867e-03 1.118405057135910506e-02 2.917414721723518740e-03 1.419782300047326036e-03 1.594940189742884498e-02 1.312335958005249326e-04 2.311111111111111005e-03 4.621072088724584477e-03 0.000000000000000000e+00 0.000000000000000000e+00 0.000000000000000000e+00 0.000000000000000000e+00 0.000000000000000000e+00 0.000000000000000000e+00 3.977724741447891989e-04 0.000000000000000000e+00 0.000000000000000000e+00 0.000000000000000000e+00 0.000000000000000000e+00 0.000000000000000000e+00 0.000000000000000000e+00 0.000000000000000000e+00 0.000000000000000000e+00 0.000000000000000000e+00 0.000000000000000000e+00 1.063151180097809847e-04 0.000000000000000000e+00 0.000000000000000000e+00 0.000000000000000000e+00 0.000000000000000000e+00 0.000000000000000000e+00 0.000000000000000000e+00 3.260249409079794673e-04 0.000000000000000000e+00 0.000000000000000000e+00 3.820682628629648494e-04 2.929401425642027363e-04 0.000000000000000000e+00 9.277667329357190684e-04 0.000000000000000000e+00 3.764351590438546886e-04 0.000000000000000000e+00 9.916699722332407820e-05 0.000000000000000000e+00 2.017756255044390553e-04 0.000000000000000000e+00 1.737582641125614419e-02 8.634087376964255363e-05 2.688318777292576442e-02 3.892186435730271587e-04 2.915451895043731732e-03 0.000000000000000000e+00 2.516103059581320349e-03 0.000000000000000000e+00 0.000000000000000000e+00 0.000000000000000000e+00 9.734728644439035773e-04 0.000000000000000000e+00 0.000000000000000000e+00 0.000000000000000000e+00 1.442109600329624999e-03 0.000000000000000000e+00 0.000000000000000000e+00 0.000000000000000000e+00 8.491367110104727301e-04 0.000000000000000000e+00 0.000000000000000000e+00 0.000000000000000000e+00 0.000000000000000000e+00 0.000000000000000000e+00 0.000000000000000000e+00 2.450980392156862711e-03 0.000000000000000000e+00 0.000000000000000000e+00 0.000000000000000000e+00 0.000000000000000000e+00 0.000000000000000000e+00 0.000000000000000000e+00 0.000000000000000000e+00 0.000000000000000000e+00 0.000000000000000000e+00 0.000000000000000000e+00 0.000000000000000000e+00 0.000000000000000000e+00 0.000000000000000000e+00 0.000000000000000000e+00 0.000000000000000000e+00 0.000000000000000000e+00 0.000000000000000000e+00 0.000000000000000000e+00 0.000000000000000000e+00 0.000000000000000000e+00
0.000000000000000000e+00 2.214226404649875368e-03 4.428452809299750735e-03 1.882092443952394084e-02 7.749792416274564437e-03 3.232770550788818253e-01 1.383891502906172159e-03 1.048989759202878513e-01 4.705231109880985210e-03 0.000000000000000000e+00 2.220248667850799372e-04 3.053680488588878146e-03 3.248159376353399754e-04 2.270753195185507001e-02 6.309148264984227586e-04 1.452887537993921008e-01 0.000000000000000000e+00 3.739715781600598272e-04 0.000000000000000000e+00 3.037052034824863200e-04 0.000000000000000000e+00 9.737827715355805089e-03 5.327773917072040760e-03 6.022023399862353778e-03 1.168831168831168874e-02 9.482129832239241662e-03 2.692998204667863653e-03 3.454803596781826774e-02 2.749896878867042556e-04 6.299212598425196763e-03 3.200000000000000153e-03 7.578558225508317744e-03 3.787400580734755760e-04 3.326311120966847523e-04 0.000000000000000000e+00 0.000000000000000000e+00 0.000000000000000000e+00 0.000000000000000000e+00 0.000000000000000000e+00 0.000000000000000000e+00 0.000000000000000000e+00 0.000000000000000000e+00 0.000000000000000000e+00 0.000000000000000000e+00 0.000000000000000000e+00 0.000000000000000000e+00 0.000000000000000000e+00 0.000000000000000000e+00 0.000000000000000000e+00 2.126302360195619695e-04 0.000000000000000000e+00 8.206138191367142267e-05 0.000000000000000000e+00 0.000000000000000000e+00 0.000000000000000000e+00 0.000000000000000000e+00 0.000000000000000000e+00 1.526368007326566335e-04 0.000000000000000000e+00 0.000000000000000000e+00 0.000000000000000000e+00 1.737015806843842400e-04 0.000000000000000000e+00 0.000000000000000000e+00 0.000000000000000000e+00 0.000000000000000000e+00 0.000000000000000000e+00 0.000000000000000000e+00 0.000000000000000000e+00 2.912055911473500390e-04 9.323614171893541752e-04 1.286479019167673966e-02 4.093886462882095857e-04 8.368200836820082963e-03 0.000000000000000000e+00 0.000000000000000000e+00 1.006441223832528178e-04 1.337586171416812368e-03 0.000000000000000000e+00 0.000000000000000000e+00 0.000000000000000000e+00 6.508298080052065922e-04 0.000000000000000000e+00 0.000000000000000000e+00 0.000000000000000000e+00 1.162998747539810375e-03 0.000000000000000000e+00 0.000000000000000000e+00 0.000000000000000000e+00 4.906771344455348018e-04 0.000000000000000000e+00 0.000000000000000000e+00 0.000000000000000000e+00 0.000000000000000000e+00 1.805054151624548801e-03 0.000000000000000000e+00 0.000000000000000000e+00 0.000000000000000000e+00 0.000000000000000000e+00 0.000000000000000000e+00 0.000000000000000000e+00 0.000000000000000000e+00 0.000000000000000000e+00 0.000000000000000000e+00 0.000000000000000000e+00 6.031363088057900687e-04 0.000000000000000000e+00 0.000000000000000000e+00 0.000000000000000000e+00 0.000000000000000000e+00 0.000000000000000000e+00 0.000000000000000000e+00 0.000000000000000000e+00 0.000000000000000000e+00 0.000000000000000000e+00 0.000000000000000000e+00
1.836145648312610956e-01 1.110124333925399578e-03 3.841030195381883033e-02 3.108348134991118904e-03 4.440497335701598745e-04 2.220248667850799372e-04 1.276642984014209614e-01 7.104795737122557991e-03 8.880994671403197489e-04 2.220248667850799372e-04 0.000000000000000000e+00 2.089360334297653537e-03 9.181463837158942987e-02 1.240848740538528410e-03 0.000000000000000000e+00 1.519756838905775178e-04 8.078795927401505317e-02 1.869857890800299136e-04 1.773674929986516005e-02 2.024701356549908800e-03 0.000000000000000000e+00 0.000000000000000000e+00 4.864489228630993964e-03 8.602890571231934123e-04 0.000000000000000000e+00 0.000000000000000000e+00 0.000000000000000000e+00 0.000000000000000000e+00 5.761033961226454114e-02 1.574803149606299191e-03 3.733333333333333295e-03 3.696857670979667126e-04 2.398687034465345116e-03 1.552278523117862213e-03 8.900756564307965926e-04 0.000000000000000000e+00 1.226692836113837167e-03 2.173913043478260950e-04 0.000000000000000000e+00 0.000000000000000000e+00 0.000000000000000000e+00 0.000000000000000000e+00 0.000000000000000000e+00 0.000000000000000000e+00 4.718464926077382869e-04 0.000000000000000000e+00 0.000000000000000000e+00 0.000000000000000000e+00 0.000000000000000000e+00 0.000000000000000000e+00 7.827788649706458142e-04 0.000000000000000000e+00 0.000000000000000000e+00 0.000000000000000000e+00 0.000000000000000000e+00 0.000000000000000000e+00 8.802673404515445887e-03 7.631840036632831675e-05 5.074210326018013372e-04 2.547121752419765663e-04 8.495264134361878161e-03 0.000000000000000000e+00 4.241219350563286798e-03 1.114081996434937547e-04 9.034443817052512093e-03 0.000000000000000000e+00 2.082506941689805588e-03 1.959631589261218903e-04 2.017756255044390553e-04 0.000000000000000000e+00 2.805560264451601934e-02 8.634087376964255363e-05 7.914847161572051773e-03 6.811326262527975413e-04 0.000000000000000000e+00 0.000000000000000000e+00 3.019323671497584505e-03 5.144562197756970398e-04 1.461988304093567170e-03 0.000000000000000000e+00 4.015575565831102853e-03 0.000000000000000000e+00 0.000000000000000000e+00 0.000000000000000000e+00 6.043125944238428651e-03 0.000000000000000000e+00 3.723008190618019397e-04 0.000000000000000000e+00 3.255024058873478600e-03 0.000000000000000000e+00 5.984440454817474423e-04 0.000000000000000000e+00 0.000000000000000000e+00 0.000000000000000000e+00 0.000000000000000000e+00 2.450980392156862711e-03 0.000000000000000000e+00 0.000000000000000000e+00 0.000000000000000000e+00 0.000000000000000000e+00 0.000000000000000000e+00 0.000000000000000000e+00 0.000000000000000000e+00 0.000000000000000000e+00 0.000000000000000000e+00 0.000000000000000000e+00 9.970089730807576468e-04 0.000000000000000000e+00 0.000000000000000000e+00 0.000000000000000000e+00 0.000000000000000000e+00 0.000000000000000000e+00 0.000000000000000000e+00 0.000000000000000000e+00 0.000000000000000000e+00 0.000000000000000000e+00
1.767920282867245334e-03 1.084860173577627818e-01 3.857280617164898871e-03 2.989392478302796419e-02 0.000000000000000000e+00 4.821600771456123588e-04 9.643201542912246960e-03 1.629701060752169750e-01 0.000000000000000000e+00 3.053680488588878146e-03 2.089360334297653537e-03 0.000000000000000000e+00 2.273711563447379774e-03 1.485295942424618432e-01 0.000000000000000000e+00 8.814589665653495276e-03 0.000000000000000000e+00 7.872101720269258918e-02 2.696815683020433591e-03 2.004454342984409929e-02 0.000000000000000000e+00 0.000000000000000000e+00 4.980310400741255229e-03 6.022023399862353778e-03 0.000000000000000000e+00 0.000000000000000000e+00 0.000000000000000000e+00 0.000000000000000000e+00 5.499793757734085112e-04 6.246719160104986790e-02 1.422222222222222290e-03 2.402957486136783876e-03 8.837268021714430287e-04 3.215434083601286137e-03 4.450378282153982963e-04 9.601536245799327431e-04 0.000000000000000000e+00 2.173913043478260896e-03 0.000000000000000000e+00 0.000000000000000000e+00 0.000000000000000000e+00 4.636785162287480368e-03 0.000000000000000000e+00 1.187225454113736230e-04 0.000000000000000000e+00 7.836990595611284961e-04 0.000000000000000000e+00 1.541307028360049342e-04 0.000000000000000000e+00 3.189453540293429542e-04 0.000000000000000000e+00 1.148859346791399972e-03 0.000000000000000000e+00 1.595914458984998426e-04 0.000000000000000000e+00 5.655042412818096212e-04 0.000000000000000000e+00 5.265969625276653923e-03 0.000000000000000000e+00 1.018848700967906265e-03 0.000000000000000000e+00 6.253256904637832098e-03 1.325381047051027124e-04 1.036096256684491956e-02 0.000000000000000000e+00 1.829547187071199838e-03 0.000000000000000000e+00 8.818342151675484519e-04 0.000000000000000000e+00 8.736167734420501171e-04 2.288523478555687472e-03 5.914349853220514375e-02 1.364628820960698619e-04 9.633161428432422679e-03 0.000000000000000000e+00 3.151260504201680752e-03 1.710950080515297915e-03 6.790822101039201489e-03 0.000000000000000000e+00 2.801120448179271819e-02 0.000000000000000000e+00 2.310445818418483538e-02 0.000000000000000000e+00 2.313475997686523841e-03 0.000000000000000000e+00 1.708713544462336573e-02 0.000000000000000000e+00 5.691519635742743524e-04 0.000000000000000000e+00 1.913640824337585825e-02 0.000000000000000000e+00 3.397893306150187153e-04 0.000000000000000000e+00 0.000000000000000000e+00 0.000000000000000000e+00 0.000000000000000000e+00 0.000000000000000000e+00 0.000000000000000000e+00 0.000000000000000000e+00 0.000000000000000000e+00 0.000000000000000000e+00 0.000000000000000000e+00 0.000000000000000000e+00 0.000000000000000000e+00 5.216484089723526099e-04 0.000000000000000000e+00 0.000000000000000000e+00 0.000000000000000000e+00 0.000000000000000000e+00 0.000000000000000000e+00 0.000000000000000000e+00 0.000000000000000000e+00 0.000000000000000000e+00 0.000000000000000000e+00 0.000000000000000000e+00 0.000000000000000000e+00
3.345604157644001958e-02 3.248159376353399754e-04 5.738414898224339367e-02 7.903854482459940142e-03 1.266782156777825942e-02 2.165439584235599746e-04 1.946730186227804138e-01 1.797314854915547933e-02 3.085751407535729587e-02 3.248159376353399754e-04 9.181463837158942987e-02 2.273711563447379774e-03 0.000000000000000000e+00 9.058195805931257283e-03 1.770767613038906341e-01 7.598784194528875350e-04 1.925630810092961512e-02 1.869857890800299136e-04 1.161705217301109774e-02 1.720996153067422480e-03 0.000000000000000000e+00 0.000000000000000000e+00 4.343293954134815754e-02 9.291121816930487942e-03 1.298701298701298700e-03 7.293946024799416580e-04 2.244165170556553044e-04 0.000000000000000000e+00 1.559191530317613206e-01 1.706036745406824123e-03 1.066666666666666631e-02 7.208872458410351194e-03 4.797374068930690232e-03 1.663155560483423924e-03 3.560302625723186370e-03 4.800768122899663716e-04 2.698724239450441681e-03 0.000000000000000000e+00 0.000000000000000000e+00 0.000000000000000000e+00 1.321003963011889047e-03 0.000000000000000000e+00 0.000000000000000000e+00 0.000000000000000000e+00 6.291286568103176798e-04 1.119570085087326442e-04 1.917545541706615429e-04 0.000000000000000000e+00 1.807337791433218880e-04 0.000000000000000000e+00 6.849315068493150738e-04 1.641227638273428453e-04 6.097560975609756092e-04 0.000000000000000000e+00 0.000000000000000000e+00 0.000000000000000000e+00 8.802673404515445887e-03 0.000000000000000000e+00 1.902828872256754960e-03 3.820682628629648494e-04 1.386583341470559554e-02 0.000000000000000000e+00 8.614976805831677312e-03 0.000000000000000000e+00 1.261057782796913204e-02 1.524622655892666622e-04 3.272510908369694743e-03 4.899078973153046714e-04 2.017756255044390445e-03 0.000000000000000000e+00 6.060349211730801933e-02 6.907269901571404290e-04 3.766375545851528145e-02 2.919139826797703501e-03 2.623906705539358689e-02 0.000000000000000000e+00 2.989130434782608786e-02 2.263607367013067018e-03 4.385964912280701511e-03 0.000000000000000000e+00 1.241177902165977072e-02 0.000000000000000000e+00 0.000000000000000000e+00 0.000000000000000000e+00 1.208625188847685730e-02 0.000000000000000000e+00 7.446016381236038794e-04 0.000000000000000000e+00 7.217662043589017501e-03 0.000000000000000000e+00 3.590664272890484870e-03 1.019367991845056146e-03 5.133470225872690130e-04 3.396739130434782514e-04 3.610108303249097601e-03 2.450980392156862711e-03 0.000000000000000000e+00 0.000000000000000000e+00 1.406469760900140673e-03 7.256894049346879509e-04 0.000000000000000000e+00 0.000000000000000000e+00 0.000000000000000000e+00 5.149330587023686744e-04 2.608242044861763375e-03 6.031363088057900687e-04 0.000000000000000000e+00 0.000000000000000000e+00 0.000000000000000000e+00 0.000000000000000000e+00 0.000000000000000000e+00 1.592356687898089252e-03 0.000000000000000000e+00 1.212121212121212120e-03 0.000000000000000000e+00 0.000000000000000000e+00
