0.000000000000000000e+00 1.190176850222110505e-02 3.691536266966369967e-02 1.498127340823970097e-03 0.000000000000000000e+00 0.000000000000000000e+00 9.952220020976576542e-02 1.243449684696687138e-03 1.623376623376623484e-03 0.000000000000000000e+00 2.608975735452007672e-01 4.918839153959665266e-04 4.472017577872560573e-02 0.000000000000000000e+00 1.952431664891728829e-03 0.000000000000000000e+00 7.528786536758193260e-02 1.734742154234347787e-03 3.650652807706934039e-02 2.126963350785340476e-02 0.000000000000000000e+00 0.000000000000000000e+00 5.884429798752500605e-04 0.000000000000000000e+00 0.000000000000000000e+00 0.000000000000000000e+00 0.000000000000000000e+00 0.000000000000000000e+00 2.846299810246679177e-02 3.968253968253968251e-04 6.216328222130128442e-04 0.000000000000000000e+00 3.049184674532679201e-03 1.312766655726944551e-02 3.593244699964067606e-04 0.000000000000000000e+00 6.037937483302163733e-02 5.587632706276773756e-04 0.000000000000000000e+00 0.000000000000000000e+00 1.449275362318840597e-02 0.000000000000000000e+00 1.183011948420678995e-04 0.000000000000000000e+00 6.970260223048326811e-04 0.000000000000000000e+00 1.644195988161788928e-04 0.000000000000000000e+00 1.819199552197033401e-03 0.000000000000000000e+00 1.114544250717280915e-02 0.000000000000000000e+00 0.000000000000000000e+00 0.000000000000000000e+00 7.848061528802386137e-04 0.000000000000000000e+00 2.274946921443736780e-01 1.386842333362225954e-03 2.069297401347449522e-02 7.176175098672408050e-04 4.962406015037593848e-02 1.880406167732230117e-04 8.141901715615004753e-03 6.890848952590958787e-04 4.812834224598930288e-02 0.000000000000000000e+00 4.229607250755287005e-03 8.801955990220049165e-04 8.845208845208844817e-02 5.542085209560097120e-03 6.799163179916317690e-02 1.309853005384951311e-03 4.067796610169491234e-02 6.929473360024637719e-04 0.000000000000000000e+00 0.000000000000000000e+00 6.556524001561077342e-02 2.176616915422885639e-03 0.000000000000000000e+00 0.000000000000000000e+00 5.815333491573700803e-03 1.274209989806320182e-04 0.000000000000000000e+00 0.000000000000000000e+00 1.285083569851781793e-02 0.000000000000000000e+00 6.729475100942126573e-04 0.000000000000000000e+00 4.802444881030342762e-03 0.000000000000000000e+00 3.330003330003330000e-03 5.067139599695971936e-04 5.221932114882506379e-04 0.000000000000000000e+00 1.605136436597110611e-02 1.890756302521008278e-02 3.911342894393742171e-03 0.000000000000000000e+00 3.079291762894534063e-03 0.000000000000000000e+00 0.000000000000000000e+00 7.320644216691069017e-04 0.000000000000000000e+00 0.000000000000000000e+00 4.734350341925302325e-03 0.000000000000000000e+00 9.546539379474940773e-03 8.787346221441124251e-04 0.000000000000000000e+00 0.000000000000000000e+00 0.000000000000000000e+00 0.000000000000000000e+00 0.000000000000000000e+00 0.000000000000000000e+00 0.000000000000000000e+00 0.000000000000000000e+00
1.190176850222110505e-02 0.000000000000000000e+00 2.852943719201175756e-03 9.463171036204744146e-02 0.000000000000000000e+00 8.567144998929106595e-04 2.796876820883346763e-03 1.428190780708766261e-01 0.000000000000000000e+00 2.677376171352074865e-03 8.589220528237062656e-04 1.049352352844728636e-01 2.584981258885873327e-04 1.603457891801450194e-02 0.000000000000000000e+00 6.702412868632707903e-04 1.623855919692943550e-03 7.065131682699889171e-02 1.825326403853467019e-02 4.821116928446771144e-02 0.000000000000000000e+00 0.000000000000000000e+00 3.530657879251500471e-04 3.175611305176246528e-04 0.000000000000000000e+00 0.000000000000000000e+00 0.000000000000000000e+00 0.000000000000000000e+00 5.421523448088912470e-04 1.322751322751322678e-02 1.243265644426025688e-03 0.000000000000000000e+00 1.524592337266339644e-02 9.626955475330926937e-03 0.000000000000000000e+00 9.165902841429881143e-04 8.014961261020571394e-04 4.395604395604395948e-02 0.000000000000000000e+00 1.633319722335647289e-03 0.000000000000000000e+00 3.125000000000000173e-03 0.000000000000000000e+00 1.826650835692757266e-04 0.000000000000000000e+00 2.562788313685289529e-04 0.000000000000000000e+00 0.000000000000000000e+00 0.000000000000000000e+00 1.994368840919755973e-03 0.000000000000000000e+00 2.425876010781671116e-03 0.000000000000000000e+00 1.746114894360048801e-04 0.000000000000000000e+00 9.009009009009009148e-04 3.290870488322717759e-03 3.165467625899280324e-01 4.812319538017324609e-04 2.296376031575170576e-02 4.626951995373048115e-04 3.215494546822113275e-02 1.453911020645536447e-04 2.039691289966923810e-02 0.000000000000000000e+00 1.371951219512195126e-02 1.107754279959718025e-03 5.085574572127139759e-03 1.269451269451269369e-02 1.073779009352268804e-01 9.713090257023311667e-04 4.780963469655072351e-02 4.460303300624442646e-04 3.010471204188481728e-02 0.000000000000000000e+00 1.543209876543209791e-03 1.170807857421620954e-03 4.337686567164179136e-02 0.000000000000000000e+00 0.000000000000000000e+00 1.186802753382387900e-04 1.465341488277268137e-02 0.000000000000000000e+00 2.310803004043905130e-03 0.000000000000000000e+00 1.935704514363885062e-02 0.000000000000000000e+00 0.000000000000000000e+00 0.000000000000000000e+00 5.849153412006156787e-03 0.000000000000000000e+00 2.026855839878388774e-03 0.000000000000000000e+00 7.880220646178093518e-04 3.210272873194221482e-03 4.831932773109243878e-02 0.000000000000000000e+00 0.000000000000000000e+00 0.000000000000000000e+00 1.435406698564593289e-03 0.000000000000000000e+00 1.464128843338213803e-03 0.000000000000000000e+00 4.461298237787196335e-04 5.260389268805891472e-04 4.173622704507512645e-04 2.386634844868735193e-03 0.000000000000000000e+00 0.000000000000000000e+00 0.000000000000000000e+00 0.000000000000000000e+00 0.000000000000000000e+00 0.000000000000000000e+00 0.000000000000000000e+00 0.000000000000000000e+00 0.000000000000000000e+00
3.691536266966369967e-02 2.852943719201175756e-03 0.000000000000000000e+00 6.824802330420307907e-03 4.873646209386281458e-02 1.285071749839365989e-03 3.224565901410091917e-01 1.127986499689137556e-02 2.500000000000000139e-02 5.354752342704150164e-04 5.776250805239424579e-02 2.787342187243810245e-03 9.965102753005040948e-02 3.067484662576687188e-03 1.934682286119985758e-02 1.172922252010723775e-03 1.092412164157071167e-02 1.103926825421857683e-03 1.062238560020281469e-01 1.068935427574171058e-02 4.032258064516129029e-04 0.000000000000000000e+00 2.213722490290690736e-01 8.256589393458239889e-03 4.537478064677864104e-02 6.827492034592626399e-04 4.552352048558422001e-03 0.000000000000000000e+00 3.740851179181350211e-02 1.322751322751322678e-03 1.802735184417737085e-02 2.017024426350851052e-02 8.086968049847540960e-03 8.861174926156876325e-03 1.077973409989220173e-03 0.000000000000000000e+00 1.228960726689820940e-02 3.725088470851182685e-04 0.000000000000000000e+00 0.000000000000000000e+00 2.415458937198067604e-02 0.000000000000000000e+00 0.000000000000000000e+00 0.000000000000000000e+00 1.626394052044609698e-03 0.000000000000000000e+00 1.644195988161788928e-04 0.000000000000000000e+00 3.498460677301987176e-03 0.000000000000000000e+00 8.607371441182962504e-03 0.000000000000000000e+00 0.000000000000000000e+00 0.000000000000000000e+00 7.848061528802386137e-04 0.000000000000000000e+00 4.777070063694267323e-03 8.667764583513912213e-05 1.459736926531921691e-02 0.000000000000000000e+00 1.006362058993637981e-02 0.000000000000000000e+00 2.180866530968304535e-03 0.000000000000000000e+00 9.997674959311787790e-03 0.000000000000000000e+00 1.158106747230614256e-02 5.867970660146699805e-04 5.528255528255528010e-03 1.385521302390024280e-03 3.631201434548714940e-02 2.183088342308252185e-03 7.930419268510258135e-02 1.539882968894364058e-03 9.655172413793104008e-03 0.000000000000000000e+00 9.288409002211525656e-02 1.088308457711442820e-03 8.196721311475409829e-04 0.000000000000000000e+00 1.661523854735343086e-03 0.000000000000000000e+00 7.137758743754461137e-04 5.777007510109762826e-04 5.361084831283506776e-03 1.367989056087551281e-04 0.000000000000000000e+00 0.000000000000000000e+00 1.309757694826457156e-03 0.000000000000000000e+00 1.998001998001998000e-03 1.013427919939194387e-03 5.221932114882506379e-04 0.000000000000000000e+00 2.568218298555377185e-02 1.470588235294117627e-02 1.303780964797913913e-03 7.818608287724784865e-04 1.539645881447267032e-03 4.784688995215311143e-04 0.000000000000000000e+00 0.000000000000000000e+00 1.000000000000000021e-03 2.230649118893598167e-04 4.734350341925302325e-03 0.000000000000000000e+00 9.546539379474940773e-03 0.000000000000000000e+00 0.000000000000000000e+00 0.000000000000000000e+00 0.000000000000000000e+00 0.000000000000000000e+00 0.000000000000000000e+00 0.000000000000000000e+00 0.000000000000000000e+00 0.000000000000000000e+00
1.498127340823970097e-03 9.463171036204744146e-02 6.824802330420307907e-03 0.000000000000000000e+00 4.211793020457280101e-03 6.018419361747697621e-02 7.225265120615312689e-03 1.825206501465494180e-01 2.272727272727272617e-03 4.497991967871486224e-02 3.006227184882971984e-03 2.885718970323003854e-02 4.394468140105984438e-03 4.489682097044059988e-02 1.597444089456868943e-03 3.083109919571045549e-02 8.857395925597874500e-04 1.072386058981233264e-02 6.844974014450500889e-03 1.765924956369982479e-01 4.032258064516129029e-04 9.186954524575103405e-04 2.094857008355890254e-02 3.083518577326135324e-01 8.774128854349461798e-03 2.366863905325443732e-02 2.731411229135052941e-03 1.577287066246056734e-03 1.084304689617782494e-03 2.870370370370370350e-02 1.719850808122668981e-02 2.146558105107327849e-02 8.749834283441601523e-03 2.395799146701673918e-02 3.593244699964067606e-04 1.374885426214482063e-03 0.000000000000000000e+00 3.594710374371391098e-02 0.000000000000000000e+00 1.633319722335647289e-03 0.000000000000000000e+00 6.250000000000000347e-03 0.000000000000000000e+00 9.133254178463786331e-05 0.000000000000000000e+00 2.562788313685289529e-04 0.000000000000000000e+00 1.218769043266300969e-04 0.000000000000000000e+00 2.580947911778507832e-03 1.103509159126020813e-04 1.257861635220125724e-03 0.000000000000000000e+00 3.492229788720097603e-04 0.000000000000000000e+00 3.378378378378378566e-04 4.246284501061571267e-04 2.158273381294964141e-02 3.208213025344882892e-04 1.632579834947972888e-02 3.470213996529786086e-04 9.402030838661151399e-03 1.453911020645536447e-04 3.307607497243660478e-03 0.000000000000000000e+00 5.208333333333333044e-03 5.035246727089627387e-04 1.290953545232273805e-02 1.433251433251433180e-03 4.502944232767578693e-03 2.092050209205020741e-03 2.823460922718672855e-02 8.028545941123996655e-04 5.836156452109639986e-02 0.000000000000000000e+00 1.697530864197530770e-02 9.106283335501496549e-04 8.426616915422885379e-02 0.000000000000000000e+00 0.000000000000000000e+00 0.000000000000000000e+00 2.166156982670744066e-03 0.000000000000000000e+00 0.000000000000000000e+00 0.000000000000000000e+00 1.641586867305061537e-03 0.000000000000000000e+00 0.000000000000000000e+00 0.000000000000000000e+00 9.235505387378142124e-04 0.000000000000000000e+00 1.773498859893590015e-03 0.000000000000000000e+00 3.940110323089046759e-04 1.605136436597110741e-03 4.621848739495798553e-02 0.000000000000000000e+00 0.000000000000000000e+00 7.698229407236335158e-04 0.000000000000000000e+00 0.000000000000000000e+00 1.464128843338213803e-03 1.500000000000000031e-03 2.230649118893598167e-04 1.052077853761178294e-03 1.252086811352253739e-03 0.000000000000000000e+00 0.000000000000000000e+00 0.000000000000000000e+00 0.000000000000000000e+00 0.000000000000000000e+00 0.000000000000000000e+00 0.000000000000000000e+00 0.000000000000000000e+00 0.000000000000000000e+00 0.000000000000000000e+00
0.000000000000000000e+00 0.000000000000000000e+00 4.873646209386281458e-02 4.211793020457280101e-03 0.000000000000000000e+00 1.713428999785821319e-03 2.330730684069455907e-04 2.664535038635757998e-04 3.214285714285714524e-01 1.606425702811245049e-03 2.147305132059265664e-04 0.000000000000000000e+00 1.163241566498642889e-03 1.394311210262130589e-04 1.409300674476393345e-01 1.005361930294906185e-03 0.000000000000000000e+00 0.000000000000000000e+00 0.000000000000000000e+00 0.000000000000000000e+00 9.274193548387096170e-03 9.186954524575103405e-04 7.649758738378251328e-03 7.145125436646554418e-03 7.771371270995236502e-02 4.324078288575329727e-03 1.098634294385432419e-01 2.253267237494366879e-04 2.033071293033342393e-03 1.322751322751322841e-04 2.486531288852051377e-03 7.031828275351591738e-03 2.651464934376242689e-04 2.187944426211574107e-04 3.593244699964067606e-04 0.000000000000000000e+00 2.671653753673524159e-04 0.000000000000000000e+00 0.000000000000000000e+00 0.000000000000000000e+00 0.000000000000000000e+00 0.000000000000000000e+00 0.000000000000000000e+00 0.000000000000000000e+00 0.000000000000000000e+00 0.000000000000000000e+00 0.000000000000000000e+00 0.000000000000000000e+00 0.000000000000000000e+00 0.000000000000000000e+00 0.000000000000000000e+00 0.000000000000000000e+00 0.000000000000000000e+00 0.000000000000000000e+00 0.000000000000000000e+00 0.000000000000000000e+00 1.061571125265392817e-04 0.000000000000000000e+00 0.000000000000000000e+00 0.000000000000000000e+00 1.156737998843262029e-04 0.000000000000000000e+00 1.453911020645536447e-04 0.000000000000000000e+00 2.325040688212043729e-04 0.000000000000000000e+00 0.000000000000000000e+00 0.000000000000000000e+00 0.000000000000000000e+00 0.000000000000000000e+00 1.561566049013747744e-02 3.638480570513753462e-04 1.793041926851025869e-02 3.079765937788728116e-04 4.137931034482758737e-03 0.000000000000000000e+00 1.300897619357356495e-04 0.000000000000000000e+00 0.000000000000000000e+00 0.000000000000000000e+00 0.000000000000000000e+00 0.000000000000000000e+00 0.000000000000000000e+00 0.000000000000000000e+00 7.883948281299274670e-05 0.000000000000000000e+00 3.364737550471063286e-04 0.000000000000000000e+00 0.000000000000000000e+00 0.000000000000000000e+00 0.000000000000000000e+00 0.000000000000000000e+00 0.000000000000000000e+00 0.000000000000000000e+00 0.000000000000000000e+00 0.000000000000000000e+00 0.000000000000000000e+00 0.000000000000000000e+00 0.000000000000000000e+00 0.000000000000000000e+00 0.000000000000000000e+00 0.000000000000000000e+00 0.000000000000000000e+00 0.000000000000000000e+00 0.000000000000000000e+00 0.000000000000000000e+00 0.000000000000000000e+00 0.000000000000000000e+00 0.000000000000000000e+00 0.000000000000000000e+00 0.000000000000000000e+00 0.000000000000000000e+00 0.000000000000000000e+00 0.000000000000000000e+00 0.000000000000000000e+00 0.000000000000000000e+00
0.000000000000000000e+00 8.567144998929106595e-04 1.285071749839365989e-03 6.018419361747697621e-02 1.713428999785821319e-03 0.000000000000000000e+00 1.165365342034727954e-04 4.085620392574829292e-03 1.948051948051948050e-03 2.045515394912985341e-01 0.000000000000000000e+00 6.558452205279554411e-04 0.000000000000000000e+00 1.673173452314556707e-03 1.774937877174298886e-04 1.280160857908847205e-01 0.000000000000000000e+00 0.000000000000000000e+00 0.000000000000000000e+00 1.199825479930192009e-03 1.250000000000000069e-02 2.756086357372531173e-02 3.412969283276450546e-03 3.572562718323277209e-02 6.267234895963901160e-03 1.247155211652253015e-01 3.945371775417298547e-03 1.739522307345651164e-01 0.000000000000000000e+00 8.333333333333333218e-03 1.450476585163696600e-03 1.739452257586972597e-02 0.000000000000000000e+00 8.751777704846296427e-04 0.000000000000000000e+00 4.582951420714940572e-04 0.000000000000000000e+00 3.725088470851182685e-04 0.000000000000000000e+00 0.000000000000000000e+00 0.000000000000000000e+00 0.000000000000000000e+00 0.000000000000000000e+00 0.000000000000000000e+00 0.000000000000000000e+00 0.000000000000000000e+00 0.000000000000000000e+00 0.000000000000000000e+00 0.000000000000000000e+00 0.000000000000000000e+00 0.000000000000000000e+00 0.000000000000000000e+00 0.000000000000000000e+00 0.000000000000000000e+00 0.000000000000000000e+00 0.000000000000000000e+00 0.000000000000000000e+00 8.667764583513912213e-05 0.000000000000000000e+00 0.000000000000000000e+00 0.000000000000000000e+00 0.000000000000000000e+00 0.000000000000000000e+00 0.000000000000000000e+00 0.000000000000000000e+00 1.270325203252032655e-04 0.000000000000000000e+00 1.955990220048899845e-04 0.000000000000000000e+00 3.463803255975060700e-04 6.724447101016139180e-04 3.136370251782855806e-02 0.000000000000000000e+00 3.141361256544502462e-02 0.000000000000000000e+00 1.234567901234567833e-02 0.000000000000000000e+00 6.218905472636815802e-04 0.000000000000000000e+00 0.000000000000000000e+00 0.000000000000000000e+00 1.274209989806320182e-04 0.000000000000000000e+00 0.000000000000000000e+00 0.000000000000000000e+00 4.787961696306429482e-04 0.000000000000000000e+00 0.000000000000000000e+00 0.000000000000000000e+00 2.052334530528476027e-04 0.000000000000000000e+00 0.000000000000000000e+00 0.000000000000000000e+00 0.000000000000000000e+00 0.000000000000000000e+00 0.000000000000000000e+00 0.000000000000000000e+00 0.000000000000000000e+00 0.000000000000000000e+00 0.000000000000000000e+00 0.000000000000000000e+00 0.000000000000000000e+00 0.000000000000000000e+00 0.000000000000000000e+00 0.000000000000000000e+00 0.000000000000000000e+00 0.000000000000000000e+00 0.000000000000000000e+00 0.000000000000000000e+00 0.000000000000000000e+00 0.000000000000000000e+00 0.000000000000000000e+00 0.000000000000000000e+00 0.000000000000000000e+00 0.000000000000000000e+00 0.000000000000000000e+00
9.952220020976576542e-02 2.796876820883346763e-03 3.224565901410091917e-01 7.225265120615312689e-03 2.330730684069455907e-04 1.165365342034727954e-04 0.000000000000000000e+00 1.181277200461852694e-02 2.110389610389610399e-02 8.032128514056225245e-04 7.043160833154391010e-02 2.131496966715855021e-03 2.481582008530438255e-01 3.067484662576687188e-03 5.502307419240326167e-03 5.026809651474530927e-04 2.361972246826099867e-03 4.731114966093676326e-04 9.380149575358093586e-03 9.489528795811517925e-03 0.000000000000000000e+00 0.000000000000000000e+00 1.294574555725550198e-02 5.874880914576056240e-03 0.000000000000000000e+00 2.275830678197542133e-04 0.000000000000000000e+00 0.000000000000000000e+00 7.861208999728924382e-03 1.322751322751322678e-03 4.351429755491090234e-03 1.036269430051813510e-02 1.988598700782182125e-03 7.001422163877037141e-03 0.000000000000000000e+00 0.000000000000000000e+00 2.938819129040876141e-03 0.000000000000000000e+00 6.720430107526882257e-04 0.000000000000000000e+00 0.000000000000000000e+00 0.000000000000000000e+00 0.000000000000000000e+00 0.000000000000000000e+00 0.000000000000000000e+00 1.281394156842644765e-04 1.644195988161788928e-04 0.000000000000000000e+00 8.396305625524768876e-04 0.000000000000000000e+00 5.738247627455307469e-03 0.000000000000000000e+00 0.000000000000000000e+00 0.000000000000000000e+00 1.412651075184429440e-03 1.126126126126126143e-04 2.972399150743099995e-03 1.733552916702782443e-04 4.972730189284568780e-03 1.794043774668102012e-04 1.445922498554077541e-02 0.000000000000000000e+00 3.925559755742948596e-03 0.000000000000000000e+00 1.953034178098116830e-02 1.270325203252032655e-04 4.028197381671701910e-04 9.779951100244499223e-05 0.000000000000000000e+00 0.000000000000000000e+00 5.880155409444112052e-02 3.056323679231553059e-03 2.586975914362176637e-02 1.462888820449645801e-03 0.000000000000000000e+00 7.716049382716048954e-04 1.339924547938077352e-02 1.399253731343283501e-03 0.000000000000000000e+00 0.000000000000000000e+00 1.661523854735343086e-03 0.000000000000000000e+00 0.000000000000000000e+00 0.000000000000000000e+00 9.381898454746136207e-03 0.000000000000000000e+00 0.000000000000000000e+00 0.000000000000000000e+00 6.112202575856799484e-03 0.000000000000000000e+00 0.000000000000000000e+00 0.000000000000000000e+00 0.000000000000000000e+00 0.000000000000000000e+00 4.815409309791332006e-03 0.000000000000000000e+00 0.000000000000000000e+00 0.000000000000000000e+00 0.000000000000000000e+00 0.000000000000000000e+00 0.000000000000000000e+00 0.000000000000000000e+00 0.000000000000000000e+00 0.000000000000000000e+00 0.000000000000000000e+00 0.000000000000000000e+00 0.000000000000000000e+00 0.000000000000000000e+00 0.000000000000000000e+00 0.000000000000000000e+00 0.000000000000000000e+00 0.000000000000000000e+00 0.000000000000000000e+00 0.000000000000000000e+00 0.000000000000000000e+00 0.000000000000000000e+00
1.243449684696687138e-03 1.428190780708766261e-01 1.127986499689137556e-02 1.825206501465494180e-01 2.664535038635757998e-04 4.085620392574829292e-03 1.181277200461852694e-02 0.000000000000000000e+00 2.597402597402597400e-03 8.701472556894243593e-02 2.791496671677045228e-03 1.749467125758321084e-01 6.074705958381801559e-03 2.603179029559397617e-01 2.129925452609158880e-03 2.513404825737265355e-02 2.952465308532624833e-04 3.311780476265573266e-03 6.844974014450500889e-03 1.134380453752181425e-02 0.000000000000000000e+00 0.000000000000000000e+00 2.483229375073555539e-02 1.000317561130517618e-02 1.754825770869892229e-03 4.551661356395084266e-04 6.069802731411229118e-04 2.253267237494366879e-04 1.219842775820005523e-03 1.097883597883597857e-02 1.284707832573559957e-02 3.145817912657290858e-03 6.628662335940607372e-03 3.500711081938518571e-03 0.000000000000000000e+00 4.582951420714940572e-04 0.000000000000000000e+00 5.587632706276774407e-03 0.000000000000000000e+00 4.083299305839118223e-04 0.000000000000000000e+00 0.000000000000000000e+00 0.000000000000000000e+00 0.000000000000000000e+00 0.000000000000000000e+00 5.125576627370579058e-04 0.000000000000000000e+00 1.218769043266300969e-04 0.000000000000000000e+00 2.463632097606757200e-03 0.000000000000000000e+00 2.515723270440251447e-03 0.000000000000000000e+00 1.746114894360048801e-04 0.000000000000000000e+00 1.576576576576576520e-03 1.061571125265392817e-04 1.248158100026003359e-02 1.604106512672441446e-04 4.126300681736634439e-03 2.313475997686524057e-04 1.654757427604362438e-02 1.453911020645536447e-04 9.233737596471884579e-03 0.000000000000000000e+00 1.067073170731707397e-02 5.035246727089627387e-04 3.129584352078239751e-03 0.000000000000000000e+00 6.927606511950121400e-04 5.753138075313807796e-03 9.387279871925484354e-02 2.586975914362176724e-03 3.210655990144749283e-02 0.000000000000000000e+00 1.080246913580246854e-02 1.691166905164563552e-03 3.669154228855721345e-02 0.000000000000000000e+00 2.628120893561103864e-03 0.000000000000000000e+00 1.235983690112130509e-02 0.000000000000000000e+00 0.000000000000000000e+00 0.000000000000000000e+00 1.757865937072503396e-02 0.000000000000000000e+00 6.908462867012089489e-04 0.000000000000000000e+00 7.285787583376090656e-03 0.000000000000000000e+00 0.000000000000000000e+00 0.000000000000000000e+00 0.000000000000000000e+00 0.000000000000000000e+00 1.050420168067226975e-02 0.000000000000000000e+00 0.000000000000000000e+00 0.000000000000000000e+00 0.000000000000000000e+00 0.000000000000000000e+00 0.000000000000000000e+00 5.000000000000000104e-04 4.461298237787196335e-04 0.000000000000000000e+00 0.000000000000000000e+00 0.000000000000000000e+00 0.000000000000000000e+00 0.000000000000000000e+00 0.000000000000000000e+00 0.000000000000000000e+00 0.000000000000000000e+00 0.000000000000000000e+00 0.000000000000000000e+00 0.000000000000000000e+00 0.000000000000000000e+00
1.623376623376623484e-03 0.000000000000000000e+00 2.500000000000000139e-02 2.272727272727272617e-03 3.214285714285714524e-01 1.948051948051948050e-03 2.110389610389610399e-02 2.597402597402597400e-03 0.000000000000000000e+00 0.000000000000000000e+00 1.503113592441485992e-03 0.000000000000000000e+00 2.455732195941579335e-02 2.788622420524261179e-04 2.385516506922257807e-01 0.000000000000000000e+00 0.000000000000000000e+00 0.000000000000000000e+00 7.605526682722778525e-04 0.000000000000000000e+00 2.822580645161290158e-03 0.000000000000000000e+00 4.119100859126750315e-03 2.222927913623372678e-03 6.517924291802456790e-03 0.000000000000000000e+00 8.497723823975721416e-03 2.253267237494366879e-04 4.608294930875576033e-03 0.000000000000000000e+00 0.000000000000000000e+00 2.035529237601776259e-03 1.325732467188121344e-04 0.000000000000000000e+00 0.000000000000000000e+00 0.000000000000000000e+00 2.671653753673524159e-04 0.000000000000000000e+00 0.000000000000000000e+00 0.000000000000000000e+00 0.000000000000000000e+00 0.000000000000000000e+00 0.000000000000000000e+00 0.000000000000000000e+00 0.000000000000000000e+00 0.000000000000000000e+00 0.000000000000000000e+00 0.000000000000000000e+00 0.000000000000000000e+00 0.000000000000000000e+00 1.103509159126020813e-04 0.000000000000000000e+00 0.000000000000000000e+00 0.000000000000000000e+00 0.000000000000000000e+00 0.000000000000000000e+00 1.061571125265392817e-04 0.000000000000000000e+00 0.000000000000000000e+00 0.000000000000000000e+00 1.156737998843261920e-03 0.000000000000000000e+00 7.269555103227682506e-04 0.000000000000000000e+00 9.300162752848174915e-04 0.000000000000000000e+00 3.021148036253776432e-04 0.000000000000000000e+00 2.047502047502047632e-04 0.000000000000000000e+00 5.379557680812911344e-03 2.910784456411002552e-04 7.493309545049063256e-03 1.539882968894364058e-04 2.758620689655172202e-03 0.000000000000000000e+00 1.821256667100299310e-03 1.554726368159203950e-04 8.196721311475409829e-04 0.000000000000000000e+00 4.747211013529551598e-04 0.000000000000000000e+00 0.000000000000000000e+00 0.000000000000000000e+00 3.941974140649637335e-04 0.000000000000000000e+00 0.000000000000000000e+00 0.000000000000000000e+00 2.182929491377428503e-04 0.000000000000000000e+00 0.000000000000000000e+00 0.000000000000000000e+00 0.000000000000000000e+00 0.000000000000000000e+00 0.000000000000000000e+00 0.000000000000000000e+00 0.000000000000000000e+00 0.000000000000000000e+00 0.000000000000000000e+00 0.000000000000000000e+00 0.000000000000000000e+00 0.000000000000000000e+00 0.000000000000000000e+00 0.000000000000000000e+00 0.000000000000000000e+00 0.000000000000000000e+00 0.000000000000000000e+00 0.000000000000000000e+00 0.000000000000000000e+00 0.000000000000000000e+00 0.000000000000000000e+00 0.000000000000000000e+00 0.000000000000000000e+00 0.000000000000000000e+00 0.000000000000000000e+00 0.000000000000000000e+00
0.000000000000000000e+00 2.677376171352074865e-03 5.354752342704150164e-04 4.497991967871486224e-02 1.606425702811245049e-03 2.045515394912985341e-01 8.032128514056225245e-04 8.701472556894243593e-02 0.000000000000000000e+00 0.000000000000000000e+00 0.000000000000000000e+00 3.935071323167732213e-03 0.000000000000000000e+00 3.220858895705521613e-02 1.774937877174298886e-04 2.067694369973190338e-01 0.000000000000000000e+00 1.577038322031225261e-04 0.000000000000000000e+00 2.181500872600349082e-04 1.612903225806451612e-03 1.837390904915020681e-03 3.412969283276450546e-03 8.256589393458239889e-03 4.512409125094008280e-03 1.638598088302230249e-02 1.517450682852807334e-03 7.728706624605678754e-02 0.000000000000000000e+00 5.952380952380952051e-03 1.450476585163696600e-03 9.252405625462619852e-04 0.000000000000000000e+00 5.469861065528935267e-04 0.000000000000000000e+00 0.000000000000000000e+00 0.000000000000000000e+00 0.000000000000000000e+00 0.000000000000000000e+00 0.000000000000000000e+00 0.000000000000000000e+00 0.000000000000000000e+00 0.000000000000000000e+00 0.000000000000000000e+00 0.000000000000000000e+00 0.000000000000000000e+00 0.000000000000000000e+00 0.000000000000000000e+00 0.000000000000000000e+00 1.173158141717503474e-04 0.000000000000000000e+00 0.000000000000000000e+00 0.000000000000000000e+00 0.000000000000000000e+00 0.000000000000000000e+00 1.126126126126126143e-04 0.000000000000000000e+00 1.733552916702782443e-04 0.000000000000000000e+00 0.000000000000000000e+00 0.000000000000000000e+00 0.000000000000000000e+00 0.000000000000000000e+00 4.134509371554575597e-04 0.000000000000000000e+00 1.270325203252032655e-04 0.000000000000000000e+00 1.955990220048899845e-04 0.000000000000000000e+00 0.000000000000000000e+00 3.735803945008966151e-04 1.135205938000291050e-02 8.920606601248885022e-05 1.308900523560209417e-02 0.000000000000000000e+00 6.944444444444444059e-03 0.000000000000000000e+00 1.243781094527363160e-03 0.000000000000000000e+00 0.000000000000000000e+00 0.000000000000000000e+00 5.096839959225280730e-04 0.000000000000000000e+00 0.000000000000000000e+00 0.000000000000000000e+00 6.155950752393980763e-04 0.000000000000000000e+00 0.000000000000000000e+00 0.000000000000000000e+00 2.052334530528476027e-04 0.000000000000000000e+00 0.000000000000000000e+00 0.000000000000000000e+00 0.000000000000000000e+00 0.000000000000000000e+00 2.100840336134453690e-03 0.000000000000000000e+00 0.000000000000000000e+00 0.000000000000000000e+00 0.000000000000000000e+00 0.000000000000000000e+00 0.000000000000000000e+00 0.000000000000000000e+00 0.000000000000000000e+00 0.000000000000000000e+00 0.000000000000000000e+00 0.000000000000000000e+00 0.000000000000000000e+00 0.000000000000000000e+00 0.000000000000000000e+00 0.000000000000000000e+00 0.000000000000000000e+00 0.000000000000000000e+00 0.000000000000000000e+00 0.000000000000000000e+00 0.000000000000000000e+00
2.608975735452007672e-01 8.589220528237062656e-04 5.776250805239424579e-02 3.006227184882971984e-03 2.147305132059265664e-04 0.000000000000000000e+00 7.043160833154391010e-02 2.791496671677045228e-03 1.503113592441485992e-03 0.000000000000000000e+00 0.000000000000000000e+00 4.918839153959665266e-04 1.112834431950368297e-01 0.000000000000000000e+00 4.437344692935747160e-03 0.000000000000000000e+00 5.211101269560082516e-02 0.000000000000000000e+00 1.647864114589935383e-02 3.490401396160558532e-03 0.000000000000000000e+00 0.000000000000000000e+00 4.825232434977050518e-03 1.587805652588123264e-04 0.000000000000000000e+00 0.000000000000000000e+00 0.000000000000000000e+00 0.000000000000000000e+00 5.285985361886690048e-02 0.000000000000000000e+00 4.144218814753418780e-04 0.000000000000000000e+00 1.856025454063370099e-03 2.297341647522153137e-03 3.593244699964067606e-04 0.000000000000000000e+00 2.671653753673524159e-04 0.000000000000000000e+00 0.000000000000000000e+00 0.000000000000000000e+00 0.000000000000000000e+00 0.000000000000000000e+00 0.000000000000000000e+00 0.000000000000000000e+00 2.323420074349442270e-04 0.000000000000000000e+00 0.000000000000000000e+00 0.000000000000000000e+00 1.399384270920794903e-04 0.000000000000000000e+00 1.875965570514235301e-03 0.000000000000000000e+00 0.000000000000000000e+00 0.000000000000000000e+00 1.569612305760477065e-04 0.000000000000000000e+00 7.855626326963906572e-03 0.000000000000000000e+00 2.566570420275906313e-03 0.000000000000000000e+00 2.082128397917871673e-02 0.000000000000000000e+00 7.560337307356789632e-03 0.000000000000000000e+00 1.697279702394791784e-02 1.270325203252032655e-04 8.056394763343403820e-04 0.000000000000000000e+00 8.190008190008190529e-04 6.927606511950121400e-04 2.189181111775254096e-02 5.821568912822005105e-04 3.746654772524531628e-03 7.699414844471820290e-05 0.000000000000000000e+00 0.000000000000000000e+00 2.211525952907506150e-03 1.554726368159203950e-04 0.000000000000000000e+00 0.000000000000000000e+00 4.272489912176596384e-03 0.000000000000000000e+00 0.000000000000000000e+00 5.777007510109762826e-04 6.385998107852412266e-03 0.000000000000000000e+00 3.364737550471063286e-04 0.000000000000000000e+00 3.710980135341628537e-03 0.000000000000000000e+00 0.000000000000000000e+00 0.000000000000000000e+00 0.000000000000000000e+00 0.000000000000000000e+00 0.000000000000000000e+00 2.100840336134453690e-03 0.000000000000000000e+00 0.000000000000000000e+00 0.000000000000000000e+00 0.000000000000000000e+00 0.000000000000000000e+00 7.320644216691069017e-04 0.000000000000000000e+00 0.000000000000000000e+00 0.000000000000000000e+00 0.000000000000000000e+00 0.000000000000000000e+00 0.000000000000000000e+00 0.000000000000000000e+00 0.000000000000000000e+00 0.000000000000000000e+00 0.000000000000000000e+00 0.000000000000000000e+00 0.000000000000000000e+00 0.000000000000000000e+00 0.000000000000000000e+00
4.918839153959665266e-04 1.049352352844728636e-01 2.787342187243810245e-03 2.885718970323003854e-02 0.000000000000000000e+00 6.558452205279554411e-04 2.131496966715855021e-03 1.749467125758321084e-01 0.000000000000000000e+00 3.935071323167732213e-03 4.918839153959665266e-04 0.000000000000000000e+00 1.292490629442936663e-04 1.464026770775236908e-01 0.000000000000000000e+00 5.529490616621984128e-03 0.000000000000000000e+00 8.705251537612364310e-02 2.281658004816833774e-03 2.650523560209424104e-02 0.000000000000000000e+00 0.000000000000000000e+00 2.589149111451100310e-03 1.270244522070498611e-03 0.000000000000000000e+00 0.000000000000000000e+00 0.000000000000000000e+00 0.000000000000000000e+00 1.355380862022228117e-04 1.353174603174603086e-01 1.864898466639038641e-03 1.295336787564766888e-03 1.988598700782182125e-03 7.329613827808773366e-03 3.593244699964067606e-04 9.165902841429881143e-04 0.000000000000000000e+00 1.117526541255354751e-03 0.000000000000000000e+00 0.000000000000000000e+00 0.000000000000000000e+00 0.000000000000000000e+00 0.000000000000000000e+00 0.000000000000000000e+00 0.000000000000000000e+00 0.000000000000000000e+00 0.000000000000000000e+00 0.000000000000000000e+00 0.000000000000000000e+00 2.346316283435006947e-04 0.000000000000000000e+00 8.984725965858041271e-05 0.000000000000000000e+00 0.000000000000000000e+00 0.000000000000000000e+00 1.126126126126126143e-04 0.000000000000000000e+00 7.367599895986825381e-03 0.000000000000000000e+00 5.382131324004305224e-04 0.000000000000000000e+00 2.632568634825122218e-03 0.000000000000000000e+00 1.722712238147739924e-02 0.000000000000000000e+00 1.905487804878048738e-03 1.007049345417925477e-04 1.662591687041564854e-03 0.000000000000000000e+00 2.078281953585036420e-03 8.965929468021518545e-04 2.663367777616067536e-02 1.784121320249777004e-04 6.390514320911610570e-03 0.000000000000000000e+00 0.000000000000000000e+00 2.601795238714712990e-04 3.420398009950248799e-03 0.000000000000000000e+00 1.314060446780551932e-03 0.000000000000000000e+00 1.975025484199796275e-02 0.000000000000000000e+00 0.000000000000000000e+00 7.883948281299274670e-05 8.002735978112174992e-03 0.000000000000000000e+00 6.908462867012089489e-04 0.000000000000000000e+00 6.157003591585428516e-03 0.000000000000000000e+00 0.000000000000000000e+00 0.000000000000000000e+00 0.000000000000000000e+00 0.000000000000000000e+00 0.000000000000000000e+00 0.000000000000000000e+00 0.000000000000000000e+00 0.000000000000000000e+00 0.000000000000000000e+00 0.000000000000000000e+00 0.000000000000000000e+00 0.000000000000000000e+00 0.000000000000000000e+00 5.260389268805891472e-04 0.000000000000000000e+00 0.000000000000000000e+00 0.000000000000000000e+00 0.000000000000000000e+00 0.000000000000000000e+00 0.000000000000000000e+00 0.000000000000000000e+00 0.000000000000000000e+00 0.000000000000000000e+00 0.000000000000000000e+00 0.000000000000000000e+00
4.472017577872560573e-02 2.584981258885873327e-04 9.965102753005040948e-02 4.394468140105984438e-03 1.163241566498642889e-03 0.000000000000000000e+00 2.481582008530438255e-01 6.074705958381801559e-03 2.455732195941579335e-02 0.000000000000000000e+00 1.112834431950368297e-01 1.292490629442936663e-04 0.000000000000000000e+00 6.971556051310652405e-04 1.372026979055732954e-01 1.675603217158176976e-04 6.200177147918511933e-03 0.000000000000000000e+00 1.001394346558499154e-02 2.617801047120419007e-03 0.000000000000000000e+00 0.000000000000000000e+00 2.353771919501000329e-02 3.016830739917434039e-03 0.000000000000000000e+00 0.000000000000000000e+00 0.000000000000000000e+00 0.000000000000000000e+00 7.806993765248035344e-02 1.322751322751322841e-04 2.486531288852051377e-03 4.071058475203552518e-03 1.856025454063370099e-03 1.859752762279838099e-03 0.000000000000000000e+00 0.000000000000000000e+00 5.343307507347048319e-04 1.862544235425591342e-04 0.000000000000000000e+00 0.000000000000000000e+00 0.000000000000000000e+00 0.000000000000000000e+00 0.000000000000000000e+00 0.000000000000000000e+00 0.000000000000000000e+00 0.000000000000000000e+00 0.000000000000000000e+00 0.000000000000000000e+00 2.798768541841589806e-04 0.000000000000000000e+00 1.213860075038622867e-03 0.000000000000000000e+00 0.000000000000000000e+00 0.000000000000000000e+00 4.708836917281431465e-04 0.000000000000000000e+00 2.972399150743099995e-03 1.733552916702782443e-04 2.887391722810394440e-03 1.794043774668102012e-04 1.954887218045112812e-02 0.000000000000000000e+00 1.424832800232625832e-02 0.000000000000000000e+00 2.604045570797489106e-02 0.000000000000000000e+00 6.042296072507552865e-04 0.000000000000000000e+00 2.047502047502047632e-04 0.000000000000000000e+00 4.938732815301852958e-02 1.237083393974676166e-03 2.515611061552185460e-02 5.389590391130273661e-04 9.655172413793104008e-03 0.000000000000000000e+00 2.055418238584623414e-02 4.664179104477611851e-04 8.196721311475409829e-04 0.000000000000000000e+00 5.221932114882506595e-03 0.000000000000000000e+00 0.000000000000000000e+00 0.000000000000000000e+00 8.593503626616209173e-03 0.000000000000000000e+00 0.000000000000000000e+00 0.000000000000000000e+00 4.365858982754856898e-03 0.000000000000000000e+00 3.330003330003330000e-04 0.000000000000000000e+00 0.000000000000000000e+00 0.000000000000000000e+00 3.210272873194221482e-03 2.100840336134453690e-03 6.518904823989569563e-04 0.000000000000000000e+00 7.698229407236335158e-04 0.000000000000000000e+00 0.000000000000000000e+00 0.000000000000000000e+00 0.000000000000000000e+00 2.230649118893598167e-04 5.260389268805891472e-04 0.000000000000000000e+00 0.000000000000000000e+00 0.000000000000000000e+00 0.000000000000000000e+00 0.000000000000000000e+00 0.000000000000000000e+00 0.000000000000000000e+00 0.000000000000000000e+00 0.000000000000000000e+00 0.000000000000000000e+00 0.000000000000000000e+00
