3.039421918556957092e-01 4.791165016058539505e-01 3.878980576352084597e-01 4.897347475651394610e-01 3.623562923299734617e-01 0.000000000000000000e+00 3.665710219352256716e-01 4.630016104729349213e-01 3.726476248196248786e-01 0.000000000000000000e+00 3.475073293545073994e-01 4.781871651370336318e-01 3.890369188616746854e-01 4.791788923007794243e-01 3.943907363238809416e-01 0.000000000000000000e+00 2.955503193046288279e-01 4.667358546465938951e-01 4.077137380337683692e-01 4.969061892958983040e-01 0.000000000000000000e+00 0.000000000000000000e+00 4.185827303288783829e-01 4.414378129520970528e-01 3.511059239130435161e-01 0.000000000000000000e+00 3.762832199999999738e-01 0.000000000000000000e+00 4.106363913469778804e-01 4.807256767517627538e-01 4.154972188363901808e-01 0.000000000000000000e+00 4.009606232695011041e-01 4.819103698269504021e-01 4.116117241379310676e-01 0.000000000000000000e+00 4.913414779781357655e-01 5.095335243907683775e-01 4.978044752475246360e-01 0.000000000000000000e+00 3.592602499999999477e-01 0.000000000000000000e+00 3.836266780701754753e-01 0.000000000000000000e+00 4.634298316371341930e-01 5.139165630182420674e-01 0.000000000000000000e+00 0.000000000000000000e+00 4.532377932054137415e-01 4.853462730796543889e-01 4.329077240805052074e-01 4.746867952755904341e-01 4.738927500000000292e-01 0.000000000000000000e+00 4.206208738055212115e-01 0.000000000000000000e+00 3.357635322859129912e-01 4.745650434247192795e-01 4.387380494744559933e-01 4.939401162298793779e-01 4.080103310510558301e-01 4.410021987179487679e-01 3.739638727317601274e-01 4.585718462483284186e-01 4.482952170600569830e-01 0.000000000000000000e+00 4.400088057472866243e-01 5.016502720885972488e-01 3.847898688747998786e-01 5.061596056325853299e-01 3.558034625872457668e-01 4.907374921673625656e-01 3.982309273432350638e-01 4.692325985600259153e-01 3.995088136273237667e-01 5.124756450417933262e-01 3.804321856818920211e-01 4.649190999718415540e-01 0.000000000000000000e+00 0.000000000000000000e+00 4.119241751523197714e-01 0.000000000000000000e+00 4.290838260869565546e-01 0.000000000000000000e+00 4.382787117740798988e-01 4.824423931034483304e-01 0.000000000000000000e+00 0.000000000000000000e+00 4.495077867887632972e-01 4.766339104477612665e-01 4.756265774901040078e-01 4.620348681613490327e-01 0.000000000000000000e+00 0.000000000000000000e+00 4.598738201139311310e-01 0.000000000000000000e+00 4.366526025501256680e-01 0.000000000000000000e+00 4.431689649752209026e-01 4.934784885496183993e-01 4.440741742424242355e-01 0.000000000000000000e+00 4.678613687729998860e-01 4.525699482600407109e-01 4.545991574299754201e-01 0.000000000000000000e+00 0.000000000000000000e+00 0.000000000000000000e+00 0.000000000000000000e+00 0.000000000000000000e+00 0.000000000000000000e+00 0.000000000000000000e+00 0.000000000000000000e+00 0.000000000000000000e+00 0.000000000000000000e+00 4.408374700869366336e-01
4.791165016058539505e-01 3.096794928676572800e-01 5.032837254754169987e-01 3.845007833012568654e-01 0.000000000000000000e+00 3.639527345679012815e-01 4.711975101471744254e-01 3.368771574107081168e-01 0.000000000000000000e+00 3.303425918309675358e-01 4.726455518511880061e-01 3.214247567607333989e-01 0.000000000000000000e+00 4.042789937419780100e-01 0.000000000000000000e+00 4.100337303118352650e-01 4.710672916400038268e-01 3.496614830006534169e-01 5.114545270826659218e-01 3.900047793712574928e-01 0.000000000000000000e+00 0.000000000000000000e+00 4.798643141767130471e-01 4.040121123699485506e-01 0.000000000000000000e+00 3.579176338028168813e-01 0.000000000000000000e+00 0.000000000000000000e+00 4.886626886061227748e-01 4.417306468502176231e-01 4.534680085227272839e-01 3.912973492063492320e-01 5.148056528044386848e-01 4.328927502350099488e-01 0.000000000000000000e+00 4.602618562593703277e-01 4.855345377358490921e-01 5.039702114183504111e-01 0.000000000000000000e+00 5.095605066666667460e-01 0.000000000000000000e+00 0.000000000000000000e+00 0.000000000000000000e+00 4.329140520695260452e-01 0.000000000000000000e+00 4.602339917906063671e-01 0.000000000000000000e+00 4.222041573033707418e-01 0.000000000000000000e+00 4.343368366253472224e-01 5.223728639999999368e-01 4.306830979220334088e-01 0.000000000000000000e+00 4.292687512846380948e-01 0.000000000000000000e+00 4.302481266755248668e-01 4.900351595248254588e-01 3.256779725728440877e-01 4.993420766745924055e-01 4.298310819201382471e-01 4.888673902495263568e-01 4.241490925989904182e-01 5.256174545454544988e-01 4.200111297166630453e-01 4.763041871728767584e-01 4.296463450285102903e-01 5.047547507378545850e-01 4.233241178871768873e-01 5.097260020569406302e-01 3.138175088320884765e-01 4.959518569635854024e-01 3.768002527566858828e-01 4.722549728938112978e-01 4.265870073416654362e-01 0.000000000000000000e+00 4.501034050252898377e-01 4.690881436943376559e-01 4.061107935211784037e-01 0.000000000000000000e+00 0.000000000000000000e+00 4.862305499999999836e-01 4.690741960450846570e-01 0.000000000000000000e+00 0.000000000000000000e+00 0.000000000000000000e+00 4.638746957142355076e-01 0.000000000000000000e+00 0.000000000000000000e+00 0.000000000000000000e+00 4.771970825643186420e-01 4.844946181057857015e-01 4.480869102621549138e-01 4.972766639344262107e-01 4.267814148209671532e-01 4.612058643416924730e-01 4.597170945945946441e-01 4.776955176780554591e-01 4.694764164159581643e-01 4.876218603283190567e-01 4.870576531771452222e-01 0.000000000000000000e+00 0.000000000000000000e+00 4.861027146058297110e-01 4.399167534623394937e-01 4.916960518647837119e-01 4.630077546522368692e-01 4.666400720720720874e-01 0.000000000000000000e+00 0.000000000000000000e+00 0.000000000000000000e+00 0.000000000000000000e+00 0.000000000000000000e+00 4.365084750000000069e-01 0.000000000000000000e+00 0.000000000000000000e+00 0.000000000000000000e+00
3.878980576352084597e-01 5.032837254754169987e-01 2.866927516189115011e-01 4.710673383656808211e-01 1.945772886974077853e-01 4.296473401105995182e-01 3.127521795323071618e-01 4.586766556943184803e-01 3.171384319787869943e-01 4.404245182096368505e-01 3.987588665874733929e-01 4.769978493240707995e-01 3.558483680601787769e-01 4.432453054720491004e-01 3.386825725777968255e-01 4.374266048840942944e-01 3.922423588723878973e-01 4.812156347102180542e-01 3.554801344469727953e-01 5.133844673192905494e-01 3.444868763636363407e-01 0.000000000000000000e+00 3.038643754865268942e-01 4.584680577188065542e-01 2.214286213228990885e-01 4.251673588058997311e-01 3.098399936719493097e-01 0.000000000000000000e+00 3.689529948441807594e-01 5.034543961516029231e-01 4.112767866376763615e-01 4.475653518462204272e-01 4.180364367134014048e-01 4.974028963955132721e-01 4.538294869565218104e-01 5.136243455882353315e-01 4.517731419763497680e-01 5.225121666666666664e-01 0.000000000000000000e+00 0.000000000000000000e+00 0.000000000000000000e+00 0.000000000000000000e+00 4.432906151462592259e-01 0.000000000000000000e+00 4.651264782557978927e-01 5.333386260162602532e-01 0.000000000000000000e+00 0.000000000000000000e+00 4.624982134418405555e-01 4.457412370100129473e-01 4.200953312034418352e-01 0.000000000000000000e+00 4.314496352823488090e-01 5.529699656250000039e-01 4.039129126745520382e-01 0.000000000000000000e+00 4.151025517324404834e-01 4.822565410636420746e-01 4.587286366647472247e-01 4.896193438586523561e-01 4.193263574380663439e-01 0.000000000000000000e+00 4.043661329326302400e-01 0.000000000000000000e+00 4.025158057641116671e-01 4.267848091603053673e-01 4.560928256746087928e-01 5.031253498725178908e-01 4.345032902802010710e-01 0.000000000000000000e+00 3.592892267511793580e-01 4.468571641879123812e-01 3.678250854184828555e-01 4.624020649938725969e-01 3.734882827386764581e-01 0.000000000000000000e+00 3.958792921344694848e-01 4.393960320526668628e-01 0.000000000000000000e+00 0.000000000000000000e+00 3.814606445003828061e-01 0.000000000000000000e+00 0.000000000000000000e+00 0.000000000000000000e+00 3.885060172944889145e-01 0.000000000000000000e+00 0.000000000000000000e+00 0.000000000000000000e+00 3.809644852317882746e-01 0.000000000000000000e+00 4.340013871258727174e-01 4.438412273978628586e-01 0.000000000000000000e+00 4.383152942174562416e-01 4.387432516607014388e-01 3.738436979166666063e-01 4.499366327204925020e-01 4.427421032258064826e-01 4.274734234757835427e-01 4.196046524468648453e-01 3.975937013888888316e-01 0.000000000000000000e+00 4.617730806429917179e-01 4.342886532125719290e-01 4.504289965028215881e-01 4.251647079815839558e-01 4.303918504672897272e-01 0.000000000000000000e+00 0.000000000000000000e+00 0.000000000000000000e+00 4.482743589743589663e-01 0.000000000000000000e+00 0.000000000000000000e+00 0.000000000000000000e+00 0.000000000000000000e+00 4.362444827586205442e-01
4.897347475651394610e-01 3.845007833012568654e-01 4.710673383656808211e-01 2.692128669824827014e-01 4.394743731418324639e-01 2.732700368537852031e-01 4.535126729752125274e-01 3.306253955476601281e-01 4.821786689189189734e-01 3.260321410520120589e-01 4.641694078680352331e-01 3.862464578984513008e-01 4.427152647379237749e-01 3.509448034690620388e-01 0.000000000000000000e+00 3.470120888928427960e-01 4.821512929421294946e-01 4.141220520979027042e-01 5.053946745827951892e-01 3.172998085570153393e-01 0.000000000000000000e+00 0.000000000000000000e+00 4.570684862669060489e-01 2.466078292148186912e-01 4.199314841351106109e-01 2.845579247138708134e-01 0.000000000000000000e+00 3.083973558197549703e-01 4.633003301213725611e-01 3.954170805495601515e-01 4.038894639688389021e-01 3.774150213989592162e-01 4.840443601334696866e-01 3.975027682408652785e-01 0.000000000000000000e+00 4.643152564050710973e-01 0.000000000000000000e+00 4.570735283594041798e-01 4.022226896551722719e-01 0.000000000000000000e+00 0.000000000000000000e+00 0.000000000000000000e+00 0.000000000000000000e+00 4.591087243394309514e-01 5.462609402173912443e-01 4.718908708569482524e-01 0.000000000000000000e+00 4.710877032967033529e-01 5.489130505617977329e-01 4.659357686386439434e-01 4.698834751773049434e-01 4.200703167216838785e-01 0.000000000000000000e+00 4.330236938146507231e-01 0.000000000000000000e+00 3.900772080924855278e-01 0.000000000000000000e+00 4.121517311856721655e-01 4.602863006376954891e-01 4.585878807911116795e-01 4.813037863247863202e-01 4.345362033099207655e-01 4.792975506315331202e-01 4.217617340425531824e-01 0.000000000000000000e+00 4.141840825949034133e-01 4.875033652487930635e-01 4.604456781058940962e-01 4.941494278542450935e-01 3.757490971156210446e-01 4.479939447520310813e-01 3.585272447377665372e-01 4.510731504323594043e-01 3.834495193568516758e-01 4.498701328774120656e-01 3.653159766896074134e-01 4.665050415452920984e-01 4.010301422975930952e-01 0.000000000000000000e+00 0.000000000000000000e+00 0.000000000000000000e+00 4.098903432772037503e-01 0.000000000000000000e+00 0.000000000000000000e+00 0.000000000000000000e+00 4.183111642799668961e-01 0.000000000000000000e+00 0.000000000000000000e+00 0.000000000000000000e+00 4.304225298950175027e-01 4.474074308957035062e-01 4.273405375516516891e-01 5.033839337814663972e-01 4.446309600000000195e-01 4.553349566134018978e-01 4.955667840909090405e-01 4.694049913043478184e-01 3.931523035714285519e-01 4.687526298470021113e-01 4.405591619337390630e-01 0.000000000000000000e+00 0.000000000000000000e+00 4.604825924743446430e-01 4.452691236557980714e-01 4.536047891942467380e-01 4.312051358456071570e-01 0.000000000000000000e+00 0.000000000000000000e+00 0.000000000000000000e+00 0.000000000000000000e+00 4.417808134642356443e-01 0.000000000000000000e+00 0.000000000000000000e+00 4.434729752066115527e-01 4.506699009900990149e-01 0.000000000000000000e+00
3.623562923299734617e-01 0.000000000000000000e+00 1.945772886974077853e-01 4.394743731418324639e-01 2.086037871619187134e-01 4.402734196319165738e-01 3.023420442639796479e-01 4.352242899314807678e-01 2.190516318914718097e-01 4.382779439038113622e-01 0.000000000000000000e+00 0.000000000000000000e+00 3.217440550586132542e-01 4.255281874999999880e-01 2.625730788263703763e-01 4.358061230930587726e-01 0.000000000000000000e+00 0.000000000000000000e+00 3.901842683124090994e-01 0.000000000000000000e+00 3.183275560498046719e-01 4.493935555555556571e-01 2.178851113692946984e-01 4.439598446556073941e-01 1.683261955576127455e-01 4.483170068580780709e-01 2.548286821142723424e-01 3.872299482393968262e-01 2.813992583691125593e-01 0.000000000000000000e+00 3.754888675611423032e-01 4.174708968302055512e-01 3.579922522138680452e-01 4.439577809732646596e-01 0.000000000000000000e+00 0.000000000000000000e+00 0.000000000000000000e+00 0.000000000000000000e+00 0.000000000000000000e+00 0.000000000000000000e+00 0.000000000000000000e+00 0.000000000000000000e+00 0.000000000000000000e+00 0.000000000000000000e+00 0.000000000000000000e+00 0.000000000000000000e+00 4.839283955223880884e-01 0.000000000000000000e+00 4.773389606299212606e-01 0.000000000000000000e+00 3.807337426872607899e-01 0.000000000000000000e+00 0.000000000000000000e+00 0.000000000000000000e+00 0.000000000000000000e+00 0.000000000000000000e+00 0.000000000000000000e+00 0.000000000000000000e+00 4.349302967391304175e-01 0.000000000000000000e+00 0.000000000000000000e+00 0.000000000000000000e+00 3.966004467120181065e-01 0.000000000000000000e+00 0.000000000000000000e+00 0.000000000000000000e+00 4.228708544613367648e-01 0.000000000000000000e+00 0.000000000000000000e+00 0.000000000000000000e+00 3.676382927528915046e-01 4.913746118067978674e-01 3.318697277214081587e-01 0.000000000000000000e+00 3.001947579064453975e-01 0.000000000000000000e+00 3.625709935567203446e-01 0.000000000000000000e+00 0.000000000000000000e+00 0.000000000000000000e+00 3.712011459858061135e-01 0.000000000000000000e+00 4.017055890410959340e-01 0.000000000000000000e+00 3.643901164681597193e-01 0.000000000000000000e+00 3.859190576923076654e-01 0.000000000000000000e+00 3.809019463004101325e-01 0.000000000000000000e+00 0.000000000000000000e+00 0.000000000000000000e+00 0.000000000000000000e+00 0.000000000000000000e+00 0.000000000000000000e+00 0.000000000000000000e+00 0.000000000000000000e+00 0.000000000000000000e+00 0.000000000000000000e+00 0.000000000000000000e+00 0.000000000000000000e+00 0.000000000000000000e+00 0.000000000000000000e+00 0.000000000000000000e+00 0.000000000000000000e+00 0.000000000000000000e+00 0.000000000000000000e+00 0.000000000000000000e+00 0.000000000000000000e+00 0.000000000000000000e+00 0.000000000000000000e+00 0.000000000000000000e+00 0.000000000000000000e+00 0.000000000000000000e+00 0.000000000000000000e+00 0.000000000000000000e+00
0.000000000000000000e+00 3.639527345679012815e-01 4.296473401105995182e-01 2.732700368537852031e-01 4.402734196319165738e-01 1.925163495849737672e-01 4.432096797710808889e-01 3.135678974893626458e-01 4.597994099491988229e-01 2.553404343660471421e-01 0.000000000000000000e+00 3.430112888816139738e-01 4.670449633342115270e-01 3.263077726760389430e-01 4.192428142632711463e-01 2.522513856162115764e-01 0.000000000000000000e+00 3.610345882352941072e-01 0.000000000000000000e+00 3.750509696408536597e-01 3.926977300632200629e-01 3.209537549019607638e-01 4.327137582001452376e-01 1.939665300084823796e-01 4.362786434183185680e-01 2.281579861002666354e-01 4.276082611275587309e-01 2.607263678406797625e-01 0.000000000000000000e+00 2.875662013140662943e-01 3.747972114442418845e-01 3.501667242991165496e-01 3.827956849315068411e-01 3.738708596330380107e-01 0.000000000000000000e+00 4.445744300000000759e-01 0.000000000000000000e+00 3.967326222222221643e-01 0.000000000000000000e+00 0.000000000000000000e+00 0.000000000000000000e+00 0.000000000000000000e+00 0.000000000000000000e+00 0.000000000000000000e+00 0.000000000000000000e+00 0.000000000000000000e+00 0.000000000000000000e+00 0.000000000000000000e+00 0.000000000000000000e+00 3.411145323741006652e-01 0.000000000000000000e+00 3.608555146503453770e-01 0.000000000000000000e+00 0.000000000000000000e+00 0.000000000000000000e+00 3.558327169811320578e-01 0.000000000000000000e+00 0.000000000000000000e+00 0.000000000000000000e+00 4.544250695113872807e-01 0.000000000000000000e+00 0.000000000000000000e+00 4.486298838709677494e-01 0.000000000000000000e+00 0.000000000000000000e+00 0.000000000000000000e+00 4.419630955414012297e-01 4.343204652506306163e-01 0.000000000000000000e+00 3.993106877854488701e-01 4.556358220551378069e-01 3.348047721322497949e-01 4.255951385976702861e-01 3.324586982777341659e-01 0.000000000000000000e+00 3.369300450208977393e-01 0.000000000000000000e+00 3.463572368421052317e-01 0.000000000000000000e+00 0.000000000000000000e+00 0.000000000000000000e+00 4.014381699376813883e-01 0.000000000000000000e+00 0.000000000000000000e+00 0.000000000000000000e+00 3.918798543945887780e-01 0.000000000000000000e+00 4.057674642857142522e-01 0.000000000000000000e+00 4.043109339891142184e-01 0.000000000000000000e+00 0.000000000000000000e+00 0.000000000000000000e+00 0.000000000000000000e+00 0.000000000000000000e+00 0.000000000000000000e+00 0.000000000000000000e+00 0.000000000000000000e+00 0.000000000000000000e+00 0.000000000000000000e+00 0.000000000000000000e+00 0.000000000000000000e+00 0.000000000000000000e+00 0.000000000000000000e+00 0.000000000000000000e+00 0.000000000000000000e+00 0.000000000000000000e+00 0.000000000000000000e+00 0.000000000000000000e+00 0.000000000000000000e+00 0.000000000000000000e+00 0.000000000000000000e+00 0.000000000000000000e+00 0.000000000000000000e+00 0.000000000000000000e+00 0.000000000000000000e+00
3.665710219352256716e-01 4.711975101471744254e-01 3.127521795323071618e-01 4.535126729752125274e-01 3.023420442639796479e-01 4.432096797710808889e-01 2.650714024574462035e-01 4.422239206774025710e-01 3.298556370637006352e-01 4.332768484848484869e-01 3.806872833911825182e-01 4.588151124166098271e-01 3.035501772749065741e-01 4.256567324685976428e-01 3.241289269642055326e-01 4.041403887431068154e-01 3.680203602890583237e-01 4.809477441773991613e-01 4.209662388334051153e-01 4.814187334116207251e-01 0.000000000000000000e+00 0.000000000000000000e+00 3.668606463672418605e-01 4.485084129130109676e-01 3.344111082063498941e-01 3.790579130434782451e-01 3.253581534037945366e-01 0.000000000000000000e+00 3.407241314047769198e-01 4.555660927960927808e-01 4.063538646205144822e-01 4.397047545440202487e-01 3.997551812745513411e-01 4.798280409728155060e-01 4.452093392857142673e-01 0.000000000000000000e+00 4.428979655172414209e-01 4.296127293964460692e-01 4.062720433457189806e-01 0.000000000000000000e+00 0.000000000000000000e+00 0.000000000000000000e+00 4.392509077189020172e-01 4.743270273224044487e-01 4.494502081160350326e-01 5.184442838709678592e-01 0.000000000000000000e+00 0.000000000000000000e+00 4.549683985602065439e-01 5.280462000000000211e-01 4.149572810165140790e-01 4.875916938865709205e-01 3.881382281302986348e-01 0.000000000000000000e+00 3.840164304007698259e-01 0.000000000000000000e+00 4.165420198264301321e-01 4.936024117214648510e-01 4.376069053107684570e-01 5.205501532846715795e-01 4.242067547964019081e-01 0.000000000000000000e+00 4.008488436204083460e-01 0.000000000000000000e+00 4.236272132071547958e-01 4.349670555555555373e-01 4.464029048335342864e-01 4.959556607962992136e-01 4.282471567655538602e-01 0.000000000000000000e+00 3.079276575659373738e-01 4.649564046636414094e-01 3.474604739457571867e-01 4.488134208411961867e-01 3.427320977866443741e-01 4.541161008403729604e-01 3.782652251326569792e-01 4.421854182217080931e-01 0.000000000000000000e+00 0.000000000000000000e+00 3.706354199785388270e-01 4.477449051094891108e-01 4.269271168467386746e-01 0.000000000000000000e+00 4.007809622645838732e-01 4.254969288881850220e-01 3.893011437499999672e-01 0.000000000000000000e+00 4.021173241372587581e-01 0.000000000000000000e+00 4.442068607128176194e-01 4.211510919677060594e-01 0.000000000000000000e+00 4.486539485294117613e-01 4.403813423307290087e-01 0.000000000000000000e+00 0.000000000000000000e+00 0.000000000000000000e+00 0.000000000000000000e+00 4.557802850570481512e-01 0.000000000000000000e+00 0.000000000000000000e+00 4.149132519083969517e-01 4.301514618200324991e-01 4.406784832166654176e-01 0.000000000000000000e+00 0.000000000000000000e+00 0.000000000000000000e+00 0.000000000000000000e+00 0.000000000000000000e+00 0.000000000000000000e+00 0.000000000000000000e+00 0.000000000000000000e+00 0.000000000000000000e+00 0.000000000000000000e+00 0.000000000000000000e+00
4.630016104729349213e-01 3.368771574107081168e-01 4.586766556943184803e-01 3.306253955476601281e-01 4.352242899314807678e-01 3.135678974893626458e-01 4.422239206774025710e-01 2.720645041240990492e-01 4.480381176470588644e-01 3.272008195721557433e-01 4.533589231236787587e-01 3.386143251683998434e-01 4.293958419912517477e-01 3.085342142546351196e-01 4.100034054498055136e-01 3.261515704910777358e-01 4.690857169980907071e-01 3.840796728466271404e-01 4.912703598109247616e-01 3.969018578956552967e-01 0.000000000000000000e+00 0.000000000000000000e+00 4.514238005974391954e-01 3.552732990333815066e-01 3.863466511627905997e-01 3.066982454367666033e-01 4.485621230031691664e-01 0.000000000000000000e+00 4.417762401028187957e-01 3.632973911613236462e-01 4.216032619414332161e-01 3.621427879610242817e-01 4.824193548581239832e-01 3.942954675958711963e-01 0.000000000000000000e+00 0.000000000000000000e+00 0.000000000000000000e+00 4.366082035387890414e-01 0.000000000000000000e+00 4.279045695350241485e-01 0.000000000000000000e+00 0.000000000000000000e+00 0.000000000000000000e+00 4.347598555265612674e-01 0.000000000000000000e+00 4.189268200544344345e-01 0.000000000000000000e+00 4.282486304049821779e-01 0.000000000000000000e+00 4.098915727552840949e-01 0.000000000000000000e+00 4.078785818968441168e-01 0.000000000000000000e+00 3.885685296326382154e-01 0.000000000000000000e+00 4.091786206535294457e-01 4.747128676302829198e-01 4.302219362523853063e-01 4.319319032258064350e-01 4.547699621302273565e-01 4.696241840776183007e-01 4.212565365134536277e-01 4.627934137931034586e-01 3.963181495964261392e-01 4.048774761904762043e-01 4.141890596626507937e-01 5.073319244623039070e-01 4.510119352902918766e-01 0.000000000000000000e+00 3.976075052742616411e-01 4.599959554219812952e-01 3.183428385497544255e-01 4.282191788468325822e-01 3.639937801677179396e-01 4.426582027464361357e-01 3.386964191644984412e-01 4.429434520998179470e-01 3.759653122881348453e-01 0.000000000000000000e+00 0.000000000000000000e+00 0.000000000000000000e+00 4.364426001574422953e-01 0.000000000000000000e+00 4.137253483870967918e-01 4.122842706766917664e-01 4.252171519100894637e-01 0.000000000000000000e+00 4.246505991809116920e-01 0.000000000000000000e+00 4.281586591348421900e-01 4.797461643910977402e-01 4.231554195860393608e-01 0.000000000000000000e+00 0.000000000000000000e+00 4.473666059429077246e-01 4.464268837209302565e-01 0.000000000000000000e+00 0.000000000000000000e+00 4.492858848571428254e-01 0.000000000000000000e+00 0.000000000000000000e+00 0.000000000000000000e+00 4.630934159999999800e-01 4.146010798518035001e-01 4.540427519609765983e-01 4.324293300000000007e-01 0.000000000000000000e+00 0.000000000000000000e+00 0.000000000000000000e+00 0.000000000000000000e+00 0.000000000000000000e+00 0.000000000000000000e+00 0.000000000000000000e+00 0.000000000000000000e+00 0.000000000000000000e+00 0.000000000000000000e+00
3.726476248196248786e-01 0.000000000000000000e+00 3.171384319787869943e-01 4.821786689189189734e-01 2.190516318914718097e-01 4.597994099491988229e-01 3.298556370637006352e-01 4.480381176470588644e-01 1.996582205007659261e-01 4.165294102564101597e-01 0.000000000000000000e+00 0.000000000000000000e+00 3.056526280947134411e-01 0.000000000000000000e+00 2.375373764000827947e-01 4.847944237288135394e-01 0.000000000000000000e+00 0.000000000000000000e+00 4.012117356321838746e-01 0.000000000000000000e+00 0.000000000000000000e+00 0.000000000000000000e+00 3.583671684069880681e-01 4.196248268511709734e-01 3.243127674418604944e-01 4.305438838089711839e-01 3.048701321182727964e-01 0.000000000000000000e+00 2.903438345603707726e-01 0.000000000000000000e+00 0.000000000000000000e+00 4.225525308440089556e-01 4.394868415841583498e-01 0.000000000000000000e+00 0.000000000000000000e+00 0.000000000000000000e+00 0.000000000000000000e+00 0.000000000000000000e+00 0.000000000000000000e+00 0.000000000000000000e+00 0.000000000000000000e+00 0.000000000000000000e+00 0.000000000000000000e+00 0.000000000000000000e+00 0.000000000000000000e+00 0.000000000000000000e+00 0.000000000000000000e+00 0.000000000000000000e+00 0.000000000000000000e+00 0.000000000000000000e+00 4.148330246608253336e-01 0.000000000000000000e+00 0.000000000000000000e+00 0.000000000000000000e+00 4.338541272727272080e-01 0.000000000000000000e+00 4.122493655913978539e-01 0.000000000000000000e+00 0.000000000000000000e+00 0.000000000000000000e+00 4.166460522494652707e-01 0.000000000000000000e+00 4.052571223571194148e-01 0.000000000000000000e+00 4.342993969094231521e-01 0.000000000000000000e+00 0.000000000000000000e+00 0.000000000000000000e+00 0.000000000000000000e+00 0.000000000000000000e+00 3.407938056582057729e-01 0.000000000000000000e+00 3.283632523312099427e-01 0.000000000000000000e+00 2.850512226337005295e-01 0.000000000000000000e+00 3.701716285022256803e-01 0.000000000000000000e+00 0.000000000000000000e+00 0.000000000000000000e+00 3.517665524205971228e-01 0.000000000000000000e+00 0.000000000000000000e+00 0.000000000000000000e+00 3.996837932505788449e-01 0.000000000000000000e+00 0.000000000000000000e+00 0.000000000000000000e+00 3.788861678192836369e-01 0.000000000000000000e+00 0.000000000000000000e+00 0.000000000000000000e+00 0.000000000000000000e+00 0.000000000000000000e+00 0.000000000000000000e+00 0.000000000000000000e+00 0.000000000000000000e+00 0.000000000000000000e+00 0.000000000000000000e+00 0.000000000000000000e+00 0.000000000000000000e+00 0.000000000000000000e+00 0.000000000000000000e+00 0.000000000000000000e+00 0.000000000000000000e+00 0.000000000000000000e+00 0.000000000000000000e+00 0.000000000000000000e+00 0.000000000000000000e+00 0.000000000000000000e+00 0.000000000000000000e+00 0.000000000000000000e+00 0.000000000000000000e+00 0.000000000000000000e+00 0.000000000000000000e+00 0.000000000000000000e+00
0.000000000000000000e+00 3.303425918309675358e-01 4.404245182096368505e-01 3.260321410520120589e-01 4.382779439038113622e-01 2.553404343660471421e-01 4.332768484848484869e-01 3.272008195721557433e-01 4.165294102564101597e-01 2.385740278513788226e-01 0.000000000000000000e+00 3.578486010260068517e-01 0.000000000000000000e+00 3.145854028606280273e-01 4.263483086419752599e-01 2.589506984224664299e-01 0.000000000000000000e+00 4.372196037414966541e-01 0.000000000000000000e+00 4.200585945945945476e-01 4.219175365853659043e-01 0.000000000000000000e+00 4.440147476276227745e-01 3.225521227501779720e-01 4.376631151948441323e-01 3.230153493506493501e-01 4.391006968924842102e-01 3.022321950816903580e-01 0.000000000000000000e+00 3.235159105373281996e-01 3.830222737094837182e-01 3.573559571428571724e-01 4.345844602859740280e-01 0.000000000000000000e+00 0.000000000000000000e+00 0.000000000000000000e+00 0.000000000000000000e+00 0.000000000000000000e+00 0.000000000000000000e+00 0.000000000000000000e+00 0.000000000000000000e+00 0.000000000000000000e+00 0.000000000000000000e+00 0.000000000000000000e+00 0.000000000000000000e+00 3.981481297709923428e-01 0.000000000000000000e+00 0.000000000000000000e+00 0.000000000000000000e+00 0.000000000000000000e+00 0.000000000000000000e+00 3.294043224273496828e-01 0.000000000000000000e+00 0.000000000000000000e+00 0.000000000000000000e+00 0.000000000000000000e+00 0.000000000000000000e+00 0.000000000000000000e+00 0.000000000000000000e+00 3.763937825396824755e-01 0.000000000000000000e+00 0.000000000000000000e+00 0.000000000000000000e+00 4.414780697674418608e-01 0.000000000000000000e+00 4.544840425289807806e-01 0.000000000000000000e+00 4.258982698412698276e-01 0.000000000000000000e+00 0.000000000000000000e+00 4.528750361112523493e-01 3.189356696131330771e-01 0.000000000000000000e+00 3.449978192569522206e-01 0.000000000000000000e+00 3.311585181356339613e-01 0.000000000000000000e+00 3.451003055555555976e-01 0.000000000000000000e+00 0.000000000000000000e+00 0.000000000000000000e+00 3.977813367999999961e-01 0.000000000000000000e+00 0.000000000000000000e+00 0.000000000000000000e+00 4.128252584477739018e-01 0.000000000000000000e+00 0.000000000000000000e+00 0.000000000000000000e+00 4.130037481481481643e-01 0.000000000000000000e+00 0.000000000000000000e+00 0.000000000000000000e+00 0.000000000000000000e+00 0.000000000000000000e+00 0.000000000000000000e+00 0.000000000000000000e+00 0.000000000000000000e+00 0.000000000000000000e+00 0.000000000000000000e+00 0.000000000000000000e+00 0.000000000000000000e+00 0.000000000000000000e+00 0.000000000000000000e+00 0.000000000000000000e+00 0.000000000000000000e+00 0.000000000000000000e+00 0.000000000000000000e+00 0.000000000000000000e+00 0.000000000000000000e+00 0.000000000000000000e+00 0.000000000000000000e+00 0.000000000000000000e+00 0.000000000000000000e+00 0.000000000000000000e+00 0.000000000000000000e+00
3.475073293545073994e-01 4.726455518511880061e-01 3.987588665874733929e-01 4.641694078680352331e-01 0.000000000000000000e+00 0.000000000000000000e+00 3.806872833911825182e-01 4.533589231236787587e-01 0.000000000000000000e+00 0.000000000000000000e+00 2.886084500016294352e-01 4.624390483232646565e-01 3.151459623590855408e-01 4.562085323259451042e-01 3.424919088319088867e-01 0.000000000000000000e+00 3.094100253875897155e-01 4.321504306156144781e-01 4.159117532267508355e-01 4.822533290256640348e-01 0.000000000000000000e+00 0.000000000000000000e+00 3.958856756268571142e-01 4.845453769841269187e-01 0.000000000000000000e+00 0.000000000000000000e+00 0.000000000000000000e+00 0.000000000000000000e+00 3.525342432274755633e-01 4.705282926190476056e-01 4.179075234600455047e-01 4.502754963974246460e-01 3.857351800971081657e-01 4.651452748405165427e-01 4.628286161616161354e-01 0.000000000000000000e+00 5.553080144927536876e-01 4.645422357451045592e-01 0.000000000000000000e+00 0.000000000000000000e+00 0.000000000000000000e+00 0.000000000000000000e+00 0.000000000000000000e+00 0.000000000000000000e+00 4.480659509803922025e-01 0.000000000000000000e+00 0.000000000000000000e+00 0.000000000000000000e+00 4.574713559491978554e-01 0.000000000000000000e+00 4.651537703982989158e-01 0.000000000000000000e+00 0.000000000000000000e+00 0.000000000000000000e+00 4.087670833333333364e-01 0.000000000000000000e+00 4.023096667791119518e-01 0.000000000000000000e+00 4.484721111102168978e-01 0.000000000000000000e+00 4.340101060289475177e-01 0.000000000000000000e+00 4.157701228778418190e-01 0.000000000000000000e+00 4.573642800969459632e-01 0.000000000000000000e+00 4.253592182062299054e-01 4.810887666666666673e-01 4.146852941301603646e-01 0.000000000000000000e+00 3.457366070554415693e-01 4.583285806451612987e-01 3.670160998539094277e-01 4.404080295155528568e-01 0.000000000000000000e+00 0.000000000000000000e+00 3.952265024773645719e-01 4.496624177455403881e-01 0.000000000000000000e+00 0.000000000000000000e+00 4.158236298749037330e-01 0.000000000000000000e+00 0.000000000000000000e+00 0.000000000000000000e+00 4.415169715434567044e-01 0.000000000000000000e+00 0.000000000000000000e+00 0.000000000000000000e+00 4.313088561816451616e-01 0.000000000000000000e+00 0.000000000000000000e+00 4.511555740740740283e-01 0.000000000000000000e+00 0.000000000000000000e+00 0.000000000000000000e+00 0.000000000000000000e+00 0.000000000000000000e+00 0.000000000000000000e+00 4.789324414012738340e-01 0.000000000000000000e+00 0.000000000000000000e+00 0.000000000000000000e+00 4.486120956521738590e-01 0.000000000000000000e+00 4.763423680555556317e-01 0.000000000000000000e+00 0.000000000000000000e+00 0.000000000000000000e+00 0.000000000000000000e+00 0.000000000000000000e+00 0.000000000000000000e+00 0.000000000000000000e+00 0.000000000000000000e+00 4.406309574468085244e-01 0.000000000000000000e+00 0.000000000000000000e+00
4.781871651370336318e-01 3.214247567607333989e-01 4.769978493240707995e-01 3.862464578984513008e-01 0.000000000000000000e+00 3.430112888816139738e-01 4.588151124166098271e-01 3.386143251683998434e-01 0.000000000000000000e+00 3.578486010260068517e-01 4.624390483232646565e-01 2.811733166262190831e-01 4.408399451489323773e-01 2.896132044006627937e-01 0.000000000000000000e+00 3.686288430214844647e-01 4.331916630434782811e-01 3.409223536170955526e-01 4.869604078337764208e-01 4.164063342887873720e-01 0.000000000000000000e+00 0.000000000000000000e+00 4.600129596615783467e-01 3.890535701233619470e-01 0.000000000000000000e+00 3.647569481422079374e-01 0.000000000000000000e+00 0.000000000000000000e+00 4.570912673694396688e-01 3.600405891223743549e-01 4.547947560053365312e-01 3.709794879866140094e-01 4.812800070073666170e-01 3.935915826558622488e-01 0.000000000000000000e+00 4.975227245904607631e-01 0.000000000000000000e+00 4.778443948526784335e-01 0.000000000000000000e+00 4.136384861548555447e-01 0.000000000000000000e+00 0.000000000000000000e+00 0.000000000000000000e+00 4.918299721488639809e-01 0.000000000000000000e+00 4.075840023089613573e-01 0.000000000000000000e+00 4.645075755395683403e-01 0.000000000000000000e+00 4.354124925803290469e-01 0.000000000000000000e+00 4.040748707443272969e-01 0.000000000000000000e+00 3.915892350086696005e-01 0.000000000000000000e+00 4.408717569117686086e-01 4.617907933884298211e-01 4.089352866667297359e-01 5.602756174496643649e-01 4.460585646168805929e-01 0.000000000000000000e+00 4.318368311415451410e-01 0.000000000000000000e+00 4.157733125601302815e-01 0.000000000000000000e+00 4.529076427595767895e-01 5.189372500000000166e-01 4.549583686993632914e-01 4.726061111111111157e-01 4.382595697089241571e-01 0.000000000000000000e+00 3.603217393798081036e-01 4.493007503808280623e-01 3.909708535481751235e-01 0.000000000000000000e+00 3.640029833542208770e-01 4.520675108682022936e-01 4.150269353189580679e-01 0.000000000000000000e+00 0.000000000000000000e+00 0.000000000000000000e+00 4.636829280706533107e-01 0.000000000000000000e+00 0.000000000000000000e+00 0.000000000000000000e+00 4.637177543599498297e-01 0.000000000000000000e+00 4.361054490259740346e-01 0.000000000000000000e+00 4.702765020889166925e-01 4.416861441441441438e-01 4.330354247787611133e-01 0.000000000000000000e+00 0.000000000000000000e+00 4.593175490196077515e-01 0.000000000000000000e+00 0.000000000000000000e+00 0.000000000000000000e+00 0.000000000000000000e+00 5.003855692307691561e-01 0.000000000000000000e+00 0.000000000000000000e+00 4.476752222222221134e-01 0.000000000000000000e+00 0.000000000000000000e+00 0.000000000000000000e+00 0.000000000000000000e+00 0.000000000000000000e+00 0.000000000000000000e+00 0.000000000000000000e+00 0.000000000000000000e+00 0.000000000000000000e+00 0.000000000000000000e+00 4.693031126760563443e-01 0.000000000000000000e+00 0.000000000000000000e+00
3.890369188616746854e-01 0.000000000000000000e+00 3.558483680601787769e-01 4.427152647379237749e-01 3.217440550586132542e-01 4.670449633342115270e-01 3.035501772749065741e-01 4.293958419912517477e-01 3.056526280947134411e-01 0.000000000000000000e+00 3.151459623590855408e-01 4.408399451489323773e-01 2.729764282794809871e-01 4.142719320487624479e-01 2.671306117350605303e-01 3.916155555555555501e-01 3.831636186644641895e-01 4.508500707964601673e-01 4.055609069584310000e-01 4.645276180816638179e-01 0.000000000000000000e+00 0.000000000000000000e+00 3.736533218016271918e-01 4.462056763716369945e-01 3.619358585031741127e-01 0.000000000000000000e+00 3.637362193890952278e-01 0.000000000000000000e+00 3.352840150429832189e-01 4.383267525297619427e-01 3.625909014692508259e-01 4.235977094542213717e-01 4.041963759668593115e-01 4.496995267253270923e-01 4.734965045045044785e-01 0.000000000000000000e+00 4.921615494505495181e-01 0.000000000000000000e+00 0.000000000000000000e+00 0.000000000000000000e+00 0.000000000000000000e+00 0.000000000000000000e+00 0.000000000000000000e+00 0.000000000000000000e+00 0.000000000000000000e+00 4.752230974025974386e-01 4.140490869565217058e-01 0.000000000000000000e+00 4.536793790322580233e-01 5.348163467336684018e-01 4.414222395039386071e-01 4.207754825581394575e-01 0.000000000000000000e+00 0.000000000000000000e+00 4.082316542625214484e-01 0.000000000000000000e+00 4.099053094645352391e-01 0.000000000000000000e+00 4.306577342605019676e-01 0.000000000000000000e+00 4.364770960831343971e-01 0.000000000000000000e+00 4.303755102715629555e-01 0.000000000000000000e+00 4.533359008255097855e-01 0.000000000000000000e+00 4.397103931541040400e-01 4.835688538306451845e-01 3.808822016806722721e-01 4.970309444444445113e-01 3.174557715000113078e-01 4.139815012604957656e-01 3.674178844363790164e-01 4.341076323139288484e-01 3.793344210397565641e-01 4.442984374999999764e-01 3.816836510291855000e-01 4.203036051184108057e-01 3.504365374999999783e-01 0.000000000000000000e+00 3.803814676198712941e-01 0.000000000000000000e+00 0.000000000000000000e+00 0.000000000000000000e+00 4.209339088174301469e-01 0.000000000000000000e+00 0.000000000000000000e+00 0.000000000000000000e+00 4.211440473246252369e-01 4.825802090395480137e-01 4.205800168350168344e-01 4.054660488721804623e-01 0.000000000000000000e+00 0.000000000000000000e+00 4.397310135531136144e-01 4.152265054945054046e-01 0.000000000000000000e+00 4.220356451612902737e-01 0.000000000000000000e+00 0.000000000000000000e+00 0.000000000000000000e+00 0.000000000000000000e+00 0.000000000000000000e+00 0.000000000000000000e+00 4.237466533875302588e-01 0.000000000000000000e+00 0.000000000000000000e+00 0.000000000000000000e+00 0.000000000000000000e+00 0.000000000000000000e+00 3.743753044642857408e-01 0.000000000000000000e+00 0.000000000000000000e+00 0.000000000000000000e+00 0.000000000000000000e+00 0.000000000000000000e+00
