2.817135239115193812e-01 4.849150619958714770e-01 3.605927025665320862e-01 4.961436149609192436e-01 3.470831869281999493e-01 0.000000000000000000e+00 3.375718127784094746e-01 4.803359017089357530e-01 3.645834407445558978e-01 0.000000000000000000e+00 3.547418128109227631e-01 4.535557197289725728e-01 3.781690958702965677e-01 0.000000000000000000e+00 3.980636016184768700e-01 0.000000000000000000e+00 3.046802734561938064e-01 4.679249762157917658e-01 4.073039641880717987e-01 5.086521299397194218e-01 0.000000000000000000e+00 0.000000000000000000e+00 4.006978974270651861e-01 0.000000000000000000e+00 0.000000000000000000e+00 0.000000000000000000e+00 0.000000000000000000e+00 0.000000000000000000e+00 3.891809982605887730e-01 4.690413256743789505e-01 4.562044810126582584e-01 0.000000000000000000e+00 4.052902292270487705e-01 4.782415440000019058e-01 4.171216955416954808e-01 4.919844761904763053e-01 4.783321433410614998e-01 5.312283738317756798e-01 0.000000000000000000e+00 0.000000000000000000e+00 4.222735776173958122e-01 0.000000000000000000e+00 4.477178076923076788e-01 0.000000000000000000e+00 3.989172942695448087e-01 0.000000000000000000e+00 4.404502528665413807e-01 0.000000000000000000e+00 3.919174174196726756e-01 0.000000000000000000e+00 3.773666077123223883e-01 4.652131680911680833e-01 4.387625450659324855e-01 0.000000000000000000e+00 4.105410349060041320e-01 0.000000000000000000e+00 2.850140363151698053e-01 4.688430468945251062e-01 4.079723338619918871e-01 4.893591440965572303e-01 3.824119885585154366e-01 5.064966259541984206e-01 3.745170370004179405e-01 4.584734489795918577e-01 3.692347115835017402e-01 4.808556263986468737e-01 4.091705228860301746e-01 4.769163888161069287e-01 3.461858986506969882e-01 4.942071434108893380e-01 3.549346452401436203e-01 4.722824442094990527e-01 3.694788097972656060e-01 4.748634220334327916e-01 0.000000000000000000e+00 0.000000000000000000e+00 3.764632437120072339e-01 4.622304939650894728e-01 4.175934659090909662e-01 0.000000000000000000e+00 3.848452690488070593e-01 0.000000000000000000e+00 3.895650402434767123e-01 0.000000000000000000e+00 3.963547995927759193e-01 0.000000000000000000e+00 4.020878076923077304e-01 0.000000000000000000e+00 4.120422608484352045e-01 4.543771392405062670e-01 4.374911202541669764e-01 0.000000000000000000e+00 4.283382593683617290e-01 3.750141909090907166e-01 4.235330744128575908e-01 4.587437415730337698e-01 4.774886611319610341e-01 4.235545000000000559e-01 4.564195788029100642e-01 4.096712542372881738e-01 4.469518859567900848e-01 0.000000000000000000e+00 4.382501879316255122e-01 4.254570901320901544e-01 4.406311389094044739e-01 4.428027745098038759e-01 4.062810841666666395e-01 4.281988130841121731e-01 3.995671627906976497e-01 0.000000000000000000e+00 0.000000000000000000e+00 0.000000000000000000e+00 0.000000000000000000e+00 0.000000000000000000e+00 0.000000000000000000e+00 0.000000000000000000e+00
4.849150619958714770e-01 2.872786148428957964e-01 4.935626514204293214e-01 3.552575031278888962e-01 0.000000000000000000e+00 3.981524333897107915e-01 4.683458589381311876e-01 2.811808601667296070e-01 0.000000000000000000e+00 3.614266599383914591e-01 4.660132495707216549e-01 3.401565108991789765e-01 4.384657042442094421e-01 3.725445961980746179e-01 0.000000000000000000e+00 3.908873224375027378e-01 4.702975899804542892e-01 3.657725987149429980e-01 5.032643230624719299e-01 3.843141648737836702e-01 0.000000000000000000e+00 0.000000000000000000e+00 4.536340770462558569e-01 3.821239827596685235e-01 0.000000000000000000e+00 4.172529304347826207e-01 0.000000000000000000e+00 0.000000000000000000e+00 5.097051111111111643e-01 3.932470358999686222e-01 4.575872221246599647e-01 3.572786060368663419e-01 5.115611836388967992e-01 4.751199012644190534e-01 4.439630333333332568e-01 0.000000000000000000e+00 5.201201974971030317e-01 5.017320042641474354e-01 0.000000000000000000e+00 5.022978782147135002e-01 0.000000000000000000e+00 4.235156667243714090e-01 0.000000000000000000e+00 4.561422359781146518e-01 0.000000000000000000e+00 4.441488246343123780e-01 0.000000000000000000e+00 3.704632920016406317e-01 0.000000000000000000e+00 4.299984054873090544e-01 4.830870211996114438e-01 4.134380372882294763e-01 0.000000000000000000e+00 3.815043976778655921e-01 0.000000000000000000e+00 3.869088450269131951e-01 4.933174729397565850e-01 3.238973389599711927e-01 5.060622979112505693e-01 4.252087340551685690e-01 4.707126949152541373e-01 3.859207252610513672e-01 4.819869387057387211e-01 3.703595580016175171e-01 0.000000000000000000e+00 3.909638994826156178e-01 4.881335243361706322e-01 3.959855111947354622e-01 5.064665683632080251e-01 3.255672806755016135e-01 4.830226751997732104e-01 3.827771869370149016e-01 4.691237667985062587e-01 3.918485470333729626e-01 0.000000000000000000e+00 0.000000000000000000e+00 4.632087423377753144e-01 3.925399716406897110e-01 4.981791829268293337e-01 0.000000000000000000e+00 4.716902503438452077e-01 4.069770920220499577e-01 0.000000000000000000e+00 4.047643809523808756e-01 0.000000000000000000e+00 4.078704611719639050e-01 0.000000000000000000e+00 0.000000000000000000e+00 4.301033541666666737e-01 4.051109897971921225e-01 4.492829299655674569e-01 4.039575638371060151e-01 4.138788104758096553e-01 4.463975360074112775e-01 4.751143128054741149e-01 4.318467779224350878e-01 4.845376666666666443e-01 4.765058378378378423e-01 0.000000000000000000e+00 4.231911274192396988e-01 0.000000000000000000e+00 4.516552014886913713e-01 4.497714636814138522e-01 4.330735153000056514e-01 4.453146938083898387e-01 4.614651154594089366e-01 4.537873771186440863e-01 4.607453480529907774e-01 3.918929760784314320e-01 0.000000000000000000e+00 4.763517403846154186e-01 4.441196378676470768e-01 4.011705145631068725e-01 0.000000000000000000e+00 0.000000000000000000e+00 0.000000000000000000e+00
3.605927025665320862e-01 4.935626514204293214e-01 2.850834091704465556e-01 4.629078251214849837e-01 2.506006445410112193e-01 4.269029813395674999e-01 2.753730219364711740e-01 4.475919737595717707e-01 2.016988545618179640e-01 4.149382871483901503e-01 4.029421171823466818e-01 4.590542204445161034e-01 3.427274542455274187e-01 4.388956796791518289e-01 3.186303131989684512e-01 4.397050052799654773e-01 4.135190337607396738e-01 4.726821122439439082e-01 3.337000814983104857e-01 4.952147384041517553e-01 4.201890116279068943e-01 0.000000000000000000e+00 3.021464640084983166e-01 4.374042881600736510e-01 2.527303210147773815e-01 4.239706177635128581e-01 3.497704133544750627e-01 4.467629932415520533e-01 3.621728682164610524e-01 4.593690761403517175e-01 3.697599837174377901e-01 4.440812783577368639e-01 4.118539496446855797e-01 4.896018932857989503e-01 4.322421977026879025e-01 4.309593448275861882e-01 4.540519652514750648e-01 5.794414242424242856e-01 0.000000000000000000e+00 0.000000000000000000e+00 4.090192016129031716e-01 0.000000000000000000e+00 4.153367562094985033e-01 0.000000000000000000e+00 4.298344272140423028e-01 4.564330548780487495e-01 4.465162054794520885e-01 5.240624999999999867e-01 3.897703950767260062e-01 4.846847938931297395e-01 3.744398853052520182e-01 0.000000000000000000e+00 3.726879059829060203e-01 0.000000000000000000e+00 3.870739469026548973e-01 0.000000000000000000e+00 4.149984482465954305e-01 5.361488279569891491e-01 4.239825083235860825e-01 4.834321449207688581e-01 3.652195453709584649e-01 4.628815510088272744e-01 3.716566970047796015e-01 4.501535504121283449e-01 3.551577650668898412e-01 0.000000000000000000e+00 4.411021724798872556e-01 4.719634042408860086e-01 4.106132643351583789e-01 5.132508633520950214e-01 3.659554830357202304e-01 4.725270284110834051e-01 3.669596730631117243e-01 4.503309426816410888e-01 3.524333515299320485e-01 4.609552368421052648e-01 3.918970006377570647e-01 4.468804211018689854e-01 0.000000000000000000e+00 0.000000000000000000e+00 3.732560653760346181e-01 0.000000000000000000e+00 0.000000000000000000e+00 0.000000000000000000e+00 3.724277455427438821e-01 4.297246802721088610e-01 3.905016180037312878e-01 0.000000000000000000e+00 3.915656074084548077e-01 4.206446536312848372e-01 4.430852543964005075e-01 4.183693759398496859e-01 4.257524747652426389e-01 4.238190679719562315e-01 4.015291078575148331e-01 4.176967167007150650e-01 4.378193753216849116e-01 0.000000000000000000e+00 0.000000000000000000e+00 0.000000000000000000e+00 4.416088793152235792e-01 0.000000000000000000e+00 4.240447802041948933e-01 0.000000000000000000e+00 4.517031975273768651e-01 0.000000000000000000e+00 4.463073052631578164e-01 0.000000000000000000e+00 0.000000000000000000e+00 0.000000000000000000e+00 0.000000000000000000e+00 4.306642062058714249e-01 0.000000000000000000e+00 0.000000000000000000e+00 3.804956632653061499e-01 0.000000000000000000e+00
4.961436149609192436e-01 3.552575031278888962e-01 4.629078251214849837e-01 2.645427187135822034e-01 4.139412992409866598e-01 2.459502016231524257e-01 4.559349756690467825e-01 2.867793372051777312e-01 4.271360268311487074e-01 3.099659771444383538e-01 4.631655219006943769e-01 3.859855033977930283e-01 4.379290731288665306e-01 3.386493907149770721e-01 4.282887621637556097e-01 3.392323521297488376e-01 4.903519159171567665e-01 4.053167344845222675e-01 5.190808171060965481e-01 3.014504137556222596e-01 0.000000000000000000e+00 0.000000000000000000e+00 4.431098665602014042e-01 2.567396758832014569e-01 4.303990342212136166e-01 3.600448471236264991e-01 4.231897763157894121e-01 3.445880074314573993e-01 4.814418586109674436e-01 3.583863659818860570e-01 4.268136277262979394e-01 3.757811491366059298e-01 5.138225341593364304e-01 4.285397327877252249e-01 4.809549861286980255e-01 4.810152812582069726e-01 0.000000000000000000e+00 4.786651375205041581e-01 0.000000000000000000e+00 4.599597556913938567e-01 0.000000000000000000e+00 4.137103502454992365e-01 0.000000000000000000e+00 0.000000000000000000e+00 0.000000000000000000e+00 4.475513155921134190e-01 0.000000000000000000e+00 4.383562469144846596e-01 0.000000000000000000e+00 4.426550584264280497e-01 4.286807463195202450e-01 4.466930681516992907e-01 0.000000000000000000e+00 4.363203490566037179e-01 0.000000000000000000e+00 3.737975259437744668e-01 5.006679892278439459e-01 4.229570897149504405e-01 5.053698009006474257e-01 4.396267969278495058e-01 0.000000000000000000e+00 3.974712482880166098e-01 0.000000000000000000e+00 3.726300260376503304e-01 0.000000000000000000e+00 4.184690670232823484e-01 5.008560182529072646e-01 4.537435497784731986e-01 5.238596249722530240e-01 4.132729723999775673e-01 4.928121573205146433e-01 3.630499181685622467e-01 4.383160592630371832e-01 3.778807983202004395e-01 0.000000000000000000e+00 3.578264996711728596e-01 4.581919522881733320e-01 3.974487903409751888e-01 5.551432313432835830e-01 3.763488658536585096e-01 4.964468924731182953e-01 3.813894845521668131e-01 0.000000000000000000e+00 3.791615180722892053e-01 4.283920144927535478e-01 4.042641603783968529e-01 0.000000000000000000e+00 4.213530740740740188e-01 0.000000000000000000e+00 3.942510274706529927e-01 4.464630351833035471e-01 3.992877642857142750e-01 4.251980591820460065e-01 3.983577898016456009e-01 0.000000000000000000e+00 4.026972050526520519e-01 4.226241818854364340e-01 0.000000000000000000e+00 0.000000000000000000e+00 3.998263119266055043e-01 0.000000000000000000e+00 4.632451324186566688e-01 4.164909290780142159e-01 4.326114555874077672e-01 4.326776185660508034e-01 4.482252947647684116e-01 0.000000000000000000e+00 0.000000000000000000e+00 3.841716795169831111e-01 0.000000000000000000e+00 0.000000000000000000e+00 3.957211607142858134e-01 4.085744259259260214e-01 3.994054421393420928e-01 0.000000000000000000e+00 0.000000000000000000e+00
3.470831869281999493e-01 0.000000000000000000e+00 2.506006445410112193e-01 4.139412992409866598e-01 2.125177086139430072e-01 4.672616746759119533e-01 2.629571239149693374e-01 4.389703467068425957e-01 2.129081740286865310e-01 4.359217783502880583e-01 3.480590859367347356e-01 4.212146909090909719e-01 3.098747803256624578e-01 4.241490057471264952e-01 2.646730548557034712e-01 4.430852615447760101e-01 0.000000000000000000e+00 0.000000000000000000e+00 3.793920333620464103e-01 0.000000000000000000e+00 2.884178894286232309e-01 0.000000000000000000e+00 3.084259051727642476e-01 4.189420852432627629e-01 1.996522458347702866e-01 4.393825109103839943e-01 2.717199915436822044e-01 4.633286360942696080e-01 3.299021970598664533e-01 0.000000000000000000e+00 3.464131656784809055e-01 4.134797629944602648e-01 3.838583707021457347e-01 3.887041518842596632e-01 0.000000000000000000e+00 0.000000000000000000e+00 0.000000000000000000e+00 0.000000000000000000e+00 0.000000000000000000e+00 0.000000000000000000e+00 0.000000000000000000e+00 0.000000000000000000e+00 0.000000000000000000e+00 0.000000000000000000e+00 4.142798000000000314e-01 0.000000000000000000e+00 0.000000000000000000e+00 0.000000000000000000e+00 0.000000000000000000e+00 0.000000000000000000e+00 0.000000000000000000e+00 0.000000000000000000e+00 0.000000000000000000e+00 0.000000000000000000e+00 0.000000000000000000e+00 0.000000000000000000e+00 3.861836633541084751e-01 0.000000000000000000e+00 0.000000000000000000e+00 0.000000000000000000e+00 3.962505373229420202e-01 0.000000000000000000e+00 0.000000000000000000e+00 0.000000000000000000e+00 0.000000000000000000e+00 0.000000000000000000e+00 4.185085690942996206e-01 0.000000000000000000e+00 4.087385912408759148e-01 0.000000000000000000e+00 3.300514563546324553e-01 4.719094721254354363e-01 3.513260081996720796e-01 4.488394425891613082e-01 3.511164423076923446e-01 0.000000000000000000e+00 3.616911294754740491e-01 4.917820476190476464e-01 0.000000000000000000e+00 0.000000000000000000e+00 3.630987255577068917e-01 0.000000000000000000e+00 0.000000000000000000e+00 0.000000000000000000e+00 3.788100727036859405e-01 0.000000000000000000e+00 3.675815240963855035e-01 0.000000000000000000e+00 3.734206625000000002e-01 0.000000000000000000e+00 0.000000000000000000e+00 0.000000000000000000e+00 0.000000000000000000e+00 0.000000000000000000e+00 3.519857777777777863e-01 0.000000000000000000e+00 0.000000000000000000e+00 0.000000000000000000e+00 0.000000000000000000e+00 0.000000000000000000e+00 0.000000000000000000e+00 0.000000000000000000e+00 0.000000000000000000e+00 0.000000000000000000e+00 3.455405714285714747e-01 0.000000000000000000e+00 0.000000000000000000e+00 0.000000000000000000e+00 0.000000000000000000e+00 0.000000000000000000e+00 0.000000000000000000e+00 0.000000000000000000e+00 0.000000000000000000e+00 0.000000000000000000e+00 0.000000000000000000e+00 0.000000000000000000e+00
0.000000000000000000e+00 3.981524333897107915e-01 4.269029813395674999e-01 2.459502016231524257e-01 4.672616746759119533e-01 1.799574756764151240e-01 4.292514148176719835e-01 2.390330522314346173e-01 4.428647307429203206e-01 2.328026852205530295e-01 0.000000000000000000e+00 3.431216196253336070e-01 4.230890387106767681e-01 3.267572471216911301e-01 3.875896949702063443e-01 2.679097960950037605e-01 0.000000000000000000e+00 0.000000000000000000e+00 0.000000000000000000e+00 3.752232505280679309e-01 4.974423957975886434e-01 2.984196552889551435e-01 4.308648129203733190e-01 2.880900374463323255e-01 4.425082014472990211e-01 2.196213648949085218e-01 4.531765224797200120e-01 1.746154361762816964e-01 4.444974594594594541e-01 3.459026626504954072e-01 4.134577931617134383e-01 3.744829531528897637e-01 0.000000000000000000e+00 4.034672349855061291e-01 0.000000000000000000e+00 0.000000000000000000e+00 0.000000000000000000e+00 0.000000000000000000e+00 0.000000000000000000e+00 0.000000000000000000e+00 0.000000000000000000e+00 0.000000000000000000e+00 0.000000000000000000e+00 4.822077862068965826e-01 0.000000000000000000e+00 4.631144824561402862e-01 0.000000000000000000e+00 4.617900555555555231e-01 0.000000000000000000e+00 0.000000000000000000e+00 0.000000000000000000e+00 0.000000000000000000e+00 0.000000000000000000e+00 0.000000000000000000e+00 0.000000000000000000e+00 0.000000000000000000e+00 0.000000000000000000e+00 3.839850010416666626e-01 0.000000000000000000e+00 3.988719918032787581e-01 0.000000000000000000e+00 0.000000000000000000e+00 0.000000000000000000e+00 0.000000000000000000e+00 0.000000000000000000e+00 0.000000000000000000e+00 0.000000000000000000e+00 4.015771954575596547e-01 0.000000000000000000e+00 0.000000000000000000e+00 4.862855843493100183e-01 3.326541921691622550e-01 4.143629190614632196e-01 3.400277567887315389e-01 0.000000000000000000e+00 3.626687516129032396e-01 0.000000000000000000e+00 3.719128087789250747e-01 0.000000000000000000e+00 0.000000000000000000e+00 0.000000000000000000e+00 0.000000000000000000e+00 0.000000000000000000e+00 0.000000000000000000e+00 0.000000000000000000e+00 4.162419469794069737e-01 0.000000000000000000e+00 0.000000000000000000e+00 0.000000000000000000e+00 3.925849561119030828e-01 4.358638538461538370e-01 0.000000000000000000e+00 4.315429516129032361e-01 0.000000000000000000e+00 0.000000000000000000e+00 0.000000000000000000e+00 0.000000000000000000e+00 0.000000000000000000e+00 0.000000000000000000e+00 0.000000000000000000e+00 0.000000000000000000e+00 0.000000000000000000e+00 0.000000000000000000e+00 0.000000000000000000e+00 0.000000000000000000e+00 4.079444260869565797e-01 0.000000000000000000e+00 0.000000000000000000e+00 0.000000000000000000e+00 0.000000000000000000e+00 0.000000000000000000e+00 0.000000000000000000e+00 0.000000000000000000e+00 0.000000000000000000e+00 3.677351500000000106e-01 0.000000000000000000e+00
3.375718127784094746e-01 4.683458589381311876e-01 2.753730219364711740e-01 4.559349756690467825e-01 2.629571239149693374e-01 4.292514148176719835e-01 2.634977150676894309e-01 4.443880118722920436e-01 2.350757509438607118e-01 4.465516647963467811e-01 3.400171992445020219e-01 4.508439117914267991e-01 2.892686000571194627e-01 4.359267484763760803e-01 2.648510397181321196e-01 4.250009004991151529e-01 4.106637853833755014e-01 4.689761633013911357e-01 3.867507064730779653e-01 4.865711196937865246e-01 0.000000000000000000e+00 0.000000000000000000e+00 3.282806719508992166e-01 4.341947617843802121e-01 3.196864396192168889e-01 4.128682338668730467e-01 0.000000000000000000e+00 4.354754450091433693e-01 3.436222833949313382e-01 4.541383595883230484e-01 3.698163119350414418e-01 4.514250886553480835e-01 4.195370085169030094e-01 4.756713650220243395e-01 3.995185981124819707e-01 0.000000000000000000e+00 4.316459887789008687e-01 5.257897653061224252e-01 0.000000000000000000e+00 5.626425700000000640e-01 4.058470434782608383e-01 0.000000000000000000e+00 3.902184880397380207e-01 0.000000000000000000e+00 3.922415911956156909e-01 0.000000000000000000e+00 0.000000000000000000e+00 0.000000000000000000e+00 3.858011060694754857e-01 0.000000000000000000e+00 3.698684089842517730e-01 4.318495240963854398e-01 3.835077424450549222e-01 0.000000000000000000e+00 3.875013684964503935e-01 0.000000000000000000e+00 3.810594707265851366e-01 4.672245193378141703e-01 3.981053628826959900e-01 0.000000000000000000e+00 3.632831037502461946e-01 4.714964836956522243e-01 3.832589097580468285e-01 4.836257431192660938e-01 3.539509735650928635e-01 4.315736207988832840e-01 4.198946282420874532e-01 4.832871486587183574e-01 4.182060407120637979e-01 4.748982952279202641e-01 3.542321849888210861e-01 4.517541255354412533e-01 3.626590879294157577e-01 4.373236708203062650e-01 3.797033589743589177e-01 0.000000000000000000e+00 3.849254746024211582e-01 4.550879449006159372e-01 0.000000000000000000e+00 0.000000000000000000e+00 3.833373904834099788e-01 4.376113595652173505e-01 4.408347361863488856e-01 0.000000000000000000e+00 3.938325188809032040e-01 0.000000000000000000e+00 4.369529027777777630e-01 0.000000000000000000e+00 4.039989670797923260e-01 0.000000000000000000e+00 4.446977195218759782e-01 3.922087462686567605e-01 4.041747835820895252e-01 0.000000000000000000e+00 4.267068754705798383e-01 0.000000000000000000e+00 0.000000000000000000e+00 0.000000000000000000e+00 3.833961607142857275e-01 0.000000000000000000e+00 0.000000000000000000e+00 0.000000000000000000e+00 4.321065826684209465e-01 4.089543230769230875e-01 0.000000000000000000e+00 0.000000000000000000e+00 0.000000000000000000e+00 0.000000000000000000e+00 0.000000000000000000e+00 0.000000000000000000e+00 4.286548062015503868e-01 0.000000000000000000e+00 0.000000000000000000e+00 0.000000000000000000e+00 0.000000000000000000e+00 0.000000000000000000e+00
4.803359017089357530e-01 2.811808601667296070e-01 4.475919737595717707e-01 2.867793372051777312e-01 4.389703467068425957e-01 2.390330522314346173e-01 4.443880118722920436e-01 2.505029448166589678e-01 4.374484629493172738e-01 2.776925831627334307e-01 4.569139733582723295e-01 3.438161142135131021e-01 4.322976842549345888e-01 2.822318427569591170e-01 4.346581119835584706e-01 3.322284519505976919e-01 4.676723303141076538e-01 4.050636407681654227e-01 4.802120732097874267e-01 3.837578319833727658e-01 0.000000000000000000e+00 0.000000000000000000e+00 4.441664024637109187e-01 3.535870947315342683e-01 4.444429199946887121e-01 3.464261175553613459e-01 4.067557802300695857e-01 3.396733508771930254e-01 4.582053518106742329e-01 3.592457770935904571e-01 4.223516691185548178e-01 3.586332019178146147e-01 4.808286143471869334e-01 4.213935285146118703e-01 0.000000000000000000e+00 0.000000000000000000e+00 0.000000000000000000e+00 4.640881271627795845e-01 0.000000000000000000e+00 3.276587130434782669e-01 0.000000000000000000e+00 3.969187352941176417e-01 0.000000000000000000e+00 3.995871079330857722e-01 0.000000000000000000e+00 4.450393018414222079e-01 0.000000000000000000e+00 0.000000000000000000e+00 0.000000000000000000e+00 4.159266645032435039e-01 4.778463458646616813e-01 4.085747216580111751e-01 0.000000000000000000e+00 3.733092214480874249e-01 0.000000000000000000e+00 3.730912638546892701e-01 5.021449584397956745e-01 3.925878147833505305e-01 4.385604999999999642e-01 4.349985971439351284e-01 4.323988188158597312e-01 3.668574182259313199e-01 0.000000000000000000e+00 3.580764037406762301e-01 0.000000000000000000e+00 3.889055238156904903e-01 4.625439353442622470e-01 4.424048419899830331e-01 0.000000000000000000e+00 4.312192848811978174e-01 4.656167138864826249e-01 3.137412483775215422e-01 4.288216473976818044e-01 3.683176408068640773e-01 0.000000000000000000e+00 3.392674239367542421e-01 4.601267692014145982e-01 3.884697657722888664e-01 0.000000000000000000e+00 0.000000000000000000e+00 0.000000000000000000e+00 3.884126450052142188e-01 0.000000000000000000e+00 0.000000000000000000e+00 4.223661310344827280e-01 3.874641516411502784e-01 0.000000000000000000e+00 3.868831403769841248e-01 0.000000000000000000e+00 3.877460264644379540e-01 0.000000000000000000e+00 3.901939999999999853e-01 4.006456906474819557e-01 4.150569700168066367e-01 4.098417173913042610e-01 3.834505949608063569e-01 4.338749898989898712e-01 4.422737727272727515e-01 0.000000000000000000e+00 0.000000000000000000e+00 0.000000000000000000e+00 3.836478861788618633e-01 4.165283354350567402e-01 4.388253070175437975e-01 0.000000000000000000e+00 3.878967604166667082e-01 0.000000000000000000e+00 0.000000000000000000e+00 0.000000000000000000e+00 0.000000000000000000e+00 0.000000000000000000e+00 0.000000000000000000e+00 0.000000000000000000e+00 0.000000000000000000e+00 0.000000000000000000e+00 0.000000000000000000e+00
3.645834407445558978e-01 0.000000000000000000e+00 2.016988545618179640e-01 4.271360268311487074e-01 2.129081740286865310e-01 4.428647307429203206e-01 2.350757509438607118e-01 4.374484629493172738e-01 2.053027675779583450e-01 4.240145250361545548e-01 3.449804419565348779e-01 0.000000000000000000e+00 2.876698616613227455e-01 3.979782957822712852e-01 2.691821147014515914e-01 4.385664269306358554e-01 3.887889999999999957e-01 0.000000000000000000e+00 3.740102450777965104e-01 0.000000000000000000e+00 3.214041666666667130e-01 0.000000000000000000e+00 3.131994431071368212e-01 4.216058064151479989e-01 2.860776027667984445e-01 4.282041025444941473e-01 2.583873246303843851e-01 4.505719057226572066e-01 3.191899224094908449e-01 0.000000000000000000e+00 3.303006462123823650e-01 4.059202537155022772e-01 0.000000000000000000e+00 3.927953750000000022e-01 0.000000000000000000e+00 0.000000000000000000e+00 0.000000000000000000e+00 0.000000000000000000e+00 0.000000000000000000e+00 0.000000000000000000e+00 0.000000000000000000e+00 0.000000000000000000e+00 4.393325759493670879e-01 0.000000000000000000e+00 0.000000000000000000e+00 0.000000000000000000e+00 0.000000000000000000e+00 0.000000000000000000e+00 0.000000000000000000e+00 0.000000000000000000e+00 4.099729328358209246e-01 0.000000000000000000e+00 0.000000000000000000e+00 0.000000000000000000e+00 3.941360303030303491e-01 0.000000000000000000e+00 3.833970550458716264e-01 0.000000000000000000e+00 0.000000000000000000e+00 0.000000000000000000e+00 3.872671331555783136e-01 0.000000000000000000e+00 3.777283099999999005e-01 0.000000000000000000e+00 3.680301464076858875e-01 0.000000000000000000e+00 0.000000000000000000e+00 0.000000000000000000e+00 0.000000000000000000e+00 0.000000000000000000e+00 3.223877048174608739e-01 4.045254069376338912e-01 3.437258925072051441e-01 0.000000000000000000e+00 3.140389583333333401e-01 0.000000000000000000e+00 3.490486604312421082e-01 4.359084741379309902e-01 0.000000000000000000e+00 0.000000000000000000e+00 3.466304108093918868e-01 0.000000000000000000e+00 0.000000000000000000e+00 0.000000000000000000e+00 3.793840394091189117e-01 0.000000000000000000e+00 0.000000000000000000e+00 0.000000000000000000e+00 0.000000000000000000e+00 0.000000000000000000e+00 0.000000000000000000e+00 0.000000000000000000e+00 0.000000000000000000e+00 0.000000000000000000e+00 0.000000000000000000e+00 0.000000000000000000e+00 0.000000000000000000e+00 0.000000000000000000e+00 0.000000000000000000e+00 0.000000000000000000e+00 0.000000000000000000e+00 0.000000000000000000e+00 0.000000000000000000e+00 0.000000000000000000e+00 0.000000000000000000e+00 0.000000000000000000e+00 0.000000000000000000e+00 0.000000000000000000e+00 0.000000000000000000e+00 0.000000000000000000e+00 0.000000000000000000e+00 0.000000000000000000e+00 0.000000000000000000e+00 0.000000000000000000e+00 0.000000000000000000e+00 0.000000000000000000e+00
0.000000000000000000e+00 3.614266599383914591e-01 4.149382871483901503e-01 3.099659771444383538e-01 4.359217783502880583e-01 2.328026852205530295e-01 4.465516647963467811e-01 2.776925831627334307e-01 4.240145250361545548e-01 2.242281287804487877e-01 0.000000000000000000e+00 3.571795684826708506e-01 4.165979512615110569e-01 3.131418056016494478e-01 3.881182415408108710e-01 2.787180164437713659e-01 0.000000000000000000e+00 3.656536933333333073e-01 4.504603892617449201e-01 3.511490303493424170e-01 4.949401147098515530e-01 2.841479585247432826e-01 4.257821198680040164e-01 3.435302578629863546e-01 4.335406259988833222e-01 3.048761034196671438e-01 4.701738271215770149e-01 2.264170719421141065e-01 0.000000000000000000e+00 3.467857380338055240e-01 4.097962349588508135e-01 3.799573265586327353e-01 4.362708222222223542e-01 3.812049945175926546e-01 0.000000000000000000e+00 4.694494224137930605e-01 0.000000000000000000e+00 4.504078255033556744e-01 0.000000000000000000e+00 0.000000000000000000e+00 0.000000000000000000e+00 0.000000000000000000e+00 0.000000000000000000e+00 0.000000000000000000e+00 0.000000000000000000e+00 0.000000000000000000e+00 0.000000000000000000e+00 0.000000000000000000e+00 0.000000000000000000e+00 0.000000000000000000e+00 0.000000000000000000e+00 0.000000000000000000e+00 0.000000000000000000e+00 0.000000000000000000e+00 0.000000000000000000e+00 0.000000000000000000e+00 0.000000000000000000e+00 3.872948598242080265e-01 0.000000000000000000e+00 0.000000000000000000e+00 0.000000000000000000e+00 3.834559495063116774e-01 0.000000000000000000e+00 3.750547143538328632e-01 0.000000000000000000e+00 3.835199311959142654e-01 0.000000000000000000e+00 4.245737925331294349e-01 0.000000000000000000e+00 0.000000000000000000e+00 4.076602709278583925e-01 3.292901811196577433e-01 4.473512947699890274e-01 3.624956336939973989e-01 0.000000000000000000e+00 0.000000000000000000e+00 0.000000000000000000e+00 3.698452887198800942e-01 0.000000000000000000e+00 0.000000000000000000e+00 0.000000000000000000e+00 3.770137788740902662e-01 0.000000000000000000e+00 4.236841923076923311e-01 0.000000000000000000e+00 4.241419060733699897e-01 0.000000000000000000e+00 4.109571126760563353e-01 0.000000000000000000e+00 4.337086988865845316e-01 0.000000000000000000e+00 0.000000000000000000e+00 0.000000000000000000e+00 0.000000000000000000e+00 0.000000000000000000e+00 0.000000000000000000e+00 0.000000000000000000e+00 0.000000000000000000e+00 0.000000000000000000e+00 0.000000000000000000e+00 0.000000000000000000e+00 0.000000000000000000e+00 0.000000000000000000e+00 0.000000000000000000e+00 0.000000000000000000e+00 4.535812931985294116e-01 0.000000000000000000e+00 0.000000000000000000e+00 0.000000000000000000e+00 0.000000000000000000e+00 0.000000000000000000e+00 0.000000000000000000e+00 0.000000000000000000e+00 0.000000000000000000e+00 0.000000000000000000e+00 0.000000000000000000e+00
3.547418128109227631e-01 4.660132495707216549e-01 4.029421171823466818e-01 4.631655219006943769e-01 3.480590859367347356e-01 0.000000000000000000e+00 3.400171992445020219e-01 4.569139733582723295e-01 3.449804419565348779e-01 0.000000000000000000e+00 3.104608037321907044e-01 4.501522859210579375e-01 3.210022117739042002e-01 4.328711121495326108e-01 3.630286486890250131e-01 0.000000000000000000e+00 3.073345738645707481e-01 4.642994538619255596e-01 4.259264956025060611e-01 4.764908117242261376e-01 0.000000000000000000e+00 0.000000000000000000e+00 3.744562992555992009e-01 4.552716977200062520e-01 3.373109638554216416e-01 0.000000000000000000e+00 0.000000000000000000e+00 0.000000000000000000e+00 3.347931288617397860e-01 4.501483488372092223e-01 4.312708180664426849e-01 4.653583415137358958e-01 4.086925488093897108e-01 4.702518347615070593e-01 3.788552837837838028e-01 0.000000000000000000e+00 4.292471051202635390e-01 4.202254615384615755e-01 0.000000000000000000e+00 0.000000000000000000e+00 0.000000000000000000e+00 0.000000000000000000e+00 0.000000000000000000e+00 0.000000000000000000e+00 3.690355199999999503e-01 5.023149444444444667e-01 0.000000000000000000e+00 0.000000000000000000e+00 3.978832190971429150e-01 0.000000000000000000e+00 3.941419580653792720e-01 0.000000000000000000e+00 0.000000000000000000e+00 4.267834750000000232e-01 4.017916455035792644e-01 0.000000000000000000e+00 4.004419398702783739e-01 0.000000000000000000e+00 4.202850606431219327e-01 4.657293500000000419e-01 4.134140415001494873e-01 0.000000000000000000e+00 3.902077203889152135e-01 0.000000000000000000e+00 4.031685121364175228e-01 5.091572342591429434e-01 4.400159859983175381e-01 4.906647734056988064e-01 4.117361002543543647e-01 4.387764245283018449e-01 3.572180738222552887e-01 4.580951825191214577e-01 3.736192138621370895e-01 4.317403665710186633e-01 0.000000000000000000e+00 4.170953793103448493e-01 4.006523972289526836e-01 4.312593880829572734e-01 4.190386974561914890e-01 0.000000000000000000e+00 3.565920685509281762e-01 5.070292809959349167e-01 2.541852819894828697e-01 0.000000000000000000e+00 4.087504471044826060e-01 0.000000000000000000e+00 3.955976013513513578e-01 0.000000000000000000e+00 4.195020445821996957e-01 0.000000000000000000e+00 0.000000000000000000e+00 0.000000000000000000e+00 4.572673548387096165e-01 0.000000000000000000e+00 4.464622820512820778e-01 0.000000000000000000e+00 0.000000000000000000e+00 0.000000000000000000e+00 0.000000000000000000e+00 0.000000000000000000e+00 0.000000000000000000e+00 0.000000000000000000e+00 4.335901842150389762e-01 4.197301940650211005e-01 0.000000000000000000e+00 0.000000000000000000e+00 4.045268599999999326e-01 0.000000000000000000e+00 0.000000000000000000e+00 0.000000000000000000e+00 0.000000000000000000e+00 0.000000000000000000e+00 0.000000000000000000e+00 0.000000000000000000e+00 0.000000000000000000e+00 0.000000000000000000e+00
4.535557197289725728e-01 3.401565108991789765e-01 4.590542204445161034e-01 3.859855033977930283e-01 4.212146909090909719e-01 3.431216196253336070e-01 4.508439117914267991e-01 3.438161142135131021e-01 0.000000000000000000e+00 3.571795684826708506e-01 4.501522859210579375e-01 3.016050554671987349e-01 4.472418508139556770e-01 2.664281727762407570e-01 0.000000000000000000e+00 3.735202379014387897e-01 4.556592372842708794e-01 3.464268080047978038e-01 4.696059135558340314e-01 4.216914744620225974e-01 0.000000000000000000e+00 0.000000000000000000e+00 4.529158014287495426e-01 3.862593220679937933e-01 0.000000000000000000e+00 4.154657659574468864e-01 4.298548599033816808e-01 0.000000000000000000e+00 4.631879870805338806e-01 3.439048744499923482e-01 4.274523761201433070e-01 3.869560647556467559e-01 4.630724704308810669e-01 4.201071291882841341e-01 4.279150273972602281e-01 4.625656289337901073e-01 5.116315442176870842e-01 4.294453774683060776e-01 0.000000000000000000e+00 4.593641393442622900e-01 0.000000000000000000e+00 4.353869037037036982e-01 0.000000000000000000e+00 4.379394925373134573e-01 0.000000000000000000e+00 4.433412503075275790e-01 0.000000000000000000e+00 4.520096831683168004e-01 0.000000000000000000e+00 4.323254067797838718e-01 4.073411172413792802e-01 4.306655690492213751e-01 0.000000000000000000e+00 4.262712339235565917e-01 0.000000000000000000e+00 4.086639303199417483e-01 0.000000000000000000e+00 3.809193433287420549e-01 5.170575815602835856e-01 4.273265158168824684e-01 4.691354892086331274e-01 4.094545699049269016e-01 0.000000000000000000e+00 3.945041121870201950e-01 4.293108226950354545e-01 4.024225911257416355e-01 4.724147460009409105e-01 4.543727395194139262e-01 0.000000000000000000e+00 4.533955625440967974e-01 4.825616349278593065e-01 3.595613506893912126e-01 4.423540226547214571e-01 3.887428572234312152e-01 0.000000000000000000e+00 3.778363467803029785e-01 4.504144684071860749e-01 4.138795820461881880e-01 0.000000000000000000e+00 0.000000000000000000e+00 0.000000000000000000e+00 4.198287948468190645e-01 0.000000000000000000e+00 4.043667328767123204e-01 0.000000000000000000e+00 4.256345748374553706e-01 0.000000000000000000e+00 0.000000000000000000e+00 4.208895060240964159e-01 4.272796952595031561e-01 0.000000000000000000e+00 0.000000000000000000e+00 0.000000000000000000e+00 0.000000000000000000e+00 0.000000000000000000e+00 4.171894466019417380e-01 0.000000000000000000e+00 0.000000000000000000e+00 0.000000000000000000e+00 0.000000000000000000e+00 0.000000000000000000e+00 0.000000000000000000e+00 0.000000000000000000e+00 4.000354339622641531e-01 0.000000000000000000e+00 4.696979565217391794e-01 0.000000000000000000e+00 0.000000000000000000e+00 0.000000000000000000e+00 0.000000000000000000e+00 0.000000000000000000e+00 0.000000000000000000e+00 0.000000000000000000e+00 0.000000000000000000e+00 0.000000000000000000e+00 0.000000000000000000e+00
3.781690958702965677e-01 4.384657042442094421e-01 3.427274542455274187e-01 4.379290731288665306e-01 3.098747803256624578e-01 4.230890387106767681e-01 2.892686000571194627e-01 4.322976842549345888e-01 2.876698616613227455e-01 4.165979512615110569e-01 3.210022117739042002e-01 4.472418508139556770e-01 2.589565613150927037e-01 4.314892742226384414e-01 2.638549298467576798e-01 4.322358645811172906e-01 3.674926655343931370e-01 0.000000000000000000e+00 4.116847952021163159e-01 4.769782746051881017e-01 0.000000000000000000e+00 0.000000000000000000e+00 3.487217596543852882e-01 4.531939401671918333e-01 3.347716382213292152e-01 4.115866071020978789e-01 3.172582089552238860e-01 0.000000000000000000e+00 3.011357805004618027e-01 4.448941940987457544e-01 3.465590178982441705e-01 4.469181638234999698e-01 4.018365112039886111e-01 4.581574058262711802e-01 4.057825357142856859e-01 0.000000000000000000e+00 4.087661190277508405e-01 0.000000000000000000e+00 0.000000000000000000e+00 0.000000000000000000e+00 4.236058583333333072e-01 0.000000000000000000e+00 0.000000000000000000e+00 0.000000000000000000e+00 3.920707153846154092e-01 0.000000000000000000e+00 0.000000000000000000e+00 0.000000000000000000e+00 4.107513718487394438e-01 0.000000000000000000e+00 4.054647913104121315e-01 0.000000000000000000e+00 0.000000000000000000e+00 0.000000000000000000e+00 4.103412251180172943e-01 0.000000000000000000e+00 4.013215880158771953e-01 0.000000000000000000e+00 4.120892592648213171e-01 0.000000000000000000e+00 4.122894319592441126e-01 0.000000000000000000e+00 3.922313100189439572e-01 4.329329583333333398e-01 3.937408364158085372e-01 0.000000000000000000e+00 4.242399647945117591e-01 4.782595339463335815e-01 4.353411219512196006e-01 4.839851359999999270e-01 3.383257747759332856e-01 4.612777175391563067e-01 3.776001428601680754e-01 4.155161857184631047e-01 0.000000000000000000e+00 0.000000000000000000e+00 3.804683205425845038e-01 4.448327399630397361e-01 3.984192247721623503e-01 0.000000000000000000e+00 3.782091070553064149e-01 4.604384057971014355e-01 3.855975714285714839e-01 0.000000000000000000e+00 3.935838415444259386e-01 0.000000000000000000e+00 3.440030437956204112e-01 0.000000000000000000e+00 4.128022915496658563e-01 0.000000000000000000e+00 4.219620731466508512e-01 0.000000000000000000e+00 3.918911447769028999e-01 0.000000000000000000e+00 3.786305991161616480e-01 3.902145617977527681e-01 0.000000000000000000e+00 0.000000000000000000e+00 0.000000000000000000e+00 0.000000000000000000e+00 4.457030238095237573e-01 0.000000000000000000e+00 0.000000000000000000e+00 4.219913014705882759e-01 4.419115528240907809e-01 4.209481485148515723e-01 4.208301327433628947e-01 0.000000000000000000e+00 0.000000000000000000e+00 0.000000000000000000e+00 0.000000000000000000e+00 0.000000000000000000e+00 0.000000000000000000e+00 0.000000000000000000e+00 0.000000000000000000e+00 0.000000000000000000e+00
