2.894978146923397055e-01 4.948197585149496924e-01 3.884163147372712843e-01 5.170449578694976678e-01 0.000000000000000000e+00 0.000000000000000000e+00 3.236603348543294900e-01 5.059767139937069169e-01 3.959197419354839043e-01 0.000000000000000000e+00 3.175811302370141198e-01 5.013333681139809928e-01 3.451109938511210395e-01 4.797966885409893356e-01 3.864898245436507729e-01 0.000000000000000000e+00 3.235805943841004728e-01 4.923955182008291076e-01 4.061260407049583909e-01 5.107267914263219355e-01 0.000000000000000000e+00 0.000000000000000000e+00 4.398273361750186794e-01 0.000000000000000000e+00 3.958359446952693372e-01 0.000000000000000000e+00 0.000000000000000000e+00 0.000000000000000000e+00 3.772604044681981961e-01 5.070119320641114369e-01 4.354498989578323154e-01 0.000000000000000000e+00 4.249251323332436936e-01 4.985574840822779019e-01 0.000000000000000000e+00 0.000000000000000000e+00 4.567388586815517293e-01 5.222164021940007839e-01 4.398124942528735537e-01 0.000000000000000000e+00 4.109850282394348908e-01 4.709788090909090008e-01 0.000000000000000000e+00 0.000000000000000000e+00 4.106039221516872839e-01 4.574219358974359051e-01 0.000000000000000000e+00 0.000000000000000000e+00 0.000000000000000000e+00 5.408877086885077734e-01 4.090652475968705182e-01 4.375052352941176670e-01 0.000000000000000000e+00 0.000000000000000000e+00 4.221005503903586531e-01 0.000000000000000000e+00 3.295597358398298926e-01 4.848766409691974699e-01 4.017462337290975127e-01 5.018635938641480276e-01 3.905071502344868439e-01 4.983095032148556758e-01 3.832404389691594360e-01 4.740678257754190605e-01 3.836086420845933320e-01 4.973102918254898031e-01 4.063062709759571178e-01 5.151737465884184131e-01 3.209740277121382879e-01 5.054528031641832841e-01 3.498845387056916945e-01 5.091401958920286352e-01 3.679947582029570730e-01 4.874714959357643873e-01 3.425348716885137090e-01 0.000000000000000000e+00 3.950479381988061256e-01 4.809804367572074191e-01 0.000000000000000000e+00 0.000000000000000000e+00 3.924379894499659405e-01 4.949970363636364001e-01 0.000000000000000000e+00 0.000000000000000000e+00 4.227990938453284886e-01 4.345856900584795790e-01 3.921708985507246781e-01 0.000000000000000000e+00 4.351913655913871026e-01 0.000000000000000000e+00 4.708277534339790904e-01 4.729561962380872675e-01 4.536388028976768294e-01 4.196895074534719994e-01 4.291393186490640166e-01 4.728586245440332680e-01 0.000000000000000000e+00 0.000000000000000000e+00 4.520825463394630428e-01 0.000000000000000000e+00 4.644464574009812274e-01 0.000000000000000000e+00 4.457729883074821875e-01 4.337374300073871258e-01 4.308162785798360650e-01 4.304618672735760487e-01 4.548384245283018101e-01 0.000000000000000000e+00 0.000000000000000000e+00 0.000000000000000000e+00 0.000000000000000000e+00 0.000000000000000000e+00 0.000000000000000000e+00 0.000000000000000000e+00 3.633024038461538652e-01 0.000000000000000000e+00
4.948197585149496924e-01 3.025445753446929231e-01 5.181151387085980442e-01 3.580181510775518050e-01 0.000000000000000000e+00 3.403431236907445423e-01 5.093581113648064651e-01 3.616926522241328823e-01 0.000000000000000000e+00 4.179120142857142839e-01 4.862442366110280578e-01 3.339989110166279862e-01 4.866576969696970179e-01 3.680727041354435181e-01 0.000000000000000000e+00 3.941896374221662835e-01 4.911731853871483811e-01 3.709982676230544896e-01 5.136749134562476060e-01 3.522552661815472330e-01 0.000000000000000000e+00 3.925345063291139081e-01 0.000000000000000000e+00 4.350657773794952554e-01 0.000000000000000000e+00 3.316880428571429285e-01 0.000000000000000000e+00 0.000000000000000000e+00 4.961758773085086505e-01 4.082414822648762764e-01 4.819794361095675050e-01 0.000000000000000000e+00 5.048863579729805373e-01 4.230175756561593281e-01 4.917794838709678151e-01 4.434474384017470516e-01 5.348723085943126732e-01 4.716145395147777752e-01 0.000000000000000000e+00 4.743415029146021977e-01 0.000000000000000000e+00 4.290830486859978365e-01 0.000000000000000000e+00 4.062185686274509822e-01 0.000000000000000000e+00 3.691580624202083216e-01 0.000000000000000000e+00 0.000000000000000000e+00 0.000000000000000000e+00 4.091733057162121878e-01 0.000000000000000000e+00 3.985503870327046783e-01 0.000000000000000000e+00 3.701377933109041840e-01 0.000000000000000000e+00 3.739415444608082950e-01 5.028810342214068418e-01 3.322218897523754322e-01 4.936128790604396022e-01 4.291062521523839046e-01 4.932634473322831670e-01 3.854510633665355068e-01 4.963041665849558526e-01 3.880440706718342181e-01 0.000000000000000000e+00 4.050915607287767228e-01 5.083345552394559208e-01 4.178438222928266832e-01 5.093234330458844550e-01 3.309894299443932875e-01 5.050876168736420091e-01 3.650691154445881992e-01 4.955989962368583246e-01 3.768867473961834413e-01 0.000000000000000000e+00 4.439659879518073060e-01 4.822842753947179650e-01 4.080258764060914478e-01 4.808329903846153552e-01 0.000000000000000000e+00 5.065301074380165192e-01 4.179088576083039297e-01 0.000000000000000000e+00 3.681082340551136145e-01 0.000000000000000000e+00 4.163043736541962581e-01 0.000000000000000000e+00 0.000000000000000000e+00 0.000000000000000000e+00 4.200504790880409400e-01 4.867498389261745162e-01 4.481348338753357585e-01 5.153078111888111934e-01 4.336303545962904571e-01 0.000000000000000000e+00 4.397136060160428128e-01 0.000000000000000000e+00 0.000000000000000000e+00 0.000000000000000000e+00 4.327064796747966957e-01 4.953053051948052010e-01 0.000000000000000000e+00 0.000000000000000000e+00 4.494448352337026553e-01 0.000000000000000000e+00 4.474530404116199289e-01 0.000000000000000000e+00 0.000000000000000000e+00 0.000000000000000000e+00 0.000000000000000000e+00 0.000000000000000000e+00 0.000000000000000000e+00 0.000000000000000000e+00 0.000000000000000000e+00 0.000000000000000000e+00 0.000000000000000000e+00
3.884163147372712843e-01 5.181151387085980442e-01 2.843832080512401217e-01 4.922357237679609865e-01 2.470803209093960506e-01 4.579020764903498075e-01 2.880731198027938755e-01 4.996315024918240311e-01 2.576155920928939747e-01 4.322380697236560820e-01 3.958500072604674291e-01 4.947846648615965570e-01 3.672811486888049037e-01 4.784821384729400773e-01 3.344069871243258718e-01 4.500213479791763671e-01 4.101578219135847414e-01 5.059265085984657739e-01 3.352052337908642543e-01 5.311424961733742789e-01 3.882463959304320311e-01 0.000000000000000000e+00 2.614125761700686890e-01 4.553398788392497565e-01 2.717915980626214867e-01 4.230782241947141920e-01 3.053879496439269037e-01 4.442543491939393019e-01 3.836362510127476200e-01 4.985241952280806688e-01 3.917080953387093722e-01 4.449891716170131239e-01 4.362243448969864712e-01 5.119339631920206690e-01 4.890263791101661650e-01 4.385390551847356821e-01 4.483505837306301367e-01 5.526004274970794938e-01 4.527632170542635337e-01 0.000000000000000000e+00 0.000000000000000000e+00 0.000000000000000000e+00 0.000000000000000000e+00 0.000000000000000000e+00 4.339550147879028263e-01 4.691030596557289600e-01 4.308753418552036529e-01 0.000000000000000000e+00 4.315816126703184707e-01 0.000000000000000000e+00 4.465781482755158405e-01 0.000000000000000000e+00 0.000000000000000000e+00 0.000000000000000000e+00 3.938662594434811925e-01 0.000000000000000000e+00 4.247784757422093938e-01 5.048472716923331216e-01 4.471468260254182203e-01 4.675158304338014048e-01 4.092237440663729631e-01 0.000000000000000000e+00 4.135578285220677941e-01 4.936681599906848072e-01 4.182283894325240503e-01 4.696450492957747191e-01 4.500312408893931693e-01 4.617630666666666661e-01 4.293573567003501346e-01 0.000000000000000000e+00 3.875614194278277358e-01 5.224607909011996787e-01 3.877188937860350793e-01 4.934486595321675440e-01 3.787931681471120027e-01 0.000000000000000000e+00 4.128335783732772768e-01 4.960236916834605547e-01 4.223913362068965061e-01 0.000000000000000000e+00 3.718784749427792025e-01 0.000000000000000000e+00 3.952100253164557153e-01 0.000000000000000000e+00 4.104393223855883344e-01 0.000000000000000000e+00 4.378923200000000016e-01 0.000000000000000000e+00 4.136058170742804019e-01 5.314223999999999615e-01 4.111335839416058180e-01 4.684253333333334712e-01 4.181735116279070019e-01 4.028367463768116052e-01 4.079647966108453372e-01 4.683676078431371903e-01 0.000000000000000000e+00 0.000000000000000000e+00 0.000000000000000000e+00 4.815821599999999814e-01 0.000000000000000000e+00 0.000000000000000000e+00 0.000000000000000000e+00 3.982915563909775192e-01 4.295696938775510620e-01 4.397043809996689090e-01 0.000000000000000000e+00 0.000000000000000000e+00 0.000000000000000000e+00 0.000000000000000000e+00 0.000000000000000000e+00 0.000000000000000000e+00 0.000000000000000000e+00 0.000000000000000000e+00 0.000000000000000000e+00 0.000000000000000000e+00
5.170449578694976678e-01 3.580181510775518050e-01 4.922357237679609865e-01 2.904499567492468404e-01 4.600622787364255784e-01 1.878466681793409254e-01 4.780026408655103087e-01 3.301005417987008528e-01 4.530558436508699272e-01 3.130043883709417996e-01 5.066677099311659438e-01 4.137544799819747321e-01 4.660416685244351265e-01 3.748114475989300365e-01 4.378655938686169535e-01 3.388109449520877448e-01 5.073672433614497823e-01 4.215974353086809900e-01 5.231896648090944568e-01 3.146330144813320739e-01 4.334211538461538726e-01 0.000000000000000000e+00 4.691120256905104702e-01 2.364578248954690154e-01 0.000000000000000000e+00 2.379629390882617712e-01 4.565977164021163270e-01 2.975306633524693600e-01 5.031381524445512898e-01 3.834323625165383942e-01 4.297263001894351953e-01 3.719439659180467372e-01 5.117560344267130246e-01 3.981899369239992326e-01 4.628177803652968603e-01 5.109817333333332989e-01 4.875831084429196882e-01 4.586079272597125556e-01 0.000000000000000000e+00 4.894861129099097874e-01 5.201868333333332650e-01 4.263516142843120638e-01 4.888879885057471064e-01 4.082393215328786185e-01 5.076313711935482864e-01 4.366060078447225323e-01 0.000000000000000000e+00 4.805437388134524146e-01 0.000000000000000000e+00 4.028780073972224041e-01 0.000000000000000000e+00 4.296906671963325319e-01 0.000000000000000000e+00 0.000000000000000000e+00 0.000000000000000000e+00 4.025325272079953720e-01 5.139501017490770707e-01 4.273648844815133296e-01 4.953890587438494753e-01 4.459300019364402234e-01 4.857930328526540165e-01 4.348340179627687152e-01 0.000000000000000000e+00 4.196538768518518481e-01 4.630474100719423336e-01 4.363070204075382708e-01 5.024845121127003988e-01 4.534538108307338833e-01 4.993534980070661322e-01 3.747144826230051073e-01 5.040450652921812935e-01 3.997787515510250467e-01 4.895024649037577058e-01 3.908864913857518220e-01 0.000000000000000000e+00 3.648845275319569925e-01 4.990563815732588226e-01 4.197064208446010247e-01 0.000000000000000000e+00 0.000000000000000000e+00 4.120122586206896864e-01 4.144166287350270483e-01 0.000000000000000000e+00 3.924195769230769959e-01 4.540199952086160229e-01 4.095519030739338540e-01 0.000000000000000000e+00 0.000000000000000000e+00 0.000000000000000000e+00 3.975773731016303825e-01 0.000000000000000000e+00 4.417883604267586750e-01 0.000000000000000000e+00 4.521613144098579617e-01 0.000000000000000000e+00 4.461438737459140214e-01 0.000000000000000000e+00 0.000000000000000000e+00 0.000000000000000000e+00 4.311562027559054933e-01 0.000000000000000000e+00 0.000000000000000000e+00 0.000000000000000000e+00 4.092549930031716965e-01 0.000000000000000000e+00 4.401613882123022181e-01 0.000000000000000000e+00 0.000000000000000000e+00 0.000000000000000000e+00 0.000000000000000000e+00 0.000000000000000000e+00 0.000000000000000000e+00 0.000000000000000000e+00 0.000000000000000000e+00 0.000000000000000000e+00 0.000000000000000000e+00
0.000000000000000000e+00 0.000000000000000000e+00 2.470803209093960506e-01 4.600622787364255784e-01 1.645454743979044010e-01 4.235448069689414230e-01 2.504059288183885790e-01 4.035929254941814093e-01 1.964710747168260108e-01 4.304127352005065466e-01 3.658596003815805520e-01 0.000000000000000000e+00 3.112045094822554203e-01 4.358353453878942574e-01 2.837371331970951482e-01 4.627930592237953777e-01 3.827462719806763447e-01 0.000000000000000000e+00 3.761234274018332435e-01 0.000000000000000000e+00 3.821617423795597435e-01 4.402062635816205716e-01 3.255229678977749619e-01 4.356381342183526795e-01 2.316192470202144138e-01 3.939285576822119661e-01 2.070178066996412325e-01 0.000000000000000000e+00 3.246931358146049607e-01 4.493764564356436120e-01 3.674939534256463358e-01 4.313925727423882917e-01 3.919976899613421550e-01 0.000000000000000000e+00 4.281521253960600681e-01 0.000000000000000000e+00 3.774860508474575660e-01 0.000000000000000000e+00 0.000000000000000000e+00 0.000000000000000000e+00 4.208600714285714028e-01 0.000000000000000000e+00 4.336901224974974989e-01 0.000000000000000000e+00 4.435962333333333674e-01 0.000000000000000000e+00 4.322621369127517266e-01 0.000000000000000000e+00 4.273521191489361160e-01 0.000000000000000000e+00 0.000000000000000000e+00 0.000000000000000000e+00 0.000000000000000000e+00 0.000000000000000000e+00 4.336208077383326698e-01 0.000000000000000000e+00 3.713364140576307926e-01 0.000000000000000000e+00 3.869853269230769666e-01 0.000000000000000000e+00 3.713219406797848565e-01 0.000000000000000000e+00 3.601391075268817188e-01 0.000000000000000000e+00 3.564946373551117764e-01 0.000000000000000000e+00 4.313212175182482566e-01 4.823096365384614836e-01 0.000000000000000000e+00 0.000000000000000000e+00 3.381395576443009809e-01 4.781664655072831449e-01 3.546711911210540524e-01 4.459509153237651291e-01 3.337949234860945191e-01 0.000000000000000000e+00 3.502086715028835395e-01 0.000000000000000000e+00 0.000000000000000000e+00 0.000000000000000000e+00 3.627769566693439529e-01 0.000000000000000000e+00 3.752020432640144065e-01 0.000000000000000000e+00 3.793794946516325650e-01 0.000000000000000000e+00 3.948817472000168416e-01 0.000000000000000000e+00 3.921048776823858328e-01 0.000000000000000000e+00 0.000000000000000000e+00 0.000000000000000000e+00 0.000000000000000000e+00 3.696106257352941293e-01 0.000000000000000000e+00 0.000000000000000000e+00 0.000000000000000000e+00 0.000000000000000000e+00 0.000000000000000000e+00 0.000000000000000000e+00 3.815760042653309481e-01 0.000000000000000000e+00 0.000000000000000000e+00 0.000000000000000000e+00 0.000000000000000000e+00 0.000000000000000000e+00 0.000000000000000000e+00 0.000000000000000000e+00 0.000000000000000000e+00 0.000000000000000000e+00 0.000000000000000000e+00 0.000000000000000000e+00 0.000000000000000000e+00 0.000000000000000000e+00 0.000000000000000000e+00 0.000000000000000000e+00
0.000000000000000000e+00 3.403431236907445423e-01 4.579020764903498075e-01 1.878466681793409254e-01 4.235448069689414230e-01 1.954050093677204003e-01 4.428096248137814994e-01 2.847217145753533907e-01 4.852136555555555675e-01 2.160629596365604976e-01 0.000000000000000000e+00 3.327283225806451639e-01 4.340919804149624417e-01 3.126650795330910282e-01 4.039152068430900688e-01 2.578958325772228721e-01 0.000000000000000000e+00 3.608609400000000189e-01 5.054029583333332631e-01 3.732118271433287338e-01 4.607698464052287779e-01 3.652526085597350147e-01 4.481893793683476290e-01 2.070404063968355468e-01 4.946889497776131295e-01 1.937766504052599037e-01 4.332570417285861453e-01 2.443798873592929188e-01 4.725792500000000063e-01 3.248816697934687747e-01 4.094799882112680756e-01 3.040318473963325996e-01 0.000000000000000000e+00 3.600067175417010490e-01 0.000000000000000000e+00 0.000000000000000000e+00 0.000000000000000000e+00 0.000000000000000000e+00 0.000000000000000000e+00 0.000000000000000000e+00 0.000000000000000000e+00 3.561390892857143053e-01 0.000000000000000000e+00 0.000000000000000000e+00 0.000000000000000000e+00 0.000000000000000000e+00 0.000000000000000000e+00 0.000000000000000000e+00 0.000000000000000000e+00 4.177250567375886403e-01 0.000000000000000000e+00 0.000000000000000000e+00 0.000000000000000000e+00 0.000000000000000000e+00 0.000000000000000000e+00 0.000000000000000000e+00 0.000000000000000000e+00 3.879170763358779084e-01 4.701604180790960874e-01 0.000000000000000000e+00 0.000000000000000000e+00 0.000000000000000000e+00 0.000000000000000000e+00 0.000000000000000000e+00 0.000000000000000000e+00 0.000000000000000000e+00 0.000000000000000000e+00 4.021704896371119387e-01 0.000000000000000000e+00 0.000000000000000000e+00 4.481161361110131414e-01 3.823830798281342425e-01 4.361749137485659844e-01 3.622391878062247716e-01 0.000000000000000000e+00 3.369936727378829988e-01 0.000000000000000000e+00 3.523897462983092144e-01 0.000000000000000000e+00 0.000000000000000000e+00 0.000000000000000000e+00 4.190424482758620672e-01 0.000000000000000000e+00 3.597283423121521162e-01 0.000000000000000000e+00 3.960040295951394174e-01 0.000000000000000000e+00 3.907016003415991756e-01 0.000000000000000000e+00 3.983938040277320014e-01 0.000000000000000000e+00 0.000000000000000000e+00 0.000000000000000000e+00 0.000000000000000000e+00 0.000000000000000000e+00 0.000000000000000000e+00 0.000000000000000000e+00 0.000000000000000000e+00 0.000000000000000000e+00 0.000000000000000000e+00 0.000000000000000000e+00 0.000000000000000000e+00 0.000000000000000000e+00 0.000000000000000000e+00 0.000000000000000000e+00 0.000000000000000000e+00 0.000000000000000000e+00 0.000000000000000000e+00 0.000000000000000000e+00 0.000000000000000000e+00 0.000000000000000000e+00 0.000000000000000000e+00 0.000000000000000000e+00 0.000000000000000000e+00 0.000000000000000000e+00 0.000000000000000000e+00
3.236603348543294900e-01 5.093581113648064651e-01 2.880731198027938755e-01 4.780026408655103087e-01 2.504059288183885790e-01 4.428096248137814994e-01 2.645051458588014159e-01 4.925664660986729948e-01 2.098825439770192758e-01 4.469749657632179352e-01 3.646364773048120234e-01 4.950448978036557368e-01 2.992341450299659811e-01 4.707651424144188024e-01 3.127285059398559053e-01 4.467978235348821214e-01 3.832848772562874595e-01 5.011129244563906626e-01 3.995922060845331636e-01 5.083572706062241542e-01 4.667251515151515373e-01 3.516178111380145466e-01 3.716032965030144908e-01 4.537375469747049195e-01 3.376946759616319960e-01 4.286271769492746575e-01 3.405361687238160906e-01 4.390836849817433829e-01 3.512066946062809558e-01 4.839385104309457675e-01 3.664583003401526984e-01 4.355188431818609041e-01 3.998945916957444835e-01 5.029059785505560765e-01 4.615696200251018233e-01 0.000000000000000000e+00 4.234720827046233871e-01 4.790889509184930728e-01 3.770057327586206486e-01 0.000000000000000000e+00 3.935529486310300196e-01 0.000000000000000000e+00 4.482614587301587683e-01 4.570328888888889329e-01 4.048359714689426236e-01 4.833355522388059766e-01 0.000000000000000000e+00 0.000000000000000000e+00 4.159031159578534531e-01 0.000000000000000000e+00 4.079198707670201318e-01 0.000000000000000000e+00 4.244044848484849197e-01 0.000000000000000000e+00 4.020747218454672756e-01 0.000000000000000000e+00 3.921668020981202707e-01 4.819680412939066905e-01 3.914778927118122698e-01 4.993290878123231025e-01 3.891455408479921330e-01 4.996679412499999695e-01 3.632392618167164522e-01 5.065133834586464934e-01 3.820729026983178400e-01 4.731299386912047877e-01 4.363266882831977056e-01 4.918866729878618727e-01 4.068960531447257667e-01 4.521895000000000220e-01 3.563593576077738745e-01 5.244974987058472760e-01 3.631052051889844812e-01 4.884681274879806301e-01 3.305362278947368559e-01 4.472434705882353811e-01 3.840108634598262682e-01 4.816669395978090962e-01 0.000000000000000000e+00 0.000000000000000000e+00 3.831634720054633014e-01 4.817588684210525884e-01 0.000000000000000000e+00 0.000000000000000000e+00 4.098835911394356213e-01 0.000000000000000000e+00 4.180421988355458307e-01 0.000000000000000000e+00 4.153882847038379289e-01 4.342538074534161296e-01 4.046162844827586036e-01 0.000000000000000000e+00 4.039653059701492910e-01 4.386205795454545253e-01 4.092627065217392390e-01 4.509955441176470292e-01 0.000000000000000000e+00 0.000000000000000000e+00 5.090299064327485912e-01 0.000000000000000000e+00 0.000000000000000000e+00 0.000000000000000000e+00 0.000000000000000000e+00 0.000000000000000000e+00 0.000000000000000000e+00 0.000000000000000000e+00 0.000000000000000000e+00 0.000000000000000000e+00 0.000000000000000000e+00 0.000000000000000000e+00 0.000000000000000000e+00 0.000000000000000000e+00 0.000000000000000000e+00 0.000000000000000000e+00 0.000000000000000000e+00 0.000000000000000000e+00
5.059767139937069169e-01 3.616926522241328823e-01 4.996315024918240311e-01 3.301005417987008528e-01 4.035929254941814093e-01 2.847217145753533907e-01 4.925664660986729948e-01 2.683608349440772534e-01 4.752491813151428768e-01 2.417534096023593038e-01 4.919189119560683499e-01 2.961033562834090582e-01 4.707004606726505336e-01 2.639936570065167798e-01 4.578912875290357398e-01 3.016866617187121125e-01 4.957470764922176643e-01 4.130987595552448877e-01 5.192061244766763561e-01 4.134714331273822152e-01 0.000000000000000000e+00 0.000000000000000000e+00 4.864289780664595719e-01 3.579630166462952623e-01 4.938570370370370388e-01 3.461728283747483870e-01 5.120963333333332645e-01 3.076147424707602607e-01 4.819769264058030855e-01 3.656234096589107141e-01 4.411046358210658491e-01 3.674991065355504571e-01 5.069787600292257057e-01 4.091374983065753090e-01 4.288827471264367586e-01 4.974856571140602868e-01 5.165543654805285767e-01 4.465305013580878057e-01 0.000000000000000000e+00 0.000000000000000000e+00 0.000000000000000000e+00 0.000000000000000000e+00 0.000000000000000000e+00 3.985118158458759718e-01 5.123012392638036649e-01 3.893338966369827014e-01 0.000000000000000000e+00 4.497693851656300867e-01 4.789029007633587298e-01 3.664667144584051184e-01 5.217911226993864338e-01 3.719931906683535128e-01 0.000000000000000000e+00 3.374835403361344799e-01 0.000000000000000000e+00 3.703438452025276106e-01 4.884073558620066202e-01 4.021259666906929486e-01 4.976043069057700663e-01 4.161379005738113923e-01 4.579252241379311306e-01 3.996591196551305680e-01 4.858389186155210315e-01 3.959034350069215447e-01 5.039504648692810784e-01 3.979545218534745188e-01 4.914255076982936288e-01 4.447378278863416412e-01 0.000000000000000000e+00 4.218695079810824144e-01 4.999451562652962311e-01 3.647602708981527719e-01 4.818956039277063064e-01 3.717344443778742291e-01 0.000000000000000000e+00 3.443639182458665959e-01 4.782886982854797076e-01 3.878890076170221080e-01 4.755879829059829200e-01 3.297517432432432449e-01 0.000000000000000000e+00 3.890512123488640284e-01 0.000000000000000000e+00 3.759135796791443496e-01 4.380156013071895282e-01 3.938371767916442612e-01 0.000000000000000000e+00 3.776162205882352962e-01 4.840706913580247184e-01 3.845692868966423261e-01 0.000000000000000000e+00 5.029330172413793987e-01 0.000000000000000000e+00 0.000000000000000000e+00 4.541393450704225287e-01 0.000000000000000000e+00 0.000000000000000000e+00 0.000000000000000000e+00 0.000000000000000000e+00 0.000000000000000000e+00 0.000000000000000000e+00 0.000000000000000000e+00 0.000000000000000000e+00 4.323014508047373639e-01 0.000000000000000000e+00 4.348612576687116427e-01 0.000000000000000000e+00 0.000000000000000000e+00 0.000000000000000000e+00 0.000000000000000000e+00 0.000000000000000000e+00 0.000000000000000000e+00 0.000000000000000000e+00 0.000000000000000000e+00 0.000000000000000000e+00 0.000000000000000000e+00
3.959197419354839043e-01 0.000000000000000000e+00 2.576155920928939747e-01 4.530558436508699272e-01 1.964710747168260108e-01 4.852136555555555675e-01 2.098825439770192758e-01 4.752491813151428768e-01 2.254388160351450399e-01 4.589251640720257708e-01 3.757525165208507323e-01 0.000000000000000000e+00 2.783601717546173582e-01 5.100107124999999630e-01 2.734293487197340666e-01 4.630614206959706713e-01 4.104366852921653708e-01 4.670210681818180998e-01 4.023124614220677242e-01 0.000000000000000000e+00 3.834735560188671788e-01 3.734544142857142424e-01 3.528377084042091383e-01 4.788754434298512219e-01 2.869655595867585673e-01 4.538059230472986094e-01 2.377878645445019312e-01 4.022476991263833068e-01 3.162506561452892440e-01 4.085445500000000063e-01 3.823770340006336088e-01 4.257156505245184297e-01 0.000000000000000000e+00 0.000000000000000000e+00 4.439960879120878889e-01 0.000000000000000000e+00 4.252661198955366428e-01 0.000000000000000000e+00 0.000000000000000000e+00 0.000000000000000000e+00 4.103359166666666891e-01 0.000000000000000000e+00 4.677392112831858517e-01 0.000000000000000000e+00 0.000000000000000000e+00 0.000000000000000000e+00 3.989111008403361525e-01 0.000000000000000000e+00 4.008248671328671908e-01 0.000000000000000000e+00 4.326390459183673820e-01 0.000000000000000000e+00 4.210214247787610331e-01 0.000000000000000000e+00 4.436662900888213024e-01 0.000000000000000000e+00 0.000000000000000000e+00 0.000000000000000000e+00 4.115538008901807876e-01 4.614378666666665851e-01 4.128598272708099981e-01 4.605086156862745472e-01 4.053009894736842034e-01 0.000000000000000000e+00 3.911785178473725089e-01 0.000000000000000000e+00 4.128310828912467034e-01 0.000000000000000000e+00 0.000000000000000000e+00 0.000000000000000000e+00 3.536038815549785164e-01 5.078917153369548743e-01 3.693782111246768363e-01 0.000000000000000000e+00 0.000000000000000000e+00 0.000000000000000000e+00 3.741696036821160476e-01 0.000000000000000000e+00 0.000000000000000000e+00 0.000000000000000000e+00 3.554915835680217961e-01 0.000000000000000000e+00 0.000000000000000000e+00 0.000000000000000000e+00 3.906415576848188964e-01 0.000000000000000000e+00 3.679027848101266152e-01 0.000000000000000000e+00 4.150069748528518176e-01 0.000000000000000000e+00 0.000000000000000000e+00 4.156257161764706498e-01 0.000000000000000000e+00 0.000000000000000000e+00 0.000000000000000000e+00 0.000000000000000000e+00 0.000000000000000000e+00 0.000000000000000000e+00 0.000000000000000000e+00 0.000000000000000000e+00 0.000000000000000000e+00 0.000000000000000000e+00 0.000000000000000000e+00 0.000000000000000000e+00 0.000000000000000000e+00 0.000000000000000000e+00 0.000000000000000000e+00 0.000000000000000000e+00 0.000000000000000000e+00 0.000000000000000000e+00 0.000000000000000000e+00 0.000000000000000000e+00 0.000000000000000000e+00 0.000000000000000000e+00 0.000000000000000000e+00 0.000000000000000000e+00
0.000000000000000000e+00 4.179120142857142839e-01 4.322380697236560820e-01 3.130043883709417996e-01 4.304127352005065466e-01 2.160629596365604976e-01 4.469749657632179352e-01 2.417534096023593038e-01 4.589251640720257708e-01 2.216962617690526605e-01 0.000000000000000000e+00 3.677325480971256888e-01 4.505172919191466341e-01 2.449224367304840277e-01 4.390032411924477129e-01 2.813066098580982999e-01 0.000000000000000000e+00 4.431239066017658157e-01 0.000000000000000000e+00 3.856373761484773177e-01 4.364000263157895576e-01 3.652596944444444493e-01 4.540437891240672874e-01 3.480837977546785145e-01 4.644713582089551873e-01 2.943380125648989432e-01 0.000000000000000000e+00 2.689527180068181922e-01 0.000000000000000000e+00 3.277018025897775466e-01 4.054416724217425050e-01 3.219399700248861129e-01 0.000000000000000000e+00 3.785529699442109486e-01 0.000000000000000000e+00 4.703154382535027489e-01 0.000000000000000000e+00 4.137506862600253132e-01 0.000000000000000000e+00 0.000000000000000000e+00 0.000000000000000000e+00 0.000000000000000000e+00 0.000000000000000000e+00 0.000000000000000000e+00 0.000000000000000000e+00 0.000000000000000000e+00 0.000000000000000000e+00 4.467196834965035390e-01 0.000000000000000000e+00 3.959878848024618314e-01 0.000000000000000000e+00 0.000000000000000000e+00 0.000000000000000000e+00 0.000000000000000000e+00 0.000000000000000000e+00 0.000000000000000000e+00 0.000000000000000000e+00 4.546960420168067452e-01 0.000000000000000000e+00 0.000000000000000000e+00 0.000000000000000000e+00 0.000000000000000000e+00 0.000000000000000000e+00 4.153588091603053201e-01 0.000000000000000000e+00 4.095170967741934565e-01 0.000000000000000000e+00 4.610525238493615174e-01 0.000000000000000000e+00 0.000000000000000000e+00 4.696576492105106748e-01 3.452534224855132172e-01 4.518304609360881408e-01 3.621864385574587453e-01 0.000000000000000000e+00 3.688868701521643700e-01 4.914002321428571629e-01 3.552708140618178745e-01 0.000000000000000000e+00 0.000000000000000000e+00 0.000000000000000000e+00 4.115471781747739866e-01 0.000000000000000000e+00 3.812816543209877063e-01 0.000000000000000000e+00 4.004605882281536688e-01 0.000000000000000000e+00 3.869835061728394976e-01 0.000000000000000000e+00 4.151254502460349771e-01 0.000000000000000000e+00 0.000000000000000000e+00 0.000000000000000000e+00 0.000000000000000000e+00 0.000000000000000000e+00 0.000000000000000000e+00 0.000000000000000000e+00 0.000000000000000000e+00 0.000000000000000000e+00 0.000000000000000000e+00 0.000000000000000000e+00 0.000000000000000000e+00 0.000000000000000000e+00 3.558688161764705371e-01 0.000000000000000000e+00 0.000000000000000000e+00 0.000000000000000000e+00 0.000000000000000000e+00 0.000000000000000000e+00 0.000000000000000000e+00 0.000000000000000000e+00 0.000000000000000000e+00 0.000000000000000000e+00 0.000000000000000000e+00 0.000000000000000000e+00 0.000000000000000000e+00
3.175811302370141198e-01 4.862442366110280578e-01 3.958500072604674291e-01 5.066677099311659438e-01 3.658596003815805520e-01 0.000000000000000000e+00 3.646364773048120234e-01 4.919189119560683499e-01 3.757525165208507323e-01 0.000000000000000000e+00 2.884143492896814043e-01 4.897474137519021165e-01 3.223068862646579769e-01 4.741454071016790173e-01 3.571486473293067343e-01 0.000000000000000000e+00 3.165798543401433518e-01 4.916321394536697365e-01 4.169638420300808557e-01 5.090936086443786923e-01 0.000000000000000000e+00 0.000000000000000000e+00 4.142607003094184726e-01 4.629955761479205845e-01 3.996521372549018958e-01 0.000000000000000000e+00 0.000000000000000000e+00 0.000000000000000000e+00 3.592594160699247308e-01 4.870562139401595214e-01 4.081118326759298198e-01 4.370961679853409554e-01 4.118508670886154022e-01 4.970927357427223359e-01 4.362425082071969551e-01 0.000000000000000000e+00 4.343802935615000416e-01 4.458534834437086203e-01 0.000000000000000000e+00 0.000000000000000000e+00 0.000000000000000000e+00 0.000000000000000000e+00 0.000000000000000000e+00 0.000000000000000000e+00 4.164177329715739173e-01 0.000000000000000000e+00 4.235011186440678088e-01 0.000000000000000000e+00 4.256832868597847375e-01 0.000000000000000000e+00 3.923841315378461259e-01 0.000000000000000000e+00 0.000000000000000000e+00 0.000000000000000000e+00 0.000000000000000000e+00 0.000000000000000000e+00 3.527171291375121864e-01 0.000000000000000000e+00 4.091706235699755223e-01 4.932784064814814684e-01 4.123694007719654331e-01 5.121419884393064725e-01 3.963183696378630994e-01 0.000000000000000000e+00 3.872513405420168198e-01 0.000000000000000000e+00 4.287093948995515102e-01 0.000000000000000000e+00 4.133761795134536787e-01 4.933408888738770037e-01 3.605112692064347812e-01 5.060009579665473156e-01 3.839431446827894501e-01 4.902529251066054528e-01 0.000000000000000000e+00 0.000000000000000000e+00 4.108544883380515489e-01 4.607551350416607683e-01 0.000000000000000000e+00 0.000000000000000000e+00 3.861473073198808947e-01 0.000000000000000000e+00 0.000000000000000000e+00 0.000000000000000000e+00 4.086209220228110284e-01 4.339582707602338552e-01 0.000000000000000000e+00 0.000000000000000000e+00 4.276613265508603101e-01 0.000000000000000000e+00 0.000000000000000000e+00 0.000000000000000000e+00 0.000000000000000000e+00 4.201217461538461206e-01 0.000000000000000000e+00 0.000000000000000000e+00 0.000000000000000000e+00 0.000000000000000000e+00 0.000000000000000000e+00 0.000000000000000000e+00 0.000000000000000000e+00 0.000000000000000000e+00 0.000000000000000000e+00 0.000000000000000000e+00 0.000000000000000000e+00 0.000000000000000000e+00 0.000000000000000000e+00 0.000000000000000000e+00 0.000000000000000000e+00 0.000000000000000000e+00 0.000000000000000000e+00 0.000000000000000000e+00 0.000000000000000000e+00 0.000000000000000000e+00 0.000000000000000000e+00 0.000000000000000000e+00
5.013333681139809928e-01 3.339989110166279862e-01 4.947846648615965570e-01 4.137544799819747321e-01 0.000000000000000000e+00 3.327283225806451639e-01 4.950448978036557368e-01 2.961033562834090582e-01 0.000000000000000000e+00 3.677325480971256888e-01 4.897474137519021165e-01 2.725161636332951165e-01 4.727973092308302427e-01 2.792490760905734781e-01 0.000000000000000000e+00 3.263525479003206442e-01 4.242591623931624145e-01 3.106719490037828657e-01 5.057776133272765540e-01 4.226445180369801102e-01 0.000000000000000000e+00 0.000000000000000000e+00 4.760457792200067928e-01 3.905910252728134746e-01 0.000000000000000000e+00 0.000000000000000000e+00 0.000000000000000000e+00 0.000000000000000000e+00 4.801374042338898418e-01 3.722565890247634401e-01 4.275000010979865817e-01 3.971510524817915000e-01 4.996173451286722855e-01 4.187166584158936167e-01 4.425077013750955968e-01 5.069141373664435291e-01 0.000000000000000000e+00 4.274924794499570524e-01 0.000000000000000000e+00 4.371256666666666346e-01 0.000000000000000000e+00 0.000000000000000000e+00 0.000000000000000000e+00 4.847274736842105969e-01 0.000000000000000000e+00 4.083664106516822767e-01 0.000000000000000000e+00 0.000000000000000000e+00 0.000000000000000000e+00 3.911158372102982450e-01 4.656491301775148028e-01 3.602780263205543898e-01 0.000000000000000000e+00 3.216898623853211014e-01 0.000000000000000000e+00 3.800943880911262784e-01 4.758162353135161338e-01 3.686774806531216142e-01 0.000000000000000000e+00 4.172131089004590954e-01 0.000000000000000000e+00 3.945526928040682391e-01 4.695437399674540768e-01 3.945028553938115801e-01 0.000000000000000000e+00 4.015651531978611244e-01 4.726327354022988314e-01 4.475055427603706892e-01 4.887993392209503130e-01 4.090744679196515743e-01 5.165643350587002525e-01 3.673450633377020047e-01 4.942458870392479331e-01 3.692099143431539776e-01 0.000000000000000000e+00 0.000000000000000000e+00 4.915135420946766809e-01 4.012684890356629785e-01 0.000000000000000000e+00 4.093371216216215580e-01 0.000000000000000000e+00 4.101519486193951347e-01 0.000000000000000000e+00 3.263431270067810308e-01 0.000000000000000000e+00 4.259402859795169416e-01 0.000000000000000000e+00 4.228336092000000157e-01 0.000000000000000000e+00 4.280830461086854721e-01 4.905793142857142186e-01 0.000000000000000000e+00 0.000000000000000000e+00 0.000000000000000000e+00 0.000000000000000000e+00 0.000000000000000000e+00 0.000000000000000000e+00 0.000000000000000000e+00 0.000000000000000000e+00 0.000000000000000000e+00 0.000000000000000000e+00 0.000000000000000000e+00 0.000000000000000000e+00 0.000000000000000000e+00 0.000000000000000000e+00 0.000000000000000000e+00 0.000000000000000000e+00 0.000000000000000000e+00 0.000000000000000000e+00 0.000000000000000000e+00 0.000000000000000000e+00 0.000000000000000000e+00 0.000000000000000000e+00 0.000000000000000000e+00 0.000000000000000000e+00 0.000000000000000000e+00
3.451109938511210395e-01 4.866576969696970179e-01 3.672811486888049037e-01 4.660416685244351265e-01 3.112045094822554203e-01 4.340919804149624417e-01 2.992341450299659811e-01 4.707004606726505336e-01 2.783601717546173582e-01 4.505172919191466341e-01 3.223068862646579769e-01 4.727973092308302427e-01 2.745032982874086036e-01 4.704602357157259274e-01 2.920922755217397748e-01 4.381107926376334172e-01 3.860570498859463573e-01 4.907223584905660574e-01 4.108841106897095363e-01 4.902260677933222288e-01 0.000000000000000000e+00 0.000000000000000000e+00 3.915633538405440817e-01 4.473724021487203717e-01 3.527116979265872976e-01 3.888634602451530586e-01 3.277979791666666420e-01 3.967493015675978563e-01 3.905434017069537300e-01 4.729009449543480348e-01 3.763587302403889612e-01 4.321414958807278661e-01 3.965606452318490294e-01 4.707595490861743448e-01 4.521599721509886316e-01 0.000000000000000000e+00 4.328338155904334905e-01 4.634539296874999881e-01 4.113953309859155194e-01 0.000000000000000000e+00 0.000000000000000000e+00 0.000000000000000000e+00 0.000000000000000000e+00 0.000000000000000000e+00 4.309098453552081542e-01 0.000000000000000000e+00 4.741981192660550404e-01 0.000000000000000000e+00 4.250639416666667225e-01 0.000000000000000000e+00 4.264965898487425577e-01 0.000000000000000000e+00 0.000000000000000000e+00 0.000000000000000000e+00 4.498675304347826143e-01 0.000000000000000000e+00 4.036890010938208317e-01 4.752432304075235314e-01 4.042321701995231775e-01 4.934216691176470659e-01 4.175815446801767750e-01 4.722194671052631909e-01 3.936491110749261169e-01 0.000000000000000000e+00 3.930469753304642877e-01 0.000000000000000000e+00 4.218740012539187179e-01 4.733769859154929871e-01 4.046100756950863908e-01 0.000000000000000000e+00 3.555967472633432824e-01 5.174721399263926269e-01 3.794416382958182843e-01 4.802726026043515062e-01 0.000000000000000000e+00 4.883438736842104499e-01 4.002366264800390483e-01 4.747461315104907209e-01 0.000000000000000000e+00 0.000000000000000000e+00 3.772145224715938161e-01 0.000000000000000000e+00 0.000000000000000000e+00 0.000000000000000000e+00 4.036041707661149891e-01 0.000000000000000000e+00 0.000000000000000000e+00 0.000000000000000000e+00 4.202329194958848158e-01 0.000000000000000000e+00 0.000000000000000000e+00 0.000000000000000000e+00 4.707589609375000261e-01 0.000000000000000000e+00 0.000000000000000000e+00 0.000000000000000000e+00 0.000000000000000000e+00 0.000000000000000000e+00 0.000000000000000000e+00 0.000000000000000000e+00 0.000000000000000000e+00 0.000000000000000000e+00 0.000000000000000000e+00 0.000000000000000000e+00 0.000000000000000000e+00 0.000000000000000000e+00 0.000000000000000000e+00 0.000000000000000000e+00 0.000000000000000000e+00 0.000000000000000000e+00 0.000000000000000000e+00 0.000000000000000000e+00 0.000000000000000000e+00 0.000000000000000000e+00 0.000000000000000000e+00 0.000000000000000000e+00
