0.000000000000000000e+00 2.395209580838323499e-02 7.296073628738959649e-02 5.513619954053167183e-03 3.544214070529859905e-04 0.000000000000000000e+00 8.646488692399251219e-02 4.767168716318916956e-03 4.705882352941176600e-04 0.000000000000000000e+00 3.020950243172465521e-01 1.420202378838984454e-03 2.363034316676700802e-02 8.484848484848485058e-04 8.513536523071683557e-04 0.000000000000000000e+00 1.112899979875226347e-01 2.111560795354566235e-03 6.023982626758568604e-02 4.925137903861308286e-02 0.000000000000000000e+00 0.000000000000000000e+00 1.637291726861215451e-03 3.189792663476873915e-04 0.000000000000000000e+00 0.000000000000000000e+00 0.000000000000000000e+00 0.000000000000000000e+00 4.537767756482525422e-02 1.446855870895937760e-03 2.028740490278951782e-03 3.354016434680530206e-04 8.033454385385715296e-03 2.093397745571658544e-02 0.000000000000000000e+00 5.313496280552603302e-04 8.596620132255694546e-02 2.143622722400857316e-04 0.000000000000000000e+00 4.395604395604395601e-04 4.636785162287480368e-03 0.000000000000000000e+00 5.373455131649651105e-04 0.000000000000000000e+00 3.187446365085202984e-03 0.000000000000000000e+00 0.000000000000000000e+00 0.000000000000000000e+00 9.073233959818535407e-03 2.242655303879793807e-04 3.366674798731397744e-02 1.437504492201538029e-04 8.026440037771483127e-03 0.000000000000000000e+00 3.712543092018032523e-03 0.000000000000000000e+00 3.285819250551065274e-01 1.187836553690212226e-03 4.429631222449199185e-02 4.508159769182219626e-04 7.053386841785236339e-02 0.000000000000000000e+00 5.675576711827169142e-03 1.178550383028874484e-04 7.417535464023243541e-02 1.275835672365399263e-04 8.670520231213871970e-03 1.702852277564921276e-03 1.182275541795665685e-01 2.452984464431725350e-03 9.346796532928246248e-02 1.213592233009708633e-03 4.624917017039167910e-02 2.132609538580845440e-03 0.000000000000000000e+00 0.000000000000000000e+00 8.820949755669715842e-02 2.056484782012613002e-03 9.066183136899365336e-04 0.000000000000000000e+00 2.988849293022186396e-03 0.000000000000000000e+00 0.000000000000000000e+00 0.000000000000000000e+00 3.622008790493244645e-02 7.144388083160677723e-05 0.000000000000000000e+00 0.000000000000000000e+00 1.684859990507830974e-02 1.175778953556731369e-04 4.202942059441609063e-03 0.000000000000000000e+00 3.953685399604631688e-03 4.788125448886760725e-04 2.531645569620253125e-02 8.645533141210375375e-03 5.810200129115558262e-03 0.000000000000000000e+00 3.742514970059880250e-03 8.474576271186440432e-04 2.063983488132094778e-03 0.000000000000000000e+00 1.554243083618277958e-03 1.954215522054718063e-03 7.807807807807807567e-03 4.784688995215311143e-04 2.439024390243902437e-03 0.000000000000000000e+00 1.428571428571428492e-01 7.042253521126760722e-03 8.576329331046312048e-04 1.669449081803005058e-03 0.000000000000000000e+00 7.315288953913679903e-04 0.000000000000000000e+00 0.000000000000000000e+00
2.395209580838323499e-02 0.000000000000000000e+00 1.855562977807466776e-03 7.981621266819823035e-02 0.000000000000000000e+00 1.634432034867883436e-03 1.785410644448223163e-03 9.831421859886693704e-02 0.000000000000000000e+00 8.173418621179815921e-03 7.482229704451926226e-04 1.649210012426770844e-01 0.000000000000000000e+00 5.212121212121212377e-02 0.000000000000000000e+00 4.905839531571451299e-03 1.408734151740792919e-03 9.818757698398733469e-02 2.124445283731470069e-02 1.651891252955082767e-01 0.000000000000000000e+00 0.000000000000000000e+00 2.889338341519792131e-04 9.569377990430622287e-04 0.000000000000000000e+00 0.000000000000000000e+00 0.000000000000000000e+00 0.000000000000000000e+00 9.864712514092446004e-04 4.296048970506399778e-02 1.521555367709213945e-03 1.677008217340265103e-04 1.749752393529217451e-02 2.958937198067632807e-02 3.690036900369003583e-04 0.000000000000000000e+00 4.898359049718344375e-04 7.073954983922829676e-02 0.000000000000000000e+00 6.153846153846153841e-03 0.000000000000000000e+00 7.142857142857142461e-02 0.000000000000000000e+00 8.317391665973550112e-05 2.451881819296309988e-04 1.108749884505220388e-03 0.000000000000000000e+00 1.225490196078431356e-04 1.296176279974076595e-04 3.139717425431711329e-03 1.219809709685289081e-04 7.475023359447998186e-03 0.000000000000000000e+00 1.305672421296967924e-03 0.000000000000000000e+00 2.589834898025251009e-03 2.204261572373255023e-03 2.238675958188153237e-01 1.075153209332329815e-04 1.767198629519430020e-02 0.000000000000000000e+00 2.706645056726093845e-02 0.000000000000000000e+00 1.532115497937536902e-02 0.000000000000000000e+00 4.529216636897167442e-02 2.550153009180551058e-04 1.106853980417198905e-03 1.644736842105263067e-02 2.213137094576178854e-01 3.574300777410419007e-04 8.131067961165049096e-02 1.438371321088736466e-03 7.105467235362543377e-02 0.000000000000000000e+00 4.878048780487804874e-03 1.879463726350081481e-03 1.214697011242116820e-01 0.000000000000000000e+00 1.466275659824046920e-03 2.299114840786297353e-04 1.591551390748177988e-02 0.000000000000000000e+00 1.216333622936576972e-02 0.000000000000000000e+00 4.100878759734228468e-02 0.000000000000000000e+00 2.363135092556124372e-03 0.000000000000000000e+00 3.233392122281011222e-02 2.101471029720804531e-03 5.986316989737742490e-03 5.648121999435188126e-04 5.985156811108451394e-03 7.233273056057865948e-03 1.354466858789625250e-01 5.810200129115558262e-03 1.128668171557561982e-03 2.245508982035928063e-03 3.389830508474576173e-03 0.000000000000000000e+00 6.825938566552901092e-03 9.325458501709667312e-04 5.862646566164153757e-03 6.006006006006005737e-04 4.306220095693779649e-03 0.000000000000000000e+00 0.000000000000000000e+00 0.000000000000000000e+00 0.000000000000000000e+00 8.576329331046312048e-04 0.000000000000000000e+00 3.300330033003300370e-03 4.389173372348207508e-03 4.008016032064127925e-03 0.000000000000000000e+00
7.296073628738959649e-02 1.855562977807466776e-03 0.000000000000000000e+00 5.644896619625861846e-03 1.018961545277334707e-01 3.813674748025061133e-03 3.210338377826900125e-01 9.741605637695178316e-03 7.176470588235293879e-02 3.909026297085998504e-03 2.974186307519640846e-02 2.485354162968223066e-03 6.095725466586393582e-02 5.333333333333333155e-03 3.745956070151541112e-02 3.956322202880202185e-03 1.448983698933387076e-02 3.519267992257610572e-04 8.290057596072136770e-02 6.698187549251379165e-03 2.175805047867710937e-03 0.000000000000000000e+00 1.579504960030819471e-01 9.250398724082934190e-03 3.202511773940345391e-02 3.233455486096141300e-03 2.886201209455744807e-02 1.248049921996879875e-03 4.805524239007891857e-02 7.790762381747356503e-04 2.079459002535925458e-02 2.280731175582760215e-02 1.353582040277319203e-02 8.756038647342995890e-03 2.214022140221402150e-03 0.000000000000000000e+00 3.257408768062698690e-02 0.000000000000000000e+00 5.420054200542005415e-04 0.000000000000000000e+00 1.545595054095826862e-03 3.105590062111801032e-03 1.343363782912412776e-04 0.000000000000000000e+00 5.639328184381512538e-03 0.000000000000000000e+00 0.000000000000000000e+00 0.000000000000000000e+00 8.165910563836682387e-03 0.000000000000000000e+00 1.317394486460112153e-02 0.000000000000000000e+00 5.665722379603399701e-03 0.000000000000000000e+00 3.182179793158313591e-03 0.000000000000000000e+00 7.347538574577516454e-03 3.959455178967374086e-04 1.064401677239006604e-02 1.803263907672888013e-04 3.405083302930803860e-03 0.000000000000000000e+00 1.830831197363602940e-04 2.357100766057748968e-04 5.298239617159459548e-03 0.000000000000000000e+00 1.691601496089765316e-02 4.257130693912303189e-04 5.030959752321981400e-03 0.000000000000000000e+00 3.172191939951746892e-02 1.051779935275080988e-03 7.689754370435937514e-02 1.066304769290422720e-03 0.000000000000000000e+00 0.000000000000000000e+00 9.773211377020422919e-02 2.741979709350150633e-04 0.000000000000000000e+00 0.000000000000000000e+00 1.149557420393148731e-03 1.487431206306708258e-04 0.000000000000000000e+00 0.000000000000000000e+00 7.162624125020348488e-03 0.000000000000000000e+00 0.000000000000000000e+00 0.000000000000000000e+00 7.119126720455623905e-03 0.000000000000000000e+00 4.202942059441609063e-03 2.850627137970353567e-04 1.129624399887037625e-03 9.576250897773521450e-04 7.233273056057865948e-03 1.296829971181556219e-02 3.873466752743705797e-03 0.000000000000000000e+00 0.000000000000000000e+00 0.000000000000000000e+00 0.000000000000000000e+00 0.000000000000000000e+00 6.216972334473111180e-04 1.395868230039084331e-03 1.801801801801801830e-03 9.569377990430622287e-04 0.000000000000000000e+00 0.000000000000000000e+00 0.000000000000000000e+00 0.000000000000000000e+00 0.000000000000000000e+00 0.000000000000000000e+00 0.000000000000000000e+00 7.315288953913679903e-04 0.000000000000000000e+00 9.345794392523363789e-03
5.513619954053167183e-03 7.981621266819823035e-02 5.644896619625861846e-03 0.000000000000000000e+00 3.544214070529860122e-03 1.334786161808771410e-01 1.037238564869920159e-02 2.878264474229653147e-01 1.411764705882353034e-03 4.442075337597725659e-02 3.179947624392068673e-03 4.828688088052547622e-02 5.117399157134256901e-03 4.884848484848484940e-02 2.554060956921505067e-03 5.728754549770533055e-02 2.012477359629704092e-04 1.319725497096603875e-02 1.019733736191105571e-02 1.112096138691883312e-01 0.000000000000000000e+00 1.677852348993288554e-03 2.282577289800635789e-02 2.834130781499202278e-01 2.197802197802197800e-03 5.259754257383056353e-02 8.246289169873557241e-04 1.154446177847113890e-02 5.636978579481397716e-04 3.516972732331664214e-02 1.978021978021977934e-02 3.605567667281569383e-02 5.722460658082975660e-03 1.117149758454106211e-02 0.000000000000000000e+00 2.125398512221041321e-03 2.449179524859172188e-04 3.729903536977492023e-02 0.000000000000000000e+00 2.197802197802197800e-03 0.000000000000000000e+00 1.242236024844720413e-02 0.000000000000000000e+00 8.317391665973550112e-05 0.000000000000000000e+00 6.837290954448858697e-03 0.000000000000000000e+00 1.225490196078431356e-04 1.296176279974076595e-04 7.737160798385288307e-03 0.000000000000000000e+00 1.092503414073169032e-02 0.000000000000000000e+00 1.160597707819527140e-03 2.651816494298594659e-04 4.855940433797345372e-04 7.347538574577516292e-05 1.354133671206841916e-02 1.075153209332329815e-04 2.001622937516905551e-02 0.000000000000000000e+00 3.403565640194489324e-03 0.000000000000000000e+00 8.249852681202120980e-04 0.000000000000000000e+00 1.926511865271753055e-02 1.105066303978238665e-03 1.421881651766709193e-02 5.804953560371516833e-04 7.631507222676478866e-03 1.072290233223125756e-03 3.648867313915857280e-02 8.851515822084532513e-04 7.270259790616517837e-02 0.000000000000000000e+00 2.926829268292683098e-02 1.252975817566721059e-03 8.623526185906224550e-02 0.000000000000000000e+00 1.466275659824046920e-03 0.000000000000000000e+00 1.636174326937379084e-03 0.000000000000000000e+00 3.475238922675933772e-03 8.139345596614031757e-05 5.143959419875688069e-03 0.000000000000000000e+00 3.938558487593540620e-04 2.373042240151874798e-04 4.350382128159906159e-03 5.703992794956469319e-03 2.850627137970353567e-03 1.129624399887037625e-03 1.915250179554704290e-03 0.000000000000000000e+00 4.034582132564841495e-02 2.582311168495803576e-03 0.000000000000000000e+00 1.497005988023952187e-03 0.000000000000000000e+00 0.000000000000000000e+00 1.137656427758816776e-03 9.325458501709667312e-04 4.187604690117252559e-03 6.006006006006005737e-04 9.569377990430622287e-04 0.000000000000000000e+00 0.000000000000000000e+00 0.000000000000000000e+00 0.000000000000000000e+00 0.000000000000000000e+00 0.000000000000000000e+00 3.300330033003300370e-03 7.315288953913679903e-04 2.004008016032063962e-03 4.672897196261681894e-03
3.544214070529859905e-04 0.000000000000000000e+00 1.018961545277334707e-01 3.544214070529860122e-03 0.000000000000000000e+00 5.175701443748297222e-03 4.165958170379187309e-03 4.145364101146884286e-04 3.915294117647059036e-01 1.776830135039090229e-03 1.870557426112981556e-04 0.000000000000000000e+00 2.408187838651414808e-03 1.212121212121212093e-04 1.391111867869913032e-01 1.107770216806456794e-03 0.000000000000000000e+00 0.000000000000000000e+00 1.133037484656784040e-03 0.000000000000000000e+00 2.741514360313316093e-02 0.000000000000000000e+00 2.571511123952614775e-02 2.232854864433811686e-03 1.485086342229199330e-01 6.898038370338434831e-03 1.632765255634964219e-01 1.560062402496099898e-03 1.282412626832018024e-02 0.000000000000000000e+00 1.487743026204564611e-02 1.274526245178601337e-02 6.602839220864972249e-04 3.019323671497584397e-04 0.000000000000000000e+00 0.000000000000000000e+00 0.000000000000000000e+00 0.000000000000000000e+00 0.000000000000000000e+00 0.000000000000000000e+00 0.000000000000000000e+00 0.000000000000000000e+00 0.000000000000000000e+00 0.000000000000000000e+00 0.000000000000000000e+00 0.000000000000000000e+00 2.102165230187092826e-04 0.000000000000000000e+00 1.296176279974076595e-04 0.000000000000000000e+00 1.219809709685289081e-04 0.000000000000000000e+00 0.000000000000000000e+00 0.000000000000000000e+00 0.000000000000000000e+00 0.000000000000000000e+00 0.000000000000000000e+00 0.000000000000000000e+00 0.000000000000000000e+00 0.000000000000000000e+00 0.000000000000000000e+00 0.000000000000000000e+00 0.000000000000000000e+00 0.000000000000000000e+00 3.418219107844812734e-04 0.000000000000000000e+00 1.700102006120367281e-04 0.000000000000000000e+00 1.934984520123839125e-04 0.000000000000000000e+00 3.449200250201054502e-02 1.618122977346278339e-04 3.341447222836910896e-02 9.693679720822023619e-05 0.000000000000000000e+00 0.000000000000000000e+00 2.505951635133442119e-03 0.000000000000000000e+00 0.000000000000000000e+00 0.000000000000000000e+00 2.299114840786297353e-04 0.000000000000000000e+00 6.476683937823834438e-04 0.000000000000000000e+00 7.325411036952629530e-04 0.000000000000000000e+00 0.000000000000000000e+00 0.000000000000000000e+00 4.746084480303749595e-04 0.000000000000000000e+00 0.000000000000000000e+00 0.000000000000000000e+00 2.824060999717594063e-04 2.394062724443380362e-04 0.000000000000000000e+00 0.000000000000000000e+00 0.000000000000000000e+00 0.000000000000000000e+00 0.000000000000000000e+00 0.000000000000000000e+00 0.000000000000000000e+00 0.000000000000000000e+00 0.000000000000000000e+00 2.791736460078168662e-04 6.006006006006005737e-04 0.000000000000000000e+00 0.000000000000000000e+00 0.000000000000000000e+00 0.000000000000000000e+00 0.000000000000000000e+00 0.000000000000000000e+00 0.000000000000000000e+00 0.000000000000000000e+00 0.000000000000000000e+00 0.000000000000000000e+00 0.000000000000000000e+00
0.000000000000000000e+00 1.634432034867883436e-03 3.813674748025061133e-03 1.334786161808771410e-01 5.175701443748297222e-03 0.000000000000000000e+00 6.801564359802754391e-04 1.222882409838330769e-02 9.411764705882353201e-04 2.139303482587064653e-01 1.870557426112981556e-04 8.876264867743653654e-04 1.505117399157134255e-04 3.515151515151514975e-03 8.513536523071683557e-04 6.868175344200032340e-02 0.000000000000000000e+00 0.000000000000000000e+00 9.441979038806533212e-05 1.083530338849487832e-03 0.000000000000000000e+00 2.558724832214765224e-02 3.274583453722430901e-03 3.620414673046252335e-02 5.023547880690737953e-03 9.053675361069195293e-02 2.748763056624519080e-04 1.098283931357254273e-01 0.000000000000000000e+00 1.146355036171396724e-02 5.917159763313609329e-03 7.043434512829112835e-03 1.100473203477495330e-04 9.057971014492753733e-04 0.000000000000000000e+00 5.313496280552603302e-04 0.000000000000000000e+00 0.000000000000000000e+00 0.000000000000000000e+00 4.395604395604395601e-04 0.000000000000000000e+00 0.000000000000000000e+00 0.000000000000000000e+00 0.000000000000000000e+00 0.000000000000000000e+00 0.000000000000000000e+00 0.000000000000000000e+00 1.225490196078431356e-04 0.000000000000000000e+00 0.000000000000000000e+00 0.000000000000000000e+00 1.437504492201538029e-04 0.000000000000000000e+00 2.901494269548817850e-04 0.000000000000000000e+00 0.000000000000000000e+00 0.000000000000000000e+00 7.918910357934748172e-05 0.000000000000000000e+00 9.016319538364440066e-05 0.000000000000000000e+00 0.000000000000000000e+00 0.000000000000000000e+00 0.000000000000000000e+00 0.000000000000000000e+00 1.275835672365399263e-04 0.000000000000000000e+00 0.000000000000000000e+00 0.000000000000000000e+00 0.000000000000000000e+00 1.519077830399428010e-03 2.491909385113268496e-02 1.106439477760566564e-04 2.045366421093447115e-02 0.000000000000000000e+00 0.000000000000000000e+00 0.000000000000000000e+00 9.596928982725527486e-04 0.000000000000000000e+00 0.000000000000000000e+00 0.000000000000000000e+00 1.487431206306708258e-04 0.000000000000000000e+00 0.000000000000000000e+00 0.000000000000000000e+00 2.857755233264271089e-04 0.000000000000000000e+00 0.000000000000000000e+00 0.000000000000000000e+00 4.703115814226925475e-04 0.000000000000000000e+00 0.000000000000000000e+00 0.000000000000000000e+00 0.000000000000000000e+00 0.000000000000000000e+00 0.000000000000000000e+00 0.000000000000000000e+00 0.000000000000000000e+00 0.000000000000000000e+00 0.000000000000000000e+00 0.000000000000000000e+00 0.000000000000000000e+00 0.000000000000000000e+00 0.000000000000000000e+00 0.000000000000000000e+00 0.000000000000000000e+00 0.000000000000000000e+00 0.000000000000000000e+00 0.000000000000000000e+00 0.000000000000000000e+00 0.000000000000000000e+00 0.000000000000000000e+00 0.000000000000000000e+00 0.000000000000000000e+00 0.000000000000000000e+00 0.000000000000000000e+00
8.646488692399251219e-02 1.785410644448223163e-03 3.210338377826900125e-01 1.037238564869920159e-02 4.165958170379187309e-03 6.801564359802754391e-04 0.000000000000000000e+00 1.685781401133066085e-02 3.200000000000000067e-02 1.421464108031272183e-03 1.112981668537224161e-01 3.372980649742588106e-03 2.317880794701986658e-01 9.575757575757576009e-03 2.434871445598501757e-02 1.424275993036873021e-03 6.439927550815053095e-03 1.759633996128805286e-04 1.114153526579170911e-02 5.614657210401891550e-03 4.351610095735421982e-04 0.000000000000000000e+00 1.300202253683906302e-02 1.467304625199362077e-02 9.419152276295133120e-04 1.293382194438456477e-03 1.374381528312259432e-03 6.240249609984399376e-04 2.057497181510710427e-02 5.564830272676683526e-04 8.453085376162300033e-03 2.783833640784839913e-02 1.870804445911741993e-03 1.328502415458937200e-02 0.000000000000000000e+00 0.000000000000000000e+00 1.689933872152828837e-02 4.287245444801714633e-04 3.252032520325203249e-03 0.000000000000000000e+00 1.545595054095826862e-03 0.000000000000000000e+00 2.686727565824825552e-04 0.000000000000000000e+00 2.451881819296309988e-03 9.239582370876836114e-05 2.102165230187092826e-04 0.000000000000000000e+00 5.962410887880752013e-03 0.000000000000000000e+00 2.354232739692608059e-02 7.187522461007690147e-05 1.227573182247403139e-02 0.000000000000000000e+00 5.833996287456908250e-03 0.000000000000000000e+00 2.351212343864805213e-03 7.918910357934748172e-05 9.783894204924202184e-03 1.803263907672888013e-04 1.155296120637236933e-02 0.000000000000000000e+00 2.929329915781764705e-03 2.357100766057748968e-04 1.931293795932319257e-02 0.000000000000000000e+00 3.740224413464807857e-03 2.554278416347382130e-04 1.160990712074303367e-03 0.000000000000000000e+00 5.477615941381467485e-02 1.699029126213592216e-03 3.861473777384376999e-02 1.938735944164404887e-03 0.000000000000000000e+00 0.000000000000000000e+00 6.390176669590276470e-02 6.854949273375377395e-04 9.066183136899365336e-04 0.000000000000000000e+00 3.678583745258075764e-03 0.000000000000000000e+00 0.000000000000000000e+00 0.000000000000000000e+00 3.760377665635682848e-02 2.143316424948203181e-04 2.099370188943316864e-03 0.000000000000000000e+00 4.508780256288561633e-02 0.000000000000000000e+00 9.006304413089161968e-04 8.551881413911060700e-04 2.824060999717594063e-04 4.788125448886760725e-04 7.233273056057865948e-03 4.322766570605187687e-03 0.000000000000000000e+00 0.000000000000000000e+00 0.000000000000000000e+00 8.474576271186440432e-04 0.000000000000000000e+00 1.137656427758816776e-03 0.000000000000000000e+00 2.791736460078168662e-04 3.003003003003002977e-03 9.569377990430622287e-04 0.000000000000000000e+00 0.000000000000000000e+00 0.000000000000000000e+00 0.000000000000000000e+00 0.000000000000000000e+00 0.000000000000000000e+00 0.000000000000000000e+00 7.315288953913679903e-04 1.002004008016031981e-03 0.000000000000000000e+00
4.767168716318916956e-03 9.831421859886693704e-02 9.741605637695178316e-03 2.878264474229653147e-01 4.145364101146884286e-04 1.222882409838330769e-02 1.685781401133066085e-02 0.000000000000000000e+00 1.176470588235294015e-03 9.808102345415778411e-02 1.047512158623269650e-02 1.304810935558317064e-01 1.083684527393136664e-02 2.609696969696969626e-01 6.810829218457346845e-04 5.285646463047950772e-02 1.408734151740792919e-03 1.231743797290163651e-02 1.973373619110565733e-02 8.077226162332544826e-03 0.000000000000000000e+00 0.000000000000000000e+00 3.062698642010979605e-02 1.467304625199362077e-02 6.279434850863422441e-04 8.191420564776891525e-03 2.748763056624519080e-04 2.496099843993759750e-03 1.268320180383314486e-03 1.636060100166944822e-02 1.301775147928994035e-02 3.857118899882609492e-03 6.932981181908220644e-03 2.314814814814814686e-03 0.000000000000000000e+00 0.000000000000000000e+00 4.898359049718344375e-04 1.564844587352625868e-02 0.000000000000000000e+00 1.758241758241758240e-03 0.000000000000000000e+00 0.000000000000000000e+00 0.000000000000000000e+00 8.317391665973550112e-05 0.000000000000000000e+00 2.956666358680587556e-03 0.000000000000000000e+00 0.000000000000000000e+00 2.592352559948153190e-04 4.933841668535545941e-03 1.219809709685289081e-04 9.990656220800690768e-03 4.721435316336166418e-04 5.367764398665312263e-03 0.000000000000000000e+00 2.913564260278407331e-03 2.204261572373255023e-04 1.005701615457713083e-02 2.150306418664659630e-04 6.221260481471463551e-03 0.000000000000000000e+00 5.348460291734197757e-03 0.000000000000000000e+00 2.592810842663523675e-03 0.000000000000000000e+00 3.036488900229650581e-02 9.350561033662019642e-04 4.427415921668795620e-03 5.804953560371516833e-04 1.635322976287816900e-03 2.055222947010991105e-03 7.556634304207120179e-02 9.957955299845098942e-04 4.546335789065529542e-02 0.000000000000000000e+00 9.756097560975609748e-03 1.252975817566721059e-03 4.003290375651220173e-02 0.000000000000000000e+00 7.331378299120234598e-04 0.000000000000000000e+00 2.528633050721404256e-03 0.000000000000000000e+00 5.212858384013901308e-03 0.000000000000000000e+00 3.022076159176966328e-02 0.000000000000000000e+00 1.575423395037416248e-03 0.000000000000000000e+00 3.386243386243386472e-02 1.501050735514860473e-03 2.850627137970353567e-04 8.472182999152782189e-04 2.394062724443380362e-04 3.616636528028932974e-03 2.593659942363112439e-02 1.291155584247901788e-03 0.000000000000000000e+00 0.000000000000000000e+00 0.000000000000000000e+00 0.000000000000000000e+00 0.000000000000000000e+00 3.108486167236555590e-04 1.675041876046901197e-03 6.006006006006005737e-04 1.435406698564593289e-03 0.000000000000000000e+00 0.000000000000000000e+00 0.000000000000000000e+00 0.000000000000000000e+00 0.000000000000000000e+00 0.000000000000000000e+00 0.000000000000000000e+00 1.463057790782735981e-03 1.002004008016031981e-03 0.000000000000000000e+00
4.705882352941176600e-04 0.000000000000000000e+00 7.176470588235293879e-02 1.411764705882353034e-03 3.915294117647059036e-01 9.411764705882353201e-04 3.200000000000000067e-02 1.176470588235294015e-03 0.000000000000000000e+00 7.107320540156360916e-04 3.741114852225963113e-04 0.000000000000000000e+00 1.324503311258278145e-02 1.212121212121212093e-04 2.106248935807934486e-01 3.165057762304162269e-04 0.000000000000000000e+00 0.000000000000000000e+00 9.441979038806533212e-05 0.000000000000000000e+00 1.784160139251523072e-02 0.000000000000000000e+00 8.764326302610035355e-03 1.116427432216905843e-03 1.224489795918367284e-02 4.311273981461521770e-04 7.696536558548652991e-03 3.120124804992199688e-04 1.226042841037204047e-02 0.000000000000000000e+00 5.071851225697379456e-04 1.677008217340264940e-03 1.100473203477495330e-04 0.000000000000000000e+00 0.000000000000000000e+00 0.000000000000000000e+00 2.449179524859172188e-04 2.143622722400857316e-04 0.000000000000000000e+00 0.000000000000000000e+00 0.000000000000000000e+00 0.000000000000000000e+00 0.000000000000000000e+00 0.000000000000000000e+00 0.000000000000000000e+00 0.000000000000000000e+00 2.102165230187092826e-04 0.000000000000000000e+00 0.000000000000000000e+00 0.000000000000000000e+00 3.659429129055867514e-04 0.000000000000000000e+00 0.000000000000000000e+00 0.000000000000000000e+00 0.000000000000000000e+00 0.000000000000000000e+00 0.000000000000000000e+00 0.000000000000000000e+00 0.000000000000000000e+00 0.000000000000000000e+00 2.432202359236288510e-04 0.000000000000000000e+00 0.000000000000000000e+00 0.000000000000000000e+00 1.709109553922406367e-04 0.000000000000000000e+00 0.000000000000000000e+00 0.000000000000000000e+00 1.934984520123839125e-04 0.000000000000000000e+00 8.220891788043964421e-03 0.000000000000000000e+00 3.750829829608320204e-02 9.693679720822023619e-05 0.000000000000000000e+00 0.000000000000000000e+00 3.633629870943490704e-03 0.000000000000000000e+00 0.000000000000000000e+00 0.000000000000000000e+00 1.149557420393148676e-04 0.000000000000000000e+00 0.000000000000000000e+00 0.000000000000000000e+00 8.139345596614032570e-04 0.000000000000000000e+00 0.000000000000000000e+00 0.000000000000000000e+00 0.000000000000000000e+00 0.000000000000000000e+00 3.002101471029720837e-04 0.000000000000000000e+00 0.000000000000000000e+00 0.000000000000000000e+00 0.000000000000000000e+00 2.881844380403458025e-03 0.000000000000000000e+00 0.000000000000000000e+00 0.000000000000000000e+00 0.000000000000000000e+00 0.000000000000000000e+00 0.000000000000000000e+00 0.000000000000000000e+00 0.000000000000000000e+00 0.000000000000000000e+00 0.000000000000000000e+00 0.000000000000000000e+00 0.000000000000000000e+00 0.000000000000000000e+00 0.000000000000000000e+00 0.000000000000000000e+00 0.000000000000000000e+00 0.000000000000000000e+00 0.000000000000000000e+00 0.000000000000000000e+00 0.000000000000000000e+00
0.000000000000000000e+00 8.173418621179815921e-03 3.909026297085998504e-03 4.442075337597725659e-02 1.776830135039090229e-03 2.139303482587064653e-01 1.421464108031272183e-03 9.808102345415778411e-02 7.107320540156360916e-04 0.000000000000000000e+00 0.000000000000000000e+00 3.017930055032842264e-03 1.505117399157134255e-04 1.563636363636363574e-02 5.108121913843010134e-04 1.474916917233739522e-01 0.000000000000000000e+00 3.519267992257610572e-04 1.888395807761306642e-04 3.940110323089046759e-04 0.000000000000000000e+00 3.355704697986577108e-03 2.985649619570451743e-03 1.435406698564593289e-03 1.569858712715855665e-03 1.077818495365380578e-03 0.000000000000000000e+00 1.216848673946957851e-02 0.000000000000000000e+00 1.179744017807456830e-02 4.057480980557903565e-03 8.385041086701324701e-04 0.000000000000000000e+00 3.019323671497584397e-04 0.000000000000000000e+00 0.000000000000000000e+00 0.000000000000000000e+00 2.143622722400857316e-04 0.000000000000000000e+00 0.000000000000000000e+00 0.000000000000000000e+00 0.000000000000000000e+00 0.000000000000000000e+00 0.000000000000000000e+00 0.000000000000000000e+00 9.239582370876836114e-05 0.000000000000000000e+00 0.000000000000000000e+00 0.000000000000000000e+00 2.242655303879793807e-04 0.000000000000000000e+00 7.187522461007690147e-05 0.000000000000000000e+00 0.000000000000000000e+00 0.000000000000000000e+00 0.000000000000000000e+00 0.000000000000000000e+00 7.127019322141273355e-04 0.000000000000000000e+00 9.016319538364440066e-05 0.000000000000000000e+00 0.000000000000000000e+00 0.000000000000000000e+00 1.178550383028874484e-04 0.000000000000000000e+00 0.000000000000000000e+00 8.500510030601836407e-05 1.702852277564921330e-04 0.000000000000000000e+00 0.000000000000000000e+00 2.680725583057814391e-04 1.731391585760517701e-02 0.000000000000000000e+00 1.473439317564947601e-02 0.000000000000000000e+00 1.951219512195121950e-02 0.000000000000000000e+00 3.153276665752673472e-03 0.000000000000000000e+00 7.331378299120234598e-04 0.000000000000000000e+00 1.189944965045366607e-03 0.000000000000000000e+00 8.688097306689834430e-04 0.000000000000000000e+00 6.429949274844610086e-04 0.000000000000000000e+00 0.000000000000000000e+00 0.000000000000000000e+00 3.527336860670194241e-04 0.000000000000000000e+00 0.000000000000000000e+00 0.000000000000000000e+00 0.000000000000000000e+00 1.808318264014466487e-03 1.440922190201729012e-03 6.455777921239508940e-04 0.000000000000000000e+00 0.000000000000000000e+00 0.000000000000000000e+00 0.000000000000000000e+00 0.000000000000000000e+00 0.000000000000000000e+00 0.000000000000000000e+00 0.000000000000000000e+00 0.000000000000000000e+00 0.000000000000000000e+00 0.000000000000000000e+00 0.000000000000000000e+00 0.000000000000000000e+00 0.000000000000000000e+00 0.000000000000000000e+00 0.000000000000000000e+00 7.315288953913679903e-04 0.000000000000000000e+00 0.000000000000000000e+00
3.020950243172465521e-01 7.482229704451926226e-04 2.974186307519640846e-02 3.179947624392068673e-03 1.870557426112981556e-04 1.870557426112981556e-04 1.112981668537224161e-01 1.047512158623269650e-02 3.741114852225963113e-04 0.000000000000000000e+00 0.000000000000000000e+00 1.242677081484111533e-03 9.166164960866947375e-02 7.272727272727272287e-04 1.532436574152903040e-03 0.000000000000000000e+00 6.057556852485409399e-02 0.000000000000000000e+00 2.369936738740439919e-02 2.561071710007880014e-03 0.000000000000000000e+00 0.000000000000000000e+00 4.334007512279688251e-03 1.116427432216905843e-03 0.000000000000000000e+00 0.000000000000000000e+00 0.000000000000000000e+00 0.000000000000000000e+00 4.086809470124013605e-02 0.000000000000000000e+00 8.453085376162298731e-04 8.385041086701324701e-04 4.291845493562231745e-03 2.818035426731078843e-03 0.000000000000000000e+00 0.000000000000000000e+00 4.898359049718344375e-04 2.143622722400857316e-04 0.000000000000000000e+00 0.000000000000000000e+00 0.000000000000000000e+00 0.000000000000000000e+00 0.000000000000000000e+00 0.000000000000000000e+00 1.225940909648154994e-04 0.000000000000000000e+00 0.000000000000000000e+00 0.000000000000000000e+00 3.888528839922229243e-04 0.000000000000000000e+00 4.391314954867040800e-03 0.000000000000000000e+00 9.442870632672332835e-04 0.000000000000000000e+00 0.000000000000000000e+00 0.000000000000000000e+00 7.935341660543717215e-03 7.918910357934748172e-05 4.623158800129018205e-03 0.000000000000000000e+00 2.845676760306457484e-02 0.000000000000000000e+00 9.337239106554375348e-03 0.000000000000000000e+00 2.854212955050418679e-02 0.000000000000000000e+00 1.020061203672220423e-03 8.514261387824606649e-05 5.804953560371516833e-04 0.000000000000000000e+00 2.609239567509605978e-02 9.708737864077669494e-04 2.102235007745076323e-03 9.693679720822023619e-05 0.000000000000000000e+00 0.000000000000000000e+00 1.002380654053376761e-03 0.000000000000000000e+00 0.000000000000000000e+00 0.000000000000000000e+00 3.793539487297390659e-03 0.000000000000000000e+00 0.000000000000000000e+00 0.000000000000000000e+00 1.538336317760052169e-02 0.000000000000000000e+00 0.000000000000000000e+00 0.000000000000000000e+00 1.139060275272899860e-02 1.175778953556731369e-04 0.000000000000000000e+00 0.000000000000000000e+00 0.000000000000000000e+00 0.000000000000000000e+00 0.000000000000000000e+00 0.000000000000000000e+00 0.000000000000000000e+00 0.000000000000000000e+00 0.000000000000000000e+00 0.000000000000000000e+00 0.000000000000000000e+00 0.000000000000000000e+00 0.000000000000000000e+00 0.000000000000000000e+00 0.000000000000000000e+00 0.000000000000000000e+00 0.000000000000000000e+00 0.000000000000000000e+00 0.000000000000000000e+00 0.000000000000000000e+00 0.000000000000000000e+00 0.000000000000000000e+00 0.000000000000000000e+00 0.000000000000000000e+00 0.000000000000000000e+00 0.000000000000000000e+00
1.420202378838984454e-03 1.649210012426770844e-01 2.485354162968223066e-03 4.828688088052547622e-02 0.000000000000000000e+00 8.876264867743653654e-04 3.372980649742588106e-03 1.304810935558317064e-01 0.000000000000000000e+00 3.017930055032842264e-03 1.242677081484111533e-03 0.000000000000000000e+00 4.515352197471402765e-04 1.512727272727272809e-01 0.000000000000000000e+00 6.171862636493116207e-03 0.000000000000000000e+00 6.070737286644378033e-02 3.115853082806156055e-03 2.442868400315208882e-02 0.000000000000000000e+00 0.000000000000000000e+00 9.631127805065973319e-05 1.116427432216905886e-02 0.000000000000000000e+00 2.155636990730760885e-04 0.000000000000000000e+00 0.000000000000000000e+00 0.000000000000000000e+00 5.052865887590428373e-02 0.000000000000000000e+00 3.354016434680530206e-04 5.502366017387476512e-04 5.334138486312399625e-03 0.000000000000000000e+00 5.313496280552603302e-04 0.000000000000000000e+00 4.287245444801714633e-04 0.000000000000000000e+00 0.000000000000000000e+00 0.000000000000000000e+00 0.000000000000000000e+00 0.000000000000000000e+00 8.317391665973550112e-05 0.000000000000000000e+00 2.771874711263050970e-04 0.000000000000000000e+00 0.000000000000000000e+00 0.000000000000000000e+00 1.121327651939896903e-04 0.000000000000000000e+00 8.625026953209229260e-04 0.000000000000000000e+00 4.352241404323226232e-04 0.000000000000000000e+00 1.618646811265781881e-04 0.000000000000000000e+00 5.859993664871714081e-03 0.000000000000000000e+00 7.213055630691552053e-04 0.000000000000000000e+00 2.269043760129659838e-03 0.000000000000000000e+00 5.067766647024160402e-03 0.000000000000000000e+00 3.189589180913498211e-03 0.000000000000000000e+00 8.514261387824606378e-04 1.934984520123839125e-04 1.635322976287816900e-03 6.255026360468233940e-04 2.677993527508090721e-02 1.106439477760566564e-04 6.010081426909654780e-03 0.000000000000000000e+00 0.000000000000000000e+00 2.505951635133441902e-04 3.838771593090210994e-03 0.000000000000000000e+00 4.398826979472141192e-03 0.000000000000000000e+00 2.171649561207794274e-02 0.000000000000000000e+00 8.688097306689834430e-04 0.000000000000000000e+00 1.328856183467885983e-02 0.000000000000000000e+00 1.575423395037416248e-03 0.000000000000000000e+00 1.681363903586125669e-02 0.000000000000000000e+00 2.850627137970353567e-04 0.000000000000000000e+00 0.000000000000000000e+00 0.000000000000000000e+00 0.000000000000000000e+00 0.000000000000000000e+00 0.000000000000000000e+00 0.000000000000000000e+00 0.000000000000000000e+00 0.000000000000000000e+00 0.000000000000000000e+00 3.108486167236555590e-04 2.791736460078168662e-04 0.000000000000000000e+00 0.000000000000000000e+00 0.000000000000000000e+00 0.000000000000000000e+00 0.000000000000000000e+00 0.000000000000000000e+00 0.000000000000000000e+00 0.000000000000000000e+00 0.000000000000000000e+00 0.000000000000000000e+00 0.000000000000000000e+00 0.000000000000000000e+00
2.363034316676700802e-02 0.000000000000000000e+00 6.095725466586393582e-02 5.117399157134256901e-03 2.408187838651414808e-03 1.505117399157134255e-04 2.317880794701986658e-01 1.083684527393136664e-02 1.324503311258278145e-02 1.505117399157134255e-04 9.166164960866947375e-02 4.515352197471402765e-04 0.000000000000000000e+00 1.818181818181818180e-03 1.249787161586923268e-01 3.165057762304162269e-04 3.219963775407526548e-03 0.000000000000000000e+00 7.648003021433292213e-03 1.970055161544523380e-04 4.351610095735421982e-04 0.000000000000000000e+00 1.945487816623326510e-02 4.784688995215310818e-03 6.279434850863422441e-04 0.000000000000000000e+00 2.748763056624519080e-04 0.000000000000000000e+00 1.227452085682074340e-01 0.000000000000000000e+00 5.071851225697379456e-04 6.204930404158980582e-03 6.602839220864972249e-04 1.409017713365539421e-03 0.000000000000000000e+00 0.000000000000000000e+00 1.224589762429586148e-03 0.000000000000000000e+00 0.000000000000000000e+00 0.000000000000000000e+00 0.000000000000000000e+00 0.000000000000000000e+00 1.343363782912412776e-04 0.000000000000000000e+00 2.451881819296309988e-04 0.000000000000000000e+00 0.000000000000000000e+00 0.000000000000000000e+00 7.777057679844458487e-04 0.000000000000000000e+00 1.585752622590875724e-03 0.000000000000000000e+00 9.442870632672332835e-04 0.000000000000000000e+00 5.303632988597189318e-04 0.000000000000000000e+00 1.249081557678177919e-03 0.000000000000000000e+00 1.290183851198795778e-03 0.000000000000000000e+00 9.607199318983340036e-03 0.000000000000000000e+00 5.492493592090808875e-03 0.000000000000000000e+00 1.726200649461630612e-02 1.275835672365399263e-04 1.360081604896293825e-03 0.000000000000000000e+00 0.000000000000000000e+00 0.000000000000000000e+00 5.361451166115628608e-02 4.854368932038834747e-04 2.799291878734233227e-02 5.816207832493214443e-04 0.000000000000000000e+00 0.000000000000000000e+00 1.992231549931086296e-02 0.000000000000000000e+00 0.000000000000000000e+00 0.000000000000000000e+00 6.782388780319576621e-03 0.000000000000000000e+00 0.000000000000000000e+00 0.000000000000000000e+00 2.042975744750121989e-02 7.144388083160677723e-05 4.198740377886633728e-03 0.000000000000000000e+00 1.589938300901756058e-02 0.000000000000000000e+00 0.000000000000000000e+00 0.000000000000000000e+00 2.824060999717594063e-04 0.000000000000000000e+00 1.808318264014466487e-03 0.000000000000000000e+00 0.000000000000000000e+00 0.000000000000000000e+00 0.000000000000000000e+00 0.000000000000000000e+00 0.000000000000000000e+00 0.000000000000000000e+00 0.000000000000000000e+00 0.000000000000000000e+00 1.801801801801801830e-03 0.000000000000000000e+00 0.000000000000000000e+00 0.000000000000000000e+00 0.000000000000000000e+00 0.000000000000000000e+00 0.000000000000000000e+00 0.000000000000000000e+00 0.000000000000000000e+00 7.315288953913679903e-04 0.000000000000000000e+00 0.000000000000000000e+00
