0.000000000000000000e+00 2.211476925264879365e-02 8.948696383515558628e-02 4.077550392368056546e-03 1.811594202898550747e-03 0.000000000000000000e+00 9.831617588380815731e-02 4.975793437331899050e-03 6.254043562648263846e-03 0.000000000000000000e+00 2.011679420056383394e-01 9.972930616896993634e-04 4.788306451612903136e-02 0.000000000000000000e+00 2.788289185421230672e-03 0.000000000000000000e+00 8.278580814717477476e-02 5.797643538432766148e-03 3.259438103599648917e-02 3.795243019648397026e-02 0.000000000000000000e+00 0.000000000000000000e+00 9.308820107051431073e-04 0.000000000000000000e+00 8.592910848549946499e-04 0.000000000000000000e+00 2.361832782239017608e-04 0.000000000000000000e+00 4.040290990486849337e-02 1.321627489851788821e-03 2.095808383233532801e-03 1.561767921286896853e-04 1.869281045751634146e-02 1.578402622045885911e-02 0.000000000000000000e+00 0.000000000000000000e+00 6.749829118250171012e-02 1.053074978938500338e-03 9.447674418604650598e-03 1.779359430604982115e-03 1.143451143451143515e-02 0.000000000000000000e+00 1.160227404571295928e-04 0.000000000000000000e+00 2.505010020040079953e-04 0.000000000000000000e+00 0.000000000000000000e+00 0.000000000000000000e+00 1.528818223513224352e-03 4.016870857601928025e-04 4.341534008683068345e-03 4.898359049718344375e-04 1.567398119122256992e-03 0.000000000000000000e+00 5.333792154163799308e-03 0.000000000000000000e+00 2.801699391434148700e-01 4.231311706629055369e-03 2.345819144911085938e-02 5.911912503694945848e-04 6.903137789904502386e-02 3.679175864606328179e-04 8.797653958944282385e-03 1.284686536485097664e-04 3.174950733523100588e-02 9.708737864077669494e-04 5.105762217359591931e-03 8.184050195507865761e-04 1.040681173131504239e-01 1.360375958446698001e-02 7.645533398909058753e-02 2.398464982411256836e-03 3.716508210890233366e-02 4.866772113395790049e-04 0.000000000000000000e+00 0.000000000000000000e+00 7.657213316892724775e-02 4.406462812124449166e-03 2.364066193853427839e-03 0.000000000000000000e+00 5.101405997262660301e-03 0.000000000000000000e+00 1.943005181347150223e-03 0.000000000000000000e+00 3.528642997168372764e-02 1.528000611200244611e-04 1.733853489380147344e-03 4.068348250610252120e-04 2.285251215559157278e-02 2.272469037609362453e-04 3.568242640499554117e-03 1.198322348711803502e-03 5.141388174807197571e-03 4.086636697997548043e-04 6.231155778894472558e-02 1.913875598086124457e-03 0.000000000000000000e+00 0.000000000000000000e+00 8.264462809917355168e-04 1.964636542239685518e-03 5.659309564233163834e-04 0.000000000000000000e+00 2.689618074233458638e-04 1.166407465007776156e-03 2.233139794551138729e-03 0.000000000000000000e+00 0.000000000000000000e+00 0.000000000000000000e+00 0.000000000000000000e+00 1.538461538461538547e-02 0.000000000000000000e+00 1.994017946161515294e-03 0.000000000000000000e+00 0.000000000000000000e+00 0.000000000000000000e+00 2.000000000000000042e-03
2.211476925264879365e-02 0.000000000000000000e+00 4.878048780487804874e-03 9.870749346053238338e-02 0.000000000000000000e+00 1.273653566229985450e-03 5.266937993775437123e-03 9.131253362022592746e-02 0.000000000000000000e+00 3.902662993572084300e-03 8.054772452678212163e-04 1.648382960535688946e-01 1.008064516129032230e-03 1.466127401415571324e-02 0.000000000000000000e+00 1.677340652637999453e-03 2.792378449408672910e-03 8.808677763231718971e-02 4.773924495171202875e-02 6.028955532574974130e-02 0.000000000000000000e+00 0.000000000000000000e+00 2.327205026762857768e-04 1.703255109765329295e-03 2.148227712137486625e-04 5.380200860832137473e-04 2.361832782239017608e-04 0.000000000000000000e+00 7.834359261331841091e-04 5.352591333899744952e-02 5.988023952095808313e-04 4.685303763860690558e-04 1.555555555555555511e-02 3.475935828877005362e-02 4.116920543433511773e-04 0.000000000000000000e+00 6.835269993164730514e-04 3.685762426284751314e-02 0.000000000000000000e+00 3.781138790035587505e-02 0.000000000000000000e+00 4.889975550122249368e-03 0.000000000000000000e+00 1.668056713928273605e-04 0.000000000000000000e+00 5.187260089220873055e-04 0.000000000000000000e+00 1.682510305375620478e-04 0.000000000000000000e+00 1.606748343040771210e-03 1.929570670525808027e-04 3.918687239774675500e-03 0.000000000000000000e+00 1.065340909090909012e-03 0.000000000000000000e+00 1.567398119122256992e-03 3.444712366517395808e-03 3.339713882732218142e-01 7.567158531971245310e-04 3.724504877327815267e-02 3.638017280582082533e-04 5.316409124356144544e-02 3.910068426197458452e-04 3.173175745118191060e-02 0.000000000000000000e+00 1.955617198335644902e-02 3.373450036469730073e-03 3.546421751386742011e-03 2.667928098391674635e-02 5.021023992085085069e-02 2.503800411338638968e-03 3.229932842980492297e-02 5.762028233938346110e-04 3.041732570872368938e-02 0.000000000000000000e+00 1.298701298701298787e-02 5.178791615289765615e-03 8.145279743623981550e-02 1.182033096926713919e-03 0.000000000000000000e+00 4.976981460744059121e-04 1.298126567340315667e-02 0.000000000000000000e+00 6.031363088057900687e-04 2.904232919480142063e-04 1.084880433952173547e-02 0.000000000000000000e+00 1.627339300244100848e-03 3.241491085899513513e-04 2.761049880695375450e-02 4.460303300624442646e-04 8.388256440982623865e-03 6.426735218508996964e-04 4.903964037597057651e-03 1.005025125628140805e-03 3.636363636363636187e-02 0.000000000000000000e+00 0.000000000000000000e+00 0.000000000000000000e+00 5.893909626719056986e-03 0.000000000000000000e+00 4.255319148936170283e-03 5.379236148466917276e-04 3.888024883359253708e-03 0.000000000000000000e+00 1.135371179039301390e-02 0.000000000000000000e+00 0.000000000000000000e+00 0.000000000000000000e+00 1.538461538461538547e-02 2.176278563656148038e-03 0.000000000000000000e+00 0.000000000000000000e+00 1.984126984126984017e-03 0.000000000000000000e+00 0.000000000000000000e+00
8.948696383515558628e-02 4.878048780487804874e-03 0.000000000000000000e+00 6.924142175719341305e-03 4.554865424430641629e-02 2.547307132459970900e-03 2.986194238289043290e-01 1.183431952662721866e-02 2.264395083027819638e-02 4.361799816345271301e-03 2.718485702778896534e-02 5.983758370138196614e-03 2.822580645161290244e-02 4.853387259858442729e-03 1.075482971519617532e-02 3.964623360780726059e-03 1.281208935611038123e-02 2.618290630259958920e-03 6.167690956979807182e-02 1.044467425025853193e-02 2.383222116301239417e-03 0.000000000000000000e+00 1.253199906911798833e-01 1.249053747161241526e-02 3.437164339419978600e-03 2.690100430416069062e-03 2.834199338686821130e-03 5.303632988597189318e-04 3.738108561835478544e-02 1.604833380534315167e-03 1.437125748502993995e-02 1.889739184757145002e-02 8.758169934640522639e-03 9.918923581162669700e-03 4.528612597776863168e-03 0.000000000000000000e+00 3.434723171565276512e-02 0.000000000000000000e+00 3.742732558139534593e-02 0.000000000000000000e+00 5.197505197505197794e-03 2.444987775061124684e-03 0.000000000000000000e+00 0.000000000000000000e+00 1.252505010020039976e-04 0.000000000000000000e+00 1.026869758685606659e-03 0.000000000000000000e+00 1.375936401161901787e-03 0.000000000000000000e+00 3.955619874577906252e-03 0.000000000000000000e+00 7.836990595611284961e-04 0.000000000000000000e+00 8.602890571231934123e-04 0.000000000000000000e+00 1.825697554254219687e-02 2.014910336490026237e-04 2.207087905158279864e-02 4.433934377771209115e-04 7.185084129149613315e-03 0.000000000000000000e+00 7.820136852394916904e-04 0.000000000000000000e+00 1.269980293409240200e-02 1.386962552011095681e-04 2.616703136396790821e-02 2.728016731835955434e-04 2.649006622516556289e-02 0.000000000000000000e+00 3.362246266654744103e-02 3.597697473616885255e-03 6.741573033707864981e-02 2.798393965202579468e-03 1.886792452830188815e-01 0.000000000000000000e+00 9.149198520345253050e-02 4.272933635999466226e-03 1.182033096926713919e-03 0.000000000000000000e+00 1.990792584297623648e-03 0.000000000000000000e+00 6.476683937823834438e-04 0.000000000000000000e+00 3.920714441298192056e-03 1.528000611200244611e-04 4.334633723450368359e-04 0.000000000000000000e+00 1.296596434359805405e-03 3.408703556414044086e-04 3.568242640499554117e-03 3.594967046135410290e-03 7.069408740359896769e-03 1.225991009399264413e-03 7.336683417085426706e-02 1.913875598086124457e-03 0.000000000000000000e+00 1.277139208173691011e-03 8.264462809917355168e-04 9.823182711198427588e-04 2.263723825693265534e-03 0.000000000000000000e+00 1.075847229693383455e-03 1.166407465007776156e-03 3.573023671281822054e-03 0.000000000000000000e+00 0.000000000000000000e+00 6.830601092896174857e-04 2.564102564102564014e-02 1.538461538461538547e-02 0.000000000000000000e+00 9.970089730807576468e-04 0.000000000000000000e+00 0.000000000000000000e+00 0.000000000000000000e+00 2.000000000000000042e-03
4.077550392368056546e-03 9.870749346053238338e-02 6.924142175719341305e-03 0.000000000000000000e+00 3.623188405797101493e-03 2.347161572052401668e-02 1.189051153140212314e-02 2.887305002689617983e-01 3.450506793185249138e-03 2.479338842975206680e-02 9.262988320579944312e-03 3.590255022082917968e-02 7.056451612903225611e-03 4.155712841253791923e-02 2.788289185421230672e-03 2.455016773406526465e-02 8.212877792378449034e-04 1.926313820834112470e-02 7.791922739244951449e-03 8.469493278179937579e-02 0.000000000000000000e+00 0.000000000000000000e+00 1.675587619269257658e-02 1.941710825132475504e-01 4.726100966702470249e-03 1.022238163558106087e-02 1.180916391119508696e-03 1.325908247149297330e-03 1.902630106323447215e-03 2.662135372415746354e-02 8.083832335329341548e-03 2.217710448227393563e-02 4.575163398692810683e-03 1.975159565292392699e-02 0.000000000000000000e+00 1.160766105629715619e-03 1.708817498291182629e-04 1.432181971356360529e-02 7.267441860465116178e-04 5.382562277580071192e-02 0.000000000000000000e+00 3.422982885085574384e-02 0.000000000000000000e+00 1.668056713928273605e-04 1.252505010020039976e-04 0.000000000000000000e+00 0.000000000000000000e+00 8.412551526878102391e-05 0.000000000000000000e+00 2.008435428800964175e-03 9.647853352629040134e-05 3.347212017307535196e-03 0.000000000000000000e+00 1.775568181818181867e-04 0.000000000000000000e+00 2.612330198537095348e-04 4.592949822023194338e-04 1.259318960306266347e-02 5.044772354647496151e-04 2.941176470588235253e-02 2.728512960436562306e-04 8.646063281824871438e-03 0.000000000000000000e+00 1.927029804727646524e-03 0.000000000000000000e+00 1.664355062413314795e-02 1.094091903719912433e-03 6.820041829589887881e-03 1.892147587511825921e-04 2.226069750185505954e-03 4.918179379415184120e-03 4.037416053725615545e-02 3.457216940363007883e-03 6.034797420610779617e-02 1.886792452830188607e-02 9.090909090909091161e-02 4.932182490752157894e-03 9.400453999198825350e-02 0.000000000000000000e+00 2.936857562408223040e-03 4.976981460744059121e-04 1.917686974480011701e-03 6.476683937823834438e-04 6.031363088057900687e-04 3.630291149350177850e-04 1.757200702880281100e-03 0.000000000000000000e+00 0.000000000000000000e+00 1.620745542949756756e-04 3.181456652653107814e-03 1.784121320249777059e-03 8.388256440982623865e-03 6.426735218508996964e-04 3.677973028197793239e-03 3.015075376884421982e-03 2.966507177033492898e-02 6.472491909385113358e-04 1.277139208173691011e-03 0.000000000000000000e+00 2.946954813359528493e-03 5.659309564233163834e-04 1.418439716312056833e-03 2.689618074233458638e-04 1.166407465007776156e-03 4.466279589102277567e-04 1.004366812227074253e-02 0.000000000000000000e+00 0.000000000000000000e+00 0.000000000000000000e+00 7.692307692307692735e-02 0.000000000000000000e+00 9.970089730807576468e-04 0.000000000000000000e+00 0.000000000000000000e+00 1.470588235294117627e-03 0.000000000000000000e+00
1.811594202898550747e-03 0.000000000000000000e+00 4.554865424430641629e-02 3.623188405797101493e-03 0.000000000000000000e+00 5.094614264919941800e-03 8.858032080440506745e-03 1.008606777837546976e-03 2.301056717705413091e-01 4.591368227731863934e-03 1.409585179218687074e-03 1.424704373842427662e-04 6.048387096774193381e-03 2.022244691607684561e-04 7.010555666201952196e-02 3.507166819152180478e-03 3.285151116951379830e-04 0.000000000000000000e+00 9.877085162423178931e-04 1.034126163391933784e-04 1.620591039084842699e-02 0.000000000000000000e+00 5.236211310216429965e-03 4.352763058289174647e-03 5.241675617615466909e-02 1.685796269727403082e-02 1.461974492205951881e-01 3.977724741447891989e-03 5.707890318970341645e-03 3.776078542433682810e-04 4.041916167664670774e-03 6.247071685147586977e-03 3.921568627450980229e-04 8.625150940141452149e-05 0.000000000000000000e+00 0.000000000000000000e+00 1.708817498291182629e-04 0.000000000000000000e+00 0.000000000000000000e+00 0.000000000000000000e+00 0.000000000000000000e+00 0.000000000000000000e+00 0.000000000000000000e+00 0.000000000000000000e+00 0.000000000000000000e+00 0.000000000000000000e+00 0.000000000000000000e+00 0.000000000000000000e+00 0.000000000000000000e+00 0.000000000000000000e+00 9.647853352629040134e-05 0.000000000000000000e+00 3.918495297805642480e-04 0.000000000000000000e+00 0.000000000000000000e+00 0.000000000000000000e+00 2.296474911011597169e-04 0.000000000000000000e+00 1.261193088661874038e-04 0.000000000000000000e+00 2.728512960436562306e-04 0.000000000000000000e+00 0.000000000000000000e+00 0.000000000000000000e+00 0.000000000000000000e+00 0.000000000000000000e+00 9.117432530999270725e-05 0.000000000000000000e+00 3.784295175023651842e-04 0.000000000000000000e+00 3.684163462398282879e-02 4.796929964822513564e-04 3.802938634399308238e-02 6.083465141744737832e-04 0.000000000000000000e+00 0.000000000000000000e+00 4.808877928483354033e-03 0.000000000000000000e+00 0.000000000000000000e+00 0.000000000000000000e+00 8.709717556302103191e-04 0.000000000000000000e+00 6.476683937823834438e-04 1.206272617611580137e-03 9.438756988310462517e-04 0.000000000000000000e+00 2.167316861725184125e-03 0.000000000000000000e+00 8.103727714748784052e-04 0.000000000000000000e+00 0.000000000000000000e+00 5.991611743559017511e-04 9.640102827763495988e-04 0.000000000000000000e+00 4.020100502512563220e-03 0.000000000000000000e+00 0.000000000000000000e+00 0.000000000000000000e+00 8.264462809917355168e-04 0.000000000000000000e+00 5.659309564233163834e-04 0.000000000000000000e+00 0.000000000000000000e+00 0.000000000000000000e+00 0.000000000000000000e+00 0.000000000000000000e+00 0.000000000000000000e+00 0.000000000000000000e+00 0.000000000000000000e+00 0.000000000000000000e+00 0.000000000000000000e+00 0.000000000000000000e+00 0.000000000000000000e+00 0.000000000000000000e+00 0.000000000000000000e+00 0.000000000000000000e+00
0.000000000000000000e+00 1.273653566229985450e-03 2.547307132459970900e-03 2.347161572052401668e-02 5.094614264919941800e-03 0.000000000000000000e+00 9.576250897773521450e-04 3.294782140935987279e-03 3.666163467759326992e-03 3.094582185491276394e-01 0.000000000000000000e+00 4.274113121527282986e-04 3.780241935483870863e-04 1.921132457027300211e-03 2.190798645688110061e-03 1.335773101555352282e-01 0.000000000000000000e+00 0.000000000000000000e+00 1.097453906935908695e-04 4.136504653567735137e-04 1.429933269780743520e-03 2.772277227722772311e-02 8.959739353037001960e-03 1.381529144587433783e-02 3.501611170784103139e-02 1.553084648493543718e-01 6.140765233821445131e-03 1.283479183240519850e-01 2.238388360380526103e-04 1.236665722647031090e-02 1.092814371257485109e-02 9.682961111978759944e-03 0.000000000000000000e+00 7.762635846127307476e-04 0.000000000000000000e+00 0.000000000000000000e+00 0.000000000000000000e+00 8.424599831508002923e-04 0.000000000000000000e+00 0.000000000000000000e+00 0.000000000000000000e+00 0.000000000000000000e+00 0.000000000000000000e+00 1.668056713928273605e-04 0.000000000000000000e+00 0.000000000000000000e+00 0.000000000000000000e+00 1.682510305375620478e-04 0.000000000000000000e+00 0.000000000000000000e+00 0.000000000000000000e+00 0.000000000000000000e+00 0.000000000000000000e+00 0.000000000000000000e+00 0.000000000000000000e+00 1.306165099268547674e-04 0.000000000000000000e+00 3.022365504735039085e-04 0.000000000000000000e+00 0.000000000000000000e+00 0.000000000000000000e+00 1.839587932303164090e-04 0.000000000000000000e+00 2.569373072970195329e-04 0.000000000000000000e+00 2.773925104022191362e-04 9.117432530999270725e-05 1.818677821223970109e-04 0.000000000000000000e+00 2.473410833539451000e-04 5.097022265939372618e-03 3.685641189638631104e-02 2.160760587726880035e-03 4.185424017520379680e-02 0.000000000000000000e+00 2.597402597402597574e-02 2.466091245376078839e-04 2.804112698624649548e-03 0.000000000000000000e+00 0.000000000000000000e+00 0.000000000000000000e+00 1.032600678566160130e-03 0.000000000000000000e+00 1.206272617611580137e-03 0.000000000000000000e+00 7.640003056001222785e-04 0.000000000000000000e+00 8.136696501220504240e-04 0.000000000000000000e+00 1.363481422565617635e-03 4.460303300624442646e-04 5.991611743559017511e-04 0.000000000000000000e+00 0.000000000000000000e+00 1.005025125628140805e-03 9.569377990430622287e-04 0.000000000000000000e+00 0.000000000000000000e+00 0.000000000000000000e+00 0.000000000000000000e+00 0.000000000000000000e+00 0.000000000000000000e+00 2.689618074233458638e-04 3.888024883359253491e-04 0.000000000000000000e+00 8.733624454148471812e-04 0.000000000000000000e+00 0.000000000000000000e+00 0.000000000000000000e+00 0.000000000000000000e+00 0.000000000000000000e+00 0.000000000000000000e+00 0.000000000000000000e+00 0.000000000000000000e+00 0.000000000000000000e+00 0.000000000000000000e+00
9.831617588380815731e-02 5.266937993775437123e-03 2.986194238289043290e-01 1.189051153140212314e-02 8.858032080440506745e-03 9.576250897773521450e-04 0.000000000000000000e+00 1.889456697149004966e-02 7.159801595859391354e-02 3.902662993572084300e-03 6.886830447039871128e-02 1.296480980196609151e-02 2.174899193548387177e-01 7.684529828109200843e-03 7.169886476797450794e-03 4.269594388533089202e-03 1.034822601839684685e-02 5.049560501215634781e-03 1.448639157155399461e-02 1.468459152016545963e-02 9.532888465204956800e-04 0.000000000000000000e+00 2.315569001629043389e-02 1.608629825889477602e-02 2.577873254564983733e-03 2.869440459110473608e-03 4.723665564478035216e-04 0.000000000000000000e+00 3.178511471740346622e-02 2.737656943264419902e-03 9.131736526946107949e-03 1.999062939247227971e-02 5.620915032679738889e-03 9.832672071761255558e-03 0.000000000000000000e+00 5.803830528148578097e-04 8.885850991114149777e-03 0.000000000000000000e+00 9.084302325581395873e-03 8.896797153024910577e-04 5.197505197505197794e-03 2.444987775061124684e-03 0.000000000000000000e+00 8.340283569641368023e-05 1.127254509018036114e-03 0.000000000000000000e+00 3.422899195618688863e-04 0.000000000000000000e+00 1.528818223513224352e-03 0.000000000000000000e+00 6.657018813314037435e-03 0.000000000000000000e+00 1.959247648902821132e-03 0.000000000000000000e+00 3.785271851342050884e-03 0.000000000000000000e+00 4.592949822023194122e-03 1.007455168245013119e-04 6.684323369907933104e-03 4.433934377771209115e-04 1.182355616189176978e-02 0.000000000000000000e+00 7.820136852394916904e-04 3.854059609455292722e-04 1.576527260783884554e-02 1.386962552011095681e-04 8.023340627279358997e-03 4.546694553059925543e-04 3.784295175023651842e-03 2.473410833539451000e-04 8.790127872663865138e-02 6.715701950751519315e-03 2.924229328723710816e-02 3.285071176542158581e-03 1.886792452830188607e-02 0.000000000000000000e+00 6.399506781750924356e-02 7.210575510749098714e-03 0.000000000000000000e+00 0.000000000000000000e+00 2.986188876446435256e-03 0.000000000000000000e+00 6.476683937823834438e-04 6.031363088057900687e-04 1.895011979960792986e-02 0.000000000000000000e+00 3.901170351105331686e-03 0.000000000000000000e+00 2.025931928687196154e-02 0.000000000000000000e+00 8.920606601248885293e-04 1.198322348711803502e-03 6.426735218508996964e-04 0.000000000000000000e+00 1.306532663316582916e-02 1.913875598086124457e-03 0.000000000000000000e+00 0.000000000000000000e+00 8.264462809917355168e-04 0.000000000000000000e+00 1.697792869269949042e-03 1.418439716312056833e-03 0.000000000000000000e+00 3.888024883359253491e-04 4.466279589102277567e-04 1.310043668122270718e-03 0.000000000000000000e+00 0.000000000000000000e+00 0.000000000000000000e+00 1.538461538461538547e-02 0.000000000000000000e+00 0.000000000000000000e+00 0.000000000000000000e+00 1.984126984126984017e-03 0.000000000000000000e+00 2.000000000000000042e-03
4.975793437331899050e-03 9.131253362022592746e-02 1.183431952662721866e-02 2.887305002689617983e-01 1.008606777837546976e-03 3.294782140935987279e-03 1.889456697149004966e-02 0.000000000000000000e+00 2.156566745740780711e-03 1.264921946740128478e-01 1.510269834877164645e-02 1.627012394928052386e-01 1.134072580645161324e-02 2.100101112234580292e-01 1.792471619199362699e-03 1.280878316559926761e-02 2.628120893561103864e-03 2.281653263512250021e-02 1.657155399473222296e-02 1.695966907962771428e-02 0.000000000000000000e+00 0.000000000000000000e+00 2.757737956713986541e-02 4.182437547312641696e-02 2.792696025778732341e-03 1.434720229555236804e-03 7.085498346717052824e-04 2.651816494298594659e-04 3.581421376608841765e-03 1.897479467572925349e-02 9.730538922155688997e-03 1.999062939247227971e-02 7.973856209150326918e-03 1.345523546662066514e-02 4.116920543433511773e-04 1.741149158444573429e-03 1.025290498974709523e-03 3.791069924178601478e-03 2.180232558139534853e-03 1.423487544483985692e-02 0.000000000000000000e+00 1.466992665036674810e-02 0.000000000000000000e+00 1.668056713928273605e-04 0.000000000000000000e+00 1.452432824981844586e-03 0.000000000000000000e+00 0.000000000000000000e+00 3.057636447026448596e-04 3.414340228961638794e-03 9.647853352629040134e-05 8.408849702016491304e-03 0.000000000000000000e+00 1.242897727272727253e-03 0.000000000000000000e+00 1.698014629049111705e-03 1.148237455505798585e-04 1.279468063671166701e-02 3.783579265985622655e-04 9.459060005911913357e-03 2.728512960436562306e-04 1.361295069904341383e-02 0.000000000000000000e+00 2.569373072970195220e-03 6.568863586599518615e-04 1.705963938973647717e-02 5.470459518599562164e-04 4.728562335182322392e-03 7.568590350047303683e-04 4.946821667078902000e-04 1.108825896449968686e-02 8.714422769427566939e-02 4.465571881302218479e-03 2.275215963012532094e-02 0.000000000000000000e+00 1.298701298701298787e-02 1.023427866831072737e-02 5.928695419949259193e-02 0.000000000000000000e+00 0.000000000000000000e+00 1.244245365186014780e-04 5.605546540787726545e-03 6.476683937823834438e-04 1.206272617611580137e-03 1.452116459740071031e-04 6.799602719841087856e-03 0.000000000000000000e+00 2.441008950366151380e-03 3.241491085899513513e-04 1.647540052266787888e-02 8.920606601248885293e-04 3.594967046135410290e-03 3.213367609254498482e-04 2.451982018798528826e-03 4.020100502512563220e-03 7.655502392344497829e-03 0.000000000000000000e+00 0.000000000000000000e+00 0.000000000000000000e+00 0.000000000000000000e+00 0.000000000000000000e+00 0.000000000000000000e+00 0.000000000000000000e+00 3.888024883359253491e-04 0.000000000000000000e+00 1.310043668122270718e-03 0.000000000000000000e+00 0.000000000000000000e+00 0.000000000000000000e+00 1.538461538461538547e-02 0.000000000000000000e+00 0.000000000000000000e+00 0.000000000000000000e+00 0.000000000000000000e+00 0.000000000000000000e+00 0.000000000000000000e+00
6.254043562648263846e-03 0.000000000000000000e+00 2.264395083027819638e-02 3.450506793185249138e-03 2.301056717705413091e-01 3.666163467759326992e-03 7.159801595859391354e-02 2.156566745740780711e-03 0.000000000000000000e+00 2.295684113865931967e-03 5.638340716874748297e-03 0.000000000000000000e+00 4.964717741935483625e-02 5.055611729019211537e-04 2.706632144991037436e-01 2.592253735895090182e-03 4.927726675427069204e-04 0.000000000000000000e+00 5.487269534679543610e-04 1.034126163391933784e-04 2.526215443279313660e-02 0.000000000000000000e+00 3.839888294158715250e-03 4.352763058289174647e-03 1.117078410311492936e-02 3.766140602582496340e-03 3.306565895134624435e-03 7.955449482895783977e-04 1.410184667039731353e-02 1.888039271216841405e-04 2.544910179640718587e-03 5.622364516632828019e-03 1.307189542483660257e-04 8.625150940141452149e-05 0.000000000000000000e+00 0.000000000000000000e+00 8.544087491455912330e-04 2.106149957877000731e-04 1.090116279069767427e-03 0.000000000000000000e+00 1.039501039501039559e-03 0.000000000000000000e+00 2.320454809142591856e-04 0.000000000000000000e+00 1.252505010020039976e-04 0.000000000000000000e+00 1.711449597809344431e-04 0.000000000000000000e+00 7.644091117566121762e-04 0.000000000000000000e+00 5.788712011577423809e-04 0.000000000000000000e+00 0.000000000000000000e+00 0.000000000000000000e+00 0.000000000000000000e+00 1.306165099268547674e-04 8.037662188540590363e-04 1.007455168245013119e-04 1.261193088661874038e-04 1.477978125923736462e-04 1.455206912232833013e-03 0.000000000000000000e+00 3.910068426197458452e-04 0.000000000000000000e+00 1.313772717319903723e-03 0.000000000000000000e+00 4.558716265499635498e-04 0.000000000000000000e+00 7.568590350047303683e-04 0.000000000000000000e+00 1.529106679781811612e-02 7.195394947233770076e-04 5.416306539902045192e-02 1.095023725514052788e-03 1.886792452830188607e-02 0.000000000000000000e+00 1.504315659679408140e-02 6.676458806249165436e-04 0.000000000000000000e+00 0.000000000000000000e+00 9.953962921488118242e-04 0.000000000000000000e+00 1.943005181347150223e-03 0.000000000000000000e+00 2.831627096493138755e-03 0.000000000000000000e+00 4.334633723450368359e-04 0.000000000000000000e+00 1.458670988654781108e-03 0.000000000000000000e+00 1.338090990187332631e-03 0.000000000000000000e+00 1.928020565552699198e-03 4.086636697997548043e-04 1.909547738693467486e-02 9.569377990430622287e-04 0.000000000000000000e+00 0.000000000000000000e+00 0.000000000000000000e+00 9.823182711198427588e-04 5.659309564233163834e-04 0.000000000000000000e+00 2.689618074233458638e-04 0.000000000000000000e+00 0.000000000000000000e+00 8.733624454148471812e-04 0.000000000000000000e+00 0.000000000000000000e+00 0.000000000000000000e+00 0.000000000000000000e+00 0.000000000000000000e+00 0.000000000000000000e+00 0.000000000000000000e+00 0.000000000000000000e+00 0.000000000000000000e+00 0.000000000000000000e+00
0.000000000000000000e+00 3.902662993572084300e-03 4.361799816345271301e-03 2.479338842975206680e-02 4.591368227731863934e-03 3.094582185491276394e-01 3.902662993572084300e-03 1.264921946740128478e-01 2.295684113865931967e-03 0.000000000000000000e+00 0.000000000000000000e+00 7.693403618749109808e-03 1.638104838709677482e-03 3.832153690596562523e-02 3.983270264887472760e-03 1.113144251296126902e-01 0.000000000000000000e+00 1.496166074434262302e-03 0.000000000000000000e+00 6.204756980351602705e-04 4.766444232602478400e-04 1.980198019801980222e-03 8.145217593670001782e-03 5.677517032551098082e-03 1.288936627282491997e-02 5.021520803443328164e-03 1.889466225791214087e-03 1.193317422434367510e-02 4.476776720761052207e-04 1.283866704427452134e-02 5.239520958083832003e-03 2.811182258316414009e-03 0.000000000000000000e+00 2.587545282042435645e-04 0.000000000000000000e+00 0.000000000000000000e+00 0.000000000000000000e+00 4.212299915754001462e-04 0.000000000000000000e+00 0.000000000000000000e+00 0.000000000000000000e+00 2.444987775061124684e-03 0.000000000000000000e+00 0.000000000000000000e+00 0.000000000000000000e+00 0.000000000000000000e+00 0.000000000000000000e+00 3.365020610751240956e-04 0.000000000000000000e+00 1.004217714400482006e-04 0.000000000000000000e+00 8.163931749530574410e-05 0.000000000000000000e+00 1.775568181818181867e-04 0.000000000000000000e+00 1.306165099268547674e-04 0.000000000000000000e+00 1.108200685069514512e-03 0.000000000000000000e+00 1.477978125923736462e-04 0.000000000000000000e+00 5.518763796909492269e-04 0.000000000000000000e+00 1.156217882836587871e-03 0.000000000000000000e+00 2.773925104022191362e-04 0.000000000000000000e+00 4.546694553059925543e-04 0.000000000000000000e+00 2.473410833539451000e-04 2.235536081552356221e-03 1.862807803006076221e-02 1.008354940939210596e-03 2.615890010950237127e-02 0.000000000000000000e+00 5.194805194805195148e-02 4.932182490752157677e-04 4.940579516624382661e-03 0.000000000000000000e+00 0.000000000000000000e+00 0.000000000000000000e+00 2.065201357132320260e-03 0.000000000000000000e+00 3.015681544028950452e-03 0.000000000000000000e+00 9.168003667201467125e-04 0.000000000000000000e+00 4.068348250610252120e-04 0.000000000000000000e+00 7.953641631632769535e-04 0.000000000000000000e+00 5.991611743559017511e-04 0.000000000000000000e+00 8.173273395995096086e-04 1.005025125628140805e-03 1.913875598086124457e-03 0.000000000000000000e+00 0.000000000000000000e+00 0.000000000000000000e+00 0.000000000000000000e+00 0.000000000000000000e+00 0.000000000000000000e+00 0.000000000000000000e+00 0.000000000000000000e+00 0.000000000000000000e+00 8.733624454148471812e-04 0.000000000000000000e+00 0.000000000000000000e+00 0.000000000000000000e+00 0.000000000000000000e+00 0.000000000000000000e+00 0.000000000000000000e+00 0.000000000000000000e+00 0.000000000000000000e+00 0.000000000000000000e+00 0.000000000000000000e+00
2.011679420056383394e-01 8.054772452678212163e-04 2.718485702778896534e-02 9.262988320579944312e-03 1.409585179218687074e-03 0.000000000000000000e+00 6.886830447039871128e-02 1.510269834877164645e-02 5.638340716874748297e-03 0.000000000000000000e+00 0.000000000000000000e+00 2.849408747684855324e-03 1.510836693548387177e-01 1.718907987866531836e-03 3.385779725154351716e-03 0.000000000000000000e+00 1.461892247043363943e-02 3.740415186085655755e-04 5.926251097453907359e-03 2.068252326783867785e-03 0.000000000000000000e+00 0.000000000000000000e+00 1.082150337444728883e-02 2.649507948523845569e-03 0.000000000000000000e+00 0.000000000000000000e+00 2.361832782239017608e-04 0.000000000000000000e+00 5.831001678791269960e-02 7.552157084867365620e-04 2.544910179640718587e-03 2.186475089801655485e-03 1.045751633986928206e-03 1.811281697429705006e-03 4.116920543433511773e-04 0.000000000000000000e+00 1.196172248803827705e-03 0.000000000000000000e+00 1.453488372093023236e-03 0.000000000000000000e+00 1.039501039501039559e-03 0.000000000000000000e+00 0.000000000000000000e+00 0.000000000000000000e+00 0.000000000000000000e+00 0.000000000000000000e+00 0.000000000000000000e+00 0.000000000000000000e+00 3.057636447026448596e-04 0.000000000000000000e+00 1.929570670525808027e-04 0.000000000000000000e+00 7.836990595611284961e-04 0.000000000000000000e+00 8.602890571231934123e-04 0.000000000000000000e+00 6.544953496383051905e-03 0.000000000000000000e+00 1.387312397528061604e-03 0.000000000000000000e+00 1.218735788994997765e-02 1.839587932303164090e-04 3.323558162267839684e-03 0.000000000000000000e+00 5.693015108386248815e-03 0.000000000000000000e+00 2.005835156819839749e-03 0.000000000000000000e+00 9.460737937559129604e-04 0.000000000000000000e+00 3.979254225163194464e-02 2.878157978893508030e-03 7.634687409968308677e-03 2.433386056697895024e-04 0.000000000000000000e+00 0.000000000000000000e+00 6.288532675709001228e-03 1.602350113499799618e-03 2.364066193853427839e-03 0.000000000000000000e+00 8.460868483264900181e-03 0.000000000000000000e+00 0.000000000000000000e+00 0.000000000000000000e+00 1.285123066869963034e-02 0.000000000000000000e+00 2.167316861725184125e-03 0.000000000000000000e+00 1.037277147487844324e-02 1.136234518804681227e-04 0.000000000000000000e+00 0.000000000000000000e+00 0.000000000000000000e+00 0.000000000000000000e+00 2.010050251256281610e-03 0.000000000000000000e+00 0.000000000000000000e+00 0.000000000000000000e+00 0.000000000000000000e+00 0.000000000000000000e+00 0.000000000000000000e+00 0.000000000000000000e+00 0.000000000000000000e+00 0.000000000000000000e+00 0.000000000000000000e+00 0.000000000000000000e+00 0.000000000000000000e+00 0.000000000000000000e+00 0.000000000000000000e+00 0.000000000000000000e+00 0.000000000000000000e+00 0.000000000000000000e+00 0.000000000000000000e+00 0.000000000000000000e+00 0.000000000000000000e+00 0.000000000000000000e+00
9.972930616896993634e-04 1.648382960535688946e-01 5.983758370138196614e-03 3.590255022082917968e-02 1.424704373842427662e-04 4.274113121527282986e-04 1.296480980196609151e-02 1.627012394928052386e-01 0.000000000000000000e+00 7.693403618749109808e-03 2.849408747684855324e-03 0.000000000000000000e+00 1.512096774193548345e-03 1.853387259858442770e-01 1.991635132443736272e-04 1.601097895699908624e-02 3.285151116951379830e-04 2.094632504207967136e-02 4.719051799824407374e-03 7.549120992761116679e-03 0.000000000000000000e+00 0.000000000000000000e+00 8.028857342331859395e-03 4.352763058289174647e-03 0.000000000000000000e+00 1.793400286944046005e-04 0.000000000000000000e+00 0.000000000000000000e+00 7.834359261331841091e-04 3.700556971585008958e-02 7.485029940119760933e-04 3.435889426831172967e-03 1.960784313725490169e-03 2.673796791443850112e-03 0.000000000000000000e+00 0.000000000000000000e+00 3.417634996582365257e-04 8.424599831508002923e-04 3.633720930232558089e-04 1.334519572953736695e-03 0.000000000000000000e+00 1.955990220048899747e-02 0.000000000000000000e+00 0.000000000000000000e+00 0.000000000000000000e+00 4.149808071376698661e-04 0.000000000000000000e+00 8.412551526878102391e-05 0.000000000000000000e+00 6.025306286402892309e-04 0.000000000000000000e+00 1.877704302392031992e-03 0.000000000000000000e+00 1.065340909090909012e-03 0.000000000000000000e+00 1.175548589341692853e-03 1.148237455505798585e-04 9.167842031029618810e-03 1.261193088661874038e-04 1.773573751108483646e-03 9.095043201455206333e-05 1.398086828550404795e-02 0.000000000000000000e+00 1.901336073997944576e-02 0.000000000000000000e+00 4.576976421636616207e-03 2.735229759299781082e-04 9.093389106119851087e-04 3.784295175023651842e-04 4.946821667078902000e-04 4.113386390056335447e-03 3.293891909178126021e-02 1.440507058484586528e-04 9.855213529626474442e-03 0.000000000000000000e+00 0.000000000000000000e+00 2.959309494451294823e-03 1.308585926024836456e-02 0.000000000000000000e+00 1.468428781204111520e-03 0.000000000000000000e+00 1.430889511727393391e-02 0.000000000000000000e+00 1.206272617611580137e-03 0.000000000000000000e+00 6.417602567041026662e-03 0.000000000000000000e+00 1.220504475183075690e-03 0.000000000000000000e+00 2.261106692421315650e-02 0.000000000000000000e+00 1.198322348711803502e-03 0.000000000000000000e+00 8.173273395995096086e-04 0.000000000000000000e+00 1.913875598086124457e-03 6.472491909385113358e-04 0.000000000000000000e+00 0.000000000000000000e+00 9.823182711198427588e-04 0.000000000000000000e+00 0.000000000000000000e+00 0.000000000000000000e+00 0.000000000000000000e+00 0.000000000000000000e+00 4.366812227074235906e-04 0.000000000000000000e+00 0.000000000000000000e+00 0.000000000000000000e+00 0.000000000000000000e+00 0.000000000000000000e+00 0.000000000000000000e+00 0.000000000000000000e+00 0.000000000000000000e+00 0.000000000000000000e+00 0.000000000000000000e+00
4.788306451612903136e-02 1.008064516129032230e-03 2.822580645161290244e-02 7.056451612903225611e-03 6.048387096774193381e-03 3.780241935483870863e-04 2.174899193548387177e-01 1.134072580645161324e-02 4.964717741935483625e-02 1.638104838709677482e-03 1.510836693548387177e-01 1.512096774193548345e-03 0.000000000000000000e+00 4.145601617795753417e-03 1.826329416450906129e-01 1.372369624885635877e-03 1.001971090670170789e-02 0.000000000000000000e+00 2.743634767339771588e-03 1.344364012409513974e-03 0.000000000000000000e+00 0.000000000000000000e+00 1.547591342797300512e-02 8.327024981074944085e-03 4.296455424274973249e-04 1.255380200860832041e-03 7.085498346717052824e-04 0.000000000000000000e+00 8.371572467823167052e-02 7.552157084867365620e-04 1.167664670658682610e-02 1.155708261752303595e-02 1.699346405228758117e-03 1.293772641021217768e-03 4.116920543433511773e-04 0.000000000000000000e+00 2.050580997949419046e-03 0.000000000000000000e+00 2.543604651162790879e-03 4.448398576512455288e-04 1.039501039501039559e-03 0.000000000000000000e+00 0.000000000000000000e+00 0.000000000000000000e+00 1.252505010020039976e-04 0.000000000000000000e+00 1.711449597809344431e-04 0.000000000000000000e+00 6.115272894052897193e-04 0.000000000000000000e+00 1.640135069946936728e-03 0.000000000000000000e+00 3.918495297805642480e-04 0.000000000000000000e+00 1.548520302821748207e-03 0.000000000000000000e+00 5.626363531978413254e-03 1.007455168245013119e-04 1.135073779795686688e-03 1.477978125923736462e-04 8.913142337426103318e-03 0.000000000000000000e+00 1.564027370478983381e-03 1.284686536485097664e-04 7.882636303919422771e-03 0.000000000000000000e+00 2.097009482129832091e-03 0.000000000000000000e+00 1.513718070009460737e-03 2.473410833539451000e-04 3.710989895376911457e-02 2.158618484170131240e-03 2.074330164217804556e-02 2.433386056697895133e-03 3.773584905660377214e-02 0.000000000000000000e+00 4.081381011097410388e-02 3.605287755374549357e-03 3.546099290780141758e-03 0.000000000000000000e+00 6.843349508523080722e-03 0.000000000000000000e+00 0.000000000000000000e+00 0.000000000000000000e+00 1.437595295142670392e-02 0.000000000000000000e+00 2.167316861725184125e-03 0.000000000000000000e+00 7.617504051863857595e-03 0.000000000000000000e+00 2.230151650312221269e-03 5.991611743559017511e-04 1.285347043701799393e-03 0.000000000000000000e+00 1.407035175879397040e-02 9.569377990430622287e-04 0.000000000000000000e+00 0.000000000000000000e+00 8.264462809917355168e-04 0.000000000000000000e+00 0.000000000000000000e+00 0.000000000000000000e+00 0.000000000000000000e+00 0.000000000000000000e+00 4.466279589102277567e-04 0.000000000000000000e+00 0.000000000000000000e+00 0.000000000000000000e+00 0.000000000000000000e+00 0.000000000000000000e+00 0.000000000000000000e+00 0.000000000000000000e+00 0.000000000000000000e+00 1.984126984126984017e-03 0.000000000000000000e+00 0.000000000000000000e+00
