0.000000000000000000e+00 1.289167412712623022e-02 8.408408408408409029e-02 2.458009012699713391e-03 1.904036557501904081e-04 0.000000000000000000e+00 1.537495382342076167e-01 3.280224929709465650e-03 3.264094955489614449e-03 0.000000000000000000e+00 2.916948008102633327e-01 4.382761139517896034e-04 7.128781731772342034e-02 0.000000000000000000e+00 1.121830827911150970e-03 0.000000000000000000e+00 4.302788844621514147e-02 2.475247524752475278e-03 3.341929937674618240e-02 2.044536017117045898e-02 0.000000000000000000e+00 0.000000000000000000e+00 1.470391658869135178e-03 0.000000000000000000e+00 3.437607425232038676e-04 0.000000000000000000e+00 0.000000000000000000e+00 0.000000000000000000e+00 4.500818330605564632e-02 3.769672980868909703e-04 5.974345457740291680e-03 4.702931493964571108e-04 7.606428659060237955e-03 1.078799249530956912e-02 3.251277287505805955e-03 0.000000000000000000e+00 1.075561606535057890e-01 3.508771929824561144e-04 3.767491926803014091e-03 0.000000000000000000e+00 3.514938488576449700e-03 0.000000000000000000e+00 0.000000000000000000e+00 0.000000000000000000e+00 8.120178643930166381e-04 0.000000000000000000e+00 1.790189760114572278e-04 0.000000000000000000e+00 3.029843963035903573e-03 0.000000000000000000e+00 1.294406651549508645e-02 0.000000000000000000e+00 6.038647342995169011e-03 0.000000000000000000e+00 2.408394976776191080e-03 0.000000000000000000e+00 2.667275931849337200e-01 2.090094054232440393e-03 3.889832781901100128e-02 3.123048094940661899e-04 5.678754674319506229e-02 2.848191398461976764e-04 2.833864682961388572e-03 6.476683937823834438e-04 5.163249810174639493e-02 1.226542377039126599e-04 7.718034473887316893e-03 4.725525714735764123e-04 5.821334571915157130e-02 4.640371229698375677e-03 1.208208636169303130e-01 9.985902255639097190e-04 4.923724355602314418e-02 1.043141345652335997e-03 1.000000000000000056e-01 0.000000000000000000e+00 8.764400271063925441e-02 1.367308887507768904e-03 1.263423878711307556e-03 1.474926253687315614e-03 3.261977573904179493e-03 3.883495145631068231e-04 0.000000000000000000e+00 0.000000000000000000e+00 1.762212803925942289e-02 0.000000000000000000e+00 7.102272727272727470e-04 0.000000000000000000e+00 1.594923683759217822e-02 0.000000000000000000e+00 5.074626865671641625e-03 5.912495072920772319e-04 3.241182078169685572e-03 0.000000000000000000e+00 1.996927803379416194e-02 1.276595744680850998e-02 1.998667554963357799e-03 0.000000000000000000e+00 3.238341968911916894e-03 0.000000000000000000e+00 9.740259740259740251e-04 2.645502645502645681e-04 6.479831524380365651e-04 2.034381039568711191e-04 1.455604075691412005e-03 3.764351590438546886e-04 8.741258741258741251e-04 0.000000000000000000e+00 0.000000000000000000e+00 0.000000000000000000e+00 8.166598611678236447e-04 4.452359750667853858e-04 0.000000000000000000e+00 0.000000000000000000e+00 0.000000000000000000e+00 0.000000000000000000e+00
1.289167412712623022e-02 0.000000000000000000e+00 3.822003822003821813e-03 7.305749009968591501e-02 0.000000000000000000e+00 2.170243549553894230e-03 2.512005910602142615e-03 1.362966929977239283e-01 0.000000000000000000e+00 2.368265245707519041e-03 1.012829169480081041e-03 1.308984660336011685e-01 0.000000000000000000e+00 2.582296149819704456e-02 0.000000000000000000e+00 1.279317697228145095e-03 3.665338645418326612e-03 5.610561056105610456e-02 3.137760584569095068e-02 3.978128219351770994e-02 0.000000000000000000e+00 0.000000000000000000e+00 5.346878759524127623e-04 1.418663303909205656e-03 0.000000000000000000e+00 0.000000000000000000e+00 0.000000000000000000e+00 0.000000000000000000e+00 4.091653027823240782e-04 3.750824615964565290e-02 2.811456685995431404e-03 7.838219156607619236e-04 1.447675131885658127e-02 1.332082551594746672e-02 4.644681839294008429e-04 0.000000000000000000e+00 6.807351940095302499e-04 5.912280701754386164e-02 0.000000000000000000e+00 1.073345259391770938e-02 0.000000000000000000e+00 1.144164759725400460e-03 0.000000000000000000e+00 0.000000000000000000e+00 0.000000000000000000e+00 5.553704320781961560e-04 0.000000000000000000e+00 1.584032947885316057e-04 0.000000000000000000e+00 3.594460302357542925e-03 0.000000000000000000e+00 7.604902925650890329e-03 0.000000000000000000e+00 2.025036818851252019e-03 0.000000000000000000e+00 7.354327739015651538e-03 1.436125073438213962e-03 2.923931576920961173e-01 9.836358758830367373e-04 1.457422444305642335e-02 5.217845030002608723e-04 4.158359441754486130e-02 3.542330853701735715e-04 1.408678756476683912e-02 2.531004808909137049e-04 5.531706120446461261e-02 1.029071263184975658e-03 5.355595810033866692e-03 8.205604582752748857e-03 8.481567414282031869e-02 9.918768704574604939e-03 6.772791353383458834e-02 1.262493424513413953e-03 3.598837642500558875e-02 0.000000000000000000e+00 0.000000000000000000e+00 1.016489722159475860e-03 6.215040397762585517e-02 0.000000000000000000e+00 2.949852507374631227e-03 6.116207951070336008e-04 5.825242718446602130e-03 0.000000000000000000e+00 0.000000000000000000e+00 7.435497062978660106e-05 3.131266389017429985e-02 0.000000000000000000e+00 0.000000000000000000e+00 1.714971702966901082e-04 2.419354838709677352e-02 2.985074626865671672e-04 1.773748521876231804e-03 0.000000000000000000e+00 1.456133964324717815e-03 1.536098310291858678e-03 2.212765957446808512e-02 0.000000000000000000e+00 8.576329331046312048e-04 0.000000000000000000e+00 4.980079681274900312e-04 0.000000000000000000e+00 5.291005291005291362e-04 0.000000000000000000e+00 1.220628623741226715e-03 2.911208151382824118e-04 7.528703180877093773e-04 8.741258741258741251e-04 9.980039920159679799e-04 0.000000000000000000e+00 8.188331627430911128e-03 4.083299305839118223e-04 4.452359750667853858e-04 0.000000000000000000e+00 9.583133684714902154e-04 0.000000000000000000e+00 0.000000000000000000e+00
8.408408408408409029e-02 3.822003822003821813e-03 0.000000000000000000e+00 3.072511265874641739e-03 1.081492764661081546e-01 9.645526886906197542e-04 2.285925378647949702e-01 5.489356004819922162e-03 3.560830860534124759e-02 2.960331557134399019e-03 2.143821742066171626e-02 2.045288531775018258e-03 4.045438738843167015e-02 4.885425148307549065e-03 5.833520305137985217e-03 3.411513859275053153e-03 7.490039840637449826e-03 1.320132013201320148e-03 8.016333548248441576e-02 4.596243759410412882e-03 4.315925766076823475e-04 5.685048322910744422e-04 1.229782114690549377e-01 9.300126103404792247e-03 3.850120316259882797e-02 1.308089500860585251e-02 3.584229390681003581e-03 2.331002331002331000e-04 1.902618657937807031e-02 5.654509471303364012e-04 2.266736953083816480e-02 2.273083555416209600e-02 1.570359465096307292e-02 8.067542213883676858e-03 1.857872735717603372e-03 0.000000000000000000e+00 1.542999773088268682e-02 8.771929824561403672e-04 9.687836383207750271e-03 0.000000000000000000e+00 5.272407732864674984e-03 0.000000000000000000e+00 1.352630867036385678e-04 0.000000000000000000e+00 4.060089321965083191e-04 0.000000000000000000e+00 1.790189760114572278e-04 0.000000000000000000e+00 3.181336161187698925e-03 0.000000000000000000e+00 6.424792139077853750e-03 0.000000000000000000e+00 1.207729468599033759e-03 0.000000000000000000e+00 8.601410631343540036e-04 0.000000000000000000e+00 8.682028853058293763e-03 2.200099004455200542e-04 1.421800947867298513e-02 1.041016031646887390e-04 5.478737281502739538e-03 0.000000000000000000e+00 5.313496280552603302e-04 0.000000000000000000e+00 6.833712984054669815e-03 0.000000000000000000e+00 1.414972986879341373e-02 3.937938095613136859e-04 1.192135005418795517e-02 0.000000000000000000e+00 3.360410431808465159e-02 1.116071428571428509e-03 7.606522882693318721e-02 1.192161537888383966e-03 1.000000000000000056e-01 0.000000000000000000e+00 8.346510051953918985e-02 1.367308887507768904e-03 0.000000000000000000e+00 0.000000000000000000e+00 6.116207951070336008e-04 0.000000000000000000e+00 0.000000000000000000e+00 0.000000000000000000e+00 2.379359060153171234e-03 0.000000000000000000e+00 7.102272727272727470e-04 0.000000000000000000e+00 1.371977362373520866e-03 0.000000000000000000e+00 1.492537313432835836e-03 1.970831690973590773e-04 1.906577693040991306e-04 1.213444970270598179e-04 1.228878648233486942e-02 1.276595744680850998e-02 6.662225183211192663e-04 8.576329331046312048e-04 2.590673575129533775e-03 4.980079681274900312e-04 0.000000000000000000e+00 0.000000000000000000e+00 0.000000000000000000e+00 8.137524158274844766e-04 0.000000000000000000e+00 0.000000000000000000e+00 8.741258741258741251e-04 0.000000000000000000e+00 0.000000000000000000e+00 0.000000000000000000e+00 0.000000000000000000e+00 4.452359750667853858e-04 0.000000000000000000e+00 0.000000000000000000e+00 7.220216606498194552e-04 0.000000000000000000e+00
2.458009012699713391e-03 7.305749009968591501e-02 3.072511265874641739e-03 0.000000000000000000e+00 5.712109672505712513e-04 4.364600916325054453e-02 6.575544883635020196e-03 3.104163877359753521e-01 2.373887240356082999e-03 2.309058614564831260e-02 2.363268062120189167e-03 4.149013878743608441e-02 6.143502955836327960e-03 5.932301965802024013e-02 1.346196993493381120e-03 3.262260127931769504e-02 9.561752988047809119e-04 2.244224422442244252e-02 6.984741027294219008e-03 1.160947777161423222e-01 4.315925766076823475e-04 5.685048322910744422e-04 1.430290068172704147e-02 1.921500630517024022e-01 3.437607425232038459e-03 2.581755593803786511e-02 2.986857825567502804e-04 2.564102564102564100e-03 4.091653027823240782e-04 4.099519366694939077e-02 2.653312247408188412e-02 1.316820818310079910e-02 5.520794994479204590e-03 1.294559099437148260e-02 0.000000000000000000e+00 3.579952267303102790e-03 0.000000000000000000e+00 3.052631578947368265e-02 0.000000000000000000e+00 2.504472271914132478e-03 0.000000000000000000e+00 5.720823798627002084e-03 0.000000000000000000e+00 0.000000000000000000e+00 0.000000000000000000e+00 1.443963123403310071e-03 0.000000000000000000e+00 1.584032947885316057e-04 1.514921981517951895e-04 3.065863199069669004e-03 0.000000000000000000e+00 5.010288986311174989e-03 0.000000000000000000e+00 1.840942562592047093e-04 0.000000000000000000e+00 1.131435036771638765e-03 1.958352372870291889e-04 1.688575985919366432e-02 1.788428865241884977e-04 1.623985009369144361e-02 0.000000000000000000e+00 1.851324409000284924e-03 1.771165426850867858e-04 3.238341968911917219e-04 0.000000000000000000e+00 1.054826444253649000e-02 2.572678157962439145e-04 1.803575647790816791e-02 1.548227279764669440e-03 1.340551688579530790e-02 2.223172295852928783e-03 3.412828947368420907e-02 5.260389268805891472e-04 6.400417256538261379e-02 0.000000000000000000e+00 2.150537634408602149e-03 7.906031172351479872e-04 9.906774394033561471e-02 0.000000000000000000e+00 1.474926253687315614e-03 1.019367991845056092e-04 1.165048543689320469e-03 0.000000000000000000e+00 0.000000000000000000e+00 1.487099412595732021e-04 1.542495758136665056e-03 0.000000000000000000e+00 0.000000000000000000e+00 0.000000000000000000e+00 1.444390948483389525e-03 0.000000000000000000e+00 1.970831690973590773e-04 0.000000000000000000e+00 2.426889940541196358e-04 2.304147465437788016e-03 1.191489361702127714e-02 0.000000000000000000e+00 1.715265866209262410e-03 0.000000000000000000e+00 0.000000000000000000e+00 0.000000000000000000e+00 2.645502645502645681e-04 0.000000000000000000e+00 4.068762079137422383e-04 2.911208151382824118e-04 7.528703180877093773e-04 0.000000000000000000e+00 0.000000000000000000e+00 0.000000000000000000e+00 6.141248720573182912e-03 0.000000000000000000e+00 4.452359750667853858e-04 6.968641114982578391e-04 0.000000000000000000e+00 7.220216606498194552e-04 0.000000000000000000e+00
1.904036557501904081e-04 0.000000000000000000e+00 1.081492764661081546e-01 5.712109672505712513e-04 0.000000000000000000e+00 2.170243549553894230e-03 1.773180642777983035e-03 4.016601954746284813e-04 4.364985163204747609e-01 1.184132622853759521e-03 0.000000000000000000e+00 1.460920379839298678e-04 1.159151501101193934e-03 1.163196463882749861e-04 1.449405429661207168e-01 1.705756929637526577e-03 0.000000000000000000e+00 0.000000000000000000e+00 1.074575542660649005e-04 7.924558205880022398e-05 5.394907207596029430e-02 0.000000000000000000e+00 1.203047720892928829e-02 1.103404791929382201e-03 8.078377449295290336e-02 6.884681583476764434e-03 2.535842293906809819e-01 1.631701631701631700e-03 2.659574468085106318e-03 9.424182452172274256e-05 5.622913371990862809e-03 5.016460260228876138e-03 2.453686664212980143e-04 9.380863039399624757e-05 0.000000000000000000e+00 0.000000000000000000e+00 0.000000000000000000e+00 0.000000000000000000e+00 0.000000000000000000e+00 0.000000000000000000e+00 1.757469244288224850e-03 0.000000000000000000e+00 0.000000000000000000e+00 0.000000000000000000e+00 0.000000000000000000e+00 0.000000000000000000e+00 0.000000000000000000e+00 0.000000000000000000e+00 0.000000000000000000e+00 0.000000000000000000e+00 0.000000000000000000e+00 0.000000000000000000e+00 0.000000000000000000e+00 0.000000000000000000e+00 0.000000000000000000e+00 0.000000000000000000e+00 1.958352372870291889e-04 0.000000000000000000e+00 8.942144326209424884e-05 0.000000000000000000e+00 0.000000000000000000e+00 0.000000000000000000e+00 0.000000000000000000e+00 0.000000000000000000e+00 0.000000000000000000e+00 0.000000000000000000e+00 0.000000000000000000e+00 0.000000000000000000e+00 0.000000000000000000e+00 0.000000000000000000e+00 5.027789653698161443e-02 2.937030075187969762e-04 4.850078905839032284e-02 0.000000000000000000e+00 0.000000000000000000e+00 0.000000000000000000e+00 7.906031172351479872e-04 0.000000000000000000e+00 0.000000000000000000e+00 0.000000000000000000e+00 0.000000000000000000e+00 0.000000000000000000e+00 0.000000000000000000e+00 0.000000000000000000e+00 0.000000000000000000e+00 0.000000000000000000e+00 0.000000000000000000e+00 0.000000000000000000e+00 0.000000000000000000e+00 0.000000000000000000e+00 2.985074626865671672e-04 0.000000000000000000e+00 0.000000000000000000e+00 1.213444970270598179e-04 1.536098310291858678e-03 0.000000000000000000e+00 0.000000000000000000e+00 0.000000000000000000e+00 6.476683937823834438e-04 0.000000000000000000e+00 0.000000000000000000e+00 0.000000000000000000e+00 0.000000000000000000e+00 0.000000000000000000e+00 0.000000000000000000e+00 0.000000000000000000e+00 0.000000000000000000e+00 0.000000000000000000e+00 0.000000000000000000e+00 0.000000000000000000e+00 0.000000000000000000e+00 0.000000000000000000e+00 0.000000000000000000e+00 0.000000000000000000e+00 0.000000000000000000e+00 0.000000000000000000e+00
0.000000000000000000e+00 2.170243549553894230e-03 9.645526886906197542e-04 4.364600916325054453e-02 2.170243549553894230e-03 0.000000000000000000e+00 5.171776874769117276e-04 9.104297764091578982e-03 2.373887240356082999e-03 3.303730017761989379e-01 0.000000000000000000e+00 4.382761139517896034e-04 1.159151501101193934e-04 8.142375247179248080e-04 4.487323311644604096e-04 1.132196162046908289e-01 0.000000000000000000e+00 0.000000000000000000e+00 0.000000000000000000e+00 7.132102385292019616e-04 6.473888649115235212e-03 1.000568504832291122e-01 2.539767410773960486e-03 2.443253467843631635e-02 9.969061533172911618e-03 2.306368330464715968e-02 1.792114695340501791e-03 1.111888111888111874e-01 0.000000000000000000e+00 1.432475732730185622e-02 8.785802143735723518e-03 8.151747922871923832e-03 1.226843332106490071e-04 1.125703564727954971e-03 0.000000000000000000e+00 0.000000000000000000e+00 0.000000000000000000e+00 0.000000000000000000e+00 0.000000000000000000e+00 0.000000000000000000e+00 0.000000000000000000e+00 3.432494279176201164e-03 0.000000000000000000e+00 1.215953307392996126e-04 0.000000000000000000e+00 1.110740864156392258e-04 0.000000000000000000e+00 0.000000000000000000e+00 0.000000000000000000e+00 0.000000000000000000e+00 0.000000000000000000e+00 0.000000000000000000e+00 0.000000000000000000e+00 0.000000000000000000e+00 0.000000000000000000e+00 0.000000000000000000e+00 0.000000000000000000e+00 5.500247511138001356e-05 0.000000000000000000e+00 0.000000000000000000e+00 0.000000000000000000e+00 1.424095699230988382e-04 0.000000000000000000e+00 0.000000000000000000e+00 0.000000000000000000e+00 0.000000000000000000e+00 8.575593859874796698e-05 2.362762857367882061e-04 0.000000000000000000e+00 0.000000000000000000e+00 1.710132535271483554e-04 2.989896616541353261e-02 0.000000000000000000e+00 2.637657402578049218e-02 0.000000000000000000e+00 2.150537634408602149e-03 0.000000000000000000e+00 2.858918582970789487e-03 0.000000000000000000e+00 0.000000000000000000e+00 1.019367991845056092e-04 0.000000000000000000e+00 0.000000000000000000e+00 0.000000000000000000e+00 0.000000000000000000e+00 2.313743637204997746e-04 0.000000000000000000e+00 4.312203536006899694e-04 0.000000000000000000e+00 2.407318247472315785e-04 2.985074626865671672e-04 0.000000000000000000e+00 1.906577693040991306e-04 0.000000000000000000e+00 0.000000000000000000e+00 8.510638297872340349e-04 0.000000000000000000e+00 0.000000000000000000e+00 0.000000000000000000e+00 0.000000000000000000e+00 0.000000000000000000e+00 0.000000000000000000e+00 3.239915762190182826e-04 0.000000000000000000e+00 0.000000000000000000e+00 0.000000000000000000e+00 0.000000000000000000e+00 0.000000000000000000e+00 0.000000000000000000e+00 1.023541453428863891e-03 0.000000000000000000e+00 0.000000000000000000e+00 0.000000000000000000e+00 0.000000000000000000e+00 0.000000000000000000e+00 0.000000000000000000e+00
1.537495382342076167e-01 2.512005910602142615e-03 2.285925378647949702e-01 6.575544883635020196e-03 1.773180642777983035e-03 5.171776874769117276e-04 0.000000000000000000e+00 1.178203240058910140e-02 4.569732937685459795e-02 3.256364712847838790e-03 6.617150573936529667e-02 7.012417823228633655e-03 2.988292569838877921e-01 6.979178783296498788e-03 5.160421808391294982e-03 8.528784648187632883e-04 9.243027888446215048e-03 2.475247524752475278e-03 1.020846765527616551e-02 7.686821459703621455e-03 8.631851532153646950e-04 0.000000000000000000e+00 3.355166421601390309e-02 1.339848675914249651e-02 4.468889652801649737e-03 2.065404475043029070e-03 0.000000000000000000e+00 4.662004662004662001e-04 1.319558101472995126e-02 2.544529262086514185e-03 1.001581444385872370e-02 1.787113967706537021e-02 2.085633664581032932e-03 1.435272045028142610e-02 1.857872735717603372e-03 0.000000000000000000e+00 1.043793964147946528e-02 5.263157894736841987e-04 1.022604951560818036e-02 0.000000000000000000e+00 1.757469244288224850e-03 0.000000000000000000e+00 2.705261734072771356e-04 0.000000000000000000e+00 8.120178643930166381e-04 1.110740864156392258e-04 3.580379520229144555e-04 0.000000000000000000e+00 3.332828359339493843e-03 2.114388413151495902e-04 1.209372637944066547e-02 0.000000000000000000e+00 7.246376811594202987e-03 0.000000000000000000e+00 4.128677103044899738e-03 0.000000000000000000e+00 1.475292120895619827e-02 4.950222760024201559e-04 1.108825896449968686e-02 1.041016031646887390e-04 2.139316462301069782e-02 4.272287097692964875e-04 1.948281969535954616e-03 6.476683937823834438e-04 3.290306251581878033e-02 0.000000000000000000e+00 3.172969728153674819e-03 6.300700952981019192e-04 4.644681839294008429e-04 0.000000000000000000e+00 7.601539119281744417e-02 3.641917293233082505e-03 5.923198316675434144e-02 1.564712018478503887e-03 1.000000000000000056e-01 0.000000000000000000e+00 6.313530607634967873e-02 2.361715351149782337e-03 0.000000000000000000e+00 1.474926253687315614e-03 2.446483180428134403e-03 0.000000000000000000e+00 0.000000000000000000e+00 0.000000000000000000e+00 2.238084615956576623e-02 0.000000000000000000e+00 1.420454545454545494e-03 0.000000000000000000e+00 1.560624249699879909e-02 1.203659123736157893e-04 1.194029850746268669e-03 0.000000000000000000e+00 1.906577693040991306e-04 3.640334910811794536e-04 2.304147465437788016e-03 5.106382978723403993e-03 6.662225183211192663e-04 0.000000000000000000e+00 0.000000000000000000e+00 0.000000000000000000e+00 3.246753246753246750e-04 0.000000000000000000e+00 3.239915762190182826e-04 3.051571559353066787e-04 2.911208151382824118e-04 0.000000000000000000e+00 0.000000000000000000e+00 0.000000000000000000e+00 0.000000000000000000e+00 0.000000000000000000e+00 0.000000000000000000e+00 0.000000000000000000e+00 0.000000000000000000e+00 0.000000000000000000e+00 0.000000000000000000e+00 0.000000000000000000e+00
3.280224929709465650e-03 1.362966929977239283e-01 5.489356004819922162e-03 3.104163877359753521e-01 4.016601954746284813e-04 9.104297764091578982e-03 1.178203240058910140e-02 0.000000000000000000e+00 2.670623145400593482e-03 1.225577264653641141e-01 4.895340985820391226e-03 1.012417823228634051e-01 3.941115103744059593e-03 2.391531929742933549e-01 2.916760152568992608e-03 2.196162046908315540e-02 9.561752988047809119e-04 1.567656765676567546e-02 1.439931227165269778e-02 1.402646802440763937e-02 0.000000000000000000e+00 0.000000000000000000e+00 1.964977944125117018e-02 2.648171500630517108e-02 1.031282227569611494e-03 2.065404475043029070e-03 0.000000000000000000e+00 2.331002331002331000e-04 1.125204582651391201e-03 2.619922721703892357e-02 1.704445615884730286e-02 6.740868474682552500e-03 5.766163660900503092e-03 4.502814258911819884e-03 0.000000000000000000e+00 1.193317422434367597e-03 4.538234626730201847e-04 6.842105263157895016e-03 0.000000000000000000e+00 0.000000000000000000e+00 0.000000000000000000e+00 1.144164759725400460e-03 0.000000000000000000e+00 1.215953307392996126e-04 0.000000000000000000e+00 8.885926913251138062e-04 0.000000000000000000e+00 3.168065895770632114e-04 0.000000000000000000e+00 3.277302040384818486e-03 0.000000000000000000e+00 7.157555694730249364e-03 0.000000000000000000e+00 2.209131075110456512e-03 0.000000000000000000e+00 6.600037714501225984e-03 1.305568248580194412e-04 9.900445520048402684e-03 4.471072163104712442e-04 3.227149698105350774e-03 0.000000000000000000e+00 1.053830817430931321e-02 5.313496280552603302e-04 3.238341968911917219e-04 2.531004808909137049e-04 2.845578314730774078e-02 6.860475087899837359e-04 1.496416476332992126e-03 6.192909119058677544e-04 2.577984016499097839e-04 5.814450619923043975e-03 6.902020676691729417e-02 7.364544976328248060e-04 3.732955815513001874e-02 0.000000000000000000e+00 0.000000000000000000e+00 1.242376327083803949e-03 3.505282784338098478e-02 0.000000000000000000e+00 1.474926253687315614e-03 4.077471967380224367e-04 2.847896440129449747e-03 0.000000000000000000e+00 1.863932898415656975e-03 1.487099412595732021e-04 1.550208236927348368e-02 0.000000000000000000e+00 4.312203536006899694e-04 0.000000000000000000e+00 1.673086181993259369e-02 0.000000000000000000e+00 0.000000000000000000e+00 0.000000000000000000e+00 0.000000000000000000e+00 0.000000000000000000e+00 3.404255319148936140e-03 0.000000000000000000e+00 8.576329331046312048e-04 6.476683937823834438e-04 0.000000000000000000e+00 0.000000000000000000e+00 2.645502645502645681e-04 0.000000000000000000e+00 3.051571559353066787e-04 0.000000000000000000e+00 0.000000000000000000e+00 8.741258741258741251e-04 0.000000000000000000e+00 0.000000000000000000e+00 0.000000000000000000e+00 0.000000000000000000e+00 0.000000000000000000e+00 0.000000000000000000e+00 4.791566842357451077e-04 7.220216606498194552e-04 0.000000000000000000e+00
3.264094955489614449e-03 0.000000000000000000e+00 3.560830860534124759e-02 2.373887240356082999e-03 4.364985163204747609e-01 2.373887240356082999e-03 4.569732937685459795e-02 2.670623145400593482e-03 0.000000000000000000e+00 2.664298401420959247e-03 1.181634031060094583e-03 0.000000000000000000e+00 1.680769676596731085e-02 2.326392927765499722e-04 1.772492708099618619e-01 4.264392324093816441e-04 3.187250996015936373e-04 0.000000000000000000e+00 2.149151085321298010e-04 0.000000000000000000e+00 4.315925766076823475e-03 0.000000000000000000e+00 1.871407565833444831e-03 1.576292559899117275e-03 1.718803712616019316e-02 3.442340791738382217e-03 1.911589008363201794e-02 2.331002331002331000e-04 7.364975450081833082e-03 9.424182452172274256e-05 7.028641714988578511e-04 2.351465746982285554e-03 0.000000000000000000e+00 0.000000000000000000e+00 0.000000000000000000e+00 0.000000000000000000e+00 0.000000000000000000e+00 0.000000000000000000e+00 0.000000000000000000e+00 0.000000000000000000e+00 0.000000000000000000e+00 0.000000000000000000e+00 0.000000000000000000e+00 0.000000000000000000e+00 0.000000000000000000e+00 0.000000000000000000e+00 0.000000000000000000e+00 0.000000000000000000e+00 0.000000000000000000e+00 0.000000000000000000e+00 0.000000000000000000e+00 0.000000000000000000e+00 0.000000000000000000e+00 0.000000000000000000e+00 0.000000000000000000e+00 0.000000000000000000e+00 0.000000000000000000e+00 0.000000000000000000e+00 8.942144326209424884e-05 0.000000000000000000e+00 7.826767545003913626e-04 0.000000000000000000e+00 0.000000000000000000e+00 0.000000000000000000e+00 2.531004808909137049e-03 0.000000000000000000e+00 8.575593859874796698e-05 7.875876191226273990e-05 0.000000000000000000e+00 0.000000000000000000e+00 1.171440786660966210e-02 1.762218045112781857e-04 1.904260915307732713e-02 0.000000000000000000e+00 1.000000000000000056e-01 0.000000000000000000e+00 2.145922746781115872e-03 0.000000000000000000e+00 0.000000000000000000e+00 0.000000000000000000e+00 3.058103975535168004e-04 0.000000000000000000e+00 0.000000000000000000e+00 0.000000000000000000e+00 4.461298237787196335e-04 0.000000000000000000e+00 0.000000000000000000e+00 0.000000000000000000e+00 8.574858514834505412e-04 0.000000000000000000e+00 0.000000000000000000e+00 1.970831690973590773e-04 1.906577693040991306e-04 0.000000000000000000e+00 0.000000000000000000e+00 0.000000000000000000e+00 0.000000000000000000e+00 0.000000000000000000e+00 0.000000000000000000e+00 0.000000000000000000e+00 0.000000000000000000e+00 0.000000000000000000e+00 0.000000000000000000e+00 0.000000000000000000e+00 0.000000000000000000e+00 0.000000000000000000e+00 0.000000000000000000e+00 0.000000000000000000e+00 0.000000000000000000e+00 0.000000000000000000e+00 0.000000000000000000e+00 0.000000000000000000e+00 0.000000000000000000e+00 0.000000000000000000e+00 0.000000000000000000e+00 0.000000000000000000e+00
0.000000000000000000e+00 2.368265245707519041e-03 2.960331557134399019e-03 2.309058614564831260e-02 1.184132622853759521e-03 3.303730017761989379e-01 3.256364712847838790e-03 1.225577264653641141e-01 2.664298401420959247e-03 0.000000000000000000e+00 0.000000000000000000e+00 1.314828341855368973e-03 2.318303002202387868e-04 1.919274165406537058e-02 1.346196993493381120e-03 1.801705756929637414e-01 0.000000000000000000e+00 1.650165016501650185e-04 0.000000000000000000e+00 2.377367461764006719e-04 1.294777729823047042e-03 1.080159181353041419e-02 2.138751503809651049e-03 2.679697351828499476e-03 2.062564455139222989e-03 4.130808950086058140e-03 1.493428912783751564e-03 3.356643356643356640e-02 1.022913256955810195e-04 4.429365752520968494e-03 6.501493586364434987e-03 1.567643831321523847e-03 0.000000000000000000e+00 0.000000000000000000e+00 0.000000000000000000e+00 5.966587112171837983e-04 0.000000000000000000e+00 1.754385964912280572e-04 0.000000000000000000e+00 0.000000000000000000e+00 0.000000000000000000e+00 0.000000000000000000e+00 0.000000000000000000e+00 0.000000000000000000e+00 0.000000000000000000e+00 0.000000000000000000e+00 0.000000000000000000e+00 0.000000000000000000e+00 0.000000000000000000e+00 0.000000000000000000e+00 0.000000000000000000e+00 8.946944618412811705e-05 0.000000000000000000e+00 0.000000000000000000e+00 0.000000000000000000e+00 0.000000000000000000e+00 0.000000000000000000e+00 1.650074253341400339e-04 0.000000000000000000e+00 1.041016031646887390e-04 0.000000000000000000e+00 0.000000000000000000e+00 0.000000000000000000e+00 1.619170984455958610e-04 0.000000000000000000e+00 0.000000000000000000e+00 0.000000000000000000e+00 1.575175238245254798e-04 0.000000000000000000e+00 0.000000000000000000e+00 5.130397605814450120e-04 8.634868421052632401e-03 1.052077853761178294e-04 1.356083749348036688e-02 0.000000000000000000e+00 0.000000000000000000e+00 1.129433024621639904e-04 1.988812927284027299e-03 0.000000000000000000e+00 0.000000000000000000e+00 0.000000000000000000e+00 1.294498381877022563e-04 0.000000000000000000e+00 0.000000000000000000e+00 0.000000000000000000e+00 3.856239395341662640e-04 0.000000000000000000e+00 0.000000000000000000e+00 0.000000000000000000e+00 1.083293211362542198e-03 0.000000000000000000e+00 0.000000000000000000e+00 0.000000000000000000e+00 0.000000000000000000e+00 0.000000000000000000e+00 8.510638297872340349e-04 0.000000000000000000e+00 0.000000000000000000e+00 0.000000000000000000e+00 0.000000000000000000e+00 0.000000000000000000e+00 0.000000000000000000e+00 0.000000000000000000e+00 1.017190519784355596e-04 0.000000000000000000e+00 0.000000000000000000e+00 0.000000000000000000e+00 0.000000000000000000e+00 0.000000000000000000e+00 0.000000000000000000e+00 0.000000000000000000e+00 0.000000000000000000e+00 0.000000000000000000e+00 0.000000000000000000e+00 0.000000000000000000e+00 0.000000000000000000e+00
2.916948008102633327e-01 1.012829169480081041e-03 2.143821742066171626e-02 2.363268062120189167e-03 0.000000000000000000e+00 0.000000000000000000e+00 6.617150573936529667e-02 4.895340985820391226e-03 1.181634031060094583e-03 0.000000000000000000e+00 0.000000000000000000e+00 1.607012417823228600e-03 1.164947258606699870e-01 2.326392927765499722e-04 2.243661655822301940e-03 0.000000000000000000e+00 3.745019920318724826e-02 6.600660066006600740e-04 1.880507199656135733e-02 3.328314446469609299e-03 0.000000000000000000e+00 0.000000000000000000e+00 6.282582542440850147e-03 1.733921815889029111e-03 3.437607425232038676e-04 0.000000000000000000e+00 2.986857825567502804e-04 0.000000000000000000e+00 4.766775777414074960e-02 5.654509471303364012e-04 1.405728342997715702e-03 1.410879448189371332e-03 7.361059992638939887e-04 3.939962476547842832e-03 0.000000000000000000e+00 0.000000000000000000e+00 1.588382119355570728e-03 0.000000000000000000e+00 5.382131324004305224e-04 0.000000000000000000e+00 0.000000000000000000e+00 0.000000000000000000e+00 1.352630867036385678e-04 0.000000000000000000e+00 0.000000000000000000e+00 0.000000000000000000e+00 0.000000000000000000e+00 0.000000000000000000e+00 0.000000000000000000e+00 0.000000000000000000e+00 1.133786848072562388e-03 0.000000000000000000e+00 8.051529790660225420e-04 0.000000000000000000e+00 3.440564252537415906e-04 0.000000000000000000e+00 5.613943468894836732e-03 5.500247511138001356e-05 2.235536081552356221e-03 2.082032063293774780e-04 2.234976954517784234e-02 0.000000000000000000e+00 1.115834218916046845e-02 0.000000000000000000e+00 2.581624905087319746e-02 0.000000000000000000e+00 8.575593859874796698e-05 7.875876191226273990e-05 1.393404551788202583e-03 0.000000000000000000e+00 3.685335613510046932e-02 9.398496240601503238e-04 2.198842714360862635e-02 4.470605767081439600e-04 1.000000000000000056e-01 0.000000000000000000e+00 5.985995030494691872e-03 6.215040397762585040e-04 0.000000000000000000e+00 0.000000000000000000e+00 7.543323139653414916e-03 0.000000000000000000e+00 0.000000000000000000e+00 0.000000000000000000e+00 9.814856123131831395e-03 0.000000000000000000e+00 0.000000000000000000e+00 0.000000000000000000e+00 6.688389641570913896e-03 0.000000000000000000e+00 0.000000000000000000e+00 1.970831690973590773e-04 1.906577693040991306e-04 0.000000000000000000e+00 0.000000000000000000e+00 0.000000000000000000e+00 0.000000000000000000e+00 0.000000000000000000e+00 0.000000000000000000e+00 0.000000000000000000e+00 0.000000000000000000e+00 0.000000000000000000e+00 0.000000000000000000e+00 0.000000000000000000e+00 0.000000000000000000e+00 0.000000000000000000e+00 0.000000000000000000e+00 0.000000000000000000e+00 0.000000000000000000e+00 0.000000000000000000e+00 0.000000000000000000e+00 0.000000000000000000e+00 0.000000000000000000e+00 0.000000000000000000e+00 0.000000000000000000e+00 0.000000000000000000e+00
4.382761139517896034e-04 1.308984660336011685e-01 2.045288531775018258e-03 4.149013878743608441e-02 1.460920379839298678e-04 4.382761139517896034e-04 7.012417823228633655e-03 1.012417823228634051e-01 0.000000000000000000e+00 1.314828341855368973e-03 1.607012417823228600e-03 0.000000000000000000e+00 1.622812101541671508e-03 2.079795277422356592e-01 0.000000000000000000e+00 9.594882729211088104e-03 0.000000000000000000e+00 8.960396039603960028e-02 3.546099290780141758e-03 1.315476662176083729e-02 0.000000000000000000e+00 0.000000000000000000e+00 3.475471193690683226e-03 1.387137452711223289e-02 0.000000000000000000e+00 3.442340791738382325e-04 0.000000000000000000e+00 2.331002331002331000e-04 4.091653027823240782e-04 3.694279521251531140e-02 4.041468986118432888e-03 6.270575325286095172e-04 2.699055330634277886e-03 6.472795497185741299e-03 0.000000000000000000e+00 5.966587112171837983e-04 0.000000000000000000e+00 1.929824561403508873e-03 0.000000000000000000e+00 0.000000000000000000e+00 0.000000000000000000e+00 1.144164759725400460e-03 0.000000000000000000e+00 1.215953307392996126e-04 0.000000000000000000e+00 0.000000000000000000e+00 0.000000000000000000e+00 0.000000000000000000e+00 0.000000000000000000e+00 2.114388413151495902e-04 0.000000000000000000e+00 1.163102800393665467e-03 0.000000000000000000e+00 7.363770250368188372e-04 0.000000000000000000e+00 3.582877616443522466e-03 2.611136497160388825e-04 3.960178208019361247e-03 8.942144326209424884e-05 4.164064126587549560e-04 0.000000000000000000e+00 3.560239248077470657e-03 0.000000000000000000e+00 1.489637305699481780e-02 2.531004808909137049e-04 8.953759352385624523e-03 8.575593859874796698e-05 7.088288572103646455e-04 3.096454559529338772e-04 1.031193606599639136e-03 1.282599401453612693e-03 3.048637218045112743e-02 3.156233561283534883e-04 1.117651441770359938e-02 0.000000000000000000e+00 2.150537634408602149e-03 4.517732098486559617e-04 6.587942821628340294e-03 0.000000000000000000e+00 0.000000000000000000e+00 0.000000000000000000e+00 1.475728155339805885e-02 0.000000000000000000e+00 1.863932898415656975e-03 0.000000000000000000e+00 2.028381921949714770e-02 0.000000000000000000e+00 4.312203536006899694e-04 0.000000000000000000e+00 2.359171882522869551e-02 0.000000000000000000e+00 0.000000000000000000e+00 1.906577693040991306e-04 0.000000000000000000e+00 0.000000000000000000e+00 0.000000000000000000e+00 0.000000000000000000e+00 0.000000000000000000e+00 0.000000000000000000e+00 0.000000000000000000e+00 0.000000000000000000e+00 0.000000000000000000e+00 0.000000000000000000e+00 0.000000000000000000e+00 0.000000000000000000e+00 0.000000000000000000e+00 0.000000000000000000e+00 0.000000000000000000e+00 0.000000000000000000e+00 0.000000000000000000e+00 0.000000000000000000e+00 4.452359750667853858e-04 6.968641114982578391e-04 0.000000000000000000e+00 0.000000000000000000e+00 0.000000000000000000e+00
7.128781731772342034e-02 0.000000000000000000e+00 4.045438738843167015e-02 6.143502955836327960e-03 1.159151501101193934e-03 1.159151501101193934e-04 2.988292569838877921e-01 3.941115103744059593e-03 1.680769676596731085e-02 2.318303002202387868e-04 1.164947258606699870e-01 1.622812101541671508e-03 0.000000000000000000e+00 2.791671513318599342e-03 1.366389948395781984e-01 1.279317697228145095e-03 1.402390438247012004e-02 0.000000000000000000e+00 8.274231678486997435e-03 1.584911641176004480e-03 4.315925766076823475e-04 0.000000000000000000e+00 2.980884908434701386e-02 5.201765447667087115e-03 2.406325197662426748e-03 1.376936316695352930e-03 2.986857825567502804e-04 0.000000000000000000e+00 9.799509001636660943e-02 5.654509471303364012e-04 4.568617114742576195e-03 5.016460260228876138e-03 1.594896331738437012e-03 2.532833020637898901e-03 0.000000000000000000e+00 0.000000000000000000e+00 4.992058089403222411e-03 1.754385964912280572e-04 2.691065662002153046e-03 0.000000000000000000e+00 0.000000000000000000e+00 0.000000000000000000e+00 0.000000000000000000e+00 0.000000000000000000e+00 0.000000000000000000e+00 0.000000000000000000e+00 0.000000000000000000e+00 0.000000000000000000e+00 1.514921981517951895e-04 0.000000000000000000e+00 1.133786848072562388e-03 0.000000000000000000e+00 8.051529790660225420e-04 0.000000000000000000e+00 1.720282126268707953e-04 0.000000000000000000e+00 2.284744435015340601e-03 0.000000000000000000e+00 1.251900205669319484e-03 1.041016031646887390e-04 1.365336116184016034e-02 0.000000000000000000e+00 6.553312079348211534e-03 0.000000000000000000e+00 2.176664135661857818e-02 0.000000000000000000e+00 4.287796929937398214e-04 1.575175238245254798e-04 1.393404551788202583e-03 0.000000000000000000e+00 3.574176998717400883e-02 1.233552631578947300e-03 2.451341399263545426e-02 1.490201922360479957e-04 0.000000000000000000e+00 0.000000000000000000e+00 3.693245990512762644e-02 4.972032318210068249e-04 1.895135818066961443e-03 0.000000000000000000e+00 3.669724770642202039e-03 0.000000000000000000e+00 0.000000000000000000e+00 0.000000000000000000e+00 1.182244033013606956e-02 0.000000000000000000e+00 7.102272727272727470e-04 0.000000000000000000e+00 9.432344366317955628e-03 0.000000000000000000e+00 0.000000000000000000e+00 0.000000000000000000e+00 0.000000000000000000e+00 1.213444970270598179e-04 3.072196620583717355e-03 2.553191489361701996e-03 0.000000000000000000e+00 0.000000000000000000e+00 1.295336787564766888e-03 0.000000000000000000e+00 3.246753246753246750e-04 0.000000000000000000e+00 1.619957881095091413e-04 2.034381039568711191e-04 5.822416302765648236e-04 0.000000000000000000e+00 0.000000000000000000e+00 0.000000000000000000e+00 0.000000000000000000e+00 0.000000000000000000e+00 0.000000000000000000e+00 0.000000000000000000e+00 6.968641114982578391e-04 0.000000000000000000e+00 0.000000000000000000e+00 0.000000000000000000e+00
