0.000000000000000000e+00 9.903121636167923000e-03 7.220686290453731671e-02 4.218341348181895226e-03 0.000000000000000000e+00 0.000000000000000000e+00 1.639058413251961721e-01 3.654970760233917926e-03 2.133105802047781645e-03 6.611570247933884785e-04 2.365061590145576820e-01 1.394943330427201493e-03 4.987942632313745184e-02 0.000000000000000000e+00 2.769230769230769055e-03 0.000000000000000000e+00 1.003530942204051285e-01 3.580219288431416274e-03 3.531073446327683690e-02 2.226580526072911848e-02 0.000000000000000000e+00 0.000000000000000000e+00 7.542426147077310261e-04 3.650301149844861997e-04 0.000000000000000000e+00 0.000000000000000000e+00 0.000000000000000000e+00 0.000000000000000000e+00 2.540664067751041699e-02 1.337077149351517582e-03 3.494670627293377358e-04 6.167129201356767992e-04 1.428015059067895684e-03 1.138113982543214123e-02 0.000000000000000000e+00 0.000000000000000000e+00 4.271564176640528510e-02 1.794687724335965607e-04 1.884422110552763738e-03 0.000000000000000000e+00 9.505703422053231886e-04 0.000000000000000000e+00 3.531489111241907031e-04 0.000000000000000000e+00 4.799232122860342298e-04 0.000000000000000000e+00 0.000000000000000000e+00 0.000000000000000000e+00 3.521690411397470841e-03 0.000000000000000000e+00 7.867679928475637338e-03 0.000000000000000000e+00 3.695719125346473739e-03 1.982553528945281526e-04 4.596527068437180827e-03 0.000000000000000000e+00 3.844953173777315159e-01 1.115915748360998697e-03 3.738317757009345516e-02 5.859947260474655849e-04 2.668089647812166634e-02 0.000000000000000000e+00 6.799637352674524002e-03 1.513546238837596509e-04 1.952068032470042486e-02 0.000000000000000000e+00 1.028403525954946045e-02 3.235198964736331513e-04 1.633006347374495182e-01 1.394784718010915782e-02 6.439453431757499735e-02 9.149130832570906207e-04 3.056179775280899041e-02 1.008776354282255516e-03 0.000000000000000000e+00 0.000000000000000000e+00 6.227006404142253898e-02 1.332622601279317672e-03 9.469696969696969960e-04 0.000000000000000000e+00 4.424778761061946841e-03 0.000000000000000000e+00 0.000000000000000000e+00 0.000000000000000000e+00 5.188316679477325208e-03 0.000000000000000000e+00 0.000000000000000000e+00 0.000000000000000000e+00 8.887526815813668116e-03 2.361553902467823901e-04 2.503912363067292441e-03 0.000000000000000000e+00 1.383508577753181975e-03 2.932551319648093839e-04 3.487490523123578517e-02 2.328288707799767120e-03 1.368925393566050629e-03 0.000000000000000000e+00 0.000000000000000000e+00 0.000000000000000000e+00 1.824817518248175122e-03 0.000000000000000000e+00 1.714163274051853361e-03 2.808988764044944068e-04 2.028397565922920864e-03 0.000000000000000000e+00 0.000000000000000000e+00 0.000000000000000000e+00 0.000000000000000000e+00 8.665511265164644455e-03 0.000000000000000000e+00 2.049180327868852566e-03 0.000000000000000000e+00 1.498127340823970097e-03 0.000000000000000000e+00 5.602240896358543464e-03
9.903121636167923000e-03 0.000000000000000000e+00 2.845991218084241176e-03 1.199696279422930861e-01 0.000000000000000000e+00 0.000000000000000000e+00 2.932551319648093839e-03 1.436403508771929849e-01 0.000000000000000000e+00 4.297520661157024947e-03 1.567749160134378423e-03 1.074106364428945026e-01 0.000000000000000000e+00 2.497814412389159563e-02 0.000000000000000000e+00 1.620307858493113705e-03 2.230068760453447155e-03 7.070933094652047390e-02 2.836629001883239284e-02 6.368251038301800393e-02 0.000000000000000000e+00 0.000000000000000000e+00 0.000000000000000000e+00 7.300602299689723995e-04 0.000000000000000000e+00 0.000000000000000000e+00 0.000000000000000000e+00 0.000000000000000000e+00 4.032800107541336418e-04 2.687525070196550292e-02 0.000000000000000000e+00 0.000000000000000000e+00 9.476827210177852720e-03 1.814136573677905054e-02 0.000000000000000000e+00 5.094243504839531325e-04 6.190672719768881144e-04 6.048097631012203795e-02 0.000000000000000000e+00 3.614457831325301306e-03 0.000000000000000000e+00 0.000000000000000000e+00 0.000000000000000000e+00 0.000000000000000000e+00 0.000000000000000000e+00 1.154601085325020161e-03 0.000000000000000000e+00 0.000000000000000000e+00 0.000000000000000000e+00 2.086890533105672553e-03 1.788109074653553867e-04 2.059833251593918505e-03 0.000000000000000000e+00 7.930214115781126106e-04 1.702417432754511277e-04 2.144772117962466702e-03 2.601456815816857466e-03 3.188031803598828096e-01 1.006470165348670063e-03 2.343978904189862253e-02 1.334044823906083328e-04 1.594202898550724570e-02 4.533091568449682668e-04 6.356894203117905394e-03 1.932740626207962774e-04 1.023366877025413610e-02 3.036238981390793415e-03 5.391998274560552522e-03 2.731294479707636197e-02 7.277137659187386809e-02 2.434427516883932649e-03 5.863068008539188553e-02 1.348314606741572979e-03 2.905275900332896302e-02 0.000000000000000000e+00 0.000000000000000000e+00 2.588908570649952213e-03 7.102878464818764004e-02 0.000000000000000000e+00 0.000000000000000000e+00 3.687315634218289034e-04 9.836065573770492662e-03 0.000000000000000000e+00 0.000000000000000000e+00 0.000000000000000000e+00 8.493427704752275209e-03 0.000000000000000000e+00 0.000000000000000000e+00 0.000000000000000000e+00 1.558625575628763693e-02 3.129890453834115551e-04 3.531300160513643847e-03 1.106806862202545580e-03 3.519061583577712607e-03 5.307050796057619785e-03 1.396973224679860272e-02 2.053388090349076052e-03 0.000000000000000000e+00 1.476014760147601433e-03 2.554278416347382022e-03 6.082725060827250769e-04 4.102564102564102561e-03 8.570816370259266804e-04 6.741573033707865328e-03 4.056795131845841729e-04 6.152584085315832528e-03 0.000000000000000000e+00 2.608695652173913249e-03 0.000000000000000000e+00 0.000000000000000000e+00 7.955449482895783977e-04 0.000000000000000000e+00 0.000000000000000000e+00 7.490636704119850485e-04 0.000000000000000000e+00 0.000000000000000000e+00
7.220686290453731671e-02 2.845991218084241176e-03 0.000000000000000000e+00 4.724542309963722202e-03 4.792782633211164350e-02 3.375120540019286349e-03 2.672584608068478973e-01 8.333333333333333218e-03 1.407849829351535791e-02 3.636363636363636360e-03 2.329227323628219395e-02 2.789886660854402987e-03 4.937174768371620920e-02 5.744973148495066510e-03 2.615384615384615252e-02 2.700513097488522769e-03 1.616799851328749177e-02 2.237637055269635171e-04 1.299435028248587531e-01 9.690816797415782377e-03 9.389671361502347196e-04 0.000000000000000000e+00 2.027655562539283363e-01 6.022996897244022214e-03 4.020442930153322186e-02 4.433934377771208898e-03 0.000000000000000000e+00 0.000000000000000000e+00 3.427880091410135527e-02 1.604492579221821012e-03 1.485235016599685542e-02 1.110083256244218282e-02 2.271842139426197629e-02 6.674653431456443499e-03 6.430868167202572275e-03 0.000000000000000000e+00 2.888980602558811547e-02 0.000000000000000000e+00 1.256281407035175898e-03 0.000000000000000000e+00 1.901140684410646377e-03 0.000000000000000000e+00 4.708652148322542527e-04 0.000000000000000000e+00 3.199488081906894685e-04 0.000000000000000000e+00 8.034709946970914349e-04 0.000000000000000000e+00 1.280614695053625780e-03 0.000000000000000000e+00 3.933839964237818669e-03 2.942618930848455317e-04 1.539882968894364058e-03 0.000000000000000000e+00 5.107252298263534373e-04 0.000000000000000000e+00 1.716961498439125919e-02 3.487236713628121335e-04 3.925233644859812965e-02 5.859947260474655849e-04 1.467449306296691579e-03 0.000000000000000000e+00 4.533091568449682668e-04 1.513546238837596509e-04 6.957866254348666311e-03 0.000000000000000000e+00 3.829578844270323246e-02 0.000000000000000000e+00 1.577226389690325123e-02 0.000000000000000000e+00 3.471022459557090989e-02 3.049710277523635330e-03 7.808988764044944020e-02 3.228084333703217824e-03 6.400000000000000133e-02 0.000000000000000000e+00 9.156560839351410297e-02 2.132196162046908275e-03 0.000000000000000000e+00 0.000000000000000000e+00 6.145526057030481363e-04 0.000000000000000000e+00 8.375209380234505986e-04 0.000000000000000000e+00 2.017678708685626422e-03 1.011122345803842280e-04 0.000000000000000000e+00 0.000000000000000000e+00 3.524364082133006441e-03 0.000000000000000000e+00 3.129890453834115551e-04 0.000000000000000000e+00 5.534034311012727900e-04 2.932551319648093839e-04 2.047005307050795905e-02 1.164144353899883560e-03 0.000000000000000000e+00 0.000000000000000000e+00 1.476014760147601433e-03 0.000000000000000000e+00 6.082725060827250769e-04 0.000000000000000000e+00 6.428112277694450916e-04 0.000000000000000000e+00 2.839756592292089210e-03 4.101722723543888677e-04 0.000000000000000000e+00 0.000000000000000000e+00 0.000000000000000000e+00 1.733102253032928848e-03 0.000000000000000000e+00 2.049180327868852566e-03 0.000000000000000000e+00 0.000000000000000000e+00 8.460236886632825420e-04 1.400560224089635866e-03
4.218341348181895226e-03 1.199696279422930861e-01 4.724542309963722202e-03 0.000000000000000000e+00 2.819283901888920219e-04 1.108968177434908366e-02 9.828009828009827767e-03 2.716374269005847886e-01 4.266211604095563182e-04 1.421487603305785115e-02 3.583426651735722480e-03 3.103748910200523209e-02 4.188348775225282129e-03 3.684276258274010035e-02 9.230769230769230544e-04 1.215230893869835224e-02 1.300873443597844355e-03 1.655851420899530010e-02 1.424199623352165670e-02 1.263267189663128676e-01 0.000000000000000000e+00 0.000000000000000000e+00 1.055939660590823372e-02 1.872604489870414446e-01 1.022146507666098865e-03 3.635826189772391193e-02 3.280839895013123314e-04 0.000000000000000000e+00 1.478693372765156524e-03 2.513705040780853106e-02 8.387209505504106960e-03 3.299414122725870951e-02 5.192782032974165886e-03 1.899709053568372427e-02 6.430868167202572492e-04 3.056546102903718795e-03 2.063557573256293986e-04 2.512562814070351883e-02 0.000000000000000000e+00 8.032128514056225245e-04 0.000000000000000000e+00 0.000000000000000000e+00 0.000000000000000000e+00 0.000000000000000000e+00 0.000000000000000000e+00 3.463803255975060700e-04 0.000000000000000000e+00 6.177415369409439572e-04 0.000000000000000000e+00 1.422879908935685772e-03 0.000000000000000000e+00 2.942618930848455317e-04 0.000000000000000000e+00 1.982553528945281526e-04 0.000000000000000000e+00 1.340482573726541689e-04 2.081165452653486038e-04 1.548333100850885803e-02 0.000000000000000000e+00 3.281570465865807362e-02 0.000000000000000000e+00 9.057971014492753733e-04 0.000000000000000000e+00 1.513546238837596509e-04 1.932740626207962774e-04 1.364489169367218147e-03 6.856023506366307326e-04 1.294079585894532432e-02 1.731102135025966524e-03 2.152819890842935097e-02 4.947384953667347332e-03 4.208600182982616400e-02 2.359550561797752605e-03 5.628972056894986087e-02 2.000000000000000042e-03 6.250000000000000000e-02 2.180133533178907172e-03 6.023454157782515833e-02 0.000000000000000000e+00 0.000000000000000000e+00 0.000000000000000000e+00 1.725625539257980988e-04 0.000000000000000000e+00 0.000000000000000000e+00 0.000000000000000000e+00 4.044489383215369121e-04 0.000000000000000000e+00 0.000000000000000000e+00 1.532332209623046208e-04 5.903884756169559345e-04 2.190923317683880940e-03 1.605136436597110741e-03 2.767017155506363950e-04 1.466275659824046920e-03 2.274450341167551150e-03 5.820721769499418233e-03 6.844626967830253145e-04 0.000000000000000000e+00 1.476014760147601433e-03 1.277139208173691011e-03 0.000000000000000000e+00 2.051282051282051280e-03 1.499892864795371664e-03 2.808988764044943742e-03 4.056795131845841729e-04 4.101722723543888352e-03 0.000000000000000000e+00 8.695652173913043801e-04 0.000000000000000000e+00 0.000000000000000000e+00 0.000000000000000000e+00 0.000000000000000000e+00 0.000000000000000000e+00 7.490636704119850485e-04 8.460236886632825420e-04 0.000000000000000000e+00
0.000000000000000000e+00 0.000000000000000000e+00 4.792782633211164350e-02 2.819283901888920219e-04 0.000000000000000000e+00 2.892960462873674261e-03 1.822937306808274484e-03 1.461988304093567279e-04 3.831058020477815518e-01 4.297520661157024947e-03 0.000000000000000000e+00 0.000000000000000000e+00 1.903794897829673774e-03 0.000000000000000000e+00 1.769230769230769329e-01 1.350256548744261384e-03 1.858390633711206144e-04 0.000000000000000000e+00 7.062146892655367207e-04 0.000000000000000000e+00 2.957746478873239313e-02 2.248454187745924700e-03 8.296668761785041396e-03 9.125752874612155265e-04 9.846678023850084782e-02 1.211942063257463731e-02 1.102362204724409434e-01 2.665778073975341635e-03 1.465250705740018741e-02 0.000000000000000000e+00 7.863008911410099624e-03 3.854455750847980266e-03 1.687654160716603891e-03 0.000000000000000000e+00 0.000000000000000000e+00 0.000000000000000000e+00 6.190672719768881144e-04 0.000000000000000000e+00 0.000000000000000000e+00 0.000000000000000000e+00 0.000000000000000000e+00 0.000000000000000000e+00 1.177163037080635632e-04 0.000000000000000000e+00 0.000000000000000000e+00 0.000000000000000000e+00 1.606941989394182870e-04 0.000000000000000000e+00 1.600768368817032225e-04 0.000000000000000000e+00 0.000000000000000000e+00 0.000000000000000000e+00 0.000000000000000000e+00 0.000000000000000000e+00 3.404834865509022554e-04 0.000000000000000000e+00 1.040582726326743019e-04 0.000000000000000000e+00 1.437814521926671519e-04 0.000000000000000000e+00 1.334044823906083328e-04 0.000000000000000000e+00 0.000000000000000000e+00 0.000000000000000000e+00 1.932740626207962774e-04 0.000000000000000000e+00 9.794319294809010273e-05 0.000000000000000000e+00 0.000000000000000000e+00 0.000000000000000000e+00 2.850636092351185868e-02 8.386703263189997266e-04 4.247191011235955382e-02 2.017552708564511140e-04 1.000000000000000021e-02 0.000000000000000000e+00 3.406458645592042728e-03 0.000000000000000000e+00 0.000000000000000000e+00 0.000000000000000000e+00 0.000000000000000000e+00 0.000000000000000000e+00 2.512562814070351796e-03 0.000000000000000000e+00 8.647194465795541652e-04 0.000000000000000000e+00 3.029155622870124791e-03 0.000000000000000000e+00 1.379098988660741642e-03 0.000000000000000000e+00 0.000000000000000000e+00 0.000000000000000000e+00 0.000000000000000000e+00 0.000000000000000000e+00 1.516300227445034100e-03 0.000000000000000000e+00 0.000000000000000000e+00 0.000000000000000000e+00 0.000000000000000000e+00 0.000000000000000000e+00 0.000000000000000000e+00 0.000000000000000000e+00 0.000000000000000000e+00 0.000000000000000000e+00 0.000000000000000000e+00 0.000000000000000000e+00 0.000000000000000000e+00 0.000000000000000000e+00 0.000000000000000000e+00 0.000000000000000000e+00 0.000000000000000000e+00 0.000000000000000000e+00 0.000000000000000000e+00 0.000000000000000000e+00 0.000000000000000000e+00 0.000000000000000000e+00
0.000000000000000000e+00 0.000000000000000000e+00 3.375120540019286349e-03 1.108968177434908366e-02 2.892960462873674261e-03 0.000000000000000000e+00 1.585162875485456144e-04 5.847953216374269115e-04 4.266211604095563182e-04 8.165289256198346446e-02 0.000000000000000000e+00 0.000000000000000000e+00 5.076786394212463253e-04 3.746721618583739193e-04 6.153846153846154058e-04 6.292195517148257977e-02 0.000000000000000000e+00 0.000000000000000000e+00 0.000000000000000000e+00 0.000000000000000000e+00 4.694835680751173598e-04 6.014614952220348476e-02 1.005656819610307963e-03 1.387114436941047635e-02 6.132879045996592754e-03 5.232042565770026604e-02 1.968503937007873988e-03 1.262912362545818012e-01 0.000000000000000000e+00 1.885278780585639830e-02 2.271535907740695418e-03 4.933703361085414393e-03 0.000000000000000000e+00 4.278623994523361078e-04 0.000000000000000000e+00 0.000000000000000000e+00 0.000000000000000000e+00 3.589375448671931214e-04 0.000000000000000000e+00 0.000000000000000000e+00 0.000000000000000000e+00 0.000000000000000000e+00 0.000000000000000000e+00 0.000000000000000000e+00 0.000000000000000000e+00 0.000000000000000000e+00 0.000000000000000000e+00 1.235483073881887860e-04 0.000000000000000000e+00 0.000000000000000000e+00 0.000000000000000000e+00 0.000000000000000000e+00 0.000000000000000000e+00 0.000000000000000000e+00 0.000000000000000000e+00 0.000000000000000000e+00 0.000000000000000000e+00 0.000000000000000000e+00 0.000000000000000000e+00 0.000000000000000000e+00 0.000000000000000000e+00 0.000000000000000000e+00 0.000000000000000000e+00 0.000000000000000000e+00 0.000000000000000000e+00 1.705611461709022683e-04 0.000000000000000000e+00 1.078399654912110369e-04 0.000000000000000000e+00 0.000000000000000000e+00 4.711795193968901989e-04 2.394022567856053663e-02 0.000000000000000000e+00 2.279834560677897540e-02 0.000000000000000000e+00 0.000000000000000000e+00 1.362583458236816983e-04 1.732409381663113082e-03 0.000000000000000000e+00 0.000000000000000000e+00 0.000000000000000000e+00 0.000000000000000000e+00 0.000000000000000000e+00 7.874015748031495954e-04 0.000000000000000000e+00 7.077856420626896369e-04 0.000000000000000000e+00 1.017293997965411975e-03 0.000000000000000000e+00 0.000000000000000000e+00 0.000000000000000000e+00 0.000000000000000000e+00 0.000000000000000000e+00 0.000000000000000000e+00 0.000000000000000000e+00 0.000000000000000000e+00 0.000000000000000000e+00 0.000000000000000000e+00 0.000000000000000000e+00 0.000000000000000000e+00 0.000000000000000000e+00 0.000000000000000000e+00 0.000000000000000000e+00 0.000000000000000000e+00 0.000000000000000000e+00 0.000000000000000000e+00 0.000000000000000000e+00 0.000000000000000000e+00 0.000000000000000000e+00 0.000000000000000000e+00 0.000000000000000000e+00 0.000000000000000000e+00 0.000000000000000000e+00 0.000000000000000000e+00 0.000000000000000000e+00 0.000000000000000000e+00
1.639058413251961721e-01 2.932551319648093839e-03 2.672584608068478973e-01 9.828009828009827767e-03 1.822937306808274484e-03 1.585162875485456144e-04 0.000000000000000000e+00 2.127192982456140372e-02 3.156996587030716506e-02 4.297520661157024947e-03 1.036954087346024650e-01 1.011333914559721034e-02 2.632313745399162408e-01 8.242787560884225900e-03 1.353846153846153914e-02 1.350256548744261384e-03 2.230068760453447155e-03 2.237637055269635442e-03 2.554143126177024423e-02 1.857406552838024999e-02 0.000000000000000000e+00 0.000000000000000000e+00 2.350722815839094773e-02 1.040335827705785726e-02 1.703577512776831369e-03 8.867868755542418231e-04 0.000000000000000000e+00 0.000000000000000000e+00 1.438365371689743176e-02 3.610108303249097601e-03 8.212475974139437848e-03 1.680542707369719543e-02 6.101518888744644938e-03 1.138113982543214123e-02 6.430868167202572492e-04 0.000000000000000000e+00 5.777961205117622401e-03 0.000000000000000000e+00 0.000000000000000000e+00 4.016064257028112623e-04 0.000000000000000000e+00 0.000000000000000000e+00 1.177163037080635632e-04 0.000000000000000000e+00 2.079667253239481789e-03 0.000000000000000000e+00 4.820825968182548609e-04 0.000000000000000000e+00 1.760845205698735420e-03 0.000000000000000000e+00 8.404112650871703796e-03 9.808729769494851057e-05 2.771789344009855088e-03 0.000000000000000000e+00 4.937010554988082757e-03 0.000000000000000000e+00 2.299687825182102074e-02 6.974473427256241856e-05 6.470165348670021618e-03 1.464986815118663962e-04 4.935965848452508395e-03 0.000000000000000000e+00 4.986400725294650935e-03 1.513546238837596509e-04 1.043679938152299903e-02 0.000000000000000000e+00 4.407443682664055097e-03 5.391998274560552522e-04 1.346412771686862804e-03 0.000000000000000000e+00 8.599026228993246479e-02 1.097895699908508702e-02 2.820224719101123434e-02 6.153535761121759276e-03 4.599999999999999922e-02 1.250000000000000069e-02 4.769042103828859819e-02 3.997867803837953232e-03 0.000000000000000000e+00 0.000000000000000000e+00 1.966568338249754296e-03 0.000000000000000000e+00 8.375209380234505986e-04 0.000000000000000000e+00 8.743274404304380437e-03 0.000000000000000000e+00 7.572889057175311977e-04 0.000000000000000000e+00 1.118602513024823802e-02 1.180776951233911950e-04 0.000000000000000000e+00 0.000000000000000000e+00 2.767017155506363950e-04 0.000000000000000000e+00 5.307050796057619785e-03 0.000000000000000000e+00 6.844626967830253145e-04 0.000000000000000000e+00 0.000000000000000000e+00 0.000000000000000000e+00 0.000000000000000000e+00 0.000000000000000000e+00 0.000000000000000000e+00 0.000000000000000000e+00 4.056795131845841729e-04 4.101722723543888677e-04 0.000000000000000000e+00 0.000000000000000000e+00 0.000000000000000000e+00 1.733102253032928848e-03 0.000000000000000000e+00 0.000000000000000000e+00 0.000000000000000000e+00 0.000000000000000000e+00 0.000000000000000000e+00 0.000000000000000000e+00
3.654970760233917926e-03 1.436403508771929849e-01 8.333333333333333218e-03 2.716374269005847886e-01 1.461988304093567279e-04 5.847953216374269115e-04 2.127192982456140372e-02 0.000000000000000000e+00 2.986348122866894390e-03 8.132231404958677190e-02 5.375139977603583287e-03 1.393199651264167283e-01 7.869018911029318150e-03 2.170600724366179568e-01 1.538461538461538460e-03 1.836348906292195604e-02 1.858390633711206035e-03 5.594092638174088389e-03 1.718455743879472586e-02 1.845869866174434590e-02 0.000000000000000000e+00 0.000000000000000000e+00 2.036455059710873608e-02 5.238182150027377582e-02 4.088586030664395458e-03 0.000000000000000000e+00 1.312335958005249326e-03 0.000000000000000000e+00 3.360666756284446961e-03 6.551678031822436195e-03 1.869648785601956895e-02 2.590194264569842600e-02 5.452421134622874310e-03 1.976724285469792786e-02 0.000000000000000000e+00 3.565970453387671928e-03 1.238134543953776229e-03 6.101938262742283119e-03 0.000000000000000000e+00 1.204819277108433841e-03 0.000000000000000000e+00 0.000000000000000000e+00 0.000000000000000000e+00 9.910802775024776530e-05 0.000000000000000000e+00 1.847361736520032301e-03 0.000000000000000000e+00 7.412898443291326619e-04 0.000000000000000000e+00 2.656042496679946689e-03 8.940545373267769333e-05 3.825404610102991695e-03 0.000000000000000000e+00 5.947660586835844037e-04 0.000000000000000000e+00 3.485254691689007849e-03 5.202913631633715365e-04 1.806388617659366799e-02 7.189072609633357595e-04 7.617931438617052062e-03 4.002134471718249713e-04 1.014492753623188331e-02 2.266545784224841334e-04 3.329801725442712267e-03 0.000000000000000000e+00 7.845812723861504343e-03 9.794319294809011086e-04 5.607678205542974623e-03 1.346412771686862804e-03 1.516070345664038846e-03 1.028741950683210310e-02 1.024702653247941408e-01 3.595505617977528233e-03 3.096943407646524787e-02 4.000000000000000083e-03 2.500000000000000139e-02 6.131625562065676910e-03 2.825159914712153594e-02 0.000000000000000000e+00 1.886792452830188694e-03 0.000000000000000000e+00 1.173425366695427137e-02 0.000000000000000000e+00 0.000000000000000000e+00 0.000000000000000000e+00 1.172901921132457094e-02 0.000000000000000000e+00 0.000000000000000000e+00 0.000000000000000000e+00 2.149014051245719606e-02 3.129890453834115551e-04 1.605136436597110741e-03 5.534034311012727900e-04 0.000000000000000000e+00 0.000000000000000000e+00 2.328288707799767120e-03 6.844626967830253145e-04 0.000000000000000000e+00 0.000000000000000000e+00 0.000000000000000000e+00 0.000000000000000000e+00 0.000000000000000000e+00 4.285408185129633402e-04 5.617977528089888135e-04 0.000000000000000000e+00 2.050861361771944176e-03 0.000000000000000000e+00 0.000000000000000000e+00 0.000000000000000000e+00 1.733102253032928848e-03 0.000000000000000000e+00 0.000000000000000000e+00 0.000000000000000000e+00 0.000000000000000000e+00 0.000000000000000000e+00 1.400560224089635866e-03
2.133105802047781645e-03 0.000000000000000000e+00 1.407849829351535791e-02 4.266211604095563182e-04 3.831058020477815518e-01 4.266211604095563182e-04 3.156996587030716506e-02 2.986348122866894390e-03 0.000000000000000000e+00 1.652892561983471034e-03 2.239641657334826550e-04 0.000000000000000000e+00 1.472268054321614408e-02 1.248907206194579641e-04 1.843076923076923113e-01 2.700513097488522660e-04 1.858390633711206144e-04 0.000000000000000000e+00 2.354048964218455645e-04 0.000000000000000000e+00 6.572769953051642820e-03 0.000000000000000000e+00 1.634192331866750466e-03 9.125752874612155265e-04 4.770017035775128179e-03 2.660360626662725252e-03 6.233595800524934297e-03 3.332222592469177044e-04 1.317381368463503219e-02 0.000000000000000000e+00 8.736676568233443666e-04 3.083564600678383996e-04 0.000000000000000000e+00 0.000000000000000000e+00 0.000000000000000000e+00 0.000000000000000000e+00 4.127115146512587971e-04 0.000000000000000000e+00 0.000000000000000000e+00 0.000000000000000000e+00 0.000000000000000000e+00 0.000000000000000000e+00 0.000000000000000000e+00 0.000000000000000000e+00 0.000000000000000000e+00 0.000000000000000000e+00 3.213883978788365740e-04 0.000000000000000000e+00 3.201536737634064450e-04 0.000000000000000000e+00 3.576218149307107733e-04 0.000000000000000000e+00 0.000000000000000000e+00 0.000000000000000000e+00 0.000000000000000000e+00 0.000000000000000000e+00 4.162330905306972076e-04 0.000000000000000000e+00 0.000000000000000000e+00 0.000000000000000000e+00 4.002134471718249713e-04 0.000000000000000000e+00 4.533091568449682668e-04 0.000000000000000000e+00 3.865481252415925548e-04 0.000000000000000000e+00 9.794319294809010273e-05 0.000000000000000000e+00 0.000000000000000000e+00 0.000000000000000000e+00 7.931521909847652485e-03 2.287282708142726552e-04 2.471910112359550563e-02 0.000000000000000000e+00 1.400000000000000029e-02 0.000000000000000000e+00 6.676658945360403052e-03 0.000000000000000000e+00 0.000000000000000000e+00 0.000000000000000000e+00 2.458210422812192870e-04 0.000000000000000000e+00 0.000000000000000000e+00 0.000000000000000000e+00 6.725595695618755100e-04 0.000000000000000000e+00 0.000000000000000000e+00 0.000000000000000000e+00 9.193993257738277249e-04 0.000000000000000000e+00 0.000000000000000000e+00 0.000000000000000000e+00 0.000000000000000000e+00 0.000000000000000000e+00 7.581501137225170502e-04 0.000000000000000000e+00 0.000000000000000000e+00 0.000000000000000000e+00 0.000000000000000000e+00 0.000000000000000000e+00 0.000000000000000000e+00 0.000000000000000000e+00 0.000000000000000000e+00 0.000000000000000000e+00 4.056795131845841729e-04 0.000000000000000000e+00 0.000000000000000000e+00 0.000000000000000000e+00 0.000000000000000000e+00 0.000000000000000000e+00 0.000000000000000000e+00 0.000000000000000000e+00 0.000000000000000000e+00 0.000000000000000000e+00 0.000000000000000000e+00 0.000000000000000000e+00
6.611570247933884785e-04 4.297520661157024947e-03 3.636363636363636360e-03 1.421487603305785115e-02 4.297520661157024947e-03 8.165289256198346446e-02 4.297520661157024947e-03 8.132231404958677190e-02 1.652892561983471034e-03 0.000000000000000000e+00 0.000000000000000000e+00 3.661726242371403459e-03 1.015357278842492651e-03 3.184713375796178331e-02 1.538461538461538460e-03 2.749122333243316230e-01 0.000000000000000000e+00 4.475274110539270342e-04 1.177024482109227823e-04 4.614674665436086691e-04 0.000000000000000000e+00 1.742551995503091589e-02 2.639849151477058429e-03 9.673298047088885188e-03 1.158432708688245279e-02 1.005025125628140718e-02 3.937007874015747977e-03 6.331222925691435896e-03 1.344266702513778806e-04 2.179435753442973689e-02 9.610344225056789008e-03 6.938020351526364045e-03 0.000000000000000000e+00 5.990073592332705510e-04 0.000000000000000000e+00 0.000000000000000000e+00 0.000000000000000000e+00 7.178750897343862429e-04 0.000000000000000000e+00 0.000000000000000000e+00 0.000000000000000000e+00 0.000000000000000000e+00 0.000000000000000000e+00 0.000000000000000000e+00 0.000000000000000000e+00 0.000000000000000000e+00 0.000000000000000000e+00 1.235483073881887860e-04 0.000000000000000000e+00 9.485866059571238754e-05 0.000000000000000000e+00 9.808729769494851057e-05 0.000000000000000000e+00 0.000000000000000000e+00 0.000000000000000000e+00 1.340482573726541689e-04 0.000000000000000000e+00 4.184684056353745385e-04 0.000000000000000000e+00 0.000000000000000000e+00 0.000000000000000000e+00 0.000000000000000000e+00 0.000000000000000000e+00 0.000000000000000000e+00 0.000000000000000000e+00 0.000000000000000000e+00 0.000000000000000000e+00 2.156799309824220738e-04 0.000000000000000000e+00 3.032140691328077692e-04 3.926495994974084900e-04 2.081427264409881073e-02 5.617977528089888135e-04 2.703520629476445156e-02 2.000000000000000042e-03 1.250000000000000069e-02 1.362583458236816983e-04 4.930703624733475711e-03 0.000000000000000000e+00 0.000000000000000000e+00 0.000000000000000000e+00 1.553062985332182835e-03 0.000000000000000000e+00 0.000000000000000000e+00 0.000000000000000000e+00 7.077856420626896369e-04 0.000000000000000000e+00 5.086469989827059873e-04 0.000000000000000000e+00 1.653087731727476703e-03 0.000000000000000000e+00 0.000000000000000000e+00 0.000000000000000000e+00 2.932551319648093839e-04 0.000000000000000000e+00 0.000000000000000000e+00 0.000000000000000000e+00 0.000000000000000000e+00 0.000000000000000000e+00 0.000000000000000000e+00 0.000000000000000000e+00 0.000000000000000000e+00 0.000000000000000000e+00 2.808988764044944068e-04 0.000000000000000000e+00 4.101722723543888677e-04 0.000000000000000000e+00 0.000000000000000000e+00 0.000000000000000000e+00 0.000000000000000000e+00 0.000000000000000000e+00 0.000000000000000000e+00 0.000000000000000000e+00 7.490636704119850485e-04 0.000000000000000000e+00 0.000000000000000000e+00
2.365061590145576820e-01 1.567749160134378423e-03 2.329227323628219395e-02 3.583426651735722480e-03 0.000000000000000000e+00 0.000000000000000000e+00 1.036954087346024650e-01 5.375139977603583287e-03 2.239641657334826550e-04 0.000000000000000000e+00 0.000000000000000000e+00 3.487358326068003733e-04 1.163853280873207302e-01 2.497814412389159282e-04 1.846153846153846109e-03 2.700513097488522660e-04 3.586693923062627548e-02 0.000000000000000000e+00 1.212335216572504697e-02 2.538071065989847518e-03 0.000000000000000000e+00 0.000000000000000000e+00 2.388434946574481601e-03 5.475451724767293809e-04 0.000000000000000000e+00 0.000000000000000000e+00 0.000000000000000000e+00 0.000000000000000000e+00 6.667562844468342964e-02 2.674154298703035381e-04 3.494670627293377358e-04 1.079247610237434561e-03 1.168375957419187259e-03 3.422899195618688863e-04 6.430868167202572492e-04 0.000000000000000000e+00 1.031778786628146857e-03 1.794687724335965607e-04 1.256281407035175898e-03 0.000000000000000000e+00 0.000000000000000000e+00 0.000000000000000000e+00 1.177163037080635632e-04 0.000000000000000000e+00 0.000000000000000000e+00 0.000000000000000000e+00 0.000000000000000000e+00 0.000000000000000000e+00 1.600768368817032225e-04 0.000000000000000000e+00 1.966919982118909335e-03 0.000000000000000000e+00 1.231906375115491246e-03 0.000000000000000000e+00 2.213142662580864714e-03 0.000000000000000000e+00 8.844953173777314603e-03 6.974473427256241856e-05 4.744787922358015796e-03 1.464986815118663962e-04 1.760939167556029722e-02 0.000000000000000000e+00 9.746146872166818603e-03 0.000000000000000000e+00 9.856977193660611258e-03 0.000000000000000000e+00 1.469147894221351554e-03 2.156799309824220738e-04 3.846893633391036660e-04 3.032140691328077692e-04 3.266844667818438741e-02 1.143641354071363303e-03 3.820224719101123802e-03 6.052658125693533963e-04 0.000000000000000000e+00 0.000000000000000000e+00 4.769042103828859819e-03 3.997867803837953015e-04 0.000000000000000000e+00 0.000000000000000000e+00 1.720747295968534955e-03 0.000000000000000000e+00 0.000000000000000000e+00 0.000000000000000000e+00 4.227517294388931715e-03 0.000000000000000000e+00 3.786444528587655988e-04 0.000000000000000000e+00 3.064664419246092633e-03 0.000000000000000000e+00 0.000000000000000000e+00 0.000000000000000000e+00 0.000000000000000000e+00 0.000000000000000000e+00 7.581501137225170502e-04 1.164144353899883560e-03 0.000000000000000000e+00 0.000000000000000000e+00 0.000000000000000000e+00 0.000000000000000000e+00 0.000000000000000000e+00 0.000000000000000000e+00 0.000000000000000000e+00 0.000000000000000000e+00 0.000000000000000000e+00 0.000000000000000000e+00 0.000000000000000000e+00 0.000000000000000000e+00 0.000000000000000000e+00 0.000000000000000000e+00 0.000000000000000000e+00 0.000000000000000000e+00 0.000000000000000000e+00 0.000000000000000000e+00 0.000000000000000000e+00 0.000000000000000000e+00
1.394943330427201493e-03 1.074106364428945026e-01 2.789886660854402987e-03 3.103748910200523209e-02 0.000000000000000000e+00 0.000000000000000000e+00 1.011333914559721034e-02 1.393199651264167283e-01 0.000000000000000000e+00 3.661726242371403459e-03 3.487358326068003733e-04 0.000000000000000000e+00 2.538393197106231626e-04 1.959535406519295753e-01 0.000000000000000000e+00 5.401026194977045537e-03 1.858390633711206144e-04 6.489147460281942392e-02 4.825800376647834330e-03 1.915089986155976004e-02 0.000000000000000000e+00 0.000000000000000000e+00 1.131363922061596377e-03 4.380361379813835047e-03 0.000000000000000000e+00 0.000000000000000000e+00 0.000000000000000000e+00 0.000000000000000000e+00 8.065600215082672836e-04 5.548870169808797770e-02 1.397868250917350943e-03 7.708911501695960532e-04 6.490977541217707357e-04 1.292144446346055187e-02 0.000000000000000000e+00 5.094243504839531325e-04 4.127115146512587971e-04 7.178750897343862429e-04 0.000000000000000000e+00 8.032128514056225245e-04 0.000000000000000000e+00 0.000000000000000000e+00 0.000000000000000000e+00 0.000000000000000000e+00 0.000000000000000000e+00 1.154601085325020188e-04 0.000000000000000000e+00 2.470966147763775721e-04 0.000000000000000000e+00 1.897173211914247751e-04 0.000000000000000000e+00 9.808729769494851057e-05 0.000000000000000000e+00 0.000000000000000000e+00 0.000000000000000000e+00 9.383378016085791281e-04 1.040582726326743019e-04 1.332124424605942228e-02 1.437814521926671519e-04 1.318488133606797539e-03 2.668089647812166656e-04 4.891304347826087341e-03 0.000000000000000000e+00 1.634629937944604219e-02 0.000000000000000000e+00 5.287395531297970318e-03 1.958863858961802055e-04 8.627197239296882951e-04 3.846893633391036660e-04 6.064281382656155385e-04 2.591487356682896284e-03 3.560536749008844093e-02 4.494382022471910291e-04 5.346514677695955037e-03 0.000000000000000000e+00 0.000000000000000000e+00 1.362583458236817091e-03 2.531982942430703685e-03 0.000000000000000000e+00 1.886792452830188694e-03 0.000000000000000000e+00 2.364106988783434143e-02 0.000000000000000000e+00 0.000000000000000000e+00 0.000000000000000000e+00 7.077856420626895718e-03 0.000000000000000000e+00 0.000000000000000000e+00 0.000000000000000000e+00 1.405124571968355100e-02 3.129890453834115551e-04 0.000000000000000000e+00 0.000000000000000000e+00 0.000000000000000000e+00 0.000000000000000000e+00 0.000000000000000000e+00 0.000000000000000000e+00 0.000000000000000000e+00 0.000000000000000000e+00 0.000000000000000000e+00 6.082725060827250769e-04 0.000000000000000000e+00 2.142704092564816701e-04 5.617977528089888135e-04 0.000000000000000000e+00 4.101722723543888677e-04 0.000000000000000000e+00 0.000000000000000000e+00 0.000000000000000000e+00 0.000000000000000000e+00 0.000000000000000000e+00 0.000000000000000000e+00 0.000000000000000000e+00 0.000000000000000000e+00 0.000000000000000000e+00 0.000000000000000000e+00
4.987942632313745184e-02 0.000000000000000000e+00 4.937174768371620920e-02 4.188348775225282129e-03 1.903794897829673774e-03 5.076786394212463253e-04 2.632313745399162408e-01 7.869018911029318150e-03 1.472268054321614408e-02 1.015357278842492651e-03 1.163853280873207302e-01 2.538393197106231626e-04 0.000000000000000000e+00 3.496940177344823319e-03 2.076923076923077038e-01 8.101539292465568523e-04 4.645976584278015305e-03 0.000000000000000000e+00 4.472693032015065753e-03 4.614674665436086691e-04 4.694835680751173598e-04 0.000000000000000000e+00 3.142677561282212345e-02 4.197846322321591161e-03 1.022146507666098865e-03 1.182382500738989170e-03 0.000000000000000000e+00 0.000000000000000000e+00 7.971501545906707620e-02 6.685385746757587910e-04 7.688275380045430513e-03 6.167129201356768425e-03 1.947293262365312316e-03 6.845798391237377725e-04 0.000000000000000000e+00 0.000000000000000000e+00 1.857201815930664560e-03 1.794687724335965607e-04 0.000000000000000000e+00 0.000000000000000000e+00 0.000000000000000000e+00 0.000000000000000000e+00 1.177163037080635632e-04 0.000000000000000000e+00 0.000000000000000000e+00 0.000000000000000000e+00 1.606941989394182870e-04 0.000000000000000000e+00 1.600768368817032225e-04 0.000000000000000000e+00 4.649083594099240324e-03 0.000000000000000000e+00 4.003695719125346768e-03 0.000000000000000000e+00 4.256043581886278897e-03 0.000000000000000000e+00 7.075962539021852203e-03 0.000000000000000000e+00 4.888569374550682731e-03 0.000000000000000000e+00 1.814300960512273131e-02 0.000000000000000000e+00 1.518585675430643780e-02 0.000000000000000000e+00 1.681484344800927844e-02 0.000000000000000000e+00 1.371204701273261465e-03 0.000000000000000000e+00 7.693787266782073321e-04 3.032140691328077692e-04 7.044133814983508102e-02 4.193351631594998200e-03 1.629213483146067440e-02 1.513164531423383382e-03 3.200000000000000067e-02 0.000000000000000000e+00 2.357269382749693429e-02 5.330490405117270687e-04 0.000000000000000000e+00 0.000000000000000000e+00 5.530973451327433552e-03 0.000000000000000000e+00 0.000000000000000000e+00 0.000000000000000000e+00 1.383551114527286664e-02 0.000000000000000000e+00 0.000000000000000000e+00 0.000000000000000000e+00 1.425068954949433066e-02 0.000000000000000000e+00 0.000000000000000000e+00 3.210272873194221482e-04 0.000000000000000000e+00 2.932551319648093839e-04 2.274450341167551150e-03 0.000000000000000000e+00 0.000000000000000000e+00 0.000000000000000000e+00 0.000000000000000000e+00 0.000000000000000000e+00 0.000000000000000000e+00 0.000000000000000000e+00 0.000000000000000000e+00 0.000000000000000000e+00 4.056795131845841729e-04 0.000000000000000000e+00 0.000000000000000000e+00 0.000000000000000000e+00 0.000000000000000000e+00 0.000000000000000000e+00 0.000000000000000000e+00 0.000000000000000000e+00 0.000000000000000000e+00 0.000000000000000000e+00 0.000000000000000000e+00 0.000000000000000000e+00
