0.000000000000000000e+00 1.986901986901986814e-02 7.894736842105262720e-02 4.602057390362750480e-03 4.055150040551500513e-04 0.000000000000000000e+00 1.929708222811671037e-01 7.441860465116279487e-03 7.518796992481202590e-03 0.000000000000000000e+00 3.217953594522632299e-01 1.357159013797783371e-03 2.842377260981912221e-02 4.650081376424087458e-04 4.957858205255329977e-03 0.000000000000000000e+00 1.243133265513733515e-01 2.716336825766395117e-03 5.192022416350750014e-02 1.628664495114006544e-02 0.000000000000000000e+00 0.000000000000000000e+00 5.888376856118792031e-03 3.071253071253071177e-04 0.000000000000000000e+00 0.000000000000000000e+00 0.000000000000000000e+00 0.000000000000000000e+00 6.110901546586194194e-02 2.029941639177873774e-03 6.391632771644392870e-03 0.000000000000000000e+00 2.674619973061381425e-02 1.009099918911613575e-02 8.543357539513028774e-04 1.351351351351351426e-03 8.333333333333332871e-02 1.318391562294001212e-03 1.453488372093023236e-03 0.000000000000000000e+00 2.500000000000000139e-02 0.000000000000000000e+00 3.410641200545702612e-04 0.000000000000000000e+00 3.970354685018528604e-03 1.025535842477694594e-04 0.000000000000000000e+00 0.000000000000000000e+00 1.142414560944912325e-02 6.097932800780535170e-05 2.522185894441849457e-02 7.065140596297865875e-05 0.000000000000000000e+00 0.000000000000000000e+00 5.827210539650367130e-03 1.938735944164404724e-04 2.529504327301337341e-01 1.316261816441306699e-03 7.445231428100806959e-02 1.098780353807273945e-04 1.083051288726894074e-01 0.000000000000000000e+00 2.267414679756895798e-02 3.361909564632711519e-04 5.986090412319920728e-02 1.195743154370441241e-04 9.612886464016628246e-03 5.645889792231255280e-04 1.430143014301430149e-01 6.028636021100226144e-03 1.821192052980132384e-02 3.917471924784539372e-03 6.483611270845313079e-02 3.472624146313230738e-03 9.925558312655086840e-03 0.000000000000000000e+00 6.081989247311828106e-02 2.701333783555630742e-03 3.831417624521072599e-03 0.000000000000000000e+00 7.829030892932712857e-03 2.700513097488522660e-04 2.066115702479338900e-03 0.000000000000000000e+00 4.681794470526864926e-02 0.000000000000000000e+00 1.953125000000000000e-03 0.000000000000000000e+00 2.007434944237918364e-02 0.000000000000000000e+00 4.705882352941176058e-03 3.161555485298767239e-04 0.000000000000000000e+00 1.729106628242074901e-03 4.739336492890994929e-02 0.000000000000000000e+00 6.263048016701461621e-03 0.000000000000000000e+00 6.802721088435373679e-04 0.000000000000000000e+00 0.000000000000000000e+00 0.000000000000000000e+00 4.110996916752312526e-03 3.561887800534283303e-04 8.213552361396304208e-03 3.169572107765451785e-04 3.278688524590163932e-03 0.000000000000000000e+00 0.000000000000000000e+00 0.000000000000000000e+00 0.000000000000000000e+00 0.000000000000000000e+00 0.000000000000000000e+00 0.000000000000000000e+00 0.000000000000000000e+00 0.000000000000000000e+00
1.986901986901986814e-02 0.000000000000000000e+00 5.089374379344587668e-03 5.089334055224688930e-02 0.000000000000000000e+00 5.302226935312831903e-04 2.431476569407604090e-03 1.830697674418604592e-01 0.000000000000000000e+00 7.441860465116279487e-03 3.803727653100038154e-04 8.052476815200181048e-02 0.000000000000000000e+00 2.394791908858405136e-02 0.000000000000000000e+00 3.789314134141720308e-04 2.644964394710071134e-03 3.550640279394644966e-02 3.741552661941651564e-02 1.058028712751839795e-01 0.000000000000000000e+00 0.000000000000000000e+00 2.560163850486431129e-04 0.000000000000000000e+00 0.000000000000000000e+00 0.000000000000000000e+00 0.000000000000000000e+00 0.000000000000000000e+00 2.074688796680497927e-03 3.501649327581832227e-02 2.324230098779779107e-03 7.221954742416947627e-04 1.558591495093323079e-02 2.775024777006937504e-02 0.000000000000000000e+00 9.009009009009009148e-04 2.688172043010752903e-03 3.823335530652603731e-02 0.000000000000000000e+00 3.846153846153846367e-03 0.000000000000000000e+00 0.000000000000000000e+00 0.000000000000000000e+00 1.763668430335097121e-04 0.000000000000000000e+00 2.358732437698697702e-03 0.000000000000000000e+00 0.000000000000000000e+00 0.000000000000000000e+00 7.134581376913226407e-03 9.341429238673516820e-05 1.398897838066977609e-02 0.000000000000000000e+00 0.000000000000000000e+00 0.000000000000000000e+00 9.693679720822024433e-04 3.737214791502753951e-03 1.883450999162378792e-01 1.647175094712567830e-04 3.241402043731458210e-02 0.000000000000000000e+00 6.295098283155013685e-02 0.000000000000000000e+00 3.277861825516893701e-02 0.000000000000000000e+00 3.969867272509865208e-02 1.299038711353598394e-03 1.095302619692863598e-02 1.320132013201320148e-02 6.455664405928158989e-02 3.311258278145695361e-04 8.148341603551841061e-02 1.868890166762507236e-03 5.058455839796272696e-02 0.000000000000000000e+00 3.152364273204903700e-02 2.688172043010752903e-03 4.271484045247340988e-02 0.000000000000000000e+00 0.000000000000000000e+00 4.231908590774439397e-04 1.539292465568458008e-02 0.000000000000000000e+00 0.000000000000000000e+00 3.912363067292644846e-04 3.438697318007662845e-02 0.000000000000000000e+00 2.781641168289290551e-03 0.000000000000000000e+00 5.514705882352941534e-03 2.941176470588235036e-04 5.058488776478027582e-03 0.000000000000000000e+00 3.458213256484149803e-03 2.369668246445497811e-03 0.000000000000000000e+00 2.087682672233820251e-03 2.369668246445497811e-03 0.000000000000000000e+00 7.712082262210796790e-03 0.000000000000000000e+00 2.496878901373283423e-03 1.027749229188078131e-03 1.959038290293855546e-03 4.106776180698151887e-04 1.267828843106180714e-03 1.092896174863387977e-03 3.906250000000000000e-03 0.000000000000000000e+00 0.000000000000000000e+00 0.000000000000000000e+00 0.000000000000000000e+00 0.000000000000000000e+00 0.000000000000000000e+00 2.188183807439824866e-03 0.000000000000000000e+00
7.894736842105262720e-02 5.089374379344587668e-03 0.000000000000000000e+00 9.474824038982133240e-03 4.010543390105433814e-01 2.120890774125132761e-03 2.241379310344827624e-01 2.474418604651162923e-02 4.928989139515455031e-02 2.790697674418604699e-03 6.922784328642068996e-02 3.166704365528160911e-03 1.253229974160206817e-01 9.067658684026969756e-03 5.205751115518095912e-02 8.336491095111784461e-03 2.075279755849440341e-02 1.940240589833139339e-03 1.147189714850832404e-01 8.806852455060923401e-03 0.000000000000000000e+00 0.000000000000000000e+00 2.524321556579621206e-01 1.074938574938574982e-02 1.510574018126888216e-03 2.361275088547815700e-03 4.938271604938271504e-03 0.000000000000000000e+00 3.677857412297245998e-02 3.552397868561278996e-03 4.532248692620569758e-02 3.225806451612903136e-02 7.311910717721762688e-03 6.036579872060546421e-03 2.990175138829560125e-03 4.504504504504504574e-04 1.075268817204301161e-02 0.000000000000000000e+00 1.453488372093023236e-03 0.000000000000000000e+00 0.000000000000000000e+00 0.000000000000000000e+00 2.273760800363801651e-04 0.000000000000000000e+00 1.455796717840127054e-03 0.000000000000000000e+00 1.759324419422941572e-04 0.000000000000000000e+00 2.517184625810823737e-03 0.000000000000000000e+00 1.774871555347968264e-03 0.000000000000000000e+00 5.221932114882506379e-04 0.000000000000000000e+00 5.067139599695971936e-04 0.000000000000000000e+00 9.047993705743509474e-03 3.589804953930836600e-04 1.021248558721792044e-02 2.197560707614547889e-04 3.124186409789117286e-03 4.976362279173924012e-04 2.103786816269284654e-03 0.000000000000000000e+00 3.974167908594138099e-03 1.195743154370441241e-04 1.021910452931497348e-02 1.129177958446251083e-04 4.180418041804180758e-03 0.000000000000000000e+00 2.682119205298013134e-02 3.133977539827631411e-03 9.617596319723979714e-02 6.829494154416020091e-03 1.042183622828784205e-02 8.756567425569176943e-04 1.033266129032258118e-01 3.883167313861219001e-03 0.000000000000000000e+00 0.000000000000000000e+00 3.597122302158273568e-03 0.000000000000000000e+00 0.000000000000000000e+00 0.000000000000000000e+00 4.955659885237349849e-03 0.000000000000000000e+00 1.953125000000000000e-03 0.000000000000000000e+00 1.486988847583643096e-03 0.000000000000000000e+00 4.411764705882352880e-03 1.580777742649383403e-03 1.547987616099071300e-03 5.763688760806916700e-04 4.028436018957345932e-02 0.000000000000000000e+00 0.000000000000000000e+00 0.000000000000000000e+00 1.360544217687074736e-03 0.000000000000000000e+00 6.993006993006993001e-03 1.248439450686641711e-03 6.423432682425488267e-03 3.561887800534283303e-04 6.981519507186857883e-03 9.508716323296355355e-04 0.000000000000000000e+00 0.000000000000000000e+00 0.000000000000000000e+00 0.000000000000000000e+00 1.890359168241966025e-03 3.215434083601286137e-03 0.000000000000000000e+00 0.000000000000000000e+00 0.000000000000000000e+00 0.000000000000000000e+00
4.602057390362750480e-03 5.089334055224688930e-02 9.474824038982133240e-03 0.000000000000000000e+00 1.622060016220600205e-03 1.961823966065747576e-02 1.547303271441202548e-02 1.434418604651162832e-01 8.354218880534669545e-04 2.790697674418604612e-02 7.227082540890072439e-03 6.491743949332730301e-02 7.321274763135228632e-03 4.673331783306208104e-02 9.915716410510658652e-04 3.561955286093217155e-02 1.220752797558494369e-03 4.384943733022894641e-02 6.593044338223174455e-03 1.029074677283146333e-01 0.000000000000000000e+00 0.000000000000000000e+00 2.124935995903737967e-02 2.585995085995085874e-01 9.063444108761330165e-03 2.833530106257379014e-02 2.469135802469135752e-03 5.793742757821553069e-03 3.017729158807996945e-03 3.400152245622937996e-02 3.893085415456130211e-02 1.398651901781415574e-01 7.696748123917645026e-03 3.090368501666816703e-02 4.271678769756514387e-04 9.009009009009009148e-04 0.000000000000000000e+00 3.757415952537903475e-02 0.000000000000000000e+00 9.615384615384615918e-04 0.000000000000000000e+00 0.000000000000000000e+00 0.000000000000000000e+00 8.818342151675485604e-05 0.000000000000000000e+00 1.845964516459850215e-03 0.000000000000000000e+00 0.000000000000000000e+00 0.000000000000000000e+00 5.610098176718092411e-03 9.341429238673516820e-05 3.956478733926804998e-03 0.000000000000000000e+00 0.000000000000000000e+00 0.000000000000000000e+00 0.000000000000000000e+00 3.933910306845003930e-04 7.299270072992700489e-03 3.294350189425135659e-04 1.911877815624656723e-02 2.603488674824264767e-04 2.239363025628265860e-03 0.000000000000000000e+00 2.185241217011262352e-03 2.483854942871336312e-04 4.663398302044720854e-03 0.000000000000000000e+00 1.242095754290876292e-02 2.200220022002200156e-04 9.545340366742025018e-03 9.933774834437086084e-04 2.219900757377905529e-02 2.587694077055779050e-03 9.306632712119458639e-02 0.000000000000000000e+00 5.253940455341506166e-03 1.680107526881720456e-03 6.584501097416849136e-02 0.000000000000000000e+00 0.000000000000000000e+00 0.000000000000000000e+00 2.970564407237375089e-03 0.000000000000000000e+00 0.000000000000000000e+00 0.000000000000000000e+00 2.490421455938697428e-03 0.000000000000000000e+00 0.000000000000000000e+00 0.000000000000000000e+00 6.684491978609625280e-04 1.176470588235294015e-03 2.845399936768890081e-03 0.000000000000000000e+00 5.763688760806916700e-04 9.478672985781991245e-03 0.000000000000000000e+00 1.391788448155880384e-03 2.369668246445497811e-03 1.360544217687074736e-03 4.284490145672665076e-03 0.000000000000000000e+00 1.248439450686641711e-03 2.312435765673175742e-03 1.959038290293855546e-03 2.464065708418891349e-03 1.267828843106180714e-03 2.185792349726775954e-03 7.812500000000000434e-04 0.000000000000000000e+00 0.000000000000000000e+00 9.451795841209830124e-04 0.000000000000000000e+00 0.000000000000000000e+00 0.000000000000000000e+00 0.000000000000000000e+00 0.000000000000000000e+00
4.055150040551500513e-04 0.000000000000000000e+00 4.010543390105433814e-01 1.622060016220600205e-03 0.000000000000000000e+00 2.651113467656415843e-03 4.420866489832006845e-04 0.000000000000000000e+00 2.280701754385964786e-01 1.860465116279069872e-03 3.803727653100038154e-04 2.261931689662972195e-04 4.306632213608957795e-04 2.325040688212043729e-04 1.779871095686663407e-01 0.000000000000000000e+00 2.034587995930823949e-04 0.000000000000000000e+00 1.318608867644634934e-03 0.000000000000000000e+00 3.656307129798903096e-03 0.000000000000000000e+00 1.280081925243215651e-02 1.228501228501228471e-03 6.646525679758308325e-02 1.534828807556080227e-02 1.271604938271604923e-01 2.317497103128621054e-03 3.206337231233496836e-03 0.000000000000000000e+00 2.324230098779779107e-03 1.203659123736157974e-03 1.924187030979411148e-04 0.000000000000000000e+00 0.000000000000000000e+00 0.000000000000000000e+00 6.720430107526882257e-04 0.000000000000000000e+00 0.000000000000000000e+00 0.000000000000000000e+00 0.000000000000000000e+00 0.000000000000000000e+00 0.000000000000000000e+00 0.000000000000000000e+00 0.000000000000000000e+00 0.000000000000000000e+00 5.277973258268824986e-04 0.000000000000000000e+00 9.681479330041630903e-05 0.000000000000000000e+00 9.341429238673516820e-05 0.000000000000000000e+00 0.000000000000000000e+00 0.000000000000000000e+00 5.067139599695971936e-04 0.000000000000000000e+00 0.000000000000000000e+00 0.000000000000000000e+00 0.000000000000000000e+00 0.000000000000000000e+00 0.000000000000000000e+00 0.000000000000000000e+00 0.000000000000000000e+00 0.000000000000000000e+00 0.000000000000000000e+00 0.000000000000000000e+00 0.000000000000000000e+00 0.000000000000000000e+00 0.000000000000000000e+00 0.000000000000000000e+00 4.238410596026490063e-02 2.611647949856359509e-04 3.565267395054629029e-02 1.157541382104410201e-04 2.382133995037220842e-02 0.000000000000000000e+00 3.360215053763440912e-03 3.376667229444538427e-04 0.000000000000000000e+00 0.000000000000000000e+00 0.000000000000000000e+00 0.000000000000000000e+00 2.066115702479338900e-03 0.000000000000000000e+00 7.824726134585289691e-04 0.000000000000000000e+00 3.906250000000000000e-03 0.000000000000000000e+00 0.000000000000000000e+00 0.000000000000000000e+00 0.000000000000000000e+00 0.000000000000000000e+00 0.000000000000000000e+00 0.000000000000000000e+00 4.739336492890995622e-03 0.000000000000000000e+00 0.000000000000000000e+00 0.000000000000000000e+00 6.802721088435373679e-04 0.000000000000000000e+00 0.000000000000000000e+00 0.000000000000000000e+00 0.000000000000000000e+00 0.000000000000000000e+00 0.000000000000000000e+00 0.000000000000000000e+00 0.000000000000000000e+00 0.000000000000000000e+00 0.000000000000000000e+00 0.000000000000000000e+00 0.000000000000000000e+00 0.000000000000000000e+00 0.000000000000000000e+00 0.000000000000000000e+00 0.000000000000000000e+00 0.000000000000000000e+00
0.000000000000000000e+00 5.302226935312831903e-04 2.120890774125132761e-03 1.961823966065747576e-02 2.651113467656415843e-03 0.000000000000000000e+00 0.000000000000000000e+00 2.790697674418604699e-03 0.000000000000000000e+00 1.125581395348837221e-01 0.000000000000000000e+00 0.000000000000000000e+00 0.000000000000000000e+00 2.092536619390839275e-03 0.000000000000000000e+00 1.280788177339901579e-01 0.000000000000000000e+00 0.000000000000000000e+00 0.000000000000000000e+00 2.412836289057787326e-04 5.484460694698354427e-03 0.000000000000000000e+00 1.280081925243215565e-03 4.821867321867322198e-02 4.531722054380665082e-03 1.865407319952774590e-01 9.876543209876543009e-03 1.755504055619930559e-01 0.000000000000000000e+00 1.776198934280639498e-03 1.510749564206856528e-02 1.733269138180067517e-02 0.000000000000000000e+00 8.108838634111180822e-04 0.000000000000000000e+00 0.000000000000000000e+00 0.000000000000000000e+00 0.000000000000000000e+00 0.000000000000000000e+00 0.000000000000000000e+00 0.000000000000000000e+00 0.000000000000000000e+00 0.000000000000000000e+00 0.000000000000000000e+00 0.000000000000000000e+00 0.000000000000000000e+00 0.000000000000000000e+00 1.832508704416346054e-04 0.000000000000000000e+00 0.000000000000000000e+00 0.000000000000000000e+00 0.000000000000000000e+00 0.000000000000000000e+00 0.000000000000000000e+00 0.000000000000000000e+00 0.000000000000000000e+00 0.000000000000000000e+00 1.196601651310278867e-04 0.000000000000000000e+00 0.000000000000000000e+00 0.000000000000000000e+00 0.000000000000000000e+00 0.000000000000000000e+00 0.000000000000000000e+00 0.000000000000000000e+00 0.000000000000000000e+00 0.000000000000000000e+00 1.129177958446251083e-04 0.000000000000000000e+00 0.000000000000000000e+00 1.986754966887417217e-03 3.891355445285975267e-02 1.437607820586544007e-04 4.560713045491376211e-02 0.000000000000000000e+00 1.050788091068301233e-02 1.680107526881720564e-04 3.883167313861219001e-03 0.000000000000000000e+00 0.000000000000000000e+00 0.000000000000000000e+00 0.000000000000000000e+00 0.000000000000000000e+00 0.000000000000000000e+00 0.000000000000000000e+00 3.831417624521072924e-04 0.000000000000000000e+00 0.000000000000000000e+00 0.000000000000000000e+00 1.671122994652406320e-04 0.000000000000000000e+00 3.161555485298767239e-04 0.000000000000000000e+00 0.000000000000000000e+00 0.000000000000000000e+00 0.000000000000000000e+00 0.000000000000000000e+00 0.000000000000000000e+00 0.000000000000000000e+00 0.000000000000000000e+00 0.000000000000000000e+00 0.000000000000000000e+00 0.000000000000000000e+00 0.000000000000000000e+00 0.000000000000000000e+00 0.000000000000000000e+00 0.000000000000000000e+00 0.000000000000000000e+00 0.000000000000000000e+00 0.000000000000000000e+00 0.000000000000000000e+00 0.000000000000000000e+00 0.000000000000000000e+00 0.000000000000000000e+00 0.000000000000000000e+00 0.000000000000000000e+00
1.929708222811671037e-01 2.431476569407604090e-03 2.241379310344827624e-01 1.547303271441202548e-02 4.420866489832006845e-04 0.000000000000000000e+00 0.000000000000000000e+00 2.176744186046511778e-02 1.069340016708437702e-01 0.000000000000000000e+00 6.276150627615062483e-02 5.428636055191133486e-03 2.308354866494401469e-01 4.882585445245292075e-03 2.677243430837878205e-02 3.789314134141720308e-04 5.696846388606307057e-03 1.746216530849825340e-03 1.087852315806823837e-02 7.359150681626252036e-03 0.000000000000000000e+00 0.000000000000000000e+00 5.632360471070148485e-03 3.378378378378378566e-03 0.000000000000000000e+00 0.000000000000000000e+00 0.000000000000000000e+00 0.000000000000000000e+00 8.864579403998491813e-03 2.283684344075108050e-03 1.801278326554328971e-02 1.251805488685604241e-02 1.924187030979411257e-03 4.955401387512388400e-03 0.000000000000000000e+00 0.000000000000000000e+00 4.704301075268817363e-03 6.591957811470006059e-04 0.000000000000000000e+00 0.000000000000000000e+00 2.500000000000000139e-02 0.000000000000000000e+00 1.136880400181900826e-04 0.000000000000000000e+00 1.323451561672842796e-03 0.000000000000000000e+00 0.000000000000000000e+00 0.000000000000000000e+00 1.452221899506244513e-03 0.000000000000000000e+00 4.110228865016347238e-03 0.000000000000000000e+00 0.000000000000000000e+00 0.000000000000000000e+00 2.280212819863187100e-03 0.000000000000000000e+00 3.147128245476003144e-03 1.196601651310278867e-04 9.553615549332894821e-03 1.098780353807273945e-04 7.289768289507940480e-03 0.000000000000000000e+00 1.636278634876110359e-03 0.000000000000000000e+00 4.470938897168405361e-03 0.000000000000000000e+00 1.472243872867411412e-03 3.387533875338753385e-04 6.600660066006600740e-04 0.000000000000000000e+00 2.847682119205298054e-02 1.305823974928179646e-03 4.384703852788959105e-02 4.745919666628082081e-03 2.977667493796526052e-03 0.000000000000000000e+00 4.401881720430107781e-02 2.870167145027857636e-03 0.000000000000000000e+00 0.000000000000000000e+00 2.750740584003385364e-03 0.000000000000000000e+00 0.000000000000000000e+00 0.000000000000000000e+00 1.199791340636411144e-02 9.578544061302682311e-05 1.953125000000000000e-03 0.000000000000000000e+00 3.717472118959107633e-03 0.000000000000000000e+00 8.823529411764706194e-04 6.323110970597534478e-04 7.739938080495356500e-04 0.000000000000000000e+00 1.895734597156398249e-02 0.000000000000000000e+00 6.958942240779401921e-04 0.000000000000000000e+00 0.000000000000000000e+00 0.000000000000000000e+00 0.000000000000000000e+00 0.000000000000000000e+00 7.708119218910585444e-04 1.780943900267141652e-04 1.642710472279260755e-03 0.000000000000000000e+00 0.000000000000000000e+00 0.000000000000000000e+00 0.000000000000000000e+00 0.000000000000000000e+00 0.000000000000000000e+00 0.000000000000000000e+00 0.000000000000000000e+00 0.000000000000000000e+00 0.000000000000000000e+00 0.000000000000000000e+00
7.441860465116279487e-03 1.830697674418604592e-01 2.474418604651162923e-02 1.434418604651162832e-01 0.000000000000000000e+00 2.790697674418604699e-03 2.176744186046511778e-02 0.000000000000000000e+00 8.354218880534669545e-04 9.116279069767441179e-02 1.179155572461011714e-02 1.470255598280932052e-01 1.119724375538328973e-02 1.102069286212508659e-01 4.957858205255329326e-04 3.220917014020462099e-02 3.051881993896235924e-03 1.959642995731470869e-02 1.516400197791330229e-02 1.387380866208227752e-02 0.000000000000000000e+00 0.000000000000000000e+00 2.713773681515617084e-02 4.914004914004913883e-03 1.510574018126888216e-03 3.541912632821723767e-03 0.000000000000000000e+00 0.000000000000000000e+00 3.017729158807996945e-03 2.207561532605937724e-02 2.672864613596746125e-02 9.870004814636495344e-03 8.466422936309409703e-03 6.396972700243265184e-03 0.000000000000000000e+00 1.351351351351351426e-03 6.720430107526882257e-04 6.591957811470006492e-03 0.000000000000000000e+00 0.000000000000000000e+00 0.000000000000000000e+00 0.000000000000000000e+00 1.136880400181900826e-04 0.000000000000000000e+00 0.000000000000000000e+00 2.051071684955389079e-03 0.000000000000000000e+00 0.000000000000000000e+00 0.000000000000000000e+00 2.987987072382462545e-03 0.000000000000000000e+00 4.451038575667655948e-03 0.000000000000000000e+00 3.365303718660609257e-04 0.000000000000000000e+00 3.877471888328809448e-04 0.000000000000000000e+00 4.666746440110087525e-03 3.294350189425135659e-04 2.966706955279639624e-03 0.000000000000000000e+00 1.592435929335655684e-02 0.000000000000000000e+00 2.017145738779627020e-03 0.000000000000000000e+00 7.891904818844911948e-03 1.732051615138130993e-04 1.016260162601626124e-03 0.000000000000000000e+00 0.000000000000000000e+00 6.622516556291390723e-04 4.465917994254374468e-02 4.887866589994249895e-03 3.958791526797082738e-02 4.962779156327543420e-04 1.751313485113835389e-03 2.856182795698924796e-03 2.768867128144521239e-02 0.000000000000000000e+00 0.000000000000000000e+00 0.000000000000000000e+00 2.700513097488522769e-03 0.000000000000000000e+00 0.000000000000000000e+00 0.000000000000000000e+00 5.747126436781609116e-03 0.000000000000000000e+00 0.000000000000000000e+00 0.000000000000000000e+00 1.671122994652406374e-03 0.000000000000000000e+00 3.161555485298767239e-04 0.000000000000000000e+00 0.000000000000000000e+00 4.739336492890995622e-03 0.000000000000000000e+00 0.000000000000000000e+00 0.000000000000000000e+00 0.000000000000000000e+00 0.000000000000000000e+00 0.000000000000000000e+00 0.000000000000000000e+00 5.138746145940390657e-04 1.780943900267141652e-04 8.213552361396303774e-04 0.000000000000000000e+00 0.000000000000000000e+00 7.812500000000000434e-04 0.000000000000000000e+00 0.000000000000000000e+00 9.451795841209830124e-04 0.000000000000000000e+00 0.000000000000000000e+00 0.000000000000000000e+00 0.000000000000000000e+00 0.000000000000000000e+00
7.518796992481202590e-03 0.000000000000000000e+00 4.928989139515455031e-02 8.354218880534669545e-04 2.280701754385964786e-01 0.000000000000000000e+00 1.069340016708437702e-01 8.354218880534669545e-04 0.000000000000000000e+00 0.000000000000000000e+00 3.042982122480030523e-03 0.000000000000000000e+00 2.196382428940568329e-02 0.000000000000000000e+00 1.903817550818046600e-01 0.000000000000000000e+00 6.103763987792471847e-04 0.000000000000000000e+00 4.944783253667381275e-04 0.000000000000000000e+00 0.000000000000000000e+00 0.000000000000000000e+00 1.024065540194572452e-03 0.000000000000000000e+00 0.000000000000000000e+00 1.180637544273907850e-03 9.259259259259258745e-03 5.793742757821552635e-04 2.074688796680497927e-03 0.000000000000000000e+00 0.000000000000000000e+00 7.221954742416947627e-04 0.000000000000000000e+00 0.000000000000000000e+00 0.000000000000000000e+00 0.000000000000000000e+00 0.000000000000000000e+00 0.000000000000000000e+00 0.000000000000000000e+00 0.000000000000000000e+00 0.000000000000000000e+00 0.000000000000000000e+00 1.136880400181900826e-04 0.000000000000000000e+00 1.323451561672842850e-04 0.000000000000000000e+00 3.518648838845883143e-04 0.000000000000000000e+00 0.000000000000000000e+00 0.000000000000000000e+00 9.341429238673516820e-05 0.000000000000000000e+00 0.000000000000000000e+00 0.000000000000000000e+00 5.067139599695971936e-04 0.000000000000000000e+00 0.000000000000000000e+00 0.000000000000000000e+00 0.000000000000000000e+00 0.000000000000000000e+00 2.603488674824264767e-04 0.000000000000000000e+00 2.337540906965872019e-04 0.000000000000000000e+00 0.000000000000000000e+00 0.000000000000000000e+00 8.660258075690654967e-05 0.000000000000000000e+00 0.000000000000000000e+00 0.000000000000000000e+00 6.953642384105960042e-03 2.611647949856359509e-04 2.012650948821161426e-02 0.000000000000000000e+00 1.488833746898263026e-02 0.000000000000000000e+00 5.376344086021505805e-03 0.000000000000000000e+00 0.000000000000000000e+00 0.000000000000000000e+00 0.000000000000000000e+00 0.000000000000000000e+00 0.000000000000000000e+00 0.000000000000000000e+00 6.520605112154408438e-04 0.000000000000000000e+00 0.000000000000000000e+00 0.000000000000000000e+00 2.478314745972738675e-04 0.000000000000000000e+00 2.941176470588235036e-04 0.000000000000000000e+00 0.000000000000000000e+00 0.000000000000000000e+00 0.000000000000000000e+00 0.000000000000000000e+00 0.000000000000000000e+00 0.000000000000000000e+00 0.000000000000000000e+00 0.000000000000000000e+00 0.000000000000000000e+00 0.000000000000000000e+00 2.569373072970195329e-04 0.000000000000000000e+00 0.000000000000000000e+00 0.000000000000000000e+00 0.000000000000000000e+00 0.000000000000000000e+00 0.000000000000000000e+00 0.000000000000000000e+00 0.000000000000000000e+00 0.000000000000000000e+00 0.000000000000000000e+00 0.000000000000000000e+00 0.000000000000000000e+00 0.000000000000000000e+00
0.000000000000000000e+00 7.441860465116279487e-03 2.790697674418604699e-03 2.790697674418604612e-02 1.860465116279069872e-03 1.125581395348837221e-01 0.000000000000000000e+00 9.116279069767441179e-02 0.000000000000000000e+00 0.000000000000000000e+00 0.000000000000000000e+00 2.488124858629269225e-03 0.000000000000000000e+00 1.278772378516624016e-02 0.000000000000000000e+00 2.023493747631678608e-01 0.000000000000000000e+00 3.880481179666278352e-04 0.000000000000000000e+00 3.619254433586681125e-04 0.000000000000000000e+00 0.000000000000000000e+00 1.536098310291858678e-03 6.142506142506142354e-04 1.510574018126888216e-03 2.007083825265643454e-02 1.234567901234567876e-03 5.793742757821552635e-04 0.000000000000000000e+00 1.014970819588936887e-03 4.648460197559558214e-03 9.629272989889263142e-04 1.924187030979411148e-04 9.009820704567978540e-05 0.000000000000000000e+00 0.000000000000000000e+00 0.000000000000000000e+00 0.000000000000000000e+00 0.000000000000000000e+00 0.000000000000000000e+00 0.000000000000000000e+00 0.000000000000000000e+00 0.000000000000000000e+00 0.000000000000000000e+00 0.000000000000000000e+00 0.000000000000000000e+00 0.000000000000000000e+00 0.000000000000000000e+00 0.000000000000000000e+00 0.000000000000000000e+00 0.000000000000000000e+00 0.000000000000000000e+00 0.000000000000000000e+00 0.000000000000000000e+00 0.000000000000000000e+00 1.938735944164404724e-04 0.000000000000000000e+00 2.393203302620557733e-04 0.000000000000000000e+00 2.197560707614547889e-04 0.000000000000000000e+00 0.000000000000000000e+00 0.000000000000000000e+00 0.000000000000000000e+00 0.000000000000000000e+00 0.000000000000000000e+00 0.000000000000000000e+00 0.000000000000000000e+00 0.000000000000000000e+00 5.023863350916854759e-04 0.000000000000000000e+00 3.133977539827631411e-03 0.000000000000000000e+00 1.284870934135895308e-02 0.000000000000000000e+00 1.050788091068301233e-02 1.680107526881720564e-04 1.688333614722269159e-03 0.000000000000000000e+00 0.000000000000000000e+00 0.000000000000000000e+00 0.000000000000000000e+00 0.000000000000000000e+00 2.688172043010752903e-03 0.000000000000000000e+00 1.915708812260536462e-04 0.000000000000000000e+00 0.000000000000000000e+00 0.000000000000000000e+00 1.671122994652406320e-04 0.000000000000000000e+00 6.323110970597534478e-04 0.000000000000000000e+00 0.000000000000000000e+00 0.000000000000000000e+00 0.000000000000000000e+00 0.000000000000000000e+00 0.000000000000000000e+00 0.000000000000000000e+00 0.000000000000000000e+00 0.000000000000000000e+00 0.000000000000000000e+00 0.000000000000000000e+00 1.780943900267141652e-04 4.106776180698151887e-04 0.000000000000000000e+00 0.000000000000000000e+00 0.000000000000000000e+00 0.000000000000000000e+00 0.000000000000000000e+00 0.000000000000000000e+00 0.000000000000000000e+00 0.000000000000000000e+00 0.000000000000000000e+00 0.000000000000000000e+00 0.000000000000000000e+00
3.217953594522632299e-01 3.803727653100038154e-04 6.922784328642068996e-02 7.227082540890072439e-03 3.803727653100038154e-04 0.000000000000000000e+00 6.276150627615062483e-02 1.179155572461011714e-02 3.042982122480030523e-03 0.000000000000000000e+00 0.000000000000000000e+00 6.785795068988916857e-04 1.546080964685615788e-01 0.000000000000000000e+00 9.419930589985126695e-03 0.000000000000000000e+00 9.766022380467954955e-03 3.880481179666278352e-04 1.796604582165815117e-02 1.809627216793340508e-03 0.000000000000000000e+00 0.000000000000000000e+00 1.638504864311315923e-02 6.142506142506142354e-04 0.000000000000000000e+00 0.000000000000000000e+00 0.000000000000000000e+00 0.000000000000000000e+00 7.072802715956243158e-02 5.074854097944684434e-04 9.296920395119116429e-03 2.407318247472315948e-03 1.000577256109293905e-02 1.171276691593837278e-03 2.135839384878257356e-03 0.000000000000000000e+00 0.000000000000000000e+00 0.000000000000000000e+00 1.453488372093023236e-03 9.615384615384615918e-04 0.000000000000000000e+00 0.000000000000000000e+00 0.000000000000000000e+00 0.000000000000000000e+00 2.646903123345685700e-04 0.000000000000000000e+00 3.518648838845883143e-04 0.000000000000000000e+00 1.936295866008326181e-04 0.000000000000000000e+00 7.473143390938813456e-04 7.065140596297865875e-05 0.000000000000000000e+00 0.000000000000000000e+00 7.600709399543957362e-04 0.000000000000000000e+00 1.966955153422501965e-03 1.196601651310278867e-04 2.635480151540108527e-03 0.000000000000000000e+00 1.353814110908617592e-02 0.000000000000000000e+00 3.506311360448807757e-03 0.000000000000000000e+00 7.451564828614008935e-03 0.000000000000000000e+00 9.526283883259721412e-04 0.000000000000000000e+00 0.000000000000000000e+00 0.000000000000000000e+00 2.119205298013245031e-02 0.000000000000000000e+00 1.581368602645198381e-03 9.260331056835281608e-04 0.000000000000000000e+00 0.000000000000000000e+00 5.040322580645161150e-04 1.181833530305588477e-03 0.000000000000000000e+00 0.000000000000000000e+00 8.463817181548878793e-04 0.000000000000000000e+00 0.000000000000000000e+00 0.000000000000000000e+00 3.260302556077203893e-03 0.000000000000000000e+00 0.000000000000000000e+00 0.000000000000000000e+00 9.913258983890954699e-04 0.000000000000000000e+00 0.000000000000000000e+00 3.161555485298767239e-04 0.000000000000000000e+00 0.000000000000000000e+00 0.000000000000000000e+00 0.000000000000000000e+00 0.000000000000000000e+00 0.000000000000000000e+00 0.000000000000000000e+00 0.000000000000000000e+00 0.000000000000000000e+00 0.000000000000000000e+00 0.000000000000000000e+00 0.000000000000000000e+00 0.000000000000000000e+00 0.000000000000000000e+00 0.000000000000000000e+00 0.000000000000000000e+00 0.000000000000000000e+00 0.000000000000000000e+00 0.000000000000000000e+00 0.000000000000000000e+00 0.000000000000000000e+00 0.000000000000000000e+00 0.000000000000000000e+00 0.000000000000000000e+00
1.357159013797783371e-03 8.052476815200181048e-02 3.166704365528160911e-03 6.491743949332730301e-02 2.261931689662972195e-04 0.000000000000000000e+00 5.428636055191133486e-03 1.470255598280932052e-01 0.000000000000000000e+00 2.488124858629269225e-03 6.785795068988916857e-04 0.000000000000000000e+00 8.613264427217915591e-04 3.294582655196465759e-01 0.000000000000000000e+00 1.364153088291019354e-02 4.069175991861647898e-04 7.625145518044237902e-02 2.142739409922531525e-03 1.664857039449873372e-02 0.000000000000000000e+00 0.000000000000000000e+00 2.560163850486431129e-03 8.292383292383291582e-03 0.000000000000000000e+00 0.000000000000000000e+00 0.000000000000000000e+00 0.000000000000000000e+00 7.544322897019992364e-04 1.037807663029687855e-01 4.067402672864613329e-03 5.055368319691863448e-03 1.154512218587646797e-03 1.747905216686188035e-02 0.000000000000000000e+00 3.153153153153153039e-03 0.000000000000000000e+00 6.591957811470006059e-04 0.000000000000000000e+00 9.615384615384615918e-04 0.000000000000000000e+00 0.000000000000000000e+00 0.000000000000000000e+00 0.000000000000000000e+00 0.000000000000000000e+00 0.000000000000000000e+00 0.000000000000000000e+00 0.000000000000000000e+00 0.000000000000000000e+00 3.048966400390267450e-04 0.000000000000000000e+00 4.239084357778719796e-04 0.000000000000000000e+00 0.000000000000000000e+00 0.000000000000000000e+00 0.000000000000000000e+00 0.000000000000000000e+00 4.188105779585975762e-03 0.000000000000000000e+00 4.395121415229095779e-04 2.603488674824264767e-04 7.464543418760885476e-04 0.000000000000000000e+00 4.034291477559254040e-03 0.000000000000000000e+00 5.022121248355853294e-03 0.000000000000000000e+00 1.242095754290876205e-03 0.000000000000000000e+00 5.023863350916854759e-04 0.000000000000000000e+00 2.376599634369287034e-02 2.875215641173088014e-04 5.093182081259405372e-03 0.000000000000000000e+00 0.000000000000000000e+00 6.720430107526882257e-04 1.857166976194496054e-03 0.000000000000000000e+00 0.000000000000000000e+00 0.000000000000000000e+00 9.451795841209829907e-03 0.000000000000000000e+00 0.000000000000000000e+00 0.000000000000000000e+00 5.076628352490421096e-03 0.000000000000000000e+00 0.000000000000000000e+00 0.000000000000000000e+00 1.002673796791443955e-03 0.000000000000000000e+00 3.161555485298767239e-04 0.000000000000000000e+00 0.000000000000000000e+00 0.000000000000000000e+00 0.000000000000000000e+00 0.000000000000000000e+00 0.000000000000000000e+00 0.000000000000000000e+00 0.000000000000000000e+00 0.000000000000000000e+00 0.000000000000000000e+00 0.000000000000000000e+00 1.780943900267141652e-04 0.000000000000000000e+00 0.000000000000000000e+00 0.000000000000000000e+00 0.000000000000000000e+00 0.000000000000000000e+00 0.000000000000000000e+00 0.000000000000000000e+00 0.000000000000000000e+00 0.000000000000000000e+00 0.000000000000000000e+00 0.000000000000000000e+00 0.000000000000000000e+00
2.842377260981912221e-02 0.000000000000000000e+00 1.253229974160206817e-01 7.321274763135228632e-03 4.306632213608957795e-04 0.000000000000000000e+00 2.308354866494401469e-01 1.119724375538328973e-02 2.196382428940568329e-02 0.000000000000000000e+00 1.546080964685615788e-01 8.613264427217915591e-04 0.000000000000000000e+00 3.487561032318065458e-03 1.204759543877045175e-01 7.578628268283440616e-04 1.424211597151576764e-03 0.000000000000000000e+00 2.142739409922531525e-03 3.619254433586681125e-04 0.000000000000000000e+00 0.000000000000000000e+00 2.073732718894009258e-02 1.842751842751842815e-03 0.000000000000000000e+00 0.000000000000000000e+00 0.000000000000000000e+00 0.000000000000000000e+00 4.922670690305545188e-02 2.537427048972342217e-04 8.134805345729226658e-03 8.666345690900337587e-03 0.000000000000000000e+00 8.108838634111180822e-04 0.000000000000000000e+00 0.000000000000000000e+00 0.000000000000000000e+00 6.591957811470006059e-04 0.000000000000000000e+00 0.000000000000000000e+00 0.000000000000000000e+00 0.000000000000000000e+00 0.000000000000000000e+00 0.000000000000000000e+00 0.000000000000000000e+00 0.000000000000000000e+00 1.759324419422941572e-04 0.000000000000000000e+00 9.681479330041630903e-05 0.000000000000000000e+00 4.670714619336758275e-04 0.000000000000000000e+00 0.000000000000000000e+00 0.000000000000000000e+00 2.533569799847985968e-04 0.000000000000000000e+00 7.867820613690007861e-04 0.000000000000000000e+00 8.235875473562839690e-04 0.000000000000000000e+00 4.686279614683676147e-03 0.000000000000000000e+00 2.805049088359046205e-03 0.000000000000000000e+00 5.464480874316939886e-03 0.000000000000000000e+00 2.598077422707196897e-04 0.000000000000000000e+00 0.000000000000000000e+00 0.000000000000000000e+00 5.629139072847681897e-03 7.834943849569078527e-04 1.265094882116158705e-02 2.778099317050584591e-03 0.000000000000000000e+00 0.000000000000000000e+00 5.544354838709677699e-03 8.441668073611345796e-04 0.000000000000000000e+00 0.000000000000000000e+00 1.481168006771053708e-03 0.000000000000000000e+00 2.066115702479338900e-03 0.000000000000000000e+00 3.521126760563380361e-03 0.000000000000000000e+00 0.000000000000000000e+00 0.000000000000000000e+00 7.434944237918215482e-04 0.000000000000000000e+00 2.941176470588235036e-04 0.000000000000000000e+00 0.000000000000000000e+00 0.000000000000000000e+00 0.000000000000000000e+00 0.000000000000000000e+00 0.000000000000000000e+00 0.000000000000000000e+00 0.000000000000000000e+00 0.000000000000000000e+00 0.000000000000000000e+00 0.000000000000000000e+00 0.000000000000000000e+00 0.000000000000000000e+00 0.000000000000000000e+00 0.000000000000000000e+00 0.000000000000000000e+00 0.000000000000000000e+00 0.000000000000000000e+00 0.000000000000000000e+00 0.000000000000000000e+00 0.000000000000000000e+00 0.000000000000000000e+00 0.000000000000000000e+00 0.000000000000000000e+00 0.000000000000000000e+00
