2.896482809036016182e-01 5.111650536290072155e-01 3.893171774288449183e-01 5.096266744064367193e-01 3.563472073841319476e-01 0.000000000000000000e+00 3.255481560511863659e-01 4.802343270398919950e-01 3.827288072637838878e-01 0.000000000000000000e+00 3.146971522796606635e-01 4.595036926819890954e-01 3.631595757686403303e-01 4.203985158215408635e-01 4.157237153547856945e-01 0.000000000000000000e+00 3.299589581386486725e-01 4.944836246653502854e-01 4.164818483228486801e-01 5.247862560509315433e-01 0.000000000000000000e+00 0.000000000000000000e+00 4.053520326982947841e-01 0.000000000000000000e+00 0.000000000000000000e+00 0.000000000000000000e+00 0.000000000000000000e+00 0.000000000000000000e+00 4.114736608891499947e-01 4.950016922586759627e-01 4.306707506991276913e-01 4.292578724668161816e-01 4.596036495782929165e-01 5.135773207046926414e-01 0.000000000000000000e+00 0.000000000000000000e+00 4.888540416707053415e-01 5.013340870629470203e-01 5.542073283582090726e-01 0.000000000000000000e+00 4.474111278074865972e-01 0.000000000000000000e+00 0.000000000000000000e+00 0.000000000000000000e+00 4.469351684253246582e-01 0.000000000000000000e+00 4.864578478260869199e-01 0.000000000000000000e+00 4.719134581185941979e-01 5.153272665598291891e-01 4.494791639001446404e-01 0.000000000000000000e+00 4.264395126579524353e-01 5.086329015151515032e-01 4.679641346325928430e-01 0.000000000000000000e+00 3.165605026939630195e-01 4.869545536304002997e-01 4.322443766518221930e-01 5.284627383177570303e-01 4.137441056534942319e-01 0.000000000000000000e+00 3.993248574881884116e-01 0.000000000000000000e+00 4.592764086631983544e-01 4.990632426470588690e-01 4.561624270561883687e-01 5.019884055073206008e-01 3.568312996435492601e-01 4.919814206347694618e-01 3.744568698666908557e-01 5.186619243297641013e-01 3.959673293694103147e-01 4.546694151958066143e-01 0.000000000000000000e+00 0.000000000000000000e+00 3.780794388118413618e-01 4.639704160603256855e-01 0.000000000000000000e+00 0.000000000000000000e+00 4.229069835307687208e-01 4.444130117647058786e-01 0.000000000000000000e+00 0.000000000000000000e+00 4.657684382746639096e-01 4.397162896551724542e-01 0.000000000000000000e+00 0.000000000000000000e+00 4.564719419458991845e-01 0.000000000000000000e+00 4.878269022088345674e-01 4.711984861155803506e-01 4.401710360250737364e-01 4.575599793318870234e-01 4.493999689046042079e-01 4.840845224356266074e-01 4.265521587266039583e-01 4.623450550458715891e-01 4.833887954545454946e-01 0.000000000000000000e+00 4.511158198482933535e-01 4.404899850746268886e-01 4.726921390877143470e-01 0.000000000000000000e+00 4.817829389438943455e-01 0.000000000000000000e+00 0.000000000000000000e+00 0.000000000000000000e+00 0.000000000000000000e+00 0.000000000000000000e+00 0.000000000000000000e+00 0.000000000000000000e+00 0.000000000000000000e+00 0.000000000000000000e+00 0.000000000000000000e+00 0.000000000000000000e+00
5.111650536290072155e-01 2.938594073221635905e-01 5.487760133643961868e-01 3.492866199150121420e-01 0.000000000000000000e+00 0.000000000000000000e+00 4.868485680779368607e-01 3.301935775623955349e-01 0.000000000000000000e+00 3.543020659802114669e-01 5.076027652869657958e-01 3.420241513862604110e-01 4.700670085470085580e-01 3.706620157849698227e-01 0.000000000000000000e+00 4.048229750476436406e-01 5.027180141625312570e-01 3.711406550347949862e-01 5.285811885344214867e-01 3.845103605872233765e-01 0.000000000000000000e+00 0.000000000000000000e+00 4.931141248951048661e-01 3.823024685869756412e-01 0.000000000000000000e+00 0.000000000000000000e+00 0.000000000000000000e+00 4.816776190476190211e-01 5.192329923261723712e-01 4.227316448508081081e-01 4.768918585937400034e-01 3.911477106227105871e-01 5.301750957014111920e-01 4.643457414026619934e-01 0.000000000000000000e+00 0.000000000000000000e+00 5.541959176470587778e-01 4.840134255513380279e-01 0.000000000000000000e+00 5.123363620368726057e-01 0.000000000000000000e+00 4.229316902342024065e-01 0.000000000000000000e+00 4.266395938144329492e-01 0.000000000000000000e+00 4.330134282170925997e-01 0.000000000000000000e+00 5.097733165467627225e-01 0.000000000000000000e+00 4.486562975950266763e-01 5.148549494949494765e-01 4.445118500277965845e-01 0.000000000000000000e+00 4.448979514027316950e-01 0.000000000000000000e+00 4.831366074142589562e-01 5.070368527474015119e-01 3.544643289626580041e-01 5.116390103040699966e-01 4.396518726148469502e-01 0.000000000000000000e+00 4.304007273498811070e-01 0.000000000000000000e+00 4.315257612216474303e-01 4.981743275862068887e-01 4.378336905965061754e-01 5.153467578409089977e-01 4.039832135051649176e-01 5.339391728424505157e-01 3.711575634733634832e-01 5.228820496918556993e-01 3.839951712800189210e-01 4.632617499999999722e-01 4.096627367628103422e-01 0.000000000000000000e+00 4.574741407914764135e-01 4.753275520965003498e-01 3.924029024539910093e-01 0.000000000000000000e+00 0.000000000000000000e+00 0.000000000000000000e+00 4.548614038009631266e-01 0.000000000000000000e+00 4.714225642857142184e-01 0.000000000000000000e+00 4.757761899643702108e-01 0.000000000000000000e+00 0.000000000000000000e+00 0.000000000000000000e+00 4.673422834377760626e-01 4.831522529843771951e-01 4.708635929650767382e-01 0.000000000000000000e+00 4.223944261141084344e-01 4.313747159090908778e-01 4.921554374974529966e-01 0.000000000000000000e+00 5.000671049580054373e-01 0.000000000000000000e+00 0.000000000000000000e+00 0.000000000000000000e+00 4.658568394340464880e-01 4.439921496062991801e-01 4.794963850193479371e-01 4.430779999999999164e-01 4.210638536099949314e-01 4.983302914572864672e-01 0.000000000000000000e+00 0.000000000000000000e+00 0.000000000000000000e+00 0.000000000000000000e+00 0.000000000000000000e+00 0.000000000000000000e+00 3.795020096153846056e-01 0.000000000000000000e+00 3.995142857142857662e-01
3.893171774288449183e-01 5.487760133643961868e-01 2.840887788932345837e-01 4.926890137771358646e-01 2.030185884760837278e-01 4.252918048780486848e-01 3.259623673961941637e-01 4.663967635677294110e-01 3.382594915815393954e-01 4.508542751570421281e-01 4.011905251136523853e-01 4.428203269762779892e-01 3.640712799581228287e-01 4.272378708675624859e-01 3.420749305293950271e-01 0.000000000000000000e+00 4.177534609427279721e-01 5.150916732415713462e-01 3.223603798162036349e-01 5.339178198756515670e-01 0.000000000000000000e+00 0.000000000000000000e+00 2.864010546615274322e-01 4.346846468075513670e-01 2.730897508895024917e-01 4.283748074469904132e-01 3.275285238095239082e-01 0.000000000000000000e+00 3.803126898788080634e-01 4.561155439855954508e-01 3.940766271434499868e-01 4.336803977393592358e-01 4.514510291952520959e-01 5.248849545692609864e-01 4.814966126917367140e-01 0.000000000000000000e+00 4.405994504797364764e-01 5.289275576923077038e-01 0.000000000000000000e+00 0.000000000000000000e+00 0.000000000000000000e+00 0.000000000000000000e+00 0.000000000000000000e+00 0.000000000000000000e+00 4.981467667120313414e-01 5.183745594405595458e-01 5.231310895522388593e-01 0.000000000000000000e+00 4.585590322760376147e-01 0.000000000000000000e+00 4.424928905395633105e-01 5.487681987577639475e-01 0.000000000000000000e+00 0.000000000000000000e+00 4.434528842816500838e-01 0.000000000000000000e+00 4.381368671234550094e-01 0.000000000000000000e+00 4.630405760260639658e-01 0.000000000000000000e+00 4.373253260789596863e-01 4.924919266055046152e-01 3.952641896750754835e-01 0.000000000000000000e+00 4.344131766191555166e-01 0.000000000000000000e+00 4.843734596454176700e-01 5.136634805200306353e-01 4.496921578172670686e-01 4.760681826923077176e-01 4.065237405439974805e-01 4.818221404132425612e-01 3.897113120290395250e-01 4.623851849529972413e-01 0.000000000000000000e+00 0.000000000000000000e+00 4.144118138892879388e-01 4.578263737722571558e-01 3.946256851858767067e-01 0.000000000000000000e+00 4.169831343750000086e-01 0.000000000000000000e+00 0.000000000000000000e+00 0.000000000000000000e+00 4.321732241341431080e-01 0.000000000000000000e+00 0.000000000000000000e+00 0.000000000000000000e+00 4.379342253232436089e-01 0.000000000000000000e+00 4.791966639141753137e-01 4.119753888888889604e-01 4.457370346824459650e-01 4.172090629774987125e-01 4.586584323347905889e-01 4.146764847545220123e-01 0.000000000000000000e+00 4.615501477272726527e-01 4.290367333191459354e-01 0.000000000000000000e+00 4.253514126984126453e-01 0.000000000000000000e+00 4.625997073432835394e-01 4.782480400513423047e-01 4.345200078140166733e-01 4.258189739130435192e-01 0.000000000000000000e+00 0.000000000000000000e+00 0.000000000000000000e+00 0.000000000000000000e+00 4.597471721311474635e-01 0.000000000000000000e+00 0.000000000000000000e+00 0.000000000000000000e+00 0.000000000000000000e+00 0.000000000000000000e+00
5.096266744064367193e-01 3.492866199150121420e-01 4.926890137771358646e-01 2.838453781079524063e-01 0.000000000000000000e+00 1.755135328472693379e-01 4.781774661131000803e-01 3.055451793679461181e-01 0.000000000000000000e+00 3.100187886328627518e-01 4.842853091075592920e-01 4.017044955437965581e-01 4.460363315249279426e-01 3.595032959542847628e-01 0.000000000000000000e+00 3.226680409405323635e-01 5.231913077500258691e-01 4.165188040671627956e-01 5.269213603854503436e-01 3.139172561680463325e-01 4.523189807692308273e-01 3.717951234567901109e-01 4.373455483810428923e-01 2.429902310802644350e-01 4.228341626019119226e-01 3.646995630648147690e-01 0.000000000000000000e+00 0.000000000000000000e+00 4.608972223827030312e-01 3.954330747546625502e-01 4.360409369683241332e-01 3.462434207320579382e-01 5.383180559087976658e-01 4.265602249284383141e-01 0.000000000000000000e+00 4.399911515151515573e-01 5.229992474226804466e-01 4.569810127694484692e-01 0.000000000000000000e+00 4.475663050529110065e-01 0.000000000000000000e+00 4.231160734368215048e-01 0.000000000000000000e+00 4.423392506089275922e-01 0.000000000000000000e+00 4.815636115802964801e-01 0.000000000000000000e+00 4.800521875000000049e-01 0.000000000000000000e+00 4.872650111146648033e-01 5.112823925233644928e-01 4.478123583146798037e-01 0.000000000000000000e+00 4.940247258210925807e-01 0.000000000000000000e+00 5.178922150537633717e-01 5.295739101819588734e-01 4.439089532821998141e-01 5.103049158834586096e-01 4.601155284733011164e-01 4.911810338983050861e-01 4.498855906711211050e-01 0.000000000000000000e+00 4.036883080869871354e-01 4.546326690140845006e-01 4.388940686193663621e-01 0.000000000000000000e+00 4.583517355170058094e-01 5.475345257978005975e-01 4.311678458261949953e-01 5.256526955915739041e-01 3.990501365009673784e-01 4.803218874414321715e-01 4.005861928382444259e-01 0.000000000000000000e+00 3.542063711538461224e-01 4.524341001451649413e-01 4.147343164590999720e-01 0.000000000000000000e+00 0.000000000000000000e+00 0.000000000000000000e+00 0.000000000000000000e+00 4.592358624338624407e-01 0.000000000000000000e+00 0.000000000000000000e+00 4.289107804493271225e-01 0.000000000000000000e+00 0.000000000000000000e+00 0.000000000000000000e+00 4.293673465415870361e-01 4.534749606299212643e-01 4.738599912280702098e-01 4.280358409090909144e-01 4.361829745762712540e-01 4.348010310464611727e-01 4.369557491343930566e-01 0.000000000000000000e+00 4.736815038759689678e-01 0.000000000000000000e+00 4.952548448275861936e-01 0.000000000000000000e+00 0.000000000000000000e+00 4.352043461538461777e-01 4.225871863191632549e-01 0.000000000000000000e+00 4.344830080676284623e-01 0.000000000000000000e+00 0.000000000000000000e+00 0.000000000000000000e+00 0.000000000000000000e+00 0.000000000000000000e+00 0.000000000000000000e+00 0.000000000000000000e+00 3.901602703153426166e-01 0.000000000000000000e+00 4.091248041237112165e-01
3.563472073841319476e-01 0.000000000000000000e+00 2.030185884760837278e-01 0.000000000000000000e+00 2.645800352234278785e-01 4.758164522596657342e-01 2.921835234126529124e-01 4.337431090204810213e-01 2.926800367444511441e-01 4.687096398819853293e-01 3.653124999999999845e-01 0.000000000000000000e+00 3.364792608191897738e-01 0.000000000000000000e+00 3.342310533304791442e-01 4.636285010395606587e-01 3.853136666666666654e-01 0.000000000000000000e+00 3.959699506172839611e-01 0.000000000000000000e+00 4.559969652895865533e-01 5.129279877574780544e-01 3.660910562314619310e-01 4.454743322238645109e-01 2.425257547034174177e-01 4.427939134570469948e-01 2.508663142232981924e-01 4.708503116438357283e-01 3.659119784684652377e-01 0.000000000000000000e+00 3.549264752426261049e-01 4.464077090408156145e-01 4.553971686746987046e-01 0.000000000000000000e+00 0.000000000000000000e+00 0.000000000000000000e+00 4.505536753246752180e-01 0.000000000000000000e+00 0.000000000000000000e+00 0.000000000000000000e+00 0.000000000000000000e+00 0.000000000000000000e+00 4.711318230846398558e-01 0.000000000000000000e+00 0.000000000000000000e+00 0.000000000000000000e+00 0.000000000000000000e+00 0.000000000000000000e+00 0.000000000000000000e+00 0.000000000000000000e+00 4.694530525659587616e-01 0.000000000000000000e+00 4.892934297520661335e-01 0.000000000000000000e+00 4.200472091240875505e-01 0.000000000000000000e+00 3.642528965517241035e-01 0.000000000000000000e+00 4.710427430555554906e-01 0.000000000000000000e+00 4.486355681818181562e-01 0.000000000000000000e+00 0.000000000000000000e+00 0.000000000000000000e+00 0.000000000000000000e+00 0.000000000000000000e+00 4.817181029411764515e-01 0.000000000000000000e+00 0.000000000000000000e+00 0.000000000000000000e+00 3.909217136141760474e-01 5.337882406947891401e-01 3.728042072110048788e-01 4.312811702127659075e-01 0.000000000000000000e+00 0.000000000000000000e+00 3.953645343097378917e-01 0.000000000000000000e+00 0.000000000000000000e+00 0.000000000000000000e+00 3.877438501694915329e-01 0.000000000000000000e+00 4.055380000000000096e-01 0.000000000000000000e+00 4.192143259228334751e-01 0.000000000000000000e+00 4.006673174603174736e-01 0.000000000000000000e+00 4.254166008696632084e-01 0.000000000000000000e+00 0.000000000000000000e+00 0.000000000000000000e+00 0.000000000000000000e+00 0.000000000000000000e+00 0.000000000000000000e+00 0.000000000000000000e+00 0.000000000000000000e+00 0.000000000000000000e+00 0.000000000000000000e+00 0.000000000000000000e+00 0.000000000000000000e+00 0.000000000000000000e+00 0.000000000000000000e+00 0.000000000000000000e+00 0.000000000000000000e+00 0.000000000000000000e+00 0.000000000000000000e+00 0.000000000000000000e+00 0.000000000000000000e+00 0.000000000000000000e+00 0.000000000000000000e+00 0.000000000000000000e+00 0.000000000000000000e+00 0.000000000000000000e+00 0.000000000000000000e+00 0.000000000000000000e+00
0.000000000000000000e+00 0.000000000000000000e+00 4.252918048780486848e-01 1.755135328472693379e-01 4.758164522596657342e-01 2.086097258287821776e-01 0.000000000000000000e+00 2.739153747487309554e-01 4.258305714285713917e-01 2.780389797673550878e-01 0.000000000000000000e+00 0.000000000000000000e+00 0.000000000000000000e+00 3.080378733333333230e-01 0.000000000000000000e+00 2.511318576305154870e-01 0.000000000000000000e+00 0.000000000000000000e+00 0.000000000000000000e+00 4.221650720280996083e-01 4.458090862263553444e-01 3.981724773243308091e-01 4.277819397963357750e-01 1.864149747626899500e-01 4.543439458617163917e-01 2.124754772602190922e-01 4.215398275862068944e-01 2.153846083157389957e-01 0.000000000000000000e+00 3.515455403639582976e-01 3.858764051963007313e-01 3.878896104119018973e-01 0.000000000000000000e+00 4.497820169178998739e-01 0.000000000000000000e+00 0.000000000000000000e+00 0.000000000000000000e+00 0.000000000000000000e+00 0.000000000000000000e+00 0.000000000000000000e+00 0.000000000000000000e+00 0.000000000000000000e+00 0.000000000000000000e+00 0.000000000000000000e+00 0.000000000000000000e+00 0.000000000000000000e+00 0.000000000000000000e+00 5.022428360655737389e-01 0.000000000000000000e+00 3.802659241379310884e-01 0.000000000000000000e+00 0.000000000000000000e+00 0.000000000000000000e+00 0.000000000000000000e+00 0.000000000000000000e+00 4.727356262626263295e-01 0.000000000000000000e+00 4.577624939812096616e-01 0.000000000000000000e+00 0.000000000000000000e+00 0.000000000000000000e+00 0.000000000000000000e+00 0.000000000000000000e+00 0.000000000000000000e+00 0.000000000000000000e+00 0.000000000000000000e+00 0.000000000000000000e+00 4.696780752066116449e-01 0.000000000000000000e+00 0.000000000000000000e+00 4.585841938218390146e-01 4.000290564566292284e-01 0.000000000000000000e+00 3.852908216334022251e-01 0.000000000000000000e+00 0.000000000000000000e+00 0.000000000000000000e+00 3.857655392360948010e-01 0.000000000000000000e+00 0.000000000000000000e+00 0.000000000000000000e+00 0.000000000000000000e+00 0.000000000000000000e+00 0.000000000000000000e+00 0.000000000000000000e+00 4.259988500024381453e-01 0.000000000000000000e+00 0.000000000000000000e+00 0.000000000000000000e+00 4.433135890108050869e-01 0.000000000000000000e+00 0.000000000000000000e+00 0.000000000000000000e+00 0.000000000000000000e+00 0.000000000000000000e+00 0.000000000000000000e+00 0.000000000000000000e+00 0.000000000000000000e+00 0.000000000000000000e+00 0.000000000000000000e+00 0.000000000000000000e+00 0.000000000000000000e+00 0.000000000000000000e+00 0.000000000000000000e+00 0.000000000000000000e+00 0.000000000000000000e+00 0.000000000000000000e+00 0.000000000000000000e+00 0.000000000000000000e+00 0.000000000000000000e+00 0.000000000000000000e+00 0.000000000000000000e+00 0.000000000000000000e+00 0.000000000000000000e+00 0.000000000000000000e+00 0.000000000000000000e+00
3.255481560511863659e-01 4.868485680779368607e-01 3.259623673961941637e-01 4.781774661131000803e-01 2.921835234126529124e-01 0.000000000000000000e+00 2.770057526795662861e-01 4.579015524298958306e-01 1.997434374592028383e-01 0.000000000000000000e+00 3.706842691554321778e-01 4.488965243455865783e-01 3.068570920174416572e-01 4.429137596505985930e-01 2.703383516379850304e-01 4.276199113924049611e-01 4.021727490626229029e-01 4.636630948690955711e-01 4.075082262905241892e-01 4.886600471721287420e-01 0.000000000000000000e+00 0.000000000000000000e+00 3.777562261899718998e-01 4.479319990409341146e-01 3.469615407000169460e-01 0.000000000000000000e+00 0.000000000000000000e+00 0.000000000000000000e+00 3.528324140660388797e-01 4.575378170488973439e-01 3.853180757722001193e-01 4.171990583311723788e-01 4.203011913414725909e-01 4.737342361621838527e-01 0.000000000000000000e+00 0.000000000000000000e+00 4.040489763492193798e-01 4.888691521739130796e-01 0.000000000000000000e+00 0.000000000000000000e+00 0.000000000000000000e+00 0.000000000000000000e+00 4.524374052287581383e-01 0.000000000000000000e+00 4.597354149946062396e-01 0.000000000000000000e+00 4.959766027397261023e-01 0.000000000000000000e+00 4.477752701728975326e-01 0.000000000000000000e+00 4.255441164143542454e-01 0.000000000000000000e+00 4.266113436137917159e-01 0.000000000000000000e+00 4.622848470085469952e-01 0.000000000000000000e+00 4.034773744530072981e-01 4.751090741953082897e-01 4.107870204661471791e-01 4.801757523457128030e-01 4.193882221435241142e-01 4.977173979591836828e-01 3.916160523932848414e-01 0.000000000000000000e+00 4.414049418349580423e-01 5.002400200000000074e-01 4.342004085131628832e-01 5.019780988781885611e-01 4.166169040287198144e-01 0.000000000000000000e+00 3.727400390054315671e-01 4.783895219254756803e-01 3.784858461071732849e-01 4.396539660402589700e-01 0.000000000000000000e+00 0.000000000000000000e+00 3.864962755341505574e-01 4.486086843982566852e-01 3.664031299999999658e-01 0.000000000000000000e+00 3.837570139236237132e-01 0.000000000000000000e+00 0.000000000000000000e+00 0.000000000000000000e+00 4.358558790055092613e-01 0.000000000000000000e+00 4.199990709219858509e-01 0.000000000000000000e+00 4.250744507703701491e-01 0.000000000000000000e+00 4.381972195121950908e-01 0.000000000000000000e+00 0.000000000000000000e+00 0.000000000000000000e+00 0.000000000000000000e+00 0.000000000000000000e+00 0.000000000000000000e+00 0.000000000000000000e+00 0.000000000000000000e+00 0.000000000000000000e+00 0.000000000000000000e+00 0.000000000000000000e+00 0.000000000000000000e+00 0.000000000000000000e+00 4.326494646464646432e-01 0.000000000000000000e+00 0.000000000000000000e+00 0.000000000000000000e+00 0.000000000000000000e+00 0.000000000000000000e+00 0.000000000000000000e+00 0.000000000000000000e+00 0.000000000000000000e+00 0.000000000000000000e+00 0.000000000000000000e+00 0.000000000000000000e+00
4.802343270398919950e-01 3.301935775623955349e-01 4.663967635677294110e-01 3.055451793679461181e-01 4.337431090204810213e-01 2.739153747487309554e-01 4.579015524298958306e-01 2.484289216491649965e-01 4.728691388888888181e-01 2.638386703402674227e-01 4.364064560361561873e-01 2.963831528103329505e-01 4.299985029417061067e-01 2.702726832909723709e-01 0.000000000000000000e+00 2.860227833926816676e-01 4.701368478950088137e-01 3.954066068866403660e-01 4.834648488021164314e-01 4.005408655796070527e-01 0.000000000000000000e+00 0.000000000000000000e+00 4.376226036466290270e-01 3.299714103470660631e-01 4.181045624604748379e-01 0.000000000000000000e+00 0.000000000000000000e+00 0.000000000000000000e+00 4.461637221747620785e-01 3.509606931494780313e-01 4.247964613874309348e-01 3.616109959645759098e-01 4.562200120076399523e-01 3.791852019141221386e-01 4.862928865979381787e-01 0.000000000000000000e+00 4.605304158498685352e-01 4.116393951419862751e-01 0.000000000000000000e+00 4.332238879310345014e-01 0.000000000000000000e+00 0.000000000000000000e+00 0.000000000000000000e+00 0.000000000000000000e+00 0.000000000000000000e+00 4.294990775196529942e-01 0.000000000000000000e+00 0.000000000000000000e+00 0.000000000000000000e+00 4.061394144686590324e-01 0.000000000000000000e+00 4.208039529161612391e-01 0.000000000000000000e+00 4.381460512602566859e-01 0.000000000000000000e+00 4.332223529118700012e-01 5.293007073170732379e-01 4.076196156309412899e-01 4.586493760008137355e-01 4.168029082982780409e-01 0.000000000000000000e+00 4.202087100863668434e-01 0.000000000000000000e+00 4.116473370654833430e-01 4.838348132754342057e-01 4.138301577513249230e-01 0.000000000000000000e+00 4.186647191172985227e-01 0.000000000000000000e+00 0.000000000000000000e+00 4.824563443321038814e-01 3.450999590800652994e-01 4.480444854755396555e-01 3.806406950920852572e-01 0.000000000000000000e+00 3.645354999999999568e-01 4.464949387301166417e-01 3.919694970111231025e-01 0.000000000000000000e+00 0.000000000000000000e+00 0.000000000000000000e+00 4.203200776316906029e-01 0.000000000000000000e+00 0.000000000000000000e+00 0.000000000000000000e+00 4.302794161813466300e-01 0.000000000000000000e+00 0.000000000000000000e+00 4.789099062110311333e-01 4.263151541748509410e-01 0.000000000000000000e+00 0.000000000000000000e+00 3.987408928571428146e-01 0.000000000000000000e+00 0.000000000000000000e+00 0.000000000000000000e+00 0.000000000000000000e+00 0.000000000000000000e+00 4.384570409836065497e-01 0.000000000000000000e+00 0.000000000000000000e+00 0.000000000000000000e+00 0.000000000000000000e+00 0.000000000000000000e+00 0.000000000000000000e+00 4.216193020833333693e-01 0.000000000000000000e+00 0.000000000000000000e+00 0.000000000000000000e+00 0.000000000000000000e+00 0.000000000000000000e+00 0.000000000000000000e+00 0.000000000000000000e+00 0.000000000000000000e+00 0.000000000000000000e+00 0.000000000000000000e+00
3.827288072637838878e-01 0.000000000000000000e+00 3.382594915815393954e-01 0.000000000000000000e+00 2.926800367444511441e-01 4.258305714285713917e-01 1.997434374592028383e-01 4.728691388888888181e-01 2.654612127593117266e-01 0.000000000000000000e+00 3.691202754510884976e-01 0.000000000000000000e+00 2.876465565962055271e-01 0.000000000000000000e+00 3.064670619838544829e-01 0.000000000000000000e+00 3.596820961538461092e-01 0.000000000000000000e+00 0.000000000000000000e+00 0.000000000000000000e+00 0.000000000000000000e+00 4.869805714285714293e-01 3.456872792426807228e-01 4.776302465753424209e-01 3.675044081632653503e-01 4.152059392649903313e-01 3.422640000000000127e-01 0.000000000000000000e+00 3.586048401701041888e-01 0.000000000000000000e+00 3.975434326388889161e-01 4.608976309727708109e-01 0.000000000000000000e+00 0.000000000000000000e+00 0.000000000000000000e+00 0.000000000000000000e+00 0.000000000000000000e+00 0.000000000000000000e+00 0.000000000000000000e+00 0.000000000000000000e+00 0.000000000000000000e+00 0.000000000000000000e+00 5.007958455284552413e-01 0.000000000000000000e+00 0.000000000000000000e+00 0.000000000000000000e+00 5.020149955899715355e-01 0.000000000000000000e+00 0.000000000000000000e+00 0.000000000000000000e+00 4.412478782608695305e-01 0.000000000000000000e+00 0.000000000000000000e+00 0.000000000000000000e+00 0.000000000000000000e+00 0.000000000000000000e+00 3.964835666666667313e-01 0.000000000000000000e+00 0.000000000000000000e+00 0.000000000000000000e+00 4.106369521679870682e-01 0.000000000000000000e+00 4.251367024296675567e-01 0.000000000000000000e+00 4.375113814432989301e-01 0.000000000000000000e+00 0.000000000000000000e+00 0.000000000000000000e+00 0.000000000000000000e+00 0.000000000000000000e+00 3.612073110661430664e-01 4.725748799999999750e-01 3.671033090895677864e-01 0.000000000000000000e+00 0.000000000000000000e+00 0.000000000000000000e+00 3.775730950528814467e-01 4.134857260273972490e-01 3.984203076923076847e-01 0.000000000000000000e+00 4.329384942083482346e-01 0.000000000000000000e+00 0.000000000000000000e+00 0.000000000000000000e+00 3.943728080294924276e-01 0.000000000000000000e+00 0.000000000000000000e+00 0.000000000000000000e+00 4.269871122994652324e-01 0.000000000000000000e+00 0.000000000000000000e+00 0.000000000000000000e+00 0.000000000000000000e+00 0.000000000000000000e+00 0.000000000000000000e+00 0.000000000000000000e+00 0.000000000000000000e+00 0.000000000000000000e+00 0.000000000000000000e+00 0.000000000000000000e+00 0.000000000000000000e+00 0.000000000000000000e+00 0.000000000000000000e+00 0.000000000000000000e+00 0.000000000000000000e+00 0.000000000000000000e+00 0.000000000000000000e+00 0.000000000000000000e+00 0.000000000000000000e+00 0.000000000000000000e+00 0.000000000000000000e+00 0.000000000000000000e+00 0.000000000000000000e+00 0.000000000000000000e+00 0.000000000000000000e+00 0.000000000000000000e+00
0.000000000000000000e+00 3.543020659802114669e-01 4.508542751570421281e-01 3.100187886328627518e-01 4.687096398819853293e-01 2.780389797673550878e-01 0.000000000000000000e+00 2.638386703402674227e-01 0.000000000000000000e+00 2.271262879607257035e-01 0.000000000000000000e+00 3.573064968558967713e-01 0.000000000000000000e+00 3.382018620068202863e-01 4.380616103896105007e-01 3.045118143025869473e-01 0.000000000000000000e+00 4.290319452054794369e-01 0.000000000000000000e+00 3.722285373134328057e-01 4.265862970743775628e-01 4.417418918918919468e-01 4.014696068831168918e-01 3.239372172413793605e-01 4.319096855157171788e-01 4.748136666666666894e-01 4.080000750647109764e-01 3.473178749999999981e-01 0.000000000000000000e+00 3.602556411679181392e-01 4.039574844454191793e-01 3.803158248841797540e-01 0.000000000000000000e+00 3.372129636363637162e-01 0.000000000000000000e+00 0.000000000000000000e+00 0.000000000000000000e+00 0.000000000000000000e+00 0.000000000000000000e+00 3.945023125000000075e-01 0.000000000000000000e+00 0.000000000000000000e+00 0.000000000000000000e+00 0.000000000000000000e+00 0.000000000000000000e+00 0.000000000000000000e+00 0.000000000000000000e+00 0.000000000000000000e+00 0.000000000000000000e+00 0.000000000000000000e+00 0.000000000000000000e+00 3.759000786953953788e-01 0.000000000000000000e+00 0.000000000000000000e+00 0.000000000000000000e+00 0.000000000000000000e+00 0.000000000000000000e+00 3.948679565049809659e-01 0.000000000000000000e+00 0.000000000000000000e+00 0.000000000000000000e+00 4.104410766362494023e-01 0.000000000000000000e+00 0.000000000000000000e+00 0.000000000000000000e+00 3.953607955048156763e-01 0.000000000000000000e+00 0.000000000000000000e+00 0.000000000000000000e+00 0.000000000000000000e+00 4.868337687283603166e-01 3.447338927230057526e-01 0.000000000000000000e+00 3.806475107335143826e-01 0.000000000000000000e+00 0.000000000000000000e+00 4.096867484276729976e-01 3.864805562329014510e-01 0.000000000000000000e+00 0.000000000000000000e+00 0.000000000000000000e+00 4.047625909312089765e-01 0.000000000000000000e+00 0.000000000000000000e+00 0.000000000000000000e+00 4.211417090741519931e-01 0.000000000000000000e+00 0.000000000000000000e+00 0.000000000000000000e+00 4.272775097228005414e-01 0.000000000000000000e+00 0.000000000000000000e+00 0.000000000000000000e+00 0.000000000000000000e+00 0.000000000000000000e+00 4.033145773195875861e-01 0.000000000000000000e+00 0.000000000000000000e+00 0.000000000000000000e+00 0.000000000000000000e+00 0.000000000000000000e+00 0.000000000000000000e+00 4.213169477611940494e-01 0.000000000000000000e+00 0.000000000000000000e+00 0.000000000000000000e+00 0.000000000000000000e+00 0.000000000000000000e+00 0.000000000000000000e+00 0.000000000000000000e+00 0.000000000000000000e+00 0.000000000000000000e+00 0.000000000000000000e+00 0.000000000000000000e+00 0.000000000000000000e+00 0.000000000000000000e+00
3.146971522796606635e-01 5.076027652869657958e-01 4.011905251136523853e-01 4.842853091075592920e-01 3.653124999999999845e-01 0.000000000000000000e+00 3.706842691554321778e-01 4.364064560361561873e-01 3.691202754510884976e-01 0.000000000000000000e+00 2.861142084982133404e-01 4.211270403412377128e-01 3.015875980451961369e-01 4.211654268495495512e-01 3.741833234270902087e-01 0.000000000000000000e+00 3.437003716032194789e-01 0.000000000000000000e+00 4.127035354576865656e-01 4.888385381186897694e-01 0.000000000000000000e+00 0.000000000000000000e+00 4.056278852292548032e-01 4.291675814814814860e-01 0.000000000000000000e+00 0.000000000000000000e+00 0.000000000000000000e+00 0.000000000000000000e+00 3.395655908337933404e-01 4.459899724770642893e-01 4.027930585178876588e-01 4.276712529050620271e-01 4.129216599594964232e-01 4.542627935511179826e-01 0.000000000000000000e+00 0.000000000000000000e+00 4.046908538748832940e-01 0.000000000000000000e+00 0.000000000000000000e+00 0.000000000000000000e+00 0.000000000000000000e+00 0.000000000000000000e+00 0.000000000000000000e+00 0.000000000000000000e+00 0.000000000000000000e+00 0.000000000000000000e+00 0.000000000000000000e+00 0.000000000000000000e+00 4.331843934199007817e-01 0.000000000000000000e+00 4.387996866165363441e-01 0.000000000000000000e+00 4.028272741029592652e-01 0.000000000000000000e+00 4.273621316770185863e-01 0.000000000000000000e+00 3.701651559906751210e-01 0.000000000000000000e+00 4.727356966292134421e-01 0.000000000000000000e+00 4.270159427986625067e-01 0.000000000000000000e+00 4.084280623439718316e-01 0.000000000000000000e+00 4.590075048871124497e-01 0.000000000000000000e+00 4.574248104564866413e-01 0.000000000000000000e+00 4.497104101510248086e-01 0.000000000000000000e+00 3.730136150649575044e-01 4.793415883735829830e-01 3.529291722612833970e-01 4.484934482368954645e-01 0.000000000000000000e+00 0.000000000000000000e+00 3.844472636171332725e-01 4.320265913697401428e-01 0.000000000000000000e+00 0.000000000000000000e+00 4.115608108595455450e-01 0.000000000000000000e+00 0.000000000000000000e+00 0.000000000000000000e+00 4.376165101471444774e-01 0.000000000000000000e+00 4.506448888888889837e-01 0.000000000000000000e+00 4.449395632879721285e-01 4.156064000000000425e-01 0.000000000000000000e+00 0.000000000000000000e+00 0.000000000000000000e+00 0.000000000000000000e+00 0.000000000000000000e+00 0.000000000000000000e+00 0.000000000000000000e+00 0.000000000000000000e+00 0.000000000000000000e+00 0.000000000000000000e+00 0.000000000000000000e+00 0.000000000000000000e+00 0.000000000000000000e+00 0.000000000000000000e+00 0.000000000000000000e+00 0.000000000000000000e+00 0.000000000000000000e+00 0.000000000000000000e+00 0.000000000000000000e+00 0.000000000000000000e+00 0.000000000000000000e+00 0.000000000000000000e+00 0.000000000000000000e+00 0.000000000000000000e+00 0.000000000000000000e+00 0.000000000000000000e+00
4.595036926819890954e-01 3.420241513862604110e-01 4.428203269762779892e-01 4.017044955437965581e-01 0.000000000000000000e+00 0.000000000000000000e+00 4.488965243455865783e-01 2.963831528103329505e-01 0.000000000000000000e+00 3.573064968558967713e-01 4.211270403412377128e-01 2.992321643198017078e-01 4.466915056752446267e-01 2.879388540836565480e-01 0.000000000000000000e+00 3.515990749831037210e-01 4.922485294117646681e-01 3.589375453828502760e-01 4.732722120835370361e-01 4.239895180368670746e-01 0.000000000000000000e+00 0.000000000000000000e+00 4.433453618091730553e-01 3.894743855185067161e-01 0.000000000000000000e+00 0.000000000000000000e+00 0.000000000000000000e+00 0.000000000000000000e+00 4.459872266666666807e-01 3.644923145370961848e-01 4.307015011689832029e-01 3.930783971741880212e-01 4.624347772118506672e-01 3.976294334306418876e-01 0.000000000000000000e+00 0.000000000000000000e+00 0.000000000000000000e+00 4.249835680616079192e-01 0.000000000000000000e+00 4.126510382332643778e-01 0.000000000000000000e+00 0.000000000000000000e+00 0.000000000000000000e+00 0.000000000000000000e+00 0.000000000000000000e+00 4.835380175438597217e-01 0.000000000000000000e+00 0.000000000000000000e+00 0.000000000000000000e+00 4.113582332722052204e-01 0.000000000000000000e+00 4.177050654156024279e-01 0.000000000000000000e+00 4.051722823529412820e-01 0.000000000000000000e+00 4.533407666177977080e-01 0.000000000000000000e+00 4.118023699654338454e-01 0.000000000000000000e+00 4.488260144892556869e-01 0.000000000000000000e+00 4.507293666662429699e-01 0.000000000000000000e+00 4.482193261921396110e-01 0.000000000000000000e+00 4.588875281904418735e-01 0.000000000000000000e+00 4.368997314329322590e-01 0.000000000000000000e+00 0.000000000000000000e+00 4.585685937666245660e-01 3.573158501630406825e-01 4.216708968518518841e-01 3.895972314332367681e-01 0.000000000000000000e+00 3.299414210526316338e-01 4.313791776585065296e-01 4.129842053738339014e-01 0.000000000000000000e+00 0.000000000000000000e+00 0.000000000000000000e+00 4.541570408264716807e-01 0.000000000000000000e+00 2.540215000000000112e-01 0.000000000000000000e+00 4.641867334670927159e-01 0.000000000000000000e+00 0.000000000000000000e+00 0.000000000000000000e+00 4.553490612945502725e-01 0.000000000000000000e+00 0.000000000000000000e+00 3.999771397058823341e-01 0.000000000000000000e+00 0.000000000000000000e+00 0.000000000000000000e+00 0.000000000000000000e+00 0.000000000000000000e+00 0.000000000000000000e+00 0.000000000000000000e+00 0.000000000000000000e+00 0.000000000000000000e+00 0.000000000000000000e+00 0.000000000000000000e+00 0.000000000000000000e+00 0.000000000000000000e+00 0.000000000000000000e+00 0.000000000000000000e+00 0.000000000000000000e+00 0.000000000000000000e+00 0.000000000000000000e+00 0.000000000000000000e+00 0.000000000000000000e+00 0.000000000000000000e+00 0.000000000000000000e+00 0.000000000000000000e+00
3.631595757686403303e-01 4.700670085470085580e-01 3.640712799581228287e-01 4.460363315249279426e-01 3.364792608191897738e-01 0.000000000000000000e+00 3.068570920174416572e-01 4.299985029417061067e-01 2.876465565962055271e-01 0.000000000000000000e+00 3.015875980451961369e-01 4.466915056752446267e-01 2.839025824814023213e-01 4.291952448552979749e-01 2.760556303414316015e-01 0.000000000000000000e+00 4.092536035148311990e-01 0.000000000000000000e+00 4.046091129422213495e-01 4.621121839080460925e-01 0.000000000000000000e+00 0.000000000000000000e+00 3.693884209265553276e-01 4.503116439175300911e-01 3.619079611677996078e-01 0.000000000000000000e+00 0.000000000000000000e+00 0.000000000000000000e+00 3.690160812797815271e-01 4.639676485125678318e-01 3.742184636290493693e-01 4.271243008424047138e-01 4.157690837679439699e-01 4.477184773708915988e-01 4.774494978983173654e-01 0.000000000000000000e+00 3.950002882392473769e-01 0.000000000000000000e+00 0.000000000000000000e+00 0.000000000000000000e+00 0.000000000000000000e+00 0.000000000000000000e+00 4.501628983050847133e-01 0.000000000000000000e+00 0.000000000000000000e+00 0.000000000000000000e+00 0.000000000000000000e+00 0.000000000000000000e+00 0.000000000000000000e+00 0.000000000000000000e+00 4.490809853460593914e-01 0.000000000000000000e+00 4.562579056603773275e-01 0.000000000000000000e+00 4.149770824287652982e-01 0.000000000000000000e+00 3.954250509545286785e-01 0.000000000000000000e+00 4.238331479774836152e-01 0.000000000000000000e+00 4.324204355711784298e-01 0.000000000000000000e+00 4.280007518584028059e-01 0.000000000000000000e+00 4.460827055306390565e-01 0.000000000000000000e+00 4.436751089056208408e-01 0.000000000000000000e+00 4.217142360699546177e-01 0.000000000000000000e+00 3.622803971739256834e-01 4.661487790888107496e-01 3.815607645851493146e-01 4.396179702265274880e-01 0.000000000000000000e+00 0.000000000000000000e+00 3.931681965716437577e-01 4.373677807289223507e-01 4.002328773730871592e-01 0.000000000000000000e+00 4.175561023920159598e-01 0.000000000000000000e+00 0.000000000000000000e+00 0.000000000000000000e+00 4.338496574492627378e-01 0.000000000000000000e+00 4.335062556390977262e-01 0.000000000000000000e+00 4.321557322872909834e-01 0.000000000000000000e+00 0.000000000000000000e+00 0.000000000000000000e+00 0.000000000000000000e+00 0.000000000000000000e+00 4.530749779727095694e-01 0.000000000000000000e+00 4.091858674698795051e-01 0.000000000000000000e+00 0.000000000000000000e+00 3.816626515151515520e-01 0.000000000000000000e+00 0.000000000000000000e+00 4.790209262295081483e-01 0.000000000000000000e+00 0.000000000000000000e+00 0.000000000000000000e+00 0.000000000000000000e+00 0.000000000000000000e+00 0.000000000000000000e+00 0.000000000000000000e+00 0.000000000000000000e+00 0.000000000000000000e+00 0.000000000000000000e+00 0.000000000000000000e+00 0.000000000000000000e+00 0.000000000000000000e+00
