3.071246888468232572e-01 5.178232839650017683e-01 3.630871989400940580e-01 5.303225076056873322e-01 0.000000000000000000e+00 0.000000000000000000e+00 3.527810374200021082e-01 5.052103719548195482e-01 3.782398389820625373e-01 4.399568037383177477e-01 3.608639562720913907e-01 4.954448984855864269e-01 3.958419394820201775e-01 5.000758106021816474e-01 4.004738522411145918e-01 0.000000000000000000e+00 3.110008621607625590e-01 5.029807789714864086e-01 4.220147688699011357e-01 5.435649451734375637e-01 0.000000000000000000e+00 0.000000000000000000e+00 4.623354063697947547e-01 4.440900263157894212e-01 0.000000000000000000e+00 0.000000000000000000e+00 4.431890864285714660e-01 0.000000000000000000e+00 4.270845829383175252e-01 4.982815863359662534e-01 4.135431235955859819e-01 5.054119534883720899e-01 4.484280356524075750e-01 5.209088400165252652e-01 0.000000000000000000e+00 4.906355983606557336e-01 5.182226234174150958e-01 5.339198504672897361e-01 4.377312524271843586e-01 0.000000000000000000e+00 4.413190418778205615e-01 0.000000000000000000e+00 0.000000000000000000e+00 0.000000000000000000e+00 4.215877052144659798e-01 0.000000000000000000e+00 4.613689000000000262e-01 0.000000000000000000e+00 4.485202228997611229e-01 0.000000000000000000e+00 4.322512497323633962e-01 0.000000000000000000e+00 4.230494045466539621e-01 0.000000000000000000e+00 4.318451919282397800e-01 4.788182985074627140e-01 3.381938042227641827e-01 5.077748437920368563e-01 4.503295837709650473e-01 5.026804838709678647e-01 4.265916814445612215e-01 0.000000000000000000e+00 4.092718884055878692e-01 0.000000000000000000e+00 4.348643536841332313e-01 5.021709739130434391e-01 4.669229187666217307e-01 5.420142554019935499e-01 4.018471754881407509e-01 5.449838252756169510e-01 3.839007773310318949e-01 5.028732755210180150e-01 4.047463042155169388e-01 4.824704622143528021e-01 0.000000000000000000e+00 0.000000000000000000e+00 4.133179955359064239e-01 4.936341762784469123e-01 0.000000000000000000e+00 0.000000000000000000e+00 3.690553116736703942e-01 0.000000000000000000e+00 0.000000000000000000e+00 0.000000000000000000e+00 4.519262429502418632e-01 0.000000000000000000e+00 0.000000000000000000e+00 0.000000000000000000e+00 4.511752860654780761e-01 4.696019552238806516e-01 4.279897319619927476e-01 0.000000000000000000e+00 4.039416096933057254e-01 0.000000000000000000e+00 4.492114197344782567e-01 0.000000000000000000e+00 0.000000000000000000e+00 0.000000000000000000e+00 0.000000000000000000e+00 0.000000000000000000e+00 4.131420941838118144e-01 0.000000000000000000e+00 4.307906314489679533e-01 0.000000000000000000e+00 4.847848742424242241e-01 0.000000000000000000e+00 0.000000000000000000e+00 0.000000000000000000e+00 0.000000000000000000e+00 0.000000000000000000e+00 0.000000000000000000e+00 0.000000000000000000e+00 3.913133550724637866e-01 0.000000000000000000e+00 0.000000000000000000e+00 0.000000000000000000e+00
5.178232839650017683e-01 3.193046611187673745e-01 5.457402350998959983e-01 3.654496797066386637e-01 0.000000000000000000e+00 3.823859583333333867e-01 5.107130110396788103e-01 3.691993858017161290e-01 0.000000000000000000e+00 3.836726454301868094e-01 4.769821510210994764e-01 3.567433993136551185e-01 4.877041249999999883e-01 3.987805785414810789e-01 0.000000000000000000e+00 4.222125403658414378e-01 4.904980885446540984e-01 2.826580048414552016e-01 5.427377823397346868e-01 4.096466055996104694e-01 0.000000000000000000e+00 0.000000000000000000e+00 5.005980823462623519e-01 4.533220005637585981e-01 0.000000000000000000e+00 0.000000000000000000e+00 0.000000000000000000e+00 0.000000000000000000e+00 5.395967840909090540e-01 4.352548809461168622e-01 4.789691538812178018e-01 0.000000000000000000e+00 5.348722248507660204e-01 4.668968541551821172e-01 4.839342294215795981e-01 4.584397782600831972e-01 4.978519849983404910e-01 5.093050554295416310e-01 0.000000000000000000e+00 4.489444277192114474e-01 0.000000000000000000e+00 4.638941785714285615e-01 0.000000000000000000e+00 4.126081100917431410e-01 0.000000000000000000e+00 4.105800188679245011e-01 0.000000000000000000e+00 0.000000000000000000e+00 0.000000000000000000e+00 4.239167688895060793e-01 4.917966302521008526e-01 3.935830568639885896e-01 0.000000000000000000e+00 4.108564702857787077e-01 0.000000000000000000e+00 4.174914499506570120e-01 5.240035674199532423e-01 3.589742926707407689e-01 5.374751860576564289e-01 4.524272637125063001e-01 5.143693155245758764e-01 4.110344794171432725e-01 0.000000000000000000e+00 3.958406090503115426e-01 0.000000000000000000e+00 4.247967820140428064e-01 5.356667729556247037e-01 4.623592996984757231e-01 5.486883111454200490e-01 3.400840347766058147e-01 4.849207453937543488e-01 4.174265177163773988e-01 4.939211653670068092e-01 4.078956468891932752e-01 0.000000000000000000e+00 0.000000000000000000e+00 4.820805545581035023e-01 4.149291420111403395e-01 0.000000000000000000e+00 4.672880649350649174e-01 5.068228181818180689e-01 4.746001142830723052e-01 0.000000000000000000e+00 3.339179583333333201e-01 5.135475688073394274e-01 4.563766952407482536e-01 0.000000000000000000e+00 0.000000000000000000e+00 0.000000000000000000e+00 4.492077412860230878e-01 0.000000000000000000e+00 4.872953266271247696e-01 0.000000000000000000e+00 4.393477262898457525e-01 4.779865308571428217e-01 4.576889853225071803e-01 0.000000000000000000e+00 0.000000000000000000e+00 4.919342352941176166e-01 0.000000000000000000e+00 0.000000000000000000e+00 4.460585692307692529e-01 0.000000000000000000e+00 4.592137176925862874e-01 0.000000000000000000e+00 4.563894269230399092e-01 0.000000000000000000e+00 4.569652488533988421e-01 0.000000000000000000e+00 4.178907727272727635e-01 4.733426166666666601e-01 0.000000000000000000e+00 0.000000000000000000e+00 0.000000000000000000e+00 0.000000000000000000e+00 0.000000000000000000e+00
3.630871989400940580e-01 5.457402350998959983e-01 3.145172600994209366e-01 4.959576494259003154e-01 2.086759155914095776e-01 4.802716803921568967e-01 3.202919387421783171e-01 4.795101286568481114e-01 2.798474065149048617e-01 4.348020128726903244e-01 3.858948854794110872e-01 5.177998335623804627e-01 3.557167274995359230e-01 4.582561445434915059e-01 3.333904742435959134e-01 4.447549433885610859e-01 4.164584523561054574e-01 5.246197637545402248e-01 3.553182938577541528e-01 5.596989287249071188e-01 0.000000000000000000e+00 0.000000000000000000e+00 2.753837763566190922e-01 4.543923431960784076e-01 1.832037252461421739e-01 4.341930581674821044e-01 3.273149737300863893e-01 4.826217424242424392e-01 3.668026496556647809e-01 4.555430691856386938e-01 4.163654009549250246e-01 4.457922724771850587e-01 4.310396475863867982e-01 5.388618822744661863e-01 4.980838825270462733e-01 0.000000000000000000e+00 4.633696639259673455e-01 5.542217223443224317e-01 0.000000000000000000e+00 5.745226931818181448e-01 4.527846056225015570e-01 4.882891428571428105e-01 4.365403562424242656e-01 0.000000000000000000e+00 0.000000000000000000e+00 5.282956083333333330e-01 4.451762375438595987e-01 0.000000000000000000e+00 4.293054946303752062e-01 0.000000000000000000e+00 4.061033822875840804e-01 0.000000000000000000e+00 4.194282481060606083e-01 0.000000000000000000e+00 4.005897868579572640e-01 0.000000000000000000e+00 4.505581948964444972e-01 4.803585578947368040e-01 4.653662331524229812e-01 0.000000000000000000e+00 4.200066313510301685e-01 0.000000000000000000e+00 3.868515119047619688e-01 4.937599999999999212e-01 4.118332208911658632e-01 0.000000000000000000e+00 4.795414274247731812e-01 4.941330028985507217e-01 4.290337528891878804e-01 5.178226376811594367e-01 3.772657187466709194e-01 5.087536740494651433e-01 3.668301130317522252e-01 4.803556603568826522e-01 3.094698044444443852e-01 0.000000000000000000e+00 3.947864681570772416e-01 4.812295361356723200e-01 0.000000000000000000e+00 0.000000000000000000e+00 4.105637207082130091e-01 0.000000000000000000e+00 0.000000000000000000e+00 0.000000000000000000e+00 4.048858700977346348e-01 0.000000000000000000e+00 0.000000000000000000e+00 4.486910508474576398e-01 3.892875533738097693e-01 5.109449280575539820e-01 4.187095549233393332e-01 4.726602818181818710e-01 4.386423564622023985e-01 4.707241344537815286e-01 4.256334053608397672e-01 4.353097340425530759e-01 0.000000000000000000e+00 0.000000000000000000e+00 4.180439145299145176e-01 4.144501055714285842e-01 3.980548546953688316e-01 0.000000000000000000e+00 4.137983769894319486e-01 0.000000000000000000e+00 0.000000000000000000e+00 4.458293111111111817e-01 0.000000000000000000e+00 0.000000000000000000e+00 0.000000000000000000e+00 0.000000000000000000e+00 0.000000000000000000e+00 0.000000000000000000e+00 0.000000000000000000e+00 0.000000000000000000e+00 0.000000000000000000e+00 0.000000000000000000e+00
5.303225076056873322e-01 3.654496797066386637e-01 4.959576494259003154e-01 2.849149455212497961e-01 4.404287168311318834e-01 1.584592538206896217e-01 4.926636530051061724e-01 3.150037920090220656e-01 4.611946825132027250e-01 3.043464341558047015e-01 5.076242525435763486e-01 4.188170520560128840e-01 4.764710427906828638e-01 3.716315472026662237e-01 4.912919043029260191e-01 3.102737981098789843e-01 5.189760848072562105e-01 4.381869744901334962e-01 5.443497328268150914e-01 3.419809104601698180e-01 0.000000000000000000e+00 0.000000000000000000e+00 4.785973491141892189e-01 2.738348681846807797e-01 4.549649494849345999e-01 2.358218509629808057e-01 0.000000000000000000e+00 3.675438193779904106e-01 4.781198619558357232e-01 3.901067382901845515e-01 4.490796997630697729e-01 3.995096759739850678e-01 5.398679341462278014e-01 4.440381133508261580e-01 0.000000000000000000e+00 4.762753059840824643e-01 5.075591973752598962e-01 4.743453815142616437e-01 0.000000000000000000e+00 4.728357758326939275e-01 0.000000000000000000e+00 4.134276447329860993e-01 0.000000000000000000e+00 4.910195098039214501e-01 0.000000000000000000e+00 4.453243853629927362e-01 0.000000000000000000e+00 4.814101228070175043e-01 0.000000000000000000e+00 4.348294573707812138e-01 5.314473565891473239e-01 4.013378645074540119e-01 0.000000000000000000e+00 0.000000000000000000e+00 0.000000000000000000e+00 3.822839523809523632e-01 5.319033049225609933e-01 4.566805376121347848e-01 4.802997756123101314e-01 4.799626985346354680e-01 0.000000000000000000e+00 4.160996797894208066e-01 0.000000000000000000e+00 4.091595344827586578e-01 4.323930303030303346e-01 4.381884447357752288e-01 5.332053644763461442e-01 4.889088954354570138e-01 5.754256070872002526e-01 4.683660025989923592e-01 5.099643276415758431e-01 3.872929702048588108e-01 4.758443368269121287e-01 3.939708988896074016e-01 0.000000000000000000e+00 3.457314377049180432e-01 4.834897908410819012e-01 4.174437265437416222e-01 0.000000000000000000e+00 0.000000000000000000e+00 5.298541666666666261e-01 4.594556986301370216e-01 0.000000000000000000e+00 4.178594203945540375e-01 0.000000000000000000e+00 4.232794982743222079e-01 0.000000000000000000e+00 0.000000000000000000e+00 0.000000000000000000e+00 3.911436717142802721e-01 4.101011609740659591e-01 4.512368024729742633e-01 0.000000000000000000e+00 4.552339948820605109e-01 4.306934021739129426e-01 4.512498224589032159e-01 0.000000000000000000e+00 0.000000000000000000e+00 4.601870763888889493e-01 0.000000000000000000e+00 4.389897333333332430e-01 0.000000000000000000e+00 4.615823857142856701e-01 4.253030909582326546e-01 4.369435114503816830e-01 4.590921038029054935e-01 4.283717962962962922e-01 0.000000000000000000e+00 0.000000000000000000e+00 0.000000000000000000e+00 0.000000000000000000e+00 0.000000000000000000e+00 0.000000000000000000e+00 0.000000000000000000e+00 0.000000000000000000e+00 0.000000000000000000e+00
0.000000000000000000e+00 0.000000000000000000e+00 2.086759155914095776e-01 4.404287168311318834e-01 2.052715061138616903e-01 4.987321235121134899e-01 2.867382813541198838e-01 4.607481784853959539e-01 2.292576296029529836e-01 4.769643662427092701e-01 0.000000000000000000e+00 0.000000000000000000e+00 3.345852742202731767e-01 4.664365822784810600e-01 3.120934816873259243e-01 4.873119023783409887e-01 0.000000000000000000e+00 0.000000000000000000e+00 3.655189992975079183e-01 0.000000000000000000e+00 3.756237349827515337e-01 4.855355439393939654e-01 3.486662870656584978e-01 4.501520345461506589e-01 1.567952162671043537e-01 4.772990554018621268e-01 2.118979530304163084e-01 4.630935307986152050e-01 3.341866037427473346e-01 0.000000000000000000e+00 3.529249386145577039e-01 4.316240936876655221e-01 3.604518315515257698e-01 4.056941054794520607e-01 0.000000000000000000e+00 5.095900476190475814e-01 4.310394199999999509e-01 0.000000000000000000e+00 0.000000000000000000e+00 0.000000000000000000e+00 0.000000000000000000e+00 0.000000000000000000e+00 4.879986788990824942e-01 0.000000000000000000e+00 4.602207215169787924e-01 0.000000000000000000e+00 0.000000000000000000e+00 0.000000000000000000e+00 0.000000000000000000e+00 0.000000000000000000e+00 4.352733058040074710e-01 0.000000000000000000e+00 4.093669879518072596e-01 0.000000000000000000e+00 4.121040646721311207e-01 0.000000000000000000e+00 4.406067821782178595e-01 0.000000000000000000e+00 0.000000000000000000e+00 3.982959662921348176e-01 4.389598837209301996e-01 0.000000000000000000e+00 0.000000000000000000e+00 0.000000000000000000e+00 4.061426111111110515e-01 0.000000000000000000e+00 4.351754792840936137e-01 0.000000000000000000e+00 0.000000000000000000e+00 0.000000000000000000e+00 3.672525770666199563e-01 5.031764092357342566e-01 3.622782625625333153e-01 4.439504145694208592e-01 0.000000000000000000e+00 0.000000000000000000e+00 3.645130985490947495e-01 3.903945623401534615e-01 0.000000000000000000e+00 0.000000000000000000e+00 4.057563914312039000e-01 0.000000000000000000e+00 4.240476785714285546e-01 0.000000000000000000e+00 4.059282172926177990e-01 0.000000000000000000e+00 3.938062814645240661e-01 0.000000000000000000e+00 4.034135381978381507e-01 0.000000000000000000e+00 0.000000000000000000e+00 0.000000000000000000e+00 0.000000000000000000e+00 0.000000000000000000e+00 3.700024647887323326e-01 0.000000000000000000e+00 0.000000000000000000e+00 0.000000000000000000e+00 0.000000000000000000e+00 0.000000000000000000e+00 0.000000000000000000e+00 0.000000000000000000e+00 0.000000000000000000e+00 0.000000000000000000e+00 0.000000000000000000e+00 0.000000000000000000e+00 0.000000000000000000e+00 0.000000000000000000e+00 0.000000000000000000e+00 0.000000000000000000e+00 0.000000000000000000e+00 0.000000000000000000e+00 0.000000000000000000e+00 0.000000000000000000e+00 0.000000000000000000e+00 0.000000000000000000e+00
0.000000000000000000e+00 3.823859583333333867e-01 4.802716803921568967e-01 1.584592538206896217e-01 4.987321235121134899e-01 2.306791314378016655e-01 4.361410640652951809e-01 2.662665699310889367e-01 4.632435265765277310e-01 1.791754233377779726e-01 0.000000000000000000e+00 3.442079774675162462e-01 4.625152193410510537e-01 3.203073438781668947e-01 4.570748712608217468e-01 2.740112258566505532e-01 0.000000000000000000e+00 0.000000000000000000e+00 4.592330813008129731e-01 0.000000000000000000e+00 4.690436137749453005e-01 3.393603326047830993e-01 4.511017360371743501e-01 2.020393082403366680e-01 4.643850394372578960e-01 2.061585511003073412e-01 4.826931103024461045e-01 2.475516633674785250e-01 4.879791448827293099e-01 2.721228324470562621e-01 4.068248397167492092e-01 3.490879370620172950e-01 0.000000000000000000e+00 3.720956143773490044e-01 0.000000000000000000e+00 0.000000000000000000e+00 0.000000000000000000e+00 4.102985528698974704e-01 0.000000000000000000e+00 4.436884827586208835e-01 0.000000000000000000e+00 4.039359865403788774e-01 0.000000000000000000e+00 4.678199052631579202e-01 0.000000000000000000e+00 0.000000000000000000e+00 0.000000000000000000e+00 4.328716803405572300e-01 0.000000000000000000e+00 4.566665530303030129e-01 0.000000000000000000e+00 4.269292915014158418e-01 0.000000000000000000e+00 4.325089406779661361e-01 0.000000000000000000e+00 4.502174864864864068e-01 0.000000000000000000e+00 3.805467173148253668e-01 0.000000000000000000e+00 0.000000000000000000e+00 0.000000000000000000e+00 0.000000000000000000e+00 0.000000000000000000e+00 4.389806666666667412e-01 0.000000000000000000e+00 4.534381666666666977e-01 0.000000000000000000e+00 4.506692310547875113e-01 0.000000000000000000e+00 0.000000000000000000e+00 4.967762337664640149e-01 3.731198068452135086e-01 5.133613103610674688e-01 3.357989816673722094e-01 0.000000000000000000e+00 3.198864242424242499e-01 0.000000000000000000e+00 3.590532804558907443e-01 0.000000000000000000e+00 0.000000000000000000e+00 0.000000000000000000e+00 3.935789566497990277e-01 0.000000000000000000e+00 3.792268488300492568e-01 0.000000000000000000e+00 3.973873287309822033e-01 0.000000000000000000e+00 3.771218591117395658e-01 0.000000000000000000e+00 4.063298527878289046e-01 3.620579022556391080e-01 0.000000000000000000e+00 0.000000000000000000e+00 0.000000000000000000e+00 0.000000000000000000e+00 0.000000000000000000e+00 0.000000000000000000e+00 0.000000000000000000e+00 0.000000000000000000e+00 0.000000000000000000e+00 3.823001406250000067e-01 0.000000000000000000e+00 0.000000000000000000e+00 0.000000000000000000e+00 0.000000000000000000e+00 0.000000000000000000e+00 0.000000000000000000e+00 0.000000000000000000e+00 0.000000000000000000e+00 0.000000000000000000e+00 0.000000000000000000e+00 0.000000000000000000e+00 0.000000000000000000e+00 0.000000000000000000e+00 0.000000000000000000e+00 0.000000000000000000e+00
3.527810374200021082e-01 5.107130110396788103e-01 3.202919387421783171e-01 4.926636530051061724e-01 2.867382813541198838e-01 4.361410640652951809e-01 2.695913460680300355e-01 4.780187310536309075e-01 3.296988380959900988e-01 4.238310868855266755e-01 3.298262052015693557e-01 4.950470837080918618e-01 2.983786577180204125e-01 4.642907364856723174e-01 3.382455195805055825e-01 4.171069480486046532e-01 3.950207142227906698e-01 5.021576103599690866e-01 4.212657048470190846e-01 5.297771262959470873e-01 0.000000000000000000e+00 0.000000000000000000e+00 3.453227131920093562e-01 4.770657004088468822e-01 3.186296719246241027e-01 4.386185756213478171e-01 0.000000000000000000e+00 4.381592527472527032e-01 3.469319415336273305e-01 4.696121431502686128e-01 3.947601081987487937e-01 4.593083133433973342e-01 4.077927510315535464e-01 5.102726914092531318e-01 4.506066571969696843e-01 0.000000000000000000e+00 4.312244830666420170e-01 5.221293436669325327e-01 4.235317979055212012e-01 0.000000000000000000e+00 3.542587547169812057e-01 0.000000000000000000e+00 4.133486521739129782e-01 0.000000000000000000e+00 4.004808484383307610e-01 0.000000000000000000e+00 4.265008534482759295e-01 0.000000000000000000e+00 3.999716180286503886e-01 0.000000000000000000e+00 4.021842693690622639e-01 4.708429931506849520e-01 4.121792893724293139e-01 0.000000000000000000e+00 4.232174853425867966e-01 0.000000000000000000e+00 4.182078205190644105e-01 4.973784883720929750e-01 4.219345217825467564e-01 0.000000000000000000e+00 4.263391726150620453e-01 0.000000000000000000e+00 4.029113784862993763e-01 0.000000000000000000e+00 4.140511015042883658e-01 0.000000000000000000e+00 4.615273429671327698e-01 5.203899193548386926e-01 4.386998516044736118e-01 4.861932913907284770e-01 3.507689247642002406e-01 5.063874172743713098e-01 3.520992272658755584e-01 4.760061607490814195e-01 0.000000000000000000e+00 0.000000000000000000e+00 3.695712220103773427e-01 4.832069011172607786e-01 0.000000000000000000e+00 0.000000000000000000e+00 3.924304869947157215e-01 0.000000000000000000e+00 0.000000000000000000e+00 0.000000000000000000e+00 4.169813934191561877e-01 0.000000000000000000e+00 0.000000000000000000e+00 0.000000000000000000e+00 4.118113329893169361e-01 0.000000000000000000e+00 0.000000000000000000e+00 0.000000000000000000e+00 0.000000000000000000e+00 0.000000000000000000e+00 0.000000000000000000e+00 0.000000000000000000e+00 0.000000000000000000e+00 0.000000000000000000e+00 0.000000000000000000e+00 0.000000000000000000e+00 4.009323272727272069e-01 0.000000000000000000e+00 4.108453073936004785e-01 0.000000000000000000e+00 4.002170930232557544e-01 0.000000000000000000e+00 0.000000000000000000e+00 0.000000000000000000e+00 0.000000000000000000e+00 0.000000000000000000e+00 0.000000000000000000e+00 0.000000000000000000e+00 0.000000000000000000e+00 0.000000000000000000e+00 0.000000000000000000e+00 0.000000000000000000e+00
5.052103719548195482e-01 3.691993858017161290e-01 4.795101286568481114e-01 3.150037920090220656e-01 4.607481784853959539e-01 2.662665699310889367e-01 4.780187310536309075e-01 2.908932517935666762e-01 4.355456246085193661e-01 2.797575451342745323e-01 4.993706443509056681e-01 3.381098315307345392e-01 4.592499250057796023e-01 3.185182283618520072e-01 4.177958207996825268e-01 3.068642031846932627e-01 5.073854010493282773e-01 4.129213786258305041e-01 5.153413001613783573e-01 4.238909149927809206e-01 4.112954505494505475e-01 0.000000000000000000e+00 4.629573541898402977e-01 3.630063325152907971e-01 4.306047471895066425e-01 3.542366270480738488e-01 4.767347726025855659e-01 0.000000000000000000e+00 4.806348292731528749e-01 3.754722115927189852e-01 4.494758112681934148e-01 3.908662129737713875e-01 5.079577834523607560e-01 4.232779768816921084e-01 0.000000000000000000e+00 4.845104161896107708e-01 5.170778679422000090e-01 4.517710606008411012e-01 0.000000000000000000e+00 4.638780391450408325e-01 5.013105754040404483e-01 3.555272135706340486e-01 0.000000000000000000e+00 3.879404354838709712e-01 0.000000000000000000e+00 4.202903488193269754e-01 0.000000000000000000e+00 0.000000000000000000e+00 0.000000000000000000e+00 3.912937760547302024e-01 0.000000000000000000e+00 3.831193513983627841e-01 0.000000000000000000e+00 4.040071296333829221e-01 0.000000000000000000e+00 4.100644750675734862e-01 5.058600307359306658e-01 4.161270849310355069e-01 5.062199024083564591e-01 4.689837700244689489e-01 5.118132769230768764e-01 4.115997530841464802e-01 0.000000000000000000e+00 4.119478451675913644e-01 0.000000000000000000e+00 4.223053815617082707e-01 5.107038166705701876e-01 4.733573585108749593e-01 5.383823804347825925e-01 4.437205397286329012e-01 5.019165259414899438e-01 3.440273686000682729e-01 4.540861844353278887e-01 3.694166293288951297e-01 0.000000000000000000e+00 3.549490571428571273e-01 4.663139579005991520e-01 3.940071869414778494e-01 0.000000000000000000e+00 4.224020084005586928e-01 0.000000000000000000e+00 4.507427775980631379e-01 0.000000000000000000e+00 4.364020172413792253e-01 4.497899683544303029e-01 4.417688908119106195e-01 0.000000000000000000e+00 4.263115615384615031e-01 0.000000000000000000e+00 4.308171701899890516e-01 0.000000000000000000e+00 4.106846422764227622e-01 0.000000000000000000e+00 4.147145680000000612e-01 0.000000000000000000e+00 4.169996851851852093e-01 0.000000000000000000e+00 0.000000000000000000e+00 0.000000000000000000e+00 0.000000000000000000e+00 4.246618257575757727e-01 0.000000000000000000e+00 4.788309166666667172e-01 3.961809908256879731e-01 4.490002671232876108e-01 4.342040067062771791e-01 0.000000000000000000e+00 4.332865272727272621e-01 0.000000000000000000e+00 4.221803010752688268e-01 0.000000000000000000e+00 0.000000000000000000e+00 0.000000000000000000e+00 0.000000000000000000e+00 0.000000000000000000e+00 0.000000000000000000e+00
3.782398389820625373e-01 0.000000000000000000e+00 2.798474065149048617e-01 4.611946825132027250e-01 2.292576296029529836e-01 4.632435265765277310e-01 3.296988380959900988e-01 4.355456246085193661e-01 2.434141246627903599e-01 4.437680755743374506e-01 4.079055672490332629e-01 0.000000000000000000e+00 3.459428024312811711e-01 4.395644222222223063e-01 3.001238330541919352e-01 4.168922223670383786e-01 4.119528124999999319e-01 0.000000000000000000e+00 4.122744512530530647e-01 0.000000000000000000e+00 3.425356892063491920e-01 0.000000000000000000e+00 3.422294338117268242e-01 4.528207457366056898e-01 2.761160390589111335e-01 4.465309597832966548e-01 2.943701897319674909e-01 4.389203131410256975e-01 3.497953180389835048e-01 4.327755403570172632e-01 3.591062012070328491e-01 4.339349171132323990e-01 3.835504770114942508e-01 4.984826981132075563e-01 0.000000000000000000e+00 0.000000000000000000e+00 3.544281409090909163e-01 0.000000000000000000e+00 3.866820368217054327e-01 0.000000000000000000e+00 4.114975576923076139e-01 0.000000000000000000e+00 4.662025117549422615e-01 0.000000000000000000e+00 0.000000000000000000e+00 0.000000000000000000e+00 4.354589565217391045e-01 0.000000000000000000e+00 0.000000000000000000e+00 0.000000000000000000e+00 4.101462458667949340e-01 0.000000000000000000e+00 4.266400392156863841e-01 0.000000000000000000e+00 4.272733937007874294e-01 0.000000000000000000e+00 4.116471492707390323e-01 0.000000000000000000e+00 4.127491111111110111e-01 0.000000000000000000e+00 4.304172236152368769e-01 0.000000000000000000e+00 4.147152651646052179e-01 0.000000000000000000e+00 4.047918185811519853e-01 0.000000000000000000e+00 4.156529596503282797e-01 0.000000000000000000e+00 4.468625694968748618e-01 0.000000000000000000e+00 3.414041667782257150e-01 4.846348551192345977e-01 3.654180639193207458e-01 4.474005215082287323e-01 0.000000000000000000e+00 0.000000000000000000e+00 3.757684695222808791e-01 0.000000000000000000e+00 0.000000000000000000e+00 0.000000000000000000e+00 4.292072398977764824e-01 0.000000000000000000e+00 3.898653584905660274e-01 0.000000000000000000e+00 4.128622370306365141e-01 0.000000000000000000e+00 3.700994874663073309e-01 0.000000000000000000e+00 4.218756932644309177e-01 0.000000000000000000e+00 3.996015367647058891e-01 0.000000000000000000e+00 0.000000000000000000e+00 0.000000000000000000e+00 0.000000000000000000e+00 0.000000000000000000e+00 0.000000000000000000e+00 0.000000000000000000e+00 0.000000000000000000e+00 0.000000000000000000e+00 0.000000000000000000e+00 0.000000000000000000e+00 0.000000000000000000e+00 0.000000000000000000e+00 0.000000000000000000e+00 0.000000000000000000e+00 0.000000000000000000e+00 0.000000000000000000e+00 0.000000000000000000e+00 0.000000000000000000e+00 0.000000000000000000e+00 0.000000000000000000e+00 0.000000000000000000e+00 0.000000000000000000e+00 0.000000000000000000e+00 0.000000000000000000e+00
4.399568037383177477e-01 3.836726454301868094e-01 4.348020128726903244e-01 3.043464341558047015e-01 4.769643662427092701e-01 1.791754233377779726e-01 4.238310868855266755e-01 2.797575451342745323e-01 4.437680755743374506e-01 2.237772394880432614e-01 0.000000000000000000e+00 3.637770243541489368e-01 4.624679993504149378e-01 3.237143500890443670e-01 4.578645310721629613e-01 2.851276160599864884e-01 0.000000000000000000e+00 4.067927397260274192e-01 0.000000000000000000e+00 4.060962931034481915e-01 4.695035641025641637e-01 3.445787330998624776e-01 4.565490288320104839e-01 3.391125419200328173e-01 4.742320895490381716e-01 2.344907577125552589e-01 4.501263201482261778e-01 1.609930110134707715e-01 4.798723367522733096e-01 3.200332316999430216e-01 4.093135570434498494e-01 3.612911109996583270e-01 0.000000000000000000e+00 3.813944317414906249e-01 0.000000000000000000e+00 4.694453461538460881e-01 0.000000000000000000e+00 3.985699684985489211e-01 0.000000000000000000e+00 0.000000000000000000e+00 0.000000000000000000e+00 3.963387175253991757e-01 0.000000000000000000e+00 0.000000000000000000e+00 0.000000000000000000e+00 0.000000000000000000e+00 0.000000000000000000e+00 4.607296967213114769e-01 0.000000000000000000e+00 0.000000000000000000e+00 0.000000000000000000e+00 0.000000000000000000e+00 0.000000000000000000e+00 0.000000000000000000e+00 0.000000000000000000e+00 3.987123244552845946e-01 0.000000000000000000e+00 3.861577820034073349e-01 4.680611941176470725e-01 0.000000000000000000e+00 0.000000000000000000e+00 4.051436255411255960e-01 0.000000000000000000e+00 4.183397403381642343e-01 0.000000000000000000e+00 0.000000000000000000e+00 0.000000000000000000e+00 0.000000000000000000e+00 0.000000000000000000e+00 0.000000000000000000e+00 4.917161882999080413e-01 3.467841779714626593e-01 4.730292853711484669e-01 3.439726241243208360e-01 0.000000000000000000e+00 3.442276363636363468e-01 4.431873869363395224e-01 3.762306054635077834e-01 0.000000000000000000e+00 4.277986630434781889e-01 0.000000000000000000e+00 4.421447831920040095e-01 0.000000000000000000e+00 0.000000000000000000e+00 0.000000000000000000e+00 4.047135642276877276e-01 0.000000000000000000e+00 3.633496172839506544e-01 0.000000000000000000e+00 4.173368865506619230e-01 0.000000000000000000e+00 3.634369925373134858e-01 3.973156293706293640e-01 0.000000000000000000e+00 0.000000000000000000e+00 3.763399777777777788e-01 0.000000000000000000e+00 0.000000000000000000e+00 0.000000000000000000e+00 0.000000000000000000e+00 0.000000000000000000e+00 0.000000000000000000e+00 0.000000000000000000e+00 0.000000000000000000e+00 0.000000000000000000e+00 3.777328981481481440e-01 0.000000000000000000e+00 0.000000000000000000e+00 0.000000000000000000e+00 0.000000000000000000e+00 0.000000000000000000e+00 0.000000000000000000e+00 0.000000000000000000e+00 0.000000000000000000e+00 0.000000000000000000e+00 0.000000000000000000e+00
3.608639562720913907e-01 4.769821510210994764e-01 3.858948854794110872e-01 5.076242525435763486e-01 0.000000000000000000e+00 0.000000000000000000e+00 3.298262052015693557e-01 4.993706443509056681e-01 4.079055672490332629e-01 0.000000000000000000e+00 3.298232566289853174e-01 4.955542644651460549e-01 3.242341162159022017e-01 4.792573673715121441e-01 3.926785603243173051e-01 0.000000000000000000e+00 3.586309501115867437e-01 5.105348937727368641e-01 4.160620574619601220e-01 5.234646244657301661e-01 0.000000000000000000e+00 0.000000000000000000e+00 3.950937491994192530e-01 4.980653715074342403e-01 0.000000000000000000e+00 0.000000000000000000e+00 0.000000000000000000e+00 0.000000000000000000e+00 3.840246468828060755e-01 0.000000000000000000e+00 4.257565720437866963e-01 4.458405365391859276e-01 4.185362530319302055e-01 5.129840678915817964e-01 4.686037227018021722e-01 0.000000000000000000e+00 4.589709032501890218e-01 5.390523396226415409e-01 4.624039230562714264e-01 0.000000000000000000e+00 0.000000000000000000e+00 0.000000000000000000e+00 4.407717399999999675e-01 0.000000000000000000e+00 4.794844070796459579e-01 0.000000000000000000e+00 4.356902197802197674e-01 0.000000000000000000e+00 4.593527530391718905e-01 0.000000000000000000e+00 4.515811180906177946e-01 0.000000000000000000e+00 4.363906113096894246e-01 0.000000000000000000e+00 4.581783027498015359e-01 0.000000000000000000e+00 4.206947558155894051e-01 4.849478218582676803e-01 4.460991825842550718e-01 4.767236148148147890e-01 4.352812463463755499e-01 0.000000000000000000e+00 4.383255876251665462e-01 0.000000000000000000e+00 4.513982602769452401e-01 0.000000000000000000e+00 4.552508890406092856e-01 0.000000000000000000e+00 4.361333226793078222e-01 0.000000000000000000e+00 3.736493521630777637e-01 5.170936343290389869e-01 4.010533997610294943e-01 4.843020920148644048e-01 0.000000000000000000e+00 0.000000000000000000e+00 3.936067850568049642e-01 4.968231599615646199e-01 0.000000000000000000e+00 0.000000000000000000e+00 3.382755536421624964e-01 0.000000000000000000e+00 0.000000000000000000e+00 0.000000000000000000e+00 4.710391538576372827e-01 0.000000000000000000e+00 4.244544871794871943e-01 0.000000000000000000e+00 4.582595148259120399e-01 0.000000000000000000e+00 0.000000000000000000e+00 0.000000000000000000e+00 0.000000000000000000e+00 0.000000000000000000e+00 0.000000000000000000e+00 4.970977804878048412e-01 0.000000000000000000e+00 0.000000000000000000e+00 0.000000000000000000e+00 0.000000000000000000e+00 0.000000000000000000e+00 0.000000000000000000e+00 0.000000000000000000e+00 0.000000000000000000e+00 0.000000000000000000e+00 0.000000000000000000e+00 0.000000000000000000e+00 0.000000000000000000e+00 0.000000000000000000e+00 0.000000000000000000e+00 0.000000000000000000e+00 0.000000000000000000e+00 0.000000000000000000e+00 0.000000000000000000e+00 0.000000000000000000e+00 0.000000000000000000e+00
4.954448984855864269e-01 3.567433993136551185e-01 5.177998335623804627e-01 4.188170520560128840e-01 0.000000000000000000e+00 3.442079774675162462e-01 4.950470837080918618e-01 3.381098315307345392e-01 0.000000000000000000e+00 3.637770243541489368e-01 4.955542644651460549e-01 3.176532953513588331e-01 4.814741160257428598e-01 3.242137732406694117e-01 0.000000000000000000e+00 3.825781293621554058e-01 4.910010595238095688e-01 3.699668146385498013e-01 5.093763932197939992e-01 4.476505612912996535e-01 0.000000000000000000e+00 0.000000000000000000e+00 4.976976645378838326e-01 4.157822210587879819e-01 0.000000000000000000e+00 3.524328148148148099e-01 0.000000000000000000e+00 0.000000000000000000e+00 5.059041216425083087e-01 3.656675978294883778e-01 4.900822803232350311e-01 4.480514262200116504e-01 5.037420234211130721e-01 4.470708014035081335e-01 0.000000000000000000e+00 4.666122495278837157e-01 4.651950775862068732e-01 4.237152388524587088e-01 0.000000000000000000e+00 4.763315742574257272e-01 0.000000000000000000e+00 0.000000000000000000e+00 0.000000000000000000e+00 0.000000000000000000e+00 0.000000000000000000e+00 0.000000000000000000e+00 0.000000000000000000e+00 0.000000000000000000e+00 0.000000000000000000e+00 4.301231430413594015e-01 4.831615833333333110e-01 3.777583166040741625e-01 0.000000000000000000e+00 0.000000000000000000e+00 0.000000000000000000e+00 4.438333869295664202e-01 5.033566921427050644e-01 4.210287198491030614e-01 0.000000000000000000e+00 4.394971650386488848e-01 0.000000000000000000e+00 4.213621742606519782e-01 0.000000000000000000e+00 4.202145137242023210e-01 0.000000000000000000e+00 4.414577105861036133e-01 5.315608104312504745e-01 4.681602825018376102e-01 4.996707360474171855e-01 4.767094923539637596e-01 5.266132706271668962e-01 3.665861915651194014e-01 4.639037736886559293e-01 3.961170980610677628e-01 0.000000000000000000e+00 0.000000000000000000e+00 4.776062626374371622e-01 4.075226475667681481e-01 0.000000000000000000e+00 4.661661739921965086e-01 4.907836357165206165e-01 4.721256508268642516e-01 0.000000000000000000e+00 0.000000000000000000e+00 0.000000000000000000e+00 4.794469374494711444e-01 0.000000000000000000e+00 4.310175179856114980e-01 0.000000000000000000e+00 4.747901740567353479e-01 0.000000000000000000e+00 0.000000000000000000e+00 0.000000000000000000e+00 0.000000000000000000e+00 0.000000000000000000e+00 0.000000000000000000e+00 0.000000000000000000e+00 0.000000000000000000e+00 0.000000000000000000e+00 0.000000000000000000e+00 0.000000000000000000e+00 0.000000000000000000e+00 0.000000000000000000e+00 0.000000000000000000e+00 0.000000000000000000e+00 0.000000000000000000e+00 0.000000000000000000e+00 0.000000000000000000e+00 0.000000000000000000e+00 0.000000000000000000e+00 0.000000000000000000e+00 0.000000000000000000e+00 0.000000000000000000e+00 0.000000000000000000e+00 0.000000000000000000e+00 0.000000000000000000e+00
3.958419394820201775e-01 4.877041249999999883e-01 3.557167274995359230e-01 4.764710427906828638e-01 3.345852742202731767e-01 4.625152193410510537e-01 2.983786577180204125e-01 4.592499250057796023e-01 3.459428024312811711e-01 4.624679993504149378e-01 3.242341162159022017e-01 4.814741160257428598e-01 2.757131844055199510e-01 4.400283369100130293e-01 2.618087157554133682e-01 4.195054899649304225e-01 4.002087676048789455e-01 0.000000000000000000e+00 3.977777702212965116e-01 5.090639166799333371e-01 0.000000000000000000e+00 0.000000000000000000e+00 3.652600169496620364e-01 4.704938273761201106e-01 0.000000000000000000e+00 4.374362879124377157e-01 3.786681560993250262e-01 4.355342622950820752e-01 3.745777074293262232e-01 4.522950204377939043e-01 3.717328446332560099e-01 4.444996935071600652e-01 3.939841261608867939e-01 4.805245693869349966e-01 4.426936222847320246e-01 0.000000000000000000e+00 4.360618314417682995e-01 4.749287128712870731e-01 4.456146175461175862e-01 0.000000000000000000e+00 0.000000000000000000e+00 0.000000000000000000e+00 4.237320489130435019e-01 0.000000000000000000e+00 4.254901853361315323e-01 0.000000000000000000e+00 4.135320569105690458e-01 0.000000000000000000e+00 4.333678103154964267e-01 0.000000000000000000e+00 4.306504777766710368e-01 0.000000000000000000e+00 4.246579199040315666e-01 0.000000000000000000e+00 4.230440284465780687e-01 0.000000000000000000e+00 4.041826849932414478e-01 0.000000000000000000e+00 4.244633570523064781e-01 0.000000000000000000e+00 4.244849590790295002e-01 0.000000000000000000e+00 4.270752801099680918e-01 0.000000000000000000e+00 4.288730639099401221e-01 0.000000000000000000e+00 4.615962063908691237e-01 5.064788400000000967e-01 4.390842934420074450e-01 5.293635764252695441e-01 3.364756014090522496e-01 5.003742525377211647e-01 3.787275381586510670e-01 4.692277060097765351e-01 0.000000000000000000e+00 4.391222790697674738e-01 3.776009256300694172e-01 4.542950026043435230e-01 0.000000000000000000e+00 0.000000000000000000e+00 4.125132836962547844e-01 0.000000000000000000e+00 3.713577852687274250e-01 0.000000000000000000e+00 4.333661447838945135e-01 0.000000000000000000e+00 3.664060836758661344e-01 0.000000000000000000e+00 4.257085664887956256e-01 0.000000000000000000e+00 4.232373726951566550e-01 0.000000000000000000e+00 3.966579200000000527e-01 4.410810714285714473e-01 0.000000000000000000e+00 0.000000000000000000e+00 0.000000000000000000e+00 0.000000000000000000e+00 0.000000000000000000e+00 0.000000000000000000e+00 4.114757768595040943e-01 0.000000000000000000e+00 0.000000000000000000e+00 0.000000000000000000e+00 0.000000000000000000e+00 4.180984347826086633e-01 0.000000000000000000e+00 0.000000000000000000e+00 0.000000000000000000e+00 0.000000000000000000e+00 0.000000000000000000e+00 0.000000000000000000e+00 0.000000000000000000e+00 0.000000000000000000e+00 3.986362736842105625e-01 0.000000000000000000e+00
