0.000000000000000000e+00 1.964036312849162108e-02 7.764423076923077094e-02 3.908370426663771574e-03 8.628127696289905483e-04 0.000000000000000000e+00 9.228309838686236943e-02 2.570969469737546809e-03 6.150061500615006333e-04 0.000000000000000000e+00 2.228088701161562712e-01 8.159934720522235823e-04 3.319650187399607322e-02 1.299883010529052506e-04 9.871668311944717996e-04 0.000000000000000000e+00 2.255409935995123308e-02 6.177239249227845126e-03 5.167579116036854353e-02 2.678457003716519166e-02 0.000000000000000000e+00 0.000000000000000000e+00 1.989060169070114206e-03 2.289901534234027949e-04 6.635700066357000642e-04 0.000000000000000000e+00 0.000000000000000000e+00 0.000000000000000000e+00 3.443211488250652597e-02 1.626016260162601625e-03 5.829487490891425983e-03 0.000000000000000000e+00 2.907399331298153589e-03 2.458210422812192805e-02 8.130081300813008123e-04 0.000000000000000000e+00 5.046560528687293185e-02 1.209189842805320379e-03 7.287449392712550510e-03 0.000000000000000000e+00 0.000000000000000000e+00 0.000000000000000000e+00 6.266973052015875883e-04 0.000000000000000000e+00 8.210180623973727153e-04 1.185536455245998804e-04 0.000000000000000000e+00 0.000000000000000000e+00 3.984063745019920250e-03 0.000000000000000000e+00 1.699346405228758031e-02 0.000000000000000000e+00 1.223990208078335265e-03 0.000000000000000000e+00 2.553626149131767186e-04 0.000000000000000000e+00 2.373783257624918763e-01 3.019744483159117303e-03 2.445027896291434091e-02 5.189413596263621952e-04 8.250973345312967444e-02 0.000000000000000000e+00 1.885644768856447814e-02 0.000000000000000000e+00 5.668202764976958824e-02 4.452359750667853858e-04 6.797281087564974005e-03 5.592059275828323859e-04 7.095753099446056034e-02 2.598246183825917398e-03 3.637094343414046249e-02 6.903097765122098457e-04 3.459196102314250620e-02 2.466851680542707197e-03 0.000000000000000000e+00 0.000000000000000000e+00 5.099187857808547275e-02 1.967535661583866106e-03 0.000000000000000000e+00 0.000000000000000000e+00 2.434941409222340404e-03 0.000000000000000000e+00 0.000000000000000000e+00 0.000000000000000000e+00 1.906842784784983785e-02 2.024906348081401304e-04 1.256281407035175898e-03 0.000000000000000000e+00 1.253918495297805594e-02 0.000000000000000000e+00 1.383125864453665357e-03 0.000000000000000000e+00 6.557377049180327863e-04 7.955449482895783977e-04 2.156862745098039186e-02 1.241134751773049702e-02 5.359056806002143562e-04 0.000000000000000000e+00 1.218026796589524903e-03 0.000000000000000000e+00 5.165289256198347251e-04 0.000000000000000000e+00 0.000000000000000000e+00 8.728542333430316935e-04 0.000000000000000000e+00 8.699434536755110874e-04 0.000000000000000000e+00 0.000000000000000000e+00 0.000000000000000000e+00 0.000000000000000000e+00 0.000000000000000000e+00 1.216545012165450154e-03 4.878048780487804874e-03 0.000000000000000000e+00 0.000000000000000000e+00 0.000000000000000000e+00
1.964036312849162108e-02 0.000000000000000000e+00 3.365384615384615571e-03 8.826403213549018079e-02 0.000000000000000000e+00 0.000000000000000000e+00 4.214503705856706937e-03 1.237279057311194419e-01 0.000000000000000000e+00 2.028397565922920864e-03 7.919746568109820983e-04 8.588331293349653339e-02 0.000000000000000000e+00 1.741843234108930369e-02 0.000000000000000000e+00 3.034134007585335101e-03 6.095702529716549422e-04 4.371584699453551909e-02 2.456936840699693037e-02 8.906830706138664511e-02 0.000000000000000000e+00 0.000000000000000000e+00 0.000000000000000000e+00 1.144950767117014056e-03 0.000000000000000000e+00 0.000000000000000000e+00 0.000000000000000000e+00 0.000000000000000000e+00 8.159268929503916013e-04 2.439024390243902524e-02 1.457371872722856496e-03 2.054653790836244074e-04 1.162959732519261435e-02 2.971703266688517295e-02 8.130081300813008123e-04 0.000000000000000000e+00 3.003905076599579509e-04 7.224909310761790104e-02 0.000000000000000000e+00 2.791736460078168662e-03 0.000000000000000000e+00 6.315789473684210384e-03 0.000000000000000000e+00 2.035623409669211066e-04 0.000000000000000000e+00 1.422643746295198510e-03 0.000000000000000000e+00 0.000000000000000000e+00 0.000000000000000000e+00 6.324110671936758812e-03 2.011060834590246258e-04 1.923746518105849679e-02 0.000000000000000000e+00 1.701548409052237604e-03 0.000000000000000000e+00 2.293953793216450907e-03 1.168072680077871439e-03 3.385598141695702612e-01 4.922874958976042282e-04 3.476907109496626958e-02 1.497454327643006969e-04 6.975308641975308532e-02 0.000000000000000000e+00 4.031037093111279612e-02 0.000000000000000000e+00 5.060848916592460695e-02 5.997600959616153533e-04 1.216272892492660344e-02 1.081508836718543878e-02 5.683663527119194731e-02 1.306138852607253986e-03 9.793769954266977329e-02 3.654080389768575034e-04 3.689998972145133033e-02 0.000000000000000000e+00 5.263157894736841987e-03 1.597656770070563122e-03 5.164781111657648638e-02 0.000000000000000000e+00 0.000000000000000000e+00 0.000000000000000000e+00 1.649484536082474308e-03 0.000000000000000000e+00 0.000000000000000000e+00 1.986294567484357839e-04 2.652627315986635578e-02 0.000000000000000000e+00 0.000000000000000000e+00 3.134796238244514309e-04 7.650273224043715840e-03 0.000000000000000000e+00 1.631986944104447165e-03 6.557377049180327863e-04 5.171042163882259152e-03 9.803921568627450844e-03 8.865248226950354915e-02 0.000000000000000000e+00 0.000000000000000000e+00 0.000000000000000000e+00 3.433476394849785222e-03 0.000000000000000000e+00 1.426533523537803182e-03 0.000000000000000000e+00 2.327611288914751327e-03 1.395673412421493276e-03 5.219660722053066741e-03 1.102535832414553493e-03 0.000000000000000000e+00 0.000000000000000000e+00 0.000000000000000000e+00 0.000000000000000000e+00 0.000000000000000000e+00 0.000000000000000000e+00 0.000000000000000000e+00 1.680672268907563126e-03 7.142857142857142634e-03
7.764423076923077094e-02 3.365384615384615571e-03 0.000000000000000000e+00 1.737053522961676255e-03 5.176876617773942812e-02 3.732736095558044070e-04 2.679843046068885459e-01 6.106052490626673671e-03 1.906519065190651757e-02 0.000000000000000000e+00 6.019007391763463860e-02 2.855977152182782430e-03 7.852935927181867171e-02 3.379695827375536407e-03 2.073050345508390888e-02 1.011378002528444961e-03 1.523925632429137464e-02 9.503444998812069508e-04 9.266924823073841022e-02 3.203895937459951253e-03 0.000000000000000000e+00 0.000000000000000000e+00 2.060334825128460057e-01 2.060911380810625127e-03 2.853351028533510428e-02 1.463414634146341462e-03 8.438818565400843172e-03 0.000000000000000000e+00 3.557441253263707304e-02 1.921655580192165556e-03 2.477532183628855869e-02 1.130059584959934235e-02 1.613606628870475207e-02 3.168360100513492768e-03 2.439024390243902437e-03 0.000000000000000000e+00 1.982577350555722595e-02 0.000000000000000000e+00 8.097165991902833659e-04 0.000000000000000000e+00 0.000000000000000000e+00 0.000000000000000000e+00 0.000000000000000000e+00 0.000000000000000000e+00 2.052545155993431788e-04 0.000000000000000000e+00 3.162555344718532635e-04 0.000000000000000000e+00 1.623137081304411962e-03 0.000000000000000000e+00 4.725992961287078624e-03 0.000000000000000000e+00 4.079967360261117911e-04 0.000000000000000000e+00 0.000000000000000000e+00 0.000000000000000000e+00 7.657365347177157860e-03 0.000000000000000000e+00 1.279947489333770928e-02 0.000000000000000000e+00 3.444144953578916028e-03 3.086419753086419690e-04 3.041362530413625385e-04 0.000000000000000000e+00 3.225806451612903223e-03 0.000000000000000000e+00 1.029588164734106422e-02 2.796029637914161929e-04 5.803218148245845032e-03 0.000000000000000000e+00 3.928463779764895109e-02 1.725774441280524723e-03 6.492082825822168002e-02 1.438996813649912531e-03 2.222222222222222307e-02 0.000000000000000000e+00 9.386233524164558362e-02 1.803574356451877409e-03 3.809523809523809521e-03 0.000000000000000000e+00 1.065286866534773981e-03 0.000000000000000000e+00 0.000000000000000000e+00 0.000000000000000000e+00 1.291091468864832663e-03 0.000000000000000000e+00 0.000000000000000000e+00 0.000000000000000000e+00 1.880877742946708477e-03 0.000000000000000000e+00 3.457814661134163393e-04 1.631986944104447165e-03 0.000000000000000000e+00 1.591089896579156795e-03 3.137254901960784270e-02 8.865248226950355262e-03 5.359056806002143562e-04 0.000000000000000000e+00 6.090133982947624515e-04 3.433476394849785222e-03 0.000000000000000000e+00 0.000000000000000000e+00 3.003003003003002869e-04 1.163805644457375664e-03 6.978367062107466382e-04 1.304915180513266685e-03 0.000000000000000000e+00 1.092896174863387977e-03 0.000000000000000000e+00 0.000000000000000000e+00 0.000000000000000000e+00 0.000000000000000000e+00 0.000000000000000000e+00 0.000000000000000000e+00 0.000000000000000000e+00 0.000000000000000000e+00
3.908370426663771574e-03 8.826403213549018079e-02 1.737053522961676255e-03 0.000000000000000000e+00 3.451251078515962193e-03 3.434117207913400804e-02 5.086469989827060306e-03 2.057846813069094671e-01 2.460024600246002533e-03 9.127789046653143890e-03 2.111932418162618640e-03 2.509179926560587554e-02 1.606282348741745443e-03 3.522682958533732145e-02 3.948667324777887198e-03 1.188369152970922965e-02 0.000000000000000000e+00 2.375861249703017236e-02 4.807050340499398854e-03 1.504549532231193032e-01 9.652509652509652736e-04 0.000000000000000000e+00 9.116525774904691085e-03 2.528051293794366661e-01 2.654280026542800257e-03 1.512195121951219468e-02 5.274261603375526982e-04 0.000000000000000000e+00 3.263707571801566622e-04 4.065040650406503975e-02 1.651688122419237362e-02 4.951715635915348440e-02 2.325919465038522958e-03 1.944717578935867969e-02 0.000000000000000000e+00 2.982107355864811044e-03 0.000000000000000000e+00 4.353083434099153798e-02 0.000000000000000000e+00 2.233389168062534930e-03 0.000000000000000000e+00 0.000000000000000000e+00 0.000000000000000000e+00 2.035623409669211066e-04 0.000000000000000000e+00 8.298755186721991492e-04 0.000000000000000000e+00 1.559332605644784132e-04 0.000000000000000000e+00 2.258610954263128023e-03 0.000000000000000000e+00 2.437325905292479170e-03 0.000000000000000000e+00 5.104645227156712813e-04 0.000000000000000000e+00 1.638538423726036285e-04 2.595717066839714308e-04 1.556329849012775927e-02 0.000000000000000000e+00 1.574122124199965264e-02 1.497454327643006969e-04 6.172839506172839380e-04 3.041362530413625385e-04 2.271006813020439059e-03 0.000000000000000000e+00 2.226179875333926875e-03 0.000000000000000000e+00 1.467915559904934934e-02 7.913479293062516051e-04 6.170834686586554145e-03 2.009444388626544561e-03 3.572353093450685718e-02 1.096224116930572456e-03 6.917463254188509214e-02 0.000000000000000000e+00 3.684210526315789130e-02 1.597656770070563122e-03 1.154287588129201542e-01 0.000000000000000000e+00 0.000000000000000000e+00 0.000000000000000000e+00 2.061855670103092885e-04 0.000000000000000000e+00 0.000000000000000000e+00 0.000000000000000000e+00 1.113698491444770717e-03 0.000000000000000000e+00 0.000000000000000000e+00 0.000000000000000000e+00 1.530054644808743168e-03 3.457814661134163393e-04 2.039983680130559064e-03 0.000000000000000000e+00 2.784407319013524392e-03 1.764705882352941152e-02 3.723404255319148759e-02 0.000000000000000000e+00 0.000000000000000000e+00 0.000000000000000000e+00 8.583690987124463056e-04 5.165289256198347251e-04 0.000000000000000000e+00 3.003003003003002869e-04 2.036659877800407140e-03 0.000000000000000000e+00 2.609830361026533371e-03 0.000000000000000000e+00 0.000000000000000000e+00 0.000000000000000000e+00 9.803921568627450844e-03 0.000000000000000000e+00 0.000000000000000000e+00 0.000000000000000000e+00 1.686340640809443417e-03 5.042016806722689377e-03 3.571428571428571317e-03
8.628127696289905483e-04 0.000000000000000000e+00 5.176876617773942812e-02 3.451251078515962193e-03 0.000000000000000000e+00 1.119820828667413221e-03 1.089957854962941494e-02 9.641135511515800532e-04 2.995079950799507951e-01 1.014198782961460432e-03 2.639915522703273299e-04 0.000000000000000000e+00 2.141709798322327402e-03 6.499415052645261988e-04 1.671602500822639004e-01 2.022756005056889923e-03 0.000000000000000000e+00 0.000000000000000000e+00 2.670583522499666391e-04 2.563116749967960938e-04 3.281853281853281540e-02 1.771479185119574900e-03 1.508370628211503327e-02 9.159606136936111797e-04 3.516921035169210535e-02 4.878048780487804874e-03 8.966244725738396759e-02 1.009081735620585276e-03 1.109660574412532630e-02 0.000000000000000000e+00 8.501335924216662024e-03 5.753030614341483190e-03 1.162959732519261479e-03 0.000000000000000000e+00 0.000000000000000000e+00 0.000000000000000000e+00 0.000000000000000000e+00 0.000000000000000000e+00 0.000000000000000000e+00 0.000000000000000000e+00 9.216589861751152066e-03 0.000000000000000000e+00 2.088991017338625385e-04 0.000000000000000000e+00 0.000000000000000000e+00 0.000000000000000000e+00 3.162555344718532635e-04 0.000000000000000000e+00 1.475579164822192816e-04 0.000000000000000000e+00 0.000000000000000000e+00 0.000000000000000000e+00 0.000000000000000000e+00 0.000000000000000000e+00 2.553626149131767186e-04 0.000000000000000000e+00 1.297858533419857154e-04 0.000000000000000000e+00 0.000000000000000000e+00 0.000000000000000000e+00 0.000000000000000000e+00 0.000000000000000000e+00 3.041362530413625385e-04 0.000000000000000000e+00 0.000000000000000000e+00 1.484119916889284710e-04 0.000000000000000000e+00 0.000000000000000000e+00 0.000000000000000000e+00 0.000000000000000000e+00 1.939113835024615720e-02 0.000000000000000000e+00 4.068209500609013679e-02 0.000000000000000000e+00 0.000000000000000000e+00 0.000000000000000000e+00 3.195313540141126243e-03 1.639613051319888603e-04 0.000000000000000000e+00 0.000000000000000000e+00 3.043676761527925505e-04 0.000000000000000000e+00 7.189072609633357595e-04 0.000000000000000000e+00 3.972589134968715677e-04 0.000000000000000000e+00 1.256281407035175898e-03 0.000000000000000000e+00 0.000000000000000000e+00 0.000000000000000000e+00 0.000000000000000000e+00 0.000000000000000000e+00 0.000000000000000000e+00 3.977724741447891989e-04 0.000000000000000000e+00 0.000000000000000000e+00 0.000000000000000000e+00 0.000000000000000000e+00 0.000000000000000000e+00 0.000000000000000000e+00 0.000000000000000000e+00 0.000000000000000000e+00 0.000000000000000000e+00 0.000000000000000000e+00 0.000000000000000000e+00 0.000000000000000000e+00 0.000000000000000000e+00 0.000000000000000000e+00 0.000000000000000000e+00 0.000000000000000000e+00 0.000000000000000000e+00 0.000000000000000000e+00 0.000000000000000000e+00 0.000000000000000000e+00 0.000000000000000000e+00 0.000000000000000000e+00
0.000000000000000000e+00 0.000000000000000000e+00 3.732736095558044070e-04 3.434117207913400804e-02 1.119820828667413221e-03 0.000000000000000000e+00 1.453277139950588496e-04 1.071237279057311170e-03 0.000000000000000000e+00 3.296146044624746474e-01 0.000000000000000000e+00 0.000000000000000000e+00 1.784758165268605988e-04 2.599766021058105012e-04 2.303389272787100938e-03 1.413400758533501778e-01 0.000000000000000000e+00 2.375861249703017377e-04 0.000000000000000000e+00 0.000000000000000000e+00 2.895752895752895604e-03 3.100088573959255966e-02 8.287750704458810274e-04 2.564689718342111346e-02 7.299270072992700489e-03 8.926829268292682529e-02 1.582278481012658203e-03 2.023208879919273506e-01 0.000000000000000000e+00 1.492978566149297942e-02 1.700267184843332578e-03 1.088966509143209430e-02 0.000000000000000000e+00 7.647765759860154994e-04 0.000000000000000000e+00 0.000000000000000000e+00 0.000000000000000000e+00 3.022974607013300947e-04 0.000000000000000000e+00 0.000000000000000000e+00 0.000000000000000000e+00 0.000000000000000000e+00 0.000000000000000000e+00 0.000000000000000000e+00 0.000000000000000000e+00 0.000000000000000000e+00 0.000000000000000000e+00 0.000000000000000000e+00 0.000000000000000000e+00 0.000000000000000000e+00 0.000000000000000000e+00 0.000000000000000000e+00 0.000000000000000000e+00 0.000000000000000000e+00 0.000000000000000000e+00 0.000000000000000000e+00 0.000000000000000000e+00 0.000000000000000000e+00 0.000000000000000000e+00 0.000000000000000000e+00 0.000000000000000000e+00 0.000000000000000000e+00 0.000000000000000000e+00 0.000000000000000000e+00 0.000000000000000000e+00 0.000000000000000000e+00 0.000000000000000000e+00 2.796029637914161929e-04 0.000000000000000000e+00 0.000000000000000000e+00 3.014166582939817058e-04 3.848477004055569917e-02 0.000000000000000000e+00 2.960222016651248983e-02 0.000000000000000000e+00 5.263157894736841987e-03 1.331380641725469268e-04 1.475651746187899580e-03 0.000000000000000000e+00 0.000000000000000000e+00 0.000000000000000000e+00 0.000000000000000000e+00 0.000000000000000000e+00 0.000000000000000000e+00 0.000000000000000000e+00 1.012453174040700652e-04 0.000000000000000000e+00 0.000000000000000000e+00 0.000000000000000000e+00 2.185792349726775954e-04 0.000000000000000000e+00 0.000000000000000000e+00 0.000000000000000000e+00 0.000000000000000000e+00 3.921568627450980338e-03 0.000000000000000000e+00 0.000000000000000000e+00 0.000000000000000000e+00 0.000000000000000000e+00 0.000000000000000000e+00 0.000000000000000000e+00 0.000000000000000000e+00 0.000000000000000000e+00 0.000000000000000000e+00 6.978367062107466382e-04 0.000000000000000000e+00 0.000000000000000000e+00 0.000000000000000000e+00 0.000000000000000000e+00 0.000000000000000000e+00 0.000000000000000000e+00 0.000000000000000000e+00 0.000000000000000000e+00 0.000000000000000000e+00 0.000000000000000000e+00 0.000000000000000000e+00
9.228309838686236943e-02 4.214503705856706937e-03 2.679843046068885459e-01 5.086469989827060306e-03 1.089957854962941494e-02 1.453277139950588496e-04 0.000000000000000000e+00 1.081949651847884282e-02 2.706027060270602830e-02 0.000000000000000000e+00 4.804646251319957817e-02 3.467972256221950062e-03 2.059610922719971315e-01 3.639672429481346800e-03 1.020072392234287577e-02 0.000000000000000000e+00 1.523925632429137464e-03 1.425516749821810480e-03 1.482173854987314798e-02 7.817506087402281700e-03 0.000000000000000000e+00 0.000000000000000000e+00 1.839880656389855651e-02 3.663842454774444719e-03 7.299270072992700489e-03 0.000000000000000000e+00 0.000000000000000000e+00 0.000000000000000000e+00 1.419712793733681443e-02 3.991130820399113079e-03 6.801068739373330313e-03 1.253338812410108825e-02 3.198139264427969121e-03 5.899705014749262455e-03 8.130081300813008123e-04 0.000000000000000000e+00 2.403124061279663607e-03 0.000000000000000000e+00 0.000000000000000000e+00 0.000000000000000000e+00 0.000000000000000000e+00 0.000000000000000000e+00 0.000000000000000000e+00 0.000000000000000000e+00 6.157635467980295636e-04 0.000000000000000000e+00 0.000000000000000000e+00 0.000000000000000000e+00 3.098716246126604831e-03 0.000000000000000000e+00 1.659125188536953246e-02 1.740947075208913654e-04 4.079967360261118128e-03 0.000000000000000000e+00 2.553626149131767078e-03 0.000000000000000000e+00 5.970149253731343343e-03 1.161440185830429732e-04 4.758779127010173519e-03 1.729804532087874074e-04 1.512428870919436952e-02 3.086419753086419690e-04 4.866180048661800615e-03 0.000000000000000000e+00 2.718894009216589816e-02 2.968239833778569419e-04 1.299480207916833266e-03 0.000000000000000000e+00 3.692957003429174229e-03 0.000000000000000000e+00 8.590374761378478941e-02 3.192682716368970726e-03 1.766138855054811066e-02 2.980779113989104855e-03 4.444444444444444441e-03 0.000000000000000000e+00 1.730794834243110092e-02 2.787342187243810245e-03 0.000000000000000000e+00 0.000000000000000000e+00 5.935169684979454789e-03 0.000000000000000000e+00 2.875629043853343038e-03 0.000000000000000000e+00 1.976363094646936200e-02 0.000000000000000000e+00 1.256281407035175898e-03 0.000000000000000000e+00 2.633228840125391781e-02 0.000000000000000000e+00 0.000000000000000000e+00 0.000000000000000000e+00 0.000000000000000000e+00 3.977724741447891989e-04 0.000000000000000000e+00 1.773049645390070879e-03 0.000000000000000000e+00 0.000000000000000000e+00 0.000000000000000000e+00 0.000000000000000000e+00 0.000000000000000000e+00 0.000000000000000000e+00 0.000000000000000000e+00 0.000000000000000000e+00 0.000000000000000000e+00 0.000000000000000000e+00 0.000000000000000000e+00 0.000000000000000000e+00 0.000000000000000000e+00 0.000000000000000000e+00 0.000000000000000000e+00 0.000000000000000000e+00 0.000000000000000000e+00 0.000000000000000000e+00 0.000000000000000000e+00 0.000000000000000000e+00
2.570969469737546809e-03 1.237279057311194419e-01 6.106052490626673671e-03 2.057846813069094671e-01 9.641135511515800532e-04 1.071237279057311170e-03 1.081949651847884282e-02 0.000000000000000000e+00 3.075030750307503058e-03 1.217038539553752519e-02 5.807814149947201909e-03 1.215830273357813157e-01 3.391040514010351756e-03 2.905238528532432252e-01 1.974333662388943599e-03 3.539823008849557473e-03 1.219140505943309884e-03 8.553100498930862883e-03 4.406462812124449166e-03 1.768550557477892998e-02 0.000000000000000000e+00 0.000000000000000000e+00 1.657550140891762142e-02 2.564689718342111346e-02 3.981420039814200819e-03 2.439024390243902437e-03 1.582278481012658203e-03 0.000000000000000000e+00 2.121409921671018467e-03 2.453806356245380807e-02 1.627398591207189840e-02 1.479350729402095777e-02 6.687018461985753774e-03 9.177318911832186427e-03 0.000000000000000000e+00 1.988071570576540551e-03 0.000000000000000000e+00 2.418379685610640758e-03 0.000000000000000000e+00 5.583472920156337324e-04 0.000000000000000000e+00 0.000000000000000000e+00 0.000000000000000000e+00 0.000000000000000000e+00 0.000000000000000000e+00 9.484291641967990431e-04 0.000000000000000000e+00 3.118665211289568264e-04 0.000000000000000000e+00 4.630152456239412795e-03 1.005530417295123129e-04 1.549442896935933171e-02 0.000000000000000000e+00 2.212012931767908669e-03 0.000000000000000000e+00 2.949369162706865638e-03 0.000000000000000000e+00 3.484320557491289196e-03 0.000000000000000000e+00 6.919218128351496515e-03 1.497454327643006969e-04 1.234567901234567833e-02 0.000000000000000000e+00 2.271006813020439059e-03 2.304147465437788016e-04 1.929355891956070074e-02 9.996001599360255889e-05 5.871662239619739564e-03 0.000000000000000000e+00 9.743423189347190242e-04 5.726916507585652627e-03 7.955820174303218639e-02 1.827040194884287354e-03 3.176071538698736069e-02 0.000000000000000000e+00 1.052631578947368397e-02 4.659832246039142221e-03 2.541400229545827047e-02 0.000000000000000000e+00 0.000000000000000000e+00 3.043676761527925505e-04 1.030927835051546415e-03 0.000000000000000000e+00 1.805054151624548801e-03 9.931472837421789193e-05 1.518679761061050848e-02 0.000000000000000000e+00 0.000000000000000000e+00 0.000000000000000000e+00 6.557377049180327863e-03 3.457814661134163393e-04 0.000000000000000000e+00 0.000000000000000000e+00 0.000000000000000000e+00 3.921568627450980338e-03 1.773049645390070879e-03 0.000000000000000000e+00 0.000000000000000000e+00 0.000000000000000000e+00 0.000000000000000000e+00 0.000000000000000000e+00 0.000000000000000000e+00 0.000000000000000000e+00 0.000000000000000000e+00 0.000000000000000000e+00 1.304915180513266685e-03 0.000000000000000000e+00 0.000000000000000000e+00 0.000000000000000000e+00 0.000000000000000000e+00 0.000000000000000000e+00 0.000000000000000000e+00 0.000000000000000000e+00 0.000000000000000000e+00 0.000000000000000000e+00 0.000000000000000000e+00
6.150061500615006333e-04 0.000000000000000000e+00 1.906519065190651757e-02 2.460024600246002533e-03 2.995079950799507951e-01 0.000000000000000000e+00 2.706027060270602830e-02 3.075030750307503058e-03 0.000000000000000000e+00 0.000000000000000000e+00 1.319957761351636758e-03 0.000000000000000000e+00 2.552204176334106622e-02 1.299883010529052506e-04 1.842711418229680820e-01 1.011378002528444961e-03 0.000000000000000000e+00 0.000000000000000000e+00 4.005875283749499045e-04 0.000000000000000000e+00 1.930501930501930547e-03 0.000000000000000000e+00 3.646610309961876260e-03 6.869704602702084119e-04 3.317850033178500538e-03 9.756097560975609748e-04 4.746835443037974826e-03 0.000000000000000000e+00 5.711488250652741426e-03 0.000000000000000000e+00 1.457371872722856496e-03 1.438257653585370797e-03 0.000000000000000000e+00 1.092537965694307837e-04 0.000000000000000000e+00 0.000000000000000000e+00 3.003905076599579509e-04 0.000000000000000000e+00 0.000000000000000000e+00 0.000000000000000000e+00 4.608294930875576033e-03 0.000000000000000000e+00 4.177982034677250769e-04 0.000000000000000000e+00 0.000000000000000000e+00 0.000000000000000000e+00 3.162555344718532635e-04 0.000000000000000000e+00 0.000000000000000000e+00 0.000000000000000000e+00 1.005530417295123129e-04 0.000000000000000000e+00 4.079967360261117911e-04 0.000000000000000000e+00 0.000000000000000000e+00 0.000000000000000000e+00 2.595717066839714308e-04 1.161440185830429732e-04 0.000000000000000000e+00 0.000000000000000000e+00 1.497454327643006969e-04 0.000000000000000000e+00 3.041362530413625385e-04 0.000000000000000000e+00 0.000000000000000000e+00 0.000000000000000000e+00 0.000000000000000000e+00 0.000000000000000000e+00 0.000000000000000000e+00 0.000000000000000000e+00 5.626444288154325464e-03 0.000000000000000000e+00 1.778319123020706549e-02 0.000000000000000000e+00 0.000000000000000000e+00 0.000000000000000000e+00 3.461589668486220097e-03 0.000000000000000000e+00 0.000000000000000000e+00 0.000000000000000000e+00 0.000000000000000000e+00 0.000000000000000000e+00 0.000000000000000000e+00 0.000000000000000000e+00 2.979441851226537165e-04 0.000000000000000000e+00 0.000000000000000000e+00 0.000000000000000000e+00 6.269592476489028619e-04 0.000000000000000000e+00 0.000000000000000000e+00 0.000000000000000000e+00 0.000000000000000000e+00 0.000000000000000000e+00 0.000000000000000000e+00 0.000000000000000000e+00 0.000000000000000000e+00 0.000000000000000000e+00 0.000000000000000000e+00 8.583690987124463056e-04 0.000000000000000000e+00 0.000000000000000000e+00 0.000000000000000000e+00 0.000000000000000000e+00 0.000000000000000000e+00 0.000000000000000000e+00 0.000000000000000000e+00 0.000000000000000000e+00 0.000000000000000000e+00 0.000000000000000000e+00 0.000000000000000000e+00 0.000000000000000000e+00 0.000000000000000000e+00 0.000000000000000000e+00 0.000000000000000000e+00 0.000000000000000000e+00
0.000000000000000000e+00 2.028397565922920864e-03 0.000000000000000000e+00 9.127789046653143890e-03 1.014198782961460432e-03 3.296146044624746474e-01 0.000000000000000000e+00 1.217038539553752519e-02 0.000000000000000000e+00 0.000000000000000000e+00 0.000000000000000000e+00 8.159934720522235823e-04 0.000000000000000000e+00 7.929286364227220232e-03 6.581112207963145692e-04 1.003792667509481734e-01 0.000000000000000000e+00 2.375861249703017377e-04 0.000000000000000000e+00 1.281558374983980469e-04 0.000000000000000000e+00 8.857395925597874500e-04 9.945300845350571028e-04 0.000000000000000000e+00 2.654280026542800257e-03 1.951219512195121950e-03 0.000000000000000000e+00 0.000000000000000000e+00 0.000000000000000000e+00 5.617147080561714703e-03 1.214476560602380413e-03 2.260119169919868644e-03 0.000000000000000000e+00 0.000000000000000000e+00 0.000000000000000000e+00 0.000000000000000000e+00 0.000000000000000000e+00 6.045949214026601895e-04 0.000000000000000000e+00 0.000000000000000000e+00 0.000000000000000000e+00 0.000000000000000000e+00 0.000000000000000000e+00 0.000000000000000000e+00 0.000000000000000000e+00 0.000000000000000000e+00 0.000000000000000000e+00 0.000000000000000000e+00 0.000000000000000000e+00 0.000000000000000000e+00 0.000000000000000000e+00 1.740947075208913654e-04 0.000000000000000000e+00 0.000000000000000000e+00 0.000000000000000000e+00 0.000000000000000000e+00 0.000000000000000000e+00 1.161440185830429732e-04 0.000000000000000000e+00 1.729804532087874074e-04 0.000000000000000000e+00 0.000000000000000000e+00 0.000000000000000000e+00 0.000000000000000000e+00 0.000000000000000000e+00 0.000000000000000000e+00 0.000000000000000000e+00 0.000000000000000000e+00 0.000000000000000000e+00 0.000000000000000000e+00 0.000000000000000000e+00 1.984640607472603225e-03 0.000000000000000000e+00 5.961558227978209709e-03 0.000000000000000000e+00 0.000000000000000000e+00 0.000000000000000000e+00 6.558452205279554411e-04 0.000000000000000000e+00 0.000000000000000000e+00 0.000000000000000000e+00 2.061855670103092885e-04 0.000000000000000000e+00 0.000000000000000000e+00 0.000000000000000000e+00 3.037359522122101956e-04 0.000000000000000000e+00 0.000000000000000000e+00 0.000000000000000000e+00 1.092896174863387977e-03 0.000000000000000000e+00 0.000000000000000000e+00 0.000000000000000000e+00 0.000000000000000000e+00 3.921568627450980338e-03 0.000000000000000000e+00 0.000000000000000000e+00 0.000000000000000000e+00 0.000000000000000000e+00 0.000000000000000000e+00 0.000000000000000000e+00 0.000000000000000000e+00 0.000000000000000000e+00 0.000000000000000000e+00 0.000000000000000000e+00 0.000000000000000000e+00 0.000000000000000000e+00 0.000000000000000000e+00 0.000000000000000000e+00 0.000000000000000000e+00 0.000000000000000000e+00 0.000000000000000000e+00 0.000000000000000000e+00 0.000000000000000000e+00 0.000000000000000000e+00 0.000000000000000000e+00
2.228088701161562712e-01 7.919746568109820983e-04 6.019007391763463860e-02 2.111932418162618640e-03 2.639915522703273299e-04 0.000000000000000000e+00 4.804646251319957817e-02 5.807814149947201909e-03 1.319957761351636758e-03 0.000000000000000000e+00 0.000000000000000000e+00 1.223990208078335265e-03 1.301088702480813764e-01 1.039906408423242005e-03 2.303389272787100938e-03 0.000000000000000000e+00 3.169765315452605786e-02 4.751722499406034754e-04 1.642408866337294673e-02 1.153402537485582503e-03 0.000000000000000000e+00 0.000000000000000000e+00 9.448035803083043235e-03 2.289901534234027949e-04 0.000000000000000000e+00 0.000000000000000000e+00 5.274261603375526982e-04 0.000000000000000000e+00 6.870104438642297973e-02 0.000000000000000000e+00 5.586592178770949900e-03 1.643723032668995259e-03 2.035179531908707859e-03 2.185075931388615837e-03 0.000000000000000000e+00 0.000000000000000000e+00 6.007810153199159018e-04 3.022974607013300947e-04 0.000000000000000000e+00 0.000000000000000000e+00 0.000000000000000000e+00 0.000000000000000000e+00 0.000000000000000000e+00 0.000000000000000000e+00 2.052545155993431788e-04 0.000000000000000000e+00 0.000000000000000000e+00 0.000000000000000000e+00 7.377895824110963265e-04 0.000000000000000000e+00 2.815485168426344869e-03 0.000000000000000000e+00 4.079967360261117911e-04 0.000000000000000000e+00 0.000000000000000000e+00 0.000000000000000000e+00 1.726151849448409950e-02 0.000000000000000000e+00 9.845749917952084564e-04 0.000000000000000000e+00 1.557352500748727248e-02 0.000000000000000000e+00 1.186131386861313808e-02 0.000000000000000000e+00 1.543778801843317949e-02 0.000000000000000000e+00 2.998800479808076767e-04 1.398014818957080965e-04 7.913479293062516051e-04 3.247807729782396747e-04 2.823269366020295448e-02 8.628872206402623613e-04 1.485992691839220503e-02 3.083564600678383996e-04 0.000000000000000000e+00 0.000000000000000000e+00 3.594727732658767241e-03 3.279226102639777206e-04 0.000000000000000000e+00 0.000000000000000000e+00 4.565515142291888366e-03 0.000000000000000000e+00 0.000000000000000000e+00 0.000000000000000000e+00 7.349289899692123922e-03 0.000000000000000000e+00 0.000000000000000000e+00 0.000000000000000000e+00 5.015673981191222895e-03 0.000000000000000000e+00 0.000000000000000000e+00 0.000000000000000000e+00 0.000000000000000000e+00 0.000000000000000000e+00 1.960784313725490169e-03 1.773049645390070879e-03 0.000000000000000000e+00 0.000000000000000000e+00 0.000000000000000000e+00 0.000000000000000000e+00 0.000000000000000000e+00 0.000000000000000000e+00 0.000000000000000000e+00 0.000000000000000000e+00 0.000000000000000000e+00 0.000000000000000000e+00 0.000000000000000000e+00 0.000000000000000000e+00 0.000000000000000000e+00 0.000000000000000000e+00 0.000000000000000000e+00 0.000000000000000000e+00 0.000000000000000000e+00 0.000000000000000000e+00 0.000000000000000000e+00 0.000000000000000000e+00
8.159934720522235823e-04 8.588331293349653339e-02 2.855977152182782430e-03 2.509179926560587554e-02 0.000000000000000000e+00 0.000000000000000000e+00 3.467972256221950062e-03 1.215830273357813157e-01 0.000000000000000000e+00 8.159934720522235823e-04 1.223990208078335265e-03 0.000000000000000000e+00 0.000000000000000000e+00 2.098011178993890447e-01 0.000000000000000000e+00 2.528445006321112729e-03 0.000000000000000000e+00 8.149204086481350029e-02 9.347042328748831827e-04 1.025246699987184332e-02 0.000000000000000000e+00 0.000000000000000000e+00 6.630200563567048436e-04 9.846576597206320100e-03 0.000000000000000000e+00 0.000000000000000000e+00 0.000000000000000000e+00 0.000000000000000000e+00 3.263707571801566622e-04 7.479674796747967647e-02 2.186057809084284743e-03 6.985822888843229959e-03 8.722197993894461633e-04 1.125314104665137149e-02 0.000000000000000000e+00 0.000000000000000000e+00 0.000000000000000000e+00 9.068923821039903384e-04 0.000000000000000000e+00 0.000000000000000000e+00 0.000000000000000000e+00 0.000000000000000000e+00 0.000000000000000000e+00 0.000000000000000000e+00 0.000000000000000000e+00 0.000000000000000000e+00 0.000000000000000000e+00 0.000000000000000000e+00 0.000000000000000000e+00 7.905138339920948515e-04 0.000000000000000000e+00 2.437325905292479170e-03 0.000000000000000000e+00 1.701548409052237604e-04 0.000000000000000000e+00 9.831230542356218793e-04 1.297858533419857154e-04 6.155632984901278013e-03 0.000000000000000000e+00 6.919218128351496298e-04 0.000000000000000000e+00 1.234567901234567833e-02 0.000000000000000000e+00 1.665404996214988817e-02 0.000000000000000000e+00 1.053725140991392147e-02 0.000000000000000000e+00 1.258213337061372949e-03 5.275652862041678090e-04 6.495615459564793494e-04 1.004722194313272280e-03 1.993269479679005834e-02 6.090133982947624515e-04 6.475485661424606500e-03 0.000000000000000000e+00 0.000000000000000000e+00 9.319664492078284877e-04 2.951303492375799160e-03 0.000000000000000000e+00 2.463054187192118254e-03 0.000000000000000000e+00 9.072164948453607936e-03 0.000000000000000000e+00 0.000000000000000000e+00 0.000000000000000000e+00 2.045155411562215100e-02 0.000000000000000000e+00 1.536098310291858678e-03 0.000000000000000000e+00 1.245901639344262381e-02 0.000000000000000000e+00 0.000000000000000000e+00 0.000000000000000000e+00 0.000000000000000000e+00 0.000000000000000000e+00 0.000000000000000000e+00 0.000000000000000000e+00 0.000000000000000000e+00 0.000000000000000000e+00 0.000000000000000000e+00 0.000000000000000000e+00 0.000000000000000000e+00 0.000000000000000000e+00 0.000000000000000000e+00 0.000000000000000000e+00 0.000000000000000000e+00 0.000000000000000000e+00 0.000000000000000000e+00 0.000000000000000000e+00 0.000000000000000000e+00 0.000000000000000000e+00 0.000000000000000000e+00 0.000000000000000000e+00 0.000000000000000000e+00 0.000000000000000000e+00 0.000000000000000000e+00
3.319650187399607322e-02 0.000000000000000000e+00 7.852935927181867171e-02 1.606282348741745443e-03 2.141709798322327402e-03 1.784758165268605988e-04 2.059610922719971315e-01 3.391040514010351756e-03 2.552204176334106622e-02 0.000000000000000000e+00 1.301088702480813764e-01 0.000000000000000000e+00 0.000000000000000000e+00 2.079812816846484010e-03 2.237578150707469626e-01 0.000000000000000000e+00 6.400487656202377001e-03 0.000000000000000000e+00 6.809987982374149026e-03 1.281558374983980469e-04 9.652509652509652736e-04 0.000000000000000000e+00 3.845516326868887724e-02 1.831921227387222359e-03 1.327140013271400128e-03 0.000000000000000000e+00 0.000000000000000000e+00 0.000000000000000000e+00 9.089425587467363232e-02 1.034737620103473761e-03 8.744231236337138974e-03 3.492911444421614980e-03 2.325919465038522958e-03 4.370151862777231348e-04 1.626016260162601625e-03 0.000000000000000000e+00 1.802343045959747597e-03 0.000000000000000000e+00 0.000000000000000000e+00 0.000000000000000000e+00 4.608294930875576033e-03 0.000000000000000000e+00 0.000000000000000000e+00 0.000000000000000000e+00 0.000000000000000000e+00 0.000000000000000000e+00 0.000000000000000000e+00 0.000000000000000000e+00 2.951158329644385631e-04 0.000000000000000000e+00 9.049773755656108972e-04 0.000000000000000000e+00 4.079967360261117911e-04 0.000000000000000000e+00 2.553626149131767186e-04 0.000000000000000000e+00 5.840363400389357411e-03 1.161440185830429732e-04 6.563833278634722320e-04 0.000000000000000000e+00 8.685235100329440419e-03 0.000000000000000000e+00 5.778588807785887960e-03 0.000000000000000000e+00 1.428571428571428527e-02 0.000000000000000000e+00 6.997201119552179122e-04 0.000000000000000000e+00 2.637826431020839045e-04 0.000000000000000000e+00 5.144177634883954908e-02 3.451548882561049228e-04 2.253349573690621027e-02 6.167129201356767992e-04 8.888888888888888881e-03 0.000000000000000000e+00 2.769271734788976078e-02 4.918839153959665266e-04 0.000000000000000000e+00 0.000000000000000000e+00 7.000456551514228770e-03 0.000000000000000000e+00 0.000000000000000000e+00 0.000000000000000000e+00 5.760254245704638301e-03 0.000000000000000000e+00 2.512562814070351796e-03 0.000000000000000000e+00 3.134796238244513984e-03 0.000000000000000000e+00 0.000000000000000000e+00 0.000000000000000000e+00 3.278688524590163932e-04 0.000000000000000000e+00 5.882352941176470507e-03 0.000000000000000000e+00 0.000000000000000000e+00 0.000000000000000000e+00 0.000000000000000000e+00 8.583690987124463056e-04 0.000000000000000000e+00 0.000000000000000000e+00 0.000000000000000000e+00 0.000000000000000000e+00 0.000000000000000000e+00 4.349717268377555437e-04 0.000000000000000000e+00 0.000000000000000000e+00 0.000000000000000000e+00 0.000000000000000000e+00 0.000000000000000000e+00 0.000000000000000000e+00 0.000000000000000000e+00 0.000000000000000000e+00 0.000000000000000000e+00 0.000000000000000000e+00
