0.000000000000000000e+00 2.689268417027784741e-02 4.503722084367245415e-02 2.855329949238578566e-03 2.176278563656148038e-03 0.000000000000000000e+00 8.031051517290049846e-02 4.455106237148732419e-03 1.781737193763919874e-03 0.000000000000000000e+00 1.890587288817377198e-01 5.918910920390648344e-04 4.454584963059539382e-02 0.000000000000000000e+00 1.186063750926612259e-02 3.577817531305903308e-04 1.351462711166048491e-01 3.675505381990023732e-03 8.246971245073711487e-02 2.635186595582635072e-02 0.000000000000000000e+00 0.000000000000000000e+00 8.565310492505352931e-04 3.904724716907458136e-04 8.382229673093042829e-04 0.000000000000000000e+00 0.000000000000000000e+00 0.000000000000000000e+00 2.731145076421949425e-02 1.745635910224438946e-03 1.036806635562467598e-03 3.364737550471063286e-04 5.418292154312960747e-03 1.296505073280721475e-02 0.000000000000000000e+00 0.000000000000000000e+00 7.956685499058380184e-02 4.920049200492005066e-03 1.342281879194630800e-03 0.000000000000000000e+00 0.000000000000000000e+00 0.000000000000000000e+00 0.000000000000000000e+00 0.000000000000000000e+00 6.808896958692691685e-04 9.894132779261897612e-05 0.000000000000000000e+00 0.000000000000000000e+00 6.507285330315462288e-03 1.778568252556691934e-04 7.413321167883211299e-03 1.430717504828671620e-04 5.998800239952009096e-04 0.000000000000000000e+00 6.129955046996322064e-04 0.000000000000000000e+00 3.222182807142012773e-01 7.306654676258992481e-03 3.361085414739439087e-02 1.188858695652173988e-03 5.181932245922208496e-02 3.640334910811794536e-04 4.986574606827771754e-03 6.429834431763382582e-04 5.663915978994748385e-02 5.787037037037036716e-04 6.240713224368499637e-03 8.954555630176852868e-04 3.990246065174019030e-02 6.029544769369912793e-03 9.187349879903923544e-02 5.219206680584550628e-04 3.633004926108374111e-02 3.197807217907720507e-03 2.687140115163147783e-02 1.781895937277263101e-03 4.203935599284436275e-02 5.271084337349397214e-03 0.000000000000000000e+00 0.000000000000000000e+00 2.061430632859204170e-04 0.000000000000000000e+00 0.000000000000000000e+00 0.000000000000000000e+00 1.329787234042553203e-02 3.106554830692761626e-04 0.000000000000000000e+00 0.000000000000000000e+00 6.930471719204113479e-03 1.441337561256846446e-04 1.218397806883947648e-03 1.213224143160448933e-03 3.314550878355982549e-04 6.142506142506142354e-04 1.534526854219948888e-02 0.000000000000000000e+00 1.905972045743329181e-03 0.000000000000000000e+00 8.291873963515754764e-04 0.000000000000000000e+00 0.000000000000000000e+00 0.000000000000000000e+00 2.056102217653106232e-03 1.537601341906625610e-03 6.365372374283895110e-04 4.876859302609119935e-04 2.739726027397260295e-03 0.000000000000000000e+00 0.000000000000000000e+00 0.000000000000000000e+00 0.000000000000000000e+00 0.000000000000000000e+00 0.000000000000000000e+00 0.000000000000000000e+00 0.000000000000000000e+00 0.000000000000000000e+00
2.689268417027784741e-02 0.000000000000000000e+00 2.605459057071960512e-03 6.900380710659897998e-02 0.000000000000000000e+00 3.915426781519185584e-04 2.964008468595624723e-03 1.062371487320082214e-01 0.000000000000000000e+00 8.410428931875525271e-04 1.609010458567980591e-03 5.297425273749629959e-02 4.345936549326380070e-04 1.731976618315652847e-02 0.000000000000000000e+00 1.788908765652951708e-03 2.472187886279357018e-03 3.255447624048306982e-02 2.525178806013720495e-02 1.425742574257425621e-01 0.000000000000000000e+00 0.000000000000000000e+00 8.565310492505352931e-04 7.809449433814916273e-04 0.000000000000000000e+00 0.000000000000000000e+00 0.000000000000000000e+00 0.000000000000000000e+00 1.002255073916311729e-03 1.521197007481296833e-02 1.036806635562467598e-03 3.364737550471063286e-04 6.068487212830516245e-03 1.894024802705749841e-02 1.284796573875802940e-03 3.428179636612958695e-04 2.354048964218455591e-03 1.041410414104141091e-01 0.000000000000000000e+00 0.000000000000000000e+00 0.000000000000000000e+00 0.000000000000000000e+00 0.000000000000000000e+00 4.985044865403788234e-04 0.000000000000000000e+00 1.484119916889284655e-03 0.000000000000000000e+00 0.000000000000000000e+00 0.000000000000000000e+00 5.780346820809248269e-03 0.000000000000000000e+00 1.087345303669790333e-02 0.000000000000000000e+00 1.487893953740024354e-03 0.000000000000000000e+00 1.102941176470588220e-03 3.547357218871940217e-03 1.999775179856115026e-01 6.167129201356767992e-04 2.700407608695652023e-02 1.254705144291091501e-04 2.548234437568256197e-02 3.835826620636747044e-04 2.153994534640733122e-02 3.750937734433608525e-04 2.517361111111111188e-02 3.962357602773650339e-04 9.626147302440116182e-03 2.482819773886056278e-02 9.014169430208018863e-02 8.006405124099278889e-04 5.793319415448851956e-02 1.385467980295566545e-03 6.646870717222476410e-02 0.000000000000000000e+00 2.601568068424803953e-02 3.398926654740608115e-03 5.289909638554216725e-02 0.000000000000000000e+00 0.000000000000000000e+00 2.061430632859204170e-04 5.535566011624688419e-04 0.000000000000000000e+00 0.000000000000000000e+00 1.329787234042553213e-04 7.248627938283110604e-03 0.000000000000000000e+00 0.000000000000000000e+00 2.235636038452939989e-04 1.729605073508215518e-03 3.045994517209869119e-04 6.369426751592357008e-03 0.000000000000000000e+00 6.142506142506142354e-04 5.115089514066496583e-03 1.648351648351648394e-02 1.270648030495552788e-03 6.779661016949152345e-03 1.658374792703150953e-03 4.335260115606935985e-03 0.000000000000000000e+00 0.000000000000000000e+00 7.343222205903950518e-04 3.494548504333240199e-03 6.365372374283895110e-04 5.608388198000487275e-03 1.369863013698630148e-03 3.944773175542406508e-03 0.000000000000000000e+00 0.000000000000000000e+00 3.273322422258592625e-03 0.000000000000000000e+00 0.000000000000000000e+00 0.000000000000000000e+00 0.000000000000000000e+00 0.000000000000000000e+00
4.503722084367245415e-02 2.605459057071960512e-03 0.000000000000000000e+00 1.189720812182741040e-02 1.218715995647442901e-01 3.915426781519185800e-03 2.550458715596330417e-01 2.021932830705962941e-02 4.276169265033407524e-02 7.569386038687972960e-03 5.470635559131134529e-02 7.102693104468777580e-03 7.453281182094741164e-02 1.125784801905174194e-02 4.707190511489992707e-02 7.871198568872988036e-03 2.987227029254223287e-02 3.412969283276450546e-03 7.604729236607794818e-02 6.549885757806550232e-03 1.020408163265306214e-03 0.000000000000000000e+00 1.796573875802997822e-01 7.809449433814915839e-03 7.544006705783738720e-02 1.686340640809443417e-03 1.431127012522361366e-02 7.575757575757575751e-04 2.781257830117764979e-02 2.743142144638404181e-03 2.280974598237428888e-02 2.759084791386271981e-02 1.365409622886866112e-02 7.440811724915445680e-03 8.565310492505352931e-04 0.000000000000000000e+00 5.414312617702448510e-02 4.100041000410003860e-04 1.342281879194630800e-03 0.000000000000000000e+00 0.000000000000000000e+00 0.000000000000000000e+00 0.000000000000000000e+00 0.000000000000000000e+00 2.269632319564230652e-04 0.000000000000000000e+00 7.225433526011560336e-04 0.000000000000000000e+00 3.536568114301881244e-03 8.892841262783459668e-05 2.965328467153284520e-03 1.430717504828671620e-04 0.000000000000000000e+00 1.352630867036385678e-04 4.086636697997548043e-04 0.000000000000000000e+00 8.040676362776397537e-03 4.496402877697841961e-04 1.819303114400246807e-02 3.396739130434782514e-04 2.509410288582183002e-03 3.640334910811794536e-04 2.301495972382048335e-03 8.037293039704227144e-04 7.126781695423856089e-03 2.893518518518518358e-04 2.010896483407627680e-02 8.954555630176852868e-04 6.428729771669253017e-03 6.029544769369912577e-04 5.144115292233786968e-02 2.609603340292275531e-03 7.650862068965516571e-02 7.423481041571493647e-03 2.802303262955854052e-02 1.425516749821810480e-03 1.094812164579606478e-01 5.835843373493975611e-03 0.000000000000000000e+00 0.000000000000000000e+00 2.473716759431045329e-03 5.535566011624688419e-04 0.000000000000000000e+00 0.000000000000000000e+00 4.255319148936170283e-03 2.071036553795174598e-04 0.000000000000000000e+00 0.000000000000000000e+00 1.564945226917057938e-03 1.441337561256846446e-04 1.522997258604934451e-03 3.639672429481346800e-03 3.314550878355982549e-04 0.000000000000000000e+00 5.115089514066496583e-03 0.000000000000000000e+00 1.270648030495552788e-03 0.000000000000000000e+00 8.291873963515754764e-04 1.445086705202312067e-03 0.000000000000000000e+00 2.309468822170900656e-03 1.909237773535027091e-03 1.118255521386636846e-03 1.273074474856779022e-03 4.876859302609119935e-04 2.739726027397260295e-03 0.000000000000000000e+00 0.000000000000000000e+00 0.000000000000000000e+00 8.183306055646481563e-04 0.000000000000000000e+00 0.000000000000000000e+00 0.000000000000000000e+00 0.000000000000000000e+00 0.000000000000000000e+00
2.855329949238578566e-03 6.900380710659897998e-02 1.189720812182741040e-02 0.000000000000000000e+00 1.904243743199129533e-03 3.288958496476115934e-02 1.256175017642907621e-02 1.794037011651816449e-01 2.227171492204899680e-03 1.682085786375105141e-02 7.642799678197908023e-03 7.428233205090263580e-02 6.518904823989569997e-03 3.269105867070794258e-02 1.482579688658265324e-03 2.182468694096600936e-02 2.678203543469303508e-03 3.360462063533736082e-02 8.465917384323456626e-03 4.691546077684691229e-02 0.000000000000000000e+00 0.000000000000000000e+00 1.777301927194860701e-02 2.338930105427567407e-01 1.676445934618608566e-03 3.119730185497470581e-02 0.000000000000000000e+00 1.060606060606060670e-02 2.004510147832623459e-03 4.688279301745636174e-02 1.347848626231207964e-02 3.936742934051144088e-02 4.334633723450368251e-03 2.536640360766629146e-02 0.000000000000000000e+00 3.085361672951662717e-03 4.708097928436911291e-04 4.469044690446904305e-02 0.000000000000000000e+00 9.930486593843098047e-04 0.000000000000000000e+00 0.000000000000000000e+00 0.000000000000000000e+00 3.323363243602525489e-04 0.000000000000000000e+00 1.780943900267141543e-03 0.000000000000000000e+00 2.707825616030327519e-04 0.000000000000000000e+00 2.934637616718541609e-03 0.000000000000000000e+00 1.716861005794405835e-03 0.000000000000000000e+00 4.057892601109157576e-04 0.000000000000000000e+00 3.676470588235294067e-04 4.729809625162587137e-04 9.442446043165467900e-03 3.083564600678383996e-04 1.902173913043478382e-02 1.254705144291091501e-04 1.456133964324717815e-03 5.753739930955120837e-04 8.037293039704227144e-04 0.000000000000000000e+00 3.038194444444444493e-03 3.962357602773650339e-04 1.197671815536154039e-02 2.216803369541121599e-04 4.823635815495930061e-03 1.601281024819855778e-03 3.705636743215031531e-02 2.616995073891625456e-03 7.800365463682046308e-02 1.151631477927063342e-03 1.781895937277263101e-02 4.293381037567083752e-03 1.052334337349397630e-01 0.000000000000000000e+00 2.164502164502164500e-03 0.000000000000000000e+00 3.321339606974813268e-03 0.000000000000000000e+00 0.000000000000000000e+00 2.659574468085106427e-04 4.038521279900590330e-03 0.000000000000000000e+00 2.570694087403598786e-03 0.000000000000000000e+00 1.297203805131161639e-03 2.132196162046908275e-03 2.729754322111010208e-03 0.000000000000000000e+00 0.000000000000000000e+00 0.000000000000000000e+00 0.000000000000000000e+00 5.082592121982211150e-03 3.389830508474576173e-03 4.145936981757877490e-03 1.445086705202312067e-03 9.737098344693281751e-04 0.000000000000000000e+00 1.762373329416948168e-03 1.118255521386636846e-03 3.182686187141947555e-04 7.315288953913679903e-04 0.000000000000000000e+00 0.000000000000000000e+00 0.000000000000000000e+00 4.291845493562231745e-03 8.183306055646481563e-04 0.000000000000000000e+00 3.636363636363636360e-03 1.845018450184501791e-03 0.000000000000000000e+00 0.000000000000000000e+00
2.176278563656148038e-03 0.000000000000000000e+00 1.218715995647442901e-01 1.904243743199129533e-03 0.000000000000000000e+00 3.014878621769772823e-02 7.621736062103035003e-03 6.854009595613434324e-04 3.572383073496659400e-01 1.766190075693860329e-02 8.045052292839902953e-04 0.000000000000000000e+00 4.997827031725336593e-03 2.164970772894565841e-04 2.045959970348406320e-01 3.577817531305903416e-03 2.060156571899464362e-04 0.000000000000000000e+00 7.298204641658152152e-04 1.523229246001523102e-04 8.265306122448980164e-02 0.000000000000000000e+00 3.019271948608136941e-02 3.904724716907457920e-03 2.003352891869237262e-01 3.372681281618886834e-02 2.951699463327370210e-01 1.439393939393939469e-02 2.756201453269857202e-03 0.000000000000000000e+00 5.132192846034214911e-02 9.084791386271870439e-03 2.384048547897702625e-03 0.000000000000000000e+00 4.282655246252676465e-04 0.000000000000000000e+00 0.000000000000000000e+00 0.000000000000000000e+00 1.342281879194630800e-03 0.000000000000000000e+00 0.000000000000000000e+00 0.000000000000000000e+00 3.264240248082259121e-04 0.000000000000000000e+00 0.000000000000000000e+00 0.000000000000000000e+00 0.000000000000000000e+00 0.000000000000000000e+00 0.000000000000000000e+00 0.000000000000000000e+00 0.000000000000000000e+00 0.000000000000000000e+00 0.000000000000000000e+00 0.000000000000000000e+00 0.000000000000000000e+00 0.000000000000000000e+00 1.182452406290646784e-04 0.000000000000000000e+00 0.000000000000000000e+00 0.000000000000000000e+00 1.631116687578419060e-03 0.000000000000000000e+00 2.876869965477560527e-03 0.000000000000000000e+00 1.875468867216804154e-03 0.000000000000000000e+00 9.905894006934125849e-05 0.000000000000000000e+00 0.000000000000000000e+00 0.000000000000000000e+00 1.461168935148118506e-02 5.219206680584550628e-04 4.633620689655172653e-02 3.426222019186843555e-04 2.687140115163147869e-03 0.000000000000000000e+00 6.976744186046511531e-03 0.000000000000000000e+00 0.000000000000000000e+00 0.000000000000000000e+00 6.184291898577613323e-04 0.000000000000000000e+00 1.434720229555236804e-03 0.000000000000000000e+00 7.978723404255318738e-04 0.000000000000000000e+00 5.457025920873124179e-03 0.000000000000000000e+00 1.117818019226469832e-03 0.000000000000000000e+00 0.000000000000000000e+00 6.066120715802244667e-04 0.000000000000000000e+00 0.000000000000000000e+00 0.000000000000000000e+00 5.494505494505494934e-03 0.000000000000000000e+00 0.000000000000000000e+00 0.000000000000000000e+00 0.000000000000000000e+00 0.000000000000000000e+00 0.000000000000000000e+00 0.000000000000000000e+00 0.000000000000000000e+00 3.182686187141947555e-04 0.000000000000000000e+00 0.000000000000000000e+00 0.000000000000000000e+00 0.000000000000000000e+00 0.000000000000000000e+00 0.000000000000000000e+00 0.000000000000000000e+00 0.000000000000000000e+00 0.000000000000000000e+00 0.000000000000000000e+00 0.000000000000000000e+00
0.000000000000000000e+00 3.915426781519185584e-04 3.915426781519185800e-03 3.288958496476115934e-02 3.014878621769772823e-02 0.000000000000000000e+00 7.057163020465773151e-04 3.769705277587388770e-03 8.017817371937638674e-03 3.717409587888982347e-01 0.000000000000000000e+00 0.000000000000000000e+00 4.345936549326380070e-04 0.000000000000000000e+00 4.077094143810230074e-03 1.252236135957066065e-01 0.000000000000000000e+00 0.000000000000000000e+00 0.000000000000000000e+00 1.523229246001523102e-04 1.836734693877551186e-02 5.698005698005698290e-03 2.783725910064240028e-03 1.210464662241311946e-02 2.598491198658843190e-02 3.069139966273187192e-01 2.385211687537268799e-03 1.454545454545454475e-01 2.505637684790779324e-04 1.845386533665835382e-02 5.132192846034214911e-02 3.432032301480484465e-02 2.167316861725184180e-04 2.029312288613303091e-03 4.282655246252676465e-04 0.000000000000000000e+00 0.000000000000000000e+00 0.000000000000000000e+00 0.000000000000000000e+00 0.000000000000000000e+00 0.000000000000000000e+00 0.000000000000000000e+00 0.000000000000000000e+00 2.492522432701894117e-04 0.000000000000000000e+00 0.000000000000000000e+00 0.000000000000000000e+00 2.707825616030327519e-04 0.000000000000000000e+00 0.000000000000000000e+00 0.000000000000000000e+00 0.000000000000000000e+00 0.000000000000000000e+00 0.000000000000000000e+00 0.000000000000000000e+00 0.000000000000000000e+00 0.000000000000000000e+00 0.000000000000000000e+00 0.000000000000000000e+00 1.698369565217391257e-04 0.000000000000000000e+00 0.000000000000000000e+00 0.000000000000000000e+00 0.000000000000000000e+00 0.000000000000000000e+00 0.000000000000000000e+00 1.981178801386825170e-04 5.596597268860533042e-04 0.000000000000000000e+00 0.000000000000000000e+00 5.804643714971977411e-03 5.532359081419624403e-02 3.078817733990147818e-04 3.300593878483325944e-02 0.000000000000000000e+00 6.058446186742694542e-03 0.000000000000000000e+00 1.882530120481927809e-04 0.000000000000000000e+00 0.000000000000000000e+00 0.000000000000000000e+00 0.000000000000000000e+00 0.000000000000000000e+00 0.000000000000000000e+00 0.000000000000000000e+00 1.035518276897587136e-03 0.000000000000000000e+00 2.570694087403598786e-03 0.000000000000000000e+00 7.206687806284231687e-04 0.000000000000000000e+00 0.000000000000000000e+00 0.000000000000000000e+00 0.000000000000000000e+00 0.000000000000000000e+00 0.000000000000000000e+00 0.000000000000000000e+00 0.000000000000000000e+00 0.000000000000000000e+00 0.000000000000000000e+00 0.000000000000000000e+00 0.000000000000000000e+00 0.000000000000000000e+00 0.000000000000000000e+00 0.000000000000000000e+00 0.000000000000000000e+00 0.000000000000000000e+00 0.000000000000000000e+00 0.000000000000000000e+00 0.000000000000000000e+00 0.000000000000000000e+00 0.000000000000000000e+00 0.000000000000000000e+00 0.000000000000000000e+00 0.000000000000000000e+00 0.000000000000000000e+00
8.031051517290049846e-02 2.964008468595624723e-03 2.550458715596330417e-01 1.256175017642907621e-02 7.621736062103035003e-03 7.057163020465773151e-04 0.000000000000000000e+00 3.289924605894448129e-02 4.944320712694877384e-02 1.682085786375105054e-03 1.182622687047465843e-01 1.272565847883989389e-02 2.042590178183398553e-01 1.602078371941978788e-02 9.636767976278725473e-03 3.577817531305903416e-03 2.060156571899464384e-02 5.513258072985035597e-03 9.341701941322434061e-03 9.596344249809596327e-03 0.000000000000000000e+00 0.000000000000000000e+00 2.205567451820128477e-02 8.980866848887153822e-03 0.000000000000000000e+00 8.431703204047217085e-04 5.963029218843171999e-04 0.000000000000000000e+00 1.277875219243297493e-02 5.236907730673316837e-03 1.503369621565578060e-02 2.489905787348586919e-02 5.851755526657997745e-03 6.651634723788049479e-03 2.141327623126338450e-03 0.000000000000000000e+00 1.741996233521657389e-02 1.230012300123001267e-03 1.342281879194630800e-03 0.000000000000000000e+00 0.000000000000000000e+00 0.000000000000000000e+00 1.632120124041129561e-04 0.000000000000000000e+00 9.078529278256922607e-04 0.000000000000000000e+00 2.408477842003853536e-04 0.000000000000000000e+00 6.082897156599236486e-03 0.000000000000000000e+00 9.580291970802920151e-03 7.153587524143358099e-05 1.199760047990401819e-03 0.000000000000000000e+00 2.656313853698406228e-03 0.000000000000000000e+00 7.567695400260139420e-03 4.496402877697841961e-04 5.704594511255010880e-03 6.793478260869565029e-04 1.367628607277289812e-02 3.640334910811794536e-04 9.973149213655543507e-03 3.214917215881691291e-04 4.051012753188296817e-02 2.893518518518518358e-04 4.160475482912332802e-03 4.477277815088426434e-04 1.330082021724673068e-03 3.014772384684956288e-04 1.066853482786229018e-01 3.392484342379958450e-03 3.017241379310344959e-02 8.793969849246231069e-03 9.596928982725527052e-03 1.781895937277263101e-03 5.384615384615384914e-02 1.054216867469879443e-02 0.000000000000000000e+00 0.000000000000000000e+00 5.772005772005772001e-03 2.767783005812344209e-04 1.434720229555236804e-03 0.000000000000000000e+00 3.045212765957446693e-02 2.071036553795174598e-04 2.728512960436562090e-03 0.000000000000000000e+00 2.123854236530292941e-02 2.882675122513692892e-04 3.045994517209869119e-04 9.099181073703367000e-04 0.000000000000000000e+00 0.000000000000000000e+00 0.000000000000000000e+00 0.000000000000000000e+00 6.353240152477763938e-04 0.000000000000000000e+00 0.000000000000000000e+00 0.000000000000000000e+00 0.000000000000000000e+00 0.000000000000000000e+00 2.937288882361580099e-04 2.795638803466592116e-04 3.182686187141947555e-04 4.876859302609119935e-04 0.000000000000000000e+00 0.000000000000000000e+00 0.000000000000000000e+00 0.000000000000000000e+00 0.000000000000000000e+00 0.000000000000000000e+00 0.000000000000000000e+00 0.000000000000000000e+00 0.000000000000000000e+00 0.000000000000000000e+00
4.455106237148732419e-03 1.062371487320082214e-01 2.021932830705962941e-02 1.794037011651816449e-01 6.854009595613434324e-04 3.769705277587388770e-03 3.289924605894448129e-02 0.000000000000000000e+00 2.227171492204899680e-03 3.616484440706475845e-02 1.045856798069187514e-02 1.322876590707309785e-01 1.260321599304650188e-02 1.946308724832214732e-01 3.706449221645663310e-03 5.939177101967799827e-02 3.502266172229089470e-03 1.890259910737726590e-02 1.649394249014742367e-02 9.291698400609291544e-03 0.000000000000000000e+00 0.000000000000000000e+00 2.569593147751605966e-02 1.757126122608356281e-02 0.000000000000000000e+00 0.000000000000000000e+00 1.192605843768634400e-03 0.000000000000000000e+00 2.505637684790779432e-03 2.019950124688279364e-02 1.244167962674961117e-02 6.729475100942126573e-03 5.635023840485479246e-03 3.156708004509583068e-03 0.000000000000000000e+00 0.000000000000000000e+00 2.824858757062146883e-03 9.020090200902008276e-03 0.000000000000000000e+00 0.000000000000000000e+00 0.000000000000000000e+00 0.000000000000000000e+00 0.000000000000000000e+00 4.985044865403788234e-04 0.000000000000000000e+00 3.166122489363807236e-03 0.000000000000000000e+00 0.000000000000000000e+00 1.414627245720752671e-04 3.023566029346376124e-03 0.000000000000000000e+00 7.082051648901924179e-03 0.000000000000000000e+00 2.569998647369133114e-03 0.000000000000000000e+00 1.286764705882352923e-03 7.094714437743880435e-04 6.744604316546762290e-03 1.541782300339191998e-04 6.623641304347826012e-03 0.000000000000000000e+00 1.820167455405897377e-03 1.917913310318373522e-04 4.822375823822536395e-04 0.000000000000000000e+00 1.287615740740740734e-02 6.934125804853888365e-04 4.253413924334005329e-03 2.216803369541121599e-04 9.044317154054868323e-04 1.000800640512409861e-03 7.385177453027140515e-02 6.311576354679803054e-03 3.391959798994974989e-02 3.071017274472169056e-03 7.127583749109052402e-03 1.109123434704829998e-02 3.821536144578313587e-02 0.000000000000000000e+00 0.000000000000000000e+00 0.000000000000000000e+00 4.151674508718516260e-03 0.000000000000000000e+00 0.000000000000000000e+00 2.659574468085106427e-04 9.319664492078284443e-03 0.000000000000000000e+00 0.000000000000000000e+00 0.000000000000000000e+00 1.873738829633900217e-03 0.000000000000000000e+00 3.033060357901122333e-04 0.000000000000000000e+00 6.142506142506142354e-04 5.115089514066496583e-03 0.000000000000000000e+00 6.353240152477763938e-04 0.000000000000000000e+00 8.291873963515754764e-04 0.000000000000000000e+00 0.000000000000000000e+00 0.000000000000000000e+00 1.028051108826553116e-03 2.795638803466592116e-04 3.182686187141947555e-04 0.000000000000000000e+00 0.000000000000000000e+00 0.000000000000000000e+00 0.000000000000000000e+00 0.000000000000000000e+00 0.000000000000000000e+00 0.000000000000000000e+00 0.000000000000000000e+00 0.000000000000000000e+00 0.000000000000000000e+00 0.000000000000000000e+00
1.781737193763919874e-03 0.000000000000000000e+00 4.276169265033407524e-02 2.227171492204899680e-03 3.572383073496659400e-01 8.017817371937638674e-03 4.944320712694877384e-02 2.227171492204899680e-03 0.000000000000000000e+00 1.766190075693860329e-02 2.011263073209975955e-03 0.000000000000000000e+00 1.477618426770969072e-02 4.329941545789131683e-04 2.424017790956263796e-01 5.008944543828264956e-03 0.000000000000000000e+00 0.000000000000000000e+00 4.378922784994891508e-04 0.000000000000000000e+00 0.000000000000000000e+00 0.000000000000000000e+00 8.565310492505353798e-03 2.733307301835220804e-03 1.676445934618608566e-03 9.274873524451939660e-03 2.385211687537268799e-03 7.575757575757575751e-04 2.756201453269857202e-03 0.000000000000000000e+00 2.073613271124935195e-02 3.364737550471063286e-03 6.501950585175552810e-04 1.127395715896279570e-04 4.282655246252676465e-04 0.000000000000000000e+00 0.000000000000000000e+00 0.000000000000000000e+00 0.000000000000000000e+00 0.000000000000000000e+00 0.000000000000000000e+00 0.000000000000000000e+00 0.000000000000000000e+00 0.000000000000000000e+00 0.000000000000000000e+00 0.000000000000000000e+00 4.816955684007707072e-04 0.000000000000000000e+00 0.000000000000000000e+00 0.000000000000000000e+00 0.000000000000000000e+00 0.000000000000000000e+00 0.000000000000000000e+00 0.000000000000000000e+00 4.086636697997548043e-04 0.000000000000000000e+00 2.364904812581293569e-04 0.000000000000000000e+00 0.000000000000000000e+00 0.000000000000000000e+00 8.782936010037641593e-04 0.000000000000000000e+00 2.301495972382048335e-03 0.000000000000000000e+00 2.250562640660164898e-03 0.000000000000000000e+00 9.905894006934125849e-05 0.000000000000000000e+00 0.000000000000000000e+00 0.000000000000000000e+00 5.204163330664531711e-03 0.000000000000000000e+00 2.601600985221674822e-02 4.568296025582457712e-04 2.687140115163147869e-03 3.563791874554526201e-04 6.261180679785331195e-03 1.882530120481927809e-04 0.000000000000000000e+00 0.000000000000000000e+00 8.245722531436816679e-04 0.000000000000000000e+00 2.869440459110473608e-03 0.000000000000000000e+00 1.595744680851063748e-03 0.000000000000000000e+00 4.092769440654842918e-03 0.000000000000000000e+00 1.117818019226469832e-03 0.000000000000000000e+00 0.000000000000000000e+00 6.066120715802244667e-04 0.000000000000000000e+00 0.000000000000000000e+00 0.000000000000000000e+00 0.000000000000000000e+00 0.000000000000000000e+00 0.000000000000000000e+00 0.000000000000000000e+00 0.000000000000000000e+00 0.000000000000000000e+00 0.000000000000000000e+00 1.468644441180790049e-04 1.397819401733296058e-04 0.000000000000000000e+00 0.000000000000000000e+00 0.000000000000000000e+00 0.000000000000000000e+00 0.000000000000000000e+00 4.291845493562231745e-03 0.000000000000000000e+00 0.000000000000000000e+00 0.000000000000000000e+00 0.000000000000000000e+00 0.000000000000000000e+00 0.000000000000000000e+00
0.000000000000000000e+00 8.410428931875525271e-04 7.569386038687972960e-03 1.682085786375105141e-02 1.766190075693860329e-02 3.717409587888982347e-01 1.682085786375105054e-03 3.616484440706475845e-02 1.766190075693860329e-02 0.000000000000000000e+00 0.000000000000000000e+00 5.622965374371115439e-03 4.345936549326380070e-04 1.298982463736739548e-02 4.818383988139362736e-03 7.871198568872987689e-02 0.000000000000000000e+00 0.000000000000000000e+00 0.000000000000000000e+00 3.046458492003046204e-04 0.000000000000000000e+00 0.000000000000000000e+00 4.925053533190578044e-03 5.466614603670441608e-03 1.424979044425817194e-02 2.529510961214165125e-03 0.000000000000000000e+00 5.303030303030303351e-03 2.505637684790779324e-04 7.980049875311720151e-03 6.220839813374805585e-03 5.047106325706594496e-03 0.000000000000000000e+00 0.000000000000000000e+00 0.000000000000000000e+00 0.000000000000000000e+00 0.000000000000000000e+00 0.000000000000000000e+00 0.000000000000000000e+00 9.930486593843098047e-04 0.000000000000000000e+00 0.000000000000000000e+00 0.000000000000000000e+00 8.308408109006313724e-05 0.000000000000000000e+00 0.000000000000000000e+00 0.000000000000000000e+00 1.353912808015163760e-04 0.000000000000000000e+00 0.000000000000000000e+00 0.000000000000000000e+00 0.000000000000000000e+00 0.000000000000000000e+00 0.000000000000000000e+00 0.000000000000000000e+00 0.000000000000000000e+00 0.000000000000000000e+00 1.124100719424460490e-04 1.541782300339191998e-04 5.095108695652173772e-04 0.000000000000000000e+00 3.640334910811794536e-04 0.000000000000000000e+00 0.000000000000000000e+00 3.750937734433608525e-04 2.893518518518518358e-04 0.000000000000000000e+00 0.000000000000000000e+00 0.000000000000000000e+00 0.000000000000000000e+00 1.000800640512409861e-03 6.002087682672233547e-03 0.000000000000000000e+00 1.439013248058474206e-02 0.000000000000000000e+00 1.781895937277263101e-03 1.788908765652951654e-04 1.694277108433734974e-03 0.000000000000000000e+00 0.000000000000000000e+00 0.000000000000000000e+00 2.767783005812344209e-04 0.000000000000000000e+00 0.000000000000000000e+00 0.000000000000000000e+00 4.142073107590349195e-04 0.000000000000000000e+00 2.570694087403598786e-03 0.000000000000000000e+00 2.882675122513692892e-04 0.000000000000000000e+00 0.000000000000000000e+00 0.000000000000000000e+00 0.000000000000000000e+00 0.000000000000000000e+00 0.000000000000000000e+00 0.000000000000000000e+00 0.000000000000000000e+00 0.000000000000000000e+00 0.000000000000000000e+00 0.000000000000000000e+00 0.000000000000000000e+00 0.000000000000000000e+00 0.000000000000000000e+00 0.000000000000000000e+00 0.000000000000000000e+00 0.000000000000000000e+00 0.000000000000000000e+00 0.000000000000000000e+00 0.000000000000000000e+00 0.000000000000000000e+00 0.000000000000000000e+00 0.000000000000000000e+00 0.000000000000000000e+00 0.000000000000000000e+00 0.000000000000000000e+00
1.890587288817377198e-01 1.609010458567980591e-03 5.470635559131134529e-02 7.642799678197908023e-03 8.045052292839902953e-04 0.000000000000000000e+00 1.182622687047465843e-01 1.045856798069187514e-02 2.011263073209975955e-03 0.000000000000000000e+00 0.000000000000000000e+00 4.735128736312518676e-03 1.062581486310299889e-01 1.082485386447283029e-03 5.559673832468495398e-03 0.000000000000000000e+00 4.243922538112896575e-02 5.250721974271462629e-04 1.123923514815355386e-02 1.523229246001523264e-03 0.000000000000000000e+00 0.000000000000000000e+00 7.494646680942184357e-03 1.561889886762983255e-03 0.000000000000000000e+00 0.000000000000000000e+00 0.000000000000000000e+00 0.000000000000000000e+00 1.954397394136807645e-02 1.995012468827930038e-03 3.628823224468636591e-03 2.018842530282637972e-03 5.635023840485479246e-03 2.705749718151071077e-03 0.000000000000000000e+00 0.000000000000000000e+00 1.412429378531073441e-03 0.000000000000000000e+00 0.000000000000000000e+00 0.000000000000000000e+00 0.000000000000000000e+00 0.000000000000000000e+00 0.000000000000000000e+00 0.000000000000000000e+00 0.000000000000000000e+00 0.000000000000000000e+00 0.000000000000000000e+00 0.000000000000000000e+00 1.414627245720752671e-04 8.892841262783459668e-05 5.702554744525546986e-04 0.000000000000000000e+00 2.999400119976004548e-04 0.000000000000000000e+00 0.000000000000000000e+00 0.000000000000000000e+00 3.192621496984746413e-03 1.124100719424460490e-04 1.233425840271353598e-03 0.000000000000000000e+00 1.568381430363864626e-02 0.000000000000000000e+00 9.014192558496355798e-03 0.000000000000000000e+00 8.252063015753938538e-03 0.000000000000000000e+00 8.915304606240712993e-04 3.357958361316319825e-04 4.433606739082243198e-04 0.000000000000000000e+00 2.542033626901521112e-02 7.828810020876827026e-04 3.694581280788177165e-03 9.136592051164915424e-04 3.838771593090211320e-04 3.563791874554526201e-04 2.862254025044722646e-03 1.129518072289156577e-03 0.000000000000000000e+00 0.000000000000000000e+00 2.886002886002886000e-03 0.000000000000000000e+00 0.000000000000000000e+00 0.000000000000000000e+00 6.648936170212766013e-03 0.000000000000000000e+00 0.000000000000000000e+00 0.000000000000000000e+00 3.577017661524703983e-03 0.000000000000000000e+00 3.045994517209869119e-04 0.000000000000000000e+00 0.000000000000000000e+00 0.000000000000000000e+00 0.000000000000000000e+00 0.000000000000000000e+00 0.000000000000000000e+00 0.000000000000000000e+00 0.000000000000000000e+00 0.000000000000000000e+00 0.000000000000000000e+00 0.000000000000000000e+00 0.000000000000000000e+00 0.000000000000000000e+00 0.000000000000000000e+00 0.000000000000000000e+00 0.000000000000000000e+00 0.000000000000000000e+00 0.000000000000000000e+00 0.000000000000000000e+00 0.000000000000000000e+00 0.000000000000000000e+00 0.000000000000000000e+00 0.000000000000000000e+00 0.000000000000000000e+00 0.000000000000000000e+00
5.918910920390648344e-04 5.297425273749629959e-02 7.102693104468777580e-03 7.428233205090263580e-02 0.000000000000000000e+00 0.000000000000000000e+00 1.272565847883989389e-02 1.322876590707309785e-01 0.000000000000000000e+00 5.622965374371115439e-03 4.735128736312518676e-03 0.000000000000000000e+00 3.259452411994784998e-03 2.238579779172981121e-01 3.706449221645663310e-04 2.432915921288014358e-02 1.648125257519571490e-03 4.646888947230243955e-02 5.546635527660195332e-03 1.325209444021325199e-02 0.000000000000000000e+00 0.000000000000000000e+00 7.066381156316916060e-03 1.249511909410386604e-02 0.000000000000000000e+00 0.000000000000000000e+00 0.000000000000000000e+00 0.000000000000000000e+00 5.011275369581558647e-04 4.663341645885286935e-02 3.110419906687402793e-03 2.018842530282637972e-03 1.300390117035110562e-03 6.877113866967305908e-03 0.000000000000000000e+00 0.000000000000000000e+00 0.000000000000000000e+00 0.000000000000000000e+00 0.000000000000000000e+00 0.000000000000000000e+00 0.000000000000000000e+00 0.000000000000000000e+00 0.000000000000000000e+00 0.000000000000000000e+00 0.000000000000000000e+00 4.947066389630949213e-04 0.000000000000000000e+00 0.000000000000000000e+00 0.000000000000000000e+00 8.003557136505112888e-04 0.000000000000000000e+00 3.862937263037413346e-03 0.000000000000000000e+00 2.705261734072771356e-04 0.000000000000000000e+00 7.352941176470588133e-04 1.182452406290646784e-04 4.159172661870503759e-03 1.541782300339191998e-04 1.188858695652173988e-03 1.254705144291091501e-04 4.004368401892974098e-03 0.000000000000000000e+00 1.253817714193859560e-02 0.000000000000000000e+00 1.388888888888888812e-02 0.000000000000000000e+00 1.678979180658159804e-03 0.000000000000000000e+00 6.029544769369912577e-04 2.001601281024819722e-04 3.392484342379958190e-02 6.157635467980295636e-04 4.910918227501142284e-03 0.000000000000000000e+00 0.000000000000000000e+00 1.967799642218247009e-03 2.447289156626506097e-03 0.000000000000000000e+00 0.000000000000000000e+00 0.000000000000000000e+00 3.321339606974813268e-03 0.000000000000000000e+00 0.000000000000000000e+00 0.000000000000000000e+00 9.009009009009008931e-03 0.000000000000000000e+00 0.000000000000000000e+00 0.000000000000000000e+00 1.729605073508215518e-03 0.000000000000000000e+00 0.000000000000000000e+00 0.000000000000000000e+00 0.000000000000000000e+00 0.000000000000000000e+00 0.000000000000000000e+00 6.353240152477763938e-04 0.000000000000000000e+00 0.000000000000000000e+00 0.000000000000000000e+00 0.000000000000000000e+00 0.000000000000000000e+00 0.000000000000000000e+00 0.000000000000000000e+00 0.000000000000000000e+00 0.000000000000000000e+00 0.000000000000000000e+00 0.000000000000000000e+00 0.000000000000000000e+00 0.000000000000000000e+00 0.000000000000000000e+00 0.000000000000000000e+00 0.000000000000000000e+00 0.000000000000000000e+00 0.000000000000000000e+00 0.000000000000000000e+00
4.454584963059539382e-02 4.345936549326380070e-04 7.453281182094741164e-02 6.518904823989569997e-03 4.997827031725336593e-03 4.345936549326380070e-04 2.042590178183398553e-01 1.260321599304650188e-02 1.477618426770969072e-02 4.345936549326380070e-04 1.062581486310299889e-01 3.259452411994784998e-03 0.000000000000000000e+00 6.711409395973154217e-03 1.249073387694588644e-01 2.146690518783541876e-03 3.708281829419035960e-03 2.625360987135731314e-04 5.838563713326521722e-03 1.370906321401370873e-03 0.000000000000000000e+00 0.000000000000000000e+00 1.884368308351177732e-02 5.857087075361187313e-03 8.382229673093042829e-04 0.000000000000000000e+00 0.000000000000000000e+00 1.515151515151515150e-03 1.037334001503382591e-01 1.745635910224438946e-03 1.503369621565578060e-02 1.648721399730820880e-02 3.901170351105331686e-03 2.931228861330327073e-03 8.565310492505352931e-04 0.000000000000000000e+00 2.354048964218455591e-03 0.000000000000000000e+00 0.000000000000000000e+00 0.000000000000000000e+00 0.000000000000000000e+00 0.000000000000000000e+00 1.632120124041129561e-04 0.000000000000000000e+00 0.000000000000000000e+00 0.000000000000000000e+00 0.000000000000000000e+00 0.000000000000000000e+00 2.829254491441505343e-04 8.892841262783459668e-05 9.124087591240875612e-04 0.000000000000000000e+00 2.999400119976004548e-04 0.000000000000000000e+00 2.043318348998774021e-04 0.000000000000000000e+00 5.321035828307910977e-03 1.124100719424460490e-04 1.387604070305272852e-03 3.396739130434782514e-04 1.819322459222082883e-02 0.000000000000000000e+00 2.780974299961641583e-02 0.000000000000000000e+00 2.850712678169542436e-02 1.446759259259259179e-04 1.684001981178801476e-03 1.119319453772106608e-04 8.867213478164486396e-04 0.000000000000000000e+00 4.563650920736589400e-02 2.609603340292275314e-04 2.293719211822660073e-02 2.284148012791228748e-03 1.343570057581573891e-02 7.127583749109052402e-04 3.470483005366726409e-02 3.200301204819277004e-03 0.000000000000000000e+00 0.000000000000000000e+00 1.092558235415378234e-02 2.767783005812344209e-04 0.000000000000000000e+00 0.000000000000000000e+00 1.436170212765957438e-02 0.000000000000000000e+00 4.092769440654842918e-03 1.285347043701799393e-03 8.271853342275876930e-03 2.882675122513692892e-04 1.218397806883947648e-03 9.099181073703367000e-04 0.000000000000000000e+00 0.000000000000000000e+00 2.557544757033248291e-03 0.000000000000000000e+00 0.000000000000000000e+00 0.000000000000000000e+00 0.000000000000000000e+00 0.000000000000000000e+00 0.000000000000000000e+00 0.000000000000000000e+00 2.937288882361580099e-04 2.795638803466592116e-04 3.182686187141947555e-04 4.876859302609119935e-04 1.369863013698630148e-03 0.000000000000000000e+00 0.000000000000000000e+00 0.000000000000000000e+00 0.000000000000000000e+00 0.000000000000000000e+00 0.000000000000000000e+00 0.000000000000000000e+00 0.000000000000000000e+00 0.000000000000000000e+00
