2.606262056562583806e-01 4.801751093968594786e-01 3.278771282897234851e-01 4.843031462089015249e-01 3.068998252743030397e-01 0.000000000000000000e+00 3.256630393699464499e-01 4.599506966080931236e-01 3.107848967922579586e-01 0.000000000000000000e+00 2.716683488187431883e-01 0.000000000000000000e+00 3.292212918977539537e-01 0.000000000000000000e+00 3.894083333333333008e-01 0.000000000000000000e+00 2.690574590425161561e-01 4.647595448759471726e-01 3.944514399258372550e-01 4.911098232115037598e-01 0.000000000000000000e+00 0.000000000000000000e+00 4.260156840963931213e-01 0.000000000000000000e+00 0.000000000000000000e+00 0.000000000000000000e+00 0.000000000000000000e+00 0.000000000000000000e+00 3.923478573009202552e-01 4.985546775379758877e-01 4.135369798883004600e-01 0.000000000000000000e+00 4.274675240499414275e-01 4.767052836854842601e-01 4.719948128287551059e-01 0.000000000000000000e+00 4.888232793652730335e-01 5.180719664832990068e-01 5.259248610001305835e-01 0.000000000000000000e+00 0.000000000000000000e+00 4.700537547169810759e-01 4.206355390070921629e-01 0.000000000000000000e+00 4.461432663610898075e-01 0.000000000000000000e+00 0.000000000000000000e+00 0.000000000000000000e+00 4.304404153077573403e-01 4.523527454545456239e-01 4.164202525206477934e-01 0.000000000000000000e+00 4.409860109243697313e-01 0.000000000000000000e+00 4.451760124533684082e-01 0.000000000000000000e+00 3.107270803665979075e-01 4.798527352361449116e-01 4.147755053206348408e-01 5.002668402873937659e-01 3.933869105902133567e-01 0.000000000000000000e+00 3.643495798869346713e-01 0.000000000000000000e+00 4.164645527521138035e-01 5.086923801652892818e-01 4.229673172423923377e-01 5.104922993257197117e-01 3.168907318452812705e-01 5.045347896586508396e-01 3.541847793853323823e-01 5.053291375308718303e-01 3.725046471641538237e-01 4.460359653878967490e-01 0.000000000000000000e+00 0.000000000000000000e+00 4.015652977941071011e-01 4.718348287362366111e-01 4.383057268246281502e-01 0.000000000000000000e+00 3.679583959347506039e-01 0.000000000000000000e+00 0.000000000000000000e+00 0.000000000000000000e+00 4.423238632254437586e-01 0.000000000000000000e+00 0.000000000000000000e+00 0.000000000000000000e+00 4.498186631976335281e-01 0.000000000000000000e+00 4.436557099232910084e-01 0.000000000000000000e+00 4.129824015966530038e-01 0.000000000000000000e+00 4.389154471965986404e-01 4.603992575631501993e-01 4.681006853932584422e-01 0.000000000000000000e+00 4.592012546912833670e-01 0.000000000000000000e+00 4.260735530303030316e-01 0.000000000000000000e+00 4.360971309523810069e-01 4.576107768595041314e-01 4.413369566671879185e-01 0.000000000000000000e+00 0.000000000000000000e+00 4.233525420560747543e-01 0.000000000000000000e+00 0.000000000000000000e+00 0.000000000000000000e+00 0.000000000000000000e+00 0.000000000000000000e+00 0.000000000000000000e+00 0.000000000000000000e+00 4.302099519230768720e-01
4.801751093968594786e-01 2.819656523014067995e-01 4.728707740317908970e-01 3.209242651114408984e-01 0.000000000000000000e+00 3.216052266666666881e-01 4.574576699938950330e-01 3.136734683312438765e-01 0.000000000000000000e+00 3.552691184141887892e-01 4.479964938271605579e-01 3.328568860211861824e-01 0.000000000000000000e+00 3.662228086442195218e-01 0.000000000000000000e+00 3.738514757155426138e-01 4.678321515679443321e-01 3.701968965769003028e-01 4.926711743479124106e-01 3.527604404028572560e-01 0.000000000000000000e+00 0.000000000000000000e+00 4.821531531531531578e-01 3.930125200000000318e-01 0.000000000000000000e+00 0.000000000000000000e+00 0.000000000000000000e+00 0.000000000000000000e+00 4.670312398504273821e-01 4.188422218300246747e-01 4.322195772915761736e-01 3.623141870646765517e-01 4.826056934207273996e-01 4.398253515189722296e-01 0.000000000000000000e+00 4.205671549827437739e-01 4.939249909090909774e-01 5.163085561887337249e-01 0.000000000000000000e+00 5.120046628754411078e-01 0.000000000000000000e+00 4.489951870944512979e-01 4.531650074074075052e-01 4.126854500000000092e-01 0.000000000000000000e+00 4.476943186536785912e-01 0.000000000000000000e+00 0.000000000000000000e+00 0.000000000000000000e+00 4.328296170783810792e-01 0.000000000000000000e+00 4.099505967420323249e-01 0.000000000000000000e+00 3.901437553191489105e-01 0.000000000000000000e+00 4.197502178603184086e-01 4.818076393882330111e-01 3.104351374804907304e-01 4.970015742574256379e-01 4.341056004460444595e-01 0.000000000000000000e+00 3.992912443689531354e-01 4.957931944444445294e-01 3.923772013377164192e-01 0.000000000000000000e+00 4.080315818458192800e-01 4.836547266956015001e-01 4.218282956661172367e-01 5.033356296535721475e-01 4.009878620126088311e-01 5.000036228451953946e-01 3.439817057341184592e-01 4.556320416038775467e-01 3.997985520250328384e-01 0.000000000000000000e+00 3.711691908093404657e-01 4.692517488143436166e-01 4.216367509049566697e-01 0.000000000000000000e+00 0.000000000000000000e+00 0.000000000000000000e+00 4.442489543448817080e-01 0.000000000000000000e+00 0.000000000000000000e+00 4.914308924631620723e-01 4.480303582921955630e-01 0.000000000000000000e+00 4.032790708333333640e-01 0.000000000000000000e+00 4.451815715918038263e-01 0.000000000000000000e+00 4.951702203103913735e-01 4.340262374100719023e-01 4.572758272176015160e-01 4.546580434154782746e-01 4.560554986436590741e-01 0.000000000000000000e+00 5.418079683016816528e-01 0.000000000000000000e+00 4.656012590491785952e-01 4.847977378640775381e-01 0.000000000000000000e+00 4.078265912408758909e-01 4.569156316713389177e-01 0.000000000000000000e+00 4.324372933515249762e-01 0.000000000000000000e+00 4.530892141004881357e-01 0.000000000000000000e+00 3.453557499999999614e-01 0.000000000000000000e+00 0.000000000000000000e+00 0.000000000000000000e+00 0.000000000000000000e+00 0.000000000000000000e+00 0.000000000000000000e+00
3.278771282897234851e-01 4.728707740317908970e-01 2.807879907174490874e-01 4.282569770389325625e-01 2.537226877820960014e-01 4.066010923270728106e-01 2.995547009220676515e-01 4.233415518602912098e-01 2.916357566464943263e-01 4.279174967069257485e-01 3.771464379919489684e-01 4.233598185803100766e-01 3.506770426919728068e-01 4.158760593268044925e-01 3.093572819846076016e-01 3.972032169379949851e-01 4.055123252443257886e-01 4.631776946125036876e-01 3.226643924693179399e-01 4.463284979404666397e-01 3.830491319192287913e-01 4.123577882882882850e-01 2.761550713397861734e-01 4.257636851513065812e-01 3.250309364217075503e-01 4.040910560530330264e-01 3.349737306863848629e-01 0.000000000000000000e+00 3.499654329344641934e-01 3.946441590909091079e-01 3.850652690521936816e-01 4.105253559647059070e-01 4.123747768322436058e-01 4.701815109168517859e-01 4.753155251993620434e-01 0.000000000000000000e+00 4.856761122814507448e-01 5.386529204545454919e-01 3.651772785714285652e-01 0.000000000000000000e+00 4.134908687423687335e-01 0.000000000000000000e+00 4.254660254445656320e-01 0.000000000000000000e+00 4.582516039883849923e-01 0.000000000000000000e+00 4.598706666666666498e-01 0.000000000000000000e+00 4.375273766796058950e-01 0.000000000000000000e+00 4.334539829433929903e-01 5.145573543307085940e-01 4.040381818181817408e-01 0.000000000000000000e+00 4.156966917970983943e-01 0.000000000000000000e+00 4.132077512064566971e-01 0.000000000000000000e+00 4.384323278283436820e-01 0.000000000000000000e+00 4.264790712719551125e-01 5.180026173913043763e-01 3.532466391752576707e-01 4.494998581081080524e-01 3.782540935091835421e-01 4.410214318181817639e-01 4.496481406641587575e-01 5.103244607293127011e-01 3.863104714046173838e-01 0.000000000000000000e+00 3.427358477241471690e-01 4.166698894138756160e-01 3.651166580372352533e-01 4.274012287225513185e-01 3.747186561871949095e-01 0.000000000000000000e+00 4.070947669986995643e-01 4.369699779935507511e-01 4.348260199690402450e-01 0.000000000000000000e+00 3.926855159834870546e-01 4.814763636363636468e-01 0.000000000000000000e+00 0.000000000000000000e+00 4.080849265270136694e-01 5.328450375939849382e-01 4.186597436993206300e-01 0.000000000000000000e+00 4.093770033390796148e-01 0.000000000000000000e+00 4.225676506969335278e-01 0.000000000000000000e+00 4.248397647058824167e-01 0.000000000000000000e+00 4.525241536742844461e-01 4.584307446808509878e-01 0.000000000000000000e+00 0.000000000000000000e+00 3.997439488455284406e-01 0.000000000000000000e+00 4.116595772357724003e-01 0.000000000000000000e+00 4.538866785802085357e-01 4.394425741654135464e-01 4.619635293974024282e-01 0.000000000000000000e+00 4.432827703703703381e-01 0.000000000000000000e+00 0.000000000000000000e+00 0.000000000000000000e+00 0.000000000000000000e+00 0.000000000000000000e+00 0.000000000000000000e+00 4.253320366972476729e-01 0.000000000000000000e+00 4.043830485436893385e-01
4.843031462089015249e-01 3.209242651114408984e-01 4.282569770389325625e-01 2.620444103423218984e-01 4.149975261765685430e-01 3.064041778844346364e-01 4.303393884721064544e-01 2.972580288817849303e-01 4.147757269617574072e-01 3.229982612395818631e-01 4.214475349297518991e-01 3.814231149385675645e-01 4.155616403631887668e-01 3.551201591322789564e-01 4.155441959173629130e-01 3.334318743067814506e-01 4.770630615375337502e-01 3.875236748435961220e-01 4.878542132617705307e-01 2.894031883967478902e-01 3.697461852542314187e-01 0.000000000000000000e+00 4.235867944471020663e-01 2.647745537450294506e-01 4.292081312685927519e-01 3.196735078659537210e-01 0.000000000000000000e+00 0.000000000000000000e+00 4.606945365940764980e-01 3.750641046137204726e-01 4.122972986404300211e-01 3.329390053544121209e-01 4.850628246156621359e-01 3.808659095117283289e-01 4.883452799999999927e-01 4.581205243797196180e-01 5.175967975060539183e-01 4.816243070682491023e-01 0.000000000000000000e+00 4.910296417886106934e-01 0.000000000000000000e+00 4.310087346378514428e-01 0.000000000000000000e+00 4.614788783783783654e-01 0.000000000000000000e+00 4.343453982065554331e-01 0.000000000000000000e+00 4.517528847356526711e-01 0.000000000000000000e+00 4.232649360700011520e-01 4.659436037735849023e-01 4.189205247524911968e-01 0.000000000000000000e+00 4.213877894736841601e-01 0.000000000000000000e+00 4.338321648465298663e-01 4.936676612582005519e-01 3.986340197353804848e-01 4.998200620137299710e-01 4.455185714078536141e-01 0.000000000000000000e+00 3.971305712248240916e-01 0.000000000000000000e+00 4.215414013095238888e-01 0.000000000000000000e+00 4.158930439989739769e-01 5.274543402881272103e-01 4.433234713431375984e-01 5.010506075640190904e-01 3.829281002538446610e-01 4.461923389598904111e-01 3.661449652432759994e-01 4.224804710407308317e-01 3.828179003804833558e-01 0.000000000000000000e+00 3.692255780895690731e-01 4.338343274593755572e-01 4.118942020300876417e-01 0.000000000000000000e+00 4.046098333333333352e-01 0.000000000000000000e+00 3.987855225419789096e-01 0.000000000000000000e+00 0.000000000000000000e+00 0.000000000000000000e+00 3.980455589172922637e-01 0.000000000000000000e+00 0.000000000000000000e+00 0.000000000000000000e+00 4.072410309798915051e-01 4.520523000222816390e-01 5.024892950819671578e-01 0.000000000000000000e+00 5.031122148148148288e-01 4.425017044257393284e-01 4.488351283577649564e-01 0.000000000000000000e+00 4.899923003250813425e-01 4.542314296296296461e-01 4.601390671216464279e-01 0.000000000000000000e+00 0.000000000000000000e+00 0.000000000000000000e+00 4.437898347118636733e-01 0.000000000000000000e+00 4.244644672897195936e-01 0.000000000000000000e+00 4.426161519597917593e-01 0.000000000000000000e+00 0.000000000000000000e+00 0.000000000000000000e+00 0.000000000000000000e+00 0.000000000000000000e+00 0.000000000000000000e+00 0.000000000000000000e+00 0.000000000000000000e+00
3.068998252743030397e-01 0.000000000000000000e+00 2.537226877820960014e-01 4.149975261765685430e-01 1.866132028999470116e-01 4.402499280131970116e-01 2.634544887104742217e-01 0.000000000000000000e+00 2.399885264085538372e-01 4.396273279385638499e-01 2.959023785777157300e-01 0.000000000000000000e+00 2.926811855439636068e-01 0.000000000000000000e+00 2.994542851202147138e-01 4.367992121621620538e-01 3.597632904309804869e-01 0.000000000000000000e+00 3.974935001499987908e-01 3.861093106796115726e-01 3.867001657545559024e-01 3.640103541666666609e-01 3.131971627290398019e-01 4.013018393016470897e-01 1.738319098060316648e-01 4.192264972734087158e-01 2.009741945089091320e-01 4.243798256029020499e-01 3.362484227788026248e-01 0.000000000000000000e+00 3.594945865418622266e-01 4.090350994041913046e-01 3.543919516129032665e-01 0.000000000000000000e+00 0.000000000000000000e+00 0.000000000000000000e+00 4.454938775510204341e-01 0.000000000000000000e+00 0.000000000000000000e+00 0.000000000000000000e+00 0.000000000000000000e+00 0.000000000000000000e+00 0.000000000000000000e+00 0.000000000000000000e+00 0.000000000000000000e+00 0.000000000000000000e+00 0.000000000000000000e+00 0.000000000000000000e+00 0.000000000000000000e+00 0.000000000000000000e+00 3.615789090909090620e-01 0.000000000000000000e+00 0.000000000000000000e+00 0.000000000000000000e+00 4.377520312500000066e-01 0.000000000000000000e+00 0.000000000000000000e+00 0.000000000000000000e+00 0.000000000000000000e+00 0.000000000000000000e+00 0.000000000000000000e+00 0.000000000000000000e+00 0.000000000000000000e+00 0.000000000000000000e+00 0.000000000000000000e+00 0.000000000000000000e+00 0.000000000000000000e+00 0.000000000000000000e+00 0.000000000000000000e+00 0.000000000000000000e+00 3.547746884237281684e-01 4.581831968140525624e-01 3.506627900996994729e-01 4.085501532258065116e-01 0.000000000000000000e+00 0.000000000000000000e+00 3.563849234096723717e-01 0.000000000000000000e+00 0.000000000000000000e+00 0.000000000000000000e+00 3.740221082044879464e-01 0.000000000000000000e+00 0.000000000000000000e+00 0.000000000000000000e+00 3.780247302487528827e-01 0.000000000000000000e+00 0.000000000000000000e+00 0.000000000000000000e+00 0.000000000000000000e+00 0.000000000000000000e+00 0.000000000000000000e+00 0.000000000000000000e+00 0.000000000000000000e+00 0.000000000000000000e+00 0.000000000000000000e+00 0.000000000000000000e+00 0.000000000000000000e+00 0.000000000000000000e+00 0.000000000000000000e+00 0.000000000000000000e+00 0.000000000000000000e+00 0.000000000000000000e+00 0.000000000000000000e+00 0.000000000000000000e+00 0.000000000000000000e+00 0.000000000000000000e+00 0.000000000000000000e+00 0.000000000000000000e+00 0.000000000000000000e+00 0.000000000000000000e+00 0.000000000000000000e+00 0.000000000000000000e+00 0.000000000000000000e+00 0.000000000000000000e+00 0.000000000000000000e+00 0.000000000000000000e+00
0.000000000000000000e+00 3.216052266666666881e-01 4.066010923270728106e-01 3.064041778844346364e-01 4.402499280131970116e-01 2.085047656778218628e-01 4.327169485943774818e-01 3.070107058823529633e-01 4.336293933300278125e-01 2.305473054671650091e-01 0.000000000000000000e+00 0.000000000000000000e+00 4.327803867946212746e-01 2.779016378378378338e-01 4.122430529095626461e-01 2.480856541378445579e-01 0.000000000000000000e+00 0.000000000000000000e+00 0.000000000000000000e+00 3.565966746208935056e-01 3.969548219622963114e-01 2.987592718431228977e-01 4.301279123606452370e-01 3.188807540963687348e-01 4.376848956015800818e-01 2.175273503197109326e-01 0.000000000000000000e+00 2.513828854939345603e-01 4.523082727272727532e-01 3.388851096463247337e-01 4.126157870763709212e-01 3.687816945249700051e-01 0.000000000000000000e+00 4.000959074500479717e-01 0.000000000000000000e+00 4.760224999999999596e-01 0.000000000000000000e+00 0.000000000000000000e+00 0.000000000000000000e+00 0.000000000000000000e+00 0.000000000000000000e+00 0.000000000000000000e+00 0.000000000000000000e+00 4.231451148648648908e-01 0.000000000000000000e+00 0.000000000000000000e+00 0.000000000000000000e+00 0.000000000000000000e+00 0.000000000000000000e+00 0.000000000000000000e+00 0.000000000000000000e+00 0.000000000000000000e+00 0.000000000000000000e+00 0.000000000000000000e+00 0.000000000000000000e+00 0.000000000000000000e+00 0.000000000000000000e+00 0.000000000000000000e+00 0.000000000000000000e+00 0.000000000000000000e+00 0.000000000000000000e+00 0.000000000000000000e+00 0.000000000000000000e+00 0.000000000000000000e+00 0.000000000000000000e+00 0.000000000000000000e+00 0.000000000000000000e+00 4.577580410521140397e-01 0.000000000000000000e+00 5.017594296296294942e-01 4.634418723404254425e-01 3.240220930814173839e-01 0.000000000000000000e+00 3.489103938397450366e-01 0.000000000000000000e+00 0.000000000000000000e+00 0.000000000000000000e+00 3.737378755707659317e-01 0.000000000000000000e+00 0.000000000000000000e+00 0.000000000000000000e+00 0.000000000000000000e+00 0.000000000000000000e+00 0.000000000000000000e+00 0.000000000000000000e+00 0.000000000000000000e+00 0.000000000000000000e+00 0.000000000000000000e+00 0.000000000000000000e+00 4.551815075757576490e-01 0.000000000000000000e+00 0.000000000000000000e+00 0.000000000000000000e+00 0.000000000000000000e+00 0.000000000000000000e+00 0.000000000000000000e+00 0.000000000000000000e+00 0.000000000000000000e+00 0.000000000000000000e+00 0.000000000000000000e+00 0.000000000000000000e+00 0.000000000000000000e+00 0.000000000000000000e+00 0.000000000000000000e+00 0.000000000000000000e+00 0.000000000000000000e+00 0.000000000000000000e+00 3.761765999999999166e-01 0.000000000000000000e+00 0.000000000000000000e+00 0.000000000000000000e+00 0.000000000000000000e+00 0.000000000000000000e+00 0.000000000000000000e+00 0.000000000000000000e+00 0.000000000000000000e+00
3.256630393699464499e-01 4.574576699938950330e-01 2.995547009220676515e-01 4.303393884721064544e-01 2.634544887104742217e-01 4.327169485943774818e-01 2.820622020594122370e-01 4.095663039139347816e-01 2.667852838060850718e-01 3.972807451437451731e-01 3.229948762881579283e-01 4.022908750762569374e-01 2.797936267297814195e-01 3.958274742064333829e-01 3.407420426600532015e-01 4.273487692307692543e-01 3.830357760013429758e-01 4.267194588834178348e-01 3.766033491171448255e-01 4.519208809516674363e-01 0.000000000000000000e+00 0.000000000000000000e+00 3.522042470144863824e-01 4.176679475343595405e-01 3.679620655737704804e-01 4.086565063886209437e-01 3.077489285714286038e-01 0.000000000000000000e+00 3.508292013977164503e-01 4.162698278830786469e-01 3.655263276394422611e-01 4.075282186353011427e-01 3.998789587064759954e-01 4.379037971402778839e-01 4.613243291139240698e-01 0.000000000000000000e+00 4.637892195963654318e-01 4.868119247311828435e-01 4.044712138888889585e-01 0.000000000000000000e+00 4.251762517006802966e-01 0.000000000000000000e+00 4.841276870416702516e-01 0.000000000000000000e+00 0.000000000000000000e+00 0.000000000000000000e+00 0.000000000000000000e+00 0.000000000000000000e+00 4.105632936945968758e-01 0.000000000000000000e+00 4.105904599219093454e-01 0.000000000000000000e+00 4.125408911936406242e-01 0.000000000000000000e+00 0.000000000000000000e+00 0.000000000000000000e+00 3.910856520452986040e-01 4.758279791666666370e-01 4.067156790121034815e-01 5.087905557539682544e-01 4.033208266608788173e-01 0.000000000000000000e+00 3.929796890989718516e-01 0.000000000000000000e+00 4.067297381900328856e-01 0.000000000000000000e+00 4.162671312248082955e-01 0.000000000000000000e+00 3.863198402837903500e-01 0.000000000000000000e+00 3.123986007013797583e-01 4.368520607459915328e-01 3.505457459818897004e-01 4.311104619584703590e-01 0.000000000000000000e+00 0.000000000000000000e+00 3.892550786004483898e-01 4.321319198817833995e-01 3.750586865079365007e-01 0.000000000000000000e+00 3.957879712573174613e-01 0.000000000000000000e+00 4.457781897810219052e-01 0.000000000000000000e+00 4.273203186637863360e-01 0.000000000000000000e+00 4.318443906250000186e-01 0.000000000000000000e+00 4.299109357025520661e-01 0.000000000000000000e+00 4.328979055118109542e-01 4.960647763157894907e-01 0.000000000000000000e+00 0.000000000000000000e+00 4.070315301591315715e-01 4.168892531645569388e-01 0.000000000000000000e+00 0.000000000000000000e+00 0.000000000000000000e+00 4.450888857142857313e-01 0.000000000000000000e+00 0.000000000000000000e+00 0.000000000000000000e+00 0.000000000000000000e+00 4.253902072072071605e-01 0.000000000000000000e+00 0.000000000000000000e+00 0.000000000000000000e+00 0.000000000000000000e+00 0.000000000000000000e+00 0.000000000000000000e+00 0.000000000000000000e+00 0.000000000000000000e+00 0.000000000000000000e+00 0.000000000000000000e+00 0.000000000000000000e+00
4.599506966080931236e-01 3.136734683312438765e-01 4.233415518602912098e-01 2.972580288817849303e-01 0.000000000000000000e+00 3.070107058823529633e-01 4.095663039139347816e-01 2.685392148517665167e-01 0.000000000000000000e+00 2.556202212544973484e-01 4.338580910187880835e-01 3.305191430782246642e-01 3.999507866856024108e-01 3.021431986190595831e-01 0.000000000000000000e+00 2.763981364479018987e-01 4.475226420597693822e-01 3.764472048150743766e-01 4.630520002084975162e-01 3.864259788144840391e-01 0.000000000000000000e+00 0.000000000000000000e+00 4.124579977815563403e-01 3.572909253581887934e-01 4.648760563380281430e-01 0.000000000000000000e+00 0.000000000000000000e+00 0.000000000000000000e+00 4.180143763546797508e-01 3.665369883408159946e-01 4.027180308341630766e-01 3.692341193003754740e-01 4.668000835576536778e-01 3.822077520969908160e-01 0.000000000000000000e+00 0.000000000000000000e+00 0.000000000000000000e+00 4.522068724069908674e-01 0.000000000000000000e+00 4.082131181102361395e-01 0.000000000000000000e+00 4.713781475409836164e-01 0.000000000000000000e+00 3.901433966379101448e-01 0.000000000000000000e+00 3.949336620910691154e-01 0.000000000000000000e+00 4.143334963328753617e-01 0.000000000000000000e+00 3.969789988283815019e-01 0.000000000000000000e+00 3.844108511466656775e-01 0.000000000000000000e+00 0.000000000000000000e+00 0.000000000000000000e+00 3.817740220754105018e-01 0.000000000000000000e+00 4.000359192677039322e-01 0.000000000000000000e+00 4.168001682286852083e-01 0.000000000000000000e+00 3.858214972192739456e-01 0.000000000000000000e+00 4.013522567363535520e-01 0.000000000000000000e+00 3.844519904159315327e-01 0.000000000000000000e+00 4.276671923613771242e-01 5.104570248923960829e-01 4.158132611395283784e-01 4.042397221367520221e-01 3.177484858302896953e-01 4.203649025584178522e-01 3.646651505684568306e-01 0.000000000000000000e+00 3.527289787234042517e-01 4.416725709627210006e-01 3.836623792685772139e-01 0.000000000000000000e+00 4.398664035087719304e-01 0.000000000000000000e+00 4.138837289889144566e-01 0.000000000000000000e+00 0.000000000000000000e+00 0.000000000000000000e+00 3.970789564344560096e-01 0.000000000000000000e+00 0.000000000000000000e+00 0.000000000000000000e+00 4.006184543253552555e-01 0.000000000000000000e+00 0.000000000000000000e+00 3.915102827586207646e-01 0.000000000000000000e+00 4.308576704545454827e-01 0.000000000000000000e+00 0.000000000000000000e+00 0.000000000000000000e+00 0.000000000000000000e+00 4.548855901785714417e-01 0.000000000000000000e+00 0.000000000000000000e+00 0.000000000000000000e+00 4.066293739837397170e-01 0.000000000000000000e+00 4.116369523173755152e-01 0.000000000000000000e+00 0.000000000000000000e+00 0.000000000000000000e+00 0.000000000000000000e+00 0.000000000000000000e+00 0.000000000000000000e+00 0.000000000000000000e+00 0.000000000000000000e+00 0.000000000000000000e+00 0.000000000000000000e+00
3.107848967922579586e-01 0.000000000000000000e+00 2.916357566464943263e-01 4.147757269617574072e-01 2.399885264085538372e-01 4.336293933300278125e-01 2.667852838060850718e-01 0.000000000000000000e+00 2.619220765877381396e-01 4.134468767123287702e-01 3.076228565834330242e-01 0.000000000000000000e+00 3.014586363035551830e-01 0.000000000000000000e+00 2.753340197887013119e-01 4.321886388888888653e-01 3.579742487732860412e-01 0.000000000000000000e+00 0.000000000000000000e+00 0.000000000000000000e+00 3.739890768167914992e-01 0.000000000000000000e+00 3.349611556701239112e-01 3.962571786793415707e-01 2.172232082270068865e-01 3.813796820729299930e-01 3.214024573153899111e-01 0.000000000000000000e+00 3.431557114295092359e-01 0.000000000000000000e+00 3.442624736112007144e-01 3.878773537639812474e-01 0.000000000000000000e+00 0.000000000000000000e+00 0.000000000000000000e+00 0.000000000000000000e+00 4.189963287671232828e-01 0.000000000000000000e+00 0.000000000000000000e+00 0.000000000000000000e+00 0.000000000000000000e+00 0.000000000000000000e+00 0.000000000000000000e+00 0.000000000000000000e+00 0.000000000000000000e+00 0.000000000000000000e+00 0.000000000000000000e+00 0.000000000000000000e+00 0.000000000000000000e+00 0.000000000000000000e+00 3.633392952380952723e-01 0.000000000000000000e+00 0.000000000000000000e+00 0.000000000000000000e+00 0.000000000000000000e+00 0.000000000000000000e+00 4.303595526315788788e-01 0.000000000000000000e+00 0.000000000000000000e+00 0.000000000000000000e+00 3.733782329186672300e-01 0.000000000000000000e+00 3.649765329683458681e-01 0.000000000000000000e+00 3.727653710222831873e-01 0.000000000000000000e+00 0.000000000000000000e+00 0.000000000000000000e+00 0.000000000000000000e+00 0.000000000000000000e+00 3.138157295574595662e-01 4.403709936406995373e-01 3.534572836604444879e-01 4.051809871794871953e-01 0.000000000000000000e+00 0.000000000000000000e+00 3.580483753754679643e-01 0.000000000000000000e+00 3.900406265060240574e-01 0.000000000000000000e+00 3.598282289639037623e-01 0.000000000000000000e+00 0.000000000000000000e+00 0.000000000000000000e+00 3.959200966560768031e-01 0.000000000000000000e+00 0.000000000000000000e+00 0.000000000000000000e+00 3.922975873651078360e-01 0.000000000000000000e+00 0.000000000000000000e+00 0.000000000000000000e+00 0.000000000000000000e+00 0.000000000000000000e+00 0.000000000000000000e+00 0.000000000000000000e+00 0.000000000000000000e+00 0.000000000000000000e+00 0.000000000000000000e+00 0.000000000000000000e+00 0.000000000000000000e+00 0.000000000000000000e+00 0.000000000000000000e+00 0.000000000000000000e+00 0.000000000000000000e+00 0.000000000000000000e+00 0.000000000000000000e+00 0.000000000000000000e+00 0.000000000000000000e+00 0.000000000000000000e+00 0.000000000000000000e+00 0.000000000000000000e+00 0.000000000000000000e+00 0.000000000000000000e+00 0.000000000000000000e+00 0.000000000000000000e+00
0.000000000000000000e+00 3.552691184141887892e-01 4.279174967069257485e-01 3.229982612395818631e-01 4.396273279385638499e-01 2.305473054671650091e-01 3.972807451437451731e-01 2.556202212544973484e-01 4.134468767123287702e-01 2.199869686056374618e-01 0.000000000000000000e+00 3.592782374216946795e-01 4.063934204803635319e-01 3.306282195240005106e-01 4.243664837681159208e-01 2.688999158837524495e-01 0.000000000000000000e+00 3.856098283733211396e-01 0.000000000000000000e+00 3.647256199236376117e-01 3.996555705777030676e-01 3.564501391183123036e-01 4.093239961706015007e-01 3.502729443202243220e-01 4.322817384056455992e-01 1.940220782195538340e-01 0.000000000000000000e+00 2.543203352479160850e-01 0.000000000000000000e+00 3.382268267043325172e-01 3.955420627044475834e-01 3.828931796219999240e-01 0.000000000000000000e+00 3.741459885964912857e-01 0.000000000000000000e+00 0.000000000000000000e+00 0.000000000000000000e+00 4.446088202247191479e-01 0.000000000000000000e+00 0.000000000000000000e+00 0.000000000000000000e+00 0.000000000000000000e+00 0.000000000000000000e+00 0.000000000000000000e+00 0.000000000000000000e+00 0.000000000000000000e+00 0.000000000000000000e+00 4.271388141592921128e-01 0.000000000000000000e+00 0.000000000000000000e+00 0.000000000000000000e+00 0.000000000000000000e+00 0.000000000000000000e+00 0.000000000000000000e+00 0.000000000000000000e+00 4.115390312500000203e-01 0.000000000000000000e+00 3.822444710743801988e-01 0.000000000000000000e+00 0.000000000000000000e+00 0.000000000000000000e+00 0.000000000000000000e+00 0.000000000000000000e+00 3.482186947368420826e-01 0.000000000000000000e+00 0.000000000000000000e+00 0.000000000000000000e+00 0.000000000000000000e+00 0.000000000000000000e+00 0.000000000000000000e+00 4.195129515050168290e-01 3.225703541891137838e-01 0.000000000000000000e+00 3.497272668535624796e-01 0.000000000000000000e+00 0.000000000000000000e+00 0.000000000000000000e+00 3.693257300076639438e-01 0.000000000000000000e+00 3.960768589635854653e-01 0.000000000000000000e+00 3.926604584165614420e-01 0.000000000000000000e+00 0.000000000000000000e+00 0.000000000000000000e+00 4.217423579292517433e-01 0.000000000000000000e+00 0.000000000000000000e+00 0.000000000000000000e+00 4.171703373815561222e-01 0.000000000000000000e+00 0.000000000000000000e+00 0.000000000000000000e+00 0.000000000000000000e+00 0.000000000000000000e+00 0.000000000000000000e+00 0.000000000000000000e+00 0.000000000000000000e+00 0.000000000000000000e+00 0.000000000000000000e+00 0.000000000000000000e+00 0.000000000000000000e+00 0.000000000000000000e+00 0.000000000000000000e+00 0.000000000000000000e+00 0.000000000000000000e+00 0.000000000000000000e+00 3.963273611111111649e-01 0.000000000000000000e+00 0.000000000000000000e+00 0.000000000000000000e+00 0.000000000000000000e+00 0.000000000000000000e+00 0.000000000000000000e+00 0.000000000000000000e+00 0.000000000000000000e+00
2.716683488187431883e-01 4.479964938271605579e-01 3.771464379919489684e-01 4.214475349297518991e-01 2.959023785777157300e-01 0.000000000000000000e+00 3.229948762881579283e-01 4.338580910187880835e-01 3.076228565834330242e-01 0.000000000000000000e+00 2.588830790223756173e-01 3.930305913978494603e-01 2.798691783195048077e-01 0.000000000000000000e+00 3.404892177615350679e-01 0.000000000000000000e+00 3.177086058189582118e-01 4.126761176470588044e-01 4.070141267312603617e-01 4.762244511291464089e-01 0.000000000000000000e+00 0.000000000000000000e+00 3.855607129670926003e-01 4.319254320776255707e-01 0.000000000000000000e+00 0.000000000000000000e+00 0.000000000000000000e+00 0.000000000000000000e+00 3.636145418006607732e-01 0.000000000000000000e+00 3.751693151843374374e-01 0.000000000000000000e+00 3.883198396176610334e-01 4.488156447740443977e-01 4.501728965517242109e-01 0.000000000000000000e+00 4.993179718309857518e-01 0.000000000000000000e+00 0.000000000000000000e+00 0.000000000000000000e+00 0.000000000000000000e+00 0.000000000000000000e+00 0.000000000000000000e+00 0.000000000000000000e+00 0.000000000000000000e+00 0.000000000000000000e+00 0.000000000000000000e+00 0.000000000000000000e+00 4.128016903132529780e-01 0.000000000000000000e+00 4.222649405991962812e-01 0.000000000000000000e+00 0.000000000000000000e+00 0.000000000000000000e+00 0.000000000000000000e+00 0.000000000000000000e+00 3.849767368148409030e-01 0.000000000000000000e+00 4.172626774574292319e-01 5.140117920000000229e-01 4.075905552613237059e-01 4.715826687116564386e-01 3.859096308440382872e-01 0.000000000000000000e+00 4.130570647340210400e-01 0.000000000000000000e+00 4.357033406615209992e-01 0.000000000000000000e+00 0.000000000000000000e+00 0.000000000000000000e+00 3.379362689298791023e-01 0.000000000000000000e+00 3.509880906575909565e-01 4.401732352941175042e-01 0.000000000000000000e+00 0.000000000000000000e+00 4.145942831290259090e-01 4.654911388888887669e-01 3.603238253968254479e-01 0.000000000000000000e+00 4.043686038904056312e-01 0.000000000000000000e+00 3.768596956521739760e-01 0.000000000000000000e+00 4.468589655803267835e-01 0.000000000000000000e+00 4.168049457831325411e-01 0.000000000000000000e+00 4.602826978375612055e-01 0.000000000000000000e+00 0.000000000000000000e+00 0.000000000000000000e+00 0.000000000000000000e+00 0.000000000000000000e+00 0.000000000000000000e+00 0.000000000000000000e+00 0.000000000000000000e+00 0.000000000000000000e+00 0.000000000000000000e+00 0.000000000000000000e+00 0.000000000000000000e+00 0.000000000000000000e+00 0.000000000000000000e+00 0.000000000000000000e+00 0.000000000000000000e+00 0.000000000000000000e+00 0.000000000000000000e+00 0.000000000000000000e+00 0.000000000000000000e+00 0.000000000000000000e+00 0.000000000000000000e+00 0.000000000000000000e+00 0.000000000000000000e+00 0.000000000000000000e+00 0.000000000000000000e+00 0.000000000000000000e+00
0.000000000000000000e+00 3.328568860211861824e-01 4.233598185803100766e-01 3.814231149385675645e-01 0.000000000000000000e+00 0.000000000000000000e+00 4.022908750762569374e-01 3.305191430782246642e-01 0.000000000000000000e+00 3.592782374216946795e-01 3.930305913978494603e-01 2.761461319445301377e-01 4.030159362567943271e-01 2.870422166718055723e-01 0.000000000000000000e+00 3.340521333333332787e-01 0.000000000000000000e+00 3.163492230283279083e-01 4.483698901043842167e-01 3.975105651345606228e-01 0.000000000000000000e+00 0.000000000000000000e+00 4.122330912168920558e-01 3.808405685610249392e-01 4.222440636363636313e-01 3.894587282608695245e-01 0.000000000000000000e+00 0.000000000000000000e+00 3.977933965517241321e-01 3.531250328243938919e-01 3.977744892580651337e-01 3.661802156486242410e-01 4.283417598758629263e-01 3.677383747368869193e-01 0.000000000000000000e+00 0.000000000000000000e+00 0.000000000000000000e+00 4.400211555786594508e-01 0.000000000000000000e+00 4.050157623762376535e-01 0.000000000000000000e+00 4.082530000000000325e-01 0.000000000000000000e+00 4.837100344827586773e-01 4.786059037037037611e-01 4.191540754716981398e-01 0.000000000000000000e+00 0.000000000000000000e+00 0.000000000000000000e+00 3.817485812068965867e-01 0.000000000000000000e+00 3.905994714185528349e-01 0.000000000000000000e+00 4.202260240963854310e-01 0.000000000000000000e+00 4.172134983415499154e-01 0.000000000000000000e+00 4.074987040445613995e-01 0.000000000000000000e+00 4.558618981481480925e-01 0.000000000000000000e+00 3.978865510573335595e-01 0.000000000000000000e+00 4.109676457988205023e-01 0.000000000000000000e+00 4.122458054655918080e-01 4.495322242063491958e-01 4.239373564879707068e-01 0.000000000000000000e+00 4.220053141186299039e-01 4.176698450704225407e-01 3.300517195567154727e-01 4.269186805555555408e-01 3.749171213434422389e-01 0.000000000000000000e+00 0.000000000000000000e+00 0.000000000000000000e+00 4.063499664057521055e-01 0.000000000000000000e+00 4.269513551761794368e-01 0.000000000000000000e+00 4.285070505289830245e-01 0.000000000000000000e+00 0.000000000000000000e+00 0.000000000000000000e+00 4.371288059965678929e-01 0.000000000000000000e+00 4.169925813953488380e-01 0.000000000000000000e+00 4.356977394815541582e-01 0.000000000000000000e+00 4.205124434782607779e-01 0.000000000000000000e+00 0.000000000000000000e+00 0.000000000000000000e+00 4.430663003647586917e-01 0.000000000000000000e+00 0.000000000000000000e+00 0.000000000000000000e+00 0.000000000000000000e+00 0.000000000000000000e+00 0.000000000000000000e+00 4.746613124999999878e-01 0.000000000000000000e+00 0.000000000000000000e+00 0.000000000000000000e+00 0.000000000000000000e+00 0.000000000000000000e+00 0.000000000000000000e+00 0.000000000000000000e+00 0.000000000000000000e+00 0.000000000000000000e+00 0.000000000000000000e+00 0.000000000000000000e+00 0.000000000000000000e+00 0.000000000000000000e+00
3.292212918977539537e-01 0.000000000000000000e+00 3.506770426919728068e-01 4.155616403631887668e-01 2.926811855439636068e-01 4.327803867946212746e-01 2.797936267297814195e-01 3.999507866856024108e-01 3.014586363035551830e-01 4.063934204803635319e-01 2.798691783195048077e-01 4.030159362567943271e-01 2.589541899931103175e-01 4.044716989122983941e-01 2.247460341389198590e-01 4.145181234567900663e-01 3.833862457295874604e-01 0.000000000000000000e+00 3.938227467541475235e-01 4.299949270186335104e-01 0.000000000000000000e+00 0.000000000000000000e+00 3.583940564096825820e-01 4.133894425456816069e-01 3.836444385964912218e-01 4.388481263888888706e-01 0.000000000000000000e+00 0.000000000000000000e+00 3.293558728652125622e-01 0.000000000000000000e+00 3.471497299176389828e-01 4.083130566925841642e-01 3.657431942735834274e-01 4.221273963277151764e-01 0.000000000000000000e+00 0.000000000000000000e+00 4.260099338842975314e-01 0.000000000000000000e+00 0.000000000000000000e+00 0.000000000000000000e+00 0.000000000000000000e+00 0.000000000000000000e+00 4.714785862068965883e-01 0.000000000000000000e+00 0.000000000000000000e+00 0.000000000000000000e+00 4.461979756097561589e-01 0.000000000000000000e+00 4.148579997295325228e-01 0.000000000000000000e+00 4.002054545216545134e-01 0.000000000000000000e+00 0.000000000000000000e+00 0.000000000000000000e+00 0.000000000000000000e+00 0.000000000000000000e+00 3.954761943944795077e-01 0.000000000000000000e+00 4.121947153859393809e-01 0.000000000000000000e+00 4.046146516173227958e-01 0.000000000000000000e+00 4.000303732132536316e-01 0.000000000000000000e+00 4.092713869535944959e-01 0.000000000000000000e+00 4.061135454545455326e-01 0.000000000000000000e+00 4.165727117117116185e-01 0.000000000000000000e+00 3.172830656785848302e-01 4.093690700928662163e-01 3.730366750614453331e-01 4.114410735587899492e-01 0.000000000000000000e+00 0.000000000000000000e+00 3.923464363176190628e-01 4.200029373985355585e-01 3.795838892177837987e-01 0.000000000000000000e+00 3.929772562890965215e-01 0.000000000000000000e+00 0.000000000000000000e+00 0.000000000000000000e+00 4.239288384629633644e-01 0.000000000000000000e+00 0.000000000000000000e+00 0.000000000000000000e+00 4.276723714225971751e-01 0.000000000000000000e+00 0.000000000000000000e+00 0.000000000000000000e+00 0.000000000000000000e+00 0.000000000000000000e+00 4.203496781965975759e-01 0.000000000000000000e+00 0.000000000000000000e+00 0.000000000000000000e+00 0.000000000000000000e+00 0.000000000000000000e+00 0.000000000000000000e+00 0.000000000000000000e+00 0.000000000000000000e+00 0.000000000000000000e+00 4.138970599541527129e-01 4.039188440366972555e-01 0.000000000000000000e+00 0.000000000000000000e+00 0.000000000000000000e+00 0.000000000000000000e+00 0.000000000000000000e+00 0.000000000000000000e+00 0.000000000000000000e+00 0.000000000000000000e+00 3.826438317757009933e-01 0.000000000000000000e+00
