0.000000000000000000e+00 1.247747123249688022e-03 6.064008983717012607e-02 1.939465177784307917e-03 3.162555344718532635e-04 0.000000000000000000e+00 1.694556645508751569e-01 6.150061500615006333e-04 9.140767824497257740e-04 0.000000000000000000e+00 2.707224334600760729e-01 3.227541689080150366e-04 4.561653599429793537e-02 1.653712584752770021e-04 6.504065040650406498e-04 0.000000000000000000e+00 8.437695679398872495e-02 0.000000000000000000e+00 8.342636760377550309e-02 3.038743985819194939e-03 8.661758336942398983e-04 0.000000000000000000e+00 1.133319596126107498e-03 0.000000000000000000e+00 0.000000000000000000e+00 0.000000000000000000e+00 0.000000000000000000e+00 0.000000000000000000e+00 3.565365025466893378e-02 2.980803624657207330e-04 8.827683615819209226e-03 1.045329278722797670e-03 2.242152466367712885e-02 6.555423122765196772e-03 8.884940026654819653e-04 8.210180623973727153e-04 6.742890647903840469e-03 7.303268212525105500e-04 2.353494939985878985e-04 0.000000000000000000e+00 4.672897196261681894e-03 0.000000000000000000e+00 0.000000000000000000e+00 0.000000000000000000e+00 8.026326350429408224e-05 0.000000000000000000e+00 1.116445238361058438e-04 0.000000000000000000e+00 3.775959723096286905e-04 0.000000000000000000e+00 2.188854353631309246e-04 5.131099594643131849e-05 0.000000000000000000e+00 0.000000000000000000e+00 0.000000000000000000e+00 0.000000000000000000e+00 2.674840485424746506e-01 6.647610184138801623e-04 1.504622982828920930e-02 3.151194302640700760e-04 1.456252256589240547e-02 1.542852734706472140e-04 5.933503836317135897e-03 2.507103459802774307e-04 4.970760233918129073e-03 7.282790765421310025e-05 2.395740905057675355e-02 2.994370583303389852e-04 2.257290513104466545e-01 1.067046060821625394e-03 4.078745001537988080e-02 4.226939695660342027e-04 3.209420457169245150e-02 4.234372518922352381e-04 5.806451612903226062e-02 0.000000000000000000e+00 4.522271336280176551e-02 7.151370679380214404e-04 0.000000000000000000e+00 0.000000000000000000e+00 4.553854276663146794e-03 0.000000000000000000e+00 0.000000000000000000e+00 0.000000000000000000e+00 1.298420255355983537e-03 4.275514130574201632e-05 0.000000000000000000e+00 0.000000000000000000e+00 2.759953080797626179e-04 0.000000000000000000e+00 7.348888480617307055e-04 4.260153365521158943e-04 5.902026362384418801e-04 2.531645569620253320e-04 1.943005181347150223e-03 4.687499999999999827e-03 4.098360655737704914e-04 3.688675765400221485e-04 1.934235976789168291e-03 8.916629514043691212e-04 6.079027355623100714e-04 3.646973012399708290e-04 1.314924391847468836e-03 6.038647342995168794e-04 3.546099290780142083e-04 2.366863905325443764e-04 0.000000000000000000e+00 0.000000000000000000e+00 0.000000000000000000e+00 1.519756838905775070e-03 0.000000000000000000e+00 5.370569280343716291e-04 1.285347043701799393e-03 7.331378299120234598e-04 0.000000000000000000e+00 1.438848920863309384e-03
1.247747123249688022e-03 0.000000000000000000e+00 1.871607711023769334e-03 5.636203349985306754e-02 0.000000000000000000e+00 2.980181791089256535e-04 9.617234083477591922e-04 1.073185731857318609e-01 0.000000000000000000e+00 0.000000000000000000e+00 1.774397972116603401e-03 1.785906401291016687e-01 3.054678749618165083e-04 1.141061683479411247e-02 0.000000000000000000e+00 4.091653027823240782e-04 1.252348152786474577e-03 9.585525471577056866e-02 6.901451334618897981e-03 9.808390309783067418e-02 0.000000000000000000e+00 0.000000000000000000e+00 9.272614877395425181e-04 1.227678571428571404e-03 0.000000000000000000e+00 0.000000000000000000e+00 0.000000000000000000e+00 0.000000000000000000e+00 6.791171477079796601e-04 1.961368785024442465e-02 4.678672316384181046e-03 2.375748360733630909e-03 7.331482667805537708e-03 4.439809296781883213e-02 1.776988005330963931e-03 4.105090311986863577e-04 1.172676634418059203e-03 1.834946138396932602e-02 0.000000000000000000e+00 0.000000000000000000e+00 4.672897196261682437e-04 7.299270072992700489e-03 0.000000000000000000e+00 0.000000000000000000e+00 8.026326350429408224e-05 0.000000000000000000e+00 0.000000000000000000e+00 0.000000000000000000e+00 1.258653241032095635e-04 7.998720204767236712e-05 4.377708707262618627e-05 3.591769716250192159e-04 0.000000000000000000e+00 0.000000000000000000e+00 0.000000000000000000e+00 7.720815318097591629e-05 1.042578923224488129e-03 2.784351525626537205e-01 1.205995520588066432e-03 1.203756223608747761e-02 2.407028523288000951e-04 2.599706857980405711e-02 3.069053708439897429e-04 3.568443924452615462e-02 2.923976608187134557e-04 3.714223290364868004e-03 1.719165927240461425e-03 6.827164929931728125e-03 4.245108896271687117e-03 1.292904143695536301e-01 6.521070439864657189e-03 4.123614503099756051e-02 3.078580774263064610e-04 3.625681469327263901e-02 0.000000000000000000e+00 0.000000000000000000e+00 3.060183611016661052e-03 5.029797377830751148e-02 0.000000000000000000e+00 2.227171492204899680e-03 0.000000000000000000e+00 4.947773501924134128e-03 0.000000000000000000e+00 1.225114854517611075e-02 0.000000000000000000e+00 2.009491641369874713e-03 0.000000000000000000e+00 0.000000000000000000e+00 6.899882701994065448e-05 1.276052743513398594e-03 7.348888480617307055e-04 0.000000000000000000e+00 1.967342120794806086e-04 5.063291139240506640e-04 2.590673575129533775e-03 7.291666666666666782e-03 1.229508196721311583e-03 1.106602729620066337e-03 1.160541586073500888e-03 1.337494427106553736e-03 1.215805471124620143e-03 3.646973012399708290e-04 6.574621959237344181e-04 6.038647342995168794e-04 1.063829787234042571e-03 1.893491124260355011e-03 1.050420168067226845e-03 1.684919966301600585e-03 0.000000000000000000e+00 0.000000000000000000e+00 4.894762604013705790e-04 5.370569280343716291e-04 0.000000000000000000e+00 0.000000000000000000e+00 8.857395925597874500e-04 0.000000000000000000e+00
6.064008983717012607e-02 1.871607711023769334e-03 0.000000000000000000e+00 6.288568909785483517e-03 8.459835547122074306e-02 4.768290865742810455e-03 2.344681669551836878e-01 4.524688104023897803e-03 4.954296160877513788e-02 9.763241396143519657e-04 1.926489226869455146e-02 3.657880580957503965e-03 2.667752774666530893e-02 3.638167686456094101e-03 1.317073170731707273e-02 1.227495908346972180e-03 2.974326862867877203e-03 2.566405748748876929e-04 1.569065259311884786e-01 6.499535747446610542e-03 2.598527501082719803e-03 1.245330012453300115e-03 3.288687409849577747e-01 6.361607142857142808e-03 3.118115573631587839e-02 6.140059741121805213e-03 8.481764206955046560e-04 3.373118837571354323e-03 1.697792869269949129e-02 1.073089304876594834e-03 8.554025423728812971e-02 2.328233393518958430e-02 5.032386646736422553e-02 6.307111640842272271e-03 2.221235006663704913e-04 0.000000000000000000e+00 2.345353268836118405e-03 9.129085265656381874e-05 0.000000000000000000e+00 0.000000000000000000e+00 1.869158878504672975e-03 0.000000000000000000e+00 0.000000000000000000e+00 0.000000000000000000e+00 0.000000000000000000e+00 0.000000000000000000e+00 0.000000000000000000e+00 0.000000000000000000e+00 0.000000000000000000e+00 0.000000000000000000e+00 1.313312612178785656e-04 0.000000000000000000e+00 0.000000000000000000e+00 0.000000000000000000e+00 0.000000000000000000e+00 0.000000000000000000e+00 2.710705200383669179e-03 4.985707638104101488e-04 1.435708953081031363e-03 1.260477721056280304e-04 6.619328439042002684e-04 1.542852734706472140e-04 2.046035805626598557e-04 0.000000000000000000e+00 7.309941520467835852e-04 0.000000000000000000e+00 2.606477373558118739e-03 0.000000000000000000e+00 3.082318198597268355e-02 5.335230304108126969e-04 7.148569670870501269e-02 4.931429644937065752e-03 3.170938197490956456e-02 9.527338167575292180e-04 5.161290322580645157e-02 0.000000000000000000e+00 3.116853677887339996e-02 5.959475566150178490e-04 0.000000000000000000e+00 0.000000000000000000e+00 2.639915522703273299e-04 0.000000000000000000e+00 0.000000000000000000e+00 0.000000000000000000e+00 8.656135035706557092e-05 4.275514130574201632e-05 0.000000000000000000e+00 0.000000000000000000e+00 0.000000000000000000e+00 0.000000000000000000e+00 3.674444240308653528e-04 4.260153365521158943e-04 1.967342120794806086e-04 2.531645569620253320e-04 6.476683937823834438e-04 1.041666666666666652e-03 1.229508196721311583e-03 0.000000000000000000e+00 2.321083172147001775e-03 8.916629514043691212e-04 0.000000000000000000e+00 0.000000000000000000e+00 0.000000000000000000e+00 1.509661835748792199e-04 3.546099290780142083e-04 2.366863905325443764e-04 0.000000000000000000e+00 8.424599831508002923e-04 0.000000000000000000e+00 0.000000000000000000e+00 4.894762604013705790e-04 5.370569280343716291e-04 0.000000000000000000e+00 0.000000000000000000e+00 0.000000000000000000e+00 0.000000000000000000e+00
1.939465177784307917e-03 5.636203349985306754e-02 6.288568909785483517e-03 0.000000000000000000e+00 2.371916508538899314e-03 3.650722694084339304e-02 4.680387253959094468e-03 2.002284308557371328e-01 4.387568555758683542e-03 6.028801562118623475e-02 3.548795944233206802e-03 3.238300161377084124e-02 4.174727624478158892e-03 3.266082354886720718e-02 1.463414634146341462e-03 1.472995090016366616e-02 1.252348152786474577e-03 5.132811497497754075e-03 7.611894854359078401e-03 1.693255676542584631e-01 2.598527501082719803e-03 1.245330012453300115e-03 7.727179064496187723e-03 2.565848214285714191e-01 3.219793255380444096e-03 2.207102555592432847e-02 2.968617472434266404e-03 1.297353399065905542e-03 2.716468590831918641e-03 1.538094670323119154e-02 2.436440677966101795e-02 9.075358738002470282e-02 5.979073243647234880e-03 4.280889948351211671e-02 4.442470013327409826e-04 4.105090311986863577e-04 0.000000000000000000e+00 2.738725579696914183e-03 0.000000000000000000e+00 0.000000000000000000e+00 0.000000000000000000e+00 2.433090024330900308e-03 0.000000000000000000e+00 0.000000000000000000e+00 0.000000000000000000e+00 1.292240098210247390e-04 0.000000000000000000e+00 0.000000000000000000e+00 0.000000000000000000e+00 7.998720204767236712e-05 0.000000000000000000e+00 0.000000000000000000e+00 0.000000000000000000e+00 0.000000000000000000e+00 0.000000000000000000e+00 0.000000000000000000e+00 8.340631385795905248e-04 4.719803230738549640e-03 4.019985068626887926e-04 8.193105186865822518e-04 0.000000000000000000e+00 1.079996914294530661e-03 0.000000000000000000e+00 6.685609226140732568e-04 0.000000000000000000e+00 7.282790765421310025e-05 6.654835847382430938e-04 8.384237633249490718e-04 2.768549280177187363e-03 7.113640405477503204e-03 1.697939095662872808e-02 6.833552507984219648e-02 1.616254906488108880e-03 2.313025988461334809e-02 0.000000000000000000e+00 0.000000000000000000e+00 7.933809361895047133e-04 2.359952324195470699e-02 0.000000000000000000e+00 0.000000000000000000e+00 6.599788806758183249e-05 1.570721746642582254e-04 0.000000000000000000e+00 1.225114854517610988e-03 0.000000000000000000e+00 8.551028261148403264e-05 0.000000000000000000e+00 0.000000000000000000e+00 0.000000000000000000e+00 6.076441635778088350e-05 1.837222120154326764e-04 0.000000000000000000e+00 1.967342120794806086e-04 1.265822784810126660e-04 0.000000000000000000e+00 1.562500000000000087e-03 0.000000000000000000e+00 0.000000000000000000e+00 0.000000000000000000e+00 0.000000000000000000e+00 0.000000000000000000e+00 0.000000000000000000e+00 0.000000000000000000e+00 0.000000000000000000e+00 0.000000000000000000e+00 2.366863905325443764e-04 0.000000000000000000e+00 0.000000000000000000e+00 0.000000000000000000e+00 0.000000000000000000e+00 4.894762604013705790e-04 0.000000000000000000e+00 0.000000000000000000e+00 0.000000000000000000e+00 0.000000000000000000e+00 0.000000000000000000e+00
3.162555344718532635e-04 0.000000000000000000e+00 8.459835547122074306e-02 2.371916508538899314e-03 0.000000000000000000e+00 2.384145432871405228e-03 1.198948515740206472e-02 5.710771393428220244e-04 2.875685557586837304e-01 4.881620698071759828e-04 0.000000000000000000e+00 1.075847229693383591e-04 1.934629874758171273e-03 4.961137754258310335e-04 1.065040650406504086e-01 6.819421713038734817e-04 1.565435190983093222e-04 0.000000000000000000e+00 1.014919313914543805e-04 0.000000000000000000e+00 4.677349501948895732e-02 2.179327521793275255e-03 2.647846692767360371e-02 1.674107142857142764e-03 1.864090832062362257e-01 4.812479256554928926e-03 1.662425784563189013e-01 1.556824078879086694e-03 6.196943972835313938e-03 5.961607249314415067e-05 1.465395480225988728e-02 8.932813836358452497e-03 2.847177735070111873e-04 4.966229638458482301e-05 0.000000000000000000e+00 0.000000000000000000e+00 0.000000000000000000e+00 0.000000000000000000e+00 0.000000000000000000e+00 0.000000000000000000e+00 4.672897196261682437e-04 0.000000000000000000e+00 0.000000000000000000e+00 0.000000000000000000e+00 0.000000000000000000e+00 0.000000000000000000e+00 0.000000000000000000e+00 0.000000000000000000e+00 0.000000000000000000e+00 0.000000000000000000e+00 0.000000000000000000e+00 0.000000000000000000e+00 0.000000000000000000e+00 0.000000000000000000e+00 0.000000000000000000e+00 0.000000000000000000e+00 4.170315692897952624e-05 3.323805092069400812e-05 0.000000000000000000e+00 0.000000000000000000e+00 0.000000000000000000e+00 0.000000000000000000e+00 0.000000000000000000e+00 0.000000000000000000e+00 0.000000000000000000e+00 0.000000000000000000e+00 0.000000000000000000e+00 0.000000000000000000e+00 0.000000000000000000e+00 0.000000000000000000e+00 1.673331282682251689e-02 1.972571857974826388e-03 2.408989455860848297e-02 0.000000000000000000e+00 1.612903225806451568e-02 0.000000000000000000e+00 1.020061203672220423e-03 0.000000000000000000e+00 0.000000000000000000e+00 0.000000000000000000e+00 0.000000000000000000e+00 7.853608733212911271e-05 0.000000000000000000e+00 0.000000000000000000e+00 0.000000000000000000e+00 0.000000000000000000e+00 0.000000000000000000e+00 0.000000000000000000e+00 0.000000000000000000e+00 0.000000000000000000e+00 0.000000000000000000e+00 0.000000000000000000e+00 0.000000000000000000e+00 0.000000000000000000e+00 0.000000000000000000e+00 5.208333333333333261e-04 4.098360655737704914e-04 0.000000000000000000e+00 0.000000000000000000e+00 0.000000000000000000e+00 0.000000000000000000e+00 0.000000000000000000e+00 0.000000000000000000e+00 0.000000000000000000e+00 3.546099290780142083e-04 0.000000000000000000e+00 0.000000000000000000e+00 0.000000000000000000e+00 0.000000000000000000e+00 0.000000000000000000e+00 0.000000000000000000e+00 0.000000000000000000e+00 0.000000000000000000e+00 0.000000000000000000e+00 0.000000000000000000e+00 0.000000000000000000e+00
0.000000000000000000e+00 2.980181791089256535e-04 4.768290865742810455e-03 3.650722694084339304e-02 2.384145432871405228e-03 0.000000000000000000e+00 1.089953196127460468e-03 8.697944122298365000e-03 1.645338208409506328e-03 3.278008298755186734e-01 0.000000000000000000e+00 1.075847229693383591e-04 4.072904999490886777e-04 2.232511989416239434e-03 1.138211382113821137e-03 1.032460447354064392e-01 0.000000000000000000e+00 0.000000000000000000e+00 0.000000000000000000e+00 8.440955516164430085e-05 5.630142919012559935e-03 3.268991282689912709e-02 2.369668246445497811e-03 3.437500000000000278e-02 2.541942043721402960e-03 1.631264520411550012e-01 3.816793893129770843e-03 1.299948105864037473e-01 8.488964346349745752e-05 2.259449147490163318e-02 1.103460451977401197e-02 2.651335170578732192e-02 7.117944337675279683e-05 0.000000000000000000e+00 0.000000000000000000e+00 0.000000000000000000e+00 0.000000000000000000e+00 9.129085265656381874e-05 0.000000000000000000e+00 0.000000000000000000e+00 0.000000000000000000e+00 0.000000000000000000e+00 0.000000000000000000e+00 0.000000000000000000e+00 0.000000000000000000e+00 0.000000000000000000e+00 0.000000000000000000e+00 0.000000000000000000e+00 0.000000000000000000e+00 0.000000000000000000e+00 0.000000000000000000e+00 0.000000000000000000e+00 0.000000000000000000e+00 0.000000000000000000e+00 0.000000000000000000e+00 0.000000000000000000e+00 0.000000000000000000e+00 1.329522036827760325e-04 0.000000000000000000e+00 6.302388605281401520e-05 0.000000000000000000e+00 7.714263673532360702e-05 0.000000000000000000e+00 8.357011532675915710e-05 0.000000000000000000e+00 0.000000000000000000e+00 0.000000000000000000e+00 0.000000000000000000e+00 0.000000000000000000e+00 0.000000000000000000e+00 1.907105505998154486e-03 2.404659026864550131e-02 1.539290387131532305e-04 3.816228232678769983e-02 0.000000000000000000e+00 2.564102564102564014e-02 0.000000000000000000e+00 2.026221692491060947e-03 0.000000000000000000e+00 0.000000000000000000e+00 0.000000000000000000e+00 7.853608733212911271e-05 0.000000000000000000e+00 1.531393568147013844e-03 4.328067517853278546e-05 0.000000000000000000e+00 0.000000000000000000e+00 2.709292874559740029e-04 0.000000000000000000e+00 0.000000000000000000e+00 0.000000000000000000e+00 0.000000000000000000e+00 0.000000000000000000e+00 0.000000000000000000e+00 6.476683937823834438e-04 0.000000000000000000e+00 0.000000000000000000e+00 0.000000000000000000e+00 0.000000000000000000e+00 0.000000000000000000e+00 0.000000000000000000e+00 0.000000000000000000e+00 0.000000000000000000e+00 0.000000000000000000e+00 0.000000000000000000e+00 0.000000000000000000e+00 0.000000000000000000e+00 0.000000000000000000e+00 0.000000000000000000e+00 0.000000000000000000e+00 0.000000000000000000e+00 0.000000000000000000e+00 0.000000000000000000e+00 0.000000000000000000e+00 0.000000000000000000e+00 0.000000000000000000e+00
1.694556645508751569e-01 9.617234083477591922e-04 2.344681669551836878e-01 4.680387253959094468e-03 1.198948515740206472e-02 1.089953196127460468e-03 0.000000000000000000e+00 2.987172728870145840e-03 6.910420475319926925e-02 9.763241396143519657e-04 1.361216730038022904e-01 2.582033351264120292e-03 2.979330007127583557e-01 2.645940135604432034e-03 7.967479674796747527e-03 1.363884342607746747e-04 3.287413901064495901e-03 2.566405748748876929e-04 6.820257789505734802e-02 2.954334430657550286e-03 0.000000000000000000e+00 1.245330012453300115e-03 5.470842777663301182e-02 3.794642857142857106e-03 4.067107269954245083e-03 2.489213408562894123e-03 2.120441051738761640e-04 7.784120394395433471e-04 3.081494057724957700e-02 4.769285799451532053e-04 4.855225988700564987e-02 1.691532832842345194e-02 1.758132251405793850e-02 2.930075486690504605e-03 0.000000000000000000e+00 0.000000000000000000e+00 1.856738004495260422e-03 9.129085265656381874e-05 0.000000000000000000e+00 0.000000000000000000e+00 1.401869158878504568e-03 0.000000000000000000e+00 0.000000000000000000e+00 0.000000000000000000e+00 0.000000000000000000e+00 0.000000000000000000e+00 0.000000000000000000e+00 0.000000000000000000e+00 1.258653241032095635e-04 0.000000000000000000e+00 8.755417414525237254e-05 0.000000000000000000e+00 0.000000000000000000e+00 0.000000000000000000e+00 0.000000000000000000e+00 0.000000000000000000e+00 9.925351349097126866e-03 6.647610184138801623e-05 9.762820880951013922e-04 6.302388605281401520e-05 6.619328439042002684e-04 7.714263673532360702e-05 5.115089514066495716e-04 8.357011532675915710e-05 7.309941520467835852e-04 0.000000000000000000e+00 3.438331854480922850e-03 0.000000000000000000e+00 1.125876707272056160e-02 1.778410101369375747e-04 5.696708705013842078e-02 3.428517753146721921e-03 3.848225967828831223e-02 5.292965648652940341e-04 6.129032258064515820e-02 0.000000000000000000e+00 2.720163209792587564e-02 7.151370679380214404e-04 4.580852038479157093e-04 0.000000000000000000e+00 1.979936642027455246e-04 0.000000000000000000e+00 3.188775510204081378e-04 0.000000000000000000e+00 3.895260766067950827e-04 0.000000000000000000e+00 0.000000000000000000e+00 0.000000000000000000e+00 1.379976540398813090e-04 0.000000000000000000e+00 1.837222120154326764e-04 1.420051121840386224e-04 0.000000000000000000e+00 1.265822784810126660e-04 1.295336787564766888e-03 2.604166666666666522e-03 1.229508196721311583e-03 0.000000000000000000e+00 3.868471953578336473e-04 4.458314757021845606e-04 0.000000000000000000e+00 0.000000000000000000e+00 0.000000000000000000e+00 0.000000000000000000e+00 7.092198581560284166e-04 0.000000000000000000e+00 1.050420168067226845e-03 0.000000000000000000e+00 0.000000000000000000e+00 0.000000000000000000e+00 0.000000000000000000e+00 0.000000000000000000e+00 0.000000000000000000e+00 0.000000000000000000e+00 0.000000000000000000e+00 0.000000000000000000e+00
6.150061500615006333e-04 1.073185731857318609e-01 4.524688104023897803e-03 2.002284308557371328e-01 5.710771393428220244e-04 8.697944122298365000e-03 2.987172728870145840e-03 0.000000000000000000e+00 2.193784277879341771e-03 1.520624847449353056e-01 2.534854245880861692e-03 1.939752555137170542e-01 3.563791874554526201e-03 3.758061848850669517e-01 1.626016260162601625e-04 3.396072013093289627e-02 4.696305572949279936e-04 1.334530989349416198e-02 3.247741804526540176e-03 9.436988267071833025e-02 1.732351667388479797e-03 6.226650062266500573e-04 6.181743251596950699e-03 1.277901785714285754e-01 2.711404846636163244e-03 4.480584135413209421e-03 1.060220525869380766e-03 5.189413596263621952e-04 1.697792869269949042e-03 3.368308095862644624e-02 2.180437853107344490e-02 6.842155278912857852e-02 2.420101074809595174e-03 1.767977751291219604e-02 0.000000000000000000e+00 0.000000000000000000e+00 1.954461057363432095e-04 2.738725579696914183e-03 2.353494939985878985e-04 0.000000000000000000e+00 0.000000000000000000e+00 2.433090024330900308e-03 0.000000000000000000e+00 0.000000000000000000e+00 0.000000000000000000e+00 6.461200491051236950e-05 0.000000000000000000e+00 0.000000000000000000e+00 0.000000000000000000e+00 0.000000000000000000e+00 0.000000000000000000e+00 5.131099594643131849e-05 0.000000000000000000e+00 0.000000000000000000e+00 0.000000000000000000e+00 0.000000000000000000e+00 1.251094707869385787e-04 1.086884265106694177e-02 5.742835812324125318e-05 1.449549379214722404e-03 6.017571308220002378e-05 1.542852734706472249e-03 0.000000000000000000e+00 1.337121845228146514e-03 0.000000000000000000e+00 7.282790765421310025e-05 4.991126885536822932e-04 1.077973409989220173e-03 7.382798080472498768e-04 2.667615152054063701e-03 1.242694555521378121e-02 8.435092992673304257e-02 8.466097129223428084e-04 4.064997618165457766e-02 0.000000000000000000e+00 0.000000000000000000e+00 2.266802674827156285e-04 4.147794994040524680e-02 0.000000000000000000e+00 0.000000000000000000e+00 0.000000000000000000e+00 2.356082619963873381e-04 0.000000000000000000e+00 2.143950995405819338e-03 0.000000000000000000e+00 2.992859891401941142e-04 0.000000000000000000e+00 0.000000000000000000e+00 0.000000000000000000e+00 0.000000000000000000e+00 0.000000000000000000e+00 2.840102243680772448e-04 0.000000000000000000e+00 1.265822784810126660e-04 1.295336787564766888e-03 1.041666666666666652e-03 8.196721311475409829e-04 0.000000000000000000e+00 0.000000000000000000e+00 0.000000000000000000e+00 0.000000000000000000e+00 0.000000000000000000e+00 3.287310979618672090e-04 0.000000000000000000e+00 0.000000000000000000e+00 0.000000000000000000e+00 0.000000000000000000e+00 0.000000000000000000e+00 0.000000000000000000e+00 0.000000000000000000e+00 0.000000000000000000e+00 0.000000000000000000e+00 0.000000000000000000e+00 0.000000000000000000e+00 0.000000000000000000e+00 0.000000000000000000e+00
9.140767824497257740e-04 0.000000000000000000e+00 4.954296160877513788e-02 4.387568555758683542e-03 2.875685557586837304e-01 1.645338208409506328e-03 6.910420475319926925e-02 2.193784277879341771e-03 0.000000000000000000e+00 1.220405174517939957e-03 2.534854245880861692e-04 1.075847229693383591e-04 4.307097036961612946e-02 3.307425169505540043e-04 9.804878048780488187e-02 1.363884342607746963e-03 1.565435190983093222e-04 0.000000000000000000e+00 4.059677255658175219e-04 0.000000000000000000e+00 1.645734084019056034e-02 2.490660024906600229e-03 1.267257366577374811e-02 1.450892857142857192e-03 2.609727164887307160e-02 4.812479256554928926e-03 9.796437659033079004e-02 2.854177477944992020e-03 9.168081494057725087e-03 2.980803624657207330e-04 1.271186440677966184e-02 9.407963508505179026e-03 2.135383301302583769e-04 1.489868891537544622e-04 2.221235006663704913e-04 0.000000000000000000e+00 1.954461057363432095e-04 0.000000000000000000e+00 0.000000000000000000e+00 0.000000000000000000e+00 0.000000000000000000e+00 0.000000000000000000e+00 0.000000000000000000e+00 0.000000000000000000e+00 0.000000000000000000e+00 0.000000000000000000e+00 0.000000000000000000e+00 0.000000000000000000e+00 0.000000000000000000e+00 0.000000000000000000e+00 4.377708707262618627e-05 0.000000000000000000e+00 0.000000000000000000e+00 0.000000000000000000e+00 0.000000000000000000e+00 0.000000000000000000e+00 2.085157846448976312e-04 6.647610184138801623e-05 2.297134324929650127e-04 0.000000000000000000e+00 6.017571308220002378e-05 0.000000000000000000e+00 1.023017902813299279e-04 0.000000000000000000e+00 1.461988304093567279e-04 0.000000000000000000e+00 2.772848269742679648e-04 0.000000000000000000e+00 1.845699520118124692e-04 0.000000000000000000e+00 2.011688711165795021e-02 2.019537854593274253e-03 3.632725313630416619e-02 5.292965648652940477e-05 9.032258064516128504e-02 0.000000000000000000e+00 4.986965884619744098e-03 1.191895113230035779e-04 0.000000000000000000e+00 0.000000000000000000e+00 0.000000000000000000e+00 0.000000000000000000e+00 3.188775510204081378e-04 0.000000000000000000e+00 4.328067517853278546e-05 0.000000000000000000e+00 0.000000000000000000e+00 0.000000000000000000e+00 0.000000000000000000e+00 0.000000000000000000e+00 0.000000000000000000e+00 0.000000000000000000e+00 1.967342120794806086e-04 0.000000000000000000e+00 6.476683937823834438e-04 0.000000000000000000e+00 8.196721311475409829e-04 0.000000000000000000e+00 0.000000000000000000e+00 0.000000000000000000e+00 0.000000000000000000e+00 0.000000000000000000e+00 0.000000000000000000e+00 0.000000000000000000e+00 0.000000000000000000e+00 0.000000000000000000e+00 0.000000000000000000e+00 0.000000000000000000e+00 0.000000000000000000e+00 0.000000000000000000e+00 0.000000000000000000e+00 0.000000000000000000e+00 0.000000000000000000e+00 0.000000000000000000e+00 0.000000000000000000e+00 0.000000000000000000e+00
0.000000000000000000e+00 0.000000000000000000e+00 9.763241396143519657e-04 6.028801562118623475e-02 4.881620698071759828e-04 3.278008298755186734e-01 9.763241396143519657e-04 1.520624847449353056e-01 1.220405174517939957e-03 0.000000000000000000e+00 0.000000000000000000e+00 1.075847229693383591e-04 2.036452499745443389e-04 7.524392260625103503e-03 1.626016260162601625e-04 1.006546644844517197e-01 0.000000000000000000e+00 0.000000000000000000e+00 0.000000000000000000e+00 8.440955516164430085e-05 1.732351667388479797e-03 7.783312577833125662e-03 1.339377704512672478e-03 5.915178571428571230e-03 2.033553634977122541e-03 9.127115831397279028e-03 1.696352841391009312e-03 1.037882719252724434e-02 0.000000000000000000e+00 1.037319661380708274e-02 2.913135593220339027e-03 5.036586524755298257e-03 0.000000000000000000e+00 4.966229638458482301e-05 0.000000000000000000e+00 0.000000000000000000e+00 0.000000000000000000e+00 9.129085265656381874e-05 0.000000000000000000e+00 0.000000000000000000e+00 0.000000000000000000e+00 0.000000000000000000e+00 0.000000000000000000e+00 0.000000000000000000e+00 0.000000000000000000e+00 0.000000000000000000e+00 0.000000000000000000e+00 0.000000000000000000e+00 0.000000000000000000e+00 0.000000000000000000e+00 0.000000000000000000e+00 0.000000000000000000e+00 0.000000000000000000e+00 0.000000000000000000e+00 0.000000000000000000e+00 0.000000000000000000e+00 0.000000000000000000e+00 6.647610184138801623e-05 0.000000000000000000e+00 0.000000000000000000e+00 0.000000000000000000e+00 7.714263673532360702e-05 0.000000000000000000e+00 8.357011532675915710e-05 0.000000000000000000e+00 7.282790765421310025e-05 0.000000000000000000e+00 0.000000000000000000e+00 0.000000000000000000e+00 0.000000000000000000e+00 6.767148569670870546e-04 9.111403343978958722e-03 0.000000000000000000e+00 1.767850526650082202e-02 0.000000000000000000e+00 0.000000000000000000e+00 0.000000000000000000e+00 1.907032181168057247e-03 0.000000000000000000e+00 0.000000000000000000e+00 0.000000000000000000e+00 2.356082619963873381e-04 0.000000000000000000e+00 0.000000000000000000e+00 0.000000000000000000e+00 0.000000000000000000e+00 0.000000000000000000e+00 0.000000000000000000e+00 0.000000000000000000e+00 0.000000000000000000e+00 0.000000000000000000e+00 0.000000000000000000e+00 0.000000000000000000e+00 0.000000000000000000e+00 0.000000000000000000e+00 0.000000000000000000e+00 0.000000000000000000e+00 0.000000000000000000e+00 0.000000000000000000e+00 0.000000000000000000e+00 0.000000000000000000e+00 0.000000000000000000e+00 0.000000000000000000e+00 0.000000000000000000e+00 0.000000000000000000e+00 0.000000000000000000e+00 0.000000000000000000e+00 0.000000000000000000e+00 0.000000000000000000e+00 0.000000000000000000e+00 0.000000000000000000e+00 0.000000000000000000e+00 0.000000000000000000e+00 0.000000000000000000e+00 0.000000000000000000e+00 0.000000000000000000e+00
2.707224334600760729e-01 1.774397972116603401e-03 1.926489226869455146e-02 3.548795944233206802e-03 0.000000000000000000e+00 0.000000000000000000e+00 1.361216730038022904e-01 2.534854245880861692e-03 2.534854245880861692e-04 0.000000000000000000e+00 0.000000000000000000e+00 6.455083378160300731e-04 7.259953161592505588e-02 1.653712584752770021e-04 1.138211382113821137e-03 0.000000000000000000e+00 2.113337507827175998e-02 1.283202874374438464e-04 5.480564295138536275e-03 9.285051067780872823e-04 0.000000000000000000e+00 0.000000000000000000e+00 2.575726354832062574e-03 6.696428571428571491e-04 0.000000000000000000e+00 1.659475605708596172e-04 0.000000000000000000e+00 0.000000000000000000e+00 4.804753820033955819e-02 1.192321449862883013e-04 7.768361581920904362e-03 1.900598688586904814e-03 3.772510498967898002e-03 1.191895113230035698e-03 2.221235006663704913e-04 0.000000000000000000e+00 4.886152643408579830e-04 0.000000000000000000e+00 0.000000000000000000e+00 0.000000000000000000e+00 0.000000000000000000e+00 0.000000000000000000e+00 0.000000000000000000e+00 0.000000000000000000e+00 0.000000000000000000e+00 0.000000000000000000e+00 0.000000000000000000e+00 0.000000000000000000e+00 0.000000000000000000e+00 0.000000000000000000e+00 8.755417414525237254e-05 0.000000000000000000e+00 0.000000000000000000e+00 0.000000000000000000e+00 0.000000000000000000e+00 0.000000000000000000e+00 5.087785145335501497e-03 3.323805092069400812e-05 6.891402974788951195e-04 0.000000000000000000e+00 7.822842700686003566e-04 7.714263673532360702e-05 3.069053708439897429e-04 0.000000000000000000e+00 4.385964912280701836e-04 0.000000000000000000e+00 4.991126885536822932e-04 0.000000000000000000e+00 2.953119232188999507e-03 1.778410101369375747e-04 1.082743771147339287e-02 2.348299830922412237e-04 5.233587316247210325e-03 1.058593129730588095e-04 0.000000000000000000e+00 0.000000000000000000e+00 7.367108693188258346e-03 2.383790226460071558e-04 0.000000000000000000e+00 0.000000000000000000e+00 1.979936642027455246e-04 0.000000000000000000e+00 0.000000000000000000e+00 0.000000000000000000e+00 1.298420255355983428e-04 0.000000000000000000e+00 0.000000000000000000e+00 0.000000000000000000e+00 6.899882701994065448e-05 0.000000000000000000e+00 3.674444240308653528e-04 0.000000000000000000e+00 0.000000000000000000e+00 0.000000000000000000e+00 0.000000000000000000e+00 0.000000000000000000e+00 0.000000000000000000e+00 0.000000000000000000e+00 0.000000000000000000e+00 0.000000000000000000e+00 0.000000000000000000e+00 0.000000000000000000e+00 0.000000000000000000e+00 0.000000000000000000e+00 3.546099290780142083e-04 2.366863905325443764e-04 0.000000000000000000e+00 0.000000000000000000e+00 0.000000000000000000e+00 0.000000000000000000e+00 0.000000000000000000e+00 0.000000000000000000e+00 0.000000000000000000e+00 0.000000000000000000e+00 0.000000000000000000e+00 0.000000000000000000e+00
3.227541689080150366e-04 1.785906401291016687e-01 3.657880580957503965e-03 3.238300161377084124e-02 1.075847229693383591e-04 1.075847229693383591e-04 2.582033351264120292e-03 1.939752555137170542e-01 1.075847229693383591e-04 1.075847229693383591e-04 6.455083378160300731e-04 0.000000000000000000e+00 1.425516749821810480e-03 1.510666446171655408e-01 0.000000000000000000e+00 1.227495908346972180e-03 1.565435190983093222e-04 6.082381624534839021e-02 1.928346696437633311e-03 1.747277791846036862e-02 0.000000000000000000e+00 0.000000000000000000e+00 1.854522975479085036e-03 9.821428571428571230e-03 1.694628029147602028e-04 3.318951211417192344e-04 0.000000000000000000e+00 0.000000000000000000e+00 5.942275042444821213e-04 4.322165255752950797e-02 9.445621468926553368e-03 1.311413095124964318e-02 1.494768310911808720e-03 5.562177195073500502e-03 0.000000000000000000e+00 0.000000000000000000e+00 2.931691586045148006e-04 2.282271316414095225e-03 0.000000000000000000e+00 2.373042240151874798e-04 0.000000000000000000e+00 0.000000000000000000e+00 0.000000000000000000e+00 0.000000000000000000e+00 0.000000000000000000e+00 0.000000000000000000e+00 0.000000000000000000e+00 0.000000000000000000e+00 0.000000000000000000e+00 0.000000000000000000e+00 0.000000000000000000e+00 0.000000000000000000e+00 0.000000000000000000e+00 0.000000000000000000e+00 0.000000000000000000e+00 7.720815318097591629e-05 2.085157846448976312e-04 9.273416206873628942e-03 5.742835812324125318e-05 8.823344047393962128e-04 0.000000000000000000e+00 8.485690040885597585e-04 0.000000000000000000e+00 1.086411499247868975e-03 0.000000000000000000e+00 2.913116306168524010e-04 0.000000000000000000e+00 1.796622349982033803e-04 1.845699520118124692e-04 1.956251111506313294e-03 5.475238388188250101e-03 3.311102761600601130e-02 4.617871161394597186e-04 1.699041973217593759e-02 0.000000000000000000e+00 0.000000000000000000e+00 2.266802674827156285e-04 1.871275327771156072e-02 0.000000000000000000e+00 7.423904974016332266e-04 0.000000000000000000e+00 2.356082619963873381e-04 0.000000000000000000e+00 6.738131699846860653e-03 0.000000000000000000e+00 4.275514130574201632e-05 0.000000000000000000e+00 0.000000000000000000e+00 0.000000000000000000e+00 6.076441635778088350e-05 0.000000000000000000e+00 0.000000000000000000e+00 1.967342120794806086e-04 0.000000000000000000e+00 6.476683937823834438e-04 2.604166666666666522e-03 0.000000000000000000e+00 0.000000000000000000e+00 0.000000000000000000e+00 0.000000000000000000e+00 0.000000000000000000e+00 0.000000000000000000e+00 1.643655489809336045e-04 1.509661835748792199e-04 0.000000000000000000e+00 2.366863905325443764e-04 0.000000000000000000e+00 0.000000000000000000e+00 0.000000000000000000e+00 0.000000000000000000e+00 0.000000000000000000e+00 0.000000000000000000e+00 0.000000000000000000e+00 0.000000000000000000e+00 0.000000000000000000e+00 0.000000000000000000e+00
4.561653599429793537e-02 3.054678749618165083e-04 2.667752774666530893e-02 4.174727624478158892e-03 1.934629874758171273e-03 4.072904999490886777e-04 2.979330007127583557e-01 3.563791874554526201e-03 4.307097036961612946e-02 2.036452499745443389e-04 7.259953161592505588e-02 1.425516749821810480e-03 0.000000000000000000e+00 1.240284438564577584e-03 1.951219512195122019e-01 2.727768685215493493e-04 2.661239824671258504e-03 0.000000000000000000e+00 7.713386785750533242e-03 2.279057989364396096e-03 2.598527501082719803e-03 0.000000000000000000e+00 1.339377704512672608e-02 1.450892857142857192e-03 1.525165226232841906e-03 8.297378028542980047e-04 0.000000000000000000e+00 0.000000000000000000e+00 1.252122241086587318e-01 2.384642899725766027e-04 2.215748587570621347e-02 8.647724033070416927e-03 5.409637696633212180e-03 1.489868891537544622e-03 2.221235006663704913e-04 0.000000000000000000e+00 9.772305286817159660e-04 0.000000000000000000e+00 0.000000000000000000e+00 0.000000000000000000e+00 4.672897196261682437e-04 0.000000000000000000e+00 0.000000000000000000e+00 0.000000000000000000e+00 0.000000000000000000e+00 0.000000000000000000e+00 0.000000000000000000e+00 0.000000000000000000e+00 0.000000000000000000e+00 0.000000000000000000e+00 0.000000000000000000e+00 0.000000000000000000e+00 0.000000000000000000e+00 0.000000000000000000e+00 0.000000000000000000e+00 0.000000000000000000e+00 1.543016806372242335e-03 3.323805092069400812e-05 3.445701487394475598e-04 0.000000000000000000e+00 3.610542784932001563e-04 7.714263673532360702e-05 2.046035805626598557e-04 0.000000000000000000e+00 1.461988304093567279e-04 0.000000000000000000e+00 9.427684117125110586e-04 0.000000000000000000e+00 1.476559616094499754e-03 0.000000000000000000e+00 4.004921562596124029e-02 1.596843885027240213e-03 3.886708227507119223e-02 3.705075954057058130e-04 1.032258064516129031e-01 0.000000000000000000e+00 1.847444179984132281e-02 1.191895113230035779e-04 4.580852038479157093e-04 0.000000000000000000e+00 1.979936642027455246e-04 0.000000000000000000e+00 6.377551020408162756e-04 0.000000000000000000e+00 0.000000000000000000e+00 4.275514130574201632e-05 2.257336343115124019e-04 0.000000000000000000e+00 0.000000000000000000e+00 0.000000000000000000e+00 1.837222120154326764e-04 0.000000000000000000e+00 0.000000000000000000e+00 2.531645569620253320e-04 6.476683937823834438e-04 0.000000000000000000e+00 0.000000000000000000e+00 3.688675765400221485e-04 1.160541586073500888e-03 4.458314757021845606e-04 0.000000000000000000e+00 0.000000000000000000e+00 0.000000000000000000e+00 1.509661835748792199e-04 3.546099290780142083e-04 0.000000000000000000e+00 0.000000000000000000e+00 0.000000000000000000e+00 0.000000000000000000e+00 0.000000000000000000e+00 4.894762604013705790e-04 0.000000000000000000e+00 0.000000000000000000e+00 0.000000000000000000e+00 0.000000000000000000e+00 0.000000000000000000e+00
