0.000000000000000000e+00 8.221451199275909422e-03 7.672914611421681463e-02 3.724394785847299789e-03 1.157854110382091749e-03 0.000000000000000000e+00 1.600397614314115202e-01 1.907247540654487044e-03 3.752345215759849903e-03 0.000000000000000000e+00 2.804878048780488076e-01 2.188662727073757935e-04 3.562460765850596067e-02 0.000000000000000000e+00 2.010723860589812371e-03 0.000000000000000000e+00 8.016333548248441576e-02 1.076812634601579310e-03 6.273816004354926257e-02 1.978302488832163475e-02 0.000000000000000000e+00 0.000000000000000000e+00 1.929969671905155774e-03 0.000000000000000000e+00 0.000000000000000000e+00 0.000000000000000000e+00 3.927729772191673480e-04 0.000000000000000000e+00 2.275940062199604055e-02 1.016776817488561217e-04 1.955671447196871086e-03 5.213764337851929231e-04 1.492329149232914966e-02 1.592385019126412241e-02 3.822629969418960276e-04 5.602240896358543030e-04 7.420174165457184279e-02 3.695491500369549147e-04 1.193317422434367510e-02 0.000000000000000000e+00 4.389815627743634888e-03 1.976284584980237020e-03 1.271940981938438054e-04 0.000000000000000000e+00 0.000000000000000000e+00 0.000000000000000000e+00 2.179123992155153648e-04 0.000000000000000000e+00 1.511196592938590395e-03 0.000000000000000000e+00 1.273080660835762892e-02 9.150805270863836272e-05 0.000000000000000000e+00 0.000000000000000000e+00 1.084990958408679979e-03 1.194743130227001149e-04 2.762496806608192301e-01 9.757828439634525257e-04 2.952676284211945557e-02 3.856041131105398720e-04 2.676758353332102727e-02 2.949852507374631227e-04 1.086956521739130405e-02 0.000000000000000000e+00 3.131115459882582996e-02 0.000000000000000000e+00 1.466731423020883884e-02 5.590339892665473816e-04 1.102229701304164866e-01 4.859986114325387865e-03 5.540467137425312411e-02 3.716090672612411857e-04 5.279051560228162354e-02 6.126199714110680235e-04 2.234636871508379960e-02 0.000000000000000000e+00 7.549068948163059622e-02 8.981267641775725254e-04 9.033423667570008664e-04 0.000000000000000000e+00 6.092540754157747124e-03 0.000000000000000000e+00 0.000000000000000000e+00 0.000000000000000000e+00 2.167461102617141908e-02 0.000000000000000000e+00 8.153281695882592722e-04 0.000000000000000000e+00 1.819923371647509669e-02 0.000000000000000000e+00 3.789673140691615389e-03 1.392111368909512660e-03 2.445842068483577905e-03 6.136851795029150177e-04 1.321003963011889090e-02 0.000000000000000000e+00 6.635700066357000642e-04 1.642036124794745431e-03 0.000000000000000000e+00 0.000000000000000000e+00 3.778337531486145994e-03 0.000000000000000000e+00 1.014713343480466712e-03 8.513536523071683557e-04 0.000000000000000000e+00 0.000000000000000000e+00 2.824858757062146883e-03 0.000000000000000000e+00 0.000000000000000000e+00 1.677148846960167805e-02 0.000000000000000000e+00 0.000000000000000000e+00 0.000000000000000000e+00 0.000000000000000000e+00 0.000000000000000000e+00 0.000000000000000000e+00
8.221451199275909422e-03 0.000000000000000000e+00 1.973035185794146714e-03 1.406579764121663467e-01 0.000000000000000000e+00 3.128911138923654652e-04 2.208968411751712109e-03 1.121260791005822127e-01 0.000000000000000000e+00 3.440366972477064411e-03 7.621951219512195386e-04 1.840665353469030374e-01 0.000000000000000000e+00 1.952309985096870384e-02 0.000000000000000000e+00 9.840098400984008831e-04 2.149151085321298010e-04 8.255563531945440958e-02 1.360914534567229245e-02 1.065730695596681515e-01 0.000000000000000000e+00 0.000000000000000000e+00 1.378549765646539839e-04 9.538950715421303612e-04 0.000000000000000000e+00 0.000000000000000000e+00 0.000000000000000000e+00 0.000000000000000000e+00 5.654509471303364012e-04 5.022877478393492773e-02 4.345936549326379419e-03 2.606882168925964615e-04 1.882845188284518884e-02 2.028289298105150767e-02 0.000000000000000000e+00 0.000000000000000000e+00 1.814223512336719877e-04 7.021433850702143986e-02 0.000000000000000000e+00 1.083916083916083850e-02 0.000000000000000000e+00 1.581027667984189616e-02 0.000000000000000000e+00 1.873887379368500018e-04 0.000000000000000000e+00 3.394049100576988147e-04 0.000000000000000000e+00 2.297002411852532467e-04 0.000000000000000000e+00 1.316734498443859281e-03 9.718172983479106224e-05 2.928257686676427607e-03 0.000000000000000000e+00 1.828487840555860218e-04 0.000000000000000000e+00 8.363201911589008717e-04 2.299242101677595115e-03 2.732191963097667098e-01 0.000000000000000000e+00 2.262210796915167105e-02 0.000000000000000000e+00 5.162241887905604648e-02 0.000000000000000000e+00 3.789991796554553066e-02 0.000000000000000000e+00 3.684897722326998387e-02 1.068479844584749794e-03 5.143112701252235998e-03 1.787968026924694961e-02 1.083082619763943572e-01 1.086366105377512231e-04 5.564845782237086425e-02 8.947545017335868526e-04 5.186849091280375940e-02 0.000000000000000000e+00 9.009009009009008931e-03 6.710283509478274936e-04 9.789581729535540289e-02 0.000000000000000000e+00 1.972386587771203254e-03 1.646632636258850706e-04 1.161037394451145885e-02 0.000000000000000000e+00 1.099505222649807632e-03 8.993614533681086500e-05 2.425152065723990696e-02 0.000000000000000000e+00 2.222222222222222220e-03 1.596424010217113764e-04 1.436689181944891119e-02 4.737091425864519236e-04 9.280742459396751354e-03 6.988120195667365132e-04 3.988953666768947290e-03 0.000000000000000000e+00 5.355191256830601348e-02 0.000000000000000000e+00 1.642036124794745431e-03 0.000000000000000000e+00 4.297994269340974297e-03 0.000000000000000000e+00 2.207505518763796908e-03 0.000000000000000000e+00 4.597309722458709121e-03 0.000000000000000000e+00 4.863221884498480571e-03 0.000000000000000000e+00 1.062699256110520660e-03 0.000000000000000000e+00 8.385744234800839025e-03 0.000000000000000000e+00 0.000000000000000000e+00 0.000000000000000000e+00 0.000000000000000000e+00 0.000000000000000000e+00 1.547987616099071300e-03
7.672914611421681463e-02 1.973035185794146714e-03 0.000000000000000000e+00 3.848541278708876318e-03 9.031262060980316253e-02 2.503128911138923721e-03 2.460790810691406982e-01 3.814495081308974089e-03 7.551594746716698558e-02 1.146788990825688137e-03 4.039634146341463533e-02 1.532063908951630500e-03 4.362837413684871046e-02 2.086438152011922502e-03 2.479892761394101794e-02 2.460024600246002208e-04 1.439931227165269778e-02 3.589375448671931214e-04 8.532934131736527594e-02 3.573707721761327540e-03 0.000000000000000000e+00 0.000000000000000000e+00 1.770057899090157205e-01 8.267090620031796247e-03 0.000000000000000000e+00 3.540519276160503537e-03 0.000000000000000000e+00 0.000000000000000000e+00 3.237206672321175926e-02 1.016776817488561217e-04 1.390699695784441622e-02 1.642335766423357740e-02 1.157601115760111508e-02 3.113601992705275316e-03 3.822629969418960276e-04 0.000000000000000000e+00 1.197387518142235124e-02 1.847745750184774573e-04 4.773269689737470278e-04 0.000000000000000000e+00 8.779631255487269558e-04 0.000000000000000000e+00 2.543881963876876108e-04 0.000000000000000000e+00 1.356668023334689976e-03 0.000000000000000000e+00 0.000000000000000000e+00 0.000000000000000000e+00 5.083115812611622118e-03 0.000000000000000000e+00 1.059280855199222493e-02 0.000000000000000000e+00 2.665482007996446221e-03 0.000000000000000000e+00 1.084990958408679979e-03 0.000000000000000000e+00 1.507280933321978982e-02 2.661225938082143350e-04 1.833625455035728727e-02 3.856041131105398720e-04 3.692080487354624466e-03 0.000000000000000000e+00 0.000000000000000000e+00 0.000000000000000000e+00 2.283105022831050102e-03 0.000000000000000000e+00 1.301602719766877143e-02 4.472271914132379270e-04 7.362221287336979253e-03 0.000000000000000000e+00 4.541010320478001266e-02 5.574136008918617515e-04 1.021138575103456014e-01 9.189299571166019811e-04 7.262569832402235304e-02 9.009009009009008931e-03 6.508975004193927327e-02 0.000000000000000000e+00 3.613369467028003466e-03 0.000000000000000000e+00 1.481969372632965581e-03 0.000000000000000000e+00 6.896551724137930505e-04 0.000000000000000000e+00 8.094253080312977661e-03 0.000000000000000000e+00 0.000000000000000000e+00 0.000000000000000000e+00 8.141762452107279002e-03 2.144312211858046512e-04 1.894836570345807695e-03 9.280742459396751787e-04 1.048218029350104878e-03 9.205277692543725266e-04 7.926023778071333847e-03 5.464480874316939886e-03 0.000000000000000000e+00 8.210180623973727153e-04 1.050420168067226845e-03 0.000000000000000000e+00 3.778337531486145994e-03 0.000000000000000000e+00 1.014713343480466712e-03 0.000000000000000000e+00 8.764241893076249110e-04 3.039513677811550357e-04 9.416195856873822581e-04 0.000000000000000000e+00 0.000000000000000000e+00 8.385744234800839025e-03 0.000000000000000000e+00 0.000000000000000000e+00 0.000000000000000000e+00 0.000000000000000000e+00 0.000000000000000000e+00 0.000000000000000000e+00
3.724394785847299789e-03 1.406579764121663467e-01 3.848541278708876318e-03 0.000000000000000000e+00 2.701659590891547849e-03 2.628285356695869712e-02 5.411972608791694277e-03 1.869102589841397377e-01 2.345215759849906406e-03 2.599388379204892879e-02 1.524390243902439077e-03 3.852046399649813879e-02 5.806654111738857385e-03 3.725782414307004381e-02 1.340482573726541581e-03 1.451414514145141395e-02 1.074575542660648978e-03 6.640344580043072882e-03 5.715841045182362343e-03 8.538608806636885373e-02 0.000000000000000000e+00 3.904724716907458136e-04 1.033912324234904923e-02 1.627980922098569150e-01 2.396644697423607005e-03 7.867820613690007861e-04 7.855459544383346961e-04 9.474182851729038473e-04 5.654509471303364012e-04 1.657346212506354693e-02 1.999130812690134637e-02 1.772679874869655808e-02 5.160390516039051710e-03 1.156480740147673714e-02 0.000000000000000000e+00 1.680672268907563126e-03 0.000000000000000000e+00 5.912786400591278635e-03 0.000000000000000000e+00 2.797202797202797200e-03 0.000000000000000000e+00 1.976284584980237020e-03 0.000000000000000000e+00 1.873887379368500018e-04 0.000000000000000000e+00 9.050797601538635058e-04 0.000000000000000000e+00 1.148501205926266233e-04 0.000000000000000000e+00 2.633468996887718561e-03 0.000000000000000000e+00 3.660322108345534509e-03 0.000000000000000000e+00 5.485463521667581195e-04 0.000000000000000000e+00 9.557945041816009188e-04 3.406284595077918890e-04 1.729796859753392896e-02 1.348254011055682856e-04 1.760925449871465417e-02 0.000000000000000000e+00 8.259587020648967437e-03 0.000000000000000000e+00 8.203445447087777355e-04 3.261578604044357288e-04 1.479762077469897082e-02 2.914035939776590789e-04 6.484794275491949887e-03 1.262095077829196400e-03 1.133996760009257053e-02 3.259098316132536693e-04 3.409513192121887970e-02 1.118443127166983539e-03 7.126812334082091582e-02 0.000000000000000000e+00 2.702702702702702853e-02 5.032712632108706473e-04 5.850654349499614937e-02 0.000000000000000000e+00 0.000000000000000000e+00 0.000000000000000000e+00 4.523522316043425786e-04 0.000000000000000000e+00 0.000000000000000000e+00 8.993614533681086500e-05 4.186744608578876585e-03 0.000000000000000000e+00 1.851851851851851923e-03 0.000000000000000000e+00 1.822665380079339535e-03 2.842254855518711650e-03 3.248259860788863234e-03 2.445842068483577905e-03 1.841055538508745053e-03 0.000000000000000000e+00 2.185792349726775954e-02 0.000000000000000000e+00 2.463054187192118254e-03 0.000000000000000000e+00 7.163323782234956799e-04 1.259445843828715331e-03 7.358351729212656359e-04 0.000000000000000000e+00 1.362165843691469369e-03 4.382120946538124555e-04 3.039513677811550140e-03 0.000000000000000000e+00 1.062699256110520660e-03 0.000000000000000000e+00 6.289308176100629269e-03 0.000000000000000000e+00 0.000000000000000000e+00 0.000000000000000000e+00 0.000000000000000000e+00 0.000000000000000000e+00 0.000000000000000000e+00
1.157854110382091749e-03 0.000000000000000000e+00 9.031262060980316253e-02 2.701659590891547849e-03 0.000000000000000000e+00 4.067584480600750993e-03 1.104484205875855968e-02 1.003814495081308992e-04 1.069418386491557266e-01 1.529051987767584110e-03 1.143292682926829200e-03 0.000000000000000000e+00 1.255492780916509822e-03 0.000000000000000000e+00 8.646112600536193238e-02 4.920049200492004416e-04 4.298302170642596021e-04 0.000000000000000000e+00 2.721829069134458620e-04 0.000000000000000000e+00 7.557811618725324143e-02 1.561889886762983255e-03 8.684863523573201419e-03 1.589825119236884044e-03 2.067106051527861088e-01 9.047993705743509474e-03 1.732128829536527803e-01 0.000000000000000000e+00 4.523607577042691209e-03 0.000000000000000000e+00 1.434159061277705260e-02 4.431699687174139521e-03 0.000000000000000000e+00 0.000000000000000000e+00 0.000000000000000000e+00 0.000000000000000000e+00 9.071117561683599657e-04 0.000000000000000000e+00 9.546539379474940556e-04 0.000000000000000000e+00 1.492537313432835792e-02 0.000000000000000000e+00 2.543881963876876108e-04 0.000000000000000000e+00 0.000000000000000000e+00 0.000000000000000000e+00 1.089561996077576716e-03 0.000000000000000000e+00 1.373815084489627607e-04 0.000000000000000000e+00 1.943634596695821245e-04 0.000000000000000000e+00 0.000000000000000000e+00 0.000000000000000000e+00 0.000000000000000000e+00 0.000000000000000000e+00 0.000000000000000000e+00 0.000000000000000000e+00 0.000000000000000000e+00 0.000000000000000000e+00 0.000000000000000000e+00 0.000000000000000000e+00 3.196930946291560364e-04 0.000000000000000000e+00 9.784735812133071864e-04 0.000000000000000000e+00 0.000000000000000000e+00 0.000000000000000000e+00 0.000000000000000000e+00 0.000000000000000000e+00 3.411189570885388156e-02 3.158677071720549998e-03 1.856615591097192722e-02 0.000000000000000000e+00 0.000000000000000000e+00 0.000000000000000000e+00 1.342056701895654987e-03 0.000000000000000000e+00 0.000000000000000000e+00 0.000000000000000000e+00 4.939897908776551575e-04 0.000000000000000000e+00 0.000000000000000000e+00 0.000000000000000000e+00 1.259106034715352191e-03 0.000000000000000000e+00 1.630656339176518544e-03 0.000000000000000000e+00 2.394636015325670320e-03 0.000000000000000000e+00 0.000000000000000000e+00 0.000000000000000000e+00 0.000000000000000000e+00 0.000000000000000000e+00 0.000000000000000000e+00 0.000000000000000000e+00 0.000000000000000000e+00 0.000000000000000000e+00 0.000000000000000000e+00 0.000000000000000000e+00 0.000000000000000000e+00 0.000000000000000000e+00 0.000000000000000000e+00 0.000000000000000000e+00 0.000000000000000000e+00 0.000000000000000000e+00 0.000000000000000000e+00 0.000000000000000000e+00 0.000000000000000000e+00 0.000000000000000000e+00 0.000000000000000000e+00 0.000000000000000000e+00 0.000000000000000000e+00 0.000000000000000000e+00 0.000000000000000000e+00 0.000000000000000000e+00
0.000000000000000000e+00 3.128911138923654652e-04 2.503128911138923721e-03 2.628285356695869712e-02 4.067584480600750993e-03 0.000000000000000000e+00 0.000000000000000000e+00 1.003814495081308992e-04 4.690431519699812812e-03 2.347094801223241489e-01 0.000000000000000000e+00 2.188662727073757935e-04 3.138731952291274555e-04 1.490312965722801787e-03 1.005361930294906185e-03 1.323493234932349438e-01 0.000000000000000000e+00 0.000000000000000000e+00 0.000000000000000000e+00 5.105296745373324747e-04 0.000000000000000000e+00 3.553299492385787045e-02 3.859939343810311549e-03 1.748807631160572210e-02 5.991611743559017511e-04 1.687647521636506664e-01 3.927729772191673480e-04 2.420653718616769257e-01 0.000000000000000000e+00 5.490594814438230949e-03 1.021295089091699311e-02 9.645464025026069185e-03 0.000000000000000000e+00 1.423360910950983082e-03 0.000000000000000000e+00 0.000000000000000000e+00 0.000000000000000000e+00 0.000000000000000000e+00 0.000000000000000000e+00 3.496503496503496500e-04 0.000000000000000000e+00 0.000000000000000000e+00 0.000000000000000000e+00 0.000000000000000000e+00 0.000000000000000000e+00 0.000000000000000000e+00 0.000000000000000000e+00 0.000000000000000000e+00 0.000000000000000000e+00 0.000000000000000000e+00 0.000000000000000000e+00 0.000000000000000000e+00 0.000000000000000000e+00 0.000000000000000000e+00 0.000000000000000000e+00 0.000000000000000000e+00 0.000000000000000000e+00 0.000000000000000000e+00 0.000000000000000000e+00 0.000000000000000000e+00 0.000000000000000000e+00 0.000000000000000000e+00 0.000000000000000000e+00 0.000000000000000000e+00 0.000000000000000000e+00 0.000000000000000000e+00 0.000000000000000000e+00 1.118067978533094817e-04 0.000000000000000000e+00 0.000000000000000000e+00 6.518196632265073386e-04 4.050538833147528800e-02 2.236886254333967131e-04 1.817439248519501713e-02 0.000000000000000000e+00 9.009009009009008931e-03 0.000000000000000000e+00 8.981267641775725254e-04 0.000000000000000000e+00 0.000000000000000000e+00 0.000000000000000000e+00 0.000000000000000000e+00 0.000000000000000000e+00 2.199010445299615264e-03 0.000000000000000000e+00 0.000000000000000000e+00 0.000000000000000000e+00 0.000000000000000000e+00 0.000000000000000000e+00 0.000000000000000000e+00 0.000000000000000000e+00 0.000000000000000000e+00 0.000000000000000000e+00 3.068425897514575089e-04 0.000000000000000000e+00 0.000000000000000000e+00 0.000000000000000000e+00 0.000000000000000000e+00 0.000000000000000000e+00 0.000000000000000000e+00 0.000000000000000000e+00 0.000000000000000000e+00 0.000000000000000000e+00 0.000000000000000000e+00 0.000000000000000000e+00 0.000000000000000000e+00 0.000000000000000000e+00 0.000000000000000000e+00 0.000000000000000000e+00 0.000000000000000000e+00 0.000000000000000000e+00 0.000000000000000000e+00 0.000000000000000000e+00 0.000000000000000000e+00 0.000000000000000000e+00 0.000000000000000000e+00
1.600397614314115202e-01 2.208968411751712109e-03 2.460790810691406982e-01 5.411972608791694277e-03 1.104484205875855968e-02 0.000000000000000000e+00 0.000000000000000000e+00 7.930134511142340401e-03 1.200750469043151969e-01 0.000000000000000000e+00 1.017530487804877981e-01 5.690523090391770740e-03 1.718455743879472586e-01 2.682563338301043217e-03 9.048257372654156319e-03 0.000000000000000000e+00 1.117558564367075041e-02 1.794687724335965607e-04 7.076755579749591761e-03 6.509253350350989106e-03 0.000000000000000000e+00 0.000000000000000000e+00 2.081610146126275027e-02 1.112877583465818679e-02 0.000000000000000000e+00 7.867820613690007861e-04 0.000000000000000000e+00 0.000000000000000000e+00 1.385354820469324351e-02 7.117437722419929329e-04 6.301607996523250939e-03 1.407716371220020871e-02 1.952580195258019589e-03 6.138243928476114393e-03 0.000000000000000000e+00 0.000000000000000000e+00 2.902757619738751804e-03 1.847745750184774573e-04 0.000000000000000000e+00 0.000000000000000000e+00 0.000000000000000000e+00 0.000000000000000000e+00 2.543881963876876108e-04 0.000000000000000000e+00 0.000000000000000000e+00 0.000000000000000000e+00 0.000000000000000000e+00 0.000000000000000000e+00 5.495260337958510427e-04 0.000000000000000000e+00 5.928085519922255027e-03 0.000000000000000000e+00 0.000000000000000000e+00 0.000000000000000000e+00 1.808318264014466487e-03 0.000000000000000000e+00 6.642254960401941348e-03 0.000000000000000000e+00 4.584063637589321817e-03 0.000000000000000000e+00 5.722724755399667511e-03 0.000000000000000000e+00 4.795396419437340275e-03 0.000000000000000000e+00 1.728636660143509363e-02 0.000000000000000000e+00 1.942690626517726922e-04 3.354203935599284181e-04 0.000000000000000000e+00 0.000000000000000000e+00 1.188484519282998336e-01 1.207729468599033759e-03 5.715244379823285897e-02 1.021033285685113336e-03 5.586592178770949900e-03 0.000000000000000000e+00 4.177151484650226676e-02 2.181164998716961755e-03 9.033423667570008664e-04 0.000000000000000000e+00 7.080520335913057656e-03 0.000000000000000000e+00 0.000000000000000000e+00 0.000000000000000000e+00 2.788020505441136943e-02 7.899518129394106662e-05 2.853648593558907615e-03 0.000000000000000000e+00 3.911238825031928407e-02 0.000000000000000000e+00 9.474182851729038473e-04 0.000000000000000000e+00 6.988120195667365132e-04 0.000000000000000000e+00 3.963011889035666924e-03 1.092896174863387977e-03 0.000000000000000000e+00 0.000000000000000000e+00 0.000000000000000000e+00 0.000000000000000000e+00 0.000000000000000000e+00 0.000000000000000000e+00 2.536783358701166780e-04 0.000000000000000000e+00 0.000000000000000000e+00 0.000000000000000000e+00 9.416195856873822581e-04 0.000000000000000000e+00 9.433962264150943036e-03 2.096436058700209756e-03 0.000000000000000000e+00 6.906077348066298055e-04 0.000000000000000000e+00 0.000000000000000000e+00 0.000000000000000000e+00 0.000000000000000000e+00
1.907247540654487044e-03 1.121260791005822127e-01 3.814495081308974089e-03 1.869102589841397377e-01 1.003814495081308992e-04 1.003814495081308992e-04 7.930134511142340401e-03 0.000000000000000000e+00 4.690431519699812379e-04 5.925076452599388477e-02 3.048780487804878155e-03 1.451083388049901612e-01 5.963590709353421004e-03 3.372578241430700396e-01 1.340482573726541581e-03 9.594095940959409749e-03 8.596604341285192042e-04 6.640344580043072882e-03 1.306477953184539964e-02 1.442246330567964301e-02 0.000000000000000000e+00 0.000000000000000000e+00 1.199338296112489703e-02 2.798092209856915813e-02 0.000000000000000000e+00 3.933910306845003930e-04 0.000000000000000000e+00 0.000000000000000000e+00 1.272264631043257092e-03 1.311642094560244026e-02 1.738374619730551768e-02 4.692387904066736524e-03 5.997210599721060353e-03 5.871363757672804808e-03 0.000000000000000000e+00 5.602240896358543030e-04 0.000000000000000000e+00 3.141167775314116992e-03 0.000000000000000000e+00 3.496503496503496500e-04 0.000000000000000000e+00 1.976284584980237020e-03 1.271940981938438054e-04 2.810831069052750026e-04 0.000000000000000000e+00 1.018214730173096607e-03 0.000000000000000000e+00 1.148501205926266233e-04 0.000000000000000000e+00 2.154656451999042380e-03 0.000000000000000000e+00 2.196193265007320705e-03 0.000000000000000000e+00 5.485463521667581195e-04 0.000000000000000000e+00 1.433691756272401432e-03 8.515711487694797226e-05 7.540140157899406087e-03 0.000000000000000000e+00 4.241645244215937888e-03 0.000000000000000000e+00 1.297935103244837740e-02 0.000000000000000000e+00 2.296964725184577616e-03 0.000000000000000000e+00 1.552299434208617365e-02 2.914035939776590789e-04 5.478533094812164904e-03 8.413967185527976723e-04 3.239990742883591766e-03 4.345464421510048924e-04 1.271832032701597781e-01 2.236886254333967077e-03 4.635491117010414469e-02 0.000000000000000000e+00 5.405405405405405705e-02 2.013085052843482589e-03 3.374390556838594013e-02 0.000000000000000000e+00 0.000000000000000000e+00 0.000000000000000000e+00 3.015681544028950452e-03 0.000000000000000000e+00 1.099505222649807632e-03 0.000000000000000000e+00 1.279721936961845247e-02 0.000000000000000000e+00 3.703703703703703520e-04 0.000000000000000000e+00 1.265144204996247398e-02 9.474182851729038473e-04 1.392111368909512660e-03 3.494060097833682566e-04 3.068425897514575089e-04 1.321003963011889047e-03 8.743169398907103818e-03 0.000000000000000000e+00 0.000000000000000000e+00 0.000000000000000000e+00 0.000000000000000000e+00 1.259445843828715331e-03 0.000000000000000000e+00 0.000000000000000000e+00 1.021624382768602027e-03 0.000000000000000000e+00 9.118541033434649987e-04 9.416195856873822581e-04 0.000000000000000000e+00 0.000000000000000000e+00 0.000000000000000000e+00 0.000000000000000000e+00 0.000000000000000000e+00 0.000000000000000000e+00 0.000000000000000000e+00 0.000000000000000000e+00 0.000000000000000000e+00
3.752345215759849903e-03 0.000000000000000000e+00 7.551594746716698558e-02 2.345215759849906406e-03 1.069418386491557266e-01 4.690431519699812812e-03 1.200750469043151969e-01 4.690431519699812379e-04 0.000000000000000000e+00 1.529051987767584110e-03 4.192073170731707571e-03 0.000000000000000000e+00 4.566854990583803925e-02 0.000000000000000000e+00 2.195040214477211871e-01 0.000000000000000000e+00 1.074575542660648978e-03 0.000000000000000000e+00 4.082743603701687388e-04 0.000000000000000000e+00 1.184433164128595624e-02 3.904724716907458136e-04 5.652054039150813773e-03 2.225755166931637618e-03 5.991611743559017295e-03 5.507474429583005503e-03 2.356637863315004088e-03 0.000000000000000000e+00 5.513146734520780155e-03 0.000000000000000000e+00 5.432420686657974708e-03 1.824817518248175122e-03 0.000000000000000000e+00 8.896005693443644264e-05 0.000000000000000000e+00 0.000000000000000000e+00 1.814223512336719877e-04 0.000000000000000000e+00 0.000000000000000000e+00 0.000000000000000000e+00 1.053555750658472304e-02 0.000000000000000000e+00 1.271940981938438054e-04 0.000000000000000000e+00 0.000000000000000000e+00 0.000000000000000000e+00 0.000000000000000000e+00 0.000000000000000000e+00 0.000000000000000000e+00 0.000000000000000000e+00 1.943634596695821245e-04 0.000000000000000000e+00 0.000000000000000000e+00 0.000000000000000000e+00 1.808318264014466541e-04 0.000000000000000000e+00 3.406284595077918890e-04 0.000000000000000000e+00 0.000000000000000000e+00 0.000000000000000000e+00 5.538120731031936266e-04 0.000000000000000000e+00 0.000000000000000000e+00 0.000000000000000000e+00 3.261578604044357288e-04 0.000000000000000000e+00 0.000000000000000000e+00 1.118067978533094817e-04 0.000000000000000000e+00 0.000000000000000000e+00 1.499185225420966890e-02 1.021924934968413247e-03 1.185549714797002642e-02 0.000000000000000000e+00 0.000000000000000000e+00 0.000000000000000000e+00 5.032712632108706473e-04 0.000000000000000000e+00 0.000000000000000000e+00 0.000000000000000000e+00 1.811295899884735614e-03 0.000000000000000000e+00 6.896551724137930505e-04 0.000000000000000000e+00 1.618850616062595489e-03 0.000000000000000000e+00 4.076640847941296361e-04 0.000000000000000000e+00 1.117496807151979526e-03 0.000000000000000000e+00 0.000000000000000000e+00 0.000000000000000000e+00 0.000000000000000000e+00 0.000000000000000000e+00 0.000000000000000000e+00 0.000000000000000000e+00 0.000000000000000000e+00 0.000000000000000000e+00 0.000000000000000000e+00 0.000000000000000000e+00 0.000000000000000000e+00 0.000000000000000000e+00 0.000000000000000000e+00 0.000000000000000000e+00 0.000000000000000000e+00 0.000000000000000000e+00 0.000000000000000000e+00 0.000000000000000000e+00 0.000000000000000000e+00 0.000000000000000000e+00 0.000000000000000000e+00 0.000000000000000000e+00 0.000000000000000000e+00 0.000000000000000000e+00 0.000000000000000000e+00 0.000000000000000000e+00
0.000000000000000000e+00 3.440366972477064411e-03 1.146788990825688137e-03 2.599388379204892879e-02 1.529051987767584110e-03 2.347094801223241489e-01 0.000000000000000000e+00 5.925076452599388477e-02 1.529051987767584110e-03 0.000000000000000000e+00 0.000000000000000000e+00 2.845261545195885370e-03 0.000000000000000000e+00 1.460506706408345838e-02 6.702412868632707903e-04 2.206642066420664294e-01 0.000000000000000000e+00 1.076812634601579310e-03 2.721829069134458620e-04 3.828972559029993560e-04 1.128031584884376867e-03 2.264740335806325611e-02 2.067824648469809758e-03 4.769475357710651481e-03 1.797483523067705145e-03 1.573564122738001572e-02 3.927729772191673480e-04 2.605400284225485585e-02 0.000000000000000000e+00 1.392984239959328858e-02 1.043024771838331130e-02 1.824817518248175122e-03 0.000000000000000000e+00 6.227203985410550849e-04 0.000000000000000000e+00 0.000000000000000000e+00 0.000000000000000000e+00 0.000000000000000000e+00 0.000000000000000000e+00 0.000000000000000000e+00 0.000000000000000000e+00 0.000000000000000000e+00 0.000000000000000000e+00 0.000000000000000000e+00 0.000000000000000000e+00 0.000000000000000000e+00 0.000000000000000000e+00 0.000000000000000000e+00 0.000000000000000000e+00 0.000000000000000000e+00 0.000000000000000000e+00 9.150805270863836272e-05 0.000000000000000000e+00 0.000000000000000000e+00 0.000000000000000000e+00 0.000000000000000000e+00 0.000000000000000000e+00 0.000000000000000000e+00 0.000000000000000000e+00 0.000000000000000000e+00 0.000000000000000000e+00 0.000000000000000000e+00 0.000000000000000000e+00 0.000000000000000000e+00 0.000000000000000000e+00 0.000000000000000000e+00 0.000000000000000000e+00 0.000000000000000000e+00 0.000000000000000000e+00 2.314279102059708482e-04 0.000000000000000000e+00 1.570048309178743995e-02 0.000000000000000000e+00 1.725546252807841699e-02 0.000000000000000000e+00 9.009009009009008931e-03 0.000000000000000000e+00 1.026430587631511427e-03 0.000000000000000000e+00 0.000000000000000000e+00 0.000000000000000000e+00 0.000000000000000000e+00 0.000000000000000000e+00 0.000000000000000000e+00 0.000000000000000000e+00 7.899518129394106662e-05 0.000000000000000000e+00 0.000000000000000000e+00 0.000000000000000000e+00 0.000000000000000000e+00 0.000000000000000000e+00 0.000000000000000000e+00 0.000000000000000000e+00 0.000000000000000000e+00 0.000000000000000000e+00 0.000000000000000000e+00 0.000000000000000000e+00 0.000000000000000000e+00 0.000000000000000000e+00 0.000000000000000000e+00 0.000000000000000000e+00 0.000000000000000000e+00 0.000000000000000000e+00 0.000000000000000000e+00 0.000000000000000000e+00 0.000000000000000000e+00 0.000000000000000000e+00 0.000000000000000000e+00 0.000000000000000000e+00 0.000000000000000000e+00 0.000000000000000000e+00 0.000000000000000000e+00 0.000000000000000000e+00 0.000000000000000000e+00 0.000000000000000000e+00 0.000000000000000000e+00
2.804878048780488076e-01 7.621951219512195386e-04 4.039634146341463533e-02 1.524390243902439077e-03 1.143292682926829200e-03 0.000000000000000000e+00 1.017530487804877981e-01 3.048780487804878155e-03 4.192073170731707571e-03 0.000000000000000000e+00 0.000000000000000000e+00 0.000000000000000000e+00 9.635907093534212819e-02 0.000000000000000000e+00 1.340482573726541581e-03 0.000000000000000000e+00 3.180743606275521218e-02 1.794687724335965607e-04 1.279259662493195497e-02 6.381620931716656476e-04 0.000000000000000000e+00 0.000000000000000000e+00 3.722084367245657565e-03 9.538950715421303612e-04 0.000000000000000000e+00 0.000000000000000000e+00 0.000000000000000000e+00 0.000000000000000000e+00 2.445575346338705117e-02 0.000000000000000000e+00 6.518904823989569563e-04 0.000000000000000000e+00 8.368200836820083180e-04 1.779201138688728853e-04 0.000000000000000000e+00 0.000000000000000000e+00 5.442670537010159361e-04 0.000000000000000000e+00 0.000000000000000000e+00 0.000000000000000000e+00 0.000000000000000000e+00 0.000000000000000000e+00 0.000000000000000000e+00 0.000000000000000000e+00 0.000000000000000000e+00 0.000000000000000000e+00 0.000000000000000000e+00 0.000000000000000000e+00 0.000000000000000000e+00 0.000000000000000000e+00 1.068999028182701563e-03 9.150805270863836272e-05 0.000000000000000000e+00 0.000000000000000000e+00 0.000000000000000000e+00 0.000000000000000000e+00 1.703142297538959337e-03 0.000000000000000000e+00 9.437778077389780531e-04 1.285347043701799393e-04 4.245892560457817551e-03 0.000000000000000000e+00 1.278772378516624146e-03 0.000000000000000000e+00 5.218525766470971661e-03 0.000000000000000000e+00 9.713453132588634610e-05 0.000000000000000000e+00 0.000000000000000000e+00 0.000000000000000000e+00 1.694731124388918972e-02 0.000000000000000000e+00 7.046191701151996098e-03 0.000000000000000000e+00 5.586592178770949900e-03 0.000000000000000000e+00 3.522898842476094531e-03 0.000000000000000000e+00 0.000000000000000000e+00 0.000000000000000000e+00 1.811295899884735614e-03 0.000000000000000000e+00 0.000000000000000000e+00 0.000000000000000000e+00 3.867254249482867182e-03 0.000000000000000000e+00 0.000000000000000000e+00 0.000000000000000000e+00 3.831417624521072599e-03 0.000000000000000000e+00 0.000000000000000000e+00 0.000000000000000000e+00 0.000000000000000000e+00 0.000000000000000000e+00 1.321003963011889047e-03 0.000000000000000000e+00 0.000000000000000000e+00 0.000000000000000000e+00 0.000000000000000000e+00 0.000000000000000000e+00 0.000000000000000000e+00 0.000000000000000000e+00 0.000000000000000000e+00 0.000000000000000000e+00 0.000000000000000000e+00 0.000000000000000000e+00 0.000000000000000000e+00 0.000000000000000000e+00 0.000000000000000000e+00 0.000000000000000000e+00 0.000000000000000000e+00 0.000000000000000000e+00 0.000000000000000000e+00 0.000000000000000000e+00 0.000000000000000000e+00 0.000000000000000000e+00
2.188662727073757935e-04 1.840665353469030374e-01 1.532063908951630500e-03 3.852046399649813879e-02 0.000000000000000000e+00 2.188662727073757935e-04 5.690523090391770740e-03 1.451083388049901612e-01 0.000000000000000000e+00 2.845261545195885370e-03 0.000000000000000000e+00 0.000000000000000000e+00 1.412429378531073441e-03 1.402384500745156581e-01 0.000000000000000000e+00 1.722017220172201817e-03 0.000000000000000000e+00 3.625269203158650727e-02 1.497005988023952187e-03 6.764518187619655669e-03 0.000000000000000000e+00 0.000000000000000000e+00 1.654259718775847807e-03 2.384737678855326087e-02 0.000000000000000000e+00 0.000000000000000000e+00 0.000000000000000000e+00 0.000000000000000000e+00 1.413627367825841003e-04 2.572445348246060054e-02 1.738374619730552028e-03 3.388946819603754108e-03 2.510460251046025063e-03 7.650564896361533931e-03 0.000000000000000000e+00 0.000000000000000000e+00 0.000000000000000000e+00 1.478196600147819659e-03 0.000000000000000000e+00 3.496503496503496500e-04 0.000000000000000000e+00 0.000000000000000000e+00 0.000000000000000000e+00 9.369436896842500088e-05 0.000000000000000000e+00 2.262699400384658764e-04 0.000000000000000000e+00 0.000000000000000000e+00 0.000000000000000000e+00 4.788125448886760725e-04 0.000000000000000000e+00 1.830161054172767254e-04 0.000000000000000000e+00 0.000000000000000000e+00 0.000000000000000000e+00 0.000000000000000000e+00 8.515711487694797226e-05 1.241905437771666752e-03 0.000000000000000000e+00 5.141388174807197571e-04 0.000000000000000000e+00 3.834808259587020596e-03 0.000000000000000000e+00 9.187858900738310464e-03 0.000000000000000000e+00 5.512839112142753697e-03 0.000000000000000000e+00 8.944543828264758540e-04 2.103491796381994181e-04 9.257116408238833926e-04 0.000000000000000000e+00 3.465254552211073646e-02 4.473772508667934263e-04 9.087196242597508564e-03 0.000000000000000000e+00 0.000000000000000000e+00 3.355141754739137468e-04 1.077752117013086944e-02 0.000000000000000000e+00 0.000000000000000000e+00 0.000000000000000000e+00 2.261761158021713056e-02 0.000000000000000000e+00 1.649257833974711448e-03 0.000000000000000000e+00 1.303420491350027605e-02 0.000000000000000000e+00 1.111111111111111110e-03 0.000000000000000000e+00 1.232979521818376722e-02 0.000000000000000000e+00 0.000000000000000000e+00 0.000000000000000000e+00 0.000000000000000000e+00 0.000000000000000000e+00 2.185792349726775954e-03 0.000000000000000000e+00 0.000000000000000000e+00 0.000000000000000000e+00 7.163323782234956799e-04 0.000000000000000000e+00 0.000000000000000000e+00 2.536783358701166780e-04 1.702707304614336711e-04 0.000000000000000000e+00 6.079027355623100714e-04 0.000000000000000000e+00 0.000000000000000000e+00 0.000000000000000000e+00 0.000000000000000000e+00 0.000000000000000000e+00 0.000000000000000000e+00 0.000000000000000000e+00 0.000000000000000000e+00 0.000000000000000000e+00 0.000000000000000000e+00
3.562460765850596067e-02 0.000000000000000000e+00 4.362837413684871046e-02 5.806654111738857385e-03 1.255492780916509822e-03 3.138731952291274555e-04 1.718455743879472586e-01 5.963590709353421004e-03 4.566854990583803925e-02 0.000000000000000000e+00 9.635907093534212819e-02 1.412429378531073441e-03 0.000000000000000000e+00 3.129657228017883753e-03 1.923592493297587025e-01 2.460024600246002208e-04 2.106168063614871980e-02 0.000000000000000000e+00 7.076755579749591761e-03 2.552648372686662373e-04 0.000000000000000000e+00 0.000000000000000000e+00 2.508960573476702594e-02 8.585055643879173359e-03 0.000000000000000000e+00 0.000000000000000000e+00 0.000000000000000000e+00 0.000000000000000000e+00 1.297709923664122078e-01 1.016776817488561217e-04 1.260321599304650188e-02 1.068821689259645547e-02 8.368200836820083180e-04 1.334400854016546626e-03 0.000000000000000000e+00 0.000000000000000000e+00 1.088534107402031872e-03 0.000000000000000000e+00 4.773269689737470278e-04 0.000000000000000000e+00 3.511852502194907823e-03 0.000000000000000000e+00 1.271940981938438054e-04 0.000000000000000000e+00 0.000000000000000000e+00 0.000000000000000000e+00 4.358247984310307296e-04 0.000000000000000000e+00 4.121445253468883092e-04 0.000000000000000000e+00 1.652089407191447909e-03 0.000000000000000000e+00 0.000000000000000000e+00 0.000000000000000000e+00 0.000000000000000000e+00 0.000000000000000000e+00 2.469556331431491114e-03 0.000000000000000000e+00 3.235809626533638853e-03 1.285347043701799393e-04 9.045597194018829487e-03 0.000000000000000000e+00 6.713554987212276386e-03 0.000000000000000000e+00 1.663405088062622217e-02 0.000000000000000000e+00 1.942690626517726922e-04 0.000000000000000000e+00 1.051745898190997036e-03 0.000000000000000000e+00 8.223791417707768114e-02 0.000000000000000000e+00 3.489542556760989039e-02 5.105166428425566682e-04 0.000000000000000000e+00 0.000000000000000000e+00 2.482804898506961802e-02 1.154734411085450328e-03 5.420054200542005415e-03 0.000000000000000000e+00 1.185575498106372465e-02 0.000000000000000000e+00 6.896551724137930505e-04 0.000000000000000000e+00 1.582876157927871202e-02 0.000000000000000000e+00 1.630656339176518544e-03 0.000000000000000000e+00 1.069604086845466102e-02 0.000000000000000000e+00 0.000000000000000000e+00 0.000000000000000000e+00 0.000000000000000000e+00 0.000000000000000000e+00 0.000000000000000000e+00 2.185792349726775954e-03 0.000000000000000000e+00 0.000000000000000000e+00 0.000000000000000000e+00 0.000000000000000000e+00 1.259445843828715331e-03 0.000000000000000000e+00 0.000000000000000000e+00 0.000000000000000000e+00 0.000000000000000000e+00 0.000000000000000000e+00 0.000000000000000000e+00 0.000000000000000000e+00 0.000000000000000000e+00 0.000000000000000000e+00 7.513148009015778016e-04 0.000000000000000000e+00 0.000000000000000000e+00 0.000000000000000000e+00 0.000000000000000000e+00 0.000000000000000000e+00
