0.000000000000000000e+00 1.550493962678375394e-02 1.073466734089431468e-01 1.951083548184795458e-03 0.000000000000000000e+00 0.000000000000000000e+00 1.289554869986778429e-01 2.932761087267525112e-03 3.238341968911917219e-04 0.000000000000000000e+00 3.047130191320578385e-01 2.162162162162162195e-03 2.569718207037523586e-02 1.134687393623056784e-04 4.702562896778744663e-04 0.000000000000000000e+00 4.932343954604975766e-02 3.323421374846947766e-03 1.007130909411039638e-01 2.069857697283311940e-02 0.000000000000000000e+00 0.000000000000000000e+00 1.195314367678699391e-03 2.035416242621616119e-04 0.000000000000000000e+00 0.000000000000000000e+00 0.000000000000000000e+00 0.000000000000000000e+00 1.851621722381011428e-02 2.482005460412013112e-04 3.425347572033044657e-03 3.762935089369708378e-04 1.707498144023756464e-02 1.091703056768558895e-02 0.000000000000000000e+00 0.000000000000000000e+00 5.545927209705372313e-02 4.204035874439462092e-04 0.000000000000000000e+00 0.000000000000000000e+00 8.779631255487269558e-04 1.430615164520743915e-03 0.000000000000000000e+00 0.000000000000000000e+00 2.591733733460646529e-03 4.016601954746284813e-04 0.000000000000000000e+00 0.000000000000000000e+00 2.706115821757171247e-03 7.236762754794355155e-04 1.570931766398848614e-02 5.371530886302596647e-04 1.151410477835348393e-03 0.000000000000000000e+00 1.863238308179616129e-04 0.000000000000000000e+00 2.771382280208066762e-01 2.588317593564183183e-03 6.697432256537687312e-02 1.830985915492957736e-03 3.462344249641636368e-02 4.913200131018669817e-04 1.076040172166427495e-03 0.000000000000000000e+00 2.590919895412407969e-02 4.051316677920324271e-04 3.867554501505062609e-02 1.449835685289000472e-03 1.783792095955712698e-01 1.157350406303866118e-02 7.870728312973558627e-02 3.059039461609054851e-04 2.790634358834739870e-02 9.186954524575103405e-04 0.000000000000000000e+00 0.000000000000000000e+00 6.156441071052076719e-02 2.903600464576074330e-03 2.351097178683385705e-03 0.000000000000000000e+00 1.236246754852268455e-03 0.000000000000000000e+00 1.355206847360912979e-02 0.000000000000000000e+00 1.066115044951865785e-02 0.000000000000000000e+00 0.000000000000000000e+00 0.000000000000000000e+00 8.029647930821495402e-03 0.000000000000000000e+00 6.319115323854660252e-03 0.000000000000000000e+00 5.954743946010321483e-03 0.000000000000000000e+00 4.000000000000000083e-02 2.808988764044943742e-03 2.087682672233820251e-03 0.000000000000000000e+00 0.000000000000000000e+00 0.000000000000000000e+00 0.000000000000000000e+00 0.000000000000000000e+00 1.031991744066047389e-03 2.142245072836332592e-04 1.880877742946708477e-03 0.000000000000000000e+00 0.000000000000000000e+00 0.000000000000000000e+00 0.000000000000000000e+00 0.000000000000000000e+00 7.639419404125286344e-04 0.000000000000000000e+00 0.000000000000000000e+00 0.000000000000000000e+00 0.000000000000000000e+00 0.000000000000000000e+00
1.550493962678375394e-02 0.000000000000000000e+00 6.429242216282597677e-03 8.535990523308480127e-02 3.087372645878357536e-04 6.176652254478073303e-04 1.939180255619215448e-03 9.477825464949928003e-02 0.000000000000000000e+00 3.530005042864346743e-03 1.399906672888474131e-03 1.199999999999999956e-01 1.460067163089502087e-04 9.531374106433678287e-03 0.000000000000000000e+00 1.547721410146173700e-03 6.983849847228284363e-03 6.576875983907644330e-02 2.385773395545382619e-02 7.956015523932730149e-02 0.000000000000000000e+00 0.000000000000000000e+00 4.781257470714797998e-04 8.141664970486464474e-04 0.000000000000000000e+00 0.000000000000000000e+00 3.706449221645663310e-04 0.000000000000000000e+00 8.698893997763141499e-04 1.998014395631670520e-02 5.238766874874067891e-03 5.644402634054562296e-04 1.422915120019796996e-02 1.965065502183406185e-02 0.000000000000000000e+00 0.000000000000000000e+00 4.429039091084151572e-03 6.376121076233183527e-02 0.000000000000000000e+00 9.140148950575490566e-03 0.000000000000000000e+00 1.716738197424892698e-02 0.000000000000000000e+00 1.164008846467233179e-04 0.000000000000000000e+00 5.221582541170170094e-03 0.000000000000000000e+00 2.787456445993031356e-04 1.804077214504780759e-04 1.399107465926908642e-02 0.000000000000000000e+00 1.244404655326768194e-02 5.757052389176741964e-04 2.550153009180550732e-03 0.000000000000000000e+00 6.655574043261231441e-04 1.023279611153747820e-03 2.860440713536201440e-01 4.733167672464797210e-04 3.619718309859155242e-02 1.102657404344470202e-04 4.421880117916802966e-02 1.793400286944046005e-04 1.163774862462970718e-02 0.000000000000000000e+00 4.415935178933153016e-02 1.733102253032928848e-03 5.026097042335202388e-03 1.353221590035368245e-02 5.934498891898547235e-02 2.087521261790629273e-03 3.900275313551544720e-02 1.769670569017152287e-03 4.363803399173173808e-02 0.000000000000000000e+00 0.000000000000000000e+00 1.012017710309930443e-02 9.605110336817654360e-02 7.836990595611284961e-04 0.000000000000000000e+00 0.000000000000000000e+00 2.132393843871685426e-03 0.000000000000000000e+00 4.616805170821791150e-04 7.956082425013922882e-05 1.373564512497185350e-02 0.000000000000000000e+00 4.599816007359705571e-04 0.000000000000000000e+00 8.866371120962635369e-03 2.369668246445497811e-03 3.433476394849785222e-03 2.778880508138150112e-03 2.807674309780065335e-03 0.000000000000000000e+00 1.685393258426966245e-02 0.000000000000000000e+00 0.000000000000000000e+00 2.721088435374149472e-03 2.986857825567503129e-03 1.908396946564885422e-03 1.102535832414553493e-03 1.719986240110079126e-03 1.285347043701799393e-03 0.000000000000000000e+00 1.298026998961578473e-03 0.000000000000000000e+00 0.000000000000000000e+00 0.000000000000000000e+00 0.000000000000000000e+00 0.000000000000000000e+00 0.000000000000000000e+00 0.000000000000000000e+00 0.000000000000000000e+00 3.184713375796178504e-03 2.985074626865671672e-03
1.073466734089431468e-01 6.429242216282597677e-03 0.000000000000000000e+00 3.205351543446449680e-03 6.514356282803333842e-02 7.103150092649783594e-03 3.429704715733803422e-01 7.296137339055794140e-03 1.285621761658031215e-01 1.008572869389813380e-02 5.529631357909473022e-02 6.332046332046332299e-03 6.511899547379179642e-02 7.375468058549869421e-03 2.703973665647778010e-02 3.955288048151333127e-03 2.051505892623308597e-02 3.848172118243834393e-03 1.410335416850074797e-01 7.600258732212160188e-03 4.784688995215311143e-04 0.000000000000000000e+00 2.009323452067893756e-01 8.548748219010787047e-03 6.654611211573237262e-02 3.221908981071284865e-03 1.186063750926612259e-02 3.542330853701735715e-04 3.976637256120293257e-02 1.489203276247207759e-03 1.309691718718516973e-02 1.110065851364063980e-02 7.918831972284087750e-03 5.316119232959938892e-03 0.000000000000000000e+00 0.000000000000000000e+00 1.598305411130367809e-02 1.401345291479820607e-04 0.000000000000000000e+00 3.385240352064996486e-04 8.779631255487269558e-04 1.430615164520743915e-03 0.000000000000000000e+00 0.000000000000000000e+00 2.182512617651070647e-03 2.677734636497522847e-04 0.000000000000000000e+00 0.000000000000000000e+00 1.082446328702868455e-03 2.412254251598118385e-04 2.758124475356757248e-03 0.000000000000000000e+00 0.000000000000000000e+00 0.000000000000000000e+00 1.863238308179616129e-04 0.000000000000000000e+00 2.643472328813848554e-03 2.098635886673662018e-04 1.112294403029227309e-02 4.225352112676056563e-04 2.866909251295622282e-03 0.000000000000000000e+00 8.967001434720229484e-04 0.000000000000000000e+00 2.376990729736154148e-03 1.350438892640107909e-04 1.623643163367691211e-02 4.832785617630001754e-04 7.534983853606028181e-03 2.462447672986949141e-04 4.677593938456780370e-02 8.412358519424900432e-04 5.458753062891369412e-02 2.480477721635278038e-03 0.000000000000000000e+00 0.000000000000000000e+00 6.304026987138941496e-02 3.716608594657375142e-03 2.351097178683385705e-03 0.000000000000000000e+00 1.854370132278402791e-03 0.000000000000000000e+00 5.706134094151212727e-03 0.000000000000000000e+00 2.625507200254594605e-03 0.000000000000000000e+00 6.925207756232686996e-04 0.000000000000000000e+00 1.235330450895614661e-03 0.000000000000000000e+00 2.764612954186413969e-03 8.583690987124463056e-04 1.587931718936085685e-03 0.000000000000000000e+00 1.439999999999999961e-02 9.363295880149812836e-04 0.000000000000000000e+00 0.000000000000000000e+00 0.000000000000000000e+00 5.973715651135005607e-04 0.000000000000000000e+00 0.000000000000000000e+00 0.000000000000000000e+00 0.000000000000000000e+00 1.253918495297805724e-03 7.788161993769470185e-04 0.000000000000000000e+00 0.000000000000000000e+00 0.000000000000000000e+00 0.000000000000000000e+00 0.000000000000000000e+00 0.000000000000000000e+00 0.000000000000000000e+00 0.000000000000000000e+00 0.000000000000000000e+00 0.000000000000000000e+00
1.951083548184795458e-03 8.535990523308480127e-02 3.205351543446449680e-03 0.000000000000000000e+00 0.000000000000000000e+00 1.222977146386658442e-01 6.963420008814455789e-03 3.256795422031473763e-01 2.266839378238341782e-03 4.891578416540594970e-02 4.899673355109659782e-03 3.335907335907335736e-02 8.030369396992260989e-03 5.151480767048677994e-02 1.645897013872560551e-03 2.046431642304385318e-02 2.400698384984722641e-03 1.836627601889102845e-02 6.074478387181969988e-03 1.765038809831823985e-01 0.000000000000000000e+00 0.000000000000000000e+00 8.367200573750895737e-03 1.919397516792183955e-01 3.616636528028933082e-04 2.456705598066854720e-02 0.000000000000000000e+00 3.542330853701735824e-03 2.361128370821424013e-03 2.419955323901712418e-02 8.664114446907112549e-03 2.144873000940733868e-02 2.969561989606532906e-03 1.300550598063413693e-02 0.000000000000000000e+00 6.203473945409429275e-04 1.540535336029270159e-03 2.620515695067264506e-02 0.000000000000000000e+00 6.770480704129993622e-03 0.000000000000000000e+00 1.287553648068669523e-02 0.000000000000000000e+00 1.164008846467233179e-04 1.364070386031919155e-04 1.874414245548266210e-03 0.000000000000000000e+00 0.000000000000000000e+00 1.804077214504780759e-04 7.236762754794355372e-03 0.000000000000000000e+00 2.864816472694718067e-03 0.000000000000000000e+00 6.800408024481469126e-04 0.000000000000000000e+00 1.663893510815307860e-04 5.116398055768739102e-04 6.925498426023085283e-03 3.549875754348597772e-04 1.887323943661971953e-02 1.102657404344470202e-04 4.258106780216180942e-03 0.000000000000000000e+00 7.405840033855268538e-04 2.376990729736153931e-04 4.051316677920324162e-03 2.736477241630940371e-04 6.959211289387202438e-03 0.000000000000000000e+00 4.186161044077813323e-03 3.015308489253131462e-03 3.387886203732028145e-02 2.722570106180233988e-03 7.266881028938906861e-02 0.000000000000000000e+00 0.000000000000000000e+00 5.481762597512123379e-03 1.052264808362369380e-01 7.836990595611284961e-04 0.000000000000000000e+00 0.000000000000000000e+00 9.271277582050806718e-04 2.139800285306704773e-03 4.616805170821791150e-04 7.956082425013922882e-05 5.254071905726938893e-04 0.000000000000000000e+00 4.599816007359705571e-04 0.000000000000000000e+00 1.139962001266624399e-03 1.579778830963665063e-03 1.716738197424892611e-03 1.190948789202064210e-03 4.679457182966776101e-04 4.799999999999999580e-03 6.554307116104869310e-03 0.000000000000000000e+00 0.000000000000000000e+00 0.000000000000000000e+00 5.973715651135005607e-04 0.000000000000000000e+00 2.205071664829106985e-03 3.439972480220158143e-04 6.426735218508996964e-04 0.000000000000000000e+00 1.298026998961578473e-03 0.000000000000000000e+00 8.665511265164644239e-04 0.000000000000000000e+00 0.000000000000000000e+00 0.000000000000000000e+00 0.000000000000000000e+00 2.057613168724280010e-03 0.000000000000000000e+00 3.184713375796178504e-03 5.970149253731343343e-03
0.000000000000000000e+00 3.087372645878357536e-04 6.514356282803333842e-02 0.000000000000000000e+00 0.000000000000000000e+00 1.852995676343421882e-03 5.993829881004848065e-03 7.153075822603720117e-05 3.931347150259067447e-01 2.017145738779627020e-03 2.333177788147456884e-04 0.000000000000000000e+00 4.526208205577456414e-03 0.000000000000000000e+00 1.316717611098048302e-01 8.598452278589854012e-04 4.364906154517677727e-04 0.000000000000000000e+00 2.641077559644334919e-04 0.000000000000000000e+00 2.918660287081339608e-02 0.000000000000000000e+00 5.976571838393497822e-03 1.831874618359454615e-03 3.761301989150090536e-02 5.235602094240838014e-03 1.293550778354336517e-01 7.084661707403471431e-04 1.093575245433080732e-02 1.241002730206006556e-04 3.425347572033044657e-03 2.445907808090310581e-03 2.474634991338777422e-04 0.000000000000000000e+00 0.000000000000000000e+00 0.000000000000000000e+00 1.925669170036587699e-04 0.000000000000000000e+00 0.000000000000000000e+00 0.000000000000000000e+00 0.000000000000000000e+00 0.000000000000000000e+00 0.000000000000000000e+00 0.000000000000000000e+00 0.000000000000000000e+00 0.000000000000000000e+00 0.000000000000000000e+00 0.000000000000000000e+00 0.000000000000000000e+00 0.000000000000000000e+00 0.000000000000000000e+00 0.000000000000000000e+00 0.000000000000000000e+00 0.000000000000000000e+00 0.000000000000000000e+00 0.000000000000000000e+00 0.000000000000000000e+00 0.000000000000000000e+00 0.000000000000000000e+00 0.000000000000000000e+00 2.205314808688940405e-04 0.000000000000000000e+00 0.000000000000000000e+00 0.000000000000000000e+00 0.000000000000000000e+00 0.000000000000000000e+00 9.121590805436467905e-05 0.000000000000000000e+00 0.000000000000000000e+00 0.000000000000000000e+00 1.414875521880315512e-02 3.823799327011318428e-04 2.504764497685815425e-02 9.186954524575103947e-05 1.226993865030674875e-02 0.000000000000000000e+00 2.108370229812354946e-03 0.000000000000000000e+00 0.000000000000000000e+00 0.000000000000000000e+00 1.236246754852268564e-04 0.000000000000000000e+00 7.132667617689015908e-04 0.000000000000000000e+00 6.364865940011138305e-04 0.000000000000000000e+00 1.385041551246537399e-03 0.000000000000000000e+00 6.176652254478073303e-04 1.266624445851805068e-04 0.000000000000000000e+00 0.000000000000000000e+00 0.000000000000000000e+00 0.000000000000000000e+00 6.400000000000000307e-03 9.363295880149812836e-04 0.000000000000000000e+00 0.000000000000000000e+00 0.000000000000000000e+00 0.000000000000000000e+00 0.000000000000000000e+00 0.000000000000000000e+00 0.000000000000000000e+00 0.000000000000000000e+00 0.000000000000000000e+00 0.000000000000000000e+00 0.000000000000000000e+00 0.000000000000000000e+00 0.000000000000000000e+00 0.000000000000000000e+00 0.000000000000000000e+00 0.000000000000000000e+00 0.000000000000000000e+00 0.000000000000000000e+00 0.000000000000000000e+00 0.000000000000000000e+00
0.000000000000000000e+00 6.176652254478073303e-04 7.103150092649783594e-03 1.222977146386658442e-01 1.852995676343421882e-03 0.000000000000000000e+00 5.288673424416041836e-04 1.537911301859799795e-02 1.295336787564766888e-03 1.265758951084215711e-01 0.000000000000000000e+00 0.000000000000000000e+00 5.840268652358008346e-04 2.382843526608419572e-03 2.351281448389372331e-04 1.030094582975064482e-01 0.000000000000000000e+00 0.000000000000000000e+00 1.760718373096223279e-04 1.697930142302716758e-03 1.913875598086124457e-03 2.354260089686098512e-02 4.661726033946928319e-03 3.724811723997557833e-02 1.121157323688969261e-02 6.242448650825613982e-02 1.111934766493698993e-03 1.551540913921360121e-01 0.000000000000000000e+00 1.414743112434847273e-02 1.289542615353616792e-02 9.783631232361242325e-03 0.000000000000000000e+00 1.708752610594266134e-03 0.000000000000000000e+00 0.000000000000000000e+00 0.000000000000000000e+00 0.000000000000000000e+00 0.000000000000000000e+00 0.000000000000000000e+00 0.000000000000000000e+00 1.430615164520743915e-03 0.000000000000000000e+00 1.164008846467233179e-04 0.000000000000000000e+00 0.000000000000000000e+00 0.000000000000000000e+00 0.000000000000000000e+00 0.000000000000000000e+00 0.000000000000000000e+00 0.000000000000000000e+00 8.952551477170993960e-05 0.000000000000000000e+00 0.000000000000000000e+00 0.000000000000000000e+00 0.000000000000000000e+00 0.000000000000000000e+00 0.000000000000000000e+00 0.000000000000000000e+00 0.000000000000000000e+00 0.000000000000000000e+00 1.637733377006223272e-04 0.000000000000000000e+00 0.000000000000000000e+00 0.000000000000000000e+00 0.000000000000000000e+00 0.000000000000000000e+00 1.933114247052000647e-04 0.000000000000000000e+00 0.000000000000000000e+00 7.731560228854182735e-04 1.789538085041297161e-02 1.361285053090117102e-04 2.186495176848874539e-02 0.000000000000000000e+00 0.000000000000000000e+00 1.054185114906177500e-04 2.671312427409988383e-03 0.000000000000000000e+00 0.000000000000000000e+00 0.000000000000000000e+00 0.000000000000000000e+00 0.000000000000000000e+00 1.385041551246537399e-03 0.000000000000000000e+00 2.251745102454402151e-04 0.000000000000000000e+00 4.599816007359705571e-04 0.000000000000000000e+00 2.533248891703610136e-04 0.000000000000000000e+00 4.291845493562231528e-04 0.000000000000000000e+00 0.000000000000000000e+00 0.000000000000000000e+00 0.000000000000000000e+00 0.000000000000000000e+00 0.000000000000000000e+00 0.000000000000000000e+00 0.000000000000000000e+00 0.000000000000000000e+00 0.000000000000000000e+00 0.000000000000000000e+00 0.000000000000000000e+00 0.000000000000000000e+00 0.000000000000000000e+00 0.000000000000000000e+00 0.000000000000000000e+00 0.000000000000000000e+00 0.000000000000000000e+00 0.000000000000000000e+00 0.000000000000000000e+00 0.000000000000000000e+00 0.000000000000000000e+00 0.000000000000000000e+00 0.000000000000000000e+00
1.289554869986778429e-01 1.939180255619215448e-03 3.429704715733803422e-01 6.963420008814455789e-03 5.993829881004848065e-03 5.288673424416041836e-04 0.000000000000000000e+00 1.323319027181688208e-02 4.145077720207254041e-02 4.034291477559254040e-03 9.752683154456369408e-02 8.957528957528958224e-03 1.753540662870491929e-01 1.111993645750595713e-02 1.951563602163178951e-02 4.471195184866724216e-03 1.353120907900480160e-02 2.273919888053174947e-03 1.866361475481996546e-02 9.379042690815006522e-03 0.000000000000000000e+00 0.000000000000000000e+00 2.785082476691369893e-02 9.566456340321596516e-03 7.233273056057866164e-04 2.416431735803463432e-03 3.706449221645663310e-04 3.542330853701735715e-04 1.106002236858456486e-02 2.482005460412013004e-03 1.793270199476123400e-02 1.354656632173095038e-02 2.474634991338777422e-03 6.360356939434212882e-03 0.000000000000000000e+00 6.203473945409429275e-04 4.236472174080492883e-03 2.802690582959641214e-04 3.728560775540641051e-04 0.000000000000000000e+00 8.779631255487269558e-04 1.430615164520743915e-03 1.484560570071258973e-04 0.000000000000000000e+00 2.182512617651070647e-03 1.338867318248761424e-04 0.000000000000000000e+00 0.000000000000000000e+00 3.608154429009561518e-03 1.206127125799059193e-04 1.510972538673701834e-02 0.000000000000000000e+00 5.757052389176741964e-04 0.000000000000000000e+00 7.452953232718464516e-04 0.000000000000000000e+00 5.883857764134049588e-03 6.995452955578873393e-05 1.905099988167080829e-02 2.816901408450704376e-04 1.819384717168375659e-02 0.000000000000000000e+00 1.434720229555236804e-03 0.000000000000000000e+00 2.400760637033515568e-02 0.000000000000000000e+00 6.476329471859892592e-03 2.899671370578001377e-04 1.537751806858373045e-03 0.000000000000000000e+00 6.633678676356888348e-02 1.300091771183848298e-03 1.715219166893547365e-02 4.042259990813045628e-03 6.134969325153374377e-03 1.063829787234042527e-02 3.120387940122285389e-02 6.271777003484320552e-03 1.567398119122256992e-03 0.000000000000000000e+00 3.955989615527259404e-03 0.000000000000000000e+00 3.566333808844507954e-03 0.000000000000000000e+00 1.973108441403452831e-02 1.501163401636268100e-04 0.000000000000000000e+00 0.000000000000000000e+00 1.235330450895614531e-02 1.266624445851805068e-04 3.949447077409162657e-04 0.000000000000000000e+00 0.000000000000000000e+00 0.000000000000000000e+00 1.600000000000000077e-03 0.000000000000000000e+00 0.000000000000000000e+00 0.000000000000000000e+00 0.000000000000000000e+00 0.000000000000000000e+00 0.000000000000000000e+00 0.000000000000000000e+00 6.879944960440316287e-04 0.000000000000000000e+00 0.000000000000000000e+00 0.000000000000000000e+00 0.000000000000000000e+00 0.000000000000000000e+00 0.000000000000000000e+00 0.000000000000000000e+00 0.000000000000000000e+00 0.000000000000000000e+00 0.000000000000000000e+00 0.000000000000000000e+00 0.000000000000000000e+00 0.000000000000000000e+00
2.932761087267525112e-03 9.477825464949928003e-02 7.296137339055794140e-03 3.256795422031473763e-01 7.153075822603720117e-05 1.537911301859799795e-02 1.323319027181688208e-02 0.000000000000000000e+00 6.476683937823834438e-04 1.633888048411497596e-01 1.213252449836677536e-02 9.482625482625482716e-02 1.737479924076507434e-02 2.262566662884375468e-01 4.702562896778744663e-04 2.218400687876182290e-02 5.674378000872981262e-03 5.597341262900122280e-03 1.188484901839950703e-02 4.220569210866752935e-02 0.000000000000000000e+00 0.000000000000000000e+00 2.115706430791297957e-02 2.116832892326480850e-02 0.000000000000000000e+00 2.013693113169553149e-03 0.000000000000000000e+00 3.542330853701735715e-04 3.976637256120293257e-03 9.928021841648052015e-03 1.390288132178118044e-02 9.783631232361242325e-03 3.093293739173471994e-03 7.879248148851337660e-03 0.000000000000000000e+00 4.342431761786600709e-03 9.628345850182938766e-04 4.484304932735425943e-03 0.000000000000000000e+00 0.000000000000000000e+00 0.000000000000000000e+00 1.001430615164520740e-02 0.000000000000000000e+00 3.492026539401699267e-04 1.364070386031919155e-04 9.238184495916455449e-03 0.000000000000000000e+00 1.393728222996515678e-04 0.000000000000000000e+00 1.688577976118682891e-02 0.000000000000000000e+00 1.987466427931960586e-02 0.000000000000000000e+00 3.740224413464807857e-03 0.000000000000000000e+00 1.164725457570715394e-03 1.705466018589579520e-04 5.806225953130465106e-03 5.916459590580996648e-04 1.183098591549295794e-02 1.102657404344470202e-04 1.359318702915165468e-02 1.793400286944046005e-04 3.491324587388912326e-03 0.000000000000000000e+00 3.565158676569885055e-02 5.472954483261880743e-04 5.702687028803402058e-03 1.537751806858373154e-04 1.969958138389559313e-03 8.582031854028143725e-03 6.607525237075558000e-02 3.811598148652327669e-03 2.149747358750574155e-02 0.000000000000000000e+00 1.063829787234042527e-02 1.138519924098671705e-02 2.938443670150987092e-02 0.000000000000000000e+00 0.000000000000000000e+00 0.000000000000000000e+00 1.576117188948637044e-03 0.000000000000000000e+00 0.000000000000000000e+00 7.956082425013922882e-05 1.080837649178113119e-02 0.000000000000000000e+00 9.199632014719411142e-04 0.000000000000000000e+00 6.459784673844204926e-03 3.949447077409162657e-04 0.000000000000000000e+00 1.190948789202064210e-03 9.358914365933552202e-04 3.200000000000000153e-03 9.363295880149812836e-04 0.000000000000000000e+00 0.000000000000000000e+00 6.802721088435373679e-04 5.973715651135005607e-04 1.908396946564885422e-03 0.000000000000000000e+00 0.000000000000000000e+00 2.142245072836332592e-04 0.000000000000000000e+00 5.192107995846313457e-04 0.000000000000000000e+00 0.000000000000000000e+00 0.000000000000000000e+00 0.000000000000000000e+00 0.000000000000000000e+00 0.000000000000000000e+00 0.000000000000000000e+00 8.223684210526315333e-04 2.123142250530785525e-03 0.000000000000000000e+00
3.238341968911917219e-04 0.000000000000000000e+00 1.285621761658031215e-01 2.266839378238341782e-03 3.931347150259067447e-01 1.295336787564766888e-03 4.145077720207254041e-02 6.476683937823834438e-04 0.000000000000000000e+00 2.017145738779627020e-03 4.666355576294913769e-04 0.000000000000000000e+00 1.503869177982187187e-02 1.134687393623056784e-04 1.225017634610862938e-01 5.159071367153911973e-04 4.364906154517677727e-04 0.000000000000000000e+00 8.803591865481116396e-05 0.000000000000000000e+00 3.827751196172248915e-03 0.000000000000000000e+00 4.303131723643317981e-03 1.221249745572969671e-03 2.531645569620253212e-03 2.819170358437374149e-03 7.042253521126760722e-03 0.000000000000000000e+00 1.205418168261463904e-02 0.000000000000000000e+00 3.626838605682047335e-03 4.327375352775164608e-03 0.000000000000000000e+00 0.000000000000000000e+00 0.000000000000000000e+00 0.000000000000000000e+00 1.925669170036587699e-04 0.000000000000000000e+00 3.728560775540641051e-04 0.000000000000000000e+00 0.000000000000000000e+00 0.000000000000000000e+00 1.484560570071258973e-04 0.000000000000000000e+00 0.000000000000000000e+00 0.000000000000000000e+00 2.602811035918792260e-04 0.000000000000000000e+00 0.000000000000000000e+00 0.000000000000000000e+00 1.199184554502937981e-04 0.000000000000000000e+00 5.757052389176741964e-04 0.000000000000000000e+00 1.863238308179616129e-04 0.000000000000000000e+00 0.000000000000000000e+00 0.000000000000000000e+00 0.000000000000000000e+00 0.000000000000000000e+00 5.513287021722350877e-04 0.000000000000000000e+00 3.586800573888092010e-04 0.000000000000000000e+00 7.130972189208461794e-04 0.000000000000000000e+00 0.000000000000000000e+00 0.000000000000000000e+00 0.000000000000000000e+00 0.000000000000000000e+00 1.360754600278336196e-02 7.647598654022637126e-05 2.858698611489245839e-02 9.186954524575103947e-05 9.202453987730061999e-03 0.000000000000000000e+00 4.849251528568416202e-03 0.000000000000000000e+00 0.000000000000000000e+00 0.000000000000000000e+00 3.708740264556805691e-04 0.000000000000000000e+00 7.132667617689015908e-04 0.000000000000000000e+00 4.773649455008353729e-04 0.000000000000000000e+00 2.770083102493074798e-03 0.000000000000000000e+00 6.176652254478073303e-04 0.000000000000000000e+00 3.949447077409162657e-04 4.291845493562231528e-04 0.000000000000000000e+00 0.000000000000000000e+00 1.600000000000000077e-03 0.000000000000000000e+00 6.958942240779401921e-04 0.000000000000000000e+00 0.000000000000000000e+00 0.000000000000000000e+00 9.541984732824427108e-04 0.000000000000000000e+00 0.000000000000000000e+00 0.000000000000000000e+00 0.000000000000000000e+00 0.000000000000000000e+00 0.000000000000000000e+00 0.000000000000000000e+00 0.000000000000000000e+00 0.000000000000000000e+00 0.000000000000000000e+00 0.000000000000000000e+00 0.000000000000000000e+00 0.000000000000000000e+00 0.000000000000000000e+00 0.000000000000000000e+00
0.000000000000000000e+00 3.530005042864346743e-03 1.008572869389813380e-02 4.891578416540594970e-02 2.017145738779627020e-03 1.265758951084215711e-01 4.034291477559254040e-03 1.633888048411497596e-01 2.017145738779627020e-03 0.000000000000000000e+00 0.000000000000000000e+00 1.235521235521235602e-03 7.300335815447510975e-04 1.702031090434585198e-02 9.405125793557489325e-04 9.011177987962167013e-02 0.000000000000000000e+00 3.498338289312576425e-04 0.000000000000000000e+00 7.276843467011643403e-04 0.000000000000000000e+00 0.000000000000000000e+00 5.737508964857757597e-03 4.477915733767555244e-03 4.339963833634719916e-03 1.812323801852597574e-02 7.412898443291326619e-04 1.027275947573503406e-02 2.485398285075183285e-04 7.942417473318441959e-03 5.843239975821075925e-03 1.317027281279397905e-03 0.000000000000000000e+00 4.746535029428517100e-04 0.000000000000000000e+00 0.000000000000000000e+00 0.000000000000000000e+00 0.000000000000000000e+00 0.000000000000000000e+00 0.000000000000000000e+00 0.000000000000000000e+00 0.000000000000000000e+00 0.000000000000000000e+00 0.000000000000000000e+00 0.000000000000000000e+00 0.000000000000000000e+00 0.000000000000000000e+00 0.000000000000000000e+00 0.000000000000000000e+00 1.206127125799059193e-04 0.000000000000000000e+00 2.685765443151298323e-04 0.000000000000000000e+00 0.000000000000000000e+00 0.000000000000000000e+00 0.000000000000000000e+00 0.000000000000000000e+00 6.995452955578873393e-05 0.000000000000000000e+00 0.000000000000000000e+00 1.102657404344470202e-04 1.637733377006223272e-04 0.000000000000000000e+00 1.057977147693609849e-04 0.000000000000000000e+00 5.401755570560431638e-04 0.000000000000000000e+00 0.000000000000000000e+00 0.000000000000000000e+00 0.000000000000000000e+00 3.092624091541672877e-04 1.078311410217191839e-02 4.083855159270351307e-04 1.065686724850711982e-02 0.000000000000000000e+00 0.000000000000000000e+00 0.000000000000000000e+00 1.858304297328687571e-03 0.000000000000000000e+00 0.000000000000000000e+00 0.000000000000000000e+00 1.854255516410161452e-04 0.000000000000000000e+00 4.616805170821791150e-04 0.000000000000000000e+00 1.501163401636268100e-04 0.000000000000000000e+00 0.000000000000000000e+00 0.000000000000000000e+00 1.266624445851805068e-04 0.000000000000000000e+00 0.000000000000000000e+00 0.000000000000000000e+00 0.000000000000000000e+00 0.000000000000000000e+00 9.363295880149812836e-04 0.000000000000000000e+00 0.000000000000000000e+00 0.000000000000000000e+00 0.000000000000000000e+00 0.000000000000000000e+00 0.000000000000000000e+00 0.000000000000000000e+00 4.284490145672665185e-04 0.000000000000000000e+00 0.000000000000000000e+00 0.000000000000000000e+00 0.000000000000000000e+00 0.000000000000000000e+00 0.000000000000000000e+00 0.000000000000000000e+00 0.000000000000000000e+00 0.000000000000000000e+00 0.000000000000000000e+00 0.000000000000000000e+00 0.000000000000000000e+00
3.047130191320578385e-01 1.399906672888474131e-03 5.529631357909473022e-02 4.899673355109659782e-03 2.333177788147456884e-04 0.000000000000000000e+00 9.752683154456369408e-02 1.213252449836677536e-02 4.666355576294913769e-04 0.000000000000000000e+00 0.000000000000000000e+00 2.625482625482625492e-03 9.096218426047597561e-02 2.723249744695336282e-03 1.175640724194686139e-03 3.439380911435941496e-04 2.378873854212134459e-02 1.749169144656288213e-04 1.065234615723215095e-02 2.587322121604139925e-03 0.000000000000000000e+00 0.000000000000000000e+00 6.813291895768586875e-03 2.646041115408101062e-03 0.000000000000000000e+00 0.000000000000000000e+00 0.000000000000000000e+00 0.000000000000000000e+00 5.008077544426494526e-02 4.964010920824026224e-04 4.432802740278058047e-03 1.317027281279397905e-03 6.186587478346943555e-04 3.322574520599962025e-03 0.000000000000000000e+00 0.000000000000000000e+00 5.777007510109762826e-04 1.401345291479820607e-04 0.000000000000000000e+00 3.385240352064996486e-04 0.000000000000000000e+00 0.000000000000000000e+00 0.000000000000000000e+00 0.000000000000000000e+00 2.728140772063838309e-04 0.000000000000000000e+00 2.602811035918792260e-04 0.000000000000000000e+00 1.804077214504780759e-04 0.000000000000000000e+00 3.357716752608226347e-03 0.000000000000000000e+00 0.000000000000000000e+00 0.000000000000000000e+00 0.000000000000000000e+00 0.000000000000000000e+00 4.945851453909780662e-03 0.000000000000000000e+00 2.011596260797538557e-03 1.408450704225352188e-04 1.190869996692027824e-02 0.000000000000000000e+00 2.152080344332854989e-03 0.000000000000000000e+00 8.081768481102924451e-03 0.000000000000000000e+00 9.121590805436467905e-04 9.665571235260003236e-05 3.075503613716746307e-04 0.000000000000000000e+00 1.724137931034482735e-02 3.059039461609054851e-04 3.947726653961339434e-03 1.010564997703261407e-03 3.067484662576687188e-03 0.000000000000000000e+00 4.111321948134092318e-03 2.322880371660859464e-03 1.567398119122256992e-03 0.000000000000000000e+00 1.854370132278402791e-03 0.000000000000000000e+00 2.139800285306704773e-03 0.000000000000000000e+00 8.353886546264619947e-03 0.000000000000000000e+00 0.000000000000000000e+00 0.000000000000000000e+00 4.786905497220506241e-03 0.000000000000000000e+00 0.000000000000000000e+00 0.000000000000000000e+00 0.000000000000000000e+00 0.000000000000000000e+00 0.000000000000000000e+00 0.000000000000000000e+00 0.000000000000000000e+00 0.000000000000000000e+00 0.000000000000000000e+00 0.000000000000000000e+00 0.000000000000000000e+00 0.000000000000000000e+00 0.000000000000000000e+00 0.000000000000000000e+00 0.000000000000000000e+00 0.000000000000000000e+00 0.000000000000000000e+00 0.000000000000000000e+00 0.000000000000000000e+00 0.000000000000000000e+00 0.000000000000000000e+00 0.000000000000000000e+00 0.000000000000000000e+00 0.000000000000000000e+00 0.000000000000000000e+00 0.000000000000000000e+00
2.162162162162162195e-03 1.199999999999999956e-01 6.332046332046332299e-03 3.335907335907335736e-02 0.000000000000000000e+00 0.000000000000000000e+00 8.957528957528958224e-03 9.482625482625482716e-02 0.000000000000000000e+00 1.235521235521235602e-03 2.625482625482625492e-03 0.000000000000000000e+00 2.336107460943203339e-03 1.932372631340065761e-01 0.000000000000000000e+00 2.975064488392089451e-02 1.745962461807071091e-03 3.813188735350708097e-02 3.257328990228013175e-03 1.867723156532988260e-02 0.000000000000000000e+00 0.000000000000000000e+00 5.259383217786278014e-03 5.699165479340525566e-03 0.000000000000000000e+00 0.000000000000000000e+00 0.000000000000000000e+00 0.000000000000000000e+00 1.118429228283832587e-03 5.572102258624968968e-02 4.231311706629055369e-03 4.515522107243649837e-03 1.361049245236327582e-03 3.702297322954243436e-03 0.000000000000000000e+00 0.000000000000000000e+00 1.925669170036587699e-04 2.662556053811659072e-03 0.000000000000000000e+00 1.015572105619499000e-03 0.000000000000000000e+00 7.153075822603719575e-03 0.000000000000000000e+00 0.000000000000000000e+00 0.000000000000000000e+00 2.008300977373142244e-03 0.000000000000000000e+00 0.000000000000000000e+00 0.000000000000000000e+00 2.532866964178024250e-03 0.000000000000000000e+00 3.849597135183527308e-03 0.000000000000000000e+00 5.100306018361102115e-04 0.000000000000000000e+00 1.331114808652246288e-03 0.000000000000000000e+00 3.497726477789436968e-03 0.000000000000000000e+00 2.957746478873239486e-03 0.000000000000000000e+00 1.375696036685227636e-02 0.000000000000000000e+00 1.174354633939906842e-02 0.000000000000000000e+00 1.715057393652937370e-02 1.824318161087293581e-04 1.546491397641600518e-03 0.000000000000000000e+00 2.462447672986949141e-04 2.087521261790629273e-03 2.906087488528601853e-02 6.806425265450584969e-04 1.028938906752411599e-02 0.000000000000000000e+00 0.000000000000000000e+00 3.689647902171621155e-03 1.103368176538908202e-02 0.000000000000000000e+00 0.000000000000000000e+00 0.000000000000000000e+00 1.010569256443537983e-02 7.132667617689015908e-04 0.000000000000000000e+00 0.000000000000000000e+00 1.981535690159873936e-02 0.000000000000000000e+00 4.599816007359705571e-04 0.000000000000000000e+00 2.013932868904369858e-02 0.000000000000000000e+00 0.000000000000000000e+00 0.000000000000000000e+00 0.000000000000000000e+00 1.600000000000000077e-03 0.000000000000000000e+00 0.000000000000000000e+00 0.000000000000000000e+00 0.000000000000000000e+00 0.000000000000000000e+00 0.000000000000000000e+00 0.000000000000000000e+00 0.000000000000000000e+00 0.000000000000000000e+00 0.000000000000000000e+00 0.000000000000000000e+00 0.000000000000000000e+00 0.000000000000000000e+00 0.000000000000000000e+00 0.000000000000000000e+00 0.000000000000000000e+00 0.000000000000000000e+00 0.000000000000000000e+00 0.000000000000000000e+00 0.000000000000000000e+00 0.000000000000000000e+00
2.569718207037523586e-02 1.460067163089502087e-04 6.511899547379179642e-02 8.030369396992260989e-03 4.526208205577456414e-03 5.840268652358008346e-04 1.753540662870491929e-01 1.737479924076507434e-02 1.503869177982187187e-02 7.300335815447510975e-04 9.096218426047597561e-02 2.336107460943203339e-03 0.000000000000000000e+00 9.190967888346760276e-03 1.490712438278861962e-01 2.923473774720550516e-03 4.146660846791793732e-03 0.000000000000000000e+00 4.137688176776124598e-03 1.293661060802069962e-03 4.784688995215311143e-04 0.000000000000000000e+00 3.191489361702127409e-02 9.769997964583757369e-03 7.233273056057866164e-04 0.000000000000000000e+00 0.000000000000000000e+00 0.000000000000000000e+00 1.395551137069715453e-01 7.446016381236038794e-04 1.934313923030425014e-02 1.279397930385700773e-02 1.113585746102449840e-03 2.278336814125688035e-03 5.506607929515419013e-04 0.000000000000000000e+00 3.851338340073175398e-04 1.401345291479820607e-04 0.000000000000000000e+00 0.000000000000000000e+00 0.000000000000000000e+00 1.430615164520743915e-03 0.000000000000000000e+00 0.000000000000000000e+00 0.000000000000000000e+00 1.338867318248761424e-04 0.000000000000000000e+00 0.000000000000000000e+00 3.608154429009561518e-04 0.000000000000000000e+00 3.237798297157932440e-03 8.952551477170993960e-05 5.757052389176741964e-04 0.000000000000000000e+00 0.000000000000000000e+00 0.000000000000000000e+00 3.496205338108638368e-03 0.000000000000000000e+00 2.248254644420778769e-03 0.000000000000000000e+00 1.389348329474032404e-02 0.000000000000000000e+00 5.559540889526542670e-03 0.000000000000000000e+00 1.663893510815307730e-02 0.000000000000000000e+00 3.648636322174587162e-04 9.665571235260003236e-05 1.537751806858373154e-04 0.000000000000000000e+00 3.571980825730632775e-02 4.588559192413582005e-04 2.355023141845902571e-02 3.123564538355535179e-03 0.000000000000000000e+00 0.000000000000000000e+00 2.814674256799493818e-02 1.974448315911730544e-03 1.253918495297805594e-02 0.000000000000000000e+00 6.799357151687476612e-03 1.854255516410161452e-04 7.132667617689015908e-04 0.000000000000000000e+00 1.543479990452701137e-02 7.505817008181340502e-05 6.925207756232686996e-04 0.000000000000000000e+00 6.794317479925880525e-03 0.000000000000000000e+00 7.898894154818325315e-04 0.000000000000000000e+00 0.000000000000000000e+00 0.000000000000000000e+00 3.200000000000000153e-03 9.363295880149812836e-04 0.000000000000000000e+00 0.000000000000000000e+00 0.000000000000000000e+00 0.000000000000000000e+00 0.000000000000000000e+00 0.000000000000000000e+00 6.879944960440316287e-04 0.000000000000000000e+00 6.269592476489028619e-04 0.000000000000000000e+00 0.000000000000000000e+00 0.000000000000000000e+00 0.000000000000000000e+00 0.000000000000000000e+00 0.000000000000000000e+00 0.000000000000000000e+00 0.000000000000000000e+00 0.000000000000000000e+00 0.000000000000000000e+00 0.000000000000000000e+00
