3.003658044563031204e-01 5.093645391369576725e-01 3.317281236128060140e-01 4.913889868518778181e-01 3.541191101848401579e-01 0.000000000000000000e+00 3.338507622805393926e-01 4.730606984334396192e-01 3.658415918514412168e-01 0.000000000000000000e+00 3.059734008182718457e-01 4.710339915261725352e-01 3.711699058565879894e-01 4.583675465949820227e-01 3.561820305158192035e-01 0.000000000000000000e+00 3.448535489445170299e-01 5.019589272408759850e-01 3.868443309813145992e-01 5.212674279017524004e-01 3.852146146666666215e-01 0.000000000000000000e+00 3.690970809263785513e-01 4.808010797969941019e-01 0.000000000000000000e+00 0.000000000000000000e+00 3.937673750000000861e-01 0.000000000000000000e+00 3.735114908475933859e-01 4.715405461887725025e-01 4.362803459289248953e-01 4.667767320737404302e-01 4.268998701018215103e-01 5.047035617809931818e-01 3.669971034482757966e-01 4.602833657809394241e-01 4.512965075726702024e-01 0.000000000000000000e+00 3.840124091388810168e-01 0.000000000000000000e+00 4.060181031674208185e-01 0.000000000000000000e+00 3.959342933205080017e-01 0.000000000000000000e+00 3.992236031746032032e-01 4.948832960000000281e-01 4.466988062015503358e-01 0.000000000000000000e+00 4.013750544816716004e-01 4.756683526011560303e-01 3.965072874496378130e-01 4.983096051705756535e-01 3.839164406492247550e-01 0.000000000000000000e+00 3.937477959165968100e-01 0.000000000000000000e+00 2.991416354484442985e-01 4.991574385172558026e-01 3.857992172882853121e-01 4.615764770974805087e-01 3.637010909170352857e-01 4.759516591913761641e-01 3.779319046565446372e-01 4.842692133251004227e-01 3.916231050167926497e-01 4.681758613138685687e-01 3.930312660848936379e-01 4.963103913243709364e-01 3.258040363207074797e-01 5.135997176929758545e-01 3.509471469144375688e-01 5.009161706036749928e-01 3.562295906482997321e-01 4.923100337111662173e-01 4.373900697674419913e-01 0.000000000000000000e+00 3.709670724048604873e-01 4.639074507311719553e-01 3.705861216216215781e-01 0.000000000000000000e+00 4.012441305676731074e-01 5.181663213721172667e-01 4.116787631069214748e-01 0.000000000000000000e+00 4.232417300178575315e-01 4.798918224852071202e-01 0.000000000000000000e+00 0.000000000000000000e+00 4.203153025889664884e-01 4.598718013245032821e-01 4.064833376351851824e-01 4.665837938931298168e-01 4.089055508450826215e-01 0.000000000000000000e+00 4.017050592951811883e-01 4.258695285801713526e-01 0.000000000000000000e+00 0.000000000000000000e+00 4.267323423423423634e-01 3.799717672413792102e-01 3.830355042735042459e-01 0.000000000000000000e+00 4.022625804616778988e-01 0.000000000000000000e+00 4.333309335242541693e-01 0.000000000000000000e+00 4.641519699999999138e-01 0.000000000000000000e+00 0.000000000000000000e+00 0.000000000000000000e+00 0.000000000000000000e+00 0.000000000000000000e+00 0.000000000000000000e+00 3.980893960396039710e-01 0.000000000000000000e+00 3.844668170143876185e-01
5.093645391369576725e-01 3.041573034612157778e-01 5.062908324944943583e-01 3.300844685388342192e-01 0.000000000000000000e+00 3.041757778108711285e-01 4.851235598345098876e-01 3.542894104364238128e-01 0.000000000000000000e+00 3.245850071920122204e-01 4.740931621621621850e-01 3.338774142934363698e-01 4.590659999999999741e-01 3.668041978167561057e-01 0.000000000000000000e+00 3.620291516517675778e-01 5.012280167813991660e-01 3.412562849610193405e-01 5.194250153171899864e-01 3.170178028910596857e-01 0.000000000000000000e+00 0.000000000000000000e+00 5.090683118101733129e-01 3.764954661830116067e-01 0.000000000000000000e+00 0.000000000000000000e+00 0.000000000000000000e+00 0.000000000000000000e+00 4.674169047619047279e-01 3.991987603106380011e-01 4.657655449387216318e-01 3.904602846715328757e-01 5.184697343605799702e-01 4.797249337094491861e-01 4.424379423076922890e-01 4.175597141832729786e-01 5.119242894736841798e-01 4.843759646102248073e-01 0.000000000000000000e+00 5.060241759209420653e-01 5.063971636363635564e-01 4.311444298753935866e-01 4.361093066666666962e-01 4.000989342674561300e-01 0.000000000000000000e+00 3.949812392737923061e-01 0.000000000000000000e+00 3.511128888888889188e-01 0.000000000000000000e+00 3.962170337697604183e-01 4.878699930069930191e-01 4.015145325471133342e-01 0.000000000000000000e+00 3.806552826086956332e-01 4.718848482357945739e-01 3.875262488617066681e-01 5.042563738985641475e-01 3.301013915960624989e-01 4.713020821525724102e-01 4.033594366543474252e-01 4.632899630943395630e-01 3.866614457919303471e-01 0.000000000000000000e+00 3.879863394792986142e-01 4.405322377195670658e-01 3.902152601389373698e-01 4.878152079892357773e-01 3.432054038738656665e-01 5.171465449952824533e-01 2.845601505184590652e-01 5.036551358490566344e-01 3.722669880791570907e-01 4.444386793801717861e-01 3.800662704133098146e-01 0.000000000000000000e+00 3.589109309123157399e-01 4.841931092086615429e-01 3.847659573957611934e-01 0.000000000000000000e+00 4.296347187499999776e-01 4.605423672269472468e-01 4.343127581081367428e-01 0.000000000000000000e+00 4.075713557692308142e-01 4.761342364864865617e-01 4.170096344607560068e-01 0.000000000000000000e+00 4.244375620360912871e-01 4.523419356728728413e-01 4.140182104073463210e-01 3.908094797297296807e-01 4.026569116548958105e-01 4.424377313432835690e-01 4.041879999999999917e-01 4.086754230769230056e-01 4.334636764231810657e-01 0.000000000000000000e+00 0.000000000000000000e+00 4.155110103979988145e-01 4.211722742181426837e-01 3.925871461538461005e-01 0.000000000000000000e+00 4.074028571428571222e-01 4.063829135786384272e-01 0.000000000000000000e+00 4.290501817574492449e-01 4.342880171794524236e-01 0.000000000000000000e+00 0.000000000000000000e+00 0.000000000000000000e+00 0.000000000000000000e+00 3.512992500000000629e-01 0.000000000000000000e+00 3.913337982456139841e-01 0.000000000000000000e+00 0.000000000000000000e+00
3.317281236128060140e-01 5.062908324944943583e-01 2.765879743316811412e-01 4.401955881930244563e-01 1.807546452440561280e-01 4.133873486701860611e-01 3.094191740806798152e-01 4.517376979193440389e-01 2.748322760308551382e-01 4.141655731635140447e-01 3.631663110066183364e-01 4.592110393871647878e-01 3.433543085775190851e-01 4.374363907873943802e-01 3.064374655669221403e-01 4.216417580718968550e-01 3.810784134220914221e-01 5.012581019391656456e-01 2.926107761903621318e-01 5.118781669277908675e-01 3.192288679661454132e-01 0.000000000000000000e+00 2.678821485590470730e-01 4.356817262015564851e-01 2.151908779512061443e-01 4.200652850825184470e-01 3.294690883239915213e-01 3.989277297297297298e-01 3.387473083430424525e-01 4.532116637386555125e-01 3.757193456916078089e-01 4.251037997746948127e-01 4.039630660917394311e-01 4.804767187239133430e-01 4.371076175012635345e-01 0.000000000000000000e+00 4.288066207669723462e-01 4.793283706293706703e-01 3.791477035231635151e-01 0.000000000000000000e+00 3.986833819255907740e-01 0.000000000000000000e+00 3.879169143918983487e-01 0.000000000000000000e+00 4.130421658157246156e-01 0.000000000000000000e+00 4.132481426948392267e-01 0.000000000000000000e+00 4.029685483337200336e-01 5.117865384615385427e-01 4.030614048287429196e-01 4.999092301587301224e-01 0.000000000000000000e+00 0.000000000000000000e+00 3.778877688175486527e-01 0.000000000000000000e+00 3.942450151013285886e-01 5.309622533136966194e-01 3.927555161222792690e-01 4.938819999999999877e-01 3.737224339586854849e-01 0.000000000000000000e+00 3.817795155595841150e-01 0.000000000000000000e+00 3.743812343936601117e-01 0.000000000000000000e+00 4.233827077830628061e-01 4.384939878787878498e-01 3.777787018958939091e-01 5.227456222222220950e-01 3.374325616802228978e-01 4.469214746202408439e-01 3.413497881838049031e-01 4.463718138719103834e-01 0.000000000000000000e+00 0.000000000000000000e+00 3.791741187931430002e-01 4.476900595989282139e-01 3.684013068181817840e-01 0.000000000000000000e+00 3.469233061212504965e-01 0.000000000000000000e+00 3.722878633333333021e-01 0.000000000000000000e+00 3.797185136105979963e-01 0.000000000000000000e+00 3.947218374222355997e-01 0.000000000000000000e+00 3.792445203898096584e-01 0.000000000000000000e+00 4.032115481109255217e-01 4.571326350364963154e-01 3.743554641025640950e-01 4.679900852713178017e-01 4.174351988088571552e-01 0.000000000000000000e+00 0.000000000000000000e+00 0.000000000000000000e+00 0.000000000000000000e+00 0.000000000000000000e+00 0.000000000000000000e+00 0.000000000000000000e+00 3.907335673865693360e-01 0.000000000000000000e+00 4.196511218936015419e-01 0.000000000000000000e+00 0.000000000000000000e+00 0.000000000000000000e+00 0.000000000000000000e+00 0.000000000000000000e+00 0.000000000000000000e+00 0.000000000000000000e+00 0.000000000000000000e+00 0.000000000000000000e+00 0.000000000000000000e+00 0.000000000000000000e+00
4.913889868518778181e-01 3.300844685388342192e-01 4.401955881930244563e-01 2.672075798079636688e-01 4.347422653514738666e-01 2.393017503720743511e-01 4.475623412558363268e-01 3.108341424404048592e-01 4.299679520083632411e-01 2.775499963355191890e-01 4.785748537434082461e-01 3.557291871705199893e-01 4.414159937196016070e-01 3.334652429799159767e-01 4.086263149387803217e-01 3.111452992552929953e-01 5.051851446969696235e-01 3.913528224704462266e-01 5.016368575925177486e-01 3.203361767563784324e-01 0.000000000000000000e+00 3.374154255319148366e-01 4.289255677249450005e-01 2.771946627801284424e-01 4.070696126745741994e-01 2.455352184308629004e-01 4.189607519025144167e-01 3.440045720760234182e-01 4.378371824881097107e-01 3.350878785531904991e-01 4.027319675735958060e-01 3.601338139286265339e-01 4.990847046955486088e-01 3.933039714757631811e-01 0.000000000000000000e+00 4.564731373354538047e-01 4.295805289855071929e-01 4.373056040009951628e-01 0.000000000000000000e+00 4.931678607887597376e-01 0.000000000000000000e+00 4.129104110709297948e-01 0.000000000000000000e+00 3.328706228070175688e-01 0.000000000000000000e+00 3.764747482908579190e-01 0.000000000000000000e+00 0.000000000000000000e+00 0.000000000000000000e+00 3.818337294814009852e-01 0.000000000000000000e+00 3.851104237035579136e-01 0.000000000000000000e+00 3.915422199579522977e-01 4.616583485714285673e-01 3.787560241631984792e-01 4.951873631471766513e-01 4.054532430187888226e-01 4.828834678218829057e-01 4.279336897271373008e-01 4.398540366948978653e-01 3.863558583243567046e-01 4.645142976052873407e-01 3.736465452223697303e-01 4.848449406779660742e-01 3.947749756274771538e-01 4.786822967379050775e-01 4.268727400523138482e-01 5.061786254063633805e-01 3.787628956816487813e-01 4.426971753224154815e-01 3.542982039237029257e-01 4.463697051193192267e-01 3.472041923423462850e-01 0.000000000000000000e+00 3.572826831116666102e-01 4.552907774439668986e-01 3.830800385356596949e-01 0.000000000000000000e+00 3.749515364762053271e-01 3.998216851851850717e-01 3.876848727811339490e-01 0.000000000000000000e+00 0.000000000000000000e+00 4.708378759124087765e-01 3.924231691833225399e-01 0.000000000000000000e+00 3.939467986111110931e-01 0.000000000000000000e+00 3.822123624692633226e-01 3.440167246376812371e-01 3.597540135513201398e-01 0.000000000000000000e+00 0.000000000000000000e+00 0.000000000000000000e+00 3.788900093656343837e-01 0.000000000000000000e+00 0.000000000000000000e+00 3.817739391891892264e-01 4.006484224137931149e-01 0.000000000000000000e+00 0.000000000000000000e+00 0.000000000000000000e+00 4.048127224512743094e-01 0.000000000000000000e+00 4.087382966101694715e-01 0.000000000000000000e+00 0.000000000000000000e+00 0.000000000000000000e+00 4.080693679245282479e-01 0.000000000000000000e+00 3.633110392156862489e-01 4.098871367521366160e-01 0.000000000000000000e+00 0.000000000000000000e+00 0.000000000000000000e+00
3.541191101848401579e-01 0.000000000000000000e+00 1.807546452440561280e-01 4.347422653514738666e-01 1.963598469797253332e-01 4.307319284734460463e-01 2.745059577243313953e-01 4.026953355572289173e-01 2.648679645570156671e-01 4.216567627060990864e-01 0.000000000000000000e+00 0.000000000000000000e+00 3.070042410714285963e-01 0.000000000000000000e+00 2.537608002271941610e-01 4.232963719770022060e-01 0.000000000000000000e+00 0.000000000000000000e+00 3.686993749999999403e-01 0.000000000000000000e+00 2.934503662540127733e-01 0.000000000000000000e+00 2.663074104465062431e-01 4.144210229285383296e-01 2.039661942447404119e-01 4.251636541119326318e-01 2.596088686463525197e-01 4.130725492352375072e-01 2.998725655621117259e-01 4.339069548074843130e-01 3.452223219925397713e-01 4.020492139313039948e-01 3.695421828584994905e-01 4.121484355715855918e-01 0.000000000000000000e+00 0.000000000000000000e+00 0.000000000000000000e+00 0.000000000000000000e+00 4.285138616352200946e-01 0.000000000000000000e+00 0.000000000000000000e+00 0.000000000000000000e+00 0.000000000000000000e+00 0.000000000000000000e+00 0.000000000000000000e+00 0.000000000000000000e+00 0.000000000000000000e+00 0.000000000000000000e+00 0.000000000000000000e+00 0.000000000000000000e+00 0.000000000000000000e+00 0.000000000000000000e+00 0.000000000000000000e+00 0.000000000000000000e+00 0.000000000000000000e+00 0.000000000000000000e+00 3.880172752293578609e-01 0.000000000000000000e+00 0.000000000000000000e+00 0.000000000000000000e+00 3.707013305785124002e-01 0.000000000000000000e+00 0.000000000000000000e+00 0.000000000000000000e+00 0.000000000000000000e+00 0.000000000000000000e+00 4.670759292035398524e-01 0.000000000000000000e+00 3.673505336134452737e-01 0.000000000000000000e+00 3.032139411115926664e-01 0.000000000000000000e+00 3.095490619967474211e-01 0.000000000000000000e+00 2.945873953488372110e-01 0.000000000000000000e+00 3.398651309523809672e-01 0.000000000000000000e+00 0.000000000000000000e+00 0.000000000000000000e+00 0.000000000000000000e+00 0.000000000000000000e+00 0.000000000000000000e+00 0.000000000000000000e+00 3.262592032520324481e-01 0.000000000000000000e+00 0.000000000000000000e+00 0.000000000000000000e+00 0.000000000000000000e+00 0.000000000000000000e+00 0.000000000000000000e+00 0.000000000000000000e+00 0.000000000000000000e+00 0.000000000000000000e+00 3.386991874999998875e-01 0.000000000000000000e+00 0.000000000000000000e+00 0.000000000000000000e+00 0.000000000000000000e+00 0.000000000000000000e+00 0.000000000000000000e+00 0.000000000000000000e+00 0.000000000000000000e+00 0.000000000000000000e+00 0.000000000000000000e+00 0.000000000000000000e+00 0.000000000000000000e+00 0.000000000000000000e+00 0.000000000000000000e+00 0.000000000000000000e+00 0.000000000000000000e+00 0.000000000000000000e+00 0.000000000000000000e+00 0.000000000000000000e+00 0.000000000000000000e+00 0.000000000000000000e+00
0.000000000000000000e+00 3.041757778108711285e-01 4.133873486701860611e-01 2.393017503720743511e-01 4.307319284734460463e-01 1.927455295108808919e-01 4.040337193750612177e-01 2.559394285961865134e-01 4.277384542406605372e-01 1.953261868948254487e-01 0.000000000000000000e+00 2.955474548279688474e-01 4.033891653627311724e-01 0.000000000000000000e+00 4.438567374999999871e-01 2.701372247897404488e-01 0.000000000000000000e+00 3.453269999999999951e-01 0.000000000000000000e+00 3.303836463831867354e-01 3.705250243658108622e-01 2.967253913148759636e-01 4.087545617872580528e-01 2.340412266919516815e-01 4.036004115366809142e-01 2.852126767905182048e-01 4.107162425604549139e-01 2.275577174380273848e-01 0.000000000000000000e+00 3.212344716182136684e-01 3.781594422682425516e-01 3.451905487903117464e-01 4.123214342105263053e-01 3.629365594247948579e-01 0.000000000000000000e+00 0.000000000000000000e+00 0.000000000000000000e+00 0.000000000000000000e+00 0.000000000000000000e+00 0.000000000000000000e+00 0.000000000000000000e+00 0.000000000000000000e+00 0.000000000000000000e+00 0.000000000000000000e+00 0.000000000000000000e+00 0.000000000000000000e+00 4.620697631578946640e-01 0.000000000000000000e+00 0.000000000000000000e+00 0.000000000000000000e+00 0.000000000000000000e+00 0.000000000000000000e+00 0.000000000000000000e+00 0.000000000000000000e+00 0.000000000000000000e+00 4.076378883835269362e-01 0.000000000000000000e+00 0.000000000000000000e+00 0.000000000000000000e+00 3.686039729729729819e-01 0.000000000000000000e+00 0.000000000000000000e+00 0.000000000000000000e+00 0.000000000000000000e+00 0.000000000000000000e+00 0.000000000000000000e+00 0.000000000000000000e+00 4.029427093504378554e-01 0.000000000000000000e+00 0.000000000000000000e+00 4.293020228030243746e-01 3.212440977780503526e-01 0.000000000000000000e+00 3.273215954243685610e-01 0.000000000000000000e+00 0.000000000000000000e+00 0.000000000000000000e+00 3.380959540359915194e-01 0.000000000000000000e+00 0.000000000000000000e+00 0.000000000000000000e+00 3.376285216444573911e-01 0.000000000000000000e+00 0.000000000000000000e+00 0.000000000000000000e+00 0.000000000000000000e+00 0.000000000000000000e+00 0.000000000000000000e+00 0.000000000000000000e+00 3.659839526763522533e-01 0.000000000000000000e+00 0.000000000000000000e+00 0.000000000000000000e+00 0.000000000000000000e+00 0.000000000000000000e+00 0.000000000000000000e+00 0.000000000000000000e+00 0.000000000000000000e+00 0.000000000000000000e+00 0.000000000000000000e+00 0.000000000000000000e+00 0.000000000000000000e+00 0.000000000000000000e+00 0.000000000000000000e+00 0.000000000000000000e+00 0.000000000000000000e+00 0.000000000000000000e+00 0.000000000000000000e+00 0.000000000000000000e+00 0.000000000000000000e+00 0.000000000000000000e+00 0.000000000000000000e+00 0.000000000000000000e+00 0.000000000000000000e+00 0.000000000000000000e+00 0.000000000000000000e+00
3.338507622805393926e-01 4.851235598345098876e-01 3.094191740806798152e-01 4.475623412558363268e-01 2.745059577243313953e-01 4.040337193750612177e-01 3.025322178138617479e-01 4.513362481973856588e-01 2.833013502566542607e-01 4.096542984855798819e-01 3.727335027577159399e-01 4.613326391901786949e-01 3.200993270402296420e-01 4.391740456149722527e-01 3.182073009792104612e-01 4.233558841235690595e-01 3.652842974759961669e-01 4.736785633520679828e-01 3.685127830190157439e-01 4.902622131988507714e-01 0.000000000000000000e+00 0.000000000000000000e+00 3.507896850114876619e-01 4.429149565326562787e-01 0.000000000000000000e+00 3.969070204273059121e-01 0.000000000000000000e+00 0.000000000000000000e+00 3.381845582839974051e-01 4.650015529026337857e-01 3.843848020882429384e-01 4.348650023008881482e-01 3.962874586253580245e-01 4.782064429307782971e-01 0.000000000000000000e+00 0.000000000000000000e+00 4.261184616727453633e-01 0.000000000000000000e+00 3.552499235446890391e-01 0.000000000000000000e+00 3.805908235294117037e-01 0.000000000000000000e+00 3.881542522006900531e-01 0.000000000000000000e+00 3.948480485135603679e-01 0.000000000000000000e+00 0.000000000000000000e+00 0.000000000000000000e+00 3.705211167558487562e-01 0.000000000000000000e+00 3.858216953930660997e-01 0.000000000000000000e+00 3.675405440435280946e-01 0.000000000000000000e+00 3.774107530271347266e-01 0.000000000000000000e+00 3.796910080432328582e-01 5.002858041237112641e-01 3.752696941808966735e-01 4.528730782783229047e-01 3.791085651173734528e-01 0.000000000000000000e+00 4.046701808184620663e-01 0.000000000000000000e+00 3.885743577622944867e-01 0.000000000000000000e+00 4.188103610196441395e-01 4.678356638505549725e-01 4.027250299756525154e-01 5.053615080008533322e-01 3.230772084008549094e-01 4.656914120466703610e-01 3.349781008533838644e-01 4.562654346456118670e-01 0.000000000000000000e+00 4.431657037037037283e-01 3.689371399857631628e-01 4.427788571450416155e-01 3.701257639002172861e-01 0.000000000000000000e+00 3.836078995034075123e-01 0.000000000000000000e+00 4.063710436622548494e-01 0.000000000000000000e+00 3.975703449575800907e-01 0.000000000000000000e+00 3.953666107004548680e-01 0.000000000000000000e+00 3.888504033284587713e-01 0.000000000000000000e+00 3.994540967410522003e-01 0.000000000000000000e+00 3.688047950819671739e-01 0.000000000000000000e+00 4.067503610904326661e-01 3.843104229405034378e-01 0.000000000000000000e+00 0.000000000000000000e+00 0.000000000000000000e+00 0.000000000000000000e+00 0.000000000000000000e+00 0.000000000000000000e+00 3.778325317065287514e-01 3.969510839694656568e-01 0.000000000000000000e+00 0.000000000000000000e+00 0.000000000000000000e+00 0.000000000000000000e+00 0.000000000000000000e+00 0.000000000000000000e+00 0.000000000000000000e+00 0.000000000000000000e+00 0.000000000000000000e+00 0.000000000000000000e+00 0.000000000000000000e+00 0.000000000000000000e+00
4.730606984334396192e-01 3.542894104364238128e-01 4.517376979193440389e-01 3.108341424404048592e-01 4.026953355572289173e-01 2.559394285961865134e-01 4.513362481973856588e-01 2.686495120807143588e-01 4.139745827974287140e-01 2.605670981222475424e-01 4.651839085480774516e-01 3.191199871759918261e-01 4.425336061459688719e-01 2.981896996435935976e-01 4.305833023255813963e-01 3.034116957475310739e-01 4.360588464017185473e-01 3.912552604681091561e-01 4.949900154700438981e-01 3.947359919911585524e-01 0.000000000000000000e+00 0.000000000000000000e+00 4.393706851018944759e-01 3.545417493805524400e-01 4.395078630538231113e-01 0.000000000000000000e+00 0.000000000000000000e+00 0.000000000000000000e+00 4.538313922937393663e-01 3.413158977557470553e-01 4.165379035231712712e-01 3.869055062045942961e-01 4.911845652722150457e-01 3.885851929991355758e-01 0.000000000000000000e+00 3.911302840931027980e-01 4.544990962145202817e-01 4.185800924640308285e-01 0.000000000000000000e+00 4.672885167820720609e-01 0.000000000000000000e+00 4.213610364874249004e-01 0.000000000000000000e+00 3.412692320493065923e-01 4.741760139860140555e-01 3.725093404497815675e-01 0.000000000000000000e+00 3.562538205969754124e-01 0.000000000000000000e+00 3.627567366796415338e-01 0.000000000000000000e+00 3.600997551710273803e-01 0.000000000000000000e+00 3.655318087876613387e-01 0.000000000000000000e+00 3.666116021724024621e-01 4.562630649278398010e-01 3.941761590910788926e-01 4.627074831875696570e-01 3.873561858339681363e-01 4.489110864465370998e-01 3.732558151382783795e-01 0.000000000000000000e+00 3.981102737599520602e-01 4.199030970149253972e-01 3.756375060737951466e-01 4.585869811566699594e-01 4.133365620523632433e-01 0.000000000000000000e+00 4.114755481955625349e-01 4.587731212689006854e-01 3.179604587506606461e-01 4.389033504160167465e-01 3.430350174272278063e-01 0.000000000000000000e+00 3.780302000000000384e-01 4.520248115560219770e-01 3.767062297826448969e-01 0.000000000000000000e+00 3.885209792150285946e-01 4.663200578034682464e-01 4.252847395274567677e-01 0.000000000000000000e+00 3.996617672840063196e-01 0.000000000000000000e+00 3.979122210872984011e-01 0.000000000000000000e+00 4.039218174582813736e-01 4.331277397586981159e-01 3.844495056661681454e-01 4.401676484375000031e-01 0.000000000000000000e+00 3.732872444444444437e-01 4.069829971804511670e-01 0.000000000000000000e+00 4.023413734939759179e-01 0.000000000000000000e+00 0.000000000000000000e+00 0.000000000000000000e+00 3.751049122807016967e-01 0.000000000000000000e+00 0.000000000000000000e+00 3.838070370370370576e-01 4.313713504273505306e-01 4.312320000000000042e-01 4.562482614205256581e-01 0.000000000000000000e+00 0.000000000000000000e+00 0.000000000000000000e+00 0.000000000000000000e+00 0.000000000000000000e+00 0.000000000000000000e+00 3.923479617834395028e-01 0.000000000000000000e+00 0.000000000000000000e+00 0.000000000000000000e+00
3.658415918514412168e-01 0.000000000000000000e+00 2.748322760308551382e-01 4.299679520083632411e-01 2.648679645570156671e-01 4.277384542406605372e-01 2.833013502566542607e-01 4.139745827974287140e-01 2.075347783703979099e-01 4.170598825839038626e-01 3.610167874236873686e-01 0.000000000000000000e+00 2.997868503560134901e-01 0.000000000000000000e+00 2.624678533467552088e-01 4.168248837799888307e-01 0.000000000000000000e+00 0.000000000000000000e+00 4.003506731955820963e-01 0.000000000000000000e+00 3.211638486576529061e-01 0.000000000000000000e+00 3.265396523518667715e-01 4.182323025097803848e-01 0.000000000000000000e+00 4.385819127176538434e-01 2.807889912801659338e-01 4.177388810454323309e-01 3.198547365331091963e-01 4.659678823529411207e-01 3.248852519707207120e-01 3.791958011074091361e-01 0.000000000000000000e+00 0.000000000000000000e+00 3.497810168067225778e-01 0.000000000000000000e+00 0.000000000000000000e+00 0.000000000000000000e+00 0.000000000000000000e+00 0.000000000000000000e+00 0.000000000000000000e+00 0.000000000000000000e+00 0.000000000000000000e+00 0.000000000000000000e+00 0.000000000000000000e+00 0.000000000000000000e+00 0.000000000000000000e+00 0.000000000000000000e+00 0.000000000000000000e+00 0.000000000000000000e+00 0.000000000000000000e+00 0.000000000000000000e+00 0.000000000000000000e+00 0.000000000000000000e+00 0.000000000000000000e+00 0.000000000000000000e+00 3.713863535704849950e-01 0.000000000000000000e+00 0.000000000000000000e+00 0.000000000000000000e+00 0.000000000000000000e+00 0.000000000000000000e+00 0.000000000000000000e+00 0.000000000000000000e+00 0.000000000000000000e+00 0.000000000000000000e+00 4.442811129032259165e-01 0.000000000000000000e+00 3.670463257575757310e-01 0.000000000000000000e+00 2.967251116560218338e-01 0.000000000000000000e+00 3.077195875938549818e-01 3.843504044943820142e-01 0.000000000000000000e+00 0.000000000000000000e+00 3.497814956628566008e-01 0.000000000000000000e+00 0.000000000000000000e+00 0.000000000000000000e+00 3.923857000700070596e-01 0.000000000000000000e+00 0.000000000000000000e+00 0.000000000000000000e+00 3.833127763277408007e-01 0.000000000000000000e+00 0.000000000000000000e+00 0.000000000000000000e+00 4.051732040853436856e-01 0.000000000000000000e+00 0.000000000000000000e+00 0.000000000000000000e+00 0.000000000000000000e+00 0.000000000000000000e+00 0.000000000000000000e+00 0.000000000000000000e+00 0.000000000000000000e+00 0.000000000000000000e+00 0.000000000000000000e+00 0.000000000000000000e+00 0.000000000000000000e+00 0.000000000000000000e+00 0.000000000000000000e+00 0.000000000000000000e+00 4.297214070796460672e-01 0.000000000000000000e+00 0.000000000000000000e+00 0.000000000000000000e+00 0.000000000000000000e+00 0.000000000000000000e+00 0.000000000000000000e+00 0.000000000000000000e+00 0.000000000000000000e+00 0.000000000000000000e+00 0.000000000000000000e+00 0.000000000000000000e+00
0.000000000000000000e+00 3.245850071920122204e-01 4.141655731635140447e-01 2.775499963355191890e-01 4.216567627060990864e-01 1.953261868948254487e-01 4.096542984855798819e-01 2.605670981222475424e-01 4.170598825839038626e-01 1.776829598861933701e-01 0.000000000000000000e+00 3.231132744857004302e-01 3.951581003720615604e-01 3.067460636662663886e-01 4.151779166666666465e-01 2.983203314213862534e-01 0.000000000000000000e+00 3.503389999999999560e-01 0.000000000000000000e+00 0.000000000000000000e+00 3.641046007797270612e-01 3.221685040849673332e-01 4.110930607950725735e-01 3.242012660682184744e-01 4.111637758432569734e-01 0.000000000000000000e+00 4.142731770333208385e-01 2.266529546558704311e-01 0.000000000000000000e+00 3.110126411949617475e-01 4.046582813689377223e-01 3.425766453914141363e-01 4.429544607843137749e-01 4.013170352528090401e-01 0.000000000000000000e+00 0.000000000000000000e+00 0.000000000000000000e+00 3.266923828125000151e-01 0.000000000000000000e+00 0.000000000000000000e+00 0.000000000000000000e+00 0.000000000000000000e+00 0.000000000000000000e+00 0.000000000000000000e+00 0.000000000000000000e+00 0.000000000000000000e+00 0.000000000000000000e+00 0.000000000000000000e+00 0.000000000000000000e+00 3.217955640661938066e-01 0.000000000000000000e+00 0.000000000000000000e+00 0.000000000000000000e+00 0.000000000000000000e+00 0.000000000000000000e+00 3.233346211835902984e-01 0.000000000000000000e+00 3.583674139718676099e-01 0.000000000000000000e+00 0.000000000000000000e+00 0.000000000000000000e+00 0.000000000000000000e+00 0.000000000000000000e+00 0.000000000000000000e+00 0.000000000000000000e+00 0.000000000000000000e+00 4.127576379888267533e-01 0.000000000000000000e+00 0.000000000000000000e+00 0.000000000000000000e+00 4.311680840820864002e-01 3.044282453690963508e-01 0.000000000000000000e+00 3.241424177604548817e-01 0.000000000000000000e+00 0.000000000000000000e+00 0.000000000000000000e+00 3.463313592589179479e-01 0.000000000000000000e+00 0.000000000000000000e+00 0.000000000000000000e+00 3.704295815682470128e-01 0.000000000000000000e+00 4.011211123188405114e-01 0.000000000000000000e+00 0.000000000000000000e+00 0.000000000000000000e+00 3.649030400000000118e-01 0.000000000000000000e+00 3.665809350547833967e-01 0.000000000000000000e+00 0.000000000000000000e+00 3.463652086330935020e-01 0.000000000000000000e+00 0.000000000000000000e+00 0.000000000000000000e+00 0.000000000000000000e+00 0.000000000000000000e+00 3.760587099236641362e-01 0.000000000000000000e+00 0.000000000000000000e+00 0.000000000000000000e+00 3.446246666666666347e-01 0.000000000000000000e+00 0.000000000000000000e+00 0.000000000000000000e+00 0.000000000000000000e+00 0.000000000000000000e+00 0.000000000000000000e+00 0.000000000000000000e+00 0.000000000000000000e+00 0.000000000000000000e+00 0.000000000000000000e+00 0.000000000000000000e+00 0.000000000000000000e+00 0.000000000000000000e+00
3.059734008182718457e-01 4.740931621621621850e-01 3.631663110066183364e-01 4.785748537434082461e-01 0.000000000000000000e+00 0.000000000000000000e+00 3.727335027577159399e-01 4.651839085480774516e-01 3.610167874236873686e-01 0.000000000000000000e+00 3.038265129256055852e-01 4.639942572526734033e-01 3.181142309935874879e-01 4.319126807965417147e-01 3.586718050803580082e-01 0.000000000000000000e+00 3.608918658994151318e-01 4.697752985982390772e-01 3.883422752449536275e-01 4.828640905212839285e-01 0.000000000000000000e+00 0.000000000000000000e+00 3.716021743199695027e-01 4.417971409356533097e-01 0.000000000000000000e+00 0.000000000000000000e+00 0.000000000000000000e+00 0.000000000000000000e+00 3.630051690162592881e-01 4.942332592592591500e-01 4.063035022269557150e-01 4.360258047595288455e-01 3.911155031851645258e-01 4.720568013998104329e-01 0.000000000000000000e+00 4.509247600000000356e-01 4.460840578512396681e-01 0.000000000000000000e+00 4.401627096774193837e-01 0.000000000000000000e+00 3.795318972602740315e-01 0.000000000000000000e+00 0.000000000000000000e+00 0.000000000000000000e+00 0.000000000000000000e+00 0.000000000000000000e+00 0.000000000000000000e+00 0.000000000000000000e+00 0.000000000000000000e+00 4.677435200000000792e-01 4.216958678302860641e-01 0.000000000000000000e+00 0.000000000000000000e+00 0.000000000000000000e+00 3.617509519561923348e-01 0.000000000000000000e+00 3.725781390937581983e-01 0.000000000000000000e+00 3.984700397235683700e-01 0.000000000000000000e+00 3.857279979370678014e-01 0.000000000000000000e+00 4.176971661576018291e-01 0.000000000000000000e+00 4.131459686651369201e-01 0.000000000000000000e+00 4.301687752557503686e-01 4.899874857142856310e-01 4.059420000000000250e-01 0.000000000000000000e+00 3.501161291194950786e-01 5.009278193535475765e-01 3.505334770858345439e-01 4.256925442561205197e-01 0.000000000000000000e+00 0.000000000000000000e+00 3.822032009691964660e-01 4.192340515463917616e-01 0.000000000000000000e+00 0.000000000000000000e+00 4.265162536413021344e-01 0.000000000000000000e+00 4.617874188034189475e-01 0.000000000000000000e+00 4.395109614644144846e-01 0.000000000000000000e+00 0.000000000000000000e+00 0.000000000000000000e+00 4.210689933921751837e-01 0.000000000000000000e+00 0.000000000000000000e+00 0.000000000000000000e+00 0.000000000000000000e+00 0.000000000000000000e+00 0.000000000000000000e+00 0.000000000000000000e+00 0.000000000000000000e+00 0.000000000000000000e+00 0.000000000000000000e+00 0.000000000000000000e+00 0.000000000000000000e+00 0.000000000000000000e+00 0.000000000000000000e+00 0.000000000000000000e+00 0.000000000000000000e+00 0.000000000000000000e+00 0.000000000000000000e+00 0.000000000000000000e+00 0.000000000000000000e+00 0.000000000000000000e+00 0.000000000000000000e+00 0.000000000000000000e+00 0.000000000000000000e+00 0.000000000000000000e+00 0.000000000000000000e+00 0.000000000000000000e+00
4.710339915261725352e-01 3.338774142934363698e-01 4.592110393871647878e-01 3.557291871705199893e-01 0.000000000000000000e+00 2.955474548279688474e-01 4.613326391901786949e-01 3.191199871759918261e-01 0.000000000000000000e+00 3.231132744857004302e-01 4.639942572526734033e-01 2.619251165622797917e-01 4.404706295001839522e-01 2.841413764672131581e-01 0.000000000000000000e+00 3.476101579524675245e-01 0.000000000000000000e+00 3.303450786744693279e-01 4.861446262570088273e-01 3.860072753712991411e-01 0.000000000000000000e+00 0.000000000000000000e+00 4.538828354793907893e-01 3.721008314775631209e-01 0.000000000000000000e+00 0.000000000000000000e+00 0.000000000000000000e+00 0.000000000000000000e+00 4.568836357086704658e-01 3.539889461676160587e-01 4.190544262971400147e-01 3.818593644424606026e-01 4.880452359955650410e-01 3.821127076513498033e-01 0.000000000000000000e+00 0.000000000000000000e+00 0.000000000000000000e+00 4.279331600454006068e-01 0.000000000000000000e+00 4.067555178207192812e-01 0.000000000000000000e+00 4.580354285714285933e-01 4.602598802083333607e-01 0.000000000000000000e+00 0.000000000000000000e+00 3.731154449475227453e-01 0.000000000000000000e+00 0.000000000000000000e+00 0.000000000000000000e+00 3.831641532567049424e-01 0.000000000000000000e+00 3.893817455908288871e-01 0.000000000000000000e+00 3.421571399906015443e-01 4.578777528735632485e-01 3.861039038974062310e-01 0.000000000000000000e+00 3.940540378254320242e-01 0.000000000000000000e+00 3.754307999999999534e-01 0.000000000000000000e+00 3.754655135336228966e-01 0.000000000000000000e+00 3.795775747536730416e-01 0.000000000000000000e+00 3.950490495707182359e-01 0.000000000000000000e+00 4.031949761842620328e-01 0.000000000000000000e+00 3.962814305648457713e-01 4.836224864168781612e-01 3.429835087141164807e-01 4.325421009446693832e-01 3.642641589250046885e-01 0.000000000000000000e+00 0.000000000000000000e+00 4.576646220947028776e-01 3.634574662327492156e-01 0.000000000000000000e+00 4.137156070735443780e-01 0.000000000000000000e+00 4.355418679464805876e-01 0.000000000000000000e+00 0.000000000000000000e+00 0.000000000000000000e+00 4.356597303259868714e-01 0.000000000000000000e+00 4.357994259786687752e-01 0.000000000000000000e+00 4.114045558539790592e-01 0.000000000000000000e+00 0.000000000000000000e+00 0.000000000000000000e+00 0.000000000000000000e+00 0.000000000000000000e+00 0.000000000000000000e+00 0.000000000000000000e+00 0.000000000000000000e+00 0.000000000000000000e+00 0.000000000000000000e+00 0.000000000000000000e+00 0.000000000000000000e+00 0.000000000000000000e+00 0.000000000000000000e+00 0.000000000000000000e+00 0.000000000000000000e+00 0.000000000000000000e+00 0.000000000000000000e+00 0.000000000000000000e+00 0.000000000000000000e+00 0.000000000000000000e+00 0.000000000000000000e+00 0.000000000000000000e+00 0.000000000000000000e+00 0.000000000000000000e+00 0.000000000000000000e+00
3.711699058565879894e-01 4.590659999999999741e-01 3.433543085775190851e-01 4.414159937196016070e-01 3.070042410714285963e-01 4.033891653627311724e-01 3.200993270402296420e-01 4.425336061459688719e-01 2.997868503560134901e-01 3.951581003720615604e-01 3.181142309935874879e-01 4.404706295001839522e-01 2.764142946382526222e-01 4.350876128358446282e-01 2.715762784467350976e-01 4.243818645915939936e-01 4.064451854940162034e-01 0.000000000000000000e+00 3.744875515405987065e-01 4.586097904892048049e-01 3.233121805050505615e-01 0.000000000000000000e+00 3.549340023384441323e-01 4.407081717364353945e-01 0.000000000000000000e+00 0.000000000000000000e+00 0.000000000000000000e+00 0.000000000000000000e+00 3.476814243831185536e-01 4.443557538461538337e-01 3.693336217045030123e-01 4.363394224783911368e-01 3.646231001682497253e-01 4.617894236951238796e-01 4.051187281553398911e-01 0.000000000000000000e+00 4.059550588590652431e-01 0.000000000000000000e+00 3.299908851351351924e-01 0.000000000000000000e+00 0.000000000000000000e+00 0.000000000000000000e+00 0.000000000000000000e+00 0.000000000000000000e+00 0.000000000000000000e+00 0.000000000000000000e+00 0.000000000000000000e+00 0.000000000000000000e+00 4.102767098193608186e-01 0.000000000000000000e+00 3.940511056433342318e-01 0.000000000000000000e+00 0.000000000000000000e+00 0.000000000000000000e+00 3.799312459751204019e-01 0.000000000000000000e+00 3.934120902204095160e-01 0.000000000000000000e+00 3.893833603471807958e-01 0.000000000000000000e+00 4.073779666911676034e-01 4.522354527027027116e-01 4.254869748624196535e-01 0.000000000000000000e+00 4.153134905096769192e-01 0.000000000000000000e+00 4.155462486551255163e-01 4.944279986111110858e-01 3.842297475378080862e-01 0.000000000000000000e+00 3.238140958659257440e-01 4.810952265844501974e-01 3.538972245688025708e-01 4.384001106718484753e-01 3.218682388888888801e-01 0.000000000000000000e+00 3.741139272203707900e-01 4.582951499822966457e-01 3.784415411540766883e-01 0.000000000000000000e+00 4.098223177232179770e-01 0.000000000000000000e+00 4.129394755244755189e-01 0.000000000000000000e+00 4.177791553139396652e-01 0.000000000000000000e+00 3.939923523264814431e-01 0.000000000000000000e+00 4.098245221564348895e-01 0.000000000000000000e+00 3.800312640000000908e-01 4.043403983739836671e-01 0.000000000000000000e+00 0.000000000000000000e+00 3.878642439024390098e-01 0.000000000000000000e+00 0.000000000000000000e+00 0.000000000000000000e+00 0.000000000000000000e+00 0.000000000000000000e+00 3.911711612903226443e-01 0.000000000000000000e+00 0.000000000000000000e+00 0.000000000000000000e+00 4.176811666666667144e-01 3.875775471698113539e-01 0.000000000000000000e+00 0.000000000000000000e+00 0.000000000000000000e+00 0.000000000000000000e+00 0.000000000000000000e+00 0.000000000000000000e+00 0.000000000000000000e+00 0.000000000000000000e+00 0.000000000000000000e+00 0.000000000000000000e+00
