0.000000000000000000e+00 2.234693877551020488e-02 6.129638327853452473e-02 5.717619603267211532e-03 3.517411185367569620e-03 0.000000000000000000e+00 1.360812244279436256e-01 8.892565401716472431e-03 1.801801801801801830e-03 0.000000000000000000e+00 1.811619113097284184e-01 1.042752867570385846e-03 3.154305200341005894e-02 6.749915626054674243e-04 1.669449081803005058e-03 0.000000000000000000e+00 1.585776069197501192e-01 5.422587883320867386e-03 6.769801980198020264e-02 2.941176470588235253e-02 0.000000000000000000e+00 0.000000000000000000e+00 1.035554021401449785e-03 0.000000000000000000e+00 0.000000000000000000e+00 0.000000000000000000e+00 4.559963520291837602e-04 0.000000000000000000e+00 7.116451016635859383e-02 1.875820671543800434e-03 0.000000000000000000e+00 0.000000000000000000e+00 2.673869007427413791e-02 1.568831168831168882e-02 4.768717215069146202e-04 0.000000000000000000e+00 1.023846552617936750e-01 1.181753722524226009e-03 0.000000000000000000e+00 0.000000000000000000e+00 1.818181818181818094e-02 0.000000000000000000e+00 5.087332541970492972e-04 0.000000000000000000e+00 1.741149158444573429e-03 1.168224299065420609e-04 0.000000000000000000e+00 0.000000000000000000e+00 1.630778974034198872e-02 1.043405676126878161e-04 2.329729127187604373e-02 1.493875112040633313e-04 4.967709885742672624e-04 0.000000000000000000e+00 3.763171098845960981e-03 0.000000000000000000e+00 1.629728378603566008e-01 2.381467850184022534e-03 4.925306907262239076e-02 4.767580452920143117e-04 6.618059450364553731e-02 0.000000000000000000e+00 1.315789473684210453e-02 3.800836183960471242e-04 1.871165644171779094e-02 0.000000000000000000e+00 9.877253548139624736e-03 6.626905235255135893e-04 1.035428089413749503e-01 7.598039215686274404e-03 6.420423682781097041e-02 2.318303002202387868e-03 6.104563312178905993e-02 3.904951811232967775e-03 0.000000000000000000e+00 0.000000000000000000e+00 7.161086923885302824e-02 5.424200278164116422e-03 0.000000000000000000e+00 0.000000000000000000e+00 8.780487804878049640e-03 0.000000000000000000e+00 0.000000000000000000e+00 0.000000000000000000e+00 3.374262786425601818e-02 3.860258637328700757e-04 8.305647840531561656e-04 0.000000000000000000e+00 1.568911416847694820e-02 0.000000000000000000e+00 4.370902279113330832e-03 1.948051948051948050e-03 2.705139765554553846e-03 0.000000000000000000e+00 1.694915254237288130e-02 1.666666666666666644e-02 2.302379125095932542e-03 0.000000000000000000e+00 2.296211251435132088e-03 1.567398119122256992e-03 0.000000000000000000e+00 3.631961259079903321e-03 3.290246768507637878e-03 1.903114186851211174e-03 1.426940639269406313e-03 2.628811777076761223e-04 2.642007926023778094e-03 2.139037433155080263e-03 0.000000000000000000e+00 0.000000000000000000e+00 0.000000000000000000e+00 0.000000000000000000e+00 0.000000000000000000e+00 0.000000000000000000e+00 0.000000000000000000e+00 0.000000000000000000e+00
2.234693877551020488e-02 0.000000000000000000e+00 2.348520432127759565e-03 5.507584597432905321e-02 3.517411185367569403e-04 0.000000000000000000e+00 1.212304894681012204e-03 1.222210733119636072e-01 0.000000000000000000e+00 6.410256410256410034e-03 1.031282227569611494e-03 7.758081334723671008e-02 0.000000000000000000e+00 9.956125548430644345e-03 5.564830272676683526e-04 3.083564600678384213e-03 9.610764055742431877e-04 5.777860882572924406e-02 2.599009900990098890e-02 9.819734345351043003e-02 0.000000000000000000e+00 0.000000000000000000e+00 1.725923369002416218e-04 3.253090435914118644e-04 0.000000000000000000e+00 0.000000000000000000e+00 0.000000000000000000e+00 0.000000000000000000e+00 1.293900184842883576e-03 3.526542862502345110e-02 0.000000000000000000e+00 0.000000000000000000e+00 9.588116137744767675e-03 1.651948051948052068e-02 0.000000000000000000e+00 0.000000000000000000e+00 1.555209953343701396e-03 2.859844008508626717e-02 0.000000000000000000e+00 1.168907071887784850e-03 0.000000000000000000e+00 0.000000000000000000e+00 0.000000000000000000e+00 5.865102639296187678e-04 0.000000000000000000e+00 7.009345794392523275e-03 0.000000000000000000e+00 1.414027149321267095e-04 0.000000000000000000e+00 1.022537562604340644e-02 1.114702931668710300e-04 1.172691962951897225e-02 0.000000000000000000e+00 0.000000000000000000e+00 2.508780732563973734e-04 1.753873136509792379e-03 1.499750041659723412e-03 2.310023814678501819e-01 1.479071143321993801e-04 4.004767580452919806e-02 1.869508319312020866e-04 3.808879873788596077e-02 4.965243296921549023e-04 1.501330292664386154e-02 0.000000000000000000e+00 2.569980694980695049e-02 1.917913310318373522e-04 2.087475149105367730e-02 1.328553353015605315e-02 9.093137254901960398e-02 5.431830526887560613e-04 5.181407209922336832e-02 2.216178100130956116e-03 5.358923230309072666e-02 0.000000000000000000e+00 5.813953488372092943e-03 1.050893259270379914e-03 5.688456189151599313e-02 0.000000000000000000e+00 0.000000000000000000e+00 0.000000000000000000e+00 2.806838479203878703e-03 0.000000000000000000e+00 0.000000000000000000e+00 2.900512423861548671e-04 1.129125651418644988e-02 0.000000000000000000e+00 0.000000000000000000e+00 0.000000000000000000e+00 3.999000249937515947e-03 1.248829222603808995e-03 3.246753246753246967e-03 0.000000000000000000e+00 1.028806584362140005e-03 0.000000000000000000e+00 8.888888888888889228e-02 0.000000000000000000e+00 4.109589041095890009e-03 0.000000000000000000e+00 1.567398119122256992e-03 0.000000000000000000e+00 3.631961259079903321e-03 9.400705052878965831e-04 3.460207612456747510e-03 5.707762557077625254e-04 4.994742376445846649e-03 1.321003963011889047e-03 5.347593582887700224e-03 0.000000000000000000e+00 0.000000000000000000e+00 8.896797153024910577e-04 0.000000000000000000e+00 6.134969325153374377e-03 0.000000000000000000e+00 0.000000000000000000e+00 0.000000000000000000e+00
6.129638327853452473e-02 2.348520432127759565e-03 0.000000000000000000e+00 5.834305717619603197e-03 1.051705944424903283e-01 1.397135871463499757e-03 2.150325806940445450e-01 1.292524040947161564e-02 6.546546546546547218e-02 5.244755244755244968e-03 5.431419731866620609e-02 2.502606882168926117e-03 8.184143222506394533e-02 5.399932500843739394e-03 2.726766833611574820e-02 3.700277520814061229e-03 5.285920230658337424e-03 1.869857890800299136e-03 9.851485148514851908e-02 6.641366223908918426e-03 0.000000000000000000e+00 0.000000000000000000e+00 2.852951328960994237e-01 6.831489915419648555e-03 2.629848783694937672e-02 4.104669061056952055e-03 1.413588691290469657e-02 0.000000000000000000e+00 3.123844731977818909e-02 2.250984805852560607e-03 3.475670307845084295e-02 2.710706150341685508e-02 1.809588116137744729e-02 8.623376623376623196e-03 2.861230329041487830e-03 0.000000000000000000e+00 1.529289787454639685e-02 0.000000000000000000e+00 1.597444089456868943e-03 0.000000000000000000e+00 6.060606060606060601e-03 0.000000000000000000e+00 1.695777513990164595e-04 0.000000000000000000e+00 0.000000000000000000e+00 1.168224299065420609e-04 2.081598667776852682e-04 0.000000000000000000e+00 1.741608613046231793e-03 0.000000000000000000e+00 3.567049381339872961e-03 7.469375560203166565e-05 0.000000000000000000e+00 0.000000000000000000e+00 2.508780732563973734e-04 0.000000000000000000e+00 9.998333611064822747e-04 0.000000000000000000e+00 3.845584972637183883e-03 0.000000000000000000e+00 1.495606655449616693e-03 0.000000000000000000e+00 7.447864945382324077e-04 0.000000000000000000e+00 1.840490797546012270e-03 0.000000000000000000e+00 4.986574606827771754e-03 1.104484205875856027e-04 2.319696330662167783e-03 0.000000000000000000e+00 4.845192829983704236e-02 1.043236350991074432e-03 7.051475773143950354e-02 1.329345297441010196e-03 9.341199606686332799e-03 0.000000000000000000e+00 7.971776009608166902e-02 3.616133518776077759e-03 0.000000000000000000e+00 0.000000000000000000e+00 7.804878048780488232e-04 0.000000000000000000e+00 0.000000000000000000e+00 0.000000000000000000e+00 1.740307454316929311e-03 1.930129318664350379e-04 0.000000000000000000e+00 0.000000000000000000e+00 7.241129616220129839e-04 0.000000000000000000e+00 2.185451139556665416e-03 1.298701298701298700e-03 1.352569882777276923e-03 1.028806584362140005e-03 1.318267419962335270e-02 1.111111111111111154e-02 0.000000000000000000e+00 0.000000000000000000e+00 2.296211251435132088e-03 0.000000000000000000e+00 0.000000000000000000e+00 2.421307506053268881e-03 4.700352526439482916e-04 1.557093425605536336e-03 1.141552511415525051e-03 1.051524710830704489e-03 2.642007926023778094e-03 1.069518716577540132e-03 0.000000000000000000e+00 0.000000000000000000e+00 0.000000000000000000e+00 0.000000000000000000e+00 0.000000000000000000e+00 0.000000000000000000e+00 0.000000000000000000e+00 0.000000000000000000e+00
5.717619603267211532e-03 5.507584597432905321e-02 5.834305717619603197e-03 0.000000000000000000e+00 2.462187829757298690e-03 6.950750960530911737e-02 1.060766782845885825e-02 1.298728156343708084e-01 2.402402402402402295e-03 3.146853146853147154e-02 4.812650395324853496e-03 4.296141814389989322e-02 5.115089514066496583e-03 4.522443469456631504e-02 5.564830272676683526e-04 2.251002158495220631e-02 1.681883709754925524e-03 3.085265519820493477e-02 8.292079207920792505e-03 1.102941176470588203e-01 0.000000000000000000e+00 0.000000000000000000e+00 8.457024508111839547e-03 3.435263500325309027e-01 1.314924391847468836e-03 1.493073370959466517e-01 1.367989056087551281e-03 1.349527665317138943e-03 2.957486136783733701e-03 5.271056087038079180e-02 1.456471367096987685e-02 6.195899772209566975e-02 4.726536124240378334e-03 2.275324675324675444e-02 0.000000000000000000e+00 0.000000000000000000e+00 7.776049766718506982e-04 2.150791774994091285e-02 0.000000000000000000e+00 4.091174751607247299e-03 0.000000000000000000e+00 8.849557522123893682e-03 0.000000000000000000e+00 1.466275659824046920e-04 1.934610176049525942e-04 1.051401869158878535e-03 0.000000000000000000e+00 2.828054298642534189e-04 0.000000000000000000e+00 1.460767946577629399e-03 0.000000000000000000e+00 6.722438004182850315e-04 0.000000000000000000e+00 1.788908765652951654e-04 2.508780732563973734e-04 1.461560947091493650e-04 1.666388935177470548e-04 5.953669625460056118e-03 1.479071143321993801e-04 1.215733015494636395e-02 0.000000000000000000e+00 1.126887536623844997e-03 0.000000000000000000e+00 5.701254275940707134e-04 0.000000000000000000e+00 1.327220077220077170e-03 1.917913310318373522e-04 1.457919151756129940e-02 1.476170392239561317e-03 7.352941176470588133e-03 2.498642042368278294e-03 3.002202387852092105e-02 2.115442731943185245e-03 7.303090727816549665e-02 0.000000000000000000e+00 3.986710963455149248e-02 2.101786518540759829e-03 8.317107093184979150e-02 0.000000000000000000e+00 0.000000000000000000e+00 5.853658536585365632e-04 2.551671344730798525e-04 0.000000000000000000e+00 0.000000000000000000e+00 0.000000000000000000e+00 1.158077591198610227e-03 0.000000000000000000e+00 0.000000000000000000e+00 2.413709872073376884e-04 6.248437890527368125e-04 9.366219169528567463e-04 3.896103896103896101e-03 4.508566275924255867e-04 1.028806584362140005e-03 0.000000000000000000e+00 7.777777777777777901e-02 0.000000000000000000e+00 2.739726027397260295e-03 1.148105625717566044e-03 1.567398119122256992e-03 0.000000000000000000e+00 0.000000000000000000e+00 9.400705052878965831e-04 3.287197231833910091e-03 2.853881278538812627e-04 4.468980021030494187e-03 0.000000000000000000e+00 2.139037433155080263e-03 0.000000000000000000e+00 0.000000000000000000e+00 1.779359430604982115e-03 0.000000000000000000e+00 0.000000000000000000e+00 0.000000000000000000e+00 0.000000000000000000e+00 0.000000000000000000e+00
3.517411185367569620e-03 3.517411185367569403e-04 1.051705944424903283e-01 2.462187829757298690e-03 0.000000000000000000e+00 2.095703807195249853e-03 7.425367479921200428e-03 1.034019232757729277e-04 2.696696696696696538e-01 5.827505827505827501e-04 6.875214850464077352e-04 0.000000000000000000e+00 5.328218243819266876e-03 0.000000000000000000e+00 1.585976627712854803e-01 2.158495220474869122e-03 2.402691013935607969e-04 0.000000000000000000e+00 1.113861386138613766e-03 0.000000000000000000e+00 1.597444089456868943e-03 0.000000000000000000e+00 3.607179841215050337e-02 9.759271307742355388e-04 1.702827087442471965e-01 7.696254489481785428e-03 2.015503875968992220e-01 0.000000000000000000e+00 3.512014787430683960e-03 0.000000000000000000e+00 1.489572989076464772e-02 7.972665148063782029e-03 8.102633355840648541e-04 0.000000000000000000e+00 0.000000000000000000e+00 0.000000000000000000e+00 0.000000000000000000e+00 0.000000000000000000e+00 0.000000000000000000e+00 0.000000000000000000e+00 0.000000000000000000e+00 0.000000000000000000e+00 0.000000000000000000e+00 0.000000000000000000e+00 0.000000000000000000e+00 0.000000000000000000e+00 2.081598667776852682e-04 0.000000000000000000e+00 1.583280557314756200e-04 0.000000000000000000e+00 4.458811726674841202e-04 0.000000000000000000e+00 0.000000000000000000e+00 0.000000000000000000e+00 0.000000000000000000e+00 0.000000000000000000e+00 0.000000000000000000e+00 0.000000000000000000e+00 0.000000000000000000e+00 0.000000000000000000e+00 7.478033277248083465e-04 0.000000000000000000e+00 2.482621648460774512e-04 0.000000000000000000e+00 6.134969325153374594e-04 0.000000000000000000e+00 1.917913310318373522e-04 0.000000000000000000e+00 0.000000000000000000e+00 0.000000000000000000e+00 2.140141227593699014e-02 9.273212008809551474e-04 3.747355696585071005e-02 0.000000000000000000e+00 1.425762045231071702e-02 8.305647840531561656e-04 2.852424560876745327e-03 1.390820584144645438e-04 0.000000000000000000e+00 0.000000000000000000e+00 1.951219512195122058e-04 0.000000000000000000e+00 0.000000000000000000e+00 0.000000000000000000e+00 1.063521222082567828e-03 0.000000000000000000e+00 0.000000000000000000e+00 0.000000000000000000e+00 4.827419744146753768e-04 0.000000000000000000e+00 0.000000000000000000e+00 0.000000000000000000e+00 0.000000000000000000e+00 0.000000000000000000e+00 0.000000000000000000e+00 0.000000000000000000e+00 0.000000000000000000e+00 0.000000000000000000e+00 0.000000000000000000e+00 0.000000000000000000e+00 0.000000000000000000e+00 0.000000000000000000e+00 0.000000000000000000e+00 0.000000000000000000e+00 0.000000000000000000e+00 2.628811777076761223e-04 0.000000000000000000e+00 0.000000000000000000e+00 0.000000000000000000e+00 0.000000000000000000e+00 0.000000000000000000e+00 0.000000000000000000e+00 0.000000000000000000e+00 0.000000000000000000e+00 0.000000000000000000e+00 0.000000000000000000e+00
0.000000000000000000e+00 0.000000000000000000e+00 1.397135871463499757e-03 6.950750960530911737e-02 2.095703807195249853e-03 0.000000000000000000e+00 4.546143355053796037e-04 2.171440388791231590e-03 6.006006006006005737e-04 1.847319347319347216e-01 0.000000000000000000e+00 0.000000000000000000e+00 0.000000000000000000e+00 3.374957813027337121e-04 5.564830272676683526e-04 1.344434165895775635e-01 0.000000000000000000e+00 0.000000000000000000e+00 1.237623762376237639e-04 5.929791271347248285e-04 0.000000000000000000e+00 3.458646616541353330e-02 1.208146358301691488e-03 1.366297983083929711e-02 3.287310979618672090e-03 3.535146228835300275e-01 9.119927040583675204e-04 1.288798920377867696e-01 0.000000000000000000e+00 1.256799849934346278e-02 8.275405494869249312e-03 7.744874715261958718e-03 0.000000000000000000e+00 4.259740259740259390e-03 0.000000000000000000e+00 0.000000000000000000e+00 0.000000000000000000e+00 3.308910423067832479e-03 0.000000000000000000e+00 5.844535359438924249e-04 0.000000000000000000e+00 0.000000000000000000e+00 0.000000000000000000e+00 2.199413489736070379e-04 0.000000000000000000e+00 0.000000000000000000e+00 0.000000000000000000e+00 1.414027149321267095e-04 0.000000000000000000e+00 0.000000000000000000e+00 0.000000000000000000e+00 0.000000000000000000e+00 0.000000000000000000e+00 0.000000000000000000e+00 0.000000000000000000e+00 2.923121894182987299e-04 0.000000000000000000e+00 0.000000000000000000e+00 1.479071143321993801e-04 2.383790226460071558e-04 0.000000000000000000e+00 0.000000000000000000e+00 0.000000000000000000e+00 1.900418091980235621e-04 0.000000000000000000e+00 2.413127413127413184e-04 1.917913310318373522e-04 1.104484205875856027e-04 0.000000000000000000e+00 0.000000000000000000e+00 2.607278652906029354e-03 2.167613307059232733e-02 1.007353681877707214e-04 3.481222997673645569e-02 0.000000000000000000e+00 2.906976744186046471e-02 0.000000000000000000e+00 2.086230876216968021e-03 0.000000000000000000e+00 0.000000000000000000e+00 0.000000000000000000e+00 5.103342689461597050e-04 0.000000000000000000e+00 0.000000000000000000e+00 0.000000000000000000e+00 7.720517274657401514e-04 0.000000000000000000e+00 2.644103648863035429e-03 0.000000000000000000e+00 1.749562609347663118e-03 0.000000000000000000e+00 0.000000000000000000e+00 0.000000000000000000e+00 0.000000000000000000e+00 0.000000000000000000e+00 5.555555555555555768e-03 0.000000000000000000e+00 0.000000000000000000e+00 0.000000000000000000e+00 0.000000000000000000e+00 0.000000000000000000e+00 0.000000000000000000e+00 0.000000000000000000e+00 0.000000000000000000e+00 0.000000000000000000e+00 0.000000000000000000e+00 0.000000000000000000e+00 1.069518716577540132e-03 0.000000000000000000e+00 0.000000000000000000e+00 0.000000000000000000e+00 0.000000000000000000e+00 0.000000000000000000e+00 0.000000000000000000e+00 0.000000000000000000e+00 0.000000000000000000e+00
1.360812244279436256e-01 1.212304894681012204e-03 2.150325806940445450e-01 1.060766782845885825e-02 7.425367479921200428e-03 4.546143355053796037e-04 0.000000000000000000e+00 2.554027504911591390e-02 7.267267267267267516e-02 5.827505827505827501e-04 4.434513578549329621e-02 7.716371220020855348e-03 2.369991474850809965e-01 5.062436719541005790e-03 1.168614357262103519e-02 6.167129201356767992e-04 5.045651129264776789e-03 3.178758414360508423e-03 1.175742574257425746e-02 7.708728652751422987e-03 0.000000000000000000e+00 0.000000000000000000e+00 2.157404211253020204e-02 9.759271307742355822e-03 1.314924391847468836e-03 1.539250897896357129e-03 4.559963520291837602e-04 0.000000000000000000e+00 9.426987060998152229e-03 5.627462014631400868e-03 1.191658391261171852e-02 1.594533029612756406e-02 5.806887238352464661e-03 1.361038961038961090e-02 0.000000000000000000e+00 0.000000000000000000e+00 7.776049766718506982e-04 7.090522335145355622e-04 0.000000000000000000e+00 0.000000000000000000e+00 0.000000000000000000e+00 0.000000000000000000e+00 1.695777513990164595e-04 0.000000000000000000e+00 3.869220352099051884e-04 0.000000000000000000e+00 0.000000000000000000e+00 0.000000000000000000e+00 4.274857504749841712e-03 0.000000000000000000e+00 4.124400847174227759e-03 0.000000000000000000e+00 0.000000000000000000e+00 0.000000000000000000e+00 0.000000000000000000e+00 0.000000000000000000e+00 4.999166805532411374e-04 0.000000000000000000e+00 2.514420943647389245e-03 0.000000000000000000e+00 5.795475789867264929e-03 0.000000000000000000e+00 1.241310824230387310e-03 0.000000000000000000e+00 5.828220858895705701e-03 1.206563706563706592e-04 8.630609896432680714e-04 1.104484205875856027e-04 2.108814846056516167e-04 0.000000000000000000e+00 1.193916349809885924e-01 6.954909006607163605e-04 1.299486249622242365e-02 2.991026919242273374e-03 1.474926253687315614e-03 8.305647840531561656e-04 1.636390932292448516e-02 2.503477051460361626e-03 1.972386587771203254e-03 0.000000000000000000e+00 4.878048780487804874e-03 2.551671344730798525e-04 0.000000000000000000e+00 0.000000000000000000e+00 1.121531470559798856e-02 9.650646593321751893e-05 0.000000000000000000e+00 0.000000000000000000e+00 4.586048756939416216e-03 0.000000000000000000e+00 6.244146113019044975e-04 0.000000000000000000e+00 0.000000000000000000e+00 0.000000000000000000e+00 1.883239171374764516e-03 5.555555555555555768e-03 0.000000000000000000e+00 0.000000000000000000e+00 1.148105625717566044e-03 0.000000000000000000e+00 0.000000000000000000e+00 0.000000000000000000e+00 2.350176263219741458e-04 0.000000000000000000e+00 2.853881278538812627e-04 0.000000000000000000e+00 1.321003963011889047e-03 0.000000000000000000e+00 0.000000000000000000e+00 0.000000000000000000e+00 0.000000000000000000e+00 0.000000000000000000e+00 0.000000000000000000e+00 0.000000000000000000e+00 0.000000000000000000e+00 0.000000000000000000e+00
8.892565401716472431e-03 1.222210733119636072e-01 1.292524040947161564e-02 1.298728156343708084e-01 1.034019232757729277e-04 2.171440388791231590e-03 2.554027504911591390e-02 0.000000000000000000e+00 1.801801801801801830e-03 2.616550116550116489e-01 1.375042970092815384e-02 1.918665276329509783e-01 1.257459505541346986e-02 2.190347620654741756e-01 1.669449081803005058e-03 4.964539007092198808e-02 2.642960115329168712e-03 2.075542258788332095e-02 2.091584158415841707e-02 1.363851992409867257e-02 0.000000000000000000e+00 0.000000000000000000e+00 1.587849499482223148e-02 2.179570592062459247e-02 0.000000000000000000e+00 1.026167265264238014e-03 0.000000000000000000e+00 0.000000000000000000e+00 7.208872458410351194e-03 3.995498030388294763e-02 2.151605428666004613e-02 9.567198177676537393e-03 5.536799459824442646e-03 1.350649350649350648e-02 4.768717215069146202e-04 8.488964346349745210e-04 1.296008294453084497e-03 4.490664145592058488e-03 0.000000000000000000e+00 1.168907071887784850e-03 0.000000000000000000e+00 8.849557522123893682e-03 0.000000000000000000e+00 1.173020527859237536e-03 0.000000000000000000e+00 7.126168224299064997e-03 0.000000000000000000e+00 1.414027149321267095e-04 1.583280557314756200e-04 7.199499165275458946e-03 0.000000000000000000e+00 9.859575739468180028e-03 0.000000000000000000e+00 1.788908765652951654e-04 0.000000000000000000e+00 1.753873136509792379e-03 0.000000000000000000e+00 8.118640398354621743e-03 0.000000000000000000e+00 6.674612634088200255e-03 3.739016638624041732e-04 1.510029299075952257e-02 2.482621648460774512e-04 1.140250855188141427e-03 0.000000000000000000e+00 1.508204633204633140e-02 6.712696586114307463e-04 3.644797879390324850e-03 0.000000000000000000e+00 4.901960784313725422e-04 4.888647474198804660e-03 1.171902167613307066e-01 5.238239145764077460e-03 4.278830176138252034e-02 9.832841691248771481e-04 1.744186046511627883e-02 1.186008106890857304e-02 2.920723226703755143e-02 0.000000000000000000e+00 0.000000000000000000e+00 0.000000000000000000e+00 4.593008420515437562e-03 0.000000000000000000e+00 0.000000000000000000e+00 9.668374746205162689e-05 5.693881490059834322e-03 0.000000000000000000e+00 0.000000000000000000e+00 0.000000000000000000e+00 2.874281429642589532e-03 3.122073056509522488e-04 1.623376623376623484e-03 0.000000000000000000e+00 0.000000000000000000e+00 0.000000000000000000e+00 2.777777777777777624e-02 0.000000000000000000e+00 0.000000000000000000e+00 0.000000000000000000e+00 0.000000000000000000e+00 0.000000000000000000e+00 0.000000000000000000e+00 2.350176263219741458e-04 5.190311418685121482e-04 0.000000000000000000e+00 7.886435331230283669e-04 0.000000000000000000e+00 1.069518716577540132e-03 0.000000000000000000e+00 0.000000000000000000e+00 0.000000000000000000e+00 0.000000000000000000e+00 0.000000000000000000e+00 0.000000000000000000e+00 0.000000000000000000e+00 0.000000000000000000e+00
1.801801801801801830e-03 0.000000000000000000e+00 6.546546546546547218e-02 2.402402402402402295e-03 2.696696696696696538e-01 6.006006006006005737e-04 7.267267267267267516e-02 1.801801801801801830e-03 0.000000000000000000e+00 1.748251748251748250e-03 1.031282227569611494e-03 0.000000000000000000e+00 2.280477408354646129e-02 0.000000000000000000e+00 2.342793544796883676e-01 6.167129201356767992e-04 4.805382027871215938e-04 0.000000000000000000e+00 6.188118811881188194e-04 0.000000000000000000e+00 0.000000000000000000e+00 0.000000000000000000e+00 3.279254401104591057e-03 3.253090435914118644e-04 1.314924391847468836e-03 3.078501795792714258e-03 2.279981760145918801e-03 0.000000000000000000e+00 1.127541589648798498e-02 0.000000000000000000e+00 5.627275736511089255e-03 4.783599088838268697e-03 1.350438892640107909e-04 1.038961038961039014e-04 4.768717215069146202e-04 0.000000000000000000e+00 2.592016588906168994e-04 0.000000000000000000e+00 0.000000000000000000e+00 0.000000000000000000e+00 0.000000000000000000e+00 0.000000000000000000e+00 0.000000000000000000e+00 0.000000000000000000e+00 0.000000000000000000e+00 0.000000000000000000e+00 4.163197335553705364e-04 0.000000000000000000e+00 0.000000000000000000e+00 0.000000000000000000e+00 2.229405863337420601e-04 0.000000000000000000e+00 0.000000000000000000e+00 0.000000000000000000e+00 0.000000000000000000e+00 0.000000000000000000e+00 3.332777870354941096e-04 0.000000000000000000e+00 0.000000000000000000e+00 2.383790226460071558e-04 1.682557487380818752e-03 0.000000000000000000e+00 2.482621648460774512e-04 0.000000000000000000e+00 3.067484662576687297e-04 0.000000000000000000e+00 0.000000000000000000e+00 0.000000000000000000e+00 0.000000000000000000e+00 0.000000000000000000e+00 7.713199348180336569e-03 2.318303002202387868e-04 1.470736375541452541e-02 0.000000000000000000e+00 5.899705014749262455e-03 0.000000000000000000e+00 4.653955862483110523e-03 1.390820584144645438e-04 0.000000000000000000e+00 0.000000000000000000e+00 5.853658536585365632e-04 0.000000000000000000e+00 0.000000000000000000e+00 0.000000000000000000e+00 8.701537271584646556e-04 0.000000000000000000e+00 0.000000000000000000e+00 0.000000000000000000e+00 2.413709872073376884e-04 0.000000000000000000e+00 0.000000000000000000e+00 0.000000000000000000e+00 0.000000000000000000e+00 0.000000000000000000e+00 0.000000000000000000e+00 0.000000000000000000e+00 0.000000000000000000e+00 0.000000000000000000e+00 1.148105625717566044e-03 0.000000000000000000e+00 0.000000000000000000e+00 0.000000000000000000e+00 2.350176263219741458e-04 0.000000000000000000e+00 0.000000000000000000e+00 0.000000000000000000e+00 0.000000000000000000e+00 0.000000000000000000e+00 0.000000000000000000e+00 0.000000000000000000e+00 0.000000000000000000e+00 0.000000000000000000e+00 0.000000000000000000e+00 0.000000000000000000e+00 0.000000000000000000e+00 0.000000000000000000e+00
0.000000000000000000e+00 6.410256410256410034e-03 5.244755244755244968e-03 3.146853146853147154e-02 5.827505827505827501e-04 1.847319347319347216e-01 5.827505827505827501e-04 2.616550116550116489e-01 1.748251748251748250e-03 0.000000000000000000e+00 0.000000000000000000e+00 1.668404588112617267e-03 6.393861892583120729e-04 2.024974687816402316e-02 5.564830272676683526e-04 1.066913351834720969e-01 0.000000000000000000e+00 0.000000000000000000e+00 0.000000000000000000e+00 2.371916508538899477e-04 0.000000000000000000e+00 0.000000000000000000e+00 6.903693476009664870e-04 6.506180871828237287e-04 0.000000000000000000e+00 2.103642893791687896e-02 4.559963520291837602e-04 2.699055330634277886e-03 1.848428835489833563e-04 7.315700619020821215e-03 2.317113538563389617e-03 2.961275626423690022e-03 0.000000000000000000e+00 1.038961038961039014e-04 0.000000000000000000e+00 0.000000000000000000e+00 0.000000000000000000e+00 0.000000000000000000e+00 0.000000000000000000e+00 0.000000000000000000e+00 0.000000000000000000e+00 0.000000000000000000e+00 0.000000000000000000e+00 7.331378299120234598e-05 1.934610176049525942e-04 4.672897196261682437e-04 0.000000000000000000e+00 0.000000000000000000e+00 0.000000000000000000e+00 5.217028380634390399e-04 0.000000000000000000e+00 2.987750224081266626e-04 0.000000000000000000e+00 1.788908765652951654e-04 0.000000000000000000e+00 0.000000000000000000e+00 0.000000000000000000e+00 3.247456159341848762e-04 0.000000000000000000e+00 2.383790226460071558e-04 0.000000000000000000e+00 6.761325219743069548e-04 0.000000000000000000e+00 5.701254275940707134e-04 0.000000000000000000e+00 9.652509652509652736e-04 0.000000000000000000e+00 3.313452617627567947e-04 0.000000000000000000e+00 0.000000000000000000e+00 0.000000000000000000e+00 4.288860554074417665e-03 0.000000000000000000e+00 1.221335992023928237e-02 0.000000000000000000e+00 8.305647840531562090e-03 0.000000000000000000e+00 2.920723226703755230e-03 0.000000000000000000e+00 0.000000000000000000e+00 0.000000000000000000e+00 1.275835672365399371e-03 0.000000000000000000e+00 0.000000000000000000e+00 0.000000000000000000e+00 1.158077591198610227e-03 0.000000000000000000e+00 0.000000000000000000e+00 0.000000000000000000e+00 6.248437890527368125e-04 0.000000000000000000e+00 0.000000000000000000e+00 0.000000000000000000e+00 0.000000000000000000e+00 0.000000000000000000e+00 1.111111111111111154e-02 0.000000000000000000e+00 0.000000000000000000e+00 0.000000000000000000e+00 0.000000000000000000e+00 0.000000000000000000e+00 0.000000000000000000e+00 0.000000000000000000e+00 1.730103806228373647e-04 0.000000000000000000e+00 0.000000000000000000e+00 0.000000000000000000e+00 1.069518716577540132e-03 0.000000000000000000e+00 0.000000000000000000e+00 0.000000000000000000e+00 0.000000000000000000e+00 0.000000000000000000e+00 0.000000000000000000e+00 0.000000000000000000e+00 0.000000000000000000e+00
1.811619113097284184e-01 1.031282227569611494e-03 5.431419731866620609e-02 4.812650395324853496e-03 6.875214850464077352e-04 0.000000000000000000e+00 4.434513578549329621e-02 1.375042970092815384e-02 1.031282227569611494e-03 0.000000000000000000e+00 0.000000000000000000e+00 2.294056308654848688e-03 1.536658141517476539e-01 8.437394532568343345e-04 5.008347245409014957e-03 0.000000000000000000e+00 2.258529553099471524e-02 1.121914734480179482e-03 1.670792079207920888e-02 2.253320683111954652e-03 0.000000000000000000e+00 0.000000000000000000e+00 3.624439074905074030e-03 1.626545217957059159e-03 0.000000000000000000e+00 0.000000000000000000e+00 0.000000000000000000e+00 0.000000000000000000e+00 4.879852125693160542e-02 5.627462014631401518e-04 1.986097318768619609e-03 2.050113895216401118e-03 7.697501688048616168e-03 3.636363636363636360e-03 9.537434430138292405e-04 0.000000000000000000e+00 0.000000000000000000e+00 0.000000000000000000e+00 0.000000000000000000e+00 0.000000000000000000e+00 0.000000000000000000e+00 0.000000000000000000e+00 0.000000000000000000e+00 0.000000000000000000e+00 0.000000000000000000e+00 0.000000000000000000e+00 0.000000000000000000e+00 0.000000000000000000e+00 3.166561114629512399e-04 0.000000000000000000e+00 5.016163192509196650e-03 0.000000000000000000e+00 0.000000000000000000e+00 0.000000000000000000e+00 0.000000000000000000e+00 0.000000000000000000e+00 3.666055657390434718e-03 0.000000000000000000e+00 7.395355716609969005e-04 2.383790226460071558e-04 1.682557487380818839e-02 0.000000000000000000e+00 3.972194637537239219e-03 0.000000000000000000e+00 7.361963190184049079e-03 0.000000000000000000e+00 1.150747986191024167e-03 0.000000000000000000e+00 4.217629692113032333e-04 0.000000000000000000e+00 2.639869636067354586e-02 2.318303002202387868e-04 4.432356200261912231e-03 8.308408109006314808e-04 1.474926253687315614e-03 0.000000000000000000e+00 7.956763248761447582e-03 6.954102920723226377e-04 0.000000000000000000e+00 0.000000000000000000e+00 2.146341463414634318e-03 0.000000000000000000e+00 0.000000000000000000e+00 0.000000000000000000e+00 3.383931161171806982e-03 0.000000000000000000e+00 0.000000000000000000e+00 0.000000000000000000e+00 1.206854936036688307e-03 1.249687578105473733e-04 0.000000000000000000e+00 0.000000000000000000e+00 0.000000000000000000e+00 0.000000000000000000e+00 0.000000000000000000e+00 0.000000000000000000e+00 0.000000000000000000e+00 0.000000000000000000e+00 0.000000000000000000e+00 0.000000000000000000e+00 0.000000000000000000e+00 0.000000000000000000e+00 0.000000000000000000e+00 0.000000000000000000e+00 0.000000000000000000e+00 0.000000000000000000e+00 0.000000000000000000e+00 0.000000000000000000e+00 0.000000000000000000e+00 0.000000000000000000e+00 0.000000000000000000e+00 0.000000000000000000e+00 0.000000000000000000e+00 0.000000000000000000e+00 0.000000000000000000e+00 0.000000000000000000e+00
1.042752867570385846e-03 7.758081334723671008e-02 2.502606882168926117e-03 4.296141814389989322e-02 0.000000000000000000e+00 0.000000000000000000e+00 7.716371220020855348e-03 1.918665276329509783e-01 0.000000000000000000e+00 1.668404588112617267e-03 2.294056308654848688e-03 0.000000000000000000e+00 1.065643648763853419e-03 2.462031724603442329e-01 0.000000000000000000e+00 5.550416281221091409e-03 0.000000000000000000e+00 4.338070306656693909e-02 2.351485148514851405e-03 1.067362428842504735e-02 0.000000000000000000e+00 0.000000000000000000e+00 1.725923369002416380e-03 9.108653220559531985e-03 0.000000000000000000e+00 0.000000000000000000e+00 0.000000000000000000e+00 0.000000000000000000e+00 3.696857670979667126e-04 7.203151378728193943e-02 2.317113538563389617e-03 2.050113895216401118e-03 8.102633355840648541e-04 8.519480519480518779e-03 0.000000000000000000e+00 8.488964346349745210e-04 2.592016588906168994e-04 9.454029780193807858e-04 0.000000000000000000e+00 0.000000000000000000e+00 0.000000000000000000e+00 0.000000000000000000e+00 0.000000000000000000e+00 1.466275659824046920e-04 0.000000000000000000e+00 1.752336448598130819e-03 0.000000000000000000e+00 2.828054298642534189e-04 0.000000000000000000e+00 1.252086811352253739e-03 1.114702931668710300e-04 2.763668957275171832e-03 0.000000000000000000e+00 1.788908765652951654e-04 0.000000000000000000e+00 1.753873136509792379e-03 1.666388935177470548e-04 4.546438623078588592e-03 0.000000000000000000e+00 1.668653158522050064e-03 0.000000000000000000e+00 4.958305161144917379e-03 0.000000000000000000e+00 4.370961611554541847e-03 0.000000000000000000e+00 9.411196911196911472e-03 9.589566551591867610e-05 1.214932626463441617e-03 0.000000000000000000e+00 0.000000000000000000e+00 8.690928843020097848e-04 2.098064216993161119e-02 4.029414727510828857e-04 1.229644400132934474e-02 0.000000000000000000e+00 3.322259136212624663e-03 2.251914127007956928e-03 6.397774687065368310e-03 0.000000000000000000e+00 0.000000000000000000e+00 0.000000000000000000e+00 8.165348303138555280e-03 0.000000000000000000e+00 0.000000000000000000e+00 0.000000000000000000e+00 1.071221771858714596e-02 0.000000000000000000e+00 5.288207297726070857e-04 0.000000000000000000e+00 5.748562859285179065e-03 3.122073056509522488e-04 3.246753246753246750e-04 0.000000000000000000e+00 0.000000000000000000e+00 0.000000000000000000e+00 0.000000000000000000e+00 0.000000000000000000e+00 0.000000000000000000e+00 0.000000000000000000e+00 0.000000000000000000e+00 0.000000000000000000e+00 0.000000000000000000e+00 0.000000000000000000e+00 0.000000000000000000e+00 0.000000000000000000e+00 5.257623554153522446e-04 0.000000000000000000e+00 0.000000000000000000e+00 0.000000000000000000e+00 0.000000000000000000e+00 0.000000000000000000e+00 0.000000000000000000e+00 0.000000000000000000e+00 0.000000000000000000e+00 0.000000000000000000e+00 0.000000000000000000e+00
3.154305200341005894e-02 0.000000000000000000e+00 8.184143222506394533e-02 5.115089514066496583e-03 5.328218243819266876e-03 0.000000000000000000e+00 2.369991474850809965e-01 1.257459505541346986e-02 2.280477408354646129e-02 6.393861892583120729e-04 1.536658141517476539e-01 1.065643648763853419e-03 0.000000000000000000e+00 3.881201484981437744e-03 2.309404563160823709e-01 0.000000000000000000e+00 1.201345506967804039e-03 1.869857890800299136e-04 6.806930693069306905e-03 1.185958254269449657e-03 0.000000000000000000e+00 0.000000000000000000e+00 2.813255091473938416e-02 5.855562784645412799e-03 0.000000000000000000e+00 1.539250897896357129e-03 0.000000000000000000e+00 6.747638326585694716e-04 4.639556377079482458e-02 9.379103357719002169e-04 2.350215160542866444e-02 1.503416856492027255e-02 4.726536124240378334e-03 2.597402597402597400e-03 4.768717215069146202e-04 0.000000000000000000e+00 1.555209953343701396e-03 0.000000000000000000e+00 0.000000000000000000e+00 0.000000000000000000e+00 0.000000000000000000e+00 0.000000000000000000e+00 0.000000000000000000e+00 0.000000000000000000e+00 0.000000000000000000e+00 0.000000000000000000e+00 2.081598667776852682e-04 0.000000000000000000e+00 4.749841671944268328e-04 0.000000000000000000e+00 4.570282019841711771e-03 0.000000000000000000e+00 0.000000000000000000e+00 0.000000000000000000e+00 7.526342197691921745e-04 0.000000000000000000e+00 1.166472254624229248e-03 0.000000000000000000e+00 8.874426859931962806e-04 0.000000000000000000e+00 1.028229575621611436e-02 0.000000000000000000e+00 2.234359483614697332e-03 0.000000000000000000e+00 8.282208588957055972e-03 0.000000000000000000e+00 6.712696586114307463e-04 1.104484205875856027e-04 2.108814846056516167e-04 0.000000000000000000e+00 3.432916892992938368e-02 4.636606004404775737e-04 2.034854437392968549e-02 1.163177135260883921e-03 3.933136676499508592e-03 0.000000000000000000e+00 2.116799279387479235e-02 9.735744089012517795e-04 0.000000000000000000e+00 0.000000000000000000e+00 3.121951219512195293e-03 0.000000000000000000e+00 0.000000000000000000e+00 0.000000000000000000e+00 6.091076090109252480e-03 9.650646593321751893e-05 0.000000000000000000e+00 0.000000000000000000e+00 1.689596910451363846e-03 0.000000000000000000e+00 3.122073056509522488e-04 9.740259740259740251e-04 0.000000000000000000e+00 0.000000000000000000e+00 0.000000000000000000e+00 5.555555555555555768e-03 0.000000000000000000e+00 0.000000000000000000e+00 0.000000000000000000e+00 0.000000000000000000e+00 0.000000000000000000e+00 0.000000000000000000e+00 2.350176263219741458e-04 1.730103806228373647e-04 0.000000000000000000e+00 5.257623554153522446e-04 0.000000000000000000e+00 0.000000000000000000e+00 0.000000000000000000e+00 0.000000000000000000e+00 0.000000000000000000e+00 0.000000000000000000e+00 6.134969325153374377e-03 0.000000000000000000e+00 0.000000000000000000e+00 0.000000000000000000e+00
