4.105017014429537259e-01 5.358769435867147823e-01 4.611253146543157211e-01 5.395818046606796203e-01 4.316350093378608088e-01 0.000000000000000000e+00 3.978690760190908282e-01 5.311507230527275913e-01 4.345705770495620901e-01 0.000000000000000000e+00 4.333969721310605427e-01 5.546346509145020365e-01 4.293527796627127358e-01 5.293199106524105746e-01 4.410161999819381951e-01 0.000000000000000000e+00 4.634709478416711437e-01 0.000000000000000000e+00 4.987342130969045773e-01 5.454325142827727291e-01 4.568256523809523517e-01 0.000000000000000000e+00 4.818889172794509346e-01 0.000000000000000000e+00 0.000000000000000000e+00 0.000000000000000000e+00 0.000000000000000000e+00 0.000000000000000000e+00 4.708810172233290348e-01 5.386698330243456789e-01 5.114957425008864744e-01 5.316287025208539241e-01 4.977283579995279150e-01 5.399958864990441754e-01 5.295955669182977887e-01 5.770822711156278206e-01 5.588060491539139640e-01 5.642713191887824831e-01 6.253183888888887987e-01 0.000000000000000000e+00 5.387869313393361947e-01 0.000000000000000000e+00 0.000000000000000000e+00 0.000000000000000000e+00 5.369160619469026674e-01 0.000000000000000000e+00 5.503658767123288387e-01 0.000000000000000000e+00 4.663703138458739628e-01 0.000000000000000000e+00 4.819461577299589683e-01 5.440171461988304591e-01 0.000000000000000000e+00 0.000000000000000000e+00 0.000000000000000000e+00 0.000000000000000000e+00 4.309366048250554138e-01 5.526516220121846512e-01 5.128370434573501502e-01 5.690031153848135181e-01 4.796736708586314957e-01 5.633981453944145734e-01 4.500530033915665640e-01 5.659695993904985123e-01 4.992077756070151251e-01 5.144699580838323349e-01 4.936494514411167156e-01 5.346237651230739685e-01 4.767570737727604979e-01 5.340562670154970215e-01 4.844479134136411291e-01 5.452696201532635234e-01 4.556910227478200848e-01 5.320163826807091656e-01 4.332558495409971622e-01 0.000000000000000000e+00 4.887490695368992832e-01 5.471362945701206959e-01 0.000000000000000000e+00 0.000000000000000000e+00 4.532555540910551684e-01 0.000000000000000000e+00 0.000000000000000000e+00 0.000000000000000000e+00 5.062169503167658346e-01 5.404678875739645783e-01 0.000000000000000000e+00 0.000000000000000000e+00 5.212824121533120580e-01 0.000000000000000000e+00 4.898833519285635818e-01 5.080232199439204122e-01 4.805251346241798949e-01 5.339222014339678468e-01 5.121314619383799949e-01 5.162415248012643954e-01 5.383248999999999951e-01 4.626922999999999453e-01 5.091612410583542525e-01 5.427357481481480672e-01 5.719264652777777957e-01 4.820242026143790603e-01 5.198900627491510607e-01 5.147774362801202930e-01 4.914143448275862247e-01 5.160790982142857697e-01 0.000000000000000000e+00 0.000000000000000000e+00 0.000000000000000000e+00 5.183784285714285733e-01 0.000000000000000000e+00 4.747579316239315395e-01 4.925732888888887939e-01 4.428423255813953574e-01 0.000000000000000000e+00 5.145930485436893687e-01
5.358769435867147823e-01 4.149262197446926259e-01 5.360355303226076451e-01 4.710611204313123745e-01 0.000000000000000000e+00 5.317484012307691632e-01 5.264186992450256009e-01 4.086763266359851876e-01 0.000000000000000000e+00 0.000000000000000000e+00 5.385489767427603658e-01 4.476837866368253982e-01 5.209770616778666152e-01 4.440383944986293629e-01 0.000000000000000000e+00 4.530481160483117442e-01 5.482052926699699791e-01 4.550664615708109317e-01 5.387086183062308464e-01 4.618745776182267004e-01 0.000000000000000000e+00 0.000000000000000000e+00 5.676887430651827993e-01 4.577366721231428404e-01 0.000000000000000000e+00 0.000000000000000000e+00 0.000000000000000000e+00 0.000000000000000000e+00 5.439200914956922039e-01 4.825393041412679440e-01 5.322252960816545864e-01 4.994287904887900198e-01 5.403655666541308245e-01 5.203179514395498417e-01 5.862245068031000095e-01 5.542226170212766201e-01 5.678258176656457712e-01 5.694940464726241380e-01 0.000000000000000000e+00 0.000000000000000000e+00 5.513905051546391656e-01 5.177431883466754314e-01 0.000000000000000000e+00 0.000000000000000000e+00 5.364090057142857360e-01 0.000000000000000000e+00 0.000000000000000000e+00 0.000000000000000000e+00 5.725158729281767389e-01 4.918529590163934762e-01 4.867613780487805020e-01 4.987006130810756610e-01 0.000000000000000000e+00 0.000000000000000000e+00 0.000000000000000000e+00 5.001299062499999781e-01 5.557778767693557498e-01 4.432293504402285977e-01 5.666736451636635863e-01 5.038753081426299296e-01 5.649782451273459571e-01 4.805188533653058092e-01 5.365651474474671945e-01 4.568809547090851297e-01 5.195651279953243940e-01 4.887537382321416324e-01 5.478220080081822596e-01 4.967165990538193188e-01 5.514873685038570450e-01 4.473935371257508065e-01 5.296086212001230864e-01 4.616437369652998668e-01 5.059923204560812238e-01 4.660142423219276742e-01 0.000000000000000000e+00 0.000000000000000000e+00 5.686256372645720480e-01 4.970496690215227553e-01 0.000000000000000000e+00 4.963881943354918058e-01 0.000000000000000000e+00 4.816116312978698799e-01 0.000000000000000000e+00 5.007628899473000050e-01 0.000000000000000000e+00 5.121086283200320111e-01 0.000000000000000000e+00 0.000000000000000000e+00 5.627527032967032383e-01 5.186467876310241198e-01 5.446422091972789037e-01 0.000000000000000000e+00 5.173071147540984072e-01 5.086501442137414397e-01 5.047150866708054462e-01 5.340274245633748196e-01 5.228682733274611083e-01 4.940781821620504055e-01 5.511623323261155560e-01 5.314289485508573163e-01 5.801202796179791843e-01 5.428309743589743164e-01 5.076691902949395097e-01 5.275819809118704740e-01 5.211179327592175836e-01 5.287191606089807205e-01 4.950950250000000219e-01 5.550704216818478365e-01 0.000000000000000000e+00 0.000000000000000000e+00 5.785590423728814713e-01 4.759672999999999821e-01 0.000000000000000000e+00 0.000000000000000000e+00 4.653620785714285280e-01 0.000000000000000000e+00
4.611253146543157211e-01 5.360355303226076451e-01 3.568669348362389915e-01 5.397927000503942585e-01 2.848665918802428254e-01 4.786359514089728040e-01 3.793360388366177061e-01 5.193413896230911764e-01 3.859050070433913682e-01 4.824558363336769462e-01 4.726774504925025933e-01 5.282861721965396162e-01 4.372910190657245955e-01 5.080087355993059273e-01 4.093102082687256615e-01 5.002238882216418769e-01 5.090922880699417785e-01 5.149074006215407229e-01 4.440681531413220862e-01 5.507951098957598601e-01 4.191877976758376367e-01 4.810512595731659125e-01 3.403785920594936121e-01 4.995561016588387360e-01 2.100247532094513814e-01 4.635318465082524653e-01 3.636746011809274259e-01 4.760594065468444769e-01 4.715072327634046712e-01 5.087978918192291866e-01 4.807899836513786496e-01 5.022275680034399281e-01 4.897114192499401608e-01 5.434732990099979677e-01 5.704192277227722041e-01 0.000000000000000000e+00 5.411860813528289738e-01 5.988988116883116053e-01 0.000000000000000000e+00 0.000000000000000000e+00 5.475611139304965569e-01 0.000000000000000000e+00 0.000000000000000000e+00 0.000000000000000000e+00 0.000000000000000000e+00 0.000000000000000000e+00 0.000000000000000000e+00 0.000000000000000000e+00 0.000000000000000000e+00 0.000000000000000000e+00 5.116379039601733902e-01 0.000000000000000000e+00 0.000000000000000000e+00 0.000000000000000000e+00 0.000000000000000000e+00 0.000000000000000000e+00 5.015608986950252923e-01 5.439529580093920291e-01 5.106301345325848784e-01 5.147979029292929498e-01 5.197761210463116566e-01 5.226070942760943083e-01 4.700018826006280293e-01 0.000000000000000000e+00 4.872510125587984353e-01 0.000000000000000000e+00 5.108015403343006966e-01 0.000000000000000000e+00 4.892133861805059158e-01 5.435109204218645518e-01 4.715528540720239636e-01 5.239497964202286528e-01 4.576435797673403805e-01 5.339956027090264623e-01 4.478306270402812039e-01 0.000000000000000000e+00 4.935628076953006982e-01 5.258560980974138488e-01 0.000000000000000000e+00 0.000000000000000000e+00 4.963791108246241035e-01 0.000000000000000000e+00 0.000000000000000000e+00 0.000000000000000000e+00 5.017984937764075060e-01 5.185428659793814843e-01 0.000000000000000000e+00 0.000000000000000000e+00 0.000000000000000000e+00 0.000000000000000000e+00 5.501287344696970116e-01 5.040067295152291793e-01 5.086000526315789250e-01 5.076849957151300385e-01 5.521897448979592449e-01 4.954716624293785676e-01 5.506650034420552675e-01 0.000000000000000000e+00 5.282201821194482116e-01 5.326085934962405677e-01 0.000000000000000000e+00 0.000000000000000000e+00 0.000000000000000000e+00 4.883255138121546102e-01 5.475295438596490261e-01 5.161336503496504191e-01 0.000000000000000000e+00 5.074545376000000330e-01 0.000000000000000000e+00 0.000000000000000000e+00 5.136167699115044005e-01 5.320769210526316018e-01 0.000000000000000000e+00 0.000000000000000000e+00 0.000000000000000000e+00 0.000000000000000000e+00
5.395818046606796203e-01 4.710611204313123745e-01 5.397927000503942585e-01 3.832277401780513348e-01 4.901103315751342837e-01 2.392464184007904449e-01 5.226271531609523180e-01 4.064098633123144899e-01 5.021436912171247657e-01 2.542374657196676546e-01 5.403167847657441847e-01 4.740527061275601195e-01 5.187543841165460634e-01 4.471071845067242645e-01 4.973182028983530456e-01 4.035834449662566992e-01 5.377704549206061557e-01 4.968206760806343492e-01 5.614285958837436086e-01 4.348499250158971430e-01 4.803194931472398177e-01 4.437478945601617264e-01 5.323225029628771976e-01 3.757414960014901495e-01 5.010927872819139761e-01 2.721129809381042652e-01 5.078293580723284295e-01 3.839518495947925603e-01 5.372930780518484495e-01 4.713972410555551384e-01 5.336068766320345436e-01 4.349081848259970240e-01 5.649077689132223634e-01 5.106286992418563875e-01 5.636564808816912908e-01 5.298336545454545021e-01 0.000000000000000000e+00 5.643102111304861834e-01 0.000000000000000000e+00 0.000000000000000000e+00 0.000000000000000000e+00 5.986238499999998464e-01 0.000000000000000000e+00 0.000000000000000000e+00 0.000000000000000000e+00 5.635272451372996816e-01 0.000000000000000000e+00 0.000000000000000000e+00 0.000000000000000000e+00 4.528541555555555820e-01 0.000000000000000000e+00 0.000000000000000000e+00 0.000000000000000000e+00 0.000000000000000000e+00 0.000000000000000000e+00 0.000000000000000000e+00 5.335037510111207970e-01 5.056248230317750281e-01 5.479236075411203499e-01 5.223919606397898763e-01 0.000000000000000000e+00 5.148351974231644146e-01 0.000000000000000000e+00 4.895707349964069088e-01 0.000000000000000000e+00 5.065606774193548434e-01 5.348697409303712069e-01 5.303251960207953086e-01 5.620251936403862780e-01 4.951263615271851992e-01 5.451980693652318521e-01 4.702786627133227482e-01 5.287647853352682725e-01 4.663758782001117820e-01 0.000000000000000000e+00 0.000000000000000000e+00 5.526800541911403020e-01 5.071166274723776235e-01 0.000000000000000000e+00 0.000000000000000000e+00 5.623150194174756367e-01 4.712848245970669425e-01 0.000000000000000000e+00 4.919159734630310088e-01 0.000000000000000000e+00 5.006187356227106422e-01 0.000000000000000000e+00 0.000000000000000000e+00 0.000000000000000000e+00 5.469368333333332055e-01 5.257238904109589051e-01 0.000000000000000000e+00 5.127257445255474222e-01 5.347477720588236227e-01 0.000000000000000000e+00 5.271129599458511672e-01 0.000000000000000000e+00 0.000000000000000000e+00 0.000000000000000000e+00 0.000000000000000000e+00 0.000000000000000000e+00 0.000000000000000000e+00 0.000000000000000000e+00 0.000000000000000000e+00 0.000000000000000000e+00 5.219877476635514935e-01 0.000000000000000000e+00 0.000000000000000000e+00 0.000000000000000000e+00 0.000000000000000000e+00 5.349439487179488140e-01 0.000000000000000000e+00 0.000000000000000000e+00 0.000000000000000000e+00 0.000000000000000000e+00 0.000000000000000000e+00
4.316350093378608088e-01 0.000000000000000000e+00 2.848665918802428254e-01 4.901103315751342837e-01 2.562894995271587928e-01 4.554935791923522825e-01 3.782046173204698380e-01 5.002751313441691217e-01 2.846084529884881364e-01 4.642021394808213408e-01 0.000000000000000000e+00 4.572517894736842226e-01 3.950618509291214941e-01 4.813351692678981553e-01 3.064445127567461125e-01 4.589382491133860431e-01 4.680493392857142942e-01 0.000000000000000000e+00 5.009155922330098543e-01 0.000000000000000000e+00 3.660142075732412126e-01 4.532419651749446388e-01 2.512930300981178755e-01 4.952729827322376877e-01 2.509576192514866300e-01 4.800001756730746805e-01 2.721456254677570574e-01 4.418675010900333100e-01 3.829571155238977176e-01 5.209233026315790438e-01 3.765010159353322505e-01 4.596603590410659468e-01 4.062733645818152883e-01 4.854342643678159486e-01 0.000000000000000000e+00 0.000000000000000000e+00 0.000000000000000000e+00 0.000000000000000000e+00 0.000000000000000000e+00 0.000000000000000000e+00 3.708152903225805930e-01 0.000000000000000000e+00 0.000000000000000000e+00 0.000000000000000000e+00 0.000000000000000000e+00 0.000000000000000000e+00 0.000000000000000000e+00 0.000000000000000000e+00 0.000000000000000000e+00 0.000000000000000000e+00 0.000000000000000000e+00 0.000000000000000000e+00 0.000000000000000000e+00 0.000000000000000000e+00 0.000000000000000000e+00 0.000000000000000000e+00 4.777246712418301011e-01 5.530740647058823845e-01 0.000000000000000000e+00 0.000000000000000000e+00 0.000000000000000000e+00 0.000000000000000000e+00 0.000000000000000000e+00 0.000000000000000000e+00 0.000000000000000000e+00 0.000000000000000000e+00 0.000000000000000000e+00 0.000000000000000000e+00 0.000000000000000000e+00 0.000000000000000000e+00 3.702405349510738408e-01 4.850559188562779123e-01 3.892903110201068051e-01 0.000000000000000000e+00 4.179995888657963010e-01 0.000000000000000000e+00 4.354707218580823880e-01 0.000000000000000000e+00 0.000000000000000000e+00 0.000000000000000000e+00 0.000000000000000000e+00 5.344005909090908668e-01 0.000000000000000000e+00 0.000000000000000000e+00 0.000000000000000000e+00 0.000000000000000000e+00 0.000000000000000000e+00 0.000000000000000000e+00 0.000000000000000000e+00 0.000000000000000000e+00 0.000000000000000000e+00 0.000000000000000000e+00 0.000000000000000000e+00 0.000000000000000000e+00 0.000000000000000000e+00 4.937800655737704658e-01 5.170908175182482580e-01 0.000000000000000000e+00 0.000000000000000000e+00 0.000000000000000000e+00 0.000000000000000000e+00 0.000000000000000000e+00 0.000000000000000000e+00 0.000000000000000000e+00 4.771631016949151594e-01 0.000000000000000000e+00 0.000000000000000000e+00 0.000000000000000000e+00 0.000000000000000000e+00 0.000000000000000000e+00 0.000000000000000000e+00 0.000000000000000000e+00 0.000000000000000000e+00 0.000000000000000000e+00 0.000000000000000000e+00 0.000000000000000000e+00
0.000000000000000000e+00 5.317484012307691632e-01 4.786359514089728040e-01 2.392464184007904449e-01 4.554935791923522825e-01 2.726573023194022727e-01 4.791632994565161452e-01 3.266675255190154004e-01 4.659364219747220703e-01 2.644854841331830131e-01 0.000000000000000000e+00 4.263474133333333138e-01 4.504802774038461077e-01 4.229415488412546220e-01 4.756792626939559954e-01 3.502507196490430297e-01 0.000000000000000000e+00 0.000000000000000000e+00 0.000000000000000000e+00 5.022771647058823508e-01 4.638315474162316154e-01 3.578421987676581040e-01 4.952720005711038209e-01 2.265677772675322166e-01 4.713008293857156583e-01 3.155913283498166799e-01 4.662827491334678998e-01 2.756136311082929002e-01 4.657043292682926383e-01 3.968268282068796449e-01 4.715724630283015806e-01 3.782920892394782686e-01 5.223778227848100419e-01 0.000000000000000000e+00 0.000000000000000000e+00 0.000000000000000000e+00 0.000000000000000000e+00 4.970137669902913169e-01 0.000000000000000000e+00 0.000000000000000000e+00 0.000000000000000000e+00 0.000000000000000000e+00 0.000000000000000000e+00 0.000000000000000000e+00 0.000000000000000000e+00 0.000000000000000000e+00 0.000000000000000000e+00 0.000000000000000000e+00 0.000000000000000000e+00 0.000000000000000000e+00 0.000000000000000000e+00 0.000000000000000000e+00 0.000000000000000000e+00 0.000000000000000000e+00 0.000000000000000000e+00 0.000000000000000000e+00 0.000000000000000000e+00 5.083289842424623117e-01 0.000000000000000000e+00 5.370293870967741690e-01 0.000000000000000000e+00 4.866290260869564621e-01 0.000000000000000000e+00 4.273875982905983584e-01 0.000000000000000000e+00 0.000000000000000000e+00 0.000000000000000000e+00 0.000000000000000000e+00 0.000000000000000000e+00 0.000000000000000000e+00 4.987322205645053352e-01 3.711552473616342440e-01 4.892577513591572780e-01 3.846160465751521373e-01 0.000000000000000000e+00 3.789750192307692056e-01 0.000000000000000000e+00 4.584435644116520159e-01 0.000000000000000000e+00 0.000000000000000000e+00 0.000000000000000000e+00 4.463779571428571624e-01 0.000000000000000000e+00 3.519052250288841610e-01 5.426426492146596559e-01 0.000000000000000000e+00 0.000000000000000000e+00 4.735141184210527321e-01 0.000000000000000000e+00 0.000000000000000000e+00 0.000000000000000000e+00 0.000000000000000000e+00 0.000000000000000000e+00 0.000000000000000000e+00 5.061411443298968749e-01 0.000000000000000000e+00 0.000000000000000000e+00 0.000000000000000000e+00 0.000000000000000000e+00 0.000000000000000000e+00 0.000000000000000000e+00 0.000000000000000000e+00 0.000000000000000000e+00 0.000000000000000000e+00 0.000000000000000000e+00 0.000000000000000000e+00 0.000000000000000000e+00 0.000000000000000000e+00 0.000000000000000000e+00 0.000000000000000000e+00 0.000000000000000000e+00 0.000000000000000000e+00 0.000000000000000000e+00 0.000000000000000000e+00 0.000000000000000000e+00 0.000000000000000000e+00
3.978690760190908282e-01 5.264186992450256009e-01 3.793360388366177061e-01 5.226271531609523180e-01 3.782046173204698380e-01 4.791632994565161452e-01 3.609594978678294375e-01 5.169779929977056376e-01 3.771564879391155478e-01 4.812366387130653234e-01 4.348843621913773827e-01 5.355567402351745221e-01 3.798045840750626234e-01 5.021745955467818989e-01 4.195967192415024916e-01 5.044815106382978254e-01 4.587335992323831602e-01 5.438120143706237641e-01 4.805932866329700182e-01 5.324262691239264322e-01 0.000000000000000000e+00 4.675698065832256112e-01 4.373372342536490653e-01 5.055596266338069356e-01 3.511491548368277926e-01 4.705869440888792998e-01 3.412403333333333677e-01 4.619205904513177252e-01 4.488833080614782478e-01 5.324124921580568603e-01 4.670866125482549536e-01 5.016271930994166128e-01 4.693294919343489191e-01 5.205295045681895827e-01 0.000000000000000000e+00 0.000000000000000000e+00 5.127931846494240276e-01 5.648337551020408132e-01 0.000000000000000000e+00 0.000000000000000000e+00 4.910718339546960576e-01 0.000000000000000000e+00 0.000000000000000000e+00 0.000000000000000000e+00 0.000000000000000000e+00 0.000000000000000000e+00 0.000000000000000000e+00 0.000000000000000000e+00 4.758444246575342373e-01 0.000000000000000000e+00 4.970514622943497107e-01 0.000000000000000000e+00 0.000000000000000000e+00 0.000000000000000000e+00 0.000000000000000000e+00 0.000000000000000000e+00 4.487150673719532690e-01 5.121346673647185765e-01 4.991246563877277942e-01 5.210782916666666376e-01 4.806003384220001728e-01 5.580105112359551311e-01 4.964780142599464208e-01 5.692700062500000158e-01 4.870725116881888250e-01 0.000000000000000000e+00 4.801586933552077774e-01 0.000000000000000000e+00 4.811698876342362374e-01 5.504051799999999384e-01 4.378101733397398720e-01 5.089071247831752354e-01 4.501773548567052363e-01 5.132835483471687166e-01 4.352716046975386166e-01 0.000000000000000000e+00 4.716682403649255506e-01 5.356387483288641560e-01 5.097048942307692565e-01 0.000000000000000000e+00 4.557437884615384571e-01 0.000000000000000000e+00 4.793430000000000191e-01 0.000000000000000000e+00 4.912853046406081559e-01 0.000000000000000000e+00 0.000000000000000000e+00 0.000000000000000000e+00 4.909778425490196607e-01 0.000000000000000000e+00 4.722076554482759203e-01 4.937154060150375501e-01 0.000000000000000000e+00 5.321147507575757496e-01 5.244327683889997704e-01 5.097032259871397963e-01 5.042865387845645309e-01 0.000000000000000000e+00 5.750356228070175879e-01 5.573346322314048917e-01 0.000000000000000000e+00 0.000000000000000000e+00 0.000000000000000000e+00 0.000000000000000000e+00 5.021787960046661947e-01 0.000000000000000000e+00 4.844372689075629457e-01 0.000000000000000000e+00 0.000000000000000000e+00 0.000000000000000000e+00 0.000000000000000000e+00 0.000000000000000000e+00 0.000000000000000000e+00 0.000000000000000000e+00 0.000000000000000000e+00 0.000000000000000000e+00
5.311507230527275913e-01 4.086763266359851876e-01 5.193413896230911764e-01 4.064098633123144899e-01 5.002751313441691217e-01 3.266675255190154004e-01 5.169779929977056376e-01 3.578513375598125212e-01 4.860318161158783123e-01 3.064327542024961604e-01 5.480193624223341775e-01 4.237703124094137630e-01 5.028602913041916311e-01 3.788530912376119053e-01 4.584082407407407689e-01 3.694787514033472942e-01 5.476608232101566331e-01 4.821600493191444126e-01 5.518545072826578357e-01 4.852891722508841932e-01 5.097196935508935267e-01 3.891646315789473731e-01 5.194325908176290474e-01 4.399111611250527409e-01 5.138708131833189530e-01 3.563448439662011413e-01 5.253970982581536164e-01 3.602809598662206625e-01 5.208108313923600630e-01 4.623591237429989231e-01 5.243492255501879251e-01 4.449554829707106918e-01 5.366899460438212532e-01 4.422769329994128418e-01 0.000000000000000000e+00 0.000000000000000000e+00 5.805444083850932468e-01 5.613004656459621433e-01 5.494614205607477597e-01 0.000000000000000000e+00 0.000000000000000000e+00 5.600143157894736934e-01 0.000000000000000000e+00 0.000000000000000000e+00 0.000000000000000000e+00 5.571885309278350462e-01 0.000000000000000000e+00 0.000000000000000000e+00 0.000000000000000000e+00 0.000000000000000000e+00 0.000000000000000000e+00 5.307828425196852162e-01 0.000000000000000000e+00 0.000000000000000000e+00 0.000000000000000000e+00 0.000000000000000000e+00 5.640129924568845210e-01 4.705047864546877956e-01 5.322027668711657444e-01 4.959504896321792478e-01 5.534018440860214438e-01 4.798989747319323262e-01 0.000000000000000000e+00 4.726000819960418098e-01 0.000000000000000000e+00 5.247554597701149515e-01 5.358734937012462618e-01 4.838531117872392762e-01 5.431981532911812627e-01 4.643312064606595069e-01 5.214347288520134738e-01 4.468030214508050268e-01 5.328167614050118850e-01 4.622909822613829323e-01 0.000000000000000000e+00 0.000000000000000000e+00 5.069499233766233681e-01 5.006344652168904785e-01 0.000000000000000000e+00 0.000000000000000000e+00 0.000000000000000000e+00 4.655429447847376778e-01 0.000000000000000000e+00 4.966026484386531492e-01 0.000000000000000000e+00 5.044652919539529545e-01 0.000000000000000000e+00 0.000000000000000000e+00 0.000000000000000000e+00 0.000000000000000000e+00 0.000000000000000000e+00 5.237646025925926097e-01 0.000000000000000000e+00 5.482524402985073930e-01 5.311724087348410617e-01 4.913060291876534258e-01 5.437949620535713624e-01 0.000000000000000000e+00 0.000000000000000000e+00 0.000000000000000000e+00 0.000000000000000000e+00 0.000000000000000000e+00 5.487347019429265060e-01 0.000000000000000000e+00 0.000000000000000000e+00 0.000000000000000000e+00 0.000000000000000000e+00 0.000000000000000000e+00 0.000000000000000000e+00 0.000000000000000000e+00 0.000000000000000000e+00 0.000000000000000000e+00 0.000000000000000000e+00 0.000000000000000000e+00 0.000000000000000000e+00 0.000000000000000000e+00
4.345705770495620901e-01 0.000000000000000000e+00 3.859050070433913682e-01 5.021436912171247657e-01 2.846084529884881364e-01 4.659364219747220703e-01 3.771564879391155478e-01 4.860318161158783123e-01 2.805092696422329945e-01 4.798703006991820175e-01 4.512077551020408639e-01 4.692938933333332674e-01 3.402639160448525102e-01 5.050045359873933659e-01 3.386825532674370698e-01 4.805459871088434420e-01 4.170585081967212449e-01 0.000000000000000000e+00 4.662480708512380390e-01 0.000000000000000000e+00 4.028965293183617291e-01 4.368080001373829124e-01 3.859478331823086306e-01 4.788231596785312849e-01 3.211414953212954893e-01 4.784582946557810468e-01 2.458802966730825323e-01 4.484803349771637193e-01 4.062109041876348359e-01 5.230444486489572720e-01 4.137126027139379492e-01 4.701947273217352841e-01 4.410511172769513988e-01 4.851373554967026158e-01 5.040055752212390106e-01 0.000000000000000000e+00 4.868973911712423108e-01 0.000000000000000000e+00 0.000000000000000000e+00 0.000000000000000000e+00 0.000000000000000000e+00 0.000000000000000000e+00 0.000000000000000000e+00 0.000000000000000000e+00 0.000000000000000000e+00 0.000000000000000000e+00 0.000000000000000000e+00 0.000000000000000000e+00 0.000000000000000000e+00 0.000000000000000000e+00 4.830813404255318022e-01 0.000000000000000000e+00 0.000000000000000000e+00 0.000000000000000000e+00 0.000000000000000000e+00 0.000000000000000000e+00 4.752458732721024370e-01 5.373549518680119652e-01 5.002195685093637767e-01 0.000000000000000000e+00 4.957362090909090413e-01 0.000000000000000000e+00 4.649822675496689262e-01 0.000000000000000000e+00 4.761799696969697404e-01 0.000000000000000000e+00 4.766059544501468070e-01 0.000000000000000000e+00 5.005709066666665930e-01 0.000000000000000000e+00 4.001102734045967058e-01 4.974424609031747879e-01 4.148262072255507471e-01 4.904515829545454397e-01 4.253159671106948037e-01 0.000000000000000000e+00 4.539351933000684847e-01 4.995068976377952108e-01 0.000000000000000000e+00 0.000000000000000000e+00 0.000000000000000000e+00 0.000000000000000000e+00 3.558503513513513461e-01 0.000000000000000000e+00 5.221317054794520907e-01 0.000000000000000000e+00 0.000000000000000000e+00 0.000000000000000000e+00 0.000000000000000000e+00 0.000000000000000000e+00 0.000000000000000000e+00 0.000000000000000000e+00 4.610251167883210877e-01 0.000000000000000000e+00 4.400403301886792740e-01 0.000000000000000000e+00 4.987904019773760078e-01 0.000000000000000000e+00 0.000000000000000000e+00 0.000000000000000000e+00 0.000000000000000000e+00 0.000000000000000000e+00 0.000000000000000000e+00 0.000000000000000000e+00 0.000000000000000000e+00 0.000000000000000000e+00 0.000000000000000000e+00 0.000000000000000000e+00 0.000000000000000000e+00 0.000000000000000000e+00 0.000000000000000000e+00 0.000000000000000000e+00 0.000000000000000000e+00 0.000000000000000000e+00 0.000000000000000000e+00 0.000000000000000000e+00
0.000000000000000000e+00 0.000000000000000000e+00 4.824558363336769462e-01 2.542374657196676546e-01 4.642021394808213408e-01 2.644854841331830131e-01 4.812366387130653234e-01 3.064327542024961604e-01 4.798703006991820175e-01 2.923126781608725855e-01 0.000000000000000000e+00 4.183948113207547337e-01 4.906778603448275211e-01 3.755870244687560255e-01 5.276372121212120625e-01 3.473250411105067159e-01 0.000000000000000000e+00 0.000000000000000000e+00 0.000000000000000000e+00 4.771207303370785802e-01 4.759158174042723566e-01 3.638185550215565778e-01 4.789047205103094673e-01 3.486987666399967711e-01 5.029528032363597134e-01 3.227622178295148081e-01 4.787739157241696075e-01 2.897960833917652690e-01 0.000000000000000000e+00 4.173714678984020154e-01 4.813078108042227465e-01 3.987825479646503468e-01 0.000000000000000000e+00 4.776333103448275885e-01 0.000000000000000000e+00 0.000000000000000000e+00 0.000000000000000000e+00 5.011205609756097523e-01 0.000000000000000000e+00 0.000000000000000000e+00 0.000000000000000000e+00 0.000000000000000000e+00 0.000000000000000000e+00 0.000000000000000000e+00 0.000000000000000000e+00 0.000000000000000000e+00 0.000000000000000000e+00 0.000000000000000000e+00 0.000000000000000000e+00 0.000000000000000000e+00 0.000000000000000000e+00 0.000000000000000000e+00 0.000000000000000000e+00 0.000000000000000000e+00 0.000000000000000000e+00 0.000000000000000000e+00 0.000000000000000000e+00 4.785264770161289927e-01 0.000000000000000000e+00 0.000000000000000000e+00 0.000000000000000000e+00 4.858023655172413191e-01 0.000000000000000000e+00 4.803502764227642330e-01 0.000000000000000000e+00 5.089206901408449557e-01 0.000000000000000000e+00 0.000000000000000000e+00 0.000000000000000000e+00 0.000000000000000000e+00 5.144436543270267670e-01 3.843005324795650823e-01 0.000000000000000000e+00 4.006043119117661533e-01 0.000000000000000000e+00 0.000000000000000000e+00 0.000000000000000000e+00 4.815562442650266339e-01 0.000000000000000000e+00 0.000000000000000000e+00 0.000000000000000000e+00 4.714121297216471440e-01 0.000000000000000000e+00 0.000000000000000000e+00 0.000000000000000000e+00 0.000000000000000000e+00 0.000000000000000000e+00 0.000000000000000000e+00 0.000000000000000000e+00 0.000000000000000000e+00 0.000000000000000000e+00 0.000000000000000000e+00 0.000000000000000000e+00 0.000000000000000000e+00 0.000000000000000000e+00 0.000000000000000000e+00 0.000000000000000000e+00 0.000000000000000000e+00 0.000000000000000000e+00 0.000000000000000000e+00 0.000000000000000000e+00 0.000000000000000000e+00 0.000000000000000000e+00 0.000000000000000000e+00 0.000000000000000000e+00 0.000000000000000000e+00 0.000000000000000000e+00 0.000000000000000000e+00 0.000000000000000000e+00 0.000000000000000000e+00 0.000000000000000000e+00 0.000000000000000000e+00 0.000000000000000000e+00 0.000000000000000000e+00 0.000000000000000000e+00 0.000000000000000000e+00
4.333969721310605427e-01 5.385489767427603658e-01 4.726774504925025933e-01 5.403167847657441847e-01 0.000000000000000000e+00 0.000000000000000000e+00 4.348843621913773827e-01 5.480193624223341775e-01 4.512077551020408639e-01 0.000000000000000000e+00 3.867473930911801694e-01 5.416264952656332232e-01 3.862654503381337534e-01 5.301317088297873292e-01 4.493822075713870268e-01 0.000000000000000000e+00 4.424241159271721791e-01 5.465580490196079166e-01 4.959565518788568439e-01 5.399320827926553656e-01 0.000000000000000000e+00 0.000000000000000000e+00 4.776587068958054738e-01 5.180813026975371605e-01 0.000000000000000000e+00 5.117083749999998821e-01 0.000000000000000000e+00 0.000000000000000000e+00 4.270491780930529280e-01 5.610695198537094530e-01 4.995307695473609755e-01 5.362694303159848408e-01 4.742837302710311564e-01 5.259428652349683597e-01 5.139747211538462368e-01 0.000000000000000000e+00 5.065258191029144985e-01 0.000000000000000000e+00 0.000000000000000000e+00 0.000000000000000000e+00 0.000000000000000000e+00 0.000000000000000000e+00 0.000000000000000000e+00 0.000000000000000000e+00 0.000000000000000000e+00 0.000000000000000000e+00 0.000000000000000000e+00 0.000000000000000000e+00 0.000000000000000000e+00 0.000000000000000000e+00 5.330322787698412723e-01 0.000000000000000000e+00 0.000000000000000000e+00 0.000000000000000000e+00 0.000000000000000000e+00 0.000000000000000000e+00 4.632671984307028534e-01 5.378347216494845373e-01 5.061385949238776938e-01 0.000000000000000000e+00 4.903655280307130937e-01 4.995058835616439374e-01 4.451753742857142981e-01 0.000000000000000000e+00 4.634370276925974252e-01 0.000000000000000000e+00 4.949149781270445470e-01 0.000000000000000000e+00 4.957154749389252046e-01 5.504605882352940904e-01 4.613520978546858387e-01 5.261155361231883987e-01 4.580862733698988221e-01 5.340399477196885458e-01 0.000000000000000000e+00 0.000000000000000000e+00 4.791428214795203089e-01 5.458914029411765512e-01 0.000000000000000000e+00 0.000000000000000000e+00 4.342245521439344613e-01 0.000000000000000000e+00 0.000000000000000000e+00 0.000000000000000000e+00 4.975844802637441333e-01 0.000000000000000000e+00 0.000000000000000000e+00 0.000000000000000000e+00 5.625051034482757562e-01 0.000000000000000000e+00 5.243525882992605691e-01 0.000000000000000000e+00 0.000000000000000000e+00 0.000000000000000000e+00 0.000000000000000000e+00 0.000000000000000000e+00 0.000000000000000000e+00 0.000000000000000000e+00 0.000000000000000000e+00 0.000000000000000000e+00 0.000000000000000000e+00 0.000000000000000000e+00 0.000000000000000000e+00 0.000000000000000000e+00 5.009514954128441167e-01 5.133558750000000170e-01 0.000000000000000000e+00 0.000000000000000000e+00 0.000000000000000000e+00 0.000000000000000000e+00 0.000000000000000000e+00 0.000000000000000000e+00 0.000000000000000000e+00 0.000000000000000000e+00 0.000000000000000000e+00 0.000000000000000000e+00
5.546346509145020365e-01 4.476837866368253982e-01 5.282861721965396162e-01 4.740527061275601195e-01 4.572517894736842226e-01 4.263474133333333138e-01 5.355567402351745221e-01 4.237703124094137630e-01 4.692938933333332674e-01 4.183948113207547337e-01 5.416264952656332232e-01 3.932202131626794106e-01 5.152300139835027659e-01 3.868155088166520539e-01 0.000000000000000000e+00 4.392745941976191615e-01 5.369937474747474848e-01 4.428337657058415422e-01 5.437322853482007279e-01 4.935494546932499560e-01 0.000000000000000000e+00 0.000000000000000000e+00 5.347274465479274763e-01 4.686137610684102950e-01 5.302920112359551519e-01 4.412108887254902467e-01 0.000000000000000000e+00 0.000000000000000000e+00 5.314940948656247111e-01 4.289671995118543579e-01 5.367699292843933767e-01 4.721749833139472496e-01 5.495076840458912315e-01 4.663430809824182233e-01 0.000000000000000000e+00 0.000000000000000000e+00 5.310407172354412175e-01 5.701501599908166407e-01 0.000000000000000000e+00 4.906653521126760897e-01 0.000000000000000000e+00 0.000000000000000000e+00 0.000000000000000000e+00 0.000000000000000000e+00 0.000000000000000000e+00 0.000000000000000000e+00 0.000000000000000000e+00 0.000000000000000000e+00 0.000000000000000000e+00 0.000000000000000000e+00 0.000000000000000000e+00 0.000000000000000000e+00 0.000000000000000000e+00 0.000000000000000000e+00 0.000000000000000000e+00 4.977939452054795377e-01 5.529979231838126896e-01 4.651444316568342785e-01 4.904958281249999774e-01 5.162072720790129576e-01 0.000000000000000000e+00 4.809476810664750079e-01 0.000000000000000000e+00 4.695401825848120603e-01 0.000000000000000000e+00 4.798331882409257454e-01 0.000000000000000000e+00 4.908547493333388911e-01 5.346438476190474853e-01 4.889601172906106186e-01 5.272586727068842016e-01 4.641674472374658356e-01 5.612324601778871935e-01 4.629248780117534712e-01 0.000000000000000000e+00 0.000000000000000000e+00 5.446291579199615818e-01 5.133442350230820184e-01 0.000000000000000000e+00 5.311873983739837657e-01 0.000000000000000000e+00 5.071107843169398999e-01 0.000000000000000000e+00 4.887430470697299856e-01 0.000000000000000000e+00 4.810672045454545964e-01 0.000000000000000000e+00 0.000000000000000000e+00 0.000000000000000000e+00 4.950941011235955314e-01 0.000000000000000000e+00 0.000000000000000000e+00 5.152083613445378463e-01 0.000000000000000000e+00 5.137832637362637067e-01 5.116896776861763474e-01 0.000000000000000000e+00 0.000000000000000000e+00 0.000000000000000000e+00 0.000000000000000000e+00 0.000000000000000000e+00 0.000000000000000000e+00 5.736787348484848614e-01 5.374630934959349071e-01 0.000000000000000000e+00 4.782795494505495126e-01 0.000000000000000000e+00 0.000000000000000000e+00 0.000000000000000000e+00 0.000000000000000000e+00 0.000000000000000000e+00 0.000000000000000000e+00 0.000000000000000000e+00 0.000000000000000000e+00 0.000000000000000000e+00 0.000000000000000000e+00
4.293527796627127358e-01 5.209770616778666152e-01 4.372910190657245955e-01 5.187543841165460634e-01 3.950618509291214941e-01 4.504802774038461077e-01 3.798045840750626234e-01 5.028602913041916311e-01 3.402639160448525102e-01 4.906778603448275211e-01 3.862654503381337534e-01 5.152300139835027659e-01 3.388647679996585893e-01 4.912483799448753574e-01 3.320412557680891275e-01 4.894163896842105288e-01 4.530716206079993258e-01 0.000000000000000000e+00 4.736812604658729442e-01 5.377252917375725527e-01 4.429832304235873930e-01 0.000000000000000000e+00 4.521392683780594002e-01 4.909269837126303826e-01 3.830953736492871409e-01 4.858049370508137343e-01 0.000000000000000000e+00 0.000000000000000000e+00 3.832743143640761074e-01 5.009642364420330285e-01 4.602498158925398819e-01 4.913981047593179996e-01 4.571842594661049142e-01 5.144000893567043375e-01 5.004733809523808086e-01 0.000000000000000000e+00 5.037906965437521922e-01 0.000000000000000000e+00 0.000000000000000000e+00 0.000000000000000000e+00 4.431701702127658349e-01 0.000000000000000000e+00 0.000000000000000000e+00 0.000000000000000000e+00 0.000000000000000000e+00 0.000000000000000000e+00 0.000000000000000000e+00 0.000000000000000000e+00 0.000000000000000000e+00 0.000000000000000000e+00 0.000000000000000000e+00 0.000000000000000000e+00 0.000000000000000000e+00 0.000000000000000000e+00 0.000000000000000000e+00 0.000000000000000000e+00 4.451232309308634227e-01 5.165078698113207967e-01 5.089362247579971577e-01 0.000000000000000000e+00 5.056639718964769381e-01 4.965932662721893598e-01 4.929348072115384838e-01 0.000000000000000000e+00 4.642529603960396933e-01 0.000000000000000000e+00 4.947471027535483845e-01 0.000000000000000000e+00 4.859466896633551358e-01 0.000000000000000000e+00 4.332573678998213329e-01 4.964286362785726991e-01 4.403389449462685179e-01 4.914188657373016467e-01 4.305744384300427274e-01 0.000000000000000000e+00 4.650139191240217351e-01 5.153378790322580283e-01 4.876937870370370298e-01 0.000000000000000000e+00 4.460253356190476137e-01 0.000000000000000000e+00 4.428530416666667247e-01 0.000000000000000000e+00 0.000000000000000000e+00 5.196679943502824361e-01 4.315126785714286650e-01 0.000000000000000000e+00 0.000000000000000000e+00 0.000000000000000000e+00 5.021135922480619573e-01 0.000000000000000000e+00 0.000000000000000000e+00 4.727248832673588974e-01 5.350224205607477801e-01 0.000000000000000000e+00 0.000000000000000000e+00 5.090909166666667263e-01 4.949753348909657347e-01 4.903354094488188708e-01 0.000000000000000000e+00 0.000000000000000000e+00 0.000000000000000000e+00 5.071079264705881107e-01 5.591991754385964297e-01 0.000000000000000000e+00 0.000000000000000000e+00 0.000000000000000000e+00 0.000000000000000000e+00 0.000000000000000000e+00 4.700373092783505791e-01 0.000000000000000000e+00 0.000000000000000000e+00 0.000000000000000000e+00 0.000000000000000000e+00 0.000000000000000000e+00
