2.612818250899970329e-01 4.648376442005637821e-01 3.900474690572586223e-01 4.772807350198292609e-01 3.556433619437269766e-01 0.000000000000000000e+00 3.100379985224828716e-01 4.399289220442215709e-01 3.922933617312245880e-01 0.000000000000000000e+00 3.078346863824682478e-01 4.350126384092097842e-01 3.774113950981850540e-01 0.000000000000000000e+00 3.917421493068556915e-01 0.000000000000000000e+00 3.087442026223823910e-01 4.595282518032011154e-01 4.053854737712728751e-01 4.846472123476441851e-01 0.000000000000000000e+00 0.000000000000000000e+00 4.012330098103784048e-01 0.000000000000000000e+00 3.404277222222222288e-01 0.000000000000000000e+00 0.000000000000000000e+00 4.283747581699345885e-01 3.831778210887781810e-01 4.662802554006956757e-01 0.000000000000000000e+00 0.000000000000000000e+00 4.644219152717753984e-01 4.762022138741215382e-01 0.000000000000000000e+00 4.803601071428570957e-01 4.788800805999809396e-01 5.079924750623799889e-01 5.343318947368420613e-01 4.814869789473684714e-01 4.407701858407079842e-01 0.000000000000000000e+00 4.144388031496062941e-01 0.000000000000000000e+00 4.908190638493153402e-01 4.442319289940828697e-01 0.000000000000000000e+00 0.000000000000000000e+00 4.585474127486215412e-01 5.076855018326003055e-01 4.225149309637679096e-01 4.414928757527492587e-01 4.158686263736263156e-01 0.000000000000000000e+00 4.069246985376711589e-01 0.000000000000000000e+00 2.981266906542072714e-01 4.603042582029380214e-01 4.399890449355717825e-01 5.464146687113855538e-01 4.133877870430605062e-01 4.840948428571427709e-01 3.748268769875696127e-01 4.835345381880780113e-01 4.339007575249275717e-01 0.000000000000000000e+00 4.522662943292600768e-01 5.063109248557602360e-01 3.839735223413316412e-01 4.928178069305416686e-01 3.356918194943824818e-01 4.724546663740178953e-01 3.776431440306415310e-01 4.443156319843233337e-01 3.804989291097031212e-01 0.000000000000000000e+00 3.989742315892264024e-01 4.536750540831265832e-01 0.000000000000000000e+00 0.000000000000000000e+00 3.993318265873471162e-01 0.000000000000000000e+00 0.000000000000000000e+00 0.000000000000000000e+00 4.286130154490084276e-01 0.000000000000000000e+00 4.146999795879102169e-01 0.000000000000000000e+00 4.292200622441945668e-01 0.000000000000000000e+00 4.631342860760124802e-01 4.799154026845637855e-01 0.000000000000000000e+00 0.000000000000000000e+00 4.392201785529953328e-01 0.000000000000000000e+00 4.727832874517927664e-01 0.000000000000000000e+00 4.009354420000000863e-01 0.000000000000000000e+00 0.000000000000000000e+00 0.000000000000000000e+00 4.424160072322230186e-01 4.780330906021897919e-01 4.393114016852920356e-01 0.000000000000000000e+00 4.302750638297873076e-01 0.000000000000000000e+00 0.000000000000000000e+00 0.000000000000000000e+00 0.000000000000000000e+00 0.000000000000000000e+00 0.000000000000000000e+00 0.000000000000000000e+00 0.000000000000000000e+00 0.000000000000000000e+00
4.648376442005637821e-01 3.073040855731407617e-01 4.732935872377868058e-01 3.498865012923313422e-01 0.000000000000000000e+00 3.948743151828901787e-01 4.559344529686831238e-01 3.155790021476768126e-01 0.000000000000000000e+00 3.936257118523148191e-01 0.000000000000000000e+00 3.644126880124990420e-01 4.169690450450451169e-01 3.773645652060929057e-01 0.000000000000000000e+00 3.871445973471318580e-01 4.941124345480006341e-01 3.606841939795994434e-01 4.894531883559718466e-01 3.802023773731634804e-01 0.000000000000000000e+00 0.000000000000000000e+00 4.472732147404275826e-01 4.103058908729315668e-01 0.000000000000000000e+00 0.000000000000000000e+00 0.000000000000000000e+00 3.888301315789473578e-01 4.319561411764706316e-01 4.191428750244413082e-01 4.353417999999999455e-01 4.011767687824198125e-01 4.838156180295544728e-01 4.370419743653114475e-01 5.134177428571428115e-01 4.502187014925373432e-01 5.341639518450438384e-01 5.047762177005579165e-01 0.000000000000000000e+00 4.678491858328811537e-01 0.000000000000000000e+00 3.584163561643835538e-01 0.000000000000000000e+00 4.629995052631579178e-01 0.000000000000000000e+00 4.241598194043007530e-01 0.000000000000000000e+00 0.000000000000000000e+00 0.000000000000000000e+00 4.384259632201225609e-01 4.525748803589875746e-01 4.193528591044606846e-01 0.000000000000000000e+00 4.086222712719298489e-01 0.000000000000000000e+00 4.248869403619093821e-01 4.524154323837397129e-01 3.373736876735885515e-01 4.778636949152542668e-01 4.331833802187473048e-01 0.000000000000000000e+00 4.047932135937911680e-01 4.910499475725725871e-01 3.898582774621383029e-01 0.000000000000000000e+00 4.221390755417562812e-01 4.820357552493594322e-01 4.398099390346943416e-01 5.116896684727614275e-01 3.463407388366623874e-01 4.514281578947368367e-01 3.777000082282784277e-01 4.855545897807865829e-01 4.103155670097187180e-01 0.000000000000000000e+00 4.205117407066986113e-01 4.639325503327059730e-01 4.058100940001362344e-01 0.000000000000000000e+00 0.000000000000000000e+00 0.000000000000000000e+00 4.414816409964994470e-01 0.000000000000000000e+00 0.000000000000000000e+00 0.000000000000000000e+00 4.329517104899995861e-01 0.000000000000000000e+00 0.000000000000000000e+00 0.000000000000000000e+00 4.297200223781378337e-01 0.000000000000000000e+00 4.409123232895573730e-01 0.000000000000000000e+00 0.000000000000000000e+00 4.526595583958438196e-01 0.000000000000000000e+00 0.000000000000000000e+00 0.000000000000000000e+00 0.000000000000000000e+00 0.000000000000000000e+00 0.000000000000000000e+00 0.000000000000000000e+00 0.000000000000000000e+00 4.137932500060363950e-01 4.397281105263158296e-01 0.000000000000000000e+00 0.000000000000000000e+00 4.735342056074767214e-01 4.788990505050504942e-01 0.000000000000000000e+00 4.680690444444444709e-01 0.000000000000000000e+00 0.000000000000000000e+00 4.040039393939393597e-01 0.000000000000000000e+00 0.000000000000000000e+00
3.900474690572586223e-01 4.732935872377868058e-01 2.641066617011997852e-01 4.306200070670329616e-01 1.473854327052787072e-01 4.348735319412400102e-01 3.242891902946054006e-01 4.241565955424483891e-01 2.489763422424882966e-01 4.370219529411764059e-01 4.131108581143797531e-01 4.237456836342102795e-01 3.340658752674451892e-01 4.204738457114366446e-01 3.496581954851061824e-01 4.242530520545759187e-01 4.025767155633465100e-01 4.561970924992397869e-01 2.958386509190413238e-01 5.189661637454673349e-01 0.000000000000000000e+00 0.000000000000000000e+00 2.581333096746640243e-01 4.367012988216654734e-01 3.579014903864070063e-01 0.000000000000000000e+00 3.456888173160173050e-01 0.000000000000000000e+00 3.852165383336257354e-01 4.591356970941641302e-01 3.866619349345402634e-01 4.210140332521724038e-01 4.209814872553907517e-01 4.842278590189116327e-01 4.533244847583859372e-01 5.318642582781457628e-01 4.464684872368756552e-01 5.279998072916666230e-01 0.000000000000000000e+00 4.873612038854002737e-01 0.000000000000000000e+00 0.000000000000000000e+00 4.879193932584269255e-01 0.000000000000000000e+00 4.794898537329536081e-01 0.000000000000000000e+00 4.277458084112148451e-01 0.000000000000000000e+00 4.767923434325677667e-01 4.979293453193706087e-01 4.256589908330898342e-01 0.000000000000000000e+00 3.683708593750000260e-01 0.000000000000000000e+00 4.146090582659054946e-01 0.000000000000000000e+00 4.197772304283682310e-01 4.810689861842105675e-01 4.746782844958614134e-01 4.941045000000000020e-01 4.219328018609696529e-01 0.000000000000000000e+00 3.834920209301811989e-01 4.559474939186199949e-01 4.403182148436092791e-01 5.178010263629282406e-01 4.665186469663808455e-01 5.141998929275990449e-01 4.317761441455976734e-01 0.000000000000000000e+00 3.658118469645282311e-01 4.458481116861229832e-01 3.679866509168697175e-01 4.433485854668313686e-01 3.524204752131745999e-01 4.879575090909090695e-01 4.004424283581978217e-01 4.297172134938929688e-01 4.247393193277311796e-01 0.000000000000000000e+00 4.004782517927490959e-01 0.000000000000000000e+00 0.000000000000000000e+00 0.000000000000000000e+00 3.917191325411436553e-01 4.440871414754098412e-01 3.991969621212121400e-01 0.000000000000000000e+00 3.869930922857168776e-01 0.000000000000000000e+00 4.278330310346948884e-01 0.000000000000000000e+00 4.299183589743589273e-01 0.000000000000000000e+00 4.184970834709473841e-01 0.000000000000000000e+00 4.108515241935483675e-01 0.000000000000000000e+00 4.439053821138211342e-01 0.000000000000000000e+00 0.000000000000000000e+00 0.000000000000000000e+00 4.361515868683440433e-01 4.131987898588453390e-01 4.405062114155170461e-01 0.000000000000000000e+00 0.000000000000000000e+00 0.000000000000000000e+00 0.000000000000000000e+00 0.000000000000000000e+00 0.000000000000000000e+00 0.000000000000000000e+00 0.000000000000000000e+00 0.000000000000000000e+00 0.000000000000000000e+00 0.000000000000000000e+00
4.772807350198292609e-01 3.498865012923313422e-01 4.306200070670329616e-01 2.568912028230824207e-01 4.564217448979591141e-01 4.193080847537855038e-01 4.239336415315275719e-01 3.532228232617230512e-01 4.416205639695807150e-01 3.074991631963407968e-01 4.341622811338594623e-01 3.876558844584095942e-01 4.228860226960595714e-01 3.538601733270522187e-01 4.344427778486911751e-01 3.376000107161876151e-01 4.381873519713260778e-01 4.134114582017084372e-01 5.083161142823506840e-01 2.971425092546313707e-01 0.000000000000000000e+00 0.000000000000000000e+00 4.206056327875521417e-01 2.355848617175305693e-01 4.178284074074074539e-01 2.495749188453159351e-01 4.320921344537815290e-01 2.653581176470588554e-01 5.144308461538461552e-01 4.125385234994695671e-01 3.934832251539825410e-01 3.059698745515362917e-01 4.853466249886992934e-01 4.367357078592216668e-01 0.000000000000000000e+00 4.857220879077073783e-01 0.000000000000000000e+00 4.806858246795333023e-01 0.000000000000000000e+00 4.812006521207937149e-01 0.000000000000000000e+00 4.458961101452464937e-01 0.000000000000000000e+00 4.161028539225303247e-01 0.000000000000000000e+00 4.584991382556987127e-01 0.000000000000000000e+00 3.830339837398373803e-01 4.688001142857142756e-01 4.660227658425904473e-01 5.212061439999999823e-01 4.108876732715661118e-01 0.000000000000000000e+00 4.253740995635569844e-01 0.000000000000000000e+00 3.725460802919708381e-01 4.871870999754935316e-01 4.248585281353534637e-01 0.000000000000000000e+00 4.593575101822811035e-01 0.000000000000000000e+00 3.551333095878136392e-01 4.892663888888889590e-01 4.076703333333333568e-01 0.000000000000000000e+00 4.361884408662002333e-01 4.970449129243737496e-01 4.628114031684321117e-01 5.534760926138617698e-01 4.234043928573104631e-01 4.197058802395209898e-01 3.612085613950169471e-01 0.000000000000000000e+00 3.831150619676028657e-01 0.000000000000000000e+00 3.499836637399272310e-01 4.165478190476190612e-01 4.083877656026573821e-01 0.000000000000000000e+00 0.000000000000000000e+00 0.000000000000000000e+00 4.350050022383860071e-01 0.000000000000000000e+00 0.000000000000000000e+00 0.000000000000000000e+00 4.036369945843082396e-01 0.000000000000000000e+00 0.000000000000000000e+00 0.000000000000000000e+00 4.216432566902188483e-01 0.000000000000000000e+00 3.928096571428571493e-01 0.000000000000000000e+00 0.000000000000000000e+00 4.522583790504565160e-01 0.000000000000000000e+00 0.000000000000000000e+00 0.000000000000000000e+00 0.000000000000000000e+00 4.248746982758621615e-01 0.000000000000000000e+00 0.000000000000000000e+00 4.114100521222014972e-01 4.298771926618816241e-01 4.466585000000000139e-01 0.000000000000000000e+00 0.000000000000000000e+00 4.519100141325535502e-01 0.000000000000000000e+00 0.000000000000000000e+00 0.000000000000000000e+00 0.000000000000000000e+00 0.000000000000000000e+00 0.000000000000000000e+00 0.000000000000000000e+00 0.000000000000000000e+00
3.556433619437269766e-01 0.000000000000000000e+00 1.473854327052787072e-01 4.564217448979591141e-01 2.356277545533017603e-01 4.229269130434782364e-01 3.181334744189442398e-01 4.218568484848484457e-01 2.316810960583031709e-01 0.000000000000000000e+00 0.000000000000000000e+00 0.000000000000000000e+00 3.135348791944968516e-01 0.000000000000000000e+00 2.998211262909114549e-01 4.084668448275862174e-01 0.000000000000000000e+00 0.000000000000000000e+00 3.755921927708423813e-01 0.000000000000000000e+00 3.257818345238094881e-01 0.000000000000000000e+00 2.761926327461950992e-01 4.236117844827587131e-01 2.829287877732148959e-01 0.000000000000000000e+00 2.481584359788849004e-01 0.000000000000000000e+00 3.367564597701149243e-01 0.000000000000000000e+00 3.798439191048972874e-01 3.857091477695200887e-01 3.906382382509647200e-01 0.000000000000000000e+00 0.000000000000000000e+00 0.000000000000000000e+00 4.097718703106091320e-01 0.000000000000000000e+00 0.000000000000000000e+00 0.000000000000000000e+00 0.000000000000000000e+00 0.000000000000000000e+00 4.812974883720930741e-01 0.000000000000000000e+00 4.749749782608695958e-01 0.000000000000000000e+00 4.419002023295944825e-01 0.000000000000000000e+00 4.836708592592593448e-01 0.000000000000000000e+00 4.212751249999999725e-01 0.000000000000000000e+00 0.000000000000000000e+00 0.000000000000000000e+00 4.690118832390381964e-01 0.000000000000000000e+00 0.000000000000000000e+00 0.000000000000000000e+00 0.000000000000000000e+00 0.000000000000000000e+00 4.023361730769230982e-01 0.000000000000000000e+00 0.000000000000000000e+00 0.000000000000000000e+00 3.973256414141413950e-01 0.000000000000000000e+00 4.302259705843757276e-01 0.000000000000000000e+00 3.856842320000000157e-01 0.000000000000000000e+00 3.505511453576874437e-01 0.000000000000000000e+00 3.188262078312694148e-01 0.000000000000000000e+00 1.699667916666666723e-01 0.000000000000000000e+00 3.650851836292244856e-01 3.732708307692307881e-01 0.000000000000000000e+00 0.000000000000000000e+00 3.967186568627451559e-01 0.000000000000000000e+00 4.046469963541666770e-01 0.000000000000000000e+00 4.109374692025006270e-01 0.000000000000000000e+00 0.000000000000000000e+00 0.000000000000000000e+00 4.088261065089348056e-01 0.000000000000000000e+00 4.036845702001769509e-01 4.215059473684211189e-01 0.000000000000000000e+00 0.000000000000000000e+00 3.900532655505744017e-01 0.000000000000000000e+00 0.000000000000000000e+00 0.000000000000000000e+00 0.000000000000000000e+00 0.000000000000000000e+00 0.000000000000000000e+00 0.000000000000000000e+00 0.000000000000000000e+00 0.000000000000000000e+00 0.000000000000000000e+00 0.000000000000000000e+00 0.000000000000000000e+00 0.000000000000000000e+00 0.000000000000000000e+00 0.000000000000000000e+00 0.000000000000000000e+00 0.000000000000000000e+00 0.000000000000000000e+00 0.000000000000000000e+00 0.000000000000000000e+00 0.000000000000000000e+00
0.000000000000000000e+00 3.948743151828901787e-01 4.348735319412400102e-01 4.193080847537855038e-01 4.229269130434782364e-01 2.027181776061599550e-01 0.000000000000000000e+00 3.231642317218960114e-01 4.578756374999999323e-01 2.568701214258340415e-01 0.000000000000000000e+00 3.221872361676326180e-01 4.304496184210526155e-01 4.180634036187025337e-01 0.000000000000000000e+00 2.923184239106070281e-01 0.000000000000000000e+00 3.893214567901234768e-01 0.000000000000000000e+00 0.000000000000000000e+00 3.564663645833333061e-01 1.933681874999999828e-01 3.993652773139342860e-01 1.632953056842540995e-01 4.180605946261228278e-01 1.682833940862585309e-01 3.781819676499940663e-01 2.552056895478354015e-01 0.000000000000000000e+00 0.000000000000000000e+00 3.918441180900665288e-01 3.526959240582202559e-01 0.000000000000000000e+00 4.206551167995747353e-01 0.000000000000000000e+00 0.000000000000000000e+00 0.000000000000000000e+00 4.186385016698495054e-01 0.000000000000000000e+00 0.000000000000000000e+00 0.000000000000000000e+00 0.000000000000000000e+00 0.000000000000000000e+00 0.000000000000000000e+00 0.000000000000000000e+00 0.000000000000000000e+00 0.000000000000000000e+00 4.909179322033898063e-01 0.000000000000000000e+00 3.557290597562291490e-01 0.000000000000000000e+00 3.522613496503496089e-01 0.000000000000000000e+00 0.000000000000000000e+00 0.000000000000000000e+00 4.025727288135593218e-01 0.000000000000000000e+00 3.545938196721311608e-01 0.000000000000000000e+00 3.550418738095237892e-01 0.000000000000000000e+00 0.000000000000000000e+00 0.000000000000000000e+00 4.292183714285714435e-01 0.000000000000000000e+00 0.000000000000000000e+00 0.000000000000000000e+00 3.872902470325888524e-01 0.000000000000000000e+00 3.946132887096773789e-01 4.001802576609848616e-01 3.277941582001570042e-01 0.000000000000000000e+00 3.399747000876798264e-01 0.000000000000000000e+00 3.224040601081249457e-01 4.282366249999999819e-01 3.571990427255028466e-01 0.000000000000000000e+00 0.000000000000000000e+00 0.000000000000000000e+00 3.820747064745196320e-01 0.000000000000000000e+00 0.000000000000000000e+00 0.000000000000000000e+00 4.001498200669892369e-01 0.000000000000000000e+00 0.000000000000000000e+00 0.000000000000000000e+00 4.137533738826941199e-01 0.000000000000000000e+00 0.000000000000000000e+00 0.000000000000000000e+00 0.000000000000000000e+00 4.021646847826086946e-01 0.000000000000000000e+00 0.000000000000000000e+00 0.000000000000000000e+00 0.000000000000000000e+00 0.000000000000000000e+00 0.000000000000000000e+00 0.000000000000000000e+00 0.000000000000000000e+00 3.584003199973978537e-01 0.000000000000000000e+00 0.000000000000000000e+00 0.000000000000000000e+00 0.000000000000000000e+00 0.000000000000000000e+00 0.000000000000000000e+00 0.000000000000000000e+00 0.000000000000000000e+00 0.000000000000000000e+00 0.000000000000000000e+00 0.000000000000000000e+00 0.000000000000000000e+00
3.100379985224828716e-01 4.559344529686831238e-01 3.242891902946054006e-01 4.239336415315275719e-01 3.181334744189442398e-01 0.000000000000000000e+00 2.667048298770459680e-01 4.140019356910683013e-01 3.123483759607036392e-01 4.473302012987013243e-01 3.691355254145736731e-01 4.177937804217110584e-01 2.842618332391462221e-01 4.134030475278698269e-01 3.539813756334458383e-01 4.153870705882353187e-01 3.751792595144142206e-01 4.369120586604387513e-01 3.905025469921825643e-01 4.485657909048798020e-01 0.000000000000000000e+00 0.000000000000000000e+00 3.566911121309815913e-01 4.222223512960497915e-01 3.531259300907028664e-01 0.000000000000000000e+00 0.000000000000000000e+00 0.000000000000000000e+00 3.425550849743025927e-01 4.313220922963747483e-01 3.508448855395455146e-01 4.301773248126611326e-01 3.918405990934769600e-01 4.415449961129308543e-01 0.000000000000000000e+00 0.000000000000000000e+00 4.312863612481033782e-01 4.759572897196260866e-01 0.000000000000000000e+00 4.898392021276596342e-01 0.000000000000000000e+00 0.000000000000000000e+00 4.532066917293232633e-01 0.000000000000000000e+00 4.766358549618320284e-01 0.000000000000000000e+00 0.000000000000000000e+00 0.000000000000000000e+00 4.107116977130574886e-01 0.000000000000000000e+00 3.994142657265994378e-01 0.000000000000000000e+00 0.000000000000000000e+00 0.000000000000000000e+00 4.120803720930232839e-01 0.000000000000000000e+00 3.884109527623649250e-01 0.000000000000000000e+00 4.296277954255529052e-01 4.515948145695364846e-01 4.047548436835212704e-01 0.000000000000000000e+00 3.796298922294958356e-01 4.549740624999999983e-01 4.110537796514303066e-01 0.000000000000000000e+00 4.074225406510319503e-01 4.789968267716535610e-01 3.917295857500895373e-01 0.000000000000000000e+00 2.993838533479898922e-01 4.483101052104827566e-01 3.422829517670964994e-01 4.201847385432854187e-01 3.338175972543973025e-01 0.000000000000000000e+00 3.705375525280667492e-01 4.170983804325285038e-01 0.000000000000000000e+00 0.000000000000000000e+00 3.810844485090374434e-01 0.000000000000000000e+00 0.000000000000000000e+00 0.000000000000000000e+00 4.048115790881710030e-01 0.000000000000000000e+00 0.000000000000000000e+00 0.000000000000000000e+00 4.038837876443401864e-01 0.000000000000000000e+00 0.000000000000000000e+00 0.000000000000000000e+00 0.000000000000000000e+00 0.000000000000000000e+00 4.403093023255812977e-01 0.000000000000000000e+00 0.000000000000000000e+00 0.000000000000000000e+00 4.019402307692306886e-01 0.000000000000000000e+00 0.000000000000000000e+00 0.000000000000000000e+00 0.000000000000000000e+00 4.113033354430379873e-01 4.434542083333333218e-01 0.000000000000000000e+00 0.000000000000000000e+00 0.000000000000000000e+00 0.000000000000000000e+00 0.000000000000000000e+00 0.000000000000000000e+00 0.000000000000000000e+00 0.000000000000000000e+00 0.000000000000000000e+00 0.000000000000000000e+00 0.000000000000000000e+00
4.399289220442215709e-01 3.155790021476768126e-01 4.241565955424483891e-01 3.532228232617230512e-01 4.218568484848484457e-01 3.231642317218960114e-01 4.140019356910683013e-01 2.757721777849074241e-01 3.990974188712521631e-01 3.275660549540458377e-01 4.210843161900297282e-01 2.932129952490882263e-01 4.088245370838330950e-01 2.739064425018999938e-01 0.000000000000000000e+00 3.337853483079060157e-01 4.277990050734514216e-01 4.012256327400058886e-01 4.422487211179256250e-01 3.943377895927528409e-01 0.000000000000000000e+00 0.000000000000000000e+00 4.155502788700282668e-01 3.001022404970384860e-01 4.146657572815533599e-01 0.000000000000000000e+00 3.853500879120880240e-01 0.000000000000000000e+00 4.475854023809523463e-01 3.822698527555194459e-01 3.799774262302134109e-01 3.578550139620249038e-01 4.443506953092625222e-01 3.875514844131781600e-01 0.000000000000000000e+00 4.395209230769230868e-01 0.000000000000000000e+00 4.501135281516245312e-01 0.000000000000000000e+00 4.821056911764705633e-01 0.000000000000000000e+00 0.000000000000000000e+00 0.000000000000000000e+00 3.972951070998377854e-01 0.000000000000000000e+00 3.973834170527330012e-01 0.000000000000000000e+00 4.236609262295081835e-01 4.811495545454544942e-01 3.882160717802602412e-01 0.000000000000000000e+00 3.867383442725295106e-01 0.000000000000000000e+00 3.768639623642439651e-01 0.000000000000000000e+00 3.815852618355040637e-01 0.000000000000000000e+00 3.881603594372445842e-01 4.736862180555555524e-01 4.099440499803775340e-01 0.000000000000000000e+00 3.911647492258182868e-01 0.000000000000000000e+00 3.921331218082334535e-01 0.000000000000000000e+00 4.030536922664872956e-01 4.712755883084577269e-01 4.336761282025705100e-01 0.000000000000000000e+00 4.579727160342160208e-01 4.461721117719442686e-01 3.057976114340389961e-01 3.841122564102564807e-01 3.585769928845800036e-01 0.000000000000000000e+00 3.583486282051282501e-01 3.977600098533727313e-01 3.646201596066929174e-01 0.000000000000000000e+00 0.000000000000000000e+00 0.000000000000000000e+00 4.024557078486801220e-01 0.000000000000000000e+00 0.000000000000000000e+00 0.000000000000000000e+00 4.077584583149477249e-01 0.000000000000000000e+00 0.000000000000000000e+00 4.175693246073298726e-01 3.901379699437207971e-01 0.000000000000000000e+00 0.000000000000000000e+00 0.000000000000000000e+00 0.000000000000000000e+00 4.219459431818181616e-01 0.000000000000000000e+00 0.000000000000000000e+00 0.000000000000000000e+00 0.000000000000000000e+00 0.000000000000000000e+00 0.000000000000000000e+00 0.000000000000000000e+00 0.000000000000000000e+00 3.762462790697674309e-01 0.000000000000000000e+00 0.000000000000000000e+00 0.000000000000000000e+00 0.000000000000000000e+00 0.000000000000000000e+00 0.000000000000000000e+00 0.000000000000000000e+00 0.000000000000000000e+00 0.000000000000000000e+00 0.000000000000000000e+00 0.000000000000000000e+00 0.000000000000000000e+00
3.922933617312245880e-01 0.000000000000000000e+00 2.489763422424882966e-01 4.416205639695807150e-01 2.316810960583031709e-01 4.578756374999999323e-01 3.123483759607036392e-01 3.990974188712521631e-01 2.367763803934836153e-01 0.000000000000000000e+00 3.674318710888609951e-01 0.000000000000000000e+00 3.247841599389103551e-01 4.059930098039215562e-01 2.773213362239485003e-01 0.000000000000000000e+00 3.549612615384615255e-01 0.000000000000000000e+00 4.052035734431269631e-01 0.000000000000000000e+00 0.000000000000000000e+00 0.000000000000000000e+00 3.470597463988929210e-01 4.200453085432903078e-01 3.449905488431060929e-01 0.000000000000000000e+00 2.775240301191101433e-01 0.000000000000000000e+00 3.358590662802949933e-01 0.000000000000000000e+00 0.000000000000000000e+00 4.002349872032068823e-01 0.000000000000000000e+00 0.000000000000000000e+00 0.000000000000000000e+00 0.000000000000000000e+00 4.069539252747252367e-01 0.000000000000000000e+00 0.000000000000000000e+00 0.000000000000000000e+00 0.000000000000000000e+00 0.000000000000000000e+00 0.000000000000000000e+00 0.000000000000000000e+00 0.000000000000000000e+00 0.000000000000000000e+00 4.386381720388705663e-01 0.000000000000000000e+00 0.000000000000000000e+00 0.000000000000000000e+00 0.000000000000000000e+00 0.000000000000000000e+00 3.906332689075631137e-01 0.000000000000000000e+00 4.499902990654205404e-01 0.000000000000000000e+00 3.896320235955056388e-01 0.000000000000000000e+00 4.430651173630668627e-01 0.000000000000000000e+00 3.995236540133010883e-01 0.000000000000000000e+00 4.033289175268816584e-01 0.000000000000000000e+00 3.944927500000000586e-01 0.000000000000000000e+00 4.577025454545454730e-01 0.000000000000000000e+00 0.000000000000000000e+00 0.000000000000000000e+00 3.542126092203783938e-01 0.000000000000000000e+00 3.541268592860035702e-01 0.000000000000000000e+00 3.680349512926254785e-01 0.000000000000000000e+00 3.679367669642132910e-01 3.366046999999999789e-01 0.000000000000000000e+00 0.000000000000000000e+00 3.607490303030966294e-01 0.000000000000000000e+00 4.008523083060109293e-01 0.000000000000000000e+00 4.012213851809726117e-01 0.000000000000000000e+00 0.000000000000000000e+00 0.000000000000000000e+00 4.101872379693918269e-01 0.000000000000000000e+00 0.000000000000000000e+00 0.000000000000000000e+00 0.000000000000000000e+00 0.000000000000000000e+00 3.820784509915371441e-01 0.000000000000000000e+00 0.000000000000000000e+00 0.000000000000000000e+00 0.000000000000000000e+00 0.000000000000000000e+00 3.615480076335877979e-01 0.000000000000000000e+00 0.000000000000000000e+00 0.000000000000000000e+00 0.000000000000000000e+00 0.000000000000000000e+00 0.000000000000000000e+00 0.000000000000000000e+00 0.000000000000000000e+00 0.000000000000000000e+00 0.000000000000000000e+00 0.000000000000000000e+00 0.000000000000000000e+00 0.000000000000000000e+00 0.000000000000000000e+00 0.000000000000000000e+00
0.000000000000000000e+00 3.936257118523148191e-01 4.370219529411764059e-01 3.074991631963407968e-01 0.000000000000000000e+00 2.568701214258340415e-01 4.473302012987013243e-01 3.275660549540458377e-01 0.000000000000000000e+00 2.562506115956750263e-01 0.000000000000000000e+00 3.710373646394363178e-01 4.306281733384262900e-01 3.516622456974104471e-01 0.000000000000000000e+00 3.015033460811147314e-01 0.000000000000000000e+00 0.000000000000000000e+00 0.000000000000000000e+00 4.407130532368886966e-01 0.000000000000000000e+00 0.000000000000000000e+00 4.115954614838672754e-01 3.168248402248289297e-01 0.000000000000000000e+00 3.350195277777778258e-01 4.337882763157895338e-01 2.684535127272726918e-01 0.000000000000000000e+00 3.497581470588235764e-01 3.967947483120101704e-01 3.863986497835497635e-01 0.000000000000000000e+00 0.000000000000000000e+00 0.000000000000000000e+00 0.000000000000000000e+00 0.000000000000000000e+00 0.000000000000000000e+00 0.000000000000000000e+00 0.000000000000000000e+00 0.000000000000000000e+00 0.000000000000000000e+00 0.000000000000000000e+00 0.000000000000000000e+00 0.000000000000000000e+00 0.000000000000000000e+00 0.000000000000000000e+00 0.000000000000000000e+00 0.000000000000000000e+00 0.000000000000000000e+00 0.000000000000000000e+00 3.475083480769231015e-01 0.000000000000000000e+00 0.000000000000000000e+00 0.000000000000000000e+00 0.000000000000000000e+00 0.000000000000000000e+00 4.029465619989588410e-01 0.000000000000000000e+00 0.000000000000000000e+00 0.000000000000000000e+00 0.000000000000000000e+00 0.000000000000000000e+00 0.000000000000000000e+00 0.000000000000000000e+00 3.793460418132467704e-01 4.527174838709677740e-01 0.000000000000000000e+00 0.000000000000000000e+00 0.000000000000000000e+00 0.000000000000000000e+00 3.341977239723466497e-01 0.000000000000000000e+00 3.547178516027446604e-01 0.000000000000000000e+00 3.544786704037915515e-01 0.000000000000000000e+00 3.642652834685224938e-01 0.000000000000000000e+00 0.000000000000000000e+00 0.000000000000000000e+00 4.230407332864034031e-01 0.000000000000000000e+00 0.000000000000000000e+00 0.000000000000000000e+00 4.425375322421809532e-01 0.000000000000000000e+00 0.000000000000000000e+00 0.000000000000000000e+00 4.086627857142857145e-01 0.000000000000000000e+00 0.000000000000000000e+00 0.000000000000000000e+00 0.000000000000000000e+00 0.000000000000000000e+00 0.000000000000000000e+00 0.000000000000000000e+00 0.000000000000000000e+00 0.000000000000000000e+00 0.000000000000000000e+00 0.000000000000000000e+00 0.000000000000000000e+00 0.000000000000000000e+00 3.807743282313528765e-01 3.803472359550561510e-01 0.000000000000000000e+00 0.000000000000000000e+00 0.000000000000000000e+00 0.000000000000000000e+00 0.000000000000000000e+00 0.000000000000000000e+00 0.000000000000000000e+00 0.000000000000000000e+00 0.000000000000000000e+00 0.000000000000000000e+00 0.000000000000000000e+00
3.078346863824682478e-01 0.000000000000000000e+00 4.131108581143797531e-01 4.341622811338594623e-01 0.000000000000000000e+00 0.000000000000000000e+00 3.691355254145736731e-01 4.210843161900297282e-01 3.674318710888609951e-01 0.000000000000000000e+00 2.585829809903755216e-01 4.323503966666666920e-01 2.815454927192228007e-01 4.296039239130435838e-01 3.728205706423430299e-01 0.000000000000000000e+00 3.362258740666404511e-01 0.000000000000000000e+00 4.116054443584571954e-01 4.654169139476214689e-01 0.000000000000000000e+00 0.000000000000000000e+00 3.820759486162312868e-01 4.472857145773785348e-01 0.000000000000000000e+00 0.000000000000000000e+00 0.000000000000000000e+00 0.000000000000000000e+00 3.258796152701364246e-01 0.000000000000000000e+00 3.845572717391303463e-01 3.907316810935441698e-01 4.156443774882396247e-01 4.399301987232654421e-01 0.000000000000000000e+00 0.000000000000000000e+00 4.240637550426626934e-01 0.000000000000000000e+00 0.000000000000000000e+00 0.000000000000000000e+00 0.000000000000000000e+00 0.000000000000000000e+00 0.000000000000000000e+00 0.000000000000000000e+00 4.692974520454826215e-01 0.000000000000000000e+00 4.744960281690140391e-01 0.000000000000000000e+00 4.757705133505014672e-01 0.000000000000000000e+00 4.297418228874440027e-01 0.000000000000000000e+00 0.000000000000000000e+00 0.000000000000000000e+00 4.070385709520460416e-01 0.000000000000000000e+00 3.727619548233350177e-01 0.000000000000000000e+00 4.474073573321459829e-01 0.000000000000000000e+00 4.321507760354364458e-01 0.000000000000000000e+00 4.044636171091346433e-01 0.000000000000000000e+00 4.331732701646183736e-01 0.000000000000000000e+00 4.520365320638927709e-01 0.000000000000000000e+00 4.277151995905875137e-01 0.000000000000000000e+00 3.525292469239467152e-01 0.000000000000000000e+00 4.184054646089663265e-01 4.209113628903579096e-01 3.603134672619047740e-01 0.000000000000000000e+00 3.925915288397682223e-01 4.198271099999999478e-01 0.000000000000000000e+00 0.000000000000000000e+00 3.915279210298384660e-01 0.000000000000000000e+00 0.000000000000000000e+00 0.000000000000000000e+00 4.230423056621113176e-01 0.000000000000000000e+00 0.000000000000000000e+00 0.000000000000000000e+00 4.316268825338391846e-01 0.000000000000000000e+00 0.000000000000000000e+00 0.000000000000000000e+00 0.000000000000000000e+00 0.000000000000000000e+00 0.000000000000000000e+00 0.000000000000000000e+00 0.000000000000000000e+00 0.000000000000000000e+00 0.000000000000000000e+00 0.000000000000000000e+00 0.000000000000000000e+00 0.000000000000000000e+00 0.000000000000000000e+00 0.000000000000000000e+00 0.000000000000000000e+00 0.000000000000000000e+00 0.000000000000000000e+00 0.000000000000000000e+00 0.000000000000000000e+00 0.000000000000000000e+00 0.000000000000000000e+00 0.000000000000000000e+00 0.000000000000000000e+00 0.000000000000000000e+00 0.000000000000000000e+00 0.000000000000000000e+00
4.350126384092097842e-01 3.644126880124990420e-01 4.237456836342102795e-01 3.876558844584095942e-01 0.000000000000000000e+00 3.221872361676326180e-01 4.177937804217110584e-01 2.932129952490882263e-01 0.000000000000000000e+00 3.710373646394363178e-01 4.323503966666666920e-01 2.593557521633439999e-01 4.381627411764706381e-01 2.938315243079145378e-01 0.000000000000000000e+00 3.613970057163877203e-01 0.000000000000000000e+00 3.668539062185324218e-01 4.429237519661457512e-01 4.138747269829931574e-01 0.000000000000000000e+00 0.000000000000000000e+00 4.198122253018450323e-01 3.759564402272912997e-01 0.000000000000000000e+00 0.000000000000000000e+00 0.000000000000000000e+00 0.000000000000000000e+00 0.000000000000000000e+00 3.449461548691157287e-01 4.136519378066378372e-01 3.832562882290365125e-01 4.384850872224277940e-01 4.096407861440225506e-01 0.000000000000000000e+00 0.000000000000000000e+00 0.000000000000000000e+00 4.921311084502222877e-01 0.000000000000000000e+00 4.467781352380951754e-01 0.000000000000000000e+00 0.000000000000000000e+00 0.000000000000000000e+00 3.902869902912621813e-01 0.000000000000000000e+00 4.451470613116154662e-01 0.000000000000000000e+00 0.000000000000000000e+00 0.000000000000000000e+00 4.405161647783547019e-01 0.000000000000000000e+00 4.110529209373129378e-01 0.000000000000000000e+00 0.000000000000000000e+00 0.000000000000000000e+00 3.895920500000000231e-01 5.099845094339622298e-01 4.042676978364513896e-01 0.000000000000000000e+00 4.635247896514900212e-01 0.000000000000000000e+00 4.102085163604122786e-01 0.000000000000000000e+00 3.920542834788158237e-01 0.000000000000000000e+00 4.245613210637824153e-01 4.489457377049180242e-01 4.285090289802585550e-01 0.000000000000000000e+00 4.167513170731707572e-01 0.000000000000000000e+00 3.497280279361658084e-01 0.000000000000000000e+00 3.444108717867921943e-01 0.000000000000000000e+00 0.000000000000000000e+00 4.193781122448980159e-01 4.029015380925143330e-01 0.000000000000000000e+00 4.235787295081967496e-01 0.000000000000000000e+00 4.345357936350956463e-01 0.000000000000000000e+00 0.000000000000000000e+00 0.000000000000000000e+00 4.482472026499211837e-01 0.000000000000000000e+00 0.000000000000000000e+00 0.000000000000000000e+00 4.293571618191038830e-01 0.000000000000000000e+00 0.000000000000000000e+00 4.122717405405405544e-01 0.000000000000000000e+00 0.000000000000000000e+00 0.000000000000000000e+00 0.000000000000000000e+00 0.000000000000000000e+00 0.000000000000000000e+00 0.000000000000000000e+00 0.000000000000000000e+00 0.000000000000000000e+00 0.000000000000000000e+00 0.000000000000000000e+00 0.000000000000000000e+00 0.000000000000000000e+00 0.000000000000000000e+00 0.000000000000000000e+00 0.000000000000000000e+00 0.000000000000000000e+00 0.000000000000000000e+00 0.000000000000000000e+00 0.000000000000000000e+00 0.000000000000000000e+00 4.161548791946308445e-01 0.000000000000000000e+00
3.774113950981850540e-01 4.169690450450451169e-01 3.340658752674451892e-01 4.228860226960595714e-01 3.135348791944968516e-01 4.304496184210526155e-01 2.842618332391462221e-01 4.088245370838330950e-01 3.247841599389103551e-01 4.306281733384262900e-01 2.815454927192228007e-01 4.381627411764706381e-01 2.513875928351562150e-01 4.170646539148352705e-01 2.804984513381423850e-01 4.243968536585366880e-01 4.065083563910718012e-01 0.000000000000000000e+00 3.877011430191897312e-01 0.000000000000000000e+00 0.000000000000000000e+00 0.000000000000000000e+00 3.538152528444031275e-01 4.247262184191895606e-01 0.000000000000000000e+00 0.000000000000000000e+00 0.000000000000000000e+00 0.000000000000000000e+00 3.317842211333521529e-01 0.000000000000000000e+00 3.700934206349205668e-01 4.286230148572040544e-01 3.734939675432629169e-01 4.235067328330707204e-01 0.000000000000000000e+00 0.000000000000000000e+00 4.297067106977310313e-01 0.000000000000000000e+00 0.000000000000000000e+00 0.000000000000000000e+00 0.000000000000000000e+00 0.000000000000000000e+00 0.000000000000000000e+00 0.000000000000000000e+00 0.000000000000000000e+00 0.000000000000000000e+00 0.000000000000000000e+00 0.000000000000000000e+00 4.210836987656406127e-01 0.000000000000000000e+00 4.242815146461245135e-01 0.000000000000000000e+00 0.000000000000000000e+00 0.000000000000000000e+00 3.427862460317459559e-01 0.000000000000000000e+00 4.022474294989786259e-01 0.000000000000000000e+00 4.261512284471555279e-01 0.000000000000000000e+00 4.268122406672489877e-01 4.674657562500000307e-01 3.986550472631544273e-01 0.000000000000000000e+00 4.242048008378286883e-01 0.000000000000000000e+00 4.429717159899300705e-01 0.000000000000000000e+00 4.380465944968239822e-01 0.000000000000000000e+00 3.218682734503601761e-01 4.511594763352826387e-01 3.525328982075394135e-01 4.067099246136043345e-01 3.527773985581932337e-01 0.000000000000000000e+00 3.802134704656183750e-01 0.000000000000000000e+00 3.939970526315789145e-01 0.000000000000000000e+00 3.893335621558265403e-01 0.000000000000000000e+00 0.000000000000000000e+00 0.000000000000000000e+00 4.077594576627597833e-01 0.000000000000000000e+00 4.337298167562724238e-01 0.000000000000000000e+00 4.217389781538909976e-01 0.000000000000000000e+00 3.904291044776119213e-01 0.000000000000000000e+00 0.000000000000000000e+00 0.000000000000000000e+00 4.362705632183909721e-01 0.000000000000000000e+00 4.283873448275862250e-01 0.000000000000000000e+00 0.000000000000000000e+00 0.000000000000000000e+00 0.000000000000000000e+00 0.000000000000000000e+00 3.910660487804878405e-01 0.000000000000000000e+00 4.154905876288659816e-01 0.000000000000000000e+00 0.000000000000000000e+00 0.000000000000000000e+00 0.000000000000000000e+00 0.000000000000000000e+00 0.000000000000000000e+00 0.000000000000000000e+00 0.000000000000000000e+00 0.000000000000000000e+00 0.000000000000000000e+00 0.000000000000000000e+00
